OA,ts0380001,ts0380002,ts0380003,ts0380004,ts0380005,ts0380006,ts0380007,ts0380002_PCT,ts0380003_PCT,ts0380004_PCT,ts0380005_PCT,ts0380006_PCT,ts0380007_PCT
E00152200,277,48,16,32,229,30,199,17.328519855595665,5.776173285198556,11.552346570397113,82.67148014440433,10.830324909747292,71.84115523465704
E00152201,403,64,20,44,339,34,305,15.88089330024814,4.962779156327544,10.918114143920596,84.11910669975185,8.436724565756824,75.68238213399503
E00152202,256,40,15,25,216,27,189,15.625,5.859375,9.765625,84.375,10.546875,73.828125
E00152203,326,70,25,45,256,27,229,21.472392638036812,7.668711656441718,13.803680981595093,78.52760736196319,8.282208588957054,70.24539877300614
E00152204,255,47,20,27,208,24,184,18.43137254901961,7.8431372549019605,10.588235294117647,81.56862745098039,9.411764705882353,72.15686274509804
E00152205,318,27,12,15,291,24,267,8.49056603773585,3.7735849056603774,4.716981132075472,91.50943396226415,7.547169811320755,83.9622641509434
E00152206,253,45,12,33,208,14,194,17.786561264822133,4.743083003952568,13.043478260869565,82.21343873517787,5.533596837944664,76.6798418972332
E00152207,211,33,12,21,178,17,161,15.639810426540285,5.687203791469194,9.95260663507109,84.36018957345972,8.056872037914692,76.30331753554502
E00152208,316,57,30,27,259,26,233,18.037974683544302,9.49367088607595,8.544303797468354,81.9620253164557,8.227848101265822,73.73417721518987
E00152209,290,68,34,34,222,25,197,23.448275862068964,11.724137931034482,11.724137931034482,76.55172413793103,8.620689655172415,67.93103448275862
E00152210,234,45,14,31,189,12,177,19.230769230769234,5.982905982905983,13.247863247863249,80.76923076923077,5.128205128205128,75.64102564102564
E00152211,292,75,31,44,217,21,196,25.684931506849317,10.616438356164384,15.068493150684931,74.31506849315068,7.191780821917808,67.12328767123287
E00152212,268,38,17,21,230,25,205,14.17910447761194,6.343283582089552,7.835820895522389,85.82089552238806,9.328358208955224,76.49253731343283
E00152213,259,51,20,31,208,18,190,19.69111969111969,7.722007722007722,11.96911196911197,80.3088803088803,6.94980694980695,73.35907335907336
E00152214,124,18,5,13,106,14,92,14.516129032258066,4.032258064516129,10.483870967741936,85.48387096774194,11.29032258064516,74.19354838709677
E00152215,103,11,3,8,92,7,85,10.679611650485436,2.912621359223301,7.766990291262135,89.32038834951457,6.796116504854369,82.52427184466019
E00152216,235,62,19,43,173,25,148,26.382978723404253,8.085106382978724,18.29787234042553,73.61702127659574,10.638297872340425,62.97872340425532
E00152217,215,42,11,31,173,29,144,19.53488372093023,5.116279069767442,14.418604651162791,80.46511627906978,13.488372093023257,66.97674418604652
E00152218,232,49,18,31,183,21,162,21.120689655172413,7.758620689655173,13.36206896551724,78.87931034482759,9.051724137931034,69.82758620689656
E00152219,239,48,19,29,191,20,171,20.0836820083682,7.949790794979079,12.133891213389122,79.9163179916318,8.368200836820083,71.54811715481172
E00152220,122,22,10,12,100,6,94,18.0327868852459,8.19672131147541,9.836065573770492,81.9672131147541,4.918032786885246,77.04918032786885
E00152221,322,89,35,54,233,19,214,27.639751552795033,10.869565217391305,16.77018633540373,72.36024844720497,5.900621118012422,66.45962732919256
E00152222,272,40,15,25,232,20,212,14.705882352941178,5.514705882352941,9.191176470588236,85.29411764705883,7.352941176470589,77.94117647058823
E00152223,281,29,8,21,252,37,215,10.320284697508896,2.8469750889679712,7.473309608540925,89.6797153024911,13.167259786476867,76.51245551601423
E00152224,288,57,24,33,231,19,212,19.791666666666664,8.333333333333332,11.458333333333332,80.20833333333334,6.597222222222222,73.61111111111111
E00152225,291,55,23,32,236,19,217,18.900343642611684,7.903780068728522,10.996563573883162,81.09965635738831,6.529209621993128,74.5704467353952
E00152226,227,53,22,31,174,20,154,23.348017621145374,9.691629955947137,13.656387665198238,76.65198237885463,8.81057268722467,67.84140969162996
E00152227,305,58,21,37,247,32,215,19.01639344262295,6.885245901639345,12.131147540983607,80.98360655737706,10.491803278688524,70.49180327868852
E00152228,273,50,24,26,223,25,198,18.315018315018314,8.791208791208792,9.523809523809524,81.68498168498168,9.157509157509157,72.52747252747253
E00152229,262,30,9,21,232,17,215,11.450381679389313,3.435114503816794,8.015267175572518,88.54961832061069,6.488549618320611,82.06106870229007
E00152230,405,54,12,42,351,36,315,13.333333333333334,2.9629629629629632,10.37037037037037,86.66666666666667,8.88888888888889,77.77777777777779
E00152231,427,68,17,51,359,43,316,15.92505854800937,3.9812646370023423,11.943793911007026,84.07494145199064,10.070257611241217,74.00468384074942
E00152232,327,64,23,41,263,22,241,19.571865443425075,7.033639143730887,12.538226299694188,80.42813455657493,6.727828746177369,73.70030581039755
E00152233,244,26,14,12,218,15,203,10.655737704918032,5.737704918032787,4.918032786885246,89.34426229508196,6.147540983606557,83.19672131147541
E00152234,374,58,22,36,316,27,289,15.508021390374333,5.88235294117647,9.62566844919786,84.49197860962568,7.219251336898395,77.27272727272727
E00152235,300,31,7,24,269,26,243,10.333333333333334,2.3333333333333335,8,89.66666666666666,8.666666666666668,81
E00152236,188,29,10,19,159,11,148,15.425531914893616,5.319148936170213,10.106382978723403,84.57446808510637,5.851063829787234,78.72340425531915
E00152237,117,20,9,11,97,3,94,17.094017094017094,7.6923076923076925,9.401709401709402,82.90598290598291,2.564102564102564,80.34188034188034
E00152238,320,56,18,38,264,35,229,17.5,5.625,11.875,82.5,10.9375,71.5625
E00152239,290,58,25,33,232,21,211,20,8.620689655172415,11.379310344827587,80,7.241379310344828,72.75862068965517
E00152240,486,114,40,74,372,25,347,23.456790123456788,8.23045267489712,15.22633744855967,76.5432098765432,5.1440329218107,71.39917695473251
E00152241,320,37,13,24,283,34,249,11.5625,4.0625,7.5,88.4375,10.625,77.8125
E00152242,346,59,24,35,287,34,253,17.052023121387283,6.9364161849710975,10.115606936416185,82.94797687861272,9.826589595375722,73.121387283237
E00152243,439,76,37,39,363,40,323,17.312072892938495,8.428246013667426,8.88382687927107,82.6879271070615,9.111617312072893,73.57630979498862
E00152244,252,35,10,25,217,24,193,13.88888888888889,3.968253968253968,9.920634920634921,86.11111111111111,9.523809523809524,76.5873015873016
E00152245,220,23,9,14,197,18,179,10.454545454545453,4.090909090909091,6.363636363636363,89.54545454545455,8.181818181818182,81.36363636363636
E00152246,171,27,4,23,144,15,129,15.789473684210526,2.3391812865497075,13.450292397660817,84.21052631578947,8.771929824561402,75.43859649122807
E00152247,380,52,10,42,328,26,302,13.684210526315791,2.631578947368421,11.052631578947368,86.31578947368422,6.842105263157896,79.47368421052632
E00152248,313,47,21,26,266,18,248,15.015974440894569,6.7092651757188495,8.30670926517572,84.98402555910543,5.7507987220447285,79.2332268370607
E00152249,267,23,5,18,244,17,227,8.614232209737828,1.8726591760299627,6.741573033707865,91.38576779026218,6.367041198501873,85.0187265917603
E00152250,407,93,44,49,314,26,288,22.85012285012285,10.81081081081081,12.039312039312039,77.14987714987716,6.388206388206388,70.76167076167076
E00152251,309,66,22,44,243,31,212,21.35922330097087,7.119741100323624,14.239482200647249,78.64077669902912,10.032362459546926,68.6084142394822
E00152252,251,44,13,31,207,24,183,17.52988047808765,5.179282868525896,12.350597609561753,82.47011952191235,9.56175298804781,72.90836653386454
E00152253,242,33,9,24,209,23,186,13.636363636363635,3.71900826446281,9.917355371900827,86.36363636363636,9.50413223140496,76.85950413223141
E00152254,323,81,42,39,242,21,221,25.077399380804955,13.003095975232199,12.074303405572756,74.92260061919505,6.5015479876160995,68.42105263157895
E00152255,288,49,19,30,239,22,217,17.01388888888889,6.597222222222222,10.416666666666668,82.98611111111111,7.638888888888889,75.34722222222221
E00152256,288,50,17,33,238,20,218,17.36111111111111,5.902777777777778,11.458333333333332,82.63888888888889,6.944444444444445,75.69444444444444
E00152257,261,37,11,26,224,30,194,14.17624521072797,4.21455938697318,9.961685823754788,85.82375478927203,11.494252873563218,74.32950191570882
E00152258,293,52,19,33,241,24,217,17.747440273037544,6.484641638225256,11.262798634812286,82.25255972696246,8.19112627986348,74.06143344709898
E00152259,442,94,38,56,348,41,307,21.266968325791854,8.597285067873303,12.669683257918551,78.73303167420815,9.276018099547512,69.45701357466064
E00152260,250,32,15,17,218,21,197,12.8,6,6.800000000000001,87.2,8.4,78.8
E00152261,324,40,14,26,284,26,258,12.345679012345679,4.320987654320987,8.024691358024691,87.65432098765432,8.024691358024691,79.62962962962963
E00152262,309,43,15,28,266,35,231,13.915857605177994,4.854368932038835,9.06148867313916,86.08414239482201,11.326860841423949,74.75728155339806
E00152263,301,52,23,29,249,20,229,17.275747508305646,7.641196013289036,9.634551495016613,82.72425249169434,6.64451827242525,76.0797342192691
E00152264,248,53,26,27,195,22,173,21.370967741935484,10.483870967741936,10.887096774193548,78.62903225806451,8.870967741935484,69.75806451612904
E00152265,196,32,5,27,164,11,153,16.3265306122449,2.5510204081632653,13.77551020408163,83.6734693877551,5.612244897959184,78.06122448979592
E00152266,472,56,18,38,416,40,376,11.864406779661017,3.8135593220338984,8.050847457627118,88.13559322033898,8.47457627118644,79.66101694915254
E00152267,329,54,19,35,275,31,244,16.41337386018237,5.775075987841945,10.638297872340425,83.58662613981764,9.422492401215806,74.16413373860182
E00152268,318,52,18,34,266,34,232,16.352201257861633,5.660377358490567,10.69182389937107,83.64779874213836,10.69182389937107,72.95597484276729
E00152269,344,57,22,35,287,30,257,16.569767441860463,6.395348837209303,10.174418604651162,83.43023255813954,8.720930232558139,74.70930232558139
E00152270,449,75,26,49,374,42,332,16.70378619153675,5.79064587973274,10.913140311804009,83.29621380846325,9.35412026726058,73.94209354120267
E00152271,279,27,7,20,252,36,216,9.67741935483871,2.5089605734767026,7.168458781362006,90.32258064516128,12.903225806451612,77.41935483870968
E00152272,269,48,11,37,221,22,199,17.843866171003718,4.089219330855019,13.754646840148698,82.15613382899627,8.178438661710038,73.97769516728626
E00152273,278,44,13,31,234,37,197,15.827338129496402,4.676258992805756,11.151079136690647,84.17266187050359,13.309352517985612,70.86330935251799
E00152274,373,52,22,30,321,31,290,13.941018766756033,5.898123324396782,8.04289544235925,86.05898123324397,8.310991957104557,77.7479892761394
E00152275,292,44,16,28,248,19,229,15.068493150684931,5.47945205479452,9.58904109589041,84.93150684931507,6.506849315068493,78.42465753424658
E00152276,276,75,40,35,201,18,183,27.173913043478258,14.492753623188406,12.681159420289855,72.82608695652173,6.521739130434782,66.30434782608695
E00152277,291,50,17,33,241,29,212,17.18213058419244,5.841924398625429,11.34020618556701,82.81786941580756,9.965635738831615,72.85223367697594
E00152278,316,59,19,40,257,30,227,18.670886075949365,6.012658227848101,12.658227848101266,81.32911392405063,9.49367088607595,71.83544303797468
E00152279,367,50,21,29,317,37,280,13.623978201634879,5.722070844686648,7.901907356948229,86.37602179836512,10.08174386920981,76.29427792915531
E00152280,290,40,8,32,250,31,219,13.793103448275861,2.7586206896551726,11.03448275862069,86.20689655172413,10.689655172413794,75.51724137931033
E00152281,295,67,31,36,228,16,212,22.71186440677966,10.508474576271185,12.203389830508476,77.28813559322035,5.423728813559322,71.86440677966101
E00152282,221,36,17,19,185,16,169,16.289592760180994,7.6923076923076925,8.597285067873303,83.710407239819,7.239819004524888,76.47058823529412
E00152283,282,43,12,31,239,28,211,15.24822695035461,4.25531914893617,10.99290780141844,84.75177304964538,9.929078014184398,74.822695035461
E00152284,334,62,23,39,272,30,242,18.562874251497004,6.88622754491018,11.676646706586826,81.437125748502993,8.982035928143713,72.45508982035929
E00152285,465,68,35,33,397,34,363,14.623655913978496,7.526881720430108,7.096774193548387,85.3763440860215,7.311827956989248,78.06451612903226
E00152286,352,44,5,39,308,20,288,12.5,1.4204545454545454,11.079545454545455,87.5,5.681818181818182,81.81818181818183
E00152287,352,63,20,43,289,38,251,17.897727272727273,5.681818181818182,12.215909090909092,82.10227272727273,10.795454545454545,71.30681818181817
E00152288,353,51,23,28,302,25,277,14.44759206798867,6.515580736543909,7.932011331444759,85.55240793201133,7.0821529745042495,78.47025495750708
E00152289,271,39,14,25,232,24,208,14.391143911439114,5.166051660516605,9.22509225092251,85.60885608856088,8.856088560885608,76.75276752767527
E00152290,301,56,18,38,245,31,214,18.6046511627907,5.980066445182724,12.624584717607974,81.3953488372093,10.299003322259136,71.09634551495017
E00152291,386,72,33,39,314,36,278,18.65284974093264,8.549222797927461,10.103626943005182,81.34715025906736,9.32642487046632,72.02072538860104
E00152292,307,50,16,34,257,30,227,16.286644951140065,5.211726384364821,11.074918566775244,83.71335504885994,9.77198697068404,73.9413680781759
E00152293,290,50,22,28,240,24,216,17.24137931034483,7.586206896551724,9.655172413793103,82.75862068965517,8.275862068965518,74.48275862068967
E00152294,360,59,21,38,301,44,257,16.38888888888889,5.833333333333333,10.555555555555555,83.61111111111111,12.222222222222221,71.38888888888889
E00152295,261,45,16,29,216,31,185,17.24137931034483,6.130268199233716,11.11111111111111,82.75862068965517,11.877394636015326,70.88122605363985
E00152296,299,65,28,37,234,25,209,21.73913043478261,9.364548494983277,12.37458193979933,78.26086956521739,8.361204013377927,69.89966555183946
E00152297,354,63,21,42,291,26,265,17.796610169491526,5.932203389830509,11.864406779661017,82.20338983050848,7.344632768361582,74.85875706214689
E00152298,260,50,24,26,210,16,194,19.230769230769234,9.230769230769232,10,80.76923076923077,6.153846153846154,74.61538461538461
E00152299,282,53,30,23,229,22,207,18.79432624113475,10.638297872340425,8.156028368794328,81.20567375886525,7.801418439716312,73.40425531914893
E00152301,334,66,30,36,268,24,244,19.760479041916167,8.982035928143713,10.778443113772456,80.23952095808383,7.18562874251497,73.05389221556887
E00152302,383,123,75,48,260,34,226,32.114882506527415,19.5822454308094,12.532637075718014,67.88511749347258,8.87728459530026,59.00783289817232
E00152303,330,65,24,41,265,28,237,19.696969696969695,7.2727272727272725,12.424242424242424,80.3030303030303,8.484848484848486,71.81818181818181
E00152304,296,60,20,40,236,23,213,20.27027027027027,6.756756756756757,13.513513513513514,79.72972972972973,7.77027027027027,71.95945945945947
E00152305,347,71,29,42,276,27,249,20.461095100864554,8.357348703170029,12.103746397694524,79.53890489913545,7.780979827089338,71.75792507204612
E00152306,321,101,57,44,220,13,207,31.464174454828658,17.75700934579439,13.707165109034266,68.53582554517133,4.049844236760125,64.48598130841121
E00152307,316,72,30,42,244,20,224,22.78481012658228,9.49367088607595,13.291139240506327,77.21518987341773,6.329113924050633,70.88607594936708
E00152310,349,35,9,26,314,23,291,10.028653295128938,2.5787965616045847,7.4498567335243555,89.97134670487105,6.59025787965616,83.3810888252149
E00152311,258,22,2,20,236,20,216,8.527131782945736,0.7751937984496124,7.751937984496124,91.47286821705426,7.751937984496124,83.72093023255815
E00152312,277,45,18,27,232,20,212,16.24548736462094,6.4981949458483745,9.747292418772563,83.75451263537906,7.2202166064981945,76.53429602888086
E00152313,283,49,21,28,234,27,207,17.314487632508836,7.420494699646643,9.89399293286219,82.68551236749117,9.540636042402827,73.14487632508833
E00152314,320,52,18,34,268,33,235,16.25,5.625,10.625,83.75,10.3125,73.4375
E00152315,220,56,15,41,164,15,149,25.454545454545453,6.8181818181818175,18.636363636363637,74.54545454545455,6.8181818181818175,67.72727272727272
E00152316,284,77,35,42,207,18,189,27.11267605633803,12.323943661971832,14.788732394366196,72.88732394366197,6.338028169014084,66.54929577464789
E00152317,313,64,28,36,249,21,228,20.447284345047922,8.945686900958465,11.501597444089457,79.55271565495208,6.7092651757188495,72.84345047923323
E00152318,425,76,26,50,349,22,327,17.88235294117647,6.11764705882353,11.76470588235294,82.11764705882352,5.176470588235294,76.94117647058823
E00152319,351,46,22,24,305,27,278,13.105413105413104,6.267806267806268,6.837606837606838,86.8945868945869,7.6923076923076925,79.2022792022792
E00152320,323,54,19,35,269,24,245,16.718266253869967,5.88235294117647,10.8359133126935,83.28173374613003,7.430340557275541,75.85139318885449
E00152321,312,69,29,40,243,29,214,22.115384615384613,9.294871794871796,12.82051282051282,77.88461538461539,9.294871794871796,68.58974358974359
E00152322,268,47,16,31,221,25,196,17.537313432835823,5.970149253731343,11.567164179104477,82.46268656716418,9.328358208955224,73.13432835820896
E00152323,249,58,26,32,191,22,169,23.293172690763054,10.441767068273093,12.851405622489958,76.70682730923694,8.835341365461847,67.8714859437751
E00152324,115,21,6,15,94,7,87,18.26086956521739,5.217391304347826,13.043478260869565,81.73913043478261,6.086956521739131,75.65217391304347
E00152325,252,59,15,44,193,27,166,23.41269841269841,5.952380952380952,17.46031746031746,76.5873015873016,10.714285714285714,65.87301587301587
E00152327,318,73,36,37,245,41,204,22.955974842767297,11.320754716981133,11.635220125786164,77.04402515723271,12.89308176100629,64.15094339622641
E00152328,243,44,21,23,199,22,177,18.106995884773664,8.641975308641975,9.465020576131687,81.89300411522635,9.053497942386832,72.8395061728395
E00152330,255,50,13,37,205,26,179,19.607843137254903,5.098039215686274,14.50980392156863,80.3921568627451,10.196078431372548,70.19607843137254
E00152331,322,63,21,42,259,18,241,19.565217391304348,6.521739130434782,13.043478260869565,80.43478260869566,5.590062111801243,74.84472049689441
E00152332,228,57,26,31,171,16,155,25,11.403508771929824,13.596491228070176,75,7.017543859649122,67.98245614035088
E00152333,349,64,22,42,285,31,254,18.33810888252149,6.303724928366762,12.034383954154727,81.66189111747852,8.882521489971348,72.77936962750717
E00152334,310,62,40,22,248,19,229,20,12.903225806451612,7.096774193548387,80,6.129032258064516,73.87096774193549
E00152335,251,30,11,19,221,18,203,11.952191235059761,4.382470119521913,7.569721115537849,88.04780876494024,7.171314741035857,80.87649402390437
E00152336,270,37,11,26,233,29,204,13.703703703703704,4.074074074074074,9.62962962962963,86.29629629629629,10.74074074074074,75.55555555555556
E00152337,293,59,15,44,234,22,212,20.13651877133106,5.1194539249146755,15.017064846416384,79.86348122866895,7.508532423208192,72.35494880546075
E00152338,253,48,13,35,205,30,175,18.972332015810274,5.138339920948617,13.83399209486166,81.02766798418972,11.857707509881422,69.1699604743083
E00152339,299,42,15,27,257,32,225,14.046822742474916,5.016722408026756,9.03010033444816,85.95317725752508,10.702341137123746,75.25083612040135
E00152340,323,41,12,29,282,31,251,12.693498452012383,3.7151702786377707,8.978328173374612,87.30650154798761,9.597523219814242,77.70897832817337
E00152341,328,36,6,30,292,36,256,10.975609756097562,1.8292682926829267,9.146341463414634,89.02439024390245,10.975609756097562,78.04878048780488
E00152342,283,51,20,31,232,24,208,18.021201413427562,7.06713780918728,10.954063604240282,81.97879858657244,8.480565371024735,73.4982332155477
E00152343,286,56,21,35,230,26,204,19.58041958041958,7.3426573426573425,12.237762237762238,80.41958041958041,9.090909090909092,71.32867132867133
E00152344,230,85,45,40,145,9,136,36.95652173913043,19.565217391304348,17.391304347826086,63.04347826086957,3.91304347826087,59.130434782608695
E00152345,282,29,9,20,253,28,225,10.28368794326241,3.1914893617021276,7.092198581560284,89.71631205673759,9.929078014184398,79.7872340425532
E00152346,190,52,26,26,138,19,119,27.368421052631582,13.684210526315791,13.684210526315791,72.63157894736842,10,62.63157894736842
E00152347,313,53,17,36,260,29,231,16.93290734824281,5.431309904153355,11.501597444089457,83.06709265175719,9.26517571884984,73.80191693290735
E00152349,394,55,10,45,339,30,309,13.959390862944163,2.5380710659898478,11.421319796954315,86.04060913705584,7.614213197969544,78.42639593908629
E00152350,214,47,15,32,167,20,147,21.962616822429908,7.009345794392523,14.953271028037381,78.03738317757009,9.345794392523365,68.69158878504673
E00152351,406,47,13,34,359,30,329,11.576354679802956,3.201970443349754,8.374384236453201,88.42364532019704,7.389162561576355,81.03448275862068
E00152352,310,85,53,32,225,25,200,27.419354838709676,17.096774193548388,10.32258064516129,72.58064516129032,8.064516129032258,64.51612903225806
E00152353,265,47,22,25,218,26,192,17.735849056603772,8.30188679245283,9.433962264150944,82.26415094339623,9.811320754716983,72.45283018867924
E00152354,360,60,25,35,300,46,254,16.666666666666664,6.944444444444445,9.722222222222223,83.33333333333334,12.777777777777777,70.55555555555556
E00152355,244,43,9,34,201,25,176,17.62295081967213,3.6885245901639343,13.934426229508196,82.37704918032787,10.245901639344263,72.1311475409836
E00152356,259,63,25,38,196,17,179,24.324324324324326,9.652509652509652,14.671814671814673,75.67567567567568,6.563706563706563,69.1119691119691
E00152357,338,73,29,44,265,38,227,21.597633136094675,8.579881656804734,13.017751479289942,78.40236686390533,11.242603550295858,67.15976331360946
E00152358,214,37,15,22,177,22,155,17.289719626168225,7.009345794392523,10.2803738317757,82.71028037383178,10.2803738317757,72.42990654205607
E00152359,226,50,25,25,176,27,149,22.123893805309734,11.061946902654867,11.061946902654867,77.87610619469027,11.946902654867257,65.929203539823
E00152360,281,42,13,29,239,25,214,14.94661921708185,4.6263345195729535,10.320284697508896,85.05338078291815,8.896797153024911,76.15658362989323
E00152361,514,66,24,42,448,41,407,12.840466926070038,4.669260700389105,8.171206225680933,87.15953307392996,7.976653696498054,79.1828793774319
E00152362,213,49,10,39,164,16,148,23.004694835680752,4.694835680751173,18.30985915492958,76.99530516431925,7.511737089201878,69.48356807511738
E00152363,262,47,16,31,215,27,188,17.938931297709924,6.106870229007633,11.83206106870229,82.06106870229007,10.305343511450381,71.7557251908397
E00152364,278,49,14,35,229,33,196,17.62589928057554,5.0359712230215825,12.589928057553957,82.37410071942446,11.870503597122301,70.50359712230215
E00152365,299,51,15,36,248,24,224,17.05685618729097,5.016722408026756,12.040133779264215,82.94314381270902,8.02675585284281,74.91638795986621
E00152366,230,43,16,27,187,21,166,18.695652173913043,6.956521739130435,11.73913043478261,81.30434782608695,9.130434782608695,72.17391304347827
E00152367,284,41,15,26,243,24,219,14.43661971830986,5.28169014084507,9.15492957746479,85.56338028169014,8.450704225352112,77.11267605633803
E00152368,498,69,14,55,429,33,396,13.855421686746988,2.8112449799196786,11.04417670682731,86.14457831325302,6.626506024096386,79.51807228915662
E00152369,269,43,13,30,226,21,205,15.985130111524162,4.83271375464684,11.152416356877323,84.01486988847584,7.806691449814126,76.2081784386617
E00152370,258,41,13,28,217,26,191,15.891472868217054,5.038759689922481,10.852713178294573,84.10852713178295,10.077519379844961,74.03100775193798
E00152371,250,44,14,30,206,27,179,17.599999999999998,5.6000000000000005,12,82.39999999999999,10.8,71.6
E00152372,149,20,10,10,129,14,115,13.422818791946309,6.7114093959731544,6.7114093959731544,86.57718120805369,9.395973154362416,77.18120805369128
E00152373,435,59,18,41,376,40,336,13.563218390804598,4.137931034482759,9.425287356321839,86.4367816091954,9.195402298850574,77.24137931034483
E00152374,283,59,19,40,224,24,200,20.848056537102476,6.713780918727916,14.13427561837456,79.15194346289752,8.480565371024735,70.6713780918728
E00152375,332,56,18,38,276,49,227,16.867469879518072,5.421686746987952,11.44578313253012,83.13253012048193,14.759036144578314,68.37349397590361
E00152376,324,67,29,38,257,19,238,20.679012345679013,8.950617283950617,11.728395061728394,79.32098765432099,5.864197530864197,73.4567901234568
E00152377,316,78,40,38,238,29,209,24.68354430379747,12.658227848101266,12.025316455696203,75.31645569620254,9.177215189873419,66.13924050632912
E00152378,219,67,27,40,152,13,139,30.59360730593607,12.32876712328767,18.2648401826484,69.40639269406392,5.93607305936073,63.4703196347032
E00152379,209,69,35,34,140,15,125,33.014354066985646,16.74641148325359,16.267942583732058,66.98564593301435,7.177033492822966,59.80861244019139
E00152380,354,95,57,38,259,30,229,26.836158192090398,16.101694915254235,10.734463276836157,73.1638418079096,8.47457627118644,64.68926553672316
E00152381,180,28,8,20,152,16,136,15.555555555555555,4.444444444444445,11.11111111111111,84.44444444444444,8.88888888888889,75.55555555555556
E00152382,267,46,20,26,221,23,198,17.228464419475657,7.490636704119851,9.737827715355806,82.77153558052434,8.614232209737828,74.15730337078652
E00152383,319,48,19,29,271,27,244,15.047021943573668,5.956112852664576,9.090909090909092,84.95297805642633,8.463949843260188,76.48902821316614
E00152384,269,47,17,30,222,18,204,17.472118959107807,6.319702602230483,11.152416356877323,82.5278810408922,6.691449814126393,75.8364312267658
E00152385,286,33,8,25,253,27,226,11.538461538461538,2.797202797202797,8.741258741258742,88.46153846153845,9.44055944055944,79.02097902097903
E00152386,306,45,12,33,261,25,236,14.705882352941178,3.9215686274509802,10.784313725490197,85.29411764705883,8.169934640522875,77.12418300653596
E00152387,272,43,18,25,229,37,192,15.808823529411764,6.61764705882353,9.191176470588236,84.19117647058823,13.602941176470587,70.58823529411765
E00152388,272,52,23,29,220,26,194,19.11764705882353,8.455882352941178,10.661764705882353,80.88235294117648,9.558823529411764,71.32352941176471
E00152389,369,61,24,37,308,30,278,16.53116531165312,6.504065040650407,10.02710027100271,83.46883468834689,8.130081300813007,75.33875338753387
E00152390,499,68,26,42,431,40,391,13.627254509018035,5.210420841683367,8.41683366733467,86.37274549098196,8.016032064128256,78.3567134268537
E00152391,306,41,17,24,265,40,225,13.398692810457517,5.555555555555555,7.8431372549019605,86.60130718954248,13.071895424836603,73.52941176470588
E00152392,359,60,21,39,299,28,271,16.71309192200557,5.8495821727019495,10.86350974930362,83.28690807799443,7.7994428969359335,75.4874651810585
E00152393,345,48,18,30,297,27,270,13.91304347826087,5.217391304347826,8.695652173913043,86.08695652173914,7.82608695652174,78.26086956521739
E00152394,115,17,4,13,98,7,91,14.782608695652174,3.4782608695652173,11.304347826086957,85.21739130434783,6.086956521739131,79.13043478260869
E00152395,280,40,19,21,240,15,225,14.285714285714285,6.785714285714286,7.5,85.71428571428571,5.357142857142857,80.35714285714286
E00152396,337,57,15,42,280,34,246,16.913946587537094,4.451038575667656,12.462908011869436,83.08605341246292,10.089020771513352,72.99703264094956
E00152397,282,48,13,35,234,18,216,17.02127659574468,4.609929078014184,12.411347517730496,82.97872340425532,6.382978723404255,76.59574468085107
E00152398,210,26,9,17,184,21,163,12.380952380952381,4.285714285714286,8.095238095238095,87.61904761904762,10,77.61904761904762
E00152399,236,37,10,27,199,19,180,15.677966101694915,4.23728813559322,11.440677966101696,84.32203389830508,8.050847457627118,76.27118644067797
E00152400,405,50,18,32,355,27,328,12.345679012345679,4.444444444444445,7.901234567901234,87.65432098765432,6.666666666666667,80.98765432098766
E00152401,349,43,8,35,306,28,278,12.320916905444127,2.292263610315186,10.028653295128938,87.67908309455588,8.022922636103152,79.65616045845272
E00152402,185,31,11,20,154,19,135,16.756756756756758,5.9459459459459465,10.81081081081081,83.24324324324324,10.27027027027027,72.97297297297297
E00152403,369,63,23,40,306,31,275,17.073170731707318,6.233062330623306,10.840108401084011,82.92682926829268,8.401084010840108,74.52574525745257
E00152404,337,105,67,38,232,23,209,31.15727002967359,19.881305637982198,11.275964391691394,68.84272997032642,6.824925816023739,62.01780415430267
E00152405,204,21,8,13,183,13,170,10.294117647058822,3.9215686274509802,6.372549019607843,89.70588235294117,6.372549019607843,83.33333333333334
E00152406,258,46,6,40,212,19,193,17.829457364341085,2.3255813953488373,15.503875968992247,82.17054263565892,7.3643410852713185,74.8062015503876
E00152407,276,35,9,26,241,27,214,12.681159420289855,3.260869565217391,9.420289855072465,87.31884057971014,9.782608695652174,77.53623188405797
E00152408,413,92,35,57,321,35,286,22.27602905569007,8.47457627118644,13.801452784503631,77.72397094430993,8.47457627118644,69.24939467312349
E00152409,173,44,28,16,129,14,115,25.43352601156069,16.184971098265898,9.248554913294797,74.56647398843931,8.092485549132949,66.47398843930635
E00152410,212,27,11,16,185,20,165,12.735849056603774,5.188679245283019,7.547169811320755,87.26415094339622,9.433962264150944,77.83018867924528
E00152411,284,63,24,39,221,27,194,22.183098591549296,8.450704225352112,13.732394366197184,77.8169014084507,9.507042253521126,68.30985915492957
E00152412,342,51,24,27,291,34,257,14.912280701754385,7.017543859649122,7.894736842105263,85.08771929824562,9.941520467836257,75.14619883040936
E00152413,313,40,12,28,273,34,239,12.779552715654951,3.8338658146964857,8.945686900958465,87.22044728434504,10.86261980830671,76.35782747603834
E00152414,289,58,25,33,231,43,188,20.069204152249135,8.650519031141869,11.418685121107266,79.93079584775087,14.878892733564014,65.05190311418684
E00152415,211,38,20,18,173,16,157,18.009478672985782,9.47867298578199,8.530805687203792,81.99052132701422,7.5829383886255926,74.40758293838863
E00152416,196,30,7,23,166,19,147,15.306122448979592,3.571428571428571,11.73469387755102,84.6938775510204,9.693877551020408,75
E00152417,289,38,13,25,251,27,224,13.148788927335639,4.498269896193772,8.650519031141869,86.85121107266436,9.342560553633218,77.50865051903114
E00152419,250,25,5,20,225,14,211,10,2,8,90,5.6000000000000005,84.39999999999999
E00152420,348,46,11,35,302,33,269,13.218390804597702,3.1609195402298855,10.057471264367816,86.7816091954023,9.482758620689655,77.29885057471265
E00152421,263,50,15,35,213,14,199,19.011406844106464,5.7034220532319395,13.307984790874524,80.98859315589354,5.323193916349809,75.66539923954373
E00152422,299,73,27,46,226,21,205,24.414715719063544,9.03010033444816,15.384615384615385,75.58528428093646,7.023411371237458,68.56187290969899
E00152423,228,34,11,23,194,12,182,14.912280701754385,4.824561403508771,10.087719298245613,85.08771929824562,5.263157894736842,79.82456140350878
E00152424,213,32,8,24,181,26,155,15.023474178403756,3.755868544600939,11.267605633802818,84.97652582159625,12.206572769953052,72.76995305164318
E00152425,296,38,8,30,258,34,224,12.837837837837837,2.7027027027027026,10.135135135135135,87.16216216216216,11.486486486486488,75.67567567567568
E00152426,212,32,9,23,180,18,162,15.09433962264151,4.245283018867925,10.849056603773585,84.90566037735849,8.49056603773585,76.41509433962264
E00152427,320,81,32,49,239,16,223,25.3125,10,15.312500000000002,74.6875,5,69.6875
E00152428,263,39,13,26,224,22,202,14.82889733840304,4.942965779467681,9.885931558935361,85.17110266159695,8.365019011406844,76.80608365019012
E00152429,319,65,23,42,254,26,228,20.37617554858934,7.210031347962382,13.166144200626958,79.62382445141067,8.150470219435736,71.47335423197492
E00152430,280,38,15,23,242,26,216,13.571428571428571,5.357142857142857,8.214285714285714,86.42857142857143,9.285714285714286,77.14285714285715
E00152431,300,43,10,33,257,24,233,14.333333333333334,3.3333333333333335,11,85.66666666666667,8,77.66666666666666
E00152432,182,22,7,15,160,20,140,12.087912087912088,3.8461538461538463,8.241758241758241,87.91208791208791,10.989010989010989,76.92307692307693
E00152433,184,23,8,15,161,8,153,12.5,4.3478260869565215,8.152173913043478,87.5,4.3478260869565215,83.15217391304348
E00152434,381,49,19,30,332,38,294,12.860892388451445,4.986876640419948,7.874015748031496,87.13910761154857,9.973753280839896,77.16535433070865
E00152435,255,44,19,25,211,13,198,17.254901960784313,7.450980392156863,9.803921568627452,82.74509803921568,5.098039215686274,77.64705882352942
E00152436,321,44,15,29,277,22,255,13.707165109034266,4.672897196261682,9.034267912772584,86.29283489096574,6.853582554517133,79.43925233644859
E00152437,410,60,21,39,350,28,322,14.634146341463413,5.121951219512195,9.512195121951219,85.36585365853658,6.829268292682928,78.53658536585367
E00152438,133,9,5,4,124,12,112,6.7669172932330826,3.7593984962406015,3.007518796992481,93.23308270676691,9.022556390977442,84.21052631578947
E00152439,389,66,28,38,323,22,301,16.966580976863753,7.197943444730077,9.768637532133676,83.03341902313625,5.655526992287918,77.37789203084833
E00152440,579,118,49,69,461,38,423,20.379965457685664,8.46286701208981,11.917098445595855,79.62003454231433,6.563039723661486,73.05699481865285
E00152441,313,62,29,33,251,21,230,19.808306709265175,9.26517571884984,10.543130990415335,80.19169329073482,6.7092651757188495,73.48242811501598
E00152442,272,64,23,41,208,34,174,23.52941176470588,8.455882352941178,15.073529411764705,76.47058823529412,12.5,63.970588235294116
E00152443,493,70,19,51,423,34,389,14.198782961460447,3.8539553752535496,10.344827586206897,85.80121703853956,6.896551724137931,78.90466531440163
E00152444,253,36,14,22,217,29,188,14.229249011857709,5.533596837944664,8.695652173913043,85.7707509881423,11.462450592885375,74.30830039525692
E00152445,235,61,29,32,174,19,155,25.957446808510635,12.340425531914894,13.617021276595745,74.04255319148936,8.085106382978724,65.95744680851064
E00152446,283,52,26,26,231,23,208,18.374558303886925,9.187279151943462,9.187279151943462,81.62544169611307,8.12720848056537,73.4982332155477
E00152447,319,56,25,31,263,16,247,17.55485893416928,7.836990595611286,9.717868338557993,82.44514106583071,5.015673981191222,77.4294670846395
E00152448,335,68,30,38,267,25,242,20.298507462686565,8.955223880597014,11.343283582089553,79.70149253731343,7.462686567164178,72.23880597014926
E00152449,454,102,60,42,352,50,302,22.46696035242291,13.215859030837004,9.251101321585903,77.5330396475771,11.013215859030836,66.51982378854625
E00152450,247,59,23,36,188,14,174,23.88663967611336,9.31174089068826,14.5748987854251,76.11336032388664,5.668016194331984,70.44534412955466
E00152451,245,52,21,31,193,18,175,21.224489795918366,8.571428571428571,12.653061224489795,78.77551020408163,7.346938775510205,71.42857142857143
E00152452,286,80,30,50,206,20,186,27.972027972027973,10.48951048951049,17.482517482517483,72.02797202797203,6.993006993006993,65.03496503496503
E00152453,235,53,25,28,182,24,158,22.5531914893617,10.638297872340425,11.914893617021278,77.4468085106383,10.212765957446807,67.23404255319149
E00152454,287,46,7,39,241,31,210,16.02787456445993,2.4390243902439024,13.588850174216027,83.97212543554006,10.801393728222997,73.17073170731707
E00152455,310,63,19,44,247,28,219,20.32258064516129,6.129032258064516,14.193548387096774,79.6774193548387,9.032258064516128,70.64516129032258
E00152456,270,53,19,34,217,15,202,19.62962962962963,7.037037037037037,12.592592592592592,80.37037037037037,5.555555555555555,74.81481481481481
E00152457,338,110,69,41,228,31,197,32.544378698224854,20.414201183431953,12.1301775147929,67.45562130177515,9.171597633136095,58.28402366863905
E00152458,408,68,28,40,340,20,320,16.666666666666664,6.862745098039216,9.803921568627452,83.33333333333334,4.901960784313726,78.43137254901961
E00152460,422,72,28,44,350,32,318,17.061611374407583,6.6350710900473935,10.42654028436019,82.93838862559242,7.5829383886255926,75.35545023696683
E00152461,287,48,22,26,239,23,216,16.72473867595819,7.665505226480835,9.059233449477352,83.27526132404182,8.013937282229964,75.26132404181185
E00152462,313,51,22,29,262,23,239,16.293929712460063,7.0287539936102235,9.26517571884984,83.70607028753993,7.348242811501597,76.35782747603834
E00152463,306,70,20,50,236,24,212,22.875816993464053,6.535947712418301,16.33986928104575,77.12418300653596,7.8431372549019605,69.28104575163398
E00152464,286,61,16,45,225,15,210,21.328671328671327,5.594405594405594,15.734265734265735,78.67132867132867,5.244755244755245,73.42657342657343
E00152465,294,60,24,36,234,18,216,20.408163265306122,8.16326530612245,12.244897959183673,79.59183673469387,6.122448979591836,73.46938775510205
E00152466,318,59,23,36,259,28,231,18.553459119496853,7.232704402515723,11.320754716981133,81.44654088050315,8.80503144654088,72.64150943396226
E00152467,329,56,13,43,273,33,240,17.02127659574468,3.951367781155015,13.069908814589665,82.97872340425532,10.030395136778116,72.94832826747721
E00152468,334,98,53,45,236,17,219,29.34131736526946,15.868263473053892,13.47305389221557,70.65868263473054,5.089820359281437,65.5688622754491
E00152469,325,55,20,35,270,30,240,16.923076923076923,6.153846153846154,10.76923076923077,83.07692307692308,9.230769230769232,73.84615384615385
E00152470,321,68,23,45,253,31,222,21.18380062305296,7.165109034267912,14.018691588785046,78.81619937694704,9.657320872274143,69.1588785046729
E00152471,365,83,29,54,282,32,250,22.73972602739726,7.9452054794520555,14.794520547945206,77.26027397260275,8.767123287671232,68.4931506849315
E00152472,269,58,22,36,211,24,187,21.561338289962826,8.178438661710038,13.382899628252787,78.43866171003717,8.921933085501859,69.51672862453532
E00152473,244,43,14,29,201,22,179,17.62295081967213,5.737704918032787,11.885245901639344,82.37704918032787,9.01639344262295,73.36065573770492
E00152474,140,37,16,21,103,11,92,26.42857142857143,11.428571428571429,15,73.57142857142858,7.857142857142857,65.71428571428571
E00152475,448,63,19,44,385,35,350,14.0625,4.241071428571429,9.821428571428571,85.9375,7.8125,78.125
E00152476,273,79,34,45,194,22,172,28.93772893772894,12.454212454212454,16.483516483516482,71.06227106227107,8.058608058608058,63.003663003663
E00152477,293,99,66,33,194,22,172,33.78839590443686,22.525597269624573,11.262798634812286,66.21160409556313,7.508532423208192,58.703071672354945
E00152478,362,90,22,68,272,29,243,24.861878453038674,6.077348066298343,18.784530386740332,75.13812154696133,8.011049723756907,67.12707182320442
E00152479,255,26,6,20,229,25,204,10.196078431372548,2.3529411764705883,7.8431372549019605,89.80392156862746,9.803921568627452,80
E00152480,329,58,25,33,271,30,241,17.62917933130699,7.598784194528875,10.030395136778116,82.37082066869301,9.118541033434651,73.25227963525836
E00152481,243,72,23,49,171,21,150,29.629629629629626,9.465020576131687,20.16460905349794,70.37037037037037,8.641975308641975,61.72839506172839
E00152482,283,57,28,29,226,19,207,20.141342756183743,9.89399293286219,10.247349823321555,79.85865724381625,6.713780918727916,73.14487632508833
E00152483,270,38,12,26,232,24,208,14.074074074074074,4.444444444444445,9.62962962962963,85.92592592592592,8.88888888888889,77.03703703703704
E00152484,274,31,10,21,243,30,213,11.313868613138686,3.64963503649635,7.664233576642336,88.6861313868613,10.948905109489052,77.73722627737226
E00152485,300,42,14,28,258,25,233,14.000000000000002,4.666666666666667,9.333333333333334,86,8.333333333333332,77.66666666666666
E00152486,184,18,3,15,166,16,150,9.782608695652174,1.6304347826086956,8.152173913043478,90.21739130434783,8.695652173913043,81.52173913043478
E00152487,308,45,16,29,263,29,234,14.61038961038961,5.194805194805195,9.415584415584416,85.3896103896104,9.415584415584416,75.97402597402598
E00152488,235,47,21,26,188,20,168,20,8.936170212765958,11.063829787234042,80,8.51063829787234,71.48936170212767
E00152489,347,59,21,38,288,39,249,17.002881844380404,6.051873198847262,10.951008645533141,82.9971181556196,11.239193083573488,71.75792507204612
E00152490,273,52,20,32,221,22,199,19.047619047619047,7.326007326007327,11.72161172161172,80.95238095238095,8.058608058608058,72.89377289377289
E00152491,306,39,7,32,267,18,249,12.745098039215685,2.287581699346405,10.457516339869281,87.25490196078431,5.88235294117647,81.37254901960785
E00152492,297,55,25,30,242,30,212,18.51851851851852,8.417508417508419,10.1010101010101,81.48148148148148,10.1010101010101,71.38047138047138
E00152493,490,92,43,49,398,25,373,18.775510204081634,8.775510204081632,10,81.22448979591836,5.1020408163265305,76.12244897959184
E00152494,318,52,17,35,266,21,245,16.352201257861633,5.345911949685535,11.0062893081761,83.64779874213836,6.60377358490566,77.04402515723271
E00152495,364,74,27,47,290,34,256,20.32967032967033,7.417582417582418,12.912087912087914,79.67032967032966,9.340659340659341,70.32967032967034
E00169908,320,42,15,27,278,36,242,13.125,4.6875,8.4375,86.875,11.25,75.625
E00169909,543,69,22,47,474,39,435,12.70718232044199,4.051565377532229,8.655616942909761,87.29281767955801,7.18232044198895,80.11049723756905
E00169910,519,73,33,40,446,33,413,14.065510597302506,6.358381502890173,7.7071290944123305,85.9344894026975,6.358381502890173,79.57610789980733
E00169911,430,48,9,39,382,23,359,11.162790697674419,2.0930232558139537,9.069767441860465,88.83720930232558,5.348837209302325,83.48837209302326
E00169912,406,35,7,28,371,15,356,8.620689655172415,1.7241379310344827,6.896551724137931,91.37931034482759,3.6945812807881775,87.68472906403942
E00169913,229,43,15,28,186,15,171,18.777292576419214,6.550218340611353,12.22707423580786,81.22270742358079,6.550218340611353,74.67248908296943
E00169914,331,40,17,23,291,21,270,12.084592145015106,5.13595166163142,6.948640483383686,87.91540785498489,6.3444108761329305,81.57099697885197
E00169915,301,37,13,24,264,27,237,12.29235880398671,4.318936877076411,7.973421926910299,87.70764119601328,8.970099667774086,78.7375415282392
E00169916,223,35,16,19,188,21,167,15.695067264573993,7.174887892376682,8.520179372197308,84.30493273542601,9.417040358744394,74.88789237668162
E00169917,182,27,7,20,155,13,142,14.835164835164836,3.8461538461538463,10.989010989010989,85.16483516483517,7.142857142857142,78.02197802197803
E00169919,241,34,9,25,207,12,195,14.107883817427386,3.7344398340248963,10.37344398340249,85.89211618257261,4.979253112033195,80.91286307053942
E00169920,276,20,4,16,256,23,233,7.246376811594203,1.4492753623188406,5.797101449275362,92.7536231884058,8.333333333333332,84.42028985507247
E00169922,261,48,20,28,213,22,191,18.39080459770115,7.662835249042145,10.727969348659004,81.60919540229885,8.42911877394636,73.18007662835248
E00169923,253,35,8,27,218,19,199,13.83399209486166,3.1620553359683794,10.67193675889328,86.16600790513834,7.5098814229249005,78.65612648221344
E00169924,245,12,3,9,233,21,212,4.8979591836734695,1.2244897959183674,3.6734693877551026,95.10204081632652,8.571428571428571,86.53061224489797
E00169925,116,22,6,16,94,10,84,18.96551724137931,5.172413793103448,13.793103448275861,81.03448275862068,8.620689655172415,72.41379310344827
E00183319,553,56,8,48,497,34,463,10.126582278481013,1.4466546112115732,8.679927667269439,89.87341772151899,6.148282097649186,83.7251356238698
E00183348,391,43,12,31,348,35,313,10.997442455242968,3.0690537084398977,7.928388746803069,89.00255754475704,8.951406649616368,80.05115089514067
E00183399,529,129,59,70,400,31,369,24.38563327032136,11.153119092627598,13.23251417769376,75.61436672967864,5.8601134215500945,69.75425330812854
E00183410,422,57,21,36,365,50,315,13.507109004739338,4.976303317535545,8.530805687203792,86.49289099526067,11.848341232227488,74.64454976303317
E00183418,270,22,13,9,248,26,222,8.148148148148149,4.814814814814815,3.3333333333333335,91.85185185185185,9.62962962962963,82.22222222222221
