OA,ts0380001,ts0380002,ts0380003,ts0380004,ts0380005,ts0380006,ts0380007,ts0380002_PCT,ts0380003_PCT,ts0380004_PCT,ts0380005_PCT,ts0380006_PCT,ts0380007_PCT
E00100359,349,48,14,34,301,31,270,13.753581661891118,4.011461318051576,9.742120343839542,86.24641833810888,8.882521489971348,77.36389684813754
E00100360,313,42,16,26,271,33,238,13.418530351437699,5.111821086261981,8.30670926517572,86.5814696485623,10.543130990415335,76.03833865814697
E00100361,365,62,25,37,303,31,272,16.986301369863014,6.8493150684931505,10.136986301369863,83.01369863013699,8.493150684931507,74.52054794520548
E00100362,412,61,24,37,351,29,322,14.805825242718445,5.825242718446602,8.980582524271846,85.19417475728154,7.038834951456311,78.15533980582524
E00100363,281,34,15,19,247,39,208,12.099644128113878,5.338078291814947,6.761565836298933,87.90035587188612,13.87900355871886,74.02135231316726
E00100364,267,37,18,19,230,28,202,13.857677902621724,6.741573033707865,7.116104868913857,86.14232209737828,10.486891385767791,75.65543071161048
E00100365,287,38,14,24,249,23,226,13.240418118466899,4.878048780487805,8.362369337979095,86.7595818815331,8.013937282229964,78.74564459930313
E00100367,445,52,12,40,393,40,353,11.685393258426966,2.696629213483146,8.98876404494382,88.31460674157303,8.98876404494382,79.32584269662921
E00100368,229,26,6,20,203,19,184,11.353711790393014,2.6200873362445414,8.73362445414847,88.64628820960698,8.296943231441048,80.34934497816593
E00100369,233,43,19,24,190,22,168,18.4549356223176,8.15450643776824,10.300429184549357,81.54506437768241,9.44206008583691,72.1030042918455
E00100370,337,61,19,42,276,34,242,18.100890207715135,5.637982195845697,12.462908011869436,81.89910979228486,10.089020771513352,71.81008902077151
E00100371,329,66,32,34,263,33,230,20.060790273556233,9.72644376899696,10.33434650455927,79.93920972644378,10.030395136778116,69.90881458966565
E00100372,208,35,19,16,173,16,157,16.826923076923077,9.134615384615383,7.6923076923076925,83.17307692307693,7.6923076923076925,75.48076923076923
E00100373,331,72,21,51,259,35,224,21.75226586102719,6.3444108761329305,15.407854984894259,78.24773413897282,10.574018126888216,67.6737160120846
E00100374,322,73,44,29,249,32,217,22.67080745341615,13.664596273291925,9.006211180124224,77.32919254658384,9.937888198757763,67.3913043478261
E00100377,427,61,25,36,366,48,318,14.285714285714285,5.85480093676815,8.430913348946136,85.71428571428571,11.241217798594848,74.47306791569088
E00100378,361,67,30,37,294,31,263,18.559556786703602,8.310249307479225,10.249307479224377,81.4404432132964,8.587257617728532,72.85318559556787
E00100379,410,93,42,51,317,32,285,22.682926829268293,10.24390243902439,12.439024390243903,77.3170731707317,7.804878048780488,69.51219512195121
E00100380,324,74,25,49,250,26,224,22.839506172839506,7.716049382716049,15.123456790123457,77.1604938271605,8.024691358024691,69.1358024691358
E00100381,378,69,19,50,309,26,283,18.253968253968253,5.026455026455026,13.227513227513226,81.74603174603175,6.878306878306878,74.86772486772487
E00100382,320,49,21,28,271,22,249,15.312500000000002,6.5625,8.75,84.6875,6.875000000000001,77.8125
E00100383,332,97,40,57,235,16,219,29.21686746987952,12.048192771084338,17.16867469879518,70.78313253012048,4.819277108433735,65.96385542168674
E00100385,277,78,38,40,199,24,175,28.158844765342963,13.718411552346572,14.440433212996389,71.84115523465704,8.664259927797833,63.1768953068592
E00100386,334,47,17,30,287,29,258,14.071856287425149,5.089820359281437,8.982035928143713,85.92814371257485,8.682634730538922,77.24550898203593
E00100387,304,65,25,40,239,22,217,21.38157894736842,8.223684210526317,13.157894736842104,78.61842105263158,7.236842105263158,71.38157894736842
E00100388,290,54,23,31,236,30,206,18.620689655172416,7.931034482758621,10.689655172413794,81.37931034482759,10.344827586206897,71.03448275862068
E00100389,359,87,51,36,272,29,243,24.233983286908078,14.206128133704734,10.027855153203342,75.76601671309191,8.07799442896936,67.68802228412257
E00100390,452,68,24,44,384,37,347,15.04424778761062,5.3097345132743365,9.734513274336283,84.95575221238938,8.185840707964601,76.76991150442478
E00100391,183,63,30,33,120,19,101,34.42622950819672,16.39344262295082,18.0327868852459,65.57377049180327,10.382513661202186,55.19125683060109
E00100392,321,60,30,30,261,21,240,18.69158878504673,9.345794392523365,9.345794392523365,81.30841121495327,6.5420560747663545,74.76635514018692
E00100393,283,67,22,45,216,24,192,23.674911660777383,7.773851590106007,15.901060070671377,76.32508833922262,8.480565371024735,67.84452296819788
E00100394,306,82,42,40,224,18,206,26.797385620915033,13.725490196078432,13.071895424836603,73.20261437908496,5.88235294117647,67.3202614379085
E00100396,529,44,13,31,485,49,436,8.31758034026465,2.4574669187145557,5.8601134215500945,91.68241965973534,9.262759924385634,82.41965973534971
E00100397,337,32,10,22,305,33,272,9.495548961424333,2.967359050445104,6.528189910979229,90.50445103857567,9.792284866468842,80.71216617210682
E00100398,288,51,15,36,237,30,207,17.708333333333336,5.208333333333334,12.5,82.29166666666666,10.416666666666668,71.875
E00100399,258,46,18,28,212,21,191,17.829457364341085,6.976744186046512,10.852713178294573,82.17054263565892,8.13953488372093,74.03100775193798
E00100400,375,58,20,38,317,38,279,15.466666666666667,5.333333333333334,10.133333333333333,84.53333333333333,10.133333333333333,74.4
E00100401,296,65,22,43,231,31,200,21.95945945945946,7.4324324324324325,14.527027027027026,78.04054054054053,10.472972972972974,67.56756756756756
E00100402,403,90,49,41,313,42,271,22.332506203473944,12.158808933002481,10.173697270471465,77.66749379652606,10.421836228287841,67.24565756823822
E00100403,312,51,15,36,261,31,230,16.346153846153847,4.807692307692308,11.538461538461538,83.65384615384616,9.935897435897436,73.71794871794873
E00100405,489,64,26,38,425,42,383,13.0879345603272,5.316973415132924,7.770961145194274,86.9120654396728,8.588957055214724,78.32310838445807
E00100406,304,59,21,38,245,25,220,19.407894736842106,6.907894736842106,12.5,80.5921052631579,8.223684210526317,72.36842105263158
E00100408,195,46,16,30,149,17,132,23.589743589743588,8.205128205128204,15.384615384615385,76.41025641025641,8.717948717948717,67.6923076923077
E00100410,282,55,20,35,227,29,198,19.50354609929078,7.092198581560284,12.411347517730496,80.49645390070921,10.28368794326241,70.2127659574468
E00100411,248,64,26,38,184,12,172,25.806451612903224,10.483870967741936,15.32258064516129,74.19354838709677,4.838709677419355,69.35483870967742
E00100412,375,84,33,51,291,19,272,22.400000000000002,8.799999999999999,13.600000000000001,77.60000000000001,5.066666666666666,72.53333333333333
E00100413,340,73,29,44,267,14,253,21.470588235294116,8.529411764705882,12.941176470588237,78.52941176470588,4.117647058823529,74.41176470588235
E00100414,339,62,19,43,277,30,247,18.289085545722713,5.604719764011799,12.684365781710916,81.71091445427729,8.849557522123893,72.86135693215338
E00100415,418,74,32,42,344,36,308,17.703349282296653,7.655502392344498,10.047846889952153,82.29665071770334,8.61244019138756,73.68421052631578
E00100416,308,85,38,47,223,20,203,27.5974025974026,12.337662337662337,15.259740259740258,72.40259740259741,6.493506493506493,65.9090909090909
E00100417,292,79,45,34,213,16,197,27.054794520547947,15.41095890410959,11.643835616438356,72.94520547945206,5.47945205479452,67.46575342465754
E00100418,389,94,57,37,295,32,263,24.164524421593832,14.652956298200515,9.511568123393316,75.83547557840618,8.226221079691516,67.60925449871465
E00100419,252,55,26,29,197,18,179,21.825396825396826,10.317460317460316,11.507936507936508,78.17460317460318,7.142857142857142,71.03174603174604
E00100420,316,79,47,32,237,24,213,25,14.873417721518987,10.126582278481013,75,7.59493670886076,67.40506329113924
E00100421,283,75,29,46,208,24,184,26.501766784452297,10.247349823321555,16.25441696113074,73.4982332155477,8.480565371024735,65.01766784452296
E00100422,253,45,11,34,208,15,193,17.786561264822133,4.3478260869565215,13.438735177865613,82.21343873517787,5.928853754940711,76.28458498023716
E00100423,304,53,19,34,251,26,225,17.434210526315788,6.25,11.18421052631579,82.56578947368422,8.552631578947368,74.01315789473685
E00100424,307,39,13,26,268,19,249,12.703583061889251,4.234527687296417,8.469055374592834,87.29641693811075,6.188925081433225,81.10749185667753
E00100425,318,54,23,31,264,18,246,16.9811320754717,7.232704402515723,9.748427672955975,83.01886792452831,5.660377358490567,77.35849056603774
E00100426,331,61,24,37,270,27,243,18.429003021148034,7.250755287009064,11.178247734138973,81.57099697885197,8.157099697885197,73.41389728096676
E00100427,282,83,40,43,199,14,185,29.432624113475175,14.184397163120568,15.24822695035461,70.56737588652481,4.964539007092199,65.60283687943263
E00100428,249,42,13,29,207,20,187,16.867469879518072,5.220883534136546,11.646586345381527,83.13253012048193,8.032128514056225,75.1004016064257
E00100429,387,73,26,47,314,31,283,18.863049095607234,6.718346253229974,12.144702842377262,81.13695090439276,8.010335917312661,73.1266149870801
E00100430,330,49,16,33,281,28,253,14.84848484848485,4.848484848484849,10,85.15151515151516,8.484848484848486,76.66666666666667
E00100431,335,43,13,30,292,27,265,12.835820895522387,3.880597014925373,8.955223880597014,87.16417910447761,8.059701492537313,79.1044776119403
E00100432,327,60,19,41,267,31,236,18.34862385321101,5.81039755351682,12.538226299694188,81.65137614678899,9.480122324159021,72.17125382262996
E00100434,184,23,8,15,161,14,147,12.5,4.3478260869565215,8.152173913043478,87.5,7.608695652173914,79.8913043478261
E00100435,524,67,24,43,457,44,413,12.786259541984732,4.580152671755725,8.206106870229007,87.21374045801527,8.396946564885496,78.81679389312977
E00100436,270,32,9,23,238,24,214,11.851851851851853,3.3333333333333335,8.518518518518519,88.14814814814815,8.88888888888889,79.25925925925927
E00100437,285,49,19,30,236,18,218,17.192982456140353,6.666666666666667,10.526315789473683,82.80701754385966,6.315789473684211,76.49122807017544
E00100438,308,36,9,27,272,26,246,11.688311688311687,2.922077922077922,8.766233766233766,88.31168831168831,8.441558441558442,79.87012987012987
E00100439,247,68,29,39,179,14,165,27.530364372469634,11.740890688259109,15.789473684210526,72.46963562753037,5.668016194331984,66.80161943319838
E00100442,258,28,8,20,230,23,207,10.852713178294573,3.10077519379845,7.751937984496124,89.14728682170544,8.914728682170542,80.23255813953489
E00100443,276,55,19,36,221,22,199,19.92753623188406,6.884057971014493,13.043478260869565,80.07246376811594,7.971014492753622,72.10144927536231
E00100444,308,48,10,38,260,16,244,15.584415584415584,3.2467532467532463,12.337662337662337,84.4155844155844,5.194805194805195,79.22077922077922
E00100445,396,77,30,47,319,22,297,19.444444444444446,7.575757575757576,11.868686868686869,80.55555555555556,5.555555555555555,75
E00100446,590,94,42,52,496,46,450,15.932203389830507,7.118644067796611,8.813559322033898,84.06779661016948,7.796610169491526,76.27118644067797
E00100447,302,65,29,36,237,17,220,21.52317880794702,9.602649006622517,11.920529801324504,78.47682119205298,5.629139072847682,72.84768211920529
E00100448,351,65,25,40,286,20,266,18.51851851851852,7.122507122507122,11.396011396011396,81.48148148148148,5.698005698005698,75.78347578347578
E00100449,379,49,20,29,330,25,305,12.928759894459102,5.277044854881266,7.651715039577836,87.0712401055409,6.596306068601583,80.47493403693932
E00100451,353,78,39,39,275,25,250,22.096317280453256,11.048158640226628,11.048158640226628,77.90368271954674,7.0821529745042495,70.82152974504248
E00100452,284,67,24,43,217,26,191,23.591549295774648,8.450704225352112,15.140845070422534,76.40845070422534,9.15492957746479,67.25352112676056
E00100453,434,105,41,64,329,39,290,24.193548387096776,9.44700460829493,14.746543778801843,75.80645161290323,8.986175115207374,66.82027649769586
E00100454,516,75,26,49,441,45,396,14.534883720930234,5.038759689922481,9.496124031007753,85.46511627906976,8.720930232558139,76.74418604651163
E00100455,290,65,27,38,225,21,204,22.413793103448278,9.310344827586208,13.10344827586207,77.58620689655173,7.241379310344828,70.34482758620689
E00100456,278,67,32,35,211,13,198,24.100719424460433,11.510791366906476,12.589928057553957,75.89928057553958,4.676258992805756,71.22302158273382
E00100457,421,95,37,58,326,32,294,22.565320665083135,8.788598574821853,13.77672209026128,77.43467933491686,7.600950118764846,69.83372921615202
E00100458,374,81,35,46,293,21,272,21.65775401069519,9.358288770053475,12.299465240641712,78.34224598930481,5.614973262032086,72.72727272727273
E00100459,310,49,17,32,261,28,233,15.806451612903224,5.483870967741936,10.32258064516129,84.19354838709677,9.032258064516128,75.16129032258064
E00100460,246,26,6,20,220,18,202,10.569105691056912,2.4390243902439024,8.130081300813007,89.43089430894308,7.317073170731707,82.11382113821138
E00100461,400,64,28,36,336,26,310,16,7.000000000000001,9,84,6.5,77.5
E00100462,281,52,13,39,229,23,206,18.505338078291814,4.6263345195729535,13.87900355871886,81.49466192170819,8.185053380782918,73.30960854092527
E00100463,364,42,13,29,322,27,295,11.538461538461538,3.571428571428571,7.967032967032966,88.46153846153845,7.417582417582418,81.04395604395604
E00100464,260,38,11,27,222,26,196,14.615384615384617,4.230769230769231,10.384615384615385,85.38461538461539,10,75.38461538461539
E00100465,354,49,22,27,305,29,276,13.841807909604519,6.214689265536723,7.627118644067797,86.15819209039547,8.192090395480225,77.96610169491525
E00100467,272,36,9,27,236,22,214,13.23529411764706,3.308823529411765,9.926470588235293,86.76470588235294,8.088235294117647,78.67647058823529
E00100468,268,33,11,22,235,27,208,12.313432835820896,4.104477611940299,8.208955223880597,87.68656716417911,10.074626865671641,77.61194029850746
E00100469,237,55,26,29,182,24,158,23.20675105485232,10.970464135021098,12.236286919831224,76.79324894514767,10.126582278481013,66.66666666666666
E00100470,293,63,16,47,230,22,208,21.501706484641637,5.460750853242321,16.040955631399317,78.49829351535837,7.508532423208192,70.98976109215018
E00100471,306,37,13,24,269,35,234,12.091503267973856,4.248366013071895,7.8431372549019605,87.90849673202614,11.437908496732026,76.47058823529412
E00100472,246,69,30,39,177,24,153,28.04878048780488,12.195121951219512,15.853658536585366,71.95121951219512,9.75609756097561,62.19512195121951
E00100473,314,42,18,24,272,22,250,13.375796178343949,5.7324840764331215,7.643312101910828,86.62420382165605,7.006369426751593,79.61783439490446
E00100474,421,63,26,37,358,31,327,14.964370546318289,6.175771971496437,8.788598574821853,85.03562945368171,7.363420427553444,77.67220902612827
E00100475,327,53,16,37,274,24,250,16.207951070336392,4.892966360856269,11.314984709480122,83.79204892966361,7.339449541284404,76.45259938837921
E00100476,313,34,10,24,279,25,254,10.86261980830671,3.1948881789137378,7.667731629392971,89.1373801916933,7.987220447284344,81.15015974440894
E00100477,314,44,17,27,270,21,249,14.012738853503185,5.414012738853503,8.598726114649681,85.98726114649682,6.687898089171974,79.29936305732484
E00100478,459,71,31,40,388,30,358,15.468409586056644,6.753812636165578,8.714596949891067,84.53159041394336,6.535947712418301,77.99564270152506
E00100479,283,58,19,39,225,27,198,20.49469964664311,6.713780918727916,13.780918727915195,79.50530035335689,9.540636042402827,69.96466431095406
E00100480,415,72,30,42,343,35,308,17.349397590361445,7.228915662650602,10.120481927710843,82.65060240963855,8.433734939759036,74.21686746987952
E00100481,286,46,19,27,240,28,212,16.083916083916083,6.643356643356643,9.44055944055944,83.91608391608392,9.79020979020979,74.12587412587412
E00100482,308,73,24,49,235,28,207,23.7012987012987,7.792207792207792,15.909090909090908,76.2987012987013,9.090909090909092,67.20779220779221
E00100483,361,64,24,40,297,33,264,17.72853185595568,6.64819944598338,11.080332409972298,82.27146814404432,9.141274238227147,73.13019390581718
E00100484,352,58,21,37,294,29,265,16.477272727272727,5.965909090909091,10.511363636363637,83.52272727272727,8.238636363636363,75.2840909090909
E00100485,295,25,8,17,270,29,241,8.47457627118644,2.711864406779661,5.762711864406779,91.52542372881356,9.830508474576272,81.69491525423729
E00100486,303,35,8,27,268,23,245,11.55115511551155,2.6402640264026402,8.91089108910891,88.44884488448845,7.590759075907591,80.85808580858085
E00100487,263,58,19,39,205,19,186,22.0532319391635,7.224334600760455,14.82889733840304,77.9467680608365,7.224334600760455,70.72243346007605
E00100488,261,62,30,32,199,16,183,23.754789272030653,11.494252873563218,12.260536398467432,76.24521072796935,6.130268199233716,70.11494252873564
E00100489,268,62,21,41,206,14,192,23.134328358208954,7.835820895522389,15.298507462686567,76.86567164179104,5.223880597014925,71.64179104477611
E00100490,250,52,23,29,198,15,183,20.8,9.2,11.600000000000001,79.2,6,73.2
E00100491,290,66,33,33,224,19,205,22.758620689655174,11.379310344827587,11.379310344827587,77.24137931034483,6.551724137931035,70.6896551724138
E00100492,374,76,38,38,298,22,276,20.32085561497326,10.16042780748663,10.16042780748663,79.67914438502673,5.88235294117647,73.79679144385027
E00100493,281,57,29,28,224,16,208,20.284697508896798,10.320284697508896,9.9644128113879,79.7153024911032,5.6939501779359425,74.02135231316726
E00100494,402,100,53,47,302,21,281,24.875621890547265,13.184079601990051,11.691542288557214,75.12437810945273,5.223880597014925,69.90049751243781
E00100495,261,85,38,47,176,16,160,32.56704980842912,14.559386973180077,18.007662835249043,67.43295019157088,6.130268199233716,61.30268199233716
E00100496,318,80,34,46,238,17,221,25.157232704402517,10.69182389937107,14.465408805031446,74.84276729559748,5.345911949685535,69.49685534591194
E00100497,282,48,22,26,234,33,201,17.02127659574468,7.801418439716312,9.219858156028367,82.97872340425532,11.702127659574469,71.27659574468085
E00100498,246,54,23,31,192,13,179,21.951219512195124,9.34959349593496,12.601626016260163,78.04878048780488,5.284552845528456,72.76422764227642
E00100499,320,67,19,48,253,16,237,20.9375,5.9375,15,79.0625,5,74.0625
E00100500,302,61,28,33,241,21,220,20.198675496688743,9.271523178807946,10.927152317880795,79.80132450331125,6.95364238410596,72.84768211920529
E00100501,376,77,30,47,299,19,280,20.47872340425532,7.9787234042553195,12.5,79.52127659574468,5.053191489361701,74.46808510638297
E00100502,315,100,57,43,215,24,191,31.746031746031743,18.095238095238095,13.65079365079365,68.25396825396825,7.6190476190476195,60.63492063492063
E00100503,293,68,24,44,225,15,210,23.208191126279864,8.19112627986348,15.017064846416384,76.79180887372013,5.1194539249146755,71.67235494880546
E00100504,350,80,32,48,270,29,241,22.857142857142858,9.142857142857142,13.714285714285715,77.14285714285715,8.285714285714285,68.85714285714286
E00100505,363,54,16,38,309,30,279,14.87603305785124,4.40771349862259,10.46831955922865,85.12396694214877,8.264462809917356,76.85950413223141
E00100506,300,74,38,36,226,19,207,24.666666666666668,12.666666666666668,12,75.33333333333333,6.333333333333334,69
E00100507,329,87,35,52,242,32,210,26.443768996960486,10.638297872340425,15.80547112462006,73.55623100303951,9.72644376899696,63.829787234042556
E00100508,325,71,34,37,254,16,238,21.846153846153847,10.461538461538462,11.384615384615385,78.15384615384615,4.923076923076923,73.23076923076923
E00100509,440,98,35,63,342,37,305,22.272727272727273,7.954545454545454,14.318181818181818,77.72727272727272,8.409090909090908,69.31818181818183
E00100510,400,80,34,46,320,23,297,20,8.5,11.5,80,5.75,74.25
E00100511,291,69,27,42,222,27,195,23.711340206185564,9.278350515463918,14.432989690721648,76.28865979381443,9.278350515463918,67.0103092783505
E00100512,325,92,42,50,233,20,213,28.307692307692307,12.923076923076923,15.384615384615385,71.6923076923077,6.153846153846154,65.53846153846153
E00100513,278,59,19,40,219,20,199,21.223021582733814,6.83453237410072,14.388489208633093,78.77697841726618,7.1942446043165464,71.58273381294964
E00100514,292,58,19,39,234,17,217,19.863013698630137,6.506849315068493,13.356164383561644,80.13698630136986,5.821917808219178,74.31506849315068
E00100515,285,66,29,37,219,25,194,23.157894736842106,10.175438596491228,12.982456140350877,76.84210526315789,8.771929824561402,68.0701754385965
E00100516,397,65,21,44,332,28,304,16.3727959697733,5.289672544080604,11.083123425692696,83.6272040302267,7.052896725440807,76.57430730478589
E00100517,238,72,39,33,166,12,154,30.252100840336134,16.386554621848738,13.865546218487395,69.74789915966386,5.042016806722689,64.70588235294117
E00100518,429,86,51,35,343,16,327,20.04662004662005,11.888111888111888,8.158508158508159,79.95337995337995,3.7296037296037294,76.22377622377621
E00100519,302,85,44,41,217,17,200,28.14569536423841,14.56953642384106,13.57615894039735,71.8543046357616,5.629139072847682,66.22516556291392
E00100520,300,73,34,39,227,14,213,24.333333333333336,11.333333333333332,13,75.66666666666667,4.666666666666667,71
E00100521,291,67,27,40,224,14,210,23.02405498281787,9.278350515463918,13.745704467353953,76.97594501718214,4.810996563573884,72.16494845360825
E00100522,287,30,8,22,257,28,229,10.452961672473867,2.7874564459930316,7.665505226480835,89.54703832752612,9.75609756097561,79.79094076655052
E00100523,306,33,5,28,273,31,242,10.784313725490197,1.6339869281045754,9.15032679738562,89.2156862745098,10.130718954248366,79.08496732026144
E00100524,309,41,12,29,268,29,239,13.268608414239482,3.8834951456310676,9.385113268608414,86.73139158576052,9.385113268608414,77.34627831715211
E00100525,319,51,23,28,268,24,244,15.987460815047022,7.210031347962382,8.77742946708464,84.01253918495298,7.523510971786834,76.48902821316614
E00100526,437,148,46,102,289,34,255,33.86727688787185,10.526315789473683,23.340961098398168,66.13272311212815,7.780320366132723,58.35240274599543
E00100527,241,24,6,18,217,6,211,9.95850622406639,2.4896265560165975,7.468879668049793,90.04149377593362,2.4896265560165975,87.55186721991701
E00100528,234,34,14,20,200,22,178,14.529914529914532,5.982905982905983,8.547008547008547,85.47008547008546,9.401709401709402,76.06837606837607
E00100529,133,23,10,13,110,15,95,17.293233082706767,7.518796992481203,9.774436090225564,82.70676691729322,11.278195488721805,71.42857142857143
E00100530,488,103,62,41,385,37,348,21.10655737704918,12.704918032786885,8.401639344262295,78.89344262295081,7.581967213114754,71.31147540983606
E00100531,348,55,17,38,293,35,258,15.804597701149426,4.885057471264368,10.919540229885058,84.19540229885058,10.057471264367816,74.13793103448276
E00100532,227,18,3,15,209,13,196,7.929515418502203,1.3215859030837005,6.607929515418502,92.07048458149781,5.726872246696035,86.34361233480176
E00100533,275,50,12,38,225,25,200,18.181818181818183,4.363636363636364,13.818181818181818,81.81818181818183,9.090909090909092,72.72727272727273
E00100534,617,144,78,66,473,38,435,23.3387358184765,12.641815235008103,10.696920583468396,76.6612641815235,6.158833063209076,70.50243111831442
E00100535,472,70,35,35,402,38,364,14.83050847457627,7.415254237288135,7.415254237288135,85.16949152542372,8.050847457627118,77.11864406779661
E00100537,436,71,20,51,365,31,334,16.28440366972477,4.587155963302752,11.697247706422019,83.71559633027523,7.110091743119266,76.60550458715596
E00100538,272,44,16,28,228,10,218,16.176470588235293,5.88235294117647,10.294117647058822,83.82352941176471,3.6764705882352944,80.14705882352942
E00100539,258,30,9,21,228,25,203,11.627906976744185,3.488372093023256,8.13953488372093,88.37209302325581,9.689922480620156,78.68217054263566
E00100540,263,37,6,31,226,28,198,14.068441064638785,2.2813688212927756,11.787072243346007,85.93155893536122,10.646387832699618,75.2851711026616
E00100541,341,49,15,34,292,34,258,14.369501466275661,4.398826979472141,9.970674486803519,85.63049853372434,9.970674486803519,75.65982404692082
E00100542,660,59,12,47,601,55,546,8.93939393939394,1.8181818181818181,7.121212121212121,91.06060606060606,8.333333333333332,82.72727272727273
E00100543,272,33,11,22,239,28,211,12.132352941176471,4.044117647058823,8.088235294117647,87.86764705882352,10.294117647058822,77.57352941176471
E00100544,328,50,15,35,278,27,251,15.24390243902439,4.573170731707317,10.670731707317072,84.7560975609756,8.231707317073171,76.52439024390245
E00100545,271,62,26,36,209,17,192,22.878228782287824,9.59409594095941,13.284132841328415,77.12177121771218,6.273062730627306,70.84870848708486
E00100546,258,55,31,24,203,23,180,21.31782945736434,12.015503875968992,9.30232558139535,78.68217054263566,8.914728682170542,69.76744186046511
E00100547,123,17,7,10,106,8,98,13.821138211382115,5.691056910569105,8.130081300813007,86.1788617886179,6.504065040650407,79.67479674796748
E00100548,224,45,23,22,179,16,163,20.089285714285715,10.267857142857142,9.821428571428571,79.91071428571429,7.142857142857142,72.76785714285714
E00100549,224,72,38,34,152,20,132,32.142857142857146,16.964285714285715,15.178571428571427,67.85714285714286,8.928571428571429,58.92857142857143
E00100550,439,107,71,36,332,31,301,24.373576309794988,16.173120728929387,8.200455580865604,75.62642369020502,7.061503416856492,68.56492027334852
E00100551,352,84,40,44,268,27,241,23.863636363636363,11.363636363636363,12.5,76.13636363636364,7.670454545454546,68.4659090909091
E00100552,464,63,20,43,401,33,368,13.577586206896552,4.310344827586207,9.267241379310345,86.42241379310344,7.112068965517242,79.3103448275862
E00100553,479,79,32,47,400,40,360,16.49269311064718,6.6805845511482245,9.812108559498958,83.50730688935282,8.350730688935283,75.15657620041753
E00100554,241,40,17,23,201,21,180,16.59751037344398,7.053941908713693,9.54356846473029,83.40248962655602,8.71369294605809,74.68879668049793
E00100555,368,65,22,43,303,27,276,17.66304347826087,5.978260869565218,11.684782608695652,82.33695652173914,7.336956521739131,75
E00100556,388,96,40,56,292,20,272,24.742268041237114,10.309278350515463,14.432989690721648,75.25773195876289,5.154639175257731,70.10309278350515
E00100557,113,31,9,22,82,9,73,27.43362831858407,7.964601769911504,19.469026548672566,72.56637168141593,7.964601769911504,64.60176991150442
E00100558,287,48,13,35,239,35,204,16.72473867595819,4.529616724738676,12.195121951219512,83.27526132404182,12.195121951219512,71.0801393728223
E00100559,242,53,21,32,189,18,171,21.90082644628099,8.677685950413224,13.223140495867769,78.099173553719,7.43801652892562,70.66115702479338
E00100560,332,47,10,37,285,30,255,14.156626506024098,3.0120481927710845,11.144578313253012,85.8433734939759,9.036144578313253,76.80722891566265
E00100561,266,40,17,23,226,24,202,15.037593984962406,6.390977443609022,8.646616541353383,84.9624060150376,9.022556390977442,75.93984962406014
E00100562,261,41,19,22,220,26,194,15.708812260536398,7.2796934865900385,8.42911877394636,84.2911877394636,9.961685823754788,74.32950191570882
E00100563,273,50,18,32,223,18,205,18.315018315018314,6.593406593406594,11.72161172161172,81.68498168498168,6.593406593406594,75.0915750915751
E00100564,348,54,20,34,294,30,264,15.517241379310345,5.747126436781609,9.770114942528735,84.48275862068965,8.620689655172415,75.86206896551724
E00100565,335,58,29,29,277,19,258,17.313432835820898,8.656716417910449,8.656716417910449,82.68656716417911,5.6716417910447765,77.01492537313432
E00100566,305,39,15,24,266,27,239,12.786885245901638,4.918032786885246,7.868852459016394,87.21311475409837,8.852459016393443,78.36065573770492
E00100567,335,54,27,27,281,21,260,16.119402985074625,8.059701492537313,8.059701492537313,83.88059701492537,6.26865671641791,77.61194029850746
E00100568,247,50,19,31,197,18,179,20.242914979757085,7.6923076923076925,12.550607287449392,79.75708502024291,7.28744939271255,72.46963562753037
E00100569,285,35,18,17,250,11,239,12.280701754385964,6.315789473684211,5.964912280701754,87.71929824561403,3.8596491228070176,83.85964912280703
E00100570,292,42,15,27,250,24,226,14.383561643835616,5.136986301369863,9.246575342465754,85.61643835616438,8.21917808219178,77.3972602739726
E00100571,265,41,16,25,224,15,209,15.471698113207546,6.037735849056604,9.433962264150944,84.52830188679246,5.660377358490567,78.8679245283019
E00100572,306,35,13,22,271,18,253,11.437908496732026,4.248366013071895,7.18954248366013,88.56209150326796,5.88235294117647,82.6797385620915
E00100573,349,55,22,33,294,26,268,15.759312320916905,6.303724928366762,9.455587392550143,84.2406876790831,7.4498567335243555,76.79083094555874
E00100574,222,45,21,24,177,18,159,20.27027027027027,9.45945945945946,10.81081081081081,79.72972972972973,8.108108108108109,71.62162162162163
E00100576,299,44,10,34,255,29,226,14.715719063545151,3.3444816053511706,11.37123745819398,85.28428093645485,9.698996655518394,75.58528428093646
E00100578,346,69,32,37,277,22,255,19.942196531791907,9.248554913294797,10.69364161849711,80.05780346820809,6.358381502890173,73.69942196531792
E00100579,281,39,10,29,242,25,217,13.87900355871886,3.558718861209965,10.320284697508896,86.12099644128114,8.896797153024911,77.22419928825623
E00100580,302,64,25,39,238,19,219,21.192052980132452,8.27814569536424,12.91390728476821,78.80794701986756,6.291390728476822,72.51655629139073
E00100581,363,72,26,46,291,22,269,19.834710743801654,7.162534435261708,12.672176308539946,80.16528925619835,6.0606060606060606,74.10468319559229
E00100582,271,70,35,35,201,16,185,25.830258302583026,12.915129151291513,12.915129151291513,74.16974169741697,5.904059040590406,68.26568265682657
E00100583,349,77,26,51,272,17,255,22.063037249283667,7.4498567335243555,14.613180515759314,77.93696275071633,4.871060171919771,73.06590257879655
E00100585,316,150,87,63,166,14,152,47.46835443037975,27.531645569620256,19.936708860759495,52.53164556962025,4.430379746835443,48.10126582278481
E00100586,277,76,36,40,201,14,187,27.436823104693143,12.996389891696749,14.440433212996389,72.56317689530685,5.054151624548736,67.50902527075813
E00100587,368,83,34,49,285,24,261,22.554347826086957,9.239130434782608,13.31521739130435,77.44565217391305,6.521739130434782,70.92391304347827
E00100588,328,79,38,41,249,17,232,24.085365853658537,11.585365853658537,12.5,75.91463414634147,5.182926829268292,70.73170731707317
E00100589,291,76,38,38,215,24,191,26.11683848797251,13.058419243986256,13.058419243986256,73.8831615120275,8.24742268041237,65.63573883161511
E00100590,254,55,27,28,199,17,182,21.653543307086615,10.62992125984252,11.023622047244094,78.34645669291339,6.692913385826772,71.65354330708661
E00100591,328,62,25,37,266,30,236,18.902439024390244,7.621951219512195,11.28048780487805,81.09756097560977,9.146341463414634,71.95121951219512
E00100592,409,87,39,48,322,34,288,21.271393643031786,9.5354523227383865,11.7359413202934,78.72860635696821,8.312958435207824,70.4156479217604
E00100593,298,83,45,38,215,12,203,27.85234899328859,15.100671140939598,12.751677852348994,72.14765100671141,4.026845637583892,68.12080536912751
E00100594,252,50,20,30,202,15,187,19.841269841269842,7.936507936507936,11.904761904761903,80.15873015873017,5.952380952380952,74.20634920634922
E00100595,319,70,29,41,249,30,219,21.9435736677116,9.090909090909092,12.852664576802509,78.0564263322884,9.404388714733543,68.65203761755487
E00100596,227,81,39,42,146,17,129,35.68281938325991,17.180616740088105,18.502202643171806,64.31718061674009,7.488986784140969,56.82819383259912
E00100597,223,69,31,38,154,13,141,30.94170403587444,13.901345291479823,17.040358744394617,69.05829596412556,5.829596412556054,63.22869955156951
E00100598,364,48,17,31,316,24,292,13.186813186813188,4.670329670329671,8.516483516483516,86.81318681318682,6.593406593406594,80.21978021978022
E00100600,271,46,23,23,225,30,195,16.974169741697416,8.487084870848708,8.487084870848708,83.02583025830258,11.07011070110701,71.95571955719558
E00100601,306,47,19,28,259,32,227,15.359477124183007,6.209150326797386,9.15032679738562,84.640522875817,10.457516339869281,74.18300653594771
E00100602,296,62,26,36,234,29,205,20.945945945945947,8.783783783783784,12.162162162162163,79.05405405405406,9.797297297297296,69.25675675675676
E00100603,295,51,21,30,244,13,231,17.28813559322034,7.118644067796611,10.16949152542373,82.71186440677965,4.406779661016949,78.30508474576271
E00100604,315,27,7,20,288,31,257,8.571428571428571,2.2222222222222223,6.349206349206349,91.42857142857143,9.841269841269842,81.58730158730158
E00100605,364,56,23,33,308,29,279,15.384615384615385,6.318681318681318,9.065934065934066,84.61538461538461,7.967032967032966,76.64835164835165
E00100606,523,52,16,36,471,49,422,9.94263862332696,3.0592734225621414,6.8833652007648185,90.05736137667304,9.369024856596559,80.68833652007649
E00100608,274,48,14,34,226,26,200,17.51824817518248,5.109489051094891,12.408759124087592,82.48175182481752,9.48905109489051,72.99270072992701
E00100609,261,47,20,27,214,21,193,18.007662835249043,7.662835249042145,10.344827586206897,81.99233716475096,8.045977011494253,73.9463601532567
E00100610,292,54,19,35,238,20,218,18.493150684931507,6.506849315068493,11.986301369863012,81.5068493150685,6.8493150684931505,74.65753424657534
E00100611,282,44,14,30,238,23,215,15.602836879432624,4.964539007092199,10.638297872340425,84.39716312056737,8.156028368794328,76.24113475177306
E00100612,339,63,26,37,276,26,250,18.58407079646018,7.669616519174041,10.914454277286136,81.41592920353983,7.669616519174041,73.74631268436578
E00100613,438,86,35,51,352,27,325,19.63470319634703,7.9908675799086755,11.643835616438356,80.36529680365297,6.164383561643835,74.20091324200914
E00100616,417,76,23,53,341,33,308,18.225419664268586,5.515587529976019,12.709832134292565,81.77458033573141,7.913669064748201,73.86091127098321
E00100617,274,41,9,32,233,31,202,14.963503649635038,3.2846715328467155,11.678832116788321,85.03649635036497,11.313868613138686,73.72262773722628
E00100618,284,41,18,23,243,21,222,14.43661971830986,6.338028169014084,8.098591549295776,85.56338028169014,7.394366197183098,78.16901408450704
E00100620,297,61,20,41,236,14,222,20.53872053872054,6.7340067340067336,13.804713804713806,79.46127946127946,4.713804713804714,74.74747474747475
E00100621,543,57,20,37,486,41,445,10.497237569060774,3.683241252302026,6.8139963167587485,89.50276243093923,7.550644567219153,81.95211786372008
E00100622,468,74,27,47,394,32,362,15.81196581196581,5.769230769230769,10.042735042735043,84.1880341880342,6.837606837606838,77.35042735042735
E00100623,247,59,20,39,188,16,172,23.88663967611336,8.097165991902834,15.789473684210526,76.11336032388664,6.477732793522267,69.63562753036437
E00100624,257,55,24,31,202,27,175,21.40077821011673,9.33852140077821,12.062256809338521,78.59922178988327,10.505836575875486,68.09338521400778
E00100625,495,112,53,59,383,37,346,22.626262626262626,10.707070707070706,11.91919191919192,77.37373737373737,7.474747474747474,69.8989898989899
E00100626,343,68,29,39,275,23,252,19.825072886297377,8.454810495626822,11.370262390670554,80.17492711370262,6.705539358600583,73.46938775510205
E00100628,322,72,25,47,250,19,231,22.36024844720497,7.763975155279502,14.596273291925465,77.63975155279503,5.900621118012422,71.73913043478261
E00174588,422,58,24,34,364,36,328,13.744075829383887,5.687203791469194,8.056872037914692,86.25592417061611,8.530805687203792,77.72511848341233
E00174589,352,48,15,33,304,15,289,13.636363636363635,4.261363636363636,9.375,86.36363636363636,4.261363636363636,82.10227272727273
E00174590,224,48,21,27,176,18,158,21.428571428571427,9.375,12.053571428571429,78.57142857142857,8.035714285714286,70.53571428571429
E00174591,484,66,17,49,418,52,366,13.636363636363635,3.512396694214876,10.12396694214876,86.36363636363636,10.743801652892563,75.6198347107438
E00174593,272,27,4,23,245,29,216,9.926470588235293,1.4705882352941175,8.455882352941178,90.07352941176471,10.661764705882353,79.41176470588235
E00174594,228,30,14,16,198,24,174,13.157894736842104,6.140350877192982,7.017543859649122,86.8421052631579,10.526315789473683,76.31578947368422
E00174595,305,26,7,19,279,38,241,8.524590163934425,2.2950819672131146,6.229508196721312,91.47540983606557,12.459016393442624,79.01639344262294
E00174596,301,27,6,21,274,23,251,8.970099667774086,1.9933554817275747,6.976744186046512,91.0299003322259,7.641196013289036,83.38870431893687
E00174597,245,40,13,27,205,21,184,16.3265306122449,5.3061224489795915,11.020408163265307,83.6734693877551,8.571428571428571,75.10204081632654
E00174598,353,28,12,16,325,21,304,7.932011331444759,3.39943342776204,4.53257790368272,92.06798866855524,5.94900849858357,86.11898016997166
E00174599,246,31,6,25,215,17,198,12.601626016260163,2.4390243902439024,10.16260162601626,87.39837398373984,6.910569105691057,80.48780487804879
E00174600,182,22,5,17,160,16,144,12.087912087912088,2.7472527472527473,9.340659340659341,87.91208791208791,8.791208791208792,79.12087912087912
E00174601,360,30,6,24,330,37,293,8.333333333333332,1.6666666666666667,6.666666666666667,91.66666666666666,10.277777777777777,81.38888888888889
E00174602,342,36,11,25,306,26,280,10.526315789473683,3.216374269005848,7.309941520467836,89.47368421052632,7.602339181286549,81.87134502923976
E00174603,324,64,16,48,260,28,232,19.753086419753085,4.938271604938271,14.814814814814813,80.24691358024691,8.641975308641975,71.60493827160494
E00174604,312,34,11,23,278,26,252,10.897435897435898,3.5256410256410255,7.371794871794872,89.1025641025641,8.333333333333332,80.76923076923077
E00174605,289,39,14,25,250,31,219,13.494809688581316,4.844290657439446,8.650519031141869,86.50519031141869,10.726643598615917,75.77854671280276
E00174606,245,26,8,18,219,21,198,10.612244897959183,3.2653061224489797,7.346938775510205,89.38775510204081,8.571428571428571,80.81632653061224
E00174608,344,62,26,36,282,23,259,18.023255813953487,7.55813953488372,10.465116279069768,81.97674418604652,6.686046511627906,75.29069767441861
E00174609,402,52,18,34,350,33,317,12.935323383084576,4.477611940298507,8.45771144278607,87.06467661691542,8.208955223880597,78.85572139303483
E00174610,203,14,6,8,189,21,168,6.896551724137931,2.955665024630542,3.9408866995073892,93.10344827586206,10.344827586206897,82.75862068965517
E00174611,135,17,3,14,118,9,109,12.592592592592592,2.2222222222222223,10.37037037037037,87.4074074074074,6.666666666666667,80.74074074074075
E00174612,284,45,13,32,239,17,222,15.845070422535212,4.577464788732395,11.267605633802818,84.15492957746478,5.985915492957746,78.16901408450704
E00174614,277,49,23,26,228,25,203,17.689530685920577,8.303249097472925,9.386281588447654,82.31046931407943,9.025270758122744,73.28519855595668
E00174615,280,42,18,24,238,28,210,15,6.428571428571428,8.571428571428571,85,10,75
E00174616,305,43,16,27,262,26,236,14.098360655737704,5.245901639344262,8.852459016393443,85.90163934426229,8.524590163934425,77.37704918032787
E00174617,333,39,16,23,294,14,280,11.711711711711711,4.804804804804805,6.906906906906906,88.28828828828829,4.2042042042042045,84.08408408408408
E00174618,529,50,15,35,479,52,427,9.45179584120983,2.835538752362949,6.61625708884688,90.54820415879017,9.829867674858223,80.71833648393195
E00174619,282,42,14,28,240,21,219,14.893617021276595,4.964539007092199,9.929078014184398,85.1063829787234,7.446808510638298,77.6595744680851
E00174620,274,53,32,21,221,21,200,19.34306569343066,11.678832116788321,7.664233576642336,80.65693430656934,7.664233576642336,72.99270072992701
E00180297,457,55,20,35,402,35,367,12.035010940919037,4.3763676148796495,7.658643326039387,87.96498905908096,7.658643326039387,80.30634573304157
E00180298,576,55,13,42,521,45,476,9.54861111111111,2.256944444444444,7.291666666666667,90.45138888888889,7.8125,82.63888888888889
E00180300,248,66,39,27,182,19,163,26.61290322580645,15.725806451612904,10.887096774193548,73.38709677419355,7.661290322580645,65.7258064516129
E00180301,221,17,5,12,204,13,191,7.6923076923076925,2.262443438914027,5.429864253393665,92.3076923076923,5.88235294117647,86.42533936651584
E00180304,509,44,11,33,465,37,428,8.644400785854616,2.161100196463654,6.4833005893909625,91.35559921414537,7.269155206286837,84.08644400785855
E00180305,272,53,31,22,219,32,187,19.485294117647058,11.397058823529411,8.088235294117647,80.51470588235294,11.76470588235294,68.75
E00180308,315,26,4,22,289,23,266,8.253968253968253,1.2698412698412698,6.984126984126984,91.74603174603175,7.301587301587302,84.44444444444444
E00180309,215,25,14,11,190,7,183,11.627906976744185,6.511627906976744,5.116279069767442,88.37209302325581,3.255813953488372,85.11627906976744
E00180313,439,32,7,25,407,26,381,7.289293849658314,1.5945330296127564,5.694760820045558,92.71070615034168,5.922551252847381,86.78815489749431
E00180314,426,40,13,27,386,28,358,9.389671361502346,3.051643192488263,6.338028169014084,90.61032863849765,6.572769953051644,84.03755868544602
E00180315,438,25,4,21,413,27,386,5.707762557077626,0.91324200913242,4.794520547945205,94.29223744292237,6.164383561643835,88.12785388127854
E00180317,468,31,13,18,437,29,408,6.623931623931624,2.7777777777777777,3.8461538461538463,93.37606837606837,6.196581196581197,87.17948717948718
E00180322,312,57,24,33,255,20,235,18.269230769230766,7.6923076923076925,10.576923076923077,81.73076923076923,6.41025641025641,75.32051282051282
E00180323,454,37,12,25,417,32,385,8.149779735682818,2.643171806167401,5.506607929515418,91.85022026431719,7.048458149779736,84.80176211453745
E00180324,344,36,9,27,308,14,294,10.465116279069768,2.616279069767442,7.848837209302325,89.53488372093024,4.069767441860465,85.46511627906976
E00180328,106,48,19,29,58,11,47,45.28301886792453,17.92452830188679,27.358490566037734,54.71698113207547,10.377358490566039,44.339622641509436
E00180334,489,86,35,51,403,28,375,17.586912065439673,7.157464212678937,10.429447852760736,82.41308793456032,5.725971370143149,76.68711656441718
E00180335,541,54,28,26,487,26,461,9.981515711645102,5.175600739371535,4.805914972273567,90.0184842883549,4.805914972273567,85.21256931608133
E00180336,523,66,25,41,457,36,421,12.619502868068832,4.780114722753346,7.839388145315487,87.38049713193116,6.8833652007648185,80.49713193116634
E00180339,492,50,11,39,442,40,402,10.16260162601626,2.2357723577235773,7.926829268292683,89.83739837398373,8.130081300813007,81.70731707317073
E00180340,281,27,4,23,254,23,231,9.608540925266903,1.4234875444839856,8.185053380782918,90.39145907473309,8.185053380782918,82.20640569395017
E00180341,165,29,11,18,136,13,123,17.575757575757574,6.666666666666667,10.909090909090908,82.42424242424242,7.878787878787878,74.54545454545455
E00180343,117,12,6,6,105,7,98,10.256410256410255,5.128205128205128,5.128205128205128,89.74358974358975,5.982905982905983,83.76068376068376
E00180344,557,53,15,38,504,53,451,9.515260323159785,2.6929982046678633,6.822262118491921,90.48473967684022,9.515260323159785,80.96947935368043
E00180345,111,14,5,9,97,13,84,12.612612612612612,4.504504504504505,8.108108108108109,87.38738738738738,11.711711711711711,75.67567567567568
E00180346,194,41,19,22,153,21,132,21.1340206185567,9.793814432989691,11.34020618556701,78.8659793814433,10.824742268041238,68.04123711340206
E00180347,258,30,9,21,228,18,210,11.627906976744185,3.488372093023256,8.13953488372093,88.37209302325581,6.976744186046512,81.3953488372093
E00180349,202,22,9,13,180,9,171,10.891089108910892,4.455445544554455,6.435643564356436,89.10891089108911,4.455445544554455,84.65346534653465
E00180352,562,119,38,81,443,46,397,21.17437722419929,6.761565836298933,14.412811387900357,78.82562277580071,8.185053380782918,70.64056939501779
E00180354,184,61,37,24,123,9,114,33.15217391304348,20.108695652173914,13.043478260869565,66.84782608695652,4.891304347826087,61.95652173913043
E00180355,551,45,15,30,506,32,474,8.166969147005444,2.722323049001815,5.44464609800363,91.83303085299455,5.807622504537205,86.02540834845736
E00180356,313,40,11,29,273,20,253,12.779552715654951,3.5143769968051117,9.26517571884984,87.22044728434504,6.3897763578274756,80.83067092651757
E00180357,336,80,36,44,256,16,240,23.809523809523807,10.714285714285714,13.095238095238097,76.19047619047619,4.761904761904762,71.42857142857143
E00180361,433,48,11,37,385,30,355,11.085450346420323,2.5404157043879905,8.545034642032332,88.91454965357968,6.928406466512701,81.98614318706697
E00180363,397,49,11,38,348,33,315,12.34256926952141,2.770780856423174,9.571788413098236,87.6574307304786,8.312342569269521,79.34508816120906
E00180364,476,32,9,23,444,36,408,6.722689075630252,1.8907563025210083,4.831932773109244,93.27731092436974,7.563025210084033,85.71428571428571
E00180365,300,38,12,26,262,16,246,12.666666666666668,4,8.666666666666668,87.33333333333333,5.333333333333334,82
E00180367,227,24,10,14,203,11,192,10.572687224669604,4.405286343612335,6.167400881057269,89.42731277533039,4.845814977973569,84.58149779735683
E00180369,185,21,12,9,164,14,150,11.351351351351353,6.486486486486487,4.864864864864865,88.64864864864866,7.567567567567568,81.08108108108108
E00180370,440,58,17,41,382,24,358,13.18181818181818,3.8636363636363633,9.318181818181818,86.81818181818181,5.454545454545454,81.36363636363636
E00180371,546,43,7,36,503,23,480,7.875457875457875,1.282051282051282,6.593406593406594,92.12454212454212,4.212454212454213,87.91208791208791
E00180373,444,42,13,29,402,23,379,9.45945945945946,2.9279279279279278,6.531531531531531,90.54054054054053,5.18018018018018,85.36036036036036
E00180374,269,50,22,28,219,29,190,18.587360594795538,8.178438661710038,10.408921933085502,81.41263940520446,10.780669144981413,70.63197026022306
E00180376,105,17,5,12,88,11,77,16.19047619047619,4.761904761904762,11.428571428571429,83.80952380952381,10.476190476190476,73.33333333333333
E00180378,209,13,4,9,196,12,184,6.220095693779904,1.9138755980861244,4.30622009569378,93.77990430622009,5.741626794258373,88.03827751196172
E00180384,373,62,22,40,311,27,284,16.621983914209114,5.898123324396782,10.723860589812332,83.37801608579089,7.238605898123325,76.13941018766755
E00180387,162,28,14,14,134,10,124,17.28395061728395,8.641975308641975,8.641975308641975,82.71604938271605,6.172839506172839,76.5432098765432
E00180388,402,42,18,24,360,34,326,10.44776119402985,4.477611940298507,5.970149253731343,89.55223880597015,8.45771144278607,81.09452736318407
E00180390,122,6,1,5,116,7,109,4.918032786885246,0.819672131147541,4.098360655737705,95.08196721311475,5.737704918032787,89.34426229508196
E00180391,113,15,1,14,98,4,94,13.274336283185843,0.8849557522123894,12.389380530973451,86.72566371681415,3.5398230088495577,83.1858407079646
E00180395,268,12,1,11,256,18,238,4.477611940298507,0.3731343283582089,4.104477611940299,95.52238805970148,6.7164179104477615,88.80597014925374
E00180396,369,70,21,49,299,25,274,18.97018970189702,5.691056910569105,13.279132791327914,81.02981029810297,6.775067750677506,74.25474254742548
E00180397,189,12,1,11,177,8,169,6.349206349206349,0.5291005291005291,5.82010582010582,93.65079365079364,4.232804232804233,89.41798941798942
E00180398,605,104,45,59,501,57,444,17.1900826446281,7.43801652892562,9.75206611570248,82.8099173553719,9.421487603305785,73.38842975206612
