OA,ts0590001,ts0590002,ts0590003,ts0590004,ts0590005,ts0590006,ts0590007,ts0590002_PCT,ts0590003_PCT,ts0590004_PCT,ts0590005_PCT,ts0590006_PCT,ts0590007_PCT
E00082590,227,65,28,37,162,146,16,28.634361233480178,12.334801762114537,16.299559471365637,71.36563876651982,64.31718061674009,7.048458149779736
E00082592,162,32,13,19,130,122,8,19.753086419753085,8.024691358024691,11.728395061728394,80.24691358024691,75.30864197530865,4.938271604938271
E00082593,163,25,12,13,138,123,15,15.337423312883436,7.361963190184049,7.975460122699387,84.66257668711657,75.4601226993865,9.202453987730062
E00082594,138,21,11,10,117,111,6,15.217391304347828,7.971014492753622,7.246376811594203,84.78260869565217,80.43478260869566,4.3478260869565215
E00082595,141,19,12,7,122,100,22,13.47517730496454,8.51063829787234,4.964539007092199,86.52482269503547,70.92198581560284,15.602836879432624
E00082596,206,31,15,16,175,159,16,15.048543689320388,7.281553398058252,7.766990291262135,84.9514563106796,77.18446601941747,7.766990291262135
E00082597,147,14,7,7,133,118,15,9.523809523809524,4.761904761904762,4.761904761904762,90.47619047619048,80.27210884353741,10.204081632653061
E00082598,195,44,16,28,151,133,18,22.564102564102566,8.205128205128204,14.358974358974358,77.435897435897445,68.2051282051282,9.230769230769232
E00082599,176,30,12,18,146,132,14,17.045454545454543,6.8181818181818175,10.227272727272728,82.95454545454545,75,7.954545454545454
E00082600,217,43,11,32,174,152,22,19.81566820276498,5.0691244239631335,14.746543778801843,80.18433179723502,70.04608294930875,10.138248847926267
E00082601,166,20,8,12,146,128,18,12.048192771084338,4.819277108433735,7.228915662650602,87.95180722891565,77.10843373493977,10.843373493975903
E00082602,272,51,24,27,221,198,23,18.75,8.823529411764707,9.926470588235293,81.25,72.79411764705883,8.455882352941178
E00082603,190,38,17,21,152,136,16,20,8.947368421052632,11.052631578947368,80,71.57894736842105,8.421052631578947
E00082604,220,38,11,27,182,168,14,17.272727272727273,5,12.272727272727273,82.72727272727273,76.36363636363637,6.363636363636363
E00082605,173,25,9,16,148,133,15,14.450867052023122,5.202312138728324,9.248554913294797,85.54913294797689,76.878612716763,8.670520231213873
E00082606,207,39,18,21,168,156,12,18.84057971014493,8.695652173913043,10.144927536231885,81.15942028985508,75.36231884057972,5.797101449275362
E00082608,195,51,18,33,144,122,22,26.153846153846157,9.230769230769232,16.923076923076923,73.84615384615385,62.56410256410256,11.282051282051283
E00082610,261,59,17,42,202,182,20,22.60536398467433,6.513409961685824,16.091954022988507,77.39463601532567,69.73180076628353,7.662835249042145
E00082612,208,48,20,28,160,146,14,23.076923076923077,9.615384615384617,13.461538461538462,76.92307692307693,70.1923076923077,6.730769230769231
E00082613,198,37,16,21,161,146,15,18.68686868686869,8.080808080808081,10.606060606060606,81.31313131313132,73.73737373737373,7.575757575757576
E00082615,145,24,10,14,121,102,19,16.551724137931036,6.896551724137931,9.655172413793103,83.44827586206897,70.34482758620689,13.10344827586207
E00082616,247,49,23,26,198,177,21,19.838056680161944,9.31174089068826,10.526315789473683,80.16194331983806,71.65991902834008,8.502024291497975
E00082617,207,45,16,29,162,146,16,21.73913043478261,7.729468599033816,14.009661835748794,78.26086956521739,70.53140096618358,7.729468599033816
E00082619,289,68,22,46,221,185,36,23.52941176470588,7.612456747404845,15.916955017301039,76.47058823529412,64.01384083044984,12.45674740484429
E00082620,198,45,12,33,153,133,20,22.727272727272727,6.0606060606060606,16.666666666666664,77.27272727272727,67.17171717171718,10.1010101010101
E00082621,158,38,13,25,120,104,16,24.050632911392405,8.227848101265822,15.822784810126583,75.9493670886076,65.82278481012658,10.126582278481013
E00082623,224,38,16,22,186,163,23,16.964285714285715,7.142857142857142,9.821428571428571,83.03571428571429,72.76785714285714,10.267857142857142
E00082624,222,55,14,41,167,141,26,24.774774774774773,6.306306306306306,18.46846846846847,75.22522522522522,63.51351351351351,11.711711711711711
E00082625,177,41,14,27,136,121,15,23.163841807909606,7.909604519774012,15.254237288135593,76.8361581920904,68.36158192090396,8.47457627118644
E00082626,232,56,20,36,176,157,19,24.137931034482758,8.620689655172415,15.517241379310345,75.86206896551724,67.67241379310344,8.189655172413794
E00082627,259,60,18,42,199,178,21,23.166023166023166,6.94980694980695,16.216216216216218,76.83397683397683,68.72586872586872,8.108108108108109
E00082628,176,38,16,22,138,126,12,21.59090909090909,9.090909090909092,12.5,78.4090909090909,71.5909090909091,6.8181818181818175
E00082629,142,24,12,12,118,102,16,16.901408450704224,8.450704225352112,8.450704225352112,83.09859154929578,71.83098591549296,11.267605633802818
E00082630,186,52,15,37,134,117,17,27.956989247311824,8.064516129032258,19.892473118279568,72.04301075268818,62.903225806451616,9.13978494623656
E00082631,176,44,14,30,132,119,13,25,7.954545454545454,17.045454545454543,75,67.61363636363636,7.386363636363637
E00082632,253,58,17,41,195,162,33,22.92490118577075,6.719367588932807,16.205533596837945,77.07509881422925,64.03162055335969,13.043478260869565
E00082634,237,65,27,38,172,151,21,27.42616033755274,11.39240506329114,16.033755274261605,72.57383966244726,63.71308016877637,8.860759493670885
E00082635,254,63,25,38,191,164,27,24.803149606299215,9.84251968503937,14.960629921259844,75.19685039370079,64.56692913385827,10.62992125984252
E00082636,206,53,15,38,153,140,13,25.728155339805824,7.281553398058252,18.446601941747574,74.27184466019418,67.96116504854369,6.310679611650485
E00082637,212,56,23,33,156,136,20,26.41509433962264,10.849056603773585,15.566037735849056,73.58490566037736,64.15094339622641,9.433962264150944
E00082638,196,55,21,34,141,121,20,28.061224489795915,10.714285714285714,17.346938775510203,71.93877551020408,61.73469387755102,10.204081632653061
E00082639,159,36,15,21,123,111,12,22.641509433962266,9.433962264150944,13.20754716981132,77.35849056603774,69.81132075471697,7.547169811320755
E00082640,183,30,10,20,153,131,22,16.39344262295082,5.46448087431694,10.92896174863388,83.60655737704919,71.58469945355192,12.021857923497267
E00082641,192,44,12,32,148,136,12,22.916666666666664,6.25,16.666666666666664,77.08333333333334,70.83333333333334,6.25
E00082642,155,36,10,26,119,103,16,23.225806451612904,6.451612903225806,16.7741935483871,76.77419354838709,66.45161290322581,10.32258064516129
E00082643,176,31,14,17,145,126,19,17.613636363636363,7.954545454545454,9.659090909090908,82.38636363636364,71.5909090909091,10.795454545454545
E00082644,163,45,15,30,118,109,9,27.607361963190186,9.202453987730062,18.404907975460123,72.39263803680981,66.87116564417178,5.521472392638037
E00082645,197,46,10,36,151,140,11,23.3502538071066,5.0761421319796955,18.274111675126903,76.6497461928934,71.06598984771574,5.583756345177665
E00082646,215,54,25,29,161,149,12,25.116279069767444,11.627906976744185,13.488372093023257,74.88372093023256,69.30232558139535,5.5813953488372094
E00082647,238,36,11,25,202,180,22,15.126050420168067,4.621848739495799,10.504201680672269,84.87394957983193,75.63025210084034,9.243697478991598
E00082648,219,44,13,31,175,156,19,20.091324200913242,5.93607305936073,14.15525114155251,79.90867579908677,71.23287671232876,8.67579908675799
E00082649,192,44,19,25,148,133,15,22.916666666666664,9.895833333333332,13.020833333333334,77.08333333333334,69.27083333333334,7.8125
E00082650,233,59,30,29,174,155,19,25.321888412017167,12.875536480686694,12.446351931330472,74.67811158798283,66.52360515021459,8.15450643776824
E00082651,218,59,22,37,159,142,17,27.06422018348624,10.091743119266056,16.972477064220186,72.93577981651376,65.13761467889908,7.79816513761468
E00082652,181,53,16,37,128,114,14,29.2817679558011,8.83977900552486,20.441988950276244,70.71823204419888,62.98342541436463,7.734806629834254
E00082654,202,56,12,44,146,125,21,27.722772277227726,5.9405940594059405,21.782178217821784,72.27722772277228,61.88118811881188,10.396039603960396
E00082655,203,49,19,30,154,138,16,24.137931034482758,9.35960591133005,14.77832512315271,75.86206896551724,67.98029556650246,7.8817733990147785
E00082656,205,28,12,16,177,148,29,13.658536585365855,5.853658536585367,7.804878048780488,86.34146341463415,72.1951219512195,14.146341463414632
E00082657,253,75,28,47,178,147,31,29.64426877470356,11.067193675889328,18.57707509881423,70.35573122529645,58.10276679841897,12.25296442687747
E00082658,144,29,12,17,115,107,8,20.13888888888889,8.333333333333332,11.805555555555555,79.86111111111111,74.30555555555556,5.555555555555555
E00082659,202,51,18,33,151,125,26,25.247524752475247,8.91089108910891,16.33663366336634,74.75247524752476,61.88118811881188,12.871287128712872
E00082661,160,26,9,17,134,112,22,16.25,5.625,10.625,83.75,70,13.750000000000002
E00082662,148,37,11,26,111,90,21,25,7.4324324324324325,17.56756756756757,75,60.810810810810814,14.18918918918919
E00082663,120,33,11,22,87,74,13,27.500000000000004,9.166666666666666,18.333333333333332,72.5,61.66666666666667,10.833333333333334
E00082664,140,29,13,16,111,83,28,20.714285714285715,9.285714285714286,11.428571428571429,79.28571428571428,59.285714285714285,20
E00082665,124,41,16,25,83,70,13,33.064516129032256,12.903225806451612,20.161290322580644,66.93548387096774,56.451612903225815,10.483870967741936
E00082666,154,48,19,29,106,91,15,31.16883116883117,12.337662337662337,18.83116883116883,68.83116883116884,59.09090909090909,9.740259740259742
E00082667,175,53,18,35,122,97,25,30.28571428571429,10.285714285714285,20,69.71428571428572,55.42857142857143,14.285714285714285
E00082668,191,32,8,24,159,146,13,16.75392670157068,4.18848167539267,12.56544502617801,83.24607329842932,76.43979057591623,6.806282722513089
E00082669,191,61,24,37,130,108,22,31.93717277486911,12.56544502617801,19.3717277486911,68.06282722513089,56.54450261780105,11.518324607329843
E00082670,127,39,11,28,88,75,13,30.708661417322837,8.661417322834646,22.04724409448819,69.29133858267717,59.055118110236215,10.236220472440944
E00082671,245,44,18,26,201,174,27,17.959183673469386,7.346938775510205,10.612244897959183,82.0408163265306,71.0204081632653,11.020408163265307
E00082672,175,37,9,28,138,112,26,21.142857142857142,5.142857142857142,16,78.85714285714286,64,14.857142857142858
E00082673,160,27,9,18,133,117,16,16.875,5.625,11.25,83.125,73.125,10
E00082674,192,27,10,17,165,143,22,14.0625,5.208333333333334,8.854166666666668,85.9375,74.47916666666666,11.458333333333332
E00082675,163,35,6,29,128,104,24,21.472392638036812,3.6809815950920246,17.791411042944784,78.52760736196319,63.80368098159509,14.723926380368098
E00082676,228,40,13,27,188,170,18,17.543859649122805,5.701754385964912,11.842105263157894,82.45614035087719,74.56140350877193,7.894736842105263
E00082677,200,48,20,28,152,135,17,24,10,14.000000000000002,76,67.5,8.5
E00082678,134,36,14,22,98,90,8,26.865671641791046,10.44776119402985,16.417910447761194,73.13432835820896,67.16417910447761,5.970149253731343
E00082679,138,40,10,30,98,82,16,28.985507246376812,7.246376811594203,21.73913043478261,71.01449275362319,59.42028985507246,11.594202898550725
E00082680,171,35,13,22,136,114,22,20.46783625730994,7.602339181286549,12.865497076023392,79.53216374269006,66.66666666666666,12.865497076023392
E00082681,129,32,7,25,97,86,11,24.8062015503876,5.426356589147287,19.379844961240313,75.1937984496124,66.66666666666666,8.527131782945736
E00082682,132,29,14,15,103,88,15,21.96969696969697,10.606060606060606,11.363636363636363,78.03030303030303,66.66666666666666,11.363636363636363
E00082683,178,24,8,16,154,132,22,13.48314606741573,4.49438202247191,8.98876404494382,86.51685393258427,74.15730337078652,12.359550561797752
E00082684,164,29,9,20,135,119,16,17.682926829268293,5.487804878048781,12.195121951219512,82.3170731707317,72.5609756097561,9.75609756097561
E00082685,108,11,1,10,97,83,14,10.185185185185185,0.9259259259259258,9.25925925925926,89.81481481481481,76.85185185185185,12.962962962962962
E00082686,136,41,17,24,95,82,13,30.14705882352941,12.5,17.647058823529413,69.85294117647058,60.29411764705882,9.558823529411764
E00082687,190,29,15,14,161,149,12,15.263157894736842,7.894736842105263,7.368421052631578,84.73684210526315,78.42105263157895,6.315789473684211
E00082689,223,60,12,48,163,140,23,26.905829596412556,5.381165919282512,21.524663677130047,73.09417040358744,62.78026905829597,10.31390134529148
E00082690,169,41,12,29,128,116,12,24.2603550295858,7.100591715976331,17.159763313609467,75.7396449704142,68.63905325443787,7.100591715976331
E00082691,101,42,22,20,59,54,5,41.584158415841586,21.782178217821784,19.801980198019802,58.415841584158414,53.46534653465347,4.9504950495049505
E00082692,204,55,16,39,149,133,16,26.96078431372549,7.8431372549019605,19.11764705882353,73.0392156862745,65.19607843137256,7.8431372549019605
E00082693,162,54,18,36,108,92,16,33.33333333333333,11.11111111111111,22.22222222222222,66.66666666666666,56.79012345679012,9.876543209876543
E00082694,184,51,14,37,133,112,21,27.717391304347828,7.608695652173914,20.108695652173914,72.28260869565217,60.86956521739131,11.41304347826087
E00082695,196,70,22,48,126,118,8,35.714285714285715,11.224489795918368,24.489795918367346,64.28571428571429,60.204081632653065,4.081632653061225
E00082696,208,57,24,33,151,137,14,27.403846153846157,11.538461538461538,15.865384615384615,72.59615384615384,65.86538461538461,6.730769230769231
E00082697,211,48,11,37,163,148,15,22.748815165876778,5.213270142180095,17.535545023696685,77.25118483412322,70.14218009478674,7.109004739336493
E00082698,142,40,12,28,102,86,16,28.169014084507044,8.450704225352112,19.718309859154928,71.83098591549296,60.56338028169014,11.267605633802818
E00082699,168,57,13,44,111,95,16,33.92857142857143,7.738095238095238,26.190476190476193,66.07142857142857,56.547619047619044,9.523809523809524
E00082700,157,52,19,33,105,91,14,33.12101910828025,12.101910828025478,21.019108280254777,66.87898089171973,57.961783439490446,8.9171974522293
E00082702,134,41,18,23,93,82,11,30.597014925373134,13.432835820895523,17.16417910447761,69.40298507462687,61.19402985074627,8.208955223880597
E00082703,168,36,22,14,132,94,38,21.428571428571427,13.095238095238097,8.333333333333332,78.57142857142857,55.952380952380956,22.61904761904762
E00082704,200,47,20,27,153,131,22,23.5,10,13.5,76.5,65.5,11
E00082705,160,53,19,34,107,97,10,33.125,11.875,21.25,66.875,60.62499999999999,6.25
E00082706,151,60,25,35,91,79,12,39.735099337748345,16.55629139072848,23.178807947019866,60.264900662251655,52.317880794701985,7.9470198675496695
E00082707,161,50,16,34,111,99,12,31.05590062111801,9.937888198757763,21.11801242236025,68.94409937888199,61.49068322981367,7.453416149068323
E00082708,163,58,17,41,105,95,10,35.58282208588957,10.429447852760736,25.153374233128833,64.41717791411043,58.282208588957054,6.134969325153374
E00082709,153,49,23,26,104,93,11,32.02614379084967,15.032679738562091,16.99346405228758,67.97385620915033,60.78431372549019,7.18954248366013
E00082710,187,60,15,45,127,107,20,32.085561497326204,8.0213903743315509,24.06417112299465,67.9144385026738,57.21925133689839,10.695187165775401
E00082711,189,50,17,33,139,123,16,26.455026455026452,8.994708994708994,17.46031746031746,73.54497354497354,65.07936507936508,8.465608465608465
E00082712,168,57,23,34,111,97,14,33.92857142857143,13.690476190476192,20.238095238095237,66.07142857142857,57.738095238095234,8.333333333333332
E00082713,142,35,11,24,107,92,15,24.647887323943664,7.746478873239436,16.901408450704224,75.35211267605634,64.7887323943662,10.56338028169014
E00082714,159,66,22,44,93,80,13,41.509433962264154,13.836477987421384,27.67295597484277,58.490566037735846,50.314465408805034,8.176100628930817
E00082715,159,35,10,25,124,108,16,22.0125786163522,6.289308176100629,15.723270440251572,77.9874213836478,67.9245283018868,10.062893081761008
E00082717,256,58,24,34,198,179,19,22.65625,9.375,13.28125,77.34375,69.921875,7.421875
E00082718,158,47,18,29,111,94,17,29.746835443037973,11.39240506329114,18.354430379746837,70.25316455696202,59.49367088607595,10.759493670886076
E00082719,318,61,21,40,257,227,30,19.18238993710692,6.60377358490566,12.578616352201259,80.81761006289308,71.38364779874213,9.433962264150944
E00082721,154,24,7,17,130,113,17,15.584415584415584,4.545454545454546,11.03896103896104,84.4155844155844,73.37662337662337,11.03896103896104
E00082722,239,38,11,27,201,187,14,15.899581589958158,4.602510460251046,11.297071129707113,84.10041841004184,78.24267782426779,5.857740585774058
E00082724,209,33,10,23,176,156,20,15.789473684210526,4.784688995215311,11.004784688995215,84.21052631578947,74.64114832535886,9.569377990430622
E00082726,226,61,13,48,165,152,13,26.991150442477874,5.752212389380531,21.238938053097346,73.00884955752213,67.2566371681416,5.752212389380531
E00082727,261,54,23,31,207,188,19,20.689655172413794,8.812260536398467,11.877394636015326,79.3103448275862,72.03065134099617,7.2796934865900385
E00082728,262,49,12,37,213,194,19,18.702290076335878,4.580152671755725,14.122137404580155,81.29770992366412,74.04580152671755,7.251908396946565
E00082729,218,31,9,22,187,168,19,14.220183486238533,4.128440366972478,10.091743119266056,85.77981651376146,77.06422018348624,8.715596330275229
E00082730,222,74,21,53,148,134,14,33.33333333333333,9.45945945945946,23.873873873873876,66.66666666666666,60.36036036036037,6.306306306306306
E00082731,175,40,16,24,135,121,14,22.857142857142858,9.142857142857142,13.714285714285715,77.14285714285715,69.14285714285714,8
E00082732,136,41,22,19,95,85,10,30.14705882352941,16.176470588235293,13.970588235294118,69.85294117647058,62.5,7.352941176470589
E00082733,188,60,22,38,128,109,19,31.914893617021278,11.702127659574469,20.212765957446805,68.08510638297872,57.97872340425532,10.106382978723403
E00082734,194,39,8,31,155,142,13,20.103092783505154,4.123711340206185,15.979381443298967,79.89690721649485,73.19587628865979,6.701030927835052
E00082735,181,34,10,24,147,130,17,18.784530386740332,5.524861878453039,13.259668508287293,81.21546961325967,71.8232044198895,9.392265193370166
E00082736,193,39,13,26,154,140,14,20.207253886010363,6.7357512953367875,13.471502590673575,79.79274611398964,72.53886010362694,7.253886010362693
E00082737,202,61,24,37,141,125,16,30.198019801980198,11.881188118811881,18.316831683168317,69.80198019801979,61.88118811881188,7.920792079207921
E00082738,236,59,25,34,177,158,19,25,10.59322033898305,14.40677966101695,75,66.94915254237289,8.050847457627118
E00082739,179,47,13,34,132,120,12,26.256983240223462,7.262569832402235,18.994413407821227,73.74301675977654,67.0391061452514,6.70391061452514
E00082740,277,57,16,41,220,192,28,20.577617328519857,5.776173285198556,14.801444043321299,79.42238267148014,69.31407942238266,10.108303249097473
E00082741,251,73,23,50,178,159,19,29.08366533864542,9.163346613545817,19.9203187250996,70.91633466135458,63.34661354581673,7.569721115537849
E00082742,118,40,14,26,78,75,3,33.89830508474576,11.864406779661017,22.033898305084744,66.10169491525424,63.559322033898304,2.5423728813559325
E00082743,207,57,19,38,150,126,24,27.536231884057973,9.178743961352657,18.357487922705314,72.46376811594203,60.86956521739131,11.594202898550725
E00082744,177,43,11,32,134,123,11,24.293785310734464,6.214689265536723,18.07909604519774,75.70621468926554,69.49152542372882,6.214689265536723
E00082745,163,37,14,23,126,93,33,22.699386503067483,8.588957055214724,14.11042944785276,77.30061349693251,57.05521472392638,20.245398773006134
E00082746,175,42,11,31,133,117,16,24,6.2857142857142865,17.71428571428571,76,66.85714285714286,9.142857142857142
E00082747,149,41,19,22,108,88,20,27.516778523489933,12.751677852348994,14.76510067114094,72.48322147651007,59.06040268456376,13.422818791946309
E00082748,136,40,18,22,96,82,14,29.411764705882355,13.23529411764706,16.176470588235293,70.58823529411765,60.29411764705882,10.294117647058822
E00082749,193,57,21,36,136,117,19,29.533678756476682,10.880829015544041,18.65284974093264,70.46632124352331,60.62176165803109,9.844559585492227
E00082750,170,56,15,41,114,102,12,32.94117647058823,8.823529411764707,24.11764705882353,67.05882352941175,60,7.0588235294117645
E00082751,152,47,17,30,105,91,14,30.92105263157895,11.18421052631579,19.736842105263158,69.07894736842105,59.86842105263158,9.210526315789473
E00082752,185,54,19,35,131,117,14,29.18918918918919,10.27027027027027,18.91891891891892,70.8108108108108,63.24324324324324,7.567567567567568
E00082753,189,59,21,38,130,115,15,31.216931216931215,11.11111111111111,20.105820105820104,68.78306878306879,60.84656084656085,7.936507936507936
E00082754,207,49,22,27,158,140,18,23.67149758454106,10.628019323671497,13.043478260869565,76.32850241545893,67.6328502415459,8.695652173913043
E00082755,227,76,24,52,151,132,19,33.480176211453745,10.572687224669604,22.90748898678414,66.51982378854625,58.14977973568281,8.370044052863436
E00082756,165,45,14,31,120,102,18,27.27272727272727,8.484848484848486,18.787878787878785,72.72727272727273,61.81818181818181,10.909090909090908
E00082757,186,56,23,33,130,116,14,30.107526881720432,12.365591397849462,17.741935483870968,69.89247311827957,62.365591397849464,7.526881720430108
E00082758,172,56,24,32,116,106,10,32.55813953488372,13.953488372093023,18.6046511627907,67.44186046511628,61.627906976744185,5.813953488372093
E00082759,173,48,17,31,125,111,14,27.74566473988439,9.826589595375722,17.91907514450867,72.25433526011561,64.16184971098265,8.092485549132949
E00082760,166,45,13,32,121,110,11,27.10843373493976,7.83132530120482,19.27710843373494,72.89156626506023,66.26506024096386,6.626506024096386
E00082761,203,50,16,34,153,134,19,24.63054187192118,7.8817733990147785,16.748768472906402,75.36945812807882,66.00985221674877,9.35960591133005
E00082762,168,39,6,33,129,117,12,23.214285714285715,3.571428571428571,19.642857142857142,76.78571428571429,69.64285714285714,7.142857142857142
E00082763,159,46,14,32,113,95,18,28.930817610062892,8.80503144654088,20.125786163522015,71.0691823899371,59.74842767295597,11.320754716981133
E00082764,165,61,30,31,104,89,15,36.96969696969697,18.181818181818183,18.787878787878785,63.030303030303024,53.939393939393945,9.090909090909092
E00082765,197,55,22,33,142,128,14,27.918781725888326,11.16751269035533,16.751269035532996,72.08121827411168,64.9746192893401,7.1065989847715745
E00082766,239,54,11,43,185,151,34,22.594142259414227,4.602510460251046,17.99163179916318,77.40585774058577,63.17991631799163,14.225941422594143
E00082767,180,56,27,29,124,110,14,31.11111111111111,15,16.11111111111111,68.88888888888889,61.111111111111114,7.777777777777778
E00082768,190,42,15,27,148,127,21,22.105263157894736,7.894736842105263,14.210526315789473,77.89473684210526,66.84210526315789,11.052631578947368
E00082769,139,34,19,15,105,88,17,24.46043165467626,13.66906474820144,10.79136690647482,75.53956834532374,63.30935251798561,12.23021582733813
E00082770,186,54,13,41,132,117,15,29.03225806451613,6.989247311827956,22.043010752688172,70.96774193548387,62.903225806451616,8.064516129032258
E00082771,214,63,27,36,151,114,37,29.439252336448597,12.616822429906541,16.822429906542055,70.56074766355141,53.271028037383175,17.289719626168225
E00082772,167,45,17,28,122,90,32,26.94610778443114,10.179640718562874,16.766467065868262,73.05389221556887,53.89221556886228,19.16167664670659
E00082773,175,47,13,34,128,105,23,26.857142857142858,7.428571428571429,19.428571428571427,73.14285714285714,60,13.142857142857142
E00082774,138,41,17,24,97,78,19,29.71014492753623,12.318840579710146,17.391304347826086,70.28985507246377,56.52173913043478,13.768115942028986
E00082775,117,40,16,24,77,58,19,34.18803418803419,13.675213675213676,20.51282051282051,65.8119658119658,49.572649572649574,16.23931623931624
E00082776,148,43,19,24,105,85,20,29.054054054054053,12.837837837837837,16.216216216216218,70.94594594594594,57.432432432432435,13.513513513513514
E00082777,120,32,18,14,88,67,21,26.666666666666668,15,11.666666666666666,73.33333333333333,55.833333333333336,17.5
E00082778,149,38,18,20,111,78,33,25.503355704697988,12.080536912751679,13.422818791946309,74.49664429530202,52.348993288590606,22.14765100671141
E00082779,141,48,21,27,93,69,24,34.04255319148936,14.893617021276595,19.148936170212767,65.95744680851064,48.93617021276596,17.02127659574468
E00082780,123,33,19,14,90,64,26,26.82926829268293,15.447154471544716,11.38211382113821,73.17073170731707,52.03252032520326,21.138211382113823
E00082781,159,53,16,37,106,86,20,33.33333333333333,10.062893081761008,23.270440251572328,66.66666666666666,54.088050314465406,12.578616352201259
E00082782,231,79,21,58,152,140,12,34.1991341991342,9.090909090909092,25.108225108225106,65.80086580086581,60.60606060606061,5.194805194805195
E00082783,109,31,12,19,78,61,17,28.440366972477065,11.009174311926607,17.431192660550458,71.55963302752293,55.96330275229357,15.59633027522936
E00082784,121,18,5,13,103,95,8,14.87603305785124,4.132231404958678,10.743801652892563,85.12396694214877,78.51239669421489,6.6115702479338845
E00082785,181,36,14,22,145,117,28,19.88950276243094,7.734806629834254,12.154696132596685,80.11049723756905,64.64088397790056,15.469613259668508
E00082786,219,38,16,22,181,160,21,17.35159817351598,7.30593607305936,10.045662100456621,82.64840182648402,73.0593607305936,9.58904109589041
E00082787,208,42,10,32,166,142,24,20.192307692307693,4.807692307692308,15.384615384615385,79.8076923076923,68.26923076923077,11.538461538461538
E00082788,141,27,14,13,114,98,16,19.148936170212767,9.929078014184398,9.219858156028367,80.85106382978722,69.50354609929079,11.347517730496454
E00082789,192,31,15,16,161,145,16,16.145833333333336,7.8125,8.333333333333332,83.85416666666666,75.52083333333334,8.333333333333332
E00082790,211,36,11,25,175,154,21,17.061611374407583,5.213270142180095,11.848341232227488,82.93838862559242,72.98578199052133,9.95260663507109
E00082791,99,12,4,8,87,80,7,12.121212121212121,4.040404040404041,8.080808080808081,87.87878787878788,80.8080808080808,7.07070707070707
E00082792,183,42,13,29,141,120,21,22.950819672131146,7.103825136612022,15.846994535519126,77.04918032786885,65.57377049180327,11.475409836065573
E00082793,181,41,15,26,140,127,13,22.65193370165746,8.287292817679557,14.3646408839779,77.34806629834254,70.1657458563536,7.18232044198895
E00082794,266,59,28,31,207,183,24,22.18045112781955,10.526315789473683,11.654135338345863,77.81954887218046,68.796992481203,9.022556390977442
E00082795,205,54,20,34,151,120,31,26.34146341463415,9.75609756097561,16.585365853658537,73.65853658536585,58.536585365853654,15.121951219512194
E00082796,126,39,18,21,87,76,11,30.952380952380953,14.285714285714285,16.666666666666664,69.04761904761905,60.317460317460316,8.73015873015873
E00082797,213,44,14,30,169,152,17,20.657276995305164,6.572769953051644,14.084507042253522,79.34272300469483,71.36150234741784,7.981220657276995
E00082798,311,53,25,28,258,234,24,17.041800643086816,8.038585209003216,9.003215434083602,82.95819935691318,75.2411575562701,7.717041800643088
E00082799,194,34,12,22,160,146,14,17.525773195876287,6.185567010309279,11.34020618556701,82.4742268041237,75.25773195876289,7.216494845360824
E00082800,213,52,23,29,161,144,17,24.413145539906104,10.7981220657277,13.615023474178404,75.5868544600939,67.6056338028169,7.981220657276995
E00082801,103,31,12,19,72,62,10,30.097087378640776,11.650485436893204,18.446601941747574,69.90291262135922,60.19417475728155,9.70873786407767
E00082802,138,42,22,20,96,83,13,30.434782608695656,15.942028985507244,14.492753623188406,69.56521739130434,60.14492753623188,9.420289855072465
E00082803,162,29,12,17,133,114,19,17.901234567901234,7.4074074074074066,10.493827160493826,82.09876543209876,70.37037037037037,11.728395061728394
E00082804,165,38,14,24,127,110,17,23.03030303030303,8.484848484848486,14.545454545454545,76.96969696969697,66.66666666666666,10.303030303030303
E00082805,159,47,16,31,112,99,13,29.559748427672954,10.062893081761008,19.49685534591195,70.44025157232704,62.264150943396224,8.176100628930817
E00082806,143,43,19,24,100,88,12,30.069930069930066,13.286713286713287,16.783216783216783,69.93006993006993,61.53846153846154,8.391608391608392
E00082807,134,43,11,32,91,81,10,32.08955223880597,8.208955223880597,23.88059701492537,67.91044776119402,60.447761194029844,7.462686567164178
E00082808,166,64,26,38,102,87,15,38.55421686746988,15.66265060240964,22.89156626506024,61.44578313253012,52.40963855421686,9.036144578313253
E00082809,205,35,13,22,170,148,22,17.073170731707318,6.341463414634147,10.731707317073171,82.92682926829268,72.1951219512195,10.731707317073171
E00082810,229,44,16,28,185,163,22,19.213973799126638,6.986899563318777,12.22707423580786,80.78602620087337,71.17903930131004,9.606986899563319
E00082811,169,39,14,25,130,113,17,23.076923076923077,8.284023668639055,14.792899408284024,76.92307692307693,66.86390532544378,10.059171597633137
E00082812,143,33,11,22,110,97,13,23.076923076923077,7.6923076923076925,15.384615384615385,76.92307692307693,67.83216783216784,9.090909090909092
E00082813,157,22,13,9,135,125,10,14.012738853503185,8.280254777070063,5.7324840764331215,85.98726114649682,79.61783439490446,6.369426751592357
E00082814,166,45,18,27,121,110,11,27.10843373493976,10.843373493975903,16.265060240963855,72.89156626506023,66.26506024096386,6.626506024096386
E00082815,159,32,15,17,127,115,12,20.125786163522015,9.433962264150944,10.69182389937107,79.87421383647799,72.32704402515722,7.547169811320755
E00082816,187,45,17,28,142,126,16,24.06417112299465,9.090909090909092,14.973262032085561,75.93582887700535,67.37967914438502,8.55614973262032
E00082818,101,19,5,14,82,78,4,18.81188118811881,4.9504950495049505,13.861386138613863,81.1881188118812,77.22772277227723,3.9603960396039604
E00082819,171,51,20,31,120,106,14,29.82456140350877,11.695906432748536,18.128654970760234,70.17543859649122,61.98830409356725,8.187134502923977
E00082820,159,34,12,22,125,109,16,21.38364779874214,7.547169811320755,13.836477987421384,78.61635220125787,68.55345911949685,10.062893081761008
E00082821,165,58,23,35,107,98,9,35.15151515151515,13.939393939393941,21.21212121212121,64.84848484848484,59.3939393939394,5.454545454545454
E00082823,95,30,8,22,65,59,6,31.57894736842105,8.421052631578947,23.157894736842106,68.42105263157895,62.10526315789474,6.315789473684211
E00082824,127,50,14,36,77,71,6,39.37007874015748,11.023622047244094,28.346456692913385,60.629921259842526,55.90551181102362,4.724409448818897
E00082825,92,31,10,21,61,58,3,33.69565217391305,10.869565217391305,22.82608695652174,66.30434782608695,63.04347826086957,3.260869565217391
E00082826,127,40,13,27,87,77,10,31.496062992125985,10.236220472440944,21.25984251968504,68.50393700787401,60.629921259842526,7.874015748031496
E00082827,187,61,23,38,126,114,12,32.62032085561498,12.299465240641712,20.32085561497326,67.37967914438502,60.962566844919785,6.417112299465241
E00082828,140,41,20,21,99,83,16,29.28571428571429,14.285714285714285,15,70.71428571428572,59.285714285714285,11.428571428571429
E00082830,154,51,15,36,103,97,6,33.116883116883116,9.740259740259742,23.376623376623375,66.88311688311688,62.98701298701299,3.896103896103896
E00082831,156,61,28,33,95,88,7,39.1025641025641,17.94871794871795,21.153846153846153,60.89743589743589,56.41025641025641,4.487179487179487
E00082832,97,19,6,13,78,67,11,19.587628865979383,6.185567010309279,13.402061855670103,80.41237113402062,69.0721649484536,11.34020618556701
E00082833,195,52,11,41,143,119,24,26.666666666666668,5.641025641025641,21.025641025641026,73.33333333333333,61.02564102564103,12.307692307692308
E00082834,130,36,14,22,94,80,14,27.692307692307693,10.76923076923077,16.923076923076923,72.3076923076923,61.53846153846154,10.76923076923077
E00082835,151,32,7,25,119,102,17,21.192052980132452,4.635761589403973,16.55629139072848,78.80794701986756,67.54966887417218,11.258278145695364
E00082836,160,37,11,26,123,109,14,23.125,6.875000000000001,16.25,76.875,68.125,8.75
E00082837,186,50,21,29,136,123,13,26.881720430107524,11.29032258064516,15.591397849462366,73.11827956989248,66.12903225806451,6.989247311827956
E00082838,157,45,20,25,112,103,9,28.662420382165603,12.738853503184714,15.92356687898089,71.3375796178344,65.60509554140127,5.7324840764331215
E00082839,151,33,16,17,118,107,11,21.85430463576159,10.596026490066226,11.258278145695364,78.1456953642384,70.86092715231787,7.28476821192053
E00082840,202,39,9,30,163,139,24,19.306930693069308,4.455445544554455,14.85148514851485,80.6930693069307,68.8118811881188,11.881188118811881
E00082841,180,46,16,30,134,123,11,25.555555555555554,8.88888888888889,16.666666666666664,74.44444444444444,68.33333333333333,6.111111111111111
E00082842,225,52,15,37,173,147,26,23.11111111111111,6.666666666666667,16.444444444444446,76.88888888888889,65.33333333333333,11.555555555555555
E00082843,143,39,11,28,104,96,8,27.27272727272727,7.6923076923076925,19.58041958041958,72.72727272727273,67.13286713286713,5.594405594405594
E00082844,185,42,15,27,143,131,12,22.702702702702705,8.108108108108109,14.594594594594595,77.29729729729729,70.8108108108108,6.486486486486487
E00082845,187,43,15,28,144,135,9,22.994652406417114,8.0213903743315509,14.973262032085561,77.00534759358288,72.19251336898395,4.81283422459893
E00082846,189,43,16,27,146,127,19,22.75132275132275,8.465608465608465,14.285714285714285,77.24867724867724,67.1957671957672,10.052910052910052
E00082847,133,30,9,21,103,83,20,22.55639097744361,6.7669172932330826,15.789473684210526,77.44360902255639,62.40601503759399,15.037593984962406
E00082848,122,29,11,18,93,84,9,23.770491803278688,9.01639344262295,14.754098360655737,76.22950819672131,68.85245901639344,7.377049180327869
E00082849,164,57,30,27,107,94,13,34.756097560975604,18.29268292682927,16.463414634146343,65.2439024390244,57.3170731707317,7.926829268292683
E00082850,163,57,28,29,106,88,18,34.96932515337423,17.177914110429448,17.791411042944784,65.03067484662577,53.987730061349694,11.042944785276074
E00082851,166,40,20,20,126,107,19,24.096385542168676,12.048192771084338,12.048192771084338,75.90361445783132,64.45783132530121,11.44578313253012
E00082853,232,78,38,40,154,134,20,33.62068965517241,16.379310344827587,17.24137931034483,66.37931034482759,57.758620689655174,8.620689655172415
E00082854,148,38,17,21,110,90,20,25.675675675675674,11.486486486486488,14.18918918918919,74.32432432432432,60.810810810810814,13.513513513513514
E00082855,164,36,13,23,128,114,14,21.951219512195124,7.926829268292683,14.02439024390244,78.04878048780488,69.51219512195121,8.536585365853659
E00082856,181,57,29,28,124,98,26,31.491712707182316,16.022099447513813,15.469613259668508,68.50828729281768,54.14364640883977,14.3646408839779
E00082857,201,82,38,44,119,102,17,40.79601990049751,18.90547263681592,21.890547263681594,59.20398009950249,50.74626865671642,8.45771144278607
E00082858,171,62,35,27,109,94,15,36.25730994152047,20.46783625730994,15.789473684210526,63.74269005847953,54.97076023391813,8.771929824561402
E00082859,192,61,21,40,131,107,24,31.770833333333332,10.9375,20.833333333333336,68.22916666666666,55.729166666666664,12.5
E00082860,147,65,33,32,82,72,10,44.21768707482993,22.448979591836736,21.768707482993197,55.78231292517006,48.97959183673469,6.802721088435375
E00082862,180,54,23,31,126,111,15,30,12.777777777777777,17.22222222222222,70,61.66666666666667,8.333333333333332
E00082863,160,53,18,35,107,91,16,33.125,11.25,21.875,66.875,56.875,10
E00082864,178,46,11,35,132,113,19,25.842696629213485,6.179775280898876,19.662921348314608,74.15730337078652,63.48314606741573,10.674157303370785
E00082865,161,48,20,28,113,109,4,29.81366459627329,12.422360248447205,17.391304347826086,70.1863354037267,67.70186335403726,2.484472049689441
E00082866,145,39,20,19,106,82,24,26.89655172413793,13.793103448275861,13.10344827586207,73.10344827586206,56.55172413793104,16.551724137931036
E00082867,213,73,26,47,140,122,18,34.27230046948357,12.206572769953052,22.065727699530516,65.72769953051643,57.27699530516433,8.450704225352112
E00082868,202,49,24,25,153,139,14,24.257425742574256,11.881188118811881,12.376237623762377,75.74257425742574,68.8118811881188,6.9306930693069315
E00082869,178,49,10,39,129,116,13,27.52808988764045,5.617977528089887,21.910112359550563,72.47191011235955,65.1685393258427,7.303370786516854
E00082870,265,78,32,46,187,156,31,29.433962264150942,12.075471698113208,17.358490566037734,70.56603773584905,58.867924528301884,11.69811320754717
E00082871,233,86,32,54,147,127,20,36.9098712446352,13.733905579399142,23.17596566523605,63.0901287553648,54.506437768240346,8.583690987124463
E00082872,185,40,14,26,145,135,10,21.62162162162162,7.567567567567568,14.054054054054054,78.37837837837837,72.97297297297297,5.405405405405405
E00082873,209,59,27,32,150,134,16,28.22966507177033,12.918660287081341,15.311004784688995,71.77033492822966,64.11483253588517,7.655502392344498
E00082874,227,82,32,50,145,136,9,36.12334801762114,14.096916299559473,22.026431718061673,63.87665198237885,59.91189427312775,3.9647577092511015
E00082875,208,75,45,30,133,124,9,36.05769230769231,21.634615384615387,14.423076923076922,63.942307692307686,59.61538461538461,4.326923076923077
E00082876,201,67,27,40,134,122,12,33.33333333333333,13.432835820895523,19.900497512437813,66.66666666666666,60.69651741293532,5.970149253731343
E00082877,177,59,23,36,118,106,12,33.33333333333333,12.994350282485875,20.33898305084746,66.66666666666666,59.887005649717516,6.779661016949152
E00082878,185,58,19,39,127,109,18,31.351351351351354,10.27027027027027,21.08108108108108,68.64864864864865,58.91891891891892,9.72972972972973
E00082879,218,67,17,50,151,126,25,30.73394495412844,7.79816513761468,22.93577981651376,69.26605504587155,57.798165137614674,11.46788990825688
E00082880,191,55,27,28,136,122,14,28.79581151832461,14.136125654450263,14.659685863874344,71.20418848167539,63.87434554973822,7.329842931937172
E00082881,149,35,11,24,114,100,14,23.48993288590604,7.38255033557047,16.10738255033557,76.51006711409396,67.11409395973155,9.395973154362416
E00082882,189,59,19,40,130,112,18,31.216931216931215,10.052910052910052,21.164021164021165,68.78306878306879,59.25925925925925,9.523809523809524
E00082883,181,59,24,35,122,107,15,32.59668508287293,13.259668508287293,19.337016574585636,67.40331491712708,59.11602209944752,8.287292817679557
E00082884,199,52,18,34,147,126,21,26.13065326633166,9.045226130653267,17.08542713567839,73.86934673366834,63.31658291457286,10.552763819095476
E00082885,162,52,29,23,110,94,16,32.098765432098766,17.901234567901234,14.19753086419753,67.90123456790124,58.0246913580247,9.876543209876543
E00082886,212,52,23,29,160,140,20,24.528301886792452,10.849056603773585,13.679245283018867,75.47169811320755,66.0377358490566,9.433962264150944
E00082888,176,59,25,34,117,97,20,33.52272727272727,14.204545454545455,19.318181818181817,66.47727272727273,55.11363636363637,11.363636363636363
E00082889,135,37,14,23,98,75,23,27.40740740740741,10.37037037037037,17.037037037037038,72.5925925925926,55.55555555555556,17.037037037037038
E00082890,113,36,16,20,77,65,12,31.858407079646017,14.15929203539823,17.699115044247787,68.14159292035397,57.52212389380531,10.619469026548673
E00082891,149,47,19,28,102,81,21,31.543624161073826,12.751677852348994,18.79194630872483,68.45637583892618,54.36241610738255,14.093959731543624
E00082892,133,44,7,37,89,72,17,33.08270676691729,5.263157894736842,27.819548872180448,66.9172932330827,54.13533834586466,12.781954887218044
E00082893,160,55,23,32,105,84,21,34.375,14.374999999999998,20,65.625,52.5,13.125
E00082894,159,61,26,35,98,73,25,38.36477987421384,16.352201257861633,22.0125786163522,61.63522012578616,45.911949685534594,15.723270440251572
E00082895,150,41,15,26,109,91,18,27.333333333333332,10,17.333333333333336,72.66666666666667,60.66666666666667,12
E00082896,159,47,10,37,112,93,19,29.559748427672954,6.289308176100629,23.270440251572328,70.44025157232704,58.490566037735846,11.949685534591195
E00082897,176,47,22,25,129,111,18,26.704545454545453,12.5,14.204545454545455,73.29545454545455,63.06818181818182,10.227272727272728
E00082898,143,38,8,30,105,92,13,26.573426573426573,5.594405594405594,20.97902097902098,73.42657342657343,64.33566433566433,9.090909090909092
E00082899,103,32,11,21,71,60,11,31.06796116504854,10.679611650485436,20.388349514563107,68.93203883495146,58.252427184466015,10.679611650485436
E00082900,169,42,17,25,127,110,17,24.85207100591716,10.059171597633137,14.792899408284024,75.14792899408283,65.08875739644971,10.059171597633137
E00082901,106,37,12,25,69,62,7,34.90566037735849,11.320754716981133,23.58490566037736,65.09433962264151,58.490566037735846,6.60377358490566
E00082902,151,42,18,24,109,97,12,27.81456953642384,11.920529801324504,15.894039735099339,72.18543046357617,64.23841059602648,7.9470198675496695
E00082903,47,17,11,6,30,26,4,36.17021276595745,23.404255319148938,12.76595744680851,63.829787234042556,55.319148936170215,8.51063829787234
E00082904,183,45,13,32,138,125,13,24.59016393442623,7.103825136612022,17.48633879781421,75.40983606557377,68.30601092896174,7.103825136612022
E00082905,143,52,18,34,91,77,14,36.36363636363637,12.587412587412588,23.776223776223777,63.63636363636363,53.84615384615385,9.79020979020979
E00082906,140,44,21,23,96,76,20,31.428571428571427,15,16.428571428571427,68.57142857142857,54.285714285714285,14.285714285714285
E00082907,212,63,20,43,149,138,11,29.71698113207547,9.433962264150944,20.28301886792453,70.28301886792453,65.09433962264151,5.188679245283019
E00082908,245,31,16,15,214,188,26,12.653061224489795,6.530612244897959,6.122448979591836,87.34693877551021,76.73469387755102,10.612244897959183
E00082909,148,62,41,21,86,76,10,41.891891891891895,27.7027027027027,14.18918918918919,58.108108108108105,51.35135135135135,6.756756756756757
E00082910,152,52,31,21,100,89,11,34.21052631578947,20.394736842105264,13.815789473684212,65.78947368421053,58.55263157894737,7.236842105263158
E00082911,163,48,17,31,115,96,19,29.447852760736197,10.429447852760736,19.018404907975462,70.5521472392638,58.895705521472394,11.65644171779141
E00082912,115,34,17,17,81,69,12,29.565217391304348,14.782608695652174,14.782608695652174,70.43478260869566,60,10.434782608695652
E00082913,142,41,18,23,101,92,9,28.87323943661972,12.676056338028168,16.19718309859155,71.12676056338029,64.7887323943662,6.338028169014084
E00082914,122,31,10,21,91,82,9,25.40983606557377,8.19672131147541,17.21311475409836,74.59016393442623,67.21311475409836,7.377049180327869
E00082915,287,40,13,27,247,214,33,13.937282229965156,4.529616724738676,9.40766550522648,86.06271777003485,74.56445993031359,11.498257839721255
E00082916,237,32,21,11,205,179,26,13.502109704641349,8.860759493670885,4.641350210970464,86.49789029535864,75.52742616033755,10.970464135021098
E00082917,187,44,23,21,143,134,9,23.52941176470588,12.299465240641712,11.229946524064172,76.47058823529412,71.65775401069519,4.81283422459893
E00082918,181,60,41,19,121,104,17,33.14917127071823,22.65193370165746,10.497237569060774,66.85082872928176,57.4585635359116,9.392265193370166
E00082919,180,41,19,22,139,117,22,22.77777777777778,10.555555555555555,12.222222222222221,77.22222222222223,65,12.222222222222221
E00082920,124,39,20,19,85,67,18,31.451612903225808,16.129032258064516,15.32258064516129,68.54838709677419,54.03225806451613,14.516129032258066
E00082921,173,31,10,21,142,125,17,17.91907514450867,5.780346820809249,12.138728323699421,82.08092485549133,72.25433526011561,9.826589595375722
E00082922,178,88,62,26,90,82,8,49.43820224719101,34.831460674157306,14.606741573033707,50.56179775280899,46.06741573033708,4.49438202247191
E00082923,147,67,38,29,80,68,12,45.57823129251701,25.850340136054424,19.727891156462583,54.421768707483,46.25850340136054,8.16326530612245
E00082924,116,40,21,19,76,64,12,34.48275862068966,18.103448275862068,16.379310344827587,65.51724137931035,55.172413793103445,10.344827586206897
E00082925,171,60,26,34,111,97,14,35.08771929824561,15.204678362573098,19.883040935672515,64.91228070175438,56.72514619883041,8.187134502923977
E00082926,193,98,71,27,95,79,16,50.77720207253886,36.787564766839374,13.989637305699482,49.22279792746114,40.932642487046635,8.290155440414509
E00082927,150,43,20,23,107,95,12,28.666666666666668,13.333333333333334,15.333333333333332,71.33333333333334,63.33333333333333,8
E00082928,148,79,62,17,69,56,13,53.37837837837838,41.891891891891895,11.486486486486488,46.62162162162162,37.83783783783784,8.783783783783784
E00082929,123,40,24,16,83,66,17,32.52032520325203,19.51219512195122,13.008130081300814,67.47967479674797,53.65853658536586,13.821138211382115
E00082930,129,47,25,22,82,75,7,36.434108527131784,19.379844961240313,17.05426356589147,63.565891472868216,58.139534883720934,5.426356589147287
E00082932,142,24,8,16,118,98,20,16.901408450704224,5.633802816901409,11.267605633802818,83.09859154929578,69.01408450704226,14.084507042253522
E00082933,191,54,36,18,137,113,24,28.272251308900525,18.848167539267017,9.424083769633508,71.72774869109948,59.16230366492147,12.56544502617801
E00082934,169,39,17,22,130,111,19,23.076923076923077,10.059171597633137,13.017751479289942,76.92307692307693,65.68047337278107,11.242603550295858
E00082935,169,50,16,34,119,108,11,29.585798816568047,9.467455621301776,20.118343195266274,70.41420118343196,63.905325443786985,6.508875739644971
E00082936,159,40,16,24,119,106,13,25.157232704402517,10.062893081761008,15.09433962264151,74.84276729559748,66.66666666666666,8.176100628930817
E00082937,154,33,10,23,121,107,14,21.428571428571427,6.493506493506493,14.935064935064934,78.57142857142857,69.48051948051948,9.090909090909092
E00082938,142,29,8,21,113,96,17,20.422535211267608,5.633802816901409,14.788732394366196,79.5774647887324,67.6056338028169,11.971830985915492
E00082939,253,44,18,26,209,187,22,17.391304347826086,7.114624505928854,10.276679841897234,82.6086956521739,73.91304347826086,8.695652173913043
E00082940,140,39,19,20,101,93,8,27.857142857142858,13.571428571428571,14.285714285714285,72.14285714285714,66.42857142857143,5.714285714285714
E00082941,146,65,18,47,81,80,1,44.52054794520548,12.32876712328767,32.19178082191781,55.47945205479452,54.794520547945204,0.684931506849315
E00082942,87,29,9,20,58,54,4,33.33333333333333,10.344827586206897,22.988505747126435,66.66666666666666,62.06896551724138,4.597701149425287
E00082943,73,16,7,9,57,53,4,21.91780821917808,9.58904109589041,12.32876712328767,78.08219178082192,72.6027397260274,5.47945205479452
E00082944,109,41,5,36,68,65,3,37.61467889908257,4.587155963302752,33.02752293577982,62.38532110091744,59.63302752293578,2.7522935779816518
E00082945,123,45,15,30,78,72,6,36.58536585365854,12.195121951219512,24.390243902439025,63.41463414634146,58.536585365853654,4.878048780487805
E00082946,117,37,9,28,80,67,13,31.62393162393162,7.6923076923076925,23.931623931623932,68.37606837606837,57.26495726495726,11.11111111111111
E00082947,197,54,23,31,143,128,15,27.411167512690355,11.6751269035533,15.736040609137056,72.58883248730965,64.9746192893401,7.614213197969544
E00082948,137,40,8,32,97,85,12,29.1970802919708,5.839416058394161,23.357664233576642,70.8029197080292,62.04379562043796,8.75912408759124
E00082949,157,41,12,29,116,103,13,26.11464968152866,7.643312101910828,18.471337579617835,73.88535031847134,65.60509554140127,8.280254777070063
E00082950,134,41,9,32,93,87,6,30.597014925373134,6.7164179104477615,23.88059701492537,69.40298507462687,64.92537313432835,4.477611940298507
E00082951,173,45,17,28,128,116,12,26.011560693641616,9.826589595375722,16.184971098265898,73.98843930635837,67.05202312138728,6.9364161849710975
E00082952,169,42,15,27,127,110,17,24.85207100591716,8.875739644970414,15.976331360946746,75.14792899408283,65.08875739644971,10.059171597633137
E00082953,161,59,13,46,102,92,10,36.64596273291926,8.074534161490684,28.57142857142857,63.35403726708074,57.14285714285714,6.211180124223603
E00082954,162,42,15,27,120,106,14,25.925925925925924,9.25925925925926,16.666666666666664,74.07407407407408,65.4320987654321,8.641975308641975
E00082955,150,41,10,31,109,100,9,27.333333333333332,6.666666666666667,20.666666666666668,72.66666666666667,66.66666666666666,6
E00082956,169,40,11,29,129,108,21,23.668639053254438,6.508875739644971,17.159763313609467,76.33136094674556,63.905325443786985,12.42603550295858
E00082957,101,34,9,25,67,62,5,33.663366336633665,8.91089108910891,24.752475247524753,66.33663366336634,61.386138613861384,4.9504950495049505
E00082958,185,58,15,43,127,114,13,31.351351351351354,8.108108108108109,23.243243243243246,68.64864864864865,61.62162162162163,7.027027027027027
E00082959,261,43,17,26,218,191,27,16.47509578544061,6.513409961685824,9.961685823754788,83.5249042145594,73.18007662835248,10.344827586206897
E00082960,163,29,11,18,134,121,13,17.791411042944784,6.748466257668712,11.042944785276074,82.20858895705521,74.23312883435584,7.975460122699387
E00082961,152,50,20,30,102,89,13,32.89473684210527,13.157894736842104,19.736842105263158,67.10526315789474,58.55263157894737,8.552631578947368
E00082962,196,29,12,17,167,146,21,14.795918367346939,6.122448979591836,8.673469387755102,85.20408163265306,74.48979591836735,10.714285714285714
E00082963,164,46,16,30,118,106,12,28.04878048780488,9.75609756097561,18.29268292682927,71.95121951219512,64.63414634146342,7.317073170731707
E00082964,211,41,14,27,170,143,27,19.431279620853083,6.6350710900473935,12.796208530805686,80.56872037914692,67.77251184834124,12.796208530805686
E00082965,164,35,13,22,129,105,24,21.341463414634145,7.926829268292683,13.414634146341465,78.65853658536585,64.02439024390245,14.634146341463413
E00082966,175,38,11,27,137,111,26,21.714285714285715,6.2857142857142865,15.428571428571427,78.28571428571428,63.42857142857142,14.857142857142858
E00082967,167,50,20,30,117,102,15,29.94011976047904,11.976047904191617,17.964071856287426,70.05988023952095,61.07784431137725,8.982035928143713
E00082968,191,56,25,31,135,106,29,29.31937172774869,13.089005235602095,16.230366492146597,70.68062827225131,55.497382198952884,15.18324607329843
E00082969,190,65,22,43,125,95,30,34.21052631578947,11.578947368421053,22.63157894736842,65.78947368421053,50,15.789473684210526
E00082970,180,46,13,33,134,110,24,25.555555555555554,7.222222222222221,18.333333333333332,74.44444444444444,61.111111111111114,13.333333333333334
E00082971,185,51,16,35,134,115,19,27.56756756756757,8.64864864864865,18.91891891891892,72.43243243243244,62.16216216216216,10.27027027027027
E00082972,192,55,19,36,137,110,27,28.645833333333332,9.895833333333332,18.75,71.35416666666666,57.291666666666664,14.0625
E00082973,114,19,3,16,95,84,11,16.666666666666664,2.631578947368421,14.035087719298245,83.33333333333334,73.68421052631578,9.649122807017543
E00082974,162,43,13,30,119,92,27,26.543209876543212,8.024691358024691,18.51851851851852,73.4567901234568,56.79012345679012,16.666666666666664
E00082975,165,49,21,28,116,100,16,29.6969696969697,12.727272727272727,16.969696969696972,70.3030303030303,60.60606060606061,9.696969696969697
E00082976,219,51,18,33,168,151,17,23.28767123287671,8.21917808219178,15.068493150684931,76.71232876712328,68.94977168949772,7.76255707762557
E00082977,200,65,19,46,135,109,26,32.5,9.5,23,67.5,54.50000000000001,13
E00082978,210,52,20,32,158,132,26,24.761904761904763,9.523809523809524,15.238095238095239,75.23809523809524,62.857142857142854,12.380952380952381
E00082979,194,58,23,35,136,115,21,29.896907216494846,11.855670103092782,18.04123711340206,70.10309278350515,59.27835051546392,10.824742268041238
E00082980,133,41,21,20,92,71,21,30.82706766917293,15.789473684210526,15.037593984962406,69.17293233082707,53.383458646616546,15.789473684210526
E00082981,161,44,20,24,117,97,20,27.32919254658385,12.422360248447205,14.906832298136646,72.67080745341616,60.24844720496895,12.422360248447205
E00082982,136,46,16,30,90,76,14,33.82352941176471,11.76470588235294,22.058823529411764,66.17647058823529,55.88235294117647,10.294117647058822
E00082983,169,53,15,38,116,99,17,31.360946745562128,8.875739644970414,22.485207100591715,68.63905325443787,58.57988165680473,10.059171597633137
E00082984,148,35,15,20,113,95,18,23.64864864864865,10.135135135135135,13.513513513513514,76.35135135135135,64.1891891891892,12.162162162162163
E00082985,191,60,34,26,131,108,23,31.413612565445025,17.801047120418847,13.612565445026178,68.58638743455498,56.54450261780105,12.041884816753926
E00082986,187,50,21,29,137,123,14,26.737967914438503,11.229946524064172,15.508021390374333,73.2620320855615,65.77540106951871,7.4866310160427805
E00082987,184,50,23,27,134,109,25,27.173913043478258,12.5,14.673913043478262,72.82608695652173,59.2391304347826,13.586956521739129
E00082988,158,40,12,28,118,91,27,25.31645569620253,7.59493670886076,17.72151898734177,74.68354430379746,57.59493670886076,17.088607594936708
E00082989,167,42,21,21,125,97,28,25.149700598802394,12.574850299401197,12.574850299401197,74.8502994011976,58.08383233532935,16.766467065868262
E00082990,164,41,17,24,123,95,28,25,10.365853658536585,14.634146341463413,75,57.92682926829268,17.073170731707318
E00082991,159,49,17,32,110,95,15,30.81761006289308,10.69182389937107,20.125786163522015,69.18238993710692,59.74842767295597,9.433962264150944
E00082992,168,53,20,33,115,104,11,31.547619047619047,11.904761904761903,19.642857142857142,68.45238095238095,61.904761904761905,6.547619047619048
E00082993,234,67,20,47,167,149,18,28.63247863247863,8.547008547008547,20.085470085470085,71.36752136752136,63.67521367521367,7.6923076923076925
E00082994,165,57,16,41,108,97,11,34.54545454545455,9.696969696969697,24.848484848484848,65.45454545454545,58.78787878787879,6.666666666666667
E00082995,92,28,6,22,64,58,6,30.434782608695656,6.521739130434782,23.91304347826087,69.56521739130434,63.04347826086957,6.521739130434782
E00082996,106,41,16,25,65,59,6,38.67924528301887,15.09433962264151,23.58490566037736,61.32075471698113,55.660377358490564,5.660377358490567
E00082997,157,40,7,33,117,100,17,25.477707006369428,4.45859872611465,21.019108280254777,74.52229299363057,63.69426751592356,10.828025477707007
E00082998,186,52,13,39,134,115,19,27.956989247311824,6.989247311827956,20.967741935483872,72.04301075268818,61.82795698924731,10.21505376344086
E00082999,170,37,11,26,133,112,21,21.764705882352942,6.470588235294119,15.294117647058824,78.23529411764706,65.88235294117646,12.352941176470589
E00083000,157,40,17,23,117,102,15,25.477707006369428,10.828025477707007,14.64968152866242,74.52229299363057,64.96815286624204,9.554140127388536
E00083001,144,42,17,25,102,90,12,29.166666666666668,11.805555555555555,17.36111111111111,70.83333333333334,62.5,8.333333333333332
E00083002,98,35,21,14,63,52,11,35.714285714285715,21.428571428571427,14.285714285714285,64.28571428571429,53.06122448979592,11.224489795918368
E00083003,181,55,19,36,126,117,9,30.386740331491712,10.497237569060774,19.88950276243094,69.61325966850829,64.64088397790056,4.972375690607735
E00083004,168,41,19,22,127,115,12,24.404761904761905,11.30952380952381,13.095238095238097,75.59523809523809,68.45238095238095,7.142857142857142
E00083005,125,31,7,24,94,83,11,24.8,5.6000000000000005,19.2,75.2,66.4,8.799999999999999
E00083006,198,63,27,36,135,122,13,31.818181818181817,13.636363636363635,18.181818181818183,68.18181818181817,61.61616161616161,6.565656565656567
E00083007,107,23,5,18,84,75,9,21.49532710280374,4.672897196261682,16.822429906542055,78.50467289719626,70.09345794392523,8.411214953271028
E00083008,195,70,31,39,125,108,17,35.8974358974359,15.897435897435896,20,64.1025641025641,55.38461538461539,8.717948717948717
E00083009,202,66,26,40,136,110,26,32.67326732673268,12.871287128712872,19.801980198019802,67.32673267326733,54.45544554455446,12.871287128712872
E00083010,153,57,14,43,96,82,14,37.254901960784316,9.15032679738562,28.104575163398692,62.745098039215684,53.59477124183007,9.15032679738562
E00083011,180,54,19,35,126,108,18,30,10.555555555555555,19.444444444444446,70,60,10
E00083012,136,35,6,29,101,96,5,25.735294117647058,4.411764705882353,21.323529411764707,74.26470588235294,70.58823529411765,3.6764705882352944
E00083013,72,21,6,15,51,40,11,29.166666666666668,8.333333333333332,20.833333333333336,70.83333333333334,55.55555555555556,15.277777777777779
E00083014,165,36,13,23,129,114,15,21.818181818181817,7.878787878787878,13.939393939393941,78.18181818181819,69.0909090909091,9.090909090909092
E00083015,179,52,22,30,127,107,20,29.05027932960894,12.290502793296088,16.75977653631285,70.94972067039106,59.77653631284916,11.1731843575419
E00083016,166,33,8,25,133,113,20,19.879518072289155,4.819277108433735,15.060240963855422,80.12048192771084,68.07228915662651,12.048192771084338
E00083017,163,52,22,30,111,93,18,31.901840490797547,13.496932515337424,18.404907975460123,68.09815950920245,57.05521472392638,11.042944785276074
E00083018,166,46,13,33,120,103,17,27.710843373493976,7.83132530120482,19.879518072289155,72.28915662650603,62.048192771084345,10.240963855421686
E00083019,189,51,18,33,138,126,12,26.984126984126984,9.523809523809524,17.46031746031746,73.01587301587301,66.66666666666666,6.349206349206349
E00083020,163,53,17,36,110,93,17,32.515337423312886,10.429447852760736,22.085889570552148,67.48466257668711,57.05521472392638,10.429447852760736
E00083021,141,34,10,24,107,96,11,24.113475177304963,7.092198581560284,17.02127659574468,75.88652482269504,68.08510638297872,7.801418439716312
E00083022,266,80,24,56,186,159,27,30.075187969924812,9.022556390977442,21.052631578947366,69.92481203007519,59.77443609022557,10.150375939849624
E00083023,116,32,12,20,84,77,7,27.586206896551722,10.344827586206897,17.24137931034483,72.41379310344827,66.37931034482759,6.0344827586206895
E00083025,185,56,18,38,129,106,23,30.270270270270274,9.72972972972973,20.54054054054054,69.72972972972973,57.2972972972973,12.432432432432433
E00083026,144,41,20,21,103,87,16,28.47222222222222,13.88888888888889,14.583333333333334,71.52777777777779,60.416666666666664,11.11111111111111
E00083027,218,50,16,34,168,151,17,22.93577981651376,7.339449541284404,15.59633027522936,77.06422018348624,69.26605504587155,7.79816513761468
E00083028,195,47,15,32,148,137,11,24.102564102564102,7.6923076923076925,16.41025641025641,75.8974358974359,70.25641025641025,5.641025641025641
E00083029,162,55,18,37,107,87,20,33.95061728395062,11.11111111111111,22.839506172839506,66.0493827160494,53.70370370370371,12.345679012345679
E00083031,148,42,12,30,106,89,17,28.37837837837838,8.108108108108109,20.27027027027027,71.62162162162163,60.13513513513513,11.486486486486488
E00083032,153,44,10,34,109,94,15,28.75816993464052,6.535947712418301,22.22222222222222,71.24183006535948,61.43790849673203,9.803921568627452
E00083033,238,46,22,24,192,177,15,19.327731092436977,9.243697478991598,10.084033613445378,80.67226890756302,74.36974789915966,6.302521008403361
E00083034,131,37,12,25,94,85,9,28.24427480916031,9.16030534351145,19.083969465648856,71.7557251908397,64.8854961832061,6.870229007633588
E00083035,111,41,12,29,70,62,8,36.93693693693694,10.81081081081081,26.126126126126124,63.06306306306306,55.85585585585585,7.207207207207207
E00083036,120,30,10,20,90,74,16,25,8.333333333333332,16.666666666666664,75,61.66666666666667,13.333333333333334
E00083037,158,53,19,34,105,88,17,33.54430379746836,12.025316455696203,21.518987341772153,66.45569620253164,55.69620253164557,10.759493670886076
E00083038,165,54,19,35,111,103,8,32.72727272727273,11.515151515151516,21.21212121212121,67.27272727272727,62.42424242424243,4.848484848484849
E00083039,166,58,20,38,108,99,9,34.93975903614458,12.048192771084338,22.89156626506024,65.06024096385542,59.63855421686747,5.421686746987952
E00083040,177,52,17,35,125,116,9,29.37853107344633,9.6045197740113,19.774011299435028,70.62146892655367,65.5367231638418,5.084745762711865
E00083041,148,40,16,24,108,99,9,27.027027027027028,10.81081081081081,16.216216216216218,72.97297297297297,66.8918918918919,6.081081081081082
E00083042,166,60,22,38,106,94,12,36.144578313253014,13.253012048192772,22.89156626506024,63.85542168674698,56.62650602409639,7.228915662650602
E00083043,128,35,12,23,93,85,8,27.34375,9.375,17.96875,72.65625,66.40625,6.25
E00083044,139,44,14,30,95,89,6,31.654676258992804,10.071942446043165,21.58273381294964,68.34532374100719,64.02877697841727,4.316546762589928
E00083045,136,35,13,22,101,91,10,25.735294117647058,9.558823529411764,16.176470588235293,74.26470588235294,66.91176470588235,7.352941176470589
E00083046,147,49,16,33,98,93,5,33.33333333333333,10.884353741496598,22.448979591836736,66.66666666666666,63.26530612244898,3.4013605442176873
E00083047,155,47,15,32,108,98,10,30.32258064516129,9.67741935483871,20.64516129032258,69.6774193548387,63.2258064516129,6.451612903225806
E00083048,168,46,13,33,122,104,18,27.380952380952383,7.738095238095238,19.642857142857142,72.61904761904762,61.904761904761905,10.714285714285714
E00083049,156,48,11,37,108,97,11,30.76923076923077,7.051282051282051,23.717948717948715,69.23076923076923,62.17948717948718,7.051282051282051
E00083050,164,57,16,41,107,100,7,34.756097560975604,9.75609756097561,25,65.2439024390244,60.97560975609756,4.2682926829268295
E00083051,77,18,4,14,59,50,9,23.376623376623375,5.194805194805195,18.181818181818183,76.62337662337663,64.93506493506493,11.688311688311687
E00083052,200,58,18,40,142,129,13,28.999999999999996,9,20,71,64.5,6.5
E00174473,162,123,96,27,39,31,8,75.92592592592592,59.25925925925925,16.666666666666664,24.074074074074073,19.1358024691358,4.938271604938271
E00174476,110,27,12,15,83,74,9,24.545454545454547,10.909090909090908,13.636363636363635,75.45454545454545,67.27272727272727,8.181818181818182
E00174478,166,99,79,20,67,50,17,59.63855421686747,47.59036144578313,12.048192771084338,40.36144578313253,30.120481927710845,10.240963855421686
E00174480,156,80,52,28,76,62,14,51.28205128205128,33.33333333333333,17.94871794871795,48.717948717948715,39.743589743589745,8.974358974358974
E00174481,134,27,10,17,107,92,15,20.149253731343283,7.462686567164178,12.686567164179104,79.8507462686567,68.65671641791045,11.194029850746269
E00174483,210,26,8,18,184,173,11,12.380952380952381,3.8095238095238098,8.571428571428571,87.61904761904762,82.38095238095238,5.238095238095238
E00174484,312,60,22,38,252,224,28,19.230769230769234,7.051282051282051,12.179487179487179,80.76923076923077,71.7948717948718,8.974358974358974
E00174486,239,11,4,7,228,203,25,4.602510460251046,1.6736401673640167,2.928870292887029,95.39748953974896,84.93723849372385,10.460251046025103
E00174487,283,28,11,17,255,219,36,9.89399293286219,3.8869257950530036,6.007067137809187,90.10600706713781,77.3851590106007,12.7208480565371
E00174489,136,21,14,7,115,94,21,15.441176470588236,10.294117647058822,5.147058823529411,84.55882352941177,69.11764705882352,15.441176470588236
E00174490,198,29,12,17,169,157,12,14.646464646464647,6.0606060606060606,8.585858585858585,85.35353535353535,79.29292929292929,6.0606060606060606
E00174492,107,8,5,3,99,90,9,7.476635514018691,4.672897196261682,2.803738317757009,92.5233644859813,84.11214953271028,8.411214953271028
E00174494,151,25,8,17,126,117,9,16.55629139072848,5.298013245033113,11.258278145695364,83.44370860927152,77.48344370860927,5.960264900662252
E00174495,263,21,8,13,242,215,27,7.984790874524715,3.041825095057034,4.942965779467681,92.01520912547528,81.74904942965779,10.26615969581749
E00174497,225,21,6,15,204,187,17,9.333333333333334,2.666666666666667,6.666666666666667,90.66666666666666,83.11111111111111,7.555555555555555
E00174498,152,17,8,9,135,123,12,11.18421052631579,5.263157894736842,5.921052631578947,88.81578947368422,80.92105263157895,7.894736842105263
E00174500,242,55,11,44,187,166,21,22.727272727272727,4.545454545454546,18.181818181818183,77.27272727272727,68.59504132231406,8.677685950413224
E00174501,230,48,12,36,182,163,19,20.869565217391305,5.217391304347826,15.65217391304348,79.13043478260869,70.86956521739131,8.26086956521739
E00174503,93,32,12,20,61,54,7,34.40860215053764,12.903225806451612,21.50537634408602,65.59139784946237,58.06451612903226,7.526881720430108
E00174506,172,33,14,19,139,118,21,19.186046511627907,8.13953488372093,11.046511627906977,80.81395348837209,68.6046511627907,12.209302325581394
E00174508,119,23,9,14,96,86,10,19.327731092436977,7.563025210084033,11.76470588235294,80.67226890756302,72.26890756302521,8.403361344537815
E00174509,246,22,14,8,224,203,21,8.94308943089431,5.691056910569105,3.2520325203252036,91.05691056910568,82.52032520325203,8.536585365853659
E00174511,250,17,10,7,233,211,22,6.800000000000001,4,2.8000000000000003,93.2,84.39999999999999,8.799999999999999
E00174512,116,15,5,10,101,91,10,12.931034482758621,4.310344827586207,8.620689655172415,87.06896551724138,78.44827586206897,8.620689655172415
E00174514,233,72,40,32,161,140,21,30.90128755364807,17.167381974248926,13.733905579399142,69.09871244635193,60.08583690987125,9.012875536480687
E00174515,323,45,14,31,278,251,27,13.93188854489164,4.3343653250774,9.597523219814242,86.06811145510835,77.70897832817337,8.359133126934983
E00174517,161,24,8,16,137,122,15,14.906832298136646,4.968944099378882,9.937888198757763,85.09316770186336,75.77639751552795,9.316770186335404
E00174518,96,6,4,2,90,78,12,6.25,4.166666666666666,2.083333333333333,93.75,81.25,12.5
E00174520,224,30,14,16,194,175,19,13.392857142857142,6.25,7.142857142857142,86.60714285714286,78.125,8.482142857142858
E00174522,99,10,6,4,89,82,7,10.1010101010101,6.0606060606060606,4.040404040404041,89.8989898989899,82.82828282828282,7.07070707070707
E00174523,139,28,12,16,111,96,15,20.14388489208633,8.633093525179856,11.510791366906476,79.85611510791367,69.06474820143885,10.79136690647482
E00174525,195,58,20,38,137,124,13,29.743589743589745,10.256410256410255,19.48717948717949,70.25641025641025,63.589743589743584,6.666666666666667
E00174526,190,28,8,20,162,152,10,14.736842105263156,4.2105263157894735,10.526315789473683,85.26315789473684,80,5.263157894736842
E00174528,132,30,13,17,102,88,14,22.727272727272727,9.848484848484848,12.878787878787879,77.27272727272727,66.66666666666666,10.606060606060606
E00174529,145,59,18,41,86,74,12,40.689655172413794,12.413793103448276,28.27586206896552,59.310344827586206,51.03448275862069,8.275862068965518
E00174534,171,29,11,18,142,121,21,16.95906432748538,6.432748538011696,10.526315789473683,83.04093567251462,70.76023391812866,12.280701754385964
E00174536,188,62,13,49,126,108,18,32.97872340425532,6.914893617021277,26.063829787234045,67.02127659574468,57.446808510638306,9.574468085106384
E00174537,134,44,14,30,90,75,15,32.83582089552239,10.44776119402985,22.388059701492537,67.16417910447761,55.970149253731336,11.194029850746269
E00174539,72,18,4,14,54,48,6,25,5.555555555555555,19.444444444444446,75,66.66666666666666,8.333333333333332
E00174540,48,15,7,8,33,29,4,31.25,14.583333333333334,16.666666666666664,68.75,60.416666666666664,8.333333333333332
E00174542,127,36,11,25,91,79,12,28.346456692913385,8.661417322834646,19.68503937007874,71.65354330708661,62.20472440944882,9.448818897637794
E00174543,120,20,9,11,100,92,8,16.666666666666664,7.5,9.166666666666666,83.33333333333334,76.66666666666667,6.666666666666667
E00174545,53,15,7,8,38,33,5,28.30188679245283,13.20754716981132,15.09433962264151,71.69811320754717,62.264150943396224,9.433962264150944
E00174548,164,49,14,35,115,101,14,29.878048780487802,8.536585365853659,21.341463414634145,70.1219512195122,61.58536585365854,8.536585365853659
E00174550,146,22,9,13,124,107,17,15.068493150684931,6.164383561643835,8.904109589041095,84.93150684931507,73.28767123287672,11.643835616438356
E00177239,239,121,95,26,118,111,7,50.627615062761514,39.74895397489539,10.87866108786611,49.37238493723849,46.44351464435147,2.928870292887029
E00177241,360,73,23,50,287,262,25,20.27777777777778,6.388888888888888,13.88888888888889,79.72222222222223,72.77777777777777,6.944444444444445
E00177242,97,20,9,11,77,69,8,20.618556701030926,9.278350515463918,11.34020618556701,79.38144329896907,71.1340206185567,8.24742268041237
E00177245,155,41,11,30,114,103,11,26.451612903225808,7.096774193548387,19.35483870967742,73.54838709677419,66.45161290322581,7.096774193548387
E00177247,117,14,6,8,103,93,10,11.965811965811966,5.128205128205128,6.837606837606838,88.03418803418803,79.48717948717949,8.547008547008547
E00177256,100,29,10,19,71,66,5,28.999999999999996,10,19,71,66,5
E00177264,119,21,11,10,98,89,9,17.647058823529413,9.243697478991598,8.403361344537815,82.35294117647058,74.78991596638656,7.563025210084033
E00177269,308,56,23,33,252,220,32,18.181818181818183,7.467532467532467,10.714285714285714,81.81818181818183,71.42857142857143,10.38961038961039
E00177270,232,23,7,16,209,187,22,9.913793103448276,3.0172413793103448,6.896551724137931,90.08620689655173,80.60344827586206,9.482758620689655
E00177279,136,26,10,16,110,94,16,19.11764705882353,7.352941176470589,11.76470588235294,80.88235294117648,69.11764705882352,11.76470588235294
E00177287,122,36,21,15,86,76,10,29.508196721311474,17.21311475409836,12.295081967213115,70.49180327868852,62.295081967213115,8.19672131147541
E00177289,199,45,11,34,154,137,17,22.613065326633166,5.527638190954774,17.08542713567839,77.38693467336684,68.84422110552764,8.542713567839195
E00177293,85,21,7,14,64,55,9,24.705882352941178,8.235294117647058,16.470588235294116,75.29411764705883,64.70588235294117,10.588235294117647
E00177301,339,31,15,16,308,270,38,9.144542772861357,4.424778761061947,4.71976401179941,90.85545722713864,79.64601769911505,11.209439528023598
E00177302,216,22,7,15,194,178,16,10.185185185185185,3.2407407407407405,6.944444444444445,89.81481481481481,82.4074074074074,7.4074074074074066
E00177304,73,17,9,8,56,56,0,23.28767123287671,12.32876712328767,10.95890410958904,76.71232876712328,76.71232876712328,0
E00177305,66,9,2,7,57,51,6,13.636363636363635,3.0303030303030303,10.606060606060606,86.36363636363636,77.27272727272727,9.090909090909092
E00177306,197,36,14,22,161,148,13,18.274111675126903,7.1065989847715745,11.16751269035533,81.7258883248731,75.1269035532995,6.598984771573605
E00177308,207,38,21,17,169,150,19,18.357487922705314,10.144927536231885,8.212560386473431,81.64251207729468,72.46376811594203,9.178743961352657
E00177320,146,44,19,25,102,86,16,30.136986301369863,13.013698630136986,17.123287671232877,69.86301369863014,58.9041095890411,10.95890410958904
E00177323,121,24,6,18,97,91,6,19.834710743801654,4.958677685950414,14.87603305785124,80.16528925619835,75.20661157024794,4.958677685950414
E00177330,162,60,47,13,102,86,16,37.03703703703704,29.01234567901235,8.024691358024691,62.96296296296296,53.086419753086425,9.876543209876543
E00177334,231,54,23,31,177,150,27,23.376623376623375,9.956709956709958,13.41991341991342,76.62337662337663,64.93506493506493,11.688311688311687
E00177339,93,19,7,12,74,71,3,20.43010752688172,7.526881720430108,12.903225806451612,79.56989247311827,76.34408602150538,3.225806451612903
E00177343,147,26,12,14,121,103,18,17.687074829931973,8.16326530612245,9.523809523809524,82.31292517006803,70.06802721088435,12.244897959183673
E00177348,72,9,1,8,63,62,1,12.5,1.3888888888888888,11.11111111111111,87.5,86.11111111111111,1.3888888888888888
E00177350,168,26,12,14,142,126,16,15.476190476190476,7.142857142857142,8.333333333333332,84.52380952380952,75,9.523809523809524
E00177353,271,32,8,24,239,206,33,11.808118081180812,2.952029520295203,8.856088560885608,88.19188191881919,76.01476014760148,12.177121771217712
E00177356,317,53,21,32,264,236,28,16.7192429022082,6.624605678233439,10.094637223974763,83.2807570977918,74.44794952681389,8.832807570977918
E00177357,77,13,4,9,64,55,9,16.883116883116884,5.194805194805195,11.688311688311687,83.11688311688312,71.42857142857143,11.688311688311687
E00177363,204,46,16,30,158,138,20,22.54901960784314,7.8431372549019605,14.705882352941178,77.45098039215686,67.64705882352942,9.803921568627452
