OA,ts0590001,ts0590002,ts0590003,ts0590004,ts0590005,ts0590006,ts0590007,ts0590002_PCT,ts0590003_PCT,ts0590004_PCT,ts0590005_PCT,ts0590006_PCT,ts0590007_PCT
E00020531,210,56,27,29,154,137,17,26.666666666666668,12.857142857142856,13.80952380952381,73.33333333333333,65.23809523809524,8.095238095238095
E00020532,169,45,19,26,124,105,19,26.627218934911244,11.242603550295858,15.384615384615385,73.37278106508876,62.1301775147929,11.242603550295858
E00020533,173,43,13,30,130,113,17,24.85549132947977,7.514450867052023,17.341040462427745,75.14450867052022,65.3179190751445,9.826589595375722
E00020534,178,49,16,33,129,112,17,27.52808988764045,8.98876404494382,18.53932584269663,72.47191011235955,62.92134831460674,9.550561797752808
E00020535,207,70,20,50,137,125,12,33.81642512077295,9.66183574879227,24.154589371980677,66.18357487922705,60.38647342995169,5.797101449275362
E00020536,160,40,14,26,120,104,16,25,8.75,16.25,75,65,10
E00020537,203,49,15,34,154,136,18,24.137931034482758,7.389162561576355,16.748768472906402,75.86206896551724,66.99507389162561,8.866995073891626
E00020538,207,57,26,31,150,131,19,27.536231884057973,12.560386473429952,14.975845410628018,72.46376811594203,63.28502415458937,9.178743961352657
E00020539,159,44,16,28,115,97,18,27.67295597484277,10.062893081761008,17.61006289308176,72.32704402515722,61.0062893081761,11.320754716981133
E00020540,172,59,15,44,113,103,10,34.30232558139535,8.720930232558139,25.581395348837212,65.69767441860465,59.883720930232556,5.813953488372093
E00020541,158,54,24,30,104,90,14,34.177215189873415,15.18987341772152,18.9873417721519,65.82278481012658,56.9620253164557,8.860759493670885
E00020542,172,53,24,29,119,104,15,30.813953488372093,13.953488372093023,16.86046511627907,69.18604651162791,60.46511627906976,8.720930232558139
E00020543,155,41,11,30,114,91,23,26.451612903225808,7.096774193548387,19.35483870967742,73.54838709677419,58.70967741935483,14.838709677419354
E00020544,141,40,15,25,101,93,8,28.368794326241137,10.638297872340425,17.73049645390071,71.63120567375887,65.95744680851064,5.673758865248227
E00020545,176,56,23,33,120,111,9,31.818181818181817,13.068181818181818,18.75,68.18181818181817,63.06818181818182,5.113636363636364
E00020546,162,48,13,35,114,102,12,29.629629629629626,8.024691358024691,21.604938271604937,70.37037037037037,62.96296296296296,7.4074074074074066
E00020547,159,47,16,31,112,93,19,29.559748427672954,10.062893081761008,19.49685534591195,70.44025157232704,58.490566037735846,11.949685534591195
E00020548,134,35,9,26,99,85,14,26.119402985074625,6.7164179104477615,19.402985074626866,73.88059701492537,63.43283582089553,10.44776119402985
E00020549,163,52,20,32,111,97,14,31.901840490797547,12.269938650306749,19.631901840490798,68.09815950920245,59.50920245398773,8.588957055214724
E00020550,185,59,23,36,126,100,26,31.891891891891895,12.432432432432433,19.45945945945946,68.10810810810811,54.054054054054056,14.054054054054054
E00020551,189,62,25,37,127,114,13,32.804232804232804,13.227513227513226,19.576719576719576,67.1957671957672,60.317460317460316,6.878306878306878
E00020552,181,51,18,33,130,107,23,28.176795580110497,9.94475138121547,18.23204419889503,71.8232044198895,59.11602209944752,12.70718232044199
E00020553,166,37,13,24,129,118,11,22.289156626506024,7.83132530120482,14.457831325301203,77.71084337349397,71.08433734939759,6.626506024096386
E00020554,121,34,7,27,87,72,15,28.09917355371901,5.785123966942149,22.31404958677686,71.900826446281,59.50413223140496,12.396694214876034
E00020555,178,57,22,35,121,109,12,32.02247191011236,12.359550561797752,19.662921348314608,67.97752808988764,61.23595505617978,6.741573033707865
E00020556,202,55,21,34,147,130,17,27.22772277227723,10.396039603960396,16.831683168316832,72.77227722772277,64.35643564356435,8.415841584158416
E00020557,184,54,22,32,130,116,14,29.347826086956523,11.956521739130435,17.391304347826086,70.65217391304348,63.04347826086957,7.608695652173914
E00020558,194,63,23,40,131,114,17,32.47422680412371,11.855670103092782,20.618556701030926,67.5257731958763,58.76288659793815,8.762886597938143
E00020559,88,31,12,19,57,46,11,35.22727272727273,13.636363636363635,21.59090909090909,64.77272727272727,52.27272727272727,12.5
E00020560,165,46,20,26,119,101,18,27.878787878787882,12.121212121212121,15.757575757575756,72.12121212121212,61.212121212121204,10.909090909090908
E00020561,215,65,22,43,150,134,16,30.23255813953488,10.232558139534884,20,69.76744186046511,62.32558139534884,7.441860465116279
E00020562,161,48,13,35,113,99,14,29.81366459627329,8.074534161490684,21.73913043478261,70.1863354037267,61.49068322981367,8.695652173913043
E00020563,117,41,8,33,76,66,10,35.04273504273504,6.837606837606838,28.205128205128204,64.95726495726495,56.41025641025641,8.547008547008547
E00020565,218,90,28,62,128,113,15,41.284403669724774,12.844036697247708,28.440366972477065,58.71559633027523,51.8348623853211,6.8807339449541285
E00020566,114,36,12,24,78,71,7,31.57894736842105,10.526315789473683,21.052631578947366,68.42105263157895,62.28070175438597,6.140350877192982
E00020567,42,18,8,10,24,23,1,42.857142857142854,19.047619047619047,23.809523809523807,57.14285714285714,54.761904761904766,2.380952380952381
E00020568,150,36,16,20,114,90,24,24,10.666666666666668,13.333333333333334,76,60,16
E00020569,170,45,15,30,125,111,14,26.47058823529412,8.823529411764707,17.647058823529413,73.52941176470588,65.29411764705883,8.235294117647058
E00020570,59,17,5,12,42,35,7,28.8135593220339,8.47457627118644,20.33898305084746,71.1864406779661,59.32203389830508,11.864406779661017
E00020571,115,53,18,35,62,53,9,46.08695652173913,15.65217391304348,30.434782608695656,53.91304347826087,46.08695652173913,7.82608695652174
E00020572,199,59,19,40,140,124,16,29.64824120603015,9.547738693467336,20.100502512562816,70.35175879396985,62.311557788944725,8.040201005025125
E00020573,143,50,21,29,93,78,15,34.96503496503497,14.685314685314685,20.27972027972028,65.03496503496503,54.54545454545454,10.48951048951049
E00020574,97,25,11,14,72,61,11,25.773195876288657,11.34020618556701,14.432989690721648,74.22680412371135,62.88659793814433,11.34020618556701
E00020575,120,52,18,34,68,58,10,43.333333333333336,15,28.333333333333332,56.666666666666664,48.333333333333336,8.333333333333332
E00020576,207,53,16,37,154,132,22,25.60386473429952,7.729468599033816,17.874396135265698,74.39613526570048,63.76811594202898,10.628019323671497
E00020577,156,55,20,35,101,88,13,35.256410256410255,12.82051282051282,22.435897435897438,64.74358974358975,56.41025641025641,8.333333333333332
E00020578,133,40,15,25,93,87,6,30.075187969924812,11.278195488721805,18.796992481203006,69.92481203007519,65.41353383458647,4.511278195488721
E00020579,202,70,29,41,132,121,11,34.65346534653465,14.356435643564355,20.2970297029703,65.34653465346535,59.900990099009896,5.445544554455446
E00020580,154,48,11,37,106,94,12,31.16883116883117,7.142857142857142,24.025974025974026,68.83116883116884,61.038961038961034,7.792207792207792
E00020581,130,51,18,33,79,73,6,39.23076923076923,13.846153846153847,25.384615384615383,60.76923076923077,56.15384615384615,4.615384615384616
E00020582,92,41,12,29,51,46,5,44.565217391304344,13.043478260869565,31.521739130434785,55.434782608695656,50,5.434782608695652
E00020583,147,47,25,22,100,84,16,31.97278911564626,17.006802721088434,14.965986394557824,68.02721088435374,57.14285714285714,10.884353741496598
E00020584,151,44,14,30,107,94,13,29.13907284768212,9.271523178807946,19.867549668874172,70.86092715231787,62.251655629139066,8.609271523178808
E00020585,149,42,11,31,107,82,25,28.187919463087248,7.38255033557047,20.80536912751678,71.81208053691275,55.033557046979865,16.778523489932887
E00020586,189,49,24,25,140,120,20,25.925925925925924,12.698412698412698,13.227513227513226,74.07407407407408,63.49206349206349,10.582010582010582
E00020587,168,44,19,25,124,103,21,26.190476190476193,11.30952380952381,14.880952380952381,73.80952380952381,61.30952380952381,12.5
E00020588,164,42,12,30,122,108,14,25.609756097560975,7.317073170731707,18.29268292682927,74.39024390243902,65.85365853658537,8.536585365853659
E00020589,147,41,17,24,106,86,20,27.89115646258503,11.564625850340136,16.3265306122449,72.10884353741497,58.50340136054422,13.60544217687075
E00020590,148,44,17,27,104,86,18,29.72972972972973,11.486486486486488,18.243243243243242,70.27027027027027,58.108108108108105,12.162162162162163
E00020591,148,36,9,27,112,89,23,24.324324324324326,6.081081081081082,18.243243243243242,75.67567567567568,60.13513513513513,15.54054054054054
E00020592,156,43,19,24,113,96,17,27.564102564102566,12.179487179487179,15.384615384615385,72.43589743589743,61.53846153846154,10.897435897435898
E00020593,97,30,18,12,67,51,16,30.927835051546392,18.556701030927837,12.371134020618557,69.0721649484536,52.57731958762887,16.49484536082474
E00020594,282,78,24,54,204,175,29,27.659574468085108,8.51063829787234,19.148936170212767,72.3404255319149,62.056737588652474,10.28368794326241
E00020595,185,55,22,33,130,107,23,29.72972972972973,11.891891891891893,17.83783783783784,70.27027027027027,57.83783783783784,12.432432432432433
E00020596,149,39,16,23,110,100,10,26.174496644295303,10.738255033557047,15.436241610738255,73.8255033557047,67.11409395973155,6.7114093959731544
E00020597,181,55,17,38,126,105,21,30.386740331491712,9.392265193370166,20.994475138121548,69.61325966850829,58.011049723756905,11.602209944751381
E00020598,174,42,15,27,132,113,19,24.137931034482758,8.620689655172415,15.517241379310345,75.86206896551724,64.9425287356322,10.919540229885058
E00020599,143,35,19,16,108,88,20,24.475524475524477,13.286713286713287,11.188811188811188,75.52447552447552,61.53846153846154,13.986013986013987
E00020600,151,37,14,23,114,84,30,24.503311258278146,9.271523178807946,15.2317880794702,75.49668874172185,55.62913907284768,19.867549668874172
E00020601,67,17,4,13,50,44,6,25.37313432835821,5.970149253731343,19.402985074626866,74.6268656716418,65.67164179104478,8.955223880597014
E00020602,146,33,9,24,113,105,8,22.602739726027394,6.164383561643835,16.43835616438356,77.3972602739726,71.91780821917808,5.47945205479452
E00020603,147,25,8,17,122,108,14,17.006802721088434,5.442176870748299,11.564625850340136,82.99319727891157,73.46938775510205,9.523809523809524
E00020604,149,40,18,22,109,70,39,26.845637583892618,12.080536912751679,14.76510067114094,73.15436241610739,46.97986577181208,26.174496644295303
E00020605,120,16,3,13,104,88,16,13.333333333333334,2.5,10.833333333333334,86.66666666666667,73.33333333333333,13.333333333333334
E00020606,214,39,15,24,175,161,14,18.22429906542056,7.009345794392523,11.214953271028037,81.77570093457945,75.23364485981308,6.5420560747663545
E00020607,156,39,19,20,117,100,17,25,12.179487179487179,12.82051282051282,75,64.1025641025641,10.897435897435898
E00020608,141,42,17,25,99,92,7,29.78723404255319,12.056737588652481,17.73049645390071,70.2127659574468,65.24822695035462,4.964539007092199
E00020609,117,38,24,14,79,65,14,32.47863247863248,20.51282051282051,11.965811965811966,67.52136752136752,55.55555555555556,11.965811965811966
E00020610,147,40,17,23,107,90,17,27.2108843537415,11.564625850340136,15.646258503401361,72.78911564625851,61.224489795918366,11.564625850340136
E00020611,174,36,13,23,138,117,21,20.689655172413794,7.471264367816093,13.218390804597702,79.3103448275862,67.24137931034483,12.068965517241379
E00020612,172,45,16,29,127,97,30,26.16279069767442,9.30232558139535,16.86046511627907,73.83720930232558,56.395348837209305,17.441860465116278
E00020613,121,30,12,18,91,84,7,24.793388429752067,9.917355371900827,14.87603305785124,75.20661157024794,69.42148760330579,5.785123966942149
E00020614,131,51,14,37,80,70,10,38.93129770992366,10.687022900763358,28.24427480916031,61.06870229007634,53.43511450381679,7.633587786259542
E00020615,146,62,22,40,84,74,10,42.465753424657535,15.068493150684931,27.397260273972602,57.534246575342465,50.68493150684932,6.8493150684931505
E00020616,144,35,19,16,109,96,13,24.305555555555554,13.194444444444445,11.11111111111111,75.69444444444444,66.66666666666666,9.027777777777777
E00020617,153,60,22,38,93,80,13,39.21568627450981,14.37908496732026,24.836601307189543,60.78431372549019,52.28758169934641,8.49673202614379
E00020618,145,44,22,22,101,80,21,30.344827586206897,15.172413793103448,15.172413793103448,69.6551724137931,55.172413793103445,14.482758620689657
E00020619,116,25,11,14,91,82,9,21.551724137931032,9.482758620689655,12.068965517241379,78.44827586206897,70.6896551724138,7.758620689655173
E00020620,123,36,11,25,87,75,12,29.268292682926827,8.94308943089431,20.32520325203252,70.73170731707317,60.97560975609756,9.75609756097561
E00020621,157,53,28,25,104,73,31,33.75796178343949,17.8343949044586,15.92356687898089,66.2420382165605,46.496815286624205,19.745222929936308
E00020622,143,46,22,24,97,79,18,32.16783216783217,15.384615384615385,16.783216783216783,67.83216783216784,55.24475524475524,12.587412587412588
E00020623,131,29,5,24,102,84,18,22.137404580152673,3.816793893129771,18.3206106870229,77.86259541984732,64.12213740458014,13.740458015267176
E00020624,228,44,15,29,184,159,25,19.298245614035086,6.578947368421052,12.719298245614036,80.7017543859649,69.73684210526315,10.964912280701753
E00020625,119,33,12,21,86,69,17,27.73109243697479,10.084033613445378,17.647058823529413,72.26890756302521,57.98319327731093,14.285714285714285
E00020626,164,39,17,22,125,103,22,23.78048780487805,10.365853658536585,13.414634146341465,76.21951219512195,62.80487804878049,13.414634146341465
E00020627,123,28,8,20,95,85,10,22.76422764227642,6.504065040650407,16.260162601626014,77.23577235772358,69.10569105691057,8.130081300813007
E00020628,187,40,8,32,147,128,19,21.390374331550802,4.27807486631016,17.11229946524064,78.6096256684492,68.44919786096256,10.16042780748663
E00020629,167,56,24,32,111,102,9,33.532934131736525,14.37125748502994,19.16167664670659,66.46706586826348,61.07784431137725,5.389221556886228
E00020630,170,58,15,43,112,89,23,34.11764705882353,8.823529411764707,25.294117647058822,65.88235294117646,52.352941176470594,13.529411764705882
E00020631,156,54,21,33,102,83,19,34.61538461538461,13.461538461538462,21.153846153846153,65.38461538461539,53.205128205128204,12.179487179487179
E00020632,71,27,10,17,44,36,8,38.028169014084504,14.084507042253522,23.943661971830984,61.97183098591549,50.70422535211267,11.267605633802818
E00020633,147,33,17,16,114,95,19,22.448979591836736,11.564625850340136,10.884353741496598,77.55102040816327,64.62585034013605,12.925170068027212
E00020634,172,52,23,29,120,99,21,30.23255813953488,13.372093023255813,16.86046511627907,69.76744186046511,57.55813953488372,12.209302325581394
E00020635,146,38,18,20,108,88,20,26.027397260273972,12.32876712328767,13.698630136986301,73.97260273972603,60.273972602739725,13.698630136986301
E00020636,163,43,19,24,120,106,14,26.380368098159508,11.65644171779141,14.723926380368098,73.61963190184049,65.03067484662577,8.588957055214724
E00020637,196,42,16,26,154,129,25,21.428571428571427,8.16326530612245,13.26530612244898,78.57142857142857,65.81632653061224,12.755102040816327
E00020638,173,42,15,27,131,114,17,24.277456647398843,8.670520231213873,15.606936416184972,75.72254335260115,65.89595375722543,9.826589595375722
E00020639,233,75,28,47,158,139,19,32.18884120171674,12.017167381974248,20.171673819742487,67.81115879828327,59.65665236051502,8.15450643776824
E00020640,166,38,16,22,128,110,18,22.89156626506024,9.63855421686747,13.253012048192772,77.10843373493977,66.26506024096386,10.843373493975903
E00020641,152,53,19,34,99,84,15,34.868421052631575,12.5,22.36842105263158,65.13157894736842,55.26315789473685,9.868421052631579
E00020642,123,31,14,17,92,77,15,25.203252032520325,11.38211382113821,13.821138211382115,74.79674796747967,62.601626016260155,12.195121951219512
E00020643,222,53,18,35,169,138,31,23.873873873873876,8.108108108108109,15.765765765765765,76.12612612612612,62.16216216216216,13.963963963963963
E00020644,211,59,16,43,152,127,25,27.96208530805687,7.5829383886255926,20.379146919431278,72.03791469194313,60.18957345971564,11.848341232227488
E00020645,143,29,9,20,114,100,14,20.27972027972028,6.293706293706294,13.986013986013987,79.72027972027972,69.93006993006993,9.79020979020979
E00020646,229,77,27,50,152,137,15,33.624454148471614,11.790393013100436,21.83406113537118,66.37554585152839,59.82532751091703,6.550218340611353
E00020647,163,40,15,25,123,115,8,24.539877300613497,9.202453987730062,15.337423312883436,75.4601226993865,70.5521472392638,4.9079754601226995
E00020648,237,69,27,42,168,150,18,29.11392405063291,11.39240506329114,17.72151898734177,70.88607594936708,63.29113924050633,7.59493670886076
E00020649,177,70,29,41,107,89,18,39.548022598870055,16.38418079096045,23.163841807909606,60.451977401129945,50.282485875706215,10.16949152542373
E00020650,166,40,17,23,126,104,22,24.096385542168676,10.240963855421686,13.855421686746988,75.90361445783132,62.65060240963856,13.253012048192772
E00020651,149,37,14,23,112,91,21,24.832214765100673,9.395973154362416,15.436241610738255,75.16778523489933,61.07382550335571,14.093959731543624
E00020652,163,54,21,33,109,89,20,33.12883435582822,12.883435582822086,20.245398773006134,66.87116564417178,54.601226993865026,12.269938650306749
E00020653,167,40,13,27,127,112,15,23.952095808383234,7.784431137724551,16.16766467065868,76.04790419161677,67.06586826347305,8.982035928143713
E00020654,137,26,15,11,111,93,18,18.97810218978102,10.948905109489052,8.02919708029197,81.02189781021897,67.88321167883211,13.138686131386862
E00020655,174,39,15,24,135,108,27,22.413793103448278,8.620689655172415,13.793103448275861,77.58620689655173,62.06896551724138,15.517241379310345
E00020656,157,49,12,37,108,87,21,31.210191082802545,7.643312101910828,23.56687898089172,68.78980891719745,55.4140127388535,13.375796178343949
E00020657,152,28,11,17,124,103,21,18.421052631578945,7.236842105263158,11.18421052631579,81.57894736842105,67.76315789473685,13.815789473684212
E00020658,227,65,18,47,162,130,32,28.634361233480178,7.929515418502203,20.704845814977972,71.36563876651982,57.268722466960355,14.096916299559473
E00020659,181,40,18,22,141,119,22,22.099447513812155,9.94475138121547,12.154696132596685,77.90055248618785,65.74585635359117,12.154696132596685
E00020660,168,65,23,42,103,82,21,38.69047619047619,13.690476190476192,25,61.30952380952381,48.80952380952381,12.5
E00020661,144,37,14,23,107,86,21,25.694444444444443,9.722222222222223,15.972222222222221,74.30555555555556,59.72222222222222,14.583333333333334
E00020662,181,60,23,37,121,103,18,33.14917127071823,12.70718232044199,20.441988950276244,66.85082872928176,56.9060773480663,9.94475138121547
E00020663,167,35,12,23,132,112,20,20.958083832335326,7.18562874251497,13.77245508982036,79.04191616766467,67.06586826347305,11.976047904191617
E00020664,173,55,15,40,118,99,19,31.79190751445087,8.670520231213873,23.121387283236995,68.20809248554913,57.22543352601156,10.982658959537572
E00020665,171,46,21,25,125,95,30,26.900584795321635,12.280701754385964,14.619883040935672,73.09941520467837,55.55555555555556,17.543859649122805
E00020666,230,65,25,40,165,132,33,28.26086956521739,10.869565217391305,17.391304347826086,71.73913043478261,57.391304347826086,14.347826086956522
E00020667,166,52,24,28,114,82,32,31.32530120481928,14.457831325301203,16.867469879518072,68.67469879518072,49.39759036144578,19.27710843373494
E00020668,175,52,18,34,123,113,10,29.714285714285715,10.285714285714285,19.428571428571427,70.28571428571428,64.57142857142857,5.714285714285714
E00020669,167,47,13,34,120,108,12,28.143712574850298,7.784431137724551,20.359281437125748,71.8562874251497,64.67065868263472,7.18562874251497
E00020670,168,49,16,33,119,100,19,29.166666666666668,9.523809523809524,19.642857142857142,70.83333333333334,59.523809523809526,11.30952380952381
E00020671,134,43,9,34,91,75,16,32.08955223880597,6.7164179104477615,25.37313432835821,67.91044776119402,55.970149253731336,11.940298507462686
E00020672,166,54,23,31,112,79,33,32.53012048192771,13.855421686746988,18.67469879518072,67.46987951807229,47.59036144578313,19.879518072289155
E00020673,147,40,15,25,107,81,26,27.2108843537415,10.204081632653061,17.006802721088434,72.78911564625851,55.10204081632652,17.687074829931973
E00020674,184,54,17,37,130,110,20,29.347826086956523,9.239130434782608,20.108695652173914,70.65217391304348,59.78260869565217,10.869565217391305
E00020675,111,38,16,22,73,58,15,34.234234234234236,14.414414414414415,19.81981981981982,65.76576576576578,52.25225225225225,13.513513513513514
E00020676,117,37,19,18,80,62,18,31.62393162393162,16.23931623931624,15.384615384615385,68.37606837606837,52.991452991452995,15.384615384615385
E00020677,209,62,20,42,147,119,28,29.665071770334926,9.569377990430622,20.095693779904305,70.33492822966507,56.9377990430622,13.397129186602871
E00020678,144,35,11,24,109,94,15,24.305555555555554,7.638888888888889,16.666666666666664,75.69444444444444,65.27777777777779,10.416666666666668
E00020679,188,63,25,38,125,101,24,33.51063829787234,13.297872340425531,20.212765957446805,66.48936170212765,53.72340425531915,12.76595744680851
E00020680,188,51,20,31,137,117,20,27.127659574468083,10.638297872340425,16.48936170212766,72.87234042553192,62.23404255319149,10.638297872340425
E00020681,167,49,23,26,118,100,18,29.34131736526946,13.77245508982036,15.568862275449103,70.65868263473054,59.88023952095808,10.778443113772456
E00020682,175,43,17,26,132,111,21,24.571428571428573,9.714285714285714,14.857142857142858,75.42857142857143,63.42857142857142,12
E00020683,187,63,34,29,124,100,24,33.68983957219251,18.181818181818183,15.508021390374333,66.31016042780749,53.475935828877006,12.834224598930483
E00020684,168,40,19,21,128,102,26,23.809523809523807,11.30952380952381,12.5,76.19047619047619,60.71428571428571,15.476190476190476
E00020685,156,47,14,33,109,91,18,30.128205128205128,8.974358974358974,21.153846153846153,69.87179487179486,58.333333333333336,11.538461538461538
E00020686,167,45,19,26,122,96,26,26.94610778443114,11.377245508982035,15.568862275449103,73.05389221556887,57.48502994011976,15.568862275449103
E00020687,125,36,12,24,89,74,15,28.799999999999997,9.6,19.2,71.2,59.199999999999996,12
E00020688,176,67,25,42,109,85,24,38.06818181818182,14.204545454545455,23.863636363636363,61.93181818181818,48.29545454545455,13.636363636363635
E00020689,186,50,14,36,136,118,18,26.881720430107524,7.526881720430108,19.35483870967742,73.11827956989248,63.44086021505376,9.67741935483871
E00020690,189,50,22,28,139,119,20,26.455026455026452,11.64021164021164,14.814814814814813,73.54497354497354,62.96296296296296,10.582010582010582
E00020692,200,49,21,28,151,131,20,24.5,10.5,14.000000000000002,75.5,65.5,10
E00020693,162,55,23,32,107,87,20,33.95061728395062,14.19753086419753,19.753086419753085,66.0493827160494,53.70370370370371,12.345679012345679
E00020694,199,55,16,39,144,121,23,27.63819095477387,8.040201005025125,19.597989949748744,72.36180904522614,60.80402010050251,11.557788944723619
E00020695,173,47,24,23,126,91,35,27.167630057803464,13.872832369942195,13.294797687861271,72.83236994219652,52.601156069364166,20.23121387283237
E00020696,131,44,13,31,87,61,26,33.587786259541986,9.923664122137405,23.66412213740458,66.41221374045801,46.56488549618321,19.84732824427481
E00020697,187,57,31,26,130,95,35,30.481283422459892,16.577540106951872,13.903743315508022,69.5187165775401,50.80213903743316,18.71657754010695
E00020698,133,43,19,24,90,66,24,32.33082706766917,14.285714285714285,18.045112781954884,67.66917293233082,49.62406015037594,18.045112781954884
E00020699,143,44,19,25,99,72,27,30.76923076923077,13.286713286713287,17.482517482517483,69.23076923076923,50.349650349650354,18.88111888111888
E00020700,124,38,24,14,86,58,28,30.64516129032258,19.35483870967742,11.29032258064516,69.35483870967742,46.774193548387096,22.58064516129032
E00020702,189,56,20,36,133,96,37,29.629629629629626,10.582010582010582,19.047619047619047,70.37037037037037,50.79365079365079,19.576719576719576
E00020703,169,52,19,33,117,80,37,30.76923076923077,11.242603550295858,19.526627218934912,69.23076923076923,47.337278106508876,21.893491124260358
E00020704,155,54,28,26,101,77,24,34.83870967741935,18.064516129032256,16.7741935483871,65.16129032258064,49.67741935483871,15.483870967741936
E00020705,124,45,18,27,79,57,22,36.29032258064516,14.516129032258066,21.774193548387096,63.70967741935484,45.96774193548387,17.741935483870968
E00020706,148,53,30,23,95,64,31,35.810810810810814,20.27027027027027,15.54054054054054,64.1891891891892,43.24324324324324,20.945945945945947
E00020707,180,56,27,29,124,80,44,31.11111111111111,15,16.11111111111111,68.88888888888889,44.44444444444444,24.444444444444443
E00020708,176,56,23,33,120,104,16,31.818181818181817,13.068181818181818,18.75,68.18181818181817,59.09090909090909,9.090909090909092
E00020709,160,39,12,27,121,105,16,24.375,7.5,16.875,75.625,65.625,10
E00020710,197,60,16,44,137,122,15,30.456852791878177,8.121827411167512,22.33502538071066,69.54314720812182,61.92893401015228,7.614213197969544
E00020711,204,60,20,40,144,124,20,29.411764705882355,9.803921568627452,19.607843137254903,70.58823529411765,60.78431372549019,9.803921568627452
E00020712,203,61,26,35,142,125,17,30.049261083743843,12.807881773399016,17.24137931034483,69.95073891625616,61.57635467980296,8.374384236453201
E00020713,180,36,15,21,144,119,25,20,8.333333333333332,11.666666666666666,80,66.11111111111111,13.88888888888889
E00020714,174,58,20,38,116,100,16,33.33333333333333,11.494252873563218,21.839080459770116,66.66666666666666,57.47126436781609,9.195402298850574
E00020715,198,61,32,29,137,124,13,30.808080808080806,16.161616161616163,14.646464646464647,69.1919191919192,62.62626262626263,6.565656565656567
E00020716,213,67,24,43,146,126,20,31.455399061032864,11.267605633802818,20.187793427230048,68.54460093896714,59.154929577464785,9.389671361502346
E00020718,171,61,24,37,110,88,22,35.67251461988304,14.035087719298245,21.637426900584796,64.32748538011695,51.461988304093566,12.865497076023392
E00020719,67,20,9,11,47,43,4,29.850746268656714,13.432835820895523,16.417910447761194,70.1492537313433,64.17910447761194,5.970149253731343
E00020720,166,51,15,36,115,100,15,30.72289156626506,9.036144578313253,21.686746987951807,69.27710843373494,60.24096385542169,9.036144578313253
E00020721,168,53,22,31,115,94,21,31.547619047619047,13.095238095238097,18.452380952380953,68.45238095238095,55.952380952380956,12.5
E00020722,187,50,19,31,137,106,31,26.737967914438503,10.16042780748663,16.577540106951872,73.2620320855615,56.68449197860963,16.577540106951872
E00020723,174,42,19,23,132,114,18,24.137931034482758,10.919540229885058,13.218390804597702,75.86206896551724,65.51724137931035,10.344827586206897
E00020724,140,36,16,20,104,93,11,25.71428571428571,11.428571428571429,14.285714285714285,74.28571428571429,66.42857142857143,7.857142857142857
E00020725,187,67,21,46,120,105,15,35.82887700534759,11.229946524064172,24.598930481283425,64.171122994652407,56.14973262032086,8.0213903743315509
E00020726,129,41,16,25,88,76,12,31.782945736434108,12.4031007751938,19.379844961240313,68.21705426356588,58.91472868217055,9.30232558139535
E00020727,179,50,8,42,129,117,12,27.932960893854748,4.4692737430167595,23.463687150837988,72.06703910614524,65.36312849162012,6.70391061452514
E00020728,124,28,11,17,96,82,14,22.58064516129032,8.870967741935484,13.709677419354838,77.41935483870968,66.12903225806451,11.29032258064516
E00020729,168,40,12,28,128,102,26,23.809523809523807,7.142857142857142,16.666666666666664,76.19047619047619,60.71428571428571,15.476190476190476
E00020730,171,63,22,41,108,96,12,36.84210526315789,12.865497076023392,23.976608187134502,63.1578947368421,56.14035087719298,7.017543859649122
E00020731,200,64,26,38,136,115,21,32,13,19,68,57.49999999999999,10.5
E00020732,191,50,21,29,141,118,23,26.17801047120419,10.99476439790576,15.18324607329843,73.82198952879581,61.78010471204188,12.041884816753926
E00020733,125,32,11,21,93,75,18,25.6,8.799999999999999,16.8,74.4,60,14.399999999999999
E00020734,201,39,15,24,162,130,32,19.402985074626866,7.462686567164178,11.940298507462686,80.59701492537313,64.6766169154229,15.92039800995025
E00020735,154,52,15,37,102,83,19,33.76623376623377,9.740259740259742,24.025974025974026,66.23376623376623,53.896103896103895,12.337662337662337
E00020736,180,55,19,36,125,107,18,30.555555555555557,10.555555555555555,20,69.44444444444444,59.44444444444444,10
E00020737,167,50,18,32,117,97,20,29.94011976047904,10.778443113772456,19.16167664670659,70.05988023952095,58.08383233532935,11.976047904191617
E00020738,185,47,13,34,138,110,28,25.405405405405407,7.027027027027027,18.37837837837838,74.5945945945946,59.45945945945946,15.135135135135137
E00020739,213,63,27,36,150,130,20,29.577464788732392,12.676056338028168,16.901408450704224,70.4225352112676,61.03286384976526,9.389671361502346
E00020740,193,69,26,43,124,101,23,35.751295336787564,13.471502590673575,22.279792746113987,64.24870466321244,52.331606217616574,11.917098445595855
E00020741,150,42,12,30,108,91,17,28.000000000000004,8,20,72,60.66666666666667,11.333333333333332
E00020742,207,66,20,46,141,129,12,31.88405797101449,9.66183574879227,22.22222222222222,68.11594202898551,62.31884057971014,5.797101449275362
E00020743,215,66,18,48,149,124,25,30.697674418604652,8.372093023255815,22.325581395348838,69.30232558139535,57.674418604651166,11.627906976744185
E00020744,100,17,6,11,83,69,14,17,6,11,83,69,14.000000000000002
E00020745,170,60,29,31,110,95,15,35.294117647058826,17.058823529411764,18.235294117647058,64.70588235294117,55.88235294117647,8.823529411764707
E00020746,186,57,19,38,129,100,29,30.64516129032258,10.21505376344086,20.43010752688172,69.35483870967742,53.76344086021505,15.591397849462366
E00020747,148,44,17,27,104,88,16,29.72972972972973,11.486486486486488,18.243243243243242,70.27027027027027,59.45945945945946,10.81081081081081
E00020748,169,58,18,40,111,92,19,34.319526627218934,10.650887573964498,23.668639053254438,65.68047337278107,54.437869822485204,11.242603550295858
E00020749,198,51,16,35,147,122,25,25.757575757575758,8.080808080808081,17.67676767676768,74.24242424242425,61.61616161616161,12.626262626262626
E00020750,196,59,19,40,137,114,23,30.102040816326532,9.693877551020408,20.408163265306122,69.89795918367348,58.16326530612245,11.73469387755102
E00020751,204,60,23,37,144,123,21,29.411764705882355,11.27450980392157,18.137254901960784,70.58823529411765,60.29411764705882,10.294117647058822
E00020752,179,52,22,30,127,108,19,29.05027932960894,12.290502793296088,16.75977653631285,70.94972067039106,60.33519553072626,10.614525139664805
E00020753,182,50,15,35,132,112,20,27.472527472527474,8.241758241758241,19.230769230769234,72.52747252747253,61.53846153846154,10.989010989010989
E00020754,139,40,17,23,99,86,13,28.776978417266186,12.23021582733813,16.546762589928058,71.22302158273382,61.87050359712231,9.352517985611511
E00020755,157,44,15,29,113,103,10,28.02547770700637,9.554140127388536,18.471337579617835,71.97452229299363,65.60509554140127,6.369426751592357
E00020756,189,46,21,25,143,132,11,24.33862433862434,11.11111111111111,13.227513227513226,75.66137566137566,69.84126984126983,5.82010582010582
E00020757,233,59,23,36,174,150,24,25.321888412017167,9.871244635193133,15.450643776824036,74.67811158798283,64.37768240343348,10.300429184549357
E00020758,230,68,24,44,162,143,19,29.565217391304348,10.434782608695652,19.130434782608695,70.43478260869566,62.17391304347826,8.26086956521739
E00020759,128,35,14,21,93,86,7,27.34375,10.9375,16.40625,72.65625,67.1875,5.46875
E00020760,112,33,9,24,79,68,11,29.464285714285715,8.035714285714286,21.428571428571427,70.53571428571429,60.71428571428571,9.821428571428571
E00020761,182,65,24,41,117,102,15,35.714285714285715,13.186813186813188,22.52747252747253,64.28571428571429,56.043956043956044,8.241758241758241
E00020763,214,83,19,64,131,116,15,38.78504672897196,8.878504672897195,29.906542056074763,61.21495327102804,54.20560747663551,7.009345794392523
E00020764,142,46,16,30,96,87,9,32.3943661971831,11.267605633802818,21.12676056338028,67.6056338028169,61.267605633802816,6.338028169014084
E00020765,135,42,14,28,93,86,7,31.11111111111111,10.37037037037037,20.74074074074074,68.88888888888889,63.70370370370371,5.185185185185185
E00020766,177,51,16,35,126,116,10,28.8135593220339,9.03954802259887,19.774011299435028,71.1864406779661,65.5367231638418,5.649717514124294
E00020767,192,70,29,41,122,106,16,36.45833333333333,15.104166666666666,21.354166666666664,63.541666666666664,55.208333333333336,8.333333333333332
E00020768,156,44,20,24,112,93,19,28.205128205128204,12.82051282051282,15.384615384615385,71.7948717948718,59.61538461538461,12.179487179487179
E00020769,108,33,11,22,75,64,11,30.555555555555557,10.185185185185185,20.37037037037037,69.44444444444444,59.25925925925925,10.185185185185185
E00020770,171,50,22,28,121,98,23,29.239766081871345,12.865497076023392,16.374269005847953,70.76023391812866,57.30994152046783,13.450292397660817
E00020771,180,61,19,42,119,106,13,33.88888888888889,10.555555555555555,23.333333333333332,66.11111111111111,58.88888888888889,7.222222222222221
E00020772,192,56,17,39,136,122,14,29.166666666666668,8.854166666666668,20.3125,70.83333333333334,63.541666666666664,7.291666666666667
E00020773,146,42,17,25,104,96,8,28.767123287671232,11.643835616438356,17.123287671232877,71.23287671232876,65.75342465753424,5.47945205479452
E00020774,154,45,19,26,109,100,9,29.22077922077922,12.337662337662337,16.883116883116884,70.77922077922078,64.93506493506493,5.844155844155844
E00020775,136,36,8,28,100,81,19,26.47058823529412,5.88235294117647,20.588235294117645,73.52941176470588,59.55882352941176,13.970588235294118
E00020776,155,48,14,34,107,85,22,30.967741935483872,9.032258064516128,21.935483870967744,69.03225806451613,54.83870967741935,14.193548387096774
E00020777,188,34,9,25,154,135,19,18.085106382978726,4.787234042553192,13.297872340425531,81.91489361702128,71.80851063829788,10.106382978723403
E00020778,190,62,23,39,128,112,16,32.631578947368425,12.105263157894736,20.526315789473685,67.36842105263158,58.94736842105262,8.421052631578947
E00020779,105,46,19,27,59,44,15,43.80952380952381,18.095238095238095,25.71428571428571,56.19047619047619,41.904761904761905,14.285714285714285
E00020780,217,69,21,48,148,126,22,31.797235023041477,9.67741935483871,22.119815668202765,68.20276497695853,58.06451612903226,10.138248847926267
E00020781,239,87,37,50,152,136,16,36.40167364016737,15.481171548117153,20.920502092050206,63.59832635983263,56.903765690376574,6.694560669456067
E00020782,176,58,21,37,118,110,8,32.95454545454545,11.931818181818182,21.022727272727273,67.04545454545455,62.5,4.545454545454546
E00020783,213,63,19,44,150,121,29,29.577464788732392,8.92018779342723,20.657276995305164,70.4225352112676,56.8075117370892,13.615023474178404
E00020784,187,61,29,32,126,112,14,32.62032085561498,15.508021390374333,17.11229946524064,67.37967914438502,59.893048128342244,7.4866310160427805
E00020785,215,64,12,52,151,133,18,29.767441860465116,5.5813953488372094,24.186046511627907,70.23255813953489,61.86046511627907,8.372093023255815
E00020786,160,42,14,28,118,97,21,26.25,8.75,17.5,73.75,60.62499999999999,13.125
E00020787,219,47,19,28,172,154,18,21.461187214611872,8.67579908675799,12.785388127853881,78.53881278538812,70.31963470319634,8.21917808219178
E00020788,214,78,34,44,136,124,12,36.44859813084112,15.887850467289718,20.5607476635514,63.55140186915887,57.943925233644855,5.607476635514018
E00020789,189,61,25,36,128,109,19,32.27513227513227,13.227513227513226,19.047619047619047,67.72486772486772,57.67195767195767,10.052910052910052
E00020790,162,53,17,36,109,90,19,32.71604938271605,10.493827160493826,22.22222222222222,67.28395061728395,55.55555555555556,11.728395061728394
E00020791,218,70,27,43,148,127,21,32.11009174311927,12.385321100917432,19.724770642201836,67.88990825688074,58.256880733944946,9.63302752293578
E00020792,167,44,14,30,123,105,18,26.34730538922156,8.383233532934131,17.964071856287426,73.65269461077844,62.874251497005986,10.778443113772456
E00020793,195,59,25,34,136,118,18,30.256410256410255,12.82051282051282,17.435897435897434,69.74358974358974,60.51282051282051,9.230769230769232
E00020794,240,81,24,57,159,141,18,33.75,10,23.75,66.25,58.75,7.5
E00020795,227,81,29,52,146,125,21,35.68281938325991,12.77533039647577,22.90748898678414,64.31718061674009,55.06607929515418,9.251101321585903
E00020796,248,79,29,50,169,145,24,31.85483870967742,11.693548387096774,20.161290322580644,68.14516129032258,58.46774193548387,9.67741935483871
E00020797,129,49,17,32,80,67,13,37.98449612403101,13.178294573643413,24.8062015503876,62.01550387596899,51.93798449612403,10.077519379844961
E00020798,150,54,18,36,96,82,14,36,12,24,64,54.666666666666664,9.333333333333334
E00020799,185,53,20,33,132,123,9,28.64864864864865,10.81081081081081,17.83783783783784,71.35135135135135,66.48648648648648,4.864864864864865
E00020800,156,49,24,25,107,91,16,31.41025641025641,15.384615384615385,16.025641025641026,68.58974358974359,58.333333333333336,10.256410256410255
E00020801,194,55,25,30,139,119,20,28.350515463917525,12.886597938144329,15.463917525773196,71.64948453608247,61.34020618556701,10.309278350515463
E00020802,150,59,24,35,91,82,9,39.33333333333333,16,23.333333333333332,60.66666666666667,54.666666666666664,6
E00020803,117,35,14,21,82,64,18,29.914529914529915,11.965811965811966,17.94871794871795,70.08547008547008,54.700854700854705,15.384615384615385
E00020804,194,61,24,37,133,117,16,31.443298969072163,12.371134020618557,19.072164948453608,68.55670103092784,60.30927835051546,8.24742268041237
E00020805,209,53,21,32,156,130,26,25.358851674641148,10.047846889952153,15.311004784688995,74.64114832535886,62.20095693779905,12.440191387559809
E00020806,193,66,24,42,127,112,15,34.196891191709845,12.435233160621761,21.761658031088082,65.80310880829016,58.03108808290155,7.772020725388601
E00020807,191,46,18,28,145,125,20,24.083769633507853,9.424083769633508,14.659685863874344,75.91623036649214,65.44502617801047,10.471204188481675
E00020808,203,55,15,40,148,131,17,27.093596059113302,7.389162561576355,19.704433497536947,72.9064039408867,64.5320197044335,8.374384236453201
E00020809,197,50,19,31,147,127,20,25.380710659898476,9.644670050761421,15.736040609137056,74.61928934010153,64.46700507614213,10.152284263959391
E00020810,138,42,16,26,96,85,11,30.434782608695656,11.594202898550725,18.84057971014493,69.56521739130434,61.59420289855072,7.971014492753622
E00020811,197,50,20,30,147,134,13,25.380710659898476,10.152284263959391,15.228426395939088,74.61928934010153,68.02030456852792,6.598984771573605
E00020812,179,51,20,31,128,111,17,28.49162011173184,11.1731843575419,17.318435754189945,71.50837988826815,62.01117318435754,9.497206703910614
E00020813,208,56,16,40,152,129,23,26.923076923076923,7.6923076923076925,19.230769230769234,73.07692307692307,62.019230769230774,11.057692307692307
E00020814,205,64,20,44,141,124,17,31.21951219512195,9.75609756097561,21.463414634146343,68.78048780487805,60.48780487804878,8.292682926829269
E00020815,141,45,20,25,96,80,16,31.914893617021278,14.184397163120568,17.73049645390071,68.08510638297872,56.73758865248227,11.347517730496454
E00020816,174,58,23,35,116,100,16,33.33333333333333,13.218390804597702,20.114942528735632,66.66666666666666,57.47126436781609,9.195402298850574
E00020817,217,55,19,36,162,139,23,25.34562211981567,8.755760368663594,16.589861751152075,74.65437788018433,64.0552995391705,10.599078341013826
E00020818,140,35,8,27,105,91,14,25,5.714285714285714,19.28571428571429,75,65,10
E00020819,159,36,11,25,123,109,14,22.641509433962266,6.918238993710692,15.723270440251572,77.35849056603774,68.55345911949685,8.80503144654088
E00020820,165,49,14,35,116,98,18,29.6969696969697,8.484848484848486,21.21212121212121,70.3030303030303,59.3939393939394,10.909090909090908
E00020821,142,37,14,23,105,87,18,26.056338028169012,9.859154929577464,16.19718309859155,73.94366197183099,61.267605633802816,12.676056338028168
E00020822,216,63,16,47,153,133,20,29.166666666666668,7.4074074074074066,21.75925925925926,70.83333333333334,61.57407407407407,9.25925925925926
E00020823,199,50,18,32,149,138,11,25.125628140703515,9.045226130653267,16.08040201005025,74.87437185929649,69.34673366834171,5.527638190954774
E00020824,166,50,16,34,116,97,19,30.120481927710845,9.63855421686747,20.481927710843372,69.87951807228916,58.43373493975904,11.44578313253012
E00020825,135,34,13,21,101,90,11,25.185185185185183,9.62962962962963,15.555555555555555,74.81481481481481,66.66666666666666,8.148148148148149
E00020826,175,39,13,26,136,124,12,22.285714285714285,7.428571428571429,14.857142857142858,77.71428571428571,70.85714285714285,6.857142857142858
E00020828,169,46,15,31,123,106,17,27.218934911242602,8.875739644970414,18.34319526627219,72.7810650887574,62.721893491124256,10.059171597633137
E00020830,158,54,18,36,104,82,22,34.177215189873415,11.39240506329114,22.78481012658228,65.82278481012658,51.89873417721519,13.924050632911392
E00020831,104,30,13,17,74,57,17,28.846153846153843,12.5,16.346153846153847,71.15384615384616,54.807692307692314,16.346153846153847
E00020832,92,39,16,23,53,53,0,42.391304347826086,17.391304347826086,25,57.608695652173914,57.608695652173914,0
E00020833,180,48,22,26,132,115,17,26.666666666666668,12.222222222222221,14.444444444444443,73.33333333333333,63.888888888888886,9.444444444444445
E00020834,98,22,11,11,76,63,13,22.448979591836736,11.224489795918368,11.224489795918368,77.55102040816327,64.28571428571429,13.26530612244898
E00020835,167,52,20,32,115,99,16,31.137724550898206,11.976047904191617,19.16167664670659,68.8622754491018,59.281437125748504,9.580838323353294
E00020836,102,33,11,22,69,59,10,32.35294117647059,10.784313725490197,21.568627450980394,67.64705882352942,57.84313725490197,9.803921568627452
E00020837,183,59,27,32,124,108,16,32.240437158469945,14.754098360655737,17.48633879781421,67.75956284153006,59.01639344262295,8.743169398907105
E00020838,106,49,13,36,57,49,8,46.22641509433962,12.264150943396226,33.9622641509434,53.77358490566038,46.22641509433962,7.547169811320755
E00020839,88,27,7,20,61,56,5,30.681818181818183,7.954545454545454,22.727272727272727,69.31818181818183,63.63636363636363,5.681818181818182
E00020840,126,48,21,27,78,61,17,38.095238095238095,16.666666666666664,21.428571428571427,61.904761904761905,48.41269841269841,13.492063492063492
E00020841,153,60,24,36,93,86,7,39.21568627450981,15.686274509803921,23.52941176470588,60.78431372549019,56.209150326797385,4.57516339869281
E00020842,150,34,9,25,116,92,24,22.666666666666664,6,16.666666666666664,77.33333333333333,61.33333333333333,16
E00020844,173,26,8,18,147,127,20,15.028901734104046,4.624277456647398,10.404624277456648,84.97109826589595,73.41040462427746,11.560693641618498
E00020845,169,54,19,35,115,98,17,31.952662721893493,11.242603550295858,20.710059171597635,68.04733727810651,57.98816568047337,10.059171597633137
E00020846,164,43,15,28,121,106,15,26.21951219512195,9.146341463414634,17.073170731707318,73.78048780487805,64.63414634146342,9.146341463414634
E00020847,183,69,26,43,114,104,10,37.704918032786885,14.207650273224044,23.497267759562842,62.295081967213115,56.830601092896174,5.46448087431694
E00020848,305,78,26,52,227,202,25,25.573770491803277,8.524590163934425,17.04918032786885,74.42622950819671,66.22950819672131,8.19672131147541
E00020849,150,34,7,27,116,97,19,22.666666666666664,4.666666666666667,18,77.33333333333333,64.66666666666666,12.666666666666668
E00020850,92,23,9,14,69,62,7,25,9.782608695652174,15.217391304347828,75,67.3913043478261,7.608695652173914
E00020851,132,36,11,25,96,90,6,27.27272727272727,8.333333333333332,18.939393939393938,72.72727272727273,68.18181818181817,4.545454545454546
E00020852,192,57,18,39,135,114,21,29.6875,9.375,20.3125,70.3125,59.375,10.9375
E00020853,169,42,12,30,127,113,14,24.85207100591716,7.100591715976331,17.75147928994083,75.14792899408283,66.86390532544378,8.284023668639055
E00020854,193,66,29,37,127,109,18,34.196891191709845,15.025906735751295,19.170984455958546,65.80310880829016,56.476683937823836,9.32642487046632
E00020855,126,22,8,14,104,98,6,17.46031746031746,6.349206349206349,11.11111111111111,82.53968253968253,77.77777777777779,4.761904761904762
E00020856,159,36,17,19,123,94,29,22.641509433962266,10.69182389937107,11.949685534591195,77.35849056603774,59.11949685534591,18.238993710691823
E00020857,218,51,22,29,167,140,27,23.394495412844037,10.091743119266056,13.302752293577983,76.60550458715596,64.22018348623854,12.385321100917432
E00020858,182,63,29,34,119,97,22,34.61538461538461,15.934065934065933,18.681318681318682,65.38461538461539,53.2967032967033,12.087912087912088
E00020859,166,47,18,29,119,104,15,28.313253012048197,10.843373493975903,17.46987951807229,71.6867469879518,62.65060240963856,9.036144578313253
E00020860,204,60,24,36,144,122,22,29.411764705882355,11.76470588235294,17.647058823529413,70.58823529411765,59.80392156862745,10.784313725490197
E00020861,187,54,19,35,133,112,21,28.87700534759358,10.16042780748663,18.71657754010695,71.12299465240642,59.893048128342244,11.229946524064172
E00020862,140,31,10,21,109,97,12,22.142857142857142,7.142857142857142,15,77.85714285714286,69.28571428571428,8.571428571428571
E00020863,160,40,17,23,120,106,14,25,10.625,14.374999999999998,75,66.25,8.75
E00020864,83,39,15,24,44,39,5,46.98795180722892,18.072289156626507,28.915662650602407,53.01204819277109,46.98795180722892,6.024096385542169
E00020865,168,52,19,33,116,96,20,30.952380952380953,11.30952380952381,19.642857142857142,69.04761904761905,57.14285714285714,11.904761904761903
E00020866,200,56,12,44,144,125,19,28.000000000000004,6,22,72,62.5,9.5
E00020867,176,58,20,38,118,108,10,32.95454545454545,11.363636363636363,21.59090909090909,67.04545454545455,61.36363636363637,5.681818181818182
E00020868,158,40,12,28,118,104,14,25.31645569620253,7.59493670886076,17.72151898734177,74.68354430379746,65.82278481012658,8.860759493670885
E00020869,234,72,29,43,162,150,12,30.76923076923077,12.393162393162394,18.37606837606838,69.23076923076923,64.1025641025641,5.128205128205128
E00020870,141,47,21,26,94,83,11,33.33333333333333,14.893617021276595,18.439716312056735,66.66666666666666,58.86524822695035,7.801418439716312
E00020871,161,47,22,25,114,101,13,29.19254658385093,13.664596273291925,15.527950310559005,70.80745341614907,62.732919254658384,8.074534161490684
E00020872,161,49,21,28,112,100,12,30.434782608695656,13.043478260869565,17.391304347826086,69.56521739130434,62.11180124223602,7.453416149068323
E00020873,203,60,17,43,143,120,23,29.55665024630542,8.374384236453201,21.182266009852217,70.44334975369459,59.11330049261084,11.330049261083744
E00020874,181,42,15,27,139,114,25,23.204419889502763,8.287292817679557,14.917127071823206,76.79558011049724,62.98342541436463,13.812154696132598
E00020875,122,37,16,21,85,75,10,30.327868852459016,13.114754098360656,17.21311475409836,69.67213114754098,61.47540983606557,8.19672131147541
E00020876,160,49,11,38,111,98,13,30.625000000000004,6.875000000000001,23.75,69.375,61.25000000000001,8.125
E00020877,201,56,13,43,145,131,14,27.860696517412936,6.467661691542288,21.393034825870647,72.13930348258707,65.17412935323384,6.965174129353234
E00020878,182,65,29,36,117,101,16,35.714285714285715,15.934065934065933,19.78021978021978,64.28571428571429,55.494505494505496,8.791208791208792
E00020879,216,69,26,43,147,132,15,31.944444444444443,12.037037037037036,19.90740740740741,68.05555555555556,61.111111111111114,6.944444444444445
E00020880,147,39,15,24,108,91,17,26.53061224489796,10.204081632653061,16.3265306122449,73.46938775510205,61.904761904761905,11.564625850340136
E00020881,168,50,9,41,118,99,19,29.761904761904763,5.357142857142857,24.404761904761905,70.23809523809523,58.92857142857143,11.30952380952381
E00020882,114,31,11,20,83,74,9,27.192982456140353,9.649122807017543,17.543859649122805,72.80701754385966,64.91228070175438,7.894736842105263
E00020883,270,62,20,42,208,179,29,22.962962962962962,7.4074074074074066,15.555555555555555,77.03703703703704,66.2962962962963,10.74074074074074
E00020884,214,72,21,51,142,122,20,33.64485981308411,9.813084112149532,23.83177570093458,66.35514018691589,57.009345794392516,9.345794392523365
E00020885,158,46,20,26,112,95,17,29.11392405063291,12.658227848101266,16.455696202531644,70.88607594936708,60.12658227848101,10.759493670886076
E00020886,135,38,12,26,97,83,14,28.14814814814815,8.88888888888889,19.25925925925926,71.85185185185186,61.48148148148148,10.37037037037037
E00020887,190,64,23,41,126,107,19,33.68421052631579,12.105263157894736,21.578947368421055,66.3157894736842,56.315789473684205,10
E00020888,137,33,13,20,104,84,20,24.087591240875913,9.48905109489051,14.5985401459854,75.91240875912408,61.31386861313869,14.5985401459854
E00020889,163,57,20,37,106,90,16,34.96932515337423,12.269938650306749,22.699386503067483,65.03067484662577,55.21472392638037,9.815950920245399
E00020890,140,40,18,22,100,73,27,28.57142857142857,12.857142857142856,15.714285714285714,71.42857142857143,52.142857142857146,19.28571428571429
E00020891,88,26,9,17,62,54,8,29.545454545454547,10.227272727272728,19.318181818181817,70.45454545454545,61.36363636363637,9.090909090909092
E00020892,176,32,7,25,144,126,18,18.181818181818183,3.977272727272727,14.204545454545455,81.81818181818183,71.5909090909091,10.227272727272728
E00020893,125,30,10,20,95,79,16,24,8,16,76,63.2,12.8
E00020894,154,24,10,14,130,112,18,15.584415584415584,6.493506493506493,9.090909090909092,84.4155844155844,72.72727272727273,11.688311688311687
E00020895,224,43,19,24,181,163,18,19.196428571428573,8.482142857142858,10.714285714285714,80.80357142857143,72.76785714285714,8.035714285714286
E00020896,173,49,29,20,124,100,24,28.32369942196532,16.76300578034682,11.560693641618498,71.67630057803468,57.80346820809249,13.872832369942195
E00020897,142,35,13,22,107,98,9,24.647887323943664,9.15492957746479,15.492957746478872,75.35211267605634,69.01408450704226,6.338028169014084
E00020898,111,23,5,18,88,73,15,20.72072072072072,4.504504504504505,16.216216216216218,79.27927927927928,65.76576576576578,13.513513513513514
E00020899,145,26,8,18,119,104,15,17.93103448275862,5.517241379310345,12.413793103448276,82.06896551724138,71.72413793103448,10.344827586206897
E00020900,130,53,17,36,77,63,14,40.76923076923077,13.076923076923078,27.692307692307693,59.23076923076923,48.46153846153846,10.76923076923077
E00020901,203,53,24,29,150,131,19,26.108374384236456,11.822660098522167,14.285714285714285,73.89162561576354,64.5320197044335,9.35960591133005
E00020902,133,36,16,20,97,80,17,27.06766917293233,12.030075187969924,15.037593984962406,72.93233082706767,60.150375939849624,12.781954887218044
E00020903,133,24,9,15,109,92,17,18.045112781954884,6.7669172932330826,11.278195488721805,81.95488721804512,69.17293233082707,12.781954887218044
E00020904,183,49,13,36,134,112,22,26.775956284153008,7.103825136612022,19.672131147540984,73.224043715847,61.20218579234973,12.021857923497267
E00020905,146,38,13,25,108,93,15,26.027397260273972,8.904109589041095,17.123287671232877,73.97260273972603,63.6986301369863,10.273972602739725
E00020906,139,39,15,24,100,89,11,28.05755395683453,10.79136690647482,17.26618705035971,71.94244604316546,64.02877697841727,7.913669064748201
E00020907,170,34,13,21,136,122,14,20,7.647058823529412,12.352941176470589,80,71.76470588235294,8.235294117647058
E00020908,99,23,5,18,76,66,10,23.232323232323232,5.05050505050505,18.181818181818183,76.76767676767676,66.66666666666666,10.1010101010101
E00020909,139,34,14,20,105,95,10,24.46043165467626,10.071942446043165,14.388489208633093,75.53956834532374,68.34532374100719,7.1942446043165464
E00020910,139,41,11,30,98,81,17,29.496402877697843,7.913669064748201,21.58273381294964,70.50359712230215,58.27338129496403,12.23021582733813
E00020911,118,18,7,11,100,87,13,15.254237288135593,5.932203389830509,9.322033898305085,84.7457627118644,73.72881355932203,11.016949152542372
E00020912,96,24,7,17,72,62,10,25,7.291666666666667,17.708333333333336,75,64.58333333333334,10.416666666666668
E00020913,114,25,15,10,89,58,31,21.929824561403507,13.157894736842104,8.771929824561402,78.0701754385965,50.877192982456144,27.192982456140353
E00020914,180,32,8,24,148,129,19,17.77777777777778,4.444444444444445,13.333333333333334,82.22222222222221,71.66666666666667,10.555555555555555
E00020915,140,22,6,16,118,96,22,15.714285714285714,4.285714285714286,11.428571428571429,84.28571428571429,68.57142857142857,15.714285714285714
E00020916,139,38,17,21,101,86,15,27.33812949640288,12.23021582733813,15.107913669064748,72.66187050359713,61.87050359712231,10.79136690647482
E00020917,127,33,18,15,94,82,12,25.984251968503933,14.173228346456693,11.811023622047244,74.01574803149606,64.56692913385827,9.448818897637794
E00020918,142,37,15,22,105,85,20,26.056338028169012,10.56338028169014,15.492957746478872,73.94366197183099,59.859154929577464,14.084507042253522
E00020919,156,35,15,20,121,107,14,22.435897435897438,9.615384615384617,12.82051282051282,77.56410256410257,68.58974358974359,8.974358974358974
E00020920,147,29,12,17,118,107,11,19.727891156462583,8.16326530612245,11.564625850340136,80.27210884353741,72.78911564625851,7.482993197278912
E00020921,125,34,14,20,91,78,13,27.200000000000003,11.200000000000001,16,72.8,62.4,10.4
E00020922,154,26,11,15,128,103,25,16.883116883116884,7.142857142857142,9.740259740259742,83.11688311688312,66.88311688311688,16.233766233766232
E00020923,140,34,14,20,106,85,21,24.285714285714285,10,14.285714285714285,75.71428571428571,60.71428571428571,15
E00020924,122,28,12,16,94,82,12,22.950819672131146,9.836065573770492,13.114754098360656,77.04918032786885,67.21311475409836,9.836065573770492
E00020925,143,33,10,23,110,98,12,23.076923076923077,6.993006993006993,16.083916083916083,76.92307692307693,68.53146853146853,8.391608391608392
E00020926,82,27,6,21,55,45,10,32.926829268292686,7.317073170731707,25.609756097560975,67.07317073170732,54.87804878048781,12.195121951219512
E00020927,166,44,14,30,122,105,17,26.506024096385545,8.433734939759036,18.072289156626507,73.49397590361446,63.25301204819277,10.240963855421686
E00020928,154,38,14,24,116,100,16,24.675324675324674,9.090909090909092,15.584415584415584,75.32467532467533,64.93506493506493,10.38961038961039
E00020929,188,40,15,25,148,130,18,21.27659574468085,7.9787234042553195,13.297872340425531,78.72340425531915,69.14893617021278,9.574468085106384
E00020930,152,39,14,25,113,103,10,25.657894736842106,9.210526315789473,16.447368421052634,74.3421052631579,67.76315789473685,6.578947368421052
E00020931,193,50,14,36,143,126,17,25.906735751295333,7.253886010362693,18.65284974093264,74.09326424870466,65.28497409326425,8.808290155440414
E00020932,120,18,5,13,102,93,9,15,4.166666666666666,10.833333333333334,85,77.5,7.5
E00020933,191,50,22,28,141,113,28,26.17801047120419,11.518324607329843,14.659685863874344,73.82198952879581,59.16230366492147,14.659685863874344
E00020934,218,51,13,38,167,149,18,23.394495412844037,5.963302752293578,17.431192660550458,76.60550458715596,68.34862385321101,8.256880733944955
E00020935,136,34,16,18,102,81,21,25,11.76470588235294,13.23529411764706,75,59.55882352941176,15.441176470588236
E00020936,152,37,22,15,115,90,25,24.342105263157894,14.473684210526317,9.868421052631579,75.6578947368421,59.210526315789465,16.447368421052634
E00020937,119,31,15,16,88,69,19,26.05042016806723,12.605042016806722,13.445378151260504,73.94957983193278,57.98319327731093,15.966386554621847
E00020938,151,52,24,28,99,80,19,34.437086092715234,15.894039735099339,18.543046357615893,65.56291390728477,52.980132450331126,12.582781456953644
E00020939,144,31,14,17,113,109,4,21.52777777777778,9.722222222222223,11.805555555555555,78.47222222222221,75.69444444444444,2.7777777777777777
E00020940,137,27,7,20,110,95,15,19.708029197080293,5.109489051094891,14.5985401459854,80.2919708029197,69.34306569343066,10.948905109489052
E00020941,148,33,15,18,115,95,20,22.2972972972973,10.135135135135135,12.162162162162163,77.7027027027027,64.1891891891892,13.513513513513514
E00020942,121,29,7,22,92,85,7,23.96694214876033,5.785123966942149,18.181818181818183,76.03305785123968,70.24793388429752,5.785123966942149
E00020943,131,36,12,24,95,86,9,27.480916030534353,9.16030534351145,18.3206106870229,72.51908396946564,65.64885496183206,6.870229007633588
E00020944,158,44,7,37,114,106,8,27.848101265822784,4.430379746835443,23.417721518987342,72.15189873417721,67.08860759493672,5.063291139240507
E00020945,137,50,15,35,87,76,11,36.496350364963504,10.948905109489052,25.547445255474454,63.503649635036496,55.47445255474452,8.02919708029197
E00020946,163,49,23,26,114,96,18,30.061349693251532,14.11042944785276,15.950920245398773,69.93865030674846,58.895705521472394,11.042944785276074
E00020947,202,56,29,27,146,126,20,27.722772277227726,14.356435643564355,13.366336633663368,72.27722772277228,62.37623762376238,9.900990099009901
E00020948,167,47,16,31,120,103,17,28.143712574850298,9.580838323353294,18.562874251497004,71.8562874251497,61.67664670658682,10.179640718562874
E00020949,183,42,17,25,141,116,25,22.950819672131146,9.289617486338798,13.661202185792352,77.04918032786885,63.387978142076506,13.661202185792352
E00020950,222,56,22,34,166,135,31,25.225225225225223,9.90990990990991,15.315315315315313,74.77477477477478,60.810810810810814,13.963963963963963
E00020951,186,48,17,31,138,121,17,25.806451612903224,9.13978494623656,16.666666666666664,74.19354838709677,65.05376344086021,9.13978494623656
E00020952,156,44,15,29,112,98,14,28.205128205128204,9.615384615384617,18.58974358974359,71.7948717948718,62.82051282051282,8.974358974358974
E00020953,168,45,17,28,123,112,11,26.785714285714285,10.119047619047619,16.666666666666664,73.21428571428571,66.66666666666666,6.547619047619048
E00020954,167,47,17,30,120,103,17,28.143712574850298,10.179640718562874,17.964071856287426,71.8562874251497,61.67664670658682,10.179640718562874
E00020955,130,26,9,17,104,89,15,20,6.923076923076923,13.076923076923078,80,68.46153846153847,11.538461538461538
E00020956,137,38,12,26,99,86,13,27.73722627737226,8.75912408759124,18.97810218978102,72.26277372262774,62.77372262773723,9.48905109489051
E00020957,158,46,14,32,112,97,15,29.11392405063291,8.860759493670885,20.253164556962027,70.88607594936708,61.39240506329114,9.49367088607595
E00020958,164,44,18,26,120,105,15,26.82926829268293,10.975609756097562,15.853658536585366,73.17073170731707,64.02439024390245,9.146341463414634
E00020959,157,46,21,25,111,94,17,29.29936305732484,13.375796178343949,15.92356687898089,70.70063694267516,59.87261146496815,10.828025477707007
E00020960,145,46,15,31,99,90,9,31.724137931034484,10.344827586206897,21.379310344827587,68.27586206896552,62.06896551724138,6.206896551724138
E00020961,155,40,15,25,115,104,11,25.806451612903224,9.67741935483871,16.129032258064516,74.19354838709677,67.0967741935484,7.096774193548387
E00020962,155,43,18,25,112,99,13,27.741935483870968,11.612903225806452,16.129032258064516,72.25806451612902,63.87096774193548,8.38709677419355
E00020963,148,35,12,23,113,96,17,23.64864864864865,8.108108108108109,15.54054054054054,76.35135135135135,64.86486486486487,11.486486486486488
E00020964,144,36,15,21,108,91,17,25,10.416666666666668,14.583333333333334,75,63.19444444444444,11.805555555555555
E00020965,164,43,14,29,121,96,25,26.21951219512195,8.536585365853659,17.682926829268293,73.78048780487805,58.536585365853654,15.24390243902439
E00020966,155,43,14,29,112,99,13,27.741935483870968,9.032258064516128,18.70967741935484,72.25806451612902,63.87096774193548,8.38709677419355
E00020967,149,32,10,22,117,100,17,21.476510067114095,6.7114093959731544,14.76510067114094,78.52348993288591,67.11409395973155,11.409395973154362
E00020969,155,49,9,40,106,95,11,31.61290322580645,5.806451612903226,25.806451612903224,68.38709677419355,61.29032258064516,7.096774193548387
E00020970,233,57,17,40,176,150,26,24.463519313304722,7.296137339055794,17.167381974248926,75.53648068669528,64.37768240343348,11.158798283261802
E00020971,158,33,13,20,125,117,8,20.88607594936709,8.227848101265822,12.658227848101266,79.11392405063292,74.0506329113924,5.063291139240507
E00020972,183,59,20,39,124,111,13,32.240437158469945,10.92896174863388,21.311475409836063,67.75956284153006,60.65573770491803,7.103825136612022
E00020973,174,79,33,46,95,82,13,45.40229885057471,18.96551724137931,26.436781609195403,54.59770114942529,47.12643678160919,7.471264367816093
E00020974,123,30,11,19,93,83,10,24.390243902439025,8.94308943089431,15.447154471544716,75.60975609756098,67.47967479674797,8.130081300813007
E00020975,168,53,22,31,115,102,13,31.547619047619047,13.095238095238097,18.452380952380953,68.45238095238095,60.71428571428571,7.738095238095238
E00020976,194,45,18,27,149,134,15,23.195876288659793,9.278350515463918,13.917525773195877,76.80412371134021,69.0721649484536,7.731958762886598
E00020977,161,33,8,25,128,107,21,20.496894409937887,4.968944099378882,15.527950310559005,79.5031055900621,66.45962732919256,13.043478260869565
E00020978,204,53,20,33,151,125,26,25.98039215686275,9.803921568627452,16.176470588235293,74.01960784313727,61.274509803921575,12.745098039215685
E00020979,218,59,25,34,159,137,22,27.06422018348624,11.46788990825688,15.59633027522936,72.93577981651376,62.84403669724771,10.091743119266056
E00020980,140,46,14,32,94,82,12,32.857142857142854,10,22.857142857142858,67.14285714285714,58.57142857142858,8.571428571428571
E00020981,194,58,19,39,136,116,20,29.896907216494846,9.793814432989691,20.103092783505154,70.10309278350515,59.79381443298969,10.309278350515463
E00020982,205,56,14,42,149,126,23,27.31707317073171,6.829268292682928,20.48780487804878,72.6829268292683,61.46341463414634,11.219512195121952
E00020983,175,62,17,45,113,101,12,35.42857142857142,9.714285714285714,25.71428571428571,64.57142857142857,57.714285714285715,6.857142857142858
E00020984,186,32,9,23,154,127,27,17.20430107526882,4.838709677419355,12.365591397849462,82.79569892473118,68.27956989247312,14.516129032258066
E00020985,233,77,30,47,156,137,19,33.047210300429185,12.875536480686694,20.171673819742487,66.95278969957081,58.798283261802574,8.15450643776824
E00020986,123,30,10,20,93,83,10,24.390243902439025,8.130081300813007,16.260162601626014,75.60975609756098,67.47967479674797,8.130081300813007
E00020987,171,35,12,23,136,117,19,20.46783625730994,7.017543859649122,13.450292397660817,79.53216374269006,68.42105263157895,11.11111111111111
E00020988,141,36,12,24,105,85,20,25.53191489361702,8.51063829787234,17.02127659574468,74.46808510638297,60.28368794326241,14.184397163120568
E00020989,131,42,21,21,89,82,7,32.06106870229007,16.030534351145036,16.030534351145036,67.93893129770993,62.59541984732825,5.343511450381679
E00020990,166,40,11,29,126,112,14,24.096385542168676,6.626506024096386,17.46987951807229,75.90361445783132,67.46987951807229,8.433734939759036
E00020991,158,42,18,24,116,98,18,26.582278481012654,11.39240506329114,15.18987341772152,73.41772151898735,62.0253164556962,11.39240506329114
E00020992,156,51,24,27,105,88,17,32.69230769230769,15.384615384615385,17.307692307692307,67.3076923076923,56.41025641025641,10.897435897435898
E00020993,169,42,12,30,127,107,20,24.85207100591716,7.100591715976331,17.75147928994083,75.14792899408283,63.31360946745562,11.834319526627219
E00020994,184,37,5,32,147,128,19,20.108695652173914,2.717391304347826,17.391304347826086,79.8913043478261,69.56521739130434,10.326086956521738
E00020995,181,50,20,30,131,109,22,27.624309392265197,11.049723756906078,16.574585635359114,72.37569060773481,60.22099447513812,12.154696132596685
E00020997,157,45,17,28,112,100,12,28.662420382165603,10.828025477707007,17.8343949044586,71.3375796178344,63.69426751592356,7.643312101910828
E00020998,205,43,12,31,162,150,12,20.975609756097562,5.853658536585367,15.121951219512194,79.02439024390245,73.17073170731707,5.853658536585367
E00020999,172,36,17,19,136,118,18,20.930232558139537,9.883720930232558,11.046511627906977,79.06976744186046,68.6046511627907,10.465116279069768
E00021000,139,33,12,21,106,93,13,23.741007194244602,8.633093525179856,15.107913669064748,76.2589928057554,66.90647482014388,9.352517985611511
E00021001,206,53,20,33,153,130,23,25.728155339805824,9.70873786407767,16.019417475728158,74.27184466019418,63.10679611650486,11.165048543689322
E00021002,172,41,20,21,131,101,30,23.837209302325583,11.627906976744185,12.209302325581394,76.16279069767442,58.720930232558146,17.441860465116278
E00021003,138,42,21,21,96,77,19,30.434782608695656,15.217391304347828,15.217391304347828,69.56521739130434,55.79710144927537,13.768115942028986
E00021005,207,62,21,41,145,132,13,29.951690821256037,10.144927536231885,19.806763285024154,70.04830917874396,63.76811594202898,6.280193236714976
E00021006,222,66,26,40,156,142,14,29.72972972972973,11.711711711711711,18.01801801801802,70.27027027027027,63.96396396396396,6.306306306306306
E00021007,250,70,25,45,180,158,22,28.000000000000004,10,18,72,63.2,8.799999999999999
E00021008,197,53,18,35,144,133,11,26.903553299492383,9.137055837563452,17.766497461928935,73.09644670050761,67.51269035532995,5.583756345177665
E00021009,170,56,24,32,114,97,17,32.94117647058823,14.117647058823529,18.823529411764707,67.05882352941175,57.05882352941176,10
E00021010,170,42,19,23,128,115,13,24.705882352941178,11.176470588235295,13.529411764705882,75.29411764705883,67.64705882352942,7.647058823529412
E00021011,144,41,22,19,103,89,14,28.47222222222222,15.277777777777779,13.194444444444445,71.52777777777779,61.80555555555556,9.722222222222223
E00021012,170,42,14,28,128,108,20,24.705882352941178,8.235294117647058,16.470588235294116,75.29411764705883,63.52941176470588,11.76470588235294
E00021013,131,34,14,20,97,82,15,25.954198473282442,10.687022900763358,15.267175572519085,74.04580152671755,62.59541984732825,11.450381679389313
E00021014,174,59,23,36,115,107,8,33.90804597701149,13.218390804597702,20.689655172413794,66.0919540229885,61.49425287356321,4.597701149425287
E00021015,178,49,21,28,129,105,24,27.52808988764045,11.797752808988763,15.730337078651685,72.47191011235955,58.98876404494382,13.48314606741573
E00021016,141,46,12,34,95,80,15,32.62411347517731,8.51063829787234,24.113475177304963,67.37588652482269,56.73758865248227,10.638297872340425
E00021017,140,42,17,25,98,81,17,30,12.142857142857142,17.857142857142858,70,57.85714285714286,12.142857142857142
E00021018,146,51,24,27,95,80,15,34.93150684931507,16.43835616438356,18.493150684931507,65.06849315068493,54.794520547945204,10.273972602739725
E00021019,151,46,14,32,105,87,18,30.4635761589404,9.271523178807946,21.192052980132452,69.5364238410596,57.615894039735096,11.920529801324504
E00021020,175,63,21,42,112,95,17,36,12,24,64,54.285714285714285,9.714285714285714
E00021021,163,38,18,20,125,107,18,23.31288343558282,11.042944785276074,12.269938650306749,76.68711656441718,65.6441717791411,11.042944785276074
E00021022,176,61,24,37,115,99,16,34.659090909090914,13.636363636363635,21.022727272727273,65.3409090909091,56.25,9.090909090909092
E00021023,176,41,13,28,135,122,13,23.295454545454543,7.386363636363637,15.909090909090908,76.70454545454545,69.31818181818183,7.386363636363637
E00021024,143,53,22,31,90,79,11,37.06293706293706,15.384615384615385,21.678321678321677,62.93706293706294,55.24475524475524,7.6923076923076925
E00021025,153,57,19,38,96,85,11,37.254901960784316,12.418300653594772,24.836601307189543,62.745098039215684,55.55555555555556,7.18954248366013
E00021026,164,40,15,25,124,108,16,24.390243902439025,9.146341463414634,15.24390243902439,75.60975609756098,65.85365853658537,9.75609756097561
E00021027,197,49,24,25,148,133,15,24.873096446700508,12.18274111675127,12.690355329949238,75.1269035532995,67.51269035532995,7.614213197969544
E00021028,151,33,13,20,118,100,18,21.85430463576159,8.609271523178808,13.245033112582782,78.1456953642384,66.22516556291392,11.920529801324504
E00021029,137,40,8,32,97,85,12,29.1970802919708,5.839416058394161,23.357664233576642,70.8029197080292,62.04379562043796,8.75912408759124
E00021030,136,40,16,24,96,81,15,29.411764705882355,11.76470588235294,17.647058823529413,70.58823529411765,59.55882352941176,11.029411764705882
E00021031,179,60,23,37,119,107,12,33.5195530726257,12.849162011173185,20.670391061452513,66.4804469273743,59.77653631284916,6.70391061452514
E00021032,166,40,13,27,126,105,21,24.096385542168676,7.83132530120482,16.265060240963855,75.90361445783132,63.25301204819277,12.650602409638553
E00021033,146,44,13,31,102,89,13,30.136986301369863,8.904109589041095,21.232876712328768,69.86301369863014,60.95890410958904,8.904109589041095
E00021034,126,29,7,22,97,79,18,23.015873015873016,5.555555555555555,17.46031746031746,76.98412698412699,62.698412698412696,14.285714285714285
E00021035,141,40,19,21,101,89,12,28.368794326241137,13.47517730496454,14.893617021276595,71.63120567375887,63.12056737588653,8.51063829787234
E00021036,94,33,10,23,61,57,4,35.1063829787234,10.638297872340425,24.46808510638298,64.8936170212766,60.63829787234043,4.25531914893617
E00021037,160,48,20,28,112,85,27,30,12.5,17.5,70,53.125,16.875
E00021038,199,59,22,37,140,125,15,29.64824120603015,11.055276381909549,18.592964824120603,70.35175879396985,62.8140703517588,7.537688442211055
E00021039,168,46,21,25,122,106,16,27.380952380952383,12.5,14.880952380952381,72.61904761904762,63.095238095238095,9.523809523809524
E00021040,118,41,21,20,77,54,23,34.74576271186441,17.796610169491526,16.94915254237288,65.2542372881356,45.76271186440678,19.491525423728813
E00021041,188,68,28,40,120,91,29,36.17021276595745,14.893617021276595,21.27659574468085,63.829787234042556,48.40425531914894,15.425531914893616
E00021042,222,66,20,46,156,130,26,29.72972972972973,9.00900900900901,20.72072072072072,70.27027027027027,58.55855855855856,11.711711711711711
E00021043,186,49,18,31,137,104,33,26.344086021505376,9.67741935483871,16.666666666666664,73.65591397849462,55.91397849462365,17.741935483870968
E00021044,163,39,17,22,124,101,23,23.92638036809816,10.429447852760736,13.496932515337424,76.07361963190185,61.963190184049076,14.11042944785276
E00021045,74,20,8,12,54,43,11,27.027027027027028,10.81081081081081,16.216216216216218,72.97297297297297,58.108108108108105,14.864864864864865
E00021046,116,33,16,17,83,67,16,28.448275862068968,13.793103448275861,14.655172413793101,71.55172413793103,57.758620689655174,13.793103448275861
E00021047,91,19,7,12,72,65,7,20.87912087912088,7.6923076923076925,13.186813186813188,79.12087912087912,71.42857142857143,7.6923076923076925
E00021048,78,25,7,18,53,45,8,32.05128205128205,8.974358974358974,23.076923076923077,67.94871794871796,57.692307692307686,10.256410256410255
E00021049,148,37,14,23,111,87,24,25,9.45945945945946,15.54054054054054,75,58.78378378378378,16.216216216216218
E00021050,105,30,10,20,75,58,17,28.57142857142857,9.523809523809524,19.047619047619047,71.42857142857143,55.23809523809524,16.19047619047619
E00021051,195,59,18,41,136,122,14,30.256410256410255,9.230769230769232,21.025641025641026,69.74358974358974,62.56410256410256,7.179487179487179
E00021052,109,26,6,20,83,74,9,23.853211009174313,5.5045871559633035,18.34862385321101,76.14678899082568,67.88990825688074,8.256880733944955
E00021053,195,63,24,39,132,109,23,32.30769230769231,12.307692307692308,20,67.6923076923077,55.8974358974359,11.794871794871794
E00021054,123,43,13,30,80,69,11,34.959349593495936,10.569105691056912,24.390243902439025,65.04065040650406,56.09756097560976,8.94308943089431
E00021055,200,55,16,39,145,117,28,27.500000000000004,8,19.5,72.5,58.5,14.000000000000002
E00021056,138,52,25,27,86,66,20,37.68115942028986,18.115942028985508,19.565217391304348,62.31884057971014,47.82608695652174,14.492753623188406
E00021057,100,25,8,17,75,62,13,25,8,17,75,62,13
E00021058,136,40,16,24,96,78,18,29.411764705882355,11.76470588235294,17.647058823529413,70.58823529411765,57.35294117647059,13.23529411764706
E00021059,109,29,13,16,80,72,8,26.605504587155966,11.926605504587156,14.678899082568808,73.39449541284404,66.05504587155964,7.339449541284404
E00021060,133,48,16,32,85,70,15,36.09022556390977,12.030075187969924,24.06015037593985,63.90977443609023,52.63157894736842,11.278195488721805
E00021061,129,37,15,22,92,77,15,28.68217054263566,11.627906976744185,17.05426356589147,71.31782945736434,59.68992248062015,11.627906976744185
E00021062,223,66,18,48,157,135,22,29.596412556053814,8.071748878923767,21.524663677130047,70.4035874439462,60.53811659192825,9.865470852017937
E00021063,139,48,10,38,91,75,16,34.53237410071942,7.1942446043165464,27.33812949640288,65.46762589928058,53.956834532374096,11.510791366906476
E00021064,141,47,20,27,94,84,10,33.33333333333333,14.184397163120568,19.148936170212767,66.66666666666666,59.57446808510638,7.092198581560284
E00021065,137,41,17,24,96,74,22,29.927007299270077,12.408759124087592,17.51824817518248,70.07299270072993,54.01459854014598,16.05839416058394
E00021066,199,51,16,35,148,131,17,25.628140703517587,8.040201005025125,17.587939698492463,74.37185929648241,65.82914572864321,8.542713567839195
E00021067,131,47,17,30,84,72,12,35.87786259541985,12.977099236641221,22.900763358778626,64.12213740458014,54.961832061068705,9.16030534351145
E00021068,127,35,13,22,92,76,16,27.559055118110237,10.236220472440944,17.322834645669293,72.44094488188976,59.84251968503938,12.598425196850393
E00021069,135,50,18,32,85,76,9,37.03703703703704,13.333333333333334,23.703703703703706,62.96296296296296,56.2962962962963,6.666666666666667
E00021070,193,59,19,40,134,112,22,30.569948186528496,9.844559585492227,20.72538860103627,69.43005181347151,58.03108808290155,11.398963730569948
E00021071,123,47,16,31,76,69,7,38.21138211382114,13.008130081300814,25.203252032520325,61.78861788617886,56.09756097560976,5.691056910569105
E00021073,219,72,22,50,147,128,19,32.87671232876712,10.045662100456621,22.831050228310502,67.12328767123287,58.44748858447488,8.67579908675799
E00021074,154,51,9,42,103,91,12,33.116883116883116,5.844155844155844,27.27272727272727,66.88311688311688,59.09090909090909,7.792207792207792
E00021075,149,44,19,25,105,93,12,29.53020134228188,12.751677852348994,16.778523489932887,70.46979865771812,62.41610738255034,8.053691275167784
E00021076,189,64,22,42,125,108,17,33.86243386243386,11.64021164021164,22.22222222222222,66.13756613756614,57.14285714285714,8.994708994708994
E00021077,146,43,14,29,103,88,15,29.45205479452055,9.58904109589041,19.863013698630137,70.54794520547945,60.273972602739725,10.273972602739725
E00021078,209,53,13,40,156,138,18,25.358851674641148,6.220095693779904,19.138755980861244,74.64114832535886,66.02870813397129,8.61244019138756
E00021079,181,37,9,28,144,124,20,20.441988950276244,4.972375690607735,15.469613259668508,79.55801104972376,68.50828729281768,11.049723756906078
E00021080,261,74,20,54,187,163,24,28.35249042145594,7.662835249042145,20.689655172413794,71.64750957854406,62.45210727969349,9.195402298850574
E00021081,161,45,20,25,116,105,11,27.95031055900621,12.422360248447205,15.527950310559005,72.04968944099379,65.21739130434783,6.832298136645963
E00021082,146,41,16,25,105,93,12,28.08219178082192,10.95890410958904,17.123287671232877,71.91780821917808,63.6986301369863,8.21917808219178
E00021083,195,64,17,47,131,119,12,32.82051282051282,8.717948717948717,24.102564102564102,67.17948717948717,61.02564102564103,6.153846153846154
E00021084,182,62,23,39,120,106,14,34.065934065934066,12.637362637362637,21.428571428571427,65.93406593406593,58.24175824175825,7.6923076923076925
E00021085,186,56,21,35,130,116,14,30.107526881720432,11.29032258064516,18.817204301075268,69.89247311827957,62.365591397849464,7.526881720430108
E00021086,57,23,8,15,34,29,5,40.35087719298245,14.035087719298245,26.31578947368421,59.64912280701754,50.877192982456144,8.771929824561402
E00021087,127,34,11,23,93,86,7,26.77165354330709,8.661417322834646,18.11023622047244,73.22834645669292,67.71653543307087,5.511811023622047
E00021088,180,51,17,34,129,111,18,28.333333333333332,9.444444444444445,18.88888888888889,71.66666666666667,61.66666666666667,10
E00021089,193,63,15,48,130,121,9,32.64248704663213,7.772020725388601,24.870466321243523,67.35751295336787,62.69430051813472,4.66321243523316
E00021090,161,44,14,30,117,103,14,27.32919254658385,8.695652173913043,18.633540372670808,72.67080745341616,63.975155279503106,8.695652173913043
E00021091,164,46,13,33,118,101,17,28.04878048780488,7.926829268292683,20.121951219512198,71.95121951219512,61.58536585365854,10.365853658536585
E00021092,100,30,14,16,70,65,5,30,14.000000000000002,16,70,65,5
E00021094,195,50,17,33,145,135,10,25.64102564102564,8.717948717948717,16.923076923076923,74.35897435897436,69.23076923076923,5.128205128205128
E00021095,99,31,12,19,68,67,1,31.313131313131315,12.121212121212121,19.19191919191919,68.68686868686868,67.67676767676768,1.0101010101010102
E00021096,89,36,13,23,53,44,9,40.44943820224719,14.606741573033707,25.842696629213485,59.55056179775281,49.43820224719101,10.112359550561797
E00021097,121,25,5,20,96,90,6,20.66115702479339,4.132231404958678,16.528925619834713,79.33884297520662,74.3801652892562,4.958677685950414
E00021098,132,33,9,24,99,91,8,25,6.8181818181818175,18.181818181818183,75,68.93939393939394,6.0606060606060606
E00021099,204,61,23,38,143,130,13,29.901960784313726,11.27450980392157,18.627450980392158,70.09803921568627,63.725490196078425,6.372549019607843
E00021100,163,41,11,30,122,104,18,25.153374233128833,6.748466257668712,18.404907975460123,74.84662576687117,63.80368098159509,11.042944785276074
E00021101,146,23,8,15,123,103,20,15.753424657534246,5.47945205479452,10.273972602739725,84.24657534246576,70.54794520547945,13.698630136986301
E00021102,103,32,13,19,71,64,7,31.06796116504854,12.62135922330097,18.446601941747574,68.93203883495146,62.13592233009708,6.796116504854369
E00021103,138,36,11,25,102,91,11,26.08695652173913,7.971014492753622,18.115942028985508,73.91304347826086,65.94202898550725,7.971014492753622
E00021105,144,38,11,27,106,90,16,26.38888888888889,7.638888888888889,18.75,73.61111111111111,62.5,11.11111111111111
E00021106,185,51,20,31,134,107,27,27.56756756756757,10.81081081081081,16.756756756756758,72.43243243243244,57.83783783783784,14.594594594594595
E00021107,242,68,32,36,174,152,22,28.09917355371901,13.223140495867769,14.87603305785124,71.900826446281,62.8099173553719,9.090909090909092
E00021109,153,42,19,23,111,91,20,27.450980392156865,12.418300653594772,15.032679738562091,72.54901960784314,59.47712418300654,13.071895424836603
E00021110,149,24,9,15,125,113,12,16.10738255033557,6.0402684563758395,10.06711409395973,83.89261744966443,75.83892617449665,8.053691275167784
E00021111,179,49,18,31,130,106,24,27.37430167597765,10.05586592178771,17.318435754189945,72.62569832402235,59.217877094972074,13.40782122905028
E00021112,260,73,24,49,187,149,38,28.076923076923077,9.230769230769232,18.846153846153847,71.92307692307692,57.30769230769231,14.615384615384617
E00021113,172,41,14,27,131,115,16,23.837209302325583,8.13953488372093,15.69767441860465,76.16279069767442,66.86046511627907,9.30232558139535
E00021114,156,47,16,31,109,85,24,30.128205128205128,10.256410256410255,19.871794871794872,69.87179487179486,54.48717948717948,15.384615384615385
E00021115,194,53,23,30,141,118,23,27.31958762886598,11.855670103092782,15.463917525773196,72.68041237113401,60.824742268041234,11.855670103092782
E00021116,129,42,16,26,87,72,15,32.55813953488372,12.4031007751938,20.155038759689923,67.44186046511628,55.81395348837209,11.627906976744185
E00021117,173,56,21,35,117,101,16,32.369942196531795,12.138728323699421,20.23121387283237,67.63005780346822,58.38150289017341,9.248554913294797
E00021118,175,54,25,29,121,103,18,30.857142857142854,14.285714285714285,16.57142857142857,69.14285714285714,58.857142857142854,10.285714285714285
E00021119,141,44,13,31,97,86,11,31.20567375886525,9.219858156028367,21.98581560283688,68.79432624113475,60.99290780141844,7.801418439716312
E00021120,277,75,22,53,202,163,39,27.075812274368232,7.9422382671480145,19.133574007220215,72.92418772563177,58.844765342960294,14.079422382671481
E00021121,169,49,18,31,120,103,17,28.994082840236686,10.650887573964498,18.34319526627219,71.00591715976331,60.946745562130175,10.059171597633137
E00021122,269,65,26,39,204,163,41,24.1635687732342,9.66542750929368,14.49814126394052,75.8364312267658,60.594795539033456,15.241635687732341
E00021123,227,60,30,30,167,141,26,26.431718061674008,13.215859030837004,13.215859030837004,73.568281938326,62.11453744493392,11.45374449339207
E00021124,167,41,16,25,126,115,11,24.550898203592812,9.580838323353294,14.97005988023952,75.44910179640718,68.8622754491018,6.58682634730539
E00021125,141,43,14,29,98,81,17,30.49645390070922,9.929078014184398,20.56737588652482,69.50354609929079,57.446808510638306,12.056737588652481
E00021126,176,42,12,30,134,124,10,23.863636363636363,6.8181818181818175,17.045454545454543,76.13636363636364,70.45454545454545,5.681818181818182
E00021127,148,53,14,39,95,85,10,35.810810810810814,9.45945945945946,26.351351351351347,64.1891891891892,57.432432432432435,6.756756756756757
E00021128,176,47,17,30,129,107,22,26.704545454545453,9.659090909090908,17.045454545454543,73.29545454545455,60.79545454545454,12.5
E00021129,179,49,16,33,130,117,13,27.37430167597765,8.938547486033519,18.435754189944134,72.62569832402235,65.36312849162012,7.262569832402235
E00021130,150,42,15,27,108,92,16,28.000000000000004,10,18,72,61.33333333333333,10.666666666666668
E00021131,148,34,10,24,114,100,14,22.972972972972975,6.756756756756757,16.216216216216218,77.02702702702703,67.56756756756756,9.45945945945946
E00021132,103,21,7,14,82,73,9,20.388349514563107,6.796116504854369,13.592233009708737,79.6116504854369,70.87378640776699,8.737864077669903
E00021133,124,34,9,25,90,77,13,27.419354838709676,7.258064516129033,20.161290322580644,72.58064516129032,62.096774193548384,10.483870967741936
E00021134,201,33,12,21,168,139,29,16.417910447761194,5.970149253731343,10.44776119402985,83.5820895522388,69.15422885572139,14.427860696517413
E00021135,204,49,19,30,155,138,17,24.019607843137255,9.313725490196079,14.705882352941178,75.98039215686273,67.64705882352942,8.333333333333332
E00021136,197,50,19,31,147,130,17,25.380710659898476,9.644670050761421,15.736040609137056,74.61928934010153,65.98984771573603,8.629441624365482
E00021137,203,48,17,31,155,131,24,23.645320197044335,8.374384236453201,15.270935960591133,76.35467980295566,64.5320197044335,11.822660098522167
E00021138,196,52,16,36,144,123,21,26.53061224489796,8.16326530612245,18.367346938775512,73.46938775510205,62.755102040816325,10.714285714285714
E00021139,193,54,20,34,139,120,19,27.979274611398964,10.362694300518134,17.616580310880828,72.02072538860104,62.17616580310881,9.844559585492227
E00021140,203,60,16,44,143,120,23,29.55665024630542,7.8817733990147785,21.67487684729064,70.44334975369459,59.11330049261084,11.330049261083744
E00165852,161,45,23,22,116,88,28,27.95031055900621,14.285714285714285,13.664596273291925,72.04968944099379,54.6583850931677,17.391304347826086
E00166816,182,58,16,42,124,102,22,31.868131868131865,8.791208791208792,23.076923076923077,68.13186813186813,56.043956043956044,12.087912087912088
E00166817,300,67,31,36,233,180,53,22.333333333333332,10.333333333333334,12,77.66666666666666,60,17.666666666666668
E00166818,303,74,20,54,229,189,40,24.422442244224424,6.6006600660066,17.82178217821782,75.57755775577559,62.37623762376238,13.2013201320132
E00166819,238,73,26,47,165,145,20,30.672268907563026,10.92436974789916,19.747899159663866,69.32773109243698,60.924369747899156,8.403361344537815
E00166820,183,51,16,35,132,106,26,27.86885245901639,8.743169398907105,19.12568306010929,72.1311475409836,57.92349726775956,14.207650273224044
E00166821,307,69,34,35,238,188,50,22.475570032573287,11.074918566775244,11.400651465798045,77.52442996742671,61.23778501628665,16.286644951140065
E00166823,85,25,13,12,60,51,9,29.411764705882355,15.294117647058824,14.117647058823529,70.58823529411765,60,10.588235294117647
E00166824,197,39,12,27,158,142,16,19.796954314720814,6.091370558375635,13.705583756345177,80.20304568527918,72.08121827411168,8.121827411167512
E00166825,126,26,12,14,100,88,12,20.634920634920633,9.523809523809524,11.11111111111111,79.36507936507937,69.84126984126983,9.523809523809524
E00166826,97,29,12,17,68,63,5,29.896907216494846,12.371134020618557,17.525773195876287,70.10309278350515,64.94845360824742,5.154639175257731
E00180954,288,50,24,26,238,198,40,17.36111111111111,8.333333333333332,9.027777777777777,82.63888888888889,68.75,13.88888888888889
E00180957,118,44,19,25,74,66,8,37.28813559322034,16.101694915254235,21.1864406779661,62.71186440677966,55.932203389830505,6.779661016949152
E00180958,77,10,6,4,67,58,9,12.987012987012985,7.792207792207792,5.194805194805195,87.01298701298701,75.32467532467533,11.688311688311687
E00180960,216,54,21,33,162,140,22,25,9.722222222222223,15.277777777777779,75,64.81481481481481,10.185185185185185
E00180961,150,20,6,14,130,113,17,13.333333333333334,4,9.333333333333334,86.66666666666667,75.33333333333333,11.333333333333332
E00180964,162,38,14,24,124,103,21,23.456790123456788,8.641975308641975,14.814814814814813,76.5432098765432,63.580246913580254,12.962962962962962
E00180971,126,36,12,24,90,72,18,28.57142857142857,9.523809523809524,19.047619047619047,71.42857142857143,57.14285714285714,14.285714285714285
E00180975,126,16,7,9,110,95,15,12.698412698412698,5.555555555555555,7.142857142857142,87.3015873015873,75.39682539682539,11.904761904761903
E00180985,229,53,20,33,176,162,14,23.144104803493452,8.73362445414847,14.41048034934498,76.85589519650655,70.74235807860262,6.11353711790393
E00180992,237,55,25,30,182,153,29,23.20675105485232,10.548523206751055,12.658227848101266,76.79324894514767,64.55696202531645,12.236286919831224
E00180993,209,36,7,29,173,148,25,17.22488038277512,3.349282296650718,13.875598086124402,82.77511961722487,70.81339712918661,11.961722488038278
E00181001,216,52,17,35,164,139,25,24.074074074074073,7.87037037037037,16.203703703703702,75.92592592592592,64.35185185185185,11.574074074074074
E00181002,105,29,9,20,76,63,13,27.61904761904762,8.571428571428571,19.047619047619047,72.38095238095238,60,12.380952380952381
E00181004,69,20,6,14,49,41,8,28.985507246376812,8.695652173913043,20.28985507246377,71.01449275362319,59.42028985507246,11.594202898550725
E00181006,222,50,20,30,172,148,24,22.52252252252252,9.00900900900901,13.513513513513514,77.47747747747748,66.66666666666666,10.81081081081081
E00181014,135,17,6,11,118,101,17,12.592592592592592,4.444444444444445,8.148148148148149,87.4074074074074,74.81481481481481,12.592592592592592
E00181016,272,49,24,25,223,198,25,18.014705882352942,8.823529411764707,9.191176470588236,81.98529411764706,72.79411764705883,9.191176470588236
E00181019,156,32,12,20,124,112,12,20.51282051282051,7.6923076923076925,12.82051282051282,79.48717948717949,71.7948717948718,7.6923076923076925
E00181020,79,22,5,17,57,47,10,27.848101265822784,6.329113924050633,21.518987341772153,72.15189873417721,59.49367088607595,12.658227848101266
E00181023,201,50,21,29,151,136,15,24.875621890547265,10.44776119402985,14.427860696517413,75.12437810945273,67.66169154228857,7.462686567164178
E00181024,156,44,19,25,112,98,14,28.205128205128204,12.179487179487179,16.025641025641026,71.7948717948718,62.82051282051282,8.974358974358974
E00181030,359,36,7,29,323,287,36,10.027855153203342,1.9498607242339834,8.07799442896936,89.97214484679665,79.94428969359332,10.027855153203342
E00181032,81,21,9,12,60,50,10,25.925925925925924,11.11111111111111,14.814814814814813,74.07407407407408,61.72839506172839,12.345679012345679
E00181037,98,23,5,18,75,60,15,23.46938775510204,5.1020408163265305,18.367346938775512,76.53061224489795,61.224489795918366,15.306122448979592
E00181038,218,57,19,38,161,145,16,26.146788990825687,8.715596330275229,17.431192660550458,73.85321100917432,66.5137614678899,7.339449541284404
E00181040,189,42,13,29,147,126,21,22.22222222222222,6.878306878306878,15.343915343915343,77.77777777777779,66.66666666666666,11.11111111111111
E00181042,122,17,9,8,105,97,8,13.934426229508196,7.377049180327869,6.557377049180328,86.0655737704918,79.50819672131148,6.557377049180328
