OA,ts0380001,ts0380002,ts0380003,ts0380004,ts0380005,ts0380006,ts0380007,ts0380002_PCT,ts0380003_PCT,ts0380004_PCT,ts0380005_PCT,ts0380006_PCT,ts0380007_PCT
E00020531,382,44,15,29,338,35,303,11.518324607329843,3.926701570680628,7.591623036649215,88.48167539267016,9.162303664921465,79.31937172774869
E00020532,340,50,17,33,290,20,270,14.705882352941178,5,9.705882352941178,85.29411764705883,5.88235294117647,79.41176470588235
E00020533,308,38,9,29,270,25,245,12.337662337662337,2.922077922077922,9.415584415584416,87.66233766233766,8.116883116883116,79.54545454545455
E00020534,326,40,11,29,286,33,253,12.269938650306749,3.374233128834356,8.895705521472392,87.73006134969326,10.122699386503067,77.60736196319019
E00020535,429,72,32,40,357,21,336,16.783216783216783,7.459207459207459,9.324009324009324,83.21678321678321,4.895104895104895,78.32167832167832
E00020536,332,50,26,24,282,12,270,15.060240963855422,7.83132530120482,7.228915662650602,84.93975903614458,3.614457831325301,81.32530120481928
E00020537,396,51,22,29,345,20,325,12.878787878787879,5.555555555555555,7.3232323232323235,87.12121212121212,5.05050505050505,82.07070707070707
E00020538,391,57,20,37,334,20,314,14.578005115089516,5.115089514066496,9.462915601023019,85.42199488491049,5.115089514066496,80.30690537084399
E00020539,304,51,28,23,253,17,236,16.776315789473685,9.210526315789473,7.565789473684211,83.22368421052632,5.592105263157895,77.63157894736842
E00020540,374,71,28,43,303,17,286,18.983957219251337,7.4866310160427805,11.497326203208557,81.01604278074866,4.545454545454546,76.47058823529412
E00020541,367,64,35,29,303,35,268,17.43869209809264,9.536784741144414,7.901907356948229,82.56130790190736,9.536784741144414,73.02452316076294
E00020542,344,44,16,28,300,16,284,12.790697674418606,4.651162790697675,8.13953488372093,87.20930232558139,4.651162790697675,82.55813953488372
E00020543,295,41,12,29,254,13,241,13.898305084745763,4.067796610169491,9.830508474576272,86.10169491525423,4.406779661016949,81.69491525423729
E00020544,279,37,15,22,242,20,222,13.261648745519713,5.376344086021505,7.885304659498208,86.73835125448028,7.168458781362006,79.56989247311827
E00020545,365,48,14,34,317,24,293,13.150684931506849,3.8356164383561646,9.315068493150685,86.84931506849315,6.575342465753424,80.27397260273973
E00020546,312,36,8,28,276,19,257,11.538461538461538,2.564102564102564,8.974358974358974,88.46153846153845,6.089743589743589,82.37179487179486
E00020547,290,29,7,22,261,16,245,10,2.413793103448276,7.586206896551724,90,5.517241379310345,84.48275862068965
E00020548,300,56,20,36,244,15,229,18.666666666666668,6.666666666666667,12,81.33333333333333,5,76.33333333333333
E00020549,304,40,22,18,264,34,230,13.157894736842104,7.236842105263158,5.921052631578947,86.8421052631579,11.18421052631579,75.6578947368421
E00020550,361,39,17,22,322,30,292,10.80332409972299,4.7091412742382275,6.094182825484765,89.19667590027701,8.310249307479225,80.88642659279779
E00020551,353,47,20,27,306,17,289,13.314447592067987,5.6657223796034,7.64872521246459,86.68555240793201,4.815864022662889,81.86968838526913
E00020552,342,43,19,24,299,22,277,12.573099415204677,5.555555555555555,7.017543859649122,87.42690058479532,6.432748538011696,80.99415204678363
E00020553,338,44,19,25,294,19,275,13.017751479289942,5.621301775147929,7.396449704142012,86.98224852071006,5.621301775147929,81.36094674556213
E00020554,289,39,18,21,250,9,241,13.494809688581316,6.228373702422145,7.26643598615917,86.50519031141869,3.1141868512110724,83.39100346020761
E00020555,345,47,12,35,298,19,279,13.623188405797102,3.4782608695652173,10.144927536231885,86.37681159420289,5.507246376811594,80.8695652173913
E00020556,362,46,20,26,316,31,285,12.70718232044199,5.524861878453039,7.18232044198895,87.29281767955801,8.56353591160221,78.72928176795581
E00020557,376,48,22,26,328,22,306,12.76595744680851,5.851063829787234,6.914893617021277,87.2340425531915,5.851063829787234,81.38297872340425
E00020558,357,47,19,28,310,18,292,13.165266106442578,5.322128851540616,7.8431372549019605,86.83473389355743,5.042016806722689,81.79271708683473
E00020559,234,61,31,30,173,9,164,26.06837606837607,13.247863247863249,12.82051282051282,73.93162393162393,3.8461538461538463,70.08547008547008
E00020560,318,36,12,24,282,27,255,11.320754716981133,3.7735849056603774,7.547169811320755,88.67924528301887,8.49056603773585,80.18867924528303
E00020561,431,46,13,33,385,35,350,10.672853828306264,3.0162412993039442,7.65661252900232,89.32714617169374,8.120649651972158,81.20649651972158
E00020562,291,35,10,25,256,17,239,12.027491408934708,3.436426116838488,8.59106529209622,87.97250859106529,5.841924398625429,82.13058419243985
E00020563,259,33,15,18,226,14,212,12.741312741312742,5.7915057915057915,6.94980694980695,87.25868725868726,5.405405405405405,81.85328185328186
E00020565,474,120,46,74,354,24,330,25.31645569620253,9.70464135021097,15.611814345991561,74.68354430379746,5.063291139240507,69.62025316455697
E00020566,235,40,16,24,195,13,182,17.02127659574468,6.808510638297872,10.212765957446807,82.97872340425532,5.531914893617021,77.4468085106383
E00020567,126,44,23,21,82,5,77,34.92063492063492,18.253968253968253,16.666666666666664,65.07936507936508,3.968253968253968,61.111111111111114
E00020568,264,54,22,32,210,24,186,20.454545454545457,8.333333333333332,12.121212121212121,79.54545454545455,9.090909090909092,70.45454545454545
E00020569,411,53,29,24,358,22,336,12.895377128953772,7.0559610705596105,5.839416058394161,87.10462287104623,5.35279805352798,81.75182481751825
E00020570,176,48,25,23,128,13,115,27.27272727272727,14.204545454545455,13.068181818181818,72.72727272727273,7.386363636363637,65.3409090909091
E00020571,304,70,32,38,234,14,220,23.026315789473685,10.526315789473683,12.5,76.97368421052632,4.605263157894736,72.36842105263158
E00020572,395,57,20,37,338,19,319,14.430379746835442,5.063291139240507,9.367088607594937,85.56962025316456,4.810126582278481,80.75949367088607
E00020573,355,70,32,38,285,17,268,19.718309859154928,9.014084507042254,10.704225352112676,80.28169014084507,4.788732394366197,75.49295774647888
E00020574,272,52,30,22,220,17,203,19.11764705882353,11.029411764705882,8.088235294117647,80.88235294117648,6.25,74.63235294117648
E00020575,332,78,37,41,254,17,237,23.49397590361446,11.144578313253012,12.349397590361445,76.50602409638554,5.120481927710843,71.3855421686747
E00020576,441,51,16,35,390,44,346,11.564625850340136,3.6281179138321997,7.936507936507936,88.43537414965986,9.977324263038549,78.45804988662131
E00020577,400,88,41,47,312,28,284,22,10.25,11.75,78,7.000000000000001,71
E00020578,306,66,34,32,240,15,225,21.568627450980394,11.11111111111111,10.457516339869281,78.43137254901961,4.901960784313726,73.52941176470588
E00020579,504,124,67,57,380,35,345,24.6031746031746,13.293650793650794,11.30952380952381,75.39682539682539,6.944444444444445,68.45238095238095
E00020580,428,106,53,53,322,24,298,24.766355140186917,12.383177570093459,12.383177570093459,75.23364485981308,5.607476635514018,69.62616822429906
E00020581,337,81,39,42,256,16,240,24.03560830860534,11.572700296735905,12.462908011869436,75.96439169139467,4.747774480712167,71.2166172106825
E00020582,244,57,25,32,187,14,173,23.36065573770492,10.245901639344263,13.114754098360656,76.63934426229508,5.737704918032787,70.90163934426229
E00020583,329,54,19,35,275,21,254,16.41337386018237,5.775075987841945,10.638297872340425,83.58662613981764,6.382978723404255,77.20364741641338
E00020584,293,40,14,26,253,21,232,13.651877133105803,4.778156996587031,8.873720136518772,86.3481228668942,7.167235494880546,79.18088737201366
E00020585,321,26,6,20,295,28,267,8.09968847352025,1.8691588785046727,6.230529595015576,91.90031152647975,8.722741433021806,83.17757009345794
E00020586,397,40,15,25,357,21,336,10.075566750629724,3.7783375314861463,6.297229219143577,89.92443324937027,5.289672544080604,84.63476070528966
E00020587,356,55,23,32,301,16,285,15.44943820224719,6.460674157303371,8.98876404494382,84.5505617977528,4.49438202247191,80.0561797752809
E00020588,349,51,18,33,298,25,273,14.613180515759314,5.157593123209169,9.455587392550143,85.38681948424069,7.163323782234957,78.22349570200574
E00020589,322,41,18,23,281,30,251,12.732919254658384,5.590062111801243,7.142857142857142,87.26708074534162,9.316770186335404,77.95031055900621
E00020590,322,27,10,17,295,16,279,8.385093167701864,3.1055900621118013,5.279503105590062,91.61490683229813,4.968944099378882,86.64596273291926
E00020591,311,32,12,20,279,14,265,10.289389067524116,3.858520900321544,6.430868167202572,89.71061093247589,4.501607717041801,85.20900321543408
E00020592,307,40,16,24,267,20,247,13.029315960912053,5.211726384364821,7.81758957654723,86.97068403908796,6.514657980456026,80.45602605863192
E00020593,256,42,13,29,214,22,192,16.40625,5.078125,11.328125,83.59375,8.59375,75
E00020594,511,50,18,32,461,24,437,9.784735812133071,3.522504892367906,6.262230919765166,90.21526418786692,4.6966731898238745,85.51859099804305
E00020595,370,57,21,36,313,22,291,15.405405405405407,5.675675675675676,9.72972972972973,84.5945945945946,5.9459459459459465,78.64864864864865
E00020596,414,82,53,29,332,22,310,19.806763285024154,12.80193236714976,7.004830917874397,80.19323671497585,5.314009661835748,74.8792270531401
E00020597,404,50,19,31,354,32,322,12.376237623762377,4.702970297029703,7.673267326732673,87.62376237623762,7.920792079207921,79.70297029702971
E00020598,314,22,5,17,292,31,261,7.006369426751593,1.5923566878980893,5.414012738853503,92.99363057324841,9.872611464968154,83.12101910828027
E00020599,240,23,12,11,217,24,193,9.583333333333334,5,4.583333333333333,90.41666666666667,10,80.41666666666667
E00020600,350,43,18,25,307,26,281,12.285714285714286,5.142857142857142,7.142857142857142,87.71428571428571,7.428571428571429,80.28571428571428
E00020601,158,50,21,29,108,7,101,31.645569620253166,13.291139240506327,18.354430379746837,68.35443037974683,4.430379746835443,63.92405063291139
E00020602,275,21,6,15,254,14,240,7.636363636363637,2.181818181818182,5.454545454545454,92.36363636363636,5.090909090909091,87.27272727272727
E00020603,265,45,30,15,220,14,206,16.9811320754717,11.320754716981133,5.660377358490567,83.01886792452831,5.283018867924529,77.73584905660378
E00020604,348,41,16,25,307,17,290,11.781609195402298,4.597701149425287,7.183908045977011,88.2183908045977,4.885057471264368,83.33333333333334
E00020605,214,19,4,15,195,13,182,8.878504672897195,1.8691588785046727,7.009345794392523,91.1214953271028,6.074766355140187,85.04672897196261
E00020606,326,29,11,18,297,25,272,8.895705521472392,3.374233128834356,5.521472392638037,91.1042944785276,7.668711656441718,83.43558282208589
E00020607,267,25,7,18,242,16,226,9.363295880149813,2.6217228464419478,6.741573033707865,90.63670411985018,5.992509363295881,84.6441947565543
E00020608,270,24,13,11,246,7,239,8.88888888888889,4.814814814814815,4.074074074074074,91.11111111111111,2.5925925925925926,88.51851851851852
E00020609,291,49,20,29,242,22,220,16.83848797250859,6.872852233676976,9.965635738831615,83.16151202749141,7.560137457044673,75.60137457044674
E00020610,275,23,4,19,252,16,236,8.363636363636363,1.4545454545454546,6.909090909090909,91.63636363636364,5.818181818181818,85.81818181818181
E00020611,365,21,4,17,344,17,327,5.7534246575342465,1.095890410958904,4.657534246575342,94.24657534246576,4.657534246575342,89.58904109589041
E00020612,404,44,18,26,360,23,337,10.891089108910892,4.455445544554455,6.435643564356436,89.10891089108911,5.693069306930694,83.41584158415841
E00020613,209,8,4,4,201,19,182,3.827751196172249,1.9138755980861244,1.9138755980861244,96.17224880382776,9.090909090909092,87.08133971291866
E00020614,312,54,28,26,258,19,239,17.307692307692307,8.974358974358974,8.333333333333332,82.6923076923077,6.089743589743589,76.6025641025641
E00020615,385,104,59,45,281,20,261,27.01298701298701,15.324675324675324,11.688311688311687,72.98701298701299,5.194805194805195,67.79220779220779
E00020616,324,31,11,20,293,24,269,9.5679012345679,3.3950617283950617,6.172839506172839,90.4320987654321,7.4074074074074066,83.0246913580247
E00020617,355,63,30,33,292,17,275,17.74647887323944,8.450704225352112,9.295774647887324,82.25352112676056,4.788732394366197,77.46478873239437
E00020618,307,27,8,19,280,21,259,8.794788273615636,2.6058631921824107,6.188925081433225,91.20521172638436,6.840390879478828,84.36482084690554
E00020619,222,36,10,26,186,15,171,16.216216216216218,4.504504504504505,11.711711711711711,83.78378378378379,6.756756756756757,77.02702702702703
E00020620,293,62,28,34,231,18,213,21.160409556313994,9.556313993174061,11.604095563139932,78.839590443686,6.143344709897611,72.6962457337884
E00020621,320,34,11,23,286,25,261,10.625,3.4375000000000004,7.187499999999999,89.375,7.8125,81.5625
E00020622,324,46,13,33,278,33,245,14.19753086419753,4.012345679012346,10.185185185185185,85.80246913580247,10.185185185185185,75.61728395061729
E00020623,262,37,11,26,225,17,208,14.122137404580155,4.198473282442748,9.923664122137405,85.87786259541986,6.488549618320611,79.38931297709924
E00020624,430,46,16,30,384,24,360,10.69767441860465,3.7209302325581395,6.976744186046512,89.30232558139535,5.5813953488372094,83.72093023255815
E00020625,273,39,17,22,234,33,201,14.285714285714285,6.227106227106227,8.058608058608058,85.71428571428571,12.087912087912088,73.62637362637363
E00020626,355,47,12,35,308,19,289,13.239436619718308,3.3802816901408446,9.859154929577464,86.76056338028168,5.352112676056338,81.40845070422536
E00020627,227,18,3,15,209,13,196,7.929515418502203,1.3215859030837005,6.607929515418502,92.07048458149781,5.726872246696035,86.34361233480176
E00020628,316,27,7,20,289,23,266,8.544303797468354,2.2151898734177213,6.329113924050633,91.45569620253164,7.2784810126582276,84.17721518987342
E00020629,329,45,19,26,284,25,259,13.677811550151976,5.775075987841945,7.90273556231003,86.32218844984803,7.598784194528875,78.72340425531915
E00020630,413,86,45,41,327,30,297,20.823244552058114,10.895883777239709,9.927360774818402,79.1767554479419,7.263922518159806,71.91283292978208
E00020631,320,42,11,31,278,32,246,13.125,3.4375000000000004,9.6875,86.875,10,76.875
E00020632,192,58,31,27,134,14,120,30.208333333333332,16.145833333333336,14.0625,69.79166666666666,7.291666666666667,62.5
E00020633,244,37,15,22,207,20,187,15.163934426229508,6.147540983606557,9.01639344262295,84.8360655737705,8.19672131147541,76.63934426229508
E00020634,357,43,21,22,314,32,282,12.044817927170868,5.88235294117647,6.162464985994398,87.95518207282913,8.96358543417367,78.99159663865547
E00020635,312,48,23,25,264,24,240,15.384615384615385,7.371794871794872,8.012820512820513,84.61538461538461,7.6923076923076925,76.92307692307693
E00020636,280,40,15,25,240,28,212,14.285714285714285,5.357142857142857,8.928571428571429,85.71428571428571,10,75.71428571428571
E00020637,366,56,15,41,310,25,285,15.300546448087433,4.098360655737705,11.202185792349727,84.69945355191257,6.830601092896176,77.8688524590164
E00020638,325,38,10,28,287,23,264,11.692307692307692,3.076923076923077,8.615384615384615,88.3076923076923,7.076923076923077,81.23076923076923
E00020639,452,79,40,39,373,35,338,17.47787610619469,8.849557522123893,8.628318584070795,82.52212389380531,7.7433628318584065,74.77876106194691
E00020640,296,20,3,17,276,20,256,6.756756756756757,1.0135135135135136,5.743243243243244,93.24324324324324,6.756756756756757,86.48648648648648
E00020641,289,43,20,23,246,19,227,14.878892733564014,6.920415224913495,7.958477508650519,85.12110726643598,6.5743944636678195,78.54671280276817
E00020642,222,30,13,17,192,12,180,13.513513513513514,5.8558558558558556,7.657657657657657,86.48648648648648,5.405405405405405,81.08108108108108
E00020643,403,52,12,40,351,42,309,12.903225806451612,2.977667493796526,9.925558312655088,87.09677419354838,10.421836228287841,76.67493796526055
E00020644,426,59,32,27,367,32,335,13.849765258215962,7.511737089201878,6.338028169014084,86.15023474178403,7.511737089201878,78.63849765258216
E00020645,237,21,3,18,216,18,198,8.860759493670885,1.2658227848101267,7.59493670886076,91.13924050632912,7.59493670886076,83.54430379746836
E00020646,455,61,26,35,394,28,366,13.406593406593407,5.714285714285714,7.6923076923076925,86.5934065934066,6.153846153846154,80.43956043956044
E00020647,280,35,6,29,245,31,214,12.5,2.142857142857143,10.357142857142858,87.5,11.071428571428571,76.42857142857142
E00020648,427,47,16,31,380,32,348,11.00702576112412,3.747072599531616,7.259953161592506,88.99297423887587,7.494145199063232,81.49882903981265
E00020649,366,55,24,31,311,35,276,15.027322404371585,6.557377049180328,8.469945355191257,84.97267759562843,9.562841530054644,75.40983606557377
E00020650,278,29,7,22,249,22,227,10.431654676258994,2.5179856115107913,7.913669064748201,89.568345323741,7.913669064748201,81.65467625899281
E00020651,312,58,20,38,254,8,246,18.58974358974359,6.41025641025641,12.179487179487179,81.41025641025641,2.564102564102564,78.84615384615384
E00020652,330,40,10,30,290,26,264,12.121212121212121,3.0303030303030303,9.090909090909092,87.87878787878788,7.878787878787878,80
E00020653,345,48,9,39,297,36,261,13.91304347826087,2.608695652173913,11.304347826086957,86.08695652173914,10.434782608695652,75.65217391304347
E00020654,273,36,14,22,237,22,215,13.186813186813188,5.128205128205128,8.058608058608058,86.81318681318682,8.058608058608058,78.75457875457876
E00020655,345,44,16,28,301,36,265,12.753623188405797,4.63768115942029,8.115942028985506,87.2463768115942,10.434782608695652,76.81159420289855
E00020656,310,40,15,25,270,27,243,12.903225806451612,4.838709677419355,8.064516129032258,87.09677419354838,8.709677419354838,78.38709677419354
E00020657,270,34,8,26,236,17,219,12.592592592592592,2.9629629629629632,9.62962962962963,87.4074074074074,6.296296296296296,81.11111111111111
E00020658,428,55,23,32,373,27,346,12.850467289719624,5.373831775700935,7.476635514018691,87.14953271028037,6.308411214953271,80.8411214953271
E00020659,332,39,11,28,293,17,276,11.74698795180723,3.313253012048193,8.433734939759036,88.25301204819277,5.120481927710843,83.13253012048193
E00020660,369,41,10,31,328,22,306,11.11111111111111,2.710027100271003,8.401084010840108,88.88888888888889,5.9620596205962055,82.92682926829268
E00020661,313,52,19,33,261,18,243,16.61341853035144,6.070287539936102,10.543130990415335,83.38658146964856,5.7507987220447285,77.63578274760383
E00020662,376,48,17,31,328,22,306,12.76595744680851,4.521276595744681,8.24468085106383,87.2340425531915,5.851063829787234,81.38297872340425
E00020663,265,24,8,16,241,20,221,9.056603773584905,3.018867924528302,6.037735849056604,90.9433962264151,7.547169811320755,83.39622641509435
E00020664,339,44,15,29,295,27,268,12.979351032448378,4.424778761061947,8.55457227138643,87.02064896755162,7.964601769911504,79.05604719764013
E00020665,362,29,13,16,333,19,314,8.011049723756907,3.591160220994475,4.41988950276243,91.9889502762431,5.248618784530387,86.74033149171271
E00020666,517,103,46,57,414,47,367,19.922630560928432,8.897485493230175,11.02514506769826,80.07736943907156,9.090909090909092,70.98646034816247
E00020667,365,59,32,27,306,27,279,16.164383561643834,8.767123287671232,7.397260273972603,83.83561643835617,7.397260273972603,76.43835616438356
E00020668,404,80,35,45,324,26,298,19.801980198019802,8.663366336633663,11.138613861386139,80.19801980198021,6.435643564356436,73.76237623762376
E00020669,347,55,25,30,292,24,268,15.85014409221902,7.204610951008646,8.645533141210375,84.14985590778097,6.9164265129683,77.23342939481267
E00020670,329,69,25,44,260,23,237,20.972644376899694,7.598784194528875,13.37386018237082,79.0273556231003,6.990881458966565,72.03647416413374
E00020671,299,54,21,33,245,20,225,18.06020066889632,7.023411371237458,11.036789297658862,81.93979933110369,6.688963210702341,75.25083612040135
E00020672,367,54,21,33,313,34,279,14.713896457765669,5.722070844686648,8.991825613079019,85.28610354223434,9.264305177111716,76.02179836512262
E00020673,300,37,7,30,263,28,235,12.333333333333334,2.3333333333333335,10,87.66666666666667,9.333333333333334,78.33333333333333
E00020674,376,48,12,36,328,26,302,12.76595744680851,3.1914893617021276,9.574468085106384,87.2340425531915,6.914893617021277,80.31914893617021
E00020675,244,37,8,29,207,19,188,15.163934426229508,3.278688524590164,11.885245901639344,84.8360655737705,7.786885245901639,77.04918032786885
E00020676,281,36,13,23,245,20,225,12.811387900355871,4.6263345195729535,8.185053380782918,87.18861209964413,7.11743772241993,80.0711743772242
E00020677,392,39,11,28,353,38,315,9.948979591836734,2.806122448979592,7.142857142857142,90.05102040816327,9.693877551020408,80.35714285714286
E00020678,275,30,10,20,245,23,222,10.909090909090908,3.6363636363636362,7.2727272727272725,89.0909090909091,8.363636363636363,80.72727272727272
E00020679,384,43,8,35,341,22,319,11.197916666666668,2.083333333333333,9.114583333333332,88.80208333333334,5.729166666666666,83.07291666666666
E00020680,368,52,18,34,316,34,282,14.130434782608695,4.891304347826087,9.239130434782608,85.86956521739131,9.239130434782608,76.63043478260869
E00020681,347,72,39,33,275,32,243,20.7492795389049,11.239193083573488,9.510086455331413,79.2507204610951,9.221902017291066,70.02881844380403
E00020682,381,41,10,31,340,34,306,10.761154855643044,2.6246719160104988,8.136482939632545,89.23884514435696,8.923884514435695,80.31496062992126
E00020683,385,50,18,32,335,35,300,12.987012987012985,4.675324675324675,8.311688311688311,87.01298701298701,9.090909090909092,77.92207792207793
E00020684,353,54,22,32,299,25,274,15.29745042492918,6.232294617563739,9.06515580736544,84.70254957507082,7.0821529745042495,77.62039660056658
E00020685,349,47,16,31,302,33,269,13.46704871060172,4.584527220630372,8.882521489971348,86.53295128939828,9.455587392550143,77.07736389684814
E00020686,323,32,14,18,291,24,267,9.907120743034056,4.3343653250774,5.572755417956656,90.09287925696594,7.430340557275541,82.6625386996904
E00020687,282,43,15,28,239,19,220,15.24822695035461,5.319148936170213,9.929078014184398,84.75177304964538,6.73758865248227,78.01418439716312
E00020688,364,40,18,22,324,29,295,10.989010989010989,4.945054945054945,6.043956043956044,89.01098901098901,7.967032967032966,81.04395604395604
E00020689,354,45,12,33,309,28,281,12.711864406779661,3.389830508474576,9.322033898305085,87.28813559322035,7.909604519774012,79.37853107344633
E00020690,373,54,21,33,319,26,293,14.47721179624665,5.630026809651475,8.847184986595174,85.52278820375335,6.970509383378016,78.55227882037534
E00020692,363,48,16,32,315,21,294,13.223140495867769,4.40771349862259,8.81542699724518,86.77685950413223,5.785123966942149,80.99173553719008
E00020693,331,44,18,26,287,29,258,13.293051359516618,5.438066465256798,7.854984894259818,86.70694864048339,8.761329305135952,77.94561933534743
E00020694,373,43,19,24,330,24,306,11.528150134048257,5.093833780160858,6.434316353887399,88.47184986595174,6.434316353887399,82.03753351206434
E00020695,363,45,22,23,318,29,289,12.396694214876034,6.0606060606060606,6.336088154269973,87.60330578512396,7.988980716253444,79.61432506887053
E00020696,325,39,12,27,286,23,263,12,3.6923076923076925,8.307692307692308,88,7.076923076923077,80.92307692307692
E00020697,434,78,50,28,356,24,332,17.972350230414747,11.52073732718894,6.451612903225806,82.02764976958525,5.529953917050691,76.49769585253456
E00020698,306,25,7,18,281,11,270,8.169934640522875,2.287581699346405,5.88235294117647,91.83006535947712,3.594771241830065,88.23529411764706
E00020699,327,31,12,19,296,19,277,9.480122324159021,3.669724770642202,5.81039755351682,90.51987767584097,5.81039755351682,84.70948012232415
E00020700,323,43,20,23,280,26,254,13.312693498452013,6.191950464396285,7.120743034055728,86.687306501548,8.04953560371517,78.63777089783281
E00020702,385,53,30,23,332,22,310,13.766233766233766,7.792207792207792,5.974025974025974,86.23376623376623,5.714285714285714,80.51948051948052
E00020703,362,38,15,23,324,22,302,10.497237569060774,4.143646408839778,6.353591160220995,89.50276243093923,6.077348066298343,83.42541436464089
E00020704,395,78,55,23,317,17,300,19.746835443037973,13.924050632911392,5.822784810126582,80.25316455696202,4.30379746835443,75.9493670886076
E00020705,293,39,10,29,254,15,239,13.310580204778159,3.4129692832764507,9.897610921501707,86.68941979522185,5.1194539249146755,81.56996587030717
E00020706,343,45,16,29,298,30,268,13.119533527696792,4.664723032069971,8.454810495626822,86.88046647230321,8.746355685131196,78.134110787172
E00020707,387,62,32,30,325,31,294,16.020671834625322,8.2687338501292,7.751937984496124,83.97932816537468,8.010335917312661,75.96899224806202
E00020708,400,62,18,44,338,17,321,15.5,4.5,11,84.5,4.25,80.25
E00020709,316,35,10,25,281,17,264,11.075949367088606,3.1645569620253164,7.9113924050632916,88.92405063291139,5.379746835443038,83.54430379746836
E00020710,377,47,18,29,330,22,308,12.46684350132626,4.774535809018567,7.6923076923076925,87.53315649867373,5.835543766578249,81.6976127320955
E00020711,382,31,9,22,351,21,330,8.115183246073299,2.356020942408377,5.7591623036649215,91.8848167539267,5.49738219895288,86.38743455497382
E00020712,373,51,17,34,322,25,297,13.672922252010725,4.557640750670242,9.115281501340483,86.32707774798928,6.702412868632708,79.62466487935657
E00020713,352,44,13,31,308,26,282,12.5,3.6931818181818183,8.806818181818182,87.5,7.386363636363637,80.11363636363636
E00020714,349,49,19,30,300,17,283,14.040114613180515,5.444126074498568,8.595988538681947,85.95988538681948,4.871060171919771,81.08882521489971
E00020715,373,51,18,33,322,22,300,13.672922252010725,4.825737265415549,8.847184986595174,86.32707774798928,5.898123324396782,80.42895442359249
E00020716,403,53,22,31,350,29,321,13.151364764267989,5.459057071960298,7.6923076923076925,86.848635235732,7.196029776674938,79.65260545905707
E00020718,398,79,42,37,319,35,284,19.849246231155778,10.552763819095476,9.296482412060302,80.15075376884423,8.793969849246231,71.35678391959799
E00020719,248,86,47,39,162,22,140,34.67741935483871,18.951612903225808,15.725806451612904,65.32258064516128,8.870967741935484,56.451612903225815
E00020720,350,44,21,23,306,16,290,12.571428571428573,6,6.571428571428571,87.42857142857143,4.571428571428571,82.85714285714286
E00020721,318,22,10,12,296,30,266,6.918238993710692,3.1446540880503147,3.7735849056603774,93.08176100628931,9.433962264150944,83.64779874213836
E00020722,383,81,29,52,302,25,277,21.148825065274153,7.5718015665796345,13.577023498694519,78.85117493472585,6.527415143603134,72.32375979112271
E00020723,341,46,15,31,295,28,267,13.48973607038123,4.398826979472141,9.090909090909092,86.51026392961877,8.211143695014663,78.2991202346041
E00020724,279,45,20,25,234,8,226,16.129032258064516,7.168458781362006,8.960573476702509,83.87096774193549,2.867383512544803,81.00358422939068
E00020725,362,47,16,31,315,24,291,12.98342541436464,4.41988950276243,8.56353591160221,87.01657458563537,6.629834254143646,80.38674033149171
E00020726,310,53,24,29,257,21,236,17.096774193548388,7.741935483870968,9.35483870967742,82.9032258064516,6.774193548387098,76.12903225806451
E00020727,360,32,11,21,328,19,309,8.88888888888889,3.0555555555555554,5.833333333333333,91.11111111111111,5.277777777777778,85.83333333333333
E00020728,245,40,18,22,205,15,190,16.3265306122449,7.346938775510205,8.979591836734693,83.6734693877551,6.122448979591836,77.55102040816327
E00020729,394,39,21,18,355,32,323,9.898477157360407,5.32994923857868,4.568527918781726,90.1015228426396,8.121827411167512,81.97969543147208
E00020730,309,38,11,27,271,19,252,12.297734627831716,3.559870550161812,8.737864077669903,87.70226537216828,6.148867313915858,81.55339805825243
E00020731,380,50,19,31,330,29,301,13.157894736842104,5,8.157894736842106,86.8421052631579,7.631578947368421,79.21052631578948
E00020732,373,44,11,33,329,28,301,11.796246648793565,2.949061662198391,8.847184986595174,88.20375335120644,7.506702412868632,80.6970509383378
E00020733,279,47,26,21,232,27,205,16.845878136200717,9.31899641577061,7.526881720430108,83.15412186379928,9.67741935483871,73.47670250896059
E00020734,341,28,8,20,313,22,291,8.211143695014663,2.346041055718475,5.865102639296188,91.78885630498533,6.451612903225806,85.33724340175954
E00020735,317,40,11,29,277,16,261,12.618296529968454,3.4700315457413247,9.14826498422713,87.38170347003155,5.047318611987381,82.33438485804416
E00020736,362,42,13,29,320,21,299,11.602209944751381,3.591160220994475,8.011049723756907,88.39779005524862,5.801104972375691,82.59668508287292
E00020737,346,43,20,23,303,22,281,12.427745664739884,5.780346820809249,6.6473988439306355,87.57225433526011,6.358381502890173,81.21387283236994
E00020738,356,39,13,26,317,28,289,10.955056179775282,3.651685393258427,7.303370786516854,89.04494382022472,7.865168539325842,81.17977528089888
E00020739,376,42,21,21,334,24,310,11.170212765957446,5.585106382978723,5.585106382978723,88.82978723404256,6.382978723404255,82.4468085106383
E00020740,414,57,17,40,357,29,328,13.768115942028986,4.1062801932367154,9.66183574879227,86.23188405797102,7.004830917874397,79.22705314009661
E00020741,273,33,14,19,240,21,219,12.087912087912088,5.128205128205128,6.95970695970696,87.91208791208791,7.6923076923076925,80.21978021978022
E00020742,463,81,29,52,382,22,360,17.49460043196544,6.263498920086392,11.23110151187905,82.50539956803455,4.751619870410368,77.7537796976242
E00020743,372,35,14,21,337,26,311,9.408602150537634,3.763440860215054,5.64516129032258,90.59139784946237,6.989247311827956,83.60215053763442
E00020744,230,33,18,15,197,15,182,14.347826086956522,7.82608695652174,6.521739130434782,85.65217391304348,6.521739130434782,79.13043478260869
E00020745,377,42,16,26,335,36,299,11.140583554376658,4.244031830238726,6.896551724137931,88.85941644562334,9.549071618037134,79.3103448275862
E00020746,360,46,13,33,314,31,283,12.777777777777777,3.6111111111111107,9.166666666666666,87.22222222222223,8.61111111111111,78.61111111111111
E00020747,301,26,9,17,275,21,254,8.637873754152823,2.990033222591362,5.647840531561462,91.36212624584718,6.976744186046512,84.38538205980066
E00020748,332,33,10,23,299,21,278,9.939759036144578,3.0120481927710845,6.927710843373494,90.06024096385542,6.325301204819277,83.73493975903614
E00020749,359,35,11,24,324,23,301,9.749303621169917,3.064066852367688,6.685236768802229,90.25069637883009,6.406685236768802,83.84401114206128
E00020750,407,45,17,28,362,31,331,11.056511056511056,4.176904176904177,6.87960687960688,88.94348894348894,7.616707616707617,81.32678132678133
E00020751,412,44,10,34,368,38,330,10.679611650485436,2.4271844660194173,8.25242718446602,89.32038834951457,9.223300970873787,80.09708737864078
E00020752,344,52,22,30,292,18,274,15.11627906976744,6.395348837209303,8.720930232558139,84.88372093023256,5.232558139534884,79.65116279069767
E00020753,384,66,32,34,318,24,294,17.1875,8.333333333333332,8.854166666666668,82.8125,6.25,76.5625
E00020754,415,119,58,61,296,23,273,28.674698795180724,13.975903614457833,14.698795180722893,71.32530120481928,5.542168674698795,65.78313253012048
E00020755,346,58,31,27,288,11,277,16.76300578034682,8.959537572254336,7.803468208092486,83.23699421965318,3.1791907514450863,80.05780346820809
E00020756,363,57,30,27,306,21,285,15.702479338842975,8.264462809917356,7.43801652892562,84.29752066115702,5.785123966942149,78.51239669421489
E00020757,513,91,42,49,422,24,398,17.73879142300195,8.187134502923977,9.551656920077972,82.26120857699804,4.678362573099415,77.58284600389864
E00020758,534,121,52,69,413,18,395,22.659176029962545,9.737827715355806,12.921348314606742,77.34082397003745,3.3707865168539324,73.97003745318352
E00020759,267,52,29,23,215,12,203,19.475655430711612,10.861423220973784,8.614232209737828,80.52434456928839,4.49438202247191,76.02996254681648
E00020760,245,15,4,11,230,10,220,6.122448979591836,1.6326530612244898,4.489795918367347,93.87755102040816,4.081632653061225,89.79591836734694
E00020761,349,65,32,33,284,18,266,18.624641833810887,9.169054441260744,9.455587392550143,81.37535816618912,5.157593123209169,76.21776504297995
E00020763,463,64,25,39,399,16,383,13.822894168466524,5.399568034557236,8.423326133909287,86.17710583153347,3.455723542116631,82.72138228941685
E00020764,303,52,19,33,251,13,238,17.16171617161716,6.270627062706271,10.891089108910892,82.83828382838284,4.29042904290429,78.54785478547855
E00020765,304,56,26,30,248,9,239,18.421052631578945,8.552631578947368,9.868421052631579,81.57894736842105,2.9605263157894735,78.61842105263158
E00020766,369,66,28,38,303,16,287,17.88617886178862,7.588075880758807,10.29810298102981,82.11382113821138,4.336043360433604,77.77777777777779
E00020767,358,74,32,42,284,17,267,20.670391061452513,8.938547486033519,11.731843575418994,79.3296089385475,4.748603351955307,74.58100558659217
E00020768,321,77,30,47,244,27,217,23.98753894080997,9.345794392523365,14.641744548286603,76.01246105919003,8.411214953271028,67.601246105919
E00020769,228,38,15,23,190,15,175,16.666666666666664,6.578947368421052,10.087719298245613,83.33333333333334,6.578947368421052,76.75438596491229
E00020770,318,47,23,24,271,13,258,14.779874213836477,7.232704402515723,7.547169811320755,85.22012578616352,4.088050314465408,81.13207547169812
E00020771,367,70,26,44,297,11,286,19.07356948228883,7.084468664850137,11.989100817438691,80.92643051771117,2.997275204359673,77.9291553133515
E00020772,397,83,41,42,314,29,285,20.906801007556673,10.327455919395465,10.579345088161208,79.09319899244332,7.304785894206549,71.78841309823679
E00020773,291,45,24,21,246,16,230,15.463917525773196,8.24742268041237,7.216494845360824,84.5360824742268,5.498281786941581,79.03780068728523
E00020774,274,58,24,34,216,11,205,21.16788321167883,8.75912408759124,12.408759124087592,78.83211678832117,4.014598540145985,74.81751824817519
E00020775,257,49,22,27,208,18,190,19.06614785992218,8.560311284046692,10.505836575875486,80.93385214007782,7.003891050583658,73.92996108949417
E00020776,343,58,26,32,285,33,252,16.909620991253643,7.580174927113703,9.329446064139942,83.09037900874635,9.620991253644315,73.46938775510205
E00020777,352,43,18,25,309,30,279,12.215909090909092,5.113636363636364,7.1022727272727275,87.7840909090909,8.522727272727272,79.26136363636364
E00020778,429,77,40,37,352,35,317,17.94871794871795,9.324009324009324,8.624708624708624,82.05128205128204,8.158508158508159,73.89277389277389
E00020779,299,58,33,25,241,13,228,19.39799331103679,11.036789297658862,8.361204013377927,80.60200668896321,4.3478260869565215,76.2541806020067
E00020780,455,85,42,43,370,27,343,18.681318681318682,9.230769230769232,9.45054945054945,81.31868131868131,5.934065934065933,75.38461538461539
E00020781,515,75,34,41,440,25,415,14.563106796116504,6.601941747572816,7.961165048543689,85.43689320388349,4.854368932038835,80.58252427184466
E00020782,383,72,35,37,311,13,298,18.79895561357702,9.138381201044385,9.660574412532636,81.20104438642298,3.3942558746736298,77.80678851174935
E00020783,444,54,26,28,390,15,375,12.162162162162163,5.8558558558558556,6.306306306306306,87.83783783783784,3.3783783783783785,84.45945945945947
E00020784,349,54,28,26,295,20,275,15.472779369627506,8.022922636103152,7.4498567335243555,84.5272206303725,5.730659025787966,78.79656160458453
E00020785,434,67,24,43,367,20,347,15.43778801843318,5.529953917050691,9.90783410138249,84.56221198156682,4.6082949308755765,79.95391705069125
E00020786,325,50,20,30,275,12,263,15.384615384615385,6.153846153846154,9.230769230769232,84.61538461538461,3.6923076923076925,80.92307692307692
E00020787,401,52,16,36,349,22,327,12.967581047381547,3.99002493765586,8.977556109725686,87.03241895261846,5.486284289276807,81.54613466334165
E00020788,404,46,16,30,358,34,324,11.386138613861387,3.9603960396039604,7.425742574257425,88.61386138613861,8.415841584158416,80.19801980198021
E00020789,374,35,16,19,339,15,324,9.358288770053475,4.27807486631016,5.080213903743315,90.64171122994652,4.0106951871657754,86.63101604278076
E00020790,346,34,12,22,312,18,294,9.826589595375722,3.4682080924855487,6.358381502890173,90.17341040462428,5.202312138728324,84.97109826589595
E00020791,415,43,19,24,372,34,338,10.361445783132531,4.578313253012048,5.783132530120482,89.63855421686748,8.19277108433735,81.44578313253012
E00020792,349,32,16,16,317,22,295,9.169054441260744,4.584527220630372,4.584527220630372,90.83094555873924,6.303724928366762,84.5272206303725
E00020793,348,43,15,28,305,23,282,12.35632183908046,4.310344827586207,8.045977011494253,87.643678160919535,6.609195402298851,81.03448275862068
E00020794,439,59,25,34,380,25,355,13.439635535307518,5.694760820045558,7.744874715261959,86.56036446469248,5.694760820045558,80.86560364464692
E00020795,411,65,19,46,346,28,318,15.815085158150852,4.622871046228711,11.19221411192214,84.18491484184915,6.81265206812652,77.37226277372264
E00020796,413,36,9,27,377,14,363,8.716707021791766,2.1791767554479415,6.5375302663438255,91.28329297820824,3.389830508474576,87.89346246973365
E00020797,243,30,11,19,213,14,199,12.345679012345679,4.526748971193416,7.818930041152264,87.65432098765432,5.761316872427984,81.89300411522635
E00020798,343,63,26,37,280,20,260,18.367346938775512,7.580174927113703,10.787172011661808,81.63265306122449,5.830903790087463,75.80174927113703
E00020799,362,39,11,28,323,24,299,10.773480662983426,3.0386740331491713,7.734806629834254,89.22651933701657,6.629834254143646,82.59668508287292
E00020800,333,37,14,23,296,16,280,11.11111111111111,4.2042042042042045,6.906906906906906,88.88888888888889,4.804804804804805,84.08408408408408
E00020801,372,53,26,27,319,19,300,14.24731182795699,6.989247311827956,7.258064516129033,85.75268817204301,5.10752688172043,80.64516129032258
E00020802,358,87,55,32,271,18,253,24.30167597765363,15.363128491620111,8.938547486033519,75.69832402234637,5.027932960893855,70.6703910614525
E00020803,264,31,11,20,233,13,220,11.742424242424242,4.166666666666666,7.575757575757576,88.25757575757575,4.924242424242424,83.33333333333334
E00020804,380,36,16,20,344,20,324,9.473684210526317,4.2105263157894735,5.263157894736842,90.52631578947368,5.263157894736842,85.26315789473684
E00020805,400,43,17,26,357,25,332,10.75,4.25,6.5,89.25,6.25,83
E00020806,396,66,20,46,330,25,305,16.666666666666664,5.05050505050505,11.616161616161616,83.33333333333334,6.313131313131313,77.02020202020202
E00020807,397,36,14,22,361,29,332,9.06801007556675,3.5264483627204033,5.541561712846348,90.93198992443325,7.304785894206549,83.6272040302267
E00020808,380,35,12,23,345,34,311,9.210526315789473,3.1578947368421053,6.052631578947368,90.78947368421053,8.947368421052632,81.84210526315789
E00020809,367,65,26,39,302,12,290,17.71117166212534,7.084468664850137,10.626702997275205,82.28882833787466,3.2697547683923704,79.01907356948229
E00020810,276,48,25,23,228,23,205,17.391304347826086,9.057971014492754,8.333333333333332,82.6086956521739,8.333333333333332,74.27536231884058
E00020811,392,40,20,20,352,26,326,10.204081632653061,5.1020408163265305,5.1020408163265305,89.79591836734694,6.63265306122449,83.16326530612244
E00020812,361,46,14,32,315,21,294,12.742382271468145,3.8781163434903045,8.86426592797784,87.25761772853186,5.8171745152354575,81.4404432132964
E00020813,409,52,15,37,357,26,331,12.71393643031785,3.6674816625916873,9.04645476772616,87.28606356968214,6.356968215158925,80.92909535452323
E00020814,407,39,11,28,368,24,344,9.582309582309582,2.7027027027027026,6.87960687960688,90.41769041769042,5.896805896805897,84.52088452088452
E00020815,262,34,16,18,228,15,213,12.977099236641221,6.106870229007633,6.870229007633588,87.02290076335878,5.7251908396946565,81.29770992366412
E00020816,313,26,9,17,287,17,270,8.30670926517572,2.8753993610223643,5.431309904153355,91.69329073482429,5.431309904153355,86.26198083067092
E00020817,416,55,17,38,361,25,336,13.221153846153847,4.086538461538462,9.134615384615383,86.77884615384616,6.009615384615385,80.76923076923077
E00020818,275,42,21,21,233,16,217,15.272727272727273,7.636363636363637,7.636363636363637,84.72727272727273,5.818181818181818,78.9090909090909
E00020819,293,44,15,29,249,27,222,15.017064846416384,5.1194539249146755,9.897610921501707,84.98293515358361,9.215017064846416,75.76791808873719
E00020820,304,33,12,21,271,25,246,10.855263157894738,3.9473684210526314,6.907894736842106,89.14473684210526,8.223684210526317,80.92105263157895
E00020821,279,44,18,26,235,22,213,15.770609318996415,6.451612903225806,9.31899641577061,84.22939068100358,7.885304659498208,76.34408602150538
E00020822,381,35,13,22,346,19,327,9.186351706036746,3.4120734908136483,5.774278215223097,90.81364829396325,4.986876640419948,85.8267716535433
E00020823,383,51,22,29,332,15,317,13.315926892950392,5.7441253263707575,7.5718015665796345,86.68407310704961,3.91644908616188,82.76762402088774
E00020824,298,32,10,22,266,23,243,10.738255033557047,3.3557046979865772,7.38255033557047,89.26174496644296,7.718120805369128,81.54362416107382
E00020825,275,44,11,33,231,18,213,16,4,12,84,6.545454545454546,77.45454545454545
E00020826,327,35,10,25,292,17,275,10.703363914373089,3.058103975535168,7.64525993883792,89.29663608562691,5.198776758409786,84.09785932721712
E00020828,313,36,11,25,277,14,263,11.501597444089457,3.5143769968051117,7.987220447284344,88.49840255591054,4.472843450479233,84.02555910543131
E00020830,297,37,14,23,260,24,236,12.457912457912458,4.713804713804714,7.744107744107744,87.54208754208754,8.080808080808081,79.46127946127946
E00020831,209,78,44,34,131,11,120,37.32057416267943,21.052631578947366,16.267942583732058,62.67942583732058,5.263157894736842,57.41626794258373
E00020832,259,23,10,13,236,9,227,8.880308880308881,3.861003861003861,5.019305019305019,91.11969111969111,3.474903474903475,87.64478764478764
E00020833,326,36,12,24,290,27,263,11.042944785276074,3.6809815950920246,7.361963190184049,88.95705521472392,8.282208588957054,80.67484662576688
E00020834,227,40,21,19,187,8,179,17.62114537444934,9.251101321585903,8.370044052863436,82.37885462555066,3.524229074889868,78.8546255506608
E00020835,289,33,17,16,256,18,238,11.418685121107266,5.88235294117647,5.536332179930796,88.58131487889274,6.228373702422145,82.35294117647058
E00020836,217,33,8,25,184,11,173,15.207373271889402,3.686635944700461,11.52073732718894,84.7926267281106,5.0691244239631335,79.72350230414746
E00020837,415,65,31,34,350,18,332,15.66265060240964,7.46987951807229,8.19277108433735,84.33734939759037,4.337349397590361,80
E00020838,299,50,15,35,249,13,236,16.722408026755854,5.016722408026756,11.705685618729097,83.27759197324414,4.3478260869565215,78.92976588628763
E00020839,232,54,15,39,178,10,168,23.275862068965516,6.4655172413793105,16.810344827586206,76.72413793103449,4.310344827586207,72.41379310344827
E00020840,252,44,19,25,208,13,195,17.46031746031746,7.5396825396825395,9.920634920634921,82.53968253968253,5.158730158730158,77.38095238095238
E00020841,361,69,26,43,292,17,275,19.113573407202217,7.202216066481995,11.911357340720222,80.88642659279779,4.7091412742382275,76.17728531855957
E00020842,282,33,5,28,249,21,228,11.702127659574469,1.773049645390071,9.929078014184398,88.29787234042553,7.446808510638298,80.85106382978722
E00020844,292,41,12,29,251,20,231,14.04109589041096,4.10958904109589,9.931506849315069,85.95890410958904,6.8493150684931505,79.1095890410959
E00020845,391,62,30,32,329,17,312,15.856777493606138,7.672634271099745,8.184143222506394,84.14322250639387,4.3478260869565215,79.79539641943734
E00020846,310,40,15,25,270,13,257,12.903225806451612,4.838709677419355,8.064516129032258,87.09677419354838,4.193548387096775,82.9032258064516
E00020847,466,77,39,38,389,25,364,16.523605150214593,8.369098712446352,8.15450643776824,83.47639484978541,5.36480686695279,78.11158798283262
E00020848,491,45,14,31,446,29,417,9.164969450101832,2.8513238289205702,6.313645621181263,90.83503054989816,5.906313645621181,84.928716904277
E00020849,289,26,10,16,263,17,246,8.996539792387544,3.4602076124567476,5.536332179930796,91.00346020761245,5.88235294117647,85.12110726643598
E00020850,293,62,37,25,231,16,215,21.160409556313994,12.627986348122866,8.532423208191126,78.839590443686,5.460750853242321,73.37883959044369
E00020851,295,48,20,28,247,19,228,16.271186440677965,6.779661016949152,9.491525423728813,83.72881355932203,6.440677966101695,77.28813559322035
E00020852,327,41,12,29,286,20,266,12.538226299694188,3.669724770642202,8.868501529051988,87.46177370030581,6.116207951070336,81.34556574923548
E00020853,320,44,14,30,276,22,254,13.750000000000002,4.375,9.375,86.25,6.875000000000001,79.375
E00020854,358,42,18,24,316,26,290,11.731843575418994,5.027932960893855,6.70391061452514,88.26815642458101,7.262569832402235,81.00558659217877
E00020855,203,29,12,17,174,11,163,14.285714285714285,5.911330049261084,8.374384236453201,85.71428571428571,5.41871921182266,80.29556650246306
E00020856,257,31,12,19,226,15,211,12.062256809338521,4.669260700389105,7.392996108949417,87.93774319066148,5.836575875486381,82.10116731517509
E00020857,360,32,10,22,328,22,306,8.88888888888889,2.7777777777777777,6.111111111111111,91.11111111111111,6.111111111111111,85
E00020858,333,39,13,26,294,21,273,11.711711711711711,3.903903903903904,7.807807807807808,88.28828828828829,6.306306306306306,81.98198198198197
E00020859,319,41,16,25,278,27,251,12.852664576802509,5.015673981191222,7.836990595611286,87.14733542319749,8.463949843260188,78.68338557993731
E00020860,395,40,12,28,355,29,326,10.126582278481013,3.0379746835443036,7.088607594936709,89.87341772151899,7.341772151898734,82.53164556962025
E00020861,335,44,16,28,291,24,267,13.134328358208954,4.776119402985075,8.358208955223882,86.86567164179104,7.164179104477612,79.70149253731343
E00020862,315,53,30,23,262,26,236,16.825396825396826,9.523809523809524,7.301587301587302,83.17460317460318,8.253968253968253,74.92063492063492
E00020863,357,45,21,24,312,24,288,12.605042016806722,5.88235294117647,6.722689075630252,87.39495798319328,6.722689075630252,80.67226890756302
E00020864,307,77,31,46,230,10,220,25.0814332247557,10.097719869706841,14.983713355048861,74.9185667752443,3.257328990228013,71.66123778501628
E00020865,321,52,17,35,269,33,236,16.1993769470405,5.29595015576324,10.903426791277258,83.8006230529595,10.2803738317757,73.5202492211838
E00020866,401,43,16,27,358,13,345,10.723192019950124,3.99002493765586,6.733167082294264,89.27680798004988,3.2418952618453867,86.0349127182045
E00020867,406,56,26,30,350,16,334,13.793103448275861,6.403940886699508,7.389162561576355,86.20689655172413,3.9408866995073892,82.26600985221675
E00020868,314,43,18,25,271,35,236,13.694267515923567,5.7324840764331215,7.961783439490445,86.30573248407643,11.146496815286625,75.15923566878982
E00020869,471,47,18,29,424,30,394,9.978768577494693,3.821656050955414,6.1571125265392785,90.02123142250531,6.369426751592357,83.65180467091295
E00020870,289,25,13,12,264,28,236,8.650519031141869,4.498269896193772,4.1522491349480966,91.34948096885813,9.688581314878892,81.66089965397923
E00020871,338,44,20,24,294,13,281,13.017751479289942,5.9171597633136095,7.100591715976331,86.98224852071006,3.8461538461538463,83.13609467455622
E00020872,325,50,20,30,275,18,257,15.384615384615385,6.153846153846154,9.230769230769232,84.61538461538461,5.538461538461538,79.07692307692308
E00020873,366,44,15,29,322,24,298,12.021857923497267,4.098360655737705,7.923497267759563,87.97814207650273,6.557377049180328,81.4207650273224
E00020874,383,50,17,33,333,19,314,13.054830287206268,4.43864229765013,8.616187989556137,86.94516971279373,4.960835509138381,81.98433420365535
E00020875,285,57,33,24,228,23,205,20,11.578947368421053,8.421052631578947,80,8.070175438596491,71.9298245614035
E00020876,359,73,48,25,286,28,258,20.334261838440113,13.370473537604457,6.963788300835655,79.66573816155989,7.7994428969359335,71.86629526462396
E00020877,384,48,14,34,336,20,316,12.5,3.6458333333333335,8.854166666666668,87.5,5.208333333333334,82.29166666666666
E00020878,404,85,55,30,319,12,307,21.03960396039604,13.613861386138614,7.425742574257425,78.96039603960396,2.9702970297029703,75.99009900990099
E00020879,393,38,16,22,355,23,332,9.669211195928753,4.071246819338422,5.597964376590331,90.33078880407125,5.852417302798982,84.47837150127226
E00020880,339,45,15,30,294,21,273,13.274336283185843,4.424778761061947,8.849557522123893,86.72566371681415,6.1946902654867255,80.53097345132744
E00020881,331,42,15,27,289,18,271,12.688821752265861,4.531722054380665,8.157099697885197,87.31117824773413,5.438066465256798,81.87311178247734
E00020882,268,46,11,35,222,16,206,17.16417910447761,4.104477611940299,13.059701492537313,82.83582089552239,5.970149253731343,76.86567164179104
E00020883,509,46,15,31,463,29,434,9.037328094302556,2.9469548133595285,6.090373280943026,90.96267190569745,5.697445972495088,85.26522593320236
E00020884,475,71,31,40,404,31,373,14.947368421052632,6.526315789473684,8.421052631578947,85.05263157894737,6.526315789473684,78.52631578947368
E00020885,275,40,17,23,235,18,217,14.545454545454545,6.181818181818182,8.363636363636363,85.45454545454545,6.545454545454546,78.9090909090909
E00020886,343,54,29,25,289,13,276,15.743440233236154,8.454810495626822,7.288629737609329,84.25655976676384,3.7900874635568513,80.466472303207
E00020887,341,28,8,20,313,19,294,8.211143695014663,2.346041055718475,5.865102639296188,91.78885630498533,5.571847507331378,86.21700879765396
E00020888,286,36,12,24,250,16,234,12.587412587412588,4.195804195804196,8.391608391608392,87.41258741258741,5.594405594405594,81.81818181818183
E00020889,331,46,8,38,285,17,268,13.897280966767372,2.416918429003021,11.48036253776435,86.10271903323263,5.13595166163142,80.96676737160121
E00020890,318,40,12,28,278,30,248,12.578616352201259,3.7735849056603774,8.80503144654088,87.42138364779875,9.433962264150944,77.9874213836478
E00020891,250,72,33,39,178,19,159,28.799999999999997,13.200000000000001,15.6,71.2,7.6,63.6
E00020892,357,34,9,25,323,13,310,9.523809523809524,2.5210084033613445,7.002801120448179,90.47619047619048,3.6414565826330536,86.83473389355743
E00020893,265,36,22,14,229,22,207,13.584905660377359,8.30188679245283,5.283018867924529,86.41509433962264,8.30188679245283,78.11320754716982
E00020894,277,23,6,17,254,20,234,8.303249097472925,2.166064981949458,6.137184115523466,91.69675090252709,7.2202166064981945,84.47653429602889
E00020895,431,59,27,32,372,20,352,13.68909512761021,6.2645011600928076,7.424593967517401,86.3109048723898,4.640371229698376,81.67053364269141
E00020896,433,123,94,29,310,22,288,28.406466512702078,21.709006928406467,6.697459584295612,71.59353348729792,5.080831408775981,66.51270207852194
E00020897,249,26,8,18,223,26,197,10.441767068273093,3.2128514056224895,7.228915662650602,89.5582329317269,10.441767068273093,79.11646586345381
E00020898,166,20,7,13,146,7,139,12.048192771084338,4.216867469879518,7.83132530120482,87.95180722891565,4.216867469879518,83.73493975903614
E00020899,218,13,5,8,205,18,187,5.963302752293578,2.293577981651376,3.669724770642202,94.03669724770643,8.256880733944955,85.77981651376146
E00020900,277,32,8,24,245,24,221,11.552346570397113,2.888086642599278,8.664259927797833,88.4476534296029,8.664259927797833,79.78339350180505
E00020901,353,51,14,37,302,20,282,14.44759206798867,3.9660056657223794,10.48158640226629,85.55240793201133,5.6657223796034,79.88668555240793
E00020902,286,37,17,20,249,13,236,12.937062937062937,5.944055944055944,6.993006993006993,87.06293706293707,4.545454545454546,82.51748251748252
E00020903,256,31,9,22,225,19,206,12.109375,3.515625,8.59375,87.890625,7.421875,80.46875
E00020904,352,58,24,34,294,18,276,16.477272727272727,6.8181818181818175,9.659090909090908,83.52272727272727,5.113636363636364,78.4090909090909
E00020905,281,26,9,17,255,9,246,9.252669039145907,3.202846975088968,6.049822064056939,90.74733096085409,3.202846975088968,87.54448398576513
E00020906,304,52,20,32,252,14,238,17.105263157894736,6.578947368421052,10.526315789473683,82.89473684210526,4.605263157894736,78.28947368421053
E00020907,309,39,17,22,270,19,251,12.62135922330097,5.501618122977346,7.119741100323624,87.37864077669903,6.148867313915858,81.22977346278317
E00020908,252,41,25,16,211,13,198,16.26984126984127,9.920634920634921,6.349206349206349,83.73015873015873,5.158730158730158,78.57142857142857
E00020909,270,23,7,16,247,20,227,8.518518518518519,2.5925925925925926,5.9259259259259265,91.48148148148148,7.4074074074074066,84.07407407407408
E00020910,288,35,7,28,253,21,232,12.152777777777777,2.430555555555556,9.722222222222223,87.84722222222221,7.291666666666667,80.55555555555556
E00020911,215,23,11,12,192,14,178,10.69767441860465,5.116279069767442,5.5813953488372094,89.30232558139535,6.511627906976744,82.7906976744186
E00020912,226,40,22,18,186,13,173,17.699115044247787,9.734513274336283,7.964601769911504,82.30088495575221,5.752212389380531,76.54867256637168
E00020913,305,40,21,19,265,26,239,13.114754098360656,6.885245901639345,6.229508196721312,86.88524590163934,8.524590163934425,78.36065573770492
E00020914,333,24,9,15,309,16,293,7.207207207207207,2.7027027027027026,4.504504504504505,92.7927927927928,4.804804804804805,87.98798798798799
E00020915,222,18,5,13,204,11,193,8.108108108108109,2.2522522522522523,5.8558558558558556,91.8918918918919,4.954954954954955,86.93693693693693
E00020916,297,35,10,25,262,25,237,11.784511784511785,3.3670033670033668,8.417508417508419,88.21548821548821,8.417508417508419,79.7979797979798
E00020917,251,38,12,26,213,19,194,15.139442231075698,4.780876494023905,10.358565737051793,84.86055776892431,7.569721115537849,77.29083665338645
E00020918,270,33,10,23,237,18,219,12.222222222222221,3.7037037037037033,8.518518518518519,87.77777777777777,6.666666666666667,81.11111111111111
E00020919,294,37,16,21,257,19,238,12.585034013605442,5.442176870748299,7.142857142857142,87.41496598639455,6.462585034013606,80.95238095238095
E00020920,247,22,7,15,225,25,200,8.906882591093117,2.834008097165992,6.0728744939271255,91.09311740890689,10.121457489878543,80.97165991902834
E00020921,222,29,8,21,193,8,185,13.063063063063062,3.6036036036036037,9.45945945945946,86.93693693693693,3.6036036036036037,83.33333333333334
E00020922,310,41,16,25,269,17,252,13.225806451612904,5.161290322580645,8.064516129032258,86.7741935483871,5.483870967741936,81.29032258064515
E00020923,257,35,15,20,222,19,203,13.618677042801556,5.836575875486381,7.782101167315175,86.38132295719845,7.392996108949417,78.98832684824903
E00020924,273,41,14,27,232,11,221,15.018315018315018,5.128205128205128,9.89010989010989,84.98168498168498,4.029304029304029,80.95238095238095
E00020925,307,67,44,23,240,19,221,21.824104234527688,14.332247557003258,7.491856677524431,78.17589576547232,6.188925081433225,71.9869706840391
E00020926,198,40,18,22,158,8,150,20.2020202020202,9.090909090909092,11.11111111111111,79.7979797979798,4.040404040404041,75.75757575757575
E00020927,347,65,33,32,282,16,266,18.73198847262248,9.510086455331413,9.221902017291066,81.26801152737752,4.610951008645533,76.657060518732
E00020928,274,29,14,15,245,25,220,10.583941605839415,5.109489051094891,5.474452554744526,89.41605839416059,9.124087591240876,80.2919708029197
E00020929,346,35,16,19,311,26,285,10.115606936416185,4.624277456647398,5.491329479768786,89.88439306358381,7.514450867052023,82.36994219653178
E00020930,275,39,11,28,236,14,222,14.181818181818182,4,10.181818181818182,85.81818181818181,5.090909090909091,80.72727272727272
E00020931,386,56,25,31,330,25,305,14.507772020725387,6.476683937823833,8.031088082901555,85.49222797927462,6.476683937823833,79.01554404145078
E00020932,197,23,6,17,174,16,158,11.6751269035533,3.0456852791878175,8.629441624365482,88.3248730964467,8.121827411167512,80.20304568527918
E00020933,358,52,31,21,306,18,288,14.52513966480447,8.659217877094973,5.865921787709497,85.47486033519553,5.027932960893855,80.44692737430168
E00020934,392,37,13,24,355,24,331,9.438775510204081,3.316326530612245,6.122448979591836,90.56122448979592,6.122448979591836,84.43877551020408
E00020935,271,40,23,17,231,25,206,14.760147601476014,8.487084870848708,6.273062730627306,85.23985239852398,9.22509225092251,76.01476014760148
E00020936,323,44,12,32,279,23,256,13.622291021671826,3.7151702786377707,9.907120743034056,86.37770897832817,7.120743034055728,79.25696594427245
E00020937,243,45,22,23,198,22,176,18.51851851851852,9.053497942386832,9.465020576131687,81.48148148148148,9.053497942386832,72.42798353909465
E00020938,321,34,9,25,287,26,261,10.59190031152648,2.803738317757009,7.78816199376947,89.40809968847351,8.09968847352025,81.30841121495327
E00020939,255,26,6,20,229,14,215,10.196078431372548,2.3529411764705883,7.8431372549019605,89.80392156862746,5.490196078431373,84.31372549019608
E00020940,199,25,3,22,174,17,157,12.562814070351758,1.507537688442211,11.055276381909549,87.43718592964824,8.542713567839195,78.89447236180904
E00020941,280,41,18,23,239,18,221,14.642857142857144,6.428571428571428,8.214285714285714,85.35714285714285,6.428571428571428,78.92857142857143
E00020942,264,42,16,26,222,25,197,15.909090909090908,6.0606060606060606,9.848484848484848,84.0909090909091,9.469696969696969,74.62121212121212
E00020943,294,61,39,22,233,15,218,20.74829931972789,13.26530612244898,7.482993197278912,79.25170068027211,5.1020408163265305,74.14965986394559
E00020944,299,37,15,22,262,11,251,12.37458193979933,5.016722408026756,7.357859531772576,87.62541806020067,3.678929765886288,83.94648829431438
E00020945,305,41,24,17,264,22,242,13.442622950819672,7.868852459016394,5.573770491803279,86.55737704918033,7.213114754098362,79.34426229508198
E00020946,331,62,25,37,269,25,244,18.731117824773413,7.552870090634441,11.178247734138973,81.2688821752266,7.552870090634441,73.71601208459214
E00020947,373,38,14,24,335,18,317,10.187667560321715,3.753351206434316,6.434316353887399,89.81233243967829,4.825737265415549,84.98659517426273
E00020948,300,37,9,28,263,22,241,12.333333333333334,3,9.333333333333334,87.66666666666667,7.333333333333333,80.33333333333333
E00020949,329,39,13,26,290,27,263,11.854103343465045,3.951367781155015,7.90273556231003,88.14589665653494,8.206686930091186,79.93920972644378
E00020950,360,39,13,26,321,21,300,10.833333333333334,3.6111111111111107,7.222222222222221,89.16666666666667,5.833333333333333,83.33333333333334
E00020951,331,30,10,20,301,17,284,9.06344410876133,3.0211480362537766,6.042296072507553,90.93655589123867,5.13595166163142,85.80060422960725
E00020952,275,29,7,22,246,11,235,10.545454545454545,2.5454545454545454,8,89.45454545454545,4,85.45454545454545
E00020953,302,43,15,28,259,22,237,14.23841059602649,4.966887417218543,9.271523178807946,85.76158940397352,7.28476821192053,78.47682119205298
E00020954,289,40,16,24,249,24,225,13.84083044982699,5.536332179930796,8.304498269896193,86.159169550173,8.304498269896193,77.85467128027682
E00020955,261,36,18,18,225,18,207,13.793103448275861,6.896551724137931,6.896551724137931,86.20689655172413,6.896551724137931,79.3103448275862
E00020956,243,35,19,16,208,20,188,14.40329218106996,7.818930041152264,6.584362139917696,85.59670781893004,8.23045267489712,77.36625514403292
E00020957,289,29,9,20,260,26,234,10.034602076124568,3.1141868512110724,6.920415224913495,89.96539792387543,8.996539792387544,80.96885813148789
E00020958,282,38,17,21,244,20,224,13.47517730496454,6.028368794326241,7.446808510638298,86.52482269503547,7.092198581560284,79.43262411347519
E00020959,341,56,24,32,285,16,269,16.422287390029325,7.038123167155426,9.3841642228739,83.57771260997067,4.69208211143695,78.88563049853371
E00020960,275,32,14,18,243,19,224,11.636363636363637,5.090909090909091,6.545454545454546,88.36363636363636,6.909090909090909,81.45454545454545
E00020961,284,31,9,22,253,20,233,10.915492957746478,3.169014084507042,7.746478873239436,89.08450704225352,7.042253521126761,82.04225352112677
E00020962,318,53,22,31,265,22,243,16.666666666666664,6.918238993710692,9.748427672955975,83.33333333333334,6.918238993710692,76.41509433962264
E00020963,313,41,12,29,272,18,254,13.099041533546327,3.8338658146964857,9.26517571884984,86.90095846645367,5.7507987220447285,81.15015974440894
E00020964,288,22,6,16,266,4,262,7.638888888888889,2.083333333333333,5.555555555555555,92.36111111111111,1.3888888888888888,90.97222222222221
E00020965,345,38,12,26,307,28,279,11.014492753623188,3.4782608695652173,7.536231884057972,88.98550724637681,8.115942028985506,80.8695652173913
E00020966,298,38,11,27,260,21,239,12.751677852348994,3.691275167785235,9.060402684563758,87.24832214765101,7.046979865771812,80.20134228187919
E00020967,296,55,20,35,241,23,218,18.58108108108108,6.756756756756757,11.824324324324325,81.41891891891892,7.77027027027027,73.64864864864865
E00020969,300,48,21,27,252,17,235,16,7.000000000000001,9,84,5.666666666666666,78.33333333333333
E00020970,388,56,15,41,332,33,299,14.432989690721648,3.865979381443299,10.56701030927835,85.56701030927834,8.505154639175258,77.0618556701031
E00020971,252,21,2,19,231,23,208,8.333333333333332,0.7936507936507936,7.5396825396825395,91.66666666666666,9.126984126984127,82.53968253968253
E00020972,360,54,21,33,306,18,288,15,5.833333333333333,9.166666666666666,85,5,80
E00020973,456,120,57,63,336,17,319,26.31578947368421,12.5,13.815789473684212,73.68421052631578,3.7280701754385963,69.95614035087719
E00020974,227,25,11,14,202,16,186,11.013215859030836,4.845814977973569,6.167400881057269,88.98678414096916,7.048458149779736,81.93832599118943
E00020975,358,48,20,28,310,31,279,13.40782122905028,5.58659217877095,7.82122905027933,86.59217877094973,8.659217877094973,77.93296089385476
E00020976,357,46,12,34,311,30,281,12.885154061624648,3.361344537815126,9.523809523809524,87.11484593837535,8.403361344537815,78.71148459383754
E00020977,309,30,9,21,279,19,260,9.70873786407767,2.912621359223301,6.796116504854369,90.29126213592234,6.148867313915858,84.14239482200647
E00020978,391,46,16,30,345,25,320,11.76470588235294,4.092071611253197,7.672634271099745,88.23529411764706,6.3938618925831205,81.84143222506394
E00020979,473,73,29,44,400,26,374,15.433403805496829,6.13107822410148,9.30232558139535,84.56659619450318,5.496828752642706,79.06976744186046
E00020980,357,70,34,36,287,12,275,19.607843137254903,9.523809523809524,10.084033613445378,80.3921568627451,3.361344537815126,77.03081232492998
E00020981,358,59,30,29,299,34,265,16.480446927374302,8.379888268156424,8.100558659217876,83.5195530726257,9.497206703910614,74.02234636871509
E00020982,478,105,59,46,373,42,331,21.96652719665272,12.343096234309623,9.623430962343097,78.03347280334728,8.786610878661087,69.24686192468619
E00020983,339,39,16,23,300,11,289,11.504424778761061,4.71976401179941,6.784660766961652,88.49557522123894,3.2448377581120944,85.25073746312685
E00020984,322,44,14,30,278,19,259,13.664596273291925,4.3478260869565215,9.316770186335404,86.33540372670807,5.900621118012422,80.43478260869566
E00020985,417,56,23,33,361,44,317,13.42925659472422,5.515587529976019,7.913669064748201,86.57074340527578,10.551558752997602,76.01918465227818
E00020986,247,47,20,27,200,13,187,19.02834008097166,8.097165991902834,10.931174089068826,80.97165991902834,5.263157894736842,75.7085020242915
E00020987,268,30,12,18,238,25,213,11.194029850746269,4.477611940298507,6.7164179104477615,88.80597014925374,9.328358208955224,79.47761194029852
E00020988,298,41,19,22,257,14,243,13.758389261744966,6.375838926174497,7.38255033557047,86.24161073825503,4.697986577181208,81.54362416107382
E00020989,348,86,44,42,262,15,247,24.71264367816092,12.643678160919542,12.068965517241379,75.28735632183908,4.310344827586207,70.97701149425288
E00020990,302,37,11,26,265,29,236,12.251655629139073,3.642384105960265,8.609271523178808,87.74834437086093,9.602649006622517,78.1456953642384
E00020991,326,54,20,34,272,24,248,16.56441717791411,6.134969325153374,10.429447852760736,83.43558282208589,7.361963190184049,76.07361963190185
E00020992,272,30,10,20,242,31,211,11.029411764705882,3.6764705882352944,7.352941176470589,88.97058823529412,11.397058823529411,77.57352941176471
E00020993,310,38,17,21,272,19,253,12.258064516129032,5.483870967741936,6.774193548387098,87.74193548387098,6.129032258064516,81.61290322580645
E00020994,292,35,13,22,257,21,236,11.986301369863012,4.4520547945205475,7.534246575342466,88.01369863013699,7.191780821917808,80.82191780821918
E00020995,328,38,11,27,290,23,267,11.585365853658537,3.353658536585366,8.231707317073171,88.41463414634147,7.01219512195122,81.40243902439023
E00020997,303,33,10,23,270,24,246,10.891089108910892,3.3003300330033,7.590759075907591,89.10891089108911,7.920792079207921,81.1881188118812
E00020998,323,20,3,17,303,19,284,6.191950464396285,0.9287925696594427,5.263157894736842,93.80804953560371,5.88235294117647,87.92569659442725
E00020999,327,47,19,28,280,20,260,14.37308868501529,5.81039755351682,8.56269113149847,85.62691131498471,6.116207951070336,79.51070336391437
E00021000,295,34,20,14,261,22,239,11.525423728813559,6.779661016949152,4.745762711864407,88.47457627118645,7.457627118644068,81.01694915254237
E00021001,416,50,13,37,366,31,335,12.01923076923077,3.125,8.89423076923077,87.98076923076923,7.451923076923077,80.52884615384616
E00021002,282,34,14,20,248,23,225,12.056737588652481,4.964539007092199,7.092198581560284,87.94326241134752,8.156028368794328,79.7872340425532
E00021003,298,58,29,29,240,19,221,19.463087248322147,9.731543624161073,9.731543624161073,80.53691275167785,6.375838926174497,74.16107382550335
E00021005,422,56,24,32,366,32,334,13.270142180094787,5.687203791469194,7.5829383886255926,86.7298578199052,7.5829383886255926,79.14691943127961
E00021006,362,35,11,24,327,26,301,9.668508287292818,3.0386740331491713,6.629834254143646,90.33149171270718,7.18232044198895,83.14917127071824
E00021007,462,53,22,31,409,42,367,11.471861471861471,4.761904761904762,6.70995670995671,88.52813852813853,9.090909090909092,79.43722943722943
E00021008,392,45,16,29,347,20,327,11.479591836734695,4.081632653061225,7.3979591836734695,88.5204081632653,5.1020408163265305,83.41836734693877
E00021009,348,63,35,28,285,10,275,18.103448275862068,10.057471264367816,8.045977011494253,81.89655172413794,2.8735632183908044,79.02298850574712
E00021010,343,44,7,37,299,26,273,12.82798833819242,2.0408163265306123,10.787172011661808,87.17201166180757,7.580174927113703,79.59183673469387
E00021011,302,43,22,21,259,15,244,14.23841059602649,7.28476821192053,6.95364238410596,85.76158940397352,4.966887417218543,80.79470198675497
E00021012,320,38,19,19,282,20,262,11.875,5.9375,5.9375,88.125,6.25,81.875
E00021013,253,27,14,13,226,20,206,10.67193675889328,5.533596837944664,5.138339920948617,89.32806324110672,7.905138339920949,81.42292490118577
E00021014,327,44,19,25,283,19,264,13.455657492354739,5.81039755351682,7.64525993883792,86.54434250764525,5.81039755351682,80.73394495412845
E00021015,330,31,8,23,299,21,278,9.393939393939393,2.4242424242424243,6.969696969696971,90.6060606060606,6.363636363636363,84.24242424242424
E00021016,281,58,29,29,223,16,207,20.640569395017792,10.320284697508896,10.320284697508896,79.35943060498221,5.6939501779359425,73.66548042704626
E00021017,241,35,13,22,206,15,191,14.522821576763487,5.394190871369295,9.12863070539419,85.47717842323651,6.224066390041494,79.25311203319502
E00021018,263,40,12,28,223,20,203,15.209125475285171,4.562737642585551,10.646387832699618,84.79087452471484,7.604562737642586,77.18631178707224
E00021019,338,66,30,36,272,27,245,19.526627218934912,8.875739644970414,10.650887573964498,80.4733727810651,7.988165680473373,72.48520710059172
E00021020,455,78,42,36,377,25,352,17.142857142857142,9.230769230769232,7.9120879120879115,82.85714285714286,5.4945054945054945,77.36263736263737
E00021021,291,38,12,26,253,23,230,13.058419243986256,4.123711340206185,8.934707903780069,86.94158075601375,7.903780068728522,79.03780068728523
E00021022,353,62,22,40,291,23,268,17.56373937677054,6.232294617563739,11.3314447592068,82.43626062322946,6.515580736543909,75.92067988668555
E00021023,317,39,6,33,278,32,246,12.302839116719243,1.8927444794952681,10.410094637223976,87.69716088328076,10.094637223974763,77.60252365930599
E00021024,318,55,26,29,263,25,238,17.29559748427673,8.176100628930817,9.119496855345911,82.70440251572327,7.861635220125786,74.84276729559748
E00021025,337,61,33,28,276,28,248,18.100890207715135,9.792284866468842,8.30860534124629,81.89910979228486,8.30860534124629,73.59050445103857
E00021026,295,21,3,18,274,21,253,7.118644067796611,1.0169491525423728,6.101694915254238,92.88135593220339,7.118644067796611,85.76271186440678
E00021027,393,62,24,38,331,27,304,15.776081424936386,6.106870229007633,9.669211195928753,84.22391857506362,6.870229007633588,77.35368956743002
E00021028,299,38,18,20,261,17,244,12.709030100334449,6.0200668896321075,6.688963210702341,87.29096989966555,5.68561872909699,81.60535117056857
E00021029,273,45,17,28,228,14,214,16.483516483516482,6.227106227106227,10.256410256410255,83.51648351648352,5.128205128205128,78.3882783882784
E00021030,280,53,29,24,227,17,210,18.928571428571427,10.357142857142858,8.571428571428571,81.07142857142857,6.071428571428571,75
E00021031,331,50,19,31,281,26,255,15.105740181268882,5.740181268882175,9.365558912386707,84.89425981873111,7.854984894259818,77.0392749244713
E00021032,304,29,14,15,275,30,245,9.539473684210527,4.605263157894736,4.934210526315789,90.46052631578947,9.868421052631579,80.5921052631579
E00021033,366,87,40,47,279,14,265,23.770491803278688,10.92896174863388,12.841530054644808,76.22950819672131,3.825136612021858,72.40437158469946
E00021034,279,39,13,26,240,21,219,13.978494623655912,4.659498207885305,9.31899641577061,86.02150537634408,7.526881720430108,78.49462365591397
E00021035,239,34,20,14,205,14,191,14.225941422594143,8.368200836820083,5.857740585774058,85.77405857740585,5.857740585774058,79.9163179916318
E00021036,232,52,31,21,180,13,167,22.413793103448278,13.36206896551724,9.051724137931034,77.58620689655173,5.603448275862069,71.98275862068965
E00021037,304,41,19,22,263,31,232,13.486842105263158,6.25,7.236842105263158,86.51315789473685,10.197368421052632,76.31578947368422
E00021038,401,61,28,33,340,22,318,15.211970074812967,6.982543640897755,8.229426433915211,84.78802992518703,5.486284289276807,79.30174563591022
E00021039,325,77,38,39,248,15,233,23.692307692307693,11.692307692307692,12,76.3076923076923,4.615384615384616,71.6923076923077
E00021040,274,54,20,34,220,19,201,19.708029197080293,7.2992700729927,12.408759124087592,80.2919708029197,6.934306569343065,73.35766423357664
E00021041,409,48,17,31,361,24,337,11.7359413202934,4.156479217603912,7.579462102689487,88.26405867970661,5.8679706601467,82.3960880195599
E00021042,428,50,14,36,378,21,357,11.682242990654206,3.2710280373831773,8.411214953271028,88.3177570093458,4.906542056074766,83.41121495327103
E00021043,380,54,19,35,326,27,299,14.210526315789473,5,9.210526315789473,85.78947368421052,7.105263157894736,78.6842105263158
E00021044,301,33,8,25,268,22,246,10.96345514950166,2.6578073089700998,8.305647840531561,89.03654485049833,7.308970099667775,81.72757475083057
E00021045,260,83,51,32,177,16,161,31.92307692307692,19.615384615384617,12.307692307692308,68.07692307692308,6.153846153846154,61.92307692307693
E00021046,282,40,15,25,242,14,228,14.184397163120568,5.319148936170213,8.865248226950355,85.81560283687944,4.964539007092199,80.85106382978722
E00021047,258,74,49,25,184,10,174,28.68217054263566,18.992248062015506,9.689922480620156,71.31782945736434,3.875968992248062,67.44186046511628
E00021048,213,47,24,23,166,13,153,22.065727699530516,11.267605633802818,10.7981220657277,77.93427230046949,6.103286384976526,71.83098591549296
E00021049,248,26,8,18,222,18,204,10.483870967741936,3.225806451612903,7.258064516129033,89.51612903225806,7.258064516129033,82.25806451612904
E00021050,295,40,20,20,255,11,244,13.559322033898304,6.779661016949152,6.779661016949152,86.4406779661017,3.728813559322034,82.71186440677965
E00021051,378,37,13,24,341,40,301,9.788359788359788,3.439153439153439,6.349206349206349,90.21164021164022,10.582010582010582,79.62962962962963
E00021052,225,33,11,22,192,15,177,14.666666666666666,4.888888888888889,9.777777777777779,85.33333333333334,6.666666666666667,78.66666666666666
E00021053,369,40,10,30,329,27,302,10.840108401084011,2.710027100271003,8.130081300813007,89.15989159891599,7.317073170731707,81.84281842818429
E00021054,257,26,9,17,231,17,214,10.116731517509727,3.501945525291829,6.614785992217899,89.88326848249028,6.614785992217899,83.26848249027238
E00021055,378,53,24,29,325,28,297,14.02116402116402,6.349206349206349,7.671957671957672,85.97883597883597,7.4074074074074066,78.57142857142857
E00021056,300,39,11,28,261,21,240,13,3.6666666666666665,9.333333333333334,87,7.000000000000001,80
E00021057,249,63,29,34,186,23,163,25.301204819277107,11.646586345381527,13.654618473895583,74.69879518072288,9.236947791164658,65.46184738955823
E00021058,308,53,17,36,255,23,232,17.20779220779221,5.51948051948052,11.688311688311687,82.79220779220779,7.467532467532467,75.32467532467533
E00021059,211,22,6,16,189,11,178,10.42654028436019,2.843601895734597,7.5829383886255926,89.57345971563981,5.213270142180095,84.36018957345972
E00021060,325,59,40,19,266,32,234,18.153846153846153,12.307692307692308,5.846153846153846,81.84615384615384,9.846153846153847,72
E00021061,267,39,17,22,228,14,214,14.606741573033707,6.367041198501873,8.239700374531834,85.39325842696628,5.2434456928838955,80.14981273408239
E00021062,428,62,23,39,366,22,344,14.485981308411214,5.373831775700935,9.11214953271028,85.51401869158879,5.14018691588785,80.37383177570094
E00021063,334,82,43,39,252,14,238,24.550898203592812,12.874251497005988,11.676646706586826,75.44910179640718,4.191616766467066,71.25748502994011
E00021064,356,64,29,35,292,19,273,17.97752808988764,8.146067415730338,9.831460674157304,82.02247191011236,5.337078651685393,76.68539325842697
E00021065,311,62,30,32,249,24,225,19.935691318327976,9.646302250803858,10.289389067524116,80.06430868167203,7.717041800643088,72.34726688102894
E00021066,388,65,29,36,323,21,302,16.752577319587626,7.474226804123711,9.278350515463918,83.24742268041237,5.412371134020619,77.83505154639175
E00021067,321,71,34,37,250,16,234,22.118380062305295,10.59190031152648,11.526479750778815,77.88161993769471,4.984423676012461,72.89719626168224
E00021068,261,20,6,14,241,23,218,7.662835249042145,2.2988505747126435,5.363984674329502,92.33716475095785,8.812260536398467,83.5249042145594
E00021069,327,61,26,35,266,17,249,18.654434250764528,7.951070336391437,10.703363914373089,81.34556574923548,5.198776758409786,76.14678899082568
E00021070,443,68,39,29,375,25,350,15.349887133182843,8.803611738148984,6.5462753950338595,84.65011286681715,5.643340857787811,79.00677200902935
E00021071,314,67,33,34,247,7,240,21.337579617834397,10.509554140127388,10.828025477707007,78.6624203821656,2.229299363057325,76.43312101910828
E00021073,434,67,33,34,367,26,341,15.43778801843318,7.603686635944701,7.834101382488479,84.56221198156682,5.990783410138248,78.57142857142857
E00021074,367,73,30,43,294,13,281,19.891008174386922,8.174386920980927,11.716621253405995,80.10899182561307,3.5422343324250685,76.566757493188
E00021075,354,52,20,32,302,14,288,14.689265536723164,5.649717514124294,9.03954802259887,85.31073446327684,3.954802259887006,81.35593220338984
E00021076,343,39,13,26,304,15,289,11.370262390670554,3.7900874635568513,7.580174927113703,88.62973760932945,4.373177842565598,84.25655976676384
E00021077,324,77,34,43,247,20,227,23.765432098765434,10.493827160493826,13.271604938271606,76.23456790123457,6.172839506172839,70.06172839506173
E00021078,370,45,13,32,325,25,300,12.162162162162163,3.5135135135135136,8.64864864864865,87.83783783783784,6.756756756756757,81.08108108108108
E00021079,274,30,10,20,244,19,225,10.948905109489052,3.64963503649635,7.2992700729927,89.05109489051095,6.934306569343065,82.11678832116789
E00021080,523,67,38,29,456,23,433,12.810707456978967,7.265774378585086,5.544933078393881,87.18929254302104,4.397705544933078,82.79158699808795
E00021081,357,71,31,40,286,23,263,19.88795518207283,8.683473389355742,11.204481792717088,80.11204481792717,6.442577030812324,73.66946778711485
E00021082,346,52,26,26,294,21,273,15.028901734104046,7.514450867052023,7.514450867052023,84.97109826589595,6.069364161849711,78.90173410404624
E00021083,375,63,28,35,312,26,286,16.8,7.466666666666668,9.333333333333334,83.2,6.933333333333333,76.26666666666667
E00021084,367,51,28,23,316,18,298,13.896457765667575,7.629427792915531,6.267029972752043,86.10354223433242,4.904632152588556,81.19891008174388
E00021085,343,50,21,29,293,17,276,14.577259475218659,6.122448979591836,8.454810495626822,85.42274052478133,4.956268221574344,80.466472303207
E00021086,214,53,25,28,161,5,156,24.766355140186917,11.682242990654206,13.084112149532709,75.23364485981308,2.336448598130841,72.89719626168224
E00021087,324,74,32,42,250,14,236,22.839506172839506,9.876543209876543,12.962962962962962,77.1604938271605,4.320987654320987,72.8395061728395
E00021088,378,67,28,39,311,29,282,17.724867724867725,7.4074074074074066,10.317460317460316,82.27513227513228,7.671957671957672,74.60317460317461
E00021089,410,58,31,27,352,20,332,14.146341463414632,7.560975609756097,6.585365853658537,85.85365853658537,4.878048780487805,80.97560975609757
E00021090,320,61,25,36,259,20,239,19.0625,7.8125,11.25,80.9375,6.25,74.6875
E00021091,322,55,25,30,267,15,252,17.080745341614907,7.763975155279502,9.316770186335404,82.91925465838509,4.658385093167702,78.26086956521739
E00021092,245,56,30,26,189,20,169,22.857142857142858,12.244897959183673,10.612244897959183,77.14285714285715,8.16326530612245,68.9795918367347
E00021094,330,31,10,21,299,23,276,9.393939393939393,3.0303030303030303,6.363636363636363,90.6060606060606,6.969696969696971,83.63636363636363
E00021095,262,78,35,43,184,11,173,29.770992366412212,13.358778625954198,16.412213740458014,70.22900763358778,4.198473282442748,66.03053435114504
E00021096,251,66,30,36,185,9,176,26.294820717131472,11.952191235059761,14.342629482071715,73.70517928286853,3.5856573705179287,70.1195219123506
E00021097,241,36,16,20,205,19,186,14.937759336099585,6.639004149377594,8.29875518672199,85.06224066390041,7.883817427385892,77.17842323651453
E00021098,263,34,16,18,229,11,218,12.927756653992395,6.083650190114068,6.844106463878327,87.07224334600761,4.182509505703422,82.88973384030417
E00021099,362,55,28,27,307,23,284,15.193370165745856,7.734806629834254,7.458563535911603,84.80662983425414,6.353591160220995,78.45303867403315
E00021100,323,41,14,27,282,20,262,12.693498452012383,4.3343653250774,8.359133126934983,87.30650154798761,6.191950464396285,81.11455108359134
E00021101,222,25,7,18,197,13,184,11.26126126126126,3.153153153153153,8.108108108108109,88.73873873873875,5.8558558558558556,82.88288288288288
E00021102,230,57,33,24,173,16,157,24.782608695652176,14.347826086956522,10.434782608695652,75.21739130434783,6.956521739130435,68.26086956521739
E00021103,248,34,9,25,214,19,195,13.709677419354838,3.6290322580645165,10.080645161290322,86.29032258064517,7.661290322580645,78.62903225806451
E00021105,293,37,10,27,256,18,238,12.627986348122866,3.4129692832764507,9.215017064846416,87.37201365187714,6.143344709897611,81.22866894197952
E00021106,344,42,14,28,302,19,283,12.209302325581394,4.069767441860465,8.13953488372093,87.79069767441861,5.523255813953488,82.26744186046511
E00021107,487,57,25,32,430,27,403,11.704312114989733,5.133470225872689,6.570841889117044,88.29568788501027,5.544147843942506,82.75154004106776
E00021109,308,38,16,22,270,14,256,12.337662337662337,5.194805194805195,7.142857142857142,87.66233766233766,4.545454545454546,83.11688311688312
E00021110,254,28,7,21,226,22,204,11.023622047244094,2.7559055118110236,8.267716535433072,88.9763779527559,8.661417322834646,80.31496062992126
E00021111,348,45,21,24,303,25,278,12.931034482758621,6.0344827586206895,6.896551724137931,87.06896551724138,7.183908045977011,79.88505747126436
E00021112,506,56,24,32,450,23,427,11.067193675889328,4.743083003952568,6.324110671936759,88.93280632411067,4.545454545454546,84.38735177865613
E00021113,318,36,10,26,282,23,259,11.320754716981133,3.1446540880503147,8.176100628930817,88.67924528301887,7.232704402515723,81.44654088050315
E00021114,353,58,22,36,295,19,276,16.43059490084986,6.232294617563739,10.198300283286118,83.56940509915015,5.382436260623229,78.18696883852692
E00021115,397,48,18,30,349,27,322,12.090680100755668,4.534005037783375,7.5566750629722925,87.90931989924434,6.801007556675064,81.10831234256926
E00021116,287,48,13,35,239,20,219,16.72473867595819,4.529616724738676,12.195121951219512,83.27526132404182,6.968641114982578,76.30662020905923
E00021117,343,46,19,27,297,18,279,13.411078717201166,5.539358600583091,7.871720116618077,86.58892128279884,5.247813411078718,81.34110787172013
E00021118,384,52,27,25,332,37,295,13.541666666666666,7.03125,6.510416666666667,86.45833333333334,9.635416666666668,76.82291666666666
E00021119,331,50,22,28,281,21,260,15.105740181268882,6.646525679758309,8.459214501510575,84.89425981873111,6.3444108761329305,78.54984894259819
E00021120,498,47,17,30,451,21,430,9.437751004016064,3.413654618473896,6.024096385542169,90.56224899598394,4.216867469879518,86.34538152610442
E00021121,333,38,15,23,295,16,279,11.411411411411411,4.504504504504505,6.906906906906906,88.58858858858859,4.804804804804805,83.78378378378379
E00021122,502,58,14,44,444,33,411,11.553784860557768,2.788844621513944,8.764940239043826,88.44621513944223,6.573705179282868,81.87250996015936
E00021123,453,48,14,34,405,30,375,10.596026490066226,3.090507726269316,7.505518763796909,89.40397350993378,6.622516556291391,82.78145695364239
E00021124,323,47,15,32,276,15,261,14.551083591331269,4.643962848297214,9.907120743034056,85.44891640866872,4.643962848297214,80.80495356037152
E00021125,270,30,16,14,240,12,228,11.11111111111111,5.9259259259259265,5.185185185185185,88.88888888888889,4.444444444444445,84.44444444444444
E00021126,346,59,28,31,287,25,262,17.052023121387283,8.092485549132949,8.959537572254336,82.94797687861272,7.225433526011561,75.72254335260115
E00021127,296,26,11,15,270,7,263,8.783783783783784,3.7162162162162162,5.0675675675675675,91.21621621621621,2.364864864864865,88.85135135135135
E00021128,356,40,20,20,316,23,293,11.235955056179774,5.617977528089887,5.617977528089887,88.76404494382022,6.460674157303371,82.30337078651685
E00021129,357,55,24,31,302,20,282,15.406162464985995,6.722689075630252,8.683473389355742,84.593837535014,5.602240896358544,78.99159663865547
E00021130,288,27,12,15,261,16,245,9.375,4.166666666666666,5.208333333333334,90.625,5.555555555555555,85.06944444444444
E00021131,283,42,15,27,241,25,216,14.840989399293287,5.30035335689046,9.540636042402827,85.15901060070671,8.8339222614841,76.32508833922262
E00021132,210,29,7,22,181,13,168,13.80952380952381,3.3333333333333335,10.476190476190476,86.19047619047619,6.190476190476191,80
E00021133,262,35,20,15,227,20,207,13.358778625954198,7.633587786259542,5.7251908396946565,86.64122137404581,7.633587786259542,79.00763358778626
E00021134,341,35,11,24,306,18,288,10.263929618768328,3.225806451612903,7.038123167155426,89.73607038123167,5.278592375366569,84.4574780058651
E00021135,379,59,28,31,320,26,294,15.567282321899736,7.387862796833773,8.179419525065963,84.43271767810026,6.860158311345646,77.57255936675462
E00021136,398,41,21,20,357,26,331,10.301507537688442,5.276381909547738,5.025125628140704,89.69849246231156,6.532663316582915,83.16582914572864
E00021137,392,63,24,39,329,26,303,16.071428571428573,6.122448979591836,9.948979591836734,83.92857142857143,6.63265306122449,77.29591836734694
E00021138,354,38,17,21,316,19,297,10.734463276836157,4.80225988700565,5.932203389830509,89.26553672316385,5.367231638418079,83.89830508474576
E00021139,359,35,10,25,324,22,302,9.749303621169917,2.785515320334262,6.963788300835655,90.25069637883009,6.128133704735376,84.12256267409471
E00021140,362,32,7,25,330,32,298,8.83977900552486,1.9337016574585635,6.906077348066299,91.16022099447514,8.83977900552486,82.32044198895028
E00165852,348,36,7,29,312,34,278,10.344827586206897,2.0114942528735633,8.333333333333332,89.65517241379311,9.770114942528735,79.88505747126436
E00166816,454,84,36,48,370,24,346,18.502202643171806,7.929515418502203,10.572687224669604,81.4977973568282,5.286343612334802,76.2114537444934
E00166817,611,58,20,38,553,23,530,9.492635024549918,3.273322422258593,6.219312602291326,90.50736497545007,3.764320785597381,86.7430441898527
E00166818,592,55,15,40,537,32,505,9.29054054054054,2.5337837837837838,6.756756756756757,90.70945945945947,5.405405405405405,85.30405405405406
E00166819,472,52,19,33,420,17,403,11.016949152542372,4.025423728813559,6.991525423728813,88.98305084745762,3.6016949152542375,85.38135593220339
E00166820,355,47,15,32,308,17,291,13.239436619718308,4.225352112676056,9.014084507042254,86.76056338028168,4.788732394366197,81.97183098591549
E00166821,569,69,17,52,500,37,463,12.126537785588752,2.987697715289982,9.13884007029877,87.87346221441125,6.502636203866433,81.37082601054482
E00166823,227,61,31,30,166,6,160,26.87224669603524,13.656387665198238,13.215859030837004,73.12775330396477,2.643171806167401,70.48458149779736
E00166824,319,36,15,21,283,20,263,11.285266457680251,4.702194357366771,6.583072100313479,88.71473354231975,6.269592476489027,82.44514106583071
E00166825,220,30,14,16,190,13,177,13.636363636363635,6.363636363636363,7.2727272727272725,86.36363636363636,5.909090909090909,80.45454545454545
E00166826,174,17,8,9,157,8,149,9.770114942528735,4.597701149425287,5.172413793103448,90.22988505747126,4.597701149425287,85.63218390804597
E00180954,501,35,6,29,466,19,447,6.986027944111776,1.1976047904191618,5.788423153692615,93.01397205588823,3.792415169660679,89.22155688622755
E00180957,297,46,21,25,251,11,240,15.488215488215488,7.07070707070707,8.417508417508419,84.51178451178451,3.7037037037037033,80.8080808080808
E00180958,117,5,2,3,112,7,105,4.273504273504273,1.7094017094017095,2.564102564102564,95.72649572649573,5.982905982905983,89.74358974358975
E00180960,444,65,25,40,379,22,357,14.63963963963964,5.63063063063063,9.00900900900901,85.36036036036036,4.954954954954955,80.4054054054054
E00180961,207,4,1,3,203,16,187,1.932367149758454,0.4830917874396135,1.4492753623188406,98.06763285024155,7.729468599033816,90.33816425120773
E00180964,276,24,5,19,252,18,234,8.695652173913043,1.8115942028985508,6.884057971014493,91.30434782608695,6.521739130434782,84.78260869565217
E00180971,279,33,14,19,246,22,224,11.827956989247312,5.017921146953405,6.810035842293908,88.17204301075269,7.885304659498208,80.28673835125448
E00180975,222,14,6,8,208,13,195,6.306306306306306,2.7027027027027026,3.6036036036036037,93.69369369369369,5.8558558558558556,87.83783783783784
E00180985,469,51,30,21,418,21,397,10.874200426439232,6.396588486140725,4.477611940298507,89.12579957356077,4.477611940298507,84.64818763326227
E00180992,427,50,19,31,377,27,350,11.7096018735363,4.449648711943794,7.259953161592506,88.2903981264637,6.323185011709602,81.9672131147541
E00180993,309,26,4,22,283,16,267,8.414239482200648,1.2944983818770228,7.119741100323624,91.58576051779936,5.177993527508091,86.40776699029125
E00181001,356,42,18,24,314,25,289,11.797752808988763,5.056179775280898,6.741573033707865,88.20224719101124,7.02247191011236,81.17977528089888
E00181002,235,39,13,26,196,13,183,16.595744680851062,5.531914893617021,11.063829787234042,83.40425531914893,5.531914893617021,77.87234042553192
E00181004,171,31,19,12,140,9,131,18.128654970760234,11.11111111111111,7.017543859649122,81.87134502923976,5.263157894736842,76.60818713450293
E00181006,463,81,36,45,382,10,372,17.49460043196544,7.775377969762419,9.719222462203025,82.50539956803455,2.159827213822894,80.34557235421165
E00181014,192,14,3,11,178,10,168,7.291666666666667,1.5625,5.729166666666666,92.70833333333334,5.208333333333334,87.5
E00181016,448,36,11,25,412,24,388,8.035714285714286,2.455357142857143,5.580357142857143,91.96428571428571,5.357142857142857,86.60714285714286
E00181019,229,12,4,8,217,10,207,5.240174672489083,1.7467248908296942,3.4934497816593884,94.75982532751091,4.366812227074235,90.39301310043668
E00181020,142,11,5,6,131,15,116,7.746478873239436,3.5211267605633805,4.225352112676056,92.25352112676056,10.56338028169014,81.69014084507043
E00181023,391,44,26,18,347,23,324,11.253196930946292,6.649616368286446,4.603580562659847,88.7468030690537,5.88235294117647,82.86445012787725
E00181024,276,42,16,26,234,15,219,15.217391304347828,5.797101449275362,9.420289855072465,84.78260869565217,5.434782608695652,79.34782608695652
E00181030,491,28,5,23,463,23,440,5.7026476578411405,1.0183299389002036,4.684317718940937,94.29735234215886,4.684317718940937,89.61303462321793
E00181032,146,23,9,14,123,8,115,15.753424657534246,6.164383561643835,9.58904109589041,84.24657534246576,5.47945205479452,78.76712328767124
E00181037,151,7,0,7,144,8,136,4.635761589403973,0,4.635761589403973,95.36423841059603,5.298013245033113,90.06622516556291
E00181038,411,42,12,30,369,21,348,10.218978102189782,2.9197080291970803,7.2992700729927,89.78102189781022,5.109489051094891,84.67153284671532
E00181040,415,69,40,29,346,21,325,16.626506024096386,9.63855421686747,6.987951807228916,83.37349397590361,5.0602409638554215,78.3132530120482
E00181042,178,10,1,9,168,9,159,5.617977528089887,0.5617977528089888,5.056179775280898,94.3820224719101,5.056179775280898,89.32584269662921
