OA,ts0590001,ts0590002,ts0590003,ts0590004,ts0590005,ts0590006,ts0590007,ts0590002_PCT,ts0590003_PCT,ts0590004_PCT,ts0590005_PCT,ts0590006_PCT,ts0590007_PCT
E00124617,170,55,16,39,115,102,13,32.35294117647059,9.411764705882353,22.941176470588236,67.64705882352942,60,7.647058823529412
E00124618,132,35,14,21,97,73,24,26.515151515151516,10.606060606060606,15.909090909090908,73.48484848484848,55.3030303030303,18.181818181818183
E00124619,152,42,12,30,110,95,15,27.631578947368425,7.894736842105263,19.736842105263158,72.36842105263158,62.5,9.868421052631579
E00124620,104,34,9,25,70,64,6,32.69230769230769,8.653846153846153,24.03846153846154,67.3076923076923,61.53846153846154,5.769230769230769
E00124621,170,56,16,40,114,99,15,32.94117647058823,9.411764705882353,23.52941176470588,67.05882352941175,58.235294117647065,8.823529411764707
E00124622,184,54,20,34,130,116,14,29.347826086956523,10.869565217391305,18.478260869565215,70.65217391304348,63.04347826086957,7.608695652173914
E00124623,107,33,5,28,74,59,15,30.8411214953271,4.672897196261682,26.168224299065418,69.1588785046729,55.140186915887845,14.018691588785046
E00124624,114,26,8,18,88,70,18,22.807017543859647,7.017543859649122,15.789473684210526,77.19298245614034,61.40350877192983,15.789473684210526
E00124625,167,50,13,37,117,101,16,29.94011976047904,7.784431137724551,22.15568862275449,70.05988023952095,60.47904191616767,9.580838323353294
E00124627,195,56,19,37,139,114,25,28.717948717948715,9.7435897435897445,18.974358974358974,71.28205128205128,58.46153846153847,12.82051282051282
E00124629,253,66,20,46,187,143,44,26.08695652173913,7.905138339920949,18.181818181818183,73.91304347826086,56.52173913043478,17.391304347826086
E00124630,161,54,15,39,107,87,20,33.54037267080746,9.316770186335404,24.22360248447205,66.45962732919256,54.037267080745345,12.422360248447205
E00124631,129,47,15,32,82,75,7,36.434108527131784,11.627906976744185,24.8062015503876,63.565891472868216,58.139534883720934,5.426356589147287
E00124632,184,69,31,38,115,95,20,37.5,16.847826086956523,20.652173913043477,62.5,51.63043478260869,10.869565217391305
E00124633,123,42,20,22,81,62,19,34.146341463414636,16.260162601626014,17.88617886178862,65.85365853658537,50.40650406504065,15.447154471544716
E00124634,119,37,13,24,82,68,14,31.092436974789916,10.92436974789916,20.168067226890756,68.90756302521008,57.14285714285714,11.76470588235294
E00124635,104,42,29,13,62,42,20,40.38461538461539,27.884615384615387,12.5,59.61538461538461,40.38461538461539,19.230769230769234
E00124636,268,83,29,54,185,125,60,30.970149253731343,10.820895522388058,20.149253731343283,69.02985074626866,46.64179104477612,22.388059701492537
E00124637,185,44,18,26,141,111,30,23.783783783783786,9.72972972972973,14.054054054054054,76.21621621621621,60,16.216216216216218
E00124638,157,35,14,21,122,107,15,22.29299363057325,8.9171974522293,13.375796178343949,77.70700636942675,68.15286624203821,9.554140127388536
E00124639,185,49,13,36,136,105,31,26.486486486486488,7.027027027027027,19.45945945945946,73.51351351351352,56.75675675675676,16.756756756756758
E00124640,85,25,7,18,60,45,15,29.411764705882355,8.235294117647058,21.176470588235293,70.58823529411765,52.94117647058824,17.647058823529413
E00124641,126,37,20,17,89,70,19,29.365079365079367,15.873015873015872,13.492063492063492,70.63492063492063,55.55555555555556,15.079365079365079
E00124642,122,41,16,25,81,66,15,33.60655737704918,13.114754098360656,20.491803278688526,66.39344262295081,54.09836065573771,12.295081967213115
E00124643,148,42,15,27,106,79,27,28.37837837837838,10.135135135135135,18.243243243243242,71.62162162162163,53.37837837837838,18.243243243243242
E00124644,214,64,25,39,150,115,35,29.906542056074763,11.682242990654206,18.22429906542056,70.09345794392523,53.73831775700935,16.355140186915886
E00124645,117,39,10,29,78,68,10,33.33333333333333,8.547008547008547,24.786324786324787,66.66666666666666,58.119658119658126,8.547008547008547
E00124646,148,46,13,33,102,79,23,31.08108108108108,8.783783783783784,22.2972972972973,68.91891891891892,53.37837837837838,15.54054054054054
E00124647,176,49,14,35,127,110,17,27.84090909090909,7.954545454545454,19.886363636363637,72.1590909090909,62.5,9.659090909090908
E00124648,165,52,17,35,113,83,30,31.515151515151512,10.303030303030303,21.21212121212121,68.48484848484848,50.303030303030305,18.181818181818183
E00124649,197,55,19,36,142,113,29,27.918781725888326,9.644670050761421,18.274111675126903,72.08121827411168,57.360406091370564,14.720812182741117
E00124650,108,41,13,28,67,48,19,37.96296296296296,12.037037037037036,25.925925925925924,62.03703703703704,44.44444444444444,17.59259259259259
E00124651,147,38,13,25,109,90,19,25.850340136054424,8.843537414965986,17.006802721088434,74.14965986394559,61.224489795918366,12.925170068027212
E00124652,137,47,20,27,90,68,22,34.306569343065696,14.5985401459854,19.708029197080293,65.69343065693431,49.63503649635037,16.05839416058394
E00124653,94,34,17,17,60,48,12,36.17021276595745,18.085106382978726,18.085106382978726,63.829787234042556,51.06382978723404,12.76595744680851
E00124654,191,54,26,28,137,103,34,28.272251308900525,13.612565445026178,14.659685863874344,71.72774869109948,53.92670157068062,17.801047120418847
E00124655,148,53,24,29,95,78,17,35.810810810810814,16.216216216216218,19.594594594594593,64.1891891891892,52.702702702702695,11.486486486486488
E00124656,173,61,30,31,112,83,29,35.26011560693642,17.341040462427745,17.91907514450867,64.73988439306359,47.97687861271676,16.76300578034682
E00124657,254,83,32,51,171,123,48,32.677165354330704,12.598425196850393,20.078740157480315,67.32283464566929,48.4251968503937,18.89763779527559
E00124658,79,36,11,25,43,35,8,45.56962025316456,13.924050632911392,31.645569620253166,54.43037974683544,44.303797468354425,10.126582278481013
E00124659,136,42,18,24,94,71,23,30.88235294117647,13.23529411764706,17.647058823529413,69.11764705882352,52.20588235294118,16.911764705882355
E00124660,312,54,11,43,258,222,36,17.307692307692307,3.5256410256410255,13.782051282051283,82.6923076923077,71.15384615384616,11.538461538461538
E00124661,99,21,6,15,78,68,10,21.21212121212121,6.0606060606060606,15.151515151515152,78.78787878787878,68.68686868686868,10.1010101010101
E00124662,178,54,21,33,124,103,21,30.337078651685395,11.797752808988763,18.53932584269663,69.66292134831461,57.865168539325836,11.797752808988763
E00124663,87,29,11,18,58,51,7,33.33333333333333,12.643678160919542,20.689655172413794,66.66666666666666,58.620689655172406,8.045977011494253
E00124664,153,31,9,22,122,93,29,20.26143790849673,5.88235294117647,14.37908496732026,79.73856209150327,60.78431372549019,18.954248366013072
E00124665,137,35,11,24,102,92,10,25.547445255474454,8.02919708029197,17.51824817518248,74.45255474452554,67.15328467153284,7.2992700729927
E00124666,177,48,19,29,129,113,16,27.11864406779661,10.734463276836157,16.38418079096045,72.88135593220339,63.84180790960452,9.03954802259887
E00124667,151,49,14,35,102,88,14,32.450331125827816,9.271523178807946,23.178807947019866,67.54966887417218,58.27814569536424,9.271523178807946
E00124668,195,75,27,48,120,101,19,38.46153846153847,13.846153846153847,24.615384615384617,61.53846153846154,51.7948717948718,9.7435897435897445
E00124669,159,46,21,25,113,100,13,28.930817610062892,13.20754716981132,15.723270440251572,71.0691823899371,62.893081761006286,8.176100628930817
E00124670,152,47,18,29,105,83,22,30.92105263157895,11.842105263157894,19.078947368421055,69.07894736842105,54.60526315789473,14.473684210526317
E00124671,143,46,19,27,97,81,16,32.16783216783217,13.286713286713287,18.88111888111888,67.83216783216784,56.64335664335665,11.188811188811188
E00124672,176,42,9,33,134,113,21,23.863636363636363,5.113636363636364,18.75,76.13636363636364,64.20454545454545,11.931818181818182
E00124674,189,46,15,31,143,124,19,24.33862433862434,7.936507936507936,16.402116402116402,75.66137566137566,65.60846560846561,10.052910052910052
E00124675,174,49,17,32,125,104,21,28.160919540229884,9.770114942528735,18.39080459770115,71.83908045977012,59.77011494252874,12.068965517241379
E00124676,209,48,11,37,161,133,28,22.966507177033492,5.263157894736842,17.703349282296653,77.03349282296651,63.63636363636363,13.397129186602871
E00124677,148,41,15,26,107,90,17,27.7027027027027,10.135135135135135,17.56756756756757,72.2972972972973,60.810810810810814,11.486486486486488
E00124678,135,38,11,27,97,82,15,28.14814814814815,8.148148148148149,20,71.85185185185186,60.74074074074074,11.11111111111111
E00124680,115,40,16,24,75,62,13,34.78260869565217,13.91304347826087,20.869565217391305,65.21739130434783,53.91304347826087,11.304347826086957
E00124681,123,30,14,16,93,75,18,24.390243902439025,11.38211382113821,13.008130081300814,75.60975609756098,60.97560975609756,14.634146341463413
E00124682,95,39,15,24,56,44,12,41.05263157894737,15.789473684210526,25.263157894736842,58.94736842105262,46.31578947368421,12.631578947368421
E00124683,135,45,11,34,90,76,14,33.33333333333333,8.148148148148149,25.185185185185183,66.66666666666666,56.2962962962963,10.37037037037037
E00124684,125,52,15,37,73,56,17,41.6,12,29.599999999999998,58.4,44.800000000000004,13.600000000000001
E00124685,48,15,2,13,33,26,7,31.25,4.166666666666666,27.083333333333332,68.75,54.166666666666664,14.583333333333334
E00124686,153,58,22,36,95,72,23,37.908496732026144,14.37908496732026,23.52941176470588,62.091503267973856,47.05882352941176,15.032679738562091
E00124687,127,27,13,14,100,70,30,21.25984251968504,10.236220472440944,11.023622047244094,78.74015748031496,55.118110236220474,23.62204724409449
E00124688,171,60,25,35,111,86,25,35.08771929824561,14.619883040935672,20.46783625730994,64.91228070175438,50.29239766081871,14.619883040935672
E00124689,68,25,8,17,43,34,9,36.76470588235294,11.76470588235294,25,63.23529411764706,50,13.23529411764706
E00124690,159,41,14,27,118,93,25,25.78616352201258,8.80503144654088,16.9811320754717,74.21383647798741,58.490566037735846,15.723270440251572
E00124691,138,41,17,24,97,77,20,29.71014492753623,12.318840579710146,17.391304347826086,70.28985507246377,55.79710144927537,14.492753623188406
E00124692,188,47,12,35,141,110,31,25,6.382978723404255,18.617021276595743,75,58.51063829787234,16.48936170212766
E00124693,112,40,20,20,72,57,15,35.714285714285715,17.857142857142858,17.857142857142858,64.28571428571429,50.89285714285714,13.392857142857142
E00124694,131,43,20,23,88,55,33,32.82442748091603,15.267175572519085,17.557251908396946,67.17557251908397,41.98473282442748,25.190839694656486
E00124697,144,48,9,39,96,86,10,33.33333333333333,6.25,27.083333333333332,66.66666666666666,59.72222222222222,6.944444444444445
E00124698,179,38,11,27,141,123,18,21.22905027932961,6.145251396648044,15.083798882681565,78.77094972067039,68.71508379888269,10.05586592178771
E00124699,95,40,15,25,55,42,13,42.10526315789473,15.789473684210526,26.31578947368421,57.89473684210527,44.21052631578947,13.684210526315791
E00124700,80,22,6,16,58,43,15,27.500000000000004,7.5,20,72.5,53.75,18.75
E00124701,104,43,18,25,61,55,6,41.34615384615385,17.307692307692307,24.03846153846154,58.65384615384615,52.88461538461539,5.769230769230769
E00124702,159,41,12,29,118,98,20,25.78616352201258,7.547169811320755,18.238993710691823,74.21383647798741,61.63522012578616,12.578616352201259
E00124703,259,67,26,41,192,162,30,25.868725868725868,10.038610038610038,15.83011583011583,74.13127413127413,62.54826254826254,11.583011583011583
E00124704,152,47,10,37,105,90,15,30.92105263157895,6.578947368421052,24.342105263157894,69.07894736842105,59.210526315789465,9.868421052631579
E00124705,108,29,13,16,79,60,19,26.851851851851855,12.037037037037036,14.814814814814813,73.14814814814815,55.55555555555556,17.59259259259259
E00124706,250,68,24,44,182,139,43,27.200000000000003,9.6,17.599999999999998,72.8,55.60000000000001,17.2
E00124707,121,39,15,24,82,65,17,32.231404958677686,12.396694214876034,19.834710743801654,67.76859504132231,53.71900826446281,14.049586776859504
E00124709,151,47,11,36,104,82,22,31.125827814569533,7.28476821192053,23.841059602649008,68.87417218543047,54.3046357615894,14.56953642384106
E00124710,235,67,22,45,168,127,41,28.510638297872344,9.361702127659575,19.148936170212767,71.48936170212767,54.04255319148936,17.4468085106383
E00124711,169,54,19,35,115,89,26,31.952662721893493,11.242603550295858,20.710059171597635,68.04733727810651,52.662721893491124,15.384615384615385
E00124712,209,53,18,35,156,114,42,25.358851674641148,8.61244019138756,16.74641148325359,74.64114832535886,54.54545454545454,20.095693779904305
E00124713,161,43,11,32,118,93,25,26.70807453416149,6.832298136645963,19.875776397515526,73.29192546583852,57.7639751552795,15.527950310559005
E00124714,119,40,15,25,79,64,15,33.61344537815126,12.605042016806722,21.008403361344538,66.38655462184873,53.78151260504202,12.605042016806722
E00124716,176,59,19,40,117,96,21,33.52272727272727,10.795454545454545,22.727272727272727,66.47727272727273,54.54545454545454,11.931818181818182
E00124717,181,53,24,29,128,96,32,29.2817679558011,13.259668508287293,16.022099447513813,70.71823204419888,53.03867403314917,17.67955801104972
E00124718,123,38,9,29,85,62,23,30.89430894308943,7.317073170731707,23.577235772357724,69.10569105691057,50.40650406504065,18.69918699186992
E00124719,180,53,14,39,127,97,30,29.444444444444446,7.777777777777778,21.666666666666668,70.55555555555556,53.888888888888886,16.666666666666664
E00124720,142,39,17,22,103,92,11,27.464788732394368,11.971830985915492,15.492957746478872,72.53521126760563,64.7887323943662,7.746478873239436
E00124721,150,48,14,34,102,85,17,32,9.333333333333334,22.666666666666664,68,56.666666666666664,11.333333333333332
E00124722,156,53,20,33,103,83,20,33.97435897435898,12.82051282051282,21.153846153846153,66.02564102564102,53.205128205128204,12.82051282051282
E00124723,173,59,21,38,114,77,37,34.104046242774565,12.138728323699421,21.965317919075144,65.89595375722543,44.50867052023121,21.38728323699422
E00124724,356,67,20,47,289,237,52,18.820224719101123,5.617977528089887,13.202247191011235,81.17977528089888,66.57303370786516,14.606741573033707
E00124725,101,22,8,14,79,67,12,21.782178217821784,7.920792079207921,13.861386138613863,78.21782178217822,66.33663366336634,11.881188118811881
E00124727,118,39,15,24,79,61,18,33.05084745762712,12.711864406779661,20.33898305084746,66.94915254237289,51.69491525423729,15.254237288135593
E00124729,109,40,13,27,69,46,23,36.69724770642202,11.926605504587156,24.770642201834864,63.30275229357798,42.201834862385326,21.100917431192663
E00124733,143,44,12,32,99,83,16,30.76923076923077,8.391608391608392,22.377622377622377,69.23076923076923,58.04195804195804,11.188811188811188
E00124734,166,60,28,32,106,86,20,36.144578313253014,16.867469879518072,19.27710843373494,63.85542168674698,51.80722891566265,12.048192771084338
E00124735,147,29,12,17,118,101,17,19.727891156462583,8.16326530612245,11.564625850340136,80.27210884353741,68.70748299319727,11.564625850340136
E00124736,143,42,7,35,101,87,14,29.37062937062937,4.895104895104895,24.475524475524477,70.62937062937063,60.83916083916085,9.79020979020979
E00124737,178,44,19,25,134,105,29,24.719101123595504,10.674157303370785,14.04494382022472,75.28089887640449,58.98876404494382,16.292134831460675
E00124738,164,56,20,36,108,92,16,34.146341463414636,12.195121951219512,21.951219512195124,65.85365853658537,56.09756097560976,9.75609756097561
E00124739,187,52,17,35,135,114,21,27.807486631016044,9.090909090909092,18.71657754010695,72.19251336898395,60.962566844919785,11.229946524064172
E00124740,169,38,11,27,131,103,28,22.485207100591715,6.508875739644971,15.976331360946746,77.51479289940828,60.946745562130175,16.56804733727811
E00124741,172,40,12,28,132,114,18,23.25581395348837,6.976744186046512,16.27906976744186,76.74418604651163,66.27906976744185,10.465116279069768
E00124742,206,61,22,39,145,117,28,29.61165048543689,10.679611650485436,18.932038834951456,70.3883495145631,56.79611650485437,13.592233009708737
E00124743,254,52,12,40,202,179,23,20.47244094488189,4.724409448818897,15.748031496062993,79.52755905511812,70.47244094488188,9.05511811023622
E00124744,195,52,16,36,143,113,30,26.666666666666668,8.205128205128204,18.461538461538463,73.33333333333333,57.948717948717956,15.384615384615385
E00124745,161,42,11,31,119,103,16,26.08695652173913,6.832298136645963,19.25465838509317,73.91304347826086,63.975155279503106,9.937888198757763
E00124746,150,29,12,17,121,100,21,19.333333333333332,8,11.333333333333332,80.66666666666666,66.66666666666666,14.000000000000002
E00124747,178,40,15,25,138,112,26,22.47191011235955,8.426966292134832,14.04494382022472,77.52808988764045,62.92134831460674,14.606741573033707
E00124748,166,40,16,24,126,102,24,24.096385542168676,9.63855421686747,14.457831325301203,75.90361445783132,61.44578313253012,14.457831325301203
E00124749,144,36,13,23,108,87,21,25,9.027777777777777,15.972222222222221,75,60.416666666666664,14.583333333333334
E00124750,168,48,14,34,120,99,21,28.57142857142857,8.333333333333332,20.238095238095237,71.42857142857143,58.92857142857143,12.5
E00124753,126,29,10,19,97,81,16,23.015873015873016,7.936507936507936,15.079365079365079,76.98412698412699,64.28571428571429,12.698412698412698
E00124754,100,27,7,20,73,57,16,27,7.000000000000001,20,73,56.99999999999999,16
E00124755,124,39,9,30,85,67,18,31.451612903225808,7.258064516129033,24.193548387096776,68.54838709677419,54.03225806451613,14.516129032258066
E00124756,64,20,9,11,44,27,17,31.25,14.0625,17.1875,68.75,42.1875,26.5625
E00124757,85,21,6,15,64,50,14,24.705882352941178,7.0588235294117645,17.647058823529413,75.29411764705883,58.82352941176471,16.470588235294116
E00124758,97,29,11,18,68,46,22,29.896907216494846,11.34020618556701,18.556701030927837,70.10309278350515,47.42268041237113,22.68041237113402
E00124759,158,50,26,24,108,81,27,31.645569620253166,16.455696202531644,15.18987341772152,68.35443037974683,51.26582278481012,17.088607594936708
E00124760,132,45,15,30,87,69,18,34.090909090909086,11.363636363636363,22.727272727272727,65.9090909090909,52.27272727272727,13.636363636363635
E00124761,159,47,18,29,112,81,31,29.559748427672954,11.320754716981133,18.238993710691823,70.44025157232704,50.943396226415096,19.49685534591195
E00124762,129,34,11,23,95,82,13,26.356589147286826,8.527131782945736,17.829457364341085,73.64341085271317,63.565891472868216,10.077519379844961
E00124763,133,40,14,26,93,74,19,30.075187969924812,10.526315789473683,19.548872180451127,69.92481203007519,55.639097744360896,14.285714285714285
E00124764,147,51,15,36,96,83,13,34.69387755102041,10.204081632653061,24.489795918367346,65.3061224489796,56.4625850340136,8.843537414965986
E00124765,120,40,13,27,80,65,15,33.33333333333333,10.833333333333334,22.5,66.66666666666666,54.166666666666664,12.5
E00124766,178,43,18,25,135,112,23,24.15730337078652,10.112359550561797,14.04494382022472,75.84269662921348,62.92134831460674,12.921348314606742
E00124767,161,36,13,23,125,106,19,22.36024844720497,8.074534161490684,14.285714285714285,77.63975155279503,65.83850931677019,11.801242236024844
E00124768,225,64,20,44,161,136,25,28.444444444444443,8.88888888888889,19.555555555555557,71.55555555555554,60.44444444444444,11.11111111111111
E00124769,73,21,12,9,52,45,7,28.767123287671232,16.43835616438356,12.32876712328767,71.23287671232876,61.64383561643836,9.58904109589041
E00124770,147,49,14,35,98,83,15,33.33333333333333,9.523809523809524,23.809523809523807,66.66666666666666,56.4625850340136,10.204081632653061
E00124771,164,53,13,40,111,95,16,32.31707317073171,7.926829268292683,24.390243902439025,67.6829268292683,57.92682926829268,9.75609756097561
E00124772,158,45,15,30,113,89,24,28.48101265822785,9.49367088607595,18.9873417721519,71.51898734177216,56.32911392405063,15.18987341772152
E00124773,85,23,7,16,62,50,12,27.058823529411764,8.235294117647058,18.823529411764707,72.94117647058823,58.82352941176471,14.117647058823529
E00124774,138,39,16,23,99,87,12,28.26086956521739,11.594202898550725,16.666666666666664,71.73913043478261,63.04347826086957,8.695652173913043
E00124775,133,43,13,30,90,78,12,32.33082706766917,9.774436090225564,22.55639097744361,67.66917293233082,58.64661654135338,9.022556390977442
E00124776,126,35,10,25,91,66,25,27.77777777777778,7.936507936507936,19.841269841269842,72.22222222222221,52.38095238095239,19.841269841269842
E00124777,163,36,9,27,127,113,14,22.085889570552148,5.521472392638037,16.56441717791411,77.91411042944786,69.32515337423312,8.588957055214724
E00124778,171,44,18,26,127,107,20,25.730994152046783,10.526315789473683,15.204678362573098,74.26900584795322,62.57309941520468,11.695906432748536
E00124779,155,28,12,16,127,102,25,18.064516129032256,7.741935483870968,10.32258064516129,81.93548387096774,65.80645161290323,16.129032258064516
E00124780,122,46,20,26,76,63,13,37.704918032786885,16.39344262295082,21.311475409836063,62.295081967213115,51.63934426229508,10.655737704918032
E00124781,152,40,16,24,112,91,21,26.31578947368421,10.526315789473683,15.789473684210526,73.68421052631578,59.86842105263158,13.815789473684212
E00124782,134,42,13,29,92,75,17,31.343283582089555,9.701492537313433,21.641791044776117,68.65671641791045,55.970149253731336,12.686567164179104
E00124783,268,73,20,53,195,158,37,27.238805970149254,7.462686567164178,19.776119402985074,72.76119402985076,58.95522388059702,13.805970149253731
E00124784,164,45,16,29,119,100,19,27.439024390243905,9.75609756097561,17.682926829268293,72.5609756097561,60.97560975609756,11.585365853658537
E00124785,154,43,17,26,111,86,25,27.92207792207792,11.03896103896104,16.883116883116884,72.07792207792207,55.84415584415584,16.233766233766232
E00124786,170,51,16,35,119,93,26,30,9.411764705882353,20.588235294117645,70,54.70588235294118,15.294117647058824
E00124787,141,29,7,22,112,97,15,20.56737588652482,4.964539007092199,15.602836879432624,79.43262411347519,68.79432624113475,10.638297872340425
E00124788,165,36,12,24,129,110,19,21.818181818181817,7.2727272727272725,14.545454545454545,78.18181818181819,66.66666666666666,11.515151515151516
E00124789,152,43,14,29,109,85,24,28.289473684210524,9.210526315789473,19.078947368421055,71.71052631578947,55.92105263157895,15.789473684210526
E00124790,126,35,12,23,91,72,19,27.77777777777778,9.523809523809524,18.253968253968253,72.22222222222221,57.14285714285714,15.079365079365079
E00124792,164,52,16,36,112,91,21,31.70731707317073,9.75609756097561,21.951219512195124,68.29268292682927,55.487804878048784,12.804878048780488
E00124793,161,46,11,35,115,90,25,28.57142857142857,6.832298136645963,21.73913043478261,71.42857142857143,55.90062111801242,15.527950310559005
E00124794,87,26,14,12,61,53,8,29.88505747126437,16.091954022988507,13.793103448275861,70.11494252873564,60.91954022988506,9.195402298850574
E00124795,43,13,8,5,30,24,6,30.23255813953488,18.6046511627907,11.627906976744185,69.76744186046511,55.81395348837209,13.953488372093023
E00124796,113,32,12,20,81,67,14,28.31858407079646,10.619469026548673,17.699115044247787,71.68141592920354,59.29203539823009,12.389380530973451
E00124797,117,35,9,26,82,64,18,29.914529914529915,7.6923076923076925,22.22222222222222,70.08547008547008,54.700854700854705,15.384615384615385
E00124798,149,40,9,31,109,96,13,26.845637583892618,6.0402684563758395,20.80536912751678,73.15436241610739,64.42953020134227,8.724832214765101
E00124799,145,46,16,30,99,69,30,31.724137931034484,11.03448275862069,20.689655172413794,68.27586206896552,47.58620689655172,20.689655172413794
E00124800,142,44,10,34,98,76,22,30.985915492957744,7.042253521126761,23.943661971830984,69.01408450704226,53.52112676056338,15.492957746478872
E00124801,158,49,19,30,109,86,23,31.0126582278481,12.025316455696203,18.9873417721519,68.9873417721519,54.43037974683544,14.556962025316455
E00124802,146,38,8,30,108,93,15,26.027397260273972,5.47945205479452,20.54794520547945,73.97260273972603,63.6986301369863,10.273972602739725
E00124803,134,33,10,23,101,87,14,24.62686567164179,7.462686567164178,17.16417910447761,75.3731343283582,64.92537313432835,10.44776119402985
E00124804,111,38,19,19,73,58,15,34.234234234234236,17.117117117117118,17.117117117117118,65.76576576576578,52.25225225225225,13.513513513513514
E00124805,147,36,14,22,111,98,13,24.489795918367346,9.523809523809524,14.965986394557824,75.51020408163265,66.66666666666666,8.843537414965986
E00124806,189,41,13,28,148,125,23,21.693121693121693,6.878306878306878,14.814814814814813,78.3068783068783,66.13756613756614,12.16931216931217
E00124808,194,54,22,32,140,117,23,27.835051546391753,11.34020618556701,16.49484536082474,72.16494845360825,60.30927835051546,11.855670103092782
E00124809,178,40,12,28,138,120,18,22.47191011235955,6.741573033707865,15.730337078651685,77.52808988764045,67.41573033707866,10.112359550561797
E00124810,125,31,12,19,94,68,26,24.8,9.6,15.2,75.2,54.400000000000006,20.8
E00124811,145,39,14,25,106,85,21,26.89655172413793,9.655172413793103,17.24137931034483,73.10344827586206,58.620689655172406,14.482758620689657
E00124812,151,43,18,25,108,88,20,28.47682119205298,11.920529801324504,16.55629139072848,71.52317880794702,58.27814569536424,13.245033112582782
E00124813,146,41,13,28,105,94,11,28.08219178082192,8.904109589041095,19.17808219178082,71.91780821917808,64.38356164383562,7.534246575342466
E00124814,79,18,6,12,61,54,7,22.78481012658228,7.59493670886076,15.18987341772152,77.21518987341773,68.35443037974683,8.860759493670885
E00124815,169,43,18,25,126,112,14,25.443786982248522,10.650887573964498,14.792899408284024,74.55621301775149,66.27218934911244,8.284023668639055
E00124816,171,34,11,23,137,119,18,19.883040935672515,6.432748538011696,13.450292397660817,80.11695906432749,69.5906432748538,10.526315789473683
E00124817,199,53,18,35,146,124,22,26.633165829145728,9.045226130653267,17.587939698492463,73.36683417085426,62.311557788944725,11.055276381909549
E00124818,137,28,8,20,109,94,15,20.437956204379564,5.839416058394161,14.5985401459854,79.56204379562044,68.61313868613139,10.948905109489052
E00124819,146,42,18,24,104,79,25,28.767123287671232,12.32876712328767,16.43835616438356,71.23287671232876,54.109589041095894,17.123287671232877
E00124820,182,39,10,29,143,123,20,21.428571428571427,5.4945054945054945,15.934065934065933,78.57142857142857,67.58241758241759,10.989010989010989
E00124821,166,55,18,37,111,95,16,33.13253012048193,10.843373493975903,22.289156626506024,66.86746987951807,57.22891566265061,9.63855421686747
E00124822,118,28,10,18,90,76,14,23.728813559322035,8.47457627118644,15.254237288135593,76.27118644067797,64.40677966101694,11.864406779661017
E00124823,152,38,9,29,114,89,25,25,5.921052631578947,19.078947368421055,75,58.55263157894737,16.447368421052634
E00124824,211,49,13,36,162,136,26,23.22274881516588,6.161137440758294,17.061611374407583,76.77725118483413,64.45497630331754,12.322274881516588
E00124825,219,57,22,35,162,125,37,26.027397260273972,10.045662100456621,15.981735159817351,73.97260273972603,57.077625570776256,16.894977168949772
E00124826,136,38,4,34,98,75,23,27.941176470588236,2.941176470588235,25,72.05882352941177,55.14705882352941,16.911764705882355
E00124827,135,36,8,28,99,83,16,26.666666666666668,5.9259259259259265,20.74074074074074,73.33333333333333,61.48148148148148,11.851851851851853
E00124828,158,44,18,26,114,94,20,27.848101265822784,11.39240506329114,16.455696202531644,72.15189873417721,59.49367088607595,12.658227848101266
E00124829,133,48,8,40,85,69,16,36.09022556390977,6.015037593984962,30.075187969924812,63.90977443609023,51.8796992481203,12.030075187969924
E00124830,123,43,13,30,80,57,23,34.959349593495936,10.569105691056912,24.390243902439025,65.04065040650406,46.34146341463415,18.69918699186992
E00124831,163,50,10,40,113,104,9,30.67484662576687,6.134969325153374,24.539877300613497,69.32515337423312,63.80368098159509,5.521472392638037
E00124832,82,27,7,20,55,46,9,32.926829268292686,8.536585365853659,24.390243902439025,67.07317073170732,56.09756097560976,10.975609756097562
E00124833,110,38,11,27,72,59,13,34.54545454545455,10,24.545454545454547,65.45454545454545,53.63636363636364,11.818181818181818
E00124834,154,45,14,31,109,89,20,29.22077922077922,9.090909090909092,20.12987012987013,70.77922077922078,57.7922077922078,12.987012987012985
E00124835,168,48,19,29,120,99,21,28.57142857142857,11.30952380952381,17.261904761904763,71.42857142857143,58.92857142857143,12.5
E00124836,166,51,20,31,115,98,17,30.72289156626506,12.048192771084338,18.67469879518072,69.27710843373494,59.036144578313255,10.240963855421686
E00124837,176,41,12,29,135,113,22,23.295454545454543,6.8181818181818175,16.477272727272727,76.70454545454545,64.20454545454545,12.5
E00124838,123,39,12,27,84,68,16,31.70731707317073,9.75609756097561,21.951219512195124,68.29268292682927,55.28455284552846,13.008130081300814
E00124840,112,32,7,25,80,61,19,28.57142857142857,6.25,22.321428571428573,71.42857142857143,54.46428571428571,16.964285714285715
E00124841,106,28,11,17,78,65,13,26.41509433962264,10.377358490566039,16.037735849056602,73.58490566037736,61.32075471698113,12.264150943396226
E00124842,125,30,11,19,95,86,9,24,8.799999999999999,15.2,76,68.8,7.199999999999999
E00124843,74,26,12,14,48,37,11,35.13513513513514,16.216216216216218,18.91891891891892,64.86486486486487,50,14.864864864864865
E00124844,157,39,12,27,118,90,28,24.840764331210192,7.643312101910828,17.197452229299362,75.15923566878982,57.324840764331206,17.8343949044586
E00124845,151,34,10,24,117,95,22,22.516556291390728,6.622516556291391,15.894039735099339,77.48344370860927,62.913907284768214,14.56953642384106
E00124846,151,50,16,34,101,87,14,33.11258278145696,10.596026490066226,22.516556291390728,66.88741721854305,57.615894039735096,9.271523178807946
E00124847,235,69,22,47,166,141,25,29.361702127659573,9.361702127659575,20,70.63829787234043,60,10.638297872340425
E00124848,151,45,16,29,106,90,16,29.80132450331126,10.596026490066226,19.205298013245034,70.19867549668875,59.60264900662252,10.596026490066226
E00124849,135,39,12,27,96,75,21,28.888888888888886,8.88888888888889,20,71.11111111111111,55.55555555555556,15.555555555555555
E00124850,149,42,15,27,107,90,17,28.187919463087248,10.06711409395973,18.120805369127517,71.81208053691275,60.40268456375839,11.409395973154362
E00124851,135,35,12,23,100,86,14,25.925925925925924,8.88888888888889,17.037037037037038,74.07407407407408,63.70370370370371,10.37037037037037
E00124852,108,33,6,27,75,59,16,30.555555555555557,5.555555555555555,25,69.44444444444444,54.629629629629626,14.814814814814813
E00124853,76,21,10,11,55,48,7,27.631578947368425,13.157894736842104,14.473684210526317,72.36842105263158,63.1578947368421,9.210526315789473
E00124854,132,37,15,22,95,79,16,28.030303030303028,11.363636363636363,16.666666666666664,71.96969696969697,59.84848484848485,12.121212121212121
E00124855,78,22,11,11,56,47,9,28.205128205128204,14.102564102564102,14.102564102564102,71.7948717948718,60.256410256410255,11.538461538461538
E00124856,149,40,15,25,109,94,15,26.845637583892618,10.06711409395973,16.778523489932887,73.15436241610739,63.08724832214765,10.06711409395973
E00124857,140,33,13,20,107,90,17,23.57142857142857,9.285714285714286,14.285714285714285,76.42857142857142,64.28571428571429,12.142857142857142
E00124858,136,34,11,23,102,88,14,25,8.088235294117647,16.911764705882355,75,64.70588235294117,10.294117647058822
E00124859,126,43,19,24,83,72,11,34.12698412698413,15.079365079365079,19.047619047619047,65.87301587301587,57.14285714285714,8.73015873015873
E00124860,150,40,13,27,110,98,12,26.666666666666668,8.666666666666668,18,73.33333333333333,65.33333333333333,8
E00124861,166,53,20,33,113,102,11,31.92771084337349,12.048192771084338,19.879518072289155,68.07228915662651,61.44578313253012,6.626506024096386
E00124862,176,51,16,35,125,111,14,28.97727272727273,9.090909090909092,19.886363636363637,71.02272727272727,63.06818181818182,7.954545454545454
E00124863,120,44,16,28,76,64,12,36.666666666666664,13.333333333333334,23.333333333333332,63.33333333333333,53.333333333333336,10
E00124864,111,32,17,15,79,69,10,28.82882882882883,15.315315315315313,13.513513513513514,71.17117117117117,62.16216216216216,9.00900900900901
E00124865,78,19,3,16,59,45,14,24.358974358974358,3.8461538461538463,20.51282051282051,75.64102564102564,57.692307692307686,17.94871794871795
E00124866,168,63,21,42,105,90,15,37.5,12.5,25,62.5,53.57142857142857,8.928571428571429
E00124867,150,58,22,36,92,69,23,38.666666666666664,14.666666666666666,24,61.33333333333333,46,15.333333333333332
E00124868,124,43,12,31,81,68,13,34.67741935483871,9.67741935483871,25,65.32258064516128,54.83870967741935,10.483870967741936
E00124869,173,62,15,47,111,87,24,35.83815028901734,8.670520231213873,27.167630057803464,64.16184971098265,50.28901734104046,13.872832369942195
E00124870,137,46,17,29,91,77,14,33.57664233576642,12.408759124087592,21.16788321167883,66.42335766423358,56.20437956204379,10.218978102189782
E00124871,154,54,21,33,100,86,14,35.064935064935064,13.636363636363635,21.428571428571427,64.93506493506493,55.84415584415584,9.090909090909092
E00124872,61,18,6,12,43,32,11,29.508196721311474,9.836065573770492,19.672131147540984,70.49180327868852,52.459016393442624,18.0327868852459
E00124873,163,58,25,33,105,86,19,35.58282208588957,15.337423312883436,20.245398773006134,64.41717791411043,52.760736196319016,11.65644171779141
E00124874,137,48,15,33,89,77,12,35.03649635036496,10.948905109489052,24.087591240875913,64.96350364963503,56.20437956204379,8.75912408759124
E00124875,170,57,24,33,113,97,16,33.52941176470588,14.117647058823529,19.411764705882355,66.47058823529412,57.05882352941176,9.411764705882353
E00124876,165,54,19,35,111,97,14,32.72727272727273,11.515151515151516,21.21212121212121,67.27272727272727,58.78787878787879,8.484848484848486
E00124877,135,55,19,36,80,69,11,40.74074074074074,14.074074074074074,26.666666666666668,59.25925925925925,51.11111111111111,8.148148148148149
E00124878,95,42,16,26,53,49,4,44.21052631578947,16.842105263157894,27.368421052631582,55.78947368421052,51.578947368421055,4.2105263157894735
E00124879,166,52,26,26,114,100,14,31.32530120481928,15.66265060240964,15.66265060240964,68.67469879518072,60.24096385542169,8.433734939759036
E00124880,143,42,16,26,101,87,14,29.37062937062937,11.188811188811188,18.181818181818183,70.62937062937063,60.83916083916085,9.79020979020979
E00124881,309,80,28,52,229,191,38,25.88996763754045,9.06148867313916,16.828478964401295,74.11003236245955,61.81229773462783,12.297734627831716
E00124882,202,52,21,31,150,115,35,25.742574257425744,10.396039603960396,15.346534653465346,74.25742574257426,56.930693069306926,17.326732673267326
E00124883,237,48,17,31,189,162,27,20.253164556962027,7.172995780590717,13.080168776371309,79.74683544303798,68.35443037974683,11.39240506329114
E00124884,175,41,15,26,134,120,14,23.42857142857143,8.571428571428571,14.857142857142858,76.57142857142857,68.57142857142857,8
E00124885,146,42,21,21,104,86,18,28.767123287671232,14.383561643835616,14.383561643835616,71.23287671232876,58.9041095890411,12.32876712328767
E00124886,199,64,15,49,135,109,26,32.1608040201005,7.537688442211055,24.623115577889447,67.8391959798995,54.773869346733676,13.06532663316583
E00124887,167,41,13,28,126,108,18,24.550898203592812,7.784431137724551,16.766467065868262,75.44910179640718,64.67065868263472,10.778443113772456
E00124888,149,38,15,23,111,94,17,25.503355704697988,10.06711409395973,15.436241610738255,74.49664429530202,63.08724832214765,11.409395973154362
E00124889,227,68,23,45,159,135,24,29.955947136563875,10.13215859030837,19.823788546255507,70.04405286343612,59.471365638766514,10.572687224669604
E00124891,108,37,11,26,71,65,6,34.25925925925926,10.185185185185185,24.074074074074073,65.74074074074075,60.18518518518518,5.555555555555555
E00124892,135,40,14,26,95,80,15,29.629629629629626,10.37037037037037,19.25925925925926,70.37037037037037,59.25925925925925,11.11111111111111
E00124893,123,40,8,32,83,60,23,32.52032520325203,6.504065040650407,26.01626016260163,67.47967479674797,48.78048780487805,18.69918699186992
E00124894,227,59,19,40,168,133,35,25.991189427312776,8.370044052863436,17.62114537444934,74.00881057268722,58.590308370044056,15.418502202643172
E00124895,154,45,19,26,109,93,16,29.22077922077922,12.337662337662337,16.883116883116884,70.77922077922078,60.3896103896104,10.38961038961039
E00124896,162,53,20,33,109,90,19,32.71604938271605,12.345679012345679,20.37037037037037,67.28395061728395,55.55555555555556,11.728395061728394
E00124897,218,63,18,45,155,130,25,28.899082568807337,8.256880733944955,20.642201834862387,71.10091743119266,59.63302752293578,11.46788990825688
E00124898,110,31,10,21,79,71,8,28.18181818181818,9.090909090909092,19.090909090909093,71.81818181818181,64.54545454545455,7.2727272727272725
E00124899,129,35,14,21,94,81,13,27.131782945736433,10.852713178294573,16.27906976744186,72.86821705426357,62.7906976744186,10.077519379844961
E00124900,130,31,12,19,99,85,14,23.846153846153847,9.230769230769232,14.615384615384617,76.15384615384615,65.38461538461539,10.76923076923077
E00124901,108,32,12,20,76,64,12,29.629629629629626,11.11111111111111,18.51851851851852,70.37037037037037,59.25925925925925,11.11111111111111
E00124902,124,45,14,31,79,63,16,36.29032258064516,11.29032258064516,25,63.70967741935484,50.806451612903224,12.903225806451612
E00124903,102,27,13,14,75,58,17,26.47058823529412,12.745098039215685,13.725490196078432,73.52941176470588,56.86274509803921,16.666666666666664
E00124904,79,23,6,17,56,44,12,29.11392405063291,7.59493670886076,21.518987341772153,70.88607594936708,55.69620253164557,15.18987341772152
E00124905,131,45,18,27,86,78,8,34.35114503816794,13.740458015267176,20.610687022900763,65.64885496183206,59.541984732824424,6.106870229007633
E00124906,125,39,15,24,86,79,7,31.2,12,19.2,68.8,63.2,5.6000000000000005
E00124907,164,40,24,16,124,106,18,24.390243902439025,14.634146341463413,9.75609756097561,75.60975609756098,64.63414634146342,10.975609756097562
E00124908,116,33,11,22,83,74,9,28.448275862068968,9.482758620689655,18.96551724137931,71.55172413793103,63.793103448275865,7.758620689655173
E00124909,160,43,15,28,117,99,18,26.875,9.375,17.5,73.125,61.875,11.25
E00124910,167,53,12,41,114,100,14,31.736526946107784,7.18562874251497,24.550898203592812,68.26347305389223,59.88023952095808,8.383233532934131
E00124911,119,43,10,33,76,64,12,36.134453781512605,8.403361344537815,27.73109243697479,63.86554621848739,53.78151260504202,10.084033613445378
E00124912,150,44,17,27,106,90,16,29.333333333333332,11.333333333333332,18,70.66666666666667,60,10.666666666666668
E00124913,149,40,17,23,109,86,23,26.845637583892618,11.409395973154362,15.436241610738255,73.15436241610739,57.71812080536913,15.436241610738255
E00124914,33,16,3,13,17,15,2,48.484848484848484,9.090909090909092,39.39393939393939,51.515151515151516,45.45454545454545,6.0606060606060606
E00124915,174,45,15,30,129,114,15,25.862068965517242,8.620689655172415,17.24137931034483,74.13793103448276,65.51724137931035,8.620689655172415
E00124916,112,28,9,19,84,78,6,25,8.035714285714286,16.964285714285715,75,69.64285714285714,5.357142857142857
E00124917,144,42,21,21,102,90,12,29.166666666666668,14.583333333333334,14.583333333333334,70.83333333333334,62.5,8.333333333333332
E00124918,130,36,8,28,94,75,19,27.692307692307693,6.153846153846154,21.53846153846154,72.3076923076923,57.692307692307686,14.615384615384617
E00124919,109,28,8,20,81,68,13,25.688073394495415,7.339449541284404,18.34862385321101,74.31192660550458,62.38532110091744,11.926605504587156
E00124920,99,31,8,23,68,60,8,31.313131313131315,8.080808080808081,23.232323232323232,68.68686868686868,60.60606060606061,8.080808080808081
E00124921,141,40,9,31,101,75,26,28.368794326241137,6.382978723404255,21.98581560283688,71.63120567375887,53.191489361702125,18.439716312056735
E00124922,150,39,14,25,111,87,24,26,9.333333333333334,16.666666666666664,74,57.99999999999999,16
E00124923,128,41,16,25,87,63,24,32.03125,12.5,19.53125,67.96875,49.21875,18.75
E00124924,140,45,23,22,95,76,19,32.142857142857146,16.428571428571427,15.714285714285714,67.85714285714286,54.285714285714285,13.571428571428571
E00124925,135,30,5,25,105,90,15,22.22222222222222,3.7037037037037033,18.51851851851852,77.77777777777779,66.66666666666666,11.11111111111111
E00124926,171,57,16,41,114,98,16,33.33333333333333,9.35672514619883,23.976608187134502,66.66666666666666,57.30994152046783,9.35672514619883
E00124927,135,36,9,27,99,78,21,26.666666666666668,6.666666666666667,20,73.33333333333333,57.77777777777777,15.555555555555555
E00124928,88,25,6,19,63,58,5,28.40909090909091,6.8181818181818175,21.59090909090909,71.5909090909091,65.9090909090909,5.681818181818182
E00124929,109,35,15,20,74,54,20,32.11009174311927,13.761467889908257,18.34862385321101,67.88990825688074,49.54128440366973,18.34862385321101
E00124930,88,26,8,18,62,50,12,29.545454545454547,9.090909090909092,20.454545454545457,70.45454545454545,56.81818181818182,13.636363636363635
E00124931,81,27,8,19,54,43,11,33.33333333333333,9.876543209876543,23.456790123456788,66.66666666666666,53.086419753086425,13.580246913580247
E00124932,88,27,9,18,61,46,15,30.681818181818183,10.227272727272728,20.454545454545457,69.31818181818183,52.27272727272727,17.045454545454543
E00124933,79,23,12,11,56,51,5,29.11392405063291,15.18987341772152,13.924050632911392,70.88607594936708,64.55696202531645,6.329113924050633
E00124934,152,42,14,28,110,88,22,27.631578947368425,9.210526315789473,18.421052631578945,72.36842105263158,57.89473684210527,14.473684210526317
E00124935,161,46,16,30,115,93,22,28.57142857142857,9.937888198757763,18.633540372670808,71.42857142857143,57.7639751552795,13.664596273291925
E00124937,335,101,50,51,234,168,66,30.149253731343283,14.925373134328357,15.223880597014924,69.85074626865672,50.14925373134328,19.701492537313435
E00124939,103,20,10,10,83,73,10,19.41747572815534,9.70873786407767,9.70873786407767,80.58252427184466,70.87378640776699,9.70873786407767
E00124940,131,43,16,27,88,67,21,32.82442748091603,12.213740458015266,20.610687022900763,67.17557251908397,51.14503816793893,16.030534351145036
E00124941,184,48,12,36,136,119,17,26.08695652173913,6.521739130434782,19.565217391304348,73.91304347826086,64.67391304347827,9.239130434782608
E00124942,118,37,13,24,81,71,10,31.35593220338983,11.016949152542372,20.33898305084746,68.64406779661016,60.16949152542372,8.47457627118644
E00124943,107,37,13,24,70,57,13,34.57943925233645,12.149532710280374,22.429906542056074,65.42056074766354,53.271028037383175,12.149532710280374
E00124944,119,39,15,24,80,63,17,32.773109243697476,12.605042016806722,20.168067226890756,67.22689075630252,52.94117647058824,14.285714285714285
E00124945,69,22,11,11,47,34,13,31.88405797101449,15.942028985507244,15.942028985507244,68.11594202898551,49.275362318840585,18.84057971014493
E00124946,126,26,7,19,100,84,16,20.634920634920633,5.555555555555555,15.079365079365079,79.36507936507937,66.66666666666666,12.698412698412698
E00124947,137,47,11,36,90,77,13,34.306569343065696,8.02919708029197,26.277372262773724,65.69343065693431,56.20437956204379,9.48905109489051
E00124948,177,46,14,32,131,105,26,25.98870056497175,7.909604519774012,18.07909604519774,74.01129943502825,59.32203389830508,14.689265536723164
E00124949,160,42,17,25,118,89,29,26.25,10.625,15.625,73.75,55.625,18.125
E00124950,131,41,8,33,90,76,14,31.297709923664126,6.106870229007633,25.190839694656486,68.70229007633588,58.01526717557252,10.687022900763358
E00124951,138,46,21,25,92,76,16,33.33333333333333,15.217391304347828,18.115942028985508,66.66666666666666,55.072463768115945,11.594202898550725
E00124952,117,36,8,28,81,63,18,30.76923076923077,6.837606837606838,23.931623931623932,69.23076923076923,53.84615384615385,15.384615384615385
E00124953,141,50,19,31,91,76,15,35.46099290780142,13.47517730496454,21.98581560283688,64.53900709219859,53.90070921985816,10.638297872340425
E00124955,134,44,17,27,90,72,18,32.83582089552239,12.686567164179104,20.149253731343283,67.16417910447761,53.73134328358209,13.432835820895523
E00124956,240,59,22,37,181,144,37,24.583333333333332,9.166666666666666,15.416666666666668,75.41666666666667,60,15.416666666666668
E00124957,99,22,9,13,77,63,14,22.22222222222222,9.090909090909092,13.131313131313133,77.77777777777779,63.63636363636363,14.14141414141414
E00124959,113,27,10,17,86,66,20,23.893805309734514,8.849557522123893,15.04424778761062,76.10619469026548,58.4070796460177,17.699115044247787
E00124960,106,38,15,23,68,57,11,35.84905660377358,14.150943396226415,21.69811320754717,64.15094339622641,53.77358490566038,10.377358490566039
E00124962,243,60,29,31,183,143,40,24.691358024691358,11.934156378600823,12.757201646090536,75.30864197530865,58.8477366255144,16.46090534979424
E00124963,154,55,19,36,99,81,18,35.714285714285715,12.337662337662337,23.376623376623375,64.28571428571429,52.5974025974026,11.688311688311687
E00124964,99,26,13,13,73,61,12,26.262626262626267,13.131313131313133,13.131313131313133,73.73737373737373,61.61616161616161,12.121212121212121
E00124965,204,49,18,31,155,126,29,24.019607843137255,8.823529411764707,15.196078431372548,75.98039215686273,61.76470588235294,14.215686274509803
E00124966,92,30,11,19,62,49,13,32.608695652173914,11.956521739130435,20.652173913043477,67.3913043478261,53.2608695652174,14.130434782608695
E00124967,176,52,15,37,124,101,23,29.545454545454547,8.522727272727272,21.022727272727273,70.45454545454545,57.38636363636363,13.068181818181818
E00124968,174,48,10,38,126,105,21,27.586206896551722,5.747126436781609,21.839080459770116,72.41379310344827,60.3448275862069,12.068965517241379
E00124969,196,52,14,38,144,127,17,26.53061224489796,7.142857142857142,19.387755102040817,73.46938775510205,64.79591836734694,8.673469387755102
E00124970,203,58,20,38,145,114,31,28.57142857142857,9.852216748768473,18.7192118226601,71.42857142857143,56.15763546798029,15.270935960591133
E00124971,110,34,13,21,76,60,16,30.909090909090907,11.818181818181818,19.090909090909093,69.0909090909091,54.54545454545454,14.545454545454545
E00124972,175,46,11,35,129,97,32,26.285714285714285,6.2857142857142865,20,73.71428571428571,55.42857142857143,18.285714285714285
E00124973,175,49,23,26,126,94,32,28.000000000000004,13.142857142857142,14.857142857142858,72,53.714285714285715,18.285714285714285
E00124975,180,64,26,38,116,100,16,35.55555555555556,14.444444444444443,21.11111111111111,64.44444444444444,55.55555555555556,8.88888888888889
E00124976,67,15,7,8,52,43,9,22.388059701492537,10.44776119402985,11.940298507462686,77.61194029850746,64.17910447761194,13.432835820895523
E00124977,155,54,13,41,101,84,17,34.83870967741935,8.38709677419355,26.451612903225808,65.16129032258064,54.19354838709678,10.967741935483872
E00124978,152,43,17,26,109,94,15,28.289473684210524,11.18421052631579,17.105263157894736,71.71052631578947,61.8421052631579,9.868421052631579
E00124979,132,34,6,28,98,81,17,25.757575757575758,4.545454545454546,21.21212121212121,74.24242424242425,61.36363636363637,12.878787878787879
E00124980,159,53,11,42,106,94,12,33.33333333333333,6.918238993710692,26.41509433962264,66.66666666666666,59.11949685534591,7.547169811320755
E00124981,165,49,15,34,116,98,18,29.6969696969697,9.090909090909092,20.606060606060606,70.3030303030303,59.3939393939394,10.909090909090908
E00124982,191,53,17,36,138,101,37,27.748691099476442,8.900523560209423,18.848167539267017,72.25130890052355,52.879581151832454,19.3717277486911
E00124984,266,78,28,50,188,147,41,29.32330827067669,10.526315789473683,18.796992481203006,70.67669172932331,55.26315789473685,15.413533834586465
E00124985,123,35,9,26,88,74,14,28.455284552845526,7.317073170731707,21.138211382113823,71.54471544715447,60.16260162601627,11.38211382113821
E00124986,149,35,12,23,114,95,19,23.48993288590604,8.053691275167784,15.436241610738255,76.51006711409396,63.758389261744966,12.751677852348994
E00124987,141,39,9,30,102,80,22,27.659574468085108,6.382978723404255,21.27659574468085,72.3404255319149,56.73758865248227,15.602836879432624
E00124988,109,37,17,20,72,56,16,33.94495412844037,15.59633027522936,18.34862385321101,66.05504587155964,51.37614678899083,14.678899082568808
E00124989,139,41,8,33,98,83,15,29.496402877697843,5.755395683453238,23.741007194244602,70.50359712230215,59.71223021582733,10.79136690647482
E00124990,176,37,11,26,139,105,34,21.022727272727273,6.25,14.772727272727273,78.97727272727273,59.65909090909091,19.318181818181817
E00124991,190,68,27,41,122,95,27,35.78947368421053,14.210526315789473,21.578947368421055,64.21052631578948,50,14.210526315789473
E00124992,239,70,30,40,169,128,41,29.288702928870293,12.552301255230125,16.736401673640167,70.7112970711297,53.55648535564853,17.154811715481173
E00124993,152,37,17,20,115,96,19,24.342105263157894,11.18421052631579,13.157894736842104,75.6578947368421,63.1578947368421,12.5
E00124994,226,73,27,46,153,116,37,32.30088495575221,11.946902654867257,20.353982300884958,67.69911504424779,51.32743362831859,16.371681415929203
E00124995,125,36,14,22,89,62,27,28.799999999999997,11.200000000000001,17.599999999999998,71.2,49.6,21.6
E00124996,146,45,18,27,101,73,28,30.82191780821918,12.32876712328767,18.493150684931507,69.17808219178082,50,19.17808219178082
E00124997,88,38,15,23,50,43,7,43.18181818181818,17.045454545454543,26.136363636363637,56.81818181818182,48.86363636363637,7.954545454545454
E00124998,108,29,12,17,79,65,14,26.851851851851855,11.11111111111111,15.74074074074074,73.14814814814815,60.18518518518518,12.962962962962962
E00124999,81,28,9,19,53,35,18,34.5679012345679,11.11111111111111,23.456790123456788,65.4320987654321,43.20987654320987,22.22222222222222
E00125000,165,57,15,42,108,85,23,34.54545454545455,9.090909090909092,25.454545454545453,65.45454545454545,51.515151515151516,13.939393939393941
E00125001,167,51,15,36,116,91,25,30.538922155688624,8.982035928143713,21.55688622754491,69.46107784431138,54.49101796407185,14.97005988023952
E00125002,82,29,13,16,53,47,6,35.36585365853659,15.853658536585366,19.51219512195122,64.63414634146342,57.3170731707317,7.317073170731707
E00125003,76,28,10,18,48,38,10,36.84210526315789,13.157894736842104,23.684210526315788,63.1578947368421,50,13.157894736842104
E00125004,101,37,20,17,64,51,13,36.633663366336634,19.801980198019802,16.831683168316832,63.366336633663366,50.495049504950494,12.871287128712872
E00125005,135,46,19,27,89,69,20,34.074074074074076,14.074074074074074,20,65.92592592592592,51.11111111111111,14.814814814814813
E00125006,158,46,19,27,112,91,21,29.11392405063291,12.025316455696203,17.088607594936708,70.88607594936708,57.59493670886076,13.291139240506327
E00125007,159,54,12,42,105,87,18,33.9622641509434,7.547169811320755,26.41509433962264,66.0377358490566,54.71698113207547,11.320754716981133
E00125008,110,36,17,19,74,64,10,32.72727272727273,15.454545454545453,17.272727272727273,67.27272727272727,58.18181818181818,9.090909090909092
E00125009,121,35,14,21,86,74,12,28.92561983471074,11.570247933884298,17.355371900826448,71.07438016528926,61.15702479338842,9.917355371900827
E00125010,108,32,7,25,76,67,9,29.629629629629626,6.481481481481481,23.14814814814815,70.37037037037037,62.03703703703704,8.333333333333332
E00125011,172,45,14,31,127,104,23,26.16279069767442,8.13953488372093,18.023255813953487,73.83720930232558,60.46511627906976,13.372093023255813
E00125012,67,21,7,14,46,40,6,31.343283582089555,10.44776119402985,20.8955223880597,68.65671641791045,59.70149253731343,8.955223880597014
E00125013,96,31,12,19,65,55,10,32.29166666666667,12.5,19.791666666666664,67.70833333333334,57.291666666666664,10.416666666666668
E00125014,100,36,17,19,64,42,22,36,17,19,64,42,22
E00125015,115,36,11,25,79,65,14,31.30434782608696,9.565217391304348,21.73913043478261,68.69565217391305,56.52173913043478,12.173913043478262
E00125016,80,31,16,15,49,36,13,38.75,20,18.75,61.25000000000001,45,16.25
E00166797,188,58,17,41,130,97,33,30.851063829787233,9.042553191489363,21.808510638297875,69.14893617021278,51.59574468085106,17.5531914893617
E00166802,280,71,20,51,209,144,65,25.357142857142854,7.142857142857142,18.21428571428571,74.64285714285714,51.42857142857142,23.214285714285715
E00166804,104,27,6,21,77,60,17,25.961538461538463,5.769230769230769,20.192307692307693,74.03846153846155,57.692307692307686,16.346153846153847
E00166805,112,29,11,18,83,66,17,25.892857142857146,9.821428571428571,16.071428571428573,74.10714285714286,58.92857142857143,15.178571428571427
E00166807,171,35,6,29,136,111,25,20.46783625730994,3.508771929824561,16.95906432748538,79.53216374269006,64.91228070175438,14.619883040935672
E00166808,154,36,13,23,118,102,16,23.376623376623375,8.441558441558442,14.935064935064934,76.62337662337663,66.23376623376623,10.38961038961039
E00166810,145,26,9,17,119,90,29,17.93103448275862,6.206896551724138,11.724137931034482,82.06896551724138,62.06896551724138,20
E00166811,173,32,9,23,141,114,27,18.497109826589593,5.202312138728324,13.294797687861271,81.5028901734104,65.89595375722543,15.606936416184972
E00166814,164,42,13,29,122,97,25,25.609756097560975,7.926829268292683,17.682926829268293,74.39024390243902,59.14634146341463,15.24390243902439
E00166870,109,26,10,16,83,70,13,23.853211009174313,9.174311926605505,14.678899082568808,76.14678899082568,64.22018348623854,11.926605504587156
E00166872,340,95,28,67,245,193,52,27.941176470588236,8.235294117647058,19.705882352941178,72.05882352941177,56.76470588235294,15.294117647058824
E00166874,171,56,20,36,115,97,18,32.748538011695906,11.695906432748536,21.052631578947366,67.2514619883041,56.72514619883041,10.526315789473683
E00166875,201,47,18,29,154,120,34,23.383084577114428,8.955223880597014,14.427860696517413,76.61691542288557,59.70149253731343,16.91542288557214
E00166878,152,47,16,31,105,87,18,30.92105263157895,10.526315789473683,20.394736842105264,69.07894736842105,57.23684210526315,11.842105263157894
E00166880,209,58,13,45,151,121,30,27.751196172248804,6.220095693779904,21.5311004784689,72.24880382775119,57.89473684210527,14.354066985645932
E00166881,199,32,8,24,167,140,27,16.08040201005025,4.0201005025125625,12.060301507537687,83.91959798994975,70.35175879396985,13.5678391959799
E00166883,157,43,20,23,114,87,27,27.388535031847134,12.738853503184714,14.64968152866242,72.61146496815286,55.4140127388535,17.197452229299362
E00166884,219,58,23,35,161,135,26,26.48401826484018,10.50228310502283,15.981735159817351,73.51598173515981,61.64383561643836,11.87214611872146
E00166886,210,47,13,34,163,138,25,22.380952380952383,6.190476190476191,16.19047619047619,77.61904761904762,65.71428571428571,11.904761904761903
E00166888,259,42,18,24,217,179,38,16.216216216216218,6.94980694980695,9.266409266409266,83.78378378378379,69.1119691119691,14.671814671814673
E00166889,110,31,9,22,79,60,19,28.18181818181818,8.181818181818182,20,71.81818181818181,54.54545454545454,17.272727272727273
E00166891,142,21,7,14,121,96,25,14.788732394366196,4.929577464788732,9.859154929577464,85.2112676056338,67.6056338028169,17.6056338028169
E00166892,174,41,15,26,133,112,21,23.563218390804597,8.620689655172415,14.942528735632186,76.4367816091954,64.36781609195403,12.068965517241379
E00166894,167,48,19,29,119,105,14,28.74251497005988,11.377245508982035,17.365269461077844,71.25748502994011,62.874251497005986,8.383233532934131
E00166895,120,33,8,25,87,68,19,27.500000000000004,6.666666666666667,20.833333333333336,72.5,56.666666666666664,15.833333333333332
E00166897,194,54,20,34,140,111,29,27.835051546391753,10.309278350515463,17.525773195876287,72.16494845360825,57.21649484536082,14.948453608247423
E00166898,229,64,21,43,165,132,33,27.947598253275107,9.170305676855897,18.777292576419214,72.0524017467249,57.64192139737992,14.41048034934498
E00166900,213,56,21,35,157,130,27,26.291079812206576,9.859154929577464,16.431924882629108,73.70892018779342,61.03286384976526,12.676056338028168
E00166902,256,52,11,41,204,176,28,20.3125,4.296875,16.015625,79.6875,68.75,10.9375
E00166903,188,44,20,24,144,118,26,23.404255319148938,10.638297872340425,12.76595744680851,76.59574468085107,62.76595744680851,13.829787234042554
E00166905,132,17,6,11,115,96,19,12.878787878787879,4.545454545454546,8.333333333333332,87.12121212121212,72.72727272727273,14.393939393939394
E00166906,178,42,10,32,136,106,30,23.595505617977526,5.617977528089887,17.97752808988764,76.40449438202246,59.55056179775281,16.853932584269664
E00166908,265,65,16,49,200,167,33,24.528301886792452,6.037735849056604,18.49056603773585,75.47169811320755,63.0188679245283,12.452830188679245
E00166909,124,42,14,28,82,67,15,33.87096774193548,11.29032258064516,22.58064516129032,66.12903225806451,54.03225806451613,12.096774193548388
E00166911,212,51,19,32,161,137,24,24.056603773584907,8.962264150943396,15.09433962264151,75.94339622641509,64.62264150943396,11.320754716981133
E00166912,185,44,13,31,141,111,30,23.783783783783786,7.027027027027027,16.756756756756758,76.21621621621621,60,16.216216216216218
E00166914,144,40,14,26,104,86,18,27.77777777777778,9.722222222222223,18.055555555555554,72.22222222222221,59.72222222222222,12.5
E00166916,216,45,10,35,171,138,33,20.833333333333336,4.62962962962963,16.203703703703702,79.16666666666666,63.888888888888886,15.277777777777779
E00166917,108,30,11,19,78,62,16,27.77777777777778,10.185185185185185,17.59259259259259,72.22222222222221,57.407407407407405,14.814814814814813
E00166919,122,41,19,22,81,66,15,33.60655737704918,15.573770491803279,18.0327868852459,66.39344262295081,54.09836065573771,12.295081967213115
E00166920,125,43,11,32,82,68,14,34.4,8.799999999999999,25.6,65.60000000000001,54.400000000000006,11.200000000000001
E00189633,150,45,18,27,105,79,26,30,12,18,70,52.666666666666664,17.333333333333336
E00189637,167,37,17,20,130,109,21,22.15568862275449,10.179640718562874,11.976047904191617,77.84431137724552,65.26946107784431,12.574850299401197
E00189638,172,34,11,23,138,118,20,19.767441860465116,6.395348837209303,13.372093023255813,80.23255813953489,68.6046511627907,11.627906976744185
E00189641,115,39,7,32,76,62,14,33.91304347826087,6.086956521739131,27.82608695652174,66.08695652173913,53.91304347826087,12.173913043478262
E00189649,149,46,20,26,103,84,19,30.87248322147651,13.422818791946309,17.449664429530202,69.12751677852349,56.375838926174495,12.751677852348994
E00189650,209,84,47,37,125,83,42,40.19138755980861,22.48803827751196,17.703349282296653,59.80861244019139,39.71291866028708,20.095693779904305
E00189652,106,26,12,14,80,62,18,24.528301886792452,11.320754716981133,13.20754716981132,75.47169811320755,58.490566037735846,16.9811320754717
E00189654,190,56,19,37,134,112,22,29.47368421052631,10,19.473684210526315,70.52631578947368,58.94736842105262,11.578947368421053
E00189655,205,37,11,26,168,138,30,18.048780487804876,5.365853658536586,12.682926829268293,81.95121951219512,67.31707317073172,14.634146341463413
E00189657,164,40,14,26,124,97,27,24.390243902439025,8.536585365853659,15.853658536585366,75.60975609756098,59.14634146341463,16.463414634146343
E00189662,164,39,10,29,125,98,27,23.78048780487805,6.097560975609756,17.682926829268293,76.21951219512195,59.756097560975604,16.463414634146343
E00189667,223,61,18,43,162,133,29,27.3542600896861,8.071748878923767,19.282511210762333,72.6457399103139,59.64125560538116,13.004484304932735
E00189671,145,33,11,22,112,99,13,22.758620689655174,7.586206896551724,15.172413793103448,77.24137931034483,68.27586206896552,8.96551724137931
E00189677,77,30,6,24,47,42,5,38.961038961038966,7.792207792207792,31.16883116883117,61.038961038961034,54.54545454545454,6.493506493506493
E00189679,218,42,11,31,176,148,28,19.26605504587156,5.045871559633028,14.220183486238533,80.73394495412845,67.88990825688074,12.844036697247708
E00189697,124,24,8,16,100,76,24,19.35483870967742,6.451612903225806,12.903225806451612,80.64516129032258,61.29032258064516,19.35483870967742
E00189701,185,61,23,38,124,97,27,32.972972972972975,12.432432432432433,20.54054054054054,67.02702702702703,52.43243243243243,14.594594594594595
E00189704,93,26,10,16,67,45,22,27.956989247311824,10.75268817204301,17.20430107526882,72.04301075268818,48.38709677419355,23.655913978494624
E00189713,155,40,11,29,115,94,21,25.806451612903224,7.096774193548387,18.70967741935484,74.19354838709677,60.64516129032258,13.548387096774196
E00189717,122,24,5,19,98,75,23,19.672131147540984,4.098360655737705,15.573770491803279,80.32786885245902,61.47540983606557,18.852459016393443
E00189723,134,27,4,23,107,88,19,20.149253731343283,2.9850746268656714,17.16417910447761,79.8507462686567,65.67164179104478,14.17910447761194
E00189727,146,50,19,31,96,77,19,34.24657534246575,13.013698630136986,21.232876712328768,65.75342465753424,52.73972602739726,13.013698630136986
E00189728,191,44,14,30,147,112,35,23.036649214659686,7.329842931937172,15.706806282722512,76.96335078534031,58.63874345549738,18.32460732984293
E00189730,142,24,5,19,118,99,19,16.901408450704224,3.5211267605633805,13.380281690140844,83.09859154929578,69.71830985915493,13.380281690140844
E00189732,157,48,15,33,109,92,17,30.573248407643312,9.554140127388536,21.019108280254777,69.42675159235668,58.59872611464968,10.828025477707007
E00189733,183,40,8,32,143,125,18,21.85792349726776,4.371584699453552,17.48633879781421,78.14207650273224,68.30601092896174,9.836065573770492
E00189735,163,36,12,24,127,98,29,22.085889570552148,7.361963190184049,14.723926380368098,77.91411042944786,60.122699386503065,17.791411042944784
E00189737,178,39,13,26,139,117,22,21.910112359550563,7.303370786516854,14.606741573033707,78.08988764044943,65.73033707865169,12.359550561797752
E00189738,142,40,13,27,102,87,15,28.169014084507044,9.15492957746479,19.014084507042252,71.83098591549296,61.267605633802816,10.56338028169014
E00189740,186,39,9,30,147,114,33,20.967741935483872,4.838709677419355,16.129032258064516,79.03225806451613,61.29032258064516,17.741935483870968
E00189742,219,60,17,43,159,133,26,27.397260273972602,7.76255707762557,19.63470319634703,72.6027397260274,60.73059360730594,11.87214611872146
E00189745,175,14,2,12,161,143,18,8,1.1428571428571428,6.857142857142858,92,81.71428571428572,10.285714285714285
E00189748,174,38,4,34,136,121,15,21.839080459770116,2.2988505747126435,19.54022988505747,78.16091954022988,69.54022988505747,8.620689655172415
E00189752,156,46,16,30,110,85,25,29.48717948717949,10.256410256410255,19.230769230769234,70.51282051282051,54.48717948717948,16.025641025641026
E00189753,194,53,24,29,141,117,24,27.31958762886598,12.371134020618557,14.948453608247423,72.68041237113401,60.30927835051546,12.371134020618557
E00189756,201,40,11,29,161,134,27,19.900497512437813,5.472636815920398,14.427860696517413,80.09950248756219,66.66666666666666,13.432835820895523
E00189757,131,38,6,32,93,69,24,29.00763358778626,4.580152671755725,24.427480916030532,70.99236641221374,52.67175572519084,18.3206106870229
E00189762,182,47,12,35,135,113,22,25.82417582417583,6.593406593406594,19.230769230769234,74.17582417582418,62.08791208791209,12.087912087912088
E00189767,151,40,13,27,111,98,13,26.490066225165563,8.609271523178808,17.880794701986755,73.50993377483444,64.90066225165563,8.609271523178808
E00189769,145,35,11,24,110,90,20,24.137931034482758,7.586206896551724,16.551724137931036,75.86206896551724,62.06896551724138,13.793103448275861
E00189776,101,26,3,23,75,60,15,25.742574257425744,2.9702970297029703,22.772277227722775,74.25742574257426,59.4059405940594,14.85148514851485
E00189779,192,36,10,26,156,129,27,18.75,5.208333333333334,13.541666666666666,81.25,67.1875,14.0625
E00189784,132,47,15,32,85,78,7,35.60606060606061,11.363636363636363,24.242424242424242,64.39393939393939,59.09090909090909,5.303030303030303
E00189791,52,14,9,5,38,23,15,26.923076923076923,17.307692307692307,9.615384615384617,73.07692307692307,44.230769230769226,28.846153846153843
