OA,ts0380001,ts0380002,ts0380003,ts0380004,ts0380005,ts0380006,ts0380007,ts0380002_PCT,ts0380003_PCT,ts0380004_PCT,ts0380005_PCT,ts0380006_PCT,ts0380007_PCT
W00003947,247,28,12,16,219,12,207,11.336032388663968,4.8582995951417,6.477732793522267,88.66396761133603,4.8582995951417,83.80566801619433
W00003948,270,43,17,26,227,26,201,15.925925925925927,6.296296296296296,9.62962962962963,84.07407407407408,9.62962962962963,74.44444444444444
W00003949,212,26,10,16,186,14,172,12.264150943396226,4.716981132075472,7.547169811320755,87.73584905660378,6.60377358490566,81.13207547169812
W00003950,225,42,21,21,183,20,163,18.666666666666668,9.333333333333334,9.333333333333334,81.33333333333333,8.88888888888889,72.44444444444444
W00003951,274,38,15,23,236,13,223,13.86861313868613,5.474452554744526,8.394160583941606,86.13138686131386,4.744525547445255,81.38686131386861
W00003952,232,54,22,32,178,21,157,23.275862068965516,9.482758620689655,13.793103448275861,76.72413793103449,9.051724137931034,67.67241379310344
W00003953,316,60,21,39,256,32,224,18.9873417721519,6.6455696202531636,12.341772151898734,81.0126582278481,10.126582278481013,70.88607594936708
W00003954,313,51,23,28,262,24,238,16.293929712460063,7.348242811501597,8.945686900958465,83.70607028753993,7.667731629392971,76.03833865814697
W00003955,258,37,12,25,221,27,194,14.34108527131783,4.651162790697675,9.689922480620156,85.65891472868216,10.465116279069768,75.1937984496124
W00003956,322,37,12,25,285,21,264,11.490683229813664,3.7267080745341614,7.763975155279502,88.50931677018633,6.521739130434782,81.98757763975155
W00003957,125,24,13,11,101,13,88,19.2,10.4,8.799999999999999,80.80000000000001,10.4,70.39999999999999
W00003958,432,134,95,39,298,26,272,31.01851851851852,21.99074074074074,9.027777777777777,68.98148148148148,6.018518518518518,62.96296296296296
W00003960,387,114,69,45,273,15,258,29.457364341085274,17.829457364341085,11.627906976744185,70.54263565891473,3.875968992248062,66.66666666666666
W00003961,297,73,39,34,224,16,208,24.579124579124578,13.131313131313133,11.447811447811448,75.42087542087542,5.387205387205387,70.03367003367003
W00003962,246,75,38,37,171,13,158,30.48780487804878,15.447154471544716,15.040650406504067,69.51219512195121,5.284552845528456,64.22764227642277
W00003963,453,215,174,41,238,23,215,47.46136865342163,38.41059602649007,9.050772626931568,52.53863134657837,5.077262693156733,47.46136865342163
W00003964,275,72,30,42,203,14,189,26.181818181818183,10.909090909090908,15.272727272727273,73.81818181818181,5.090909090909091,68.72727272727272
W00003965,298,86,44,42,212,15,197,28.859060402684566,14.76510067114094,14.093959731543624,71.14093959731544,5.033557046979865,66.10738255033557
W00003966,289,72,37,35,217,19,198,24.91349480968858,12.802768166089965,12.110726643598616,75.08650519031141,6.5743944636678195,68.5121107266436
W00003967,232,61,34,27,171,16,155,26.29310344827586,14.655172413793101,11.637931034482758,73.70689655172413,6.896551724137931,66.8103448275862
W00003968,289,73,36,37,216,13,203,25.259515570934255,12.45674740484429,12.802768166089965,74.74048442906575,4.498269896193772,70.24221453287197
W00003969,269,81,50,31,188,16,172,30.111524163568777,18.587360594795538,11.524163568773234,69.88847583643123,5.947955390334572,63.94052044609665
W00003970,313,77,45,32,236,20,216,24.600638977635782,14.376996805111823,10.223642172523961,75.39936102236422,6.3897763578274756,69.00958466453673
W00003971,285,75,35,40,210,14,196,26.31578947368421,12.280701754385964,14.035087719298245,73.68421052631578,4.912280701754386,68.77192982456141
W00003972,334,93,45,48,241,15,226,27.844311377245507,13.47305389221557,14.37125748502994,72.15568862275448,4.491017964071856,67.66467065868264
W00003973,289,68,28,40,221,19,202,23.52941176470588,9.688581314878892,13.84083044982699,76.47058823529412,6.5743944636678195,69.8961937716263
W00003975,356,111,63,48,245,17,228,31.179775280898873,17.696629213483146,13.48314606741573,68.82022471910112,4.775280898876404,64.04494382022472
W00003976,250,70,49,21,180,12,168,28.000000000000004,19.6,8.4,72,4.8,67.2
W00003977,317,105,59,46,212,19,193,33.12302839116719,18.61198738170347,14.511041009463725,66.8769716088328,5.993690851735016,60.88328075709779
W00003978,261,54,21,33,207,11,196,20.689655172413794,8.045977011494253,12.643678160919542,79.3103448275862,4.21455938697318,75.09578544061303
W00003979,133,27,13,14,106,10,96,20.30075187969925,9.774436090225564,10.526315789473683,79.69924812030075,7.518796992481203,72.18045112781954
W00003980,132,61,36,25,71,8,63,46.21212121212121,27.27272727272727,18.939393939393938,53.78787878787878,6.0606060606060606,47.72727272727273
W00003981,151,65,43,22,86,11,75,43.04635761589404,28.47682119205298,14.56953642384106,56.95364238410596,7.28476821192053,49.668874172185426
W00003982,423,73,33,40,350,23,327,17.257683215130022,7.801418439716312,9.456264775413711,82.74231678486997,5.4373522458628845,77.30496453900709
W00003983,422,86,46,40,336,26,310,20.379146919431278,10.90047393364929,9.47867298578199,79.62085308056872,6.161137440758294,73.45971563981043
W00003984,380,83,39,44,297,22,275,21.842105263157897,10.263157894736842,11.578947368421053,78.15789473684211,5.7894736842105265,72.36842105263158
W00003986,300,95,63,32,205,14,191,31.666666666666664,21,10.666666666666668,68.33333333333333,4.666666666666667,63.66666666666667
W00003987,243,52,23,29,191,9,182,21.39917695473251,9.465020576131687,11.934156378600823,78.60082304526749,3.7037037037037033,74.8971193415638
W00003988,425,98,41,57,327,24,303,23.058823529411764,9.647058823529411,13.411764705882353,76.94117647058823,5.647058823529412,71.29411764705881
W00003989,430,74,27,47,356,20,336,17.209302325581397,6.279069767441861,10.930232558139535,82.7906976744186,4.651162790697675,78.13953488372093
W00003990,243,83,43,40,160,15,145,34.15637860082305,17.695473251028808,16.46090534979424,65.84362139917695,6.172839506172839,59.67078189300411
W00003991,255,35,16,19,220,18,202,13.725490196078432,6.2745098039215685,7.450980392156863,86.27450980392157,7.0588235294117645,79.2156862745098
W00003992,166,80,44,36,86,10,76,48.19277108433735,26.506024096385545,21.686746987951807,51.80722891566265,6.024096385542169,45.78313253012048
W00003993,211,40,15,25,171,15,156,18.95734597156398,7.109004739336493,11.848341232227488,81.04265402843602,7.109004739336493,73.93364928909952
W00003995,226,99,58,41,127,9,118,43.80530973451327,25.663716814159294,18.141592920353983,56.19469026548673,3.982300884955752,52.21238938053098
W00003996,229,74,39,35,155,15,140,32.314410480349345,17.03056768558952,15.283842794759824,67.68558951965066,6.550218340611353,61.135371179039296
W00003997,544,185,72,113,359,51,308,34.00735294117647,13.23529411764706,20.772058823529413,65.99264705882352,9.375,56.61764705882353
W00003998,296,109,60,49,187,22,165,36.82432432432432,20.27027027027027,16.554054054054053,63.17567567567568,7.4324324324324325,55.74324324324324
W00003999,235,43,19,24,192,12,180,18.29787234042553,8.085106382978724,10.212765957446807,81.70212765957446,5.106382978723404,76.59574468085107
W00004001,251,81,54,27,170,9,161,32.27091633466135,21.51394422310757,10.756972111553784,67.729083665338635,3.5856573705179287,64.14342629482071
W00004002,237,74,33,41,163,4,159,31.223628691983123,13.924050632911392,17.29957805907173,68.77637130801688,1.6877637130801686,67.08860759493672
W00004003,253,75,36,39,178,11,167,29.64426877470356,14.229249011857709,15.41501976284585,70.35573122529645,4.3478260869565215,66.00790513833992
W00004004,507,184,111,73,323,19,304,36.29191321499014,21.893491124260358,14.398422090729785,63.70808678500987,3.7475345167652856,59.96055226824457
W00004005,213,59,34,25,154,9,145,27.699530516431924,15.96244131455399,11.737089201877934,72.30046948356808,4.225352112676056,68.07511737089203
W00004006,200,69,41,28,131,18,113,34.5,20.5,14.000000000000002,65.5,9,56.49999999999999
W00004007,302,60,29,31,242,13,229,19.867549668874172,9.602649006622517,10.264900662251655,80.13245033112582,4.304635761589404,75.82781456953643
W00004008,200,47,34,13,153,12,141,23.5,17,6.5,76.5,6,70.5
W00004010,215,54,30,24,161,9,152,25.116279069767444,13.953488372093023,11.162790697674419,74.88372093023256,4.186046511627907,70.69767441860465
W00004011,137,62,39,23,75,0,75,45.25547445255474,28.467153284671532,16.78832116788321,54.74452554744526,0,54.74452554744526
W00004012,175,64,36,28,111,8,103,36.57142857142857,20.57142857142857,16,63.42857142857142,4.571428571428571,58.857142857142854
W00004013,244,56,25,31,188,19,169,22.950819672131146,10.245901639344263,12.704918032786885,77.04918032786885,7.786885245901639,69.26229508196722
W00004014,256,150,103,47,106,10,96,58.59375,40.234375,18.359375,41.40625,3.90625,37.5
W00004015,232,60,30,30,172,14,158,25.862068965517242,12.931034482758621,12.931034482758621,74.13793103448276,6.0344827586206895,68.10344827586206
W00004016,238,68,37,31,170,20,150,28.57142857142857,15.546218487394958,13.025210084033615,71.42857142857143,8.403361344537815,63.02521008403361
W00004017,234,50,19,31,184,11,173,21.367521367521366,8.11965811965812,13.247863247863249,78.63247863247864,4.700854700854701,73.93162393162393
W00004018,388,83,32,51,305,25,280,21.391752577319586,8.24742268041237,13.144329896907218,78.6082474226804,6.443298969072164,72.16494845360825
W00004019,277,69,27,42,208,17,191,24.90974729241877,9.747292418772563,15.162454873646208,75.09025270758123,6.137184115523466,68.95306859205776
W00004020,291,59,29,30,232,24,208,20.274914089347078,9.965635738831615,10.309278350515463,79.72508591065292,8.24742268041237,71.47766323024055
W00004021,274,49,21,28,225,12,213,17.88321167883212,7.664233576642336,10.218978102189782,82.11678832116789,4.37956204379562,77.73722627737226
W00004022,245,48,19,29,197,17,180,19.591836734693878,7.755102040816326,11.83673469387755,80.40816326530611,6.938775510204081,73.46938775510205
W00004023,188,57,35,22,131,17,114,30.319148936170215,18.617021276595743,11.702127659574469,69.68085106382979,9.042553191489363,60.63829787234043
W00004025,248,64,42,22,184,23,161,25.806451612903224,16.93548387096774,8.870967741935484,74.19354838709677,9.274193548387096,64.91935483870968
W00004026,190,51,29,22,139,11,128,26.842105263157894,15.263157894736842,11.578947368421053,73.15789473684211,5.7894736842105265,67.36842105263158
W00004027,375,78,30,48,297,28,269,20.8,8,12.8,79.2,7.466666666666668,71.73333333333333
W00004028,415,57,20,37,358,20,338,13.734939759036143,4.819277108433735,8.91566265060241,86.26506024096385,4.819277108433735,81.44578313253012
W00004030,357,60,26,34,297,12,285,16.80672268907563,7.282913165266107,9.523809523809524,83.19327731092437,3.361344537815126,79.83193277310924
W00004031,346,72,40,32,274,32,242,20.809248554913296,11.560693641618498,9.248554913294797,79.1907514450867,9.248554913294797,69.94219653179191
W00004032,346,61,27,34,285,21,264,17.63005780346821,7.803468208092486,9.826589595375722,82.36994219653178,6.069364161849711,76.30057803468208
W00004033,441,101,57,44,340,37,303,22.90249433106576,12.925170068027212,9.977324263038549,77.09750566893425,8.390022675736962,68.70748299319727
W00004034,307,91,45,46,216,15,201,29.64169381107492,14.65798045602606,14.983713355048861,70.35830618892508,4.88599348534202,65.47231270358306
W00004035,309,75,38,37,234,24,210,24.271844660194176,12.297734627831716,11.974110032362459,75.72815533980582,7.766990291262135,67.96116504854369
W00004036,284,66,34,32,218,20,198,23.239436619718308,11.971830985915492,11.267605633802818,76.76056338028168,7.042253521126761,69.71830985915493
W00004037,278,62,29,33,216,19,197,22.302158273381295,10.431654676258994,11.870503597122301,77.6978417266187,6.83453237410072,70.86330935251799
W00004038,237,72,35,37,165,9,156,30.37974683544304,14.767932489451477,15.611814345991561,69.62025316455697,3.79746835443038,65.82278481012658
W00004039,194,48,23,25,146,8,138,24.742268041237114,11.855670103092782,12.886597938144329,75.25773195876289,4.123711340206185,71.1340206185567
W00004040,322,86,52,34,236,7,229,26.70807453416149,16.149068322981368,10.559006211180124,73.29192546583852,2.1739130434782608,71.11801242236024
W00004041,274,73,37,36,201,19,182,26.642335766423358,13.503649635036496,13.138686131386862,73.35766423357664,6.934306569343065,66.42335766423358
W00004042,283,84,51,33,199,12,187,29.681978798586574,18.021201413427562,11.66077738515901,70.31802120141343,4.240282685512367,66.07773851590106
W00004043,350,73,35,38,277,32,245,20.857142857142858,10,10.857142857142858,79.14285714285715,9.142857142857142,70
W00004044,336,104,49,55,232,26,206,30.952380952380953,14.583333333333334,16.36904761904762,69.04761904761905,7.738095238095238,61.30952380952381
W00004045,304,80,39,41,224,19,205,26.31578947368421,12.828947368421053,13.486842105263158,73.68421052631578,6.25,67.43421052631578
W00004046,260,66,23,43,194,20,174,25.384615384615383,8.846153846153847,16.538461538461537,74.61538461538461,7.6923076923076925,66.92307692307692
W00004047,286,76,41,35,210,16,194,26.573426573426573,14.335664335664337,12.237762237762238,73.42657342657343,5.594405594405594,67.83216783216784
W00004048,191,87,61,26,104,17,87,45.54973821989529,31.93717277486911,13.612565445026178,54.45026178010471,8.900523560209423,45.54973821989529
W00004049,313,102,56,46,211,7,204,32.587859424920126,17.89137380191693,14.696485623003195,67.41214057507987,2.2364217252396164,65.17571884984025
W00004050,299,72,36,36,227,31,196,24.08026755852843,12.040133779264215,12.040133779264215,75.91973244147158,10.367892976588628,65.55183946488295
W00004051,229,63,38,25,166,10,156,27.510917030567683,16.593886462882097,10.91703056768559,72.48908296943232,4.366812227074235,68.12227074235808
W00004052,252,29,11,18,223,32,191,11.507936507936508,4.365079365079365,7.142857142857142,88.4920634920635,12.698412698412698,75.79365079365078
W00004053,249,54,26,28,195,16,179,21.686746987951807,10.441767068273093,11.244979919678714,78.3132530120482,6.425702811244979,71.8875502008032
W00004054,260,56,28,28,204,23,181,21.53846153846154,10.76923076923077,10.76923076923077,78.46153846153847,8.846153846153847,69.61538461538461
W00004055,275,66,28,38,209,17,192,24,10.181818181818182,13.818181818181818,76,6.181818181818182,69.81818181818183
W00004056,240,64,37,27,176,15,161,26.666666666666668,15.416666666666668,11.25,73.33333333333333,6.25,67.08333333333333
W00004057,308,100,61,39,208,13,195,32.467532467532465,19.805194805194805,12.662337662337661,67.53246753246754,4.220779220779221,63.31168831168831
W00004058,346,104,51,53,242,14,228,30.057803468208093,14.739884393063585,15.31791907514451,69.94219653179191,4.046242774566474,65.89595375722543
W00004059,291,57,22,35,234,13,221,19.587628865979383,7.560137457044673,12.027491408934708,80.41237113402062,4.4673539518900345,75.94501718213058
W00004060,279,45,16,29,234,21,213,16.129032258064516,5.734767025089606,10.39426523297491,83.87096774193549,7.526881720430108,76.34408602150538
W00004061,268,53,25,28,215,13,202,19.776119402985074,9.328358208955224,10.44776119402985,80.22388059701493,4.850746268656716,75.3731343283582
W00004062,335,93,54,39,242,14,228,27.761194029850746,16.119402985074625,11.641791044776118,72.23880597014926,4.179104477611941,68.05970149253731
W00004063,257,75,45,30,182,17,165,29.18287937743191,17.509727626459142,11.673151750972762,70.8171206225681,6.614785992217899,64.2023346303502
W00004064,291,63,20,43,228,15,213,21.649484536082475,6.872852233676976,14.776632302405499,78.35051546391753,5.154639175257731,73.19587628865979
W00004065,336,74,36,38,262,14,248,22.023809523809522,10.714285714285714,11.30952380952381,77.97619047619048,4.166666666666666,73.80952380952381
W00004066,188,66,41,25,122,7,115,35.1063829787234,21.808510638297875,13.297872340425531,64.8936170212766,3.723404255319149,61.170212765957444
W00004067,309,98,60,38,211,19,192,31.715210355987054,19.41747572815534,12.297734627831716,68.28478964401295,6.148867313915858,62.13592233009708
W00004068,143,70,34,36,73,6,67,48.95104895104895,23.776223776223777,25.174825174825177,51.048951048951054,4.195804195804196,46.85314685314685
W00004069,175,62,48,14,113,11,102,35.42857142857142,27.42857142857143,8,64.57142857142857,6.2857142857142865,58.285714285714285
W00004070,263,61,33,28,202,13,189,23.193916349809886,12.547528517110266,10.646387832699618,76.80608365019012,4.942965779467681,71.86311787072243
W00004072,282,61,29,32,221,18,203,21.631205673758867,10.28368794326241,11.347517730496454,78.36879432624113,6.382978723404255,71.98581560283688
W00004073,548,118,59,59,430,35,395,21.532846715328464,10.766423357664232,10.766423357664232,78.46715328467153,6.3868613138686134,72.08029197080292
W00004074,238,62,25,37,176,12,164,26.05042016806723,10.504201680672269,15.546218487394958,73.94957983193278,5.042016806722689,68.90756302521008
W00004075,549,108,48,60,441,37,404,19.672131147540984,8.743169398907105,10.92896174863388,80.32786885245902,6.739526411657559,73.58834244080145
W00004076,269,55,31,24,214,14,200,20.44609665427509,11.524163568773234,8.921933085501859,79.5539033457249,5.204460966542751,74.34944237918215
W00004077,252,63,42,21,189,17,172,25,16.666666666666664,8.333333333333332,75,6.746031746031746,68.25396825396825
W00004078,427,95,50,45,332,32,300,22.24824355971897,11.7096018735363,10.53864168618267,77.75175644028103,7.494145199063232,70.2576112412178
W00004079,341,68,37,31,273,34,239,19.941348973607038,10.850439882697946,9.090909090909092,80.05865102639295,9.970674486803519,70.08797653958945
W00004080,252,60,27,33,192,11,181,23.809523809523807,10.714285714285714,13.095238095238097,76.19047619047619,4.365079365079365,71.82539682539682
W00004081,286,37,13,24,249,20,229,12.937062937062937,4.545454545454546,8.391608391608392,87.06293706293707,6.993006993006993,80.06993006993007
W00004082,365,104,61,43,261,17,244,28.493150684931507,16.71232876712329,11.78082191780822,71.5068493150685,4.657534246575342,66.84931506849315
W00004083,268,73,30,43,195,11,184,27.238805970149254,11.194029850746269,16.044776119402986,72.76119402985076,4.104477611940299,68.65671641791045
W00004084,303,72,42,30,231,15,216,23.762376237623762,13.861386138613863,9.900990099009901,76.23762376237624,4.9504950495049505,71.28712871287128
W00004085,379,101,48,53,278,21,257,26.649076517150394,12.66490765171504,13.984168865435356,73.35092348284961,5.540897097625329,67.81002638522428
W00004086,284,70,36,34,214,15,199,24.647887323943664,12.676056338028168,11.971830985915492,75.35211267605634,5.28169014084507,70.07042253521126
W00004087,222,73,41,32,149,14,135,32.88288288288289,18.46846846846847,14.414414414414415,67.11711711711712,6.306306306306306,60.810810810810814
W00004088,328,71,36,35,257,21,236,21.646341463414632,10.975609756097562,10.670731707317072,78.35365853658537,6.402439024390244,71.95121951219512
W00004089,266,72,44,28,194,10,184,27.06766917293233,16.541353383458645,10.526315789473683,72.93233082706767,3.7593984962406015,69.17293233082707
W00004090,353,69,38,31,284,21,263,19.54674220963173,10.764872521246458,8.78186968838527,80.45325779036827,5.94900849858357,74.5042492917847
W00004091,243,117,66,51,126,15,111,48.148148148148145,27.160493827160494,20.98765432098765,51.85185185185185,6.172839506172839,45.67901234567901
W00004092,242,79,47,32,163,14,149,32.64462809917356,19.421487603305785,13.223140495867769,67.35537190082644,5.785123966942149,61.57024793388429
W00004093,341,94,56,38,247,21,226,27.56598240469208,16.422287390029325,11.143695014662756,72.43401759530792,6.158357771260997,66.27565982404691
W00004094,192,64,32,32,128,8,120,33.33333333333333,16.666666666666664,16.666666666666664,66.66666666666666,4.166666666666666,62.5
W00004095,234,81,45,36,153,11,142,34.61538461538461,19.230769230769234,15.384615384615385,65.38461538461539,4.700854700854701,60.68376068376068
W00004096,326,74,38,36,252,17,235,22.699386503067483,11.65644171779141,11.042944785276074,77.30061349693251,5.214723926380368,72.08588957055214
W00004097,345,102,65,37,243,22,221,29.565217391304348,18.84057971014493,10.72463768115942,70.43478260869566,6.3768115942028984,64.05797101449275
W00004098,303,77,28,49,226,17,209,25.412541254125415,9.24092409240924,16.17161716171617,74.58745874587459,5.6105610561056105,68.97689768976898
W00004099,282,55,33,22,227,20,207,19.50354609929078,11.702127659574469,7.801418439716312,80.49645390070921,7.092198581560284,73.40425531914893
W00004100,318,109,74,35,209,22,187,34.276729559748425,23.270440251572328,11.0062893081761,65.72327044025157,6.918238993710692,58.80503144654088
W00004101,333,70,31,39,263,19,244,21.02102102102102,9.30930930930931,11.711711711711711,78.97897897897897,5.7057057057057055,73.27327327327328
W00004102,221,61,32,29,160,9,151,27.601809954751133,14.479638009049776,13.122171945701359,72.39819004524887,4.072398190045249,68.32579185520362
W00004103,308,64,37,27,244,20,224,20.77922077922078,12.012987012987013,8.766233766233766,79.22077922077922,6.493506493506493,72.72727272727273
W00004104,297,76,35,41,221,12,209,25.589225589225588,11.784511784511785,13.804713804713806,74.41077441077442,4.040404040404041,70.37037037037037
W00004105,349,60,35,25,289,34,255,17.191977077363894,10.028653295128938,7.163323782234957,82.8080229226361,9.742120343839542,73.06590257879655
W00004106,224,52,28,24,172,14,158,23.214285714285715,12.5,10.714285714285714,76.78571428571429,6.25,70.53571428571429
W00004107,278,64,25,39,214,13,201,23.021582733812952,8.992805755395683,14.028776978417264,76.97841726618705,4.676258992805756,72.3021582733813
W00004108,338,69,31,38,269,19,250,20.414201183431953,9.171597633136095,11.242603550295858,79.58579881656804,5.621301775147929,73.96449704142012
W00004109,308,68,26,42,240,22,218,22.07792207792208,8.441558441558442,13.636363636363635,77.92207792207793,7.142857142857142,70.77922077922078
W00004110,293,56,23,33,237,13,224,19.112627986348123,7.849829351535837,11.262798634812286,80.88737201365188,4.436860068259386,76.45051194539249
W00004111,299,92,55,37,207,18,189,30.76923076923077,18.394648829431436,12.37458193979933,69.23076923076923,6.0200668896321075,63.21070234113713
W00004112,288,54,18,36,234,30,204,18.75,6.25,12.5,81.25,10.416666666666668,70.83333333333334
W00004113,271,44,22,22,227,19,208,16.236162361623617,8.118081180811808,8.118081180811808,83.76383763837639,7.011070110701106,76.75276752767527
W00004114,248,64,38,26,184,12,172,25.806451612903224,15.32258064516129,10.483870967741936,74.19354838709677,4.838709677419355,69.35483870967742
W00004115,258,50,36,14,208,9,199,19.379844961240313,13.953488372093023,5.426356589147287,80.62015503875969,3.488372093023256,77.13178294573643
W00004116,278,73,37,36,205,32,173,26.258992805755394,13.309352517985612,12.949640287769784,73.7410071942446,11.510791366906476,62.23021582733813
W00004117,311,51,24,27,260,11,249,16.39871382636656,7.717041800643088,8.681672025723474,83.60128617363344,3.536977491961415,80.06430868167203
W00004118,252,55,27,28,197,12,185,21.825396825396826,10.714285714285714,11.11111111111111,78.17460317460318,4.761904761904762,73.4126984126984
W00004119,224,72,40,32,152,20,132,32.142857142857146,17.857142857142858,14.285714285714285,67.85714285714286,8.928571428571429,58.92857142857143
W00004120,309,64,34,30,245,17,228,20.711974110032365,11.003236245954692,9.70873786407767,79.28802588996764,5.501618122977346,73.7864077669903
W00004121,240,51,27,24,189,10,179,21.25,11.25,10,78.75,4.166666666666666,74.58333333333333
W00004122,301,63,24,39,238,20,218,20.930232558139537,7.973421926910299,12.956810631229235,79.06976744186046,6.64451827242525,72.42524916943522
W00004123,198,76,54,22,122,5,117,38.38383838383838,27.27272727272727,11.11111111111111,61.61616161616161,2.525252525252525,59.09090909090909
W00004124,202,68,45,23,134,4,130,33.663366336633665,22.277227722772277,11.386138613861387,66.33663366336634,1.9801980198019802,64.35643564356435
W00004125,247,47,18,29,200,17,183,19.02834008097166,7.28744939271255,11.740890688259109,80.97165991902834,6.882591093117409,74.08906882591093
W00004126,263,36,16,20,227,17,210,13.688212927756654,6.083650190114068,7.604562737642586,86.31178707224335,6.4638783269961975,79.84790874524715
W00004127,290,53,24,29,237,21,216,18.275862068965516,8.275862068965518,10,81.72413793103448,7.241379310344828,74.48275862068967
W00004128,238,40,23,17,198,19,179,16.80672268907563,9.663865546218489,7.142857142857142,83.19327731092437,7.9831932773109235,75.21008403361344
W00004129,325,54,25,29,271,27,244,16.615384615384617,7.6923076923076925,8.923076923076923,83.38461538461537,8.307692307692308,75.07692307692308
W00004130,279,64,20,44,215,20,195,22.939068100358423,7.168458781362006,15.770609318996415,77.06093189964157,7.168458781362006,69.89247311827957
W00004131,321,73,26,47,248,26,222,22.741433021806852,8.09968847352025,14.641744548286603,77.25856697819314,8.09968847352025,69.1588785046729
W00004132,246,72,30,42,174,18,156,29.268292682926827,12.195121951219512,17.073170731707318,70.73170731707317,7.317073170731707,63.41463414634146
W00004133,291,64,23,41,227,19,208,21.993127147766323,7.903780068728522,14.0893470790378,78.00687285223368,6.529209621993128,71.47766323024055
W00004134,284,62,21,41,222,14,208,21.830985915492956,7.394366197183098,14.43661971830986,78.16901408450704,4.929577464788732,73.23943661971832
W00004135,332,55,20,35,277,18,259,16.566265060240966,6.024096385542169,10.542168674698797,83.43373493975903,5.421686746987952,78.01204819277109
W00004136,288,52,29,23,236,23,213,18.055555555555554,10.069444444444445,7.986111111111111,81.94444444444444,7.986111111111111,73.95833333333334
W00004137,312,62,32,30,250,22,228,19.871794871794872,10.256410256410255,9.615384615384617,80.12820512820514,7.051282051282051,73.07692307692307
W00004138,262,66,29,37,196,18,178,25.190839694656486,11.068702290076336,14.122137404580155,74.80916030534351,6.870229007633588,67.93893129770993
W00004139,290,61,24,37,229,24,205,21.03448275862069,8.275862068965518,12.758620689655173,78.96551724137932,8.275862068965518,70.6896551724138
W00004140,360,63,30,33,297,23,274,17.5,8.333333333333332,9.166666666666666,82.5,6.388888888888888,76.11111111111111
W00004141,272,41,16,25,231,30,201,15.073529411764705,5.88235294117647,9.191176470588236,84.92647058823529,11.029411764705882,73.89705882352942
W00004142,322,36,18,18,286,29,257,11.180124223602485,5.590062111801243,5.590062111801243,88.81987577639751,9.006211180124224,79.8136645962733
W00004143,358,52,25,27,306,41,265,14.52513966480447,6.983240223463687,7.5418994413407825,85.47486033519553,11.452513966480447,74.02234636871509
W00004144,166,52,31,21,114,7,107,31.32530120481928,18.67469879518072,12.650602409638553,68.67469879518072,4.216867469879518,64.45783132530121
W00004145,386,68,30,38,318,26,292,17.616580310880828,7.772020725388601,9.844559585492227,82.38341968911918,6.7357512953367875,75.64766839378238
W00004146,308,77,39,38,231,15,216,25,12.662337662337661,12.337662337662337,75,4.870129870129871,70.12987012987013
W00004147,363,62,26,36,301,27,274,17.079889807162534,7.162534435261708,9.917355371900827,82.92011019283747,7.43801652892562,75.48209366391184
W00004148,245,67,28,39,178,25,153,27.346938775510203,11.428571428571429,15.918367346938775,72.6530612244898,10.204081632653061,62.44897959183674
W00004149,274,105,64,41,169,13,156,38.32116788321168,23.357664233576642,14.963503649635038,61.67883211678832,4.744525547445255,56.934306569343065
W00004150,237,72,41,31,165,16,149,30.37974683544304,17.29957805907173,13.080168776371309,69.62025316455697,6.751054852320674,62.869198312236286
W00004151,299,67,30,37,232,27,205,22.40802675585284,10.033444816053512,12.37458193979933,77.59197324414716,9.03010033444816,68.56187290969899
W00004152,310,73,32,41,237,22,215,23.548387096774192,10.32258064516129,13.225806451612904,76.45161290322581,7.096774193548387,69.35483870967742
W00004153,406,95,46,49,311,21,290,23.39901477832512,11.330049261083744,12.068965517241379,76.60098522167488,5.172413793103448,71.42857142857143
W00004154,401,131,73,58,270,22,248,32.66832917705736,18.204488778054863,14.463840399002494,67.33167082294264,5.486284289276807,61.84538653366584
W00004155,196,76,49,27,120,15,105,38.775510204081634,25,13.77551020408163,61.224489795918366,7.653061224489796,53.57142857142857
W00004157,495,109,59,50,386,45,341,22.02020202020202,11.91919191919192,10.1010101010101,77.97979797979798,9.090909090909092,68.88888888888889
W00004158,314,81,40,41,233,16,217,25.796178343949045,12.738853503184714,13.05732484076433,74.20382165605095,5.095541401273886,69.10828025477707
W00004159,365,67,34,33,298,21,277,18.356164383561644,9.315068493150685,9.04109589041096,81.64383561643835,5.7534246575342465,75.89041095890411
W00004160,149,23,9,14,126,10,116,15.436241610738255,6.0402684563758395,9.395973154362416,84.56375838926175,6.7114093959731544,77.85234899328859
W00004161,318,69,42,27,249,26,223,21.69811320754717,13.20754716981132,8.49056603773585,78.30188679245283,8.176100628930817,70.12578616352201
W00004162,337,44,19,25,293,34,259,13.056379821958458,5.637982195845697,7.418397626112759,86.94362017804154,10.089020771513352,76.8545994065282
W00004163,450,96,54,42,354,30,324,21.333333333333336,12,9.333333333333334,78.66666666666666,6.666666666666667,72
W00004164,251,49,18,31,202,17,185,19.52191235059761,7.171314741035857,12.350597609561753,80.47808764940238,6.772908366533864,73.70517928286853
W00004165,305,59,25,34,246,22,224,19.34426229508197,8.19672131147541,11.147540983606557,80.65573770491802,7.213114754098362,73.44262295081967
W00004166,356,68,26,42,288,30,258,19.101123595505616,7.303370786516854,11.797752808988763,80.89887640449437,8.426966292134832,72.47191011235955
W00004167,213,35,16,19,178,19,159,16.431924882629108,7.511737089201878,8.92018779342723,83.56807511737088,8.92018779342723,74.64788732394366
W00004168,392,70,29,41,322,20,302,17.857142857142858,7.3979591836734695,10.459183673469388,82.14285714285714,5.1020408163265305,77.04081632653062
W00004169,412,54,24,30,358,44,314,13.106796116504855,5.825242718446602,7.281553398058252,86.89320388349515,10.679611650485436,76.2135922330097
W00004170,214,43,20,23,171,11,160,20.093457943925234,9.345794392523365,10.74766355140187,79.90654205607477,5.14018691588785,74.76635514018692
W00004171,308,71,30,41,237,19,218,23.051948051948052,9.740259740259742,13.311688311688311,76.94805194805194,6.1688311688311686,70.77922077922078
W00004172,360,68,27,41,292,25,267,18.88888888888889,7.5,11.38888888888889,81.11111111111111,6.944444444444445,74.16666666666667
W00004173,180,50,22,28,130,10,120,27.77777777777778,12.222222222222221,15.555555555555555,72.22222222222221,5.555555555555555,66.66666666666666
W00004174,310,64,30,34,246,24,222,20.64516129032258,9.67741935483871,10.967741935483872,79.35483870967742,7.741935483870968,71.61290322580646
W00004175,269,47,23,24,222,22,200,17.472118959107807,8.550185873605948,8.921933085501859,82.5278810408922,8.178438661710038,74.34944237918215
W00004176,390,74,31,43,316,26,290,18.974358974358974,7.948717948717948,11.025641025641026,81.02564102564102,6.666666666666667,74.35897435897436
W00004177,332,48,24,24,284,19,265,14.457831325301203,7.228915662650602,7.228915662650602,85.54216867469879,5.72289156626506,79.81927710843374
W00004178,303,69,24,45,234,34,200,22.772277227722775,7.920792079207921,14.85148514851485,77.22772277227723,11.221122112211221,66.006600660066
W00004179,315,66,29,37,249,26,223,20.952380952380953,9.206349206349207,11.746031746031745,79.04761904761905,8.253968253968253,70.7936507936508
W00004180,307,48,20,28,259,31,228,15.63517915309446,6.514657980456026,9.120521172638437,84.36482084690554,10.097719869706841,74.2671009771987
W00004181,270,49,14,35,221,23,198,18.14814814814815,5.185185185185185,12.962962962962962,81.85185185185185,8.518518518518519,73.33333333333333
W00004182,320,51,26,25,269,33,236,15.937499999999998,8.125,7.8125,84.0625,10.3125,73.75
W00004183,202,69,32,37,133,13,120,34.15841584158416,15.841584158415841,18.316831683168317,65.84158415841584,6.435643564356436,59.4059405940594
W00004184,254,45,21,24,209,18,191,17.716535433070867,8.267716535433072,9.448818897637794,82.28346456692913,7.086614173228346,75.19685039370079
W00004186,262,50,23,27,212,23,189,19.083969465648856,8.778625954198473,10.305343511450381,80.91603053435115,8.778625954198473,72.13740458015268
W00004188,260,50,20,30,210,21,189,19.230769230769234,7.6923076923076925,11.538461538461538,80.76923076923077,8.076923076923077,72.6923076923077
W00004189,267,61,24,37,206,28,178,22.846441947565545,8.98876404494382,13.857677902621724,77.15355805243446,10.486891385767791,66.66666666666666
W00004190,268,62,24,38,206,18,188,23.134328358208954,8.955223880597014,14.17910447761194,76.86567164179104,6.7164179104477615,70.1492537313433
W00004191,296,68,30,38,228,31,197,22.972972972972975,10.135135135135135,12.837837837837837,77.02702702702703,10.472972972972974,66.55405405405406
W00004192,310,26,7,19,284,13,271,8.38709677419355,2.258064516129032,6.129032258064516,91.61290322580645,4.193548387096775,87.41935483870968
W00004196,221,65,33,32,156,25,131,29.411764705882355,14.93212669683258,14.479638009049776,70.58823529411765,11.312217194570136,59.276018099547514
W00004197,258,65,30,35,193,18,175,25.1937984496124,11.627906976744185,13.565891472868216,74.8062015503876,6.976744186046512,67.82945736434108
W00004198,243,52,23,29,191,14,177,21.39917695473251,9.465020576131687,11.934156378600823,78.60082304526749,5.761316872427984,72.8395061728395
W00004199,284,54,20,34,230,21,209,19.014084507042252,7.042253521126761,11.971830985915492,80.98591549295774,7.394366197183098,73.59154929577466
W00004200,287,41,12,29,246,24,222,14.285714285714285,4.181184668989547,10.104529616724738,85.71428571428571,8.362369337979095,77.35191637630662
W00004201,253,50,21,29,203,19,184,19.76284584980237,8.300395256916996,11.462450592885375,80.23715415019763,7.5098814229249005,72.72727272727273
W00004202,348,71,30,41,277,18,259,20.402298850574713,8.620689655172415,11.781609195402298,79.59770114942529,5.172413793103448,74.42528735632183
W00004203,246,54,19,35,192,19,173,21.951219512195124,7.723577235772358,14.227642276422763,78.04878048780488,7.723577235772358,70.32520325203252
W00004204,286,51,27,24,235,23,212,17.832167832167833,9.44055944055944,8.391608391608392,82.16783216783216,8.041958041958042,74.12587412587412
W00004205,281,68,36,32,213,19,194,24.199288256227756,12.811387900355871,11.387900355871885,75.80071174377224,6.761565836298933,69.03914590747331
W00004206,215,48,26,22,167,18,149,22.325581395348838,12.093023255813954,10.232558139534884,77.67441860465117,8.372093023255815,69.30232558139535
W00004207,302,55,30,25,247,34,213,18.211920529801322,9.933774834437086,8.27814569536424,81.78807947019867,11.258278145695364,70.52980132450331
W00004208,140,57,33,24,83,10,73,40.714285714285715,23.57142857142857,17.142857142857142,59.285714285714285,7.142857142857142,52.142857142857146
W00004210,312,71,28,43,241,25,216,22.756410256410255,8.974358974358974,13.782051282051283,77.24358974358975,8.012820512820513,69.23076923076923
W00004211,270,54,27,27,216,20,196,20,10,10,80,7.4074074074074066,72.5925925925926
W00004212,306,48,23,25,258,26,232,15.686274509803921,7.516339869281046,8.169934640522875,84.31372549019608,8.49673202614379,75.81699346405229
W00004213,203,34,16,18,169,12,157,16.748768472906402,7.8817733990147785,8.866995073891626,83.2512315270936,5.911330049261084,77.33990147783251
W00004215,238,48,20,28,190,21,169,20.168067226890756,8.403361344537815,11.76470588235294,79.83193277310924,8.823529411764707,71.00840336134453
W00004216,262,58,32,26,204,11,193,22.137404580152673,12.213740458015266,9.923664122137405,77.86259541984732,4.198473282442748,73.66412213740458
W00004217,228,43,22,21,185,13,172,18.859649122807017,9.649122807017543,9.210526315789473,81.14035087719299,5.701754385964912,75.43859649122807
W00004218,258,59,23,36,199,19,180,22.868217054263564,8.914728682170542,13.953488372093023,77.13178294573643,7.3643410852713185,69.76744186046511
W00004220,304,90,48,42,214,14,200,29.605263157894733,15.789473684210526,13.815789473684212,70.39473684210526,4.605263157894736,65.78947368421053
W00004221,274,81,40,41,193,18,175,29.56204379562044,14.5985401459854,14.963503649635038,70.43795620437956,6.569343065693431,63.868613138686136
W00004222,309,76,43,33,233,6,227,24.59546925566343,13.915857605177994,10.679611650485436,75.40453074433657,1.9417475728155338,73.46278317152104
W00004223,306,77,44,33,229,22,207,25.163398692810457,14.37908496732026,10.784313725490197,74.83660130718954,7.18954248366013,67.64705882352942
W00004224,256,66,35,31,190,15,175,25.78125,13.671875,12.109375,74.21875,5.859375,68.359375
W00004225,289,56,30,26,233,22,211,19.377162629757784,10.380622837370241,8.996539792387544,80.62283737024222,7.612456747404845,73.01038062283737
W00004226,381,88,42,46,293,17,276,23.097112860892388,11.023622047244094,12.073490813648293,76.9028871391076,4.4619422572178475,72.44094488188976
W00004227,298,67,37,30,231,12,219,22.483221476510067,12.416107382550337,10.06711409395973,77.51677852348993,4.026845637583892,73.48993288590604
W00004228,228,61,26,35,167,4,163,26.75438596491228,11.403508771929824,15.350877192982457,73.24561403508771,1.7543859649122806,71.49122807017544
W00004229,333,61,33,28,272,26,246,18.31831831831832,9.90990990990991,8.408408408408409,81.68168168168168,7.807807807807808,73.87387387387388
W00004230,243,56,28,28,187,13,174,23.045267489711936,11.522633744855968,11.522633744855968,76.95473251028807,5.349794238683128,71.60493827160494
W00004232,291,63,26,37,228,23,205,21.649484536082475,8.934707903780069,12.714776632302405,78.35051546391753,7.903780068728522,70.44673539518901
W00004233,294,39,14,25,255,19,236,13.26530612244898,4.761904761904762,8.503401360544217,86.73469387755102,6.462585034013606,80.27210884353741
W00004234,276,64,32,32,212,13,199,23.18840579710145,11.594202898550725,11.594202898550725,76.81159420289855,4.710144927536232,72.10144927536231
W00004235,274,68,29,39,206,14,192,24.817518248175183,10.583941605839415,14.233576642335766,75.18248175182481,5.109489051094891,70.07299270072993
W00004236,278,62,25,37,216,19,197,22.302158273381295,8.992805755395683,13.309352517985612,77.6978417266187,6.83453237410072,70.86330935251799
W00004237,297,62,33,29,235,30,205,20.875420875420875,11.11111111111111,9.764309764309765,79.12457912457911,10.1010101010101,69.02356902356902
W00004238,258,69,34,35,189,12,177,26.744186046511626,13.178294573643413,13.565891472868216,73.25581395348837,4.651162790697675,68.6046511627907
W00004239,286,73,42,31,213,11,202,25.524475524475527,14.685314685314685,10.839160839160838,74.47552447552448,3.8461538461538463,70.62937062937063
W00004240,286,62,26,36,224,8,216,21.678321678321677,9.090909090909092,12.587412587412588,78.32167832167832,2.797202797202797,75.52447552447552
W00004241,263,45,16,29,218,29,189,17.110266159695815,6.083650190114068,11.02661596958175,82.88973384030417,11.02661596958175,71.86311787072243
W00004242,351,52,25,27,299,23,276,14.814814814814813,7.122507122507122,7.6923076923076925,85.18518518518519,6.552706552706552,78.63247863247864
W00004243,396,61,25,36,335,34,301,15.404040404040403,6.313131313131313,9.090909090909092,84.59595959595958,8.585858585858585,76.01010101010101
W00004244,238,46,23,23,192,19,173,19.327731092436977,9.663865546218489,9.663865546218489,80.67226890756302,7.9831932773109235,72.68907563025209
W00004245,191,32,15,17,159,13,146,16.75392670157068,7.853403141361256,8.900523560209423,83.24607329842932,6.806282722513089,76.43979057591623
W00004246,440,68,29,39,372,31,341,15.454545454545453,6.59090909090909,8.863636363636363,84.54545454545455,7.045454545454545,77.5
W00004247,167,18,7,11,149,21,128,10.778443113772456,4.191616766467066,6.58682634730539,89.22155688622755,12.574850299401197,76.64670658682635
W00004248,321,68,35,33,253,22,231,21.18380062305296,10.903426791277258,10.2803738317757,78.81619937694704,6.853582554517133,71.96261682242991
W00004249,297,48,21,27,249,25,224,16.161616161616163,7.07070707070707,9.090909090909092,83.83838383838383,8.417508417508419,75.42087542087542
W00004250,358,30,12,18,328,24,304,8.379888268156424,3.35195530726257,5.027932960893855,91.62011173184358,6.70391061452514,84.91620111731844
W00004251,233,52,29,23,181,19,162,22.317596566523605,12.446351931330472,9.871244635193133,77.6824034334764,8.15450643776824,69.52789699570815
W00004252,553,64,28,36,489,35,454,11.573236889692586,5.063291139240507,6.50994575045208,88.42676311030742,6.329113924050633,82.09764918625679
W00004253,266,45,15,30,221,23,198,16.917293233082706,5.639097744360902,11.278195488721805,83.0827067669173,8.646616541353383,74.43609022556392
W00004254,302,51,16,35,251,17,234,16.887417218543046,5.298013245033113,11.589403973509933,83.11258278145695,5.629139072847682,77.48344370860927
W00004255,496,90,40,50,406,37,369,18.14516129032258,8.064516129032258,10.080645161290322,81.85483870967742,7.459677419354839,74.39516129032258
W00004256,589,126,74,52,463,42,421,21.39219015280136,12.563667232597622,8.828522920203735,78.60780984719864,7.130730050933787,71.47707979626486
W00004257,354,83,44,39,271,19,252,23.44632768361582,12.429378531073446,11.016949152542372,76.55367231638418,5.367231638418079,71.1864406779661
W00004258,394,66,38,28,328,15,313,16.751269035532996,9.644670050761421,7.1065989847715745,83.24873096446701,3.807106598984772,79.44162436548223
W00004259,367,58,21,37,309,34,275,15.803814713896458,5.722070844686648,10.08174386920981,84.19618528610354,9.264305177111716,74.93188010899182
W00004260,316,29,8,21,287,25,262,9.177215189873419,2.5316455696202533,6.6455696202531636,90.82278481012658,7.9113924050632916,82.91139240506328
W00004261,274,51,21,30,223,26,197,18.613138686131386,7.664233576642336,10.948905109489052,81.38686131386861,9.48905109489051,71.8978102189781
W00004262,307,56,23,33,251,23,228,18.241042345276874,7.491856677524431,10.749185667752444,81.75895765472313,7.491856677524431,74.2671009771987
W00004263,297,71,33,38,226,25,201,23.905723905723907,11.11111111111111,12.794612794612794,76.0942760942761,8.417508417508419,67.67676767676768
W00004264,371,103,55,48,268,33,235,27.762803234501348,14.824797843665769,12.93800539083558,72.23719676549865,8.89487870619946,63.342318059299195
W00004265,373,95,48,47,278,18,260,25.46916890080429,12.868632707774799,12.600536193029491,74.53083109919572,4.825737265415549,69.70509383378017
W00004266,502,60,30,30,442,45,397,11.952191235059761,5.9760956175298805,5.9760956175298805,88.04780876494024,8.964143426294822,79.08366533864542
W00004267,388,93,54,39,295,26,269,23.969072164948454,13.917525773195877,10.051546391752577,76.03092783505154,6.701030927835052,69.3298969072165
W00004268,282,77,43,34,205,11,194,27.30496453900709,15.24822695035461,12.056737588652481,72.69503546099291,3.900709219858156,68.79432624113475
W00004269,298,76,36,40,222,29,193,25.503355704697988,12.080536912751679,13.422818791946309,74.49664429530202,9.731543624161073,64.76510067114094
W00004270,256,75,37,38,181,19,162,29.296875,14.453125,14.84375,70.703125,7.421875,63.28125
W00004271,280,50,15,35,230,27,203,17.857142857142858,5.357142857142857,12.5,82.14285714285714,9.642857142857144,72.5
W00004272,293,41,15,26,252,33,219,13.993174061433447,5.1194539249146755,8.873720136518772,86.00682593856655,11.262798634812286,74.74402730375427
W00004274,328,80,55,25,248,20,228,24.390243902439025,16.76829268292683,7.621951219512195,75.60975609756098,6.097560975609756,69.51219512195121
W00004275,335,74,33,41,261,19,242,22.08955223880597,9.850746268656717,12.238805970149254,77.91044776119404,5.6716417910447765,72.23880597014926
W00004276,377,81,47,34,296,24,272,21.485411140583555,12.46684350132626,9.018567639257293,78.51458885941645,6.36604774535809,72.14854111405835
W00004277,462,90,45,45,372,28,344,19.480519480519483,9.740259740259742,9.740259740259742,80.51948051948052,6.0606060606060606,74.45887445887446
W00004278,260,67,29,38,193,14,179,25.769230769230766,11.153846153846155,14.615384615384617,74.23076923076923,5.384615384615385,68.84615384615384
W00004279,258,71,36,35,187,9,178,27.51937984496124,13.953488372093023,13.565891472868216,72.48062015503875,3.488372093023256,68.9922480620155
W00004280,271,80,40,40,191,16,175,29.520295202952028,14.760147601476014,14.760147601476014,70.47970479704797,5.904059040590406,64.57564575645756
W00004281,335,79,51,28,256,15,241,23.582089552238806,15.223880597014924,8.358208955223882,76.4179104477612,4.477611940298507,71.94029850746269
W00004282,208,72,42,30,136,5,131,34.61538461538461,20.192307692307693,14.423076923076922,65.38461538461539,2.403846153846154,62.980769230769226
W00004283,223,57,29,28,166,14,152,25.56053811659193,13.004484304932735,12.556053811659194,74.43946188340807,6.278026905829597,68.16143497757847
W00004284,380,73,41,32,307,19,288,19.210526315789473,10.789473684210527,8.421052631578947,80.78947368421052,5,75.78947368421053
W00004285,269,54,31,23,215,7,208,20.074349442379184,11.524163568773234,8.550185873605948,79.92565055762083,2.6022304832713754,77.32342007434944
W00004286,466,111,51,60,355,26,329,23.819742489270386,10.944206008583691,12.875536480686694,76.1802575107296,5.579399141630901,70.60085836909872
W00004288,287,76,30,46,211,22,189,26.480836236933797,10.452961672473867,16.02787456445993,73.5191637630662,7.665505226480835,65.85365853658537
W00004289,347,78,35,43,269,27,242,22.478386167146976,10.086455331412104,12.39193083573487,77.52161383285303,7.780979827089338,69.7406340057637
W00004290,343,72,35,37,271,23,248,20.99125364431487,10.204081632653061,10.787172011661808,79.00874635568513,6.705539358600583,72.30320699708454
W00004291,324,70,36,34,254,20,234,21.604938271604937,11.11111111111111,10.493827160493826,78.39506172839506,6.172839506172839,72.22222222222221
W00004292,256,52,26,26,204,21,183,20.3125,10.15625,10.15625,79.6875,8.203125,71.484375
W00004293,249,49,20,29,200,27,173,19.67871485943775,8.032128514056225,11.646586345381527,80.32128514056225,10.843373493975903,69.47791164658635
W00004294,378,76,37,39,302,21,281,20.105820105820104,9.788359788359788,10.317460317460316,79.8941798941799,5.555555555555555,74.33862433862434
W00004295,281,73,46,27,208,16,192,25.97864768683274,16.370106761565836,9.608540925266903,74.02135231316726,5.6939501779359425,68.32740213523132
W00004296,271,104,52,52,167,17,150,38.37638376383764,19.18819188191882,19.18819188191882,61.62361623616236,6.273062730627306,55.35055350553506
W00004297,360,61,27,34,299,28,271,16.944444444444446,7.5,9.444444444444445,83.05555555555556,7.777777777777778,75.27777777777777
W00004298,254,63,27,36,191,12,179,24.803149606299215,10.62992125984252,14.173228346456693,75.19685039370079,4.724409448818897,70.47244094488188
W00004299,189,60,32,28,129,9,120,31.746031746031743,16.93121693121693,14.814814814814813,68.25396825396825,4.761904761904762,63.49206349206349
W00004300,615,95,41,54,520,40,480,15.447154471544716,6.666666666666667,8.780487804878048,84.5528455284553,6.504065040650407,78.04878048780488
W00004301,321,73,31,42,248,19,229,22.741433021806852,9.657320872274143,13.084112149532709,77.25856697819314,5.919003115264798,71.33956386292834
W00004302,302,74,40,34,228,20,208,24.503311258278146,13.245033112582782,11.258278145695364,75.49668874172185,6.622516556291391,68.87417218543047
W00004303,303,47,19,28,256,18,238,15.51155115511551,6.270627062706271,9.24092409240924,84.48844884488449,5.9405940594059405,78.54785478547855
W00004304,187,55,29,26,132,18,114,29.411764705882355,15.508021390374333,13.903743315508022,70.58823529411765,9.62566844919786,60.962566844919785
W00004305,376,74,36,38,302,25,277,19.680851063829788,9.574468085106384,10.106382978723403,80.31914893617021,6.648936170212766,73.67021276595744
W00004306,336,66,31,35,270,18,252,19.642857142857142,9.226190476190476,10.416666666666668,80.35714285714286,5.357142857142857,75
W00004307,395,68,32,36,327,31,296,17.21518987341772,8.10126582278481,9.113924050632912,82.78481012658227,7.848101265822785,74.9367088607595
W00004308,287,43,18,25,244,31,213,14.982578397212542,6.2717770034843205,8.710801393728223,85.01742160278745,10.801393728222997,74.21602787456446
W00004309,268,23,10,13,245,26,219,8.582089552238806,3.731343283582089,4.850746268656716,91.4179104477612,9.701492537313433,81.71641791044776
W00004310,265,32,12,20,233,20,213,12.075471698113208,4.528301886792453,7.547169811320755,87.9245283018868,7.547169811320755,80.37735849056604
W00004311,231,47,22,25,184,21,163,20.346320346320347,9.523809523809524,10.822510822510822,79.65367965367966,9.090909090909092,70.56277056277057
W00004312,262,57,24,33,205,14,191,21.755725190839694,9.16030534351145,12.595419847328243,78.2442748091603,5.343511450381679,72.90076335877863
W00004313,286,35,11,24,251,27,224,12.237762237762238,3.8461538461538463,8.391608391608392,87.76223776223776,9.44055944055944,78.32167832167832
W00004314,267,44,17,27,223,32,191,16.479400749063668,6.367041198501873,10.112359550561797,83.52059925093633,11.985018726591761,71.53558052434457
W00004315,302,38,11,27,264,17,247,12.582781456953644,3.642384105960265,8.940397350993377,87.41721854304636,5.629139072847682,81.78807947019867
W00004316,278,71,38,33,207,23,184,25.539568345323744,13.66906474820144,11.870503597122301,74.46043165467626,8.273381294964029,66.18705035971223
W00004317,382,98,53,45,284,15,269,25.654450261780106,13.874345549738221,11.780104712041885,74.3455497382199,3.926701570680628,70.41884816753927
W00004318,278,73,42,31,205,22,183,26.258992805755394,15.107913669064748,11.151079136690647,73.7410071942446,7.913669064748201,65.82733812949641
W00004320,336,75,36,39,261,24,237,22.321428571428573,10.714285714285714,11.607142857142858,77.67857142857143,7.142857142857142,70.53571428571429
W00004321,256,44,20,24,212,12,200,17.1875,7.8125,9.375,82.8125,4.6875,78.125
W00004322,253,51,18,33,202,15,187,20.158102766798418,7.114624505928854,13.043478260869565,79.84189723320159,5.928853754940711,73.91304347826086
W00004323,230,47,27,20,183,20,163,20.434782608695652,11.73913043478261,8.695652173913043,79.56521739130434,8.695652173913043,70.86956521739131
W00004324,325,55,20,35,270,25,245,16.923076923076923,6.153846153846154,10.76923076923077,83.07692307692308,7.6923076923076925,75.38461538461539
W00004325,249,106,64,42,143,6,137,42.570281124497996,25.702811244979916,16.867469879518072,57.42971887550201,2.4096385542168677,55.020080321285135
W00004326,339,77,39,38,262,17,245,22.71386430678466,11.504424778761061,11.209439528023598,77.28613569321534,5.014749262536873,72.27138643067846
W00004327,325,71,33,38,254,21,233,21.846153846153847,10.153846153846153,11.692307692307692,78.15384615384615,6.461538461538462,71.6923076923077
W00004328,319,70,29,41,249,19,230,21.9435736677116,9.090909090909092,12.852664576802509,78.0564263322884,5.956112852664576,72.10031347962382
W00004329,309,76,37,39,233,23,210,24.59546925566343,11.974110032362459,12.62135922330097,75.40453074433657,7.443365695792881,67.96116504854369
W00004330,255,73,38,35,182,10,172,28.627450980392155,14.901960784313726,13.725490196078432,71.37254901960785,3.9215686274509802,67.45098039215686
W00004331,258,63,42,21,195,17,178,24.418604651162788,16.27906976744186,8.13953488372093,75.5813953488372,6.5891472868217065,68.9922480620155
W00004332,307,78,46,32,229,14,215,25.407166123778502,14.983713355048861,10.423452768729643,74.5928338762215,4.5602605863192185,70.03257328990227
W00004333,229,60,30,30,169,13,156,26.200873362445414,13.100436681222707,13.100436681222707,73.7991266375546,5.676855895196507,68.12227074235808
W00004334,229,71,42,29,158,11,147,31.004366812227076,18.340611353711793,12.663755458515283,68.99563318777294,4.8034934497816595,64.19213973799127
W00004335,253,82,42,40,171,21,150,32.41106719367589,16.600790513833992,15.810276679841898,67.58893280632411,8.300395256916996,59.28853754940712
W00004336,265,73,42,31,192,12,180,27.547169811320753,15.849056603773585,11.69811320754717,72.45283018867924,4.528301886792453,67.9245283018868
W00004337,261,65,37,28,196,16,180,24.904214559386972,14.17624521072797,10.727969348659004,75.09578544061303,6.130268199233716,68.96551724137932
W00004338,261,86,54,32,175,15,160,32.95019157088122,20.689655172413794,12.260536398467432,67.04980842911877,5.747126436781609,61.30268199233716
W00004339,314,111,76,35,203,26,177,35.35031847133758,24.203821656050955,11.146496815286625,64.64968152866241,8.280254777070063,56.36942675159236
W00004340,335,99,60,39,236,18,218,29.55223880597015,17.91044776119403,11.641791044776118,70.44776119402985,5.3731343283582085,65.07462686567163
W00004341,348,78,32,46,270,33,237,22.413793103448278,9.195402298850574,13.218390804597702,77.58620689655173,9.482758620689655,68.10344827586206
W00004342,253,39,17,22,214,24,190,15.41501976284585,6.719367588932807,8.695652173913043,84.58498023715416,9.486166007905137,75.09881422924902
W00004343,273,46,23,23,227,18,209,16.84981684981685,8.424908424908425,8.424908424908425,83.15018315018315,6.593406593406594,76.55677655677655
W00004344,332,60,22,38,272,26,246,18.072289156626507,6.626506024096386,11.44578313253012,81.92771084337349,7.83132530120482,74.09638554216868
W00004345,267,48,21,27,219,20,199,17.97752808988764,7.865168539325842,10.112359550561797,82.02247191011236,7.490636704119851,74.53183520599251
W00004346,273,41,16,25,232,19,213,15.018315018315018,5.86080586080586,9.157509157509157,84.98168498168498,6.95970695970696,78.02197802197803
W00004347,260,40,17,23,220,13,207,15.384615384615385,6.538461538461539,8.846153846153847,84.61538461538461,5,79.61538461538461
W00004348,258,58,25,33,200,18,182,22.48062015503876,9.689922480620156,12.790697674418606,77.51937984496125,6.976744186046512,70.54263565891473
W00004349,247,51,24,27,196,17,179,20.647773279352226,9.7165991902834,10.931174089068826,79.35222672064778,6.882591093117409,72.46963562753037
W00004350,260,54,26,28,206,10,196,20.76923076923077,10,10.76923076923077,79.23076923076923,3.8461538461538463,75.38461538461539
W00004351,296,37,13,24,259,18,241,12.5,4.391891891891892,8.108108108108109,87.5,6.081081081081082,81.41891891891892
W00004352,293,99,63,36,194,18,176,33.78839590443686,21.501706484641637,12.286689419795222,66.21160409556313,6.143344709897611,60.068259385665534
W00004353,271,68,37,31,203,22,181,25.092250922509223,13.653136531365314,11.439114391143912,74.90774907749078,8.118081180811808,66.78966789667896
W00004354,258,78,38,40,180,16,164,30.23255813953488,14.728682170542637,15.503875968992247,69.76744186046511,6.2015503875969,63.565891472868216
W00004355,314,81,45,36,233,20,213,25.796178343949045,14.331210191082802,11.464968152866243,74.20382165605095,6.369426751592357,67.83439490445859
W00004356,289,61,28,33,228,20,208,21.10726643598616,9.688581314878892,11.418685121107266,78.89273356401384,6.920415224913495,71.97231833910035
W00004357,295,90,49,41,205,20,185,30.508474576271187,16.610169491525422,13.898305084745763,69.49152542372882,6.779661016949152,62.71186440677966
W00004358,281,81,46,35,200,26,174,28.825622775800714,16.370106761565836,12.455516014234876,71.17437722419929,9.252669039145907,61.92170818505338
W00004359,247,73,32,41,174,17,157,29.554655870445345,12.955465587044534,16.599190283400812,70.44534412955466,6.882591093117409,63.56275303643725
W00004360,253,67,31,36,186,13,173,26.48221343873518,12.25296442687747,14.229249011857709,73.51778656126481,5.138339920948617,68.37944664031622
W00004361,163,82,47,35,81,4,77,50.306748466257666,28.834355828220858,21.472392638036812,49.693251533742334,2.4539877300613497,47.239263803680984
W00004362,272,39,18,21,233,20,213,14.338235294117647,6.61764705882353,7.720588235294118,85.66176470588235,7.352941176470589,78.30882352941177
W00004363,355,79,38,41,276,34,242,22.253521126760564,10.704225352112676,11.549295774647888,77.74647887323944,9.577464788732394,68.16901408450704
W00004364,261,52,19,33,209,19,190,19.923371647509576,7.2796934865900385,12.643678160919542,80.07662835249042,7.2796934865900385,72.79693486590038
W00004365,294,81,37,44,213,25,188,27.55102040816326,12.585034013605442,14.965986394557824,72.44897959183673,8.503401360544217,63.94557823129252
W00004366,314,76,37,39,238,20,218,24.203821656050955,11.78343949044586,12.420382165605096,75.79617834394905,6.369426751592357,69.42675159235668
W00004367,325,57,24,33,268,25,243,17.53846153846154,7.384615384615385,10.153846153846153,82.46153846153847,7.6923076923076925,74.76923076923076
W00004368,345,99,47,52,246,26,220,28.695652173913043,13.623188405797102,15.072463768115943,71.30434782608695,7.536231884057972,63.76811594202898
W00004369,291,88,65,23,203,18,185,30.240549828178693,22.336769759450174,7.903780068728522,69.7594501718213,6.185567010309279,63.57388316151202
W00004370,315,89,50,39,226,17,209,28.253968253968253,15.873015873015872,12.380952380952381,71.74603174603175,5.396825396825397,66.34920634920634
W00004371,278,82,51,31,196,27,169,29.496402877697843,18.345323741007196,11.151079136690647,70.50359712230215,9.712230215827338,60.79136690647482
W00004372,398,92,53,39,306,17,289,23.115577889447238,13.316582914572864,9.798994974874372,76.88442211055276,4.271356783919598,72.61306532663316
W00004373,272,68,27,41,204,13,191,25,9.926470588235293,15.073529411764705,75,4.779411764705882,70.22058823529412
W00004374,254,64,27,37,190,19,171,25.196850393700785,10.62992125984252,14.566929133858267,74.80314960629921,7.480314960629922,67.32283464566929
W00004375,216,67,35,32,149,14,135,31.01851851851852,16.203703703703702,14.814814814814813,68.98148148148148,6.481481481481481,62.5
W00004376,181,49,14,35,132,13,119,27.071823204419886,7.734806629834254,19.337016574585636,72.92817679558011,7.18232044198895,65.74585635359117
W00004377,259,77,36,41,182,18,164,29.72972972972973,13.8996138996139,15.83011583011583,70.27027027027027,6.94980694980695,63.32046332046332
W00004378,242,80,48,32,162,10,152,33.057851239669425,19.834710743801654,13.223140495867769,66.94214876033058,4.132231404958678,62.8099173553719
W00004379,407,114,75,39,293,12,281,28.00982800982801,18.42751842751843,9.582309582309582,71.99017199017199,2.9484029484029484,69.04176904176904
W00004380,274,73,42,31,201,13,188,26.642335766423358,15.328467153284672,11.313868613138686,73.35766423357664,4.744525547445255,68.61313868613139
W00004381,348,81,44,37,267,15,252,23.275862068965516,12.643678160919542,10.632183908045976,76.72413793103449,4.310344827586207,72.41379310344827
W00004382,407,97,47,50,310,16,294,23.832923832923832,11.547911547911548,12.285012285012286,76.16707616707616,3.9312039312039313,72.23587223587224
W00004383,271,96,51,45,175,10,165,35.42435424354243,18.81918819188192,16.605166051660518,64.57564575645756,3.6900369003690034,60.88560885608856
W00004384,302,85,50,35,217,11,206,28.14569536423841,16.55629139072848,11.589403973509933,71.8543046357616,3.642384105960265,68.21192052980133
W00004385,265,76,44,32,189,10,179,28.67924528301887,16.60377358490566,12.075471698113208,71.32075471698113,3.7735849056603774,67.54716981132076
W00004386,344,103,53,50,241,20,221,29.941860465116278,15.406976744186046,14.534883720930234,70.05813953488372,5.813953488372093,64.24418604651163
W00004387,274,61,26,35,213,24,189,22.26277372262774,9.48905109489051,12.773722627737227,77.73722627737226,8.75912408759124,68.97810218978103
W00004388,324,79,38,41,245,18,227,24.382716049382715,11.728395061728394,12.654320987654321,75.61728395061729,5.555555555555555,70.06172839506173
W00004389,261,56,29,27,205,14,191,21.455938697318008,11.11111111111111,10.344827586206897,78.544061302682,5.363984674329502,73.18007662835248
W00004390,299,65,29,36,234,10,224,21.73913043478261,9.698996655518394,12.040133779264215,78.26086956521739,3.3444816053511706,74.91638795986621
W00004391,256,89,38,51,167,21,146,34.765625,14.84375,19.921875,65.234375,8.203125,57.03125
W00004392,285,59,25,34,226,9,217,20.701754385964914,8.771929824561402,11.929824561403509,79.2982456140351,3.1578947368421053,76.14035087719299
W00004393,298,62,32,30,236,20,216,20.80536912751678,10.738255033557047,10.06711409395973,79.19463087248322,6.7114093959731544,72.48322147651007
W00004394,297,50,24,26,247,17,230,16.835016835016837,8.080808080808081,8.754208754208754,83.16498316498317,5.723905723905724,77.44107744107744
W00004395,291,47,18,29,244,20,224,16.151202749140893,6.185567010309279,9.965635738831615,83.8487972508591,6.872852233676976,76.97594501718214
W00004396,277,63,31,32,214,28,186,22.743682310469314,11.191335740072201,11.552346570397113,77.25631768953069,10.108303249097473,67.14801444043322
W00004397,313,84,49,35,229,22,207,26.837060702875398,15.654952076677317,11.182108626198083,73.1629392971246,7.0287539936102235,66.13418530351439
W00004398,255,72,36,36,183,8,175,28.235294117647058,14.117647058823529,14.117647058823529,71.76470588235294,3.1372549019607843,68.62745098039215
W00004399,271,53,26,27,218,17,201,19.557195571955717,9.59409594095941,9.96309963099631,80.44280442804428,6.273062730627306,74.16974169741697
W00004400,241,58,31,27,183,14,169,24.066390041493776,12.863070539419086,11.20331950207469,75.93360995850622,5.809128630705394,70.12448132780082
W00004401,291,84,53,31,207,8,199,28.865979381443296,18.213058419243985,10.652920962199312,71.1340206185567,2.7491408934707904,68.38487972508591
W00004402,309,50,19,31,259,20,239,16.181229773462782,6.148867313915858,10.032362459546926,83.81877022653723,6.472491909385113,77.34627831715211
W00004403,307,66,38,28,241,22,219,21.49837133550489,12.37785016286645,9.120521172638437,78.50162866449512,7.166123778501629,71.33550488599349
W00004404,218,44,12,32,174,13,161,20.18348623853211,5.5045871559633035,14.678899082568808,79.81651376146789,5.963302752293578,73.85321100917432
W00004405,444,85,43,42,359,35,324,19.144144144144143,9.684684684684685,9.45945945945946,80.85585585585585,7.882882882882883,72.97297297297297
W00004406,374,75,26,49,299,32,267,20.053475935828878,6.951871657754011,13.101604278074866,79.94652406417111,8.55614973262032,71.3903743315508
W00004407,256,45,17,28,211,19,192,17.578125,6.640625,10.9375,82.421875,7.421875,75
W00004408,457,52,15,37,405,50,355,11.37855579868709,3.282275711159737,8.096280087527353,88.62144420131291,10.940919037199125,77.68052516411379
W00004409,296,35,14,21,261,19,242,11.824324324324325,4.72972972972973,7.094594594594595,88.17567567567568,6.418918918918918,81.75675675675676
W00004410,205,52,23,29,153,14,139,25.365853658536587,11.219512195121952,14.146341463414632,74.63414634146342,6.829268292682928,67.8048780487805
W00004411,389,95,72,23,294,22,272,24.42159383033419,18.50899742930591,5.912596401028278,75.57840616966581,5.655526992287918,69.9228791773779
W00004412,219,38,18,20,181,19,162,17.35159817351598,8.21917808219178,9.1324200913242,82.64840182648402,8.67579908675799,73.97260273972603
W00004413,274,53,22,31,221,14,207,19.34306569343066,8.02919708029197,11.313868613138686,80.65693430656934,5.109489051094891,75.54744525547446
W00004414,271,39,17,22,232,18,214,14.391143911439114,6.273062730627306,8.118081180811808,85.60885608856088,6.642066420664207,78.96678966789668
W00004415,228,42,16,26,186,19,167,18.421052631578945,7.017543859649122,11.403508771929824,81.57894736842105,8.333333333333332,73.24561403508771
W00004416,221,34,13,21,187,8,179,15.384615384615385,5.88235294117647,9.502262443438914,84.61538461538461,3.619909502262444,80.99547511312217
W00004417,189,25,9,16,164,14,150,13.227513227513226,4.761904761904762,8.465608465608465,86.77248677248677,7.4074074074074066,79.36507936507937
W00004418,212,34,20,14,178,20,158,16.037735849056602,9.433962264150944,6.60377358490566,83.9622641509434,9.433962264150944,74.52830188679245
W00004419,209,54,20,34,155,17,138,25.837320574162682,9.569377990430622,16.267942583732058,74.16267942583733,8.133971291866029,66.02870813397129
W00004420,246,49,22,27,197,21,176,19.91869918699187,8.94308943089431,10.975609756097562,80.08130081300813,8.536585365853659,71.54471544715447
W00004421,267,43,13,30,224,25,199,16.10486891385768,4.868913857677903,11.235955056179774,83.89513108614233,9.363295880149813,74.53183520599251
W00004422,273,35,14,21,238,27,211,12.82051282051282,5.128205128205128,7.6923076923076925,87.17948717948718,9.89010989010989,77.2893772893773
W00004423,261,54,23,31,207,21,186,20.689655172413794,8.812260536398467,11.877394636015326,79.3103448275862,8.045977011494253,71.26436781609196
W00004424,236,48,23,25,188,22,166,20.33898305084746,9.745762711864407,10.59322033898305,79.66101694915254,9.322033898305085,70.33898305084746
W00004425,280,45,15,30,235,23,212,16.071428571428573,5.357142857142857,10.714285714285714,83.92857142857143,8.214285714285714,75.71428571428571
W00004426,147,44,22,22,103,13,90,29.931972789115648,14.965986394557824,14.965986394557824,70.06802721088435,8.843537414965986,61.224489795918366
W00004427,256,51,26,25,205,14,191,19.921875,10.15625,9.765625,80.078125,5.46875,74.609375
W00004428,216,36,16,20,180,21,159,16.666666666666664,7.4074074074074066,9.25925925925926,83.33333333333334,9.722222222222223,73.61111111111111
W00004429,287,71,36,35,216,22,194,24.738675958188153,12.543554006968641,12.195121951219512,75.26132404181185,7.665505226480835,67.59581881533101
W00004430,305,51,25,26,254,20,234,16.721311475409838,8.19672131147541,8.524590163934425,83.27868852459017,6.557377049180328,76.72131147540983
W00004431,407,65,27,38,342,41,301,15.970515970515969,6.6339066339066335,9.336609336609335,84.02948402948402,10.073710073710075,73.95577395577395
W00004432,362,70,36,34,292,30,262,19.337016574585636,9.94475138121547,9.392265193370166,80.66298342541437,8.287292817679557,72.37569060773481
W00004433,275,58,25,33,217,12,205,21.09090909090909,9.090909090909092,12,78.9090909090909,4.363636363636364,74.54545454545455
W00004434,254,42,19,23,212,21,191,16.535433070866144,7.480314960629922,9.05511811023622,83.46456692913385,8.267716535433072,75.19685039370079
W00004435,262,59,25,34,203,20,183,22.519083969465647,9.541984732824428,12.977099236641221,77.48091603053436,7.633587786259542,69.8473282442748
W00004436,281,56,25,31,225,12,213,19.9288256227758,8.896797153024911,11.032028469750891,80.0711743772242,4.270462633451958,75.80071174377224
W00004437,243,69,38,31,174,15,159,28.39506172839506,15.637860082304528,12.757201646090536,71.60493827160494,6.172839506172839,65.4320987654321
W00004438,358,67,34,33,291,25,266,18.71508379888268,9.497206703910614,9.217877094972067,81.28491620111731,6.983240223463687,74.30167597765363
W00004439,239,43,24,19,196,11,185,17.99163179916318,10.0418410041841,7.949790794979079,82.00836820083683,4.602510460251046,77.40585774058577
W00004440,277,72,49,23,205,20,185,25.992779783393498,17.689530685920577,8.303249097472925,74.0072202166065,7.2202166064981945,66.78700361010831
W00004441,333,102,65,37,231,15,216,30.630630630630627,19.51951951951952,11.11111111111111,69.36936936936937,4.504504504504505,64.86486486486487
W00004442,373,64,30,34,309,22,287,17.158176943699733,8.04289544235925,9.115281501340483,82.84182305630027,5.898123324396782,76.94369973190348
W00004443,253,66,35,31,187,11,176,26.08695652173913,13.83399209486166,12.25296442687747,73.91304347826086,4.3478260869565215,69.56521739130434
W00004444,303,80,40,40,223,13,210,26.4026402640264,13.2013201320132,13.2013201320132,73.5973597359736,4.29042904290429,69.3069306930693
W00004445,304,83,49,34,221,21,200,27.302631578947366,16.11842105263158,11.18421052631579,72.69736842105263,6.907894736842106,65.78947368421053
W00004446,413,97,48,49,316,10,306,23.486682808716708,11.62227602905569,11.864406779661017,76.51331719128329,2.4213075060532687,74.09200968523002
W00004448,226,72,38,34,154,11,143,31.858407079646017,16.8141592920354,15.04424778761062,68.14159292035397,4.867256637168142,63.27433628318584
W00004449,478,125,62,63,353,13,340,26.15062761506276,12.97071129707113,13.179916317991633,73.84937238493724,2.7196652719665275,71.1297071129707
W00004450,284,67,33,34,217,17,200,23.591549295774648,11.619718309859154,11.971830985915492,76.40845070422534,5.985915492957746,70.4225352112676
W00004451,321,94,49,45,227,12,215,29.283489096573206,15.264797507788161,14.018691588785046,70.7165109034268,3.7383177570093453,66.97819314641744
W00004452,273,52,29,23,221,9,212,19.047619047619047,10.622710622710622,8.424908424908425,80.95238095238095,3.296703296703297,77.65567765567766
W00004453,376,91,48,43,285,14,271,24.20212765957447,12.76595744680851,11.436170212765957,75.79787234042553,3.723404255319149,72.07446808510637
W00004454,277,90,39,51,187,7,180,32.49097472924188,14.079422382671481,18.4115523465704,67.50902527075813,2.527075812274368,64.98194945848375
W00004455,318,68,34,34,250,22,228,21.38364779874214,10.69182389937107,10.69182389937107,78.61635220125787,6.918238993710692,71.69811320754717
W00004456,309,77,44,33,232,18,214,24.919093851132686,14.239482200647249,10.679611650485436,75.08090614886731,5.825242718446602,69.25566343042071
W00004457,291,77,46,31,214,10,204,26.46048109965636,15.807560137457044,10.652920962199312,73.53951890034365,3.436426116838488,70.10309278350515
W00004458,290,83,45,38,207,5,202,28.620689655172416,15.517241379310345,13.10344827586207,71.37931034482759,1.7241379310344827,69.6551724137931
W00004459,239,97,58,39,142,10,132,40.58577405857741,24.267782426778243,16.317991631799163,59.41422594142259,4.184100418410042,55.23012552301255
W00004460,254,71,33,38,183,12,171,27.95275590551181,12.992125984251967,14.960629921259844,72.04724409448819,4.724409448818897,67.32283464566929
W00004461,351,97,60,37,254,11,243,27.635327635327634,17.094017094017094,10.541310541310542,72.36467236467237,3.133903133903134,69.23076923076923
W00004462,264,85,44,41,179,8,171,32.196969696969695,16.666666666666664,15.530303030303031,67.8030303030303,3.0303030303030303,64.77272727272727
W00004463,337,70,39,31,267,17,250,20.77151335311573,11.572700296735905,9.198813056379821,79.22848664688428,5.044510385756676,74.1839762611276
W00004464,290,109,64,45,181,21,160,37.58620689655172,22.06896551724138,15.517241379310345,62.41379310344828,7.241379310344828,55.172413793103445
W00004465,213,56,38,18,157,13,144,26.291079812206576,17.84037558685446,8.450704225352112,73.70892018779342,6.103286384976526,67.6056338028169
W00004466,256,77,43,34,179,6,173,30.078125,16.796875,13.28125,69.921875,2.34375,67.578125
W00004467,249,70,37,33,179,6,173,28.11244979919679,14.859437751004014,13.253012048192772,71.8875502008032,2.4096385542168677,69.47791164658635
W00004468,246,56,29,27,190,7,183,22.76422764227642,11.788617886178862,10.975609756097562,77.23577235772358,2.8455284552845526,74.39024390243902
W00004469,325,84,48,36,241,10,231,25.846153846153847,14.76923076923077,11.076923076923077,74.15384615384616,3.076923076923077,71.07692307692308
W00004470,256,67,36,31,189,12,177,26.171875,14.0625,12.109375,73.828125,4.6875,69.140625
W00004471,322,117,69,48,205,12,193,36.33540372670808,21.428571428571427,14.906832298136646,63.66459627329193,3.7267080745341614,59.93788819875776
W00004472,334,124,73,51,210,11,199,37.12574850299401,21.856287425149702,15.269461077844312,62.874251497005986,3.293413173652695,59.58083832335329
W00004473,293,78,45,33,215,9,206,26.621160409556317,15.358361774744028,11.262798634812286,73.37883959044369,3.0716723549488054,70.30716723549489
W00004474,319,88,44,44,231,25,206,27.586206896551722,13.793103448275861,13.793103448275861,72.41379310344827,7.836990595611286,64.57680250783699
W00004475,295,83,36,47,212,17,195,28.135593220338983,12.203389830508476,15.932203389830507,71.86440677966101,5.762711864406779,66.10169491525424
W00004476,227,82,54,28,145,8,137,36.12334801762114,23.788546255506606,12.334801762114537,63.87665198237885,3.524229074889868,60.352422907488986
W00004477,409,126,68,58,283,15,268,30.80684596577017,16.625916870415647,14.180929095354522,69.19315403422983,3.6674816625916873,65.52567237163814
W00004478,377,90,54,36,287,13,274,23.872679045092838,14.323607427055704,9.549071618037134,76.12732095490716,3.4482758620689653,72.67904509283821
W00004479,323,73,38,35,250,16,234,22.60061919504644,11.76470588235294,10.8359133126935,77.39938080495357,4.953560371517028,72.44582043343654
W00004482,292,96,46,50,196,12,184,32.87671232876712,15.753424657534246,17.123287671232877,67.12328767123287,4.10958904109589,63.013698630136986
W00004483,316,104,63,41,212,14,198,32.91139240506329,19.936708860759495,12.974683544303797,67.08860759493672,4.430379746835443,62.65822784810127
W00004484,352,67,28,39,285,28,257,19.03409090909091,7.954545454545454,11.079545454545455,80.9659090909091,7.954545454545454,73.01136363636364
W00004485,333,82,42,40,251,33,218,24.624624624624623,12.612612612612612,12.012012012012011,75.37537537537537,9.90990990990991,65.46546546546547
W00004486,388,78,44,34,310,26,284,20.103092783505154,11.34020618556701,8.762886597938143,79.89690721649485,6.701030927835052,73.19587628865979
W00004487,266,60,22,38,206,23,183,22.55639097744361,8.270676691729323,14.285714285714285,77.44360902255639,8.646616541353383,68.796992481203
W00004488,280,64,27,37,216,27,189,22.857142857142858,9.642857142857144,13.214285714285715,77.14285714285715,9.642857142857144,67.5
W00004489,297,50,18,32,247,23,224,16.835016835016837,6.0606060606060606,10.774410774410773,83.16498316498317,7.744107744107744,75.42087542087542
W00004490,272,69,30,39,203,30,173,25.36764705882353,11.029411764705882,14.338235294117647,74.63235294117648,11.029411764705882,63.60294117647059
W00004491,199,41,20,21,158,14,144,20.603015075376884,10.050251256281408,10.552763819095476,79.39698492462311,7.035175879396985,72.36180904522614
W00004492,240,51,21,30,189,6,183,21.25,8.75,12.5,78.75,2.5,76.25
W00004493,334,72,34,38,262,32,230,21.55688622754491,10.179640718562874,11.377245508982035,78.44311377245509,9.580838323353294,68.8622754491018
W00004494,406,65,27,38,341,35,306,16.00985221674877,6.65024630541872,9.35960591133005,83.99014778325123,8.620689655172415,75.36945812807882
W00004495,352,64,19,45,288,31,257,18.181818181818183,5.3977272727272725,12.784090909090908,81.81818181818183,8.806818181818182,73.01136363636364
W00004496,460,113,78,35,347,29,318,24.565217391304348,16.956521739130434,7.608695652173914,75.43478260869566,6.304347826086956,69.1304347826087
W00004497,331,69,29,40,262,28,234,20.84592145015106,8.761329305135952,12.084592145015106,79.15407854984893,8.459214501510575,70.69486404833837
W00004498,432,91,51,40,341,45,296,21.064814814814813,11.805555555555555,9.25925925925926,78.93518518518519,10.416666666666668,68.51851851851852
W00004499,239,62,27,35,177,16,161,25.94142259414226,11.297071129707113,14.644351464435147,74.05857740585773,6.694560669456067,67.36401673640168
W00004500,333,95,49,46,238,30,208,28.52852852852853,14.714714714714713,13.813813813813812,71.47147147147147,9.00900900900901,62.46246246246246
W00004501,261,66,35,31,195,21,174,25.287356321839084,13.409961685823754,11.877394636015326,74.71264367816092,8.045977011494253,66.66666666666666
W00004502,326,61,36,25,265,17,248,18.711656441717793,11.042944785276074,7.668711656441718,81.28834355828221,5.214723926380368,76.07361963190185
W00004503,265,89,48,41,176,10,166,33.58490566037736,18.11320754716981,15.471698113207546,66.41509433962264,3.7735849056603774,62.64150943396226
W00004504,335,50,21,29,285,26,259,14.925373134328357,6.26865671641791,8.656716417910449,85.07462686567165,7.761194029850746,77.31343283582089
W00004505,268,78,40,38,190,16,174,29.1044776119403,14.925373134328357,14.17910447761194,70.8955223880597,5.970149253731343,64.92537313432835
W00004506,289,73,28,45,216,23,193,25.259515570934255,9.688581314878892,15.570934256055363,74.74048442906575,7.958477508650519,66.78200692041523
W00004507,497,94,47,47,403,30,373,18.91348088531187,9.456740442655935,9.456740442655935,81.08651911468813,6.036217303822937,75.0503018108652
W00004508,309,91,51,40,218,16,202,29.449838187702266,16.50485436893204,12.944983818770226,70.55016181229773,5.177993527508091,65.37216828478964
W00004509,309,72,46,26,237,22,215,23.300970873786408,14.886731391585762,8.414239482200648,76.69902912621359,7.119741100323624,69.57928802588997
W00004510,380,80,37,43,300,25,275,21.052631578947366,9.736842105263158,11.31578947368421,78.94736842105263,6.578947368421052,72.36842105263158
W00004511,418,72,32,40,346,30,316,17.22488038277512,7.655502392344498,9.569377990430622,82.77511961722487,7.177033492822966,75.5980861244019
W00004512,351,92,43,49,259,21,238,26.21082621082621,12.250712250712251,13.96011396011396,73.78917378917379,5.982905982905983,67.80626780626781
W00004514,318,60,32,28,258,27,231,18.867924528301888,10.062893081761008,8.80503144654088,81.13207547169812,8.49056603773585,72.64150943396226
W00004515,279,86,44,42,193,14,179,30.824372759856633,15.770609318996415,15.053763440860216,69.17562724014337,5.017921146953405,64.15770609318996
W00004516,286,79,42,37,207,18,189,27.62237762237762,14.685314685314685,12.937062937062937,72.37762237762237,6.293706293706294,66.08391608391608
W00004517,342,105,74,31,237,22,215,30.701754385964914,21.637426900584796,9.064327485380117,69.2982456140351,6.432748538011696,62.86549707602339
W00004518,310,84,50,34,226,19,207,27.09677419354839,16.129032258064516,10.967741935483872,72.90322580645162,6.129032258064516,66.77419354838709
W00004520,331,76,32,44,255,20,235,22.9607250755287,9.667673716012084,13.293051359516618,77.0392749244713,6.042296072507553,70.99697885196375
W00004521,371,110,63,47,261,22,239,29.649595687331537,16.9811320754717,12.668463611859837,70.35040431266847,5.929919137466308,64.42048517520216
W00004522,338,61,26,35,277,25,252,18.04733727810651,7.6923076923076925,10.355029585798817,81.95266272189349,7.396449704142012,74.55621301775149
W00004523,335,102,50,52,233,14,219,30.447761194029848,14.925373134328357,15.522388059701491,69.55223880597015,4.179104477611941,65.3731343283582
W00004524,308,63,28,35,245,22,223,20.454545454545457,9.090909090909092,11.363636363636363,79.54545454545455,7.142857142857142,72.40259740259741
W00004525,306,58,20,38,248,21,227,18.954248366013072,6.535947712418301,12.418300653594772,81.04575163398692,6.862745098039216,74.18300653594771
W00004526,226,59,30,29,167,24,143,26.10619469026549,13.274336283185843,12.831858407079647,73.89380530973452,10.619469026548673,63.27433628318584
W00004527,412,85,35,50,327,30,297,20.631067961165048,8.495145631067961,12.135922330097088,79.36893203883496,7.281553398058252,72.0873786407767
W00004528,263,52,21,31,211,26,185,19.771863117870723,7.984790874524715,11.787072243346007,80.22813688212928,9.885931558935361,70.34220532319392
W00004529,313,67,46,21,246,23,223,21.405750798722046,14.696485623003195,6.7092651757188495,78.59424920127796,7.348242811501597,71.24600638977637
W00004530,288,67,38,29,221,16,205,23.26388888888889,13.194444444444445,10.069444444444445,76.73611111111111,5.555555555555555,71.18055555555556
W00004531,222,58,31,27,164,15,149,26.126126126126124,13.963963963963963,12.162162162162163,73.87387387387388,6.756756756756757,67.11711711711712
W00004532,291,57,30,27,234,26,208,19.587628865979383,10.309278350515463,9.278350515463918,80.41237113402062,8.934707903780069,71.47766323024055
W00004533,281,83,43,40,198,31,167,29.537366548042705,15.302491103202847,14.23487544483986,70.46263345195729,11.032028469750891,59.430604982206404
W00004534,304,61,28,33,243,18,225,20.065789473684212,9.210526315789473,10.855263157894738,79.93421052631578,5.921052631578947,74.01315789473685
W00004535,307,73,38,35,234,23,211,23.778501628664493,12.37785016286645,11.400651465798045,76.2214983713355,7.491856677524431,68.72964169381108
W00004536,288,66,30,36,222,14,208,22.916666666666664,10.416666666666668,12.5,77.08333333333334,4.861111111111112,72.22222222222221
W00004537,340,74,33,41,266,18,248,21.764705882352942,9.705882352941178,12.058823529411764,78.23529411764706,5.294117647058823,72.94117647058823
W00004538,302,48,22,26,254,23,231,15.894039735099339,7.28476821192053,8.609271523178808,84.10596026490066,7.6158940397351,76.49006622516556
W00004539,289,77,48,29,212,19,193,26.643598615916954,16.608996539792386,10.034602076124568,73.35640138408304,6.5743944636678195,66.78200692041523
W00004540,392,100,54,46,292,8,284,25.510204081632654,13.77551020408163,11.73469387755102,74.48979591836735,2.0408163265306123,72.44897959183673
W00004541,307,71,33,38,236,16,220,23.12703583061889,10.749185667752444,12.37785016286645,76.8729641693811,5.211726384364821,71.66123778501628
W00004542,287,55,29,26,232,7,225,19.16376306620209,10.104529616724738,9.059233449477352,80.8362369337979,2.4390243902439024,78.397212543554
W00004544,350,62,28,34,288,21,267,17.71428571428571,8,9.714285714285714,82.28571428571428,6,76.28571428571429
W00004545,290,65,34,31,225,28,197,22.413793103448278,11.724137931034482,10.689655172413794,77.58620689655173,9.655172413793103,67.93103448275862
W00004546,277,54,28,26,223,18,205,19.494584837545126,10.108303249097473,9.386281588447654,80.50541516245488,6.4981949458483745,74.0072202166065
W00004547,266,54,25,29,212,18,194,20.30075187969925,9.398496240601503,10.902255639097744,79.69924812030075,6.7669172932330826,72.93233082706767
W00004549,244,63,35,28,181,11,170,25.81967213114754,14.344262295081966,11.475409836065573,74.18032786885246,4.508196721311475,69.67213114754098
W00004550,281,61,30,31,220,17,203,21.70818505338078,10.676156583629894,11.032028469750891,78.29181494661923,6.049822064056939,72.24199288256227
W00004552,429,82,39,43,347,32,315,19.114219114219114,9.090909090909092,10.023310023310025,80.88578088578089,7.459207459207459,73.42657342657343
W00004553,377,121,77,44,256,34,222,32.09549071618037,20.424403183023873,11.671087533156498,67.90450928381962,9.018567639257293,58.88594164456234
W00004554,381,83,42,41,298,25,273,21.784776902887142,11.023622047244094,10.761154855643044,78.21522309711287,6.561679790026247,71.65354330708661
W00004555,279,51,26,25,228,22,206,18.27956989247312,9.31899641577061,8.960573476702509,81.72043010752688,7.885304659498208,73.83512544802868
W00004556,446,77,34,43,369,39,330,17.26457399103139,7.623318385650224,9.641255605381167,82.7354260089686,8.74439461883408,73.99103139013454
W00004557,298,47,20,27,251,27,224,15.771812080536913,6.7114093959731544,9.060402684563758,84.22818791946308,9.060402684563758,75.16778523489933
W00004558,308,59,19,40,249,29,220,19.155844155844157,6.1688311688311686,12.987012987012985,80.84415584415584,9.415584415584416,71.42857142857143
W00004559,293,92,47,45,201,25,176,31.399317406143346,16.040955631399317,15.358361774744028,68.60068259385666,8.532423208191126,60.068259385665534
W00004560,328,61,13,48,267,25,242,18.597560975609756,3.9634146341463414,14.634146341463413,81.40243902439023,7.621951219512195,73.78048780487805
W00004561,183,52,23,29,131,9,122,28.415300546448087,12.568306010928962,15.846994535519126,71.58469945355192,4.918032786885246,66.66666666666666
W00004562,217,61,34,27,156,13,143,28.110599078341014,15.668202764976957,12.442396313364055,71.88940092165899,5.990783410138248,65.89861751152074
W00004563,362,112,64,48,250,21,229,30.939226519337016,17.67955801104972,13.259668508287293,69.06077348066299,5.801104972375691,63.25966850828729
W00004564,209,64,37,27,145,11,134,30.62200956937799,17.703349282296653,12.918660287081341,69.377990430622,5.263157894736842,64.11483253588517
W00004565,323,83,44,39,240,26,214,25.696594427244584,13.622291021671826,12.074303405572756,74.30340557275542,8.04953560371517,66.25386996904025
W00004566,311,53,24,29,258,21,237,17.041800643086816,7.717041800643088,9.32475884244373,82.95819935691318,6.752411575562702,76.20578778135048
W00004567,174,67,39,28,107,5,102,38.50574712643678,22.413793103448278,16.091954022988507,61.49425287356321,2.8735632183908044,58.620689655172406
W00004568,291,38,11,27,253,17,236,13.058419243986256,3.7800687285223367,9.278350515463918,86.94158075601375,5.841924398625429,81.09965635738831
W00004569,265,95,67,28,170,12,158,35.84905660377358,25.28301886792453,10.566037735849058,64.15094339622641,4.528301886792453,59.62264150943396
W00004570,264,81,50,31,183,6,177,30.681818181818183,18.939393939393938,11.742424242424242,69.31818181818183,2.272727272727273,67.04545454545455
W00004571,352,42,13,29,310,33,277,11.931818181818182,3.6931818181818183,8.238636363636363,88.06818181818183,9.375,78.69318181818183
W00004572,330,66,27,39,264,33,231,20,8.181818181818182,11.818181818181818,80,10,70
W00004573,190,113,72,41,77,12,65,59.473684210526315,37.89473684210527,21.578947368421055,40.526315789473685,6.315789473684211,34.21052631578947
W00004574,363,48,16,32,315,23,292,13.223140495867769,4.40771349862259,8.81542699724518,86.77685950413223,6.336088154269973,80.44077134986226
W00004575,245,83,53,30,162,8,154,33.87755102040816,21.63265306122449,12.244897959183673,66.12244897959184,3.2653061224489797,62.857142857142854
W00004576,311,44,24,20,267,28,239,14.14790996784566,7.717041800643088,6.430868167202572,85.85209003215434,9.003215434083602,76.84887459807074
W00004577,221,71,36,35,150,16,134,32.126696832579185,16.289592760180994,15.837104072398189,67.87330316742081,7.239819004524888,60.633484162895925
W00004578,276,78,43,35,198,14,184,28.26086956521739,15.579710144927535,12.681159420289855,71.73913043478261,5.072463768115942,66.66666666666666
W00004579,243,89,50,39,154,13,141,36.62551440329218,20.5761316872428,16.049382716049383,63.37448559670782,5.349794238683128,58.0246913580247
W00004580,270,60,22,38,210,16,194,22.22222222222222,8.148148148148149,14.074074074074074,77.77777777777779,5.9259259259259265,71.85185185185186
W00004581,269,65,32,33,204,15,189,24.1635687732342,11.895910780669144,12.267657992565056,75.8364312267658,5.5762081784386615,70.26022304832715
W00004582,320,50,21,29,270,16,254,15.625,6.5625,9.0625,84.375,5,79.375
W00004583,280,41,15,26,239,27,212,14.642857142857144,5.357142857142857,9.285714285714286,85.35714285714285,9.642857142857144,75.71428571428571
W00004584,319,69,24,45,250,24,226,21.630094043887148,7.523510971786834,14.106583072100312,78.36990595611285,7.523510971786834,70.84639498432603
W00004586,313,51,16,35,262,29,233,16.293929712460063,5.111821086261981,11.182108626198083,83.70607028753993,9.26517571884984,74.4408945686901
W00004587,359,46,19,27,313,28,285,12.813370473537605,5.2924791086350975,7.520891364902507,87.1866295264624,7.7994428969359335,79.38718662952647
W00004588,270,57,13,44,213,29,184,21.11111111111111,4.814814814814815,16.296296296296298,78.88888888888889,10.74074074074074,68.14814814814815
W00004589,241,42,15,27,199,19,180,17.42738589211618,6.224066390041494,11.20331950207469,82.57261410788381,7.883817427385892,74.68879668049793
W00004590,478,95,31,64,383,45,338,19.874476987447697,6.485355648535565,13.389121338912133,80.1255230125523,9.414225941422593,70.7112970711297
W00004591,254,52,16,36,202,19,183,20.47244094488189,6.299212598425196,14.173228346456693,79.52755905511812,7.480314960629922,72.04724409448819
W00004592,227,45,17,28,182,24,158,19.823788546255507,7.488986784140969,12.334801762114537,80.1762114537445,10.572687224669604,69.60352422907489
W00004593,264,47,22,25,217,16,201,17.803030303030305,8.333333333333332,9.469696969696969,82.1969696969697,6.0606060606060606,76.13636363636364
W00004594,261,44,24,20,217,19,198,16.85823754789272,9.195402298850574,7.662835249042145,83.14176245210729,7.2796934865900385,75.86206896551724
W00004595,275,51,24,27,224,17,207,18.545454545454547,8.727272727272728,9.818181818181818,81.45454545454545,6.181818181818182,75.27272727272727
W00004596,360,53,26,27,307,22,285,14.722222222222223,7.222222222222221,7.5,85.27777777777777,6.111111111111111,79.16666666666666
W00004597,279,66,27,39,213,26,187,23.655913978494624,9.67741935483871,13.978494623655912,76.34408602150538,9.31899641577061,67.02508960573476
W00004598,351,76,38,38,275,28,247,21.65242165242165,10.826210826210826,10.826210826210826,78.34757834757835,7.977207977207977,70.37037037037037
W00004599,299,53,21,32,246,25,221,17.725752508361204,7.023411371237458,10.702341137123746,82.2742474916388,8.361204013377927,73.91304347826086
W00004600,325,95,50,45,230,14,216,29.230769230769234,15.384615384615385,13.846153846153847,70.76923076923077,4.3076923076923075,66.46153846153847
W00004601,287,62,36,26,225,7,218,21.602787456445995,12.543554006968641,9.059233449477352,78.397212543554,2.4390243902439024,75.9581881533101
W00004602,321,64,31,33,257,15,242,19.937694704049843,9.657320872274143,10.2803738317757,80.06230529595015,4.672897196261682,75.38940809968847
W00004603,305,68,39,29,237,12,225,22.295081967213115,12.786885245901638,9.508196721311474,77.70491803278688,3.934426229508197,73.77049180327869
W00004604,280,72,38,34,208,5,203,25.71428571428571,13.571428571428571,12.142857142857142,74.28571428571429,1.7857142857142856,72.5
W00004605,244,66,32,34,178,9,169,27.049180327868854,13.114754098360656,13.934426229508196,72.95081967213115,3.6885245901639343,69.26229508196722
W00004606,279,46,25,21,233,15,218,16.48745519713262,8.960573476702509,7.526881720430108,83.51254480286738,5.376344086021505,78.13620071684588
W00004607,333,91,42,49,242,15,227,27.32732732732733,12.612612612612612,14.714714714714713,72.67267267267268,4.504504504504505,68.16816816816817
W00004608,206,94,61,33,112,11,101,45.63106796116505,29.61165048543689,16.019417475728158,54.36893203883495,5.339805825242718,49.029126213592235
W00004609,164,55,41,14,109,12,97,33.53658536585366,25,8.536585365853659,66.46341463414635,7.317073170731707,59.14634146341463
W00004610,374,113,60,53,261,15,246,30.213903743315505,16.042780748663102,14.171122994652407,69.78609625668449,4.0106951871657754,65.77540106951871
W00004611,318,86,45,41,232,10,222,27.044025157232703,14.150943396226415,12.89308176100629,72.95597484276729,3.1446540880503147,69.81132075471697
W00004612,226,75,46,29,151,11,140,33.1858407079646,20.353982300884958,12.831858407079647,66.8141592920354,4.867256637168142,61.94690265486725
W00004613,246,55,29,26,191,11,180,22.35772357723577,11.788617886178862,10.569105691056912,77.64227642276423,4.471544715447155,73.17073170731707
W00004614,290,66,45,21,224,12,212,22.758620689655174,15.517241379310345,7.241379310344828,77.24137931034483,4.137931034482759,73.10344827586206
W00004615,324,99,61,38,225,28,197,30.555555555555557,18.82716049382716,11.728395061728394,69.44444444444444,8.641975308641975,60.802469135802475
W00004616,284,94,54,40,190,11,179,33.098591549295776,19.014084507042252,14.084507042253522,66.90140845070422,3.873239436619718,63.02816901408451
W00004617,265,67,38,29,198,15,183,25.28301886792453,14.339622641509434,10.943396226415095,74.71698113207546,5.660377358490567,69.0566037735849
W00004618,249,74,40,34,175,12,163,29.71887550200803,16.06425702811245,13.654618473895583,70.28112449799197,4.819277108433735,65.46184738955823
W00004619,276,79,43,36,197,18,179,28.6231884057971,15.579710144927535,13.043478260869565,71.37681159420289,6.521739130434782,64.85507246376811
W00004620,363,78,37,41,285,14,271,21.487603305785125,10.192837465564738,11.294765840220386,78.51239669421489,3.8567493112947657,74.65564738292011
W00004621,270,101,57,44,169,9,160,37.407407407407405,21.11111111111111,16.296296296296298,62.59259259259259,3.3333333333333335,59.25925925925925
W00004622,299,127,86,41,172,8,164,42.474916387959865,28.762541806020064,13.712374581939798,57.52508361204013,2.6755852842809364,54.84949832775919
W00004623,401,81,41,40,320,18,302,20.199501246882793,10.224438902743142,9.975062344139651,79.80049875311721,4.488778054862843,75.31172069825436
W00004624,284,84,47,37,200,11,189,29.577464788732392,16.549295774647888,13.028169014084506,70.4225352112676,3.873239436619718,66.54929577464789
W00004625,329,61,30,31,268,11,257,18.541033434650455,9.118541033434651,9.422492401215806,81.45896656534954,3.343465045592705,78.11550151975683
W00004626,273,86,56,30,187,14,173,31.5018315018315,20.51282051282051,10.989010989010989,68.4981684981685,5.128205128205128,63.369963369963365
W00004627,405,104,51,53,301,13,288,25.679012345679013,12.592592592592592,13.086419753086421,74.32098765432099,3.2098765432098766,71.11111111111111
W00004628,301,70,35,35,231,18,213,23.25581395348837,11.627906976744185,11.627906976744185,76.74418604651163,5.980066445182724,70.7641196013289
W00004629,317,70,41,29,247,15,232,22.082018927444793,12.933753943217665,9.14826498422713,77.91798107255521,4.73186119873817,73.18611987381703
W00004630,214,62,25,37,152,19,133,28.971962616822427,11.682242990654206,17.289719626168225,71.02803738317756,8.878504672897195,62.149532710280376
W00004631,294,77,31,46,217,21,196,26.190476190476193,10.54421768707483,15.646258503401361,73.80952380952381,7.142857142857142,66.66666666666666
W00004632,223,54,27,27,169,17,152,24.2152466367713,12.10762331838565,12.10762331838565,75.7847533632287,7.623318385650224,68.16143497757847
W00004633,337,83,45,38,254,18,236,24.629080118694365,13.353115727002967,11.275964391691394,75.37091988130564,5.341246290801187,70.02967359050444
W00004634,436,64,22,42,372,30,342,14.678899082568808,5.045871559633028,9.63302752293578,85.3211009174312,6.8807339449541285,78.44036697247707
W00004635,240,39,22,17,201,24,177,16.25,9.166666666666666,7.083333333333333,83.75,10,73.75
W00004636,249,28,7,21,221,21,200,11.244979919678714,2.8112449799196786,8.433734939759036,88.75502008032129,8.433734939759036,80.32128514056225
W00004637,391,78,38,40,313,26,287,19.948849104859335,9.718670076726342,10.230179028132993,80.05115089514067,6.649616368286446,73.40153452685422
W00004638,290,61,31,30,229,12,217,21.03448275862069,10.689655172413794,10.344827586206897,78.96551724137932,4.137931034482759,74.82758620689656
W00004639,252,41,14,27,211,18,193,16.26984126984127,5.555555555555555,10.714285714285714,83.73015873015873,7.142857142857142,76.5873015873016
W00004640,242,45,23,22,197,16,181,18.59504132231405,9.50413223140496,9.090909090909092,81.40495867768594,6.6115702479338845,74.79338842975206
W00004641,290,69,35,34,221,28,193,23.79310344827586,12.068965517241379,11.724137931034482,76.20689655172413,9.655172413793103,66.55172413793103
W00004642,352,81,36,45,271,28,243,23.011363636363637,10.227272727272728,12.784090909090908,76.98863636363636,7.954545454545454,69.0340909090909
W00004643,359,67,20,47,292,28,264,18.662952646239557,5.571030640668524,13.09192200557103,81.33704735376045,7.7994428969359335,73.53760445682451
W00004644,321,53,19,34,268,12,256,16.510903426791277,5.919003115264798,10.59190031152648,83.48909657320873,3.7383177570093453,79.75077881619937
W00004645,334,116,78,38,218,19,199,34.73053892215569,23.353293413173652,11.377245508982035,65.26946107784431,5.688622754491018,59.58083832335329
W00004646,431,71,15,56,360,30,330,16.473317865429234,3.480278422273782,12.993039443155451,83.52668213457076,6.960556844547564,76.5661252900232
W00004647,245,43,18,25,202,15,187,17.551020408163264,7.346938775510205,10.204081632653061,82.44897959183673,6.122448979591836,76.32653061224491
W00004648,397,59,24,35,338,23,315,14.86146095717884,6.045340050377834,8.816120906801007,85.13853904282117,5.793450881612091,79.34508816120906
W00004649,349,59,24,35,290,21,269,16.9054441260745,6.876790830945559,10.028653295128938,83.0945558739255,6.017191977077363,77.07736389684814
W00004650,422,74,25,49,348,30,318,17.535545023696685,5.924170616113744,11.61137440758294,82.46445497630332,7.109004739336493,75.35545023696683
W00004651,308,70,24,46,238,26,212,22.727272727272727,7.792207792207792,14.935064935064934,77.27272727272727,8.441558441558442,68.83116883116884
W00004652,339,75,31,44,264,32,232,22.123893805309734,9.144542772861357,12.979351032448378,77.87610619469027,9.43952802359882,68.43657817109144
W00004653,351,48,24,24,303,35,268,13.675213675213676,6.837606837606838,6.837606837606838,86.32478632478633,9.971509971509972,76.35327635327636
W00004654,373,45,17,28,328,35,293,12.064343163538874,4.557640750670242,7.506702412868632,87.93565683646113,9.383378016085791,78.55227882037534
W00004655,406,82,30,52,324,28,296,20.19704433497537,7.389162561576355,12.807881773399016,79.80295566502463,6.896551724137931,72.9064039408867
W00004656,470,81,22,59,389,38,351,17.23404255319149,4.680851063829787,12.553191489361701,82.76595744680851,8.085106382978724,74.68085106382979
W00004657,361,58,9,49,303,26,277,16.06648199445983,2.4930747922437675,13.573407202216067,83.93351800554017,7.202216066481995,76.73130193905817
W00004658,404,62,17,45,342,29,313,15.346534653465346,4.207920792079208,11.138613861386139,84.65346534653465,7.1782178217821775,77.47524752475248
W00004659,325,48,21,27,277,33,244,14.76923076923077,6.461538461538462,8.307692307692308,85.23076923076923,10.153846153846153,75.07692307692308
W00004660,226,42,13,29,184,24,160,18.58407079646018,5.752212389380531,12.831858407079647,81.41592920353983,10.619469026548673,70.79646017699115
W00004661,342,60,13,47,282,31,251,17.543859649122805,3.8011695906432745,13.742690058479532,82.45614035087719,9.064327485380117,73.39181286549707
W00004662,393,93,42,51,300,29,271,23.66412213740458,10.687022900763358,12.977099236641221,76.33587786259542,7.37913486005089,68.95674300254453
W00004663,375,55,16,39,320,44,276,14.666666666666666,4.266666666666667,10.4,85.33333333333334,11.733333333333333,73.6
W00004664,426,62,18,44,364,25,339,14.553990610328638,4.225352112676056,10.328638497652582,85.44600938967136,5.868544600938967,79.5774647887324
W00004665,259,53,19,34,206,30,176,20.463320463320464,7.335907335907336,13.127413127413126,79.53667953667953,11.583011583011583,67.95366795366795
W00004666,257,37,15,22,220,35,185,14.396887159533073,5.836575875486381,8.560311284046692,85.60311284046692,13.618677042801556,71.98443579766537
W00004667,269,37,17,20,232,38,194,13.754646840148698,6.319702602230483,7.434944237918216,86.2453531598513,14.12639405204461,72.11895910780669
W00004668,331,50,19,31,281,24,257,15.105740181268882,5.740181268882175,9.365558912386707,84.89425981873111,7.250755287009064,77.64350453172206
W00004669,317,61,32,29,256,37,219,19.242902208201894,10.094637223974763,9.14826498422713,80.7570977917981,11.67192429022082,69.08517350157729
W00004670,318,56,24,32,262,18,244,17.61006289308176,7.547169811320755,10.062893081761008,82.38993710691824,5.660377358490567,76.72955974842768
W00004671,223,69,42,27,154,28,126,30.94170403587444,18.83408071748879,12.10762331838565,69.05829596412556,12.556053811659194,56.502242152466366
W00004672,285,55,30,25,230,25,205,19.298245614035086,10.526315789473683,8.771929824561402,80.7017543859649,8.771929824561402,71.9298245614035
W00004673,333,79,41,38,254,24,230,23.723723723723726,12.312312312312311,11.411411411411411,76.27627627627628,7.207207207207207,69.06906906906907
W00004674,385,81,45,36,304,21,283,21.038961038961038,11.688311688311687,9.35064935064935,78.96103896103897,5.454545454545454,73.50649350649351
W00004675,331,49,20,29,282,17,265,14.803625377643503,6.042296072507553,8.761329305135952,85.1963746223565,5.13595166163142,80.06042296072508
W00004676,287,50,23,27,237,22,215,17.421602787456447,8.013937282229964,9.40766550522648,82.57839721254355,7.665505226480835,74.91289198606272
W00004677,260,34,10,24,226,15,211,13.076923076923078,3.8461538461538463,9.230769230769232,86.92307692307692,5.769230769230769,81.15384615384616
W00004678,330,79,34,45,251,23,228,23.939393939393938,10.303030303030303,13.636363636363635,76.06060606060606,6.969696969696971,69.0909090909091
W00004679,396,83,32,51,313,24,289,20.95959595959596,8.080808080808081,12.878787878787879,79.04040404040404,6.0606060606060606,72.97979797979798
W00004680,291,70,35,35,221,16,205,24.054982817869416,12.027491408934708,12.027491408934708,75.94501718213058,5.498281786941581,70.44673539518901
W00004681,346,63,34,29,283,34,249,18.20809248554913,9.826589595375722,8.38150289017341,81.79190751445087,9.826589595375722,71.96531791907515
W00004682,289,87,48,39,202,14,188,30.103806228373703,16.608996539792386,13.494809688581316,69.8961937716263,4.844290657439446,65.05190311418684
W00004683,252,77,54,23,175,17,158,30.555555555555557,21.428571428571427,9.126984126984127,69.44444444444444,6.746031746031746,62.698412698412696
W00004684,306,68,38,30,238,15,223,22.22222222222222,12.418300653594772,9.803921568627452,77.77777777777779,4.901960784313726,72.87581699346404
W00004685,238,52,22,30,186,28,158,21.84873949579832,9.243697478991598,12.605042016806722,78.15126050420169,11.76470588235294,66.38655462184873
W00004686,283,45,15,30,238,23,215,15.901060070671377,5.30035335689046,10.60070671378092,84.09893992932862,8.12720848056537,75.97173144876325
W00004687,204,37,11,26,167,16,151,18.137254901960784,5.392156862745098,12.745098039215685,81.86274509803921,7.8431372549019605,74.01960784313727
W00004688,247,61,31,30,186,16,170,24.696356275303643,12.550607287449392,12.145748987854251,75.30364372469636,6.477732793522267,68.82591093117408
W00004689,339,126,95,31,213,26,187,37.16814159292036,28.023598820058996,9.144542772861357,62.83185840707964,7.669616519174041,55.16224188790561
W00004690,223,58,26,32,165,22,143,26.00896860986547,11.659192825112108,14.349775784753364,73.99103139013454,9.865470852017937,64.12556053811659
W00004691,276,36,14,22,240,27,213,13.043478260869565,5.072463768115942,7.971014492753622,86.95652173913044,9.782608695652174,77.17391304347827
W00004692,287,29,11,18,258,27,231,10.104529616724738,3.8327526132404177,6.2717770034843205,89.89547038327527,9.40766550522648,80.48780487804879
W00004693,394,70,24,46,324,23,301,17.766497461928935,6.091370558375635,11.6751269035533,82.23350253807106,5.83756345177665,76.39593908629442
W00004694,255,52,18,34,203,20,183,20.392156862745097,7.0588235294117645,13.333333333333334,79.6078431372549,7.8431372549019605,71.76470588235294
W00004695,228,44,23,21,184,21,163,19.298245614035086,10.087719298245613,9.210526315789473,80.7017543859649,9.210526315789473,71.49122807017544
W00004696,231,41,11,30,190,17,173,17.74891774891775,4.761904761904762,12.987012987012985,82.25108225108225,7.35930735930736,74.89177489177489
W00004697,209,53,23,30,156,13,143,25.358851674641148,11.004784688995215,14.354066985645932,74.64114832535886,6.220095693779904,68.42105263157895
W00004698,269,47,14,33,222,21,201,17.472118959107807,5.204460966542751,12.267657992565056,82.5278810408922,7.806691449814126,74.72118959107806
W00004699,267,74,37,37,193,21,172,27.715355805243448,13.857677902621724,13.857677902621724,72.28464419475655,7.865168539325842,64.41947565543072
W00004700,210,81,56,25,129,8,121,38.57142857142858,26.666666666666668,11.904761904761903,61.42857142857143,3.8095238095238098,57.61904761904761
W00004701,226,61,33,28,165,19,146,26.991150442477874,14.601769911504425,12.389380530973451,73.00884955752213,8.4070796460177,64.60176991150442
W00004702,250,39,21,18,211,26,185,15.6,8.4,7.199999999999999,84.39999999999999,10.4,74
W00004703,206,60,26,34,146,11,135,29.126213592233007,12.62135922330097,16.50485436893204,70.87378640776699,5.339805825242718,65.53398058252428
W00004704,236,77,49,28,159,10,149,32.6271186440678,20.76271186440678,11.864406779661017,67.37288135593221,4.23728813559322,63.13559322033898
W00004705,354,103,58,45,251,26,225,29.09604519774011,16.38418079096045,12.711864406779661,70.90395480225989,7.344632768361582,63.559322033898304
W00010069,240,29,6,23,211,20,191,12.083333333333334,2.5,9.583333333333334,87.91666666666667,8.333333333333332,79.58333333333333
W00010070,253,82,54,28,171,15,156,32.41106719367589,21.34387351778656,11.067193675889328,67.58893280632411,5.928853754940711,61.6600790513834
W00010072,137,9,1,8,128,10,118,6.569343065693431,0.7299270072992701,5.839416058394161,93.43065693430657,7.2992700729927,86.13138686131386
W00010073,1112,211,44,167,901,80,821,18.974820143884894,3.9568345323741005,15.017985611510792,81.0251798561151,7.1942446043165464,73.83093525179856
W00010075,320,115,68,47,205,19,186,35.9375,21.25,14.6875,64.0625,5.9375,58.12500000000001
W00010076,225,57,31,26,168,16,152,25.333333333333336,13.777777777777779,11.555555555555555,74.66666666666667,7.111111111111111,67.55555555555556
W00010078,393,48,19,29,345,25,320,12.213740458015266,4.8346055979643765,7.37913486005089,87.78625954198473,6.361323155216285,81.42493638676844
W00010079,292,46,17,29,246,24,222,15.753424657534246,5.821917808219178,9.931506849315069,84.24657534246576,8.21917808219178,76.02739726027397
W00010081,303,49,26,23,254,19,235,16.17161716171617,8.58085808580858,7.590759075907591,83.82838283828383,6.270627062706271,77.55775577557755
W00010082,178,38,17,21,140,7,133,21.34831460674157,9.550561797752808,11.797752808988763,78.65168539325843,3.932584269662921,74.71910112359551
W00010084,350,39,17,22,311,29,282,11.142857142857142,4.857142857142857,6.2857142857142865,88.85714285714286,8.285714285714285,80.57142857142857
W00010085,205,57,32,25,148,17,131,27.80487804878049,15.609756097560975,12.195121951219512,72.1951219512195,8.292682926829269,63.90243902439025
W00010087,245,35,10,25,210,12,198,14.285714285714285,4.081632653061225,10.204081632653061,85.71428571428571,4.8979591836734695,80.81632653061224
W00010090,268,80,42,38,188,21,167,29.850746268656714,15.671641791044777,14.17910447761194,70.1492537313433,7.835820895522389,62.31343283582089
W00010091,147,29,10,19,118,6,112,19.727891156462583,6.802721088435375,12.925170068027212,80.27210884353741,4.081632653061225,76.19047619047619
W00010093,211,23,10,13,188,19,169,10.90047393364929,4.739336492890995,6.161137440758294,89.0995260663507,9.004739336492891,80.09478672985783
W00010094,188,26,11,15,162,15,147,13.829787234042554,5.851063829787234,7.9787234042553195,86.17021276595744,7.9787234042553195,78.19148936170212
W00010096,134,30,10,20,104,8,96,22.388059701492537,7.462686567164178,14.925373134328357,77.61194029850746,5.970149253731343,71.64179104477611
W00010097,220,74,46,28,146,9,137,33.63636363636363,20.909090909090907,12.727272727272727,66.36363636363637,4.090909090909091,62.272727272727266
W00010233,298,43,16,27,255,20,235,14.429530201342283,5.369127516778524,9.060402684563758,85.57046979865773,6.7114093959731544,78.85906040268456
W00010234,267,75,37,38,192,13,179,28.08988764044944,13.857677902621724,14.232209737827715,71.91011235955057,4.868913857677903,67.04119850187266
W00010235,326,40,8,32,286,19,267,12.269938650306749,2.4539877300613497,9.815950920245399,87.73006134969326,5.828220858895705,81.90184049079755
W00010236,239,40,14,26,199,9,190,16.736401673640167,5.857740585774058,10.87866108786611,83.26359832635984,3.765690376569038,79.49790794979079
W00010237,359,44,18,26,315,27,288,12.256267409470752,5.013927576601671,7.242339832869081,87.74373259052925,7.520891364902507,80.22284122562674
W00010238,337,39,27,12,298,24,274,11.572700296735905,8.011869436201781,3.5608308605341246,88.4272997032641,7.121661721068249,81.30563798219585
W00010239,120,18,5,13,102,10,92,15,4.166666666666666,10.833333333333334,85,8.333333333333332,76.66666666666667
W00010240,198,25,8,17,173,17,156,12.626262626262626,4.040404040404041,8.585858585858585,87.37373737373737,8.585858585858585,78.78787878787878
W00010242,295,60,29,31,235,19,216,20.33898305084746,9.830508474576272,10.508474576271185,79.66101694915254,6.440677966101695,73.22033898305085
W00010243,270,57,20,37,213,22,191,21.11111111111111,7.4074074074074066,13.703703703703704,78.88888888888889,8.148148148148149,70.74074074074073
W00010244,283,70,44,26,213,11,202,24.73498233215548,15.547703180212014,9.187279151943462,75.26501766784452,3.8869257950530036,71.37809187279152
W00010245,280,99,65,34,181,17,164,35.35714285714286,23.214285714285715,12.142857142857142,64.64285714285715,6.071428571428571,58.57142857142858
W00010246,190,31,11,20,159,15,144,16.315789473684212,5.7894736842105265,10.526315789473683,83.6842105263158,7.894736842105263,75.78947368421053
W00010247,399,40,18,22,359,18,341,10.025062656641603,4.511278195488721,5.513784461152882,89.97493734335839,4.511278195488721,85.46365914786968
W00010248,454,53,27,26,401,27,374,11.674008810572687,5.947136563876652,5.726872246696035,88.32599118942731,5.947136563876652,82.37885462555066
W00010249,435,38,18,20,397,38,359,8.735632183908045,4.137931034482759,4.597701149425287,91.26436781609195,8.735632183908045,82.5287356321839
W00010250,405,48,20,28,357,19,338,11.851851851851853,4.938271604938271,6.91358024691358,88.14814814814815,4.691358024691358,83.4567901234568
W00010251,276,70,30,40,206,20,186,25.36231884057971,10.869565217391305,14.492753623188406,74.63768115942028,7.246376811594203,67.3913043478261
W00010252,220,27,4,23,193,22,171,12.272727272727273,1.8181818181818181,10.454545454545453,87.72727272727273,10,77.72727272727272
W00010253,156,24,10,14,132,9,123,15.384615384615385,6.41025641025641,8.974358974358974,84.61538461538461,5.769230769230769,78.84615384615384
W00010254,137,21,6,15,116,16,100,15.328467153284672,4.37956204379562,10.948905109489052,84.67153284671532,11.678832116788321,72.99270072992701
W00010255,116,21,6,15,95,8,87,18.103448275862068,5.172413793103448,12.931034482758621,81.89655172413794,6.896551724137931,75
W00010256,344,36,16,20,308,22,286,10.465116279069768,4.651162790697675,5.813953488372093,89.53488372093024,6.395348837209303,83.13953488372093
W00010257,277,37,10,27,240,21,219,13.357400722021662,3.6101083032490973,9.747292418772563,86.64259927797833,7.581227436823104,79.06137184115524
W00010259,342,33,11,22,309,25,284,9.649122807017543,3.216374269005848,6.432748538011696,90.35087719298247,7.309941520467836,83.04093567251462
W00010260,393,41,13,28,352,35,317,10.432569974554708,3.307888040712468,7.124681933842239,89.56743002544529,8.9058524173028,80.6615776081425
W00010261,331,43,18,25,288,20,268,12.990936555891238,5.438066465256798,7.552870090634441,87.00906344410876,6.042296072507553,80.96676737160121
W00010262,220,57,36,21,163,7,156,25.90909090909091,16.363636363636363,9.545454545454547,74.0909090909091,3.1818181818181817,70.9090909090909
W00010263,287,48,19,29,239,16,223,16.72473867595819,6.620209059233449,10.104529616724738,83.27526132404182,5.574912891986063,77.70034843205575
W00010264,285,35,12,23,250,17,233,12.280701754385964,4.2105263157894735,8.070175438596491,87.71929824561403,5.964912280701754,81.75438596491227
W00010265,146,59,31,28,87,19,68,40.41095890410959,21.232876712328768,19.17808219178082,59.589041095890416,13.013698630136986,46.57534246575342
W00010356,360,88,43,45,272,16,256,24.444444444444443,11.944444444444445,12.5,75.55555555555556,4.444444444444445,71.11111111111111
W00010365,457,172,99,73,285,30,255,37.63676148796499,21.663019693654267,15.973741794310722,62.36323851203501,6.564551422319474,55.798687089715536
W00010366,349,70,27,43,279,22,257,20.057306590257877,7.736389684813753,12.320916905444127,79.94269340974212,6.303724928366762,73.63896848137536
W00010368,345,42,18,24,303,29,274,12.173913043478262,5.217391304347826,6.956521739130435,87.82608695652175,8.405797101449275,79.42028985507247
W00010369,270,30,11,19,240,25,215,11.11111111111111,4.074074074074074,7.037037037037037,88.88888888888889,9.25925925925926,79.62962962962963
W00010372,236,67,32,35,169,19,150,28.389830508474578,13.559322033898304,14.83050847457627,71.61016949152543,8.050847457627118,63.559322033898304
W00010375,333,34,11,23,299,24,275,10.21021021021021,3.303303303303303,6.906906906906906,89.7897897897898,7.207207207207207,82.58258258258259
W00010376,898,165,45,120,733,48,685,18.374164810690424,5.011135857461024,13.3630289532294,81.62583518930958,5.3452115812917596,76.28062360801782
W00010378,278,27,7,20,251,10,241,9.712230215827338,2.5179856115107913,7.1942446043165464,90.28776978417267,3.5971223021582732,86.6906474820144
W00010380,195,37,15,22,158,17,141,18.974358974358974,7.6923076923076925,11.282051282051283,81.02564102564102,8.717948717948717,72.3076923076923
W00010384,262,46,26,20,216,16,200,17.557251908396946,9.923664122137405,7.633587786259542,82.44274809160305,6.106870229007633,76.33587786259542
W00010393,268,15,5,10,253,21,232,5.597014925373134,1.8656716417910446,3.731343283582089,94.40298507462687,7.835820895522389,86.56716417910447
W00010394,311,31,8,23,280,30,250,9.967845659163988,2.572347266881029,7.395498392282958,90.03215434083602,9.646302250803858,80.38585209003215
W00010400,478,93,36,57,385,14,371,19.456066945606697,7.531380753138076,11.92468619246862,80.5439330543933,2.928870292887029,77.61506276150628
W00010403,115,21,7,14,94,6,88,18.26086956521739,6.086956521739131,12.173913043478262,81.73913043478261,5.217391304347826,76.52173913043478
W00010406,278,44,21,23,234,21,213,15.827338129496402,7.553956834532374,8.273381294964029,84.17266187050359,7.553956834532374,76.61870503597122
W00010411,290,35,16,19,255,19,236,12.068965517241379,5.517241379310345,6.551724137931035,87.93103448275862,6.551724137931035,81.37931034482759
W00010413,192,37,18,19,155,17,138,19.270833333333336,9.375,9.895833333333332,80.72916666666666,8.854166666666668,71.875
W00010414,103,15,0,15,88,4,84,14.563106796116504,0,14.563106796116504,85.43689320388349,3.8834951456310676,81.55339805825243
W00010420,326,67,31,36,259,23,236,20.552147239263803,9.509202453987731,11.042944785276074,79.4478527607362,7.05521472392638,72.39263803680981
W00010431,251,64,37,27,187,13,174,25.49800796812749,14.741035856573706,10.756972111553784,74.5019920318725,5.179282868525896,69.32270916334662
W00010432,292,70,38,32,222,23,199,23.972602739726025,13.013698630136986,10.95890410958904,76.02739726027397,7.876712328767123,68.15068493150685
W00010433,201,23,8,15,178,18,160,11.442786069651742,3.9800995024875623,7.462686567164178,88.55721393034825,8.955223880597014,79.60199004975125
W00010436,591,84,27,57,507,37,470,14.213197969543149,4.568527918781726,9.644670050761421,85.78680203045685,6.260575296108291,79.52622673434855
W00010438,354,52,27,25,302,13,289,14.689265536723164,7.627118644067797,7.062146892655368,85.31073446327684,3.672316384180791,81.63841807909604
W00010442,216,56,32,24,160,8,152,25.925925925925924,14.814814814814813,11.11111111111111,74.07407407407408,3.7037037037037033,70.37037037037037
W00010445,311,41,13,28,270,18,252,13.183279742765272,4.180064308681672,9.003215434083602,86.81672025723472,5.787781350482315,81.02893890675242
W00010446,230,51,24,27,179,10,169,22.17391304347826,10.434782608695652,11.73913043478261,77.82608695652173,4.3478260869565215,73.47826086956522
