OA,ts0380001,ts0380002,ts0380003,ts0380004,ts0380005,ts0380006,ts0380007,ts0380002_PCT,ts0380003_PCT,ts0380004_PCT,ts0380005_PCT,ts0380006_PCT,ts0380007_PCT
E00078231,339,24,5,19,315,33,282,7.079646017699115,1.4749262536873156,5.604719764011799,92.92035398230088,9.734513274336283,83.1858407079646
E00078232,272,44,14,30,228,22,206,16.176470588235293,5.147058823529411,11.029411764705882,83.82352941176471,8.088235294117647,75.73529411764706
E00078235,571,52,9,43,519,48,471,9.106830122591944,1.5761821366024518,7.530647985989491,90.89316987740806,8.40630472854641,82.48686514886164
E00078236,339,37,10,27,302,29,273,10.914454277286136,2.949852507374631,7.964601769911504,89.08554572271386,8.55457227138643,80.53097345132744
E00078237,320,31,8,23,289,33,256,9.6875,2.5,7.187499999999999,90.3125,10.3125,80
E00078238,306,44,17,27,262,22,240,14.37908496732026,5.555555555555555,8.823529411764707,85.62091503267973,7.18954248366013,78.43137254901961
E00078239,448,48,16,32,400,42,358,10.714285714285714,3.571428571428571,7.142857142857142,89.28571428571429,9.375,79.91071428571429
E00078243,554,46,13,33,508,44,464,8.303249097472925,2.3465703971119134,5.956678700361011,91.69675090252709,7.9422382671480145,83.75451263537906
E00078244,305,37,16,21,268,29,239,12.131147540983607,5.245901639344262,6.885245901639345,87.8688524590164,9.508196721311474,78.36065573770492
E00078245,407,96,53,43,311,26,285,23.587223587223587,13.022113022113022,10.565110565110565,76.41277641277642,6.388206388206388,70.02457002457002
E00078247,285,38,14,24,247,25,222,13.333333333333334,4.912280701754386,8.421052631578947,86.66666666666667,8.771929824561402,77.89473684210526
E00078248,242,56,26,30,186,11,175,23.140495867768596,10.743801652892563,12.396694214876034,76.85950413223141,4.545454545454546,72.31404958677686
E00078249,431,60,25,35,371,31,340,13.921113689095128,5.800464037122969,8.120649651972158,86.07888631090486,7.192575406032482,78.88631090487239
E00078250,259,47,17,30,212,22,190,18.146718146718147,6.563706563706563,11.583011583011583,81.85328185328186,8.494208494208493,73.35907335907336
E00078251,245,27,3,24,218,18,200,11.020408163265307,1.2244897959183674,9.795918367346939,88.9795918367347,7.346938775510205,81.63265306122449
E00078252,315,35,9,26,280,33,247,11.11111111111111,2.857142857142857,8.253968253968253,88.88888888888889,10.476190476190476,78.41269841269842
E00078253,241,42,19,23,199,18,181,17.42738589211618,7.883817427385892,9.54356846473029,82.57261410788381,7.468879668049793,75.10373443983403
E00078254,307,47,13,34,260,21,239,15.309446254071663,4.234527687296417,11.074918566775244,84.69055374592834,6.840390879478828,77.85016286644951
E00078255,228,31,19,12,197,22,175,13.596491228070176,8.333333333333332,5.263157894736842,86.40350877192982,9.649122807017543,76.75438596491229
E00078256,269,49,17,32,220,17,203,18.21561338289963,6.319702602230483,11.895910780669144,81.78438661710037,6.319702602230483,75.46468401486989
E00078257,314,47,15,32,267,24,243,14.968152866242038,4.777070063694268,10.191082802547772,85.03184713375796,7.643312101910828,77.38853503184714
E00078258,340,39,15,24,301,14,287,11.470588235294118,4.411764705882353,7.0588235294117645,88.52941176470588,4.117647058823529,84.41176470588235
E00078259,523,48,17,31,475,9,466,9.177820267686425,3.2504780114722758,5.927342256214149,90.82217973231359,1.7208413001912046,89.10133843212236
E00078260,329,39,11,28,290,17,273,11.854103343465045,3.343465045592705,8.51063829787234,88.14589665653494,5.167173252279635,82.97872340425532
E00078261,229,31,10,21,198,13,185,13.537117903930133,4.366812227074235,9.170305676855897,86.46288209606988,5.676855895196507,80.78602620087337
E00078263,461,45,17,28,416,33,383,9.761388286334057,3.68763557483731,6.073752711496746,90.23861171366593,7.158351409978309,83.08026030368764
E00078264,490,22,10,12,468,21,447,4.489795918367347,2.0408163265306123,2.4489795918367347,95.51020408163265,4.285714285714286,91.22448979591836
E00078265,496,38,14,24,458,16,442,7.661290322580645,2.82258064516129,4.838709677419355,92.33870967741935,3.225806451612903,89.11290322580645
E00078266,460,17,6,11,443,18,425,3.6956521739130435,1.3043478260869565,2.391304347826087,96.30434782608695,3.91304347826087,92.3913043478261
E00078269,433,32,9,23,401,10,391,7.390300230946882,2.0785219399538106,5.311778290993072,92.60969976905312,2.3094688221709005,90.30023094688222
E00078271,543,29,10,19,514,7,507,5.3406998158379375,1.841620626151013,3.4990791896869244,94.65930018416206,1.289134438305709,93.37016574585635
E00078272,540,31,9,22,509,15,494,5.7407407407407405,1.6666666666666667,4.074074074074074,94.25925925925925,2.7777777777777777,91.48148148148148
E00078273,554,35,10,25,519,19,500,6.31768953068592,1.8050541516245486,4.512635379061372,93.68231046931407,3.429602888086643,90.25270758122743
E00078274,468,48,18,30,420,19,401,10.256410256410255,3.8461538461538463,6.41025641025641,89.74358974358975,4.05982905982906,85.68376068376068
E00078275,496,40,18,22,456,9,447,8.064516129032258,3.6290322580645165,4.435483870967742,91.93548387096774,1.8145161290322582,90.12096774193549
E00078276,405,79,34,45,326,22,304,19.50617283950617,8.395061728395062,11.11111111111111,80.49382716049382,5.432098765432099,75.06172839506173
E00078277,178,69,35,34,109,6,103,38.764044943820224,19.662921348314608,19.101123595505616,61.23595505617978,3.3707865168539324,57.865168539325836
E00078278,227,59,24,35,168,8,160,25.991189427312776,10.572687224669604,15.418502202643172,74.00881057268722,3.524229074889868,70.48458149779736
E00078279,352,44,13,31,308,16,292,12.5,3.6931818181818183,8.806818181818182,87.5,4.545454545454546,82.95454545454545
E00078280,390,48,19,29,342,16,326,12.307692307692308,4.871794871794872,7.435897435897436,87.6923076923077,4.102564102564102,83.58974358974359
E00078281,281,33,15,18,248,20,228,11.743772241992882,5.338078291814947,6.405693950177936,88.25622775800713,7.11743772241993,81.13879003558719
E00078282,379,34,17,17,345,15,330,8.970976253298153,4.485488126649076,4.485488126649076,91.02902374670184,3.95778364116095,87.0712401055409
E00078283,269,66,33,33,203,15,188,24.53531598513011,12.267657992565056,12.267657992565056,75.46468401486989,5.5762081784386615,69.88847583643123
E00078284,391,72,38,34,319,14,305,18.414322250639387,9.718670076726342,8.695652173913043,81.58567774936061,3.580562659846547,78.00511508951406
E00078285,330,38,15,23,292,17,275,11.515151515151516,4.545454545454546,6.969696969696971,88.48484848484848,5.151515151515151,83.33333333333334
E00078286,453,59,17,42,394,32,362,13.024282560706402,3.7527593818984544,9.271523178807946,86.9757174392936,7.06401766004415,79.91169977924945
E00078287,356,42,17,25,314,20,294,11.797752808988763,4.775280898876404,7.02247191011236,88.20224719101124,5.617977528089887,82.58426966292134
E00078288,278,37,15,22,241,20,221,13.309352517985612,5.39568345323741,7.913669064748201,86.6906474820144,7.1942446043165464,79.49640287769785
E00078289,270,30,12,18,240,24,216,11.11111111111111,4.444444444444445,6.666666666666667,88.88888888888889,8.88888888888889,80
E00078290,311,45,12,33,266,18,248,14.469453376205788,3.858520900321544,10.610932475884244,85.53054662379421,5.787781350482315,79.7427652733119
E00078291,336,49,14,35,287,27,260,14.583333333333334,4.166666666666666,10.416666666666668,85.41666666666666,8.035714285714286,77.38095238095238
E00078292,285,31,6,25,254,26,228,10.87719298245614,2.1052631578947367,8.771929824561402,89.12280701754386,9.12280701754386,80
E00078293,210,47,19,28,163,20,143,22.380952380952383,9.047619047619047,13.333333333333334,77.61904761904762,9.523809523809524,68.0952380952381
E00078294,296,50,13,37,246,26,220,16.89189189189189,4.391891891891892,12.5,83.1081081081081,8.783783783783784,74.32432432432432
E00078295,298,51,22,29,247,25,222,17.114093959731544,7.38255033557047,9.731543624161073,82.88590604026845,8.389261744966444,74.49664429530202
E00078296,282,46,15,31,236,25,211,16.312056737588655,5.319148936170213,10.99290780141844,83.68794326241135,8.865248226950355,74.822695035461
E00078297,250,53,21,32,197,26,171,21.2,8.4,12.8,78.8,10.4,68.4
E00078298,271,31,11,20,240,22,218,11.439114391143912,4.059040590405904,7.380073800738007,88.56088560885608,8.118081180811808,80.44280442804428
E00078299,314,55,15,40,259,34,225,17.51592356687898,4.777070063694268,12.738853503184714,82.48407643312102,10.828025477707007,71.656050955414
E00078300,321,48,18,30,273,23,250,14.953271028037381,5.607476635514018,9.345794392523365,85.04672897196261,7.165109034267912,77.88161993769471
E00078301,286,51,24,27,235,24,211,17.832167832167833,8.391608391608392,9.44055944055944,82.16783216783216,8.391608391608392,73.77622377622379
E00078302,285,52,22,30,233,23,210,18.24561403508772,7.719298245614035,10.526315789473683,81.75438596491227,8.070175438596491,73.68421052631578
E00078303,178,40,18,22,138,16,122,22.47191011235955,10.112359550561797,12.359550561797752,77.52808988764045,8.98876404494382,68.53932584269663
E00078304,255,52,23,29,203,18,185,20.392156862745097,9.019607843137255,11.372549019607844,79.6078431372549,7.0588235294117645,72.54901960784314
E00078305,281,46,13,33,235,18,217,16.370106761565836,4.6263345195729535,11.743772241992882,83.62989323843416,6.405693950177936,77.22419928825623
E00078306,252,34,12,22,218,15,203,13.492063492063492,4.761904761904762,8.73015873015873,86.5079365079365,5.952380952380952,80.55555555555556
E00078307,303,53,13,40,250,36,214,17.491749174917494,4.29042904290429,13.2013201320132,82.50825082508251,11.881188118811881,70.62706270627062
E00078308,248,45,16,29,203,13,190,18.14516129032258,6.451612903225806,11.693548387096774,81.85483870967742,5.241935483870968,76.61290322580645
E00078310,293,49,27,22,244,29,215,16.723549488054605,9.215017064846416,7.508532423208192,83.27645051194538,9.897610921501707,73.37883959044369
E00078311,275,47,19,28,228,15,213,17.09090909090909,6.909090909090909,10.181818181818182,82.9090909090909,5.454545454545454,77.45454545454545
E00078312,360,52,18,34,308,25,283,14.444444444444443,5,9.444444444444445,85.55555555555556,6.944444444444445,78.61111111111111
E00078313,282,45,14,31,237,22,215,15.957446808510639,4.964539007092199,10.99290780141844,84.04255319148936,7.801418439716312,76.24113475177306
E00078314,296,49,17,32,247,20,227,16.554054054054053,5.743243243243244,10.81081081081081,83.44594594594594,6.756756756756757,76.6891891891892
E00078315,246,54,23,31,192,19,173,21.951219512195124,9.34959349593496,12.601626016260163,78.04878048780488,7.723577235772358,70.32520325203252
E00078316,254,50,24,26,204,17,187,19.68503937007874,9.448818897637794,10.236220472440944,80.31496062992126,6.692913385826772,73.62204724409449
E00078317,286,38,11,27,248,24,224,13.286713286713287,3.8461538461538463,9.44055944055944,86.7132867132867,8.391608391608392,78.32167832167832
E00078318,243,54,25,29,189,25,164,22.22222222222222,10.2880658436214,11.934156378600823,77.77777777777779,10.2880658436214,67.48971193415639
E00078319,254,37,14,23,217,26,191,14.566929133858267,5.511811023622047,9.05511811023622,85.43307086614173,10.236220472440944,75.19685039370079
E00078320,280,48,18,30,232,24,208,17.142857142857142,6.428571428571428,10.714285714285714,82.85714285714286,8.571428571428571,74.28571428571429
E00078321,290,53,18,35,237,22,215,18.275862068965516,6.206896551724138,12.068965517241379,81.72413793103448,7.586206896551724,74.13793103448276
E00078323,287,65,30,35,222,14,208,22.64808362369338,10.452961672473867,12.195121951219512,77.35191637630662,4.878048780487805,72.47386759581882
E00078324,156,26,12,14,130,21,109,16.666666666666664,7.6923076923076925,8.974358974358974,83.33333333333334,13.461538461538462,69.87179487179486
E00078325,243,67,40,27,176,15,161,27.572016460905353,16.46090534979424,11.11111111111111,72.42798353909465,6.172839506172839,66.2551440329218
E00078326,324,64,24,40,260,24,236,19.753086419753085,7.4074074074074066,12.345679012345679,80.24691358024691,7.4074074074074066,72.8395061728395
E00078327,244,45,22,23,199,17,182,18.442622950819672,9.01639344262295,9.426229508196721,81.55737704918032,6.967213114754098,74.59016393442623
E00078328,394,70,32,38,324,24,300,17.766497461928935,8.121827411167512,9.644670050761421,82.23350253807106,6.091370558375635,76.14213197969542
E00078329,280,48,15,33,232,22,210,17.142857142857142,5.357142857142857,11.785714285714285,82.85714285714286,7.857142857142857,75
E00078330,194,76,36,40,118,15,103,39.175257731958766,18.556701030927837,20.618556701030926,60.824742268041234,7.731958762886598,53.09278350515464
E00078331,197,59,26,33,138,11,127,29.949238578680205,13.19796954314721,16.751269035532996,70.05076142131979,5.583756345177665,64.46700507614213
E00078332,347,59,18,41,288,23,265,17.002881844380404,5.187319884726225,11.815561959654179,82.9971181556196,6.628242074927954,76.36887608069163
E00078333,290,45,11,34,245,17,228,15.517241379310345,3.793103448275862,11.724137931034482,84.48275862068965,5.862068965517241,78.62068965517241
E00078334,249,49,13,36,200,14,186,19.67871485943775,5.220883534136546,14.457831325301203,80.32128514056225,5.622489959839357,74.69879518072288
E00078335,298,54,17,37,244,23,221,18.120805369127517,5.704697986577181,12.416107382550337,81.87919463087249,7.718120805369128,74.16107382550335
E00078336,334,35,9,26,299,34,265,10.479041916167663,2.694610778443114,7.784431137724551,89.52095808383234,10.179640718562874,79.34131736526946
E00078337,335,109,40,69,226,21,205,32.537313432835816,11.940298507462686,20.597014925373134,67.46268656716417,6.26865671641791,61.19402985074627
E00078338,334,56,20,36,278,19,259,16.766467065868262,5.9880239520958085,10.778443113772456,83.23353293413174,5.688622754491018,77.54491017964071
E00078339,224,47,17,30,177,19,158,20.982142857142858,7.5892857142857135,13.392857142857142,79.01785714285714,8.482142857142858,70.53571428571429
E00078340,232,44,16,28,188,17,171,18.96551724137931,6.896551724137931,12.068965517241379,81.03448275862068,7.327586206896551,73.70689655172413
E00078341,309,53,24,29,256,25,231,17.15210355987055,7.766990291262135,9.385113268608414,82.84789644012946,8.090614886731391,74.75728155339806
E00078342,137,52,29,23,85,14,71,37.95620437956204,21.16788321167883,16.78832116788321,62.04379562043796,10.218978102189782,51.82481751824818
E00078343,335,44,14,30,291,32,259,13.134328358208954,4.179104477611941,8.955223880597014,86.86567164179104,9.55223880597015,77.31343283582089
E00078344,391,49,18,31,342,26,316,12.531969309462914,4.603580562659847,7.928388746803069,87.46803069053708,6.649616368286446,80.81841432225065
E00078345,292,51,14,37,241,25,216,17.465753424657535,4.794520547945205,12.67123287671233,82.53424657534246,8.561643835616438,73.97260273972603
E00078346,349,55,16,39,294,32,262,15.759312320916905,4.584527220630372,11.174785100286533,84.2406876790831,9.169054441260744,75.07163323782235
E00078347,315,36,7,29,279,26,253,11.428571428571429,2.2222222222222223,9.206349206349207,88.57142857142857,8.253968253968253,80.31746031746032
E00078348,270,47,14,33,223,24,199,17.40740740740741,5.185185185185185,12.222222222222221,82.5925925925926,8.88888888888889,73.70370370370371
E00078349,295,30,11,19,265,22,243,10.16949152542373,3.728813559322034,6.440677966101695,89.83050847457628,7.457627118644068,82.37288135593221
E00078351,425,33,8,25,392,9,383,7.764705882352942,1.8823529411764703,5.88235294117647,92.23529411764706,2.1176470588235294,90.11764705882352
E00078352,393,26,11,15,367,15,352,6.615776081424936,2.7989821882951653,3.816793893129771,93.38422391857506,3.816793893129771,89.56743002544529
E00078353,331,32,12,20,299,18,281,9.667673716012084,3.625377643504532,6.042296072507553,90.33232628398792,5.438066465256798,84.89425981873111
E00078354,489,41,11,30,448,27,421,8.384458077709612,2.2494887525562373,6.134969325153374,91.61554192229039,5.521472392638037,86.09406952965234
E00078355,323,40,13,27,283,12,271,12.38390092879257,4.024767801857585,8.359133126934983,87.61609907120743,3.7151702786377707,83.90092879256966
E00078356,450,41,18,23,409,18,391,9.11111111111111,4,5.111111111111112,90.88888888888889,4,86.8888888888889
E00078358,265,37,17,20,228,7,221,13.962264150943396,6.415094339622642,7.547169811320755,86.0377358490566,2.6415094339622645,83.39622641509435
E00078359,372,55,19,36,317,15,302,14.78494623655914,5.10752688172043,9.67741935483871,85.21505376344086,4.032258064516129,81.18279569892472
E00078360,501,64,25,39,437,24,413,12.77445109780439,4.990019960079841,7.784431137724551,87.2255489021956,4.790419161676647,82.43512974051896
E00078361,329,28,13,15,301,11,290,8.51063829787234,3.951367781155015,4.5592705167173255,91.48936170212765,3.343465045592705,88.14589665653494
E00078362,450,43,12,31,407,24,383,9.555555555555555,2.666666666666667,6.888888888888889,90.44444444444444,5.333333333333334,85.11111111111111
E00078363,382,36,15,21,346,17,329,9.424083769633508,3.926701570680628,5.49738219895288,90.57591623036649,4.450261780104712,86.12565445026178
E00078364,321,38,11,27,283,26,257,11.838006230529595,3.4267912772585665,8.411214953271028,88.1619937694704,8.09968847352025,80.06230529595015
E00078365,328,42,16,26,286,27,259,12.804878048780488,4.878048780487805,7.926829268292683,87.1951219512195,8.231707317073171,78.96341463414635
E00078366,345,66,19,47,279,31,248,19.130434782608695,5.507246376811594,13.623188405797102,80.8695652173913,8.985507246376812,71.8840579710145
E00078367,319,43,12,31,276,21,255,13.479623824451412,3.761755485893417,9.717868338557993,86.52037617554859,6.583072100313479,79.9373040752351
E00078368,272,32,8,24,240,14,226,11.76470588235294,2.941176470588235,8.823529411764707,88.23529411764706,5.147058823529411,83.08823529411765
E00078369,214,32,10,22,182,10,172,14.953271028037381,4.672897196261682,10.2803738317757,85.04672897196261,4.672897196261682,80.37383177570094
E00078370,270,43,11,32,227,29,198,15.925925925925927,4.074074074074074,11.851851851851853,84.07407407407408,10.74074074074074,73.33333333333333
E00078371,288,41,12,29,247,25,222,14.23611111111111,4.166666666666666,10.069444444444445,85.76388888888889,8.680555555555555,77.08333333333334
E00078372,301,49,16,33,252,24,228,16.27906976744186,5.3156146179401995,10.96345514950166,83.72093023255815,7.973421926910299,75.74750830564784
E00078373,270,39,3,36,231,25,206,14.444444444444443,1.1111111111111112,13.333333333333334,85.55555555555556,9.25925925925926,76.29629629629629
E00078374,404,105,55,50,299,28,271,25.99009900990099,13.613861386138614,12.376237623762377,74.00990099009901,6.9306930693069315,67.07920792079209
E00078375,281,35,12,23,246,16,230,12.455516014234876,4.270462633451958,8.185053380782918,87.54448398576513,5.6939501779359425,81.85053380782918
E00078376,286,39,9,30,247,25,222,13.636363636363635,3.146853146853147,10.48951048951049,86.36363636363636,8.741258741258742,77.62237762237763
E00078377,321,50,20,30,271,36,235,15.57632398753894,6.230529595015576,9.345794392523365,84.42367601246106,11.214953271028037,73.20872274143302
E00078378,326,83,22,61,243,30,213,25.4601226993865,6.748466257668712,18.711656441717793,74.5398773006135,9.202453987730062,65.33742331288343
E00078379,349,61,32,29,288,21,267,17.478510028653297,9.169054441260744,8.30945558739255,82.52148997134671,6.017191977077363,76.50429799426934
E00078380,304,32,13,19,272,14,258,10.526315789473683,4.276315789473684,6.25,89.47368421052632,4.605263157894736,84.86842105263158
E00078381,227,29,14,15,198,23,175,12.77533039647577,6.167400881057269,6.607929515418502,87.22466960352423,10.13215859030837,77.09251101321586
E00078382,333,42,17,25,291,26,265,12.612612612612612,5.105105105105105,7.5075075075075075,87.38738738738738,7.807807807807808,79.57957957957959
E00078383,336,58,23,35,278,24,254,17.261904761904763,6.845238095238096,10.416666666666668,82.73809523809523,7.142857142857142,75.59523809523809
E00078384,314,39,14,25,275,31,244,12.420382165605096,4.45859872611465,7.961783439490445,87.57961783439491,9.872611464968154,77.70700636942675
E00078385,350,51,17,34,299,30,269,14.571428571428571,4.857142857142857,9.714285714285714,85.42857142857143,8.571428571428571,76.85714285714286
E00078386,529,57,24,33,472,37,435,10.775047258979207,4.536862003780719,6.238185255198488,89.22495274102079,6.994328922495274,82.23062381852552
E00078387,285,43,15,28,242,14,228,15.087719298245613,5.263157894736842,9.824561403508772,84.91228070175438,4.912280701754386,80
E00078388,318,29,13,16,289,30,259,9.119496855345911,4.088050314465408,5.031446540880504,90.88050314465409,9.433962264150944,81.44654088050315
E00078389,350,46,8,38,304,30,274,13.142857142857142,2.2857142857142856,10.857142857142858,86.85714285714286,8.571428571428571,78.28571428571428
E00078390,292,41,12,29,251,18,233,14.04109589041096,4.10958904109589,9.931506849315069,85.95890410958904,6.164383561643835,79.7945205479452
E00078391,340,48,19,29,292,29,263,14.117647058823529,5.588235294117648,8.529411764705882,85.88235294117646,8.529411764705882,77.3529411764706
E00078392,322,45,19,26,277,25,252,13.975155279503104,5.900621118012422,8.074534161490684,86.0248447204969,7.763975155279502,78.26086956521739
E00078393,320,77,36,41,243,24,219,24.0625,11.25,12.812499999999998,75.9375,7.5,68.4375
E00078394,255,71,36,35,184,11,173,27.84313725490196,14.117647058823529,13.725490196078432,72.15686274509804,4.313725490196078,67.84313725490196
E00078395,293,50,20,30,243,21,222,17.064846416382252,6.825938566552901,10.238907849829351,82.93515358361775,7.167235494880546,75.76791808873719
E00078396,266,48,23,25,218,25,193,18.045112781954884,8.646616541353383,9.398496240601503,81.95488721804512,9.398496240601503,72.55639097744361
E00078397,230,33,12,21,197,20,177,14.347826086956522,5.217391304347826,9.130434782608695,85.65217391304348,8.695652173913043,76.95652173913044
E00078398,336,31,7,24,305,23,282,9.226190476190476,2.083333333333333,7.142857142857142,90.77380952380952,6.845238095238096,83.92857142857143
E00078399,352,67,33,34,285,23,262,19.03409090909091,9.375,9.659090909090908,80.9659090909091,6.534090909090909,74.43181818181817
E00078400,254,33,10,23,221,18,203,12.992125984251967,3.937007874015748,9.05511811023622,87.00787401574803,7.086614173228346,79.92125984251969
E00078401,242,82,44,38,160,22,138,33.88429752066116,18.181818181818183,15.702479338842975,66.11570247933885,9.090909090909092,57.02479338842975
E00078402,348,59,19,40,289,18,271,16.954022988505745,5.459770114942529,11.494252873563218,83.04597701149426,5.172413793103448,77.87356321839081
E00078403,305,34,12,22,271,22,249,11.147540983606557,3.934426229508197,7.213114754098362,88.85245901639345,7.213114754098362,81.63934426229508
E00078404,145,66,38,28,79,12,67,45.51724137931035,26.20689655172414,19.310344827586206,54.48275862068965,8.275862068965518,46.206896551724135
E00078405,263,51,18,33,212,12,200,19.39163498098859,6.844106463878327,12.547528517110266,80.6083650190114,4.562737642585551,76.04562737642586
E00078406,302,41,14,27,261,29,232,13.57615894039735,4.635761589403973,8.940397350993377,86.42384105960265,9.602649006622517,76.82119205298014
E00078407,356,71,36,35,285,19,266,19.9438202247191,10.112359550561797,9.831460674157304,80.0561797752809,5.337078651685393,74.71910112359551
E00078408,328,44,10,34,284,34,250,13.414634146341465,3.048780487804878,10.365853658536585,86.58536585365853,10.365853658536585,76.21951219512195
E00078409,289,40,16,24,249,23,226,13.84083044982699,5.536332179930796,8.304498269896193,86.159169550173,7.958477508650519,78.20069204152249
E00078410,295,52,18,34,243,35,208,17.627118644067796,6.101694915254238,11.525423728813559,82.37288135593221,11.864406779661017,70.50847457627118
E00078411,265,70,33,37,195,12,183,26.41509433962264,12.452830188679245,13.962264150943396,73.58490566037736,4.528301886792453,69.0566037735849
E00078412,354,52,13,39,302,21,281,14.689265536723164,3.672316384180791,11.016949152542372,85.31073446327684,5.932203389830509,79.37853107344633
E00078413,279,41,19,22,238,18,220,14.695340501792115,6.810035842293908,7.885304659498208,85.30465949820788,6.451612903225806,78.85304659498208
E00078414,319,73,28,45,246,27,219,22.884012539184955,8.77742946708464,14.106583072100312,77.11598746081505,8.463949843260188,68.65203761755487
E00078415,397,81,38,43,316,28,288,20.40302267002519,9.571788413098236,10.831234256926953,79.59697732997482,7.052896725440807,72.544080604534
E00078416,320,56,28,28,264,22,242,17.5,8.75,8.75,82.5,6.875000000000001,75.625
E00078417,394,67,26,41,327,23,304,17.00507614213198,6.598984771573605,10.406091370558377,82.99492385786802,5.83756345177665,77.15736040609137
E00078418,329,45,21,24,284,19,265,13.677811550151976,6.382978723404255,7.29483282674772,86.32218844984803,5.775075987841945,80.54711246200608
E00078419,343,34,11,23,309,16,293,9.912536443148689,3.206997084548105,6.705539358600583,90.0874635568513,4.664723032069971,85.42274052478133
E00078420,277,55,24,31,222,17,205,19.855595667870034,8.664259927797833,11.191335740072201,80.14440433212997,6.137184115523466,74.0072202166065
E00078421,351,65,32,33,286,17,269,18.51851851851852,9.116809116809117,9.401709401709402,81.48148148148148,4.843304843304843,76.63817663817663
E00078422,364,60,29,31,304,18,286,16.483516483516482,7.967032967032966,8.516483516483516,83.51648351648352,4.945054945054945,78.57142857142857
E00078423,397,43,15,28,354,12,342,10.831234256926953,3.7783375314861463,7.052896725440807,89.16876574307305,3.022670025188917,86.14609571788414
E00078424,342,64,32,32,278,17,261,18.71345029239766,9.35672514619883,9.35672514619883,81.28654970760235,4.970760233918129,76.31578947368422
E00078425,297,70,31,39,227,13,214,23.56902356902357,10.437710437710438,13.131313131313133,76.43097643097643,4.377104377104377,72.05387205387206
E00078426,322,69,36,33,253,24,229,21.428571428571427,11.180124223602485,10.248447204968944,78.57142857142857,7.453416149068323,71.11801242236024
E00078427,361,98,45,53,263,26,237,27.146814404432135,12.465373961218837,14.681440443213297,72.85318559556787,7.202216066481995,65.65096952908587
E00078428,217,70,39,31,147,12,135,32.25806451612903,17.972350230414747,14.285714285714285,67.74193548387096,5.529953917050691,62.21198156682027
E00078429,226,79,46,33,147,10,137,34.95575221238938,20.353982300884958,14.601769911504425,65.04424778761062,4.424778761061947,60.61946902654868
E00078430,334,49,13,36,285,19,266,14.67065868263473,3.8922155688622757,10.778443113772456,85.32934131736528,5.688622754491018,79.64071856287424
E00078431,335,67,37,30,268,20,248,20,11.044776119402986,8.955223880597014,80,5.970149253731343,74.02985074626865
E00078432,299,65,26,39,234,24,210,21.73913043478261,8.695652173913043,13.043478260869565,78.26086956521739,8.02675585284281,70.23411371237458
E00078433,313,55,23,32,258,25,233,17.57188498402556,7.348242811501597,10.223642172523961,82.42811501597444,7.987220447284344,74.4408945686901
E00078434,335,74,23,51,261,20,241,22.08955223880597,6.865671641791045,15.223880597014924,77.91044776119404,5.970149253731343,71.94029850746269
E00078435,325,68,32,36,257,25,232,20.923076923076923,9.846153846153847,11.076923076923077,79.07692307692308,7.6923076923076925,71.38461538461539
E00078436,290,75,37,38,215,11,204,25.862068965517242,12.758620689655173,13.10344827586207,74.13793103448276,3.793103448275862,70.34482758620689
E00078437,425,52,18,34,373,25,348,12.23529411764706,4.235294117647059,8,87.76470588235294,5.88235294117647,81.88235294117648
E00078438,233,86,42,44,147,18,129,36.9098712446352,18.025751072961373,18.88412017167382,63.0901287553648,7.725321888412018,55.36480686695279
E00078439,390,47,15,32,343,19,324,12.051282051282051,3.8461538461538463,8.205128205128204,87.94871794871794,4.871794871794872,83.07692307692308
E00078440,311,58,24,34,253,25,228,18.64951768488746,7.717041800643088,10.932475884244374,81.35048231511254,8.038585209003216,73.31189710610933
E00078441,329,41,11,30,288,16,272,12.462006079027356,3.343465045592705,9.118541033434651,87.53799392097264,4.86322188449848,82.67477203647417
E00078442,453,90,40,50,363,19,344,19.867549668874172,8.830022075055188,11.037527593818984,80.13245033112582,4.194260485651214,75.93818984547461
E00078443,366,50,13,37,316,28,288,13.661202185792352,3.551912568306011,10.10928961748634,86.33879781420765,7.650273224043716,78.68852459016394
E00078444,405,42,19,23,363,13,350,10.37037037037037,4.691358024691358,5.679012345679013,89.62962962962962,3.2098765432098766,86.41975308641975
E00078445,117,12,3,9,105,14,91,10.256410256410255,2.564102564102564,7.6923076923076925,89.74358974358975,11.965811965811966,77.77777777777779
E00078446,305,65,30,35,240,26,214,21.311475409836063,9.836065573770492,11.475409836065573,78.68852459016394,8.524590163934425,70.16393442622952
E00078447,290,50,23,27,240,19,221,17.24137931034483,7.931034482758621,9.310344827586208,82.75862068965517,6.551724137931035,76.20689655172413
E00078448,311,60,22,38,251,22,229,19.292604501607716,7.07395498392283,12.218649517684888,80.70739549839229,7.07395498392283,73.63344051446946
E00078449,368,41,9,32,327,25,302,11.141304347826086,2.4456521739130435,8.695652173913043,88.8586956521739,6.7934782608695645,82.06521739130434
E00078450,316,26,8,18,290,18,272,8.227848101265822,2.5316455696202533,5.69620253164557,91.77215189873418,5.69620253164557,86.07594936708861
E00078451,287,38,8,30,249,30,219,13.240418118466899,2.7874564459930316,10.452961672473867,86.7595818815331,10.452961672473867,76.30662020905923
E00078452,264,47,22,25,217,21,196,17.803030303030305,8.333333333333332,9.469696969696969,82.1969696969697,7.954545454545454,74.24242424242425
E00078453,300,43,13,30,257,31,226,14.333333333333334,4.333333333333334,10,85.66666666666667,10.333333333333334,75.33333333333333
E00078454,314,56,23,33,258,29,229,17.8343949044586,7.32484076433121,10.509554140127388,82.16560509554141,9.235668789808917,72.92993630573248
E00078455,327,60,31,29,267,34,233,18.34862385321101,9.480122324159021,8.868501529051988,81.65137614678899,10.397553516819572,71.25382262996942
E00078456,299,71,41,30,228,22,206,23.745819397993312,13.712374581939798,10.033444816053512,76.2541806020067,7.357859531772576,68.89632107023411
E00078457,209,95,59,36,114,15,99,45.45454545454545,28.22966507177033,17.22488038277512,54.54545454545454,7.177033492822966,47.368421052631575
E00078458,270,68,29,39,202,22,180,25.185185185185183,10.74074074074074,14.444444444444443,74.81481481481481,8.148148148148149,66.66666666666666
E00078459,250,53,22,31,197,21,176,21.2,8.799999999999999,12.4,78.8,8.4,70.39999999999999
E00078460,295,25,4,21,270,21,249,8.47457627118644,1.3559322033898304,7.118644067796611,91.52542372881356,7.118644067796611,84.40677966101696
E00078461,249,43,13,30,206,26,180,17.269076305220885,5.220883534136546,12.048192771084338,82.73092369477911,10.441767068273093,72.28915662650603
E00078462,322,45,15,30,277,25,252,13.975155279503104,4.658385093167702,9.316770186335404,86.0248447204969,7.763975155279502,78.26086956521739
E00078463,319,29,10,19,290,29,261,9.090909090909092,3.1347962382445136,5.956112852664576,90.9090909090909,9.090909090909092,81.81818181818183
E00078464,350,48,11,37,302,28,274,13.714285714285715,3.1428571428571432,10.571428571428571,86.28571428571429,8,78.28571428571428
E00078465,296,38,12,26,258,17,241,12.837837837837837,4.054054054054054,8.783783783783784,87.16216216216216,5.743243243243244,81.41891891891892
E00078466,378,35,9,26,343,30,313,9.25925925925926,2.380952380952381,6.878306878306878,90.74074074074075,7.936507936507936,82.8042328042328
E00078467,300,37,15,22,263,24,239,12.333333333333334,5,7.333333333333333,87.66666666666667,8,79.66666666666666
E00078468,270,35,11,24,235,23,212,12.962962962962962,4.074074074074074,8.88888888888889,87.03703703703704,8.518518518518519,78.51851851851852
E00078469,294,37,14,23,257,26,231,12.585034013605442,4.761904761904762,7.8231292517006805,87.41496598639455,8.843537414965986,78.57142857142857
E00078470,276,34,10,24,242,21,221,12.318840579710146,3.6231884057971016,8.695652173913043,87.68115942028986,7.608695652173914,80.07246376811594
E00078471,362,36,9,27,326,29,297,9.94475138121547,2.4861878453038675,7.458563535911603,90.05524861878453,8.011049723756907,82.04419889502762
E00078472,305,55,26,29,250,16,234,18.0327868852459,8.524590163934425,9.508196721311474,81.9672131147541,5.245901639344262,76.72131147540983
E00078473,306,38,16,22,268,21,247,12.418300653594772,5.228758169934641,7.18954248366013,87.58169934640523,6.862745098039216,80.71895424836602
E00078474,234,38,15,23,196,27,169,16.23931623931624,6.41025641025641,9.82905982905983,83.76068376068376,11.538461538461538,72.22222222222221
E00078475,297,40,19,21,257,32,225,13.468013468013467,6.397306397306397,7.07070707070707,86.53198653198653,10.774410774410773,75.75757575757575
E00078476,144,48,25,23,96,13,83,33.33333333333333,17.36111111111111,15.972222222222221,66.66666666666666,9.027777777777777,57.638888888888886
E00078477,307,62,29,33,245,22,223,20.195439739413683,9.446254071661238,10.749185667752444,79.80456026058633,7.166123778501629,72.63843648208469
E00078478,301,43,16,27,258,22,236,14.285714285714285,5.3156146179401995,8.970099667774086,85.71428571428571,7.308970099667775,78.40531561461795
E00078479,325,53,14,39,272,18,254,16.307692307692307,4.3076923076923075,12,83.6923076923077,5.538461538461538,78.15384615384615
E00078480,238,44,8,36,194,18,176,18.487394957983195,3.361344537815126,15.126050420168067,81.5126050420168,7.563025210084033,73.94957983193278
E00078481,439,78,30,48,361,37,324,17.76765375854214,6.83371298405467,10.933940774487471,82.23234624145786,8.428246013667426,73.80410022779044
E00078482,247,79,42,37,168,14,154,31.983805668016196,17.00404858299595,14.979757085020243,68.0161943319838,5.668016194331984,62.34817813765182
E00078483,371,56,25,31,315,34,281,15.09433962264151,6.738544474393531,8.355795148247978,84.90566037735849,9.164420485175203,75.74123989218329
E00078484,378,46,15,31,332,31,301,12.16931216931217,3.968253968253968,8.201058201058201,87.83068783068782,8.201058201058201,79.62962962962963
E00078485,283,90,56,34,193,16,177,31.802120141342755,19.78798586572438,12.014134275618375,68.19787985865725,5.6537102473498235,62.544169611307424
E00078486,442,54,16,38,388,48,340,12.217194570135746,3.619909502262444,8.597285067873303,87.78280542986425,10.85972850678733,76.92307692307693
E00078487,235,69,35,34,166,17,149,29.361702127659573,14.893617021276595,14.468085106382977,70.63829787234043,7.234042553191489,63.40425531914894
E00078488,271,42,8,34,229,39,190,15.498154981549817,2.952029520295203,12.546125461254611,84.50184501845018,14.391143911439114,70.11070110701108
E00078489,249,42,12,30,207,22,185,16.867469879518072,4.819277108433735,12.048192771084338,83.13253012048193,8.835341365461847,74.29718875502009
E00078490,288,30,9,21,258,30,228,10.416666666666668,3.125,7.291666666666667,89.58333333333334,10.416666666666668,79.16666666666666
E00078491,344,72,34,38,272,27,245,20.930232558139537,9.883720930232558,11.046511627906977,79.06976744186046,7.848837209302325,71.22093023255815
E00078492,191,50,16,34,141,16,125,26.17801047120419,8.37696335078534,17.801047120418847,73.82198952879581,8.37696335078534,65.44502617801047
E00078493,164,55,35,20,109,5,104,33.53658536585366,21.341463414634145,12.195121951219512,66.46341463414635,3.048780487804878,63.41463414634146
E00078494,316,32,1,31,284,23,261,10.126582278481013,0.31645569620253167,9.81012658227848,89.87341772151899,7.2784810126582276,82.59493670886076
E00078495,295,40,10,30,255,26,229,13.559322033898304,3.389830508474576,10.16949152542373,86.4406779661017,8.813559322033898,77.62711864406779
E00078496,136,40,18,22,96,12,84,29.411764705882355,13.23529411764706,16.176470588235293,70.58823529411765,8.823529411764707,61.76470588235294
E00078497,265,35,16,19,230,23,207,13.20754716981132,6.037735849056604,7.169811320754717,86.79245283018868,8.679245283018867,78.11320754716982
E00078498,269,69,26,43,200,21,179,25.650557620817843,9.66542750929368,15.985130111524162,74.34944237918215,7.806691449814126,66.54275092936803
E00078499,421,69,19,50,352,49,303,16.389548693586697,4.513064133016627,11.87648456057007,83.6104513064133,11.63895486935867,71.97149643705463
E00078500,436,48,13,35,388,45,343,11.009174311926607,2.981651376146789,8.027522935779817,88.9908256880734,10.321100917431194,78.6697247706422
E00078501,287,29,6,23,258,35,223,10.104529616724738,2.0905923344947737,8.013937282229964,89.89547038327527,12.195121951219512,77.70034843205575
E00078502,236,22,6,16,214,20,194,9.322033898305085,2.5423728813559325,6.779661016949152,90.67796610169492,8.47457627118644,82.20338983050848
E00078503,249,40,14,26,209,22,187,16.06425702811245,5.622489959839357,10.441767068273093,83.93574297188755,8.835341365461847,75.1004016064257
E00078504,350,70,17,53,280,25,255,20,4.857142857142857,15.142857142857144,80,7.142857142857142,72.85714285714285
E00078505,289,35,7,28,254,27,227,12.110726643598616,2.422145328719723,9.688581314878892,87.88927335640139,9.342560553633218,78.54671280276817
E00078506,239,36,15,21,203,17,186,15.062761506276152,6.2761506276150625,8.786610878661087,84.93723849372385,7.112970711297072,77.82426778242679
E00078507,111,19,10,9,92,11,81,17.117117117117118,9.00900900900901,8.108108108108109,82.88288288288288,9.90990990990991,72.97297297297297
E00078508,405,99,42,57,306,35,271,24.444444444444443,10.37037037037037,14.074074074074074,75.55555555555556,8.641975308641975,66.91358024691358
E00078509,347,120,63,57,227,19,208,34.5821325648415,18.155619596541786,16.42651296829971,65.4178674351585,5.475504322766571,59.94236311239193
E00078510,295,31,6,25,264,29,235,10.508474576271185,2.0338983050847457,8.47457627118644,89.49152542372882,9.830508474576272,79.66101694915254
E00078511,332,45,14,31,287,29,258,13.55421686746988,4.216867469879518,9.33734939759036,86.44578313253012,8.734939759036145,77.71084337349397
E00078512,384,85,36,49,299,17,282,22.135416666666664,9.375,12.760416666666666,77.86458333333334,4.427083333333334,73.4375
E00078513,284,70,33,37,214,17,197,24.647887323943664,11.619718309859154,13.028169014084506,75.35211267605634,5.985915492957746,69.36619718309859
E00078514,224,73,38,35,151,17,134,32.589285714285715,16.964285714285715,15.625,67.41071428571429,7.5892857142857135,59.82142857142857
E00078515,291,79,36,43,212,19,193,27.147766323024054,12.371134020618557,14.776632302405499,72.85223367697594,6.529209621993128,66.32302405498281
E00078516,295,38,17,21,257,29,228,12.88135593220339,5.762711864406779,7.118644067796611,87.11864406779661,9.830508474576272,77.28813559322035
E00078517,367,63,27,36,304,27,277,17.166212534059948,7.3569482288828345,9.809264305177113,82.83378746594006,7.3569482288828345,75.47683923705722
E00078518,372,87,42,45,285,25,260,23.387096774193548,11.29032258064516,12.096774193548388,76.61290322580645,6.720430107526881,69.89247311827957
E00078519,314,82,35,47,232,24,208,26.11464968152866,11.146496815286625,14.968152866242038,73.88535031847134,7.643312101910828,66.2420382165605
E00078520,251,79,43,36,172,14,158,31.47410358565737,17.131474103585656,14.342629482071715,68.52589641434263,5.577689243027888,62.94820717131474
E00078522,161,88,48,40,73,16,57,54.6583850931677,29.81366459627329,24.84472049689441,45.3416149068323,9.937888198757763,35.40372670807454
E00078524,319,70,40,30,249,20,229,21.9435736677116,12.539184952978054,9.404388714733543,78.0564263322884,6.269592476489027,71.78683385579937
E00078525,291,59,32,27,232,12,220,20.274914089347078,10.996563573883162,9.278350515463918,79.72508591065292,4.123711340206185,75.60137457044674
E00078526,272,59,30,29,213,18,195,21.691176470588236,11.029411764705882,10.661764705882353,78.30882352941177,6.61764705882353,71.69117647058823
E00078527,448,106,36,70,342,27,315,23.660714285714285,8.035714285714286,15.625,76.33928571428571,6.026785714285714,70.3125
E00078528,342,60,26,34,282,20,262,17.543859649122805,7.602339181286549,9.941520467836257,82.45614035087719,5.847953216374268,76.60818713450293
E00078529,431,80,34,46,351,30,321,18.561484918793504,7.888631090487238,10.672853828306264,81.4385150812065,6.960556844547564,74.47795823665894
E00078530,318,79,45,34,239,13,226,24.842767295597483,14.150943396226415,10.69182389937107,75.15723270440252,4.088050314465408,71.0691823899371
E00078531,361,90,43,47,271,22,249,24.930747922437675,11.911357340720222,13.019390581717452,75.06925207756233,6.094182825484765,68.97506925207756
E00078532,345,66,31,35,279,21,258,19.130434782608695,8.985507246376812,10.144927536231885,80.8695652173913,6.086956521739131,74.78260869565217
E00078533,276,32,11,21,244,27,217,11.594202898550725,3.985507246376811,7.608695652173914,88.40579710144928,9.782608695652174,78.62318840579711
E00078534,301,36,13,23,265,30,235,11.960132890365449,4.318936877076411,7.641196013289036,88.03986710963456,9.966777408637874,78.07308970099668
E00078535,339,46,13,33,293,26,267,13.569321533923304,3.8348082595870205,9.734513274336283,86.4306784660767,7.669616519174041,78.76106194690266
E00078536,290,32,14,18,258,20,238,11.03448275862069,4.827586206896552,6.206896551724138,88.96551724137932,6.896551724137931,82.06896551724138
E00078537,382,38,13,25,344,25,319,9.947643979057592,3.4031413612565444,6.544502617801047,90.0523560209424,6.544502617801047,83.50785340314137
E00078538,285,41,14,27,244,31,213,14.385964912280702,4.912280701754386,9.473684210526317,85.6140350877193,10.87719298245614,74.73684210526315
E00078539,356,58,15,43,298,24,274,16.292134831460675,4.213483146067416,12.07865168539326,83.70786516853933,6.741573033707865,76.96629213483146
E00078540,326,46,16,30,280,26,254,14.11042944785276,4.9079754601226995,9.202453987730062,85.88957055214725,7.975460122699387,77.91411042944786
E00078541,299,50,11,39,249,20,229,16.722408026755854,3.678929765886288,13.043478260869565,83.27759197324414,6.688963210702341,76.58862876254182
E00078542,315,55,24,31,260,28,232,17.46031746031746,7.6190476190476195,9.841269841269842,82.53968253968253,8.88888888888889,73.65079365079366
E00078543,266,81,34,47,185,22,163,30.451127819548873,12.781954887218044,17.669172932330827,69.54887218045113,8.270676691729323,61.278195488721806
E00078545,299,51,18,33,248,18,230,17.05685618729097,6.0200668896321075,11.036789297658862,82.94314381270902,6.0200668896321075,76.92307692307693
E00078546,278,39,12,27,239,19,220,14.028776978417264,4.316546762589928,9.712230215827338,85.97122302158273,6.83453237410072,79.13669064748201
E00078547,410,70,23,47,340,43,297,17.073170731707318,5.609756097560976,11.463414634146343,82.92682926829268,10.487804878048781,72.4390243902439
E00078548,292,34,16,18,258,22,236,11.643835616438356,5.47945205479452,6.164383561643835,88.35616438356165,7.534246575342466,80.82191780821918
E00078550,299,49,19,30,250,27,223,16.387959866220736,6.354515050167224,10.033444816053512,83.61204013377926,9.03010033444816,74.5819397993311
E00078551,252,34,13,21,218,17,201,13.492063492063492,5.158730158730158,8.333333333333332,86.5079365079365,6.746031746031746,79.76190476190477
E00078552,303,62,22,40,241,17,224,20.462046204620464,7.2607260726072615,13.2013201320132,79.53795379537954,5.6105610561056105,73.92739273927393
E00078553,367,44,16,28,323,23,300,11.989100817438691,4.35967302452316,7.629427792915531,88.0108991825613,6.267029972752043,81.74386920980926
E00078555,330,34,11,23,296,28,268,10.303030303030303,3.3333333333333335,6.969696969696971,89.6969696969697,8.484848484848486,81.21212121212122
E00078557,402,98,48,50,304,25,279,24.378109452736318,11.940298507462686,12.437810945273633,75.62189054726367,6.218905472636816,69.40298507462687
E00078558,354,56,21,35,298,23,275,15.819209039548024,5.932203389830509,9.887005649717514,84.18079096045197,6.497175141242938,77.68361581920904
E00078559,332,42,15,27,290,32,258,12.650602409638553,4.518072289156627,8.132530120481928,87.34939759036145,9.63855421686747,77.71084337349397
E00078560,316,33,11,22,283,31,252,10.443037974683545,3.481012658227848,6.962025316455696,89.55696202531645,9.81012658227848,79.74683544303798
E00078561,275,31,10,21,244,19,225,11.272727272727273,3.6363636363636362,7.636363636363637,88.72727272727273,6.909090909090909,81.81818181818183
E00078562,306,28,8,20,278,19,259,9.15032679738562,2.6143790849673203,6.535947712418301,90.84967320261438,6.209150326797386,84.640522875817
E00078563,282,67,26,41,215,16,199,23.75886524822695,9.219858156028367,14.539007092198581,76.24113475177306,5.673758865248227,70.56737588652481
E00078564,398,78,36,42,320,39,281,19.597989949748744,9.045226130653267,10.552763819095476,80.40201005025126,9.798994974874372,70.60301507537689
E00078565,239,41,20,21,198,20,178,17.154811715481173,8.368200836820083,8.786610878661087,82.84518828451883,8.368200836820083,74.47698744769873
E00078567,280,54,21,33,226,32,194,19.28571428571429,7.5,11.785714285714285,80.71428571428572,11.428571428571429,69.28571428571428
E00078568,208,52,25,27,156,16,140,25,12.01923076923077,12.980769230769232,75,7.6923076923076925,67.3076923076923
E00078569,326,30,14,16,296,27,269,9.202453987730062,4.294478527607362,4.9079754601226995,90.79754601226993,8.282208588957054,82.51533742331289
E00078570,350,88,48,40,262,16,246,25.142857142857146,13.714285714285715,11.428571428571429,74.85714285714286,4.571428571428571,70.28571428571428
E00078571,429,68,34,34,361,15,346,15.85081585081585,7.925407925407925,7.925407925407925,84.14918414918415,3.4965034965034967,80.65268065268066
E00078572,406,73,32,41,333,21,312,17.980295566502463,7.8817733990147785,10.098522167487685,82.01970443349754,5.172413793103448,76.84729064039408
E00078573,371,80,33,47,291,19,272,21.563342318059302,8.89487870619946,12.668463611859837,78.4366576819407,5.121293800539084,73.31536388140162
E00078574,228,67,33,34,161,7,154,29.385964912280706,14.473684210526317,14.912280701754385,70.6140350877193,3.070175438596491,67.54385964912281
E00078575,370,88,42,46,282,21,261,23.783783783783786,11.351351351351353,12.432432432432433,76.21621621621621,5.675675675675676,70.54054054054055
E00078576,383,89,50,39,294,25,269,23.237597911227155,13.054830287206268,10.182767624020887,76.76240208877284,6.527415143603134,70.23498694516971
E00078577,274,63,28,35,211,21,190,22.99270072992701,10.218978102189782,12.773722627737227,77.00729927007299,7.664233576642336,69.34306569343066
E00078578,406,91,49,42,315,16,299,22.413793103448278,12.068965517241379,10.344827586206897,77.58620689655173,3.9408866995073892,73.64532019704434
E00078579,311,79,35,44,232,18,214,25.401929260450164,11.254019292604502,14.14790996784566,74.59807073954984,5.787781350482315,68.81028938906752
E00078580,400,67,31,36,333,24,309,16.75,7.75,9,83.25,6,77.25
E00078581,311,70,28,42,241,15,226,22.508038585209004,9.003215434083602,13.504823151125404,77.491961414791,4.823151125401929,72.66881028938906
E00078582,278,61,25,36,217,17,200,21.942446043165468,8.992805755395683,12.949640287769784,78.05755395683454,6.115107913669065,71.94244604316546
E00078583,360,81,37,44,279,21,258,22.5,10.277777777777777,12.222222222222221,77.5,5.833333333333333,71.66666666666667
E00078584,338,71,35,36,267,23,244,21.005917159763314,10.355029585798817,10.650887573964498,78.99408284023669,6.8047337278106506,72.18934911242604
E00078585,360,75,36,39,285,12,273,20.833333333333336,10,10.833333333333334,79.16666666666666,3.3333333333333335,75.83333333333333
E00078586,262,49,18,31,213,13,200,18.702290076335878,6.870229007633588,11.83206106870229,81.29770992366412,4.961832061068702,76.33587786259542
E00078587,465,107,67,40,358,23,335,23.010752688172044,14.408602150537634,8.60215053763441,76.98924731182795,4.946236559139785,72.04301075268818
E00078588,324,77,35,42,247,25,222,23.765432098765434,10.802469135802468,12.962962962962962,76.23456790123457,7.716049382716049,68.51851851851852
E00078589,349,64,33,31,285,15,270,18.33810888252149,9.455587392550143,8.882521489971348,81.66189111747852,4.297994269340974,77.36389684813754
E00078590,422,84,38,46,338,15,323,19.90521327014218,9.004739336492891,10.90047393364929,80.09478672985783,3.5545023696682465,76.54028436018957
E00078591,218,43,13,30,175,19,156,19.724770642201836,5.963302752293578,13.761467889908257,80.27522935779817,8.715596330275229,71.55963302752293
E00078592,277,77,39,38,200,15,185,27.79783393501805,14.079422382671481,13.718411552346572,72.20216606498195,5.415162454873646,66.78700361010831
E00078593,309,57,29,28,252,23,229,18.446601941747574,9.385113268608414,9.06148867313916,81.55339805825243,7.443365695792881,74.11003236245955
E00078594,458,92,41,51,366,30,336,20.087336244541483,8.951965065502183,11.135371179039302,79.91266375545851,6.550218340611353,73.36244541484717
E00078595,367,76,30,46,291,18,273,20.708446866485016,8.174386920980927,12.534059945504087,79.291553133515,4.904632152588556,74.38692098092643
E00078596,299,61,24,37,238,27,211,20.401337792642142,8.02675585284281,12.37458193979933,79.59866220735786,9.03010033444816,70.5685618729097
E00078597,288,76,37,39,212,15,197,26.38888888888889,12.847222222222221,13.541666666666666,73.61111111111111,5.208333333333334,68.40277777777779
E00078598,321,73,40,33,248,19,229,22.741433021806852,12.461059190031152,10.2803738317757,77.25856697819314,5.919003115264798,71.33956386292834
E00078599,173,44,20,24,129,16,113,25.43352601156069,11.560693641618498,13.872832369942195,74.56647398843931,9.248554913294797,65.3179190751445
E00078600,376,74,35,39,302,23,279,19.680851063829788,9.308510638297872,10.372340425531915,80.31914893617021,6.117021276595745,74.20212765957447
E00078601,279,78,34,44,201,17,184,27.956989247311824,12.186379928315413,15.770609318996415,72.04301075268818,6.093189964157706,65.94982078853047
E00078602,391,85,31,54,306,26,280,21.73913043478261,7.928388746803069,13.810741687979538,78.26086956521739,6.649616368286446,71.61125319693095
E00078603,339,74,38,36,265,27,238,21.828908554572273,11.209439528023598,10.619469026548673,78.17109144542773,7.964601769911504,70.20648967551622
E00078604,349,78,26,52,271,25,246,22.349570200573066,7.4498567335243555,14.899713467048711,77.65042979942693,7.163323782234957,70.48710601719198
E00078605,294,68,31,37,226,22,204,23.12925170068027,10.54421768707483,12.585034013605442,76.87074829931973,7.482993197278912,69.38775510204081
E00078606,321,97,47,50,224,22,202,30.218068535825545,14.641744548286603,15.57632398753894,69.78193146417445,6.853582554517133,62.928348909657316
E00078607,381,77,29,48,304,31,273,20.209973753280842,7.611548556430446,12.598425196850393,79.79002624671917,8.136482939632545,71.65354330708661
E00078608,259,67,32,35,192,15,177,25.868725868725868,12.355212355212355,13.513513513513514,74.13127413127413,5.7915057915057915,68.33976833976834
E00078609,223,43,17,26,180,15,165,19.282511210762333,7.623318385650224,11.659192825112108,80.71748878923766,6.726457399103139,73.99103139013454
E00078610,362,79,31,48,283,25,258,21.823204419889503,8.56353591160221,13.259668508287293,78.1767955801105,6.906077348066299,71.27071823204419
E00078611,342,86,43,43,256,27,229,25.146198830409354,12.573099415204677,12.573099415204677,74.85380116959064,7.894736842105263,66.95906432748538
E00078612,435,82,34,48,353,30,323,18.850574712643677,7.816091954022989,11.03448275862069,81.14942528735632,6.896551724137931,74.25287356321839
E00078613,336,76,28,48,260,18,242,22.61904761904762,8.333333333333332,14.285714285714285,77.38095238095238,5.357142857142857,72.02380952380952
E00078614,385,98,33,65,287,16,271,25.454545454545453,8.571428571428571,16.883116883116884,74.54545454545455,4.1558441558441555,70.3896103896104
E00078615,366,78,20,58,288,15,273,21.311475409836063,5.46448087431694,15.846994535519126,78.68852459016394,4.098360655737705,74.59016393442623
E00078616,312,74,40,34,238,7,231,23.717948717948715,12.82051282051282,10.897435897435898,76.28205128205127,2.2435897435897436,74.03846153846155
E00078617,289,70,37,33,219,13,206,24.22145328719723,12.802768166089965,11.418685121107266,75.77854671280276,4.498269896193772,71.280276816609
E00078618,283,87,42,45,196,15,181,30.742049469964666,14.840989399293287,15.901060070671377,69.25795053003534,5.30035335689046,63.957597173144876
E00078619,341,70,28,42,271,29,242,20.527859237536656,8.211143695014663,12.316715542521994,79.47214076246334,8.504398826979472,70.96774193548387
E00078620,265,83,45,38,182,11,171,31.32075471698113,16.9811320754717,14.339622641509434,68.67924528301886,4.150943396226415,64.52830188679245
E00078621,306,76,30,46,230,17,213,24.836601307189543,9.803921568627452,15.032679738562091,75.16339869281046,5.555555555555555,69.6078431372549
E00078622,279,19,4,15,260,31,229,6.810035842293908,1.4336917562724014,5.376344086021505,93.1899641577061,11.11111111111111,82.07885304659499
E00078623,400,66,27,39,334,34,300,16.5,6.75,9.75,83.5,8.5,75
E00078624,200,54,33,21,146,12,134,27,16.5,10.5,73,6,67
E00078625,592,67,27,40,525,37,488,11.317567567567567,4.5608108108108105,6.756756756756757,88.68243243243244,6.25,82.43243243243244
E00078626,283,43,16,27,240,28,212,15.19434628975265,5.6537102473498235,9.540636042402827,84.80565371024736,9.89399293286219,74.91166077738515
E00078627,416,49,12,37,367,27,340,11.778846153846153,2.8846153846153846,8.89423076923077,88.22115384615384,6.490384615384616,81.73076923076923
E00078628,215,35,19,16,180,11,169,16.27906976744186,8.837209302325581,7.441860465116279,83.72093023255815,5.116279069767442,78.6046511627907
E00078629,356,38,13,25,318,36,282,10.674157303370785,3.651685393258427,7.02247191011236,89.32584269662921,10.112359550561797,79.21348314606742
E00078630,313,48,16,32,265,30,235,15.335463258785943,5.111821086261981,10.223642172523961,84.66453674121406,9.584664536741213,75.07987220447284
E00078631,369,39,9,30,330,21,309,10.569105691056912,2.4390243902439024,8.130081300813007,89.43089430894308,5.691056910569105,83.73983739837398
E00078632,249,47,21,26,202,15,187,18.87550200803213,8.433734939759036,10.441767068273093,81.12449799196787,6.024096385542169,75.1004016064257
E00078633,324,58,20,38,266,18,248,17.901234567901234,6.172839506172839,11.728395061728394,82.09876543209876,5.555555555555555,76.5432098765432
E00078634,286,27,7,20,259,22,237,9.44055944055944,2.4475524475524475,6.993006993006993,90.55944055944056,7.6923076923076925,82.86713286713287
E00078635,350,66,36,30,284,12,272,18.857142857142858,10.285714285714285,8.571428571428571,81.14285714285714,3.428571428571429,77.71428571428571
E00078636,171,58,31,27,113,13,100,33.91812865497076,18.128654970760234,15.789473684210526,66.08187134502924,7.602339181286549,58.47953216374269
E00078637,326,55,22,33,271,19,252,16.87116564417178,6.748466257668712,10.122699386503067,83.12883435582822,5.828220858895705,77.30061349693251
E00078638,488,56,25,31,432,35,397,11.475409836065573,5.122950819672131,6.352459016393443,88.52459016393442,7.172131147540983,81.35245901639344
E00078639,281,28,9,19,253,28,225,9.9644128113879,3.202846975088968,6.761565836298933,90.0355871886121,9.9644128113879,80.0711743772242
E00078640,397,59,17,42,338,39,299,14.86146095717884,4.282115869017632,10.579345088161208,85.13853904282117,9.82367758186398,75.31486146095719
E00078641,303,37,13,24,266,29,237,12.211221122112212,4.29042904290429,7.920792079207921,87.78877887788778,9.570957095709572,78.21782178217822
E00078642,201,60,32,28,141,15,126,29.850746268656714,15.92039800995025,13.930348258706468,70.1492537313433,7.462686567164178,62.68656716417911
E00078643,279,60,26,34,219,29,190,21.50537634408602,9.31899641577061,12.186379928315413,78.49462365591397,10.39426523297491,68.10035842293907
E00078644,341,44,21,23,297,20,277,12.903225806451612,6.158357771260997,6.744868035190615,87.09677419354838,5.865102639296188,81.23167155425219
E00078645,502,63,22,41,439,29,410,12.549800796812749,4.382470119521913,8.167330677290837,87.45019920318725,5.776892430278884,81.67330677290838
E00078646,338,75,33,42,263,25,238,22.189349112426036,9.763313609467456,12.42603550295858,77.81065088757396,7.396449704142012,70.41420118343196
E00078647,367,48,9,39,319,30,289,13.079019073569482,2.452316076294278,10.626702997275205,86.92098092643052,8.174386920980927,78.7465940054496
E00078648,345,46,9,37,299,29,270,13.333333333333334,2.608695652173913,10.72463768115942,86.66666666666667,8.405797101449275,78.26086956521739
E00078649,307,56,16,40,251,28,223,18.241042345276874,5.211726384364821,13.029315960912053,81.75895765472313,9.120521172638437,72.63843648208469
E00078650,306,58,20,38,248,27,221,18.954248366013072,6.535947712418301,12.418300653594772,81.04575163398692,8.823529411764707,72.22222222222221
E00078651,332,63,23,40,269,19,250,18.97590361445783,6.927710843373494,12.048192771084338,81.02409638554217,5.72289156626506,75.30120481927712
E00078652,298,51,27,24,247,19,228,17.114093959731544,9.060402684563758,8.053691275167784,82.88590604026845,6.375838926174497,76.51006711409396
E00078653,311,45,20,25,266,32,234,14.469453376205788,6.430868167202572,8.038585209003216,85.53054662379421,10.289389067524116,75.2411575562701
E00078654,290,56,20,36,234,21,213,19.310344827586206,6.896551724137931,12.413793103448276,80.6896551724138,7.241379310344828,73.44827586206897
E00078655,243,45,18,27,198,27,171,18.51851851851852,7.4074074074074066,11.11111111111111,81.48148148148148,11.11111111111111,70.37037037037037
E00078656,305,41,11,30,264,18,246,13.442622950819672,3.606557377049181,9.836065573770492,86.55737704918033,5.901639344262295,80.65573770491802
E00078658,241,40,19,21,201,22,179,16.59751037344398,7.883817427385892,8.71369294605809,83.40248962655602,9.12863070539419,74.27385892116183
E00078660,275,33,11,22,242,20,222,12,4,8,88,7.2727272727272725,80.72727272727272
E00078661,275,46,27,19,229,17,212,16.727272727272727,9.818181818181818,6.909090909090909,83.27272727272728,6.181818181818182,77.0909090909091
E00078662,291,30,11,19,261,21,240,10.309278350515463,3.7800687285223367,6.529209621993128,89.69072164948454,7.216494845360824,82.4742268041237
E00078663,232,43,19,24,189,16,173,18.53448275862069,8.189655172413794,10.344827586206897,81.46551724137932,6.896551724137931,74.56896551724138
E00078664,301,39,17,22,262,25,237,12.956810631229235,5.647840531561462,7.308970099667775,87.04318936877077,8.305647840531561,78.7375415282392
E00078665,305,53,19,34,252,28,224,17.37704918032787,6.229508196721312,11.147540983606557,82.62295081967214,9.180327868852459,73.44262295081967
E00078666,370,57,17,40,313,29,284,15.405405405405407,4.594594594594595,10.81081081081081,84.5945945945946,7.837837837837839,76.75675675675676
E00078667,283,62,35,27,221,20,201,21.908127208480565,12.36749116607774,9.540636042402827,78.09187279151944,7.06713780918728,71.02473498233216
E00078668,332,58,31,27,274,26,248,17.46987951807229,9.33734939759036,8.132530120481928,82.53012048192771,7.83132530120482,74.69879518072288
E00078669,351,70,33,37,281,26,255,19.943019943019944,9.401709401709402,10.541310541310542,80.05698005698005,7.4074074074074066,72.64957264957265
E00078670,345,83,38,45,262,21,241,24.057971014492754,11.014492753623188,13.043478260869565,75.94202898550725,6.086956521739131,69.85507246376812
E00078671,278,58,20,38,220,23,197,20.863309352517987,7.1942446043165464,13.66906474820144,79.13669064748201,8.273381294964029,70.86330935251799
E00078672,390,55,16,39,335,26,309,14.102564102564102,4.102564102564102,10,85.8974358974359,6.666666666666667,79.23076923076923
E00078673,387,98,43,55,289,22,267,25.32299741602067,11.11111111111111,14.21188630490956,74.67700258397933,5.684754521963824,68.9922480620155
E00078674,173,63,34,29,110,18,92,36.41618497109826,19.653179190751445,16.76300578034682,63.58381502890174,10.404624277456648,53.179190751445084
E00078675,263,70,31,39,193,14,179,26.61596958174905,11.787072243346007,14.82889733840304,73.38403041825094,5.323193916349809,68.06083650190115
E00078677,387,101,54,47,286,28,258,26.098191214470283,13.953488372093023,12.144702842377262,73.90180878552972,7.235142118863049,66.66666666666666
E00078678,488,93,39,54,395,36,359,19.057377049180328,7.991803278688526,11.065573770491802,80.94262295081968,7.377049180327869,73.5655737704918
E00078679,285,67,37,30,218,21,197,23.50877192982456,12.982456140350877,10.526315789473683,76.49122807017544,7.368421052631578,69.12280701754386
E00078680,271,35,12,23,236,24,212,12.915129151291513,4.428044280442804,8.487084870848708,87.08487084870849,8.856088560885608,78.22878228782287
E00078681,268,26,4,22,242,14,228,9.701492537313433,1.4925373134328357,8.208955223880597,90.29850746268657,5.223880597014925,85.07462686567165
E00078682,197,31,14,17,166,19,147,15.736040609137056,7.1065989847715745,8.629441624365482,84.26395939086294,9.644670050761421,74.61928934010153
E00078683,327,62,30,32,265,23,242,18.960244648318042,9.174311926605505,9.785932721712538,81.03975535168195,7.033639143730887,74.00611620795107
E00078684,266,45,9,36,221,18,203,16.917293233082706,3.3834586466165413,13.533834586466165,83.0827067669173,6.7669172932330826,76.31578947368422
E00078685,274,41,13,28,233,29,204,14.963503649635038,4.744525547445255,10.218978102189782,85.03649635036497,10.583941605839415,74.45255474452554
E00078686,327,70,31,39,257,14,243,21.406727828746178,9.480122324159021,11.926605504587156,78.59327217125383,4.281345565749235,74.31192660550458
E00078687,447,56,18,38,391,39,352,12.527964205816556,4.026845637583892,8.501118568232663,87.47203579418344,8.724832214765101,78.74720357941834
E00078688,212,76,40,36,136,16,120,35.84905660377358,18.867924528301888,16.9811320754717,64.15094339622641,7.547169811320755,56.60377358490566
E00078690,306,34,13,21,272,22,250,11.11111111111111,4.248366013071895,6.862745098039216,88.88888888888889,7.18954248366013,81.69934640522875
E00078691,194,76,41,35,118,14,104,39.175257731958766,21.1340206185567,18.04123711340206,60.824742268041234,7.216494845360824,53.608247422680414
E00078692,290,63,27,36,227,24,203,21.72413793103448,9.310344827586208,12.413793103448276,78.27586206896552,8.275862068965518,70
E00078693,362,50,20,30,312,36,276,13.812154696132598,5.524861878453039,8.287292817679557,86.1878453038674,9.94475138121547,76.24309392265194
E00078694,346,35,9,26,311,24,287,10.115606936416185,2.601156069364162,7.514450867052023,89.88439306358381,6.9364161849710975,82.94797687861272
E00078695,290,45,16,29,245,21,224,15.517241379310345,5.517241379310345,10,84.48275862068965,7.241379310344828,77.24137931034483
E00078696,336,29,5,24,307,32,275,8.630952380952381,1.488095238095238,7.142857142857142,91.36904761904762,9.523809523809524,81.84523809523809
E00078697,377,39,13,26,338,37,301,10.344827586206897,3.4482758620689653,6.896551724137931,89.65517241379311,9.814323607427056,79.84084880636605
E00078698,281,55,17,38,226,19,207,19.572953736654807,6.049822064056939,13.523131672597867,80.42704626334519,6.761565836298933,73.66548042704626
E00078699,341,41,14,27,300,30,270,12.023460410557185,4.105571847507331,7.9178885630498534,87.97653958944281,8.797653958944283,79.17888563049853
E00078700,244,30,13,17,214,24,190,12.295081967213115,5.327868852459016,6.967213114754098,87.70491803278688,9.836065573770492,77.8688524590164
E00078701,275,39,13,26,236,27,209,14.181818181818182,4.7272727272727275,9.454545454545455,85.81818181818181,9.818181818181818,76
E00078702,306,38,17,21,268,19,249,12.418300653594772,5.555555555555555,6.862745098039216,87.58169934640523,6.209150326797386,81.37254901960785
E00078703,334,46,18,28,288,24,264,13.77245508982036,5.389221556886228,8.383233532934131,86.22754491017965,7.18562874251497,79.04191616766467
E00078704,297,37,10,27,260,20,240,12.457912457912458,3.3670033670033668,9.090909090909092,87.54208754208754,6.7340067340067336,80.8080808080808
E00078705,352,49,12,37,303,31,272,13.920454545454545,3.4090909090909087,10.511363636363637,86.07954545454545,8.806818181818182,77.27272727272727
E00078706,304,76,41,35,228,16,212,25,13.486842105263158,11.513157894736842,75,5.263157894736842,69.73684210526315
E00078707,246,43,16,27,203,10,193,17.479674796747968,6.504065040650407,10.975609756097562,82.52032520325203,4.0650406504065035,78.45528455284553
E00078708,219,42,27,15,177,16,161,19.17808219178082,12.32876712328767,6.8493150684931505,80.82191780821918,7.30593607305936,73.51598173515981
E00078709,320,48,22,26,272,29,243,15,6.875000000000001,8.125,85,9.0625,75.9375
E00078710,409,61,18,43,348,13,335,14.91442542787286,4.400977995110025,10.513447432762836,85.08557457212714,3.1784841075794623,81.90709046454768
E00078711,255,32,12,20,223,12,211,12.549019607843137,4.705882352941177,7.8431372549019605,87.45098039215686,4.705882352941177,82.74509803921568
E00078712,302,38,14,24,264,24,240,12.582781456953644,4.635761589403973,7.9470198675496695,87.41721854304636,7.9470198675496695,79.47019867549669
E00078713,286,40,14,26,246,21,225,13.986013986013987,4.895104895104895,9.090909090909092,86.01398601398601,7.3426573426573425,78.67132867132867
E00078714,331,41,17,24,290,31,259,12.386706948640484,5.13595166163142,7.250755287009064,87.61329305135952,9.365558912386707,78.24773413897282
E00078715,263,37,14,23,226,32,194,14.068441064638785,5.323193916349809,8.745247148288973,85.93155893536122,12.167300380228136,73.76425855513308
E00078716,301,37,12,25,264,15,249,12.29235880398671,3.9867109634551494,8.305647840531561,87.70764119601328,4.983388704318937,82.72425249169434
E00078717,235,53,26,27,182,16,166,22.5531914893617,11.063829787234042,11.48936170212766,77.4468085106383,6.808510638297872,70.63829787234043
E00078718,288,30,13,17,258,19,239,10.416666666666668,4.513888888888888,5.902777777777778,89.58333333333334,6.597222222222222,82.98611111111111
E00078719,333,27,10,17,306,37,269,8.108108108108109,3.003003003003003,5.105105105105105,91.8918918918919,11.11111111111111,80.78078078078079
E00078720,290,41,11,30,249,22,227,14.13793103448276,3.793103448275862,10.344827586206897,85.86206896551725,7.586206896551724,78.27586206896552
E00078721,312,35,13,22,277,28,249,11.217948717948719,4.166666666666666,7.051282051282051,88.78205128205127,8.974358974358974,79.8076923076923
E00078722,309,29,10,19,280,30,250,9.385113268608414,3.2362459546925564,6.148867313915858,90.614886731391593,9.70873786407767,80.90614886731392
E00078723,222,31,10,21,191,14,177,13.963963963963963,4.504504504504505,9.45945945945946,86.03603603603604,6.306306306306306,79.72972972972973
E00078724,347,46,20,26,301,19,282,13.256484149855908,5.763688760806916,7.492795389048991,86.74351585014409,5.475504322766571,81.26801152737752
E00078725,273,47,23,24,226,20,206,17.216117216117215,8.424908424908425,8.791208791208792,82.78388278388277,7.326007326007327,75.45787545787546
E00078726,307,53,20,33,254,17,237,17.263843648208468,6.514657980456026,10.749185667752444,82.73615635179154,5.537459283387622,77.19869706840392
E00078727,314,67,22,45,247,23,224,21.337579617834397,7.006369426751593,14.331210191082802,78.6624203821656,7.32484076433121,71.3375796178344
E00078728,169,58,28,30,111,8,103,34.319526627218934,16.56804733727811,17.75147928994083,65.68047337278107,4.733727810650888,60.946745562130175
E00078729,321,87,43,44,234,26,208,27.102803738317753,13.395638629283487,13.707165109034266,72.89719626168224,8.09968847352025,64.797507788162
E00078730,196,73,42,31,123,10,113,37.244897959183675,21.428571428571427,15.816326530612246,62.755102040816325,5.1020408163265305,57.6530612244898
E00078731,284,55,15,40,229,19,210,19.366197183098592,5.28169014084507,14.084507042253522,80.63380281690141,6.690140845070422,73.94366197183099
E00078732,235,48,24,24,187,16,171,20.425531914893615,10.212765957446807,10.212765957446807,79.57446808510639,6.808510638297872,72.76595744680851
E00078733,292,55,24,31,237,24,213,18.835616438356166,8.21917808219178,10.616438356164384,81.16438356164383,8.21917808219178,72.94520547945206
E00078734,324,58,22,36,266,29,237,17.901234567901234,6.790123456790123,11.11111111111111,82.09876543209876,8.950617283950617,73.14814814814815
E00078735,334,58,25,33,276,29,247,17.365269461077844,7.48502994011976,9.880239520958083,82.63473053892216,8.682634730538922,73.95209580838323
E00078736,349,42,13,29,307,39,268,12.034383954154727,3.7249283667621778,8.30945558739255,87.96561604584528,11.174785100286533,76.79083094555874
E00078737,411,53,20,33,358,32,326,12.895377128953772,4.866180048661801,8.02919708029197,87.10462287104623,7.785888077858881,79.31873479318735
E00078738,386,54,19,35,332,31,301,13.989637305699482,4.922279792746114,9.067357512953368,86.01036269430051,8.031088082901555,77.97927461139896
E00078739,258,95,49,46,163,12,151,36.82170542635659,18.992248062015506,17.829457364341085,63.17829457364341,4.651162790697675,58.52713178294574
E00078741,244,43,15,28,201,21,180,17.62295081967213,6.147540983606557,11.475409836065573,82.37704918032787,8.60655737704918,73.77049180327869
E00078742,226,37,13,24,189,14,175,16.371681415929203,5.752212389380531,10.619469026548673,83.6283185840708,6.1946902654867255,77.43362831858407
E00078743,291,50,13,37,241,22,219,17.18213058419244,4.4673539518900345,12.714776632302405,82.81786941580756,7.560137457044673,75.25773195876289
E00078744,246,45,18,27,201,22,179,18.29268292682927,7.317073170731707,10.975609756097562,81.70731707317073,8.94308943089431,72.76422764227642
E00078745,356,71,21,50,285,33,252,19.9438202247191,5.8988764044943816,14.04494382022472,80.0561797752809,9.269662921348315,70.78651685393258
E00078746,267,59,27,32,208,15,193,22.09737827715356,10.112359550561797,11.985018726591761,77.90262172284645,5.617977528089887,72.28464419475655
E00078747,306,59,22,37,247,23,224,19.28104575163399,7.18954248366013,12.091503267973856,80.71895424836602,7.516339869281046,73.20261437908496
E00078748,266,61,29,32,205,13,192,22.932330827067666,10.902255639097744,12.030075187969924,77.06766917293233,4.887218045112782,72.18045112781954
E00078749,300,64,29,35,236,13,223,21.333333333333336,9.666666666666666,11.666666666666666,78.66666666666666,4.333333333333334,74.33333333333333
E00078750,371,81,44,37,290,22,268,21.83288409703504,11.859838274932615,9.973045822102426,78.16711590296495,5.929919137466308,72.23719676549865
E00078751,311,60,31,29,251,17,234,19.292604501607716,9.967845659163988,9.32475884244373,80.70739549839229,5.466237942122187,75.2411575562701
E00078752,399,100,52,48,299,9,290,25.062656641604008,13.032581453634084,12.030075187969924,74.93734335839599,2.2556390977443606,72.68170426065163
E00078753,349,78,49,29,271,14,257,22.349570200573066,14.040114613180515,8.30945558739255,77.65042979942693,4.011461318051576,73.63896848137536
E00078754,377,69,31,38,308,22,286,18.30238726790451,8.222811671087534,10.079575596816976,81.6976127320955,5.835543766578249,75.86206896551724
E00078755,353,41,15,26,312,22,290,11.614730878186968,4.2492917847025495,7.365439093484419,88.38526912181302,6.232294617563739,82.15297450424929
E00078756,311,57,20,37,254,19,235,18.327974276527332,6.430868167202572,11.89710610932476,81.67202572347267,6.109324758842444,75.56270096463022
E00078757,267,77,43,34,190,17,173,28.83895131086142,16.10486891385768,12.734082397003746,71.16104868913857,6.367041198501873,64.7940074906367
E00078758,367,51,18,33,316,27,289,13.896457765667575,4.904632152588556,8.991825613079019,86.10354223433242,7.3569482288828345,78.7465940054496
E00078760,236,74,31,43,162,17,145,31.35593220338983,13.135593220338984,18.220338983050848,68.64406779661016,7.203389830508475,61.440677966101696
E00078761,281,43,16,27,238,16,222,15.302491103202847,5.6939501779359425,9.608540925266903,84.69750889679716,5.6939501779359425,79.00355871886121
E00078762,313,28,7,21,285,36,249,8.945686900958465,2.2364217252396164,6.7092651757188495,91.05431309904152,11.501597444089457,79.55271565495208
E00078763,369,55,20,35,314,14,300,14.905149051490515,5.420054200542006,9.48509485094851,85.09485094850947,3.7940379403794036,81.30081300813008
E00078764,360,44,17,27,316,19,297,12.222222222222221,4.722222222222222,7.5,87.77777777777777,5.277777777777778,82.5
E00078765,327,54,29,25,273,15,258,16.51376146788991,8.868501529051988,7.64525993883792,83.4862385321101,4.587155963302752,78.89908256880734
E00078766,213,60,23,37,153,11,142,28.169014084507044,10.7981220657277,17.370892018779344,71.83098591549296,5.164319248826291,66.66666666666666
E00078767,324,48,14,34,276,28,248,14.814814814814813,4.320987654320987,10.493827160493826,85.18518518518519,8.641975308641975,76.5432098765432
E00078768,411,84,36,48,327,19,308,20.437956204379564,8.75912408759124,11.678832116788321,79.56204379562044,4.622871046228711,74.93917274939173
E00078769,380,61,28,33,319,18,301,16.05263157894737,7.368421052631578,8.68421052631579,83.94736842105263,4.736842105263158,79.21052631578948
E00078770,294,76,38,38,218,7,211,25.850340136054424,12.925170068027212,12.925170068027212,74.14965986394559,2.380952380952381,71.7687074829932
E00078771,343,69,35,34,274,13,261,20.11661807580175,10.204081632653061,9.912536443148689,79.88338192419825,3.7900874635568513,76.0932944606414
E00078773,281,70,28,42,211,19,192,24.91103202846975,9.9644128113879,14.94661921708185,75.08896797153025,6.761565836298933,68.32740213523132
E00078774,318,46,10,36,272,16,256,14.465408805031446,3.1446540880503147,11.320754716981133,85.53459119496856,5.031446540880504,80.50314465408806
E00078775,272,41,16,25,231,15,216,15.073529411764705,5.88235294117647,9.191176470588236,84.92647058823529,5.514705882352941,79.41176470588235
E00078776,319,47,11,36,272,22,250,14.733542319749215,3.4482758620689653,11.285266457680251,85.26645768025078,6.896551724137931,78.36990595611285
E00078777,342,55,27,28,287,18,269,16.08187134502924,7.894736842105263,8.187134502923977,83.91812865497076,5.263157894736842,78.65497076023392
E00078778,338,38,13,25,300,21,279,11.242603550295858,3.8461538461538463,7.396449704142012,88.75739644970415,6.21301775147929,82.54437869822485
E00078780,328,35,13,22,293,18,275,10.670731707317072,3.9634146341463414,6.707317073170732,89.32926829268293,5.487804878048781,83.84146341463415
E00078782,269,29,8,21,240,20,220,10.780669144981413,2.973977695167286,7.806691449814126,89.21933085501858,7.434944237918216,81.78438661710037
E00078783,341,60,28,32,281,19,262,17.595307917888565,8.211143695014663,9.3841642228739,82.40469208211144,5.571847507331378,76.83284457478005
E00078784,208,23,6,17,185,18,167,11.057692307692307,2.8846153846153846,8.173076923076923,88.9423076923077,8.653846153846153,80.28846153846155
E00078785,275,60,31,29,215,16,199,21.818181818181817,11.272727272727273,10.545454545454545,78.18181818181819,5.818181818181818,72.36363636363636
E00078786,271,50,16,34,221,12,209,18.45018450184502,5.904059040590406,12.546125461254611,81.54981549815497,4.428044280442804,77.12177121771218
E00078787,355,30,10,20,325,23,302,8.450704225352112,2.8169014084507045,5.633802816901409,91.54929577464789,6.478873239436619,85.07042253521126
E00078788,289,37,9,28,252,22,230,12.802768166089965,3.1141868512110724,9.688581314878892,87.19723183391004,7.612456747404845,79.58477508650519
E00078789,417,98,43,55,319,19,300,23.501199040767386,10.311750599520384,13.189448441247004,76.49880095923261,4.556354916067146,71.94244604316546
E00078790,285,68,35,33,217,14,203,23.859649122807017,12.280701754385964,11.578947368421053,76.14035087719299,4.912280701754386,71.2280701754386
E00078791,342,45,19,26,297,30,267,13.157894736842104,5.555555555555555,7.602339181286549,86.8421052631579,8.771929824561402,78.0701754385965
E00078792,325,62,22,40,263,21,242,19.076923076923077,6.769230769230769,12.307692307692308,80.92307692307692,6.461538461538462,74.46153846153845
E00078793,343,51,18,33,292,20,272,14.868804664723031,5.247813411078718,9.620991253644315,85.13119533527697,5.830903790087463,79.30029154518951
E00078794,309,43,20,23,266,13,253,13.915857605177994,6.472491909385113,7.443365695792881,86.08414239482201,4.207119741100324,81.87702265372168
E00078795,386,78,24,54,308,32,276,20.207253886010363,6.217616580310881,13.989637305699482,79.79274611398964,8.290155440414509,71.50259067357513
E00078796,287,52,25,27,235,24,211,18.118466898954704,8.710801393728223,9.40766550522648,81.8815331010453,8.362369337979095,73.5191637630662
E00078797,315,44,9,35,271,21,250,13.968253968253968,2.857142857142857,11.11111111111111,86.03174603174604,6.666666666666667,79.36507936507937
E00078798,277,40,18,22,237,31,206,14.440433212996389,6.4981949458483745,7.9422382671480145,85.5595667870036,11.191335740072201,74.36823104693141
E00078799,363,57,18,39,306,18,288,15.702479338842975,4.958677685950414,10.743801652892563,84.29752066115702,4.958677685950414,79.33884297520662
E00078800,354,51,23,28,303,23,280,14.40677966101695,6.497175141242938,7.909604519774012,85.59322033898306,6.497175141242938,79.09604519774011
E00078801,215,52,28,24,163,8,155,24.186046511627907,13.023255813953488,11.162790697674419,75.81395348837209,3.7209302325581395,72.09302325581395
E00078802,324,58,21,37,266,27,239,17.901234567901234,6.481481481481481,11.419753086419753,82.09876543209876,8.333333333333332,73.76543209876543
E00078803,292,50,19,31,242,24,218,17.123287671232877,6.506849315068493,10.616438356164384,82.87671232876713,8.21917808219178,74.65753424657534
E00078804,290,55,28,27,235,21,214,18.96551724137931,9.655172413793103,9.310344827586208,81.03448275862068,7.241379310344828,73.79310344827587
E00078805,360,80,27,53,280,25,255,22.22222222222222,7.5,14.722222222222223,77.77777777777779,6.944444444444445,70.83333333333334
E00078807,256,57,20,37,199,16,183,22.265625,7.8125,14.453125,77.734375,6.25,71.484375
E00078808,280,42,10,32,238,26,212,15,3.571428571428571,11.428571428571429,85,9.285714285714286,75.71428571428571
E00078809,332,42,12,30,290,36,254,12.650602409638553,3.614457831325301,9.036144578313253,87.34939759036145,10.843373493975903,76.50602409638554
E00078810,282,71,36,35,211,18,193,25.177304964539005,12.76595744680851,12.411347517730496,74.822695035461,6.382978723404255,68.43971631205675
E00078811,264,53,26,27,211,23,188,20.075757575757574,9.848484848484848,10.227272727272728,79.92424242424242,8.712121212121213,71.21212121212122
E00078812,261,38,16,22,223,24,199,14.559386973180077,6.130268199233716,8.42911877394636,85.44061302681992,9.195402298850574,76.24521072796935
E00078813,229,69,35,34,160,15,145,30.131004366812224,15.283842794759824,14.847161572052403,69.86899563318777,6.550218340611353,63.31877729257642
E00078814,173,57,37,20,116,8,108,32.947976878612714,21.38728323699422,11.560693641618498,67.05202312138728,4.624277456647398,62.42774566473989
E00078815,351,33,18,15,318,21,297,9.401709401709402,5.128205128205128,4.273504273504273,90.5982905982906,5.982905982905983,84.61538461538461
E00078816,306,69,25,44,237,22,215,22.54901960784314,8.169934640522875,14.37908496732026,77.45098039215686,7.18954248366013,70.26143790849673
E00078817,237,74,42,32,163,14,149,31.223628691983123,17.72151898734177,13.502109704641349,68.77637130801688,5.9071729957805905,62.869198312236286
E00078818,324,88,43,45,236,20,216,27.160493827160494,13.271604938271606,13.88888888888889,72.8395061728395,6.172839506172839,66.66666666666666
E00078819,270,56,18,38,214,24,190,20.74074074074074,6.666666666666667,14.074074074074074,79.25925925925927,8.88888888888889,70.37037037037037
E00078820,310,64,31,33,246,25,221,20.64516129032258,10,10.64516129032258,79.35483870967742,8.064516129032258,71.29032258064515
E00078821,351,82,34,48,269,30,239,23.36182336182336,9.686609686609685,13.675213675213676,76.63817663817663,8.547008547008547,68.09116809116809
E00078823,341,45,18,27,296,18,278,13.196480938416421,5.278592375366569,7.9178885630498534,86.80351906158357,5.278592375366569,81.52492668621701
E00078824,511,80,27,53,431,48,383,15.655577299412915,5.283757338551859,10.371819960861057,84.34442270058709,9.393346379647749,74.95107632093934
E00078825,302,62,24,38,240,26,214,20.52980132450331,7.9470198675496695,12.582781456953644,79.47019867549669,8.609271523178808,70.86092715231787
E00078826,332,38,12,26,294,31,263,11.44578313253012,3.614457831325301,7.83132530120482,88.55421686746988,9.33734939759036,79.21686746987952
E00078828,302,73,29,44,229,24,205,24.17218543046358,9.602649006622517,14.56953642384106,75.82781456953643,7.9470198675496695,67.88079470198676
E00078829,286,63,27,36,223,17,206,22.02797202797203,9.44055944055944,12.587412587412588,77.97202797202797,5.944055944055944,72.02797202797203
E00078830,327,50,21,29,277,31,246,15.29051987767584,6.422018348623854,8.868501529051988,84.70948012232415,9.480122324159021,75.22935779816514
E00078831,305,43,17,26,262,22,240,14.098360655737704,5.573770491803279,8.524590163934425,85.90163934426229,7.213114754098362,78.68852459016394
E00078832,241,75,35,40,166,18,148,31.12033195020747,14.522821576763487,16.59751037344398,68.87966804979253,7.468879668049793,61.41078838174274
E00078833,247,35,11,24,212,17,195,14.17004048582996,4.4534412955465585,9.7165991902834,85.82995951417004,6.882591093117409,78.94736842105263
E00078834,268,43,10,33,225,16,209,16.044776119402986,3.731343283582089,12.313432835820896,83.95522388059702,5.970149253731343,77.98507462686567
E00078835,280,61,23,38,219,20,199,21.785714285714285,8.214285714285714,13.571428571428571,78.21428571428571,7.142857142857142,71.07142857142857
E00078836,296,61,24,37,235,18,217,20.60810810810811,8.108108108108109,12.5,79.3918918918919,6.081081081081082,73.3108108108108
E00166467,284,53,15,38,231,27,204,18.661971830985916,5.28169014084507,13.380281690140844,81.33802816901408,9.507042253521126,71.83098591549296
E00166468,130,14,4,10,116,8,108,10.76923076923077,3.076923076923077,7.6923076923076925,89.23076923076924,6.153846153846154,83.07692307692308
E00166469,278,19,5,14,259,17,242,6.83453237410072,1.7985611510791366,5.0359712230215825,93.16546762589928,6.115107913669065,87.05035971223022
E00166470,147,25,3,22,122,10,112,17.006802721088434,2.0408163265306123,14.965986394557824,82.99319727891157,6.802721088435375,76.19047619047619
E00166471,182,20,0,20,162,9,153,10.989010989010989,0,10.989010989010989,89.01098901098901,4.945054945054945,84.06593406593407
E00166472,235,24,12,12,211,12,199,10.212765957446807,5.106382978723404,5.106382978723404,89.7872340425532,5.106382978723404,84.68085106382979
E00166473,169,26,8,18,143,11,132,15.384615384615385,4.733727810650888,10.650887573964498,84.61538461538461,6.508875739644971,78.10650887573965
E00166474,231,29,13,16,202,14,188,12.554112554112553,5.627705627705628,6.926406926406926,87.44588744588745,6.0606060606060606,81.38528138528139
E00166475,270,26,8,18,244,24,220,9.62962962962963,2.9629629629629632,6.666666666666667,90.37037037037037,8.88888888888889,81.48148148148148
E00166476,309,59,30,29,250,23,227,19.093851132686083,9.70873786407767,9.385113268608414,80.90614886731392,7.443365695792881,73.46278317152104
E00166477,208,40,12,28,168,12,156,19.230769230769234,5.769230769230769,13.461538461538462,80.76923076923077,5.769230769230769,75
E00166478,209,22,9,13,187,17,170,10.526315789473683,4.30622009569378,6.220095693779904,89.47368421052632,8.133971291866029,81.3397129186603
E00166479,350,51,21,30,299,26,273,14.571428571428571,6,8.571428571428571,85.42857142857143,7.428571428571429,78
E00166480,244,21,6,15,223,21,202,8.60655737704918,2.459016393442623,6.147540983606557,91.39344262295081,8.60655737704918,82.78688524590164
E00166481,241,18,6,12,223,19,204,7.468879668049793,2.4896265560165975,4.979253112033195,92.5311203319502,7.883817427385892,84.64730290456431
E00166482,327,32,8,24,295,12,283,9.785932721712538,2.4464831804281344,7.339449541284404,90.21406727828746,3.669724770642202,86.54434250764525
E00166483,323,64,38,26,259,25,234,19.814241486068113,11.76470588235294,8.04953560371517,80.18575851393189,7.739938080495357,72.44582043343654
E00166485,469,77,31,46,392,26,366,16.417910447761194,6.609808102345416,9.808102345415778,83.5820895522388,5.543710021321962,78.03837953091684
E00166487,361,32,11,21,329,24,305,8.86426592797784,3.0470914127423825,5.8171745152354575,91.13573407202216,6.64819944598338,84.48753462603878
E00166488,368,34,7,27,334,33,301,9.239130434782608,1.9021739130434785,7.336956521739131,90.76086956521739,8.967391304347826,81.79347826086956
E00166489,471,33,9,24,438,8,430,7.006369426751593,1.910828025477707,5.095541401273886,92.99363057324841,1.6985138004246285,91.29511677282377
E00166490,375,38,9,29,337,18,319,10.133333333333333,2.4,7.733333333333333,89.86666666666666,4.8,85.06666666666666
E00166491,169,16,8,8,153,11,142,9.467455621301776,4.733727810650888,4.733727810650888,90.53254437869822,6.508875739644971,84.02366863905326
E00166492,367,62,30,32,305,13,292,16.893732970027248,8.174386920980927,8.71934604904632,83.10626702997274,3.5422343324250685,79.56403269754769
E00166494,307,30,8,22,277,16,261,9.77198697068404,2.6058631921824107,7.166123778501629,90.22801302931596,5.211726384364821,85.01628664495115
E00166495,316,21,4,17,295,11,284,6.6455696202531636,1.2658227848101267,5.379746835443038,93.35443037974683,3.481012658227848,89.87341772151899
E00166496,293,34,15,19,259,19,240,11.604095563139932,5.1194539249146755,6.484641638225256,88.39590443686008,6.484641638225256,81.91126279863481
E00166497,306,37,12,25,269,11,258,12.091503267973856,3.9215686274509802,8.169934640522875,87.90849673202614,3.594771241830065,84.31372549019608
E00166498,295,31,10,21,264,29,235,10.508474576271185,3.389830508474576,7.118644067796611,89.49152542372882,9.830508474576272,79.66101694915254
E00166499,281,35,14,21,246,15,231,12.455516014234876,4.98220640569395,7.473309608540925,87.54448398576513,5.338078291814947,82.20640569395017
E00166500,267,24,4,20,243,12,231,8.98876404494382,1.4981273408239701,7.490636704119851,91.01123595505618,4.49438202247191,86.51685393258427
E00166501,252,15,6,9,237,12,225,5.952380952380952,2.380952380952381,3.571428571428571,94.04761904761905,4.761904761904762,89.28571428571429
E00166502,254,29,10,19,225,23,202,11.41732283464567,3.937007874015748,7.480314960629922,88.58267716535433,9.05511811023622,79.52755905511812
E00166503,400,53,21,32,347,31,316,13.25,5.25,8,86.75,7.75,79
E00166504,417,120,77,43,297,26,271,28.776978417266186,18.465227817745802,10.311750599520384,71.22302158273382,6.235011990407674,64.98800959232614
E00166505,348,43,13,30,305,31,274,12.35632183908046,3.7356321839080464,8.620689655172415,87.643678160919535,8.908045977011495,78.73563218390804
E00166506,183,18,6,12,165,12,153,9.836065573770492,3.278688524590164,6.557377049180328,90.1639344262295,6.557377049180328,83.60655737704919
E00166507,342,38,10,28,304,20,284,11.11111111111111,2.923976608187134,8.187134502923977,88.88888888888889,5.847953216374268,83.04093567251462
E00166508,219,49,22,27,170,14,156,22.37442922374429,10.045662100456621,12.32876712328767,77.6255707762557,6.392694063926941,71.23287671232876
E00166509,204,28,11,17,176,17,159,13.725490196078432,5.392156862745098,8.333333333333332,86.27450980392157,8.333333333333332,77.94117647058823
E00166510,126,23,6,17,103,10,93,18.253968253968253,4.761904761904762,13.492063492063492,81.74603174603175,7.936507936507936,73.80952380952381
E00166511,334,42,22,20,292,31,261,12.574850299401197,6.58682634730539,5.9880239520958085,87.42514970059881,9.281437125748502,78.1437125748503
E00166512,322,38,12,26,284,21,263,11.801242236024844,3.7267080745341614,8.074534161490684,88.19875776397515,6.521739130434782,81.67701863354037
E00166513,274,69,31,38,205,12,193,25.18248175182482,11.313868613138686,13.86861313868613,74.81751824817519,4.37956204379562,70.43795620437956
E00166514,212,20,6,14,192,8,184,9.433962264150944,2.8301886792452833,6.60377358490566,90.56603773584906,3.7735849056603774,86.79245283018868
E00166515,208,28,8,20,180,10,170,13.461538461538462,3.8461538461538463,9.615384615384617,86.53846153846155,4.807692307692308,81.73076923076923
E00166516,334,43,20,23,291,20,271,12.874251497005988,5.9880239520958085,6.88622754491018,87.12574850299401,5.9880239520958085,81.1377245508982
E00166517,228,27,9,18,201,17,184,11.842105263157894,3.9473684210526314,7.894736842105263,88.1578947368421,7.456140350877193,80.7017543859649
E00166518,372,30,9,21,342,27,315,8.064516129032258,2.4193548387096775,5.64516129032258,91.93548387096774,7.258064516129033,84.67741935483872
E00166519,412,68,29,39,344,19,325,16.50485436893204,7.038834951456311,9.466019417475728,83.49514563106796,4.611650485436893,78.88349514563106
E00166520,431,42,11,31,389,35,354,9.744779582366588,2.5522041763341066,7.192575406032482,90.25522041763341,8.120649651972158,82.13457076566125
E00166521,253,30,4,26,223,22,201,11.857707509881422,1.5810276679841897,10.276679841897234,88.14229249011858,8.695652173913043,79.44664031620553
E00166522,109,8,0,8,101,6,95,7.339449541284404,0,7.339449541284404,92.66055045871559,5.5045871559633035,87.1559633027523
E00166523,171,15,6,9,156,14,142,8.771929824561402,3.508771929824561,5.263157894736842,91.22807017543859,8.187134502923977,83.04093567251462
E00166524,138,25,7,18,113,4,109,18.115942028985508,5.072463768115942,13.043478260869565,81.88405797101449,2.898550724637681,78.98550724637681
E00166525,436,45,16,29,391,27,364,10.321100917431194,3.669724770642202,6.651376146788992,89.6788990825688,6.192660550458716,83.4862385321101
E00166526,199,24,8,16,175,15,160,12.060301507537687,4.0201005025125625,8.040201005025125,87.93969849246231,7.537688442211055,80.40201005025126
E00166527,223,18,6,12,205,9,196,8.071748878923767,2.690582959641256,5.381165919282512,91.92825112107623,4.0358744394618835,87.89237668161435
E00166528,132,20,1,19,112,13,99,15.151515151515152,0.7575757575757576,14.393939393939394,84.84848484848484,9.848484848484848,75
E00166529,281,52,28,24,229,15,214,18.505338078291814,9.9644128113879,8.540925266903916,81.49466192170819,5.338078291814947,76.15658362989323
E00166530,244,28,10,18,216,21,195,11.475409836065573,4.098360655737705,7.377049180327869,88.52459016393442,8.60655737704918,79.91803278688525
E00166531,335,37,14,23,298,20,278,11.044776119402986,4.179104477611941,6.865671641791045,88.95522388059702,5.970149253731343,82.98507462686567
E00166532,185,15,4,11,170,17,153,8.108108108108109,2.1621621621621623,5.9459459459459465,91.8918918918919,9.18918918918919,82.70270270270271
E00166533,241,20,6,14,221,18,203,8.29875518672199,2.4896265560165975,5.809128630705394,91.70124481327801,7.468879668049793,84.23236514522821
E00166534,333,20,7,13,313,25,288,6.006006006006006,2.1021021021021022,3.903903903903904,93.993993993994,7.5075075075075075,86.48648648648648
E00166535,624,64,16,48,560,34,526,10.256410256410255,2.564102564102564,7.6923076923076925,89.74358974358975,5.448717948717949,84.2948717948718
E00166537,296,25,3,22,271,10,261,8.445945945945946,1.0135135135135136,7.4324324324324325,91.55405405405406,3.3783783783783785,88.17567567567568
E00166538,226,28,14,14,198,17,181,12.389380530973451,6.1946902654867255,6.1946902654867255,87.61061946902655,7.52212389380531,80.08849557522124
E00166539,339,40,13,27,299,28,271,11.799410029498524,3.8348082595870205,7.964601769911504,88.20058997050147,8.259587020648967,79.9410029498525
E00166540,233,16,8,8,217,17,200,6.866952789699571,3.4334763948497855,3.4334763948497855,93.13304721030042,7.296137339055794,85.83690987124464
E00166541,326,46,15,31,280,30,250,14.11042944785276,4.601226993865031,9.509202453987731,85.88957055214725,9.202453987730062,76.68711656441718
E00166542,337,38,12,26,299,22,277,11.275964391691394,3.5608308605341246,7.71513353115727,88.72403560830861,6.528189910979229,82.19584569732937
E00166543,282,29,8,21,253,10,243,10.28368794326241,2.8368794326241136,7.446808510638298,89.71631205673759,3.546099290780142,86.17021276595744
E00166544,116,13,5,8,103,8,95,11.206896551724139,4.310344827586207,6.896551724137931,88.79310344827587,6.896551724137931,81.89655172413794
E00166545,227,39,18,21,188,18,170,17.180616740088105,7.929515418502203,9.251101321585903,82.81938325991189,7.929515418502203,74.8898678414097
E00166546,282,36,8,28,246,18,228,12.76595744680851,2.8368794326241136,9.929078014184398,87.2340425531915,6.382978723404255,80.85106382978722
E00166547,130,17,7,10,113,8,105,13.076923076923078,5.384615384615385,7.6923076923076925,86.92307692307692,6.153846153846154,80.76923076923077
E00166548,292,31,8,23,261,15,246,10.616438356164384,2.73972602739726,7.876712328767123,89.38356164383562,5.136986301369863,84.24657534246576
E00166549,338,26,6,20,312,22,290,7.6923076923076925,1.7751479289940828,5.9171597633136095,92.3076923076923,6.508875739644971,85.79881656804734
E00166550,323,27,10,17,296,23,273,8.359133126934983,3.0959752321981426,5.263157894736842,91.64086687306502,7.120743034055728,84.52012383900929
E00166551,498,39,7,32,459,23,436,7.83132530120482,1.4056224899598393,6.425702811244979,92.16867469879519,4.618473895582329,87.55020080321285
E00166552,254,25,10,15,229,14,215,9.84251968503937,3.937007874015748,5.905511811023622,90.15748031496062,5.511811023622047,84.64566929133859
E00166553,261,22,4,18,239,18,221,8.42911877394636,1.532567049808429,6.896551724137931,91.57088122605363,6.896551724137931,84.67432950191571
E00166554,146,19,5,14,127,8,119,13.013698630136986,3.4246575342465753,9.58904109589041,86.98630136986301,5.47945205479452,81.5068493150685
E00166555,175,11,0,11,164,14,150,6.2857142857142865,0,6.2857142857142865,93.71428571428572,8,85.71428571428571
E00166556,305,37,14,23,268,22,246,12.131147540983607,4.590163934426229,7.540983606557377,87.8688524590164,7.213114754098362,80.65573770491802
E00166557,247,25,6,19,222,22,200,10.121457489878543,2.42914979757085,7.6923076923076925,89.87854251012146,8.906882591093117,80.97165991902834
E00166558,126,11,3,8,115,8,107,8.73015873015873,2.380952380952381,6.349206349206349,91.26984126984127,6.349206349206349,84.92063492063492
E00166559,144,17,4,13,127,14,113,11.805555555555555,2.7777777777777777,9.027777777777777,88.19444444444444,9.722222222222223,78.47222222222221
E00166560,251,38,10,28,213,20,193,15.139442231075698,3.9840637450199203,11.155378486055776,84.86055776892431,7.968127490039841,76.89243027888446
E00166561,194,20,7,13,174,21,153,10.309278350515463,3.608247422680412,6.701030927835052,89.69072164948454,10.824742268041238,78.8659793814433
E00166562,343,83,56,27,260,23,237,24.198250728862973,16.3265306122449,7.871720116618077,75.80174927113703,6.705539358600583,69.09620991253644
E00166563,361,15,4,11,346,27,319,4.1551246537396125,1.10803324099723,3.0470914127423825,95.84487534626038,7.479224376731302,88.36565096952909
E00166564,199,19,11,8,180,19,161,9.547738693467336,5.527638190954774,4.0201005025125625,90.45226130653266,9.547738693467336,80.90452261306532
E00166565,240,23,7,16,217,17,200,9.583333333333334,2.9166666666666665,6.666666666666667,90.41666666666667,7.083333333333333,83.33333333333334
E00166566,155,16,4,12,139,13,126,10.32258064516129,2.5806451612903225,7.741935483870968,89.6774193548387,8.38709677419355,81.29032258064515
E00166568,199,27,7,20,172,21,151,13.5678391959799,3.5175879396984926,10.050251256281408,86.4321608040201,10.552763819095476,75.87939698492463
E00166569,144,15,5,10,129,7,122,10.416666666666668,3.4722222222222223,6.944444444444445,89.58333333333334,4.861111111111112,84.72222222222221
E00166570,297,31,7,24,266,31,235,10.437710437710438,2.356902356902357,8.080808080808081,89.56228956228956,10.437710437710438,79.12457912457911
E00166571,295,37,8,29,258,19,239,12.54237288135593,2.711864406779661,9.830508474576272,87.45762711864407,6.440677966101695,81.01694915254237
E00166572,374,38,12,26,336,27,309,10.16042780748663,3.2085561497326207,6.951871657754011,89.83957219251337,7.219251336898395,82.62032085561498
E00166573,328,29,11,18,299,21,278,8.841463414634147,3.353658536585366,5.487804878048781,91.15853658536585,6.402439024390244,84.7560975609756
E00166574,304,42,8,34,262,18,244,13.815789473684212,2.631578947368421,11.18421052631579,86.18421052631578,5.921052631578947,80.26315789473685
E00166575,286,29,11,18,257,21,236,10.13986013986014,3.8461538461538463,6.293706293706294,89.86013986013987,7.3426573426573425,82.51748251748252
E00166576,108,15,3,12,93,5,88,13.88888888888889,2.7777777777777777,11.11111111111111,86.11111111111111,4.62962962962963,81.48148148148148
E00166577,250,23,6,17,227,20,207,9.2,2.4,6.800000000000001,90.8,8,82.8
E00166578,129,12,4,8,117,4,113,9.30232558139535,3.10077519379845,6.2015503875969,90.69767441860465,3.10077519379845,87.59689922480621
E00166579,169,21,11,10,148,9,139,12.42603550295858,6.508875739644971,5.9171597633136095,87.57396449704143,5.325443786982249,82.24852071005917
E00166580,182,14,2,12,168,11,157,7.6923076923076925,1.098901098901099,6.593406593406594,92.3076923076923,6.043956043956044,86.26373626373626
E00166581,221,18,2,16,203,7,196,8.144796380090497,0.904977375565611,7.239819004524888,91.8552036199095,3.167420814479638,88.68778280542986
E00166582,118,22,6,16,96,3,93,18.64406779661017,5.084745762711865,13.559322033898304,81.35593220338984,2.5423728813559325,78.8135593220339
E00166583,189,24,10,14,165,12,153,12.698412698412698,5.291005291005291,7.4074074074074066,87.3015873015873,6.349206349206349,80.95238095238095
E00166584,147,19,10,9,128,15,113,12.925170068027212,6.802721088435375,6.122448979591836,87.07482993197279,10.204081632653061,76.87074829931973
E00166585,243,27,11,16,216,6,210,11.11111111111111,4.526748971193416,6.584362139917696,88.88888888888889,2.4691358024691357,86.41975308641975
E00166586,192,28,10,18,164,17,147,14.583333333333334,5.208333333333334,9.375,85.41666666666666,8.854166666666668,76.5625
E00166587,188,17,2,15,171,17,154,9.042553191489363,1.0638297872340425,7.9787234042553195,90.95744680851064,9.042553191489363,81.91489361702128
E00166588,119,14,6,8,105,21,84,11.76470588235294,5.042016806722689,6.722689075630252,88.23529411764706,17.647058823529413,70.58823529411765
E00166589,324,34,12,22,290,33,257,10.493827160493826,3.7037037037037033,6.790123456790123,89.50617283950618,10.185185185185185,79.32098765432099
E00166590,237,25,8,17,212,18,194,10.548523206751055,3.375527426160337,7.172995780590717,89.45147679324894,7.59493670886076,81.85654008438819
E00166591,192,24,7,17,168,13,155,12.5,3.6458333333333335,8.854166666666668,87.5,6.770833333333333,80.72916666666666
E00166592,173,20,3,17,153,14,139,11.560693641618498,1.7341040462427744,9.826589595375722,88.4393063583815,8.092485549132949,80.34682080924856
E00177243,189,21,4,17,168,10,158,11.11111111111111,2.1164021164021163,8.994708994708994,88.88888888888889,5.291005291005291,83.5978835978836
E00177244,133,10,4,6,123,11,112,7.518796992481203,3.007518796992481,4.511278195488721,92.4812030075188,8.270676691729323,84.21052631578947
E00177248,390,32,12,20,358,26,332,8.205128205128204,3.076923076923077,5.128205128205128,91.7948717948718,6.666666666666667,85.12820512820512
E00177249,428,92,46,46,336,17,319,21.49532710280374,10.74766355140187,10.74766355140187,78.50467289719626,3.9719626168224296,74.53271028037383
E00177250,354,35,15,20,319,24,295,9.887005649717514,4.23728813559322,5.649717514124294,90.11299435028248,6.779661016949152,83.33333333333334
E00177251,247,37,14,23,210,20,190,14.979757085020243,5.668016194331984,9.31174089068826,85.02024291497976,8.097165991902834,76.92307692307693
E00177252,416,65,31,34,351,18,333,15.625,7.451923076923077,8.173076923076923,84.375,4.326923076923077,80.04807692307693
E00177253,170,15,1,14,155,12,143,8.823529411764707,0.5882352941176471,8.235294117647058,91.17647058823529,7.0588235294117645,84.11764705882354
E00177254,109,10,1,9,99,9,90,9.174311926605505,0.9174311926605505,8.256880733944955,90.82568807339449,8.256880733944955,82.56880733944955
E00177257,567,76,28,48,491,32,459,13.403880070546737,4.938271604938271,8.465608465608465,86.59611992945327,5.64373897707231,80.95238095238095
E00177258,299,33,10,23,266,19,247,11.036789297658862,3.3444816053511706,7.6923076923076925,88.96321070234113,6.354515050167224,82.6086956521739
E00177259,232,31,22,9,201,14,187,13.36206896551724,9.482758620689655,3.8793103448275863,86.63793103448276,6.0344827586206895,80.60344827586206
E00177260,118,10,0,10,108,12,96,8.47457627118644,0,8.47457627118644,91.52542372881356,10.16949152542373,81.35593220338984
E00177263,296,27,9,18,269,22,247,9.121621621621621,3.040540540540541,6.081081081081082,90.87837837837837,7.4324324324324325,83.44594594594594
E00177268,227,24,4,20,203,7,196,10.572687224669604,1.762114537444934,8.81057268722467,89.42731277533039,3.0837004405286343,86.34361233480176
E00177271,530,47,12,35,483,40,443,8.867924528301886,2.2641509433962264,6.60377358490566,91.13207547169812,7.547169811320755,83.58490566037736
E00177273,227,27,12,15,200,16,184,11.894273127753303,5.286343612334802,6.607929515418502,88.10572687224669,7.048458149779736,81.05726872246696
E00177274,309,44,21,23,265,25,240,14.239482200647249,6.796116504854369,7.443365695792881,85.76051779935275,8.090614886731391,77.66990291262135
E00177275,262,19,7,12,243,7,236,7.251908396946565,2.6717557251908395,4.580152671755725,92.74809160305344,2.6717557251908395,90.07633587786259
E00177277,307,32,12,20,275,19,256,10.423452768729643,3.908794788273615,6.514657980456026,89.57654723127035,6.188925081433225,83.38762214983714
E00177278,216,26,6,20,190,18,172,12.037037037037036,2.7777777777777777,9.25925925925926,87.96296296296296,8.333333333333332,79.62962962962963
E00177280,472,48,20,28,424,29,395,10.16949152542373,4.23728813559322,5.932203389830509,89.83050847457628,6.1440677966101696,83.6864406779661
E00177281,181,21,12,9,160,5,155,11.602209944751381,6.629834254143646,4.972375690607735,88.39779005524862,2.7624309392265194,85.6353591160221
E00177283,113,12,7,5,101,12,89,10.619469026548673,6.1946902654867255,4.424778761061947,89.38053097345133,10.619469026548673,78.76106194690266
E00177285,129,12,1,11,117,15,102,9.30232558139535,0.7751937984496124,8.527131782945736,90.69767441860465,11.627906976744185,79.06976744186046
E00177286,295,52,23,29,243,10,233,17.627118644067796,7.796610169491526,9.830508474576272,82.37288135593221,3.389830508474576,78.98305084745762
E00177288,460,51,18,33,409,17,392,11.08695652173913,3.91304347826087,7.173913043478261,88.91304347826086,3.6956521739130435,85.21739130434783
E00177291,525,42,12,30,483,39,444,8,2.2857142857142856,5.714285714285714,92,7.428571428571429,84.57142857142857
E00177292,607,57,30,27,550,31,519,9.390444810543658,4.942339373970346,4.448105436573312,90.60955518945634,5.107084019769357,85.50247116968698
E00177294,336,35,12,23,301,23,278,10.416666666666668,3.571428571428571,6.845238095238096,89.58333333333334,6.845238095238096,82.73809523809523
E00177295,326,39,14,25,287,21,266,11.96319018404908,4.294478527607362,7.668711656441718,88.03680981595092,6.441717791411043,81.59509202453987
E00177296,426,51,19,32,375,21,354,11.971830985915492,4.460093896713615,7.511737089201878,88.02816901408451,4.929577464788732,83.09859154929578
E00177297,376,68,30,38,308,28,280,18.085106382978726,7.9787234042553195,10.106382978723403,81.91489361702128,7.446808510638298,74.46808510638297
E00177298,310,29,8,21,281,17,264,9.35483870967742,2.5806451612903225,6.774193548387098,90.64516129032259,5.483870967741936,85.16129032258064
E00177299,171,21,6,15,150,8,142,12.280701754385964,3.508771929824561,8.771929824561402,87.71929824561403,4.678362573099415,83.04093567251462
E00177303,377,36,16,20,341,25,316,9.549071618037134,4.244031830238726,5.305039787798409,90.45092838196287,6.631299734748011,83.81962864721486
E00177311,394,29,8,21,365,9,356,7.3604060913705585,2.030456852791878,5.32994923857868,92.63959390862944,2.284263959390863,90.35532994923858
E00177313,192,20,5,15,172,21,151,10.416666666666668,2.604166666666667,7.8125,89.58333333333334,10.9375,78.64583333333334
E00177314,571,50,23,27,521,33,488,8.756567425569177,4.028021015761821,4.728546409807356,91.24343257443083,5.779334500875657,85.46409807355516
E00177316,552,36,14,22,516,29,487,6.521739130434782,2.536231884057971,3.985507246376811,93.47826086956522,5.253623188405797,88.22463768115942
E00177318,314,44,16,28,270,30,240,14.012738853503185,5.095541401273886,8.9171974522293,85.98726114649682,9.554140127388536,76.43312101910828
E00177319,290,31,10,21,259,19,240,10.689655172413794,3.4482758620689653,7.241379310344828,89.3103448275862,6.551724137931035,82.75862068965517
E00177324,298,37,10,27,261,14,247,12.416107382550337,3.3557046979865772,9.060402684563758,87.58389261744966,4.697986577181208,82.88590604026845
E00177325,412,45,17,28,367,27,340,10.922330097087379,4.12621359223301,6.796116504854369,89.07766990291263,6.553398058252427,82.52427184466019
E00177328,431,23,7,16,408,10,398,5.336426914153132,1.6241299303944314,3.7122969837587005,94.66357308584686,2.320185614849188,92.34338747099768
E00177331,331,46,18,28,285,28,257,13.897280966767372,5.438066465256798,8.459214501510575,86.10271903323263,8.459214501510575,77.64350453172206
E00177332,382,48,17,31,334,24,310,12.56544502617801,4.450261780104712,8.115183246073299,87.43455497382199,6.282722513089005,81.15183246073299
E00177333,298,48,19,29,250,15,235,16.10738255033557,6.375838926174497,9.731543624161073,83.89261744966443,5.033557046979865,78.85906040268456
E00177336,198,55,26,29,143,13,130,27.77777777777778,13.131313131313133,14.646464646464647,72.22222222222221,6.565656565656567,65.65656565656566
E00177338,476,31,10,21,445,18,427,6.512605042016808,2.100840336134454,4.411764705882353,93.4873949579832,3.7815126050420167,89.70588235294117
E00177341,416,88,34,54,328,15,313,21.153846153846153,8.173076923076923,12.980769230769232,78.84615384615384,3.6057692307692304,75.24038461538461
E00177344,323,46,15,31,277,22,255,14.241486068111456,4.643962848297214,9.597523219814242,85.75851393188854,6.811145510835913,78.94736842105263
E00177345,166,21,6,15,145,17,128,12.650602409638553,3.614457831325301,9.036144578313253,87.34939759036145,10.240963855421686,77.10843373493977
E00177346,370,39,8,31,331,22,309,10.54054054054054,2.1621621621621623,8.378378378378379,89.45945945945945,5.9459459459459465,83.51351351351352
E00177347,390,19,4,15,371,23,348,4.871794871794872,1.0256410256410255,3.8461538461538463,95.12820512820512,5.897435897435897,89.23076923076924
E00177349,261,11,3,8,250,20,230,4.21455938697318,1.1494252873563218,3.065134099616858,95.78544061302682,7.662835249042145,88.12260536398468
E00177351,447,33,11,22,414,26,388,7.38255033557047,2.460850111856823,4.921700223713646,92.61744966442953,5.8165548098434,86.80089485458613
E00177352,142,20,8,12,122,2,120,14.084507042253522,5.633802816901409,8.450704225352112,85.91549295774648,1.4084507042253522,84.50704225352112
E00177359,314,37,13,24,277,31,246,11.78343949044586,4.140127388535031,7.643312101910828,88.21656050955414,9.872611464968154,78.343949044586
E00177362,198,15,1,14,183,6,177,7.575757575757576,0.5050505050505051,7.07070707070707,92.42424242424242,3.0303030303030303,89.39393939393939
E00177365,498,58,23,35,440,25,415,11.646586345381527,4.618473895582329,7.028112449799197,88.35341365461848,5.020080321285141,83.33333333333334
E00177366,582,54,21,33,528,40,488,9.278350515463918,3.608247422680412,5.670103092783505,90.72164948453609,6.872852233676976,83.8487972508591
E00177368,453,29,8,21,424,33,391,6.401766004415011,1.7660044150110374,4.635761589403973,93.59823399558499,7.28476821192053,86.313465783664455
E00177369,361,28,13,15,333,23,310,7.756232686980609,3.6011080332409975,4.1551246537396125,92.24376731301939,6.3711911357340725,85.87257617728532
E00177370,461,79,56,23,382,28,354,17.136659436008678,12.147505422993492,4.989154013015185,82.86334056399133,6.073752711496746,76.78958785249458
