OA,ts0380001,ts0380002,ts0380003,ts0380004,ts0380005,ts0380006,ts0380007,ts0380002_PCT,ts0380003_PCT,ts0380004_PCT,ts0380005_PCT,ts0380006_PCT,ts0380007_PCT
E00003110,254,32,10,22,222,21,201,12.598425196850393,3.937007874015748,8.661417322834646,87.4015748031496,8.267716535433072,79.13385826771653
E00003111,346,33,7,26,313,24,289,9.53757225433526,2.023121387283237,7.514450867052023,90.46242774566474,6.9364161849710975,83.52601156069365
E00003112,264,73,32,41,191,12,179,27.65151515151515,12.121212121212121,15.530303030303031,72.34848484848484,4.545454545454546,67.8030303030303
E00003113,420,128,109,19,292,18,274,30.476190476190478,25.952380952380956,4.523809523809524,69.52380952380952,4.285714285714286,65.23809523809524
E00003114,250,54,27,27,196,24,172,21.6,10.8,10.8,78.4,9.6,68.8
E00003115,242,28,5,23,214,19,195,11.570247933884298,2.066115702479339,9.50413223140496,88.42975206611571,7.851239669421488,80.57851239669421
E00003116,398,72,49,23,326,27,299,18.090452261306535,12.311557788944723,5.778894472361809,81.90954773869346,6.78391959798995,75.12562814070351
E00003117,363,30,9,21,333,20,313,8.264462809917356,2.479338842975207,5.785123966942149,91.73553719008265,5.5096418732782375,86.22589531680441
E00003118,384,64,25,39,320,29,291,16.666666666666664,6.510416666666667,10.15625,83.33333333333334,7.552083333333333,75.78125
E00003119,322,29,11,18,293,32,261,9.006211180124224,3.4161490683229814,5.590062111801243,90.99378881987577,9.937888198757763,81.05590062111801
E00003120,342,35,12,23,307,19,288,10.23391812865497,3.508771929824561,6.725146198830409,89.76608187134502,5.555555555555555,84.21052631578947
E00003122,354,34,13,21,320,29,291,9.6045197740113,3.672316384180791,5.932203389830509,90.3954802259887,8.192090395480225,82.20338983050848
E00003123,392,45,11,34,347,27,320,11.479591836734695,2.806122448979592,8.673469387755102,88.5204081632653,6.887755102040815,81.63265306122449
E00003124,295,47,16,31,248,18,230,15.932203389830507,5.423728813559322,10.508474576271185,84.06779661016948,6.101694915254238,77.96610169491525
E00003125,307,33,5,28,274,13,261,10.749185667752444,1.6286644951140066,9.120521172638437,89.25081433224756,4.234527687296417,85.01628664495115
E00003126,291,37,12,25,254,29,225,12.714776632302405,4.123711340206185,8.59106529209622,87.2852233676976,9.965635738831615,77.31958762886599
E00003127,177,44,25,19,133,22,111,24.858757062146893,14.124293785310735,10.734463276836157,75.14124293785311,12.429378531073446,62.71186440677966
E00003128,357,31,7,24,326,23,303,8.683473389355742,1.9607843137254901,6.722689075630252,91.31652661064426,6.442577030812324,84.87394957983193
E00003129,308,36,13,23,272,19,253,11.688311688311687,4.220779220779221,7.467532467532467,88.31168831168831,6.1688311688311686,82.14285714285714
E00003130,366,26,8,18,340,27,313,7.103825136612022,2.185792349726776,4.918032786885246,92.89617486338798,7.377049180327869,85.51912568306011
E00003131,367,33,15,18,334,28,306,8.991825613079019,4.087193460490464,4.904632152588556,91.00817438692098,7.629427792915531,83.37874659400545
E00003132,446,99,59,40,347,27,320,22.19730941704036,13.228699551569505,8.968609865470851,77.80269058295964,6.053811659192825,71.74887892376681
E00003133,361,29,10,19,332,31,301,8.033240997229916,2.7700831024930745,5.263157894736842,91.96675900277008,8.587257617728532,83.37950138504155
E00003134,429,47,21,26,382,32,350,10.955710955710956,4.895104895104895,6.0606060606060606,89.04428904428904,7.459207459207459,81.58508158508158
E00003135,345,42,10,32,303,17,286,12.173913043478262,2.898550724637681,9.27536231884058,87.82608695652175,4.9275362318840585,82.89855072463767
E00003136,257,29,14,15,228,19,209,11.284046692607005,5.447470817120623,5.836575875486381,88.715953307393,7.392996108949417,81.32295719844358
E00003137,220,25,4,21,195,14,181,11.363636363636363,1.8181818181818181,9.545454545454547,88.63636363636364,6.363636363636363,82.27272727272728
E00003138,307,37,8,29,270,13,257,12.052117263843648,2.6058631921824107,9.446254071661238,87.94788273615634,4.234527687296417,83.71335504885994
E00003139,439,70,39,31,369,16,353,15.945330296127564,8.88382687927107,7.061503416856492,84.05466970387245,3.644646924829157,80.41002277904327
E00003140,412,39,7,32,373,24,349,9.466019417475728,1.6990291262135921,7.766990291262135,90.53398058252428,5.825242718446602,84.70873786407766
E00003141,386,35,6,29,351,27,324,9.067357512953368,1.5544041450777202,7.512953367875648,90.93264248704664,6.994818652849741,83.93782383419689
E00003142,342,29,12,17,313,32,281,8.47953216374269,3.508771929824561,4.970760233918129,91.52046783625731,9.35672514619883,82.16374269005848
E00003143,418,48,17,31,370,16,354,11.483253588516746,4.0669856459330145,7.4162679425837315,88.51674641148325,3.827751196172249,84.688995215311
E00003144,424,45,18,27,379,14,365,10.61320754716981,4.245283018867925,6.367924528301887,89.38679245283019,3.30188679245283,86.08490566037736
E00003145,321,33,13,20,288,17,271,10.2803738317757,4.049844236760125,6.230529595015576,89.7196261682243,5.29595015576324,84.42367601246106
E00003146,558,57,23,34,501,39,462,10.21505376344086,4.121863799283155,6.093189964157706,89.78494623655914,6.989247311827956,82.79569892473118
E00003147,293,27,15,12,266,23,243,9.215017064846416,5.1194539249146755,4.09556313993174,90.78498293515358,7.849829351535837,82.93515358361775
E00003148,364,47,16,31,317,32,285,12.912087912087914,4.395604395604396,8.516483516483516,87.08791208791209,8.791208791208792,78.2967032967033
E00003149,357,101,56,45,256,27,229,28.291316526610643,15.686274509803921,12.605042016806722,71.70868347338936,7.563025210084033,64.14565826330532
E00003150,288,44,19,25,244,31,213,15.277777777777779,6.597222222222222,8.680555555555555,84.72222222222221,10.76388888888889,73.95833333333334
E00003151,276,42,12,30,234,30,204,15.217391304347828,4.3478260869565215,10.869565217391305,84.78260869565217,10.869565217391305,73.91304347826086
E00003152,298,38,10,28,260,13,247,12.751677852348994,3.3557046979865772,9.395973154362416,87.24832214765101,4.3624161073825505,82.88590604026845
E00003153,293,39,16,23,254,20,234,13.310580204778159,5.460750853242321,7.849829351535837,86.68941979522185,6.825938566552901,79.86348122866895
E00003154,387,26,9,17,361,25,336,6.718346253229974,2.3255813953488373,4.3927648578811365,93.28165374677002,6.459948320413436,86.82170542635659
E00003155,358,34,11,23,324,27,297,9.497206703910614,3.072625698324022,6.424581005586592,90.5027932960894,7.5418994413407825,82.9608938547486
E00003156,301,48,17,31,253,21,232,15.946843853820598,5.647840531561462,10.299003322259136,84.0531561461794,6.976744186046512,77.0764119601329
E00003157,364,44,15,29,320,39,281,12.087912087912088,4.1208791208791204,7.967032967032966,87.91208791208791,10.714285714285714,77.1978021978022
E00003158,502,96,36,60,406,35,371,19.12350597609562,7.171314741035857,11.952191235059761,80.87649402390437,6.97211155378486,73.90438247011953
E00003159,356,47,9,38,309,25,284,13.202247191011235,2.528089887640449,10.674157303370785,86.79775280898876,7.02247191011236,79.7752808988764
E00003160,291,44,22,22,247,32,215,15.120274914089347,7.560137457044673,7.560137457044673,84.87972508591065,10.996563573883162,73.8831615120275
E00003161,294,51,25,26,243,15,228,17.346938775510203,8.503401360544217,8.843537414965986,82.6530612244898,5.1020408163265305,77.55102040816327
E00003162,257,40,17,23,217,16,201,15.56420233463035,6.614785992217899,8.949416342412452,84.43579766536965,6.22568093385214,78.21011673151752
E00003163,399,49,13,36,350,23,327,12.280701754385964,3.258145363408521,9.022556390977442,87.71929824561403,5.764411027568922,81.95488721804512
E00003164,350,75,29,46,275,22,253,21.428571428571427,8.285714285714285,13.142857142857142,78.57142857142857,6.2857142857142865,72.28571428571429
E00003165,353,37,14,23,316,19,297,10.48158640226629,3.9660056657223794,6.515580736543909,89.51841359773371,5.382436260623229,84.13597733711048
E00003166,396,51,18,33,345,30,315,12.878787878787879,4.545454545454546,8.333333333333332,87.12121212121212,7.575757575757576,79.54545454545455
E00003167,392,48,15,33,344,25,319,12.244897959183673,3.826530612244898,8.418367346938775,87.75510204081633,6.377551020408164,81.37755102040816
E00003168,337,68,21,47,269,30,239,20.178041543026705,6.231454005934718,13.94658753709199,79.82195845697329,8.902077151335313,70.91988130563797
E00003169,298,48,15,33,250,28,222,16.10738255033557,5.033557046979865,11.073825503355705,83.89261744966443,9.395973154362416,74.49664429530202
E00003170,218,41,15,26,177,9,168,18.807339449541285,6.8807339449541285,11.926605504587156,81.19266055045871,4.128440366972478,77.06422018348624
E00003171,322,39,10,29,283,28,255,12.111801242236025,3.1055900621118013,9.006211180124224,87.88819875776397,8.695652173913043,79.19254658385093
E00003172,329,52,21,31,277,22,255,15.80547112462006,6.382978723404255,9.422492401215806,84.19452887537993,6.68693009118541,77.50759878419453
E00003173,351,47,14,33,304,18,286,13.390313390313391,3.9886039886039883,9.401709401709402,86.6096866096866,5.128205128205128,81.48148148148148
E00003174,307,38,14,24,269,17,252,12.37785016286645,4.5602605863192185,7.81758957654723,87.62214983713355,5.537459283387622,82.08469055374593
E00003176,366,56,22,34,310,21,289,15.300546448087433,6.0109289617486334,9.289617486338798,84.69945355191257,5.737704918032787,78.96174863387978
E00003177,319,46,12,34,273,29,244,14.420062695924765,3.761755485893417,10.658307210031348,85.57993730407524,9.090909090909092,76.48902821316614
E00003178,306,38,8,30,268,22,246,12.418300653594772,2.6143790849673203,9.803921568627452,87.58169934640523,7.18954248366013,80.3921568627451
E00003179,309,30,11,19,279,27,252,9.70873786407767,3.559870550161812,6.148867313915858,90.29126213592234,8.737864077669903,81.55339805825243
E00003180,339,39,13,26,300,28,272,11.504424778761061,3.8348082595870205,7.669616519174041,88.49557522123894,8.259587020648967,80.23598820058997
E00003181,416,60,16,44,356,22,334,14.423076923076922,3.8461538461538463,10.576923076923077,85.57692307692307,5.288461538461538,80.28846153846155
E00003182,402,39,20,19,363,21,342,9.701492537313433,4.975124378109453,4.72636815920398,90.29850746268657,5.223880597014925,85.07462686567165
E00003183,359,43,15,28,316,32,284,11.977715877437326,4.178272980501393,7.7994428969359335,88.02228412256268,8.913649025069638,79.10863509749304
E00003184,326,52,22,30,274,36,238,15.950920245398773,6.748466257668712,9.202453987730062,84.04907975460122,11.042944785276074,73.00613496932516
E00003185,371,43,13,30,328,25,303,11.590296495956872,3.5040431266846364,8.086253369272237,88.40970350404312,6.738544474393531,81.6711590296496
E00003186,281,39,18,21,242,11,231,13.87900355871886,6.405693950177936,7.473309608540925,86.12099644128114,3.9145907473309607,82.20640569395017
E00003187,378,45,24,21,333,18,315,11.904761904761903,6.349206349206349,5.555555555555555,88.09523809523809,4.761904761904762,83.33333333333334
E00003188,478,56,26,30,422,30,392,11.715481171548117,5.439330543933055,6.2761506276150625,88.28451882845188,6.2761506276150625,82.00836820083683
E00003189,424,42,15,27,382,29,353,9.90566037735849,3.5377358490566038,6.367924528301887,90.09433962264151,6.8396226415094334,83.25471698113208
E00003190,391,45,13,32,346,22,324,11.508951406649617,3.324808184143223,8.184143222506394,88.49104859335038,5.626598465473146,82.86445012787725
E00003191,502,63,23,40,439,31,408,12.549800796812749,4.581673306772909,7.968127490039841,87.45019920318725,6.175298804780876,81.27490039840637
E00003192,302,23,10,13,279,25,254,7.6158940397351,3.3112582781456954,4.304635761589404,92.3841059602649,8.27814569536424,84.10596026490066
E00003194,358,45,16,29,313,20,293,12.569832402234638,4.4692737430167595,8.100558659217876,87.43016759776536,5.58659217877095,81.84357541899442
E00003195,367,52,13,39,315,32,283,14.168937329700274,3.5422343324250685,10.626702997275205,85.83106267029973,8.71934604904632,77.11171662125341
E00003196,342,68,27,41,274,18,256,19.883040935672515,7.894736842105263,11.988304093567251,80.11695906432749,5.263157894736842,74.85380116959064
E00003197,424,75,32,43,349,21,328,17.68867924528302,7.547169811320755,10.141509433962264,82.31132075471697,4.952830188679245,77.35849056603774
E00003198,383,48,28,20,335,21,314,12.532637075718014,7.310704960835509,5.221932114882506,87.46736292428199,5.483028720626632,81.98433420365535
E00003199,355,57,28,29,298,28,270,16.056338028169016,7.887323943661972,8.169014084507042,83.94366197183099,7.887323943661972,76.05633802816901
E00003200,369,44,14,30,325,27,298,11.924119241192411,3.7940379403794036,8.130081300813007,88.07588075880759,7.317073170731707,80.75880758807588
E00003201,262,37,16,21,225,7,218,14.122137404580155,6.106870229007633,8.015267175572518,85.87786259541986,2.6717557251908395,83.20610687022901
E00003202,373,47,11,36,326,27,299,12.600536193029491,2.949061662198391,9.651474530831099,87.39946380697052,7.238605898123325,80.16085790884718
E00003203,300,48,23,25,252,22,230,16,7.666666666666666,8.333333333333332,84,7.333333333333333,76.66666666666667
E00003204,408,55,25,30,353,21,332,13.480392156862745,6.127450980392156,7.352941176470589,86.51960784313727,5.147058823529411,81.37254901960785
E00003206,326,72,39,33,254,21,233,22.085889570552148,11.96319018404908,10.122699386503067,77.91411042944786,6.441717791411043,71.47239263803681
E00003207,340,52,21,31,288,21,267,15.294117647058824,6.176470588235294,9.117647058823529,84.70588235294117,6.176470588235294,78.52941176470588
E00003208,310,65,37,28,245,14,231,20.967741935483872,11.935483870967742,9.032258064516128,79.03225806451613,4.516129032258064,74.51612903225806
E00003209,298,61,28,33,237,14,223,20.469798657718123,9.395973154362416,11.073825503355705,79.53020134228188,4.697986577181208,74.83221476510067
E00003210,325,60,29,31,265,19,246,18.461538461538463,8.923076923076923,9.538461538461538,81.53846153846153,5.846153846153846,75.6923076923077
E00003211,382,62,30,32,320,18,302,16.230366492146597,7.853403141361256,8.37696335078534,83.7696335078534,4.712041884816754,79.05759162303664
E00003212,321,61,32,29,260,19,241,19.003115264797508,9.968847352024921,9.034267912772584,80.99688473520249,5.919003115264798,75.0778816199377
E00003213,307,35,13,22,272,18,254,11.400651465798045,4.234527687296417,7.166123778501629,88.59934853420195,5.863192182410423,82.73615635179154
E00003214,255,49,23,26,206,21,185,19.215686274509807,9.019607843137255,10.196078431372548,80.7843137254902,8.235294117647058,72.54901960784314
E00003215,383,80,38,42,303,22,281,20.887728459530024,9.921671018276761,10.966057441253264,79.11227154046998,5.7441253263707575,73.36814621409921
E00003216,285,41,10,31,244,20,224,14.385964912280702,3.508771929824561,10.87719298245614,85.6140350877193,7.017543859649122,78.59649122807018
E00003217,298,37,8,29,261,24,237,12.416107382550337,2.684563758389262,9.731543624161073,87.58389261744966,8.053691275167784,79.53020134228188
E00003218,335,37,16,21,298,20,278,11.044776119402986,4.776119402985075,6.26865671641791,88.95522388059702,5.970149253731343,82.98507462686567
E00003219,311,25,10,15,286,19,267,8.038585209003216,3.215434083601286,4.823151125401929,91.96141479099678,6.109324758842444,85.85209003215434
E00003220,282,21,7,14,261,20,241,7.446808510638298,2.4822695035460995,4.964539007092199,92.5531914893617,7.092198581560284,85.46099290780141
E00003221,328,31,10,21,297,27,270,9.451219512195122,3.048780487804878,6.402439024390244,90.54878048780488,8.231707317073171,82.3170731707317
E00003222,314,46,14,32,268,31,237,14.64968152866242,4.45859872611465,10.191082802547772,85.35031847133759,9.872611464968154,75.47770700636943
E00003223,287,34,18,16,253,18,235,11.846689895470384,6.2717770034843205,5.574912891986063,88.15331010452961,6.2717770034843205,81.8815331010453
E00003224,310,41,16,25,269,25,244,13.225806451612904,5.161290322580645,8.064516129032258,86.7741935483871,8.064516129032258,78.70967741935485
E00003225,288,48,19,29,240,15,225,16.666666666666664,6.597222222222222,10.069444444444445,83.33333333333334,5.208333333333334,78.125
E00003226,259,31,12,19,228,19,209,11.96911196911197,4.633204633204633,7.335907335907336,88.03088803088804,7.335907335907336,80.6949806949807
E00003227,266,27,14,13,239,19,220,10.150375939849624,5.263157894736842,4.887218045112782,89.84962406015038,7.142857142857142,82.70676691729322
E00003228,317,23,10,13,294,22,272,7.255520504731862,3.1545741324921135,4.100946372239748,92.74447949526814,6.940063091482649,85.8044164037855
E00003229,330,36,12,24,294,26,268,10.909090909090908,3.6363636363636362,7.2727272727272725,89.0909090909091,7.878787878787878,81.21212121212122
E00003230,378,41,8,33,337,20,317,10.846560846560847,2.1164021164021163,8.73015873015873,89.15343915343915,5.291005291005291,83.86243386243386
E00003231,194,27,14,13,167,17,150,13.917525773195877,7.216494845360824,6.701030927835052,86.08247422680412,8.762886597938143,77.31958762886599
E00003232,462,51,15,36,411,39,372,11.03896103896104,3.2467532467532463,7.792207792207792,88.96103896103897,8.441558441558442,80.51948051948052
E00003233,329,34,14,20,295,28,267,10.33434650455927,4.25531914893617,6.079027355623101,89.66565349544074,8.51063829787234,81.15501519756839
E00003234,290,41,12,29,249,20,229,14.13793103448276,4.137931034482759,10,85.86206896551725,6.896551724137931,78.96551724137932
E00003235,410,36,13,23,374,31,343,8.780487804878048,3.1707317073170733,5.609756097560976,91.21951219512195,7.560975609756097,83.65853658536585
E00003236,244,20,6,14,224,7,217,8.19672131147541,2.459016393442623,5.737704918032787,91.80327868852459,2.8688524590163933,88.9344262295082
E00003237,524,61,27,34,463,38,425,11.641221374045802,5.152671755725191,6.488549618320611,88.35877862595419,7.251908396946565,81.10687022900763
E00003238,346,38,10,28,308,25,283,10.982658959537572,2.8901734104046244,8.092485549132949,89.01734104046243,7.225433526011561,81.79190751445087
E00003239,385,45,13,32,340,24,316,11.688311688311687,3.3766233766233764,8.311688311688311,88.31168831168831,6.233766233766234,82.07792207792208
E00003240,296,52,27,25,244,20,224,17.56756756756757,9.121621621621621,8.445945945945946,82.43243243243244,6.756756756756757,75.67567567567568
E00003241,235,22,6,16,213,14,199,9.361702127659575,2.553191489361702,6.808510638297872,90.63829787234042,5.957446808510639,84.68085106382979
E00003242,464,51,14,37,413,34,379,10.991379310344827,3.0172413793103448,7.974137931034483,89.00862068965517,7.327586206896551,81.68103448275862
E00003243,596,89,47,42,507,46,461,14.93288590604027,7.885906040268456,7.046979865771812,85.06711409395973,7.718120805369128,77.3489932885906
E00003244,282,15,2,13,267,14,253,5.319148936170213,0.7092198581560284,4.609929078014184,94.68085106382979,4.964539007092199,89.71631205673759
E00003245,302,42,17,25,260,25,235,13.90728476821192,5.629139072847682,8.27814569536424,86.09271523178808,8.27814569536424,77.81456953642383
E00003246,322,47,17,30,275,11,264,14.596273291925465,5.279503105590062,9.316770186335404,85.40372670807453,3.4161490683229814,81.98757763975155
E00003247,298,47,21,26,251,20,231,15.771812080536913,7.046979865771812,8.724832214765101,84.22818791946308,6.7114093959731544,77.51677852348993
E00003248,292,42,26,16,250,17,233,14.383561643835616,8.904109589041095,5.47945205479452,85.61643835616438,5.821917808219178,79.7945205479452
E00003249,311,45,16,29,266,18,248,14.469453376205788,5.144694533762058,9.32475884244373,85.53054662379421,5.787781350482315,79.7427652733119
E00003250,326,54,16,38,272,19,253,16.56441717791411,4.9079754601226995,11.65644171779141,83.43558282208589,5.828220858895705,77.60736196319019
E00003251,405,59,26,33,346,27,319,14.5679012345679,6.419753086419753,8.148148148148149,85.4320987654321,6.666666666666667,78.76543209876543
E00003252,233,21,4,17,212,14,198,9.012875536480687,1.7167381974248928,7.296137339055794,90.98712446351931,6.008583690987124,84.97854077253218
E00003253,253,22,4,18,231,7,224,8.695652173913043,1.5810276679841897,7.114624505928854,91.30434782608695,2.766798418972332,88.53754940711462
E00003254,465,84,27,57,381,17,364,18.064516129032256,5.806451612903226,12.258064516129032,81.93548387096774,3.655913978494624,78.27956989247312
E00003255,443,31,5,26,412,24,388,6.997742663656885,1.1286681715575622,5.8690744920993225,93.00225733634312,5.417607223476298,87.58465011286681
E00003256,351,48,16,32,303,16,287,13.675213675213676,4.5584045584045585,9.116809116809117,86.32478632478633,4.5584045584045585,81.76638176638177
E00003257,343,43,14,29,300,17,283,12.536443148688047,4.081632653061225,8.454810495626822,87.46355685131195,4.956268221574344,82.5072886297376
E00003258,338,37,20,17,301,17,284,10.946745562130179,5.9171597633136095,5.029585798816568,89.05325443786982,5.029585798816568,84.02366863905326
E00003259,261,32,8,24,229,25,204,12.260536398467432,3.065134099616858,9.195402298850574,87.73946360153256,9.578544061302683,78.16091954022988
E00003260,223,17,6,11,206,17,189,7.623318385650224,2.690582959641256,4.932735426008969,92.37668161434978,7.623318385650224,84.75336322869956
E00003261,258,27,8,19,231,16,215,10.465116279069768,3.10077519379845,7.3643410852713185,89.53488372093024,6.2015503875969,83.33333333333334
E00003262,260,34,9,25,226,20,206,13.076923076923078,3.4615384615384617,9.615384615384617,86.92307692307692,7.6923076923076925,79.23076923076923
E00003263,341,33,12,21,308,30,278,9.67741935483871,3.519061583577713,6.158357771260997,90.32258064516128,8.797653958944283,81.52492668621701
E00003265,393,37,13,24,356,29,327,9.414758269720101,3.307888040712468,6.106870229007633,90.5852417302799,7.37913486005089,83.20610687022901
E00003266,345,40,13,27,305,21,284,11.594202898550725,3.768115942028986,7.82608695652174,88.40579710144928,6.086956521739131,82.31884057971014
E00003267,361,47,15,32,314,26,288,13.019390581717452,4.1551246537396125,8.86426592797784,86.98060941828255,7.202216066481995,79.77839335180056
E00003268,413,37,11,26,376,36,340,8.958837772397095,2.663438256658596,6.2953995157385,91.0411622276029,8.716707021791766,82.32445520581115
E00003269,319,35,9,26,284,33,251,10.9717868338558,2.8213166144200628,8.150470219435736,89.0282131661442,10.344827586206897,78.68338557993731
E00003270,457,47,18,29,410,30,380,10.284463894967178,3.938730853391685,6.3457330415754925,89.71553610503283,6.564551422319474,83.15098468271334
E00003271,364,30,10,20,334,29,305,8.241758241758241,2.7472527472527473,5.4945054945054945,91.75824175824175,7.967032967032966,83.79120879120879
E00003272,419,49,13,36,370,27,343,11.694510739856803,3.1026252983293556,8.591885441527445,88.3054892601432,6.443914081145586,81.86157517899761
E00003273,346,52,20,32,294,18,276,15.028901734104046,5.780346820809249,9.248554913294797,84.97109826589595,5.202312138728324,79.76878612716763
E00003275,263,45,14,31,218,18,200,17.110266159695815,5.323193916349809,11.787072243346007,82.88973384030417,6.844106463878327,76.04562737642586
E00003276,483,40,12,28,443,28,415,8.281573498964804,2.484472049689441,5.797101449275362,91.7184265010352,5.797101449275362,85.92132505175984
E00003277,343,33,9,24,310,22,288,9.620991253644315,2.623906705539359,6.997084548104956,90.37900874635568,6.41399416909621,83.96501457725948
E00003278,362,41,18,23,321,25,296,11.32596685082873,4.972375690607735,6.353591160220995,88.67403314917127,6.906077348066299,81.76795580110497
E00003279,293,59,27,32,234,21,213,20.13651877133106,9.215017064846416,10.921501706484642,79.86348122866895,7.167235494880546,72.6962457337884
E00003280,315,47,23,24,268,18,250,14.920634920634921,7.301587301587302,7.6190476190476195,85.07936507936508,5.714285714285714,79.36507936507937
E00003281,382,35,14,21,347,35,312,9.162303664921465,3.664921465968586,5.49738219895288,90.83769633507853,9.162303664921465,81.67539267015707
E00003282,318,34,14,20,284,26,258,10.69182389937107,4.40251572327044,6.289308176100629,89.30817610062893,8.176100628930817,81.13207547169812
E00003283,295,36,12,24,259,21,238,12.203389830508476,4.067796610169491,8.135593220338983,87.79661016949153,7.118644067796611,80.67796610169492
E00003284,210,54,30,24,156,19,137,25.71428571428571,14.285714285714285,11.428571428571429,74.28571428571429,9.047619047619047,65.23809523809524
E00003285,285,46,16,30,239,14,225,16.140350877192983,5.614035087719298,10.526315789473683,83.85964912280703,4.912280701754386,78.94736842105263
E00003286,314,32,7,25,282,31,251,10.191082802547772,2.229299363057325,7.961783439490445,89.80891719745223,9.872611464968154,79.93630573248409
E00003287,378,45,11,34,333,24,309,11.904761904761903,2.91005291005291,8.994708994708994,88.09523809523809,6.349206349206349,81.74603174603175
E00003288,347,56,16,40,291,20,271,16.138328530259365,4.610951008645533,11.527377521613833,83.86167146974063,5.763688760806916,78.09798270893373
E00003289,310,39,14,25,271,24,247,12.580645161290322,4.516129032258064,8.064516129032258,87.41935483870968,7.741935483870968,79.6774193548387
E00003290,394,47,13,34,347,27,320,11.928934010152284,3.2994923857868024,8.629441624365482,88.07106598984772,6.852791878172589,81.21827411167513
E00003291,302,46,17,29,256,19,237,15.2317880794702,5.629139072847682,9.602649006622517,84.76821192052981,6.291390728476822,78.47682119205298
E00003292,178,61,34,27,117,13,104,34.26966292134831,19.101123595505616,15.168539325842698,65.73033707865169,7.303370786516854,58.42696629213483
E00003293,338,42,24,18,296,15,281,12.42603550295858,7.100591715976331,5.325443786982249,87.57396449704143,4.437869822485207,83.13609467455622
E00003294,273,46,23,23,227,25,202,16.84981684981685,8.424908424908425,8.424908424908425,83.15018315018315,9.157509157509157,73.992673992674
E00003295,334,59,21,38,275,29,246,17.664670658682635,6.287425149700598,11.377245508982035,82.33532934131736,8.682634730538922,73.65269461077844
E00003296,332,38,12,26,294,16,278,11.44578313253012,3.614457831325301,7.83132530120482,88.55421686746988,4.819277108433735,83.73493975903614
E00003297,339,34,8,26,305,26,279,10.029498525073747,2.359882005899705,7.669616519174041,89.97050147492625,7.669616519174041,82.30088495575221
E00003298,327,58,21,37,269,33,236,17.737003058103976,6.422018348623854,11.314984709480122,82.26299694189603,10.091743119266056,72.17125382262996
E00003299,270,30,10,20,240,21,219,11.11111111111111,3.7037037037037033,7.4074074074074066,88.88888888888889,7.777777777777778,81.11111111111111
E00003300,354,44,22,22,310,28,282,12.429378531073446,6.214689265536723,6.214689265536723,87.57062146892656,7.909604519774012,79.66101694915254
E00003301,330,35,11,24,295,28,267,10.606060606060606,3.3333333333333335,7.2727272727272725,89.39393939393939,8.484848484848486,80.9090909090909
E00003302,354,41,15,26,313,24,289,11.581920903954803,4.23728813559322,7.344632768361582,88.4180790960452,6.779661016949152,81.63841807909604
E00003303,334,45,18,27,289,34,255,13.47305389221557,5.389221556886228,8.08383233532934,86.52694610778443,10.179640718562874,76.34730538922156
E00003304,266,48,21,27,218,23,195,18.045112781954884,7.894736842105263,10.150375939849624,81.95488721804512,8.646616541353383,73.30827067669173
E00003305,330,60,21,39,270,30,240,18.181818181818183,6.363636363636363,11.818181818181818,81.81818181818183,9.090909090909092,72.72727272727273
E00003306,317,46,10,36,271,27,244,14.511041009463725,3.1545741324921135,11.35646687697161,85.48895899053628,8.517350157728707,76.97160883280758
E00003307,338,44,17,27,294,20,274,13.017751479289942,5.029585798816568,7.988165680473373,86.98224852071006,5.9171597633136095,81.06508875739645
E00003308,343,54,17,37,289,18,271,15.743440233236154,4.956268221574344,10.787172011661808,84.25655976676384,5.247813411078718,79.00874635568513
E00003309,297,37,10,27,260,26,234,12.457912457912458,3.3670033670033668,9.090909090909092,87.54208754208754,8.754208754208754,78.78787878787878
E00003310,344,27,10,17,317,24,293,7.848837209302325,2.9069767441860463,4.941860465116279,92.15116279069767,6.976744186046512,85.17441860465115
E00003311,266,27,6,21,239,24,215,10.150375939849624,2.2556390977443606,7.894736842105263,89.84962406015038,9.022556390977442,80.82706766917293
E00003312,347,41,14,27,306,27,279,11.815561959654179,4.034582132564841,7.780979827089338,88.18443804034582,7.780979827089338,80.403458213256485
E00003313,315,42,17,25,273,26,247,13.333333333333334,5.396825396825397,7.936507936507936,86.66666666666667,8.253968253968253,78.41269841269842
E00003314,358,45,9,36,313,21,292,12.569832402234638,2.5139664804469275,10.05586592178771,87.43016759776536,5.865921787709497,81.56424581005587
E00003315,358,26,7,19,332,23,309,7.262569832402235,1.9553072625698324,5.307262569832402,92.73743016759776,6.424581005586592,86.31284916201118
E00003316,467,78,51,27,389,20,369,16.70235546038544,10.920770877944326,5.781584582441114,83.29764453961455,4.282655246252676,79.01498929336188
E00003318,344,56,29,27,288,19,269,16.27906976744186,8.430232558139535,7.848837209302325,83.72093023255815,5.523255813953488,78.19767441860465
E00003319,380,54,15,39,326,29,297,14.210526315789473,3.9473684210526314,10.263157894736842,85.78947368421052,7.631578947368421,78.15789473684211
E00003320,323,48,18,30,275,21,254,14.860681114551083,5.572755417956656,9.287925696594428,85.13931888544892,6.5015479876160995,78.63777089783281
E00003321,308,34,14,20,274,28,246,11.03896103896104,4.545454545454546,6.493506493506493,88.96103896103897,9.090909090909092,79.87012987012987
E00003322,310,52,18,34,258,27,231,16.7741935483871,5.806451612903226,10.967741935483872,83.22580645161291,8.709677419354838,74.51612903225806
E00003323,295,31,10,21,264,23,241,10.508474576271185,3.389830508474576,7.118644067796611,89.49152542372882,7.796610169491526,81.69491525423729
E00003324,341,53,19,34,288,25,263,15.542521994134898,5.571847507331378,9.970674486803519,84.4574780058651,7.331378299120235,77.12609970674487
E00003325,339,29,6,23,310,22,288,8.55457227138643,1.7699115044247788,6.784660766961652,91.44542772861357,6.489675516224189,84.95575221238938
E00003326,384,38,15,23,346,14,332,9.895833333333332,3.90625,5.989583333333334,90.10416666666666,3.6458333333333335,86.45833333333334
E00003327,296,56,11,45,240,29,211,18.91891891891892,3.7162162162162162,15.202702702702704,81.08108108108108,9.797297297297296,71.28378378378379
E00003328,366,49,23,26,317,24,293,13.387978142076504,6.284153005464481,7.103825136612022,86.6120218579235,6.557377049180328,80.05464480874316
E00003329,320,32,7,25,288,25,263,10,2.1875,7.8125,90,7.8125,82.1875
E00003330,398,91,40,51,307,26,281,22.8643216080402,10.050251256281408,12.814070351758794,77.1356783919598,6.532663316582915,70.60301507537689
E00003331,308,34,15,19,274,19,255,11.03896103896104,4.870129870129871,6.1688311688311686,88.96103896103897,6.1688311688311686,82.79220779220779
E00003332,262,16,3,13,246,17,229,6.106870229007633,1.1450381679389312,4.961832061068702,93.89312977099237,6.488549618320611,87.40458015267176
E00003333,393,45,17,28,348,22,326,11.450381679389313,4.325699745547073,7.124681933842239,88.54961832061069,5.597964376590331,82.95165394402035
E00003334,309,67,35,32,242,15,227,21.68284789644013,11.326860841423949,10.355987055016183,78.31715210355988,4.854368932038835,73.46278317152104
E00003335,341,36,13,23,305,22,283,10.557184750733137,3.812316715542522,6.744868035190615,89.44281524926686,6.451612903225806,82.99120234604106
E00003336,388,46,14,32,342,32,310,11.855670103092782,3.608247422680412,8.24742268041237,88.14432989690721,8.24742268041237,79.89690721649485
E00003337,483,62,33,29,421,30,391,12.836438923395447,6.832298136645963,6.004140786749482,87.16356107660455,6.211180124223603,80.95238095238095
E00003338,451,79,47,32,372,17,355,17.516629711751662,10.42128603104213,7.095343680709535,82.48337028824834,3.7694013303769403,78.7139689578714
E00003339,408,68,40,28,340,26,314,16.666666666666664,9.803921568627452,6.862745098039216,83.33333333333334,6.372549019607843,76.9607843137255
E00003340,283,40,14,26,243,18,225,14.13427561837456,4.946996466431095,9.187279151943462,85.86572438162544,6.36042402826855,79.50530035335689
E00003341,309,31,9,22,278,28,250,10.032362459546926,2.912621359223301,7.119741100323624,89.96763754045307,9.06148867313916,80.90614886731392
E00003342,316,34,13,21,282,28,254,10.759493670886076,4.113924050632911,6.6455696202531636,89.24050632911393,8.860759493670885,80.37974683544303
E00003343,254,27,11,16,227,19,208,10.62992125984252,4.330708661417323,6.299212598425196,89.37007874015748,7.480314960629922,81.88976377952756
E00003344,284,39,13,26,245,17,228,13.732394366197184,4.577464788732395,9.15492957746479,86.26760563380282,5.985915492957746,80.28169014084507
E00003345,338,30,10,20,308,18,290,8.875739644970414,2.9585798816568047,5.9171597633136095,91.12426035502959,5.325443786982249,85.79881656804734
E00003346,377,66,32,34,311,15,296,17.50663129973475,8.488063660477453,9.018567639257293,82.49336870026525,3.978779840848806,78.51458885941645
E00003347,299,58,29,29,241,13,228,19.39799331103679,9.698996655518394,9.698996655518394,80.60200668896321,4.3478260869565215,76.2541806020067
E00003348,280,51,15,36,229,13,216,18.21428571428571,5.357142857142857,12.857142857142856,81.78571428571428,4.642857142857143,77.14285714285715
E00003349,307,28,11,17,279,22,257,9.120521172638437,3.5830618892508146,5.537459283387622,90.87947882736157,7.166123778501629,83.71335504885994
E00003350,321,45,19,26,276,24,252,14.018691588785046,5.919003115264798,8.09968847352025,85.98130841121495,7.476635514018691,78.50467289719626
E00003351,366,38,9,29,328,25,303,10.382513661202186,2.459016393442623,7.923497267759563,89.61748633879782,6.830601092896176,82.78688524590164
E00003352,332,33,10,23,299,16,283,9.939759036144578,3.0120481927710845,6.927710843373494,90.06024096385542,4.819277108433735,85.2409638554217
E00003353,325,44,27,17,281,13,268,13.538461538461538,8.307692307692308,5.230769230769231,86.46153846153845,4,82.46153846153847
E00003354,344,34,12,22,310,25,285,9.883720930232558,3.488372093023256,6.395348837209303,90.11627906976744,7.267441860465117,82.84883720930233
E00003356,262,63,32,31,199,17,182,24.045801526717558,12.213740458015266,11.83206106870229,75.95419847328245,6.488549618320611,69.46564885496184
E00003357,313,48,20,28,265,25,240,15.335463258785943,6.3897763578274756,8.945686900958465,84.66453674121406,7.987220447284344,76.6773162939297
E00003358,305,24,9,15,281,16,265,7.868852459016394,2.9508196721311477,4.918032786885246,92.1311475409836,5.245901639344262,86.88524590163934
E00003359,316,43,18,25,273,28,245,13.60759493670886,5.69620253164557,7.9113924050632916,86.39240506329115,8.860759493670885,77.53164556962025
E00003360,263,33,12,21,230,15,215,12.547528517110266,4.562737642585551,7.984790874524715,87.45247148288973,5.7034220532319395,81.74904942965779
E00003361,276,43,20,23,233,26,207,15.579710144927535,7.246376811594203,8.333333333333332,84.42028985507247,9.420289855072465,75
E00003362,371,47,19,28,324,25,299,12.668463611859837,5.121293800539084,7.547169811320755,87.33153638814017,6.738544474393531,80.59299191374663
E00003363,232,26,9,17,206,13,193,11.206896551724139,3.8793103448275863,7.327586206896551,88.79310344827587,5.603448275862069,83.1896551724138
E00003364,334,45,11,34,289,16,273,13.47305389221557,3.293413173652695,10.179640718562874,86.52694610778443,4.790419161676647,81.73652694610777
E00003365,319,44,24,20,275,27,248,13.793103448275861,7.523510971786834,6.269592476489027,86.20689655172413,8.463949843260188,77.74294670846395
E00003366,291,27,8,19,264,24,240,9.278350515463918,2.7491408934707904,6.529209621993128,90.72164948453609,8.24742268041237,82.4742268041237
E00003367,387,87,61,26,300,17,283,22.48062015503876,15.762273901808785,6.718346253229974,77.51937984496125,4.3927648578811365,73.1266149870801
E00003368,438,37,10,27,401,24,377,8.447488584474886,2.28310502283105,6.164383561643835,91.55251141552512,5.47945205479452,86.0730593607306
E00003369,381,90,48,42,291,23,268,23.62204724409449,12.598425196850393,11.023622047244094,76.37795275590551,6.036745406824147,70.34120734908137
E00003370,268,33,15,18,235,19,216,12.313432835820896,5.597014925373134,6.7164179104477615,87.68656716417911,7.08955223880597,80.59701492537313
E00003371,322,32,6,26,290,31,259,9.937888198757763,1.8633540372670807,8.074534161490684,90.06211180124224,9.627329192546584,80.43478260869566
E00003372,300,41,16,25,259,27,232,13.666666666666666,5.333333333333334,8.333333333333332,86.33333333333333,9,77.33333333333333
E00003373,376,27,7,20,349,30,319,7.180851063829788,1.8617021276595744,5.319148936170213,92.81914893617021,7.9787234042553195,84.8404255319149
E00003374,348,26,6,20,322,26,296,7.471264367816093,1.7241379310344827,5.747126436781609,92.52873563218391,7.471264367816093,85.0574712643678
E00003375,281,28,13,15,253,24,229,9.9644128113879,4.6263345195729535,5.338078291814947,90.0355871886121,8.540925266903916,81.49466192170819
E00003376,301,41,13,28,260,17,243,13.621262458471762,4.318936877076411,9.30232558139535,86.37873754152824,5.647840531561462,80.73089700996677
E00003377,363,54,26,28,309,17,292,14.87603305785124,7.162534435261708,7.7134986225895315,85.12396694214877,4.683195592286501,80.44077134986226
E00003378,308,53,21,32,255,21,234,17.20779220779221,6.8181818181818175,10.38961038961039,82.79220779220779,6.8181818181818175,75.97402597402598
E00003379,323,32,7,25,291,25,266,9.907120743034056,2.1671826625387,7.739938080495357,90.09287925696594,7.739938080495357,82.35294117647058
E00003380,280,33,11,22,247,25,222,11.785714285714285,3.9285714285714284,7.857142857142857,88.21428571428571,8.928571428571429,79.28571428571428
E00003381,328,38,6,32,290,32,258,11.585365853658537,1.8292682926829267,9.75609756097561,88.41463414634147,9.75609756097561,78.65853658536585
E00003382,182,51,19,32,131,12,119,28.021978021978022,10.43956043956044,17.582417582417584,71.97802197802197,6.593406593406594,65.38461538461539
E00003383,261,30,10,20,231,22,209,11.494252873563218,3.8314176245210727,7.662835249042145,88.50574712643679,8.42911877394636,80.07662835249042
E00003384,365,30,13,17,335,23,312,8.21917808219178,3.5616438356164384,4.657534246575342,91.78082191780823,6.301369863013699,85.47945205479452
E00003385,237,29,9,20,208,14,194,12.236286919831224,3.79746835443038,8.438818565400844,87.76371308016878,5.9071729957805905,81.85654008438819
E00003386,291,31,7,24,260,24,236,10.652920962199312,2.405498281786942,8.24742268041237,89.3470790378007,8.24742268041237,81.09965635738831
E00003387,285,30,11,19,255,29,226,10.526315789473683,3.8596491228070176,6.666666666666667,89.47368421052632,10.175438596491228,79.2982456140351
E00003388,277,34,10,24,243,24,219,12.274368231046932,3.6101083032490973,8.664259927797833,87.72563176895306,8.664259927797833,79.06137184115524
E00003389,317,53,19,34,264,15,249,16.7192429022082,5.993690851735016,10.725552050473187,83.2807570977918,4.73186119873817,78.54889589905363
E00003390,407,37,8,29,370,31,339,9.090909090909092,1.9656019656019657,7.125307125307126,90.9090909090909,7.616707616707617,83.29238329238329
E00003391,305,34,12,22,271,26,245,11.147540983606557,3.934426229508197,7.213114754098362,88.85245901639345,8.524590163934425,80.32786885245902
E00003392,323,62,30,32,261,22,239,19.195046439628484,9.287925696594428,9.907120743034056,80.80495356037152,6.811145510835913,73.9938080495356
E00003393,308,48,19,29,260,29,231,15.584415584415584,6.1688311688311686,9.415584415584416,84.4155844155844,9.415584415584416,75
E00003394,281,35,17,18,246,14,232,12.455516014234876,6.049822064056939,6.405693950177936,87.54448398576513,4.98220640569395,82.56227758007117
E00003395,267,31,9,22,236,19,217,11.610486891385769,3.3707865168539324,8.239700374531834,88.38951310861424,7.116104868913857,81.27340823970037
E00003396,395,21,7,14,374,33,341,5.3164556962025316,1.7721518987341773,3.5443037974683547,94.68354430379748,8.354430379746836,86.32911392405063
E00003397,253,28,8,20,225,17,208,11.067193675889328,3.1620553359683794,7.905138339920949,88.93280632411067,6.719367588932807,82.21343873517787
E00003398,283,37,20,17,246,21,225,13.074204946996467,7.06713780918728,6.007067137809187,86.92579505300353,7.420494699646643,79.50530035335689
E00003399,213,29,14,15,184,17,167,13.615023474178404,6.572769953051644,7.042253521126761,86.3849765258216,7.981220657276995,78.40375586854461
E00003400,237,38,13,25,199,12,187,16.033755274261605,5.485232067510549,10.548523206751055,83.96624472573839,5.063291139240507,78.90295358649789
E00003401,341,37,13,24,304,21,283,10.850439882697946,3.812316715542522,7.038123167155426,89.14956011730204,6.158357771260997,82.99120234604106
E00003402,252,58,30,28,194,15,179,23.015873015873016,11.904761904761903,11.11111111111111,76.98412698412699,5.952380952380952,71.03174603174604
E00003403,311,47,17,30,264,20,244,15.112540192926044,5.466237942122187,9.646302250803858,84.88745980707395,6.430868167202572,78.45659163987139
E00003404,282,46,13,33,236,22,214,16.312056737588655,4.609929078014184,11.702127659574469,83.68794326241135,7.801418439716312,75.88652482269504
E00003405,396,21,8,13,375,24,351,5.303030303030303,2.0202020202020203,3.2828282828282833,94.6969696969697,6.0606060606060606,88.63636363636364
E00003406,266,30,12,18,236,15,221,11.278195488721805,4.511278195488721,6.7669172932330826,88.7218045112782,5.639097744360902,83.0827067669173
E00003407,332,37,12,25,295,30,265,11.144578313253012,3.614457831325301,7.530120481927711,88.85542168674698,9.036144578313253,79.81927710843374
E00003408,234,40,20,20,194,11,183,17.094017094017094,8.547008547008547,8.547008547008547,82.90598290598291,4.700854700854701,78.2051282051282
E00003409,373,46,18,28,327,29,298,12.332439678284182,4.825737265415549,7.506702412868632,87.66756032171583,7.774798927613941,79.89276139410187
E00003410,363,57,20,37,306,33,273,15.702479338842975,5.5096418732782375,10.192837465564738,84.29752066115702,9.090909090909092,75.20661157024794
E00003411,309,37,13,24,272,12,260,11.974110032362459,4.207119741100324,7.766990291262135,88.02588996763754,3.8834951456310676,84.14239482200647
E00003412,312,29,3,26,283,20,263,9.294871794871796,0.9615384615384616,8.333333333333332,90.7051282051282,6.41025641025641,84.2948717948718
E00003413,266,37,23,14,229,18,211,13.909774436090224,8.646616541353383,5.263157894736842,86.09022556390977,6.7669172932330826,79.32330827067669
E00003414,261,30,14,16,231,22,209,11.494252873563218,5.363984674329502,6.130268199233716,88.50574712643679,8.42911877394636,80.07662835249042
E00003415,296,32,11,21,264,29,235,10.81081081081081,3.7162162162162162,7.094594594594595,89.1891891891892,9.797297297297296,79.3918918918919
E00003416,263,29,8,21,234,17,217,11.02661596958175,3.041825095057034,7.984790874524715,88.97338403041825,6.4638783269961975,82.50950570342205
E00003417,218,27,9,18,191,14,177,12.385321100917432,4.128440366972478,8.256880733944955,87.61467889908256,6.422018348623854,81.19266055045871
E00003418,437,39,18,21,398,34,364,8.924485125858125,4.118993135011442,4.805491990846682,91.07551487414187,7.780320366132723,83.29519450800915
E00003419,475,57,23,34,418,27,391,12,4.842105263157895,7.157894736842104,88,5.684210526315789,82.3157894736842
E00003420,243,21,7,14,222,18,204,8.641975308641975,2.880658436213992,5.761316872427984,91.35802469135803,7.4074074074074066,83.9506172839506
E00003421,274,33,13,20,241,21,220,12.043795620437956,4.744525547445255,7.2992700729927,87.95620437956204,7.664233576642336,80.2919708029197
E00003422,169,41,23,18,128,7,121,24.2603550295858,13.609467455621301,10.650887573964498,75.7396449704142,4.142011834319527,71.59763313609467
E00003423,298,57,31,26,241,24,217,19.12751677852349,10.40268456375839,8.724832214765101,80.87248322147651,8.053691275167784,72.81879194630872
E00003424,322,34,10,24,288,31,257,10.559006211180124,3.1055900621118013,7.453416149068323,89.44099378881988,9.627329192546584,79.8136645962733
E00003425,289,31,15,16,258,25,233,10.726643598615917,5.190311418685121,5.536332179930796,89.27335640138409,8.650519031141869,80.62283737024222
E00003426,240,22,8,14,218,19,199,9.166666666666666,3.3333333333333335,5.833333333333333,90.83333333333333,7.916666666666666,82.91666666666667
E00003427,244,25,7,18,219,20,199,10.245901639344263,2.8688524590163933,7.377049180327869,89.75409836065575,8.19672131147541,81.55737704918032
E00003428,325,35,14,21,290,25,265,10.76923076923077,4.3076923076923075,6.461538461538462,89.23076923076924,7.6923076923076925,81.53846153846153
E00003429,290,30,12,18,260,28,232,10.344827586206897,4.137931034482759,6.206896551724138,89.65517241379311,9.655172413793103,80
E00003430,268,36,11,25,232,26,206,13.432835820895523,4.104477611940299,9.328358208955224,86.56716417910447,9.701492537313433,76.86567164179104
E00003431,322,30,12,18,292,23,269,9.316770186335404,3.7267080745341614,5.590062111801243,90.6832298136646,7.142857142857142,83.54037267080744
E00003432,205,24,10,14,181,18,163,11.707317073170733,4.878048780487805,6.829268292682928,88.29268292682927,8.780487804878048,79.51219512195122
E00003433,339,60,36,24,279,28,251,17.699115044247787,10.619469026548673,7.079646017699115,82.30088495575221,8.259587020648967,74.04129793510324
E00003434,199,17,2,15,182,9,173,8.542713567839195,1.0050251256281406,7.537688442211055,91.4572864321608,4.522613065326634,86.93467336683418
E00003435,447,65,23,42,382,34,348,14.541387024608502,5.1454138702460845,9.395973154362416,85.4586129753915,7.606263982102908,77.85234899328859
E00003436,242,29,8,21,213,22,191,11.983471074380166,3.3057851239669422,8.677685950413224,88.01652892561982,9.090909090909092,78.92561983471074
E00003437,292,30,8,22,262,21,241,10.273972602739725,2.73972602739726,7.534246575342466,89.72602739726028,7.191780821917808,82.53424657534246
E00003438,261,24,9,15,237,30,207,9.195402298850574,3.4482758620689653,5.747126436781609,90.80459770114942,11.494252873563218,79.3103448275862
E00003439,223,34,14,20,189,21,168,15.246636771300448,6.278026905829597,8.968609865470851,84.75336322869956,9.417040358744394,75.33632286995515
E00003440,306,37,10,27,269,27,242,12.091503267973856,3.2679738562091507,8.823529411764707,87.90849673202614,8.823529411764707,79.08496732026144
E00003441,405,46,15,31,359,19,340,11.358024691358025,3.7037037037037033,7.654320987654321,88.64197530864197,4.691358024691358,83.9506172839506
E00003442,362,40,9,31,322,23,299,11.049723756906078,2.4861878453038675,8.56353591160221,88.95027624309392,6.353591160220995,82.59668508287292
E00003443,251,46,21,25,205,15,190,18.326693227091635,8.366533864541832,9.9601593625498,81.67330677290838,5.9760956175298805,75.69721115537848
E00003444,340,54,13,41,286,28,258,15.88235294117647,3.823529411764706,12.058823529411764,84.11764705882354,8.235294117647058,75.88235294117646
E00003445,288,33,12,21,255,20,235,11.458333333333332,4.166666666666666,7.291666666666667,88.54166666666666,6.944444444444445,81.59722222222221
E00003446,298,54,22,32,244,15,229,18.120805369127517,7.38255033557047,10.738255033557047,81.87919463087249,5.033557046979865,76.84563758389261
E00003447,322,36,11,25,286,29,257,11.180124223602485,3.4161490683229814,7.763975155279502,88.81987577639751,9.006211180124224,79.8136645962733
E00003448,290,42,16,26,248,18,230,14.482758620689657,5.517241379310345,8.96551724137931,85.51724137931035,6.206896551724138,79.3103448275862
E00003449,233,51,20,31,182,15,167,21.888412017167383,8.583690987124463,13.304721030042918,78.11158798283262,6.437768240343347,71.67381974248927
E00003450,364,35,18,17,329,26,303,9.615384615384617,4.945054945054945,4.670329670329671,90.38461538461539,7.142857142857142,83.24175824175825
E00003451,312,46,19,27,266,21,245,14.743589743589745,6.089743589743589,8.653846153846153,85.25641025641025,6.730769230769231,78.52564102564102
E00003452,315,35,12,23,280,22,258,11.11111111111111,3.8095238095238098,7.301587301587302,88.88888888888889,6.984126984126984,81.9047619047619
E00003453,336,77,51,26,259,18,241,22.916666666666664,15.178571428571427,7.738095238095238,77.08333333333334,5.357142857142857,71.72619047619048
E00003454,247,24,8,16,223,25,198,9.7165991902834,3.2388663967611335,6.477732793522267,90.2834008097166,10.121457489878543,80.16194331983806
E00003455,268,49,34,15,219,14,205,18.28358208955224,12.686567164179104,5.597014925373134,81.71641791044776,5.223880597014925,76.49253731343283
E00003456,280,24,7,17,256,19,237,8.571428571428571,2.5,6.071428571428571,91.42857142857143,6.785714285714286,84.64285714285714
E00003457,246,35,10,25,211,18,193,14.227642276422763,4.0650406504065035,10.16260162601626,85.77235772357723,7.317073170731707,78.45528455284553
E00003458,315,39,13,26,276,31,245,12.380952380952381,4.1269841269841265,8.253968253968253,87.61904761904762,9.841269841269842,77.77777777777779
E00003459,297,38,12,26,259,21,238,12.794612794612794,4.040404040404041,8.754208754208754,87.20538720538721,7.07070707070707,80.13468013468014
E00003460,214,24,10,14,190,18,172,11.214953271028037,4.672897196261682,6.5420560747663545,88.78504672897196,8.411214953271028,80.37383177570094
E00003461,249,17,4,13,232,22,210,6.827309236947792,1.6064257028112447,5.220883534136546,93.17269076305222,8.835341365461847,84.33734939759037
E00003462,170,34,17,17,136,11,125,20,10,10,80,6.470588235294119,73.52941176470588
E00003463,205,29,15,14,176,12,164,14.146341463414632,7.317073170731707,6.829268292682928,85.85365853658537,5.853658536585367,80
E00003465,257,31,15,16,226,11,215,12.062256809338521,5.836575875486381,6.22568093385214,87.93774319066148,4.280155642023346,83.65758754863813
E00003466,202,28,6,22,174,12,162,13.861386138613863,2.9702970297029703,10.891089108910892,86.13861386138613,5.9405940594059405,80.19801980198021
E00003467,335,21,6,15,314,28,286,6.26865671641791,1.791044776119403,4.477611940298507,93.73134328358209,8.358208955223882,85.37313432835822
E00003468,433,55,17,38,378,23,355,12.702078521939955,3.9260969976905313,8.775981524249422,87.29792147806005,5.311778290993072,81.98614318706697
E00003469,214,28,8,20,186,19,167,13.084112149532709,3.7383177570093453,9.345794392523365,86.91588785046729,8.878504672897195,78.03738317757009
E00003470,330,35,11,24,295,26,269,10.606060606060606,3.3333333333333335,7.2727272727272725,89.39393939393939,7.878787878787878,81.51515151515152
E00003471,138,18,3,15,120,10,110,13.043478260869565,2.1739130434782608,10.869565217391305,86.95652173913044,7.246376811594203,79.71014492753623
E00003472,224,27,9,18,197,28,169,12.053571428571429,4.017857142857143,8.035714285714286,87.94642857142857,12.5,75.44642857142857
E00003474,321,51,16,35,270,25,245,15.887850467289718,4.984423676012461,10.903426791277258,84.11214953271028,7.78816199376947,76.32398753894081
E00003475,315,37,17,20,278,20,258,11.746031746031745,5.396825396825397,6.349206349206349,88.25396825396825,6.349206349206349,81.9047619047619
E00003476,189,20,9,11,169,13,156,10.582010582010582,4.761904761904762,5.82010582010582,89.41798941798942,6.878306878306878,82.53968253968253
E00003477,235,26,10,16,209,16,193,11.063829787234042,4.25531914893617,6.808510638297872,88.93617021276596,6.808510638297872,82.12765957446808
E00003478,244,29,14,15,215,14,201,11.885245901639344,5.737704918032787,6.147540983606557,88.11475409836066,5.737704918032787,82.37704918032787
E00003479,219,30,7,23,189,18,171,13.698630136986301,3.1963470319634704,10.50228310502283,86.3013698630137,8.21917808219178,78.08219178082192
E00003480,509,69,21,48,440,28,412,13.555992141453832,4.12573673870334,9.430255402750491,86.44400785854617,5.50098231827112,80.94302554027504
E00003481,175,23,11,12,152,13,139,13.142857142857142,6.2857142857142865,6.857142857142858,86.85714285714286,7.428571428571429,79.42857142857143
E00003482,247,26,11,15,221,17,204,10.526315789473683,4.4534412955465585,6.0728744939271255,89.47368421052632,6.882591093117409,82.5910931174089
E00003483,277,31,15,16,246,24,222,11.191335740072201,5.415162454873646,5.776173285198556,88.8086642599278,8.664259927797833,80.14440433212997
E00003484,141,24,8,16,117,16,101,17.02127659574468,5.673758865248227,11.347517730496454,82.97872340425532,11.347517730496454,71.63120567375887
E00003485,233,28,10,18,205,8,197,12.017167381974248,4.291845493562231,7.725321888412018,87.98283261802575,3.4334763948497855,84.54935622317596
E00003486,226,27,9,18,199,17,182,11.946902654867257,3.982300884955752,7.964601769911504,88.05309734513274,7.52212389380531,80.53097345132744
E00003487,171,14,4,10,157,13,144,8.187134502923977,2.3391812865497075,5.847953216374268,91.81286549707602,7.602339181286549,84.21052631578947
E00003488,246,27,8,19,219,21,198,10.975609756097562,3.2520325203252036,7.723577235772358,89.02439024390245,8.536585365853659,80.48780487804879
E00003489,182,18,6,12,164,10,154,9.89010989010989,3.296703296703297,6.593406593406594,90.10989010989012,5.4945054945054945,84.61538461538461
E00003490,300,52,27,25,248,19,229,17.333333333333336,9,8.333333333333332,82.66666666666667,6.333333333333334,76.33333333333333
E00003491,168,42,17,25,126,14,112,25,10.119047619047619,14.880952380952381,75,8.333333333333332,66.66666666666666
E00003492,162,19,4,15,143,12,131,11.728395061728394,2.4691358024691357,9.25925925925926,88.27160493827161,7.4074074074074066,80.8641975308642
E00003493,333,70,39,31,263,21,242,21.02102102102102,11.711711711711711,9.30930930930931,78.97897897897897,6.306306306306306,72.67267267267268
E00003494,359,68,35,33,291,11,280,18.94150417827298,9.749303621169917,9.192200557103064,81.05849582172702,3.064066852367688,77.99442896935933
E00003495,245,56,23,33,189,25,164,22.857142857142858,9.387755102040817,13.46938775510204,77.14285714285715,10.204081632653061,66.93877551020408
E00003496,322,37,10,27,285,21,264,11.490683229813664,3.1055900621118013,8.385093167701864,88.50931677018633,6.521739130434782,81.98757763975155
E00003497,247,32,14,18,215,18,197,12.955465587044534,5.668016194331984,7.28744939271255,87.04453441295547,7.28744939271255,79.75708502024291
E00003498,457,83,28,55,374,32,342,18.161925601750546,6.12691466083151,12.035010940919037,81.83807439824945,7.00218818380744,74.83588621444201
E00003499,291,42,16,26,249,28,221,14.432989690721648,5.498281786941581,8.934707903780069,85.56701030927834,9.621993127147768,75.94501718213058
E00003500,274,53,31,22,221,20,201,19.34306569343066,11.313868613138686,8.02919708029197,80.65693430656934,7.2992700729927,73.35766423357664
E00003501,305,55,28,27,250,16,234,18.0327868852459,9.180327868852459,8.852459016393443,81.9672131147541,5.245901639344262,76.72131147540983
E00003502,301,55,19,36,246,18,228,18.272425249169437,6.312292358803987,11.960132890365449,81.72757475083057,5.980066445182724,75.74750830564784
E00003503,428,84,48,36,344,29,315,19.626168224299064,11.214953271028037,8.411214953271028,80.37383177570094,6.775700934579438,73.5981308411215
E00003504,348,46,26,20,302,17,285,13.218390804597702,7.471264367816093,5.747126436781609,86.7816091954023,4.885057471264368,81.89655172413794
E00003505,309,44,14,30,265,20,245,14.239482200647249,4.53074433656958,9.70873786407767,85.76051779935275,6.472491909385113,79.28802588996764
E00003506,299,54,29,25,245,24,221,18.06020066889632,9.698996655518394,8.361204013377927,81.93979933110369,8.02675585284281,73.91304347826086
E00003507,222,42,11,31,180,14,166,18.91891891891892,4.954954954954955,13.963963963963963,81.08108108108108,6.306306306306306,74.77477477477478
E00003508,550,103,54,49,447,21,426,18.72727272727273,9.818181818181818,8.90909090909091,81.27272727272728,3.8181818181818183,77.45454545454545
E00003509,361,69,41,28,292,15,277,19.113573407202217,11.357340720221606,7.756232686980609,80.88642659279779,4.1551246537396125,76.73130193905817
E00003510,310,32,14,18,278,20,258,10.32258064516129,4.516129032258064,5.806451612903226,89.6774193548387,6.451612903225806,83.22580645161291
E00003512,364,66,26,40,298,14,284,18.13186813186813,7.142857142857142,10.989010989010989,81.86813186813187,3.8461538461538463,78.02197802197803
E00003513,428,56,27,29,372,15,357,13.084112149532709,6.308411214953271,6.775700934579438,86.91588785046729,3.5046728971962615,83.41121495327103
E00003514,386,74,36,38,312,17,295,19.170984455958546,9.32642487046632,9.844559585492227,80.82901554404145,4.404145077720207,76.42487046632125
E00003516,328,63,30,33,265,19,246,19.20731707317073,9.146341463414634,10.060975609756099,80.79268292682927,5.7926829268292686,75
E00003517,328,55,27,28,273,8,265,16.76829268292683,8.231707317073171,8.536585365853659,83.23170731707317,2.4390243902439024,80.79268292682927
E00003518,346,43,18,25,303,17,286,12.427745664739884,5.202312138728324,7.225433526011561,87.57225433526011,4.913294797687861,82.65895953757226
E00003519,277,37,15,22,240,15,225,13.357400722021662,5.415162454873646,7.9422382671480145,86.64259927797833,5.415162454873646,81.2274368231047
E00003520,339,51,23,28,288,23,265,15.04424778761062,6.784660766961652,8.259587020648967,84.95575221238938,6.784660766961652,78.17109144542773
E00003521,326,62,24,38,264,8,256,19.018404907975462,7.361963190184049,11.65644171779141,80.98159509202453,2.4539877300613497,78.52760736196319
E00003522,446,59,27,32,387,28,359,13.228699551569505,6.053811659192825,7.174887892376682,86.7713004484305,6.278026905829597,80.49327354260089
E00003523,329,55,28,27,274,13,261,16.717325227963524,8.51063829787234,8.206686930091186,83.28267477203647,3.951367781155015,79.33130699088146
E00003524,471,66,36,30,405,26,379,14.012738853503185,7.643312101910828,6.369426751592357,85.98726114649682,5.520169851380043,80.46709129511677
E00003525,255,47,21,26,208,16,192,18.43137254901961,8.235294117647058,10.196078431372548,81.56862745098039,6.2745098039215685,75.29411764705883
E00003526,353,65,24,41,288,11,277,18.413597733711047,6.79886685552408,11.614730878186968,81.58640226628894,3.1161473087818696,78.47025495750708
E00003527,261,46,15,31,215,19,196,17.624521072796934,5.747126436781609,11.877394636015326,82.37547892720306,7.2796934865900385,75.09578544061303
E00003528,334,62,26,36,272,19,253,18.562874251497004,7.784431137724551,10.778443113772456,81.437125748502993,5.688622754491018,75.74850299401199
E00003529,326,71,33,38,255,30,225,21.779141104294478,10.122699386503067,11.65644171779141,78.22085889570552,9.202453987730062,69.01840490797547
E00003530,171,23,5,18,148,10,138,13.450292397660817,2.923976608187134,10.526315789473683,86.54970760233918,5.847953216374268,80.7017543859649
E00003531,458,68,24,44,390,22,368,14.847161572052403,5.240174672489083,9.606986899563319,85.1528384279476,4.8034934497816595,80.34934497816593
E00003532,238,50,20,30,188,19,169,21.008403361344538,8.403361344537815,12.605042016806722,78.99159663865547,7.9831932773109235,71.00840336134453
E00003533,273,38,13,25,235,24,211,13.91941391941392,4.761904761904762,9.157509157509157,86.08058608058609,8.791208791208792,77.2893772893773
E00003534,246,29,12,17,217,25,192,11.788617886178862,4.878048780487805,6.910569105691057,88.21138211382113,10.16260162601626,78.04878048780488
E00003535,252,33,10,23,219,22,197,13.095238095238097,3.968253968253968,9.126984126984127,86.90476190476191,8.73015873015873,78.17460317460318
E00003536,275,38,15,23,237,16,221,13.818181818181818,5.454545454545454,8.363636363636363,86.18181818181819,5.818181818181818,80.36363636363636
E00003537,283,40,21,19,243,22,221,14.13427561837456,7.420494699646643,6.713780918727916,85.86572438162544,7.773851590106007,78.09187279151944
E00003538,199,38,18,20,161,14,147,19.09547738693467,9.045226130653267,10.050251256281408,80.90452261306532,7.035175879396985,73.86934673366834
E00003539,221,42,18,24,179,15,164,19.004524886877828,8.144796380090497,10.85972850678733,80.99547511312217,6.787330316742081,74.2081447963801
E00003540,289,57,32,25,232,25,207,19.72318339100346,11.072664359861593,8.650519031141869,80.27681660899654,8.650519031141869,71.62629757785467
E00003541,360,51,21,30,309,26,283,14.166666666666666,5.833333333333333,8.333333333333332,85.83333333333333,7.222222222222221,78.61111111111111
E00003542,332,54,33,21,278,12,266,16.265060240963855,9.939759036144578,6.325301204819277,83.73493975903614,3.614457831325301,80.12048192771084
E00003543,333,65,20,45,268,26,242,19.51951951951952,6.006006006006006,13.513513513513514,80.48048048048048,7.807807807807808,72.67267267267268
E00003544,341,59,25,34,282,10,272,17.302052785923756,7.331378299120235,9.970674486803519,82.69794721407625,2.932551319648094,79.76539589442815
E00003545,305,36,18,18,269,16,253,11.80327868852459,5.901639344262295,5.901639344262295,88.19672131147541,5.245901639344262,82.95081967213115
E00003546,410,41,15,26,369,37,332,10,3.6585365853658534,6.341463414634147,90,9.024390243902438,80.97560975609757
E00003547,268,45,21,24,223,15,208,16.791044776119403,7.835820895522389,8.955223880597014,83.2089552238806,5.597014925373134,77.61194029850746
E00003548,348,47,16,31,301,19,282,13.505747126436782,4.597701149425287,8.908045977011495,86.49425287356321,5.459770114942529,81.03448275862068
E00003549,494,85,44,41,409,27,382,17.20647773279352,8.906882591093117,8.299595141700406,82.79352226720647,5.465587044534413,77.32793522267207
E00003550,337,67,25,42,270,19,251,19.881305637982198,7.418397626112759,12.462908011869436,80.1186943620178,5.637982195845697,74.4807121661721
E00003551,264,74,42,32,190,17,173,28.030303030303028,15.909090909090908,12.121212121212121,71.96969696969697,6.4393939393939394,65.53030303030303
E00003552,244,67,43,24,177,13,164,27.459016393442624,17.62295081967213,9.836065573770492,72.54098360655738,5.327868852459016,67.21311475409836
E00003553,279,58,28,30,221,18,203,20.78853046594982,10.03584229390681,10.75268817204301,79.21146953405018,6.451612903225806,72.75985663082437
E00003554,448,69,23,46,379,23,356,15.401785714285715,5.133928571428571,10.267857142857142,84.59821428571429,5.133928571428571,79.46428571428571
E00003555,339,62,27,35,277,20,257,18.289085545722713,7.964601769911504,10.32448377581121,81.71091445427729,5.899705014749262,75.81120943952803
E00003556,398,54,24,30,344,18,326,13.5678391959799,6.030150753768844,7.537688442211055,86.4321608040201,4.522613065326634,81.90954773869346
E00003557,375,93,40,53,282,19,263,24.8,10.666666666666668,14.133333333333335,75.2,5.066666666666666,70.13333333333334
E00003558,453,77,32,45,376,21,355,16.99779249448124,7.06401766004415,9.933774834437086,83.00220750551877,4.635761589403973,78.36644591611478
E00003559,253,32,14,18,221,15,206,12.648221343873518,5.533596837944664,7.114624505928854,87.35177865612648,5.928853754940711,81.42292490118577
E00003560,355,56,30,26,299,17,282,15.774647887323944,8.450704225352112,7.323943661971831,84.22535211267605,4.788732394366197,79.43661971830987
E00003561,334,71,39,32,263,26,237,21.25748502994012,11.676646706586826,9.580838323353294,78.74251497005989,7.784431137724551,70.95808383233533
E00003562,385,55,20,35,330,25,305,14.285714285714285,5.194805194805195,9.090909090909092,85.71428571428571,6.493506493506493,79.22077922077922
E00003563,250,47,23,24,203,16,187,18.8,9.2,9.6,81.2,6.4,74.8
E00003564,262,35,14,21,227,16,211,13.358778625954198,5.343511450381679,8.015267175572518,86.64122137404581,6.106870229007633,80.53435114503816
E00003565,320,49,12,37,271,24,247,15.312500000000002,3.75,11.5625,84.6875,7.5,77.1875
E00003566,299,36,13,23,263,14,249,12.040133779264215,4.3478260869565215,7.6923076923076925,87.95986622073578,4.682274247491638,83.27759197324414
E00003567,319,31,9,22,288,25,263,9.717868338557993,2.8213166144200628,6.896551724137931,90.28213166144201,7.836990595611286,82.44514106583071
E00003568,353,58,17,41,295,20,275,16.43059490084986,4.815864022662889,11.614730878186968,83.56940509915015,5.6657223796034,77.90368271954674
E00003569,315,45,11,34,270,16,254,14.285714285714285,3.492063492063492,10.793650793650794,85.71428571428571,5.079365079365079,80.63492063492063
E00003570,310,35,15,20,275,19,256,11.29032258064516,4.838709677419355,6.451612903225806,88.70967741935483,6.129032258064516,82.58064516129032
E00003571,301,50,22,28,251,16,235,16.611295681063122,7.308970099667775,9.30232558139535,83.38870431893687,5.3156146179401995,78.07308970099668
E00003572,300,58,23,35,242,17,225,19.333333333333332,7.666666666666666,11.666666666666666,80.66666666666666,5.666666666666666,75
E00003573,334,71,33,38,263,30,233,21.25748502994012,9.880239520958083,11.377245508982035,78.74251497005989,8.982035928143713,69.76047904191617
E00003574,337,92,54,38,245,12,233,27.299703264094955,16.023738872403563,11.275964391691394,72.70029673590504,3.5608308605341246,69.13946587537092
E00003575,312,68,23,45,244,18,226,21.794871794871796,7.371794871794872,14.423076923076922,78.2051282051282,5.769230769230769,72.43589743589743
E00003576,279,25,8,17,254,13,241,8.960573476702509,2.867383512544803,6.093189964157706,91.0394265232975,4.659498207885305,86.37992831541219
E00003577,380,68,33,35,312,16,296,17.894736842105264,8.68421052631579,9.210526315789473,82.10526315789474,4.2105263157894735,77.89473684210526
E00003578,278,60,35,25,218,24,194,21.58273381294964,12.589928057553957,8.992805755395683,78.41726618705036,8.633093525179856,69.7841726618705
E00003579,357,63,29,34,294,20,274,17.647058823529413,8.123249299719888,9.523809523809524,82.35294117647058,5.602240896358544,76.75070028011206
E00003580,333,51,17,34,282,19,263,15.315315315315313,5.105105105105105,10.21021021021021,84.68468468468468,5.7057057057057055,78.97897897897897
E00003581,329,73,35,38,256,14,242,22.188449848024316,10.638297872340425,11.55015197568389,77.81155015197568,4.25531914893617,73.55623100303951
E00003582,386,58,24,34,328,22,306,15.025906735751295,6.217616580310881,8.808290155440414,84.97409326424871,5.699481865284974,79.27461139896373
E00003583,351,47,23,24,304,16,288,13.390313390313391,6.552706552706552,6.837606837606838,86.6096866096866,4.5584045584045585,82.05128205128204
E00003584,335,71,31,40,264,22,242,21.19402985074627,9.253731343283581,11.940298507462686,78.80597014925374,6.567164179104477,72.23880597014926
E00003585,231,53,24,29,178,13,165,22.943722943722943,10.38961038961039,12.554112554112553,77.05627705627705,5.627705627705628,71.42857142857143
E00003586,179,66,33,33,113,14,99,36.87150837988827,18.435754189944134,18.435754189944134,63.128491620111724,7.82122905027933,55.3072625698324
E00003587,308,57,32,25,251,17,234,18.506493506493506,10.38961038961039,8.116883116883116,81.4935064935065,5.51948051948052,75.97402597402598
E00003588,311,66,33,33,245,24,221,21.221864951768488,10.610932475884244,10.610932475884244,78.77813504823152,7.717041800643088,71.06109324758843
E00003589,310,69,31,38,241,19,222,22.258064516129032,10,12.258064516129032,77.74193548387098,6.129032258064516,71.61290322580646
E00003590,304,52,30,22,252,26,226,17.105263157894736,9.868421052631579,7.236842105263158,82.89473684210526,8.552631578947368,74.3421052631579
E00003591,287,46,23,23,241,15,226,16.02787456445993,8.013937282229964,8.013937282229964,83.97212543554006,5.2264808362369335,78.74564459930313
E00003592,330,50,20,30,280,13,267,15.151515151515152,6.0606060606060606,9.090909090909092,84.84848484848484,3.939393939393939,80.9090909090909
E00003593,387,69,25,44,318,28,290,17.829457364341085,6.459948320413436,11.369509043927648,82.17054263565892,7.235142118863049,74.93540051679587
E00003594,426,84,40,44,342,18,324,19.718309859154928,9.389671361502346,10.328638497652582,80.28169014084507,4.225352112676056,76.05633802816901
E00003595,290,54,25,29,236,14,222,18.620689655172416,8.620689655172415,10,81.37931034482759,4.827586206896552,76.55172413793103
E00003596,307,69,23,46,238,26,212,22.475570032573287,7.491856677524431,14.983713355048861,77.52442996742671,8.469055374592834,69.05537459283387
E00003597,321,40,22,18,281,24,257,12.461059190031152,6.853582554517133,5.607476635514018,87.53894080996885,7.476635514018691,80.06230529595015
E00003598,356,75,33,42,281,13,268,21.06741573033708,9.269662921348315,11.797752808988763,78.93258426966293,3.651685393258427,75.28089887640449
E00003599,276,53,30,23,223,27,196,19.202898550724637,10.869565217391305,8.333333333333332,80.79710144927536,9.782608695652174,71.01449275362319
E00003600,289,44,13,31,245,33,212,15.22491349480969,4.498269896193772,10.726643598615917,84.77508650519032,11.418685121107266,73.35640138408304
E00003601,311,41,11,30,270,20,250,13.183279742765272,3.536977491961415,9.646302250803858,86.81672025723472,6.430868167202572,80.38585209003215
E00003602,240,63,37,26,177,27,150,26.25,15.416666666666668,10.833333333333334,73.75,11.25,62.5
E00003603,236,19,4,15,217,18,199,8.050847457627118,1.694915254237288,6.3559322033898304,91.94915254237289,7.627118644067797,84.32203389830508
E00003604,252,19,4,15,233,13,220,7.5396825396825395,1.5873015873015872,5.952380952380952,92.46031746031747,5.158730158730158,87.3015873015873
E00003605,262,37,17,20,225,13,212,14.122137404580155,6.488549618320611,7.633587786259542,85.87786259541986,4.961832061068702,80.91603053435115
E00003606,452,60,29,31,392,31,361,13.274336283185843,6.415929203539823,6.8584070796460175,86.72566371681415,6.8584070796460175,79.86725663716814
E00003607,246,28,12,16,218,12,206,11.38211382113821,4.878048780487805,6.504065040650407,88.6178861788618,4.878048780487805,83.73983739837398
E00003608,410,161,118,43,249,17,232,39.268292682926834,28.780487804878046,10.487804878048781,60.731707317073166,4.146341463414634,56.58536585365853
E00003609,235,44,24,20,191,14,177,18.72340425531915,10.212765957446807,8.51063829787234,81.27659574468085,5.957446808510639,75.31914893617021
E00003610,309,43,22,21,266,13,253,13.915857605177994,7.119741100323624,6.796116504854369,86.08414239482201,4.207119741100324,81.87702265372168
E00003611,399,63,20,43,336,22,314,15.789473684210526,5.012531328320802,10.776942355889723,84.21052631578947,5.513784461152882,78.69674185463658
E00003612,313,20,3,17,293,16,277,6.3897763578274756,0.9584664536741214,5.431309904153355,93.61022364217251,5.111821086261981,88.49840255591054
E00003613,362,51,23,28,311,18,293,14.088397790055248,6.353591160220995,7.734806629834254,85.91160220994475,4.972375690607735,80.93922651933701
E00003614,285,31,6,25,254,22,232,10.87719298245614,2.1052631578947367,8.771929824561402,89.12280701754386,7.719298245614035,81.40350877192982
E00003615,324,44,14,30,280,26,254,13.580246913580247,4.320987654320987,9.25925925925926,86.41975308641975,8.024691358024691,78.39506172839506
E00003616,342,50,12,38,292,14,278,14.619883040935672,3.508771929824561,11.11111111111111,85.38011695906432,4.093567251461988,81.28654970760235
E00003617,310,52,34,18,258,17,241,16.7741935483871,10.967741935483872,5.806451612903226,83.22580645161291,5.483870967741936,77.74193548387098
E00003618,295,57,22,35,238,19,219,19.322033898305087,7.457627118644068,11.864406779661017,80.67796610169492,6.440677966101695,74.23728813559322
E00003619,158,10,0,10,148,11,137,6.329113924050633,0,6.329113924050633,93.67088607594937,6.962025316455696,86.70886075949366
E00003620,226,27,9,18,199,15,184,11.946902654867257,3.982300884955752,7.964601769911504,88.05309734513274,6.637168141592921,81.41592920353983
E00003621,337,43,15,28,294,12,282,12.759643916913946,4.451038575667656,8.30860534124629,87.24035608308606,3.5608308605341246,83.67952522255193
E00003622,271,33,12,21,238,22,216,12.177121771217712,4.428044280442804,7.7490774907749085,87.82287822878229,8.118081180811808,79.70479704797047
E00003623,424,50,16,34,374,26,348,11.79245283018868,3.7735849056603774,8.018867924528301,88.20754716981132,6.132075471698113,82.0754716981132
E00003624,298,44,13,31,254,28,226,14.76510067114094,4.3624161073825505,10.40268456375839,85.23489932885906,9.395973154362416,75.83892617449665
E00003625,273,56,29,27,217,8,209,20.51282051282051,10.622710622710622,9.89010989010989,79.48717948717949,2.93040293040293,76.55677655677655
E00003626,290,42,16,26,248,15,233,14.482758620689657,5.517241379310345,8.96551724137931,85.51724137931035,5.172413793103448,80.3448275862069
E00003628,255,40,18,22,215,20,195,15.686274509803921,7.0588235294117645,8.627450980392156,84.31372549019608,7.8431372549019605,76.47058823529412
E00003629,196,43,24,19,153,10,143,21.93877551020408,12.244897959183673,9.693877551020408,78.06122448979592,5.1020408163265305,72.95918367346938
E00003630,292,53,18,35,239,15,224,18.15068493150685,6.164383561643835,11.986301369863012,81.84931506849315,5.136986301369863,76.71232876712328
E00003631,274,38,11,27,236,11,225,13.86861313868613,4.014598540145985,9.854014598540147,86.13138686131386,4.014598540145985,82.11678832116789
E00003632,246,44,22,22,202,12,190,17.88617886178862,8.94308943089431,8.94308943089431,82.11382113821138,4.878048780487805,77.23577235772358
E00003633,271,49,22,27,222,10,212,18.081180811808117,8.118081180811808,9.96309963099631,81.91881918819189,3.6900369003690034,78.22878228782287
E00003634,372,75,34,41,297,15,282,20.161290322580644,9.13978494623656,11.021505376344086,79.83870967741935,4.032258064516129,75.80645161290323
E00003635,249,41,18,23,208,15,193,16.46586345381526,7.228915662650602,9.236947791164658,83.53413654618474,6.024096385542169,77.51004016064257
E00003636,302,105,44,61,197,9,188,34.7682119205298,14.56953642384106,20.198675496688743,65.23178807947019,2.980132450331126,62.251655629139066
E00003637,261,36,10,26,225,18,207,13.793103448275861,3.8314176245210727,9.961685823754788,86.20689655172413,6.896551724137931,79.3103448275862
E00003638,214,35,15,20,179,15,164,16.355140186915886,7.009345794392523,9.345794392523365,83.64485981308411,7.009345794392523,76.63551401869158
E00003639,227,51,22,29,176,15,161,22.46696035242291,9.691629955947137,12.77533039647577,77.5330396475771,6.607929515418502,70.92511013215858
E00003640,389,39,11,28,350,25,325,10.025706940874036,2.827763496143959,7.197943444730077,89.97429305912597,6.426735218508997,83.54755784061697
E00003641,296,22,5,17,274,25,249,7.4324324324324325,1.6891891891891893,5.743243243243244,92.56756756756756,8.445945945945946,84.12162162162163
E00003642,221,24,9,15,197,25,172,10.85972850678733,4.072398190045249,6.787330316742081,89.14027149321268,11.312217194570136,77.82805429864254
E00003643,342,28,9,19,314,39,275,8.187134502923977,2.631578947368421,5.555555555555555,91.81286549707602,11.403508771929824,80.4093567251462
E00003644,313,43,14,29,270,23,247,13.738019169329075,4.472843450479233,9.26517571884984,86.26198083067092,7.348242811501597,78.91373801916933
E00003645,325,53,16,37,272,31,241,16.307692307692307,4.923076923076923,11.384615384615385,83.6923076923077,9.538461538461538,74.15384615384616
E00003646,507,74,40,34,433,24,409,14.595660749506903,7.889546351084813,6.70611439842209,85.4043392504931,4.733727810650888,80.6706114398422
E00003647,199,53,22,31,146,11,135,26.633165829145728,11.055276381909549,15.577889447236181,73.36683417085426,5.527638190954774,67.8391959798995
E00003648,307,53,17,36,254,23,231,17.263843648208468,5.537459283387622,11.726384364820847,82.73615635179154,7.491856677524431,75.2442996742671
E00003649,287,49,23,26,238,20,218,17.073170731707318,8.013937282229964,9.059233449477352,82.92682926829268,6.968641114982578,75.9581881533101
E00003650,359,53,19,34,306,32,274,14.763231197771587,5.2924791086350975,9.47075208913649,85.23676880222841,8.913649025069638,76.32311977715878
E00003651,382,48,17,31,334,19,315,12.56544502617801,4.450261780104712,8.115183246073299,87.43455497382199,4.973821989528796,82.4607329842932
E00003653,217,41,21,20,176,11,165,18.89400921658986,9.67741935483871,9.216589861751153,81.10599078341014,5.0691244239631335,76.036866359447
E00003654,412,69,19,50,343,35,308,16.74757281553398,4.611650485436893,12.135922330097088,83.25242718446601,8.495145631067961,74.75728155339806
E00003655,314,47,15,32,267,29,238,14.968152866242038,4.777070063694268,10.191082802547772,85.03184713375796,9.235668789808917,75.79617834394905
E00003656,265,58,21,37,207,22,185,21.88679245283019,7.9245283018867925,13.962264150943396,78.11320754716982,8.30188679245283,69.81132075471697
E00003657,415,52,15,37,363,27,336,12.530120481927712,3.614457831325301,8.91566265060241,87.46987951807229,6.506024096385541,80.96385542168674
E00003658,407,93,54,39,314,22,292,22.85012285012285,13.267813267813267,9.582309582309582,77.14987714987716,5.405405405405405,71.74447174447175
E00003659,393,44,15,29,349,31,318,11.195928753180661,3.816793893129771,7.37913486005089,88.80407124681933,7.888040712468193,80.91603053435115
E00003660,226,65,35,30,161,18,143,28.761061946902654,15.486725663716813,13.274336283185843,71.23893805309734,7.964601769911504,63.27433628318584
E00003661,292,77,35,42,215,27,188,26.36986301369863,11.986301369863012,14.383561643835616,73.63013698630137,9.246575342465754,64.38356164383562
E00003662,266,38,10,28,228,21,207,14.285714285714285,3.7593984962406015,10.526315789473683,85.71428571428571,7.894736842105263,77.81954887218046
E00003663,332,43,14,29,289,21,268,12.951807228915662,4.216867469879518,8.734939759036145,87.04819277108435,6.325301204819277,80.72289156626506
E00003664,363,52,16,36,311,27,284,14.325068870523417,4.40771349862259,9.917355371900827,85.67493112947659,7.43801652892562,78.23691460055096
E00003665,372,41,15,26,331,27,304,11.021505376344086,4.032258064516129,6.989247311827956,88.97849462365592,7.258064516129033,81.72043010752688
E00003666,252,22,8,14,230,15,215,8.73015873015873,3.1746031746031744,5.555555555555555,91.26984126984127,5.952380952380952,85.31746031746032
E00003667,365,32,9,23,333,19,314,8.767123287671232,2.4657534246575343,6.301369863013699,91.23287671232877,5.205479452054795,86.02739726027397
E00003668,327,45,10,35,282,33,249,13.761467889908257,3.058103975535168,10.703363914373089,86.23853211009175,10.091743119266056,76.14678899082568
E00003669,348,46,20,26,302,31,271,13.218390804597702,5.747126436781609,7.471264367816093,86.7816091954023,8.908045977011495,77.87356321839081
E00003670,573,84,27,57,489,22,467,14.659685863874344,4.712041884816754,9.947643979057592,85.34031413612566,3.8394415357766145,81.50087260034904
E00003671,268,32,9,23,236,11,225,11.940298507462686,3.3582089552238807,8.582089552238806,88.05970149253731,4.104477611940299,83.95522388059702
E00003672,281,40,10,30,241,17,224,14.23487544483986,3.558718861209965,10.676156583629894,85.76512455516014,6.049822064056939,79.7153024911032
E00003673,325,34,9,25,291,30,261,10.461538461538462,2.769230769230769,7.6923076923076925,89.53846153846153,9.230769230769232,80.3076923076923
E00003674,381,83,34,49,298,21,277,21.784776902887142,8.923884514435695,12.860892388451445,78.21522309711287,5.511811023622047,72.70341207349081
E00003675,335,62,21,41,273,23,250,18.507462686567163,6.26865671641791,12.238805970149254,81.49253731343283,6.865671641791045,74.6268656716418
E00003676,601,58,21,37,543,25,518,9.650582362728786,3.494176372712146,6.156405990016639,90.34941763727122,4.159733777038269,86.18968386023295
E00003677,254,36,11,25,218,20,198,14.173228346456693,4.330708661417323,9.84251968503937,85.8267716535433,7.874015748031496,77.95275590551181
E00003678,305,50,21,29,255,19,236,16.39344262295082,6.885245901639345,9.508196721311474,83.60655737704919,6.229508196721312,77.37704918032787
E00003679,370,30,11,19,340,20,320,8.108108108108109,2.9729729729729732,5.135135135135135,91.8918918918919,5.405405405405405,86.48648648648648
E00003680,297,58,28,30,239,32,207,19.52861952861953,9.427609427609427,10.1010101010101,80.47138047138047,10.774410774410773,69.6969696969697
E00003681,306,56,25,31,250,15,235,18.30065359477124,8.169934640522875,10.130718954248366,81.69934640522875,4.901960784313726,76.79738562091504
E00003682,239,38,17,21,201,22,179,15.899581589958158,7.112970711297072,8.786610878661087,84.10041841004184,9.205020920502092,74.89539748953975
E00003683,307,58,22,36,249,25,224,18.892508143322477,7.166123778501629,11.726384364820847,81.10749185667753,8.143322475570033,72.9641693811075
E00003684,335,37,10,27,298,24,274,11.044776119402986,2.9850746268656714,8.059701492537313,88.95522388059702,7.164179104477612,81.7910447761194
E00003685,284,36,8,28,248,19,229,12.676056338028168,2.8169014084507045,9.859154929577464,87.32394366197182,6.690140845070422,80.63380281690141
E00003686,286,39,9,30,247,18,229,13.636363636363635,3.146853146853147,10.48951048951049,86.36363636363636,6.293706293706294,80.06993006993007
E00003687,315,43,15,28,272,33,239,13.65079365079365,4.761904761904762,8.88888888888889,86.34920634920636,10.476190476190476,75.87301587301587
E00003688,287,41,15,26,246,20,226,14.285714285714285,5.2264808362369335,9.059233449477352,85.71428571428571,6.968641114982578,78.74564459930313
E00003689,282,44,11,33,238,18,220,15.602836879432624,3.900709219858156,11.702127659574469,84.39716312056737,6.382978723404255,78.01418439716312
E00003690,304,39,14,25,265,22,243,12.828947368421053,4.605263157894736,8.223684210526317,87.17105263157895,7.236842105263158,79.93421052631578
E00003691,344,33,7,26,311,31,280,9.593023255813954,2.0348837209302326,7.55813953488372,90.40697674418605,9.011627906976743,81.3953488372093
E00003692,283,58,16,42,225,22,203,20.49469964664311,5.6537102473498235,14.840989399293287,79.50530035335689,7.773851590106007,71.73144876325088
E00003693,333,46,20,26,287,25,262,13.813813813813812,6.006006006006006,7.807807807807808,86.18618618618619,7.5075075075075075,78.67867867867868
E00003694,286,35,7,28,251,28,223,12.237762237762238,2.4475524475524475,9.79020979020979,87.76223776223776,9.79020979020979,77.97202797202797
E00003695,290,37,13,24,253,28,225,12.758620689655173,4.482758620689655,8.275862068965518,87.24137931034483,9.655172413793103,77.58620689655173
E00003696,359,32,12,20,327,26,301,8.913649025069638,3.3426183844011144,5.571030640668524,91.08635097493037,7.242339832869081,83.84401114206128
E00003697,296,39,10,29,257,23,234,13.175675675675674,3.3783783783783785,9.797297297297296,86.82432432432432,7.77027027027027,79.05405405405406
E00003698,349,34,7,27,315,25,290,9.742120343839542,2.005730659025788,7.736389684813753,90.25787965616045,7.163323782234957,83.0945558739255
E00003699,314,45,8,37,269,28,241,14.331210191082802,2.547770700636943,11.78343949044586,85.6687898089172,8.9171974522293,76.75159235668791
E00003700,328,47,18,29,281,36,245,14.329268292682926,5.487804878048781,8.841463414634147,85.67073170731707,10.975609756097562,74.6951219512195
E00003701,349,38,11,27,311,22,289,10.888252148997136,3.151862464183381,7.736389684813753,89.11174785100286,6.303724928366762,82.8080229226361
E00003702,278,48,15,33,230,23,207,17.26618705035971,5.39568345323741,11.870503597122301,82.73381294964028,8.273381294964029,74.46043165467626
E00003703,221,28,15,13,193,11,182,12.669683257918551,6.787330316742081,5.88235294117647,87.33031674208145,4.97737556561086,82.35294117647058
E00003704,335,38,18,20,297,21,276,11.343283582089553,5.3731343283582085,5.970149253731343,88.65671641791046,6.26865671641791,82.38805970149254
E00003705,369,28,8,20,341,22,319,7.588075880758807,2.168021680216802,5.420054200542006,92.41192411924119,5.9620596205962055,86.44986449864498
E00003706,352,54,13,41,298,27,271,15.340909090909092,3.6931818181818183,11.647727272727272,84.6590909090909,7.670454545454546,76.98863636363636
E00003707,356,57,18,39,299,29,270,16.01123595505618,5.056179775280898,10.955056179775282,83.98876404494382,8.146067415730338,75.84269662921348
E00003708,277,50,13,37,227,19,208,18.050541516245488,4.693140794223827,13.357400722021662,81.94945848375451,6.859205776173286,75.09025270758123
E00003709,393,56,24,32,337,25,312,14.249363867684478,6.106870229007633,8.142493638676845,85.75063613231552,6.361323155216285,79.38931297709924
E00003710,293,31,12,19,262,17,245,10.580204778156997,4.09556313993174,6.484641638225256,89.419795221843,5.802047781569966,83.61774744027304
E00003711,361,34,11,23,327,23,304,9.418282548476455,3.0470914127423825,6.3711911357340725,90.58171745152355,6.3711911357340725,84.21052631578947
E00003712,382,39,14,25,343,30,313,10.209424083769633,3.664921465968586,6.544502617801047,89.79057591623037,7.853403141361256,81.93717277486911
E00003713,369,37,11,26,332,23,309,10.02710027100271,2.9810298102981028,7.046070460704606,89.97289972899729,6.233062330623306,83.73983739837398
E00003714,360,43,16,27,317,24,293,11.944444444444445,4.444444444444445,7.5,88.05555555555556,6.666666666666667,81.38888888888889
E00003715,310,37,9,28,273,19,254,11.935483870967742,2.903225806451613,9.032258064516128,88.06451612903226,6.129032258064516,81.93548387096774
E00003716,335,40,14,26,295,21,274,11.940298507462686,4.179104477611941,7.761194029850746,88.05970149253731,6.26865671641791,81.7910447761194
E00003717,285,36,9,27,249,18,231,12.631578947368421,3.1578947368421053,9.473684210526317,87.36842105263159,6.315789473684211,81.05263157894737
E00003718,438,46,12,34,392,36,356,10.50228310502283,2.73972602739726,7.76255707762557,89.49771689497716,8.21917808219178,81.27853881278538
E00003719,373,39,16,23,334,33,301,10.455764075067025,4.289544235924933,6.166219839142091,89.54423592493298,8.847184986595174,80.6970509383378
E00003720,263,33,10,23,230,29,201,12.547528517110266,3.802281368821293,8.745247148288973,87.45247148288973,11.02661596958175,76.42585551330798
E00003721,264,45,22,23,219,14,205,17.045454545454543,8.333333333333332,8.712121212121213,82.95454545454545,5.303030303030303,77.65151515151516
E00003722,291,33,8,25,258,27,231,11.34020618556701,2.7491408934707904,8.59106529209622,88.65979381443299,9.278350515463918,79.38144329896907
E00003723,405,37,10,27,368,39,329,9.135802469135802,2.4691358024691357,6.666666666666667,90.8641975308642,9.62962962962963,81.23456790123457
E00003724,309,51,21,30,258,20,238,16.50485436893204,6.796116504854369,9.70873786407767,83.49514563106796,6.472491909385113,77.02265372168284
E00003725,208,29,8,21,179,16,163,13.942307692307693,3.8461538461538463,10.096153846153847,86.0576923076923,7.6923076923076925,78.36538461538461
E00003726,339,41,16,25,298,24,274,12.094395280235988,4.71976401179941,7.374631268436578,87.90560471976401,7.079646017699115,80.8259587020649
E00003727,276,32,7,25,244,23,221,11.594202898550725,2.536231884057971,9.057971014492754,88.40579710144928,8.333333333333332,80.07246376811594
E00003728,264,40,14,26,224,16,208,15.151515151515152,5.303030303030303,9.848484848484848,84.84848484848484,6.0606060606060606,78.78787878787878
E00003729,411,46,15,31,365,36,329,11.19221411192214,3.64963503649635,7.542579075425791,88.80778588807786,8.75912408759124,80.04866180048663
E00003730,340,47,7,40,293,22,271,13.823529411764707,2.0588235294117645,11.76470588235294,86.1764705882353,6.470588235294119,79.70588235294119
E00003731,353,43,12,31,310,21,289,12.181303116147308,3.39943342776204,8.78186968838527,87.81869688385268,5.94900849858357,81.86968838526913
E00003732,219,33,10,23,186,17,169,15.068493150684931,4.5662100456621,10.50228310502283,84.93150684931507,7.76255707762557,77.1689497716895
E00003733,439,105,66,39,334,24,310,23.917995444191344,15.034168564920272,8.88382687927107,76.08200455580865,5.466970387243736,70.61503416856492
E00003734,366,36,11,25,330,17,313,9.836065573770492,3.0054644808743167,6.830601092896176,90.1639344262295,4.644808743169399,85.51912568306011
E00003735,306,35,12,23,271,24,247,11.437908496732026,3.9215686274509802,7.516339869281046,88.56209150326796,7.8431372549019605,80.71895424836602
E00003736,325,37,11,26,288,33,255,11.384615384615385,3.3846153846153846,8,88.61538461538461,10.153846153846153,78.46153846153847
E00003737,273,38,16,22,235,24,211,13.91941391941392,5.86080586080586,8.058608058608058,86.08058608058609,8.791208791208792,77.2893772893773
E00003738,313,40,6,34,273,24,249,12.779552715654951,1.9169329073482428,10.86261980830671,87.22044728434504,7.667731629392971,79.55271565495208
E00003739,262,34,11,23,228,14,214,12.977099236641221,4.198473282442748,8.778625954198473,87.02290076335878,5.343511450381679,81.67938931297711
E00003740,330,41,11,30,289,25,264,12.424242424242424,3.3333333333333335,9.090909090909092,87.57575757575758,7.575757575757576,80
E00003741,224,20,6,14,204,24,180,8.928571428571429,2.6785714285714284,6.25,91.07142857142857,10.714285714285714,80.35714285714286
E00003742,324,47,13,34,277,22,255,14.506172839506174,4.012345679012346,10.493827160493826,85.49382716049382,6.790123456790123,78.70370370370371
E00003743,344,26,6,20,318,24,294,7.55813953488372,1.744186046511628,5.813953488372093,92.44186046511628,6.976744186046512,85.46511627906976
E00003744,337,47,19,28,290,12,278,13.94658753709199,5.637982195845697,8.30860534124629,86.05341246290801,3.5608308605341246,82.49258160237389
E00003745,329,38,16,22,291,21,270,11.55015197568389,4.86322188449848,6.68693009118541,88.44984802431611,6.382978723404255,82.06686930091185
E00003746,346,65,31,34,281,16,265,18.786127167630056,8.959537572254336,9.826589595375722,81.21387283236994,4.624277456647398,76.58959537572254
E00003747,392,36,16,20,356,23,333,9.183673469387756,4.081632653061225,5.1020408163265305,90.81632653061224,5.86734693877551,84.94897959183673
E00003748,385,61,24,37,324,27,297,15.844155844155845,6.233766233766234,9.61038961038961,84.15584415584415,7.012987012987012,77.14285714285715
E00003749,413,66,33,33,347,29,318,15.980629539951574,7.990314769975787,7.990314769975787,84.01937046004842,7.021791767554479,76.99757869249395
E00003750,432,28,11,17,404,29,375,6.481481481481481,2.5462962962962963,3.935185185185185,93.51851851851852,6.712962962962964,86.80555555555556
E00003751,345,24,5,19,321,15,306,6.956521739130435,1.4492753623188406,5.507246376811594,93.04347826086956,4.3478260869565215,88.69565217391305
E00003752,336,41,17,24,295,13,282,12.202380952380953,5.059523809523809,7.142857142857142,87.79761904761905,3.869047619047619,83.92857142857143
E00003753,358,36,12,24,322,27,295,10.05586592178771,3.35195530726257,6.70391061452514,89.94413407821229,7.5418994413407825,82.40223463687151
E00003754,276,44,14,30,232,22,210,15.942028985507244,5.072463768115942,10.869565217391305,84.05797101449275,7.971014492753622,76.08695652173914
E00003755,298,30,8,22,268,23,245,10.06711409395973,2.684563758389262,7.38255033557047,89.93288590604027,7.718120805369128,82.21476510067114
E00003756,357,31,11,20,326,25,301,8.683473389355742,3.081232492997199,5.602240896358544,91.31652661064426,7.002801120448179,84.31372549019608
E00003758,376,62,20,42,314,22,292,16.48936170212766,5.319148936170213,11.170212765957446,83.51063829787235,5.851063829787234,77.6595744680851
E00003759,366,33,6,27,333,25,308,9.01639344262295,1.639344262295082,7.377049180327869,90.98360655737704,6.830601092896176,84.15300546448088
E00003760,314,50,12,38,264,26,238,15.92356687898089,3.821656050955414,12.101910828025478,84.07643312101911,8.280254777070063,75.79617834394905
E00003761,323,34,17,17,289,21,268,10.526315789473683,5.263157894736842,5.263157894736842,89.47368421052632,6.5015479876160995,82.97213622291022
E00003762,350,30,7,23,320,38,282,8.571428571428571,2,6.571428571428571,91.42857142857143,10.857142857142858,80.57142857142857
E00003763,394,129,72,57,265,32,233,32.74111675126903,18.274111675126903,14.467005076142131,67.25888324873097,8.121827411167512,59.13705583756346
E00003764,288,34,14,20,254,27,227,11.805555555555555,4.861111111111112,6.944444444444445,88.19444444444444,9.375,78.81944444444444
E00003765,202,40,13,27,162,15,147,19.801980198019802,6.435643564356436,13.366336633663368,80.19801980198021,7.425742574257425,72.77227722772277
E00003766,316,39,9,30,277,27,250,12.341772151898734,2.848101265822785,9.49367088607595,87.65822784810126,8.544303797468354,79.11392405063292
E00003767,261,49,18,31,212,11,201,18.773946360153257,6.896551724137931,11.877394636015326,81.22605363984674,4.21455938697318,77.01149425287356
E00003768,318,35,10,25,283,30,253,11.0062893081761,3.1446540880503147,7.861635220125786,88.9937106918239,9.433962264150944,79.55974842767296
E00003769,273,25,6,19,248,21,227,9.157509157509157,2.197802197802198,6.95970695970696,90.84249084249085,7.6923076923076925,83.15018315018315
E00003770,326,36,14,22,290,26,264,11.042944785276074,4.294478527607362,6.748466257668712,88.95705521472392,7.975460122699387,80.98159509202453
E00003771,358,39,12,27,319,34,285,10.893854748603351,3.35195530726257,7.5418994413407825,89.10614525139665,9.497206703910614,79.60893854748603
E00003772,170,45,15,30,125,16,109,26.47058823529412,8.823529411764707,17.647058823529413,73.52941176470588,9.411764705882353,64.11764705882354
E00003773,400,59,26,33,341,30,311,14.75,6.5,8.25,85.25,7.5,77.75
E00003774,362,39,16,23,323,29,294,10.773480662983426,4.41988950276243,6.353591160220995,89.22651933701657,8.011049723756907,81.21546961325967
E00003775,282,57,27,30,225,13,212,20.212765957446805,9.574468085106384,10.638297872340425,79.7872340425532,4.609929078014184,75.177304964539
E00003776,345,51,13,38,294,31,263,14.782608695652174,3.768115942028986,11.014492753623188,85.21739130434783,8.985507246376812,76.23188405797102
E00003777,325,41,9,32,284,21,263,12.615384615384615,2.769230769230769,9.846153846153847,87.38461538461539,6.461538461538462,80.92307692307692
E00003778,249,62,26,36,187,20,167,24.899598393574294,10.441767068273093,14.457831325301203,75.1004016064257,8.032128514056225,67.06827309236948
E00003779,332,25,8,17,307,18,289,7.530120481927711,2.4096385542168677,5.120481927710843,92.46987951807229,5.421686746987952,87.04819277108435
E00003780,262,23,5,18,239,15,224,8.778625954198473,1.9083969465648856,6.870229007633588,91.22137404580153,5.7251908396946565,85.49618320610686
E00003781,377,30,12,18,347,23,324,7.957559681697612,3.183023872679045,4.774535809018567,92.04244031830238,6.10079575596817,85.94164456233422
E00003782,274,31,14,17,243,19,224,11.313868613138686,5.109489051094891,6.204379562043796,88.6861313868613,6.934306569343065,81.75182481751825
E00003783,352,34,10,24,318,17,301,9.659090909090908,2.840909090909091,6.8181818181818175,90.3409090909091,4.829545454545454,85.51136363636364
E00003784,410,73,28,45,337,21,316,17.804878048780488,6.829268292682928,10.975609756097562,82.1951219512195,5.121951219512195,77.07317073170732
E00003785,346,38,21,17,308,29,279,10.982658959537572,6.069364161849711,4.913294797687861,89.01734104046243,8.38150289017341,80.63583815028902
E00003786,337,44,19,25,293,15,278,13.056379821958458,5.637982195845697,7.418397626112759,86.94362017804154,4.451038575667656,82.49258160237389
E00003787,319,40,15,25,279,19,260,12.539184952978054,4.702194357366771,7.836990595611286,87.46081504702194,5.956112852664576,81.50470219435736
E00003788,255,45,21,24,210,16,194,17.647058823529413,8.235294117647058,9.411764705882353,82.35294117647058,6.2745098039215685,76.07843137254902
E00003789,264,45,20,25,219,16,203,17.045454545454543,7.575757575757576,9.469696969696969,82.95454545454545,6.0606060606060606,76.89393939393939
E00003790,343,35,15,20,308,29,279,10.204081632653061,4.373177842565598,5.830903790087463,89.79591836734694,8.454810495626822,81.34110787172013
E00003791,394,34,10,24,360,22,338,8.629441624365482,2.5380710659898478,6.091370558375635,91.37055837563452,5.583756345177665,85.78680203045685
E00003792,432,47,20,27,385,26,359,10.87962962962963,4.62962962962963,6.25,89.12037037037037,6.018518518518518,83.10185185185185
E00003793,287,43,11,32,244,27,217,14.982578397212542,3.8327526132404177,11.149825783972126,85.01742160278745,9.40766550522648,75.60975609756098
E00003795,362,50,19,31,312,32,280,13.812154696132598,5.248618784530387,8.56353591160221,86.1878453038674,8.83977900552486,77.34806629834254
E00003796,420,42,17,25,378,21,357,10,4.0476190476190474,5.952380952380952,90,5,85
E00003797,344,32,4,28,312,28,284,9.30232558139535,1.1627906976744187,8.13953488372093,90.69767441860465,8.13953488372093,82.55813953488372
E00003798,280,49,24,25,231,21,210,17.5,8.571428571428571,8.928571428571429,82.5,7.5,75
E00003799,327,28,4,24,299,28,271,8.56269113149847,1.2232415902140672,7.339449541284404,91.43730886850153,8.56269113149847,82.87461773700305
E00003800,322,38,11,27,284,31,253,11.801242236024844,3.4161490683229814,8.385093167701864,88.19875776397515,9.627329192546584,78.57142857142857
E00003801,235,61,26,35,174,12,162,25.957446808510635,11.063829787234042,14.893617021276595,74.04255319148936,5.106382978723404,68.93617021276596
E00003802,359,49,13,36,310,28,282,13.649025069637883,3.6211699164345403,10.027855153203342,86.35097493036211,7.7994428969359335,78.55153203342618
E00003803,435,47,14,33,388,30,358,10.804597701149426,3.218390804597701,7.586206896551724,89.19540229885058,6.896551724137931,82.29885057471265
E00003804,365,35,13,22,330,41,289,9.58904109589041,3.5616438356164384,6.027397260273973,90.41095890410958,11.232876712328768,79.17808219178082
E00003805,335,25,3,22,310,24,286,7.462686567164178,0.8955223880597015,6.567164179104477,92.53731343283582,7.164179104477612,85.37313432835822
E00003806,314,56,32,24,258,6,252,17.8343949044586,10.191082802547772,7.643312101910828,82.16560509554141,1.910828025477707,80.2547770700637
E00003807,314,51,29,22,263,14,249,16.24203821656051,9.235668789808917,7.006369426751593,83.7579617834395,4.45859872611465,79.29936305732484
E00003808,326,28,10,18,298,26,272,8.588957055214724,3.067484662576687,5.521472392638037,91.41104294478528,7.975460122699387,83.43558282208589
E00003809,267,43,22,21,224,17,207,16.10486891385768,8.239700374531834,7.865168539325842,83.89513108614233,6.367041198501873,77.52808988764045
E00003810,323,62,32,30,261,18,243,19.195046439628484,9.907120743034056,9.287925696594428,80.80495356037152,5.572755417956656,75.23219814241486
E00003811,317,60,25,35,257,11,246,18.92744479495268,7.886435331230284,11.041009463722396,81.07255520504731,3.4700315457413247,77.60252365930599
E00003812,299,40,18,22,259,22,237,13.377926421404682,6.0200668896321075,7.357859531772576,86.62207357859532,7.357859531772576,79.26421404682274
E00003813,347,47,23,24,300,29,271,13.544668587896252,6.628242074927954,6.9164265129683,86.45533141210375,8.357348703170029,78.09798270893373
E00003814,279,35,10,25,244,23,221,12.544802867383511,3.584229390681003,8.960573476702509,87.45519713261649,8.24372759856631,79.21146953405018
E00003815,314,47,22,25,267,18,249,14.968152866242038,7.006369426751593,7.961783439490445,85.03184713375796,5.7324840764331215,79.29936305732484
E00003816,247,57,26,31,190,6,184,23.076923076923077,10.526315789473683,12.550607287449392,76.92307692307693,2.42914979757085,74.49392712550608
E00003817,182,42,28,14,140,12,128,23.076923076923077,15.384615384615385,7.6923076923076925,76.92307692307693,6.593406593406594,70.32967032967034
E00003818,375,70,33,37,305,15,290,18.666666666666668,8.799999999999999,9.866666666666667,81.33333333333333,4,77.33333333333333
E00003819,407,47,22,25,360,23,337,11.547911547911548,5.405405405405405,6.142506142506143,88.45208845208845,5.651105651105651,82.80098280098281
E00003820,304,52,19,33,252,26,226,17.105263157894736,6.25,10.855263157894738,82.89473684210526,8.552631578947368,74.3421052631579
E00003821,364,47,24,23,317,21,296,12.912087912087914,6.593406593406594,6.318681318681318,87.08791208791209,5.769230769230769,81.31868131868131
E00003822,338,67,30,37,271,20,251,19.82248520710059,8.875739644970414,10.946745562130179,80.1775147928994,5.9171597633136095,74.2603550295858
E00003823,310,59,31,28,251,14,237,19.032258064516128,10,9.032258064516128,80.96774193548387,4.516129032258064,76.45161290322581
E00003824,341,49,22,27,292,17,275,14.369501466275661,6.451612903225806,7.9178885630498534,85.63049853372434,4.9853372434017595,80.64516129032258
E00003825,285,71,45,26,214,14,200,24.912280701754387,15.789473684210526,9.12280701754386,75.08771929824562,4.912280701754386,70.17543859649122
E00003826,287,60,37,23,227,21,206,20.905923344947734,12.89198606271777,8.013937282229964,79.09407665505228,7.317073170731707,71.77700348432056
E00003827,314,61,27,34,253,14,239,19.426751592356688,8.598726114649681,10.828025477707007,80.57324840764332,4.45859872611465,76.11464968152866
E00003828,313,68,36,32,245,19,226,21.72523961661342,11.501597444089457,10.223642172523961,78.27476038338658,6.070287539936102,72.20447284345049
E00003829,321,57,26,31,264,19,245,17.75700934579439,8.09968847352025,9.657320872274143,82.2429906542056,5.919003115264798,76.32398753894081
E00003830,381,70,38,32,311,21,290,18.37270341207349,9.973753280839896,8.398950131233596,81.62729658792651,5.511811023622047,76.11548556430446
E00003831,357,61,32,29,296,13,283,17.086834733893557,8.96358543417367,8.123249299719888,82.91316526610645,3.6414565826330536,79.27170868347339
E00003832,295,42,14,28,253,10,243,14.237288135593221,4.745762711864407,9.491525423728813,85.76271186440678,3.389830508474576,82.37288135593221
E00003833,300,67,35,32,233,11,222,22.333333333333332,11.666666666666666,10.666666666666668,77.66666666666666,3.6666666666666665,74
E00003834,311,38,8,30,273,24,249,12.218649517684888,2.572347266881029,9.646302250803858,87.78135048231512,7.717041800643088,80.06430868167203
E00003835,263,38,14,24,225,18,207,14.44866920152091,5.323193916349809,9.125475285171103,85.55133079847909,6.844106463878327,78.70722433460075
E00003836,342,48,20,28,294,21,273,14.035087719298245,5.847953216374268,8.187134502923977,85.96491228070175,6.140350877192982,79.82456140350878
E00003837,277,59,34,25,218,20,198,21.299638989169676,12.274368231046932,9.025270758122744,78.70036101083032,7.2202166064981945,71.48014440433214
E00003838,264,43,19,24,221,25,196,16.28787878787879,7.196969696969697,9.090909090909092,83.71212121212122,9.469696969696969,74.24242424242425
E00003839,266,28,6,22,238,23,215,10.526315789473683,2.2556390977443606,8.270676691729323,89.47368421052632,8.646616541353383,80.82706766917293
E00003840,332,35,5,30,297,24,273,10.542168674698797,1.5060240963855422,9.036144578313253,89.45783132530121,7.228915662650602,82.2289156626506
E00003841,303,53,22,31,250,30,220,17.491749174917494,7.2607260726072615,10.231023102310232,82.50825082508251,9.900990099009901,72.60726072607261
E00003842,336,62,26,36,274,28,246,18.452380952380953,7.738095238095238,10.714285714285714,81.54761904761905,8.333333333333332,73.21428571428571
E00003843,351,35,15,20,316,25,291,9.971509971509972,4.273504273504273,5.698005698005698,90.02849002849003,7.122507122507122,82.90598290598291
E00003844,272,63,25,38,209,33,176,23.161764705882355,9.191176470588236,13.970588235294118,76.83823529411765,12.132352941176471,64.70588235294117
E00003845,282,51,23,28,231,20,211,18.085106382978726,8.156028368794328,9.929078014184398,81.91489361702128,7.092198581560284,74.822695035461
E00003846,342,57,22,35,285,25,260,16.666666666666664,6.432748538011696,10.23391812865497,83.33333333333334,7.309941520467836,76.0233918128655
E00003847,283,36,9,27,247,24,223,12.7208480565371,3.180212014134275,9.540636042402827,87.27915194346289,8.480565371024735,78.79858657243817
E00003848,287,31,15,16,256,23,233,10.801393728222997,5.2264808362369335,5.574912891986063,89.19860627177701,8.013937282229964,81.18466898954703
E00003849,323,45,9,36,278,40,238,13.93188854489164,2.786377708978328,11.145510835913312,86.06811145510835,12.38390092879257,73.68421052631578
E00003850,312,34,7,27,278,24,254,10.897435897435898,2.2435897435897436,8.653846153846153,89.1025641025641,7.6923076923076925,81.41025641025641
E00003851,340,48,14,34,292,29,263,14.117647058823529,4.117647058823529,10,85.88235294117646,8.529411764705882,77.3529411764706
E00003853,328,78,41,37,250,22,228,23.78048780487805,12.5,11.28048780487805,76.21951219512195,6.707317073170732,69.51219512195121
E00003854,310,41,18,23,269,14,255,13.225806451612904,5.806451612903226,7.419354838709677,86.7741935483871,4.516129032258064,82.25806451612904
E00003855,362,61,20,41,301,23,278,16.85082872928177,5.524861878453039,11.32596685082873,83.14917127071824,6.353591160220995,76.79558011049724
E00003856,237,50,21,29,187,10,177,21.09704641350211,8.860759493670885,12.236286919831224,78.90295358649789,4.219409282700422,74.68354430379746
E00003857,414,76,38,38,338,12,326,18.357487922705314,9.178743961352657,9.178743961352657,81.64251207729468,2.898550724637681,78.74396135265701
E00003859,366,79,45,34,287,16,271,21.584699453551913,12.295081967213115,9.289617486338798,78.41530054644808,4.371584699453552,74.04371584699454
E00003860,338,58,28,30,280,19,261,17.159763313609467,8.284023668639055,8.875739644970414,82.84023668639054,5.621301775147929,77.2189349112426
E00003861,437,86,50,36,351,21,330,19.679633867276888,11.441647597254006,8.237986270022883,80.32036613272311,4.805491990846682,75.51487414187643
E00003862,325,61,24,37,264,24,240,18.76923076923077,7.384615384615385,11.384615384615385,81.23076923076923,7.384615384615385,73.84615384615385
E00003863,448,93,37,56,355,19,336,20.758928571428573,8.258928571428571,12.5,79.24107142857143,4.241071428571429,75
E00003864,314,54,26,28,260,19,241,17.197452229299362,8.280254777070063,8.9171974522293,82.80254777070064,6.050955414012739,76.75159235668791
E00003865,274,39,20,19,235,18,217,14.233576642335766,7.2992700729927,6.934306569343065,85.76642335766424,6.569343065693431,79.1970802919708
E00003866,288,43,18,25,245,24,221,14.930555555555555,6.25,8.680555555555555,85.06944444444444,8.333333333333332,76.73611111111111
E00003867,327,62,30,32,265,22,243,18.960244648318042,9.174311926605505,9.785932721712538,81.03975535168195,6.727828746177369,74.31192660550458
E00003868,257,44,13,31,213,18,195,17.120622568093385,5.058365758754864,12.062256809338521,82.87937743190662,7.003891050583658,75.87548638132296
E00003869,336,47,15,32,289,18,271,13.988095238095239,4.464285714285714,9.523809523809524,86.01190476190477,5.357142857142857,80.65476190476191
E00003870,300,40,11,29,260,23,237,13.333333333333334,3.6666666666666665,9.666666666666666,86.66666666666667,7.666666666666666,79
E00003871,290,59,25,34,231,15,216,20.344827586206897,8.620689655172415,11.724137931034482,79.65517241379311,5.172413793103448,74.48275862068967
E00003872,245,40,21,19,205,20,185,16.3265306122449,8.571428571428571,7.755102040816326,83.6734693877551,8.16326530612245,75.51020408163265
E00003873,305,27,7,20,278,28,250,8.852459016393443,2.2950819672131146,6.557377049180328,91.14754098360656,9.180327868852459,81.9672131147541
E00003874,290,54,23,31,236,18,218,18.620689655172416,7.931034482758621,10.689655172413794,81.37931034482759,6.206896551724138,75.17241379310344
E00003875,296,32,16,16,264,23,241,10.81081081081081,5.405405405405405,5.405405405405405,89.1891891891892,7.77027027027027,81.41891891891892
E00003876,342,42,17,25,300,31,269,12.280701754385964,4.970760233918129,7.309941520467836,87.71929824561403,9.064327485380117,78.65497076023392
E00003877,277,36,13,23,241,20,221,12.996389891696749,4.693140794223827,8.303249097472925,87.00361010830325,7.2202166064981945,79.78339350180505
E00003878,301,38,13,25,263,24,239,12.624584717607974,4.318936877076411,8.305647840531561,87.37541528239203,7.973421926910299,79.40199335548172
E00003879,301,44,23,21,257,27,230,14.61794019933555,7.641196013289036,6.976744186046512,85.38205980066445,8.970099667774086,76.41196013289037
E00003880,268,32,7,25,236,19,217,11.940298507462686,2.6119402985074625,9.328358208955224,88.05970149253731,7.08955223880597,80.97014925373134
E00003881,256,48,11,37,208,23,185,18.75,4.296875,14.453125,81.25,8.984375,72.265625
E00003882,327,40,13,27,287,18,269,12.232415902140673,3.9755351681957185,8.256880733944955,87.76758409785933,5.5045871559633035,82.26299694189603
E00003883,319,53,15,38,266,17,249,16.614420062695924,4.702194357366771,11.912225705329153,83.38557993730407,5.329153605015674,78.0564263322884
E00003884,329,49,20,29,280,27,253,14.893617021276595,6.079027355623101,8.814589665653495,85.1063829787234,8.206686930091186,76.89969604863222
E00003885,324,59,31,28,265,24,241,18.209876543209877,9.5679012345679,8.641975308641975,81.79012345679013,7.4074074074074066,74.38271604938271
E00003886,392,45,22,23,347,33,314,11.479591836734695,5.612244897959184,5.86734693877551,88.5204081632653,8.418367346938775,80.10204081632652
E00003887,314,69,30,39,245,18,227,21.97452229299363,9.554140127388536,12.420382165605096,78.02547770700637,5.7324840764331215,72.29299363057325
E00003888,243,40,18,22,203,25,178,16.46090534979424,7.4074074074074066,9.053497942386832,83.53909465020575,10.2880658436214,73.25102880658436
E00003889,304,41,21,20,263,19,244,13.486842105263158,6.907894736842106,6.578947368421052,86.51315789473685,6.25,80.26315789473685
E00003890,350,47,18,29,303,20,283,13.428571428571429,5.142857142857142,8.285714285714285,86.57142857142858,5.714285714285714,80.85714285714286
E00003891,443,57,26,31,386,25,361,12.866817155756207,5.8690744920993225,6.997742663656885,87.13318284424379,5.643340857787811,81.48984198645599
E00003892,353,30,11,19,323,37,286,8.498583569405099,3.1161473087818696,5.382436260623229,91.5014164305949,10.48158640226629,81.01983002832861
E00003893,317,64,27,37,253,9,244,20.189274447949526,8.517350157728707,11.67192429022082,79.81072555205047,2.8391167192429023,76.97160883280758
E00003894,376,62,32,30,314,22,292,16.48936170212766,8.51063829787234,7.9787234042553195,83.51063829787235,5.851063829787234,77.6595744680851
E00003895,285,52,20,32,233,28,205,18.24561403508772,7.017543859649122,11.228070175438596,81.75438596491227,9.824561403508772,71.9298245614035
E00003896,202,34,12,22,168,15,153,16.831683168316832,5.9405940594059405,10.891089108910892,83.16831683168317,7.425742574257425,75.74257425742574
E00003897,286,41,10,31,245,21,224,14.335664335664337,3.4965034965034967,10.839160839160838,85.66433566433567,7.3426573426573425,78.32167832167832
E00003898,310,35,11,24,275,38,237,11.29032258064516,3.5483870967741935,7.741935483870968,88.70967741935483,12.258064516129032,76.45161290322581
E00003899,305,69,24,45,236,23,213,22.62295081967213,7.868852459016394,14.754098360655737,77.37704918032787,7.540983606557377,69.83606557377048
E00003900,302,43,15,28,259,23,236,14.23841059602649,4.966887417218543,9.271523178807946,85.76158940397352,7.6158940397351,78.1456953642384
E00003901,274,36,9,27,238,27,211,13.138686131386862,3.2846715328467155,9.854014598540147,86.86131386861314,9.854014598540147,77.00729927007299
E00003902,290,37,18,19,253,26,227,12.758620689655173,6.206896551724138,6.551724137931035,87.24137931034483,8.96551724137931,78.27586206896552
E00003903,317,41,20,21,276,24,252,12.933753943217665,6.309148264984227,6.624605678233439,87.06624605678233,7.570977917981073,79.49526813880126
E00003904,265,47,19,28,218,19,199,17.735849056603772,7.169811320754717,10.566037735849058,82.26415094339623,7.169811320754717,75.09433962264151
E00003905,253,35,9,26,218,25,193,13.83399209486166,3.557312252964427,10.276679841897234,86.16600790513834,9.881422924901186,76.28458498023716
E00003906,362,52,10,42,310,39,271,14.3646408839779,2.7624309392265194,11.602209944751381,85.6353591160221,10.773480662983426,74.86187845303867
E00003907,280,37,19,18,243,20,223,13.214285714285715,6.785714285714286,6.428571428571428,86.78571428571429,7.142857142857142,79.64285714285714
E00003908,207,27,8,19,180,17,163,13.043478260869565,3.864734299516908,9.178743961352657,86.95652173913044,8.212560386473431,78.74396135265701
E00003909,315,26,6,20,289,28,261,8.253968253968253,1.9047619047619049,6.349206349206349,91.74603174603175,8.88888888888889,82.85714285714286
E00003910,241,43,20,23,198,17,181,17.842323651452283,8.29875518672199,9.54356846473029,82.15767634854771,7.053941908713693,75.10373443983403
E00003911,410,36,14,22,374,24,350,8.780487804878048,3.414634146341464,5.365853658536586,91.21951219512195,5.853658536585367,85.36585365853658
E00003912,245,31,14,17,214,19,195,12.653061224489795,5.714285714285714,6.938775510204081,87.34693877551021,7.755102040816326,79.59183673469387
E00003913,247,35,17,18,212,24,188,14.17004048582996,6.882591093117409,7.28744939271255,85.82995951417004,9.7165991902834,76.11336032388664
E00003914,273,41,24,17,232,19,213,15.018315018315018,8.791208791208792,6.227106227106227,84.98168498168498,6.95970695970696,78.02197802197803
E00003915,305,30,11,19,275,18,257,9.836065573770492,3.606557377049181,6.229508196721312,90.1639344262295,5.901639344262295,84.26229508196721
E00003916,376,51,22,29,325,23,302,13.563829787234042,5.851063829787234,7.712765957446808,86.43617021276596,6.117021276595745,80.31914893617021
E00003917,299,38,12,26,261,27,234,12.709030100334449,4.013377926421405,8.695652173913043,87.29096989966555,9.03010033444816,78.26086956521739
E00003918,339,74,47,27,265,25,240,21.828908554572273,13.864306784660767,7.964601769911504,78.17109144542773,7.374631268436578,70.79646017699115
E00003919,365,29,9,20,336,34,302,7.9452054794520555,2.4657534246575343,5.47945205479452,92.05479452054794,9.315068493150685,82.73972602739727
E00003920,221,37,20,17,184,15,169,16.7420814479638,9.049773755656108,7.6923076923076925,83.2579185520362,6.787330316742081,76.47058823529412
E00003921,362,50,28,22,312,20,292,13.812154696132598,7.734806629834254,6.077348066298343,86.1878453038674,5.524861878453039,80.66298342541437
E00003922,324,38,13,25,286,28,258,11.728395061728394,4.012345679012346,7.716049382716049,88.27160493827161,8.641975308641975,79.62962962962963
E00003923,233,66,26,40,167,10,157,28.32618025751073,11.158798283261802,17.167381974248926,71.67381974248927,4.291845493562231,67.38197424892704
E00003924,293,62,23,39,231,10,221,21.160409556313994,7.849829351535837,13.310580204778159,78.839590443686,3.4129692832764507,75.42662116040955
E00003925,382,50,21,29,332,14,318,13.089005235602095,5.49738219895288,7.591623036649215,86.91099476439791,3.664921465968586,83.24607329842932
E00003926,423,54,17,37,369,35,334,12.76595744680851,4.0189125295508275,8.747044917257684,87.2340425531915,8.274231678486997,78.95981087470449
E00003927,370,35,12,23,335,29,306,9.45945945945946,3.2432432432432434,6.216216216216217,90.54054054054053,7.837837837837839,82.70270270270271
E00003928,401,94,48,46,307,18,289,23.44139650872818,11.970074812967582,11.471321695760599,76.55860349127181,4.488778054862843,72.06982543640898
E00003929,233,54,27,27,179,8,171,23.17596566523605,11.587982832618025,11.587982832618025,76.82403433476395,3.4334763948497855,73.39055793991416
E00003930,332,44,16,28,288,28,260,13.253012048192772,4.819277108433735,8.433734939759036,86.74698795180723,8.433734939759036,78.3132530120482
E00003931,468,72,37,35,396,19,377,15.384615384615385,7.905982905982905,7.478632478632479,84.61538461538461,4.05982905982906,80.55555555555556
E00003932,380,45,19,26,335,29,306,11.842105263157894,5,6.842105263157896,88.1578947368421,7.631578947368421,80.52631578947368
E00003933,266,34,12,22,232,17,215,12.781954887218044,4.511278195488721,8.270676691729323,87.21804511278195,6.390977443609022,80.82706766917293
E00003934,225,27,12,15,198,8,190,12,5.333333333333334,6.666666666666667,88,3.5555555555555554,84.44444444444444
E00003935,319,61,27,34,258,17,241,19.122257053291534,8.463949843260188,10.658307210031348,80.87774294670847,5.329153605015674,75.54858934169279
E00003936,207,22,5,17,185,11,174,10.628019323671497,2.4154589371980677,8.212560386473431,89.3719806763285,5.314009661835748,84.05797101449275
E00003937,226,60,25,35,166,9,157,26.548672566371685,11.061946902654867,15.486725663716813,73.45132743362832,3.982300884955752,69.46902654867256
E00003938,283,52,21,31,231,8,223,18.374558303886925,7.420494699646643,10.954063604240282,81.62544169611307,2.8268551236749118,78.79858657243817
E00003939,270,35,14,21,235,13,222,12.962962962962962,5.185185185185185,7.777777777777778,87.03703703703704,4.814814814814815,82.22222222222221
E00003940,311,28,10,18,283,16,267,9.003215434083602,3.215434083601286,5.787781350482315,90.9967845659164,5.144694533762058,85.85209003215434
E00003941,273,35,15,20,238,16,222,12.82051282051282,5.4945054945054945,7.326007326007327,87.17948717948718,5.86080586080586,81.31868131868131
E00003942,298,55,24,31,243,19,224,18.456375838926174,8.053691275167784,10.40268456375839,81.54362416107382,6.375838926174497,75.16778523489933
E00003943,337,55,23,32,282,18,264,16.320474777448073,6.824925816023739,9.495548961424333,83.67952522255193,5.341246290801187,78.33827893175074
E00003944,300,48,22,26,252,15,237,16,7.333333333333333,8.666666666666668,84,5,79
E00003945,322,35,17,18,287,35,252,10.869565217391305,5.279503105590062,5.590062111801243,89.13043478260869,10.869565217391305,78.26086956521739
E00003946,256,28,10,18,228,19,209,10.9375,3.90625,7.03125,89.0625,7.421875,81.640625
E00003947,229,29,13,16,200,13,187,12.663755458515283,5.676855895196507,6.986899563318777,87.33624454148472,5.676855895196507,81.6593886462882
E00003948,397,43,16,27,354,25,329,10.831234256926953,4.030226700251889,6.801007556675064,89.16876574307305,6.297229219143577,82.87153652392946
E00003949,380,33,10,23,347,35,312,8.68421052631579,2.631578947368421,6.052631578947368,91.3157894736842,9.210526315789473,82.10526315789474
E00003950,316,44,17,27,272,23,249,13.924050632911392,5.379746835443038,8.544303797468354,86.07594936708861,7.2784810126582276,78.79746835443038
E00003951,323,53,18,35,270,27,243,16.408668730650156,5.572755417956656,10.8359133126935,83.59133126934985,8.359133126934983,75.23219814241486
E00003952,347,50,15,35,297,17,280,14.409221902017292,4.322766570605188,10.086455331412104,85.5907780979827,4.899135446685879,80.69164265129683
E00003953,426,50,7,43,376,33,343,11.737089201877934,1.643192488262911,10.093896713615024,88.26291079812206,7.746478873239436,80.51643192488262
E00003954,362,41,13,28,321,27,294,11.32596685082873,3.591160220994475,7.734806629834254,88.67403314917127,7.458563535911603,81.21546961325967
E00003955,291,27,7,20,264,10,254,9.278350515463918,2.405498281786942,6.872852233676976,90.72164948453609,3.436426116838488,87.2852233676976
E00003956,373,30,14,16,343,25,318,8.04289544235925,3.753351206434316,4.289544235924933,91.95710455764075,6.702412868632708,85.25469168900804
E00003957,265,39,17,22,226,22,204,14.716981132075471,6.415094339622642,8.30188679245283,85.28301886792453,8.30188679245283,76.9811320754717
E00003958,327,44,21,23,283,29,254,13.455657492354739,6.422018348623854,7.033639143730887,86.54434250764525,8.868501529051988,77.67584097859327
E00003959,354,32,11,21,322,31,291,9.03954802259887,3.1073446327683616,5.932203389830509,90.96045197740112,8.757062146892656,82.20338983050848
E00003960,337,48,15,33,289,27,262,14.243323442136498,4.451038575667656,9.792284866468842,85.7566765578635,8.011869436201781,77.74480712166172
E00003961,276,41,15,26,235,26,209,14.855072463768115,5.434782608695652,9.420289855072465,85.14492753623189,9.420289855072465,75.72463768115942
E00003962,377,36,9,27,341,32,309,9.549071618037134,2.3872679045092835,7.161803713527852,90.45092838196287,8.488063660477453,81.9628647214854
E00003963,330,45,9,36,285,29,256,13.636363636363635,2.727272727272727,10.909090909090908,86.36363636363636,8.787878787878787,77.57575757575758
E00003964,312,37,10,27,275,13,262,11.858974358974358,3.205128205128205,8.653846153846153,88.14102564102564,4.166666666666666,83.97435897435898
E00003965,354,37,12,25,317,26,291,10.451977401129943,3.389830508474576,7.062146892655368,89.54802259887006,7.344632768361582,82.20338983050848
E00003966,265,19,4,15,246,18,228,7.169811320754717,1.509433962264151,5.660377358490567,92.83018867924528,6.7924528301886795,86.0377358490566
E00003967,369,29,11,18,340,22,318,7.8590785907859075,2.9810298102981028,4.878048780487805,92.14092140921409,5.9620596205962055,86.1788617886179
E00003968,295,34,8,26,261,25,236,11.525423728813559,2.711864406779661,8.813559322033898,88.47457627118645,8.47457627118644,80
E00003969,328,32,10,22,296,24,272,9.75609756097561,3.048780487804878,6.707317073170732,90.2439024390244,7.317073170731707,82.92682926829268
E00003970,393,44,19,25,349,24,325,11.195928753180661,4.8346055979643765,6.361323155216285,88.80407124681933,6.106870229007633,82.69720101781171
E00003971,289,27,10,17,262,15,247,9.342560553633218,3.4602076124567476,5.88235294117647,90.65743944636678,5.190311418685121,85.46712802768167
E00003972,344,33,9,24,311,29,282,9.593023255813954,2.616279069767442,6.976744186046512,90.40697674418605,8.430232558139535,81.97674418604652
E00003973,274,27,10,17,247,18,229,9.854014598540147,3.64963503649635,6.204379562043796,90.14598540145985,6.569343065693431,83.57664233576642
E00003974,397,44,23,21,353,18,335,11.083123425692696,5.793450881612091,5.289672544080604,88.9168765743073,4.534005037783375,84.38287153652394
E00003975,334,24,12,12,310,15,295,7.18562874251497,3.592814371257485,3.592814371257485,92.81437125748504,4.491017964071856,88.32335329341318
E00003976,315,29,6,23,286,21,265,9.206349206349207,1.9047619047619049,7.301587301587302,90.7936507936508,6.666666666666667,84.12698412698413
E00003977,278,38,12,26,240,17,223,13.66906474820144,4.316546762589928,9.352517985611511,86.33093525179856,6.115107913669065,80.2158273381295
E00003978,376,39,11,28,337,38,299,10.372340425531915,2.925531914893617,7.446808510638298,89.62765957446808,10.106382978723403,79.52127659574468
E00003979,281,45,23,22,236,21,215,16.014234875444842,8.185053380782918,7.829181494661921,83.98576512455516,7.473309608540925,76.51245551601423
E00003980,308,38,15,23,270,21,249,12.337662337662337,4.870129870129871,7.467532467532467,87.66233766233766,6.8181818181818175,80.84415584415584
E00003981,277,34,9,25,243,22,221,12.274368231046932,3.2490974729241873,9.025270758122744,87.72563176895306,7.9422382671480145,79.78339350180505
E00003982,322,43,12,31,279,19,260,13.354037267080745,3.7267080745341614,9.627329192546584,86.64596273291926,5.900621118012422,80.74534161490683
E00003983,275,31,7,24,244,17,227,11.272727272727273,2.5454545454545454,8.727272727272728,88.72727272727273,6.181818181818182,82.54545454545455
E00003984,192,33,11,22,159,16,143,17.1875,5.729166666666666,11.458333333333332,82.8125,8.333333333333332,74.47916666666666
E00003985,339,38,12,26,301,24,277,11.209439528023598,3.5398230088495577,7.669616519174041,88.79056047197639,7.079646017699115,81.71091445427729
E00003986,279,44,15,29,235,10,225,15.770609318996415,5.376344086021505,10.39426523297491,84.22939068100358,3.584229390681003,80.64516129032258
E00003987,259,51,25,26,208,20,188,19.69111969111969,9.652509652509652,10.038610038610038,80.3088803088803,7.722007722007722,72.58687258687259
E00003988,340,37,11,26,303,24,279,10.882352941176471,3.2352941176470593,7.647058823529412,89.11764705882354,7.0588235294117645,82.05882352941177
E00003989,306,63,35,28,243,23,220,20.588235294117645,11.437908496732026,9.15032679738562,79.41176470588235,7.516339869281046,71.89542483660131
E00003990,321,39,17,22,282,22,260,12.149532710280374,5.29595015576324,6.853582554517133,87.85046728971963,6.853582554517133,80.99688473520249
E00003991,298,72,36,36,226,15,211,24.161073825503358,12.080536912751679,12.080536912751679,75.83892617449665,5.033557046979865,70.80536912751678
E00003992,354,73,43,30,281,19,262,20.62146892655367,12.146892655367232,8.47457627118644,79.37853107344633,5.367231638418079,74.01129943502825
E00003993,255,76,54,22,179,16,163,29.80392156862745,21.176470588235293,8.627450980392156,70.19607843137254,6.2745098039215685,63.921568627450974
E00003994,318,49,17,32,269,17,252,15.40880503144654,5.345911949685535,10.062893081761008,84.59119496855347,5.345911949685535,79.24528301886792
E00003995,331,39,11,28,292,24,268,11.782477341389729,3.3232628398791544,8.459214501510575,88.21752265861026,7.250755287009064,80.96676737160121
E00003996,226,34,10,24,192,9,183,15.04424778761062,4.424778761061947,10.619469026548673,84.95575221238938,3.982300884955752,80.97345132743364
E00003997,282,46,19,27,236,14,222,16.312056737588655,6.73758865248227,9.574468085106384,83.68794326241135,4.964539007092199,78.72340425531915
E00003998,400,53,17,36,347,25,322,13.25,4.25,9,86.75,6.25,80.5
E00003999,326,28,12,16,298,20,278,8.588957055214724,3.6809815950920246,4.9079754601226995,91.41104294478528,6.134969325153374,85.2760736196319
E00004000,507,81,50,31,426,23,403,15.976331360946746,9.861932938856016,6.11439842209073,84.02366863905326,4.536489151873767,79.48717948717949
E00004001,375,48,18,30,327,27,300,12.8,4.8,8,87.2,7.199999999999999,80
E00004002,370,52,26,26,318,25,293,14.054054054054054,7.027027027027027,7.027027027027027,85.94594594594595,6.756756756756757,79.1891891891892
E00004003,418,70,25,45,348,27,321,16.74641148325359,5.980861244019139,10.76555023923445,83.25358851674642,6.4593301435406705,76.79425837320574
E00004004,298,52,28,24,246,11,235,17.449664429530202,9.395973154362416,8.053691275167784,82.5503355704698,3.691275167785235,78.85906040268456
E00004005,308,50,20,30,258,13,245,16.233766233766232,6.493506493506493,9.740259740259742,83.76623376623377,4.220779220779221,79.54545454545455
E00004006,324,39,13,26,285,18,267,12.037037037037036,4.012345679012346,8.024691358024691,87.96296296296296,5.555555555555555,82.4074074074074
E00004007,309,35,10,25,274,25,249,11.326860841423949,3.2362459546925564,8.090614886731391,88.67313915857605,8.090614886731391,80.58252427184466
E00004008,279,33,10,23,246,22,224,11.827956989247312,3.584229390681003,8.24372759856631,88.17204301075269,7.885304659498208,80.28673835125448
E00004009,236,31,8,23,205,14,191,13.135593220338984,3.389830508474576,9.745762711864407,86.86440677966102,5.932203389830509,80.9322033898305
E00004010,250,42,17,25,208,19,189,16.8,6.800000000000001,10,83.2,7.6,75.6
E00004011,351,44,20,24,307,30,277,12.535612535612536,5.698005698005698,6.837606837606838,87.46438746438746,8.547008547008547,78.91737891737893
E00004012,345,59,25,34,286,20,266,17.101449275362317,7.246376811594203,9.855072463768117,82.89855072463767,5.797101449275362,77.10144927536233
E00004013,426,45,14,31,381,30,351,10.56338028169014,3.286384976525822,7.276995305164319,89.43661971830986,7.042253521126761,82.3943661971831
E00004014,304,41,19,22,263,15,248,13.486842105263158,6.25,7.236842105263158,86.51315789473685,4.934210526315789,81.57894736842105
E00004015,161,26,10,16,135,10,125,16.149068322981368,6.211180124223603,9.937888198757763,83.85093167701864,6.211180124223603,77.63975155279503
E00004016,276,48,19,29,228,12,216,17.391304347826086,6.884057971014493,10.507246376811594,82.6086956521739,4.3478260869565215,78.26086956521739
E00004017,544,66,29,37,478,36,442,12.132352941176471,5.330882352941177,6.8014705882352935,87.86764705882352,6.61764705882353,81.25
E00004018,310,28,6,22,282,23,259,9.032258064516128,1.935483870967742,7.096774193548387,90.96774193548387,7.419354838709677,83.54838709677419
E00004020,313,58,31,27,255,20,235,18.53035143769968,9.904153354632587,8.626198083067091,81.46964856230032,6.3897763578274756,75.07987220447284
E00004022,280,17,2,15,263,22,241,6.071428571428571,0.7142857142857143,5.357142857142857,93.92857142857143,7.857142857142857,86.07142857142858
E00004023,275,26,6,20,249,13,236,9.454545454545455,2.181818181818182,7.2727272727272725,90.54545454545455,4.7272727272727275,85.81818181818181
E00004024,272,36,12,24,236,14,222,13.23529411764706,4.411764705882353,8.823529411764707,86.76470588235294,5.147058823529411,81.61764705882352
E00004025,215,28,19,9,187,21,166,13.023255813953488,8.837209302325581,4.186046511627907,86.9767441860465,9.767441860465116,77.20930232558139
E00004026,241,26,8,18,215,16,199,10.78838174273859,3.319502074688797,7.468879668049793,89.21161825726142,6.639004149377594,82.57261410788381
E00004027,291,35,11,24,256,21,235,12.027491408934708,3.7800687285223367,8.24742268041237,87.97250859106529,7.216494845360824,80.75601374570446
E00004028,132,34,21,13,98,13,85,25.757575757575758,15.909090909090908,9.848484848484848,74.24242424242425,9.848484848484848,64.39393939393939
E00004029,370,53,19,34,317,31,286,14.324324324324325,5.135135135135135,9.18918918918919,85.67567567567568,8.378378378378379,77.29729729729729
E00004030,323,51,19,32,272,20,252,15.789473684210526,5.88235294117647,9.907120743034056,84.21052631578947,6.191950464396285,78.0185758513932
E00004031,340,45,19,26,295,21,274,13.23529411764706,5.588235294117648,7.647058823529412,86.76470588235294,6.176470588235294,80.58823529411765
E00004032,316,42,16,26,274,19,255,13.291139240506327,5.063291139240507,8.227848101265822,86.70886075949366,6.012658227848101,80.69620253164557
E00004033,341,47,22,25,294,18,276,13.78299120234604,6.451612903225806,7.331378299120235,86.21700879765396,5.278592375366569,80.93841642228739
E00004034,441,36,10,26,405,32,373,8.16326530612245,2.2675736961451247,5.895691609977324,91.83673469387756,7.2562358276643995,84.58049886621315
E00004035,313,43,14,29,270,34,236,13.738019169329075,4.472843450479233,9.26517571884984,86.26198083067092,10.86261980830671,75.39936102236422
E00004036,247,38,18,20,209,15,194,15.384615384615385,7.28744939271255,8.097165991902834,84.61538461538461,6.0728744939271255,78.54251012145748
E00004037,391,44,15,29,347,34,313,11.253196930946292,3.8363171355498724,7.41687979539642,88.7468030690537,8.695652173913043,80.05115089514067
E00004038,377,65,30,35,312,22,290,17.24137931034483,7.957559681697612,9.283819628647215,82.75862068965517,5.835543766578249,76.92307692307693
E00004039,301,32,11,21,269,20,249,10.631229235880399,3.6544850498338874,6.976744186046512,89.3687707641196,6.64451827242525,82.72425249169434
E00004040,264,16,6,10,248,24,224,6.0606060606060606,2.272727272727273,3.787878787878788,93.93939393939394,9.090909090909092,84.84848484848484
E00004041,305,50,19,31,255,25,230,16.39344262295082,6.229508196721312,10.163934426229508,83.60655737704919,8.19672131147541,75.40983606557377
E00004042,277,40,20,20,237,27,210,14.440433212996389,7.2202166064981945,7.2202166064981945,85.5595667870036,9.747292418772563,75.81227436823104
E00004043,301,41,14,27,260,17,243,13.621262458471762,4.651162790697675,8.970099667774086,86.37873754152824,5.647840531561462,80.73089700996677
E00004044,211,36,9,27,175,12,163,17.061611374407583,4.265402843601896,12.796208530805686,82.93838862559242,5.687203791469194,77.25118483412322
E00004045,237,41,18,23,196,18,178,17.29957805907173,7.59493670886076,9.70464135021097,82.70042194092827,7.59493670886076,75.10548523206751
E00004046,321,32,15,17,289,22,267,9.968847352024921,4.672897196261682,5.29595015576324,90.03115264797508,6.853582554517133,83.17757009345794
E00004047,348,28,7,21,320,27,293,8.045977011494253,2.0114942528735633,6.0344827586206895,91.95402298850574,7.758620689655173,84.19540229885058
E00004048,298,32,12,20,266,14,252,10.738255033557047,4.026845637583892,6.7114093959731544,89.26174496644296,4.697986577181208,84.56375838926175
E00004049,324,32,8,24,292,24,268,9.876543209876543,2.4691358024691357,7.4074074074074066,90.12345679012346,7.4074074074074066,82.71604938271605
E00004050,263,40,13,27,223,16,207,15.209125475285171,4.942965779467681,10.26615969581749,84.79087452471484,6.083650190114068,78.70722433460075
E00004051,335,37,17,20,298,17,281,11.044776119402986,5.074626865671641,5.970149253731343,88.95522388059702,5.074626865671641,83.88059701492537
E00004052,369,39,11,28,330,34,296,10.569105691056912,2.9810298102981028,7.588075880758807,89.43089430894308,9.214092140921409,80.21680216802169
E00004053,371,41,12,29,330,23,307,11.05121293800539,3.234501347708895,7.816711590296496,88.94878706199461,6.199460916442049,82.74932614555256
E00004054,340,26,4,22,314,30,284,7.647058823529412,1.1764705882352942,6.470588235294119,92.3529411764706,8.823529411764707,83.52941176470588
E00004055,305,23,8,15,282,16,266,7.540983606557377,2.622950819672131,4.918032786885246,92.45901639344262,5.245901639344262,87.21311475409837
E00004056,347,48,17,31,299,20,279,13.8328530259366,4.899135446685879,8.93371757925072,86.1671469740634,5.763688760806916,80.403458213256485
E00004057,299,31,12,19,268,18,250,10.367892976588628,4.013377926421405,6.354515050167224,89.63210702341136,6.0200668896321075,83.61204013377926
E00004058,324,43,16,27,281,23,258,13.271604938271606,4.938271604938271,8.333333333333332,86.72839506172839,7.098765432098765,79.62962962962963
E00004059,237,36,14,22,201,11,190,15.18987341772152,5.9071729957805905,9.282700421940929,84.81012658227847,4.641350210970464,80.16877637130801
E00004060,309,29,6,23,280,25,255,9.385113268608414,1.9417475728155338,7.443365695792881,90.614886731391593,8.090614886731391,82.52427184466019
E00004061,384,37,14,23,347,31,316,9.635416666666668,3.6458333333333335,5.989583333333334,90.36458333333334,8.072916666666668,82.29166666666666
E00004062,302,29,9,20,273,23,250,9.602649006622517,2.980132450331126,6.622516556291391,90.39735099337747,7.6158940397351,82.78145695364239
E00004063,314,25,4,21,289,22,267,7.961783439490445,1.2738853503184715,6.687898089171974,92.03821656050955,7.006369426751593,85.03184713375796
E00004064,290,42,18,24,248,20,228,14.482758620689657,6.206896551724138,8.275862068965518,85.51724137931035,6.896551724137931,78.62068965517241
E00004065,338,52,15,37,286,26,260,15.384615384615385,4.437869822485207,10.946745562130179,84.61538461538461,7.6923076923076925,76.92307692307693
E00004066,337,28,14,14,309,18,291,8.30860534124629,4.154302670623145,4.154302670623145,91.69139465875371,5.341246290801187,86.35014836795251
E00004067,303,43,8,35,260,11,249,14.19141914191419,2.6402640264026402,11.55115511551155,85.8085808580858,3.6303630363036308,82.17821782178217
E00004068,328,29,8,21,299,22,277,8.841463414634147,2.4390243902439024,6.402439024390244,91.15853658536585,6.707317073170732,84.45121951219512
E00004069,320,31,13,18,289,36,253,9.6875,4.0625,5.625,90.3125,11.25,79.0625
E00004070,280,35,10,25,245,17,228,12.5,3.571428571428571,8.928571428571429,87.5,6.071428571428571,81.42857142857143
E00004071,347,40,11,29,307,23,284,11.527377521613833,3.170028818443804,8.357348703170029,88.47262247838617,6.628242074927954,81.84438040345822
E00004072,221,17,6,11,204,21,183,7.6923076923076925,2.7149321266968327,4.97737556561086,92.3076923076923,9.502262443438914,82.80542986425338
E00004073,248,40,15,25,208,22,186,16.129032258064516,6.048387096774194,10.080645161290322,83.87096774193549,8.870967741935484,75
E00004074,386,49,20,29,337,30,307,12.694300518134716,5.181347150259067,7.512953367875648,87.30569948186529,7.772020725388601,79.53367875647669
E00004075,330,39,15,24,291,32,259,11.818181818181818,4.545454545454546,7.2727272727272725,88.18181818181819,9.696969696969697,78.48484848484848
E00004076,345,61,19,42,284,29,255,17.681159420289855,5.507246376811594,12.173913043478262,82.31884057971014,8.405797101449275,73.91304347826086
E00004077,387,31,10,21,356,24,332,8.010335917312661,2.5839793281653747,5.426356589147287,91.98966408268734,6.2015503875969,85.78811369509044
E00004078,413,58,21,37,355,30,325,14.043583535108958,5.084745762711865,8.958837772397095,85.95641646489103,7.263922518159806,78.69249394673123
E00004079,339,42,14,28,297,24,273,12.389380530973451,4.129793510324483,8.259587020648967,87.61061946902655,7.079646017699115,80.53097345132744
E00004080,430,65,27,38,365,27,338,15.11627906976744,6.279069767441861,8.837209302325581,84.88372093023256,6.279069767441861,78.6046511627907
E00004081,380,49,22,27,331,26,305,12.894736842105264,5.7894736842105265,7.105263157894736,87.10526315789474,6.842105263157896,80.26315789473685
E00004082,268,35,20,15,233,19,214,13.059701492537313,7.462686567164178,5.597014925373134,86.94029850746269,7.08955223880597,79.8507462686567
E00004083,441,83,57,26,358,26,332,18.820861678004537,12.925170068027212,5.895691609977324,81.17913832199547,5.895691609977324,75.28344671201815
E00004084,241,55,23,32,186,20,166,22.821576763485478,9.54356846473029,13.278008298755188,77.17842323651453,8.29875518672199,68.87966804979253
E00004085,328,41,19,22,287,23,264,12.5,5.7926829268292686,6.707317073170732,87.5,7.01219512195122,80.48780487804879
E00004086,324,54,15,39,270,26,244,16.666666666666664,4.62962962962963,12.037037037037036,83.33333333333334,8.024691358024691,75.30864197530865
E00004087,313,37,15,22,276,18,258,11.821086261980831,4.792332268370607,7.0287539936102235,88.17891373801918,5.7507987220447285,82.42811501597444
E00004088,404,42,9,33,362,28,334,10.396039603960396,2.2277227722772275,8.16831683168317,89.60396039603961,6.9306930693069315,82.67326732673267
E00004089,366,59,19,40,307,27,280,16.120218579234972,5.191256830601093,10.92896174863388,83.87978142076503,7.377049180327869,76.50273224043715
E00004090,390,50,17,33,340,20,320,12.82051282051282,4.358974358974359,8.461538461538462,87.17948717948718,5.128205128205128,82.05128205128204
E00004091,421,44,9,35,377,31,346,10.451306413301662,2.137767220902613,8.31353919239905,89.54869358669833,7.363420427553444,82.18527315914488
E00004092,293,42,18,24,251,24,227,14.334470989761092,6.143344709897611,8.19112627986348,85.6655290102389,8.19112627986348,77.47440273037543
E00004093,330,34,13,21,296,19,277,10.303030303030303,3.939393939393939,6.363636363636363,89.6969696969697,5.757575757575758,83.93939393939394
E00004094,288,40,17,23,248,13,235,13.88888888888889,5.902777777777778,7.986111111111111,86.11111111111111,4.513888888888888,81.59722222222221
E00004095,304,47,19,28,257,15,242,15.460526315789474,6.25,9.210526315789473,84.53947368421053,4.934210526315789,79.60526315789474
E00004096,337,39,15,24,298,30,268,11.572700296735905,4.451038575667656,7.121661721068249,88.4272997032641,8.902077151335313,79.52522255192879
E00004097,143,65,32,33,78,10,68,45.45454545454545,22.377622377622377,23.076923076923077,54.54545454545454,6.993006993006993,47.55244755244755
E00004098,354,54,20,34,300,32,268,15.254237288135593,5.649717514124294,9.6045197740113,84.7457627118644,9.03954802259887,75.70621468926554
E00004099,326,43,10,33,283,28,255,13.190184049079754,3.067484662576687,10.122699386503067,86.80981595092024,8.588957055214724,78.22085889570552
E00004100,308,43,15,28,265,25,240,13.96103896103896,4.870129870129871,9.090909090909092,86.03896103896103,8.116883116883116,77.92207792207793
E00004101,373,65,28,37,308,31,277,17.426273458445042,7.506702412868632,9.919571045576408,82.57372654155496,8.310991957104557,74.26273458445041
E00004102,292,46,10,36,246,34,212,15.753424657534246,3.4246575342465753,12.32876712328767,84.24657534246576,11.643835616438356,72.6027397260274
E00004103,277,44,13,31,233,20,213,15.884476534296029,4.693140794223827,11.191335740072201,84.11552346570397,7.2202166064981945,76.89530685920577
E00004104,340,17,5,12,323,31,292,5,1.4705882352941175,3.5294117647058822,95,9.117647058823529,85.88235294117646
E00004105,377,38,14,24,339,21,318,10.079575596816976,3.7135278514588856,6.36604774535809,89.92042440318302,5.570291777188329,84.3501326259947
E00004106,309,27,9,18,282,21,261,8.737864077669903,2.912621359223301,5.825242718446602,91.2621359223301,6.796116504854369,84.46601941747572
E00004107,344,40,6,34,304,23,281,11.627906976744185,1.744186046511628,9.883720930232558,88.37209302325581,6.686046511627906,81.68604651162791
E00004108,337,39,12,27,298,26,272,11.572700296735905,3.5608308605341246,8.011869436201781,88.4272997032641,7.71513353115727,80.71216617210682
E00004109,252,44,12,32,208,13,195,17.46031746031746,4.761904761904762,12.698412698412698,82.53968253968253,5.158730158730158,77.38095238095238
E00004110,326,30,8,22,296,12,284,9.202453987730062,2.4539877300613497,6.748466257668712,90.79754601226993,3.6809815950920246,87.11656441717791
E00004111,361,32,10,22,329,20,309,8.86426592797784,2.7700831024930745,6.094182825484765,91.13573407202216,5.540166204986149,85.59556786703601
E00004112,357,37,12,25,320,31,289,10.364145658263306,3.361344537815126,7.002801120448179,89.6358543417367,8.683473389355742,80.95238095238095
E00004113,330,40,11,29,290,24,266,12.121212121212121,3.3333333333333335,8.787878787878787,87.87878787878788,7.2727272727272725,80.60606060606061
E00004114,345,27,10,17,318,28,290,7.82608695652174,2.898550724637681,4.9275362318840585,92.17391304347827,8.115942028985506,84.05797101449275
E00004115,266,44,20,24,222,19,203,16.541353383458645,7.518796992481203,9.022556390977442,83.45864661654136,7.142857142857142,76.31578947368422
E00004116,360,30,10,20,330,26,304,8.333333333333332,2.7777777777777777,5.555555555555555,91.66666666666666,7.222222222222221,84.44444444444444
E00004117,366,46,16,30,320,25,295,12.568306010928962,4.371584699453552,8.19672131147541,87.43169398907104,6.830601092896176,80.60109289617486
E00004118,332,27,9,18,305,23,282,8.132530120481928,2.710843373493976,5.421686746987952,91.86746987951807,6.927710843373494,84.93975903614458
E00004119,359,47,11,36,312,27,285,13.09192200557103,3.064066852367688,10.027855153203342,86.90807799442896,7.520891364902507,79.38718662952647
E00165787,337,55,23,32,282,20,262,16.320474777448073,6.824925816023739,9.495548961424333,83.67952522255193,5.934718100890208,77.74480712166172
E00165788,254,42,13,29,212,18,194,16.535433070866144,5.118110236220472,11.41732283464567,83.46456692913385,7.086614173228346,76.37795275590551
E00165793,254,67,34,33,187,21,166,26.37795275590551,13.385826771653544,12.992125984251967,73.62204724409449,8.267716535433072,65.35433070866141
E00165795,322,54,24,30,268,29,239,16.77018633540373,7.453416149068323,9.316770186335404,83.22981366459628,9.006211180124224,74.22360248447205
E00166105,290,15,3,12,275,12,263,5.172413793103448,1.0344827586206897,4.137931034482759,94.82758620689656,4.137931034482759,90.6896551724138
E00166107,274,37,14,23,237,17,220,13.503649635036496,5.109489051094891,8.394160583941606,86.4963503649635,6.204379562043796,80.2919708029197
E00166109,216,28,8,20,188,15,173,12.962962962962962,3.7037037037037033,9.25925925925926,87.03703703703704,6.944444444444445,80.0925925925926
E00166110,395,35,10,25,360,27,333,8.860759493670885,2.5316455696202533,6.329113924050633,91.13924050632912,6.8354430379746836,84.30379746835443
E00166112,297,30,17,13,267,22,245,10.1010101010101,5.723905723905724,4.377104377104377,89.8989898989899,7.4074074074074066,82.49158249158249
E00166114,374,31,12,19,343,21,322,8.288770053475936,3.2085561497326207,5.080213903743315,91.71122994652407,5.614973262032086,86.09625668449198
E00166115,360,29,10,19,331,22,309,8.055555555555555,2.7777777777777777,5.277777777777778,91.94444444444444,6.111111111111111,85.83333333333333
E00166117,526,116,53,63,410,20,390,22.0532319391635,10.076045627376425,11.977186311787072,77.9467680608365,3.802281368821293,74.1444866920152
E00166118,343,34,16,18,309,14,295,9.912536443148689,4.664723032069971,5.247813411078718,90.0874635568513,4.081632653061225,86.0058309037901
E00166613,315,38,12,26,277,19,258,12.063492063492063,3.8095238095238098,8.253968253968253,87.93650793650794,6.031746031746032,81.9047619047619
E00166615,285,29,12,17,256,21,235,10.175438596491228,4.2105263157894735,5.964912280701754,89.82456140350877,7.368421052631578,82.45614035087719
E00166616,326,53,24,29,273,26,247,16.257668711656443,7.361963190184049,8.895705521472392,83.74233128834356,7.975460122699387,75.76687116564416
E00166618,320,31,12,19,289,11,278,9.6875,3.75,5.9375,90.3125,3.4375000000000004,86.875
E00166619,138,8,1,7,130,6,124,5.797101449275362,0.7246376811594203,5.072463768115942,94.20289855072464,4.3478260869565215,89.85507246376811
E00166621,219,22,5,17,197,17,180,10.045662100456621,2.28310502283105,7.76255707762557,89.95433789954338,7.76255707762557,82.1917808219178
E00166623,370,24,8,16,346,23,323,6.486486486486487,2.1621621621621623,4.324324324324325,93.51351351351352,6.216216216216217,87.29729729729729
E00166624,204,26,12,14,178,14,164,12.745098039215685,5.88235294117647,6.862745098039216,87.25490196078431,6.862745098039216,80.3921568627451
E00166626,258,43,25,18,215,16,199,16.666666666666664,9.689922480620156,6.976744186046512,83.33333333333334,6.2015503875969,77.13178294573643
E00166627,106,21,5,16,85,6,79,19.81132075471698,4.716981132075472,15.09433962264151,80.18867924528303,5.660377358490567,74.52830188679245
E00182547,295,100,66,34,195,13,182,33.89830508474576,22.372881355932204,11.525423728813559,66.10169491525424,4.406779661016949,61.694915254237294
E00182549,443,67,42,25,376,29,347,15.124153498871332,9.480812641083523,5.643340857787811,84.87584650112868,6.5462753950338595,78.3295711060948
E00182554,243,17,7,10,226,9,217,6.995884773662551,2.880658436213992,4.11522633744856,93.00411522633745,3.7037037037037033,89.30041152263375
E00182562,308,20,1,19,288,28,260,6.493506493506493,0.3246753246753247,6.1688311688311686,93.5064935064935,9.090909090909092,84.4155844155844
E00182564,578,41,15,26,537,24,513,7.093425605536333,2.5951557093425603,4.498269896193772,92.90657439446368,4.1522491349480966,88.75432525951558
E00182568,109,11,2,9,98,7,91,10.091743119266056,1.834862385321101,8.256880733944955,89.90825688073394,6.422018348623854,83.4862385321101
E00182569,130,16,4,12,114,12,102,12.307692307692308,3.076923076923077,9.230769230769232,87.6923076923077,9.230769230769232,78.46153846153847
E00182571,162,11,5,6,151,13,138,6.790123456790123,3.0864197530864197,3.7037037037037033,93.20987654320987,8.024691358024691,85.18518518518519
E00182572,263,24,8,16,239,9,230,9.125475285171103,3.041825095057034,6.083650190114068,90.8745247148289,3.4220532319391634,87.45247148288973
E00182578,179,25,11,14,154,10,144,13.966480446927374,6.145251396648044,7.82122905027933,86.03351955307262,5.58659217877095,80.44692737430168
E00182592,501,36,15,21,465,37,428,7.18562874251497,2.9940119760479043,4.191616766467066,92.81437125748504,7.385229540918163,85.42914171656687
E00182596,258,50,21,29,208,13,195,19.379844961240313,8.13953488372093,11.24031007751938,80.62015503875969,5.038759689922481,75.5813953488372
E00182597,176,14,5,9,162,13,149,7.954545454545454,2.840909090909091,5.113636363636364,92.04545454545455,7.386363636363637,84.6590909090909
E00182600,443,44,13,31,399,23,376,9.932279909706546,2.9345372460496613,6.997742663656885,90.06772009029346,5.191873589164786,84.87584650112868
E00182601,231,42,18,24,189,16,173,18.181818181818183,7.792207792207792,10.38961038961039,81.81818181818183,6.926406926406926,74.89177489177489
E00182602,153,17,11,6,136,11,125,11.11111111111111,7.18954248366013,3.9215686274509802,88.88888888888889,7.18954248366013,81.69934640522875
E00182606,322,48,23,25,274,12,262,14.906832298136646,7.142857142857142,7.763975155279502,85.09316770186336,3.7267080745341614,81.36645962732919
E00182618,330,69,44,25,261,21,240,20.909090909090907,13.333333333333334,7.575757575757576,79.0909090909091,6.363636363636363,72.72727272727273
E00182620,101,8,2,6,93,7,86,7.920792079207921,1.9801980198019802,5.9405940594059405,92.07920792079209,6.9306930693069315,85.14851485148515
E00182621,130,9,1,8,121,9,112,6.923076923076923,0.7692307692307693,6.153846153846154,93.07692307692308,6.923076923076923,86.15384615384616
E00182628,291,21,4,17,270,15,255,7.216494845360824,1.3745704467353952,5.841924398625429,92.78350515463917,5.154639175257731,87.62886597938144
E00182631,140,13,4,9,127,5,122,9.285714285714286,2.857142857142857,6.428571428571428,90.71428571428571,3.571428571428571,87.14285714285714
E00182636,101,25,16,9,76,0,76,24.752475247524753,15.841584158415841,8.91089108910891,75.24752475247524,0,75.24752475247524
E00182637,458,59,27,32,399,23,376,12.882096069868995,5.895196506550218,6.986899563318777,87.117903930131,5.021834061135371,82.09606986899564
E00182639,168,11,4,7,157,9,148,6.547619047619048,2.380952380952381,4.166666666666666,93.45238095238095,5.357142857142857,88.09523809523809
E00182642,287,40,14,26,247,17,230,13.937282229965156,4.878048780487805,9.059233449477352,86.06271777003485,5.923344947735192,80.13937282229965
