OA,ts0590001,ts0590002,ts0590003,ts0590004,ts0590005,ts0590006,ts0590007,ts0590002_PCT,ts0590003_PCT,ts0590004_PCT,ts0590005_PCT,ts0590006_PCT,ts0590007_PCT
W00001336,136,37,11,26,99,85,14,27.205882352941174,8.088235294117647,19.11764705882353,72.79411764705883,62.5,10.294117647058822
W00001337,154,43,17,26,111,95,16,27.92207792207792,11.03896103896104,16.883116883116884,72.07792207792207,61.68831168831169,10.38961038961039
W00001338,151,37,9,28,114,105,9,24.503311258278146,5.960264900662252,18.543046357615893,75.49668874172185,69.5364238410596,5.960264900662252
W00001339,106,22,7,15,84,75,9,20.754716981132077,6.60377358490566,14.150943396226415,79.24528301886792,70.75471698113208,8.49056603773585
W00001340,147,49,14,35,98,84,14,33.33333333333333,9.523809523809524,23.809523809523807,66.66666666666666,57.14285714285714,9.523809523809524
W00001341,98,24,9,15,74,68,6,24.489795918367346,9.183673469387756,15.306122448979592,75.51020408163265,69.38775510204081,6.122448979591836
W00001342,172,48,19,29,124,107,17,27.906976744186046,11.046511627906977,16.86046511627907,72.09302325581395,62.2093023255814,9.883720930232558
W00001343,147,41,17,24,106,85,21,27.89115646258503,11.564625850340136,16.3265306122449,72.10884353741497,57.82312925170068,14.285714285714285
W00001344,132,44,16,28,88,82,6,33.33333333333333,12.121212121212121,21.21212121212121,66.66666666666666,62.121212121212125,4.545454545454546
W00001345,115,34,10,24,81,69,12,29.565217391304348,8.695652173913043,20.869565217391305,70.43478260869566,60,10.434782608695652
W00001346,121,23,13,10,98,88,10,19.00826446280992,10.743801652892563,8.264462809917356,80.99173553719008,72.72727272727273,8.264462809917356
W00001347,166,45,15,30,121,104,17,27.10843373493976,9.036144578313253,18.072289156626507,72.89156626506023,62.65060240963856,10.240963855421686
W00001348,106,36,8,28,70,61,9,33.9622641509434,7.547169811320755,26.41509433962264,66.0377358490566,57.54716981132076,8.49056603773585
W00001349,219,58,17,41,161,142,19,26.48401826484018,7.76255707762557,18.72146118721461,73.51598173515981,64.84018264840182,8.67579908675799
W00001350,148,43,16,27,105,96,9,29.054054054054053,10.81081081081081,18.243243243243242,70.94594594594594,64.86486486486487,6.081081081081082
W00001351,146,36,7,29,110,97,13,24.65753424657534,4.794520547945205,19.863013698630137,75.34246575342466,66.43835616438356,8.904109589041095
W00001352,83,27,9,18,56,55,1,32.53012048192771,10.843373493975903,21.686746987951807,67.46987951807229,66.26506024096386,1.2048192771084338
W00001353,88,23,5,18,65,58,7,26.136363636363637,5.681818181818182,20.454545454545457,73.86363636363636,65.9090909090909,7.954545454545454
W00001354,82,19,5,14,63,56,7,23.170731707317074,6.097560975609756,17.073170731707318,76.82926829268293,68.29268292682927,8.536585365853659
W00001355,110,35,9,26,75,66,9,31.818181818181817,8.181818181818182,23.636363636363637,68.18181818181817,60,8.181818181818182
W00001356,207,63,18,45,144,122,22,30.434782608695656,8.695652173913043,21.73913043478261,69.56521739130434,58.93719806763285,10.628019323671497
W00001357,136,36,7,29,100,90,10,26.47058823529412,5.147058823529411,21.323529411764707,73.52941176470588,66.17647058823529,7.352941176470589
W00001358,171,43,12,31,128,111,17,25.146198830409354,7.017543859649122,18.128654970760234,74.85380116959064,64.91228070175438,9.941520467836257
W00001359,97,28,5,23,69,57,12,28.865979381443296,5.154639175257731,23.711340206185564,71.1340206185567,58.76288659793815,12.371134020618557
W00001360,178,49,18,31,129,113,16,27.52808988764045,10.112359550561797,17.415730337078653,72.47191011235955,63.48314606741573,8.98876404494382
W00001361,108,38,10,28,70,57,13,35.18518518518518,9.25925925925926,25.925925925925924,64.81481481481481,52.77777777777778,12.037037037037036
W00001362,227,55,12,43,172,148,24,24.229074889867842,5.286343612334802,18.94273127753304,75.77092511013215,65.19823788546255,10.572687224669604
W00001363,113,33,6,27,80,70,10,29.20353982300885,5.3097345132743365,23.893805309734514,70.79646017699115,61.94690265486725,8.849557522123893
W00001364,138,33,12,21,105,86,19,23.91304347826087,8.695652173913043,15.217391304347828,76.08695652173914,62.31884057971014,13.768115942028986
W00001365,106,36,12,24,70,60,10,33.9622641509434,11.320754716981133,22.641509433962266,66.0377358490566,56.60377358490566,9.433962264150944
W00001366,144,38,10,28,106,91,15,26.38888888888889,6.944444444444445,19.444444444444446,73.61111111111111,63.19444444444444,10.416666666666668
W00001367,114,26,4,22,88,70,18,22.807017543859647,3.508771929824561,19.298245614035086,77.19298245614034,61.40350877192983,15.789473684210526
W00001368,129,45,12,33,84,76,8,34.883720930232556,9.30232558139535,25.581395348837212,65.11627906976744,58.91472868217055,6.2015503875969
W00001369,108,33,12,21,75,66,9,30.555555555555557,11.11111111111111,19.444444444444446,69.44444444444444,61.111111111111114,8.333333333333332
W00001370,96,20,3,17,76,70,6,20.833333333333336,3.125,17.708333333333336,79.16666666666666,72.91666666666666,6.25
W00001371,134,37,11,26,97,83,14,27.611940298507463,8.208955223880597,19.402985074626866,72.38805970149254,61.940298507462686,10.44776119402985
W00001372,155,45,10,35,110,96,14,29.03225806451613,6.451612903225806,22.58064516129032,70.96774193548387,61.935483870967744,9.032258064516128
W00001373,265,70,26,44,195,162,33,26.41509433962264,9.811320754716983,16.60377358490566,73.58490566037736,61.13207547169811,12.452830188679245
W00001374,132,38,16,22,94,82,12,28.78787878787879,12.121212121212121,16.666666666666664,71.21212121212122,62.121212121212125,9.090909090909092
W00001375,210,37,11,26,173,150,23,17.61904761904762,5.238095238095238,12.380952380952381,82.38095238095238,71.42857142857143,10.952380952380953
W00001376,147,39,12,27,108,101,7,26.53061224489796,8.16326530612245,18.367346938775512,73.46938775510205,68.70748299319727,4.761904761904762
W00001377,150,38,7,31,112,101,11,25.333333333333336,4.666666666666667,20.666666666666668,74.66666666666667,67.33333333333333,7.333333333333333
W00001378,145,39,10,29,106,98,8,26.89655172413793,6.896551724137931,20,73.10344827586206,67.58620689655173,5.517241379310345
W00001379,145,36,12,24,109,98,11,24.82758620689655,8.275862068965518,16.551724137931036,75.17241379310344,67.58620689655173,7.586206896551724
W00001380,200,52,13,39,148,131,17,26,6.5,19.5,74,65.5,8.5
W00001381,156,32,6,26,124,112,12,20.51282051282051,3.8461538461538463,16.666666666666664,79.48717948717949,71.7948717948718,7.6923076923076925
W00001382,104,24,6,18,80,70,10,23.076923076923077,5.769230769230769,17.307692307692307,76.92307692307693,67.3076923076923,9.615384615384617
W00001384,119,30,8,22,89,78,11,25.210084033613445,6.722689075630252,18.487394957983195,74.78991596638656,65.54621848739495,9.243697478991598
W00001385,134,32,9,23,102,86,16,23.88059701492537,6.7164179104477615,17.16417910447761,76.11940298507463,64.17910447761194,11.940298507462686
W00001386,146,33,10,23,113,106,7,22.602739726027394,6.8493150684931505,15.753424657534246,77.3972602739726,72.6027397260274,4.794520547945205
W00001387,162,39,13,26,123,103,20,24.074074074074073,8.024691358024691,16.049382716049383,75.92592592592592,63.580246913580254,12.345679012345679
W00001388,195,51,27,24,144,127,17,26.153846153846157,13.846153846153847,12.307692307692308,73.84615384615385,65.12820512820512,8.717948717948717
W00001389,174,46,14,32,128,108,20,26.436781609195403,8.045977011494253,18.39080459770115,73.5632183908046,62.06896551724138,11.494252873563218
W00001390,136,37,12,25,99,80,19,27.205882352941174,8.823529411764707,18.38235294117647,72.79411764705883,58.82352941176471,13.970588235294118
W00001391,213,66,22,44,147,114,33,30.985915492957744,10.328638497652582,20.657276995305164,69.01408450704226,53.52112676056338,15.492957746478872
W00001392,136,36,12,24,100,87,13,26.47058823529412,8.823529411764707,17.647058823529413,73.52941176470588,63.970588235294116,9.558823529411764
W00001393,54,18,5,13,36,32,4,33.33333333333333,9.25925925925926,24.074074074074073,66.66666666666666,59.25925925925925,7.4074074074074066
W00001394,98,28,7,21,70,64,6,28.57142857142857,7.142857142857142,21.428571428571427,71.42857142857143,65.3061224489796,6.122448979591836
W00001395,163,35,4,31,128,111,17,21.472392638036812,2.4539877300613497,19.018404907975462,78.52760736196319,68.09815950920245,10.429447852760736
W00001396,127,27,8,19,100,87,13,21.25984251968504,6.299212598425196,14.960629921259844,78.74015748031496,68.50393700787401,10.236220472440944
W00001397,131,35,13,22,96,80,16,26.717557251908396,9.923664122137405,16.793893129770993,73.2824427480916,61.06870229007634,12.213740458015266
W00001398,87,23,6,17,64,59,5,26.436781609195403,6.896551724137931,19.54022988505747,73.5632183908046,67.81609195402298,5.747126436781609
W00001399,125,38,10,28,87,80,7,30.4,8,22.400000000000002,69.6,64,5.6000000000000005
W00001400,131,37,9,28,94,81,13,28.24427480916031,6.870229007633588,21.374045801526716,71.7557251908397,61.832061068702295,9.923664122137405
W00001401,175,42,9,33,133,117,16,24,5.142857142857142,18.857142857142858,76,66.85714285714286,9.142857142857142
W00001402,137,43,12,31,94,88,6,31.386861313868614,8.75912408759124,22.62773722627737,68.61313868613139,64.23357664233576,4.37956204379562
W00001403,122,39,12,27,83,67,16,31.967213114754102,9.836065573770492,22.131147540983605,68.0327868852459,54.91803278688525,13.114754098360656
W00001404,72,22,6,16,50,42,8,30.555555555555557,8.333333333333332,22.22222222222222,69.44444444444444,58.333333333333336,11.11111111111111
W00001405,129,39,10,29,90,79,11,30.23255813953488,7.751937984496124,22.48062015503876,69.76744186046511,61.240310077519375,8.527131782945736
W00001406,151,33,9,24,118,104,14,21.85430463576159,5.960264900662252,15.894039735099339,78.1456953642384,68.87417218543047,9.271523178807946
W00001407,120,36,9,27,84,71,13,30,7.5,22.5,70,59.166666666666664,10.833333333333334
W00001408,193,41,13,28,152,139,13,21.243523316062177,6.7357512953367875,14.507772020725387,78.75647668393782,72.02072538860104,6.7357512953367875
W00001409,158,61,8,53,97,82,15,38.607594936708864,5.063291139240507,33.54430379746836,61.39240506329114,51.89873417721519,9.49367088607595
W00001410,157,39,10,29,118,110,8,24.840764331210192,6.369426751592357,18.471337579617835,75.15923566878982,70.06369426751591,5.095541401273886
W00001411,42,17,6,11,25,20,5,40.476190476190474,14.285714285714285,26.190476190476193,59.523809523809526,47.61904761904761,11.904761904761903
W00001412,119,24,7,17,95,90,5,20.168067226890756,5.88235294117647,14.285714285714285,79.83193277310924,75.63025210084034,4.201680672268908
W00001413,172,42,8,34,130,110,20,24.418604651162788,4.651162790697675,19.767441860465116,75.5813953488372,63.95348837209303,11.627906976744185
W00001414,120,31,8,23,89,75,14,25.833333333333336,6.666666666666667,19.166666666666668,74.16666666666667,62.5,11.666666666666666
W00001415,71,18,5,13,53,47,6,25.352112676056336,7.042253521126761,18.30985915492958,74.64788732394366,66.19718309859155,8.450704225352112
W00001416,111,32,10,22,79,69,10,28.82882882882883,9.00900900900901,19.81981981981982,71.17117117117117,62.16216216216216,9.00900900900901
W00001417,183,50,9,41,133,123,10,27.322404371584703,4.918032786885246,22.404371584699454,72.6775956284153,67.21311475409836,5.46448087431694
W00001418,150,47,11,36,103,92,11,31.333333333333336,7.333333333333333,24,68.66666666666667,61.33333333333333,7.333333333333333
W00001419,117,28,8,20,89,82,7,23.931623931623932,6.837606837606838,17.094017094017094,76.06837606837607,70.08547008547008,5.982905982905983
W00001420,122,38,7,31,84,77,7,31.147540983606557,5.737704918032787,25.40983606557377,68.85245901639344,63.114754098360656,5.737704918032787
W00001421,107,26,6,20,81,65,16,24.299065420560748,5.607476635514018,18.69158878504673,75.70093457943925,60.747663551401864,14.953271028037381
W00001422,79,17,8,9,62,50,12,21.518987341772153,10.126582278481013,11.39240506329114,78.48101265822784,63.29113924050633,15.18987341772152
W00001423,238,65,13,52,173,158,15,27.310924369747898,5.46218487394958,21.84873949579832,72.68907563025209,66.38655462184873,6.302521008403361
W00001424,134,37,11,26,97,92,5,27.611940298507463,8.208955223880597,19.402985074626866,72.38805970149254,68.65671641791045,3.731343283582089
W00001425,140,34,9,25,106,85,21,24.285714285714285,6.428571428571428,17.857142857142858,75.71428571428571,60.71428571428571,15
W00001426,180,51,17,34,129,113,16,28.333333333333332,9.444444444444445,18.88888888888889,71.66666666666667,62.77777777777778,8.88888888888889
W00001427,233,57,18,39,176,152,24,24.463519313304722,7.725321888412018,16.738197424892704,75.53648068669528,65.23605150214593,10.300429184549357
W00001428,206,55,13,42,151,129,22,26.699029126213592,6.310679611650485,20.388349514563107,73.30097087378641,62.62135922330098,10.679611650485436
W00001429,294,76,17,59,218,193,25,25.850340136054424,5.782312925170068,20.068027210884352,74.14965986394559,65.64625850340136,8.503401360544217
W00001430,100,24,6,18,76,69,7,24,6,18,76,69,7.000000000000001
W00001431,111,20,6,14,91,79,12,18.01801801801802,5.405405405405405,12.612612612612612,81.98198198198197,71.17117117117117,10.81081081081081
W00001432,147,52,26,26,95,79,16,35.374149659863946,17.687074829931973,17.687074829931973,64.62585034013605,53.74149659863946,10.884353741496598
W00001433,141,37,10,27,104,95,9,26.24113475177305,7.092198581560284,19.148936170212767,73.75886524822694,67.37588652482269,6.382978723404255
W00001434,82,17,0,17,65,59,6,20.73170731707317,0,20.73170731707317,79.26829268292683,71.95121951219512,7.317073170731707
W00001435,115,23,4,19,92,85,7,20,3.4782608695652173,16.52173913043478,80,73.91304347826086,6.086956521739131
W00001436,212,51,16,35,161,146,15,24.056603773584907,7.547169811320755,16.50943396226415,75.94339622641509,68.86792452830188,7.0754716981132075
W00001437,100,15,6,9,85,75,10,15,6,9,85,75,10
W00001438,249,59,9,50,190,174,16,23.694779116465863,3.614457831325301,20.080321285140563,76.30522088353415,69.87951807228916,6.425702811244979
W00001439,215,53,24,29,162,147,15,24.651162790697676,11.162790697674419,13.488372093023257,75.34883720930232,68.37209302325581,6.976744186046512
W00001440,236,51,9,42,185,161,24,21.610169491525426,3.8135593220338984,17.796610169491526,78.38983050847457,68.22033898305084,10.16949152542373
W00001442,172,44,11,33,128,114,14,25.581395348837212,6.395348837209303,19.186046511627907,74.4186046511628,66.27906976744185,8.13953488372093
W00001443,363,80,20,60,283,247,36,22.03856749311295,5.5096418732782375,16.528925619834713,77.96143250688705,68.04407713498622,9.917355371900827
W00001444,110,25,11,14,85,76,9,22.727272727272727,10,12.727272727272727,77.27272727272727,69.0909090909091,8.181818181818182
W00001445,109,26,6,20,83,75,8,23.853211009174313,5.5045871559633035,18.34862385321101,76.14678899082568,68.80733944954129,7.339449541284404
W00001446,114,33,13,20,81,67,14,28.947368421052634,11.403508771929824,17.543859649122805,71.05263157894737,58.77192982456141,12.280701754385964
W00001447,111,28,3,25,83,70,13,25.225225225225223,2.7027027027027026,22.52252252252252,74.77477477477478,63.06306306306306,11.711711711711711
W00001448,130,46,10,36,84,73,11,35.38461538461539,7.6923076923076925,27.692307692307693,64.61538461538461,56.15384615384615,8.461538461538462
W00001449,85,22,3,19,63,58,5,25.882352941176475,3.5294117647058822,22.35294117647059,74.11764705882354,68.23529411764706,5.88235294117647
W00001450,171,47,11,36,124,111,13,27.485380116959064,6.432748538011696,21.052631578947366,72.51461988304094,64.91228070175438,7.602339181286549
W00001451,76,15,5,10,61,53,8,19.736842105263158,6.578947368421052,13.157894736842104,80.26315789473685,69.73684210526315,10.526315789473683
W00001452,100,39,7,32,61,46,15,39,7.000000000000001,32,61,46,15
W00001453,133,39,18,21,94,79,15,29.32330827067669,13.533834586466165,15.789473684210526,70.67669172932331,59.3984962406015,11.278195488721805
W00001454,72,25,7,18,47,40,7,34.72222222222222,9.722222222222223,25,65.27777777777779,55.55555555555556,9.722222222222223
W00001455,67,17,6,11,50,36,14,25.37313432835821,8.955223880597014,16.417910447761194,74.6268656716418,53.73134328358209,20.8955223880597
W00001456,127,31,13,18,96,74,22,24.409448818897637,10.236220472440944,14.173228346456693,75.59055118110236,58.26771653543307,17.322834645669293
W00001457,181,50,20,30,131,95,36,27.624309392265197,11.049723756906078,16.574585635359114,72.37569060773481,52.48618784530387,19.88950276243094
W00001458,160,52,15,37,108,82,26,32.5,9.375,23.125,67.5,51.24999999999999,16.25
W00001459,192,42,13,29,150,115,35,21.875,6.770833333333333,15.104166666666666,78.125,59.895833333333336,18.229166666666664
W00001460,119,26,7,19,93,64,29,21.84873949579832,5.88235294117647,15.966386554621847,78.15126050420169,53.78151260504202,24.369747899159663
W00001461,125,34,6,28,91,79,12,27.200000000000003,4.8,22.400000000000002,72.8,63.2,9.6
W00001462,206,58,18,40,148,106,42,28.155339805825243,8.737864077669903,19.41747572815534,71.84466019417476,51.45631067961165,20.388349514563107
W00001463,176,52,25,27,124,96,28,29.545454545454547,14.204545454545455,15.340909090909092,70.45454545454545,54.54545454545454,15.909090909090908
W00001464,93,32,12,20,61,53,8,34.40860215053764,12.903225806451612,21.50537634408602,65.59139784946237,56.98924731182796,8.60215053763441
W00001465,120,24,12,12,96,68,28,20,10,10,80,56.666666666666664,23.333333333333332
W00001466,104,27,9,18,77,65,12,25.961538461538463,8.653846153846153,17.307692307692307,74.03846153846155,62.5,11.538461538461538
W00001467,122,36,9,27,86,76,10,29.508196721311474,7.377049180327869,22.131147540983605,70.49180327868852,62.295081967213115,8.19672131147541
W00001468,143,42,12,30,101,94,7,29.37062937062937,8.391608391608392,20.97902097902098,70.62937062937063,65.73426573426573,4.895104895104895
W00001469,103,20,8,12,83,77,6,19.41747572815534,7.766990291262135,11.650485436893204,80.58252427184466,74.75728155339806,5.825242718446602
W00001470,133,42,9,33,91,81,10,31.57894736842105,6.7669172932330826,24.81203007518797,68.42105263157895,60.902255639097746,7.518796992481203
W00001471,99,28,8,20,71,65,6,28.28282828282828,8.080808080808081,20.2020202020202,71.71717171717171,65.65656565656566,6.0606060606060606
W00001472,128,30,8,22,98,89,9,23.4375,6.25,17.1875,76.5625,69.53125,7.03125
W00001473,152,50,11,39,102,89,13,32.89473684210527,7.236842105263158,25.657894736842106,67.10526315789474,58.55263157894737,8.552631578947368
W00001474,126,32,9,23,94,80,14,25.396825396825395,7.142857142857142,18.253968253968253,74.60317460317461,63.49206349206349,11.11111111111111
W00001475,104,16,4,12,88,82,6,15.384615384615385,3.8461538461538463,11.538461538461538,84.61538461538461,78.84615384615384,5.769230769230769
W00001476,214,55,15,40,159,148,11,25.70093457943925,7.009345794392523,18.69158878504673,74.29906542056075,69.1588785046729,5.14018691588785
W00001477,91,25,3,22,66,64,2,27.472527472527474,3.296703296703297,24.175824175824175,72.52747252747253,70.32967032967034,2.197802197802198
W00001478,139,36,12,24,103,93,10,25.899280575539567,8.633093525179856,17.26618705035971,74.10071942446042,66.90647482014388,7.1942446043165464
W00001479,166,42,11,31,124,109,15,25.301204819277107,6.626506024096386,18.67469879518072,74.69879518072288,65.66265060240963,9.036144578313253
W00001480,142,47,14,33,95,92,3,33.098591549295776,9.859154929577464,23.239436619718308,66.90140845070422,64.7887323943662,2.112676056338028
W00001481,182,47,16,31,135,123,12,25.82417582417583,8.791208791208792,17.032967032967033,74.17582417582418,67.58241758241759,6.593406593406594
W00001482,158,37,12,25,121,106,15,23.417721518987342,7.59493670886076,15.822784810126583,76.58227848101265,67.08860759493672,9.49367088607595
W00001483,180,42,14,28,138,122,16,23.333333333333332,7.777777777777778,15.555555555555555,76.66666666666667,67.77777777777779,8.88888888888889
W00001484,167,43,13,30,124,109,15,25.748502994011975,7.784431137724551,17.964071856287426,74.25149700598801,65.26946107784431,8.982035928143713
W00001485,189,47,9,38,142,126,16,24.867724867724867,4.761904761904762,20.105820105820104,75.13227513227513,66.66666666666666,8.465608465608465
W00001486,144,53,14,39,91,88,3,36.80555555555556,9.722222222222223,27.083333333333332,63.19444444444444,61.111111111111114,2.083333333333333
W00001487,166,43,13,30,123,109,14,25.903614457831324,7.83132530120482,18.072289156626507,74.09638554216868,65.66265060240963,8.433734939759036
W00001488,165,38,8,30,127,114,13,23.03030303030303,4.848484848484849,18.181818181818183,76.96969696969697,69.0909090909091,7.878787878787878
W00001489,297,69,22,47,228,196,32,23.232323232323232,7.4074074074074066,15.824915824915825,76.76767676767676,65.993265993266,10.774410774410773
W00001490,165,42,13,29,123,104,19,25.454545454545453,7.878787878787878,17.575757575757574,74.54545454545455,63.030303030303024,11.515151515151516
W00001491,36,11,3,8,25,21,4,30.555555555555557,8.333333333333332,22.22222222222222,69.44444444444444,58.333333333333336,11.11111111111111
W00001492,145,43,17,26,102,94,8,29.655172413793103,11.724137931034482,17.93103448275862,70.34482758620689,64.82758620689654,5.517241379310345
W00001493,175,50,11,39,125,119,6,28.57142857142857,6.2857142857142865,22.285714285714285,71.42857142857143,68,3.428571428571429
W00001494,144,39,4,35,105,93,12,27.083333333333332,2.7777777777777777,24.305555555555554,72.91666666666666,64.58333333333334,8.333333333333332
W00001495,164,38,9,29,126,115,11,23.170731707317074,5.487804878048781,17.682926829268293,76.82926829268293,70.1219512195122,6.707317073170732
W00001496,110,39,16,23,71,59,12,35.45454545454545,14.545454545454545,20.909090909090907,64.54545454545455,53.63636363636364,10.909090909090908
W00001497,168,39,15,24,129,112,17,23.214285714285715,8.928571428571429,14.285714285714285,76.78571428571429,66.66666666666666,10.119047619047619
W00001498,96,31,9,22,65,60,5,32.29166666666667,9.375,22.916666666666664,67.70833333333334,62.5,5.208333333333334
W00001500,137,32,12,20,105,94,11,23.357664233576642,8.75912408759124,14.5985401459854,76.64233576642336,68.61313868613139,8.02919708029197
W00001501,206,40,13,27,166,147,19,19.41747572815534,6.310679611650485,13.106796116504855,80.58252427184466,71.35922330097088,9.223300970873787
W00001502,119,34,6,28,85,72,13,28.57142857142857,5.042016806722689,23.52941176470588,71.42857142857143,60.50420168067227,10.92436974789916
W00001503,98,28,10,18,70,64,6,28.57142857142857,10.204081632653061,18.367346938775512,71.42857142857143,65.3061224489796,6.122448979591836
W00001504,134,18,4,14,116,104,12,13.432835820895523,2.9850746268656714,10.44776119402985,86.56716417910447,77.61194029850746,8.955223880597014
W00001505,138,44,10,34,94,75,19,31.88405797101449,7.246376811594203,24.637681159420293,68.11594202898551,54.347826086956516,13.768115942028986
W00001506,108,34,8,26,74,64,10,31.48148148148148,7.4074074074074066,24.074074074074073,68.51851851851852,59.25925925925925,9.25925925925926
W00001507,175,51,14,37,124,116,8,29.142857142857142,8,21.142857142857142,70.85714285714285,66.28571428571428,4.571428571428571
W00001508,281,69,21,48,212,192,20,24.555160142348754,7.473309608540925,17.08185053380783,75.44483985765125,68.32740213523132,7.11743772241993
W00001509,200,46,19,27,154,142,12,23,9.5,13.5,77,71,6
W00001510,295,64,19,45,231,192,39,21.694915254237287,6.440677966101695,15.254237288135593,78.30508474576271,65.08474576271186,13.220338983050848
W00001511,140,32,6,26,108,94,14,22.857142857142858,4.285714285714286,18.571428571428573,77.14285714285715,67.14285714285714,10
W00001512,132,32,10,22,100,89,11,24.242424242424242,7.575757575757576,16.666666666666664,75.75757575757575,67.42424242424242,8.333333333333332
W00001513,177,50,13,37,127,112,15,28.24858757062147,7.344632768361582,20.903954802259886,71.75141242937853,63.2768361581921,8.47457627118644
W00001514,145,36,13,23,109,99,10,24.82758620689655,8.96551724137931,15.862068965517242,75.17241379310344,68.27586206896552,6.896551724137931
W00001515,257,65,23,42,192,175,17,25.291828793774318,8.949416342412452,16.342412451361866,74.70817120622569,68.09338521400778,6.614785992217899
W00001516,171,40,11,29,131,117,14,23.391812865497073,6.432748538011696,16.95906432748538,76.60818713450293,68.42105263157895,8.187134502923977
W00001517,174,46,16,30,128,110,18,26.436781609195403,9.195402298850574,17.24137931034483,73.5632183908046,63.2183908045977,10.344827586206897
W00001518,105,34,8,26,71,59,12,32.38095238095238,7.6190476190476195,24.761904761904763,67.61904761904762,56.19047619047619,11.428571428571429
W00001519,134,35,11,24,99,88,11,26.119402985074625,8.208955223880597,17.91044776119403,73.88059701492537,65.67164179104478,8.208955223880597
W00001520,191,53,12,41,138,124,14,27.748691099476442,6.282722513089005,21.465968586387437,72.25130890052355,64.92146596858639,7.329842931937172
W00001521,212,59,29,30,153,124,29,27.830188679245282,13.679245283018867,14.150943396226415,72.16981132075472,58.490566037735846,13.679245283018867
W00001522,152,52,19,33,100,82,18,34.21052631578947,12.5,21.710526315789476,65.78947368421053,53.94736842105263,11.842105263157894
W00001523,148,31,11,20,117,106,11,20.945945945945947,7.4324324324324325,13.513513513513514,79.05405405405406,71.62162162162163,7.4324324324324325
W00001524,216,58,16,42,158,137,21,26.851851851851855,7.4074074074074066,19.444444444444446,73.14814814814815,63.42592592592593,9.722222222222223
W00001525,167,56,19,37,111,98,13,33.532934131736525,11.377245508982035,22.15568862275449,66.46706586826348,58.68263473053892,7.784431137724551
W00001526,241,61,18,43,180,149,31,25.311203319502074,7.468879668049793,17.842323651452283,74.68879668049793,61.82572614107884,12.863070539419086
W00001527,194,55,17,38,139,123,16,28.350515463917525,8.762886597938143,19.587628865979383,71.64948453608247,63.4020618556701,8.24742268041237
W00001528,128,22,0,22,106,92,14,17.1875,0,17.1875,82.8125,71.875,10.9375
W00001530,133,34,13,21,99,92,7,25.563909774436087,9.774436090225564,15.789473684210526,74.43609022556392,69.17293233082707,5.263157894736842
W00001531,216,59,15,44,157,136,21,27.314814814814813,6.944444444444445,20.37037037037037,72.68518518518519,62.96296296296296,9.722222222222223
W00001532,194,55,14,41,139,125,14,28.350515463917525,7.216494845360824,21.1340206185567,71.64948453608247,64.43298969072166,7.216494845360824
W00001533,164,52,21,31,112,94,18,31.70731707317073,12.804878048780488,18.902439024390244,68.29268292682927,57.3170731707317,10.975609756097562
W00001534,97,29,11,18,68,62,6,29.896907216494846,11.34020618556701,18.556701030927837,70.10309278350515,63.91752577319587,6.185567010309279
W00001535,200,55,15,40,145,122,23,27.500000000000004,7.5,20,72.5,61,11.5
W00001536,84,26,7,19,58,43,15,30.952380952380953,8.333333333333332,22.61904761904762,69.04761904761905,51.19047619047619,17.857142857142858
W00001537,68,17,5,12,51,49,2,25,7.352941176470589,17.647058823529413,75,72.05882352941177,2.941176470588235
W00001538,142,44,10,34,98,76,22,30.985915492957744,7.042253521126761,23.943661971830984,69.01408450704226,53.52112676056338,15.492957746478872
W00001539,103,20,7,13,83,69,14,19.41747572815534,6.796116504854369,12.62135922330097,80.58252427184466,66.99029126213593,13.592233009708737
W00001540,147,47,15,32,100,96,4,31.97278911564626,10.204081632653061,21.768707482993197,68.02721088435374,65.3061224489796,2.7210884353741496
W00001541,29,8,1,7,21,15,6,27.586206896551722,3.4482758620689653,24.137931034482758,72.41379310344827,51.724137931034484,20.689655172413794
W00001542,153,44,13,31,109,101,8,28.75816993464052,8.49673202614379,20.26143790849673,71.24183006535948,66.01307189542483,5.228758169934641
W00001543,70,20,5,15,50,43,7,28.57142857142857,7.142857142857142,21.428571428571427,71.42857142857143,61.42857142857143,10
W00001544,37,15,4,11,22,20,2,40.54054054054054,10.81081081081081,29.72972972972973,59.45945945945946,54.054054054054056,5.405405405405405
W00001545,122,29,9,20,93,81,12,23.770491803278688,7.377049180327869,16.39344262295082,76.22950819672131,66.39344262295081,9.836065573770492
W00001546,131,38,9,29,93,80,13,29.00763358778626,6.870229007633588,22.137404580152673,70.99236641221374,61.06870229007634,9.923664122137405
W00001547,128,40,8,32,88,83,5,31.25,6.25,25,68.75,64.84375,3.90625
W00001548,100,26,10,16,74,63,11,26,10,16,74,63,11
W00001549,161,45,15,30,116,97,19,27.95031055900621,9.316770186335404,18.633540372670808,72.04968944099379,60.24844720496895,11.801242236024844
W00001550,220,55,17,38,165,143,22,25,7.727272727272727,17.272727272727273,75,65,10
W00001551,132,37,10,27,95,82,13,28.030303030303028,7.575757575757576,20.454545454545457,71.96969696969697,62.121212121212125,9.848484848484848
W00001552,102,21,8,13,81,73,8,20.588235294117645,7.8431372549019605,12.745098039215685,79.41176470588235,71.56862745098039,7.8431372549019605
W00001553,146,45,11,34,101,89,12,30.82191780821918,7.534246575342466,23.28767123287671,69.17808219178082,60.95890410958904,8.21917808219178
W00001554,107,32,11,21,75,65,10,29.906542056074763,10.2803738317757,19.626168224299064,70.09345794392523,60.747663551401864,9.345794392523365
W00001555,205,53,13,40,152,131,21,25.853658536585368,6.341463414634147,19.51219512195122,74.14634146341463,63.90243902439025,10.24390243902439
W00001556,140,32,9,23,108,97,11,22.857142857142858,6.428571428571428,16.428571428571427,77.14285714285715,69.28571428571428,7.857142857142857
W00001557,136,36,13,23,100,85,15,26.47058823529412,9.558823529411764,16.911764705882355,73.52941176470588,62.5,11.029411764705882
W00001558,164,32,11,21,132,122,10,19.51219512195122,6.707317073170732,12.804878048780488,80.48780487804879,74.39024390243902,6.097560975609756
W00001559,159,39,12,27,120,104,16,24.528301886792452,7.547169811320755,16.9811320754717,75.47169811320755,65.40880503144653,10.062893081761008
W00001560,101,39,6,33,62,57,5,38.613861386138616,5.9405940594059405,32.67326732673268,61.386138613861384,56.43564356435643,4.9504950495049505
W00001561,48,11,5,6,37,33,4,22.916666666666664,10.416666666666668,12.5,77.08333333333334,68.75,8.333333333333332
W00001562,13,6,2,4,7,7,0,46.15384615384615,15.384615384615385,30.76923076923077,53.84615384615385,53.84615384615385,0
W00001563,145,41,6,35,104,95,9,28.27586206896552,4.137931034482759,24.137931034482758,71.72413793103448,65.51724137931035,6.206896551724138
W00001565,147,31,12,19,116,107,9,21.08843537414966,8.16326530612245,12.925170068027212,78.91156462585033,72.78911564625851,6.122448979591836
W00001566,170,49,13,36,121,113,8,28.823529411764703,7.647058823529412,21.176470588235293,71.17647058823529,66.47058823529412,4.705882352941177
W00001567,147,46,15,31,101,87,14,31.292517006802722,10.204081632653061,21.08843537414966,68.70748299319727,59.183673469387756,9.523809523809524
W00001568,177,50,16,34,127,118,9,28.24858757062147,9.03954802259887,19.2090395480226,71.75141242937853,66.66666666666666,5.084745762711865
W00001569,143,50,16,34,93,80,13,34.96503496503497,11.188811188811188,23.776223776223777,65.03496503496503,55.94405594405595,9.090909090909092
W00001570,139,46,8,38,93,81,12,33.093525179856115,5.755395683453238,27.33812949640288,66.90647482014388,58.27338129496403,8.633093525179856
W00001572,106,26,9,17,80,63,17,24.528301886792452,8.49056603773585,16.037735849056602,75.47169811320755,59.43396226415094,16.037735849056602
W00001573,262,57,19,38,205,185,20,21.755725190839694,7.251908396946565,14.50381679389313,78.2442748091603,70.61068702290076,7.633587786259542
W00001574,122,35,12,23,87,73,14,28.688524590163933,9.836065573770492,18.852459016393443,71.31147540983606,59.83606557377049,11.475409836065573
W00001575,63,18,6,12,45,41,4,28.57142857142857,9.523809523809524,19.047619047619047,71.42857142857143,65.07936507936508,6.349206349206349
W00001576,193,54,17,37,139,129,10,27.979274611398964,8.808290155440414,19.170984455958546,72.02072538860104,66.83937823834198,5.181347150259067
W00001577,207,57,16,41,150,134,16,27.536231884057973,7.729468599033816,19.806763285024154,72.46376811594203,64.73429951690821,7.729468599033816
W00001578,153,42,15,27,111,102,9,27.450980392156865,9.803921568627452,17.647058823529413,72.54901960784314,66.66666666666666,5.88235294117647
W00001579,158,48,13,35,110,96,14,30.37974683544304,8.227848101265822,22.151898734177212,69.62025316455697,60.75949367088608,8.860759493670885
W00001580,150,34,8,26,116,103,13,22.666666666666664,5.333333333333334,17.333333333333336,77.33333333333333,68.66666666666667,8.666666666666668
W00001581,175,51,15,36,124,118,6,29.142857142857142,8.571428571428571,20.57142857142857,70.85714285714285,67.42857142857143,3.428571428571429
W00001582,210,58,22,36,152,133,19,27.61904761904762,10.476190476190476,17.142857142857142,72.38095238095238,63.33333333333333,9.047619047619047
W00001583,169,36,7,29,133,107,26,21.301775147928996,4.142011834319527,17.159763313609467,78.69822485207101,63.31360946745562,15.384615384615385
W00001584,172,47,16,31,125,108,17,27.325581395348834,9.30232558139535,18.023255813953487,72.67441860465115,62.7906976744186,9.883720930232558
W00001585,62,23,5,18,39,30,9,37.096774193548384,8.064516129032258,29.03225806451613,62.903225806451616,48.38709677419355,14.516129032258066
W00001586,100,29,8,21,71,63,8,28.999999999999996,8,21,71,63,8
W00001587,146,55,14,41,91,81,10,37.67123287671233,9.58904109589041,28.08219178082192,62.328767123287676,55.47945205479452,6.8493150684931505
W00001588,151,33,8,25,118,103,15,21.85430463576159,5.298013245033113,16.55629139072848,78.1456953642384,68.21192052980133,9.933774834437086
W00001589,174,40,9,31,134,127,7,22.988505747126435,5.172413793103448,17.81609195402299,77.01149425287356,72.98850574712644,4.022988505747127
W00001590,138,32,6,26,106,95,11,23.18840579710145,4.3478260869565215,18.84057971014493,76.81159420289855,68.84057971014492,7.971014492753622
W00001591,100,37,10,27,63,57,6,37,10,27,63,56.99999999999999,6
W00001592,85,32,4,28,53,45,8,37.64705882352941,4.705882352941177,32.94117647058823,62.35294117647059,52.94117647058824,9.411764705882353
W00001593,91,33,8,25,58,48,10,36.26373626373626,8.791208791208792,27.472527472527474,63.73626373626373,52.74725274725275,10.989010989010989
W00001594,63,19,8,11,44,36,8,30.158730158730158,12.698412698412698,17.46031746031746,69.84126984126983,57.14285714285714,12.698412698412698
W00001595,128,31,6,25,97,88,9,24.21875,4.6875,19.53125,75.78125,68.75,7.03125
W00001596,115,29,9,20,86,70,16,25.217391304347824,7.82608695652174,17.391304347826086,74.78260869565217,60.86956521739131,13.91304347826087
W00001597,102,31,9,22,71,59,12,30.392156862745097,8.823529411764707,21.568627450980394,69.6078431372549,57.84313725490197,11.76470588235294
W00001598,123,42,19,23,81,64,17,34.146341463414636,15.447154471544716,18.69918699186992,65.85365853658537,52.03252032520326,13.821138211382115
W00001599,119,39,13,26,80,67,13,32.773109243697476,10.92436974789916,21.84873949579832,67.22689075630252,56.30252100840336,10.92436974789916
W00001600,90,36,13,23,54,48,6,40,14.444444444444443,25.555555555555554,60,53.333333333333336,6.666666666666667
W00001601,133,38,12,26,95,83,12,28.57142857142857,9.022556390977442,19.548872180451127,71.42857142857143,62.40601503759399,9.022556390977442
W00001602,107,38,11,27,69,61,8,35.51401869158878,10.2803738317757,25.233644859813083,64.48598130841121,57.009345794392516,7.476635514018691
W00001603,92,30,12,18,62,46,16,32.608695652173914,13.043478260869565,19.565217391304348,67.3913043478261,50,17.391304347826086
W00001604,164,51,22,29,113,85,28,31.097560975609756,13.414634146341465,17.682926829268293,68.90243902439023,51.829268292682926,17.073170731707318
W00001605,275,61,16,45,214,163,51,22.181818181818183,5.818181818181818,16.363636363636363,77.81818181818181,59.27272727272728,18.545454545454547
W00001608,67,17,7,10,50,38,12,25.37313432835821,10.44776119402985,14.925373134328357,74.6268656716418,56.71641791044776,17.91044776119403
W00001609,161,53,21,32,108,84,24,32.91925465838509,13.043478260869565,19.875776397515526,67.08074534161491,52.17391304347826,14.906832298136646
W00001610,117,30,9,21,87,66,21,25.64102564102564,7.6923076923076925,17.94871794871795,74.35897435897436,56.41025641025641,17.94871794871795
W00001611,101,29,7,22,72,60,12,28.71287128712871,6.9306930693069315,21.782178217821784,71.28712871287128,59.4059405940594,11.881188118811881
W00001612,193,58,18,40,135,108,27,30.05181347150259,9.32642487046632,20.72538860103627,69.94818652849742,55.95854922279793,13.989637305699482
W00001613,198,55,19,36,143,107,36,27.77777777777778,9.595959595959595,18.181818181818183,72.22222222222221,54.04040404040404,18.181818181818183
W00001614,134,39,17,22,95,78,17,29.1044776119403,12.686567164179104,16.417910447761194,70.8955223880597,58.2089552238806,12.686567164179104
W00001615,140,38,12,26,102,78,24,27.142857142857142,8.571428571428571,18.571428571428573,72.85714285714285,55.714285714285715,17.142857142857142
W00001616,104,33,9,24,71,61,10,31.73076923076923,8.653846153846153,23.076923076923077,68.26923076923077,58.65384615384615,9.615384615384617
W00001617,254,75,18,57,179,159,20,29.527559055118108,7.086614173228346,22.440944881889763,70.47244094488188,62.59842519685039,7.874015748031496
W00001618,134,44,19,25,90,80,10,32.83582089552239,14.17910447761194,18.65671641791045,67.16417910447761,59.70149253731343,7.462686567164178
W00001619,154,41,17,24,113,90,23,26.623376623376622,11.03896103896104,15.584415584415584,73.37662337662337,58.44155844155844,14.935064935064934
W00001620,98,25,9,16,73,66,7,25.510204081632654,9.183673469387756,16.3265306122449,74.48979591836735,67.3469387755102,7.142857142857142
W00001621,104,33,12,21,71,60,11,31.73076923076923,11.538461538461538,20.192307692307693,68.26923076923077,57.692307692307686,10.576923076923077
W00001622,98,31,14,17,67,59,8,31.63265306122449,14.285714285714285,17.346938775510203,68.36734693877551,60.204081632653065,8.16326530612245
W00001623,58,16,10,6,42,31,11,27.586206896551722,17.24137931034483,10.344827586206897,72.41379310344827,53.44827586206896,18.96551724137931
W00001624,161,37,15,22,124,87,37,22.981366459627328,9.316770186335404,13.664596273291925,77.01863354037268,54.037267080745345,22.981366459627328
W00001625,162,44,14,30,118,94,24,27.160493827160494,8.641975308641975,18.51851851851852,72.8395061728395,58.0246913580247,14.814814814814813
W00001626,227,60,26,34,167,147,20,26.431718061674008,11.45374449339207,14.977973568281937,73.568281938326,64.75770925110133,8.81057268722467
W00001627,90,38,10,28,52,47,5,42.22222222222222,11.11111111111111,31.11111111111111,57.77777777777777,52.22222222222223,5.555555555555555
W00001628,175,53,17,36,122,99,23,30.28571428571429,9.714285714285714,20.57142857142857,69.71428571428572,56.57142857142857,13.142857142857142
W00001629,164,40,12,28,124,109,15,24.390243902439025,7.317073170731707,17.073170731707318,75.60975609756098,66.46341463414635,9.146341463414634
W00001630,99,31,14,17,68,58,10,31.313131313131315,14.14141414141414,17.17171717171717,68.68686868686868,58.58585858585859,10.1010101010101
W00001631,134,35,10,25,99,95,4,26.119402985074625,7.462686567164178,18.65671641791045,73.88059701492537,70.8955223880597,2.9850746268656714
W00001632,136,34,7,27,102,82,20,25,5.147058823529411,19.852941176470587,75,60.29411764705882,14.705882352941178
W00001633,92,23,7,16,69,59,10,25,7.608695652173914,17.391304347826086,75,64.13043478260869,10.869565217391305
W00001634,93,43,15,28,50,48,2,46.236559139784944,16.129032258064516,30.107526881720432,53.76344086021505,51.61290322580645,2.1505376344086025
W00001635,63,20,4,16,43,34,9,31.746031746031743,6.349206349206349,25.396825396825395,68.25396825396825,53.96825396825397,14.285714285714285
W00001636,180,56,20,36,124,101,23,31.11111111111111,11.11111111111111,20,68.88888888888889,56.111111111111114,12.777777777777777
W00001637,143,47,7,40,96,81,15,32.86713286713287,4.895104895104895,27.972027972027973,67.13286713286713,56.64335664335665,10.48951048951049
W00001638,121,27,8,19,94,77,17,22.31404958677686,6.6115702479338845,15.702479338842975,77.68595041322314,63.63636363636363,14.049586776859504
W00001639,85,27,8,19,58,51,7,31.76470588235294,9.411764705882353,22.35294117647059,68.23529411764706,60,8.235294117647058
W00001640,124,34,16,18,90,78,12,27.419354838709676,12.903225806451612,14.516129032258066,72.58064516129032,62.903225806451616,9.67741935483871
W00001641,170,48,7,41,122,105,17,28.235294117647058,4.117647058823529,24.11764705882353,71.76470588235294,61.76470588235294,10
W00001642,133,34,7,27,99,82,17,25.563909774436087,5.263157894736842,20.30075187969925,74.43609022556392,61.65413533834586,12.781954887218044
W00001643,212,46,10,36,166,148,18,21.69811320754717,4.716981132075472,16.9811320754717,78.30188679245283,69.81132075471697,8.49056603773585
W00001644,153,44,13,31,109,93,16,28.75816993464052,8.49673202614379,20.26143790849673,71.24183006535948,60.78431372549019,10.457516339869281
W00001645,76,21,2,19,55,46,9,27.631578947368425,2.631578947368421,25,72.36842105263158,60.526315789473685,11.842105263157894
W00001646,141,40,11,29,101,84,17,28.368794326241137,7.801418439716312,20.56737588652482,71.63120567375887,59.57446808510638,12.056737588652481
W00001647,167,58,25,33,109,92,17,34.73053892215569,14.97005988023952,19.760479041916167,65.26946107784431,55.08982035928144,10.179640718562874
W00001648,173,48,12,36,125,109,16,27.74566473988439,6.9364161849710975,20.809248554913296,72.25433526011561,63.005780346820806,9.248554913294797
W00001649,157,43,18,25,114,94,20,27.388535031847134,11.464968152866243,15.92356687898089,72.61146496815286,59.87261146496815,12.738853503184714
W00001650,122,27,6,21,95,82,13,22.131147540983605,4.918032786885246,17.21311475409836,77.8688524590164,67.21311475409836,10.655737704918032
W00001651,146,39,13,26,107,97,10,26.71232876712329,8.904109589041095,17.80821917808219,73.28767123287672,66.43835616438356,6.8493150684931505
W00001652,102,32,10,22,70,54,16,31.372549019607842,9.803921568627452,21.568627450980394,68.62745098039215,52.94117647058824,15.686274509803921
W00001653,117,36,16,20,81,62,19,30.76923076923077,13.675213675213676,17.094017094017094,69.23076923076923,52.991452991452995,16.23931623931624
W00001654,157,44,8,36,113,100,13,28.02547770700637,5.095541401273886,22.929936305732486,71.97452229299363,63.69426751592356,8.280254777070063
W00001655,210,43,7,36,167,139,28,20.476190476190474,3.3333333333333335,17.142857142857142,79.52380952380952,66.19047619047619,13.333333333333334
W00001656,120,31,10,21,89,84,5,25.833333333333336,8.333333333333332,17.5,74.16666666666667,70,4.166666666666666
W00001657,120,37,5,32,83,73,10,30.833333333333336,4.166666666666666,26.666666666666668,69.16666666666667,60.83333333333333,8.333333333333332
W00001658,153,42,13,29,111,99,12,27.450980392156865,8.49673202614379,18.954248366013072,72.54901960784314,64.70588235294117,7.8431372549019605
W00001659,129,27,8,19,102,92,10,20.930232558139537,6.2015503875969,14.728682170542637,79.06976744186046,71.31782945736434,7.751937984496124
W00001660,130,33,13,20,97,86,11,25.384615384615383,10,15.384615384615385,74.61538461538461,66.15384615384615,8.461538461538462
W00001661,165,36,7,29,129,105,24,21.818181818181817,4.242424242424243,17.575757575757574,78.18181818181819,63.63636363636363,14.545454545454545
W00001662,87,36,13,23,51,46,5,41.37931034482759,14.942528735632186,26.436781609195403,58.620689655172406,52.87356321839081,5.747126436781609
W00001663,141,41,11,30,100,92,8,29.078014184397162,7.801418439716312,21.27659574468085,70.92198581560284,65.24822695035462,5.673758865248227
W00001664,199,59,17,42,140,105,35,29.64824120603015,8.542713567839195,21.105527638190953,70.35175879396985,52.76381909547738,17.587939698492463
W00001665,107,23,7,16,84,71,13,21.49532710280374,6.5420560747663545,14.953271028037381,78.50467289719626,66.35514018691589,12.149532710280374
W00001666,99,29,11,18,70,64,6,29.292929292929294,11.11111111111111,18.181818181818183,70.70707070707071,64.64646464646465,6.0606060606060606
W00001667,176,47,13,34,129,112,17,26.704545454545453,7.386363636363637,19.318181818181817,73.29545454545455,63.63636363636363,9.659090909090908
W00001668,143,33,11,22,110,90,20,23.076923076923077,7.6923076923076925,15.384615384615385,76.92307692307693,62.93706293706294,13.986013986013987
W00001669,176,47,17,30,129,95,34,26.704545454545453,9.659090909090908,17.045454545454543,73.29545454545455,53.97727272727273,19.318181818181817
W00001670,215,45,15,30,170,146,24,20.930232558139537,6.976744186046512,13.953488372093023,79.06976744186046,67.90697674418604,11.162790697674419
W00001671,121,25,7,18,96,82,14,20.66115702479339,5.785123966942149,14.87603305785124,79.33884297520662,67.76859504132231,11.570247933884298
W00001672,131,35,13,22,96,85,11,26.717557251908396,9.923664122137405,16.793893129770993,73.2824427480916,64.8854961832061,8.396946564885496
W00001674,175,56,20,36,119,107,12,32,11.428571428571429,20.57142857142857,68,61.142857142857146,6.857142857142858
W00001675,164,30,8,22,134,117,17,18.29268292682927,4.878048780487805,13.414634146341465,81.70731707317073,71.34146341463415,10.365853658536585
W00001676,144,37,15,22,107,98,9,25.694444444444443,10.416666666666668,15.277777777777779,74.30555555555556,68.05555555555556,6.25
W00001677,136,43,10,33,93,85,8,31.61764705882353,7.352941176470589,24.264705882352942,68.38235294117648,62.5,5.88235294117647
W00001678,119,30,6,24,89,81,8,25.210084033613445,5.042016806722689,20.168067226890756,74.78991596638656,68.0672268907563,6.722689075630252
W00001679,56,18,2,16,38,31,7,32.142857142857146,3.571428571428571,28.57142857142857,67.85714285714286,55.35714285714286,12.5
W00001680,193,46,15,31,147,125,22,23.83419689119171,7.772020725388601,16.06217616580311,76.16580310880829,64.76683937823834,11.398963730569948
W00001681,120,44,9,35,76,71,5,36.666666666666664,7.5,29.166666666666668,63.33333333333333,59.166666666666664,4.166666666666666
W00001683,108,26,10,16,82,72,10,24.074074074074073,9.25925925925926,14.814814814814813,75.92592592592592,66.66666666666666,9.25925925925926
W00001684,137,50,18,32,87,79,8,36.496350364963504,13.138686131386862,23.357664233576642,63.503649635036496,57.66423357664233,5.839416058394161
W00001685,129,38,13,25,91,78,13,29.457364341085274,10.077519379844961,19.379844961240313,70.54263565891473,60.46511627906976,10.077519379844961
W00001686,90,25,11,14,65,56,9,27.77777777777778,12.222222222222221,15.555555555555555,72.22222222222221,62.22222222222222,10
W00001687,129,46,7,39,83,73,10,35.65891472868217,5.426356589147287,30.23255813953488,64.34108527131784,56.58914728682171,7.751937984496124
W00001688,135,46,18,28,89,83,6,34.074074074074076,13.333333333333334,20.74074074074074,65.92592592592592,61.48148148148148,4.444444444444445
W00001689,136,28,9,19,108,95,13,20.588235294117645,6.61764705882353,13.970588235294118,79.41176470588235,69.85294117647058,9.558823529411764
W00001690,260,57,13,44,203,177,26,21.923076923076923,5,16.923076923076923,78.07692307692308,68.07692307692308,10
W00001691,130,36,14,22,94,84,10,27.692307692307693,10.76923076923077,16.923076923076923,72.3076923076923,64.61538461538461,7.6923076923076925
W00001692,129,32,11,21,97,87,10,24.8062015503876,8.527131782945736,16.27906976744186,75.1937984496124,67.44186046511628,7.751937984496124
W00001693,120,34,8,26,86,71,15,28.333333333333332,6.666666666666667,21.666666666666668,71.66666666666667,59.166666666666664,12.5
W00001694,143,47,15,32,96,81,15,32.86713286713287,10.48951048951049,22.377622377622377,67.13286713286713,56.64335664335665,10.48951048951049
W00001695,132,50,8,42,82,75,7,37.878787878787875,6.0606060606060606,31.818181818181817,62.121212121212125,56.81818181818182,5.303030303030303
W00001696,94,19,5,14,75,68,7,20.212765957446805,5.319148936170213,14.893617021276595,79.7872340425532,72.3404255319149,7.446808510638298
W00001697,103,29,6,23,74,67,7,28.155339805825243,5.825242718446602,22.330097087378643,71.84466019417476,65.0485436893204,6.796116504854369
W00001698,130,29,5,24,101,90,11,22.30769230769231,3.8461538461538463,18.461538461538463,77.6923076923077,69.23076923076923,8.461538461538462
W00001699,125,44,10,34,81,70,11,35.199999999999996,8,27.200000000000003,64.8,56.00000000000001,8.799999999999999
W00001700,118,28,7,21,90,73,17,23.728813559322035,5.932203389830509,17.796610169491526,76.27118644067797,61.86440677966102,14.40677966101695
W00001701,144,35,9,26,109,91,18,24.305555555555554,6.25,18.055555555555554,75.69444444444444,63.19444444444444,12.5
W00001702,139,33,4,29,106,94,12,23.741007194244602,2.877697841726619,20.863309352517987,76.2589928057554,67.62589928057554,8.633093525179856
W00001703,162,43,14,29,119,111,8,26.543209876543212,8.641975308641975,17.901234567901234,73.4567901234568,68.51851851851852,4.938271604938271
W00001704,117,35,11,24,82,64,18,29.914529914529915,9.401709401709402,20.51282051282051,70.08547008547008,54.700854700854705,15.384615384615385
W00001706,193,60,17,43,133,115,18,31.088082901554404,8.808290155440414,22.279792746113987,68.9119170984456,59.58549222797927,9.32642487046632
W00001707,95,33,10,23,62,55,7,34.73684210526316,10.526315789473683,24.210526315789473,65.26315789473685,57.89473684210527,7.368421052631578
W00001708,74,21,4,17,53,47,6,28.37837837837838,5.405405405405405,22.972972972972975,71.62162162162163,63.51351351351351,8.108108108108109
W00001709,119,39,9,30,80,76,4,32.773109243697476,7.563025210084033,25.210084033613445,67.22689075630252,63.86554621848739,3.361344537815126
W00001710,129,34,7,27,95,75,20,26.356589147286826,5.426356589147287,20.930232558139537,73.64341085271317,58.139534883720934,15.503875968992247
W00001711,104,41,10,31,63,59,4,39.42307692307692,9.615384615384617,29.807692307692307,60.57692307692307,56.730769230769226,3.8461538461538463
W00001712,72,23,5,18,49,41,8,31.944444444444443,6.944444444444445,25,68.05555555555556,56.94444444444444,11.11111111111111
W00001713,217,67,22,45,150,129,21,30.87557603686636,10.138248847926267,20.737327188940093,69.12442396313364,59.44700460829493,9.67741935483871
W00001714,112,38,18,20,74,70,4,33.92857142857143,16.071428571428573,17.857142857142858,66.07142857142857,62.5,3.571428571428571
W00001715,135,41,13,28,94,89,5,30.37037037037037,9.62962962962963,20.74074074074074,69.62962962962963,65.92592592592592,3.7037037037037033
W00001716,140,44,12,32,96,80,16,31.428571428571427,8.571428571428571,22.857142857142858,68.57142857142857,57.14285714285714,11.428571428571429
W00001717,238,61,23,38,177,148,29,25.630252100840334,9.663865546218489,15.966386554621847,74.36974789915966,62.18487394957983,12.184873949579831
W00001718,113,33,11,22,80,59,21,29.20353982300885,9.734513274336283,19.469026548672566,70.79646017699115,52.21238938053098,18.58407079646018
W00001719,65,24,11,13,41,35,6,36.92307692307693,16.923076923076923,20,63.07692307692307,53.84615384615385,9.230769230769232
W00001720,97,31,9,22,66,62,4,31.958762886597935,9.278350515463918,22.68041237113402,68.04123711340206,63.91752577319587,4.123711340206185
W00001721,106,37,11,26,69,60,9,34.90566037735849,10.377358490566039,24.528301886792452,65.09433962264151,56.60377358490566,8.49056603773585
W00001722,87,32,6,26,55,49,6,36.7816091954023,6.896551724137931,29.88505747126437,63.2183908045977,56.32183908045977,6.896551724137931
W00001723,154,38,14,24,116,101,15,24.675324675324674,9.090909090909092,15.584415584415584,75.32467532467533,65.5844155844156,9.740259740259742
W00001724,143,38,9,29,105,98,7,26.573426573426573,6.293706293706294,20.27972027972028,73.42657342657343,68.53146853146853,4.895104895104895
W00001725,150,26,9,17,124,103,21,17.333333333333336,6,11.333333333333332,82.66666666666667,68.66666666666667,14.000000000000002
W00001726,59,16,7,9,43,38,5,27.11864406779661,11.864406779661017,15.254237288135593,72.88135593220339,64.40677966101694,8.47457627118644
W00001727,299,67,23,44,232,202,30,22.40802675585284,7.6923076923076925,14.715719063545151,77.59197324414716,67.55852842809364,10.033444816053512
W00001728,129,29,7,22,100,85,15,22.48062015503876,5.426356589147287,17.05426356589147,77.51937984496125,65.89147286821705,11.627906976744185
W00001729,135,35,13,22,100,88,12,25.925925925925924,9.62962962962963,16.296296296296298,74.07407407407408,65.18518518518519,8.88888888888889
W00001730,122,31,11,20,91,83,8,25.40983606557377,9.01639344262295,16.39344262295082,74.59016393442623,68.0327868852459,6.557377049180328
W00001731,106,32,9,23,74,69,5,30.18867924528302,8.49056603773585,21.69811320754717,69.81132075471697,65.09433962264151,4.716981132075472
W00001732,127,35,11,24,92,78,14,27.559055118110237,8.661417322834646,18.89763779527559,72.44094488188976,61.417322834645674,11.023622047244094
W00001733,134,41,14,27,93,74,19,30.597014925373134,10.44776119402985,20.149253731343283,69.40298507462687,55.223880597014926,14.17910447761194
W00001734,116,37,14,23,79,70,9,31.896551724137932,12.068965517241379,19.82758620689655,68.10344827586206,60.3448275862069,7.758620689655173
W00001735,232,52,15,37,180,166,14,22.413793103448278,6.4655172413793105,15.948275862068966,77.58620689655173,71.55172413793103,6.0344827586206895
W00001736,138,45,19,26,93,79,14,32.608695652173914,13.768115942028986,18.84057971014493,67.3913043478261,57.2463768115942,10.144927536231885
W00001737,170,50,28,22,120,88,32,29.411764705882355,16.470588235294116,12.941176470588237,70.58823529411765,51.76470588235295,18.823529411764707
W00001738,70,22,10,12,48,41,7,31.428571428571427,14.285714285714285,17.142857142857142,68.57142857142857,58.57142857142858,10
W00001739,141,37,12,25,104,97,7,26.24113475177305,8.51063829787234,17.73049645390071,73.75886524822694,68.79432624113475,4.964539007092199
W00001740,90,20,11,9,70,67,3,22.22222222222222,12.222222222222221,10,77.77777777777779,74.44444444444444,3.3333333333333335
W00001741,131,32,11,21,99,88,11,24.427480916030532,8.396946564885496,16.030534351145036,75.57251908396947,67.17557251908397,8.396946564885496
W00001742,194,46,12,34,148,130,18,23.711340206185564,6.185567010309279,17.525773195876287,76.28865979381443,67.0103092783505,9.278350515463918
W00001743,196,44,19,25,152,126,26,22.448979591836736,9.693877551020408,12.755102040816327,77.55102040816327,64.28571428571429,13.26530612244898
W00001745,191,47,19,28,144,126,18,24.60732984293194,9.947643979057592,14.659685863874344,75.39267015706807,65.96858638743456,9.424083769633508
W00001746,76,19,5,14,57,43,14,25,6.578947368421052,18.421052631578945,75,56.57894736842105,18.421052631578945
W00001747,88,29,12,17,59,55,4,32.95454545454545,13.636363636363635,19.318181818181817,67.04545454545455,62.5,4.545454545454546
W00001748,199,58,20,38,141,121,20,29.145728643216078,10.050251256281408,19.09547738693467,70.85427135678391,60.80402010050251,10.050251256281408
W00001749,149,47,14,33,102,80,22,31.543624161073826,9.395973154362416,22.14765100671141,68.45637583892618,53.691275167785236,14.76510067114094
W00001750,181,56,21,35,125,112,13,30.939226519337016,11.602209944751381,19.337016574585636,69.06077348066299,61.87845303867403,7.18232044198895
W00001751,162,50,20,30,112,98,14,30.864197530864196,12.345679012345679,18.51851851851852,69.1358024691358,60.49382716049383,8.641975308641975
W00001752,202,61,13,48,141,119,22,30.198019801980198,6.435643564356436,23.762376237623762,69.80198019801979,58.91089108910891,10.891089108910892
W00001753,157,40,9,31,117,101,16,25.477707006369428,5.7324840764331215,19.745222929936308,74.52229299363057,64.3312101910828,10.191082802547772
W00001754,160,52,16,36,108,96,12,32.5,10,22.5,67.5,60,7.5
W00001756,127,46,19,27,81,75,6,36.22047244094488,14.960629921259844,21.25984251968504,63.77952755905512,59.055118110236215,4.724409448818897
W00001757,153,38,9,29,115,106,9,24.836601307189543,5.88235294117647,18.954248366013072,75.16339869281046,69.28104575163398,5.88235294117647
W00001758,289,72,21,51,217,185,32,24.91349480968858,7.26643598615917,17.647058823529413,75.08650519031141,64.01384083044984,11.072664359861593
W00001759,151,47,14,33,104,93,11,31.125827814569533,9.271523178807946,21.85430463576159,68.87417218543047,61.58940397350994,7.28476821192053
W00001760,236,54,15,39,182,160,22,22.88135593220339,6.3559322033898304,16.52542372881356,77.11864406779661,67.79661016949152,9.322033898305085
W00001761,170,32,11,21,138,130,8,18.823529411764707,6.470588235294119,12.352941176470589,81.17647058823529,76.47058823529412,4.705882352941177
W00001763,151,22,6,16,129,116,13,14.56953642384106,3.9735099337748347,10.596026490066226,85.43046357615894,76.82119205298014,8.609271523178808
W00001765,145,29,11,18,116,96,20,20,7.586206896551724,12.413793103448276,80,66.20689655172414,13.793103448275861
W00001766,125,37,11,26,88,78,10,29.599999999999998,8.799999999999999,20.8,70.39999999999999,62.4,8
W00001767,141,43,12,31,98,87,11,30.49645390070922,8.51063829787234,21.98581560283688,69.50354609929079,61.702127659574465,7.801418439716312
W00001768,159,42,10,32,117,105,12,26.41509433962264,6.289308176100629,20.125786163522015,73.58490566037736,66.0377358490566,7.547169811320755
W00001769,267,46,10,36,221,196,25,17.228464419475657,3.7453183520599254,13.48314606741573,82.77153558052434,73.40823970037454,9.363295880149813
W00001770,128,53,15,38,75,72,3,41.40625,11.71875,29.6875,58.59375,56.25,2.34375
W00001771,154,36,12,24,118,108,10,23.376623376623375,7.792207792207792,15.584415584415584,76.62337662337663,70.12987012987013,6.493506493506493
W00001772,156,48,7,41,108,94,14,30.76923076923077,4.487179487179487,26.282051282051285,69.23076923076923,60.256410256410255,8.974358974358974
W00001773,101,22,6,16,79,69,10,21.782178217821784,5.9405940594059405,15.841584158415841,78.21782178217822,68.31683168316832,9.900990099009901
W00001774,134,41,11,30,93,83,10,30.597014925373134,8.208955223880597,22.388059701492537,69.40298507462687,61.940298507462686,7.462686567164178
W00001775,157,48,13,35,109,97,12,30.573248407643312,8.280254777070063,22.29299363057325,69.42675159235668,61.78343949044586,7.643312101910828
W00001776,147,38,11,27,109,99,10,25.850340136054424,7.482993197278912,18.367346938775512,74.14965986394559,67.3469387755102,6.802721088435375
W00001777,149,51,12,39,98,88,10,34.22818791946309,8.053691275167784,26.174496644295303,65.77181208053692,59.06040268456376,6.7114093959731544
W00001779,144,38,5,33,106,98,8,26.38888888888889,3.4722222222222223,22.916666666666664,73.61111111111111,68.05555555555556,5.555555555555555
W00001780,138,37,9,28,101,89,12,26.811594202898554,6.521739130434782,20.28985507246377,73.18840579710145,64.4927536231884,8.695652173913043
W00001781,144,48,14,34,96,84,12,33.33333333333333,9.722222222222223,23.61111111111111,66.66666666666666,58.333333333333336,8.333333333333332
W00001782,157,44,9,35,113,100,13,28.02547770700637,5.7324840764331215,22.29299363057325,71.97452229299363,63.69426751592356,8.280254777070063
W00001783,193,66,20,46,127,110,17,34.196891191709845,10.362694300518134,23.83419689119171,65.80310880829016,56.994818652849744,8.808290155440414
W00001784,123,35,6,29,88,84,4,28.455284552845526,4.878048780487805,23.577235772357724,71.54471544715447,68.29268292682927,3.2520325203252036
W00001785,95,31,11,20,64,58,6,32.631578947368425,11.578947368421053,21.052631578947366,67.36842105263158,61.05263157894737,6.315789473684211
W00001786,165,63,23,40,102,92,10,38.18181818181819,13.939393939393941,24.242424242424242,61.81818181818181,55.757575757575765,6.0606060606060606
W00001787,160,37,10,27,123,114,9,23.125,6.25,16.875,76.875,71.25,5.625
W00001788,232,47,16,31,185,148,37,20.25862068965517,6.896551724137931,13.36206896551724,79.74137931034483,63.793103448275865,15.948275862068966
W00001789,113,36,7,29,77,71,6,31.858407079646017,6.1946902654867255,25.663716814159294,68.14159292035397,62.83185840707964,5.3097345132743365
W00001791,137,50,7,43,87,79,8,36.496350364963504,5.109489051094891,31.386861313868614,63.503649635036496,57.66423357664233,5.839416058394161
W00001792,151,39,10,29,112,103,9,25.82781456953642,6.622516556291391,19.205298013245034,74.17218543046357,68.21192052980133,5.960264900662252
W00001793,133,24,5,19,109,99,10,18.045112781954884,3.7593984962406015,14.285714285714285,81.95488721804512,74.43609022556392,7.518796992481203
W00001794,192,46,17,29,146,129,17,23.958333333333336,8.854166666666668,15.104166666666666,76.04166666666666,67.1875,8.854166666666668
W00001795,156,34,11,23,122,113,9,21.794871794871796,7.051282051282051,14.743589743589745,78.2051282051282,72.43589743589743,5.769230769230769
W00001796,162,57,18,39,105,94,11,35.18518518518518,11.11111111111111,24.074074074074073,64.81481481481481,58.0246913580247,6.790123456790123
W00001797,125,40,9,31,85,78,7,32,7.199999999999999,24.8,68,62.4,5.6000000000000005
W00001798,105,31,10,21,74,69,5,29.523809523809526,9.523809523809524,20,70.47619047619048,65.71428571428571,4.761904761904762
W00001799,153,41,17,24,112,101,11,26.797385620915033,11.11111111111111,15.686274509803921,73.20261437908496,66.01307189542483,7.18954248366013
W00001800,131,32,11,21,99,90,9,24.427480916030532,8.396946564885496,16.030534351145036,75.57251908396947,68.70229007633588,6.870229007633588
W00001801,144,45,9,36,99,94,5,31.25,6.25,25,68.75,65.27777777777779,3.4722222222222223
W00001802,113,40,9,31,73,69,4,35.39823008849557,7.964601769911504,27.43362831858407,64.60176991150442,61.06194690265486,3.5398230088495577
W00001803,71,17,3,14,54,47,7,23.943661971830984,4.225352112676056,19.718309859154928,76.05633802816901,66.19718309859155,9.859154929577464
W00001804,139,36,9,27,103,97,6,25.899280575539567,6.474820143884892,19.424460431654676,74.10071942446042,69.7841726618705,4.316546762589928
W00001805,112,26,3,23,86,73,13,23.214285714285715,2.6785714285714284,20.535714285714285,76.78571428571429,65.17857142857143,11.607142857142858
W00001806,182,53,10,43,129,118,11,29.120879120879124,5.4945054945054945,23.626373626373624,70.87912087912088,64.83516483516483,6.043956043956044
W00001807,125,37,9,28,88,77,11,29.599999999999998,7.199999999999999,22.400000000000002,70.39999999999999,61.6,8.799999999999999
W00001808,173,37,15,22,136,128,8,21.38728323699422,8.670520231213873,12.716763005780345,78.61271676300578,73.98843930635837,4.624277456647398
W00001809,144,42,11,31,102,95,7,29.166666666666668,7.638888888888889,21.52777777777778,70.83333333333334,65.97222222222221,4.861111111111112
W00001810,223,49,13,36,174,159,15,21.973094170403588,5.829596412556054,16.143497757847534,78.02690582959642,71.30044843049326,6.726457399103139
W00001811,128,41,13,28,87,79,8,32.03125,10.15625,21.875,67.96875,61.71875,6.25
W00001812,134,31,7,24,103,94,9,23.134328358208954,5.223880597014925,17.91044776119403,76.86567164179104,70.1492537313433,6.7164179104477615
W00001813,58,24,11,13,34,26,8,41.37931034482759,18.96551724137931,22.413793103448278,58.620689655172406,44.827586206896555,13.793103448275861
W00001815,114,29,6,23,85,62,23,25.438596491228072,5.263157894736842,20.175438596491226,74.56140350877193,54.385964912280706,20.175438596491226
W00001816,131,36,13,23,95,74,21,27.480916030534353,9.923664122137405,17.557251908396946,72.51908396946564,56.48854961832062,16.030534351145036
W00001817,109,35,3,32,74,64,10,32.11009174311927,2.7522935779816518,29.357798165137616,67.88990825688074,58.71559633027523,9.174311926605505
W00001818,98,29,8,21,69,51,18,29.591836734693878,8.16326530612245,21.428571428571427,70.40816326530613,52.04081632653062,18.367346938775512
W00001819,110,32,7,25,78,66,12,29.09090909090909,6.363636363636363,22.727272727272727,70.9090909090909,60,10.909090909090908
W00001820,186,46,17,29,140,119,21,24.731182795698924,9.13978494623656,15.591397849462366,75.26881720430107,63.97849462365591,11.29032258064516
W00001821,116,35,13,22,81,68,13,30.17241379310345,11.206896551724139,18.96551724137931,69.82758620689656,58.620689655172406,11.206896551724139
W00001822,243,57,18,39,186,144,42,23.456790123456788,7.4074074074074066,16.049382716049383,76.5432098765432,59.25925925925925,17.28395061728395
W00001823,145,39,10,29,106,90,16,26.89655172413793,6.896551724137931,20,73.10344827586206,62.06896551724138,11.03448275862069
W00001824,166,55,20,35,111,93,18,33.13253012048193,12.048192771084338,21.084337349397593,66.86746987951807,56.024096385542165,10.843373493975903
W00001825,119,33,9,24,86,63,23,27.73109243697479,7.563025210084033,20.168067226890756,72.26890756302521,52.94117647058824,19.327731092436977
W00001826,101,35,15,20,66,60,6,34.65346534653465,14.85148514851485,19.801980198019802,65.34653465346535,59.4059405940594,5.9405940594059405
W00001827,160,49,23,26,111,80,31,30.625000000000004,14.374999999999998,16.25,69.375,50,19.375
W00001828,148,39,9,30,109,96,13,26.351351351351347,6.081081081081082,20.27027027027027,73.64864864864865,64.86486486486487,8.783783783783784
W00001829,151,36,9,27,115,103,12,23.841059602649008,5.960264900662252,17.880794701986755,76.15894039735099,68.21192052980133,7.9470198675496695
W00001830,111,32,7,25,79,67,12,28.82882882882883,6.306306306306306,22.52252252252252,71.17117117117117,60.36036036036037,10.81081081081081
W00001831,165,55,24,31,110,95,15,33.33333333333333,14.545454545454545,18.787878787878785,66.66666666666666,57.57575757575758,9.090909090909092
W00010017,147,37,12,25,110,94,16,25.170068027210885,8.16326530612245,17.006802721088434,74.82993197278913,63.94557823129252,10.884353741496598
W00010018,142,27,7,20,115,90,25,19.014084507042252,4.929577464788732,14.084507042253522,80.98591549295774,63.38028169014085,17.6056338028169
W00010021,166,52,19,33,114,95,19,31.32530120481928,11.44578313253012,19.879518072289155,68.67469879518072,57.22891566265061,11.44578313253012
W00010022,174,53,16,37,121,106,15,30.45977011494253,9.195402298850574,21.26436781609195,69.54022988505747,60.91954022988506,8.620689655172415
W00010023,156,51,12,39,105,96,9,32.69230769230769,7.6923076923076925,25,67.3076923076923,61.53846153846154,5.769230769230769
W00010454,219,33,14,19,186,173,13,15.068493150684931,6.392694063926941,8.67579908675799,84.93150684931507,78.99543378995433,5.93607305936073
W00010455,194,47,12,35,147,129,18,24.22680412371134,6.185567010309279,18.04123711340206,75.77319587628865,66.49484536082474,9.278350515463918
W00010460,62,19,6,13,43,39,4,30.64516129032258,9.67741935483871,20.967741935483872,69.35483870967742,62.903225806451616,6.451612903225806
W00010462,106,21,5,16,85,70,15,19.81132075471698,4.716981132075472,15.09433962264151,80.18867924528303,66.0377358490566,14.150943396226415
W00010463,89,13,5,8,76,64,12,14.606741573033707,5.617977528089887,8.98876404494382,85.39325842696628,71.91011235955057,13.48314606741573
W00010464,88,17,6,11,71,61,10,19.318181818181817,6.8181818181818175,12.5,80.68181818181817,69.31818181818183,11.363636363636363
W00010465,76,25,10,15,51,45,6,32.89473684210527,13.157894736842104,19.736842105263158,67.10526315789474,59.210526315789465,7.894736842105263
W00010466,198,70,21,49,128,107,21,35.35353535353536,10.606060606060606,24.747474747474747,64.64646464646465,54.04040404040404,10.606060606060606
W00010467,398,70,19,51,328,288,40,17.587939698492463,4.773869346733668,12.814070351758794,82.41206030150754,72.36180904522614,10.050251256281408
W00010469,219,45,11,34,174,155,19,20.54794520547945,5.0228310502283104,15.52511415525114,79.45205479452055,70.77625570776256,8.67579908675799
W00010471,304,59,17,42,245,212,33,19.407894736842106,5.592105263157895,13.815789473684212,80.5921052631579,69.73684210526315,10.855263157894738
W00010472,268,59,16,43,209,191,18,22.01492537313433,5.970149253731343,16.044776119402986,77.98507462686567,71.26865671641791,6.7164179104477615
W00010473,112,26,6,20,86,69,17,23.214285714285715,5.357142857142857,17.857142857142858,76.78571428571429,61.60714285714286,15.178571428571427
W00010474,285,59,18,41,226,195,31,20.701754385964914,6.315789473684211,14.385964912280702,79.2982456140351,68.42105263157895,10.87719298245614
W00010475,94,23,9,14,71,64,7,24.46808510638298,9.574468085106384,14.893617021276595,75.53191489361703,68.08510638297872,7.446808510638298
W00010478,145,32,6,26,113,103,10,22.06896551724138,4.137931034482759,17.93103448275862,77.93103448275862,71.03448275862068,6.896551724137931
W00010479,158,41,13,28,117,104,13,25.949367088607595,8.227848101265822,17.72151898734177,74.0506329113924,65.82278481012658,8.227848101265822
W00010482,258,44,9,35,214,191,23,17.05426356589147,3.488372093023256,13.565891472868216,82.94573643410853,74.03100775193798,8.914728682170542
W00010483,315,59,11,48,256,221,35,18.73015873015873,3.492063492063492,15.238095238095239,81.26984126984127,70.15873015873015,11.11111111111111
W00010484,170,23,4,19,147,131,16,13.529411764705882,2.3529411764705883,11.176470588235295,86.47058823529412,77.05882352941177,9.411764705882353
W00010485,372,78,23,55,294,251,43,20.967741935483872,6.182795698924731,14.78494623655914,79.03225806451613,67.47311827956989,11.559139784946236
W00010486,120,30,11,19,90,78,12,25,9.166666666666666,15.833333333333332,75,65,10
W00010487,110,42,19,23,68,62,6,38.18181818181819,17.272727272727273,20.909090909090907,61.81818181818181,56.36363636363636,5.454545454545454
W00010488,154,40,15,25,114,106,8,25.97402597402597,9.740259740259742,16.233766233766232,74.02597402597402,68.83116883116884,5.194805194805195
W00010490,64,16,4,12,48,43,5,25,6.25,18.75,75,67.1875,7.8125
W00010491,223,33,5,28,190,174,16,14.798206278026907,2.242152466367713,12.556053811659194,85.20179372197309,78.02690582959642,7.174887892376682
W00010492,64,19,7,12,45,39,6,29.6875,10.9375,18.75,70.3125,60.9375,9.375
