OA,ts0380001,ts0380002,ts0380003,ts0380004,ts0380005,ts0380006,ts0380007,ts0380002_PCT,ts0380003_PCT,ts0380004_PCT,ts0380005_PCT,ts0380006_PCT,ts0380007_PCT
E00030046,330,55,27,28,275,31,244,16.666666666666664,8.181818181818182,8.484848484848486,83.33333333333334,9.393939393939393,73.93939393939394
E00030047,362,69,28,41,293,16,277,19.060773480662984,7.734806629834254,11.32596685082873,80.93922651933701,4.41988950276243,76.51933701657458
E00030048,270,83,48,35,187,11,176,30.74074074074074,17.77777777777778,12.962962962962962,69.25925925925925,4.074074074074074,65.18518518518519
E00030049,322,50,22,28,272,15,257,15.527950310559005,6.832298136645963,8.695652173913043,84.472049689441,4.658385093167702,79.8136645962733
E00030050,317,60,34,26,257,22,235,18.92744479495268,10.725552050473187,8.201892744479496,81.07255520504731,6.940063091482649,74.13249211356468
E00030051,313,58,21,37,255,18,237,18.53035143769968,6.7092651757188495,11.821086261980831,81.46964856230032,5.7507987220447285,75.71884984025559
E00030052,321,37,21,16,284,20,264,11.526479750778815,6.5420560747663545,4.984423676012461,88.47352024922118,6.230529595015576,82.2429906542056
E00030053,325,45,23,22,280,14,266,13.846153846153847,7.076923076923077,6.769230769230769,86.15384615384616,4.3076923076923075,81.84615384615384
E00030054,318,68,33,35,250,16,234,21.38364779874214,10.377358490566039,11.0062893081761,78.61635220125787,5.031446540880504,73.58490566037736
E00030055,290,48,23,25,242,14,228,16.551724137931036,7.931034482758621,8.620689655172415,83.44827586206897,4.827586206896552,78.62068965517241
E00030056,334,49,16,33,285,20,265,14.67065868263473,4.790419161676647,9.880239520958083,85.32934131736528,5.9880239520958085,79.34131736526946
E00030057,199,63,36,27,136,19,117,31.65829145728643,18.090452261306535,13.5678391959799,68.34170854271356,9.547738693467336,58.79396984924623
E00030058,298,40,17,23,258,16,242,13.422818791946309,5.704697986577181,7.718120805369128,86.57718120805369,5.369127516778524,81.20805369127517
E00030059,309,64,31,33,245,28,217,20.711974110032365,10.032362459546926,10.679611650485436,79.28802588996764,9.06148867313916,70.22653721682848
E00030060,279,47,18,29,232,15,217,16.845878136200717,6.451612903225806,10.39426523297491,83.15412186379928,5.376344086021505,77.77777777777779
E00030061,292,78,41,37,214,24,190,26.71232876712329,14.04109589041096,12.67123287671233,73.28767123287672,8.21917808219178,65.06849315068493
E00030062,276,47,21,26,229,10,219,17.02898550724638,7.608695652173914,9.420289855072465,82.97101449275362,3.6231884057971016,79.34782608695652
E00030063,278,49,23,26,229,24,205,17.62589928057554,8.273381294964029,9.352517985611511,82.37410071942446,8.633093525179856,73.7410071942446
E00030064,240,37,17,20,203,21,182,15.416666666666668,7.083333333333333,8.333333333333332,84.58333333333333,8.75,75.83333333333333
E00030065,423,74,38,36,349,22,327,17.494089834515368,8.983451536643026,8.51063829787234,82.50591016548464,5.200945626477541,77.30496453900709
E00030066,365,75,44,31,290,23,267,20.54794520547945,12.054794520547945,8.493150684931507,79.45205479452055,6.301369863013699,73.15068493150685
E00030067,376,76,35,41,300,17,283,20.212765957446805,9.308510638297872,10.904255319148938,79.7872340425532,4.521276595744681,75.2659574468085
E00030068,312,76,36,40,236,15,221,24.358974358974358,11.538461538461538,12.82051282051282,75.64102564102564,4.807692307692308,70.83333333333334
E00030069,293,50,17,33,243,17,226,17.064846416382252,5.802047781569966,11.262798634812286,82.93515358361775,5.802047781569966,77.13310580204778
E00030070,404,80,39,41,324,22,302,19.801980198019802,9.653465346534654,10.14851485148515,80.19801980198021,5.445544554455446,74.75247524752476
E00030071,403,76,39,37,327,25,302,18.858560794044664,9.67741935483871,9.181141439205955,81.14143920595534,6.20347394540943,74.93796526054591
E00030072,291,36,10,26,255,26,229,12.371134020618557,3.436426116838488,8.934707903780069,87.62886597938144,8.934707903780069,78.69415807560138
E00030073,335,86,49,37,249,13,236,25.671641791044774,14.626865671641792,11.044776119402986,74.32835820895522,3.880597014925373,70.44776119402985
E00030074,306,51,25,26,255,27,228,16.666666666666664,8.169934640522875,8.49673202614379,83.33333333333334,8.823529411764707,74.50980392156863
E00030075,305,72,54,18,233,23,210,23.60655737704918,17.704918032786885,5.901639344262295,76.39344262295083,7.540983606557377,68.85245901639344
E00030076,314,91,42,49,223,13,210,28.980891719745223,13.375796178343949,15.605095541401273,71.01910828025477,4.140127388535031,66.87898089171973
E00030077,240,83,49,34,157,12,145,34.583333333333336,20.416666666666668,14.166666666666666,65.41666666666667,5,60.416666666666664
E00030078,338,77,33,44,261,16,245,22.781065088757398,9.763313609467456,13.017751479289942,77.2189349112426,4.733727810650888,72.48520710059172
E00030079,286,42,10,32,244,21,223,14.685314685314685,3.4965034965034967,11.188811188811188,85.3146853146853,7.3426573426573425,77.97202797202797
E00030080,412,77,40,37,335,19,316,18.689320388349515,9.70873786407767,8.980582524271846,81.31067961165049,4.611650485436893,76.69902912621359
E00030081,291,54,13,41,237,23,214,18.556701030927837,4.4673539518900345,14.0893470790378,81.44329896907216,7.903780068728522,73.53951890034365
E00030082,348,65,29,36,283,20,263,18.67816091954023,8.333333333333332,10.344827586206897,81.32183908045977,5.747126436781609,75.57471264367817
E00030083,302,47,20,27,255,28,227,15.562913907284766,6.622516556291391,8.940397350993377,84.43708609271523,9.271523178807946,75.16556291390728
E00030084,479,132,76,56,347,28,319,27.55741127348643,15.866388308977037,11.691022964509393,72.44258872651356,5.845511482254697,66.59707724425887
E00030085,381,66,22,44,315,24,291,17.322834645669293,5.774278215223097,11.548556430446194,82.67716535433071,6.299212598425196,76.37795275590551
E00030086,269,49,21,28,220,16,204,18.21561338289963,7.806691449814126,10.408921933085502,81.78438661710037,5.947955390334572,75.8364312267658
E00030087,302,56,24,32,246,15,231,18.543046357615893,7.9470198675496695,10.596026490066226,81.45695364238411,4.966887417218543,76.49006622516556
E00030088,300,76,32,44,224,18,206,25.333333333333336,10.666666666666668,14.666666666666666,74.66666666666667,6,68.66666666666667
E00030089,377,65,28,37,312,19,293,17.24137931034483,7.427055702917771,9.814323607427056,82.75862068965517,5.039787798408488,77.71883289124668
E00030090,404,68,28,40,336,17,319,16.831683168316832,6.9306930693069315,9.900990099009901,83.16831683168317,4.207920792079208,78.96039603960396
E00030091,318,43,23,20,275,16,259,13.522012578616351,7.232704402515723,6.289308176100629,86.47798742138365,5.031446540880504,81.44654088050315
E00030092,265,88,39,49,177,7,170,33.20754716981132,14.716981132075471,18.49056603773585,66.79245283018868,2.6415094339622645,64.15094339622641
E00030093,359,78,34,44,281,13,268,21.72701949860724,9.47075208913649,12.256267409470752,78.27298050139275,3.6211699164345403,74.65181058495823
E00030095,378,65,27,38,313,19,294,17.195767195767196,7.142857142857142,10.052910052910052,82.8042328042328,5.026455026455026,77.77777777777779
E00030096,301,44,16,28,257,20,237,14.61794019933555,5.3156146179401995,9.30232558139535,85.38205980066445,6.64451827242525,78.7375415282392
E00030097,329,57,26,31,272,21,251,17.325227963525837,7.90273556231003,9.422492401215806,82.67477203647417,6.382978723404255,76.29179331306992
E00030098,275,48,24,24,227,18,209,17.454545454545457,8.727272727272728,8.727272727272728,82.54545454545455,6.545454545454546,76
E00030099,249,30,13,17,219,26,193,12.048192771084338,5.220883534136546,6.827309236947792,87.95180722891565,10.441767068273093,77.51004016064257
E00030100,290,43,12,31,247,31,216,14.827586206896552,4.137931034482759,10.689655172413794,85.17241379310346,10.689655172413794,74.48275862068967
E00030101,331,80,50,30,251,24,227,24.169184290030213,15.105740181268882,9.06344410876133,75.83081570996978,7.250755287009064,68.58006042296071
E00030102,223,47,14,33,176,19,157,21.076233183856502,6.278026905829597,14.798206278026907,78.9237668161435,8.520179372197308,70.4035874439462
E00030103,276,66,31,35,210,19,191,23.91304347826087,11.231884057971014,12.681159420289855,76.08695652173914,6.884057971014493,69.20289855072464
E00030104,291,52,23,29,239,22,217,17.869415807560138,7.903780068728522,9.965635738831615,82.13058419243985,7.560137457044673,74.5704467353952
E00030105,291,56,20,36,235,30,205,19.243986254295535,6.872852233676976,12.371134020618557,80.75601374570446,10.309278350515463,70.44673539518901
E00030106,272,52,17,35,220,16,204,19.11764705882353,6.25,12.867647058823529,80.88235294117648,5.88235294117647,75
E00030107,585,137,70,67,448,29,419,23.418803418803417,11.965811965811966,11.452991452991453,76.5811965811966,4.957264957264957,71.62393162393163
E00030108,266,53,21,32,213,13,200,19.924812030075188,7.894736842105263,12.030075187969924,80.07518796992481,4.887218045112782,75.18796992481202
E00030109,344,82,41,41,262,16,246,23.837209302325583,11.918604651162791,11.918604651162791,76.16279069767442,4.651162790697675,71.51162790697676
E00030110,377,66,30,36,311,19,292,17.50663129973475,7.957559681697612,9.549071618037134,82.49336870026525,5.039787798408488,77.45358090185677
E00030111,330,59,30,29,271,17,254,17.87878787878788,9.090909090909092,8.787878787878787,82.12121212121211,5.151515151515151,76.96969696969697
E00030113,403,57,20,37,346,25,321,14.1439205955335,4.962779156327544,9.181141439205955,85.8560794044665,6.20347394540943,79.65260545905707
E00030114,405,81,36,45,324,22,302,20,8.88888888888889,11.11111111111111,80,5.432098765432099,74.5679012345679
E00030115,532,79,37,42,453,30,423,14.849624060150376,6.954887218045112,7.894736842105263,85.15037593984962,5.639097744360902,79.51127819548873
E00030116,258,42,13,29,216,13,203,16.27906976744186,5.038759689922481,11.24031007751938,83.72093023255815,5.038759689922481,78.68217054263566
E00030117,259,77,40,37,182,4,178,29.72972972972973,15.444015444015443,14.285714285714285,70.27027027027027,1.5444015444015444,68.72586872586872
E00030118,317,55,26,29,262,19,243,17.350157728706623,8.201892744479496,9.14826498422713,82.64984227129337,5.993690851735016,76.65615141955836
E00030119,332,84,48,36,248,17,231,25.301204819277107,14.457831325301203,10.843373493975903,74.69879518072288,5.120481927710843,69.57831325301204
E00030121,295,53,23,30,242,9,233,17.966101694915253,7.796610169491526,10.16949152542373,82.03389830508473,3.050847457627119,78.98305084745762
E00030123,334,79,36,43,255,20,235,23.652694610778443,10.778443113772456,12.874251497005988,76.34730538922156,5.9880239520958085,70.35928143712576
E00030124,338,64,40,24,274,18,256,18.93491124260355,11.834319526627219,7.100591715976331,81.06508875739645,5.325443786982249,75.7396449704142
E00030125,274,70,36,34,204,10,194,25.547445255474454,13.138686131386862,12.408759124087592,74.45255474452554,3.64963503649635,70.8029197080292
E00030126,325,54,27,27,271,14,257,16.615384615384617,8.307692307692308,8.307692307692308,83.38461538461537,4.3076923076923075,79.07692307692308
E00030127,298,57,28,29,241,13,228,19.12751677852349,9.395973154362416,9.731543624161073,80.87248322147651,4.3624161073825505,76.51006711409396
E00030128,541,87,43,44,454,15,439,16.081330868761555,7.948243992606285,8.133086876155268,83.91866913123845,2.7726432532347505,81.1460258780037
E00030129,194,73,36,37,121,9,112,37.628865979381445,18.556701030927837,19.072164948453608,62.371134020618555,4.639175257731959,57.73195876288659
E00030130,173,65,31,34,108,14,94,37.57225433526011,17.91907514450867,19.653179190751445,62.42774566473989,8.092485549132949,54.33526011560693
E00030131,612,116,67,49,496,16,480,18.954248366013072,10.947712418300654,8.006535947712418,81.04575163398692,2.6143790849673203,78.43137254901961
E00030133,279,73,39,34,206,19,187,26.16487455197133,13.978494623655912,12.186379928315413,73.83512544802868,6.810035842293908,67.02508960573476
E00030134,414,89,53,36,325,16,309,21.497584541062803,12.80193236714976,8.695652173913043,78.50241545893721,3.864734299516908,74.63768115942028
E00030135,281,78,43,35,203,17,186,27.75800711743772,15.302491103202847,12.455516014234876,72.24199288256227,6.049822064056939,66.19217081850533
E00030136,376,60,27,33,316,16,300,15.957446808510639,7.180851063829788,8.77659574468085,84.04255319148936,4.25531914893617,79.7872340425532
E00030137,366,69,24,45,297,24,273,18.852459016393443,6.557377049180328,12.295081967213115,81.14754098360656,6.557377049180328,74.59016393442623
E00030138,313,57,21,36,256,19,237,18.210862619808307,6.7092651757188495,11.501597444089457,81.78913738019169,6.070287539936102,75.71884984025559
E00030139,267,40,16,24,227,17,210,14.981273408239701,5.992509363295881,8.98876404494382,85.0187265917603,6.367041198501873,78.65168539325843
E00030140,288,49,19,30,239,13,226,17.01388888888889,6.597222222222222,10.416666666666668,82.98611111111111,4.513888888888888,78.47222222222221
E00030141,165,34,15,19,131,15,116,20.606060606060606,9.090909090909092,11.515151515151516,79.39393939393939,9.090909090909092,70.3030303030303
E00030142,294,85,53,32,209,13,196,28.91156462585034,18.027210884353742,10.884353741496598,71.08843537414967,4.421768707482993,66.66666666666666
E00030143,240,57,30,27,183,14,169,23.75,12.5,11.25,76.25,5.833333333333333,70.41666666666667
E00030144,319,45,15,30,274,18,256,14.106583072100312,4.702194357366771,9.404388714733543,85.8934169278997,5.6426332288401255,80.25078369905955
E00030145,317,50,16,34,267,18,249,15.772870662460567,5.047318611987381,10.725552050473187,84.22712933753942,5.678233438485805,78.54889589905363
E00030146,290,78,31,47,212,18,194,26.89655172413793,10.689655172413794,16.206896551724135,73.10344827586206,6.206896551724138,66.89655172413794
E00030147,385,67,30,37,318,18,300,17.402597402597404,7.792207792207792,9.61038961038961,82.5974025974026,4.675324675324675,77.92207792207793
E00030148,409,77,42,35,332,13,319,18.82640586797066,10.268948655256724,8.557457212713937,81.17359413202934,3.1784841075794623,77.99511002444987
E00030149,317,52,30,22,265,15,250,16.40378548895899,9.46372239747634,6.940063091482649,83.59621451104101,4.73186119873817,78.86435331230284
E00030150,265,105,45,60,160,19,141,39.62264150943396,16.9811320754717,22.641509433962266,60.37735849056604,7.169811320754717,53.20754716981132
E00030151,442,93,38,55,349,24,325,21.040723981900452,8.597285067873303,12.44343891402715,78.95927601809954,5.429864253393665,73.52941176470588
E00030153,592,87,42,45,505,16,489,14.695945945945946,7.094594594594595,7.601351351351352,85.30405405405406,2.7027027027027026,82.60135135135135
E00030154,363,111,52,59,252,10,242,30.57851239669421,14.325068870523417,16.2534435261708,69.42148760330579,2.7548209366391188,66.66666666666666
E00030155,168,78,54,24,90,9,81,46.42857142857143,32.142857142857146,14.285714285714285,53.57142857142857,5.357142857142857,48.214285714285715
E00030156,404,62,31,31,342,8,334,15.346534653465346,7.673267326732673,7.673267326732673,84.65346534653465,1.9801980198019802,82.67326732673267
E00030157,255,75,40,35,180,10,170,29.411764705882355,15.686274509803921,13.725490196078432,70.58823529411765,3.9215686274509802,66.66666666666666
E00030158,380,79,37,42,301,20,281,20.789473684210527,9.736842105263158,11.052631578947368,79.21052631578948,5.263157894736842,73.94736842105263
E00030159,366,82,42,40,284,26,258,22.404371584699454,11.475409836065573,10.92896174863388,77.59562841530054,7.103825136612022,70.49180327868852
E00030160,345,65,25,40,280,27,253,18.84057971014493,7.246376811594203,11.594202898550725,81.15942028985508,7.82608695652174,73.33333333333333
E00030161,233,59,23,36,174,16,158,25.321888412017167,9.871244635193133,15.450643776824036,74.67811158798283,6.866952789699571,67.81115879828327
E00030162,305,45,19,26,260,23,237,14.754098360655737,6.229508196721312,8.524590163934425,85.24590163934425,7.540983606557377,77.70491803278688
E00030163,543,97,46,51,446,35,411,17.863720073664823,8.47145488029466,9.392265193370166,82.13627992633518,6.445672191528545,75.69060773480662
E00030164,348,61,28,33,287,20,267,17.52873563218391,8.045977011494253,9.482758620689655,82.47126436781609,5.747126436781609,76.72413793103449
E00030165,286,83,39,44,203,22,181,29.02097902097902,13.636363636363635,15.384615384615385,70.97902097902097,7.6923076923076925,63.286713286713294
E00030166,210,41,14,27,169,19,150,19.523809523809526,6.666666666666667,12.857142857142856,80.47619047619048,9.047619047619047,71.42857142857143
E00030167,265,39,19,20,226,12,214,14.716981132075471,7.169811320754717,7.547169811320755,85.28301886792453,4.528301886792453,80.75471698113208
E00030168,281,35,11,24,246,16,230,12.455516014234876,3.9145907473309607,8.540925266903916,87.54448398576513,5.6939501779359425,81.85053380782918
E00030169,376,51,25,26,325,22,303,13.563829787234042,6.648936170212766,6.914893617021277,86.43617021276596,5.851063829787234,80.58510638297872
E00030170,306,114,55,59,192,13,179,37.254901960784316,17.973856209150327,19.28104575163399,62.745098039215684,4.248366013071895,58.496732026143796
E00030171,255,57,20,37,198,20,178,22.35294117647059,7.8431372549019605,14.50980392156863,77.64705882352942,7.8431372549019605,69.80392156862744
E00030172,243,64,41,23,179,14,165,26.337448559670783,16.872427983539097,9.465020576131687,73.66255144032921,5.761316872427984,67.90123456790124
E00030173,244,68,43,25,176,18,158,27.86885245901639,17.62295081967213,10.245901639344263,72.1311475409836,7.377049180327869,64.75409836065575
E00030174,369,94,53,41,275,30,245,25.474254742547426,14.363143631436316,11.11111111111111,74.52574525745257,8.130081300813007,66.39566395663957
E00030175,307,80,50,30,227,14,213,26.058631921824105,16.286644951140065,9.77198697068404,73.9413680781759,4.5602605863192185,69.38110749185668
E00030176,294,57,29,28,237,21,216,19.387755102040817,9.863945578231291,9.523809523809524,80.61224489795919,7.142857142857142,73.46938775510205
E00030177,261,46,16,30,215,13,202,17.624521072796934,6.130268199233716,11.494252873563218,82.37547892720306,4.980842911877394,77.39463601532567
E00030178,363,47,24,23,316,23,293,12.947658402203857,6.6115702479338845,6.336088154269973,87.05234159779614,6.336088154269973,80.71625344352617
E00030179,306,96,54,42,210,21,189,31.372549019607842,17.647058823529413,13.725490196078432,68.62745098039215,6.862745098039216,61.76470588235294
E00030180,266,97,44,53,169,19,150,36.46616541353384,16.541353383458645,19.924812030075188,63.53383458646616,7.142857142857142,56.390977443609025
E00030181,306,46,26,20,260,22,238,15.032679738562091,8.49673202614379,6.535947712418301,84.9673202614379,7.18954248366013,77.77777777777779
E00030182,311,54,23,31,257,16,241,17.363344051446948,7.395498392282958,9.967845659163988,82.63665594855306,5.144694533762058,77.491961414791
E00030183,187,66,36,30,121,13,108,35.294117647058826,19.25133689839572,16.042780748663102,64.70588235294117,6.951871657754011,57.75401069518716
E00030184,259,84,49,35,175,16,159,32.432432432432435,18.91891891891892,13.513513513513514,67.56756756756756,6.177606177606178,61.38996138996139
E00030185,383,63,29,34,320,27,293,16.449086161879894,7.5718015665796345,8.87728459530026,83.5509138381201,7.049608355091384,76.50130548302873
E00030186,308,58,31,27,250,25,225,18.83116883116883,10.064935064935066,8.766233766233766,81.16883116883116,8.116883116883116,73.05194805194806
E00030187,319,57,30,27,262,14,248,17.86833855799373,9.404388714733543,8.463949843260188,82.13166144200626,4.38871473354232,77.74294670846395
E00030188,312,51,22,29,261,23,238,16.346153846153847,7.051282051282051,9.294871794871796,83.65384615384616,7.371794871794872,76.28205128205127
E00030189,293,59,32,27,234,15,219,20.13651877133106,10.921501706484642,9.215017064846416,79.86348122866895,5.1194539249146755,74.74402730375427
E00030190,188,63,39,24,125,22,103,33.51063829787234,20.74468085106383,12.76595744680851,66.48936170212765,11.702127659574469,54.78723404255319
E00030191,288,54,20,34,234,22,212,18.75,6.944444444444445,11.805555555555555,81.25,7.638888888888889,73.61111111111111
E00030192,306,71,37,34,235,6,229,23.202614379084967,12.091503267973856,11.11111111111111,76.79738562091504,1.9607843137254901,74.83660130718954
E00030193,314,68,31,37,246,23,223,21.656050955414013,9.872611464968154,11.78343949044586,78.343949044586,7.32484076433121,71.01910828025477
E00030194,442,82,45,37,360,25,335,18.552036199095024,10.180995475113122,8.3710407239819,81.44796380090497,5.656108597285068,75.7918552036199
E00030195,323,76,41,35,247,21,226,23.52941176470588,12.693498452012383,10.8359133126935,76.47058823529412,6.5015479876160995,69.96904024767801
E00030196,250,44,14,30,206,16,190,17.599999999999998,5.6000000000000005,12,82.39999999999999,6.4,76
E00030197,289,52,25,27,237,21,216,17.99307958477509,8.650519031141869,9.342560553633218,82.00692041522491,7.26643598615917,74.74048442906575
E00030198,317,56,23,33,261,20,241,17.665615141955836,7.255520504731862,10.410094637223976,82.33438485804416,6.309148264984227,76.02523659305994
E00030200,366,94,43,51,272,22,250,25.683060109289617,11.748633879781421,13.934426229508196,74.31693989071039,6.0109289617486334,68.30601092896174
E00030201,254,46,31,15,208,11,197,18.11023622047244,12.204724409448819,5.905511811023622,81.88976377952756,4.330708661417323,77.55905511811024
E00030202,191,34,16,18,157,13,144,17.801047120418847,8.37696335078534,9.424083769633508,82.19895287958116,6.806282722513089,75.39267015706807
E00030203,286,34,13,21,252,20,232,11.888111888111888,4.545454545454546,7.3426573426573425,88.11188811188812,6.993006993006993,81.11888111888112
E00030204,244,48,17,31,196,19,177,19.672131147540984,6.967213114754098,12.704918032786885,80.32786885245902,7.786885245901639,72.54098360655738
E00030205,278,55,25,30,223,13,210,19.784172661870503,8.992805755395683,10.79136690647482,80.2158273381295,4.676258992805756,75.53956834532374
E00030206,273,60,23,37,213,18,195,21.978021978021978,8.424908424908425,13.553113553113553,78.02197802197803,6.593406593406594,71.42857142857143
E00030207,322,46,16,30,276,29,247,14.285714285714285,4.968944099378882,9.316770186335404,85.71428571428571,9.006211180124224,76.70807453416148
E00030208,404,78,34,44,326,19,307,19.306930693069308,8.415841584158416,10.891089108910892,80.6930693069307,4.702970297029703,75.99009900990099
E00030209,283,38,20,18,245,18,227,13.427561837455832,7.06713780918728,6.36042402826855,86.57243816254417,6.36042402826855,80.21201413427562
E00030210,255,65,35,30,190,25,165,25.49019607843137,13.725490196078432,11.76470588235294,74.50980392156863,9.803921568627452,64.70588235294117
E00030211,291,50,31,19,241,19,222,17.18213058419244,10.652920962199312,6.529209621993128,82.81786941580756,6.529209621993128,76.28865979381443
E00030213,304,60,27,33,244,19,225,19.736842105263158,8.881578947368421,10.855263157894738,80.26315789473685,6.25,74.01315789473685
E00030214,291,66,42,24,225,22,203,22.68041237113402,14.432989690721648,8.24742268041237,77.31958762886599,7.560137457044673,69.7594501718213
E00030215,289,38,14,24,251,20,231,13.148788927335639,4.844290657439446,8.304498269896193,86.85121107266436,6.920415224913495,79.93079584775087
E00030217,262,108,67,41,154,13,141,41.221374045801525,25.572519083969464,15.648854961832063,58.778625954198475,4.961832061068702,53.81679389312977
E00030218,320,58,14,44,262,23,239,18.125,4.375,13.750000000000002,81.875,7.187499999999999,74.6875
E00030219,296,40,17,23,256,29,227,13.513513513513514,5.743243243243244,7.77027027027027,86.48648648648648,9.797297297297296,76.6891891891892
E00030220,330,46,21,25,284,16,268,13.939393939393941,6.363636363636363,7.575757575757576,86.06060606060606,4.848484848484849,81.21212121212122
E00030221,289,50,22,28,239,14,225,17.301038062283737,7.612456747404845,9.688581314878892,82.69896193771626,4.844290657439446,77.85467128027682
E00030222,231,85,46,39,146,10,136,36.79653679653679,19.913419913419915,16.883116883116884,63.20346320346321,4.329004329004329,58.87445887445888
E00030223,295,50,19,31,245,20,225,16.94915254237288,6.440677966101695,10.508474576271185,83.05084745762711,6.779661016949152,76.27118644067797
E00030224,359,51,26,25,308,28,280,14.206128133704734,7.242339832869081,6.963788300835655,85.79387186629526,7.7994428969359335,77.99442896935933
E00030225,265,70,32,38,195,14,181,26.41509433962264,12.075471698113208,14.339622641509434,73.58490566037736,5.283018867924529,68.30188679245282
E00030226,409,52,23,29,357,33,324,12.71393643031785,5.623471882640587,7.090464547677261,87.28606356968214,8.06845965770171,79.21760391198043
E00030227,233,66,44,22,167,14,153,28.32618025751073,18.88412017167382,9.44206008583691,71.67381974248927,6.008583690987124,65.66523605150213
E00030228,234,80,40,40,154,11,143,34.18803418803419,17.094017094017094,17.094017094017094,65.8119658119658,4.700854700854701,61.111111111111114
E00030229,411,72,41,31,339,29,310,17.51824817518248,9.975669099756692,7.542579075425791,82.48175182481752,7.0559610705596105,75.4257907542579
E00030230,400,81,43,38,319,24,295,20.25,10.75,9.5,79.75,6,73.75
E00030231,264,59,28,31,205,13,192,22.348484848484848,10.606060606060606,11.742424242424242,77.65151515151516,4.924242424242424,72.72727272727273
E00030232,310,40,23,17,270,29,241,12.903225806451612,7.419354838709677,5.483870967741936,87.09677419354838,9.35483870967742,77.74193548387098
E00030233,262,51,23,28,211,15,196,19.46564885496183,8.778625954198473,10.687022900763358,80.53435114503816,5.7251908396946565,74.80916030534351
E00030234,297,35,18,17,262,31,231,11.784511784511785,6.0606060606060606,5.723905723905724,88.21548821548821,10.437710437710438,77.77777777777779
E00030235,287,38,20,18,249,20,229,13.240418118466899,6.968641114982578,6.2717770034843205,86.7595818815331,6.968641114982578,79.79094076655052
E00030236,274,43,16,27,231,16,215,15.693430656934307,5.839416058394161,9.854014598540147,84.30656934306569,5.839416058394161,78.46715328467153
E00030237,292,62,31,31,230,25,205,21.232876712328768,10.616438356164384,10.616438356164384,78.76712328767124,8.561643835616438,70.2054794520548
E00030238,228,44,21,23,184,18,166,19.298245614035086,9.210526315789473,10.087719298245613,80.7017543859649,7.894736842105263,72.80701754385966
E00030239,321,71,38,33,250,19,231,22.118380062305295,11.838006230529595,10.2803738317757,77.88161993769471,5.919003115264798,71.96261682242991
E00030240,276,62,30,32,214,21,193,22.463768115942027,10.869565217391305,11.594202898550725,77.53623188405797,7.608695652173914,69.92753623188406
E00030241,293,76,31,45,217,14,203,25.938566552901023,10.580204778156997,15.358361774744028,74.06143344709898,4.778156996587031,69.28327645051195
E00030242,339,86,36,50,253,22,231,25.368731563421832,10.619469026548673,14.749262536873156,74.63126843657817,6.489675516224189,68.14159292035397
E00030243,300,61,21,40,239,22,217,20.333333333333332,7.000000000000001,13.333333333333334,79.66666666666666,7.333333333333333,72.33333333333334
E00030244,266,43,15,28,223,19,204,16.165413533834585,5.639097744360902,10.526315789473683,83.83458646616542,7.142857142857142,76.69172932330827
E00030245,295,64,32,32,231,26,205,21.694915254237287,10.847457627118644,10.847457627118644,78.30508474576271,8.813559322033898,69.49152542372882
E00030246,296,55,25,30,241,19,222,18.58108108108108,8.445945945945946,10.135135135135135,81.41891891891892,6.418918918918918,75
E00030247,256,42,21,21,214,20,194,16.40625,8.203125,8.203125,83.59375,7.8125,75.78125
E00030248,291,64,31,33,227,23,204,21.993127147766323,10.652920962199312,11.34020618556701,78.00687285223368,7.903780068728522,70.10309278350515
E00030249,295,44,22,22,251,29,222,14.915254237288137,7.457627118644068,7.457627118644068,85.08474576271186,9.830508474576272,75.2542372881356
E00030250,266,70,38,32,196,17,179,26.31578947368421,14.285714285714285,12.030075187969924,73.68421052631578,6.390977443609022,67.29323308270678
E00030251,288,72,37,35,216,24,192,25,12.847222222222221,12.152777777777777,75,8.333333333333332,66.66666666666666
E00030252,298,60,37,23,238,11,227,20.13422818791946,12.416107382550337,7.718120805369128,79.86577181208054,3.691275167785235,76.1744966442953
E00030253,283,53,19,34,230,24,206,18.727915194346288,6.713780918727916,12.014134275618375,81.2720848056537,8.480565371024735,72.79151943462897
E00030254,225,55,25,30,170,24,146,24.444444444444443,11.11111111111111,13.333333333333334,75.55555555555556,10.666666666666668,64.88888888888889
E00030255,340,58,24,34,282,27,255,17.058823529411764,7.0588235294117645,10,82.94117647058825,7.941176470588235,75
E00030256,286,64,27,37,222,15,207,22.377622377622377,9.44055944055944,12.937062937062937,77.62237762237763,5.244755244755245,72.37762237762237
E00030257,371,74,29,45,297,29,268,19.946091644204852,7.816711590296496,12.129380053908356,80.05390835579514,7.816711590296496,72.23719676549865
E00030258,319,52,28,24,267,16,251,16.30094043887147,8.77742946708464,7.523510971786834,83.69905956112854,5.015673981191222,78.68338557993731
E00030259,270,52,17,35,218,21,197,19.25925925925926,6.296296296296296,12.962962962962962,80.74074074074075,7.777777777777778,72.96296296296296
E00030260,322,54,24,30,268,17,251,16.77018633540373,7.453416149068323,9.316770186335404,83.22981366459628,5.279503105590062,77.95031055900621
E00030261,293,55,22,33,238,26,212,18.771331058020476,7.508532423208192,11.262798634812286,81.22866894197952,8.873720136518772,72.35494880546075
E00030262,213,45,17,28,168,11,157,21.12676056338028,7.981220657276995,13.145539906103288,78.87323943661971,5.164319248826291,73.70892018779342
E00030263,246,61,28,33,185,20,165,24.796747967479675,11.38211382113821,13.414634146341465,75.20325203252033,8.130081300813007,67.07317073170732
E00030264,312,52,18,34,260,21,239,16.666666666666664,5.769230769230769,10.897435897435898,83.33333333333334,6.730769230769231,76.6025641025641
E00030265,286,53,19,34,233,24,209,18.53146853146853,6.643356643356643,11.888111888111888,81.46853146853147,8.391608391608392,73.07692307692307
E00030266,314,69,33,36,245,15,230,21.97452229299363,10.509554140127388,11.464968152866243,78.02547770700637,4.777070063694268,73.24840764331209
E00030267,265,63,30,33,202,19,183,23.77358490566038,11.320754716981133,12.452830188679245,76.22641509433963,7.169811320754717,69.0566037735849
E00030268,273,47,21,26,226,14,212,17.216117216117215,7.6923076923076925,9.523809523809524,82.78388278388277,5.128205128205128,77.65567765567766
E00030269,294,54,24,30,240,24,216,18.367346938775512,8.16326530612245,10.204081632653061,81.63265306122449,8.16326530612245,73.46938775510205
E00030270,310,46,19,27,264,23,241,14.838709677419354,6.129032258064516,8.709677419354838,85.16129032258064,7.419354838709677,77.74193548387098
E00030271,290,53,15,38,237,20,217,18.275862068965516,5.172413793103448,13.10344827586207,81.72413793103448,6.896551724137931,74.82758620689656
E00030272,209,43,19,24,166,15,151,20.574162679425836,9.090909090909092,11.483253588516746,79.42583732057416,7.177033492822966,72.24880382775119
E00030273,218,46,16,30,172,16,156,21.100917431192663,7.339449541284404,13.761467889908257,78.89908256880734,7.339449541284404,71.55963302752293
E00030274,381,77,35,42,304,15,289,20.209973753280842,9.186351706036746,11.023622047244094,79.79002624671917,3.937007874015748,75.8530183727034
E00030275,318,71,31,40,247,31,216,22.32704402515723,9.748427672955975,12.578616352201259,77.67295597484278,9.748427672955975,67.9245283018868
E00030276,271,61,16,45,210,24,186,22.509225092250922,5.904059040590406,16.605166051660518,77.49077490774908,8.856088560885608,68.63468634686348
E00030277,251,59,18,41,192,12,180,23.50597609561753,7.171314741035857,16.334661354581673,76.49402390438247,4.780876494023905,71.71314741035857
E00030278,270,68,27,41,202,21,181,25.185185185185183,10,15.185185185185185,74.81481481481481,7.777777777777778,67.03703703703704
E00030279,216,54,25,29,162,11,151,25,11.574074074074074,13.425925925925927,75,5.092592592592593,69.9074074074074
E00030280,242,43,17,26,199,21,178,17.768595041322314,7.024793388429752,10.743801652892563,82.23140495867769,8.677685950413224,73.55371900826447
E00030281,331,78,31,47,253,17,236,23.564954682779458,9.365558912386707,14.19939577039275,76.43504531722054,5.13595166163142,71.29909365558912
E00030282,351,85,40,45,266,17,249,24.216524216524217,11.396011396011396,12.82051282051282,75.78347578347578,4.843304843304843,70.94017094017094
E00030283,284,100,74,26,184,8,176,35.2112676056338,26.056338028169012,9.15492957746479,64.7887323943662,2.8169014084507045,61.97183098591549
E00030284,380,126,70,56,254,28,226,33.1578947368421,18.421052631578945,14.736842105263156,66.84210526315789,7.368421052631578,59.473684210526315
E00030285,281,43,22,21,238,20,218,15.302491103202847,7.829181494661921,7.473309608540925,84.69750889679716,7.11743772241993,77.58007117437722
E00030286,290,70,43,27,220,17,203,24.137931034482758,14.827586206896552,9.310344827586208,75.86206896551724,5.862068965517241,70
E00030287,305,63,29,34,242,22,220,20.655737704918035,9.508196721311474,11.147540983606557,79.34426229508198,7.213114754098362,72.1311475409836
E00030288,241,76,39,37,165,14,151,31.535269709543567,16.182572614107883,15.352697095435685,68.46473029045643,5.809128630705394,62.655601659751035
E00030289,273,42,5,37,231,24,207,15.384615384615385,1.8315018315018317,13.553113553113553,84.61538461538461,8.791208791208792,75.82417582417582
E00030290,329,66,31,35,263,31,232,20.060790273556233,9.422492401215806,10.638297872340425,79.93920972644378,9.422492401215806,70.51671732522796
E00030291,267,55,25,30,212,15,197,20.59925093632959,9.363295880149813,11.235955056179774,79.40074906367042,5.617977528089887,73.78277153558052
E00030292,344,59,26,33,285,24,261,17.151162790697676,7.55813953488372,9.593023255813954,82.84883720930233,6.976744186046512,75.87209302325581
E00030293,244,62,32,30,182,23,159,25.40983606557377,13.114754098360656,12.295081967213115,74.59016393442623,9.426229508196721,65.1639344262295
E00030294,248,46,19,27,202,23,179,18.548387096774192,7.661290322580645,10.887096774193548,81.45161290322581,9.274193548387096,72.17741935483872
E00030295,212,66,39,27,146,10,136,31.132075471698112,18.39622641509434,12.735849056603774,68.86792452830188,4.716981132075472,64.15094339622641
E00030296,299,77,43,34,222,17,205,25.75250836120401,14.381270903010032,11.37123745819398,74.24749163879598,5.68561872909699,68.56187290969899
E00030297,249,59,32,27,190,17,173,23.694779116465863,12.851405622489958,10.843373493975903,76.30522088353415,6.827309236947792,69.47791164658635
E00030298,238,58,26,32,180,14,166,24.369747899159663,10.92436974789916,13.445378151260504,75.63025210084034,5.88235294117647,69.74789915966386
E00030299,282,71,33,38,211,22,189,25.177304964539005,11.702127659574469,13.47517730496454,74.822695035461,7.801418439716312,67.02127659574468
E00030300,310,65,20,45,245,10,235,20.967741935483872,6.451612903225806,14.516129032258066,79.03225806451613,3.225806451612903,75.80645161290323
E00030301,239,40,19,21,199,38,161,16.736401673640167,7.949790794979079,8.786610878661087,83.26359832635984,15.899581589958158,67.36401673640168
E00030302,286,60,34,26,226,17,209,20.97902097902098,11.888111888111888,9.090909090909092,79.02097902097903,5.944055944055944,73.07692307692307
E00030303,226,51,25,26,175,16,159,22.566371681415927,11.061946902654867,11.504424778761061,77.43362831858407,7.079646017699115,70.35398230088495
E00030304,276,55,24,31,221,22,199,19.92753623188406,8.695652173913043,11.231884057971014,80.07246376811594,7.971014492753622,72.10144927536231
E00030305,264,52,25,27,212,15,197,19.696969696969695,9.469696969696969,10.227272727272728,80.3030303030303,5.681818181818182,74.62121212121212
E00030306,295,83,42,41,212,20,192,28.135593220338983,14.237288135593221,13.898305084745763,71.86440677966101,6.779661016949152,65.08474576271186
E00030307,276,55,23,32,221,20,201,19.92753623188406,8.333333333333332,11.594202898550725,80.07246376811594,7.246376811594203,72.82608695652173
E00030308,294,38,18,20,256,17,239,12.925170068027212,6.122448979591836,6.802721088435375,87.07482993197279,5.782312925170068,81.29251700680273
E00030309,235,78,41,37,157,15,142,33.191489361702125,17.4468085106383,15.74468085106383,66.80851063829788,6.382978723404255,60.42553191489362
E00030310,258,58,25,33,200,13,187,22.48062015503876,9.689922480620156,12.790697674418606,77.51937984496125,5.038759689922481,72.48062015503875
E00030311,258,90,55,35,168,12,156,34.883720930232556,21.31782945736434,13.565891472868216,65.11627906976744,4.651162790697675,60.46511627906976
E00030312,234,42,18,24,192,17,175,17.94871794871795,7.6923076923076925,10.256410256410255,82.05128205128204,7.264957264957266,74.78632478632478
E00030313,285,64,29,35,221,15,206,22.45614035087719,10.175438596491228,12.280701754385964,77.54385964912281,5.263157894736842,72.28070175438597
E00030314,244,73,44,29,171,17,154,29.918032786885245,18.0327868852459,11.885245901639344,70.08196721311475,6.967213114754098,63.114754098360656
E00030315,282,71,29,42,211,10,201,25.177304964539005,10.28368794326241,14.893617021276595,74.822695035461,3.546099290780142,71.27659574468085
E00030316,288,47,16,31,241,17,224,16.319444444444446,5.555555555555555,10.76388888888889,83.68055555555556,5.902777777777778,77.77777777777779
E00030317,270,41,20,21,229,15,214,15.185185185185185,7.4074074074074066,7.777777777777778,84.81481481481481,5.555555555555555,79.25925925925927
E00030318,311,48,22,26,263,25,238,15.434083601286176,7.07395498392283,8.360128617363344,84.56591639871382,8.038585209003216,76.52733118971061
E00030319,312,45,20,25,267,27,240,14.423076923076922,6.41025641025641,8.012820512820513,85.57692307692307,8.653846153846153,76.92307692307693
E00030320,232,50,31,19,182,19,163,21.551724137931032,13.36206896551724,8.189655172413794,78.44827586206897,8.189655172413794,70.25862068965517
E00030321,228,56,31,25,172,15,157,24.561403508771928,13.596491228070176,10.964912280701753,75.43859649122807,6.578947368421052,68.85964912280701
E00030322,336,71,31,40,265,19,246,21.13095238095238,9.226190476190476,11.904761904761903,78.86904761904762,5.654761904761905,73.21428571428571
E00030323,305,30,7,23,275,27,248,9.836065573770492,2.2950819672131146,7.540983606557377,90.1639344262295,8.852459016393443,81.31147540983606
E00030324,291,70,37,33,221,22,199,24.054982817869416,12.714776632302405,11.34020618556701,75.94501718213058,7.560137457044673,68.38487972508591
E00030325,234,40,15,25,194,15,179,17.094017094017094,6.41025641025641,10.683760683760683,82.90598290598291,6.41025641025641,76.49572649572649
E00030326,307,42,14,28,265,19,246,13.680781758957655,4.5602605863192185,9.120521172638437,86.31921824104235,6.188925081433225,80.13029315960912
E00030327,250,75,32,43,175,28,147,30,12.8,17.2,70,11.200000000000001,58.8
E00030328,315,40,15,25,275,31,244,12.698412698412698,4.761904761904762,7.936507936507936,87.3015873015873,9.841269841269842,77.46031746031747
E00030329,332,46,20,26,286,21,265,13.855421686746988,6.024096385542169,7.83132530120482,86.14457831325302,6.325301204819277,79.81927710843374
E00030330,237,52,29,23,185,18,167,21.940928270042196,12.236286919831224,9.70464135021097,78.05907172995781,7.59493670886076,70.46413502109705
E00030331,240,82,61,21,158,11,147,34.166666666666664,25.416666666666664,8.75,65.83333333333333,4.583333333333333,61.25000000000001
E00030332,253,56,24,32,197,12,185,22.134387351778656,9.486166007905137,12.648221343873518,77.86561264822134,4.743083003952568,73.12252964426878
E00030333,256,45,13,32,211,20,191,17.578125,5.078125,12.5,82.421875,7.8125,74.609375
E00030334,279,40,8,32,239,28,211,14.336917562724013,2.867383512544803,11.469534050179211,85.66308243727599,10.03584229390681,75.62724014336918
E00030335,344,46,15,31,298,25,273,13.372093023255813,4.3604651162790695,9.011627906976743,86.62790697674419,7.267441860465117,79.36046511627907
E00030336,579,83,26,57,496,32,464,14.335060449050086,4.490500863557859,9.844559585492227,85.66493955094991,5.526770293609672,80.13816925734024
E00030337,296,60,21,39,236,24,212,20.27027027027027,7.094594594594595,13.175675675675674,79.72972972972973,8.108108108108109,71.62162162162163
E00030338,277,44,22,22,233,17,216,15.884476534296029,7.9422382671480145,7.9422382671480145,84.11552346570397,6.137184115523466,77.9783393501805
E00030339,271,82,48,34,189,21,168,30.25830258302583,17.712177121771216,12.546125461254611,69.74169741697416,7.7490774907749085,61.99261992619927
E00030340,203,46,21,25,157,9,148,22.660098522167488,10.344827586206897,12.31527093596059,77.33990147783251,4.433497536945813,72.9064039408867
E00030341,372,59,20,39,313,25,288,15.86021505376344,5.376344086021505,10.483870967741936,84.13978494623656,6.720430107526881,77.41935483870968
E00030342,300,47,15,32,253,18,235,15.666666666666668,5,10.666666666666668,84.33333333333334,6,78.33333333333333
E00030343,297,52,26,26,245,14,231,17.50841750841751,8.754208754208754,8.754208754208754,82.49158249158249,4.713804713804714,77.77777777777779
E00030344,247,45,21,24,202,21,181,18.218623481781375,8.502024291497975,9.7165991902834,81.78137651821862,8.502024291497975,73.27935222672065
E00030345,301,36,14,22,265,16,249,11.960132890365449,4.651162790697675,7.308970099667775,88.03986710963456,5.3156146179401995,82.72425249169434
E00030346,269,36,15,21,233,25,208,13.382899628252787,5.5762081784386615,7.806691449814126,86.61710037174721,9.293680297397769,77.32342007434944
E00030347,295,56,22,34,239,22,217,18.983050847457626,7.457627118644068,11.525423728813559,81.01694915254237,7.457627118644068,73.5593220338983
E00030348,318,61,22,39,257,21,236,19.18238993710692,6.918238993710692,12.264150943396226,80.81761006289308,6.60377358490566,74.21383647798741
E00030349,193,59,32,27,134,17,117,30.569948186528496,16.580310880829018,13.989637305699482,69.43005181347151,8.808290155440414,60.62176165803109
E00030350,282,31,14,17,251,16,235,10.99290780141844,4.964539007092199,6.028368794326241,89.00709219858156,5.673758865248227,83.33333333333334
E00030351,290,40,18,22,250,13,237,13.793103448275861,6.206896551724138,7.586206896551724,86.20689655172413,4.482758620689655,81.72413793103448
E00030352,302,71,29,42,231,21,210,23.509933774834437,9.602649006622517,13.90728476821192,76.49006622516556,6.95364238410596,69.5364238410596
E00030353,290,51,18,33,239,19,220,17.586206896551722,6.206896551724138,11.379310344827587,82.41379310344827,6.551724137931035,75.86206896551724
E00030354,243,49,25,24,194,11,183,20.16460905349794,10.2880658436214,9.876543209876543,79.83539094650206,4.526748971193416,75.30864197530865
E00030355,240,58,24,34,182,13,169,24.166666666666668,10,14.166666666666666,75.83333333333333,5.416666666666667,70.41666666666667
E00030356,276,65,22,43,211,10,201,23.55072463768116,7.971014492753622,15.579710144927535,76.44927536231883,3.6231884057971016,72.82608695652173
E00030357,382,67,31,36,315,17,298,17.539267015706805,8.115183246073299,9.424083769633508,82.4607329842932,4.450261780104712,78.01047120418848
E00030358,249,57,26,31,192,19,173,22.89156626506024,10.441767068273093,12.449799196787147,77.10843373493977,7.630522088353414,69.47791164658635
E00030360,289,47,20,27,242,21,221,16.26297577854671,6.920415224913495,9.342560553633218,83.73702422145328,7.26643598615917,76.47058823529412
E00030361,357,47,13,34,310,19,291,13.165266106442578,3.6414565826330536,9.523809523809524,86.83473389355743,5.322128851540616,81.5126050420168
E00030362,347,86,46,40,261,22,239,24.78386167146974,13.256484149855908,11.527377521613833,75.21613832853026,6.340057636887608,68.87608069164266
E00030363,280,43,16,27,237,18,219,15.357142857142858,5.714285714285714,9.642857142857144,84.64285714285714,6.428571428571428,78.21428571428571
E00030364,264,60,29,31,204,17,187,22.727272727272727,10.984848484848484,11.742424242424242,77.27272727272727,6.4393939393939394,70.83333333333334
E00030365,311,49,22,27,262,13,249,15.755627009646304,7.07395498392283,8.681672025723474,84.2443729903537,4.180064308681672,80.06430868167203
E00030366,368,68,32,36,300,25,275,18.478260869565215,8.695652173913043,9.782608695652174,81.52173913043478,6.7934782608695645,74.72826086956522
E00030367,406,71,28,43,335,28,307,17.48768472906404,6.896551724137931,10.591133004926109,82.51231527093597,6.896551724137931,75.61576354679804
E00030368,343,61,30,31,282,29,253,17.784256559766764,8.746355685131196,9.037900874635568,82.21574344023324,8.454810495626822,73.76093294460642
E00030369,265,55,22,33,210,15,195,20.754716981132077,8.30188679245283,12.452830188679245,79.24528301886792,5.660377358490567,73.58490566037736
E00030371,292,45,19,26,247,15,232,15.41095890410959,6.506849315068493,8.904109589041095,84.58904109589042,5.136986301369863,79.45205479452055
E00030372,289,55,23,32,234,15,219,19.031141868512112,7.958477508650519,11.072664359861593,80.96885813148789,5.190311418685121,75.77854671280276
E00030373,218,61,27,34,157,12,145,27.981651376146786,12.385321100917432,15.59633027522936,72.01834862385321,5.5045871559633035,66.5137614678899
E00030374,334,57,22,35,277,18,259,17.065868263473057,6.58682634730539,10.479041916167663,82.93413173652695,5.389221556886228,77.54491017964071
E00030375,268,58,21,37,210,16,194,21.641791044776117,7.835820895522389,13.805970149253731,78.35820895522389,5.970149253731343,72.38805970149254
E00030376,336,57,18,39,279,12,267,16.964285714285715,5.357142857142857,11.607142857142858,83.03571428571429,3.571428571428571,79.46428571428571
E00030377,240,78,41,37,162,16,146,32.5,17.083333333333332,15.416666666666668,67.5,6.666666666666667,60.83333333333333
E00030378,343,65,33,32,278,25,253,18.950437317784257,9.620991253644315,9.329446064139942,81.04956268221575,7.288629737609329,73.76093294460642
E00030379,387,99,49,50,288,19,269,25.581395348837212,12.661498708010335,12.919896640826872,74.4186046511628,4.909560723514212,69.50904392764858
E00030380,330,79,44,35,251,21,230,23.939393939393938,13.333333333333334,10.606060606060606,76.06060606060606,6.363636363636363,69.6969696969697
E00030381,286,43,15,28,243,23,220,15.034965034965033,5.244755244755245,9.79020979020979,84.96503496503497,8.041958041958042,76.92307692307693
E00030382,309,49,20,29,260,20,240,15.857605177993527,6.472491909385113,9.385113268608414,84.14239482200647,6.472491909385113,77.66990291262135
E00030383,275,49,21,28,226,13,213,17.81818181818182,7.636363636363637,10.181818181818182,82.18181818181817,4.7272727272727275,77.45454545454545
E00030384,299,42,18,24,257,15,242,14.046822742474916,6.0200668896321075,8.02675585284281,85.95317725752508,5.016722408026756,80.93645484949833
E00030385,302,74,34,40,228,11,217,24.503311258278146,11.258278145695364,13.245033112582782,75.49668874172185,3.642384105960265,71.8543046357616
E00030386,325,62,27,35,263,15,248,19.076923076923077,8.307692307692308,10.76923076923077,80.92307692307692,4.615384615384616,76.3076923076923
E00030387,260,80,39,41,180,9,171,30.76923076923077,15,15.769230769230768,69.23076923076923,3.4615384615384617,65.76923076923077
E00030388,258,59,30,29,199,12,187,22.868217054263564,11.627906976744185,11.24031007751938,77.13178294573643,4.651162790697675,72.48062015503875
E00030389,389,106,68,38,283,16,267,27.249357326478147,17.480719794344473,9.768637532133676,72.75064267352185,4.113110539845758,68.63753213367609
E00030390,210,69,37,32,141,20,121,32.857142857142854,17.61904761904762,15.238095238095239,67.14285714285714,9.523809523809524,57.61904761904761
E00030391,279,59,25,34,220,22,198,21.14695340501792,8.960573476702509,12.186379928315413,78.85304659498208,7.885304659498208,70.96774193548387
E00030392,313,72,27,45,241,29,212,23.003194888178914,8.626198083067091,14.376996805111823,76.99680511182109,9.26517571884984,67.73162939297124
E00030393,250,59,28,31,191,26,165,23.599999999999998,11.200000000000001,12.4,76.4,10.4,66
E00030394,337,48,18,30,289,15,274,14.243323442136498,5.341246290801187,8.902077151335313,85.7566765578635,4.451038575667656,81.30563798219585
E00030395,312,47,15,32,265,19,246,15.064102564102564,4.807692307692308,10.256410256410255,84.93589743589743,6.089743589743589,78.84615384615384
E00030396,264,45,23,22,219,16,203,17.045454545454543,8.712121212121213,8.333333333333332,82.95454545454545,6.0606060606060606,76.89393939393939
E00030397,368,65,27,38,303,24,279,17.66304347826087,7.336956521739131,10.326086956521738,82.33695652173914,6.521739130434782,75.81521739130434
E00030398,336,80,38,42,256,19,237,23.809523809523807,11.30952380952381,12.5,76.19047619047619,5.654761904761905,70.53571428571429
E00030399,152,67,37,30,85,6,79,44.07894736842105,24.342105263157894,19.736842105263158,55.92105263157895,3.9473684210526314,51.973684210526315
E00030400,319,90,41,49,229,17,212,28.213166144200624,12.852664576802509,15.360501567398119,71.78683385579937,5.329153605015674,66.4576802507837
E00030401,279,54,27,27,225,21,204,19.35483870967742,9.67741935483871,9.67741935483871,80.64516129032258,7.526881720430108,73.11827956989248
E00030402,306,62,30,32,244,22,222,20.26143790849673,9.803921568627452,10.457516339869281,79.73856209150327,7.18954248366013,72.54901960784314
E00030403,263,62,30,32,201,14,187,23.574144486692013,11.406844106463879,12.167300380228136,76.42585551330798,5.323193916349809,71.10266159695817
E00030404,336,61,24,37,275,25,250,18.154761904761905,7.142857142857142,11.011904761904761,81.84523809523809,7.440476190476191,74.40476190476191
E00030405,407,87,29,58,320,25,295,21.375921375921376,7.125307125307126,14.250614250614252,78.62407862407862,6.142506142506143,72.48157248157248
E00030406,297,58,22,36,239,17,222,19.52861952861953,7.4074074074074066,12.121212121212121,80.47138047138047,5.723905723905724,74.74747474747475
E00030407,281,36,14,22,245,25,220,12.811387900355871,4.98220640569395,7.829181494661921,87.18861209964413,8.896797153024911,78.29181494661923
E00030408,304,53,26,27,251,21,230,17.434210526315788,8.552631578947368,8.881578947368421,82.56578947368422,6.907894736842106,75.6578947368421
E00030409,323,65,34,31,258,15,243,20.123839009287924,10.526315789473683,9.597523219814242,79.87616099071208,4.643962848297214,75.23219814241486
E00030410,301,50,19,31,251,13,238,16.611295681063122,6.312292358803987,10.299003322259136,83.38870431893687,4.318936877076411,79.06976744186046
E00030411,288,42,10,32,246,26,220,14.583333333333334,3.4722222222222223,11.11111111111111,85.41666666666666,9.027777777777777,76.38888888888889
E00030412,378,87,48,39,291,23,268,23.015873015873016,12.698412698412698,10.317460317460316,76.98412698412699,6.084656084656085,70.8994708994709
E00030413,330,61,27,34,269,15,254,18.484848484848484,8.181818181818182,10.303030303030303,81.51515151515152,4.545454545454546,76.96969696969697
E00030414,262,41,19,22,221,16,205,15.648854961832063,7.251908396946565,8.396946564885496,84.35114503816794,6.106870229007633,78.2442748091603
E00030415,306,55,21,34,251,19,232,17.973856209150327,6.862745098039216,11.11111111111111,82.02614379084967,6.209150326797386,75.81699346405229
E00030416,282,49,18,31,233,24,209,17.375886524822697,6.382978723404255,10.99290780141844,82.62411347517731,8.51063829787234,74.11347517730496
E00030417,331,60,30,30,271,21,250,18.12688821752266,9.06344410876133,9.06344410876133,81.87311178247734,6.3444108761329305,75.52870090634441
E00030418,221,59,32,27,162,13,149,26.69683257918552,14.479638009049776,12.217194570135746,73.303167420814475,5.88235294117647,67.42081447963801
E00030419,306,64,33,31,242,15,227,20.915032679738562,10.784313725490197,10.130718954248366,79.08496732026144,4.901960784313726,74.18300653594771
E00030420,263,48,24,24,215,19,196,18.250950570342205,9.125475285171103,9.125475285171103,81.74904942965779,7.224334600760455,74.52471482889734
E00030421,260,82,69,13,178,12,166,31.538461538461537,26.53846153846154,5,68.46153846153847,4.615384615384616,63.84615384615384
E00030422,310,80,45,35,230,18,212,25.806451612903224,14.516129032258066,11.29032258064516,74.19354838709677,5.806451612903226,68.38709677419355
E00030423,320,70,30,40,250,20,230,21.875,9.375,12.5,78.125,6.25,71.875
E00030424,198,60,31,29,138,9,129,30.303030303030305,15.656565656565657,14.646464646464647,69.6969696969697,4.545454545454546,65.15151515151516
E00030425,329,53,21,32,276,14,262,16.109422492401215,6.382978723404255,9.72644376899696,83.89057750759878,4.25531914893617,79.63525835866263
E00030426,300,49,19,30,251,18,233,16.333333333333332,6.333333333333334,10,83.66666666666667,6,77.66666666666666
E00030427,269,48,19,29,221,14,207,17.843866171003718,7.063197026022305,10.780669144981413,82.15613382899627,5.204460966542751,76.95167286245353
E00030428,246,62,31,31,184,12,172,25.203252032520325,12.601626016260163,12.601626016260163,74.79674796747967,4.878048780487805,69.91869918699187
E00030429,285,41,17,24,244,22,222,14.385964912280702,5.964912280701754,8.421052631578947,85.6140350877193,7.719298245614035,77.89473684210526
E00030430,319,61,23,38,258,10,248,19.122257053291534,7.210031347962382,11.912225705329153,80.87774294670847,3.1347962382445136,77.74294670846395
E00030431,327,64,25,39,263,24,239,19.571865443425075,7.64525993883792,11.926605504587156,80.42813455657493,7.339449541284404,73.08868501529052
E00030432,299,55,23,32,244,24,220,18.394648829431436,7.6923076923076925,10.702341137123746,81.60535117056857,8.02675585284281,73.57859531772574
E00030433,411,97,39,58,314,20,294,23.600973236009732,9.48905109489051,14.111922141119221,76.39902676399026,4.866180048661801,71.53284671532847
E00030434,352,51,23,28,301,31,270,14.488636363636365,6.534090909090909,7.954545454545454,85.51136363636364,8.806818181818182,76.70454545454545
E00030435,230,73,41,32,157,17,140,31.73913043478261,17.82608695652174,13.91304347826087,68.26086956521739,7.391304347826087,60.86956521739131
E00030436,261,61,31,30,200,11,189,23.371647509578544,11.877394636015326,11.494252873563218,76.62835249042146,4.21455938697318,72.41379310344827
E00030437,368,101,56,45,267,24,243,27.445652173913043,15.217391304347828,12.228260869565217,72.55434782608695,6.521739130434782,66.03260869565217
E00030438,288,52,18,34,236,30,206,18.055555555555554,6.25,11.805555555555555,81.94444444444444,10.416666666666668,71.52777777777779
E00030439,214,78,35,43,136,16,120,36.44859813084112,16.355140186915886,20.093457943925234,63.55140186915887,7.476635514018691,56.074766355140184
E00030440,305,74,32,42,231,23,208,24.262295081967213,10.491803278688524,13.77049180327869,75.73770491803279,7.540983606557377,68.1967213114754
E00030441,294,71,33,38,223,13,210,24.149659863945576,11.224489795918368,12.925170068027212,75.85034013605441,4.421768707482993,71.42857142857143
E00030442,274,68,29,39,206,15,191,24.817518248175183,10.583941605839415,14.233576642335766,75.18248175182481,5.474452554744526,69.7080291970803
E00030443,260,48,21,27,212,22,190,18.461538461538463,8.076923076923077,10.384615384615385,81.53846153846153,8.461538461538462,73.07692307692307
E00030444,247,85,40,45,162,9,153,34.41295546558704,16.194331983805668,18.218623481781375,65.58704453441295,3.643724696356275,61.943319838056674
E00030445,255,49,20,29,206,18,188,19.215686274509807,7.8431372549019605,11.372549019607844,80.7843137254902,7.0588235294117645,73.72549019607844
E00030446,311,41,20,21,270,31,239,13.183279742765272,6.430868167202572,6.752411575562702,86.81672025723472,9.967845659163988,76.84887459807074
E00030447,216,66,34,32,150,8,142,30.555555555555557,15.74074074074074,14.814814814814813,69.44444444444444,3.7037037037037033,65.74074074074075
E00030448,450,92,42,50,358,28,330,20.444444444444446,9.333333333333334,11.11111111111111,79.55555555555556,6.222222222222222,73.33333333333333
E00030449,295,63,27,36,232,17,215,21.35593220338983,9.152542372881356,12.203389830508476,78.64406779661017,5.762711864406779,72.88135593220339
E00030450,242,50,24,26,192,18,174,20.66115702479339,9.917355371900827,10.743801652892563,79.33884297520662,7.43801652892562,71.900826446281
E00030451,512,61,23,38,451,35,416,11.9140625,4.4921875,7.421875,88.0859375,6.8359375,81.25
E00030452,275,72,39,33,203,26,177,26.181818181818183,14.181818181818182,12,73.81818181818181,9.454545454545455,64.36363636363637
E00030453,446,90,46,44,356,21,335,20.179372197309416,10.31390134529148,9.865470852017937,79.82062780269058,4.708520179372197,75.11210762331838
E00030454,595,118,85,33,477,37,440,19.831932773109244,14.285714285714285,5.546218487394958,80.16806722689076,6.218487394957983,73.94957983193278
E00030455,269,62,30,32,207,15,192,23.04832713754647,11.152416356877323,11.895910780669144,76.95167286245353,5.5762081784386615,71.37546468401487
E00030456,315,55,15,40,260,23,237,17.46031746031746,4.761904761904762,12.698412698412698,82.53968253968253,7.301587301587302,75.23809523809524
E00030457,301,85,40,45,216,14,202,28.23920265780731,13.2890365448505,14.950166112956811,71.76079734219269,4.651162790697675,67.109634551495
E00030458,410,118,65,53,292,24,268,28.780487804878046,15.853658536585366,12.926829268292684,71.21951219512195,5.853658536585367,65.3658536585366
E00030459,248,52,23,29,196,26,170,20.967741935483872,9.274193548387096,11.693548387096774,79.03225806451613,10.483870967741936,68.54838709677419
E00030460,323,101,58,43,222,13,209,31.269349845201237,17.956656346749224,13.312693498452013,68.73065015479877,4.024767801857585,64.70588235294117
E00030461,228,59,29,30,169,16,153,25.877192982456144,12.719298245614036,13.157894736842104,74.12280701754386,7.017543859649122,67.10526315789474
E00030462,285,37,17,20,248,21,227,12.982456140350877,5.964912280701754,7.017543859649122,87.01754385964912,7.368421052631578,79.64912280701755
E00030463,309,80,50,30,229,21,208,25.88996763754045,16.181229773462782,9.70873786407767,74.11003236245955,6.796116504854369,67.31391585760518
E00030464,337,68,31,37,269,30,239,20.178041543026705,9.198813056379821,10.979228486646884,79.82195845697329,8.902077151335313,70.91988130563797
E00030465,310,62,26,36,248,31,217,20,8.38709677419355,11.612903225806452,80,10,70
E00030466,278,36,12,24,242,28,214,12.949640287769784,4.316546762589928,8.633093525179856,87.05035971223022,10.071942446043165,76.97841726618705
E00030467,305,53,24,29,252,15,237,17.37704918032787,7.868852459016394,9.508196721311474,82.62295081967214,4.918032786885246,77.70491803278688
E00030468,346,40,17,23,306,20,286,11.560693641618498,4.913294797687861,6.6473988439306355,88.4393063583815,5.780346820809249,82.65895953757226
E00030469,385,44,17,27,341,32,309,11.428571428571429,4.415584415584416,7.012987012987012,88.57142857142857,8.311688311688311,80.25974025974027
E00030470,284,44,13,31,240,25,215,15.492957746478872,4.577464788732395,10.915492957746478,84.50704225352112,8.80281690140845,75.70422535211267
E00030471,290,65,32,33,225,22,203,22.413793103448278,11.03448275862069,11.379310344827587,77.58620689655173,7.586206896551724,70
E00030472,283,54,16,38,229,22,207,19.081272084805654,5.6537102473498235,13.427561837455832,80.91872791519434,7.773851590106007,73.14487632508833
E00030473,324,48,20,28,276,17,259,14.814814814814813,6.172839506172839,8.641975308641975,85.18518518518519,5.246913580246913,79.93827160493827
E00030474,220,58,22,36,162,17,145,26.36363636363636,10,16.363636363636363,73.63636363636363,7.727272727272727,65.9090909090909
E00030475,243,43,15,28,200,19,181,17.695473251028808,6.172839506172839,11.522633744855968,82.3045267489712,7.818930041152264,74.48559670781893
E00030476,261,87,33,54,174,10,164,33.33333333333333,12.643678160919542,20.689655172413794,66.66666666666666,3.8314176245210727,62.83524904214559
E00030477,394,69,24,45,325,37,288,17.512690355329948,6.091370558375635,11.421319796954315,82.48730964467005,9.390862944162437,73.09644670050761
E00030478,188,42,13,29,146,15,131,22.340425531914892,6.914893617021277,15.425531914893616,77.6595744680851,7.9787234042553195,69.68085106382979
E00030479,251,38,19,19,213,25,188,15.139442231075698,7.569721115537849,7.569721115537849,84.86055776892431,9.9601593625498,74.9003984063745
E00030480,389,69,21,48,320,30,290,17.737789203084834,5.3984575835475574,12.339331619537274,82.26221079691517,7.712082262210797,74.55012853470437
E00030481,309,44,14,30,265,34,231,14.239482200647249,4.53074433656958,9.70873786407767,85.76051779935275,11.003236245954692,74.75728155339806
E00030482,473,106,44,62,367,39,328,22.41014799154334,9.30232558139535,13.107822410147993,77.58985200845666,8.24524312896406,69.3446088794926
E00030483,264,97,55,42,167,16,151,36.74242424242424,20.833333333333336,15.909090909090908,63.25757575757576,6.0606060606060606,57.1969696969697
E00030484,326,91,45,46,235,18,217,27.914110429447852,13.803680981595093,14.11042944785276,72.08588957055214,5.521472392638037,66.56441717791411
E00030485,328,55,21,34,273,21,252,16.76829268292683,6.402439024390244,10.365853658536585,83.23170731707317,6.402439024390244,76.82926829268293
E00030486,331,49,19,30,282,24,258,14.803625377643503,5.740181268882175,9.06344410876133,85.1963746223565,7.250755287009064,77.94561933534743
E00030487,181,47,26,21,134,10,124,25.96685082872928,14.3646408839779,11.602209944751381,74.03314917127072,5.524861878453039,68.50828729281768
E00030488,241,48,22,26,193,18,175,19.91701244813278,9.12863070539419,10.78838174273859,80.08298755186722,7.468879668049793,72.61410788381743
E00030489,249,116,72,44,133,13,120,46.58634538152611,28.915662650602407,17.670682730923694,53.41365461847389,5.220883534136546,48.19277108433735
E00030490,222,58,29,29,164,13,151,26.126126126126124,13.063063063063062,13.063063063063062,73.87387387387388,5.8558558558558556,68.01801801801803
E00030491,217,82,39,43,135,14,121,37.78801843317972,17.972350230414747,19.81566820276498,62.21198156682027,6.451612903225806,55.76036866359447
E00030492,181,35,15,20,146,14,132,19.337016574585636,8.287292817679557,11.049723756906078,80.66298342541437,7.734806629834254,72.92817679558011
E00030493,261,31,9,22,230,15,215,11.877394636015326,3.4482758620689653,8.42911877394636,88.12260536398468,5.747126436781609,82.37547892720306
E00030494,230,98,53,45,132,20,112,42.608695652173914,23.043478260869566,19.565217391304348,57.391304347826086,8.695652173913043,48.69565217391305
E00030495,350,49,11,38,301,29,272,14.000000000000002,3.1428571428571432,10.857142857142858,86,8.285714285714285,77.71428571428571
E00030496,239,30,18,12,209,11,198,12.552301255230125,7.531380753138076,5.02092050209205,87.44769874476988,4.602510460251046,82.84518828451883
E00030497,283,44,22,22,239,20,219,15.547703180212014,7.773851590106007,7.773851590106007,84.45229681978799,7.06713780918728,77.3851590106007
E00030498,251,80,44,36,171,16,155,31.872509960159363,17.52988047808765,14.342629482071715,68.12749003984064,6.374501992031872,61.75298804780876
E00030499,335,56,17,39,279,24,255,16.716417910447763,5.074626865671641,11.641791044776118,83.28358208955224,7.164179104477612,76.11940298507463
E00030500,292,90,49,41,202,15,187,30.82191780821918,16.78082191780822,14.04109589041096,69.17808219178082,5.136986301369863,64.04109589041096
E00030501,284,61,28,33,223,15,208,21.47887323943662,9.859154929577464,11.619718309859154,78.52112676056338,5.28169014084507,73.23943661971832
E00030502,325,82,32,50,243,12,231,25.23076923076923,9.846153846153847,15.384615384615385,74.76923076923076,3.6923076923076925,71.07692307692308
E00030503,304,97,18,79,207,18,189,31.907894736842106,5.921052631578947,25.986842105263158,68.0921052631579,5.921052631578947,62.17105263157895
E00030504,195,67,37,30,128,10,118,34.35897435897436,18.974358974358974,15.384615384615385,65.64102564102564,5.128205128205128,60.51282051282051
E00030506,187,75,41,34,112,14,98,40.106951871657756,21.92513368983957,18.181818181818183,59.893048128342244,7.4866310160427805,52.406417112299465
E00030507,336,40,16,24,296,21,275,11.904761904761903,4.761904761904762,7.142857142857142,88.09523809523809,6.25,81.84523809523809
E00030508,296,73,46,27,223,13,210,24.66216216216216,15.54054054054054,9.121621621621621,75.33783783783784,4.391891891891892,70.94594594594594
E00030509,295,51,27,24,244,29,215,17.28813559322034,9.152542372881356,8.135593220338983,82.71186440677965,9.830508474576272,72.88135593220339
E00030510,324,47,18,29,277,27,250,14.506172839506174,5.555555555555555,8.950617283950617,85.49382716049382,8.333333333333332,77.1604938271605
E00030511,309,63,30,33,246,31,215,20.388349514563107,9.70873786407767,10.679611650485436,79.6116504854369,10.032362459546926,69.57928802588997
E00030512,263,64,34,30,199,13,186,24.334600760456272,12.927756653992395,11.406844106463879,75.66539923954373,4.942965779467681,70.72243346007605
E00030513,328,53,17,36,275,31,244,16.158536585365855,5.182926829268292,10.975609756097562,83.84146341463415,9.451219512195122,74.39024390243902
E00030514,533,111,58,53,422,34,388,20.825515947467167,10.881801125703564,9.943714821763603,79.17448405253283,6.378986866791744,72.79549718574108
E00030515,549,70,27,43,479,42,437,12.750455373406194,4.918032786885246,7.832422586520947,87.24954462659382,7.650273224043716,79.59927140255009
E00030516,385,96,39,57,289,15,274,24.935064935064936,10.129870129870131,14.805194805194805,75.06493506493507,3.896103896103896,71.16883116883118
E00030517,344,83,41,42,261,22,239,24.12790697674419,11.918604651162791,12.209302325581394,75.87209302325581,6.395348837209303,69.47674418604652
E00030518,422,88,45,43,334,14,320,20.85308056872038,10.66350710900474,10.189573459715639,79.14691943127961,3.3175355450236967,75.82938388625593
E00030519,355,91,48,43,264,24,240,25.633802816901408,13.521126760563378,12.112676056338028,74.36619718309859,6.760563380281689,67.6056338028169
E00030520,304,38,18,20,266,28,238,12.5,5.921052631578947,6.578947368421052,87.5,9.210526315789473,78.28947368421053
E00030521,559,115,46,69,444,50,394,20.572450805008945,8.228980322003578,12.343470483005367,79.42754919499106,8.94454382826476,70.48300536672629
E00030522,217,79,41,38,138,11,127,36.405529953917046,18.89400921658986,17.51152073732719,63.594470046082954,5.0691244239631335,58.525345622119815
E00030523,367,73,31,42,294,25,269,19.891008174386922,8.446866485013624,11.444141689373296,80.10899182561307,6.811989100817439,73.29700272479565
E00030525,176,59,37,22,117,14,103,33.52272727272727,21.022727272727273,12.5,66.47727272727273,7.954545454545454,58.52272727272727
E00030526,315,57,24,33,258,22,236,18.095238095238095,7.6190476190476195,10.476190476190476,81.9047619047619,6.984126984126984,74.92063492063492
E00030527,270,62,23,39,208,9,199,22.962962962962962,8.518518518518519,14.444444444444443,77.03703703703704,3.3333333333333335,73.70370370370371
E00030528,202,45,20,25,157,24,133,22.277227722772277,9.900990099009901,12.376237623762377,77.72277227722772,11.881188118811881,65.84158415841584
E00030529,242,47,15,32,195,24,171,19.421487603305785,6.198347107438017,13.223140495867769,80.57851239669421,9.917355371900827,70.66115702479338
E00030530,264,57,22,35,207,16,191,21.59090909090909,8.333333333333332,13.257575757575758,78.4090909090909,6.0606060606060606,72.34848484848484
E00030531,211,72,51,21,139,16,123,34.12322274881517,24.170616113744074,9.95260663507109,65.87677725118483,7.5829383886255926,58.29383886255924
E00030532,401,70,35,35,331,28,303,17.45635910224439,8.728179551122196,8.728179551122196,82.54364089775561,6.982543640897755,75.56109725685786
E00030533,457,116,56,60,341,26,315,25.38293216630197,12.25382932166302,13.129102844638949,74.61706783369803,5.689277899343545,68.9277899343545
E00030534,190,101,52,49,89,7,82,53.1578947368421,27.368421052631582,25.789473684210527,46.8421052631579,3.684210526315789,43.15789473684211
E00030535,376,57,28,29,319,19,300,15.159574468085108,7.446808510638298,7.712765957446808,84.8404255319149,5.053191489361701,79.7872340425532
E00030536,482,102,40,62,380,20,360,21.16182572614108,8.29875518672199,12.863070539419086,78.83817427385893,4.149377593360995,74.68879668049793
E00030537,255,53,24,29,202,10,192,20.784313725490197,9.411764705882353,11.372549019607844,79.2156862745098,3.9215686274509802,75.29411764705883
E00030538,412,115,63,52,297,28,269,27.9126213592233,15.291262135922329,12.62135922330097,72.0873786407767,6.796116504854369,65.29126213592234
E00030539,331,42,11,31,289,15,274,12.688821752265861,3.3232628398791544,9.365558912386707,87.31117824773413,4.531722054380665,82.77945619335347
E00030540,344,73,41,32,271,24,247,21.22093023255814,11.918604651162791,9.30232558139535,78.77906976744185,6.976744186046512,71.80232558139535
E00030541,313,72,39,33,241,17,224,23.003194888178914,12.460063897763577,10.543130990415335,76.99680511182109,5.431309904153355,71.56549520766772
E00030542,409,98,51,47,311,25,286,23.96088019559902,12.469437652811736,11.491442542787286,76.03911980440098,6.112469437652812,69.92665036674816
E00030543,538,101,53,48,437,28,409,18.773234200743495,9.851301115241636,8.921933085501859,81.22676579925651,5.204460966542751,76.02230483271374
E00030544,296,78,31,47,218,20,198,26.351351351351347,10.472972972972974,15.878378378378377,73.64864864864865,6.756756756756757,66.8918918918919
E00030545,173,37,17,20,136,14,122,21.38728323699422,9.826589595375722,11.560693641618498,78.61271676300578,8.092485549132949,70.52023121387283
E00030546,255,68,27,41,187,22,165,26.666666666666668,10.588235294117647,16.07843137254902,73.33333333333333,8.627450980392156,64.70588235294117
E00030547,306,25,11,14,281,26,255,8.169934640522875,3.594771241830065,4.57516339869281,91.83006535947712,8.49673202614379,83.33333333333334
E00030548,288,53,24,29,235,18,217,18.40277777777778,8.333333333333332,10.069444444444445,81.59722222222221,6.25,75.34722222222221
E00030549,277,56,14,42,221,18,203,20.216606498194945,5.054151624548736,15.162454873646208,79.78339350180505,6.4981949458483745,73.28519855595668
E00030550,255,48,17,31,207,23,184,18.823529411764707,6.666666666666667,12.156862745098039,81.17647058823529,9.019607843137255,72.15686274509804
E00030551,285,40,18,22,245,25,220,14.035087719298245,6.315789473684211,7.719298245614035,85.96491228070175,8.771929824561402,77.19298245614034
E00030552,290,55,18,37,235,17,218,18.96551724137931,6.206896551724138,12.758620689655173,81.03448275862068,5.862068965517241,75.17241379310344
E00030553,267,57,19,38,210,21,189,21.34831460674157,7.116104868913857,14.232209737827715,78.65168539325843,7.865168539325842,70.78651685393258
E00030554,276,77,30,47,199,21,178,27.898550724637683,10.869565217391305,17.02898550724638,72.10144927536231,7.608695652173914,64.4927536231884
E00030555,325,71,38,33,254,20,234,21.846153846153847,11.692307692307692,10.153846153846153,78.15384615384615,6.153846153846154,72
E00030556,297,91,54,37,206,4,202,30.63973063973064,18.181818181818183,12.457912457912458,69.36026936026936,1.3468013468013467,68.01346801346801
E00030558,532,121,64,57,411,30,381,22.74436090225564,12.030075187969924,10.714285714285714,77.25563909774436,5.639097744360902,71.61654135338345
E00030559,268,57,30,27,211,17,194,21.26865671641791,11.194029850746269,10.074626865671641,78.73134328358209,6.343283582089552,72.38805970149254
E00030560,351,50,19,31,301,19,282,14.245014245014245,5.413105413105413,8.831908831908832,85.75498575498575,5.413105413105413,80.34188034188034
E00030561,237,51,19,32,186,16,170,21.518987341772153,8.016877637130802,13.502109704641349,78.48101265822784,6.751054852320674,71.72995780590718
E00030562,192,40,17,23,152,17,135,20.833333333333336,8.854166666666668,11.979166666666668,79.16666666666666,8.854166666666668,70.3125
E00030563,279,79,41,38,200,21,179,28.31541218637993,14.695340501792115,13.620071684587815,71.68458781362007,7.526881720430108,64.15770609318996
E00030564,506,65,25,40,441,26,415,12.845849802371543,4.940711462450593,7.905138339920949,87.15415019762845,5.138339920948617,82.01581027667984
E00030565,269,33,13,20,236,24,212,12.267657992565056,4.83271375464684,7.434944237918216,87.73234200743495,8.921933085501859,78.81040892193309
E00030566,383,63,24,39,320,23,297,16.449086161879894,6.266318537859007,10.182767624020887,83.5509138381201,6.005221932114883,77.54569190600522
E00030567,612,112,54,58,500,41,459,18.30065359477124,8.823529411764707,9.477124183006536,81.69934640522875,6.699346405228758,75
E00030568,274,52,23,29,222,20,202,18.97810218978102,8.394160583941606,10.583941605839415,81.02189781021897,7.2992700729927,73.72262773722628
E00030569,231,74,37,37,157,18,139,32.03463203463203,16.017316017316016,16.017316017316016,67.96536796536796,7.792207792207792,60.17316017316018
E00030571,268,66,38,28,202,8,194,24.62686567164179,14.17910447761194,10.44776119402985,75.3731343283582,2.9850746268656714,72.38805970149254
E00030572,350,82,36,46,268,18,250,23.42857142857143,10.285714285714285,13.142857142857142,76.57142857142857,5.142857142857142,71.42857142857143
E00030574,263,56,20,36,207,17,190,21.292775665399237,7.604562737642586,13.688212927756654,78.70722433460075,6.4638783269961975,72.24334600760456
E00030575,378,43,20,23,335,34,301,11.375661375661375,5.291005291005291,6.084656084656085,88.62433862433863,8.994708994708994,79.62962962962963
E00030576,353,50,14,36,303,26,277,14.164305949008499,3.9660056657223794,10.198300283286118,85.8356940509915,7.365439093484419,78.47025495750708
E00030577,419,109,53,56,310,23,287,26.014319809069214,12.649164677804295,13.365155131264917,73.9856801909308,5.4892601431980905,68.4964200477327
E00030578,313,46,17,29,267,27,240,14.696485623003195,5.431309904153355,9.26517571884984,85.3035143769968,8.626198083067091,76.6773162939297
E00030579,348,85,34,51,263,24,239,24.42528735632184,9.770114942528735,14.655172413793101,75.57471264367817,6.896551724137931,68.67816091954023
E00030580,253,74,34,40,179,19,160,29.249011857707508,13.438735177865613,15.810276679841898,70.7509881422925,7.5098814229249005,63.24110671936759
E00030581,375,69,30,39,306,30,276,18.4,8,10.4,81.6,8,73.6
E00030582,433,67,34,33,366,39,327,15.473441108545035,7.852193995381063,7.621247113163972,84.52655889145497,9.006928406466514,75.51963048498845
E00030583,371,86,39,47,285,16,269,23.180592991913745,10.512129380053908,12.668463611859837,76.81940700808624,4.31266846361186,72.50673854447439
E00030585,326,65,24,41,261,19,242,19.938650306748464,7.361963190184049,12.576687116564417,80.06134969325154,5.828220858895705,74.23312883435584
E00030586,381,86,51,35,295,13,282,22.57217847769029,13.385826771653544,9.186351706036746,77.42782152230971,3.4120734908136483,74.01574803149606
E00030587,333,88,37,51,245,29,216,26.426426426426424,11.11111111111111,15.315315315315313,73.57357357357357,8.708708708708707,64.86486486486487
E00030588,338,94,55,39,244,26,218,27.810650887573964,16.272189349112427,11.538461538461538,72.18934911242604,7.6923076923076925,64.49704142011834
E00030589,305,68,22,46,237,20,217,22.295081967213115,7.213114754098362,15.081967213114755,77.70491803278688,6.557377049180328,71.14754098360656
E00030590,330,77,33,44,253,24,229,23.333333333333332,10,13.333333333333334,76.66666666666667,7.2727272727272725,69.39393939393939
E00030591,411,59,25,34,352,20,332,14.355231143552311,6.082725060827251,8.27250608272506,85.64476885644768,4.866180048661801,80.7785888077859
E00030592,276,84,32,52,192,15,177,30.434782608695656,11.594202898550725,18.84057971014493,69.56521739130434,5.434782608695652,64.13043478260869
E00030593,391,53,23,30,338,28,310,13.554987212276215,5.88235294117647,7.672634271099745,86.44501278772378,7.161125319693094,79.28388746803068
E00030594,262,52,21,31,210,20,190,19.84732824427481,8.015267175572518,11.83206106870229,80.1526717557252,7.633587786259542,72.51908396946564
E00030595,282,43,16,27,239,17,222,15.24822695035461,5.673758865248227,9.574468085106384,84.75177304964538,6.028368794326241,78.72340425531915
E00030596,355,64,33,31,291,25,266,18.028169014084508,9.295774647887324,8.732394366197182,81.97183098591549,7.042253521126761,74.92957746478874
E00030597,368,80,26,54,288,36,252,21.73913043478261,7.065217391304348,14.673913043478262,78.26086956521739,9.782608695652174,68.47826086956522
E00030598,302,58,22,36,244,22,222,19.205298013245034,7.28476821192053,11.920529801324504,80.79470198675497,7.28476821192053,73.50993377483444
E00030599,273,60,22,38,213,21,192,21.978021978021978,8.058608058608058,13.91941391941392,78.02197802197803,7.6923076923076925,70.32967032967034
E00030600,220,54,15,39,166,18,148,24.545454545454547,6.8181818181818175,17.727272727272727,75.45454545454545,8.181818181818182,67.27272727272727
E00030601,248,34,10,24,214,14,200,13.709677419354838,4.032258064516129,9.67741935483871,86.29032258064517,5.64516129032258,80.64516129032258
E00030602,310,58,21,37,252,14,238,18.70967741935484,6.774193548387098,11.935483870967742,81.29032258064515,4.516129032258064,76.77419354838709
E00030603,286,38,15,23,248,25,223,13.286713286713287,5.244755244755245,8.041958041958042,86.7132867132867,8.741258741258742,77.97202797202797
E00030604,319,47,16,31,272,23,249,14.733542319749215,5.015673981191222,9.717868338557993,85.26645768025078,7.210031347962382,78.0564263322884
E00030605,295,33,6,27,262,23,239,11.186440677966102,2.0338983050847457,9.152542372881356,88.8135593220339,7.796610169491526,81.01694915254237
E00030606,276,46,16,30,230,28,202,16.666666666666664,5.797101449275362,10.869565217391305,83.33333333333334,10.144927536231885,73.18840579710145
E00030607,308,75,37,38,233,12,221,24.350649350649352,12.012987012987013,12.337662337662337,75.64935064935064,3.896103896103896,71.75324675324676
E00030608,265,41,16,25,224,19,205,15.471698113207546,6.037735849056604,9.433962264150944,84.52830188679246,7.169811320754717,77.35849056603774
E00030609,273,81,43,38,192,16,176,29.67032967032967,15.75091575091575,13.91941391941392,70.32967032967034,5.86080586080586,64.46886446886447
E00030610,342,53,17,36,289,34,255,15.497076023391813,4.970760233918129,10.526315789473683,84.50292397660819,9.941520467836257,74.56140350877193
E00030611,287,31,9,22,256,28,228,10.801393728222997,3.1358885017421603,7.665505226480835,89.19860627177701,9.75609756097561,79.44250871080139
E00030612,290,71,37,34,219,20,199,24.482758620689655,12.758620689655173,11.724137931034482,75.51724137931033,6.896551724137931,68.62068965517241
E00030613,286,46,17,29,240,30,210,16.083916083916083,5.944055944055944,10.13986013986014,83.91608391608392,10.48951048951049,73.42657342657343
E00030614,261,56,22,34,205,22,183,21.455938697318008,8.42911877394636,13.026819923371647,78.544061302682,8.42911877394636,70.11494252873564
E00030615,454,78,42,36,376,29,347,17.180616740088105,9.251101321585903,7.929515418502203,82.81938325991189,6.387665198237885,76.431718061674
E00030616,243,42,17,25,201,21,180,17.28395061728395,6.995884773662551,10.2880658436214,82.71604938271605,8.641975308641975,74.07407407407408
E00030617,257,43,17,26,214,16,198,16.731517509727624,6.614785992217899,10.116731517509727,83.26848249027238,6.22568093385214,77.04280155642024
E00030618,387,85,40,45,302,28,274,21.963824289405682,10.335917312661499,11.627906976744185,78.0361757105943,7.235142118863049,70.80103359173127
E00030619,252,32,16,16,220,21,199,12.698412698412698,6.349206349206349,6.349206349206349,87.3015873015873,8.333333333333332,78.96825396825396
E00030620,227,29,8,21,198,12,186,12.77533039647577,3.524229074889868,9.251101321585903,87.22466960352423,5.286343612334802,81.93832599118943
E00030621,286,39,21,18,247,26,221,13.636363636363635,7.3426573426573425,6.293706293706294,86.36363636363636,9.090909090909092,77.27272727272727
E00030622,256,38,12,26,218,18,200,14.84375,4.6875,10.15625,85.15625,7.03125,78.125
E00030623,153,21,10,11,132,7,125,13.725490196078432,6.535947712418301,7.18954248366013,86.27450980392157,4.57516339869281,81.69934640522875
E00030624,598,151,83,68,447,35,412,25.25083612040134,13.879598662207357,11.37123745819398,74.74916387959865,5.852842809364549,68.89632107023411
E00030625,307,63,40,23,244,18,226,20.521172638436482,13.029315960912053,7.491856677524431,79.47882736156352,5.863192182410423,73.61563517915309
E00030626,393,65,29,36,328,14,314,16.539440203562343,7.37913486005089,9.16030534351145,83.46055979643766,3.5623409669211195,79.89821882951654
E00030627,462,59,39,20,403,15,388,12.770562770562771,8.441558441558442,4.329004329004329,87.22943722943724,3.2467532467532463,83.98268398268398
E00030628,522,128,62,66,394,12,382,24.521072796934863,11.877394636015326,12.643678160919542,75.47892720306514,2.2988505747126435,73.18007662835248
E00030629,408,69,33,36,339,14,325,16.911764705882355,8.088235294117647,8.823529411764707,83.08823529411765,3.431372549019608,79.65686274509804
E00030630,280,68,37,31,212,14,198,24.285714285714285,13.214285714285715,11.071428571428571,75.71428571428571,5,70.71428571428572
E00030632,302,64,31,33,238,23,215,21.192052980132452,10.264900662251655,10.927152317880795,78.80794701986756,7.6158940397351,71.19205298013244
E00030633,334,97,47,50,237,22,215,29.041916167664674,14.071856287425149,14.97005988023952,70.95808383233533,6.58682634730539,64.37125748502994
E00030634,286,86,43,43,200,13,187,30.069930069930066,15.034965034965033,15.034965034965033,69.93006993006993,4.545454545454546,65.38461538461539
E00030635,317,60,23,37,257,32,225,18.92744479495268,7.255520504731862,11.67192429022082,81.07255520504731,10.094637223974763,70.97791798107255
E00030636,165,43,19,24,122,6,116,26.060606060606062,11.515151515151516,14.545454545454545,73.93939393939394,3.6363636363636362,70.3030303030303
E00030637,323,63,32,31,260,24,236,19.5046439628483,9.907120743034056,9.597523219814242,80.4953560371517,7.430340557275541,73.06501547987617
E00030638,274,68,33,35,206,14,192,24.817518248175183,12.043795620437956,12.773722627737227,75.18248175182481,5.109489051094891,70.07299270072993
E00030639,318,53,20,33,265,28,237,16.666666666666664,6.289308176100629,10.377358490566039,83.33333333333334,8.80503144654088,74.52830188679245
E00030640,318,77,31,46,241,14,227,24.21383647798742,9.748427672955975,14.465408805031446,75.78616352201259,4.40251572327044,71.38364779874213
E00030641,312,73,32,41,239,17,222,23.397435897435898,10.256410256410255,13.141025641025642,76.6025641025641,5.448717948717949,71.15384615384616
E00030642,452,99,46,53,353,27,326,21.902654867256636,10.176991150442479,11.725663716814159,78.09734513274337,5.9734513274336285,72.12389380530973
E00030643,345,51,13,38,294,31,263,14.782608695652174,3.768115942028986,11.014492753623188,85.21739130434783,8.985507246376812,76.23188405797102
E00030644,362,67,27,40,295,35,260,18.50828729281768,7.458563535911603,11.049723756906078,81.49171270718232,9.668508287292818,71.8232044198895
E00030645,293,47,21,26,246,32,214,16.040955631399317,7.167235494880546,8.873720136518772,83.95904436860067,10.921501706484642,73.03754266211604
E00030646,469,78,22,56,391,45,346,16.631130063965884,4.690831556503198,11.940298507462686,83.36886993603412,9.594882729211088,73.77398720682304
E00030647,282,46,17,29,236,25,211,16.312056737588655,6.028368794326241,10.28368794326241,83.68794326241135,8.865248226950355,74.822695035461
E00030648,233,40,10,30,193,22,171,17.167381974248926,4.291845493562231,12.875536480686694,82.83261802575107,9.44206008583691,73.39055793991416
E00030649,270,48,20,28,222,21,201,17.77777777777778,7.4074074074074066,10.37037037037037,82.22222222222221,7.777777777777778,74.44444444444444
E00030650,262,54,14,40,208,18,190,20.610687022900763,5.343511450381679,15.267175572519085,79.38931297709924,6.870229007633588,72.51908396946564
E00030651,280,48,13,35,232,16,216,17.142857142857142,4.642857142857143,12.5,82.85714285714286,5.714285714285714,77.14285714285715
E00030652,259,70,35,35,189,22,167,27.027027027027028,13.513513513513514,13.513513513513514,72.97297297297297,8.494208494208493,64.47876447876449
E00030653,270,55,20,35,215,21,194,20.37037037037037,7.4074074074074066,12.962962962962962,79.62962962962963,7.777777777777778,71.85185185185186
E00030654,264,63,31,32,201,34,167,23.863636363636363,11.742424242424242,12.121212121212121,76.13636363636364,12.878787878787879,63.25757575757576
E00030655,264,59,21,38,205,28,177,22.348484848484848,7.954545454545454,14.393939393939394,77.65151515151516,10.606060606060606,67.04545454545455
E00030656,279,67,34,33,212,16,196,24.014336917562723,12.186379928315413,11.827956989247312,75.98566308243727,5.734767025089606,70.25089605734766
E00030657,288,43,14,29,245,28,217,14.930555555555555,4.861111111111112,10.069444444444445,85.06944444444444,9.722222222222223,75.34722222222221
E00030658,262,62,30,32,200,17,183,23.66412213740458,11.450381679389313,12.213740458015266,76.33587786259542,6.488549618320611,69.8473282442748
E00030659,233,43,22,21,190,27,163,18.4549356223176,9.44206008583691,9.012875536480687,81.54506437768241,11.587982832618025,69.95708154506438
E00030660,241,61,34,27,180,10,170,25.311203319502074,14.107883817427386,11.20331950207469,74.68879668049793,4.149377593360995,70.53941908713693
E00030661,219,48,14,34,171,21,150,21.91780821917808,6.392694063926941,15.52511415525114,78.08219178082192,9.58904109589041,68.4931506849315
E00030663,285,80,43,37,205,16,189,28.07017543859649,15.087719298245613,12.982456140350877,71.9298245614035,5.614035087719298,66.3157894736842
E00030664,293,52,21,31,241,30,211,17.747440273037544,7.167235494880546,10.580204778156997,82.25255972696246,10.238907849829351,72.01365187713311
E00030665,271,43,18,25,228,19,209,15.867158671586715,6.642066420664207,9.22509225092251,84.13284132841329,7.011070110701106,77.12177121771218
E00030666,277,73,37,36,204,21,183,26.353790613718413,13.357400722021662,12.996389891696749,73.6462093862816,7.581227436823104,66.06498194945848
E00030667,220,44,23,21,176,12,164,20,10.454545454545453,9.545454545454547,80,5.454545454545454,74.54545454545455
E00030668,448,65,28,37,383,38,345,14.508928571428573,6.25,8.258928571428571,85.49107142857143,8.482142857142858,77.00892857142857
E00030669,271,62,26,36,209,31,178,22.878228782287824,9.59409594095941,13.284132841328415,77.12177121771218,11.439114391143912,65.68265682656826
E00030670,407,58,16,42,349,38,311,14.250614250614252,3.9312039312039313,10.319410319410318,85.74938574938575,9.336609336609335,76.41277641277642
E00030671,325,77,37,40,248,15,233,23.692307692307693,11.384615384615385,12.307692307692308,76.3076923076923,4.615384615384616,71.6923076923077
E00030672,213,59,28,31,154,9,145,27.699530516431924,13.145539906103288,14.553990610328638,72.30046948356808,4.225352112676056,68.07511737089203
E00030673,265,44,14,30,221,20,201,16.60377358490566,5.283018867924529,11.320754716981133,83.39622641509435,7.547169811320755,75.84905660377359
E00030674,368,75,27,48,293,29,264,20.380434782608695,7.336956521739131,13.043478260869565,79.61956521739131,7.880434782608696,71.73913043478261
E00030675,278,49,30,19,229,20,209,17.62589928057554,10.79136690647482,6.83453237410072,82.37410071942446,7.1942446043165464,75.17985611510791
E00030676,326,76,33,43,250,14,236,23.31288343558282,10.122699386503067,13.190184049079754,76.68711656441718,4.294478527607362,72.39263803680981
E00030677,298,89,54,35,209,17,192,29.86577181208054,18.120805369127517,11.74496644295302,70.13422818791946,5.704697986577181,64.42953020134227
E00030678,269,68,29,39,201,13,188,25.27881040892193,10.780669144981413,14.49814126394052,74.72118959107806,4.83271375464684,69.88847583643123
E00030679,261,40,14,26,221,19,202,15.32567049808429,5.363984674329502,9.961685823754788,84.67432950191571,7.2796934865900385,77.39463601532567
E00030680,369,89,39,50,280,15,265,24.119241192411923,10.569105691056912,13.550135501355012,75.88075880758808,4.0650406504065035,71.81571815718158
E00030681,286,70,39,31,216,16,200,24.475524475524477,13.636363636363635,10.839160839160838,75.52447552447552,5.594405594405594,69.93006993006993
E00030682,256,58,25,33,198,32,166,22.65625,9.765625,12.890625,77.34375,12.5,64.84375
E00030684,319,56,25,31,263,25,238,17.55485893416928,7.836990595611286,9.717868338557993,82.44514106583071,7.836990595611286,74.60815047021944
E00030685,296,65,32,33,231,16,215,21.95945945945946,10.81081081081081,11.14864864864865,78.04054054054053,5.405405405405405,72.63513513513513
E00030686,295,57,18,39,238,26,212,19.322033898305087,6.101694915254238,13.220338983050848,80.67796610169492,8.813559322033898,71.86440677966101
E00030687,240,46,17,29,194,25,169,19.166666666666668,7.083333333333333,12.083333333333334,80.83333333333333,10.416666666666668,70.41666666666667
E00030688,293,37,9,28,256,29,227,12.627986348122866,3.0716723549488054,9.556313993174061,87.37201365187714,9.897610921501707,77.47440273037543
E00030689,278,47,20,27,231,25,206,16.906474820143885,7.1942446043165464,9.712230215827338,83.09352517985612,8.992805755395683,74.10071942446042
E00030690,274,57,23,34,217,25,192,20.802919708029197,8.394160583941606,12.408759124087592,79.1970802919708,9.124087591240876,70.07299270072993
E00030691,218,42,14,28,176,15,161,19.26605504587156,6.422018348623854,12.844036697247708,80.73394495412845,6.8807339449541285,73.85321100917432
E00030692,290,42,16,26,248,23,225,14.482758620689657,5.517241379310345,8.96551724137931,85.51724137931035,7.931034482758621,77.58620689655173
E00030693,263,48,22,26,215,27,188,18.250950570342205,8.365019011406844,9.885931558935361,81.74904942965779,10.26615969581749,71.48288973384031
E00030694,298,37,11,26,261,34,227,12.416107382550337,3.691275167785235,8.724832214765101,87.58389261744966,11.409395973154362,76.1744966442953
E00030695,150,12,11,1,138,5,133,8,7.333333333333333,0.6666666666666667,92,3.3333333333333335,88.66666666666667
E00030696,249,37,17,20,212,24,188,14.859437751004014,6.827309236947792,8.032128514056225,85.14056224899599,9.63855421686747,75.50200803212851
E00030697,253,48,12,36,205,21,184,18.972332015810274,4.743083003952568,14.229249011857709,81.02766798418972,8.300395256916996,72.72727272727273
E00030699,399,58,24,34,341,23,318,14.536340852130325,6.015037593984962,8.521303258145362,85.46365914786968,5.764411027568922,79.69924812030075
E00030700,292,45,20,25,247,24,223,15.41095890410959,6.8493150684931505,8.561643835616438,84.58904109589042,8.21917808219178,76.36986301369863
E00030701,357,85,44,41,272,22,250,23.809523809523807,12.324929971988796,11.484593837535014,76.19047619047619,6.162464985994398,70.02801120448179
E00030703,303,37,13,24,266,31,235,12.211221122112212,4.29042904290429,7.920792079207921,87.78877887788778,10.231023102310232,77.55775577557755
E00030704,255,52,33,19,203,16,187,20.392156862745097,12.941176470588237,7.450980392156863,79.6078431372549,6.2745098039215685,73.33333333333333
E00030705,550,151,64,87,399,26,373,27.454545454545453,11.636363636363637,15.818181818181817,72.54545454545455,4.7272727272727275,67.81818181818183
E00030706,377,80,37,43,297,26,271,21.220159151193634,9.814323607427056,11.405835543766578,78.77984084880637,6.896551724137931,71.88328912466844
E00030707,247,79,44,35,168,12,156,31.983805668016196,17.813765182186234,14.17004048582996,68.0161943319838,4.8582995951417,63.1578947368421
E00030708,324,65,30,35,259,21,238,20.061728395061728,9.25925925925926,10.802469135802468,79.93827160493827,6.481481481481481,73.4567901234568
E00030709,354,53,18,35,301,21,280,14.971751412429379,5.084745762711865,9.887005649717514,85.02824858757062,5.932203389830509,79.09604519774011
E00030710,366,68,25,43,298,31,267,18.579234972677597,6.830601092896176,11.748633879781421,81.4207650273224,8.469945355191257,72.95081967213115
E00030711,189,25,8,17,164,16,148,13.227513227513226,4.232804232804233,8.994708994708994,86.77248677248677,8.465608465608465,78.3068783068783
E00030712,273,70,46,24,203,19,184,25.64102564102564,16.84981684981685,8.791208791208792,74.35897435897436,6.95970695970696,67.3992673992674
E00030713,231,43,13,30,188,21,167,18.614718614718615,5.627705627705628,12.987012987012985,81.38528138528139,9.090909090909092,72.2943722943723
E00030714,282,58,35,23,224,19,205,20.56737588652482,12.411347517730496,8.156028368794328,79.43262411347519,6.73758865248227,72.69503546099291
E00030715,276,61,32,29,215,10,205,22.10144927536232,11.594202898550725,10.507246376811594,77.89855072463769,3.6231884057971016,74.27536231884058
E00030717,222,35,16,19,187,23,164,15.765765765765765,7.207207207207207,8.558558558558559,84.23423423423422,10.36036036036036,73.87387387387388
E00030718,329,48,14,34,281,18,263,14.58966565349544,4.25531914893617,10.33434650455927,85.41033434650456,5.47112462006079,79.93920972644378
E00030719,323,49,13,36,274,20,254,15.170278637770899,4.024767801857585,11.145510835913312,84.82972136222911,6.191950464396285,78.63777089783281
E00030720,277,62,28,34,215,20,195,22.382671480144403,10.108303249097473,12.274368231046932,77.6173285198556,7.2202166064981945,70.3971119133574
E00030721,298,91,45,46,207,25,182,30.536912751677853,15.100671140939598,15.436241610738255,69.46308724832215,8.389261744966444,61.07382550335571
E00030722,369,79,40,39,290,11,279,21.40921409214092,10.840108401084011,10.569105691056912,78.59078590785907,2.9810298102981028,75.60975609756098
E00030723,501,93,43,50,408,22,386,18.562874251497004,8.582834331337326,9.980039920159681,81.437125748502993,4.39121756487026,77.04590818363273
E00030724,301,67,29,38,234,15,219,22.259136212624583,9.634551495016613,12.624584717607974,77.74086378737542,4.983388704318937,72.75747508305648
E00030725,285,51,26,25,234,15,219,17.894736842105264,9.12280701754386,8.771929824561402,82.10526315789474,5.263157894736842,76.84210526315789
E00030726,256,89,41,48,167,19,148,34.765625,16.015625,18.75,65.234375,7.421875,57.8125
E00030727,284,55,18,37,229,30,199,19.366197183098592,6.338028169014084,13.028169014084506,80.63380281690141,10.56338028169014,70.07042253521126
E00030728,307,76,22,54,231,21,210,24.7557003257329,7.166123778501629,17.58957654723127,75.2442996742671,6.840390879478828,68.40390879478826
E00030729,383,69,29,40,314,23,291,18.01566579634465,7.5718015665796345,10.443864229765012,81.98433420365535,6.005221932114883,75.97911227154047
E00030730,284,55,18,37,229,26,203,19.366197183098592,6.338028169014084,13.028169014084506,80.63380281690141,9.15492957746479,71.47887323943662
E00030731,317,85,29,56,232,30,202,26.813880126182966,9.14826498422713,17.665615141955836,73.18611987381703,9.46372239747634,63.722397476340696
E00030732,305,58,22,36,247,35,212,19.01639344262295,7.213114754098362,11.80327868852459,80.98360655737706,11.475409836065573,69.50819672131148
E00030733,245,58,28,30,187,7,180,23.6734693877551,11.428571428571429,12.244897959183673,76.32653061224491,2.857142857142857,73.46938775510205
E00030734,441,152,100,52,289,39,250,34.467120181405896,22.67573696145125,11.791383219954648,65.5328798185941,8.843537414965986,56.68934240362812
E00030735,225,28,9,19,197,24,173,12.444444444444445,4,8.444444444444445,87.55555555555556,10.666666666666668,76.88888888888889
E00030736,277,39,15,24,238,23,215,14.079422382671481,5.415162454873646,8.664259927797833,85.92057761732852,8.303249097472925,77.6173285198556
E00030737,335,43,19,24,292,25,267,12.835820895522387,5.6716417910447765,7.164179104477612,87.16417910447761,7.462686567164178,79.70149253731343
E00030738,342,40,17,23,302,29,273,11.695906432748536,4.970760233918129,6.725146198830409,88.30409356725146,8.47953216374269,79.82456140350878
E00030739,385,76,31,45,309,23,286,19.74025974025974,8.051948051948052,11.688311688311687,80.25974025974027,5.974025974025974,74.28571428571429
E00030740,341,76,32,44,265,15,250,22.28739002932551,9.3841642228739,12.903225806451612,77.71260997067448,4.398826979472141,73.31378299120234
E00030741,185,80,39,41,105,10,95,43.24324324324324,21.08108108108108,22.162162162162165,56.75675675675676,5.405405405405405,51.35135135135135
E00030742,219,43,17,26,176,22,154,19.63470319634703,7.76255707762557,11.87214611872146,80.36529680365297,10.045662100456621,70.31963470319634
E00030743,397,63,24,39,334,32,302,15.869017632241814,6.045340050377834,9.82367758186398,84.1309823677582,8.060453400503778,76.0705289672544
E00030744,407,57,21,36,350,28,322,14.004914004914005,5.159705159705159,8.845208845208845,85.995085995086,6.87960687960688,79.11547911547912
E00030745,212,55,29,26,157,14,143,25.943396226415093,13.679245283018867,12.264150943396226,74.05660377358491,6.60377358490566,67.45283018867924
E00030746,275,87,38,49,188,17,171,31.636363636363633,13.818181818181818,17.81818181818182,68.36363636363636,6.181818181818182,62.18181818181818
E00030747,210,53,27,26,157,11,146,25.238095238095237,12.857142857142856,12.380952380952381,74.76190476190476,5.238095238095238,69.52380952380952
E00030748,289,59,27,32,230,18,212,20.415224913494807,9.342560553633218,11.072664359861593,79.58477508650519,6.228373702422145,73.35640138408304
E00030749,283,48,29,19,235,21,214,16.96113074204947,10.247349823321555,6.713780918727916,83.03886925795054,7.420494699646643,75.61837455830388
E00030750,310,44,13,31,266,29,237,14.193548387096774,4.193548387096775,10,85.80645161290322,9.35483870967742,76.45161290322581
E00030751,257,37,14,23,220,17,203,14.396887159533073,5.447470817120623,8.949416342412452,85.60311284046692,6.614785992217899,78.98832684824903
E00030752,332,48,17,31,284,18,266,14.457831325301203,5.120481927710843,9.33734939759036,85.54216867469879,5.421686746987952,80.12048192771084
E00030753,347,41,11,30,306,16,290,11.815561959654179,3.170028818443804,8.645533141210375,88.18443804034582,4.610951008645533,83.5734870317003
E00030754,340,57,23,34,283,29,254,16.76470588235294,6.764705882352941,10,83.23529411764706,8.529411764705882,74.70588235294117
E00030755,312,42,12,30,270,14,256,13.461538461538462,3.8461538461538463,9.615384615384617,86.53846153846155,4.487179487179487,82.05128205128204
E00030756,348,30,9,21,318,34,284,8.620689655172415,2.586206896551724,6.0344827586206895,91.37931034482759,9.770114942528735,81.60919540229885
E00030757,323,58,20,38,265,26,239,17.956656346749224,6.191950464396285,11.76470588235294,82.04334365325077,8.04953560371517,73.9938080495356
E00030758,303,50,21,29,253,18,235,16.5016501650165,6.9306930693069315,9.570957095709572,83.4983498349835,5.9405940594059405,77.55775577557755
E00030759,259,39,15,24,220,20,200,15.057915057915059,5.7915057915057915,9.266409266409266,84.94208494208493,7.722007722007722,77.22007722007721
E00030760,291,37,9,28,254,17,237,12.714776632302405,3.0927835051546393,9.621993127147768,87.2852233676976,5.841924398625429,81.44329896907216
E00030762,383,87,50,37,296,23,273,22.715404699738905,13.054830287206268,9.660574412532636,77.28459530026109,6.005221932114883,71.27937336814621
E00030763,509,84,17,67,425,35,390,16.50294695481336,3.3398821218074657,13.163064833005894,83.49705304518665,6.8762278978389,76.62082514734774
E00030764,282,66,28,38,216,21,195,23.404255319148938,9.929078014184398,13.47517730496454,76.59574468085107,7.446808510638298,69.14893617021278
E00030765,519,44,14,30,475,36,439,8.477842003853564,2.697495183044316,5.780346820809249,91.52215799614643,6.9364161849710975,84.58574181117534
E00030766,484,88,36,52,396,33,363,18.181818181818183,7.43801652892562,10.743801652892563,81.81818181818183,6.8181818181818175,75
E00030767,304,57,29,28,247,17,230,18.75,9.539473684210527,9.210526315789473,81.25,5.592105263157895,75.6578947368421
E00030768,303,75,36,39,228,21,207,24.752475247524753,11.881188118811881,12.871287128712872,75.24752475247524,6.9306930693069315,68.31683168316832
E00030769,297,51,24,27,246,25,221,17.17171717171717,8.080808080808081,9.090909090909092,82.82828282828282,8.417508417508419,74.41077441077442
E00030770,366,92,47,45,274,12,262,25.136612021857925,12.841530054644808,12.295081967213115,74.86338797814209,3.278688524590164,71.58469945355192
E00168632,332,45,24,21,287,14,273,13.55421686746988,7.228915662650602,6.325301204819277,86.44578313253012,4.216867469879518,82.2289156626506
E00168633,315,52,14,38,263,14,249,16.507936507936506,4.444444444444445,12.063492063492063,83.4920634920635,4.444444444444445,79.04761904761905
E00168634,343,87,36,51,256,34,222,25.364431486880466,10.495626822157435,14.868804664723031,74.63556851311954,9.912536443148689,64.72303206997084
E00168635,454,67,21,46,387,40,347,14.757709251101323,4.6255506607929515,10.13215859030837,85.24229074889867,8.81057268722467,76.431718061674
E00168636,318,48,18,30,270,32,238,15.09433962264151,5.660377358490567,9.433962264150944,84.90566037735849,10.062893081761008,74.84276729559748
E00168637,307,68,28,40,239,22,217,22.149837133550488,9.120521172638437,13.029315960912053,77.85016286644951,7.166123778501629,70.68403908794788
E00168638,359,39,16,23,320,20,300,10.86350974930362,4.456824512534819,6.406685236768802,89.13649025069638,5.571030640668524,83.56545961002786
E00168639,370,34,15,19,336,37,299,9.18918918918919,4.054054054054054,5.135135135135135,90.81081081081082,10,80.8108108108108
E00168641,428,57,32,25,371,27,344,13.317757009345794,7.476635514018691,5.841121495327103,86.6822429906542,6.308411214953271,80.37383177570094
E00168642,166,26,9,17,140,14,126,15.66265060240964,5.421686746987952,10.240963855421686,84.33734939759037,8.433734939759036,75.90361445783132
E00168643,225,54,32,22,171,18,153,24,14.222222222222221,9.777777777777779,76,8,68
E00168644,352,41,15,26,311,24,287,11.647727272727272,4.261363636363636,7.386363636363637,88.35227272727273,6.8181818181818175,81.5340909090909
E00168645,318,41,14,27,277,25,252,12.89308176100629,4.40251572327044,8.49056603773585,87.10691823899371,7.861635220125786,79.24528301886792
E00168646,262,39,17,22,223,26,197,14.885496183206106,6.488549618320611,8.396946564885496,85.1145038167939,9.923664122137405,75.19083969465649
E00168647,440,56,28,28,384,13,371,12.727272727272727,6.363636363636363,6.363636363636363,87.27272727272727,2.9545454545454546,84.31818181818181
E00168648,348,32,17,15,316,13,303,9.195402298850574,4.885057471264368,4.310344827586207,90.80459770114942,3.7356321839080464,87.06896551724138
E00168649,245,20,8,12,225,13,212,8.16326530612245,3.2653061224489797,4.8979591836734695,91.83673469387756,5.3061224489795915,86.53061224489797
E00168650,307,30,7,23,277,33,244,9.77198697068404,2.2801302931596092,7.491856677524431,90.22801302931596,10.749185667752444,79.47882736156352
E00168651,230,35,12,23,195,22,173,15.217391304347828,5.217391304347826,10,84.78260869565217,9.565217391304348,75.21739130434783
E00168652,204,27,8,19,177,12,165,13.23529411764706,3.9215686274509802,9.313725490196079,86.76470588235294,5.88235294117647,80.88235294117648
E00168653,404,45,12,33,359,32,327,11.138613861386139,2.9702970297029703,8.16831683168317,88.86138613861387,7.920792079207921,80.94059405940595
E00168654,320,48,29,19,272,21,251,15,9.0625,5.9375,85,6.5625,78.4375
E00168655,179,53,23,30,126,8,118,29.608938547486037,12.849162011173185,16.75977653631285,70.39106145251397,4.4692737430167595,65.92178770949721
E00177696,307,21,6,15,286,15,271,6.840390879478828,1.9543973941368076,4.88599348534202,93.15960912052117,4.88599348534202,88.27361563517914
E00177698,233,21,7,14,212,12,200,9.012875536480687,3.004291845493562,6.008583690987124,90.98712446351931,5.150214592274678,85.83690987124464
E00177699,286,17,5,12,269,11,258,5.944055944055944,1.7482517482517483,4.195804195804196,94.05594405594405,3.8461538461538463,90.20979020979021
E00177700,186,44,16,28,142,8,134,23.655913978494624,8.60215053763441,15.053763440860216,76.34408602150538,4.301075268817205,72.04301075268818
E00177701,398,33,7,26,365,20,345,8.291457286432161,1.7587939698492463,6.532663316582915,91.70854271356784,5.025125628140704,86.68341708542714
E00177703,253,29,10,19,224,8,216,11.462450592885375,3.9525691699604746,7.5098814229249005,88.53754940711462,3.1620553359683794,85.37549407114624
E00177704,378,80,45,35,298,25,273,21.164021164021165,11.904761904761903,9.25925925925926,78.83597883597884,6.613756613756613,72.22222222222221
E00177706,390,47,19,28,343,24,319,12.051282051282051,4.871794871794872,7.179487179487179,87.94871794871794,6.153846153846154,81.7948717948718
E00177708,339,16,3,13,323,18,305,4.71976401179941,0.8849557522123894,3.8348082595870205,95.28023598820059,5.3097345132743365,89.97050147492625
E00177710,348,73,29,44,275,25,250,20.977011494252874,8.333333333333332,12.643678160919542,79.02298850574712,7.183908045977011,71.83908045977012
E00177712,369,60,27,33,309,24,285,16.260162601626014,7.317073170731707,8.94308943089431,83.73983739837398,6.504065040650407,77.23577235772358
E00177713,447,74,35,39,373,39,334,16.55480984340045,7.829977628635347,8.724832214765101,83.44519015659955,8.724832214765101,74.72035794183445
E00177717,261,70,31,39,191,8,183,26.81992337164751,11.877394636015326,14.942528735632186,73.18007662835248,3.065134099616858,70.11494252873564
E00177719,294,17,4,13,277,19,258,5.782312925170068,1.3605442176870748,4.421768707482993,94.21768707482994,6.462585034013606,87.75510204081633
E00177721,603,84,24,60,519,48,471,13.930348258706468,3.9800995024875623,9.950248756218906,86.06965174129353,7.960199004975125,78.1094527363184
E00177724,113,11,0,11,102,3,99,9.734513274336283,0,9.734513274336283,90.2654867256637,2.6548672566371683,87.61061946902655
E00177727,421,57,28,29,364,27,337,13.539192399049881,6.65083135391924,6.88836104513064,86.46080760095012,6.413301662707839,80.04750593824228
E00177728,419,126,74,52,293,15,278,30.071599045346066,17.66109785202864,12.410501193317423,69.92840095465394,3.579952267303103,66.34844868735084
E00177729,270,34,10,24,236,20,216,12.592592592592592,3.7037037037037033,8.88888888888889,87.4074074074074,7.4074074074074066,80
E00177734,436,61,22,39,375,24,351,13.990825688073393,5.045871559633028,8.944954128440367,86.0091743119266,5.5045871559633035,80.5045871559633
E00177735,122,55,34,21,67,2,65,45.08196721311475,27.86885245901639,17.21311475409836,54.91803278688525,1.639344262295082,53.278688524590166
E00177737,329,78,53,25,251,18,233,23.70820668693009,16.109422492401215,7.598784194528875,76.29179331306992,5.47112462006079,70.82066869300911
E00177740,228,12,2,10,216,14,202,5.263157894736842,0.8771929824561403,4.385964912280701,94.73684210526315,6.140350877192982,88.59649122807018
E00177742,441,45,15,30,396,33,363,10.204081632653061,3.4013605442176873,6.802721088435375,89.79591836734694,7.482993197278912,82.31292517006803
E00177744,261,36,13,23,225,20,205,13.793103448275861,4.980842911877394,8.812260536398467,86.20689655172413,7.662835249042145,78.544061302682
E00177745,341,68,27,41,273,10,263,19.941348973607038,7.9178885630498534,12.023460410557185,80.05865102639295,2.932551319648094,77.12609970674487
E00177746,213,50,22,28,163,19,144,23.474178403755868,10.328638497652582,13.145539906103288,76.52582159624414,8.92018779342723,67.6056338028169
E00177749,224,48,10,38,176,22,154,21.428571428571427,4.464285714285714,16.964285714285715,78.57142857142857,9.821428571428571,68.75
