OA,ts0590001,ts0590002,ts0590003,ts0590004,ts0590005,ts0590006,ts0590007,ts0590002_PCT,ts0590003_PCT,ts0590004_PCT,ts0590005_PCT,ts0590006_PCT,ts0590007_PCT
E00030046,163,35,11,24,128,114,14,21.472392638036812,6.748466257668712,14.723926380368098,78.52760736196319,69.93865030674846,8.588957055214724
E00030047,178,53,14,39,125,106,19,29.775280898876407,7.865168539325842,21.910112359550563,70.2247191011236,59.55056179775281,10.674157303370785
E00030048,88,19,4,15,69,62,7,21.59090909090909,4.545454545454546,17.045454545454543,78.4090909090909,70.45454545454545,7.954545454545454
E00030049,154,48,18,30,106,100,6,31.16883116883117,11.688311688311687,19.480519480519483,68.83116883116884,64.93506493506493,3.896103896103896
E00030050,132,32,11,21,100,86,14,24.242424242424242,8.333333333333332,15.909090909090908,75.75757575757575,65.15151515151516,10.606060606060606
E00030051,146,36,9,27,110,104,6,24.65753424657534,6.164383561643835,18.493150684931507,75.34246575342466,71.23287671232876,4.10958904109589
E00030052,180,57,19,38,123,98,25,31.666666666666664,10.555555555555555,21.11111111111111,68.33333333333333,54.44444444444444,13.88888888888889
E00030053,137,38,13,25,99,91,8,27.73722627737226,9.48905109489051,18.248175182481752,72.26277372262774,66.42335766423358,5.839416058394161
E00030054,125,35,13,22,90,80,10,28.000000000000004,10.4,17.599999999999998,72,64,8
E00030055,141,43,14,29,98,90,8,30.49645390070922,9.929078014184398,20.56737588652482,69.50354609929079,63.829787234042556,5.673758865248227
E00030056,146,44,13,31,102,91,11,30.136986301369863,8.904109589041095,21.232876712328768,69.86301369863014,62.328767123287676,7.534246575342466
E00030057,76,20,7,13,56,47,9,26.31578947368421,9.210526315789473,17.105263157894736,73.68421052631578,61.8421052631579,11.842105263157894
E00030058,129,38,12,26,91,81,10,29.457364341085274,9.30232558139535,20.155038759689923,70.54263565891473,62.7906976744186,7.751937984496124
E00030059,123,36,11,25,87,82,5,29.268292682926827,8.94308943089431,20.32520325203252,70.73170731707317,66.66666666666666,4.0650406504065035
E00030060,109,41,11,30,68,61,7,37.61467889908257,10.091743119266056,27.522935779816514,62.38532110091744,55.96330275229357,6.422018348623854
E00030061,108,27,11,16,81,73,8,25,10.185185185185185,14.814814814814813,75,67.5925925925926,7.4074074074074066
E00030062,132,41,17,24,91,76,15,31.060606060606062,12.878787878787879,18.181818181818183,68.93939393939394,57.57575757575758,11.363636363636363
E00030063,142,34,14,20,108,92,16,23.943661971830984,9.859154929577464,14.084507042253522,76.05633802816901,64.7887323943662,11.267605633802818
E00030064,101,33,16,17,68,61,7,32.67326732673268,15.841584158415841,16.831683168316832,67.32673267326733,60.396039603960396,6.9306930693069315
E00030065,172,47,14,33,125,112,13,27.325581395348834,8.13953488372093,19.186046511627907,72.67441860465115,65.11627906976744,7.55813953488372
E00030066,119,43,10,33,76,68,8,36.134453781512605,8.403361344537815,27.73109243697479,63.86554621848739,57.14285714285714,6.722689075630252
E00030067,141,43,14,29,98,93,5,30.49645390070922,9.929078014184398,20.56737588652482,69.50354609929079,65.95744680851064,3.546099290780142
E00030068,138,35,7,28,103,85,18,25.36231884057971,5.072463768115942,20.28985507246377,74.63768115942028,61.59420289855072,13.043478260869565
E00030069,134,40,12,28,94,76,18,29.850746268656714,8.955223880597014,20.8955223880597,70.1492537313433,56.71641791044776,13.432835820895523
E00030070,149,40,9,31,109,99,10,26.845637583892618,6.0402684563758395,20.80536912751678,73.15436241610739,66.44295302013423,6.7114093959731544
E00030071,153,52,14,38,101,91,10,33.98692810457516,9.15032679738562,24.836601307189543,66.01307189542483,59.47712418300654,6.535947712418301
E00030072,137,42,14,28,95,86,9,30.656934306569344,10.218978102189782,20.437956204379564,69.34306569343066,62.77372262773723,6.569343065693431
E00030073,121,39,11,28,82,78,4,32.231404958677686,9.090909090909092,23.140495867768596,67.76859504132231,64.46280991735537,3.3057851239669422
E00030074,131,30,10,20,101,89,12,22.900763358778626,7.633587786259542,15.267175572519085,77.09923664122137,67.93893129770993,9.16030534351145
E00030075,105,32,4,28,73,64,9,30.476190476190478,3.8095238095238098,26.666666666666668,69.52380952380952,60.952380952380956,8.571428571428571
E00030076,122,41,15,26,81,76,5,33.60655737704918,12.295081967213115,21.311475409836063,66.39344262295081,62.295081967213115,4.098360655737705
E00030077,77,28,5,23,49,44,5,36.36363636363637,6.493506493506493,29.87012987012987,63.63636363636363,57.14285714285714,6.493506493506493
E00030078,129,28,6,22,101,94,7,21.705426356589147,4.651162790697675,17.05426356589147,78.29457364341084,72.86821705426357,5.426356589147287
E00030079,149,44,18,26,105,86,19,29.53020134228188,12.080536912751679,17.449664429530202,70.46979865771812,57.71812080536913,12.751677852348994
E00030080,172,50,15,35,122,108,14,29.069767441860467,8.720930232558139,20.348837209302324,70.93023255813954,62.7906976744186,8.13953488372093
E00030081,130,33,13,20,97,89,8,25.384615384615383,10,15.384615384615385,74.61538461538461,68.46153846153847,6.153846153846154
E00030082,147,38,10,28,109,96,13,25.850340136054424,6.802721088435375,19.047619047619047,74.14965986394559,65.3061224489796,8.843537414965986
E00030083,159,36,15,21,123,114,9,22.641509433962266,9.433962264150944,13.20754716981132,77.35849056603774,71.69811320754717,5.660377358490567
E00030084,211,54,15,39,157,133,24,25.59241706161137,7.109004739336493,18.48341232227488,74.40758293838863,63.03317535545023,11.374407582938389
E00030085,199,51,18,33,148,138,10,25.628140703517587,9.045226130653267,16.582914572864322,74.37185929648241,69.34673366834171,5.025125628140704
E00030086,145,35,8,27,110,105,5,24.137931034482758,5.517241379310345,18.620689655172416,75.86206896551724,72.41379310344827,3.4482758620689653
E00030087,135,31,9,22,104,95,9,22.962962962962962,6.666666666666667,16.296296296296298,77.03703703703704,70.37037037037037,6.666666666666667
E00030088,125,42,10,32,83,70,13,33.6,8,25.6,66.4,56.00000000000001,10.4
E00030089,137,37,12,25,100,93,7,27.00729927007299,8.75912408759124,18.248175182481752,72.99270072992701,67.88321167883211,5.109489051094891
E00030090,163,61,18,43,102,97,5,37.423312883435585,11.042944785276074,26.380368098159508,62.57668711656442,59.50920245398773,3.067484662576687
E00030091,123,47,16,31,76,73,3,38.21138211382114,13.008130081300814,25.203252032520325,61.78861788617886,59.34959349593496,2.4390243902439024
E00030092,66,23,4,19,43,42,1,34.84848484848485,6.0606060606060606,28.78787878787879,65.15151515151516,63.63636363636363,1.5151515151515151
E00030093,125,47,10,37,78,65,13,37.6,8,29.599999999999998,62.4,52,10.4
E00030095,192,63,19,44,129,114,15,32.8125,9.895833333333332,22.916666666666664,67.1875,59.375,7.8125
E00030096,146,33,14,19,113,92,21,22.602739726027394,9.58904109589041,13.013698630136986,77.3972602739726,63.013698630136986,14.383561643835616
E00030097,153,43,8,35,110,104,6,28.104575163398692,5.228758169934641,22.875816993464053,71.89542483660131,67.97385620915033,3.9215686274509802
E00030098,135,43,13,30,92,80,12,31.851851851851855,9.62962962962963,22.22222222222222,68.14814814814815,59.25925925925925,8.88888888888889
E00030099,125,37,7,30,88,81,7,29.599999999999998,5.6000000000000005,24,70.39999999999999,64.8,5.6000000000000005
E00030100,141,32,6,26,109,93,16,22.69503546099291,4.25531914893617,18.439716312056735,77.30496453900709,65.95744680851064,11.347517730496454
E00030101,149,54,21,33,95,82,13,36.241610738255034,14.093959731543624,22.14765100671141,63.758389261744966,55.033557046979865,8.724832214765101
E00030102,108,31,5,26,77,75,2,28.703703703703702,4.62962962962963,24.074074074074073,71.29629629629629,69.44444444444444,1.8518518518518516
E00030103,117,34,14,20,83,75,8,29.059829059829063,11.965811965811966,17.094017094017094,70.94017094017094,64.1025641025641,6.837606837606838
E00030104,162,39,12,27,123,112,11,24.074074074074073,7.4074074074074066,16.666666666666664,75.92592592592592,69.1358024691358,6.790123456790123
E00030105,152,45,8,37,107,95,12,29.605263157894733,5.263157894736842,24.342105263157894,70.39473684210526,62.5,7.894736842105263
E00030106,135,41,13,28,94,84,10,30.37037037037037,9.62962962962963,20.74074074074074,69.62962962962963,62.22222222222222,7.4074074074074066
E00030107,226,57,19,38,169,158,11,25.221238938053098,8.4070796460177,16.8141592920354,74.77876106194691,69.91150442477876,4.867256637168142
E00030108,113,32,11,21,81,71,10,28.31858407079646,9.734513274336283,18.58407079646018,71.68141592920354,62.83185840707964,8.849557522123893
E00030109,104,36,7,29,68,60,8,34.61538461538461,6.730769230769231,27.884615384615387,65.38461538461539,57.692307692307686,7.6923076923076925
E00030110,139,44,15,29,95,81,14,31.654676258992804,10.79136690647482,20.863309352517987,68.34532374100719,58.27338129496403,10.071942446043165
E00030111,164,48,10,38,116,105,11,29.268292682926827,6.097560975609756,23.170731707317074,70.73170731707317,64.02439024390245,6.707317073170732
E00030113,220,54,12,42,166,152,14,24.545454545454547,5.454545454545454,19.090909090909093,75.45454545454545,69.0909090909091,6.363636363636363
E00030114,169,44,9,35,125,117,8,26.035502958579883,5.325443786982249,20.710059171597635,73.96449704142012,69.23076923076923,4.733727810650888
E00030115,286,64,14,50,222,205,17,22.377622377622377,4.895104895104895,17.482517482517483,77.62237762237763,71.67832167832168,5.944055944055944
E00030116,122,40,10,30,82,77,5,32.78688524590164,8.19672131147541,24.59016393442623,67.21311475409836,63.114754098360656,4.098360655737705
E00030117,97,35,11,24,62,54,8,36.08247422680412,11.34020618556701,24.742268041237114,63.91752577319587,55.670103092783506,8.24742268041237
E00030118,122,34,8,26,88,79,9,27.86885245901639,6.557377049180328,21.311475409836063,72.1311475409836,64.75409836065575,7.377049180327869
E00030119,116,35,8,27,81,73,8,30.17241379310345,6.896551724137931,23.275862068965516,69.82758620689656,62.93103448275862,6.896551724137931
E00030121,116,38,7,31,78,74,4,32.758620689655174,6.0344827586206895,26.72413793103448,67.24137931034483,63.793103448275865,3.4482758620689653
E00030123,133,42,15,27,91,84,7,31.57894736842105,11.278195488721805,20.30075187969925,68.42105263157895,63.1578947368421,5.263157894736842
E00030124,135,41,8,33,94,84,10,30.37037037037037,5.9259259259259265,24.444444444444443,69.62962962962963,62.22222222222222,7.4074074074074066
E00030125,119,30,7,23,89,79,10,25.210084033613445,5.88235294117647,19.327731092436977,74.78991596638656,66.38655462184873,8.403361344537815
E00030126,125,52,17,35,73,61,12,41.6,13.600000000000001,28.000000000000004,58.4,48.8,9.6
E00030127,117,33,7,26,84,75,9,28.205128205128204,5.982905982905983,22.22222222222222,71.7948717948718,64.1025641025641,7.6923076923076925
E00030128,142,68,25,43,74,67,7,47.88732394366197,17.6056338028169,30.28169014084507,52.112676056338024,47.183098591549296,4.929577464788732
E00030129,74,28,11,17,46,43,3,37.83783783783784,14.864864864864865,22.972972972972975,62.16216216216216,58.108108108108105,4.054054054054054
E00030130,80,16,3,13,64,58,6,20,3.75,16.25,80,72.5,7.5
E00030131,194,76,23,53,118,108,10,39.175257731958766,11.855670103092782,27.31958762886598,60.824742268041234,55.670103092783506,5.154639175257731
E00030133,81,24,5,19,57,53,4,29.629629629629626,6.172839506172839,23.456790123456788,70.37037037037037,65.4320987654321,4.938271604938271
E00030134,136,58,14,44,78,68,10,42.64705882352941,10.294117647058822,32.35294117647059,57.35294117647059,50,7.352941176470589
E00030135,99,34,8,26,65,57,8,34.34343434343434,8.080808080808081,26.262626262626267,65.65656565656566,57.57575757575758,8.080808080808081
E00030136,152,51,16,35,101,95,6,33.55263157894737,10.526315789473683,23.026315789473685,66.44736842105263,62.5,3.9473684210526314
E00030137,158,36,7,29,122,115,7,22.78481012658228,4.430379746835443,18.354430379746837,77.21518987341773,72.78481012658227,4.430379746835443
E00030138,117,40,14,26,77,71,6,34.18803418803419,11.965811965811966,22.22222222222222,65.8119658119658,60.68376068376068,5.128205128205128
E00030139,129,31,9,22,98,82,16,24.031007751937985,6.976744186046512,17.05426356589147,75.96899224806202,63.565891472868216,12.4031007751938
E00030140,111,27,8,19,84,77,7,24.324324324324326,7.207207207207207,17.117117117117118,75.67567567567568,69.36936936936937,6.306306306306306
E00030141,72,28,8,20,44,39,5,38.88888888888889,11.11111111111111,27.77777777777778,61.111111111111114,54.166666666666664,6.944444444444445
E00030142,117,23,6,17,94,86,8,19.65811965811966,5.128205128205128,14.529914529914532,80.34188034188034,73.50427350427351,6.837606837606838
E00030143,96,31,6,25,65,56,9,32.29166666666667,6.25,26.041666666666668,67.70833333333334,58.333333333333336,9.375
E00030144,159,44,13,31,115,105,10,27.67295597484277,8.176100628930817,19.49685534591195,72.32704402515722,66.0377358490566,6.289308176100629
E00030145,165,44,10,34,121,103,18,26.666666666666668,6.0606060606060606,20.606060606060606,73.33333333333333,62.42424242424243,10.909090909090908
E00030146,114,39,13,26,75,70,5,34.21052631578947,11.403508771929824,22.807017543859647,65.78947368421053,61.40350877192983,4.385964912280701
E00030147,129,53,16,37,76,70,6,41.08527131782946,12.4031007751938,28.68217054263566,58.91472868217055,54.263565891472865,4.651162790697675
E00030148,102,47,14,33,55,55,0,46.07843137254902,13.725490196078432,32.35294117647059,53.92156862745098,53.92156862745098,0
E00030149,109,36,10,26,73,63,10,33.02752293577982,9.174311926605505,23.853211009174313,66.97247706422019,57.798165137614674,9.174311926605505
E00030150,99,27,10,17,72,62,10,27.27272727272727,10.1010101010101,17.17171717171717,72.72727272727273,62.62626262626263,10.1010101010101
E00030151,215,71,27,44,144,135,9,33.02325581395349,12.558139534883722,20.46511627906977,66.97674418604652,62.7906976744186,4.186046511627907
E00030153,173,87,20,67,86,76,10,50.28901734104046,11.560693641618498,38.72832369942196,49.71098265895954,43.93063583815029,5.780346820809249
E00030154,123,48,17,31,75,65,10,39.02439024390244,13.821138211382115,25.203252032520325,60.97560975609756,52.84552845528455,8.130081300813007
E00030155,62,16,5,11,46,39,7,25.806451612903224,8.064516129032258,17.741935483870968,74.19354838709677,62.903225806451616,11.29032258064516
E00030156,135,46,21,25,89,85,4,34.074074074074076,15.555555555555555,18.51851851851852,65.92592592592592,62.96296296296296,2.9629629629629632
E00030157,88,27,7,20,61,57,4,30.681818181818183,7.954545454545454,22.727272727272727,69.31818181818183,64.77272727272727,4.545454545454546
E00030158,168,47,9,38,121,114,7,27.976190476190478,5.357142857142857,22.61904761904762,72.02380952380952,67.85714285714286,4.166666666666666
E00030159,140,45,14,31,95,88,7,32.142857142857146,10,22.142857142857142,67.85714285714286,62.857142857142854,5
E00030160,164,46,10,36,118,103,15,28.04878048780488,6.097560975609756,21.951219512195124,71.95121951219512,62.80487804878049,9.146341463414634
E00030161,111,32,10,22,79,75,4,28.82882882882883,9.00900900900901,19.81981981981982,71.17117117117117,67.56756756756756,3.6036036036036037
E00030162,132,37,14,23,95,87,8,28.030303030303028,10.606060606060606,17.424242424242426,71.96969696969697,65.9090909090909,6.0606060606060606
E00030163,205,74,23,51,131,115,16,36.09756097560975,11.219512195121952,24.878048780487806,63.90243902439025,56.09756097560976,7.804878048780488
E00030164,145,55,21,34,90,76,14,37.93103448275862,14.482758620689657,23.448275862068964,62.06896551724138,52.41379310344828,9.655172413793103
E00030165,103,25,6,19,78,69,9,24.271844660194176,5.825242718446602,18.446601941747574,75.72815533980582,66.99029126213593,8.737864077669903
E00030166,112,20,6,14,92,83,9,17.857142857142858,5.357142857142857,12.5,82.14285714285714,74.10714285714286,8.035714285714286
E00030167,149,44,13,31,105,91,14,29.53020134228188,8.724832214765101,20.80536912751678,70.46979865771812,61.07382550335571,9.395973154362416
E00030168,167,42,17,25,125,107,18,25.149700598802394,10.179640718562874,14.97005988023952,74.8502994011976,64.07185628742515,10.778443113772456
E00030169,199,48,12,36,151,134,17,24.120603015075375,6.030150753768844,18.090452261306535,75.87939698492463,67.33668341708542,8.542713567839195
E00030170,88,18,3,15,70,61,9,20.454545454545457,3.4090909090909087,17.045454545454543,79.54545454545455,69.31818181818183,10.227272727272728
E00030171,118,36,6,30,82,71,11,30.508474576271187,5.084745762711865,25.423728813559322,69.49152542372882,60.16949152542372,9.322033898305085
E00030172,103,28,4,24,75,62,13,27.184466019417474,3.8834951456310676,23.300970873786408,72.81553398058253,60.19417475728155,12.62135922330097
E00030173,92,29,7,22,63,60,3,31.521739130434785,7.608695652173914,23.91304347826087,68.47826086956522,65.21739130434783,3.260869565217391
E00030174,139,45,13,32,94,82,12,32.37410071942446,9.352517985611511,23.021582733812952,67.62589928057554,58.992805755395686,8.633093525179856
E00030175,109,27,7,20,82,78,4,24.770642201834864,6.422018348623854,18.34862385321101,75.22935779816514,71.55963302752293,3.669724770642202
E00030176,114,31,9,22,83,79,4,27.192982456140353,7.894736842105263,19.298245614035086,72.80701754385966,69.2982456140351,3.508771929824561
E00030177,130,33,8,25,97,86,11,25.384615384615383,6.153846153846154,19.230769230769234,74.61538461538461,66.15384615384615,8.461538461538462
E00030178,175,45,16,29,130,125,5,25.71428571428571,9.142857142857142,16.57142857142857,74.28571428571429,71.42857142857143,2.857142857142857
E00030179,111,35,9,26,76,69,7,31.53153153153153,8.108108108108109,23.423423423423422,68.46846846846847,62.16216216216216,6.306306306306306
E00030180,82,24,7,17,58,56,2,29.268292682926827,8.536585365853659,20.73170731707317,70.73170731707317,68.29268292682927,2.4390243902439024
E00030181,155,44,9,35,111,96,15,28.387096774193548,5.806451612903226,22.58064516129032,71.61290322580646,61.935483870967744,9.67741935483871
E00030182,147,54,15,39,93,79,14,36.734693877551024,10.204081632653061,26.53061224489796,63.26530612244898,53.74149659863946,9.523809523809524
E00030183,68,23,8,15,45,45,0,33.82352941176471,11.76470588235294,22.058823529411764,66.17647058823529,66.17647058823529,0
E00030184,91,27,10,17,64,57,7,29.67032967032967,10.989010989010989,18.681318681318682,70.32967032967034,62.637362637362635,7.6923076923076925
E00030185,151,47,13,34,104,91,13,31.125827814569533,8.609271523178808,22.516556291390728,68.87417218543047,60.264900662251655,8.609271523178808
E00030186,133,47,10,37,86,81,5,35.338345864661655,7.518796992481203,27.819548872180448,64.66165413533834,60.902255639097746,3.7593984962406015
E00030187,140,40,11,29,100,92,8,28.57142857142857,7.857142857142857,20.714285714285715,71.42857142857143,65.71428571428571,5.714285714285714
E00030188,137,40,14,26,97,91,6,29.1970802919708,10.218978102189782,18.97810218978102,70.8029197080292,66.42335766423358,4.37956204379562
E00030189,130,44,10,34,86,72,14,33.84615384615385,7.6923076923076925,26.153846153846157,66.15384615384615,55.38461538461539,10.76923076923077
E00030190,68,28,7,21,40,36,4,41.17647058823529,10.294117647058822,30.88235294117647,58.82352941176471,52.94117647058824,5.88235294117647
E00030191,106,30,6,24,76,69,7,28.30188679245283,5.660377358490567,22.641509433962266,71.69811320754717,65.09433962264151,6.60377358490566
E00030192,119,29,7,22,90,80,10,24.369747899159663,5.88235294117647,18.487394957983195,75.63025210084034,67.22689075630252,8.403361344537815
E00030193,137,45,8,37,92,84,8,32.846715328467155,5.839416058394161,27.00729927007299,67.15328467153284,61.31386861313869,5.839416058394161
E00030194,175,62,15,47,113,109,4,35.42857142857142,8.571428571428571,26.857142857142858,64.57142857142857,62.28571428571429,2.2857142857142856
E00030195,113,31,8,23,82,75,7,27.43362831858407,7.079646017699115,20.353982300884958,72.56637168141593,66.3716814159292,6.1946902654867255
E00030196,128,28,5,23,100,91,9,21.875,3.90625,17.96875,78.125,71.09375,7.03125
E00030197,130,42,10,32,88,78,10,32.30769230769231,7.6923076923076925,24.615384615384617,67.6923076923077,60,7.6923076923076925
E00030198,152,55,16,39,97,89,8,36.18421052631579,10.526315789473683,25.657894736842106,63.81578947368421,58.55263157894737,5.263157894736842
E00030200,180,57,16,41,123,112,11,31.666666666666664,8.88888888888889,22.77777777777778,68.33333333333333,62.22222222222222,6.111111111111111
E00030201,129,39,5,34,90,81,9,30.23255813953488,3.875968992248062,26.356589147286826,69.76744186046511,62.7906976744186,6.976744186046512
E00030202,74,16,2,14,58,53,5,21.62162162162162,2.7027027027027026,18.91891891891892,78.37837837837837,71.62162162162163,6.756756756756757
E00030203,123,39,11,28,84,74,10,31.70731707317073,8.94308943089431,22.76422764227642,68.29268292682927,60.16260162601627,8.130081300813007
E00030204,127,45,14,31,82,72,10,35.43307086614173,11.023622047244094,24.409448818897637,64.56692913385827,56.69291338582677,7.874015748031496
E00030205,129,40,9,31,89,75,14,31.007751937984494,6.976744186046512,24.031007751937985,68.9922480620155,58.139534883720934,10.852713178294573
E00030206,136,33,4,29,103,87,16,24.264705882352942,2.941176470588235,21.323529411764707,75.73529411764706,63.970588235294116,11.76470588235294
E00030207,168,36,14,22,132,117,15,21.428571428571427,8.333333333333332,13.095238095238097,78.57142857142857,69.64285714285714,8.928571428571429
E00030208,176,41,11,30,135,123,12,23.295454545454543,6.25,17.045454545454543,76.70454545454545,69.88636363636364,6.8181818181818175
E00030209,124,32,12,20,92,82,10,25.806451612903224,9.67741935483871,16.129032258064516,74.19354838709677,66.12903225806451,8.064516129032258
E00030210,109,29,8,21,80,69,11,26.605504587155966,7.339449541284404,19.26605504587156,73.39449541284404,63.30275229357798,10.091743119266056
E00030211,136,39,14,25,97,83,14,28.676470588235293,10.294117647058822,18.38235294117647,71.32352941176471,61.029411764705884,10.294117647058822
E00030213,142,46,9,37,96,81,15,32.3943661971831,6.338028169014084,26.056338028169012,67.6056338028169,57.04225352112676,10.56338028169014
E00030214,135,28,7,21,107,98,9,20.74074074074074,5.185185185185185,15.555555555555555,79.25925925925927,72.5925925925926,6.666666666666667
E00030215,145,38,10,28,107,94,13,26.20689655172414,6.896551724137931,19.310344827586206,73.79310344827587,64.82758620689654,8.96551724137931
E00030217,84,26,5,21,58,57,1,30.952380952380953,5.952380952380952,25,69.04761904761905,67.85714285714286,1.1904761904761905
E00030218,175,41,8,33,134,112,22,23.42857142857143,4.571428571428571,18.857142857142858,76.57142857142857,64,12.571428571428573
E00030219,149,33,10,23,116,103,13,22.14765100671141,6.7114093959731544,15.436241610738255,77.85234899328859,69.12751677852349,8.724832214765101
E00030220,167,36,7,29,131,120,11,21.55688622754491,4.191616766467066,17.365269461077844,78.44311377245509,71.8562874251497,6.58682634730539
E00030221,134,34,9,25,100,85,15,25.37313432835821,6.7164179104477615,18.65671641791045,74.6268656716418,63.43283582089553,11.194029850746269
E00030222,79,27,7,20,52,52,0,34.177215189873415,8.860759493670885,25.31645569620253,65.82278481012658,65.82278481012658,0
E00030223,131,40,14,26,91,84,7,30.53435114503817,10.687022900763358,19.84732824427481,69.46564885496184,64.12213740458014,5.343511450381679
E00030224,195,51,16,35,144,134,10,26.153846153846157,8.205128205128204,17.94871794871795,73.84615384615385,68.71794871794872,5.128205128205128
E00030225,90,28,6,22,62,54,8,31.11111111111111,6.666666666666667,24.444444444444443,68.88888888888889,60,8.88888888888889
E00030226,226,53,13,40,173,159,14,23.451327433628318,5.752212389380531,17.699115044247787,76.54867256637168,70.35398230088495,6.1946902654867255
E00030227,87,25,4,21,62,57,5,28.735632183908045,4.597701149425287,24.137931034482758,71.26436781609196,65.51724137931035,5.747126436781609
E00030228,64,21,1,20,43,40,3,32.8125,1.5625,31.25,67.1875,62.5,4.6875
E00030229,174,53,16,37,121,106,15,30.45977011494253,9.195402298850574,21.26436781609195,69.54022988505747,60.91954022988506,8.620689655172415
E00030230,172,45,8,37,127,111,16,26.16279069767442,4.651162790697675,21.511627906976745,73.83720930232558,64.53488372093024,9.30232558139535
E00030231,132,41,14,27,91,81,10,31.060606060606062,10.606060606060606,20.454545454545457,68.93939393939394,61.36363636363637,7.575757575757576
E00030232,183,49,10,39,134,121,13,26.775956284153008,5.46448087431694,21.311475409836063,73.224043715847,66.12021857923497,7.103825136612022
E00030233,119,33,13,20,86,79,7,27.73109243697479,10.92436974789916,16.80672268907563,72.26890756302521,66.38655462184873,5.88235294117647
E00030234,156,36,5,31,120,108,12,23.076923076923077,3.205128205128205,19.871794871794872,76.92307692307693,69.23076923076923,7.6923076923076925
E00030235,148,40,9,31,108,94,14,27.027027027027028,6.081081081081082,20.945945945945947,72.97297297297297,63.51351351351351,9.45945945945946
E00030236,134,41,10,31,93,89,4,30.597014925373134,7.462686567164178,23.134328358208954,69.40298507462687,66.4179104477612,2.9850746268656714
E00030237,128,35,1,34,93,83,10,27.34375,0.78125,26.5625,72.65625,64.84375,7.8125
E00030238,127,32,8,24,95,91,4,25.196850393700785,6.299212598425196,18.89763779527559,74.80314960629921,71.65354330708661,3.149606299212598
E00030239,137,31,9,22,106,93,13,22.62773722627737,6.569343065693431,16.05839416058394,77.37226277372264,67.88321167883211,9.48905109489051
E00030240,89,36,14,22,53,48,5,40.44943820224719,15.730337078651685,24.719101123595504,59.55056179775281,53.93258426966292,5.617977528089887
E00030241,123,30,5,25,93,87,6,24.390243902439025,4.0650406504065035,20.32520325203252,75.60975609756098,70.73170731707317,4.878048780487805
E00030242,136,54,19,35,82,74,8,39.705882352941174,13.970588235294118,25.735294117647058,60.29411764705882,54.41176470588235,5.88235294117647
E00030243,124,35,10,25,89,75,14,28.225806451612907,8.064516129032258,20.161290322580644,71.7741935483871,60.483870967741936,11.29032258064516
E00030244,128,27,7,20,101,93,8,21.09375,5.46875,15.625,78.90625,72.65625,6.25
E00030245,122,38,12,26,84,71,13,31.147540983606557,9.836065573770492,21.311475409836063,68.85245901639344,58.19672131147541,10.655737704918032
E00030246,165,44,13,31,121,103,18,26.666666666666668,7.878787878787878,18.787878787878785,73.33333333333333,62.42424242424243,10.909090909090908
E00030247,140,28,7,21,112,97,15,20,5,15,80,69.28571428571428,10.714285714285714
E00030248,146,36,9,27,110,100,10,24.65753424657534,6.164383561643835,18.493150684931507,75.34246575342466,68.4931506849315,6.8493150684931505
E00030249,137,35,15,20,102,90,12,25.547445255474454,10.948905109489052,14.5985401459854,74.45255474452554,65.69343065693431,8.75912408759124
E00030250,103,36,7,29,67,61,6,34.95145631067961,6.796116504854369,28.155339805825243,65.0485436893204,59.22330097087378,5.825242718446602
E00030251,128,34,7,27,94,85,9,26.5625,5.46875,21.09375,73.4375,66.40625,7.03125
E00030252,136,32,8,24,104,90,14,23.52941176470588,5.88235294117647,17.647058823529413,76.47058823529412,66.17647058823529,10.294117647058822
E00030253,143,34,12,22,109,96,13,23.776223776223777,8.391608391608392,15.384615384615385,76.22377622377621,67.13286713286713,9.090909090909092
E00030254,122,30,7,23,92,83,9,24.59016393442623,5.737704918032787,18.852459016393443,75.40983606557377,68.0327868852459,7.377049180327869
E00030255,164,47,13,34,117,103,14,28.65853658536585,7.926829268292683,20.73170731707317,71.34146341463415,62.80487804878049,8.536585365853659
E00030256,121,31,11,20,90,78,12,25.6198347107438,9.090909090909092,16.528925619834713,74.3801652892562,64.46280991735537,9.917355371900827
E00030257,201,37,12,25,164,153,11,18.407960199004975,5.970149253731343,12.437810945273633,81.59203980099502,76.11940298507463,5.472636815920398
E00030258,149,34,11,23,115,104,11,22.818791946308725,7.38255033557047,15.436241610738255,77.18120805369128,69.79865771812081,7.38255033557047
E00030259,119,36,10,26,83,72,11,30.252100840336134,8.403361344537815,21.84873949579832,69.74789915966386,60.50420168067227,9.243697478991598
E00030260,159,38,9,29,121,106,15,23.89937106918239,5.660377358490567,18.238993710691823,76.10062893081762,66.66666666666666,9.433962264150944
E00030261,138,33,7,26,105,94,11,23.91304347826087,5.072463768115942,18.84057971014493,76.08695652173914,68.11594202898551,7.971014492753622
E00030262,86,20,5,15,66,59,7,23.25581395348837,5.813953488372093,17.441860465116278,76.74418604651163,68.6046511627907,8.13953488372093
E00030263,81,27,7,20,54,47,7,33.33333333333333,8.641975308641975,24.691358024691358,66.66666666666666,58.0246913580247,8.641975308641975
E00030264,136,40,12,28,96,87,9,29.411764705882355,8.823529411764707,20.588235294117645,70.58823529411765,63.970588235294116,6.61764705882353
E00030265,149,45,14,31,104,91,13,30.201342281879196,9.395973154362416,20.80536912751678,69.79865771812081,61.07382550335571,8.724832214765101
E00030266,128,32,6,26,96,81,15,25,4.6875,20.3125,75,63.28125,11.71875
E00030267,113,33,14,19,80,66,14,29.20353982300885,12.389380530973451,16.8141592920354,70.79646017699115,58.4070796460177,12.389380530973451
E00030268,129,39,7,32,90,81,9,30.23255813953488,5.426356589147287,24.8062015503876,69.76744186046511,62.7906976744186,6.976744186046512
E00030269,154,44,18,26,110,98,12,28.57142857142857,11.688311688311687,16.883116883116884,71.42857142857143,63.63636363636363,7.792207792207792
E00030270,159,39,14,25,120,110,10,24.528301886792452,8.80503144654088,15.723270440251572,75.47169811320755,69.18238993710692,6.289308176100629
E00030271,157,46,11,35,111,106,5,29.29936305732484,7.006369426751593,22.29299363057325,70.70063694267516,67.51592356687898,3.1847133757961785
E00030272,113,43,20,23,70,61,9,38.05309734513274,17.699115044247787,20.353982300884958,61.94690265486725,53.98230088495575,7.964601769911504
E00030273,109,26,4,22,83,72,11,23.853211009174313,3.669724770642202,20.18348623853211,76.14678899082568,66.05504587155964,10.091743119266056
E00030274,189,52,15,37,137,126,11,27.513227513227513,7.936507936507936,19.576719576719576,72.4867724867725,66.66666666666666,5.82010582010582
E00030275,141,38,12,26,103,88,15,26.95035460992908,8.51063829787234,18.439716312056735,73.04964539007092,62.4113475177305,10.638297872340425
E00030276,135,35,14,21,100,87,13,25.925925925925924,10.37037037037037,15.555555555555555,74.07407407407408,64.44444444444444,9.62962962962963
E00030277,122,35,11,24,87,78,9,28.688524590163933,9.01639344262295,19.672131147540984,71.31147540983606,63.934426229508205,7.377049180327869
E00030278,127,46,17,29,81,75,6,36.22047244094488,13.385826771653544,22.83464566929134,63.77952755905512,59.055118110236215,4.724409448818897
E00030279,121,30,14,16,91,83,8,24.793388429752067,11.570247933884298,13.223140495867769,75.20661157024794,68.59504132231406,6.6115702479338845
E00030280,114,23,5,18,91,78,13,20.175438596491226,4.385964912280701,15.789473684210526,79.82456140350878,68.42105263157895,11.403508771929824
E00030281,135,38,12,26,97,91,6,28.14814814814815,8.88888888888889,19.25925925925926,71.85185185185186,67.4074074074074,4.444444444444445
E00030282,149,55,17,38,94,85,9,36.91275167785235,11.409395973154362,25.503355704697988,63.08724832214765,57.04697986577181,6.0402684563758395
E00030283,105,35,13,22,70,60,10,33.33333333333333,12.380952380952381,20.952380952380953,66.66666666666666,57.14285714285714,9.523809523809524
E00030284,146,47,14,33,99,93,6,32.19178082191781,9.58904109589041,22.602739726027394,67.8082191780822,63.6986301369863,4.10958904109589
E00030285,144,38,15,23,106,93,13,26.38888888888889,10.416666666666668,15.972222222222221,73.61111111111111,64.58333333333334,9.027777777777777
E00030286,118,40,8,32,78,70,8,33.89830508474576,6.779661016949152,27.11864406779661,66.10169491525424,59.32203389830508,6.779661016949152
E00030287,134,43,10,33,91,86,5,32.08955223880597,7.462686567164178,24.62686567164179,67.91044776119402,64.17910447761194,3.731343283582089
E00030288,94,25,6,19,69,64,5,26.595744680851062,6.382978723404255,20.212765957446805,73.40425531914893,68.08510638297872,5.319148936170213
E00030289,126,53,14,39,73,73,0,42.06349206349206,11.11111111111111,30.952380952380953,57.936507936507944,57.936507936507944,0
E00030290,141,32,7,25,109,93,16,22.69503546099291,4.964539007092199,17.73049645390071,77.30496453900709,65.95744680851064,11.347517730496454
E00030291,107,34,11,23,73,68,5,31.775700934579437,10.2803738317757,21.49532710280374,68.22429906542055,63.55140186915887,4.672897196261682
E00030292,153,32,12,20,121,107,14,20.915032679738562,7.8431372549019605,13.071895424836603,79.08496732026144,69.93464052287581,9.15032679738562
E00030293,97,30,3,27,67,61,6,30.927835051546392,3.0927835051546393,27.835051546391753,69.0721649484536,62.88659793814433,6.185567010309279
E00030294,130,34,12,22,96,90,6,26.153846153846157,9.230769230769232,16.923076923076923,73.84615384615385,69.23076923076923,4.615384615384616
E00030295,59,11,2,9,48,44,4,18.64406779661017,3.389830508474576,15.254237288135593,81.35593220338984,74.57627118644068,6.779661016949152
E00030296,127,27,5,22,100,89,11,21.25984251968504,3.937007874015748,17.322834645669293,78.74015748031496,70.07874015748031,8.661417322834646
E00030297,99,28,9,19,71,63,8,28.28282828282828,9.090909090909092,19.19191919191919,71.71717171717171,63.63636363636363,8.080808080808081
E00030298,84,17,6,11,67,54,13,20.238095238095237,7.142857142857142,13.095238095238097,79.76190476190477,64.28571428571429,15.476190476190476
E00030299,132,25,12,13,107,97,10,18.939393939393938,9.090909090909092,9.848484848484848,81.06060606060606,73.48484848484848,7.575757575757576
E00030300,129,46,9,37,83,73,10,35.65891472868217,6.976744186046512,28.68217054263566,64.34108527131784,56.58914728682171,7.751937984496124
E00030301,135,39,12,27,96,87,9,28.888888888888886,8.88888888888889,20,71.11111111111111,64.44444444444444,6.666666666666667
E00030302,125,29,6,23,96,89,7,23.200000000000003,4.8,18.4,76.8,71.2,5.6000000000000005
E00030303,139,37,14,23,102,90,12,26.618705035971225,10.071942446043165,16.546762589928058,73.38129496402878,64.74820143884892,8.633093525179856
E00030304,115,32,13,19,83,77,6,27.82608695652174,11.304347826086957,16.52173913043478,72.17391304347827,66.95652173913044,5.217391304347826
E00030305,118,24,5,19,94,83,11,20.33898305084746,4.23728813559322,16.101694915254235,79.66101694915254,70.33898305084746,9.322033898305085
E00030306,110,39,9,30,71,63,8,35.45454545454545,8.181818181818182,27.27272727272727,64.54545454545455,57.27272727272727,7.2727272727272725
E00030307,112,38,6,32,74,70,4,33.92857142857143,5.357142857142857,28.57142857142857,66.07142857142857,62.5,3.571428571428571
E00030308,157,37,14,23,120,104,16,23.56687898089172,8.9171974522293,14.64968152866242,76.43312101910828,66.2420382165605,10.191082802547772
E00030309,76,24,8,16,52,50,2,31.57894736842105,10.526315789473683,21.052631578947366,68.42105263157895,65.78947368421053,2.631578947368421
E00030310,114,35,7,28,79,73,6,30.701754385964914,6.140350877192982,24.561403508771928,69.2982456140351,64.03508771929825,5.263157894736842
E00030311,87,31,6,25,56,52,4,35.63218390804598,6.896551724137931,28.735632183908045,64.36781609195403,59.77011494252874,4.597701149425287
E00030312,131,24,7,17,107,101,6,18.3206106870229,5.343511450381679,12.977099236641221,81.67938931297711,77.09923664122137,4.580152671755725
E00030313,137,39,14,25,98,88,10,28.467153284671532,10.218978102189782,18.248175182481752,71.53284671532847,64.23357664233576,7.2992700729927
E00030314,79,22,6,16,57,55,2,27.848101265822784,7.59493670886076,20.253164556962027,72.15189873417721,69.62025316455697,2.5316455696202533
E00030315,125,31,5,26,94,90,4,24.8,4,20.8,75.2,72,3.2
E00030316,149,43,9,34,106,92,14,28.859060402684566,6.0402684563758395,22.818791946308725,71.14093959731544,61.74496644295302,9.395973154362416
E00030317,164,34,5,29,130,119,11,20.73170731707317,3.048780487804878,17.682926829268293,79.26829268292683,72.5609756097561,6.707317073170732
E00030318,147,37,6,31,110,91,19,25.170068027210885,4.081632653061225,21.08843537414966,74.82993197278913,61.904761904761905,12.925170068027212
E00030319,157,43,12,31,114,100,14,27.388535031847134,7.643312101910828,19.745222929936308,72.61146496815286,63.69426751592356,8.9171974522293
E00030320,104,29,7,22,75,69,6,27.884615384615387,6.730769230769231,21.153846153846153,72.11538461538461,66.34615384615384,5.769230769230769
E00030321,102,24,9,15,78,70,8,23.52941176470588,8.823529411764707,14.705882352941178,76.47058823529412,68.62745098039215,7.8431372549019605
E00030322,165,52,18,34,113,100,13,31.515151515151512,10.909090909090908,20.606060606060606,68.48484848484848,60.60606060606061,7.878787878787878
E00030323,161,41,17,24,120,107,13,25.465838509316768,10.559006211180124,14.906832298136646,74.53416149068323,66.45962732919256,8.074534161490684
E00030324,134,37,12,25,97,82,15,27.611940298507463,8.955223880597014,18.65671641791045,72.38805970149254,61.19402985074627,11.194029850746269
E00030325,111,33,8,25,78,70,8,29.72972972972973,7.207207207207207,22.52252252252252,70.27027027027027,63.06306306306306,7.207207207207207
E00030326,158,43,13,30,115,101,14,27.21518987341772,8.227848101265822,18.9873417721519,72.78481012658227,63.92405063291139,8.860759493670885
E00030327,96,19,7,12,77,64,13,19.791666666666664,7.291666666666667,12.5,80.20833333333334,66.66666666666666,13.541666666666666
E00030328,171,53,14,39,118,114,4,30.994152046783626,8.187134502923977,22.807017543859647,69.00584795321637,66.66666666666666,2.3391812865497075
E00030329,166,39,11,28,127,105,22,23.49397590361446,6.626506024096386,16.867469879518072,76.50602409638554,63.25301204819277,13.253012048192772
E00030330,117,33,13,20,84,78,6,28.205128205128204,11.11111111111111,17.094017094017094,71.7948717948718,66.66666666666666,5.128205128205128
E00030331,98,28,9,19,70,62,8,28.57142857142857,9.183673469387756,19.387755102040817,71.42857142857143,63.26530612244898,8.16326530612245
E00030332,119,23,10,13,96,89,7,19.327731092436977,8.403361344537815,10.92436974789916,80.67226890756302,74.78991596638656,5.88235294117647
E00030333,139,30,11,19,109,100,9,21.58273381294964,7.913669064748201,13.66906474820144,78.41726618705036,71.94244604316546,6.474820143884892
E00030334,158,29,5,24,129,123,6,18.354430379746837,3.1645569620253164,15.18987341772152,81.64556962025317,77.84810126582279,3.79746835443038
E00030335,181,52,23,29,129,119,10,28.7292817679558,12.70718232044199,16.022099447513813,71.27071823204419,65.74585635359117,5.524861878453039
E00030336,324,71,21,50,253,226,27,21.91358024691358,6.481481481481481,15.432098765432098,78.08641975308642,69.75308641975309,8.333333333333332
E00030337,144,19,2,17,125,104,21,13.194444444444445,1.3888888888888888,11.805555555555555,86.80555555555556,72.22222222222221,14.583333333333334
E00030338,131,39,19,20,92,81,11,29.770992366412212,14.50381679389313,15.267175572519085,70.22900763358778,61.832061068702295,8.396946564885496
E00030339,111,29,11,18,82,74,8,26.126126126126124,9.90990990990991,16.216216216216218,73.87387387387388,66.66666666666666,7.207207207207207
E00030340,96,22,4,18,74,64,10,22.916666666666664,4.166666666666666,18.75,77.08333333333334,66.66666666666666,10.416666666666668
E00030341,181,26,7,19,155,141,14,14.3646408839779,3.867403314917127,10.497237569060774,85.6353591160221,77.90055248618785,7.734806629834254
E00030342,169,46,14,32,123,117,6,27.218934911242602,8.284023668639055,18.93491124260355,72.7810650887574,69.23076923076923,3.5502958579881656
E00030343,137,40,11,29,97,89,8,29.1970802919708,8.02919708029197,21.16788321167883,70.8029197080292,64.96350364963503,5.839416058394161
E00030344,109,30,7,23,79,75,4,27.522935779816514,6.422018348623854,21.100917431192663,72.47706422018348,68.80733944954129,3.669724770642202
E00030345,156,39,11,28,117,110,7,25,7.051282051282051,17.94871794871795,75,70.51282051282051,4.487179487179487
E00030346,129,30,5,25,99,91,8,23.25581395348837,3.875968992248062,19.379844961240313,76.74418604651163,70.54263565891473,6.2015503875969
E00030347,154,43,21,22,111,100,11,27.92207792207792,13.636363636363635,14.285714285714285,72.07792207792207,64.93506493506493,7.142857142857142
E00030348,161,45,11,34,116,104,12,27.95031055900621,6.832298136645963,21.11801242236025,72.04968944099379,64.59627329192547,7.453416149068323
E00030349,67,18,8,10,49,47,2,26.865671641791046,11.940298507462686,14.925373134328357,73.13432835820896,70.1492537313433,2.9850746268656714
E00030350,157,43,15,28,114,98,16,27.388535031847134,9.554140127388536,17.8343949044586,72.61146496815286,62.42038216560509,10.191082802547772
E00030351,160,38,9,29,122,105,17,23.75,5.625,18.125,76.25,65.625,10.625
E00030352,135,29,8,21,106,97,9,21.48148148148148,5.9259259259259265,15.555555555555555,78.51851851851852,71.85185185185186,6.666666666666667
E00030353,137,43,13,30,94,83,11,31.386861313868614,9.48905109489051,21.897810218978105,68.61313868613139,60.58394160583942,8.02919708029197
E00030354,106,30,8,22,76,68,8,28.30188679245283,7.547169811320755,20.754716981132077,71.69811320754717,64.15094339622641,7.547169811320755
E00030355,107,37,6,31,70,62,8,34.57943925233645,5.607476635514018,28.971962616822427,65.42056074766354,57.943925233644855,7.476635514018691
E00030356,121,25,5,20,96,89,7,20.66115702479339,4.132231404958678,16.528925619834713,79.33884297520662,73.55371900826447,5.785123966942149
E00030357,178,63,30,33,115,100,15,35.39325842696629,16.853932584269664,18.53932584269663,64.60674157303372,56.17977528089888,8.426966292134832
E00030358,128,32,7,25,96,85,11,25,5.46875,19.53125,75,66.40625,8.59375
E00030360,150,37,11,26,113,107,6,24.666666666666668,7.333333333333333,17.333333333333336,75.33333333333333,71.33333333333334,4
E00030361,202,46,13,33,156,136,20,22.772277227722775,6.435643564356436,16.33663366336634,77.22772277227723,67.32673267326733,9.900990099009901
E00030362,153,46,11,35,107,95,12,30.065359477124183,7.18954248366013,22.875816993464053,69.93464052287581,62.091503267973856,7.8431372549019605
E00030363,129,26,7,19,103,98,5,20.155038759689923,5.426356589147287,14.728682170542637,79.84496124031007,75.96899224806202,3.875968992248062
E00030364,124,36,8,28,88,79,9,29.03225806451613,6.451612903225806,22.58064516129032,70.96774193548387,63.70967741935484,7.258064516129033
E00030365,175,55,18,37,120,106,14,31.428571428571427,10.285714285714285,21.142857142857142,68.57142857142857,60.57142857142858,8
E00030366,200,41,11,30,159,137,22,20.5,5.5,15,79.5,68.5,11
E00030367,196,45,10,35,151,139,12,22.95918367346939,5.1020408163265305,17.857142857142858,77.04081632653062,70.91836734693877,6.122448979591836
E00030368,185,48,10,38,137,124,13,25.945945945945947,5.405405405405405,20.54054054054054,74.05405405405405,67.02702702702703,7.027027027027027
E00030369,126,33,7,26,93,84,9,26.190476190476193,5.555555555555555,20.634920634920633,73.80952380952381,66.66666666666666,7.142857142857142
E00030371,121,29,7,22,92,76,16,23.96694214876033,5.785123966942149,18.181818181818183,76.03305785123968,62.8099173553719,13.223140495867769
E00030372,137,37,11,26,100,92,8,27.00729927007299,8.02919708029197,18.97810218978102,72.99270072992701,67.15328467153284,5.839416058394161
E00030373,99,36,11,25,63,57,6,36.36363636363637,11.11111111111111,25.252525252525253,63.63636363636363,57.57575757575758,6.0606060606060606
E00030374,169,46,13,33,123,110,13,27.218934911242602,7.6923076923076925,19.526627218934912,72.7810650887574,65.08875739644971,7.6923076923076925
E00030375,124,43,14,29,81,68,13,34.67741935483871,11.29032258064516,23.387096774193548,65.32258064516128,54.83870967741935,10.483870967741936
E00030376,193,50,12,38,143,130,13,25.906735751295333,6.217616580310881,19.689119170984455,74.09326424870466,67.35751295336787,6.7357512953367875
E00030377,89,32,5,27,57,57,0,35.95505617977528,5.617977528089887,30.337078651685395,64.04494382022472,64.04494382022472,0
E00030378,182,44,10,34,138,116,22,24.175824175824175,5.4945054945054945,18.681318681318682,75.82417582417582,63.73626373626373,12.087912087912088
E00030379,202,45,15,30,157,149,8,22.277227722772277,7.425742574257425,14.85148514851485,77.72277227722772,73.76237623762376,3.9603960396039604
E00030380,134,50,11,39,84,74,10,37.3134328358209,8.208955223880597,29.1044776119403,62.68656716417911,55.223880597014926,7.462686567164178
E00030381,146,34,10,24,112,97,15,23.28767123287671,6.8493150684931505,16.43835616438356,76.71232876712328,66.43835616438356,10.273972602739725
E00030382,146,37,10,27,109,100,9,25.34246575342466,6.8493150684931505,18.493150684931507,74.65753424657534,68.4931506849315,6.164383561643835
E00030383,150,44,11,33,106,99,7,29.333333333333332,7.333333333333333,22,70.66666666666667,66,4.666666666666667
E00030384,149,36,12,24,113,102,11,24.161073825503358,8.053691275167784,16.10738255033557,75.83892617449665,68.45637583892618,7.38255033557047
E00030385,138,38,10,28,100,94,6,27.536231884057973,7.246376811594203,20.28985507246377,72.46376811594203,68.11594202898551,4.3478260869565215
E00030386,165,41,15,26,124,118,6,24.848484848484848,9.090909090909092,15.757575757575756,75.15151515151514,71.51515151515152,3.6363636363636362
E00030387,69,24,10,14,45,40,5,34.78260869565217,14.492753623188406,20.28985507246377,65.21739130434783,57.971014492753625,7.246376811594203
E00030388,114,30,6,24,84,74,10,26.31578947368421,5.263157894736842,21.052631578947366,73.68421052631578,64.91228070175438,8.771929824561402
E00030389,148,49,14,35,99,92,7,33.108108108108105,9.45945945945946,23.64864864864865,66.8918918918919,62.16216216216216,4.72972972972973
E00030390,67,24,10,14,43,39,4,35.82089552238806,14.925373134328357,20.8955223880597,64.17910447761194,58.2089552238806,5.970149253731343
E00030391,104,38,5,33,66,58,8,36.53846153846153,4.807692307692308,31.73076923076923,63.46153846153846,55.769230769230774,7.6923076923076925
E00030392,152,49,17,32,103,87,16,32.23684210526316,11.18421052631579,21.052631578947366,67.76315789473685,57.23684210526315,10.526315789473683
E00030393,117,36,9,27,81,73,8,30.76923076923077,7.6923076923076925,23.076923076923077,69.23076923076923,62.39316239316239,6.837606837606838
E00030394,176,39,12,27,137,118,19,22.15909090909091,6.8181818181818175,15.340909090909092,77.8409090909091,67.04545454545455,10.795454545454545
E00030395,163,41,10,31,122,108,14,25.153374233128833,6.134969325153374,19.018404907975462,74.84662576687117,66.25766871165644,8.588957055214724
E00030396,124,45,17,28,79,76,3,36.29032258064516,13.709677419354838,22.58064516129032,63.70967741935484,61.29032258064516,2.4193548387096775
E00030397,174,48,18,30,126,111,15,27.586206896551722,10.344827586206897,17.24137931034483,72.41379310344827,63.793103448275865,8.620689655172415
E00030398,159,40,11,29,119,103,16,25.157232704402517,6.918238993710692,18.238993710691823,74.84276729559748,64.77987421383648,10.062893081761008
E00030399,51,13,5,8,38,33,5,25.49019607843137,9.803921568627452,15.686274509803921,74.50980392156863,64.70588235294117,9.803921568627452
E00030400,147,44,12,32,103,91,12,29.931972789115648,8.16326530612245,21.768707482993197,70.06802721088435,61.904761904761905,8.16326530612245
E00030401,145,43,22,21,102,94,8,29.655172413793103,15.172413793103448,14.482758620689657,70.34482758620689,64.82758620689654,5.517241379310345
E00030402,124,39,10,29,85,78,7,31.451612903225808,8.064516129032258,23.387096774193548,68.54838709677419,62.903225806451616,5.64516129032258
E00030403,117,30,8,22,87,77,10,25.64102564102564,6.837606837606838,18.803418803418804,74.35897435897436,65.8119658119658,8.547008547008547
E00030404,159,43,19,24,116,102,14,27.044025157232703,11.949685534591195,15.09433962264151,72.95597484276729,64.15094339622641,8.80503144654088
E00030405,191,49,13,36,142,129,13,25.654450261780106,6.806282722513089,18.848167539267017,74.3455497382199,67.5392670157068,6.806282722513089
E00030406,149,39,13,26,110,104,6,26.174496644295303,8.724832214765101,17.449664429530202,73.8255033557047,69.79865771812081,4.026845637583892
E00030407,138,41,17,24,97,88,9,29.71014492753623,12.318840579710146,17.391304347826086,70.28985507246377,63.76811594202898,6.521739130434782
E00030408,152,39,13,26,113,109,4,25.657894736842106,8.552631578947368,17.105263157894736,74.3421052631579,71.71052631578947,2.631578947368421
E00030409,137,34,11,23,103,89,14,24.817518248175183,8.02919708029197,16.78832116788321,75.18248175182481,64.96350364963503,10.218978102189782
E00030410,179,58,10,48,121,114,7,32.402234636871505,5.58659217877095,26.81564245810056,67.59776536312849,63.687150837988824,3.910614525139665
E00030411,150,44,12,32,106,98,8,29.333333333333332,8,21.333333333333336,70.66666666666667,65.33333333333333,5.333333333333334
E00030412,166,47,9,38,119,107,12,28.313253012048197,5.421686746987952,22.89156626506024,71.6867469879518,64.45783132530121,7.228915662650602
E00030413,156,48,12,36,108,95,13,30.76923076923077,7.6923076923076925,23.076923076923077,69.23076923076923,60.89743589743589,8.333333333333332
E00030414,138,30,6,24,108,97,11,21.73913043478261,4.3478260869565215,17.391304347826086,78.26086956521739,70.28985507246377,7.971014492753622
E00030415,148,46,16,30,102,94,8,31.08108108108108,10.81081081081081,20.27027027027027,68.91891891891892,63.51351351351351,5.405405405405405
E00030416,136,36,6,30,100,89,11,26.47058823529412,4.411764705882353,22.058823529411764,73.52941176470588,65.44117647058823,8.088235294117647
E00030417,157,33,6,27,124,114,10,21.019108280254777,3.821656050955414,17.197452229299362,78.98089171974523,72.61146496815286,6.369426751592357
E00030418,99,27,9,18,72,64,8,27.27272727272727,9.090909090909092,18.181818181818183,72.72727272727273,64.64646464646465,8.080808080808081
E00030419,123,40,9,31,83,77,6,32.52032520325203,7.317073170731707,25.203252032520325,67.47967479674797,62.601626016260155,4.878048780487805
E00030420,134,32,13,19,102,96,6,23.88059701492537,9.701492537313433,14.17910447761194,76.11940298507463,71.64179104477611,4.477611940298507
E00030421,89,33,10,23,56,49,7,37.07865168539326,11.235955056179774,25.842696629213485,62.92134831460674,55.0561797752809,7.865168539325842
E00030422,131,52,22,30,79,70,9,39.69465648854962,16.793893129770993,22.900763358778626,60.30534351145038,53.43511450381679,6.870229007633588
E00030423,161,50,17,33,111,95,16,31.05590062111801,10.559006211180124,20.496894409937887,68.94409937888199,59.006211180124225,9.937888198757763
E00030424,72,31,8,23,41,37,4,43.05555555555556,11.11111111111111,31.944444444444443,56.94444444444444,51.388888888888886,5.555555555555555
E00030425,176,57,17,40,119,106,13,32.38636363636363,9.659090909090908,22.727272727272727,67.61363636363636,60.22727272727273,7.386363636363637
E00030426,164,48,16,32,116,102,14,29.268292682926827,9.75609756097561,19.51219512195122,70.73170731707317,62.19512195121951,8.536585365853659
E00030427,134,32,11,21,102,95,7,23.88059701492537,8.208955223880597,15.671641791044777,76.11940298507463,70.8955223880597,5.223880597014925
E00030428,100,33,8,25,67,62,5,33,8,25,67,62,5
E00030429,146,44,19,25,102,95,7,30.136986301369863,13.013698630136986,17.123287671232877,69.86301369863014,65.06849315068493,4.794520547945205
E00030430,158,45,12,33,113,99,14,28.48101265822785,7.59493670886076,20.88607594936709,71.51898734177216,62.65822784810127,8.860759493670885
E00030431,160,33,7,26,127,114,13,20.625,4.375,16.25,79.375,71.25,8.125
E00030432,167,41,10,31,126,116,10,24.550898203592812,5.9880239520958085,18.562874251497004,75.44910179640718,69.46107784431138,5.9880239520958085
E00030433,146,24,4,20,122,113,9,16.43835616438356,2.73972602739726,13.698630136986301,83.56164383561644,77.3972602739726,6.164383561643835
E00030434,206,50,19,31,156,137,19,24.271844660194176,9.223300970873787,15.048543689320388,75.72815533980582,66.50485436893204,9.223300970873787
E00030435,88,25,6,19,63,57,6,28.40909090909091,6.8181818181818175,21.59090909090909,71.5909090909091,64.77272727272727,6.8181818181818175
E00030436,102,36,16,20,66,59,7,35.294117647058826,15.686274509803921,19.607843137254903,64.70588235294117,57.84313725490197,6.862745098039216
E00030437,133,44,17,27,89,80,9,33.08270676691729,12.781954887218044,20.30075187969925,66.9172932330827,60.150375939849624,6.7669172932330826
E00030438,131,33,12,21,98,90,8,25.190839694656486,9.16030534351145,16.030534351145036,74.80916030534351,68.70229007633588,6.106870229007633
E00030439,85,20,9,11,65,59,6,23.52941176470588,10.588235294117647,12.941176470588237,76.47058823529412,69.41176470588235,7.0588235294117645
E00030440,127,38,15,23,89,81,8,29.92125984251969,11.811023622047244,18.11023622047244,70.07874015748031,63.77952755905512,6.299212598425196
E00030441,102,27,6,21,75,71,4,26.47058823529412,5.88235294117647,20.588235294117645,73.52941176470588,69.6078431372549,3.9215686274509802
E00030442,109,28,9,19,81,74,7,25.688073394495415,8.256880733944955,17.431192660550458,74.31192660550458,67.88990825688074,6.422018348623854
E00030443,126,20,6,14,106,96,10,15.873015873015872,4.761904761904762,11.11111111111111,84.12698412698413,76.19047619047619,7.936507936507936
E00030444,84,24,14,10,60,52,8,28.57142857142857,16.666666666666664,11.904761904761903,71.42857142857143,61.904761904761905,9.523809523809524
E00030445,119,32,8,24,87,79,8,26.89075630252101,6.722689075630252,20.168067226890756,73.10924369747899,66.38655462184873,6.722689075630252
E00030446,135,41,12,29,94,76,18,30.37037037037037,8.88888888888889,21.48148148148148,69.62962962962963,56.2962962962963,13.333333333333334
E00030447,84,31,8,23,53,43,10,36.904761904761905,9.523809523809524,27.380952380952383,63.095238095238095,51.19047619047619,11.904761904761903
E00030448,218,55,20,35,163,147,16,25.229357798165136,9.174311926605505,16.055045871559635,74.77064220183486,67.43119266055045,7.339449541284404
E00030449,125,39,11,28,86,77,9,31.2,8.799999999999999,22.400000000000002,68.8,61.6,7.199999999999999
E00030450,117,27,7,20,90,84,6,23.076923076923077,5.982905982905983,17.094017094017094,76.92307692307693,71.7948717948718,5.128205128205128
E00030451,273,68,19,49,205,184,21,24.90842490842491,6.95970695970696,17.94871794871795,75.0915750915751,67.3992673992674,7.6923076923076925
E00030452,136,33,12,21,103,92,11,24.264705882352942,8.823529411764707,15.441176470588236,75.73529411764706,67.64705882352942,8.088235294117647
E00030453,195,57,18,39,138,111,27,29.230769230769234,9.230769230769232,20,70.76923076923077,56.92307692307692,13.846153846153847
E00030454,285,77,24,53,208,189,19,27.017543859649123,8.421052631578947,18.596491228070175,72.98245614035088,66.3157894736842,6.666666666666667
E00030455,102,32,10,22,70,62,8,31.372549019607842,9.803921568627452,21.568627450980394,68.62745098039215,60.78431372549019,7.8431372549019605
E00030456,153,44,7,37,109,97,12,28.75816993464052,4.57516339869281,24.183006535947712,71.24183006535948,63.39869281045751,7.8431372549019605
E00030457,119,44,12,32,75,66,9,36.97478991596639,10.084033613445378,26.89075630252101,63.02521008403361,55.46218487394958,7.563025210084033
E00030458,153,35,12,23,118,108,10,22.875816993464053,7.8431372549019605,15.032679738562091,77.12418300653596,70.58823529411765,6.535947712418301
E00030459,148,38,11,27,110,101,9,25.675675675675674,7.4324324324324325,18.243243243243242,74.32432432432432,68.24324324324324,6.081081081081082
E00030460,120,39,9,30,81,73,8,32.5,7.5,25,67.5,60.83333333333333,6.666666666666667
E00030461,108,36,17,19,72,63,9,33.33333333333333,15.74074074074074,17.59259259259259,66.66666666666666,58.333333333333336,8.333333333333332
E00030462,159,51,18,33,108,100,8,32.075471698113205,11.320754716981133,20.754716981132077,67.9245283018868,62.893081761006286,5.031446540880504
E00030463,134,37,9,28,97,85,12,27.611940298507463,6.7164179104477615,20.8955223880597,72.38805970149254,63.43283582089553,8.955223880597014
E00030464,135,30,6,24,105,94,11,22.22222222222222,4.444444444444445,17.77777777777778,77.77777777777779,69.62962962962963,8.148148148148149
E00030465,139,37,10,27,102,94,8,26.618705035971225,7.1942446043165464,19.424460431654676,73.38129496402878,67.62589928057554,5.755395683453238
E00030466,173,50,16,34,123,110,13,28.901734104046245,9.248554913294797,19.653179190751445,71.09826589595376,63.58381502890174,7.514450867052023
E00030467,131,44,14,30,87,78,9,33.587786259541986,10.687022900763358,22.900763358778626,66.41221374045801,59.541984732824424,6.870229007633588
E00030468,168,49,12,37,119,103,16,29.166666666666668,7.142857142857142,22.023809523809522,70.83333333333334,61.30952380952381,9.523809523809524
E00030469,215,48,22,26,167,145,22,22.325581395348838,10.232558139534884,12.093023255813954,77.67441860465117,67.44186046511628,10.232558139534884
E00030470,146,40,12,28,106,98,8,27.397260273972602,8.21917808219178,19.17808219178082,72.6027397260274,67.12328767123287,5.47945205479452
E00030471,154,29,11,18,125,113,12,18.83116883116883,7.142857142857142,11.688311688311687,81.16883116883116,73.37662337662337,7.792207792207792
E00030472,176,44,13,31,132,122,10,25,7.386363636363637,17.613636363636363,75,69.31818181818183,5.681818181818182
E00030473,199,55,17,38,144,131,13,27.63819095477387,8.542713567839195,19.09547738693467,72.36180904522614,65.82914572864321,6.532663316582915
E00030474,120,26,3,23,94,81,13,21.666666666666668,2.5,19.166666666666668,78.33333333333333,67.5,10.833333333333334
E00030475,139,41,12,29,98,93,5,29.496402877697843,8.633093525179856,20.863309352517987,70.50359712230215,66.90647482014388,3.5971223021582732
E00030476,126,28,12,16,98,87,11,22.22222222222222,9.523809523809524,12.698412698412698,77.77777777777779,69.04761904761905,8.73015873015873
E00030477,203,51,16,35,152,134,18,25.12315270935961,7.8817733990147785,17.24137931034483,74.8768472906404,66.00985221674877,8.866995073891626
E00030478,79,25,9,16,54,44,10,31.645569620253166,11.39240506329114,20.253164556962027,68.35443037974683,55.69620253164557,12.658227848101266
E00030479,143,37,7,30,106,101,5,25.874125874125873,4.895104895104895,20.97902097902098,74.12587412587412,70.62937062937063,3.4965034965034967
E00030480,179,46,16,30,133,121,12,25.69832402234637,8.938547486033519,16.75977653631285,74.30167597765363,67.59776536312849,6.70391061452514
E00030481,178,49,10,39,129,120,9,27.52808988764045,5.617977528089887,21.910112359550563,72.47191011235955,67.41573033707866,5.056179775280898
E00030482,233,52,19,33,181,164,17,22.317596566523605,8.15450643776824,14.163090128755366,77.6824034334764,70.3862660944206,7.296137339055794
E00030483,115,27,5,22,88,77,11,23.47826086956522,4.3478260869565215,19.130434782608695,76.52173913043478,66.95652173913044,9.565217391304348
E00030484,140,49,13,36,91,82,9,35,9.285714285714286,25.71428571428571,65,58.57142857142858,6.428571428571428
E00030485,175,42,10,32,133,113,20,24,5.714285714285714,18.285714285714285,76,64.57142857142857,11.428571428571429
E00030486,149,36,7,29,113,103,10,24.161073825503358,4.697986577181208,19.463087248322147,75.83892617449665,69.12751677852349,6.7114093959731544
E00030487,68,21,5,16,47,44,3,30.88235294117647,7.352941176470589,23.52941176470588,69.11764705882352,64.70588235294117,4.411764705882353
E00030488,114,36,10,26,78,69,9,31.57894736842105,8.771929824561402,22.807017543859647,68.42105263157895,60.526315789473685,7.894736842105263
E00030489,60,10,5,5,50,43,7,16.666666666666664,8.333333333333332,8.333333333333332,83.33333333333334,71.66666666666667,11.666666666666666
E00030490,87,28,10,18,59,51,8,32.18390804597701,11.494252873563218,20.689655172413794,67.81609195402298,58.620689655172406,9.195402298850574
E00030491,68,12,4,8,56,51,5,17.647058823529413,5.88235294117647,11.76470588235294,82.35294117647058,75,7.352941176470589
E00030492,81,31,9,22,50,48,2,38.2716049382716,11.11111111111111,27.160493827160494,61.72839506172839,59.25925925925925,2.4691358024691357
E00030493,133,38,12,26,95,84,11,28.57142857142857,9.022556390977442,19.548872180451127,71.42857142857143,63.1578947368421,8.270676691729323
E00030494,81,27,5,22,54,54,0,33.33333333333333,6.172839506172839,27.160493827160494,66.66666666666666,66.66666666666666,0
E00030495,176,46,15,31,130,119,11,26.136363636363637,8.522727272727272,17.613636363636363,73.86363636363636,67.61363636363636,6.25
E00030496,144,28,9,19,116,103,13,19.444444444444446,6.25,13.194444444444445,80.55555555555556,71.52777777777779,9.027777777777777
E00030497,152,35,7,28,117,102,15,23.026315789473685,4.605263157894736,18.421052631578945,76.97368421052632,67.10526315789474,9.868421052631579
E00030498,103,34,16,18,69,60,9,33.00970873786408,15.53398058252427,17.475728155339805,66.99029126213593,58.252427184466015,8.737864077669903
E00030499,202,50,13,37,152,136,16,24.752475247524753,6.435643564356436,18.316831683168317,75.24752475247524,67.32673267326733,7.920792079207921
E00030500,119,31,10,21,88,75,13,26.05042016806723,8.403361344537815,17.647058823529413,73.94957983193278,63.02521008403361,10.92436974789916
E00030501,122,30,6,24,92,76,16,24.59016393442623,4.918032786885246,19.672131147540984,75.40983606557377,62.295081967213115,13.114754098360656
E00030502,150,29,1,28,121,109,12,19.333333333333332,0.6666666666666667,18.666666666666668,80.66666666666666,72.66666666666667,8
E00030503,117,27,3,24,90,85,5,23.076923076923077,2.564102564102564,20.51282051282051,76.92307692307693,72.64957264957265,4.273504273504273
E00030504,57,23,7,16,34,31,3,40.35087719298245,12.280701754385964,28.07017543859649,59.64912280701754,54.385964912280706,5.263157894736842
E00030506,54,24,8,16,30,30,0,44.44444444444444,14.814814814814813,29.629629629629626,55.55555555555556,55.55555555555556,0
E00030507,191,54,21,33,137,123,14,28.272251308900525,10.99476439790576,17.277486910994764,71.72774869109948,64.3979057591623,7.329842931937172
E00030508,128,39,14,25,89,77,12,30.46875,10.9375,19.53125,69.53125,60.15625,9.375
E00030509,161,24,8,16,137,122,15,14.906832298136646,4.968944099378882,9.937888198757763,85.09316770186336,75.77639751552795,9.316770186335404
E00030510,162,42,12,30,120,107,13,25.925925925925924,7.4074074074074066,18.51851851851852,74.07407407407408,66.0493827160494,8.024691358024691
E00030511,131,32,11,21,99,86,13,24.427480916030532,8.396946564885496,16.030534351145036,75.57251908396947,65.64885496183206,9.923664122137405
E00030512,105,38,12,26,67,58,9,36.19047619047619,11.428571428571429,24.761904761904763,63.8095238095238,55.23809523809524,8.571428571428571
E00030513,174,56,17,39,118,97,21,32.18390804597701,9.770114942528735,22.413793103448278,67.81609195402298,55.74712643678161,12.068965517241379
E00030514,233,63,20,43,170,152,18,27.038626609442062,8.583690987124463,18.4549356223176,72.96137339055794,65.23605150214593,7.725321888412018
E00030515,281,82,24,58,199,176,23,29.181494661921707,8.540925266903916,20.640569395017792,70.8185053380783,62.63345195729537,8.185053380782918
E00030516,165,57,16,41,108,98,10,34.54545454545455,9.696969696969697,24.848484848484848,65.45454545454545,59.3939393939394,6.0606060606060606
E00030517,151,49,18,31,102,95,7,32.450331125827816,11.920529801324504,20.52980132450331,67.54966887417218,62.913907284768214,4.635761589403973
E00030518,194,49,9,40,145,132,13,25.257731958762886,4.639175257731959,20.618556701030926,74.74226804123711,68.04123711340206,6.701030927835052
E00030519,125,42,6,36,83,76,7,33.6,4.8,28.799999999999997,66.4,60.8,5.6000000000000005
E00030520,162,39,15,24,123,114,9,24.074074074074073,9.25925925925926,14.814814814814813,75.92592592592592,70.37037037037037,5.555555555555555
E00030521,273,58,15,43,215,197,18,21.245421245421245,5.4945054945054945,15.75091575091575,78.75457875457876,72.16117216117216,6.593406593406594
E00030522,53,24,5,19,29,28,1,45.28301886792453,9.433962264150944,35.84905660377358,54.71698113207547,52.83018867924528,1.8867924528301887
E00030523,191,45,15,30,146,133,13,23.56020942408377,7.853403141361256,15.706806282722512,76.43979057591623,69.63350785340315,6.806282722513089
E00030525,46,13,0,13,33,30,3,28.26086956521739,0,28.26086956521739,71.73913043478261,65.21739130434783,6.521739130434782
E00030526,137,45,14,31,92,85,7,32.846715328467155,10.218978102189782,22.62773722627737,67.15328467153284,62.04379562043796,5.109489051094891
E00030527,114,32,18,14,82,77,5,28.07017543859649,15.789473684210526,12.280701754385964,71.9298245614035,67.54385964912281,4.385964912280701
E00030528,101,20,8,12,81,70,11,19.801980198019802,7.920792079207921,11.881188118811881,80.19801980198021,69.3069306930693,10.891089108910892
E00030529,130,33,16,17,97,85,12,25.384615384615383,12.307692307692308,13.076923076923078,74.61538461538461,65.38461538461539,9.230769230769232
E00030530,132,45,11,34,87,80,7,34.090909090909086,8.333333333333332,25.757575757575758,65.9090909090909,60.60606060606061,5.303030303030303
E00030531,64,23,5,18,41,33,8,35.9375,7.8125,28.125,64.0625,51.5625,12.5
E00030532,134,65,11,54,69,69,0,48.507462686567166,8.208955223880597,40.298507462686565,51.49253731343284,51.49253731343284,0
E00030533,200,45,14,31,155,139,16,22.5,7.000000000000001,15.5,77.5,69.5,8
E00030534,51,16,2,14,35,32,3,31.372549019607842,3.9215686274509802,27.450980392156865,68.62745098039215,62.745098039215684,5.88235294117647
E00030535,153,75,24,51,78,73,5,49.01960784313725,15.686274509803921,33.33333333333333,50.98039215686274,47.712418300653596,3.2679738562091507
E00030536,185,80,25,55,105,91,14,43.24324324324324,13.513513513513514,29.72972972972973,56.75675675675676,49.18918918918919,7.567567567567568
E00030537,89,28,10,18,61,46,15,31.46067415730337,11.235955056179774,20.224719101123593,68.53932584269663,51.68539325842697,16.853932584269664
E00030538,129,48,10,38,81,75,6,37.2093023255814,7.751937984496124,29.457364341085274,62.7906976744186,58.139534883720934,4.651162790697675
E00030539,170,53,12,41,117,108,9,31.176470588235293,7.0588235294117645,24.11764705882353,68.82352941176471,63.52941176470588,5.294117647058823
E00030540,156,50,16,34,106,89,17,32.05128205128205,10.256410256410255,21.794871794871796,67.94871794871796,57.05128205128205,10.897435897435898
E00030541,116,39,11,28,77,71,6,33.62068965517241,9.482758620689655,24.137931034482758,66.37931034482759,61.206896551724135,5.172413793103448
E00030542,189,49,10,39,140,129,11,25.925925925925924,5.291005291005291,20.634920634920633,74.07407407407408,68.25396825396825,5.82010582010582
E00030543,269,77,28,49,192,172,20,28.624535315985128,10.408921933085502,18.21561338289963,71.37546468401487,63.94052044609665,7.434944237918216
E00030544,161,43,10,33,118,98,20,26.70807453416149,6.211180124223603,20.496894409937887,73.29192546583852,60.86956521739131,12.422360248447205
E00030545,93,23,6,17,70,63,7,24.731182795698924,6.451612903225806,18.27956989247312,75.26881720430107,67.74193548387096,7.526881720430108
E00030546,102,29,8,21,73,73,0,28.431372549019606,7.8431372549019605,20.588235294117645,71.56862745098039,71.56862745098039,0
E00030547,173,54,27,27,119,112,7,31.213872832369944,15.606936416184972,15.606936416184972,68.78612716763006,64.73988439306359,4.046242774566474
E00030548,161,38,9,29,123,109,14,23.60248447204969,5.590062111801243,18.012422360248447,76.3975155279503,67.70186335403726,8.695652173913043
E00030549,160,34,9,25,126,105,21,21.25,5.625,15.625,78.75,65.625,13.125
E00030550,141,35,5,30,106,91,15,24.822695035460992,3.546099290780142,21.27659574468085,75.177304964539,64.53900709219859,10.638297872340425
E00030551,144,39,11,28,105,83,22,27.083333333333332,7.638888888888889,19.444444444444446,72.91666666666666,57.638888888888886,15.277777777777779
E00030552,132,32,4,28,100,90,10,24.242424242424242,3.0303030303030303,21.21212121212121,75.75757575757575,68.18181818181817,7.575757575757576
E00030553,116,34,8,26,82,71,11,29.310344827586203,6.896551724137931,22.413793103448278,70.6896551724138,61.206896551724135,9.482758620689655
E00030554,144,30,7,23,114,105,9,20.833333333333336,4.861111111111112,15.972222222222221,79.16666666666666,72.91666666666666,6.25
E00030555,146,42,14,28,104,85,19,28.767123287671232,9.58904109589041,19.17808219178082,71.23287671232876,58.21917808219178,13.013698630136986
E00030556,98,39,16,23,59,52,7,39.795918367346935,16.3265306122449,23.46938775510204,60.204081632653065,53.06122448979592,7.142857142857142
E00030558,229,77,18,59,152,138,14,33.624454148471614,7.860262008733625,25.76419213973799,66.37554585152839,60.26200873362445,6.11353711790393
E00030559,148,31,8,23,117,102,15,20.945945945945947,5.405405405405405,15.54054054054054,79.05405405405406,68.91891891891892,10.135135135135135
E00030560,181,52,12,40,129,119,10,28.7292817679558,6.629834254143646,22.099447513812155,71.27071823204419,65.74585635359117,5.524861878453039
E00030561,121,32,8,24,89,76,13,26.446280991735538,6.6115702479338845,19.834710743801654,73.55371900826447,62.8099173553719,10.743801652892563
E00030562,89,20,3,17,69,64,5,22.47191011235955,3.3707865168539324,19.101123595505616,77.52808988764045,71.91011235955057,5.617977528089887
E00030563,124,37,8,29,87,76,11,29.838709677419356,6.451612903225806,23.387096774193548,70.16129032258065,61.29032258064516,8.870967741935484
E00030564,298,67,18,49,231,209,22,22.483221476510067,6.0402684563758395,16.44295302013423,77.51677852348993,70.13422818791946,7.38255033557047
E00030565,115,30,7,23,85,71,14,26.08695652173913,6.086956521739131,20,73.91304347826086,61.73913043478261,12.173913043478262
E00030566,180,48,20,28,132,123,9,26.666666666666668,11.11111111111111,15.555555555555555,73.33333333333333,68.33333333333333,5
E00030567,298,71,19,52,227,210,17,23.825503355704697,6.375838926174497,17.449664429530202,76.1744966442953,70.46979865771812,5.704697986577181
E00030568,124,35,5,30,89,77,12,28.225806451612907,4.032258064516129,24.193548387096776,71.7741935483871,62.096774193548384,9.67741935483871
E00030569,90,22,8,14,68,62,6,24.444444444444443,8.88888888888889,15.555555555555555,75.55555555555556,68.88888888888889,6.666666666666667
E00030571,108,32,8,24,76,61,15,29.629629629629626,7.4074074074074066,22.22222222222222,70.37037037037037,56.481481481481474,13.88888888888889
E00030572,154,35,11,24,119,102,17,22.727272727272727,7.142857142857142,15.584415584415584,77.27272727272727,66.23376623376623,11.03896103896104
E00030574,150,43,13,30,107,101,6,28.666666666666668,8.666666666666668,20,71.33333333333334,67.33333333333333,4
E00030575,217,63,12,51,154,135,19,29.03225806451613,5.529953917050691,23.502304147465438,70.96774193548387,62.21198156682027,8.755760368663594
E00030576,174,46,15,31,128,111,17,26.436781609195403,8.620689655172415,17.81609195402299,73.5632183908046,63.793103448275865,9.770114942528735
E00030577,137,49,10,39,88,76,12,35.76642335766424,7.2992700729927,28.467153284671532,64.23357664233576,55.47445255474452,8.75912408759124
E00030578,171,49,16,33,122,109,13,28.654970760233915,9.35672514619883,19.298245614035086,71.34502923976608,63.74269005847953,7.602339181286549
E00030579,137,45,18,27,92,81,11,32.846715328467155,13.138686131386862,19.708029197080293,67.15328467153284,59.12408759124088,8.02919708029197
E00030580,95,28,8,20,67,58,9,29.47368421052631,8.421052631578947,21.052631578947366,70.52631578947368,61.05263157894737,9.473684210526317
E00030581,182,41,16,25,141,125,16,22.52747252747253,8.791208791208792,13.736263736263737,77.47252747252747,68.68131868131869,8.791208791208792
E00030582,244,53,17,36,191,174,17,21.721311475409834,6.967213114754098,14.754098360655737,78.27868852459017,71.31147540983606,6.967213114754098
E00030583,121,47,16,31,74,68,6,38.84297520661157,13.223140495867769,25.6198347107438,61.15702479338842,56.19834710743802,4.958677685950414
E00030585,138,32,14,18,106,96,10,23.18840579710145,10.144927536231885,13.043478260869565,76.81159420289855,69.56521739130434,7.246376811594203
E00030586,149,48,12,36,101,94,7,32.21476510067114,8.053691275167784,24.161073825503358,67.78523489932886,63.08724832214765,4.697986577181208
E00030587,102,41,8,33,61,61,0,40.19607843137255,7.8431372549019605,32.35294117647059,59.80392156862745,59.80392156862745,0
E00030588,149,37,11,26,112,108,4,24.832214765100673,7.38255033557047,17.449664429530202,75.16778523489933,72.48322147651007,2.684563758389262
E00030589,137,27,4,23,110,106,4,19.708029197080293,2.9197080291970803,16.78832116788321,80.2919708029197,77.37226277372264,2.9197080291970803
E00030590,153,44,14,30,109,94,15,28.75816993464052,9.15032679738562,19.607843137254903,71.24183006535948,61.43790849673203,9.803921568627452
E00030591,159,91,29,62,68,68,0,57.23270440251572,18.238993710691823,38.9937106918239,42.76729559748428,42.76729559748428,0
E00030592,105,36,9,27,69,59,10,34.285714285714285,8.571428571428571,25.71428571428571,65.71428571428571,56.19047619047619,9.523809523809524
E00030593,216,65,22,43,151,124,27,30.09259259259259,10.185185185185185,19.90740740740741,69.9074074074074,57.407407407407405,12.5
E00030594,108,29,5,24,79,70,9,26.851851851851855,4.62962962962963,22.22222222222222,73.14814814814815,64.81481481481481,8.333333333333332
E00030595,124,41,10,31,83,77,6,33.064516129032256,8.064516129032258,25,66.93548387096774,62.096774193548384,4.838709677419355
E00030596,144,43,12,31,101,95,6,29.86111111111111,8.333333333333332,21.52777777777778,70.13888888888889,65.97222222222221,4.166666666666666
E00030597,159,42,11,31,117,111,6,26.41509433962264,6.918238993710692,19.49685534591195,73.58490566037736,69.81132075471697,3.7735849056603774
E00030598,127,38,14,24,89,80,9,29.92125984251969,11.023622047244094,18.89763779527559,70.07874015748031,62.99212598425197,7.086614173228346
E00030599,122,39,8,31,83,74,9,31.967213114754102,6.557377049180328,25.40983606557377,68.0327868852459,60.65573770491803,7.377049180327869
E00030600,110,30,9,21,80,76,4,27.27272727272727,8.181818181818182,19.090909090909093,72.72727272727273,69.0909090909091,3.6363636363636362
E00030601,117,27,7,20,90,85,5,23.076923076923077,5.982905982905983,17.094017094017094,76.92307692307693,72.64957264957265,4.273504273504273
E00030602,175,46,15,31,129,111,18,26.285714285714285,8.571428571428571,17.71428571428571,73.71428571428571,63.42857142857142,10.285714285714285
E00030603,155,36,15,21,119,106,13,23.225806451612904,9.67741935483871,13.548387096774196,76.77419354838709,68.38709677419355,8.38709677419355
E00030604,146,43,12,31,103,87,16,29.45205479452055,8.21917808219178,21.232876712328768,70.54794520547945,59.589041095890416,10.95890410958904
E00030605,173,49,12,37,124,110,14,28.32369942196532,6.9364161849710975,21.38728323699422,71.67630057803468,63.58381502890174,8.092485549132949
E00030606,134,28,9,19,106,91,15,20.8955223880597,6.7164179104477615,14.17910447761194,79.1044776119403,67.91044776119402,11.194029850746269
E00030607,139,40,12,28,99,88,11,28.776978417266186,8.633093525179856,20.14388489208633,71.22302158273382,63.30935251798561,7.913669064748201
E00030608,122,32,9,23,90,75,15,26.229508196721312,7.377049180327869,18.852459016393443,73.77049180327869,61.47540983606557,12.295081967213115
E00030609,101,43,14,29,58,53,5,42.57425742574257,13.861386138613863,28.71287128712871,57.42574257425742,52.475247524752476,4.9504950495049505
E00030610,171,44,5,39,127,118,9,25.730994152046783,2.923976608187134,22.807017543859647,74.26900584795322,69.00584795321637,5.263157894736842
E00030611,160,37,8,29,123,104,19,23.125,5,18.125,76.875,65,11.875
E00030612,133,35,12,23,98,87,11,26.31578947368421,9.022556390977442,17.293233082706767,73.68421052631578,65.41353383458647,8.270676691729323
E00030613,144,49,13,36,95,82,13,34.02777777777778,9.027777777777777,25,65.97222222222221,56.94444444444444,9.027777777777777
E00030614,113,31,9,22,82,75,7,27.43362831858407,7.964601769911504,19.469026548672566,72.56637168141593,66.3716814159292,6.1946902654867255
E00030615,200,49,18,31,151,118,33,24.5,9,15.5,75.5,59,16.5
E00030616,142,38,13,25,104,90,14,26.76056338028169,9.15492957746479,17.6056338028169,73.23943661971832,63.38028169014085,9.859154929577464
E00030617,118,34,10,24,84,70,14,28.8135593220339,8.47457627118644,20.33898305084746,71.1864406779661,59.32203389830508,11.864406779661017
E00030618,188,46,15,31,142,125,17,24.46808510638298,7.9787234042553195,16.48936170212766,75.53191489361703,66.48936170212765,9.042553191489363
E00030619,136,39,18,21,97,83,14,28.676470588235293,13.23529411764706,15.441176470588236,71.32352941176471,61.029411764705884,10.294117647058822
E00030620,99,29,10,19,70,60,10,29.292929292929294,10.1010101010101,19.19191919191919,70.70707070707071,60.60606060606061,10.1010101010101
E00030621,123,37,13,24,86,79,7,30.081300813008134,10.569105691056912,19.51219512195122,69.91869918699187,64.22764227642277,5.691056910569105
E00030622,116,26,7,19,90,79,11,22.413793103448278,6.0344827586206895,16.379310344827587,77.58620689655173,68.10344827586206,9.482758620689655
E00030623,78,23,6,17,55,42,13,29.48717948717949,7.6923076923076925,21.794871794871796,70.51282051282051,53.84615384615385,16.666666666666664
E00030624,274,78,20,58,196,174,22,28.467153284671532,7.2992700729927,21.16788321167883,71.53284671532847,63.503649635036496,8.02919708029197
E00030625,132,58,17,41,74,64,10,43.93939393939394,12.878787878787879,31.060606060606062,56.060606060606055,48.484848484848484,7.575757575757576
E00030626,140,62,12,50,78,75,3,44.285714285714285,8.571428571428571,35.714285714285715,55.714285714285715,53.57142857142857,2.142857142857143
E00030627,140,70,18,52,70,65,5,50,12.857142857142856,37.142857142857146,50,46.42857142857143,3.571428571428571
E00030628,142,67,14,53,75,70,5,47.183098591549296,9.859154929577464,37.32394366197183,52.816901408450704,49.29577464788733,3.5211267605633805
E00030629,137,64,11,53,73,66,7,46.715328467153284,8.02919708029197,38.68613138686132,53.284671532846716,48.175182481751825,5.109489051094891
E00030630,108,35,8,27,73,66,7,32.407407407407405,7.4074074074074066,25,67.5925925925926,61.111111111111114,6.481481481481481
E00030632,118,33,10,23,85,73,12,27.966101694915253,8.47457627118644,19.491525423728813,72.03389830508475,61.86440677966102,10.16949152542373
E00030633,135,29,12,17,106,89,17,21.48148148148148,8.88888888888889,12.592592592592592,78.51851851851852,65.92592592592592,12.592592592592592
E00030634,113,30,11,19,83,77,6,26.548672566371685,9.734513274336283,16.8141592920354,73.45132743362832,68.14159292035397,5.3097345132743365
E00030635,150,51,23,28,99,82,17,34,15.333333333333332,18.666666666666668,66,54.666666666666664,11.333333333333332
E00030636,51,16,5,11,35,25,10,31.372549019607842,9.803921568627452,21.568627450980394,68.62745098039215,49.01960784313725,19.607843137254903
E00030637,130,48,14,34,82,78,4,36.92307692307693,10.76923076923077,26.153846153846157,63.07692307692307,60,3.076923076923077
E00030638,90,39,12,27,51,43,8,43.333333333333336,13.333333333333334,30,56.666666666666664,47.77777777777778,8.88888888888889
E00030639,139,35,7,28,104,94,10,25.179856115107913,5.0359712230215825,20.14388489208633,74.82014388489209,67.62589928057554,7.1942446043165464
E00030640,144,56,19,37,88,75,13,38.88888888888889,13.194444444444445,25.694444444444443,61.111111111111114,52.083333333333336,9.027777777777777
E00030641,114,38,10,28,76,65,11,33.33333333333333,8.771929824561402,24.561403508771928,66.66666666666666,57.01754385964912,9.649122807017543
E00030642,177,52,21,31,125,113,12,29.37853107344633,11.864406779661017,17.51412429378531,70.62146892655367,63.84180790960452,6.779661016949152
E00030643,194,46,14,32,148,125,23,23.711340206185564,7.216494845360824,16.49484536082474,76.28865979381443,64.43298969072166,11.855670103092782
E00030644,179,38,10,28,141,122,19,21.22905027932961,5.58659217877095,15.64245810055866,78.77094972067039,68.15642458100558,10.614525139664805
E00030645,150,40,17,23,110,101,9,26.666666666666668,11.333333333333332,15.333333333333332,73.33333333333333,67.33333333333333,6
E00030646,244,67,21,46,177,148,29,27.459016393442624,8.60655737704918,18.852459016393443,72.54098360655738,60.65573770491803,11.885245901639344
E00030647,125,41,11,30,84,73,11,32.800000000000004,8.799999999999999,24,67.2,58.4,8.799999999999999
E00030648,133,28,7,21,105,92,13,21.052631578947366,5.263157894736842,15.789473684210526,78.94736842105263,69.17293233082707,9.774436090225564
E00030649,140,37,15,22,103,86,17,26.42857142857143,10.714285714285714,15.714285714285714,73.57142857142858,61.42857142857143,12.142857142857142
E00030650,111,39,15,24,72,58,14,35.13513513513514,13.513513513513514,21.62162162162162,64.86486486486487,52.25225225225225,12.612612612612612
E00030651,143,33,13,20,110,95,15,23.076923076923077,9.090909090909092,13.986013986013987,76.92307692307693,66.43356643356644,10.48951048951049
E00030652,112,23,5,18,89,80,9,20.535714285714285,4.464285714285714,16.071428571428573,79.46428571428571,71.42857142857143,8.035714285714286
E00030653,136,31,9,22,105,96,9,22.794117647058822,6.61764705882353,16.176470588235293,77.20588235294117,70.58823529411765,6.61764705882353
E00030654,139,37,11,26,102,86,16,26.618705035971225,7.913669064748201,18.705035971223023,73.38129496402878,61.87050359712231,11.510791366906476
E00030655,128,41,13,28,87,75,12,32.03125,10.15625,21.875,67.96875,58.59375,9.375
E00030656,134,44,12,32,90,80,10,32.83582089552239,8.955223880597014,23.88059701492537,67.16417910447761,59.70149253731343,7.462686567164178
E00030657,132,39,10,29,93,81,12,29.545454545454547,7.575757575757576,21.96969696969697,70.45454545454545,61.36363636363637,9.090909090909092
E00030658,109,29,6,23,80,67,13,26.605504587155966,5.5045871559633035,21.100917431192663,73.39449541284404,61.46788990825688,11.926605504587156
E00030659,125,29,1,28,96,84,12,23.200000000000003,0.8,22.400000000000002,76.8,67.2,9.6
E00030660,85,30,15,15,55,49,6,35.294117647058826,17.647058823529413,17.647058823529413,64.70588235294117,57.647058823529406,7.0588235294117645
E00030661,105,35,16,19,70,61,9,33.33333333333333,15.238095238095239,18.095238095238095,66.66666666666666,58.0952380952381,8.571428571428571
E00030663,105,27,6,21,78,71,7,25.71428571428571,5.714285714285714,20,74.28571428571429,67.61904761904762,6.666666666666667
E00030664,176,49,17,32,127,120,7,27.84090909090909,9.659090909090908,18.181818181818183,72.1590909090909,68.18181818181817,3.977272727272727
E00030665,152,45,16,29,107,91,16,29.605263157894733,10.526315789473683,19.078947368421055,70.39473684210526,59.86842105263158,10.526315789473683
E00030666,123,37,13,24,86,75,11,30.081300813008134,10.569105691056912,19.51219512195122,69.91869918699187,60.97560975609756,8.94308943089431
E00030667,113,13,5,8,100,89,11,11.504424778761061,4.424778761061947,7.079646017699115,88.49557522123894,78.76106194690266,9.734513274336283
E00030668,240,50,17,33,190,163,27,20.833333333333336,7.083333333333333,13.750000000000002,79.16666666666666,67.91666666666667,11.25
E00030669,136,32,9,23,104,90,14,23.52941176470588,6.61764705882353,16.911764705882355,76.47058823529412,66.17647058823529,10.294117647058822
E00030670,223,55,18,37,168,143,25,24.663677130044842,8.071748878923767,16.591928251121075,75.33632286995515,64.12556053811659,11.210762331838566
E00030671,141,33,10,23,108,101,7,23.404255319148938,7.092198581560284,16.312056737588655,76.59574468085107,71.63120567375887,4.964539007092199
E00030672,98,29,9,20,69,60,9,29.591836734693878,9.183673469387756,20.408163265306122,70.40816326530613,61.224489795918366,9.183673469387756
E00030673,149,36,12,24,113,101,12,24.161073825503358,8.053691275167784,16.10738255033557,75.83892617449665,67.78523489932886,8.053691275167784
E00030674,207,40,14,26,167,150,17,19.32367149758454,6.763285024154589,12.560386473429952,80.67632850241546,72.46376811594203,8.212560386473431
E00030675,147,40,13,27,107,90,17,27.2108843537415,8.843537414965986,18.367346938775512,72.78911564625851,61.224489795918366,11.564625850340136
E00030676,136,48,15,33,88,77,11,35.294117647058826,11.029411764705882,24.264705882352942,64.70588235294117,56.61764705882353,8.088235294117647
E00030677,108,25,5,20,83,72,11,23.14814814814815,4.62962962962963,18.51851851851852,76.85185185185185,66.66666666666666,10.185185185185185
E00030678,110,29,12,17,81,73,8,26.36363636363636,10.909090909090908,15.454545454545453,73.63636363636363,66.36363636363637,7.2727272727272725
E00030679,107,30,9,21,77,60,17,28.037383177570092,8.411214953271028,19.626168224299064,71.96261682242991,56.074766355140184,15.887850467289718
E00030680,132,47,13,34,85,72,13,35.60606060606061,9.848484848484848,25.757575757575758,64.39393939393939,54.54545454545454,9.848484848484848
E00030681,119,40,13,27,79,72,7,33.61344537815126,10.92436974789916,22.689075630252102,66.38655462184873,60.50420168067227,5.88235294117647
E00030682,128,35,6,29,93,83,10,27.34375,4.6875,22.65625,72.65625,64.84375,7.8125
E00030684,167,45,8,37,122,112,10,26.94610778443114,4.790419161676647,22.15568862275449,73.05389221556887,67.06586826347305,5.9880239520958085
E00030685,132,31,13,18,101,88,13,23.484848484848484,9.848484848484848,13.636363636363635,76.51515151515152,66.66666666666666,9.848484848484848
E00030686,159,36,8,28,123,109,14,22.641509433962266,5.031446540880504,17.61006289308176,77.35849056603774,68.55345911949685,8.80503144654088
E00030687,110,24,4,20,86,77,9,21.818181818181817,3.6363636363636362,18.181818181818183,78.18181818181819,70,8.181818181818182
E00030688,150,42,13,29,108,96,12,28.000000000000004,8.666666666666668,19.333333333333332,72,64,8
E00030689,157,42,15,27,115,96,19,26.751592356687897,9.554140127388536,17.197452229299362,73.24840764331209,61.146496815286625,12.101910828025478
E00030690,135,40,16,24,95,82,13,29.629629629629626,11.851851851851853,17.77777777777778,70.37037037037037,60.74074074074074,9.62962962962963
E00030691,129,32,7,25,97,82,15,24.8062015503876,5.426356589147287,19.379844961240313,75.1937984496124,63.565891472868216,11.627906976744185
E00030692,147,33,8,25,114,104,10,22.448979591836736,5.442176870748299,17.006802721088434,77.55102040816327,70.74829931972789,6.802721088435375
E00030693,126,26,9,17,100,94,6,20.634920634920633,7.142857142857142,13.492063492063492,79.36507936507937,74.60317460317461,4.761904761904762
E00030694,174,38,15,23,136,117,19,21.839080459770116,8.620689655172415,13.218390804597702,78.16091954022988,67.24137931034483,10.919540229885058
E00030695,84,24,11,13,60,50,10,28.57142857142857,13.095238095238097,15.476190476190476,71.42857142857143,59.523809523809526,11.904761904761903
E00030696,137,36,11,25,101,89,12,26.277372262773724,8.02919708029197,18.248175182481752,73.72262773722628,64.96350364963503,8.75912408759124
E00030697,106,28,10,18,78,66,12,26.41509433962264,9.433962264150944,16.9811320754717,73.58490566037736,62.264150943396224,11.320754716981133
E00030699,166,43,15,28,123,111,12,25.903614457831324,9.036144578313253,16.867469879518072,74.09638554216868,66.86746987951807,7.228915662650602
E00030700,143,47,16,31,96,86,10,32.86713286713287,11.188811188811188,21.678321678321677,67.13286713286713,60.13986013986013,6.993006993006993
E00030701,161,52,17,35,109,100,9,32.298136645962735,10.559006211180124,21.73913043478261,67.70186335403726,62.11180124223602,5.590062111801243
E00030703,157,36,10,26,121,111,10,22.929936305732486,6.369426751592357,16.560509554140125,77.07006369426752,70.70063694267516,6.369426751592357
E00030704,106,30,13,17,76,61,15,28.30188679245283,12.264150943396226,16.037735849056602,71.69811320754717,57.54716981132076,14.150943396226415
E00030705,189,58,10,48,131,118,13,30.687830687830687,5.291005291005291,25.396825396825395,69.31216931216932,62.43386243386243,6.878306878306878
E00030706,149,38,6,32,111,98,13,25.503355704697988,4.026845637583892,21.476510067114095,74.49664429530202,65.77181208053692,8.724832214765101
E00030707,94,25,0,25,69,54,15,26.595744680851062,0,26.595744680851062,73.40425531914893,57.446808510638306,15.957446808510639
E00030708,151,45,10,35,106,96,10,29.80132450331126,6.622516556291391,23.178807947019866,70.19867549668875,63.576158940397356,6.622516556291391
E00030709,192,51,14,37,141,125,16,26.5625,7.291666666666667,19.270833333333336,73.4375,65.10416666666666,8.333333333333332
E00030710,170,42,15,27,128,108,20,24.705882352941178,8.823529411764707,15.88235294117647,75.29411764705883,63.52941176470588,11.76470588235294
E00030711,94,18,4,14,76,66,10,19.148936170212767,4.25531914893617,14.893617021276595,80.85106382978722,70.2127659574468,10.638297872340425
E00030712,70,19,8,11,51,46,5,27.142857142857142,11.428571428571429,15.714285714285714,72.85714285714285,65.71428571428571,7.142857142857142
E00030713,133,41,14,27,92,81,11,30.82706766917293,10.526315789473683,20.30075187969925,69.17293233082707,60.902255639097746,8.270676691729323
E00030714,118,41,13,28,77,71,6,34.74576271186441,11.016949152542372,23.728813559322035,65.2542372881356,60.16949152542372,5.084745762711865
E00030715,108,29,6,23,79,76,3,26.851851851851855,5.555555555555555,21.296296296296298,73.14814814814815,70.37037037037037,2.7777777777777777
E00030717,115,30,12,18,85,70,15,26.08695652173913,10.434782608695652,15.65217391304348,73.91304347826086,60.86956521739131,13.043478260869565
E00030718,174,37,5,32,137,128,9,21.26436781609195,2.8735632183908044,18.39080459770115,78.73563218390804,73.5632183908046,5.172413793103448
E00030719,181,38,13,25,143,126,17,20.994475138121548,7.18232044198895,13.812154696132598,79.00552486187846,69.61325966850829,9.392265193370166
E00030720,120,22,7,15,98,90,8,18.333333333333332,5.833333333333333,12.5,81.66666666666667,75,6.666666666666667
E00030721,119,36,8,28,83,74,9,30.252100840336134,6.722689075630252,23.52941176470588,69.74789915966386,62.18487394957983,7.563025210084033
E00030722,113,34,10,24,79,69,10,30.08849557522124,8.849557522123893,21.238938053097346,69.91150442477876,61.06194690265486,8.849557522123893
E00030723,142,57,18,39,85,77,8,40.140845070422536,12.676056338028168,27.464788732394368,59.859154929577464,54.22535211267606,5.633802816901409
E00030724,151,38,8,30,113,102,11,25.165562913907287,5.298013245033113,19.867549668874172,74.83443708609272,67.54966887417218,7.28476821192053
E00030725,149,31,8,23,118,109,9,20.80536912751678,5.369127516778524,15.436241610738255,79.19463087248322,73.15436241610739,6.0402684563758395
E00030726,89,23,6,17,66,59,7,25.842696629213485,6.741573033707865,19.101123595505616,74.15730337078652,66.29213483146067,7.865168539325842
E00030727,121,33,11,22,88,81,7,27.27272727272727,9.090909090909092,18.181818181818183,72.72727272727273,66.94214876033058,5.785123966942149
E00030728,122,42,9,33,80,73,7,34.42622950819672,7.377049180327869,27.049180327868854,65.57377049180327,59.83606557377049,5.737704918032787
E00030729,176,55,16,39,121,113,8,31.25,9.090909090909092,22.15909090909091,68.75,64.20454545454545,4.545454545454546
E00030730,139,24,7,17,115,111,4,17.26618705035971,5.0359712230215825,12.23021582733813,82.73381294964028,79.85611510791367,2.877697841726619
E00030731,168,44,11,33,124,113,11,26.190476190476193,6.547619047619048,19.642857142857142,73.80952380952381,67.26190476190477,6.547619047619048
E00030732,161,47,18,29,114,104,10,29.19254658385093,11.180124223602485,18.012422360248447,70.80745341614907,64.59627329192547,6.211180124223603
E00030733,100,23,7,16,77,68,9,23,7.000000000000001,16,77,68,9
E00030734,167,39,14,25,128,116,12,23.353293413173652,8.383233532934131,14.97005988023952,76.64670658682635,69.46107784431138,7.18562874251497
E00030735,127,33,6,27,94,86,8,25.984251968503933,4.724409448818897,21.25984251968504,74.01574803149606,67.71653543307087,6.299212598425196
E00030736,140,42,12,30,98,90,8,30,8.571428571428571,21.428571428571427,70,64.28571428571429,5.714285714285714
E00030737,174,43,10,33,131,116,15,24.71264367816092,5.747126436781609,18.96551724137931,75.28735632183908,66.66666666666666,8.620689655172415
E00030738,157,38,6,32,119,111,8,24.203821656050955,3.821656050955414,20.382165605095544,75.79617834394905,70.70063694267516,5.095541401273886
E00030739,151,45,13,32,106,95,11,29.80132450331126,8.609271523178808,21.192052980132452,70.19867549668875,62.913907284768214,7.28476821192053
E00030740,127,36,10,26,91,86,5,28.346456692913385,7.874015748031496,20.47244094488189,71.65354330708661,67.71653543307087,3.937007874015748
E00030741,46,16,7,9,30,29,1,34.78260869565217,15.217391304347828,19.565217391304348,65.21739130434783,63.04347826086957,2.1739130434782608
E00030742,109,22,3,19,87,81,6,20.18348623853211,2.7522935779816518,17.431192660550458,79.81651376146789,74.31192660550458,5.5045871559633035
E00030743,205,57,17,40,148,120,28,27.80487804878049,8.292682926829269,19.51219512195122,72.1951219512195,58.536585365853654,13.658536585365855
E00030744,180,48,15,33,132,107,25,26.666666666666668,8.333333333333332,18.333333333333332,73.33333333333333,59.44444444444444,13.88888888888889
E00030745,93,20,6,14,73,58,15,21.50537634408602,6.451612903225806,15.053763440860216,78.49462365591397,62.365591397849464,16.129032258064516
E00030746,127,33,9,24,94,81,13,25.984251968503933,7.086614173228346,18.89763779527559,74.01574803149606,63.77952755905512,10.236220472440944
E00030747,83,22,5,17,61,48,13,26.506024096385545,6.024096385542169,20.481927710843372,73.49397590361446,57.831325301204814,15.66265060240964
E00030748,163,40,12,28,123,115,8,24.539877300613497,7.361963190184049,17.177914110429448,75.4601226993865,70.5521472392638,4.9079754601226995
E00030749,159,38,8,30,121,109,12,23.89937106918239,5.031446540880504,18.867924528301888,76.10062893081762,68.55345911949685,7.547169811320755
E00030750,180,41,13,28,139,127,12,22.77777777777778,7.222222222222221,15.555555555555555,77.22222222222223,70.55555555555556,6.666666666666667
E00030751,136,43,21,22,93,81,12,31.61764705882353,15.441176470588236,16.176470588235293,68.38235294117648,59.55882352941176,8.823529411764707
E00030752,146,45,18,27,101,84,17,30.82191780821918,12.32876712328767,18.493150684931507,69.17808219178082,57.534246575342465,11.643835616438356
E00030753,150,47,16,31,103,82,21,31.333333333333336,10.666666666666668,20.666666666666668,68.66666666666667,54.666666666666664,14.000000000000002
E00030754,145,47,15,32,98,87,11,32.41379310344827,10.344827586206897,22.06896551724138,67.58620689655173,60,7.586206896551724
E00030755,144,37,15,22,107,87,20,25.694444444444443,10.416666666666668,15.277777777777779,74.30555555555556,60.416666666666664,13.88888888888889
E00030756,173,55,19,36,118,95,23,31.79190751445087,10.982658959537572,20.809248554913296,68.20809248554913,54.91329479768786,13.294797687861271
E00030757,133,25,12,13,108,94,14,18.796992481203006,9.022556390977442,9.774436090225564,81.203007518797,70.67669172932331,10.526315789473683
E00030758,123,51,20,31,72,54,18,41.46341463414634,16.260162601626014,25.203252032520325,58.536585365853654,43.90243902439025,14.634146341463413
E00030759,83,24,6,18,59,51,8,28.915662650602407,7.228915662650602,21.686746987951807,71.08433734939759,61.44578313253012,9.63855421686747
E00030760,150,47,13,34,103,86,17,31.333333333333336,8.666666666666668,22.666666666666664,68.66666666666667,57.333333333333336,11.333333333333332
E00030762,179,49,14,35,130,109,21,27.37430167597765,7.82122905027933,19.553072625698324,72.62569832402235,60.893854748603346,11.731843575418994
E00030763,281,78,17,61,203,168,35,27.75800711743772,6.049822064056939,21.70818505338078,72.24199288256227,59.7864768683274,12.455516014234876
E00030764,110,36,11,25,74,67,7,32.72727272727273,10,22.727272727272727,67.27272727272727,60.909090909090914,6.363636363636363
E00030765,287,91,40,51,196,171,25,31.70731707317073,13.937282229965156,17.770034843205575,68.29268292682927,59.58188153310105,8.710801393728223
E00030766,235,62,17,45,173,157,16,26.382978723404253,7.234042553191489,19.148936170212767,73.61702127659574,66.80851063829788,6.808510638297872
E00030767,136,32,12,20,104,91,13,23.52941176470588,8.823529411764707,14.705882352941178,76.47058823529412,66.91176470588235,9.558823529411764
E00030768,171,48,14,34,123,116,7,28.07017543859649,8.187134502923977,19.883040935672515,71.9298245614035,67.83625730994152,4.093567251461988
E00030769,162,50,24,26,112,103,9,30.864197530864196,14.814814814814813,16.049382716049383,69.1358024691358,63.580246913580254,5.555555555555555
E00030770,152,41,10,31,111,105,6,26.973684210526315,6.578947368421052,20.394736842105264,73.02631578947368,69.07894736842105,3.9473684210526314
E00168632,165,50,17,33,115,103,12,30.303030303030305,10.303030303030303,20,69.6969696969697,62.42424242424243,7.2727272727272725
E00168633,140,31,11,20,109,101,8,22.142857142857142,7.857142857142857,14.285714285714285,77.85714285714286,72.14285714285714,5.714285714285714
E00168634,142,45,15,30,97,86,11,31.690140845070424,10.56338028169014,21.12676056338028,68.30985915492957,60.56338028169014,7.746478873239436
E00168635,230,59,24,35,171,148,23,25.65217391304348,10.434782608695652,15.217391304347828,74.34782608695653,64.34782608695652,10
E00168636,176,39,9,30,137,120,17,22.15909090909091,5.113636363636364,17.045454545454543,77.8409090909091,68.18181818181817,9.659090909090908
E00168637,113,38,9,29,75,68,7,33.6283185840708,7.964601769911504,25.663716814159294,66.3716814159292,60.17699115044248,6.1946902654867255
E00168638,201,43,10,33,158,136,22,21.393034825870647,4.975124378109453,16.417910447761194,78.60696517412936,67.66169154228857,10.945273631840797
E00168639,217,43,15,28,174,156,18,19.81566820276498,6.912442396313365,12.903225806451612,80.18433179723502,71.88940092165899,8.294930875576037
E00168641,232,43,12,31,189,168,21,18.53448275862069,5.172413793103448,13.36206896551724,81.46551724137932,72.41379310344827,9.051724137931034
E00168642,102,24,6,18,78,64,14,23.52941176470588,5.88235294117647,17.647058823529413,76.47058823529412,62.745098039215684,13.725490196078432
E00168643,75,19,3,16,56,53,3,25.333333333333336,4,21.333333333333336,74.66666666666667,70.66666666666667,4
E00168644,199,44,13,31,155,130,25,22.110552763819097,6.532663316582915,15.577889447236181,77.88944723618091,65.32663316582915,12.562814070351758
E00168645,185,36,5,31,149,126,23,19.45945945945946,2.7027027027027026,16.756756756756758,80.54054054054053,68.10810810810811,12.432432432432433
E00168646,151,26,6,20,125,114,11,17.218543046357617,3.9735099337748347,13.245033112582782,82.78145695364239,75.49668874172185,7.28476821192053
E00168647,175,67,24,43,108,98,10,38.285714285714285,13.714285714285715,24.571428571428573,61.71428571428571,56.00000000000001,5.714285714285714
E00168648,117,55,18,37,62,59,3,47.008547008547005,15.384615384615385,31.62393162393162,52.991452991452995,50.427350427350426,2.564102564102564
E00168649,134,23,5,18,111,92,19,17.16417910447761,3.731343283582089,13.432835820895523,82.83582089552239,68.65671641791045,14.17910447761194
E00168650,168,45,13,32,123,104,19,26.785714285714285,7.738095238095238,19.047619047619047,73.21428571428571,61.904761904761905,11.30952380952381
E00168651,128,33,10,23,95,81,14,25.78125,7.8125,17.96875,74.21875,63.28125,10.9375
E00168652,123,27,8,19,96,83,13,21.951219512195124,6.504065040650407,15.447154471544716,78.04878048780488,67.47967479674797,10.569105691056912
E00168653,234,56,13,43,178,146,32,23.931623931623932,5.555555555555555,18.37606837606838,76.06837606837607,62.39316239316239,13.675213675213676
E00168654,147,37,11,26,110,103,7,25.170068027210885,7.482993197278912,17.687074829931973,74.82993197278913,70.06802721088435,4.761904761904762
E00168655,72,15,8,7,57,53,4,20.833333333333336,11.11111111111111,9.722222222222223,79.16666666666666,73.61111111111111,5.555555555555555
E00177696,204,42,10,32,162,139,23,20.588235294117645,4.901960784313726,15.686274509803921,79.41176470588235,68.13725490196079,11.27450980392157
E00177698,135,29,7,22,106,90,16,21.48148148148148,5.185185185185185,16.296296296296298,78.51851851851852,66.66666666666666,11.851851851851853
E00177699,184,34,8,26,150,135,15,18.478260869565215,4.3478260869565215,14.130434782608695,81.52173913043478,73.36956521739131,8.152173913043478
E00177700,69,31,15,16,38,36,2,44.927536231884055,21.73913043478261,23.18840579710145,55.072463768115945,52.17391304347826,2.898550724637681
E00177701,217,38,16,22,179,155,24,17.51152073732719,7.373271889400922,10.138248847926267,82.48847926267281,71.42857142857143,11.059907834101383
E00177703,138,34,11,23,104,91,13,24.637681159420293,7.971014492753622,16.666666666666664,75.36231884057972,65.94202898550725,9.420289855072465
E00177704,149,41,11,30,108,93,15,27.516778523489933,7.38255033557047,20.13422818791946,72.48322147651007,62.41610738255034,10.06711409395973
E00177706,243,48,10,38,195,169,26,19.753086419753085,4.11522633744856,15.637860082304528,80.24691358024691,69.54732510288066,10.699588477366255
E00177708,204,32,5,27,172,151,21,15.686274509803921,2.450980392156863,13.23529411764706,84.31372549019608,74.01960784313727,10.294117647058822
E00177710,176,60,18,42,116,103,13,34.090909090909086,10.227272727272728,23.863636363636363,65.9090909090909,58.52272727272727,7.386363636363637
E00177712,192,47,11,36,145,132,13,24.479166666666664,5.729166666666666,18.75,75.52083333333334,68.75,6.770833333333333
E00177713,246,55,14,41,191,173,18,22.35772357723577,5.691056910569105,16.666666666666664,77.64227642276423,70.32520325203252,7.317073170731707
E00177717,63,21,6,15,42,41,1,33.33333333333333,9.523809523809524,23.809523809523807,66.66666666666666,65.07936507936508,1.5873015873015872
E00177719,219,31,12,19,188,175,13,14.15525114155251,5.47945205479452,8.67579908675799,85.84474885844749,79.90867579908677,5.93607305936073
E00177721,352,67,11,56,285,254,31,19.03409090909091,3.125,15.909090909090908,80.9659090909091,72.1590909090909,8.806818181818182
E00177724,59,9,4,5,50,45,5,15.254237288135593,6.779661016949152,8.47457627118644,84.7457627118644,76.27118644067797,8.47457627118644
E00177727,233,48,18,30,185,162,23,20.600858369098713,7.725321888412018,12.875536480686694,79.39914163090128,69.52789699570815,9.871244635193133
E00177728,172,56,17,39,116,106,10,32.55813953488372,9.883720930232558,22.674418604651162,67.44186046511628,61.627906976744185,5.813953488372093
E00177729,165,35,13,22,130,109,21,21.21212121212121,7.878787878787878,13.333333333333334,78.78787878787878,66.06060606060606,12.727272727272727
E00177734,235,54,15,39,181,161,20,22.97872340425532,6.382978723404255,16.595744680851062,77.02127659574468,68.51063829787233,8.51063829787234
E00177735,43,12,4,8,31,24,7,27.906976744186046,9.30232558139535,18.6046511627907,72.09302325581395,55.81395348837209,16.27906976744186
E00177737,126,37,16,21,89,83,6,29.365079365079367,12.698412698412698,16.666666666666664,70.63492063492063,65.87301587301587,4.761904761904762
E00177740,118,25,3,22,93,84,9,21.1864406779661,2.5423728813559325,18.64406779661017,78.8135593220339,71.1864406779661,7.627118644067797
E00177742,252,50,10,40,202,176,26,19.841269841269842,3.968253968253968,15.873015873015872,80.15873015873017,69.84126984126983,10.317460317460316
E00177744,143,17,5,12,126,111,15,11.888111888111888,3.4965034965034967,8.391608391608392,88.11188811188812,77.62237762237763,10.48951048951049
E00177745,126,35,16,19,91,88,3,27.77777777777778,12.698412698412698,15.079365079365079,72.22222222222221,69.84126984126983,2.380952380952381
E00177746,115,22,8,14,93,82,11,19.130434782608695,6.956521739130435,12.173913043478262,80.8695652173913,71.30434782608695,9.565217391304348
E00177749,180,28,9,19,152,133,19,15.555555555555555,5,10.555555555555555,84.44444444444444,73.88888888888889,10.555555555555555
