OA,ts0590001,ts0590002,ts0590003,ts0590004,ts0590005,ts0590006,ts0590007,ts0590002_PCT,ts0590003_PCT,ts0590004_PCT,ts0590005_PCT,ts0590006_PCT,ts0590007_PCT
E00053353,212,73,25,48,139,102,37,34.43396226415094,11.79245283018868,22.641509433962266,65.56603773584906,48.113207547169814,17.452830188679243
E00053354,156,49,11,38,107,91,16,31.41025641025641,7.051282051282051,24.358974358974358,68.58974358974359,58.333333333333336,10.256410256410255
E00053355,163,44,17,27,119,98,21,26.993865030674847,10.429447852760736,16.56441717791411,73.00613496932516,60.122699386503065,12.883435582822086
E00053356,149,41,10,31,108,96,12,27.516778523489933,6.7114093959731544,20.80536912751678,72.48322147651007,64.42953020134227,8.053691275167784
E00053357,163,51,17,34,112,94,18,31.28834355828221,10.429447852760736,20.858895705521473,68.71165644171779,57.668711656441715,11.042944785276074
E00053358,191,52,14,38,139,115,24,27.225130890052355,7.329842931937172,19.895287958115183,72.77486910994764,60.20942408376963,12.56544502617801
E00053359,106,29,9,20,77,69,8,27.358490566037734,8.49056603773585,18.867924528301888,72.64150943396226,65.09433962264151,7.547169811320755
E00053360,141,49,14,35,92,86,6,34.751773049645394,9.929078014184398,24.822695035460992,65.24822695035462,60.99290780141844,4.25531914893617
E00053361,143,40,19,21,103,88,15,27.972027972027973,13.286713286713287,14.685314685314685,72.02797202797203,61.53846153846154,10.48951048951049
E00053362,120,40,16,24,80,69,11,33.33333333333333,13.333333333333334,20,66.66666666666666,57.49999999999999,9.166666666666666
E00053363,126,29,5,24,97,90,7,23.015873015873016,3.968253968253968,19.047619047619047,76.98412698412699,71.42857142857143,5.555555555555555
E00053364,64,20,9,11,44,38,6,31.25,14.0625,17.1875,68.75,59.375,9.375
E00053365,147,45,13,32,102,92,10,30.612244897959183,8.843537414965986,21.768707482993197,69.38775510204081,62.585034013605444,6.802721088435375
E00053366,153,49,16,33,104,88,16,32.02614379084967,10.457516339869281,21.568627450980394,67.97385620915033,57.51633986928104,10.457516339869281
E00053367,102,36,12,24,66,56,10,35.294117647058826,11.76470588235294,23.52941176470588,64.70588235294117,54.90196078431373,9.803921568627452
E00053368,110,29,7,22,81,76,5,26.36363636363636,6.363636363636363,20,73.63636363636363,69.0909090909091,4.545454545454546
E00053369,153,44,11,33,109,94,15,28.75816993464052,7.18954248366013,21.568627450980394,71.24183006535948,61.43790849673203,9.803921568627452
E00053370,196,66,24,42,130,112,18,33.6734693877551,12.244897959183673,21.428571428571427,66.3265306122449,57.14285714285714,9.183673469387756
E00053371,205,56,14,42,149,143,6,27.31707317073171,6.829268292682928,20.48780487804878,72.6829268292683,69.7560975609756,2.9268292682926833
E00053372,104,33,12,21,71,65,6,31.73076923076923,11.538461538461538,20.192307692307693,68.26923076923077,62.5,5.769230769230769
E00053373,168,59,18,41,109,84,25,35.11904761904761,10.714285714285714,24.404761904761905,64.88095238095238,50,14.880952380952381
E00053374,139,41,15,26,98,90,8,29.496402877697843,10.79136690647482,18.705035971223023,70.50359712230215,64.74820143884892,5.755395683453238
E00053375,137,31,10,21,106,89,17,22.62773722627737,7.2992700729927,15.328467153284672,77.37226277372264,64.96350364963503,12.408759124087592
E00053376,178,43,10,33,135,106,29,24.15730337078652,5.617977528089887,18.53932584269663,75.84269662921348,59.55056179775281,16.292134831460675
E00053377,128,46,11,35,82,70,12,35.9375,8.59375,27.34375,64.0625,54.6875,9.375
E00053378,176,59,9,50,117,104,13,33.52272727272727,5.113636363636364,28.40909090909091,66.47727272727273,59.09090909090909,7.386363636363637
E00053379,107,31,12,19,76,66,10,28.971962616822427,11.214953271028037,17.75700934579439,71.02803738317756,61.6822429906542,9.345794392523365
E00053380,138,43,13,30,95,79,16,31.15942028985507,9.420289855072465,21.73913043478261,68.84057971014492,57.2463768115942,11.594202898550725
E00053381,138,43,18,25,95,83,12,31.15942028985507,13.043478260869565,18.115942028985508,68.84057971014492,60.14492753623188,8.695652173913043
E00053382,225,39,12,27,186,166,20,17.333333333333336,5.333333333333334,12,82.66666666666667,73.77777777777777,8.88888888888889
E00053383,142,48,18,30,94,86,8,33.80281690140845,12.676056338028168,21.12676056338028,66.19718309859155,60.56338028169014,5.633802816901409
E00053384,135,36,12,24,99,93,6,26.666666666666668,8.88888888888889,17.77777777777778,73.33333333333333,68.88888888888889,4.444444444444445
E00053385,122,37,7,30,85,77,8,30.327868852459016,5.737704918032787,24.59016393442623,69.67213114754098,63.114754098360656,6.557377049180328
E00053386,118,46,17,29,72,61,11,38.983050847457626,14.40677966101695,24.576271186440678,61.016949152542374,51.69491525423729,9.322033898305085
E00053387,131,31,10,21,100,78,22,23.66412213740458,7.633587786259542,16.030534351145036,76.33587786259542,59.541984732824424,16.793893129770993
E00053388,131,43,12,31,88,80,8,32.82442748091603,9.16030534351145,23.66412213740458,67.17557251908397,61.06870229007634,6.106870229007633
E00053389,145,45,12,33,100,84,16,31.03448275862069,8.275862068965518,22.758620689655174,68.96551724137932,57.931034482758626,11.03448275862069
E00053390,118,40,16,24,78,71,7,33.89830508474576,13.559322033898304,20.33898305084746,66.10169491525424,60.16949152542372,5.932203389830509
E00053391,86,22,4,18,64,55,9,25.581395348837212,4.651162790697675,20.930232558139537,74.4186046511628,63.95348837209303,10.465116279069768
E00053392,123,43,12,31,80,72,8,34.959349593495936,9.75609756097561,25.203252032520325,65.04065040650406,58.536585365853654,6.504065040650407
E00053393,120,38,6,32,82,73,9,31.666666666666664,5,26.666666666666668,68.33333333333333,60.83333333333333,7.5
E00053394,147,43,14,29,104,91,13,29.25170068027211,9.523809523809524,19.727891156462583,70.74829931972789,61.904761904761905,8.843537414965986
E00053395,138,38,14,24,100,76,24,27.536231884057973,10.144927536231885,17.391304347826086,72.46376811594203,55.072463768115945,17.391304347826086
E00053396,172,57,21,36,115,97,18,33.13953488372093,12.209302325581394,20.930232558139537,66.86046511627907,56.395348837209305,10.465116279069768
E00053397,89,19,4,15,70,61,9,21.34831460674157,4.49438202247191,16.853932584269664,78.65168539325843,68.53932584269663,10.112359550561797
E00053398,113,34,17,17,79,70,9,30.08849557522124,15.04424778761062,15.04424778761062,69.91150442477876,61.94690265486725,7.964601769911504
E00053399,136,41,15,26,95,84,11,30.14705882352941,11.029411764705882,19.11764705882353,69.85294117647058,61.76470588235294,8.088235294117647
E00053400,154,45,13,32,109,98,11,29.22077922077922,8.441558441558442,20.77922077922078,70.77922077922078,63.63636363636363,7.142857142857142
E00053401,153,44,15,29,109,88,21,28.75816993464052,9.803921568627452,18.954248366013072,71.24183006535948,57.51633986928104,13.725490196078432
E00053402,141,35,8,27,106,89,17,24.822695035460992,5.673758865248227,19.148936170212767,75.177304964539,63.12056737588653,12.056737588652481
E00053403,141,32,11,21,109,91,18,22.69503546099291,7.801418439716312,14.893617021276595,77.30496453900709,64.53900709219859,12.76595744680851
E00053404,229,69,28,41,160,137,23,30.131004366812224,12.22707423580786,17.903930131004365,69.86899563318777,59.82532751091703,10.043668122270741
E00053405,144,44,19,25,100,84,16,30.555555555555557,13.194444444444445,17.36111111111111,69.44444444444444,58.333333333333336,11.11111111111111
E00053406,92,35,6,29,57,50,7,38.04347826086957,6.521739130434782,31.521739130434785,61.95652173913043,54.347826086956516,7.608695652173914
E00053407,173,56,20,36,117,101,16,32.369942196531795,11.560693641618498,20.809248554913296,67.63005780346822,58.38150289017341,9.248554913294797
E00053408,132,42,14,28,90,69,21,31.818181818181817,10.606060606060606,21.21212121212121,68.18181818181817,52.27272727272727,15.909090909090908
E00053409,172,52,21,31,120,99,21,30.23255813953488,12.209302325581394,18.023255813953487,69.76744186046511,57.55813953488372,12.209302325581394
E00053410,151,39,13,26,112,92,20,25.82781456953642,8.609271523178808,17.218543046357617,74.17218543046357,60.9271523178808,13.245033112582782
E00053411,161,37,12,25,124,108,16,22.981366459627328,7.453416149068323,15.527950310559005,77.01863354037268,67.08074534161491,9.937888198757763
E00053412,149,41,11,30,108,101,7,27.516778523489933,7.38255033557047,20.13422818791946,72.48322147651007,67.78523489932886,4.697986577181208
E00053414,271,72,17,55,199,182,17,26.56826568265683,6.273062730627306,20.29520295202952,73.43173431734317,67.15867158671587,6.273062730627306
E00053415,157,37,13,24,120,103,17,23.56687898089172,8.280254777070063,15.286624203821656,76.43312101910828,65.60509554140127,10.828025477707007
E00053416,198,47,17,30,151,128,23,23.737373737373737,8.585858585858585,15.151515151515152,76.26262626262627,64.64646464646465,11.616161616161616
E00053417,174,48,17,31,126,117,9,27.586206896551722,9.770114942528735,17.81609195402299,72.41379310344827,67.24137931034483,5.172413793103448
E00053418,213,47,9,38,166,141,25,22.065727699530516,4.225352112676056,17.84037558685446,77.93427230046949,66.19718309859155,11.737089201877934
E00053419,73,22,8,14,51,45,6,30.136986301369863,10.95890410958904,19.17808219178082,69.86301369863014,61.64383561643836,8.21917808219178
E00053420,147,44,12,32,103,86,17,29.931972789115648,8.16326530612245,21.768707482993197,70.06802721088435,58.50340136054422,11.564625850340136
E00053421,104,26,6,20,78,74,4,25,5.769230769230769,19.230769230769234,75,71.15384615384616,3.8461538461538463
E00053422,109,39,13,26,70,59,11,35.77981651376147,11.926605504587156,23.853211009174313,64.22018348623854,54.12844036697248,10.091743119266056
E00053424,71,22,5,17,49,46,3,30.985915492957744,7.042253521126761,23.943661971830984,69.01408450704226,64.7887323943662,4.225352112676056
E00053425,201,63,20,43,138,118,20,31.343283582089555,9.950248756218906,21.393034825870647,68.65671641791045,58.70646766169154,9.950248756218906
E00053426,110,30,10,20,80,72,8,27.27272727272727,9.090909090909092,18.181818181818183,72.72727272727273,65.45454545454545,7.2727272727272725
E00053427,155,48,14,34,107,96,11,30.967741935483872,9.032258064516128,21.935483870967744,69.03225806451613,61.935483870967744,7.096774193548387
E00053428,116,27,10,17,89,79,10,23.275862068965516,8.620689655172415,14.655172413793101,76.72413793103449,68.10344827586206,8.620689655172415
E00053430,83,18,8,10,65,50,15,21.686746987951807,9.63855421686747,12.048192771084338,78.3132530120482,60.24096385542169,18.072289156626507
E00053431,149,44,9,35,105,88,17,29.53020134228188,6.0402684563758395,23.48993288590604,70.46979865771812,59.06040268456376,11.409395973154362
E00053432,108,29,4,25,79,75,4,26.851851851851855,3.7037037037037033,23.14814814814815,73.14814814814815,69.44444444444444,3.7037037037037033
E00053434,200,61,17,44,139,130,9,30.5,8.5,22,69.5,65,4.5
E00053435,172,51,9,42,121,101,20,29.651162790697676,5.232558139534884,24.418604651162788,70.34883720930233,58.720930232558146,11.627906976744185
E00053436,106,36,9,27,70,57,13,33.9622641509434,8.49056603773585,25.471698113207548,66.0377358490566,53.77358490566038,12.264150943396226
E00053437,161,45,24,21,116,97,19,27.95031055900621,14.906832298136646,13.043478260869565,72.04968944099379,60.24844720496895,11.801242236024844
E00053438,146,32,7,25,114,101,13,21.91780821917808,4.794520547945205,17.123287671232877,78.08219178082192,69.17808219178082,8.904109589041095
E00053439,137,44,14,30,93,79,14,32.11678832116788,10.218978102189782,21.897810218978105,67.88321167883211,57.66423357664233,10.218978102189782
E00053440,106,30,8,22,76,64,12,28.30188679245283,7.547169811320755,20.754716981132077,71.69811320754717,60.37735849056604,11.320754716981133
E00053441,186,54,14,40,132,113,19,29.03225806451613,7.526881720430108,21.50537634408602,70.96774193548387,60.752688172043015,10.21505376344086
E00053442,154,30,8,22,124,103,21,19.480519480519483,5.194805194805195,14.285714285714285,80.51948051948052,66.88311688311688,13.636363636363635
E00053443,154,55,23,32,99,89,10,35.714285714285715,14.935064935064934,20.77922077922078,64.28571428571429,57.7922077922078,6.493506493506493
E00053444,127,39,15,24,88,73,15,30.708661417322837,11.811023622047244,18.89763779527559,69.29133858267717,57.48031496062992,11.811023622047244
E00053445,96,33,13,20,63,55,8,34.375,13.541666666666666,20.833333333333336,65.625,57.291666666666664,8.333333333333332
E00053447,139,42,17,25,97,82,15,30.215827338129497,12.23021582733813,17.985611510791365,69.7841726618705,58.992805755395686,10.79136690647482
E00053448,135,38,13,25,97,78,19,28.14814814814815,9.62962962962963,18.51851851851852,71.85185185185186,57.77777777777777,14.074074074074074
E00053450,133,33,8,25,100,86,14,24.81203007518797,6.015037593984962,18.796992481203006,75.18796992481202,64.66165413533834,10.526315789473683
E00053451,158,40,8,32,118,105,13,25.31645569620253,5.063291139240507,20.253164556962027,74.68354430379746,66.45569620253164,8.227848101265822
E00053452,130,39,8,31,91,78,13,30,6.153846153846154,23.846153846153847,70,60,10
E00053453,126,43,10,33,83,72,11,34.12698412698413,7.936507936507936,26.190476190476193,65.87301587301587,57.14285714285714,8.73015873015873
E00053454,165,51,18,33,114,102,12,30.909090909090907,10.909090909090908,20,69.0909090909091,61.81818181818181,7.2727272727272725
E00053455,244,70,16,54,174,141,33,28.688524590163933,6.557377049180328,22.131147540983605,71.31147540983606,57.786885245901644,13.524590163934427
E00053456,204,65,20,45,139,111,28,31.862745098039213,9.803921568627452,22.058823529411764,68.13725490196079,54.41176470588235,13.725490196078432
E00053457,136,39,9,30,97,81,16,28.676470588235293,6.61764705882353,22.058823529411764,71.32352941176471,59.55882352941176,11.76470588235294
E00053458,155,51,24,27,104,72,32,32.903225806451616,15.483870967741936,17.419354838709676,67.0967741935484,46.45161290322581,20.64516129032258
E00053459,204,68,25,43,136,114,22,33.33333333333333,12.254901960784313,21.07843137254902,66.66666666666666,55.88235294117647,10.784313725490197
E00053460,164,42,17,25,122,109,13,25.609756097560975,10.365853658536585,15.24390243902439,74.39024390243902,66.46341463414635,7.926829268292683
E00053462,132,41,12,29,91,77,14,31.060606060606062,9.090909090909092,21.96969696969697,68.93939393939394,58.333333333333336,10.606060606060606
E00053463,108,33,10,23,75,62,13,30.555555555555557,9.25925925925926,21.296296296296298,69.44444444444444,57.407407407407405,12.037037037037036
E00053464,136,45,13,32,91,76,15,33.088235294117645,9.558823529411764,23.52941176470588,66.91176470588235,55.88235294117647,11.029411764705882
E00053465,143,44,13,31,99,78,21,30.76923076923077,9.090909090909092,21.678321678321677,69.23076923076923,54.54545454545454,14.685314685314685
E00053466,149,39,10,29,110,96,14,26.174496644295303,6.7114093959731544,19.463087248322147,73.8255033557047,64.42953020134227,9.395973154362416
E00053467,126,39,12,27,87,78,9,30.952380952380953,9.523809523809524,21.428571428571427,69.04761904761905,61.904761904761905,7.142857142857142
E00053468,121,38,11,27,83,68,15,31.40495867768595,9.090909090909092,22.31404958677686,68.59504132231406,56.19834710743802,12.396694214876034
E00053469,157,50,15,35,107,96,11,31.84713375796178,9.554140127388536,22.29299363057325,68.15286624203821,61.146496815286625,7.006369426751593
E00053470,162,53,14,39,109,102,7,32.71604938271605,8.641975308641975,24.074074074074073,67.28395061728395,62.96296296296296,4.320987654320987
E00053471,158,49,13,36,109,99,10,31.0126582278481,8.227848101265822,22.78481012658228,68.9873417721519,62.65822784810127,6.329113924050633
E00053472,159,45,9,36,114,105,9,28.30188679245283,5.660377358490567,22.641509433962266,71.69811320754717,66.0377358490566,5.660377358490567
E00053473,114,40,9,31,74,64,10,35.08771929824561,7.894736842105263,27.192982456140353,64.91228070175438,56.14035087719298,8.771929824561402
E00053474,95,34,6,28,61,57,4,35.78947368421053,6.315789473684211,29.47368421052631,64.21052631578948,60,4.2105263157894735
E00053475,134,50,18,32,84,73,11,37.3134328358209,13.432835820895523,23.88059701492537,62.68656716417911,54.47761194029851,8.208955223880597
E00053476,164,46,10,36,118,107,11,28.04878048780488,6.097560975609756,21.951219512195124,71.95121951219512,65.2439024390244,6.707317073170732
E00053477,109,29,6,23,80,67,13,26.605504587155966,5.5045871559633035,21.100917431192663,73.39449541284404,61.46788990825688,11.926605504587156
E00053478,202,49,15,34,153,137,16,24.257425742574256,7.425742574257425,16.831683168316832,75.74257425742574,67.82178217821783,7.920792079207921
E00053479,124,41,11,30,83,72,11,33.064516129032256,8.870967741935484,24.193548387096776,66.93548387096774,58.06451612903226,8.870967741935484
E00053480,132,39,10,29,93,83,10,29.545454545454547,7.575757575757576,21.96969696969697,70.45454545454545,62.878787878787875,7.575757575757576
E00053481,90,18,2,16,72,64,8,20,2.2222222222222223,17.77777777777778,80,71.11111111111111,8.88888888888889
E00053482,143,43,15,28,100,84,16,30.069930069930066,10.48951048951049,19.58041958041958,69.93006993006993,58.74125874125874,11.188811188811188
E00053483,127,39,13,26,88,76,12,30.708661417322837,10.236220472440944,20.47244094488189,69.29133858267717,59.84251968503938,9.448818897637794
E00053484,107,42,17,25,65,59,6,39.25233644859813,15.887850467289718,23.364485981308412,60.747663551401864,55.140186915887845,5.607476635514018
E00053485,118,40,10,30,78,69,9,33.89830508474576,8.47457627118644,25.423728813559322,66.10169491525424,58.47457627118644,7.627118644067797
E00053486,217,74,20,54,143,118,25,34.10138248847927,9.216589861751153,24.88479262672811,65.89861751152074,54.377880184331794,11.52073732718894
E00053487,153,41,15,26,112,104,8,26.797385620915033,9.803921568627452,16.99346405228758,73.20261437908496,67.97385620915033,5.228758169934641
E00053488,121,40,16,24,81,67,14,33.057851239669425,13.223140495867769,19.834710743801654,66.94214876033058,55.371900826446286,11.570247933884298
E00053489,210,71,27,44,139,106,33,33.80952380952381,12.857142857142856,20.952380952380953,66.19047619047619,50.476190476190474,15.714285714285714
E00053490,81,27,10,17,54,46,8,33.33333333333333,12.345679012345679,20.98765432098765,66.66666666666666,56.79012345679012,9.876543209876543
E00053491,107,40,10,30,67,57,10,37.38317757009346,9.345794392523365,28.037383177570092,62.616822429906534,53.271028037383175,9.345794392523365
E00053493,301,73,22,51,228,179,49,24.25249169435216,7.308970099667775,16.943521594684384,75.74750830564784,59.46843853820598,16.27906976744186
E00053494,138,40,8,32,98,81,17,28.985507246376812,5.797101449275362,23.18840579710145,71.01449275362319,58.69565217391305,12.318840579710146
E00053495,188,47,10,37,141,123,18,25,5.319148936170213,19.680851063829788,75,65.42553191489363,9.574468085106384
E00053496,110,31,7,24,79,66,13,28.18181818181818,6.363636363636363,21.818181818181817,71.81818181818181,60,11.818181818181818
E00053497,287,68,19,49,219,186,33,23.693379790940767,6.620209059233449,17.073170731707318,76.30662020905923,64.80836236933798,11.498257839721255
E00053498,248,68,21,47,180,145,35,27.419354838709676,8.46774193548387,18.951612903225808,72.58064516129032,58.46774193548387,14.112903225806454
E00053499,276,71,17,54,205,180,25,25.724637681159418,6.159420289855073,19.565217391304348,74.27536231884058,65.21739130434783,9.057971014492754
E00053500,190,53,16,37,137,104,33,27.89473684210526,8.421052631578947,19.473684210526315,72.10526315789474,54.736842105263165,17.36842105263158
E00053501,142,36,14,22,106,89,17,25.352112676056336,9.859154929577464,15.492957746478872,74.64788732394366,62.676056338028175,11.971830985915492
E00053502,128,42,15,27,86,68,18,32.8125,11.71875,21.09375,67.1875,53.125,14.0625
E00053503,180,53,14,39,127,108,19,29.444444444444446,7.777777777777778,21.666666666666668,70.55555555555556,60,10.555555555555555
E00053504,143,40,9,31,103,92,11,27.972027972027973,6.293706293706294,21.678321678321677,72.02797202797203,64.33566433566433,7.6923076923076925
E00053505,216,65,19,46,151,134,17,30.09259259259259,8.796296296296296,21.296296296296298,69.9074074074074,62.03703703703704,7.87037037037037
E00053506,138,43,7,36,95,83,12,31.15942028985507,5.072463768115942,26.08695652173913,68.84057971014492,60.14492753623188,8.695652173913043
E00053507,156,52,16,36,104,87,17,33.33333333333333,10.256410256410255,23.076923076923077,66.66666666666666,55.769230769230774,10.897435897435898
E00053508,149,53,11,42,96,87,9,35.57046979865772,7.38255033557047,28.187919463087248,64.42953020134227,58.38926174496645,6.0402684563758395
E00053509,139,39,11,28,100,92,8,28.05755395683453,7.913669064748201,20.14388489208633,71.94244604316546,66.18705035971223,5.755395683453238
E00053510,183,64,17,47,119,107,12,34.97267759562842,9.289617486338798,25.683060109289617,65.02732240437157,58.46994535519126,6.557377049180328
E00053511,57,18,6,12,39,34,5,31.57894736842105,10.526315789473683,21.052631578947366,68.42105263157895,59.64912280701754,8.771929824561402
E00053512,153,57,13,44,96,79,17,37.254901960784316,8.49673202614379,28.75816993464052,62.745098039215684,51.633986928104584,11.11111111111111
E00053513,142,48,8,40,94,76,18,33.80281690140845,5.633802816901409,28.169014084507044,66.19718309859155,53.52112676056338,12.676056338028168
E00053514,132,46,12,34,86,71,15,34.84848484848485,9.090909090909092,25.757575757575758,65.15151515151516,53.78787878787878,11.363636363636363
E00053515,153,42,8,34,111,102,9,27.450980392156865,5.228758169934641,22.22222222222222,72.54901960784314,66.66666666666666,5.88235294117647
E00053516,147,60,15,45,87,75,12,40.816326530612244,10.204081632653061,30.612244897959183,59.183673469387756,51.02040816326531,8.16326530612245
E00053517,92,34,7,27,58,54,4,36.95652173913043,7.608695652173914,29.347826086956523,63.04347826086957,58.69565217391305,4.3478260869565215
E00053518,87,38,11,27,49,45,4,43.67816091954023,12.643678160919542,31.03448275862069,56.32183908045977,51.724137931034484,4.597701149425287
E00053519,172,66,22,44,106,97,9,38.372093023255815,12.790697674418606,25.581395348837212,61.627906976744185,56.395348837209305,5.232558139534884
E00053520,138,58,20,38,80,71,9,42.028985507246375,14.492753623188406,27.536231884057973,57.971014492753625,51.449275362318836,6.521739130434782
E00053521,211,63,15,48,148,132,16,29.85781990521327,7.109004739336493,22.748815165876778,70.14218009478674,62.55924170616114,7.5829383886255926
E00053522,132,45,11,34,87,81,6,34.090909090909086,8.333333333333332,25.757575757575758,65.9090909090909,61.36363636363637,4.545454545454546
E00053523,177,50,16,34,127,108,19,28.24858757062147,9.03954802259887,19.2090395480226,71.75141242937853,61.016949152542374,10.734463276836157
E00053524,162,49,6,43,113,105,8,30.246913580246915,3.7037037037037033,26.543209876543212,69.75308641975309,64.81481481481481,4.938271604938271
E00053525,154,65,22,43,89,83,6,42.2077922077922,14.285714285714285,27.92207792207792,57.7922077922078,53.896103896103895,3.896103896103896
E00053526,151,62,14,48,89,83,6,41.05960264900662,9.271523178807946,31.788079470198678,58.94039735099338,54.966887417218544,3.9735099337748347
E00053527,143,49,9,40,94,85,9,34.26573426573427,6.293706293706294,27.972027972027973,65.73426573426573,59.44055944055944,6.293706293706294
E00053528,127,41,10,31,86,80,6,32.28346456692913,7.874015748031496,24.409448818897637,67.71653543307087,62.99212598425197,4.724409448818897
E00053529,168,64,15,49,104,96,8,38.095238095238095,8.928571428571429,29.166666666666668,61.904761904761905,57.14285714285714,4.761904761904762
E00053530,144,51,14,37,93,86,7,35.41666666666667,9.722222222222223,25.694444444444443,64.58333333333334,59.72222222222222,4.861111111111112
E00053531,137,47,12,35,90,77,13,34.306569343065696,8.75912408759124,25.547445255474454,65.69343065693431,56.20437956204379,9.48905109489051
E00053532,107,44,11,33,63,53,10,41.1214953271028,10.2803738317757,30.8411214953271,58.87850467289719,49.532710280373834,9.345794392523365
E00053533,120,42,10,32,78,73,5,35,8.333333333333332,26.666666666666668,65,60.83333333333333,4.166666666666666
E00053534,131,42,15,27,89,81,8,32.06106870229007,11.450381679389313,20.610687022900763,67.93893129770993,61.832061068702295,6.106870229007633
E00053535,140,60,18,42,80,72,8,42.857142857142854,12.857142857142856,30,57.14285714285714,51.42857142857142,5.714285714285714
E00053536,173,49,10,39,124,114,10,28.32369942196532,5.780346820809249,22.54335260115607,71.67630057803468,65.89595375722543,5.780346820809249
E00053537,197,68,16,52,129,115,14,34.51776649746193,8.121827411167512,26.39593908629442,65.48223350253807,58.37563451776649,7.1065989847715745
E00053538,157,60,18,42,97,82,15,38.21656050955414,11.464968152866243,26.751592356687897,61.78343949044586,52.22929936305732,9.554140127388536
E00053539,141,58,14,44,83,79,4,41.13475177304964,9.929078014184398,31.20567375886525,58.86524822695035,56.02836879432624,2.8368794326241136
E00053540,122,61,14,47,61,58,3,50,11.475409836065573,38.52459016393443,50,47.540983606557376,2.459016393442623
E00053541,143,61,18,43,82,72,10,42.65734265734265,12.587412587412588,30.069930069930066,57.34265734265735,50.349650349650354,6.993006993006993
E00053542,156,45,12,33,111,97,14,28.846153846153843,7.6923076923076925,21.153846153846153,71.15384615384616,62.17948717948718,8.974358974358974
E00053543,105,39,12,27,66,55,11,37.142857142857146,11.428571428571429,25.71428571428571,62.857142857142854,52.38095238095239,10.476190476190476
E00053544,166,49,12,37,117,103,14,29.518072289156628,7.228915662650602,22.289156626506024,70.48192771084338,62.048192771084345,8.433734939759036
E00053545,125,51,20,31,74,65,9,40.8,16,24.8,59.199999999999996,52,7.199999999999999
E00053546,157,40,9,31,117,103,14,25.477707006369428,5.7324840764331215,19.745222929936308,74.52229299363057,65.60509554140127,8.9171974522293
E00053547,74,21,2,19,53,52,1,28.37837837837838,2.7027027027027026,25.675675675675674,71.62162162162163,70.27027027027027,1.3513513513513513
E00053548,106,52,15,37,54,47,7,49.056603773584904,14.150943396226415,34.90566037735849,50.943396226415096,44.339622641509436,6.60377358490566
E00053550,144,41,10,31,103,100,3,28.47222222222222,6.944444444444445,21.52777777777778,71.52777777777779,69.44444444444444,2.083333333333333
E00053552,85,32,6,26,53,52,1,37.64705882352941,7.0588235294117645,30.58823529411765,62.35294117647059,61.1764705882353,1.1764705882352942
E00053553,92,44,10,34,48,48,0,47.82608695652174,10.869565217391305,36.95652173913043,52.17391304347826,52.17391304347826,0
E00053555,84,40,9,31,44,39,5,47.61904761904761,10.714285714285714,36.904761904761905,52.38095238095239,46.42857142857143,5.952380952380952
E00053556,175,54,21,33,121,113,8,30.857142857142854,12,18.857142857142858,69.14285714285714,64.57142857142857,4.571428571428571
E00053557,107,41,4,37,66,60,6,38.31775700934579,3.7383177570093453,34.57943925233645,61.6822429906542,56.074766355140184,5.607476635514018
E00053558,73,26,11,15,47,43,4,35.61643835616438,15.068493150684931,20.54794520547945,64.38356164383562,58.9041095890411,5.47945205479452
E00053559,223,61,15,46,162,144,18,27.3542600896861,6.726457399103139,20.62780269058296,72.6457399103139,64.57399103139014,8.071748878923767
E00053560,62,26,1,25,36,32,4,41.935483870967744,1.6129032258064515,40.32258064516129,58.06451612903226,51.61290322580645,6.451612903225806
E00053561,139,46,11,35,93,80,13,33.093525179856115,7.913669064748201,25.179856115107913,66.90647482014388,57.55395683453237,9.352517985611511
E00053562,109,32,10,22,77,69,8,29.357798165137616,9.174311926605505,20.18348623853211,70.64220183486239,63.30275229357798,7.339449541284404
E00053563,76,30,6,24,46,41,5,39.473684210526315,7.894736842105263,31.57894736842105,60.526315789473685,53.94736842105263,6.578947368421052
E00053564,125,41,10,31,84,78,6,32.800000000000004,8,24.8,67.2,62.4,4.8
E00053565,76,22,4,18,54,54,0,28.947368421052634,5.263157894736842,23.684210526315788,71.05263157894737,71.05263157894737,0
E00053566,124,39,9,30,85,85,0,31.451612903225808,7.258064516129033,24.193548387096776,68.54838709677419,68.54838709677419,0
E00053567,65,20,3,17,45,40,5,30.76923076923077,4.615384615384616,26.153846153846157,69.23076923076923,61.53846153846154,7.6923076923076925
E00053568,126,37,10,27,89,80,9,29.365079365079367,7.936507936507936,21.428571428571427,70.63492063492063,63.49206349206349,7.142857142857142
E00053569,140,42,11,31,98,84,14,30,7.857142857142857,22.142857142857142,70,60,10
E00053570,126,42,17,25,84,74,10,33.33333333333333,13.492063492063492,19.841269841269842,66.66666666666666,58.730158730158735,7.936507936507936
E00053571,142,40,5,35,102,90,12,28.169014084507044,3.5211267605633805,24.647887323943664,71.83098591549296,63.38028169014085,8.450704225352112
E00053572,88,28,13,15,60,57,3,31.818181818181817,14.772727272727273,17.045454545454543,68.18181818181817,64.77272727272727,3.4090909090909087
E00053573,133,44,9,35,89,83,6,33.08270676691729,6.7669172932330826,26.31578947368421,66.9172932330827,62.40601503759399,4.511278195488721
E00053574,143,54,18,36,89,78,11,37.76223776223776,12.587412587412588,25.174825174825177,62.23776223776224,54.54545454545454,7.6923076923076925
E00053575,153,37,11,26,116,106,10,24.183006535947712,7.18954248366013,16.99346405228758,75.81699346405229,69.28104575163398,6.535947712418301
E00053576,157,68,18,50,89,86,3,43.31210191082803,11.464968152866243,31.84713375796178,56.68789808917197,54.77707006369427,1.910828025477707
E00053577,197,84,21,63,113,102,11,42.63959390862944,10.65989847715736,31.979695431472084,57.360406091370564,51.776649746192895,5.583756345177665
E00053578,160,52,10,42,108,97,11,32.5,6.25,26.25,67.5,60.62499999999999,6.875000000000001
E00053579,197,81,30,51,116,109,7,41.11675126903553,15.228426395939088,25.888324873096447,58.88324873096447,55.32994923857868,3.5532994923857872
E00053580,135,44,11,33,91,78,13,32.592592592592595,8.148148148148149,24.444444444444443,67.4074074074074,57.77777777777777,9.62962962962963
E00053581,130,25,6,19,105,91,14,19.230769230769234,4.615384615384616,14.615384615384617,80.76923076923077,70,10.76923076923077
E00053582,129,52,19,33,77,69,8,40.310077519379846,14.728682170542637,25.581395348837212,59.68992248062015,53.48837209302325,6.2015503875969
E00053583,149,48,13,35,101,95,6,32.21476510067114,8.724832214765101,23.48993288590604,67.78523489932886,63.758389261744966,4.026845637583892
E00053584,159,64,16,48,95,89,6,40.25157232704403,10.062893081761008,30.18867924528302,59.74842767295597,55.9748427672956,3.7735849056603774
E00053585,70,31,8,23,39,35,4,44.285714285714285,11.428571428571429,32.857142857142854,55.714285714285715,50,5.714285714285714
E00053586,114,46,12,34,68,58,10,40.35087719298245,10.526315789473683,29.82456140350877,59.64912280701754,50.877192982456144,8.771929824561402
E00053587,80,39,7,32,41,38,3,48.75,8.75,40,51.24999999999999,47.5,3.75
E00053588,55,19,3,16,36,34,2,34.54545454545455,5.454545454545454,29.09090909090909,65.45454545454545,61.81818181818181,3.6363636363636362
E00053589,91,48,19,29,43,42,1,52.74725274725275,20.87912087912088,31.868131868131865,47.25274725274725,46.15384615384615,1.098901098901099
E00053590,54,24,7,17,30,30,0,44.44444444444444,12.962962962962962,31.48148148148148,55.55555555555556,55.55555555555556,0
E00053591,89,52,14,38,37,36,1,58.42696629213483,15.730337078651685,42.69662921348314,41.57303370786517,40.44943820224719,1.1235955056179776
E00053592,136,63,22,41,73,66,7,46.32352941176471,16.176470588235293,30.14705882352941,53.67647058823529,48.529411764705884,5.147058823529411
E00053593,124,64,16,48,60,60,0,51.61290322580645,12.903225806451612,38.70967741935484,48.38709677419355,48.38709677419355,0
E00053594,94,58,18,40,36,31,5,61.702127659574465,19.148936170212767,42.5531914893617,38.297872340425535,32.97872340425532,5.319148936170213
E00053595,134,67,23,44,67,63,4,50,17.16417910447761,32.83582089552239,50,47.01492537313433,2.9850746268656714
E00053596,148,69,23,46,79,75,4,46.62162162162162,15.54054054054054,31.08108108108108,53.37837837837838,50.67567567567568,2.7027027027027026
E00053597,113,52,16,36,61,60,1,46.017699115044245,14.15929203539823,31.858407079646017,53.98230088495575,53.09734513274337,0.8849557522123894
E00053598,136,76,14,62,60,57,3,55.88235294117647,10.294117647058822,45.588235294117645,44.11764705882353,41.911764705882355,2.2058823529411766
E00053599,169,84,17,67,85,80,5,49.70414201183432,10.059171597633137,39.64497041420118,50.29585798816568,47.337278106508876,2.9585798816568047
E00053600,144,69,13,56,75,69,6,47.91666666666667,9.027777777777777,38.88888888888889,52.083333333333336,47.91666666666667,4.166666666666666
E00053602,134,59,21,38,75,69,6,44.02985074626866,15.671641791044777,28.35820895522388,55.970149253731336,51.49253731343284,4.477611940298507
E00053603,102,62,11,51,40,40,0,60.78431372549019,10.784313725490197,50,39.21568627450981,39.21568627450981,0
E00053604,184,85,37,48,99,95,4,46.19565217391305,20.108695652173914,26.08695652173913,53.80434782608695,51.63043478260869,2.1739130434782608
E00053605,186,88,26,62,98,98,0,47.31182795698925,13.978494623655912,33.33333333333333,52.68817204301075,52.68817204301075,0
E00053606,174,77,21,56,97,89,8,44.252873563218394,12.068965517241379,32.18390804597701,55.74712643678161,51.14942528735632,4.597701149425287
E00053607,122,59,17,42,63,55,8,48.36065573770492,13.934426229508196,34.42622950819672,51.63934426229508,45.08196721311475,6.557377049180328
E00053608,134,66,18,48,68,64,4,49.25373134328358,13.432835820895523,35.82089552238806,50.74626865671642,47.76119402985074,2.9850746268656714
E00053609,195,83,24,59,112,94,18,42.56410256410256,12.307692307692308,30.256410256410255,57.43589743589743,48.205128205128204,9.230769230769232
E00053610,168,83,28,55,85,78,7,49.404761904761905,16.666666666666664,32.73809523809524,50.595238095238095,46.42857142857143,4.166666666666666
E00053611,131,43,14,29,88,78,10,32.82442748091603,10.687022900763358,22.137404580152673,67.17557251908397,59.541984732824424,7.633587786259542
E00053612,154,78,26,52,76,69,7,50.649350649350644,16.883116883116884,33.76623376623377,49.35064935064935,44.8051948051948,4.545454545454546
E00053613,143,70,32,38,73,65,8,48.95104895104895,22.377622377622377,26.573426573426573,51.048951048951054,45.45454545454545,5.594405594405594
E00053614,169,85,19,66,84,78,6,50.29585798816568,11.242603550295858,39.053254437869825,49.70414201183432,46.15384615384615,3.5502958579881656
E00053616,136,49,11,38,87,84,3,36.029411764705884,8.088235294117647,27.941176470588236,63.970588235294116,61.76470588235294,2.2058823529411766
E00053617,113,53,12,41,60,58,2,46.902654867256636,10.619469026548673,36.283185840707965,53.09734513274337,51.32743362831859,1.7699115044247788
E00053618,154,75,26,49,79,73,6,48.701298701298704,16.883116883116884,31.818181818181817,51.298701298701296,47.4025974025974,3.896103896103896
E00053621,170,77,19,58,93,87,6,45.294117647058826,11.176470588235295,34.11764705882353,54.70588235294118,51.17647058823529,3.5294117647058822
E00053622,163,61,17,44,102,95,7,37.423312883435585,10.429447852760736,26.993865030674847,62.57668711656442,58.282208588957054,4.294478527607362
E00053623,163,86,27,59,77,72,5,52.760736196319016,16.56441717791411,36.19631901840491,47.239263803680984,44.171779141104295,3.067484662576687
E00053624,180,77,15,62,103,91,12,42.77777777777778,8.333333333333332,34.44444444444444,57.22222222222222,50.55555555555556,6.666666666666667
E00053625,183,96,37,59,87,87,0,52.459016393442624,20.21857923497268,32.240437158469945,47.540983606557376,47.540983606557376,0
E00053626,154,69,17,52,85,75,10,44.8051948051948,11.03896103896104,33.76623376623377,55.1948051948052,48.701298701298704,6.493506493506493
E00053627,172,82,22,60,90,81,9,47.674418604651166,12.790697674418606,34.883720930232556,52.32558139534884,47.093023255813954,5.232558139534884
E00053629,161,72,21,51,89,82,7,44.72049689440994,13.043478260869565,31.67701863354037,55.27950310559007,50.931677018633536,4.3478260869565215
E00053630,165,88,21,67,77,70,7,53.333333333333336,12.727272727272727,40.60606060606061,46.666666666666664,42.42424242424242,4.242424242424243
E00053631,168,85,29,56,83,78,5,50.595238095238095,17.261904761904763,33.33333333333333,49.404761904761905,46.42857142857143,2.976190476190476
E00053632,165,66,12,54,99,86,13,40,7.2727272727272725,32.72727272727273,60,52.121212121212125,7.878787878787878
E00053633,92,39,12,27,53,53,0,42.391304347826086,13.043478260869565,29.347826086956523,57.608695652173914,57.608695652173914,0
E00053634,156,82,25,57,74,70,4,52.56410256410257,16.025641025641026,36.53846153846153,47.43589743589743,44.871794871794876,2.564102564102564
E00053635,140,74,23,51,66,62,4,52.85714285714286,16.428571428571427,36.42857142857142,47.14285714285714,44.285714285714285,2.857142857142857
E00053637,132,50,17,33,82,82,0,37.878787878787875,12.878787878787879,25,62.121212121212125,62.121212121212125,0
E00053638,101,41,9,32,60,57,3,40.5940594059406,8.91089108910891,31.683168316831683,59.4059405940594,56.43564356435643,2.9702970297029703
E00053639,74,40,9,31,34,34,0,54.054054054054056,12.162162162162163,41.891891891891895,45.94594594594595,45.94594594594595,0
E00053640,141,63,11,52,78,64,14,44.680851063829785,7.801418439716312,36.87943262411347,55.319148936170215,45.39007092198582,9.929078014184398
E00053641,142,49,10,39,93,87,6,34.50704225352113,7.042253521126761,27.464788732394368,65.49295774647888,61.267605633802816,4.225352112676056
E00053642,152,52,17,35,100,94,6,34.21052631578947,11.18421052631579,23.026315789473685,65.78947368421053,61.8421052631579,3.9473684210526314
E00053643,163,61,13,48,102,95,7,37.423312883435585,7.975460122699387,29.447852760736197,62.57668711656442,58.282208588957054,4.294478527607362
E00053644,149,51,11,40,98,85,13,34.22818791946309,7.38255033557047,26.845637583892618,65.77181208053692,57.04697986577181,8.724832214765101
E00053645,209,66,17,49,143,125,18,31.57894736842105,8.133971291866029,23.444976076555022,68.42105263157895,59.80861244019139,8.61244019138756
E00053646,269,74,15,59,195,166,29,27.509293680297397,5.5762081784386615,21.933085501858738,72.4907063197026,61.71003717472119,10.780669144981413
E00053647,140,33,7,26,107,97,10,23.57142857142857,5,18.571428571428573,76.42857142857142,69.28571428571428,7.142857142857142
E00053648,96,26,8,18,70,65,5,27.083333333333332,8.333333333333332,18.75,72.91666666666666,67.70833333333334,5.208333333333334
E00053649,141,42,12,30,99,88,11,29.78723404255319,8.51063829787234,21.27659574468085,70.2127659574468,62.4113475177305,7.801418439716312
E00053650,145,49,12,37,96,88,8,33.793103448275865,8.275862068965518,25.517241379310345,66.20689655172414,60.689655172413794,5.517241379310345
E00053651,102,25,6,19,77,69,8,24.509803921568626,5.88235294117647,18.627450980392158,75.49019607843137,67.64705882352942,7.8431372549019605
E00053652,55,21,7,14,34,31,3,38.18181818181819,12.727272727272727,25.454545454545453,61.81818181818181,56.36363636363636,5.454545454545454
E00053653,146,42,18,24,104,93,11,28.767123287671232,12.32876712328767,16.43835616438356,71.23287671232876,63.6986301369863,7.534246575342466
E00053654,127,40,8,32,87,77,10,31.496062992125985,6.299212598425196,25.196850393700785,68.50393700787401,60.629921259842526,7.874015748031496
E00053655,125,34,12,22,91,78,13,27.200000000000003,9.6,17.599999999999998,72.8,62.4,10.4
E00053656,237,54,12,42,183,164,19,22.78481012658228,5.063291139240507,17.72151898734177,77.21518987341773,69.19831223628692,8.016877637130802
E00053657,204,51,15,36,153,126,27,25,7.352941176470589,17.647058823529413,75,61.76470588235294,13.23529411764706
E00053658,192,55,18,37,137,115,22,28.645833333333332,9.375,19.270833333333336,71.35416666666666,59.895833333333336,11.458333333333332
E00053659,91,13,6,7,78,67,11,14.285714285714285,6.593406593406594,7.6923076923076925,85.71428571428571,73.62637362637363,12.087912087912088
E00053660,128,33,7,26,95,90,5,25.78125,5.46875,20.3125,74.21875,70.3125,3.90625
E00053661,159,48,11,37,111,102,9,30.18867924528302,6.918238993710692,23.270440251572328,69.81132075471697,64.15094339622641,5.660377358490567
E00053663,168,74,29,45,94,86,8,44.047619047619044,17.261904761904763,26.785714285714285,55.952380952380956,51.19047619047619,4.761904761904762
E00053664,170,71,25,46,99,91,8,41.76470588235294,14.705882352941178,27.058823529411764,58.235294117647065,53.529411764705884,4.705882352941177
E00053665,211,101,35,66,110,103,7,47.867298578199055,16.587677725118482,31.27962085308057,52.13270142180095,48.81516587677725,3.3175355450236967
E00053666,192,84,10,74,108,108,0,43.75,5.208333333333334,38.54166666666667,56.25,56.25,0
E00053667,129,51,7,44,78,74,4,39.53488372093023,5.426356589147287,34.10852713178294,60.46511627906976,57.36434108527132,3.10077519379845
E00053668,162,58,18,40,104,95,9,35.80246913580247,11.11111111111111,24.691358024691358,64.19753086419753,58.64197530864198,5.555555555555555
E00053670,125,52,17,35,73,66,7,41.6,13.600000000000001,28.000000000000004,58.4,52.800000000000004,5.6000000000000005
E00053671,70,25,6,19,45,44,1,35.714285714285715,8.571428571428571,27.142857142857142,64.28571428571429,62.857142857142854,1.4285714285714286
E00053672,130,51,16,35,79,72,7,39.23076923076923,12.307692307692308,26.923076923076923,60.76923076923077,55.38461538461539,5.384615384615385
E00053673,156,58,12,46,98,87,11,37.17948717948718,7.6923076923076925,29.48717948717949,62.82051282051282,55.769230769230774,7.051282051282051
E00053674,152,48,10,38,104,98,6,31.57894736842105,6.578947368421052,25,68.42105263157895,64.47368421052632,3.9473684210526314
E00053675,117,44,13,31,73,64,9,37.60683760683761,11.11111111111111,26.495726495726498,62.39316239316239,54.700854700854705,7.6923076923076925
E00053676,127,43,15,28,84,79,5,33.85826771653544,11.811023622047244,22.04724409448819,66.14173228346458,62.20472440944882,3.937007874015748
E00053677,96,37,9,28,59,55,4,38.54166666666667,9.375,29.166666666666668,61.458333333333336,57.291666666666664,4.166666666666666
E00053678,105,28,0,28,77,73,4,26.666666666666668,0,26.666666666666668,73.33333333333333,69.52380952380952,3.8095238095238098
E00053679,152,62,16,46,90,81,9,40.78947368421053,10.526315789473683,30.263157894736842,59.210526315789465,53.289473684210535,5.921052631578947
E00053680,118,54,16,38,64,60,4,45.76271186440678,13.559322033898304,32.20338983050847,54.23728813559322,50.847457627118644,3.389830508474576
E00053681,126,48,13,35,78,71,7,38.095238095238095,10.317460317460316,27.77777777777778,61.904761904761905,56.34920634920635,5.555555555555555
E00053682,130,51,18,33,79,74,5,39.23076923076923,13.846153846153847,25.384615384615383,60.76923076923077,56.92307692307692,3.8461538461538463
E00053683,167,55,17,38,112,95,17,32.93413173652694,10.179640718562874,22.75449101796407,67.06586826347305,56.886227544910184,10.179640718562874
E00053684,25,8,4,4,17,13,4,32,16,16,68,52,16
E00053685,114,37,17,20,77,68,9,32.45614035087719,14.912280701754385,17.543859649122805,67.54385964912281,59.64912280701754,7.894736842105263
E00053686,145,49,7,42,96,78,18,33.793103448275865,4.827586206896552,28.965517241379313,66.20689655172414,53.79310344827586,12.413793103448276
E00053687,88,37,15,22,51,40,11,42.04545454545455,17.045454545454543,25,57.95454545454546,45.45454545454545,12.5
E00053688,136,34,18,16,102,86,16,25,13.23529411764706,11.76470588235294,75,63.23529411764706,11.76470588235294
E00053689,90,28,8,20,62,53,9,31.11111111111111,8.88888888888889,22.22222222222222,68.88888888888889,58.88888888888889,10
E00053690,122,50,14,36,72,59,13,40.98360655737705,11.475409836065573,29.508196721311474,59.01639344262295,48.36065573770492,10.655737704918032
E00053691,87,31,10,21,56,45,11,35.63218390804598,11.494252873563218,24.137931034482758,64.36781609195403,51.724137931034484,12.643678160919542
E00053692,126,36,14,22,90,75,15,28.57142857142857,11.11111111111111,17.46031746031746,71.42857142857143,59.523809523809526,11.904761904761903
E00053693,111,42,21,21,69,56,13,37.83783783783784,18.91891891891892,18.91891891891892,62.16216216216216,50.45045045045045,11.711711711711711
E00053695,172,66,25,41,106,91,15,38.372093023255815,14.534883720930234,23.837209302325583,61.627906976744185,52.90697674418605,8.720930232558139
E00053696,96,35,16,19,61,54,7,36.45833333333333,16.666666666666664,19.791666666666664,63.541666666666664,56.25,7.291666666666667
E00053697,81,35,10,25,46,40,6,43.20987654320987,12.345679012345679,30.864197530864196,56.79012345679012,49.382716049382715,7.4074074074074066
E00053698,84,33,10,23,51,40,11,39.285714285714285,11.904761904761903,27.380952380952383,60.71428571428571,47.61904761904761,13.095238095238097
E00053699,108,48,18,30,60,53,7,44.44444444444444,16.666666666666664,27.77777777777778,55.55555555555556,49.074074074074076,6.481481481481481
E00053700,327,86,22,64,241,194,47,26.299694189602445,6.727828746177369,19.571865443425075,73.70030581039755,59.32721712538226,14.37308868501529
E00053701,99,30,9,21,69,58,11,30.303030303030305,9.090909090909092,21.21212121212121,69.6969696969697,58.58585858585859,11.11111111111111
E00053702,178,50,9,41,128,116,12,28.08988764044944,5.056179775280898,23.03370786516854,71.91011235955057,65.1685393258427,6.741573033707865
E00053703,82,23,4,19,59,50,9,28.04878048780488,4.878048780487805,23.170731707317074,71.95121951219512,60.97560975609756,10.975609756097562
E00053704,197,55,18,37,142,120,22,27.918781725888326,9.137055837563452,18.781725888324875,72.08121827411168,60.913705583756354,11.16751269035533
E00053705,116,31,11,20,85,71,14,26.72413793103448,9.482758620689655,17.24137931034483,73.27586206896551,61.206896551724135,12.068965517241379
E00053706,130,41,14,27,89,80,9,31.538461538461537,10.76923076923077,20.76923076923077,68.46153846153847,61.53846153846154,6.923076923076923
E00053707,140,42,13,29,98,84,14,30,9.285714285714286,20.714285714285715,70,60,10
E00053708,136,43,13,30,93,82,11,31.61764705882353,9.558823529411764,22.058823529411764,68.38235294117648,60.29411764705882,8.088235294117647
E00053709,160,45,19,26,115,102,13,28.125,11.875,16.25,71.875,63.74999999999999,8.125
E00053710,145,36,12,24,109,96,13,24.82758620689655,8.275862068965518,16.551724137931036,75.17241379310344,66.20689655172414,8.96551724137931
E00053711,137,34,12,22,103,90,13,24.817518248175183,8.75912408759124,16.05839416058394,75.18248175182481,65.69343065693431,9.48905109489051
E00053712,103,32,8,24,71,63,8,31.06796116504854,7.766990291262135,23.300970873786408,68.93203883495146,61.165048543689316,7.766990291262135
E00053713,150,41,12,29,109,90,19,27.333333333333332,8,19.333333333333332,72.66666666666667,60,12.666666666666668
E00053714,136,41,15,26,95,80,15,30.14705882352941,11.029411764705882,19.11764705882353,69.85294117647058,58.82352941176471,11.029411764705882
E00053715,133,41,16,25,92,81,11,30.82706766917293,12.030075187969924,18.796992481203006,69.17293233082707,60.902255639097746,8.270676691729323
E00053716,174,58,20,38,116,99,17,33.33333333333333,11.494252873563218,21.839080459770116,66.66666666666666,56.896551724137936,9.770114942528735
E00053717,135,50,20,30,85,73,12,37.03703703703704,14.814814814814813,22.22222222222222,62.96296296296296,54.074074074074076,8.88888888888889
E00053718,140,44,16,28,96,81,15,31.428571428571427,11.428571428571429,20,68.57142857142857,57.85714285714286,10.714285714285714
E00053719,126,42,13,29,84,75,9,33.33333333333333,10.317460317460316,23.015873015873016,66.66666666666666,59.523809523809526,7.142857142857142
E00053720,126,37,7,30,89,76,13,29.365079365079367,5.555555555555555,23.809523809523807,70.63492063492063,60.317460317460316,10.317460317460316
E00053721,159,41,17,24,118,99,19,25.78616352201258,10.69182389937107,15.09433962264151,74.21383647798741,62.264150943396224,11.949685534591195
E00053722,144,39,8,31,105,92,13,27.083333333333332,5.555555555555555,21.52777777777778,72.91666666666666,63.888888888888886,9.027777777777777
E00053723,124,42,5,37,82,66,16,33.87096774193548,4.032258064516129,29.838709677419356,66.12903225806451,53.2258064516129,12.903225806451612
E00053725,119,35,8,27,84,69,15,29.411764705882355,6.722689075630252,22.689075630252102,70.58823529411765,57.98319327731093,12.605042016806722
E00053726,131,38,7,31,93,71,22,29.00763358778626,5.343511450381679,23.66412213740458,70.99236641221374,54.19847328244275,16.793893129770993
E00053727,152,53,24,29,99,62,37,34.868421052631575,15.789473684210526,19.078947368421055,65.13157894736842,40.78947368421053,24.342105263157894
E00053728,182,57,15,42,125,111,14,31.318681318681318,8.241758241758241,23.076923076923077,68.68131868131869,60.98901098901099,7.6923076923076925
E00053729,168,43,9,34,125,112,13,25.595238095238095,5.357142857142857,20.238095238095237,74.40476190476191,66.66666666666666,7.738095238095238
E00053730,146,42,17,25,104,90,14,28.767123287671232,11.643835616438356,17.123287671232877,71.23287671232876,61.64383561643836,9.58904109589041
E00053731,159,37,14,23,122,104,18,23.270440251572328,8.80503144654088,14.465408805031446,76.72955974842768,65.40880503144653,11.320754716981133
E00053732,179,57,20,37,122,102,20,31.843575418994412,11.1731843575419,20.670391061452513,68.15642458100558,56.98324022346368,11.1731843575419
E00053734,134,40,10,30,94,85,9,29.850746268656714,7.462686567164178,22.388059701492537,70.1492537313433,63.43283582089553,6.7164179104477615
E00053735,106,35,10,25,71,64,7,33.0188679245283,9.433962264150944,23.58490566037736,66.98113207547169,60.37735849056604,6.60377358490566
E00053737,143,32,11,21,111,96,15,22.377622377622377,7.6923076923076925,14.685314685314685,77.62237762237763,67.13286713286713,10.48951048951049
E00053738,167,43,8,35,124,107,17,25.748502994011975,4.790419161676647,20.958083832335326,74.25149700598801,64.07185628742515,10.179640718562874
E00053739,215,52,8,44,163,142,21,24.186046511627907,3.7209302325581395,20.46511627906977,75.81395348837209,66.04651162790698,9.767441860465116
E00053740,212,42,18,24,170,149,21,19.81132075471698,8.49056603773585,11.320754716981133,80.18867924528303,70.28301886792453,9.90566037735849
E00053741,112,28,10,18,84,68,16,25,8.928571428571429,16.071428571428573,75,60.71428571428571,14.285714285714285
E00053742,167,49,11,38,118,97,21,29.34131736526946,6.58682634730539,22.75449101796407,70.65868263473054,58.08383233532935,12.574850299401197
E00053743,166,55,7,48,111,100,11,33.13253012048193,4.216867469879518,28.915662650602407,66.86746987951807,60.24096385542169,6.626506024096386
E00053744,141,45,6,39,96,84,12,31.914893617021278,4.25531914893617,27.659574468085108,68.08510638297872,59.57446808510638,8.51063829787234
E00053745,155,57,25,32,98,89,9,36.774193548387096,16.129032258064516,20.64516129032258,63.2258064516129,57.41935483870968,5.806451612903226
E00053746,191,58,12,46,133,110,23,30.36649214659686,6.282722513089005,24.083769633507853,69.63350785340315,57.59162303664922,12.041884816753926
E00053747,143,47,12,35,96,82,14,32.86713286713287,8.391608391608392,24.475524475524477,67.13286713286713,57.34265734265735,9.79020979020979
E00053748,165,52,18,34,113,98,15,31.515151515151512,10.909090909090908,20.606060606060606,68.48484848484848,59.3939393939394,9.090909090909092
E00053749,148,41,6,35,107,93,14,27.7027027027027,4.054054054054054,23.64864864864865,72.2972972972973,62.83783783783784,9.45945945945946
E00053750,121,39,13,26,82,67,15,32.231404958677686,10.743801652892563,21.487603305785125,67.76859504132231,55.371900826446286,12.396694214876034
E00053751,141,43,9,34,98,86,12,30.49645390070922,6.382978723404255,24.113475177304963,69.50354609929079,60.99290780141844,8.51063829787234
E00053752,142,40,7,33,102,93,9,28.169014084507044,4.929577464788732,23.239436619718308,71.83098591549296,65.49295774647888,6.338028169014084
E00053753,156,36,5,31,120,100,20,23.076923076923077,3.205128205128205,19.871794871794872,76.92307692307693,64.1025641025641,12.82051282051282
E00053754,91,34,7,27,57,48,9,37.362637362637365,7.6923076923076925,29.67032967032967,62.637362637362635,52.74725274725275,9.89010989010989
E00053756,203,54,10,44,149,131,18,26.60098522167488,4.926108374384237,21.67487684729064,73.39901477832512,64.5320197044335,8.866995073891626
E00053757,116,38,7,31,78,69,9,32.758620689655174,6.0344827586206895,26.72413793103448,67.24137931034483,59.48275862068966,7.758620689655173
E00053759,138,61,17,44,77,65,12,44.20289855072464,12.318840579710146,31.88405797101449,55.79710144927537,47.10144927536232,8.695652173913043
E00053760,158,57,12,45,101,89,12,36.075949367088604,7.59493670886076,28.48101265822785,63.92405063291139,56.32911392405063,7.59493670886076
E00053761,31,12,4,8,19,18,1,38.70967741935484,12.903225806451612,25.806451612903224,61.29032258064516,58.06451612903226,3.225806451612903
E00053762,144,46,14,32,98,89,9,31.944444444444443,9.722222222222223,22.22222222222222,68.05555555555556,61.80555555555556,6.25
E00053763,194,45,6,39,149,125,24,23.195876288659793,3.0927835051546393,20.103092783505154,76.80412371134021,64.43298969072166,12.371134020618557
E00053764,145,42,5,37,103,92,11,28.965517241379313,3.4482758620689653,25.517241379310345,71.03448275862068,63.44827586206897,7.586206896551724
E00053765,146,48,13,35,98,93,5,32.87671232876712,8.904109589041095,23.972602739726025,67.12328767123287,63.6986301369863,3.4246575342465753
E00053766,121,37,11,26,84,74,10,30.57851239669421,9.090909090909092,21.487603305785125,69.42148760330579,61.15702479338842,8.264462809917356
E00053767,137,48,9,39,89,82,7,35.03649635036496,6.569343065693431,28.467153284671532,64.96350364963503,59.854014598540154,5.109489051094891
E00053768,147,50,13,37,97,90,7,34.01360544217687,8.843537414965986,25.170068027210885,65.98639455782312,61.224489795918366,4.761904761904762
E00053769,149,41,7,34,108,102,6,27.516778523489933,4.697986577181208,22.818791946308725,72.48322147651007,68.45637583892618,4.026845637583892
E00053770,129,44,12,32,85,78,7,34.10852713178294,9.30232558139535,24.8062015503876,65.89147286821705,60.46511627906976,5.426356589147287
E00053771,172,59,15,44,113,98,15,34.30232558139535,8.720930232558139,25.581395348837212,65.69767441860465,56.97674418604651,8.720930232558139
E00053772,113,36,6,30,77,70,7,31.858407079646017,5.3097345132743365,26.548672566371685,68.14159292035397,61.94690265486725,6.1946902654867255
E00053773,104,26,5,21,78,73,5,25,4.807692307692308,20.192307692307693,75,70.1923076923077,4.807692307692308
E00053774,170,56,18,38,114,100,14,32.94117647058823,10.588235294117647,22.35294117647059,67.05882352941175,58.82352941176471,8.235294117647058
E00053775,119,41,9,32,78,70,8,34.45378151260504,7.563025210084033,26.89075630252101,65.54621848739495,58.82352941176471,6.722689075630252
E00053776,163,48,10,38,115,101,14,29.447852760736197,6.134969325153374,23.31288343558282,70.5521472392638,61.963190184049076,8.588957055214724
E00053777,181,64,17,47,117,100,17,35.35911602209944,9.392265193370166,25.96685082872928,64.64088397790056,55.24861878453039,9.392265193370166
E00053778,159,44,14,30,115,107,8,27.67295597484277,8.80503144654088,18.867924528301888,72.32704402515722,67.29559748427673,5.031446540880504
E00053779,123,47,13,34,76,66,10,38.21138211382114,10.569105691056912,27.64227642276423,61.78861788617886,53.65853658536586,8.130081300813007
E00053780,128,39,10,29,89,77,12,30.46875,7.8125,22.65625,69.53125,60.15625,9.375
E00053781,111,42,10,32,69,63,6,37.83783783783784,9.00900900900901,28.82882882882883,62.16216216216216,56.75675675675676,5.405405405405405
E00053783,156,54,17,37,102,91,11,34.61538461538461,10.897435897435898,23.717948717948715,65.38461538461539,58.333333333333336,7.051282051282051
E00053785,78,21,6,15,57,52,5,26.923076923076923,7.6923076923076925,19.230769230769234,73.07692307692307,66.66666666666666,6.41025641025641
E00053786,192,91,23,68,101,95,6,47.39583333333333,11.979166666666668,35.41666666666667,52.604166666666664,49.47916666666667,3.125
E00053787,59,19,3,16,40,35,5,32.20338983050847,5.084745762711865,27.11864406779661,67.79661016949152,59.32203389830508,8.47457627118644
E00053788,131,70,20,50,61,52,9,53.43511450381679,15.267175572519085,38.16793893129771,46.56488549618321,39.69465648854962,6.870229007633588
E00053789,212,80,27,53,132,112,20,37.735849056603776,12.735849056603774,25,62.264150943396224,52.83018867924528,9.433962264150944
E00053790,54,23,5,18,31,31,0,42.592592592592595,9.25925925925926,33.33333333333333,57.407407407407405,57.407407407407405,0
E00053791,91,35,17,18,56,52,4,38.46153846153847,18.681318681318682,19.78021978021978,61.53846153846154,57.14285714285714,4.395604395604396
E00053792,138,58,13,45,80,71,9,42.028985507246375,9.420289855072465,32.608695652173914,57.971014492753625,51.449275362318836,6.521739130434782
E00053793,150,51,20,31,99,90,9,34,13.333333333333334,20.666666666666668,66,60,6
E00053794,108,46,12,34,62,55,7,42.592592592592595,11.11111111111111,31.48148148148148,57.407407407407405,50.92592592592593,6.481481481481481
E00053795,130,39,15,24,91,77,14,30,11.538461538461538,18.461538461538463,70,59.23076923076923,10.76923076923077
E00053796,156,51,11,40,105,97,8,32.69230769230769,7.051282051282051,25.64102564102564,67.3076923076923,62.17948717948718,5.128205128205128
E00053797,141,43,12,31,98,90,8,30.49645390070922,8.51063829787234,21.98581560283688,69.50354609929079,63.829787234042556,5.673758865248227
E00053798,170,60,21,39,110,101,9,35.294117647058826,12.352941176470589,22.941176470588236,64.70588235294117,59.411764705882355,5.294117647058823
E00053799,151,70,19,51,81,74,7,46.35761589403973,12.582781456953644,33.77483443708609,53.64238410596026,49.00662251655629,4.635761589403973
E00053800,135,46,17,29,89,83,6,34.074074074074076,12.592592592592592,21.48148148148148,65.92592592592592,61.48148148148148,4.444444444444445
E00053801,143,40,5,35,103,90,13,27.972027972027973,3.4965034965034967,24.475524475524477,72.02797202797203,62.93706293706294,9.090909090909092
E00053802,155,71,24,47,84,80,4,45.806451612903224,15.483870967741936,30.32258064516129,54.19354838709678,51.61290322580645,2.5806451612903225
E00053803,169,62,17,45,107,95,12,36.68639053254438,10.059171597633137,26.627218934911244,63.31360946745562,56.213017751479285,7.100591715976331
E00053804,145,80,29,51,65,62,3,55.172413793103445,20,35.172413793103445,44.827586206896555,42.758620689655174,2.0689655172413794
E00053805,114,64,25,39,50,44,6,56.14035087719298,21.929824561403507,34.21052631578947,43.859649122807014,38.59649122807017,5.263157894736842
E00053806,131,48,16,32,83,77,6,36.6412213740458,12.213740458015266,24.427480916030532,63.358778625954194,58.778625954198475,4.580152671755725
E00053807,83,36,10,26,47,42,5,43.373493975903614,12.048192771084338,31.32530120481928,56.62650602409639,50.602409638554214,6.024096385542169
E00053808,115,50,16,34,65,58,7,43.47826086956522,13.91304347826087,29.565217391304348,56.52173913043478,50.43478260869565,6.086956521739131
E00053809,128,63,11,52,65,54,11,49.21875,8.59375,40.625,50.78125,42.1875,8.59375
E00053810,125,49,18,31,76,73,3,39.2,14.399999999999999,24.8,60.8,58.4,2.4
E00053811,126,58,14,44,68,61,7,46.03174603174603,11.11111111111111,34.92063492063492,53.96825396825397,48.41269841269841,5.555555555555555
E00053812,131,60,16,44,71,70,1,45.80152671755725,12.213740458015266,33.587786259541986,54.19847328244275,53.43511450381679,0.7633587786259541
E00053813,107,48,10,38,59,59,0,44.85981308411215,9.345794392523365,35.51401869158878,55.140186915887845,55.140186915887845,0
E00053814,92,53,13,40,39,38,1,57.608695652173914,14.130434782608695,43.47826086956522,42.391304347826086,41.30434782608695,1.0869565217391304
E00053815,119,45,12,33,74,63,11,37.81512605042017,10.084033613445378,27.73109243697479,62.18487394957983,52.94117647058824,9.243697478991598
E00053816,132,55,18,37,77,72,5,41.66666666666667,13.636363636363635,28.030303030303028,58.333333333333336,54.54545454545454,3.787878787878788
E00053817,156,60,22,38,96,88,8,38.46153846153847,14.102564102564102,24.358974358974358,61.53846153846154,56.41025641025641,5.128205128205128
E00053818,157,58,17,41,99,91,8,36.94267515923567,10.828025477707007,26.11464968152866,63.05732484076433,57.961783439490446,5.095541401273886
E00053819,172,67,13,54,105,94,11,38.95348837209303,7.55813953488372,31.3953488372093,61.04651162790697,54.65116279069767,6.395348837209303
E00053820,127,57,15,42,70,67,3,44.881889763779526,11.811023622047244,33.07086614173229,55.118110236220474,52.75590551181102,2.3622047244094486
E00053821,121,61,17,44,60,56,4,50.413223140495866,14.049586776859504,36.36363636363637,49.586776859504134,46.28099173553719,3.3057851239669422
E00053822,153,60,21,39,93,88,5,39.21568627450981,13.725490196078432,25.49019607843137,60.78431372549019,57.51633986928104,3.2679738562091507
E00053823,161,65,23,42,96,85,11,40.37267080745342,14.285714285714285,26.08695652173913,59.62732919254658,52.79503105590062,6.832298136645963
E00053824,68,29,11,18,39,37,2,42.64705882352941,16.176470588235293,26.47058823529412,57.35294117647059,54.41176470588235,2.941176470588235
E00053825,192,87,17,70,105,94,11,45.3125,8.854166666666668,36.45833333333333,54.6875,48.95833333333333,5.729166666666666
E00053826,112,52,13,39,60,53,7,46.42857142857143,11.607142857142858,34.82142857142857,53.57142857142857,47.32142857142857,6.25
E00053827,115,55,21,34,60,50,10,47.82608695652174,18.26086956521739,29.565217391304348,52.17391304347826,43.47826086956522,8.695652173913043
E00053828,116,56,19,37,60,55,5,48.275862068965516,16.379310344827587,31.896551724137932,51.724137931034484,47.41379310344828,4.310344827586207
E00053829,204,71,20,51,133,114,19,34.80392156862745,9.803921568627452,25,65.19607843137256,55.88235294117647,9.313725490196079
E00053830,106,42,14,28,64,61,3,39.62264150943396,13.20754716981132,26.41509433962264,60.37735849056604,57.54716981132076,2.8301886792452833
E00053831,162,58,11,47,104,97,7,35.80246913580247,6.790123456790123,29.01234567901235,64.19753086419753,59.876543209876544,4.320987654320987
E00053832,85,28,7,21,57,53,4,32.94117647058823,8.235294117647058,24.705882352941178,67.05882352941175,62.35294117647059,4.705882352941177
E00053833,124,49,14,35,75,65,10,39.516129032258064,11.29032258064516,28.225806451612907,60.483870967741936,52.41935483870967,8.064516129032258
E00053834,190,59,15,44,131,105,26,31.05263157894737,7.894736842105263,23.157894736842106,68.94736842105263,55.26315789473685,13.684210526315791
E00053836,146,60,19,41,86,79,7,41.0958904109589,13.013698630136986,28.08219178082192,58.9041095890411,54.109589041095894,4.794520547945205
E00053837,148,59,21,38,89,79,10,39.86486486486486,14.18918918918919,25.675675675675674,60.13513513513513,53.37837837837838,6.756756756756757
E00053838,162,68,18,50,94,85,9,41.9753086419753,11.11111111111111,30.864197530864196,58.0246913580247,52.46913580246913,5.555555555555555
E00053839,191,51,9,42,140,115,25,26.701570680628272,4.712041884816754,21.98952879581152,73.29842931937172,60.20942408376963,13.089005235602095
E00053841,200,69,16,53,131,119,12,34.5,8,26.5,65.5,59.5,6
E00053842,128,45,14,31,83,71,12,35.15625,10.9375,24.21875,64.84375,55.46875,9.375
E00053843,144,63,21,42,81,71,10,43.75,14.583333333333334,29.166666666666668,56.25,49.30555555555556,6.944444444444445
E00053844,194,74,21,53,120,112,8,38.144329896907216,10.824742268041238,27.31958762886598,61.855670103092784,57.73195876288659,4.123711340206185
E00053845,157,64,21,43,93,82,11,40.76433121019109,13.375796178343949,27.388535031847134,59.23566878980891,52.22929936305732,7.006369426751593
E00053846,181,73,17,56,108,102,6,40.331491712707184,9.392265193370166,30.939226519337016,59.66850828729282,56.353591160220994,3.314917127071823
E00053847,191,70,21,49,121,111,10,36.64921465968586,10.99476439790576,25.654450261780106,63.35078534031413,58.1151832460733,5.2356020942408374
E00053848,70,36,10,26,34,34,0,51.42857142857142,14.285714285714285,37.142857142857146,48.57142857142857,48.57142857142857,0
E00053850,103,50,17,33,53,48,5,48.54368932038835,16.50485436893204,32.038834951456316,51.45631067961165,46.601941747572816,4.854368932038835
E00053851,176,62,18,44,114,95,19,35.22727272727273,10.227272727272728,25,64.77272727272727,53.97727272727273,10.795454545454545
E00053852,134,73,18,55,61,56,5,54.47761194029851,13.432835820895523,41.04477611940299,45.52238805970149,41.7910447761194,3.731343283582089
E00053853,171,71,25,46,100,95,5,41.52046783625731,14.619883040935672,26.900584795321635,58.47953216374269,55.55555555555556,2.923976608187134
E00053854,181,84,27,57,97,93,4,46.408839779005525,14.917127071823206,31.491712707182316,53.591160220994475,51.38121546961326,2.209944751381215
E00053856,165,57,14,43,108,101,7,34.54545454545455,8.484848484848486,26.060606060606062,65.45454545454545,61.212121212121204,4.242424242424243
E00053857,109,49,14,35,60,59,1,44.95412844036697,12.844036697247708,32.11009174311927,55.04587155963303,54.12844036697248,0.9174311926605505
E00053858,91,32,6,26,59,59,0,35.16483516483517,6.593406593406594,28.57142857142857,64.83516483516483,64.83516483516483,0
E00053859,152,60,22,38,92,82,10,39.473684210526315,14.473684210526317,25,60.526315789473685,53.94736842105263,6.578947368421052
E00053861,140,75,38,37,65,61,4,53.57142857142857,27.142857142857142,26.42857142857143,46.42857142857143,43.57142857142857,2.857142857142857
E00053862,165,78,21,57,87,79,8,47.27272727272727,12.727272727272727,34.54545454545455,52.72727272727272,47.878787878787875,4.848484848484849
E00053863,143,63,13,50,80,76,4,44.05594405594406,9.090909090909092,34.96503496503497,55.94405594405595,53.14685314685315,2.797202797202797
E00053864,80,18,8,10,62,56,6,22.5,10,12.5,77.5,70,7.5
E00053867,170,67,21,46,103,89,14,39.411764705882355,12.352941176470589,27.058823529411764,60.588235294117645,52.352941176470594,8.235294117647058
E00053868,161,73,25,48,88,78,10,45.3416149068323,15.527950310559005,29.81366459627329,54.6583850931677,48.4472049689441,6.211180124223603
E00053869,178,63,19,44,115,103,12,35.39325842696629,10.674157303370785,24.719101123595504,64.60674157303372,57.865168539325836,6.741573033707865
E00053870,174,75,17,58,99,91,8,43.103448275862064,9.770114942528735,33.33333333333333,56.896551724137936,52.29885057471264,4.597701149425287
E00053871,143,70,15,55,73,64,9,48.95104895104895,10.48951048951049,38.46153846153847,51.048951048951054,44.75524475524475,6.293706293706294
E00053873,159,73,19,54,86,80,6,45.911949685534594,11.949685534591195,33.9622641509434,54.088050314465406,50.314465408805034,3.7735849056603774
E00053874,268,84,28,56,184,161,23,31.343283582089555,10.44776119402985,20.8955223880597,68.65671641791045,60.07462686567165,8.582089552238806
E00053875,106,42,18,24,64,58,6,39.62264150943396,16.9811320754717,22.641509433962266,60.37735849056604,54.71698113207547,5.660377358490567
E00053876,127,48,13,35,79,72,7,37.79527559055118,10.236220472440944,27.559055118110237,62.20472440944882,56.69291338582677,5.511811023622047
E00053877,208,69,24,45,139,124,15,33.17307692307692,11.538461538461538,21.634615384615387,66.82692307692307,59.61538461538461,7.211538461538461
E00053878,102,36,13,23,66,59,7,35.294117647058826,12.745098039215685,22.54901960784314,64.70588235294117,57.84313725490197,6.862745098039216
E00053879,149,66,9,57,83,68,15,44.29530201342282,6.0402684563758395,38.25503355704698,55.70469798657718,45.63758389261745,10.06711409395973
E00053880,149,39,14,25,110,97,13,26.174496644295303,9.395973154362416,16.778523489932887,73.8255033557047,65.1006711409396,8.724832214765101
E00053881,174,49,15,34,125,113,12,28.160919540229884,8.620689655172415,19.54022988505747,71.83908045977012,64.9425287356322,6.896551724137931
E00053882,161,37,7,30,124,103,21,22.981366459627328,4.3478260869565215,18.633540372670808,77.01863354037268,63.975155279503106,13.043478260869565
E00053883,123,39,9,30,84,76,8,31.70731707317073,7.317073170731707,24.390243902439025,68.29268292682927,61.78861788617886,6.504065040650407
E00053884,129,47,18,29,82,75,7,36.434108527131784,13.953488372093023,22.48062015503876,63.565891472868216,58.139534883720934,5.426356589147287
E00053885,161,40,16,24,121,108,13,24.84472049689441,9.937888198757763,14.906832298136646,75.15527950310559,67.08074534161491,8.074534161490684
E00053886,121,32,8,24,89,81,8,26.446280991735538,6.6115702479338845,19.834710743801654,73.55371900826447,66.94214876033058,6.6115702479338845
E00053887,96,24,5,19,72,63,9,25,5.208333333333334,19.791666666666664,75,65.625,9.375
E00053888,310,78,18,60,232,194,38,25.161290322580644,5.806451612903226,19.35483870967742,74.83870967741936,62.58064516129033,12.258064516129032
E00053890,46,16,6,10,30,28,2,34.78260869565217,13.043478260869565,21.73913043478261,65.21739130434783,60.86956521739131,4.3478260869565215
E00053891,141,29,9,20,112,108,4,20.56737588652482,6.382978723404255,14.184397163120568,79.43262411347519,76.59574468085107,2.8368794326241136
E00053892,206,63,10,53,143,133,10,30.582524271844658,4.854368932038835,25.728155339805824,69.41747572815534,64.56310679611651,4.854368932038835
E00053893,72,10,2,8,62,51,11,13.88888888888889,2.7777777777777777,11.11111111111111,86.11111111111111,70.83333333333334,15.277777777777779
E00053894,164,46,16,30,118,105,13,28.04878048780488,9.75609756097561,18.29268292682927,71.95121951219512,64.02439024390245,7.926829268292683
E00053895,235,57,15,42,178,151,27,24.25531914893617,6.382978723404255,17.872340425531917,75.74468085106383,64.25531914893618,11.48936170212766
E00053896,99,30,9,21,69,60,9,30.303030303030305,9.090909090909092,21.21212121212121,69.6969696969697,60.60606060606061,9.090909090909092
E00053897,141,41,8,33,100,90,10,29.078014184397162,5.673758865248227,23.404255319148938,70.92198581560284,63.829787234042556,7.092198581560284
E00053898,115,28,4,24,87,79,8,24.347826086956523,3.4782608695652173,20.869565217391305,75.65217391304347,68.69565217391305,6.956521739130435
E00053899,99,28,6,22,71,58,13,28.28282828282828,6.0606060606060606,22.22222222222222,71.71717171717171,58.58585858585859,13.131313131313133
E00053900,98,30,4,26,68,57,11,30.612244897959183,4.081632653061225,26.53061224489796,69.38775510204081,58.16326530612245,11.224489795918368
E00053902,147,39,13,26,108,84,24,26.53061224489796,8.843537414965986,17.687074829931973,73.46938775510205,57.14285714285714,16.3265306122449
E00053903,228,67,22,45,161,140,21,29.385964912280706,9.649122807017543,19.736842105263158,70.6140350877193,61.40350877192983,9.210526315789473
E00053904,132,40,12,28,92,84,8,30.303030303030305,9.090909090909092,21.21212121212121,69.6969696969697,63.63636363636363,6.0606060606060606
E00053905,146,52,20,32,94,75,19,35.61643835616438,13.698630136986301,21.91780821917808,64.38356164383562,51.369863013698634,13.013698630136986
E00053907,137,44,12,32,93,78,15,32.11678832116788,8.75912408759124,23.357664233576642,67.88321167883211,56.934306569343065,10.948905109489052
E00053908,197,51,9,42,146,121,25,25.888324873096447,4.568527918781726,21.31979695431472,74.11167512690355,61.42131979695431,12.690355329949238
E00053910,132,41,16,25,91,80,11,31.060606060606062,12.121212121212121,18.939393939393938,68.93939393939394,60.60606060606061,8.333333333333332
E00053911,128,42,11,31,86,78,8,32.8125,8.59375,24.21875,67.1875,60.9375,6.25
E00053912,104,36,10,26,68,58,10,34.61538461538461,9.615384615384617,25,65.38461538461539,55.769230769230774,9.615384615384617
E00053913,141,35,10,25,106,98,8,24.822695035460992,7.092198581560284,17.73049645390071,75.177304964539,69.50354609929079,5.673758865248227
E00053914,279,71,18,53,208,186,22,25.448028673835125,6.451612903225806,18.996415770609318,74.55197132616487,66.66666666666666,7.885304659498208
E00053915,136,45,18,27,91,81,10,33.088235294117645,13.23529411764706,19.852941176470587,66.91176470588235,59.55882352941176,7.352941176470589
E00053916,158,47,9,38,111,95,16,29.746835443037973,5.69620253164557,24.050632911392405,70.25316455696202,60.12658227848101,10.126582278481013
E00053917,290,71,20,51,219,179,40,24.482758620689655,6.896551724137931,17.586206896551722,75.51724137931033,61.724137931034484,13.793103448275861
E00053918,180,60,20,40,120,114,6,33.33333333333333,11.11111111111111,22.22222222222222,66.66666666666666,63.33333333333333,3.3333333333333335
E00053919,167,40,14,26,127,112,15,23.952095808383234,8.383233532934131,15.568862275449103,76.04790419161677,67.06586826347305,8.982035928143713
E00053920,222,58,15,43,164,138,26,26.126126126126124,6.756756756756757,19.36936936936937,73.87387387387388,62.16216216216216,11.711711711711711
E00053921,170,45,6,39,125,107,18,26.47058823529412,3.5294117647058822,22.941176470588236,73.52941176470588,62.94117647058823,10.588235294117647
E00053922,187,48,14,34,139,120,19,25.668449197860966,7.4866310160427805,18.181818181818183,74.33155080213903,64.171122994652407,10.16042780748663
E00053923,274,62,19,43,212,185,27,22.62773722627737,6.934306569343065,15.693430656934307,77.37226277372264,67.51824817518248,9.854014598540147
E00053925,240,77,24,53,163,145,18,32.083333333333336,10,22.083333333333332,67.91666666666667,60.416666666666664,7.5
E00053926,130,32,11,21,98,87,11,24.615384615384617,8.461538461538462,16.153846153846153,75.38461538461539,66.92307692307692,8.461538461538462
E00053927,163,45,14,31,118,100,18,27.607361963190186,8.588957055214724,19.018404907975462,72.39263803680981,61.34969325153374,11.042944785276074
E00053928,184,46,17,29,138,121,17,25,9.239130434782608,15.760869565217392,75,65.76086956521739,9.239130434782608
E00053929,190,51,17,34,139,122,17,26.842105263157894,8.947368421052632,17.894736842105264,73.15789473684211,64.21052631578948,8.947368421052632
E00053930,142,42,14,28,100,89,11,29.577464788732392,9.859154929577464,19.718309859154928,70.4225352112676,62.676056338028175,7.746478873239436
E00053931,234,54,13,41,180,166,14,23.076923076923077,5.555555555555555,17.52136752136752,76.92307692307693,70.94017094017094,5.982905982905983
E00053932,170,40,5,35,130,117,13,23.52941176470588,2.941176470588235,20.588235294117645,76.47058823529412,68.82352941176471,7.647058823529412
E00053933,105,37,9,28,68,60,8,35.23809523809524,8.571428571428571,26.666666666666668,64.76190476190476,57.14285714285714,7.6190476190476195
E00053934,24,8,2,6,16,15,1,33.33333333333333,8.333333333333332,25,66.66666666666666,62.5,4.166666666666666
E00053935,130,45,16,29,85,67,18,34.61538461538461,12.307692307692308,22.30769230769231,65.38461538461539,51.53846153846153,13.846153846153847
E00053936,92,28,7,21,64,52,12,30.434782608695656,7.608695652173914,22.82608695652174,69.56521739130434,56.52173913043478,13.043478260869565
E00053937,118,40,20,20,78,60,18,33.89830508474576,16.94915254237288,16.94915254237288,66.10169491525424,50.847457627118644,15.254237288135593
E00053938,164,54,22,32,110,85,25,32.926829268292686,13.414634146341465,19.51219512195122,67.07317073170732,51.829268292682926,15.24390243902439
E00053939,131,49,20,29,82,63,19,37.404580152671755,15.267175572519085,22.137404580152673,62.59541984732825,48.091603053435115,14.50381679389313
E00053940,180,66,17,49,114,98,16,36.666666666666664,9.444444444444445,27.22222222222222,63.33333333333333,54.44444444444444,8.88888888888889
E00053941,181,72,27,45,109,98,11,39.77900552486188,14.917127071823206,24.861878453038674,60.22099447513812,54.14364640883977,6.077348066298343
E00053942,183,62,29,33,121,100,21,33.87978142076503,15.846994535519126,18.0327868852459,66.12021857923497,54.644808743169406,11.475409836065573
E00053943,178,52,25,27,126,92,34,29.213483146067414,14.04494382022472,15.168539325842698,70.78651685393258,51.68539325842697,19.101123595505616
E00053944,155,51,16,35,104,87,17,32.903225806451616,10.32258064516129,22.58064516129032,67.0967741935484,56.12903225806451,10.967741935483872
E00053945,155,43,19,24,112,76,36,27.741935483870968,12.258064516129032,15.483870967741936,72.25806451612902,49.03225806451613,23.225806451612904
E00053946,120,39,19,20,81,58,23,32.5,15.833333333333332,16.666666666666664,67.5,48.333333333333336,19.166666666666668
E00053947,93,26,11,15,67,53,14,27.956989247311824,11.827956989247312,16.129032258064516,72.04301075268818,56.98924731182796,15.053763440860216
E00053948,160,60,26,34,100,75,25,37.5,16.25,21.25,62.5,46.875,15.625
E00053949,125,47,24,23,78,55,23,37.6,19.2,18.4,62.4,44,18.4
E00053950,129,37,15,22,92,83,9,28.68217054263566,11.627906976744185,17.05426356589147,71.31782945736434,64.34108527131784,6.976744186046512
E00053951,172,51,20,31,121,98,23,29.651162790697676,11.627906976744185,18.023255813953487,70.34883720930233,56.97674418604651,13.372093023255813
E00053952,168,46,28,18,122,89,33,27.380952380952383,16.666666666666664,10.714285714285714,72.61904761904762,52.976190476190474,19.642857142857142
E00053953,198,51,27,24,147,112,35,25.757575757575758,13.636363636363635,12.121212121212121,74.24242424242425,56.56565656565656,17.67676767676768
E00053954,101,46,27,19,55,40,15,45.54455445544555,26.732673267326735,18.81188118811881,54.45544554455446,39.603960396039604,14.85148514851485
E00053955,87,36,15,21,51,42,9,41.37931034482759,17.24137931034483,24.137931034482758,58.620689655172406,48.275862068965516,10.344827586206897
E00053956,130,48,19,29,82,50,32,36.92307692307693,14.615384615384617,22.30769230769231,63.07692307692307,38.46153846153847,24.615384615384617
E00053957,225,82,25,57,143,119,24,36.44444444444444,11.11111111111111,25.333333333333336,63.55555555555556,52.888888888888886,10.666666666666668
E00053958,113,32,13,19,81,69,12,28.31858407079646,11.504424778761061,16.8141592920354,71.68141592920354,61.06194690265486,10.619469026548673
E00053959,142,53,21,32,89,72,17,37.32394366197183,14.788732394366196,22.535211267605636,62.676056338028175,50.70422535211267,11.971830985915492
E00053960,157,54,16,38,103,82,21,34.394904458598724,10.191082802547772,24.203821656050955,65.60509554140127,52.22929936305732,13.375796178343949
E00053961,125,33,13,20,92,73,19,26.400000000000002,10.4,16,73.6,58.4,15.2
E00053962,118,46,22,24,72,57,15,38.983050847457626,18.64406779661017,20.33898305084746,61.016949152542374,48.30508474576271,12.711864406779661
E00053963,157,52,21,31,105,86,19,33.12101910828025,13.375796178343949,19.745222929936308,66.87898089171973,54.77707006369427,12.101910828025478
E00053964,168,54,15,39,114,97,17,32.142857142857146,8.928571428571429,23.214285714285715,67.85714285714286,57.738095238095234,10.119047619047619
E00053965,178,44,15,29,134,121,13,24.719101123595504,8.426966292134832,16.292134831460675,75.28089887640449,67.97752808988764,7.303370786516854
E00053966,127,51,17,34,76,63,13,40.15748031496063,13.385826771653544,26.77165354330709,59.84251968503938,49.60629921259843,10.236220472440944
E00053967,115,36,12,24,79,65,14,31.30434782608696,10.434782608695652,20.869565217391305,68.69565217391305,56.52173913043478,12.173913043478262
E00053968,113,42,14,28,71,62,9,37.16814159292036,12.389380530973451,24.778761061946902,62.83185840707964,54.86725663716814,7.964601769911504
E00053969,130,43,20,23,87,67,20,33.07692307692307,15.384615384615385,17.692307692307693,66.92307692307692,51.53846153846153,15.384615384615385
E00053970,158,57,21,36,101,88,13,36.075949367088604,13.291139240506327,22.78481012658228,63.92405063291139,55.69620253164557,8.227848101265822
E00053971,143,44,20,24,99,80,19,30.76923076923077,13.986013986013987,16.783216783216783,69.23076923076923,55.94405594405595,13.286713286713287
E00053972,135,41,16,25,94,71,23,30.37037037037037,11.851851851851853,18.51851851851852,69.62962962962963,52.59259259259259,17.037037037037038
E00053973,79,21,8,13,58,45,13,26.582278481012654,10.126582278481013,16.455696202531644,73.41772151898735,56.9620253164557,16.455696202531644
E00053974,145,41,20,21,104,88,16,28.27586206896552,13.793103448275861,14.482758620689657,71.72413793103448,60.689655172413794,11.03448275862069
E00053975,65,28,9,19,37,32,5,43.07692307692308,13.846153846153847,29.230769230769234,56.92307692307692,49.23076923076923,7.6923076923076925
E00053976,121,37,13,24,84,54,30,30.57851239669421,10.743801652892563,19.834710743801654,69.42148760330579,44.62809917355372,24.793388429752067
E00053977,128,46,19,27,82,69,13,35.9375,14.84375,21.09375,64.0625,53.90625,10.15625
E00053978,133,46,18,28,87,73,14,34.58646616541353,13.533834586466165,21.052631578947366,65.41353383458647,54.88721804511278,10.526315789473683
E00053979,162,58,17,41,104,86,18,35.80246913580247,10.493827160493826,25.308641975308642,64.19753086419753,53.086419753086425,11.11111111111111
E00053980,125,45,16,29,80,51,29,36,12.8,23.200000000000003,64,40.8,23.200000000000003
E00053981,100,28,10,18,72,60,12,28.000000000000004,10,18,72,60,12
E00053982,94,23,9,14,71,52,19,24.46808510638298,9.574468085106384,14.893617021276595,75.53191489361703,55.319148936170215,20.212765957446805
E00053983,116,36,11,25,80,72,8,31.03448275862069,9.482758620689655,21.551724137931032,68.96551724137932,62.06896551724138,6.896551724137931
E00053984,156,77,20,57,79,77,2,49.358974358974365,12.82051282051282,36.53846153846153,50.641025641025635,49.358974358974365,1.282051282051282
E00053985,161,61,26,35,100,83,17,37.88819875776397,16.149068322981368,21.73913043478261,62.11180124223602,51.5527950310559,10.559006211180124
E00053986,153,55,13,42,98,87,11,35.947712418300654,8.49673202614379,27.450980392156865,64.05228758169935,56.86274509803921,7.18954248366013
E00053987,278,94,36,58,184,163,21,33.81294964028777,12.949640287769784,20.863309352517987,66.18705035971223,58.63309352517986,7.553956834532374
E00053988,140,54,20,34,86,73,13,38.57142857142858,14.285714285714285,24.285714285714285,61.42857142857143,52.142857142857146,9.285714285714286
E00053989,169,91,18,73,78,73,5,53.84615384615385,10.650887573964498,43.19526627218935,46.15384615384615,43.19526627218935,2.9585798816568047
E00053990,27,6,0,6,21,19,2,22.22222222222222,0,22.22222222222222,77.77777777777779,70.37037037037037,7.4074074074074066
E00053991,129,56,29,27,73,66,7,43.41085271317829,22.48062015503876,20.930232558139537,56.58914728682171,51.162790697674424,5.426356589147287
E00053992,104,45,8,37,59,49,10,43.269230769230774,7.6923076923076925,35.57692307692308,56.730769230769226,47.11538461538461,9.615384615384617
E00053993,149,75,26,49,74,68,6,50.33557046979866,17.449664429530202,32.88590604026846,49.664429530201346,45.63758389261745,4.026845637583892
E00053994,93,27,7,20,66,57,9,29.03225806451613,7.526881720430108,21.50537634408602,70.96774193548387,61.29032258064516,9.67741935483871
E00053995,125,36,14,22,89,81,8,28.799999999999997,11.200000000000001,17.599999999999998,71.2,64.8,6.4
E00053996,153,52,12,40,101,90,11,33.98692810457516,7.8431372549019605,26.143790849673206,66.01307189542483,58.82352941176471,7.18954248366013
E00053997,145,50,14,36,95,86,9,34.48275862068966,9.655172413793103,24.82758620689655,65.51724137931035,59.310344827586206,6.206896551724138
E00053998,128,42,19,23,86,76,10,32.8125,14.84375,17.96875,67.1875,59.375,7.8125
E00053999,190,55,20,35,135,113,22,28.947368421052634,10.526315789473683,18.421052631578945,71.05263157894737,59.473684210526315,11.578947368421053
E00054000,161,68,21,47,93,79,14,42.2360248447205,13.043478260869565,29.19254658385093,57.7639751552795,49.06832298136646,8.695652173913043
E00054001,120,30,5,25,90,74,16,25,4.166666666666666,20.833333333333336,75,61.66666666666667,13.333333333333334
E00054002,162,40,16,24,122,105,17,24.691358024691358,9.876543209876543,14.814814814814813,75.30864197530865,64.81481481481481,10.493827160493826
E00054003,122,41,8,33,81,68,13,33.60655737704918,6.557377049180328,27.049180327868854,66.39344262295081,55.73770491803278,10.655737704918032
E00054004,73,31,6,25,42,37,5,42.465753424657535,8.21917808219178,34.24657534246575,57.534246575342465,50.68493150684932,6.8493150684931505
E00054005,162,43,12,31,119,103,16,26.543209876543212,7.4074074074074066,19.1358024691358,73.4567901234568,63.580246913580254,9.876543209876543
E00054006,151,49,14,35,102,79,23,32.450331125827816,9.271523178807946,23.178807947019866,67.54966887417218,52.317880794701985,15.2317880794702
E00054007,77,24,8,16,53,53,0,31.16883116883117,10.38961038961039,20.77922077922078,68.83116883116884,68.83116883116884,0
E00054008,137,44,15,29,93,77,16,32.11678832116788,10.948905109489052,21.16788321167883,67.88321167883211,56.20437956204379,11.678832116788321
E00054009,146,34,7,27,112,96,16,23.28767123287671,4.794520547945205,18.493150684931507,76.71232876712328,65.75342465753424,10.95890410958904
E00054011,172,58,19,39,114,98,16,33.72093023255814,11.046511627906977,22.674418604651162,66.27906976744185,56.97674418604651,9.30232558139535
E00054012,122,53,13,40,69,60,9,43.44262295081967,10.655737704918032,32.78688524590164,56.557377049180324,49.18032786885246,7.377049180327869
E00054013,228,59,18,41,169,140,29,25.877192982456144,7.894736842105263,17.982456140350877,74.12280701754386,61.40350877192983,12.719298245614036
E00054014,163,41,11,30,122,112,10,25.153374233128833,6.748466257668712,18.404907975460123,74.84662576687117,68.71165644171779,6.134969325153374
E00054015,160,58,16,42,102,89,13,36.25,10,26.25,63.74999999999999,55.625,8.125
E00054016,227,79,36,43,148,126,22,34.801762114537446,15.859030837004406,18.94273127753304,65.19823788546255,55.50660792951542,9.691629955947137
E00054017,162,48,9,39,114,101,13,29.629629629629626,5.555555555555555,24.074074074074073,70.37037037037037,62.34567901234568,8.024691358024691
E00054019,180,74,23,51,106,97,9,41.11111111111111,12.777777777777777,28.333333333333332,58.88888888888889,53.888888888888886,5
E00054020,177,82,24,58,95,87,8,46.32768361581921,13.559322033898304,32.7683615819209,53.672316384180796,49.152542372881356,4.519774011299435
E00054021,202,106,33,73,96,88,8,52.475247524752476,16.33663366336634,36.13861386138614,47.524752475247524,43.56435643564357,3.9603960396039604
E00054022,123,50,18,32,73,65,8,40.65040650406504,14.634146341463413,26.01626016260163,59.34959349593496,52.84552845528455,6.504065040650407
E00054023,127,77,23,54,50,50,0,60.629921259842526,18.11023622047244,42.51968503937008,39.37007874015748,39.37007874015748,0
E00054024,185,80,24,56,105,98,7,43.24324324324324,12.972972972972974,30.270270270270274,56.75675675675676,52.972972972972975,3.783783783783784
E00054025,161,91,31,60,70,69,1,56.52173913043478,19.25465838509317,37.267080745341616,43.47826086956522,42.857142857142854,0.6211180124223602
E00054026,114,54,18,36,60,56,4,47.368421052631575,15.789473684210526,31.57894736842105,52.63157894736842,49.122807017543856,3.508771929824561
E00054027,142,41,22,19,101,84,17,28.87323943661972,15.492957746478872,13.380281690140844,71.12676056338029,59.154929577464785,11.971830985915492
E00054028,167,88,28,60,79,73,6,52.69461077844312,16.766467065868262,35.92814371257485,47.30538922155689,43.712574850299404,3.592814371257485
E00054029,257,70,27,43,187,148,39,27.237354085603112,10.505836575875486,16.731517509727624,72.76264591439688,57.58754863813229,15.17509727626459
E00054030,32,15,8,7,17,14,3,46.875,25,21.875,53.125,43.75,9.375
E00054031,132,54,14,40,78,69,9,40.909090909090914,10.606060606060606,30.303030303030305,59.09090909090909,52.27272727272727,6.8181818181818175
E00054032,62,29,6,23,33,29,4,46.774193548387096,9.67741935483871,37.096774193548384,53.2258064516129,46.774193548387096,6.451612903225806
E00054033,145,37,8,29,108,104,4,25.517241379310345,5.517241379310345,20,74.48275862068967,71.72413793103448,2.7586206896551726
E00054034,207,64,14,50,143,132,11,30.917874396135264,6.763285024154589,24.154589371980677,69.08212560386472,63.76811594202898,5.314009661835748
E00054035,103,34,12,22,69,55,14,33.00970873786408,11.650485436893204,21.35922330097087,66.99029126213593,53.398058252427184,13.592233009708737
E00054036,177,61,16,45,116,99,17,34.463276836158194,9.03954802259887,25.423728813559322,65.5367231638418,55.932203389830505,9.6045197740113
E00054037,182,44,17,27,138,123,15,24.175824175824175,9.340659340659341,14.835164835164836,75.82417582417582,67.58241758241759,8.241758241758241
E00054038,66,19,4,15,47,46,1,28.78787878787879,6.0606060606060606,22.727272727272727,71.21212121212122,69.6969696969697,1.5151515151515151
E00054039,146,38,17,21,108,100,8,26.027397260273972,11.643835616438356,14.383561643835616,73.97260273972603,68.4931506849315,5.47945205479452
E00054040,200,77,26,51,123,112,11,38.5,13,25.5,61.5,56.00000000000001,5.5
E00054041,159,79,17,62,80,69,11,49.685534591194966,10.69182389937107,38.9937106918239,50.314465408805034,43.39622641509434,6.918238993710692
E00054042,52,9,6,3,43,33,10,17.307692307692307,11.538461538461538,5.769230769230769,82.6923076923077,63.46153846153846,19.230769230769234
E00054043,69,25,8,17,44,43,1,36.231884057971016,11.594202898550725,24.637681159420293,63.76811594202898,62.31884057971014,1.4492753623188406
E00054044,83,26,10,16,57,57,0,31.32530120481928,12.048192771084338,19.27710843373494,68.67469879518072,68.67469879518072,0
E00054045,20,9,3,6,11,11,0,45,15,30,55.00000000000001,55.00000000000001,0
E00054046,137,67,18,49,70,66,4,48.9051094890511,13.138686131386862,35.76642335766424,51.09489051094891,48.175182481751825,2.9197080291970803
E00054047,138,68,18,50,70,68,2,49.275362318840585,13.043478260869565,36.231884057971016,50.72463768115942,49.275362318840585,1.4492753623188406
E00054048,142,73,25,48,69,63,6,51.40845070422535,17.6056338028169,33.80281690140845,48.59154929577465,44.36619718309859,4.225352112676056
E00054049,170,64,20,44,106,101,5,37.64705882352941,11.76470588235294,25.882352941176475,62.35294117647059,59.411764705882355,2.941176470588235
E00054050,93,29,9,20,64,55,9,31.182795698924732,9.67741935483871,21.50537634408602,68.81720430107528,59.13978494623656,9.67741935483871
E00054051,142,41,14,27,101,87,14,28.87323943661972,9.859154929577464,19.014084507042252,71.12676056338029,61.267605633802816,9.859154929577464
E00054052,147,47,20,27,100,92,8,31.97278911564626,13.60544217687075,18.367346938775512,68.02721088435374,62.585034013605444,5.442176870748299
E00054053,117,48,9,39,69,58,11,41.02564102564102,7.6923076923076925,33.33333333333333,58.97435897435898,49.572649572649574,9.401709401709402
E00054054,118,52,17,35,66,56,10,44.06779661016949,14.40677966101695,29.66101694915254,55.932203389830505,47.45762711864407,8.47457627118644
E00054055,138,55,18,37,83,76,7,39.85507246376812,13.043478260869565,26.811594202898554,60.14492753623188,55.072463768115945,5.072463768115942
E00054056,49,22,8,14,27,24,3,44.89795918367347,16.3265306122449,28.57142857142857,55.10204081632652,48.97959183673469,6.122448979591836
E00054057,115,37,12,25,78,69,9,32.17391304347826,10.434782608695652,21.73913043478261,67.82608695652173,60,7.82608695652174
E00054058,129,39,7,32,90,80,10,30.23255813953488,5.426356589147287,24.8062015503876,69.76744186046511,62.01550387596899,7.751937984496124
E00054059,162,51,14,37,111,100,11,31.48148148148148,8.641975308641975,22.839506172839506,68.51851851851852,61.72839506172839,6.790123456790123
E00054060,123,30,7,23,93,85,8,24.390243902439025,5.691056910569105,18.69918699186992,75.60975609756098,69.10569105691057,6.504065040650407
E00054061,90,31,5,26,59,50,9,34.44444444444444,5.555555555555555,28.888888888888886,65.55555555555556,55.55555555555556,10
E00054062,180,48,14,34,132,125,7,26.666666666666668,7.777777777777778,18.88888888888889,73.33333333333333,69.44444444444444,3.888888888888889
E00054063,116,37,6,31,79,69,10,31.896551724137932,5.172413793103448,26.72413793103448,68.10344827586206,59.48275862068966,8.620689655172415
E00054064,221,62,19,43,159,135,24,28.054298642533936,8.597285067873303,19.457013574660635,71.94570135746606,61.085972850678736,10.85972850678733
E00054065,100,35,6,29,65,59,6,35,6,28.999999999999996,65,59,6
E00054066,122,40,16,24,82,80,2,32.78688524590164,13.114754098360656,19.672131147540984,67.21311475409836,65.57377049180327,1.639344262295082
E00054067,85,20,3,17,65,55,10,23.52941176470588,3.5294117647058822,20,76.47058823529412,64.70588235294117,11.76470588235294
E00054068,22,7,4,3,15,13,2,31.818181818181817,18.181818181818183,13.636363636363635,68.18181818181817,59.09090909090909,9.090909090909092
E00054069,213,73,15,58,140,125,15,34.27230046948357,7.042253521126761,27.230046948356808,65.72769953051643,58.68544600938967,7.042253521126761
E00054070,133,46,12,34,87,78,9,34.58646616541353,9.022556390977442,25.563909774436087,65.41353383458647,58.64661654135338,6.7669172932330826
E00054071,143,42,15,27,101,82,19,29.37062937062937,10.48951048951049,18.88111888111888,70.62937062937063,57.34265734265735,13.286713286713287
E00054072,157,41,12,29,116,104,12,26.11464968152866,7.643312101910828,18.471337579617835,73.88535031847134,66.2420382165605,7.643312101910828
E00054073,91,36,12,24,55,49,6,39.56043956043956,13.186813186813188,26.373626373626376,60.43956043956044,53.84615384615385,6.593406593406594
E00054074,55,18,4,14,37,33,4,32.72727272727273,7.2727272727272725,25.454545454545453,67.27272727272727,60,7.2727272727272725
E00054075,71,21,3,18,50,44,6,29.577464788732392,4.225352112676056,25.352112676056336,70.4225352112676,61.97183098591549,8.450704225352112
E00054076,121,42,8,34,79,69,10,34.710743801652896,6.6115702479338845,28.09917355371901,65.28925619834712,57.02479338842975,8.264462809917356
E00054077,126,54,13,41,72,67,5,42.857142857142854,10.317460317460316,32.53968253968254,57.14285714285714,53.17460317460318,3.968253968253968
E00054078,135,47,12,35,88,73,15,34.81481481481482,8.88888888888889,25.925925925925924,65.18518518518519,54.074074074074076,11.11111111111111
E00054079,120,33,7,26,87,72,15,27.500000000000004,5.833333333333333,21.666666666666668,72.5,60,12.5
E00054080,149,65,28,37,84,72,12,43.624161073825505,18.79194630872483,24.832214765100673,56.375838926174495,48.322147651006716,8.053691275167784
E00054082,77,30,0,30,47,44,3,38.961038961038966,0,38.961038961038966,61.038961038961034,57.14285714285714,3.896103896103896
E00054083,193,103,40,63,90,85,5,53.36787564766839,20.72538860103627,32.64248704663213,46.63212435233161,44.04145077720207,2.5906735751295336
E00054084,182,57,15,42,125,101,24,31.318681318681318,8.241758241758241,23.076923076923077,68.68131868131869,55.494505494505496,13.186813186813188
E00054085,143,58,26,32,85,77,8,40.55944055944056,18.181818181818183,22.377622377622377,59.44055944055944,53.84615384615385,5.594405594405594
E00054086,178,77,25,52,101,87,14,43.258426966292134,14.04494382022472,29.213483146067414,56.74157303370787,48.87640449438202,7.865168539325842
E00054087,100,36,9,27,64,63,1,36,9,27,64,63,1
E00054088,85,28,9,19,57,53,4,32.94117647058823,10.588235294117647,22.35294117647059,67.05882352941175,62.35294117647059,4.705882352941177
E00054089,132,36,11,25,96,86,10,27.27272727272727,8.333333333333332,18.939393939393938,72.72727272727273,65.15151515151516,7.575757575757576
E00054090,93,32,10,22,61,55,6,34.40860215053764,10.75268817204301,23.655913978494624,65.59139784946237,59.13978494623656,6.451612903225806
E00054091,108,48,9,39,60,56,4,44.44444444444444,8.333333333333332,36.11111111111111,55.55555555555556,51.85185185185185,3.7037037037037033
E00054092,67,18,0,18,49,44,5,26.865671641791046,0,26.865671641791046,73.13432835820896,65.67164179104478,7.462686567164178
E00054093,128,80,25,55,48,44,4,62.5,19.53125,42.96875,37.5,34.375,3.125
E00054094,171,83,20,63,88,81,7,48.53801169590643,11.695906432748536,36.84210526315789,51.461988304093566,47.368421052631575,4.093567251461988
E00054095,137,55,20,35,82,73,9,40.14598540145985,14.5985401459854,25.547445255474454,59.854014598540154,53.284671532846716,6.569343065693431
E00054096,118,49,13,36,69,62,7,41.52542372881356,11.016949152542372,30.508474576271187,58.47457627118644,52.54237288135594,5.932203389830509
E00054097,127,41,14,27,86,78,8,32.28346456692913,11.023622047244094,21.25984251968504,67.71653543307087,61.417322834645674,6.299212598425196
E00054098,69,18,3,15,51,47,4,26.08695652173913,4.3478260869565215,21.73913043478261,73.91304347826086,68.11594202898551,5.797101449275362
E00054099,102,25,11,14,77,72,5,24.509803921568626,10.784313725490197,13.725490196078432,75.49019607843137,70.58823529411765,4.901960784313726
E00054100,136,51,21,30,85,75,10,37.5,15.441176470588236,22.058823529411764,62.5,55.14705882352941,7.352941176470589
E00054101,119,38,15,23,81,74,7,31.932773109243694,12.605042016806722,19.327731092436977,68.0672268907563,62.18487394957983,5.88235294117647
E00054102,130,25,7,18,105,86,19,19.230769230769234,5.384615384615385,13.846153846153847,80.76923076923077,66.15384615384615,14.615384615384617
E00054103,115,35,13,22,80,75,5,30.434782608695656,11.304347826086957,19.130434782608695,69.56521739130434,65.21739130434783,4.3478260869565215
E00054104,131,44,9,35,87,79,8,33.587786259541986,6.870229007633588,26.717557251908396,66.41221374045801,60.30534351145038,6.106870229007633
E00054105,123,43,10,33,80,71,9,34.959349593495936,8.130081300813007,26.82926829268293,65.04065040650406,57.72357723577236,7.317073170731707
E00054106,112,37,10,27,75,69,6,33.035714285714285,8.928571428571429,24.107142857142858,66.96428571428571,61.60714285714286,5.357142857142857
E00054107,149,48,16,32,101,94,7,32.21476510067114,10.738255033557047,21.476510067114095,67.78523489932886,63.08724832214765,4.697986577181208
E00054108,200,47,10,37,153,127,26,23.5,5,18.5,76.5,63.5,13
E00054109,177,57,15,42,120,113,7,32.20338983050847,8.47457627118644,23.728813559322035,67.79661016949152,63.84180790960452,3.954802259887006
E00054110,115,38,12,26,77,68,9,33.04347826086956,10.434782608695652,22.608695652173914,66.95652173913044,59.130434782608695,7.82608695652174
E00054111,185,64,23,41,121,102,19,34.5945945945946,12.432432432432433,22.162162162162165,65.4054054054054,55.13513513513514,10.27027027027027
E00054112,193,49,10,39,144,117,27,25.38860103626943,5.181347150259067,20.207253886010363,74.61139896373057,60.62176165803109,13.989637305699482
E00054113,113,26,12,14,87,76,11,23.008849557522122,10.619469026548673,12.389380530973451,76.99115044247787,67.2566371681416,9.734513274336283
E00054114,219,54,23,31,165,130,35,24.65753424657534,10.50228310502283,14.15525114155251,75.34246575342466,59.3607305936073,15.981735159817351
E00054115,162,57,20,37,105,88,17,35.18518518518518,12.345679012345679,22.839506172839506,64.81481481481481,54.32098765432099,10.493827160493826
E00054116,149,55,15,40,94,82,12,36.91275167785235,10.06711409395973,26.845637583892618,63.08724832214765,55.033557046979865,8.053691275167784
E00054117,125,41,17,24,84,58,26,32.800000000000004,13.600000000000001,19.2,67.2,46.400000000000006,20.8
E00054118,113,33,5,28,80,75,5,29.20353982300885,4.424778761061947,24.778761061946902,70.79646017699115,66.3716814159292,4.424778761061947
E00054119,167,78,29,49,89,80,9,46.706586826347305,17.365269461077844,29.34131736526946,53.293413173652695,47.90419161676647,5.389221556886228
E00054120,183,88,31,57,95,83,12,48.08743169398907,16.939890710382514,31.147540983606557,51.91256830601093,45.3551912568306,6.557377049180328
E00054121,184,80,21,59,104,90,14,43.47826086956522,11.41304347826087,32.065217391304344,56.52173913043478,48.91304347826087,7.608695652173914
E00054122,125,43,13,30,82,66,16,34.4,10.4,24,65.60000000000001,52.800000000000004,12.8
E00054123,167,52,12,40,115,103,12,31.137724550898206,7.18562874251497,23.952095808383234,68.8622754491018,61.67664670658682,7.18562874251497
E00054124,115,55,10,45,60,57,3,47.82608695652174,8.695652173913043,39.130434782608695,52.17391304347826,49.56521739130435,2.608695652173913
E00054125,111,50,14,36,61,52,9,45.04504504504504,12.612612612612612,32.432432432432435,54.95495495495496,46.846846846846844,8.108108108108109
E00054126,137,50,6,44,87,81,6,36.496350364963504,4.37956204379562,32.11678832116788,63.503649635036496,59.12408759124088,4.37956204379562
E00054127,107,47,12,35,60,58,2,43.925233644859816,11.214953271028037,32.71028037383177,56.074766355140184,54.20560747663551,1.8691588785046727
E00054128,76,33,11,22,43,40,3,43.42105263157895,14.473684210526317,28.947368421052634,56.57894736842105,52.63157894736842,3.9473684210526314
E00054129,145,33,8,25,112,100,12,22.758620689655174,5.517241379310345,17.24137931034483,77.24137931034483,68.96551724137932,8.275862068965518
E00054130,148,69,27,42,79,70,9,46.62162162162162,18.243243243243242,28.37837837837838,53.37837837837838,47.2972972972973,6.081081081081082
E00054132,66,38,12,26,28,28,0,57.57575757575758,18.181818181818183,39.39393939393939,42.42424242424242,42.42424242424242,0
E00054133,81,32,8,24,49,47,2,39.50617283950617,9.876543209876543,29.629629629629626,60.49382716049383,58.0246913580247,2.4691358024691357
E00054134,120,59,18,41,61,56,5,49.166666666666664,15,34.166666666666664,50.83333333333333,46.666666666666664,4.166666666666666
E00054135,119,51,18,33,68,63,5,42.857142857142854,15.126050420168067,27.73109243697479,57.14285714285714,52.94117647058824,4.201680672268908
E00054136,117,45,11,34,72,68,4,38.46153846153847,9.401709401709402,29.059829059829063,61.53846153846154,58.119658119658126,3.418803418803419
E00054137,122,49,20,29,73,70,3,40.16393442622951,16.39344262295082,23.770491803278688,59.83606557377049,57.377049180327866,2.459016393442623
E00054139,164,73,24,49,91,86,5,44.51219512195122,14.634146341463413,29.878048780487802,55.487804878048784,52.4390243902439,3.048780487804878
E00054140,128,56,19,37,72,67,5,43.75,14.84375,28.90625,56.25,52.34375,3.90625
E00054141,149,78,17,61,71,71,0,52.348993288590606,11.409395973154362,40.939597315436245,47.651006711409394,47.651006711409394,0
E00054142,107,41,11,30,66,63,3,38.31775700934579,10.2803738317757,28.037383177570092,61.6822429906542,58.87850467289719,2.803738317757009
E00054143,118,49,11,38,69,68,1,41.52542372881356,9.322033898305085,32.20338983050847,58.47457627118644,57.6271186440678,0.847457627118644
E00054144,117,63,19,44,54,49,5,53.84615384615385,16.23931623931624,37.60683760683761,46.15384615384615,41.88034188034188,4.273504273504273
E00054145,158,64,19,45,94,89,5,40.50632911392405,12.025316455696203,28.48101265822785,59.49367088607595,56.32911392405063,3.1645569620253164
E00054146,76,29,7,22,47,45,2,38.15789473684211,9.210526315789473,28.947368421052634,61.8421052631579,59.210526315789465,2.631578947368421
E00054147,98,55,25,30,43,40,3,56.12244897959183,25.510204081632654,30.612244897959183,43.87755102040816,40.816326530612244,3.061224489795918
E00054148,198,74,23,51,124,114,10,37.37373737373738,11.616161616161616,25.757575757575758,62.62626262626263,57.57575757575758,5.05050505050505
E00054149,139,63,19,44,76,68,8,45.32374100719424,13.66906474820144,31.654676258992804,54.67625899280576,48.92086330935252,5.755395683453238
E00054150,92,36,9,27,56,51,5,39.130434782608695,9.782608695652174,29.347826086956523,60.86956521739131,55.434782608695656,5.434782608695652
E00054151,102,48,8,40,54,54,0,47.05882352941176,7.8431372549019605,39.21568627450981,52.94117647058824,52.94117647058824,0
E00054152,164,61,14,47,103,93,10,37.19512195121951,8.536585365853659,28.65853658536585,62.80487804878049,56.70731707317073,6.097560975609756
E00054153,146,64,17,47,82,79,3,43.83561643835616,11.643835616438356,32.19178082191781,56.16438356164384,54.109589041095894,2.054794520547945
E00054154,177,80,19,61,97,90,7,45.19774011299435,10.734463276836157,34.463276836158194,54.80225988700565,50.847457627118644,3.954802259887006
E00054155,178,82,18,64,96,87,9,46.06741573033708,10.112359550561797,35.95505617977528,53.93258426966292,48.87640449438202,5.056179775280898
E00054156,50,17,8,9,33,32,1,34,16,18,66,64,2
E00054158,61,19,7,12,42,40,2,31.147540983606557,11.475409836065573,19.672131147540984,68.85245901639344,65.57377049180327,3.278688524590164
E00054160,45,19,4,15,26,25,1,42.22222222222222,8.88888888888889,33.33333333333333,57.77777777777777,55.55555555555556,2.2222222222222223
E00054161,60,17,8,9,43,36,7,28.333333333333332,13.333333333333334,15,71.66666666666667,60,11.666666666666666
E00054162,143,54,20,34,89,80,9,37.76223776223776,13.986013986013987,23.776223776223777,62.23776223776224,55.94405594405595,6.293706293706294
E00054163,144,46,18,28,98,86,12,31.944444444444443,12.5,19.444444444444446,68.05555555555556,59.72222222222222,8.333333333333332
E00054164,69,23,4,19,46,39,7,33.33333333333333,5.797101449275362,27.536231884057973,66.66666666666666,56.52173913043478,10.144927536231885
E00054165,61,32,11,21,29,25,4,52.459016393442624,18.0327868852459,34.42622950819672,47.540983606557376,40.98360655737705,6.557377049180328
E00054166,112,39,14,25,73,70,3,34.82142857142857,12.5,22.321428571428573,65.17857142857143,62.5,2.6785714285714284
E00054167,99,43,12,31,56,51,5,43.43434343434344,12.121212121212121,31.313131313131315,56.56565656565656,51.515151515151516,5.05050505050505
E00054169,122,55,23,32,67,61,6,45.08196721311475,18.852459016393443,26.229508196721312,54.91803278688525,50,4.918032786885246
E00054170,125,41,12,29,84,81,3,32.800000000000004,9.6,23.200000000000003,67.2,64.8,2.4
E00054171,121,53,11,42,68,59,9,43.80165289256198,9.090909090909092,34.710743801652896,56.19834710743802,48.760330578512395,7.43801652892562
E00054172,115,41,17,24,74,71,3,35.65217391304348,14.782608695652174,20.869565217391305,64.34782608695652,61.73913043478261,2.608695652173913
E00054173,88,44,11,33,44,43,1,50,12.5,37.5,50,48.86363636363637,1.1363636363636365
E00054174,172,52,21,31,120,106,14,30.23255813953488,12.209302325581394,18.023255813953487,69.76744186046511,61.627906976744185,8.13953488372093
E00054175,97,40,8,32,57,48,9,41.23711340206185,8.24742268041237,32.98969072164948,58.76288659793815,49.48453608247423,9.278350515463918
E00054176,142,50,21,29,92,86,6,35.2112676056338,14.788732394366196,20.422535211267608,64.7887323943662,60.56338028169014,4.225352112676056
E00054177,167,65,21,44,102,88,14,38.92215568862276,12.574850299401197,26.34730538922156,61.07784431137725,52.69461077844312,8.383233532934131
E00054178,148,47,14,33,101,92,9,31.756756756756754,9.45945945945946,22.2972972972973,68.24324324324324,62.16216216216216,6.081081081081082
E00054179,140,43,8,35,97,90,7,30.714285714285715,5.714285714285714,25,69.28571428571428,64.28571428571429,5
E00054180,84,30,9,21,54,47,7,35.714285714285715,10.714285714285714,25,64.28571428571429,55.952380952380956,8.333333333333332
E00054181,162,49,14,35,113,91,22,30.246913580246915,8.641975308641975,21.604938271604937,69.75308641975309,56.17283950617284,13.580246913580247
E00054182,125,32,3,29,93,83,10,25.6,2.4,23.200000000000003,74.4,66.4,8
E00054183,89,29,8,21,60,52,8,32.58426966292135,8.98876404494382,23.595505617977526,67.41573033707866,58.42696629213483,8.98876404494382
E00054184,46,15,4,11,31,30,1,32.608695652173914,8.695652173913043,23.91304347826087,67.3913043478261,65.21739130434783,2.1739130434782608
E00054185,100,32,12,20,68,61,7,32,12,20,68,61,7.000000000000001
E00054186,129,32,7,25,97,89,8,24.8062015503876,5.426356589147287,19.379844961240313,75.1937984496124,68.9922480620155,6.2015503875969
E00054187,125,52,17,35,73,68,5,41.6,13.600000000000001,28.000000000000004,58.4,54.400000000000006,4
E00054188,121,36,8,28,85,72,13,29.75206611570248,6.6115702479338845,23.140495867768596,70.24793388429752,59.50413223140496,10.743801652892563
E00054189,125,51,8,43,74,61,13,40.8,6.4,34.4,59.199999999999996,48.8,10.4
E00054190,100,26,8,18,74,71,3,26,8,18,74,71,3
E00054191,135,47,8,39,88,78,10,34.81481481481482,5.9259259259259265,28.888888888888886,65.18518518518519,57.77777777777777,7.4074074074074066
E00054192,141,40,14,26,101,94,7,28.368794326241137,9.929078014184398,18.439716312056735,71.63120567375887,66.66666666666666,4.964539007092199
E00054193,73,20,7,13,53,50,3,27.397260273972602,9.58904109589041,17.80821917808219,72.6027397260274,68.4931506849315,4.10958904109589
E00054194,129,34,11,23,95,84,11,26.356589147286826,8.527131782945736,17.829457364341085,73.64341085271317,65.11627906976744,8.527131782945736
E00054195,108,29,7,22,79,74,5,26.851851851851855,6.481481481481481,20.37037037037037,73.14814814814815,68.51851851851852,4.62962962962963
E00054196,146,45,10,35,101,89,12,30.82191780821918,6.8493150684931505,23.972602739726025,69.17808219178082,60.95890410958904,8.21917808219178
E00054197,129,36,6,30,93,82,11,27.906976744186046,4.651162790697675,23.25581395348837,72.09302325581395,63.565891472868216,8.527131782945736
E00054198,129,38,18,20,91,85,6,29.457364341085274,13.953488372093023,15.503875968992247,70.54263565891473,65.89147286821705,4.651162790697675
E00054199,161,42,11,31,119,103,16,26.08695652173913,6.832298136645963,19.25465838509317,73.91304347826086,63.975155279503106,9.937888198757763
E00054200,139,49,13,36,90,81,9,35.25179856115108,9.352517985611511,25.899280575539567,64.74820143884892,58.27338129496403,6.474820143884892
E00054201,156,41,11,30,115,106,9,26.282051282051285,7.051282051282051,19.230769230769234,73.71794871794873,67.94871794871796,5.769230769230769
E00054202,131,45,21,24,86,73,13,34.35114503816794,16.030534351145036,18.3206106870229,65.64885496183206,55.72519083969466,9.923664122137405
E00054203,114,33,10,23,81,75,6,28.947368421052634,8.771929824561402,20.175438596491226,71.05263157894737,65.78947368421053,5.263157894736842
E00054204,182,42,10,32,140,125,15,23.076923076923077,5.4945054945054945,17.582417582417584,76.92307692307693,68.68131868131869,8.241758241758241
E00054205,137,48,12,36,89,79,10,35.03649635036496,8.75912408759124,26.277372262773724,64.96350364963503,57.66423357664233,7.2992700729927
E00054206,49,8,0,8,41,35,6,16.3265306122449,0,16.3265306122449,83.6734693877551,71.42857142857143,12.244897959183673
E00054207,92,41,16,25,51,45,6,44.565217391304344,17.391304347826086,27.173913043478258,55.434782608695656,48.91304347826087,6.521739130434782
E00054209,151,63,13,50,88,80,8,41.72185430463576,8.609271523178808,33.11258278145696,58.27814569536424,52.980132450331126,5.298013245033113
E00054210,161,64,13,51,97,88,9,39.75155279503105,8.074534161490684,31.67701863354037,60.24844720496895,54.6583850931677,5.590062111801243
E00054211,131,60,19,41,71,66,5,45.80152671755725,14.50381679389313,31.297709923664126,54.19847328244275,50.38167938931297,3.816793893129771
E00054212,179,84,21,63,95,86,9,46.927374301675975,11.731843575418994,35.19553072625698,53.072625698324025,48.04469273743017,5.027932960893855
E00054213,117,40,13,27,77,70,7,34.18803418803419,11.11111111111111,23.076923076923077,65.8119658119658,59.82905982905983,5.982905982905983
E00054214,114,46,12,34,68,62,6,40.35087719298245,10.526315789473683,29.82456140350877,59.64912280701754,54.385964912280706,5.263157894736842
E00054215,84,33,9,24,51,51,0,39.285714285714285,10.714285714285714,28.57142857142857,60.71428571428571,60.71428571428571,0
E00054216,148,69,13,56,79,73,6,46.62162162162162,8.783783783783784,37.83783783783784,53.37837837837838,49.32432432432432,4.054054054054054
E00054217,118,43,11,32,75,71,4,36.440677966101696,9.322033898305085,27.11864406779661,63.559322033898304,60.16949152542372,3.389830508474576
E00054218,127,58,17,41,69,61,8,45.66929133858268,13.385826771653544,32.28346456692913,54.330708661417326,48.031496062992126,6.299212598425196
E00054219,165,71,17,54,94,90,4,43.03030303030303,10.303030303030303,32.72727272727273,56.96969696969697,54.54545454545454,2.4242424242424243
E00054220,162,70,24,46,92,91,1,43.20987654320987,14.814814814814813,28.39506172839506,56.79012345679012,56.17283950617284,0.6172839506172839
E00054221,135,49,14,35,86,77,9,36.2962962962963,10.37037037037037,25.925925925925924,63.70370370370371,57.03703703703704,6.666666666666667
E00054222,73,20,4,16,53,47,6,27.397260273972602,5.47945205479452,21.91780821917808,72.6027397260274,64.38356164383562,8.21917808219178
E00054223,150,62,11,51,88,80,8,41.333333333333336,7.333333333333333,34,58.666666666666664,53.333333333333336,5.333333333333334
E00054224,100,36,6,30,64,57,7,36,6,30,64,56.99999999999999,7.000000000000001
E00054226,187,52,10,42,135,121,14,27.807486631016044,5.347593582887701,22.459893048128343,72.19251336898395,64.70588235294117,7.4866310160427805
E00054227,140,37,11,26,103,86,17,26.42857142857143,7.857142857142857,18.571428571428573,73.57142857142858,61.42857142857143,12.142857142857142
E00054228,196,56,12,44,140,123,17,28.57142857142857,6.122448979591836,22.448979591836736,71.42857142857143,62.755102040816325,8.673469387755102
E00054229,181,48,11,37,133,110,23,26.519337016574585,6.077348066298343,20.441988950276244,73.48066298342542,60.773480662983424,12.70718232044199
E00054231,136,36,10,26,100,93,7,26.47058823529412,7.352941176470589,19.11764705882353,73.52941176470588,68.38235294117648,5.147058823529411
E00054232,144,42,20,22,102,95,7,29.166666666666668,13.88888888888889,15.277777777777779,70.83333333333334,65.97222222222221,4.861111111111112
E00054233,192,51,14,37,141,123,18,26.5625,7.291666666666667,19.270833333333336,73.4375,64.0625,9.375
E00054234,169,52,11,41,117,109,8,30.76923076923077,6.508875739644971,24.2603550295858,69.23076923076923,64.49704142011834,4.733727810650888
E00054235,118,28,5,23,90,82,8,23.728813559322035,4.23728813559322,19.491525423728813,76.27118644067797,69.49152542372882,6.779661016949152
E00054236,105,34,6,28,71,67,4,32.38095238095238,5.714285714285714,26.666666666666668,67.61904761904762,63.8095238095238,3.8095238095238098
E00054237,152,45,12,33,107,101,6,29.605263157894733,7.894736842105263,21.710526315789476,70.39473684210526,66.44736842105263,3.9473684210526314
E00054238,203,50,15,35,153,129,24,24.63054187192118,7.389162561576355,17.24137931034483,75.36945812807882,63.54679802955665,11.822660098522167
E00054239,118,43,10,33,75,69,6,36.440677966101696,8.47457627118644,27.966101694915253,63.559322033898304,58.47457627118644,5.084745762711865
E00054240,136,50,13,37,86,76,10,36.76470588235294,9.558823529411764,27.205882352941174,63.23529411764706,55.88235294117647,7.352941176470589
E00054241,126,40,7,33,86,77,9,31.746031746031743,5.555555555555555,26.190476190476193,68.25396825396825,61.111111111111114,7.142857142857142
E00054242,135,37,8,29,98,94,4,27.40740740740741,5.9259259259259265,21.48148148148148,72.5925925925926,69.62962962962963,2.9629629629629632
E00054243,99,29,3,26,70,62,8,29.292929292929294,3.0303030303030303,26.262626262626267,70.70707070707071,62.62626262626263,8.080808080808081
E00054244,155,58,18,40,97,89,8,37.41935483870968,11.612903225806452,25.806451612903224,62.58064516129033,57.41935483870968,5.161290322580645
E00054245,164,62,19,43,102,81,21,37.80487804878049,11.585365853658537,26.21951219512195,62.19512195121951,49.390243902439025,12.804878048780488
E00054246,159,57,21,36,102,93,9,35.84905660377358,13.20754716981132,22.641509433962266,64.15094339622641,58.490566037735846,5.660377358490567
E00054247,248,77,18,59,171,154,17,31.048387096774192,7.258064516129033,23.790322580645164,68.95161290322581,62.096774193548384,6.854838709677419
E00054248,153,36,5,31,117,113,4,23.52941176470588,3.2679738562091507,20.26143790849673,76.47058823529412,73.8562091503268,2.6143790849673203
E00054249,200,56,17,39,144,124,20,28.000000000000004,8.5,19.5,72,62,10
E00054250,206,56,14,42,150,130,20,27.184466019417474,6.796116504854369,20.388349514563107,72.81553398058253,63.10679611650486,9.70873786407767
E00054251,143,52,11,41,91,77,14,36.36363636363637,7.6923076923076925,28.671328671328673,63.63636363636363,53.84615384615385,9.79020979020979
E00054252,154,37,17,20,117,99,18,24.025974025974026,11.03896103896104,12.987012987012985,75.97402597402598,64.28571428571429,11.688311688311687
E00054253,108,33,10,23,75,62,13,30.555555555555557,9.25925925925926,21.296296296296298,69.44444444444444,57.407407407407405,12.037037037037036
E00054254,257,67,15,52,190,163,27,26.07003891050584,5.836575875486381,20.233463035019454,73.92996108949417,63.42412451361867,10.505836575875486
E00054255,133,36,13,23,97,82,15,27.06766917293233,9.774436090225564,17.293233082706767,72.93233082706767,61.65413533834586,11.278195488721805
E00054256,151,45,17,28,106,97,9,29.80132450331126,11.258278145695364,18.543046357615893,70.19867549668875,64.23841059602648,5.960264900662252
E00054257,181,37,9,28,144,126,18,20.441988950276244,4.972375690607735,15.469613259668508,79.55801104972376,69.61325966850829,9.94475138121547
E00054258,109,35,9,26,74,71,3,32.11009174311927,8.256880733944955,23.853211009174313,67.88990825688074,65.13761467889908,2.7522935779816518
E00054259,58,16,3,13,42,36,6,27.586206896551722,5.172413793103448,22.413793103448278,72.41379310344827,62.06896551724138,10.344827586206897
E00054260,149,38,14,24,111,105,6,25.503355704697988,9.395973154362416,16.10738255033557,74.49664429530202,70.46979865771812,4.026845637583892
E00054261,101,19,8,11,82,74,8,18.81188118811881,7.920792079207921,10.891089108910892,81.1881188118812,73.26732673267327,7.920792079207921
E00054262,110,37,9,28,73,65,8,33.63636363636363,8.181818181818182,25.454545454545453,66.36363636363637,59.09090909090909,7.2727272727272725
E00054263,148,37,15,22,111,101,10,25,10.135135135135135,14.864864864864865,75,68.24324324324324,6.756756756756757
E00054264,230,51,7,44,179,156,23,22.17391304347826,3.0434782608695654,19.130434782608695,77.82608695652173,67.82608695652173,10
E00054265,96,30,5,25,66,57,9,31.25,5.208333333333334,26.041666666666668,68.75,59.375,9.375
E00054266,128,37,9,28,91,78,13,28.90625,7.03125,21.875,71.09375,60.9375,10.15625
E00054267,227,79,21,58,148,133,15,34.801762114537446,9.251101321585903,25.55066079295154,65.19823788546255,58.590308370044056,6.607929515418502
E00054268,196,52,16,36,144,121,23,26.53061224489796,8.16326530612245,18.367346938775512,73.46938775510205,61.73469387755102,11.73469387755102
E00054269,213,63,20,43,150,138,12,29.577464788732392,9.389671361502346,20.187793427230048,70.4225352112676,64.7887323943662,5.633802816901409
E00054270,152,39,8,31,113,98,15,25.657894736842106,5.263157894736842,20.394736842105264,74.3421052631579,64.47368421052632,9.868421052631579
E00054271,188,48,11,37,140,125,15,25.53191489361702,5.851063829787234,19.680851063829788,74.46808510638297,66.48936170212765,7.9787234042553195
E00054272,128,36,8,28,92,86,6,28.125,6.25,21.875,71.875,67.1875,4.6875
E00054274,153,43,8,35,110,96,14,28.104575163398692,5.228758169934641,22.875816993464053,71.89542483660131,62.745098039215684,9.15032679738562
E00054275,129,30,5,25,99,86,13,23.25581395348837,3.875968992248062,19.379844961240313,76.74418604651163,66.66666666666666,10.077519379844961
E00054277,134,30,7,23,104,86,18,22.388059701492537,5.223880597014925,17.16417910447761,77.61194029850746,64.17910447761194,13.432835820895523
E00054278,209,55,11,44,154,134,20,26.31578947368421,5.263157894736842,21.052631578947366,73.68421052631578,64.11483253588517,9.569377990430622
E00054279,142,45,15,30,97,85,12,31.690140845070424,10.56338028169014,21.12676056338028,68.30985915492957,59.859154929577464,8.450704225352112
E00054282,150,60,12,48,90,77,13,40,8,32,60,51.33333333333333,8.666666666666668
E00054283,192,50,10,40,142,119,23,26.041666666666668,5.208333333333334,20.833333333333336,73.95833333333334,61.979166666666664,11.979166666666668
E00054284,130,54,18,36,76,68,8,41.53846153846154,13.846153846153847,27.692307692307693,58.46153846153847,52.307692307692314,6.153846153846154
E00054285,150,57,20,37,93,84,9,38,13.333333333333334,24.666666666666668,62,56.00000000000001,6
E00054286,114,37,13,24,77,72,5,32.45614035087719,11.403508771929824,21.052631578947366,67.54385964912281,63.1578947368421,4.385964912280701
E00054287,100,40,12,28,60,57,3,40,12,28.000000000000004,60,56.99999999999999,3
E00054288,134,39,14,25,95,84,11,29.1044776119403,10.44776119402985,18.65671641791045,70.8955223880597,62.68656716417911,8.208955223880597
E00054289,189,53,16,37,136,125,11,28.04232804232804,8.465608465608465,19.576719576719576,71.95767195767195,66.13756613756614,5.82010582010582
E00054290,187,52,26,26,135,101,34,27.807486631016044,13.903743315508022,13.903743315508022,72.19251336898395,54.01069518716578,18.181818181818183
E00054291,85,18,9,9,67,56,11,21.176470588235293,10.588235294117647,10.588235294117647,78.82352941176471,65.88235294117646,12.941176470588237
E00054292,141,41,12,29,100,94,6,29.078014184397162,8.51063829787234,20.56737588652482,70.92198581560284,66.66666666666666,4.25531914893617
E00054293,190,55,22,33,135,119,16,28.947368421052634,11.578947368421053,17.36842105263158,71.05263157894737,62.63157894736842,8.421052631578947
E00054294,240,87,34,53,153,128,25,36.25,14.166666666666666,22.083333333333332,63.74999999999999,53.333333333333336,10.416666666666668
E00054295,127,36,12,24,91,77,14,28.346456692913385,9.448818897637794,18.89763779527559,71.65354330708661,60.629921259842526,11.023622047244094
E00054296,145,51,20,31,94,77,17,35.172413793103445,13.793103448275861,21.379310344827587,64.82758620689654,53.103448275862064,11.724137931034482
E00054297,182,55,20,35,127,99,28,30.21978021978022,10.989010989010989,19.230769230769234,69.78021978021978,54.395604395604394,15.384615384615385
E00054298,93,24,6,18,69,63,6,25.806451612903224,6.451612903225806,19.35483870967742,74.19354838709677,67.74193548387096,6.451612903225806
E00054299,143,36,17,19,107,91,16,25.174825174825177,11.888111888111888,13.286713286713287,74.82517482517483,63.63636363636363,11.188811188811188
E00054300,154,49,12,37,105,98,7,31.818181818181817,7.792207792207792,24.025974025974026,68.18181818181817,63.63636363636363,4.545454545454546
E00054301,116,35,12,23,81,73,8,30.17241379310345,10.344827586206897,19.82758620689655,69.82758620689656,62.93103448275862,6.896551724137931
E00054302,113,29,10,19,84,73,11,25.663716814159294,8.849557522123893,16.8141592920354,74.33628318584071,64.60176991150442,9.734513274336283
E00054303,122,41,14,27,81,64,17,33.60655737704918,11.475409836065573,22.131147540983605,66.39344262295081,52.459016393442624,13.934426229508196
E00054304,198,50,11,39,148,136,12,25.252525252525253,5.555555555555555,19.696969696969695,74.74747474747475,68.68686868686868,6.0606060606060606
E00054305,141,50,26,24,91,74,17,35.46099290780142,18.439716312056735,17.02127659574468,64.53900709219859,52.4822695035461,12.056737588652481
E00054306,154,50,9,41,104,91,13,32.467532467532465,5.844155844155844,26.623376623376622,67.53246753246754,59.09090909090909,8.441558441558442
E00054307,144,47,19,28,97,80,17,32.63888888888889,13.194444444444445,19.444444444444446,67.36111111111111,55.55555555555556,11.805555555555555
E00054308,144,53,22,31,91,70,21,36.80555555555556,15.277777777777779,21.52777777777778,63.19444444444444,48.61111111111111,14.583333333333334
E00054309,167,56,13,43,111,83,28,33.532934131736525,7.784431137724551,25.748502994011975,66.46706586826348,49.700598802395206,16.766467065868262
E00054310,118,38,10,28,80,66,14,32.20338983050847,8.47457627118644,23.728813559322035,67.79661016949152,55.932203389830505,11.864406779661017
E00054311,115,38,16,22,77,60,17,33.04347826086956,13.91304347826087,19.130434782608695,66.95652173913044,52.17391304347826,14.782608695652174
E00054312,146,40,12,28,106,89,17,27.397260273972602,8.21917808219178,19.17808219178082,72.6027397260274,60.95890410958904,11.643835616438356
E00054313,167,60,22,38,107,91,16,35.92814371257485,13.17365269461078,22.75449101796407,64.07185628742515,54.49101796407185,9.580838323353294
E00054315,157,54,22,32,103,91,12,34.394904458598724,14.012738853503185,20.382165605095544,65.60509554140127,57.961783439490446,7.643312101910828
E00054316,122,52,22,30,70,52,18,42.62295081967213,18.0327868852459,24.59016393442623,57.377049180327866,42.62295081967213,14.754098360655737
E00054317,168,57,14,43,111,100,11,33.92857142857143,8.333333333333332,25.595238095238095,66.07142857142857,59.523809523809526,6.547619047619048
E00054318,106,31,8,23,75,63,12,29.245283018867923,7.547169811320755,21.69811320754717,70.75471698113208,59.43396226415094,11.320754716981133
E00054319,156,43,14,29,113,91,22,27.564102564102566,8.974358974358974,18.58974358974359,72.43589743589743,58.333333333333336,14.102564102564102
E00054320,148,36,13,23,112,83,29,24.324324324324326,8.783783783783784,15.54054054054054,75.67567567567568,56.08108108108109,19.594594594594593
E00054321,173,44,9,35,129,111,18,25.43352601156069,5.202312138728324,20.23121387283237,74.56647398843931,64.16184971098265,10.404624277456648
E00054322,157,43,14,29,114,98,16,27.388535031847134,8.9171974522293,18.471337579617835,72.61146496815286,62.42038216560509,10.191082802547772
E00054323,122,36,15,21,86,80,6,29.508196721311474,12.295081967213115,17.21311475409836,70.49180327868852,65.57377049180327,4.918032786885246
E00054324,184,60,17,43,124,103,21,32.608695652173914,9.239130434782608,23.369565217391305,67.3913043478261,55.97826086956522,11.41304347826087
E00054325,179,38,17,21,141,127,14,21.22905027932961,9.497206703910614,11.731843575418994,78.77094972067039,70.94972067039106,7.82122905027933
E00054326,181,49,20,29,132,107,25,27.071823204419886,11.049723756906078,16.022099447513813,72.92817679558011,59.11602209944752,13.812154696132598
E00054327,136,45,14,31,91,76,15,33.088235294117645,10.294117647058822,22.794117647058822,66.91176470588235,55.88235294117647,11.029411764705882
E00054328,205,64,12,52,141,117,24,31.21951219512195,5.853658536585367,25.365853658536587,68.78048780487805,57.073170731707314,11.707317073170733
E00054329,115,41,19,22,74,56,18,35.65217391304348,16.52173913043478,19.130434782608695,64.34782608695652,48.69565217391305,15.65217391304348
E00054330,122,49,23,26,73,59,14,40.16393442622951,18.852459016393443,21.311475409836063,59.83606557377049,48.36065573770492,11.475409836065573
E00054331,124,42,10,32,82,68,14,33.87096774193548,8.064516129032258,25.806451612903224,66.12903225806451,54.83870967741935,11.29032258064516
E00054332,180,55,17,38,125,108,17,30.555555555555557,9.444444444444445,21.11111111111111,69.44444444444444,60,9.444444444444445
E00054333,173,58,16,42,115,106,9,33.52601156069364,9.248554913294797,24.277456647398843,66.47398843930635,61.27167630057804,5.202312138728324
E00054334,115,40,17,23,75,64,11,34.78260869565217,14.782608695652174,20,65.21739130434783,55.65217391304348,9.565217391304348
E00054335,94,28,9,19,66,58,8,29.78723404255319,9.574468085106384,20.212765957446805,70.2127659574468,61.702127659574465,8.51063829787234
E00054336,155,48,15,33,107,83,24,30.967741935483872,9.67741935483871,21.29032258064516,69.03225806451613,53.5483870967742,15.483870967741936
E00054337,129,21,5,16,108,86,22,16.27906976744186,3.875968992248062,12.4031007751938,83.72093023255815,66.66666666666666,17.05426356589147
E00054338,148,47,14,33,101,81,20,31.756756756756754,9.45945945945946,22.2972972972973,68.24324324324324,54.729729729729726,13.513513513513514
E00054339,135,45,15,30,90,73,17,33.33333333333333,11.11111111111111,22.22222222222222,66.66666666666666,54.074074074074076,12.592592592592592
E00054340,110,31,8,23,79,63,16,28.18181818181818,7.2727272727272725,20.909090909090907,71.81818181818181,57.27272727272727,14.545454545454545
E00054341,115,42,11,31,73,62,11,36.52173913043478,9.565217391304348,26.956521739130434,63.47826086956522,53.91304347826087,9.565217391304348
E00054342,66,26,6,20,40,39,1,39.39393939393939,9.090909090909092,30.303030303030305,60.60606060606061,59.09090909090909,1.5151515151515151
E00054343,158,47,15,32,111,93,18,29.746835443037973,9.49367088607595,20.253164556962027,70.25316455696202,58.86075949367089,11.39240506329114
E00054344,60,23,4,19,37,32,5,38.333333333333336,6.666666666666667,31.666666666666664,61.66666666666667,53.333333333333336,8.333333333333332
E00054345,34,10,1,9,24,19,5,29.411764705882355,2.941176470588235,26.47058823529412,70.58823529411765,55.88235294117647,14.705882352941178
E00054346,180,50,9,41,130,121,9,27.77777777777778,5,22.77777777777778,72.22222222222221,67.22222222222223,5
E00054348,169,52,6,46,117,108,9,30.76923076923077,3.5502958579881656,27.218934911242602,69.23076923076923,63.905325443786985,5.325443786982249
E00054350,176,42,13,29,134,120,14,23.863636363636363,7.386363636363637,16.477272727272727,76.13636363636364,68.18181818181817,7.954545454545454
E00054351,139,40,11,29,99,86,13,28.776978417266186,7.913669064748201,20.863309352517987,71.22302158273382,61.87050359712231,9.352517985611511
E00054353,127,46,12,34,81,75,6,36.22047244094488,9.448818897637794,26.77165354330709,63.77952755905512,59.055118110236215,4.724409448818897
E00054354,172,42,15,27,130,119,11,24.418604651162788,8.720930232558139,15.69767441860465,75.5813953488372,69.18604651162791,6.395348837209303
E00054355,171,62,21,41,109,101,8,36.25730994152047,12.280701754385964,23.976608187134502,63.74269005847953,59.06432748538012,4.678362573099415
E00054356,166,43,14,29,123,108,15,25.903614457831324,8.433734939759036,17.46987951807229,74.09638554216868,65.06024096385542,9.036144578313253
E00054357,206,40,8,32,166,155,11,19.41747572815534,3.8834951456310676,15.53398058252427,80.58252427184466,75.24271844660194,5.339805825242718
E00054358,109,35,14,21,74,67,7,32.11009174311927,12.844036697247708,19.26605504587156,67.88990825688074,61.46788990825688,6.422018348623854
E00054359,157,47,11,36,110,104,6,29.936305732484076,7.006369426751593,22.929936305732486,70.06369426751591,66.2420382165605,3.821656050955414
E00054360,107,35,9,26,72,65,7,32.71028037383177,8.411214953271028,24.299065420560748,67.28971962616822,60.747663551401864,6.5420560747663545
E00054361,128,45,12,33,83,80,3,35.15625,9.375,25.78125,64.84375,62.5,2.34375
E00054362,116,38,6,32,78,67,11,32.758620689655174,5.172413793103448,27.586206896551722,67.24137931034483,57.758620689655174,9.482758620689655
E00054363,162,46,15,31,116,105,11,28.39506172839506,9.25925925925926,19.1358024691358,71.60493827160494,64.81481481481481,6.790123456790123
E00054364,184,48,12,36,136,116,20,26.08695652173913,6.521739130434782,19.565217391304348,73.91304347826086,63.04347826086957,10.869565217391305
E00054366,160,32,3,29,128,114,14,20,1.875,18.125,80,71.25,8.75
E00054367,173,40,14,26,133,114,19,23.121387283236995,8.092485549132949,15.028901734104046,76.878612716763,65.89595375722543,10.982658959537572
E00054368,118,33,9,24,85,81,4,27.966101694915253,7.627118644067797,20.33898305084746,72.03389830508475,68.64406779661016,3.389830508474576
E00054370,135,38,13,25,97,85,12,28.14814814814815,9.62962962962963,18.51851851851852,71.85185185185186,62.96296296296296,8.88888888888889
E00054371,124,25,8,17,99,87,12,20.161290322580644,6.451612903225806,13.709677419354838,79.83870967741935,70.16129032258065,9.67741935483871
E00054372,74,19,4,15,55,51,4,25.675675675675674,5.405405405405405,20.27027027027027,74.32432432432432,68.91891891891892,5.405405405405405
E00054374,129,45,13,32,84,77,7,34.883720930232556,10.077519379844961,24.8062015503876,65.11627906976744,59.68992248062015,5.426356589147287
E00054375,132,45,14,31,87,82,5,34.090909090909086,10.606060606060606,23.484848484848484,65.9090909090909,62.121212121212125,3.787878787878788
E00054376,94,27,5,22,67,60,7,28.723404255319153,5.319148936170213,23.404255319148938,71.27659574468085,63.829787234042556,7.446808510638298
E00054377,123,50,15,35,73,65,8,40.65040650406504,12.195121951219512,28.455284552845526,59.34959349593496,52.84552845528455,6.504065040650407
E00054378,302,77,19,58,225,202,23,25.496688741721858,6.291390728476822,19.205298013245034,74.50331125827815,66.88741721854305,7.6158940397351
E00054379,122,39,4,35,83,74,9,31.967213114754102,3.278688524590164,28.688524590163933,68.0327868852459,60.65573770491803,7.377049180327869
E00054380,143,75,15,60,68,62,6,52.44755244755245,10.48951048951049,41.95804195804196,47.55244755244755,43.35664335664335,4.195804195804196
E00054381,199,78,17,61,121,104,17,39.19597989949749,8.542713567839195,30.65326633165829,60.80402010050251,52.26130653266332,8.542713567839195
E00054382,135,36,5,31,99,85,14,26.666666666666668,3.7037037037037033,22.962962962962962,73.33333333333333,62.96296296296296,10.37037037037037
E00054383,149,44,10,34,105,93,12,29.53020134228188,6.7114093959731544,22.818791946308725,70.46979865771812,62.41610738255034,8.053691275167784
E00054384,117,30,5,25,87,76,11,25.64102564102564,4.273504273504273,21.367521367521366,74.35897435897436,64.95726495726495,9.401709401709402
E00054385,145,44,11,33,101,93,8,30.344827586206897,7.586206896551724,22.758620689655174,69.6551724137931,64.13793103448275,5.517241379310345
E00054386,149,45,6,39,104,94,10,30.201342281879196,4.026845637583892,26.174496644295303,69.79865771812081,63.08724832214765,6.7114093959731544
E00054387,132,34,11,23,98,89,9,25.757575757575758,8.333333333333332,17.424242424242426,74.24242424242425,67.42424242424242,6.8181818181818175
E00054388,117,36,11,25,81,75,6,30.76923076923077,9.401709401709402,21.367521367521366,69.23076923076923,64.1025641025641,5.128205128205128
E00054389,151,32,14,18,119,103,16,21.192052980132452,9.271523178807946,11.920529801324504,78.80794701986756,68.21192052980133,10.596026490066226
E00054390,86,28,7,21,58,55,3,32.55813953488372,8.13953488372093,24.418604651162788,67.44186046511628,63.95348837209303,3.488372093023256
E00054391,134,41,10,31,93,86,7,30.597014925373134,7.462686567164178,23.134328358208954,69.40298507462687,64.17910447761194,5.223880597014925
E00054392,140,25,7,18,115,107,8,17.857142857142858,5,12.857142857142856,82.14285714285714,76.42857142857142,5.714285714285714
E00054393,184,67,28,39,117,103,14,36.41304347826087,15.217391304347828,21.195652173913043,63.58695652173913,55.97826086956522,7.608695652173914
E00054394,189,71,15,56,118,103,15,37.56613756613756,7.936507936507936,29.629629629629626,62.43386243386243,54.4973544973545,7.936507936507936
E00054395,142,39,12,27,103,91,12,27.464788732394368,8.450704225352112,19.014084507042252,72.53521126760563,64.08450704225352,8.450704225352112
E00054396,185,53,10,43,132,96,36,28.64864864864865,5.405405405405405,23.243243243243246,71.35135135135135,51.891891891891895,19.45945945945946
E00054397,134,37,3,34,97,82,15,27.611940298507463,2.2388059701492535,25.37313432835821,72.38805970149254,61.19402985074627,11.194029850746269
E00054398,152,57,18,39,95,82,13,37.5,11.842105263157894,25.657894736842106,62.5,53.94736842105263,8.552631578947368
E00054399,134,52,19,33,82,74,8,38.80597014925373,14.17910447761194,24.62686567164179,61.19402985074627,55.223880597014926,5.970149253731343
E00054400,157,72,19,53,85,75,10,45.85987261146497,12.101910828025478,33.75796178343949,54.14012738853503,47.77070063694268,6.369426751592357
E00054401,110,44,8,36,66,59,7,40,7.2727272727272725,32.72727272727273,60,53.63636363636364,6.363636363636363
E00054402,151,66,27,39,85,80,5,43.70860927152318,17.880794701986755,25.82781456953642,56.29139072847682,52.980132450331126,3.3112582781456954
E00054403,187,91,28,63,96,88,8,48.663101604278076,14.973262032085561,33.68983957219251,51.33689839572193,47.05882352941176,4.27807486631016
E00054404,150,60,14,46,90,85,5,40,9.333333333333334,30.666666666666664,60,56.666666666666664,3.3333333333333335
E00054405,189,75,25,50,114,101,13,39.682539682539684,13.227513227513226,26.455026455026452,60.317460317460316,53.43915343915344,6.878306878306878
E00054407,181,71,14,57,110,104,6,39.226519337016576,7.734806629834254,31.491712707182316,60.773480662983424,57.4585635359116,3.314917127071823
E00054408,177,69,24,45,108,99,9,38.983050847457626,13.559322033898304,25.423728813559322,61.016949152542374,55.932203389830505,5.084745762711865
E00054409,197,97,28,69,100,91,9,49.23857868020304,14.213197969543149,35.025380710659896,50.76142131979695,46.192893401015226,4.568527918781726
E00054410,245,95,29,66,150,128,22,38.775510204081634,11.83673469387755,26.93877551020408,61.224489795918366,52.244897959183675,8.979591836734693
E00054411,170,65,18,47,105,93,12,38.23529411764706,10.588235294117647,27.647058823529413,61.76470588235294,54.70588235294118,7.0588235294117645
E00054412,97,31,5,26,66,59,7,31.958762886597935,5.154639175257731,26.804123711340207,68.04123711340206,60.824742268041234,7.216494845360824
E00054413,134,37,10,27,97,87,10,27.611940298507463,7.462686567164178,20.149253731343283,72.38805970149254,64.92537313432835,7.462686567164178
E00054414,137,37,15,22,100,87,13,27.00729927007299,10.948905109489052,16.05839416058394,72.99270072992701,63.503649635036496,9.48905109489051
E00054415,147,35,8,27,112,99,13,23.809523809523807,5.442176870748299,18.367346938775512,76.19047619047619,67.3469387755102,8.843537414965986
E00054416,134,43,21,22,91,82,9,32.08955223880597,15.671641791044777,16.417910447761194,67.91044776119402,61.19402985074627,6.7164179104477615
E00054417,159,38,10,28,121,110,11,23.89937106918239,6.289308176100629,17.61006289308176,76.10062893081762,69.18238993710692,6.918238993710692
E00054418,149,38,12,26,111,95,16,25.503355704697988,8.053691275167784,17.449664429530202,74.49664429530202,63.758389261744966,10.738255033557047
E00054419,199,60,25,35,139,117,22,30.15075376884422,12.562814070351758,17.587939698492463,69.84924623115577,58.79396984924623,11.055276381909549
E00054420,165,46,7,39,119,105,14,27.878787878787882,4.242424242424243,23.636363636363637,72.12121212121212,63.63636363636363,8.484848484848486
E00054421,143,32,8,24,111,93,18,22.377622377622377,5.594405594405594,16.783216783216783,77.62237762237763,65.03496503496503,12.587412587412588
E00054422,208,55,17,38,153,136,17,26.442307692307693,8.173076923076923,18.269230769230766,73.5576923076923,65.38461538461539,8.173076923076923
E00054423,149,38,11,27,111,94,17,25.503355704697988,7.38255033557047,18.120805369127517,74.49664429530202,63.08724832214765,11.409395973154362
E00054424,182,52,19,33,130,107,23,28.57142857142857,10.43956043956044,18.13186813186813,71.42857142857143,58.791208791208796,12.637362637362637
E00054425,159,39,10,29,120,105,15,24.528301886792452,6.289308176100629,18.238993710691823,75.47169811320755,66.0377358490566,9.433962264150944
E00054426,164,41,13,28,123,110,13,25,7.926829268292683,17.073170731707318,75,67.07317073170732,7.926829268292683
E00054427,179,59,19,40,120,108,12,32.960893854748605,10.614525139664805,22.3463687150838,67.0391061452514,60.33519553072626,6.70391061452514
E00054428,159,52,12,40,107,96,11,32.70440251572327,7.547169811320755,25.157232704402517,67.29559748427673,60.37735849056604,6.918238993710692
E00054429,121,43,20,23,78,71,7,35.53719008264463,16.528925619834713,19.00826446280992,64.46280991735537,58.67768595041323,5.785123966942149
E00054430,26,6,3,3,20,18,2,23.076923076923077,11.538461538461538,11.538461538461538,76.92307692307693,69.23076923076923,7.6923076923076925
E00054431,128,45,16,29,83,68,15,35.15625,12.5,22.65625,64.84375,53.125,11.71875
E00054432,157,44,17,27,113,99,14,28.02547770700637,10.828025477707007,17.197452229299362,71.97452229299363,63.05732484076433,8.9171974522293
E00054433,137,43,8,35,94,81,13,31.386861313868614,5.839416058394161,25.547445255474454,68.61313868613139,59.12408759124088,9.48905109489051
E00054434,160,53,10,43,107,96,11,33.125,6.25,26.875,66.875,60,6.875000000000001
E00054435,156,60,20,40,96,81,15,38.46153846153847,12.82051282051282,25.64102564102564,61.53846153846154,51.92307692307693,9.615384615384617
E00054436,173,46,18,28,127,115,12,26.589595375722542,10.404624277456648,16.184971098265898,73.41040462427746,66.47398843930635,6.9364161849710975
E00054437,134,43,13,30,91,81,10,32.08955223880597,9.701492537313433,22.388059701492537,67.91044776119402,60.447761194029844,7.462686567164178
E00054438,112,50,16,34,62,61,1,44.642857142857146,14.285714285714285,30.357142857142854,55.35714285714286,54.46428571428571,0.8928571428571428
E00054439,163,45,12,33,118,101,17,27.607361963190186,7.361963190184049,20.245398773006134,72.39263803680981,61.963190184049076,10.429447852760736
E00054440,115,36,4,32,79,71,8,31.30434782608696,3.4782608695652173,27.82608695652174,68.69565217391305,61.73913043478261,6.956521739130435
E00054441,118,45,11,34,73,64,9,38.13559322033898,9.322033898305085,28.8135593220339,61.86440677966102,54.23728813559322,7.627118644067797
E00054442,109,58,9,49,51,49,2,53.21100917431193,8.256880733944955,44.95412844036697,46.788990825688074,44.95412844036697,1.834862385321101
E00054443,102,38,12,26,64,58,6,37.254901960784316,11.76470588235294,25.49019607843137,62.745098039215684,56.86274509803921,5.88235294117647
E00054444,262,82,25,57,180,154,26,31.297709923664126,9.541984732824428,21.755725190839694,68.70229007633588,58.778625954198475,9.923664122137405
E00054445,200,60,13,47,140,119,21,30,6.5,23.5,70,59.5,10.5
E00054446,165,59,14,45,106,96,10,35.75757575757576,8.484848484848486,27.27272727272727,64.24242424242425,58.18181818181818,6.0606060606060606
E00054447,164,45,10,35,119,97,22,27.439024390243905,6.097560975609756,21.341463414634145,72.5609756097561,59.14634146341463,13.414634146341465
E00054448,67,18,3,15,49,45,4,26.865671641791046,4.477611940298507,22.388059701492537,73.13432835820896,67.16417910447761,5.970149253731343
E00054449,143,45,10,35,98,80,18,31.46853146853147,6.993006993006993,24.475524475524477,68.53146853146853,55.94405594405595,12.587412587412588
E00054450,209,62,10,52,147,114,33,29.665071770334926,4.784688995215311,24.880382775119617,70.33492822966507,54.54545454545454,15.789473684210526
E00054451,135,48,12,36,87,82,5,35.55555555555556,8.88888888888889,26.666666666666668,64.44444444444444,60.74074074074074,3.7037037037037033
E00054452,195,72,24,48,123,117,6,36.92307692307693,12.307692307692308,24.615384615384617,63.07692307692307,60,3.076923076923077
E00054453,175,74,22,52,101,90,11,42.285714285714285,12.571428571428573,29.714285714285715,57.714285714285715,51.42857142857142,6.2857142857142865
E00054454,86,32,8,24,54,48,6,37.2093023255814,9.30232558139535,27.906976744186046,62.7906976744186,55.81395348837209,6.976744186046512
E00054456,123,54,10,44,69,64,5,43.90243902439025,8.130081300813007,35.77235772357724,56.09756097560976,52.03252032520326,4.0650406504065035
E00054457,138,51,15,36,87,79,8,36.95652173913043,10.869565217391305,26.08695652173913,63.04347826086957,57.2463768115942,5.797101449275362
E00054458,94,30,8,22,64,63,1,31.914893617021278,8.51063829787234,23.404255319148938,68.08510638297872,67.02127659574468,1.0638297872340425
E00054459,115,45,7,38,70,67,3,39.130434782608695,6.086956521739131,33.04347826086956,60.86956521739131,58.26086956521739,2.608695652173913
E00054460,123,52,16,36,71,65,6,42.27642276422765,13.008130081300814,29.268292682926827,57.72357723577236,52.84552845528455,4.878048780487805
E00054461,122,38,7,31,84,79,5,31.147540983606557,5.737704918032787,25.40983606557377,68.85245901639344,64.75409836065575,4.098360655737705
E00054462,135,44,9,35,91,86,5,32.592592592592595,6.666666666666667,25.925925925925924,67.4074074074074,63.70370370370371,3.7037037037037033
E00054463,103,35,12,23,68,62,6,33.980582524271846,11.650485436893204,22.330097087378643,66.01941747572816,60.19417475728155,5.825242718446602
E00054464,124,59,13,46,65,58,7,47.58064516129033,10.483870967741936,37.096774193548384,52.41935483870967,46.774193548387096,5.64516129032258
E00054465,119,38,13,25,81,68,13,31.932773109243694,10.92436974789916,21.008403361344538,68.0672268907563,57.14285714285714,10.92436974789916
E00054467,119,58,11,47,61,57,4,48.739495798319325,9.243697478991598,39.49579831932773,51.26050420168067,47.89915966386555,3.361344537815126
E00054468,212,74,20,54,138,130,8,34.90566037735849,9.433962264150944,25.471698113207548,65.09433962264151,61.32075471698113,3.7735849056603774
E00054469,118,36,10,26,82,70,12,30.508474576271187,8.47457627118644,22.033898305084744,69.49152542372882,59.32203389830508,10.16949152542373
E00054470,142,50,13,37,92,80,12,35.2112676056338,9.15492957746479,26.056338028169012,64.7887323943662,56.33802816901409,8.450704225352112
E00054471,165,47,14,33,118,105,13,28.484848484848484,8.484848484848486,20,71.51515151515152,63.63636363636363,7.878787878787878
E00054472,83,24,3,21,59,55,4,28.915662650602407,3.614457831325301,25.301204819277107,71.08433734939759,66.26506024096386,4.819277108433735
E00054474,157,33,12,21,124,111,13,21.019108280254777,7.643312101910828,13.375796178343949,78.98089171974523,70.70063694267516,8.280254777070063
E00054475,174,49,12,37,125,111,14,28.160919540229884,6.896551724137931,21.26436781609195,71.83908045977012,63.793103448275865,8.045977011494253
E00054476,156,52,6,46,104,86,18,33.33333333333333,3.8461538461538463,29.48717948717949,66.66666666666666,55.12820512820513,11.538461538461538
E00054477,165,49,13,36,116,105,11,29.6969696969697,7.878787878787878,21.818181818181817,70.3030303030303,63.63636363636363,6.666666666666667
E00054478,100,30,8,22,70,59,11,30,8,22,70,59,11
E00054479,135,43,13,30,92,75,17,31.851851851851855,9.62962962962963,22.22222222222222,68.14814814814815,55.55555555555556,12.592592592592592
E00054480,106,38,13,25,68,59,9,35.84905660377358,12.264150943396226,23.58490566037736,64.15094339622641,55.660377358490564,8.49056603773585
E00054482,180,76,17,59,104,95,9,42.22222222222222,9.444444444444445,32.77777777777778,57.77777777777777,52.77777777777778,5
E00054483,218,85,24,61,133,117,16,38.99082568807339,11.009174311926607,27.981651376146786,61.00917431192661,53.669724770642205,7.339449541284404
E00054484,150,70,16,54,80,72,8,46.666666666666664,10.666666666666668,36,53.333333333333336,48,5.333333333333334
E00054485,172,81,25,56,91,88,3,47.093023255813954,14.534883720930234,32.55813953488372,52.90697674418605,51.162790697674424,1.744186046511628
E00054486,138,67,22,45,71,62,9,48.55072463768116,15.942028985507244,32.608695652173914,51.449275362318836,44.927536231884055,6.521739130434782
E00054488,227,91,36,55,136,125,11,40.08810572687225,15.859030837004406,24.229074889867842,59.91189427312775,55.06607929515418,4.845814977973569
E00054489,168,88,24,64,80,76,4,52.38095238095239,14.285714285714285,38.095238095238095,47.61904761904761,45.23809523809524,2.380952380952381
E00054490,115,57,19,38,58,50,8,49.56521739130435,16.52173913043478,33.04347826086956,50.43478260869565,43.47826086956522,6.956521739130435
E00054491,167,69,21,48,98,92,6,41.31736526946108,12.574850299401197,28.74251497005988,58.68263473053892,55.08982035928144,3.592814371257485
E00054492,143,68,13,55,75,67,8,47.55244755244755,9.090909090909092,38.46153846153847,52.44755244755245,46.85314685314685,5.594405594405594
E00054493,145,51,12,39,94,88,6,35.172413793103445,8.275862068965518,26.89655172413793,64.82758620689654,60.689655172413794,4.137931034482759
E00054494,159,67,15,52,92,92,0,42.138364779874216,9.433962264150944,32.70440251572327,57.861635220125784,57.861635220125784,0
E00054495,132,71,29,42,61,60,1,53.78787878787878,21.96969696969697,31.818181818181817,46.21212121212121,45.45454545454545,0.7575757575757576
E00054496,192,90,22,68,102,97,5,46.875,11.458333333333332,35.41666666666667,53.125,50.520833333333336,2.604166666666667
E00054497,189,78,21,57,111,105,6,41.269841269841265,11.11111111111111,30.158730158730158,58.730158730158735,55.55555555555556,3.1746031746031744
E00054498,83,29,11,18,54,49,5,34.93975903614458,13.253012048192772,21.686746987951807,65.06024096385542,59.036144578313255,6.024096385542169
E00054499,198,93,30,63,105,97,8,46.96969696969697,15.151515151515152,31.818181818181817,53.03030303030303,48.98989898989899,4.040404040404041
E00054501,119,32,16,16,87,77,10,26.89075630252101,13.445378151260504,13.445378151260504,73.10924369747899,64.70588235294117,8.403361344537815
E00054504,152,69,26,43,83,79,4,45.39473684210527,17.105263157894736,28.289473684210524,54.60526315789473,51.973684210526315,2.631578947368421
E00054505,144,62,11,51,82,75,7,43.05555555555556,7.638888888888889,35.41666666666667,56.94444444444444,52.083333333333336,4.861111111111112
E00054506,190,85,29,56,105,100,5,44.73684210526316,15.263157894736842,29.47368421052631,55.26315789473685,52.63157894736842,2.631578947368421
E00054507,180,92,24,68,88,84,4,51.11111111111111,13.333333333333334,37.77777777777778,48.888888888888886,46.666666666666664,2.2222222222222223
E00054508,174,80,28,52,94,89,5,45.97701149425287,16.091954022988507,29.88505747126437,54.02298850574713,51.14942528735632,2.8735632183908044
E00054509,169,82,26,56,87,80,7,48.5207100591716,15.384615384615385,33.13609467455622,51.4792899408284,47.337278106508876,4.142011834319527
E00054510,136,53,10,43,83,81,2,38.970588235294116,7.352941176470589,31.61764705882353,61.029411764705884,59.55882352941176,1.4705882352941175
E00054511,229,91,28,63,138,111,27,39.737991266375545,12.22707423580786,27.510917030567683,60.26200873362445,48.47161572052402,11.790393013100436
E00054512,188,97,28,69,91,86,5,51.59574468085106,14.893617021276595,36.702127659574465,48.40425531914894,45.744680851063826,2.6595744680851063
E00054513,216,98,34,64,118,96,22,45.370370370370374,15.74074074074074,29.629629629629626,54.629629629629626,44.44444444444444,10.185185185185185
E00054514,37,20,9,11,17,16,1,54.054054054054056,24.324324324324326,29.72972972972973,45.94594594594595,43.24324324324324,2.7027027027027026
E00054516,206,86,16,70,120,116,4,41.74757281553398,7.766990291262135,33.980582524271846,58.252427184466015,56.310679611650485,1.9417475728155338
E00054517,145,74,20,54,71,63,8,51.03448275862069,13.793103448275861,37.24137931034483,48.96551724137931,43.44827586206896,5.517241379310345
E00054519,166,60,16,44,106,102,4,36.144578313253014,9.63855421686747,26.506024096385545,63.85542168674698,61.44578313253012,2.4096385542168677
E00054521,76,38,9,29,38,35,3,50,11.842105263157894,38.15789473684211,50,46.05263157894737,3.9473684210526314
E00054522,143,84,29,55,59,55,4,58.74125874125874,20.27972027972028,38.46153846153847,41.25874125874126,38.46153846153847,2.797202797202797
E00054523,135,70,22,48,65,64,1,51.85185185185185,16.296296296296298,35.55555555555556,48.148148148148145,47.40740740740741,0.7407407407407408
E00054524,73,23,4,19,50,43,7,31.506849315068493,5.47945205479452,26.027397260273972,68.4931506849315,58.9041095890411,9.58904109589041
E00054525,228,69,22,47,159,147,12,30.263157894736842,9.649122807017543,20.614035087719298,69.73684210526315,64.47368421052632,5.263157894736842
E00054526,222,58,13,45,164,152,12,26.126126126126124,5.8558558558558556,20.27027027027027,73.87387387387388,68.46846846846847,5.405405405405405
E00054527,216,66,23,43,150,136,14,30.555555555555557,10.648148148148149,19.90740740740741,69.44444444444444,62.96296296296296,6.481481481481481
E00054528,132,49,11,38,83,73,10,37.121212121212125,8.333333333333332,28.78787878787879,62.878787878787875,55.3030303030303,7.575757575757576
E00054529,116,34,9,25,82,72,10,29.310344827586203,7.758620689655173,21.551724137931032,70.6896551724138,62.06896551724138,8.620689655172415
E00054530,163,44,21,23,119,99,20,26.993865030674847,12.883435582822086,14.11042944785276,73.00613496932516,60.73619631901841,12.269938650306749
E00054531,234,74,17,57,160,141,19,31.62393162393162,7.264957264957266,24.358974358974358,68.37606837606837,60.256410256410255,8.11965811965812
E00054533,174,58,11,47,116,102,14,33.33333333333333,6.321839080459771,27.011494252873565,66.66666666666666,58.620689655172406,8.045977011494253
E00054534,187,54,19,35,133,95,38,28.87700534759358,10.16042780748663,18.71657754010695,71.12299465240642,50.80213903743316,20.32085561497326
E00054535,117,32,9,23,85,79,6,27.350427350427353,7.6923076923076925,19.65811965811966,72.64957264957265,67.52136752136752,5.128205128205128
E00054536,70,21,4,17,49,49,0,30,5.714285714285714,24.285714285714285,70,70,0
E00054537,142,42,9,33,100,94,6,29.577464788732392,6.338028169014084,23.239436619718308,70.4225352112676,66.19718309859155,4.225352112676056
E00054538,80,33,8,25,47,45,2,41.25,10,31.25,58.75,56.25,2.5
E00054539,101,27,10,17,74,67,7,26.732673267326735,9.900990099009901,16.831683168316832,73.26732673267327,66.33663366336634,6.9306930693069315
E00054541,55,19,2,17,36,35,1,34.54545454545455,3.6363636363636362,30.909090909090907,65.45454545454545,63.63636363636363,1.8181818181818181
E00054542,122,34,9,25,88,82,6,27.86885245901639,7.377049180327869,20.491803278688526,72.1311475409836,67.21311475409836,4.918032786885246
E00054543,87,23,5,18,64,64,0,26.436781609195403,5.747126436781609,20.689655172413794,73.5632183908046,73.5632183908046,0
E00054544,117,51,15,36,66,61,5,43.58974358974359,12.82051282051282,30.76923076923077,56.41025641025641,52.13675213675214,4.273504273504273
E00054545,114,48,13,35,66,62,4,42.10526315789473,11.403508771929824,30.701754385964914,57.89473684210527,54.385964912280706,3.508771929824561
E00054546,111,32,9,23,79,76,3,28.82882882882883,8.108108108108109,20.72072072072072,71.17117117117117,68.46846846846847,2.7027027027027026
E00054547,83,25,4,21,58,53,5,30.120481927710845,4.819277108433735,25.301204819277107,69.87951807228916,63.85542168674698,6.024096385542169
E00054548,98,34,8,26,64,59,5,34.69387755102041,8.16326530612245,26.53061224489796,65.3061224489796,60.204081632653065,5.1020408163265305
E00054549,130,31,5,26,99,94,5,23.846153846153847,3.8461538461538463,20,76.15384615384615,72.3076923076923,3.8461538461538463
E00054550,142,38,10,28,104,92,12,26.76056338028169,7.042253521126761,19.718309859154928,73.23943661971832,64.7887323943662,8.450704225352112
E00054551,64,25,3,22,39,34,5,39.0625,4.6875,34.375,60.9375,53.125,7.8125
E00054552,121,35,10,25,86,77,9,28.92561983471074,8.264462809917356,20.66115702479339,71.07438016528926,63.63636363636363,7.43801652892562
E00054553,16,5,1,4,11,10,1,31.25,6.25,25,68.75,62.5,6.25
E00054554,272,62,14,48,210,177,33,22.794117647058822,5.147058823529411,17.647058823529413,77.20588235294117,65.07352941176471,12.132352941176471
E00054555,132,49,9,40,83,77,6,37.121212121212125,6.8181818181818175,30.303030303030305,62.878787878787875,58.333333333333336,4.545454545454546
E00054556,112,32,6,26,80,73,7,28.57142857142857,5.357142857142857,23.214285714285715,71.42857142857143,65.17857142857143,6.25
E00054557,65,22,0,22,43,40,3,33.84615384615385,0,33.84615384615385,66.15384615384615,61.53846153846154,4.615384615384616
E00054558,140,43,7,36,97,85,12,30.714285714285715,5,25.71428571428571,69.28571428571428,60.71428571428571,8.571428571428571
E00054559,197,59,18,41,138,114,24,29.949238578680205,9.137055837563452,20.812182741116754,70.05076142131979,57.868020304568525,12.18274111675127
E00054560,137,40,14,26,97,91,6,29.1970802919708,10.218978102189782,18.97810218978102,70.8029197080292,66.42335766423358,4.37956204379562
E00054562,122,39,10,29,83,70,13,31.967213114754102,8.19672131147541,23.770491803278688,68.0327868852459,57.377049180327866,10.655737704918032
E00054563,131,41,17,24,90,77,13,31.297709923664126,12.977099236641221,18.3206106870229,68.70229007633588,58.778625954198475,9.923664122137405
E00054564,123,42,11,31,81,73,8,34.146341463414636,8.94308943089431,25.203252032520325,65.85365853658537,59.34959349593496,6.504065040650407
E00054565,162,62,19,43,100,90,10,38.2716049382716,11.728395061728394,26.543209876543212,61.72839506172839,55.55555555555556,6.172839506172839
E00054566,174,64,11,53,110,105,5,36.7816091954023,6.321839080459771,30.45977011494253,63.2183908045977,60.3448275862069,2.8735632183908044
E00054567,179,46,13,33,133,118,15,25.69832402234637,7.262569832402235,18.435754189944134,74.30167597765363,65.92178770949721,8.379888268156424
E00054569,132,47,14,33,85,79,6,35.60606060606061,10.606060606060606,25,64.39393939393939,59.84848484848485,4.545454545454546
E00054570,142,58,14,44,84,75,9,40.845070422535215,9.859154929577464,30.985915492957744,59.154929577464785,52.816901408450704,6.338028169014084
E00054574,110,40,15,25,70,64,6,36.36363636363637,13.636363636363635,22.727272727272727,63.63636363636363,58.18181818181818,5.454545454545454
E00054575,204,61,15,46,143,133,10,29.901960784313726,7.352941176470589,22.54901960784314,70.09803921568627,65.19607843137256,4.901960784313726
E00054576,135,53,14,39,82,71,11,39.25925925925926,10.37037037037037,28.888888888888886,60.74074074074074,52.59259259259259,8.148148148148149
E00054577,142,46,14,32,96,83,13,32.3943661971831,9.859154929577464,22.535211267605636,67.6056338028169,58.45070422535211,9.15492957746479
E00054578,120,46,14,32,74,69,5,38.333333333333336,11.666666666666666,26.666666666666668,61.66666666666667,57.49999999999999,4.166666666666666
E00054579,35,17,5,12,18,17,1,48.57142857142857,14.285714285714285,34.285714285714285,51.42857142857142,48.57142857142857,2.857142857142857
E00054580,122,51,11,40,71,65,6,41.80327868852459,9.01639344262295,32.78688524590164,58.19672131147541,53.278688524590166,4.918032786885246
E00054581,87,39,7,32,48,43,5,44.827586206896555,8.045977011494253,36.7816091954023,55.172413793103445,49.42528735632184,5.747126436781609
E00054583,147,65,19,46,82,78,4,44.21768707482993,12.925170068027212,31.292517006802722,55.78231292517006,53.06122448979592,2.7210884353741496
E00054585,101,34,10,24,67,59,8,33.663366336633665,9.900990099009901,23.762376237623762,66.33663366336634,58.415841584158414,7.920792079207921
E00054587,87,51,15,36,36,36,0,58.620689655172406,17.24137931034483,41.37931034482759,41.37931034482759,41.37931034482759,0
E00054588,128,67,17,50,61,49,12,52.34375,13.28125,39.0625,47.65625,38.28125,9.375
E00054589,178,88,21,67,90,83,7,49.43820224719101,11.797752808988763,37.640449438202246,50.56179775280899,46.62921348314607,3.932584269662921
E00054590,129,67,19,48,62,56,6,51.93798449612403,14.728682170542637,37.2093023255814,48.06201550387597,43.41085271317829,4.651162790697675
E00054592,133,57,14,43,76,71,5,42.857142857142854,10.526315789473683,32.33082706766917,57.14285714285714,53.383458646616546,3.7593984962406015
E00054594,99,45,10,35,54,46,8,45.45454545454545,10.1010101010101,35.35353535353536,54.54545454545454,46.464646464646464,8.080808080808081
E00054595,176,73,14,59,103,99,4,41.47727272727273,7.954545454545454,33.52272727272727,58.52272727272727,56.25,2.272727272727273
E00054597,87,28,7,21,59,56,3,32.18390804597701,8.045977011494253,24.137931034482758,67.81609195402298,64.36781609195403,3.4482758620689653
E00054598,148,46,12,34,102,90,12,31.08108108108108,8.108108108108109,22.972972972972975,68.91891891891892,60.810810810810814,8.108108108108109
E00054599,170,58,9,49,112,102,10,34.11764705882353,5.294117647058823,28.823529411764703,65.88235294117646,60,5.88235294117647
E00054600,117,63,15,48,54,50,4,53.84615384615385,12.82051282051282,41.02564102564102,46.15384615384615,42.73504273504273,3.418803418803419
E00054602,201,59,17,42,142,131,11,29.35323383084577,8.45771144278607,20.8955223880597,70.64676616915423,65.17412935323384,5.472636815920398
E00054603,160,46,20,26,114,100,14,28.749999999999996,12.5,16.25,71.25,62.5,8.75
E00054604,30,11,2,9,19,16,3,36.666666666666664,6.666666666666667,30,63.33333333333333,53.333333333333336,10
E00054605,101,41,18,23,60,50,10,40.5940594059406,17.82178217821782,22.772277227722775,59.4059405940594,49.504950495049506,9.900990099009901
E00054606,140,43,14,29,97,84,13,30.714285714285715,10,20.714285714285715,69.28571428571428,60,9.285714285714286
E00054607,138,34,8,26,104,92,12,24.637681159420293,5.797101449275362,18.84057971014493,75.36231884057972,66.66666666666666,8.695652173913043
E00054608,177,60,14,46,117,105,12,33.89830508474576,7.909604519774012,25.98870056497175,66.10169491525424,59.32203389830508,6.779661016949152
E00054609,139,57,17,40,82,78,4,41.007194244604314,12.23021582733813,28.776978417266186,58.992805755395686,56.11510791366906,2.877697841726619
E00054610,133,59,14,45,74,67,7,44.3609022556391,10.526315789473683,33.83458646616541,55.639097744360896,50.37593984962406,5.263157894736842
E00054611,140,44,14,30,96,77,19,31.428571428571427,10,21.428571428571427,68.57142857142857,55.00000000000001,13.571428571428571
E00054612,95,23,6,17,72,65,7,24.210526315789473,6.315789473684211,17.894736842105264,75.78947368421053,68.42105263157895,7.368421052631578
E00054613,143,63,17,46,80,75,5,44.05594405594406,11.888111888111888,32.16783216783217,55.94405594405595,52.44755244755245,3.4965034965034967
E00054617,192,79,11,68,113,106,7,41.14583333333333,5.729166666666666,35.41666666666667,58.854166666666664,55.208333333333336,3.6458333333333335
E00054618,200,95,38,57,105,91,14,47.5,19,28.499999999999996,52.5,45.5,7.000000000000001
E00054620,171,70,29,41,101,93,8,40.93567251461988,16.95906432748538,23.976608187134502,59.06432748538012,54.385964912280706,4.678362573099415
E00054621,58,24,9,15,34,26,8,41.37931034482759,15.517241379310345,25.862068965517242,58.620689655172406,44.827586206896555,13.793103448275861
E00054622,64,31,14,17,33,29,4,48.4375,21.875,26.5625,51.5625,45.3125,6.25
E00054624,142,67,25,42,75,71,4,47.183098591549296,17.6056338028169,29.577464788732392,52.816901408450704,50,2.8169014084507045
E00054626,127,67,18,49,60,58,2,52.75590551181102,14.173228346456693,38.582677165354326,47.24409448818898,45.66929133858268,1.574803149606299
E00054628,167,91,41,50,76,71,5,54.49101796407185,24.550898203592812,29.94011976047904,45.50898203592814,42.51497005988024,2.9940119760479043
E00054629,118,58,18,40,60,59,1,49.152542372881356,15.254237288135593,33.89830508474576,50.847457627118644,50,0.847457627118644
E00054631,187,99,25,74,88,83,5,52.94117647058824,13.368983957219251,39.57219251336899,47.05882352941176,44.38502673796791,2.6737967914438503
E00054632,169,73,26,47,96,91,5,43.19526627218935,15.384615384615385,27.810650887573964,56.80473372781065,53.84615384615385,2.9585798816568047
E00054633,153,70,19,51,83,68,15,45.751633986928105,12.418300653594772,33.33333333333333,54.248366013071895,44.44444444444444,9.803921568627452
E00054636,131,55,19,36,76,73,3,41.98473282442748,14.50381679389313,27.480916030534353,58.01526717557252,55.72519083969466,2.2900763358778624
E00054637,134,56,14,42,78,68,10,41.7910447761194,10.44776119402985,31.343283582089555,58.2089552238806,50.74626865671642,7.462686567164178
E00054638,162,77,30,47,85,82,3,47.53086419753087,18.51851851851852,29.01234567901235,52.46913580246913,50.617283950617285,1.8518518518518516
E00054640,160,76,24,52,84,80,4,47.5,15,32.5,52.5,50,2.5
E00054641,108,47,11,36,61,56,5,43.51851851851852,10.185185185185185,33.33333333333333,56.481481481481474,51.85185185185185,4.62962962962963
E00054642,137,69,28,41,68,62,6,50.36496350364964,20.437956204379564,29.927007299270077,49.63503649635037,45.25547445255474,4.37956204379562
E00054643,138,59,18,41,79,73,6,42.7536231884058,13.043478260869565,29.71014492753623,57.2463768115942,52.89855072463768,4.3478260869565215
E00054644,85,44,18,26,41,41,0,51.76470588235295,21.176470588235293,30.58823529411765,48.23529411764706,48.23529411764706,0
E00054645,88,39,18,21,49,45,4,44.31818181818182,20.454545454545457,23.863636363636363,55.68181818181818,51.13636363636363,4.545454545454546
E00054646,124,58,13,45,66,56,10,46.774193548387096,10.483870967741936,36.29032258064516,53.2258064516129,45.16129032258064,8.064516129032258
E00054647,164,68,12,56,96,90,6,41.46341463414634,7.317073170731707,34.146341463414636,58.536585365853654,54.87804878048781,3.6585365853658534
E00054648,185,90,29,61,95,94,1,48.64864864864865,15.675675675675677,32.972972972972975,51.35135135135135,50.810810810810814,0.5405405405405406
E00054649,192,110,35,75,82,74,8,57.291666666666664,18.229166666666664,39.0625,42.70833333333333,38.54166666666667,4.166666666666666
E00054650,156,87,21,66,69,69,0,55.769230769230774,13.461538461538462,42.30769230769231,44.230769230769226,44.230769230769226,0
E00054652,102,39,12,27,63,57,6,38.23529411764706,11.76470588235294,26.47058823529412,61.76470588235294,55.88235294117647,5.88235294117647
E00054653,160,69,19,50,91,88,3,43.125,11.875,31.25,56.875,55.00000000000001,1.875
E00054654,140,56,14,42,84,79,5,40,10,30,60,56.42857142857143,3.571428571428571
E00054660,133,36,10,26,97,87,10,27.06766917293233,7.518796992481203,19.548872180451127,72.93233082706767,65.41353383458647,7.518796992481203
E00054661,151,62,10,52,89,79,10,41.05960264900662,6.622516556291391,34.437086092715234,58.94039735099338,52.317880794701985,6.622516556291391
E00054662,151,39,11,28,112,101,11,25.82781456953642,7.28476821192053,18.543046357615893,74.17218543046357,66.88741721854305,7.28476821192053
E00054663,118,42,12,30,76,71,5,35.59322033898305,10.16949152542373,25.423728813559322,64.40677966101694,60.16949152542372,4.23728813559322
E00054664,111,31,10,21,80,73,7,27.927927927927925,9.00900900900901,18.91891891891892,72.07207207207207,65.76576576576578,6.306306306306306
E00054665,123,41,11,30,82,71,11,33.33333333333333,8.94308943089431,24.390243902439025,66.66666666666666,57.72357723577236,8.94308943089431
E00054666,136,41,11,30,95,91,4,30.14705882352941,8.088235294117647,22.058823529411764,69.85294117647058,66.91176470588235,2.941176470588235
E00054667,136,51,12,39,85,78,7,37.5,8.823529411764707,28.676470588235293,62.5,57.35294117647059,5.147058823529411
E00054668,150,43,5,38,107,95,12,28.666666666666668,3.3333333333333335,25.333333333333336,71.33333333333334,63.33333333333333,8
E00054669,121,33,10,23,88,79,9,27.27272727272727,8.264462809917356,19.00826446280992,72.72727272727273,65.28925619834712,7.43801652892562
E00054670,162,40,10,30,122,111,11,24.691358024691358,6.172839506172839,18.51851851851852,75.30864197530865,68.51851851851852,6.790123456790123
E00054671,160,39,9,30,121,112,9,24.375,5.625,18.75,75.625,70,5.625
E00054672,126,33,12,21,93,82,11,26.190476190476193,9.523809523809524,16.666666666666664,73.80952380952381,65.07936507936508,8.73015873015873
E00054673,116,38,8,30,78,71,7,32.758620689655174,6.896551724137931,25.862068965517242,67.24137931034483,61.206896551724135,6.0344827586206895
E00054674,178,86,23,63,92,86,6,48.31460674157304,12.921348314606742,35.39325842696629,51.68539325842697,48.31460674157304,3.3707865168539324
E00054675,105,31,10,21,74,68,6,29.523809523809526,9.523809523809524,20,70.47619047619048,64.76190476190476,5.714285714285714
E00054676,149,53,12,41,96,87,9,35.57046979865772,8.053691275167784,27.516778523489933,64.42953020134227,58.38926174496645,6.0402684563758395
E00054677,108,37,5,32,71,71,0,34.25925925925926,4.62962962962963,29.629629629629626,65.74074074074075,65.74074074074075,0
E00054678,139,62,11,51,77,72,5,44.60431654676259,7.913669064748201,36.69064748201439,55.39568345323741,51.798561151079134,3.5971223021582732
E00054679,170,65,19,46,105,97,8,38.23529411764706,11.176470588235295,27.058823529411764,61.76470588235294,57.05882352941176,4.705882352941177
E00054680,154,59,15,44,95,90,5,38.311688311688314,9.740259740259742,28.57142857142857,61.68831168831169,58.44155844155844,3.2467532467532463
E00054681,154,48,13,35,106,97,9,31.16883116883117,8.441558441558442,22.727272727272727,68.83116883116884,62.98701298701299,5.844155844155844
E00054682,144,36,9,27,108,98,10,25,6.25,18.75,75,68.05555555555556,6.944444444444445
E00054684,133,48,12,36,85,76,9,36.09022556390977,9.022556390977442,27.06766917293233,63.90977443609023,57.14285714285714,6.7669172932330826
E00054685,170,51,16,35,119,107,12,30,9.411764705882353,20.588235294117645,70,62.94117647058823,7.0588235294117645
E00054686,183,60,14,46,123,112,11,32.78688524590164,7.650273224043716,25.136612021857925,67.21311475409836,61.20218579234973,6.0109289617486334
E00054687,123,44,9,35,79,72,7,35.77235772357724,7.317073170731707,28.455284552845526,64.22764227642277,58.536585365853654,5.691056910569105
E00054689,134,47,9,38,87,78,9,35.07462686567165,6.7164179104477615,28.35820895522388,64.92537313432835,58.2089552238806,6.7164179104477615
E00054690,129,47,13,34,82,74,8,36.434108527131784,10.077519379844961,26.356589147286826,63.565891472868216,57.36434108527132,6.2015503875969
E00054691,127,38,9,29,89,81,8,29.92125984251969,7.086614173228346,22.83464566929134,70.07874015748031,63.77952755905512,6.299212598425196
E00054692,147,56,9,47,91,82,9,38.095238095238095,6.122448979591836,31.97278911564626,61.904761904761905,55.78231292517006,6.122448979591836
E00054693,134,37,9,28,97,86,11,27.611940298507463,6.7164179104477615,20.8955223880597,72.38805970149254,64.17910447761194,8.208955223880597
E00054694,121,25,6,19,96,88,8,20.66115702479339,4.958677685950414,15.702479338842975,79.33884297520662,72.72727272727273,6.6115702479338845
E00054695,137,45,10,35,92,79,13,32.846715328467155,7.2992700729927,25.547445255474454,67.15328467153284,57.66423357664233,9.48905109489051
E00054696,138,32,4,28,106,91,15,23.18840579710145,2.898550724637681,20.28985507246377,76.81159420289855,65.94202898550725,10.869565217391305
E00054697,90,24,5,19,66,56,10,26.666666666666668,5.555555555555555,21.11111111111111,73.33333333333333,62.22222222222222,11.11111111111111
E00054698,119,35,11,24,84,73,11,29.411764705882355,9.243697478991598,20.168067226890756,70.58823529411765,61.34453781512605,9.243697478991598
E00054699,137,47,12,35,90,81,9,34.306569343065696,8.75912408759124,25.547445255474454,65.69343065693431,59.12408759124088,6.569343065693431
E00054700,221,71,25,46,150,130,20,32.126696832579185,11.312217194570136,20.81447963800905,67.87330316742081,58.82352941176471,9.049773755656108
E00054701,106,39,10,29,67,67,0,36.79245283018868,9.433962264150944,27.358490566037734,63.20754716981132,63.20754716981132,0
E00054702,163,55,13,42,108,96,12,33.74233128834356,7.975460122699387,25.766871165644172,66.25766871165644,58.895705521472394,7.361963190184049
E00054703,178,62,17,45,116,96,20,34.831460674157306,9.550561797752808,25.280898876404496,65.1685393258427,53.93258426966292,11.235955056179774
E00054704,174,51,14,37,123,90,33,29.310344827586203,8.045977011494253,21.26436781609195,70.6896551724138,51.724137931034484,18.96551724137931
E00054705,176,40,22,18,136,113,23,22.727272727272727,12.5,10.227272727272728,77.27272727272727,64.20454545454545,13.068181818181818
E00054706,135,34,15,19,101,90,11,25.185185185185183,11.11111111111111,14.074074074074074,74.81481481481481,66.66666666666666,8.148148148148149
E00054707,130,48,20,28,82,65,17,36.92307692307693,15.384615384615385,21.53846153846154,63.07692307692307,50,13.076923076923078
E00054708,157,53,13,40,104,89,15,33.75796178343949,8.280254777070063,25.477707006369428,66.2420382165605,56.68789808917197,9.554140127388536
E00054709,192,48,20,28,144,125,19,25,10.416666666666668,14.583333333333334,75,65.10416666666666,9.895833333333332
E00054710,148,46,15,31,102,91,11,31.08108108108108,10.135135135135135,20.945945945945947,68.91891891891892,61.48648648648649,7.4324324324324325
E00054711,113,44,14,30,69,58,11,38.93805309734513,12.389380530973451,26.548672566371685,61.06194690265486,51.32743362831859,9.734513274336283
E00054712,154,49,18,31,105,99,6,31.818181818181817,11.688311688311687,20.12987012987013,68.18181818181817,64.28571428571429,3.896103896103896
E00054713,160,53,17,36,107,88,19,33.125,10.625,22.5,66.875,55.00000000000001,11.875
E00054714,164,44,17,27,120,99,21,26.82926829268293,10.365853658536585,16.463414634146343,73.17073170731707,60.36585365853659,12.804878048780488
E00054715,123,42,11,31,81,71,10,34.146341463414636,8.94308943089431,25.203252032520325,65.85365853658537,57.72357723577236,8.130081300813007
E00054716,166,48,12,36,118,107,11,28.915662650602407,7.228915662650602,21.686746987951807,71.08433734939759,64.45783132530121,6.626506024096386
E00054717,131,48,19,29,83,63,20,36.6412213740458,14.50381679389313,22.137404580152673,63.358778625954194,48.091603053435115,15.267175572519085
E00054718,105,36,17,19,69,59,10,34.285714285714285,16.19047619047619,18.095238095238095,65.71428571428571,56.19047619047619,9.523809523809524
E00054719,181,47,12,35,134,106,28,25.96685082872928,6.629834254143646,19.337016574585636,74.03314917127072,58.5635359116022,15.469613259668508
E00054720,115,37,16,21,78,63,15,32.17391304347826,13.91304347826087,18.26086956521739,67.82608695652173,54.78260869565217,13.043478260869565
E00054721,146,44,13,31,102,94,8,30.136986301369863,8.904109589041095,21.232876712328768,69.86301369863014,64.38356164383562,5.47945205479452
E00054722,137,35,13,22,102,88,14,25.547445255474454,9.48905109489051,16.05839416058394,74.45255474452554,64.23357664233576,10.218978102189782
E00054723,90,30,12,18,60,56,4,33.33333333333333,13.333333333333334,20,66.66666666666666,62.22222222222222,4.444444444444445
E00054724,122,41,10,31,81,66,15,33.60655737704918,8.19672131147541,25.40983606557377,66.39344262295081,54.09836065573771,12.295081967213115
E00054725,127,42,16,26,85,71,14,33.07086614173229,12.598425196850393,20.47244094488189,66.92913385826772,55.90551181102362,11.023622047244094
E00054726,176,54,17,37,122,102,20,30.681818181818183,9.659090909090908,21.022727272727273,69.31818181818183,57.95454545454546,11.363636363636363
E00054727,154,50,15,35,104,96,8,32.467532467532465,9.740259740259742,22.727272727272727,67.53246753246754,62.33766233766234,5.194805194805195
E00054728,261,89,28,61,172,129,43,34.099616858237546,10.727969348659004,23.371647509578544,65.90038314176245,49.42528735632184,16.47509578544061
E00054729,185,66,29,37,119,92,27,35.67567567567568,15.675675675675677,20,64.32432432432432,49.72972972972973,14.594594594594595
E00054730,153,41,10,31,112,94,18,26.797385620915033,6.535947712418301,20.26143790849673,73.20261437908496,61.43790849673203,11.76470588235294
E00054731,75,27,7,20,48,45,3,36,9.333333333333334,26.666666666666668,64,60,4
E00054732,115,36,13,23,79,69,10,31.30434782608696,11.304347826086957,20,68.69565217391305,60,8.695652173913043
E00054733,237,74,28,46,163,138,25,31.223628691983123,11.814345991561181,19.40928270042194,68.77637130801688,58.22784810126582,10.548523206751055
E00054734,278,91,17,74,187,167,20,32.73381294964029,6.115107913669065,26.618705035971225,67.26618705035972,60.07194244604317,7.1942446043165464
E00054735,144,41,8,33,103,85,18,28.47222222222222,5.555555555555555,22.916666666666664,71.52777777777779,59.02777777777778,12.5
E00054736,137,33,12,21,104,90,14,24.087591240875913,8.75912408759124,15.328467153284672,75.91240875912408,65.69343065693431,10.218978102189782
E00054737,96,31,3,28,65,56,9,32.29166666666667,3.125,29.166666666666668,67.70833333333334,58.333333333333336,9.375
E00054738,66,23,6,17,43,37,6,34.84848484848485,9.090909090909092,25.757575757575758,65.15151515151516,56.060606060606055,9.090909090909092
E00054739,144,45,10,35,99,83,16,31.25,6.944444444444445,24.305555555555554,68.75,57.638888888888886,11.11111111111111
E00054740,282,74,23,51,208,173,35,26.24113475177305,8.156028368794328,18.085106382978726,73.75886524822694,61.347517730496456,12.411347517730496
E00054741,116,22,5,17,94,78,16,18.96551724137931,4.310344827586207,14.655172413793101,81.03448275862068,67.24137931034483,13.793103448275861
E00054742,157,49,18,31,108,95,13,31.210191082802545,11.464968152866243,19.745222929936308,68.78980891719745,60.509554140127385,8.280254777070063
E00054743,254,92,32,60,162,128,34,36.22047244094488,12.598425196850393,23.62204724409449,63.77952755905512,50.39370078740157,13.385826771653544
E00054744,138,41,9,32,97,86,11,29.71014492753623,6.521739130434782,23.18840579710145,70.28985507246377,62.31884057971014,7.971014492753622
E00054745,164,41,12,29,123,105,18,25,7.317073170731707,17.682926829268293,75,64.02439024390245,10.975609756097562
E00054746,99,29,7,22,70,60,10,29.292929292929294,7.07070707070707,22.22222222222222,70.70707070707071,60.60606060606061,10.1010101010101
E00054747,121,42,19,23,79,71,8,34.710743801652896,15.702479338842975,19.00826446280992,65.28925619834712,58.67768595041323,6.6115702479338845
E00054748,117,32,9,23,85,70,15,27.350427350427353,7.6923076923076925,19.65811965811966,72.64957264957265,59.82905982905983,12.82051282051282
E00054749,150,46,15,31,104,91,13,30.666666666666664,10,20.666666666666668,69.33333333333334,60.66666666666667,8.666666666666668
E00054750,64,19,4,15,45,37,8,29.6875,6.25,23.4375,70.3125,57.8125,12.5
E00054751,142,40,13,27,102,90,12,28.169014084507044,9.15492957746479,19.014084507042252,71.83098591549296,63.38028169014085,8.450704225352112
E00054752,56,17,9,8,39,27,12,30.357142857142854,16.071428571428573,14.285714285714285,69.64285714285714,48.214285714285715,21.428571428571427
E00054753,170,59,19,40,111,94,17,34.705882352941174,11.176470588235295,23.52941176470588,65.29411764705883,55.294117647058826,10
E00054754,200,56,8,48,144,132,12,28.000000000000004,4,24,72,66,6
E00054755,214,63,15,48,151,127,24,29.439252336448597,7.009345794392523,22.429906542056074,70.56074766355141,59.345794392523366,11.214953271028037
E00054756,136,40,12,28,96,83,13,29.411764705882355,8.823529411764707,20.588235294117645,70.58823529411765,61.029411764705884,9.558823529411764
E00054757,160,44,12,32,116,102,14,27.500000000000004,7.5,20,72.5,63.74999999999999,8.75
E00054758,163,45,6,39,118,100,18,27.607361963190186,3.6809815950920246,23.92638036809816,72.39263803680981,61.34969325153374,11.042944785276074
E00054759,208,60,13,47,148,136,12,28.846153846153843,6.25,22.596153846153847,71.15384615384616,65.38461538461539,5.769230769230769
E00054760,279,68,14,54,211,189,22,24.372759856630825,5.017921146953405,19.35483870967742,75.62724014336918,67.74193548387096,7.885304659498208
E00054761,161,56,16,40,105,96,9,34.78260869565217,9.937888198757763,24.84472049689441,65.21739130434783,59.62732919254658,5.590062111801243
E00054762,131,32,11,21,99,90,9,24.427480916030532,8.396946564885496,16.030534351145036,75.57251908396947,68.70229007633588,6.870229007633588
E00054763,204,54,14,40,150,133,17,26.47058823529412,6.862745098039216,19.607843137254903,73.52941176470588,65.19607843137256,8.333333333333332
E00054764,133,26,5,21,107,95,12,19.548872180451127,3.7593984962406015,15.789473684210526,80.45112781954887,71.42857142857143,9.022556390977442
E00054765,113,38,5,33,75,58,17,33.6283185840708,4.424778761061947,29.20353982300885,66.3716814159292,51.32743362831859,15.04424778761062
E00054766,163,50,8,42,113,99,14,30.67484662576687,4.9079754601226995,25.766871165644172,69.32515337423312,60.73619631901841,8.588957055214724
E00054767,171,45,11,34,126,115,11,26.31578947368421,6.432748538011696,19.883040935672515,73.68421052631578,67.2514619883041,6.432748538011696
E00054768,326,70,21,49,256,220,36,21.472392638036812,6.441717791411043,15.030674846625766,78.52760736196319,67.48466257668711,11.042944785276074
E00054769,123,34,8,26,89,79,10,27.64227642276423,6.504065040650407,21.138211382113823,72.35772357723577,64.22764227642277,8.130081300813007
E00054770,176,42,12,30,134,111,23,23.863636363636363,6.8181818181818175,17.045454545454543,76.13636363636364,63.06818181818182,13.068181818181818
E00054771,109,33,7,26,76,65,11,30.275229357798167,6.422018348623854,23.853211009174313,69.72477064220183,59.63302752293578,10.091743119266056
E00054772,97,29,8,21,68,63,5,29.896907216494846,8.24742268041237,21.649484536082475,70.10309278350515,64.94845360824742,5.154639175257731
E00054773,156,59,23,36,97,86,11,37.82051282051282,14.743589743589745,23.076923076923077,62.17948717948718,55.12820512820513,7.051282051282051
E00054774,104,26,7,19,78,64,14,25,6.730769230769231,18.269230769230766,75,61.53846153846154,13.461538461538462
E00054775,175,56,18,38,119,108,11,32,10.285714285714285,21.714285714285715,68,61.71428571428571,6.2857142857142865
E00054776,116,36,13,23,80,72,8,31.03448275862069,11.206896551724139,19.82758620689655,68.96551724137932,62.06896551724138,6.896551724137931
E00054777,135,43,16,27,92,83,9,31.851851851851855,11.851851851851853,20,68.14814814814815,61.48148148148148,6.666666666666667
E00054778,137,35,12,23,102,84,18,25.547445255474454,8.75912408759124,16.78832116788321,74.45255474452554,61.31386861313869,13.138686131386862
E00054779,126,33,12,21,93,86,7,26.190476190476193,9.523809523809524,16.666666666666664,73.80952380952381,68.25396825396825,5.555555555555555
E00054780,88,19,5,14,69,60,9,21.59090909090909,5.681818181818182,15.909090909090908,78.4090909090909,68.18181818181817,10.227272727272728
E00054781,151,36,9,27,115,96,19,23.841059602649008,5.960264900662252,17.880794701986755,76.15894039735099,63.576158940397356,12.582781456953644
E00054782,153,44,15,29,109,92,17,28.75816993464052,9.803921568627452,18.954248366013072,71.24183006535948,60.130718954248366,11.11111111111111
E00054783,95,28,6,22,67,60,7,29.47368421052631,6.315789473684211,23.157894736842106,70.52631578947368,63.1578947368421,7.368421052631578
E00054784,221,61,19,42,160,140,20,27.601809954751133,8.597285067873303,19.004524886877828,72.39819004524887,63.348416289592755,9.049773755656108
E00054785,106,30,4,26,76,70,6,28.30188679245283,3.7735849056603774,24.528301886792452,71.69811320754717,66.0377358490566,5.660377358490567
E00054786,150,30,11,19,120,108,12,20,7.333333333333333,12.666666666666668,80,72,8
E00054787,142,26,9,17,116,100,16,18.30985915492958,6.338028169014084,11.971830985915492,81.69014084507043,70.4225352112676,11.267605633802818
E00054788,85,35,10,25,50,50,0,41.17647058823529,11.76470588235294,29.411764705882355,58.82352941176471,58.82352941176471,0
E00054789,196,62,15,47,134,120,14,31.63265306122449,7.653061224489796,23.97959183673469,68.36734693877551,61.224489795918366,7.142857142857142
E00054790,153,37,12,25,116,101,15,24.183006535947712,7.8431372549019605,16.33986928104575,75.81699346405229,66.01307189542483,9.803921568627452
E00054791,201,53,13,40,148,130,18,26.368159203980102,6.467661691542288,19.900497512437813,73.6318407960199,64.6766169154229,8.955223880597014
E00054792,144,30,12,18,114,98,16,20.833333333333336,8.333333333333332,12.5,79.16666666666666,68.05555555555556,11.11111111111111
E00054793,126,39,7,32,87,80,7,30.952380952380953,5.555555555555555,25.396825396825395,69.04761904761905,63.49206349206349,5.555555555555555
E00054794,123,31,5,26,92,77,15,25.203252032520325,4.0650406504065035,21.138211382113823,74.79674796747967,62.601626016260155,12.195121951219512
E00054795,126,28,6,22,98,91,7,22.22222222222222,4.761904761904762,17.46031746031746,77.77777777777779,72.22222222222221,5.555555555555555
E00054796,179,45,10,35,134,121,13,25.139664804469277,5.58659217877095,19.553072625698324,74.86033519553072,67.59776536312849,7.262569832402235
E00054797,193,47,15,32,146,127,19,24.352331606217618,7.772020725388601,16.580310880829018,75.64766839378238,65.80310880829016,9.844559585492227
E00054798,119,48,12,36,71,67,4,40.33613445378151,10.084033613445378,30.252100840336134,59.66386554621849,56.30252100840336,3.361344537815126
E00054799,132,22,8,14,110,95,15,16.666666666666664,6.0606060606060606,10.606060606060606,83.33333333333334,71.96969696969697,11.363636363636363
E00054800,97,28,8,20,69,60,9,28.865979381443296,8.24742268041237,20.618556701030926,71.1340206185567,61.855670103092784,9.278350515463918
E00054801,124,41,19,22,83,70,13,33.064516129032256,15.32258064516129,17.741935483870968,66.93548387096774,56.451612903225815,10.483870967741936
E00054802,134,45,17,28,89,79,10,33.582089552238806,12.686567164179104,20.8955223880597,66.4179104477612,58.95522388059702,7.462686567164178
E00054803,103,23,7,16,80,73,7,22.330097087378643,6.796116504854369,15.53398058252427,77.66990291262135,70.87378640776699,6.796116504854369
E00054804,66,24,5,19,42,41,1,36.36363636363637,7.575757575757576,28.78787878787879,63.63636363636363,62.121212121212125,1.5151515151515151
E00054805,126,30,10,20,96,91,5,23.809523809523807,7.936507936507936,15.873015873015872,76.19047619047619,72.22222222222221,3.968253968253968
E00054806,164,34,11,23,130,117,13,20.73170731707317,6.707317073170732,14.02439024390244,79.26829268292683,71.34146341463415,7.926829268292683
E00054807,168,46,13,33,122,105,17,27.380952380952383,7.738095238095238,19.642857142857142,72.61904761904762,62.5,10.119047619047619
E00054808,115,28,9,19,87,82,5,24.347826086956523,7.82608695652174,16.52173913043478,75.65217391304347,71.30434782608695,4.3478260869565215
E00054809,158,41,15,26,117,102,15,25.949367088607595,9.49367088607595,16.455696202531644,74.0506329113924,64.55696202531645,9.49367088607595
E00176094,96,28,7,21,68,63,5,29.166666666666668,7.291666666666667,21.875,70.83333333333334,65.625,5.208333333333334
E00176095,85,17,7,10,68,64,4,20,8.235294117647058,11.76470588235294,80,75.29411764705883,4.705882352941177
E00176096,167,36,12,24,131,116,15,21.55688622754491,7.18562874251497,14.37125748502994,78.44311377245509,69.46107784431138,8.982035928143713
E00176097,261,78,31,47,183,169,14,29.88505747126437,11.877394636015326,18.007662835249043,70.11494252873564,64.75095785440614,5.363984674329502
E00176098,119,44,16,28,75,67,8,36.97478991596639,13.445378151260504,23.52941176470588,63.02521008403361,56.30252100840336,6.722689075630252
E00176099,169,24,6,18,145,132,13,14.201183431952662,3.5502958579881656,10.650887573964498,85.79881656804734,78.10650887573965,7.6923076923076925
E00176100,169,21,7,14,148,137,11,12.42603550295858,4.142011834319527,8.284023668639055,87.57396449704143,81.06508875739645,6.508875739644971
E00176101,96,18,8,10,78,71,7,18.75,8.333333333333332,10.416666666666668,81.25,73.95833333333334,7.291666666666667
E00176102,113,44,11,33,69,58,11,38.93805309734513,9.734513274336283,29.20353982300885,61.06194690265486,51.32743362831859,9.734513274336283
E00176103,59,34,7,27,25,25,0,57.6271186440678,11.864406779661017,45.76271186440678,42.3728813559322,42.3728813559322,0
E00176104,153,45,14,31,108,95,13,29.411764705882355,9.15032679738562,20.26143790849673,70.58823529411765,62.091503267973856,8.49673202614379
E00176107,120,28,9,19,92,84,8,23.333333333333332,7.5,15.833333333333332,76.66666666666667,70,6.666666666666667
E00176108,104,23,5,18,81,66,15,22.115384615384613,4.807692307692308,17.307692307692307,77.88461538461539,63.46153846153846,14.423076923076922
E00176109,143,38,12,26,105,94,11,26.573426573426573,8.391608391608392,18.181818181818183,73.42657342657343,65.73426573426573,7.6923076923076925
E00176111,144,15,5,10,129,114,15,10.416666666666668,3.4722222222222223,6.944444444444445,89.58333333333334,79.16666666666666,10.416666666666668
E00176112,161,77,46,31,84,81,3,47.82608695652174,28.57142857142857,19.25465838509317,52.17391304347826,50.31055900621118,1.8633540372670807
E00176113,79,33,11,22,46,41,5,41.77215189873418,13.924050632911392,27.848101265822784,58.22784810126582,51.89873417721519,6.329113924050633
E00176114,113,52,15,37,61,61,0,46.017699115044245,13.274336283185843,32.743362831858406,53.98230088495575,53.98230088495575,0
E00176116,72,32,10,22,40,33,7,44.44444444444444,13.88888888888889,30.555555555555557,55.55555555555556,45.83333333333333,9.722222222222223
E00176117,147,71,19,52,76,75,1,48.29931972789115,12.925170068027212,35.374149659863946,51.70068027210885,51.02040816326531,0.6802721088435374
E00176118,142,70,21,49,72,64,8,49.29577464788733,14.788732394366196,34.50704225352113,50.70422535211267,45.07042253521127,5.633802816901409
E00176119,71,37,8,29,34,33,1,52.112676056338024,11.267605633802818,40.845070422535215,47.88732394366197,46.478873239436616,1.4084507042253522
E00176120,62,34,15,19,28,24,4,54.83870967741935,24.193548387096776,30.64516129032258,45.16129032258064,38.70967741935484,6.451612903225806
E00176121,167,79,27,52,88,80,8,47.30538922155689,16.16766467065868,31.137724550898206,52.69461077844312,47.90419161676647,4.790419161676647
E00176122,190,48,26,22,142,135,7,25.263157894736842,13.684210526315791,11.578947368421053,74.73684210526315,71.05263157894737,3.684210526315789
E00176123,147,38,18,20,109,101,8,25.850340136054424,12.244897959183673,13.60544217687075,74.14965986394559,68.70748299319727,5.442176870748299
E00176125,83,33,14,19,50,49,1,39.75903614457831,16.867469879518072,22.89156626506024,60.24096385542169,59.036144578313255,1.2048192771084338
E00176126,96,39,16,23,57,56,1,40.625,16.666666666666664,23.958333333333336,59.375,58.333333333333336,1.0416666666666665
E00176127,136,63,13,50,73,72,1,46.32352941176471,9.558823529411764,36.76470588235294,53.67647058823529,52.94117647058824,0.7352941176470588
E00176128,139,58,14,44,81,74,7,41.726618705035975,10.071942446043165,31.654676258992804,58.27338129496403,53.23741007194245,5.0359712230215825
E00176129,75,29,9,20,46,44,2,38.666666666666664,12,26.666666666666668,61.33333333333333,58.666666666666664,2.666666666666667
E00176131,71,24,4,20,47,47,0,33.80281690140845,5.633802816901409,28.169014084507044,66.19718309859155,66.19718309859155,0
E00176132,78,36,16,20,42,42,0,46.15384615384615,20.51282051282051,25.64102564102564,53.84615384615385,53.84615384615385,0
E00176133,116,48,12,36,68,60,8,41.37931034482759,10.344827586206897,31.03448275862069,58.620689655172406,51.724137931034484,6.896551724137931
E00176134,144,57,19,38,87,79,8,39.58333333333333,13.194444444444445,26.38888888888889,60.416666666666664,54.861111111111114,5.555555555555555
E00176135,146,40,8,32,106,90,16,27.397260273972602,5.47945205479452,21.91780821917808,72.6027397260274,61.64383561643836,10.95890410958904
E00176136,48,27,8,19,21,18,3,56.25,16.666666666666664,39.58333333333333,43.75,37.5,6.25
E00176137,139,23,6,17,116,109,7,16.546762589928058,4.316546762589928,12.23021582733813,83.45323741007195,78.41726618705036,5.0359712230215825
E00176139,179,38,9,29,141,132,9,21.22905027932961,5.027932960893855,16.201117318435752,78.77094972067039,73.74301675977654,5.027932960893855
E00176140,186,53,24,29,133,117,16,28.49462365591398,12.903225806451612,15.591397849462366,71.50537634408603,62.903225806451616,8.60215053763441
E00176141,82,28,10,18,54,49,5,34.146341463414636,12.195121951219512,21.951219512195124,65.85365853658537,59.756097560975604,6.097560975609756
E00176142,67,27,11,16,40,31,9,40.298507462686565,16.417910447761194,23.88059701492537,59.70149253731343,46.26865671641791,13.432835820895523
E00176143,145,63,16,47,82,77,5,43.44827586206896,11.03448275862069,32.41379310344827,56.55172413793104,53.103448275862064,3.4482758620689653
E00176144,56,27,7,20,29,29,0,48.214285714285715,12.5,35.714285714285715,51.78571428571429,51.78571428571429,0
E00176145,165,94,30,64,71,62,9,56.96969696969697,18.181818181818183,38.78787878787879,43.03030303030303,37.57575757575757,5.454545454545454
E00176146,143,14,4,10,129,112,17,9.79020979020979,2.797202797202797,6.993006993006993,90.20979020979021,78.32167832167832,11.888111888111888
E00176147,85,32,14,18,53,53,0,37.64705882352941,16.470588235294116,21.176470588235293,62.35294117647059,62.35294117647059,0
E00176148,244,78,18,60,166,151,15,31.967213114754102,7.377049180327869,24.59016393442623,68.0327868852459,61.885245901639344,6.147540983606557
E00176149,133,56,23,33,77,69,8,42.10526315789473,17.293233082706767,24.81203007518797,57.89473684210527,51.8796992481203,6.015037593984962
E00176150,146,83,36,47,63,59,4,56.849315068493155,24.65753424657534,32.19178082191781,43.15068493150685,40.41095890410959,2.73972602739726
E00176151,103,50,21,29,53,49,4,48.54368932038835,20.388349514563107,28.155339805825243,51.45631067961165,47.57281553398058,3.8834951456310676
E00176155,228,49,13,36,179,151,28,21.49122807017544,5.701754385964912,15.789473684210526,78.50877192982456,66.22807017543859,12.280701754385964
E00176156,129,37,11,26,92,87,5,28.68217054263566,8.527131782945736,20.155038759689923,71.31782945736434,67.44186046511628,3.875968992248062
E00176157,179,82,18,64,97,96,1,45.81005586592179,10.05586592178771,35.754189944134076,54.18994413407822,53.63128491620112,0.5586592178770949
E00176158,79,24,8,16,55,50,5,30.37974683544304,10.126582278481013,20.253164556962027,69.62025316455697,63.29113924050633,6.329113924050633
E00176159,140,71,24,47,69,64,5,50.71428571428571,17.142857142857142,33.57142857142857,49.28571428571429,45.714285714285715,3.571428571428571
E00176160,105,46,9,37,59,59,0,43.80952380952381,8.571428571428571,35.23809523809524,56.19047619047619,56.19047619047619,0
E00176161,154,77,20,57,77,68,9,50,12.987012987012985,37.01298701298701,50,44.15584415584416,5.844155844155844
E00176162,117,34,8,26,83,81,2,29.059829059829063,6.837606837606838,22.22222222222222,70.94017094017094,69.23076923076923,1.7094017094017095
E00176163,161,45,20,25,116,94,22,27.95031055900621,12.422360248447205,15.527950310559005,72.04968944099379,58.38509316770186,13.664596273291925
E00176164,192,43,12,31,149,131,18,22.395833333333336,6.25,16.145833333333336,77.60416666666666,68.22916666666666,9.375
E00176166,108,23,7,16,85,80,5,21.296296296296298,6.481481481481481,14.814814814814813,78.70370370370371,74.07407407407408,4.62962962962963
E00176167,193,53,18,35,140,122,18,27.461139896373055,9.32642487046632,18.134715025906736,72.53886010362694,63.212435233160626,9.32642487046632
E00176168,132,62,24,38,70,64,6,46.96969696969697,18.181818181818183,28.78787878787879,53.03030303030303,48.484848484848484,4.545454545454546
E00176169,218,66,21,45,152,140,12,30.275229357798167,9.63302752293578,20.642201834862387,69.72477064220183,64.22018348623854,5.5045871559633035
E00176170,185,43,15,28,142,135,7,23.243243243243246,8.108108108108109,15.135135135135137,76.75675675675676,72.97297297297297,3.783783783783784
E00176171,179,46,5,41,133,115,18,25.69832402234637,2.793296089385475,22.905027932960895,74.30167597765363,64.24581005586593,10.05586592178771
E00176172,115,54,18,36,61,50,11,46.95652173913044,15.65217391304348,31.30434782608696,53.04347826086957,43.47826086956522,9.565217391304348
E00176173,102,49,14,35,53,53,0,48.03921568627451,13.725490196078432,34.31372549019608,51.9607843137255,51.9607843137255,0
E00176174,129,49,16,33,80,76,4,37.98449612403101,12.4031007751938,25.581395348837212,62.01550387596899,58.91472868217055,3.10077519379845
E00176175,155,39,7,32,116,107,9,25.161290322580644,4.516129032258064,20.64516129032258,74.83870967741936,69.03225806451613,5.806451612903226
E00176176,125,47,10,37,78,68,10,37.6,8,29.599999999999998,62.4,54.400000000000006,8
E00176177,148,28,4,24,120,111,9,18.91891891891892,2.7027027027027026,16.216216216216218,81.08108108108108,75,6.081081081081082
E00176178,169,46,11,35,123,107,16,27.218934911242602,6.508875739644971,20.710059171597635,72.7810650887574,63.31360946745562,9.467455621301776
E00176179,180,57,16,41,123,98,25,31.666666666666664,8.88888888888889,22.77777777777778,68.33333333333333,54.44444444444444,13.88888888888889
E00176180,193,40,14,26,153,136,17,20.72538860103627,7.253886010362693,13.471502590673575,79.27461139896373,70.46632124352331,8.808290155440414
E00176181,91,40,11,29,51,44,7,43.956043956043956,12.087912087912088,31.868131868131865,56.043956043956044,48.35164835164835,7.6923076923076925
E00176182,88,27,12,15,61,55,6,30.681818181818183,13.636363636363635,17.045454545454543,69.31818181818183,62.5,6.8181818181818175
E00176183,206,55,10,45,151,133,18,26.699029126213592,4.854368932038835,21.844660194174757,73.30097087378641,64.56310679611651,8.737864077669903
E00176184,122,54,20,34,68,66,2,44.26229508196721,16.39344262295082,27.86885245901639,55.73770491803278,54.09836065573771,1.639344262295082
E00176185,89,37,16,21,52,49,3,41.57303370786517,17.97752808988764,23.595505617977526,58.42696629213483,55.0561797752809,3.3707865168539324
E00176186,145,30,8,22,115,105,10,20.689655172413794,5.517241379310345,15.172413793103448,79.3103448275862,72.41379310344827,6.896551724137931
E00176187,143,45,16,29,98,89,9,31.46853146853147,11.188811188811188,20.27972027972028,68.53146853146853,62.23776223776224,6.293706293706294
E00176188,59,24,6,18,35,32,3,40.67796610169492,10.16949152542373,30.508474576271187,59.32203389830508,54.23728813559322,5.084745762711865
E00176189,141,50,10,40,91,77,14,35.46099290780142,7.092198581560284,28.368794326241137,64.53900709219859,54.60992907801418,9.929078014184398
E00176190,136,49,18,31,87,72,15,36.029411764705884,13.23529411764706,22.794117647058822,63.970588235294116,52.94117647058824,11.029411764705882
E00176192,119,53,19,34,66,64,2,44.537815126050425,15.966386554621847,28.57142857142857,55.46218487394958,53.78151260504202,1.680672268907563
E00176193,94,53,10,43,41,37,4,56.38297872340425,10.638297872340425,45.744680851063826,43.61702127659575,39.361702127659576,4.25531914893617
E00176194,93,23,6,17,70,65,5,24.731182795698924,6.451612903225806,18.27956989247312,75.26881720430107,69.89247311827957,5.376344086021505
E00176195,62,32,6,26,30,25,5,51.61290322580645,9.67741935483871,41.935483870967744,48.38709677419355,40.32258064516129,8.064516129032258
E00176196,173,87,23,64,86,79,7,50.28901734104046,13.294797687861271,36.99421965317919,49.71098265895954,45.664739884393065,4.046242774566474
E00176197,195,56,12,44,139,119,20,28.717948717948715,6.153846153846154,22.564102564102566,71.28205128205128,61.02564102564103,10.256410256410255
E00176198,206,52,17,35,154,142,12,25.24271844660194,8.25242718446602,16.990291262135923,74.75728155339806,68.93203883495146,5.825242718446602
E00176199,58,29,9,20,29,28,1,50,15.517241379310345,34.48275862068966,50,48.275862068965516,1.7241379310344827
E00176200,64,38,10,28,26,22,4,59.375,15.625,43.75,40.625,34.375,6.25
E00176201,97,28,7,21,69,57,12,28.865979381443296,7.216494845360824,21.649484536082475,71.1340206185567,58.76288659793815,12.371134020618557
E00176202,119,43,9,34,76,64,12,36.134453781512605,7.563025210084033,28.57142857142857,63.86554621848739,53.78151260504202,10.084033613445378
E00176203,129,48,15,33,81,57,24,37.2093023255814,11.627906976744185,25.581395348837212,62.7906976744186,44.18604651162791,18.6046511627907
E00176204,188,58,22,36,130,104,26,30.851063829787233,11.702127659574469,19.148936170212767,69.14893617021278,55.319148936170215,13.829787234042554
E00176205,112,43,21,22,69,48,21,38.392857142857146,18.75,19.642857142857142,61.60714285714286,42.857142857142854,18.75
E00176206,149,72,21,51,77,74,3,48.322147651006716,14.093959731543624,34.22818791946309,51.67785234899329,49.664429530201346,2.013422818791946
E00176207,141,80,34,46,61,57,4,56.73758865248227,24.113475177304963,32.62411347517731,43.262411347517734,40.42553191489361,2.8368794326241136
E00176208,52,23,6,17,29,28,1,44.230769230769226,11.538461538461538,32.69230769230769,55.769230769230774,53.84615384615385,1.9230769230769231
E00176209,67,22,4,18,45,39,6,32.83582089552239,5.970149253731343,26.865671641791046,67.16417910447761,58.2089552238806,8.955223880597014
E00176210,76,40,10,30,36,33,3,52.63157894736842,13.157894736842104,39.473684210526315,47.368421052631575,43.42105263157895,3.9473684210526314
E00176211,156,76,21,55,80,75,5,48.717948717948715,13.461538461538462,35.256410256410255,51.28205128205128,48.07692307692308,3.205128205128205
E00176212,166,47,17,30,119,99,20,28.313253012048197,10.240963855421686,18.072289156626507,71.6867469879518,59.63855421686747,12.048192771084338
E00176213,40,11,0,11,29,24,5,27.500000000000004,0,27.500000000000004,72.5,60,12.5
E00176214,228,67,26,41,161,142,19,29.385964912280706,11.403508771929824,17.982456140350877,70.6140350877193,62.28070175438597,8.333333333333332
E00176215,186,50,15,35,136,111,25,26.881720430107524,8.064516129032258,18.817204301075268,73.11827956989248,59.67741935483871,13.440860215053762
E00177751,203,63,25,38,140,122,18,31.03448275862069,12.31527093596059,18.7192118226601,68.96551724137932,60.09852216748769,8.866995073891626
E00177753,129,49,10,39,80,80,0,37.98449612403101,7.751937984496124,30.23255813953488,62.01550387596899,62.01550387596899,0
E00177754,141,50,24,26,91,73,18,35.46099290780142,17.02127659574468,18.439716312056735,64.53900709219859,51.77304964539007,12.76595744680851
E00177755,101,44,17,27,57,51,6,43.56435643564357,16.831683168316832,26.732673267326735,56.43564356435643,50.495049504950494,5.9405940594059405
E00177760,192,71,15,56,121,111,10,36.97916666666667,7.8125,29.166666666666668,63.020833333333336,57.8125,5.208333333333334
E00177761,222,98,23,75,124,115,9,44.14414414414414,10.36036036036036,33.78378378378378,55.85585585585585,51.80180180180181,4.054054054054054
E00177762,234,110,46,64,124,116,8,47.008547008547005,19.65811965811966,27.350427350427353,52.991452991452995,49.572649572649574,3.418803418803419
E00177764,96,51,15,36,45,44,1,53.125,15.625,37.5,46.875,45.83333333333333,1.0416666666666665
E00177765,102,45,11,34,57,51,6,44.11764705882353,10.784313725490197,33.33333333333333,55.88235294117647,50,5.88235294117647
E00177766,87,25,5,20,62,57,5,28.735632183908045,5.747126436781609,22.988505747126435,71.26436781609196,65.51724137931035,5.747126436781609
E00177767,179,48,17,31,131,113,18,26.81564245810056,9.497206703910614,17.318435754189945,73.18435754189943,63.128491620111724,10.05586592178771
E00177768,269,54,16,38,215,184,31,20.074349442379184,5.947955390334572,14.12639405204461,79.92565055762083,68.40148698884758,11.524163568773234
E00177769,140,84,60,24,56,52,4,60,42.857142857142854,17.142857142857142,40,37.142857142857146,2.857142857142857
E00177770,300,81,23,58,219,185,34,27,7.666666666666666,19.333333333333332,73,61.66666666666667,11.333333333333332
E00177771,73,16,9,7,57,55,2,21.91780821917808,12.32876712328767,9.58904109589041,78.08219178082192,75.34246575342466,2.73972602739726
E00177772,153,51,18,33,102,93,9,33.33333333333333,11.76470588235294,21.568627450980394,66.66666666666666,60.78431372549019,5.88235294117647
E00177773,252,69,13,56,183,176,7,27.380952380952383,5.158730158730158,22.22222222222222,72.61904761904762,69.84126984126983,2.7777777777777777
E00177774,192,40,11,29,152,131,21,20.833333333333336,5.729166666666666,15.104166666666666,79.16666666666666,68.22916666666666,10.9375
E00177775,178,80,27,53,98,85,13,44.9438202247191,15.168539325842698,29.775280898876407,55.0561797752809,47.752808988764045,7.303370786516854
E00177776,97,35,10,25,62,62,0,36.08247422680412,10.309278350515463,25.773195876288657,63.91752577319587,63.91752577319587,0
E00177777,176,36,16,20,140,135,5,20.454545454545457,9.090909090909092,11.363636363636363,79.54545454545455,76.70454545454545,2.840909090909091
E00177778,35,10,1,9,25,23,2,28.57142857142857,2.857142857142857,25.71428571428571,71.42857142857143,65.71428571428571,5.714285714285714
E00177779,105,46,14,32,59,59,0,43.80952380952381,13.333333333333334,30.476190476190478,56.19047619047619,56.19047619047619,0
E00177780,140,62,18,44,78,71,7,44.285714285714285,12.857142857142856,31.428571428571427,55.714285714285715,50.71428571428571,5
E00177781,124,40,14,26,84,65,19,32.25806451612903,11.29032258064516,20.967741935483872,67.74193548387096,52.41935483870967,15.32258064516129
E00177782,50,23,4,19,27,25,2,46,8,38,54,50,4
E00177783,71,23,8,15,48,46,2,32.3943661971831,11.267605633802818,21.12676056338028,67.6056338028169,64.7887323943662,2.8169014084507045
E00177784,71,34,11,23,37,36,1,47.88732394366197,15.492957746478872,32.3943661971831,52.112676056338024,50.70422535211267,1.4084507042253522
E00177785,131,26,9,17,105,94,11,19.84732824427481,6.870229007633588,12.977099236641221,80.1526717557252,71.7557251908397,8.396946564885496
E00177786,85,27,8,19,58,54,4,31.76470588235294,9.411764705882353,22.35294117647059,68.23529411764706,63.52941176470588,4.705882352941177
E00177787,122,24,10,14,98,87,11,19.672131147540984,8.19672131147541,11.475409836065573,80.32786885245902,71.31147540983606,9.01639344262295
E00177788,117,36,9,27,81,70,11,30.76923076923077,7.6923076923076925,23.076923076923077,69.23076923076923,59.82905982905983,9.401709401709402
E00177789,385,71,15,56,314,278,36,18.441558441558442,3.896103896103896,14.545454545454545,81.55844155844156,72.20779220779221,9.35064935064935
E00177790,121,42,13,29,79,73,6,34.710743801652896,10.743801652892563,23.96694214876033,65.28925619834712,60.33057851239669,4.958677685950414
E00177791,117,48,8,40,69,61,8,41.02564102564102,6.837606837606838,34.18803418803419,58.97435897435898,52.13675213675214,6.837606837606838
E00177792,152,28,10,18,124,108,16,18.421052631578945,6.578947368421052,11.842105263157894,81.57894736842105,71.05263157894737,10.526315789473683
E00177793,44,32,8,24,12,12,0,72.72727272727273,18.181818181818183,54.54545454545454,27.27272727272727,27.27272727272727,0
E00177794,313,77,18,59,236,201,35,24.600638977635782,5.7507987220447285,18.849840255591054,75.39936102236422,64.21725239616613,11.182108626198083
E00177795,59,18,5,13,41,36,5,30.508474576271187,8.47457627118644,22.033898305084744,69.49152542372882,61.016949152542374,8.47457627118644
E00177796,108,48,12,36,60,53,7,44.44444444444444,11.11111111111111,33.33333333333333,55.55555555555556,49.074074074074076,6.481481481481481
E00177797,117,62,21,41,55,52,3,52.991452991452995,17.94871794871795,35.04273504273504,47.008547008547005,44.44444444444444,2.564102564102564
E00177798,122,54,16,38,68,65,3,44.26229508196721,13.114754098360656,31.147540983606557,55.73770491803278,53.278688524590166,2.459016393442623
E00177799,135,37,14,23,98,90,8,27.40740740740741,10.37037037037037,17.037037037037038,72.5925925925926,66.66666666666666,5.9259259259259265
E00177800,79,31,7,24,48,44,4,39.24050632911392,8.860759493670885,30.37974683544304,60.75949367088608,55.69620253164557,5.063291139240507
E00177801,116,59,19,40,57,52,5,50.86206896551724,16.379310344827587,34.48275862068966,49.137931034482754,44.827586206896555,4.310344827586207
E00177802,57,10,0,10,47,40,7,17.543859649122805,0,17.543859649122805,82.45614035087719,70.17543859649122,12.280701754385964
E00177803,107,48,14,34,59,54,5,44.85981308411215,13.084112149532709,31.775700934579437,55.140186915887845,50.467289719626166,4.672897196261682
E00177804,77,20,6,14,57,56,1,25.97402597402597,7.792207792207792,18.181818181818183,74.02597402597402,72.72727272727273,1.2987012987012987
E00177805,239,64,19,45,175,162,13,26.778242677824267,7.949790794979079,18.828451882845187,73.22175732217573,67.78242677824268,5.439330543933055
E00177806,80,16,5,11,64,58,6,20,6.25,13.750000000000002,80,72.5,7.5
E00177807,173,43,11,32,130,109,21,24.85549132947977,6.358381502890173,18.497109826589593,75.14450867052022,63.005780346820806,12.138728323699421
E00177808,33,14,7,7,19,18,1,42.42424242424242,21.21212121212121,21.21212121212121,57.57575757575758,54.54545454545454,3.0303030303030303
E00177809,91,12,0,12,79,70,9,13.186813186813188,0,13.186813186813188,86.81318681318682,76.92307692307693,9.89010989010989
E00177810,78,23,9,14,55,49,6,29.48717948717949,11.538461538461538,17.94871794871795,70.51282051282051,62.82051282051282,7.6923076923076925
E00177811,180,41,16,25,139,121,18,22.77777777777778,8.88888888888889,13.88888888888889,77.22222222222223,67.22222222222223,10
E00177812,66,23,5,18,43,37,6,34.84848484848485,7.575757575757576,27.27272727272727,65.15151515151516,56.060606060606055,9.090909090909092
E00177813,51,26,8,18,25,21,4,50.98039215686274,15.686274509803921,35.294117647058826,49.01960784313725,41.17647058823529,7.8431372549019605
E00177814,76,13,4,9,63,56,7,17.105263157894736,5.263157894736842,11.842105263157894,82.89473684210526,73.68421052631578,9.210526315789473
E00177815,107,25,8,17,82,68,14,23.364485981308412,7.476635514018691,15.887850467289718,76.63551401869158,63.55140186915887,13.084112149532709
E00177816,120,41,11,30,79,69,10,34.166666666666664,9.166666666666666,25,65.83333333333333,57.49999999999999,8.333333333333332
E00177817,97,36,9,27,61,54,7,37.11340206185567,9.278350515463918,27.835051546391753,62.88659793814433,55.670103092783506,7.216494845360824
E00177818,115,19,8,11,96,90,6,16.52173913043478,6.956521739130435,9.565217391304348,83.47826086956522,78.26086956521739,5.217391304347826
E00177819,73,36,10,26,37,29,8,49.31506849315068,13.698630136986301,35.61643835616438,50.68493150684932,39.726027397260275,10.95890410958904
E00177820,117,64,15,49,53,53,0,54.700854700854705,12.82051282051282,41.88034188034188,45.2991452991453,45.2991452991453,0
E00177821,141,57,25,32,84,58,26,40.42553191489361,17.73049645390071,22.69503546099291,59.57446808510638,41.13475177304964,18.439716312056735
E00177822,53,31,7,24,22,18,4,58.490566037735846,13.20754716981132,45.28301886792453,41.509433962264154,33.9622641509434,7.547169811320755
E00177823,206,38,10,28,168,146,22,18.446601941747574,4.854368932038835,13.592233009708737,81.55339805825243,70.87378640776699,10.679611650485436
E00177824,41,19,5,14,22,21,1,46.34146341463415,12.195121951219512,34.146341463414636,53.65853658536586,51.21951219512195,2.4390243902439024
E00177825,143,75,24,51,68,65,3,52.44755244755245,16.783216783216783,35.66433566433567,47.55244755244755,45.45454545454545,2.097902097902098
E00177826,264,57,20,37,207,170,37,21.59090909090909,7.575757575757576,14.015151515151514,78.4090909090909,64.39393939393939,14.015151515151514
E00177827,134,53,10,43,81,78,3,39.55223880597015,7.462686567164178,32.08955223880597,60.447761194029844,58.2089552238806,2.2388059701492535
E00177828,180,47,11,36,133,122,11,26.111111111111114,6.111111111111111,20,73.88888888888889,67.77777777777779,6.111111111111111
E00177829,62,30,10,20,32,31,1,48.38709677419355,16.129032258064516,32.25806451612903,51.61290322580645,50,1.6129032258064515
E00177830,174,48,15,33,126,112,14,27.586206896551722,8.620689655172415,18.96551724137931,72.41379310344827,64.36781609195403,8.045977011494253
E00177831,254,46,14,32,208,182,26,18.11023622047244,5.511811023622047,12.598425196850393,81.88976377952756,71.65354330708661,10.236220472440944
E00177832,133,54,11,43,79,76,3,40.6015037593985,8.270676691729323,32.33082706766917,59.3984962406015,57.14285714285714,2.2556390977443606
E00177833,67,36,5,31,31,27,4,53.73134328358209,7.462686567164178,46.26865671641791,46.26865671641791,40.298507462686565,5.970149253731343
E00177834,167,54,16,38,113,105,8,32.33532934131736,9.580838323353294,22.75449101796407,67.66467065868264,62.874251497005986,4.790419161676647
E00177835,138,45,13,32,93,82,11,32.608695652173914,9.420289855072465,23.18840579710145,67.3913043478261,59.42028985507246,7.971014492753622
E00177836,141,44,13,31,97,92,5,31.20567375886525,9.219858156028367,21.98581560283688,68.79432624113475,65.24822695035462,3.546099290780142
E00177837,248,80,23,57,168,155,13,32.25806451612903,9.274193548387096,22.983870967741936,67.74193548387096,62.5,5.241935483870968
E00177838,247,61,19,42,186,167,19,24.696356275303643,7.6923076923076925,17.00404858299595,75.30364372469636,67.61133603238866,7.6923076923076925
E00177839,58,18,6,12,40,37,3,31.03448275862069,10.344827586206897,20.689655172413794,68.96551724137932,63.793103448275865,5.172413793103448
E00177840,150,68,23,45,82,75,7,45.33333333333333,15.333333333333332,30,54.666666666666664,50,4.666666666666667
E00177841,253,76,20,56,177,151,26,30.039525691699602,7.905138339920949,22.134387351778656,69.96047430830039,59.683794466403164,10.276679841897234
E00177842,131,50,4,46,81,74,7,38.16793893129771,3.0534351145038165,35.11450381679389,61.832061068702295,56.48854961832062,5.343511450381679
E00177843,171,36,12,24,135,122,13,21.052631578947366,7.017543859649122,14.035087719298245,78.94736842105263,71.34502923976608,7.602339181286549
E00177844,55,33,10,23,22,21,1,60,18.181818181818183,41.81818181818181,40,38.18181818181819,1.8181818181818181
E00177845,132,56,14,42,76,72,4,42.42424242424242,10.606060606060606,31.818181818181817,57.57575757575758,54.54545454545454,3.0303030303030303
E00177846,218,41,13,28,177,152,25,18.807339449541285,5.963302752293578,12.844036697247708,81.19266055045871,69.72477064220183,11.46788990825688
E00177847,153,51,16,35,102,74,28,33.33333333333333,10.457516339869281,22.875816993464053,66.66666666666666,48.366013071895424,18.30065359477124
E00177848,118,18,5,13,100,83,17,15.254237288135593,4.23728813559322,11.016949152542372,84.7457627118644,70.33898305084746,14.40677966101695
E00177849,45,19,0,19,26,26,0,42.22222222222222,0,42.22222222222222,57.77777777777777,57.77777777777777,0
E00177850,154,58,12,46,96,90,6,37.66233766233766,7.792207792207792,29.87012987012987,62.33766233766234,58.44155844155844,3.896103896103896
E00177851,120,32,6,26,88,77,11,26.666666666666668,5,21.666666666666668,73.33333333333333,64.16666666666667,9.166666666666666
E00177852,64,24,6,18,40,38,2,37.5,9.375,28.125,62.5,59.375,3.125
E00177853,57,33,9,24,24,24,0,57.89473684210527,15.789473684210526,42.10526315789473,42.10526315789473,42.10526315789473,0
E00177854,269,55,20,35,214,195,19,20.44609665427509,7.434944237918216,13.011152416356877,79.5539033457249,72.4907063197026,7.063197026022305
E00177855,105,77,53,24,28,28,0,73.33333333333333,50.476190476190474,22.857142857142858,26.666666666666668,26.666666666666668,0
E00177856,146,41,16,25,105,76,29,28.08219178082192,10.95890410958904,17.123287671232877,71.91780821917808,52.054794520547944,19.863013698630137
E00177857,101,42,18,24,59,57,2,41.584158415841586,17.82178217821782,23.762376237623762,58.415841584158414,56.43564356435643,1.9801980198019802
E00177858,82,18,3,15,64,62,2,21.951219512195124,3.6585365853658534,18.29268292682927,78.04878048780488,75.60975609756098,2.4390243902439024
E00177859,80,30,10,20,50,43,7,37.5,12.5,25,62.5,53.75,8.75
E00177860,51,26,9,17,25,24,1,50.98039215686274,17.647058823529413,33.33333333333333,49.01960784313725,47.05882352941176,1.9607843137254901
E00177861,67,20,7,13,47,36,11,29.850746268656714,10.44776119402985,19.402985074626866,70.1492537313433,53.73134328358209,16.417910447761194
E00177862,132,57,13,44,75,71,4,43.18181818181818,9.848484848484848,33.33333333333333,56.81818181818182,53.78787878787878,3.0303030303030303
E00177863,324,81,23,58,243,218,25,25,7.098765432098765,17.901234567901234,75,67.28395061728395,7.716049382716049
E00177864,213,54,16,38,159,142,17,25.352112676056336,7.511737089201878,17.84037558685446,74.64788732394366,66.66666666666666,7.981220657276995
E00177865,62,26,7,19,36,33,3,41.935483870967744,11.29032258064516,30.64516129032258,58.06451612903226,53.2258064516129,4.838709677419355
E00177866,182,58,24,34,124,108,16,31.868131868131865,13.186813186813188,18.681318681318682,68.13186813186813,59.34065934065934,8.791208791208792
E00177867,70,33,6,27,37,23,14,47.14285714285714,8.571428571428571,38.57142857142858,52.85714285714286,32.857142857142854,20
E00177868,160,85,25,60,75,65,10,53.125,15.625,37.5,46.875,40.625,6.25
E00177869,109,44,8,36,65,62,3,40.36697247706422,7.339449541284404,33.02752293577982,59.63302752293578,56.88073394495413,2.7522935779816518
E00177870,160,77,29,48,83,76,7,48.125,18.125,30,51.87500000000001,47.5,4.375
E00177871,63,27,13,14,36,36,0,42.857142857142854,20.634920634920633,22.22222222222222,57.14285714285714,57.14285714285714,0
