OA,ts0590001,ts0590002,ts0590003,ts0590004,ts0590005,ts0590006,ts0590007,ts0590002_PCT,ts0590003_PCT,ts0590004_PCT,ts0590005_PCT,ts0590006_PCT,ts0590007_PCT
E00052578,198,42,8,34,156,139,17,21.21212121212121,4.040404040404041,17.17171717171717,78.78787878787878,70.2020202020202,8.585858585858585
E00052579,97,33,11,22,64,57,7,34.02061855670103,11.34020618556701,22.68041237113402,65.97938144329896,58.76288659793815,7.216494845360824
E00052580,111,29,9,20,82,70,12,26.126126126126124,8.108108108108109,18.01801801801802,73.87387387387388,63.06306306306306,10.81081081081081
E00052581,125,28,5,23,97,86,11,22.400000000000002,4,18.4,77.60000000000001,68.8,8.799999999999999
E00052582,151,49,16,33,102,92,10,32.450331125827816,10.596026490066226,21.85430463576159,67.54966887417218,60.9271523178808,6.622516556291391
E00052583,127,30,10,20,97,89,8,23.62204724409449,7.874015748031496,15.748031496062993,76.37795275590551,70.07874015748031,6.299212598425196
E00052585,100,32,8,24,68,62,6,32,8,24,68,62,6
E00052587,117,30,14,16,87,72,15,25.64102564102564,11.965811965811966,13.675213675213676,74.35897435897436,61.53846153846154,12.82051282051282
E00052588,118,35,11,24,83,70,13,29.66101694915254,9.322033898305085,20.33898305084746,70.33898305084746,59.32203389830508,11.016949152542372
E00052589,93,33,15,18,60,54,6,35.483870967741936,16.129032258064516,19.35483870967742,64.51612903225806,58.06451612903226,6.451612903225806
E00052590,107,34,10,24,73,66,7,31.775700934579437,9.345794392523365,22.429906542056074,68.22429906542055,61.6822429906542,6.5420560747663545
E00052591,171,56,11,45,115,101,14,32.748538011695906,6.432748538011696,26.31578947368421,67.2514619883041,59.06432748538012,8.187134502923977
E00052592,123,37,12,25,86,76,10,30.081300813008134,9.75609756097561,20.32520325203252,69.91869918699187,61.78861788617886,8.130081300813007
E00052593,127,32,12,20,95,74,21,25.196850393700785,9.448818897637794,15.748031496062993,74.80314960629921,58.26771653543307,16.535433070866144
E00052594,144,44,12,32,100,87,13,30.555555555555557,8.333333333333332,22.22222222222222,69.44444444444444,60.416666666666664,9.027777777777777
E00052595,95,29,8,21,66,60,6,30.526315789473685,8.421052631578947,22.105263157894736,69.47368421052632,63.1578947368421,6.315789473684211
E00052596,107,40,8,32,67,62,5,37.38317757009346,7.476635514018691,29.906542056074763,62.616822429906534,57.943925233644855,4.672897196261682
E00052597,174,53,16,37,121,107,14,30.45977011494253,9.195402298850574,21.26436781609195,69.54022988505747,61.49425287356321,8.045977011494253
E00052599,85,27,4,23,58,44,14,31.76470588235294,4.705882352941177,27.058823529411764,68.23529411764706,51.76470588235295,16.470588235294116
E00052600,160,35,9,26,125,110,15,21.875,5.625,16.25,78.125,68.75,9.375
E00052601,128,28,5,23,100,86,14,21.875,3.90625,17.96875,78.125,67.1875,10.9375
E00052602,132,42,13,29,90,81,9,31.818181818181817,9.848484848484848,21.96969696969697,68.18181818181817,61.36363636363637,6.8181818181818175
E00052603,153,47,13,34,106,93,13,30.718954248366014,8.49673202614379,22.22222222222222,69.28104575163398,60.78431372549019,8.49673202614379
E00052604,223,52,19,33,171,155,16,23.318385650224215,8.520179372197308,14.798206278026907,76.68161434977578,69.50672645739911,7.174887892376682
E00052605,150,48,19,29,102,90,12,32,12.666666666666668,19.333333333333332,68,60,8
E00052606,122,41,8,33,81,72,9,33.60655737704918,6.557377049180328,27.049180327868854,66.39344262295081,59.01639344262295,7.377049180327869
E00052607,119,38,12,26,81,81,0,31.932773109243694,10.084033613445378,21.84873949579832,68.0672268907563,68.0672268907563,0
E00052608,193,66,15,51,127,114,13,34.196891191709845,7.772020725388601,26.42487046632124,65.80310880829016,59.067357512953365,6.7357512953367875
E00052609,132,44,12,32,88,79,9,33.33333333333333,9.090909090909092,24.242424242424242,66.66666666666666,59.84848484848485,6.8181818181818175
E00052611,138,50,12,38,88,75,13,36.231884057971016,8.695652173913043,27.536231884057973,63.76811594202898,54.347826086956516,9.420289855072465
E00052612,97,20,3,17,77,67,10,20.618556701030926,3.0927835051546393,17.525773195876287,79.38144329896907,69.0721649484536,10.309278350515463
E00052613,184,50,13,37,134,121,13,27.173913043478258,7.065217391304348,20.108695652173914,72.82608695652173,65.76086956521739,7.065217391304348
E00052614,185,47,13,34,138,116,22,25.405405405405407,7.027027027027027,18.37837837837838,74.5945945945946,62.70270270270271,11.891891891891893
E00052615,183,55,15,40,128,114,14,30.05464480874317,8.19672131147541,21.85792349726776,69.94535519125684,62.295081967213115,7.650273224043716
E00052616,109,27,4,23,82,75,7,24.770642201834864,3.669724770642202,21.100917431192663,75.22935779816514,68.80733944954129,6.422018348623854
E00052617,139,46,11,35,93,83,10,33.093525179856115,7.913669064748201,25.179856115107913,66.90647482014388,59.71223021582733,7.1942446043165464
E00052618,245,67,20,47,178,154,24,27.346938775510203,8.16326530612245,19.183673469387756,72.6530612244898,62.857142857142854,9.795918367346939
E00052619,161,59,9,50,102,89,13,36.64596273291926,5.590062111801243,31.05590062111801,63.35403726708074,55.27950310559007,8.074534161490684
E00052620,160,48,11,37,112,99,13,30,6.875000000000001,23.125,70,61.875,8.125
E00052621,185,59,14,45,126,106,20,31.891891891891895,7.567567567567568,24.324324324324326,68.10810810810811,57.2972972972973,10.81081081081081
E00052622,147,42,10,32,105,93,12,28.57142857142857,6.802721088435375,21.768707482993197,71.42857142857143,63.26530612244898,8.16326530612245
E00052623,134,28,9,19,106,93,13,20.8955223880597,6.7164179104477615,14.17910447761194,79.1044776119403,69.40298507462687,9.701492537313433
E00052624,95,35,8,27,60,51,9,36.84210526315789,8.421052631578947,28.421052631578945,63.1578947368421,53.68421052631579,9.473684210526317
E00052625,138,29,6,23,109,100,9,21.014492753623188,4.3478260869565215,16.666666666666664,78.98550724637681,72.46376811594203,6.521739130434782
E00052626,87,23,5,18,64,53,11,26.436781609195403,5.747126436781609,20.689655172413794,73.5632183908046,60.91954022988506,12.643678160919542
E00052627,119,37,13,24,82,74,8,31.092436974789916,10.92436974789916,20.168067226890756,68.90756302521008,62.18487394957983,6.722689075630252
E00052628,118,39,13,26,79,70,9,33.05084745762712,11.016949152542372,22.033898305084744,66.94915254237289,59.32203389830508,7.627118644067797
E00052629,131,34,11,23,97,86,11,25.954198473282442,8.396946564885496,17.557251908396946,74.04580152671755,65.64885496183206,8.396946564885496
E00052630,94,29,7,22,65,57,8,30.851063829787233,7.446808510638298,23.404255319148938,69.14893617021278,60.63829787234043,8.51063829787234
E00052631,251,77,33,44,174,155,19,30.677290836653388,13.147410358565736,17.52988047808765,69.32270916334662,61.75298804780876,7.569721115537849
E00052632,156,39,15,24,117,105,12,25,9.615384615384617,15.384615384615385,75,67.3076923076923,7.6923076923076925
E00052633,165,49,14,35,116,96,20,29.6969696969697,8.484848484848486,21.21212121212121,70.3030303030303,58.18181818181818,12.121212121212121
E00052634,121,29,9,20,92,70,22,23.96694214876033,7.43801652892562,16.528925619834713,76.03305785123968,57.85123966942148,18.181818181818183
E00052635,129,46,9,37,83,73,10,35.65891472868217,6.976744186046512,28.68217054263566,64.34108527131784,56.58914728682171,7.751937984496124
E00052636,126,37,11,26,89,77,12,29.365079365079367,8.73015873015873,20.634920634920633,70.63492063492063,61.111111111111114,9.523809523809524
E00052637,95,20,6,14,75,62,13,21.052631578947366,6.315789473684211,14.736842105263156,78.94736842105263,65.26315789473685,13.684210526315791
E00052638,162,48,12,36,114,106,8,29.629629629629626,7.4074074074074066,22.22222222222222,70.37037037037037,65.4320987654321,4.938271604938271
E00052639,130,39,15,24,91,83,8,30,11.538461538461538,18.461538461538463,70,63.84615384615384,6.153846153846154
E00052640,152,45,19,26,107,95,12,29.605263157894733,12.5,17.105263157894736,70.39473684210526,62.5,7.894736842105263
E00052641,131,47,27,20,84,76,8,35.87786259541985,20.610687022900763,15.267175572519085,64.12213740458014,58.01526717557252,6.106870229007633
E00052642,108,28,8,20,80,70,10,25.925925925925924,7.4074074074074066,18.51851851851852,74.07407407407408,64.81481481481481,9.25925925925926
E00052643,84,20,5,15,64,56,8,23.809523809523807,5.952380952380952,17.857142857142858,76.19047619047619,66.66666666666666,9.523809523809524
E00052644,59,19,3,16,40,36,4,32.20338983050847,5.084745762711865,27.11864406779661,67.79661016949152,61.016949152542374,6.779661016949152
E00052645,127,36,10,26,91,78,13,28.346456692913385,7.874015748031496,20.47244094488189,71.65354330708661,61.417322834645674,10.236220472440944
E00052646,113,35,9,26,78,65,13,30.973451327433626,7.964601769911504,23.008849557522122,69.02654867256636,57.52212389380531,11.504424778761061
E00052647,73,19,5,14,54,46,8,26.027397260273972,6.8493150684931505,19.17808219178082,73.97260273972603,63.013698630136986,10.95890410958904
E00052648,104,36,7,29,68,64,4,34.61538461538461,6.730769230769231,27.884615384615387,65.38461538461539,61.53846153846154,3.8461538461538463
E00052649,99,30,6,24,69,61,8,30.303030303030305,6.0606060606060606,24.242424242424242,69.6969696969697,61.61616161616161,8.080808080808081
E00052650,120,36,7,29,84,74,10,30,5.833333333333333,24.166666666666668,70,61.66666666666667,8.333333333333332
E00052651,116,27,10,17,89,77,12,23.275862068965516,8.620689655172415,14.655172413793101,76.72413793103449,66.37931034482759,10.344827586206897
E00052652,143,42,16,26,101,92,9,29.37062937062937,11.188811188811188,18.181818181818183,70.62937062937063,64.33566433566433,6.293706293706294
E00052653,162,44,14,30,118,109,9,27.160493827160494,8.641975308641975,18.51851851851852,72.8395061728395,67.28395061728395,5.555555555555555
E00052654,131,42,11,31,89,81,8,32.06106870229007,8.396946564885496,23.66412213740458,67.93893129770993,61.832061068702295,6.106870229007633
E00052655,152,48,19,29,104,85,19,31.57894736842105,12.5,19.078947368421055,68.42105263157895,55.92105263157895,12.5
E00052656,118,38,11,27,80,71,9,32.20338983050847,9.322033898305085,22.88135593220339,67.79661016949152,60.16949152542372,7.627118644067797
E00052657,160,45,19,26,115,105,10,28.125,11.875,16.25,71.875,65.625,6.25
E00052658,127,33,13,20,94,80,14,25.984251968503933,10.236220472440944,15.748031496062993,74.01574803149606,62.99212598425197,11.023622047244094
E00052659,176,52,18,34,124,115,9,29.545454545454547,10.227272727272728,19.318181818181817,70.45454545454545,65.3409090909091,5.113636363636364
E00052660,164,44,11,33,120,109,11,26.82926829268293,6.707317073170732,20.121951219512198,73.17073170731707,66.46341463414635,6.707317073170732
E00052661,257,82,28,54,175,156,19,31.906614785992215,10.894941634241246,21.011673151750973,68.09338521400778,60.70038910505836,7.392996108949417
E00052662,171,54,13,41,117,111,6,31.57894736842105,7.602339181286549,23.976608187134502,68.42105263157895,64.91228070175438,3.508771929824561
E00052663,123,37,10,27,86,68,18,30.081300813008134,8.130081300813007,21.951219512195124,69.91869918699187,55.28455284552846,14.634146341463413
E00052664,73,19,3,16,54,48,6,26.027397260273972,4.10958904109589,21.91780821917808,73.97260273972603,65.75342465753424,8.21917808219178
E00052665,187,46,20,26,141,128,13,24.598930481283425,10.695187165775401,13.903743315508022,75.40106951871658,68.44919786096256,6.951871657754011
E00052668,172,48,18,30,124,104,20,27.906976744186046,10.465116279069768,17.441860465116278,72.09302325581395,60.46511627906976,11.627906976744185
E00052669,110,31,8,23,79,65,14,28.18181818181818,7.2727272727272725,20.909090909090907,71.81818181818181,59.09090909090909,12.727272727272727
E00052670,167,49,16,33,118,96,22,29.34131736526946,9.580838323353294,19.760479041916167,70.65868263473054,57.48502994011976,13.17365269461078
E00052671,136,40,11,29,96,91,5,29.411764705882355,8.088235294117647,21.323529411764707,70.58823529411765,66.91176470588235,3.6764705882352944
E00052673,154,42,19,23,112,94,18,27.27272727272727,12.337662337662337,14.935064935064934,72.72727272727273,61.038961038961034,11.688311688311687
E00052674,138,44,12,32,94,81,13,31.88405797101449,8.695652173913043,23.18840579710145,68.11594202898551,58.69565217391305,9.420289855072465
E00052675,111,43,10,33,68,57,11,38.73873873873874,9.00900900900901,29.72972972972973,61.261261261261254,51.35135135135135,9.90990990990991
E00052676,215,50,23,27,165,133,32,23.25581395348837,10.69767441860465,12.558139534883722,76.74418604651163,61.86046511627907,14.883720930232558
E00052677,164,56,15,41,108,94,14,34.146341463414636,9.146341463414634,25,65.85365853658537,57.3170731707317,8.536585365853659
E00052678,155,45,15,30,110,85,25,29.03225806451613,9.67741935483871,19.35483870967742,70.96774193548387,54.83870967741935,16.129032258064516
E00052679,175,44,16,28,131,106,25,25.142857142857146,9.142857142857142,16,74.85714285714286,60.57142857142858,14.285714285714285
E00052680,143,43,17,26,100,89,11,30.069930069930066,11.888111888111888,18.181818181818183,69.93006993006993,62.23776223776224,7.6923076923076925
E00052681,183,54,15,39,129,116,13,29.508196721311474,8.19672131147541,21.311475409836063,70.49180327868852,63.387978142076506,7.103825136612022
E00052682,186,61,25,36,125,108,17,32.795698924731184,13.440860215053762,19.35483870967742,67.20430107526882,58.06451612903226,9.13978494623656
E00052683,121,24,6,18,97,84,13,19.834710743801654,4.958677685950414,14.87603305785124,80.16528925619835,69.42148760330579,10.743801652892563
E00052684,178,46,10,36,132,113,19,25.842696629213485,5.617977528089887,20.224719101123593,74.15730337078652,63.48314606741573,10.674157303370785
E00052685,203,53,24,29,150,136,14,26.108374384236456,11.822660098522167,14.285714285714285,73.89162561576354,66.99507389162561,6.896551724137931
E00052686,206,57,17,40,149,136,13,27.669902912621357,8.25242718446602,19.41747572815534,72.33009708737865,66.01941747572816,6.310679611650485
E00052687,136,30,12,18,106,95,11,22.058823529411764,8.823529411764707,13.23529411764706,77.94117647058823,69.85294117647058,8.088235294117647
E00052688,145,45,13,32,100,90,10,31.03448275862069,8.96551724137931,22.06896551724138,68.96551724137932,62.06896551724138,6.896551724137931
E00052689,168,36,14,22,132,109,23,21.428571428571427,8.333333333333332,13.095238095238097,78.57142857142857,64.88095238095238,13.690476190476192
E00052690,101,28,9,19,73,65,8,27.722772277227726,8.91089108910891,18.81188118811881,72.27722772277228,64.35643564356435,7.920792079207921
E00052691,72,19,3,16,53,44,9,26.38888888888889,4.166666666666666,22.22222222222222,73.61111111111111,61.111111111111114,12.5
E00052692,200,54,18,36,146,128,18,27,9,18,73,64,9
E00052693,172,42,13,29,130,113,17,24.418604651162788,7.55813953488372,16.86046511627907,75.5813953488372,65.69767441860465,9.883720930232558
E00052694,104,31,9,22,73,65,8,29.807692307692307,8.653846153846153,21.153846153846153,70.1923076923077,62.5,7.6923076923076925
E00052695,85,25,4,21,60,53,7,29.411764705882355,4.705882352941177,24.705882352941178,70.58823529411765,62.35294117647059,8.235294117647058
E00052696,163,57,10,47,106,97,9,34.96932515337423,6.134969325153374,28.834355828220858,65.03067484662577,59.50920245398773,5.521472392638037
E00052697,128,37,10,27,91,79,12,28.90625,7.8125,21.09375,71.09375,61.71875,9.375
E00052698,78,30,9,21,48,44,4,38.46153846153847,11.538461538461538,26.923076923076923,61.53846153846154,56.41025641025641,5.128205128205128
E00052699,143,45,16,29,98,86,12,31.46853146853147,11.188811188811188,20.27972027972028,68.53146853146853,60.13986013986013,8.391608391608392
E00052700,145,45,10,35,100,92,8,31.03448275862069,6.896551724137931,24.137931034482758,68.96551724137932,63.44827586206897,5.517241379310345
E00052701,141,53,6,47,88,76,12,37.5886524822695,4.25531914893617,33.33333333333333,62.4113475177305,53.90070921985816,8.51063829787234
E00052702,114,22,7,15,92,83,9,19.298245614035086,6.140350877192982,13.157894736842104,80.7017543859649,72.80701754385966,7.894736842105263
E00052703,132,41,13,28,91,82,9,31.060606060606062,9.848484848484848,21.21212121212121,68.93939393939394,62.121212121212125,6.8181818181818175
E00052704,146,45,11,34,101,94,7,30.82191780821918,7.534246575342466,23.28767123287671,69.17808219178082,64.38356164383562,4.794520547945205
E00052706,129,48,14,34,81,68,13,37.2093023255814,10.852713178294573,26.356589147286826,62.7906976744186,52.71317829457365,10.077519379844961
E00052707,210,55,17,38,155,138,17,26.190476190476193,8.095238095238095,18.095238095238095,73.80952380952381,65.71428571428571,8.095238095238095
E00052709,151,40,7,33,111,98,13,26.490066225165563,4.635761589403973,21.85430463576159,73.50993377483444,64.90066225165563,8.609271523178808
E00052711,149,29,11,18,120,108,12,19.463087248322147,7.38255033557047,12.080536912751679,80.53691275167785,72.48322147651007,8.053691275167784
E00052712,119,30,7,23,89,79,10,25.210084033613445,5.88235294117647,19.327731092436977,74.78991596638656,66.38655462184873,8.403361344537815
E00052713,123,29,9,20,94,84,10,23.577235772357724,7.317073170731707,16.260162601626014,76.42276422764228,68.29268292682927,8.130081300813007
E00052714,165,50,12,38,115,106,9,30.303030303030305,7.2727272727272725,23.03030303030303,69.6969696969697,64.24242424242425,5.454545454545454
E00052715,171,42,11,31,129,115,14,24.561403508771928,6.432748538011696,18.128654970760234,75.43859649122807,67.2514619883041,8.187134502923977
E00052716,133,34,7,27,99,85,14,25.563909774436087,5.263157894736842,20.30075187969925,74.43609022556392,63.90977443609023,10.526315789473683
E00052717,129,34,12,22,95,82,13,26.356589147286826,9.30232558139535,17.05426356589147,73.64341085271317,63.565891472868216,10.077519379844961
E00052718,164,48,15,33,116,103,13,29.268292682926827,9.146341463414634,20.121951219512198,70.73170731707317,62.80487804878049,7.926829268292683
E00052719,143,35,12,23,108,88,20,24.475524475524477,8.391608391608392,16.083916083916083,75.52447552447552,61.53846153846154,13.986013986013987
E00052720,159,34,11,23,125,114,11,21.38364779874214,6.918238993710692,14.465408805031446,78.61635220125787,71.69811320754717,6.918238993710692
E00052721,144,37,14,23,107,95,12,25.694444444444443,9.722222222222223,15.972222222222221,74.30555555555556,65.97222222222221,8.333333333333332
E00052722,132,35,11,24,97,85,12,26.515151515151516,8.333333333333332,18.181818181818183,73.48484848484848,64.39393939393939,9.090909090909092
E00052723,156,44,12,32,112,104,8,28.205128205128204,7.6923076923076925,20.51282051282051,71.7948717948718,66.66666666666666,5.128205128205128
E00052724,126,33,12,21,93,84,9,26.190476190476193,9.523809523809524,16.666666666666664,73.80952380952381,66.66666666666666,7.142857142857142
E00052725,106,33,9,24,73,64,9,31.132075471698112,8.49056603773585,22.641509433962266,68.86792452830188,60.37735849056604,8.49056603773585
E00052726,188,38,16,22,150,127,23,20.212765957446805,8.51063829787234,11.702127659574469,79.7872340425532,67.5531914893617,12.23404255319149
E00052727,141,34,8,26,107,95,12,24.113475177304963,5.673758865248227,18.439716312056735,75.88652482269504,67.37588652482269,8.51063829787234
E00052728,149,35,8,27,114,100,14,23.48993288590604,5.369127516778524,18.120805369127517,76.51006711409396,67.11409395973155,9.395973154362416
E00052729,58,19,6,13,39,34,5,32.758620689655174,10.344827586206897,22.413793103448278,67.24137931034483,58.620689655172406,8.620689655172415
E00052730,107,33,9,24,74,65,9,30.8411214953271,8.411214953271028,22.429906542056074,69.1588785046729,60.747663551401864,8.411214953271028
E00052731,103,29,9,20,74,66,8,28.155339805825243,8.737864077669903,19.41747572815534,71.84466019417476,64.07766990291263,7.766990291262135
E00052732,120,39,12,27,81,70,11,32.5,10,22.5,67.5,58.333333333333336,9.166666666666666
E00052733,99,32,11,21,67,58,9,32.323232323232325,11.11111111111111,21.21212121212121,67.67676767676768,58.58585858585859,9.090909090909092
E00052734,112,24,9,15,88,76,12,21.428571428571427,8.035714285714286,13.392857142857142,78.57142857142857,67.85714285714286,10.714285714285714
E00052735,142,49,14,35,93,82,11,34.50704225352113,9.859154929577464,24.647887323943664,65.49295774647888,57.74647887323944,7.746478873239436
E00052736,131,28,5,23,103,93,10,21.374045801526716,3.816793893129771,17.557251908396946,78.62595419847328,70.99236641221374,7.633587786259542
E00052737,157,53,20,33,104,91,13,33.75796178343949,12.738853503184714,21.019108280254777,66.2420382165605,57.961783439490446,8.280254777070063
E00052738,99,26,5,21,73,64,9,26.262626262626267,5.05050505050505,21.21212121212121,73.73737373737373,64.64646464646465,9.090909090909092
E00052739,95,28,7,21,67,60,7,29.47368421052631,7.368421052631578,22.105263157894736,70.52631578947368,63.1578947368421,7.368421052631578
E00052740,136,44,16,28,92,81,11,32.35294117647059,11.76470588235294,20.588235294117645,67.64705882352942,59.55882352941176,8.088235294117647
E00052741,110,48,18,30,62,51,11,43.63636363636363,16.363636363636363,27.27272727272727,56.36363636363636,46.36363636363636,10
E00052742,89,33,12,21,56,50,6,37.07865168539326,13.48314606741573,23.595505617977526,62.92134831460674,56.17977528089888,6.741573033707865
E00052743,70,19,8,11,51,46,5,27.142857142857142,11.428571428571429,15.714285714285714,72.85714285714285,65.71428571428571,7.142857142857142
E00052744,109,32,9,23,77,65,12,29.357798165137616,8.256880733944955,21.100917431192663,70.64220183486239,59.63302752293578,11.009174311926607
E00052745,122,43,13,30,79,70,9,35.24590163934426,10.655737704918032,24.59016393442623,64.75409836065575,57.377049180327866,7.377049180327869
E00052746,138,33,11,22,105,91,14,23.91304347826087,7.971014492753622,15.942028985507244,76.08695652173914,65.94202898550725,10.144927536231885
E00052747,155,41,14,27,114,106,8,26.451612903225808,9.032258064516128,17.419354838709676,73.54838709677419,68.38709677419355,5.161290322580645
E00052748,133,41,9,32,92,86,6,30.82706766917293,6.7669172932330826,24.06015037593985,69.17293233082707,64.66165413533834,4.511278195488721
E00052749,123,38,7,31,85,73,12,30.89430894308943,5.691056910569105,25.203252032520325,69.10569105691057,59.34959349593496,9.75609756097561
E00052750,105,35,14,21,70,58,12,33.33333333333333,13.333333333333334,20,66.66666666666666,55.23809523809524,11.428571428571429
E00052751,111,23,9,14,88,80,8,20.72072072072072,8.108108108108109,12.612612612612612,79.27927927927928,72.07207207207207,7.207207207207207
E00052752,109,21,4,17,88,73,15,19.26605504587156,3.669724770642202,15.59633027522936,80.73394495412845,66.97247706422019,13.761467889908257
E00052753,160,45,13,32,115,111,4,28.125,8.125,20,71.875,69.375,2.5
E00052754,78,24,10,14,54,49,5,30.76923076923077,12.82051282051282,17.94871794871795,69.23076923076923,62.82051282051282,6.41025641025641
E00052755,135,38,8,30,97,88,9,28.14814814814815,5.9259259259259265,22.22222222222222,71.85185185185186,65.18518518518519,6.666666666666667
E00052756,110,37,7,30,73,62,11,33.63636363636363,6.363636363636363,27.27272727272727,66.36363636363637,56.36363636363636,10
E00052757,101,30,9,21,71,61,10,29.7029702970297,8.91089108910891,20.792079207920793,70.29702970297029,60.396039603960396,9.900990099009901
E00052758,144,46,19,27,98,86,12,31.944444444444443,13.194444444444445,18.75,68.05555555555556,59.72222222222222,8.333333333333332
E00052759,133,39,10,29,94,78,16,29.32330827067669,7.518796992481203,21.804511278195488,70.67669172932331,58.64661654135338,12.030075187969924
E00052760,136,47,11,36,89,78,11,34.55882352941176,8.088235294117647,26.47058823529412,65.44117647058823,57.35294117647059,8.088235294117647
E00052761,250,66,16,50,184,161,23,26.400000000000002,6.4,20,73.6,64.4,9.2
E00052763,63,16,2,14,47,42,5,25.396825396825395,3.1746031746031744,22.22222222222222,74.60317460317461,66.66666666666666,7.936507936507936
E00052764,146,56,17,39,90,82,8,38.35616438356164,11.643835616438356,26.71232876712329,61.64383561643836,56.16438356164384,5.47945205479452
E00052767,127,33,11,22,94,78,16,25.984251968503933,8.661417322834646,17.322834645669293,74.01574803149606,61.417322834645674,12.598425196850393
E00052768,127,44,9,35,83,70,13,34.645669291338585,7.086614173228346,27.559055118110237,65.35433070866141,55.118110236220474,10.236220472440944
E00052769,118,39,11,28,79,73,6,33.05084745762712,9.322033898305085,23.728813559322035,66.94915254237289,61.86440677966102,5.084745762711865
E00052770,205,56,16,40,149,129,20,27.31707317073171,7.804878048780488,19.51219512195122,72.6829268292683,62.926829268292686,9.75609756097561
E00052771,243,73,22,51,170,153,17,30.04115226337449,9.053497942386832,20.98765432098765,69.95884773662551,62.96296296296296,6.995884773662551
E00052772,117,40,13,27,77,65,12,34.18803418803419,11.11111111111111,23.076923076923077,65.8119658119658,55.55555555555556,10.256410256410255
E00052773,190,47,16,31,143,127,16,24.736842105263158,8.421052631578947,16.315789473684212,75.26315789473685,66.84210526315789,8.421052631578947
E00052774,114,34,12,22,80,68,12,29.82456140350877,10.526315789473683,19.298245614035086,70.17543859649122,59.64912280701754,10.526315789473683
E00052775,145,42,10,32,103,93,10,28.965517241379313,6.896551724137931,22.06896551724138,71.03448275862068,64.13793103448275,6.896551724137931
E00052776,118,35,8,27,83,77,6,29.66101694915254,6.779661016949152,22.88135593220339,70.33898305084746,65.2542372881356,5.084745762711865
E00052777,145,46,18,28,99,89,10,31.724137931034484,12.413793103448276,19.310344827586206,68.27586206896552,61.37931034482759,6.896551724137931
E00052778,106,32,8,24,74,65,9,30.18867924528302,7.547169811320755,22.641509433962266,69.81132075471697,61.32075471698113,8.49056603773585
E00052779,142,46,13,33,96,82,14,32.3943661971831,9.15492957746479,23.239436619718308,67.6056338028169,57.74647887323944,9.859154929577464
E00052780,135,41,10,31,94,86,8,30.37037037037037,7.4074074074074066,22.962962962962962,69.62962962962963,63.70370370370371,5.9259259259259265
E00052781,82,17,6,11,65,57,8,20.73170731707317,7.317073170731707,13.414634146341465,79.26829268292683,69.51219512195121,9.75609756097561
E00052782,159,37,13,24,122,108,14,23.270440251572328,8.176100628930817,15.09433962264151,76.72955974842768,67.9245283018868,8.80503144654088
E00052784,109,40,12,28,69,61,8,36.69724770642202,11.009174311926607,25.688073394495415,63.30275229357798,55.96330275229357,7.339449541284404
E00052785,89,23,10,13,66,55,11,25.842696629213485,11.235955056179774,14.606741573033707,74.15730337078652,61.79775280898876,12.359550561797752
E00052786,108,25,6,19,83,77,6,23.14814814814815,5.555555555555555,17.59259259259259,76.85185185185185,71.29629629629629,5.555555555555555
E00052787,163,32,8,24,131,116,15,19.631901840490798,4.9079754601226995,14.723926380368098,80.3680981595092,71.16564417177914,9.202453987730062
E00052790,119,36,11,25,83,76,7,30.252100840336134,9.243697478991598,21.008403361344538,69.74789915966386,63.86554621848739,5.88235294117647
E00052791,142,50,17,33,92,83,9,35.2112676056338,11.971830985915492,23.239436619718308,64.7887323943662,58.45070422535211,6.338028169014084
E00052792,134,52,12,40,82,75,7,38.80597014925373,8.955223880597014,29.850746268656714,61.19402985074627,55.970149253731336,5.223880597014925
E00052793,122,42,15,27,80,72,8,34.42622950819672,12.295081967213115,22.131147540983605,65.57377049180327,59.01639344262295,6.557377049180328
E00052794,151,47,17,30,104,90,14,31.125827814569533,11.258278145695364,19.867549668874172,68.87417218543047,59.60264900662252,9.271523178807946
E00052795,151,49,16,33,102,92,10,32.450331125827816,10.596026490066226,21.85430463576159,67.54966887417218,60.9271523178808,6.622516556291391
E00052796,118,36,9,27,82,74,8,30.508474576271187,7.627118644067797,22.88135593220339,69.49152542372882,62.71186440677966,6.779661016949152
E00052797,130,36,9,27,94,77,17,27.692307692307693,6.923076923076923,20.76923076923077,72.3076923076923,59.23076923076923,13.076923076923078
E00052798,178,45,11,34,133,118,15,25.280898876404496,6.179775280898876,19.101123595505616,74.71910112359551,66.29213483146067,8.426966292134832
E00052799,146,48,14,34,98,86,12,32.87671232876712,9.58904109589041,23.28767123287671,67.12328767123287,58.9041095890411,8.21917808219178
E00052800,151,40,8,32,111,99,12,26.490066225165563,5.298013245033113,21.192052980132452,73.50993377483444,65.56291390728477,7.9470198675496695
E00052801,122,42,14,28,80,69,11,34.42622950819672,11.475409836065573,22.950819672131146,65.57377049180327,56.557377049180324,9.01639344262295
E00052802,116,24,6,18,92,77,15,20.689655172413794,5.172413793103448,15.517241379310345,79.3103448275862,66.37931034482759,12.931034482758621
E00052803,106,41,14,27,65,58,7,38.67924528301887,13.20754716981132,25.471698113207548,61.32075471698113,54.71698113207547,6.60377358490566
E00052804,104,27,7,20,77,71,6,25.961538461538463,6.730769230769231,19.230769230769234,74.03846153846155,68.26923076923077,5.769230769230769
E00052805,117,47,12,35,70,63,7,40.17094017094017,10.256410256410255,29.914529914529915,59.82905982905983,53.84615384615385,5.982905982905983
E00052806,173,47,9,38,126,109,17,27.167630057803464,5.202312138728324,21.965317919075144,72.83236994219652,63.005780346820806,9.826589595375722
E00052807,127,42,13,29,85,76,9,33.07086614173229,10.236220472440944,22.83464566929134,66.92913385826772,59.84251968503938,7.086614173228346
E00052808,106,32,11,21,74,66,8,30.18867924528302,10.377358490566039,19.81132075471698,69.81132075471697,62.264150943396224,7.547169811320755
E00052809,171,43,12,31,128,116,12,25.146198830409354,7.017543859649122,18.128654970760234,74.85380116959064,67.83625730994152,7.017543859649122
E00052810,102,48,13,35,54,52,2,47.05882352941176,12.745098039215685,34.31372549019608,52.94117647058824,50.98039215686274,1.9607843137254901
E00052811,119,38,12,26,81,73,8,31.932773109243694,10.084033613445378,21.84873949579832,68.0672268907563,61.34453781512605,6.722689075630252
E00052812,135,31,7,24,104,91,13,22.962962962962962,5.185185185185185,17.77777777777778,77.03703703703704,67.4074074074074,9.62962962962963
E00052813,135,39,16,23,96,86,10,28.888888888888886,11.851851851851853,17.037037037037038,71.11111111111111,63.70370370370371,7.4074074074074066
E00052814,185,51,15,36,134,126,8,27.56756756756757,8.108108108108109,19.45945945945946,72.43243243243244,68.10810810810811,4.324324324324325
E00052815,141,36,12,24,105,100,5,25.53191489361702,8.51063829787234,17.02127659574468,74.46808510638297,70.92198581560284,3.546099290780142
E00052816,156,49,13,36,107,96,11,31.41025641025641,8.333333333333332,23.076923076923077,68.58974358974359,61.53846153846154,7.051282051282051
E00052817,102,33,10,23,69,60,9,32.35294117647059,9.803921568627452,22.54901960784314,67.64705882352942,58.82352941176471,8.823529411764707
E00052818,201,55,9,46,146,126,20,27.363184079601986,4.477611940298507,22.885572139303484,72.636815920398,62.68656716417911,9.950248756218906
E00052819,142,31,11,20,111,98,13,21.830985915492956,7.746478873239436,14.084507042253522,78.16901408450704,69.01408450704226,9.15492957746479
E00052820,142,41,10,31,101,91,10,28.87323943661972,7.042253521126761,21.830985915492956,71.12676056338029,64.08450704225352,7.042253521126761
E00052821,184,49,17,32,135,120,15,26.6304347826087,9.239130434782608,17.391304347826086,73.36956521739131,65.21739130434783,8.152173913043478
E00052822,140,30,14,16,110,102,8,21.428571428571427,10,11.428571428571429,78.57142857142857,72.85714285714285,5.714285714285714
E00052823,198,46,15,31,152,134,18,23.232323232323232,7.575757575757576,15.656565656565657,76.76767676767676,67.67676767676768,9.090909090909092
E00052824,133,35,10,25,98,84,14,26.31578947368421,7.518796992481203,18.796992481203006,73.68421052631578,63.1578947368421,10.526315789473683
E00052825,165,46,18,28,119,107,12,27.878787878787882,10.909090909090908,16.969696969696972,72.12121212121212,64.84848484848484,7.2727272727272725
E00052826,151,44,9,35,107,89,18,29.13907284768212,5.960264900662252,23.178807947019866,70.86092715231787,58.94039735099338,11.920529801324504
E00052827,165,38,13,25,127,113,14,23.03030303030303,7.878787878787878,15.151515151515152,76.96969696969697,68.48484848484848,8.484848484848486
E00052828,90,33,10,23,57,50,7,36.666666666666664,11.11111111111111,25.555555555555554,63.33333333333333,55.55555555555556,7.777777777777778
E00052829,116,46,15,31,70,58,12,39.6551724137931,12.931034482758621,26.72413793103448,60.3448275862069,50,10.344827586206897
E00052830,95,34,6,28,61,54,7,35.78947368421053,6.315789473684211,29.47368421052631,64.21052631578948,56.84210526315789,7.368421052631578
E00052831,104,42,9,33,62,58,4,40.38461538461539,8.653846153846153,31.73076923076923,59.61538461538461,55.769230769230774,3.8461538461538463
E00052832,158,46,14,32,112,100,12,29.11392405063291,8.860759493670885,20.253164556962027,70.88607594936708,63.29113924050633,7.59493670886076
E00052833,180,54,12,42,126,109,17,30,6.666666666666667,23.333333333333332,70,60.55555555555555,9.444444444444445
E00052834,166,61,24,37,105,92,13,36.74698795180723,14.457831325301203,22.289156626506024,63.25301204819277,55.42168674698795,7.83132530120482
E00052835,102,30,13,17,72,65,7,29.411764705882355,12.745098039215685,16.666666666666664,70.58823529411765,63.725490196078425,6.862745098039216
E00052836,123,42,16,26,81,67,14,34.146341463414636,13.008130081300814,21.138211382113823,65.85365853658537,54.47154471544715,11.38211382113821
E00052837,112,35,11,24,77,69,8,31.25,9.821428571428571,21.428571428571427,68.75,61.60714285714286,7.142857142857142
E00052838,109,30,6,24,79,69,10,27.522935779816514,5.5045871559633035,22.018348623853214,72.47706422018348,63.30275229357798,9.174311926605505
E00052839,132,38,14,24,94,80,14,28.78787878787879,10.606060606060606,18.181818181818183,71.21212121212122,60.60606060606061,10.606060606060606
E00052840,150,49,14,35,101,82,19,32.666666666666664,9.333333333333334,23.333333333333332,67.33333333333333,54.666666666666664,12.666666666666668
E00052841,132,45,14,31,87,77,10,34.090909090909086,10.606060606060606,23.484848484848484,65.9090909090909,58.333333333333336,7.575757575757576
E00052842,129,42,9,33,87,82,5,32.55813953488372,6.976744186046512,25.581395348837212,67.44186046511628,63.565891472868216,3.875968992248062
E00052843,132,49,14,35,83,72,11,37.121212121212125,10.606060606060606,26.515151515151516,62.878787878787875,54.54545454545454,8.333333333333332
E00052844,125,35,9,26,90,84,6,28.000000000000004,7.199999999999999,20.8,72,67.2,4.8
E00052845,152,40,15,25,112,99,13,26.31578947368421,9.868421052631579,16.447368421052634,73.68421052631578,65.13157894736842,8.552631578947368
E00052846,85,22,11,11,63,58,5,25.882352941176475,12.941176470588237,12.941176470588237,74.11764705882354,68.23529411764706,5.88235294117647
E00052847,119,39,16,23,80,66,14,32.773109243697476,13.445378151260504,19.327731092436977,67.22689075630252,55.46218487394958,11.76470588235294
E00052848,142,40,17,23,102,92,10,28.169014084507044,11.971830985915492,16.19718309859155,71.83098591549296,64.7887323943662,7.042253521126761
E00052849,142,39,13,26,103,88,15,27.464788732394368,9.15492957746479,18.30985915492958,72.53521126760563,61.97183098591549,10.56338028169014
E00052850,186,47,17,30,139,119,20,25.268817204301076,9.13978494623656,16.129032258064516,74.73118279569893,63.97849462365591,10.75268817204301
E00052851,141,41,16,25,100,88,12,29.078014184397162,11.347517730496454,17.73049645390071,70.92198581560284,62.4113475177305,8.51063829787234
E00052852,135,36,17,19,99,90,9,26.666666666666668,12.592592592592592,14.074074074074074,73.33333333333333,66.66666666666666,6.666666666666667
E00052853,158,50,13,37,108,103,5,31.645569620253166,8.227848101265822,23.417721518987342,68.35443037974683,65.18987341772153,3.1645569620253164
E00052854,138,39,13,26,99,85,14,28.26086956521739,9.420289855072465,18.84057971014493,71.73913043478261,61.59420289855072,10.144927536231885
E00052855,174,48,23,25,126,108,18,27.586206896551722,13.218390804597702,14.367816091954023,72.41379310344827,62.06896551724138,10.344827586206897
E00052856,124,27,9,18,97,84,13,21.774193548387096,7.258064516129033,14.516129032258066,78.2258064516129,67.74193548387096,10.483870967741936
E00052857,90,27,5,22,63,54,9,30,5.555555555555555,24.444444444444443,70,60,10
E00052858,133,38,15,23,95,84,11,28.57142857142857,11.278195488721805,17.293233082706767,71.42857142857143,63.1578947368421,8.270676691729323
E00052859,118,39,17,22,79,73,6,33.05084745762712,14.40677966101695,18.64406779661017,66.94915254237289,61.86440677966102,5.084745762711865
E00052860,67,21,7,14,46,41,5,31.343283582089555,10.44776119402985,20.8955223880597,68.65671641791045,61.19402985074627,7.462686567164178
E00052861,79,26,8,18,53,53,0,32.91139240506329,10.126582278481013,22.78481012658228,67.08860759493672,67.08860759493672,0
E00052862,124,33,7,26,91,70,21,26.61290322580645,5.64516129032258,20.967741935483872,73.38709677419355,56.451612903225815,16.93548387096774
E00052863,76,17,9,8,59,45,14,22.36842105263158,11.842105263157894,10.526315789473683,77.63157894736842,59.210526315789465,18.421052631578945
E00052864,147,49,18,31,98,87,11,33.33333333333333,12.244897959183673,21.08843537414966,66.66666666666666,59.183673469387756,7.482993197278912
E00052865,154,55,17,38,99,82,17,35.714285714285715,11.03896103896104,24.675324675324674,64.28571428571429,53.246753246753244,11.03896103896104
E00052866,94,26,8,18,68,62,6,27.659574468085108,8.51063829787234,19.148936170212767,72.3404255319149,65.95744680851064,6.382978723404255
E00052867,200,63,25,38,137,117,20,31.5,12.5,19,68.5,58.5,10
E00052868,139,54,8,46,85,69,16,38.84892086330935,5.755395683453238,33.093525179856115,61.15107913669065,49.64028776978417,11.510791366906476
E00052869,43,23,6,17,20,20,0,53.48837209302325,13.953488372093023,39.53488372093023,46.51162790697674,46.51162790697674,0
E00052870,138,44,13,31,94,84,10,31.88405797101449,9.420289855072465,22.463768115942027,68.11594202898551,60.86956521739131,7.246376811594203
E00052871,173,42,15,27,131,112,19,24.277456647398843,8.670520231213873,15.606936416184972,75.72254335260115,64.73988439306359,10.982658959537572
E00052872,156,46,19,27,110,104,6,29.48717948717949,12.179487179487179,17.307692307692307,70.51282051282051,66.66666666666666,3.8461538461538463
E00052873,190,49,17,32,141,131,10,25.789473684210527,8.947368421052632,16.842105263157894,74.21052631578947,68.94736842105263,5.263157894736842
E00052874,105,37,8,29,68,63,5,35.23809523809524,7.6190476190476195,27.61904761904762,64.76190476190476,60,4.761904761904762
E00052875,130,34,10,24,96,87,9,26.153846153846157,7.6923076923076925,18.461538461538463,73.84615384615385,66.92307692307692,6.923076923076923
E00052876,129,46,9,37,83,77,6,35.65891472868217,6.976744186046512,28.68217054263566,64.34108527131784,59.68992248062015,4.651162790697675
E00052877,196,41,20,21,155,135,20,20.918367346938776,10.204081632653061,10.714285714285714,79.08163265306123,68.87755102040816,10.204081632653061
E00052878,177,45,18,27,132,115,17,25.423728813559322,10.16949152542373,15.254237288135593,74.57627118644068,64.97175141242938,9.6045197740113
E00052879,170,29,10,19,141,135,6,17.058823529411764,5.88235294117647,11.176470588235295,82.94117647058825,79.41176470588235,3.5294117647058822
E00052880,153,60,21,39,93,82,11,39.21568627450981,13.725490196078432,25.49019607843137,60.78431372549019,53.59477124183007,7.18954248366013
E00052881,160,42,9,33,118,102,16,26.25,5.625,20.625,73.75,63.74999999999999,10
E00052882,129,44,13,31,85,70,15,34.10852713178294,10.077519379844961,24.031007751937985,65.89147286821705,54.263565891472865,11.627906976744185
E00052883,71,16,5,11,55,49,6,22.535211267605636,7.042253521126761,15.492957746478872,77.46478873239437,69.01408450704226,8.450704225352112
E00052884,61,20,6,14,41,40,1,32.78688524590164,9.836065573770492,22.950819672131146,67.21311475409836,65.57377049180327,1.639344262295082
E00052885,161,41,11,30,120,111,9,25.465838509316768,6.832298136645963,18.633540372670808,74.53416149068323,68.94409937888199,5.590062111801243
E00052886,119,39,13,26,80,70,10,32.773109243697476,10.92436974789916,21.84873949579832,67.22689075630252,58.82352941176471,8.403361344537815
E00052887,77,23,8,15,54,50,4,29.87012987012987,10.38961038961039,19.480519480519483,70.12987012987013,64.93506493506493,5.194805194805195
E00052888,71,19,3,16,52,39,13,26.76056338028169,4.225352112676056,22.535211267605636,73.23943661971832,54.929577464788736,18.30985915492958
E00052889,109,32,9,23,77,66,11,29.357798165137616,8.256880733944955,21.100917431192663,70.64220183486239,60.550458715596335,10.091743119266056
E00052890,83,11,3,8,72,68,4,13.253012048192772,3.614457831325301,9.63855421686747,86.74698795180723,81.92771084337349,4.819277108433735
E00052891,109,27,11,16,82,75,7,24.770642201834864,10.091743119266056,14.678899082568808,75.22935779816514,68.80733944954129,6.422018348623854
E00052892,139,44,10,34,95,74,21,31.654676258992804,7.1942446043165464,24.46043165467626,68.34532374100719,53.23741007194245,15.107913669064748
E00052893,130,28,9,19,102,88,14,21.53846153846154,6.923076923076923,14.615384615384617,78.46153846153847,67.6923076923077,10.76923076923077
E00052894,113,37,10,27,76,67,9,32.743362831858406,8.849557522123893,23.893805309734514,67.2566371681416,59.29203539823009,7.964601769911504
E00052895,172,48,10,38,124,114,10,27.906976744186046,5.813953488372093,22.093023255813954,72.09302325581395,66.27906976744185,5.813953488372093
E00052897,74,21,8,13,53,47,6,28.37837837837838,10.81081081081081,17.56756756756757,71.62162162162163,63.51351351351351,8.108108108108109
E00052899,144,47,14,33,97,86,11,32.63888888888889,9.722222222222223,22.916666666666664,67.36111111111111,59.72222222222222,7.638888888888889
E00052900,57,20,9,11,37,27,10,35.08771929824561,15.789473684210526,19.298245614035086,64.91228070175438,47.368421052631575,17.543859649122805
E00052901,164,53,20,33,111,105,6,32.31707317073171,12.195121951219512,20.121951219512198,67.6829268292683,64.02439024390245,3.6585365853658534
E00052902,139,44,11,33,95,88,7,31.654676258992804,7.913669064748201,23.741007194244602,68.34532374100719,63.30935251798561,5.0359712230215825
E00052903,128,40,20,20,88,80,8,31.25,15.625,15.625,68.75,62.5,6.25
E00052904,146,55,21,34,91,86,5,37.67123287671233,14.383561643835616,23.28767123287671,62.328767123287676,58.9041095890411,3.4246575342465753
E00052905,175,67,26,41,108,104,4,38.285714285714285,14.857142857142858,23.42857142857143,61.71428571428571,59.42857142857143,2.2857142857142856
E00052906,39,12,7,5,27,25,2,30.76923076923077,17.94871794871795,12.82051282051282,69.23076923076923,64.1025641025641,5.128205128205128
E00052907,149,45,13,32,104,93,11,30.201342281879196,8.724832214765101,21.476510067114095,69.79865771812081,62.41610738255034,7.38255033557047
E00052908,134,31,6,25,103,91,12,23.134328358208954,4.477611940298507,18.65671641791045,76.86567164179104,67.91044776119402,8.955223880597014
E00052909,149,47,18,29,102,96,6,31.543624161073826,12.080536912751679,19.463087248322147,68.45637583892618,64.42953020134227,4.026845637583892
E00052910,145,45,8,37,100,93,7,31.03448275862069,5.517241379310345,25.517241379310345,68.96551724137932,64.13793103448275,4.827586206896552
E00052911,133,41,14,27,92,78,14,30.82706766917293,10.526315789473683,20.30075187969925,69.17293233082707,58.64661654135338,10.526315789473683
E00052912,191,61,28,33,130,119,11,31.93717277486911,14.659685863874344,17.277486910994764,68.06282722513089,62.30366492146597,5.7591623036649215
E00052913,167,49,14,35,118,108,10,29.34131736526946,8.383233532934131,20.958083832335326,70.65868263473054,64.67065868263472,5.9880239520958085
E00052914,170,51,10,41,119,105,14,30,5.88235294117647,24.11764705882353,70,61.76470588235294,8.235294117647058
E00052915,114,35,16,19,79,68,11,30.701754385964914,14.035087719298245,16.666666666666664,69.2982456140351,59.64912280701754,9.649122807017543
E00052916,151,42,13,29,109,88,21,27.81456953642384,8.609271523178808,19.205298013245034,72.18543046357617,58.27814569536424,13.90728476821192
E00052917,107,38,11,27,69,65,4,35.51401869158878,10.2803738317757,25.233644859813083,64.48598130841121,60.747663551401864,3.7383177570093453
E00052918,99,34,10,24,65,58,7,34.34343434343434,10.1010101010101,24.242424242424242,65.65656565656566,58.58585858585859,7.07070707070707
E00052919,122,54,10,44,68,68,0,44.26229508196721,8.19672131147541,36.0655737704918,55.73770491803278,55.73770491803278,0
E00052920,123,48,13,35,75,69,6,39.02439024390244,10.569105691056912,28.455284552845526,60.97560975609756,56.09756097560976,4.878048780487805
E00052921,131,65,22,43,66,60,6,49.61832061068702,16.793893129770993,32.82442748091603,50.38167938931297,45.80152671755725,4.580152671755725
E00052922,159,63,13,50,96,91,5,39.62264150943396,8.176100628930817,31.446540880503143,60.37735849056604,57.23270440251572,3.1446540880503147
E00052923,130,61,14,47,69,62,7,46.92307692307692,10.76923076923077,36.15384615384615,53.07692307692308,47.69230769230769,5.384615384615385
E00052924,113,52,3,49,61,54,7,46.017699115044245,2.6548672566371683,43.36283185840708,53.98230088495575,47.78761061946903,6.1946902654867255
E00052925,101,46,15,31,55,49,6,45.54455445544555,14.85148514851485,30.693069306930692,54.45544554455446,48.51485148514851,5.9405940594059405
E00052926,152,45,13,32,107,96,11,29.605263157894733,8.552631578947368,21.052631578947366,70.39473684210526,63.1578947368421,7.236842105263158
E00052927,112,42,13,29,70,59,11,37.5,11.607142857142858,25.892857142857146,62.5,52.67857142857143,9.821428571428571
E00052928,114,37,7,30,77,67,10,32.45614035087719,6.140350877192982,26.31578947368421,67.54385964912281,58.77192982456141,8.771929824561402
E00052929,113,43,13,30,70,65,5,38.05309734513274,11.504424778761061,26.548672566371685,61.94690265486725,57.52212389380531,4.424778761061947
E00052930,205,66,15,51,139,122,17,32.19512195121951,7.317073170731707,24.878048780487806,67.8048780487805,59.512195121951216,8.292682926829269
E00052931,141,40,13,27,101,93,8,28.368794326241137,9.219858156028367,19.148936170212767,71.63120567375887,65.95744680851064,5.673758865248227
E00052932,104,42,20,22,62,56,6,40.38461538461539,19.230769230769234,21.153846153846153,59.61538461538461,53.84615384615385,5.769230769230769
E00052933,133,49,18,31,84,75,9,36.84210526315789,13.533834586466165,23.308270676691727,63.1578947368421,56.390977443609025,6.7669172932330826
E00052934,105,34,15,19,71,69,2,32.38095238095238,14.285714285714285,18.095238095238095,67.61904761904762,65.71428571428571,1.9047619047619049
E00052935,100,28,8,20,72,62,10,28.000000000000004,8,20,72,62,10
E00052936,166,67,28,39,99,89,10,40.36144578313253,16.867469879518072,23.49397590361446,59.63855421686747,53.6144578313253,6.024096385542169
E00052937,129,41,7,34,88,78,10,31.782945736434108,5.426356589147287,26.356589147286826,68.21705426356588,60.46511627906976,7.751937984496124
E00052938,152,56,16,40,96,86,10,36.84210526315789,10.526315789473683,26.31578947368421,63.1578947368421,56.57894736842105,6.578947368421052
E00052939,170,45,16,29,125,112,13,26.47058823529412,9.411764705882353,17.058823529411764,73.52941176470588,65.88235294117646,7.647058823529412
E00052940,81,26,6,20,55,52,3,32.098765432098766,7.4074074074074066,24.691358024691358,67.90123456790124,64.19753086419753,3.7037037037037033
E00052941,114,40,15,25,74,68,6,35.08771929824561,13.157894736842104,21.929824561403507,64.91228070175438,59.64912280701754,5.263157894736842
E00052943,114,43,20,23,71,63,8,37.719298245614034,17.543859649122805,20.175438596491226,62.28070175438597,55.26315789473685,7.017543859649122
E00052944,160,41,13,28,119,104,15,25.624999999999996,8.125,17.5,74.375,65,9.375
E00052945,125,48,14,34,77,67,10,38.4,11.200000000000001,27.200000000000003,61.6,53.6,8
E00052946,162,54,15,39,108,93,15,33.33333333333333,9.25925925925926,24.074074074074073,66.66666666666666,57.407407407407405,9.25925925925926
E00052947,159,48,12,36,111,93,18,30.18867924528302,7.547169811320755,22.641509433962266,69.81132075471697,58.490566037735846,11.320754716981133
E00052948,184,43,12,31,141,109,32,23.369565217391305,6.521739130434782,16.847826086956523,76.63043478260869,59.2391304347826,17.391304347826086
E00052949,162,53,8,45,109,95,14,32.71604938271605,4.938271604938271,27.77777777777778,67.28395061728395,58.64197530864198,8.641975308641975
E00052950,116,30,9,21,86,78,8,25.862068965517242,7.758620689655173,18.103448275862068,74.13793103448276,67.24137931034483,6.896551724137931
E00052951,132,46,16,30,86,80,6,34.84848484848485,12.121212121212121,22.727272727272727,65.15151515151516,60.60606060606061,4.545454545454546
E00052952,149,54,21,33,95,87,8,36.241610738255034,14.093959731543624,22.14765100671141,63.758389261744966,58.38926174496645,5.369127516778524
E00052953,143,48,5,43,95,85,10,33.56643356643357,3.4965034965034967,30.069930069930066,66.43356643356644,59.44055944055944,6.993006993006993
E00052954,135,41,10,31,94,84,10,30.37037037037037,7.4074074074074066,22.962962962962962,69.62962962962963,62.22222222222222,7.4074074074074066
E00052955,146,39,12,27,107,89,18,26.71232876712329,8.21917808219178,18.493150684931507,73.28767123287672,60.95890410958904,12.32876712328767
E00052956,187,45,9,36,142,133,9,24.06417112299465,4.81283422459893,19.25133689839572,75.93582887700535,71.12299465240642,4.81283422459893
E00052957,140,43,17,26,97,87,10,30.714285714285715,12.142857142857142,18.571428571428573,69.28571428571428,62.142857142857146,7.142857142857142
E00052958,156,41,16,25,115,98,17,26.282051282051285,10.256410256410255,16.025641025641026,73.71794871794873,62.82051282051282,10.897435897435898
E00052959,134,43,14,29,91,76,15,32.08955223880597,10.44776119402985,21.641791044776117,67.91044776119402,56.71641791044776,11.194029850746269
E00052960,94,25,8,17,69,55,14,26.595744680851062,8.51063829787234,18.085106382978726,73.40425531914893,58.51063829787234,14.893617021276595
E00052961,178,59,13,46,119,100,19,33.146067415730336,7.303370786516854,25.842696629213485,66.85393258426966,56.17977528089888,10.674157303370785
E00052962,127,38,9,29,89,83,6,29.92125984251969,7.086614173228346,22.83464566929134,70.07874015748031,65.35433070866141,4.724409448818897
E00052963,138,31,6,25,107,95,12,22.463768115942027,4.3478260869565215,18.115942028985508,77.53623188405797,68.84057971014492,8.695652173913043
E00052964,121,38,15,23,83,69,14,31.40495867768595,12.396694214876034,19.00826446280992,68.59504132231406,57.02479338842975,11.570247933884298
E00052965,168,40,12,28,128,104,24,23.809523809523807,7.142857142857142,16.666666666666664,76.19047619047619,61.904761904761905,14.285714285714285
E00052966,134,38,10,28,96,69,27,28.35820895522388,7.462686567164178,20.8955223880597,71.64179104477611,51.49253731343284,20.149253731343283
E00052967,72,32,13,19,40,35,5,44.44444444444444,18.055555555555554,26.38888888888889,55.55555555555556,48.61111111111111,6.944444444444445
E00052968,151,47,14,33,104,93,11,31.125827814569533,9.271523178807946,21.85430463576159,68.87417218543047,61.58940397350994,7.28476821192053
E00052969,160,40,9,31,120,114,6,25,5.625,19.375,75,71.25,3.75
E00052970,182,47,20,27,135,115,20,25.82417582417583,10.989010989010989,14.835164835164836,74.17582417582418,63.18681318681318,10.989010989010989
E00052971,153,48,21,27,105,94,11,31.372549019607842,13.725490196078432,17.647058823529413,68.62745098039215,61.43790849673203,7.18954248366013
E00052972,162,48,17,31,114,95,19,29.629629629629626,10.493827160493826,19.1358024691358,70.37037037037037,58.64197530864198,11.728395061728394
E00052973,124,36,15,21,88,76,12,29.03225806451613,12.096774193548388,16.93548387096774,70.96774193548387,61.29032258064516,9.67741935483871
E00052974,152,46,17,29,106,92,14,30.263157894736842,11.18421052631579,19.078947368421055,69.73684210526315,60.526315789473685,9.210526315789473
E00052975,121,36,8,28,85,68,17,29.75206611570248,6.6115702479338845,23.140495867768596,70.24793388429752,56.19834710743802,14.049586776859504
E00052976,193,54,20,34,139,117,22,27.979274611398964,10.362694300518134,17.616580310880828,72.02072538860104,60.62176165803109,11.398963730569948
E00052977,85,26,10,16,59,51,8,30.58823529411765,11.76470588235294,18.823529411764707,69.41176470588235,60,9.411764705882353
E00052978,95,33,13,20,62,53,9,34.73684210526316,13.684210526315791,21.052631578947366,65.26315789473685,55.78947368421052,9.473684210526317
E00052979,53,12,2,10,41,36,5,22.641509433962266,3.7735849056603774,18.867924528301888,77.35849056603774,67.9245283018868,9.433962264150944
E00052980,132,35,14,21,97,81,16,26.515151515151516,10.606060606060606,15.909090909090908,73.48484848484848,61.36363636363637,12.121212121212121
E00052981,65,23,6,17,42,41,1,35.38461538461539,9.230769230769232,26.153846153846157,64.61538461538461,63.07692307692307,1.5384615384615385
E00052982,52,21,11,10,31,30,1,40.38461538461539,21.153846153846153,19.230769230769234,59.61538461538461,57.692307692307686,1.9230769230769231
E00052983,100,46,10,36,54,47,7,46,10,36,54,47,7.000000000000001
E00052984,115,42,15,27,73,59,14,36.52173913043478,13.043478260869565,23.47826086956522,63.47826086956522,51.30434782608696,12.173913043478262
E00052985,153,39,13,26,114,97,17,25.49019607843137,8.49673202614379,16.99346405228758,74.50980392156863,63.39869281045751,11.11111111111111
E00052986,162,47,17,30,115,91,24,29.01234567901235,10.493827160493826,18.51851851851852,70.98765432098766,56.17283950617284,14.814814814814813
E00052987,136,40,9,31,96,85,11,29.411764705882355,6.61764705882353,22.794117647058822,70.58823529411765,62.5,8.088235294117647
E00052988,112,29,8,21,83,70,13,25.892857142857146,7.142857142857142,18.75,74.10714285714286,62.5,11.607142857142858
E00052989,150,31,7,24,119,107,12,20.666666666666668,4.666666666666667,16,79.33333333333333,71.33333333333334,8
E00052990,123,38,12,26,85,75,10,30.89430894308943,9.75609756097561,21.138211382113823,69.10569105691057,60.97560975609756,8.130081300813007
E00052991,165,47,9,38,118,109,9,28.484848484848484,5.454545454545454,23.03030303030303,71.51515151515152,66.06060606060606,5.454545454545454
E00052992,148,38,12,26,110,102,8,25.675675675675674,8.108108108108109,17.56756756756757,74.32432432432432,68.91891891891892,5.405405405405405
E00052993,171,47,17,30,124,102,22,27.485380116959064,9.941520467836257,17.543859649122805,72.51461988304094,59.64912280701754,12.865497076023392
E00052994,128,36,13,23,92,82,10,28.125,10.15625,17.96875,71.875,64.0625,7.8125
E00052995,143,49,17,32,94,75,19,34.26573426573427,11.888111888111888,22.377622377622377,65.73426573426573,52.44755244755245,13.286713286713287
E00052996,161,42,11,31,119,104,15,26.08695652173913,6.832298136645963,19.25465838509317,73.91304347826086,64.59627329192547,9.316770186335404
E00052997,139,30,12,18,109,99,10,21.58273381294964,8.633093525179856,12.949640287769784,78.41726618705036,71.22302158273382,7.1942446043165464
E00052998,140,38,9,29,102,91,11,27.142857142857142,6.428571428571428,20.714285714285715,72.85714285714285,65,7.857142857142857
E00052999,151,45,15,30,106,94,12,29.80132450331126,9.933774834437086,19.867549668874172,70.19867549668875,62.251655629139066,7.9470198675496695
E00053000,125,34,7,27,91,83,8,27.200000000000003,5.6000000000000005,21.6,72.8,66.4,6.4
E00053001,123,40,11,29,83,71,12,32.52032520325203,8.94308943089431,23.577235772357724,67.47967479674797,57.72357723577236,9.75609756097561
E00053002,160,43,16,27,117,104,13,26.875,10,16.875,73.125,65,8.125
E00053003,162,36,9,27,126,119,7,22.22222222222222,5.555555555555555,16.666666666666664,77.77777777777779,73.4567901234568,4.320987654320987
E00053004,85,18,6,12,67,60,7,21.176470588235293,7.0588235294117645,14.117647058823529,78.82352941176471,70.58823529411765,8.235294117647058
E00053005,106,42,8,34,64,61,3,39.62264150943396,7.547169811320755,32.075471698113205,60.37735849056604,57.54716981132076,2.8301886792452833
E00053006,128,29,10,19,99,88,11,22.65625,7.8125,14.84375,77.34375,68.75,8.59375
E00053007,144,45,9,36,99,91,8,31.25,6.25,25,68.75,63.19444444444444,5.555555555555555
E00053008,149,54,9,45,95,81,14,36.241610738255034,6.0402684563758395,30.201342281879196,63.758389261744966,54.36241610738255,9.395973154362416
E00053009,154,46,17,29,108,91,17,29.87012987012987,11.03896103896104,18.83116883116883,70.12987012987013,59.09090909090909,11.03896103896104
E00053010,133,35,10,25,98,85,13,26.31578947368421,7.518796992481203,18.796992481203006,73.68421052631578,63.90977443609023,9.774436090225564
E00053011,202,40,9,31,162,140,22,19.801980198019802,4.455445544554455,15.346534653465346,80.19801980198021,69.3069306930693,10.891089108910892
E00053012,109,35,9,26,74,66,8,32.11009174311927,8.256880733944955,23.853211009174313,67.88990825688074,60.550458715596335,7.339449541284404
E00053013,146,36,11,25,110,93,17,24.65753424657534,7.534246575342466,17.123287671232877,75.34246575342466,63.6986301369863,11.643835616438356
E00053014,154,43,11,32,111,103,8,27.92207792207792,7.142857142857142,20.77922077922078,72.07792207792207,66.88311688311688,5.194805194805195
E00053015,155,34,7,27,121,104,17,21.935483870967744,4.516129032258064,17.419354838709676,78.06451612903226,67.0967741935484,10.967741935483872
E00053016,79,24,10,14,55,45,10,30.37974683544304,12.658227848101266,17.72151898734177,69.62025316455697,56.9620253164557,12.658227848101266
E00053017,146,42,15,27,104,82,22,28.767123287671232,10.273972602739725,18.493150684931507,71.23287671232876,56.16438356164384,15.068493150684931
E00053018,186,48,17,31,138,124,14,25.806451612903224,9.13978494623656,16.666666666666664,74.19354838709677,66.66666666666666,7.526881720430108
E00053019,138,52,17,35,86,75,11,37.68115942028986,12.318840579710146,25.36231884057971,62.31884057971014,54.347826086956516,7.971014492753622
E00053020,128,34,13,21,94,86,8,26.5625,10.15625,16.40625,73.4375,67.1875,6.25
E00053021,45,13,6,7,32,30,2,28.888888888888886,13.333333333333334,15.555555555555555,71.11111111111111,66.66666666666666,4.444444444444445
E00053022,109,22,6,16,87,71,16,20.18348623853211,5.5045871559633035,14.678899082568808,79.81651376146789,65.13761467889908,14.678899082568808
E00053023,136,38,12,26,98,86,12,27.941176470588236,8.823529411764707,19.11764705882353,72.05882352941177,63.23529411764706,8.823529411764707
E00053024,176,45,11,34,131,114,17,25.568181818181817,6.25,19.318181818181817,74.43181818181817,64.77272727272727,9.659090909090908
E00053025,115,35,9,26,80,73,7,30.434782608695656,7.82608695652174,22.608695652173914,69.56521739130434,63.47826086956522,6.086956521739131
E00053026,107,30,13,17,77,69,8,28.037383177570092,12.149532710280374,15.887850467289718,71.96261682242991,64.48598130841121,7.476635514018691
E00053027,171,50,18,32,121,103,18,29.239766081871345,10.526315789473683,18.71345029239766,70.76023391812866,60.23391812865497,10.526315789473683
E00053028,123,33,10,23,90,76,14,26.82926829268293,8.130081300813007,18.69918699186992,73.17073170731707,61.78861788617886,11.38211382113821
E00053029,129,33,1,32,96,86,10,25.581395348837212,0.7751937984496124,24.8062015503876,74.4186046511628,66.66666666666666,7.751937984496124
E00053030,170,41,15,26,129,108,21,24.11764705882353,8.823529411764707,15.294117647058824,75.88235294117646,63.52941176470588,12.352941176470589
E00053031,270,63,25,38,207,164,43,23.333333333333332,9.25925925925926,14.074074074074074,76.66666666666667,60.74074074074074,15.925925925925927
E00053032,165,44,13,31,121,110,11,26.666666666666668,7.878787878787878,18.787878787878785,73.33333333333333,66.66666666666666,6.666666666666667
E00053033,102,16,1,15,86,72,14,15.686274509803921,0.9803921568627451,14.705882352941178,84.31372549019608,70.58823529411765,13.725490196078432
E00053034,108,49,16,33,59,54,5,45.370370370370374,14.814814814814813,30.555555555555557,54.629629629629626,50,4.62962962962963
E00053035,162,45,20,25,117,98,19,27.77777777777778,12.345679012345679,15.432098765432098,72.22222222222221,60.49382716049383,11.728395061728394
E00053036,113,31,3,28,82,62,20,27.43362831858407,2.6548672566371683,24.778761061946902,72.56637168141593,54.86725663716814,17.699115044247787
E00053037,98,23,9,14,75,62,13,23.46938775510204,9.183673469387756,14.285714285714285,76.53061224489795,63.26530612244898,13.26530612244898
E00053038,128,31,14,17,97,85,12,24.21875,10.9375,13.28125,75.78125,66.40625,9.375
E00053039,103,30,17,13,73,54,19,29.126213592233007,16.50485436893204,12.62135922330097,70.87378640776699,52.42718446601942,18.446601941747574
E00053040,147,36,15,21,111,98,13,24.489795918367346,10.204081632653061,14.285714285714285,75.51020408163265,66.66666666666666,8.843537414965986
E00053041,125,30,7,23,95,83,12,24,5.6000000000000005,18.4,76,66.4,9.6
E00053042,141,38,13,25,103,96,7,26.95035460992908,9.219858156028367,17.73049645390071,73.04964539007092,68.08510638297872,4.964539007092199
E00053043,108,28,6,22,80,67,13,25.925925925925924,5.555555555555555,20.37037037037037,74.07407407407408,62.03703703703704,12.037037037037036
E00053044,156,37,11,26,119,95,24,23.717948717948715,7.051282051282051,16.666666666666664,76.28205128205127,60.89743589743589,15.384615384615385
E00053045,113,26,6,20,87,70,17,23.008849557522122,5.3097345132743365,17.699115044247787,76.99115044247787,61.94690265486725,15.04424778761062
E00053046,100,27,7,20,73,65,8,27,7.000000000000001,20,73,65,8
E00053047,96,33,9,24,63,54,9,34.375,9.375,25,65.625,56.25,9.375
E00053048,150,40,12,28,110,95,15,26.666666666666668,8,18.666666666666668,73.33333333333333,63.33333333333333,10
E00053049,100,33,10,23,67,60,7,33,10,23,67,60,7.000000000000001
E00053050,101,25,4,21,76,68,8,24.752475247524753,3.9603960396039604,20.792079207920793,75.24752475247524,67.32673267326733,7.920792079207921
E00053051,154,31,6,25,123,108,15,20.12987012987013,3.896103896103896,16.233766233766232,79.87012987012987,70.12987012987013,9.740259740259742
E00053052,106,32,9,23,74,68,6,30.18867924528302,8.49056603773585,21.69811320754717,69.81132075471697,64.15094339622641,5.660377358490567
E00053053,130,38,15,23,92,83,9,29.230769230769234,11.538461538461538,17.692307692307693,70.76923076923077,63.84615384615384,6.923076923076923
E00053054,106,37,7,30,69,52,17,34.90566037735849,6.60377358490566,28.30188679245283,65.09433962264151,49.056603773584904,16.037735849056602
E00053055,151,40,14,26,111,98,13,26.490066225165563,9.271523178807946,17.218543046357617,73.50993377483444,64.90066225165563,8.609271523178808
E00053056,110,30,12,18,80,73,7,27.27272727272727,10.909090909090908,16.363636363636363,72.72727272727273,66.36363636363637,6.363636363636363
E00053057,138,38,14,24,100,93,7,27.536231884057973,10.144927536231885,17.391304347826086,72.46376811594203,67.3913043478261,5.072463768115942
E00053058,164,49,18,31,115,98,17,29.878048780487802,10.975609756097562,18.902439024390244,70.1219512195122,59.756097560975604,10.365853658536585
E00053059,225,63,19,44,162,142,20,28.000000000000004,8.444444444444445,19.555555555555557,72,63.11111111111111,8.88888888888889
E00053060,194,41,17,24,153,139,14,21.1340206185567,8.762886597938143,12.371134020618557,78.8659793814433,71.64948453608247,7.216494845360824
E00053061,111,35,7,28,76,70,6,31.53153153153153,6.306306306306306,25.225225225225223,68.46846846846847,63.06306306306306,5.405405405405405
E00053062,117,37,12,25,80,70,10,31.62393162393162,10.256410256410255,21.367521367521366,68.37606837606837,59.82905982905983,8.547008547008547
E00053063,209,58,22,36,151,137,14,27.751196172248804,10.526315789473683,17.22488038277512,72.24880382775119,65.55023923444976,6.698564593301436
E00053064,56,13,1,12,43,41,2,23.214285714285715,1.7857142857142856,21.428571428571427,76.78571428571429,73.21428571428571,3.571428571428571
E00053065,124,27,11,16,97,86,11,21.774193548387096,8.870967741935484,12.903225806451612,78.2258064516129,69.35483870967742,8.870967741935484
E00053066,126,39,15,24,87,80,7,30.952380952380953,11.904761904761903,19.047619047619047,69.04761904761905,63.49206349206349,5.555555555555555
E00053067,140,37,10,27,103,92,11,26.42857142857143,7.142857142857142,19.28571428571429,73.57142857142858,65.71428571428571,7.857142857142857
E00053068,90,29,5,24,61,55,6,32.22222222222222,5.555555555555555,26.666666666666668,67.77777777777779,61.111111111111114,6.666666666666667
E00053069,90,21,6,15,69,66,3,23.333333333333332,6.666666666666667,16.666666666666664,76.66666666666667,73.33333333333333,3.3333333333333335
E00053070,119,37,15,22,82,71,11,31.092436974789916,12.605042016806722,18.487394957983195,68.90756302521008,59.66386554621849,9.243697478991598
E00053071,147,42,11,31,105,96,9,28.57142857142857,7.482993197278912,21.08843537414966,71.42857142857143,65.3061224489796,6.122448979591836
E00053072,157,47,21,26,110,98,12,29.936305732484076,13.375796178343949,16.560509554140125,70.06369426751591,62.42038216560509,7.643312101910828
E00053073,156,37,14,23,119,108,11,23.717948717948715,8.974358974358974,14.743589743589745,76.28205128205127,69.23076923076923,7.051282051282051
E00053074,134,36,9,27,98,82,16,26.865671641791046,6.7164179104477615,20.149253731343283,73.13432835820896,61.19402985074627,11.940298507462686
E00053075,66,16,9,7,50,43,7,24.242424242424242,13.636363636363635,10.606060606060606,75.75757575757575,65.15151515151516,10.606060606060606
E00053076,138,38,13,25,100,82,18,27.536231884057973,9.420289855072465,18.115942028985508,72.46376811594203,59.42028985507246,13.043478260869565
E00053077,162,53,14,39,109,101,8,32.71604938271605,8.641975308641975,24.074074074074073,67.28395061728395,62.34567901234568,4.938271604938271
E00053078,176,45,9,36,131,107,24,25.568181818181817,5.113636363636364,20.454545454545457,74.43181818181817,60.79545454545454,13.636363636363635
E00053079,135,41,13,28,94,82,12,30.37037037037037,9.62962962962963,20.74074074074074,69.62962962962963,60.74074074074074,8.88888888888889
E00053080,55,14,8,6,41,34,7,25.454545454545453,14.545454545454545,10.909090909090908,74.54545454545455,61.81818181818181,12.727272727272727
E00053081,168,32,14,18,136,109,27,19.047619047619047,8.333333333333332,10.714285714285714,80.95238095238095,64.88095238095238,16.071428571428573
E00053082,211,69,20,49,142,129,13,32.70142180094787,9.47867298578199,23.22274881516588,67.29857819905213,61.137440758293835,6.161137440758294
E00053083,171,47,15,32,124,113,11,27.485380116959064,8.771929824561402,18.71345029239766,72.51461988304094,66.08187134502924,6.432748538011696
E00053084,198,53,21,32,145,128,17,26.767676767676768,10.606060606060606,16.161616161616163,73.23232323232324,64.64646464646465,8.585858585858585
E00053085,159,40,11,29,119,102,17,25.157232704402517,6.918238993710692,18.238993710691823,74.84276729559748,64.15094339622641,10.69182389937107
E00053086,171,56,17,39,115,104,11,32.748538011695906,9.941520467836257,22.807017543859647,67.2514619883041,60.81871345029239,6.432748538011696
E00053087,84,21,9,12,63,53,10,25,10.714285714285714,14.285714285714285,75,63.095238095238095,11.904761904761903
E00053088,231,67,25,42,164,131,33,29.004329004329005,10.822510822510822,18.181818181818183,70.995670995671,56.709956709956714,14.285714285714285
E00053089,181,42,14,28,139,125,14,23.204419889502763,7.734806629834254,15.469613259668508,76.79558011049724,69.06077348066299,7.734806629834254
E00053090,194,50,19,31,144,130,14,25.773195876288657,9.793814432989691,15.979381443298967,74.22680412371135,67.0103092783505,7.216494845360824
E00053091,187,56,22,34,131,109,22,29.946524064171122,11.76470588235294,18.181818181818183,70.05347593582889,58.288770053475936,11.76470588235294
E00053092,171,52,20,32,119,104,15,30.409356725146196,11.695906432748536,18.71345029239766,69.5906432748538,60.81871345029239,8.771929824561402
E00053093,146,36,8,28,110,93,17,24.65753424657534,5.47945205479452,19.17808219178082,75.34246575342466,63.6986301369863,11.643835616438356
E00053094,99,32,7,25,67,60,7,32.323232323232325,7.07070707070707,25.252525252525253,67.67676767676768,60.60606060606061,7.07070707070707
E00053095,205,65,12,53,140,126,14,31.70731707317073,5.853658536585367,25.853658536585368,68.29268292682927,61.46341463414634,6.829268292682928
E00053096,147,33,10,23,114,102,12,22.448979591836736,6.802721088435375,15.646258503401361,77.55102040816327,69.38775510204081,8.16326530612245
E00053097,148,44,7,37,104,87,17,29.72972972972973,4.72972972972973,25,70.27027027027027,58.78378378378378,11.486486486486488
E00053098,88,27,8,19,61,50,11,30.681818181818183,9.090909090909092,21.59090909090909,69.31818181818183,56.81818181818182,12.5
E00053099,186,55,13,42,131,109,22,29.56989247311828,6.989247311827956,22.58064516129032,70.43010752688173,58.602150537634415,11.827956989247312
E00053100,166,50,15,35,116,100,16,30.120481927710845,9.036144578313253,21.084337349397593,69.87951807228916,60.24096385542169,9.63855421686747
E00053101,143,45,12,33,98,85,13,31.46853146853147,8.391608391608392,23.076923076923077,68.53146853146853,59.44055944055944,9.090909090909092
E00053102,155,43,14,29,112,94,18,27.741935483870968,9.032258064516128,18.70967741935484,72.25806451612902,60.64516129032258,11.612903225806452
E00053103,168,48,22,26,120,101,19,28.57142857142857,13.095238095238097,15.476190476190476,71.42857142857143,60.11904761904761,11.30952380952381
E00053104,126,34,17,17,92,86,6,26.984126984126984,13.492063492063492,13.492063492063492,73.01587301587301,68.25396825396825,4.761904761904762
E00053105,140,30,12,18,110,96,14,21.428571428571427,8.571428571428571,12.857142857142856,78.57142857142857,68.57142857142857,10
E00053106,157,45,10,35,112,104,8,28.662420382165603,6.369426751592357,22.29299363057325,71.3375796178344,66.2420382165605,5.095541401273886
E00053107,152,35,13,22,117,105,12,23.026315789473685,8.552631578947368,14.473684210526317,76.97368421052632,69.07894736842105,7.894736842105263
E00053108,165,49,11,38,116,103,13,29.6969696969697,6.666666666666667,23.03030303030303,70.3030303030303,62.42424242424243,7.878787878787878
E00053109,156,39,13,26,117,99,18,25,8.333333333333332,16.666666666666664,75,63.46153846153846,11.538461538461538
E00053110,161,47,17,30,114,102,12,29.19254658385093,10.559006211180124,18.633540372670808,70.80745341614907,63.35403726708074,7.453416149068323
E00053111,178,57,12,45,121,102,19,32.02247191011236,6.741573033707865,25.280898876404496,67.97752808988764,57.30337078651685,10.674157303370785
E00053112,178,45,14,31,133,121,12,25.280898876404496,7.865168539325842,17.415730337078653,74.71910112359551,67.97752808988764,6.741573033707865
E00053113,111,41,13,28,70,64,6,36.93693693693694,11.711711711711711,25.225225225225223,63.06306306306306,57.65765765765766,5.405405405405405
E00053114,177,43,12,31,134,118,16,24.293785310734464,6.779661016949152,17.51412429378531,75.70621468926554,66.66666666666666,9.03954802259887
E00053115,142,39,14,25,103,90,13,27.464788732394368,9.859154929577464,17.6056338028169,72.53521126760563,63.38028169014085,9.15492957746479
E00053116,119,49,8,41,70,62,8,41.17647058823529,6.722689075630252,34.45378151260504,58.82352941176471,52.10084033613446,6.722689075630252
E00053117,146,49,16,33,97,90,7,33.56164383561644,10.95890410958904,22.602739726027394,66.43835616438356,61.64383561643836,4.794520547945205
E00053118,84,25,8,17,59,51,8,29.761904761904763,9.523809523809524,20.238095238095237,70.23809523809523,60.71428571428571,9.523809523809524
E00053119,128,42,13,29,86,68,18,32.8125,10.15625,22.65625,67.1875,53.125,14.0625
E00053120,78,26,15,11,52,45,7,33.33333333333333,19.230769230769234,14.102564102564102,66.66666666666666,57.692307692307686,8.974358974358974
E00053121,210,43,17,26,167,153,14,20.476190476190474,8.095238095238095,12.380952380952381,79.52380952380952,72.85714285714285,6.666666666666667
E00053122,153,46,16,30,107,96,11,30.065359477124183,10.457516339869281,19.607843137254903,69.93464052287581,62.745098039215684,7.18954248366013
E00053123,131,50,24,26,81,71,10,38.16793893129771,18.3206106870229,19.84732824427481,61.832061068702295,54.19847328244275,7.633587786259542
E00053124,203,45,9,36,158,150,8,22.167487684729064,4.433497536945813,17.733990147783253,77.83251231527095,73.89162561576354,3.9408866995073892
E00053125,190,53,16,37,137,120,17,27.89473684210526,8.421052631578947,19.473684210526315,72.10526315789474,63.1578947368421,8.947368421052632
E00053126,122,30,10,20,92,81,11,24.59016393442623,8.19672131147541,16.39344262295082,75.40983606557377,66.39344262295081,9.01639344262295
E00053127,149,57,23,34,92,82,10,38.25503355704698,15.436241610738255,22.818791946308725,61.74496644295302,55.033557046979865,6.7114093959731544
E00053128,154,36,5,31,118,97,21,23.376623376623375,3.2467532467532463,20.12987012987013,76.62337662337663,62.98701298701299,13.636363636363635
E00053129,117,35,9,26,82,72,10,29.914529914529915,7.6923076923076925,22.22222222222222,70.08547008547008,61.53846153846154,8.547008547008547
E00053130,173,60,18,42,113,93,20,34.68208092485549,10.404624277456648,24.277456647398843,65.3179190751445,53.75722543352601,11.560693641618498
E00053131,166,49,14,35,117,105,12,29.518072289156628,8.433734939759036,21.084337349397593,70.48192771084338,63.25301204819277,7.228915662650602
E00053132,156,41,15,26,115,102,13,26.282051282051285,9.615384615384617,16.666666666666664,73.71794871794873,65.38461538461539,8.333333333333332
E00053133,175,51,19,32,124,106,18,29.142857142857142,10.857142857142858,18.285714285714285,70.85714285714285,60.57142857142858,10.285714285714285
E00053134,155,60,33,27,95,88,7,38.70967741935484,21.29032258064516,17.419354838709676,61.29032258064516,56.774193548387096,4.516129032258064
E00053135,273,85,28,57,188,164,24,31.135531135531135,10.256410256410255,20.87912087912088,68.86446886446886,60.07326007326007,8.791208791208792
E00053136,137,39,14,25,98,86,12,28.467153284671532,10.218978102189782,18.248175182481752,71.53284671532847,62.77372262773723,8.75912408759124
E00053137,99,40,20,20,59,53,6,40.4040404040404,20.2020202020202,20.2020202020202,59.59595959595959,53.535353535353536,6.0606060606060606
E00053138,101,41,15,26,60,56,4,40.5940594059406,14.85148514851485,25.742574257425744,59.4059405940594,55.44554455445545,3.9603960396039604
E00053139,150,49,21,28,101,93,8,32.666666666666664,14.000000000000002,18.666666666666668,67.33333333333333,62,5.333333333333334
E00053140,110,41,19,22,69,67,2,37.27272727272727,17.272727272727273,20,62.727272727272734,60.909090909090914,1.8181818181818181
E00053141,126,45,10,35,81,76,5,35.714285714285715,7.936507936507936,27.77777777777778,64.28571428571429,60.317460317460316,3.968253968253968
E00053142,122,42,15,27,80,73,7,34.42622950819672,12.295081967213115,22.131147540983605,65.57377049180327,59.83606557377049,5.737704918032787
E00053144,132,81,36,45,51,42,9,61.36363636363637,27.27272727272727,34.090909090909086,38.63636363636363,31.818181818181817,6.8181818181818175
E00053145,115,36,11,25,79,67,12,31.30434782608696,9.565217391304348,21.73913043478261,68.69565217391305,58.26086956521739,10.434782608695652
E00053146,168,47,19,28,121,108,13,27.976190476190478,11.30952380952381,16.666666666666664,72.02380952380952,64.28571428571429,7.738095238095238
E00053147,196,36,10,26,160,132,28,18.367346938775512,5.1020408163265305,13.26530612244898,81.63265306122449,67.3469387755102,14.285714285714285
E00053148,172,53,23,30,119,100,19,30.813953488372093,13.372093023255813,17.441860465116278,69.18604651162791,58.139534883720934,11.046511627906977
E00053149,158,53,16,37,105,96,9,33.54430379746836,10.126582278481013,23.417721518987342,66.45569620253164,60.75949367088608,5.69620253164557
E00053151,135,37,12,25,98,84,14,27.40740740740741,8.88888888888889,18.51851851851852,72.5925925925926,62.22222222222222,10.37037037037037
E00053152,261,73,28,45,188,162,26,27.969348659003828,10.727969348659004,17.24137931034483,72.03065134099617,62.06896551724138,9.961685823754788
E00053153,156,47,14,33,109,98,11,30.128205128205128,8.974358974358974,21.153846153846153,69.87179487179486,62.82051282051282,7.051282051282051
E00053154,185,63,24,39,122,100,22,34.054054054054056,12.972972972972974,21.08108108108108,65.94594594594595,54.054054054054056,11.891891891891893
E00053155,139,48,8,40,91,81,10,34.53237410071942,5.755395683453238,28.776978417266186,65.46762589928058,58.27338129496403,7.1942446043165464
E00053156,155,50,14,36,105,96,9,32.25806451612903,9.032258064516128,23.225806451612904,67.74193548387096,61.935483870967744,5.806451612903226
E00053157,121,38,13,25,83,69,14,31.40495867768595,10.743801652892563,20.66115702479339,68.59504132231406,57.02479338842975,11.570247933884298
E00053158,118,41,13,28,77,60,17,34.74576271186441,11.016949152542372,23.728813559322035,65.2542372881356,50.847457627118644,14.40677966101695
E00053159,194,48,18,30,146,128,18,24.742268041237114,9.278350515463918,15.463917525773196,75.25773195876289,65.97938144329896,9.278350515463918
E00053160,125,34,13,21,91,79,12,27.200000000000003,10.4,16.8,72.8,63.2,9.6
E00053161,179,31,11,20,148,128,20,17.318435754189945,6.145251396648044,11.1731843575419,82.68156424581005,71.50837988826815,11.1731843575419
E00053162,142,47,11,36,95,85,10,33.098591549295776,7.746478873239436,25.352112676056336,66.90140845070422,59.859154929577464,7.042253521126761
E00053163,170,48,13,35,122,104,18,28.235294117647058,7.647058823529412,20.588235294117645,71.76470588235294,61.1764705882353,10.588235294117647
E00053164,145,39,13,26,106,88,18,26.89655172413793,8.96551724137931,17.93103448275862,73.10344827586206,60.689655172413794,12.413793103448276
E00053165,159,45,14,31,114,102,12,28.30188679245283,8.80503144654088,19.49685534591195,71.69811320754717,64.15094339622641,7.547169811320755
E00053166,48,11,2,9,37,36,1,22.916666666666664,4.166666666666666,18.75,77.08333333333334,75,2.083333333333333
E00053167,87,23,1,22,64,60,4,26.436781609195403,1.1494252873563218,25.287356321839084,73.5632183908046,68.96551724137932,4.597701149425287
E00053168,158,40,7,33,118,112,6,25.31645569620253,4.430379746835443,20.88607594936709,74.68354430379746,70.88607594936708,3.79746835443038
E00053169,149,41,14,27,108,99,9,27.516778523489933,9.395973154362416,18.120805369127517,72.48322147651007,66.44295302013423,6.0402684563758395
E00053170,142,50,16,34,92,81,11,35.2112676056338,11.267605633802818,23.943661971830984,64.7887323943662,57.04225352112676,7.746478873239436
E00053171,106,37,15,22,69,59,10,34.90566037735849,14.150943396226415,20.754716981132077,65.09433962264151,55.660377358490564,9.433962264150944
E00053172,152,44,9,35,108,103,5,28.947368421052634,5.921052631578947,23.026315789473685,71.05263157894737,67.76315789473685,3.289473684210526
E00053173,201,59,12,47,142,129,13,29.35323383084577,5.970149253731343,23.383084577114428,70.64676616915423,64.17910447761194,6.467661691542288
E00053174,152,42,15,27,110,94,16,27.631578947368425,9.868421052631579,17.763157894736842,72.36842105263158,61.8421052631579,10.526315789473683
E00053175,129,33,10,23,96,81,15,25.581395348837212,7.751937984496124,17.829457364341085,74.4186046511628,62.7906976744186,11.627906976744185
E00053176,175,51,18,33,124,109,15,29.142857142857142,10.285714285714285,18.857142857142858,70.85714285714285,62.28571428571429,8.571428571428571
E00053177,139,40,17,23,99,88,11,28.776978417266186,12.23021582733813,16.546762589928058,71.22302158273382,63.30935251798561,7.913669064748201
E00053178,201,65,16,49,136,117,19,32.33830845771145,7.960199004975125,24.378109452736318,67.66169154228857,58.2089552238806,9.45273631840796
E00053179,106,41,15,26,65,53,12,38.67924528301887,14.150943396226415,24.528301886792452,61.32075471698113,50,11.320754716981133
E00053180,158,49,18,31,109,92,17,31.0126582278481,11.39240506329114,19.62025316455696,68.9873417721519,58.22784810126582,10.759493670886076
E00053181,183,57,17,40,126,111,15,31.147540983606557,9.289617486338798,21.85792349726776,68.85245901639344,60.65573770491803,8.19672131147541
E00053182,121,32,11,21,89,77,12,26.446280991735538,9.090909090909092,17.355371900826448,73.55371900826447,63.63636363636363,9.917355371900827
E00053183,151,48,19,29,103,89,14,31.788079470198678,12.582781456953644,19.205298013245034,68.21192052980133,58.94039735099338,9.271523178807946
E00053184,132,31,8,23,101,91,10,23.484848484848484,6.0606060606060606,17.424242424242426,76.51515151515152,68.93939393939394,7.575757575757576
E00053185,106,26,1,25,80,71,9,24.528301886792452,0.9433962264150944,23.58490566037736,75.47169811320755,66.98113207547169,8.49056603773585
E00053186,147,40,18,22,107,96,11,27.2108843537415,12.244897959183673,14.965986394557824,72.78911564625851,65.3061224489796,7.482993197278912
E00053187,118,29,4,25,89,77,12,24.576271186440678,3.389830508474576,21.1864406779661,75.42372881355932,65.2542372881356,10.16949152542373
E00053188,132,35,8,27,97,89,8,26.515151515151516,6.0606060606060606,20.454545454545457,73.48484848484848,67.42424242424242,6.0606060606060606
E00053189,151,40,13,27,111,95,16,26.490066225165563,8.609271523178808,17.880794701986755,73.50993377483444,62.913907284768214,10.596026490066226
E00053190,133,45,10,35,88,75,13,33.83458646616541,7.518796992481203,26.31578947368421,66.16541353383458,56.390977443609025,9.774436090225564
E00053191,114,23,7,16,91,78,13,20.175438596491226,6.140350877192982,14.035087719298245,79.82456140350878,68.42105263157895,11.403508771929824
E00053192,116,31,8,23,85,77,8,26.72413793103448,6.896551724137931,19.82758620689655,73.27586206896551,66.37931034482759,6.896551724137931
E00053193,114,34,9,25,80,67,13,29.82456140350877,7.894736842105263,21.929824561403507,70.17543859649122,58.77192982456141,11.403508771929824
E00053194,116,32,7,25,84,72,12,27.586206896551722,6.0344827586206895,21.551724137931032,72.41379310344827,62.06896551724138,10.344827586206897
E00053195,154,58,17,41,96,88,8,37.66233766233766,11.03896103896104,26.623376623376622,62.33766233766234,57.14285714285714,5.194805194805195
E00053196,64,24,8,16,40,35,5,37.5,12.5,25,62.5,54.6875,7.8125
E00053197,162,51,17,34,111,95,16,31.48148148148148,10.493827160493826,20.98765432098765,68.51851851851852,58.64197530864198,9.876543209876543
E00053198,146,38,12,26,108,91,17,26.027397260273972,8.21917808219178,17.80821917808219,73.97260273972603,62.328767123287676,11.643835616438356
E00053199,109,34,9,25,75,62,13,31.19266055045872,8.256880733944955,22.93577981651376,68.80733944954129,56.88073394495413,11.926605504587156
E00053200,155,42,10,32,113,92,21,27.09677419354839,6.451612903225806,20.64516129032258,72.90322580645162,59.354838709677416,13.548387096774196
E00053201,129,35,12,23,94,79,15,27.131782945736433,9.30232558139535,17.829457364341085,72.86821705426357,61.240310077519375,11.627906976744185
E00053202,198,52,23,29,146,112,34,26.262626262626267,11.616161616161616,14.646464646464647,73.73737373737373,56.56565656565656,17.17171717171717
E00053203,97,35,12,23,62,55,7,36.08247422680412,12.371134020618557,23.711340206185564,63.91752577319587,56.70103092783505,7.216494845360824
E00053204,112,45,12,33,67,57,10,40.17857142857143,10.714285714285714,29.464285714285715,59.82142857142857,50.89285714285714,8.928571428571429
E00053205,144,49,18,31,95,87,8,34.02777777777778,12.5,21.52777777777778,65.97222222222221,60.416666666666664,5.555555555555555
E00053206,148,42,16,26,106,93,13,28.37837837837838,10.81081081081081,17.56756756756757,71.62162162162163,62.83783783783784,8.783783783783784
E00053207,139,46,15,31,93,75,18,33.093525179856115,10.79136690647482,22.302158273381295,66.90647482014388,53.956834532374096,12.949640287769784
E00053208,144,29,10,19,115,101,14,20.13888888888889,6.944444444444445,13.194444444444445,79.86111111111111,70.13888888888889,9.722222222222223
E00053209,169,43,17,26,126,108,18,25.443786982248522,10.059171597633137,15.384615384615385,74.55621301775149,63.905325443786985,10.650887573964498
E00053210,134,34,5,29,100,90,10,25.37313432835821,3.731343283582089,21.641791044776117,74.6268656716418,67.16417910447761,7.462686567164178
E00053211,140,55,17,38,85,75,10,39.285714285714285,12.142857142857142,27.142857142857142,60.71428571428571,53.57142857142857,7.142857142857142
E00053212,159,48,7,41,111,93,18,30.18867924528302,4.40251572327044,25.78616352201258,69.81132075471697,58.490566037735846,11.320754716981133
E00053213,167,49,19,30,118,108,10,29.34131736526946,11.377245508982035,17.964071856287426,70.65868263473054,64.67065868263472,5.9880239520958085
E00053214,164,48,10,38,116,99,17,29.268292682926827,6.097560975609756,23.170731707317074,70.73170731707317,60.36585365853659,10.365853658536585
E00053215,182,54,18,36,128,120,8,29.67032967032967,9.89010989010989,19.78021978021978,70.32967032967034,65.93406593406593,4.395604395604396
E00053216,172,39,14,25,133,105,28,22.674418604651162,8.13953488372093,14.534883720930234,77.32558139534885,61.04651162790697,16.27906976744186
E00053217,199,44,14,30,155,136,19,22.110552763819097,7.035175879396985,15.07537688442211,77.88944723618091,68.34170854271356,9.547738693467336
E00053218,141,32,8,24,109,88,21,22.69503546099291,5.673758865248227,17.02127659574468,77.30496453900709,62.4113475177305,14.893617021276595
E00053219,165,45,13,32,120,102,18,27.27272727272727,7.878787878787878,19.393939393939394,72.72727272727273,61.81818181818181,10.909090909090908
E00053220,177,52,13,39,125,115,10,29.37853107344633,7.344632768361582,22.033898305084744,70.62146892655367,64.97175141242938,5.649717514124294
E00053221,178,43,9,34,135,124,11,24.15730337078652,5.056179775280898,19.101123595505616,75.84269662921348,69.66292134831461,6.179775280898876
E00053223,149,39,15,24,110,100,10,26.174496644295303,10.06711409395973,16.10738255033557,73.8255033557047,67.11409395973155,6.7114093959731544
E00053224,184,56,15,41,128,112,16,30.434782608695656,8.152173913043478,22.282608695652172,69.56521739130434,60.86956521739131,8.695652173913043
E00053225,128,32,13,19,96,85,11,25,10.15625,14.84375,75,66.40625,8.59375
E00053226,108,34,13,21,74,58,16,31.48148148148148,12.037037037037036,19.444444444444446,68.51851851851852,53.70370370370371,14.814814814814813
E00053227,175,55,16,39,120,110,10,31.428571428571427,9.142857142857142,22.285714285714285,68.57142857142857,62.857142857142854,5.714285714285714
E00053228,144,53,25,28,91,76,15,36.80555555555556,17.36111111111111,19.444444444444446,63.19444444444444,52.77777777777778,10.416666666666668
E00053229,106,33,13,20,73,61,12,31.132075471698112,12.264150943396226,18.867924528301888,68.86792452830188,57.54716981132076,11.320754716981133
E00053230,109,20,5,15,89,77,12,18.34862385321101,4.587155963302752,13.761467889908257,81.65137614678899,70.64220183486239,11.009174311926607
E00053231,112,33,12,21,79,70,9,29.464285714285715,10.714285714285714,18.75,70.53571428571429,62.5,8.035714285714286
E00053232,107,34,6,28,73,68,5,31.775700934579437,5.607476635514018,26.168224299065418,68.22429906542055,63.55140186915887,4.672897196261682
E00053233,101,29,6,23,72,67,5,28.71287128712871,5.9405940594059405,22.772277227722775,71.28712871287128,66.33663366336634,4.9504950495049505
E00053234,126,34,11,23,92,84,8,26.984126984126984,8.73015873015873,18.253968253968253,73.01587301587301,66.66666666666666,6.349206349206349
E00053235,89,29,6,23,60,54,6,32.58426966292135,6.741573033707865,25.842696629213485,67.41573033707866,60.67415730337079,6.741573033707865
E00053236,107,39,11,28,68,60,8,36.44859813084112,10.2803738317757,26.168224299065418,63.55140186915887,56.074766355140184,7.476635514018691
E00053237,107,32,8,24,75,66,9,29.906542056074763,7.476635514018691,22.429906542056074,70.09345794392523,61.6822429906542,8.411214953271028
E00053238,82,31,7,24,51,45,6,37.80487804878049,8.536585365853659,29.268292682926827,62.19512195121951,54.87804878048781,7.317073170731707
E00053239,160,41,18,23,119,85,34,25.624999999999996,11.25,14.374999999999998,74.375,53.125,21.25
E00053240,152,52,22,30,100,90,10,34.21052631578947,14.473684210526317,19.736842105263158,65.78947368421053,59.210526315789465,6.578947368421052
E00053241,133,35,13,22,98,87,11,26.31578947368421,9.774436090225564,16.541353383458645,73.68421052631578,65.41353383458647,8.270676691729323
E00053242,158,41,14,27,117,90,27,25.949367088607595,8.860759493670885,17.088607594936708,74.0506329113924,56.9620253164557,17.088607594936708
E00053243,129,47,12,35,82,73,9,36.434108527131784,9.30232558139535,27.131782945736433,63.565891472868216,56.58914728682171,6.976744186046512
E00053244,184,50,25,25,134,109,25,27.173913043478258,13.586956521739129,13.586956521739129,72.82608695652173,59.2391304347826,13.586956521739129
E00053245,164,42,19,23,122,94,28,25.609756097560975,11.585365853658537,14.02439024390244,74.39024390243902,57.3170731707317,17.073170731707318
E00053246,71,19,4,15,52,40,12,26.76056338028169,5.633802816901409,21.12676056338028,73.23943661971832,56.33802816901409,16.901408450704224
E00053247,77,25,5,20,52,46,6,32.467532467532465,6.493506493506493,25.97402597402597,67.53246753246754,59.74025974025974,7.792207792207792
E00053248,95,22,6,16,73,67,6,23.157894736842106,6.315789473684211,16.842105263157894,76.84210526315789,70.52631578947368,6.315789473684211
E00053249,120,36,10,26,84,74,10,30,8.333333333333332,21.666666666666668,70,61.66666666666667,8.333333333333332
E00053250,99,39,9,30,60,51,9,39.39393939393939,9.090909090909092,30.303030303030305,60.60606060606061,51.515151515151516,9.090909090909092
E00053251,111,33,10,23,78,71,7,29.72972972972973,9.00900900900901,20.72072072072072,70.27027027027027,63.96396396396396,6.306306306306306
E00053252,106,34,14,20,72,60,12,32.075471698113205,13.20754716981132,18.867924528301888,67.9245283018868,56.60377358490566,11.320754716981133
E00053253,94,31,7,24,63,53,10,32.97872340425532,7.446808510638298,25.53191489361702,67.02127659574468,56.38297872340425,10.638297872340425
E00053254,57,29,8,21,28,27,1,50.877192982456144,14.035087719298245,36.84210526315789,49.122807017543856,47.368421052631575,1.7543859649122806
E00053255,89,30,13,17,59,46,13,33.70786516853933,14.606741573033707,19.101123595505616,66.29213483146067,51.68539325842697,14.606741573033707
E00053256,131,35,4,31,96,87,9,26.717557251908396,3.0534351145038165,23.66412213740458,73.2824427480916,66.41221374045801,6.870229007633588
E00053257,147,47,16,31,100,88,12,31.97278911564626,10.884353741496598,21.08843537414966,68.02721088435374,59.863945578231295,8.16326530612245
E00053258,152,46,16,30,106,89,17,30.263157894736842,10.526315789473683,19.736842105263158,69.73684210526315,58.55263157894737,11.18421052631579
E00053259,75,14,3,11,61,53,8,18.666666666666668,4,14.666666666666666,81.33333333333333,70.66666666666667,10.666666666666668
E00053260,82,27,9,18,55,46,9,32.926829268292686,10.975609756097562,21.951219512195124,67.07317073170732,56.09756097560976,10.975609756097562
E00053261,107,31,12,19,76,58,18,28.971962616822427,11.214953271028037,17.75700934579439,71.02803738317756,54.20560747663551,16.822429906542055
E00053262,107,28,11,17,79,71,8,26.168224299065418,10.2803738317757,15.887850467289718,73.83177570093457,66.35514018691589,7.476635514018691
E00053263,151,47,14,33,104,88,16,31.125827814569533,9.271523178807946,21.85430463576159,68.87417218543047,58.27814569536424,10.596026490066226
E00053264,143,40,13,27,103,85,18,27.972027972027973,9.090909090909092,18.88111888111888,72.02797202797203,59.44055944055944,12.587412587412588
E00053265,159,30,7,23,129,106,23,18.867924528301888,4.40251572327044,14.465408805031446,81.13207547169812,66.66666666666666,14.465408805031446
E00053266,101,37,16,21,64,52,12,36.633663366336634,15.841584158415841,20.792079207920793,63.366336633663366,51.48514851485149,11.881188118811881
E00053267,130,44,16,28,86,75,11,33.84615384615385,12.307692307692308,21.53846153846154,66.15384615384615,57.692307692307686,8.461538461538462
E00053268,133,38,10,28,95,84,11,28.57142857142857,7.518796992481203,21.052631578947366,71.42857142857143,63.1578947368421,8.270676691729323
E00053269,134,41,22,19,93,68,25,30.597014925373134,16.417910447761194,14.17910447761194,69.40298507462687,50.74626865671642,18.65671641791045
E00053270,120,32,14,18,88,78,10,26.666666666666668,11.666666666666666,15,73.33333333333333,65,8.333333333333332
E00053271,159,36,11,25,123,101,22,22.641509433962266,6.918238993710692,15.723270440251572,77.35849056603774,63.52201257861635,13.836477987421384
E00053272,159,54,24,30,105,87,18,33.9622641509434,15.09433962264151,18.867924528301888,66.0377358490566,54.71698113207547,11.320754716981133
E00053273,160,42,15,27,118,105,13,26.25,9.375,16.875,73.75,65.625,8.125
E00053274,120,45,11,34,75,71,4,37.5,9.166666666666666,28.333333333333332,62.5,59.166666666666664,3.3333333333333335
E00053275,139,49,17,32,90,76,14,35.25179856115108,12.23021582733813,23.021582733812952,64.74820143884892,54.67625899280576,10.071942446043165
E00053276,140,39,18,21,101,90,11,27.857142857142858,12.857142857142856,15,72.14285714285714,64.28571428571429,7.857142857142857
E00053277,156,44,21,23,112,99,13,28.205128205128204,13.461538461538462,14.743589743589745,71.7948717948718,63.46153846153846,8.333333333333332
E00053278,172,56,16,40,116,110,6,32.55813953488372,9.30232558139535,23.25581395348837,67.44186046511628,63.95348837209303,3.488372093023256
E00053279,113,28,5,23,85,72,13,24.778761061946902,4.424778761061947,20.353982300884958,75.22123893805309,63.716814159292035,11.504424778761061
E00053280,162,50,17,33,112,96,16,30.864197530864196,10.493827160493826,20.37037037037037,69.1358024691358,59.25925925925925,9.876543209876543
E00053281,138,40,11,29,98,90,8,28.985507246376812,7.971014492753622,21.014492753623188,71.01449275362319,65.21739130434783,5.797101449275362
E00053282,111,38,9,29,73,64,9,34.234234234234236,8.108108108108109,26.126126126126124,65.76576576576578,57.65765765765766,8.108108108108109
E00053283,100,30,3,27,70,59,11,30,3,27,70,59,11
E00053284,147,37,14,23,110,93,17,25.170068027210885,9.523809523809524,15.646258503401361,74.82993197278913,63.26530612244898,11.564625850340136
E00053285,85,20,6,14,65,61,4,23.52941176470588,7.0588235294117645,16.470588235294116,76.47058823529412,71.76470588235294,4.705882352941177
E00053286,147,47,16,31,100,89,11,31.97278911564626,10.884353741496598,21.08843537414966,68.02721088435374,60.544217687074834,7.482993197278912
E00053287,127,30,8,22,97,80,17,23.62204724409449,6.299212598425196,17.322834645669293,76.37795275590551,62.99212598425197,13.385826771653544
E00053288,114,42,6,36,72,61,11,36.84210526315789,5.263157894736842,31.57894736842105,63.1578947368421,53.50877192982456,9.649122807017543
E00053289,127,35,11,24,92,85,7,27.559055118110237,8.661417322834646,18.89763779527559,72.44094488188976,66.92913385826772,5.511811023622047
E00053290,99,24,5,19,75,64,11,24.242424242424242,5.05050505050505,19.19191919191919,75.75757575757575,64.64646464646465,11.11111111111111
E00053291,144,40,17,23,104,90,14,27.77777777777778,11.805555555555555,15.972222222222221,72.22222222222221,62.5,9.722222222222223
E00053292,114,32,4,28,82,76,6,28.07017543859649,3.508771929824561,24.561403508771928,71.9298245614035,66.66666666666666,5.263157894736842
E00053293,109,30,6,24,79,71,8,27.522935779816514,5.5045871559633035,22.018348623853214,72.47706422018348,65.13761467889908,7.339449541284404
E00053294,136,41,10,31,95,83,12,30.14705882352941,7.352941176470589,22.794117647058822,69.85294117647058,61.029411764705884,8.823529411764707
E00053295,145,33,9,24,112,101,11,22.758620689655174,6.206896551724138,16.551724137931036,77.24137931034483,69.6551724137931,7.586206896551724
E00053296,125,44,8,36,81,73,8,35.199999999999996,6.4,28.799999999999997,64.8,58.4,6.4
E00053297,143,41,13,28,102,91,11,28.671328671328673,9.090909090909092,19.58041958041958,71.32867132867133,63.63636363636363,7.6923076923076925
E00053298,113,38,11,27,75,69,6,33.6283185840708,9.734513274336283,23.893805309734514,66.3716814159292,61.06194690265486,5.3097345132743365
E00053299,145,40,14,26,105,94,11,27.586206896551722,9.655172413793103,17.93103448275862,72.41379310344827,64.82758620689654,7.586206896551724
E00053300,125,29,7,22,96,80,16,23.200000000000003,5.6000000000000005,17.599999999999998,76.8,64,12.8
E00053301,105,23,0,23,82,76,6,21.904761904761905,0,21.904761904761905,78.0952380952381,72.38095238095238,5.714285714285714
E00053302,175,47,17,30,128,111,17,26.857142857142858,9.714285714285714,17.142857142857142,73.14285714285714,63.42857142857142,9.714285714285714
E00053303,117,35,11,24,82,66,16,29.914529914529915,9.401709401709402,20.51282051282051,70.08547008547008,56.41025641025641,13.675213675213676
E00053304,116,37,11,26,79,71,8,31.896551724137932,9.482758620689655,22.413793103448278,68.10344827586206,61.206896551724135,6.896551724137931
E00053305,107,34,6,28,73,66,7,31.775700934579437,5.607476635514018,26.168224299065418,68.22429906542055,61.6822429906542,6.5420560747663545
E00053306,110,31,6,25,79,72,7,28.18181818181818,5.454545454545454,22.727272727272727,71.81818181818181,65.45454545454545,6.363636363636363
E00053307,183,43,16,27,140,124,16,23.497267759562842,8.743169398907105,14.754098360655737,76.50273224043715,67.75956284153006,8.743169398907105
E00053308,62,23,9,14,39,33,6,37.096774193548384,14.516129032258066,22.58064516129032,62.903225806451616,53.2258064516129,9.67741935483871
E00053309,112,41,7,34,71,66,5,36.607142857142854,6.25,30.357142857142854,63.39285714285714,58.92857142857143,4.464285714285714
E00053310,99,39,10,29,60,59,1,39.39393939393939,10.1010101010101,29.292929292929294,60.60606060606061,59.59595959595959,1.0101010101010102
E00053311,137,51,10,41,86,81,5,37.22627737226277,7.2992700729927,29.927007299270077,62.77372262773723,59.12408759124088,3.64963503649635
E00053312,131,43,12,31,88,79,9,32.82442748091603,9.16030534351145,23.66412213740458,67.17557251908397,60.30534351145038,6.870229007633588
E00053313,87,30,4,26,57,50,7,34.48275862068966,4.597701149425287,29.88505747126437,65.51724137931035,57.47126436781609,8.045977011494253
E00053314,125,38,12,26,87,76,11,30.4,9.6,20.8,69.6,60.8,8.799999999999999
E00053315,120,30,9,21,90,80,10,25,7.5,17.5,75,66.66666666666666,8.333333333333332
E00053316,146,45,14,31,101,93,8,30.82191780821918,9.58904109589041,21.232876712328768,69.17808219178082,63.6986301369863,5.47945205479452
E00053317,135,40,10,30,95,76,19,29.629629629629626,7.4074074074074066,22.22222222222222,70.37037037037037,56.2962962962963,14.074074074074074
E00053318,118,32,7,25,86,76,10,27.11864406779661,5.932203389830509,21.1864406779661,72.88135593220339,64.40677966101694,8.47457627118644
E00053319,138,41,11,30,97,90,7,29.71014492753623,7.971014492753622,21.73913043478261,70.28985507246377,65.21739130434783,5.072463768115942
E00053320,173,48,15,33,125,115,10,27.74566473988439,8.670520231213873,19.07514450867052,72.25433526011561,66.47398843930635,5.780346820809249
E00053321,160,39,10,29,121,98,23,24.375,6.25,18.125,75.625,61.25000000000001,14.374999999999998
E00053322,138,37,9,28,101,87,14,26.811594202898554,6.521739130434782,20.28985507246377,73.18840579710145,63.04347826086957,10.144927536231885
E00053324,131,38,8,30,93,80,13,29.00763358778626,6.106870229007633,22.900763358778626,70.99236641221374,61.06870229007634,9.923664122137405
E00053326,56,18,7,11,38,30,8,32.142857142857146,12.5,19.642857142857142,67.85714285714286,53.57142857142857,14.285714285714285
E00053327,162,34,7,27,128,110,18,20.98765432098765,4.320987654320987,16.666666666666664,79.01234567901234,67.90123456790124,11.11111111111111
E00053328,111,34,17,17,77,68,9,30.630630630630627,15.315315315315313,15.315315315315313,69.36936936936937,61.261261261261254,8.108108108108109
E00053329,128,39,12,27,89,78,11,30.46875,9.375,21.09375,69.53125,60.9375,8.59375
E00053330,125,44,20,24,81,71,10,35.199999999999996,16,19.2,64.8,56.8,8
E00053331,142,45,14,31,97,85,12,31.690140845070424,9.859154929577464,21.830985915492956,68.30985915492957,59.859154929577464,8.450704225352112
E00053332,106,34,11,23,72,60,12,32.075471698113205,10.377358490566039,21.69811320754717,67.9245283018868,56.60377358490566,11.320754716981133
E00053333,130,35,12,23,95,84,11,26.923076923076923,9.230769230769232,17.692307692307693,73.07692307692307,64.61538461538461,8.461538461538462
E00053334,170,42,14,28,128,111,17,24.705882352941178,8.235294117647058,16.470588235294116,75.29411764705883,65.29411764705883,10
E00053335,127,38,10,28,89,77,12,29.92125984251969,7.874015748031496,22.04724409448819,70.07874015748031,60.629921259842526,9.448818897637794
E00053336,137,52,18,34,85,80,5,37.95620437956204,13.138686131386862,24.817518248175183,62.04379562043796,58.3941605839416,3.64963503649635
E00053337,74,30,7,23,44,32,12,40.54054054054054,9.45945945945946,31.08108108108108,59.45945945945946,43.24324324324324,16.216216216216218
E00053338,156,46,10,36,110,90,20,29.48717948717949,6.41025641025641,23.076923076923077,70.51282051282051,57.692307692307686,12.82051282051282
E00053339,136,40,6,34,96,84,12,29.411764705882355,4.411764705882353,25,70.58823529411765,61.76470588235294,8.823529411764707
E00053340,148,48,15,33,100,90,10,32.432432432432435,10.135135135135135,22.2972972972973,67.56756756756756,60.810810810810814,6.756756756756757
E00053341,54,21,6,15,33,26,7,38.88888888888889,11.11111111111111,27.77777777777778,61.111111111111114,48.148148148148145,12.962962962962962
E00053342,139,41,10,31,98,88,10,29.496402877697843,7.1942446043165464,22.302158273381295,70.50359712230215,63.30935251798561,7.1942446043165464
E00053343,167,52,21,31,115,104,11,31.137724550898206,12.574850299401197,18.562874251497004,68.8622754491018,62.27544910179641,6.58682634730539
E00053344,134,35,13,22,99,84,15,26.119402985074625,9.701492537313433,16.417910447761194,73.88059701492537,62.68656716417911,11.194029850746269
E00053345,104,34,9,25,70,61,9,32.69230769230769,8.653846153846153,24.03846153846154,67.3076923076923,58.65384615384615,8.653846153846153
E00053346,132,34,9,25,98,92,6,25.757575757575758,6.8181818181818175,18.939393939393938,74.24242424242425,69.6969696969697,4.545454545454546
E00053347,108,28,8,20,80,65,15,25.925925925925924,7.4074074074074066,18.51851851851852,74.07407407407408,60.18518518518518,13.88888888888889
E00053348,94,27,7,20,67,61,6,28.723404255319153,7.446808510638298,21.27659574468085,71.27659574468085,64.8936170212766,6.382978723404255
E00053349,125,37,7,30,88,79,9,29.599999999999998,5.6000000000000005,24,70.39999999999999,63.2,7.199999999999999
E00053350,121,31,10,21,90,81,9,25.6198347107438,8.264462809917356,17.355371900826448,74.3801652892562,66.94214876033058,7.43801652892562
E00053351,135,32,13,19,103,93,10,23.703703703703706,9.62962962962963,14.074074074074074,76.29629629629629,68.88888888888889,7.4074074074074066
E00053352,119,39,16,23,80,69,11,32.773109243697476,13.445378151260504,19.327731092436977,67.22689075630252,57.98319327731093,9.243697478991598
E00167318,151,74,45,29,77,56,21,49.00662251655629,29.80132450331126,19.205298013245034,50.993377483443716,37.086092715231786,13.90728476821192
E00167320,98,23,4,19,75,66,9,23.46938775510204,4.081632653061225,19.387755102040817,76.53061224489795,67.3469387755102,9.183673469387756
E00167321,192,49,18,31,143,125,18,25.520833333333332,9.375,16.145833333333336,74.47916666666666,65.10416666666666,9.375
E00167325,90,18,8,10,72,62,10,20,8.88888888888889,11.11111111111111,80,68.88888888888889,11.11111111111111
E00167326,205,32,8,24,173,162,11,15.609756097560975,3.902439024390244,11.707317073170733,84.39024390243902,79.02439024390245,5.365853658536586
E00167328,193,66,10,56,127,106,21,34.196891191709845,5.181347150259067,29.015544041450774,65.80310880829016,54.92227979274611,10.880829015544041
E00167329,143,38,10,28,105,99,6,26.573426573426573,6.993006993006993,19.58041958041958,73.42657342657343,69.23076923076923,4.195804195804196
E00167331,162,36,10,26,126,114,12,22.22222222222222,6.172839506172839,16.049382716049383,77.77777777777779,70.37037037037037,7.4074074074074066
E00167332,170,42,8,34,128,117,11,24.705882352941178,4.705882352941177,20,75.29411764705883,68.82352941176471,6.470588235294119
E00167334,114,30,12,18,84,71,13,26.31578947368421,10.526315789473683,15.789473684210526,73.68421052631578,62.28070175438597,11.403508771929824
E00167335,47,14,6,8,33,31,2,29.78723404255319,12.76595744680851,17.02127659574468,70.2127659574468,65.95744680851064,4.25531914893617
E00167337,205,50,13,37,155,136,19,24.390243902439025,6.341463414634147,18.048780487804876,75.60975609756098,66.34146341463415,9.268292682926829
E00167339,114,25,6,19,89,76,13,21.929824561403507,5.263157894736842,16.666666666666664,78.0701754385965,66.66666666666666,11.403508771929824
E00167340,135,40,8,32,95,85,10,29.629629629629626,5.9259259259259265,23.703703703703706,70.37037037037037,62.96296296296296,7.4074074074074066
E00167342,217,34,11,23,183,159,24,15.668202764976957,5.0691244239631335,10.599078341013826,84.33179723502305,73.27188940092167,11.059907834101383
E00167343,74,24,6,18,50,44,6,32.432432432432435,8.108108108108109,24.324324324324326,67.56756756756756,59.45945945945946,8.108108108108109
E00167345,139,32,14,18,107,94,13,23.021582733812952,10.071942446043165,12.949640287769784,76.97841726618705,67.62589928057554,9.352517985611511
E00167346,108,34,11,23,74,68,6,31.48148148148148,10.185185185185185,21.296296296296298,68.51851851851852,62.96296296296296,5.555555555555555
E00167348,262,77,23,54,185,151,34,29.389312977099237,8.778625954198473,20.610687022900763,70.61068702290076,57.63358778625955,12.977099236641221
E00181849,209,63,20,43,146,112,34,30.14354066985646,9.569377990430622,20.574162679425836,69.85645933014354,53.588516746411486,16.267942583732058
E00181851,225,49,12,37,176,159,17,21.777777777777775,5.333333333333334,16.444444444444446,78.22222222222223,70.66666666666667,7.555555555555555
E00181853,242,53,11,42,189,166,23,21.90082644628099,4.545454545454546,17.355371900826448,78.099173553719,68.59504132231406,9.50413223140496
E00181854,201,147,72,75,54,46,8,73.13432835820896,35.82089552238806,37.3134328358209,26.865671641791046,22.885572139303484,3.9800995024875623
E00181856,76,15,3,12,61,56,5,19.736842105263158,3.9473684210526314,15.789473684210526,80.26315789473685,73.68421052631578,6.578947368421052
E00181859,222,36,9,27,186,167,19,16.216216216216218,4.054054054054054,12.162162162162163,83.78378378378379,75.22522522522522,8.558558558558559
E00181860,62,19,0,19,43,38,5,30.64516129032258,0,30.64516129032258,69.35483870967742,61.29032258064516,8.064516129032258
E00181861,200,36,11,25,164,146,18,18,5.5,12.5,82,73,9
E00181864,110,24,7,17,86,78,8,21.818181818181817,6.363636363636363,15.454545454545453,78.18181818181819,70.9090909090909,7.2727272727272725
E00181865,39,9,0,9,30,24,6,23.076923076923077,0,23.076923076923077,76.92307692307693,61.53846153846154,15.384615384615385
E00181868,330,56,15,41,274,232,42,16.969696969696972,4.545454545454546,12.424242424242424,83.03030303030303,70.3030303030303,12.727272727272727
E00181869,171,41,9,32,130,113,17,23.976608187134502,5.263157894736842,18.71345029239766,76.0233918128655,66.08187134502924,9.941520467836257
E00181870,176,32,7,25,144,131,13,18.181818181818183,3.977272727272727,14.204545454545455,81.81818181818183,74.43181818181817,7.386363636363637
E00181872,106,27,10,17,79,72,7,25.471698113207548,9.433962264150944,16.037735849056602,74.52830188679245,67.9245283018868,6.60377358490566
E00181873,197,53,9,44,144,121,23,26.903553299492383,4.568527918781726,22.33502538071066,73.09644670050761,61.42131979695431,11.6751269035533
E00181875,46,11,4,7,35,20,15,23.91304347826087,8.695652173913043,15.217391304347828,76.08695652173914,43.47826086956522,32.608695652173914
E00181878,193,39,11,28,154,135,19,20.207253886010363,5.699481865284974,14.507772020725387,79.79274611398964,69.94818652849742,9.844559585492227
E00181880,165,43,12,31,122,101,21,26.060606060606062,7.2727272727272725,18.787878787878785,73.93939393939394,61.212121212121204,12.727272727272727
E00181881,150,19,5,14,131,115,16,12.666666666666668,3.3333333333333335,9.333333333333334,87.33333333333333,76.66666666666667,10.666666666666668
E00181882,147,18,4,14,129,113,16,12.244897959183673,2.7210884353741496,9.523809523809524,87.75510204081633,76.87074829931973,10.884353741496598
E00181883,280,73,26,47,207,181,26,26.071428571428573,9.285714285714286,16.785714285714285,73.92857142857143,64.64285714285715,9.285714285714286
E00181884,198,58,15,43,140,126,14,29.292929292929294,7.575757575757576,21.71717171717172,70.70707070707071,63.63636363636363,7.07070707070707
E00181886,83,33,13,20,50,43,7,39.75903614457831,15.66265060240964,24.096385542168676,60.24096385542169,51.80722891566265,8.433734939759036
E00181888,127,31,15,16,96,88,8,24.409448818897637,11.811023622047244,12.598425196850393,75.59055118110236,69.29133858267717,6.299212598425196
E00181889,67,32,11,21,35,30,5,47.76119402985074,16.417910447761194,31.343283582089555,52.23880597014925,44.776119402985074,7.462686567164178
E00181890,302,71,19,52,231,216,15,23.509933774834437,6.291390728476822,17.218543046357617,76.49006622516556,71.52317880794702,4.966887417218543
E00181891,90,20,9,11,70,70,0,22.22222222222222,10,12.222222222222221,77.77777777777779,77.77777777777779,0
E00181895,240,57,16,41,183,157,26,23.75,6.666666666666667,17.083333333333332,76.25,65.41666666666667,10.833333333333334
E00181897,101,25,5,20,76,67,9,24.752475247524753,4.9504950495049505,19.801980198019802,75.24752475247524,66.33663366336634,8.91089108910891
E00181903,288,66,12,54,222,190,32,22.916666666666664,4.166666666666666,18.75,77.08333333333334,65.97222222222221,11.11111111111111
E00181905,66,17,8,9,49,45,4,25.757575757575758,12.121212121212121,13.636363636363635,74.24242424242425,68.18181818181817,6.0606060606060606
E00181907,143,36,17,19,107,92,15,25.174825174825177,11.888111888111888,13.286713286713287,74.82517482517483,64.33566433566433,10.48951048951049
E00181913,232,51,10,41,181,161,20,21.982758620689655,4.310344827586207,17.67241379310345,78.01724137931035,69.39655172413794,8.620689655172415
E00181914,88,15,3,12,73,63,10,17.045454545454543,3.4090909090909087,13.636363636363635,82.95454545454545,71.5909090909091,11.363636363636363
E00181918,216,37,11,26,179,158,21,17.12962962962963,5.092592592592593,12.037037037037036,82.87037037037037,73.14814814814815,9.722222222222223
E00181920,50,11,2,9,39,36,3,22,4,18,78,72,6
E00181921,156,33,13,20,123,108,15,21.153846153846153,8.333333333333332,12.82051282051282,78.84615384615384,69.23076923076923,9.615384615384617
E00181922,192,35,17,18,157,143,14,18.229166666666664,8.854166666666668,9.375,81.77083333333334,74.47916666666666,7.291666666666667
E00181924,48,12,3,9,36,30,6,25,6.25,18.75,75,62.5,12.5
E00181925,105,35,12,23,70,63,7,33.33333333333333,11.428571428571429,21.904761904761905,66.66666666666666,60,6.666666666666667
