OA,ts0380001,ts0380002,ts0380003,ts0380004,ts0380005,ts0380006,ts0380007,ts0380002_PCT,ts0380003_PCT,ts0380004_PCT,ts0380005_PCT,ts0380006_PCT,ts0380007_PCT
E00052578,476,93,43,50,383,31,352,19.537815126050422,9.033613445378151,10.504201680672269,80.46218487394958,6.512605042016808,73.94957983193278
E00052579,287,55,20,35,232,14,218,19.16376306620209,6.968641114982578,12.195121951219512,80.8362369337979,4.878048780487805,75.9581881533101
E00052580,326,59,29,30,267,15,252,18.098159509202453,8.895705521472392,9.202453987730062,81.90184049079755,4.601226993865031,77.30061349693251
E00052581,308,65,32,33,243,20,223,21.1038961038961,10.38961038961039,10.714285714285714,78.8961038961039,6.493506493506493,72.40259740259741
E00052582,362,62,25,37,300,17,283,17.12707182320442,6.906077348066299,10.220994475138122,82.87292817679558,4.696132596685083,78.1767955801105
E00052583,292,49,24,25,243,4,239,16.78082191780822,8.21917808219178,8.561643835616438,83.21917808219177,1.36986301369863,81.84931506849315
E00052585,285,67,29,38,218,13,205,23.50877192982456,10.175438596491228,13.333333333333334,76.49122807017544,4.56140350877193,71.9298245614035
E00052587,242,50,21,29,192,10,182,20.66115702479339,8.677685950413224,11.983471074380166,79.33884297520662,4.132231404958678,75.20661157024794
E00052588,260,53,24,29,207,11,196,20.384615384615383,9.230769230769232,11.153846153846155,79.61538461538461,4.230769230769231,75.38461538461539
E00052589,297,59,35,24,238,20,218,19.865319865319865,11.784511784511785,8.080808080808081,80.13468013468014,6.7340067340067336,73.4006734006734
E00052590,266,40,15,25,226,17,209,15.037593984962406,5.639097744360902,9.398496240601503,84.9624060150376,6.390977443609022,78.57142857142857
E00052591,444,106,53,53,338,31,307,23.873873873873876,11.936936936936938,11.936936936936938,76.12612612612612,6.981981981981981,69.14414414414415
E00052592,314,58,28,30,256,14,242,18.471337579617835,8.9171974522293,9.554140127388536,81.52866242038218,4.45859872611465,77.07006369426752
E00052593,309,80,43,37,229,15,214,25.88996763754045,13.915857605177994,11.974110032362459,74.11003236245955,4.854368932038835,69.25566343042071
E00052594,379,102,60,42,277,17,260,26.912928759894463,15.8311345646438,11.081794195250659,73.08707124010554,4.485488126649076,68.60158311345647
E00052595,293,60,28,32,233,14,219,20.477815699658702,9.556313993174061,10.921501706484642,79.5221843003413,4.778156996587031,74.74402730375427
E00052596,285,70,35,35,215,14,201,24.561403508771928,12.280701754385964,12.280701754385964,75.43859649122807,4.912280701754386,70.52631578947368
E00052597,380,65,37,28,315,15,300,17.105263157894736,9.736842105263158,7.368421052631578,82.89473684210526,3.9473684210526314,78.94736842105263
E00052599,279,88,51,37,191,15,176,31.54121863799283,18.27956989247312,13.261648745519713,68.45878136200717,5.376344086021505,63.08243727598566
E00052600,382,86,36,50,296,17,279,22.5130890052356,9.424083769633508,13.089005235602095,77.4869109947644,4.450261780104712,73.03664921465969
E00052601,368,72,40,32,296,16,280,19.565217391304348,10.869565217391305,8.695652173913043,80.43478260869566,4.3478260869565215,76.08695652173914
E00052602,373,68,38,30,305,19,286,18.230563002680967,10.187667560321715,8.04289544235925,81.76943699731903,5.093833780160858,76.67560321715817
E00052603,539,93,46,47,446,19,427,17.25417439703154,8.534322820037106,8.719851576994433,82.74582560296847,3.525046382189239,79.22077922077922
E00052604,542,76,30,46,466,21,445,14.022140221402212,5.535055350553505,8.487084870848708,85.97785977859779,3.8745387453874542,82.10332103321034
E00052605,369,77,35,42,292,18,274,20.867208672086722,9.48509485094851,11.38211382113821,79.13279132791328,4.878048780487805,74.25474254742548
E00052606,387,89,41,48,298,13,285,22.997416020671835,10.594315245478036,12.4031007751938,77.00258397932816,3.359173126614987,73.64341085271317
E00052607,354,83,45,38,271,23,248,23.44632768361582,12.711864406779661,10.734463276836157,76.55367231638418,6.497175141242938,70.05649717514125
E00052608,482,99,42,57,383,15,368,20.539419087136928,8.71369294605809,11.825726141078837,79.46058091286307,3.112033195020747,76.34854771784232
E00052609,348,70,39,31,278,18,260,20.114942528735632,11.206896551724139,8.908045977011495,79.88505747126436,5.172413793103448,74.71264367816092
E00052611,318,57,30,27,261,21,240,17.92452830188679,9.433962264150944,8.49056603773585,82.0754716981132,6.60377358490566,75.47169811320755
E00052612,260,63,36,27,197,9,188,24.23076923076923,13.846153846153847,10.384615384615385,75.76923076923077,3.4615384615384617,72.3076923076923
E00052613,485,123,72,51,362,23,339,25.36082474226804,14.845360824742269,10.515463917525773,74.63917525773196,4.742268041237113,69.89690721649484
E00052614,324,37,16,21,287,18,269,11.419753086419753,4.938271604938271,6.481481481481481,88.58024691358025,5.555555555555555,83.0246913580247
E00052615,408,93,43,50,315,16,299,22.794117647058822,10.53921568627451,12.254901960784313,77.20588235294117,3.9215686274509802,73.2843137254902
E00052616,308,78,42,36,230,22,208,25.324675324675322,13.636363636363635,11.688311688311687,74.67532467532467,7.142857142857142,67.53246753246754
E00052617,419,76,37,39,343,17,326,18.138424821002385,8.83054892601432,9.307875894988067,81.86157517899761,4.05727923627685,77.80429594272077
E00052618,564,116,64,52,448,32,416,20.56737588652482,11.347517730496454,9.219858156028367,79.43262411347519,5.673758865248227,73.75886524822694
E00052619,392,79,45,34,313,17,296,20.153061224489797,11.479591836734695,8.673469387755102,79.8469387755102,4.336734693877551,75.51020408163265
E00052620,264,26,8,18,238,10,228,9.848484848484848,3.0303030303030303,6.8181818181818175,90.15151515151516,3.787878787878788,86.36363636363636
E00052621,339,58,22,36,281,13,268,17.10914454277286,6.489675516224189,10.619469026548673,82.89085545722715,3.8348082595870205,79.05604719764013
E00052622,364,56,25,31,308,10,298,15.384615384615385,6.868131868131869,8.516483516483516,84.61538461538461,2.7472527472527473,81.86813186813187
E00052623,323,75,36,39,248,10,238,23.219814241486066,11.145510835913312,12.074303405572756,76.78018575851394,3.0959752321981426,73.68421052631578
E00052624,319,100,47,53,219,9,210,31.347962382445143,14.733542319749215,16.614420062695924,68.65203761755487,2.8213166144200628,65.8307210031348
E00052625,317,43,11,32,274,20,254,13.564668769716087,3.4700315457413247,10.094637223974763,86.43533123028391,6.309148264984227,80.12618296529969
E00052626,288,68,31,37,220,11,209,23.61111111111111,10.76388888888889,12.847222222222221,76.38888888888889,3.8194444444444446,72.56944444444444
E00052627,342,84,39,45,258,20,238,24.561403508771928,11.403508771929824,13.157894736842104,75.43859649122807,5.847953216374268,69.5906432748538
E00052628,304,59,34,25,245,23,222,19.407894736842106,11.18421052631579,8.223684210526317,80.5921052631579,7.565789473684211,73.02631578947368
E00052629,336,66,30,36,270,11,259,19.642857142857142,8.928571428571429,10.714285714285714,80.35714285714286,3.273809523809524,77.08333333333334
E00052630,345,83,38,45,262,8,254,24.057971014492754,11.014492753623188,13.043478260869565,75.94202898550725,2.318840579710145,73.62318840579711
E00052631,522,83,38,45,439,33,406,15.900383141762454,7.2796934865900385,8.620689655172415,84.09961685823755,6.321839080459771,77.77777777777779
E00052632,393,94,42,52,299,18,281,23.918575063613233,10.687022900763358,13.231552162849871,76.08142493638677,4.580152671755725,71.50127226463104
E00052633,358,65,31,34,293,16,277,18.156424581005588,8.659217877094973,9.497206703910614,81.84357541899442,4.4692737430167595,77.37430167597765
E00052634,290,58,24,34,232,15,217,20,8.275862068965518,11.724137931034482,80,5.172413793103448,74.82758620689656
E00052635,389,71,38,33,318,17,301,18.251928020565554,9.768637532133676,8.483290488431876,81.74807197943444,4.370179948586118,77.37789203084833
E00052636,332,75,41,34,257,15,242,22.590361445783135,12.349397590361445,10.240963855421686,77.40963855421687,4.518072289156627,72.89156626506023
E00052637,270,55,18,37,215,12,203,20.37037037037037,6.666666666666667,13.703703703703704,79.62962962962963,4.444444444444445,75.18518518518519
E00052638,388,64,26,38,324,12,312,16.49484536082474,6.701030927835052,9.793814432989691,83.50515463917526,3.0927835051546393,80.41237113402062
E00052639,333,68,35,33,265,26,239,20.42042042042042,10.51051051051051,9.90990990990991,79.57957957957959,7.807807807807808,71.77177177177178
E00052640,381,61,30,31,320,16,304,16.010498687664043,7.874015748031496,8.136482939632545,83.98950131233596,4.199475065616798,79.79002624671917
E00052641,368,115,64,51,253,11,242,31.25,17.391304347826086,13.858695652173914,68.75,2.989130434782609,65.76086956521739
E00052642,302,50,16,34,252,13,239,16.55629139072848,5.298013245033113,11.258278145695364,83.44370860927152,4.304635761589404,79.13907284768213
E00052643,215,44,16,28,171,9,162,20.46511627906977,7.441860465116279,13.023255813953488,79.53488372093022,4.186046511627907,75.34883720930232
E00052644,239,77,47,30,162,12,150,32.21757322175732,19.665271966527197,12.552301255230125,67.78242677824268,5.02092050209205,62.76150627615063
E00052645,313,61,31,30,252,15,237,19.488817891373802,9.904153354632587,9.584664536741213,80.5111821086262,4.792332268370607,75.71884984025559
E00052646,262,59,30,29,203,14,189,22.519083969465647,11.450381679389313,11.068702290076336,77.48091603053436,5.343511450381679,72.13740458015268
E00052647,178,23,11,12,155,7,148,12.921348314606742,6.179775280898876,6.741573033707865,87.07865168539325,3.932584269662921,83.14606741573034
E00052648,305,42,22,20,263,17,246,13.77049180327869,7.213114754098362,6.557377049180328,86.22950819672131,5.573770491803279,80.65573770491802
E00052649,280,63,27,36,217,12,205,22.5,9.642857142857144,12.857142857142856,77.5,4.285714285714286,73.21428571428571
E00052650,267,54,20,34,213,8,205,20.224719101123593,7.490636704119851,12.734082397003746,79.7752808988764,2.9962546816479403,76.77902621722846
E00052651,297,57,27,30,240,15,225,19.19191919191919,9.090909090909092,10.1010101010101,80.8080808080808,5.05050505050505,75.75757575757575
E00052652,309,50,22,28,259,27,232,16.181229773462782,7.119741100323624,9.06148867313916,83.81877022653723,8.737864077669903,75.08090614886731
E00052653,381,75,51,24,306,19,287,19.68503937007874,13.385826771653544,6.299212598425196,80.31496062992126,4.986876640419948,75.32808398950131
E00052654,310,48,15,33,262,13,249,15.483870967741936,4.838709677419355,10.64516129032258,84.51612903225806,4.193548387096775,80.3225806451613
E00052655,317,53,29,24,264,20,244,16.7192429022082,9.14826498422713,7.570977917981073,83.2807570977918,6.309148264984227,76.97160883280758
E00052656,292,70,29,41,222,11,211,23.972602739726025,9.931506849315069,14.04109589041096,76.02739726027397,3.767123287671233,72.26027397260275
E00052657,445,78,38,40,367,19,348,17.528089887640448,8.539325842696629,8.98876404494382,82.47191011235955,4.269662921348314,78.20224719101122
E00052658,412,69,34,35,343,11,332,16.74757281553398,8.25242718446602,8.495145631067961,83.25242718446601,2.669902912621359,80.58252427184466
E00052659,456,70,37,33,386,17,369,15.350877192982457,8.114035087719298,7.236842105263158,84.64912280701753,3.7280701754385963,80.92105263157895
E00052660,439,112,87,25,327,17,310,25.512528473804103,19.81776765375854,5.694760820045558,74.4874715261959,3.8724373576309796,70.61503416856492
E00052661,464,63,36,27,401,13,388,13.577586206896552,7.758620689655173,5.818965517241379,86.42241379310344,2.8017241379310347,83.62068965517241
E00052662,330,49,22,27,281,19,262,14.84848484848485,6.666666666666667,8.181818181818182,85.15151515151516,5.757575757575758,79.39393939393939
E00052663,355,60,34,26,295,18,277,16.901408450704224,9.577464788732394,7.323943661971831,83.09859154929578,5.070422535211268,78.0281690140845
E00052664,267,73,42,31,194,3,191,27.340823970037455,15.730337078651685,11.610486891385769,72.65917602996255,1.1235955056179776,71.53558052434457
E00052665,415,61,19,42,354,17,337,14.698795180722893,4.578313253012048,10.120481927710843,85.3012048192771,4.096385542168675,81.20481927710843
E00052668,484,59,35,24,425,19,406,12.190082644628099,7.231404958677685,4.958677685950414,87.80991735537191,3.925619834710744,83.88429752066115
E00052669,300,91,44,47,209,14,195,30.333333333333336,14.666666666666666,15.666666666666668,69.66666666666667,4.666666666666667,65
E00052670,434,48,28,20,386,15,371,11.059907834101383,6.451612903225806,4.6082949308755765,88.94009216589862,3.4562211981566824,85.48387096774194
E00052671,335,47,14,33,288,18,270,14.029850746268657,4.179104477611941,9.850746268656717,85.97014925373134,5.3731343283582085,80.59701492537313
E00052673,425,64,32,32,361,24,337,15.058823529411763,7.529411764705881,7.529411764705881,84.94117647058823,5.647058823529412,79.29411764705883
E00052674,359,46,18,28,313,12,301,12.813370473537605,5.013927576601671,7.7994428969359335,87.1866295264624,3.3426183844011144,83.84401114206128
E00052675,365,64,31,33,301,17,284,17.534246575342465,8.493150684931507,9.04109589041096,82.46575342465754,4.657534246575342,77.8082191780822
E00052676,512,57,26,31,455,15,440,11.1328125,5.078125,6.0546875,88.8671875,2.9296875,85.9375
E00052677,457,83,38,45,374,15,359,18.161925601750546,8.315098468271334,9.846827133479213,81.83807439824945,3.282275711159737,78.55579868708972
E00052678,428,59,26,33,369,11,358,13.785046728971961,6.074766355140187,7.710280373831775,86.21495327102804,2.570093457943925,83.64485981308411
E00052679,372,93,43,50,279,23,256,25,11.559139784946236,13.440860215053762,75,6.182795698924731,68.81720430107528
E00052680,455,108,59,49,347,15,332,23.736263736263734,12.967032967032969,10.76923076923077,76.26373626373626,3.296703296703297,72.96703296703296
E00052681,370,51,26,25,319,19,300,13.783783783783784,7.027027027027027,6.756756756756757,86.21621621621621,5.135135135135135,81.08108108108108
E00052682,424,80,49,31,344,19,325,18.867924528301888,11.556603773584905,7.311320754716981,81.13207547169812,4.481132075471698,76.65094339622641
E00052683,324,51,21,30,273,19,254,15.74074074074074,6.481481481481481,9.25925925925926,84.25925925925925,5.864197530864197,78.39506172839506
E00052684,395,53,26,27,342,15,327,13.41772151898734,6.582278481012659,6.8354430379746836,86.58227848101265,3.79746835443038,82.78481012658227
E00052685,464,77,26,51,387,16,371,16.594827586206897,5.603448275862069,10.991379310344827,83.40517241379311,3.4482758620689653,79.95689655172413
E00052686,461,67,28,39,394,26,368,14.533622559652928,6.073752711496746,8.459869848156181,85.46637744034707,5.639913232104121,79.82646420824295
E00052687,334,64,34,30,270,9,261,19.16167664670659,10.179640718562874,8.982035928143713,80.83832335329342,2.694610778443114,78.1437125748503
E00052688,353,54,24,30,299,8,291,15.29745042492918,6.79886685552408,8.498583569405099,84.70254957507082,2.26628895184136,82.43626062322946
E00052689,361,43,21,22,318,12,306,11.911357340720222,5.8171745152354575,6.094182825484765,88.08864265927978,3.32409972299169,84.7645429362881
E00052690,249,56,23,33,193,14,179,22.48995983935743,9.236947791164658,13.253012048192772,77.51004016064257,5.622489959839357,71.8875502008032
E00052691,287,106,67,39,181,9,172,36.933797909407666,23.34494773519164,13.588850174216027,63.06620209059234,3.1358885017421603,59.93031358885017
E00052692,432,86,47,39,346,26,320,19.90740740740741,10.87962962962963,9.027777777777777,80.0925925925926,6.018518518518518,74.07407407407408
E00052693,309,41,10,31,268,35,233,13.268608414239482,3.2362459546925564,10.032362459546926,86.73139158576052,11.326860841423949,75.40453074433657
E00052694,265,72,34,38,193,12,181,27.169811320754718,12.830188679245284,14.339622641509434,72.83018867924528,4.528301886792453,68.30188679245282
E00052695,229,66,34,32,163,18,145,28.82096069868996,14.847161572052403,13.973799126637553,71.17903930131004,7.860262008733625,63.31877729257642
E00052696,445,123,62,61,322,24,298,27.640449438202246,13.93258426966292,13.707865168539326,72.35955056179775,5.393258426966292,66.96629213483146
E00052697,359,101,62,39,258,18,240,28.133704735376046,17.270194986072422,10.86350974930362,71.86629526462396,5.013927576601671,66.85236768802228
E00052698,283,92,48,44,191,12,179,32.50883392226148,16.96113074204947,15.547703180212014,67.49116607773851,4.240282685512367,63.25088339222616
E00052699,403,65,31,34,338,22,316,16.129032258064516,7.6923076923076925,8.436724565756824,83.87096774193549,5.459057071960298,78.41191066997519
E00052700,343,77,34,43,266,12,254,22.448979591836736,9.912536443148689,12.536443148688047,77.55102040816327,3.498542274052478,74.05247813411079
E00052701,366,77,30,47,289,24,265,21.03825136612022,8.19672131147541,12.841530054644808,78.96174863387978,6.557377049180328,72.40437158469946
E00052702,270,57,22,35,213,18,195,21.11111111111111,8.148148148148149,12.962962962962962,78.88888888888889,6.666666666666667,72.22222222222221
E00052703,293,48,28,20,245,25,220,16.38225255972696,9.556313993174061,6.825938566552901,83.61774744027304,8.532423208191126,75.0853242320819
E00052704,302,53,21,32,249,16,233,17.549668874172188,6.95364238410596,10.596026490066226,82.45033112582782,5.298013245033113,77.15231788079471
E00052706,288,51,25,26,237,22,215,17.708333333333336,8.680555555555555,9.027777777777777,82.29166666666666,7.638888888888889,74.65277777777779
E00052707,483,94,43,51,389,29,360,19.461697722567287,8.902691511387163,10.559006211180124,80.53830227743272,6.004140786749482,74.53416149068323
E00052709,426,89,42,47,337,18,319,20.89201877934272,9.859154929577464,11.032863849765258,79.10798122065728,4.225352112676056,74.88262910798123
E00052711,305,36,14,22,269,22,247,11.80327868852459,4.590163934426229,7.213114754098362,88.19672131147541,7.213114754098362,80.98360655737706
E00052712,238,37,16,21,201,16,185,15.546218487394958,6.722689075630252,8.823529411764707,84.45378151260505,6.722689075630252,77.73109243697479
E00052713,236,29,10,19,207,16,191,12.288135593220339,4.23728813559322,8.050847457627118,87.71186440677965,6.779661016949152,80.9322033898305
E00052714,311,35,12,23,276,26,250,11.254019292604502,3.858520900321544,7.395498392282958,88.7459807073955,8.360128617363344,80.38585209003215
E00052715,299,37,13,24,262,22,240,12.37458193979933,4.3478260869565215,8.02675585284281,87.62541806020067,7.357859531772576,80.2675585284281
E00052716,276,61,27,34,215,10,205,22.10144927536232,9.782608695652174,12.318840579710146,77.89855072463769,3.6231884057971016,74.27536231884058
E00052717,298,54,22,32,244,25,219,18.120805369127517,7.38255033557047,10.738255033557047,81.87919463087249,8.389261744966444,73.48993288590604
E00052718,309,54,17,37,255,23,232,17.475728155339805,5.501618122977346,11.974110032362459,82.52427184466019,7.443365695792881,75.08090614886731
E00052719,328,47,17,30,281,21,260,14.329268292682926,5.182926829268292,9.146341463414634,85.67073170731707,6.402439024390244,79.26829268292683
E00052720,322,45,17,28,277,19,258,13.975155279503104,5.279503105590062,8.695652173913043,86.0248447204969,5.900621118012422,80.12422360248446
E00052721,374,76,30,46,298,23,275,20.32085561497326,8.0213903743315509,12.299465240641712,79.67914438502673,6.149732620320856,73.52941176470588
E00052722,293,66,34,32,227,19,208,22.525597269624573,11.604095563139932,10.921501706484642,77.47440273037543,6.484641638225256,70.98976109215018
E00052723,332,57,22,35,275,21,254,17.16867469879518,6.626506024096386,10.542168674698797,82.83132530120481,6.325301204819277,76.50602409638554
E00052724,280,51,18,33,229,17,212,18.21428571428571,6.428571428571428,11.785714285714285,81.78571428571428,6.071428571428571,75.71428571428571
E00052725,276,81,38,43,195,13,182,29.347826086956523,13.768115942028986,15.579710144927535,70.65217391304348,4.710144927536232,65.94202898550725
E00052726,399,79,29,50,320,18,302,19.799498746867165,7.268170426065162,12.531328320802004,80.20050125313283,4.511278195488721,75.6892230576441
E00052727,360,85,45,40,275,10,265,23.61111111111111,12.5,11.11111111111111,76.38888888888889,2.7777777777777777,73.61111111111111
E00052728,324,64,26,38,260,18,242,19.753086419753085,8.024691358024691,11.728395061728394,80.24691358024691,5.555555555555555,74.69135802469135
E00052729,218,83,50,33,135,3,132,38.07339449541284,22.93577981651376,15.137614678899084,61.92660550458715,1.3761467889908259,60.550458715596335
E00052730,282,57,29,28,225,16,209,20.212765957446805,10.28368794326241,9.929078014184398,79.7872340425532,5.673758865248227,74.11347517730496
E00052731,258,46,20,26,212,15,197,17.829457364341085,7.751937984496124,10.077519379844961,82.17054263565892,5.813953488372093,76.35658914728683
E00052732,415,80,32,48,335,19,316,19.27710843373494,7.710843373493977,11.566265060240964,80.72289156626506,4.578313253012048,76.144578313253
E00052733,224,48,23,25,176,16,160,21.428571428571427,10.267857142857142,11.160714285714286,78.57142857142857,7.142857142857142,71.42857142857143
E00052734,239,50,21,29,189,16,173,20.920502092050206,8.786610878661087,12.133891213389122,79.07949790794979,6.694560669456067,72.38493723849372
E00052735,348,58,26,32,290,12,278,16.666666666666664,7.471264367816093,9.195402298850574,83.33333333333334,3.4482758620689653,79.88505747126436
E00052736,304,60,33,27,244,11,233,19.736842105263158,10.855263157894738,8.881578947368421,80.26315789473685,3.618421052631579,76.64473684210526
E00052737,375,69,31,38,306,29,277,18.4,8.266666666666666,10.133333333333333,81.6,7.733333333333333,73.86666666666667
E00052738,266,58,32,26,208,5,203,21.804511278195488,12.030075187969924,9.774436090225564,78.19548872180451,1.8796992481203008,76.31578947368422
E00052739,247,61,35,26,186,11,175,24.696356275303643,14.17004048582996,10.526315789473683,75.30364372469636,4.4534412955465585,70.8502024291498
E00052740,351,68,40,28,283,16,267,19.37321937321937,11.396011396011396,7.977207977207977,80.62678062678063,4.5584045584045585,76.06837606837607
E00052741,304,64,31,33,240,15,225,21.052631578947366,10.197368421052632,10.855263157894738,78.94736842105263,4.934210526315789,74.01315789473685
E00052742,359,76,41,35,283,13,270,21.16991643454039,11.420612813370473,9.749303621169917,78.8300835654596,3.6211699164345403,75.20891364902506
E00052743,198,56,34,22,142,9,133,28.28282828282828,17.17171717171717,11.11111111111111,71.71717171717171,4.545454545454546,67.17171717171718
E00052744,291,72,32,40,219,12,207,24.742268041237114,10.996563573883162,13.745704467353953,75.25773195876289,4.123711340206185,71.1340206185567
E00052745,387,69,28,41,318,12,306,17.829457364341085,7.235142118863049,10.594315245478036,82.17054263565892,3.10077519379845,79.06976744186046
E00052746,340,69,35,34,271,18,253,20.294117647058822,10.294117647058822,10,79.70588235294119,5.294117647058823,74.41176470588235
E00052747,393,66,31,35,327,16,311,16.793893129770993,7.888040712468193,8.9058524173028,83.20610687022901,4.071246819338422,79.13486005089058
E00052748,316,70,38,32,246,13,233,22.151898734177212,12.025316455696203,10.126582278481013,77.84810126582279,4.113924050632911,73.73417721518987
E00052749,346,66,25,41,280,15,265,19.07514450867052,7.225433526011561,11.849710982658959,80.92485549132948,4.335260115606936,76.58959537572254
E00052750,362,61,28,33,301,14,287,16.85082872928177,7.734806629834254,9.116022099447514,83.14917127071824,3.867403314917127,79.28176795580112
E00052751,316,66,30,36,250,21,229,20.88607594936709,9.49367088607595,11.39240506329114,79.11392405063292,6.6455696202531636,72.46835443037975
E00052752,285,64,38,26,221,12,209,22.45614035087719,13.333333333333334,9.12280701754386,77.54385964912281,4.2105263157894735,73.33333333333333
E00052753,356,77,37,40,279,20,259,21.629213483146067,10.393258426966293,11.235955056179774,78.37078651685393,5.617977528089887,72.75280898876404
E00052754,212,70,39,31,142,14,128,33.0188679245283,18.39622641509434,14.622641509433961,66.98113207547169,6.60377358490566,60.37735849056604
E00052755,310,79,40,39,231,12,219,25.483870967741932,12.903225806451612,12.580645161290322,74.51612903225806,3.870967741935484,70.64516129032258
E00052756,316,66,36,30,250,18,232,20.88607594936709,11.39240506329114,9.49367088607595,79.11392405063292,5.69620253164557,73.41772151898735
E00052757,249,64,29,35,185,9,176,25.702811244979916,11.646586345381527,14.056224899598394,74.29718875502009,3.614457831325301,70.68273092369478
E00052758,403,98,66,32,305,18,287,24.317617866004962,16.377171215880892,7.94044665012407,75.68238213399503,4.466501240694789,71.21588089330024
E00052759,343,73,32,41,270,26,244,21.282798833819243,9.329446064139942,11.9533527696793,78.71720116618076,7.580174927113703,71.13702623906705
E00052760,358,66,29,37,292,23,269,18.435754189944134,8.100558659217876,10.335195530726256,81.56424581005587,6.424581005586592,75.13966480446928
E00052761,485,45,22,23,440,16,424,9.278350515463918,4.536082474226804,4.742268041237113,90.72164948453609,3.2989690721649487,87.42268041237114
E00052763,215,64,39,25,151,12,139,29.767441860465116,18.13953488372093,11.627906976744185,70.23255813953489,5.5813953488372094,64.65116279069767
E00052764,388,71,26,45,317,16,301,18.298969072164947,6.701030927835052,11.597938144329897,81.70103092783505,4.123711340206185,77.57731958762886
E00052767,321,31,17,14,290,10,280,9.657320872274143,5.29595015576324,4.361370716510903,90.34267912772586,3.115264797507788,87.22741433021807
E00052768,352,74,36,38,278,14,264,21.022727272727273,10.227272727272728,10.795454545454545,78.97727272727273,3.977272727272727,75
E00052769,324,39,18,21,285,21,264,12.037037037037036,5.555555555555555,6.481481481481481,87.96296296296296,6.481481481481481,81.48148148148148
E00052770,524,56,25,31,468,20,448,10.687022900763358,4.770992366412214,5.916030534351145,89.31297709923665,3.816793893129771,85.49618320610686
E00052771,572,62,29,33,510,22,488,10.839160839160838,5.06993006993007,5.769230769230769,89.16083916083916,3.8461538461538463,85.3146853146853
E00052772,361,71,37,34,290,15,275,19.667590027700832,10.249307479224377,9.418282548476455,80.33240997229917,4.1551246537396125,76.17728531855957
E00052773,441,58,30,28,383,16,367,13.151927437641723,6.802721088435375,6.349206349206349,86.84807256235828,3.6281179138321997,83.21995464852607
E00052774,271,47,21,26,224,9,215,17.343173431734318,7.7490774907749085,9.59409594095941,82.65682656826569,3.3210332103321036,79.33579335793358
E00052775,412,57,26,31,355,21,334,13.834951456310678,6.310679611650485,7.524271844660194,86.16504854368931,5.097087378640777,81.06796116504854
E00052776,344,55,27,28,289,10,279,15.988372093023257,7.848837209302325,8.13953488372093,84.01162790697676,2.9069767441860463,81.1046511627907
E00052777,442,84,43,41,358,16,342,19.004524886877828,9.728506787330318,9.276018099547512,80.99547511312217,3.619909502262444,77.37556561085974
E00052778,324,55,27,28,269,17,252,16.97530864197531,8.333333333333332,8.641975308641975,83.0246913580247,5.246913580246913,77.77777777777779
E00052779,344,115,80,35,229,7,222,33.43023255813954,23.25581395348837,10.174418604651162,66.56976744186046,2.0348837209302326,64.53488372093024
E00052780,344,67,29,38,277,15,262,19.476744186046513,8.430232558139535,11.046511627906977,80.52325581395348,4.3604651162790695,76.16279069767442
E00052781,208,45,24,21,163,18,145,21.634615384615387,11.538461538461538,10.096153846153847,78.36538461538461,8.653846153846153,69.71153846153845
E00052782,389,67,29,38,322,22,300,17.223650385604113,7.455012853470437,9.768637532133676,82.77634961439588,5.655526992287918,77.12082262210797
E00052784,311,67,30,37,244,12,232,21.54340836012862,9.646302250803858,11.89710610932476,78.45659163987139,3.858520900321544,74.59807073954984
E00052785,249,80,43,37,169,11,158,32.1285140562249,17.269076305220885,14.859437751004014,67.8714859437751,4.417670682730924,63.45381526104418
E00052786,283,56,33,23,227,10,217,19.78798586572438,11.66077738515901,8.12720848056537,80.21201413427562,3.53356890459364,76.67844522968198
E00052787,292,38,20,18,254,13,241,13.013698630136986,6.8493150684931505,6.164383561643835,86.98630136986301,4.4520547945205475,82.53424657534246
E00052790,276,45,22,23,231,8,223,16.304347826086957,7.971014492753622,8.333333333333332,83.69565217391305,2.898550724637681,80.79710144927536
E00052791,400,80,41,39,320,18,302,20,10.25,9.75,80,4.5,75.5
E00052792,355,53,29,24,302,6,296,14.929577464788732,8.169014084507042,6.760563380281689,85.07042253521126,1.6901408450704223,83.38028169014085
E00052793,322,49,26,23,273,7,266,15.217391304347828,8.074534161490684,7.142857142857142,84.78260869565217,2.1739130434782608,82.6086956521739
E00052794,354,53,24,29,301,8,293,14.971751412429379,6.779661016949152,8.192090395480225,85.02824858757062,2.2598870056497176,82.7683615819209
E00052795,384,74,35,39,310,14,296,19.270833333333336,9.114583333333332,10.15625,80.72916666666666,3.6458333333333335,77.08333333333334
E00052796,302,59,21,38,243,7,236,19.5364238410596,6.95364238410596,12.582781456953644,80.4635761589404,2.3178807947019866,78.1456953642384
E00052797,348,127,89,38,221,15,206,36.49425287356322,25.57471264367816,10.919540229885058,63.50574712643679,4.310344827586207,59.195402298850574
E00052798,350,49,22,27,301,29,272,14.000000000000002,6.2857142857142865,7.7142857142857135,86,8.285714285714285,77.71428571428571
E00052799,328,52,28,24,276,30,246,15.853658536585366,8.536585365853659,7.317073170731707,84.14634146341463,9.146341463414634,75
E00052800,339,72,35,37,267,22,245,21.238938053097346,10.32448377581121,10.914454277286136,78.76106194690266,6.489675516224189,72.27138643067846
E00052801,332,75,33,42,257,12,245,22.590361445783135,9.939759036144578,12.650602409638553,77.40963855421687,3.614457831325301,73.79518072289156
E00052802,262,68,36,32,194,20,174,25.954198473282442,13.740458015267176,12.213740458015266,74.04580152671755,7.633587786259542,66.41221374045801
E00052803,366,73,36,37,293,11,282,19.94535519125683,9.836065573770492,10.10928961748634,80.05464480874316,3.0054644808743167,77.04918032786885
E00052804,258,51,26,25,207,13,194,19.767441860465116,10.077519379844961,9.689922480620156,80.23255813953489,5.038759689922481,75.1937984496124
E00052805,398,92,44,48,306,13,293,23.115577889447238,11.055276381909549,12.060301507537687,76.88442211055276,3.2663316582914574,73.61809045226131
E00052806,347,47,16,31,300,18,282,13.544668587896252,4.610951008645533,8.93371757925072,86.45533141210375,5.187319884726225,81.26801152737752
E00052807,298,78,38,40,220,15,205,26.174496644295303,12.751677852348994,13.422818791946309,73.8255033557047,5.033557046979865,68.79194630872483
E00052808,225,65,22,43,160,21,139,28.888888888888886,9.777777777777779,19.11111111111111,71.11111111111111,9.333333333333334,61.77777777777778
E00052809,349,53,15,38,296,21,275,15.18624641833811,4.297994269340974,10.888252148997136,84.81375358166189,6.017191977077363,78.79656160458453
E00052810,295,66,21,45,229,17,212,22.372881355932204,7.118644067796611,15.254237288135593,77.62711864406779,5.762711864406779,71.86440677966101
E00052811,271,60,27,33,211,9,202,22.14022140221402,9.96309963099631,12.177121771217712,77.85977859778598,3.3210332103321036,74.53874538745387
E00052812,291,43,17,26,248,24,224,14.776632302405499,5.841924398625429,8.934707903780069,85.2233676975945,8.24742268041237,76.97594501718214
E00052813,301,59,28,31,242,15,227,19.601328903654487,9.30232558139535,10.299003322259136,80.39867109634552,4.983388704318937,75.41528239202658
E00052814,331,43,26,17,288,20,268,12.990936555891238,7.854984894259818,5.13595166163142,87.00906344410876,6.042296072507553,80.96676737160121
E00052815,302,61,32,29,241,14,227,20.198675496688743,10.596026490066226,9.602649006622517,79.80132450331125,4.635761589403973,75.16556291390728
E00052816,316,50,23,27,266,20,246,15.822784810126583,7.2784810126582276,8.544303797468354,84.17721518987342,6.329113924050633,77.84810126582279
E00052817,253,47,21,26,206,17,189,18.57707509881423,8.300395256916996,10.276679841897234,81.42292490118577,6.719367588932807,74.70355731225297
E00052818,368,62,17,45,306,25,281,16.847826086956523,4.619565217391304,12.228260869565217,83.15217391304348,6.7934782608695645,76.3586956521739
E00052819,298,34,16,18,264,19,245,11.409395973154362,5.369127516778524,6.0402684563758395,88.59060402684564,6.375838926174497,82.21476510067114
E00052820,313,49,17,32,264,27,237,15.654952076677317,5.431309904153355,10.223642172523961,84.34504792332268,8.626198083067091,75.71884984025559
E00052821,353,54,29,25,299,25,274,15.29745042492918,8.21529745042493,7.0821529745042495,84.70254957507082,7.0821529745042495,77.62039660056658
E00052822,312,60,24,36,252,37,215,19.230769230769234,7.6923076923076925,11.538461538461538,80.76923076923077,11.858974358974358,68.91025641025641
E00052823,361,54,23,31,307,22,285,14.958448753462603,6.3711911357340725,8.587257617728532,85.0415512465374,6.094182825484765,78.94736842105263
E00052824,290,53,16,37,237,18,219,18.275862068965516,5.517241379310345,12.758620689655173,81.72413793103448,6.206896551724138,75.51724137931033
E00052825,344,67,36,31,277,22,255,19.476744186046513,10.465116279069768,9.011627906976743,80.52325581395348,6.395348837209303,74.12790697674419
E00052826,332,62,32,30,270,10,260,18.67469879518072,9.63855421686747,9.036144578313253,81.32530120481928,3.0120481927710845,78.3132530120482
E00052827,307,44,10,34,263,20,243,14.332247557003258,3.257328990228013,11.074918566775244,85.66775244299674,6.514657980456026,79.15309446254072
E00052828,307,81,44,37,226,12,214,26.384364820846905,14.332247557003258,12.052117263843648,73.61563517915309,3.908794788273615,69.70684039087948
E00052829,401,79,37,42,322,18,304,19.70074812967581,9.226932668329177,10.473815461346634,80.29925187032418,4.488778054862843,75.81047381546135
E00052830,361,111,56,55,250,5,245,30.747922437673132,15.512465373961218,15.23545706371191,69.25207756232687,1.3850415512465373,67.86703601108033
E00052831,314,60,35,25,254,19,235,19.10828025477707,11.146496815286625,7.961783439490445,80.89171974522293,6.050955414012739,74.84076433121018
E00052832,450,66,29,37,384,12,372,14.666666666666666,6.444444444444445,8.222222222222223,85.33333333333334,2.666666666666667,82.66666666666667
E00052833,354,53,18,35,301,21,280,14.971751412429379,5.084745762711865,9.887005649717514,85.02824858757062,5.932203389830509,79.09604519774011
E00052834,422,84,33,51,338,13,325,19.90521327014218,7.819905213270142,12.085308056872037,80.09478672985783,3.080568720379147,77.01421800947867
E00052835,268,55,28,27,213,16,197,20.522388059701495,10.44776119402985,10.074626865671641,79.47761194029852,5.970149253731343,73.50746268656717
E00052836,391,38,15,23,353,14,339,9.718670076726342,3.8363171355498724,5.88235294117647,90.28132992327366,3.580562659846547,86.70076726342711
E00052837,318,60,30,30,258,4,254,18.867924528301888,9.433962264150944,9.433962264150944,81.13207547169812,1.257861635220126,79.87421383647799
E00052838,333,55,26,29,278,15,263,16.516516516516518,7.807807807807808,8.708708708708707,83.48348348348348,4.504504504504505,78.97897897897897
E00052839,382,40,22,18,342,10,332,10.471204188481675,5.7591623036649215,4.712041884816754,89.52879581151832,2.6178010471204187,86.91099476439791
E00052840,365,58,25,33,307,16,291,15.890410958904111,6.8493150684931505,9.04109589041096,84.10958904109589,4.383561643835616,79.72602739726027
E00052841,371,64,28,36,307,17,290,17.25067385444744,7.547169811320755,9.703504043126685,82.74932614555256,4.5822102425876015,78.16711590296495
E00052842,358,48,27,21,310,8,302,13.40782122905028,7.5418994413407825,5.865921787709497,86.59217877094973,2.2346368715083798,84.35754189944134
E00052843,420,54,22,32,366,7,359,12.857142857142856,5.238095238095238,7.6190476190476195,87.14285714285714,1.6666666666666667,85.47619047619047
E00052844,303,63,27,36,240,18,222,20.792079207920793,8.91089108910891,11.881188118811881,79.20792079207921,5.9405940594059405,73.26732673267327
E00052845,337,58,26,32,279,17,262,17.210682492581604,7.71513353115727,9.495548961424333,82.7893175074184,5.044510385756676,77.74480712166172
E00052846,218,52,22,30,166,11,155,23.853211009174313,10.091743119266056,13.761467889908257,76.14678899082568,5.045871559633028,71.10091743119266
E00052847,289,59,31,28,230,14,216,20.415224913494807,10.726643598615917,9.688581314878892,79.58477508650519,4.844290657439446,74.74048442906575
E00052848,304,69,30,39,235,14,221,22.697368421052634,9.868421052631579,12.828947368421053,77.30263157894737,4.605263157894736,72.69736842105263
E00052849,265,52,13,39,213,15,198,19.622641509433965,4.905660377358491,14.716981132075471,80.37735849056604,5.660377358490567,74.71698113207546
E00052850,376,68,28,40,308,24,284,18.085106382978726,7.446808510638298,10.638297872340425,81.91489361702128,6.382978723404255,75.53191489361703
E00052851,287,51,21,30,236,16,220,17.770034843205575,7.317073170731707,10.452961672473867,82.22996515679442,5.574912891986063,76.65505226480836
E00052852,317,94,65,29,223,20,203,29.652996845425868,20.50473186119874,9.14826498422713,70.347003154574125,6.309148264984227,64.03785488958991
E00052853,405,68,36,32,337,20,317,16.790123456790123,8.88888888888889,7.901234567901234,83.20987654320989,4.938271604938271,78.2716049382716
E00052854,266,46,19,27,220,11,209,17.293233082706767,7.142857142857142,10.150375939849624,82.70676691729322,4.135338345864661,78.57142857142857
E00052855,348,63,22,41,285,20,265,18.103448275862068,6.321839080459771,11.781609195402298,81.89655172413794,5.747126436781609,76.14942528735632
E00052856,268,53,27,26,215,19,196,19.776119402985074,10.074626865671641,9.701492537313433,80.22388059701493,7.08955223880597,73.13432835820896
E00052857,279,114,66,48,165,16,149,40.86021505376344,23.655913978494624,17.20430107526882,59.13978494623656,5.734767025089606,53.40501792114696
E00052858,278,54,27,27,224,15,209,19.424460431654676,9.712230215827338,9.712230215827338,80.57553956834532,5.39568345323741,75.17985611510791
E00052859,267,42,17,25,225,24,201,15.730337078651685,6.367041198501873,9.363295880149813,84.26966292134831,8.98876404494382,75.28089887640449
E00052860,203,71,27,44,132,17,115,34.97536945812808,13.30049261083744,21.67487684729064,65.02463054187191,8.374384236453201,56.65024630541872
E00052861,275,56,38,18,219,11,208,20.363636363636363,13.818181818181818,6.545454545454546,79.63636363636364,4,75.63636363636364
E00052862,263,44,11,33,219,13,206,16.730038022813687,4.182509505703422,12.547528517110266,83.26996197718631,4.942965779467681,78.32699619771863
E00052863,192,64,30,34,128,12,116,33.33333333333333,15.625,17.708333333333336,66.66666666666666,6.25,60.416666666666664
E00052864,368,99,42,57,269,16,253,26.902173913043477,11.41304347826087,15.489130434782608,73.09782608695652,4.3478260869565215,68.75
E00052865,352,55,19,36,297,13,284,15.625,5.3977272727272725,10.227272727272728,84.375,3.6931818181818183,80.68181818181817
E00052866,246,52,24,28,194,9,185,21.138211382113823,9.75609756097561,11.38211382113821,78.86178861788618,3.6585365853658534,75.20325203252033
E00052867,516,68,34,34,448,6,442,13.178294573643413,6.5891472868217065,6.5891472868217065,86.82170542635659,1.1627906976744187,85.65891472868216
E00052868,443,93,49,44,350,17,333,20.993227990970656,11.060948081264108,9.932279909706546,79.00677200902935,3.837471783295711,75.16930022573364
E00052869,110,19,9,10,91,8,83,17.272727272727273,8.181818181818182,9.090909090909092,82.72727272727273,7.2727272727272725,75.45454545454545
E00052870,327,61,36,25,266,16,250,18.654434250764528,11.009174311926607,7.64525993883792,81.34556574923548,4.892966360856269,76.45259938837921
E00052871,410,80,44,36,330,11,319,19.51219512195122,10.731707317073171,8.780487804878048,80.48780487804879,2.682926829268293,77.8048780487805
E00052872,401,57,25,32,344,10,334,14.214463840399002,6.234413965087282,7.98004987531172,85.785536159601,2.493765586034913,83.29177057356608
E00052873,466,72,32,40,394,17,377,15.450643776824036,6.866952789699571,8.583690987124463,84.54935622317596,3.648068669527897,80.90128755364807
E00052874,255,45,19,26,210,7,203,17.647058823529413,7.450980392156863,10.196078431372548,82.35294117647058,2.7450980392156863,79.6078431372549
E00052875,347,96,67,29,251,17,234,27.6657060518732,19.30835734870317,8.357348703170029,72.3342939481268,4.899135446685879,67.43515850144092
E00052876,337,67,37,30,270,22,248,19.881305637982198,10.979228486646884,8.902077151335313,80.1186943620178,6.528189910979229,73.59050445103857
E00052877,334,42,12,30,292,21,271,12.574850299401197,3.592814371257485,8.982035928143713,87.42514970059881,6.287425149700598,81.1377245508982
E00052878,363,66,33,33,297,25,272,18.181818181818183,9.090909090909092,9.090909090909092,81.81818181818183,6.887052341597796,74.93112947658402
E00052879,342,61,29,32,281,12,269,17.83625730994152,8.47953216374269,9.35672514619883,82.16374269005848,3.508771929824561,78.65497076023392
E00052880,365,46,24,22,319,17,302,12.602739726027398,6.575342465753424,6.027397260273973,87.3972602739726,4.657534246575342,82.73972602739727
E00052881,328,67,32,35,261,23,238,20.426829268292682,9.75609756097561,10.670731707317072,79.57317073170732,7.01219512195122,72.5609756097561
E00052882,357,80,46,34,277,18,259,22.408963585434176,12.885154061624648,9.523809523809524,77.59103641456583,5.042016806722689,72.54901960784314
E00052883,217,76,42,34,141,21,120,35.02304147465438,19.35483870967742,15.668202764976957,64.97695852534562,9.67741935483871,55.29953917050692
E00052884,192,45,14,31,147,7,140,23.4375,7.291666666666667,16.145833333333336,76.5625,3.6458333333333335,72.91666666666666
E00052885,381,68,33,35,313,10,303,17.84776902887139,8.661417322834646,9.186351706036746,82.1522309711286,2.6246719160104988,79.52755905511812
E00052886,352,58,22,36,294,16,278,16.477272727272727,6.25,10.227272727272728,83.52272727272727,4.545454545454546,78.97727272727273
E00052887,210,55,21,34,155,16,139,26.190476190476193,10,16.19047619047619,73.80952380952381,7.6190476190476195,66.19047619047619
E00052888,240,58,25,33,182,11,171,24.166666666666668,10.416666666666668,13.750000000000002,75.83333333333333,4.583333333333333,71.25
E00052889,280,44,19,25,236,8,228,15.714285714285714,6.785714285714286,8.928571428571429,84.28571428571429,2.857142857142857,81.42857142857143
E00052890,170,33,13,20,137,11,126,19.411764705882355,7.647058823529412,11.76470588235294,80.58823529411765,6.470588235294119,74.11764705882354
E00052891,317,70,33,37,247,15,232,22.082018927444793,10.410094637223976,11.67192429022082,77.91798107255521,4.73186119873817,73.18611987381703
E00052892,313,50,19,31,263,16,247,15.974440894568689,6.070287539936102,9.904153354632587,84.02555910543131,5.111821086261981,78.91373801916933
E00052893,395,60,25,35,335,18,317,15.18987341772152,6.329113924050633,8.860759493670885,84.81012658227847,4.556962025316456,80.25316455696202
E00052894,324,60,36,24,264,13,251,18.51851851851852,11.11111111111111,7.4074074074074066,81.48148148148148,4.012345679012346,77.46913580246914
E00052895,462,51,20,31,411,19,392,11.03896103896104,4.329004329004329,6.70995670995671,88.96103896103897,4.112554112554113,84.84848484848484
E00052897,208,49,22,27,159,5,154,23.557692307692307,10.576923076923077,12.980769230769232,76.4423076923077,2.403846153846154,74.03846153846155
E00052899,420,83,39,44,337,17,320,19.761904761904763,9.285714285714286,10.476190476190476,80.23809523809524,4.0476190476190474,76.19047619047619
E00052900,204,66,37,29,138,5,133,32.35294117647059,18.137254901960784,14.215686274509803,67.64705882352942,2.450980392156863,65.19607843137256
E00052901,444,85,43,42,359,28,331,19.144144144144143,9.684684684684685,9.45945945945946,80.85585585585585,6.306306306306306,74.54954954954955
E00052902,325,52,33,19,273,12,261,16,10.153846153846153,5.846153846153846,84,3.6923076923076925,80.3076923076923
E00052903,343,56,18,38,287,17,270,16.3265306122449,5.247813411078718,11.078717201166182,83.6734693877551,4.956268221574344,78.71720116618076
E00052904,407,54,20,34,353,25,328,13.267813267813267,4.914004914004914,8.353808353808354,86.73218673218673,6.142506142506143,80.5896805896806
E00052905,582,64,25,39,518,13,505,10.996563573883162,4.29553264604811,6.701030927835052,89.00343642611683,2.2336769759450172,86.76975945017182
E00052906,176,84,46,38,92,6,86,47.72727272727273,26.136363636363637,21.59090909090909,52.27272727272727,3.4090909090909087,48.86363636363637
E00052907,278,44,23,21,234,18,216,15.827338129496402,8.273381294964029,7.553956834532374,84.17266187050359,6.474820143884892,77.6978417266187
E00052908,292,50,26,24,242,17,225,17.123287671232877,8.904109589041095,8.21917808219178,82.87671232876713,5.821917808219178,77.05479452054794
E00052909,325,72,34,38,253,19,234,22.153846153846153,10.461538461538462,11.692307692307692,77.84615384615384,5.846153846153846,72
E00052910,358,91,67,24,267,21,246,25.41899441340782,18.71508379888268,6.70391061452514,74.58100558659217,5.865921787709497,68.71508379888269
E00052911,350,44,17,27,306,11,295,12.571428571428573,4.857142857142857,7.7142857142857135,87.42857142857143,3.1428571428571432,84.28571428571429
E00052912,457,100,53,47,357,25,332,21.88183807439825,11.597374179431071,10.284463894967178,78.11816192560175,5.470459518599562,72.64770240700219
E00052913,357,56,21,35,301,19,282,15.686274509803921,5.88235294117647,9.803921568627452,84.31372549019608,5.322128851540616,78.99159663865547
E00052914,395,51,25,26,344,11,333,12.91139240506329,6.329113924050633,6.582278481012659,87.0886075949367,2.7848101265822782,84.30379746835443
E00052915,362,41,22,19,321,12,309,11.32596685082873,6.077348066298343,5.248618784530387,88.67403314917127,3.314917127071823,85.35911602209944
E00052916,355,40,22,18,315,9,306,11.267605633802818,6.197183098591549,5.070422535211268,88.73239436619718,2.535211267605634,86.19718309859155
E00052917,353,69,32,37,284,18,266,19.54674220963173,9.06515580736544,10.48158640226629,80.45325779036827,5.099150141643059,75.3541076487252
E00052918,261,69,33,36,192,20,172,26.436781609195403,12.643678160919542,13.793103448275861,73.5632183908046,7.662835249042145,65.90038314176245
E00052919,402,107,60,47,295,17,278,26.616915422885572,14.925373134328357,11.691542288557214,73.38308457711443,4.228855721393035,69.15422885572139
E00052920,410,75,38,37,335,13,322,18.29268292682927,9.268292682926829,9.024390243902438,81.70731707317073,3.1707317073170733,78.53658536585367
E00052921,398,68,27,41,330,20,310,17.08542713567839,6.78391959798995,10.301507537688442,82.91457286432161,5.025125628140704,77.88944723618091
E00052922,425,84,39,45,341,16,325,19.76470588235294,9.176470588235293,10.588235294117647,80.23529411764706,3.7647058823529407,76.47058823529412
E00052923,368,56,31,25,312,17,295,15.217391304347828,8.423913043478262,6.7934782608695645,84.78260869565217,4.619565217391304,80.16304347826086
E00052924,349,95,44,51,254,9,245,27.22063037249284,12.607449856733524,14.613180515759314,72.77936962750717,2.5787965616045847,70.20057306590259
E00052925,347,85,32,53,262,14,248,24.495677233429394,9.221902017291066,15.273775216138327,75.50432276657061,4.034582132564841,71.46974063400576
E00052926,357,65,34,31,292,10,282,18.207282913165265,9.523809523809524,8.683473389355742,81.79271708683473,2.801120448179272,78.99159663865547
E00052927,373,98,58,40,275,14,261,26.273458445040216,15.549597855227882,10.723860589812332,73.7265415549598,3.753351206434316,69.97319034852548
E00052928,319,59,20,39,260,14,246,18.495297805642632,6.269592476489027,12.225705329153605,81.50470219435736,4.38871473354232,77.11598746081505
E00052929,330,79,33,46,251,15,236,23.939393939393938,10,13.939393939393941,76.06060606060606,4.545454545454546,71.51515151515152
E00052930,616,76,30,46,540,19,521,12.337662337662337,4.870129870129871,7.467532467532467,87.66233766233766,3.0844155844155843,84.57792207792207
E00052931,343,68,30,38,275,15,260,19.825072886297377,8.746355685131196,11.078717201166182,80.17492711370262,4.373177842565598,75.80174927113703
E00052932,326,58,33,25,268,24,244,17.791411042944784,10.122699386503067,7.668711656441718,82.20858895705521,7.361963190184049,74.84662576687117
E00052933,400,98,56,42,302,22,280,24.5,14.000000000000002,10.5,75.5,5.5,70
E00052934,279,70,31,39,209,5,204,25.089605734767023,11.11111111111111,13.978494623655912,74.91039426523297,1.7921146953405016,73.11827956989248
E00052935,322,76,47,29,246,12,234,23.60248447204969,14.596273291925465,9.006211180124224,76.3975155279503,3.7267080745341614,72.67080745341616
E00052936,511,110,55,55,401,29,372,21.52641878669276,10.76320939334638,10.76320939334638,78.47358121330724,5.6751467710371815,72.79843444227005
E00052937,382,76,33,43,306,18,288,19.895287958115183,8.638743455497382,11.2565445026178,80.10471204188482,4.712041884816754,75.39267015706807
E00052938,401,61,17,44,340,17,323,15.211970074812967,4.239401496259352,10.972568578553615,84.78802992518703,4.239401496259352,80.54862842892769
E00052939,376,72,30,42,304,27,277,19.148936170212767,7.9787234042553195,11.170212765957446,80.85106382978722,7.180851063829788,73.67021276595744
E00052940,287,58,30,28,229,6,223,20.209059233449477,10.452961672473867,9.75609756097561,79.79094076655052,2.0905923344947737,77.70034843205575
E00052941,306,73,28,45,233,11,222,23.856209150326798,9.15032679738562,14.705882352941178,76.1437908496732,3.594771241830065,72.54901960784314
E00052943,384,67,22,45,317,16,301,17.447916666666664,5.729166666666666,11.71875,82.55208333333334,4.166666666666666,78.38541666666666
E00052944,345,56,24,32,289,23,266,16.231884057971012,6.956521739130435,9.27536231884058,83.76811594202898,6.666666666666667,77.10144927536233
E00052945,390,69,31,38,321,25,296,17.692307692307693,7.948717948717948,9.7435897435897445,82.3076923076923,6.41025641025641,75.8974358974359
E00052946,346,39,12,27,307,14,293,11.271676300578035,3.4682080924855487,7.803468208092486,88.72832369942196,4.046242774566474,84.6820809248555
E00052947,312,41,14,27,271,20,251,13.141025641025642,4.487179487179487,8.653846153846153,86.85897435897436,6.41025641025641,80.44871794871796
E00052948,384,42,13,29,342,33,309,10.9375,3.3854166666666665,7.552083333333333,89.0625,8.59375,80.46875
E00052949,336,37,14,23,299,23,276,11.011904761904761,4.166666666666666,6.845238095238096,88.98809523809523,6.845238095238096,82.14285714285714
E00052950,291,52,24,28,239,25,214,17.869415807560138,8.24742268041237,9.621993127147768,82.13058419243985,8.59106529209622,73.53951890034365
E00052951,335,53,16,37,282,25,257,15.82089552238806,4.776119402985075,11.044776119402986,84.17910447761194,7.462686567164178,76.71641791044776
E00052952,302,58,23,35,244,12,232,19.205298013245034,7.6158940397351,11.589403973509933,80.79470198675497,3.9735099337748347,76.82119205298014
E00052953,304,64,25,39,240,19,221,21.052631578947366,8.223684210526317,12.828947368421053,78.94736842105263,6.25,72.69736842105263
E00052954,356,74,33,41,282,23,259,20.786516853932586,9.269662921348315,11.51685393258427,79.21348314606742,6.460674157303371,72.75280898876404
E00052955,298,48,15,33,250,23,227,16.10738255033557,5.033557046979865,11.073825503355705,83.89261744966443,7.718120805369128,76.1744966442953
E00052956,360,42,15,27,318,32,286,11.666666666666666,4.166666666666666,7.5,88.33333333333333,8.88888888888889,79.44444444444444
E00052957,292,39,12,27,253,24,229,13.356164383561644,4.10958904109589,9.246575342465754,86.64383561643835,8.21917808219178,78.42465753424658
E00052958,333,45,19,26,288,31,257,13.513513513513514,5.7057057057057055,7.807807807807808,86.48648648648648,9.30930930930931,77.17717717717719
E00052959,294,37,15,22,257,22,235,12.585034013605442,5.1020408163265305,7.482993197278912,87.41496598639455,7.482993197278912,79.93197278911565
E00052960,234,51,26,25,183,11,172,21.794871794871796,11.11111111111111,10.683760683760683,78.2051282051282,4.700854700854701,73.50427350427351
E00052961,347,43,18,25,304,14,290,12.39193083573487,5.187319884726225,7.204610951008646,87.60806916426513,4.034582132564841,83.5734870317003
E00052962,272,43,6,37,229,23,206,15.808823529411764,2.2058823529411766,13.602941176470587,84.19117647058823,8.455882352941178,75.73529411764706
E00052963,285,45,15,30,240,17,223,15.789473684210526,5.263157894736842,10.526315789473683,84.21052631578947,5.964912280701754,78.24561403508771
E00052964,256,46,14,32,210,14,196,17.96875,5.46875,12.5,82.03125,5.46875,76.5625
E00052965,356,51,19,32,305,35,270,14.325842696629213,5.337078651685393,8.98876404494382,85.67415730337079,9.831460674157304,75.84269662921348
E00052966,303,39,12,27,264,17,247,12.871287128712872,3.9603960396039604,8.91089108910891,87.12871287128714,5.6105610561056105,81.51815181518151
E00052967,233,82,48,34,151,11,140,35.1931330472103,20.600858369098713,14.592274678111588,64.8068669527897,4.721030042918455,60.08583690987125
E00052968,325,50,26,24,275,23,252,15.384615384615385,8,7.384615384615385,84.61538461538461,7.076923076923077,77.53846153846153
E00052969,311,39,16,23,272,28,244,12.540192926045016,5.144694533762058,7.395498392282958,87.45980707395499,9.003215434083602,78.45659163987139
E00052970,321,29,14,15,292,23,269,9.034267912772584,4.361370716510903,4.672897196261682,90.96573208722741,7.165109034267912,83.8006230529595
E00052971,314,41,16,25,273,33,240,13.05732484076433,5.095541401273886,7.961783439490445,86.94267515923568,10.509554140127388,76.43312101910828
E00052972,337,62,27,35,275,20,255,18.397626112759642,8.011869436201781,10.385756676557865,81.60237388724035,5.934718100890208,75.66765578635015
E00052973,310,58,23,35,252,28,224,18.70967741935484,7.419354838709677,11.29032258064516,81.29032258064515,9.032258064516128,72.25806451612902
E00052974,298,49,15,34,249,19,230,16.44295302013423,5.033557046979865,11.409395973154362,83.55704697986577,6.375838926174497,77.18120805369128
E00052975,278,50,24,26,228,16,212,17.985611510791365,8.633093525179856,9.352517985611511,82.01438848920863,5.755395683453238,76.2589928057554
E00052976,366,50,15,35,316,15,301,13.661202185792352,4.098360655737705,9.562841530054644,86.33879781420765,4.098360655737705,82.24043715846994
E00052977,233,56,23,33,177,20,157,24.034334763948497,9.871244635193133,14.163090128755366,75.9656652360515,8.583690987124463,67.38197424892704
E00052978,251,71,41,30,180,15,165,28.286852589641438,16.334661354581673,11.952191235059761,71.71314741035857,5.9760956175298805,65.73705179282868
E00052979,184,45,24,21,139,9,130,24.456521739130434,13.043478260869565,11.41304347826087,75.54347826086956,4.891304347826087,70.65217391304348
E00052980,311,71,27,44,240,15,225,22.829581993569132,8.681672025723474,14.14790996784566,77.17041800643086,4.823151125401929,72.34726688102894
E00052981,239,71,36,35,168,12,156,29.707112970711297,15.062761506276152,14.644351464435147,70.29288702928869,5.02092050209205,65.27196652719665
E00052982,287,66,35,31,221,9,212,22.99651567944251,12.195121951219512,10.801393728222997,77.00348432055749,3.1358885017421603,73.86759581881533
E00052983,260,63,29,34,197,19,178,24.23076923076923,11.153846153846155,13.076923076923078,75.76923076923077,7.307692307692308,68.46153846153847
E00052984,354,69,25,44,285,17,268,19.491525423728813,7.062146892655368,12.429378531073446,80.50847457627118,4.80225988700565,75.70621468926554
E00052985,315,65,28,37,250,18,232,20.634920634920633,8.88888888888889,11.746031746031745,79.36507936507937,5.714285714285714,73.65079365079366
E00052986,338,66,25,41,272,19,253,19.526627218934912,7.396449704142012,12.1301775147929,80.4733727810651,5.621301775147929,74.85207100591717
E00052987,317,59,21,38,258,19,239,18.61198738170347,6.624605678233439,11.987381703470032,81.38801261829653,5.993690851735016,75.39432176656152
E00052988,253,46,28,18,207,13,194,18.181818181818183,11.067193675889328,7.114624505928854,81.81818181818183,5.138339920948617,76.6798418972332
E00052989,279,39,11,28,240,21,219,13.978494623655912,3.942652329749104,10.03584229390681,86.02150537634408,7.526881720430108,78.49462365591397
E00052990,281,63,27,36,218,11,207,22.419928825622776,9.608540925266903,12.811387900355871,77.58007117437722,3.9145907473309607,73.66548042704626
E00052991,377,60,35,25,317,20,297,15.915119363395224,9.283819628647215,6.631299734748011,84.08488063660478,5.305039787798409,78.77984084880637
E00052992,355,44,23,21,311,18,293,12.394366197183098,6.478873239436619,5.915492957746479,87.60563380281691,5.070422535211268,82.53521126760563
E00052993,320,45,13,32,275,16,259,14.0625,4.0625,10,85.9375,5,80.9375
E00052994,293,60,28,32,233,25,208,20.477815699658702,9.556313993174061,10.921501706484642,79.5221843003413,8.532423208191126,70.98976109215018
E00052995,376,96,51,45,280,23,257,25.53191489361702,13.563829787234042,11.96808510638298,74.46808510638297,6.117021276595745,68.35106382978722
E00052996,336,47,22,25,289,14,275,13.988095238095239,6.547619047619048,7.440476190476191,86.01190476190477,4.166666666666666,81.84523809523809
E00052997,242,46,22,24,196,24,172,19.00826446280992,9.090909090909092,9.917355371900827,80.99173553719008,9.917355371900827,71.07438016528926
E00052998,315,57,29,28,258,24,234,18.095238095238095,9.206349206349207,8.88888888888889,81.9047619047619,7.6190476190476195,74.28571428571429
E00052999,343,47,26,21,296,16,280,13.702623906705538,7.580174927113703,6.122448979591836,86.29737609329446,4.664723032069971,81.63265306122449
E00053000,261,53,24,29,208,13,195,20.306513409961685,9.195402298850574,11.11111111111111,79.6934865900383,4.980842911877394,74.71264367816092
E00053001,233,36,7,29,197,25,172,15.450643776824036,3.004291845493562,12.446351931330472,84.54935622317596,10.72961373390558,73.8197424892704
E00053002,277,42,15,27,235,28,207,15.162454873646208,5.415162454873646,9.747292418772563,84.83754512635379,10.108303249097473,74.72924187725631
E00053003,332,47,17,30,285,31,254,14.156626506024098,5.120481927710843,9.036144578313253,85.8433734939759,9.33734939759036,76.50602409638554
E00053004,200,52,30,22,148,11,137,26,15,11,74,5.5,68.5
E00053005,284,58,26,32,226,12,214,20.422535211267608,9.15492957746479,11.267605633802818,79.5774647887324,4.225352112676056,75.35211267605634
E00053006,233,39,15,24,194,24,170,16.738197424892704,6.437768240343347,10.300429184549357,83.2618025751073,10.300429184549357,72.96137339055794
E00053007,414,62,27,35,352,24,328,14.975845410628018,6.521739130434782,8.454106280193237,85.02415458937197,5.797101449275362,79.22705314009661
E00053008,305,56,23,33,249,16,233,18.360655737704917,7.540983606557377,10.819672131147541,81.63934426229508,5.245901639344262,76.39344262295083
E00053009,384,60,30,30,324,24,300,15.625,7.8125,7.8125,84.375,6.25,78.125
E00053010,383,62,26,36,321,14,307,16.187989556135772,6.7885117493472595,9.39947780678851,83.81201044386422,3.6553524804177546,80.15665796344648
E00053011,374,70,28,42,304,15,289,18.71657754010695,7.4866310160427805,11.229946524064172,81.28342245989305,4.0106951871657754,77.27272727272727
E00053012,289,52,24,28,237,18,219,17.99307958477509,8.304498269896193,9.688581314878892,82.00692041522491,6.228373702422145,75.77854671280276
E00053013,274,53,17,36,221,24,197,19.34306569343066,6.204379562043796,13.138686131386862,80.65693430656934,8.75912408759124,71.8978102189781
E00053014,314,52,21,31,262,20,242,16.560509554140125,6.687898089171974,9.872611464968154,83.43949044585987,6.369426751592357,77.07006369426752
E00053015,339,53,20,33,286,23,263,15.634218289085547,5.899705014749262,9.734513274336283,84.36578171091446,6.784660766961652,77.5811209439528
E00053016,210,55,23,32,155,10,145,26.190476190476193,10.952380952380953,15.238095238095239,73.80952380952381,4.761904761904762,69.04761904761905
E00053017,295,51,21,30,244,13,231,17.28813559322034,7.118644067796611,10.16949152542373,82.71186440677965,4.406779661016949,78.30508474576271
E00053018,356,49,24,25,307,19,288,13.764044943820226,6.741573033707865,7.02247191011236,86.23595505617978,5.337078651685393,80.89887640449437
E00053019,285,54,30,24,231,7,224,18.947368421052634,10.526315789473683,8.421052631578947,81.05263157894737,2.456140350877193,78.59649122807018
E00053020,285,56,27,29,229,15,214,19.649122807017545,9.473684210526317,10.175438596491228,80.35087719298247,5.263157894736842,75.08771929824562
E00053021,171,65,37,28,106,13,93,38.01169590643275,21.637426900584796,16.374269005847953,61.98830409356725,7.602339181286549,54.385964912280706
E00053022,219,39,14,25,180,13,167,17.80821917808219,6.392694063926941,11.415525114155251,82.1917808219178,5.93607305936073,76.25570776255708
E00053023,271,58,23,35,213,25,188,21.40221402214022,8.487084870848708,12.915129151291513,78.59778597785979,9.22509225092251,69.37269372693727
E00053024,289,26,6,20,263,24,239,8.996539792387544,2.0761245674740483,6.920415224913495,91.00346020761245,8.304498269896193,82.69896193771626
E00053025,265,69,39,30,196,21,175,26.037735849056602,14.716981132075471,11.320754716981133,73.9622641509434,7.9245283018867925,66.0377358490566
E00053026,246,49,28,21,197,12,185,19.91869918699187,11.38211382113821,8.536585365853659,80.08130081300813,4.878048780487805,75.20325203252033
E00053027,405,71,29,42,334,22,312,17.530864197530864,7.160493827160494,10.37037037037037,82.46913580246914,5.432098765432099,77.03703703703704
E00053028,336,79,35,44,257,19,238,23.511904761904763,10.416666666666668,13.095238095238097,76.48809523809523,5.654761904761905,70.83333333333334
E00053029,271,42,19,23,229,24,205,15.498154981549817,7.011070110701106,8.487084870848708,84.50184501845018,8.856088560885608,75.64575645756457
E00053030,291,40,15,25,251,16,235,13.745704467353953,5.154639175257731,8.59106529209622,86.25429553264605,5.498281786941581,80.75601374570446
E00053031,591,81,33,48,510,32,478,13.705583756345177,5.583756345177665,8.121827411167512,86.29441624365482,5.414551607445008,80.8798646362098
E00053032,358,67,30,37,291,21,270,18.71508379888268,8.379888268156424,10.335195530726256,81.28491620111731,5.865921787709497,75.41899441340783
E00053033,226,56,30,26,170,21,149,24.778761061946902,13.274336283185843,11.504424778761061,75.22123893805309,9.29203539823009,65.929203539823
E00053034,306,43,24,19,263,23,240,14.052287581699346,7.8431372549019605,6.209150326797386,85.94771241830065,7.516339869281046,78.43137254901961
E00053035,363,67,28,39,296,19,277,18.457300275482094,7.7134986225895315,10.743801652892563,81.5426997245179,5.234159779614325,76.30853994490359
E00053036,270,58,21,37,212,21,191,21.48148148148148,7.777777777777778,13.703703703703704,78.51851851851852,7.777777777777778,70.74074074074073
E00053037,236,52,19,33,184,11,173,22.033898305084744,8.050847457627118,13.983050847457626,77.96610169491525,4.661016949152542,73.30508474576271
E00053038,291,50,16,34,241,23,218,17.18213058419244,5.498281786941581,11.683848797250858,82.81786941580756,7.903780068728522,74.91408934707904
E00053039,322,94,46,48,228,17,211,29.19254658385093,14.285714285714285,14.906832298136646,70.80745341614907,5.279503105590062,65.527950310559
E00053040,307,39,10,29,268,15,253,12.703583061889251,3.257328990228013,9.446254071661238,87.29641693811075,4.88599348534202,82.41042345276874
E00053041,259,35,10,25,224,18,206,13.513513513513514,3.861003861003861,9.652509652509652,86.48648648648648,6.94980694980695,79.53667953667953
E00053042,288,50,17,33,238,24,214,17.36111111111111,5.902777777777778,11.458333333333332,82.63888888888889,8.333333333333332,74.30555555555556
E00053043,277,59,27,32,218,26,192,21.299638989169676,9.747292418772563,11.552346570397113,78.70036101083032,9.386281588447654,69.31407942238266
E00053044,349,64,18,46,285,26,259,18.33810888252149,5.157593123209169,13.18051575931232,81.66189111747852,7.4498567335243555,74.21203438395415
E00053045,275,44,24,20,231,21,210,16,8.727272727272728,7.2727272727272725,84,7.636363636363637,76.36363636363637
E00053046,257,55,24,31,202,23,179,21.40077821011673,9.33852140077821,12.062256809338521,78.59922178988327,8.949416342412452,69.64980544747081
E00053047,219,55,25,30,164,10,154,25.11415525114155,11.415525114155251,13.698630136986301,74.88584474885845,4.5662100456621,70.31963470319634
E00053048,331,68,25,43,263,25,238,20.54380664652568,7.552870090634441,12.990936555891238,79.45619335347432,7.552870090634441,71.90332326283988
E00053049,206,47,16,31,159,9,150,22.815533980582526,7.766990291262135,15.048543689320388,77.18446601941747,4.368932038834951,72.81553398058253
E00053050,246,51,19,32,195,17,178,20.73170731707317,7.723577235772358,13.008130081300814,79.26829268292683,6.910569105691057,72.35772357723577
E00053051,304,53,19,34,251,23,228,17.434210526315788,6.25,11.18421052631579,82.56578947368422,7.565789473684211,75
E00053052,246,46,23,23,200,15,185,18.69918699186992,9.34959349593496,9.34959349593496,81.30081300813008,6.097560975609756,75.20325203252033
E00053053,307,54,27,27,253,21,232,17.58957654723127,8.794788273615636,8.794788273615636,82.41042345276874,6.840390879478828,75.57003257328991
E00053054,187,35,7,28,152,15,137,18.71657754010695,3.7433155080213902,14.973262032085561,81.28342245989305,8.0213903743315509,73.2620320855615
E00053055,275,51,21,30,224,36,188,18.545454545454547,7.636363636363637,10.909090909090908,81.45454545454545,13.090909090909092,68.36363636363636
E00053056,320,56,26,30,264,17,247,17.5,8.125,9.375,82.5,5.3125,77.1875
E00053057,354,38,18,20,316,6,310,10.734463276836157,5.084745762711865,5.649717514124294,89.26553672316385,1.694915254237288,87.57062146892656
E00053058,366,51,23,28,315,33,282,13.934426229508196,6.284153005464481,7.650273224043716,86.0655737704918,9.01639344262295,77.04918032786885
E00053059,443,50,23,27,393,15,378,11.286681715575622,5.191873589164786,6.094808126410835,88.71331828442437,3.3860045146726865,85.32731376975168
E00053060,370,60,26,34,310,25,285,16.216216216216218,7.027027027027027,9.18918918918919,83.78378378378379,6.756756756756757,77.02702702702703
E00053061,322,103,71,32,219,9,210,31.987577639751553,22.049689440993788,9.937888198757763,68.01242236024845,2.7950310559006213,65.21739130434783
E00053062,266,36,11,25,230,12,218,13.533834586466165,4.135338345864661,9.398496240601503,86.46616541353383,4.511278195488721,81.95488721804512
E00053063,415,59,24,35,356,14,342,14.216867469879519,5.783132530120482,8.433734939759036,85.78313253012048,3.3734939759036147,82.40963855421687
E00053064,156,37,14,23,119,11,108,23.717948717948715,8.974358974358974,14.743589743589745,76.28205128205127,7.051282051282051,69.23076923076923
E00053065,257,60,28,32,197,12,185,23.346303501945524,10.894941634241246,12.45136186770428,76.65369649805449,4.669260700389105,71.98443579766537
E00053066,350,65,35,30,285,22,263,18.571428571428573,10,8.571428571428571,81.42857142857143,6.2857142857142865,75.14285714285714
E00053067,289,53,24,29,236,13,223,18.33910034602076,8.304498269896193,10.034602076124568,81.66089965397923,4.498269896193772,77.16262975778547
E00053068,228,44,18,26,184,15,169,19.298245614035086,7.894736842105263,11.403508771929824,80.7017543859649,6.578947368421052,74.12280701754386
E00053069,255,52,29,23,203,17,186,20.392156862745097,11.372549019607844,9.019607843137255,79.6078431372549,6.666666666666667,72.94117647058823
E00053070,230,51,21,30,179,13,166,22.17391304347826,9.130434782608695,13.043478260869565,77.82608695652173,5.6521739130434785,72.17391304347827
E00053071,317,61,27,34,256,12,244,19.242902208201894,8.517350157728707,10.725552050473187,80.7570977917981,3.7854889589905363,76.97160883280758
E00053072,313,61,21,40,252,30,222,19.488817891373802,6.7092651757188495,12.779552715654951,80.5111821086262,9.584664536741213,70.92651757188499
E00053073,310,52,15,37,258,19,239,16.7741935483871,4.838709677419355,11.935483870967742,83.22580645161291,6.129032258064516,77.09677419354838
E00053074,385,121,82,39,264,26,238,31.428571428571427,21.298701298701296,10.129870129870131,68.57142857142857,6.753246753246753,61.81818181818181
E00053075,147,33,20,13,114,9,105,22.448979591836736,13.60544217687075,8.843537414965986,77.55102040816327,6.122448979591836,71.42857142857143
E00053076,313,52,21,31,261,25,236,16.61341853035144,6.7092651757188495,9.904153354632587,83.38658146964856,7.987220447284344,75.39936102236422
E00053077,349,34,18,16,315,31,284,9.742120343839542,5.157593123209169,4.584527220630372,90.25787965616045,8.882521489971348,81.37535816618912
E00053078,358,48,15,33,310,29,281,13.40782122905028,4.189944134078212,9.217877094972067,86.59217877094973,8.100558659217876,78.49162011173185
E00053079,396,93,42,51,303,23,280,23.484848484848484,10.606060606060606,12.878787878787879,76.51515151515152,5.808080808080808,70.70707070707071
E00053080,188,60,39,21,128,8,120,31.914893617021278,20.74468085106383,11.170212765957446,68.08510638297872,4.25531914893617,63.829787234042556
E00053081,328,65,22,43,263,27,236,19.817073170731707,6.707317073170732,13.109756097560975,80.1829268292683,8.231707317073171,71.95121951219512
E00053082,407,46,20,26,361,36,325,11.302211302211303,4.914004914004914,6.388206388206388,88.6977886977887,8.845208845208845,79.85257985257985
E00053083,334,40,16,24,294,20,274,11.976047904191617,4.790419161676647,7.18562874251497,88.02395209580838,5.9880239520958085,82.03592814371258
E00053084,385,42,12,30,343,23,320,10.909090909090908,3.116883116883117,7.792207792207792,89.0909090909091,5.974025974025974,83.11688311688312
E00053085,328,47,21,26,281,21,260,14.329268292682926,6.402439024390244,7.926829268292683,85.67073170731707,6.402439024390244,79.26829268292683
E00053086,344,56,23,33,288,39,249,16.27906976744186,6.686046511627906,9.593023255813954,83.72093023255815,11.337209302325581,72.38372093023256
E00053087,240,52,26,26,188,17,171,21.666666666666668,10.833333333333334,10.833333333333334,78.33333333333333,7.083333333333333,71.25
E00053088,460,74,28,46,386,40,346,16.08695652173913,6.086956521739131,10,83.91304347826087,8.695652173913043,75.21739130434783
E00053089,349,38,15,23,311,33,278,10.888252148997136,4.297994269340974,6.59025787965616,89.11174785100286,9.455587392550143,79.65616045845272
E00053090,393,56,24,32,337,25,312,14.249363867684478,6.106870229007633,8.142493638676845,85.75063613231552,6.361323155216285,79.38931297709924
E00053091,391,50,16,34,341,16,325,12.787723785166241,4.092071611253197,8.695652173913043,87.21227621483376,4.092071611253197,83.12020460358056
E00053092,340,61,20,41,279,21,258,17.941176470588236,5.88235294117647,12.058823529411764,82.05882352941177,6.176470588235294,75.88235294117646
E00053093,303,52,12,40,251,14,237,17.16171617161716,3.9603960396039604,13.2013201320132,82.83828382838284,4.62046204620462,78.21782178217822
E00053094,319,107,38,69,212,18,194,33.5423197492163,11.912225705329153,21.630094043887148,66.4576802507837,5.6426332288401255,60.81504702194357
E00053095,366,45,16,29,321,30,291,12.295081967213115,4.371584699453552,7.923497267759563,87.70491803278688,8.19672131147541,79.50819672131148
E00053096,310,32,9,23,278,26,252,10.32258064516129,2.903225806451613,7.419354838709677,89.6774193548387,8.38709677419355,81.29032258064515
E00053097,307,51,14,37,256,27,229,16.612377850162865,4.5602605863192185,12.052117263843648,83.38762214983714,8.794788273615636,74.5928338762215
E00053098,259,71,36,35,188,26,162,27.413127413127413,13.8996138996139,13.513513513513514,72.58687258687259,10.038610038610038,62.54826254826254
E00053099,352,59,17,42,293,13,280,16.761363636363637,4.829545454545454,11.931818181818182,83.23863636363636,3.6931818181818183,79.54545454545455
E00053100,337,43,14,29,294,23,271,12.759643916913946,4.154302670623145,8.605341246290802,87.24035608308606,6.824925816023739,80.41543026706232
E00053101,316,56,27,29,260,22,238,17.72151898734177,8.544303797468354,9.177215189873419,82.27848101265823,6.962025316455696,75.31645569620254
E00053102,326,37,17,20,289,11,278,11.349693251533742,5.214723926380368,6.134969325153374,88.65030674846625,3.374233128834356,85.2760736196319
E00053103,358,55,19,36,303,30,273,15.363128491620111,5.307262569832402,10.05586592178771,84.63687150837988,8.379888268156424,76.25698324022346
E00053104,295,64,25,39,231,19,212,21.694915254237287,8.47457627118644,13.220338983050848,78.30508474576271,6.440677966101695,71.86440677966101
E00053105,345,54,18,36,291,29,262,15.65217391304348,5.217391304347826,10.434782608695652,84.34782608695653,8.405797101449275,75.94202898550725
E00053106,290,34,8,26,256,23,233,11.724137931034482,2.7586206896551726,8.96551724137931,88.27586206896552,7.931034482758621,80.3448275862069
E00053107,330,50,26,24,280,36,244,15.151515151515152,7.878787878787878,7.2727272727272725,84.84848484848484,10.909090909090908,73.93939393939394
E00053108,340,50,21,29,290,26,264,14.705882352941178,6.176470588235294,8.529411764705882,85.29411764705883,7.647058823529412,77.64705882352942
E00053109,412,140,104,36,272,23,249,33.980582524271846,25.24271844660194,8.737864077669903,66.01941747572816,5.582524271844661,60.43689320388349
E00053110,315,43,23,20,272,19,253,13.65079365079365,7.301587301587302,6.349206349206349,86.34920634920636,6.031746031746032,80.31746031746032
E00053111,398,68,26,42,330,27,303,17.08542713567839,6.532663316582915,10.552763819095476,82.91457286432161,6.78391959798995,76.13065326633166
E00053112,345,56,26,30,289,15,274,16.231884057971012,7.536231884057972,8.695652173913043,83.76811594202898,4.3478260869565215,79.42028985507247
E00053113,290,80,32,48,210,25,185,27.586206896551722,11.03448275862069,16.551724137931036,72.41379310344827,8.620689655172415,63.793103448275865
E00053114,355,56,30,26,299,13,286,15.774647887323944,8.450704225352112,7.323943661971831,84.22535211267605,3.6619718309859155,80.56338028169014
E00053115,368,56,27,29,312,15,297,15.217391304347828,7.336956521739131,7.880434782608696,84.78260869565217,4.076086956521739,80.70652173913044
E00053116,304,45,15,30,259,11,248,14.802631578947366,4.934210526315789,9.868421052631579,85.19736842105263,3.618421052631579,81.57894736842105
E00053117,345,60,20,40,285,17,268,17.391304347826086,5.797101449275362,11.594202898550725,82.6086956521739,4.9275362318840585,77.68115942028986
E00053118,308,48,21,27,260,10,250,15.584415584415584,6.8181818181818175,8.766233766233766,84.4155844155844,3.2467532467532463,81.16883116883116
E00053119,394,47,25,22,347,6,341,11.928934010152284,6.345177664974619,5.583756345177665,88.07106598984772,1.5228426395939088,86.5482233502538
E00053120,261,84,24,60,177,10,167,32.18390804597701,9.195402298850574,22.988505747126435,67.81609195402298,3.8314176245210727,63.984674329501914
E00053121,421,64,19,45,357,10,347,15.201900237529692,4.513064133016627,10.688836104513063,84.798099762470315,2.375296912114014,82.42280285035629
E00053122,330,61,33,28,269,10,259,18.484848484848484,10,8.484848484848486,81.51515151515152,3.0303030303030303,78.48484848484848
E00053123,397,48,26,22,349,13,336,12.090680100755668,6.54911838790932,5.541561712846348,87.90931989924434,3.27455919395466,84.63476070528966
E00053124,469,42,22,20,427,6,421,8.955223880597014,4.690831556503198,4.264392324093817,91.04477611940298,1.279317697228145,89.76545842217483
E00053125,445,50,23,27,395,14,381,11.235955056179774,5.168539325842696,6.067415730337078,88.76404494382022,3.146067415730337,85.61797752808988
E00053126,333,30,15,15,303,13,290,9.00900900900901,4.504504504504505,4.504504504504505,90.990990990991,3.903903903903904,87.08708708708708
E00053127,430,63,30,33,367,7,360,14.651162790697676,6.976744186046512,7.674418604651163,85.34883720930233,1.627906976744186,83.72093023255815
E00053128,351,48,20,28,303,10,293,13.675213675213676,5.698005698005698,7.977207977207977,86.32478632478633,2.849002849002849,83.47578347578347
E00053129,265,63,21,42,202,9,193,23.77358490566038,7.9245283018867925,15.849056603773585,76.22641509433963,3.3962264150943398,72.83018867924528
E00053130,522,71,37,34,451,10,441,13.601532567049809,7.088122605363985,6.513409961685824,86.39846743295018,1.9157088122605364,84.48275862068965
E00053131,440,46,23,23,394,12,382,10.454545454545453,5.227272727272727,5.227272727272727,89.54545454545455,2.727272727272727,86.81818181818181
E00053132,336,29,10,19,307,15,292,8.630952380952381,2.976190476190476,5.654761904761905,91.36904761904762,4.464285714285714,86.90476190476191
E00053133,354,46,15,31,308,8,300,12.994350282485875,4.23728813559322,8.757062146892656,87.00564971751412,2.2598870056497176,84.7457627118644
E00053134,466,69,19,50,397,21,376,14.806866952789699,4.07725321888412,10.72961373390558,85.1931330472103,4.506437768240343,80.68669527896995
E00053135,606,66,34,32,540,20,520,10.891089108910892,5.6105610561056105,5.2805280528052805,89.10891089108911,3.3003300330033,85.8085808580858
E00053136,343,69,29,40,274,18,256,20.11661807580175,8.454810495626822,11.661807580174926,79.88338192419825,5.247813411078718,74.63556851311954
E00053137,350,69,38,31,281,11,270,19.714285714285715,10.857142857142858,8.857142857142856,80.28571428571428,3.1428571428571432,77.14285714285715
E00053138,255,43,19,24,212,14,198,16.862745098039216,7.450980392156863,9.411764705882353,83.13725490196079,5.490196078431373,77.64705882352942
E00053139,468,45,16,29,423,14,409,9.615384615384617,3.418803418803419,6.196581196581197,90.38461538461539,2.9914529914529915,87.3931623931624
E00053140,304,51,23,28,253,18,235,16.776315789473685,7.565789473684211,9.210526315789473,83.22368421052632,5.921052631578947,77.30263157894737
E00053141,330,49,23,26,281,16,265,14.84848484848485,6.969696969696971,7.878787878787878,85.15151515151516,4.848484848484849,80.3030303030303
E00053142,435,61,35,26,374,11,363,14.022988505747128,8.045977011494253,5.977011494252873,85.97701149425288,2.528735632183908,83.44827586206897
E00053144,443,79,29,50,364,19,345,17.83295711060948,6.5462753950338595,11.286681715575622,82.16704288939052,4.288939051918736,77.87810383747178
E00053145,292,41,15,26,251,10,241,14.04109589041096,5.136986301369863,8.904109589041095,85.95890410958904,3.4246575342465753,82.53424657534246
E00053146,447,54,19,35,393,10,383,12.080536912751679,4.250559284116331,7.829977628635347,87.91946308724832,2.237136465324385,85.68232662192393
E00053147,408,57,27,30,351,12,339,13.970588235294118,6.61764705882353,7.352941176470589,86.02941176470588,2.941176470588235,83.08823529411765
E00053148,393,37,14,23,356,8,348,9.414758269720101,3.5623409669211195,5.852417302798982,90.5852417302799,2.035623409669211,88.54961832061069
E00053149,424,86,39,47,338,18,320,20.28301886792453,9.19811320754717,11.084905660377359,79.71698113207547,4.245283018867925,75.47169811320755
E00053151,362,57,28,29,305,14,291,15.745856353591158,7.734806629834254,8.011049723756907,84.25414364640883,3.867403314917127,80.38674033149171
E00053152,601,48,17,31,553,19,534,7.9866888519134775,2.828618968386023,5.158069883527454,92.01331114808652,3.1613976705490847,88.85191347753744
E00053153,470,52,21,31,418,16,402,11.063829787234042,4.468085106382979,6.595744680851063,88.93617021276596,3.404255319148936,85.53191489361703
E00053154,506,62,25,37,444,14,430,12.25296442687747,4.940711462450593,7.312252964426877,87.74703557312253,2.766798418972332,84.98023715415019
E00053155,342,53,22,31,289,18,271,15.497076023391813,6.432748538011696,9.064327485380117,84.50292397660819,5.263157894736842,79.23976608187134
E00053156,388,47,22,25,341,15,326,12.11340206185567,5.670103092783505,6.443298969072164,87.88659793814433,3.865979381443299,84.02061855670104
E00053157,353,63,38,25,290,9,281,17.847025495750707,10.764872521246458,7.0821529745042495,82.15297450424929,2.5495750708215295,79.60339943342775
E00053158,333,56,31,25,277,13,264,16.816816816816818,9.30930930930931,7.5075075075075075,83.18318318318319,3.903903903903904,79.27927927927928
E00053159,412,61,25,36,351,25,326,14.805825242718445,6.067961165048544,8.737864077669903,85.19417475728154,6.067961165048544,79.12621359223301
E00053160,335,86,47,39,249,20,229,25.671641791044774,14.029850746268657,11.641791044776118,74.32835820895522,5.970149253731343,68.35820895522387
E00053161,321,49,18,31,272,19,253,15.264797507788161,5.607476635514018,9.657320872274143,84.73520249221184,5.919003115264798,78.81619937694704
E00053162,316,74,34,40,242,13,229,23.417721518987342,10.759493670886076,12.658227848101266,76.58227848101265,4.113924050632911,72.46835443037975
E00053163,363,56,30,26,307,21,286,15.426997245179063,8.264462809917356,7.162534435261708,84.57300275482093,5.785123966942149,78.78787878787878
E00053164,338,51,25,26,287,16,271,15.088757396449704,7.396449704142012,7.6923076923076925,84.91124260355029,4.733727810650888,80.1775147928994
E00053165,323,57,24,33,266,12,254,17.647058823529413,7.430340557275541,10.21671826625387,82.35294117647058,3.7151702786377707,78.63777089783281
E00053166,180,56,29,27,124,6,118,31.11111111111111,16.11111111111111,15,68.88888888888889,3.3333333333333335,65.55555555555556
E00053167,255,44,25,19,211,17,194,17.254901960784313,9.803921568627452,7.450980392156863,82.74509803921568,6.666666666666667,76.07843137254902
E00053168,345,61,28,33,284,20,264,17.681159420289855,8.115942028985506,9.565217391304348,82.31884057971014,5.797101449275362,76.52173913043478
E00053169,342,65,28,37,277,22,255,19.005847953216374,8.187134502923977,10.818713450292398,80.99415204678363,6.432748538011696,74.56140350877193
E00053170,335,60,29,31,275,14,261,17.91044776119403,8.656716417910449,9.253731343283581,82.08955223880598,4.179104477611941,77.91044776119404
E00053171,268,50,24,26,218,8,210,18.65671641791045,8.955223880597014,9.701492537313433,81.34328358208955,2.9850746268656714,78.35820895522389
E00053172,339,67,33,34,272,11,261,19.76401179941003,9.734513274336283,10.029498525073747,80.23598820058997,3.2448377581120944,76.99115044247787
E00053173,383,55,26,29,328,14,314,14.360313315926893,6.7885117493472595,7.5718015665796345,85.6396866840731,3.6553524804177546,81.98433420365535
E00053174,354,57,18,39,297,25,272,16.101694915254235,5.084745762711865,11.016949152542372,83.89830508474576,7.062146892655368,76.8361581920904
E00053175,290,43,17,26,247,17,230,14.827586206896552,5.862068965517241,8.96551724137931,85.17241379310346,5.862068965517241,79.3103448275862
E00053176,363,44,28,16,319,15,304,12.121212121212121,7.7134986225895315,4.40771349862259,87.87878787878788,4.132231404958678,83.7465564738292
E00053177,309,53,24,29,256,18,238,17.15210355987055,7.766990291262135,9.385113268608414,82.84789644012946,5.825242718446602,77.02265372168284
E00053178,417,65,29,36,352,16,336,15.587529976019185,6.954436450839328,8.633093525179856,84.41247002398082,3.8369304556354913,80.57553956834532
E00053179,300,69,38,31,231,12,219,23,12.666666666666668,10.333333333333334,77,4,73
E00053180,324,63,20,43,261,21,240,19.444444444444446,6.172839506172839,13.271604938271606,80.55555555555556,6.481481481481481,74.07407407407408
E00053181,349,68,34,34,281,18,263,19.484240687679083,9.742120343839542,9.742120343839542,80.51575931232091,5.157593123209169,75.35816618911176
E00053182,305,58,23,35,247,26,221,19.01639344262295,7.540983606557377,11.475409836065573,80.98360655737706,8.524590163934425,72.45901639344262
E00053183,309,53,23,30,256,14,242,17.15210355987055,7.443365695792881,9.70873786407767,82.84789644012946,4.53074433656958,78.31715210355988
E00053184,302,52,25,27,250,25,225,17.218543046357617,8.27814569536424,8.940397350993377,82.78145695364239,8.27814569536424,74.50331125827815
E00053185,323,96,52,44,227,22,205,29.721362229102166,16.09907120743034,13.622291021671826,70.27863777089783,6.811145510835913,63.46749226006192
E00053186,308,71,31,40,237,17,220,23.051948051948052,10.064935064935066,12.987012987012985,76.94805194805194,5.51948051948052,71.42857142857143
E00053187,302,72,34,38,230,20,210,23.841059602649008,11.258278145695364,12.582781456953644,76.15894039735099,6.622516556291391,69.5364238410596
E00053188,323,79,41,38,244,12,232,24.458204334365323,12.693498452012383,11.76470588235294,75.54179566563467,3.7151702786377707,71.8266253869969
E00053189,315,56,24,32,259,19,240,17.77777777777778,7.6190476190476195,10.158730158730158,82.22222222222221,6.031746031746032,76.19047619047619
E00053190,290,61,27,34,229,16,213,21.03448275862069,9.310344827586208,11.724137931034482,78.96551724137932,5.517241379310345,73.44827586206897
E00053191,316,72,31,41,244,14,230,22.78481012658228,9.81012658227848,12.974683544303797,77.21518987341773,4.430379746835443,72.78481012658227
E00053192,248,53,22,31,195,21,174,21.370967741935484,8.870967741935484,12.5,78.62903225806451,8.46774193548387,70.16129032258065
E00053193,276,60,27,33,216,14,202,21.73913043478261,9.782608695652174,11.956521739130435,78.26086956521739,5.072463768115942,73.18840579710145
E00053194,265,67,34,33,198,15,183,25.28301886792453,12.830188679245284,12.452830188679245,74.71698113207546,5.660377358490567,69.0566037735849
E00053195,444,136,91,45,308,13,295,30.630630630630627,20.495495495495494,10.135135135135135,69.36936936936937,2.9279279279279278,66.44144144144144
E00053196,175,66,37,29,109,12,97,37.714285714285715,21.142857142857142,16.57142857142857,62.28571428571429,6.857142857142858,55.42857142857143
E00053197,341,73,31,42,268,29,239,21.407624633431084,9.090909090909092,12.316715542521994,78.59237536656892,8.504398826979472,70.08797653958945
E00053198,332,80,36,44,252,20,232,24.096385542168676,10.843373493975903,13.253012048192772,75.90361445783132,6.024096385542169,69.87951807228916
E00053199,326,80,39,41,246,6,240,24.539877300613497,11.96319018404908,12.576687116564417,75.4601226993865,1.8404907975460123,73.61963190184049
E00053200,347,57,30,27,290,24,266,16.42651296829971,8.645533141210375,7.780979827089338,83.5734870317003,6.9164265129683,76.657060518732
E00053201,320,44,16,28,276,18,258,13.750000000000002,5,8.75,86.25,5.625,80.625
E00053202,378,55,17,38,323,21,302,14.550264550264549,4.497354497354497,10.052910052910052,85.44973544973546,5.555555555555555,79.8941798941799
E00053203,254,47,20,27,207,19,188,18.503937007874015,7.874015748031496,10.62992125984252,81.49606299212599,7.480314960629922,74.01574803149606
E00053204,299,58,26,32,241,19,222,19.39799331103679,8.695652173913043,10.702341137123746,80.60200668896321,6.354515050167224,74.24749163879598
E00053205,318,59,19,40,259,25,234,18.553459119496853,5.9748427672955975,12.578616352201259,81.44654088050315,7.861635220125786,73.58490566037736
E00053206,305,48,23,25,257,25,232,15.737704918032788,7.540983606557377,8.19672131147541,84.26229508196721,8.19672131147541,76.0655737704918
E00053207,310,50,23,27,260,18,242,16.129032258064516,7.419354838709677,8.709677419354838,83.87096774193549,5.806451612903226,78.06451612903226
E00053208,303,34,16,18,269,21,248,11.221122112211221,5.2805280528052805,5.9405940594059405,88.77887788778878,6.9306930693069315,81.84818481848185
E00053209,329,41,19,22,288,18,270,12.462006079027356,5.775075987841945,6.68693009118541,87.53799392097264,5.47112462006079,82.06686930091185
E00053210,273,45,22,23,228,18,210,16.483516483516482,8.058608058608058,8.424908424908425,83.51648351648352,6.593406593406594,76.92307692307693
E00053211,293,47,16,31,246,22,224,16.040955631399317,5.460750853242321,10.580204778156997,83.95904436860067,7.508532423208192,76.45051194539249
E00053212,314,58,18,40,256,37,219,18.471337579617835,5.7324840764331215,12.738853503184714,81.52866242038218,11.78343949044586,69.7452229299363
E00053213,357,66,24,42,291,19,272,18.487394957983195,6.722689075630252,11.76470588235294,81.5126050420168,5.322128851540616,76.19047619047619
E00053214,324,43,17,26,281,27,254,13.271604938271606,5.246913580246913,8.024691358024691,86.72839506172839,8.333333333333332,78.39506172839506
E00053215,340,55,25,30,285,28,257,16.176470588235293,7.352941176470589,8.823529411764707,83.82352941176471,8.235294117647058,75.58823529411765
E00053216,372,46,20,26,326,19,307,12.365591397849462,5.376344086021505,6.989247311827956,87.63440860215054,5.10752688172043,82.52688172043011
E00053217,381,59,20,39,322,25,297,15.485564304461944,5.2493438320209975,10.236220472440944,84.51443569553805,6.561679790026247,77.95275590551181
E00053218,337,77,34,43,260,19,241,22.8486646884273,10.089020771513352,12.759643916913946,77.1513353115727,5.637982195845697,71.51335311572701
E00053219,319,48,20,28,271,36,235,15.047021943573668,6.269592476489027,8.77742946708464,84.95297805642633,11.285266457680251,73.66771159874608
E00053220,349,46,15,31,303,13,290,13.18051575931232,4.297994269340974,8.882521489971348,86.81948424068769,3.7249283667621778,83.0945558739255
E00053221,372,47,19,28,325,18,307,12.634408602150538,5.10752688172043,7.526881720430108,87.36559139784946,4.838709677419355,82.52688172043011
E00053223,293,40,12,28,253,15,238,13.651877133105803,4.09556313993174,9.556313993174061,86.3481228668942,5.1194539249146755,81.22866894197952
E00053224,352,52,9,43,300,24,276,14.772727272727273,2.556818181818182,12.215909090909092,85.22727272727273,6.8181818181818175,78.4090909090909
E00053225,251,49,21,28,202,14,188,19.52191235059761,8.366533864541832,11.155378486055776,80.47808764940238,5.577689243027888,74.9003984063745
E00053226,251,43,21,22,208,19,189,17.131474103585656,8.366533864541832,8.764940239043826,82.86852589641434,7.569721115537849,75.2988047808765
E00053227,340,27,9,18,313,25,288,7.941176470588235,2.6470588235294117,5.294117647058823,92.05882352941175,7.352941176470589,84.70588235294117
E00053228,300,37,10,27,263,32,231,12.333333333333334,3.3333333333333335,9,87.66666666666667,10.666666666666668,77
E00053229,236,55,22,33,181,10,171,23.30508474576271,9.322033898305085,13.983050847457626,76.69491525423729,4.23728813559322,72.45762711864407
E00053230,298,72,34,38,226,13,213,24.161073825503358,11.409395973154362,12.751677852348994,75.83892617449665,4.3624161073825505,71.47651006711409
E00053231,302,68,40,28,234,11,223,22.516556291390728,13.245033112582782,9.271523178807946,77.48344370860927,3.642384105960265,73.84105960264901
E00053232,310,72,32,40,238,15,223,23.225806451612904,10.32258064516129,12.903225806451612,76.77419354838709,4.838709677419355,71.93548387096774
E00053233,241,58,27,31,183,13,170,24.066390041493776,11.20331950207469,12.863070539419086,75.93360995850622,5.394190871369295,70.53941908713693
E00053234,319,61,33,28,258,16,242,19.122257053291534,10.344827586206897,8.77742946708464,80.87774294670847,5.015673981191222,75.86206896551724
E00053235,232,57,24,33,175,12,163,24.568965517241377,10.344827586206897,14.224137931034484,75.43103448275862,5.172413793103448,70.25862068965517
E00053236,292,55,31,24,237,8,229,18.835616438356166,10.616438356164384,8.21917808219178,81.16438356164383,2.73972602739726,78.42465753424658
E00053237,273,57,33,24,216,16,200,20.87912087912088,12.087912087912088,8.791208791208792,79.12087912087912,5.86080586080586,73.26007326007326
E00053238,243,55,22,33,188,15,173,22.633744855967077,9.053497942386832,13.580246913580247,77.36625514403292,6.172839506172839,71.19341563786008
E00053239,353,33,16,17,320,27,293,9.34844192634561,4.53257790368272,4.815864022662889,90.6515580736544,7.64872521246459,83.0028328611898
E00053240,322,60,22,38,262,16,246,18.633540372670808,6.832298136645963,11.801242236024844,81.36645962732919,4.968944099378882,76.3975155279503
E00053241,353,86,31,55,267,29,238,24.362606232294617,8.78186968838527,15.58073654390935,75.63739376770539,8.21529745042493,67.42209631728045
E00053242,363,47,19,28,316,26,290,12.947658402203857,5.234159779614325,7.7134986225895315,87.05234159779614,7.162534435261708,79.88980716253444
E00053243,290,55,25,30,235,26,209,18.96551724137931,8.620689655172415,10.344827586206897,81.03448275862068,8.96551724137931,72.06896551724138
E00053244,357,65,28,37,292,19,273,18.207282913165265,7.8431372549019605,10.364145658263306,81.79271708683473,5.322128851540616,76.47058823529412
E00053245,334,43,19,24,291,21,270,12.874251497005988,5.688622754491018,7.18562874251497,87.12574850299401,6.287425149700598,80.83832335329342
E00053246,218,48,16,32,170,21,149,22.018348623853214,7.339449541284404,14.678899082568808,77.98165137614679,9.63302752293578,68.34862385321101
E00053247,229,59,21,38,170,12,158,25.76419213973799,9.170305676855897,16.593886462882097,74.235807860262,5.240174672489083,68.99563318777294
E00053248,216,58,25,33,158,18,140,26.851851851851855,11.574074074074074,15.277777777777779,73.14814814814815,8.333333333333332,64.81481481481481
E00053249,266,63,32,31,203,20,183,23.684210526315788,12.030075187969924,11.654135338345863,76.31578947368422,7.518796992481203,68.796992481203
E00053250,221,42,16,26,179,17,162,19.004524886877828,7.239819004524888,11.76470588235294,80.99547511312217,7.6923076923076925,73.303167420814475
E00053251,255,52,28,24,203,14,189,20.392156862745097,10.980392156862745,9.411764705882353,79.6078431372549,5.490196078431373,74.11764705882354
E00053252,249,65,33,32,184,12,172,26.104417670682732,13.253012048192772,12.851405622489958,73.89558232931726,4.819277108433735,69.07630522088354
E00053253,277,51,24,27,226,24,202,18.4115523465704,8.664259927797833,9.747292418772563,81.58844765342961,8.664259927797833,72.92418772563177
E00053254,200,74,37,37,126,8,118,37,18.5,18.5,63,4,59
E00053255,231,46,15,31,185,19,166,19.913419913419915,6.493506493506493,13.41991341991342,80.08658008658008,8.225108225108226,71.86147186147186
E00053256,274,43,21,22,231,25,206,15.693430656934307,7.664233576642336,8.02919708029197,84.30656934306569,9.124087591240876,75.18248175182481
E00053257,289,53,22,31,236,15,221,18.33910034602076,7.612456747404845,10.726643598615917,81.66089965397923,5.190311418685121,76.47058823529412
E00053258,323,45,24,21,278,14,264,13.93188854489164,7.430340557275541,6.5015479876160995,86.06811145510835,4.3343653250774,81.73374613003097
E00053259,210,52,21,31,158,21,137,24.761904761904763,10,14.761904761904763,75.23809523809524,10,65.23809523809524
E00053260,238,63,34,29,175,13,162,26.47058823529412,14.285714285714285,12.184873949579831,73.52941176470588,5.46218487394958,68.0672268907563
E00053261,260,48,19,29,212,15,197,18.461538461538463,7.307692307692308,11.153846153846155,81.53846153846153,5.769230769230769,75.76923076923077
E00053262,260,37,18,19,223,22,201,14.23076923076923,6.923076923076923,7.307692307692308,85.76923076923076,8.461538461538462,77.3076923076923
E00053263,347,57,16,41,290,27,263,16.42651296829971,4.610951008645533,11.815561959654179,83.5734870317003,7.780979827089338,75.79250720461094
E00053264,313,55,19,36,258,19,239,17.57188498402556,6.070287539936102,11.501597444089457,82.42811501597444,6.070287539936102,76.35782747603834
E00053265,348,51,27,24,297,17,280,14.655172413793101,7.758620689655173,6.896551724137931,85.34482758620689,4.885057471264368,80.45977011494253
E00053266,223,37,14,23,186,26,160,16.591928251121075,6.278026905829597,10.31390134529148,83.40807174887892,11.659192825112108,71.74887892376681
E00053267,285,47,16,31,238,16,222,16.49122807017544,5.614035087719298,10.87719298245614,83.50877192982456,5.614035087719298,77.89473684210526
E00053268,288,45,11,34,243,27,216,15.625,3.8194444444444446,11.805555555555555,84.375,9.375,75
E00053269,300,51,21,30,249,24,225,17,7.000000000000001,10,83,8,75
E00053270,242,57,22,35,185,22,163,23.553719008264462,9.090909090909092,14.46280991735537,76.44628099173553,9.090909090909092,67.35537190082644
E00053271,336,38,17,21,298,23,275,11.30952380952381,5.059523809523809,6.25,88.69047619047619,6.845238095238096,81.84523809523809
E00053272,318,45,16,29,273,29,244,14.150943396226415,5.031446540880504,9.119496855345911,85.84905660377359,9.119496855345911,76.72955974842768
E00053273,324,68,32,36,256,28,228,20.98765432098765,9.876543209876543,11.11111111111111,79.01234567901234,8.641975308641975,70.37037037037037
E00053274,299,75,34,41,224,19,205,25.08361204013378,11.37123745819398,13.712374581939798,74.91638795986621,6.354515050167224,68.56187290969899
E00053275,301,51,23,28,250,18,232,16.943521594684384,7.641196013289036,9.30232558139535,83.05647840531562,5.980066445182724,77.0764119601329
E00053276,303,59,26,33,244,14,230,19.471947194719473,8.58085808580858,10.891089108910892,80.52805280528052,4.62046204620462,75.9075907590759
E00053277,317,55,22,33,262,12,250,17.350157728706623,6.940063091482649,10.410094637223976,82.64984227129337,3.7854889589905363,78.86435331230284
E00053278,357,50,16,34,307,28,279,14.005602240896359,4.481792717086835,9.523809523809524,85.99439775910365,7.8431372549019605,78.15126050420169
E00053279,276,71,30,41,205,20,185,25.724637681159418,10.869565217391305,14.855072463768115,74.27536231884058,7.246376811594203,67.02898550724638
E00053280,308,49,15,34,259,26,233,15.909090909090908,4.870129870129871,11.03896103896104,84.0909090909091,8.441558441558442,75.64935064935064
E00053281,298,43,11,32,255,24,231,14.429530201342283,3.691275167785235,10.738255033557047,85.57046979865773,8.053691275167784,77.51677852348993
E00053282,281,61,29,32,220,16,204,21.70818505338078,10.320284697508896,11.387900355871885,78.29181494661923,5.6939501779359425,72.59786476868328
E00053283,265,57,29,28,208,18,190,21.50943396226415,10.943396226415095,10.566037735849058,78.49056603773586,6.7924528301886795,71.69811320754717
E00053284,304,75,34,41,229,22,207,24.671052631578945,11.18421052631579,13.486842105263158,75.32894736842105,7.236842105263158,68.0921052631579
E00053285,226,63,26,37,163,18,145,27.876106194690266,11.504424778761061,16.371681415929203,72.12389380530973,7.964601769911504,64.15929203539822
E00053286,403,143,84,59,260,23,237,35.483870967741936,20.843672456575682,14.640198511166252,64.51612903225806,5.707196029776675,58.80893300248139
E00053287,297,83,44,39,214,15,199,27.946127946127948,14.814814814814813,13.131313131313133,72.05387205387206,5.05050505050505,67.003367003367
E00053288,293,72,34,38,221,17,204,24.573378839590443,11.604095563139932,12.969283276450511,75.42662116040955,5.802047781569966,69.6245733788396
E00053289,288,65,35,30,223,19,204,22.569444444444446,12.152777777777777,10.416666666666668,77.43055555555556,6.597222222222222,70.83333333333334
E00053290,234,53,18,35,181,18,163,22.64957264957265,7.6923076923076925,14.957264957264957,77.35042735042735,7.6923076923076925,69.65811965811966
E00053291,317,60,26,34,257,24,233,18.92744479495268,8.201892744479496,10.725552050473187,81.07255520504731,7.570977917981073,73.50157728706624
E00053292,243,74,41,33,169,12,157,30.45267489711934,16.872427983539097,13.580246913580247,69.54732510288066,4.938271604938271,64.60905349794238
E00053293,275,74,40,34,201,12,189,26.90909090909091,14.545454545454545,12.363636363636363,73.0909090909091,4.363636363636364,68.72727272727272
E00053294,279,57,27,30,222,12,210,20.43010752688172,9.67741935483871,10.75268817204301,79.56989247311827,4.301075268817205,75.26881720430107
E00053295,269,55,27,28,214,17,197,20.44609665427509,10.037174721189592,10.408921933085502,79.5539033457249,6.319702602230483,73.23420074349443
E00053296,327,88,51,37,239,19,220,26.911314984709477,15.59633027522936,11.314984709480122,73.08868501529052,5.81039755351682,67.2782874617737
E00053297,299,64,32,32,235,14,221,21.40468227424749,10.702341137123746,10.702341137123746,78.59531772575251,4.682274247491638,73.91304347826086
E00053298,267,70,38,32,197,18,179,26.217228464419474,14.232209737827715,11.985018726591761,73.78277153558052,6.741573033707865,67.04119850187266
E00053299,311,76,26,50,235,12,223,24.437299035369776,8.360128617363344,16.077170418006432,75.56270096463022,3.858520900321544,71.70418006430869
E00053300,269,73,43,30,196,9,187,27.137546468401485,15.985130111524162,11.152416356877323,72.86245353159852,3.3457249070631967,69.51672862453532
E00053301,320,86,46,40,234,13,221,26.875,14.374999999999998,12.5,73.125,4.0625,69.0625
E00053302,288,50,21,29,238,18,220,17.36111111111111,7.291666666666667,10.069444444444445,82.63888888888889,6.25,76.38888888888889
E00053303,266,66,32,34,200,13,187,24.81203007518797,12.030075187969924,12.781954887218044,75.18796992481202,4.887218045112782,70.30075187969925
E00053304,275,67,28,39,208,16,192,24.363636363636363,10.181818181818182,14.181818181818182,75.63636363636364,5.818181818181818,69.81818181818183
E00053305,253,49,28,21,204,5,199,19.367588932806324,11.067193675889328,8.300395256916996,80.63241106719367,1.9762845849802373,78.65612648221344
E00053306,289,68,33,35,221,19,202,23.52941176470588,11.418685121107266,12.110726643598616,76.47058823529412,6.5743944636678195,69.8961937716263
E00053307,324,39,11,28,285,14,271,12.037037037037036,3.3950617283950617,8.641975308641975,87.96296296296296,4.320987654320987,83.64197530864197
E00053308,191,31,15,16,160,8,152,16.230366492146597,7.853403141361256,8.37696335078534,83.7696335078534,4.18848167539267,79.58115183246073
E00053309,254,64,22,42,190,17,173,25.196850393700785,8.661417322834646,16.535433070866144,74.80314960629921,6.692913385826772,68.11023622047244
E00053310,255,63,24,39,192,10,182,24.705882352941178,9.411764705882353,15.294117647058824,75.29411764705883,3.9215686274509802,71.37254901960785
E00053311,296,79,30,49,217,18,199,26.68918918918919,10.135135135135135,16.554054054054053,73.3108108108108,6.081081081081082,67.22972972972973
E00053312,286,57,34,23,229,17,212,19.93006993006993,11.888111888111888,8.041958041958042,80.06993006993007,5.944055944055944,74.12587412587412
E00053313,247,69,32,37,178,20,158,27.93522267206478,12.955465587044534,14.979757085020243,72.06477732793523,8.097165991902834,63.96761133603239
E00053314,294,45,16,29,249,22,227,15.306122448979592,5.442176870748299,9.863945578231291,84.6938775510204,7.482993197278912,77.21088435374149
E00053315,326,57,27,30,269,16,253,17.484662576687114,8.282208588957054,9.202453987730062,82.51533742331289,4.9079754601226995,77.60736196319019
E00053316,323,63,18,45,260,24,236,19.5046439628483,5.572755417956656,13.93188854489164,80.4953560371517,7.430340557275541,73.06501547987617
E00053317,316,56,30,26,260,18,242,17.72151898734177,9.49367088607595,8.227848101265822,82.27848101265823,5.69620253164557,76.58227848101265
E00053318,286,84,40,44,202,15,187,29.37062937062937,13.986013986013987,15.384615384615385,70.62937062937063,5.244755244755245,65.38461538461539
E00053319,300,44,15,29,256,14,242,14.666666666666666,5,9.666666666666666,85.33333333333334,4.666666666666667,80.66666666666666
E00053320,384,60,26,34,324,20,304,15.625,6.770833333333333,8.854166666666668,84.375,5.208333333333334,79.16666666666666
E00053321,288,37,12,25,251,29,222,12.847222222222221,4.166666666666666,8.680555555555555,87.15277777777779,10.069444444444445,77.08333333333334
E00053322,300,48,20,28,252,15,237,16,6.666666666666667,9.333333333333334,84,5,79
E00053324,282,45,17,28,237,20,217,15.957446808510639,6.028368794326241,9.929078014184398,84.04255319148936,7.092198581560284,76.95035460992908
E00053326,199,53,32,21,146,14,132,26.633165829145728,16.08040201005025,10.552763819095476,73.36683417085426,7.035175879396985,66.33165829145729
E00053327,345,40,24,16,305,14,291,11.594202898550725,6.956521739130435,4.63768115942029,88.40579710144928,4.057971014492753,84.34782608695653
E00053328,306,51,26,25,255,24,231,16.666666666666664,8.49673202614379,8.169934640522875,83.33333333333334,7.8431372549019605,75.49019607843137
E00053329,304,57,26,31,247,14,233,18.75,8.552631578947368,10.197368421052632,81.25,4.605263157894736,76.64473684210526
E00053330,317,53,24,29,264,16,248,16.7192429022082,7.570977917981073,9.14826498422713,83.2807570977918,5.047318611987381,78.23343848580441
E00053331,314,60,30,30,254,17,237,19.10828025477707,9.554140127388536,9.554140127388536,80.89171974522293,5.414012738853503,75.47770700636943
E00053332,254,58,22,36,196,6,190,22.83464566929134,8.661417322834646,14.173228346456693,77.16535433070865,2.3622047244094486,74.80314960629921
E00053333,276,55,25,30,221,19,202,19.92753623188406,9.057971014492754,10.869565217391305,80.07246376811594,6.884057971014493,73.18840579710145
E00053334,358,54,20,34,304,23,281,15.083798882681565,5.58659217877095,9.497206703910614,84.91620111731844,6.424581005586592,78.49162011173185
E00053335,280,59,37,22,221,13,208,21.071428571428573,13.214285714285715,7.857142857142857,78.92857142857143,4.642857142857143,74.28571428571429
E00053336,329,69,32,37,260,16,244,20.972644376899694,9.72644376899696,11.246200607902736,79.0273556231003,4.86322188449848,74.16413373860182
E00053337,280,63,28,35,217,6,211,22.5,10,12.5,77.5,2.142857142857143,75.35714285714286
E00053338,337,68,27,41,269,10,259,20.178041543026705,8.011869436201781,12.166172106824925,79.82195845697329,2.967359050445104,76.8545994065282
E00053339,329,80,41,39,249,18,231,24.316109422492403,12.462006079027356,11.854103343465045,75.6838905775076,5.47112462006079,70.2127659574468
E00053340,339,73,35,38,266,10,256,21.533923303834808,10.32448377581121,11.209439528023598,78.46607669616519,2.949852507374631,75.51622418879056
E00053341,217,78,54,24,139,13,126,35.944700460829495,24.88479262672811,11.059907834101383,64.0552995391705,5.990783410138248,58.06451612903226
E00053342,285,57,27,30,228,20,208,20,9.473684210526317,10.526315789473683,80,7.017543859649122,72.98245614035088
E00053343,339,48,28,20,291,16,275,14.15929203539823,8.259587020648967,5.899705014749262,85.84070796460178,4.71976401179941,81.12094395280236
E00053344,301,46,18,28,255,16,239,15.282392026578073,5.980066445182724,9.30232558139535,84.71760797342192,5.3156146179401995,79.40199335548172
E00053345,248,62,24,38,186,19,167,25,9.67741935483871,15.32258064516129,75,7.661290322580645,67.33870967741935
E00053346,261,50,18,32,211,12,199,19.157088122605366,6.896551724137931,12.260536398467432,80.84291187739464,4.597701149425287,76.24521072796935
E00053347,259,53,22,31,206,27,179,20.463320463320464,8.494208494208493,11.96911196911197,79.53667953667953,10.424710424710424,69.1119691119691
E00053348,231,39,16,23,192,17,175,16.883116883116884,6.926406926406926,9.956709956709958,83.11688311688312,7.35930735930736,75.75757575757575
E00053349,280,48,22,26,232,16,216,17.142857142857142,7.857142857142857,9.285714285714286,82.85714285714286,5.714285714285714,77.14285714285715
E00053350,293,44,18,26,249,24,225,15.017064846416384,6.143344709897611,8.873720136518772,84.98293515358361,8.19112627986348,76.79180887372013
E00053351,303,61,22,39,242,18,224,20.13201320132013,7.2607260726072615,12.871287128712872,79.86798679867987,5.9405940594059405,73.92739273927393
E00053352,252,44,21,23,208,16,192,17.46031746031746,8.333333333333332,9.126984126984127,82.53968253968253,6.349206349206349,76.19047619047619
E00167318,458,57,24,33,401,21,380,12.445414847161572,5.240174672489083,7.20524017467249,87.55458515283843,4.585152838427948,82.96943231441048
E00167320,201,35,15,20,166,18,148,17.412935323383085,7.462686567164178,9.950248756218906,82.58706467661692,8.955223880597014,73.6318407960199
E00167321,345,55,14,41,290,20,270,15.942028985507244,4.057971014492753,11.884057971014492,84.05797101449275,5.797101449275362,78.26086956521739
E00167325,197,39,15,24,158,8,150,19.796954314720814,7.614213197969544,12.18274111675127,80.20304568527918,4.060913705583756,76.14213197969542
E00167326,328,37,9,28,291,18,273,11.28048780487805,2.7439024390243905,8.536585365853659,88.71951219512195,5.487804878048781,83.23170731707317
E00167328,482,60,32,28,422,22,400,12.448132780082988,6.639004149377594,5.809128630705394,87.55186721991701,4.564315352697095,82.98755186721992
E00167329,412,58,27,31,354,8,346,14.077669902912621,6.553398058252427,7.524271844660194,85.92233009708737,1.9417475728155338,83.98058252427184
E00167331,359,52,26,26,307,25,282,14.484679665738161,7.242339832869081,7.242339832869081,85.51532033426183,6.963788300835655,78.55153203342618
E00167332,352,50,21,29,302,12,290,14.204545454545455,5.965909090909091,8.238636363636363,85.79545454545455,3.4090909090909087,82.38636363636364
E00167334,211,22,8,14,189,9,180,10.42654028436019,3.7914691943127963,6.6350710900473935,89.57345971563981,4.265402843601896,85.30805687203792
E00167335,178,75,50,25,103,8,95,42.13483146067416,28.08988764044944,14.04494382022472,57.865168539325836,4.49438202247191,53.37078651685393
E00167337,385,46,22,24,339,17,322,11.948051948051948,5.714285714285714,6.233766233766234,88.05194805194805,4.415584415584416,83.63636363636363
E00167339,231,23,10,13,208,10,198,9.956709956709958,4.329004329004329,5.627705627705628,90.04329004329004,4.329004329004329,85.71428571428571
E00167340,309,29,14,15,280,17,263,9.385113268608414,4.53074433656958,4.854368932038835,90.614886731391593,5.501618122977346,85.11326860841424
E00167342,373,39,16,23,334,11,323,10.455764075067025,4.289544235924933,6.166219839142091,89.54423592493298,2.949061662198391,86.59517426273459
E00167343,195,43,23,20,152,11,141,22.05128205128205,11.794871794871794,10.256410256410255,77.94871794871796,5.641025641025641,72.3076923076923
E00167345,289,33,10,23,256,15,241,11.418685121107266,3.4602076124567476,7.958477508650519,88.58131487889274,5.190311418685121,83.39100346020761
E00167346,264,50,24,26,214,11,203,18.939393939393938,9.090909090909092,9.848484848484848,81.06060606060606,4.166666666666666,76.89393939393939
E00167348,624,57,26,31,567,17,550,9.134615384615383,4.166666666666666,4.967948717948718,90.86538461538461,2.7243589743589745,88.14102564102564
E00181849,416,33,10,23,383,21,362,7.9326923076923075,2.403846153846154,5.528846153846153,92.0673076923077,5.048076923076923,87.01923076923077
E00181851,392,34,17,17,358,25,333,8.673469387755102,4.336734693877551,4.336734693877551,91.3265306122449,6.377551020408164,84.94897959183673
E00181853,445,50,21,29,395,15,380,11.235955056179774,4.719101123595506,6.51685393258427,88.76404494382022,3.3707865168539324,85.39325842696628
E00181854,698,100,24,76,598,43,555,14.326647564469914,3.4383954154727796,10.888252148997136,85.67335243553008,6.160458452722064,79.51289398280802
E00181856,135,17,8,9,118,7,111,12.592592592592592,5.9259259259259265,6.666666666666667,87.4074074074074,5.185185185185185,82.22222222222221
E00181859,400,30,12,18,370,22,348,7.5,3,4.5,92.5,5.5,87
E00181860,198,27,18,9,171,5,166,13.636363636363635,9.090909090909092,4.545454545454546,86.36363636363636,2.525252525252525,83.83838383838383
E00181861,336,17,2,15,319,12,307,5.059523809523809,0.5952380952380952,4.464285714285714,94.94047619047619,3.571428571428571,91.36904761904762
E00181864,258,35,16,19,223,11,212,13.565891472868216,6.2015503875969,7.3643410852713185,86.43410852713178,4.263565891472868,82.17054263565892
E00181865,126,31,11,20,95,5,90,24.6031746031746,8.73015873015873,15.873015873015872,75.39682539682539,3.968253968253968,71.42857142857143
E00181868,574,43,12,31,531,19,512,7.491289198606271,2.0905923344947737,5.400696864111499,92.50871080139372,3.3101045296167246,89.19860627177701
E00181869,433,56,23,33,377,18,359,12.933025404157044,5.311778290993072,7.621247113163972,87.06697459584296,4.157043879907621,82.90993071593533
E00181870,327,21,8,13,306,13,293,6.422018348623854,2.4464831804281344,3.9755351681957185,93.57798165137615,3.9755351681957185,89.60244648318043
E00181872,209,25,11,14,184,9,175,11.961722488038278,5.263157894736842,6.698564593301436,88.03827751196172,4.30622009569378,83.73205741626795
E00181873,431,31,10,21,400,13,387,7.192575406032482,2.320185614849188,4.872389791183294,92.80742459396751,3.0162412993039442,89.79118329466357
E00181875,241,128,106,22,113,7,106,53.11203319502075,43.983402489626556,9.12863070539419,46.88796680497925,2.904564315352697,43.983402489626556
E00181878,355,20,9,11,335,12,323,5.633802816901409,2.535211267605634,3.0985915492957745,94.36619718309859,3.3802816901408446,90.98591549295774
E00181880,288,31,11,20,257,13,244,10.76388888888889,3.8194444444444446,6.944444444444445,89.23611111111111,4.513888888888888,84.72222222222221
E00181881,218,16,2,14,202,12,190,7.339449541284404,0.9174311926605505,6.422018348623854,92.66055045871559,5.5045871559633035,87.1559633027523
E00181882,234,25,15,10,209,8,201,10.683760683760683,6.41025641025641,4.273504273504273,89.31623931623932,3.418803418803419,85.8974358974359
E00181883,536,78,29,49,458,20,438,14.55223880597015,5.410447761194029,9.14179104477612,85.44776119402985,3.731343283582089,81.71641791044776
E00181884,498,51,24,27,447,7,440,10.240963855421686,4.819277108433735,5.421686746987952,89.7590361445783,1.4056224899598393,88.35341365461848
E00181886,288,86,43,43,202,24,178,29.86111111111111,14.930555555555555,14.930555555555555,70.13888888888889,8.333333333333332,61.80555555555556
E00181888,286,22,10,12,264,10,254,7.6923076923076925,3.4965034965034967,4.195804195804196,92.3076923076923,3.4965034965034967,88.81118881118881
E00181889,168,23,13,10,145,6,139,13.690476190476192,7.738095238095238,5.952380952380952,86.30952380952381,3.571428571428571,82.73809523809523
E00181890,585,67,29,38,518,14,504,11.452991452991453,4.957264957264957,6.495726495726497,88.54700854700855,2.3931623931623935,86.15384615384616
E00181891,226,39,20,19,187,3,184,17.25663716814159,8.849557522123893,8.4070796460177,82.7433628318584,1.3274336283185841,81.41592920353983
E00181895,448,37,15,22,411,19,392,8.258928571428571,3.3482142857142856,4.910714285714286,91.74107142857143,4.241071428571429,87.5
E00181897,233,46,16,30,187,17,170,19.742489270386265,6.866952789699571,12.875536480686694,80.25751072961373,7.296137339055794,72.96137339055794
E00181903,589,41,20,21,548,34,514,6.960950764006792,3.395585738539898,3.5653650254668934,93.0390492359932,5.772495755517826,87.26655348047538
E00181905,173,25,15,10,148,6,142,14.450867052023122,8.670520231213873,5.780346820809249,85.54913294797689,3.4682080924855487,82.08092485549133
E00181907,342,49,31,18,293,12,281,14.327485380116958,9.064327485380117,5.263157894736842,85.67251461988305,3.508771929824561,82.16374269005848
E00181913,408,17,6,11,391,24,367,4.166666666666666,1.4705882352941175,2.696078431372549,95.83333333333334,5.88235294117647,89.95098039215686
E00181914,159,20,5,15,139,10,129,12.578616352201259,3.1446540880503147,9.433962264150944,87.42138364779875,6.289308176100629,81.13207547169812
E00181918,351,35,13,22,316,20,296,9.971509971509972,3.7037037037037033,6.267806267806268,90.02849002849003,5.698005698005698,84.33048433048434
E00181920,153,40,22,18,113,5,108,26.143790849673206,14.37908496732026,11.76470588235294,73.8562091503268,3.2679738562091507,70.58823529411765
E00181921,335,33,16,17,302,14,288,9.850746268656717,4.776119402985075,5.074626865671641,90.14925373134328,4.179104477611941,85.97014925373134
E00181922,300,28,8,20,272,17,255,9.333333333333334,2.666666666666667,6.666666666666667,90.66666666666666,5.666666666666666,85
E00181924,132,33,22,11,99,14,85,25,16.666666666666664,8.333333333333332,75,10.606060606060606,64.39393939393939
E00181925,264,44,21,23,220,13,207,16.666666666666664,7.954545454545454,8.712121212121213,83.33333333333334,4.924242424242424,78.4090909090909
