OA,ts0380001,ts0380002,ts0380003,ts0380004,ts0380005,ts0380006,ts0380007,ts0380002_PCT,ts0380003_PCT,ts0380004_PCT,ts0380005_PCT,ts0380006_PCT,ts0380007_PCT
E00125463,246,82,44,38,164,22,142,33.33333333333333,17.88617886178862,15.447154471544716,66.66666666666666,8.94308943089431,57.72357723577236
E00125465,506,82,31,51,424,54,370,16.205533596837945,6.126482213438735,10.079051383399209,83.79446640316206,10.67193675889328,73.12252964426878
E00125466,337,57,20,37,280,28,252,16.913946587537094,5.934718100890208,10.979228486646884,83.08605341246292,8.30860534124629,74.77744807121661
E00125467,226,41,11,30,185,20,165,18.141592920353983,4.867256637168142,13.274336283185843,81.85840707964603,8.849557522123893,73.00884955752213
E00125469,336,52,16,36,284,27,257,15.476190476190476,4.761904761904762,10.714285714285714,84.52380952380952,8.035714285714286,76.48809523809523
E00125470,336,39,9,30,297,26,271,11.607142857142858,2.6785714285714284,8.928571428571429,88.39285714285714,7.738095238095238,80.65476190476191
E00125471,333,43,12,31,290,26,264,12.912912912912914,3.6036036036036037,9.30930930930931,87.08708708708708,7.807807807807808,79.27927927927928
E00125472,314,53,24,29,261,25,236,16.878980891719745,7.643312101910828,9.235668789808917,83.12101910828027,7.961783439490445,75.15923566878982
E00125474,341,47,19,28,294,25,269,13.78299120234604,5.571847507331378,8.211143695014663,86.21700879765396,7.331378299120235,78.88563049853371
E00125475,258,44,20,24,214,26,188,17.05426356589147,7.751937984496124,9.30232558139535,82.94573643410853,10.077519379844961,72.86821705426357
E00125476,356,63,22,41,293,29,264,17.696629213483146,6.179775280898876,11.51685393258427,82.30337078651685,8.146067415730338,74.15730337078652
E00125477,305,34,10,24,271,18,253,11.147540983606557,3.278688524590164,7.868852459016394,88.85245901639345,5.901639344262295,82.95081967213115
E00125478,257,34,11,23,223,29,194,13.229571984435799,4.280155642023346,8.949416342412452,86.7704280155642,11.284046692607005,75.4863813229572
E00125479,284,42,9,33,242,29,213,14.788732394366196,3.169014084507042,11.619718309859154,85.2112676056338,10.211267605633804,75
E00125480,251,58,29,29,193,22,171,23.107569721115535,11.553784860557768,11.553784860557768,76.89243027888446,8.764940239043826,68.12749003984064
E00125481,301,35,13,22,266,25,241,11.627906976744185,4.318936877076411,7.308970099667775,88.37209302325581,8.305647840531561,80.06644518272425
E00125482,287,41,14,27,246,29,217,14.285714285714285,4.878048780487805,9.40766550522648,85.71428571428571,10.104529616724738,75.60975609756098
E00125483,306,48,16,32,258,22,236,15.686274509803921,5.228758169934641,10.457516339869281,84.31372549019608,7.18954248366013,77.12418300653596
E00125484,307,42,17,25,265,18,247,13.680781758957655,5.537459283387622,8.143322475570033,86.31921824104235,5.863192182410423,80.45602605863192
E00125485,219,26,5,21,193,25,168,11.87214611872146,2.28310502283105,9.58904109589041,88.12785388127854,11.415525114155251,76.71232876712328
E00125486,153,21,9,12,132,6,126,13.725490196078432,5.88235294117647,7.8431372549019605,86.27450980392157,3.9215686274509802,82.35294117647058
E00125487,262,34,11,23,228,36,192,12.977099236641221,4.198473282442748,8.778625954198473,87.02290076335878,13.740458015267176,73.2824427480916
E00125488,243,37,16,21,206,12,194,15.22633744855967,6.584362139917696,8.641975308641975,84.77366255144034,4.938271604938271,79.83539094650206
E00125489,335,47,19,28,288,27,261,14.029850746268657,5.6716417910447765,8.358208955223882,85.97014925373134,8.059701492537313,77.91044776119404
E00125490,251,48,20,28,203,22,181,19.12350597609562,7.968127490039841,11.155378486055776,80.87649402390437,8.764940239043826,72.11155378486056
E00125491,286,47,13,34,239,24,215,16.433566433566433,4.545454545454546,11.888111888111888,83.56643356643356,8.391608391608392,75.17482517482517
E00125492,270,62,34,28,208,19,189,22.962962962962962,12.592592592592592,10.37037037037037,77.03703703703704,7.037037037037037,70
E00125493,342,47,15,32,295,21,274,13.742690058479532,4.385964912280701,9.35672514619883,86.25730994152046,6.140350877192982,80.11695906432749
E00125494,375,45,18,27,330,39,291,12,4.8,7.199999999999999,88,10.4,77.60000000000001
E00125495,297,41,15,26,256,21,235,13.804713804713806,5.05050505050505,8.754208754208754,86.19528619528619,7.07070707070707,79.12457912457911
E00125496,300,29,14,15,271,25,246,9.666666666666666,4.666666666666667,5,90.33333333333333,8.333333333333332,82
E00125497,221,61,26,35,160,11,149,27.601809954751133,11.76470588235294,15.837104072398189,72.39819004524887,4.97737556561086,67.42081447963801
E00125498,420,81,42,39,339,32,307,19.28571428571429,10,9.285714285714286,80.71428571428572,7.6190476190476195,73.09523809523809
E00125499,299,52,14,38,247,27,220,17.391304347826086,4.682274247491638,12.709030100334449,82.6086956521739,9.03010033444816,73.57859531772574
E00125501,311,47,15,32,264,18,246,15.112540192926044,4.823151125401929,10.289389067524116,84.88745980707395,5.787781350482315,79.09967845659163
E00125502,357,55,30,25,302,28,274,15.406162464985995,8.403361344537815,7.002801120448179,84.593837535014,7.8431372549019605,76.75070028011206
E00125503,358,57,23,34,301,19,282,15.921787709497206,6.424581005586592,9.497206703910614,84.07821229050279,5.307262569832402,78.77094972067039
E00125504,363,41,16,25,322,33,289,11.294765840220386,4.40771349862259,6.887052341597796,88.70523415977961,9.090909090909092,79.61432506887053
E00125505,545,52,18,34,493,28,465,9.541284403669724,3.302752293577982,6.238532110091743,90.45871559633028,5.137614678899083,85.3211009174312
E00125506,283,28,8,20,255,14,241,9.89399293286219,2.8268551236749118,7.06713780918728,90.10600706713781,4.946996466431095,85.15901060070671
E00125507,308,37,11,26,271,20,251,12.012987012987013,3.571428571428571,8.441558441558442,87.98701298701299,6.493506493506493,81.4935064935065
E00125508,298,36,11,25,262,16,246,12.080536912751679,3.691275167785235,8.389261744966444,87.91946308724832,5.369127516778524,82.5503355704698
E00125509,401,58,29,29,343,32,311,14.463840399002494,7.231920199501247,7.231920199501247,85.53615960099751,7.98004987531172,77.55610972568579
E00125510,242,35,16,19,207,19,188,14.46280991735537,6.6115702479338845,7.851239669421488,85.53719008264463,7.851239669421488,77.68595041322314
E00125511,491,46,14,32,445,37,408,9.368635437881874,2.8513238289205702,6.517311608961303,90.63136456211812,7.535641547861507,83.09572301425662
E00125512,310,41,14,27,269,15,254,13.225806451612904,4.516129032258064,8.709677419354838,86.7741935483871,4.838709677419355,81.93548387096774
E00125513,173,29,9,20,144,12,132,16.76300578034682,5.202312138728324,11.560693641618498,83.23699421965318,6.9364161849710975,76.30057803468208
E00125514,336,56,14,42,280,38,242,16.666666666666664,4.166666666666666,12.5,83.33333333333334,11.30952380952381,72.02380952380952
E00125515,303,52,15,37,251,25,226,17.16171617161716,4.9504950495049505,12.211221122112212,82.83828382838284,8.25082508250825,74.58745874587459
E00125516,356,61,29,32,295,40,255,17.134831460674157,8.146067415730338,8.98876404494382,82.86516853932584,11.235955056179774,71.62921348314607
E00125517,341,40,15,25,301,25,276,11.730205278592376,4.398826979472141,7.331378299120235,88.26979472140762,7.331378299120235,80.93841642228739
E00125518,371,80,43,37,291,25,266,21.563342318059302,11.590296495956872,9.973045822102426,78.4366576819407,6.738544474393531,71.69811320754717
E00125519,380,51,18,33,329,41,288,13.421052631578947,4.736842105263158,8.68421052631579,86.57894736842105,10.789473684210527,75.78947368421053
E00125520,313,64,35,29,249,37,212,20.447284345047922,11.182108626198083,9.26517571884984,79.55271565495208,11.821086261980831,67.73162939297124
E00125521,300,61,10,51,239,36,203,20.333333333333332,3.3333333333333335,17,79.66666666666666,12,67.66666666666666
E00125522,302,53,15,38,249,22,227,17.549668874172188,4.966887417218543,12.582781456953644,82.45033112582782,7.28476821192053,75.16556291390728
E00125523,532,64,21,43,468,37,431,12.030075187969924,3.9473684210526314,8.082706766917292,87.96992481203007,6.954887218045112,81.01503759398496
E00125524,282,27,10,17,255,20,235,9.574468085106384,3.546099290780142,6.028368794326241,90.42553191489363,7.092198581560284,83.33333333333334
E00125526,277,43,17,26,234,30,204,15.523465703971121,6.137184115523466,9.386281588447654,84.47653429602889,10.830324909747292,73.6462093862816
E00125527,311,47,12,35,264,32,232,15.112540192926044,3.858520900321544,11.254019292604502,84.88745980707395,10.289389067524116,74.59807073954984
E00125528,372,78,34,44,294,27,267,20.967741935483872,9.13978494623656,11.827956989247312,79.03225806451613,7.258064516129033,71.7741935483871
E00125529,149,46,21,25,103,15,88,30.87248322147651,14.093959731543624,16.778523489932887,69.12751677852349,10.06711409395973,59.06040268456376
E00125530,353,42,17,25,311,42,269,11.89801699716714,4.815864022662889,7.0821529745042495,88.10198300283287,11.89801699716714,76.20396600566572
E00125531,402,68,31,37,334,33,301,16.91542288557214,7.711442786069651,9.203980099502488,83.08457711442786,8.208955223880597,74.87562189054727
E00125532,333,67,23,44,266,32,234,20.12012012012012,6.906906906906906,13.213213213213212,79.87987987987988,9.60960960960961,70.27027027027027
E00125533,514,94,37,57,420,34,386,18.28793774319066,7.198443579766536,11.089494163424124,81.71206225680933,6.614785992217899,75.09727626459144
E00125534,254,55,25,30,199,27,172,21.653543307086615,9.84251968503937,11.811023622047244,78.34645669291339,10.62992125984252,67.71653543307087
E00125535,200,78,40,38,122,11,111,39,20,19,61,5.5,55.50000000000001
E00125536,382,71,25,46,311,31,280,18.586387434554975,6.544502617801047,12.041884816753926,81.41361256544502,8.115183246073299,73.29842931937172
E00125537,352,40,12,28,312,31,281,11.363636363636363,3.4090909090909087,7.954545454545454,88.63636363636364,8.806818181818182,79.82954545454545
E00125538,303,53,13,40,250,29,221,17.491749174917494,4.29042904290429,13.2013201320132,82.50825082508251,9.570957095709572,72.93729372937293
E00125539,316,36,8,28,280,23,257,11.39240506329114,2.5316455696202533,8.860759493670885,88.60759493670885,7.2784810126582276,81.32911392405063
E00125541,337,57,19,38,280,29,251,16.913946587537094,5.637982195845697,11.275964391691394,83.08605341246292,8.605341246290802,74.4807121661721
E00125542,215,54,24,30,161,18,143,25.116279069767444,11.162790697674419,13.953488372093023,74.88372093023256,8.372093023255815,66.51162790697674
E00125543,351,50,16,34,301,32,269,14.245014245014245,4.5584045584045585,9.686609686609685,85.75498575498575,9.116809116809117,76.63817663817663
E00125544,356,50,14,36,306,27,279,14.04494382022472,3.932584269662921,10.112359550561797,85.95505617977528,7.584269662921349,78.37078651685393
E00125545,418,99,60,39,319,34,285,23.684210526315788,14.354066985645932,9.330143540669857,76.31578947368422,8.133971291866029,68.18181818181817
E00125546,354,56,16,40,298,35,263,15.819209039548024,4.519774011299435,11.299435028248588,84.18079096045197,9.887005649717514,74.29378531073446
E00125547,391,50,22,28,341,36,305,12.787723785166241,5.626598465473146,7.161125319693094,87.21227621483376,9.207161125319693,78.00511508951406
E00125548,339,50,12,38,289,25,264,14.749262536873156,3.5398230088495577,11.209439528023598,85.25073746312685,7.374631268436578,77.87610619469027
E00125550,347,52,15,37,295,23,272,14.985590778097983,4.322766570605188,10.662824207492795,85.01440922190201,6.628242074927954,78.38616714697406
E00125551,301,43,13,30,258,25,233,14.285714285714285,4.318936877076411,9.966777408637874,85.71428571428571,8.305647840531561,77.40863787375415
E00125552,356,49,14,35,307,26,281,13.764044943820226,3.932584269662921,9.831460674157304,86.23595505617978,7.303370786516854,78.93258426966293
E00125553,307,44,17,27,263,11,252,14.332247557003258,5.537459283387622,8.794788273615636,85.66775244299674,3.5830618892508146,82.08469055374593
E00125554,242,69,38,31,173,20,153,28.512396694214875,15.702479338842975,12.8099173553719,71.48760330578511,8.264462809917356,63.22314049586777
E00125555,295,66,39,27,229,22,207,22.372881355932204,13.220338983050848,9.152542372881356,77.62711864406779,7.457627118644068,70.16949152542374
E00125556,292,61,24,37,231,33,198,20.89041095890411,8.21917808219178,12.67123287671233,79.1095890410959,11.301369863013697,67.8082191780822
E00125557,339,46,15,31,293,26,267,13.569321533923304,4.424778761061947,9.144542772861357,86.4306784660767,7.669616519174041,78.76106194690266
E00125558,314,58,19,39,256,23,233,18.471337579617835,6.050955414012739,12.420382165605096,81.52866242038218,7.32484076433121,74.20382165605095
E00125559,278,37,14,23,241,36,205,13.309352517985612,5.0359712230215825,8.273381294964029,86.6906474820144,12.949640287769784,73.7410071942446
E00125560,326,39,10,29,287,32,255,11.96319018404908,3.067484662576687,8.895705521472392,88.03680981595092,9.815950920245399,78.22085889570552
E00125562,339,44,14,30,295,32,263,12.979351032448378,4.129793510324483,8.849557522123893,87.02064896755162,9.43952802359882,77.5811209439528
E00125564,302,52,21,31,250,23,227,17.218543046357617,6.95364238410596,10.264900662251655,82.78145695364239,7.6158940397351,75.16556291390728
E00125565,337,36,14,22,301,24,277,10.682492581602373,4.154302670623145,6.528189910979229,89.31750741839762,7.121661721068249,82.19584569732937
E00125566,285,37,14,23,248,15,233,12.982456140350877,4.912280701754386,8.070175438596491,87.01754385964912,5.263157894736842,81.75438596491227
E00125567,286,50,18,32,236,14,222,17.482517482517483,6.293706293706294,11.188811188811188,82.51748251748252,4.895104895104895,77.62237762237763
E00125568,547,58,18,40,489,35,454,10.603290676416819,3.2906764168190126,7.312614259597806,89.39670932358318,6.39853747714808,82.9981718464351
E00125569,249,43,15,28,206,22,184,17.269076305220885,6.024096385542169,11.244979919678714,82.73092369477911,8.835341365461847,73.89558232931726
E00125570,464,50,18,32,414,49,365,10.775862068965516,3.8793103448275863,6.896551724137931,89.22413793103449,10.560344827586206,78.66379310344827
E00125571,460,59,23,36,401,38,363,12.82608695652174,5,7.82608695652174,87.17391304347825,8.26086956521739,78.91304347826087
E00125572,279,40,14,26,239,27,212,14.336917562724013,5.017921146953405,9.31899641577061,85.66308243727599,9.67741935483871,75.98566308243727
E00125574,329,40,15,25,289,16,273,12.158054711246201,4.5592705167173255,7.598784194528875,87.84194528875379,4.86322188449848,82.97872340425532
E00125576,259,20,7,13,239,22,217,7.722007722007722,2.7027027027027026,5.019305019305019,92.27799227799228,8.494208494208493,83.78378378378379
E00125577,251,37,12,25,214,21,193,14.741035856573706,4.780876494023905,9.9601593625498,85.2589641434263,8.366533864541832,76.89243027888446
E00125578,456,52,15,37,404,28,376,11.403508771929824,3.289473684210526,8.114035087719298,88.59649122807018,6.140350877192982,82.45614035087719
E00125579,505,67,33,34,438,33,405,13.267326732673268,6.534653465346535,6.732673267326733,86.73267326732673,6.534653465346535,80.19801980198021
E00125580,452,72,27,45,380,39,341,15.929203539823009,5.9734513274336285,9.955752212389381,84.070796460177,8.628318584070795,75.4424778761062
E00125581,336,35,9,26,301,36,265,10.416666666666668,2.6785714285714284,7.738095238095238,89.58333333333334,10.714285714285714,78.86904761904762
E00125582,346,78,35,43,268,26,242,22.54335260115607,10.115606936416185,12.427745664739884,77.45664739884393,7.514450867052023,69.94219653179191
E00125583,325,57,20,37,268,13,255,17.53846153846154,6.153846153846154,11.384615384615385,82.46153846153847,4,78.46153846153847
E00125584,435,103,44,59,332,37,295,23.678160919540232,10.114942528735632,13.563218390804598,76.32183908045977,8.505747126436782,67.81609195402298
E00125585,391,92,46,46,299,20,279,23.52941176470588,11.76470588235294,11.76470588235294,76.47058823529412,5.115089514066496,71.35549872122762
E00125586,309,89,48,41,220,23,197,28.802588996763756,15.53398058252427,13.268608414239482,71.19741100323624,7.443365695792881,63.75404530744336
E00125587,464,114,47,67,350,40,310,24.568965517241377,10.129310344827585,14.439655172413794,75.43103448275862,8.620689655172415,66.8103448275862
E00125588,345,72,35,37,273,26,247,20.869565217391305,10.144927536231885,10.72463768115942,79.13043478260869,7.536231884057972,71.59420289855073
E00125589,321,77,34,43,244,19,225,23.98753894080997,10.59190031152648,13.395638629283487,76.01246105919003,5.919003115264798,70.09345794392523
E00125590,353,90,42,48,263,35,228,25.495750708215297,11.89801699716714,13.59773371104816,74.5042492917847,9.91501416430595,64.58923512747874
E00125591,379,89,40,49,290,27,263,23.482849604221638,10.554089709762533,12.928759894459102,76.51715039577837,7.12401055408971,69.39313984168865
E00125592,331,56,24,32,275,21,254,16.91842900302115,7.250755287009064,9.667673716012084,83.08157099697885,6.3444108761329305,76.73716012084593
E00125593,289,88,42,46,201,13,188,30.44982698961938,14.53287197231834,15.916955017301039,69.55017301038062,4.498269896193772,65.05190311418684
E00125594,297,35,11,24,262,27,235,11.784511784511785,3.7037037037037033,8.080808080808081,88.21548821548821,9.090909090909092,79.12457912457911
E00125595,310,37,13,24,273,26,247,11.935483870967742,4.193548387096775,7.741935483870968,88.06451612903226,8.38709677419355,79.6774193548387
E00125596,290,44,19,25,246,21,225,15.172413793103448,6.551724137931035,8.620689655172415,84.82758620689656,7.241379310344828,77.58620689655173
E00125597,308,39,15,24,269,25,244,12.662337662337661,4.870129870129871,7.792207792207792,87.33766233766234,8.116883116883116,79.22077922077922
E00125598,239,30,13,17,209,20,189,12.552301255230125,5.439330543933055,7.112970711297072,87.44769874476988,8.368200836820083,79.07949790794979
E00125599,378,95,50,45,283,24,259,25.132275132275133,13.227513227513226,11.904761904761903,74.86772486772487,6.349206349206349,68.51851851851852
E00125600,124,13,6,7,111,7,104,10.483870967741936,4.838709677419355,5.64516129032258,89.51612903225806,5.64516129032258,83.87096774193549
E00125601,369,39,15,24,330,28,302,10.569105691056912,4.0650406504065035,6.504065040650407,89.43089430894308,7.588075880758807,81.84281842818429
E00125602,341,56,12,44,285,37,248,16.422287390029325,3.519061583577713,12.903225806451612,83.57771260997067,10.850439882697946,72.72727272727273
E00125603,314,53,25,28,261,27,234,16.878980891719745,7.961783439490445,8.9171974522293,83.12101910828027,8.598726114649681,74.52229299363057
E00125604,236,45,18,27,191,24,167,19.06779661016949,7.627118644067797,11.440677966101696,80.9322033898305,10.16949152542373,70.76271186440678
E00125605,216,25,8,17,191,14,177,11.574074074074074,3.7037037037037033,7.87037037037037,88.42592592592592,6.481481481481481,81.94444444444444
E00125606,274,50,14,36,224,22,202,18.248175182481752,5.109489051094891,13.138686131386862,81.75182481751825,8.02919708029197,73.72262773722628
E00125607,326,56,26,30,270,32,238,17.177914110429448,7.975460122699387,9.202453987730062,82.82208588957054,9.815950920245399,73.00613496932516
E00125608,320,55,16,39,265,32,233,17.1875,5,12.1875,82.8125,10,72.8125
E00125609,374,51,16,35,323,36,287,13.636363636363635,4.27807486631016,9.358288770053475,86.36363636363636,9.62566844919786,76.7379679144385
E00125610,333,55,19,36,278,15,263,16.516516516516518,5.7057057057057055,10.81081081081081,83.48348348348348,4.504504504504505,78.97897897897897
E00125611,397,83,35,48,314,32,282,20.906801007556673,8.816120906801007,12.090680100755668,79.09319899244332,8.060453400503778,71.03274559193954
E00125612,289,80,44,36,209,31,178,27.68166089965398,15.22491349480969,12.45674740484429,72.31833910034602,10.726643598615917,61.5916955017301
E00125613,282,54,30,24,228,22,206,19.148936170212767,10.638297872340425,8.51063829787234,80.85106382978722,7.801418439716312,73.04964539007092
E00125614,367,79,32,47,288,27,261,21.525885558583106,8.71934604904632,12.806539509536785,78.4741144414169,7.3569482288828345,71.11716621253406
E00125615,207,52,20,32,155,27,128,25.120772946859905,9.66183574879227,15.458937198067632,74.8792270531401,13.043478260869565,61.83574879227053
E00125616,375,29,11,18,346,34,312,7.733333333333333,2.933333333333333,4.8,92.26666666666667,9.066666666666666,83.2
E00125617,349,58,25,33,291,35,256,16.6189111747851,7.163323782234957,9.455587392550143,83.3810888252149,10.028653295128938,73.35243553008596
E00125618,345,42,10,32,303,17,286,12.173913043478262,2.898550724637681,9.27536231884058,87.82608695652175,4.9275362318840585,82.89855072463767
E00125619,344,43,14,29,301,31,270,12.5,4.069767441860465,8.430232558139535,87.5,9.011627906976743,78.48837209302324
E00125620,276,50,16,34,226,26,200,18.115942028985508,5.797101449275362,12.318840579710146,81.88405797101449,9.420289855072465,72.46376811594203
E00125621,303,43,19,24,260,24,236,14.19141914191419,6.270627062706271,7.920792079207921,85.8085808580858,7.920792079207921,77.88778877887789
E00125622,303,62,33,29,241,24,217,20.462046204620464,10.891089108910892,9.570957095709572,79.53795379537954,7.920792079207921,71.61716171617162
E00125623,313,47,16,31,266,34,232,15.015974440894569,5.111821086261981,9.904153354632587,84.98402555910543,10.86261980830671,74.12140575079871
E00125624,321,80,33,47,241,35,206,24.922118380062305,10.2803738317757,14.641744548286603,75.0778816199377,10.903426791277258,64.17445482866043
E00125625,304,44,18,26,260,24,236,14.473684210526317,5.921052631578947,8.552631578947368,85.52631578947368,7.894736842105263,77.63157894736842
E00125626,347,69,31,38,278,26,252,19.88472622478386,8.93371757925072,10.951008645533141,80.11527377521614,7.492795389048991,72.62247838616715
E00125627,401,48,9,39,353,30,323,11.970074812967582,2.2443890274314215,9.72568578553616,88.02992518703242,7.4812967581047385,80.54862842892769
E00125628,334,43,14,29,291,23,268,12.874251497005988,4.191616766467066,8.682634730538922,87.12574850299401,6.88622754491018,80.23952095808383
E00125629,289,42,13,29,247,22,225,14.53287197231834,4.498269896193772,10.034602076124568,85.46712802768167,7.612456747404845,77.85467128027682
E00125630,307,72,27,45,235,14,221,23.452768729641694,8.794788273615636,14.65798045602606,76.54723127035831,4.5602605863192185,71.9869706840391
E00125631,258,52,18,34,206,26,180,20.155038759689923,6.976744186046512,13.178294573643413,79.84496124031007,10.077519379844961,69.76744186046511
E00125632,284,68,25,43,216,24,192,23.943661971830984,8.80281690140845,15.140845070422534,76.05633802816901,8.450704225352112,67.6056338028169
E00125633,345,42,15,27,303,35,268,12.173913043478262,4.3478260869565215,7.82608695652174,87.82608695652175,10.144927536231885,77.68115942028986
E00125634,325,43,14,29,282,35,247,13.230769230769232,4.3076923076923075,8.923076923076923,86.76923076923076,10.76923076923077,76
E00125635,300,36,14,22,264,30,234,12,4.666666666666667,7.333333333333333,88,10,78
E00125636,341,56,19,37,285,28,257,16.422287390029325,5.571847507331378,10.850439882697946,83.57771260997067,8.211143695014663,75.366568914956
E00125637,331,65,26,39,266,27,239,19.637462235649547,7.854984894259818,11.782477341389729,80.36253776435045,8.157099697885197,72.20543806646525
E00125638,325,37,9,28,288,28,260,11.384615384615385,2.769230769230769,8.615384615384615,88.61538461538461,8.615384615384615,80
E00125639,344,53,21,32,291,33,258,15.406976744186046,6.104651162790697,9.30232558139535,84.59302325581395,9.593023255813954,75
E00125640,385,85,56,29,300,28,272,22.07792207792208,14.545454545454545,7.532467532467532,77.92207792207793,7.2727272727272725,70.64935064935065
E00125641,299,31,8,23,268,36,232,10.367892976588628,2.6755852842809364,7.6923076923076925,89.63210702341136,12.040133779264215,77.59197324414716
E00125642,363,46,12,34,317,37,280,12.672176308539946,3.3057851239669422,9.366391184573002,87.32782369146005,10.192837465564738,77.13498622589532
E00125643,360,32,12,20,328,32,296,8.88888888888889,3.3333333333333335,5.555555555555555,91.11111111111111,8.88888888888889,82.22222222222221
E00125644,290,31,10,21,259,21,238,10.689655172413794,3.4482758620689653,7.241379310344828,89.3103448275862,7.241379310344828,82.06896551724138
E00125645,316,40,9,31,276,26,250,12.658227848101266,2.848101265822785,9.81012658227848,87.34177215189874,8.227848101265822,79.11392405063292
E00125646,341,50,17,33,291,33,258,14.66275659824047,4.9853372434017595,9.67741935483871,85.33724340175954,9.67741935483871,75.65982404692082
E00125647,314,55,20,35,259,25,234,17.51592356687898,6.369426751592357,11.146496815286625,82.48407643312102,7.961783439490445,74.52229299363057
E00125648,337,29,9,20,308,45,263,8.605341246290802,2.6706231454005933,5.934718100890208,91.3946587537092,13.353115727002967,78.04154302670622
E00125649,328,49,16,33,279,28,251,14.939024390243901,4.878048780487805,10.060975609756099,85.0609756097561,8.536585365853659,76.52439024390245
E00125650,472,35,8,27,437,42,395,7.415254237288135,1.694915254237288,5.720338983050848,92.58474576271186,8.898305084745763,83.6864406779661
E00125651,297,38,19,19,259,17,242,12.794612794612794,6.397306397306397,6.397306397306397,87.20538720538721,5.723905723905724,81.48148148148148
E00125652,206,37,17,20,169,15,154,17.96116504854369,8.25242718446602,9.70873786407767,82.03883495145631,7.281553398058252,74.75728155339806
E00125653,334,39,12,27,295,17,278,11.676646706586826,3.592814371257485,8.08383233532934,88.32335329341318,5.089820359281437,83.23353293413174
E00125654,302,36,14,22,266,20,246,11.920529801324504,4.635761589403973,7.28476821192053,88.0794701986755,6.622516556291391,81.45695364238411
E00125655,373,39,13,26,334,31,303,10.455764075067025,3.485254691689008,6.970509383378016,89.54423592493298,8.310991957104557,81.23324396782841
E00125656,144,20,5,15,124,8,116,13.88888888888889,3.4722222222222223,10.416666666666668,86.11111111111111,5.555555555555555,80.55555555555556
E00125659,163,20,5,15,143,14,129,12.269938650306749,3.067484662576687,9.202453987730062,87.73006134969326,8.588957055214724,79.14110429447852
E00125660,311,42,10,32,269,18,251,13.504823151125404,3.215434083601286,10.289389067524116,86.49517684887459,5.787781350482315,80.70739549839229
E00125661,310,42,20,22,268,24,244,13.548387096774196,6.451612903225806,7.096774193548387,86.45161290322581,7.741935483870968,78.70967741935485
E00125662,334,51,13,38,283,31,252,15.269461077844312,3.8922155688622757,11.377245508982035,84.73053892215569,9.281437125748502,75.44910179640718
E00125663,265,33,10,23,232,24,208,12.452830188679245,3.7735849056603774,8.679245283018867,87.54716981132076,9.056603773584905,78.49056603773586
E00125664,447,60,20,40,387,39,348,13.422818791946309,4.47427293064877,8.94854586129754,86.57718120805369,8.724832214765101,77.85234899328859
E00125665,349,46,12,34,303,36,267,13.18051575931232,3.4383954154727796,9.742120343839542,86.81948424068769,10.315186246418339,76.50429799426934
E00125666,313,37,10,27,276,21,255,11.821086261980831,3.1948881789137378,8.626198083067091,88.17891373801918,6.7092651757188495,81.46964856230032
E00125667,287,39,13,26,248,15,233,13.588850174216027,4.529616724738676,9.059233449477352,86.41114982578398,5.2264808362369335,81.18466898954703
E00125668,266,28,7,21,238,29,209,10.526315789473683,2.631578947368421,7.894736842105263,89.47368421052632,10.902255639097744,78.57142857142857
E00125669,332,32,10,22,300,20,280,9.63855421686747,3.0120481927710845,6.626506024096386,90.36144578313254,6.024096385542169,84.33734939759037
E00125670,446,60,20,40,386,32,354,13.452914798206278,4.484304932735426,8.968609865470851,86.54708520179372,7.174887892376682,79.37219730941703
E00125671,285,35,10,25,250,36,214,12.280701754385964,3.508771929824561,8.771929824561402,87.71929824561403,12.631578947368421,75.08771929824562
E00125672,308,74,35,39,234,19,215,24.025974025974026,11.363636363636363,12.662337662337661,75.97402597402598,6.1688311688311686,69.8051948051948
E00125673,307,37,12,25,270,36,234,12.052117263843648,3.908794788273615,8.143322475570033,87.94788273615634,11.726384364820847,76.2214983713355
E00125674,274,63,36,27,211,25,186,22.99270072992701,13.138686131386862,9.854014598540147,77.00729927007299,9.124087591240876,67.88321167883211
E00125675,352,71,27,44,281,26,255,20.170454545454543,7.670454545454546,12.5,79.82954545454545,7.386363636363637,72.44318181818183
E00125676,372,86,38,48,286,18,268,23.118279569892472,10.21505376344086,12.903225806451612,76.88172043010752,4.838709677419355,72.04301075268818
E00125677,395,38,12,26,357,35,322,9.620253164556962,3.0379746835443036,6.582278481012659,90.37974683544304,8.860759493670885,81.51898734177216
E00125678,355,21,5,16,334,27,307,5.915492957746479,1.4084507042253522,4.507042253521127,94.08450704225352,7.605633802816901,86.47887323943661
E00125680,336,31,6,25,305,21,284,9.226190476190476,1.7857142857142856,7.440476190476191,90.77380952380952,6.25,84.52380952380952
E00125681,430,37,10,27,393,38,355,8.604651162790699,2.3255813953488373,6.279069767441861,91.3953488372093,8.837209302325581,82.55813953488372
E00125682,327,32,11,21,295,32,263,9.785932721712538,3.3639143730886847,6.422018348623854,90.21406727828746,9.785932721712538,80.42813455657493
E00125683,453,38,12,26,415,35,380,8.388520971302428,2.6490066225165565,5.739514348785872,91.61147902869757,7.72626931567329,83.88520971302428
E00125684,254,55,27,28,199,23,176,21.653543307086615,10.62992125984252,11.023622047244094,78.34645669291339,9.05511811023622,69.29133858267717
E00125686,299,51,16,35,248,19,229,17.05685618729097,5.351170568561873,11.705685618729097,82.94314381270902,6.354515050167224,76.58862876254182
E00125687,280,41,12,29,239,22,217,14.642857142857144,4.285714285714286,10.357142857142858,85.35714285714285,7.857142857142857,77.5
E00125688,282,50,13,37,232,31,201,17.73049645390071,4.609929078014184,13.120567375886525,82.26950354609929,10.99290780141844,71.27659574468085
E00125690,460,57,20,37,403,34,369,12.391304347826088,4.3478260869565215,8.043478260869565,87.60869565217392,7.391304347826087,80.21739130434783
E00125691,308,48,14,34,260,25,235,15.584415584415584,4.545454545454546,11.03896103896104,84.4155844155844,8.116883116883116,76.2987012987013
E00125692,276,49,16,33,227,27,200,17.753623188405797,5.797101449275362,11.956521739130435,82.2463768115942,9.782608695652174,72.46376811594203
E00125693,299,35,12,23,264,13,251,11.705685618729097,4.013377926421405,7.6923076923076925,88.2943143812709,4.3478260869565215,83.94648829431438
E00125694,273,25,7,18,248,23,225,9.157509157509157,2.564102564102564,6.593406593406594,90.84249084249085,8.424908424908425,82.41758241758241
E00125695,324,50,17,33,274,22,252,15.432098765432098,5.246913580246913,10.185185185185185,84.5679012345679,6.790123456790123,77.77777777777779
E00125696,306,45,16,29,261,29,232,14.705882352941178,5.228758169934641,9.477124183006536,85.29411764705883,9.477124183006536,75.81699346405229
E00125697,328,59,21,38,269,30,239,17.98780487804878,6.402439024390244,11.585365853658537,82.01219512195121,9.146341463414634,72.86585365853658
E00125698,371,56,22,34,315,26,289,15.09433962264151,5.929919137466308,9.164420485175203,84.90566037735849,7.008086253369273,77.89757412398922
E00125699,298,36,12,24,262,31,231,12.080536912751679,4.026845637583892,8.053691275167784,87.91946308724832,10.40268456375839,77.51677852348993
E00125700,353,68,24,44,285,19,266,19.263456090651555,6.79886685552408,12.464589235127479,80.73654390934844,5.382436260623229,75.3541076487252
E00125701,288,92,47,45,196,25,171,31.944444444444443,16.319444444444446,15.625,68.05555555555556,8.680555555555555,59.375
E00125702,339,49,12,37,290,33,257,14.454277286135694,3.5398230088495577,10.914454277286136,85.54572271386431,9.734513274336283,75.81120943952803
E00125703,409,108,47,61,301,19,282,26.405867970660147,11.491442542787286,14.91442542787286,73.59413202933986,4.645476772616137,68.94865525672371
E00125704,331,47,12,35,284,28,256,14.19939577039275,3.625377643504532,10.574018126888216,85.80060422960725,8.459214501510575,77.34138972809667
E00125705,352,53,20,33,299,27,272,15.056818181818182,5.681818181818182,9.375,84.94318181818183,7.670454545454546,77.27272727272727
E00125706,308,39,14,25,269,31,238,12.662337662337661,4.545454545454546,8.116883116883116,87.33766233766234,10.064935064935066,77.27272727272727
E00125709,392,52,15,37,340,31,309,13.26530612244898,3.826530612244898,9.438775510204081,86.73469387755102,7.908163265306123,78.8265306122449
E00125711,406,96,29,67,310,35,275,23.645320197044335,7.142857142857142,16.502463054187192,76.35467980295566,8.620689655172415,67.73399014778325
E00125712,365,39,7,32,326,22,304,10.684931506849315,1.9178082191780823,8.767123287671232,89.31506849315069,6.027397260273973,83.28767123287672
E00125714,324,28,9,19,296,24,272,8.641975308641975,2.7777777777777777,5.864197530864197,91.35802469135803,7.4074074074074066,83.9506172839506
E00125715,280,44,11,33,236,24,212,15.714285714285714,3.9285714285714284,11.785714285714285,84.28571428571429,8.571428571428571,75.71428571428571
E00125717,330,59,26,33,271,23,248,17.87878787878788,7.878787878787878,10,82.12121212121211,6.969696969696971,75.15151515151514
E00125718,336,68,24,44,268,18,250,20.238095238095237,7.142857142857142,13.095238095238097,79.76190476190477,5.357142857142857,74.40476190476191
E00125719,459,48,21,27,411,40,371,10.457516339869281,4.57516339869281,5.88235294117647,89.54248366013073,8.714596949891067,80.82788671023965
E00125720,257,38,14,24,219,19,200,14.785992217898833,5.447470817120623,9.33852140077821,85.21400778210116,7.392996108949417,77.82101167315176
E00125721,610,116,40,76,494,40,454,19.01639344262295,6.557377049180328,12.459016393442624,80.98360655737706,6.557377049180328,74.42622950819671
E00125722,304,58,28,30,246,15,231,19.078947368421055,9.210526315789473,9.868421052631579,80.92105263157895,4.934210526315789,75.98684210526315
E00125723,372,72,39,33,300,28,272,19.35483870967742,10.483870967741936,8.870967741935484,80.64516129032258,7.526881720430108,73.11827956989248
E00125724,397,73,24,49,324,31,293,18.387909319899247,6.045340050377834,12.34256926952141,81.61209068010076,7.8085642317380355,73.80352644836272
E00125725,330,91,35,56,239,26,213,27.575757575757574,10.606060606060606,16.969696969696972,72.42424242424242,7.878787878787878,64.54545454545455
E00125726,264,35,12,23,229,19,210,13.257575757575758,4.545454545454546,8.712121212121213,86.74242424242425,7.196969696969697,79.54545454545455
E00125727,239,85,42,43,154,11,143,35.56485355648535,17.573221757322173,17.99163179916318,64.43514644351464,4.602510460251046,59.83263598326359
E00125728,248,42,20,22,206,23,183,16.93548387096774,8.064516129032258,8.870967741935484,83.06451612903226,9.274193548387096,73.79032258064517
E00125729,424,103,42,61,321,38,283,24.29245283018868,9.90566037735849,14.38679245283019,75.70754716981132,8.962264150943396,66.74528301886792
E00125730,244,68,38,30,176,18,158,27.86885245901639,15.573770491803279,12.295081967213115,72.1311475409836,7.377049180327869,64.75409836065575
E00125731,342,62,21,41,280,25,255,18.128654970760234,6.140350877192982,11.988304093567251,81.87134502923976,7.309941520467836,74.56140350877193
E00125732,371,57,18,39,314,29,285,15.363881401617252,4.8517520215633425,10.512129380053908,84.63611859838275,7.816711590296496,76.81940700808624
E00125733,330,72,48,24,258,20,238,21.818181818181817,14.545454545454545,7.2727272727272725,78.18181818181819,6.0606060606060606,72.12121212121212
E00125734,307,46,15,31,261,22,239,14.983713355048861,4.88599348534202,10.097719869706841,85.01628664495115,7.166123778501629,77.85016286644951
E00125735,283,56,24,32,227,23,204,19.78798586572438,8.480565371024735,11.307420494699647,80.21201413427562,8.12720848056537,72.08480565371025
E00125736,298,60,25,35,238,16,222,20.13422818791946,8.389261744966444,11.74496644295302,79.86577181208054,5.369127516778524,74.49664429530202
E00125737,277,42,17,25,235,28,207,15.162454873646208,6.137184115523466,9.025270758122744,84.83754512635379,10.108303249097473,74.72924187725631
E00125738,283,49,13,36,234,31,203,17.314487632508836,4.593639575971731,12.7208480565371,82.68551236749117,10.954063604240282,71.73144876325088
E00125739,303,50,16,34,253,27,226,16.5016501650165,5.2805280528052805,11.221122112211221,83.4983498349835,8.91089108910891,74.58745874587459
E00125740,281,36,14,22,245,20,225,12.811387900355871,4.98220640569395,7.829181494661921,87.18861209964413,7.11743772241993,80.0711743772242
E00125741,369,61,28,33,308,27,281,16.53116531165312,7.588075880758807,8.94308943089431,83.46883468834689,7.317073170731707,76.15176151761518
E00125742,341,54,19,35,287,31,256,15.835777126099707,5.571847507331378,10.263929618768328,84.1642228739003,9.090909090909092,75.0733137829912
E00125743,361,65,29,36,296,32,264,18.005540166204987,8.033240997229916,9.97229916897507,81.99445983379502,8.86426592797784,73.13019390581718
E00125745,301,62,22,40,239,18,221,20.59800664451827,7.308970099667775,13.2890365448505,79.40199335548172,5.980066445182724,73.421926910299
E00125746,243,38,7,31,205,23,182,15.637860082304528,2.880658436213992,12.757201646090536,84.36213991769547,9.465020576131687,74.8971193415638
E00125748,229,36,17,19,193,21,172,15.72052401746725,7.423580786026202,8.296943231441048,84.27947598253274,9.170305676855897,75.10917030567686
E00125749,310,49,18,31,261,40,221,15.806451612903224,5.806451612903226,10,84.19354838709677,12.903225806451612,71.29032258064515
E00125750,376,77,34,43,299,27,272,20.47872340425532,9.042553191489363,11.436170212765957,79.52127659574468,7.180851063829788,72.3404255319149
E00125751,370,92,40,52,278,30,248,24.864864864864867,10.81081081081081,14.054054054054054,75.13513513513513,8.108108108108109,67.02702702702703
E00125752,408,89,37,52,319,29,290,21.813725490196077,9.068627450980392,12.745098039215685,78.18627450980392,7.107843137254902,71.07843137254902
E00125753,174,63,36,27,111,6,105,36.206896551724135,20.689655172413794,15.517241379310345,63.793103448275865,3.4482758620689653,60.3448275862069
E00125754,349,70,29,41,279,31,248,20.057306590257877,8.30945558739255,11.74785100286533,79.94269340974212,8.882521489971348,71.06017191977078
E00125755,363,72,27,45,291,24,267,19.834710743801654,7.43801652892562,12.396694214876034,80.16528925619835,6.6115702479338845,73.55371900826447
E00125756,364,58,25,33,306,24,282,15.934065934065933,6.868131868131869,9.065934065934066,84.06593406593407,6.593406593406594,77.47252747252747
E00125757,313,34,14,20,279,34,245,10.86261980830671,4.472843450479233,6.3897763578274756,89.1373801916933,10.86261980830671,78.27476038338658
E00125758,286,54,21,33,232,25,207,18.88111888111888,7.3426573426573425,11.538461538461538,81.11888111888112,8.741258741258742,72.37762237762237
E00125759,306,74,28,46,232,21,211,24.183006535947712,9.15032679738562,15.032679738562091,75.81699346405229,6.862745098039216,68.95424836601308
E00125760,357,78,32,46,279,18,261,21.84873949579832,8.96358543417367,12.885154061624648,78.15126050420169,5.042016806722689,73.10924369747899
E00125761,269,83,41,42,186,19,167,30.855018587360593,15.241635687732341,15.613382899628252,69.14498141263941,7.063197026022305,62.0817843866171
E00125762,295,97,54,43,198,16,182,32.88135593220339,18.305084745762713,14.576271186440678,67.11864406779661,5.423728813559322,61.694915254237294
E00125763,301,30,6,24,271,24,247,9.966777408637874,1.9933554817275747,7.973421926910299,90.03322259136213,7.973421926910299,82.05980066445183
E00125764,499,45,13,32,454,40,414,9.01803607214429,2.6052104208416833,6.4128256513026045,90.98196392785572,8.016032064128256,82.96593186372746
E00125765,309,38,15,23,271,29,242,12.297734627831716,4.854368932038835,7.443365695792881,87.70226537216828,9.385113268608414,78.31715210355988
E00125766,335,35,11,24,300,31,269,10.44776119402985,3.2835820895522385,7.164179104477612,89.55223880597015,9.253731343283581,80.29850746268656
E00125767,291,32,13,19,259,28,231,10.996563573883162,4.4673539518900345,6.529209621993128,89.00343642611683,9.621993127147768,79.38144329896907
E00125768,261,32,6,26,229,20,209,12.260536398467432,2.2988505747126435,9.961685823754788,87.73946360153256,7.662835249042145,80.07662835249042
E00125769,293,30,9,21,263,22,241,10.238907849829351,3.0716723549488054,7.167235494880546,89.76109215017065,7.508532423208192,82.25255972696246
E00125770,361,69,20,49,292,23,269,19.113573407202217,5.540166204986149,13.573407202216067,80.88642659279779,6.3711911357340725,74.51523545706371
E00125771,242,24,11,13,218,19,199,9.917355371900827,4.545454545454546,5.371900826446281,90.08264462809917,7.851239669421488,82.23140495867769
E00125772,346,50,26,24,296,31,265,14.450867052023122,7.514450867052023,6.9364161849710975,85.54913294797689,8.959537572254336,76.58959537572254
E00125773,377,87,51,36,290,27,263,23.076923076923077,13.527851458885943,9.549071618037134,76.92307692307693,7.161803713527852,69.76127320954907
E00125774,198,67,28,39,131,16,115,33.83838383838384,14.14141414141414,19.696969696969695,66.16161616161617,8.080808080808081,58.080808080808076
E00125775,389,66,24,42,323,21,302,16.966580976863753,6.169665809768637,10.796915167095115,83.03341902313625,5.3984575835475574,77.6349614395887
E00125776,294,39,16,23,255,25,230,13.26530612244898,5.442176870748299,7.8231292517006805,86.73469387755102,8.503401360544217,78.2312925170068
E00125777,291,30,7,23,261,26,235,10.309278350515463,2.405498281786942,7.903780068728522,89.69072164948454,8.934707903780069,80.75601374570446
E00125778,475,45,11,34,430,38,392,9.473684210526317,2.3157894736842106,7.157894736842104,90.52631578947368,8,82.52631578947368
E00125779,150,25,9,16,125,13,112,16.666666666666664,6,10.666666666666668,83.33333333333334,8.666666666666668,74.66666666666667
E00125780,118,17,7,10,101,13,88,14.40677966101695,5.932203389830509,8.47457627118644,85.59322033898306,11.016949152542372,74.57627118644068
E00125781,254,38,12,26,216,20,196,14.960629921259844,4.724409448818897,10.236220472440944,85.03937007874016,7.874015748031496,77.16535433070865
E00125782,347,41,15,26,306,34,272,11.815561959654179,4.322766570605188,7.492795389048991,88.18443804034582,9.798270893371757,78.38616714697406
E00125783,309,58,26,32,251,34,217,18.77022653721683,8.414239482200648,10.355987055016183,81.22977346278317,11.003236245954692,70.22653721682848
E00125784,246,42,13,29,204,20,184,17.073170731707318,5.284552845528456,11.788617886178862,82.92682926829268,8.130081300813007,74.79674796747967
E00125785,341,37,12,25,304,24,280,10.850439882697946,3.519061583577713,7.331378299120235,89.14956011730204,7.038123167155426,82.11143695014663
E00125786,209,49,18,31,160,11,149,23.444976076555022,8.61244019138756,14.832535885167463,76.55502392344498,5.263157894736842,71.29186602870813
E00125787,343,35,13,22,308,19,289,10.204081632653061,3.7900874635568513,6.41399416909621,89.79591836734694,5.539358600583091,84.25655976676384
E00125788,218,27,12,15,191,15,176,12.385321100917432,5.5045871559633035,6.8807339449541285,87.61467889908256,6.8807339449541285,80.73394495412845
E00125789,312,40,13,27,272,18,254,12.82051282051282,4.166666666666666,8.653846153846153,87.17948717948718,5.769230769230769,81.41025641025641
E00125790,297,24,7,17,273,23,250,8.080808080808081,2.356902356902357,5.723905723905724,91.91919191919192,7.744107744107744,84.17508417508418
E00125791,399,54,11,43,345,31,314,13.533834586466165,2.756892230576441,10.776942355889723,86.46616541353383,7.769423558897243,78.69674185463658
E00125792,277,37,6,31,240,14,226,13.357400722021662,2.166064981949458,11.191335740072201,86.64259927797833,5.054151624548736,81.58844765342961
E00125793,352,46,14,32,306,33,273,13.068181818181818,3.977272727272727,9.090909090909092,86.93181818181817,9.375,77.55681818181817
E00125794,286,21,7,14,265,25,240,7.3426573426573425,2.4475524475524475,4.895104895104895,92.65734265734265,8.741258741258742,83.91608391608392
E00125796,256,70,36,34,186,21,165,27.34375,14.0625,13.28125,72.65625,8.203125,64.453125
E00125797,332,41,20,21,291,33,258,12.349397590361445,6.024096385542169,6.325301204819277,87.65060240963855,9.939759036144578,77.71084337349397
E00125798,295,89,52,37,206,21,185,30.16949152542373,17.627118644067796,12.54237288135593,69.83050847457626,7.118644067796611,62.71186440677966
E00125799,320,45,18,27,275,28,247,14.0625,5.625,8.4375,85.9375,8.75,77.1875
E00125800,257,52,31,21,205,15,190,20.233463035019454,12.062256809338521,8.171206225680933,79.76653696498055,5.836575875486381,73.92996108949417
E00125801,333,34,11,23,299,43,256,10.21021021021021,3.303303303303303,6.906906906906906,89.7897897897898,12.912912912912914,76.87687687687688
E00125802,326,52,21,31,274,22,252,15.950920245398773,6.441717791411043,9.509202453987731,84.04907975460122,6.748466257668712,77.30061349693251
E00125803,316,42,12,30,274,42,232,13.291139240506327,3.79746835443038,9.49367088607595,86.70886075949366,13.291139240506327,73.41772151898735
E00125804,370,73,32,41,297,19,278,19.72972972972973,8.64864864864865,11.081081081081082,80.27027027027027,5.135135135135135,75.13513513513513
E00125805,132,32,17,15,100,9,91,24.242424242424242,12.878787878787879,11.363636363636363,75.75757575757575,6.8181818181818175,68.93939393939394
E00125806,269,46,21,25,223,26,197,17.100371747211895,7.806691449814126,9.293680297397769,82.8996282527881,9.66542750929368,73.23420074349443
E00125807,556,55,29,26,501,41,460,9.892086330935252,5.215827338129497,4.676258992805756,90.10791366906474,7.374100719424461,82.73381294964028
E00125808,289,30,6,24,259,23,236,10.380622837370241,2.0761245674740483,8.304498269896193,89.61937716262976,7.958477508650519,81.66089965397923
E00125809,390,58,22,36,332,27,305,14.871794871794872,5.641025641025641,9.230769230769232,85.12820512820512,6.923076923076923,78.2051282051282
E00125810,323,58,25,33,265,13,252,17.956656346749224,7.739938080495357,10.21671826625387,82.04334365325077,4.024767801857585,78.0185758513932
E00165849,529,79,34,45,450,33,417,14.933837429111533,6.427221172022684,8.5066162570888455,85.06616257088847,6.238185255198488,78.82797731568998
E00167606,335,42,16,26,293,23,270,12.53731343283582,4.776119402985075,7.761194029850746,87.46268656716418,6.865671641791045,80.59701492537313
E00167607,199,16,9,7,183,20,163,8.040201005025125,4.522613065326634,3.5175879396984926,91.95979899497488,10.050251256281408,81.90954773869346
E00167610,365,19,5,14,346,27,319,5.205479452054795,1.36986301369863,3.8356164383561646,94.79452054794521,7.397260273972603,87.3972602739726
E00167611,363,20,1,19,343,19,324,5.5096418732782375,0.27548209366391185,5.234159779614325,94.49035812672176,5.234159779614325,89.25619834710744
E00167612,342,40,11,29,302,22,280,11.695906432748536,3.216374269005848,8.47953216374269,88.30409356725146,6.432748538011696,81.87134502923976
E00167614,264,34,11,23,230,23,207,12.878787878787879,4.166666666666666,8.712121212121213,87.12121212121212,8.712121212121213,78.4090909090909
E00167615,432,52,19,33,380,18,362,12.037037037037036,4.398148148148148,7.638888888888889,87.96296296296296,4.166666666666666,83.79629629629629
E00167616,375,38,12,26,337,18,319,10.133333333333333,3.2,6.933333333333333,89.86666666666666,4.8,85.06666666666666
E00167617,298,38,8,30,260,17,243,12.751677852348994,2.684563758389262,10.06711409395973,87.24832214765101,5.704697986577181,81.54362416107382
E00167618,329,41,13,28,288,27,261,12.462006079027356,3.951367781155015,8.51063829787234,87.53799392097264,8.206686930091186,79.33130699088146
E00167619,386,109,76,33,277,27,250,28.238341968911918,19.689119170984455,8.549222797927461,71.76165803108809,6.994818652849741,64.76683937823834
E00167620,306,31,11,20,275,31,244,10.130718954248366,3.594771241830065,6.535947712418301,89.86928104575163,10.130718954248366,79.73856209150327
E00167621,328,48,19,29,280,20,260,14.634146341463413,5.7926829268292686,8.841463414634147,85.36585365853658,6.097560975609756,79.26829268292683
E00167622,290,28,10,18,262,23,239,9.655172413793103,3.4482758620689653,6.206896551724138,90.3448275862069,7.931034482758621,82.41379310344827
E00167623,405,43,16,27,362,36,326,10.617283950617285,3.950617283950617,6.666666666666667,89.38271604938272,8.88888888888889,80.49382716049382
E00167624,538,68,24,44,470,28,442,12.639405204460965,4.4609665427509295,8.178438661710038,87.36059479553904,5.204460966542751,82.15613382899627
E00167625,371,45,18,27,326,41,285,12.129380053908356,4.8517520215633425,7.277628032345014,87.87061994609164,11.05121293800539,76.81940700808624
E00167626,365,43,18,25,322,24,298,11.78082191780822,4.931506849315069,6.8493150684931505,88.21917808219179,6.575342465753424,81.64383561643835
E00167627,457,32,6,26,425,39,386,7.00218818380744,1.312910284463895,5.689277899343545,92.99781181619255,8.533916849015318,84.46389496717724
E00167628,369,46,18,28,323,19,304,12.466124661246612,4.878048780487805,7.588075880758807,87.53387533875339,5.149051490514905,82.38482384823848
E00167629,559,53,20,33,506,31,475,9.481216457960643,3.5778175313059033,5.903398926654741,90.51878354203936,5.545617173524151,84.97316636851521
E00167630,383,21,6,15,362,21,341,5.483028720626632,1.5665796344647518,3.91644908616188,94.51697127937337,5.483028720626632,89.03394255874673
E00167631,145,20,6,14,125,16,109,13.793103448275861,4.137931034482759,9.655172413793103,86.20689655172413,11.03448275862069,75.17241379310344
E00167632,328,56,18,38,272,23,249,17.073170731707318,5.487804878048781,11.585365853658537,82.92682926829268,7.01219512195122,75.91463414634147
E00167633,534,23,10,13,511,37,474,4.307116104868914,1.8726591760299627,2.4344569288389515,95.69288389513109,6.928838951310862,88.76404494382022
E00167636,182,28,9,19,154,12,142,15.384615384615385,4.945054945054945,10.43956043956044,84.61538461538461,6.593406593406594,78.02197802197803
E00167637,370,23,5,18,347,20,327,6.216216216216217,1.3513513513513513,4.864864864864865,93.78378378378378,5.405405405405405,88.37837837837837
E00167638,414,47,21,26,367,26,341,11.352657004830919,5.072463768115942,6.280193236714976,88.64734299516908,6.280193236714976,82.3671497584541
E00186669,380,26,4,22,354,20,334,6.842105263157896,1.0526315789473684,5.7894736842105265,93.15789473684211,5.263157894736842,87.89473684210526
E00186673,160,4,2,2,156,7,149,2.5,1.25,1.25,97.5,4.375,93.125
E00186675,318,28,13,15,290,18,272,8.80503144654088,4.088050314465408,4.716981132075472,91.19496855345912,5.660377358490567,85.53459119496856
E00186680,373,67,21,46,306,40,266,17.962466487935657,5.630026809651475,12.332439678284182,82.03753351206434,10.723860589812332,71.31367292225201
E00186683,569,36,6,30,533,41,492,6.32688927943761,1.054481546572935,5.272407732864675,93.67311072056239,7.205623901581721,86.46748681898066
E00186685,186,46,28,18,140,11,129,24.731182795698924,15.053763440860216,9.67741935483871,75.26881720430107,5.913978494623656,69.35483870967742
E00186686,287,94,56,38,193,22,171,32.752613240418114,19.51219512195122,13.240418118466899,67.24738675958189,7.665505226480835,59.58188153310105
E00186691,300,30,14,16,270,21,249,10,4.666666666666667,5.333333333333334,90,7.000000000000001,83
E00186693,213,29,10,19,184,7,177,13.615023474178404,4.694835680751173,8.92018779342723,86.3849765258216,3.286384976525822,83.09859154929578
E00186699,211,26,15,11,185,17,168,12.322274881516588,7.109004739336493,5.213270142180095,87.67772511848341,8.056872037914692,79.62085308056872
E00186708,442,57,24,33,385,21,364,12.895927601809957,5.429864253393665,7.46606334841629,87.10407239819004,4.751131221719457,82.35294117647058
E00186711,148,15,2,13,133,8,125,10.135135135135135,1.3513513513513513,8.783783783783784,89.86486486486487,5.405405405405405,84.45945945945947
E00186713,118,11,2,9,107,14,93,9.322033898305085,1.694915254237288,7.627118644067797,90.67796610169492,11.864406779661017,78.8135593220339
E00186715,540,51,18,33,489,38,451,9.444444444444445,3.3333333333333335,6.111111111111111,90.55555555555556,7.037037037037037,83.51851851851852
E00186716,349,144,91,53,205,15,190,41.260744985673355,26.07449856733524,15.18624641833811,58.73925501432665,4.297994269340974,54.44126074498568
E00186717,210,27,8,19,183,22,161,12.857142857142856,3.8095238095238098,9.047619047619047,87.14285714285714,10.476190476190476,76.66666666666667
E00186723,372,39,20,19,333,19,314,10.483870967741936,5.376344086021505,5.10752688172043,89.51612903225806,5.10752688172043,84.40860215053763
E00186725,222,32,13,19,190,15,175,14.414414414414415,5.8558558558558556,8.558558558558559,85.58558558558559,6.756756756756757,78.82882882882883
E00186726,413,53,15,38,360,36,324,12.832929782082324,3.631961259079903,9.200968523002421,87.16707021791767,8.716707021791766,78.4503631961259
E00186728,511,41,11,30,470,30,440,8.023483365949119,2.152641878669276,5.870841487279844,91.97651663405088,5.870841487279844,86.10567514677103
E00186735,346,27,9,18,319,19,300,7.803468208092486,2.601156069364162,5.202312138728324,92.1965317919075,5.491329479768786,86.70520231213872
E00186738,390,39,10,29,351,31,320,10,2.564102564102564,7.435897435897436,90,7.948717948717948,82.05128205128204
E00186743,301,46,17,29,255,39,216,15.282392026578073,5.647840531561462,9.634551495016613,84.71760797342192,12.956810631229235,71.76079734219269
E00186746,255,37,14,23,218,19,199,14.50980392156863,5.490196078431373,9.019607843137255,85.49019607843137,7.450980392156863,78.03921568627452
E00186748,167,39,15,24,128,27,101,23.353293413173652,8.982035928143713,14.37125748502994,76.64670658682635,16.16766467065868,60.47904191616767
E00186754,312,17,5,12,295,27,268,5.448717948717949,1.6025641025641024,3.8461538461538463,94.55128205128204,8.653846153846153,85.8974358974359
E00186757,222,30,4,26,192,24,168,13.513513513513514,1.8018018018018018,11.711711711711711,86.48648648648648,10.81081081081081,75.67567567567568
E00186759,328,32,11,21,296,26,270,9.75609756097561,3.353658536585366,6.402439024390244,90.2439024390244,7.926829268292683,82.3170731707317
E00186765,130,90,63,27,40,4,36,69.23076923076923,48.46153846153846,20.76923076923077,30.76923076923077,3.076923076923077,27.692307692307693
E00186766,216,24,5,19,192,23,169,11.11111111111111,2.314814814814815,8.796296296296296,88.88888888888889,10.648148148148149,78.24074074074075
E00186773,291,20,8,12,271,11,260,6.872852233676976,2.7491408934707904,4.123711340206185,93.12714776632302,3.7800687285223367,89.3470790378007
E00186782,387,27,10,17,360,35,325,6.976744186046512,2.5839793281653747,4.3927648578811365,93.02325581395348,9.043927648578812,83.97932816537468
E00186784,302,44,19,25,258,14,244,14.56953642384106,6.291390728476822,8.27814569536424,85.43046357615894,4.635761589403973,80.79470198675497
E00186785,614,55,27,28,559,46,513,8.957654723127035,4.397394136807818,4.5602605863192185,91.04234527687296,7.491856677524431,83.55048859934854
E00186788,216,39,20,19,177,19,158,18.055555555555554,9.25925925925926,8.796296296296296,81.94444444444444,8.796296296296296,73.14814814814815
E00186789,307,30,10,20,277,13,264,9.77198697068404,3.257328990228013,6.514657980456026,90.22801302931596,4.234527687296417,85.99348534201955
E00186790,196,21,5,16,175,9,166,10.714285714285714,2.5510204081632653,8.16326530612245,89.28571428571429,4.591836734693878,84.6938775510204
E00186796,352,43,19,24,309,33,276,12.215909090909092,5.3977272727272725,6.8181818181818175,87.7840909090909,9.375,78.4090909090909
E00186798,297,42,13,29,255,19,236,14.14141414141414,4.377104377104377,9.764309764309765,85.85858585858585,6.397306397306397,79.46127946127946
E00186799,250,34,3,31,216,32,184,13.600000000000001,1.2,12.4,86.4,12.8,73.6
E00186800,347,34,12,22,313,35,278,9.798270893371757,3.45821325648415,6.340057636887608,90.20172910662824,10.086455331412104,80.11527377521614
E00186803,107,14,4,10,93,6,87,13.084112149532709,3.7383177570093453,9.345794392523365,86.91588785046729,5.607476635514018,81.30841121495327
E00186804,356,86,33,53,270,28,242,24.15730337078652,9.269662921348315,14.887640449438203,75.84269662921348,7.865168539325842,67.97752808988764
E00186805,407,52,17,35,355,31,324,12.776412776412776,4.176904176904177,8.5995085995086,87.22358722358723,7.616707616707617,79.60687960687962
E00186806,374,62,20,42,312,29,283,16.577540106951872,5.347593582887701,11.229946524064172,83.42245989304813,7.754010695187167,75.66844919786097
E00186807,382,28,6,22,354,32,322,7.329842931937172,1.5706806282722512,5.7591623036649215,92.67015706806284,8.37696335078534,84.29319371727748
E00186808,272,53,10,43,219,18,201,19.485294117647058,3.6764705882352944,15.808823529411764,80.51470588235294,6.61764705882353,73.89705882352942
E00186810,437,107,50,57,330,34,296,24.485125858123567,11.441647597254006,13.043478260869565,75.51487414187643,7.780320366132723,67.7345537757437
E00186814,369,30,8,22,339,23,316,8.130081300813007,2.168021680216802,5.9620596205962055,91.869918699187,6.233062330623306,85.63685636856368
E00186820,578,69,20,49,509,43,466,11.937716262975778,3.4602076124567476,8.477508650519031,88.06228373702422,7.439446366782007,80.62283737024222
E00186821,252,15,4,11,237,19,218,5.952380952380952,1.5873015873015872,4.365079365079365,94.04761904761905,7.5396825396825395,86.5079365079365
E00186823,164,18,5,13,146,12,134,10.975609756097562,3.048780487804878,7.926829268292683,89.02439024390245,7.317073170731707,81.70731707317073
E00186829,176,13,5,8,163,9,154,7.386363636363637,2.840909090909091,4.545454545454546,92.61363636363636,5.113636363636364,87.5
E00186830,259,45,15,30,214,23,191,17.374517374517374,5.7915057915057915,11.583011583011583,82.62548262548263,8.880308880308881,73.74517374517374
E00186836,318,28,6,22,290,22,268,8.80503144654088,1.8867924528301887,6.918238993710692,91.19496855345912,6.918238993710692,84.27672955974843
