OA,ts0590001,ts0590002,ts0590003,ts0590004,ts0590005,ts0590006,ts0590007,ts0590002_PCT,ts0590003_PCT,ts0590004_PCT,ts0590005_PCT,ts0590006_PCT,ts0590007_PCT
E00125463,51,18,7,11,33,27,6,35.294117647058826,13.725490196078432,21.568627450980394,64.70588235294117,52.94117647058824,11.76470588235294
E00125465,302,66,27,39,236,189,47,21.85430463576159,8.940397350993377,12.91390728476821,78.1456953642384,62.58278145695364,15.562913907284766
E00125466,171,56,18,38,115,88,27,32.748538011695906,10.526315789473683,22.22222222222222,67.2514619883041,51.461988304093566,15.789473684210526
E00125467,108,23,6,17,85,66,19,21.296296296296298,5.555555555555555,15.74074074074074,78.70370370370371,61.111111111111114,17.59259259259259
E00125469,170,51,15,36,119,95,24,30,8.823529411764707,21.176470588235293,70,55.88235294117647,14.117647058823529
E00125470,203,52,18,34,151,126,25,25.615763546798032,8.866995073891626,16.748768472906402,74.38423645320196,62.06896551724138,12.31527093596059
E00125471,161,43,14,29,118,84,34,26.70807453416149,8.695652173913043,18.012422360248447,73.29192546583852,52.17391304347826,21.11801242236025
E00125472,149,46,15,31,103,90,13,30.87248322147651,10.06711409395973,20.80536912751678,69.12751677852349,60.40268456375839,8.724832214765101
E00125474,142,45,18,27,97,76,21,31.690140845070424,12.676056338028168,19.014084507042252,68.30985915492957,53.52112676056338,14.788732394366196
E00125475,104,27,9,18,77,67,10,25.961538461538463,8.653846153846153,17.307692307692307,74.03846153846155,64.42307692307693,9.615384615384617
E00125476,170,53,14,39,117,99,18,31.176470588235293,8.235294117647058,22.941176470588236,68.82352941176471,58.235294117647065,10.588235294117647
E00125477,165,46,16,30,119,102,17,27.878787878787882,9.696969696969697,18.181818181818183,72.12121212121212,61.81818181818181,10.303030303030303
E00125478,142,37,10,27,105,86,19,26.056338028169012,7.042253521126761,19.014084507042252,73.94366197183099,60.56338028169014,13.380281690140844
E00125479,170,43,17,26,127,102,25,25.294117647058822,10,15.294117647058824,74.70588235294117,60,14.705882352941178
E00125480,111,36,16,20,75,63,12,32.432432432432435,14.414414414414415,18.01801801801802,67.56756756756756,56.75675675675676,10.81081081081081
E00125481,143,37,12,25,106,80,26,25.874125874125873,8.391608391608392,17.482517482517483,74.12587412587412,55.94405594405595,18.181818181818183
E00125482,141,36,15,21,105,74,31,25.53191489361702,10.638297872340425,14.893617021276595,74.46808510638297,52.4822695035461,21.98581560283688
E00125483,138,39,15,24,99,81,18,28.26086956521739,10.869565217391305,17.391304347826086,71.73913043478261,58.69565217391305,13.043478260869565
E00125484,163,49,14,35,114,88,26,30.061349693251532,8.588957055214724,21.472392638036812,69.93865030674846,53.987730061349694,15.950920245398773
E00125485,110,36,8,28,74,65,9,32.72727272727273,7.2727272727272725,25.454545454545453,67.27272727272727,59.09090909090909,8.181818181818182
E00125486,66,14,5,9,52,41,11,21.21212121212121,7.575757575757576,13.636363636363635,78.78787878787878,62.121212121212125,16.666666666666664
E00125487,122,27,7,20,95,81,14,22.131147540983605,5.737704918032787,16.39344262295082,77.8688524590164,66.39344262295081,11.475409836065573
E00125488,109,30,9,21,79,68,11,27.522935779816514,8.256880733944955,19.26605504587156,72.47706422018348,62.38532110091744,10.091743119266056
E00125489,179,41,12,29,138,110,28,22.905027932960895,6.70391061452514,16.201117318435752,77.09497206703911,61.452513966480446,15.64245810055866
E00125490,123,25,10,15,98,77,21,20.32520325203252,8.130081300813007,12.195121951219512,79.67479674796748,62.601626016260155,17.073170731707318
E00125491,131,45,19,26,86,67,19,34.35114503816794,14.50381679389313,19.84732824427481,65.64885496183206,51.14503816793893,14.50381679389313
E00125492,122,43,14,29,79,70,9,35.24590163934426,11.475409836065573,23.770491803278688,64.75409836065575,57.377049180327866,7.377049180327869
E00125493,144,46,18,28,98,79,19,31.944444444444443,12.5,19.444444444444446,68.05555555555556,54.861111111111114,13.194444444444445
E00125494,197,60,22,38,137,107,30,30.456852791878177,11.16751269035533,19.289340101522843,69.54314720812182,54.314720812182735,15.228426395939088
E00125495,180,41,18,23,139,115,24,22.77777777777778,10,12.777777777777777,77.22222222222223,63.888888888888886,13.333333333333334
E00125496,164,51,20,31,113,92,21,31.097560975609756,12.195121951219512,18.902439024390244,68.90243902439023,56.09756097560976,12.804878048780488
E00125497,72,22,9,13,50,44,6,30.555555555555557,12.5,18.055555555555554,69.44444444444444,61.111111111111114,8.333333333333332
E00125498,218,68,26,42,150,107,43,31.19266055045872,11.926605504587156,19.26605504587156,68.80733944954129,49.08256880733945,19.724770642201836
E00125499,125,39,14,25,86,75,11,31.2,11.200000000000001,20,68.8,60,8.799999999999999
E00125501,150,45,19,26,105,91,14,30,12.666666666666668,17.333333333333336,70,60.66666666666667,9.333333333333334
E00125502,166,44,12,32,122,105,17,26.506024096385545,7.228915662650602,19.27710843373494,73.49397590361446,63.25301204819277,10.240963855421686
E00125503,168,50,23,27,118,93,25,29.761904761904763,13.690476190476192,16.071428571428573,70.23809523809523,55.35714285714286,14.880952380952381
E00125504,178,58,29,29,120,103,17,32.58426966292135,16.292134831460675,16.292134831460675,67.41573033707866,57.865168539325836,9.550561797752808
E00125505,248,79,36,43,169,124,45,31.85483870967742,14.516129032258066,17.338709677419356,68.14516129032258,50,18.14516129032258
E00125506,128,40,19,21,88,73,15,31.25,14.84375,16.40625,68.75,57.03125,11.71875
E00125507,141,40,17,23,101,81,20,28.368794326241137,12.056737588652481,16.312056737588655,71.63120567375887,57.446808510638306,14.184397163120568
E00125508,150,37,18,19,113,86,27,24.666666666666668,12,12.666666666666668,75.33333333333333,57.333333333333336,18
E00125509,176,57,24,33,119,78,41,32.38636363636363,13.636363636363635,18.75,67.61363636363636,44.31818181818182,23.295454545454543
E00125510,109,26,15,11,83,57,26,23.853211009174313,13.761467889908257,10.091743119266056,76.14678899082568,52.293577981651374,23.853211009174313
E00125511,258,85,41,44,173,115,58,32.945736434108525,15.891472868217054,17.05426356589147,67.05426356589147,44.57364341085272,22.48062015503876
E00125512,141,42,28,14,99,72,27,29.78723404255319,19.858156028368796,9.929078014184398,70.2127659574468,51.06382978723404,19.148936170212767
E00125513,74,19,11,8,55,34,21,25.675675675675674,14.864864864864865,10.81081081081081,74.32432432432432,45.94594594594595,28.37837837837838
E00125514,195,47,10,37,148,126,22,24.102564102564102,5.128205128205128,18.974358974358974,75.8974358974359,64.61538461538461,11.282051282051283
E00125515,205,52,13,39,153,130,23,25.365853658536587,6.341463414634147,19.024390243902438,74.63414634146342,63.41463414634146,11.219512195121952
E00125516,172,53,20,33,119,96,23,30.813953488372093,11.627906976744185,19.186046511627907,69.18604651162791,55.81395348837209,13.372093023255813
E00125517,210,39,12,27,171,141,30,18.571428571428573,5.714285714285714,12.857142857142856,81.42857142857143,67.14285714285714,14.285714285714285
E00125518,162,50,14,36,112,91,21,30.864197530864196,8.641975308641975,22.22222222222222,69.1358024691358,56.17283950617284,12.962962962962962
E00125519,182,51,22,29,131,107,24,28.021978021978022,12.087912087912088,15.934065934065933,71.97802197802197,58.791208791208796,13.186813186813188
E00125520,144,50,21,29,94,80,14,34.72222222222222,14.583333333333334,20.13888888888889,65.27777777777779,55.55555555555556,9.722222222222223
E00125521,153,45,13,32,108,95,13,29.411764705882355,8.49673202614379,20.915032679738562,70.58823529411765,62.091503267973856,8.49673202614379
E00125522,186,51,15,36,135,103,32,27.419354838709676,8.064516129032258,19.35483870967742,72.58064516129032,55.376344086021504,17.20430107526882
E00125523,286,69,21,48,217,175,42,24.125874125874127,7.3426573426573425,16.783216783216783,75.87412587412588,61.18881118881119,14.685314685314685
E00125524,161,46,16,30,115,94,21,28.57142857142857,9.937888198757763,18.633540372670808,71.42857142857143,58.38509316770186,13.043478260869565
E00125526,102,29,10,19,73,63,10,28.431372549019606,9.803921568627452,18.627450980392158,71.56862745098039,61.76470588235294,9.803921568627452
E00125527,158,44,14,30,114,94,20,27.848101265822784,8.860759493670885,18.9873417721519,72.15189873417721,59.49367088607595,12.658227848101266
E00125528,144,52,24,28,92,74,18,36.11111111111111,16.666666666666664,19.444444444444446,63.888888888888886,51.388888888888886,12.5
E00125529,35,19,8,11,16,15,1,54.285714285714285,22.857142857142858,31.428571428571427,45.714285714285715,42.857142857142854,2.857142857142857
E00125530,177,62,23,39,115,92,23,35.02824858757062,12.994350282485875,22.033898305084744,64.97175141242938,51.9774011299435,12.994350282485875
E00125531,180,59,20,39,121,105,16,32.77777777777778,11.11111111111111,21.666666666666668,67.22222222222223,58.333333333333336,8.88888888888889
E00125532,131,33,11,22,98,75,23,25.190839694656486,8.396946564885496,16.793893129770993,74.80916030534351,57.25190839694656,17.557251908396946
E00125533,238,91,24,67,147,126,21,38.23529411764706,10.084033613445378,28.15126050420168,61.76470588235294,52.94117647058824,8.823529411764707
E00125534,102,31,12,19,71,51,20,30.392156862745097,11.76470588235294,18.627450980392158,69.6078431372549,50,19.607843137254903
E00125535,65,25,8,17,40,34,6,38.46153846153847,12.307692307692308,26.153846153846157,61.53846153846154,52.307692307692314,9.230769230769232
E00125536,155,65,23,42,90,66,24,41.935483870967744,14.838709677419354,27.09677419354839,58.06451612903226,42.58064516129032,15.483870967741936
E00125537,159,56,25,31,103,64,39,35.22012578616352,15.723270440251572,19.49685534591195,64.77987421383648,40.25157232704403,24.528301886792452
E00125538,146,52,17,35,94,78,16,35.61643835616438,11.643835616438356,23.972602739726025,64.38356164383562,53.42465753424658,10.95890410958904
E00125539,156,56,28,28,100,76,24,35.8974358974359,17.94871794871795,17.94871794871795,64.1025641025641,48.717948717948715,15.384615384615385
E00125541,172,45,14,31,127,105,22,26.16279069767442,8.13953488372093,18.023255813953487,73.83720930232558,61.04651162790697,12.790697674418606
E00125542,91,27,10,17,64,55,9,29.67032967032967,10.989010989010989,18.681318681318682,70.32967032967034,60.43956043956044,9.89010989010989
E00125543,173,60,16,44,113,92,21,34.68208092485549,9.248554913294797,25.43352601156069,65.3179190751445,53.179190751445084,12.138728323699421
E00125544,209,61,24,37,148,138,10,29.1866028708134,11.483253588516746,17.703349282296653,70.81339712918661,66.02870813397129,4.784688995215311
E00125545,176,66,29,37,110,94,16,37.5,16.477272727272727,21.022727272727273,62.5,53.40909090909091,9.090909090909092
E00125546,162,44,17,27,118,94,24,27.160493827160494,10.493827160493826,16.666666666666664,72.8395061728395,58.0246913580247,14.814814814814813
E00125547,164,48,21,27,116,73,43,29.268292682926827,12.804878048780488,16.463414634146343,70.73170731707317,44.51219512195122,26.21951219512195
E00125548,156,40,17,23,116,80,36,25.64102564102564,10.897435897435898,14.743589743589745,74.35897435897436,51.28205128205128,23.076923076923077
E00125550,178,59,23,36,119,86,33,33.146067415730336,12.921348314606742,20.224719101123593,66.85393258426966,48.31460674157304,18.53932584269663
E00125551,162,49,13,36,113,88,25,30.246913580246915,8.024691358024691,22.22222222222222,69.75308641975309,54.32098765432099,15.432098765432098
E00125552,189,44,16,28,145,121,24,23.28042328042328,8.465608465608465,14.814814814814813,76.71957671957672,64.02116402116403,12.698412698412698
E00125553,140,41,20,21,99,79,20,29.28571428571429,14.285714285714285,15,70.71428571428572,56.42857142857143,14.285714285714285
E00125554,95,23,8,15,72,66,6,24.210526315789473,8.421052631578947,15.789473684210526,75.78947368421053,69.47368421052632,6.315789473684211
E00125555,122,41,10,31,81,67,14,33.60655737704918,8.19672131147541,25.40983606557377,66.39344262295081,54.91803278688525,11.475409836065573
E00125556,145,50,17,33,95,76,19,34.48275862068966,11.724137931034482,22.758620689655174,65.51724137931035,52.41379310344828,13.10344827586207
E00125557,179,50,16,34,129,111,18,27.932960893854748,8.938547486033519,18.994413407821227,72.06703910614524,62.01117318435754,10.05586592178771
E00125558,166,52,20,32,114,98,16,31.32530120481928,12.048192771084338,19.27710843373494,68.67469879518072,59.036144578313255,9.63855421686747
E00125559,120,32,10,22,88,72,16,26.666666666666668,8.333333333333332,18.333333333333332,73.33333333333333,60,13.333333333333334
E00125560,146,46,14,32,100,80,20,31.506849315068493,9.58904109589041,21.91780821917808,68.4931506849315,54.794520547945204,13.698630136986301
E00125562,188,62,21,41,126,103,23,32.97872340425532,11.170212765957446,21.808510638297875,67.02127659574468,54.78723404255319,12.23404255319149
E00125564,134,28,7,21,106,86,20,20.8955223880597,5.223880597014925,15.671641791044777,79.1044776119403,64.17910447761194,14.925373134328357
E00125565,186,58,18,40,128,106,22,31.182795698924732,9.67741935483871,21.50537634408602,68.81720430107528,56.98924731182796,11.827956989247312
E00125566,145,40,13,27,105,83,22,27.586206896551722,8.96551724137931,18.620689655172416,72.41379310344827,57.24137931034483,15.172413793103448
E00125567,119,28,9,19,91,82,9,23.52941176470588,7.563025210084033,15.966386554621847,76.47058823529412,68.90756302521008,7.563025210084033
E00125568,256,82,39,43,174,129,45,32.03125,15.234375,16.796875,67.96875,50.390625,17.578125
E00125569,105,33,13,20,72,49,23,31.428571428571427,12.380952380952381,19.047619047619047,68.57142857142857,46.666666666666664,21.904761904761905
E00125570,238,80,40,40,158,116,42,33.61344537815126,16.80672268907563,16.80672268907563,66.38655462184873,48.739495798319325,17.647058823529413
E00125571,209,73,32,41,136,105,31,34.92822966507177,15.311004784688995,19.617224880382775,65.07177033492823,50.23923444976076,14.832535885167463
E00125572,153,42,24,18,111,71,40,27.450980392156865,15.686274509803921,11.76470588235294,72.54901960784314,46.40522875816993,26.143790849673206
E00125574,159,54,22,32,105,80,25,33.9622641509434,13.836477987421384,20.125786163522015,66.0377358490566,50.314465408805034,15.723270440251572
E00125576,126,40,16,24,86,64,22,31.746031746031743,12.698412698412698,19.047619047619047,68.25396825396825,50.79365079365079,17.46031746031746
E00125577,105,38,19,19,67,51,16,36.19047619047619,18.095238095238095,18.095238095238095,63.8095238095238,48.57142857142857,15.238095238095239
E00125578,262,79,28,51,183,146,37,30.15267175572519,10.687022900763358,19.46564885496183,69.8473282442748,55.72519083969466,14.122137404580155
E00125579,254,68,23,45,186,149,37,26.77165354330709,9.05511811023622,17.716535433070867,73.22834645669292,58.661417322834644,14.566929133858267
E00125580,233,92,45,47,141,100,41,39.48497854077253,19.313304721030043,20.171673819742487,60.51502145922747,42.91845493562232,17.59656652360515
E00125581,164,39,12,27,125,91,34,23.78048780487805,7.317073170731707,16.463414634146343,76.21951219512195,55.487804878048784,20.73170731707317
E00125582,159,53,17,36,106,86,20,33.33333333333333,10.69182389937107,22.641509433962266,66.66666666666666,54.088050314465406,12.578616352201259
E00125583,162,44,19,25,118,97,21,27.160493827160494,11.728395061728394,15.432098765432098,72.8395061728395,59.876543209876544,12.962962962962962
E00125584,182,68,24,44,114,93,21,37.362637362637365,13.186813186813188,24.175824175824175,62.637362637362635,51.098901098901095,11.538461538461538
E00125585,133,50,17,33,83,72,11,37.59398496240601,12.781954887218044,24.81203007518797,62.40601503759399,54.13533834586466,8.270676691729323
E00125586,118,37,9,28,81,65,16,31.35593220338983,7.627118644067797,23.728813559322035,68.64406779661016,55.08474576271186,13.559322033898304
E00125587,153,50,16,34,103,87,16,32.6797385620915,10.457516339869281,22.22222222222222,67.3202614379085,56.86274509803921,10.457516339869281
E00125588,177,49,20,29,128,111,17,27.683615819209038,11.299435028248588,16.38418079096045,72.31638418079096,62.71186440677966,9.6045197740113
E00125589,137,32,9,23,105,93,12,23.357664233576642,6.569343065693431,16.78832116788321,76.64233576642336,67.88321167883211,8.75912408759124
E00125590,136,45,9,36,91,72,19,33.088235294117645,6.61764705882353,26.47058823529412,66.91176470588235,52.94117647058824,13.970588235294118
E00125591,151,54,18,36,97,77,20,35.76158940397351,11.920529801324504,23.841059602649008,64.23841059602648,50.993377483443716,13.245033112582782
E00125592,143,40,15,25,103,79,24,27.972027972027973,10.48951048951049,17.482517482517483,72.02797202797203,55.24475524475524,16.783216783216783
E00125593,108,36,13,23,72,64,8,33.33333333333333,12.037037037037036,21.296296296296298,66.66666666666666,59.25925925925925,7.4074074074074066
E00125594,124,36,9,27,88,70,18,29.03225806451613,7.258064516129033,21.774193548387096,70.96774193548387,56.451612903225815,14.516129032258066
E00125595,150,51,23,28,99,83,16,34,15.333333333333332,18.666666666666668,66,55.333333333333336,10.666666666666668
E00125596,139,46,22,24,93,78,15,33.093525179856115,15.827338129496402,17.26618705035971,66.90647482014388,56.11510791366906,10.79136690647482
E00125597,175,54,26,28,121,101,20,30.857142857142854,14.857142857142858,16,69.14285714285714,57.714285714285715,11.428571428571429
E00125598,101,39,10,29,62,52,10,38.613861386138616,9.900990099009901,28.71287128712871,61.386138613861384,51.48514851485149,9.900990099009901
E00125599,177,54,17,37,123,102,21,30.508474576271187,9.6045197740113,20.903954802259886,69.49152542372882,57.6271186440678,11.864406779661017
E00125600,61,15,9,6,46,37,9,24.59016393442623,14.754098360655737,9.836065573770492,75.40983606557377,60.65573770491803,14.754098360655737
E00125601,193,60,28,32,133,92,41,31.088082901554404,14.507772020725387,16.580310880829018,68.9119170984456,47.66839378238342,21.243523316062177
E00125602,162,49,22,27,113,89,24,30.246913580246915,13.580246913580247,16.666666666666664,69.75308641975309,54.93827160493827,14.814814814814813
E00125603,156,48,20,28,108,89,19,30.76923076923077,12.82051282051282,17.94871794871795,69.23076923076923,57.05128205128205,12.179487179487179
E00125604,101,29,11,18,72,45,27,28.71287128712871,10.891089108910892,17.82178217821782,71.28712871287128,44.554455445544555,26.732673267326735
E00125605,126,34,19,15,92,71,21,26.984126984126984,15.079365079365079,11.904761904761903,73.01587301587301,56.34920634920635,16.666666666666664
E00125606,126,42,13,29,84,67,17,33.33333333333333,10.317460317460316,23.015873015873016,66.66666666666666,53.17460317460318,13.492063492063492
E00125607,146,45,21,24,101,78,23,30.82191780821918,14.383561643835616,16.43835616438356,69.17808219178082,53.42465753424658,15.753424657534246
E00125608,177,61,28,33,116,84,32,34.463276836158194,15.819209039548024,18.64406779661017,65.5367231638418,47.45762711864407,18.07909604519774
E00125609,122,35,14,21,87,56,31,28.688524590163933,11.475409836065573,17.21311475409836,71.31147540983606,45.90163934426229,25.40983606557377
E00125610,140,44,20,24,96,71,25,31.428571428571427,14.285714285714285,17.142857142857142,68.57142857142857,50.71428571428571,17.857142857142858
E00125611,162,46,11,35,116,95,21,28.39506172839506,6.790123456790123,21.604938271604937,71.60493827160494,58.64197530864198,12.962962962962962
E00125612,113,35,14,21,78,69,9,30.973451327433626,12.389380530973451,18.58407079646018,69.02654867256636,61.06194690265486,7.964601769911504
E00125613,120,40,11,29,80,64,16,33.33333333333333,9.166666666666666,24.166666666666668,66.66666666666666,53.333333333333336,13.333333333333334
E00125614,157,49,23,26,108,87,21,31.210191082802545,14.64968152866242,16.560509554140125,68.78980891719745,55.4140127388535,13.375796178343949
E00125615,76,19,9,10,57,44,13,25,11.842105263157894,13.157894736842104,75,57.89473684210527,17.105263157894736
E00125616,187,69,29,40,118,93,25,36.898395721925134,15.508021390374333,21.390374331550802,63.101604278074866,49.73262032085562,13.368983957219251
E00125617,192,55,28,27,137,107,30,28.645833333333332,14.583333333333334,14.0625,71.35416666666666,55.729166666666664,15.625
E00125618,174,52,21,31,122,85,37,29.88505747126437,12.068965517241379,17.81609195402299,70.11494252873564,48.85057471264368,21.26436781609195
E00125619,170,60,21,39,110,96,14,35.294117647058826,12.352941176470589,22.941176470588236,64.70588235294117,56.470588235294116,8.235294117647058
E00125620,88,28,10,18,60,53,7,31.818181818181817,11.363636363636363,20.454545454545457,68.18181818181817,60.22727272727273,7.954545454545454
E00125621,152,52,18,34,100,83,17,34.21052631578947,11.842105263157894,22.36842105263158,65.78947368421053,54.60526315789473,11.18421052631579
E00125622,138,40,13,27,98,85,13,28.985507246376812,9.420289855072465,19.565217391304348,71.01449275362319,61.59420289855072,9.420289855072465
E00125623,148,47,19,28,101,86,15,31.756756756756754,12.837837837837837,18.91891891891892,68.24324324324324,58.108108108108105,10.135135135135135
E00125624,149,48,17,31,101,87,14,32.21476510067114,11.409395973154362,20.80536912751678,67.78523489932886,58.38926174496645,9.395973154362416
E00125625,131,37,21,16,94,67,27,28.24427480916031,16.030534351145036,12.213740458015266,71.7557251908397,51.14503816793893,20.610687022900763
E00125626,145,37,11,26,108,102,6,25.517241379310345,7.586206896551724,17.93103448275862,74.48275862068967,70.34482758620689,4.137931034482759
E00125627,200,67,38,29,133,92,41,33.5,19,14.499999999999998,66.5,46,20.5
E00125628,149,46,20,26,103,82,21,30.87248322147651,13.422818791946309,17.449664429530202,69.12751677852349,55.033557046979865,14.093959731543624
E00125629,134,44,19,25,90,71,19,32.83582089552239,14.17910447761194,18.65671641791045,67.16417910447761,52.98507462686567,14.17910447761194
E00125630,112,48,24,24,64,51,13,42.857142857142854,21.428571428571427,21.428571428571427,57.14285714285714,45.535714285714285,11.607142857142858
E00125631,107,44,20,24,63,52,11,41.1214953271028,18.69158878504673,22.429906542056074,58.87850467289719,48.598130841121495,10.2803738317757
E00125632,98,33,16,17,65,51,14,33.6734693877551,16.3265306122449,17.346938775510203,66.3265306122449,52.04081632653062,14.285714285714285
E00125633,156,52,25,27,104,78,26,33.33333333333333,16.025641025641026,17.307692307692307,66.66666666666666,50,16.666666666666664
E00125634,144,48,22,26,96,77,19,33.33333333333333,15.277777777777779,18.055555555555554,66.66666666666666,53.47222222222222,13.194444444444445
E00125635,148,47,15,32,101,83,18,31.756756756756754,10.135135135135135,21.62162162162162,68.24324324324324,56.08108108108109,12.162162162162163
E00125636,167,58,21,37,109,97,12,34.73053892215569,12.574850299401197,22.15568862275449,65.26946107784431,58.08383233532935,7.18562874251497
E00125637,149,55,22,33,94,75,19,36.91275167785235,14.76510067114094,22.14765100671141,63.08724832214765,50.33557046979866,12.751677852348994
E00125638,160,53,22,31,107,79,28,33.125,13.750000000000002,19.375,66.875,49.375,17.5
E00125639,173,54,16,38,119,91,28,31.213872832369944,9.248554913294797,21.965317919075144,68.78612716763006,52.601156069364166,16.184971098265898
E00125640,116,45,16,29,71,46,25,38.793103448275865,13.793103448275861,25,61.206896551724135,39.6551724137931,21.551724137931032
E00125641,126,47,24,23,79,55,24,37.301587301587304,19.047619047619047,18.253968253968253,62.698412698412696,43.65079365079365,19.047619047619047
E00125642,177,62,28,34,115,93,22,35.02824858757062,15.819209039548024,19.2090395480226,64.97175141242938,52.54237288135594,12.429378531073446
E00125643,177,56,22,34,121,91,30,31.63841807909605,12.429378531073446,19.2090395480226,68.36158192090396,51.41242937853108,16.94915254237288
E00125644,145,47,21,26,98,76,22,32.41379310344827,14.482758620689657,17.93103448275862,67.58620689655173,52.41379310344828,15.172413793103448
E00125645,137,38,7,31,99,83,16,27.73722627737226,5.109489051094891,22.62773722627737,72.26277372262774,60.58394160583942,11.678832116788321
E00125646,154,51,17,34,103,81,22,33.116883116883116,11.03896103896104,22.07792207792208,66.88311688311688,52.5974025974026,14.285714285714285
E00125647,147,46,16,30,101,81,20,31.292517006802722,10.884353741496598,20.408163265306122,68.70748299319727,55.10204081632652,13.60544217687075
E00125648,173,51,24,27,122,104,18,29.47976878612717,13.872832369942195,15.606936416184972,70.52023121387283,60.115606936416185,10.404624277456648
E00125649,151,57,23,34,94,69,25,37.74834437086093,15.2317880794702,22.516556291390728,62.251655629139066,45.6953642384106,16.55629139072848
E00125650,236,79,33,46,157,118,39,33.47457627118644,13.983050847457626,19.491525423728813,66.52542372881356,50,16.52542372881356
E00125651,119,36,22,14,83,58,25,30.252100840336134,18.487394957983195,11.76470588235294,69.74789915966386,48.739495798319325,21.008403361344538
E00125652,88,29,12,17,59,51,8,32.95454545454545,13.636363636363635,19.318181818181817,67.04545454545455,57.95454545454546,9.090909090909092
E00125653,140,48,16,32,92,62,30,34.285714285714285,11.428571428571429,22.857142857142858,65.71428571428571,44.285714285714285,21.428571428571427
E00125654,131,40,13,27,91,52,39,30.53435114503817,9.923664122137405,20.610687022900763,69.46564885496184,39.69465648854962,29.770992366412212
E00125655,153,48,22,26,105,66,39,31.372549019607842,14.37908496732026,16.99346405228758,68.62745098039215,43.13725490196079,25.49019607843137
E00125656,51,10,4,6,41,29,12,19.607843137254903,7.8431372549019605,11.76470588235294,80.3921568627451,56.86274509803921,23.52941176470588
E00125659,67,18,7,11,49,34,15,26.865671641791046,10.44776119402985,16.417910447761194,73.13432835820896,50.74626865671642,22.388059701492537
E00125660,119,36,17,19,83,58,25,30.252100840336134,14.285714285714285,15.966386554621847,69.74789915966386,48.739495798319325,21.008403361344538
E00125661,167,42,12,30,125,100,25,25.149700598802394,7.18562874251497,17.964071856287426,74.8502994011976,59.88023952095808,14.97005988023952
E00125662,199,52,24,28,147,127,20,26.13065326633166,12.060301507537687,14.07035175879397,73.86934673366834,63.81909547738693,10.050251256281408
E00125663,155,27,9,18,128,112,16,17.419354838709676,5.806451612903226,11.612903225806452,82.58064516129032,72.25806451612902,10.32258064516129
E00125664,249,56,25,31,193,159,34,22.48995983935743,10.040160642570282,12.449799196787147,77.51004016064257,63.85542168674698,13.654618473895583
E00125665,197,60,22,38,137,116,21,30.456852791878177,11.16751269035533,19.289340101522843,69.54314720812182,58.88324873096447,10.65989847715736
E00125666,187,43,13,30,144,123,21,22.994652406417114,6.951871657754011,16.042780748663102,77.00534759358288,65.77540106951871,11.229946524064172
E00125667,162,38,17,21,124,105,19,23.456790123456788,10.493827160493826,12.962962962962962,76.5432098765432,64.81481481481481,11.728395061728394
E00125668,121,27,9,18,94,82,12,22.31404958677686,7.43801652892562,14.87603305785124,77.68595041322314,67.76859504132231,9.917355371900827
E00125669,176,39,13,26,137,109,28,22.15909090909091,7.386363636363637,14.772727272727273,77.8409090909091,61.93181818181818,15.909090909090908
E00125670,225,63,20,43,162,137,25,28.000000000000004,8.88888888888889,19.11111111111111,72,60.88888888888889,11.11111111111111
E00125671,135,43,12,31,92,78,14,31.851851851851855,8.88888888888889,22.962962962962962,68.14814814814815,57.77777777777777,10.37037037037037
E00125672,128,41,14,27,87,74,13,32.03125,10.9375,21.09375,67.96875,57.8125,10.15625
E00125673,185,39,9,30,146,121,25,21.08108108108108,4.864864864864865,16.216216216216218,78.91891891891892,65.4054054054054,13.513513513513514
E00125674,110,27,11,16,83,66,17,24.545454545454547,10,14.545454545454545,75.45454545454545,60,15.454545454545453
E00125675,169,48,15,33,121,102,19,28.402366863905325,8.875739644970414,19.526627218934912,71.59763313609467,60.35502958579882,11.242603550295858
E00125676,142,53,19,34,89,77,12,37.32394366197183,13.380281690140844,23.943661971830984,62.676056338028175,54.22535211267606,8.450704225352112
E00125677,184,67,23,44,117,88,29,36.41304347826087,12.5,23.91304347826087,63.58695652173913,47.82608695652174,15.760869565217392
E00125678,173,49,15,34,124,98,26,28.32369942196532,8.670520231213873,19.653179190751445,71.67630057803468,56.64739884393064,15.028901734104046
E00125680,163,49,22,27,114,82,32,30.061349693251532,13.496932515337424,16.56441717791411,69.93865030674846,50.306748466257666,19.631901840490798
E00125681,195,54,20,34,141,125,16,27.692307692307693,10.256410256410255,17.435897435897434,72.3076923076923,64.1025641025641,8.205128205128204
E00125682,170,41,20,21,129,113,16,24.11764705882353,11.76470588235294,12.352941176470589,75.88235294117646,66.47058823529412,9.411764705882353
E00125683,234,70,30,40,164,121,43,29.914529914529915,12.82051282051282,17.094017094017094,70.08547008547008,51.70940170940172,18.37606837606838
E00125684,124,35,8,27,89,76,13,28.225806451612907,6.451612903225806,21.774193548387096,71.7741935483871,61.29032258064516,10.483870967741936
E00125686,133,46,15,31,87,73,14,34.58646616541353,11.278195488721805,23.308270676691727,65.41353383458647,54.88721804511278,10.526315789473683
E00125687,138,49,19,30,89,73,16,35.507246376811594,13.768115942028986,21.73913043478261,64.4927536231884,52.89855072463768,11.594202898550725
E00125688,158,47,13,34,111,95,16,29.746835443037973,8.227848101265822,21.518987341772153,70.25316455696202,60.12658227848101,10.126582278481013
E00125690,249,68,24,44,181,147,34,27.309236947791167,9.63855421686747,17.670682730923694,72.69076305220884,59.036144578313255,13.654618473895583
E00125691,143,39,17,22,104,73,31,27.27272727272727,11.888111888111888,15.384615384615385,72.72727272727273,51.048951048951054,21.678321678321677
E00125692,159,49,12,37,110,92,18,30.81761006289308,7.547169811320755,23.270440251572328,69.18238993710692,57.861635220125784,11.320754716981133
E00125693,166,40,14,26,126,99,27,24.096385542168676,8.433734939759036,15.66265060240964,75.90361445783132,59.63855421686747,16.265060240963855
E00125694,167,39,12,27,128,115,13,23.353293413173652,7.18562874251497,16.16766467065868,76.64670658682635,68.8622754491018,7.784431137724551
E00125695,160,44,21,23,116,97,19,27.500000000000004,13.125,14.374999999999998,72.5,60.62499999999999,11.875
E00125696,153,45,14,31,108,96,12,29.411764705882355,9.15032679738562,20.26143790849673,70.58823529411765,62.745098039215684,7.8431372549019605
E00125697,169,48,18,30,121,107,14,28.402366863905325,10.650887573964498,17.75147928994083,71.59763313609467,63.31360946745562,8.284023668639055
E00125698,186,63,18,45,123,104,19,33.87096774193548,9.67741935483871,24.193548387096776,66.12903225806451,55.91397849462365,10.21505376344086
E00125699,147,44,25,19,103,83,20,29.931972789115648,17.006802721088434,12.925170068027212,70.06802721088435,56.4625850340136,13.60544217687075
E00125700,157,49,20,29,108,89,19,31.210191082802545,12.738853503184714,18.471337579617835,68.78980891719745,56.68789808917197,12.101910828025478
E00125701,117,38,12,26,79,70,9,32.47863247863248,10.256410256410255,22.22222222222222,67.52136752136752,59.82905982905983,7.6923076923076925
E00125702,186,56,21,35,130,110,20,30.107526881720432,11.29032258064516,18.817204301075268,69.89247311827957,59.13978494623656,10.75268817204301
E00125703,174,55,18,37,119,103,16,31.60919540229885,10.344827586206897,21.26436781609195,68.39080459770115,59.195402298850574,9.195402298850574
E00125704,177,50,13,37,127,107,20,28.24858757062147,7.344632768361582,20.903954802259886,71.75141242937853,60.451977401129945,11.299435028248588
E00125705,165,47,13,34,118,94,24,28.484848484848484,7.878787878787878,20.606060606060606,71.51515151515152,56.96969696969697,14.545454545454545
E00125706,148,47,19,28,101,82,19,31.756756756756754,12.837837837837837,18.91891891891892,68.24324324324324,55.4054054054054,12.837837837837837
E00125709,203,55,18,37,148,113,35,27.093596059113302,8.866995073891626,18.226600985221676,72.9064039408867,55.66502463054187,17.24137931034483
E00125711,194,69,22,47,125,106,19,35.56701030927835,11.34020618556701,24.22680412371134,64.43298969072166,54.63917525773196,9.793814432989691
E00125712,235,52,10,42,183,158,25,22.127659574468083,4.25531914893617,17.872340425531917,77.87234042553192,67.23404255319149,10.638297872340425
E00125714,183,46,16,30,137,114,23,25.136612021857925,8.743169398907105,16.39344262295082,74.86338797814209,62.295081967213115,12.568306010928962
E00125715,142,39,12,27,103,93,10,27.464788732394368,8.450704225352112,19.014084507042252,72.53521126760563,65.49295774647888,7.042253521126761
E00125717,172,56,15,41,116,103,13,32.55813953488372,8.720930232558139,23.837209302325583,67.44186046511628,59.883720930232556,7.55813953488372
E00125718,148,41,16,25,107,91,16,27.7027027027027,10.81081081081081,16.89189189189189,72.2972972972973,61.48648648648649,10.81081081081081
E00125719,223,66,19,47,157,131,26,29.596412556053814,8.520179372197308,21.076233183856502,70.4035874439462,58.744394618834086,11.659192825112108
E00125720,148,48,19,29,100,80,20,32.432432432432435,12.837837837837837,19.594594594594593,67.56756756756756,54.054054054054056,13.513513513513514
E00125721,323,83,25,58,240,199,41,25.696594427244584,7.739938080495357,17.956656346749224,74.30340557275542,61.60990712074303,12.693498452012383
E00125722,140,43,11,32,97,85,12,30.714285714285715,7.857142857142857,22.857142857142858,69.28571428571428,60.71428571428571,8.571428571428571
E00125723,186,44,15,29,142,130,12,23.655913978494624,8.064516129032258,15.591397849462366,76.34408602150538,69.89247311827957,6.451612903225806
E00125724,194,47,24,23,147,116,31,24.22680412371134,12.371134020618557,11.855670103092782,75.77319587628865,59.79381443298969,15.979381443298967
E00125725,142,45,20,25,97,87,10,31.690140845070424,14.084507042253522,17.6056338028169,68.30985915492957,61.267605633802816,7.042253521126761
E00125726,153,34,13,21,119,97,22,22.22222222222222,8.49673202614379,13.725490196078432,77.77777777777779,63.39869281045751,14.37908496732026
E00125727,76,26,9,17,50,43,7,34.21052631578947,11.842105263157894,22.36842105263158,65.78947368421053,56.57894736842105,9.210526315789473
E00125728,129,32,7,25,97,80,17,24.8062015503876,5.426356589147287,19.379844961240313,75.1937984496124,62.01550387596899,13.178294573643413
E00125729,144,51,23,28,93,79,14,35.41666666666667,15.972222222222221,19.444444444444446,64.58333333333334,54.861111111111114,9.722222222222223
E00125730,115,44,15,29,71,58,13,38.26086956521739,13.043478260869565,25.217391304347824,61.73913043478261,50.43478260869565,11.304347826086957
E00125731,174,53,15,38,121,107,14,30.45977011494253,8.620689655172415,21.839080459770116,69.54022988505747,61.49425287356321,8.045977011494253
E00125732,233,64,23,41,169,141,28,27.467811158798284,9.871244635193133,17.59656652360515,72.53218884120172,60.51502145922747,12.017167381974248
E00125733,140,37,13,24,103,89,14,26.42857142857143,9.285714285714286,17.142857142857142,73.57142857142858,63.57142857142857,10
E00125734,174,51,24,27,123,104,19,29.310344827586203,13.793103448275861,15.517241379310345,70.6896551724138,59.77011494252874,10.919540229885058
E00125735,159,43,18,25,116,100,16,27.044025157232703,11.320754716981133,15.723270440251572,72.95597484276729,62.893081761006286,10.062893081761008
E00125736,170,38,17,21,132,108,24,22.35294117647059,10,12.352941176470589,77.64705882352942,63.52941176470588,14.117647058823529
E00125737,104,33,9,24,71,59,12,31.73076923076923,8.653846153846153,23.076923076923077,68.26923076923077,56.730769230769226,11.538461538461538
E00125738,141,32,12,20,109,92,17,22.69503546099291,8.51063829787234,14.184397163120568,77.30496453900709,65.24822695035462,12.056737588652481
E00125739,130,39,16,23,91,78,13,30,12.307692307692308,17.692307692307693,70,60,10
E00125740,141,39,8,31,102,89,13,27.659574468085108,5.673758865248227,21.98581560283688,72.3404255319149,63.12056737588653,9.219858156028367
E00125741,181,42,16,26,139,113,26,23.204419889502763,8.83977900552486,14.3646408839779,76.79558011049724,62.430939226519335,14.3646408839779
E00125742,171,52,20,32,119,95,24,30.409356725146196,11.695906432748536,18.71345029239766,69.5906432748538,55.55555555555556,14.035087719298245
E00125743,185,49,21,28,136,114,22,26.486486486486488,11.351351351351353,15.135135135135137,73.51351351351352,61.62162162162163,11.891891891891893
E00125745,143,39,13,26,104,88,16,27.27272727272727,9.090909090909092,18.181818181818183,72.72727272727273,61.53846153846154,11.188811188811188
E00125746,138,31,5,26,107,97,10,22.463768115942027,3.6231884057971016,18.84057971014493,77.53623188405797,70.28985507246377,7.246376811594203
E00125748,117,39,13,26,78,66,12,33.33333333333333,11.11111111111111,22.22222222222222,66.66666666666666,56.41025641025641,10.256410256410255
E00125749,160,37,10,27,123,103,20,23.125,6.25,16.875,76.875,64.375,12.5
E00125750,137,52,11,41,85,65,20,37.95620437956204,8.02919708029197,29.927007299270077,62.04379562043796,47.44525547445255,14.5985401459854
E00125751,141,48,17,31,93,85,8,34.04255319148936,12.056737588652481,21.98581560283688,65.95744680851064,60.28368794326241,5.673758865248227
E00125752,173,60,19,41,113,100,13,34.68208092485549,10.982658959537572,23.699421965317917,65.3179190751445,57.80346820809249,7.514450867052023
E00125753,58,22,5,17,36,35,1,37.93103448275862,8.620689655172415,29.310344827586203,62.06896551724138,60.3448275862069,1.7241379310344827
E00125754,140,54,13,41,86,80,6,38.57142857142858,9.285714285714286,29.28571428571429,61.42857142857143,57.14285714285714,4.285714285714286
E00125755,153,51,16,35,102,89,13,33.33333333333333,10.457516339869281,22.875816993464053,66.66666666666666,58.16993464052288,8.49673202614379
E00125756,150,59,24,35,91,76,15,39.33333333333333,16,23.333333333333332,60.66666666666667,50.66666666666667,10
E00125757,133,40,12,28,93,80,13,30.075187969924812,9.022556390977442,21.052631578947366,69.92481203007519,60.150375939849624,9.774436090225564
E00125758,134,48,12,36,86,77,9,35.82089552238806,8.955223880597014,26.865671641791046,64.17910447761194,57.46268656716418,6.7164179104477615
E00125759,126,45,21,24,81,70,11,35.714285714285715,16.666666666666664,19.047619047619047,64.28571428571429,55.55555555555556,8.73015873015873
E00125760,166,49,19,30,117,103,14,29.518072289156628,11.44578313253012,18.072289156626507,70.48192771084338,62.048192771084345,8.433734939759036
E00125761,111,38,12,26,73,61,12,34.234234234234236,10.81081081081081,23.423423423423422,65.76576576576578,54.95495495495496,10.81081081081081
E00125762,96,38,11,27,58,51,7,39.58333333333333,11.458333333333332,28.125,60.416666666666664,53.125,7.291666666666667
E00125763,196,44,10,34,152,121,31,22.448979591836736,5.1020408163265305,17.346938775510203,77.55102040816327,61.73469387755102,15.816326530612246
E00125764,321,77,32,45,244,200,44,23.98753894080997,9.968847352024921,14.018691588785046,76.01246105919003,62.30529595015576,13.707165109034266
E00125765,161,52,14,38,109,95,14,32.298136645962735,8.695652173913043,23.60248447204969,67.70186335403726,59.006211180124225,8.695652173913043
E00125766,169,44,20,24,125,104,21,26.035502958579883,11.834319526627219,14.201183431952662,73.96449704142012,61.53846153846154,12.42603550295858
E00125767,181,60,20,40,121,104,17,33.14917127071823,11.049723756906078,22.099447513812155,66.85082872928176,57.4585635359116,9.392265193370166
E00125768,165,43,14,29,122,112,10,26.060606060606062,8.484848484848486,17.575757575757574,73.93939393939394,67.87878787878789,6.0606060606060606
E00125769,170,44,19,25,126,100,26,25.882352941176475,11.176470588235295,14.705882352941178,74.11764705882354,58.82352941176471,15.294117647058824
E00125770,188,65,21,44,123,103,20,34.57446808510639,11.170212765957446,23.404255319148938,65.42553191489363,54.78723404255319,10.638297872340425
E00125771,149,41,13,28,108,90,18,27.516778523489933,8.724832214765101,18.79194630872483,72.48322147651007,60.40268456375839,12.080536912751679
E00125772,166,66,28,38,100,78,22,39.75903614457831,16.867469879518072,22.89156626506024,60.24096385542169,46.98795180722892,13.253012048192772
E00125773,171,51,19,32,120,93,27,29.82456140350877,11.11111111111111,18.71345029239766,70.17543859649122,54.385964912280706,15.789473684210526
E00125774,59,16,0,16,43,38,5,27.11864406779661,0,27.11864406779661,72.88135593220339,64.40677966101694,8.47457627118644
E00125775,251,74,26,48,177,155,22,29.482071713147413,10.358565737051793,19.12350597609562,70.5179282868526,61.75298804780876,8.764940239043826
E00125776,164,35,13,22,129,114,15,21.341463414634145,7.926829268292683,13.414634146341465,78.65853658536585,69.51219512195121,9.146341463414634
E00125777,162,53,24,29,109,87,22,32.71604938271605,14.814814814814813,17.901234567901234,67.28395061728395,53.70370370370371,13.580246913580247
E00125778,226,58,32,26,168,142,26,25.663716814159294,14.15929203539823,11.504424778761061,74.33628318584071,62.83185840707964,11.504424778761061
E00125779,85,38,18,20,47,35,12,44.70588235294118,21.176470588235293,23.52941176470588,55.294117647058826,41.17647058823529,14.117647058823529
E00125780,56,21,13,8,35,29,6,37.5,23.214285714285715,14.285714285714285,62.5,51.78571428571429,10.714285714285714
E00125781,133,36,13,23,97,79,18,27.06766917293233,9.774436090225564,17.293233082706767,72.93233082706767,59.3984962406015,13.533834586466165
E00125782,173,46,22,24,127,100,27,26.589595375722542,12.716763005780345,13.872832369942195,73.41040462427746,57.80346820809249,15.606936416184972
E00125783,135,42,18,24,93,72,21,31.11111111111111,13.333333333333334,17.77777777777778,68.88888888888889,53.333333333333336,15.555555555555555
E00125784,124,30,15,15,94,82,12,24.193548387096776,12.096774193548388,12.096774193548388,75.80645161290323,66.12903225806451,9.67741935483871
E00125785,151,43,16,27,108,85,23,28.47682119205298,10.596026490066226,17.880794701986755,71.52317880794702,56.29139072847682,15.2317880794702
E00125786,89,31,15,16,58,48,10,34.831460674157306,16.853932584269664,17.97752808988764,65.1685393258427,53.93258426966292,11.235955056179774
E00125787,203,66,21,45,137,107,30,32.51231527093596,10.344827586206897,22.167487684729064,67.48768472906403,52.70935960591133,14.77832512315271
E00125788,127,36,12,24,91,73,18,28.346456692913385,9.448818897637794,18.89763779527559,71.65354330708661,57.48031496062992,14.173228346456693
E00125789,154,50,20,30,104,84,20,32.467532467532465,12.987012987012985,19.480519480519483,67.53246753246754,54.54545454545454,12.987012987012985
E00125790,172,41,13,28,131,112,19,23.837209302325583,7.55813953488372,16.27906976744186,76.16279069767442,65.11627906976744,11.046511627906977
E00125791,213,56,24,32,157,131,26,26.291079812206576,11.267605633802818,15.023474178403756,73.70892018779342,61.502347417840376,12.206572769953052
E00125792,180,52,29,23,128,112,16,28.888888888888886,16.11111111111111,12.777777777777777,71.11111111111111,62.22222222222222,8.88888888888889
E00125793,179,57,22,35,122,97,25,31.843575418994412,12.290502793296088,19.553072625698324,68.15642458100558,54.18994413407822,13.966480446927374
E00125794,163,34,14,20,129,111,18,20.858895705521473,8.588957055214724,12.269938650306749,79.14110429447852,68.09815950920245,11.042944785276074
E00125796,111,41,14,27,70,58,12,36.93693693693694,12.612612612612612,24.324324324324326,63.06306306306306,52.25225225225225,10.81081081081081
E00125797,140,50,27,23,90,60,30,35.714285714285715,19.28571428571429,16.428571428571427,64.28571428571429,42.857142857142854,21.428571428571427
E00125798,100,26,7,19,74,54,20,26,7.000000000000001,19,74,54,20
E00125799,131,45,17,28,86,68,18,34.35114503816794,12.977099236641221,21.374045801526716,65.64885496183206,51.908396946564885,13.740458015267176
E00125800,110,38,17,21,72,57,15,34.54545454545455,15.454545454545453,19.090909090909093,65.45454545454545,51.81818181818182,13.636363636363635
E00125801,169,54,26,28,115,95,20,31.952662721893493,15.384615384615385,16.56804733727811,68.04733727810651,56.213017751479285,11.834319526627219
E00125802,176,33,18,15,143,104,39,18.75,10.227272727272728,8.522727272727272,81.25,59.09090909090909,22.15909090909091
E00125803,160,49,21,28,111,90,21,30.625000000000004,13.125,17.5,69.375,56.25,13.125
E00125804,173,59,21,38,114,91,23,34.104046242774565,12.138728323699421,21.965317919075144,65.89595375722543,52.601156069364166,13.294797687861271
E00125805,48,9,0,9,39,38,1,18.75,0,18.75,81.25,79.16666666666666,2.083333333333333
E00125806,110,27,16,11,83,60,23,24.545454545454547,14.545454545454545,10,75.45454545454545,54.54545454545454,20.909090909090907
E00125807,292,94,39,55,198,146,52,32.19178082191781,13.356164383561644,18.835616438356166,67.8082191780822,50,17.80821917808219
E00125808,134,35,14,21,99,74,25,26.119402985074625,10.44776119402985,15.671641791044777,73.88059701492537,55.223880597014926,18.65671641791045
E00125809,195,71,31,40,124,103,21,36.41025641025641,15.897435897435896,20.51282051282051,63.589743589743584,52.820512820512825,10.76923076923077
E00125810,136,48,23,25,88,72,16,35.294117647058826,16.911764705882355,18.38235294117647,64.70588235294117,52.94117647058824,11.76470588235294
E00165849,260,88,36,52,172,121,51,33.84615384615385,13.846153846153847,20,66.15384615384615,46.53846153846154,19.615384615384617
E00167606,185,39,9,30,146,120,26,21.08108108108108,4.864864864864865,16.216216216216218,78.91891891891892,64.86486486486487,14.054054054054054
E00167607,118,29,9,20,89,71,18,24.576271186440678,7.627118644067797,16.94915254237288,75.42372881355932,60.16949152542372,15.254237288135593
E00167610,188,52,18,34,136,105,31,27.659574468085108,9.574468085106384,18.085106382978726,72.3404255319149,55.85106382978723,16.48936170212766
E00167611,187,55,21,34,132,88,44,29.411764705882355,11.229946524064172,18.181818181818183,70.58823529411765,47.05882352941176,23.52941176470588
E00167612,167,46,14,32,121,101,20,27.54491017964072,8.383233532934131,19.16167664670659,72.45508982035929,60.47904191616767,11.976047904191617
E00167614,145,47,15,32,98,80,18,32.41379310344827,10.344827586206897,22.06896551724138,67.58620689655173,55.172413793103445,12.413793103448276
E00167615,227,69,24,45,158,118,40,30.396475770925107,10.572687224669604,19.823788546255507,69.60352422907489,51.98237885462555,17.62114537444934
E00167616,187,37,16,21,150,119,31,19.786096256684495,8.55614973262032,11.229946524064172,80.21390374331551,63.63636363636363,16.577540106951872
E00167617,155,33,13,20,122,90,32,21.29032258064516,8.38709677419355,12.903225806451612,78.70967741935485,58.06451612903226,20.64516129032258
E00167618,169,54,26,28,115,79,36,31.952662721893493,15.384615384615385,16.56804733727811,68.04733727810651,46.74556213017752,21.301775147928996
E00167619,178,40,13,27,138,119,19,22.47191011235955,7.303370786516854,15.168539325842698,77.52808988764045,66.85393258426966,10.674157303370785
E00167620,178,46,16,30,132,111,21,25.842696629213485,8.98876404494382,16.853932584269664,74.15730337078652,62.35955056179775,11.797752808988763
E00167621,171,53,25,28,118,93,25,30.994152046783626,14.619883040935672,16.374269005847953,69.00584795321637,54.385964912280706,14.619883040935672
E00167622,181,44,10,34,137,113,24,24.30939226519337,5.524861878453039,18.784530386740332,75.69060773480662,62.430939226519335,13.259668508287293
E00167623,239,51,14,37,188,143,45,21.338912133891213,5.857740585774058,15.481171548117153,78.66108786610879,59.83263598326359,18.828451882845187
E00167624,233,72,23,49,161,134,27,30.90128755364807,9.871244635193133,21.030042918454935,69.09871244635193,57.5107296137339,11.587982832618025
E00167625,179,58,19,39,121,99,22,32.402234636871505,10.614525139664805,21.787709497206702,67.59776536312849,55.3072625698324,12.290502793296088
E00167626,189,55,20,35,134,105,29,29.100529100529098,10.582010582010582,18.51851851851852,70.8994708994709,55.55555555555556,15.343915343915343
E00167627,237,54,26,28,183,144,39,22.78481012658228,10.970464135021098,11.814345991561181,77.21518987341773,60.75949367088608,16.455696202531644
E00167628,165,43,16,27,122,100,22,26.060606060606062,9.696969696969697,16.363636363636363,73.93939393939394,60.60606060606061,13.333333333333334
E00167629,265,76,21,55,189,141,48,28.67924528301887,7.9245283018867925,20.754716981132077,71.32075471698113,53.20754716981132,18.11320754716981
E00167630,190,54,18,36,136,115,21,28.421052631578945,9.473684210526317,18.947368421052634,71.57894736842105,60.526315789473685,11.052631578947368
E00167631,73,21,3,18,52,38,14,28.767123287671232,4.10958904109589,24.65753424657534,71.23287671232876,52.054794520547944,19.17808219178082
E00167632,164,41,15,26,123,103,20,25,9.146341463414634,15.853658536585366,75,62.80487804878049,12.195121951219512
E00167633,76,18,5,13,58,36,22,23.684210526315788,6.578947368421052,17.105263157894736,76.31578947368422,47.368421052631575,28.947368421052634
E00167636,115,28,9,19,87,76,11,24.347826086956523,7.82608695652174,16.52173913043478,75.65217391304347,66.08695652173913,9.565217391304348
E00167637,193,51,23,28,142,110,32,26.42487046632124,11.917098445595855,14.507772020725387,73.57512953367875,56.994818652849744,16.580310880829018
E00167638,189,50,20,30,139,98,41,26.455026455026452,10.582010582010582,15.873015873015872,73.54497354497354,51.85185185185185,21.693121693121693
E00186669,202,35,12,23,167,137,30,17.326732673267326,5.9405940594059405,11.386138613861387,82.67326732673267,67.82178217821783,14.85148514851485
E00186673,85,23,11,12,62,47,15,27.058823529411764,12.941176470588237,14.117647058823529,72.94117647058823,55.294117647058826,17.647058823529413
E00186675,160,37,12,25,123,100,23,23.125,7.5,15.625,76.875,62.5,14.374999999999998
E00186680,167,53,23,30,114,90,24,31.736526946107784,13.77245508982036,17.964071856287426,68.26347305389223,53.89221556886228,14.37125748502994
E00186683,373,74,28,46,299,237,62,19.839142091152816,7.506702412868632,12.332439678284182,80.16085790884718,63.53887399463807,16.621983914209114
E00186685,70,27,7,20,43,33,10,38.57142857142858,10,28.57142857142857,61.42857142857143,47.14285714285714,14.285714285714285
E00186686,90,21,8,13,69,55,14,23.333333333333332,8.88888888888889,14.444444444444443,76.66666666666667,61.111111111111114,15.555555555555555
E00186691,164,36,17,19,128,106,22,21.951219512195124,10.365853658536585,11.585365853658537,78.04878048780488,64.63414634146342,13.414634146341465
E00186693,102,34,12,22,68,57,11,33.33333333333333,11.76470588235294,21.568627450980394,66.66666666666666,55.88235294117647,10.784313725490197
E00186699,112,41,13,28,71,61,10,36.607142857142854,11.607142857142858,25,63.39285714285714,54.46428571428571,8.928571428571429
E00186708,225,54,16,38,171,136,35,24,7.111111111111111,16.88888888888889,76,60.44444444444444,15.555555555555555
E00186711,111,21,6,15,90,70,20,18.91891891891892,5.405405405405405,13.513513513513514,81.08108108108108,63.06306306306306,18.01801801801802
E00186713,76,16,4,12,60,48,12,21.052631578947366,5.263157894736842,15.789473684210526,78.94736842105263,63.1578947368421,15.789473684210526
E00186715,279,72,36,36,207,149,58,25.806451612903224,12.903225806451612,12.903225806451612,74.19354838709677,53.40501792114696,20.78853046594982
E00186716,91,31,11,20,60,50,10,34.065934065934066,12.087912087912088,21.978021978021978,65.93406593406593,54.94505494505495,10.989010989010989
E00186717,153,22,6,16,131,109,22,14.37908496732026,3.9215686274509802,10.457516339869281,85.62091503267973,71.24183006535948,14.37908496732026
E00186723,176,32,12,20,144,105,39,18.181818181818183,6.8181818181818175,11.363636363636363,81.81818181818183,59.65909090909091,22.15909090909091
E00186725,98,24,9,15,74,62,12,24.489795918367346,9.183673469387756,15.306122448979592,75.51020408163265,63.26530612244898,12.244897959183673
E00186726,233,51,12,39,182,150,32,21.888412017167383,5.150214592274678,16.738197424892704,78.11158798283262,64.37768240343348,13.733905579399142
E00186728,274,73,32,41,201,167,34,26.642335766423358,11.678832116788321,14.963503649635038,73.35766423357664,60.94890510948905,12.408759124087592
E00186735,211,28,8,20,183,145,38,13.270142180094787,3.7914691943127963,9.47867298578199,86.7298578199052,68.72037914691943,18.009478672985782
E00186738,238,52,18,34,186,153,33,21.84873949579832,7.563025210084033,14.285714285714285,78.15126050420169,64.28571428571429,13.865546218487395
E00186743,139,33,8,25,106,85,21,23.741007194244602,5.755395683453238,17.985611510791365,76.2589928057554,61.15107913669065,15.107913669064748
E00186746,127,42,18,24,85,66,19,33.07086614173229,14.173228346456693,18.89763779527559,66.92913385826772,51.96850393700787,14.960629921259844
E00186748,85,28,6,22,57,51,6,32.94117647058823,7.0588235294117645,25.882352941176475,67.05882352941175,60,7.0588235294117645
E00186754,196,41,13,28,155,130,25,20.918367346938776,6.63265306122449,14.285714285714285,79.08163265306123,66.3265306122449,12.755102040816327
E00186757,146,26,10,16,120,88,32,17.80821917808219,6.8493150684931505,10.95890410958904,82.1917808219178,60.273972602739725,21.91780821917808
E00186759,160,49,15,34,111,93,18,30.625000000000004,9.375,21.25,69.375,58.12500000000001,11.25
E00186765,15,1,0,1,14,12,2,6.666666666666667,0,6.666666666666667,93.33333333333333,80,13.333333333333334
E00186766,127,32,7,25,95,80,15,25.196850393700785,5.511811023622047,19.68503937007874,74.80314960629921,62.99212598425197,11.811023622047244
E00186773,166,43,19,24,123,92,31,25.903614457831324,11.44578313253012,14.457831325301203,74.09638554216868,55.42168674698795,18.67469879518072
E00186782,251,43,13,30,208,164,44,17.131474103585656,5.179282868525896,11.952191235059761,82.86852589641434,65.33864541832669,17.52988047808765
E00186784,133,38,13,25,95,80,15,28.57142857142857,9.774436090225564,18.796992481203006,71.42857142857143,60.150375939849624,11.278195488721805
E00186785,308,58,26,32,250,206,44,18.83116883116883,8.441558441558442,10.38961038961039,81.16883116883116,66.88311688311688,14.285714285714285
E00186788,114,27,7,20,87,68,19,23.684210526315788,6.140350877192982,17.543859649122805,76.31578947368422,59.64912280701754,16.666666666666664
E00186789,159,39,14,25,120,99,21,24.528301886792452,8.80503144654088,15.723270440251572,75.47169811320755,62.264150943396224,13.20754716981132
E00186790,87,27,11,16,60,47,13,31.03448275862069,12.643678160919542,18.39080459770115,68.96551724137932,54.02298850574713,14.942528735632186
E00186796,184,54,17,37,130,109,21,29.347826086956523,9.239130434782608,20.108695652173914,70.65217391304348,59.2391304347826,11.41304347826087
E00186798,146,52,16,36,94,74,20,35.61643835616438,10.95890410958904,24.65753424657534,64.38356164383562,50.68493150684932,13.698630136986301
E00186799,148,32,9,23,116,95,21,21.62162162162162,6.081081081081082,15.54054054054054,78.37837837837837,64.1891891891892,14.18918918918919
E00186800,198,53,15,38,145,118,27,26.767676767676768,7.575757575757576,19.19191919191919,73.23232323232324,59.59595959595959,13.636363636363635
E00186803,72,11,3,8,61,55,6,15.277777777777779,4.166666666666666,11.11111111111111,84.72222222222221,76.38888888888889,8.333333333333332
E00186804,145,46,19,27,99,88,11,31.724137931034484,13.10344827586207,18.620689655172416,68.27586206896552,60.689655172413794,7.586206896551724
E00186805,247,64,22,42,183,159,24,25.910931174089068,8.906882591093117,17.00404858299595,74.08906882591093,64.37246963562752,9.7165991902834
E00186806,230,47,13,34,183,159,24,20.434782608695652,5.6521739130434785,14.782608695652174,79.56521739130434,69.1304347826087,10.434782608695652
E00186807,189,41,14,27,148,121,27,21.693121693121693,7.4074074074074066,14.285714285714285,78.3068783068783,64.02116402116403,14.285714285714285
E00186808,154,19,4,15,135,119,16,12.337662337662337,2.5974025974025974,9.740259740259742,87.66233766233766,77.27272727272727,10.38961038961039
E00186810,175,60,17,43,115,99,16,34.285714285714285,9.714285714285714,24.571428571428573,65.71428571428571,56.57142857142857,9.142857142857142
E00186814,216,42,8,34,174,146,28,19.444444444444446,3.7037037037037033,15.74074074074074,80.55555555555556,67.5925925925926,12.962962962962962
E00186820,270,73,30,43,197,162,35,27.037037037037038,11.11111111111111,15.925925925925927,72.96296296296296,60,12.962962962962962
E00186821,167,29,7,22,138,106,32,17.365269461077844,4.191616766467066,13.17365269461078,82.63473053892216,63.47305389221557,19.16167664670659
E00186823,124,19,8,11,105,87,18,15.32258064516129,6.451612903225806,8.870967741935484,84.67741935483872,70.16129032258065,14.516129032258066
E00186829,104,24,11,13,80,67,13,23.076923076923077,10.576923076923077,12.5,76.92307692307693,64.42307692307693,12.5
E00186830,149,32,12,20,117,83,34,21.476510067114095,8.053691275167784,13.422818791946309,78.52348993288591,55.70469798657718,22.818791946308725
E00186836,181,39,11,28,142,122,20,21.54696132596685,6.077348066298343,15.469613259668508,78.45303867403315,67.40331491712708,11.049723756906078
