OA,ts0380001,ts0380002,ts0380003,ts0380004,ts0380005,ts0380006,ts0380007,ts0380002_PCT,ts0380003_PCT,ts0380004_PCT,ts0380005_PCT,ts0380006_PCT,ts0380007_PCT
E00133514,234,49,15,34,185,16,169,20.94017094017094,6.41025641025641,14.529914529914532,79.05982905982906,6.837606837606838,72.22222222222221
E00133515,380,84,30,54,296,26,270,22.105263157894736,7.894736842105263,14.210526315789473,77.89473684210526,6.842105263157896,71.05263157894737
E00133516,433,57,18,39,376,34,342,13.163972286374134,4.157043879907621,9.006928406466514,86.83602771362587,7.852193995381063,78.9838337182448
E00133517,284,67,21,46,217,13,204,23.591549295774648,7.394366197183098,16.19718309859155,76.40845070422534,4.577464788732395,71.83098591549296
E00133518,187,38,13,25,149,9,140,20.32085561497326,6.951871657754011,13.368983957219251,79.67914438502673,4.81283422459893,74.8663101604278
E00133520,324,62,23,39,262,21,241,19.1358024691358,7.098765432098765,12.037037037037036,80.8641975308642,6.481481481481481,74.38271604938271
E00133521,267,42,14,28,225,27,198,15.730337078651685,5.2434456928838955,10.486891385767791,84.26966292134831,10.112359550561797,74.15730337078652
E00133522,254,57,29,28,197,30,167,22.440944881889763,11.41732283464567,11.023622047244094,77.55905511811024,11.811023622047244,65.74803149606299
E00133523,202,74,30,44,128,11,117,36.633663366336634,14.85148514851485,21.782178217821784,63.366336633663366,5.445544554455446,57.920792079207914
E00133524,214,43,16,27,171,28,143,20.093457943925234,7.476635514018691,12.616822429906541,79.90654205607477,13.084112149532709,66.82242990654206
E00133525,276,84,55,29,192,17,175,30.434782608695656,19.92753623188406,10.507246376811594,69.56521739130434,6.159420289855073,63.40579710144928
E00133526,247,41,20,21,206,24,182,16.599190283400812,8.097165991902834,8.502024291497975,83.40080971659918,9.7165991902834,73.68421052631578
E00133527,318,77,36,41,241,30,211,24.21383647798742,11.320754716981133,12.89308176100629,75.78616352201259,9.433962264150944,66.35220125786164
E00133528,296,60,25,35,236,19,217,20.27027027027027,8.445945945945946,11.824324324324325,79.72972972972973,6.418918918918918,73.3108108108108
E00133529,527,65,20,45,462,47,415,12.333965844402277,3.795066413662239,8.538899430740038,87.66603415559773,8.918406072106261,78.74762808349146
E00133530,258,46,19,27,212,23,189,17.829457364341085,7.3643410852713185,10.465116279069768,82.17054263565892,8.914728682170542,73.25581395348837
E00133531,195,61,30,31,134,19,115,31.28205128205128,15.384615384615385,15.897435897435896,68.71794871794872,9.7435897435897445,58.97435897435898
E00133532,127,17,2,15,110,15,95,13.385826771653544,1.574803149606299,11.811023622047244,86.61417322834646,11.811023622047244,74.80314960629921
E00133533,198,35,7,28,163,19,144,17.67676767676768,3.535353535353535,14.14141414141414,82.32323232323232,9.595959595959595,72.72727272727273
E00133534,269,46,16,30,223,28,195,17.100371747211895,5.947955390334572,11.152416356877323,82.8996282527881,10.408921933085502,72.4907063197026
E00133535,262,40,14,26,222,23,199,15.267175572519085,5.343511450381679,9.923664122137405,84.7328244274809,8.778625954198473,75.95419847328245
E00133536,522,103,48,55,419,47,372,19.731800766283524,9.195402298850574,10.53639846743295,80.26819923371647,9.003831417624522,71.26436781609196
E00133537,417,96,38,58,321,36,285,23.021582733812952,9.112709832134293,13.908872901678656,76.97841726618705,8.633093525179856,68.34532374100719
E00133538,304,38,10,28,266,35,231,12.5,3.289473684210526,9.210526315789473,87.5,11.513157894736842,75.98684210526315
E00133539,380,82,36,46,298,22,276,21.578947368421055,9.473684210526317,12.105263157894736,78.42105263157895,5.7894736842105265,72.63157894736842
E00133540,318,43,10,33,275,24,251,13.522012578616351,3.1446540880503147,10.377358490566039,86.47798742138365,7.547169811320755,78.9308176100629
E00133541,347,93,43,50,254,27,227,26.801152737752158,12.39193083573487,14.409221902017292,73.19884726224784,7.780979827089338,65.4178674351585
E00133542,355,54,19,35,301,23,278,15.211267605633802,5.352112676056338,9.859154929577464,84.78873239436619,6.478873239436619,78.30985915492957
E00133543,340,62,25,37,278,34,244,18.235294117647058,7.352941176470589,10.882352941176471,81.76470588235294,10,71.76470588235294
E00133544,298,38,12,26,260,26,234,12.751677852348994,4.026845637583892,8.724832214765101,87.24832214765101,8.724832214765101,78.52348993288591
E00133547,290,47,18,29,243,25,218,16.206896551724135,6.206896551724138,10,83.79310344827586,8.620689655172415,75.17241379310344
E00133548,311,64,20,44,247,22,225,20.578778135048232,6.430868167202572,14.14790996784566,79.42122186495176,7.07395498392283,72.34726688102894
E00133549,258,61,26,35,197,16,181,23.643410852713178,10.077519379844961,13.565891472868216,76.35658914728683,6.2015503875969,70.15503875968993
E00133550,303,51,17,34,252,32,220,16.831683168316832,5.6105610561056105,11.221122112211221,83.16831683168317,10.561056105610561,72.60726072607261
E00133551,223,30,12,18,193,21,172,13.452914798206278,5.381165919282512,8.071748878923767,86.54708520179372,9.417040358744394,77.13004484304933
E00133552,253,54,16,38,199,14,185,21.34387351778656,6.324110671936759,15.019762845849801,78.65612648221344,5.533596837944664,73.12252964426878
E00133553,252,52,18,34,200,18,182,20.634920634920633,7.142857142857142,13.492063492063492,79.36507936507937,7.142857142857142,72.22222222222221
E00133554,257,48,24,24,209,14,195,18.67704280155642,9.33852140077821,9.33852140077821,81.32295719844358,5.447470817120623,75.87548638132296
E00133555,303,56,27,29,247,33,214,18.48184818481848,8.91089108910891,9.570957095709572,81.51815181518151,10.891089108910892,70.62706270627062
E00133556,269,39,8,31,230,26,204,14.49814126394052,2.973977695167286,11.524163568773234,85.50185873605948,9.66542750929368,75.8364312267658
E00133557,331,55,13,42,276,23,253,16.61631419939577,3.927492447129909,12.688821752265861,83.38368580060424,6.948640483383686,76.43504531722054
E00133558,370,31,8,23,339,33,306,8.378378378378379,2.1621621621621623,6.216216216216217,91.62162162162161,8.91891891891892,82.70270270270271
E00133559,283,52,16,36,231,30,201,18.374558303886925,5.6537102473498235,12.7208480565371,81.62544169611307,10.60070671378092,71.02473498233216
E00133560,278,39,20,19,239,24,215,14.028776978417264,7.1942446043165464,6.83453237410072,85.97122302158273,8.633093525179856,77.33812949640287
E00133561,288,43,14,29,245,16,229,14.930555555555555,4.861111111111112,10.069444444444445,85.06944444444444,5.555555555555555,79.51388888888889
E00133562,233,47,17,30,186,22,164,20.171673819742487,7.296137339055794,12.875536480686694,79.82832618025752,9.44206008583691,70.3862660944206
E00133563,225,50,16,34,175,22,153,22.22222222222222,7.111111111111111,15.11111111111111,77.77777777777779,9.777777777777779,68
E00133564,491,108,45,63,383,36,347,21.9959266802444,9.164969450101832,12.830957230142568,78.00407331975559,7.3319755600814664,70.67209775967413
E00133565,294,93,29,64,201,23,178,31.63265306122449,9.863945578231291,21.768707482993197,68.36734693877551,7.8231292517006805,60.544217687074834
E00133566,288,44,14,30,244,28,216,15.277777777777779,4.861111111111112,10.416666666666668,84.72222222222221,9.722222222222223,75
E00133567,321,90,36,54,231,23,208,28.037383177570092,11.214953271028037,16.822429906542055,71.96261682242991,7.165109034267912,64.797507788162
E00133568,338,104,59,45,234,19,215,30.76923076923077,17.45562130177515,13.313609467455622,69.23076923076923,5.621301775147929,63.609467455621306
E00133569,277,91,32,59,186,20,166,32.851985559566785,11.552346570397113,21.299638989169676,67.14801444043322,7.2202166064981945,59.92779783393502
E00133570,246,62,30,32,184,26,158,25.203252032520325,12.195121951219512,13.008130081300814,74.79674796747967,10.569105691056912,64.22764227642277
E00133571,410,85,33,52,325,26,299,20.73170731707317,8.048780487804878,12.682926829268293,79.26829268292683,6.341463414634147,72.92682926829268
E00133572,345,77,33,44,268,26,242,22.318840579710145,9.565217391304348,12.753623188405797,77.68115942028986,7.536231884057972,70.14492753623188
E00133573,270,89,34,55,181,11,170,32.96296296296296,12.592592592592592,20.37037037037037,67.03703703703704,4.074074074074074,62.96296296296296
E00133575,223,63,22,41,160,15,145,28.251121076233183,9.865470852017937,18.385650224215247,71.74887892376681,6.726457399103139,65.02242152466367
E00133576,333,73,27,46,260,33,227,21.92192192192192,8.108108108108109,13.813813813813812,78.07807807807808,9.90990990990991,68.16816816816817
E00133578,263,60,26,34,203,25,178,22.813688212927758,9.885931558935361,12.927756653992395,77.18631178707224,9.505703422053232,67.68060836501901
E00133580,339,53,20,33,286,20,266,15.634218289085547,5.899705014749262,9.734513274336283,84.36578171091446,5.899705014749262,78.46607669616519
E00133581,273,62,25,37,211,18,193,22.71062271062271,9.157509157509157,13.553113553113553,77.2893772893773,6.593406593406594,70.6959706959707
E00133582,269,43,13,30,226,37,189,15.985130111524162,4.83271375464684,11.152416356877323,84.01486988847584,13.754646840148698,70.26022304832715
E00133583,262,40,15,25,222,21,201,15.267175572519085,5.7251908396946565,9.541984732824428,84.7328244274809,8.015267175572518,76.7175572519084
E00133584,384,59,23,36,325,39,286,15.364583333333334,5.989583333333334,9.375,84.63541666666666,10.15625,74.47916666666666
E00133585,356,80,32,48,276,32,244,22.47191011235955,8.98876404494382,13.48314606741573,77.52808988764045,8.98876404494382,68.53932584269663
E00133586,265,35,12,23,230,26,204,13.20754716981132,4.528301886792453,8.679245283018867,86.79245283018868,9.811320754716983,76.9811320754717
E00133587,341,71,43,28,270,18,252,20.821114369501466,12.609970674486803,8.211143695014663,79.17888563049853,5.278592375366569,73.90029325513197
E00133589,344,63,22,41,281,18,263,18.313953488372093,6.395348837209303,11.918604651162791,81.68604651162791,5.232558139534884,76.45348837209302
E00133590,142,50,22,28,92,13,79,35.2112676056338,15.492957746478872,19.718309859154928,64.7887323943662,9.15492957746479,55.633802816901415
E00133591,304,53,16,37,251,32,219,17.434210526315788,5.263157894736842,12.171052631578947,82.56578947368422,10.526315789473683,72.03947368421053
E00133592,297,32,9,23,265,24,241,10.774410774410773,3.0303030303030303,7.744107744107744,89.22558922558923,8.080808080808081,81.14478114478115
E00133593,265,59,21,38,206,16,190,22.264150943396228,7.9245283018867925,14.339622641509434,77.73584905660378,6.037735849056604,71.69811320754717
E00133594,248,43,18,25,205,29,176,17.338709677419356,7.258064516129033,10.080645161290322,82.66129032258065,11.693548387096774,70.96774193548387
E00133595,364,77,35,42,287,21,266,21.153846153846153,9.615384615384617,11.538461538461538,78.84615384615384,5.769230769230769,73.07692307692307
E00133596,305,42,18,24,263,31,232,13.77049180327869,5.901639344262295,7.868852459016394,86.22950819672131,10.163934426229508,76.0655737704918
E00133597,426,84,44,40,342,39,303,19.718309859154928,10.328638497652582,9.389671361502346,80.28169014084507,9.15492957746479,71.12676056338029
E00133598,227,48,19,29,179,14,165,21.145374449339208,8.370044052863436,12.77533039647577,78.8546255506608,6.167400881057269,72.68722466960352
E00133599,335,58,14,44,277,44,233,17.313432835820898,4.179104477611941,13.134328358208954,82.68656716417911,13.134328358208954,69.55223880597015
E00133600,341,60,16,44,281,30,251,17.595307917888565,4.69208211143695,12.903225806451612,82.40469208211144,8.797653958944283,73.60703812316716
E00133601,422,93,37,56,329,30,299,22.03791469194313,8.767772511848342,13.270142180094787,77.96208530805687,7.109004739336493,70.85308056872039
E00133602,365,41,12,29,324,35,289,11.232876712328768,3.287671232876712,7.9452054794520555,88.76712328767124,9.58904109589041,79.17808219178082
E00133603,349,47,14,33,302,26,276,13.46704871060172,4.011461318051576,9.455587392550143,86.53295128939828,7.4498567335243555,79.08309455587393
E00133604,245,35,15,20,210,30,180,14.285714285714285,6.122448979591836,8.16326530612245,85.71428571428571,12.244897959183673,73.46938775510205
E00133605,258,29,9,20,229,32,197,11.24031007751938,3.488372093023256,7.751937984496124,88.75968992248062,12.4031007751938,76.35658914728683
E00133606,403,48,15,33,355,43,312,11.910669975186105,3.722084367245657,8.188585607940446,88.08933002481389,10.669975186104217,77.41935483870968
E00133607,224,26,6,20,198,30,168,11.607142857142858,2.6785714285714284,8.928571428571429,88.39285714285714,13.392857142857142,75
E00133609,284,36,7,29,248,18,230,12.676056338028168,2.464788732394366,10.211267605633804,87.32394366197182,6.338028169014084,80.98591549295774
E00133610,259,25,5,20,234,19,215,9.652509652509652,1.9305019305019304,7.722007722007722,90.34749034749035,7.335907335907336,83.01158301158301
E00133611,300,45,18,27,255,23,232,15,6,9,85,7.666666666666666,77.33333333333333
E00133612,311,51,21,30,260,24,236,16.39871382636656,6.752411575562702,9.646302250803858,83.60128617363344,7.717041800643088,75.88424437299035
E00133613,358,58,11,47,300,30,270,16.201117318435752,3.072625698324022,13.128491620111731,83.79888268156425,8.379888268156424,75.41899441340783
E00133614,231,49,19,30,182,28,154,21.21212121212121,8.225108225108226,12.987012987012985,78.78787878787878,12.121212121212121,66.66666666666666
E00133615,262,45,18,27,217,23,194,17.17557251908397,6.870229007633588,10.305343511450381,82.82442748091603,8.778625954198473,74.04580152671755
E00133616,419,70,20,50,349,37,312,16.706443914081145,4.77326968973747,11.933174224343675,83.29355608591885,8.83054892601432,74.46300715990454
E00133617,216,61,32,29,155,21,134,28.240740740740737,14.814814814814813,13.425925925925927,71.75925925925925,9.722222222222223,62.03703703703704
E00133618,365,40,9,31,325,38,287,10.95890410958904,2.4657534246575343,8.493150684931507,89.04109589041096,10.41095890410959,78.63013698630137
E00133619,250,34,9,25,216,23,193,13.600000000000001,3.5999999999999996,10,86.4,9.2,77.2
E00133620,236,29,13,16,207,17,190,12.288135593220339,5.508474576271186,6.779661016949152,87.71186440677965,7.203389830508475,80.50847457627118
E00133621,330,52,18,34,278,22,256,15.757575757575756,5.454545454545454,10.303030303030303,84.24242424242424,6.666666666666667,77.57575757575758
E00133622,368,81,41,40,287,15,272,22.01086956521739,11.141304347826086,10.869565217391305,77.98913043478261,4.076086956521739,73.91304347826086
E00133624,490,125,45,80,365,31,334,25.510204081632654,9.183673469387756,16.3265306122449,74.48979591836735,6.326530612244897,68.16326530612244
E00133625,314,66,28,38,248,17,231,21.019108280254777,8.9171974522293,12.101910828025478,78.98089171974523,5.414012738853503,73.56687898089172
E00133626,336,67,23,44,269,17,252,19.940476190476193,6.845238095238096,13.095238095238097,80.05952380952381,5.059523809523809,75
E00133627,392,92,42,50,300,31,269,23.46938775510204,10.714285714285714,12.755102040816327,76.53061224489795,7.908163265306123,68.62244897959184
E00133628,380,84,35,49,296,23,273,22.105263157894736,9.210526315789473,12.894736842105264,77.89473684210526,6.052631578947368,71.84210526315789
E00133629,359,81,42,39,278,31,247,22.56267409470752,11.699164345403899,10.86350974930362,77.43732590529248,8.635097493036211,68.80222841225627
E00133630,291,81,45,36,210,13,197,27.835051546391753,15.463917525773196,12.371134020618557,72.16494845360825,4.4673539518900345,67.69759450171821
E00133631,315,68,30,38,247,19,228,21.58730158730159,9.523809523809524,12.063492063492063,78.41269841269842,6.031746031746032,72.38095238095238
E00133632,371,82,34,48,289,16,273,22.10242587601078,9.164420485175203,12.93800539083558,77.89757412398922,4.31266846361186,73.58490566037736
E00133633,329,64,25,39,265,26,239,19.45288753799392,7.598784194528875,11.854103343465045,80.54711246200608,7.90273556231003,72.64437689969606
E00133634,278,83,46,37,195,12,183,29.856115107913666,16.546762589928058,13.309352517985612,70.14388489208633,4.316546762589928,65.82733812949641
E00133635,521,117,48,69,404,33,371,22.456813819577732,9.213051823416507,13.24376199616123,77.54318618042227,6.333973128598848,71.20921305182341
E00133636,402,83,35,48,319,30,289,20.64676616915423,8.706467661691542,11.940298507462686,79.35323383084577,7.462686567164178,71.8905472636816
E00133637,357,45,12,33,312,22,290,12.605042016806722,3.361344537815126,9.243697478991598,87.39495798319328,6.162464985994398,81.23249299719888
E00133638,280,61,15,46,219,18,201,21.785714285714285,5.357142857142857,16.428571428571427,78.21428571428571,6.428571428571428,71.78571428571429
E00133639,219,27,5,22,192,19,173,12.32876712328767,2.28310502283105,10.045662100456621,87.67123287671232,8.67579908675799,78.99543378995433
E00133640,222,54,20,34,168,14,154,24.324324324324326,9.00900900900901,15.315315315315313,75.67567567567568,6.306306306306306,69.36936936936937
E00133641,333,61,18,43,272,23,249,18.31831831831832,5.405405405405405,12.912912912912914,81.68168168168168,6.906906906906906,74.77477477477478
E00133642,436,77,26,51,359,50,309,17.660550458715598,5.963302752293578,11.697247706422019,82.33944954128441,11.46788990825688,70.87155963302753
E00133643,301,68,23,45,233,20,213,22.591362126245848,7.641196013289036,14.950166112956811,77.40863787375415,6.64451827242525,70.7641196013289
E00133644,238,64,28,36,174,20,154,26.89075630252101,11.76470588235294,15.126050420168067,73.10924369747899,8.403361344537815,64.70588235294117
E00133645,370,76,28,48,294,29,265,20.54054054054054,7.567567567567568,12.972972972972974,79.45945945945945,7.837837837837839,71.62162162162163
E00133646,352,76,33,43,276,33,243,21.59090909090909,9.375,12.215909090909092,78.4090909090909,9.375,69.0340909090909
E00133647,148,33,10,23,115,11,104,22.2972972972973,6.756756756756757,15.54054054054054,77.7027027027027,7.4324324324324325,70.27027027027027
E00133648,304,35,12,23,269,25,244,11.513157894736842,3.9473684210526314,7.565789473684211,88.48684210526315,8.223684210526317,80.26315789473685
E00133649,206,33,5,28,173,22,151,16.019417475728158,2.4271844660194173,13.592233009708737,83.98058252427184,10.679611650485436,73.30097087378641
E00133650,131,26,5,21,105,9,96,19.84732824427481,3.816793893129771,16.030534351145036,80.1526717557252,6.870229007633588,73.2824427480916
E00133651,277,47,14,33,230,26,204,16.967509025270758,5.054151624548736,11.913357400722022,83.03249097472924,9.386281588447654,73.6462093862816
E00133652,408,80,30,50,328,29,299,19.607843137254903,7.352941176470589,12.254901960784313,80.3921568627451,7.107843137254902,73.2843137254902
E00133653,309,50,16,34,259,28,231,16.181229773462782,5.177993527508091,11.003236245954692,83.81877022653723,9.06148867313916,74.75728155339806
E00133654,262,47,17,30,215,30,185,17.938931297709924,6.488549618320611,11.450381679389313,82.06106870229007,11.450381679389313,70.61068702290076
E00133655,277,63,28,35,214,24,190,22.743682310469314,10.108303249097473,12.63537906137184,77.25631768953069,8.664259927797833,68.59205776173285
E00133656,202,41,14,27,161,16,145,20.2970297029703,6.9306930693069315,13.366336633663368,79.70297029702971,7.920792079207921,71.78217821782178
E00133657,468,103,34,69,365,38,327,22.00854700854701,7.264957264957266,14.743589743589745,77.99145299145299,8.11965811965812,69.87179487179486
E00133661,443,78,29,49,365,37,328,17.607223476297968,6.5462753950338595,11.060948081264108,82.39277652370203,8.35214446952596,74.04063205417607
E00133662,565,115,37,78,450,58,392,20.353982300884958,6.548672566371681,13.805309734513274,79.64601769911505,10.265486725663717,69.38053097345133
E00133663,333,52,19,33,281,29,252,15.615615615615615,5.7057057057057055,9.90990990990991,84.38438438438438,8.708708708708707,75.67567567567568
E00133664,168,27,7,20,141,16,125,16.071428571428573,4.166666666666666,11.904761904761903,83.92857142857143,9.523809523809524,74.40476190476191
E00133665,308,66,22,44,242,18,224,21.428571428571427,7.142857142857142,14.285714285714285,78.57142857142857,5.844155844155844,72.72727272727273
E00133666,220,48,28,20,172,14,158,21.818181818181817,12.727272727272727,9.090909090909092,78.18181818181819,6.363636363636363,71.81818181818181
E00133667,301,53,17,36,248,20,228,17.60797342192691,5.647840531561462,11.960132890365449,82.39202657807309,6.64451827242525,75.74750830564784
E00133669,285,41,10,31,244,20,224,14.385964912280702,3.508771929824561,10.87719298245614,85.6140350877193,7.017543859649122,78.59649122807018
E00133670,276,39,12,27,237,16,221,14.130434782608695,4.3478260869565215,9.782608695652174,85.86956521739131,5.797101449275362,80.07246376811594
E00133671,225,58,28,30,167,21,146,25.77777777777778,12.444444444444445,13.333333333333334,74.22222222222223,9.333333333333334,64.88888888888889
E00133672,303,40,15,25,263,33,230,13.2013201320132,4.9504950495049505,8.25082508250825,86.79867986798679,10.891089108910892,75.9075907590759
E00133673,382,76,41,35,306,27,279,19.895287958115183,10.732984293193718,9.162303664921465,80.10471204188482,7.068062827225131,73.03664921465969
E00133675,268,54,25,29,214,23,191,20.149253731343283,9.328358208955224,10.820895522388058,79.8507462686567,8.582089552238806,71.26865671641791
E00133676,345,58,21,37,287,24,263,16.81159420289855,6.086956521739131,10.72463768115942,83.18840579710145,6.956521739130435,76.23188405797102
E00133678,307,55,21,34,252,22,230,17.91530944625407,6.840390879478828,11.074918566775244,82.08469055374593,7.166123778501629,74.9185667752443
E00133680,367,64,24,40,303,24,279,17.43869209809264,6.539509536784741,10.899182561307901,82.56130790190736,6.539509536784741,76.02179836512262
E00133681,288,59,24,35,229,28,201,20.48611111111111,8.333333333333332,12.152777777777777,79.51388888888889,9.722222222222223,69.79166666666666
E00133682,334,101,66,35,233,25,208,30.239520958083833,19.760479041916167,10.479041916167663,69.76047904191617,7.48502994011976,62.27544910179641
E00133683,249,34,12,22,215,29,186,13.654618473895583,4.819277108433735,8.835341365461847,86.34538152610442,11.646586345381527,74.69879518072288
E00133684,326,54,19,35,272,20,252,16.56441717791411,5.828220858895705,10.736196319018406,83.43558282208589,6.134969325153374,77.30061349693251
E00133686,277,46,17,29,231,27,204,16.60649819494585,6.137184115523466,10.469314079422382,83.39350180505414,9.747292418772563,73.6462093862816
E00133687,254,34,7,27,220,27,193,13.385826771653544,2.7559055118110236,10.62992125984252,86.61417322834646,10.62992125984252,75.98425196850394
E00133688,225,47,19,28,178,19,159,20.88888888888889,8.444444444444445,12.444444444444445,79.11111111111111,8.444444444444445,70.66666666666667
E00133689,282,40,15,25,242,26,216,14.184397163120568,5.319148936170213,8.865248226950355,85.81560283687944,9.219858156028367,76.59574468085107
E00133690,454,72,23,49,382,46,336,15.859030837004406,5.066079295154185,10.79295154185022,84.14096916299559,10.13215859030837,74.00881057268722
E00133691,290,59,25,34,231,20,211,20.344827586206897,8.620689655172415,11.724137931034482,79.65517241379311,6.896551724137931,72.75862068965517
E00133692,482,72,27,45,410,46,364,14.937759336099585,5.601659751037345,9.336099585062241,85.06224066390041,9.54356846473029,75.51867219917013
E00133693,270,53,18,35,217,27,190,19.62962962962963,6.666666666666667,12.962962962962962,80.37037037037037,10,70.37037037037037
E00133694,340,60,18,42,280,32,248,17.647058823529413,5.294117647058823,12.352941176470589,82.35294117647058,9.411764705882353,72.94117647058823
E00133695,208,28,8,20,180,17,163,13.461538461538462,3.8461538461538463,9.615384615384617,86.53846153846155,8.173076923076923,78.36538461538461
E00133698,278,37,12,25,241,22,219,13.309352517985612,4.316546762589928,8.992805755395683,86.6906474820144,7.913669064748201,78.77697841726618
E00133699,263,37,19,18,226,16,210,14.068441064638785,7.224334600760455,6.844106463878327,85.93155893536122,6.083650190114068,79.84790874524715
E00133700,298,49,22,27,249,13,236,16.44295302013423,7.38255033557047,9.060402684563758,83.55704697986577,4.3624161073825505,79.19463087248322
E00133701,274,41,20,21,233,37,196,14.963503649635038,7.2992700729927,7.664233576642336,85.03649635036497,13.503649635036496,71.53284671532847
E00133702,311,53,18,35,258,22,236,17.041800643086816,5.787781350482315,11.254019292604502,82.95819935691318,7.07395498392283,75.88424437299035
E00133703,307,47,9,38,260,37,223,15.309446254071663,2.9315960912052117,12.37785016286645,84.69055374592834,12.052117263843648,72.63843648208469
E00133704,331,38,10,28,293,27,266,11.48036253776435,3.0211480362537766,8.459214501510575,88.51963746223565,8.157099697885197,80.36253776435045
E00133705,340,34,13,21,306,37,269,10,3.823529411764706,6.176470588235294,90,10.882352941176471,79.11764705882352
E00133706,247,95,49,46,152,11,141,38.46153846153847,19.838056680161944,18.62348178137652,61.53846153846154,4.4534412955465585,57.08502024291497
E00133707,376,71,25,46,305,26,279,18.882978723404257,6.648936170212766,12.23404255319149,81.11702127659575,6.914893617021277,74.20212765957447
E00133708,261,81,41,40,180,14,166,31.03448275862069,15.708812260536398,15.32567049808429,68.96551724137932,5.363984674329502,63.601532567049816
E00133709,269,60,25,35,209,17,192,22.304832713754646,9.293680297397769,13.011152416356877,77.69516728624535,6.319702602230483,71.37546468401487
E00133710,347,80,37,43,267,20,247,23.054755043227665,10.662824207492795,12.39193083573487,76.94524495677233,5.763688760806916,71.18155619596543
E00133711,345,75,32,43,270,17,253,21.73913043478261,9.27536231884058,12.46376811594203,78.26086956521739,4.9275362318840585,73.33333333333333
E00133712,294,57,17,40,237,20,217,19.387755102040817,5.782312925170068,13.60544217687075,80.61224489795919,6.802721088435375,73.80952380952381
E00133713,289,41,10,31,248,20,228,14.186851211072666,3.4602076124567476,10.726643598615917,85.81314878892734,6.920415224913495,78.89273356401384
E00133714,362,77,38,39,285,21,264,21.2707182320442,10.497237569060774,10.773480662983426,78.72928176795581,5.801104972375691,72.92817679558011
E00133715,292,69,35,34,223,21,202,23.63013698630137,11.986301369863012,11.643835616438356,76.36986301369863,7.191780821917808,69.17808219178082
E00133716,343,76,34,42,267,24,243,22.157434402332363,9.912536443148689,12.244897959183673,77.84256559766763,6.997084548104956,70.8454810495627
E00133717,207,84,60,24,123,14,109,40.57971014492754,28.985507246376812,11.594202898550725,59.42028985507246,6.763285024154589,52.65700483091788
E00133718,259,40,18,22,219,21,198,15.444015444015443,6.94980694980695,8.494208494208493,84.55598455598455,8.108108108108109,76.44787644787645
E00133719,355,78,31,47,277,23,254,21.971830985915496,8.732394366197182,13.239436619718308,78.0281690140845,6.478873239436619,71.54929577464789
E00133720,292,84,27,57,208,12,196,28.767123287671232,9.246575342465754,19.52054794520548,71.23287671232876,4.10958904109589,67.12328767123287
E00133721,313,79,41,38,234,14,220,25.23961661341853,13.099041533546327,12.140575079872203,74.76038338658148,4.472843450479233,70.28753993610223
E00133722,303,86,45,41,217,24,193,28.38283828382838,14.85148514851485,13.531353135313532,71.61716171617162,7.920792079207921,63.6963696369637
E00133723,291,84,41,43,207,20,187,28.865979381443296,14.0893470790378,14.776632302405499,71.1340206185567,6.872852233676976,64.26116838487972
E00133724,283,64,27,37,219,29,190,22.614840989399294,9.540636042402827,13.074204946996467,77.3851590106007,10.247349823321555,67.13780918727915
E00133725,297,54,17,37,243,26,217,18.181818181818183,5.723905723905724,12.457912457912458,81.81818181818183,8.754208754208754,73.06397306397307
E00133726,253,58,28,30,195,24,171,22.92490118577075,11.067193675889328,11.857707509881422,77.07509881422925,9.486166007905137,67.58893280632411
E00133727,346,69,23,46,277,39,238,19.942196531791907,6.6473988439306355,13.294797687861271,80.05780346820809,11.271676300578035,68.78612716763006
E00133728,337,53,19,34,284,30,254,15.727002967359049,5.637982195845697,10.089020771513352,84.27299703264094,8.902077151335313,75.37091988130564
E00133729,303,77,44,33,226,24,202,25.412541254125415,14.521452145214523,10.891089108910892,74.58745874587459,7.920792079207921,66.66666666666666
E00133730,329,44,22,22,285,33,252,13.37386018237082,6.68693009118541,6.68693009118541,86.62613981762918,10.030395136778116,76.59574468085107
E00133731,209,29,13,16,180,21,159,13.875598086124402,6.220095693779904,7.655502392344498,86.1244019138756,10.047846889952153,76.07655502392345
E00133732,155,23,4,19,132,17,115,14.838709677419354,2.5806451612903225,12.258064516129032,85.16129032258064,10.967741935483872,74.19354838709677
E00133733,148,38,19,19,110,13,97,25.675675675675674,12.837837837837837,12.837837837837837,74.32432432432432,8.783783783783784,65.54054054054053
E00133734,303,42,15,27,261,21,240,13.861386138613863,4.9504950495049505,8.91089108910891,86.13861386138613,6.9306930693069315,79.20792079207921
E00133735,148,20,11,9,128,14,114,13.513513513513514,7.4324324324324325,6.081081081081082,86.48648648648648,9.45945945945946,77.02702702702703
E00133736,533,88,28,60,445,41,404,16.51031894934334,5.253283302063791,11.25703564727955,83.48968105065666,7.6923076923076925,75.79737335834896
E00133737,255,18,5,13,237,24,213,7.0588235294117645,1.9607843137254901,5.098039215686274,92.94117647058823,9.411764705882353,83.52941176470588
E00133738,403,79,16,63,324,28,296,19.602977667493796,3.970223325062035,15.632754342431761,80.39702233250621,6.9478908188585615,73.44913151364764
E00133739,302,38,7,31,264,35,229,12.582781456953644,2.3178807947019866,10.264900662251655,87.41721854304636,11.589403973509933,75.82781456953643
E00133740,242,30,11,19,212,15,197,12.396694214876034,4.545454545454546,7.851239669421488,87.60330578512396,6.198347107438017,81.40495867768594
E00133741,290,65,25,40,225,28,197,22.413793103448278,8.620689655172415,13.793103448275861,77.58620689655173,9.655172413793103,67.93103448275862
E00133742,526,101,35,66,425,38,387,19.20152091254753,6.653992395437262,12.547528517110266,80.79847908745246,7.224334600760455,73.57414448669202
E00133743,428,73,20,53,355,42,313,17.056074766355138,4.672897196261682,12.383177570093459,82.94392523364486,9.813084112149532,73.13084112149532
E00133744,267,47,17,30,220,22,198,17.60299625468165,6.367041198501873,11.235955056179774,82.39700374531836,8.239700374531834,74.15730337078652
E00133745,313,67,26,41,246,23,223,21.405750798722046,8.30670926517572,13.099041533546327,78.59424920127796,7.348242811501597,71.24600638977637
E00133747,134,22,8,14,112,11,101,16.417910447761194,5.970149253731343,10.44776119402985,83.5820895522388,8.208955223880597,75.3731343283582
E00133748,315,58,19,39,257,25,232,18.412698412698415,6.031746031746032,12.380952380952381,81.58730158730158,7.936507936507936,73.65079365079366
E00133750,313,45,17,28,268,27,241,14.376996805111823,5.431309904153355,8.945686900958465,85.62300319488818,8.626198083067091,76.99680511182109
E00133751,286,55,19,36,231,27,204,19.230769230769234,6.643356643356643,12.587412587412588,80.76923076923077,9.44055944055944,71.32867132867133
E00133752,158,23,5,18,135,15,120,14.556962025316455,3.1645569620253164,11.39240506329114,85.44303797468355,9.49367088607595,75.9493670886076
E00133753,214,51,20,31,163,12,151,23.83177570093458,9.345794392523365,14.485981308411214,76.16822429906543,5.607476635514018,70.56074766355141
E00133754,213,26,8,18,187,16,171,12.206572769953052,3.755868544600939,8.450704225352112,87.79342723004694,7.511737089201878,80.28169014084507
E00133755,173,31,18,13,142,11,131,17.91907514450867,10.404624277456648,7.514450867052023,82.08092485549133,6.358381502890173,75.72254335260115
E00133756,329,70,27,43,259,42,217,21.27659574468085,8.206686930091186,13.069908814589665,78.72340425531915,12.76595744680851,65.95744680851064
E00133757,304,46,20,26,258,35,223,15.131578947368421,6.578947368421052,8.552631578947368,84.86842105263158,11.513157894736842,73.35526315789474
E00133758,156,31,13,18,125,7,118,19.871794871794872,8.333333333333332,11.538461538461538,80.12820512820514,4.487179487179487,75.64102564102564
E00133759,311,49,23,26,262,16,246,15.755627009646304,7.395498392282958,8.360128617363344,84.2443729903537,5.144694533762058,79.09967845659163
E00133760,415,45,18,27,370,41,329,10.843373493975903,4.337349397590361,6.506024096385541,89.1566265060241,9.879518072289157,79.27710843373494
E00133761,470,83,31,52,387,43,344,17.659574468085108,6.595744680851063,11.063829787234042,82.34042553191489,9.148936170212766,73.19148936170212
E00133762,465,66,22,44,399,56,343,14.193548387096774,4.731182795698925,9.46236559139785,85.80645161290322,12.043010752688172,73.76344086021506
E00133763,138,29,10,19,109,15,94,21.014492753623188,7.246376811594203,13.768115942028986,78.98550724637681,10.869565217391305,68.11594202898551
E00133764,447,67,23,44,380,28,352,14.988814317673377,5.1454138702460845,9.843400447427292,85.01118568232661,6.263982102908278,78.74720357941834
E00133765,294,55,17,38,239,30,209,18.70748299319728,5.782312925170068,12.925170068027212,81.29251700680273,10.204081632653061,71.08843537414967
E00133766,346,54,14,40,292,43,249,15.606936416184972,4.046242774566474,11.560693641618498,84.39306358381504,12.427745664739884,71.96531791907515
E00133767,301,33,10,23,268,30,238,10.96345514950166,3.322259136212625,7.641196013289036,89.03654485049833,9.966777408637874,79.06976744186046
E00133769,325,88,40,48,237,33,204,27.076923076923077,12.307692307692308,14.76923076923077,72.92307692307692,10.153846153846153,62.76923076923077
E00133770,328,49,19,30,279,28,251,14.939024390243901,5.7926829268292686,9.146341463414634,85.0609756097561,8.536585365853659,76.52439024390245
E00133772,329,86,40,46,243,23,220,26.13981762917933,12.158054711246201,13.98176291793313,73.86018237082067,6.990881458966565,66.8693009118541
E00133773,336,63,24,39,273,24,249,18.75,7.142857142857142,11.607142857142858,81.25,7.142857142857142,74.10714285714286
E00133774,314,40,8,32,274,29,245,12.738853503184714,2.547770700636943,10.191082802547772,87.26114649681529,9.235668789808917,78.02547770700637
E00133775,323,52,28,24,271,28,243,16.09907120743034,8.6687306501548,7.430340557275541,83.90092879256966,8.6687306501548,75.23219814241486
E00133776,258,41,13,28,217,25,192,15.891472868217054,5.038759689922481,10.852713178294573,84.10852713178295,9.689922480620156,74.4186046511628
E00133777,194,47,20,27,147,19,128,24.22680412371134,10.309278350515463,13.917525773195877,75.77319587628865,9.793814432989691,65.97938144329896
E00133778,345,82,32,50,263,17,246,23.768115942028984,9.27536231884058,14.492753623188406,76.23188405797102,4.9275362318840585,71.30434782608695
E00133779,318,40,15,25,278,44,234,12.578616352201259,4.716981132075472,7.861635220125786,87.42138364779875,13.836477987421384,73.58490566037736
E00133780,307,28,12,16,279,37,242,9.120521172638437,3.908794788273615,5.211726384364821,90.87947882736157,12.052117263843648,78.82736156351791
E00133781,264,62,29,33,202,22,180,23.484848484848484,10.984848484848484,12.5,76.51515151515152,8.333333333333332,68.18181818181817
E00133782,239,43,17,26,196,19,177,17.99163179916318,7.112970711297072,10.87866108786611,82.00836820083683,7.949790794979079,74.05857740585773
E00133783,311,38,12,26,273,30,243,12.218649517684888,3.858520900321544,8.360128617363344,87.78135048231512,9.646302250803858,78.13504823151125
E00133784,282,61,32,29,221,15,206,21.631205673758867,11.347517730496454,10.28368794326241,78.36879432624113,5.319148936170213,73.04964539007092
E00133785,286,35,19,16,251,12,239,12.237762237762238,6.643356643356643,5.594405594405594,87.76223776223776,4.195804195804196,83.56643356643356
E00133786,268,39,16,23,229,18,211,14.55223880597015,5.970149253731343,8.582089552238806,85.44776119402985,6.7164179104477615,78.73134328358209
E00133787,471,57,20,37,414,41,373,12.101910828025478,4.246284501061571,7.855626326963907,87.89808917197452,8.70488322717622,79.19320594479831
E00133788,158,34,15,19,124,15,109,21.518987341772153,9.49367088607595,12.025316455696203,78.48101265822784,9.49367088607595,68.9873417721519
E00133789,376,54,23,31,322,32,290,14.361702127659576,6.117021276595745,8.24468085106383,85.63829787234043,8.51063829787234,77.12765957446808
E00133790,340,47,16,31,293,34,259,13.823529411764707,4.705882352941177,9.117647058823529,86.1764705882353,10,76.17647058823529
E00133791,299,55,21,34,244,26,218,18.394648829431436,7.023411371237458,11.37123745819398,81.60535117056857,8.695652173913043,72.90969899665552
E00133792,251,47,19,28,204,23,181,18.725099601593627,7.569721115537849,11.155378486055776,81.27490039840637,9.163346613545817,72.11155378486056
E00133793,323,42,16,26,281,34,247,13.003095975232199,4.953560371517028,8.04953560371517,86.9969040247678,10.526315789473683,76.47058823529412
E00133794,366,93,42,51,273,29,244,25.40983606557377,11.475409836065573,13.934426229508196,74.59016393442623,7.923497267759563,66.66666666666666
E00133795,335,47,13,34,288,35,253,14.029850746268657,3.880597014925373,10.149253731343283,85.97014925373134,10.44776119402985,75.5223880597015
E00133796,286,61,23,38,225,32,193,21.328671328671327,8.041958041958042,13.286713286713287,78.67132867132867,11.188811188811188,67.48251748251748
E00133797,326,67,28,39,259,29,230,20.552147239263803,8.588957055214724,11.96319018404908,79.4478527607362,8.895705521472392,70.5521472392638
E00133798,274,78,47,31,196,12,184,28.467153284671532,17.153284671532848,11.313868613138686,71.53284671532847,4.37956204379562,67.15328467153284
E00133799,216,50,27,23,166,16,150,23.14814814814815,12.5,10.648148148148149,76.85185185185185,7.4074074074074066,69.44444444444444
E00133800,409,70,22,48,339,54,285,17.114914425427873,5.378973105134474,11.7359413202934,82.88508557457213,13.202933985330073,69.68215158924205
E00133801,484,60,24,36,424,41,383,12.396694214876034,4.958677685950414,7.43801652892562,87.60330578512396,8.47107438016529,79.13223140495867
E00133802,289,46,11,35,243,29,214,15.916955017301039,3.8062283737024223,12.110726643598616,84.08304498269896,10.034602076124568,74.0484429065744
E00133803,285,45,11,34,240,33,207,15.789473684210526,3.8596491228070176,11.929824561403509,84.21052631578947,11.578947368421053,72.63157894736842
E00133804,217,43,23,20,174,19,155,19.81566820276498,10.599078341013826,9.216589861751153,80.18433179723502,8.755760368663594,71.42857142857143
E00133805,436,80,30,50,356,36,320,18.34862385321101,6.8807339449541285,11.46788990825688,81.65137614678899,8.256880733944955,73.39449541284404
E00133806,376,76,30,46,300,29,271,20.212765957446805,7.9787234042553195,12.23404255319149,79.7872340425532,7.712765957446808,72.07446808510637
E00133807,350,49,15,34,301,25,276,14.000000000000002,4.285714285714286,9.714285714285714,86,7.142857142857142,78.85714285714286
E00133808,334,58,15,43,276,32,244,17.365269461077844,4.491017964071856,12.874251497005988,82.63473053892216,9.580838323353294,73.05389221556887
E00133809,226,58,33,25,168,23,145,25.663716814159294,14.601769911504425,11.061946902654867,74.33628318584071,10.176991150442479,64.15929203539822
E00133810,383,68,39,29,315,30,285,17.75456919060052,10.182767624020887,7.5718015665796345,82.24543080939948,7.83289817232376,74.41253263707573
E00133811,335,76,29,47,259,18,241,22.686567164179106,8.656716417910449,14.029850746268657,77.31343283582089,5.3731343283582085,71.94029850746269
E00133812,382,69,24,45,313,44,269,18.06282722513089,6.282722513089005,11.780104712041885,81.93717277486911,11.518324607329843,70.41884816753927
E00133813,323,64,18,46,259,23,236,19.814241486068113,5.572755417956656,14.241486068111456,80.18575851393189,7.120743034055728,73.06501547987617
E00133814,279,44,15,29,235,17,218,15.770609318996415,5.376344086021505,10.39426523297491,84.22939068100358,6.093189964157706,78.13620071684588
E00133815,317,72,33,39,245,29,216,22.71293375394322,10.410094637223976,12.302839116719243,77.28706624605678,9.14826498422713,68.13880126182966
E00133816,305,48,14,34,257,24,233,15.737704918032788,4.590163934426229,11.147540983606557,84.26229508196721,7.868852459016394,76.39344262295083
E00133817,324,76,27,49,248,22,226,23.456790123456788,8.333333333333332,15.123456790123457,76.5432098765432,6.790123456790123,69.75308641975309
E00133818,289,48,19,29,241,28,213,16.608996539792386,6.5743944636678195,10.034602076124568,83.39100346020761,9.688581314878892,73.70242214532871
E00133819,372,60,20,40,312,36,276,16.129032258064516,5.376344086021505,10.75268817204301,83.87096774193549,9.67741935483871,74.19354838709677
E00133820,286,49,18,31,237,17,220,17.132867132867133,6.293706293706294,10.839160839160838,82.86713286713287,5.944055944055944,76.92307692307693
E00133821,308,60,18,42,248,21,227,19.480519480519483,5.844155844155844,13.636363636363635,80.51948051948052,6.8181818181818175,73.7012987012987
E00133822,267,46,15,31,221,26,195,17.228464419475657,5.617977528089887,11.610486891385769,82.77153558052434,9.737827715355806,73.03370786516854
E00133823,261,37,12,25,224,18,206,14.17624521072797,4.597701149425287,9.578544061302683,85.82375478927203,6.896551724137931,78.9272030651341
E00133824,293,60,33,27,233,20,213,20.477815699658702,11.262798634812286,9.215017064846416,79.5221843003413,6.825938566552901,72.6962457337884
E00133825,407,111,71,40,296,30,266,27.27272727272727,17.444717444717444,9.828009828009828,72.72727272727273,7.371007371007371,65.35626535626535
E00133826,258,120,82,38,138,23,115,46.51162790697674,31.782945736434108,14.728682170542637,53.48837209302325,8.914728682170542,44.57364341085272
E00133827,292,35,14,21,257,15,242,11.986301369863012,4.794520547945205,7.191780821917808,88.01369863013699,5.136986301369863,82.87671232876713
E00133828,189,38,14,24,151,14,137,20.105820105820104,7.4074074074074066,12.698412698412698,79.8941798941799,7.4074074074074066,72.4867724867725
E00133829,239,38,17,21,201,22,179,15.899581589958158,7.112970711297072,8.786610878661087,84.10041841004184,9.205020920502092,74.89539748953975
E00133830,240,50,21,29,190,17,173,20.833333333333336,8.75,12.083333333333334,79.16666666666666,7.083333333333333,72.08333333333333
E00133831,309,64,28,36,245,27,218,20.711974110032365,9.06148867313916,11.650485436893204,79.28802588996764,8.737864077669903,70.55016181229773
E00133832,235,42,19,23,193,13,180,17.872340425531917,8.085106382978724,9.787234042553191,82.12765957446808,5.531914893617021,76.59574468085107
E00133833,346,66,17,49,280,18,262,19.07514450867052,4.913294797687861,14.16184971098266,80.92485549132948,5.202312138728324,75.72254335260115
E00133834,294,45,21,24,249,18,231,15.306122448979592,7.142857142857142,8.16326530612245,84.6938775510204,6.122448979591836,78.57142857142857
E00133835,392,76,37,39,316,30,286,19.387755102040817,9.438775510204081,9.948979591836734,80.61224489795919,7.653061224489796,72.95918367346938
E00133836,364,69,30,39,295,25,270,18.956043956043956,8.241758241758241,10.714285714285714,81.04395604395604,6.868131868131869,74.17582417582418
E00133837,256,37,11,26,219,24,195,14.453125,4.296875,10.15625,85.546875,9.375,76.171875
E00133838,371,48,17,31,323,36,287,12.93800539083558,4.5822102425876015,8.355795148247978,87.06199460916442,9.703504043126685,77.35849056603774
E00133839,215,39,17,22,176,19,157,18.13953488372093,7.906976744186046,10.232558139534884,81.86046511627907,8.837209302325581,73.0232558139535
E00133840,231,47,21,26,184,16,168,20.346320346320347,9.090909090909092,11.255411255411255,79.65367965367966,6.926406926406926,72.72727272727273
E00133841,270,58,20,38,212,16,196,21.48148148148148,7.4074074074074066,14.074074074074074,78.51851851851852,5.9259259259259265,72.5925925925926
E00133842,355,42,10,32,313,23,290,11.830985915492958,2.8169014084507045,9.014084507042254,88.16901408450704,6.478873239436619,81.69014084507043
E00133843,257,60,22,38,197,22,175,23.346303501945524,8.560311284046692,14.785992217898833,76.65369649805449,8.560311284046692,68.09338521400778
E00133844,329,44,16,28,285,19,266,13.37386018237082,4.86322188449848,8.51063829787234,86.62613981762918,5.775075987841945,80.85106382978722
E00133845,215,28,12,16,187,25,162,13.023255813953488,5.5813953488372094,7.441860465116279,86.9767441860465,11.627906976744185,75.34883720930232
E00133846,230,31,8,23,199,22,177,13.478260869565217,3.4782608695652173,10,86.52173913043478,9.565217391304348,76.95652173913044
E00133847,184,69,34,35,115,16,99,37.5,18.478260869565215,19.021739130434785,62.5,8.695652173913043,53.80434782608695
E00133848,235,43,10,33,192,18,174,18.29787234042553,4.25531914893617,14.042553191489363,81.70212765957446,7.659574468085106,74.04255319148936
E00133849,391,56,18,38,335,38,297,14.322250639386189,4.603580562659847,9.718670076726342,85.6777493606138,9.718670076726342,75.95907928388746
E00133850,193,36,11,25,157,15,142,18.65284974093264,5.699481865284974,12.953367875647666,81.34715025906736,7.772020725388601,73.57512953367875
E00133851,267,47,19,28,220,25,195,17.60299625468165,7.116104868913857,10.486891385767791,82.39700374531836,9.363295880149813,73.03370786516854
E00133852,315,60,26,34,255,25,230,19.047619047619047,8.253968253968253,10.793650793650794,80.95238095238095,7.936507936507936,73.01587301587301
E00133853,266,62,28,34,204,21,183,23.308270676691727,10.526315789473683,12.781954887218044,76.69172932330827,7.894736842105263,68.796992481203
E00133854,215,58,25,33,157,25,132,26.976744186046513,11.627906976744185,15.348837209302326,73.0232558139535,11.627906976744185,61.395348837209305
E00133855,455,83,49,34,372,36,336,18.24175824175824,10.76923076923077,7.472527472527473,81.75824175824175,7.9120879120879115,73.84615384615385
E00133856,232,44,18,26,188,22,166,18.96551724137931,7.758620689655173,11.206896551724139,81.03448275862068,9.482758620689655,71.55172413793103
E00133857,205,45,15,30,160,19,141,21.951219512195124,7.317073170731707,14.634146341463413,78.04878048780488,9.268292682926829,68.78048780487805
E00133858,222,54,27,27,168,29,139,24.324324324324326,12.162162162162163,12.162162162162163,75.67567567567568,13.063063063063062,62.612612612612615
E00133859,313,55,24,31,258,33,225,17.57188498402556,7.667731629392971,9.904153354632587,82.42811501597444,10.543130990415335,71.8849840255591
E00133860,195,48,24,24,147,15,132,24.615384615384617,12.307692307692308,12.307692307692308,75.38461538461539,7.6923076923076925,67.6923076923077
E00133861,241,77,34,43,164,17,147,31.950207468879665,14.107883817427386,17.842323651452283,68.04979253112033,7.053941908713693,60.99585062240664
E00133862,284,52,20,32,232,29,203,18.30985915492958,7.042253521126761,11.267605633802818,81.69014084507043,10.211267605633804,71.47887323943662
E00133863,242,70,34,36,172,24,148,28.92561983471074,14.049586776859504,14.87603305785124,71.07438016528926,9.917355371900827,61.15702479338842
E00133864,508,77,25,52,431,48,383,15.157480314960631,4.921259842519685,10.236220472440944,84.84251968503938,9.448818897637794,75.39370078740157
E00133865,270,49,14,35,221,22,199,18.14814814814815,5.185185185185185,12.962962962962962,81.85185185185185,8.148148148148149,73.70370370370371
E00133866,154,45,24,21,109,12,97,29.22077922077922,15.584415584415584,13.636363636363635,70.77922077922078,7.792207792207792,62.98701298701299
E00133867,228,47,21,26,181,18,163,20.614035087719298,9.210526315789473,11.403508771929824,79.3859649122807,7.894736842105263,71.49122807017544
E00133868,254,76,33,43,178,17,161,29.92125984251969,12.992125984251967,16.92913385826772,70.07874015748031,6.692913385826772,63.38582677165354
E00133869,276,26,5,21,250,25,225,9.420289855072465,1.8115942028985508,7.608695652173914,90.57971014492753,9.057971014492754,81.52173913043478
E00133870,275,42,12,30,233,24,209,15.272727272727273,4.363636363636364,10.909090909090908,84.72727272727273,8.727272727272728,76
E00133871,270,45,13,32,225,25,200,16.666666666666664,4.814814814814815,11.851851851851853,83.33333333333334,9.25925925925926,74.07407407407408
E00133872,256,37,10,27,219,32,187,14.453125,3.90625,10.546875,85.546875,12.5,73.046875
E00133873,321,65,21,44,256,28,228,20.24922118380062,6.5420560747663545,13.707165109034266,79.75077881619937,8.722741433021806,71.02803738317756
E00133874,390,46,10,36,344,37,307,11.794871794871794,2.564102564102564,9.230769230769232,88.2051282051282,9.487179487179487,78.71794871794872
E00133875,389,59,15,44,330,40,290,15.167095115681233,3.8560411311053984,11.311053984575835,84.83290488431876,10.282776349614396,74.55012853470437
E00133876,496,74,27,47,422,33,389,14.919354838709678,5.443548387096774,9.475806451612904,85.08064516129032,6.653225806451612,78.42741935483872
E00133877,334,63,28,35,271,28,243,18.862275449101794,8.383233532934131,10.479041916167663,81.1377245508982,8.383233532934131,72.75449101796407
E00133878,221,50,21,29,171,21,150,22.624434389140273,9.502262443438914,13.122171945701359,77.37556561085974,9.502262443438914,67.87330316742081
E00133879,359,64,25,39,295,21,274,17.827298050139277,6.963788300835655,10.86350974930362,82.17270194986072,5.8495821727019495,76.32311977715878
E00133880,324,36,11,25,288,37,251,11.11111111111111,3.3950617283950617,7.716049382716049,88.88888888888889,11.419753086419753,77.46913580246914
E00133881,279,31,12,19,248,30,218,11.11111111111111,4.301075268817205,6.810035842293908,88.88888888888889,10.75268817204301,78.13620071684588
E00133882,273,34,11,23,239,18,221,12.454212454212454,4.029304029304029,8.424908424908425,87.54578754578755,6.593406593406594,80.95238095238095
E00133883,262,22,11,11,240,12,228,8.396946564885496,4.198473282442748,4.198473282442748,91.6030534351145,4.580152671755725,87.02290076335878
E00133884,281,29,7,22,252,36,216,10.320284697508896,2.491103202846975,7.829181494661921,89.6797153024911,12.811387900355871,76.86832740213522
E00133885,241,35,7,28,206,25,181,14.522821576763487,2.904564315352697,11.618257261410788,85.47717842323651,10.37344398340249,75.10373443983403
E00133886,305,38,9,29,267,29,238,12.459016393442624,2.9508196721311477,9.508196721311474,87.54098360655738,9.508196721311474,78.0327868852459
E00133887,287,34,9,25,253,21,232,11.846689895470384,3.1358885017421603,8.710801393728223,88.15331010452961,7.317073170731707,80.8362369337979
E00133888,267,46,16,30,221,24,197,17.228464419475657,5.992509363295881,11.235955056179774,82.77153558052434,8.98876404494382,73.78277153558052
E00133889,224,24,7,17,200,19,181,10.714285714285714,3.125,7.5892857142857135,89.28571428571429,8.482142857142858,80.80357142857143
E00133890,310,48,22,26,262,24,238,15.483870967741936,7.096774193548387,8.38709677419355,84.51612903225806,7.741935483870968,76.77419354838709
E00133891,247,40,15,25,207,17,190,16.194331983805668,6.0728744939271255,10.121457489878543,83.80566801619433,6.882591093117409,76.92307692307693
E00133892,278,49,18,31,229,23,206,17.62589928057554,6.474820143884892,11.151079136690647,82.37410071942446,8.273381294964029,74.10071942446042
E00133893,362,40,12,28,322,18,304,11.049723756906078,3.314917127071823,7.734806629834254,88.95027624309392,4.972375690607735,83.97790055248619
E00133894,262,31,7,24,231,23,208,11.83206106870229,2.6717557251908395,9.16030534351145,88.16793893129771,8.778625954198473,79.38931297709924
E00133895,304,45,16,29,259,32,227,14.802631578947366,5.263157894736842,9.539473684210527,85.19736842105263,10.526315789473683,74.67105263157895
E00133896,328,27,9,18,301,26,275,8.231707317073171,2.7439024390243905,5.487804878048781,91.76829268292683,7.926829268292683,83.84146341463415
E00133898,333,38,12,26,295,27,268,11.411411411411411,3.6036036036036037,7.807807807807808,88.58858858858859,8.108108108108109,80.48048048048048
E00133900,277,65,26,39,212,18,194,23.465703971119133,9.386281588447654,14.079422382671481,76.53429602888086,6.4981949458483745,70.03610108303249
E00133901,376,53,19,34,323,34,289,14.095744680851062,5.053191489361701,9.042553191489363,85.90425531914893,9.042553191489363,76.86170212765957
E00133902,284,73,27,46,211,26,185,25.704225352112676,9.507042253521126,16.19718309859155,74.29577464788733,9.15492957746479,65.14084507042254
E00133903,333,51,20,31,282,28,254,15.315315315315313,6.006006006006006,9.30930930930931,84.68468468468468,8.408408408408409,76.27627627627628
E00133904,308,38,15,23,270,30,240,12.337662337662337,4.870129870129871,7.467532467532467,87.66233766233766,9.740259740259742,77.92207792207793
E00133905,298,41,15,26,257,35,222,13.758389261744966,5.033557046979865,8.724832214765101,86.24161073825503,11.74496644295302,74.49664429530202
E00133906,261,55,15,40,206,19,187,21.0727969348659,5.747126436781609,15.32567049808429,78.9272030651341,7.2796934865900385,71.64750957854406
E00133907,259,65,31,34,194,24,170,25.096525096525095,11.96911196911197,13.127413127413126,74.9034749034749,9.266409266409266,65.63706563706563
E00133908,458,85,31,54,373,38,335,18.5589519650655,6.768558951965066,11.790393013100436,81.4410480349345,8.296943231441048,73.14410480349345
E00133909,366,84,37,47,282,28,254,22.950819672131146,10.10928961748634,12.841530054644808,77.04918032786885,7.650273224043716,69.39890710382514
E00133910,304,76,33,43,228,20,208,25,10.855263157894738,14.144736842105262,75,6.578947368421052,68.42105263157895
E00133911,319,53,18,35,266,37,229,16.614420062695924,5.6426332288401255,10.9717868338558,83.38557993730407,11.598746081504702,71.78683385579937
E00133912,461,110,41,69,351,28,323,23.861171366594363,8.893709327548807,14.967462039045554,76.13882863340564,6.073752711496746,70.06507592190889
E00133913,472,91,36,55,381,42,339,19.279661016949152,7.627118644067797,11.652542372881355,80.72033898305084,8.898305084745763,71.82203389830508
E00133914,494,67,26,41,427,45,382,13.562753036437247,5.263157894736842,8.299595141700406,86.43724696356276,9.109311740890687,77.32793522267207
E00133915,343,52,25,27,291,40,251,15.160349854227405,7.288629737609329,7.871720116618077,84.8396501457726,11.661807580174926,73.17784256559767
E00133916,308,48,24,24,260,30,230,15.584415584415584,7.792207792207792,7.792207792207792,84.4155844155844,9.740259740259742,74.67532467532467
E00133917,430,80,35,45,350,43,307,18.6046511627907,8.13953488372093,10.465116279069768,81.3953488372093,10,71.3953488372093
E00133918,330,36,14,22,294,25,269,10.909090909090908,4.242424242424243,6.666666666666667,89.0909090909091,7.575757575757576,81.51515151515152
E00133919,392,41,14,27,351,36,315,10.459183673469388,3.571428571428571,6.887755102040815,89.54081632653062,9.183673469387756,80.35714285714286
E00133920,397,44,19,25,353,31,322,11.083123425692696,4.785894206549118,6.297229219143577,88.9168765743073,7.8085642317380355,81.10831234256926
E00133921,311,49,14,35,262,26,236,15.755627009646304,4.501607717041801,11.254019292604502,84.2443729903537,8.360128617363344,75.88424437299035
E00133922,291,46,7,39,245,30,215,15.807560137457044,2.405498281786942,13.402061855670103,84.19243986254295,10.309278350515463,73.8831615120275
E00133923,290,67,29,38,223,27,196,23.103448275862068,10,13.10344827586207,76.89655172413794,9.310344827586208,67.58620689655173
E00133924,471,99,38,61,372,41,331,21.019108280254777,8.067940552016985,12.951167728237792,78.98089171974523,8.70488322717622,70.27600849256899
E00133927,228,28,5,23,200,14,186,12.280701754385964,2.1929824561403506,10.087719298245613,87.71929824561403,6.140350877192982,81.57894736842105
E00133928,276,44,18,26,232,28,204,15.942028985507244,6.521739130434782,9.420289855072465,84.05797101449275,10.144927536231885,73.91304347826086
E00133929,293,94,39,55,199,27,172,32.081911262798634,13.310580204778159,18.771331058020476,67.91808873720136,9.215017064846416,58.703071672354945
E00133930,338,73,23,50,265,25,240,21.597633136094675,6.8047337278106506,14.792899408284024,78.40236686390533,7.396449704142012,71.00591715976331
E00133931,246,43,15,28,203,30,173,17.479674796747968,6.097560975609756,11.38211382113821,82.52032520325203,12.195121951219512,70.32520325203252
E00133932,561,87,31,56,474,50,424,15.508021390374333,5.525846702317291,9.982174688057041,84.49197860962568,8.9126559714795,75.57932263814617
E00133933,184,35,17,18,149,11,138,19.021739130434785,9.239130434782608,9.782608695652174,80.97826086956522,5.978260869565218,75
E00133934,350,59,28,31,291,47,244,16.857142857142858,8,8.857142857142856,83.14285714285714,13.428571428571429,69.71428571428572
E00133935,329,50,10,40,279,40,239,15.19756838905775,3.0395136778115504,12.158054711246201,84.80243161094225,12.158054711246201,72.64437689969606
E00169396,262,30,6,24,232,14,218,11.450381679389313,2.2900763358778624,9.16030534351145,88.54961832061069,5.343511450381679,83.20610687022901
E00169397,209,22,6,16,187,14,173,10.526315789473683,2.8708133971291865,7.655502392344498,89.47368421052632,6.698564593301436,82.77511961722487
E00169398,308,38,13,25,270,25,245,12.337662337662337,4.220779220779221,8.116883116883116,87.66233766233766,8.116883116883116,79.54545454545455
E00169399,317,38,10,28,279,24,255,11.987381703470032,3.1545741324921135,8.832807570977918,88.01261829652996,7.570977917981073,80.4416403785489
E00169400,479,42,10,32,437,35,402,8.768267223382047,2.0876826722338206,6.6805845511482245,91.23173277661796,7.306889352818372,83.92484342379957
E00169401,320,51,15,36,269,31,238,15.937499999999998,4.6875,11.25,84.0625,9.6875,74.375
E00169402,341,43,13,30,298,36,262,12.609970674486803,3.812316715542522,8.797653958944283,87.3900293255132,10.557184750733137,76.83284457478005
E00169403,351,101,73,28,250,29,221,28.774928774928775,20.7977207977208,7.977207977207977,71.22507122507122,8.262108262108262,62.96296296296296
E00169404,305,25,13,12,280,18,262,8.19672131147541,4.2622950819672125,3.934426229508197,91.80327868852459,5.901639344262295,85.90163934426229
E00169406,299,47,18,29,252,23,229,15.719063545150503,6.0200668896321075,9.698996655518394,84.2809364548495,7.6923076923076925,76.58862876254182
E00169407,506,55,21,34,451,42,409,10.869565217391305,4.150197628458498,6.719367588932807,89.13043478260869,8.300395256916996,80.8300395256917
E00169408,389,47,13,34,342,35,307,12.082262210796916,3.3419023136246784,8.740359897172237,87.91773778920309,8.997429305912597,78.9203084832905
E00169409,310,51,14,37,259,25,234,16.451612903225808,4.516129032258064,11.935483870967742,83.54838709677419,8.064516129032258,75.48387096774194
E00169410,431,53,18,35,378,46,332,12.296983758700696,4.176334106728538,8.120649651972158,87.70301624129931,10.672853828306264,77.03016241299304
E00169411,282,31,7,24,251,20,231,10.99290780141844,2.4822695035460995,8.51063829787234,89.00709219858156,7.092198581560284,81.91489361702128
E00169412,169,28,14,14,141,11,130,16.56804733727811,8.284023668639055,8.284023668639055,83.4319526627219,6.508875739644971,76.92307692307693
E00169413,265,34,11,23,231,13,218,12.830188679245284,4.150943396226415,8.679245283018867,87.16981132075472,4.905660377358491,82.26415094339623
E00169414,290,96,61,35,194,21,173,33.10344827586207,21.03448275862069,12.068965517241379,66.89655172413794,7.241379310344828,59.6551724137931
E00169415,363,42,17,25,321,22,299,11.570247933884298,4.683195592286501,6.887052341597796,88.42975206611571,6.0606060606060606,82.36914600550963
E00169416,233,31,7,24,202,18,184,13.304721030042918,3.004291845493562,10.300429184549357,86.69527896995707,7.725321888412018,78.96995708154506
E00169417,342,66,30,36,276,29,247,19.298245614035086,8.771929824561402,10.526315789473683,80.7017543859649,8.47953216374269,72.22222222222221
E00169418,348,44,12,32,304,33,271,12.643678160919542,3.4482758620689653,9.195402298850574,87.356321839080465,9.482758620689655,77.87356321839081
E00169419,309,35,13,22,274,32,242,11.326860841423949,4.207119741100324,7.119741100323624,88.67313915857605,10.355987055016183,78.31715210355988
E00169421,387,53,16,37,334,31,303,13.695090439276486,4.1343669250646,9.560723514211885,86.30490956072352,8.010335917312661,78.29457364341084
E00169422,389,72,24,48,317,27,290,18.50899742930591,6.169665809768637,12.339331619537274,81.49100257069408,6.940874035989718,74.55012853470437
E00169423,216,42,19,23,174,20,154,19.444444444444446,8.796296296296296,10.648148148148149,80.55555555555556,9.25925925925926,71.29629629629629
E00185270,161,55,32,23,106,6,100,34.161490683229815,19.875776397515526,14.285714285714285,65.83850931677019,3.7267080745341614,62.11180124223602
E00185278,470,58,18,40,412,34,378,12.340425531914894,3.829787234042553,8.51063829787234,87.65957446808511,7.234042553191489,80.42553191489363
E00185280,155,22,6,16,133,18,115,14.193548387096774,3.870967741935484,10.32258064516129,85.80645161290322,11.612903225806452,74.19354838709677
E00185282,283,26,6,20,257,22,235,9.187279151943462,2.1201413427561837,7.06713780918728,90.81272084805654,7.773851590106007,83.03886925795054
E00185288,391,23,6,17,368,29,339,5.88235294117647,1.5345268542199488,4.3478260869565215,94.11764705882352,7.41687979539642,86.70076726342711
E00185290,234,17,3,14,217,15,202,7.264957264957266,1.282051282051282,5.982905982905983,92.73504273504274,6.41025641025641,86.32478632478633
E00185294,263,34,14,20,229,29,200,12.927756653992395,5.323193916349809,7.604562737642586,87.07224334600761,11.02661596958175,76.04562737642586
E00185305,128,10,2,8,118,6,112,7.8125,1.5625,6.25,92.1875,4.6875,87.5
E00185306,321,30,12,18,291,20,271,9.345794392523365,3.7383177570093453,5.607476635514018,90.65420560747664,6.230529595015576,84.42367601246106
E00185307,454,115,59,56,339,34,305,25.33039647577093,12.995594713656388,12.334801762114537,74.66960352422907,7.488986784140969,67.18061674008811
E00185308,540,34,10,24,506,46,460,6.296296296296296,1.8518518518518516,4.444444444444445,93.7037037037037,8.518518518518519,85.18518518518519
E00185310,108,41,21,20,67,6,61,37.96296296296296,19.444444444444446,18.51851851851852,62.03703703703704,5.555555555555555,56.481481481481474
E00185313,252,43,15,28,209,20,189,17.063492063492063,5.952380952380952,11.11111111111111,82.93650793650794,7.936507936507936,75
E00185315,295,70,33,37,225,16,209,23.728813559322035,11.186440677966102,12.54237288135593,76.27118644067797,5.423728813559322,70.84745762711864
E00185316,321,72,24,48,249,20,229,22.429906542056074,7.476635514018691,14.953271028037381,77.57009345794393,6.230529595015576,71.33956386292834
E00185333,429,38,15,23,391,41,350,8.857808857808857,3.4965034965034967,5.361305361305361,91.14219114219114,9.557109557109557,81.58508158508158
E00185336,428,27,5,22,401,18,383,6.308411214953271,1.1682242990654206,5.14018691588785,93.69158878504673,4.205607476635514,89.48598130841121
E00185338,306,55,18,37,251,15,236,17.973856209150327,5.88235294117647,12.091503267973856,82.02614379084967,4.901960784313726,77.12418300653596
E00185339,104,14,0,14,90,10,80,13.461538461538462,0,13.461538461538462,86.53846153846155,9.615384615384617,76.92307692307693
E00185346,301,49,17,32,252,19,233,16.27906976744186,5.647840531561462,10.631229235880399,83.72093023255815,6.312292358803987,77.40863787375415
E00185347,285,76,23,53,209,25,184,26.666666666666668,8.070175438596491,18.596491228070175,73.33333333333333,8.771929824561402,64.56140350877193
E00185348,224,18,0,18,206,19,187,8.035714285714286,0,8.035714285714286,91.96428571428571,8.482142857142858,83.48214285714286
E00185360,366,83,42,41,283,21,262,22.6775956284153,11.475409836065573,11.202185792349727,77.3224043715847,5.737704918032787,71.58469945355192
E00185364,467,66,23,43,401,29,372,14.132762312633835,4.925053533190578,9.207708779443255,85.86723768736617,6.209850107066381,79.65738758029978
E00185365,163,32,12,20,131,10,121,19.631901840490798,7.361963190184049,12.269938650306749,80.3680981595092,6.134969325153374,74.23312883435584
E00185366,279,32,13,19,247,25,222,11.469534050179211,4.659498207885305,6.810035842293908,88.5304659498208,8.960573476702509,79.56989247311827
E00185368,561,35,12,23,526,42,484,6.23885918003565,2.13903743315508,4.09982174688057,93.76114081996435,7.4866310160427805,86.27450980392157
E00185374,147,22,8,14,125,14,111,14.965986394557824,5.442176870748299,9.523809523809524,85.03401360544217,9.523809523809524,75.51020408163265
E00185386,395,46,17,29,349,31,318,11.645569620253164,4.30379746835443,7.341772151898734,88.35443037974684,7.848101265822785,80.50632911392405
E00185398,106,13,6,7,93,6,87,12.264150943396226,5.660377358490567,6.60377358490566,87.73584905660378,5.660377358490567,82.0754716981132
E00185404,120,15,8,7,105,6,99,12.5,6.666666666666667,5.833333333333333,87.5,5,82.5
E00185406,466,50,9,41,416,26,390,10.72961373390558,1.9313304721030045,8.798283261802576,89.27038626609442,5.579399141630901,83.69098712446352
E00185410,348,33,9,24,315,26,289,9.482758620689655,2.586206896551724,6.896551724137931,90.51724137931035,7.471264367816093,83.04597701149426
E00185412,350,65,29,36,285,16,269,18.571428571428573,8.285714285714285,10.285714285714285,81.42857142857143,4.571428571428571,76.85714285714286
E00185417,169,51,17,34,118,8,110,30.17751479289941,10.059171597633137,20.118343195266274,69.8224852071006,4.733727810650888,65.08875739644971
E00185437,511,78,35,43,433,45,388,15.264187866927593,6.8493150684931505,8.414872798434441,84.73581213307241,8.806262230919765,75.92954990215264
E00185439,204,86,37,49,118,17,101,42.15686274509804,18.137254901960784,24.019607843137255,57.84313725490197,8.333333333333332,49.50980392156863
E00185446,154,27,12,15,127,12,115,17.532467532467532,7.792207792207792,9.740259740259742,82.46753246753246,7.792207792207792,74.67532467532467
E00185450,513,95,55,40,418,32,386,18.51851851851852,10.721247563352826,7.797270955165692,81.48148148148148,6.237816764132553,75.24366471734892
E00185451,391,36,13,23,355,32,323,9.207161125319693,3.324808184143223,5.88235294117647,90.7928388746803,8.184143222506394,82.6086956521739
E00185453,293,38,13,25,255,15,240,12.969283276450511,4.436860068259386,8.532423208191126,87.03071672354949,5.1194539249146755,81.91126279863481
E00185458,483,51,19,32,432,34,398,10.559006211180124,3.9337474120082816,6.625258799171843,89.44099378881988,7.039337474120083,82.40165631469979
E00185459,422,52,26,26,370,29,341,12.322274881516588,6.161137440758294,6.161137440758294,87.67772511848341,6.872037914691943,80.80568720379146
E00185460,652,167,75,92,485,66,419,25.61349693251534,11.503067484662576,14.11042944785276,74.38650306748467,10.122699386503067,64.2638036809816
E00185461,254,27,5,22,227,21,206,10.62992125984252,1.968503937007874,8.661417322834646,89.37007874015748,8.267716535433072,81.10236220472441
