OA,ts0590001,ts0590002,ts0590003,ts0590004,ts0590005,ts0590006,ts0590007,ts0590002_PCT,ts0590003_PCT,ts0590004_PCT,ts0590005_PCT,ts0590006_PCT,ts0590007_PCT
W00008328,83,28,10,18,55,49,6,33.734939759036145,12.048192771084338,21.686746987951807,66.26506024096386,59.036144578313255,7.228915662650602
W00008329,207,57,10,47,150,132,18,27.536231884057973,4.830917874396135,22.705314009661837,72.46376811594203,63.76811594202898,8.695652173913043
W00008330,99,31,7,24,68,62,6,31.313131313131315,7.07070707070707,24.242424242424242,68.68686868686868,62.62626262626263,6.0606060606060606
W00008331,82,19,4,15,63,53,10,23.170731707317074,4.878048780487805,18.29268292682927,76.82926829268293,64.63414634146342,12.195121951219512
W00008332,124,44,17,27,80,74,6,35.483870967741936,13.709677419354838,21.774193548387096,64.51612903225806,59.67741935483871,4.838709677419355
W00008333,143,31,7,24,112,98,14,21.678321678321677,4.895104895104895,16.783216783216783,78.32167832167832,68.53146853146853,9.79020979020979
W00008334,68,20,3,17,48,44,4,29.411764705882355,4.411764705882353,25,70.58823529411765,64.70588235294117,5.88235294117647
W00008335,137,38,16,22,99,84,15,27.73722627737226,11.678832116788321,16.05839416058394,72.26277372262774,61.31386861313869,10.948905109489052
W00008336,193,62,21,41,131,118,13,32.12435233160622,10.880829015544041,21.243523316062177,67.87564766839378,61.13989637305699,6.7357512953367875
W00008337,151,35,8,27,116,89,27,23.178807947019866,5.298013245033113,17.880794701986755,76.82119205298014,58.94039735099338,17.880794701986755
W00008338,152,41,12,29,111,98,13,26.973684210526315,7.894736842105263,19.078947368421055,73.02631578947368,64.47368421052632,8.552631578947368
W00008339,136,37,12,25,99,84,15,27.205882352941174,8.823529411764707,18.38235294117647,72.79411764705883,61.76470588235294,11.029411764705882
W00008340,105,33,7,26,72,60,12,31.428571428571427,6.666666666666667,24.761904761904763,68.57142857142857,57.14285714285714,11.428571428571429
W00008341,113,40,12,28,73,66,7,35.39823008849557,10.619469026548673,24.778761061946902,64.60176991150442,58.4070796460177,6.1946902654867255
W00008342,143,32,16,16,111,89,22,22.377622377622377,11.188811188811188,11.188811188811188,77.62237762237763,62.23776223776224,15.384615384615385
W00008343,145,47,18,29,98,88,10,32.41379310344827,12.413793103448276,20,67.58620689655173,60.689655172413794,6.896551724137931
W00008344,156,35,11,24,121,103,18,22.435897435897438,7.051282051282051,15.384615384615385,77.56410256410257,66.02564102564102,11.538461538461538
W00008345,145,42,13,29,103,94,9,28.965517241379313,8.96551724137931,20,71.03448275862068,64.82758620689654,6.206896551724138
W00008346,277,63,11,52,214,179,35,22.743682310469314,3.9711191335740073,18.772563176895307,77.25631768953069,64.62093862815884,12.63537906137184
W00008347,110,32,10,22,78,71,7,29.09090909090909,9.090909090909092,20,70.9090909090909,64.54545454545455,6.363636363636363
W00008348,190,35,7,28,155,127,28,18.421052631578945,3.684210526315789,14.736842105263156,81.57894736842105,66.84210526315789,14.736842105263156
W00008349,247,49,14,35,198,174,24,19.838056680161944,5.668016194331984,14.17004048582996,80.16194331983806,70.44534412955466,9.7165991902834
W00008350,199,52,13,39,147,115,32,26.13065326633166,6.532663316582915,19.597989949748744,73.86934673366834,57.78894472361809,16.08040201005025
W00008351,95,17,3,14,78,68,10,17.894736842105264,3.1578947368421053,14.736842105263156,82.10526315789474,71.57894736842105,10.526315789473683
W00008352,210,46,21,25,164,129,35,21.904761904761905,10,11.904761904761903,78.0952380952381,61.42857142857143,16.666666666666664
W00008353,122,33,13,20,89,73,16,27.049180327868854,10.655737704918032,16.39344262295082,72.95081967213115,59.83606557377049,13.114754098360656
W00008354,172,43,17,26,129,111,18,25,9.883720930232558,15.11627906976744,75,64.53488372093024,10.465116279069768
W00008355,157,45,16,29,112,99,13,28.662420382165603,10.191082802547772,18.471337579617835,71.3375796178344,63.05732484076433,8.280254777070063
W00008356,152,40,15,25,112,88,24,26.31578947368421,9.868421052631579,16.447368421052634,73.68421052631578,57.89473684210527,15.789473684210526
W00008357,155,59,18,41,96,82,14,38.064516129032256,11.612903225806452,26.451612903225808,61.935483870967744,52.903225806451616,9.032258064516128
W00008358,160,32,11,21,128,115,13,20,6.875000000000001,13.125,80,71.875,8.125
W00008359,115,28,8,20,87,81,6,24.347826086956523,6.956521739130435,17.391304347826086,75.65217391304347,70.43478260869566,5.217391304347826
W00008360,113,31,8,23,82,68,14,27.43362831858407,7.079646017699115,20.353982300884958,72.56637168141593,60.17699115044248,12.389380530973451
W00008361,177,59,15,44,118,100,18,33.33333333333333,8.47457627118644,24.858757062146893,66.66666666666666,56.49717514124294,10.16949152542373
W00008362,150,41,6,35,109,95,14,27.333333333333332,4,23.333333333333332,72.66666666666667,63.33333333333333,9.333333333333334
W00008363,205,60,9,51,145,129,16,29.268292682926827,4.390243902439024,24.878048780487806,70.73170731707317,62.926829268292686,7.804878048780488
W00008364,163,44,10,34,119,101,18,26.993865030674847,6.134969325153374,20.858895705521473,73.00613496932516,61.963190184049076,11.042944785276074
W00008365,172,64,17,47,108,98,10,37.2093023255814,9.883720930232558,27.325581395348834,62.7906976744186,56.97674418604651,5.813953488372093
W00008366,135,46,6,40,89,75,14,34.074074074074076,4.444444444444445,29.629629629629626,65.92592592592592,55.55555555555556,10.37037037037037
W00008367,111,36,10,26,75,69,6,32.432432432432435,9.00900900900901,23.423423423423422,67.56756756756756,62.16216216216216,5.405405405405405
W00008368,173,51,14,37,122,118,4,29.47976878612717,8.092485549132949,21.38728323699422,70.52023121387283,68.20809248554913,2.312138728323699
W00008369,107,35,4,31,72,65,7,32.71028037383177,3.7383177570093453,28.971962616822427,67.28971962616822,60.747663551401864,6.5420560747663545
W00008370,148,49,12,37,99,91,8,33.108108108108105,8.108108108108109,25,66.8918918918919,61.48648648648649,5.405405405405405
W00008371,122,49,16,33,73,68,5,40.16393442622951,13.114754098360656,27.049180327868854,59.83606557377049,55.73770491803278,4.098360655737705
W00008372,169,59,23,36,110,95,15,34.9112426035503,13.609467455621301,21.301775147928996,65.08875739644971,56.213017751479285,8.875739644970414
W00008373,145,53,12,41,92,80,12,36.55172413793103,8.275862068965518,28.27586206896552,63.44827586206897,55.172413793103445,8.275862068965518
W00008374,105,35,10,25,70,62,8,33.33333333333333,9.523809523809524,23.809523809523807,66.66666666666666,59.04761904761905,7.6190476190476195
W00008375,156,41,4,37,115,104,11,26.282051282051285,2.564102564102564,23.717948717948715,73.71794871794873,66.66666666666666,7.051282051282051
W00008376,145,52,11,41,93,85,8,35.86206896551724,7.586206896551724,28.27586206896552,64.13793103448275,58.620689655172406,5.517241379310345
W00008377,121,35,8,27,86,77,9,28.92561983471074,6.6115702479338845,22.31404958677686,71.07438016528926,63.63636363636363,7.43801652892562
W00008378,136,51,15,36,85,84,1,37.5,11.029411764705882,26.47058823529412,62.5,61.76470588235294,0.7352941176470588
W00008379,170,53,16,37,117,101,16,31.176470588235293,9.411764705882353,21.764705882352942,68.82352941176471,59.411764705882355,9.411764705882353
W00008380,158,43,11,32,115,97,18,27.21518987341772,6.962025316455696,20.253164556962027,72.78481012658227,61.39240506329114,11.39240506329114
W00008381,160,40,9,31,120,112,8,25,5.625,19.375,75,70,5
W00008382,152,59,13,46,93,76,17,38.81578947368421,8.552631578947368,30.263157894736842,61.18421052631579,50,11.18421052631579
W00008383,135,44,13,31,91,84,7,32.592592592592595,9.62962962962963,22.962962962962962,67.4074074074074,62.22222222222222,5.185185185185185
W00008384,147,39,13,26,108,93,15,26.53061224489796,8.843537414965986,17.687074829931973,73.46938775510205,63.26530612244898,10.204081632653061
W00008385,72,22,6,16,50,43,7,30.555555555555557,8.333333333333332,22.22222222222222,69.44444444444444,59.72222222222222,9.722222222222223
W00008386,112,37,7,30,75,66,9,33.035714285714285,6.25,26.785714285714285,66.96428571428571,58.92857142857143,8.035714285714286
W00008387,109,44,9,35,65,58,7,40.36697247706422,8.256880733944955,32.11009174311927,59.63302752293578,53.21100917431193,6.422018348623854
W00008388,141,39,6,33,102,93,9,27.659574468085108,4.25531914893617,23.404255319148938,72.3404255319149,65.95744680851064,6.382978723404255
W00008389,67,23,6,17,44,37,7,34.32835820895522,8.955223880597014,25.37313432835821,65.67164179104478,55.223880597014926,10.44776119402985
W00008390,106,35,7,28,71,61,10,33.0188679245283,6.60377358490566,26.41509433962264,66.98113207547169,57.54716981132076,9.433962264150944
W00008391,134,52,20,32,82,75,7,38.80597014925373,14.925373134328357,23.88059701492537,61.19402985074627,55.970149253731336,5.223880597014925
W00008392,95,28,10,18,67,57,10,29.47368421052631,10.526315789473683,18.947368421052634,70.52631578947368,60,10.526315789473683
W00008393,155,37,7,30,118,106,12,23.870967741935484,4.516129032258064,19.35483870967742,76.12903225806451,68.38709677419355,7.741935483870968
W00008394,186,49,15,34,137,117,20,26.344086021505376,8.064516129032258,18.27956989247312,73.65591397849462,62.903225806451616,10.75268817204301
W00008395,153,42,17,25,111,100,11,27.450980392156865,11.11111111111111,16.33986928104575,72.54901960784314,65.359477124183,7.18954248366013
W00008396,164,27,12,15,137,109,28,16.463414634146343,7.317073170731707,9.146341463414634,83.53658536585365,66.46341463414635,17.073170731707318
W00008397,137,27,6,21,110,96,14,19.708029197080293,4.37956204379562,15.328467153284672,80.2919708029197,70.07299270072993,10.218978102189782
W00008398,157,45,14,31,112,101,11,28.662420382165603,8.9171974522293,19.745222929936308,71.3375796178344,64.3312101910828,7.006369426751593
W00008399,172,54,13,41,118,107,11,31.3953488372093,7.55813953488372,23.837209302325583,68.6046511627907,62.2093023255814,6.395348837209303
W00008400,114,39,11,28,75,69,6,34.21052631578947,9.649122807017543,24.561403508771928,65.78947368421053,60.526315789473685,5.263157894736842
W00008401,151,56,11,45,95,86,9,37.086092715231786,7.28476821192053,29.80132450331126,62.913907284768214,56.95364238410596,5.960264900662252
W00008402,162,54,20,34,108,97,11,33.33333333333333,12.345679012345679,20.98765432098765,66.66666666666666,59.876543209876544,6.790123456790123
W00008403,158,52,12,40,106,98,8,32.91139240506329,7.59493670886076,25.31645569620253,67.08860759493672,62.0253164556962,5.063291139240507
W00008404,121,41,11,30,80,72,8,33.88429752066116,9.090909090909092,24.793388429752067,66.11570247933885,59.50413223140496,6.6115702479338845
W00008405,160,55,16,39,105,91,14,34.375,10,24.375,65.625,56.875,8.75
W00008406,111,33,8,25,78,66,12,29.72972972972973,7.207207207207207,22.52252252252252,70.27027027027027,59.45945945945946,10.81081081081081
W00008407,182,49,10,39,133,116,17,26.923076923076923,5.4945054945054945,21.428571428571427,73.07692307692307,63.73626373626373,9.340659340659341
W00008408,72,24,4,20,48,40,8,33.33333333333333,5.555555555555555,27.77777777777778,66.66666666666666,55.55555555555556,11.11111111111111
W00008409,184,53,7,46,131,116,15,28.804347826086957,3.804347826086957,25,71.19565217391305,63.04347826086957,8.152173913043478
W00008411,92,32,8,24,60,50,10,34.78260869565217,8.695652173913043,26.08695652173913,65.21739130434783,54.347826086956516,10.869565217391305
W00008412,90,29,7,22,61,53,8,32.22222222222222,7.777777777777778,24.444444444444443,67.77777777777779,58.88888888888889,8.88888888888889
W00008413,58,32,8,24,26,25,1,55.172413793103445,13.793103448275861,41.37931034482759,44.827586206896555,43.103448275862064,1.7241379310344827
W00008414,127,46,11,35,81,76,5,36.22047244094488,8.661417322834646,27.559055118110237,63.77952755905512,59.84251968503938,3.937007874015748
W00008415,93,22,5,17,71,59,12,23.655913978494624,5.376344086021505,18.27956989247312,76.34408602150538,63.44086021505376,12.903225806451612
W00008416,92,32,5,27,60,49,11,34.78260869565217,5.434782608695652,29.347826086956523,65.21739130434783,53.2608695652174,11.956521739130435
W00008417,110,37,7,30,73,59,14,33.63636363636363,6.363636363636363,27.27272727272727,66.36363636363637,53.63636363636364,12.727272727272727
W00008418,105,29,9,20,76,67,9,27.61904761904762,8.571428571428571,19.047619047619047,72.38095238095238,63.8095238095238,8.571428571428571
W00008419,78,25,4,21,53,45,8,32.05128205128205,5.128205128205128,26.923076923076923,67.94871794871796,57.692307692307686,10.256410256410255
W00008420,119,32,6,26,87,82,5,26.89075630252101,5.042016806722689,21.84873949579832,73.10924369747899,68.90756302521008,4.201680672268908
W00008421,91,26,6,20,65,49,16,28.57142857142857,6.593406593406594,21.978021978021978,71.42857142857143,53.84615384615385,17.582417582417584
W00008422,133,44,11,33,89,82,7,33.08270676691729,8.270676691729323,24.81203007518797,66.9172932330827,61.65413533834586,5.263157894736842
W00008423,81,16,6,10,65,58,7,19.753086419753085,7.4074074074074066,12.345679012345679,80.24691358024691,71.60493827160494,8.641975308641975
W00008424,125,41,10,31,84,74,10,32.800000000000004,8,24.8,67.2,59.199999999999996,8
W00008425,115,39,6,33,76,69,7,33.91304347826087,5.217391304347826,28.695652173913043,66.08695652173913,60,6.086956521739131
W00008426,99,25,7,18,74,64,10,25.252525252525253,7.07070707070707,18.181818181818183,74.74747474747475,64.64646464646465,10.1010101010101
W00008427,116,32,6,26,84,79,5,27.586206896551722,5.172413793103448,22.413793103448278,72.41379310344827,68.10344827586206,4.310344827586207
W00008428,111,30,8,22,81,75,6,27.027027027027028,7.207207207207207,19.81981981981982,72.97297297297297,67.56756756756756,5.405405405405405
W00008429,121,35,11,24,86,76,10,28.92561983471074,9.090909090909092,19.834710743801654,71.07438016528926,62.8099173553719,8.264462809917356
W00008430,134,38,10,28,96,84,12,28.35820895522388,7.462686567164178,20.8955223880597,71.64179104477611,62.68656716417911,8.955223880597014
W00008431,126,29,6,23,97,83,14,23.015873015873016,4.761904761904762,18.253968253968253,76.98412698412699,65.87301587301587,11.11111111111111
W00008432,114,33,13,20,81,72,9,28.947368421052634,11.403508771929824,17.543859649122805,71.05263157894737,63.1578947368421,7.894736842105263
W00008433,152,58,6,52,94,93,1,38.15789473684211,3.9473684210526314,34.21052631578947,61.8421052631579,61.18421052631579,0.6578947368421052
W00008434,101,32,5,27,69,65,4,31.683168316831683,4.9504950495049505,26.732673267326735,68.31683168316832,64.35643564356435,3.9603960396039604
W00008435,92,40,12,28,52,46,6,43.47826086956522,13.043478260869565,30.434782608695656,56.52173913043478,50,6.521739130434782
W00008436,152,42,12,30,110,91,19,27.631578947368425,7.894736842105263,19.736842105263158,72.36842105263158,59.86842105263158,12.5
W00008437,148,48,14,34,100,82,18,32.432432432432435,9.45945945945946,22.972972972972975,67.56756756756756,55.4054054054054,12.162162162162163
W00008438,99,27,12,15,72,60,12,27.27272727272727,12.121212121212121,15.151515151515152,72.72727272727273,60.60606060606061,12.121212121212121
W00008439,232,73,21,52,159,135,24,31.46551724137931,9.051724137931034,22.413793103448278,68.53448275862068,58.189655172413794,10.344827586206897
W00008440,98,27,15,12,71,57,14,27.55102040816326,15.306122448979592,12.244897959183673,72.44897959183673,58.16326530612245,14.285714285714285
W00008441,123,22,5,17,101,89,12,17.88617886178862,4.0650406504065035,13.821138211382115,82.11382113821138,72.35772357723577,9.75609756097561
W00008442,145,47,16,31,98,77,21,32.41379310344827,11.03448275862069,21.379310344827587,67.58620689655173,53.103448275862064,14.482758620689657
W00008443,169,60,26,34,109,82,27,35.50295857988166,15.384615384615385,20.118343195266274,64.49704142011834,48.5207100591716,15.976331360946746
W00008444,300,68,14,54,232,201,31,22.666666666666664,4.666666666666667,18,77.33333333333333,67,10.333333333333334
W00008445,85,23,8,15,62,50,12,27.058823529411764,9.411764705882353,17.647058823529413,72.94117647058823,58.82352941176471,14.117647058823529
W00008446,127,35,14,21,92,79,13,27.559055118110237,11.023622047244094,16.535433070866144,72.44094488188976,62.20472440944882,10.236220472440944
W00008447,156,41,13,28,115,97,18,26.282051282051285,8.333333333333332,17.94871794871795,73.71794871794873,62.17948717948718,11.538461538461538
W00008448,115,26,2,24,89,75,14,22.608695652173914,1.7391304347826086,20.869565217391305,77.39130434782608,65.21739130434783,12.173913043478262
W00008449,127,27,10,17,100,87,13,21.25984251968504,7.874015748031496,13.385826771653544,78.74015748031496,68.50393700787401,10.236220472440944
W00008450,22,10,3,7,12,12,0,45.45454545454545,13.636363636363635,31.818181818181817,54.54545454545454,54.54545454545454,0
W00008451,156,36,18,18,120,107,13,23.076923076923077,11.538461538461538,11.538461538461538,76.92307692307693,68.58974358974359,8.333333333333332
W00008452,140,42,16,26,98,82,16,30,11.428571428571429,18.571428571428573,70,58.57142857142858,11.428571428571429
W00008453,136,34,12,22,102,93,9,25,8.823529411764707,16.176470588235293,75,68.38235294117648,6.61764705882353
W00008454,138,27,5,22,111,96,15,19.565217391304348,3.6231884057971016,15.942028985507244,80.43478260869566,69.56521739130434,10.869565217391305
W00008455,133,36,10,26,97,82,15,27.06766917293233,7.518796992481203,19.548872180451127,72.93233082706767,61.65413533834586,11.278195488721805
W00008456,165,50,13,37,115,90,25,30.303030303030305,7.878787878787878,22.424242424242426,69.6969696969697,54.54545454545454,15.151515151515152
W00008457,112,42,13,29,70,58,12,37.5,11.607142857142858,25.892857142857146,62.5,51.78571428571429,10.714285714285714
W00008458,80,25,9,16,55,44,11,31.25,11.25,20,68.75,55.00000000000001,13.750000000000002
W00008459,137,31,6,25,106,90,16,22.62773722627737,4.37956204379562,18.248175182481752,77.37226277372264,65.69343065693431,11.678832116788321
W00008460,98,32,10,22,66,62,4,32.6530612244898,10.204081632653061,22.448979591836736,67.3469387755102,63.26530612244898,4.081632653061225
W00008461,141,39,9,30,102,92,10,27.659574468085108,6.382978723404255,21.27659574468085,72.3404255319149,65.24822695035462,7.092198581560284
W00008462,125,43,10,33,82,74,8,34.4,8,26.400000000000002,65.60000000000001,59.199999999999996,6.4
W00008463,175,44,9,35,131,114,17,25.142857142857146,5.142857142857142,20,74.85714285714286,65.14285714285715,9.714285714285714
W00008464,144,48,12,36,96,82,14,33.33333333333333,8.333333333333332,25,66.66666666666666,56.94444444444444,9.722222222222223
W00008465,124,35,8,27,89,81,8,28.225806451612907,6.451612903225806,21.774193548387096,71.7741935483871,65.32258064516128,6.451612903225806
W00008466,181,56,14,42,125,119,6,30.939226519337016,7.734806629834254,23.204419889502763,69.06077348066299,65.74585635359117,3.314917127071823
W00008467,174,55,16,39,119,110,9,31.60919540229885,9.195402298850574,22.413793103448278,68.39080459770115,63.2183908045977,5.172413793103448
W00008468,45,17,7,10,28,19,9,37.77777777777778,15.555555555555555,22.22222222222222,62.22222222222222,42.22222222222222,20
W00008469,103,35,10,25,68,60,8,33.980582524271846,9.70873786407767,24.271844660194176,66.01941747572816,58.252427184466015,7.766990291262135
W00008470,217,57,12,45,160,141,19,26.26728110599078,5.529953917050691,20.737327188940093,73.73271889400922,64.97695852534562,8.755760368663594
W00008471,169,33,12,21,136,116,20,19.526627218934912,7.100591715976331,12.42603550295858,80.4733727810651,68.63905325443787,11.834319526627219
W00008472,141,39,6,33,102,91,11,27.659574468085108,4.25531914893617,23.404255319148938,72.3404255319149,64.53900709219859,7.801418439716312
W00008473,97,32,10,22,65,55,10,32.98969072164948,10.309278350515463,22.68041237113402,67.0103092783505,56.70103092783505,10.309278350515463
W00008474,108,35,13,22,73,65,8,32.407407407407405,12.037037037037036,20.37037037037037,67.5925925925926,60.18518518518518,7.4074074074074066
W00008475,94,23,8,15,71,65,6,24.46808510638298,8.51063829787234,15.957446808510639,75.53191489361703,69.14893617021278,6.382978723404255
W00008476,161,59,19,40,102,90,12,36.64596273291926,11.801242236024844,24.84472049689441,63.35403726708074,55.90062111801242,7.453416149068323
W00008477,127,30,10,20,97,80,17,23.62204724409449,7.874015748031496,15.748031496062993,76.37795275590551,62.99212598425197,13.385826771653544
W00008478,124,39,13,26,85,78,7,31.451612903225808,10.483870967741936,20.967741935483872,68.54838709677419,62.903225806451616,5.64516129032258
W00008479,117,43,5,38,74,64,10,36.75213675213676,4.273504273504273,32.47863247863248,63.24786324786324,54.700854700854705,8.547008547008547
W00008480,84,21,9,12,63,57,6,25,10.714285714285714,14.285714285714285,75,67.85714285714286,7.142857142857142
W00008481,102,31,7,24,71,60,11,30.392156862745097,6.862745098039216,23.52941176470588,69.6078431372549,58.82352941176471,10.784313725490197
W00008482,181,47,13,34,134,124,10,25.96685082872928,7.18232044198895,18.784530386740332,74.03314917127072,68.50828729281768,5.524861878453039
W00008483,66,18,4,14,48,41,7,27.27272727272727,6.0606060606060606,21.21212121212121,72.72727272727273,62.121212121212125,10.606060606060606
W00008484,110,34,6,28,76,72,4,30.909090909090907,5.454545454545454,25.454545454545453,69.0909090909091,65.45454545454545,3.6363636363636362
W00008485,175,41,10,31,134,117,17,23.42857142857143,5.714285714285714,17.71428571428571,76.57142857142857,66.85714285714286,9.714285714285714
W00008486,126,41,8,33,85,79,6,32.53968253968254,6.349206349206349,26.190476190476193,67.46031746031747,62.698412698412696,4.761904761904762
W00008487,137,46,12,34,91,81,10,33.57664233576642,8.75912408759124,24.817518248175183,66.42335766423358,59.12408759124088,7.2992700729927
W00008488,152,52,25,27,100,91,9,34.21052631578947,16.447368421052634,17.763157894736842,65.78947368421053,59.86842105263158,5.921052631578947
W00008489,135,47,9,38,88,79,9,34.81481481481482,6.666666666666667,28.14814814814815,65.18518518518519,58.51851851851851,6.666666666666667
W00008490,143,46,8,38,97,84,13,32.16783216783217,5.594405594405594,26.573426573426573,67.83216783216784,58.74125874125874,9.090909090909092
W00008491,145,43,8,35,102,91,11,29.655172413793103,5.517241379310345,24.137931034482758,70.34482758620689,62.758620689655174,7.586206896551724
W00008492,46,14,1,13,32,26,6,30.434782608695656,2.1739130434782608,28.26086956521739,69.56521739130434,56.52173913043478,13.043478260869565
W00008493,197,49,18,31,148,130,18,24.873096446700508,9.137055837563452,15.736040609137056,75.1269035532995,65.98984771573603,9.137055837563452
W00008494,67,12,4,8,55,35,20,17.91044776119403,5.970149253731343,11.940298507462686,82.08955223880598,52.23880597014925,29.850746268656714
W00008495,184,42,16,26,142,121,21,22.82608695652174,8.695652173913043,14.130434782608695,77.17391304347827,65.76086956521739,11.41304347826087
W00008496,136,38,12,26,98,87,11,27.941176470588236,8.823529411764707,19.11764705882353,72.05882352941177,63.970588235294116,8.088235294117647
W00008497,154,53,17,36,101,85,16,34.41558441558442,11.03896103896104,23.376623376623375,65.5844155844156,55.1948051948052,10.38961038961039
W00008499,152,42,11,31,110,89,21,27.631578947368425,7.236842105263158,20.394736842105264,72.36842105263158,58.55263157894737,13.815789473684212
W00008500,151,39,10,29,112,98,14,25.82781456953642,6.622516556291391,19.205298013245034,74.17218543046357,64.90066225165563,9.271523178807946
W00008501,132,29,3,26,103,93,10,21.96969696969697,2.272727272727273,19.696969696969695,78.03030303030303,70.45454545454545,7.575757575757576
W00008503,150,35,9,26,115,95,20,23.333333333333332,6,17.333333333333336,76.66666666666667,63.33333333333333,13.333333333333334
W00008504,109,26,6,20,83,74,9,23.853211009174313,5.5045871559633035,18.34862385321101,76.14678899082568,67.88990825688074,8.256880733944955
W00008505,157,38,12,26,119,107,12,24.203821656050955,7.643312101910828,16.560509554140125,75.79617834394905,68.15286624203821,7.643312101910828
W00008506,285,68,18,50,217,180,37,23.859649122807017,6.315789473684211,17.543859649122805,76.14035087719299,63.1578947368421,12.982456140350877
W00008507,145,38,11,27,107,96,11,26.20689655172414,7.586206896551724,18.620689655172416,73.79310344827587,66.20689655172414,7.586206896551724
W00008508,113,33,19,14,80,62,18,29.20353982300885,16.8141592920354,12.389380530973451,70.79646017699115,54.86725663716814,15.929203539823009
W00008509,206,46,13,33,160,130,30,22.330097087378643,6.310679611650485,16.019417475728158,77.66990291262135,63.10679611650486,14.563106796116504
W00008510,202,51,13,38,151,134,17,25.247524752475247,6.435643564356436,18.81188118811881,74.75247524752476,66.33663366336634,8.415841584158416
W00008511,152,49,21,28,103,82,21,32.23684210526316,13.815789473684212,18.421052631578945,67.76315789473685,53.94736842105263,13.815789473684212
W00008512,181,57,23,34,124,96,28,31.491712707182316,12.70718232044199,18.784530386740332,68.50828729281768,53.03867403314917,15.469613259668508
W00008513,69,20,5,15,49,42,7,28.985507246376812,7.246376811594203,21.73913043478261,71.01449275362319,60.86956521739131,10.144927536231885
W00008515,284,79,28,51,205,167,38,27.816901408450708,9.859154929577464,17.95774647887324,72.1830985915493,58.80281690140845,13.380281690140844
W00008516,139,41,13,28,98,86,12,29.496402877697843,9.352517985611511,20.14388489208633,70.50359712230215,61.87050359712231,8.633093525179856
W00008517,276,77,32,45,199,167,32,27.898550724637683,11.594202898550725,16.304347826086957,72.10144927536231,60.507246376811594,11.594202898550725
W00008518,199,64,19,45,135,112,23,32.1608040201005,9.547738693467336,22.613065326633166,67.8391959798995,56.28140703517588,11.557788944723619
W00008519,87,23,5,18,64,50,14,26.436781609195403,5.747126436781609,20.689655172413794,73.5632183908046,57.47126436781609,16.091954022988507
W00008520,188,52,28,24,136,109,27,27.659574468085108,14.893617021276595,12.76595744680851,72.3404255319149,57.97872340425532,14.361702127659576
W00008521,126,52,17,35,74,57,17,41.269841269841265,13.492063492063492,27.77777777777778,58.730158730158735,45.23809523809524,13.492063492063492
W00008522,73,18,5,13,55,41,14,24.65753424657534,6.8493150684931505,17.80821917808219,75.34246575342466,56.16438356164384,19.17808219178082
W00008523,113,37,8,29,76,62,14,32.743362831858406,7.079646017699115,25.663716814159294,67.2566371681416,54.86725663716814,12.389380530973451
W00008524,176,49,16,33,127,119,8,27.84090909090909,9.090909090909092,18.75,72.1590909090909,67.61363636363636,4.545454545454546
W00008526,155,39,10,29,116,102,14,25.161290322580644,6.451612903225806,18.70967741935484,74.83870967741936,65.80645161290323,9.032258064516128
W00008527,133,31,7,24,102,90,12,23.308270676691727,5.263157894736842,18.045112781954884,76.69172932330827,67.66917293233082,9.022556390977442
W00008529,150,40,7,33,110,95,15,26.666666666666668,4.666666666666667,22,73.33333333333333,63.33333333333333,10
W00008530,57,23,7,16,34,29,5,40.35087719298245,12.280701754385964,28.07017543859649,59.64912280701754,50.877192982456144,8.771929824561402
W00008531,149,43,8,35,106,90,16,28.859060402684566,5.369127516778524,23.48993288590604,71.14093959731544,60.40268456375839,10.738255033557047
W00008532,138,31,10,21,107,95,12,22.463768115942027,7.246376811594203,15.217391304347828,77.53623188405797,68.84057971014492,8.695652173913043
W00008534,160,43,7,36,117,107,10,26.875,4.375,22.5,73.125,66.875,6.25
W00008535,99,30,7,23,69,61,8,30.303030303030305,7.07070707070707,23.232323232323232,69.6969696969697,61.61616161616161,8.080808080808081
W00008536,156,44,12,32,112,106,6,28.205128205128204,7.6923076923076925,20.51282051282051,71.7948717948718,67.94871794871796,3.8461538461538463
W00008537,177,60,14,46,117,102,15,33.89830508474576,7.909604519774012,25.98870056497175,66.10169491525424,57.6271186440678,8.47457627118644
W00008538,102,33,17,16,69,58,11,32.35294117647059,16.666666666666664,15.686274509803921,67.64705882352942,56.86274509803921,10.784313725490197
W00008539,119,32,8,24,87,73,14,26.89075630252101,6.722689075630252,20.168067226890756,73.10924369747899,61.34453781512605,11.76470588235294
W00008540,156,44,13,31,112,92,20,28.205128205128204,8.333333333333332,19.871794871794872,71.7948717948718,58.97435897435898,12.82051282051282
W00008542,121,39,14,25,82,75,7,32.231404958677686,11.570247933884298,20.66115702479339,67.76859504132231,61.98347107438017,5.785123966942149
W00008543,115,34,7,27,81,72,9,29.565217391304348,6.086956521739131,23.47826086956522,70.43478260869566,62.60869565217392,7.82608695652174
W00008544,236,65,18,47,171,159,12,27.54237288135593,7.627118644067797,19.915254237288135,72.45762711864407,67.37288135593221,5.084745762711865
W00008545,144,31,11,20,113,104,9,21.52777777777778,7.638888888888889,13.88888888888889,78.47222222222221,72.22222222222221,6.25
W00008546,160,34,10,24,126,112,14,21.25,6.25,15,78.75,70,8.75
W00008547,122,36,11,25,86,69,17,29.508196721311474,9.01639344262295,20.491803278688526,70.49180327868852,56.557377049180324,13.934426229508196
W00008548,170,45,11,34,125,111,14,26.47058823529412,6.470588235294119,20,73.52941176470588,65.29411764705883,8.235294117647058
W00008549,123,55,21,34,68,58,10,44.71544715447154,17.073170731707318,27.64227642276423,55.28455284552846,47.15447154471545,8.130081300813007
W00008550,121,44,13,31,77,66,11,36.36363636363637,10.743801652892563,25.6198347107438,63.63636363636363,54.54545454545454,9.090909090909092
W00008551,140,39,8,31,101,86,15,27.857142857142858,5.714285714285714,22.142857142857142,72.14285714285714,61.42857142857143,10.714285714285714
W00008552,183,79,26,53,104,94,10,43.169398907103826,14.207650273224044,28.96174863387978,56.830601092896174,51.36612021857923,5.46448087431694
W00008553,183,55,13,42,128,117,11,30.05464480874317,7.103825136612022,22.950819672131146,69.94535519125684,63.934426229508205,6.0109289617486334
W00008554,117,33,9,24,84,76,8,28.205128205128204,7.6923076923076925,20.51282051282051,71.7948717948718,64.95726495726495,6.837606837606838
W00008555,163,38,8,30,125,113,12,23.31288343558282,4.9079754601226995,18.404907975460123,76.68711656441718,69.32515337423312,7.361963190184049
W00008556,327,103,28,75,224,196,28,31.49847094801223,8.56269113149847,22.93577981651376,68.50152905198776,59.9388379204893,8.56269113149847
W00008557,119,47,12,35,72,60,12,39.49579831932773,10.084033613445378,29.411764705882355,60.50420168067227,50.42016806722689,10.084033613445378
W00008558,127,41,11,30,86,68,18,32.28346456692913,8.661417322834646,23.62204724409449,67.71653543307087,53.54330708661418,14.173228346456693
W00008559,87,39,9,30,48,38,10,44.827586206896555,10.344827586206897,34.48275862068966,55.172413793103445,43.67816091954023,11.494252873563218
W00008560,155,37,10,27,118,111,7,23.870967741935484,6.451612903225806,17.419354838709676,76.12903225806451,71.61290322580646,4.516129032258064
W00008561,145,45,18,27,100,91,9,31.03448275862069,12.413793103448276,18.620689655172416,68.96551724137932,62.758620689655174,6.206896551724138
W00008562,112,32,8,24,80,68,12,28.57142857142857,7.142857142857142,21.428571428571427,71.42857142857143,60.71428571428571,10.714285714285714
W00008563,134,31,6,25,103,88,15,23.134328358208954,4.477611940298507,18.65671641791045,76.86567164179104,65.67164179104478,11.194029850746269
W00008564,77,10,4,6,67,50,17,12.987012987012985,5.194805194805195,7.792207792207792,87.01298701298701,64.93506493506493,22.07792207792208
W00008565,135,39,12,27,96,83,13,28.888888888888886,8.88888888888889,20,71.11111111111111,61.48148148148148,9.62962962962963
W00008566,127,30,8,22,97,81,16,23.62204724409449,6.299212598425196,17.322834645669293,76.37795275590551,63.77952755905512,12.598425196850393
W00008567,154,49,15,34,105,77,28,31.818181818181817,9.740259740259742,22.07792207792208,68.18181818181817,50,18.181818181818183
W00008569,131,32,9,23,99,71,28,24.427480916030532,6.870229007633588,17.557251908396946,75.57251908396947,54.19847328244275,21.374045801526716
W00008570,141,45,9,36,96,89,7,31.914893617021278,6.382978723404255,25.53191489361702,68.08510638297872,63.12056737588653,4.964539007092199
W00008571,117,32,10,22,85,70,15,27.350427350427353,8.547008547008547,18.803418803418804,72.64957264957265,59.82905982905983,12.82051282051282
W00008572,126,37,8,29,89,67,22,29.365079365079367,6.349206349206349,23.015873015873016,70.63492063492063,53.17460317460318,17.46031746031746
W00008573,150,46,12,34,104,98,6,30.666666666666664,8,22.666666666666664,69.33333333333334,65.33333333333333,4
W00008574,151,43,14,29,108,95,13,28.47682119205298,9.271523178807946,19.205298013245034,71.52317880794702,62.913907284768214,8.609271523178808
W00008575,128,42,8,34,86,74,12,32.8125,6.25,26.5625,67.1875,57.8125,9.375
W00008576,161,39,10,29,122,113,9,24.22360248447205,6.211180124223603,18.012422360248447,75.77639751552795,70.1863354037267,5.590062111801243
W00008577,126,35,9,26,91,76,15,27.77777777777778,7.142857142857142,20.634920634920633,72.22222222222221,60.317460317460316,11.904761904761903
W00008578,163,54,16,38,109,97,12,33.12883435582822,9.815950920245399,23.31288343558282,66.87116564417178,59.50920245398773,7.361963190184049
W00008579,153,37,12,25,116,103,13,24.183006535947712,7.8431372549019605,16.33986928104575,75.81699346405229,67.3202614379085,8.49673202614379
W00008580,181,44,9,35,137,121,16,24.30939226519337,4.972375690607735,19.337016574585636,75.69060773480662,66.85082872928176,8.83977900552486
W00008581,136,34,9,25,102,86,16,25,6.61764705882353,18.38235294117647,75,63.23529411764706,11.76470588235294
W00008582,138,44,14,30,94,86,8,31.88405797101449,10.144927536231885,21.73913043478261,68.11594202898551,62.31884057971014,5.797101449275362
W00008583,127,39,7,32,88,74,14,30.708661417322837,5.511811023622047,25.196850393700785,69.29133858267717,58.26771653543307,11.023622047244094
W00008584,38,24,7,17,14,13,1,63.1578947368421,18.421052631578945,44.73684210526316,36.84210526315789,34.21052631578947,2.631578947368421
W00008585,182,54,10,44,128,113,15,29.67032967032967,5.4945054945054945,24.175824175824175,70.32967032967034,62.08791208791209,8.241758241758241
W00008586,137,37,6,31,100,90,10,27.00729927007299,4.37956204379562,22.62773722627737,72.99270072992701,65.69343065693431,7.2992700729927
W00008587,98,28,9,19,70,62,8,28.57142857142857,9.183673469387756,19.387755102040817,71.42857142857143,63.26530612244898,8.16326530612245
W00008588,135,38,10,28,97,84,13,28.14814814814815,7.4074074074074066,20.74074074074074,71.85185185185186,62.22222222222222,9.62962962962963
W00008589,138,29,10,19,109,99,10,21.014492753623188,7.246376811594203,13.768115942028986,78.98550724637681,71.73913043478261,7.246376811594203
W00008590,98,45,12,33,53,48,5,45.91836734693878,12.244897959183673,33.6734693877551,54.08163265306123,48.97959183673469,5.1020408163265305
W00008591,38,14,4,10,24,16,8,36.84210526315789,10.526315789473683,26.31578947368421,63.1578947368421,42.10526315789473,21.052631578947366
W00008592,128,40,13,27,88,83,5,31.25,10.15625,21.09375,68.75,64.84375,3.90625
W00008593,140,45,7,38,95,79,16,32.142857142857146,5,27.142857142857142,67.85714285714286,56.42857142857143,11.428571428571429
W00008594,107,42,9,33,65,56,9,39.25233644859813,8.411214953271028,30.8411214953271,60.747663551401864,52.336448598130836,8.411214953271028
W00008595,131,40,15,25,91,81,10,30.53435114503817,11.450381679389313,19.083969465648856,69.46564885496184,61.832061068702295,7.633587786259542
W00008599,191,50,22,28,141,119,22,26.17801047120419,11.518324607329843,14.659685863874344,73.82198952879581,62.30366492146597,11.518324607329843
W00008600,187,41,15,26,146,125,21,21.92513368983957,8.0213903743315509,13.903743315508022,78.07486631016043,66.84491978609626,11.229946524064172
W00008601,278,62,14,48,216,181,35,22.302158273381295,5.0359712230215825,17.26618705035971,77.6978417266187,65.10791366906474,12.589928057553957
W00008602,193,55,24,31,138,105,33,28.497409326424872,12.435233160621761,16.06217616580311,71.50259067357513,54.40414507772021,17.098445595854923
W00008603,177,41,12,29,136,113,23,23.163841807909606,6.779661016949152,16.38418079096045,76.8361581920904,63.84180790960452,12.994350282485875
W00008604,166,48,20,28,118,103,15,28.915662650602407,12.048192771084338,16.867469879518072,71.08433734939759,62.048192771084345,9.036144578313253
W00008605,170,43,18,25,127,97,30,25.294117647058822,10.588235294117647,14.705882352941178,74.70588235294117,57.05882352941176,17.647058823529413
W00008606,111,36,8,28,75,51,24,32.432432432432435,7.207207207207207,25.225225225225223,67.56756756756756,45.94594594594595,21.62162162162162
W00008607,210,63,19,44,147,115,32,30,9.047619047619047,20.952380952380953,70,54.761904761904766,15.238095238095239
W00008608,137,53,14,39,84,70,14,38.68613138686132,10.218978102189782,28.467153284671532,61.31386861313869,51.09489051094891,10.218978102189782
W00008610,144,64,17,47,80,74,6,44.44444444444444,11.805555555555555,32.63888888888889,55.55555555555556,51.388888888888886,4.166666666666666
W00008611,90,30,6,24,60,57,3,33.33333333333333,6.666666666666667,26.666666666666668,66.66666666666666,63.33333333333333,3.3333333333333335
W00008612,80,24,10,14,56,49,7,30,12.5,17.5,70,61.25000000000001,8.75
W00008613,135,49,12,37,86,73,13,36.2962962962963,8.88888888888889,27.40740740740741,63.70370370370371,54.074074074074076,9.62962962962963
W00008614,180,59,24,35,121,105,16,32.77777777777778,13.333333333333334,19.444444444444446,67.22222222222223,58.333333333333336,8.88888888888889
W00008615,190,76,18,58,114,99,15,40,9.473684210526317,30.526315789473685,60,52.10526315789473,7.894736842105263
W00008616,48,19,4,15,29,29,0,39.58333333333333,8.333333333333332,31.25,60.416666666666664,60.416666666666664,0
W00008618,79,20,10,10,59,50,9,25.31645569620253,12.658227848101266,12.658227848101266,74.68354430379746,63.29113924050633,11.39240506329114
W00008619,111,60,10,50,51,36,15,54.054054054054056,9.00900900900901,45.04504504504504,45.94594594594595,32.432432432432435,13.513513513513514
W00008620,107,45,11,34,62,58,4,42.05607476635514,10.2803738317757,31.775700934579437,57.943925233644855,54.20560747663551,3.7383177570093453
W00008621,60,24,9,15,36,30,6,40,15,25,60,50,10
W00008622,203,67,18,49,136,114,22,33.004926108374384,8.866995073891626,24.137931034482758,66.99507389162561,56.15763546798029,10.83743842364532
W00008623,142,52,15,37,90,84,6,36.61971830985916,10.56338028169014,26.056338028169012,63.38028169014085,59.154929577464785,4.225352112676056
W00008624,136,44,10,34,92,84,8,32.35294117647059,7.352941176470589,25,67.64705882352942,61.76470588235294,5.88235294117647
W00008626,102,34,4,30,68,55,13,33.33333333333333,3.9215686274509802,29.411764705882355,66.66666666666666,53.92156862745098,12.745098039215685
W00008627,141,41,9,32,100,90,10,29.078014184397162,6.382978723404255,22.69503546099291,70.92198581560284,63.829787234042556,7.092198581560284
W00008628,123,43,11,32,80,73,7,34.959349593495936,8.94308943089431,26.01626016260163,65.04065040650406,59.34959349593496,5.691056910569105
W00008629,156,72,17,55,84,72,12,46.15384615384615,10.897435897435898,35.256410256410255,53.84615384615385,46.15384615384615,7.6923076923076925
W00008630,118,33,2,31,85,76,9,27.966101694915253,1.694915254237288,26.27118644067797,72.03389830508475,64.40677966101694,7.627118644067797
W00008631,126,39,19,20,87,74,13,30.952380952380953,15.079365079365079,15.873015873015872,69.04761904761905,58.730158730158735,10.317460317460316
W00008632,105,32,12,20,73,63,10,30.476190476190478,11.428571428571429,19.047619047619047,69.52380952380952,60,9.523809523809524
W00008633,116,42,16,26,74,68,6,36.206896551724135,13.793103448275861,22.413793103448278,63.793103448275865,58.620689655172406,5.172413793103448
W00008634,101,41,10,31,60,55,5,40.5940594059406,9.900990099009901,30.693069306930692,59.4059405940594,54.45544554455446,4.9504950495049505
W00008635,134,47,8,39,87,78,9,35.07462686567165,5.970149253731343,29.1044776119403,64.92537313432835,58.2089552238806,6.7164179104477615
W00008636,66,20,3,17,46,42,4,30.303030303030305,4.545454545454546,25.757575757575758,69.6969696969697,63.63636363636363,6.0606060606060606
W00008637,110,37,11,26,73,63,10,33.63636363636363,10,23.636363636363637,66.36363636363637,57.27272727272727,9.090909090909092
W00008638,113,42,7,35,71,60,11,37.16814159292036,6.1946902654867255,30.973451327433626,62.83185840707964,53.09734513274337,9.734513274336283
W00008639,102,34,10,24,68,58,10,33.33333333333333,9.803921568627452,23.52941176470588,66.66666666666666,56.86274509803921,9.803921568627452
W00008640,130,43,12,31,87,73,14,33.07692307692307,9.230769230769232,23.846153846153847,66.92307692307692,56.15384615384615,10.76923076923077
W00008641,128,38,12,26,90,81,9,29.6875,9.375,20.3125,70.3125,63.28125,7.03125
W00008642,98,36,10,26,62,55,7,36.734693877551024,10.204081632653061,26.53061224489796,63.26530612244898,56.12244897959183,7.142857142857142
W00008643,141,53,14,39,88,83,5,37.5886524822695,9.929078014184398,27.659574468085108,62.4113475177305,58.86524822695035,3.546099290780142
W00008644,112,43,11,32,69,61,8,38.392857142857146,9.821428571428571,28.57142857142857,61.60714285714286,54.46428571428571,7.142857142857142
W00008645,22,17,4,13,5,4,1,77.27272727272727,18.181818181818183,59.09090909090909,22.727272727272727,18.181818181818183,4.545454545454546
W00008646,122,41,12,29,81,70,11,33.60655737704918,9.836065573770492,23.770491803278688,66.39344262295081,57.377049180327866,9.01639344262295
W00008647,17,9,2,7,8,5,3,52.94117647058824,11.76470588235294,41.17647058823529,47.05882352941176,29.411764705882355,17.647058823529413
W00008648,182,32,15,17,150,127,23,17.582417582417584,8.241758241758241,9.340659340659341,82.41758241758241,69.78021978021978,12.637362637362637
W00008649,153,42,15,27,111,95,16,27.450980392156865,9.803921568627452,17.647058823529413,72.54901960784314,62.091503267973856,10.457516339869281
W00008650,168,46,16,30,122,104,18,27.380952380952383,9.523809523809524,17.857142857142858,72.61904761904762,61.904761904761905,10.714285714285714
W00008651,92,37,10,27,55,51,4,40.21739130434783,10.869565217391305,29.347826086956523,59.78260869565217,55.434782608695656,4.3478260869565215
W00008652,58,25,4,21,33,33,0,43.103448275862064,6.896551724137931,36.206896551724135,56.896551724137936,56.896551724137936,0
W00008653,119,45,14,31,74,68,6,37.81512605042017,11.76470588235294,26.05042016806723,62.18487394957983,57.14285714285714,5.042016806722689
W00008654,126,42,15,27,84,75,9,33.33333333333333,11.904761904761903,21.428571428571427,66.66666666666666,59.523809523809526,7.142857142857142
W00008656,158,49,19,30,109,92,17,31.0126582278481,12.025316455696203,18.9873417721519,68.9873417721519,58.22784810126582,10.759493670886076
W00008657,153,43,10,33,110,96,14,28.104575163398692,6.535947712418301,21.568627450980394,71.89542483660131,62.745098039215684,9.15032679738562
W00008658,171,41,18,23,130,118,12,23.976608187134502,10.526315789473683,13.450292397660817,76.0233918128655,69.00584795321637,7.017543859649122
W00008659,131,31,8,23,100,78,22,23.66412213740458,6.106870229007633,17.557251908396946,76.33587786259542,59.541984732824424,16.793893129770993
W00008660,133,34,8,26,99,89,10,25.563909774436087,6.015037593984962,19.548872180451127,74.43609022556392,66.9172932330827,7.518796992481203
W00008661,98,29,9,20,69,64,5,29.591836734693878,9.183673469387756,20.408163265306122,70.40816326530613,65.3061224489796,5.1020408163265305
W00008662,156,42,14,28,114,96,18,26.923076923076923,8.974358974358974,17.94871794871795,73.07692307692307,61.53846153846154,11.538461538461538
W00008663,72,31,8,23,41,36,5,43.05555555555556,11.11111111111111,31.944444444444443,56.94444444444444,50,6.944444444444445
W00008665,107,29,6,23,78,72,6,27.102803738317753,5.607476635514018,21.49532710280374,72.89719626168224,67.28971962616822,5.607476635514018
W00008666,134,39,12,27,95,90,5,29.1044776119403,8.955223880597014,20.149253731343283,70.8955223880597,67.16417910447761,3.731343283582089
W00008667,140,42,16,26,98,85,13,30,11.428571428571429,18.571428571428573,70,60.71428571428571,9.285714285714286
W00008668,126,43,13,30,83,70,13,34.12698412698413,10.317460317460316,23.809523809523807,65.87301587301587,55.55555555555556,10.317460317460316
W00008669,125,34,8,26,91,79,12,27.200000000000003,6.4,20.8,72.8,63.2,9.6
W00008670,160,47,13,34,113,97,16,29.375,8.125,21.25,70.625,60.62499999999999,10
W00008671,69,25,3,22,44,40,4,36.231884057971016,4.3478260869565215,31.88405797101449,63.76811594202898,57.971014492753625,5.797101449275362
W00008672,100,29,10,19,71,56,15,28.999999999999996,10,19,71,56.00000000000001,15
W00008673,181,68,19,49,113,97,16,37.569060773480665,10.497237569060774,27.071823204419886,62.430939226519335,53.591160220994475,8.83977900552486
W00008674,137,33,9,24,104,97,7,24.087591240875913,6.569343065693431,17.51824817518248,75.91240875912408,70.8029197080292,5.109489051094891
W00008675,101,30,13,17,71,65,6,29.7029702970297,12.871287128712872,16.831683168316832,70.29702970297029,64.35643564356435,5.9405940594059405
W00008676,231,62,20,42,169,150,19,26.83982683982684,8.658008658008658,18.181818181818183,73.16017316017316,64.93506493506493,8.225108225108226
W00008678,237,73,21,52,164,141,23,30.801687763713083,8.860759493670885,21.940928270042196,69.19831223628692,59.49367088607595,9.70464135021097
W00008679,177,42,9,33,135,120,15,23.728813559322035,5.084745762711865,18.64406779661017,76.27118644067797,67.79661016949152,8.47457627118644
W00008680,156,42,12,30,114,105,9,26.923076923076923,7.6923076923076925,19.230769230769234,73.07692307692307,67.3076923076923,5.769230769230769
W00008681,111,37,11,26,74,65,9,33.33333333333333,9.90990990990991,23.423423423423422,66.66666666666666,58.55855855855856,8.108108108108109
W00008682,93,17,5,12,76,65,11,18.27956989247312,5.376344086021505,12.903225806451612,81.72043010752688,69.89247311827957,11.827956989247312
W00008683,151,47,11,36,104,90,14,31.125827814569533,7.28476821192053,23.841059602649008,68.87417218543047,59.60264900662252,9.271523178807946
W00008684,118,33,8,25,85,78,7,27.966101694915253,6.779661016949152,21.1864406779661,72.03389830508475,66.10169491525424,5.932203389830509
W00008685,173,58,14,44,115,105,10,33.52601156069364,8.092485549132949,25.43352601156069,66.47398843930635,60.69364161849711,5.780346820809249
W00008686,160,42,12,30,118,98,20,26.25,7.5,18.75,73.75,61.25000000000001,12.5
W00008687,179,49,14,35,130,116,14,27.37430167597765,7.82122905027933,19.553072625698324,72.62569832402235,64.80446927374301,7.82122905027933
W00008688,150,49,10,39,101,93,8,32.666666666666664,6.666666666666667,26,67.33333333333333,62,5.333333333333334
W00008689,139,45,6,39,94,89,5,32.37410071942446,4.316546762589928,28.05755395683453,67.62589928057554,64.02877697841727,3.5971223021582732
W00008690,137,38,14,24,99,92,7,27.73722627737226,10.218978102189782,17.51824817518248,72.26277372262774,67.15328467153284,5.109489051094891
W00008691,124,31,15,16,93,80,13,25,12.096774193548388,12.903225806451612,75,64.51612903225806,10.483870967741936
W00008692,240,58,20,38,182,177,5,24.166666666666668,8.333333333333332,15.833333333333332,75.83333333333333,73.75,2.083333333333333
W00008693,155,40,10,30,115,99,16,25.806451612903224,6.451612903225806,19.35483870967742,74.19354838709677,63.87096774193548,10.32258064516129
W00008694,126,33,6,27,93,86,7,26.190476190476193,4.761904761904762,21.428571428571427,73.80952380952381,68.25396825396825,5.555555555555555
W00008695,140,31,8,23,109,94,15,22.142857142857142,5.714285714285714,16.428571428571427,77.85714285714286,67.14285714285714,10.714285714285714
W00008696,137,43,13,30,94,89,5,31.386861313868614,9.48905109489051,21.897810218978105,68.61313868613139,64.96350364963503,3.64963503649635
W00008697,169,61,13,48,108,90,18,36.09467455621302,7.6923076923076925,28.402366863905325,63.905325443786985,53.25443786982249,10.650887573964498
W00008698,164,52,17,35,112,99,13,31.70731707317073,10.365853658536585,21.341463414634145,68.29268292682927,60.36585365853659,7.926829268292683
W00008699,122,36,5,31,86,77,9,29.508196721311474,4.098360655737705,25.40983606557377,70.49180327868852,63.114754098360656,7.377049180327869
W00008700,130,41,17,24,89,75,14,31.538461538461537,13.076923076923078,18.461538461538463,68.46153846153847,57.692307692307686,10.76923076923077
W00008701,165,38,11,27,127,108,19,23.03030303030303,6.666666666666667,16.363636363636363,76.96969696969697,65.45454545454545,11.515151515151516
W00008702,118,35,13,22,83,72,11,29.66101694915254,11.016949152542372,18.64406779661017,70.33898305084746,61.016949152542374,9.322033898305085
W00008703,142,27,11,16,115,99,16,19.014084507042252,7.746478873239436,11.267605633802818,80.98591549295774,69.71830985915493,11.267605633802818
W00008704,93,30,7,23,63,51,12,32.25806451612903,7.526881720430108,24.731182795698924,67.74193548387096,54.83870967741935,12.903225806451612
W00008705,134,36,11,25,98,86,12,26.865671641791046,8.208955223880597,18.65671641791045,73.13432835820896,64.17910447761194,8.955223880597014
W00008706,185,41,9,32,144,135,9,22.162162162162165,4.864864864864865,17.2972972972973,77.83783783783784,72.97297297297297,4.864864864864865
W00008707,126,37,5,32,89,80,9,29.365079365079367,3.968253968253968,25.396825396825395,70.63492063492063,63.49206349206349,7.142857142857142
W00008708,152,41,10,31,111,101,10,26.973684210526315,6.578947368421052,20.394736842105264,73.02631578947368,66.44736842105263,6.578947368421052
W00008709,179,60,17,43,119,105,14,33.5195530726257,9.497206703910614,24.022346368715084,66.4804469273743,58.659217877094974,7.82122905027933
W00008710,120,39,13,26,81,73,8,32.5,10.833333333333334,21.666666666666668,67.5,60.83333333333333,6.666666666666667
W00008711,142,50,12,38,92,83,9,35.2112676056338,8.450704225352112,26.76056338028169,64.7887323943662,58.45070422535211,6.338028169014084
W00008712,101,27,6,21,74,70,4,26.732673267326735,5.9405940594059405,20.792079207920793,73.26732673267327,69.3069306930693,3.9603960396039604
W00008713,119,41,8,33,78,69,9,34.45378151260504,6.722689075630252,27.73109243697479,65.54621848739495,57.98319327731093,7.563025210084033
W00008714,147,48,9,39,99,87,12,32.6530612244898,6.122448979591836,26.53061224489796,67.3469387755102,59.183673469387756,8.16326530612245
W00008715,77,34,14,20,43,37,6,44.15584415584416,18.181818181818183,25.97402597402597,55.84415584415584,48.05194805194805,7.792207792207792
W00008716,158,66,16,50,92,87,5,41.77215189873418,10.126582278481013,31.645569620253166,58.22784810126582,55.06329113924051,3.1645569620253164
W00008717,151,42,14,28,109,96,13,27.81456953642384,9.271523178807946,18.543046357615893,72.18543046357617,63.576158940397356,8.609271523178808
W00008718,98,32,10,22,66,60,6,32.6530612244898,10.204081632653061,22.448979591836736,67.3469387755102,61.224489795918366,6.122448979591836
W00008719,120,38,7,31,82,74,8,31.666666666666664,5.833333333333333,25.833333333333336,68.33333333333333,61.66666666666667,6.666666666666667
W00008720,146,38,12,26,108,93,15,26.027397260273972,8.21917808219178,17.80821917808219,73.97260273972603,63.6986301369863,10.273972602739725
W00008721,124,31,9,22,93,81,12,25,7.258064516129033,17.741935483870968,75,65.32258064516128,9.67741935483871
W00008722,144,39,8,31,105,95,10,27.083333333333332,5.555555555555555,21.52777777777778,72.91666666666666,65.97222222222221,6.944444444444445
W00008723,127,45,11,34,82,77,5,35.43307086614173,8.661417322834646,26.77165354330709,64.56692913385827,60.629921259842526,3.937007874015748
W00008724,155,53,17,36,102,89,13,34.193548387096776,10.967741935483872,23.225806451612904,65.80645161290323,57.41935483870968,8.38709677419355
W00008725,126,30,5,25,96,84,12,23.809523809523807,3.968253968253968,19.841269841269842,76.19047619047619,66.66666666666666,9.523809523809524
W00008726,154,36,11,25,118,100,18,23.376623376623375,7.142857142857142,16.233766233766232,76.62337662337663,64.93506493506493,11.688311688311687
W00008727,132,38,9,29,94,87,7,28.78787878787879,6.8181818181818175,21.96969696969697,71.21212121212122,65.9090909090909,5.303030303030303
W00008728,159,36,12,24,123,103,20,22.641509433962266,7.547169811320755,15.09433962264151,77.35849056603774,64.77987421383648,12.578616352201259
W00008729,159,43,9,34,116,96,20,27.044025157232703,5.660377358490567,21.38364779874214,72.95597484276729,60.37735849056604,12.578616352201259
W00008730,71,20,2,18,51,45,6,28.169014084507044,2.8169014084507045,25.352112676056336,71.83098591549296,63.38028169014085,8.450704225352112
W00008731,134,45,15,30,89,57,32,33.582089552238806,11.194029850746269,22.388059701492537,66.4179104477612,42.53731343283582,23.88059701492537
W00008732,224,46,19,27,178,161,17,20.535714285714285,8.482142857142858,12.053571428571429,79.46428571428571,71.875,7.5892857142857135
W00008734,98,27,6,21,71,60,11,27.55102040816326,6.122448979591836,21.428571428571427,72.44897959183673,61.224489795918366,11.224489795918368
W00008735,118,39,23,16,79,68,11,33.05084745762712,19.491525423728813,13.559322033898304,66.94915254237289,57.6271186440678,9.322033898305085
W00008736,126,43,17,26,83,73,10,34.12698412698413,13.492063492063492,20.634920634920633,65.87301587301587,57.936507936507944,7.936507936507936
W00008737,155,55,18,37,100,83,17,35.483870967741936,11.612903225806452,23.870967741935484,64.51612903225806,53.5483870967742,10.967741935483872
W00008738,149,47,15,32,102,92,10,31.543624161073826,10.06711409395973,21.476510067114095,68.45637583892618,61.74496644295302,6.7114093959731544
W00008739,86,30,10,20,56,54,2,34.883720930232556,11.627906976744185,23.25581395348837,65.11627906976744,62.7906976744186,2.3255813953488373
W00008740,151,45,22,23,106,101,5,29.80132450331126,14.56953642384106,15.2317880794702,70.19867549668875,66.88741721854305,3.3112582781456954
W00008741,178,43,19,24,135,108,27,24.15730337078652,10.674157303370785,13.48314606741573,75.84269662921348,60.67415730337079,15.168539325842698
W00008742,132,36,12,24,96,85,11,27.27272727272727,9.090909090909092,18.181818181818183,72.72727272727273,64.39393939393939,8.333333333333332
W00008743,139,35,13,22,104,89,15,25.179856115107913,9.352517985611511,15.827338129496402,74.82014388489209,64.02877697841727,10.79136690647482
W00008744,166,42,12,30,124,112,12,25.301204819277107,7.228915662650602,18.072289156626507,74.69879518072288,67.46987951807229,7.228915662650602
W00008745,116,22,7,15,94,83,11,18.96551724137931,6.0344827586206895,12.931034482758621,81.03448275862068,71.55172413793103,9.482758620689655
W00008746,203,50,12,38,153,132,21,24.63054187192118,5.911330049261084,18.7192118226601,75.36945812807882,65.02463054187191,10.344827586206897
W00008750,126,30,13,17,96,87,9,23.809523809523807,10.317460317460316,13.492063492063492,76.19047619047619,69.04761904761905,7.142857142857142
W00008751,124,36,11,25,88,82,6,29.03225806451613,8.870967741935484,20.161290322580644,70.96774193548387,66.12903225806451,4.838709677419355
W00008752,24,12,5,7,12,9,3,50,20.833333333333336,29.166666666666668,50,37.5,12.5
W00008753,135,43,9,34,92,77,15,31.851851851851855,6.666666666666667,25.185185185185183,68.14814814814815,57.03703703703704,11.11111111111111
W00008755,13,5,3,2,8,6,2,38.46153846153847,23.076923076923077,15.384615384615385,61.53846153846154,46.15384615384615,15.384615384615385
W00008757,146,49,15,34,97,87,10,33.56164383561644,10.273972602739725,23.28767123287671,66.43835616438356,59.589041095890416,6.8493150684931505
W00008758,136,33,7,26,103,94,9,24.264705882352942,5.147058823529411,19.11764705882353,75.73529411764706,69.11764705882352,6.61764705882353
W00008759,131,48,14,34,83,76,7,36.6412213740458,10.687022900763358,25.954198473282442,63.358778625954194,58.01526717557252,5.343511450381679
W00008760,162,43,15,28,119,107,12,26.543209876543212,9.25925925925926,17.28395061728395,73.4567901234568,66.0493827160494,7.4074074074074066
W00008761,212,57,15,42,155,143,12,26.88679245283019,7.0754716981132075,19.81132075471698,73.11320754716981,67.45283018867924,5.660377358490567
W00008763,204,55,16,39,149,138,11,26.96078431372549,7.8431372549019605,19.11764705882353,73.0392156862745,67.64705882352942,5.392156862745098
W00008764,178,86,27,59,92,84,8,48.31460674157304,15.168539325842698,33.146067415730336,51.68539325842697,47.19101123595505,4.49438202247191
W00008765,121,52,14,38,69,59,10,42.97520661157025,11.570247933884298,31.40495867768595,57.02479338842975,48.760330578512395,8.264462809917356
W00008767,184,69,24,45,115,101,14,37.5,13.043478260869565,24.456521739130434,62.5,54.891304347826086,7.608695652173914
W00008768,166,51,23,28,115,104,11,30.72289156626506,13.855421686746988,16.867469879518072,69.27710843373494,62.65060240963856,6.626506024096386
W00008769,141,43,15,28,98,92,6,30.49645390070922,10.638297872340425,19.858156028368796,69.50354609929079,65.24822695035462,4.25531914893617
W00008770,144,49,15,34,95,85,10,34.02777777777778,10.416666666666668,23.61111111111111,65.97222222222221,59.02777777777778,6.944444444444445
W00008771,104,49,11,38,55,45,10,47.11538461538461,10.576923076923077,36.53846153846153,52.88461538461539,43.269230769230774,9.615384615384617
W00008773,126,46,19,27,80,68,12,36.507936507936506,15.079365079365079,21.428571428571427,63.49206349206349,53.96825396825397,9.523809523809524
W00008774,148,45,11,34,103,94,9,30.405405405405407,7.4324324324324325,22.972972972972975,69.5945945945946,63.51351351351351,6.081081081081082
W00008775,138,32,3,29,106,83,23,23.18840579710145,2.1739130434782608,21.014492753623188,76.81159420289855,60.14492753623188,16.666666666666664
W00008776,167,35,11,24,132,123,9,20.958083832335326,6.58682634730539,14.37125748502994,79.04191616766467,73.65269461077844,5.389221556886228
W00008777,137,45,8,37,92,84,8,32.846715328467155,5.839416058394161,27.00729927007299,67.15328467153284,61.31386861313869,5.839416058394161
W00009856,139,30,6,24,109,97,12,21.58273381294964,4.316546762589928,17.26618705035971,78.41726618705036,69.7841726618705,8.633093525179856
W00009857,138,53,11,42,85,69,16,38.405797101449274,7.971014492753622,30.434782608695656,61.59420289855072,50,11.594202898550725
W00009858,155,32,12,20,123,110,13,20.64516129032258,7.741935483870968,12.903225806451612,79.35483870967742,70.96774193548387,8.38709677419355
W00009859,212,51,22,29,161,143,18,24.056603773584907,10.377358490566039,13.679245283018867,75.94339622641509,67.45283018867924,8.49056603773585
W00009860,91,37,6,31,54,47,7,40.65934065934066,6.593406593406594,34.065934065934066,59.34065934065934,51.64835164835166,7.6923076923076925
W00009861,169,50,12,38,119,108,11,29.585798816568047,7.100591715976331,22.485207100591715,70.41420118343196,63.905325443786985,6.508875739644971
W00009862,211,51,16,35,160,132,28,24.170616113744074,7.5829383886255926,16.587677725118482,75.82938388625593,62.55924170616114,13.270142180094787
W00009863,166,51,20,31,115,87,28,30.72289156626506,12.048192771084338,18.67469879518072,69.27710843373494,52.40963855421686,16.867469879518072
W00009864,211,63,17,46,148,146,2,29.85781990521327,8.056872037914692,21.80094786729858,70.14218009478674,69.19431279620854,0.9478672985781991
W00009865,124,27,9,18,97,92,5,21.774193548387096,7.258064516129033,14.516129032258066,78.2258064516129,74.19354838709677,4.032258064516129
W00009866,231,44,19,25,187,171,16,19.047619047619047,8.225108225108226,10.822510822510822,80.95238095238095,74.02597402597402,6.926406926406926
W00009867,233,64,18,46,169,151,18,27.467811158798284,7.725321888412018,19.742489270386265,72.53218884120172,64.8068669527897,7.725321888412018
W00009868,222,38,9,29,184,162,22,17.117117117117118,4.054054054054054,13.063063063063062,82.88288288288288,72.97297297297297,9.90990990990991
W00009869,194,39,5,34,155,135,20,20.103092783505154,2.5773195876288657,17.525773195876287,79.89690721649485,69.58762886597938,10.309278350515463
W00009870,175,33,5,28,142,130,12,18.857142857142858,2.857142857142857,16,81.14285714285714,74.28571428571429,6.857142857142858
W00009871,170,46,5,41,124,101,23,27.058823529411764,2.941176470588235,24.11764705882353,72.94117647058823,59.411764705882355,13.529411764705882
W00009872,189,40,9,31,149,138,11,21.164021164021165,4.761904761904762,16.402116402116402,78.83597883597884,73.01587301587301,5.82010582010582
W00009873,128,47,16,31,81,74,7,36.71875,12.5,24.21875,63.28125,57.8125,5.46875
W00009874,87,20,1,19,67,60,7,22.988505747126435,1.1494252873563218,21.839080459770116,77.01149425287356,68.96551724137932,8.045977011494253
W00009875,179,30,7,23,149,143,6,16.75977653631285,3.910614525139665,12.849162011173185,83.24022346368714,79.88826815642457,3.35195530726257
W00009877,94,29,6,23,65,55,10,30.851063829787233,6.382978723404255,24.46808510638298,69.14893617021278,58.51063829787234,10.638297872340425
W00009878,261,39,7,32,222,197,25,14.942528735632186,2.681992337164751,12.260536398467432,85.0574712643678,75.47892720306514,9.578544061302683
W00009879,191,41,9,32,150,135,15,21.465968586387437,4.712041884816754,16.75392670157068,78.53403141361257,70.68062827225131,7.853403141361256
W00009880,209,48,8,40,161,139,22,22.966507177033492,3.827751196172249,19.138755980861244,77.03349282296651,66.50717703349282,10.526315789473683
W00009881,226,51,20,31,175,151,24,22.566371681415927,8.849557522123893,13.716814159292035,77.43362831858407,66.8141592920354,10.619469026548673
W00009882,122,43,6,37,79,69,10,35.24590163934426,4.918032786885246,30.327868852459016,64.75409836065575,56.557377049180324,8.19672131147541
W00009883,185,37,9,28,148,132,16,20,4.864864864864865,15.135135135135137,80,71.35135135135135,8.64864864864865
W00009884,148,27,5,22,121,109,12,18.243243243243242,3.3783783783783785,14.864864864864865,81.75675675675676,73.64864864864865,8.108108108108109
W00009885,191,47,12,35,144,130,14,24.60732984293194,6.282722513089005,18.32460732984293,75.39267015706807,68.06282722513089,7.329842931937172
W00009886,44,13,6,7,31,28,3,29.545454545454547,13.636363636363635,15.909090909090908,70.45454545454545,63.63636363636363,6.8181818181818175
W00009887,130,21,7,14,109,90,19,16.153846153846153,5.384615384615385,10.76923076923077,83.84615384615385,69.23076923076923,14.615384615384617
W00009888,205,62,20,42,143,121,22,30.24390243902439,9.75609756097561,20.48780487804878,69.7560975609756,59.02439024390244,10.731707317073171
W00009889,54,16,5,11,38,38,0,29.629629629629626,9.25925925925926,20.37037037037037,70.37037037037037,70.37037037037037,0
W00009890,161,29,13,16,132,116,16,18.012422360248447,8.074534161490684,9.937888198757763,81.98757763975155,72.04968944099379,9.937888198757763
W00009891,187,49,17,32,138,120,18,26.203208556149733,9.090909090909092,17.11229946524064,73.79679144385027,64.171122994652407,9.62566844919786
W00009892,193,56,20,36,137,119,18,29.015544041450774,10.362694300518134,18.65284974093264,70.98445595854922,61.6580310880829,9.32642487046632
W00010496,168,45,15,30,123,112,11,26.785714285714285,8.928571428571429,17.857142857142858,73.21428571428571,66.66666666666666,6.547619047619048
W00010499,190,32,8,24,158,136,22,16.842105263157894,4.2105263157894735,12.631578947368421,83.15789473684211,71.57894736842105,11.578947368421053
W00010506,168,36,12,24,132,118,14,21.428571428571427,7.142857142857142,14.285714285714285,78.57142857142857,70.23809523809523,8.333333333333332
W00010507,188,34,5,29,154,141,13,18.085106382978726,2.6595744680851063,15.425531914893616,81.91489361702128,75,6.914893617021277
W00010509,120,26,7,19,94,87,7,21.666666666666668,5.833333333333333,15.833333333333332,78.33333333333333,72.5,5.833333333333333
W00010511,177,34,6,28,143,124,19,19.2090395480226,3.389830508474576,15.819209039548024,80.7909604519774,70.05649717514125,10.734463276836157
W00010512,182,48,9,39,134,114,20,26.373626373626376,4.945054945054945,21.428571428571427,73.62637362637363,62.637362637362635,10.989010989010989
W00010514,127,47,13,34,80,71,9,37.00787401574803,10.236220472440944,26.77165354330709,62.99212598425197,55.90551181102362,7.086614173228346
W00010515,220,99,28,71,121,114,7,45,12.727272727272727,32.27272727272727,55.00000000000001,51.81818181818182,3.1818181818181817
W00010518,149,30,5,25,119,110,9,20.13422818791946,3.3557046979865772,16.778523489932887,79.86577181208054,73.8255033557047,6.0402684563758395
W00010520,191,47,9,38,144,128,16,24.60732984293194,4.712041884816754,19.895287958115183,75.39267015706807,67.01570680628272,8.37696335078534
W00010521,201,22,4,18,179,158,21,10.945273631840797,1.9900497512437811,8.955223880597014,89.05472636815921,78.60696517412936,10.44776119402985
W00010524,177,37,14,23,140,123,17,20.903954802259886,7.909604519774012,12.994350282485875,79.09604519774011,69.49152542372882,9.6045197740113
W00010527,97,19,4,15,78,72,6,19.587628865979383,4.123711340206185,15.463917525773196,80.41237113402062,74.22680412371135,6.185567010309279
W00010532,208,35,8,27,173,155,18,16.826923076923077,3.8461538461538463,12.980769230769232,83.17307692307693,74.51923076923077,8.653846153846153
W00010533,172,36,11,25,136,125,11,20.930232558139537,6.395348837209303,14.534883720930234,79.06976744186046,72.67441860465115,6.395348837209303
W00010540,178,29,6,23,149,131,18,16.292134831460675,3.3707865168539324,12.921348314606742,83.70786516853933,73.59550561797754,10.112359550561797
W00010544,218,41,10,31,177,156,21,18.807339449541285,4.587155963302752,14.220183486238533,81.19266055045871,71.55963302752293,9.63302752293578
W00010545,152,31,10,21,121,111,10,20.394736842105264,6.578947368421052,13.815789473684212,79.60526315789474,73.02631578947368,6.578947368421052
W00010547,143,41,13,28,102,91,11,28.671328671328673,9.090909090909092,19.58041958041958,71.32867132867133,63.63636363636363,7.6923076923076925
W00010548,160,46,12,34,114,94,20,28.749999999999996,7.5,21.25,71.25,58.75,12.5
W00010551,204,48,14,34,156,145,11,23.52941176470588,6.862745098039216,16.666666666666664,76.47058823529412,71.07843137254902,5.392156862745098
W00010553,266,75,36,39,191,165,26,28.195488721804512,13.533834586466165,14.661654135338345,71.80451127819549,62.03007518796993,9.774436090225564
W00010555,136,38,12,26,98,81,17,27.941176470588236,8.823529411764707,19.11764705882353,72.05882352941177,59.55882352941176,12.5
W00010557,97,30,4,26,67,55,12,30.927835051546392,4.123711340206185,26.804123711340207,69.0721649484536,56.70103092783505,12.371134020618557
W00010561,188,45,12,33,143,127,16,23.93617021276596,6.382978723404255,17.5531914893617,76.06382978723404,67.5531914893617,8.51063829787234
W00010563,174,36,8,28,138,125,13,20.689655172413794,4.597701149425287,16.091954022988507,79.3103448275862,71.83908045977012,7.471264367816093
W00010565,154,35,8,27,119,105,14,22.727272727272727,5.194805194805195,17.532467532467532,77.27272727272727,68.18181818181817,9.090909090909092
W00010566,221,37,10,27,184,156,28,16.7420814479638,4.524886877828054,12.217194570135746,83.2579185520362,70.58823529411765,12.669683257918551
W00010567,188,72,15,57,116,100,16,38.297872340425535,7.9787234042553195,30.319148936170215,61.702127659574465,53.191489361702125,8.51063829787234
W00010583,200,34,10,24,166,143,23,17,5,12,83,71.5,11.5
W00010588,219,35,8,27,184,157,27,15.981735159817351,3.65296803652968,12.32876712328767,84.01826484018264,71.68949771689498,12.32876712328767
W00010592,205,57,24,33,148,129,19,27.80487804878049,11.707317073170733,16.097560975609756,72.1951219512195,62.926829268292686,9.268292682926829
W00010593,116,31,12,19,85,72,13,26.72413793103448,10.344827586206897,16.379310344827587,73.27586206896551,62.06896551724138,11.206896551724139
W00010599,186,26,4,22,160,145,15,13.978494623655912,2.1505376344086025,11.827956989247312,86.02150537634408,77.95698924731182,8.064516129032258
W00010604,53,20,10,10,33,28,5,37.735849056603776,18.867924528301888,18.867924528301888,62.264150943396224,52.83018867924528,9.433962264150944
W00010605,134,22,5,17,112,100,12,16.417910447761194,3.731343283582089,12.686567164179104,83.5820895522388,74.6268656716418,8.955223880597014
W00010606,134,29,5,24,105,90,15,21.641791044776117,3.731343283582089,17.91044776119403,78.35820895522389,67.16417910447761,11.194029850746269
W00010607,190,31,6,25,159,135,24,16.315789473684212,3.1578947368421053,13.157894736842104,83.6842105263158,71.05263157894737,12.631578947368421
W00010608,101,27,4,23,74,64,10,26.732673267326735,3.9603960396039604,22.772277227722775,73.26732673267327,63.366336633663366,9.900990099009901
W00010609,201,26,4,22,175,157,18,12.935323383084576,1.9900497512437811,10.945273631840797,87.06467661691542,78.1094527363184,8.955223880597014
W00010611,104,38,8,30,66,51,15,36.53846153846153,7.6923076923076925,28.846153846153843,63.46153846153846,49.03846153846153,14.423076923076922
W00010616,219,46,14,32,173,146,27,21.00456621004566,6.392694063926941,14.61187214611872,78.99543378995433,66.66666666666666,12.32876712328767
W00010619,183,39,13,26,144,124,20,21.311475409836063,7.103825136612022,14.207650273224044,78.68852459016394,67.75956284153006,10.92896174863388
W00010620,164,42,11,31,122,110,12,25.609756097560975,6.707317073170732,18.902439024390244,74.39024390243902,67.07317073170732,7.317073170731707
W00010621,216,36,10,26,180,151,29,16.666666666666664,4.62962962962963,12.037037037037036,83.33333333333334,69.9074074074074,13.425925925925927
W00010624,176,38,8,30,138,121,17,21.59090909090909,4.545454545454546,17.045454545454543,78.4090909090909,68.75,9.659090909090908
W00010625,206,52,4,48,154,132,22,25.24271844660194,1.9417475728155338,23.300970873786408,74.75728155339806,64.07766990291263,10.679611650485436
W00010628,96,41,13,28,55,49,6,42.70833333333333,13.541666666666666,29.166666666666668,57.291666666666664,51.041666666666664,6.25
W00010632,169,71,12,59,98,89,9,42.01183431952663,7.100591715976331,34.9112426035503,57.98816568047337,52.662721893491124,5.325443786982249
W00010637,97,51,14,37,46,45,1,52.57731958762887,14.432989690721648,38.144329896907216,47.42268041237113,46.391752577319586,1.0309278350515463
W00010650,171,24,8,16,147,133,14,14.035087719298245,4.678362573099415,9.35672514619883,85.96491228070175,77.77777777777779,8.187134502923977
