OA,ts0380001,ts0380002,ts0380003,ts0380004,ts0380005,ts0380006,ts0380007,ts0380002_PCT,ts0380003_PCT,ts0380004_PCT,ts0380005_PCT,ts0380006_PCT,ts0380007_PCT
W00008328,274,82,43,39,192,13,179,29.927007299270077,15.693430656934307,14.233576642335766,70.07299270072993,4.744525547445255,65.32846715328468
W00008329,374,40,20,20,334,15,319,10.695187165775401,5.347593582887701,5.347593582887701,89.3048128342246,4.0106951871657754,85.29411764705883
W00008330,271,83,48,35,188,20,168,30.627306273062732,17.712177121771216,12.915129151291513,69.37269372693727,7.380073800738007,61.99261992619927
W00008331,228,56,20,36,172,23,149,24.561403508771928,8.771929824561402,15.789473684210526,75.43859649122807,10.087719298245613,65.35087719298247
W00008332,286,51,29,22,235,18,217,17.832167832167833,10.13986013986014,7.6923076923076925,82.16783216783216,6.293706293706294,75.87412587412588
W00008333,285,44,23,21,241,22,219,15.43859649122807,8.070175438596491,7.368421052631578,84.56140350877193,7.719298245614035,76.84210526315789
W00008334,192,66,26,40,126,19,107,34.375,13.541666666666666,20.833333333333336,65.625,9.895833333333332,55.729166666666664
W00008335,305,47,18,29,258,31,227,15.40983606557377,5.901639344262295,9.508196721311474,84.59016393442623,10.163934426229508,74.42622950819671
W00008336,401,97,50,47,304,22,282,24.189526184538654,12.468827930174564,11.72069825436409,75.81047381546135,5.486284289276807,70.32418952618454
W00008337,313,48,21,27,265,31,234,15.335463258785943,6.7092651757188495,8.626198083067091,84.66453674121406,9.904153354632587,74.76038338658148
W00008338,306,48,16,32,258,27,231,15.686274509803921,5.228758169934641,10.457516339869281,84.31372549019608,8.823529411764707,75.49019607843137
W00008339,287,51,23,28,236,19,217,17.770034843205575,8.013937282229964,9.75609756097561,82.22996515679442,6.620209059233449,75.60975609756098
W00008340,408,73,42,31,335,17,318,17.892156862745097,10.294117647058822,7.598039215686274,82.1078431372549,4.166666666666666,77.94117647058823
W00008341,291,68,40,28,223,13,210,23.367697594501717,13.745704467353953,9.621993127147768,76.6323024054983,4.4673539518900345,72.16494845360825
W00008342,282,37,12,25,245,16,229,13.120567375886525,4.25531914893617,8.865248226950355,86.87943262411348,5.673758865248227,81.20567375886525
W00008343,318,54,25,29,264,33,231,16.9811320754717,7.861635220125786,9.119496855345911,83.01886792452831,10.377358490566039,72.64150943396226
W00008344,314,47,25,22,267,29,238,14.968152866242038,7.961783439490445,7.006369426751593,85.03184713375796,9.235668789808917,75.79617834394905
W00008345,303,77,33,44,226,15,211,25.412541254125415,10.891089108910892,14.521452145214523,74.58745874587459,4.9504950495049505,69.63696369636963
W00008346,505,57,26,31,448,44,404,11.287128712871288,5.148514851485149,6.138613861386139,88.71287128712872,8.712871287128712,80
W00008347,272,73,38,35,199,15,184,26.838235294117645,13.970588235294118,12.867647058823529,73.16176470588235,5.514705882352941,67.64705882352942
W00008348,393,62,17,45,331,35,296,15.776081424936386,4.325699745547073,11.450381679389313,84.22391857506362,8.9058524173028,75.31806615776081
W00008349,460,94,57,37,366,42,324,20.434782608695652,12.391304347826088,8.043478260869565,79.56521739130434,9.130434782608695,70.43478260869566
W00008350,373,53,18,35,320,30,290,14.209115281501342,4.825737265415549,9.383378016085791,85.79088471849866,8.04289544235925,77.7479892761394
W00008351,306,101,56,45,205,22,183,33.006535947712415,18.30065359477124,14.705882352941178,66.99346405228758,7.18954248366013,59.80392156862745
W00008352,441,50,14,36,391,24,367,11.337868480725625,3.1746031746031744,8.16326530612245,88.66213151927438,5.442176870748299,83.21995464852607
W00008353,272,52,21,31,220,24,196,19.11764705882353,7.720588235294118,11.397058823529411,80.88235294117648,8.823529411764707,72.05882352941177
W00008354,348,44,14,30,304,37,267,12.643678160919542,4.022988505747127,8.620689655172415,87.356321839080465,10.632183908045976,76.72413793103449
W00008355,370,77,48,29,293,18,275,20.81081081081081,12.972972972972974,7.837837837837839,79.1891891891892,4.864864864864865,74.32432432432432
W00008356,320,37,18,19,283,28,255,11.5625,5.625,5.9375,88.4375,8.75,79.6875
W00008357,335,70,37,33,265,16,249,20.8955223880597,11.044776119402986,9.850746268656717,79.1044776119403,4.776119402985075,74.32835820895522
W00008358,304,50,19,31,254,20,234,16.447368421052634,6.25,10.197368421052632,83.55263157894737,6.578947368421052,76.97368421052632
W00008359,255,53,26,27,202,19,183,20.784313725490197,10.196078431372548,10.588235294117647,79.2156862745098,7.450980392156863,71.76470588235294
W00008360,262,66,36,30,196,22,174,25.190839694656486,13.740458015267176,11.450381679389313,74.80916030534351,8.396946564885496,66.41221374045801
W00008361,346,51,21,30,295,18,277,14.739884393063585,6.069364161849711,8.670520231213873,85.26011560693641,5.202312138728324,80.05780346820809
W00008362,316,73,27,46,243,27,216,23.10126582278481,8.544303797468354,14.556962025316455,76.89873417721519,8.544303797468354,68.35443037974683
W00008363,465,117,49,68,348,21,327,25.161290322580644,10.53763440860215,14.623655913978496,74.83870967741936,4.516129032258064,70.3225806451613
W00008364,400,82,38,44,318,22,296,20.5,9.5,11,79.5,5.5,74
W00008365,407,68,28,40,339,23,316,16.707616707616708,6.87960687960688,9.828009828009828,83.29238329238329,5.651105651105651,77.64127764127764
W00008366,274,57,25,32,217,16,201,20.802919708029197,9.124087591240876,11.678832116788321,79.1970802919708,5.839416058394161,73.35766423357664
W00008367,318,67,38,29,251,7,244,21.069182389937108,11.949685534591195,9.119496855345911,78.9308176100629,2.20125786163522,76.72955974842768
W00008368,336,42,17,25,294,23,271,12.5,5.059523809523809,7.440476190476191,87.5,6.845238095238096,80.65476190476191
W00008369,248,55,33,22,193,19,174,22.177419354838708,13.306451612903224,8.870967741935484,77.82258064516128,7.661290322580645,70.16129032258065
W00008370,334,61,30,31,273,19,254,18.263473053892216,8.982035928143713,9.281437125748502,81.73652694610777,5.688622754491018,76.04790419161677
W00008371,367,76,35,41,291,22,269,20.708446866485016,9.536784741144414,11.1716621253406,79.291553133515,5.994550408719346,73.29700272479565
W00008372,382,66,40,26,316,14,302,17.277486910994764,10.471204188481675,6.806282722513089,82.72251308900523,3.664921465968586,79.05759162303664
W00008373,331,78,32,46,253,13,240,23.564954682779458,9.667673716012084,13.897280966767372,76.43504531722054,3.927492447129909,72.50755287009063
W00008374,364,84,47,37,280,15,265,23.076923076923077,12.912087912087914,10.164835164835164,76.92307692307693,4.1208791208791204,72.8021978021978
W00008375,284,42,15,27,242,13,229,14.788732394366196,5.28169014084507,9.507042253521126,85.2112676056338,4.577464788732395,80.63380281690141
W00008376,313,65,31,34,248,18,230,20.766773162939298,9.904153354632587,10.86261980830671,79.2332268370607,5.7507987220447285,73.48242811501598
W00008377,248,55,32,23,193,16,177,22.177419354838708,12.903225806451612,9.274193548387096,77.82258064516128,6.451612903225806,71.37096774193549
W00008378,392,95,56,39,297,17,280,24.23469387755102,14.285714285714285,9.948979591836734,75.76530612244898,4.336734693877551,71.42857142857143
W00008379,328,56,25,31,272,19,253,17.073170731707318,7.621951219512195,9.451219512195122,82.92682926829268,5.7926829268292686,77.13414634146342
W00008380,323,49,29,20,274,20,254,15.170278637770899,8.978328173374612,6.191950464396285,84.82972136222911,6.191950464396285,78.63777089783281
W00008381,325,57,26,31,268,20,248,17.53846153846154,8,9.538461538461538,82.46153846153847,6.153846153846154,76.3076923076923
W00008382,304,70,34,36,234,18,216,23.026315789473685,11.18421052631579,11.842105263157894,76.97368421052632,5.921052631578947,71.05263157894737
W00008383,277,73,25,48,204,23,181,26.353790613718413,9.025270758122744,17.328519855595665,73.6462093862816,8.303249097472925,65.34296028880865
W00008384,305,58,26,32,247,26,221,19.01639344262295,8.524590163934425,10.491803278688524,80.98360655737706,8.524590163934425,72.45901639344262
W00008385,249,65,40,25,184,10,174,26.104417670682732,16.06425702811245,10.040160642570282,73.89558232931726,4.016064257028113,69.87951807228916
W00008386,292,75,44,31,217,17,200,25.684931506849317,15.068493150684931,10.616438356164384,74.31506849315068,5.821917808219178,68.4931506849315
W00008387,284,72,42,30,212,7,205,25.352112676056336,14.788732394366196,10.56338028169014,74.64788732394366,2.464788732394366,72.1830985915493
W00008388,324,58,25,33,266,22,244,17.901234567901234,7.716049382716049,10.185185185185185,82.09876543209876,6.790123456790123,75.30864197530865
W00008389,249,71,41,30,178,10,168,28.514056224899598,16.46586345381526,12.048192771084338,71.4859437751004,4.016064257028113,67.46987951807229
W00008390,291,69,41,28,222,12,210,23.711340206185564,14.0893470790378,9.621993127147768,76.28865979381443,4.123711340206185,72.16494845360825
W00008391,278,49,16,33,229,25,204,17.62589928057554,5.755395683453238,11.870503597122301,82.37410071942446,8.992805755395683,73.38129496402878
W00008392,252,59,33,26,193,16,177,23.41269841269841,13.095238095238097,10.317460317460316,76.5873015873016,6.349206349206349,70.23809523809523
W00008393,309,45,20,25,264,26,238,14.563106796116504,6.472491909385113,8.090614886731391,85.43689320388349,8.414239482200648,77.02265372168284
W00008394,350,39,12,27,311,19,292,11.142857142857142,3.428571428571429,7.7142857142857135,88.85714285714286,5.428571428571429,83.42857142857143
W00008395,298,58,22,36,240,26,214,19.463087248322147,7.38255033557047,12.080536912751679,80.53691275167785,8.724832214765101,71.81208053691275
W00008396,292,56,26,30,236,26,210,19.17808219178082,8.904109589041095,10.273972602739725,80.82191780821918,8.904109589041095,71.91780821917808
W00008397,319,75,50,25,244,23,221,23.510971786833856,15.673981191222571,7.836990595611286,76.48902821316614,7.210031347962382,69.27899686520375
W00008398,301,34,21,13,267,20,247,11.295681063122924,6.976744186046512,4.318936877076411,88.70431893687709,6.64451827242525,82.05980066445183
W00008399,325,48,19,29,277,25,252,14.76923076923077,5.846153846153846,8.923076923076923,85.23076923076923,7.6923076923076925,77.53846153846153
W00008400,280,61,32,29,219,18,201,21.785714285714285,11.428571428571429,10.357142857142858,78.21428571428571,6.428571428571428,71.78571428571429
W00008401,320,58,29,29,262,22,240,18.125,9.0625,9.0625,81.875,6.875000000000001,75
W00008402,324,64,33,31,260,20,240,19.753086419753085,10.185185185185185,9.5679012345679,80.24691358024691,6.172839506172839,74.07407407407408
W00008403,335,72,39,33,263,20,243,21.492537313432834,11.641791044776118,9.850746268656717,78.50746268656717,5.970149253731343,72.53731343283583
W00008404,254,57,23,34,197,10,187,22.440944881889763,9.05511811023622,13.385826771653544,77.55905511811024,3.937007874015748,73.62204724409449
W00008405,300,51,29,22,249,19,230,17,9.666666666666666,7.333333333333333,83,6.333333333333334,76.66666666666667
W00008406,269,63,29,34,206,10,196,23.42007434944238,10.780669144981413,12.639405204460965,76.57992565055763,3.717472118959108,72.86245353159852
W00008407,355,57,26,31,298,19,279,16.056338028169016,7.323943661971831,8.732394366197182,83.94366197183099,5.352112676056338,78.59154929577464
W00008408,224,105,58,47,119,10,109,46.875,25.892857142857146,20.982142857142858,53.125,4.464285714285714,48.660714285714285
W00008409,340,84,44,40,256,24,232,24.705882352941178,12.941176470588237,11.76470588235294,75.29411764705883,7.0588235294117645,68.23529411764706
W00008411,264,71,43,28,193,24,169,26.89393939393939,16.28787878787879,10.606060606060606,73.10606060606061,9.090909090909092,64.01515151515152
W00008412,279,84,50,34,195,10,185,30.107526881720432,17.921146953405017,12.186379928315413,69.89247311827957,3.584229390681003,66.30824372759857
W00008413,206,59,33,26,147,11,136,28.640776699029125,16.019417475728158,12.62135922330097,71.35922330097088,5.339805825242718,66.01941747572816
W00008414,330,89,46,43,241,13,228,26.969696969696972,13.939393939393941,13.030303030303031,73.03030303030303,3.939393939393939,69.0909090909091
W00008415,248,67,40,27,181,14,167,27.016129032258064,16.129032258064516,10.887096774193548,72.98387096774194,5.64516129032258,67.33870967741935
W00008416,246,64,30,34,182,8,174,26.01626016260163,12.195121951219512,13.821138211382115,73.98373983739837,3.2520325203252036,70.73170731707317
W00008417,250,52,28,24,198,17,181,20.8,11.200000000000001,9.6,79.2,6.800000000000001,72.39999999999999
W00008418,256,76,33,43,180,12,168,29.6875,12.890625,16.796875,70.3125,4.6875,65.625
W00008419,224,63,31,32,161,11,150,28.125,13.839285714285715,14.285714285714285,71.875,4.910714285714286,66.96428571428571
W00008420,316,84,45,39,232,20,212,26.582278481012654,14.240506329113925,12.341772151898734,73.41772151898735,6.329113924050633,67.08860759493672
W00008421,224,67,39,28,157,10,147,29.910714285714285,17.410714285714285,12.5,70.08928571428571,4.464285714285714,65.625
W00008422,289,65,33,32,224,18,206,22.491349480968857,11.418685121107266,11.072664359861593,77.50865051903114,6.228373702422145,71.280276816609
W00008423,235,73,49,24,162,18,144,31.06382978723404,20.851063829787233,10.212765957446807,68.93617021276596,7.659574468085106,61.27659574468085
W00008424,373,106,46,60,267,14,253,28.418230563002684,12.332439678284182,16.0857908847185,71.58176943699732,3.753351206434316,67.828418230563
W00008425,295,72,37,35,223,18,205,24.40677966101695,12.54237288135593,11.864406779661017,75.59322033898304,6.101694915254238,69.49152542372882
W00008426,278,81,46,35,197,19,178,29.136690647482016,16.546762589928058,12.589928057553957,70.86330935251799,6.83453237410072,64.02877697841727
W00008427,255,67,33,34,188,16,172,26.27450980392157,12.941176470588237,13.333333333333334,73.72549019607844,6.2745098039215685,67.45098039215686
W00008428,301,66,38,28,235,27,208,21.92691029900332,12.624584717607974,9.30232558139535,78.07308970099668,8.970099667774086,69.10299003322258
W00008429,281,85,36,49,196,17,179,30.2491103202847,12.811387900355871,17.437722419928825,69.7508896797153,6.049822064056939,63.70106761565836
W00008430,304,94,58,36,210,20,190,30.92105263157895,19.078947368421055,11.842105263157894,69.07894736842105,6.578947368421052,62.5
W00008431,305,67,37,30,238,22,216,21.9672131147541,12.131147540983607,9.836065573770492,78.0327868852459,7.213114754098362,70.81967213114754
W00008432,292,82,42,40,210,11,199,28.08219178082192,14.383561643835616,13.698630136986301,71.91780821917808,3.767123287671233,68.15068493150685
W00008433,541,188,123,65,353,13,340,34.750462107208875,22.73567467652495,12.014787430683919,65.24953789279112,2.4029574861367835,62.84658040665434
W00008434,307,100,66,34,207,15,192,32.57328990228013,21.49837133550489,11.074918566775244,67.42671009771986,4.88599348534202,62.54071661237784
W00008435,263,83,45,38,180,8,172,31.55893536121673,17.110266159695815,14.44866920152091,68.44106463878326,3.041825095057034,65.39923954372624
W00008436,300,40,18,22,260,31,229,13.333333333333334,6,7.333333333333333,86.66666666666667,10.333333333333334,76.33333333333333
W00008437,315,39,12,27,276,36,240,12.380952380952381,3.8095238095238098,8.571428571428571,87.61904761904762,11.428571428571429,76.19047619047619
W00008438,234,60,26,34,174,15,159,25.64102564102564,11.11111111111111,14.529914529914532,74.35897435897436,6.41025641025641,67.94871794871796
W00008439,469,76,40,36,393,37,356,16.204690831556505,8.528784648187633,7.675906183368871,83.7953091684435,7.889125799573561,75.90618336886993
W00008440,254,52,17,35,202,31,171,20.47244094488189,6.692913385826772,13.779527559055119,79.52755905511812,12.204724409448819,67.32283464566929
W00008441,264,50,22,28,214,14,200,18.939393939393938,8.333333333333332,10.606060606060606,81.06060606060606,5.303030303030303,75.75757575757575
W00008442,278,30,11,19,248,24,224,10.79136690647482,3.9568345323741005,6.83453237410072,89.20863309352518,8.633093525179856,80.57553956834532
W00008443,364,72,32,40,292,27,265,19.78021978021978,8.791208791208792,10.989010989010989,80.21978021978022,7.417582417582418,72.8021978021978
W00008444,548,67,29,38,481,41,440,12.226277372262775,5.291970802919708,6.934306569343065,87.77372262773723,7.481751824817519,80.2919708029197
W00008445,214,59,32,27,155,19,136,27.570093457943923,14.953271028037381,12.616822429906541,72.42990654205607,8.878504672897195,63.55140186915887
W00008446,281,48,18,30,233,20,213,17.08185053380783,6.405693950177936,10.676156583629894,82.91814946619218,7.11743772241993,75.80071174377224
W00008447,300,51,16,35,249,24,225,17,5.333333333333334,11.666666666666666,83,8,75
W00008448,300,86,44,42,214,22,192,28.666666666666668,14.666666666666666,14.000000000000002,71.33333333333334,7.333333333333333,64
W00008449,254,40,19,21,214,22,192,15.748031496062993,7.480314960629922,8.267716535433072,84.25196850393701,8.661417322834646,75.59055118110236
W00008450,138,87,58,29,51,7,44,63.04347826086957,42.028985507246375,21.014492753623188,36.95652173913043,5.072463768115942,31.88405797101449
W00008451,315,60,21,39,255,29,226,19.047619047619047,6.666666666666667,12.380952380952381,80.95238095238095,9.206349206349207,71.74603174603175
W00008452,322,90,48,42,232,28,204,27.95031055900621,14.906832298136646,13.043478260869565,72.04968944099379,8.695652173913043,63.35403726708074
W00008453,303,78,37,41,225,16,209,25.742574257425744,12.211221122112212,13.531353135313532,74.25742574257426,5.2805280528052805,68.97689768976898
W00008454,276,37,15,22,239,26,213,13.405797101449277,5.434782608695652,7.971014492753622,86.59420289855072,9.420289855072465,77.17391304347827
W00008455,276,38,16,22,238,19,219,13.768115942028986,5.797101449275362,7.971014492753622,86.23188405797102,6.884057971014493,79.34782608695652
W00008456,360,47,18,29,313,21,292,13.055555555555557,5,8.055555555555555,86.94444444444444,5.833333333333333,81.11111111111111
W00008457,282,59,21,38,223,22,201,20.921985815602838,7.446808510638298,13.47517730496454,79.07801418439716,7.801418439716312,71.27659574468085
W00008458,247,67,35,32,180,22,158,27.125506072874494,14.17004048582996,12.955465587044534,72.8744939271255,8.906882591093117,63.96761133603239
W00008459,304,53,25,28,251,18,233,17.434210526315788,8.223684210526317,9.210526315789473,82.56578947368422,5.921052631578947,76.64473684210526
W00008460,204,42,17,25,162,16,146,20.588235294117645,8.333333333333332,12.254901960784313,79.41176470588235,7.8431372549019605,71.56862745098039
W00008461,272,33,9,24,239,23,216,12.132352941176471,3.308823529411765,8.823529411764707,87.86764705882352,8.455882352941178,79.41176470588235
W00008462,299,70,16,54,229,26,203,23.411371237458194,5.351170568561873,18.06020066889632,76.58862876254182,8.695652173913043,67.89297658862876
W00008463,373,79,35,44,294,26,268,21.179624664879356,9.383378016085791,11.796246648793565,78.82037533512064,6.970509383378016,71.84986595174263
W00008464,310,78,40,38,232,13,219,25.161290322580644,12.903225806451612,12.258064516129032,74.83870967741936,4.193548387096775,70.64516129032258
W00008465,261,53,21,32,208,24,184,20.306513409961685,8.045977011494253,12.260536398467432,79.6934865900383,9.195402298850574,70.49808429118774
W00008466,373,58,31,27,315,23,292,15.549597855227882,8.310991957104557,7.238605898123325,84.45040214477211,6.166219839142091,78.28418230563003
W00008467,349,65,32,33,284,26,258,18.624641833810887,9.169054441260744,9.455587392550143,81.37535816618912,7.4498567335243555,73.92550143266476
W00008468,189,78,48,30,111,12,99,41.269841269841265,25.396825396825395,15.873015873015872,58.730158730158735,6.349206349206349,52.38095238095239
W00008469,315,81,41,40,234,13,221,25.71428571428571,13.015873015873018,12.698412698412698,74.28571428571429,4.1269841269841265,70.15873015873015
W00008470,450,96,40,56,354,23,331,21.333333333333336,8.88888888888889,12.444444444444445,78.66666666666666,5.111111111111112,73.55555555555556
W00008471,320,55,32,23,265,18,247,17.1875,10,7.187499999999999,82.8125,5.625,77.1875
W00008472,277,57,24,33,220,16,204,20.577617328519857,8.664259927797833,11.913357400722022,79.42238267148014,5.776173285198556,73.6462093862816
W00008473,265,68,33,35,197,9,188,25.660377358490567,12.452830188679245,13.20754716981132,74.33962264150942,3.3962264150943398,70.94339622641509
W00008474,303,83,45,38,220,8,212,27.39273927392739,14.85148514851485,12.541254125412541,72.60726072607261,2.6402640264026402,69.96699669966998
W00008475,281,74,42,32,207,16,191,26.334519572953734,14.94661921708185,11.387900355871885,73.66548042704626,5.6939501779359425,67.97153024911033
W00008476,450,93,47,46,357,19,338,20.666666666666668,10.444444444444445,10.222222222222223,79.33333333333333,4.222222222222222,75.1111111111111
W00008477,283,57,27,30,226,18,208,20.141342756183743,9.540636042402827,10.60070671378092,79.85865724381625,6.36042402826855,73.4982332155477
W00008478,302,67,34,33,235,8,227,22.185430463576157,11.258278145695364,10.927152317880795,77.81456953642383,2.6490066225165565,75.16556291390728
W00008479,275,60,36,24,215,13,202,21.818181818181817,13.090909090909092,8.727272727272728,78.18181818181819,4.7272727272727275,73.45454545454545
W00008480,226,60,38,22,166,19,147,26.548672566371685,16.8141592920354,9.734513274336283,73.45132743362832,8.4070796460177,65.04424778761062
W00008481,313,122,66,56,191,20,171,38.977635782747605,21.08626198083067,17.89137380191693,61.0223642172524,6.3897763578274756,54.632587859424916
W00008482,364,63,36,27,301,33,268,17.307692307692307,9.89010989010989,7.417582417582418,82.6923076923077,9.065934065934066,73.62637362637363
W00008483,254,109,60,49,145,17,128,42.91338582677165,23.62204724409449,19.291338582677163,57.08661417322835,6.692913385826772,50.39370078740157
W00008484,251,62,34,28,189,11,178,24.701195219123505,13.545816733067728,11.155378486055776,75.2988047808765,4.382470119521913,70.91633466135458
W00008485,295,45,21,24,250,24,226,15.254237288135593,7.118644067796611,8.135593220338983,84.7457627118644,8.135593220338983,76.61016949152543
W00008486,240,40,18,22,200,19,181,16.666666666666664,7.5,9.166666666666666,83.33333333333334,7.916666666666666,75.41666666666667
W00008487,261,43,20,23,218,12,206,16.47509578544061,7.662835249042145,8.812260536398467,83.5249042145594,4.597701149425287,78.9272030651341
W00008488,368,75,23,52,293,19,274,20.380434782608695,6.25,14.130434782608695,79.61956521739131,5.163043478260869,74.45652173913044
W00008489,281,54,24,30,227,25,202,19.217081850533805,8.540925266903916,10.676156583629894,80.78291814946618,8.896797153024911,71.88612099644128
W00008490,274,52,18,34,222,17,205,18.97810218978102,6.569343065693431,12.408759124087592,81.02189781021897,6.204379562043796,74.81751824817519
W00008491,317,58,27,31,259,22,237,18.29652996845426,8.517350157728707,9.779179810725552,81.70347003154575,6.940063091482649,74.76340694006309
W00008492,167,74,38,36,93,18,75,44.31137724550898,22.75449101796407,21.55688622754491,55.688622754491014,10.778443113772456,44.91017964071856
W00008493,387,38,16,22,349,33,316,9.819121447028424,4.1343669250646,5.684754521963824,90.18087855297158,8.527131782945736,81.65374677002583
W00008494,160,58,31,27,102,9,93,36.25,19.375,16.875,63.74999999999999,5.625,58.12500000000001
W00008495,324,36,8,28,288,32,256,11.11111111111111,2.4691358024691357,8.641975308641975,88.88888888888889,9.876543209876543,79.01234567901234
W00008496,263,47,21,26,216,28,188,17.870722433460077,7.984790874524715,9.885931558935361,82.12927756653993,10.646387832699618,71.48288973384031
W00008497,320,50,15,35,270,25,245,15.625,4.6875,10.9375,84.375,7.8125,76.5625
W00008499,312,43,14,29,269,23,246,13.782051282051283,4.487179487179487,9.294871794871796,86.21794871794873,7.371794871794872,78.84615384615384
W00008500,307,65,24,41,242,32,210,21.172638436482085,7.81758957654723,13.355048859934854,78.82736156351791,10.423452768729643,68.40390879478826
W00008501,304,51,15,36,253,33,220,16.776315789473685,4.934210526315789,11.842105263157894,83.22368421052632,10.855263157894738,72.36842105263158
W00008503,294,34,19,15,260,18,242,11.564625850340136,6.462585034013606,5.1020408163265305,88.43537414965986,6.122448979591836,82.31292517006803
W00008504,255,45,16,29,210,32,178,17.647058823529413,6.2745098039215685,11.372549019607844,82.35294117647058,12.549019607843137,69.80392156862744
W00008505,350,70,27,43,280,27,253,20,7.7142857142857135,12.285714285714286,80,7.7142857142857135,72.28571428571429
W00008506,549,78,27,51,471,40,431,14.207650273224044,4.918032786885246,9.289617486338798,85.79234972677595,7.285974499089254,78.5063752276867
W00008507,263,31,13,18,232,28,204,11.787072243346007,4.942965779467681,6.844106463878327,88.212927756654,10.646387832699618,77.56653992395437
W00008508,199,31,19,12,168,18,150,15.577889447236181,9.547738693467336,6.030150753768844,84.42211055276381,9.045226130653267,75.37688442211056
W00008509,423,61,22,39,362,23,339,14.420803782505912,5.200945626477541,9.219858156028367,85.57919621749409,5.4373522458628845,80.1418439716312
W00008510,334,43,11,32,291,28,263,12.874251497005988,3.293413173652695,9.580838323353294,87.12574850299401,8.383233532934131,78.74251497005989
W00008511,347,49,18,31,298,19,279,14.121037463976945,5.187319884726225,8.93371757925072,85.87896253602305,5.475504322766571,80.403458213256485
W00008512,385,57,20,37,328,24,304,14.805194805194805,5.194805194805195,9.61038961038961,85.19480519480518,6.233766233766234,78.96103896103897
W00008513,145,24,13,11,121,8,113,16.551724137931036,8.96551724137931,7.586206896551724,83.44827586206897,5.517241379310345,77.93103448275862
W00008515,514,56,23,33,458,27,431,10.894941634241246,4.474708171206226,6.420233463035019,89.10505836575877,5.252918287937743,83.85214007782102
W00008516,274,51,32,19,223,22,201,18.613138686131386,11.678832116788321,6.934306569343065,81.38686131386861,8.02919708029197,73.35766423357664
W00008517,520,62,20,42,458,49,409,11.923076923076923,3.8461538461538463,8.076923076923077,88.07692307692308,9.423076923076923,78.65384615384615
W00008518,409,88,45,43,321,39,282,21.515892420537895,11.00244498777506,10.513447432762836,78.4841075794621,9.5354523227383865,68.94865525672371
W00008519,220,63,33,30,157,11,146,28.636363636363637,15,13.636363636363635,71.36363636363636,5,66.36363636363637
W00008520,377,63,32,31,314,45,269,16.710875331564985,8.488063660477453,8.222811671087534,83.28912466843501,11.936339522546419,71.3527851458886
W00008521,277,46,25,21,231,21,210,16.60649819494585,9.025270758122744,7.581227436823104,83.39350180505414,7.581227436823104,75.81227436823104
W00008522,201,52,21,31,149,16,133,25.870646766169152,10.44776119402985,15.422885572139302,74.12935323383084,7.960199004975125,66.16915422885572
W00008523,250,43,16,27,207,14,193,17.2,6.4,10.8,82.8,5.6000000000000005,77.2
W00008524,332,42,19,23,290,24,266,12.650602409638553,5.72289156626506,6.927710843373494,87.34939759036145,7.228915662650602,80.12048192771084
W00008526,290,55,26,29,235,17,218,18.96551724137931,8.96551724137931,10,81.03448275862068,5.862068965517241,75.17241379310344
W00008527,294,43,25,18,251,20,231,14.625850340136054,8.503401360544217,6.122448979591836,85.37414965986395,6.802721088435375,78.57142857142857
W00008529,295,54,25,29,241,20,221,18.305084745762713,8.47457627118644,9.830508474576272,81.69491525423729,6.779661016949152,74.91525423728814
W00008530,210,65,40,25,145,8,137,30.952380952380953,19.047619047619047,11.904761904761903,69.04761904761905,3.8095238095238098,65.23809523809524
W00008531,278,39,19,20,239,20,219,14.028776978417264,6.83453237410072,7.1942446043165464,85.97122302158273,7.1942446043165464,78.77697841726618
W00008532,257,46,16,30,211,19,192,17.898832684824903,6.22568093385214,11.673151750972762,82.10116731517509,7.392996108949417,74.70817120622569
W00008534,309,47,22,25,262,19,243,15.210355987055015,7.119741100323624,8.090614886731391,84.78964401294499,6.148867313915858,78.64077669902912
W00008535,272,68,42,26,204,18,186,25,15.441176470588236,9.558823529411764,75,6.61764705882353,68.38235294117648
W00008536,333,52,22,30,281,15,266,15.615615615615615,6.606606606606606,9.00900900900901,84.38438438438438,4.504504504504505,79.87987987987988
W00008537,400,76,36,40,324,22,302,19,9,10,81,5.5,75.5
W00008538,265,57,26,31,208,22,186,21.50943396226415,9.811320754716983,11.69811320754717,78.49056603773586,8.30188679245283,70.18867924528301
W00008539,290,71,32,39,219,22,197,24.482758620689655,11.03448275862069,13.448275862068964,75.51724137931033,7.586206896551724,67.93103448275862
W00008540,347,61,29,32,286,18,268,17.579250720461097,8.357348703170029,9.221902017291066,82.42074927953891,5.187319884726225,77.23342939481267
W00008542,298,55,26,29,243,15,228,18.456375838926174,8.724832214765101,9.731543624161073,81.54362416107382,5.033557046979865,76.51006711409396
W00008543,277,69,35,34,208,12,196,24.90974729241877,12.63537906137184,12.274368231046932,75.09025270758123,4.332129963898916,70.7581227436823
W00008544,426,67,34,33,359,15,344,15.727699530516432,7.981220657276995,7.746478873239436,84.27230046948357,3.5211267605633805,80.75117370892019
W00008545,302,55,25,30,247,18,229,18.211920529801322,8.27814569536424,9.933774834437086,81.78807947019867,5.960264900662252,75.82781456953643
W00008546,256,45,19,26,211,28,183,17.578125,7.421875,10.15625,82.421875,10.9375,71.484375
W00008547,333,59,22,37,274,21,253,17.71771771771772,6.606606606606606,11.11111111111111,82.28228228228228,6.306306306306306,75.97597597597597
W00008548,293,47,21,26,246,19,227,16.040955631399317,7.167235494880546,8.873720136518772,83.95904436860067,6.484641638225256,77.47440273037543
W00008549,317,77,43,34,240,10,230,24.290220820189273,13.564668769716087,10.725552050473187,75.70977917981072,3.1545741324921135,72.55520504731862
W00008550,359,91,47,44,268,12,256,25.348189415041784,13.09192200557103,12.256267409470752,74.65181058495823,3.3426183844011144,71.3091922005571
W00008551,297,58,23,35,239,34,205,19.52861952861953,7.744107744107744,11.784511784511785,80.47138047138047,11.447811447811448,69.02356902356902
W00008552,543,123,68,55,420,21,399,22.65193370165746,12.52302025782689,10.128913443830571,77.34806629834254,3.867403314917127,73.48066298342542
W00008553,339,56,16,40,283,21,262,16.519174041297934,4.71976401179941,11.799410029498524,83.48082595870207,6.1946902654867255,77.28613569321534
W00008554,228,48,31,17,180,15,165,21.052631578947366,13.596491228070176,7.456140350877193,78.94736842105263,6.578947368421052,72.36842105263158
W00008555,353,95,49,46,258,23,235,26.912181303116146,13.881019830028329,13.031161473087819,73.08781869688386,6.515580736543909,66.57223796033995
W00008556,600,91,33,58,509,28,481,15.166666666666668,5.5,9.666666666666666,84.83333333333334,4.666666666666667,80.16666666666666
W00008557,356,87,43,44,269,10,259,24.43820224719101,12.07865168539326,12.359550561797752,75.56179775280899,2.8089887640449436,72.75280898876404
W00008558,270,67,32,35,203,20,183,24.814814814814813,11.851851851851853,12.962962962962962,75.18518518518519,7.4074074074074066,67.77777777777779
W00008559,194,58,31,27,136,6,130,29.896907216494846,15.979381443298967,13.917525773195877,70.10309278350515,3.0927835051546393,67.0103092783505
W00008560,284,54,24,30,230,18,212,19.014084507042252,8.450704225352112,10.56338028169014,80.98591549295774,6.338028169014084,74.64788732394366
W00008561,313,52,25,27,261,22,239,16.61341853035144,7.987220447284344,8.626198083067091,83.38658146964856,7.0287539936102235,76.35782747603834
W00008562,281,59,33,26,222,11,211,20.99644128113879,11.743772241992882,9.252669039145907,79.00355871886121,3.9145907473309607,75.08896797153025
W00008563,318,71,40,31,247,10,237,22.32704402515723,12.578616352201259,9.748427672955975,77.67295597484278,3.1446540880503147,74.52830188679245
W00008564,173,34,20,14,139,13,126,19.653179190751445,11.560693641618498,8.092485549132949,80.34682080924856,7.514450867052023,72.83236994219652
W00008565,299,69,35,34,230,21,209,23.076923076923077,11.705685618729097,11.37123745819398,76.92307692307693,7.023411371237458,69.89966555183946
W00008566,445,95,45,50,350,18,332,21.34831460674157,10.112359550561797,11.235955056179774,78.65168539325843,4.044943820224719,74.6067415730337
W00008567,326,61,29,32,265,19,246,18.711656441717793,8.895705521472392,9.815950920245399,81.28834355828221,5.828220858895705,75.4601226993865
W00008569,212,29,9,20,183,17,166,13.679245283018867,4.245283018867925,9.433962264150944,86.32075471698113,8.018867924528301,78.30188679245283
W00008570,290,53,26,27,237,22,215,18.275862068965516,8.96551724137931,9.310344827586208,81.72413793103448,7.586206896551724,74.13793103448276
W00008571,301,82,46,36,219,19,200,27.242524916943523,15.282392026578073,11.960132890365449,72.75747508305648,6.312292358803987,66.44518272425249
W00008572,302,80,44,36,222,18,204,26.490066225165563,14.56953642384106,11.920529801324504,73.50993377483444,5.960264900662252,67.54966887417218
W00008573,299,38,15,23,261,31,230,12.709030100334449,5.016722408026756,7.6923076923076925,87.29096989966555,10.367892976588628,76.92307692307693
W00008574,366,91,55,36,275,28,247,24.863387978142075,15.027322404371585,9.836065573770492,75.13661202185791,7.650273224043716,67.4863387978142
W00008575,304,68,29,39,236,28,208,22.36842105263158,9.539473684210527,12.828947368421053,77.63157894736842,9.210526315789473,68.42105263157895
W00008576,332,60,34,26,272,21,251,18.072289156626507,10.240963855421686,7.83132530120482,81.92771084337349,6.325301204819277,75.6024096385542
W00008577,280,54,21,33,226,27,199,19.28571428571429,7.5,11.785714285714285,80.71428571428572,9.642857142857144,71.07142857142857
W00008578,386,100,69,31,286,24,262,25.906735751295333,17.875647668393782,8.031088082901555,74.09326424870466,6.217616580310881,67.87564766839378
W00008579,316,49,19,30,267,27,240,15.50632911392405,6.012658227848101,9.49367088607595,84.49367088607595,8.544303797468354,75.9493670886076
W00008580,347,70,34,36,277,24,253,20.172910662824208,9.798270893371757,10.37463976945245,79.82708933717579,6.9164265129683,72.91066282420749
W00008581,310,58,21,37,252,28,224,18.70967741935484,6.774193548387098,11.935483870967742,81.29032258064515,9.032258064516128,72.25806451612902
W00008582,285,51,21,30,234,23,211,17.894736842105264,7.368421052631578,10.526315789473683,82.10526315789474,8.070175438596491,74.03508771929825
W00008583,290,71,32,39,219,14,205,24.482758620689655,11.03448275862069,13.448275862068964,75.51724137931033,4.827586206896552,70.6896551724138
W00008584,191,56,27,29,135,5,130,29.31937172774869,14.136125654450263,15.18324607329843,70.68062827225131,2.6178010471204187,68.06282722513089
W00008585,321,43,17,26,278,31,247,13.395638629283487,5.29595015576324,8.09968847352025,86.6043613707165,9.657320872274143,76.94704049844236
W00008586,289,59,19,40,230,30,200,20.415224913494807,6.5743944636678195,13.84083044982699,79.58477508650519,10.380622837370241,69.20415224913495
W00008587,255,50,23,27,205,20,185,19.607843137254903,9.019607843137255,10.588235294117647,80.3921568627451,7.8431372549019605,72.54901960784314
W00008588,272,47,16,31,225,20,205,17.27941176470588,5.88235294117647,11.397058823529411,82.72058823529412,7.352941176470589,75.36764705882352
W00008589,287,67,27,40,220,28,192,23.34494773519164,9.40766550522648,13.937282229965156,76.65505226480836,9.75609756097561,66.89895470383276
W00008590,331,80,52,28,251,15,236,24.169184290030213,15.709969788519636,8.459214501510575,75.83081570996978,4.531722054380665,71.29909365558912
W00008591,160,70,41,29,90,7,83,43.75,25.624999999999996,18.125,56.25,4.375,51.87500000000001
W00008592,271,48,25,23,223,17,206,17.712177121771216,9.22509225092251,8.487084870848708,82.28782287822878,6.273062730627306,76.01476014760148
W00008593,302,75,26,49,227,27,200,24.834437086092713,8.609271523178808,16.225165562913908,75.16556291390728,8.940397350993377,66.22516556291392
W00008594,224,49,15,34,175,11,164,21.875,6.696428571428571,15.178571428571427,78.125,4.910714285714286,73.21428571428571
W00008595,301,56,23,33,245,24,221,18.6046511627907,7.641196013289036,10.96345514950166,81.3953488372093,7.973421926910299,73.421926910299
W00008599,359,39,13,26,320,37,283,10.86350974930362,3.6211699164345403,7.242339832869081,89.13649025069638,10.30640668523677,78.8300835654596
W00008600,341,44,12,32,297,27,270,12.903225806451612,3.519061583577713,9.3841642228739,87.09677419354838,7.9178885630498534,79.17888563049853
W00008601,515,68,28,40,447,32,415,13.203883495145632,5.436893203883495,7.766990291262135,86.79611650485437,6.213592233009709,80.58252427184466
W00008602,392,44,14,30,348,32,316,11.224489795918368,3.571428571428571,7.653061224489796,88.77551020408163,8.16326530612245,80.61224489795919
W00008603,443,111,61,50,332,31,301,25.056433408577877,13.769751693002258,11.286681715575622,74.94356659142211,6.997742663656885,67.94582392776523
W00008604,350,65,30,35,285,28,257,18.571428571428573,8.571428571428571,10,81.42857142857143,8,73.42857142857143
W00008605,312,37,9,28,275,16,259,11.858974358974358,2.8846153846153846,8.974358974358974,88.14102564102564,5.128205128205128,83.01282051282051
W00008606,343,99,48,51,244,19,225,28.86297376093295,13.994169096209912,14.868804664723031,71.13702623906705,5.539358600583091,65.59766763848397
W00008607,439,86,32,54,353,36,317,19.58997722095672,7.289293849658314,12.300683371298406,80.41002277904327,8.200455580865604,72.20956719817767
W00008608,347,69,37,32,278,18,260,19.88472622478386,10.662824207492795,9.221902017291066,80.11527377521614,5.187319884726225,74.92795389048992
W00008610,551,106,60,46,445,12,433,19.237749546279492,10.88929219600726,8.348457350272232,80.76225045372051,2.1778584392014517,78.58439201451905
W00008611,360,131,91,40,229,3,226,36.388888888888886,25.27777777777778,11.11111111111111,63.61111111111111,0.8333333333333334,62.77777777777778
W00008612,225,56,31,25,169,8,161,24.88888888888889,13.777777777777779,11.11111111111111,75.1111111111111,3.5555555555555554,71.55555555555554
W00008613,359,47,20,27,312,11,301,13.09192200557103,5.571030640668524,7.520891364902507,86.90807799442896,3.064066852367688,83.84401114206128
W00008614,489,56,34,22,433,18,415,11.451942740286299,6.952965235173824,4.4989775051124745,88.5480572597137,3.6809815950920246,84.86707566462167
W00008615,551,85,30,55,466,14,452,15.426497277676951,5.44464609800363,9.98185117967332,84.57350272232304,2.540834845735027,82.03266787658802
W00008616,183,66,44,22,117,13,104,36.0655737704918,24.043715846994534,12.021857923497267,63.934426229508205,7.103825136612022,56.830601092896174
W00008618,234,64,36,28,170,8,162,27.350427350427353,15.384615384615385,11.965811965811966,72.64957264957265,3.418803418803419,69.23076923076923
W00008619,535,121,65,56,414,9,405,22.61682242990654,12.149532710280374,10.46728971962617,77.38317757009345,1.6822429906542056,75.70093457943925
W00008620,406,97,35,62,309,15,294,23.891625615763548,8.620689655172415,15.270935960591133,76.10837438423646,3.6945812807881775,72.41379310344827
W00008621,207,42,23,19,165,6,159,20.28985507246377,11.11111111111111,9.178743961352657,79.71014492753623,2.898550724637681,76.81159420289855
W00008622,517,62,28,34,455,20,435,11.992263056092844,5.415860735009671,6.5764023210831715,88.00773694390716,3.8684719535783367,84.13926499032883
W00008623,415,67,38,29,348,14,334,16.14457831325301,9.156626506024097,6.987951807228916,83.855421686747,3.3734939759036147,80.48192771084337
W00008624,348,104,72,32,244,16,228,29.88505747126437,20.689655172413794,9.195402298850574,70.11494252873564,4.597701149425287,65.51724137931035
W00008626,286,87,49,38,199,12,187,30.419580419580424,17.132867132867133,13.286713286713287,69.58041958041959,4.195804195804196,65.38461538461539
W00008627,303,76,41,35,227,13,214,25.082508250825082,13.531353135313532,11.55115511551155,74.91749174917491,4.29042904290429,70.62706270627062
W00008628,358,91,49,42,267,8,259,25.41899441340782,13.687150837988826,11.731843575418994,74.58100558659217,2.2346368715083798,72.3463687150838
W00008629,383,75,29,46,308,44,264,19.5822454308094,7.5718015665796345,12.010443864229766,80.4177545691906,11.488250652741515,68.9295039164491
W00008630,357,115,71,44,242,13,229,32.212885154061624,19.88795518207283,12.324929971988796,67.78711484593838,3.6414565826330536,64.14565826330532
W00008631,306,69,31,38,237,20,217,22.54901960784314,10.130718954248366,12.418300653594772,77.45098039215686,6.535947712418301,70.91503267973856
W00008632,317,90,52,38,227,13,214,28.391167192429023,16.40378548895899,11.987381703470032,71.60883280757098,4.100946372239748,67.50788643533123
W00008633,332,79,37,42,253,18,235,23.795180722891565,11.144578313253012,12.650602409638553,76.20481927710844,5.421686746987952,70.78313253012048
W00008634,279,62,31,31,217,5,212,22.22222222222222,11.11111111111111,11.11111111111111,77.77777777777779,1.7921146953405016,75.98566308243727
W00008635,285,81,45,36,204,6,198,28.421052631578945,15.789473684210526,12.631578947368421,71.57894736842105,2.1052631578947367,69.47368421052632
W00008636,283,124,82,42,159,16,143,43.81625441696113,28.975265017667844,14.840989399293287,56.18374558303887,5.6537102473498235,50.53003533568905
W00008637,287,60,34,26,227,14,213,20.905923344947734,11.846689895470384,9.059233449477352,79.09407665505228,4.878048780487805,74.21602787456446
W00008638,297,58,32,26,239,16,223,19.52861952861953,10.774410774410773,8.754208754208754,80.47138047138047,5.387205387205387,75.08417508417509
W00008639,253,50,22,28,203,13,190,19.76284584980237,8.695652173913043,11.067193675889328,80.23715415019763,5.138339920948617,75.09881422924902
W00008640,254,50,20,30,204,18,186,19.68503937007874,7.874015748031496,11.811023622047244,80.31496062992126,7.086614173228346,73.22834645669292
W00008641,277,58,30,28,219,20,199,20.938628158844764,10.830324909747292,10.108303249097473,79.06137184115524,7.2202166064981945,71.84115523465704
W00008642,260,62,34,28,198,13,185,23.846153846153847,13.076923076923078,10.76923076923077,76.15384615384615,5,71.15384615384616
W00008643,372,90,40,50,282,16,266,24.193548387096776,10.75268817204301,13.440860215053762,75.80645161290323,4.301075268817205,71.50537634408603
W00008644,313,80,37,43,233,11,222,25.559105431309902,11.821086261980831,13.738019169329075,74.4408945686901,3.5143769968051117,70.92651757188499
W00008645,242,140,105,35,102,12,90,57.85123966942148,43.388429752066116,14.46280991735537,42.14876033057851,4.958677685950414,37.1900826446281
W00008646,376,106,62,44,270,13,257,28.191489361702125,16.48936170212766,11.702127659574469,71.80851063829788,3.4574468085106385,68.35106382978722
W00008647,108,47,25,22,61,7,54,43.51851851851852,23.14814814814815,20.37037037037037,56.481481481481474,6.481481481481481,50
W00008648,340,40,19,21,300,18,282,11.76470588235294,5.588235294117648,6.176470588235294,88.23529411764706,5.294117647058823,82.94117647058825
W00008649,358,122,73,49,236,15,221,34.07821229050279,20.391061452513966,13.687150837988826,65.92178770949721,4.189944134078212,61.731843575419
W00008650,331,61,39,22,270,16,254,18.429003021148034,11.782477341389729,6.646525679758309,81.57099697885197,4.833836858006042,76.73716012084593
W00008651,290,79,39,40,211,14,197,27.241379310344826,13.448275862068964,13.793103448275861,72.75862068965517,4.827586206896552,67.93103448275862
W00008652,147,29,17,12,118,4,114,19.727891156462583,11.564625850340136,8.16326530612245,80.27210884353741,2.7210884353741496,77.55102040816327
W00008653,309,77,45,32,232,12,220,24.919093851132686,14.563106796116504,10.355987055016183,75.08090614886731,3.8834951456310676,71.19741100323624
W00008654,285,38,18,20,247,27,220,13.333333333333334,6.315789473684211,7.017543859649122,86.66666666666667,9.473684210526317,77.19298245614034
W00008656,356,41,14,27,315,25,290,11.51685393258427,3.932584269662921,7.584269662921349,88.48314606741573,7.02247191011236,81.46067415730337
W00008657,317,57,32,25,260,35,225,17.981072555205046,10.094637223974763,7.886435331230284,82.01892744479495,11.041009463722396,70.97791798107255
W00008658,307,44,13,31,263,20,243,14.332247557003258,4.234527687296417,10.097719869706841,85.66775244299674,6.514657980456026,79.15309446254072
W00008659,262,37,23,14,225,25,200,14.122137404580155,8.778625954198473,5.343511450381679,85.87786259541986,9.541984732824428,76.33587786259542
W00008660,275,45,15,30,230,27,203,16.363636363636363,5.454545454545454,10.909090909090908,83.63636363636363,9.818181818181818,73.81818181818181
W00008661,223,57,26,31,166,13,153,25.56053811659193,11.659192825112108,13.901345291479823,74.43946188340807,5.829596412556054,68.60986547085201
W00008662,364,66,27,39,298,27,271,18.13186813186813,7.417582417582418,10.714285714285714,81.86813186813187,7.417582417582418,74.45054945054946
W00008663,207,59,28,31,148,11,137,28.502415458937197,13.526570048309178,14.975845410628018,71.49758454106279,5.314009661835748,66.18357487922705
W00008665,291,67,32,35,224,31,193,23.02405498281787,10.996563573883162,12.027491408934708,76.97594501718214,10.652920962199312,66.32302405498281
W00008666,324,51,23,28,273,27,246,15.74074074074074,7.098765432098765,8.641975308641975,84.25925925925925,8.333333333333332,75.92592592592592
W00008667,312,48,27,21,264,27,237,15.384615384615385,8.653846153846153,6.730769230769231,84.61538461538461,8.653846153846153,75.96153846153845
W00008668,290,51,27,24,239,28,211,17.586206896551722,9.310344827586208,8.275862068965518,82.41379310344827,9.655172413793103,72.75862068965517
W00008669,327,83,39,44,244,15,229,25.382262996941897,11.926605504587156,13.455657492354739,74.61773700305811,4.587155963302752,70.03058103975535
W00008670,335,73,35,38,262,20,242,21.791044776119403,10.44776119402985,11.343283582089553,78.2089552238806,5.970149253731343,72.23880597014926
W00008671,199,84,46,38,115,7,108,42.211055276381906,23.115577889447238,19.09547738693467,57.78894472361809,3.5175879396984926,54.2713567839196
W00008672,239,74,36,38,165,15,150,30.962343096234306,15.062761506276152,15.899581589958158,69.0376569037657,6.2761506276150625,62.76150627615063
W00008673,329,65,30,35,264,30,234,19.756838905775076,9.118541033434651,10.638297872340425,80.24316109422493,9.118541033434651,71.12462006079028
W00008674,303,74,37,37,229,20,209,24.422442244224424,12.211221122112212,12.211221122112212,75.57755775577559,6.6006600660066,68.97689768976898
W00008675,198,47,32,15,151,10,141,23.737373737373737,16.161616161616163,7.575757575757576,76.26262626262627,5.05050505050505,71.21212121212122
W00008676,461,79,38,41,382,36,346,17.136659436008678,8.24295010845987,8.893709327548807,82.86334056399133,7.809110629067245,75.05422993492408
W00008678,519,89,42,47,430,45,385,17.148362235067438,8.092485549132949,9.05587668593449,82.85163776493256,8.670520231213873,74.18111753371869
W00008679,383,68,29,39,315,24,291,17.75456919060052,7.5718015665796345,10.182767624020887,82.24543080939948,6.266318537859007,75.97911227154047
W00008680,302,43,11,32,259,26,233,14.23841059602649,3.642384105960265,10.596026490066226,85.76158940397352,8.609271523178808,77.15231788079471
W00008681,298,49,12,37,249,28,221,16.44295302013423,4.026845637583892,12.416107382550337,83.55704697986577,9.395973154362416,74.16107382550335
W00008682,245,49,25,24,196,29,167,20,10.204081632653061,9.795918367346939,80,11.83673469387755,68.16326530612244
W00008683,370,102,51,51,268,20,248,27.56756756756757,13.783783783783784,13.783783783783784,72.43243243243244,5.405405405405405,67.02702702702703
W00008684,277,48,22,26,229,20,209,17.328519855595665,7.9422382671480145,9.386281588447654,82.67148014440433,7.2202166064981945,75.45126353790613
W00008685,307,54,25,29,253,22,231,17.58957654723127,8.143322475570033,9.446254071661238,82.41042345276874,7.166123778501629,75.2442996742671
W00008686,319,45,14,31,274,21,253,14.106583072100312,4.38871473354232,9.717868338557993,85.8934169278997,6.583072100313479,79.3103448275862
W00008687,316,55,16,39,261,22,239,17.405063291139243,5.063291139240507,12.341772151898734,82.59493670886076,6.962025316455696,75.63291139240506
W00008688,323,63,30,33,260,11,249,19.5046439628483,9.287925696594428,10.21671826625387,80.4953560371517,3.4055727554179565,77.08978328173374
W00008689,295,51,21,30,244,25,219,17.28813559322034,7.118644067796611,10.16949152542373,82.71186440677965,8.47457627118644,74.23728813559322
W00008690,273,66,36,30,207,13,194,24.175824175824175,13.186813186813188,10.989010989010989,75.82417582417582,4.761904761904762,71.06227106227107
W00008691,246,52,25,27,194,13,181,21.138211382113823,10.16260162601626,10.975609756097562,78.86178861788618,5.284552845528456,73.57723577235772
W00008692,419,71,26,45,348,36,312,16.94510739856802,6.205250596658711,10.739856801909307,83.05489260143199,8.591885441527445,74.46300715990454
W00008693,285,63,23,40,222,19,203,22.105263157894736,8.070175438596491,14.035087719298245,77.89473684210526,6.666666666666667,71.2280701754386
W00008694,257,46,19,27,211,17,194,17.898832684824903,7.392996108949417,10.505836575875486,82.10116731517509,6.614785992217899,75.4863813229572
W00008695,293,67,35,32,226,17,209,22.866894197952217,11.945392491467576,10.921501706484642,77.13310580204778,5.802047781569966,71.33105802047781
W00008696,322,54,26,28,268,24,244,16.77018633540373,8.074534161490684,8.695652173913043,83.22981366459628,7.453416149068323,75.77639751552795
W00008697,316,50,23,27,266,19,247,15.822784810126583,7.2784810126582276,8.544303797468354,84.17721518987342,6.012658227848101,78.16455696202532
W00008698,328,49,25,24,279,13,266,14.939024390243901,7.621951219512195,7.317073170731707,85.0609756097561,3.9634146341463414,81.09756097560977
W00008699,251,45,22,23,206,18,188,17.928286852589643,8.764940239043826,9.163346613545817,82.07171314741036,7.171314741035857,74.9003984063745
W00008700,293,49,31,18,244,21,223,16.723549488054605,10.580204778156997,6.143344709897611,83.27645051194538,7.167235494880546,76.10921501706484
W00008701,324,48,15,33,276,32,244,14.814814814814813,4.62962962962963,10.185185185185185,85.18518518518519,9.876543209876543,75.30864197530865
W00008702,378,90,45,45,288,27,261,23.809523809523807,11.904761904761903,11.904761904761903,76.19047619047619,7.142857142857142,69.04761904761905
W00008703,262,54,19,35,208,14,194,20.610687022900763,7.251908396946565,13.358778625954198,79.38931297709924,5.343511450381679,74.04580152671755
W00008704,309,63,26,37,246,21,225,20.388349514563107,8.414239482200648,11.974110032362459,79.6116504854369,6.796116504854369,72.81553398058253
W00008705,358,92,48,44,266,21,245,25.69832402234637,13.40782122905028,12.290502793296088,74.30167597765363,5.865921787709497,68.43575418994413
W00008706,316,56,21,35,260,21,239,17.72151898734177,6.6455696202531636,11.075949367088606,82.27848101265823,6.6455696202531636,75.63291139240506
W00008707,248,44,18,26,204,19,185,17.741935483870968,7.258064516129033,10.483870967741936,82.25806451612904,7.661290322580645,74.59677419354838
W00008708,282,59,24,35,223,30,193,20.921985815602838,8.51063829787234,12.411347517730496,79.07801418439716,10.638297872340425,68.43971631205675
W00008709,346,55,22,33,291,21,270,15.895953757225435,6.358381502890173,9.53757225433526,84.10404624277457,6.069364161849711,78.03468208092485
W00008710,253,40,14,26,213,14,199,15.810276679841898,5.533596837944664,10.276679841897234,84.18972332015811,5.533596837944664,78.65612648221344
W00008711,315,75,28,47,240,27,213,23.809523809523807,8.88888888888889,14.920634920634921,76.19047619047619,8.571428571428571,67.61904761904762
W00008712,218,66,29,37,152,12,140,30.275229357798167,13.302752293577983,16.972477064220186,69.72477064220183,5.5045871559633035,64.22018348623854
W00008713,332,91,47,44,241,14,227,27.40963855421687,14.156626506024098,13.253012048192772,72.59036144578313,4.216867469879518,68.37349397590361
W00008714,280,58,23,35,222,18,204,20.714285714285715,8.214285714285714,12.5,79.28571428571428,6.428571428571428,72.85714285714285
W00008715,183,58,42,16,125,10,115,31.693989071038253,22.950819672131146,8.743169398907105,68.30601092896174,5.46448087431694,62.841530054644814
W00008716,390,82,38,44,308,16,292,21.025641025641026,9.7435897435897445,11.282051282051283,78.97435897435898,4.102564102564102,74.87179487179488
W00008717,296,34,13,21,262,16,246,11.486486486486488,4.391891891891892,7.094594594594595,88.51351351351352,5.405405405405405,83.1081081081081
W00008718,259,70,43,27,189,21,168,27.027027027027028,16.602316602316602,10.424710424710424,72.97297297297297,8.108108108108109,64.86486486486487
W00008719,284,79,41,38,205,17,188,27.816901408450708,14.43661971830986,13.380281690140844,72.1830985915493,5.985915492957746,66.19718309859155
W00008720,289,53,19,34,236,16,220,18.33910034602076,6.5743944636678195,11.76470588235294,81.66089965397923,5.536332179930796,76.12456747404845
W00008721,260,52,23,29,208,22,186,20,8.846153846153847,11.153846153846155,80,8.461538461538462,71.53846153846153
W00008722,251,49,20,29,202,19,183,19.52191235059761,7.968127490039841,11.553784860557768,80.47808764940238,7.569721115537849,72.90836653386454
W00008723,262,65,37,28,197,11,186,24.80916030534351,14.122137404580155,10.687022900763358,75.19083969465649,4.198473282442748,70.99236641221374
W00008724,287,54,24,30,233,16,217,18.81533101045296,8.362369337979095,10.452961672473867,81.18466898954703,5.574912891986063,75.60975609756098
W00008725,290,41,21,20,249,13,236,14.13793103448276,7.241379310344828,6.896551724137931,85.86206896551725,4.482758620689655,81.37931034482759
W00008726,300,51,21,30,249,29,220,17,7.000000000000001,10,83,9.666666666666666,73.33333333333333
W00008727,269,47,22,25,222,10,212,17.472118959107807,8.178438661710038,9.293680297397769,82.5278810408922,3.717472118959108,78.81040892193309
W00008728,302,50,21,29,252,27,225,16.55629139072848,6.95364238410596,9.602649006622517,83.44370860927152,8.940397350993377,74.50331125827815
W00008729,267,50,20,30,217,19,198,18.726591760299627,7.490636704119851,11.235955056179774,81.27340823970037,7.116104868913857,74.15730337078652
W00008730,231,68,29,39,163,11,152,29.43722943722944,12.554112554112553,16.883116883116884,70.56277056277057,4.761904761904762,65.80086580086581
W00008731,393,118,52,66,275,33,242,30.025445292620866,13.231552162849871,16.793893129770993,69.97455470737913,8.396946564885496,61.57760814249363
W00008732,424,80,31,49,344,25,319,18.867924528301888,7.311320754716981,11.556603773584905,81.13207547169812,5.89622641509434,75.23584905660378
W00008734,185,44,16,28,141,13,128,23.783783783783786,8.64864864864865,15.135135135135137,76.21621621621621,7.027027027027027,69.1891891891892
W00008735,285,72,32,40,213,21,192,25.263157894736842,11.228070175438596,14.035087719298245,74.73684210526315,7.368421052631578,67.36842105263158
W00008736,282,66,23,43,216,24,192,23.404255319148938,8.156028368794328,15.24822695035461,76.59574468085107,8.51063829787234,68.08510638297872
W00008737,321,69,38,31,252,24,228,21.49532710280374,11.838006230529595,9.657320872274143,78.50467289719626,7.476635514018691,71.02803738317756
W00008738,285,65,20,45,220,13,207,22.807017543859647,7.017543859649122,15.789473684210526,77.19298245614034,4.56140350877193,72.63157894736842
W00008739,237,70,31,39,167,23,144,29.535864978902953,13.080168776371309,16.455696202531644,70.46413502109705,9.70464135021097,60.75949367088608
W00008740,310,85,44,41,225,17,208,27.419354838709676,14.193548387096774,13.225806451612904,72.58064516129032,5.483870967741936,67.0967741935484
W00008741,377,59,31,28,318,7,311,15.649867374005305,8.222811671087534,7.427055702917771,84.3501326259947,1.8567639257294428,82.49336870026525
W00008742,525,146,62,84,379,26,353,27.80952380952381,11.80952380952381,16,72.19047619047619,4.9523809523809526,67.23809523809524
W00008743,264,56,19,37,208,27,181,21.21212121212121,7.196969696969697,14.015151515151514,78.78787878787878,10.227272727272728,68.56060606060606
W00008744,315,64,32,32,251,28,223,20.317460317460316,10.158730158730158,10.158730158730158,79.68253968253968,8.88888888888889,70.7936507936508
W00008745,243,42,21,21,201,18,183,17.28395061728395,8.641975308641975,8.641975308641975,82.71604938271605,7.4074074074074066,75.30864197530865
W00008746,389,77,25,52,312,32,280,19.794344473007712,6.426735218508997,13.367609254498714,80.20565552699229,8.226221079691516,71.97943444730078
W00008750,230,47,15,32,183,13,170,20.434782608695652,6.521739130434782,13.91304347826087,79.56521739130434,5.6521739130434785,73.91304347826086
W00008751,355,107,69,38,248,18,230,30.140845070422532,19.43661971830986,10.704225352112676,69.85915492957746,5.070422535211268,64.7887323943662
W00008752,138,79,40,39,59,12,47,57.2463768115942,28.985507246376812,28.26086956521739,42.7536231884058,8.695652173913043,34.05797101449276
W00008753,372,75,39,36,297,25,272,20.161290322580644,10.483870967741936,9.67741935483871,79.83870967741935,6.720430107526881,73.11827956989248
W00008755,143,88,56,32,55,8,47,61.53846153846154,39.16083916083916,22.377622377622377,38.46153846153847,5.594405594405594,32.86713286713287
W00008757,339,88,48,40,251,15,236,25.958702064896755,14.15929203539823,11.799410029498524,74.04129793510324,4.424778761061947,69.6165191740413
W00008758,277,67,36,31,210,17,193,24.187725631768952,12.996389891696749,11.191335740072201,75.81227436823104,6.137184115523466,69.67509025270758
W00008759,300,55,21,34,245,17,228,18.333333333333332,7.000000000000001,11.333333333333332,81.66666666666667,5.666666666666666,76
W00008760,358,69,30,39,289,17,272,19.273743016759777,8.379888268156424,10.893854748603351,80.72625698324022,4.748603351955307,75.97765363128491
W00008761,410,69,29,40,341,23,318,16.82926829268293,7.073170731707316,9.75609756097561,83.17073170731707,5.609756097560976,77.5609756097561
W00008763,377,76,40,36,301,22,279,20.159151193633953,10.610079575596817,9.549071618037134,79.84084880636605,5.835543766578249,74.0053050397878
W00008764,482,66,32,34,416,8,408,13.692946058091287,6.639004149377594,7.053941908713693,86.30705394190872,1.6597510373443984,84.64730290456431
W00008765,304,58,27,31,246,8,238,19.078947368421055,8.881578947368421,10.197368421052632,80.92105263157895,2.631578947368421,78.28947368421053
W00008767,558,85,46,39,473,11,462,15.232974910394265,8.24372759856631,6.989247311827956,84.76702508960572,1.971326164874552,82.79569892473118
W00008768,393,84,33,51,309,16,293,21.374045801526716,8.396946564885496,12.977099236641221,78.62595419847328,4.071246819338422,74.55470737913485
W00008769,302,48,22,26,254,10,244,15.894039735099339,7.28476821192053,8.609271523178808,84.10596026490066,3.3112582781456954,80.79470198675497
W00008770,290,55,23,32,235,17,218,18.96551724137931,7.931034482758621,11.03448275862069,81.03448275862068,5.862068965517241,75.17241379310344
W00008771,278,39,18,21,239,8,231,14.028776978417264,6.474820143884892,7.553956834532374,85.97122302158273,2.877697841726619,83.09352517985612
W00008773,322,71,37,34,251,16,235,22.049689440993788,11.490683229813664,10.559006211180124,77.95031055900621,4.968944099378882,72.98136645962732
W00008774,300,77,37,40,223,14,209,25.666666666666664,12.333333333333334,13.333333333333334,74.33333333333333,4.666666666666667,69.66666666666667
W00008775,320,60,31,29,260,10,250,18.75,9.6875,9.0625,81.25,3.125,78.125
W00008776,291,72,26,46,219,21,198,24.742268041237114,8.934707903780069,15.807560137457044,75.25773195876289,7.216494845360824,68.04123711340206
W00008777,366,67,28,39,299,22,277,18.30601092896175,7.650273224043716,10.655737704918032,81.69398907103826,6.0109289617486334,75.68306010928961
W00009856,236,43,12,31,193,13,180,18.220338983050848,5.084745762711865,13.135593220338984,81.77966101694916,5.508474576271186,76.27118644067797
W00009857,333,65,34,31,268,21,247,19.51951951951952,10.21021021021021,9.30930930930931,80.48048048048048,6.306306306306306,74.17417417417418
W00009858,272,39,12,27,233,25,208,14.338235294117647,4.411764705882353,9.926470588235293,85.66176470588235,9.191176470588236,76.47058823529412
W00009859,381,43,13,30,338,17,321,11.286089238845145,3.4120734908136483,7.874015748031496,88.71391076115486,4.4619422572178475,84.25196850393701
W00009860,322,57,34,23,265,22,243,17.70186335403727,10.559006211180124,7.142857142857142,82.29813664596274,6.832298136645963,75.46583850931677
W00009861,334,39,18,21,295,24,271,11.676646706586826,5.389221556886228,6.287425149700598,88.32335329341318,7.18562874251497,81.1377245508982
W00009862,426,56,30,26,370,31,339,13.145539906103288,7.042253521126761,6.103286384976526,86.85446009389672,7.276995305164319,79.5774647887324
W00009863,321,55,20,35,266,17,249,17.133956386292834,6.230529595015576,10.903426791277258,82.86604361370716,5.29595015576324,77.57009345794393
W00009864,445,70,28,42,375,13,362,15.730337078651685,6.292134831460674,9.438202247191011,84.26966292134831,2.9213483146067416,81.34831460674158
W00009865,278,42,19,23,236,13,223,15.107913669064748,6.83453237410072,8.273381294964029,84.89208633093526,4.676258992805756,80.2158273381295
W00009866,333,44,22,22,289,31,258,13.213213213213212,6.606606606606606,6.606606606606606,86.78678678678679,9.30930930930931,77.47747747747748
W00009867,465,47,21,26,418,38,380,10.10752688172043,4.516129032258064,5.591397849462366,89.89247311827957,8.172043010752688,81.72043010752688
W00009868,390,42,18,24,348,28,320,10.76923076923077,4.615384615384616,6.153846153846154,89.23076923076924,7.179487179487179,82.05128205128204
W00009869,342,71,33,38,271,23,248,20.760233918128655,9.649122807017543,11.11111111111111,79.23976608187134,6.725146198830409,72.51461988304094
W00009870,285,33,13,20,252,25,227,11.578947368421053,4.56140350877193,7.017543859649122,88.42105263157895,8.771929824561402,79.64912280701755
W00009871,393,88,64,24,305,20,285,22.391857506361323,16.28498727735369,6.106870229007633,77.60814249363868,5.089058524173027,72.51908396946564
W00009872,315,36,8,28,279,24,255,11.428571428571429,2.5396825396825395,8.88888888888889,88.57142857142857,7.6190476190476195,80.95238095238095
W00009873,368,81,41,40,287,9,278,22.01086956521739,11.141304347826086,10.869565217391305,77.98913043478261,2.4456521739130435,75.54347826086956
W00009874,164,21,10,11,143,8,135,12.804878048780488,6.097560975609756,6.707317073170732,87.1951219512195,4.878048780487805,82.3170731707317
W00009875,312,38,10,28,274,16,258,12.179487179487179,3.205128205128205,8.974358974358974,87.82051282051282,5.128205128205128,82.6923076923077
W00009877,280,68,38,30,212,13,199,24.285714285714285,13.571428571428571,10.714285714285714,75.71428571428571,4.642857142857143,71.07142857142857
W00009878,426,41,14,27,385,21,364,9.624413145539906,3.286384976525822,6.338028169014084,90.3755868544601,4.929577464788732,85.44600938967136
W00009879,356,65,37,28,291,21,270,18.258426966292134,10.393258426966293,7.865168539325842,81.74157303370787,5.8988764044943816,75.84269662921348
W00009880,370,51,27,24,319,25,294,13.783783783783784,7.297297297297297,6.486486486486487,86.21621621621621,6.756756756756757,79.45945945945945
W00009881,392,42,18,24,350,44,306,10.714285714285714,4.591836734693878,6.122448979591836,89.28571428571429,11.224489795918368,78.06122448979592
W00009882,366,78,48,30,288,7,281,21.311475409836063,13.114754098360656,8.19672131147541,78.68852459016394,1.912568306010929,76.775956284153
W00009883,316,38,11,27,278,18,260,12.025316455696203,3.481012658227848,8.544303797468354,87.9746835443038,5.69620253164557,82.27848101265823
W00009884,236,29,11,18,207,18,189,12.288135593220339,4.661016949152542,7.627118644067797,87.71186440677965,7.627118644067797,80.08474576271186
W00009885,316,34,10,24,282,22,260,10.759493670886076,3.1645569620253164,7.59493670886076,89.24050632911393,6.962025316455696,82.27848101265823
W00009886,116,32,13,19,84,13,71,27.586206896551722,11.206896551724139,16.379310344827587,72.41379310344827,11.206896551724139,61.206896551724135
W00009887,195,33,5,28,162,15,147,16.923076923076923,2.564102564102564,14.358974358974358,83.07692307692308,7.6923076923076925,75.38461538461539
W00009888,329,35,8,27,294,32,262,10.638297872340425,2.43161094224924,8.206686930091186,89.36170212765957,9.72644376899696,79.63525835866263
W00009889,147,41,24,17,106,6,100,27.89115646258503,16.3265306122449,11.564625850340136,72.10884353741497,4.081632653061225,68.02721088435374
W00009890,271,38,14,24,233,19,214,14.022140221402212,5.166051660516605,8.856088560885608,85.97785977859779,7.011070110701106,78.96678966789668
W00009891,331,36,12,24,295,18,277,10.876132930513595,3.625377643504532,7.250755287009064,89.12386706948641,5.438066465256798,83.68580060422961
W00009892,350,33,11,22,317,31,286,9.428571428571429,3.1428571428571432,6.2857142857142865,90.57142857142857,8.857142857142856,81.71428571428572
W00010496,362,49,21,28,313,20,293,13.535911602209943,5.801104972375691,7.734806629834254,86.46408839779005,5.524861878453039,80.93922651933701
W00010499,304,45,19,26,259,17,242,14.802631578947366,6.25,8.552631578947368,85.19736842105263,5.592105263157895,79.60526315789474
W00010506,279,38,14,24,241,23,218,13.620071684587815,5.017921146953405,8.60215053763441,86.37992831541219,8.24372759856631,78.13620071684588
W00010507,312,20,8,12,292,19,273,6.41025641025641,2.564102564102564,3.8461538461538463,93.58974358974359,6.089743589743589,87.5
W00010509,232,42,18,24,190,22,168,18.103448275862068,7.758620689655173,10.344827586206897,81.89655172413794,9.482758620689655,72.41379310344827
W00010511,332,42,14,28,290,15,275,12.650602409638553,4.216867469879518,8.433734939759036,87.34939759036145,4.518072289156627,82.83132530120481
W00010512,318,36,20,16,282,28,254,11.320754716981133,6.289308176100629,5.031446540880504,88.67924528301887,8.80503144654088,79.87421383647799
W00010514,269,58,31,27,211,16,195,21.561338289962826,11.524163568773234,10.037174721189592,78.43866171003717,5.947955390334572,72.4907063197026
W00010515,517,86,34,52,431,8,423,16.634429400386846,6.5764023210831715,10.058027079303674,83.36557059961315,1.5473887814313347,81.81818181818183
W00010518,264,33,5,28,231,14,217,12.5,1.893939393939394,10.606060606060606,87.5,5.303030303030303,82.1969696969697
W00010520,301,30,11,19,271,25,246,9.966777408637874,3.6544850498338874,6.312292358803987,90.03322259136213,8.305647840531561,81.72757475083057
W00010521,301,27,9,18,274,24,250,8.970099667774086,2.990033222591362,5.980066445182724,91.0299003322259,7.973421926910299,83.05647840531562
W00010524,245,49,16,33,196,13,183,20,6.530612244897959,13.46938775510204,80,5.3061224489795915,74.6938775510204
W00010527,266,100,57,43,166,21,145,37.59398496240601,21.428571428571427,16.165413533834585,62.40601503759399,7.894736842105263,54.51127819548872
W00010532,344,22,3,19,322,20,302,6.395348837209303,0.872093023255814,5.523255813953488,93.6046511627907,5.813953488372093,87.79069767441861
W00010533,284,27,9,18,257,25,232,9.507042253521126,3.169014084507042,6.338028169014084,90.49295774647888,8.80281690140845,81.69014084507043
W00010540,274,26,8,18,248,19,229,9.48905109489051,2.9197080291970803,6.569343065693431,90.51094890510949,6.934306569343065,83.57664233576642
W00010544,368,19,3,16,349,26,323,5.163043478260869,0.8152173913043478,4.3478260869565215,94.83695652173914,7.065217391304348,87.77173913043478
W00010545,296,41,18,23,255,11,244,13.85135135135135,6.081081081081082,7.77027027027027,86.14864864864865,3.7162162162162162,82.43243243243244
W00010547,257,53,24,29,204,9,195,20.622568093385212,9.33852140077821,11.284046692607005,79.37743190661479,3.501945525291829,75.87548638132296
W00010548,294,48,22,26,246,13,233,16.3265306122449,7.482993197278912,8.843537414965986,83.6734693877551,4.421768707482993,79.25170068027211
W00010551,395,55,23,32,340,19,321,13.924050632911392,5.822784810126582,8.10126582278481,86.07594936708861,4.810126582278481,81.26582278481013
W00010553,513,92,37,55,421,43,378,17.93372319688109,7.212475633528265,10.721247563352826,82.06627680311891,8.382066276803119,73.68421052631578
W00010555,277,70,29,41,207,16,191,25.27075812274368,10.469314079422382,14.801444043321299,74.72924187725631,5.776173285198556,68.95306859205776
W00010557,350,39,22,17,311,5,306,11.142857142857142,6.2857142857142865,4.857142857142857,88.85714285714286,1.4285714285714286,87.42857142857143
W00010561,362,46,21,25,316,25,291,12.70718232044199,5.801104972375691,6.906077348066299,87.29281767955801,6.906077348066299,80.38674033149171
W00010563,306,43,18,25,263,16,247,14.052287581699346,5.88235294117647,8.169934640522875,85.94771241830065,5.228758169934641,80.71895424836602
W00010565,338,94,64,30,244,14,230,27.810650887573964,18.93491124260355,8.875739644970414,72.18934911242604,4.142011834319527,68.04733727810651
W00010566,391,25,8,17,366,19,347,6.3938618925831205,2.0460358056265986,4.3478260869565215,93.60613810741688,4.859335038363171,88.7468030690537
W00010567,375,50,21,29,325,20,305,13.333333333333334,5.6000000000000005,7.733333333333333,86.66666666666667,5.333333333333334,81.33333333333333
W00010583,270,32,9,23,238,20,218,11.851851851851853,3.3333333333333335,8.518518518518519,88.14814814814815,7.4074074074074066,80.74074074074075
W00010588,355,37,8,29,318,25,293,10.422535211267606,2.2535211267605635,8.169014084507042,89.5774647887324,7.042253521126761,82.53521126760563
W00010592,393,44,19,25,349,28,321,11.195928753180661,4.8346055979643765,6.361323155216285,88.80407124681933,7.124681933842239,81.67938931297711
W00010593,228,60,29,31,168,12,156,26.31578947368421,12.719298245614036,13.596491228070176,73.68421052631578,5.263157894736842,68.42105263157895
W00010599,294,30,9,21,264,17,247,10.204081632653061,3.061224489795918,7.142857142857142,89.79591836734694,5.782312925170068,84.01360544217688
W00010604,134,39,24,15,95,3,92,29.1044776119403,17.91044776119403,11.194029850746269,70.8955223880597,2.2388059701492535,68.65671641791045
W00010605,241,43,15,28,198,14,184,17.842323651452283,6.224066390041494,11.618257261410788,82.15767634854771,5.809128630705394,76.34854771784232
W00010606,276,51,23,28,225,24,201,18.478260869565215,8.333333333333332,10.144927536231885,81.52173913043478,8.695652173913043,72.82608695652173
W00010607,298,25,8,17,273,21,252,8.389261744966444,2.684563758389262,5.704697986577181,91.61073825503355,7.046979865771812,84.56375838926175
W00010608,234,65,34,31,169,11,158,27.77777777777778,14.529914529914532,13.247863247863249,72.22222222222221,4.700854700854701,67.52136752136752
W00010609,333,38,13,25,295,15,280,11.411411411411411,3.903903903903904,7.5075075075075075,88.58858858858859,4.504504504504505,84.08408408408408
W00010611,362,53,24,29,309,8,301,14.64088397790055,6.629834254143646,8.011049723756907,85.35911602209944,2.209944751381215,83.14917127071824
W00010616,349,26,7,19,323,27,296,7.4498567335243555,2.005730659025788,5.444126074498568,92.55014326647564,7.736389684813753,84.81375358166189
W00010619,308,27,13,14,281,21,260,8.766233766233766,4.220779220779221,4.545454545454546,91.23376623376623,6.8181818181818175,84.4155844155844
W00010620,333,49,22,27,284,26,258,14.714714714714713,6.606606606606606,8.108108108108109,85.28528528528528,7.807807807807808,77.47747747747748
W00010621,326,17,5,12,309,28,281,5.214723926380368,1.5337423312883436,3.6809815950920246,94.78527607361963,8.588957055214724,86.1963190184049
W00010624,288,28,9,19,260,16,244,9.722222222222223,3.125,6.597222222222222,90.27777777777779,5.555555555555555,84.72222222222221
W00010625,425,73,19,54,352,16,336,17.176470588235293,4.470588235294118,12.705882352941176,82.82352941176471,3.7647058823529407,79.05882352941175
W00010628,342,79,44,35,263,16,247,23.099415204678362,12.865497076023392,10.23391812865497,76.90058479532163,4.678362573099415,72.22222222222221
W00010632,509,134,54,80,375,7,368,26.326129666011788,10.609037328094303,15.717092337917485,73.6738703339882,1.37524557956778,72.29862475442044
W00010637,227,40,13,27,187,9,178,17.62114537444934,5.726872246696035,11.894273127753303,82.37885462555066,3.9647577092511015,78.41409691629956
W00010650,286,30,12,18,256,21,235,10.48951048951049,4.195804195804196,6.293706293706294,89.5104895104895,7.3426573426573425,82.16783216783216
