OA,ts0590001,ts0590002,ts0590003,ts0590004,ts0590005,ts0590006,ts0590007,ts0590002_PCT,ts0590003_PCT,ts0590004_PCT,ts0590005_PCT,ts0590006_PCT,ts0590007_PCT
E00078231,199,51,9,42,148,128,20,25.628140703517587,4.522613065326634,21.105527638190953,74.37185929648241,64.321608040201,10.050251256281408
E00078232,172,41,10,31,131,117,14,23.837209302325583,5.813953488372093,18.023255813953487,76.16279069767442,68.02325581395348,8.13953488372093
E00078235,333,73,19,54,260,226,34,21.92192192192192,5.7057057057057055,16.216216216216218,78.07807807807808,67.86786786786787,10.21021021021021
E00078236,200,50,14,36,150,129,21,25,7.000000000000001,18,75,64.5,10.5
E00078237,179,45,12,33,134,115,19,25.139664804469277,6.70391061452514,18.435754189944134,74.86033519553072,64.24581005586593,10.614525139664805
E00078238,174,36,10,26,138,119,19,20.689655172413794,5.747126436781609,14.942528735632186,79.3103448275862,68.39080459770115,10.919540229885058
E00078239,259,73,23,50,186,163,23,28.185328185328185,8.880308880308881,19.305019305019304,71.81467181467181,62.93436293436293,8.880308880308881
E00078243,325,100,38,62,225,192,33,30.76923076923077,11.692307692307692,19.076923076923077,69.23076923076923,59.07692307692308,10.153846153846153
E00078244,147,48,15,33,99,84,15,32.6530612244898,10.204081632653061,22.448979591836736,67.3469387755102,57.14285714285714,10.204081632653061
E00078245,204,60,27,33,144,115,29,29.411764705882355,13.23529411764706,16.176470588235293,70.58823529411765,56.372549019607845,14.215686274509803
E00078247,135,41,15,26,94,79,15,30.37037037037037,11.11111111111111,19.25925925925926,69.62962962962963,58.51851851851851,11.11111111111111
E00078248,108,28,7,21,80,57,23,25.925925925925924,6.481481481481481,19.444444444444446,74.07407407407408,52.77777777777778,21.296296296296298
E00078249,223,66,30,36,157,136,21,29.596412556053814,13.452914798206278,16.143497757847534,70.4035874439462,60.98654708520179,9.417040358744394
E00078250,140,47,17,30,93,77,16,33.57142857142857,12.142857142857142,21.428571428571427,66.42857142857143,55.00000000000001,11.428571428571429
E00078251,134,47,17,30,87,67,20,35.07462686567165,12.686567164179104,22.388059701492537,64.92537313432835,50,14.925373134328357
E00078252,165,45,20,25,120,89,31,27.27272727272727,12.121212121212121,15.151515151515152,72.72727272727273,53.939393939393945,18.787878787878785
E00078253,119,41,14,27,78,60,18,34.45378151260504,11.76470588235294,22.689075630252102,65.54621848739495,50.42016806722689,15.126050420168067
E00078254,165,43,20,23,122,103,19,26.060606060606062,12.121212121212121,13.939393939393941,73.93939393939394,62.42424242424243,11.515151515151516
E00078255,105,41,13,28,64,45,19,39.04761904761905,12.380952380952381,26.666666666666668,60.952380952380956,42.857142857142854,18.095238095238095
E00078256,112,26,5,21,86,77,9,23.214285714285715,4.464285714285714,18.75,76.78571428571429,68.75,8.035714285714286
E00078257,172,48,14,34,124,107,17,27.906976744186046,8.13953488372093,19.767441860465116,72.09302325581395,62.2093023255814,9.883720930232558
E00078258,187,44,13,31,143,135,8,23.52941176470588,6.951871657754011,16.577540106951872,76.47058823529412,72.19251336898395,4.27807486631016
E00078259,277,64,20,44,213,200,13,23.104693140794225,7.2202166064981945,15.884476534296029,76.89530685920577,72.20216606498195,4.693140794223827
E00078260,179,48,16,32,131,114,17,26.81564245810056,8.938547486033519,17.877094972067038,73.18435754189943,63.687150837988824,9.497206703910614
E00078261,149,33,14,19,116,99,17,22.14765100671141,9.395973154362416,12.751677852348994,77.85234899328859,66.44295302013423,11.409395973154362
E00078263,254,59,19,40,195,174,21,23.228346456692915,7.480314960629922,15.748031496062993,76.77165354330708,68.50393700787401,8.267716535433072
E00078264,263,58,19,39,205,193,12,22.0532319391635,7.224334600760455,14.82889733840304,77.9467680608365,73.38403041825094,4.562737642585551
E00078265,276,84,26,58,192,184,8,30.434782608695656,9.420289855072465,21.014492753623188,69.56521739130434,66.66666666666666,2.898550724637681
E00078266,291,79,27,52,212,202,10,27.147766323024054,9.278350515463918,17.869415807560138,72.85223367697594,69.41580756013745,3.436426116838488
E00078269,230,56,24,32,174,162,12,24.347826086956523,10.434782608695652,13.91304347826087,75.65217391304347,70.43478260869566,5.217391304347826
E00078271,309,73,25,48,236,223,13,23.624595469255663,8.090614886731391,15.53398058252427,76.37540453074433,72.168284789644,4.207119741100324
E00078272,327,79,28,51,248,234,14,24.159021406727827,8.56269113149847,15.59633027522936,75.84097859327217,71.55963302752293,4.281345565749235
E00078273,303,75,22,53,228,217,11,24.752475247524753,7.2607260726072615,17.491749174917494,75.24752475247524,71.61716171617162,3.6303630363036308
E00078274,245,60,21,39,185,178,7,24.489795918367346,8.571428571428571,15.918367346938775,75.51020408163265,72.6530612244898,2.857142857142857
E00078275,272,72,18,54,200,192,8,26.47058823529412,6.61764705882353,19.852941176470587,73.52941176470588,70.58823529411765,2.941176470588235
E00078276,202,44,14,30,158,151,7,21.782178217821784,6.9306930693069315,14.85148514851485,78.21782178217822,74.75247524752476,3.4653465346534658
E00078277,74,27,10,17,47,43,4,36.486486486486484,13.513513513513514,22.972972972972975,63.51351351351351,58.108108108108105,5.405405405405405
E00078278,82,35,17,18,47,44,3,42.68292682926829,20.73170731707317,21.951219512195124,57.3170731707317,53.65853658536586,3.6585365853658534
E00078279,206,54,23,31,152,139,13,26.21359223300971,11.165048543689322,15.048543689320388,73.7864077669903,67.47572815533981,6.310679611650485
E00078280,213,67,28,39,146,126,20,31.455399061032864,13.145539906103288,18.30985915492958,68.54460093896714,59.154929577464785,9.389671361502346
E00078281,168,35,12,23,133,121,12,20.833333333333336,7.142857142857142,13.690476190476192,79.16666666666666,72.02380952380952,7.142857142857142
E00078282,211,43,15,28,168,154,14,20.379146919431278,7.109004739336493,13.270142180094787,79.62085308056872,72.98578199052133,6.6350710900473935
E00078283,117,35,11,24,82,72,10,29.914529914529915,9.401709401709402,20.51282051282051,70.08547008547008,61.53846153846154,8.547008547008547
E00078284,171,47,17,30,124,112,12,27.485380116959064,9.941520467836257,17.543859649122805,72.51461988304094,65.49707602339181,7.017543859649122
E00078285,173,43,12,31,130,125,5,24.85549132947977,6.9364161849710975,17.91907514450867,75.14450867052022,72.25433526011561,2.8901734104046244
E00078286,244,55,18,37,189,177,12,22.540983606557376,7.377049180327869,15.163934426229508,77.45901639344262,72.54098360655738,4.918032786885246
E00078287,221,57,18,39,164,145,19,25.791855203619914,8.144796380090497,17.647058823529413,74.2081447963801,65.61085972850678,8.597285067873303
E00078288,158,48,19,29,110,92,18,30.37974683544304,12.025316455696203,18.354430379746837,69.62025316455697,58.22784810126582,11.39240506329114
E00078289,169,53,12,41,116,106,10,31.360946745562128,7.100591715976331,24.2603550295858,68.63905325443787,62.721893491124256,5.9171597633136095
E00078290,204,45,11,34,159,138,21,22.058823529411764,5.392156862745098,16.666666666666664,77.94117647058823,67.64705882352942,10.294117647058822
E00078291,181,59,25,34,122,108,14,32.59668508287293,13.812154696132598,18.784530386740332,67.40331491712708,59.66850828729282,7.734806629834254
E00078292,175,42,15,27,133,120,13,24,8.571428571428571,15.428571428571427,76,68.57142857142857,7.428571428571429
E00078293,83,17,5,12,66,59,7,20.481927710843372,6.024096385542169,14.457831325301203,79.51807228915662,71.08433734939759,8.433734939759036
E00078294,137,37,10,27,100,85,15,27.00729927007299,7.2992700729927,19.708029197080293,72.99270072992701,62.04379562043796,10.948905109489052
E00078295,149,37,11,26,112,102,10,24.832214765100673,7.38255033557047,17.449664429530202,75.16778523489933,68.45637583892618,6.7114093959731544
E00078296,124,26,7,19,98,89,9,20.967741935483872,5.64516129032258,15.32258064516129,79.03225806451613,71.7741935483871,7.258064516129033
E00078297,99,18,4,14,81,74,7,18.181818181818183,4.040404040404041,14.14141414141414,81.81818181818183,74.74747474747475,7.07070707070707
E00078298,157,31,9,22,126,111,15,19.745222929936308,5.7324840764331215,14.012738853503185,80.2547770700637,70.70063694267516,9.554140127388536
E00078299,169,46,15,31,123,111,12,27.218934911242602,8.875739644970414,18.34319526627219,72.7810650887574,65.68047337278107,7.100591715976331
E00078300,164,50,17,33,114,101,13,30.48780487804878,10.365853658536585,20.121951219512198,69.51219512195121,61.58536585365854,7.926829268292683
E00078301,127,36,12,24,91,85,6,28.346456692913385,9.448818897637794,18.89763779527559,71.65354330708661,66.92913385826772,4.724409448818897
E00078302,112,38,11,27,74,64,10,33.92857142857143,9.821428571428571,24.107142857142858,66.07142857142857,57.14285714285714,8.928571428571429
E00078303,89,21,6,15,68,60,8,23.595505617977526,6.741573033707865,16.853932584269664,76.40449438202246,67.41573033707866,8.98876404494382
E00078304,105,24,8,16,81,75,6,22.857142857142858,7.6190476190476195,15.238095238095239,77.14285714285715,71.42857142857143,5.714285714285714
E00078305,131,36,15,21,95,86,9,27.480916030534353,11.450381679389313,16.030534351145036,72.51908396946564,65.64885496183206,6.870229007633588
E00078306,118,37,8,29,81,70,11,31.35593220338983,6.779661016949152,24.576271186440678,68.64406779661016,59.32203389830508,9.322033898305085
E00078307,137,39,13,26,98,91,7,28.467153284671532,9.48905109489051,18.97810218978102,71.53284671532847,66.42335766423358,5.109489051094891
E00078308,97,28,11,17,69,62,7,28.865979381443296,11.34020618556701,17.525773195876287,71.1340206185567,63.91752577319587,7.216494845360824
E00078310,133,38,8,30,95,86,9,28.57142857142857,6.015037593984962,22.55639097744361,71.42857142857143,64.66165413533834,6.7669172932330826
E00078311,122,32,10,22,90,79,11,26.229508196721312,8.19672131147541,18.0327868852459,73.77049180327869,64.75409836065575,9.01639344262295
E00078312,205,53,23,30,152,138,14,25.853658536585368,11.219512195121952,14.634146341463413,74.14634146341463,67.31707317073172,6.829268292682928
E00078313,139,41,13,28,98,93,5,29.496402877697843,9.352517985611511,20.14388489208633,70.50359712230215,66.90647482014388,3.5971223021582732
E00078314,146,37,14,23,109,96,13,25.34246575342466,9.58904109589041,15.753424657534246,74.65753424657534,65.75342465753424,8.904109589041095
E00078315,91,29,12,17,62,55,7,31.868131868131865,13.186813186813188,18.681318681318682,68.13186813186813,60.43956043956044,7.6923076923076925
E00078316,116,27,9,18,89,79,10,23.275862068965516,7.758620689655173,15.517241379310345,76.72413793103449,68.10344827586206,8.620689655172415
E00078317,153,34,8,26,119,112,7,22.22222222222222,5.228758169934641,16.99346405228758,77.77777777777779,73.20261437908496,4.57516339869281
E00078318,102,34,13,21,68,62,6,33.33333333333333,12.745098039215685,20.588235294117645,66.66666666666666,60.78431372549019,5.88235294117647
E00078319,134,37,14,23,97,89,8,27.611940298507463,10.44776119402985,17.16417910447761,72.38805970149254,66.4179104477612,5.970149253731343
E00078320,150,46,12,34,104,94,10,30.666666666666664,8,22.666666666666664,69.33333333333334,62.66666666666667,6.666666666666667
E00078321,134,37,14,23,97,86,11,27.611940298507463,10.44776119402985,17.16417910447761,72.38805970149254,64.17910447761194,8.208955223880597
E00078323,137,31,11,20,106,100,6,22.62773722627737,8.02919708029197,14.5985401459854,77.37226277372264,72.99270072992701,4.37956204379562
E00078324,87,22,5,17,65,59,6,25.287356321839084,5.747126436781609,19.54022988505747,74.71264367816092,67.81609195402298,6.896551724137931
E00078325,91,33,11,22,58,56,2,36.26373626373626,12.087912087912088,24.175824175824175,63.73626373626373,61.53846153846154,2.197802197802198
E00078326,128,36,14,22,92,80,12,28.125,10.9375,17.1875,71.875,62.5,9.375
E00078327,112,29,6,23,83,72,11,25.892857142857146,5.357142857142857,20.535714285714285,74.10714285714286,64.28571428571429,9.821428571428571
E00078328,184,67,24,43,117,107,10,36.41304347826087,13.043478260869565,23.369565217391305,63.58695652173913,58.152173913043484,5.434782608695652
E00078329,142,39,14,25,103,92,11,27.464788732394368,9.859154929577464,17.6056338028169,72.53521126760563,64.7887323943662,7.746478873239436
E00078330,66,22,9,13,44,38,6,33.33333333333333,13.636363636363635,19.696969696969695,66.66666666666666,57.57575757575758,9.090909090909092
E00078331,67,24,4,20,43,43,0,35.82089552238806,5.970149253731343,29.850746268656714,64.17910447761194,64.17910447761194,0
E00078332,178,59,16,43,119,112,7,33.146067415730336,8.98876404494382,24.15730337078652,66.85393258426966,62.92134831460674,3.932584269662921
E00078333,165,39,9,30,126,112,14,23.636363636363637,5.454545454545454,18.181818181818183,76.36363636363637,67.87878787878789,8.484848484848486
E00078334,132,34,10,24,98,90,8,25.757575757575758,7.575757575757576,18.181818181818183,74.24242424242425,68.18181818181817,6.0606060606060606
E00078335,141,52,15,37,89,76,13,36.87943262411347,10.638297872340425,26.24113475177305,63.12056737588653,53.90070921985816,9.219858156028367
E00078336,156,42,16,26,114,90,24,26.923076923076923,10.256410256410255,16.666666666666664,73.07692307692307,57.692307692307686,15.384615384615385
E00078337,115,39,11,28,76,71,5,33.91304347826087,9.565217391304348,24.347826086956523,66.08695652173913,61.73913043478261,4.3478260869565215
E00078338,162,42,13,29,120,113,7,25.925925925925924,8.024691358024691,17.901234567901234,74.07407407407408,69.75308641975309,4.320987654320987
E00078339,62,23,9,14,39,32,7,37.096774193548384,14.516129032258066,22.58064516129032,62.903225806451616,51.61290322580645,11.29032258064516
E00078340,87,22,5,17,65,54,11,25.287356321839084,5.747126436781609,19.54022988505747,74.71264367816092,62.06896551724138,12.643678160919542
E00078341,128,29,6,23,99,88,11,22.65625,4.6875,17.96875,77.34375,68.75,8.59375
E00078342,56,12,7,5,44,43,1,21.428571428571427,12.5,8.928571428571429,78.57142857142857,76.78571428571429,1.7857142857142856
E00078343,205,67,28,39,138,126,12,32.6829268292683,13.658536585365855,19.024390243902438,67.31707317073172,61.46341463414634,5.853658536585367
E00078344,189,55,29,26,134,122,12,29.100529100529098,15.343915343915343,13.756613756613756,70.8994708994709,64.55026455026454,6.349206349206349
E00078345,148,31,5,26,117,106,11,20.945945945945947,3.3783783783783785,17.56756756756757,79.05405405405406,71.62162162162163,7.4324324324324325
E00078346,203,37,12,25,166,154,12,18.226600985221676,5.911330049261084,12.31527093596059,81.77339901477832,75.86206896551724,5.911330049261084
E00078347,191,42,11,31,149,137,12,21.98952879581152,5.7591623036649215,16.230366492146597,78.01047120418848,71.72774869109948,6.282722513089005
E00078348,149,33,15,18,116,103,13,22.14765100671141,10.06711409395973,12.080536912751679,77.85234899328859,69.12751677852349,8.724832214765101
E00078349,165,36,11,25,129,118,11,21.818181818181817,6.666666666666667,15.151515151515152,78.18181818181819,71.51515151515152,6.666666666666667
E00078351,231,49,18,31,182,168,14,21.21212121212121,7.792207792207792,13.41991341991342,78.78787878787878,72.72727272727273,6.0606060606060606
E00078352,219,57,13,44,162,151,11,26.027397260273972,5.93607305936073,20.091324200913242,73.97260273972603,68.94977168949772,5.0228310502283104
E00078353,177,51,16,35,126,120,6,28.8135593220339,9.03954802259887,19.774011299435028,71.1864406779661,67.79661016949152,3.389830508474576
E00078354,251,60,17,43,191,182,9,23.904382470119522,6.772908366533864,17.131474103585656,76.09561752988047,72.50996015936255,3.5856573705179287
E00078355,170,51,15,36,119,105,14,30,8.823529411764707,21.176470588235293,70,61.76470588235294,8.235294117647058
E00078356,262,59,17,42,203,190,13,22.519083969465647,6.488549618320611,16.030534351145036,77.48091603053436,72.51908396946564,4.961832061068702
E00078358,130,38,12,26,92,73,19,29.230769230769234,9.230769230769232,20,70.76923076923077,56.15384615384615,14.615384615384617
E00078359,219,48,21,27,171,160,11,21.91780821917808,9.58904109589041,12.32876712328767,78.08219178082192,73.0593607305936,5.0228310502283104
E00078360,309,66,32,34,243,214,29,21.35922330097087,10.355987055016183,11.003236245954692,78.64077669902912,69.25566343042071,9.385113268608414
E00078361,183,35,9,26,148,141,7,19.12568306010929,4.918032786885246,14.207650273224044,80.87431693989072,77.04918032786885,3.825136612021858
E00078362,252,55,13,42,197,190,7,21.825396825396826,5.158730158730158,16.666666666666664,78.17460317460318,75.39682539682539,2.7777777777777777
E00078363,218,55,17,38,163,138,25,25.229357798165136,7.79816513761468,17.431192660550458,74.77064220183486,63.30275229357798,11.46788990825688
E00078364,202,44,8,36,158,142,16,21.782178217821784,3.9603960396039604,17.82178217821782,78.21782178217822,70.29702970297029,7.920792079207921
E00078365,228,37,13,24,191,169,22,16.228070175438596,5.701754385964912,10.526315789473683,83.77192982456141,74.12280701754386,9.649122807017543
E00078366,205,39,11,28,166,156,10,19.024390243902438,5.365853658536586,13.658536585365855,80.97560975609757,76.09756097560975,4.878048780487805
E00078367,204,33,9,24,171,151,20,16.176470588235293,4.411764705882353,11.76470588235294,83.82352941176471,74.01960784313727,9.803921568627452
E00078368,172,32,17,15,140,121,19,18.6046511627907,9.883720930232558,8.720930232558139,81.3953488372093,70.34883720930233,11.046511627906977
E00078369,124,24,8,16,100,91,9,19.35483870967742,6.451612903225806,12.903225806451612,80.64516129032258,73.38709677419355,7.258064516129033
E00078370,159,30,12,18,129,118,11,18.867924528301888,7.547169811320755,11.320754716981133,81.13207547169812,74.21383647798741,6.918238993710692
E00078371,190,42,12,30,148,131,17,22.105263157894736,6.315789473684211,15.789473684210526,77.89473684210526,68.94736842105263,8.947368421052632
E00078372,192,43,7,36,149,131,18,22.395833333333336,3.6458333333333335,18.75,77.60416666666666,68.22916666666666,9.375
E00078373,188,44,16,28,144,130,14,23.404255319148938,8.51063829787234,14.893617021276595,76.59574468085107,69.14893617021278,7.446808510638298
E00078374,197,33,13,20,164,140,24,16.751269035532996,6.598984771573605,10.152284263959391,83.24873096446701,71.06598984771574,12.18274111675127
E00078375,163,32,9,23,131,119,12,19.631901840490798,5.521472392638037,14.11042944785276,80.3680981595092,73.00613496932516,7.361963190184049
E00078376,170,42,16,26,128,110,18,24.705882352941178,9.411764705882353,15.294117647058824,75.29411764705883,64.70588235294117,10.588235294117647
E00078377,184,52,21,31,132,119,13,28.26086956521739,11.41304347826087,16.847826086956523,71.73913043478261,64.67391304347827,7.065217391304348
E00078378,158,48,16,32,110,101,9,30.37974683544304,10.126582278481013,20.253164556962027,69.62025316455697,63.92405063291139,5.69620253164557
E00078379,182,43,19,24,139,119,20,23.626373626373624,10.43956043956044,13.186813186813188,76.37362637362637,65.38461538461539,10.989010989010989
E00078380,175,53,14,39,122,104,18,30.28571428571429,8,22.285714285714285,69.71428571428572,59.42857142857143,10.285714285714285
E00078381,128,32,12,20,96,90,6,25,9.375,15.625,75,70.3125,4.6875
E00078382,182,42,14,28,140,121,19,23.076923076923077,7.6923076923076925,15.384615384615385,76.92307692307693,66.48351648351648,10.43956043956044
E00078383,176,49,17,32,127,113,14,27.84090909090909,9.659090909090908,18.181818181818183,72.1590909090909,64.20454545454545,7.954545454545454
E00078384,161,45,17,28,116,101,15,27.95031055900621,10.559006211180124,17.391304347826086,72.04968944099379,62.732919254658384,9.316770186335404
E00078385,158,46,19,27,112,101,11,29.11392405063291,12.025316455696203,17.088607594936708,70.88607594936708,63.92405063291139,6.962025316455696
E00078386,269,87,29,58,182,160,22,32.342007434944236,10.780669144981413,21.561338289962826,67.65799256505576,59.479553903345725,8.178438661710038
E00078387,166,48,18,30,118,109,9,28.915662650602407,10.843373493975903,18.072289156626507,71.08433734939759,65.66265060240963,5.421686746987952
E00078388,193,54,13,41,139,124,15,27.979274611398964,6.7357512953367875,21.243523316062177,72.02072538860104,64.24870466321244,7.772020725388601
E00078389,216,62,21,41,154,139,15,28.703703703703702,9.722222222222223,18.98148148148148,71.29629629629629,64.35185185185185,6.944444444444445
E00078390,161,44,6,38,117,100,17,27.32919254658385,3.7267080745341614,23.60248447204969,72.67080745341616,62.11180124223602,10.559006211180124
E00078391,190,55,12,43,135,119,16,28.947368421052634,6.315789473684211,22.63157894736842,71.05263157894737,62.63157894736842,8.421052631578947
E00078392,197,46,12,34,151,137,14,23.3502538071066,6.091370558375635,17.258883248730964,76.6497461928934,69.54314720812182,7.1065989847715745
E00078393,129,38,11,27,91,78,13,29.457364341085274,8.527131782945736,20.930232558139537,70.54263565891473,60.46511627906976,10.077519379844961
E00078394,94,26,7,19,68,58,10,27.659574468085108,7.446808510638298,20.212765957446805,72.3404255319149,61.702127659574465,10.638297872340425
E00078395,141,41,18,23,100,96,4,29.078014184397162,12.76595744680851,16.312056737588655,70.92198581560284,68.08510638297872,2.8368794326241136
E00078396,142,43,16,27,99,92,7,30.28169014084507,11.267605633802818,19.014084507042252,69.71830985915493,64.7887323943662,4.929577464788732
E00078397,122,30,11,19,92,79,13,24.59016393442623,9.01639344262295,15.573770491803279,75.40983606557377,64.75409836065575,10.655737704918032
E00078398,181,59,19,40,122,106,16,32.59668508287293,10.497237569060774,22.099447513812155,67.40331491712708,58.5635359116022,8.83977900552486
E00078399,151,49,18,31,102,85,17,32.450331125827816,11.920529801324504,20.52980132450331,67.54966887417218,56.29139072847682,11.258278145695364
E00078400,154,33,11,22,121,109,12,21.428571428571427,7.142857142857142,14.285714285714285,78.57142857142857,70.77922077922078,7.792207792207792
E00078401,87,22,7,15,65,54,11,25.287356321839084,8.045977011494253,17.24137931034483,74.71264367816092,62.06896551724138,12.643678160919542
E00078402,174,51,13,38,123,108,15,29.310344827586203,7.471264367816093,21.839080459770116,70.6896551724138,62.06896551724138,8.620689655172415
E00078403,160,41,9,32,119,106,13,25.624999999999996,5.625,20,74.375,66.25,8.125
E00078404,24,6,3,3,18,15,3,25,12.5,12.5,75,62.5,12.5
E00078405,127,28,8,20,99,86,13,22.04724409448819,6.299212598425196,15.748031496062993,77.95275590551181,67.71653543307087,10.236220472440944
E00078406,164,38,5,33,126,111,15,23.170731707317074,3.048780487804878,20.121951219512198,76.82926829268293,67.6829268292683,9.146341463414634
E00078407,139,45,17,28,94,84,10,32.37410071942446,12.23021582733813,20.14388489208633,67.62589928057554,60.431654676258994,7.1942446043165464
E00078408,188,50,13,37,138,126,12,26.595744680851062,6.914893617021277,19.680851063829788,73.40425531914893,67.02127659574468,6.382978723404255
E00078409,162,44,18,26,118,107,11,27.160493827160494,11.11111111111111,16.049382716049383,72.8395061728395,66.0493827160494,6.790123456790123
E00078410,168,50,17,33,118,100,18,29.761904761904763,10.119047619047619,19.642857142857142,70.23809523809523,59.523809523809526,10.714285714285714
E00078411,86,35,11,24,51,47,4,40.69767441860465,12.790697674418606,27.906976744186046,59.30232558139535,54.65116279069767,4.651162790697675
E00078412,186,46,11,35,140,120,20,24.731182795698924,5.913978494623656,18.817204301075268,75.26881720430107,64.51612903225806,10.75268817204301
E00078413,159,30,11,19,129,111,18,18.867924528301888,6.918238993710692,11.949685534591195,81.13207547169812,69.81132075471697,11.320754716981133
E00078414,160,37,5,32,123,106,17,23.125,3.125,20,76.875,66.25,10.625
E00078415,168,42,11,31,126,110,16,25,6.547619047619048,18.452380952380953,75,65.47619047619048,9.523809523809524
E00078416,176,40,13,27,136,114,22,22.727272727272727,7.386363636363637,15.340909090909092,77.27272727272727,64.77272727272727,12.5
E00078417,199,46,20,26,153,127,26,23.115577889447238,10.050251256281408,13.06532663316583,76.88442211055276,63.81909547738693,13.06532663316583
E00078418,178,45,8,37,133,119,14,25.280898876404496,4.49438202247191,20.786516853932586,74.71910112359551,66.85393258426966,7.865168539325842
E00078419,187,40,13,27,147,135,12,21.390374331550802,6.951871657754011,14.43850267379679,78.6096256684492,72.19251336898395,6.417112299465241
E00078420,118,38,13,25,80,74,6,32.20338983050847,11.016949152542372,21.1864406779661,67.79661016949152,62.71186440677966,5.084745762711865
E00078421,170,43,22,21,127,113,14,25.294117647058822,12.941176470588237,12.352941176470589,74.70588235294117,66.47058823529412,8.235294117647058
E00078422,199,51,9,42,148,140,8,25.628140703517587,4.522613065326634,21.105527638190953,74.37185929648241,70.35175879396985,4.0201005025125625
E00078423,215,53,16,37,162,152,10,24.651162790697676,7.441860465116279,17.209302325581397,75.34883720930232,70.69767441860465,4.651162790697675
E00078424,154,41,14,27,113,102,11,26.623376623376622,9.090909090909092,17.532467532467532,73.37662337662337,66.23376623376623,7.142857142857142
E00078425,130,34,10,24,96,81,15,26.153846153846157,7.6923076923076925,18.461538461538463,73.84615384615385,62.30769230769231,11.538461538461538
E00078426,126,29,8,21,97,78,19,23.015873015873016,6.349206349206349,16.666666666666664,76.98412698412699,61.904761904761905,15.079365079365079
E00078427,176,65,19,46,111,93,18,36.93181818181818,10.795454545454545,26.136363636363637,63.06818181818182,52.84090909090909,10.227272727272728
E00078428,75,17,8,9,58,52,6,22.666666666666664,10.666666666666668,12,77.33333333333333,69.33333333333334,8
E00078429,58,19,8,11,39,36,3,32.758620689655174,13.793103448275861,18.96551724137931,67.24137931034483,62.06896551724138,5.172413793103448
E00078430,187,38,7,31,149,133,16,20.32085561497326,3.7433155080213902,16.577540106951872,79.67914438502673,71.12299465240642,8.55614973262032
E00078431,148,46,9,37,102,88,14,31.08108108108108,6.081081081081082,25,68.91891891891892,59.45945945945946,9.45945945945946
E00078432,134,37,12,25,97,85,12,27.611940298507463,8.955223880597014,18.65671641791045,72.38805970149254,63.43283582089553,8.955223880597014
E00078433,140,45,14,31,95,83,12,32.142857142857146,10,22.142857142857142,67.85714285714286,59.285714285714285,8.571428571428571
E00078434,121,50,8,42,71,64,7,41.32231404958678,6.6115702479338845,34.710743801652896,58.67768595041323,52.892561983471076,5.785123966942149
E00078435,142,29,9,20,113,104,9,20.422535211267608,6.338028169014084,14.084507042253522,79.5774647887324,73.23943661971832,6.338028169014084
E00078436,83,36,12,24,47,41,6,43.373493975903614,14.457831325301203,28.915662650602407,56.62650602409639,49.39759036144578,7.228915662650602
E00078437,215,52,11,41,163,148,15,24.186046511627907,5.116279069767442,19.069767441860467,75.81395348837209,68.83720930232559,6.976744186046512
E00078438,81,30,13,17,51,40,11,37.03703703703704,16.049382716049383,20.98765432098765,62.96296296296296,49.382716049382715,13.580246913580247
E00078439,218,54,9,45,164,142,22,24.770642201834864,4.128440366972478,20.642201834862387,75.22935779816514,65.13761467889908,10.091743119266056
E00078440,160,41,15,26,119,102,17,25.624999999999996,9.375,16.25,74.375,63.74999999999999,10.625
E00078441,193,53,17,36,140,133,7,27.461139896373055,8.808290155440414,18.65284974093264,72.53886010362694,68.9119170984456,3.6269430051813467
E00078442,229,77,25,52,152,140,12,33.624454148471614,10.91703056768559,22.707423580786028,66.37554585152839,61.135371179039296,5.240174672489083
E00078443,208,43,17,26,165,148,17,20.673076923076923,8.173076923076923,12.5,79.32692307692307,71.15384615384616,8.173076923076923
E00078444,223,61,17,44,162,143,19,27.3542600896861,7.623318385650224,19.730941704035875,72.6457399103139,64.12556053811659,8.520179372197308
E00078445,70,13,1,12,57,46,11,18.571428571428573,1.4285714285714286,17.142857142857142,81.42857142857143,65.71428571428571,15.714285714285714
E00078446,161,46,16,30,115,101,14,28.57142857142857,9.937888198757763,18.633540372670808,71.42857142857143,62.732919254658384,8.695652173913043
E00078447,120,39,9,30,81,65,16,32.5,7.5,25,67.5,54.166666666666664,13.333333333333334
E00078448,143,34,15,19,109,97,12,23.776223776223777,10.48951048951049,13.286713286713287,76.22377622377621,67.83216783216784,8.391608391608392
E00078449,201,49,15,34,152,121,31,24.378109452736318,7.462686567164178,16.91542288557214,75.62189054726367,60.19900497512438,15.422885572139302
E00078450,177,47,17,30,130,111,19,26.55367231638418,9.6045197740113,16.94915254237288,73.44632768361582,62.71186440677966,10.734463276836157
E00078451,146,37,9,28,109,100,9,25.34246575342466,6.164383561643835,19.17808219178082,74.65753424657534,68.4931506849315,6.164383561643835
E00078452,105,28,8,20,77,67,10,26.666666666666668,7.6190476190476195,19.047619047619047,73.33333333333333,63.8095238095238,9.523809523809524
E00078453,160,46,17,29,114,102,12,28.749999999999996,10.625,18.125,71.25,63.74999999999999,7.5
E00078454,159,38,8,30,121,115,6,23.89937106918239,5.031446540880504,18.867924528301888,76.10062893081762,72.32704402515722,3.7735849056603774
E00078455,148,37,8,29,111,96,15,25,5.405405405405405,19.594594594594593,75,64.86486486486487,10.135135135135135
E00078456,130,33,11,22,97,88,9,25.384615384615383,8.461538461538462,16.923076923076923,74.61538461538461,67.6923076923077,6.923076923076923
E00078457,58,17,5,12,41,34,7,29.310344827586203,8.620689655172415,20.689655172413794,70.6896551724138,58.620689655172406,12.068965517241379
E00078458,95,29,9,20,66,58,8,30.526315789473685,9.473684210526317,21.052631578947366,69.47368421052632,61.05263157894737,8.421052631578947
E00078459,109,30,3,27,79,73,6,27.522935779816514,2.7522935779816518,24.770642201834864,72.47706422018348,66.97247706422019,5.5045871559633035
E00078460,139,37,10,27,102,88,14,26.618705035971225,7.1942446043165464,19.424460431654676,73.38129496402878,63.30935251798561,10.071942446043165
E00078461,119,27,4,23,92,79,13,22.689075630252102,3.361344537815126,19.327731092436977,77.31092436974791,66.38655462184873,10.92436974789916
E00078462,182,49,16,33,133,120,13,26.923076923076923,8.791208791208792,18.13186813186813,73.07692307692307,65.93406593406593,7.142857142857142
E00078463,176,45,7,38,131,114,17,25.568181818181817,3.977272727272727,21.59090909090909,74.43181818181817,64.77272727272727,9.659090909090908
E00078464,197,54,14,40,143,126,17,27.411167512690355,7.1065989847715745,20.304568527918782,72.58883248730965,63.95939086294417,8.629441624365482
E00078465,172,36,11,25,136,119,17,20.930232558139537,6.395348837209303,14.534883720930234,79.06976744186046,69.18604651162791,9.883720930232558
E00078466,204,50,13,37,154,135,19,24.509803921568626,6.372549019607843,18.137254901960784,75.49019607843137,66.17647058823529,9.313725490196079
E00078467,189,42,14,28,147,134,13,22.22222222222222,7.4074074074074066,14.814814814814813,77.77777777777779,70.8994708994709,6.878306878306878
E00078468,147,36,11,25,111,100,11,24.489795918367346,7.482993197278912,17.006802721088434,75.51020408163265,68.02721088435374,7.482993197278912
E00078469,188,44,12,32,144,128,16,23.404255319148938,6.382978723404255,17.02127659574468,76.59574468085107,68.08510638297872,8.51063829787234
E00078470,185,44,13,31,141,120,21,23.783783783783786,7.027027027027027,16.756756756756758,76.21621621621621,64.86486486486487,11.351351351351353
E00078471,199,45,11,34,154,142,12,22.613065326633166,5.527638190954774,17.08542713567839,77.38693467336684,71.35678391959799,6.030150753768844
E00078472,162,48,14,34,114,100,14,29.629629629629626,8.641975308641975,20.98765432098765,70.37037037037037,61.72839506172839,8.641975308641975
E00078473,170,42,12,30,128,114,14,24.705882352941178,7.0588235294117645,17.647058823529413,75.29411764705883,67.05882352941175,8.235294117647058
E00078474,132,32,7,25,100,91,9,24.242424242424242,5.303030303030303,18.939393939393938,75.75757575757575,68.93939393939394,6.8181818181818175
E00078475,143,38,6,32,105,92,13,26.573426573426573,4.195804195804196,22.377622377622377,73.42657342657343,64.33566433566433,9.090909090909092
E00078476,38,13,5,8,25,24,1,34.21052631578947,13.157894736842104,21.052631578947366,65.78947368421053,63.1578947368421,2.631578947368421
E00078477,119,39,15,24,80,71,9,32.773109243697476,12.605042016806722,20.168067226890756,67.22689075630252,59.66386554621849,7.563025210084033
E00078478,125,37,13,24,88,75,13,29.599999999999998,10.4,19.2,70.39999999999999,60,10.4
E00078479,148,47,20,27,101,80,21,31.756756756756754,13.513513513513514,18.243243243243242,68.24324324324324,54.054054054054056,14.18918918918919
E00078480,98,25,10,15,73,66,7,25.510204081632654,10.204081632653061,15.306122448979592,74.48979591836735,67.3469387755102,7.142857142857142
E00078481,196,45,13,32,151,127,24,22.95918367346939,6.63265306122449,16.3265306122449,77.04081632653062,64.79591836734694,12.244897959183673
E00078482,83,28,7,21,55,49,6,33.734939759036145,8.433734939759036,25.301204819277107,66.26506024096386,59.036144578313255,7.228915662650602
E00078483,171,53,17,36,118,99,19,30.994152046783626,9.941520467836257,21.052631578947366,69.00584795321637,57.89473684210527,11.11111111111111
E00078484,194,56,17,39,138,123,15,28.865979381443296,8.762886597938143,20.103092783505154,71.1340206185567,63.4020618556701,7.731958762886598
E00078485,96,26,6,20,70,62,8,27.083333333333332,6.25,20.833333333333336,72.91666666666666,64.58333333333334,8.333333333333332
E00078486,229,70,27,43,159,131,28,30.567685589519648,11.790393013100436,18.777292576419214,69.43231441048034,57.20524017467249,12.22707423580786
E00078487,103,35,9,26,68,59,9,33.980582524271846,8.737864077669903,25.24271844660194,66.01941747572816,57.28155339805825,8.737864077669903
E00078488,124,33,9,24,91,83,8,26.61290322580645,7.258064516129033,19.35483870967742,73.38709677419355,66.93548387096774,6.451612903225806
E00078489,116,33,9,24,83,77,6,28.448275862068968,7.758620689655173,20.689655172413794,71.55172413793103,66.37931034482759,5.172413793103448
E00078490,117,36,14,22,81,61,20,30.76923076923077,11.965811965811966,18.803418803418804,69.23076923076923,52.13675213675214,17.094017094017094
E00078491,165,47,13,34,118,104,14,28.484848484848484,7.878787878787878,20.606060606060606,71.51515151515152,63.030303030303024,8.484848484848486
E00078492,71,22,7,15,49,43,6,30.985915492957744,9.859154929577464,21.12676056338028,69.01408450704226,60.56338028169014,8.450704225352112
E00078493,59,19,8,11,40,34,6,32.20338983050847,13.559322033898304,18.64406779661017,67.79661016949152,57.6271186440678,10.16949152542373
E00078494,184,44,12,32,140,121,19,23.91304347826087,6.521739130434782,17.391304347826086,76.08695652173914,65.76086956521739,10.326086956521738
E00078495,135,45,16,29,90,73,17,33.33333333333333,11.851851851851853,21.48148148148148,66.66666666666666,54.074074074074076,12.592592592592592
E00078496,25,4,1,3,21,17,4,16,4,12,84,68,16
E00078497,150,30,7,23,120,104,16,20,4.666666666666667,15.333333333333332,80,69.33333333333334,10.666666666666668
E00078498,127,37,11,26,90,76,14,29.133858267716533,8.661417322834646,20.47244094488189,70.86614173228347,59.84251968503938,11.023622047244094
E00078499,220,55,25,30,165,144,21,25,11.363636363636363,13.636363636363635,75,65.45454545454545,9.545454545454547
E00078500,244,65,26,39,179,137,42,26.639344262295083,10.655737704918032,15.983606557377051,73.36065573770492,56.14754098360656,17.21311475409836
E00078501,148,47,20,27,101,89,12,31.756756756756754,13.513513513513514,18.243243243243242,68.24324324324324,60.13513513513513,8.108108108108109
E00078502,132,28,13,15,104,87,17,21.21212121212121,9.848484848484848,11.363636363636363,78.78787878787878,65.9090909090909,12.878787878787879
E00078503,128,30,10,20,98,93,5,23.4375,7.8125,15.625,76.5625,72.65625,3.90625
E00078504,185,45,13,32,140,128,12,24.324324324324326,7.027027027027027,17.2972972972973,75.67567567567568,69.1891891891892,6.486486486486487
E00078505,166,43,12,31,123,107,16,25.903614457831324,7.228915662650602,18.67469879518072,74.09638554216868,64.45783132530121,9.63855421686747
E00078506,105,33,7,26,72,67,5,31.428571428571427,6.666666666666667,24.761904761904763,68.57142857142857,63.8095238095238,4.761904761904762
E00078507,57,16,9,7,41,36,5,28.07017543859649,15.789473684210526,12.280701754385964,71.9298245614035,63.1578947368421,8.771929824561402
E00078508,192,55,19,36,137,121,16,28.645833333333332,9.895833333333332,18.75,71.35416666666666,63.020833333333336,8.333333333333332
E00078509,119,34,9,25,85,75,10,28.57142857142857,7.563025210084033,21.008403361344538,71.42857142857143,63.02521008403361,8.403361344537815
E00078510,186,43,10,33,143,119,24,23.118279569892472,5.376344086021505,17.741935483870968,76.88172043010752,63.97849462365591,12.903225806451612
E00078511,156,37,11,26,119,110,9,23.717948717948715,7.051282051282051,16.666666666666664,76.28205128205127,70.51282051282051,5.769230769230769
E00078512,150,55,14,41,95,84,11,36.666666666666664,9.333333333333334,27.333333333333332,63.33333333333333,56.00000000000001,7.333333333333333
E00078513,119,34,8,26,85,76,9,28.57142857142857,6.722689075630252,21.84873949579832,71.42857142857143,63.86554621848739,7.563025210084033
E00078514,98,28,7,21,70,60,10,28.57142857142857,7.142857142857142,21.428571428571427,71.42857142857143,61.224489795918366,10.204081632653061
E00078515,109,39,16,23,70,60,10,35.77981651376147,14.678899082568808,21.100917431192663,64.22018348623854,55.04587155963303,9.174311926605505
E00078516,178,30,10,20,148,131,17,16.853932584269664,5.617977528089887,11.235955056179774,83.14606741573034,73.59550561797754,9.550561797752808
E00078517,172,42,9,33,130,121,9,24.418604651162788,5.232558139534884,19.186046511627907,75.5813953488372,70.34883720930233,5.232558139534884
E00078518,181,61,21,40,120,104,16,33.70165745856354,11.602209944751381,22.099447513812155,66.29834254143645,57.4585635359116,8.83977900552486
E00078519,138,36,12,24,102,93,9,26.08695652173913,8.695652173913043,17.391304347826086,73.91304347826086,67.3913043478261,6.521739130434782
E00078520,96,21,4,17,75,70,5,21.875,4.166666666666666,17.708333333333336,78.125,72.91666666666666,5.208333333333334
E00078522,16,7,3,4,9,9,0,43.75,18.75,25,56.25,56.25,0
E00078524,145,36,15,21,109,95,14,24.82758620689655,10.344827586206897,14.482758620689657,75.17241379310344,65.51724137931035,9.655172413793103
E00078525,121,28,8,20,93,86,7,23.140495867768596,6.6115702479338845,16.528925619834713,76.85950413223141,71.07438016528926,5.785123966942149
E00078526,118,32,16,16,86,79,7,27.11864406779661,13.559322033898304,13.559322033898304,72.88135593220339,66.94915254237289,5.932203389830509
E00078527,199,45,14,31,154,137,17,22.613065326633166,7.035175879396985,15.577889447236181,77.38693467336684,68.84422110552764,8.542713567839195
E00078528,171,45,16,29,126,107,19,26.31578947368421,9.35672514619883,16.95906432748538,73.68421052631578,62.57309941520468,11.11111111111111
E00078529,187,53,13,40,134,118,16,28.342245989304814,6.951871657754011,21.390374331550802,71.65775401069519,63.101604278074866,8.55614973262032
E00078530,130,45,12,33,85,78,7,34.61538461538461,9.230769230769232,25.384615384615383,65.38461538461539,60,5.384615384615385
E00078531,148,48,19,29,100,95,5,32.432432432432435,12.837837837837837,19.594594594594593,67.56756756756756,64.1891891891892,3.3783783783783785
E00078532,145,43,13,30,102,86,16,29.655172413793103,8.96551724137931,20.689655172413794,70.34482758620689,59.310344827586206,11.03448275862069
E00078533,168,46,14,32,122,109,13,27.380952380952383,8.333333333333332,19.047619047619047,72.61904761904762,64.88095238095238,7.738095238095238
E00078534,180,38,15,23,142,123,19,21.11111111111111,8.333333333333332,12.777777777777777,78.88888888888889,68.33333333333333,10.555555555555555
E00078535,165,44,15,29,121,109,12,26.666666666666668,9.090909090909092,17.575757575757574,73.33333333333333,66.06060606060606,7.2727272727272725
E00078536,168,38,8,30,130,109,21,22.61904761904762,4.761904761904762,17.857142857142858,77.38095238095238,64.88095238095238,12.5
E00078537,214,70,23,47,144,127,17,32.71028037383177,10.74766355140187,21.962616822429908,67.28971962616822,59.345794392523366,7.943925233644859
E00078538,165,39,13,26,126,115,11,23.636363636363637,7.878787878787878,15.757575757575756,76.36363636363637,69.6969696969697,6.666666666666667
E00078539,170,56,20,36,114,104,10,32.94117647058823,11.76470588235294,21.176470588235293,67.05882352941175,61.1764705882353,5.88235294117647
E00078540,146,35,10,25,111,85,26,23.972602739726025,6.8493150684931505,17.123287671232877,76.02739726027397,58.21917808219178,17.80821917808219
E00078541,155,34,9,25,121,100,21,21.935483870967744,5.806451612903226,16.129032258064516,78.06451612903226,64.51612903225806,13.548387096774196
E00078542,138,41,16,25,97,84,13,29.71014492753623,11.594202898550725,18.115942028985508,70.28985507246377,60.86956521739131,9.420289855072465
E00078543,133,35,17,18,98,92,6,26.31578947368421,12.781954887218044,13.533834586466165,73.68421052631578,69.17293233082707,4.511278195488721
E00078545,140,37,14,23,103,88,15,26.42857142857143,10,16.428571428571427,73.57142857142858,62.857142857142854,10.714285714285714
E00078546,129,51,16,35,78,66,12,39.53488372093023,12.4031007751938,27.131782945736433,60.46511627906976,51.162790697674424,9.30232558139535
E00078547,162,44,17,27,118,94,24,27.160493827160494,10.493827160493826,16.666666666666664,72.8395061728395,58.0246913580247,14.814814814814813
E00078548,133,38,16,22,95,87,8,28.57142857142857,12.030075187969924,16.541353383458645,71.42857142857143,65.41353383458647,6.015037593984962
E00078550,151,42,12,30,109,102,7,27.81456953642384,7.9470198675496695,19.867549668874172,72.18543046357617,67.54966887417218,4.635761589403973
E00078551,123,32,15,17,91,81,10,26.01626016260163,12.195121951219512,13.821138211382115,73.98373983739837,65.85365853658537,8.130081300813007
E00078552,138,31,7,24,107,91,16,22.463768115942027,5.072463768115942,17.391304347826086,77.53623188405797,65.94202898550725,11.594202898550725
E00078553,177,45,14,31,132,116,16,25.423728813559322,7.909604519774012,17.51412429378531,74.57627118644068,65.5367231638418,9.03954802259887
E00078555,146,37,13,24,109,83,26,25.34246575342466,8.904109589041095,16.43835616438356,74.65753424657534,56.849315068493155,17.80821917808219
E00078557,191,56,25,31,135,119,16,29.31937172774869,13.089005235602095,16.230366492146597,70.68062827225131,62.30366492146597,8.37696335078534
E00078558,181,36,15,21,145,130,15,19.88950276243094,8.287292817679557,11.602209944751381,80.11049723756905,71.8232044198895,8.287292817679557
E00078559,164,36,13,23,128,111,17,21.951219512195124,7.926829268292683,14.02439024390244,78.04878048780488,67.6829268292683,10.365853658536585
E00078560,161,49,17,32,112,91,21,30.434782608695656,10.559006211180124,19.875776397515526,69.56521739130434,56.52173913043478,13.043478260869565
E00078561,151,33,10,23,118,101,17,21.85430463576159,6.622516556291391,15.2317880794702,78.1456953642384,66.88741721854305,11.258278145695364
E00078562,183,34,9,25,149,129,20,18.579234972677597,4.918032786885246,13.661202185792352,81.4207650273224,70.49180327868852,10.92896174863388
E00078563,100,28,10,18,72,63,9,28.000000000000004,10,18,72,63,9
E00078564,183,31,15,16,152,138,14,16.939890710382514,8.19672131147541,8.743169398907105,83.06010928961749,75.40983606557377,7.650273224043716
E00078565,105,25,5,20,80,77,3,23.809523809523807,4.761904761904762,19.047619047619047,76.19047619047619,73.33333333333333,2.857142857142857
E00078567,121,42,17,25,79,75,4,34.710743801652896,14.049586776859504,20.66115702479339,65.28925619834712,61.98347107438017,3.3057851239669422
E00078568,68,18,8,10,50,43,7,26.47058823529412,11.76470588235294,14.705882352941178,73.52941176470588,63.23529411764706,10.294117647058822
E00078569,168,50,25,25,118,103,15,29.761904761904763,14.880952380952381,14.880952380952381,70.23809523809523,61.30952380952381,8.928571428571429
E00078570,138,42,16,26,96,85,11,30.434782608695656,11.594202898550725,18.84057971014493,69.56521739130434,61.59420289855072,7.971014492753622
E00078571,194,57,17,40,137,126,11,29.381443298969074,8.762886597938143,20.618556701030926,70.61855670103093,64.94845360824742,5.670103092783505
E00078572,172,36,6,30,136,126,10,20.930232558139537,3.488372093023256,17.441860465116278,79.06976744186046,73.25581395348837,5.813953488372093
E00078573,159,48,18,30,111,105,6,30.18867924528302,11.320754716981133,18.867924528301888,69.81132075471697,66.0377358490566,3.7735849056603774
E00078574,80,22,7,15,58,51,7,27.500000000000004,8.75,18.75,72.5,63.74999999999999,8.75
E00078575,145,34,18,16,111,95,16,23.448275862068964,12.413793103448276,11.03448275862069,76.55172413793103,65.51724137931035,11.03448275862069
E00078576,148,48,13,35,100,90,10,32.432432432432435,8.783783783783784,23.64864864864865,67.56756756756756,60.810810810810814,6.756756756756757
E00078577,122,34,9,25,88,78,10,27.86885245901639,7.377049180327869,20.491803278688526,72.1311475409836,63.934426229508205,8.19672131147541
E00078578,178,45,11,34,133,117,16,25.280898876404496,6.179775280898876,19.101123595505616,74.71910112359551,65.73033707865169,8.98876404494382
E00078579,146,45,10,35,101,94,7,30.82191780821918,6.8493150684931505,23.972602739726025,69.17808219178082,64.38356164383562,4.794520547945205
E00078580,170,59,23,36,111,94,17,34.705882352941174,13.529411764705882,21.176470588235293,65.29411764705883,55.294117647058826,10
E00078581,138,37,8,29,101,87,14,26.811594202898554,5.797101449275362,21.014492753623188,73.18840579710145,63.04347826086957,10.144927536231885
E00078582,117,39,16,23,78,67,11,33.33333333333333,13.675213675213676,19.65811965811966,66.66666666666666,57.26495726495726,9.401709401709402
E00078583,128,46,16,30,82,73,9,35.9375,12.5,23.4375,64.0625,57.03125,7.03125
E00078584,145,34,11,23,111,101,10,23.448275862068964,7.586206896551724,15.862068965517242,76.55172413793103,69.6551724137931,6.896551724137931
E00078585,153,47,11,36,106,92,14,30.718954248366014,7.18954248366013,23.52941176470588,69.28104575163398,60.130718954248366,9.15032679738562
E00078586,104,37,13,24,67,63,4,35.57692307692308,12.5,23.076923076923077,64.42307692307693,60.57692307692307,3.8461538461538463
E00078587,197,51,15,36,146,133,13,25.888324873096447,7.614213197969544,18.274111675126903,74.11167512690355,67.51269035532995,6.598984771573605
E00078588,146,38,10,28,108,90,18,26.027397260273972,6.8493150684931505,19.17808219178082,73.97260273972603,61.64383561643836,12.32876712328767
E00078589,141,34,12,22,107,96,11,24.113475177304963,8.51063829787234,15.602836879432624,75.88652482269504,68.08510638297872,7.801418439716312
E00078590,180,52,15,37,128,103,25,28.888888888888886,8.333333333333332,20.555555555555554,71.11111111111111,57.22222222222222,13.88888888888889
E00078591,101,39,15,24,62,58,4,38.613861386138616,14.85148514851485,23.762376237623762,61.386138613861384,57.42574257425742,3.9603960396039604
E00078592,82,20,4,16,62,57,5,24.390243902439025,4.878048780487805,19.51219512195122,75.60975609756098,69.51219512195121,6.097560975609756
E00078593,122,33,10,23,89,86,3,27.049180327868854,8.19672131147541,18.852459016393443,72.95081967213115,70.49180327868852,2.459016393442623
E00078594,196,58,27,31,138,119,19,29.591836734693878,13.77551020408163,15.816326530612246,70.40816326530613,60.71428571428571,9.693877551020408
E00078595,165,50,18,32,115,105,10,30.303030303030305,10.909090909090908,19.393939393939394,69.6969696969697,63.63636363636363,6.0606060606060606
E00078596,136,47,16,31,89,80,9,34.55882352941176,11.76470588235294,22.794117647058822,65.44117647058823,58.82352941176471,6.61764705882353
E00078597,100,23,5,18,77,67,10,23,5,18,77,67,10
E00078598,114,27,5,22,87,80,7,23.684210526315788,4.385964912280701,19.298245614035086,76.31578947368422,70.17543859649122,6.140350877192982
E00078599,62,8,1,7,54,50,4,12.903225806451612,1.6129032258064515,11.29032258064516,87.09677419354838,80.64516129032258,6.451612903225806
E00078600,150,53,17,36,97,89,8,35.333333333333336,11.333333333333332,24,64.66666666666666,59.333333333333336,5.333333333333334
E00078601,95,34,6,28,61,55,6,35.78947368421053,6.315789473684211,29.47368421052631,64.21052631578948,57.89473684210527,6.315789473684211
E00078602,168,56,17,39,112,94,18,33.33333333333333,10.119047619047619,23.214285714285715,66.66666666666666,55.952380952380956,10.714285714285714
E00078603,135,45,14,31,90,82,8,33.33333333333333,10.37037037037037,22.962962962962962,66.66666666666666,60.74074074074074,5.9259259259259265
E00078604,116,34,11,23,82,74,8,29.310344827586203,9.482758620689655,19.82758620689655,70.6896551724138,63.793103448275865,6.896551724137931
E00078605,104,34,6,28,70,66,4,32.69230769230769,5.769230769230769,26.923076923076923,67.3076923076923,63.46153846153846,3.8461538461538463
E00078606,135,29,7,22,106,95,11,21.48148148148148,5.185185185185185,16.296296296296298,78.51851851851852,70.37037037037037,8.148148148148149
E00078607,195,44,11,33,151,136,15,22.564102564102566,5.641025641025641,16.923076923076923,77.435897435897445,69.74358974358974,7.6923076923076925
E00078608,110,35,14,21,75,67,8,31.818181818181817,12.727272727272727,19.090909090909093,68.18181818181817,60.909090909090914,7.2727272727272725
E00078609,101,29,10,19,72,65,7,28.71287128712871,9.900990099009901,18.81188118811881,71.28712871287128,64.35643564356435,6.9306930693069315
E00078610,131,39,11,28,92,83,9,29.770992366412212,8.396946564885496,21.374045801526716,70.22900763358778,63.358778625954194,6.870229007633588
E00078611,128,40,13,27,88,81,7,31.25,10.15625,21.09375,68.75,63.28125,5.46875
E00078612,143,57,15,42,86,79,7,39.86013986013986,10.48951048951049,29.37062937062937,60.13986013986013,55.24475524475524,4.895104895104895
E00078613,125,37,15,22,88,79,9,29.599999999999998,12,17.599999999999998,70.39999999999999,63.2,7.199999999999999
E00078614,141,47,18,29,94,83,11,33.33333333333333,12.76595744680851,20.56737588652482,66.66666666666666,58.86524822695035,7.801418439716312
E00078615,141,48,18,30,93,80,13,34.04255319148936,12.76595744680851,21.27659574468085,65.95744680851064,56.73758865248227,9.219858156028367
E00078616,111,45,14,31,66,52,14,40.54054054054054,12.612612612612612,27.927927927927925,59.45945945945946,46.846846846846844,12.612612612612612
E00078617,83,25,10,15,58,51,7,30.120481927710845,12.048192771084338,18.072289156626507,69.87951807228916,61.44578313253012,8.433734939759036
E00078618,113,40,13,27,73,64,9,35.39823008849557,11.504424778761061,23.893805309734514,64.60176991150442,56.63716814159292,7.964601769911504
E00078619,109,32,13,19,77,67,10,29.357798165137616,11.926605504587156,17.431192660550458,70.64220183486239,61.46788990825688,9.174311926605505
E00078620,77,25,4,21,52,44,8,32.467532467532465,5.194805194805195,27.27272727272727,67.53246753246754,57.14285714285714,10.38961038961039
E00078621,127,43,14,29,84,80,4,33.85826771653544,11.023622047244094,22.83464566929134,66.14173228346458,62.99212598425197,3.149606299212598
E00078622,151,44,16,28,107,76,31,29.13907284768212,10.596026490066226,18.543046357615893,70.86092715231787,50.331125827814574,20.52980132450331
E00078623,201,58,19,39,143,100,43,28.855721393034827,9.45273631840796,19.402985074626866,71.14427860696517,49.75124378109453,21.393034825870647
E00078624,73,26,12,14,47,33,14,35.61643835616438,16.43835616438356,19.17808219178082,64.38356164383562,45.20547945205479,19.17808219178082
E00078625,329,92,32,60,237,194,43,27.96352583586626,9.72644376899696,18.237082066869302,72.03647416413374,58.96656534954408,13.069908814589665
E00078626,157,40,20,20,117,90,27,25.477707006369428,12.738853503184714,12.738853503184714,74.52229299363057,57.324840764331206,17.197452229299362
E00078627,221,66,28,38,155,134,21,29.86425339366516,12.669683257918551,17.194570135746606,70.13574660633483,60.633484162895925,9.502262443438914
E00078628,112,33,12,21,79,56,23,29.464285714285715,10.714285714285714,18.75,70.53571428571429,50,20.535714285714285
E00078629,187,56,19,37,131,106,25,29.946524064171122,10.16042780748663,19.786096256684495,70.05347593582889,56.68449197860963,13.368983957219251
E00078630,149,50,25,25,99,79,20,33.557046979865774,16.778523489932887,16.778523489932887,66.44295302013423,53.02013422818792,13.422818791946309
E00078631,204,64,22,42,140,121,19,31.372549019607842,10.784313725490197,20.588235294117645,68.62745098039215,59.31372549019608,9.313725490196079
E00078632,94,28,10,18,66,60,6,29.78723404255319,10.638297872340425,19.148936170212767,70.2127659574468,63.829787234042556,6.382978723404255
E00078633,161,51,16,35,110,98,12,31.67701863354037,9.937888198757763,21.73913043478261,68.32298136645963,60.86956521739131,7.453416149068323
E00078634,185,55,19,36,130,118,12,29.72972972972973,10.27027027027027,19.45945945945946,70.27027027027027,63.78378378378379,6.486486486486487
E00078635,183,48,17,31,135,122,13,26.229508196721312,9.289617486338798,16.939890710382514,73.77049180327869,66.66666666666666,7.103825136612022
E00078636,51,19,8,11,32,30,2,37.254901960784316,15.686274509803921,21.568627450980394,62.745098039215684,58.82352941176471,3.9215686274509802
E00078637,144,39,8,31,105,94,11,27.083333333333332,5.555555555555555,21.52777777777778,72.91666666666666,65.27777777777779,7.638888888888889
E00078638,277,72,24,48,205,183,22,25.992779783393498,8.664259927797833,17.328519855595665,74.0072202166065,66.06498194945848,7.9422382671480145
E00078639,172,46,14,32,126,112,14,26.744186046511626,8.13953488372093,18.6046511627907,73.25581395348837,65.11627906976744,8.13953488372093
E00078640,223,54,13,41,169,145,24,24.2152466367713,5.829596412556054,18.385650224215247,75.7847533632287,65.02242152466367,10.762331838565023
E00078641,162,40,12,28,122,107,15,24.691358024691358,7.4074074074074066,17.28395061728395,75.30864197530865,66.0493827160494,9.25925925925926
E00078642,74,19,5,14,55,52,3,25.675675675675674,6.756756756756757,18.91891891891892,74.32432432432432,70.27027027027027,4.054054054054054
E00078643,118,35,14,21,83,79,4,29.66101694915254,11.864406779661017,17.796610169491526,70.33898305084746,66.94915254237289,3.389830508474576
E00078644,165,32,6,26,133,118,15,19.393939393939394,3.6363636363636362,15.757575757575756,80.60606060606061,71.51515151515152,9.090909090909092
E00078645,268,73,25,48,195,178,17,27.238805970149254,9.328358208955224,17.91044776119403,72.76119402985076,66.4179104477612,6.343283582089552
E00078646,179,47,11,36,132,118,14,26.256983240223462,6.145251396648044,20.11173184357542,73.74301675977654,65.92178770949721,7.82122905027933
E00078647,223,63,17,46,160,142,18,28.251121076233183,7.623318385650224,20.62780269058296,71.74887892376681,63.67713004484305,8.071748878923767
E00078648,190,55,16,39,135,122,13,28.947368421052634,8.421052631578947,20.526315789473685,71.05263157894737,64.21052631578948,6.842105263157896
E00078649,175,36,13,23,139,127,12,20.57142857142857,7.428571428571429,13.142857142857142,79.42857142857143,72.57142857142857,6.857142857142858
E00078650,156,39,4,35,117,101,16,25,2.564102564102564,22.435897435897438,75,64.74358974358975,10.256410256410255
E00078651,151,49,13,36,102,96,6,32.450331125827816,8.609271523178808,23.841059602649008,67.54966887417218,63.576158940397356,3.9735099337748347
E00078652,124,40,18,22,84,74,10,32.25806451612903,14.516129032258066,17.741935483870968,67.74193548387096,59.67741935483871,8.064516129032258
E00078653,164,36,14,22,128,119,9,21.951219512195124,8.536585365853659,13.414634146341465,78.04878048780488,72.5609756097561,5.487804878048781
E00078654,149,38,11,27,111,99,12,25.503355704697988,7.38255033557047,18.120805369127517,74.49664429530202,66.44295302013423,8.053691275167784
E00078655,107,27,15,12,80,72,8,25.233644859813083,14.018691588785046,11.214953271028037,74.76635514018692,67.28971962616822,7.476635514018691
E00078656,178,40,20,20,138,122,16,22.47191011235955,11.235955056179774,11.235955056179774,77.52808988764045,68.53932584269663,8.98876404494382
E00078658,98,32,5,27,66,53,13,32.6530612244898,5.1020408163265305,27.55102040816326,67.3469387755102,54.08163265306123,13.26530612244898
E00078660,150,41,15,26,109,100,9,27.333333333333332,10,17.333333333333336,72.66666666666667,66.66666666666666,6
E00078661,138,38,15,23,100,90,10,27.536231884057973,10.869565217391305,16.666666666666664,72.46376811594203,65.21739130434783,7.246376811594203
E00078662,168,49,20,29,119,107,12,29.166666666666668,11.904761904761903,17.261904761904763,70.83333333333334,63.69047619047619,7.142857142857142
E00078663,117,31,6,25,86,72,14,26.495726495726498,5.128205128205128,21.367521367521366,73.50427350427351,61.53846153846154,11.965811965811966
E00078664,172,44,10,34,128,114,14,25.581395348837212,5.813953488372093,19.767441860465116,74.4186046511628,66.27906976744185,8.13953488372093
E00078665,169,30,8,22,139,123,16,17.75147928994083,4.733727810650888,13.017751479289942,82.24852071005917,72.7810650887574,9.467455621301776
E00078666,220,52,10,42,168,149,19,23.636363636363637,4.545454545454546,19.090909090909093,76.36363636363637,67.72727272727272,8.636363636363637
E00078667,104,21,6,15,83,71,12,20.192307692307693,5.769230769230769,14.423076923076922,79.8076923076923,68.26923076923077,11.538461538461538
E00078668,153,33,8,25,120,98,22,21.568627450980394,5.228758169934641,16.33986928104575,78.43137254901961,64.05228758169935,14.37908496732026
E00078669,159,30,6,24,129,110,19,18.867924528301888,3.7735849056603774,15.09433962264151,81.13207547169812,69.18238993710692,11.949685534591195
E00078670,142,36,9,27,106,97,9,25.352112676056336,6.338028169014084,19.014084507042252,74.64788732394366,68.30985915492957,6.338028169014084
E00078671,156,37,14,23,119,97,22,23.717948717948715,8.974358974358974,14.743589743589745,76.28205128205127,62.17948717948718,14.102564102564102
E00078672,222,48,14,34,174,150,24,21.62162162162162,6.306306306306306,15.315315315315313,78.37837837837837,67.56756756756756,10.81081081081081
E00078673,140,38,7,31,102,93,9,27.142857142857142,5,22.142857142857142,72.85714285714285,66.42857142857143,6.428571428571428
E00078674,38,16,5,11,22,20,2,42.10526315789473,13.157894736842104,28.947368421052634,57.89473684210527,52.63157894736842,5.263157894736842
E00078675,107,25,1,24,82,75,7,23.364485981308412,0.9345794392523363,22.429906542056074,76.63551401869158,70.09345794392523,6.5420560747663545
E00078677,139,39,14,25,100,88,12,28.05755395683453,10.071942446043165,17.985611510791365,71.94244604316546,63.30935251798561,8.633093525179856
E00078678,240,55,15,40,185,171,14,22.916666666666664,6.25,16.666666666666664,77.08333333333334,71.25,5.833333333333333
E00078679,133,43,18,25,90,76,14,32.33082706766917,13.533834586466165,18.796992481203006,67.66917293233082,57.14285714285714,10.526315789473683
E00078680,173,45,20,25,128,114,14,26.011560693641616,11.560693641618498,14.450867052023122,73.98843930635837,65.89595375722543,8.092485549132949
E00078681,163,47,13,34,116,104,12,28.834355828220858,7.975460122699387,20.858895705521473,71.16564417177914,63.80368098159509,7.361963190184049
E00078682,128,21,6,15,107,94,13,16.40625,4.6875,11.71875,83.59375,73.4375,10.15625
E00078683,177,56,19,37,121,110,11,31.63841807909605,10.734463276836157,20.903954802259886,68.36158192090396,62.14689265536724,6.214689265536723
E00078684,147,45,19,26,102,87,15,30.612244897959183,12.925170068027212,17.687074829931973,69.38775510204081,59.183673469387756,10.204081632653061
E00078685,121,43,13,30,78,68,10,35.53719008264463,10.743801652892563,24.793388429752067,64.46280991735537,56.19834710743802,8.264462809917356
E00078686,145,42,12,30,103,93,10,28.965517241379313,8.275862068965518,20.689655172413794,71.03448275862068,64.13793103448275,6.896551724137931
E00078687,236,64,8,56,172,141,31,27.11864406779661,3.389830508474576,23.728813559322035,72.88135593220339,59.7457627118644,13.135593220338984
E00078688,70,23,8,15,47,39,8,32.857142857142854,11.428571428571429,21.428571428571427,67.14285714285714,55.714285714285715,11.428571428571429
E00078690,171,46,14,32,125,111,14,26.900584795321635,8.187134502923977,18.71345029239766,73.09941520467837,64.91228070175438,8.187134502923977
E00078691,56,12,0,12,44,43,1,21.428571428571427,0,21.428571428571427,78.57142857142857,76.78571428571429,1.7857142857142856
E00078692,122,31,11,20,91,83,8,25.40983606557377,9.01639344262295,16.39344262295082,74.59016393442623,68.0327868852459,6.557377049180328
E00078693,212,44,12,32,168,150,18,20.754716981132077,5.660377358490567,15.09433962264151,79.24528301886792,70.75471698113208,8.49056603773585
E00078694,199,56,15,41,143,123,20,28.14070351758794,7.537688442211055,20.603015075376884,71.85929648241206,61.80904522613066,10.050251256281408
E00078695,148,39,13,26,109,92,17,26.351351351351347,8.783783783783784,17.56756756756757,73.64864864864865,62.16216216216216,11.486486486486488
E00078696,183,53,16,37,130,113,17,28.96174863387978,8.743169398907105,20.21857923497268,71.03825136612022,61.74863387978142,9.289617486338798
E00078697,187,47,20,27,140,123,17,25.13368983957219,10.695187165775401,14.43850267379679,74.8663101604278,65.77540106951871,9.090909090909092
E00078698,140,37,12,25,103,88,15,26.42857142857143,8.571428571428571,17.857142857142858,73.57142857142858,62.857142857142854,10.714285714285714
E00078699,185,52,15,37,133,125,8,28.10810810810811,8.108108108108109,20,71.89189189189189,67.56756756756756,4.324324324324325
E00078700,151,29,10,19,122,108,14,19.205298013245034,6.622516556291391,12.582781456953644,80.79470198675497,71.52317880794702,9.271523178807946
E00078701,152,52,12,40,100,88,12,34.21052631578947,7.894736842105263,26.31578947368421,65.78947368421053,57.89473684210527,7.894736842105263
E00078702,175,36,12,24,139,126,13,20.57142857142857,6.857142857142858,13.714285714285715,79.42857142857143,72,7.428571428571429
E00078703,183,55,30,25,128,107,21,30.05464480874317,16.39344262295082,13.661202185792352,69.94535519125684,58.46994535519126,11.475409836065573
E00078704,151,39,15,24,112,97,15,25.82781456953642,9.933774834437086,15.894039735099339,74.17218543046357,64.23841059602648,9.933774834437086
E00078705,171,53,23,30,118,105,13,30.994152046783626,13.450292397660817,17.543859649122805,69.00584795321637,61.40350877192983,7.602339181286549
E00078706,141,36,9,27,105,95,10,25.53191489361702,6.382978723404255,19.148936170212767,74.46808510638297,67.37588652482269,7.092198581560284
E00078707,140,30,9,21,110,100,10,21.428571428571427,6.428571428571428,15,78.57142857142857,71.42857142857143,7.142857142857142
E00078708,90,30,10,20,60,51,9,33.33333333333333,11.11111111111111,22.22222222222222,66.66666666666666,56.666666666666664,10
E00078709,177,39,14,25,138,120,18,22.033898305084744,7.909604519774012,14.124293785310735,77.96610169491525,67.79661016949152,10.16949152542373
E00078710,215,43,9,34,172,154,18,20,4.186046511627907,15.813953488372093,80,71.62790697674419,8.372093023255815
E00078711,152,36,11,25,116,104,12,23.684210526315788,7.236842105263158,16.447368421052634,76.31578947368422,68.42105263157895,7.894736842105263
E00078712,184,39,14,25,145,134,11,21.195652173913043,7.608695652173914,13.586956521739129,78.80434782608695,72.82608695652173,5.978260869565218
E00078713,153,36,11,25,117,106,11,23.52941176470588,7.18954248366013,16.33986928104575,76.47058823529412,69.28104575163398,7.18954248366013
E00078714,193,47,11,36,146,138,8,24.352331606217618,5.699481865284974,18.65284974093264,75.64766839378238,71.50259067357513,4.145077720207254
E00078715,145,28,11,17,117,102,15,19.310344827586206,7.586206896551724,11.724137931034482,80.6896551724138,70.34482758620689,10.344827586206897
E00078716,181,44,7,37,137,118,19,24.30939226519337,3.867403314917127,20.441988950276244,75.69060773480662,65.19337016574586,10.497237569060774
E00078717,98,30,7,23,68,61,7,30.612244897959183,7.142857142857142,23.46938775510204,69.38775510204081,62.244897959183675,7.142857142857142
E00078718,176,31,7,24,145,134,11,17.613636363636363,3.977272727272727,13.636363636363635,82.38636363636364,76.13636363636364,6.25
E00078719,186,55,20,35,131,115,16,29.56989247311828,10.75268817204301,18.817204301075268,70.43010752688173,61.82795698924731,8.60215053763441
E00078720,188,37,10,27,151,132,19,19.680851063829788,5.319148936170213,14.361702127659576,80.31914893617021,70.2127659574468,10.106382978723403
E00078721,161,39,11,28,122,110,12,24.22360248447205,6.832298136645963,17.391304347826086,75.77639751552795,68.32298136645963,7.453416149068323
E00078722,156,55,25,30,101,90,11,35.256410256410255,16.025641025641026,19.230769230769234,64.74358974358975,57.692307692307686,7.051282051282051
E00078723,134,20,6,14,114,105,9,14.925373134328357,4.477611940298507,10.44776119402985,85.07462686567165,78.35820895522389,6.7164179104477615
E00078724,192,36,9,27,156,139,17,18.75,4.6875,14.0625,81.25,72.39583333333334,8.854166666666668
E00078725,137,31,7,24,106,93,13,22.62773722627737,5.109489051094891,17.51824817518248,77.37226277372264,67.88321167883211,9.48905109489051
E00078726,143,37,15,22,106,98,8,25.874125874125873,10.48951048951049,15.384615384615385,74.12587412587412,68.53146853146853,5.594405594405594
E00078727,158,48,17,31,110,99,11,30.37974683544304,10.759493670886076,19.62025316455696,69.62025316455697,62.65822784810127,6.962025316455696
E00078728,60,15,2,13,45,43,2,25,3.3333333333333335,21.666666666666668,75,71.66666666666667,3.3333333333333335
E00078729,102,39,6,33,63,54,9,38.23529411764706,5.88235294117647,32.35294117647059,61.76470588235294,52.94117647058824,8.823529411764707
E00078730,71,19,6,13,52,46,6,26.76056338028169,8.450704225352112,18.30985915492958,73.23943661971832,64.7887323943662,8.450704225352112
E00078731,133,38,14,24,95,81,14,28.57142857142857,10.526315789473683,18.045112781954884,71.42857142857143,60.902255639097746,10.526315789473683
E00078732,97,25,6,19,72,60,12,25.773195876288657,6.185567010309279,19.587628865979383,74.22680412371135,61.855670103092784,12.371134020618557
E00078733,135,32,16,16,103,86,17,23.703703703703706,11.851851851851853,11.851851851851853,76.29629629629629,63.70370370370371,12.592592592592592
E00078734,153,43,14,29,110,88,22,28.104575163398692,9.15032679738562,18.954248366013072,71.89542483660131,57.51633986928104,14.37908496732026
E00078735,138,32,10,22,106,97,9,23.18840579710145,7.246376811594203,15.942028985507244,76.81159420289855,70.28985507246377,6.521739130434782
E00078736,188,56,16,40,132,114,18,29.78723404255319,8.51063829787234,21.27659574468085,70.2127659574468,60.63829787234043,9.574468085106384
E00078737,212,60,24,36,152,136,16,28.30188679245283,11.320754716981133,16.9811320754717,71.69811320754717,64.15094339622641,7.547169811320755
E00078738,197,43,13,30,154,137,17,21.82741116751269,6.598984771573605,15.228426395939088,78.1725888324873,69.54314720812182,8.629441624365482
E00078739,79,31,7,24,48,42,6,39.24050632911392,8.860759493670885,30.37974683544304,60.75949367088608,53.16455696202531,7.59493670886076
E00078741,120,25,4,21,95,81,14,20.833333333333336,3.3333333333333335,17.5,79.16666666666666,67.5,11.666666666666666
E00078742,123,28,6,22,95,82,13,22.76422764227642,4.878048780487805,17.88617886178862,77.23577235772358,66.66666666666666,10.569105691056912
E00078743,159,40,10,30,119,104,15,25.157232704402517,6.289308176100629,18.867924528301888,74.84276729559748,65.40880503144653,9.433962264150944
E00078744,137,31,14,17,106,88,18,22.62773722627737,10.218978102189782,12.408759124087592,77.37226277372264,64.23357664233576,13.138686131386862
E00078745,157,57,20,37,100,88,12,36.30573248407643,12.738853503184714,23.56687898089172,63.69426751592356,56.05095541401274,7.643312101910828
E00078746,110,42,20,22,68,63,5,38.18181818181819,18.181818181818183,20,61.81818181818181,57.27272727272727,4.545454545454546
E00078747,158,47,18,29,111,101,10,29.746835443037973,11.39240506329114,18.354430379746837,70.25316455696202,63.92405063291139,6.329113924050633
E00078748,93,18,4,14,75,64,11,19.35483870967742,4.301075268817205,15.053763440860216,80.64516129032258,68.81720430107528,11.827956989247312
E00078749,104,38,11,27,66,62,4,36.53846153846153,10.576923076923077,25.961538461538463,63.46153846153846,59.61538461538461,3.8461538461538463
E00078750,139,45,17,28,94,83,11,32.37410071942446,12.23021582733813,20.14388489208633,67.62589928057554,59.71223021582733,7.913669064748201
E00078751,121,35,9,26,86,76,10,28.92561983471074,7.43801652892562,21.487603305785125,71.07438016528926,62.8099173553719,8.264462809917356
E00078752,171,59,21,38,112,104,8,34.50292397660819,12.280701754385964,22.22222222222222,65.49707602339181,60.81871345029239,4.678362573099415
E00078753,146,47,12,35,99,86,13,32.19178082191781,8.21917808219178,23.972602739726025,67.8082191780822,58.9041095890411,8.904109589041095
E00078754,155,45,13,32,110,106,4,29.03225806451613,8.38709677419355,20.64516129032258,70.96774193548387,68.38709677419355,2.5806451612903225
E00078755,181,53,15,38,128,120,8,29.2817679558011,8.287292817679557,20.994475138121548,70.71823204419888,66.29834254143645,4.41988950276243
E00078756,147,44,11,33,103,92,11,29.931972789115648,7.482993197278912,22.448979591836736,70.06802721088435,62.585034013605444,7.482993197278912
E00078757,92,36,18,18,56,50,6,39.130434782608695,19.565217391304348,19.565217391304348,60.86956521739131,54.347826086956516,6.521739130434782
E00078758,178,53,17,36,125,116,9,29.775280898876407,9.550561797752808,20.224719101123593,70.2247191011236,65.1685393258427,5.056179775280898
E00078760,83,27,9,18,56,51,5,32.53012048192771,10.843373493975903,21.686746987951807,67.46987951807229,61.44578313253012,6.024096385542169
E00078761,122,33,11,22,89,85,4,27.049180327868854,9.01639344262295,18.0327868852459,72.95081967213115,69.67213114754098,3.278688524590164
E00078762,171,37,10,27,134,120,14,21.637426900584796,5.847953216374268,15.789473684210526,78.3625730994152,70.17543859649122,8.187134502923977
E00078763,171,49,14,35,122,111,11,28.654970760233915,8.187134502923977,20.46783625730994,71.34502923976608,64.91228070175438,6.432748538011696
E00078764,185,55,24,31,130,114,16,29.72972972972973,12.972972972972974,16.756756756756758,70.27027027027027,61.62162162162163,8.64864864864865
E00078765,158,46,13,33,112,96,16,29.11392405063291,8.227848101265822,20.88607594936709,70.88607594936708,60.75949367088608,10.126582278481013
E00078766,73,23,6,17,50,44,6,31.506849315068493,8.21917808219178,23.28767123287671,68.4931506849315,60.273972602739725,8.21917808219178
E00078767,149,59,21,38,90,84,6,39.59731543624161,14.093959731543624,25.503355704697988,60.40268456375839,56.375838926174495,4.026845637583892
E00078768,117,54,24,30,63,55,8,46.15384615384615,20.51282051282051,25.64102564102564,53.84615384615385,47.008547008547005,6.837606837606838
E00078769,171,55,21,34,116,112,4,32.16374269005848,12.280701754385964,19.883040935672515,67.83625730994152,65.49707602339181,2.3391812865497075
E00078770,116,35,11,24,81,74,7,30.17241379310345,9.482758620689655,20.689655172413794,69.82758620689656,63.793103448275865,6.0344827586206895
E00078771,130,48,18,30,82,70,12,36.92307692307693,13.846153846153847,23.076923076923077,63.07692307692307,53.84615384615385,9.230769230769232
E00078773,143,43,15,28,100,82,18,30.069930069930066,10.48951048951049,19.58041958041958,69.93006993006993,57.34265734265735,12.587412587412588
E00078774,167,38,10,28,129,118,11,22.75449101796407,5.9880239520958085,16.766467065868262,77.24550898203593,70.65868263473054,6.58682634730539
E00078775,163,35,8,27,128,112,16,21.472392638036812,4.9079754601226995,16.56441717791411,78.52760736196319,68.71165644171779,9.815950920245399
E00078776,176,47,12,35,129,117,12,26.704545454545453,6.8181818181818175,19.886363636363637,73.29545454545455,66.47727272727273,6.8181818181818175
E00078777,149,49,16,33,100,92,8,32.88590604026846,10.738255033557047,22.14765100671141,67.11409395973155,61.74496644295302,5.369127516778524
E00078778,170,52,13,39,118,102,16,30.58823529411765,7.647058823529412,22.941176470588236,69.41176470588235,60,9.411764705882353
E00078780,170,46,17,29,124,113,11,27.058823529411764,10,17.058823529411764,72.94117647058823,66.47058823529412,6.470588235294119
E00078782,150,40,12,28,110,102,8,26.666666666666668,8,18.666666666666668,73.33333333333333,68,5.333333333333334
E00078783,191,49,21,28,142,132,10,25.654450261780106,10.99476439790576,14.659685863874344,74.3455497382199,69.10994764397905,5.2356020942408374
E00078784,120,36,10,26,84,75,9,30,8.333333333333332,21.666666666666668,70,62.5,7.5
E00078785,118,30,9,21,88,78,10,25.423728813559322,7.627118644067797,17.796610169491526,74.57627118644068,66.10169491525424,8.47457627118644
E00078786,153,40,14,26,113,113,0,26.143790849673206,9.15032679738562,16.99346405228758,73.8562091503268,73.8562091503268,0
E00078787,214,54,18,36,160,145,15,25.233644859813083,8.411214953271028,16.822429906542055,74.76635514018692,67.7570093457944,7.009345794392523
E00078788,168,34,10,24,134,114,20,20.238095238095237,5.952380952380952,14.285714285714285,79.76190476190477,67.85714285714286,11.904761904761903
E00078789,184,57,21,36,127,115,12,30.978260869565215,11.41304347826087,19.565217391304348,69.02173913043478,62.5,6.521739130434782
E00078790,136,36,9,27,100,92,8,26.47058823529412,6.61764705882353,19.852941176470587,73.52941176470588,67.64705882352942,5.88235294117647
E00078791,160,43,18,25,117,103,14,26.875,11.25,15.625,73.125,64.375,8.75
E00078792,160,55,15,40,105,92,13,34.375,9.375,25,65.625,57.49999999999999,8.125
E00078793,169,56,17,39,113,108,5,33.13609467455622,10.059171597633137,23.076923076923077,66.86390532544378,63.905325443786985,2.9585798816568047
E00078794,166,38,11,27,128,122,6,22.89156626506024,6.626506024096386,16.265060240963855,77.10843373493977,73.49397590361446,3.614457831325301
E00078795,221,50,18,32,171,147,24,22.624434389140273,8.144796380090497,14.479638009049776,77.37556561085974,66.51583710407239,10.85972850678733
E00078796,146,43,13,30,103,92,11,29.45205479452055,8.904109589041095,20.54794520547945,70.54794520547945,63.013698630136986,7.534246575342466
E00078797,166,40,9,31,126,109,17,24.096385542168676,5.421686746987952,18.67469879518072,75.90361445783132,65.66265060240963,10.240963855421686
E00078798,140,48,18,30,92,80,12,34.285714285714285,12.857142857142856,21.428571428571427,65.71428571428571,57.14285714285714,8.571428571428571
E00078799,176,46,10,36,130,124,6,26.136363636363637,5.681818181818182,20.454545454545457,73.86363636363636,70.45454545454545,3.4090909090909087
E00078800,170,40,9,31,130,118,12,23.52941176470588,5.294117647058823,18.235294117647058,76.47058823529412,69.41176470588235,7.0588235294117645
E00078801,104,23,7,16,81,73,8,22.115384615384613,6.730769230769231,15.384615384615385,77.88461538461539,70.1923076923077,7.6923076923076925
E00078802,178,37,6,31,141,126,15,20.786516853932586,3.3707865168539324,17.415730337078653,79.21348314606742,70.78651685393258,8.426966292134832
E00078803,154,43,16,27,111,102,9,27.92207792207792,10.38961038961039,17.532467532467532,72.07792207792207,66.23376623376623,5.844155844155844
E00078804,152,35,10,25,117,105,12,23.026315789473685,6.578947368421052,16.447368421052634,76.97368421052632,69.07894736842105,7.894736842105263
E00078805,163,54,20,34,109,96,13,33.12883435582822,12.269938650306749,20.858895705521473,66.87116564417178,58.895705521472394,7.975460122699387
E00078807,113,25,14,11,88,74,14,22.123893805309734,12.389380530973451,9.734513274336283,77.87610619469027,65.48672566371681,12.389380530973451
E00078808,144,51,17,34,93,76,17,35.41666666666667,11.805555555555555,23.61111111111111,64.58333333333334,52.77777777777778,11.805555555555555
E00078809,190,45,15,30,145,115,30,23.684210526315788,7.894736842105263,15.789473684210526,76.31578947368422,60.526315789473685,15.789473684210526
E00078810,116,34,8,26,82,77,5,29.310344827586203,6.896551724137931,22.413793103448278,70.6896551724138,66.37931034482759,4.310344827586207
E00078811,98,31,8,23,67,59,8,31.63265306122449,8.16326530612245,23.46938775510204,68.36734693877551,60.204081632653065,8.16326530612245
E00078812,120,34,15,19,86,79,7,28.333333333333332,12.5,15.833333333333332,71.66666666666667,65.83333333333333,5.833333333333333
E00078813,83,28,8,20,55,50,5,33.734939759036145,9.63855421686747,24.096385542168676,66.26506024096386,60.24096385542169,6.024096385542169
E00078814,52,20,7,13,32,25,7,38.46153846153847,13.461538461538462,25,61.53846153846154,48.07692307692308,13.461538461538462
E00078815,198,58,20,38,140,125,15,29.292929292929294,10.1010101010101,19.19191919191919,70.70707070707071,63.13131313131313,7.575757575757576
E00078816,125,33,12,21,92,78,14,26.400000000000002,9.6,16.8,73.6,62.4,11.200000000000001
E00078817,84,19,6,13,65,54,11,22.61904761904762,7.142857142857142,15.476190476190476,77.38095238095238,64.28571428571429,13.095238095238097
E00078818,138,27,8,19,111,98,13,19.565217391304348,5.797101449275362,13.768115942028986,80.43478260869566,71.01449275362319,9.420289855072465
E00078819,112,40,11,29,72,62,10,35.714285714285715,9.821428571428571,25.892857142857146,64.28571428571429,55.35714285714286,8.928571428571429
E00078820,128,37,12,25,91,80,11,28.90625,9.375,19.53125,71.09375,62.5,8.59375
E00078821,159,53,21,32,106,91,15,33.33333333333333,13.20754716981132,20.125786163522015,66.66666666666666,57.23270440251572,9.433962264150944
E00078823,175,33,10,23,142,117,25,18.857142857142858,5.714285714285714,13.142857142857142,81.14285714285714,66.85714285714286,14.285714285714285
E00078824,243,68,22,46,175,150,25,27.983539094650205,9.053497942386832,18.930041152263374,72.0164609053498,61.72839506172839,10.2880658436214
E00078825,142,45,13,32,97,83,14,31.690140845070424,9.15492957746479,22.535211267605636,68.30985915492957,58.45070422535211,9.859154929577464
E00078826,168,53,17,36,115,97,18,31.547619047619047,10.119047619047619,21.428571428571427,68.45238095238095,57.738095238095234,10.714285714285714
E00078828,147,46,16,30,101,83,18,31.292517006802722,10.884353741496598,20.408163265306122,68.70748299319727,56.4625850340136,12.244897959183673
E00078829,147,44,14,30,103,84,19,29.931972789115648,9.523809523809524,20.408163265306122,70.06802721088435,57.14285714285714,12.925170068027212
E00078830,190,52,20,32,138,116,22,27.368421052631582,10.526315789473683,16.842105263157894,72.63157894736842,61.05263157894737,11.578947368421053
E00078831,145,37,6,31,108,94,14,25.517241379310345,4.137931034482759,21.379310344827587,74.48275862068967,64.82758620689654,9.655172413793103
E00078832,89,39,14,25,50,41,9,43.82022471910113,15.730337078651685,28.08988764044944,56.17977528089888,46.06741573033708,10.112359550561797
E00078833,122,34,9,25,88,83,5,27.86885245901639,7.377049180327869,20.491803278688526,72.1311475409836,68.0327868852459,4.098360655737705
E00078834,105,25,8,17,80,73,7,23.809523809523807,7.6190476190476195,16.19047619047619,76.19047619047619,69.52380952380952,6.666666666666667
E00078835,106,26,10,16,80,66,14,24.528301886792452,9.433962264150944,15.09433962264151,75.47169811320755,62.264150943396224,13.20754716981132
E00078836,122,40,12,28,82,74,8,32.78688524590164,9.836065573770492,22.950819672131146,67.21311475409836,60.65573770491803,6.557377049180328
E00166467,151,31,9,22,120,109,11,20.52980132450331,5.960264900662252,14.56953642384106,79.47019867549669,72.18543046357617,7.28476821192053
E00166468,74,10,4,6,64,60,4,13.513513513513514,5.405405405405405,8.108108108108109,86.48648648648648,81.08108108108108,5.405405405405405
E00166469,157,27,7,20,130,114,16,17.197452229299362,4.45859872611465,12.738853503184714,82.80254777070064,72.61146496815286,10.191082802547772
E00166470,93,20,4,16,73,62,11,21.50537634408602,4.301075268817205,17.20430107526882,78.49462365591397,66.66666666666666,11.827956989247312
E00166471,95,28,10,18,67,57,10,29.47368421052631,10.526315789473683,18.947368421052634,70.52631578947368,60,10.526315789473683
E00166472,120,32,8,24,88,72,16,26.666666666666668,6.666666666666667,20,73.33333333333333,60,13.333333333333334
E00166473,83,26,7,19,57,54,3,31.32530120481928,8.433734939759036,22.89156626506024,68.67469879518072,65.06024096385542,3.614457831325301
E00166474,127,34,9,25,93,78,15,26.77165354330709,7.086614173228346,19.68503937007874,73.22834645669292,61.417322834645674,11.811023622047244
E00166475,149,41,15,26,108,97,11,27.516778523489933,10.06711409395973,17.449664429530202,72.48322147651007,65.1006711409396,7.38255033557047
E00166476,157,37,13,24,120,104,16,23.56687898089172,8.280254777070063,15.286624203821656,76.43312101910828,66.2420382165605,10.191082802547772
E00166477,115,26,11,15,89,73,16,22.608695652173914,9.565217391304348,13.043478260869565,77.39130434782608,63.47826086956522,13.91304347826087
E00166478,142,16,4,12,126,106,20,11.267605633802818,2.8169014084507045,8.450704225352112,88.73239436619718,74.64788732394366,14.084507042253522
E00166479,194,44,12,32,150,141,9,22.68041237113402,6.185567010309279,16.49484536082474,77.31958762886599,72.68041237113401,4.639175257731959
E00166480,172,24,7,17,148,131,17,13.953488372093023,4.069767441860465,9.883720930232558,86.04651162790698,76.16279069767442,9.883720930232558
E00166481,162,30,12,18,132,118,14,18.51851851851852,7.4074074074074066,11.11111111111111,81.48148148148148,72.8395061728395,8.641975308641975
E00166482,181,45,14,31,136,130,6,24.861878453038674,7.734806629834254,17.12707182320442,75.13812154696133,71.8232044198895,3.314917127071823
E00166483,164,51,21,30,113,93,20,31.097560975609756,12.804878048780488,18.29268292682927,68.90243902439023,56.70731707317073,12.195121951219512
E00166485,246,52,15,37,194,179,15,21.138211382113823,6.097560975609756,15.040650406504067,78.86178861788618,72.76422764227642,6.097560975609756
E00166487,159,31,11,20,128,109,19,19.49685534591195,6.918238993710692,12.578616352201259,80.50314465408806,68.55345911949685,11.949685534591195
E00166488,215,43,9,34,172,153,19,20,4.186046511627907,15.813953488372093,80,71.16279069767441,8.837209302325581
E00166489,249,50,19,31,199,192,7,20.080321285140563,7.630522088353414,12.449799196787147,79.91967871485943,77.10843373493977,2.8112449799196786
E00166490,219,70,34,36,149,122,27,31.963470319634702,15.52511415525114,16.43835616438356,68.0365296803653,55.70776255707762,12.32876712328767
E00166491,132,21,5,16,111,98,13,15.909090909090908,3.787878787878788,12.121212121212121,84.0909090909091,74.24242424242425,9.848484848484848
E00166492,200,41,27,14,159,147,12,20.5,13.5,7.000000000000001,79.5,73.5,6
E00166494,217,46,15,31,171,152,19,21.19815668202765,6.912442396313365,14.285714285714285,78.80184331797236,70.04608294930875,8.755760368663594
E00166495,163,24,6,18,139,130,9,14.723926380368098,3.6809815950920246,11.042944785276074,85.2760736196319,79.75460122699386,5.521472392638037
E00166496,177,45,11,34,132,123,9,25.423728813559322,6.214689265536723,19.2090395480226,74.57627118644068,69.49152542372882,5.084745762711865
E00166497,186,58,16,42,128,116,12,31.182795698924732,8.60215053763441,22.58064516129032,68.81720430107528,62.365591397849464,6.451612903225806
E00166498,188,36,11,25,152,133,19,19.148936170212767,5.851063829787234,13.297872340425531,80.85106382978722,70.74468085106383,10.106382978723403
E00166499,164,26,7,19,138,120,18,15.853658536585366,4.2682926829268295,11.585365853658537,84.14634146341463,73.17073170731707,10.975609756097562
E00166500,147,35,16,19,112,97,15,23.809523809523807,10.884353741496598,12.925170068027212,76.19047619047619,65.98639455782312,10.204081632653061
E00166501,143,25,3,22,118,104,14,17.482517482517483,2.097902097902098,15.384615384615385,82.51748251748252,72.72727272727273,9.79020979020979
E00166502,146,36,9,27,110,101,9,24.65753424657534,6.164383561643835,18.493150684931507,75.34246575342466,69.17808219178082,6.164383561643835
E00166503,215,56,10,46,159,143,16,26.046511627906977,4.651162790697675,21.3953488372093,73.95348837209302,66.51162790697674,7.441860465116279
E00166504,163,41,9,32,122,101,21,25.153374233128833,5.521472392638037,19.631901840490798,74.84662576687117,61.963190184049076,12.883435582822086
E00166505,218,44,12,32,174,154,20,20.18348623853211,5.5045871559633035,14.678899082568808,79.81651376146789,70.64220183486239,9.174311926605505
E00166506,95,22,3,19,73,66,7,23.157894736842106,3.1578947368421053,20,76.84210526315789,69.47368421052632,7.368421052631578
E00166507,176,47,10,37,129,113,16,26.704545454545453,5.681818181818182,21.022727272727273,73.29545454545455,64.20454545454545,9.090909090909092
E00166508,80,22,6,16,58,54,4,27.500000000000004,7.5,20,72.5,67.5,5
E00166509,100,23,6,17,77,67,10,23,6,17,77,67,10
E00166510,84,19,7,12,65,60,5,22.61904761904762,8.333333333333332,14.285714285714285,77.38095238095238,71.42857142857143,5.952380952380952
E00166511,176,37,7,30,139,117,22,21.022727272727273,3.977272727272727,17.045454545454543,78.97727272727273,66.47727272727273,12.5
E00166512,145,41,16,25,104,86,18,28.27586206896552,11.03448275862069,17.24137931034483,71.72413793103448,59.310344827586206,12.413793103448276
E00166513,113,26,9,17,87,73,14,23.008849557522122,7.964601769911504,15.04424778761062,76.99115044247787,64.60176991150442,12.389380530973451
E00166514,145,29,10,19,116,94,22,20,6.896551724137931,13.10344827586207,80,64.82758620689654,15.172413793103448
E00166515,128,18,6,12,110,98,12,14.0625,4.6875,9.375,85.9375,76.5625,9.375
E00166516,179,37,11,26,142,123,19,20.670391061452513,6.145251396648044,14.52513966480447,79.3296089385475,68.71508379888269,10.614525139664805
E00166517,144,30,12,18,114,106,8,20.833333333333336,8.333333333333332,12.5,79.16666666666666,73.61111111111111,5.555555555555555
E00166518,203,70,23,47,133,117,16,34.48275862068966,11.330049261083744,23.15270935960591,65.51724137931035,57.635467980295566,7.8817733990147785
E00166519,184,51,11,40,133,121,12,27.717391304347828,5.978260869565218,21.73913043478261,72.28260869565217,65.76086956521739,6.521739130434782
E00166520,254,56,18,38,198,171,27,22.04724409448819,7.086614173228346,14.960629921259844,77.95275590551181,67.32283464566929,10.62992125984252
E00166521,144,31,10,21,113,109,4,21.52777777777778,6.944444444444445,14.583333333333334,78.47222222222221,75.69444444444444,2.7777777777777777
E00166522,61,11,3,8,50,44,6,18.0327868852459,4.918032786885246,13.114754098360656,81.9672131147541,72.1311475409836,9.836065573770492
E00166523,105,30,13,17,75,63,12,28.57142857142857,12.380952380952381,16.19047619047619,71.42857142857143,60,11.428571428571429
E00166524,83,17,4,13,66,60,6,20.481927710843372,4.819277108433735,15.66265060240964,79.51807228915662,72.28915662650603,7.228915662650602
E00166525,246,50,14,36,196,173,23,20.32520325203252,5.691056910569105,14.634146341463413,79.67479674796748,70.32520325203252,9.34959349593496
E00166526,128,31,10,21,97,92,5,24.21875,7.8125,16.40625,75.78125,71.875,3.90625
E00166527,142,33,16,17,109,99,10,23.239436619718308,11.267605633802818,11.971830985915492,76.76056338028168,69.71830985915493,7.042253521126761
E00166528,85,12,4,8,73,69,4,14.117647058823529,4.705882352941177,9.411764705882353,85.88235294117646,81.17647058823529,4.705882352941177
E00166529,144,40,16,24,104,93,11,27.77777777777778,11.11111111111111,16.666666666666664,72.22222222222221,64.58333333333334,7.638888888888889
E00166530,160,31,11,20,129,113,16,19.375,6.875000000000001,12.5,80.625,70.625,10
E00166531,214,40,8,32,174,157,17,18.69158878504673,3.7383177570093453,14.953271028037381,81.30841121495327,73.36448598130842,7.943925233644859
E00166532,97,17,2,15,80,76,4,17.525773195876287,2.0618556701030926,15.463917525773196,82.4742268041237,78.35051546391753,4.123711340206185
E00166533,140,33,11,22,107,88,19,23.57142857142857,7.857142857142857,15.714285714285714,76.42857142857142,62.857142857142854,13.571428571428571
E00166534,187,52,11,41,135,111,24,27.807486631016044,5.88235294117647,21.92513368983957,72.19251336898395,59.35828877005348,12.834224598930483
E00166535,333,78,22,56,255,222,33,23.423423423423422,6.606606606606606,16.816816816816818,76.57657657657657,66.66666666666666,9.90990990990991
E00166537,173,24,8,16,149,136,13,13.872832369942195,4.624277456647398,9.248554913294797,86.1271676300578,78.61271676300578,7.514450867052023
E00166538,125,26,5,21,99,88,11,20.8,4,16.8,79.2,70.39999999999999,8.799999999999999
E00166539,189,52,13,39,137,117,20,27.513227513227513,6.878306878306878,20.634920634920633,72.4867724867725,61.904761904761905,10.582010582010582
E00166540,135,29,10,19,106,96,10,21.48148148148148,7.4074074074074066,14.074074074074074,78.51851851851852,71.11111111111111,7.4074074074074066
E00166541,180,46,12,34,134,121,13,25.555555555555554,6.666666666666667,18.88888888888889,74.44444444444444,67.22222222222223,7.222222222222221
E00166542,186,37,16,21,149,130,19,19.892473118279568,8.60215053763441,11.29032258064516,80.10752688172043,69.89247311827957,10.21505376344086
E00166543,139,30,10,20,109,95,14,21.58273381294964,7.1942446043165464,14.388489208633093,78.41726618705036,68.34532374100719,10.071942446043165
E00166544,72,20,5,15,52,40,12,27.77777777777778,6.944444444444445,20.833333333333336,72.22222222222221,55.55555555555556,16.666666666666664
E00166545,107,27,9,18,80,69,11,25.233644859813083,8.411214953271028,16.822429906542055,74.76635514018692,64.48598130841121,10.2803738317757
E00166546,125,26,8,18,99,92,7,20.8,6.4,14.399999999999999,79.2,73.6,5.6000000000000005
E00166547,81,20,8,12,61,53,8,24.691358024691358,9.876543209876543,14.814814814814813,75.30864197530865,65.4320987654321,9.876543209876543
E00166548,158,31,11,20,127,110,17,19.62025316455696,6.962025316455696,12.658227848101266,80.37974683544303,69.62025316455697,10.759493670886076
E00166549,208,45,13,32,163,136,27,21.634615384615387,6.25,15.384615384615385,78.36538461538461,65.38461538461539,12.980769230769232
E00166550,207,53,10,43,154,119,35,25.60386473429952,4.830917874396135,20.77294685990338,74.39613526570048,57.48792270531401,16.908212560386474
E00166551,295,68,25,43,227,191,36,23.050847457627118,8.47457627118644,14.576271186440678,76.94915254237287,64.7457627118644,12.203389830508476
E00166552,136,47,15,32,89,78,11,34.55882352941176,11.029411764705882,23.52941176470588,65.44117647058823,57.35294117647059,8.088235294117647
E00166553,166,42,9,33,124,108,16,25.301204819277107,5.421686746987952,19.879518072289155,74.69879518072288,65.06024096385542,9.63855421686747
E00166554,71,17,4,13,54,49,5,23.943661971830984,5.633802816901409,18.30985915492958,76.05633802816901,69.01408450704226,7.042253521126761
E00166555,98,21,4,17,77,67,10,21.428571428571427,4.081632653061225,17.346938775510203,78.57142857142857,68.36734693877551,10.204081632653061
E00166556,171,35,6,29,136,122,14,20.46783625730994,3.508771929824561,16.95906432748538,79.53216374269006,71.34502923976608,8.187134502923977
E00166557,131,34,8,26,97,91,6,25.954198473282442,6.106870229007633,19.84732824427481,74.04580152671755,69.46564885496184,4.580152671755725
E00166558,81,14,5,9,67,64,3,17.28395061728395,6.172839506172839,11.11111111111111,82.71604938271605,79.01234567901234,3.7037037037037033
E00166559,87,23,5,18,64,59,5,26.436781609195403,5.747126436781609,20.689655172413794,73.5632183908046,67.81609195402298,5.747126436781609
E00166560,104,30,11,19,74,61,13,28.846153846153843,10.576923076923077,18.269230769230766,71.15384615384616,58.65384615384615,12.5
E00166561,105,25,7,18,80,63,17,23.809523809523807,6.666666666666667,17.142857142857142,76.19047619047619,60,16.19047619047619
E00166562,153,37,10,27,116,100,16,24.183006535947712,6.535947712418301,17.647058823529413,75.81699346405229,65.359477124183,10.457516339869281
E00166563,199,45,11,34,154,131,23,22.613065326633166,5.527638190954774,17.08542713567839,77.38693467336684,65.82914572864321,11.557788944723619
E00166564,118,30,10,20,88,79,9,25.423728813559322,8.47457627118644,16.94915254237288,74.57627118644068,66.94915254237289,7.627118644067797
E00166565,129,31,8,23,98,93,5,24.031007751937985,6.2015503875969,17.829457364341085,75.96899224806202,72.09302325581395,3.875968992248062
E00166566,93,18,6,12,75,61,14,19.35483870967742,6.451612903225806,12.903225806451612,80.64516129032258,65.59139784946237,15.053763440860216
E00166568,120,37,12,25,83,75,8,30.833333333333336,10,20.833333333333336,69.16666666666667,62.5,6.666666666666667
E00166569,87,22,8,14,65,58,7,25.287356321839084,9.195402298850574,16.091954022988507,74.71264367816092,66.66666666666666,8.045977011494253
E00166570,178,46,18,28,132,117,15,25.842696629213485,10.112359550561797,15.730337078651685,74.15730337078652,65.73033707865169,8.426966292134832
E00166571,185,40,16,24,145,124,21,21.62162162162162,8.64864864864865,12.972972972972974,78.37837837837837,67.02702702702703,11.351351351351353
E00166572,203,32,10,22,171,147,24,15.763546798029557,4.926108374384237,10.83743842364532,84.23645320197043,72.41379310344827,11.822660098522167
E00166573,201,40,8,32,161,140,21,19.900497512437813,3.9800995024875623,15.92039800995025,80.09950248756219,69.65174129353234,10.44776119402985
E00166574,174,44,7,37,130,112,18,25.287356321839084,4.022988505747127,21.26436781609195,74.71264367816092,64.36781609195403,10.344827586206897
E00166575,161,46,18,28,115,104,11,28.57142857142857,11.180124223602485,17.391304347826086,71.42857142857143,64.59627329192547,6.832298136645963
E00166576,64,16,2,14,48,44,4,25,3.125,21.875,75,68.75,6.25
E00166577,145,35,12,23,110,98,12,24.137931034482758,8.275862068965518,15.862068965517242,75.86206896551724,67.58620689655173,8.275862068965518
E00166578,75,13,4,9,62,53,9,17.333333333333336,5.333333333333334,12,82.66666666666667,70.66666666666667,12
E00166579,76,14,1,13,62,54,8,18.421052631578945,1.3157894736842104,17.105263157894736,81.57894736842105,71.05263157894737,10.526315789473683
E00166580,102,25,7,18,77,68,9,24.509803921568626,6.862745098039216,17.647058823529413,75.49019607843137,66.66666666666666,8.823529411764707
E00166581,134,33,3,30,101,87,14,24.62686567164179,2.2388059701492535,22.388059701492537,75.3731343283582,64.92537313432835,10.44776119402985
E00166582,66,18,4,14,48,43,5,27.27272727272727,6.0606060606060606,21.21212121212121,72.72727272727273,65.15151515151516,7.575757575757576
E00166583,98,19,7,12,79,68,11,19.387755102040817,7.142857142857142,12.244897959183673,80.61224489795919,69.38775510204081,11.224489795918368
E00166584,89,28,10,18,61,55,6,31.46067415730337,11.235955056179774,20.224719101123593,68.53932584269663,61.79775280898876,6.741573033707865
E00166585,128,37,15,22,91,82,9,28.90625,11.71875,17.1875,71.09375,64.0625,7.03125
E00166586,116,26,4,22,90,74,16,22.413793103448278,3.4482758620689653,18.96551724137931,77.58620689655173,63.793103448275865,13.793103448275861
E00166587,114,23,6,17,91,79,12,20.175438596491226,5.263157894736842,14.912280701754385,79.82456140350878,69.2982456140351,10.526315789473683
E00166588,68,23,7,16,45,38,7,33.82352941176471,10.294117647058822,23.52941176470588,66.17647058823529,55.88235294117647,10.294117647058822
E00166589,172,31,12,19,141,106,35,18.023255813953487,6.976744186046512,11.046511627906977,81.97674418604652,61.627906976744185,20.348837209302324
E00166590,135,27,12,15,108,97,11,20,8.88888888888889,11.11111111111111,80,71.85185185185186,8.148148148148149
E00166591,99,26,5,21,73,69,4,26.262626262626267,5.05050505050505,21.21212121212121,73.73737373737373,69.6969696969697,4.040404040404041
E00166592,92,23,7,16,69,60,9,25,7.608695652173914,17.391304347826086,75,65.21739130434783,9.782608695652174
E00177243,121,26,9,17,95,87,8,21.487603305785125,7.43801652892562,14.049586776859504,78.51239669421489,71.900826446281,6.6115702479338845
E00177244,80,25,10,15,55,48,7,31.25,12.5,18.75,68.75,60,8.75
E00177248,232,45,17,28,187,161,26,19.396551724137932,7.327586206896551,12.068965517241379,80.60344827586206,69.39655172413794,11.206896551724139
E00177249,179,66,25,41,113,100,13,36.87150837988827,13.966480446927374,22.905027932960895,63.128491620111724,55.865921787709496,7.262569832402235
E00177250,189,33,10,23,156,145,11,17.46031746031746,5.291005291005291,12.16931216931217,82.53968253968253,76.71957671957672,5.82010582010582
E00177251,143,35,9,26,108,93,15,24.475524475524477,6.293706293706294,18.181818181818183,75.52447552447552,65.03496503496503,10.48951048951049
E00177252,210,52,17,35,158,138,20,24.761904761904763,8.095238095238095,16.666666666666664,75.23809523809524,65.71428571428571,9.523809523809524
E00177253,87,26,4,22,61,53,8,29.88505747126437,4.597701149425287,25.287356321839084,70.11494252873564,60.91954022988506,9.195402298850574
E00177254,91,13,5,8,78,68,10,14.285714285714285,5.4945054945054945,8.791208791208792,85.71428571428571,74.72527472527473,10.989010989010989
E00177257,299,59,14,45,240,206,34,19.732441471571907,4.682274247491638,15.050167224080269,80.2675585284281,68.89632107023411,11.37123745819398
E00177258,179,38,14,24,141,125,16,21.22905027932961,7.82122905027933,13.40782122905028,78.77094972067039,69.83240223463687,8.938547486033519
E00177259,109,19,4,15,90,81,9,17.431192660550458,3.669724770642202,13.761467889908257,82.56880733944955,74.31192660550458,8.256880733944955
E00177260,81,19,5,14,62,59,3,23.456790123456788,6.172839506172839,17.28395061728395,76.5432098765432,72.8395061728395,3.7037037037037033
E00177263,177,41,14,27,136,127,9,23.163841807909606,7.909604519774012,15.254237288135593,76.8361581920904,71.75141242937853,5.084745762711865
E00177268,123,24,7,17,99,89,10,19.51219512195122,5.691056910569105,13.821138211382115,80.48780487804879,72.35772357723577,8.130081300813007
E00177271,295,65,19,46,230,206,24,22.033898305084744,6.440677966101695,15.593220338983052,77.96610169491525,69.83050847457626,8.135593220338983
E00177273,106,27,4,23,79,74,5,25.471698113207548,3.7735849056603774,21.69811320754717,74.52830188679245,69.81132075471697,4.716981132075472
E00177274,152,32,8,24,120,95,25,21.052631578947366,5.263157894736842,15.789473684210526,78.94736842105263,62.5,16.447368421052634
E00177275,152,26,9,17,126,116,10,17.105263157894736,5.921052631578947,11.18421052631579,82.89473684210526,76.31578947368422,6.578947368421052
E00177277,150,31,14,17,119,111,8,20.666666666666668,9.333333333333334,11.333333333333332,79.33333333333333,74,5.333333333333334
E00177278,95,26,6,20,69,61,8,27.368421052631582,6.315789473684211,21.052631578947366,72.63157894736842,64.21052631578948,8.421052631578947
E00177280,258,45,12,33,213,191,22,17.441860465116278,4.651162790697675,12.790697674418606,82.55813953488372,74.03100775193798,8.527131782945736
E00177281,117,16,9,7,101,94,7,13.675213675213676,7.6923076923076925,5.982905982905983,86.32478632478633,80.34188034188034,5.982905982905983
E00177283,68,14,5,9,54,54,0,20.588235294117645,7.352941176470589,13.23529411764706,79.41176470588235,79.41176470588235,0
E00177285,107,17,9,8,90,80,10,15.887850467289718,8.411214953271028,7.476635514018691,84.11214953271028,74.76635514018692,9.345794392523365
E00177286,152,28,11,17,124,111,13,18.421052631578945,7.236842105263158,11.18421052631579,81.57894736842105,73.02631578947368,8.552631578947368
E00177288,234,30,14,16,204,196,8,12.82051282051282,5.982905982905983,6.837606837606838,87.17948717948718,83.76068376068376,3.418803418803419
E00177291,308,51,11,40,257,219,38,16.558441558441558,3.571428571428571,12.987012987012985,83.44155844155844,71.1038961038961,12.337662337662337
E00177292,345,64,16,48,281,258,23,18.55072463768116,4.63768115942029,13.91304347826087,81.44927536231884,74.78260869565217,6.666666666666667
E00177294,199,31,10,21,168,149,19,15.577889447236181,5.025125628140704,10.552763819095476,84.42211055276381,74.87437185929649,9.547738693467336
E00177295,176,39,14,25,137,115,22,22.15909090909091,7.954545454545454,14.204545454545455,77.8409090909091,65.3409090909091,12.5
E00177296,227,50,15,35,177,161,16,22.026431718061673,6.607929515418502,15.418502202643172,77.97356828193833,70.92511013215858,7.048458149779736
E00177297,176,37,15,22,139,121,18,21.022727272727273,8.522727272727272,12.5,78.97727272727273,68.75,10.227272727272728
E00177298,191,19,6,13,172,151,21,9.947643979057592,3.1413612565445024,6.806282722513089,90.0523560209424,79.05759162303664,10.99476439790576
E00177299,93,25,9,16,68,63,5,26.881720430107524,9.67741935483871,17.20430107526882,73.11827956989248,67.74193548387096,5.376344086021505
E00177303,211,51,13,38,160,136,24,24.170616113744074,6.161137440758294,18.009478672985782,75.82938388625593,64.45497630331754,11.374407582938389
E00177311,232,24,9,15,208,198,10,10.344827586206897,3.8793103448275863,6.4655172413793105,89.65517241379311,85.34482758620689,4.310344827586207
E00177313,100,25,10,15,75,69,6,25,10,15,75,69,6
E00177314,334,55,12,43,279,240,39,16.46706586826347,3.592814371257485,12.874251497005988,83.53293413173652,71.8562874251497,11.676646706586826
E00177316,339,64,20,44,275,239,36,18.87905604719764,5.899705014749262,12.979351032448378,81.12094395280236,70.50147492625368,10.619469026548673
E00177318,180,51,20,31,129,95,34,28.333333333333332,11.11111111111111,17.22222222222222,71.66666666666667,52.77777777777778,18.88888888888889
E00177319,183,36,10,26,147,136,11,19.672131147540984,5.46448087431694,14.207650273224044,80.32786885245902,74.31693989071039,6.0109289617486334
E00177324,239,30,10,20,209,191,18,12.552301255230125,4.184100418410042,8.368200836820083,87.44769874476988,79.9163179916318,7.531380753138076
E00177325,224,50,18,32,174,150,24,22.321428571428573,8.035714285714286,14.285714285714285,77.67857142857143,66.96428571428571,10.714285714285714
E00177328,248,52,17,35,196,194,2,20.967741935483872,6.854838709677419,14.112903225806454,79.03225806451613,78.2258064516129,0.8064516129032258
E00177331,178,41,13,28,137,122,15,23.03370786516854,7.303370786516854,15.730337078651685,76.96629213483146,68.53932584269663,8.426966292134832
E00177332,214,44,17,27,170,154,16,20.5607476635514,7.943925233644859,12.616822429906541,79.43925233644859,71.96261682242991,7.476635514018691
E00177333,162,47,18,29,115,95,20,29.01234567901235,11.11111111111111,17.901234567901234,70.98765432098766,58.64197530864198,12.345679012345679
E00177336,82,19,4,15,63,55,8,23.170731707317074,4.878048780487805,18.29268292682927,76.82926829268293,67.07317073170732,9.75609756097561
E00177338,274,53,20,33,221,181,40,19.34306569343066,7.2992700729927,12.043795620437956,80.65693430656934,66.05839416058394,14.5985401459854
E00177341,189,53,14,39,136,127,9,28.04232804232804,7.4074074074074066,20.634920634920633,71.95767195767195,67.1957671957672,4.761904761904762
E00177344,171,49,13,36,122,114,8,28.654970760233915,7.602339181286549,21.052631578947366,71.34502923976608,66.66666666666666,4.678362573099415
E00177345,102,19,9,10,83,76,7,18.627450980392158,8.823529411764707,9.803921568627452,81.37254901960785,74.50980392156863,6.862745098039216
E00177346,204,46,13,33,158,141,17,22.54901960784314,6.372549019607843,16.176470588235293,77.45098039215686,69.11764705882352,8.333333333333332
E00177347,233,44,9,35,189,168,21,18.88412017167382,3.862660944206009,15.021459227467812,81.11587982832617,72.1030042918455,9.012875536480687
E00177349,142,25,6,19,117,100,17,17.6056338028169,4.225352112676056,13.380281690140844,82.3943661971831,70.4225352112676,11.971830985915492
E00177351,243,68,27,41,175,152,23,27.983539094650205,11.11111111111111,16.872427983539097,72.0164609053498,62.55144032921811,9.465020576131687
E00177352,78,9,4,5,69,61,8,11.538461538461538,5.128205128205128,6.41025641025641,88.46153846153845,78.2051282051282,10.256410256410255
E00177359,153,51,17,34,102,92,10,33.33333333333333,11.11111111111111,22.22222222222222,66.66666666666666,60.130718954248366,6.535947712418301
E00177362,121,28,10,18,93,90,3,23.140495867768596,8.264462809917356,14.87603305785124,76.85950413223141,74.3801652892562,2.479338842975207
E00177365,258,56,10,46,202,184,18,21.705426356589147,3.875968992248062,17.829457364341085,78.29457364341084,71.31782945736434,6.976744186046512
E00177366,352,65,18,47,287,253,34,18.46590909090909,5.113636363636364,13.352272727272727,81.5340909090909,71.875,9.659090909090908
E00177368,265,58,19,39,207,180,27,21.88679245283019,7.169811320754717,14.716981132075471,78.11320754716982,67.9245283018868,10.18867924528302
E00177369,207,48,14,34,159,141,18,23.18840579710145,6.763285024154589,16.425120772946862,76.81159420289855,68.11594202898551,8.695652173913043
E00177370,239,51,15,36,188,161,27,21.338912133891213,6.2761506276150625,15.062761506276152,78.66108786610879,67.36401673640168,11.297071129707113
