OA,ts0380001,ts0380002,ts0380003,ts0380004,ts0380005,ts0380006,ts0380007,ts0380002_PCT,ts0380003_PCT,ts0380004_PCT,ts0380005_PCT,ts0380006_PCT,ts0380007_PCT
E00137248,271,39,9,30,232,27,205,14.391143911439114,3.3210332103321036,11.07011070110701,85.60885608856088,9.96309963099631,75.64575645756457
E00137249,269,34,15,19,235,27,208,12.639405204460965,5.5762081784386615,7.063197026022305,87.36059479553904,10.037174721189592,77.32342007434944
E00137250,303,64,35,29,239,23,216,21.122112211221122,11.55115511551155,9.570957095709572,78.87788778877888,7.590759075907591,71.28712871287128
E00137251,274,55,27,28,219,26,193,20.072992700729927,9.854014598540147,10.218978102189782,79.92700729927007,9.48905109489051,70.43795620437956
E00137252,308,80,35,45,228,20,208,25.97402597402597,11.363636363636363,14.61038961038961,74.02597402597402,6.493506493506493,67.53246753246754
E00137253,390,62,18,44,328,27,301,15.897435897435896,4.615384615384616,11.282051282051283,84.1025641025641,6.923076923076923,77.17948717948718
E00137254,344,45,14,31,299,31,268,13.08139534883721,4.069767441860465,9.011627906976743,86.9186046511628,9.011627906976743,77.90697674418605
E00137255,406,74,31,43,332,24,308,18.226600985221676,7.635467980295567,10.591133004926109,81.77339901477832,5.911330049261084,75.86206896551724
E00137256,296,41,14,27,255,24,231,13.85135135135135,4.72972972972973,9.121621621621621,86.14864864864865,8.108108108108109,78.04054054054053
E00137257,513,76,26,50,437,38,399,14.814814814814813,5.0682261208577,9.746588693957115,85.18518518518519,7.4074074074074066,77.77777777777779
E00137260,244,82,42,40,162,19,143,33.60655737704918,17.21311475409836,16.39344262295082,66.39344262295081,7.786885245901639,58.606557377049185
E00137261,579,99,43,56,480,44,436,17.098445595854923,7.4265975820379975,9.671848013816927,82.90155440414507,7.599309153713299,75.30224525043178
E00137262,344,77,27,50,267,18,249,22.38372093023256,7.848837209302325,14.534883720930234,77.61627906976744,5.232558139534884,72.38372093023256
E00137263,314,74,39,35,240,20,220,23.56687898089172,12.420382165605096,11.146496815286625,76.43312101910828,6.369426751592357,70.06369426751591
E00137264,330,66,30,36,264,22,242,20,9.090909090909092,10.909090909090908,80,6.666666666666667,73.33333333333333
E00137265,287,52,19,33,235,25,210,18.118466898954704,6.620209059233449,11.498257839721255,81.8815331010453,8.710801393728223,73.17073170731707
E00137266,485,71,25,46,414,35,379,14.63917525773196,5.154639175257731,9.484536082474227,85.36082474226804,7.216494845360824,78.14432989690722
E00137267,324,37,12,25,287,23,264,11.419753086419753,3.7037037037037033,7.716049382716049,88.58024691358025,7.098765432098765,81.48148148148148
E00137268,238,63,35,28,175,22,153,26.47058823529412,14.705882352941178,11.76470588235294,73.52941176470588,9.243697478991598,64.28571428571429
E00137269,253,29,11,18,224,17,207,11.462450592885375,4.3478260869565215,7.114624505928854,88.53754940711462,6.719367588932807,81.81818181818183
E00137270,310,62,26,36,248,24,224,20,8.38709677419355,11.612903225806452,80,7.741935483870968,72.25806451612902
E00137271,249,47,15,32,202,16,186,18.87550200803213,6.024096385542169,12.851405622489958,81.12449799196787,6.425702811244979,74.69879518072288
E00137272,224,53,16,37,171,22,149,23.660714285714285,7.142857142857142,16.517857142857142,76.33928571428571,9.821428571428571,66.51785714285714
E00137273,224,61,23,38,163,22,141,27.232142857142854,10.267857142857142,16.964285714285715,72.76785714285714,9.821428571428571,62.94642857142857
E00137274,280,81,43,38,199,29,170,28.92857142857143,15.357142857142858,13.571428571428571,71.07142857142857,10.357142857142858,60.71428571428571
E00137275,256,60,27,33,196,19,177,23.4375,10.546875,12.890625,76.5625,7.421875,69.140625
E00137276,307,78,32,46,229,23,206,25.407166123778502,10.423452768729643,14.983713355048861,74.5928338762215,7.491856677524431,67.10097719869707
E00137277,305,93,57,36,212,31,181,30.491803278688522,18.688524590163937,11.80327868852459,69.50819672131148,10.163934426229508,59.34426229508196
E00137278,269,63,31,32,206,25,181,23.42007434944238,11.524163568773234,11.895910780669144,76.57992565055763,9.293680297397769,67.28624535315984
E00137279,236,40,15,25,196,21,175,16.94915254237288,6.3559322033898304,10.59322033898305,83.05084745762711,8.898305084745763,74.15254237288136
E00137280,334,64,18,46,270,31,239,19.16167664670659,5.389221556886228,13.77245508982036,80.83832335329342,9.281437125748502,71.55688622754491
E00137281,236,72,37,35,164,21,143,30.508474576271187,15.677966101694915,14.83050847457627,69.49152542372882,8.898305084745763,60.59322033898306
E00137282,387,107,60,47,280,22,258,27.648578811369507,15.503875968992247,12.144702842377262,72.3514211886305,5.684754521963824,66.66666666666666
E00137283,272,32,9,23,240,36,204,11.76470588235294,3.308823529411765,8.455882352941178,88.23529411764706,13.23529411764706,75
E00137284,430,115,87,28,315,26,289,26.744186046511626,20.232558139534884,6.511627906976744,73.25581395348837,6.046511627906977,67.2093023255814
E00137285,276,35,5,30,241,22,219,12.681159420289855,1.8115942028985508,10.869565217391305,87.31884057971014,7.971014492753622,79.34782608695652
E00137286,309,51,20,31,258,33,225,16.50485436893204,6.472491909385113,10.032362459546926,83.49514563106796,10.679611650485436,72.81553398058253
E00137287,286,40,15,25,246,31,215,13.986013986013987,5.244755244755245,8.741258741258742,86.01398601398601,10.839160839160838,75.17482517482517
E00137288,250,38,11,27,212,21,191,15.2,4.3999999999999995,10.8,84.8,8.4,76.4
E00137289,245,41,5,36,204,18,186,16.73469387755102,2.0408163265306123,14.69387755102041,83.26530612244898,7.346938775510205,75.91836734693878
E00137290,150,21,9,12,129,6,123,14.000000000000002,6,8,86,4,82
E00137291,296,55,19,36,241,24,217,18.58108108108108,6.418918918918918,12.162162162162163,81.41891891891892,8.108108108108109,73.3108108108108
E00137292,327,45,18,27,282,22,260,13.761467889908257,5.5045871559633035,8.256880733944955,86.23853211009175,6.727828746177369,79.51070336391437
E00137294,333,51,21,30,282,35,247,15.315315315315313,6.306306306306306,9.00900900900901,84.68468468468468,10.51051051051051,74.17417417417418
E00137295,351,97,52,45,254,29,225,27.635327635327634,14.814814814814813,12.82051282051282,72.36467236467237,8.262108262108262,64.1025641025641
E00137296,317,46,15,31,271,33,238,14.511041009463725,4.73186119873817,9.779179810725552,85.48895899053628,10.410094637223976,75.0788643533123
E00137297,377,82,38,44,295,20,275,21.750663129973475,10.079575596816976,11.671087533156498,78.24933687002653,5.305039787798409,72.94429708222812
E00137298,294,47,12,35,247,25,222,15.98639455782313,4.081632653061225,11.904761904761903,84.01360544217688,8.503401360544217,75.51020408163265
E00137299,270,54,16,38,216,30,186,20,5.9259259259259265,14.074074074074074,80,11.11111111111111,68.88888888888889
E00137300,325,31,7,24,294,30,264,9.538461538461538,2.1538461538461537,7.384615384615385,90.46153846153845,9.230769230769232,81.23076923076923
E00137302,315,46,15,31,269,21,248,14.603174603174605,4.761904761904762,9.841269841269842,85.39682539682539,6.666666666666667,78.73015873015873
E00137303,297,29,15,14,268,21,247,9.764309764309765,5.05050505050505,4.713804713804714,90.23569023569024,7.07070707070707,83.16498316498317
E00137304,366,53,19,34,313,20,293,14.48087431693989,5.191256830601093,9.289617486338798,85.51912568306011,5.46448087431694,80.05464480874316
E00137305,345,36,11,25,309,29,280,10.434782608695652,3.1884057971014492,7.246376811594203,89.56521739130436,8.405797101449275,81.15942028985508
E00137306,223,31,11,20,192,24,168,13.901345291479823,4.932735426008969,8.968609865470851,86.09865470852019,10.762331838565023,75.33632286995515
E00137307,289,39,10,29,250,21,229,13.494809688581316,3.4602076124567476,10.034602076124568,86.50519031141869,7.26643598615917,79.23875432525952
E00137308,233,35,16,19,198,12,186,15.021459227467812,6.866952789699571,8.15450643776824,84.97854077253218,5.150214592274678,79.82832618025752
E00137309,265,40,10,30,225,21,204,15.09433962264151,3.7735849056603774,11.320754716981133,84.90566037735849,7.9245283018867925,76.9811320754717
E00137310,285,32,12,20,253,28,225,11.228070175438596,4.2105263157894735,7.017543859649122,88.7719298245614,9.824561403508772,78.94736842105263
E00137312,256,41,13,28,215,26,189,16.015625,5.078125,10.9375,83.984375,10.15625,73.828125
E00137313,302,47,13,34,255,32,223,15.562913907284766,4.304635761589404,11.258278145695364,84.43708609271523,10.596026490066226,73.84105960264901
E00137314,229,31,6,25,198,26,172,13.537117903930133,2.6200873362445414,10.91703056768559,86.46288209606988,11.353711790393014,75.10917030567686
E00137315,312,75,31,44,237,14,223,24.03846153846154,9.935897435897436,14.102564102564102,75.96153846153845,4.487179487179487,71.47435897435898
E00137316,272,33,8,25,239,20,219,12.132352941176471,2.941176470588235,9.191176470588236,87.86764705882352,7.352941176470589,80.51470588235294
E00137317,443,92,38,54,351,34,317,20.767494356659142,8.577878103837472,12.18961625282167,79.23250564334086,7.674943566591422,71.55756207674943
E00137318,281,35,8,27,246,31,215,12.455516014234876,2.8469750889679712,9.608540925266903,87.54448398576513,11.032028469750891,76.51245551601423
E00137319,579,89,29,60,490,42,448,15.3713298791019,5.008635578583765,10.362694300518134,84.6286701208981,7.253886010362693,77.37478411053542
E00137320,355,43,16,27,312,40,272,12.112676056338028,4.507042253521127,7.605633802816901,87.88732394366198,11.267605633802818,76.61971830985915
E00137321,297,85,42,43,212,20,192,28.619528619528616,14.14141414141414,14.47811447811448,71.38047138047138,6.7340067340067336,64.64646464646465
E00137322,456,61,20,41,395,42,353,13.37719298245614,4.385964912280701,8.991228070175438,86.62280701754386,9.210526315789473,77.41228070175438
E00137323,282,61,34,27,221,18,203,21.631205673758867,12.056737588652481,9.574468085106384,78.36879432624113,6.382978723404255,71.98581560283688
E00137324,332,40,10,30,292,34,258,12.048192771084338,3.0120481927710845,9.036144578313253,87.95180722891565,10.240963855421686,77.71084337349397
E00137325,249,52,22,30,197,25,172,20.883534136546185,8.835341365461847,12.048192771084338,79.11646586345381,10.040160642570282,69.07630522088354
E00137326,275,42,13,29,233,32,201,15.272727272727273,4.7272727272727275,10.545454545454545,84.72727272727273,11.636363636363637,73.0909090909091
E00137327,311,59,17,42,252,32,220,18.971061093247588,5.466237942122187,13.504823151125404,81.02893890675242,10.289389067524116,70.7395498392283
E00137328,319,30,4,26,289,29,260,9.404388714733543,1.2539184952978055,8.150470219435736,90.59561128526646,9.090909090909092,81.50470219435736
E00137329,318,66,27,39,252,19,233,20.754716981132077,8.49056603773585,12.264150943396226,79.24528301886792,5.9748427672955975,73.27044025157232
E00137330,346,56,17,39,290,32,258,16.184971098265898,4.913294797687861,11.271676300578035,83.8150289017341,9.248554913294797,74.56647398843931
E00137332,331,26,10,16,305,45,260,7.854984894259818,3.0211480362537766,4.833836858006042,92.14501510574019,13.595166163141995,78.54984894259819
E00137333,255,34,8,26,221,25,196,13.333333333333334,3.1372549019607843,10.196078431372548,86.66666666666667,9.803921568627452,76.86274509803923
E00137334,426,47,19,28,379,37,342,11.032863849765258,4.460093896713615,6.572769953051644,88.96713615023474,8.685446009389672,80.28169014084507
E00137335,294,21,9,12,273,32,241,7.142857142857142,3.061224489795918,4.081632653061225,92.85714285714286,10.884353741496598,81.97278911564626
E00137336,314,39,6,33,275,30,245,12.420382165605096,1.910828025477707,10.509554140127388,87.57961783439491,9.554140127388536,78.02547770700637
E00137337,379,69,20,49,310,41,269,18.20580474934037,5.277044854881266,12.928759894459102,81.79419525065963,10.817941952506596,70.97625329815304
E00137338,303,45,18,27,258,28,230,14.85148514851485,5.9405940594059405,8.91089108910891,85.14851485148515,9.24092409240924,75.9075907590759
E00137339,304,48,17,31,256,20,236,15.789473684210526,5.592105263157895,10.197368421052632,84.21052631578947,6.578947368421052,77.63157894736842
E00137340,243,31,11,20,212,14,198,12.757201646090536,4.526748971193416,8.23045267489712,87.24279835390946,5.761316872427984,81.48148148148148
E00137341,354,51,20,31,303,16,287,14.40677966101695,5.649717514124294,8.757062146892656,85.59322033898306,4.519774011299435,81.07344632768361
E00137342,236,26,8,18,210,30,180,11.016949152542372,3.389830508474576,7.627118644067797,88.98305084745762,12.711864406779661,76.27118644067797
E00137343,385,52,18,34,333,38,295,13.506493506493506,4.675324675324675,8.831168831168831,86.49350649350649,9.87012987012987,76.62337662337663
E00137344,314,38,13,25,276,25,251,12.101910828025478,4.140127388535031,7.961783439490445,87.89808917197452,7.961783439490445,79.93630573248409
E00137345,376,80,46,34,296,22,274,21.27659574468085,12.23404255319149,9.042553191489363,78.72340425531915,5.851063829787234,72.87234042553192
E00137346,200,28,9,19,172,19,153,14.000000000000002,4.5,9.5,86,9.5,76.5
E00137347,465,52,13,39,413,43,370,11.182795698924732,2.795698924731183,8.38709677419355,88.81720430107526,9.247311827956988,79.56989247311827
E00137348,314,44,13,31,270,29,241,14.012738853503185,4.140127388535031,9.872611464968154,85.98726114649682,9.235668789808917,76.75159235668791
E00137349,474,58,19,39,416,43,373,12.236286919831224,4.008438818565401,8.227848101265822,87.76371308016878,9.071729957805907,78.69198312236287
E00137352,278,40,10,30,238,31,207,14.388489208633093,3.5971223021582732,10.79136690647482,85.61151079136691,11.151079136690647,74.46043165467626
E00137353,393,47,14,33,346,49,297,11.959287531806616,3.5623409669211195,8.396946564885496,88.04071246819338,12.46819338422392,75.57251908396947
E00137354,412,70,19,51,342,32,310,16.990291262135923,4.611650485436893,12.37864077669903,83.00970873786407,7.766990291262135,75.24271844660194
E00137355,338,61,25,36,277,24,253,18.04733727810651,7.396449704142012,10.650887573964498,81.95266272189349,7.100591715976331,74.85207100591717
E00137356,502,73,33,40,429,34,395,14.54183266932271,6.573705179282868,7.968127490039841,85.4581673306773,6.772908366533864,78.68525896414343
E00137357,224,35,14,21,189,18,171,15.625,6.25,9.375,84.375,8.035714285714286,76.33928571428571
E00137358,426,69,32,37,357,21,336,16.19718309859155,7.511737089201878,8.685446009389672,83.80281690140845,4.929577464788732,78.87323943661971
E00137359,296,45,17,28,251,16,235,15.202702702702704,5.743243243243244,9.45945945945946,84.7972972972973,5.405405405405405,79.3918918918919
E00137360,248,30,12,18,218,22,196,12.096774193548388,4.838709677419355,7.258064516129033,87.90322580645162,8.870967741935484,79.03225806451613
E00137361,404,64,19,45,340,14,326,15.841584158415841,4.702970297029703,11.138613861386139,84.15841584158416,3.4653465346534658,80.6930693069307
E00137362,267,43,14,29,224,16,208,16.10486891385768,5.2434456928838955,10.861423220973784,83.89513108614233,5.992509363295881,77.90262172284645
E00137363,290,45,16,29,245,28,217,15.517241379310345,5.517241379310345,10,84.48275862068965,9.655172413793103,74.82758620689656
E00137364,258,29,9,20,229,23,206,11.24031007751938,3.488372093023256,7.751937984496124,88.75968992248062,8.914728682170542,79.84496124031007
E00137365,305,53,22,31,252,31,221,17.37704918032787,7.213114754098362,10.163934426229508,82.62295081967214,10.163934426229508,72.45901639344262
E00137366,290,42,18,24,248,27,221,14.482758620689657,6.206896551724138,8.275862068965518,85.51724137931035,9.310344827586208,76.20689655172413
E00137367,290,52,14,38,238,22,216,17.93103448275862,4.827586206896552,13.10344827586207,82.06896551724138,7.586206896551724,74.48275862068967
E00137368,319,47,22,25,272,23,249,14.733542319749215,6.896551724137931,7.836990595611286,85.26645768025078,7.210031347962382,78.0564263322884
E00137369,330,63,29,34,267,23,244,19.090909090909093,8.787878787878787,10.303030303030303,80.9090909090909,6.969696969696971,73.93939393939394
E00137370,338,60,25,35,278,25,253,17.75147928994083,7.396449704142012,10.355029585798817,82.24852071005917,7.396449704142012,74.85207100591717
E00137371,346,61,25,36,285,26,259,17.63005780346821,7.225433526011561,10.404624277456648,82.36994219653178,7.514450867052023,74.85549132947978
E00137372,459,72,25,47,387,27,360,15.686274509803921,5.446623093681917,10.239651416122005,84.31372549019608,5.88235294117647,78.43137254901961
E00137373,295,69,26,43,226,18,208,23.389830508474578,8.813559322033898,14.576271186440678,76.61016949152543,6.101694915254238,70.50847457627118
E00137374,559,73,24,49,486,32,454,13.059033989266547,4.293381037567084,8.765652951699463,86.94096601073346,5.724508050089446,81.21645796064401
E00137375,280,40,11,29,240,31,209,14.285714285714285,3.9285714285714284,10.357142857142858,85.71428571428571,11.071428571428571,74.64285714285714
E00137376,292,51,21,30,241,25,216,17.465753424657535,7.191780821917808,10.273972602739725,82.53424657534246,8.561643835616438,73.97260273972603
E00137377,321,36,11,25,285,30,255,11.214953271028037,3.4267912772585665,7.78816199376947,88.78504672897196,9.345794392523365,79.43925233644859
E00137378,440,80,28,52,360,35,325,18.181818181818183,6.363636363636363,11.818181818181818,81.81818181818183,7.954545454545454,73.86363636363636
E00137379,303,54,14,40,249,24,225,17.82178217821782,4.62046204620462,13.2013201320132,82.17821782178217,7.920792079207921,74.25742574257426
E00137380,389,39,9,30,350,38,312,10.025706940874036,2.313624678663239,7.712082262210797,89.97429305912597,9.768637532133676,80.20565552699229
E00137381,452,46,8,38,406,41,365,10.176991150442479,1.7699115044247788,8.4070796460177,89.82300884955751,9.070796460176991,80.75221238938053
E00137382,346,52,30,22,294,24,270,15.028901734104046,8.670520231213873,6.358381502890173,84.97109826589595,6.9364161849710975,78.03468208092485
E00137383,262,56,28,28,206,19,187,21.374045801526716,10.687022900763358,10.687022900763358,78.62595419847328,7.251908396946565,71.37404580152672
E00137384,291,43,11,32,248,33,215,14.776632302405499,3.7800687285223367,10.996563573883162,85.2233676975945,11.34020618556701,73.8831615120275
E00137385,290,62,29,33,228,17,211,21.379310344827587,10,11.379310344827587,78.62068965517241,5.862068965517241,72.75862068965517
E00137386,343,66,28,38,277,14,263,19.24198250728863,8.16326530612245,11.078717201166182,80.75801749271136,4.081632653061225,76.67638483965014
E00137388,400,88,39,49,312,24,288,22,9.75,12.25,78,6,72
E00137389,312,75,37,38,237,16,221,24.03846153846154,11.858974358974358,12.179487179487179,75.96153846153845,5.128205128205128,70.83333333333334
E00137390,300,73,33,40,227,20,207,24.333333333333336,11,13.333333333333334,75.66666666666667,6.666666666666667,69
E00137391,303,60,25,35,243,21,222,19.801980198019802,8.25082508250825,11.55115511551155,80.19801980198021,6.9306930693069315,73.26732673267327
E00137392,312,68,31,37,244,20,224,21.794871794871796,9.935897435897436,11.858974358974358,78.2051282051282,6.41025641025641,71.7948717948718
E00137393,254,55,22,33,199,28,171,21.653543307086615,8.661417322834646,12.992125984251967,78.34645669291339,11.023622047244094,67.32283464566929
E00137394,347,72,28,44,275,25,250,20.7492795389049,8.069164265129682,12.680115273775217,79.2507204610951,7.204610951008646,72.04610951008645
E00137396,353,54,14,40,299,34,265,15.29745042492918,3.9660056657223794,11.3314447592068,84.70254957507082,9.631728045325778,75.07082152974505
E00137397,280,42,15,27,238,29,209,15,5.357142857142857,9.642857142857144,85,10.357142857142858,74.64285714285714
E00137398,293,59,24,35,234,36,198,20.13651877133106,8.19112627986348,11.945392491467576,79.86348122866895,12.286689419795222,67.57679180887372
E00137399,260,49,21,28,211,21,190,18.846153846153847,8.076923076923077,10.76923076923077,81.15384615384616,8.076923076923077,73.07692307692307
E00137400,489,55,23,32,434,34,400,11.247443762781186,4.703476482617587,6.5439672801636,88.75255623721881,6.952965235173824,81.79959100204499
E00137401,276,42,14,28,234,29,205,15.217391304347828,5.072463768115942,10.144927536231885,84.78260869565217,10.507246376811594,74.27536231884058
E00137402,550,102,45,57,448,36,412,18.545454545454547,8.181818181818182,10.363636363636363,81.45454545454545,6.545454545454546,74.90909090909092
E00137403,351,71,26,45,280,23,257,20.22792022792023,7.4074074074074066,12.82051282051282,79.77207977207978,6.552706552706552,73.21937321937322
E00137404,197,20,6,14,177,14,163,10.152284263959391,3.0456852791878175,7.1065989847715745,89.84771573604061,7.1065989847715745,82.74111675126903
E00137405,266,45,15,30,221,32,189,16.917293233082706,5.639097744360902,11.278195488721805,83.0827067669173,12.030075187969924,71.05263157894737
E00137406,317,38,12,26,279,31,248,11.987381703470032,3.7854889589905363,8.201892744479496,88.01261829652996,9.779179810725552,78.23343848580441
E00137407,308,43,12,31,265,37,228,13.96103896103896,3.896103896103896,10.064935064935066,86.03896103896103,12.012987012987013,74.02597402597402
E00137408,297,69,30,39,228,24,204,23.232323232323232,10.1010101010101,13.131313131313133,76.76767676767676,8.080808080808081,68.68686868686868
E00137409,273,53,15,38,220,18,202,19.413919413919416,5.4945054945054945,13.91941391941392,80.58608058608058,6.593406593406594,73.992673992674
E00137410,316,41,10,31,275,33,242,12.974683544303797,3.1645569620253164,9.81012658227848,87.0253164556962,10.443037974683545,76.58227848101265
E00137411,585,69,23,46,516,37,479,11.794871794871794,3.9316239316239314,7.863247863247863,88.2051282051282,6.3247863247863245,81.88034188034187
E00137412,493,71,32,39,422,34,388,14.401622718052739,6.490872210953347,7.910750507099391,85.59837728194725,6.896551724137931,78.70182555780933
E00137413,462,115,65,50,347,33,314,24.891774891774894,14.06926406926407,10.822510822510822,75.10822510822511,7.142857142857142,67.96536796536796
E00137414,533,76,24,52,457,55,402,14.258911819887429,4.50281425891182,9.75609756097561,85.74108818011257,10.318949343339586,75.42213883677297
E00137416,593,77,28,49,516,46,470,12.984822934232715,4.721753794266442,8.263069139966273,87.01517706576728,7.75716694772344,79.25801011804384
E00137418,324,79,28,51,245,24,221,24.382716049382715,8.641975308641975,15.74074074074074,75.61728395061729,7.4074074074074066,68.20987654320987
E00137419,379,64,21,43,315,25,290,16.886543535620053,5.540897097625329,11.345646437994723,83.11345646437994,6.596306068601583,76.51715039577837
E00137420,281,62,25,37,219,18,201,22.064056939501782,8.896797153024911,13.167259786476867,77.93594306049823,6.405693950177936,71.53024911032028
E00137421,227,51,21,30,176,20,156,22.46696035242291,9.251101321585903,13.215859030837004,77.5330396475771,8.81057268722467,68.72246696035242
E00137422,160,25,13,12,135,16,119,15.625,8.125,7.5,84.375,10,74.375
E00137423,466,52,18,34,414,35,379,11.158798283261802,3.862660944206009,7.296137339055794,88.8412017167382,7.510729613733906,81.3304721030043
E00137424,345,41,9,32,304,29,275,11.884057971014492,2.608695652173913,9.27536231884058,88.1159420289855,8.405797101449275,79.71014492753623
E00137425,189,17,6,11,172,20,152,8.994708994708994,3.1746031746031744,5.82010582010582,91.005291005291,10.582010582010582,80.42328042328042
E00137426,318,33,10,23,285,37,248,10.377358490566039,3.1446540880503147,7.232704402515723,89.62264150943396,11.635220125786164,77.9874213836478
E00137427,292,45,13,32,247,29,218,15.41095890410959,4.4520547945205475,10.95890410958904,84.58904109589042,9.931506849315069,74.65753424657534
E00137428,397,60,18,42,337,41,296,15.113350125944585,4.534005037783375,10.579345088161208,84.88664987405542,10.327455919395465,74.55919395465995
E00137429,335,50,18,32,285,25,260,14.925373134328357,5.3731343283582085,9.55223880597015,85.07462686567165,7.462686567164178,77.61194029850746
E00137430,336,46,23,23,290,23,267,13.690476190476192,6.845238095238096,6.845238095238096,86.30952380952381,6.845238095238096,79.46428571428571
E00137431,129,18,5,13,111,24,87,13.953488372093023,3.875968992248062,10.077519379844961,86.04651162790698,18.6046511627907,67.44186046511628
E00137432,228,22,4,18,206,25,181,9.649122807017543,1.7543859649122806,7.894736842105263,90.35087719298247,10.964912280701753,79.3859649122807
E00137433,270,35,11,24,235,20,215,12.962962962962962,4.074074074074074,8.88888888888889,87.03703703703704,7.4074074074074066,79.62962962962963
E00137434,305,63,30,33,242,21,221,20.655737704918035,9.836065573770492,10.819672131147541,79.34426229508198,6.885245901639345,72.45901639344262
E00137435,589,151,60,91,438,56,382,25.636672325976228,10.186757215619695,15.449915110356535,74.36332767402376,9.507640067911714,64.85568760611206
E00137436,200,27,13,14,173,16,157,13.5,6.5,7.000000000000001,86.5,8,78.5
E00137437,190,29,9,20,161,16,145,15.263157894736842,4.736842105263158,10.526315789473683,84.73684210526315,8.421052631578947,76.31578947368422
E00137438,262,33,13,20,229,27,202,12.595419847328243,4.961832061068702,7.633587786259542,87.40458015267176,10.305343511450381,77.09923664122137
E00137439,421,60,25,35,361,37,324,14.251781472684085,5.938242280285035,8.31353919239905,85.74821852731591,8.788598574821853,76.95961995249407
E00137440,468,53,20,33,415,44,371,11.324786324786325,4.273504273504273,7.051282051282051,88.67521367521367,9.401709401709402,79.27350427350427
E00137441,331,48,21,27,283,33,250,14.501510574018129,6.3444108761329305,8.157099697885197,85.49848942598187,9.969788519637463,75.52870090634441
E00137442,252,35,10,25,217,28,189,13.88888888888889,3.968253968253968,9.920634920634921,86.11111111111111,11.11111111111111,75
E00137443,366,41,17,24,325,30,295,11.202185792349727,4.644808743169399,6.557377049180328,88.79781420765028,8.19672131147541,80.60109289617486
E00137444,224,28,6,22,196,12,184,12.5,2.6785714285714284,9.821428571428571,87.5,5.357142857142857,82.14285714285714
E00137445,192,32,9,23,160,8,152,16.666666666666664,4.6875,11.979166666666668,83.33333333333334,4.166666666666666,79.16666666666666
E00137446,258,21,3,18,237,25,212,8.13953488372093,1.1627906976744187,6.976744186046512,91.86046511627907,9.689922480620156,82.17054263565892
E00137447,376,57,25,32,319,34,285,15.159574468085108,6.648936170212766,8.51063829787234,84.8404255319149,9.042553191489363,75.79787234042553
E00137448,380,54,17,37,326,22,304,14.210526315789473,4.473684210526316,9.736842105263158,85.78947368421052,5.7894736842105265,80
E00137449,394,59,20,39,335,32,303,14.974619289340103,5.0761421319796955,9.898477157360407,85.0253807106599,8.121827411167512,76.90355329949239
E00137450,435,91,36,55,344,34,310,20.919540229885058,8.275862068965518,12.643678160919542,79.08045977011494,7.816091954022989,71.26436781609196
E00137451,306,60,14,46,246,29,217,19.607843137254903,4.57516339869281,15.032679738562091,80.3921568627451,9.477124183006536,70.91503267973856
E00137452,388,54,11,43,334,35,299,13.917525773195877,2.8350515463917527,11.082474226804123,86.08247422680412,9.02061855670103,77.0618556701031
E00137453,307,61,19,42,246,19,227,19.86970684039088,6.188925081433225,13.680781758957655,80.13029315960912,6.188925081433225,73.9413680781759
E00137454,269,85,50,35,184,26,158,31.59851301115242,18.587360594795538,13.011152416356877,68.40148698884758,9.66542750929368,58.7360594795539
E00137455,318,34,7,27,284,36,248,10.69182389937107,2.20125786163522,8.49056603773585,89.30817610062893,11.320754716981133,77.9874213836478
E00137456,170,17,4,13,153,17,136,10,2.3529411764705883,7.647058823529412,90,10,80
E00137457,480,73,32,41,407,40,367,15.208333333333332,6.666666666666667,8.541666666666666,84.79166666666667,8.333333333333332,76.45833333333333
E00137458,521,70,25,45,451,41,410,13.43570057581574,4.798464491362764,8.637236084452974,86.56429942418427,7.869481765834934,78.69481765834932
E00137459,350,56,14,42,294,34,260,16,4,12,84,9.714285714285714,74.28571428571429
E00137460,329,45,9,36,284,31,253,13.677811550151976,2.735562310030395,10.94224924012158,86.32218844984803,9.422492401215806,76.89969604863222
E00137461,366,33,9,24,333,32,301,9.01639344262295,2.459016393442623,6.557377049180328,90.98360655737704,8.743169398907105,82.24043715846994
E00137462,367,60,20,40,307,29,278,16.348773841961854,5.449591280653951,10.899182561307901,83.65122615803816,7.901907356948229,75.74931880108991
E00137464,610,86,35,51,524,53,471,14.098360655737704,5.737704918032787,8.360655737704919,85.90163934426229,8.688524590163935,77.21311475409836
E00137465,337,60,26,34,277,30,247,17.804154302670625,7.71513353115727,10.089020771513352,82.19584569732937,8.902077151335313,73.29376854599407
E00137466,404,46,13,33,358,32,326,11.386138613861387,3.217821782178218,8.16831683168317,88.61386138613861,7.920792079207921,80.6930693069307
E00137467,242,30,10,20,212,24,188,12.396694214876034,4.132231404958678,8.264462809917356,87.60330578512396,9.917355371900827,77.68595041322314
E00137468,314,35,11,24,279,29,250,11.146496815286625,3.5031847133757963,7.643312101910828,88.85350318471338,9.235668789808917,79.61783439490446
E00137469,304,50,16,34,254,19,235,16.447368421052634,5.263157894736842,11.18421052631579,83.55263157894737,6.25,77.30263157894737
E00137470,253,63,25,38,190,15,175,24.90118577075099,9.881422924901186,15.019762845849801,75.09881422924902,5.928853754940711,69.1699604743083
E00137471,406,82,29,53,324,33,291,20.19704433497537,7.142857142857142,13.054187192118228,79.80295566502463,8.12807881773399,71.67487684729063
E00137472,323,42,13,29,281,31,250,13.003095975232199,4.024767801857585,8.978328173374612,86.9969040247678,9.597523219814242,77.39938080495357
E00137473,339,56,20,36,283,30,253,16.519174041297934,5.899705014749262,10.619469026548673,83.48082595870207,8.849557522123893,74.63126843657817
E00137474,317,41,12,29,276,26,250,12.933753943217665,3.7854889589905363,9.14826498422713,87.06624605678233,8.201892744479496,78.86435331230284
E00137475,274,42,15,27,232,28,204,15.328467153284672,5.474452554744526,9.854014598540147,84.67153284671532,10.218978102189782,74.45255474452554
E00137476,289,36,13,23,253,18,235,12.45674740484429,4.498269896193772,7.958477508650519,87.5432525951557,6.228373702422145,81.31487889273356
E00137477,372,51,15,36,321,29,292,13.709677419354838,4.032258064516129,9.67741935483871,86.29032258064517,7.795698924731183,78.49462365591397
E00137479,289,58,16,42,231,25,206,20.069204152249135,5.536332179930796,14.53287197231834,79.93079584775087,8.650519031141869,71.280276816609
E00137480,305,38,14,24,267,31,236,12.459016393442624,4.590163934426229,7.868852459016394,87.54098360655738,10.163934426229508,77.37704918032787
E00137481,292,29,8,21,263,23,240,9.931506849315069,2.73972602739726,7.191780821917808,90.06849315068493,7.876712328767123,82.1917808219178
E00137482,179,30,9,21,149,17,132,16.75977653631285,5.027932960893855,11.731843575418994,83.24022346368714,9.497206703910614,73.74301675977654
E00137483,213,42,10,32,171,22,149,19.718309859154928,4.694835680751173,15.023474178403756,80.28169014084507,10.328638497652582,69.95305164319248
E00137484,306,57,22,35,249,28,221,18.627450980392158,7.18954248366013,11.437908496732026,81.37254901960785,9.15032679738562,72.22222222222221
E00137485,285,43,10,33,242,35,207,15.087719298245613,3.508771929824561,11.578947368421053,84.91228070175438,12.280701754385964,72.63157894736842
E00138025,322,65,33,32,257,24,233,20.18633540372671,10.248447204968944,9.937888198757763,79.8136645962733,7.453416149068323,72.36024844720497
E00138026,418,50,21,29,368,32,336,11.961722488038278,5.023923444976076,6.937799043062201,88.03827751196172,7.655502392344498,80.38277511961722
E00138027,404,40,12,28,364,26,338,9.900990099009901,2.9702970297029703,6.9306930693069315,90.0990099009901,6.435643564356436,83.66336633663366
E00138028,271,37,15,22,234,14,220,13.653136531365314,5.535055350553505,8.118081180811808,86.34686346863468,5.166051660516605,81.18081180811808
E00138029,389,26,11,15,363,16,347,6.683804627249357,2.827763496143959,3.8560411311053984,93.31619537275064,4.113110539845758,89.20308483290489
E00138030,332,42,14,28,290,19,271,12.650602409638553,4.216867469879518,8.433734939759036,87.34939759036145,5.72289156626506,81.62650602409639
E00138031,215,51,13,38,164,18,146,23.72093023255814,6.046511627906977,17.674418604651162,76.27906976744187,8.372093023255815,67.90697674418604
E00138032,259,38,12,26,221,17,204,14.671814671814673,4.633204633204633,10.038610038610038,85.32818532818533,6.563706563706563,78.76447876447877
E00138033,349,43,16,27,306,26,280,12.320916905444127,4.584527220630372,7.736389684813753,87.67908309455588,7.4498567335243555,80.22922636103151
E00138034,308,40,20,20,268,20,248,12.987012987012985,6.493506493506493,6.493506493506493,87.01298701298701,6.493506493506493,80.51948051948052
E00138035,344,25,9,16,319,27,292,7.267441860465117,2.616279069767442,4.651162790697675,92.73255813953489,7.848837209302325,84.88372093023256
E00138036,360,60,23,37,300,27,273,16.666666666666664,6.388888888888888,10.277777777777777,83.33333333333334,7.5,75.83333333333333
E00138037,359,37,5,32,322,27,295,10.30640668523677,1.392757660167131,8.913649025069638,89.69359331476323,7.520891364902507,82.17270194986072
E00138038,290,32,16,16,258,26,232,11.03448275862069,5.517241379310345,5.517241379310345,88.96551724137932,8.96551724137931,80
E00138039,316,50,11,39,266,25,241,15.822784810126583,3.481012658227848,12.341772151898734,84.17721518987342,7.9113924050632916,76.26582278481013
E00138040,288,43,16,27,245,19,226,14.930555555555555,5.555555555555555,9.375,85.06944444444444,6.597222222222222,78.47222222222221
E00138041,159,31,11,20,128,14,114,19.49685534591195,6.918238993710692,12.578616352201259,80.50314465408806,8.80503144654088,71.69811320754717
E00138042,338,49,17,32,289,29,260,14.497041420118343,5.029585798816568,9.467455621301776,85.50295857988166,8.579881656804734,76.92307692307693
E00138043,310,36,13,23,274,26,248,11.612903225806452,4.193548387096775,7.419354838709677,88.38709677419355,8.38709677419355,80
E00138044,427,58,13,45,369,32,337,13.583138173302109,3.0444964871194378,10.53864168618267,86.41686182669788,7.494145199063232,78.92271662763466
E00138045,332,22,9,13,310,12,298,6.626506024096386,2.710843373493976,3.91566265060241,93.37349397590361,3.614457831325301,89.7590361445783
E00138046,381,56,18,38,325,29,296,14.698162729658792,4.724409448818897,9.973753280839896,85.30183727034121,7.611548556430446,77.69028871391076
E00138047,299,36,16,20,263,12,251,12.040133779264215,5.351170568561873,6.688963210702341,87.95986622073578,4.013377926421405,83.94648829431438
E00138048,342,27,11,16,315,20,295,7.894736842105263,3.216374269005848,4.678362573099415,92.10526315789474,5.847953216374268,86.25730994152046
E00138049,336,28,11,17,308,13,295,8.333333333333332,3.273809523809524,5.059523809523809,91.66666666666666,3.869047619047619,87.79761904761905
E00138050,389,50,19,31,339,32,307,12.853470437017995,4.884318766066838,7.969151670951156,87.146529562982,8.226221079691516,78.9203084832905
E00138051,418,65,18,47,353,20,333,15.550239234449762,4.30622009569378,11.24401913875598,84.44976076555024,4.784688995215311,79.66507177033493
E00138052,346,35,17,18,311,17,294,10.115606936416185,4.913294797687861,5.202312138728324,89.88439306358381,4.913294797687861,84.97109826589595
E00138053,303,34,8,26,269,33,236,11.221122112211221,2.6402640264026402,8.58085808580858,88.77887788778878,10.891089108910892,77.88778877887789
E00138054,376,35,11,24,341,25,316,9.308510638297872,2.925531914893617,6.382978723404255,90.69148936170212,6.648936170212766,84.04255319148936
E00138055,390,62,24,38,328,22,306,15.897435897435896,6.153846153846154,9.7435897435897445,84.1025641025641,5.641025641025641,78.46153846153847
E00138056,333,65,32,33,268,20,248,19.51951951951952,9.60960960960961,9.90990990990991,80.48048048048048,6.006006006006006,74.47447447447448
E00138057,388,43,15,28,345,39,306,11.082474226804123,3.865979381443299,7.216494845360824,88.91752577319588,10.051546391752577,78.8659793814433
E00138058,315,42,22,20,273,24,249,13.333333333333334,6.984126984126984,6.349206349206349,86.66666666666667,7.6190476190476195,79.04761904761905
E00138059,207,31,10,21,176,17,159,14.975845410628018,4.830917874396135,10.144927536231885,85.02415458937197,8.212560386473431,76.81159420289855
E00138060,565,137,62,75,428,49,379,24.24778761061947,10.973451327433628,13.274336283185843,75.75221238938053,8.672566371681416,67.07964601769912
E00138061,246,48,27,21,198,11,187,19.51219512195122,10.975609756097562,8.536585365853659,80.48780487804879,4.471544715447155,76.01626016260163
E00138062,305,51,20,31,254,15,239,16.721311475409838,6.557377049180328,10.163934426229508,83.27868852459017,4.918032786885246,78.36065573770492
E00138063,326,58,28,30,268,17,251,17.791411042944784,8.588957055214724,9.202453987730062,82.20858895705521,5.214723926380368,76.99386503067484
E00138064,358,45,20,25,313,19,294,12.569832402234638,5.58659217877095,6.983240223463687,87.43016759776536,5.307262569832402,82.12290502793296
E00138065,372,60,28,32,312,26,286,16.129032258064516,7.526881720430108,8.60215053763441,83.87096774193549,6.989247311827956,76.88172043010752
E00138066,294,44,16,28,250,18,232,14.965986394557824,5.442176870748299,9.523809523809524,85.03401360544217,6.122448979591836,78.91156462585033
E00138067,325,47,17,30,278,25,253,14.461538461538462,5.230769230769231,9.230769230769232,85.53846153846155,7.6923076923076925,77.84615384615384
E00138068,409,44,15,29,365,40,325,10.757946210268948,3.6674816625916873,7.090464547677261,89.24205378973105,9.7799511002445,79.46210268948656
E00138069,425,68,34,34,357,20,337,16,8,8,84,4.705882352941177,79.29411764705883
E00138070,357,58,27,31,299,19,280,16.246498599439775,7.563025210084033,8.683473389355742,83.75350140056022,5.322128851540616,78.43137254901961
E00138071,307,68,28,40,239,22,217,22.149837133550488,9.120521172638437,13.029315960912053,77.85016286644951,7.166123778501629,70.68403908794788
E00138072,294,40,23,17,254,22,232,13.60544217687075,7.8231292517006805,5.782312925170068,86.39455782312925,7.482993197278912,78.91156462585033
E00138073,276,41,15,26,235,19,216,14.855072463768115,5.434782608695652,9.420289855072465,85.14492753623189,6.884057971014493,78.26086956521739
E00138074,488,88,34,54,400,24,376,18.0327868852459,6.967213114754098,11.065573770491802,81.9672131147541,4.918032786885246,77.04918032786885
E00138075,360,56,26,30,304,4,300,15.555555555555555,7.222222222222221,8.333333333333332,84.44444444444444,1.1111111111111112,83.33333333333334
E00138076,254,34,16,18,220,16,204,13.385826771653544,6.299212598425196,7.086614173228346,86.61417322834646,6.299212598425196,80.31496062992126
E00138077,345,55,18,37,290,24,266,15.942028985507244,5.217391304347826,10.72463768115942,84.05797101449275,6.956521739130435,77.10144927536233
E00138078,288,32,13,19,256,24,232,11.11111111111111,4.513888888888888,6.597222222222222,88.88888888888889,8.333333333333332,80.55555555555556
E00138080,302,39,11,28,263,21,242,12.91390728476821,3.642384105960265,9.271523178807946,87.08609271523179,6.95364238410596,80.13245033112582
E00138081,310,41,12,29,269,22,247,13.225806451612904,3.870967741935484,9.35483870967742,86.7741935483871,7.096774193548387,79.6774193548387
E00138082,335,50,23,27,285,19,266,14.925373134328357,6.865671641791045,8.059701492537313,85.07462686567165,5.6716417910447765,79.40298507462687
E00138083,296,40,15,25,256,27,229,13.513513513513514,5.0675675675675675,8.445945945945946,86.48648648648648,9.121621621621621,77.36486486486487
E00138084,297,46,15,31,251,22,229,15.488215488215488,5.05050505050505,10.437710437710438,84.51178451178451,7.4074074074074066,77.10437710437711
E00138085,299,37,14,23,262,28,234,12.37458193979933,4.682274247491638,7.6923076923076925,87.62541806020067,9.364548494983277,78.26086956521739
E00138086,383,53,24,29,330,13,317,13.838120104438643,6.266318537859007,7.5718015665796345,86.16187989556136,3.3942558746736298,82.76762402088774
E00138087,381,65,24,41,316,27,289,17.060367454068242,6.299212598425196,10.761154855643044,82.93963254593176,7.086614173228346,75.8530183727034
E00138088,390,102,54,48,288,26,262,26.153846153846157,13.846153846153847,12.307692307692308,73.84615384615385,6.666666666666667,67.17948717948717
E00138089,222,40,15,25,182,22,160,18.01801801801802,6.756756756756757,11.26126126126126,81.98198198198197,9.90990990990991,72.07207207207207
E00138090,558,93,39,54,465,27,438,16.666666666666664,6.989247311827956,9.67741935483871,83.33333333333334,4.838709677419355,78.49462365591397
E00138091,313,46,17,29,267,26,241,14.696485623003195,5.431309904153355,9.26517571884984,85.3035143769968,8.30670926517572,76.99680511182109
E00138092,324,64,19,45,260,28,232,19.753086419753085,5.864197530864197,13.88888888888889,80.24691358024691,8.641975308641975,71.60493827160494
E00138093,281,47,14,33,234,21,213,16.72597864768683,4.98220640569395,11.743772241992882,83.27402135231317,7.473309608540925,75.80071174377224
E00138094,328,47,19,28,281,16,265,14.329268292682926,5.7926829268292686,8.536585365853659,85.67073170731707,4.878048780487805,80.79268292682927
E00138095,262,54,18,36,208,25,183,20.610687022900763,6.870229007633588,13.740458015267176,79.38931297709924,9.541984732824428,69.8473282442748
E00138096,224,56,26,30,168,16,152,25,11.607142857142858,13.392857142857142,75,7.142857142857142,67.85714285714286
E00138097,324,61,28,33,263,19,244,18.82716049382716,8.641975308641975,10.185185185185185,81.17283950617285,5.864197530864197,75.30864197530865
E00138098,609,66,22,44,543,35,508,10.83743842364532,3.6124794745484397,7.224958949096879,89.16256157635468,5.747126436781609,83.41543513957306
E00138099,273,67,30,37,206,14,192,24.54212454212454,10.989010989010989,13.553113553113553,75.45787545787546,5.128205128205128,70.32967032967034
E00138100,371,91,46,45,280,26,254,24.528301886792452,12.398921832884097,12.129380053908356,75.47169811320755,7.008086253369273,68.46361185983828
E00138101,288,38,14,24,250,22,228,13.194444444444445,4.861111111111112,8.333333333333332,86.80555555555556,7.638888888888889,79.16666666666666
E00138102,308,43,15,28,265,23,242,13.96103896103896,4.870129870129871,9.090909090909092,86.03896103896103,7.467532467532467,78.57142857142857
E00138103,300,85,48,37,215,19,196,28.333333333333332,16,12.333333333333334,71.66666666666667,6.333333333333334,65.33333333333333
E00138104,328,52,18,34,276,27,249,15.853658536585366,5.487804878048781,10.365853658536585,84.14634146341463,8.231707317073171,75.91463414634147
E00138105,228,38,10,28,190,19,171,16.666666666666664,4.385964912280701,12.280701754385964,83.33333333333334,8.333333333333332,75
E00138106,271,60,25,35,211,26,185,22.14022140221402,9.22509225092251,12.915129151291513,77.85977859778598,9.59409594095941,68.26568265682657
E00138107,339,40,14,26,299,22,277,11.799410029498524,4.129793510324483,7.669616519174041,88.20058997050147,6.489675516224189,81.71091445427729
E00138108,240,39,13,26,201,15,186,16.25,5.416666666666667,10.833333333333334,83.75,6.25,77.5
E00138109,263,40,12,28,223,23,200,15.209125475285171,4.562737642585551,10.646387832699618,84.79087452471484,8.745247148288973,76.04562737642586
E00138110,306,65,26,39,241,26,215,21.241830065359476,8.49673202614379,12.745098039215685,78.75816993464052,8.49673202614379,70.26143790849673
E00138111,284,35,12,23,249,23,226,12.323943661971832,4.225352112676056,8.098591549295776,87.67605633802818,8.098591549295776,79.5774647887324
E00138112,425,65,24,41,360,28,332,15.294117647058824,5.647058823529412,9.647058823529411,84.70588235294117,6.588235294117648,78.11764705882352
E00138113,282,45,14,31,237,21,216,15.957446808510639,4.964539007092199,10.99290780141844,84.04255319148936,7.446808510638298,76.59574468085107
E00138114,256,44,13,31,212,13,199,17.1875,5.078125,12.109375,82.8125,5.078125,77.734375
E00138115,330,53,18,35,277,24,253,16.060606060606062,5.454545454545454,10.606060606060606,83.93939393939394,7.2727272727272725,76.66666666666667
E00138116,261,37,16,21,224,22,202,14.17624521072797,6.130268199233716,8.045977011494253,85.82375478927203,8.42911877394636,77.39463601532567
E00138117,573,58,20,38,515,32,483,10.12216404886562,3.4904013961605584,6.631762652705062,89.87783595113437,5.5846422338568935,84.29319371727748
E00138118,459,69,20,49,390,20,370,15.032679738562091,4.357298474945534,10.675381263616558,84.9673202614379,4.357298474945534,80.61002178649237
E00138119,365,94,45,49,271,25,246,25.753424657534246,12.32876712328767,13.424657534246576,74.24657534246575,6.8493150684931505,67.3972602739726
E00138121,400,45,19,26,355,20,335,11.25,4.75,6.5,88.75,5,83.75
E00138122,342,42,20,22,300,16,284,12.280701754385964,5.847953216374268,6.432748538011696,87.71929824561403,4.678362573099415,83.04093567251462
E00138123,357,37,10,27,320,17,303,10.364145658263306,2.801120448179272,7.563025210084033,89.6358543417367,4.761904761904762,84.87394957983193
E00138124,224,36,24,12,188,8,180,16.071428571428573,10.714285714285714,5.357142857142857,83.92857142857143,3.571428571428571,80.35714285714286
E00138125,363,26,13,13,337,23,314,7.162534435261708,3.581267217630854,3.581267217630854,92.8374655647383,6.336088154269973,86.50137741046832
E00138126,429,41,18,23,388,27,361,9.557109557109557,4.195804195804196,5.361305361305361,90.44289044289044,6.293706293706294,84.14918414918415
E00138127,265,62,26,36,203,11,192,23.39622641509434,9.811320754716983,13.584905660377359,76.60377358490567,4.150943396226415,72.45283018867924
E00138128,386,46,18,28,340,14,326,11.917098445595855,4.66321243523316,7.253886010362693,88.08290155440415,3.6269430051813467,84.4559585492228
E00138129,373,49,19,30,324,26,298,13.136729222520108,5.093833780160858,8.04289544235925,86.8632707774799,6.970509383378016,79.89276139410187
E00138130,380,39,12,27,341,20,321,10.263157894736842,3.1578947368421053,7.105263157894736,89.73684210526316,5.263157894736842,84.47368421052632
E00138131,324,52,20,32,272,14,258,16.049382716049383,6.172839506172839,9.876543209876543,83.9506172839506,4.320987654320987,79.62962962962963
E00138132,351,39,14,25,312,9,303,11.11111111111111,3.9886039886039883,7.122507122507122,88.88888888888889,2.564102564102564,86.32478632478633
E00138133,335,41,17,24,294,21,273,12.238805970149254,5.074626865671641,7.164179104477612,87.76119402985074,6.26865671641791,81.49253731343283
E00138134,311,37,12,25,274,18,256,11.89710610932476,3.858520900321544,8.038585209003216,88.10289389067523,5.787781350482315,82.31511254019293
E00138135,285,56,25,31,229,12,217,19.649122807017545,8.771929824561402,10.87719298245614,80.35087719298247,4.2105263157894735,76.14035087719299
E00138136,487,58,23,35,429,14,415,11.90965092402464,4.722792607802875,7.186858316221765,88.09034907597535,2.8747433264887063,85.21560574948666
E00138137,379,43,10,33,336,13,323,11.345646437994723,2.638522427440633,8.70712401055409,88.65435356200527,3.430079155672823,85.22427440633246
E00138138,461,66,31,35,395,16,379,14.316702819956618,6.724511930585683,7.592190889370933,85.68329718004338,3.470715835140998,82.21258134490239
E00138142,198,53,29,24,145,10,135,26.767676767676768,14.646464646464647,12.121212121212121,73.23232323232324,5.05050505050505,68.18181818181817
E00138143,316,56,24,32,260,12,248,17.72151898734177,7.59493670886076,10.126582278481013,82.27848101265823,3.79746835443038,78.48101265822784
E00138144,380,35,14,21,345,14,331,9.210526315789473,3.684210526315789,5.526315789473684,90.78947368421053,3.684210526315789,87.10526315789474
E00138145,205,61,38,23,144,11,133,29.756097560975608,18.536585365853657,11.219512195121952,70.24390243902438,5.365853658536586,64.8780487804878
E00138146,308,22,7,15,286,14,272,7.142857142857142,2.272727272727273,4.870129870129871,92.85714285714286,4.545454545454546,88.31168831168831
E00138147,214,41,21,20,173,9,164,19.158878504672895,9.813084112149532,9.345794392523365,80.8411214953271,4.205607476635514,76.63551401869158
E00138148,337,47,23,24,290,13,277,13.94658753709199,6.824925816023739,7.121661721068249,86.05341246290801,3.857566765578635,82.19584569732937
E00138149,292,42,19,23,250,12,238,14.383561643835616,6.506849315068493,7.876712328767123,85.61643835616438,4.10958904109589,81.5068493150685
E00138150,360,49,30,19,311,10,301,13.61111111111111,8.333333333333332,5.277777777777778,86.38888888888889,2.7777777777777777,83.61111111111111
E00138151,225,42,20,22,183,11,172,18.666666666666668,8.88888888888889,9.777777777777779,81.33333333333333,4.888888888888889,76.44444444444444
E00138152,151,32,10,22,119,6,113,21.192052980132452,6.622516556291391,14.56953642384106,78.80794701986756,3.9735099337748347,74.83443708609272
E00138153,390,42,16,26,348,16,332,10.76923076923077,4.102564102564102,6.666666666666667,89.23076923076924,4.102564102564102,85.12820512820512
E00138154,268,48,24,24,220,29,191,17.91044776119403,8.955223880597014,8.955223880597014,82.08955223880598,10.820895522388058,71.26865671641791
E00138155,348,61,25,36,287,13,274,17.52873563218391,7.183908045977011,10.344827586206897,82.47126436781609,3.7356321839080464,78.73563218390804
E00138156,396,33,11,22,363,31,332,8.333333333333332,2.7777777777777777,5.555555555555555,91.66666666666666,7.828282828282829,83.83838383838383
E00138157,301,47,13,34,254,30,224,15.614617940199334,4.318936877076411,11.295681063122924,84.38538205980066,9.966777408637874,74.4186046511628
E00138158,374,40,12,28,334,21,313,10.695187165775401,3.2085561497326207,7.4866310160427805,89.3048128342246,5.614973262032086,83.68983957219251
E00138160,347,29,13,16,318,15,303,8.357348703170029,3.7463976945244957,4.610951008645533,91.64265129682997,4.322766570605188,87.31988472622479
E00138162,357,39,14,25,318,25,293,10.92436974789916,3.9215686274509802,7.002801120448179,89.07563025210085,7.002801120448179,82.07282913165265
E00138163,329,61,21,40,268,22,246,18.541033434650455,6.382978723404255,12.158054711246201,81.45896656534954,6.68693009118541,74.77203647416414
E00138164,397,55,20,35,342,22,320,13.85390428211587,5.037783375314862,8.816120906801007,86.14609571788414,5.541561712846348,80.60453400503779
E00138165,301,35,15,20,266,17,249,11.627906976744185,4.983388704318937,6.64451827242525,88.37209302325581,5.647840531561462,82.72425249169434
E00138166,314,58,19,39,256,18,238,18.471337579617835,6.050955414012739,12.420382165605096,81.52866242038218,5.7324840764331215,75.79617834394905
E00138167,346,64,28,36,282,19,263,18.497109826589593,8.092485549132949,10.404624277456648,81.5028901734104,5.491329479768786,76.01156069364163
E00138168,311,50,15,35,261,20,241,16.077170418006432,4.823151125401929,11.254019292604502,83.92282958199357,6.430868167202572,77.491961414791
E00138169,437,48,17,31,389,37,352,10.983981693363845,3.8901601830663615,7.093821510297483,89.01601830663616,8.466819221967963,80.54919908466819
E00138170,336,82,49,33,254,17,237,24.404761904761905,14.583333333333334,9.821428571428571,75.59523809523809,5.059523809523809,70.53571428571429
E00138171,332,47,23,24,285,16,269,14.156626506024098,6.927710843373494,7.228915662650602,85.8433734939759,4.819277108433735,81.02409638554217
E00138172,355,68,32,36,287,17,270,19.154929577464788,9.014084507042254,10.140845070422536,80.84507042253522,4.788732394366197,76.05633802816901
E00138173,329,61,27,34,268,14,254,18.541033434650455,8.206686930091186,10.33434650455927,81.45896656534954,4.25531914893617,77.20364741641338
E00138174,324,47,18,29,277,23,254,14.506172839506174,5.555555555555555,8.950617283950617,85.49382716049382,7.098765432098765,78.39506172839506
E00138175,300,73,38,35,227,16,211,24.333333333333336,12.666666666666668,11.666666666666666,75.66666666666667,5.333333333333334,70.33333333333334
E00138176,266,71,31,40,195,16,179,26.691729323308273,11.654135338345863,15.037593984962406,73.30827067669173,6.015037593984962,67.29323308270678
E00138177,311,24,7,17,287,29,258,7.717041800643088,2.2508038585209005,5.466237942122187,92.28295819935691,9.32475884244373,82.95819935691318
E00138178,514,62,18,44,452,44,408,12.062256809338521,3.501945525291829,8.560311284046692,87.93774319066148,8.560311284046692,79.37743190661479
E00138179,322,44,17,27,278,22,256,13.664596273291925,5.279503105590062,8.385093167701864,86.33540372670807,6.832298136645963,79.5031055900621
E00138180,380,70,38,32,310,24,286,18.421052631578945,10,8.421052631578947,81.57894736842105,6.315789473684211,75.26315789473685
E00138181,335,52,21,31,283,20,263,15.522388059701491,6.26865671641791,9.253731343283581,84.4776119402985,5.970149253731343,78.50746268656717
E00138182,389,40,17,23,349,24,325,10.282776349614396,4.370179948586118,5.912596401028278,89.7172236503856,6.169665809768637,83.54755784061697
E00138183,459,53,18,35,406,26,380,11.546840958605664,3.9215686274509802,7.625272331154684,88.45315904139433,5.664488017429194,82.78867102396515
E00138184,375,41,10,31,334,34,300,10.933333333333334,2.666666666666667,8.266666666666666,89.06666666666668,9.066666666666666,80
E00138185,176,28,11,17,148,11,137,15.909090909090908,6.25,9.659090909090908,84.0909090909091,6.25,77.8409090909091
E00138186,384,43,15,28,341,32,309,11.197916666666668,3.90625,7.291666666666667,88.80208333333334,8.333333333333332,80.46875
E00138187,255,24,9,15,231,16,215,9.411764705882353,3.5294117647058822,5.88235294117647,90.58823529411765,6.2745098039215685,84.31372549019608
E00138188,283,47,15,32,236,25,211,16.607773851590103,5.30035335689046,11.307420494699647,83.3922261484099,8.8339222614841,74.55830388692578
E00138189,342,36,13,23,306,24,282,10.526315789473683,3.8011695906432745,6.725146198830409,89.47368421052632,7.017543859649122,82.45614035087719
E00138190,246,21,5,16,225,17,208,8.536585365853659,2.0325203252032518,6.504065040650407,91.46341463414635,6.910569105691057,84.5528455284553
E00138191,265,34,12,22,231,29,202,12.830188679245284,4.528301886792453,8.30188679245283,87.16981132075472,10.943396226415095,76.22641509433963
E00138192,227,36,14,22,191,12,179,15.859030837004406,6.167400881057269,9.691629955947137,84.14096916299559,5.286343612334802,78.8546255506608
E00138193,307,46,18,28,261,33,228,14.983713355048861,5.863192182410423,9.120521172638437,85.01628664495115,10.749185667752444,74.2671009771987
E00138194,336,46,16,30,290,22,268,13.690476190476192,4.761904761904762,8.928571428571429,86.30952380952381,6.547619047619048,79.76190476190477
E00138195,293,35,10,25,258,30,228,11.945392491467576,3.4129692832764507,8.532423208191126,88.05460750853243,10.238907849829351,77.81569965870307
E00138196,346,32,5,27,314,27,287,9.248554913294797,1.4450867052023122,7.803468208092486,90.7514450867052,7.803468208092486,82.94797687861272
E00138197,278,29,5,24,249,28,221,10.431654676258994,1.7985611510791366,8.633093525179856,89.568345323741,10.071942446043165,79.49640287769785
E00138198,389,53,12,41,336,18,318,13.624678663239074,3.0848329048843186,10.539845758354756,86.37532133676092,4.627249357326478,81.74807197943444
E00138199,340,41,14,27,299,29,270,12.058823529411764,4.117647058823529,7.941176470588235,87.94117647058823,8.529411764705882,79.41176470588235
E00138200,272,17,6,11,255,14,241,6.25,2.2058823529411766,4.044117647058823,93.75,5.147058823529411,88.60294117647058
E00138201,387,36,8,28,351,27,324,9.30232558139535,2.0671834625323,7.235142118863049,90.69767441860465,6.976744186046512,83.72093023255815
E00138202,308,30,10,20,278,29,249,9.740259740259742,3.2467532467532463,6.493506493506493,90.25974025974025,9.415584415584416,80.84415584415584
E00138203,288,28,10,18,260,25,235,9.722222222222223,3.4722222222222223,6.25,90.27777777777779,8.680555555555555,81.59722222222221
E00138204,320,25,7,18,295,28,267,7.8125,2.1875,5.625,92.1875,8.75,83.4375
E00138205,291,38,8,30,253,27,226,13.058419243986256,2.7491408934707904,10.309278350515463,86.94158075601375,9.278350515463918,77.66323024054984
E00138206,275,30,4,26,245,25,220,10.909090909090908,1.4545454545454546,9.454545454545455,89.0909090909091,9.090909090909092,80
E00138207,381,53,14,39,328,18,310,13.910761154855644,3.674540682414698,10.236220472440944,86.08923884514435,4.724409448818897,81.36482939632546
E00138208,211,56,22,34,155,18,137,26.540284360189574,10.42654028436019,16.113744075829384,73.45971563981043,8.530805687203792,64.92890995260665
E00138209,334,27,10,17,307,35,272,8.08383233532934,2.9940119760479043,5.089820359281437,91.91616766467065,10.479041916167663,81.437125748502993
E00138210,298,23,5,18,275,26,249,7.718120805369128,1.6778523489932886,6.0402684563758395,92.28187919463086,8.724832214765101,83.55704697986577
E00138211,280,61,26,35,219,13,206,21.785714285714285,9.285714285714286,12.5,78.21428571428571,4.642857142857143,73.57142857142858
E00138212,398,66,19,47,332,17,315,16.582914572864322,4.773869346733668,11.809045226130653,83.41708542713567,4.271356783919598,79.14572864321609
E00138213,268,53,27,26,215,20,195,19.776119402985074,10.074626865671641,9.701492537313433,80.22388059701493,7.462686567164178,72.76119402985076
E00138214,391,88,47,41,303,20,283,22.506393861892583,12.020460358056265,10.485933503836318,77.49360613810742,5.115089514066496,72.37851662404093
E00138215,349,51,22,29,298,18,280,14.613180515759314,6.303724928366762,8.30945558739255,85.38681948424069,5.157593123209169,80.22922636103151
E00138216,330,44,14,30,286,18,268,13.333333333333334,4.242424242424243,9.090909090909092,86.66666666666667,5.454545454545454,81.21212121212122
E00138217,365,55,22,33,310,24,286,15.068493150684931,6.027397260273973,9.04109589041096,84.93150684931507,6.575342465753424,78.35616438356165
E00138218,310,60,28,32,250,17,233,19.35483870967742,9.032258064516128,10.32258064516129,80.64516129032258,5.483870967741936,75.16129032258064
E00138219,304,48,18,30,256,17,239,15.789473684210526,5.921052631578947,9.868421052631579,84.21052631578947,5.592105263157895,78.61842105263158
E00138220,354,42,20,22,312,23,289,11.864406779661017,5.649717514124294,6.214689265536723,88.13559322033898,6.497175141242938,81.63841807909604
E00138221,324,42,18,24,282,9,273,12.962962962962962,5.555555555555555,7.4074074074074066,87.03703703703704,2.7777777777777777,84.25925925925925
E00138222,347,61,30,31,286,19,267,17.579250720461097,8.645533141210375,8.93371757925072,82.42074927953891,5.475504322766571,76.94524495677233
E00138223,307,50,16,34,257,23,234,16.286644951140065,5.211726384364821,11.074918566775244,83.71335504885994,7.491856677524431,76.2214983713355
E00138224,325,42,10,32,283,15,268,12.923076923076923,3.076923076923077,9.846153846153847,87.07692307692308,4.615384615384616,82.46153846153847
E00138225,292,55,21,34,237,10,227,18.835616438356166,7.191780821917808,11.643835616438356,81.16438356164383,3.4246575342465753,77.73972602739725
E00138226,321,41,14,27,280,28,252,12.77258566978193,4.361370716510903,8.411214953271028,87.22741433021807,8.722741433021806,78.50467289719626
E00138227,338,63,31,32,275,26,249,18.639053254437872,9.171597633136095,9.467455621301776,81.36094674556213,7.6923076923076925,73.66863905325444
E00138228,415,69,29,40,346,14,332,16.626506024096386,6.987951807228916,9.63855421686747,83.37349397590361,3.3734939759036147,80
E00138229,271,49,20,29,222,24,198,18.081180811808117,7.380073800738007,10.70110701107011,81.91881918819189,8.856088560885608,73.06273062730627
E00138230,274,62,22,40,212,16,196,22.62773722627737,8.02919708029197,14.5985401459854,77.37226277372264,5.839416058394161,71.53284671532847
E00138231,305,97,63,34,208,18,190,31.80327868852459,20.655737704918035,11.147540983606557,68.1967213114754,5.901639344262295,62.295081967213115
E00138232,494,74,29,45,420,25,395,14.979757085020243,5.870445344129554,9.109311740890687,85.02024291497976,5.060728744939271,79.95951417004049
E00138233,513,93,42,51,420,22,398,18.128654970760234,8.187134502923977,9.941520467836257,81.87134502923976,4.28849902534113,77.58284600389864
E00138234,354,60,31,29,294,25,269,16.94915254237288,8.757062146892656,8.192090395480225,83.05084745762711,7.062146892655368,75.98870056497175
E00138235,317,53,18,35,264,13,251,16.7192429022082,5.678233438485805,11.041009463722396,83.2807570977918,4.100946372239748,79.17981072555204
E00138236,294,58,26,32,236,15,221,19.727891156462583,8.843537414965986,10.884353741496598,80.27210884353741,5.1020408163265305,75.17006802721087
E00138237,386,72,28,44,314,30,284,18.65284974093264,7.253886010362693,11.398963730569948,81.34715025906736,7.772020725388601,73.57512953367875
E00138238,368,66,17,49,302,19,283,17.934782608695652,4.619565217391304,13.31521739130435,82.06521739130434,5.163043478260869,76.90217391304348
E00138239,307,51,15,36,256,29,227,16.612377850162865,4.88599348534202,11.726384364820847,83.38762214983714,9.446254071661238,73.9413680781759
E00138240,381,50,17,33,331,36,295,13.123359580052494,4.4619422572178475,8.661417322834646,86.8766404199475,9.448818897637794,77.42782152230971
E00138241,344,49,24,25,295,14,281,14.244186046511627,6.976744186046512,7.267441860465117,85.75581395348837,4.069767441860465,81.68604651162791
E00138242,392,59,27,32,333,21,312,15.051020408163266,6.887755102040815,8.16326530612245,84.94897959183673,5.357142857142857,79.59183673469387
E00138243,318,55,29,26,263,16,247,17.29559748427673,9.119496855345911,8.176100628930817,82.70440251572327,5.031446540880504,77.67295597484278
E00138244,352,55,12,43,297,31,266,15.625,3.4090909090909087,12.215909090909092,84.375,8.806818181818182,75.56818181818183
E00138245,416,44,11,33,372,28,344,10.576923076923077,2.644230769230769,7.9326923076923075,89.42307692307693,6.730769230769231,82.6923076923077
E00138246,324,32,13,19,292,22,270,9.876543209876543,4.012345679012346,5.864197530864197,90.12345679012346,6.790123456790123,83.33333333333334
E00138247,319,58,18,40,261,28,233,18.181818181818183,5.6426332288401255,12.539184952978054,81.81818181818183,8.77742946708464,73.04075235109718
E00138248,320,60,23,37,260,33,227,18.75,7.187499999999999,11.5625,81.25,10.3125,70.9375
E00138249,299,32,10,22,267,13,254,10.702341137123746,3.3444816053511706,7.357859531772576,89.29765886287625,4.3478260869565215,84.94983277591973
E00138250,310,52,23,29,258,20,238,16.7741935483871,7.419354838709677,9.35483870967742,83.22580645161291,6.451612903225806,76.77419354838709
E00138251,258,40,13,27,218,20,198,15.503875968992247,5.038759689922481,10.465116279069768,84.49612403100775,7.751937984496124,76.74418604651163
E00138252,347,77,32,45,270,16,254,22.19020172910663,9.221902017291066,12.968299711815561,77.80979827089337,4.610951008645533,73.19884726224784
E00138254,343,45,13,32,298,17,281,13.119533527696792,3.7900874635568513,9.329446064139942,86.88046647230321,4.956268221574344,81.92419825072886
E00138255,382,72,31,41,310,21,289,18.848167539267017,8.115183246073299,10.732984293193718,81.15183246073299,5.49738219895288,75.6544502617801
E00138256,323,56,24,32,267,15,252,17.3374613003096,7.430340557275541,9.907120743034056,82.6625386996904,4.643962848297214,78.0185758513932
E00138257,343,60,28,32,283,14,269,17.49271137026239,8.16326530612245,9.329446064139942,82.5072886297376,4.081632653061225,78.4256559766764
E00138258,452,101,59,42,351,13,338,22.345132743362832,13.053097345132745,9.29203539823009,77.65486725663717,2.8761061946902653,74.77876106194691
E00138259,360,46,18,28,314,24,290,12.777777777777777,5,7.777777777777778,87.22222222222223,6.666666666666667,80.55555555555556
E00138260,301,53,17,36,248,25,223,17.60797342192691,5.647840531561462,11.960132890365449,82.39202657807309,8.305647840531561,74.08637873754152
E00138261,271,37,15,22,234,17,217,13.653136531365314,5.535055350553505,8.118081180811808,86.34686346863468,6.273062730627306,80.07380073800738
E00138262,239,71,41,30,168,17,151,29.707112970711297,17.154811715481173,12.552301255230125,70.29288702928869,7.112970711297072,63.17991631799163
E00138263,316,48,27,21,268,16,252,15.18987341772152,8.544303797468354,6.6455696202531636,84.81012658227847,5.063291139240507,79.74683544303798
E00138264,277,50,15,35,227,16,211,18.050541516245488,5.415162454873646,12.63537906137184,81.94945848375451,5.776173285198556,76.17328519855594
E00138265,313,32,4,28,281,22,259,10.223642172523961,1.2779552715654952,8.945686900958465,89.77635782747603,7.0287539936102235,82.74760383386581
E00138266,409,72,36,36,337,24,313,17.6039119804401,8.80195599022005,8.80195599022005,82.3960880195599,5.8679706601467,76.5281173594132
E00138267,337,103,48,55,234,20,214,30.56379821958457,14.243323442136498,16.320474777448073,69.43620178041543,5.934718100890208,63.50148367952523
E00138268,298,42,17,25,256,18,238,14.093959731543624,5.704697986577181,8.389261744966444,85.90604026845638,6.0402684563758395,79.86577181208054
E00138269,262,59,27,32,203,20,183,22.519083969465647,10.305343511450381,12.213740458015266,77.48091603053436,7.633587786259542,69.8473282442748
E00138270,263,58,20,38,205,26,179,22.0532319391635,7.604562737642586,14.44866920152091,77.9467680608365,9.885931558935361,68.06083650190115
E00138271,297,56,21,35,241,20,221,18.855218855218855,7.07070707070707,11.784511784511785,81.14478114478115,6.7340067340067336,74.41077441077442
E00138272,478,67,25,42,411,30,381,14.01673640167364,5.230125523012552,8.786610878661087,85.98326359832636,6.2761506276150625,79.70711297071131
E00138273,216,52,21,31,164,17,147,24.074074074074073,9.722222222222223,14.351851851851851,75.92592592592592,7.87037037037037,68.05555555555556
E00138274,294,38,10,28,256,25,231,12.925170068027212,3.4013605442176873,9.523809523809524,87.07482993197279,8.503401360544217,78.57142857142857
E00138275,366,48,17,31,318,23,295,13.114754098360656,4.644808743169399,8.469945355191257,86.88524590163934,6.284153005464481,80.60109289617486
E00138276,286,71,37,34,215,23,192,24.825174825174827,12.937062937062937,11.888111888111888,75.17482517482517,8.041958041958042,67.13286713286713
E00138277,352,37,13,24,315,21,294,10.511363636363637,3.6931818181818183,6.8181818181818175,89.48863636363636,5.965909090909091,83.52272727272727
E00138278,279,58,31,27,221,14,207,20.78853046594982,11.11111111111111,9.67741935483871,79.21146953405018,5.017921146953405,74.19354838709677
E00138279,190,54,17,37,136,22,114,28.421052631578945,8.947368421052632,19.473684210526315,71.57894736842105,11.578947368421053,60
E00138280,522,83,39,44,439,32,407,15.900383141762454,7.471264367816093,8.42911877394636,84.09961685823755,6.130268199233716,77.96934865900383
E00138281,313,90,50,40,223,29,194,28.753993610223645,15.974440894568689,12.779552715654951,71.24600638977637,9.26517571884984,61.980830670926515
E00138282,254,51,22,29,203,16,187,20.078740157480315,8.661417322834646,11.41732283464567,79.92125984251969,6.299212598425196,73.62204724409449
E00138283,263,50,16,34,213,10,203,19.011406844106464,6.083650190114068,12.927756653992395,80.98859315589354,3.802281368821293,77.18631178707224
E00138284,407,39,17,22,368,20,348,9.582309582309582,4.176904176904177,5.405405405405405,90.41769041769042,4.914004914004914,85.5036855036855
E00138285,320,30,9,21,290,28,262,9.375,2.8125,6.5625,90.625,8.75,81.875
E00138286,366,40,15,25,326,34,292,10.92896174863388,4.098360655737705,6.830601092896176,89.07103825136612,9.289617486338798,79.78142076502732
E00138287,281,69,28,41,212,16,196,24.555160142348754,9.9644128113879,14.590747330960854,75.44483985765125,5.6939501779359425,69.7508896797153
E00138288,582,102,35,67,480,40,440,17.525773195876287,6.013745704467354,11.512027491408935,82.4742268041237,6.872852233676976,75.60137457044674
E00138289,335,49,21,28,286,35,251,14.626865671641792,6.26865671641791,8.358208955223882,85.37313432835822,10.44776119402985,74.92537313432835
E00138290,222,48,23,25,174,16,158,21.62162162162162,10.36036036036036,11.26126126126126,78.37837837837837,7.207207207207207,71.17117117117117
E00138291,267,47,25,22,220,17,203,17.60299625468165,9.363295880149813,8.239700374531834,82.39700374531836,6.367041198501873,76.02996254681648
E00138292,325,59,20,39,266,30,236,18.153846153846153,6.153846153846154,12,81.84615384615384,9.230769230769232,72.61538461538461
E00138293,314,58,18,40,256,14,242,18.471337579617835,5.7324840764331215,12.738853503184714,81.52866242038218,4.45859872611465,77.07006369426752
E00138294,299,51,33,18,248,26,222,17.05685618729097,11.036789297658862,6.0200668896321075,82.94314381270902,8.695652173913043,74.24749163879598
E00138295,280,48,24,24,232,14,218,17.142857142857142,8.571428571428571,8.571428571428571,82.85714285714286,5,77.85714285714286
E00138296,340,44,17,27,296,12,284,12.941176470588237,5,7.941176470588235,87.05882352941177,3.5294117647058822,83.52941176470588
E00138297,348,41,15,26,307,23,284,11.781609195402298,4.310344827586207,7.471264367816093,88.2183908045977,6.609195402298851,81.60919540229885
E00138298,335,72,37,35,263,23,240,21.492537313432834,11.044776119402986,10.44776119402985,78.50746268656717,6.865671641791045,71.64179104477611
E00138299,324,46,14,32,278,20,258,14.19753086419753,4.320987654320987,9.876543209876543,85.80246913580247,6.172839506172839,79.62962962962963
E00138300,275,39,15,24,236,19,217,14.181818181818182,5.454545454545454,8.727272727272728,85.81818181818181,6.909090909090909,78.9090909090909
E00138301,292,53,31,22,239,17,222,18.15068493150685,10.616438356164384,7.534246575342466,81.84931506849315,5.821917808219178,76.02739726027397
E00138302,413,57,27,30,356,28,328,13.801452784503631,6.5375302663438255,7.263922518159806,86.19854721549636,6.779661016949152,79.41888619854721
E00138303,334,52,13,39,282,20,262,15.568862275449103,3.8922155688622757,11.676646706586826,84.4311377245509,5.9880239520958085,78.44311377245509
E00138304,262,35,13,22,227,16,211,13.358778625954198,4.961832061068702,8.396946564885496,86.64122137404581,6.106870229007633,80.53435114503816
E00138305,260,46,16,30,214,27,187,17.692307692307693,6.153846153846154,11.538461538461538,82.3076923076923,10.384615384615385,71.92307692307692
E00138306,307,34,14,20,273,17,256,11.074918566775244,4.5602605863192185,6.514657980456026,88.92508143322475,5.537459283387622,83.38762214983714
E00138307,355,49,17,32,306,28,278,13.802816901408452,4.788732394366197,9.014084507042254,86.19718309859155,7.887323943661972,78.30985915492957
E00138308,312,55,28,27,257,16,241,17.628205128205128,8.974358974358974,8.653846153846153,82.37179487179486,5.128205128205128,77.24358974358975
E00138309,317,51,19,32,266,16,250,16.08832807570978,5.993690851735016,10.094637223974763,83.91167192429022,5.047318611987381,78.86435331230284
E00138310,260,33,12,21,227,17,210,12.692307692307692,4.615384615384616,8.076923076923077,87.3076923076923,6.538461538461539,80.76923076923077
E00138311,299,36,10,26,263,20,243,12.040133779264215,3.3444816053511706,8.695652173913043,87.95986622073578,6.688963210702341,81.27090301003345
E00138312,376,80,50,30,296,16,280,21.27659574468085,13.297872340425531,7.9787234042553195,78.72340425531915,4.25531914893617,74.46808510638297
E00138313,302,51,20,31,251,17,234,16.887417218543046,6.622516556291391,10.264900662251655,83.11258278145695,5.629139072847682,77.48344370860927
E00138314,400,136,80,56,264,13,251,34,20,14.000000000000002,66,3.25,62.74999999999999
E00138315,331,105,47,58,226,12,214,31.722054380664655,14.19939577039275,17.522658610271904,68.27794561933534,3.625377643504532,64.6525679758308
E00138316,376,49,11,38,327,19,308,13.031914893617023,2.925531914893617,10.106382978723403,86.96808510638297,5.053191489361701,81.91489361702128
E00138317,478,85,21,64,393,38,355,17.782426778242677,4.393305439330543,13.389121338912133,82.21757322175732,7.949790794979079,74.26778242677824
E00138318,385,46,12,34,339,29,310,11.948051948051948,3.116883116883117,8.831168831168831,88.05194805194805,7.532467532467532,80.51948051948052
E00138319,374,52,20,32,322,28,294,13.903743315508022,5.347593582887701,8.55614973262032,86.09625668449198,7.4866310160427805,78.6096256684492
E00138320,381,65,28,37,316,31,285,17.060367454068242,7.349081364829396,9.711286089238845,82.93963254593176,8.136482939632545,74.80314960629921
E00138321,325,39,13,26,286,19,267,12,4,8,88,5.846153846153846,82.15384615384616
E00138322,273,43,17,26,230,8,222,15.75091575091575,6.227106227106227,9.523809523809524,84.24908424908425,2.93040293040293,81.31868131868131
E00138323,310,48,20,28,262,34,228,15.483870967741936,6.451612903225806,9.032258064516128,84.51612903225806,10.967741935483872,73.54838709677419
E00138324,362,44,9,35,318,31,287,12.154696132596685,2.4861878453038675,9.668508287292818,87.84530386740332,8.56353591160221,79.28176795580112
E00138325,288,58,25,33,230,22,208,20.13888888888889,8.680555555555555,11.458333333333332,79.86111111111111,7.638888888888889,72.22222222222221
E00138326,284,34,15,19,250,20,230,11.971830985915492,5.28169014084507,6.690140845070422,88.02816901408451,7.042253521126761,80.98591549295774
E00138327,302,34,5,29,268,22,246,11.258278145695364,1.6556291390728477,9.602649006622517,88.74172185430463,7.28476821192053,81.45695364238411
E00138328,339,39,16,23,300,26,274,11.504424778761061,4.71976401179941,6.784660766961652,88.49557522123894,7.669616519174041,80.8259587020649
E00138329,315,48,21,27,267,22,245,15.238095238095239,6.666666666666667,8.571428571428571,84.76190476190476,6.984126984126984,77.77777777777779
E00138330,270,43,15,28,227,20,207,15.925925925925927,5.555555555555555,10.37037037037037,84.07407407407408,7.4074074074074066,76.66666666666667
E00138331,268,35,9,26,233,26,207,13.059701492537313,3.3582089552238807,9.701492537313433,86.94029850746269,9.701492537313433,77.23880597014924
E00138332,298,42,16,26,256,23,233,14.093959731543624,5.369127516778524,8.724832214765101,85.90604026845638,7.718120805369128,78.18791946308725
E00138333,249,53,26,27,196,26,170,21.285140562248998,10.441767068273093,10.843373493975903,78.714859437751,10.441767068273093,68.27309236947792
E00138334,274,51,21,30,223,20,203,18.613138686131386,7.664233576642336,10.948905109489052,81.38686131386861,7.2992700729927,74.08759124087592
E00138335,206,36,8,28,170,11,159,17.475728155339805,3.8834951456310676,13.592233009708737,82.52427184466019,5.339805825242718,77.18446601941747
E00138336,232,47,17,30,185,21,164,20.25862068965517,7.327586206896551,12.931034482758621,79.74137931034483,9.051724137931034,70.6896551724138
E00138337,199,55,27,28,144,14,130,27.63819095477387,13.5678391959799,14.07035175879397,72.36180904522614,7.035175879396985,65.32663316582915
E00138338,175,28,10,18,147,11,136,16,5.714285714285714,10.285714285714285,84,6.2857142857142865,77.71428571428571
E00138339,527,90,49,41,437,36,401,17.077798861480076,9.297912713472485,7.7798861480075905,82.92220113851992,6.83111954459203,76.0910815939279
E00138340,344,66,30,36,278,26,252,19.186046511627907,8.720930232558139,10.465116279069768,80.81395348837209,7.55813953488372,73.25581395348837
E00138341,360,41,14,27,319,20,299,11.38888888888889,3.888888888888889,7.5,88.61111111111111,5.555555555555555,83.05555555555556
E00138342,368,42,12,30,326,26,300,11.41304347826087,3.260869565217391,8.152173913043478,88.58695652173914,7.065217391304348,81.52173913043478
E00138343,369,80,46,34,289,26,263,21.680216802168022,12.466124661246612,9.214092140921409,78.31978319783198,7.046070460704606,71.27371273712737
E00138344,415,47,16,31,368,21,347,11.325301204819278,3.8554216867469884,7.46987951807229,88.67469879518072,5.0602409638554215,83.61445783132531
E00138345,453,76,36,40,377,36,341,16.777041942604857,7.9470198675496695,8.830022075055188,83.22295805739515,7.9470198675496695,75.27593818984548
E00138347,283,46,16,30,237,23,214,16.25441696113074,5.6537102473498235,10.60070671378092,83.74558303886926,8.12720848056537,75.61837455830388
E00138348,305,70,35,35,235,22,213,22.950819672131146,11.475409836065573,11.475409836065573,77.04918032786885,7.213114754098362,69.83606557377048
E00138349,390,65,21,44,325,19,306,16.666666666666664,5.384615384615385,11.282051282051283,83.33333333333334,4.871794871794872,78.46153846153847
E00138350,391,67,36,31,324,17,307,17.135549872122763,9.207161125319693,7.928388746803069,82.86445012787725,4.3478260869565215,78.51662404092072
E00138351,386,56,17,39,330,14,316,14.507772020725387,4.404145077720207,10.103626943005182,85.49222797927462,3.6269430051813467,81.86528497409327
E00138352,316,61,17,44,255,12,243,19.303797468354432,5.379746835443038,13.924050632911392,80.69620253164557,3.79746835443038,76.89873417721519
E00138353,397,52,27,25,345,20,325,13.09823677581864,6.801007556675064,6.297229219143577,86.90176322418137,5.037783375314862,81.86397984886649
E00138354,347,91,40,51,256,13,243,26.22478386167147,11.527377521613833,14.697406340057636,73.77521613832853,3.7463976945244957,70.02881844380403
E00138355,268,73,41,32,195,14,181,27.238805970149254,15.298507462686567,11.940298507462686,72.76119402985076,5.223880597014925,67.53731343283582
E00138356,440,56,17,39,384,16,368,12.727272727272727,3.8636363636363633,8.863636363636363,87.27272727272727,3.6363636363636362,83.63636363636363
E00138357,390,52,16,36,338,22,316,13.333333333333334,4.102564102564102,9.230769230769232,86.66666666666667,5.641025641025641,81.02564102564102
E00138358,364,40,18,22,324,22,302,10.989010989010989,4.945054945054945,6.043956043956044,89.01098901098901,6.043956043956044,82.96703296703298
E00138359,373,78,38,40,295,19,276,20.91152815013405,10.187667560321715,10.723860589812332,79.08847184986595,5.093833780160858,73.9946380697051
E00138360,331,82,40,42,249,16,233,24.773413897280967,12.084592145015106,12.688821752265861,75.22658610271903,4.833836858006042,70.39274924471299
E00138361,296,42,22,20,254,16,238,14.18918918918919,7.4324324324324325,6.756756756756757,85.8108108108108,5.405405405405405,80.4054054054054
E00138362,377,60,25,35,317,26,291,15.915119363395224,6.631299734748011,9.283819628647215,84.08488063660478,6.896551724137931,77.18832891246684
E00138363,432,71,39,32,361,19,342,16.435185185185187,9.027777777777777,7.4074074074074066,83.56481481481481,4.398148148148148,79.16666666666666
E00138364,490,69,36,33,421,24,397,14.081632653061224,7.346938775510205,6.73469387755102,85.91836734693878,4.8979591836734695,81.0204081632653
E00138365,292,66,35,31,226,16,210,22.602739726027394,11.986301369863012,10.616438356164384,77.3972602739726,5.47945205479452,71.91780821917808
E00138366,508,92,34,58,416,30,386,18.11023622047244,6.692913385826772,11.41732283464567,81.88976377952756,5.905511811023622,75.98425196850394
E00138367,148,42,22,20,106,5,101,28.37837837837838,14.864864864864865,13.513513513513514,71.62162162162163,3.3783783783783785,68.24324324324324
E00138368,441,79,40,39,362,15,347,17.913832199546487,9.070294784580499,8.843537414965986,82.08616780045351,3.4013605442176873,78.68480725623583
E00138369,289,71,43,28,218,13,205,24.567474048442904,14.878892733564014,9.688581314878892,75.4325259515571,4.498269896193772,70.93425605536332
E00138370,255,23,6,17,232,11,221,9.019607843137255,2.3529411764705883,6.666666666666667,90.98039215686275,4.313725490196078,86.66666666666667
E00138371,354,39,16,23,315,23,292,11.016949152542372,4.519774011299435,6.497175141242938,88.98305084745762,6.497175141242938,82.485875706214685
E00138372,258,34,13,21,224,22,202,13.178294573643413,5.038759689922481,8.13953488372093,86.82170542635659,8.527131782945736,78.29457364341084
E00138373,380,61,28,33,319,15,304,16.05263157894737,7.368421052631578,8.68421052631579,83.94736842105263,3.9473684210526314,80
E00138374,379,47,18,29,332,22,310,12.401055408970976,4.749340369393139,7.651715039577836,87.59894459102902,5.804749340369393,81.79419525065963
E00138375,469,77,40,37,392,24,368,16.417910447761194,8.528784648187633,7.889125799573561,83.5820895522388,5.11727078891258,78.46481876332622
E00138376,387,49,17,32,338,40,298,12.661498708010335,4.3927648578811365,8.2687338501292,87.33850129198967,10.335917312661499,77.00258397932816
E00138377,411,111,75,36,300,23,277,27.00729927007299,18.248175182481752,8.75912408759124,72.99270072992701,5.59610705596107,67.39659367396594
E00138378,356,32,13,19,324,22,302,8.98876404494382,3.651685393258427,5.337078651685393,91.01123595505618,6.179775280898876,84.8314606741573
E00138379,360,61,20,41,299,40,259,16.944444444444446,5.555555555555555,11.38888888888889,83.05555555555556,11.11111111111111,71.94444444444444
E00138380,287,35,15,20,252,25,227,12.195121951219512,5.2264808362369335,6.968641114982578,87.8048780487805,8.710801393728223,79.09407665505228
E00138381,300,37,12,25,263,24,239,12.333333333333334,4,8.333333333333332,87.66666666666667,8,79.66666666666666
E00138382,319,77,42,35,242,27,215,24.137931034482758,13.166144200626958,10.9717868338558,75.86206896551724,8.463949843260188,67.39811912225704
E00138383,281,56,18,38,225,19,206,19.9288256227758,6.405693950177936,13.523131672597867,80.0711743772242,6.761565836298933,73.30960854092527
E00138385,323,59,21,38,264,21,243,18.26625386996904,6.5015479876160995,11.76470588235294,81.73374613003097,6.5015479876160995,75.23219814241486
E00138386,314,62,22,40,252,28,224,19.745222929936308,7.006369426751593,12.738853503184714,80.2547770700637,8.9171974522293,71.3375796178344
E00138387,284,50,24,26,234,26,208,17.6056338028169,8.450704225352112,9.15492957746479,82.3943661971831,9.15492957746479,73.23943661971832
E00138391,439,42,10,32,397,53,344,9.567198177676538,2.277904328018223,7.289293849658314,90.43280182232346,12.072892938496583,78.35990888382688
E00138392,406,38,13,25,368,27,341,9.35960591133005,3.201970443349754,6.157635467980295,90.64039408866995,6.65024630541872,83.99014778325123
E00138393,421,45,13,32,376,26,350,10.688836104513063,3.0878859857482186,7.600950118764846,89.31116389548693,6.175771971496437,83.1353919239905
E00138394,529,36,12,24,493,35,458,6.805293005671078,2.2684310018903595,4.536862003780719,93.19470699432893,6.61625708884688,86.57844990548205
E00138395,377,44,20,24,333,27,306,11.671087533156498,5.305039787798409,6.36604774535809,88.3289124668435,7.161803713527852,81.16710875331566
E00138397,378,37,14,23,341,28,313,9.788359788359788,3.7037037037037033,6.084656084656085,90.21164021164022,7.4074074074074066,82.8042328042328
E00138398,380,27,13,14,353,20,333,7.105263157894736,3.421052631578948,3.684210526315789,92.89473684210526,5.263157894736842,87.63157894736841
E00138399,402,60,21,39,342,29,313,14.925373134328357,5.223880597014925,9.701492537313433,85.07462686567165,7.213930348258707,77.86069651741293
E00138400,324,50,17,33,274,17,257,15.432098765432098,5.246913580246913,10.185185185185185,84.5679012345679,5.246913580246913,79.32098765432099
E00138401,308,51,19,32,257,30,227,16.558441558441558,6.1688311688311686,10.38961038961039,83.44155844155844,9.740259740259742,73.7012987012987
E00138402,342,37,11,26,305,36,269,10.818713450292398,3.216374269005848,7.602339181286549,89.18128654970761,10.526315789473683,78.65497076023392
E00138403,299,62,25,37,237,32,205,20.735785953177256,8.361204013377927,12.37458193979933,79.26421404682274,10.702341137123746,68.56187290969899
E00138404,338,39,11,28,299,23,276,11.538461538461538,3.2544378698224854,8.284023668639055,88.46153846153845,6.8047337278106506,81.65680473372781
E00138405,275,50,22,28,225,14,211,18.181818181818183,8,10.181818181818182,81.81818181818183,5.090909090909091,76.72727272727272
E00138406,432,71,21,50,361,36,325,16.435185185185187,4.861111111111112,11.574074074074074,83.56481481481481,8.333333333333332,75.23148148148148
E00138407,317,42,16,26,275,25,250,13.249211356466878,5.047318611987381,8.201892744479496,86.75078864353313,7.886435331230284,78.86435331230284
E00138408,322,57,23,34,265,17,248,17.70186335403727,7.142857142857142,10.559006211180124,82.29813664596274,5.279503105590062,77.01863354037268
E00138409,337,55,20,35,282,23,259,16.320474777448073,5.934718100890208,10.385756676557865,83.67952522255193,6.824925816023739,76.8545994065282
E00138410,253,21,7,14,232,17,215,8.300395256916996,2.766798418972332,5.533596837944664,91.699604743083,6.719367588932807,84.98023715415019
E00138411,341,62,25,37,279,30,249,18.181818181818183,7.331378299120235,10.850439882697946,81.81818181818183,8.797653958944283,73.02052785923753
E00138412,317,51,23,28,266,16,250,16.08832807570978,7.255520504731862,8.832807570977918,83.91167192429022,5.047318611987381,78.86435331230284
E00138413,290,43,8,35,247,22,225,14.827586206896552,2.7586206896551726,12.068965517241379,85.17241379310346,7.586206896551724,77.58620689655173
E00138414,234,40,14,26,194,20,174,17.094017094017094,5.982905982905983,11.11111111111111,82.90598290598291,8.547008547008547,74.35897435897436
E00138415,301,48,19,29,253,20,233,15.946843853820598,6.312292358803987,9.634551495016613,84.0531561461794,6.64451827242525,77.40863787375415
E00138416,313,43,17,26,270,22,248,13.738019169329075,5.431309904153355,8.30670926517572,86.26198083067092,7.0287539936102235,79.2332268370607
E00138417,276,36,18,18,240,27,213,13.043478260869565,6.521739130434782,6.521739130434782,86.95652173913044,9.782608695652174,77.17391304347827
E00138418,229,48,13,35,181,19,162,20.96069868995633,5.676855895196507,15.283842794759824,79.03930131004367,8.296943231441048,70.74235807860262
E00138419,317,36,13,23,281,32,249,11.35646687697161,4.100946372239748,7.255520504731862,88.64353312302839,10.094637223974763,78.54889589905363
E00138420,508,43,12,31,465,41,424,8.46456692913386,2.3622047244094486,6.102362204724409,91.53543307086615,8.070866141732283,83.46456692913385
E00138421,268,46,13,33,222,23,199,17.16417910447761,4.850746268656716,12.313432835820896,82.83582089552239,8.582089552238806,74.25373134328358
E00138422,314,47,12,35,267,32,235,14.968152866242038,3.821656050955414,11.146496815286625,85.03184713375796,10.191082802547772,74.84076433121018
E00138423,269,51,28,23,218,29,189,18.95910780669145,10.408921933085502,8.550185873605948,81.04089219330855,10.780669144981413,70.26022304832715
E00138424,266,57,25,32,209,20,189,21.428571428571427,9.398496240601503,12.030075187969924,78.57142857142857,7.518796992481203,71.05263157894737
E00138425,256,24,6,18,232,24,208,9.375,2.34375,7.03125,90.625,9.375,81.25
E00138426,302,37,12,25,265,21,244,12.251655629139073,3.9735099337748347,8.27814569536424,87.74834437086093,6.95364238410596,80.79470198675497
E00138427,211,41,13,28,170,21,149,19.431279620853083,6.161137440758294,13.270142180094787,80.56872037914692,9.95260663507109,70.61611374407583
E00138428,296,59,22,37,237,24,213,19.93243243243243,7.4324324324324325,12.5,80.06756756756756,8.108108108108109,71.95945945945947
E00138429,256,35,9,26,221,23,198,13.671875,3.515625,10.15625,86.328125,8.984375,77.34375
E00138431,277,71,31,40,206,16,190,25.63176895306859,11.191335740072201,14.440433212996389,74.36823104693141,5.776173285198556,68.59205776173285
E00138432,301,104,64,40,197,20,177,34.55149501661129,21.262458471760798,13.2890365448505,65.4485049833887,6.64451827242525,58.80398671096345
E00138434,531,74,21,53,457,55,402,13.93596986817326,3.954802259887006,9.981167608286253,86.06403013182674,10.357815442561206,75.70621468926554
E00138435,348,55,17,38,293,39,254,15.804597701149426,4.885057471264368,10.919540229885058,84.19540229885058,11.206896551724139,72.98850574712644
E00138436,318,37,16,21,281,16,265,11.635220125786164,5.031446540880504,6.60377358490566,88.36477987421384,5.031446540880504,83.33333333333334
E00138437,265,46,17,29,219,19,200,17.358490566037734,6.415094339622642,10.943396226415095,82.64150943396227,7.169811320754717,75.47169811320755
E00138438,303,43,14,29,260,21,239,14.19141914191419,4.62046204620462,9.570957095709572,85.8085808580858,6.9306930693069315,78.87788778877888
E00138439,206,23,12,11,183,20,163,11.165048543689322,5.825242718446602,5.339805825242718,88.83495145631069,9.70873786407767,79.12621359223301
E00138440,316,52,24,28,264,24,240,16.455696202531644,7.59493670886076,8.860759493670885,83.54430379746836,7.59493670886076,75.9493670886076
E00138441,372,66,25,41,306,33,273,17.741935483870968,6.720430107526881,11.021505376344086,82.25806451612904,8.870967741935484,73.38709677419355
E00138442,212,36,14,22,176,13,163,16.9811320754717,6.60377358490566,10.377358490566039,83.01886792452831,6.132075471698113,76.88679245283019
E00138443,244,40,21,19,204,14,190,16.39344262295082,8.60655737704918,7.786885245901639,83.60655737704919,5.737704918032787,77.8688524590164
E00138444,345,69,33,36,276,29,247,20,9.565217391304348,10.434782608695652,80,8.405797101449275,71.59420289855073
E00138445,372,45,15,30,327,23,304,12.096774193548388,4.032258064516129,8.064516129032258,87.90322580645162,6.182795698924731,81.72043010752688
E00138446,293,74,22,52,219,17,202,25.25597269624573,7.508532423208192,17.747440273037544,74.74402730375427,5.802047781569966,68.94197952218431
E00138447,332,73,33,40,259,23,236,21.987951807228914,9.939759036144578,12.048192771084338,78.01204819277109,6.927710843373494,71.08433734939759
E00138449,234,55,19,36,179,18,161,23.504273504273502,8.11965811965812,15.384615384615385,76.49572649572649,7.6923076923076925,68.80341880341881
E00138450,221,57,19,38,164,24,140,25.791855203619914,8.597285067873303,17.194570135746606,74.2081447963801,10.85972850678733,63.348416289592755
E00138451,296,53,21,32,243,19,224,17.905405405405407,7.094594594594595,10.81081081081081,82.0945945945946,6.418918918918918,75.67567567567568
E00138452,326,63,27,36,263,18,245,19.32515337423313,8.282208588957054,11.042944785276074,80.67484662576688,5.521472392638037,75.15337423312883
E00138453,256,36,8,28,220,30,190,14.0625,3.125,10.9375,85.9375,11.71875,74.21875
E00138454,235,60,35,25,175,10,165,25.53191489361702,14.893617021276595,10.638297872340425,74.46808510638297,4.25531914893617,70.2127659574468
E00138455,261,34,6,28,227,29,198,13.026819923371647,2.2988505747126435,10.727969348659004,86.97318007662835,11.11111111111111,75.86206896551724
E00138456,237,58,26,32,179,20,159,24.47257383966245,10.970464135021098,13.502109704641349,75.52742616033755,8.438818565400844,67.08860759493672
E00138457,266,40,12,28,226,31,195,15.037593984962406,4.511278195488721,10.526315789473683,84.9624060150376,11.654135338345863,73.30827067669173
E00138458,311,43,14,29,268,23,245,13.826366559485532,4.501607717041801,9.32475884244373,86.17363344051448,7.395498392282958,78.77813504823152
E00138459,334,52,21,31,282,29,253,15.568862275449103,6.287425149700598,9.281437125748502,84.4311377245509,8.682634730538922,75.74850299401199
E00138460,266,41,15,26,225,19,206,15.413533834586465,5.639097744360902,9.774436090225564,84.58646616541353,7.142857142857142,77.44360902255639
E00138461,212,47,11,36,165,13,152,22.169811320754718,5.188679245283019,16.9811320754717,77.83018867924528,6.132075471698113,71.69811320754717
E00138462,286,30,14,16,256,25,231,10.48951048951049,4.895104895104895,5.594405594405594,89.5104895104895,8.741258741258742,80.76923076923077
E00138463,277,29,10,19,248,26,222,10.469314079422382,3.6101083032490973,6.859205776173286,89.53068592057761,9.386281588447654,80.14440433212997
E00138464,322,46,12,34,276,21,255,14.285714285714285,3.7267080745341614,10.559006211180124,85.71428571428571,6.521739130434782,79.19254658385093
E00138465,316,40,14,26,276,28,248,12.658227848101266,4.430379746835443,8.227848101265822,87.34177215189874,8.860759493670885,78.48101265822784
E00138467,274,43,14,29,231,18,213,15.693430656934307,5.109489051094891,10.583941605839415,84.30656934306569,6.569343065693431,77.73722627737226
E00138468,267,55,24,31,212,23,189,20.59925093632959,8.98876404494382,11.610486891385769,79.40074906367042,8.614232209737828,70.78651685393258
E00138469,197,47,18,29,150,7,143,23.85786802030457,9.137055837563452,14.720812182741117,76.14213197969542,3.5532994923857872,72.58883248730965
E00138470,262,68,28,40,194,25,169,25.954198473282442,10.687022900763358,15.267175572519085,74.04580152671755,9.541984732824428,64.50381679389314
E00138471,465,62,18,44,403,32,371,13.333333333333334,3.870967741935484,9.46236559139785,86.66666666666667,6.881720430107527,79.78494623655914
E00138472,252,44,12,32,208,20,188,17.46031746031746,4.761904761904762,12.698412698412698,82.53968253968253,7.936507936507936,74.60317460317461
E00138473,241,40,17,23,201,14,187,16.59751037344398,7.053941908713693,9.54356846473029,83.40248962655602,5.809128630705394,77.59336099585063
E00138474,311,51,25,26,260,19,241,16.39871382636656,8.038585209003216,8.360128617363344,83.60128617363344,6.109324758842444,77.491961414791
E00138475,283,49,21,28,234,27,207,17.314487632508836,7.420494699646643,9.89399293286219,82.68551236749117,9.540636042402827,73.14487632508833
E00138476,305,43,17,26,262,20,242,14.098360655737704,5.573770491803279,8.524590163934425,85.90163934426229,6.557377049180328,79.34426229508198
E00138477,343,97,59,38,246,41,205,28.279883381924197,17.20116618075802,11.078717201166182,71.7201166180758,11.9533527696793,59.7667638483965
E00138478,247,43,18,25,204,14,190,17.408906882591094,7.28744939271255,10.121457489878543,82.5910931174089,5.668016194331984,76.92307692307693
E00138479,298,62,34,28,236,13,223,20.80536912751678,11.409395973154362,9.395973154362416,79.19463087248322,4.3624161073825505,74.83221476510067
E00138480,224,41,12,29,183,17,166,18.303571428571427,5.357142857142857,12.946428571428573,81.69642857142857,7.5892857142857135,74.10714285714286
E00138481,241,50,20,30,191,16,175,20.74688796680498,8.29875518672199,12.448132780082988,79.25311203319502,6.639004149377594,72.61410788381743
E00138482,269,53,24,29,216,15,201,19.702602230483272,8.921933085501859,10.780669144981413,80.29739776951673,5.5762081784386615,74.72118959107806
E00138483,327,27,12,15,300,15,285,8.256880733944955,3.669724770642202,4.587155963302752,91.74311926605505,4.587155963302752,87.1559633027523
E00138484,453,37,14,23,416,18,398,8.167770419426049,3.090507726269316,5.077262693156733,91.83222958057395,3.9735099337748347,87.85871964679912
E00138485,496,63,21,42,433,20,413,12.701612903225806,4.233870967741935,8.46774193548387,87.29838709677419,4.032258064516129,83.26612903225806
E00138487,334,63,26,37,271,24,247,18.862275449101794,7.784431137724551,11.077844311377245,81.1377245508982,7.18562874251497,73.95209580838323
E00138488,355,71,23,48,284,16,268,20,6.478873239436619,13.521126760563378,80,4.507042253521127,75.49295774647888
E00138489,385,51,12,39,334,26,308,13.246753246753245,3.116883116883117,10.129870129870131,86.75324675324674,6.753246753246753,80
E00138490,346,45,12,33,301,22,279,13.005780346820808,3.4682080924855487,9.53757225433526,86.9942196531792,6.358381502890173,80.63583815028902
E00138491,408,50,6,44,358,15,343,12.254901960784313,1.4705882352941175,10.784313725490197,87.74509803921569,3.6764705882352944,84.06862745098039
E00138492,421,77,21,56,344,27,317,18.28978622327791,4.98812351543943,13.30166270783848,81.71021377672209,6.413301662707839,75.29691211401425
E00138493,335,52,23,29,283,13,270,15.522388059701491,6.865671641791045,8.656716417910449,84.4776119402985,3.880597014925373,80.59701492537313
E00138494,459,51,18,33,408,29,379,11.11111111111111,3.9215686274509802,7.18954248366013,88.88888888888889,6.318082788671024,82.57080610021787
E00138495,282,30,13,17,252,12,240,10.638297872340425,4.609929078014184,6.028368794326241,89.36170212765957,4.25531914893617,85.1063829787234
E00138496,486,59,28,31,427,18,409,12.139917695473251,5.761316872427984,6.378600823045268,87.86008230452676,3.7037037037037033,84.15637860082305
E00138497,249,59,28,31,190,9,181,23.694779116465863,11.244979919678714,12.449799196787147,76.30522088353415,3.614457831325301,72.69076305220884
E00138498,431,39,13,26,392,17,375,9.048723897911833,3.0162412993039442,6.0324825986078885,90.95127610208816,3.944315545243619,87.00696055684455
E00138499,336,45,18,27,291,18,273,13.392857142857142,5.357142857142857,8.035714285714286,86.60714285714286,5.357142857142857,81.25
E00138500,271,44,15,29,227,15,212,16.236162361623617,5.535055350553505,10.70110701107011,83.76383763837639,5.535055350553505,78.22878228782287
E00138501,293,43,26,17,250,13,237,14.675767918088736,8.873720136518772,5.802047781569966,85.32423208191126,4.436860068259386,80.88737201365188
E00138502,314,52,25,27,262,13,249,16.560509554140125,7.961783439490445,8.598726114649681,83.43949044585987,4.140127388535031,79.29936305732484
E00138503,304,44,19,25,260,8,252,14.473684210526317,6.25,8.223684210526317,85.52631578947368,2.631578947368421,82.89473684210526
E00138504,302,61,23,38,241,13,228,20.198675496688743,7.6158940397351,12.582781456953644,79.80132450331125,4.304635761589404,75.49668874172185
E00138505,258,51,28,23,207,13,194,19.767441860465116,10.852713178294573,8.914728682170542,80.23255813953489,5.038759689922481,75.1937984496124
E00138507,362,39,13,26,323,20,303,10.773480662983426,3.591160220994475,7.18232044198895,89.22651933701657,5.524861878453039,83.70165745856355
E00138508,309,37,11,26,272,19,253,11.974110032362459,3.559870550161812,8.414239482200648,88.02588996763754,6.148867313915858,81.87702265372168
E00138509,529,55,12,43,474,24,450,10.396975425330812,2.2684310018903595,8.128544423440454,89.60302457466919,4.536862003780719,85.06616257088847
E00138510,317,46,15,31,271,16,255,14.511041009463725,4.73186119873817,9.779179810725552,85.48895899053628,5.047318611987381,80.4416403785489
E00138511,388,59,21,38,329,19,310,15.206185567010309,5.412371134020619,9.793814432989691,84.79381443298969,4.896907216494846,79.89690721649485
E00138512,353,33,11,22,320,17,303,9.34844192634561,3.1161473087818696,6.232294617563739,90.6515580736544,4.815864022662889,85.8356940509915
E00138516,395,65,25,40,330,27,303,16.455696202531644,6.329113924050633,10.126582278481013,83.54430379746836,6.8354430379746836,76.70886075949367
E00138517,324,40,15,25,284,25,259,12.345679012345679,4.62962962962963,7.716049382716049,87.65432098765432,7.716049382716049,79.93827160493827
E00138518,407,55,25,30,352,22,330,13.513513513513514,6.142506142506143,7.371007371007371,86.48648648648648,5.405405405405405,81.08108108108108
E00138519,531,65,22,43,466,23,443,12.24105461393597,4.143126177024483,8.097928436911488,87.75894538606404,4.3314500941619585,83.42749529190208
E00138520,266,66,34,32,200,14,186,24.81203007518797,12.781954887218044,12.030075187969924,75.18796992481202,5.263157894736842,69.92481203007519
E00138521,362,65,29,36,297,14,283,17.955801104972377,8.011049723756907,9.94475138121547,82.04419889502762,3.867403314917127,78.1767955801105
E00138522,268,59,28,31,209,18,191,22.01492537313433,10.44776119402985,11.567164179104477,77.98507462686567,6.7164179104477615,71.26865671641791
E00138523,292,40,17,23,252,10,242,13.698630136986301,5.821917808219178,7.876712328767123,86.3013698630137,3.4246575342465753,82.87671232876713
E00138524,366,55,24,31,311,18,293,15.027322404371585,6.557377049180328,8.469945355191257,84.97267759562843,4.918032786885246,80.05464480874316
E00138525,297,59,30,29,238,13,225,19.865319865319865,10.1010101010101,9.764309764309765,80.13468013468014,4.377104377104377,75.75757575757575
E00138526,244,32,9,23,212,14,198,13.114754098360656,3.6885245901639343,9.426229508196721,86.88524590163934,5.737704918032787,81.14754098360656
E00138527,335,59,29,30,276,18,258,17.611940298507463,8.656716417910449,8.955223880597014,82.38805970149254,5.3731343283582085,77.01492537313432
E00138528,373,98,48,50,275,34,241,26.273458445040216,12.868632707774799,13.404825737265416,73.7265415549598,9.115281501340483,64.6112600536193
E00138529,309,48,22,26,261,17,244,15.53398058252427,7.119741100323624,8.414239482200648,84.46601941747572,5.501618122977346,78.96440129449837
E00138530,343,54,18,36,289,21,268,15.743440233236154,5.247813411078718,10.495626822157435,84.25655976676384,6.122448979591836,78.134110787172
E00138531,330,46,20,26,284,14,270,13.939393939393941,6.0606060606060606,7.878787878787878,86.06060606060606,4.242424242424243,81.81818181818183
E00138532,401,68,30,38,333,23,310,16.957605985037407,7.4812967581047385,9.476309226932669,83.0423940149626,5.7356608478802995,77.3067331670823
E00138533,242,66,37,29,176,18,158,27.27272727272727,15.289256198347106,11.983471074380166,72.72727272727273,7.43801652892562,65.28925619834712
E00138534,374,58,21,37,316,22,294,15.508021390374333,5.614973262032086,9.893048128342247,84.49197860962568,5.88235294117647,78.6096256684492
E00138536,297,75,26,49,222,20,202,25.252525252525253,8.754208754208754,16.4983164983165,74.74747474747475,6.7340067340067336,68.01346801346801
E00138537,296,50,20,30,246,18,228,16.89189189189189,6.756756756756757,10.135135135135135,83.1081081081081,6.081081081081082,77.02702702702703
E00138538,561,44,10,34,517,33,484,7.8431372549019605,1.7825311942959003,6.0606060606060606,92.15686274509804,5.88235294117647,86.27450980392157
E00138539,445,112,67,45,333,28,305,25.168539325842698,15.056179775280897,10.112359550561797,74.8314606741573,6.292134831460674,68.53932584269663
E00138540,419,102,60,42,317,21,296,24.3436754176611,14.319809069212411,10.023866348448687,75.65632458233891,5.011933174224343,70.64439140811456
E00138541,379,45,12,33,334,13,321,11.87335092348285,3.16622691292876,8.70712401055409,88.12664907651715,3.430079155672823,84.69656992084433
E00138542,441,86,47,39,355,17,338,19.501133786848072,10.657596371882086,8.843537414965986,80.49886621315193,3.8548752834467117,76.64399092970523
E00138543,339,54,26,28,285,14,271,15.929203539823009,7.669616519174041,8.259587020648967,84.070796460177,4.129793510324483,79.9410029498525
E00138544,347,45,13,32,302,21,281,12.968299711815561,3.7463976945244957,9.221902017291066,87.03170028818444,6.051873198847262,80.97982708933718
E00138545,309,73,38,35,236,14,222,23.624595469255663,12.297734627831716,11.326860841423949,76.37540453074433,4.53074433656958,71.84466019417476
E00138546,272,39,12,27,233,10,223,14.338235294117647,4.411764705882353,9.926470588235293,85.66176470588235,3.6764705882352944,81.98529411764706
E00138547,298,75,29,46,223,17,206,25.16778523489933,9.731543624161073,15.436241610738255,74.83221476510067,5.704697986577181,69.12751677852349
E00138548,257,38,12,26,219,22,197,14.785992217898833,4.669260700389105,10.116731517509727,85.21400778210116,8.560311284046692,76.65369649805449
E00138549,318,32,12,20,286,20,266,10.062893081761008,3.7735849056603774,6.289308176100629,89.937106918239,6.289308176100629,83.64779874213836
E00138550,510,103,48,55,407,33,374,20.19607843137255,9.411764705882353,10.784313725490197,79.80392156862746,6.470588235294119,73.33333333333333
E00138551,317,108,64,44,209,28,181,34.06940063091483,20.189274447949526,13.880126182965299,65.93059936908517,8.832807570977918,57.09779179810725
E00138552,217,46,14,32,171,11,160,21.19815668202765,6.451612903225806,14.746543778801843,78.80184331797236,5.0691244239631335,73.73271889400922
E00138553,307,59,21,38,248,32,216,19.218241042345277,6.840390879478828,12.37785016286645,80.78175895765473,10.423452768729643,70.35830618892508
E00138554,231,43,22,21,188,16,172,18.614718614718615,9.523809523809524,9.090909090909092,81.38528138528139,6.926406926406926,74.45887445887446
E00138555,312,26,8,18,286,17,269,8.333333333333332,2.564102564102564,5.769230769230769,91.66666666666666,5.448717948717949,86.21794871794873
E00138556,273,42,19,23,231,17,214,15.384615384615385,6.95970695970696,8.424908424908425,84.61538461538461,6.227106227106227,78.3882783882784
E00138558,354,48,20,28,306,31,275,13.559322033898304,5.649717514124294,7.909604519774012,86.4406779661017,8.757062146892656,77.68361581920904
E00138559,287,47,16,31,240,35,205,16.376306620209057,5.574912891986063,10.801393728222997,83.62369337979094,12.195121951219512,71.42857142857143
E00138560,310,55,25,30,255,24,231,17.741935483870968,8.064516129032258,9.67741935483871,82.25806451612904,7.741935483870968,74.51612903225806
E00138561,350,35,13,22,315,13,302,10,3.7142857142857144,6.2857142857142865,90,3.7142857142857144,86.28571428571429
E00138562,318,43,24,19,275,19,256,13.522012578616351,7.547169811320755,5.9748427672955975,86.47798742138365,5.9748427672955975,80.50314465408806
E00138563,195,72,31,41,123,19,104,36.92307692307693,15.897435897435896,21.025641025641026,63.07692307692307,9.7435897435897445,53.333333333333336
E00138564,588,50,16,34,538,38,500,8.503401360544217,2.7210884353741496,5.782312925170068,91.49659863945578,6.462585034013606,85.03401360544217
E00138565,378,54,16,38,324,19,305,14.285714285714285,4.232804232804233,10.052910052910052,85.71428571428571,5.026455026455026,80.68783068783068
E00138566,339,54,30,24,285,20,265,15.929203539823009,8.849557522123893,7.079646017699115,84.070796460177,5.899705014749262,78.17109144542773
E00138567,456,63,22,41,393,22,371,13.815789473684212,4.824561403508771,8.991228070175438,86.18421052631578,4.824561403508771,81.35964912280701
E00138568,393,80,40,40,313,14,299,20.35623409669211,10.178117048346055,10.178117048346055,79.64376590330788,3.5623409669211195,76.08142493638677
E00138569,336,76,40,36,260,31,229,22.61904761904762,11.904761904761903,10.714285714285714,77.38095238095238,9.226190476190476,68.15476190476191
E00138570,302,57,24,33,245,10,235,18.874172185430464,7.9470198675496695,10.927152317880795,81.12582781456953,3.3112582781456954,77.81456953642383
E00138571,535,75,33,42,460,26,434,14.018691588785046,6.16822429906542,7.850467289719626,85.98130841121495,4.859813084112149,81.12149532710279
E00138572,487,73,38,35,414,30,384,14.989733059548255,7.802874743326489,7.186858316221765,85.01026694045176,6.160164271047227,78.85010266940452
E00138573,361,60,27,33,301,18,283,16.62049861495845,7.479224376731302,9.141274238227147,83.37950138504155,4.986149584487535,78.39335180055402
E00138574,359,50,26,24,309,20,289,13.92757660167131,7.242339832869081,6.685236768802229,86.0724233983287,5.571030640668524,80.50139275766016
E00138575,279,49,24,25,230,14,216,17.562724014336915,8.60215053763441,8.960573476702509,82.43727598566308,5.017921146953405,77.41935483870968
E00138576,340,72,27,45,268,28,240,21.176470588235293,7.941176470588235,13.23529411764706,78.82352941176471,8.235294117647058,70.58823529411765
E00138577,281,53,22,31,228,16,212,18.86120996441281,7.829181494661921,11.032028469750891,81.13879003558719,5.6939501779359425,75.44483985765125
E00138578,396,62,26,36,334,16,318,15.656565656565657,6.565656565656567,9.090909090909092,84.34343434343434,4.040404040404041,80.3030303030303
E00138579,421,52,25,27,369,14,355,12.351543942992874,5.938242280285035,6.413301662707839,87.64845605700712,3.32541567695962,84.32304038004752
E00138580,406,49,18,31,357,16,341,12.068965517241379,4.433497536945813,7.635467980295567,87.93103448275862,3.9408866995073892,83.99014778325123
E00138581,294,64,26,38,230,9,221,21.768707482993197,8.843537414965986,12.925170068027212,78.2312925170068,3.061224489795918,75.17006802721087
E00138582,270,45,21,24,225,10,215,16.666666666666664,7.777777777777778,8.88888888888889,83.33333333333334,3.7037037037037033,79.62962962962963
E00138583,283,73,35,38,210,19,191,25.795053003533567,12.36749116607774,13.427561837455832,74.20494699646643,6.713780918727916,67.49116607773851
E00138584,293,74,37,37,219,20,199,25.25597269624573,12.627986348122866,12.627986348122866,74.74402730375427,6.825938566552901,67.91808873720136
E00138585,224,82,44,38,142,12,130,36.607142857142854,19.642857142857142,16.964285714285715,63.39285714285714,5.357142857142857,58.03571428571429
E00138586,342,71,33,38,271,19,252,20.760233918128655,9.649122807017543,11.11111111111111,79.23976608187134,5.555555555555555,73.68421052631578
E00138587,407,44,20,24,363,24,339,10.81081081081081,4.914004914004914,5.896805896805897,89.1891891891892,5.896805896805897,83.29238329238329
E00138588,308,64,36,28,244,12,232,20.77922077922078,11.688311688311687,9.090909090909092,79.22077922077922,3.896103896103896,75.32467532467533
E00138589,310,56,31,25,254,10,244,18.064516129032256,10,8.064516129032258,81.93548387096774,3.225806451612903,78.70967741935485
E00138590,451,77,47,30,374,24,350,17.073170731707318,10.42128603104213,6.651884700665188,82.92682926829268,5.321507760532151,77.60532150776052
E00138591,258,48,19,29,210,16,194,18.6046511627907,7.3643410852713185,11.24031007751938,81.3953488372093,6.2015503875969,75.1937984496124
E00138592,469,57,20,37,412,20,392,12.153518123667377,4.264392324093817,7.889125799573561,87.84648187633263,4.264392324093817,83.5820895522388
E00138593,352,38,16,22,314,15,299,10.795454545454545,4.545454545454546,6.25,89.20454545454545,4.261363636363636,84.94318181818183
E00138594,522,73,21,52,449,25,424,13.984674329501914,4.022988505747127,9.961685823754788,86.01532567049809,4.789272030651341,81.22605363984674
E00138595,395,50,19,31,345,28,317,12.658227848101266,4.810126582278481,7.848101265822785,87.34177215189874,7.088607594936709,80.25316455696202
E00138596,332,55,25,30,277,19,258,16.566265060240966,7.530120481927711,9.036144578313253,83.43373493975903,5.72289156626506,77.71084337349397
E00138597,404,34,16,18,370,23,347,8.415841584158416,3.9603960396039604,4.455445544554455,91.58415841584159,5.693069306930694,85.89108910891089
E00138598,415,110,52,58,305,16,289,26.506024096385545,12.530120481927712,13.975903614457833,73.49397590361446,3.8554216867469884,69.63855421686746
E00138599,327,52,16,36,275,26,249,15.902140672782874,4.892966360856269,11.009174311926607,84.09785932721712,7.951070336391437,76.14678899082568
E00138600,293,43,14,29,250,16,234,14.675767918088736,4.778156996587031,9.897610921501707,85.32423208191126,5.460750853242321,79.86348122866895
E00138601,300,45,18,27,255,19,236,15,6,9,85,6.333333333333334,78.66666666666666
E00138602,289,32,9,23,257,16,241,11.072664359861593,3.1141868512110724,7.958477508650519,88.92733564013841,5.536332179930796,83.39100346020761
E00138603,326,56,25,31,270,17,253,17.177914110429448,7.668711656441718,9.509202453987731,82.82208588957054,5.214723926380368,77.60736196319019
E00138604,354,79,28,51,275,19,256,22.316384180790962,7.909604519774012,14.40677966101695,77.68361581920904,5.367231638418079,72.31638418079096
E00138605,350,51,21,30,299,24,275,14.571428571428571,6,8.571428571428571,85.42857142857143,6.857142857142858,78.57142857142857
E00138606,298,37,12,25,261,22,239,12.416107382550337,4.026845637583892,8.389261744966444,87.58389261744966,7.38255033557047,80.20134228187919
E00138607,379,70,30,40,309,23,286,18.46965699208443,7.9155672823219,10.554089709762533,81.53034300791556,6.068601583113456,75.46174142480211
E00138608,339,42,14,28,297,21,276,12.389380530973451,4.129793510324483,8.259587020648967,87.61061946902655,6.1946902654867255,81.41592920353983
E00138609,369,44,19,25,325,19,306,11.924119241192411,5.149051490514905,6.775067750677506,88.07588075880759,5.149051490514905,82.92682926829268
E00138610,353,43,19,24,310,21,289,12.181303116147308,5.382436260623229,6.79886685552408,87.81869688385268,5.94900849858357,81.86968838526913
E00138611,338,23,7,16,315,14,301,6.8047337278106506,2.0710059171597637,4.733727810650888,93.19526627218934,4.142011834319527,89.05325443786982
E00138612,306,65,27,38,241,9,232,21.241830065359476,8.823529411764707,12.418300653594772,78.75816993464052,2.941176470588235,75.81699346405229
E00138613,352,67,32,35,285,8,277,19.03409090909091,9.090909090909092,9.943181818181818,80.9659090909091,2.272727272727273,78.69318181818183
E00138614,332,55,28,27,277,18,259,16.566265060240966,8.433734939759036,8.132530120481928,83.43373493975903,5.421686746987952,78.01204819277109
E00138615,395,60,28,32,335,23,312,15.18987341772152,7.088607594936709,8.10126582278481,84.81012658227847,5.822784810126582,78.9873417721519
E00138616,287,57,29,28,230,17,213,19.860627177700348,10.104529616724738,9.75609756097561,80.13937282229965,5.923344947735192,74.21602787456446
E00138617,511,72,31,41,439,29,410,14.090019569471623,6.066536203522505,8.023483365949119,85.90998043052838,5.6751467710371815,80.23483365949119
E00138618,497,85,18,67,412,30,382,17.102615694164992,3.6217303822937628,13.480885311871226,82.897384305835,6.036217303822937,76.86116700201208
E00138619,368,75,26,49,293,12,281,20.380434782608695,7.065217391304348,13.31521739130435,79.61956521739131,3.260869565217391,76.3586956521739
E00138620,253,35,14,21,218,16,202,13.83399209486166,5.533596837944664,8.300395256916996,86.16600790513834,6.324110671936759,79.84189723320159
E00138622,312,35,12,23,277,16,261,11.217948717948719,3.8461538461538463,7.371794871794872,88.78205128205127,5.128205128205128,83.65384615384616
E00138623,267,27,12,15,240,20,220,10.112359550561797,4.49438202247191,5.617977528089887,89.8876404494382,7.490636704119851,82.39700374531836
E00138624,402,59,19,40,343,19,324,14.676616915422885,4.72636815920398,9.950248756218906,85.3233830845771,4.72636815920398,80.59701492537313
E00138625,331,56,17,39,275,26,249,16.91842900302115,5.13595166163142,11.782477341389729,83.08157099697885,7.854984894259818,75.22658610271903
E00138626,288,75,47,28,213,16,197,26.041666666666668,16.319444444444446,9.722222222222223,73.95833333333334,5.555555555555555,68.40277777777779
E00138627,315,43,25,18,272,15,257,13.65079365079365,7.936507936507936,5.714285714285714,86.34920634920636,4.761904761904762,81.58730158730158
E00138628,366,39,12,27,327,26,301,10.655737704918032,3.278688524590164,7.377049180327869,89.34426229508196,7.103825136612022,82.24043715846994
E00138629,378,31,11,20,347,36,311,8.201058201058201,2.91005291005291,5.291005291005291,91.7989417989418,9.523809523809524,82.27513227513228
E00138630,310,53,19,34,257,27,230,17.096774193548388,6.129032258064516,10.967741935483872,82.9032258064516,8.709677419354838,74.19354838709677
E00138632,325,46,13,33,279,28,251,14.153846153846153,4,10.153846153846153,85.84615384615385,8.615384615384615,77.23076923076924
E00138633,500,67,25,42,433,35,398,13.4,5,8.4,86.6,7.000000000000001,79.60000000000001
E00138634,314,39,12,27,275,30,245,12.420382165605096,3.821656050955414,8.598726114649681,87.57961783439491,9.554140127388536,78.02547770700637
E00138635,313,63,26,37,250,15,235,20.12779552715655,8.30670926517572,11.821086261980831,79.87220447284345,4.792332268370607,75.07987220447284
E00138636,392,57,18,39,335,33,302,14.540816326530612,4.591836734693878,9.948979591836734,85.45918367346938,8.418367346938775,77.04081632653062
E00138637,332,50,13,37,282,17,265,15.060240963855422,3.91566265060241,11.144578313253012,84.93975903614458,5.120481927710843,79.81927710843374
E00138638,309,27,10,17,282,21,261,8.737864077669903,3.2362459546925564,5.501618122977346,91.2621359223301,6.796116504854369,84.46601941747572
E00138640,292,35,11,24,257,22,235,11.986301369863012,3.767123287671233,8.21917808219178,88.01369863013699,7.534246575342466,80.47945205479452
E00138641,208,22,9,13,186,19,167,10.576923076923077,4.326923076923077,6.25,89.42307692307693,9.134615384615383,80.28846153846155
E00138642,286,28,6,22,258,26,232,9.79020979020979,2.097902097902098,7.6923076923076925,90.20979020979021,9.090909090909092,81.11888111888112
E00138643,219,45,18,27,174,19,155,20.54794520547945,8.21917808219178,12.32876712328767,79.45205479452055,8.67579908675799,70.77625570776256
E00138644,595,83,28,55,512,43,469,13.949579831932773,4.705882352941177,9.243697478991598,86.05042016806723,7.226890756302522,78.82352941176471
E00138645,317,50,21,29,267,15,252,15.772870662460567,6.624605678233439,9.14826498422713,84.22712933753942,4.73186119873817,79.49526813880126
E00138646,240,51,27,24,189,14,175,21.25,11.25,10,78.75,5.833333333333333,72.91666666666666
E00138647,329,40,12,28,289,21,268,12.158054711246201,3.64741641337386,8.51063829787234,87.84194528875379,6.382978723404255,81.45896656534954
E00138648,352,25,4,21,327,20,307,7.1022727272727275,1.1363636363636365,5.965909090909091,92.89772727272727,5.681818181818182,87.2159090909091
E00138649,268,65,31,34,203,15,188,24.253731343283583,11.567164179104477,12.686567164179104,75.74626865671642,5.597014925373134,70.1492537313433
E00138650,306,32,10,22,274,21,253,10.457516339869281,3.2679738562091507,7.18954248366013,89.54248366013073,6.862745098039216,82.6797385620915
E00138651,378,41,17,24,337,28,309,10.846560846560847,4.497354497354497,6.349206349206349,89.15343915343915,7.4074074074074066,81.74603174603175
E00138652,392,129,74,55,263,34,229,32.90816326530612,18.877551020408163,14.030612244897958,67.09183673469387,8.673469387755102,58.41836734693877
E00138653,248,15,0,15,233,9,224,6.048387096774194,0,6.048387096774194,93.95161290322581,3.6290322580645165,90.32258064516128
E00138654,294,33,15,18,261,20,241,11.224489795918368,5.1020408163265305,6.122448979591836,88.77551020408163,6.802721088435375,81.97278911564626
E00138655,383,55,29,26,328,27,301,14.360313315926893,7.5718015665796345,6.7885117493472595,85.6396866840731,7.049608355091384,78.59007832898173
E00138656,310,41,12,29,269,29,240,13.225806451612904,3.870967741935484,9.35483870967742,86.7741935483871,9.35483870967742,77.41935483870968
E00138657,367,46,17,29,321,13,308,12.534059945504087,4.632152588555858,7.901907356948229,87.46594005449592,3.5422343324250685,83.92370572207084
E00138658,292,36,7,29,256,17,239,12.32876712328767,2.3972602739726026,9.931506849315069,87.67123287671232,5.821917808219178,81.84931506849315
E00138659,347,68,34,34,279,21,258,19.596541786743515,9.798270893371757,9.798270893371757,80.403458213256485,6.051873198847262,74.35158501440922
E00138660,341,44,16,28,297,25,272,12.903225806451612,4.69208211143695,8.211143695014663,87.09677419354838,7.331378299120235,79.76539589442815
E00138661,366,62,26,36,304,30,274,16.939890710382514,7.103825136612022,9.836065573770492,83.06010928961749,8.19672131147541,74.86338797814209
E00138662,299,41,13,28,258,19,239,13.712374581939798,4.3478260869565215,9.364548494983277,86.2876254180602,6.354515050167224,79.93311036789298
E00138663,355,31,9,22,324,36,288,8.732394366197182,2.535211267605634,6.197183098591549,91.26760563380282,10.140845070422536,81.12676056338029
E00138664,271,38,10,28,233,16,217,14.022140221402212,3.6900369003690034,10.33210332103321,85.97785977859779,5.904059040590406,80.07380073800738
E00138665,298,44,11,33,254,33,221,14.76510067114094,3.691275167785235,11.073825503355705,85.23489932885906,11.073825503355705,74.16107382550335
E00138666,295,49,16,33,246,25,221,16.610169491525422,5.423728813559322,11.186440677966102,83.38983050847457,8.47457627118644,74.91525423728814
E00138667,342,41,14,27,301,28,273,11.988304093567251,4.093567251461988,7.894736842105263,88.01169590643275,8.187134502923977,79.82456140350878
E00138668,356,50,12,38,306,21,285,14.04494382022472,3.3707865168539324,10.674157303370785,85.95505617977528,5.8988764044943816,80.0561797752809
E00138669,328,52,15,37,276,13,263,15.853658536585366,4.573170731707317,11.28048780487805,84.14634146341463,3.9634146341463414,80.1829268292683
E00138670,314,47,18,29,267,26,241,14.968152866242038,5.7324840764331215,9.235668789808917,85.03184713375796,8.280254777070063,76.75159235668791
E00138671,197,34,8,26,163,18,145,17.258883248730964,4.060913705583756,13.19796954314721,82.74111675126903,9.137055837563452,73.60406091370558
E00138672,302,40,14,26,262,24,238,13.245033112582782,4.635761589403973,8.609271523178808,86.75496688741721,7.9470198675496695,78.80794701986756
E00138673,252,31,3,28,221,11,210,12.3015873015873,1.1904761904761905,11.11111111111111,87.6984126984127,4.365079365079365,83.33333333333334
E00138674,142,18,5,13,124,10,114,12.676056338028168,3.5211267605633805,9.15492957746479,87.32394366197182,7.042253521126761,80.28169014084507
E00138675,348,57,18,39,291,33,258,16.379310344827587,5.172413793103448,11.206896551724139,83.62068965517241,9.482758620689655,74.13793103448276
E00138676,134,27,10,17,107,7,100,20.149253731343283,7.462686567164178,12.686567164179104,79.8507462686567,5.223880597014925,74.6268656716418
E00138677,278,28,9,19,250,23,227,10.071942446043165,3.237410071942446,6.83453237410072,89.92805755395683,8.273381294964029,81.65467625899281
E00138678,150,19,6,13,131,10,121,12.666666666666668,4,8.666666666666668,87.33333333333333,6.666666666666667,80.66666666666666
E00138679,250,40,15,25,210,20,190,16,6,10,84,8,76
E00138680,118,18,7,11,100,6,94,15.254237288135593,5.932203389830509,9.322033898305085,84.7457627118644,5.084745762711865,79.66101694915254
E00138681,421,51,22,29,370,31,339,12.114014251781473,5.225653206650831,6.88836104513064,87.88598574821853,7.363420427553444,80.52256532066508
E00138682,304,39,11,28,265,32,233,12.828947368421053,3.618421052631579,9.210526315789473,87.17105263157895,10.526315789473683,76.64473684210526
E00138683,355,45,14,31,310,27,283,12.676056338028168,3.943661971830986,8.732394366197182,87.32394366197182,7.605633802816901,79.71830985915493
E00138684,200,39,18,21,161,15,146,19.5,9,10.5,80.5,7.5,73
E00138685,336,56,16,40,280,29,251,16.666666666666664,4.761904761904762,11.904761904761903,83.33333333333334,8.630952380952381,74.70238095238095
E00138686,317,34,8,26,283,30,253,10.725552050473187,2.5236593059936907,8.201892744479496,89.27444794952682,9.46372239747634,79.81072555205047
E00138687,301,72,32,40,229,17,212,23.920265780730897,10.631229235880399,13.2890365448505,76.0797342192691,5.647840531561462,70.43189368770764
E00138688,389,77,16,61,312,37,275,19.794344473007712,4.113110539845758,15.681233933161954,80.20565552699229,9.511568123393316,70.69408740359897
E00138689,302,46,6,40,256,32,224,15.2317880794702,1.9867549668874174,13.245033112582782,84.76821192052981,10.596026490066226,74.17218543046357
E00138690,293,71,23,48,222,23,199,24.2320819112628,7.849829351535837,16.38225255972696,75.76791808873719,7.849829351535837,67.91808873720136
E00138691,250,56,21,35,194,20,174,22.400000000000002,8.4,14.000000000000002,77.60000000000001,8,69.6
E00138692,297,75,29,46,222,22,200,25.252525252525253,9.764309764309765,15.488215488215488,74.74747474747475,7.4074074074074066,67.34006734006735
E00138696,290,49,22,27,241,15,226,16.896551724137932,7.586206896551724,9.310344827586208,83.10344827586206,5.172413793103448,77.93103448275862
E00138697,386,59,17,42,327,33,294,15.284974093264248,4.404145077720207,10.880829015544041,84.71502590673575,8.549222797927461,76.16580310880829
E00138698,261,22,4,18,239,29,210,8.42911877394636,1.532567049808429,6.896551724137931,91.57088122605363,11.11111111111111,80.45977011494253
E00138699,314,45,10,35,269,35,234,14.331210191082802,3.1847133757961785,11.146496815286625,85.6687898089172,11.146496815286625,74.52229299363057
E00138700,325,36,11,25,289,26,263,11.076923076923077,3.3846153846153846,7.6923076923076925,88.92307692307693,8,80.92307692307692
E00138701,282,68,29,39,214,20,194,24.113475177304963,10.28368794326241,13.829787234042554,75.88652482269504,7.092198581560284,68.79432624113475
E00138702,296,34,10,24,262,24,238,11.486486486486488,3.3783783783783785,8.108108108108109,88.51351351351352,8.108108108108109,80.4054054054054
E00138703,237,37,12,25,200,18,182,15.611814345991561,5.063291139240507,10.548523206751055,84.38818565400844,7.59493670886076,76.79324894514767
E00138704,253,47,16,31,206,18,188,18.57707509881423,6.324110671936759,12.25296442687747,81.42292490118577,7.114624505928854,74.30830039525692
E00138705,284,47,18,29,237,21,216,16.549295774647888,6.338028169014084,10.211267605633804,83.45070422535211,7.394366197183098,76.05633802816901
E00138706,305,45,14,31,260,24,236,14.754098360655737,4.590163934426229,10.163934426229508,85.24590163934425,7.868852459016394,77.37704918032787
E00138707,311,47,16,31,264,36,228,15.112540192926044,5.144694533762058,9.967845659163988,84.88745980707395,11.57556270096463,73.31189710610933
E00138708,365,66,26,40,299,33,266,18.08219178082192,7.123287671232877,10.95890410958904,81.91780821917808,9.04109589041096,72.87671232876713
E00138709,223,58,34,24,165,18,147,26.00896860986547,15.246636771300448,10.762331838565023,73.99103139013454,8.071748878923767,65.91928251121077
E00138710,315,34,10,24,281,28,253,10.793650793650794,3.1746031746031744,7.6190476190476195,89.20634920634922,8.88888888888889,80.31746031746032
E00138711,307,39,14,25,268,33,235,12.703583061889251,4.5602605863192185,8.143322475570033,87.29641693811075,10.749185667752444,76.54723127035831
E00138712,280,45,19,26,235,22,213,16.071428571428573,6.785714285714286,9.285714285714286,83.92857142857143,7.857142857142857,76.07142857142857
E00138713,244,62,24,38,182,23,159,25.40983606557377,9.836065573770492,15.573770491803279,74.59016393442623,9.426229508196721,65.1639344262295
E00138714,287,37,14,23,250,25,225,12.89198606271777,4.878048780487805,8.013937282229964,87.10801393728222,8.710801393728223,78.397212543554
E00138715,299,49,19,30,250,35,215,16.387959866220736,6.354515050167224,10.033444816053512,83.61204013377926,11.705685618729097,71.90635451505017
E00138716,297,70,25,45,227,20,207,23.56902356902357,8.417508417508419,15.151515151515152,76.43097643097643,6.7340067340067336,69.6969696969697
E00138717,359,53,17,36,306,30,276,14.763231197771587,4.735376044568245,10.027855153203342,85.23676880222841,8.356545961002785,76.88022284122563
E00138718,453,78,23,55,375,29,346,17.218543046357617,5.077262693156733,12.141280353200882,82.78145695364239,6.401766004415011,76.37969094922738
E00138719,247,32,10,22,215,22,193,12.955465587044534,4.048582995951417,8.906882591093117,87.04453441295547,8.906882591093117,78.13765182186235
E00138720,338,54,20,34,284,33,251,15.976331360946746,5.9171597633136095,10.059171597633137,84.02366863905326,9.763313609467456,74.2603550295858
E00138721,271,12,2,10,259,23,236,4.428044280442804,0.7380073800738007,3.6900369003690034,95.5719557195572,8.487084870848708,87.08487084870849
E00138722,370,85,57,28,285,38,247,22.972972972972975,15.405405405405407,7.567567567567568,77.02702702702703,10.27027027027027,66.75675675675676
E00138723,328,38,17,21,290,36,254,11.585365853658537,5.182926829268292,6.402439024390244,88.41463414634147,10.975609756097562,77.4390243902439
E00138724,323,36,11,25,287,26,261,11.145510835913312,3.4055727554179565,7.739938080495357,88.85448916408669,8.04953560371517,80.80495356037152
E00138725,314,33,12,21,281,31,250,10.509554140127388,3.821656050955414,6.687898089171974,89.49044585987261,9.872611464968154,79.61783439490446
E00138726,322,34,13,21,288,28,260,10.559006211180124,4.037267080745342,6.521739130434782,89.44099378881988,8.695652173913043,80.74534161490683
E00138727,266,40,13,27,226,23,203,15.037593984962406,4.887218045112782,10.150375939849624,84.9624060150376,8.646616541353383,76.31578947368422
E00138728,272,18,2,16,254,24,230,6.61764705882353,0.7352941176470588,5.88235294117647,93.38235294117648,8.823529411764707,84.55882352941177
E00138729,398,48,10,38,350,38,312,12.060301507537687,2.512562814070352,9.547738693467336,87.93969849246231,9.547738693467336,78.39195979899498
E00138730,330,36,11,25,294,38,256,10.909090909090908,3.3333333333333335,7.575757575757576,89.0909090909091,11.515151515151516,77.57575757575758
E00138731,315,32,11,21,283,30,253,10.158730158730158,3.492063492063492,6.666666666666667,89.84126984126985,9.523809523809524,80.31746031746032
E00138732,256,24,10,14,232,26,206,9.375,3.90625,5.46875,90.625,10.15625,80.46875
E00138733,257,27,7,20,230,17,213,10.505836575875486,2.7237354085603114,7.782101167315175,89.49416342412452,6.614785992217899,82.87937743190662
E00138734,315,52,24,28,263,26,237,16.507936507936506,7.6190476190476195,8.88888888888889,83.4920634920635,8.253968253968253,75.23809523809524
E00138735,339,82,32,50,257,24,233,24.188790560471976,9.43952802359882,14.749262536873156,75.81120943952803,7.079646017699115,68.73156342182891
E00138736,370,58,16,42,312,31,281,15.675675675675677,4.324324324324325,11.351351351351353,84.32432432432432,8.378378378378379,75.94594594594595
E00138737,440,45,7,38,395,42,353,10.227272727272728,1.5909090909090908,8.636363636363637,89.77272727272727,9.545454545454547,80.22727272727272
E00138738,293,75,36,39,218,19,199,25.597269624573375,12.286689419795222,13.310580204778159,74.40273037542661,6.484641638225256,67.91808873720136
E00138739,412,53,19,34,359,32,327,12.864077669902912,4.611650485436893,8.25242718446602,87.13592233009709,7.766990291262135,79.36893203883496
E00138740,403,51,13,38,352,43,309,12.655086848635236,3.225806451612903,9.429280397022332,87.34491315136476,10.669975186104217,76.67493796526055
E00138742,488,80,30,50,408,36,372,16.39344262295082,6.147540983606557,10.245901639344263,83.60655737704919,7.377049180327869,76.22950819672131
E00138743,207,34,13,21,173,13,160,16.425120772946862,6.280193236714976,10.144927536231885,83.57487922705315,6.280193236714976,77.29468599033817
E00138744,351,46,12,34,305,28,277,13.105413105413104,3.418803418803419,9.686609686609685,86.8945868945869,7.977207977207977,78.91737891737893
E00138745,276,43,15,28,233,29,204,15.579710144927535,5.434782608695652,10.144927536231885,84.42028985507247,10.507246376811594,73.91304347826086
E00138746,255,35,14,21,220,32,188,13.725490196078432,5.490196078431373,8.235294117647058,86.27450980392157,12.549019607843137,73.72549019607844
E00138747,260,49,18,31,211,29,182,18.846153846153847,6.923076923076923,11.923076923076923,81.15384615384616,11.153846153846155,70
E00138748,330,49,18,31,281,35,246,14.84848484848485,5.454545454545454,9.393939393939393,85.15151515151516,10.606060606060606,74.54545454545455
E00138749,318,64,23,41,254,43,211,20.125786163522015,7.232704402515723,12.89308176100629,79.87421383647799,13.522012578616351,66.35220125786164
E00138750,332,55,19,36,277,21,256,16.566265060240966,5.72289156626506,10.843373493975903,83.43373493975903,6.325301204819277,77.10843373493977
E00138751,253,48,16,32,205,24,181,18.972332015810274,6.324110671936759,12.648221343873518,81.02766798418972,9.486166007905137,71.54150197628458
E00138752,460,47,9,38,413,31,382,10.217391304347826,1.956521739130435,8.26086956521739,89.78260869565217,6.739130434782608,83.04347826086956
E00138753,438,46,15,31,392,36,356,10.50228310502283,3.4246575342465753,7.077625570776255,89.49771689497716,8.21917808219178,81.27853881278538
E00138754,573,90,40,50,483,42,441,15.706806282722512,6.980802792321117,8.726003490401396,84.29319371727748,7.329842931937172,76.96335078534031
E00138756,248,56,24,32,192,21,171,22.58064516129032,9.67741935483871,12.903225806451612,77.41935483870968,8.46774193548387,68.95161290322581
E00138757,376,35,7,28,341,36,305,9.308510638297872,1.8617021276595744,7.446808510638298,90.69148936170212,9.574468085106384,81.11702127659575
E00138758,248,31,8,23,217,20,197,12.5,3.225806451612903,9.274193548387096,87.5,8.064516129032258,79.43548387096774
E00138759,421,63,19,44,358,43,315,14.964370546318289,4.513064133016627,10.451306413301662,85.03562945368171,10.21377672209026,74.82185273159145
E00138760,170,35,14,21,135,12,123,20.588235294117645,8.235294117647058,12.352941176470589,79.41176470588235,7.0588235294117645,72.35294117647058
E00138761,334,44,15,29,290,19,271,13.17365269461078,4.491017964071856,8.682634730538922,86.82634730538922,5.688622754491018,81.1377245508982
E00138762,144,24,8,16,120,10,110,16.666666666666664,5.555555555555555,11.11111111111111,83.33333333333334,6.944444444444445,76.38888888888889
E00138763,265,28,10,18,237,21,216,10.566037735849058,3.7735849056603774,6.7924528301886795,89.43396226415095,7.9245283018867925,81.50943396226415
E00138764,334,63,35,28,271,21,250,18.862275449101794,10.479041916167663,8.383233532934131,81.1377245508982,6.287425149700598,74.8502994011976
E00138765,171,34,17,17,137,12,125,19.883040935672515,9.941520467836257,9.941520467836257,80.11695906432749,7.017543859649122,73.09941520467837
E00138766,256,64,33,31,192,11,181,25,12.890625,12.109375,75,4.296875,70.703125
E00138767,258,42,15,27,216,20,196,16.27906976744186,5.813953488372093,10.465116279069768,83.72093023255815,7.751937984496124,75.96899224806202
E00138769,236,37,15,22,199,24,175,15.677966101694915,6.3559322033898304,9.322033898305085,84.32203389830508,10.16949152542373,74.15254237288136
E00138771,575,80,20,60,495,48,447,13.91304347826087,3.4782608695652173,10.434782608695652,86.08695652173914,8.347826086956523,77.73913043478261
E00138772,285,49,17,32,236,26,210,17.192982456140353,5.964912280701754,11.228070175438596,82.80701754385966,9.12280701754386,73.68421052631578
E00138773,284,63,25,38,221,13,208,22.183098591549296,8.80281690140845,13.380281690140844,77.8169014084507,4.577464788732395,73.23943661971832
E00138775,482,70,21,49,412,46,366,14.522821576763487,4.356846473029045,10.16597510373444,85.47717842323651,9.54356846473029,75.93360995850622
E00138776,281,61,27,34,220,28,192,21.70818505338078,9.608540925266903,12.099644128113878,78.29181494661923,9.9644128113879,68.32740213523132
E00138778,348,42,14,28,306,25,281,12.068965517241379,4.022988505747127,8.045977011494253,87.93103448275862,7.183908045977011,80.74712643678161
E00138780,301,37,10,27,264,30,234,12.29235880398671,3.322259136212625,8.970099667774086,87.70764119601328,9.966777408637874,77.74086378737542
E00138781,286,38,17,21,248,13,235,13.286713286713287,5.944055944055944,7.3426573426573425,86.7132867132867,4.545454545454546,82.16783216783216
E00138782,343,52,27,25,291,33,258,15.160349854227405,7.871720116618077,7.288629737609329,84.8396501457726,9.620991253644315,75.21865889212827
E00138783,307,71,33,38,236,27,209,23.12703583061889,10.749185667752444,12.37785016286645,76.8729641693811,8.794788273615636,68.07817589576547
E00138784,328,44,18,26,284,38,246,13.414634146341465,5.487804878048781,7.926829268292683,86.58536585365853,11.585365853658537,75
E00138785,605,76,25,51,529,41,488,12.561983471074381,4.132231404958678,8.429752066115702,87.43801652892562,6.776859504132231,80.66115702479338
E00138786,350,44,16,28,306,26,280,12.571428571428573,4.571428571428571,8,87.42857142857143,7.428571428571429,80
E00138787,287,68,35,33,219,15,204,23.693379790940767,12.195121951219512,11.498257839721255,76.30662020905923,5.2264808362369335,71.0801393728223
E00138788,314,58,19,39,256,26,230,18.471337579617835,6.050955414012739,12.420382165605096,81.52866242038218,8.280254777070063,73.24840764331209
E00138789,345,41,11,30,304,30,274,11.884057971014492,3.1884057971014492,8.695652173913043,88.1159420289855,8.695652173913043,79.42028985507247
E00138790,367,45,12,33,322,28,294,12.26158038147139,3.2697547683923704,8.991825613079019,87.73841961852861,7.629427792915531,80.10899182561307
E00138791,436,65,20,45,371,43,328,14.908256880733944,4.587155963302752,10.321100917431194,85.09174311926606,9.862385321100918,75.22935779816514
E00138792,336,51,16,35,285,26,259,15.178571428571427,4.761904761904762,10.416666666666668,84.82142857142857,7.738095238095238,77.08333333333334
E00138793,214,24,10,14,190,12,178,11.214953271028037,4.672897196261682,6.5420560747663545,88.78504672897196,5.607476635514018,83.17757009345794
E00138794,319,80,48,32,239,20,219,25.07836990595611,15.047021943573668,10.031347962382444,74.92163009404389,6.269592476489027,68.65203761755487
E00138795,403,50,19,31,353,37,316,12.40694789081886,4.714640198511166,7.6923076923076925,87.59305210918114,9.181141439205955,78.41191066997519
E00138796,245,54,34,20,191,13,178,22.040816326530614,13.877551020408163,8.16326530612245,77.9591836734694,5.3061224489795915,72.6530612244898
E00138797,353,57,19,38,296,36,260,16.147308781869686,5.382436260623229,10.764872521246458,83.85269121813032,10.198300283286118,73.65439093484419
E00138798,299,61,16,45,238,25,213,20.401337792642142,5.351170568561873,15.050167224080269,79.59866220735786,8.361204013377927,71.23745819397993
E00138799,327,47,19,28,280,39,241,14.37308868501529,5.81039755351682,8.56269113149847,85.62691131498471,11.926605504587156,73.70030581039755
E00138800,306,47,16,31,259,22,237,15.359477124183007,5.228758169934641,10.130718954248366,84.640522875817,7.18954248366013,77.45098039215686
E00138801,340,38,18,20,302,31,271,11.176470588235295,5.294117647058823,5.88235294117647,88.8235294117647,9.117647058823529,79.70588235294119
E00138802,357,57,16,41,300,26,274,15.966386554621847,4.481792717086835,11.484593837535014,84.03361344537815,7.282913165266107,76.75070028011206
E00138803,293,66,25,41,227,19,208,22.525597269624573,8.532423208191126,13.993174061433447,77.47440273037543,6.484641638225256,70.98976109215018
E00138804,332,56,14,42,276,21,255,16.867469879518072,4.216867469879518,12.650602409638553,83.13253012048193,6.325301204819277,76.80722891566265
E00138805,190,45,18,27,145,12,133,23.684210526315788,9.473684210526317,14.210526315789473,76.31578947368422,6.315789473684211,70
E00138806,268,27,7,20,241,18,223,10.074626865671641,2.6119402985074625,7.462686567164178,89.92537313432835,6.7164179104477615,83.2089552238806
E00138807,281,70,32,38,211,24,187,24.91103202846975,11.387900355871885,13.523131672597867,75.08896797153025,8.540925266903916,66.54804270462633
E00138808,232,28,13,15,204,21,183,12.068965517241379,5.603448275862069,6.4655172413793105,87.93103448275862,9.051724137931034,78.87931034482759
E00138809,197,28,11,17,169,10,159,14.213197969543149,5.583756345177665,8.629441624365482,85.78680203045685,5.0761421319796955,80.71065989847716
E00138810,254,48,19,29,206,26,180,18.89763779527559,7.480314960629922,11.41732283464567,81.10236220472441,10.236220472440944,70.86614173228347
E00138811,321,37,10,27,284,31,253,11.526479750778815,3.115264797507788,8.411214953271028,88.47352024922118,9.657320872274143,78.81619937694704
E00138812,258,41,16,25,217,15,202,15.891472868217054,6.2015503875969,9.689922480620156,84.10852713178295,5.813953488372093,78.29457364341084
E00138813,308,39,17,22,269,19,250,12.662337662337661,5.51948051948052,7.142857142857142,87.33766233766234,6.1688311688311686,81.16883116883116
E00138814,285,63,18,45,222,22,200,22.105263157894736,6.315789473684211,15.789473684210526,77.89473684210526,7.719298245614035,70.17543859649122
E00138815,350,61,27,34,289,27,262,17.42857142857143,7.7142857142857135,9.714285714285714,82.57142857142857,7.7142857142857135,74.85714285714286
E00138816,311,67,22,45,244,19,225,21.54340836012862,7.07395498392283,14.469453376205788,78.45659163987139,6.109324758842444,72.34726688102894
E00138817,250,33,13,20,217,24,193,13.200000000000001,5.2,8,86.8,9.6,77.2
E00138818,203,25,8,17,178,16,162,12.31527093596059,3.9408866995073892,8.374384236453201,87.68472906403942,7.8817733990147785,79.80295566502463
E00138819,283,39,10,29,244,25,219,13.780918727915195,3.53356890459364,10.247349823321555,86.21908127208481,8.8339222614841,77.3851590106007
E00138820,262,42,13,29,220,27,193,16.030534351145036,4.961832061068702,11.068702290076336,83.96946564885496,10.305343511450381,73.66412213740458
E00138821,349,68,27,41,281,32,249,19.484240687679083,7.736389684813753,11.74785100286533,80.51575931232091,9.169054441260744,71.34670487106017
E00138822,308,73,30,43,235,19,216,23.7012987012987,9.740259740259742,13.96103896103896,76.2987012987013,6.1688311688311686,70.12987012987013
E00138823,305,63,25,38,242,23,219,20.655737704918035,8.19672131147541,12.459016393442624,79.34426229508198,7.540983606557377,71.80327868852459
E00138824,312,63,27,36,249,20,229,20.192307692307693,8.653846153846153,11.538461538461538,79.8076923076923,6.41025641025641,73.3974358974359
E00138825,490,77,27,50,413,44,369,15.714285714285714,5.510204081632653,10.204081632653061,84.28571428571429,8.979591836734693,75.3061224489796
E00138826,148,17,6,11,131,8,123,11.486486486486488,4.054054054054054,7.4324324324324325,88.51351351351352,5.405405405405405,83.1081081081081
E00138827,240,51,25,26,189,14,175,21.25,10.416666666666668,10.833333333333334,78.75,5.833333333333333,72.91666666666666
E00138828,498,85,35,50,413,34,379,17.06827309236948,7.028112449799197,10.040160642570282,82.93172690763052,6.827309236947792,76.10441767068274
E00138829,270,40,10,30,230,23,207,14.814814814814813,3.7037037037037033,11.11111111111111,85.18518518518519,8.518518518518519,76.66666666666667
E00138830,265,49,13,36,216,20,196,18.49056603773585,4.905660377358491,13.584905660377359,81.50943396226415,7.547169811320755,73.9622641509434
E00138831,251,31,12,19,220,20,200,12.350597609561753,4.780876494023905,7.569721115537849,87.64940239043824,7.968127490039841,79.6812749003984
E00138832,152,60,33,27,92,11,81,39.473684210526315,21.710526315789476,17.763157894736842,60.526315789473685,7.236842105263158,53.289473684210535
E00138833,309,36,7,29,273,29,244,11.650485436893204,2.26537216828479,9.385113268608414,88.3495145631068,9.385113268608414,78.96440129449837
E00138834,338,51,18,33,287,30,257,15.088757396449704,5.325443786982249,9.763313609467456,84.91124260355029,8.875739644970414,76.03550295857988
E00138835,529,28,15,13,501,13,488,5.293005671077505,2.835538752362949,2.4574669187145557,94.7069943289225,2.4574669187145557,92.24952741020795
E00138836,330,51,17,34,279,25,254,15.454545454545453,5.151515151515151,10.303030303030303,84.54545454545455,7.575757575757576,76.96969696969697
E00138837,341,54,16,38,287,40,247,15.835777126099707,4.69208211143695,11.143695014662756,84.1642228739003,11.730205278592376,72.43401759530792
E00138838,271,39,15,24,232,31,201,14.391143911439114,5.535055350553505,8.856088560885608,85.60885608856088,11.439114391143912,74.16974169741697
E00138839,314,50,17,33,264,27,237,15.92356687898089,5.414012738853503,10.509554140127388,84.07643312101911,8.598726114649681,75.47770700636943
E00138841,311,41,18,23,270,35,235,13.183279742765272,5.787781350482315,7.395498392282958,86.81672025723472,11.254019292604502,75.56270096463022
E00138842,547,48,16,32,499,39,460,8.775137111517367,2.9250457038391224,5.850091407678245,91.22486288848263,7.129798903107861,84.09506398537478
E00138843,384,63,24,39,321,24,297,16.40625,6.25,10.15625,83.59375,6.25,77.34375
E00138844,252,67,30,37,185,19,166,26.58730158730159,11.904761904761903,14.682539682539684,73.4126984126984,7.5396825396825395,65.87301587301587
E00138845,313,59,25,34,254,27,227,18.849840255591054,7.987220447284344,10.86261980830671,81.15015974440894,8.626198083067091,72.52396166134186
E00138846,250,31,10,21,219,23,196,12.4,4,8.4,87.6,9.2,78.4
E00138847,298,72,33,39,226,24,202,24.161073825503358,11.073825503355705,13.087248322147651,75.83892617449665,8.053691275167784,67.78523489932886
E00138848,287,67,27,40,220,23,197,23.34494773519164,9.40766550522648,13.937282229965156,76.65505226480836,8.013937282229964,68.6411149825784
E00138849,256,58,23,35,198,15,183,22.65625,8.984375,13.671875,77.34375,5.859375,71.484375
E00138850,309,35,10,25,274,10,264,11.326860841423949,3.2362459546925564,8.090614886731391,88.67313915857605,3.2362459546925564,85.43689320388349
E00138851,279,31,11,20,248,24,224,11.11111111111111,3.942652329749104,7.168458781362006,88.88888888888889,8.60215053763441,80.28673835125448
E00138852,250,39,14,25,211,21,190,15.6,5.6000000000000005,10,84.39999999999999,8.4,76
E00138853,295,37,9,28,258,20,238,12.54237288135593,3.050847457627119,9.491525423728813,87.45762711864407,6.779661016949152,80.67796610169492
E00138854,315,44,16,28,271,27,244,13.968253968253968,5.079365079365079,8.88888888888889,86.03174603174604,8.571428571428571,77.46031746031747
E00138855,300,105,66,39,195,17,178,35,22,13,65,5.666666666666666,59.333333333333336
E00138856,534,63,18,45,471,48,423,11.797752808988763,3.3707865168539324,8.426966292134832,88.20224719101124,8.98876404494382,79.21348314606742
E00138857,311,39,9,30,272,41,231,12.540192926045016,2.8938906752411575,9.646302250803858,87.45980707395499,13.183279742765272,74.27652733118971
E00138858,275,60,22,38,215,17,198,21.818181818181817,8,13.818181818181818,78.18181818181819,6.181818181818182,72
E00138859,598,73,22,51,525,57,468,12.207357859531772,3.678929765886288,8.528428093645484,87.79264214046822,9.531772575250837,78.26086956521739
E00138860,294,32,10,22,262,21,241,10.884353741496598,3.4013605442176873,7.482993197278912,89.1156462585034,7.142857142857142,81.97278911564626
E00138861,428,44,11,33,384,37,347,10.2803738317757,2.570093457943925,7.710280373831775,89.7196261682243,8.644859813084112,81.07476635514018
E00138862,312,37,11,26,275,28,247,11.858974358974358,3.5256410256410255,8.333333333333332,88.14102564102564,8.974358974358974,79.16666666666666
E00138863,610,96,40,56,514,54,460,15.737704918032788,6.557377049180328,9.180327868852459,84.26229508196721,8.852459016393443,75.40983606557377
E00138864,594,56,8,48,538,52,486,9.427609427609427,1.3468013468013467,8.080808080808081,90.57239057239057,8.754208754208754,81.81818181818183
E00138865,401,60,20,40,341,29,312,14.962593516209477,4.987531172069826,9.975062344139651,85.03740648379052,7.231920199501247,77.80548628428927
E00138866,174,29,7,22,145,15,130,16.666666666666664,4.022988505747127,12.643678160919542,83.33333333333334,8.620689655172415,74.71264367816092
E00138867,279,44,15,29,235,23,212,15.770609318996415,5.376344086021505,10.39426523297491,84.22939068100358,8.24372759856631,75.98566308243727
E00138868,407,62,20,42,345,34,311,15.233415233415235,4.914004914004914,10.319410319410318,84.76658476658476,8.353808353808354,76.41277641277642
E00138869,199,24,10,14,175,16,159,12.060301507537687,5.025125628140704,7.035175879396985,87.93969849246231,8.040201005025125,79.89949748743719
E00138870,540,85,31,54,455,32,423,15.74074074074074,5.7407407407407405,10,84.25925925925925,5.9259259259259265,78.33333333333333
E00138871,385,56,14,42,329,34,295,14.545454545454545,3.6363636363636362,10.909090909090908,85.45454545454545,8.831168831168831,76.62337662337663
E00138872,417,61,15,46,356,26,330,14.628297362110313,3.5971223021582732,11.031175059952037,85.37170263788968,6.235011990407674,79.13669064748201
E00138873,335,63,24,39,272,28,244,18.80597014925373,7.164179104477612,11.641791044776118,81.19402985074626,8.358208955223882,72.83582089552239
E00138874,303,50,15,35,253,36,217,16.5016501650165,4.9504950495049505,11.55115511551155,83.4983498349835,11.881188118811881,71.61716171617162
E00138875,401,54,22,32,347,34,313,13.466334164588527,5.486284289276807,7.98004987531172,86.53366583541147,8.478802992518704,78.05486284289277
E00138876,277,45,12,33,232,17,215,16.24548736462094,4.332129963898916,11.913357400722022,83.75451263537906,6.137184115523466,77.6173285198556
E00138877,410,38,13,25,372,45,327,9.268292682926829,3.1707317073170733,6.097560975609756,90.73170731707317,10.975609756097562,79.75609756097562
E00138878,306,45,16,29,261,38,223,14.705882352941178,5.228758169934641,9.477124183006536,85.29411764705883,12.418300653594772,72.87581699346404
E00138879,460,46,10,36,414,41,373,10,2.1739130434782608,7.82608695652174,90,8.91304347826087,81.08695652173913
E00138880,449,48,16,32,401,39,362,10.690423162583519,3.5634743875278394,7.126948775055679,89.30957683741649,8.68596881959911,80.62360801781738
E00138881,343,86,42,44,257,32,225,25.072886297376094,12.244897959183673,12.82798833819242,74.9271137026239,9.329446064139942,65.59766763848397
E00138882,297,44,14,30,253,25,228,14.814814814814813,4.713804713804714,10.1010101010101,85.18518518518519,8.417508417508419,76.76767676767676
E00138883,481,44,12,32,437,46,391,9.147609147609149,2.494802494802495,6.652806652806653,90.85239085239085,9.563409563409564,81.28898128898129
E00138884,289,83,49,34,206,14,192,28.719723183391004,16.955017301038062,11.76470588235294,71.280276816609,4.844290657439446,66.43598615916954
E00138885,296,67,21,46,229,25,204,22.635135135135133,7.094594594594595,15.54054054054054,77.36486486486487,8.445945945945946,68.91891891891892
E00138886,336,37,13,24,299,28,271,11.011904761904761,3.869047619047619,7.142857142857142,88.98809523809523,8.333333333333332,80.65476190476191
E00138888,264,36,9,27,228,25,203,13.636363636363635,3.4090909090909087,10.227272727272728,86.36363636363636,9.469696969696969,76.89393939393939
E00138889,350,69,29,40,281,28,253,19.714285714285715,8.285714285714285,11.428571428571429,80.28571428571428,8,72.28571428571429
E00138892,171,29,8,21,142,14,128,16.95906432748538,4.678362573099415,12.280701754385964,83.04093567251462,8.187134502923977,74.85380116959064
E00138893,195,33,14,19,162,11,151,16.923076923076923,7.179487179487179,9.7435897435897445,83.07692307692308,5.641025641025641,77.435897435897445
E00138894,167,36,10,26,131,15,116,21.55688622754491,5.9880239520958085,15.568862275449103,78.44311377245509,8.982035928143713,69.46107784431138
E00138895,284,49,17,32,235,25,210,17.253521126760564,5.985915492957746,11.267605633802818,82.74647887323944,8.80281690140845,73.94366197183099
E00138896,276,41,20,21,235,20,215,14.855072463768115,7.246376811594203,7.608695652173914,85.14492753623189,7.246376811594203,77.89855072463769
E00138897,401,86,29,57,315,32,283,21.44638403990025,7.231920199501247,14.214463840399002,78.55361596009975,7.98004987531172,70.57356608478803
E00138898,290,49,22,27,241,25,216,16.896551724137932,7.586206896551724,9.310344827586208,83.10344827586206,8.620689655172415,74.48275862068967
E00138899,126,21,10,11,105,6,99,16.666666666666664,7.936507936507936,8.73015873015873,83.33333333333334,4.761904761904762,78.57142857142857
E00138902,211,22,5,17,189,14,175,10.42654028436019,2.3696682464454977,8.056872037914692,89.57345971563981,6.6350710900473935,82.93838862559242
E00138903,612,80,30,50,532,44,488,13.071895424836603,4.901960784313726,8.169934640522875,86.9281045751634,7.18954248366013,79.73856209150327
E00138904,306,53,21,32,253,33,220,17.320261437908496,6.862745098039216,10.457516339869281,82.6797385620915,10.784313725490197,71.89542483660131
E00138905,416,75,33,42,341,31,310,18.028846153846153,7.9326923076923075,10.096153846153847,81.97115384615384,7.451923076923077,74.51923076923077
E00138906,288,41,15,26,247,24,223,14.23611111111111,5.208333333333334,9.027777777777777,85.76388888888889,8.333333333333332,77.43055555555556
E00138907,379,105,54,51,274,28,246,27.70448548812665,14.24802110817942,13.456464379947231,72.29551451187335,7.387862796833773,64.90765171503958
E00138908,328,53,22,31,275,16,259,16.158536585365855,6.707317073170732,9.451219512195122,83.84146341463415,4.878048780487805,78.96341463414635
E00138909,278,37,6,31,241,30,211,13.309352517985612,2.158273381294964,11.151079136690647,86.6906474820144,10.79136690647482,75.89928057553958
E00138910,283,46,11,35,237,21,216,16.25441696113074,3.8869257950530036,12.36749116607774,83.74558303886926,7.420494699646643,76.32508833922262
E00138911,409,44,13,31,365,42,323,10.757946210268948,3.1784841075794623,7.579462102689487,89.24205378973105,10.268948655256724,78.97310513447434
E00138912,436,60,20,40,376,35,341,13.761467889908257,4.587155963302752,9.174311926605505,86.23853211009175,8.027522935779817,78.21100917431193
E00138913,187,24,8,16,163,17,146,12.834224598930483,4.27807486631016,8.55614973262032,87.16577540106952,9.090909090909092,78.07486631016043
E00138914,328,36,11,25,292,31,261,10.975609756097562,3.353658536585366,7.621951219512195,89.02439024390245,9.451219512195122,79.57317073170732
E00138915,348,45,14,31,303,30,273,12.931034482758621,4.022988505747127,8.908045977011495,87.06896551724138,8.620689655172415,78.44827586206897
E00138916,372,59,20,39,313,24,289,15.86021505376344,5.376344086021505,10.483870967741936,84.13978494623656,6.451612903225806,77.68817204301075
E00138917,422,60,12,48,362,43,319,14.218009478672986,2.843601895734597,11.374407582938389,85.78199052132702,10.189573459715639,75.59241706161137
E00138918,306,43,5,38,263,23,240,14.052287581699346,1.6339869281045754,12.418300653594772,85.94771241830065,7.516339869281046,78.43137254901961
E00138919,333,43,14,29,290,32,258,12.912912912912914,4.2042042042042045,8.708708708708707,87.08708708708708,9.60960960960961,77.47747747747748
E00138920,327,43,15,28,284,32,252,13.149847094801222,4.587155963302752,8.56269113149847,86.85015290519877,9.785932721712538,77.06422018348624
E00138921,319,55,23,32,264,22,242,17.24137931034483,7.210031347962382,10.031347962382444,82.75862068965517,6.896551724137931,75.86206896551724
E00138922,385,71,26,45,314,33,281,18.441558441558442,6.753246753246753,11.688311688311687,81.55844155844156,8.571428571428571,72.98701298701299
E00138923,285,56,22,34,229,20,209,19.649122807017545,7.719298245614035,11.929824561403509,80.35087719298247,7.017543859649122,73.33333333333333
E00138924,318,53,17,36,265,32,233,16.666666666666664,5.345911949685535,11.320754716981133,83.33333333333334,10.062893081761008,73.27044025157232
E00138925,260,36,12,24,224,24,200,13.846153846153847,4.615384615384616,9.230769230769232,86.15384615384616,9.230769230769232,76.92307692307693
E00138926,312,29,11,18,283,30,253,9.294871794871796,3.5256410256410255,5.769230769230769,90.7051282051282,9.615384615384617,81.08974358974359
E00138927,117,24,5,19,93,4,89,20.51282051282051,4.273504273504273,16.23931623931624,79.48717948717949,3.418803418803419,76.06837606837607
E00138928,255,26,7,19,229,23,206,10.196078431372548,2.7450980392156863,7.450980392156863,89.80392156862746,9.019607843137255,80.7843137254902
E00138929,260,37,5,32,223,23,200,14.23076923076923,1.9230769230769231,12.307692307692308,85.76923076923076,8.846153846153847,76.92307692307693
E00138930,228,38,16,22,190,22,168,16.666666666666664,7.017543859649122,9.649122807017543,83.33333333333334,9.649122807017543,73.68421052631578
E00138931,240,44,23,21,196,24,172,18.333333333333332,9.583333333333334,8.75,81.66666666666667,10,71.66666666666667
E00138932,279,47,20,27,232,20,212,16.845878136200717,7.168458781362006,9.67741935483871,83.15412186379928,7.168458781362006,75.98566308243727
E00138933,227,21,0,21,206,27,179,9.251101321585903,0,9.251101321585903,90.7488986784141,11.894273127753303,78.8546255506608
E00169191,398,38,8,30,360,37,323,9.547738693467336,2.0100502512562812,7.537688442211055,90.45226130653266,9.296482412060302,81.15577889447236
E00169192,305,34,12,22,271,22,249,11.147540983606557,3.934426229508197,7.213114754098362,88.85245901639345,7.213114754098362,81.63934426229508
E00169195,264,48,17,31,216,23,193,18.181818181818183,6.4393939393939394,11.742424242424242,81.81818181818183,8.712121212121213,73.10606060606061
E00169196,312,45,19,26,267,18,249,14.423076923076922,6.089743589743589,8.333333333333332,85.57692307692307,5.769230769230769,79.8076923076923
E00169197,325,43,9,34,282,23,259,13.230769230769232,2.769230769230769,10.461538461538462,86.76923076923076,7.076923076923077,79.6923076923077
E00169198,316,37,17,20,279,16,263,11.708860759493671,5.379746835443038,6.329113924050633,88.29113924050634,5.063291139240507,83.22784810126582
E00169199,362,46,21,25,316,26,290,12.70718232044199,5.801104972375691,6.906077348066299,87.29281767955801,7.18232044198895,80.11049723756905
E00169200,425,72,29,43,353,26,327,16.941176470588236,6.8235294117647065,10.117647058823529,83.05882352941177,6.11764705882353,76.94117647058823
E00169201,561,71,23,48,490,45,445,12.655971479500892,4.09982174688057,8.55614973262032,87.34402852049911,8.0213903743315509,79.32263814616756
E00169202,325,53,20,33,272,24,248,16.307692307692307,6.153846153846154,10.153846153846153,83.6923076923077,7.384615384615385,76.3076923076923
E00169203,804,272,81,191,532,100,432,33.83084577114428,10.074626865671641,23.756218905472636,66.16915422885572,12.437810945273633,53.73134328358209
E00169204,867,252,75,177,615,68,547,29.06574394463668,8.650519031141869,20.415224913494807,70.93425605536332,7.8431372549019605,63.091118800461366
E00169228,314,65,29,36,249,14,235,20.70063694267516,9.235668789808917,11.464968152866243,79.29936305732484,4.45859872611465,74.84076433121018
E00169229,291,54,24,30,237,20,217,18.556701030927837,8.24742268041237,10.309278350515463,81.44329896907216,6.872852233676976,74.5704467353952
E00169230,222,28,14,14,194,11,183,12.612612612612612,6.306306306306306,6.306306306306306,87.38738738738738,4.954954954954955,82.43243243243244
E00169231,403,101,53,48,302,16,286,25.06203473945409,13.151364764267989,11.910669975186105,74.93796526054591,3.970223325062035,70.96774193548387
E00169232,342,40,14,26,302,28,274,11.695906432748536,4.093567251461988,7.602339181286549,88.30409356725146,8.187134502923977,80.11695906432749
E00169233,283,60,22,38,223,23,200,21.20141342756184,7.773851590106007,13.427561837455832,78.79858657243817,8.12720848056537,70.6713780918728
E00169234,398,61,26,35,337,35,302,15.326633165829145,6.532663316582915,8.793969849246231,84.67336683417085,8.793969849246231,75.87939698492463
E00169235,311,32,10,22,279,23,256,10.289389067524116,3.215434083601286,7.07395498392283,89.71061093247589,7.395498392282958,82.31511254019293
E00169236,181,20,6,14,161,10,151,11.049723756906078,3.314917127071823,7.734806629834254,88.95027624309392,5.524861878453039,83.42541436464089
E00169239,351,41,17,24,310,20,290,11.68091168091168,4.843304843304843,6.837606837606838,88.31908831908832,5.698005698005698,82.62108262108262
E00169240,304,50,23,27,254,23,231,16.447368421052634,7.565789473684211,8.881578947368421,83.55263157894737,7.565789473684211,75.98684210526315
E00169244,177,13,1,12,164,14,150,7.344632768361582,0.5649717514124294,6.779661016949152,92.65536723163842,7.909604519774012,84.7457627118644
E00169245,559,51,18,33,508,20,488,9.123434704830053,3.2200357781753133,5.903398926654741,90.87656529516994,3.5778175313059033,87.29874776386404
E00169246,370,33,12,21,337,23,314,8.91891891891892,3.2432432432432434,5.675675675675676,91.08108108108108,6.216216216216217,84.86486486486487
E00169247,225,14,5,9,211,20,191,6.222222222222222,2.2222222222222223,4,93.77777777777779,8.88888888888889,84.88888888888889
E00169248,389,23,6,17,366,18,348,5.912596401028278,1.5424164524421593,4.370179948586118,94.08740359897172,4.627249357326478,89.46015424164524
E00169249,366,24,9,15,342,43,299,6.557377049180328,2.459016393442623,4.098360655737705,93.44262295081968,11.748633879781421,81.69398907103826
E00169250,366,36,9,27,330,34,296,9.836065573770492,2.459016393442623,7.377049180327869,90.1639344262295,9.289617486338798,80.87431693989072
E00169251,415,30,11,19,385,21,364,7.228915662650602,2.6506024096385543,4.578313253012048,92.7710843373494,5.0602409638554215,87.71084337349397
E00169252,427,26,4,22,401,34,367,6.0889929742388755,0.936768149882904,5.152224824355972,93.91100702576112,7.962529274004685,85.94847775175644
E00169253,230,18,3,15,212,17,195,7.82608695652174,1.3043478260869565,6.521739130434782,92.17391304347827,7.391304347826087,84.78260869565217
E00169254,460,46,8,38,414,28,386,10,1.7391304347826086,8.26086956521739,90,6.086956521739131,83.91304347826087
E00169255,317,30,7,23,287,11,276,9.46372239747634,2.2082018927444795,7.255520504731862,90.53627760252367,3.4700315457413247,87.06624605678233
E00169256,301,40,14,26,261,9,252,13.2890365448505,4.651162790697675,8.637873754152823,86.71096345514951,2.990033222591362,83.72093023255815
E00169257,447,25,8,17,422,18,404,5.592841163310962,1.7897091722595078,3.803131991051454,94.40715883668904,4.026845637583892,90.38031319910515
E00169258,298,40,16,24,258,16,242,13.422818791946309,5.369127516778524,8.053691275167784,86.57718120805369,5.369127516778524,81.20805369127517
E00169259,406,59,28,31,347,21,326,14.532019704433496,6.896551724137931,7.635467980295567,85.4679802955665,5.172413793103448,80.29556650246306
E00169260,285,47,20,27,238,9,229,16.49122807017544,7.017543859649122,9.473684210526317,83.50877192982456,3.1578947368421053,80.35087719298247
E00169261,378,43,22,21,335,14,321,11.375661375661375,5.82010582010582,5.555555555555555,88.62433862433863,3.7037037037037033,84.92063492063492
E00169263,142,14,2,12,128,8,120,9.859154929577464,1.4084507042253522,8.450704225352112,90.14084507042254,5.633802816901409,84.50704225352112
E00169264,177,13,1,12,164,14,150,7.344632768361582,0.5649717514124294,6.779661016949152,92.65536723163842,7.909604519774012,84.7457627118644
E00169265,285,16,7,9,269,13,256,5.614035087719298,2.456140350877193,3.1578947368421053,94.38596491228071,4.56140350877193,89.82456140350877
E00169266,317,16,4,12,301,14,287,5.047318611987381,1.2618296529968454,3.7854889589905363,94.95268138801262,4.416403785488959,90.53627760252367
E00169267,131,11,7,4,120,9,111,8.396946564885496,5.343511450381679,3.0534351145038165,91.6030534351145,6.870229007633588,84.7328244274809
E00169269,388,37,13,24,351,26,325,9.536082474226804,3.350515463917526,6.185567010309279,90.4639175257732,6.701030927835052,83.76288659793815
E00169270,407,62,19,43,345,37,308,15.233415233415235,4.668304668304668,10.565110565110565,84.76658476658476,9.090909090909092,75.67567567567568
E00169271,507,39,16,23,468,29,439,7.6923076923076925,3.155818540433925,4.536489151873767,92.3076923076923,5.719921104536489,86.58777120315581
E00169272,265,33,16,17,232,20,212,12.452830188679245,6.037735849056604,6.415094339622642,87.54716981132076,7.547169811320755,80
E00169273,274,26,4,22,248,22,226,9.48905109489051,1.4598540145985401,8.02919708029197,90.51094890510949,8.02919708029197,82.48175182481752
E00169275,302,24,11,13,278,16,262,7.9470198675496695,3.642384105960265,4.304635761589404,92.05298013245033,5.298013245033113,86.75496688741721
E00169276,256,50,27,23,206,6,200,19.53125,10.546875,8.984375,80.46875,2.34375,78.125
E00169277,431,19,4,15,412,11,401,4.408352668213457,0.9280742459396751,3.480278422273782,95.59164733178655,2.5522041763341066,93.03944315545245
E00169278,531,108,57,51,423,29,394,20.33898305084746,10.734463276836157,9.6045197740113,79.66101694915254,5.4613935969868175,74.19962335216572
E00169279,271,49,23,26,222,17,205,18.081180811808117,8.487084870848708,9.59409594095941,81.91881918819189,6.273062730627306,75.64575645756457
E00169281,185,37,15,22,148,8,140,20,8.108108108108109,11.891891891891893,80,4.324324324324325,75.67567567567568
E00169282,370,28,7,21,342,24,318,7.567567567567568,1.891891891891892,5.675675675675676,92.43243243243244,6.486486486486487,85.94594594594595
E00169283,202,32,7,25,170,16,154,15.841584158415841,3.4653465346534658,12.376237623762377,84.15841584158416,7.920792079207921,76.23762376237624
E00169284,132,18,6,12,114,8,106,13.636363636363635,4.545454545454546,9.090909090909092,86.36363636363636,6.0606060606060606,80.3030303030303
E00169285,317,32,11,21,285,28,257,10.094637223974763,3.4700315457413247,6.624605678233439,89.90536277602523,8.832807570977918,81.07255520504731
E00169286,607,47,15,32,560,36,524,7.742998352553541,2.471169686985173,5.2718286655683695,92.25700164744646,5.930807248764415,86.32619439868205
E00169287,475,64,14,50,411,26,385,13.473684210526315,2.9473684210526314,10.526315789473683,86.52631578947368,5.473684210526316,81.05263157894737
E00169288,382,59,22,37,323,26,297,15.44502617801047,5.7591623036649215,9.68586387434555,84.55497382198953,6.806282722513089,77.74869109947645
E00169289,342,22,5,17,320,27,293,6.432748538011696,1.461988304093567,4.970760233918129,93.56725146198829,7.894736842105263,85.67251461988305
E00169290,271,33,8,25,238,26,212,12.177121771217712,2.952029520295203,9.22509225092251,87.82287822878229,9.59409594095941,78.22878228782287
E00169291,245,21,4,17,224,18,206,8.571428571428571,1.6326530612244898,6.938775510204081,91.42857142857143,7.346938775510205,84.08163265306122
E00169292,272,32,9,23,240,30,210,11.76470588235294,3.308823529411765,8.455882352941178,88.23529411764706,11.029411764705882,77.20588235294117
E00169293,233,24,7,17,209,12,197,10.300429184549357,3.004291845493562,7.296137339055794,89.69957081545064,5.150214592274678,84.54935622317596
E00169294,186,33,7,26,153,15,138,17.741935483870968,3.763440860215054,13.978494623655912,82.25806451612904,8.064516129032258,74.19354838709677
E00169295,269,50,17,33,219,25,194,18.587360594795538,6.319702602230483,12.267657992565056,81.41263940520446,9.293680297397769,72.11895910780669
E00169296,206,42,18,24,164,20,144,20.388349514563107,8.737864077669903,11.650485436893204,79.6116504854369,9.70873786407767,69.90291262135922
E00169297,390,126,84,42,264,29,235,32.30769230769231,21.53846153846154,10.76923076923077,67.6923076923077,7.435897435897436,60.256410256410255
E00169298,363,36,9,27,327,24,303,9.917355371900827,2.479338842975207,7.43801652892562,90.08264462809917,6.6115702479338845,83.47107438016529
E00169299,370,35,14,21,335,24,311,9.45945945945946,3.783783783783784,5.675675675675676,90.54054054054053,6.486486486486487,84.05405405405405
E00169300,400,31,6,25,369,32,337,7.75,1.5,6.25,92.25,8,84.25
E00169301,395,32,11,21,363,33,330,8.10126582278481,2.7848101265822782,5.3164556962025316,91.89873417721519,8.354430379746836,83.54430379746836
E00169302,423,30,6,24,393,34,359,7.092198581560284,1.4184397163120568,5.673758865248227,92.90780141843972,8.037825059101655,84.86997635933807
E00169303,430,29,8,21,401,25,376,6.744186046511628,1.8604651162790697,4.883720930232558,93.25581395348837,5.813953488372093,87.44186046511628
E00169304,375,33,9,24,342,27,315,8.799999999999999,2.4,6.4,91.2,7.199999999999999,84
E00169305,415,27,6,21,388,31,357,6.506024096385541,1.4457831325301205,5.0602409638554215,93.49397590361446,7.46987951807229,86.02409638554217
E00169306,441,34,7,27,407,23,384,7.709750566893423,1.5873015873015872,6.122448979591836,92.29024943310658,5.215419501133787,87.07482993197279
E00169307,281,26,9,17,255,10,245,9.252669039145907,3.202846975088968,6.049822064056939,90.74733096085409,3.558718861209965,87.18861209964413
E00169308,447,37,14,23,410,34,376,8.277404921700224,3.131991051454139,5.1454138702460845,91.72259507829978,7.606263982102908,84.11633109619687
E00169309,396,89,44,45,307,37,270,22.474747474747474,11.11111111111111,11.363636363636363,77.52525252525253,9.343434343434344,68.18181818181817
E00188951,322,25,2,23,297,32,265,7.763975155279502,0.6211180124223602,7.142857142857142,92.2360248447205,9.937888198757763,82.29813664596274
E00188953,364,44,11,33,320,18,302,12.087912087912088,3.021978021978022,9.065934065934066,87.91208791208791,4.945054945054945,82.96703296703298
E00188954,263,24,10,14,239,30,209,9.125475285171103,3.802281368821293,5.323193916349809,90.8745247148289,11.406844106463879,79.46768060836501
E00188956,424,32,7,25,392,35,357,7.547169811320755,1.650943396226415,5.89622641509434,92.45283018867924,8.254716981132075,84.19811320754717
E00188957,256,21,5,16,235,17,218,8.203125,1.953125,6.25,91.796875,6.640625,85.15625
E00188960,331,30,12,18,301,16,285,9.06344410876133,3.625377643504532,5.438066465256798,90.93655589123867,4.833836858006042,86.10271903323263
E00188961,312,65,14,51,247,28,219,20.833333333333336,4.487179487179487,16.346153846153847,79.16666666666666,8.974358974358974,70.1923076923077
E00188962,286,38,15,23,248,19,229,13.286713286713287,5.244755244755245,8.041958041958042,86.7132867132867,6.643356643356643,80.06993006993007
E00188963,354,14,3,11,340,27,313,3.954802259887006,0.847457627118644,3.1073446327683616,96.045197740113,7.627118644067797,88.4180790960452
E00188966,285,53,19,34,232,21,211,18.596491228070175,6.666666666666667,11.929824561403509,81.40350877192982,7.368421052631578,74.03508771929825
E00188968,319,19,2,17,300,31,269,5.956112852664576,0.6269592476489028,5.329153605015674,94.04388714733543,9.717868338557993,84.32601880877742
E00188970,301,28,10,18,273,26,247,9.30232558139535,3.322259136212625,5.980066445182724,90.69767441860465,8.637873754152823,82.05980066445183
E00188971,304,87,35,52,217,28,189,28.618421052631575,11.513157894736842,17.105263157894736,71.38157894736842,9.210526315789473,62.17105263157895
E00188975,424,41,8,33,383,27,356,9.669811320754718,1.8867924528301887,7.783018867924528,90.33018867924528,6.367924528301887,83.9622641509434
E00188982,143,74,47,27,69,7,62,51.74825174825175,32.86713286713287,18.88111888111888,48.25174825174825,4.895104895104895,43.35664335664335
E00188983,299,23,6,17,276,23,253,7.6923076923076925,2.0066889632107023,5.68561872909699,92.3076923076923,7.6923076923076925,84.61538461538461
E00188985,311,39,12,27,272,25,247,12.540192926045016,3.858520900321544,8.681672025723474,87.45980707395499,8.038585209003216,79.42122186495176
E00188989,381,41,10,31,340,28,312,10.761154855643044,2.6246719160104988,8.136482939632545,89.23884514435696,7.349081364829396,81.88976377952756
E00188991,381,25,7,18,356,26,330,6.561679790026247,1.837270341207349,4.724409448818897,93.43832020997375,6.824146981627297,86.61417322834646
E00188992,314,19,4,15,295,24,271,6.050955414012739,1.2738853503184715,4.777070063694268,93.94904458598727,7.643312101910828,86.30573248407643
E00188996,292,46,16,30,246,33,213,15.753424657534246,5.47945205479452,10.273972602739725,84.24657534246576,11.301369863013697,72.94520547945206
E00188997,307,22,10,12,285,15,270,7.166123778501629,3.257328990228013,3.908794788273615,92.83387622149837,4.88599348534202,87.94788273615634
E00189000,992,117,24,93,875,59,816,11.794354838709678,2.4193548387096775,9.375,88.20564516129032,5.947580645161291,82.25806451612904
E00189006,421,29,6,23,392,27,365,6.88836104513064,1.4251781472684086,5.463182897862233,93.11163895486936,6.413301662707839,86.69833729216153
E00189011,463,38,10,28,425,26,399,8.207343412526997,2.159827213822894,6.047516198704104,91.792656587473,5.615550755939525,86.17710583153347
E00189012,277,28,5,23,249,18,231,10.108303249097473,1.8050541516245486,8.303249097472925,89.89169675090253,6.4981949458483745,83.39350180505414
E00189013,427,45,17,28,382,28,354,10.53864168618267,3.9812646370023423,6.557377049180328,89.46135831381733,6.557377049180328,82.90398126463701
E00189014,252,25,7,18,227,16,211,9.920634920634921,2.7777777777777777,7.142857142857142,90.07936507936508,6.349206349206349,83.73015873015873
E00189016,342,45,19,26,297,18,279,13.157894736842104,5.555555555555555,7.602339181286549,86.8421052631579,5.263157894736842,81.57894736842105
E00189017,361,51,17,34,310,8,302,14.127423822714682,4.7091412742382275,9.418282548476455,85.87257617728532,2.21606648199446,83.65650969529086
E00189019,295,26,5,21,269,23,246,8.813559322033898,1.694915254237288,7.118644067796611,91.18644067796609,7.796610169491526,83.38983050847457
E00189020,338,44,11,33,294,25,269,13.017751479289942,3.2544378698224854,9.763313609467456,86.98224852071006,7.396449704142012,79.58579881656804
E00189021,305,46,10,36,259,13,246,15.081967213114755,3.278688524590164,11.80327868852459,84.91803278688525,4.2622950819672125,80.65573770491802
E00189023,345,33,13,20,312,30,282,9.565217391304348,3.768115942028986,5.797101449275362,90.43478260869566,8.695652173913043,81.73913043478261
E00189025,352,29,5,24,323,28,295,8.238636363636363,1.4204545454545454,6.8181818181818175,91.76136363636364,7.954545454545454,83.80681818181817
E00189026,285,51,23,28,234,10,224,17.894736842105264,8.070175438596491,9.824561403508772,82.10526315789474,3.508771929824561,78.59649122807018
E00189029,301,23,3,20,278,19,259,7.641196013289036,0.9966777408637874,6.64451827242525,92.35880398671097,6.312292358803987,86.04651162790698
E00189032,122,23,5,18,99,15,84,18.852459016393443,4.098360655737705,14.754098360655737,81.14754098360656,12.295081967213115,68.85245901639344
E00189033,380,88,56,32,292,22,270,23.157894736842106,14.736842105263156,8.421052631578947,76.84210526315789,5.7894736842105265,71.05263157894737
E00189034,133,13,2,11,120,7,113,9.774436090225564,1.5037593984962405,8.270676691729323,90.22556390977444,5.263157894736842,84.9624060150376
E00189035,331,38,8,30,293,23,270,11.48036253776435,2.416918429003021,9.06344410876133,88.51963746223565,6.948640483383686,81.57099697885197
E00189036,336,35,8,27,301,23,278,10.416666666666668,2.380952380952381,8.035714285714286,89.58333333333334,6.845238095238096,82.73809523809523
E00189037,327,80,56,24,247,18,229,24.464831804281346,17.12538226299694,7.339449541284404,75.53516819571865,5.5045871559633035,70.03058103975535
E00189038,498,54,18,36,444,33,411,10.843373493975903,3.614457831325301,7.228915662650602,89.1566265060241,6.626506024096386,82.53012048192771
E00189039,588,60,13,47,528,33,495,10.204081632653061,2.2108843537414966,7.993197278911565,89.79591836734694,5.612244897959184,84.18367346938776
E00189043,327,24,8,16,303,22,281,7.339449541284404,2.4464831804281344,4.892966360856269,92.66055045871559,6.727828746177369,85.93272171253822
E00189045,372,31,8,23,341,18,323,8.333333333333332,2.1505376344086025,6.182795698924731,91.66666666666666,4.838709677419355,86.82795698924731
E00189048,292,31,12,19,261,23,238,10.616438356164384,4.10958904109589,6.506849315068493,89.38356164383562,7.876712328767123,81.5068493150685
E00189049,373,34,12,22,339,12,327,9.115281501340483,3.2171581769436997,5.898123324396782,90.88471849865952,3.2171581769436997,87.66756032171583
E00189050,370,37,16,21,333,16,317,10,4.324324324324325,5.675675675675676,90,4.324324324324325,85.67567567567568
E00189052,301,27,10,17,274,13,261,8.970099667774086,3.322259136212625,5.647840531561462,91.0299003322259,4.318936877076411,86.71096345514951
E00189055,245,26,5,21,219,18,201,10.612244897959183,2.0408163265306123,8.571428571428571,89.38775510204081,7.346938775510205,82.0408163265306
E00189058,298,19,7,12,279,16,263,6.375838926174497,2.348993288590604,4.026845637583892,93.6241610738255,5.369127516778524,88.25503355704699
E00189060,382,23,5,18,359,30,329,6.020942408376963,1.3089005235602094,4.712041884816754,93.97905759162303,7.853403141361256,86.12565445026178
E00189064,334,29,6,23,305,29,276,8.682634730538922,1.7964071856287425,6.88622754491018,91.31736526946108,8.682634730538922,82.63473053892216
E00189066,321,28,8,20,293,33,260,8.722741433021806,2.4922118380062304,6.230529595015576,91.27725856697819,10.2803738317757,80.99688473520249
E00189068,369,38,15,23,331,21,310,10.29810298102981,4.0650406504065035,6.233062330623306,89.70189701897019,5.691056910569105,84.01084010840108
E00189069,287,28,9,19,259,27,232,9.75609756097561,3.1358885017421603,6.620209059233449,90.2439024390244,9.40766550522648,80.8362369337979
E00189072,337,43,18,25,294,21,273,12.759643916913946,5.341246290801187,7.418397626112759,87.24035608308606,6.231454005934718,81.00890207715133
E00189073,398,43,13,30,355,20,335,10.804020100502512,3.2663316582914574,7.537688442211055,89.19597989949749,5.025125628140704,84.17085427135679
E00189074,465,178,68,110,287,20,267,38.27956989247312,14.623655913978496,23.655913978494624,61.72043010752688,4.301075268817205,57.41935483870968
E00189075,284,39,12,27,245,12,233,13.732394366197184,4.225352112676056,9.507042253521126,86.26760563380282,4.225352112676056,82.04225352112677
E00189081,315,41,13,28,274,19,255,13.015873015873018,4.1269841269841265,8.88888888888889,86.98412698412699,6.031746031746032,80.95238095238095
E00189084,275,35,18,17,240,24,216,12.727272727272727,6.545454545454546,6.181818181818182,87.27272727272727,8.727272727272728,78.54545454545455
E00189085,163,60,39,21,103,8,95,36.809815950920246,23.92638036809816,12.883435582822086,63.190184049079754,4.9079754601226995,58.282208588957054
E00189088,318,31,7,24,287,26,261,9.748427672955975,2.20125786163522,7.547169811320755,90.25157232704403,8.176100628930817,82.0754716981132
E00189089,332,26,6,20,306,24,282,7.83132530120482,1.8072289156626504,6.024096385542169,92.16867469879519,7.228915662650602,84.93975903614458
E00189090,273,21,8,13,252,14,238,7.6923076923076925,2.93040293040293,4.761904761904762,92.3076923076923,5.128205128205128,87.17948717948718
E00189091,180,27,14,13,153,8,145,15,7.777777777777778,7.222222222222221,85,4.444444444444445,80.55555555555556
E00189092,380,40,15,25,340,31,309,10.526315789473683,3.9473684210526314,6.578947368421052,89.47368421052632,8.157894736842106,81.3157894736842
E00189094,298,27,6,21,271,25,246,9.060402684563758,2.013422818791946,7.046979865771812,90.93959731543623,8.389261744966444,82.5503355704698
E00189095,266,18,2,16,248,17,231,6.7669172932330826,0.7518796992481203,6.015037593984962,93.23308270676691,6.390977443609022,86.8421052631579
E00189096,270,40,14,26,230,9,221,14.814814814814813,5.185185185185185,9.62962962962963,85.18518518518519,3.3333333333333335,81.85185185185185
E00189097,345,12,0,12,333,24,309,3.4782608695652173,0,3.4782608695652173,96.52173913043478,6.956521739130435,89.56521739130436
E00189098,354,81,24,57,273,38,235,22.88135593220339,6.779661016949152,16.101694915254235,77.11864406779661,10.734463276836157,66.38418079096046
E00189105,188,27,9,18,161,9,152,14.361702127659576,4.787234042553192,9.574468085106384,85.63829787234043,4.787234042553192,80.85106382978722
E00189110,337,25,4,21,312,20,292,7.418397626112759,1.1869436201780417,6.231454005934718,92.58160237388724,5.934718100890208,86.64688427299704
E00189112,372,46,17,29,326,24,302,12.365591397849462,4.56989247311828,7.795698924731183,87.63440860215054,6.451612903225806,81.18279569892472
E00189114,389,63,39,24,326,16,310,16.195372750642672,10.025706940874036,6.169665809768637,83.80462724935732,4.113110539845758,79.69151670951156
E00189115,146,78,49,29,68,13,55,53.42465753424658,33.56164383561644,19.863013698630137,46.57534246575342,8.904109589041095,37.67123287671233
E00189116,204,20,7,13,184,13,171,9.803921568627452,3.431372549019608,6.372549019607843,90.19607843137256,6.372549019607843,83.82352941176471
E00189117,349,23,11,12,326,18,308,6.59025787965616,3.151862464183381,3.4383954154727796,93.40974212034384,5.157593123209169,88.25214899713467
E00189118,303,63,11,52,240,21,219,20.792079207920793,3.6303630363036308,17.16171617161716,79.20792079207921,6.9306930693069315,72.27722772277228
E00189119,184,15,4,11,169,13,156,8.152173913043478,2.1739130434782608,5.978260869565218,91.84782608695652,7.065217391304348,84.78260869565217
E00189120,291,11,0,11,280,17,263,3.7800687285223367,0,3.7800687285223367,96.21993127147766,5.841924398625429,90.37800687285224
E00189121,169,13,4,9,156,9,147,7.6923076923076925,2.366863905325444,5.325443786982249,92.3076923076923,5.325443786982249,86.98224852071006
E00189126,389,60,32,28,329,23,306,15.424164524421593,8.226221079691516,7.197943444730077,84.57583547557842,5.912596401028278,78.66323907455013
E00189127,265,20,9,11,245,25,220,7.547169811320755,3.3962264150943398,4.150943396226415,92.45283018867924,9.433962264150944,83.01886792452831
E00189128,306,31,10,21,275,17,258,10.130718954248366,3.2679738562091507,6.862745098039216,89.86928104575163,5.555555555555555,84.31372549019608
E00189132,250,31,6,25,219,21,198,12.4,2.4,10,87.6,8.4,79.2
E00189133,347,29,14,15,318,18,300,8.357348703170029,4.034582132564841,4.322766570605188,91.64265129682997,5.187319884726225,86.45533141210375
E00189134,330,35,10,25,295,33,262,10.606060606060606,3.0303030303030303,7.575757575757576,89.39393939393939,10,79.39393939393939
E00189136,294,37,9,28,257,16,241,12.585034013605442,3.061224489795918,9.523809523809524,87.41496598639455,5.442176870748299,81.97278911564626
E00189137,310,44,14,30,266,21,245,14.193548387096774,4.516129032258064,9.67741935483871,85.80645161290322,6.774193548387098,79.03225806451613
E00189138,325,32,11,21,293,32,261,9.846153846153847,3.3846153846153846,6.461538461538462,90.15384615384615,9.846153846153847,80.3076923076923
E00189139,146,32,12,20,114,8,106,21.91780821917808,8.21917808219178,13.698630136986301,78.08219178082192,5.47945205479452,72.6027397260274
E00189140,312,70,32,38,242,17,225,22.435897435897438,10.256410256410255,12.179487179487179,77.56410256410257,5.448717948717949,72.11538461538461
E00189141,146,43,21,22,103,13,90,29.45205479452055,14.383561643835616,15.068493150684931,70.54794520547945,8.904109589041095,61.64383561643836
E00189144,363,37,6,31,326,16,310,10.192837465564738,1.6528925619834711,8.539944903581267,89.80716253443526,4.40771349862259,85.39944903581267
E00189145,373,38,16,22,335,21,314,10.187667560321715,4.289544235924933,5.898123324396782,89.81233243967829,5.630026809651475,84.1823056300268
E00189148,366,37,7,30,329,31,298,10.10928961748634,1.912568306010929,8.19672131147541,89.89071038251366,8.469945355191257,81.4207650273224
E00189150,274,49,25,24,225,15,210,17.88321167883212,9.124087591240876,8.75912408759124,82.11678832116789,5.474452554744526,76.64233576642336
E00189153,325,18,6,12,307,27,280,5.538461538461538,1.8461538461538463,3.6923076923076925,94.46153846153847,8.307692307692308,86.15384615384616
E00189154,396,36,10,26,360,34,326,9.090909090909092,2.525252525252525,6.565656565656567,90.9090909090909,8.585858585858585,82.32323232323232
E00189156,354,50,18,32,304,37,267,14.124293785310735,5.084745762711865,9.03954802259887,85.87570621468926,10.451977401129943,75.42372881355932
E00189157,300,38,15,23,262,22,240,12.666666666666668,5,7.666666666666666,87.33333333333333,7.333333333333333,80
E00189158,340,21,3,18,319,28,291,6.176470588235294,0.8823529411764706,5.294117647058823,93.82352941176471,8.235294117647058,85.58823529411764
E00189160,322,26,9,17,296,16,280,8.074534161490684,2.7950310559006213,5.279503105590062,91.92546583850931,4.968944099378882,86.95652173913044
E00189161,311,98,81,17,213,21,192,31.511254019292608,26.04501607717042,5.466237942122187,68.48874598070739,6.752411575562702,61.7363344051447
E00189162,364,51,25,26,313,19,294,14.010989010989011,6.868131868131869,7.142857142857142,85.98901098901099,5.21978021978022,80.76923076923077
E00189163,294,54,14,40,240,31,209,18.367346938775512,4.761904761904762,13.60544217687075,81.63265306122449,10.54421768707483,71.08843537414967
E00189166,289,24,8,16,265,30,235,8.304498269896193,2.768166089965398,5.536332179930796,91.6955017301038,10.380622837370241,81.31487889273356
E00189169,303,18,1,17,285,27,258,5.9405940594059405,0.33003300330033003,5.6105610561056105,94.05940594059405,8.91089108910891,85.14851485148515
E00189170,375,38,8,30,337,27,310,10.133333333333333,2.1333333333333333,8,89.86666666666666,7.199999999999999,82.66666666666667
E00189171,258,27,14,13,231,27,204,10.465116279069768,5.426356589147287,5.038759689922481,89.53488372093024,10.465116279069768,79.06976744186046
E00189172,289,43,12,31,246,26,220,14.878892733564014,4.1522491349480966,10.726643598615917,85.12110726643598,8.996539792387544,76.12456747404845
E00189176,552,92,27,65,460,22,438,16.666666666666664,4.891304347826087,11.77536231884058,83.33333333333334,3.985507246376811,79.34782608695652
E00189177,288,43,10,33,245,21,224,14.930555555555555,3.4722222222222223,11.458333333333332,85.06944444444444,7.291666666666667,77.77777777777779
E00189180,331,40,13,27,291,22,269,12.084592145015106,3.927492447129909,8.157099697885197,87.91540785498489,6.646525679758309,81.2688821752266
E00189181,340,33,12,21,307,19,288,9.705882352941178,3.5294117647058822,6.176470588235294,90.29411764705883,5.588235294117648,84.70588235294117
E00189187,299,10,1,9,289,21,268,3.3444816053511706,0.33444816053511706,3.0100334448160537,96.65551839464884,7.023411371237458,89.63210702341136
E00189190,288,60,20,40,228,20,208,20.833333333333336,6.944444444444445,13.88888888888889,79.16666666666666,6.944444444444445,72.22222222222221
E00189195,356,28,11,17,328,19,309,7.865168539325842,3.089887640449438,4.775280898876404,92.13483146067416,5.337078651685393,86.79775280898876
