OA,ts0590001,ts0590002,ts0590003,ts0590004,ts0590005,ts0590006,ts0590007,ts0590002_PCT,ts0590003_PCT,ts0590004_PCT,ts0590005_PCT,ts0590006_PCT,ts0590007_PCT
E00137248,142,35,10,25,107,87,20,24.647887323943664,7.042253521126761,17.6056338028169,75.35211267605634,61.267605633802816,14.084507042253522
E00137249,156,39,14,25,117,97,20,25,8.974358974358974,16.025641025641026,75,62.17948717948718,12.82051282051282
E00137250,137,42,15,27,95,88,7,30.656934306569344,10.948905109489052,19.708029197080293,69.34306569343066,64.23357664233576,5.109489051094891
E00137251,121,35,17,18,86,79,7,28.92561983471074,14.049586776859504,14.87603305785124,71.07438016528926,65.28925619834712,5.785123966942149
E00137252,120,28,7,21,92,80,12,23.333333333333332,5.833333333333333,17.5,76.66666666666667,66.66666666666666,10
E00137253,227,48,18,30,179,151,28,21.145374449339208,7.929515418502203,13.215859030837004,78.8546255506608,66.51982378854625,12.334801762114537
E00137254,198,48,14,34,150,132,18,24.242424242424242,7.07070707070707,17.17171717171717,75.75757575757575,66.66666666666666,9.090909090909092
E00137255,196,38,15,23,158,134,24,19.387755102040817,7.653061224489796,11.73469387755102,80.61224489795919,68.36734693877551,12.244897959183673
E00137256,155,41,27,14,114,98,16,26.451612903225808,17.419354838709676,9.032258064516128,73.54838709677419,63.2258064516129,10.32258064516129
E00137257,262,69,28,41,193,150,43,26.33587786259542,10.687022900763358,15.648854961832063,73.66412213740458,57.25190839694656,16.412213740458014
E00137260,89,14,7,7,75,65,10,15.730337078651685,7.865168539325842,7.865168539325842,84.26966292134831,73.03370786516854,11.235955056179774
E00137261,309,86,29,57,223,196,27,27.831715210355988,9.385113268608414,18.446601941747574,72.168284789644,63.43042071197411,8.737864077669903
E00137262,170,46,19,27,124,109,15,27.058823529411764,11.176470588235295,15.88235294117647,72.94117647058823,64.11764705882354,8.823529411764707
E00137263,132,29,12,17,103,91,12,21.96969696969697,9.090909090909092,12.878787878787879,78.03030303030303,68.93939393939394,9.090909090909092
E00137264,182,47,14,33,135,117,18,25.82417582417583,7.6923076923076925,18.13186813186813,74.17582417582418,64.28571428571429,9.89010989010989
E00137265,169,45,11,34,124,111,13,26.627218934911244,6.508875739644971,20.118343195266274,73.37278106508876,65.68047337278107,7.6923076923076925
E00137266,281,65,24,41,216,197,19,23.131672597864767,8.540925266903916,14.590747330960854,76.86832740213522,70.1067615658363,6.761565836298933
E00137267,194,48,16,32,146,122,24,24.742268041237114,8.24742268041237,16.49484536082474,75.25773195876289,62.88659793814433,12.371134020618557
E00137268,93,25,6,19,68,61,7,26.881720430107524,6.451612903225806,20.43010752688172,73.11827956989248,65.59139784946237,7.526881720430108
E00137269,131,34,12,22,97,81,16,25.954198473282442,9.16030534351145,16.793893129770993,74.04580152671755,61.832061068702295,12.213740458015266
E00137270,114,35,10,25,79,62,17,30.701754385964914,8.771929824561402,21.929824561403507,69.2982456140351,54.385964912280706,14.912280701754385
E00137271,103,25,9,16,78,62,16,24.271844660194176,8.737864077669903,15.53398058252427,75.72815533980582,60.19417475728155,15.53398058252427
E00137272,104,26,5,21,78,64,14,25,4.807692307692308,20.192307692307693,75,61.53846153846154,13.461538461538462
E00137273,83,24,9,15,59,49,10,28.915662650602407,10.843373493975903,18.072289156626507,71.08433734939759,59.036144578313255,12.048192771084338
E00137274,130,23,13,10,107,89,18,17.692307692307693,10,7.6923076923076925,82.3076923076923,68.46153846153847,13.846153846153847
E00137275,112,14,5,9,98,91,7,12.5,4.464285714285714,8.035714285714286,87.5,81.25,6.25
E00137276,132,29,12,17,103,86,17,21.96969696969697,9.090909090909092,12.878787878787879,78.03030303030303,65.15151515151516,12.878787878787879
E00137277,106,28,10,18,78,69,9,26.41509433962264,9.433962264150944,16.9811320754717,73.58490566037736,65.09433962264151,8.49056603773585
E00137278,103,29,14,15,74,66,8,28.155339805825243,13.592233009708737,14.563106796116504,71.84466019417476,64.07766990291263,7.766990291262135
E00137279,123,22,6,16,101,86,15,17.88617886178862,4.878048780487805,13.008130081300814,82.11382113821138,69.91869918699187,12.195121951219512
E00137280,160,46,18,28,114,93,21,28.749999999999996,11.25,17.5,71.25,58.12500000000001,13.125
E00137281,87,17,6,11,70,64,6,19.54022988505747,6.896551724137931,12.643678160919542,80.45977011494253,73.5632183908046,6.896551724137931
E00137282,212,46,8,38,166,141,25,21.69811320754717,3.7735849056603774,17.92452830188679,78.30188679245283,66.50943396226415,11.79245283018868
E00137283,119,45,22,23,74,50,24,37.81512605042017,18.487394957983195,19.327731092436977,62.18487394957983,42.016806722689076,20.168067226890756
E00137284,195,47,18,29,148,111,37,24.102564102564102,9.230769230769232,14.871794871794872,75.8974358974359,56.92307692307692,18.974358974358974
E00137285,144,41,18,23,103,64,39,28.47222222222222,12.5,15.972222222222221,71.52777777777779,44.44444444444444,27.083333333333332
E00137286,160,41,17,24,119,93,26,25.624999999999996,10.625,15,74.375,58.12500000000001,16.25
E00137287,153,33,15,18,120,91,29,21.568627450980394,9.803921568627452,11.76470588235294,78.43137254901961,59.47712418300654,18.954248366013072
E00137288,121,44,16,28,77,60,17,36.36363636363637,13.223140495867769,23.140495867768596,63.63636363636363,49.586776859504134,14.049586776859504
E00137289,119,37,17,20,82,61,21,31.092436974789916,14.285714285714285,16.80672268907563,68.90756302521008,51.26050420168067,17.647058823529413
E00137290,89,18,8,10,71,59,12,20.224719101123593,8.98876404494382,11.235955056179774,79.7752808988764,66.29213483146067,13.48314606741573
E00137291,127,53,20,33,74,61,13,41.732283464566926,15.748031496062993,25.984251968503933,58.26771653543307,48.031496062992126,10.236220472440944
E00137292,138,47,17,30,91,79,12,34.05797101449276,12.318840579710146,21.73913043478261,65.94202898550725,57.2463768115942,8.695652173913043
E00137294,159,39,14,25,120,106,14,24.528301886792452,8.80503144654088,15.723270440251572,75.47169811320755,66.66666666666666,8.80503144654088
E00137295,146,47,15,32,99,85,14,32.19178082191781,10.273972602739725,21.91780821917808,67.8082191780822,58.21917808219178,9.58904109589041
E00137296,151,45,14,31,106,86,20,29.80132450331126,9.271523178807946,20.52980132450331,70.19867549668875,56.95364238410596,13.245033112582782
E00137297,193,34,15,19,159,130,29,17.616580310880828,7.772020725388601,9.844559585492227,82.38341968911918,67.35751295336787,15.025906735751295
E00137298,127,36,10,26,91,74,17,28.346456692913385,7.874015748031496,20.47244094488189,71.65354330708661,58.26771653543307,13.385826771653544
E00137299,115,34,14,20,81,61,20,29.565217391304348,12.173913043478262,17.391304347826086,70.43478260869566,53.04347826086957,17.391304347826086
E00137300,161,52,28,24,109,70,39,32.298136645962735,17.391304347826086,14.906832298136646,67.70186335403726,43.47826086956522,24.22360248447205
E00137302,159,46,16,30,113,77,36,28.930817610062892,10.062893081761008,18.867924528301888,71.0691823899371,48.42767295597484,22.641509433962266
E00137303,169,49,16,33,120,100,20,28.994082840236686,9.467455621301776,19.526627218934912,71.00591715976331,59.171597633136095,11.834319526627219
E00137304,170,55,16,39,115,94,21,32.35294117647059,9.411764705882353,22.941176470588236,67.64705882352942,55.294117647058826,12.352941176470589
E00137305,168,43,19,24,125,99,26,25.595238095238095,11.30952380952381,14.285714285714285,74.40476190476191,58.92857142857143,15.476190476190476
E00137306,110,24,8,16,86,61,25,21.818181818181817,7.2727272727272725,14.545454545454545,78.18181818181819,55.45454545454545,22.727272727272727
E00137307,168,47,24,23,121,90,31,27.976190476190478,14.285714285714285,13.690476190476192,72.02380952380952,53.57142857142857,18.452380952380953
E00137308,111,37,15,22,74,63,11,33.33333333333333,13.513513513513514,19.81981981981982,66.66666666666666,56.75675675675676,9.90990990990991
E00137309,122,34,10,24,88,66,22,27.86885245901639,8.19672131147541,19.672131147540984,72.1311475409836,54.09836065573771,18.0327868852459
E00137310,152,52,26,26,100,71,29,34.21052631578947,17.105263157894736,17.105263157894736,65.78947368421053,46.71052631578947,19.078947368421055
E00137312,120,40,9,31,80,62,18,33.33333333333333,7.5,25.833333333333336,66.66666666666666,51.66666666666667,15
E00137313,148,43,23,20,105,81,24,29.054054054054053,15.54054054054054,13.513513513513514,70.94594594594594,54.729729729729726,16.216216216216218
E00137314,104,27,13,14,77,65,12,25.961538461538463,12.5,13.461538461538462,74.03846153846155,62.5,11.538461538461538
E00137315,127,42,15,27,85,65,20,33.07086614173229,11.811023622047244,21.25984251968504,66.92913385826772,51.181102362204726,15.748031496062993
E00137316,122,32,10,22,90,70,20,26.229508196721312,8.19672131147541,18.0327868852459,73.77049180327869,57.377049180327866,16.39344262295082
E00137317,197,61,31,30,136,112,24,30.96446700507614,15.736040609137056,15.228426395939088,69.03553299492386,56.852791878172596,12.18274111675127
E00137318,161,41,16,25,120,91,29,25.465838509316768,9.937888198757763,15.527950310559005,74.53416149068323,56.52173913043478,18.012422360248447
E00137319,278,79,38,41,199,165,34,28.41726618705036,13.66906474820144,14.748201438848922,71.58273381294964,59.352517985611506,12.23021582733813
E00137320,206,56,21,35,150,117,33,27.184466019417474,10.194174757281553,16.990291262135923,72.81553398058253,56.79611650485437,16.019417475728158
E00137321,143,41,20,21,102,87,15,28.671328671328673,13.986013986013987,14.685314685314685,71.32867132867133,60.83916083916085,10.48951048951049
E00137322,247,71,21,50,176,138,38,28.74493927125506,8.502024291497975,20.242914979757085,71.25506072874494,55.87044534412956,15.384615384615385
E00137323,146,37,12,25,109,85,24,25.34246575342466,8.21917808219178,17.123287671232877,74.65753424657534,58.21917808219178,16.43835616438356
E00137324,151,31,11,20,120,94,26,20.52980132450331,7.28476821192053,13.245033112582782,79.47019867549669,62.251655629139066,17.218543046357617
E00137325,116,41,12,29,75,63,12,35.3448275862069,10.344827586206897,25,64.65517241379311,54.310344827586206,10.344827586206897
E00137326,137,33,10,23,104,91,13,24.087591240875913,7.2992700729927,16.78832116788321,75.91240875912408,66.42335766423358,9.48905109489051
E00137327,164,35,7,28,129,112,17,21.341463414634145,4.2682926829268295,17.073170731707318,78.65853658536585,68.29268292682927,10.365853658536585
E00137328,187,47,21,26,140,112,28,25.13368983957219,11.229946524064172,13.903743315508022,74.8663101604278,59.893048128342244,14.973262032085561
E00137329,164,51,16,35,113,103,10,31.097560975609756,9.75609756097561,21.341463414634145,68.90243902439023,62.80487804878049,6.097560975609756
E00137330,200,61,21,40,139,114,25,30.5,10.5,20,69.5,56.99999999999999,12.5
E00137332,165,37,10,27,128,112,16,22.424242424242426,6.0606060606060606,16.363636363636363,77.57575757575758,67.87878787878789,9.696969696969697
E00137333,143,40,22,18,103,73,30,27.972027972027973,15.384615384615385,12.587412587412588,72.02797202797203,51.048951048951054,20.97902097902098
E00137334,182,60,28,32,122,81,41,32.967032967032964,15.384615384615385,17.582417582417584,67.03296703296702,44.505494505494504,22.52747252747253
E00137335,148,47,23,24,101,71,30,31.756756756756754,15.54054054054054,16.216216216216218,68.24324324324324,47.97297297297297,20.27027027027027
E00137336,143,44,11,33,99,78,21,30.76923076923077,7.6923076923076925,23.076923076923077,69.23076923076923,54.54545454545454,14.685314685314685
E00137337,189,56,26,30,133,113,20,29.629629629629626,13.756613756613756,15.873015873015872,70.37037037037037,59.78835978835979,10.582010582010582
E00137338,155,47,27,20,108,83,25,30.32258064516129,17.419354838709676,12.903225806451612,69.6774193548387,53.5483870967742,16.129032258064516
E00137339,138,38,15,23,100,82,18,27.536231884057973,10.869565217391305,16.666666666666664,72.46376811594203,59.42028985507246,13.043478260869565
E00137340,125,31,12,19,94,67,27,24.8,9.6,15.2,75.2,53.6,21.6
E00137341,177,54,19,35,123,87,36,30.508474576271187,10.734463276836157,19.774011299435028,69.49152542372882,49.152542372881356,20.33898305084746
E00137342,120,46,16,30,74,55,19,38.333333333333336,13.333333333333334,25,61.66666666666667,45.83333333333333,15.833333333333332
E00137343,215,52,22,30,163,128,35,24.186046511627907,10.232558139534884,13.953488372093023,75.81395348837209,59.53488372093023,16.27906976744186
E00137344,155,49,24,25,106,79,27,31.61290322580645,15.483870967741936,16.129032258064516,68.38709677419355,50.967741935483865,17.419354838709676
E00137345,182,48,21,27,134,94,40,26.373626373626376,11.538461538461538,14.835164835164836,73.62637362637363,51.64835164835166,21.978021978021978
E00137346,104,38,9,29,66,54,12,36.53846153846153,8.653846153846153,27.884615384615387,63.46153846153846,51.92307692307693,11.538461538461538
E00137347,238,78,41,37,160,117,43,32.773109243697476,17.22689075630252,15.546218487394958,67.22689075630252,49.159663865546214,18.067226890756302
E00137348,177,45,11,34,132,100,32,25.423728813559322,6.214689265536723,19.2090395480226,74.57627118644068,56.49717514124294,18.07909604519774
E00137349,220,52,15,37,168,122,46,23.636363636363637,6.8181818181818175,16.818181818181817,76.36363636363637,55.45454545454545,20.909090909090907
E00137352,124,41,22,19,83,70,13,33.064516129032256,17.741935483870968,15.32258064516129,66.93548387096774,56.451612903225815,10.483870967741936
E00137353,190,64,19,45,126,94,32,33.68421052631579,10,23.684210526315788,66.3157894736842,49.473684210526315,16.842105263157894
E00137354,238,53,15,38,185,167,18,22.268907563025213,6.302521008403361,15.966386554621847,77.73109243697479,70.16806722689076,7.563025210084033
E00137355,154,38,11,27,116,102,14,24.675324675324674,7.142857142857142,17.532467532467532,75.32467532467533,66.23376623376623,9.090909090909092
E00137356,242,58,22,36,184,157,27,23.96694214876033,9.090909090909092,14.87603305785124,76.03305785123968,64.87603305785123,11.15702479338843
E00137357,94,29,5,24,65,62,3,30.851063829787233,5.319148936170213,25.53191489361702,69.14893617021278,65.95744680851064,3.1914893617021276
E00137358,216,42,16,26,174,148,26,19.444444444444446,7.4074074074074066,12.037037037037036,80.55555555555556,68.51851851851852,12.037037037037036
E00137359,156,34,15,19,122,107,15,21.794871794871796,9.615384615384617,12.179487179487179,78.2051282051282,68.58974358974359,9.615384615384617
E00137360,154,33,14,19,121,102,19,21.428571428571427,9.090909090909092,12.337662337662337,78.57142857142857,66.23376623376623,12.337662337662337
E00137361,201,51,23,28,150,137,13,25.37313432835821,11.442786069651742,13.930348258706468,74.6268656716418,68.1592039800995,6.467661691542288
E00137362,166,27,7,20,139,119,20,16.265060240963855,4.216867469879518,12.048192771084338,83.73493975903614,71.6867469879518,12.048192771084338
E00137363,155,42,16,26,113,101,12,27.09677419354839,10.32258064516129,16.7741935483871,72.90322580645162,65.16129032258064,7.741935483870968
E00137364,148,37,4,33,111,91,20,25,2.7027027027027026,22.2972972972973,75,61.48648648648649,13.513513513513514
E00137365,143,40,19,21,103,84,19,27.972027972027973,13.286713286713287,14.685314685314685,72.02797202797203,58.74125874125874,13.286713286713287
E00137366,166,39,15,24,127,102,25,23.49397590361446,9.036144578313253,14.457831325301203,76.50602409638554,61.44578313253012,15.060240963855422
E00137367,128,34,14,20,94,77,17,26.5625,10.9375,15.625,73.4375,60.15625,13.28125
E00137368,169,43,20,23,126,106,20,25.443786982248522,11.834319526627219,13.609467455621301,74.55621301775149,62.721893491124256,11.834319526627219
E00137369,126,40,14,26,86,80,6,31.746031746031743,11.11111111111111,20.634920634920633,68.25396825396825,63.49206349206349,4.761904761904762
E00137370,161,34,10,24,127,113,14,21.11801242236025,6.211180124223603,14.906832298136646,78.88198757763976,70.1863354037267,8.695652173913043
E00137371,166,38,18,20,128,114,14,22.89156626506024,10.843373493975903,12.048192771084338,77.10843373493977,68.67469879518072,8.433734939759036
E00137372,209,54,19,35,155,140,15,25.837320574162682,9.090909090909092,16.74641148325359,74.16267942583733,66.98564593301435,7.177033492822966
E00137373,129,31,14,17,98,91,7,24.031007751937985,10.852713178294573,13.178294573643413,75.96899224806202,70.54263565891473,5.426356589147287
E00137374,292,76,25,51,216,168,48,26.027397260273972,8.561643835616438,17.465753424657535,73.97260273972603,57.534246575342465,16.43835616438356
E00137375,136,43,17,26,93,75,18,31.61764705882353,12.5,19.11764705882353,68.38235294117648,55.14705882352941,13.23529411764706
E00137376,133,48,18,30,85,70,15,36.09022556390977,13.533834586466165,22.55639097744361,63.90977443609023,52.63157894736842,11.278195488721805
E00137377,148,50,17,33,98,83,15,33.78378378378378,11.486486486486488,22.2972972972973,66.21621621621621,56.08108108108109,10.135135135135135
E00137378,214,63,25,38,151,115,36,29.439252336448597,11.682242990654206,17.75700934579439,70.56074766355141,53.73831775700935,16.822429906542055
E00137379,144,31,15,16,113,77,36,21.52777777777778,10.416666666666668,11.11111111111111,78.47222222222221,53.47222222222222,25
E00137380,228,60,26,34,168,150,18,26.31578947368421,11.403508771929824,14.912280701754385,73.68421052631578,65.78947368421053,7.894736842105263
E00137381,247,61,16,45,186,151,35,24.696356275303643,6.477732793522267,18.218623481781375,75.30364372469636,61.1336032388664,14.17004048582996
E00137382,164,47,16,31,117,94,23,28.65853658536585,9.75609756097561,18.902439024390244,71.34146341463415,57.3170731707317,14.02439024390244
E00137383,100,25,11,14,75,67,8,25,11,14.000000000000002,75,67,8
E00137384,153,36,15,21,117,105,12,23.52941176470588,9.803921568627452,13.725490196078432,76.47058823529412,68.62745098039215,7.8431372549019605
E00137385,135,34,14,20,101,85,16,25.185185185185183,10.37037037037037,14.814814814814813,74.81481481481481,62.96296296296296,11.851851851851853
E00137386,137,46,21,25,91,84,7,33.57664233576642,15.328467153284672,18.248175182481752,66.42335766423358,61.31386861313869,5.109489051094891
E00137388,167,49,20,29,118,99,19,29.34131736526946,11.976047904191617,17.365269461077844,70.65868263473054,59.281437125748504,11.377245508982035
E00137389,122,29,8,21,93,77,16,23.770491803278688,6.557377049180328,17.21311475409836,76.22950819672131,63.114754098360656,13.114754098360656
E00137390,123,39,14,25,84,71,13,31.70731707317073,11.38211382113821,20.32520325203252,68.29268292682927,57.72357723577236,10.569105691056912
E00137391,141,28,13,15,113,96,17,19.858156028368796,9.219858156028367,10.638297872340425,80.1418439716312,68.08510638297872,12.056737588652481
E00137392,123,29,4,25,94,82,12,23.577235772357724,3.2520325203252036,20.32520325203252,76.42276422764228,66.66666666666666,9.75609756097561
E00137393,123,31,13,18,92,83,9,25.203252032520325,10.569105691056912,14.634146341463413,74.79674796747967,67.47967479674797,7.317073170731707
E00137394,170,44,18,26,126,116,10,25.882352941176475,10.588235294117647,15.294117647058824,74.11764705882354,68.23529411764706,5.88235294117647
E00137396,164,56,22,34,108,82,26,34.146341463414636,13.414634146341465,20.73170731707317,65.85365853658537,50,15.853658536585366
E00137397,138,31,10,21,107,93,14,22.463768115942027,7.246376811594203,15.217391304347828,77.53623188405797,67.3913043478261,10.144927536231885
E00137398,107,30,12,18,77,69,8,28.037383177570092,11.214953271028037,16.822429906542055,71.96261682242991,64.48598130841121,7.476635514018691
E00137399,129,33,17,16,96,83,13,25.581395348837212,13.178294573643413,12.4031007751938,74.4186046511628,64.34108527131784,10.077519379844961
E00137400,256,79,25,54,177,150,27,30.859375,9.765625,21.09375,69.140625,58.59375,10.546875
E00137401,131,37,10,27,94,78,16,28.24427480916031,7.633587786259542,20.610687022900763,71.7557251908397,59.541984732824424,12.213740458015266
E00137402,273,59,17,42,214,186,28,21.611721611721613,6.227106227106227,15.384615384615385,78.3882783882784,68.13186813186813,10.256410256410255
E00137403,165,26,6,20,139,112,27,15.757575757575756,3.6363636363636362,12.121212121212121,84.24242424242424,67.87878787878789,16.363636363636363
E00137404,106,29,6,23,77,52,25,27.358490566037734,5.660377358490567,21.69811320754717,72.64150943396226,49.056603773584904,23.58490566037736
E00137405,142,30,14,16,112,103,9,21.12676056338028,9.859154929577464,11.267605633802818,78.87323943661971,72.53521126760563,6.338028169014084
E00137406,169,42,19,23,127,102,25,24.85207100591716,11.242603550295858,13.609467455621301,75.14792899408283,60.35502958579882,14.792899408284024
E00137407,167,47,10,37,120,101,19,28.143712574850298,5.9880239520958085,22.15568862275449,71.8562874251497,60.47904191616767,11.377245508982035
E00137408,131,33,16,17,98,80,18,25.190839694656486,12.213740458015266,12.977099236641221,74.80916030534351,61.06870229007634,13.740458015267176
E00137409,135,33,6,27,102,80,22,24.444444444444443,4.444444444444445,20,75.55555555555556,59.25925925925925,16.296296296296298
E00137410,170,43,19,24,127,95,32,25.294117647058822,11.176470588235295,14.117647058823529,74.70588235294117,55.88235294117647,18.823529411764707
E00137411,322,81,28,53,241,192,49,25.15527950310559,8.695652173913043,16.459627329192546,74.84472049689441,59.62732919254658,15.217391304347828
E00137412,242,67,22,45,175,146,29,27.685950413223143,9.090909090909092,18.59504132231405,72.31404958677686,60.33057851239669,11.983471074380166
E00137413,218,60,12,48,158,136,22,27.522935779816514,5.5045871559633035,22.018348623853214,72.47706422018348,62.38532110091744,10.091743119266056
E00137414,276,78,28,50,198,158,40,28.26086956521739,10.144927536231885,18.115942028985508,71.73913043478261,57.2463768115942,14.492753623188406
E00137416,298,77,25,52,221,170,51,25.838926174496645,8.389261744966444,17.449664429530202,74.16107382550335,57.04697986577181,17.114093959731544
E00137418,138,44,18,26,94,81,13,31.88405797101449,13.043478260869565,18.84057971014493,68.11594202898551,58.69565217391305,9.420289855072465
E00137419,181,70,35,35,111,89,22,38.67403314917127,19.337016574585636,19.337016574585636,61.32596685082873,49.171270718232044,12.154696132596685
E00137420,135,50,20,30,85,72,13,37.03703703703704,14.814814814814813,22.22222222222222,62.96296296296296,53.333333333333336,9.62962962962963
E00137421,114,37,12,25,77,72,5,32.45614035087719,10.526315789473683,21.929824561403507,67.54385964912281,63.1578947368421,4.385964912280701
E00137422,69,15,7,8,54,46,8,21.73913043478261,10.144927536231885,11.594202898550725,78.26086956521739,66.66666666666666,11.594202898550725
E00137423,242,67,35,32,175,138,37,27.685950413223143,14.46280991735537,13.223140495867769,72.31404958677686,57.02479338842975,15.289256198347106
E00137424,178,61,23,38,117,96,21,34.26966292134831,12.921348314606742,21.34831460674157,65.73033707865169,53.93258426966292,11.797752808988763
E00137425,100,34,16,18,66,44,22,34,16,18,66,44,22
E00137426,141,42,16,26,99,78,21,29.78723404255319,11.347517730496454,18.439716312056735,70.2127659574468,55.319148936170215,14.893617021276595
E00137427,144,44,15,29,100,72,28,30.555555555555557,10.416666666666668,20.13888888888889,69.44444444444444,50,19.444444444444446
E00137428,178,51,19,32,127,90,37,28.651685393258425,10.674157303370785,17.97752808988764,71.34831460674157,50.56179775280899,20.786516853932586
E00137429,169,61,27,34,108,83,25,36.09467455621302,15.976331360946746,20.118343195266274,63.905325443786985,49.112426035502956,14.792899408284024
E00137430,150,54,20,34,96,79,17,36,13.333333333333334,22.666666666666664,64,52.666666666666664,11.333333333333332
E00137431,75,20,8,12,55,35,20,26.666666666666668,10.666666666666668,16,73.33333333333333,46.666666666666664,26.666666666666668
E00137432,104,31,11,20,73,62,11,29.807692307692307,10.576923076923077,19.230769230769234,70.1923076923077,59.61538461538461,10.576923076923077
E00137433,153,57,27,30,96,80,16,37.254901960784316,17.647058823529413,19.607843137254903,62.745098039215684,52.28758169934641,10.457516339869281
E00137434,144,46,10,36,98,84,14,31.944444444444443,6.944444444444445,25,68.05555555555556,58.333333333333336,9.722222222222223
E00137435,265,63,30,33,202,154,48,23.77358490566038,11.320754716981133,12.452830188679245,76.22641509433963,58.11320754716981,18.11320754716981
E00137436,90,26,6,20,64,60,4,28.888888888888886,6.666666666666667,22.22222222222222,71.11111111111111,66.66666666666666,4.444444444444445
E00137437,95,27,10,17,68,54,14,28.421052631578945,10.526315789473683,17.894736842105264,71.57894736842105,56.84210526315789,14.736842105263156
E00137438,119,39,18,21,80,61,19,32.773109243697476,15.126050420168067,17.647058823529413,67.22689075630252,51.26050420168067,15.966386554621847
E00137439,174,57,22,35,117,89,28,32.758620689655174,12.643678160919542,20.114942528735632,67.24137931034483,51.14942528735632,16.091954022988507
E00137440,225,80,35,45,145,94,51,35.55555555555556,15.555555555555555,20,64.44444444444444,41.77777777777778,22.666666666666664
E00137441,158,42,11,31,116,96,20,26.582278481012654,6.962025316455696,19.62025316455696,73.41772151898735,60.75949367088608,12.658227848101266
E00137442,142,53,24,29,89,70,19,37.32394366197183,16.901408450704224,20.422535211267608,62.676056338028175,49.29577464788733,13.380281690140844
E00137443,182,62,24,38,120,103,17,34.065934065934066,13.186813186813188,20.87912087912088,65.93406593406593,56.59340659340659,9.340659340659341
E00137444,109,24,14,10,85,63,22,22.018348623853214,12.844036697247708,9.174311926605505,77.98165137614679,57.798165137614674,20.18348623853211
E00137445,102,36,15,21,66,49,17,35.294117647058826,14.705882352941178,20.588235294117645,64.70588235294117,48.03921568627451,16.666666666666664
E00137446,137,36,16,20,101,71,30,26.277372262773724,11.678832116788321,14.5985401459854,73.72262773722628,51.82481751824818,21.897810218978105
E00137447,193,46,27,19,147,119,28,23.83419689119171,13.989637305699482,9.844559585492227,76.16580310880829,61.6580310880829,14.507772020725387
E00137448,204,49,14,35,155,123,32,24.019607843137255,6.862745098039216,17.15686274509804,75.98039215686273,60.29411764705882,15.686274509803921
E00137449,211,45,7,38,166,146,20,21.32701421800948,3.3175355450236967,18.009478672985782,78.67298578199052,69.19431279620854,9.47867298578199
E00137450,225,55,19,36,170,144,26,24.444444444444443,8.444444444444445,16,75.55555555555556,64,11.555555555555555
E00137451,165,44,15,29,121,103,18,26.666666666666668,9.090909090909092,17.575757575757574,73.33333333333333,62.42424242424243,10.909090909090908
E00137452,208,62,27,35,146,121,25,29.807692307692307,12.980769230769232,16.826923076923077,70.1923076923077,58.17307692307693,12.01923076923077
E00137453,150,42,16,26,108,87,21,28.000000000000004,10.666666666666668,17.333333333333336,72,57.99999999999999,14.000000000000002
E00137454,88,23,7,16,65,48,17,26.136363636363637,7.954545454545454,18.181818181818183,73.86363636363636,54.54545454545454,19.318181818181817
E00137455,159,48,26,22,111,77,34,30.18867924528302,16.352201257861633,13.836477987421384,69.81132075471697,48.42767295597484,21.38364779874214
E00137456,94,35,12,23,59,38,21,37.234042553191486,12.76595744680851,24.46808510638298,62.76595744680851,40.42553191489361,22.340425531914892
E00137457,236,81,34,47,155,114,41,34.32203389830508,14.40677966101695,19.915254237288135,65.67796610169492,48.30508474576271,17.372881355932204
E00137458,258,69,19,50,189,145,44,26.744186046511626,7.3643410852713185,19.379844961240313,73.25581395348837,56.201550387596896,17.05426356589147
E00137459,199,66,30,36,133,108,25,33.165829145728644,15.07537688442211,18.090452261306535,66.83417085427136,54.2713567839196,12.562814070351758
E00137460,174,48,21,27,126,98,28,27.586206896551722,12.068965517241379,15.517241379310345,72.41379310344827,56.32183908045977,16.091954022988507
E00137461,180,59,24,35,121,91,30,32.77777777777778,13.333333333333334,19.444444444444446,67.22222222222223,50.55555555555556,16.666666666666664
E00137462,179,48,17,31,131,101,30,26.81564245810056,9.497206703910614,17.318435754189945,73.18435754189943,56.424581005586596,16.75977653631285
E00137464,320,85,32,53,235,189,46,26.5625,10,16.5625,73.4375,59.06249999999999,14.374999999999998
E00137465,168,66,25,41,102,81,21,39.285714285714285,14.880952380952381,24.404761904761905,60.71428571428571,48.214285714285715,12.5
E00137466,213,69,22,47,144,109,35,32.3943661971831,10.328638497652582,22.065727699530516,67.6056338028169,51.173708920187785,16.431924882629108
E00137467,129,42,9,33,87,62,25,32.55813953488372,6.976744186046512,25.581395348837212,67.44186046511628,48.06201550387597,19.379844961240313
E00137468,177,46,22,24,131,111,20,25.98870056497175,12.429378531073446,13.559322033898304,74.01129943502825,62.71186440677966,11.299435028248588
E00137469,159,42,20,22,117,100,17,26.41509433962264,12.578616352201259,13.836477987421384,73.58490566037736,62.893081761006286,10.69182389937107
E00137470,124,23,8,15,101,84,17,18.548387096774192,6.451612903225806,12.096774193548388,81.45161290322581,67.74193548387096,13.709677419354838
E00137471,213,56,18,38,157,133,24,26.291079812206576,8.450704225352112,17.84037558685446,73.70892018779342,62.441314553990615,11.267605633802818
E00137472,176,45,22,23,131,111,20,25.568181818181817,12.5,13.068181818181818,74.43181818181817,63.06818181818182,11.363636363636363
E00137473,165,46,12,34,119,104,15,27.878787878787882,7.2727272727272725,20.606060606060606,72.12121212121212,63.030303030303024,9.090909090909092
E00137474,197,50,16,34,147,125,22,25.380710659898476,8.121827411167512,17.258883248730964,74.61928934010153,63.45177664974619,11.16751269035533
E00137475,158,44,12,32,114,91,23,27.848101265822784,7.59493670886076,20.253164556962027,72.15189873417721,57.59493670886076,14.556962025316455
E00137476,163,38,9,29,125,100,25,23.31288343558282,5.521472392638037,17.791411042944784,76.68711656441718,61.34969325153374,15.337423312883436
E00137477,187,54,25,29,133,107,26,28.87700534759358,13.368983957219251,15.508021390374333,71.12299465240642,57.21925133689839,13.903743315508022
E00137479,164,58,20,38,106,82,24,35.36585365853659,12.195121951219512,23.170731707317074,64.63414634146342,50,14.634146341463413
E00137480,165,34,12,22,131,104,27,20.606060606060606,7.2727272727272725,13.333333333333334,79.39393939393939,63.030303030303024,16.363636363636363
E00137481,176,37,16,21,139,96,43,21.022727272727273,9.090909090909092,11.931818181818182,78.97727272727273,54.54545454545454,24.431818181818183
E00137482,101,42,14,28,59,49,10,41.584158415841586,13.861386138613863,27.722772277227726,58.415841584158414,48.51485148514851,9.900990099009901
E00137483,86,34,10,24,52,42,10,39.53488372093023,11.627906976744185,27.906976744186046,60.46511627906976,48.837209302325576,11.627906976744185
E00137484,137,38,10,28,99,80,19,27.73722627737226,7.2992700729927,20.437956204379564,72.26277372262774,58.3941605839416,13.86861313868613
E00137485,128,37,15,22,91,69,22,28.90625,11.71875,17.1875,71.09375,53.90625,17.1875
E00138025,159,39,19,20,120,100,20,24.528301886792452,11.949685534591195,12.578616352201259,75.47169811320755,62.893081761006286,12.578616352201259
E00138026,229,54,16,38,175,155,20,23.580786026200872,6.986899563318777,16.593886462882097,76.41921397379913,67.68558951965066,8.73362445414847
E00138027,213,58,19,39,155,145,10,27.230046948356808,8.92018779342723,18.30985915492958,72.76995305164318,68.07511737089203,4.694835680751173
E00138028,160,34,14,20,126,118,8,21.25,8.75,12.5,78.75,73.75,5
E00138029,216,61,18,43,155,142,13,28.240740740740737,8.333333333333332,19.90740740740741,71.75925925925925,65.74074074074075,6.018518518518518
E00138030,195,47,21,26,148,131,17,24.102564102564102,10.76923076923077,13.333333333333334,75.8974358974359,67.17948717948717,8.717948717948717
E00138031,81,19,5,14,62,53,9,23.456790123456788,6.172839506172839,17.28395061728395,76.5432098765432,65.4320987654321,11.11111111111111
E00138032,170,39,14,25,131,118,13,22.941176470588236,8.235294117647058,14.705882352941178,77.05882352941177,69.41176470588235,7.647058823529412
E00138033,202,43,14,29,159,137,22,21.287128712871286,6.9306930693069315,14.356435643564355,78.71287128712872,67.82178217821783,10.891089108910892
E00138034,170,47,12,35,123,108,15,27.647058823529413,7.0588235294117645,20.588235294117645,72.35294117647058,63.52941176470588,8.823529411764707
E00138035,199,38,10,28,161,134,27,19.09547738693467,5.025125628140704,14.07035175879397,80.90452261306532,67.33668341708542,13.5678391959799
E00138036,188,43,14,29,145,122,23,22.872340425531913,7.446808510638298,15.425531914893616,77.12765957446808,64.8936170212766,12.23404255319149
E00138037,214,57,13,44,157,130,27,26.635514018691588,6.074766355140187,20.5607476635514,73.36448598130842,60.747663551401864,12.616822429906541
E00138038,157,43,15,28,114,96,18,27.388535031847134,9.554140127388536,17.8343949044586,72.61146496815286,61.146496815286625,11.464968152866243
E00138039,198,59,19,40,139,116,23,29.797979797979796,9.595959595959595,20.2020202020202,70.2020202020202,58.58585858585859,11.616161616161616
E00138040,180,39,18,21,141,121,20,21.666666666666668,10,11.666666666666666,78.33333333333333,67.22222222222223,11.11111111111111
E00138041,75,15,6,9,60,56,4,20,8,12,80,74.66666666666667,5.333333333333334
E00138042,207,36,14,22,171,152,19,17.391304347826086,6.763285024154589,10.628019323671497,82.6086956521739,73.42995169082126,9.178743961352657
E00138043,191,48,18,30,143,129,14,25.13089005235602,9.424083769633508,15.706806282722512,74.86910994764398,67.5392670157068,7.329842931937172
E00138044,234,54,20,34,180,161,19,23.076923076923077,8.547008547008547,14.529914529914532,76.92307692307693,68.80341880341881,8.11965811965812
E00138045,193,46,13,33,147,133,14,23.83419689119171,6.7357512953367875,17.098445595854923,76.16580310880829,68.9119170984456,7.253886010362693
E00138046,233,53,26,27,180,155,25,22.746781115879827,11.158798283261802,11.587982832618025,77.25321888412017,66.52360515021459,10.72961373390558
E00138047,181,41,15,26,140,120,20,22.65193370165746,8.287292817679557,14.3646408839779,77.34806629834254,66.29834254143645,11.049723756906078
E00138048,213,43,17,26,170,156,14,20.187793427230048,7.981220657276995,12.206572769953052,79.81220657276995,73.23943661971832,6.572769953051644
E00138049,211,49,14,35,162,148,14,23.22274881516588,6.6350710900473935,16.587677725118482,76.77725118483413,70.14218009478674,6.6350710900473935
E00138050,221,47,13,34,174,155,19,21.266968325791854,5.88235294117647,15.384615384615385,78.73303167420815,70.13574660633483,8.597285067873303
E00138051,223,71,21,50,152,137,15,31.838565022421523,9.417040358744394,22.421524663677133,68.16143497757847,61.43497757847533,6.726457399103139
E00138052,198,53,16,37,145,127,18,26.767676767676768,8.080808080808081,18.68686868686869,73.23232323232324,64.14141414141415,9.090909090909092
E00138053,181,57,18,39,124,103,21,31.491712707182316,9.94475138121547,21.54696132596685,68.50828729281768,56.9060773480663,11.602209944751381
E00138054,232,61,17,44,171,145,26,26.29310344827586,7.327586206896551,18.96551724137931,73.70689655172413,62.5,11.206896551724139
E00138055,197,61,21,40,136,119,17,30.96446700507614,10.65989847715736,20.304568527918782,69.03553299492386,60.40609137055838,8.629441624365482
E00138056,149,49,12,37,100,92,8,32.88590604026846,8.053691275167784,24.832214765100673,67.11409395973155,61.74496644295302,5.369127516778524
E00138057,231,42,11,31,189,174,15,18.181818181818183,4.761904761904762,13.41991341991342,81.81818181818183,75.32467532467533,6.493506493506493
E00138058,170,55,17,38,115,92,23,32.35294117647059,10,22.35294117647059,67.64705882352942,54.11764705882353,13.529411764705882
E00138059,128,25,5,20,103,89,14,19.53125,3.90625,15.625,80.46875,69.53125,10.9375
E00138060,291,73,24,49,218,182,36,25.085910652920962,8.24742268041237,16.83848797250859,74.91408934707904,62.54295532646048,12.371134020618557
E00138061,112,38,17,21,74,70,4,33.92857142857143,15.178571428571427,18.75,66.07142857142857,62.5,3.571428571428571
E00138062,143,24,4,20,119,102,17,16.783216783216783,2.797202797202797,13.986013986013987,83.21678321678321,71.32867132867133,11.888111888111888
E00138063,139,45,14,31,94,79,15,32.37410071942446,10.071942446043165,22.302158273381295,67.62589928057554,56.83453237410072,10.79136690647482
E00138064,196,51,17,34,145,124,21,26.02040816326531,8.673469387755102,17.346938775510203,73.9795918367347,63.26530612244898,10.714285714285714
E00138065,176,53,19,34,123,100,23,30.113636363636363,10.795454545454545,19.318181818181817,69.88636363636364,56.81818181818182,13.068181818181818
E00138066,128,36,21,15,92,80,12,28.125,16.40625,11.71875,71.875,62.5,9.375
E00138067,153,46,16,30,107,97,10,30.065359477124183,10.457516339869281,19.607843137254903,69.93464052287581,63.39869281045751,6.535947712418301
E00138068,199,59,21,38,140,121,19,29.64824120603015,10.552763819095476,19.09547738693467,70.35175879396985,60.80402010050251,9.547738693467336
E00138069,151,50,19,31,101,89,12,33.11258278145696,12.582781456953644,20.52980132450331,66.88741721854305,58.94039735099338,7.9470198675496695
E00138070,155,45,12,33,110,92,18,29.03225806451613,7.741935483870968,21.29032258064516,70.96774193548387,59.354838709677416,11.612903225806452
E00138071,138,41,16,25,97,81,16,29.71014492753623,11.594202898550725,18.115942028985508,70.28985507246377,58.69565217391305,11.594202898550725
E00138072,148,22,11,11,126,117,9,14.864864864864865,7.4324324324324325,7.4324324324324325,85.13513513513513,79.05405405405406,6.081081081081082
E00138073,152,35,6,29,117,95,22,23.026315789473685,3.9473684210526314,19.078947368421055,76.97368421052632,62.5,14.473684210526317
E00138074,189,40,9,31,149,126,23,21.164021164021165,4.761904761904762,16.402116402116402,78.83597883597884,66.66666666666666,12.16931216931217
E00138075,170,51,13,38,119,106,13,30,7.647058823529412,22.35294117647059,70,62.35294117647059,7.647058823529412
E00138076,146,31,10,21,115,94,21,21.232876712328768,6.8493150684931505,14.383561643835616,78.76712328767124,64.38356164383562,14.383561643835616
E00138077,170,59,18,41,111,99,12,34.705882352941174,10.588235294117647,24.11764705882353,65.29411764705883,58.235294117647065,7.0588235294117645
E00138078,157,38,12,26,119,101,18,24.203821656050955,7.643312101910828,16.560509554140125,75.79617834394905,64.3312101910828,11.464968152866243
E00138080,158,53,18,35,105,83,22,33.54430379746836,11.39240506329114,22.151898734177212,66.45569620253164,52.53164556962025,13.924050632911392
E00138081,156,55,20,35,101,83,18,35.256410256410255,12.82051282051282,22.435897435897438,64.74358974358975,53.205128205128204,11.538461538461538
E00138082,164,54,19,35,110,100,10,32.926829268292686,11.585365853658537,21.341463414634145,67.07317073170732,60.97560975609756,6.097560975609756
E00138083,143,48,12,36,95,85,10,33.56643356643357,8.391608391608392,25.174825174825177,66.43356643356644,59.44055944055944,6.993006993006993
E00138084,156,47,11,36,109,92,17,30.128205128205128,7.051282051282051,23.076923076923077,69.87179487179486,58.97435897435898,10.897435897435898
E00138085,146,32,13,19,114,100,14,21.91780821917808,8.904109589041095,13.013698630136986,78.08219178082192,68.4931506849315,9.58904109589041
E00138086,198,54,20,34,144,125,19,27.27272727272727,10.1010101010101,17.17171717171717,72.72727272727273,63.13131313131313,9.595959595959595
E00138087,171,46,11,35,125,109,16,26.900584795321635,6.432748538011696,20.46783625730994,73.09941520467837,63.74269005847953,9.35672514619883
E00138088,166,44,21,23,122,107,15,26.506024096385545,12.650602409638553,13.855421686746988,73.49397590361446,64.45783132530121,9.036144578313253
E00138089,97,25,8,17,72,60,12,25.773195876288657,8.24742268041237,17.525773195876287,74.22680412371135,61.855670103092784,12.371134020618557
E00138090,271,70,19,51,201,184,17,25.830258302583026,7.011070110701106,18.81918819188192,74.16974169741697,67.89667896678966,6.273062730627306
E00138091,138,49,24,25,89,76,13,35.507246376811594,17.391304347826086,18.115942028985508,64.4927536231884,55.072463768115945,9.420289855072465
E00138092,139,48,19,29,91,81,10,34.53237410071942,13.66906474820144,20.863309352517987,65.46762589928058,58.27338129496403,7.1942446043165464
E00138093,132,33,12,21,99,85,14,25,9.090909090909092,15.909090909090908,75,64.39393939393939,10.606060606060606
E00138094,162,37,14,23,125,112,13,22.839506172839506,8.641975308641975,14.19753086419753,77.1604938271605,69.1358024691358,8.024691358024691
E00138095,126,25,5,20,101,94,7,19.841269841269842,3.968253968253968,15.873015873015872,80.15873015873017,74.60317460317461,5.555555555555555
E00138096,96,28,7,21,68,59,9,29.166666666666668,7.291666666666667,21.875,70.83333333333334,61.458333333333336,9.375
E00138097,144,39,10,29,105,99,6,27.083333333333332,6.944444444444445,20.13888888888889,72.91666666666666,68.75,4.166666666666666
E00138098,335,85,24,61,250,220,30,25.37313432835821,7.164179104477612,18.208955223880597,74.6268656716418,65.67164179104478,8.955223880597014
E00138099,124,38,13,25,86,81,5,30.64516129032258,10.483870967741936,20.161290322580644,69.35483870967742,65.32258064516128,4.032258064516129
E00138100,166,40,14,26,126,108,18,24.096385542168676,8.433734939759036,15.66265060240964,75.90361445783132,65.06024096385542,10.843373493975903
E00138101,155,47,17,30,108,92,16,30.32258064516129,10.967741935483872,19.35483870967742,69.6774193548387,59.354838709677416,10.32258064516129
E00138102,175,52,19,33,123,107,16,29.714285714285715,10.857142857142858,18.857142857142858,70.28571428571428,61.142857142857146,9.142857142857142
E00138103,121,36,7,29,85,79,6,29.75206611570248,5.785123966942149,23.96694214876033,70.24793388429752,65.28925619834712,4.958677685950414
E00138104,163,41,11,30,122,108,14,25.153374233128833,6.748466257668712,18.404907975460123,74.84662576687117,66.25766871165644,8.588957055214724
E00138105,89,30,6,24,59,55,4,33.70786516853933,6.741573033707865,26.96629213483146,66.29213483146067,61.79775280898876,4.49438202247191
E00138106,136,41,15,26,95,80,15,30.14705882352941,11.029411764705882,19.11764705882353,69.85294117647058,58.82352941176471,11.029411764705882
E00138107,180,58,20,38,122,103,19,32.22222222222222,11.11111111111111,21.11111111111111,67.77777777777779,57.22222222222222,10.555555555555555
E00138108,110,36,10,26,74,65,9,32.72727272727273,9.090909090909092,23.636363636363637,67.27272727272727,59.09090909090909,8.181818181818182
E00138109,147,51,15,36,96,86,10,34.69387755102041,10.204081632653061,24.489795918367346,65.3061224489796,58.50340136054422,6.802721088435375
E00138110,136,36,15,21,100,85,15,26.47058823529412,11.029411764705882,15.441176470588236,73.52941176470588,62.5,11.029411764705882
E00138111,136,41,17,24,95,75,20,30.14705882352941,12.5,17.647058823529413,69.85294117647058,55.14705882352941,14.705882352941178
E00138112,171,53,15,38,118,91,27,30.994152046783626,8.771929824561402,22.22222222222222,69.00584795321637,53.216374269005854,15.789473684210526
E00138113,163,44,18,26,119,95,24,26.993865030674847,11.042944785276074,15.950920245398773,73.00613496932516,58.282208588957054,14.723926380368098
E00138114,127,38,12,26,89,72,17,29.92125984251969,9.448818897637794,20.47244094488189,70.07874015748031,56.69291338582677,13.385826771653544
E00138115,164,42,7,35,122,103,19,25.609756097560975,4.2682926829268295,21.341463414634145,74.39024390243902,62.80487804878049,11.585365853658537
E00138116,115,39,11,28,76,65,11,33.91304347826087,9.565217391304348,24.347826086956523,66.08695652173913,56.52173913043478,9.565217391304348
E00138117,303,77,18,59,226,208,18,25.412541254125415,5.9405940594059405,19.471947194719473,74.58745874587459,68.64686468646865,5.9405940594059405
E00138118,236,56,16,40,180,161,19,23.728813559322035,6.779661016949152,16.94915254237288,76.27118644067797,68.22033898305084,8.050847457627118
E00138119,141,43,18,25,98,88,10,30.49645390070922,12.76595744680851,17.73049645390071,69.50354609929079,62.4113475177305,7.092198581560284
E00138121,203,62,15,47,141,131,10,30.541871921182267,7.389162561576355,23.15270935960591,69.45812807881774,64.5320197044335,4.926108374384237
E00138122,192,54,16,38,138,117,21,28.125,8.333333333333332,19.791666666666664,71.875,60.9375,10.9375
E00138123,194,49,16,33,145,135,10,25.257731958762886,8.24742268041237,17.010309278350515,74.74226804123711,69.58762886597938,5.154639175257731
E00138124,123,26,8,18,97,77,20,21.138211382113823,6.504065040650407,14.634146341463413,78.86178861788618,62.601626016260155,16.260162601626014
E00138125,232,41,11,30,191,172,19,17.67241379310345,4.741379310344827,12.931034482758621,82.32758620689656,74.13793103448276,8.189655172413794
E00138126,231,46,13,33,185,168,17,19.913419913419915,5.627705627705628,14.285714285714285,80.08658008658008,72.72727272727273,7.35930735930736
E00138127,102,27,6,21,75,63,12,26.47058823529412,5.88235294117647,20.588235294117645,73.52941176470588,61.76470588235294,11.76470588235294
E00138128,214,63,27,36,151,138,13,29.439252336448597,12.616822429906541,16.822429906542055,70.56074766355141,64.48598130841121,6.074766355140187
E00138129,203,56,18,38,147,126,21,27.586206896551722,8.866995073891626,18.7192118226601,72.41379310344827,62.06896551724138,10.344827586206897
E00138130,205,52,9,43,153,135,18,25.365853658536587,4.390243902439024,20.975609756097562,74.63414634146342,65.85365853658537,8.780487804878048
E00138131,146,31,7,24,115,104,11,21.232876712328768,4.794520547945205,16.43835616438356,78.76712328767124,71.23287671232876,7.534246575342466
E00138132,203,60,16,44,143,134,9,29.55665024630542,7.8817733990147785,21.67487684729064,70.44334975369459,66.00985221674877,4.433497536945813
E00138133,199,43,14,29,156,136,20,21.608040201005025,7.035175879396985,14.572864321608039,78.39195979899498,68.34170854271356,10.050251256281408
E00138134,190,41,16,25,149,129,20,21.578947368421055,8.421052631578947,13.157894736842104,78.42105263157895,67.89473684210526,10.526315789473683
E00138135,109,31,13,18,78,72,6,28.440366972477065,11.926605504587156,16.51376146788991,71.55963302752293,66.05504587155964,5.5045871559633035
E00138136,273,68,32,36,205,182,23,24.90842490842491,11.72161172161172,13.186813186813188,75.0915750915751,66.66666666666666,8.424908424908425
E00138137,219,52,21,31,167,148,19,23.74429223744292,9.58904109589041,14.15525114155251,76.25570776255708,67.57990867579909,8.67579908675799
E00138138,227,63,21,42,164,155,9,27.75330396475771,9.251101321585903,18.502202643171806,72.24669603524228,68.28193832599119,3.9647577092511015
E00138142,94,30,7,23,64,52,12,31.914893617021278,7.446808510638298,24.46808510638298,68.08510638297872,55.319148936170215,12.76595744680851
E00138143,170,39,11,28,131,112,19,22.941176470588236,6.470588235294119,16.470588235294116,77.05882352941177,65.88235294117646,11.176470588235295
E00138144,191,58,17,41,133,115,18,30.36649214659686,8.900523560209423,21.465968586387437,69.63350785340315,60.20942408376963,9.424083769633508
E00138145,69,21,6,15,48,41,7,30.434782608695656,8.695652173913043,21.73913043478261,69.56521739130434,59.42028985507246,10.144927536231885
E00138146,179,39,13,26,140,130,10,21.787709497206702,7.262569832402235,14.52513966480447,78.2122905027933,72.62569832402235,5.58659217877095
E00138147,121,16,3,13,105,94,11,13.223140495867769,2.479338842975207,10.743801652892563,86.77685950413223,77.68595041322314,9.090909090909092
E00138148,190,35,16,19,155,129,26,18.421052631578945,8.421052631578947,10,81.57894736842105,67.89473684210526,13.684210526315791
E00138149,119,23,11,12,96,85,11,19.327731092436977,9.243697478991598,10.084033613445378,80.67226890756302,71.42857142857143,9.243697478991598
E00138150,116,45,10,35,71,64,7,38.793103448275865,8.620689655172415,30.17241379310345,61.206896551724135,55.172413793103445,6.0344827586206895
E00138151,94,19,4,15,75,66,9,20.212765957446805,4.25531914893617,15.957446808510639,79.7872340425532,70.2127659574468,9.574468085106384
E00138152,58,13,5,8,45,38,7,22.413793103448278,8.620689655172415,13.793103448275861,77.58620689655173,65.51724137931035,12.068965517241379
E00138153,227,42,15,27,185,157,28,18.502202643171806,6.607929515418502,11.894273127753303,81.4977973568282,69.16299559471366,12.334801762114537
E00138154,134,35,7,28,99,82,17,26.119402985074625,5.223880597014925,20.8955223880597,73.88059701492537,61.19402985074627,12.686567164179104
E00138155,168,50,10,40,118,105,13,29.761904761904763,5.952380952380952,23.809523809523807,70.23809523809523,62.5,7.738095238095238
E00138156,245,58,12,46,187,164,23,23.6734693877551,4.8979591836734695,18.775510204081634,76.32653061224491,66.93877551020408,9.387755102040817
E00138157,149,29,9,20,120,102,18,19.463087248322147,6.0402684563758395,13.422818791946309,80.53691275167785,68.45637583892618,12.080536912751679
E00138158,213,54,10,44,159,137,22,25.352112676056336,4.694835680751173,20.657276995305164,74.64788732394366,64.31924882629107,10.328638497652582
E00138160,183,35,10,25,148,131,17,19.12568306010929,5.46448087431694,13.661202185792352,80.87431693989072,71.58469945355192,9.289617486338798
E00138162,201,38,11,27,163,153,10,18.90547263681592,5.472636815920398,13.432835820895523,81.09452736318407,76.11940298507463,4.975124378109453
E00138163,144,46,14,32,98,83,15,31.944444444444443,9.722222222222223,22.22222222222222,68.05555555555556,57.638888888888886,10.416666666666668
E00138164,229,53,21,32,176,153,23,23.144104803493452,9.170305676855897,13.973799126637553,76.85589519650655,66.8122270742358,10.043668122270741
E00138165,162,48,17,31,114,103,11,29.629629629629626,10.493827160493826,19.1358024691358,70.37037037037037,63.580246913580254,6.790123456790123
E00138166,169,59,22,37,110,93,17,34.9112426035503,13.017751479289942,21.893491124260358,65.08875739644971,55.02958579881657,10.059171597633137
E00138167,163,52,16,36,111,97,14,31.901840490797547,9.815950920245399,22.085889570552148,68.09815950920245,59.50920245398773,8.588957055214724
E00138168,160,51,17,34,109,93,16,31.874999999999996,10.625,21.25,68.125,58.12500000000001,10
E00138169,245,77,26,51,168,139,29,31.428571428571427,10.612244897959183,20.816326530612244,68.57142857142857,56.734693877551024,11.83673469387755
E00138170,154,36,8,28,118,103,15,23.376623376623375,5.194805194805195,18.181818181818183,76.62337662337663,66.88311688311688,9.740259740259742
E00138171,159,48,6,42,111,95,16,30.18867924528302,3.7735849056603774,26.41509433962264,69.81132075471697,59.74842767295597,10.062893081761008
E00138172,165,57,25,32,108,98,10,34.54545454545455,15.151515151515152,19.393939393939394,65.45454545454545,59.3939393939394,6.0606060606060606
E00138173,141,38,9,29,103,95,8,26.95035460992908,6.382978723404255,20.56737588652482,73.04964539007092,67.37588652482269,5.673758865248227
E00138174,174,67,21,46,107,97,10,38.50574712643678,12.068965517241379,26.436781609195403,61.49425287356321,55.74712643678161,5.747126436781609
E00138175,130,31,11,20,99,89,10,23.846153846153847,8.461538461538462,15.384615384615385,76.15384615384615,68.46153846153847,7.6923076923076925
E00138176,120,34,13,21,86,76,10,28.333333333333332,10.833333333333334,17.5,71.66666666666667,63.33333333333333,8.333333333333332
E00138177,178,52,15,37,126,109,17,29.213483146067414,8.426966292134832,20.786516853932586,70.78651685393258,61.23595505617978,9.550561797752808
E00138178,306,68,18,50,238,206,32,22.22222222222222,5.88235294117647,16.33986928104575,77.77777777777779,67.3202614379085,10.457516339869281
E00138179,192,39,15,24,153,141,12,20.3125,7.8125,12.5,79.6875,73.4375,6.25
E00138180,171,49,10,39,122,110,12,28.654970760233915,5.847953216374268,22.807017543859647,71.34502923976608,64.32748538011695,7.017543859649122
E00138181,173,53,26,27,120,109,11,30.63583815028902,15.028901734104046,15.606936416184972,69.36416184971098,63.005780346820806,6.358381502890173
E00138182,250,70,24,46,180,158,22,28.000000000000004,9.6,18.4,72,63.2,8.799999999999999
E00138183,263,71,21,50,192,161,31,26.996197718631176,7.984790874524715,19.011406844106464,73.00380228136882,61.21673003802282,11.787072243346007
E00138184,241,61,24,37,180,149,31,25.311203319502074,9.95850622406639,15.352697095435685,74.68879668049793,61.82572614107884,12.863070539419086
E00138185,70,29,11,18,41,38,3,41.42857142857143,15.714285714285714,25.71428571428571,58.57142857142858,54.285714285714285,4.285714285714286
E00138186,213,57,18,39,156,131,25,26.76056338028169,8.450704225352112,18.30985915492958,73.23943661971832,61.502347417840376,11.737089201877934
E00138187,171,33,4,29,138,113,25,19.298245614035086,2.3391812865497075,16.95906432748538,80.7017543859649,66.08187134502924,14.619883040935672
E00138188,137,35,20,15,102,87,15,25.547445255474454,14.5985401459854,10.948905109489052,74.45255474452554,63.503649635036496,10.948905109489052
E00138189,179,44,19,25,135,115,20,24.581005586592177,10.614525139664805,13.966480446927374,75.41899441340783,64.24581005586593,11.1731843575419
E00138190,167,34,7,27,133,116,17,20.359281437125748,4.191616766467066,16.16766467065868,79.64071856287424,69.46107784431138,10.179640718562874
E00138191,142,37,15,22,105,97,8,26.056338028169012,10.56338028169014,15.492957746478872,73.94366197183099,68.30985915492957,5.633802816901409
E00138192,108,38,15,23,70,64,6,35.18518518518518,13.88888888888889,21.296296296296298,64.81481481481481,59.25925925925925,5.555555555555555
E00138193,140,40,11,29,100,86,14,28.57142857142857,7.857142857142857,20.714285714285715,71.42857142857143,61.42857142857143,10
E00138194,198,51,25,26,147,120,27,25.757575757575758,12.626262626262626,13.131313131313133,74.24242424242425,60.60606060606061,13.636363636363635
E00138195,187,48,12,36,139,115,24,25.668449197860966,6.417112299465241,19.25133689839572,74.33155080213903,61.49732620320856,12.834224598930483
E00138196,182,47,13,34,135,116,19,25.82417582417583,7.142857142857142,18.681318681318682,74.17582417582418,63.73626373626373,10.43956043956044
E00138197,154,46,12,34,108,95,13,29.87012987012987,7.792207792207792,22.07792207792208,70.12987012987013,61.68831168831169,8.441558441558442
E00138198,253,59,16,43,194,165,29,23.3201581027668,6.324110671936759,16.99604743083004,76.6798418972332,65.21739130434783,11.462450592885375
E00138199,197,46,13,33,151,136,15,23.3502538071066,6.598984771573605,16.751269035532996,76.6497461928934,69.03553299492386,7.614213197969544
E00138200,141,28,15,13,113,80,33,19.858156028368796,10.638297872340425,9.219858156028367,80.1418439716312,56.73758865248227,23.404255319148938
E00138201,226,57,20,37,169,142,27,25.221238938053098,8.849557522123893,16.371681415929203,74.77876106194691,62.83185840707964,11.946902654867257
E00138202,190,39,7,32,151,133,18,20.526315789473685,3.684210526315789,16.842105263157894,79.47368421052632,70,9.473684210526317
E00138203,159,50,21,29,109,92,17,31.446540880503143,13.20754716981132,18.238993710691823,68.55345911949685,57.861635220125784,10.69182389937107
E00138204,204,39,11,28,165,145,20,19.11764705882353,5.392156862745098,13.725490196078432,80.88235294117648,71.07843137254902,9.803921568627452
E00138205,184,42,13,29,142,125,17,22.82608695652174,7.065217391304348,15.760869565217392,77.17391304347827,67.93478260869566,9.239130434782608
E00138206,171,42,14,28,129,112,17,24.561403508771928,8.187134502923977,16.374269005847953,75.43859649122807,65.49707602339181,9.941520467836257
E00138207,214,56,24,32,158,133,25,26.168224299065418,11.214953271028037,14.953271028037381,73.83177570093457,62.149532710280376,11.682242990654206
E00138208,71,18,7,11,53,45,8,25.352112676056336,9.859154929577464,15.492957746478872,74.64788732394366,63.38028169014085,11.267605633802818
E00138209,182,46,16,30,136,113,23,25.274725274725274,8.791208791208792,16.483516483516482,74.72527472527473,62.08791208791209,12.637362637362637
E00138210,171,46,13,33,125,105,20,26.900584795321635,7.602339181286549,19.298245614035086,73.09941520467837,61.40350877192983,11.695906432748536
E00138211,139,43,10,33,96,84,12,30.935251798561154,7.1942446043165464,23.741007194244602,69.06474820143885,60.431654676258994,8.633093525179856
E00138212,178,49,15,34,129,119,10,27.52808988764045,8.426966292134832,19.101123595505616,72.47191011235955,66.85393258426966,5.617977528089887
E00138213,135,46,11,35,89,79,10,34.074074074074076,8.148148148148149,25.925925925925924,65.92592592592592,58.51851851851851,7.4074074074074066
E00138214,163,51,17,34,112,100,12,31.28834355828221,10.429447852760736,20.858895705521473,68.71165644171779,61.34969325153374,7.361963190184049
E00138215,179,56,23,33,123,110,13,31.28491620111732,12.849162011173185,18.435754189944134,68.71508379888269,61.452513966480446,7.262569832402235
E00138216,153,46,7,39,107,91,16,30.065359477124183,4.57516339869281,25.49019607843137,69.93464052287581,59.47712418300654,10.457516339869281
E00138217,161,40,8,32,121,106,15,24.84472049689441,4.968944099378882,19.875776397515526,75.15527950310559,65.83850931677019,9.316770186335404
E00138218,158,47,14,33,111,99,12,29.746835443037973,8.860759493670885,20.88607594936709,70.25316455696202,62.65822784810127,7.59493670886076
E00138219,146,51,16,35,95,88,7,34.93150684931507,10.95890410958904,23.972602739726025,65.06849315068493,60.273972602739725,4.794520547945205
E00138220,201,49,20,29,152,131,21,24.378109452736318,9.950248756218906,14.427860696517413,75.62189054726367,65.17412935323384,10.44776119402985
E00138221,163,55,23,32,108,96,12,33.74233128834356,14.11042944785276,19.631901840490798,66.25766871165644,58.895705521472394,7.361963190184049
E00138222,156,41,14,27,115,99,16,26.282051282051285,8.974358974358974,17.307692307692307,73.71794871794873,63.46153846153846,10.256410256410255
E00138223,152,35,16,19,117,103,14,23.026315789473685,10.526315789473683,12.5,76.97368421052632,67.76315789473685,9.210526315789473
E00138224,176,53,14,39,123,105,18,30.113636363636363,7.954545454545454,22.15909090909091,69.88636363636364,59.65909090909091,10.227272727272728
E00138225,139,43,12,31,96,84,12,30.935251798561154,8.633093525179856,22.302158273381295,69.06474820143885,60.431654676258994,8.633093525179856
E00138226,165,41,13,28,124,103,21,24.848484848484848,7.878787878787878,16.969696969696972,75.15151515151514,62.42424242424243,12.727272727272727
E00138227,168,57,18,39,111,88,23,33.92857142857143,10.714285714285714,23.214285714285715,66.07142857142857,52.38095238095239,13.690476190476192
E00138228,203,45,19,26,158,130,28,22.167487684729064,9.35960591133005,12.807881773399016,77.83251231527095,64.03940886699507,13.793103448275861
E00138229,125,26,6,20,99,88,11,20.8,4.8,16,79.2,70.39999999999999,8.799999999999999
E00138230,122,41,12,29,81,70,11,33.60655737704918,9.836065573770492,23.770491803278688,66.39344262295081,57.377049180327866,9.01639344262295
E00138231,124,37,10,27,87,78,9,29.838709677419356,8.064516129032258,21.774193548387096,70.16129032258065,62.903225806451616,7.258064516129033
E00138232,250,58,21,37,192,174,18,23.200000000000003,8.4,14.799999999999999,76.8,69.6,7.199999999999999
E00138233,227,54,22,32,173,157,16,23.788546255506606,9.691629955947137,14.096916299559473,76.2114537444934,69.16299559471366,7.048458149779736
E00138234,161,40,13,27,121,103,18,24.84472049689441,8.074534161490684,16.77018633540373,75.15527950310559,63.975155279503106,11.180124223602485
E00138235,132,28,5,23,104,93,11,21.21212121212121,3.787878787878788,17.424242424242426,78.78787878787878,70.45454545454545,8.333333333333332
E00138236,131,36,9,27,95,86,9,27.480916030534353,6.870229007633588,20.610687022900763,72.51908396946564,65.64885496183206,6.870229007633588
E00138237,158,49,12,37,109,98,11,31.0126582278481,7.59493670886076,23.417721518987342,68.9873417721519,62.0253164556962,6.962025316455696
E00138238,181,46,11,35,135,118,17,25.41436464088398,6.077348066298343,19.337016574585636,74.58563535911603,65.19337016574586,9.392265193370166
E00138239,136,46,16,30,90,78,12,33.82352941176471,11.76470588235294,22.058823529411764,66.17647058823529,57.35294117647059,8.823529411764707
E00138240,188,56,13,43,132,111,21,29.78723404255319,6.914893617021277,22.872340425531913,70.2127659574468,59.04255319148937,11.170212765957446
E00138241,161,48,12,36,113,100,13,29.81366459627329,7.453416149068323,22.36024844720497,70.1863354037267,62.11180124223602,8.074534161490684
E00138242,183,55,18,37,128,115,13,30.05464480874317,9.836065573770492,20.21857923497268,69.94535519125684,62.841530054644814,7.103825136612022
E00138243,158,36,18,18,122,95,27,22.78481012658228,11.39240506329114,11.39240506329114,77.21518987341773,60.12658227848101,17.088607594936708
E00138244,205,57,20,37,148,121,27,27.80487804878049,9.75609756097561,18.048780487804876,72.1951219512195,59.02439024390244,13.170731707317074
E00138245,214,45,17,28,169,151,18,21.02803738317757,7.943925233644859,13.084112149532709,78.97196261682244,70.56074766355141,8.411214953271028
E00138246,173,43,5,38,130,119,11,24.85549132947977,2.8901734104046244,21.965317919075144,75.14450867052022,68.78612716763006,6.358381502890173
E00138247,117,38,12,26,79,62,17,32.47863247863248,10.256410256410255,22.22222222222222,67.52136752136752,52.991452991452995,14.529914529914532
E00138248,166,35,13,22,131,123,8,21.084337349397593,7.83132530120482,13.253012048192772,78.91566265060241,74.09638554216868,4.819277108433735
E00138249,175,36,5,31,139,120,19,20.57142857142857,2.857142857142857,17.71428571428571,79.42857142857143,68.57142857142857,10.857142857142858
E00138250,99,34,9,25,65,53,12,34.34343434343434,9.090909090909092,25.252525252525253,65.65656565656566,53.535353535353536,12.121212121212121
E00138251,141,31,9,22,110,96,14,21.98581560283688,6.382978723404255,15.602836879432624,78.01418439716312,68.08510638297872,9.929078014184398
E00138252,154,46,17,29,108,103,5,29.87012987012987,11.03896103896104,18.83116883116883,70.12987012987013,66.88311688311688,3.2467532467532463
E00138254,164,42,14,28,122,104,18,25.609756097560975,8.536585365853659,17.073170731707318,74.39024390243902,63.41463414634146,10.975609756097562
E00138255,141,52,16,36,89,83,6,36.87943262411347,11.347517730496454,25.53191489361702,63.12056737588653,58.86524822695035,4.25531914893617
E00138256,139,47,14,33,92,83,9,33.81294964028777,10.071942446043165,23.741007194244602,66.18705035971223,59.71223021582733,6.474820143884892
E00138257,163,47,12,35,116,91,25,28.834355828220858,7.361963190184049,21.472392638036812,71.16564417177914,55.828220858895705,15.337423312883436
E00138258,186,41,17,24,145,126,19,22.043010752688172,9.13978494623656,12.903225806451612,77.95698924731182,67.74193548387096,10.21505376344086
E00138259,193,44,21,23,149,129,20,22.797927461139896,10.880829015544041,11.917098445595855,77.2020725388601,66.83937823834198,10.362694300518134
E00138260,153,46,16,30,107,90,17,30.065359477124183,10.457516339869281,19.607843137254903,69.93464052287581,58.82352941176471,11.11111111111111
E00138261,151,34,10,24,117,100,17,22.516556291390728,6.622516556291391,15.894039735099339,77.48344370860927,66.22516556291392,11.258278145695364
E00138262,104,28,9,19,76,68,8,26.923076923076923,8.653846153846153,18.269230769230766,73.07692307692307,65.38461538461539,7.6923076923076925
E00138263,138,28,9,19,110,95,15,20.28985507246377,6.521739130434782,13.768115942028986,79.71014492753623,68.84057971014492,10.869565217391305
E00138264,128,47,11,36,81,71,10,36.71875,8.59375,28.125,63.28125,55.46875,7.8125
E00138265,142,32,5,27,110,91,19,22.535211267605636,3.5211267605633805,19.014084507042252,77.46478873239437,64.08450704225352,13.380281690140844
E00138266,151,43,9,34,108,93,15,28.47682119205298,5.960264900662252,22.516556291390728,71.52317880794702,61.58940397350994,9.933774834437086
E00138267,142,38,13,25,104,98,6,26.76056338028169,9.15492957746479,17.6056338028169,73.23943661971832,69.01408450704226,4.225352112676056
E00138268,146,35,11,24,111,100,11,23.972602739726025,7.534246575342466,16.43835616438356,76.02739726027397,68.4931506849315,7.534246575342466
E00138269,114,36,14,22,78,69,9,31.57894736842105,12.280701754385964,19.298245614035086,68.42105263157895,60.526315789473685,7.894736842105263
E00138270,101,28,11,17,73,65,8,27.722772277227726,10.891089108910892,16.831683168316832,72.27722772277228,64.35643564356435,7.920792079207921
E00138271,147,40,9,31,107,99,8,27.2108843537415,6.122448979591836,21.08843537414966,72.78911564625851,67.3469387755102,5.442176870748299
E00138272,258,73,30,43,185,165,20,28.294573643410853,11.627906976744185,16.666666666666664,71.70542635658916,63.95348837209303,7.751937984496124
E00138273,72,14,6,8,58,52,6,19.444444444444446,8.333333333333332,11.11111111111111,80.55555555555556,72.22222222222221,8.333333333333332
E00138274,158,37,10,27,121,107,14,23.417721518987342,6.329113924050633,17.088607594936708,76.58227848101265,67.72151898734177,8.860759493670885
E00138275,194,51,20,31,143,120,23,26.288659793814436,10.309278350515463,15.979381443298967,73.71134020618557,61.855670103092784,11.855670103092782
E00138276,112,21,4,17,91,84,7,18.75,3.571428571428571,15.178571428571427,81.25,75,6.25
E00138277,208,57,21,36,151,131,20,27.403846153846157,10.096153846153847,17.307692307692307,72.59615384615384,62.980769230769226,9.615384615384617
E00138278,122,28,6,22,94,85,9,22.950819672131146,4.918032786885246,18.0327868852459,77.04918032786885,69.67213114754098,7.377049180327869
E00138279,83,19,10,9,64,53,11,22.89156626506024,12.048192771084338,10.843373493975903,77.10843373493977,63.85542168674698,13.253012048192772
E00138280,218,76,23,53,142,128,14,34.862385321100916,10.550458715596331,24.31192660550459,65.13761467889908,58.71559633027523,6.422018348623854
E00138281,126,35,15,20,91,76,15,27.77777777777778,11.904761904761903,15.873015873015872,72.22222222222221,60.317460317460316,11.904761904761903
E00138282,123,28,7,21,95,79,16,22.76422764227642,5.691056910569105,17.073170731707318,77.23577235772358,64.22764227642277,13.008130081300814
E00138283,123,31,7,24,92,80,12,25.203252032520325,5.691056910569105,19.51219512195122,74.79674796747967,65.04065040650406,9.75609756097561
E00138284,219,56,17,39,163,147,16,25.570776255707763,7.76255707762557,17.80821917808219,74.42922374429224,67.12328767123287,7.30593607305936
E00138285,183,41,10,31,142,127,15,22.404371584699454,5.46448087431694,16.939890710382514,77.59562841530054,69.39890710382514,8.19672131147541
E00138286,177,51,17,34,126,114,12,28.8135593220339,9.6045197740113,19.2090395480226,71.1864406779661,64.40677966101694,6.779661016949152
E00138287,106,28,15,13,78,66,12,26.41509433962264,14.150943396226415,12.264150943396226,73.58490566037736,62.264150943396224,11.320754716981133
E00138288,274,75,23,52,199,177,22,27.37226277372263,8.394160583941606,18.97810218978102,72.62773722627736,64.59854014598541,8.02919708029197
E00138289,137,37,12,25,100,73,27,27.00729927007299,8.75912408759124,18.248175182481752,72.99270072992701,53.284671532846716,19.708029197080293
E00138290,78,21,7,14,57,49,8,26.923076923076923,8.974358974358974,17.94871794871795,73.07692307692307,62.82051282051282,10.256410256410255
E00138291,119,29,11,18,90,77,13,24.369747899159663,9.243697478991598,15.126050420168067,75.63025210084034,64.70588235294117,10.92436974789916
E00138292,155,49,19,30,106,91,15,31.61290322580645,12.258064516129032,19.35483870967742,68.38709677419355,58.70967741935483,9.67741935483871
E00138293,154,36,7,29,118,100,18,23.376623376623375,4.545454545454546,18.83116883116883,76.62337662337663,64.93506493506493,11.688311688311687
E00138294,176,39,10,29,137,119,18,22.15909090909091,5.681818181818182,16.477272727272727,77.8409090909091,67.61363636363636,10.227272727272728
E00138295,139,33,11,22,106,95,11,23.741007194244602,7.913669064748201,15.827338129496402,76.2589928057554,68.34532374100719,7.913669064748201
E00138296,161,48,9,39,113,100,13,29.81366459627329,5.590062111801243,24.22360248447205,70.1863354037267,62.11180124223602,8.074534161490684
E00138297,204,56,18,38,148,130,18,27.450980392156865,8.823529411764707,18.627450980392158,72.54901960784314,63.725490196078425,8.823529411764707
E00138298,157,42,15,27,115,95,20,26.751592356687897,9.554140127388536,17.197452229299362,73.24840764331209,60.509554140127385,12.738853503184714
E00138299,184,54,15,39,130,120,10,29.347826086956523,8.152173913043478,21.195652173913043,70.65217391304348,65.21739130434783,5.434782608695652
E00138300,141,37,15,22,104,88,16,26.24113475177305,10.638297872340425,15.602836879432624,73.75886524822694,62.4113475177305,11.347517730496454
E00138301,153,35,11,24,118,108,10,22.875816993464053,7.18954248366013,15.686274509803921,77.12418300653596,70.58823529411765,6.535947712418301
E00138302,187,58,21,37,129,120,9,31.016042780748666,11.229946524064172,19.786096256684495,68.98395721925134,64.171122994652407,4.81283422459893
E00138303,162,56,19,37,106,86,20,34.5679012345679,11.728395061728394,22.839506172839506,65.4320987654321,53.086419753086425,12.345679012345679
E00138304,139,28,4,24,111,99,12,20.14388489208633,2.877697841726619,17.26618705035971,79.85611510791367,71.22302158273382,8.633093525179856
E00138305,129,39,15,24,90,81,9,30.23255813953488,11.627906976744185,18.6046511627907,69.76744186046511,62.7906976744186,6.976744186046512
E00138306,170,39,10,29,131,110,21,22.941176470588236,5.88235294117647,17.058823529411764,77.05882352941177,64.70588235294117,12.352941176470589
E00138307,204,47,14,33,157,135,22,23.03921568627451,6.862745098039216,16.176470588235293,76.9607843137255,66.17647058823529,10.784313725490197
E00138308,145,46,14,32,99,91,8,31.724137931034484,9.655172413793103,22.06896551724138,68.27586206896552,62.758620689655174,5.517241379310345
E00138309,170,43,14,29,127,110,17,25.294117647058822,8.235294117647058,17.058823529411764,74.70588235294117,64.70588235294117,10
E00138310,139,39,14,25,100,84,16,28.05755395683453,10.071942446043165,17.985611510791365,71.94244604316546,60.431654676258994,11.510791366906476
E00138311,165,35,11,24,130,112,18,21.21212121212121,6.666666666666667,14.545454545454545,78.78787878787878,67.87878787878789,10.909090909090908
E00138312,198,46,15,31,152,126,26,23.232323232323232,7.575757575757576,15.656565656565657,76.76767676767676,63.63636363636363,13.131313131313133
E00138313,140,34,14,20,106,89,17,24.285714285714285,10,14.285714285714285,75.71428571428571,63.57142857142857,12.142857142857142
E00138314,166,39,12,27,127,103,24,23.49397590361446,7.228915662650602,16.265060240963855,76.50602409638554,62.048192771084345,14.457831325301203
E00138315,118,35,11,24,83,70,13,29.66101694915254,9.322033898305085,20.33898305084746,70.33898305084746,59.32203389830508,11.016949152542372
E00138316,195,58,14,44,137,118,19,29.743589743589745,7.179487179487179,22.564102564102566,70.25641025641025,60.51282051282051,9.7435897435897445
E00138317,272,52,18,34,220,194,26,19.11764705882353,6.61764705882353,12.5,80.88235294117648,71.32352941176471,9.558823529411764
E00138318,239,65,25,40,174,149,25,27.19665271966527,10.460251046025103,16.736401673640167,72.80334728033473,62.34309623430963,10.460251046025103
E00138319,217,46,17,29,171,142,29,21.19815668202765,7.834101382488479,13.36405529953917,78.80184331797236,65.43778801843318,13.36405529953917
E00138320,210,52,15,37,158,135,23,24.761904761904763,7.142857142857142,17.61904761904762,75.23809523809524,64.28571428571429,10.952380952380953
E00138321,189,47,15,32,142,129,13,24.867724867724867,7.936507936507936,16.93121693121693,75.13227513227513,68.25396825396825,6.878306878306878
E00138322,186,38,15,23,148,136,12,20.43010752688172,8.064516129032258,12.365591397849462,79.56989247311827,73.11827956989248,6.451612903225806
E00138323,151,50,20,30,101,84,17,33.11258278145696,13.245033112582782,19.867549668874172,66.88741721854305,55.62913907284768,11.258278145695364
E00138324,191,41,15,26,150,119,31,21.465968586387437,7.853403141361256,13.612565445026178,78.53403141361257,62.30366492146597,16.230366492146597
E00138325,123,41,13,28,82,73,9,33.33333333333333,10.569105691056912,22.76422764227642,66.66666666666666,59.34959349593496,7.317073170731707
E00138326,141,43,8,35,98,80,18,30.49645390070922,5.673758865248227,24.822695035460992,69.50354609929079,56.73758865248227,12.76595744680851
E00138327,163,51,10,41,112,94,18,31.28834355828221,6.134969325153374,25.153374233128833,68.71165644171779,57.668711656441715,11.042944785276074
E00138328,170,45,16,29,125,115,10,26.47058823529412,9.411764705882353,17.058823529411764,73.52941176470588,67.64705882352942,5.88235294117647
E00138329,128,37,12,25,91,72,19,28.90625,9.375,19.53125,71.09375,56.25,14.84375
E00138330,138,50,16,34,88,76,12,36.231884057971016,11.594202898550725,24.637681159420293,63.76811594202898,55.072463768115945,8.695652173913043
E00138331,141,35,7,28,106,94,12,24.822695035460992,4.964539007092199,19.858156028368796,75.177304964539,66.66666666666666,8.51063829787234
E00138332,158,43,15,28,115,106,9,27.21518987341772,9.49367088607595,17.72151898734177,72.78481012658227,67.08860759493672,5.69620253164557
E00138333,91,32,12,20,59,53,6,35.16483516483517,13.186813186813188,21.978021978021978,64.83516483516483,58.24175824175825,6.593406593406594
E00138334,121,39,16,23,82,71,11,32.231404958677686,13.223140495867769,19.00826446280992,67.76859504132231,58.67768595041323,9.090909090909092
E00138335,123,36,14,22,87,69,18,29.268292682926827,11.38211382113821,17.88617886178862,70.73170731707317,56.09756097560976,14.634146341463413
E00138336,114,33,15,18,81,70,11,28.947368421052634,13.157894736842104,15.789473684210526,71.05263157894737,61.40350877192983,9.649122807017543
E00138337,76,14,4,10,62,52,10,18.421052631578945,5.263157894736842,13.157894736842104,81.57894736842105,68.42105263157895,13.157894736842104
E00138338,104,21,7,14,83,75,8,20.192307692307693,6.730769230769231,13.461538461538462,79.8076923076923,72.11538461538461,7.6923076923076925
E00138339,282,68,27,41,214,185,29,24.113475177304963,9.574468085106384,14.539007092198581,75.88652482269504,65.60283687943263,10.28368794326241
E00138340,188,38,11,27,150,131,19,20.212765957446805,5.851063829787234,14.361702127659576,79.7872340425532,69.68085106382979,10.106382978723403
E00138341,215,44,17,27,171,153,18,20.46511627906977,7.906976744186046,12.558139534883722,79.53488372093022,71.16279069767441,8.372093023255815
E00138342,206,41,14,27,165,154,11,19.902912621359224,6.796116504854369,13.106796116504855,80.09708737864078,74.75728155339806,5.339805825242718
E00138343,195,55,18,37,140,119,21,28.205128205128204,9.230769230769232,18.974358974358974,71.7948717948718,61.02564102564103,10.76923076923077
E00138344,235,53,16,37,182,156,26,22.5531914893617,6.808510638297872,15.74468085106383,77.4468085106383,66.38297872340425,11.063829787234042
E00138345,254,60,23,37,194,175,19,23.62204724409449,9.05511811023622,14.566929133858267,76.37795275590551,68.89763779527559,7.480314960629922
E00138347,150,40,9,31,110,96,14,26.666666666666668,6,20.666666666666668,73.33333333333333,64,9.333333333333334
E00138348,136,35,10,25,101,86,15,25.735294117647058,7.352941176470589,18.38235294117647,74.26470588235294,63.23529411764706,11.029411764705882
E00138349,200,58,17,41,142,132,10,28.999999999999996,8.5,20.5,71,66,5
E00138350,132,30,5,25,102,93,9,22.727272727272727,3.787878787878788,18.939393939393938,77.27272727272727,70.45454545454545,6.8181818181818175
E00138351,172,54,16,38,118,109,9,31.3953488372093,9.30232558139535,22.093023255813954,68.6046511627907,63.372093023255815,5.232558139534884
E00138352,145,42,13,29,103,89,14,28.965517241379313,8.96551724137931,20,71.03448275862068,61.37931034482759,9.655172413793103
E00138353,179,44,18,26,135,118,17,24.581005586592177,10.05586592178771,14.52513966480447,75.41899441340783,65.92178770949721,9.497206703910614
E00138354,138,39,12,27,99,88,11,28.26086956521739,8.695652173913043,19.565217391304348,71.73913043478261,63.76811594202898,7.971014492753622
E00138355,92,26,8,18,66,60,6,28.26086956521739,8.695652173913043,19.565217391304348,71.73913043478261,65.21739130434783,6.521739130434782
E00138356,214,64,14,50,150,129,21,29.906542056074763,6.5420560747663545,23.364485981308412,70.09345794392523,60.280373831775705,9.813084112149532
E00138357,193,45,11,34,148,133,15,23.316062176165804,5.699481865284974,17.616580310880828,76.68393782383419,68.9119170984456,7.772020725388601
E00138358,208,59,20,39,149,126,23,28.365384615384613,9.615384615384617,18.75,71.63461538461539,60.57692307692307,11.057692307692307
E00138359,164,51,18,33,113,99,14,31.097560975609756,10.975609756097562,20.121951219512198,68.90243902439023,60.36585365853659,8.536585365853659
E00138360,150,47,15,32,103,89,14,31.333333333333336,10,21.333333333333336,68.66666666666667,59.333333333333336,9.333333333333334
E00138361,129,29,10,19,100,87,13,22.48062015503876,7.751937984496124,14.728682170542637,77.51937984496125,67.44186046511628,10.077519379844961
E00138362,186,65,19,46,121,106,15,34.946236559139784,10.21505376344086,24.731182795698924,65.05376344086021,56.98924731182796,8.064516129032258
E00138363,187,67,19,48,120,106,14,35.82887700534759,10.16042780748663,25.668449197860966,64.171122994652407,56.68449197860963,7.4866310160427805
E00138364,212,44,15,29,168,154,14,20.754716981132077,7.0754716981132075,13.679245283018867,79.24528301886792,72.64150943396226,6.60377358490566
E00138365,118,30,10,20,88,77,11,25.423728813559322,8.47457627118644,16.94915254237288,74.57627118644068,65.2542372881356,9.322033898305085
E00138366,238,66,23,43,172,153,19,27.73109243697479,9.663865546218489,18.067226890756302,72.26890756302521,64.28571428571429,7.9831932773109235
E00138367,70,16,5,11,54,47,7,22.857142857142858,7.142857142857142,15.714285714285714,77.14285714285715,67.14285714285714,10
E00138368,157,42,10,32,115,99,16,26.751592356687897,6.369426751592357,20.382165605095544,73.24840764331209,63.05732484076433,10.191082802547772
E00138369,98,29,6,23,69,66,3,29.591836734693878,6.122448979591836,23.46938775510204,70.40816326530613,67.3469387755102,3.061224489795918
E00138370,152,34,7,27,118,108,10,22.36842105263158,4.605263157894736,17.763157894736842,77.63157894736842,71.05263157894737,6.578947368421052
E00138371,202,50,16,34,152,137,15,24.752475247524753,7.920792079207921,16.831683168316832,75.24752475247524,67.82178217821783,7.425742574257425
E00138372,129,37,14,23,92,78,14,28.68217054263566,10.852713178294573,17.829457364341085,71.31782945736434,60.46511627906976,10.852713178294573
E00138373,153,51,26,25,102,86,16,33.33333333333333,16.99346405228758,16.33986928104575,66.66666666666666,56.209150326797385,10.457516339869281
E00138374,169,44,16,28,125,112,13,26.035502958579883,9.467455621301776,16.56804733727811,73.96449704142012,66.27218934911244,7.6923076923076925
E00138375,194,77,27,50,117,99,18,39.69072164948454,13.917525773195877,25.773195876288657,60.30927835051546,51.03092783505154,9.278350515463918
E00138376,221,59,24,35,162,133,29,26.69683257918552,10.85972850678733,15.837104072398189,73.303167420814475,60.18099547511312,13.122171945701359
E00138377,132,50,10,40,82,65,17,37.878787878787875,7.575757575757576,30.303030303030305,62.121212121212125,49.24242424242424,12.878787878787879
E00138378,187,57,25,32,130,86,44,30.481283422459892,13.368983957219251,17.11229946524064,69.5187165775401,45.98930481283423,23.52941176470588
E00138379,177,54,24,30,123,95,28,30.508474576271187,13.559322033898304,16.94915254237288,69.49152542372882,53.672316384180796,15.819209039548024
E00138380,134,41,18,23,93,72,21,30.597014925373134,13.432835820895523,17.16417910447761,69.40298507462687,53.73134328358209,15.671641791044777
E00138381,130,32,16,16,98,83,15,24.615384615384617,12.307692307692308,12.307692307692308,75.38461538461539,63.84615384615384,11.538461538461538
E00138382,137,33,8,25,104,88,16,24.087591240875913,5.839416058394161,18.248175182481752,75.91240875912408,64.23357664233576,11.678832116788321
E00138383,97,31,9,22,66,60,6,31.958762886597935,9.278350515463918,22.68041237113402,68.04123711340206,61.855670103092784,6.185567010309279
E00138385,184,58,23,35,126,100,26,31.521739130434785,12.5,19.021739130434785,68.47826086956522,54.347826086956516,14.130434782608695
E00138386,137,45,19,26,92,78,14,32.846715328467155,13.86861313868613,18.97810218978102,67.15328467153284,56.934306569343065,10.218978102189782
E00138387,129,42,18,24,87,67,20,32.55813953488372,13.953488372093023,18.6046511627907,67.44186046511628,51.93798449612403,15.503875968992247
E00138391,242,64,20,44,178,145,33,26.446280991735538,8.264462809917356,18.181818181818183,73.55371900826447,59.917355371900825,13.636363636363635
E00138392,227,58,18,40,169,136,33,25.55066079295154,7.929515418502203,17.62114537444934,74.44933920704845,59.91189427312775,14.537444933920703
E00138393,237,56,13,43,181,165,16,23.628691983122362,5.485232067510549,18.143459915611814,76.37130801687763,69.62025316455697,6.751054852320674
E00138394,318,81,29,52,237,204,33,25.471698113207548,9.119496855345911,16.352201257861633,74.52830188679245,64.15094339622641,10.377358490566039
E00138395,182,55,23,32,127,109,18,30.21978021978022,12.637362637362637,17.582417582417584,69.78021978021978,59.89010989010989,9.89010989010989
E00138397,222,52,21,31,170,140,30,23.423423423423422,9.45945945945946,13.963963963963963,76.57657657657657,63.06306306306306,13.513513513513514
E00138398,216,66,25,41,150,131,19,30.555555555555557,11.574074074074074,18.98148148148148,69.44444444444444,60.64814814814815,8.796296296296296
E00138399,218,64,20,44,154,132,22,29.357798165137616,9.174311926605505,20.18348623853211,70.64220183486239,60.550458715596335,10.091743119266056
E00138400,143,37,15,22,106,84,22,25.874125874125873,10.48951048951049,15.384615384615385,74.12587412587412,58.74125874125874,15.384615384615385
E00138401,159,46,17,29,113,91,22,28.930817610062892,10.69182389937107,18.238993710691823,71.0691823899371,57.23270440251572,13.836477987421384
E00138402,194,51,20,31,143,116,27,26.288659793814436,10.309278350515463,15.979381443298967,73.71134020618557,59.79381443298969,13.917525773195877
E00138403,117,32,7,25,85,73,12,27.350427350427353,5.982905982905983,21.367521367521366,72.64957264957265,62.39316239316239,10.256410256410255
E00138404,187,44,8,36,143,129,14,23.52941176470588,4.27807486631016,19.25133689839572,76.47058823529412,68.98395721925134,7.4866310160427805
E00138405,122,37,13,24,85,76,9,30.327868852459016,10.655737704918032,19.672131147540984,69.67213114754098,62.295081967213115,7.377049180327869
E00138406,227,51,10,41,176,160,16,22.46696035242291,4.405286343612335,18.06167400881057,77.5330396475771,70.48458149779736,7.048458149779736
E00138407,152,45,15,30,107,96,11,29.605263157894733,9.868421052631579,19.736842105263158,70.39473684210526,63.1578947368421,7.236842105263158
E00138408,141,34,14,20,107,93,14,24.113475177304963,9.929078014184398,14.184397163120568,75.88652482269504,65.95744680851064,9.929078014184398
E00138409,180,45,20,25,135,117,18,25,11.11111111111111,13.88888888888889,75,65,10
E00138410,152,43,11,32,109,94,15,28.289473684210524,7.236842105263158,21.052631578947366,71.71052631578947,61.8421052631579,9.868421052631579
E00138411,156,44,18,26,112,99,13,28.205128205128204,11.538461538461538,16.666666666666664,71.7948717948718,63.46153846153846,8.333333333333332
E00138412,152,46,15,31,106,86,20,30.263157894736842,9.868421052631579,20.394736842105264,69.73684210526315,56.57894736842105,13.157894736842104
E00138413,184,40,10,30,144,131,13,21.73913043478261,5.434782608695652,16.304347826086957,78.26086956521739,71.19565217391305,7.065217391304348
E00138414,118,36,12,24,82,74,8,30.508474576271187,10.16949152542373,20.33898305084746,69.49152542372882,62.71186440677966,6.779661016949152
E00138415,119,28,10,18,91,81,10,23.52941176470588,8.403361344537815,15.126050420168067,76.47058823529412,68.0672268907563,8.403361344537815
E00138416,156,40,13,27,116,97,19,25.64102564102564,8.333333333333332,17.307692307692307,74.35897435897436,62.17948717948718,12.179487179487179
E00138417,146,32,8,24,114,94,20,21.91780821917808,5.47945205479452,16.43835616438356,78.08219178082192,64.38356164383562,13.698630136986301
E00138418,92,21,10,11,71,59,12,22.82608695652174,10.869565217391305,11.956521739130435,77.17391304347827,64.13043478260869,13.043478260869565
E00138419,171,39,19,20,132,112,20,22.807017543859647,11.11111111111111,11.695906432748536,77.19298245614034,65.49707602339181,11.695906432748536
E00138420,274,69,15,54,205,173,32,25.18248175182482,5.474452554744526,19.708029197080293,74.81751824817519,63.138686131386855,11.678832116788321
E00138421,140,36,8,28,104,84,20,25.71428571428571,5.714285714285714,20,74.28571428571429,60,14.285714285714285
E00138422,167,49,18,31,118,101,17,29.34131736526946,10.778443113772456,18.562874251497004,70.65868263473054,60.47904191616767,10.179640718562874
E00138423,139,38,17,21,101,84,17,27.33812949640288,12.23021582733813,15.107913669064748,72.66187050359713,60.431654676258994,12.23021582733813
E00138424,102,27,13,14,75,67,8,26.47058823529412,12.745098039215685,13.725490196078432,73.52941176470588,65.68627450980392,7.8431372549019605
E00138425,150,36,12,24,114,102,12,24,8,16,76,68,8
E00138426,180,46,11,35,134,118,16,25.555555555555554,6.111111111111111,19.444444444444446,74.44444444444444,65.55555555555556,8.88888888888889
E00138427,108,30,16,14,78,65,13,27.77777777777778,14.814814814814813,12.962962962962962,72.22222222222221,60.18518518518518,12.037037037037036
E00138428,155,50,13,37,105,91,14,32.25806451612903,8.38709677419355,23.870967741935484,67.74193548387096,58.70967741935483,9.032258064516128
E00138429,154,44,13,31,110,89,21,28.57142857142857,8.441558441558442,20.12987012987013,71.42857142857143,57.7922077922078,13.636363636363635
E00138431,103,28,10,18,75,61,14,27.184466019417474,9.70873786407767,17.475728155339805,72.81553398058253,59.22330097087378,13.592233009708737
E00138432,116,26,10,16,90,81,9,22.413793103448278,8.620689655172415,13.793103448275861,77.58620689655173,69.82758620689656,7.758620689655173
E00138434,288,71,18,53,217,186,31,24.65277777777778,6.25,18.40277777777778,75.34722222222221,64.58333333333334,10.76388888888889
E00138435,166,50,20,30,116,99,17,30.120481927710845,12.048192771084338,18.072289156626507,69.87951807228916,59.63855421686747,10.240963855421686
E00138436,159,37,17,20,122,104,18,23.270440251572328,10.69182389937107,12.578616352201259,76.72955974842768,65.40880503144653,11.320754716981133
E00138437,104,25,7,18,79,63,16,24.03846153846154,6.730769230769231,17.307692307692307,75.96153846153845,60.57692307692307,15.384615384615385
E00138438,133,35,7,28,98,82,16,26.31578947368421,5.263157894736842,21.052631578947366,73.68421052631578,61.65413533834586,12.030075187969924
E00138439,104,23,9,14,81,72,9,22.115384615384613,8.653846153846153,13.461538461538462,77.88461538461539,69.23076923076923,8.653846153846153
E00138440,141,50,17,33,91,80,11,35.46099290780142,12.056737588652481,23.404255319148938,64.53900709219859,56.73758865248227,7.801418439716312
E00138441,184,56,24,32,128,115,13,30.434782608695656,13.043478260869565,17.391304347826086,69.56521739130434,62.5,7.065217391304348
E00138442,103,25,8,17,78,62,16,24.271844660194176,7.766990291262135,16.50485436893204,75.72815533980582,60.19417475728155,15.53398058252427
E00138443,122,33,8,25,89,77,12,27.049180327868854,6.557377049180328,20.491803278688526,72.95081967213115,63.114754098360656,9.836065573770492
E00138444,174,48,15,33,126,112,14,27.586206896551722,8.620689655172415,18.96551724137931,72.41379310344827,64.36781609195403,8.045977011494253
E00138445,216,49,14,35,167,146,21,22.685185185185187,6.481481481481481,16.203703703703702,77.31481481481481,67.5925925925926,9.722222222222223
E00138446,130,32,7,25,98,80,18,24.615384615384617,5.384615384615385,19.230769230769234,75.38461538461539,61.53846153846154,13.846153846153847
E00138447,146,41,14,27,105,87,18,28.08219178082192,9.58904109589041,18.493150684931507,71.91780821917808,59.589041095890416,12.32876712328767
E00138449,98,32,11,21,66,63,3,32.6530612244898,11.224489795918368,21.428571428571427,67.3469387755102,64.28571428571429,3.061224489795918
E00138450,87,19,2,17,68,59,9,21.839080459770116,2.2988505747126435,19.54022988505747,78.16091954022988,67.81609195402298,10.344827586206897
E00138451,126,35,11,24,91,70,21,27.77777777777778,8.73015873015873,19.047619047619047,72.22222222222221,55.55555555555556,16.666666666666664
E00138452,153,31,6,25,122,108,14,20.26143790849673,3.9215686274509802,16.33986928104575,79.73856209150327,70.58823529411765,9.15032679738562
E00138453,139,31,7,24,108,97,11,22.302158273381295,5.0359712230215825,17.26618705035971,77.6978417266187,69.7841726618705,7.913669064748201
E00138454,106,25,15,10,81,75,6,23.58490566037736,14.150943396226415,9.433962264150944,76.41509433962264,70.75471698113208,5.660377358490567
E00138455,121,38,11,27,83,73,10,31.40495867768595,9.090909090909092,22.31404958677686,68.59504132231406,60.33057851239669,8.264462809917356
E00138456,82,15,4,11,67,57,10,18.29268292682927,4.878048780487805,13.414634146341465,81.70731707317073,69.51219512195121,12.195121951219512
E00138457,134,41,15,26,93,71,22,30.597014925373134,11.194029850746269,19.402985074626866,69.40298507462687,52.98507462686567,16.417910447761194
E00138458,149,49,21,28,100,80,20,32.88590604026846,14.093959731543624,18.79194630872483,67.11409395973155,53.691275167785236,13.422818791946309
E00138459,185,56,15,41,129,117,12,30.270270270270274,8.108108108108109,22.162162162162165,69.72972972972973,63.24324324324324,6.486486486486487
E00138460,119,23,5,18,96,88,8,19.327731092436977,4.201680672268908,15.126050420168067,80.67226890756302,73.94957983193278,6.722689075630252
E00138461,105,29,10,19,76,73,3,27.61904761904762,9.523809523809524,18.095238095238095,72.38095238095238,69.52380952380952,2.857142857142857
E00138462,148,38,10,28,110,98,12,25.675675675675674,6.756756756756757,18.91891891891892,74.32432432432432,66.21621621621621,8.108108108108109
E00138463,153,39,11,28,114,96,18,25.49019607843137,7.18954248366013,18.30065359477124,74.50980392156863,62.745098039215684,11.76470588235294
E00138464,162,36,11,25,126,109,17,22.22222222222222,6.790123456790123,15.432098765432098,77.77777777777779,67.28395061728395,10.493827160493826
E00138465,172,48,19,29,124,113,11,27.906976744186046,11.046511627906977,16.86046511627907,72.09302325581395,65.69767441860465,6.395348837209303
E00138467,112,37,13,24,75,63,12,33.035714285714285,11.607142857142858,21.428571428571427,66.96428571428571,56.25,10.714285714285714
E00138468,139,37,13,24,102,83,19,26.618705035971225,9.352517985611511,17.26618705035971,73.38129496402878,59.71223021582733,13.66906474820144
E00138469,83,19,4,15,64,52,12,22.89156626506024,4.819277108433735,18.072289156626507,77.10843373493977,62.65060240963856,14.457831325301203
E00138470,107,25,7,18,82,75,7,23.364485981308412,6.5420560747663545,16.822429906542055,76.63551401869158,70.09345794392523,6.5420560747663545
E00138471,238,43,13,30,195,163,32,18.067226890756302,5.46218487394958,12.605042016806722,81.9327731092437,68.4873949579832,13.445378151260504
E00138472,115,42,7,35,73,66,7,36.52173913043478,6.086956521739131,30.434782608695656,63.47826086956522,57.391304347826086,6.086956521739131
E00138473,105,31,2,29,74,62,12,29.523809523809526,1.9047619047619049,27.61904761904762,70.47619047619048,59.04761904761905,11.428571428571429
E00138474,141,41,7,34,100,83,17,29.078014184397162,4.964539007092199,24.113475177304963,70.92198581560284,58.86524822695035,12.056737588652481
E00138475,149,40,19,21,109,99,10,26.845637583892618,12.751677852348994,14.093959731543624,73.15436241610739,66.44295302013423,6.7114093959731544
E00138476,160,40,15,25,120,107,13,25,9.375,15.625,75,66.875,8.125
E00138477,130,30,12,18,100,80,20,23.076923076923077,9.230769230769232,13.846153846153847,76.92307692307693,61.53846153846154,15.384615384615385
E00138478,136,32,8,24,104,88,16,23.52941176470588,5.88235294117647,17.647058823529413,76.47058823529412,64.70588235294117,11.76470588235294
E00138479,136,34,7,27,102,93,9,25,5.147058823529411,19.852941176470587,75,68.38235294117648,6.61764705882353
E00138480,126,31,7,24,95,79,16,24.6031746031746,5.555555555555555,19.047619047619047,75.39682539682539,62.698412698412696,12.698412698412698
E00138481,106,21,9,12,85,78,7,19.81132075471698,8.49056603773585,11.320754716981133,80.18867924528303,73.58490566037736,6.60377358490566
E00138482,121,32,11,21,89,78,11,26.446280991735538,9.090909090909092,17.355371900826448,73.55371900826447,64.46280991735537,9.090909090909092
E00138483,204,53,24,29,151,124,27,25.98039215686275,11.76470588235294,14.215686274509803,74.01960784313727,60.78431372549019,13.23529411764706
E00138484,269,56,16,40,213,193,20,20.817843866171003,5.947955390334572,14.869888475836431,79.182156133829,71.74721189591078,7.434944237918216
E00138485,299,69,22,47,230,198,32,23.076923076923077,7.357859531772576,15.719063545150503,76.92307692307693,66.22073578595318,10.702341137123746
E00138487,194,44,14,30,150,131,19,22.68041237113402,7.216494845360824,15.463917525773196,77.31958762886599,67.5257731958763,9.793814432989691
E00138488,179,49,10,39,130,112,18,27.37430167597765,5.58659217877095,21.787709497206702,72.62569832402235,62.56983240223464,10.05586592178771
E00138489,219,62,25,37,157,136,21,28.31050228310502,11.415525114155251,16.894977168949772,71.68949771689498,62.10045662100456,9.58904109589041
E00138490,217,52,18,34,165,142,23,23.963133640552993,8.294930875576037,15.668202764976957,76.036866359447,65.43778801843318,10.599078341013826
E00138491,244,58,15,43,186,167,19,23.770491803278688,6.147540983606557,17.62295081967213,76.22950819672131,68.44262295081968,7.786885245901639
E00138492,219,61,22,39,158,143,15,27.85388127853881,10.045662100456621,17.80821917808219,72.14611872146118,65.29680365296804,6.8493150684931505
E00138493,181,58,17,41,123,109,14,32.04419889502763,9.392265193370166,22.65193370165746,67.95580110497238,60.22099447513812,7.734806629834254
E00138494,282,60,28,32,222,203,19,21.27659574468085,9.929078014184398,11.347517730496454,78.72340425531915,71.98581560283688,6.73758865248227
E00138495,135,38,14,24,97,81,16,28.14814814814815,10.37037037037037,17.77777777777778,71.85185185185186,60,11.851851851851853
E00138496,286,48,22,26,238,201,37,16.783216783216783,7.6923076923076925,9.090909090909092,83.21678321678321,70.27972027972028,12.937062937062937
E00138497,96,26,6,20,70,69,1,27.083333333333332,6.25,20.833333333333336,72.91666666666666,71.875,1.0416666666666665
E00138498,253,60,23,37,193,172,21,23.715415019762844,9.090909090909092,14.624505928853754,76.28458498023716,67.98418972332016,8.300395256916996
E00138499,199,46,14,32,153,135,18,23.115577889447238,7.035175879396985,16.08040201005025,76.88442211055276,67.8391959798995,9.045226130653267
E00138500,150,29,12,17,121,105,16,19.333333333333332,8,11.333333333333332,80.66666666666666,70,10.666666666666668
E00138501,148,41,20,21,107,97,10,27.7027027027027,13.513513513513514,14.18918918918919,72.2972972972973,65.54054054054053,6.756756756756757
E00138502,181,40,19,21,141,131,10,22.099447513812155,10.497237569060774,11.602209944751381,77.90055248618785,72.37569060773481,5.524861878453039
E00138503,137,40,10,30,97,89,8,29.1970802919708,7.2992700729927,21.897810218978105,70.8029197080292,64.96350364963503,5.839416058394161
E00138504,163,39,12,27,124,110,14,23.92638036809816,7.361963190184049,16.56441717791411,76.07361963190185,67.48466257668711,8.588957055214724
E00138505,115,37,9,28,78,68,10,32.17391304347826,7.82608695652174,24.347826086956523,67.82608695652173,59.130434782608695,8.695652173913043
E00138507,237,53,25,28,184,169,15,22.362869198312236,10.548523206751055,11.814345991561181,77.63713080168776,71.30801687763713,6.329113924050633
E00138508,178,34,8,26,144,126,18,19.101123595505616,4.49438202247191,14.606741573033707,80.89887640449437,70.78651685393258,10.112359550561797
E00138509,329,65,20,45,264,240,24,19.756838905775076,6.079027355623101,13.677811550151976,80.24316109422493,72.94832826747721,7.29483282674772
E00138510,165,30,5,25,135,121,14,18.181818181818183,3.0303030303030303,15.151515151515152,81.81818181818183,73.33333333333333,8.484848484848486
E00138511,224,39,14,25,185,158,27,17.410714285714285,6.25,11.160714285714286,82.58928571428571,70.53571428571429,12.053571428571429
E00138512,215,37,12,25,178,157,21,17.209302325581397,5.5813953488372094,11.627906976744185,82.7906976744186,73.0232558139535,9.767441860465116
E00138516,201,54,21,33,147,133,14,26.865671641791046,10.44776119402985,16.417910447761194,73.13432835820896,66.16915422885572,6.965174129353234
E00138517,206,49,10,39,157,145,12,23.78640776699029,4.854368932038835,18.932038834951456,76.2135922330097,70.3883495145631,5.825242718446602
E00138518,216,63,10,53,153,134,19,29.166666666666668,4.62962962962963,24.537037037037038,70.83333333333334,62.03703703703704,8.796296296296296
E00138519,255,67,23,44,188,165,23,26.27450980392157,9.019607843137255,17.254901960784313,73.72549019607844,64.70588235294117,9.019607843137255
E00138520,106,27,6,21,79,68,11,25.471698113207548,5.660377358490567,19.81132075471698,74.52830188679245,64.15094339622641,10.377358490566039
E00138521,179,53,11,42,126,114,12,29.608938547486037,6.145251396648044,23.463687150837988,70.39106145251397,63.687150837988824,6.70391061452514
E00138522,129,38,15,23,91,86,5,29.457364341085274,11.627906976744185,17.829457364341085,70.54263565891473,66.66666666666666,3.875968992248062
E00138523,162,37,13,24,125,109,16,22.839506172839506,8.024691358024691,14.814814814814813,77.1604938271605,67.28395061728395,9.876543209876543
E00138524,186,45,15,30,141,128,13,24.193548387096776,8.064516129032258,16.129032258064516,75.80645161290323,68.81720430107528,6.989247311827956
E00138525,126,35,13,22,91,82,9,27.77777777777778,10.317460317460316,17.46031746031746,72.22222222222221,65.07936507936508,7.142857142857142
E00138526,133,29,8,21,104,95,9,21.804511278195488,6.015037593984962,15.789473684210526,78.19548872180451,71.42857142857143,6.7669172932330826
E00138527,154,36,16,20,118,104,14,23.376623376623375,10.38961038961039,12.987012987012985,76.62337662337663,67.53246753246754,9.090909090909092
E00138528,161,48,19,29,113,97,16,29.81366459627329,11.801242236024844,18.012422360248447,70.1863354037267,60.24844720496895,9.937888198757763
E00138529,133,47,10,37,86,70,16,35.338345864661655,7.518796992481203,27.819548872180448,64.66165413533834,52.63157894736842,12.030075187969924
E00138530,149,51,13,38,98,86,12,34.22818791946309,8.724832214765101,25.503355704697988,65.77181208053692,57.71812080536913,8.053691275167784
E00138531,172,50,12,38,122,112,10,29.069767441860467,6.976744186046512,22.093023255813954,70.93023255813954,65.11627906976744,5.813953488372093
E00138532,172,44,8,36,128,107,21,25.581395348837212,4.651162790697675,20.930232558139537,74.4186046511628,62.2093023255814,12.209302325581394
E00138533,87,26,11,15,61,48,13,29.88505747126437,12.643678160919542,17.24137931034483,70.11494252873564,55.172413793103445,14.942528735632186
E00138534,166,54,22,32,112,100,12,32.53012048192771,13.253012048192772,19.27710843373494,67.46987951807229,60.24096385542169,7.228915662650602
E00138536,142,44,11,33,98,89,9,30.985915492957744,7.746478873239436,23.239436619718308,69.01408450704226,62.676056338028175,6.338028169014084
E00138537,144,35,13,22,109,89,20,24.305555555555554,9.027777777777777,15.277777777777779,75.69444444444444,61.80555555555556,13.88888888888889
E00138538,313,78,26,52,235,198,37,24.920127795527154,8.30670926517572,16.61341853035144,75.07987220447284,63.25878594249201,11.821086261980831
E00138539,179,57,25,32,122,99,23,31.843575418994412,13.966480446927374,17.877094972067038,68.15642458100558,55.3072625698324,12.849162011173185
E00138540,176,51,12,39,125,107,18,28.97727272727273,6.8181818181818175,22.15909090909091,71.02272727272727,60.79545454545454,10.227272727272728
E00138541,173,33,12,21,140,122,18,19.07514450867052,6.9364161849710975,12.138728323699421,80.92485549132948,70.52023121387283,10.404624277456648
E00138542,189,59,14,45,130,120,10,31.216931216931215,7.4074074074074066,23.809523809523807,68.78306878306879,63.49206349206349,5.291005291005291
E00138543,155,44,16,28,111,97,14,28.387096774193548,10.32258064516129,18.064516129032256,71.61290322580646,62.58064516129033,9.032258064516128
E00138544,205,42,12,30,163,135,28,20.48780487804878,5.853658536585367,14.634146341463413,79.51219512195122,65.85365853658537,13.658536585365855
E00138545,113,30,9,21,83,72,11,26.548672566371685,7.964601769911504,18.58407079646018,73.45132743362832,63.716814159292035,9.734513274336283
E00138546,159,31,10,21,128,104,24,19.49685534591195,6.289308176100629,13.20754716981132,80.50314465408806,65.40880503144653,15.09433962264151
E00138547,136,35,9,26,101,89,12,25.735294117647058,6.61764705882353,19.11764705882353,74.26470588235294,65.44117647058823,8.823529411764707
E00138548,130,22,8,14,108,91,17,16.923076923076923,6.153846153846154,10.76923076923077,83.07692307692308,70,13.076923076923078
E00138549,180,42,13,29,138,123,15,23.333333333333332,7.222222222222221,16.11111111111111,76.66666666666667,68.33333333333333,8.333333333333332
E00138550,266,71,17,54,195,177,18,26.691729323308273,6.390977443609022,20.30075187969925,73.30827067669173,66.54135338345864,6.7669172932330826
E00138551,119,32,8,24,87,73,14,26.89075630252101,6.722689075630252,20.168067226890756,73.10924369747899,61.34453781512605,11.76470588235294
E00138552,94,22,4,18,72,69,3,23.404255319148938,4.25531914893617,19.148936170212767,76.59574468085107,73.40425531914893,3.1914893617021276
E00138553,162,47,17,30,115,103,12,29.01234567901235,10.493827160493826,18.51851851851852,70.98765432098766,63.580246913580254,7.4074074074074066
E00138554,105,34,11,23,71,65,6,32.38095238095238,10.476190476190476,21.904761904761905,67.61904761904762,61.904761904761905,5.714285714285714
E00138555,181,33,13,20,148,132,16,18.23204419889503,7.18232044198895,11.049723756906078,81.76795580110497,72.92817679558011,8.83977900552486
E00138556,136,35,12,23,101,88,13,25.735294117647058,8.823529411764707,16.911764705882355,74.26470588235294,64.70588235294117,9.558823529411764
E00138558,210,51,21,30,159,136,23,24.285714285714285,10,14.285714285714285,75.71428571428571,64.76190476190476,10.952380952380953
E00138559,137,29,7,22,108,95,13,21.16788321167883,5.109489051094891,16.05839416058394,78.83211678832117,69.34306569343066,9.48905109489051
E00138560,163,29,10,19,134,113,21,17.791411042944784,6.134969325153374,11.65644171779141,82.20858895705521,69.32515337423312,12.883435582822086
E00138561,207,40,13,27,167,152,15,19.32367149758454,6.280193236714976,13.043478260869565,80.67632850241546,73.42995169082126,7.246376811594203
E00138562,185,38,15,23,147,131,16,20.54054054054054,8.108108108108109,12.432432432432433,79.45945945945945,70.8108108108108,8.64864864864865
E00138563,72,26,7,19,46,42,4,36.11111111111111,9.722222222222223,26.38888888888889,63.888888888888886,58.333333333333336,5.555555555555555
E00138564,346,74,18,56,272,243,29,21.38728323699422,5.202312138728324,16.184971098265898,78.61271676300578,70.23121387283237,8.38150289017341
E00138565,167,47,11,36,120,99,21,28.143712574850298,6.58682634730539,21.55688622754491,71.8562874251497,59.281437125748504,12.574850299401197
E00138566,159,42,11,31,117,102,15,26.41509433962264,6.918238993710692,19.49685534591195,73.58490566037736,64.15094339622641,9.433962264150944
E00138567,186,56,18,38,130,111,19,30.107526881720432,9.67741935483871,20.43010752688172,69.89247311827957,59.67741935483871,10.21505376344086
E00138568,129,46,17,29,83,80,3,35.65891472868217,13.178294573643413,22.48062015503876,64.34108527131784,62.01550387596899,2.3255813953488373
E00138569,147,37,23,14,110,82,28,25.170068027210885,15.646258503401361,9.523809523809524,74.82993197278913,55.78231292517006,19.047619047619047
E00138570,142,35,9,26,107,103,4,24.647887323943664,6.338028169014084,18.30985915492958,75.35211267605634,72.53521126760563,2.8169014084507045
E00138571,254,80,30,50,174,154,20,31.496062992125985,11.811023622047244,19.68503937007874,68.50393700787401,60.629921259842526,7.874015748031496
E00138572,248,58,20,38,190,168,22,23.387096774193548,8.064516129032258,15.32258064516129,76.61290322580645,67.74193548387096,8.870967741935484
E00138573,160,48,16,32,112,101,11,30,10,20,70,63.125,6.875000000000001
E00138574,175,56,15,41,119,107,12,32,8.571428571428571,23.42857142857143,68,61.142857142857146,6.857142857142858
E00138575,113,27,8,19,86,75,11,23.893805309734514,7.079646017699115,16.8141592920354,76.10619469026548,66.3716814159292,9.734513274336283
E00138576,159,36,14,22,123,110,13,22.641509433962266,8.80503144654088,13.836477987421384,77.35849056603774,69.18238993710692,8.176100628930817
E00138577,140,42,12,30,98,85,13,30,8.571428571428571,21.428571428571427,70,60.71428571428571,9.285714285714286
E00138578,152,48,12,36,104,92,12,31.57894736842105,7.894736842105263,23.684210526315788,68.42105263157895,60.526315789473685,7.894736842105263
E00138579,201,59,19,40,142,128,14,29.35323383084577,9.45273631840796,19.900497512437813,70.64676616915423,63.681592039801,6.965174129353234
E00138580,180,62,20,42,118,106,12,34.44444444444444,11.11111111111111,23.333333333333332,65.55555555555556,58.88888888888889,6.666666666666667
E00138581,102,38,0,38,64,59,5,37.254901960784316,0,37.254901960784316,62.745098039215684,57.84313725490197,4.901960784313726
E00138582,114,35,7,28,79,72,7,30.701754385964914,6.140350877192982,24.561403508771928,69.2982456140351,63.1578947368421,6.140350877192982
E00138583,83,28,8,20,55,51,4,33.734939759036145,9.63855421686747,24.096385542168676,66.26506024096386,61.44578313253012,4.819277108433735
E00138584,133,32,5,27,101,89,12,24.06015037593985,3.7593984962406015,20.30075187969925,75.93984962406014,66.9172932330827,9.022556390977442
E00138585,80,23,11,12,57,44,13,28.749999999999996,13.750000000000002,15,71.25,55.00000000000001,16.25
E00138586,156,47,11,36,109,98,11,30.128205128205128,7.051282051282051,23.076923076923077,69.87179487179486,62.82051282051282,7.051282051282051
E00138587,175,54,19,35,121,109,12,30.857142857142854,10.857142857142858,20,69.14285714285714,62.28571428571429,6.857142857142858
E00138588,121,34,10,24,87,78,9,28.09917355371901,8.264462809917356,19.834710743801654,71.900826446281,64.46280991735537,7.43801652892562
E00138589,131,44,16,28,87,75,12,33.587786259541986,12.213740458015266,21.374045801526716,66.41221374045801,57.25190839694656,9.16030534351145
E00138590,171,65,21,44,106,90,16,38.01169590643275,12.280701754385964,25.730994152046783,61.98830409356725,52.63157894736842,9.35672514619883
E00138591,116,29,8,21,87,80,7,25,6.896551724137931,18.103448275862068,75,68.96551724137932,6.0344827586206895
E00138592,242,43,13,30,199,184,15,17.768595041322314,5.371900826446281,12.396694214876034,82.23140495867769,76.03305785123968,6.198347107438017
E00138593,213,57,15,42,156,131,25,26.76056338028169,7.042253521126761,19.718309859154928,73.23943661971832,61.502347417840376,11.737089201877934
E00138594,237,65,17,48,172,165,7,27.42616033755274,7.172995780590717,20.253164556962027,72.57383966244726,69.62025316455697,2.9535864978902953
E00138595,216,57,20,37,159,136,23,26.38888888888889,9.25925925925926,17.12962962962963,73.61111111111111,62.96296296296296,10.648148148148149
E00138596,143,33,9,24,110,101,9,23.076923076923077,6.293706293706294,16.783216783216783,76.92307692307693,70.62937062937063,6.293706293706294
E00138597,221,52,14,38,169,150,19,23.52941176470588,6.334841628959276,17.194570135746606,76.47058823529412,67.87330316742081,8.597285067873303
E00138598,165,45,18,27,120,103,17,27.27272727272727,10.909090909090908,16.363636363636363,72.72727272727273,62.42424242424243,10.303030303030303
E00138599,178,52,14,38,126,109,17,29.213483146067414,7.865168539325842,21.34831460674157,70.78651685393258,61.23595505617978,9.550561797752808
E00138600,182,29,16,13,153,138,15,15.934065934065933,8.791208791208792,7.142857142857142,84.06593406593407,75.82417582417582,8.241758241758241
E00138601,157,33,11,22,124,109,15,21.019108280254777,7.006369426751593,14.012738853503185,78.98089171974523,69.42675159235668,9.554140127388536
E00138602,161,43,18,25,118,105,13,26.70807453416149,11.180124223602485,15.527950310559005,73.29192546583852,65.21739130434783,8.074534161490684
E00138603,167,40,12,28,127,114,13,23.952095808383234,7.18562874251497,16.766467065868262,76.04790419161677,68.26347305389223,7.784431137724551
E00138604,145,37,9,28,108,98,10,25.517241379310345,6.206896551724138,19.310344827586206,74.48275862068967,67.58620689655173,6.896551724137931
E00138605,166,43,12,31,123,114,9,25.903614457831324,7.228915662650602,18.67469879518072,74.09638554216868,68.67469879518072,5.421686746987952
E00138606,184,46,13,33,138,118,20,25,7.065217391304348,17.934782608695652,75,64.13043478260869,10.869565217391305
E00138607,175,41,14,27,134,116,18,23.42857142857143,8,15.428571428571427,76.57142857142857,66.28571428571428,10.285714285714285
E00138608,173,49,10,39,124,108,16,28.32369942196532,5.780346820809249,22.54335260115607,71.67630057803468,62.42774566473989,9.248554913294797
E00138609,174,51,19,32,123,111,12,29.310344827586203,10.919540229885058,18.39080459770115,70.6896551724138,63.793103448275865,6.896551724137931
E00138610,183,36,14,22,147,131,16,19.672131147540984,7.650273224043716,12.021857923497267,80.32786885245902,71.58469945355192,8.743169398907105
E00138611,174,36,12,24,138,120,18,20.689655172413794,6.896551724137931,13.793103448275861,79.3103448275862,68.96551724137932,10.344827586206897
E00138612,135,44,19,25,91,81,10,32.592592592592595,14.074074074074074,18.51851851851852,67.4074074074074,60,7.4074074074074066
E00138613,137,37,9,28,100,96,4,27.00729927007299,6.569343065693431,20.437956204379564,72.99270072992701,70.07299270072993,2.9197080291970803
E00138614,132,51,14,37,81,72,9,38.63636363636363,10.606060606060606,28.030303030303028,61.36363636363637,54.54545454545454,6.8181818181818175
E00138615,158,48,12,36,110,94,16,30.37974683544304,7.59493670886076,22.78481012658228,69.62025316455697,59.49367088607595,10.126582278481013
E00138616,122,35,6,29,87,80,7,28.688524590163933,4.918032786885246,23.770491803278688,71.31147540983606,65.57377049180327,5.737704918032787
E00138617,231,52,15,37,179,160,19,22.51082251082251,6.493506493506493,16.017316017316016,77.48917748917748,69.26406926406926,8.225108225108226
E00138618,266,67,17,50,199,173,26,25.18796992481203,6.390977443609022,18.796992481203006,74.81203007518798,65.0375939849624,9.774436090225564
E00138619,164,47,15,32,117,108,9,28.65853658536585,9.146341463414634,19.51219512195122,71.34146341463415,65.85365853658537,5.487804878048781
E00138620,136,23,7,16,113,103,10,16.911764705882355,5.147058823529411,11.76470588235294,83.08823529411765,75.73529411764706,7.352941176470589
E00138622,195,49,19,30,146,129,17,25.128205128205128,9.7435897435897445,15.384615384615385,74.87179487179488,66.15384615384615,8.717948717948717
E00138623,167,32,6,26,135,116,19,19.16167664670659,3.592814371257485,15.568862275449103,80.83832335329342,69.46107784431138,11.377245508982035
E00138624,200,66,26,40,134,118,16,33,13,20,67,59,8
E00138625,170,51,26,25,119,101,18,30,15.294117647058824,14.705882352941178,70,59.411764705882355,10.588235294117647
E00138626,115,33,10,23,82,69,13,28.695652173913043,8.695652173913043,20,71.30434782608695,60,11.304347826086957
E00138627,160,31,6,25,129,117,12,19.375,3.75,15.625,80.625,73.125,7.5
E00138628,207,54,15,39,153,135,18,26.08695652173913,7.246376811594203,18.84057971014493,73.91304347826086,65.21739130434783,8.695652173913043
E00138629,241,61,10,51,180,148,32,25.311203319502074,4.149377593360995,21.16182572614108,74.68879668049793,61.41078838174274,13.278008298755188
E00138630,154,28,3,25,126,112,14,18.181818181818183,1.948051948051948,16.233766233766232,81.81818181818183,72.72727272727273,9.090909090909092
E00138632,164,33,13,20,131,109,22,20.121951219512198,7.926829268292683,12.195121951219512,79.8780487804878,66.46341463414635,13.414634146341465
E00138633,271,56,14,42,215,188,27,20.66420664206642,5.166051660516605,15.498154981549817,79.33579335793358,69.37269372693727,9.96309963099631
E00138634,154,59,21,38,95,82,13,38.311688311688314,13.636363636363635,24.675324675324674,61.68831168831169,53.246753246753244,8.441558441558442
E00138635,128,28,11,17,100,71,29,21.875,8.59375,13.28125,78.125,55.46875,22.65625
E00138636,181,41,11,30,140,113,27,22.65193370165746,6.077348066298343,16.574585635359114,77.34806629834254,62.430939226519335,14.917127071823206
E00138637,160,50,14,36,110,97,13,31.25,8.75,22.5,68.75,60.62499999999999,8.125
E00138638,169,44,14,30,125,102,23,26.035502958579883,8.284023668639055,17.75147928994083,73.96449704142012,60.35502958579882,13.609467455621301
E00138640,155,34,13,21,121,103,18,21.935483870967744,8.38709677419355,13.548387096774196,78.06451612903226,66.45161290322581,11.612903225806452
E00138641,139,22,10,12,117,103,14,15.827338129496402,7.1942446043165464,8.633093525179856,84.17266187050359,74.10071942446042,10.071942446043165
E00138642,160,42,17,25,118,99,19,26.25,10.625,15.625,73.75,61.875,11.875
E00138643,94,27,11,16,67,55,12,28.723404255319153,11.702127659574469,17.02127659574468,71.27659574468085,58.51063829787234,12.76595744680851
E00138644,274,76,33,43,198,164,34,27.73722627737226,12.043795620437956,15.693430656934307,72.26277372262774,59.854014598540154,12.408759124087592
E00138645,162,51,19,32,111,91,20,31.48148148148148,11.728395061728394,19.753086419753085,68.51851851851852,56.17283950617284,12.345679012345679
E00138646,101,20,3,17,81,56,25,19.801980198019802,2.9702970297029703,16.831683168316832,80.19801980198021,55.44554455445545,24.752475247524753
E00138647,177,55,23,32,122,93,29,31.07344632768362,12.994350282485875,18.07909604519774,68.92655367231639,52.54237288135594,16.38418079096045
E00138648,219,56,20,36,163,142,21,25.570776255707763,9.1324200913242,16.43835616438356,74.42922374429224,64.84018264840182,9.58904109589041
E00138649,118,44,16,28,74,59,15,37.28813559322034,13.559322033898304,23.728813559322035,62.71186440677966,50,12.711864406779661
E00138650,153,47,20,27,106,82,24,30.718954248366014,13.071895424836603,17.647058823529413,69.28104575163398,53.59477124183007,15.686274509803921
E00138651,198,52,17,35,146,115,31,26.262626262626267,8.585858585858585,17.67676767676768,73.73737373737373,58.080808080808076,15.656565656565657
E00138652,141,48,17,31,93,77,16,34.04255319148936,12.056737588652481,21.98581560283688,65.95744680851064,54.60992907801418,11.347517730496454
E00138653,151,28,8,20,123,107,16,18.543046357615893,5.298013245033113,13.245033112582782,81.45695364238411,70.86092715231787,10.596026490066226
E00138654,143,46,20,26,97,85,12,32.16783216783217,13.986013986013987,18.181818181818183,67.83216783216784,59.44055944055944,8.391608391608392
E00138655,166,40,17,23,126,108,18,24.096385542168676,10.240963855421686,13.855421686746988,75.90361445783132,65.06024096385542,10.843373493975903
E00138656,183,34,13,21,149,134,15,18.579234972677597,7.103825136612022,11.475409836065573,81.4207650273224,73.224043715847,8.19672131147541
E00138657,193,53,16,37,140,115,25,27.461139896373055,8.290155440414509,19.170984455958546,72.53886010362694,59.58549222797927,12.953367875647666
E00138658,130,46,19,27,84,64,20,35.38461538461539,14.615384615384617,20.76923076923077,64.61538461538461,49.23076923076923,15.384615384615385
E00138659,146,42,17,25,104,78,26,28.767123287671232,11.643835616438356,17.123287671232877,71.23287671232876,53.42465753424658,17.80821917808219
E00138660,173,49,14,35,124,90,34,28.32369942196532,8.092485549132949,20.23121387283237,71.67630057803468,52.02312138728323,19.653179190751445
E00138661,159,48,13,35,111,79,32,30.18867924528302,8.176100628930817,22.0125786163522,69.81132075471697,49.685534591194966,20.125786163522015
E00138662,141,40,13,27,101,85,16,28.368794326241137,9.219858156028367,19.148936170212767,71.63120567375887,60.28368794326241,11.347517730496454
E00138663,170,60,27,33,110,89,21,35.294117647058826,15.88235294117647,19.411764705882355,64.70588235294117,52.352941176470594,12.352941176470589
E00138664,139,42,20,22,97,80,17,30.215827338129497,14.388489208633093,15.827338129496402,69.7841726618705,57.55395683453237,12.23021582733813
E00138665,135,33,13,20,102,82,20,24.444444444444443,9.62962962962963,14.814814814814813,75.55555555555556,60.74074074074074,14.814814814814813
E00138666,134,39,21,18,95,86,9,29.1044776119403,15.671641791044777,13.432835820895523,70.8955223880597,64.17910447761194,6.7164179104477615
E00138667,150,50,23,27,100,89,11,33.33333333333333,15.333333333333332,18,66.66666666666666,59.333333333333336,7.333333333333333
E00138668,180,49,15,34,131,111,20,27.22222222222222,8.333333333333332,18.88888888888889,72.77777777777777,61.66666666666667,11.11111111111111
E00138669,154,45,21,24,109,89,20,29.22077922077922,13.636363636363635,15.584415584415584,70.77922077922078,57.7922077922078,12.987012987012985
E00138670,161,53,16,37,108,92,16,32.91925465838509,9.937888198757763,22.981366459627328,67.08074534161491,57.14285714285714,9.937888198757763
E00138671,100,23,7,16,77,60,17,23,7.000000000000001,16,77,60,17
E00138672,149,51,22,29,98,68,30,34.22818791946309,14.76510067114094,19.463087248322147,65.77181208053692,45.63758389261745,20.13422818791946
E00138673,134,41,12,29,93,75,18,30.597014925373134,8.955223880597014,21.641791044776117,69.40298507462687,55.970149253731336,13.432835820895523
E00138674,90,33,15,18,57,43,14,36.666666666666664,16.666666666666664,20,63.33333333333333,47.77777777777778,15.555555555555555
E00138675,185,60,22,38,125,98,27,32.432432432432435,11.891891891891893,20.54054054054054,67.56756756756756,52.972972972972975,14.594594594594595
E00138676,60,20,8,12,40,28,12,33.33333333333333,13.333333333333334,20,66.66666666666666,46.666666666666664,20
E00138677,158,40,14,26,118,93,25,25.31645569620253,8.860759493670885,16.455696202531644,74.68354430379746,58.86075949367089,15.822784810126583
E00138678,79,26,9,17,53,41,12,32.91139240506329,11.39240506329114,21.518987341772153,67.08860759493672,51.89873417721519,15.18987341772152
E00138679,148,37,19,18,111,83,28,25,12.837837837837837,12.162162162162163,75,56.08108108108109,18.91891891891892
E00138680,54,18,9,9,36,28,8,33.33333333333333,16.666666666666664,16.666666666666664,66.66666666666666,51.85185185185185,14.814814814814813
E00138681,224,58,21,37,166,126,40,25.892857142857146,9.375,16.517857142857142,74.10714285714286,56.25,17.857142857142858
E00138682,158,47,16,31,111,78,33,29.746835443037973,10.126582278481013,19.62025316455696,70.25316455696202,49.36708860759494,20.88607594936709
E00138683,174,57,16,41,117,84,33,32.758620689655174,9.195402298850574,23.563218390804597,67.24137931034483,48.275862068965516,18.96551724137931
E00138684,89,24,8,16,65,54,11,26.96629213483146,8.98876404494382,17.97752808988764,73.03370786516854,60.67415730337079,12.359550561797752
E00138685,176,55,29,26,121,83,38,31.25,16.477272727272727,14.772727272727273,68.75,47.159090909090914,21.59090909090909
E00138686,172,54,25,29,118,104,14,31.3953488372093,14.534883720930234,16.86046511627907,68.6046511627907,60.46511627906976,8.13953488372093
E00138687,131,36,6,30,95,85,10,27.480916030534353,4.580152671755725,22.900763358778626,72.51908396946564,64.8854961832061,7.633587786259542
E00138688,201,68,18,50,133,116,17,33.83084577114428,8.955223880597014,24.875621890547265,66.16915422885572,57.711442786069654,8.45771144278607
E00138689,148,35,15,20,113,83,30,23.64864864864865,10.135135135135135,13.513513513513514,76.35135135135135,56.08108108108109,20.27027027027027
E00138690,128,35,13,22,93,76,17,27.34375,10.15625,17.1875,72.65625,59.375,13.28125
E00138691,101,29,12,17,72,66,6,28.71287128712871,11.881188118811881,16.831683168316832,71.28712871287128,65.34653465346535,5.9405940594059405
E00138692,135,44,14,30,91,77,14,32.592592592592595,10.37037037037037,22.22222222222222,67.4074074074074,57.03703703703704,10.37037037037037
E00138696,135,43,15,28,92,74,18,31.851851851851855,11.11111111111111,20.74074074074074,68.14814814814815,54.81481481481482,13.333333333333334
E00138697,199,68,21,47,131,102,29,34.17085427135678,10.552763819095476,23.618090452261306,65.82914572864321,51.256281407035175,14.572864321608039
E00138698,149,32,13,19,117,90,27,21.476510067114095,8.724832214765101,12.751677852348994,78.52348993288591,60.40268456375839,18.120805369127517
E00138699,170,50,13,37,120,102,18,29.411764705882355,7.647058823529412,21.764705882352942,70.58823529411765,60,10.588235294117647
E00138700,173,49,20,29,124,107,17,28.32369942196532,11.560693641618498,16.76300578034682,71.67630057803468,61.849710982658955,9.826589595375722
E00138701,112,29,12,17,83,63,20,25.892857142857146,10.714285714285714,15.178571428571427,74.10714285714286,56.25,17.857142857142858
E00138702,168,57,22,35,111,86,25,33.92857142857143,13.095238095238097,20.833333333333336,66.07142857142857,51.19047619047619,14.880952380952381
E00138703,112,40,15,25,72,60,12,35.714285714285715,13.392857142857142,22.321428571428573,64.28571428571429,53.57142857142857,10.714285714285714
E00138704,130,39,10,29,91,77,14,30,7.6923076923076925,22.30769230769231,70,59.23076923076923,10.76923076923077
E00138705,182,36,11,25,146,113,33,19.78021978021978,6.043956043956044,13.736263736263737,80.21978021978022,62.08791208791209,18.13186813186813
E00138706,175,41,15,26,134,111,23,23.42857142857143,8.571428571428571,14.857142857142858,76.57142857142857,63.42857142857142,13.142857142857142
E00138707,171,32,9,23,139,107,32,18.71345029239766,5.263157894736842,13.450292397660817,81.28654970760235,62.57309941520468,18.71345029239766
E00138708,171,67,32,35,104,92,12,39.1812865497076,18.71345029239766,20.46783625730994,60.81871345029239,53.80116959064327,7.017543859649122
E00138709,99,19,7,12,80,69,11,19.19191919191919,7.07070707070707,12.121212121212121,80.8080808080808,69.6969696969697,11.11111111111111
E00138710,177,48,23,25,129,100,29,27.11864406779661,12.994350282485875,14.124293785310735,72.88135593220339,56.49717514124294,16.38418079096045
E00138711,176,34,13,21,142,125,17,19.318181818181817,7.386363636363637,11.931818181818182,80.68181818181817,71.02272727272727,9.659090909090908
E00138712,164,46,20,26,118,102,16,28.04878048780488,12.195121951219512,15.853658536585366,71.95121951219512,62.19512195121951,9.75609756097561
E00138713,110,25,9,16,85,72,13,22.727272727272727,8.181818181818182,14.545454545454545,77.27272727272727,65.45454545454545,11.818181818181818
E00138714,166,50,20,30,116,92,24,30.120481927710845,12.048192771084338,18.072289156626507,69.87951807228916,55.42168674698795,14.457831325301203
E00138715,165,42,14,28,123,99,24,25.454545454545453,8.484848484848486,16.969696969696972,74.54545454545455,60,14.545454545454545
E00138716,130,39,11,28,91,80,11,30,8.461538461538462,21.53846153846154,70,61.53846153846154,8.461538461538462
E00138717,205,54,21,33,151,127,24,26.34146341463415,10.24390243902439,16.097560975609756,73.65853658536585,61.951219512195124,11.707317073170733
E00138718,257,59,19,40,198,154,44,22.957198443579767,7.392996108949417,15.56420233463035,77.04280155642024,59.92217898832685,17.120622568093385
E00138719,155,35,9,26,120,103,17,22.58064516129032,5.806451612903226,16.7741935483871,77.41935483870968,66.45161290322581,10.967741935483872
E00138720,185,45,13,32,140,126,14,24.324324324324326,7.027027027027027,17.2972972972973,75.67567567567568,68.10810810810811,7.567567567567568
E00138721,164,42,11,31,122,109,13,25.609756097560975,6.707317073170732,18.902439024390244,74.39024390243902,66.46341463414635,7.926829268292683
E00138722,158,51,14,37,107,83,24,32.278481012658226,8.860759493670885,23.417721518987342,67.72151898734177,52.53164556962025,15.18987341772152
E00138723,195,50,13,37,145,121,24,25.64102564102564,6.666666666666667,18.974358974358974,74.35897435897436,62.05128205128205,12.307692307692308
E00138724,185,42,17,25,143,122,21,22.702702702702705,9.18918918918919,13.513513513513514,77.29729729729729,65.94594594594595,11.351351351351353
E00138725,194,55,23,32,139,124,15,28.350515463917525,11.855670103092782,16.49484536082474,71.64948453608247,63.91752577319587,7.731958762886598
E00138726,187,61,26,35,126,100,26,32.62032085561498,13.903743315508022,18.71657754010695,67.37967914438502,53.475935828877006,13.903743315508022
E00138727,163,41,19,22,122,105,17,25.153374233128833,11.65644171779141,13.496932515337424,74.84662576687117,64.41717791411043,10.429447852760736
E00138728,169,33,9,24,136,110,26,19.526627218934912,5.325443786982249,14.201183431952662,80.4733727810651,65.08875739644971,15.384615384615385
E00138729,250,79,26,53,171,141,30,31.6,10.4,21.2,68.4,56.39999999999999,12
E00138730,209,56,19,37,153,128,25,26.794258373205743,9.090909090909092,17.703349282296653,73.20574162679426,61.24401913875598,11.961722488038278
E00138731,173,42,13,29,131,111,20,24.277456647398843,7.514450867052023,16.76300578034682,75.72254335260115,64.16184971098265,11.560693641618498
E00138732,147,33,7,26,114,101,13,22.448979591836736,4.761904761904762,17.687074829931973,77.55102040816327,68.70748299319727,8.843537414965986
E00138733,154,44,12,32,110,92,18,28.57142857142857,7.792207792207792,20.77922077922078,71.42857142857143,59.74025974025974,11.688311688311687
E00138734,146,42,16,26,104,79,25,28.767123287671232,10.95890410958904,17.80821917808219,71.23287671232876,54.109589041095894,17.123287671232877
E00138735,164,49,20,29,115,99,16,29.878048780487802,12.195121951219512,17.682926829268293,70.1219512195122,60.36585365853659,9.75609756097561
E00138736,191,50,18,32,141,113,28,26.17801047120419,9.424083769633508,16.75392670157068,73.82198952879581,59.16230366492147,14.659685863874344
E00138737,243,71,28,43,172,138,34,29.218106995884774,11.522633744855968,17.695473251028808,70.78189300411523,56.79012345679012,13.991769547325102
E00138738,136,37,10,27,99,84,15,27.205882352941174,7.352941176470589,19.852941176470587,72.79411764705883,61.76470588235294,11.029411764705882
E00138739,197,65,25,40,132,107,25,32.99492385786802,12.690355329949238,20.304568527918782,67.00507614213198,54.314720812182735,12.690355329949238
E00138740,198,48,25,23,150,115,35,24.242424242424242,12.626262626262626,11.616161616161616,75.75757575757575,58.080808080808076,17.67676767676768
E00138742,244,69,29,40,175,142,33,28.278688524590162,11.885245901639344,16.39344262295082,71.72131147540983,58.19672131147541,13.524590163934427
E00138743,109,29,13,16,80,60,20,26.605504587155966,11.926605504587156,14.678899082568808,73.39449541284404,55.04587155963303,18.34862385321101
E00138744,179,53,17,36,126,109,17,29.608938547486037,9.497206703910614,20.11173184357542,70.39106145251397,60.893854748603346,9.497206703910614
E00138745,143,39,12,27,104,81,23,27.27272727272727,8.391608391608392,18.88111888111888,72.72727272727273,56.64335664335665,16.083916083916083
E00138746,118,34,18,16,84,67,17,28.8135593220339,15.254237288135593,13.559322033898304,71.1864406779661,56.779661016949156,14.40677966101695
E00138747,122,35,14,21,87,74,13,28.688524590163933,11.475409836065573,17.21311475409836,71.31147540983606,60.65573770491803,10.655737704918032
E00138748,155,48,16,32,107,90,17,30.967741935483872,10.32258064516129,20.64516129032258,69.03225806451613,58.06451612903226,10.967741935483872
E00138749,149,35,18,17,114,93,21,23.48993288590604,12.080536912751679,11.409395973154362,76.51006711409396,62.41610738255034,14.093959731543624
E00138750,178,47,19,28,131,110,21,26.40449438202247,10.674157303370785,15.730337078651685,73.59550561797754,61.79775280898876,11.797752808988763
E00138751,127,25,14,11,102,90,12,19.68503937007874,11.023622047244094,8.661417322834646,80.31496062992126,70.86614173228347,9.448818897637794
E00138752,237,56,21,35,181,152,29,23.628691983122362,8.860759493670885,14.767932489451477,76.37130801687763,64.13502109704642,12.236286919831224
E00138753,221,60,24,36,161,133,28,27.149321266968325,10.85972850678733,16.289592760180994,72.85067873303167,60.18099547511312,12.669683257918551
E00138754,271,72,23,49,199,162,37,26.56826568265683,8.487084870848708,18.081180811808117,73.43173431734317,59.77859778597786,13.653136531365314
E00138756,140,34,14,20,106,89,17,24.285714285714285,10,14.285714285714285,75.71428571428571,63.57142857142857,12.142857142857142
E00138757,176,57,19,38,119,88,31,32.38636363636363,10.795454545454545,21.59090909090909,67.61363636363636,50,17.613636363636363
E00138758,126,49,12,37,77,59,18,38.88888888888889,9.523809523809524,29.365079365079367,61.111111111111114,46.82539682539682,14.285714285714285
E00138759,213,54,20,34,159,126,33,25.352112676056336,9.389671361502346,15.96244131455399,74.64788732394366,59.154929577464785,15.492957746478872
E00138760,86,25,7,18,61,42,19,29.069767441860467,8.13953488372093,20.930232558139537,70.93023255813954,48.837209302325576,22.093023255813954
E00138761,174,63,30,33,111,88,23,36.206896551724135,17.24137931034483,18.96551724137931,63.793103448275865,50.57471264367817,13.218390804597702
E00138762,72,28,12,16,44,30,14,38.88888888888889,16.666666666666664,22.22222222222222,61.111111111111114,41.66666666666667,19.444444444444446
E00138763,125,30,9,21,95,76,19,24,7.199999999999999,16.8,76,60.8,15.2
E00138764,163,45,20,25,118,100,18,27.607361963190186,12.269938650306749,15.337423312883436,72.39263803680981,61.34969325153374,11.042944785276074
E00138765,69,18,9,9,51,45,6,26.08695652173913,13.043478260869565,13.043478260869565,73.91304347826086,65.21739130434783,8.695652173913043
E00138766,105,26,10,16,79,68,11,24.761904761904763,9.523809523809524,15.238095238095239,75.23809523809524,64.76190476190476,10.476190476190476
E00138767,139,46,15,31,93,83,10,33.093525179856115,10.79136690647482,22.302158273381295,66.90647482014388,59.71223021582733,7.1942446043165464
E00138769,105,17,6,11,88,74,14,16.19047619047619,5.714285714285714,10.476190476190476,83.80952380952381,70.47619047619048,13.333333333333334
E00138771,348,88,36,52,260,221,39,25.287356321839084,10.344827586206897,14.942528735632186,74.71264367816092,63.50574712643679,11.206896551724139
E00138772,145,36,19,17,109,97,12,24.82758620689655,13.10344827586207,11.724137931034482,75.17241379310344,66.89655172413794,8.275862068965518
E00138773,120,27,12,15,93,76,17,22.5,10,12.5,77.5,63.33333333333333,14.166666666666666
E00138775,279,88,24,64,191,176,15,31.54121863799283,8.60215053763441,22.939068100358423,68.45878136200717,63.08243727598566,5.376344086021505
E00138776,135,38,12,26,97,84,13,28.14814814814815,8.88888888888889,19.25925925925926,71.85185185185186,62.22222222222222,9.62962962962963
E00138778,168,52,17,35,116,85,31,30.952380952380953,10.119047619047619,20.833333333333336,69.04761904761905,50.595238095238095,18.452380952380953
E00138780,147,41,18,23,106,84,22,27.89115646258503,12.244897959183673,15.646258503401361,72.10884353741497,57.14285714285714,14.965986394557824
E00138781,138,30,6,24,108,90,18,21.73913043478261,4.3478260869565215,17.391304347826086,78.26086956521739,65.21739130434783,13.043478260869565
E00138782,161,37,16,21,124,111,13,22.981366459627328,9.937888198757763,13.043478260869565,77.01863354037268,68.94409937888199,8.074534161490684
E00138783,139,37,10,27,102,92,10,26.618705035971225,7.1942446043165464,19.424460431654676,73.38129496402878,66.18705035971223,7.1942446043165464
E00138784,187,57,21,36,130,100,30,30.481283422459892,11.229946524064172,19.25133689839572,69.5187165775401,53.475935828877006,16.042780748663102
E00138785,280,81,23,58,199,161,38,28.92857142857143,8.214285714285714,20.714285714285715,71.07142857142857,57.49999999999999,13.571428571428571
E00138786,191,57,19,38,134,114,20,29.84293193717277,9.947643979057592,19.895287958115183,70.15706806282722,59.68586387434554,10.471204188481675
E00138787,129,44,14,30,85,71,14,34.10852713178294,10.852713178294573,23.25581395348837,65.89147286821705,55.03875968992248,10.852713178294573
E00138788,155,42,15,27,113,92,21,27.09677419354839,9.67741935483871,17.419354838709676,72.90322580645162,59.354838709677416,13.548387096774196
E00138789,177,46,19,27,131,107,24,25.98870056497175,10.734463276836157,15.254237288135593,74.01129943502825,60.451977401129945,13.559322033898304
E00138790,193,59,25,34,134,103,31,30.569948186528496,12.953367875647666,17.616580310880828,69.43005181347151,53.36787564766839,16.06217616580311
E00138791,216,63,19,44,153,124,29,29.166666666666668,8.796296296296296,20.37037037037037,70.83333333333334,57.407407407407405,13.425925925925927
E00138792,171,48,14,34,123,97,26,28.07017543859649,8.187134502923977,19.883040935672515,71.9298245614035,56.72514619883041,15.204678362573098
E00138793,114,30,15,15,84,66,18,26.31578947368421,13.157894736842104,13.157894736842104,73.68421052631578,57.89473684210527,15.789473684210526
E00138794,116,40,19,21,76,55,21,34.48275862068966,16.379310344827587,18.103448275862068,65.51724137931035,47.41379310344828,18.103448275862068
E00138795,210,62,22,40,148,111,37,29.523809523809526,10.476190476190476,19.047619047619047,70.47619047619048,52.85714285714286,17.61904761904762
E00138796,130,48,18,30,82,62,20,36.92307692307693,13.846153846153847,23.076923076923077,63.07692307692307,47.69230769230769,15.384615384615385
E00138797,183,53,21,32,130,117,13,28.96174863387978,11.475409836065573,17.48633879781421,71.03825136612022,63.934426229508205,7.103825136612022
E00138798,148,37,11,26,111,94,17,25,7.4324324324324325,17.56756756756757,75,63.51351351351351,11.486486486486488
E00138799,151,42,23,19,109,80,29,27.81456953642384,15.2317880794702,12.582781456953644,72.18543046357617,52.980132450331126,19.205298013245034
E00138800,171,58,21,37,113,93,20,33.91812865497076,12.280701754385964,21.637426900584796,66.08187134502924,54.385964912280706,11.695906432748536
E00138801,165,60,21,39,105,83,22,36.36363636363637,12.727272727272727,23.636363636363637,63.63636363636363,50.303030303030305,13.333333333333334
E00138802,198,40,18,22,158,129,29,20.2020202020202,9.090909090909092,11.11111111111111,79.7979797979798,65.15151515151516,14.646464646464647
E00138803,122,38,11,27,84,77,7,31.147540983606557,9.01639344262295,22.131147540983605,68.85245901639344,63.114754098360656,5.737704918032787
E00138804,165,47,19,28,118,96,22,28.484848484848484,11.515151515151516,16.969696969696972,71.51515151515152,58.18181818181818,13.333333333333334
E00138805,100,34,14,20,66,46,20,34,14.000000000000002,20,66,46,20
E00138806,136,50,16,34,86,70,16,36.76470588235294,11.76470588235294,25,63.23529411764706,51.470588235294116,11.76470588235294
E00138807,132,46,19,27,86,71,15,34.84848484848485,14.393939393939394,20.454545454545457,65.15151515151516,53.78787878787878,11.363636363636363
E00138808,117,36,14,22,81,70,11,30.76923076923077,11.965811965811966,18.803418803418804,69.23076923076923,59.82905982905983,9.401709401709402
E00138809,101,26,8,18,75,56,19,25.742574257425744,7.920792079207921,17.82178217821782,74.25742574257426,55.44554455445545,18.81188118811881
E00138810,106,29,10,19,77,62,15,27.358490566037734,9.433962264150944,17.92452830188679,72.64150943396226,58.490566037735846,14.150943396226415
E00138811,166,58,20,38,108,89,19,34.93975903614458,12.048192771084338,22.89156626506024,65.06024096385542,53.6144578313253,11.44578313253012
E00138812,104,32,9,23,72,59,13,30.76923076923077,8.653846153846153,22.115384615384613,69.23076923076923,56.730769230769226,12.5
E00138813,129,40,14,26,89,68,21,31.007751937984494,10.852713178294573,20.155038759689923,68.9922480620155,52.71317829457365,16.27906976744186
E00138814,148,43,12,31,105,91,14,29.054054054054053,8.108108108108109,20.945945945945947,70.94594594594594,61.48648648648649,9.45945945945946
E00138815,178,58,19,39,120,101,19,32.58426966292135,10.674157303370785,21.910112359550563,67.41573033707866,56.74157303370787,10.674157303370785
E00138816,118,37,11,26,81,62,19,31.35593220338983,9.322033898305085,22.033898305084744,68.64406779661016,52.54237288135594,16.101694915254235
E00138817,113,38,10,28,75,60,15,33.6283185840708,8.849557522123893,24.778761061946902,66.3716814159292,53.09734513274337,13.274336283185843
E00138818,89,15,9,6,74,53,21,16.853932584269664,10.112359550561797,6.741573033707865,83.14606741573034,59.55056179775281,23.595505617977526
E00138819,129,44,14,30,85,65,20,34.10852713178294,10.852713178294573,23.25581395348837,65.89147286821705,50.3875968992248,15.503875968992247
E00138820,139,47,22,25,92,68,24,33.81294964028777,15.827338129496402,17.985611510791365,66.18705035971223,48.92086330935252,17.26618705035971
E00138821,164,53,16,37,111,94,17,32.31707317073171,9.75609756097561,22.5609756097561,67.6829268292683,57.3170731707317,10.365853658536585
E00138822,136,36,12,24,100,88,12,26.47058823529412,8.823529411764707,17.647058823529413,73.52941176470588,64.70588235294117,8.823529411764707
E00138823,166,51,16,35,115,98,17,30.72289156626506,9.63855421686747,21.084337349397593,69.27710843373494,59.036144578313255,10.240963855421686
E00138824,158,47,16,31,111,90,21,29.746835443037973,10.126582278481013,19.62025316455696,70.25316455696202,56.9620253164557,13.291139240506327
E00138825,255,73,18,55,182,146,36,28.627450980392155,7.0588235294117645,21.568627450980394,71.37254901960785,57.25490196078431,14.117647058823529
E00138826,72,21,8,13,51,39,12,29.166666666666668,11.11111111111111,18.055555555555554,70.83333333333334,54.166666666666664,16.666666666666664
E00138827,104,28,14,14,76,62,14,26.923076923076923,13.461538461538462,13.461538461538462,73.07692307692307,59.61538461538461,13.461538461538462
E00138828,235,61,20,41,174,144,30,25.957446808510635,8.51063829787234,17.4468085106383,74.04255319148936,61.27659574468085,12.76595744680851
E00138829,115,44,17,27,71,56,15,38.26086956521739,14.782608695652174,23.47826086956522,61.73913043478261,48.69565217391305,13.043478260869565
E00138830,132,42,9,33,90,76,14,31.818181818181817,6.8181818181818175,25,68.18181818181817,57.57575757575758,10.606060606060606
E00138831,116,29,10,19,87,75,12,25,8.620689655172415,16.379310344827587,75,64.65517241379311,10.344827586206897
E00138832,52,21,10,11,31,22,9,40.38461538461539,19.230769230769234,21.153846153846153,59.61538461538461,42.30769230769231,17.307692307692307
E00138833,188,47,17,30,141,109,32,25,9.042553191489363,15.957446808510639,75,57.97872340425532,17.02127659574468
E00138834,167,50,19,31,117,87,30,29.94011976047904,11.377245508982035,18.562874251497004,70.05988023952095,52.09580838323353,17.964071856287426
E00138835,324,42,9,33,282,258,24,12.962962962962962,2.7777777777777777,10.185185185185185,87.03703703703704,79.62962962962963,7.4074074074074066
E00138836,181,48,18,30,133,110,23,26.519337016574585,9.94475138121547,16.574585635359114,73.48066298342542,60.773480662983424,12.70718232044199
E00138837,183,58,15,43,125,95,30,31.693989071038253,8.19672131147541,23.497267759562842,68.30601092896174,51.91256830601093,16.39344262295082
E00138838,114,37,14,23,77,56,21,32.45614035087719,12.280701754385964,20.175438596491226,67.54385964912281,49.122807017543856,18.421052631578945
E00138839,148,45,24,21,103,68,35,30.405405405405407,16.216216216216218,14.18918918918919,69.5945945945946,45.94594594594595,23.64864864864865
E00138841,160,52,10,42,108,93,15,32.5,6.25,26.25,67.5,58.12500000000001,9.375
E00138842,311,101,30,71,210,163,47,32.475884244372985,9.646302250803858,22.829581993569132,67.52411575562701,52.41157556270096,15.112540192926044
E00138843,209,57,16,41,152,134,18,27.27272727272727,7.655502392344498,19.617224880382775,72.72727272727273,64.11483253588517,8.61244019138756
E00138844,123,39,11,28,84,71,13,31.70731707317073,8.94308943089431,22.76422764227642,68.29268292682927,57.72357723577236,10.569105691056912
E00138845,161,56,21,35,105,79,26,34.78260869565217,13.043478260869565,21.73913043478261,65.21739130434783,49.06832298136646,16.149068322981368
E00138846,133,36,14,22,97,79,18,27.06766917293233,10.526315789473683,16.541353383458645,72.93233082706767,59.3984962406015,13.533834586466165
E00138847,139,51,21,30,88,82,6,36.69064748201439,15.107913669064748,21.58273381294964,63.30935251798561,58.992805755395686,4.316546762589928
E00138848,149,49,16,33,100,91,9,32.88590604026846,10.738255033557047,22.14765100671141,67.11409395973155,61.07382550335571,6.0402684563758395
E00138849,117,45,14,31,72,58,14,38.46153846153847,11.965811965811966,26.495726495726498,61.53846153846154,49.572649572649574,11.965811965811966
E00138850,152,50,13,37,102,73,29,32.89473684210527,8.552631578947368,24.342105263157894,67.10526315789474,48.026315789473685,19.078947368421055
E00138851,145,42,11,31,103,93,10,28.965517241379313,7.586206896551724,21.379310344827587,71.03448275862068,64.13793103448275,6.896551724137931
E00138852,114,35,17,18,79,63,16,30.701754385964914,14.912280701754385,15.789473684210526,69.2982456140351,55.26315789473685,14.035087719298245
E00138853,159,44,20,24,115,97,18,27.67295597484277,12.578616352201259,15.09433962264151,72.32704402515722,61.0062893081761,11.320754716981133
E00138854,167,49,23,26,118,103,15,29.34131736526946,13.77245508982036,15.568862275449103,70.65868263473054,61.67664670658682,8.982035928143713
E00138855,105,31,13,18,74,60,14,29.523809523809526,12.380952380952381,17.142857142857142,70.47619047619048,57.14285714285714,13.333333333333334
E00138856,286,60,18,42,226,187,39,20.97902097902098,6.293706293706294,14.685314685314685,79.02097902097903,65.38461538461539,13.636363636363635
E00138857,175,40,18,22,135,108,27,22.857142857142858,10.285714285714285,12.571428571428573,77.14285714285715,61.71428571428571,15.428571428571427
E00138858,120,27,9,18,93,83,10,22.5,7.5,15,77.5,69.16666666666667,8.333333333333332
E00138859,317,77,26,51,240,190,50,24.290220820189273,8.201892744479496,16.08832807570978,75.70977917981072,59.93690851735016,15.772870662460567
E00138860,160,60,16,44,100,78,22,37.5,10,27.500000000000004,62.5,48.75,13.750000000000002
E00138861,230,74,35,39,156,120,36,32.17391304347826,15.217391304347828,16.956521739130434,67.82608695652173,52.17391304347826,15.65217391304348
E00138862,169,48,20,28,121,95,26,28.402366863905325,11.834319526627219,16.56804733727811,71.59763313609467,56.213017751479285,15.384615384615385
E00138863,288,75,32,43,213,175,38,26.041666666666668,11.11111111111111,14.930555555555555,73.95833333333334,60.763888888888886,13.194444444444445
E00138864,357,82,25,57,275,220,55,22.969187675070028,7.002801120448179,15.966386554621847,77.03081232492998,61.62464985994398,15.406162464985995
E00138865,200,70,22,48,130,101,29,35,11,24,65,50.5,14.499999999999998
E00138866,106,25,8,17,81,64,17,23.58490566037736,7.547169811320755,16.037735849056602,76.41509433962264,60.37735849056604,16.037735849056602
E00138867,126,49,18,31,77,67,10,38.88888888888889,14.285714285714285,24.6031746031746,61.111111111111114,53.17460317460318,7.936507936507936
E00138868,198,49,21,28,149,116,33,24.747474747474747,10.606060606060606,14.14141414141414,75.25252525252525,58.58585858585859,16.666666666666664
E00138869,110,26,10,16,84,58,26,23.636363636363637,9.090909090909092,14.545454545454545,76.36363636363637,52.72727272727272,23.636363636363637
E00138870,291,86,31,55,205,169,36,29.553264604810998,10.652920962199312,18.900343642611684,70.44673539518901,58.075601374570454,12.371134020618557
E00138871,182,52,23,29,130,105,25,28.57142857142857,12.637362637362637,15.934065934065933,71.42857142857143,57.692307692307686,13.736263736263737
E00138872,215,53,27,26,162,117,45,24.651162790697676,12.558139534883722,12.093023255813954,75.34883720930232,54.418604651162795,20.930232558139537
E00138873,166,55,22,33,111,80,31,33.13253012048193,13.253012048192772,19.879518072289155,66.86746987951807,48.19277108433735,18.67469879518072
E00138874,158,47,15,32,111,82,29,29.746835443037973,9.49367088607595,20.253164556962027,70.25316455696202,51.89873417721519,18.354430379746837
E00138875,198,66,27,39,132,102,30,33.33333333333333,13.636363636363635,19.696969696969695,66.66666666666666,51.515151515151516,15.151515151515152
E00138876,140,31,6,25,109,90,19,22.142857142857142,4.285714285714286,17.857142857142858,77.85714285714286,64.28571428571429,13.571428571428571
E00138877,224,60,23,37,164,138,26,26.785714285714285,10.267857142857142,16.517857142857142,73.21428571428571,61.60714285714286,11.607142857142858
E00138878,161,40,20,20,121,100,21,24.84472049689441,12.422360248447205,12.422360248447205,75.15527950310559,62.11180124223602,13.043478260869565
E00138879,242,62,14,48,180,152,28,25.6198347107438,5.785123966942149,19.834710743801654,74.3801652892562,62.8099173553719,11.570247933884298
E00138880,256,63,23,40,193,161,32,24.609375,8.984375,15.625,75.390625,62.890625,12.5
E00138881,141,47,18,29,94,78,16,33.33333333333333,12.76595744680851,20.56737588652482,66.66666666666666,55.319148936170215,11.347517730496454
E00138882,157,42,11,31,115,102,13,26.751592356687897,7.006369426751593,19.745222929936308,73.24840764331209,64.96815286624204,8.280254777070063
E00138883,263,57,18,39,206,170,36,21.673003802281368,6.844106463878327,14.82889733840304,78.32699619771863,64.63878326996198,13.688212927756654
E00138884,104,35,12,23,69,58,11,33.65384615384615,11.538461538461538,22.115384615384613,66.34615384615384,55.769230769230774,10.576923076923077
E00138885,146,46,13,33,100,85,15,31.506849315068493,8.904109589041095,22.602739726027394,68.4931506849315,58.21917808219178,10.273972602739725
E00138886,171,53,15,38,118,107,11,30.994152046783626,8.771929824561402,22.22222222222222,69.00584795321637,62.57309941520468,6.432748538011696
E00138888,118,35,9,26,83,74,9,29.66101694915254,7.627118644067797,22.033898305084744,70.33898305084746,62.71186440677966,7.627118644067797
E00138889,159,43,11,32,116,106,10,27.044025157232703,6.918238993710692,20.125786163522015,72.95597484276729,66.66666666666666,6.289308176100629
E00138892,101,29,12,17,72,54,18,28.71287128712871,11.881188118811881,16.831683168316832,71.28712871287128,53.46534653465347,17.82178217821782
E00138893,121,25,8,17,96,79,17,20.66115702479339,6.6115702479338845,14.049586776859504,79.33884297520662,65.28925619834712,14.049586776859504
E00138894,79,21,8,13,58,53,5,26.582278481012654,10.126582278481013,16.455696202531644,73.41772151898735,67.08860759493672,6.329113924050633
E00138895,141,48,18,30,93,75,18,34.04255319148936,12.76595744680851,21.27659574468085,65.95744680851064,53.191489361702125,12.76595744680851
E00138896,162,46,16,30,116,108,8,28.39506172839506,9.876543209876543,18.51851851851852,71.60493827160494,66.66666666666666,4.938271604938271
E00138897,187,53,15,38,134,118,16,28.342245989304814,8.0213903743315509,20.32085561497326,71.65775401069519,63.101604278074866,8.55614973262032
E00138898,180,29,8,21,151,129,22,16.11111111111111,4.444444444444445,11.666666666666666,83.88888888888889,71.66666666666667,12.222222222222221
E00138899,62,13,4,9,49,39,10,20.967741935483872,6.451612903225806,14.516129032258066,79.03225806451613,62.903225806451616,16.129032258064516
E00138902,107,31,13,18,76,62,14,28.971962616822427,12.149532710280374,16.822429906542055,71.02803738317756,57.943925233644855,13.084112149532709
E00138903,306,87,39,48,219,163,56,28.431372549019606,12.745098039215685,15.686274509803921,71.56862745098039,53.26797385620915,18.30065359477124
E00138904,163,52,23,29,111,83,28,31.901840490797547,14.11042944785276,17.791411042944784,68.09815950920245,50.920245398773,17.177914110429448
E00138905,197,54,24,30,143,104,39,27.411167512690355,12.18274111675127,15.228426395939088,72.58883248730965,52.79187817258884,19.796954314720814
E00138906,139,47,22,25,92,67,25,33.81294964028777,15.827338129496402,17.985611510791365,66.18705035971223,48.201438848920866,17.985611510791365
E00138907,165,51,25,26,114,90,24,30.909090909090907,15.151515151515152,15.757575757575756,69.0909090909091,54.54545454545454,14.545454545454545
E00138908,156,56,11,45,100,84,16,35.8974358974359,7.051282051282051,28.846153846153843,64.1025641025641,53.84615384615385,10.256410256410255
E00138909,139,44,18,26,95,74,21,31.654676258992804,12.949640287769784,18.705035971223023,68.34532374100719,53.23741007194245,15.107913669064748
E00138910,133,41,14,27,92,79,13,30.82706766917293,10.526315789473683,20.30075187969925,69.17293233082707,59.3984962406015,9.774436090225564
E00138911,209,72,30,42,137,102,35,34.44976076555024,14.354066985645932,20.095693779904305,65.55023923444976,48.803827751196174,16.74641148325359
E00138912,233,65,22,43,168,112,56,27.896995708154503,9.44206008583691,18.4549356223176,72.1030042918455,48.068669527896994,24.034334763948497
E00138913,102,28,13,15,74,47,27,27.450980392156865,12.745098039215685,14.705882352941178,72.54901960784314,46.07843137254902,26.47058823529412
E00138914,180,50,29,21,130,89,41,27.77777777777778,16.11111111111111,11.666666666666666,72.22222222222221,49.44444444444444,22.77777777777778
E00138915,182,52,21,31,130,91,39,28.57142857142857,11.538461538461538,17.032967032967033,71.42857142857143,50,21.428571428571427
E00138916,212,46,20,26,166,119,47,21.69811320754717,9.433962264150944,12.264150943396226,78.30188679245283,56.132075471698116,22.169811320754718
E00138917,222,69,30,39,153,120,33,31.08108108108108,13.513513513513514,17.56756756756757,68.91891891891892,54.054054054054056,14.864864864864865
E00138918,176,50,23,27,126,94,32,28.40909090909091,13.068181818181818,15.340909090909092,71.5909090909091,53.40909090909091,18.181818181818183
E00138919,171,56,23,33,115,78,37,32.748538011695906,13.450292397660817,19.298245614035086,67.2514619883041,45.614035087719294,21.637426900584796
E00138920,169,47,17,30,122,102,20,27.810650887573964,10.059171597633137,17.75147928994083,72.18934911242604,60.35502958579882,11.834319526627219
E00138921,153,38,10,28,115,97,18,24.836601307189543,6.535947712418301,18.30065359477124,75.16339869281046,63.39869281045751,11.76470588235294
E00138922,199,67,25,42,132,111,21,33.66834170854271,12.562814070351758,21.105527638190953,66.33165829145729,55.778894472361806,10.552763819095476
E00138923,121,31,11,20,90,76,14,25.6198347107438,9.090909090909092,16.528925619834713,74.3801652892562,62.8099173553719,11.570247933884298
E00138924,149,46,18,28,103,92,11,30.87248322147651,12.080536912751679,18.79194630872483,69.12751677852349,61.74496644295302,7.38255033557047
E00138925,126,39,20,19,87,71,16,30.952380952380953,15.873015873015872,15.079365079365079,69.04761904761905,56.34920634920635,12.698412698412698
E00138926,161,49,26,23,112,76,36,30.434782608695656,16.149068322981368,14.285714285714285,69.56521739130434,47.20496894409938,22.36024844720497
E00138927,63,14,5,9,49,36,13,22.22222222222222,7.936507936507936,14.285714285714285,77.77777777777779,57.14285714285714,20.634920634920633
E00138928,136,50,14,36,86,64,22,36.76470588235294,10.294117647058822,26.47058823529412,63.23529411764706,47.05882352941176,16.176470588235293
E00138929,120,33,13,20,87,66,21,27.500000000000004,10.833333333333334,16.666666666666664,72.5,55.00000000000001,17.5
E00138930,103,35,9,26,68,53,15,33.980582524271846,8.737864077669903,25.24271844660194,66.01941747572816,51.45631067961165,14.563106796116504
E00138931,115,35,12,23,80,57,23,30.434782608695656,10.434782608695652,20,69.56521739130434,49.56521739130435,20
E00138932,157,56,23,33,101,84,17,35.6687898089172,14.64968152866242,21.019108280254777,64.3312101910828,53.503184713375795,10.828025477707007
E00138933,124,34,17,17,90,69,21,27.419354838709676,13.709677419354838,13.709677419354838,72.58064516129032,55.64516129032258,16.93548387096774
E00169191,245,66,22,44,179,163,16,26.93877551020408,8.979591836734693,17.959183673469386,73.06122448979592,66.53061224489795,6.530612244897959
E00169192,195,43,19,24,152,137,15,22.05128205128205,9.7435897435897445,12.307692307692308,77.94871794871796,70.25641025641025,7.6923076923076925
E00169195,166,32,11,21,134,116,18,19.27710843373494,6.626506024096386,12.650602409638553,80.72289156626506,69.87951807228916,10.843373493975903
E00169196,205,36,12,24,169,152,17,17.560975609756095,5.853658536585367,11.707317073170733,82.4390243902439,74.14634146341463,8.292682926829269
E00169197,188,38,11,27,150,136,14,20.212765957446805,5.851063829787234,14.361702127659576,79.7872340425532,72.3404255319149,7.446808510638298
E00169198,196,37,10,27,159,145,14,18.877551020408163,5.1020408163265305,13.77551020408163,81.12244897959184,73.9795918367347,7.142857142857142
E00169199,225,56,21,35,169,152,17,24.88888888888889,9.333333333333334,15.555555555555555,75.1111111111111,67.55555555555556,7.555555555555555
E00169200,241,58,16,42,183,156,27,24.066390041493776,6.639004149377594,17.42738589211618,75.93360995850622,64.73029045643153,11.20331950207469
E00169201,319,69,24,45,250,213,37,21.630094043887148,7.523510971786834,14.106583072100312,78.36990595611285,66.77115987460816,11.598746081504702
E00169202,186,36,15,21,150,132,18,19.35483870967742,8.064516129032258,11.29032258064516,80.64516129032258,70.96774193548387,9.67741935483871
E00169203,239,138,45,93,101,76,25,57.74058577405857,18.828451882845187,38.912133891213394,42.25941422594142,31.799163179916317,10.460251046025103
E00169204,171,74,27,47,97,79,18,43.27485380116959,15.789473684210526,27.485380116959064,56.72514619883041,46.198830409356724,10.526315789473683
E00169228,141,43,11,32,98,86,12,30.49645390070922,7.801418439716312,22.69503546099291,69.50354609929079,60.99290780141844,8.51063829787234
E00169229,136,36,10,26,100,92,8,26.47058823529412,7.352941176470589,19.11764705882353,73.52941176470588,67.64705882352942,5.88235294117647
E00169230,112,29,11,18,83,69,14,25.892857142857146,9.821428571428571,16.071428571428573,74.10714285714286,61.60714285714286,12.5
E00169231,181,57,19,38,124,100,24,31.491712707182316,10.497237569060774,20.994475138121548,68.50828729281768,55.24861878453039,13.259668508287293
E00169232,208,45,18,27,163,140,23,21.634615384615387,8.653846153846153,12.980769230769232,78.36538461538461,67.3076923076923,11.057692307692307
E00169233,125,35,12,23,90,73,17,28.000000000000004,9.6,18.4,72,58.4,13.600000000000001
E00169234,206,39,14,25,167,153,14,18.932038834951456,6.796116504854369,12.135922330097088,81.06796116504854,74.27184466019418,6.796116504854369
E00169235,192,34,7,27,158,128,30,17.708333333333336,3.6458333333333335,14.0625,82.29166666666666,66.66666666666666,15.625
E00169236,111,22,7,15,89,70,19,19.81981981981982,6.306306306306306,13.513513513513514,80.18018018018019,63.06306306306306,17.117117117117118
E00169239,211,42,14,28,169,145,24,19.90521327014218,6.6350710900473935,13.270142180094787,80.09478672985783,68.72037914691943,11.374407582938389
E00169240,157,42,14,28,115,94,21,26.751592356687897,8.9171974522293,17.8343949044586,73.24840764331209,59.87261146496815,13.375796178343949
E00169244,112,31,7,24,81,70,11,27.67857142857143,6.25,21.428571428571427,72.32142857142857,62.5,9.821428571428571
E00169245,301,75,21,54,226,169,57,24.916943521594686,6.976744186046512,17.940199335548172,75.08305647840533,56.14617940199336,18.93687707641196
E00169246,202,61,24,37,141,115,26,30.198019801980198,11.881188118811881,18.316831683168317,69.80198019801979,56.930693069306926,12.871287128712872
E00169247,118,24,8,16,94,81,13,20.33898305084746,6.779661016949152,13.559322033898304,79.66101694915254,68.64406779661016,11.016949152542372
E00169248,226,53,17,36,173,140,33,23.451327433628318,7.52212389380531,15.929203539823009,76.54867256637168,61.94690265486725,14.601769911504425
E00169249,192,48,16,32,144,117,27,25,8.333333333333332,16.666666666666664,75,60.9375,14.0625
E00169250,183,48,7,41,135,116,19,26.229508196721312,3.825136612021858,22.404371584699454,73.77049180327869,63.387978142076506,10.382513661202186
E00169251,232,69,20,49,163,137,26,29.74137931034483,8.620689655172415,21.120689655172413,70.25862068965517,59.05172413793104,11.206896551724139
E00169252,244,49,22,27,195,167,28,20.081967213114755,9.01639344262295,11.065573770491802,79.91803278688525,68.44262295081968,11.475409836065573
E00169253,140,41,8,33,99,83,16,29.28571428571429,5.714285714285714,23.57142857142857,70.71428571428572,59.285714285714285,11.428571428571429
E00169254,287,58,17,41,229,196,33,20.209059233449477,5.923344947735192,14.285714285714285,79.79094076655052,68.29268292682927,11.498257839721255
E00169255,200,28,11,17,172,156,16,14.000000000000002,5.5,8.5,86,78,8
E00169256,126,37,11,26,89,79,10,29.365079365079367,8.73015873015873,20.634920634920633,70.63492063492063,62.698412698412696,7.936507936507936
E00169257,277,31,12,19,246,228,18,11.191335740072201,4.332129963898916,6.859205776173286,88.8086642599278,82.31046931407943,6.4981949458483745
E00169258,137,38,10,28,99,92,7,27.73722627737226,7.2992700729927,20.437956204379564,72.26277372262774,67.15328467153284,5.109489051094891
E00169259,256,53,23,30,203,190,13,20.703125,8.984375,11.71875,79.296875,74.21875,5.078125
E00169260,156,27,13,14,129,114,15,17.307692307692307,8.333333333333332,8.974358974358974,82.6923076923077,73.07692307692307,9.615384615384617
E00169261,216,52,13,39,164,138,26,24.074074074074073,6.018518518518518,18.055555555555554,75.92592592592592,63.888888888888886,12.037037037037036
E00169263,92,15,5,10,77,70,7,16.304347826086957,5.434782608695652,10.869565217391305,83.69565217391305,76.08695652173914,7.608695652173914
E00169264,122,21,8,13,101,93,8,17.21311475409836,6.557377049180328,10.655737704918032,82.78688524590164,76.22950819672131,6.557377049180328
E00169265,179,38,9,29,141,132,9,21.22905027932961,5.027932960893855,16.201117318435752,78.77094972067039,73.74301675977654,5.027932960893855
E00169266,187,33,11,22,154,133,21,17.647058823529413,5.88235294117647,11.76470588235294,82.35294117647058,71.12299465240642,11.229946524064172
E00169267,83,16,2,14,67,57,10,19.27710843373494,2.4096385542168677,16.867469879518072,80.72289156626506,68.67469879518072,12.048192771084338
E00169269,228,46,9,37,182,156,26,20.175438596491226,3.9473684210526314,16.228070175438596,79.82456140350878,68.42105263157895,11.403508771929824
E00169270,226,68,26,42,158,131,27,30.08849557522124,11.504424778761061,18.58407079646018,69.91150442477876,57.9646017699115,11.946902654867257
E00169271,323,68,23,45,255,229,26,21.052631578947366,7.120743034055728,13.93188854489164,78.94736842105263,70.89783281733746,8.04953560371517
E00169272,176,31,14,17,145,129,16,17.613636363636363,7.954545454545454,9.659090909090908,82.38636363636364,73.29545454545455,9.090909090909092
E00169273,161,32,11,21,129,112,17,19.875776397515526,6.832298136645963,13.043478260869565,80.12422360248446,69.56521739130434,10.559006211180124
E00169275,187,22,6,16,165,149,16,11.76470588235294,3.2085561497326207,8.55614973262032,88.23529411764706,79.67914438502673,8.55614973262032
E00169276,123,29,16,13,94,83,11,23.577235772357724,13.008130081300814,10.569105691056912,76.42276422764228,67.47967479674797,8.94308943089431
E00169277,237,31,16,15,206,185,21,13.080168776371309,6.751054852320674,6.329113924050633,86.91983122362869,78.05907172995781,8.860759493670885
E00169278,265,64,18,46,201,182,19,24.150943396226417,6.7924528301886795,17.358490566037734,75.84905660377359,68.67924528301886,7.169811320754717
E00169279,113,31,6,25,82,70,12,27.43362831858407,5.3097345132743365,22.123893805309734,72.56637168141593,61.94690265486725,10.619469026548673
E00169281,81,27,10,17,54,42,12,33.33333333333333,12.345679012345679,20.98765432098765,66.66666666666666,51.85185185185185,14.814814814814813
E00169282,215,48,16,32,167,140,27,22.325581395348838,7.441860465116279,14.883720930232558,77.67441860465117,65.11627906976744,12.558139534883722
E00169283,109,32,18,14,77,66,11,29.357798165137616,16.51376146788991,12.844036697247708,70.64220183486239,60.550458715596335,10.091743119266056
E00169284,79,26,10,16,53,45,8,32.91139240506329,12.658227848101266,20.253164556962027,67.08860759493672,56.9620253164557,10.126582278481013
E00169285,198,38,9,29,160,138,22,19.19191919191919,4.545454545454546,14.646464646464647,80.8080808080808,69.6969696969697,11.11111111111111
E00169286,344,76,21,55,268,233,35,22.093023255813954,6.104651162790697,15.988372093023257,77.90697674418605,67.73255813953489,10.174418604651162
E00169287,273,61,21,40,212,156,56,22.344322344322347,7.6923076923076925,14.652014652014653,77.65567765567766,57.14285714285714,20.51282051282051
E00169288,179,46,18,28,133,102,31,25.69832402234637,10.05586592178771,15.64245810055866,74.30167597765363,56.98324022346368,17.318435754189945
E00169289,208,59,20,39,149,124,25,28.365384615384613,9.615384615384617,18.75,71.63461538461539,59.61538461538461,12.01923076923077
E00169290,159,43,14,29,116,97,19,27.044025157232703,8.80503144654088,18.238993710691823,72.95597484276729,61.0062893081761,11.949685534591195
E00169291,123,33,14,19,90,73,17,26.82926829268293,11.38211382113821,15.447154471544716,73.17073170731707,59.34959349593496,13.821138211382115
E00169292,182,46,11,35,136,119,17,25.274725274725274,6.043956043956044,19.230769230769234,74.72527472527473,65.38461538461539,9.340659340659341
E00169293,145,31,7,24,114,99,15,21.379310344827587,4.827586206896552,16.551724137931036,78.62068965517241,68.27586206896552,10.344827586206897
E00169294,112,26,8,18,86,71,15,23.214285714285715,7.142857142857142,16.071428571428573,76.78571428571429,63.39285714285714,13.392857142857142
E00169295,139,25,9,16,114,96,18,17.985611510791365,6.474820143884892,11.510791366906476,82.01438848920863,69.06474820143885,12.949640287769784
E00169296,128,33,13,20,95,84,11,25.78125,10.15625,15.625,74.21875,65.625,8.59375
E00169297,164,31,6,25,133,110,23,18.902439024390244,3.6585365853658534,15.24390243902439,81.09756097560977,67.07317073170732,14.02439024390244
E00169298,205,61,17,44,144,124,20,29.756097560975608,8.292682926829269,21.463414634146343,70.24390243902438,60.48780487804878,9.75609756097561
E00169299,209,51,17,34,158,128,30,24.401913875598087,8.133971291866029,16.267942583732058,75.5980861244019,61.24401913875598,14.354066985645932
E00169300,242,58,21,37,184,149,35,23.96694214876033,8.677685950413224,15.289256198347106,76.03305785123968,61.57024793388429,14.46280991735537
E00169301,240,50,16,34,190,160,30,20.833333333333336,6.666666666666667,14.166666666666666,79.16666666666666,66.66666666666666,12.5
E00169302,239,52,14,38,187,151,36,21.75732217573222,5.857740585774058,15.899581589958158,78.24267782426779,63.17991631799163,15.062761506276152
E00169303,247,55,12,43,192,165,27,22.267206477732792,4.8582995951417,17.408906882591094,77.7327935222672,66.80161943319838,10.931174089068826
E00169304,223,40,9,31,183,157,26,17.937219730941703,4.0358744394618835,13.901345291479823,82.0627802690583,70.4035874439462,11.659192825112108
E00169305,242,52,14,38,190,164,26,21.487603305785125,5.785123966942149,15.702479338842975,78.51239669421489,67.76859504132231,10.743801652892563
E00169306,251,58,21,37,193,157,36,23.107569721115535,8.366533864541832,14.741035856573706,76.89243027888446,62.54980079681275,14.342629482071715
E00169307,177,45,11,34,132,110,22,25.423728813559322,6.214689265536723,19.2090395480226,74.57627118644068,62.14689265536724,12.429378531073446
E00169308,244,63,26,37,181,154,27,25.81967213114754,10.655737704918032,15.163934426229508,74.18032786885246,63.114754098360656,11.065573770491802
E00169309,206,52,12,40,154,137,17,25.24271844660194,5.825242718446602,19.41747572815534,74.75728155339806,66.50485436893204,8.25242718446602
E00188951,186,42,15,27,144,118,26,22.58064516129032,8.064516129032258,14.516129032258066,77.41935483870968,63.44086021505376,13.978494623655912
E00188953,201,52,12,40,149,127,22,25.870646766169152,5.970149253731343,19.900497512437813,74.12935323383084,63.18407960199005,10.945273631840797
E00188954,179,37,12,25,142,121,21,20.670391061452513,6.70391061452514,13.966480446927374,79.3296089385475,67.59776536312849,11.731843575418994
E00188956,245,52,15,37,193,154,39,21.224489795918366,6.122448979591836,15.10204081632653,78.77551020408163,62.857142857142854,15.918367346938775
E00188957,188,28,12,16,160,137,23,14.893617021276595,6.382978723404255,8.51063829787234,85.1063829787234,72.87234042553192,12.23404255319149
E00188960,174,27,6,21,147,115,32,15.517241379310345,3.4482758620689653,12.068965517241379,84.48275862068965,66.0919540229885,18.39080459770115
E00188961,170,41,16,25,129,110,19,24.11764705882353,9.411764705882353,14.705882352941178,75.88235294117646,64.70588235294117,11.176470588235295
E00188962,159,27,10,17,132,123,9,16.9811320754717,6.289308176100629,10.69182389937107,83.01886792452831,77.35849056603774,5.660377358490567
E00188963,221,38,6,32,183,159,24,17.194570135746606,2.7149321266968327,14.479638009049776,82.80542986425338,71.94570135746606,10.85972850678733
E00188966,117,29,8,21,88,72,16,24.786324786324787,6.837606837606838,17.94871794871795,75.21367521367522,61.53846153846154,13.675213675213676
E00188968,191,56,12,44,135,111,24,29.31937172774869,6.282722513089005,23.036649214659686,70.68062827225131,58.1151832460733,12.56544502617801
E00188970,179,37,12,25,142,118,24,20.670391061452513,6.70391061452514,13.966480446927374,79.3296089385475,65.92178770949721,13.40782122905028
E00188971,130,42,10,32,88,78,10,32.30769230769231,7.6923076923076925,24.615384615384617,67.6923076923077,60,7.6923076923076925
E00188975,209,46,13,33,163,136,27,22.00956937799043,6.220095693779904,15.789473684210526,77.99043062200957,65.07177033492823,12.918660287081341
E00188982,16,8,3,5,8,7,1,50,18.75,31.25,50,43.75,6.25
E00188983,173,30,14,16,143,123,20,17.341040462427745,8.092485549132949,9.248554913294797,82.65895953757226,71.09826589595376,11.560693641618498
E00188985,151,51,18,33,100,69,31,33.77483443708609,11.920529801324504,21.85430463576159,66.22516556291392,45.6953642384106,20.52980132450331
E00188989,200,51,21,30,149,111,38,25.5,10.5,15,74.5,55.50000000000001,19
E00188991,193,34,9,25,159,147,12,17.616580310880828,4.66321243523316,12.953367875647666,82.38341968911918,76.16580310880829,6.217616580310881
E00188992,191,39,9,30,152,131,21,20.418848167539267,4.712041884816754,15.706806282722512,79.58115183246073,68.58638743455498,10.99476439790576
E00188996,131,48,16,32,83,69,14,36.6412213740458,12.213740458015266,24.427480916030532,63.358778625954194,52.67175572519084,10.687022900763358
E00188997,172,28,6,22,144,122,22,16.27906976744186,3.488372093023256,12.790697674418606,83.72093023255815,70.93023255813954,12.790697674418606
E00189000,263,146,103,43,117,109,8,55.51330798479087,39.163498098859314,16.34980988593156,44.48669201520912,41.44486692015209,3.041825095057034
E00189006,236,79,27,52,157,137,20,33.47457627118644,11.440677966101696,22.033898305084744,66.52542372881356,58.05084745762712,8.47457627118644
E00189011,254,59,15,44,195,162,33,23.228346456692915,5.905511811023622,17.322834645669293,76.77165354330708,63.77952755905512,12.992125984251967
E00189012,199,21,6,15,178,159,19,10.552763819095476,3.015075376884422,7.537688442211055,89.44723618090453,79.89949748743719,9.547738693467336
E00189013,252,59,20,39,193,166,27,23.41269841269841,7.936507936507936,15.476190476190476,76.5873015873016,65.87301587301587,10.714285714285714
E00189014,163,30,11,19,133,116,17,18.404907975460123,6.748466257668712,11.65644171779141,81.59509202453987,71.16564417177914,10.429447852760736
E00189016,201,31,9,22,170,143,27,15.422885572139302,4.477611940298507,10.945273631840797,84.5771144278607,71.14427860696517,13.432835820895523
E00189017,185,54,22,32,131,108,23,29.18918918918919,11.891891891891893,17.2972972972973,70.8108108108108,58.37837837837838,12.432432432432433
E00189019,158,43,12,31,115,93,22,27.21518987341772,7.59493670886076,19.62025316455696,72.78481012658227,58.86075949367089,13.924050632911392
E00189020,178,40,12,28,138,118,20,22.47191011235955,6.741573033707865,15.730337078651685,77.52808988764045,66.29213483146067,11.235955056179774
E00189021,172,30,10,20,142,128,14,17.441860465116278,5.813953488372093,11.627906976744185,82.55813953488372,74.4186046511628,8.13953488372093
E00189023,194,50,19,31,144,116,28,25.773195876288657,9.793814432989691,15.979381443298967,74.22680412371135,59.79381443298969,14.432989690721648
E00189025,214,47,16,31,167,131,36,21.962616822429908,7.476635514018691,14.485981308411214,78.03738317757009,61.21495327102804,16.822429906542055
E00189026,152,38,11,27,114,98,16,25,7.236842105263158,17.763157894736842,75,64.47368421052632,10.526315789473683
E00189029,197,31,9,22,166,145,21,15.736040609137056,4.568527918781726,11.16751269035533,84.26395939086294,73.60406091370558,10.65989847715736
E00189032,57,13,4,9,44,40,4,22.807017543859647,7.017543859649122,15.789473684210526,77.19298245614034,70.17543859649122,7.017543859649122
E00189033,176,32,11,21,144,112,32,18.181818181818183,6.25,11.931818181818182,81.81818181818183,63.63636363636363,18.181818181818183
E00189034,92,27,7,20,65,60,5,29.347826086956523,7.608695652173914,21.73913043478261,70.65217391304348,65.21739130434783,5.434782608695652
E00189035,183,64,32,32,119,94,25,34.97267759562842,17.48633879781421,17.48633879781421,65.02732240437157,51.36612021857923,13.661202185792352
E00189036,180,54,19,35,126,102,24,30,10.555555555555555,19.444444444444446,70,56.666666666666664,13.333333333333334
E00189037,159,39,21,18,120,89,31,24.528301886792452,13.20754716981132,11.320754716981133,75.47169811320755,55.9748427672956,19.49685534591195
E00189038,213,61,16,45,152,140,12,28.638497652582164,7.511737089201878,21.12676056338028,71.36150234741784,65.72769953051643,5.633802816901409
E00189039,268,84,45,39,184,162,22,31.343283582089555,16.791044776119403,14.55223880597015,68.65671641791045,60.447761194029844,8.208955223880597
E00189043,174,40,12,28,134,106,28,22.988505747126435,6.896551724137931,16.091954022988507,77.01149425287356,60.91954022988506,16.091954022988507
E00189045,188,41,13,28,147,124,23,21.808510638297875,6.914893617021277,14.893617021276595,78.19148936170212,65.95744680851064,12.23404255319149
E00189048,175,39,11,28,136,124,12,22.285714285714285,6.2857142857142865,16,77.71428571428571,70.85714285714285,6.857142857142858
E00189049,199,51,13,38,148,130,18,25.628140703517587,6.532663316582915,19.09547738693467,74.37185929648241,65.32663316582915,9.045226130653267
E00189050,200,51,15,36,149,126,23,25.5,7.5,18,74.5,63,11.5
E00189052,213,31,6,25,182,159,23,14.553990610328638,2.8169014084507045,11.737089201877934,85.44600938967136,74.64788732394366,10.7981220657277
E00189055,126,35,7,28,91,70,21,27.77777777777778,5.555555555555555,22.22222222222222,72.22222222222221,55.55555555555556,16.666666666666664
E00189058,172,42,10,32,130,111,19,24.418604651162788,5.813953488372093,18.6046511627907,75.5813953488372,64.53488372093024,11.046511627906977
E00189060,238,49,17,32,189,149,40,20.588235294117645,7.142857142857142,13.445378151260504,79.41176470588235,62.60504201680672,16.80672268907563
E00189064,200,46,17,29,154,125,29,23,8.5,14.499999999999998,77,62.5,14.499999999999998
E00189066,209,47,12,35,162,138,24,22.48803827751196,5.741626794258373,16.74641148325359,77.51196172248804,66.02870813397129,11.483253588516746
E00189068,201,33,5,28,168,140,28,16.417910447761194,2.4875621890547266,13.930348258706468,83.5820895522388,69.65174129353234,13.930348258706468
E00189069,144,45,20,25,99,81,18,31.25,13.88888888888889,17.36111111111111,68.75,56.25,12.5
E00189072,198,50,19,31,148,124,24,25.252525252525253,9.595959595959595,15.656565656565657,74.74747474747475,62.62626262626263,12.121212121212121
E00189073,222,43,15,28,179,149,30,19.36936936936937,6.756756756756757,12.612612612612612,80.63063063063063,67.11711711711712,13.513513513513514
E00189074,184,26,8,18,158,139,19,14.130434782608695,4.3478260869565215,9.782608695652174,85.86956521739131,75.54347826086956,10.326086956521738
E00189075,155,30,6,24,125,105,20,19.35483870967742,3.870967741935484,15.483870967741936,80.64516129032258,67.74193548387096,12.903225806451612
E00189081,168,55,27,28,113,89,24,32.73809523809524,16.071428571428573,16.666666666666664,67.26190476190477,52.976190476190474,14.285714285714285
E00189084,149,40,11,29,109,87,22,26.845637583892618,7.38255033557047,19.463087248322147,73.15436241610739,58.38926174496645,14.76510067114094
E00189085,59,15,10,5,44,37,7,25.423728813559322,16.94915254237288,8.47457627118644,74.57627118644068,62.71186440677966,11.864406779661017
E00189088,205,46,17,29,159,128,31,22.439024390243905,8.292682926829269,14.146341463414632,77.5609756097561,62.4390243902439,15.121951219512194
E00189089,180,44,13,31,136,112,24,24.444444444444443,7.222222222222221,17.22222222222222,75.55555555555556,62.22222222222222,13.333333333333334
E00189090,174,29,5,24,145,130,15,16.666666666666664,2.8735632183908044,13.793103448275861,83.33333333333334,74.71264367816092,8.620689655172415
E00189091,101,30,11,19,71,62,9,29.7029702970297,10.891089108910892,18.81188118811881,70.29702970297029,61.386138613861384,8.91089108910891
E00189092,205,45,19,26,160,138,22,21.951219512195124,9.268292682926829,12.682926829268293,78.04878048780488,67.31707317073172,10.731707317073171
E00189094,168,36,14,22,132,108,24,21.428571428571427,8.333333333333332,13.095238095238097,78.57142857142857,64.28571428571429,14.285714285714285
E00189095,192,24,7,17,168,143,25,12.5,3.6458333333333335,8.854166666666668,87.5,74.47916666666666,13.020833333333334
E00189096,164,28,6,22,136,121,15,17.073170731707318,3.6585365853658534,13.414634146341465,82.92682926829268,73.78048780487805,9.146341463414634
E00189097,225,29,10,19,196,168,28,12.88888888888889,4.444444444444445,8.444444444444445,87.1111111111111,74.66666666666667,12.444444444444445
E00189098,167,41,18,23,126,110,16,24.550898203592812,10.778443113772456,13.77245508982036,75.44910179640718,65.86826347305389,9.580838323353294
E00189105,88,31,9,22,57,49,8,35.22727272727273,10.227272727272728,25,64.77272727272727,55.68181818181818,9.090909090909092
E00189110,218,47,17,30,171,133,38,21.55963302752294,7.79816513761468,13.761467889908257,78.44036697247707,61.00917431192661,17.431192660550458
E00189112,195,43,15,28,152,128,24,22.05128205128205,7.6923076923076925,14.358974358974358,77.94871794871796,65.64102564102564,12.307692307692308
E00189114,205,51,13,38,154,118,36,24.878048780487806,6.341463414634147,18.536585365853657,75.1219512195122,57.56097560975609,17.560975609756095
E00189115,4,1,0,1,3,2,1,25,0,25,75,50,25
E00189116,136,29,19,10,107,92,15,21.323529411764707,13.970588235294118,7.352941176470589,78.67647058823529,67.64705882352942,11.029411764705882
E00189117,167,43,9,34,124,99,25,25.748502994011975,5.389221556886228,20.359281437125748,74.25149700598801,59.281437125748504,14.97005988023952
E00189118,148,42,13,29,106,95,11,28.37837837837838,8.783783783783784,19.594594594594593,71.62162162162163,64.1891891891892,7.4324324324324325
E00189119,115,20,7,13,95,84,11,17.391304347826086,6.086956521739131,11.304347826086957,82.6086956521739,73.04347826086956,9.565217391304348
E00189120,187,35,11,24,152,132,20,18.71657754010695,5.88235294117647,12.834224598930483,81.28342245989305,70.58823529411765,10.695187165775401
E00189121,122,22,4,18,100,91,9,18.0327868852459,3.278688524590164,14.754098360655737,81.9672131147541,74.59016393442623,7.377049180327869
E00189126,187,56,19,37,131,116,15,29.946524064171122,10.16042780748663,19.786096256684495,70.05347593582889,62.03208556149733,8.0213903743315509
E00189127,172,30,12,18,142,126,16,17.441860465116278,6.976744186046512,10.465116279069768,82.55813953488372,73.25581395348837,9.30232558139535
E00189128,194,38,10,28,156,132,24,19.587628865979383,5.154639175257731,14.432989690721648,80.41237113402062,68.04123711340206,12.371134020618557
E00189132,144,33,14,19,111,99,12,22.916666666666664,9.722222222222223,13.194444444444445,77.08333333333334,68.75,8.333333333333332
E00189133,186,39,11,28,147,130,17,20.967741935483872,5.913978494623656,15.053763440860216,79.03225806451613,69.89247311827957,9.13978494623656
E00189134,190,56,17,39,134,103,31,29.47368421052631,8.947368421052632,20.526315789473685,70.52631578947368,54.21052631578947,16.315789473684212
E00189136,168,34,14,20,134,113,21,20.238095238095237,8.333333333333332,11.904761904761903,79.76190476190477,67.26190476190477,12.5
E00189137,216,35,14,21,181,157,24,16.203703703703702,6.481481481481481,9.722222222222223,83.79629629629629,72.68518518518519,11.11111111111111
E00189138,201,37,6,31,164,146,18,18.407960199004975,2.9850746268656714,15.422885572139302,81.59203980099502,72.636815920398,8.955223880597014
E00189139,66,26,10,16,40,31,9,39.39393939393939,15.151515151515152,24.242424242424242,60.60606060606061,46.96969696969697,13.636363636363635
E00189140,146,43,16,27,103,84,19,29.45205479452055,10.95890410958904,18.493150684931507,70.54794520547945,57.534246575342465,13.013698630136986
E00189141,53,12,6,6,41,37,4,22.641509433962266,11.320754716981133,11.320754716981133,77.35849056603774,69.81132075471697,7.547169811320755
E00189144,197,41,11,30,156,134,22,20.812182741116754,5.583756345177665,15.228426395939088,79.18781725888326,68.02030456852792,11.16751269035533
E00189145,209,47,12,35,162,137,25,22.48803827751196,5.741626794258373,16.74641148325359,77.51196172248804,65.55023923444976,11.961722488038278
E00189148,214,45,15,30,169,149,20,21.02803738317757,7.009345794392523,14.018691588785046,78.97196261682244,69.62616822429906,9.345794392523365
E00189150,147,37,14,23,110,102,8,25.170068027210885,9.523809523809524,15.646258503401361,74.82993197278913,69.38775510204081,5.442176870748299
E00189153,193,36,4,32,157,138,19,18.65284974093264,2.072538860103627,16.580310880829018,81.34715025906736,71.50259067357513,9.844559585492227
E00189154,223,47,17,30,176,147,29,21.076233183856502,7.623318385650224,13.452914798206278,78.9237668161435,65.91928251121077,13.004484304932735
E00189156,181,56,21,35,125,100,25,30.939226519337016,11.602209944751381,19.337016574585636,69.06077348066299,55.24861878453039,13.812154696132598
E00189157,153,39,7,32,114,89,25,25.49019607843137,4.57516339869281,20.915032679738562,74.50980392156863,58.16993464052288,16.33986928104575
E00189158,182,38,14,24,144,128,16,20.87912087912088,7.6923076923076925,13.186813186813188,79.12087912087912,70.32967032967034,8.791208791208792
E00189160,186,54,17,37,132,110,22,29.03225806451613,9.13978494623656,19.892473118279568,70.96774193548387,59.13978494623656,11.827956989247312
E00189161,160,26,12,14,134,121,13,16.25,7.5,8.75,83.75,75.625,8.125
E00189162,182,51,17,34,131,106,25,28.021978021978022,9.340659340659341,18.681318681318682,71.97802197802197,58.24175824175825,13.736263736263737
E00189163,148,40,11,29,108,85,23,27.027027027027028,7.4324324324324325,19.594594594594593,72.97297297297297,57.432432432432435,15.54054054054054
E00189166,148,38,17,21,110,74,36,25.675675675675674,11.486486486486488,14.18918918918919,74.32432432432432,50,24.324324324324326
E00189169,203,29,8,21,174,159,15,14.285714285714285,3.9408866995073892,10.344827586206897,85.71428571428571,78.32512315270937,7.389162561576355
E00189170,204,57,27,30,147,122,25,27.941176470588236,13.23529411764706,14.705882352941178,72.05882352941177,59.80392156862745,12.254901960784313
E00189171,126,40,15,25,86,63,23,31.746031746031743,11.904761904761903,19.841269841269842,68.25396825396825,50,18.253968253968253
E00189172,138,28,12,16,110,98,12,20.28985507246377,8.695652173913043,11.594202898550725,79.71014492753623,71.01449275362319,8.695652173913043
E00189176,127,89,49,40,38,32,6,70.07874015748031,38.582677165354326,31.496062992125985,29.92125984251969,25.196850393700785,4.724409448818897
E00189177,121,37,16,21,84,62,22,30.57851239669421,13.223140495867769,17.355371900826448,69.42148760330579,51.2396694214876,18.181818181818183
E00189180,185,45,17,28,140,120,20,24.324324324324326,9.18918918918919,15.135135135135137,75.67567567567568,64.86486486486487,10.81081081081081
E00189181,173,44,8,36,129,108,21,25.43352601156069,4.624277456647398,20.809248554913296,74.56647398843931,62.42774566473989,12.138728323699421
E00189187,194,41,12,29,153,121,32,21.1340206185567,6.185567010309279,14.948453608247423,78.8659793814433,62.371134020618555,16.49484536082474
E00189190,114,37,11,26,77,68,9,32.45614035087719,9.649122807017543,22.807017543859647,67.54385964912281,59.64912280701754,7.894736842105263
E00189195,220,39,7,32,181,161,20,17.727272727272727,3.1818181818181817,14.545454545454545,82.27272727272728,73.18181818181819,9.090909090909092
