OA,ts0380001,ts0380002,ts0380003,ts0380004,ts0380005,ts0380006,ts0380007,ts0380002_PCT,ts0380003_PCT,ts0380004_PCT,ts0380005_PCT,ts0380006_PCT,ts0380007_PCT
E00059189,340,60,23,37,280,27,253,17.647058823529413,6.764705882352941,10.882352941176471,82.35294117647058,7.941176470588235,74.41176470588235
E00059190,275,52,30,22,223,16,207,18.90909090909091,10.909090909090908,8,81.0909090909091,5.818181818181818,75.27272727272727
E00059191,344,86,41,45,258,20,238,25,11.918604651162791,13.08139534883721,75,5.813953488372093,69.18604651162791
E00059192,346,68,36,32,278,18,260,19.653179190751445,10.404624277456648,9.248554913294797,80.34682080924856,5.202312138728324,75.14450867052022
E00059194,400,90,44,46,310,26,284,22.5,11,11.5,77.5,6.5,71
E00059195,376,95,50,45,281,29,252,25.265957446808514,13.297872340425531,11.96808510638298,74.7340425531915,7.712765957446808,67.02127659574468
E00059196,362,81,35,46,281,19,262,22.375690607734807,9.668508287292818,12.70718232044199,77.62430939226519,5.248618784530387,72.37569060773481
E00059197,368,96,57,39,272,14,258,26.08695652173913,15.489130434782608,10.597826086956522,73.91304347826086,3.804347826086957,70.1086956521739
E00059198,186,32,16,16,154,22,132,17.20430107526882,8.60215053763441,8.60215053763441,82.79569892473118,11.827956989247312,70.96774193548387
E00059199,333,85,42,43,248,12,236,25.525525525525527,12.612612612612612,12.912912912912914,74.47447447447448,3.6036036036036037,70.87087087087087
E00059200,326,82,42,40,244,17,227,25.153374233128833,12.883435582822086,12.269938650306749,74.84662576687117,5.214723926380368,69.6319018404908
E00059201,315,73,39,34,242,19,223,23.174603174603174,12.380952380952381,10.793650793650794,76.82539682539684,6.031746031746032,70.7936507936508
E00059202,299,66,36,30,233,25,208,22.073578595317723,12.040133779264215,10.033444816053512,77.92642140468227,8.361204013377927,69.56521739130434
E00059203,375,75,36,39,300,16,284,20,9.6,10.4,80,4.266666666666667,75.73333333333333
E00059204,372,103,46,57,269,14,255,27.688172043010752,12.365591397849462,15.32258064516129,72.31182795698925,3.763440860215054,68.54838709677419
E00059205,254,71,37,34,183,10,173,27.95275590551181,14.566929133858267,13.385826771653544,72.04724409448819,3.937007874015748,68.11023622047244
E00059206,445,96,49,47,349,18,331,21.573033707865168,11.01123595505618,10.561797752808989,78.42696629213484,4.044943820224719,74.38202247191012
E00059207,314,88,49,39,226,20,206,28.02547770700637,15.605095541401273,12.420382165605096,71.97452229299363,6.369426751592357,65.60509554140127
E00059208,256,39,16,23,217,18,199,15.234375,6.25,8.984375,84.765625,7.03125,77.734375
E00059209,357,89,45,44,268,24,244,24.92997198879552,12.605042016806722,12.324929971988796,75.07002801120449,6.722689075630252,68.34733893557423
E00059210,228,61,32,29,167,13,154,26.75438596491228,14.035087719298245,12.719298245614036,73.24561403508771,5.701754385964912,67.54385964912281
E00059211,284,87,46,41,197,16,181,30.633802816901408,16.19718309859155,14.43661971830986,69.36619718309859,5.633802816901409,63.732394366197184
E00059212,288,79,41,38,209,18,191,27.430555555555557,14.23611111111111,13.194444444444445,72.56944444444444,6.25,66.31944444444444
E00059213,267,90,51,39,177,21,156,33.70786516853933,19.101123595505616,14.606741573033707,66.29213483146067,7.865168539325842,58.42696629213483
E00059214,269,71,36,35,198,24,174,26.394052044609666,13.382899628252787,13.011152416356877,73.60594795539033,8.921933085501859,64.68401486988847
E00059215,289,96,61,35,193,19,174,33.21799307958477,21.10726643598616,12.110726643598616,66.78200692041523,6.5743944636678195,60.207612456747405
E00059216,316,79,36,43,237,15,222,25,11.39240506329114,13.60759493670886,75,4.746835443037975,70.25316455696202
E00059217,287,65,28,37,222,22,200,22.64808362369338,9.75609756097561,12.89198606271777,77.35191637630662,7.665505226480835,69.68641114982579
E00059218,298,62,29,33,236,23,213,20.80536912751678,9.731543624161073,11.073825503355705,79.19463087248322,7.718120805369128,71.47651006711409
E00059219,236,66,31,35,170,6,164,27.966101694915253,13.135593220338984,14.83050847457627,72.03389830508475,2.5423728813559325,69.49152542372882
E00059220,288,70,42,28,218,14,204,24.305555555555554,14.583333333333334,9.722222222222223,75.69444444444444,4.861111111111112,70.83333333333334
E00059221,260,46,17,29,214,24,190,17.692307692307693,6.538461538461539,11.153846153846155,82.3076923076923,9.230769230769232,73.07692307692307
E00059222,274,72,32,40,202,17,185,26.277372262773724,11.678832116788321,14.5985401459854,73.72262773722628,6.204379562043796,67.51824817518248
E00059223,255,44,22,22,211,12,199,17.254901960784313,8.627450980392156,8.627450980392156,82.74509803921568,4.705882352941177,78.03921568627452
E00059224,276,62,28,34,214,14,200,22.463768115942027,10.144927536231885,12.318840579710146,77.53623188405797,5.072463768115942,72.46376811594203
E00059225,281,44,21,23,237,16,221,15.658362989323843,7.473309608540925,8.185053380782918,84.34163701067615,5.6939501779359425,78.64768683274022
E00059226,310,54,20,34,256,21,235,17.419354838709676,6.451612903225806,10.967741935483872,82.58064516129032,6.774193548387098,75.80645161290323
E00059227,327,60,23,37,267,26,241,18.34862385321101,7.033639143730887,11.314984709480122,81.65137614678899,7.951070336391437,73.70030581039755
E00059228,276,38,15,23,238,23,215,13.768115942028986,5.434782608695652,8.333333333333332,86.23188405797102,8.333333333333332,77.89855072463769
E00059229,289,57,24,33,232,35,197,19.72318339100346,8.304498269896193,11.418685121107266,80.27681660899654,12.110726643598616,68.16608996539793
E00059230,461,54,25,29,407,42,365,11.713665943600867,5.42299349240781,6.29067245119306,88.28633405639913,9.11062906724512,79.17570498915401
E00059231,269,45,17,28,224,16,208,16.728624535315987,6.319702602230483,10.408921933085502,83.27137546468401,5.947955390334572,77.32342007434944
E00059232,286,49,16,33,237,29,208,17.132867132867133,5.594405594405594,11.538461538461538,82.86713286713287,10.13986013986014,72.72727272727273
E00059233,212,45,19,26,167,17,150,21.22641509433962,8.962264150943396,12.264150943396226,78.77358490566037,8.018867924528301,70.75471698113208
E00059234,249,99,74,25,150,13,137,39.75903614457831,29.71887550200803,10.040160642570282,60.24096385542169,5.220883534136546,55.020080321285135
E00059235,273,63,33,30,210,18,192,23.076923076923077,12.087912087912088,10.989010989010989,76.92307692307693,6.593406593406594,70.32967032967034
E00059236,290,51,20,31,239,24,215,17.586206896551722,6.896551724137931,10.689655172413794,82.41379310344827,8.275862068965518,74.13793103448276
E00059237,297,98,52,46,199,11,188,32.996632996633,17.50841750841751,15.488215488215488,67.003367003367,3.7037037037037033,63.2996632996633
E00059238,365,73,43,30,292,15,277,20,11.78082191780822,8.21917808219178,80,4.10958904109589,75.89041095890411
E00059239,233,46,17,29,187,30,157,19.742489270386265,7.296137339055794,12.446351931330472,80.25751072961373,12.875536480686694,67.38197424892704
E00059240,321,84,47,37,237,8,229,26.168224299065418,14.641744548286603,11.526479750778815,73.83177570093457,2.4922118380062304,71.33956386292834
E00059241,293,64,33,31,229,22,207,21.843003412969285,11.262798634812286,10.580204778156997,78.15699658703072,7.508532423208192,70.64846416382252
E00059242,340,77,34,43,263,12,251,22.647058823529413,10,12.647058823529411,77.3529411764706,3.5294117647058822,73.82352941176471
E00059243,355,83,47,36,272,10,262,23.380281690140844,13.239436619718308,10.140845070422536,76.61971830985915,2.8169014084507045,73.80281690140845
E00059244,186,71,38,33,115,11,104,38.17204301075269,20.43010752688172,17.741935483870968,61.82795698924731,5.913978494623656,55.91397849462365
E00059245,236,81,46,35,155,17,138,34.32203389830508,19.491525423728813,14.83050847457627,65.67796610169492,7.203389830508475,58.47457627118644
E00059246,379,135,85,50,244,24,220,35.62005277044855,22.427440633245382,13.192612137203167,64.37994722955145,6.33245382585752,58.04749340369393
E00059247,308,63,20,43,245,21,224,20.454545454545457,6.493506493506493,13.96103896103896,79.54545454545455,6.8181818181818175,72.72727272727273
E00059248,344,80,43,37,264,27,237,23.25581395348837,12.5,10.755813953488373,76.74418604651163,7.848837209302325,68.8953488372093
E00059249,267,63,28,35,204,28,176,23.595505617977526,10.486891385767791,13.108614232209737,76.40449438202246,10.486891385767791,65.91760299625467
E00059250,235,54,28,26,181,12,169,22.97872340425532,11.914893617021278,11.063829787234042,77.02127659574468,5.106382978723404,71.91489361702128
E00059251,324,62,31,31,262,25,237,19.1358024691358,9.5679012345679,9.5679012345679,80.8641975308642,7.716049382716049,73.14814814814815
E00059252,581,96,47,49,485,48,437,16.523235800344235,8.089500860585199,8.433734939759036,83.47676419965576,8.2616179001721175,75.21514629948365
E00059253,255,94,47,47,161,12,149,36.86274509803922,18.43137254901961,18.43137254901961,63.13725490196078,4.705882352941177,58.43137254901961
E00059254,287,89,40,49,198,12,186,31.010452961672474,13.937282229965156,17.073170731707318,68.98954703832753,4.181184668989547,64.80836236933798
E00059255,352,73,34,39,279,26,253,20.738636363636363,9.659090909090908,11.079545454545455,79.26136363636364,7.386363636363637,71.875
E00059256,348,87,46,41,261,24,237,25,13.218390804597702,11.781609195402298,75,6.896551724137931,68.10344827586206
E00059257,398,83,45,38,315,21,294,20.85427135678392,11.306532663316583,9.547738693467336,79.14572864321609,5.276381909547738,73.86934673366834
E00059258,211,43,12,31,168,17,151,20.379146919431278,5.687203791469194,14.691943127962084,79.62085308056872,8.056872037914692,71.56398104265402
E00059259,290,47,21,26,243,19,224,16.206896551724135,7.241379310344828,8.96551724137931,83.79310344827586,6.551724137931035,77.24137931034483
E00059260,203,70,36,34,133,8,125,34.48275862068966,17.733990147783253,16.748768472906402,65.51724137931035,3.9408866995073892,61.57635467980296
E00059261,337,62,23,39,275,20,255,18.397626112759642,6.824925816023739,11.572700296735905,81.60237388724035,5.934718100890208,75.66765578635015
E00059262,322,60,26,34,262,20,242,18.633540372670808,8.074534161490684,10.559006211180124,81.36645962732919,6.211180124223603,75.15527950310559
E00059264,241,53,22,31,188,17,171,21.991701244813278,9.12863070539419,12.863070539419086,78.00829875518673,7.053941908713693,70.95435684647303
E00059265,513,91,35,56,422,36,386,17.73879142300195,6.82261208576998,10.916179337231968,82.26120857699804,7.017543859649122,75.24366471734892
E00059267,336,56,22,34,280,16,264,16.666666666666664,6.547619047619048,10.119047619047619,83.33333333333334,4.761904761904762,78.57142857142857
E00059268,250,58,29,29,192,20,172,23.200000000000003,11.600000000000001,11.600000000000001,76.8,8,68.8
E00059269,231,40,17,23,191,21,170,17.316017316017316,7.35930735930736,9.956709956709958,82.68398268398268,9.090909090909092,73.59307359307358
E00059270,246,44,22,22,202,14,188,17.88617886178862,8.94308943089431,8.94308943089431,82.11382113821138,5.691056910569105,76.42276422764228
E00059271,274,43,17,26,231,22,209,15.693430656934307,6.204379562043796,9.48905109489051,84.30656934306569,8.02919708029197,76.27737226277372
E00059272,426,76,30,46,350,32,318,17.84037558685446,7.042253521126761,10.7981220657277,82.15962441314554,7.511737089201878,74.64788732394366
E00059273,262,60,21,39,202,21,181,22.900763358778626,8.015267175572518,14.885496183206106,77.09923664122137,8.015267175572518,69.08396946564885
E00059274,369,60,22,38,309,18,291,16.260162601626014,5.9620596205962055,10.29810298102981,83.73983739837398,4.878048780487805,78.86178861788618
E00059275,251,64,34,30,187,25,162,25.49800796812749,13.545816733067728,11.952191235059761,74.5019920318725,9.9601593625498,64.5418326693227
E00059276,297,74,29,45,223,12,211,24.915824915824917,9.764309764309765,15.151515151515152,75.08417508417509,4.040404040404041,71.04377104377105
E00059277,257,47,17,30,210,28,182,18.28793774319066,6.614785992217899,11.673151750972762,81.71206225680933,10.894941634241246,70.8171206225681
E00059278,344,42,15,27,302,30,272,12.209302325581394,4.3604651162790695,7.848837209302325,87.79069767441861,8.720930232558139,79.06976744186046
E00059279,374,104,56,48,270,18,252,27.807486631016044,14.973262032085561,12.834224598930483,72.19251336898395,4.81283422459893,67.37967914438502
E00059280,306,53,21,32,253,23,230,17.320261437908496,6.862745098039216,10.457516339869281,82.6797385620915,7.516339869281046,75.16339869281046
E00059281,580,112,54,58,468,44,424,19.310344827586206,9.310344827586208,10,80.6896551724138,7.586206896551724,73.10344827586206
E00059282,237,59,26,33,178,13,165,24.894514767932492,10.970464135021098,13.924050632911392,75.10548523206751,5.485232067510549,69.62025316455697
E00059283,252,84,41,43,168,20,148,33.33333333333333,16.26984126984127,17.063492063492063,66.66666666666666,7.936507936507936,58.730158730158735
E00059284,577,141,83,58,436,31,405,24.436741767764296,14.384748700173311,10.051993067590988,75.5632582322357,5.37261698440208,70.19064124783363
E00059286,425,103,51,52,322,16,306,24.235294117647058,12,12.23529411764706,75.76470588235294,3.7647058823529407,72
E00059287,254,59,21,38,195,13,182,23.228346456692915,8.267716535433072,14.960629921259844,76.77165354330708,5.118110236220472,71.65354330708661
E00059289,356,61,20,41,295,19,276,17.134831460674157,5.617977528089887,11.51685393258427,82.86516853932584,5.337078651685393,77.52808988764045
E00059290,449,74,27,47,375,29,346,16.481069042316257,6.013363028953229,10.46770601336303,83.51893095768375,6.45879732739421,77.06013363028953
E00059291,260,47,16,31,213,23,190,18.076923076923077,6.153846153846154,11.923076923076923,81.92307692307692,8.846153846153847,73.07692307692307
E00059292,513,87,39,48,426,34,392,16.95906432748538,7.602339181286549,9.35672514619883,83.04093567251462,6.627680311890838,76.41325536062378
E00059293,333,81,39,42,252,22,230,24.324324324324326,11.711711711711711,12.612612612612612,75.67567567567568,6.606606606606606,69.06906906906907
E00059294,363,82,34,48,281,23,258,22.58953168044077,9.366391184573002,13.223140495867769,77.41046831955923,6.336088154269973,71.07438016528926
E00059295,171,90,47,43,81,7,74,52.63157894736842,27.485380116959064,25.146198830409354,47.368421052631575,4.093567251461988,43.27485380116959
E00059296,310,54,22,32,256,16,240,17.419354838709676,7.096774193548387,10.32258064516129,82.58064516129032,5.161290322580645,77.41935483870968
E00059297,214,48,17,31,166,19,147,22.429906542056074,7.943925233644859,14.485981308411214,77.57009345794393,8.878504672897195,68.69158878504673
E00059298,306,61,38,23,245,14,231,19.934640522875817,12.418300653594772,7.516339869281046,80.06535947712419,4.57516339869281,75.49019607843137
E00059299,209,45,12,33,164,19,145,21.5311004784689,5.741626794258373,15.789473684210526,78.4688995215311,9.090909090909092,69.377990430622
E00059300,276,44,22,22,232,19,213,15.942028985507244,7.971014492753622,7.971014492753622,84.05797101449275,6.884057971014493,77.17391304347827
E00059301,265,56,26,30,209,18,191,21.132075471698116,9.811320754716983,11.320754716981133,78.8679245283019,6.7924528301886795,72.0754716981132
E00059302,529,142,66,76,387,34,353,26.84310018903592,12.476370510396976,14.366729678638942,73.15689981096408,6.427221172022684,66.72967863894141
E00059303,228,52,22,30,176,15,161,22.807017543859647,9.649122807017543,13.157894736842104,77.19298245614034,6.578947368421052,70.6140350877193
E00059304,281,78,27,51,203,17,186,27.75800711743772,9.608540925266903,18.14946619217082,72.24199288256227,6.049822064056939,66.19217081850533
E00059305,284,87,47,40,197,18,179,30.633802816901408,16.549295774647888,14.084507042253522,69.36619718309859,6.338028169014084,63.02816901408451
E00059306,249,59,30,29,190,26,164,23.694779116465863,12.048192771084338,11.646586345381527,76.30522088353415,10.441767068273093,65.86345381526104
E00059307,295,68,33,35,227,19,208,23.050847457627118,11.186440677966102,11.864406779661017,76.94915254237287,6.440677966101695,70.50847457627118
E00059308,257,54,31,23,203,22,181,21.011673151750973,12.062256809338521,8.949416342412452,78.98832684824903,8.560311284046692,70.42801556420234
E00059309,231,52,25,27,179,19,160,22.51082251082251,10.822510822510822,11.688311688311687,77.48917748917748,8.225108225108226,69.26406926406926
E00059310,269,80,43,37,189,11,178,29.739776951672862,15.985130111524162,13.754646840148698,70.26022304832715,4.089219330855019,66.17100371747212
E00059312,202,78,39,39,124,10,114,38.613861386138616,19.306930693069308,19.306930693069308,61.386138613861384,4.9504950495049505,56.43564356435643
E00059314,253,84,35,49,169,20,149,33.201581027667984,13.83399209486166,19.367588932806324,66.79841897233202,7.905138339920949,58.89328063241107
E00059315,173,65,38,27,108,7,101,37.57225433526011,21.965317919075144,15.606936416184972,62.42774566473989,4.046242774566474,58.38150289017341
E00059316,370,85,27,58,285,28,257,22.972972972972975,7.297297297297297,15.675675675675677,77.02702702702703,7.567567567567568,69.45945945945947
E00059317,272,65,36,29,207,11,196,23.897058823529413,13.23529411764706,10.661764705882353,76.10294117647058,4.044117647058823,72.05882352941177
E00059319,488,94,44,50,394,29,365,19.262295081967213,9.01639344262295,10.245901639344263,80.73770491803278,5.942622950819672,74.79508196721312
E00059320,359,93,50,43,266,27,239,25.90529247910863,13.92757660167131,11.977715877437326,74.09470752089136,7.520891364902507,66.57381615598887
E00059321,272,75,42,33,197,28,169,27.573529411764707,15.441176470588236,12.132352941176471,72.42647058823529,10.294117647058822,62.13235294117647
E00059322,237,49,25,24,188,18,170,20.675105485232066,10.548523206751055,10.126582278481013,79.32489451476793,7.59493670886076,71.72995780590718
E00059323,356,54,17,37,302,23,279,15.168539325842698,4.775280898876404,10.393258426966293,84.8314606741573,6.460674157303371,78.37078651685393
E00059324,292,45,17,28,247,27,220,15.41095890410959,5.821917808219178,9.58904109589041,84.58904109589042,9.246575342465754,75.34246575342466
E00059325,346,80,39,41,266,19,247,23.121387283236995,11.271676300578035,11.849710982658959,76.878612716763,5.491329479768786,71.38728323699422
E00059327,293,56,21,35,237,23,214,19.112627986348123,7.167235494880546,11.945392491467576,80.88737201365188,7.849829351535837,73.03754266211604
E00059328,313,62,23,39,251,30,221,19.808306709265175,7.348242811501597,12.460063897763577,80.19169329073482,9.584664536741213,70.6070287539936
E00059329,285,58,28,30,227,27,200,20.350877192982455,9.824561403508772,10.526315789473683,79.64912280701755,9.473684210526317,70.17543859649122
E00059331,251,45,16,29,206,22,184,17.928286852589643,6.374501992031872,11.553784860557768,82.07171314741036,8.764940239043826,73.30677290836654
E00059332,274,38,18,20,236,18,218,13.86861313868613,6.569343065693431,7.2992700729927,86.13138686131386,6.569343065693431,79.56204379562044
E00059333,253,41,18,23,212,17,195,16.205533596837945,7.114624505928854,9.090909090909092,83.79446640316206,6.719367588932807,77.07509881422925
E00059334,265,39,14,25,226,31,195,14.716981132075471,5.283018867924529,9.433962264150944,85.28301886792453,11.69811320754717,73.58490566037736
E00059335,247,73,33,40,174,15,159,29.554655870445345,13.360323886639677,16.194331983805668,70.44534412955466,6.0728744939271255,64.37246963562752
E00059336,409,65,24,41,344,30,314,15.892420537897312,5.8679706601467,10.024449877750612,84.10757946210269,7.334963325183375,76.77261613691931
E00059337,251,52,26,26,199,26,173,20.717131474103585,10.358565737051793,10.358565737051793,79.2828685258964,10.358565737051793,68.92430278884463
E00059338,182,51,23,28,131,15,116,28.021978021978022,12.637362637362637,15.384615384615385,71.97802197802197,8.241758241758241,63.73626373626373
E00059339,201,70,39,31,131,12,119,34.82587064676617,19.402985074626866,15.422885572139302,65.17412935323384,5.970149253731343,59.20398009950249
E00059340,264,35,14,21,229,21,208,13.257575757575758,5.303030303030303,7.954545454545454,86.74242424242425,7.954545454545454,78.78787878787878
E00059341,154,21,6,15,133,11,122,13.636363636363635,3.896103896103896,9.740259740259742,86.36363636363636,7.142857142857142,79.22077922077922
E00059342,413,69,36,33,344,39,305,16.707021791767556,8.716707021791766,7.990314769975787,83.29297820823246,9.443099273607748,73.8498789346247
E00059343,329,52,20,32,277,22,255,15.80547112462006,6.079027355623101,9.72644376899696,84.19452887537993,6.68693009118541,77.50759878419453
E00059344,365,47,20,27,318,37,281,12.876712328767123,5.47945205479452,7.397260273972603,87.12328767123287,10.136986301369863,76.98630136986301
E00059345,215,64,32,32,151,15,136,29.767441860465116,14.883720930232558,14.883720930232558,70.23255813953489,6.976744186046512,63.25581395348837
E00059346,398,70,29,41,328,34,294,17.587939698492463,7.2864321608040195,10.301507537688442,82.41206030150754,8.542713567839195,73.86934673366834
E00059347,268,57,21,36,211,21,190,21.26865671641791,7.835820895522389,13.432835820895523,78.73134328358209,7.835820895522389,70.8955223880597
E00059348,306,36,12,24,270,23,247,11.76470588235294,3.9215686274509802,7.8431372549019605,88.23529411764706,7.516339869281046,80.71895424836602
E00059349,293,60,20,40,233,24,209,20.477815699658702,6.825938566552901,13.651877133105803,79.5221843003413,8.19112627986348,71.33105802047781
E00059350,250,43,10,33,207,24,183,17.2,4,13.200000000000001,82.8,9.6,73.2
E00059351,309,43,19,24,266,23,243,13.915857605177994,6.148867313915858,7.766990291262135,86.08414239482201,7.443365695792881,78.64077669902912
E00059353,270,85,41,44,185,9,176,31.48148148148148,15.185185185185185,16.296296296296298,68.51851851851852,3.3333333333333335,65.18518518518519
E00059354,259,58,26,32,201,19,182,22.393822393822393,10.038610038610038,12.355212355212355,77.60617760617761,7.335907335907336,70.27027027027027
E00059355,294,54,24,30,240,25,215,18.367346938775512,8.16326530612245,10.204081632653061,81.63265306122449,8.503401360544217,73.12925170068027
E00059356,385,50,16,34,335,36,299,12.987012987012985,4.1558441558441555,8.831168831168831,87.01298701298701,9.35064935064935,77.66233766233766
E00059357,226,46,17,29,180,15,165,20.353982300884958,7.52212389380531,12.831858407079647,79.64601769911505,6.637168141592921,73.00884955752213
E00059358,263,47,20,27,216,20,196,17.870722433460077,7.604562737642586,10.26615969581749,82.12927756653993,7.604562737642586,74.52471482889734
E00059359,313,51,20,31,262,18,244,16.293929712460063,6.3897763578274756,9.904153354632587,83.70607028753993,5.7507987220447285,77.95527156549521
E00059360,328,48,15,33,280,25,255,14.634146341463413,4.573170731707317,10.060975609756099,85.36585365853658,7.621951219512195,77.7439024390244
E00059361,251,50,26,24,201,19,182,19.9203187250996,10.358565737051793,9.56175298804781,80.0796812749004,7.569721115537849,72.50996015936255
E00059362,289,59,31,28,230,34,196,20.415224913494807,10.726643598615917,9.688581314878892,79.58477508650519,11.76470588235294,67.82006920415225
E00059363,290,74,36,38,216,16,200,25.517241379310345,12.413793103448276,13.10344827586207,74.48275862068967,5.517241379310345,68.96551724137932
E00059364,148,27,7,20,121,10,111,18.243243243243242,4.72972972972973,13.513513513513514,81.75675675675676,6.756756756756757,75
E00059365,175,31,17,14,144,13,131,17.71428571428571,9.714285714285714,8,82.28571428571428,7.428571428571429,74.85714285714286
E00059366,276,68,46,22,208,11,197,24.637681159420293,16.666666666666664,7.971014492753622,75.36231884057972,3.985507246376811,71.37681159420289
E00059367,230,75,40,35,155,23,132,32.608695652173914,17.391304347826086,15.217391304347828,67.3913043478261,10,57.391304347826086
E00059368,292,60,32,28,232,31,201,20.54794520547945,10.95890410958904,9.58904109589041,79.45205479452055,10.616438356164384,68.83561643835617
E00059369,276,65,25,40,211,21,190,23.55072463768116,9.057971014492754,14.492753623188406,76.44927536231883,7.608695652173914,68.84057971014492
E00059370,476,117,53,64,359,27,332,24.579831932773107,11.134453781512606,13.445378151260504,75.42016806722688,5.6722689075630255,69.74789915966386
E00059371,314,95,52,43,219,20,199,30.254777070063692,16.560509554140125,13.694267515923567,69.7452229299363,6.369426751592357,63.37579617834395
E00059372,369,130,84,46,239,21,218,35.230352303523034,22.76422764227642,12.466124661246612,64.76964769647697,5.691056910569105,59.078590785907856
E00059373,448,70,25,45,378,26,352,15.625,5.580357142857143,10.044642857142858,84.375,5.803571428571429,78.57142857142857
E00059374,304,70,36,34,234,18,216,23.026315789473685,11.842105263157894,11.18421052631579,76.97368421052632,5.921052631578947,71.05263157894737
E00059375,228,55,26,29,173,10,163,24.12280701754386,11.403508771929824,12.719298245614036,75.87719298245614,4.385964912280701,71.49122807017544
E00059376,224,92,56,36,132,4,128,41.07142857142857,25,16.071428571428573,58.92857142857143,1.7857142857142856,57.14285714285714
E00059377,269,74,39,35,195,17,178,27.509293680297397,14.49814126394052,13.011152416356877,72.4907063197026,6.319702602230483,66.17100371747212
E00059378,307,57,19,38,250,25,225,18.566775244299674,6.188925081433225,12.37785016286645,81.43322475570032,8.143322475570033,73.28990228013029
E00059379,285,79,56,23,206,13,193,27.719298245614034,19.649122807017545,8.070175438596491,72.28070175438597,4.56140350877193,67.71929824561404
E00059380,256,54,31,23,202,15,187,21.09375,12.109375,8.984375,78.90625,5.859375,73.046875
E00059381,349,77,46,31,272,29,243,22.063037249283667,13.18051575931232,8.882521489971348,77.93696275071633,8.30945558739255,69.62750716332378
E00059382,331,89,50,39,242,20,222,26.888217522658607,15.105740181268882,11.782477341389729,73.111782477341393,6.042296072507553,67.06948640483384
E00059383,345,86,37,49,259,22,237,24.92753623188406,10.72463768115942,14.202898550724639,75.07246376811594,6.3768115942028984,68.69565217391305
E00059384,471,105,53,52,366,20,346,22.29299363057325,11.252653927813164,11.040339702760086,77.70700636942675,4.246284501061571,73.46072186836517
E00059385,314,58,28,30,256,22,234,18.471337579617835,8.9171974522293,9.554140127388536,81.52866242038218,7.006369426751593,74.52229299363057
E00059386,272,48,23,25,224,21,203,17.647058823529413,8.455882352941178,9.191176470588236,82.35294117647058,7.720588235294118,74.63235294117648
E00059387,252,58,21,37,194,22,172,23.015873015873016,8.333333333333332,14.682539682539684,76.98412698412699,8.73015873015873,68.25396825396825
E00059389,351,70,26,44,281,22,259,19.943019943019944,7.4074074074074066,12.535612535612536,80.05698005698005,6.267806267806268,73.78917378917379
E00059390,309,70,29,41,239,16,223,22.653721682847898,9.385113268608414,13.268608414239482,77.34627831715211,5.177993527508091,72.168284789644
E00059391,318,69,28,41,249,16,233,21.69811320754717,8.80503144654088,12.89308176100629,78.30188679245283,5.031446540880504,73.27044025157232
E00059392,290,67,38,29,223,18,205,23.103448275862068,13.10344827586207,10,76.89655172413794,6.206896551724138,70.6896551724138
E00059393,348,63,30,33,285,21,264,18.103448275862068,8.620689655172415,9.482758620689655,81.89655172413794,6.0344827586206895,75.86206896551724
E00059395,298,74,35,39,224,21,203,24.832214765100673,11.74496644295302,13.087248322147651,75.16778523489933,7.046979865771812,68.12080536912751
E00059396,162,71,33,38,91,8,83,43.82716049382716,20.37037037037037,23.456790123456788,56.17283950617284,4.938271604938271,51.23456790123457
E00059398,279,49,27,22,230,20,210,17.562724014336915,9.67741935483871,7.885304659498208,82.43727598566308,7.168458781362006,75.26881720430107
E00059399,233,55,26,29,178,13,165,23.605150214592275,11.158798283261802,12.446351931330472,76.39484978540773,5.579399141630901,70.81545064377683
E00059400,291,55,27,28,236,19,217,18.900343642611684,9.278350515463918,9.621993127147768,81.09965635738831,6.529209621993128,74.5704467353952
E00059401,280,78,40,38,202,15,187,27.857142857142858,14.285714285714285,13.571428571428571,72.14285714285714,5.357142857142857,66.78571428571428
E00059402,294,84,41,43,210,23,187,28.57142857142857,13.945578231292515,14.625850340136054,71.42857142857143,7.8231292517006805,63.60544217687075
E00059403,264,70,30,40,194,13,181,26.515151515151516,11.363636363636363,15.151515151515152,73.48484848484848,4.924242424242424,68.56060606060606
E00059404,288,60,21,39,228,18,210,20.833333333333336,7.291666666666667,13.541666666666666,79.16666666666666,6.25,72.91666666666666
E00059405,263,62,34,28,201,12,189,23.574144486692013,12.927756653992395,10.646387832699618,76.42585551330798,4.562737642585551,71.86311787072243
E00059406,273,72,33,39,201,21,180,26.373626373626376,12.087912087912088,14.285714285714285,73.62637362637363,7.6923076923076925,65.93406593406593
E00059407,394,48,18,30,346,35,311,12.18274111675127,4.568527918781726,7.614213197969544,87.81725888324873,8.883248730964468,78.93401015228426
E00059409,326,91,56,35,235,21,214,27.914110429447852,17.177914110429448,10.736196319018406,72.08588957055214,6.441717791411043,65.6441717791411
E00059410,400,59,23,36,341,20,321,14.75,5.75,9,85.25,5,80.25
E00059412,313,83,39,44,230,27,203,26.517571884984026,12.460063897763577,14.057507987220447,73.48242811501598,8.626198083067091,64.85623003194888
E00059413,427,45,14,31,382,44,338,10.53864168618267,3.278688524590164,7.259953161592506,89.46135831381733,10.304449648711945,79.15690866510539
E00059414,295,75,40,35,220,21,199,25.423728813559322,13.559322033898304,11.864406779661017,74.57627118644068,7.118644067796611,67.45762711864407
E00059415,333,91,44,47,242,18,224,27.32732732732733,13.213213213213212,14.114114114114114,72.67267267267268,5.405405405405405,67.26726726726727
E00059416,331,85,48,37,246,25,221,25.6797583081571,14.501510574018129,11.178247734138973,74.32024169184291,7.552870090634441,66.76737160120845
E00059417,294,73,40,33,221,16,205,24.829931972789115,13.60544217687075,11.224489795918368,75.17006802721087,5.442176870748299,69.72789115646259
E00059418,291,102,73,29,189,15,174,35.051546391752574,25.085910652920962,9.965635738831615,64.94845360824742,5.154639175257731,59.79381443298969
E00059419,235,35,14,21,200,11,189,14.893617021276595,5.957446808510639,8.936170212765958,85.1063829787234,4.680851063829787,80.42553191489363
E00059420,433,75,28,47,358,30,328,17.321016166281755,6.466512702078522,10.854503464203233,82.67898383371825,6.928406466512701,75.75057736720554
E00059421,296,55,29,26,241,22,219,18.58108108108108,9.797297297297296,8.783783783783784,81.41891891891892,7.4324324324324325,73.98648648648648
E00059422,354,92,55,37,262,24,238,25.98870056497175,15.53672316384181,10.451977401129943,74.01129943502825,6.779661016949152,67.2316384180791
E00059423,308,116,53,63,192,20,172,37.66233766233766,17.20779220779221,20.454545454545457,62.33766233766234,6.493506493506493,55.84415584415584
E00059424,327,86,41,45,241,25,216,26.299694189602445,12.538226299694188,13.761467889908257,73.70030581039755,7.64525993883792,66.05504587155964
E00059425,548,106,45,61,442,37,405,19.34306569343066,8.211678832116789,11.13138686131387,80.65693430656934,6.751824817518248,73.90510948905109
E00059426,363,81,45,36,282,23,259,22.31404958677686,12.396694214876034,9.917355371900827,77.68595041322314,6.336088154269973,71.34986225895317
E00059427,318,77,40,37,241,21,220,24.21383647798742,12.578616352201259,11.635220125786164,75.78616352201259,6.60377358490566,69.18238993710692
E00059428,403,179,112,67,224,19,205,44.41687344913151,27.791563275434246,16.62531017369727,55.58312655086849,4.714640198511166,50.86848635235732
E00059429,328,75,39,36,253,18,235,22.865853658536587,11.890243902439025,10.975609756097562,77.13414634146342,5.487804878048781,71.64634146341463
E00059430,347,70,30,40,277,19,258,20.172910662824208,8.645533141210375,11.527377521613833,79.82708933717579,5.475504322766571,74.35158501440922
E00059431,222,72,44,28,150,10,140,32.432432432432435,19.81981981981982,12.612612612612612,67.56756756756756,4.504504504504505,63.06306306306306
E00059432,287,100,61,39,187,17,170,34.84320557491289,21.254355400696863,13.588850174216027,65.1567944250871,5.923344947735192,59.23344947735192
E00059434,341,99,45,54,242,15,227,29.03225806451613,13.196480938416421,15.835777126099707,70.96774193548387,4.398826979472141,66.56891495601172
E00059435,265,70,34,36,195,12,183,26.41509433962264,12.830188679245284,13.584905660377359,73.58490566037736,4.528301886792453,69.0566037735849
E00059436,350,85,50,35,265,19,246,24.285714285714285,14.285714285714285,10,75.71428571428571,5.428571428571429,70.28571428571428
E00059437,229,54,37,17,175,15,160,23.580786026200872,16.157205240174672,7.423580786026202,76.41921397379913,6.550218340611353,69.86899563318777
E00059438,500,93,30,63,407,43,364,18.6,6,12.6,81.39999999999999,8.6,72.8
E00059439,303,83,44,39,220,17,203,27.39273927392739,14.521452145214523,12.871287128712872,72.60726072607261,5.6105610561056105,66.996699669967
E00059440,244,101,65,36,143,11,132,41.39344262295082,26.639344262295083,14.754098360655737,58.606557377049185,4.508196721311475,54.09836065573771
E00059441,304,57,32,25,247,18,229,18.75,10.526315789473683,8.223684210526317,81.25,5.921052631578947,75.32894736842105
E00059442,281,81,36,45,200,14,186,28.825622775800714,12.811387900355871,16.014234875444842,71.17437722419929,4.98220640569395,66.19217081850533
E00059445,242,74,36,38,168,18,150,30.57851239669421,14.87603305785124,15.702479338842975,69.42148760330579,7.43801652892562,61.98347107438017
E00059446,403,79,39,40,324,22,302,19.602977667493796,9.67741935483871,9.925558312655088,80.39702233250621,5.459057071960298,74.93796526054591
E00059447,509,95,37,58,414,39,375,18.664047151277014,7.269155206286837,11.394891944990176,81.33595284872298,7.662082514734774,73.6738703339882
E00059448,381,88,39,49,293,27,266,23.097112860892388,10.236220472440944,12.860892388451445,76.9028871391076,7.086614173228346,69.81627296587926
E00059449,297,52,23,29,245,13,232,17.50841750841751,7.744107744107744,9.764309764309765,82.49158249158249,4.377104377104377,78.11447811447812
E00059450,352,71,35,36,281,26,255,20.170454545454543,9.943181818181818,10.227272727272728,79.82954545454545,7.386363636363637,72.44318181818183
E00059451,267,120,82,38,147,10,137,44.9438202247191,30.711610486891384,14.232209737827715,55.0561797752809,3.7453183520599254,51.31086142322098
E00059452,259,66,30,36,193,20,173,25.482625482625483,11.583011583011583,13.8996138996139,74.5173745173745,7.722007722007722,66.79536679536679
E00059453,228,45,18,27,183,17,166,19.736842105263158,7.894736842105263,11.842105263157894,80.26315789473685,7.456140350877193,72.80701754385966
E00059454,378,93,44,49,285,34,251,24.6031746031746,11.64021164021164,12.962962962962962,75.39682539682539,8.994708994708994,66.4021164021164
E00059455,172,70,40,30,102,10,92,40.69767441860465,23.25581395348837,17.441860465116278,59.30232558139535,5.813953488372093,53.48837209302325
E00059456,308,74,32,42,234,17,217,24.025974025974026,10.38961038961039,13.636363636363635,75.97402597402598,5.51948051948052,70.45454545454545
E00059457,428,93,44,49,335,21,314,21.72897196261682,10.2803738317757,11.448598130841122,78.27102803738318,4.906542056074766,73.36448598130842
E00059458,257,108,76,32,149,6,143,42.023346303501945,29.571984435797667,12.45136186770428,57.97665369649806,2.3346303501945527,55.6420233463035
E00059459,470,89,43,46,381,32,349,18.93617021276596,9.148936170212766,9.787234042553191,81.06382978723404,6.808510638297872,74.25531914893617
E00059460,252,58,25,33,194,12,182,23.015873015873016,9.920634920634921,13.095238095238097,76.98412698412699,4.761904761904762,72.22222222222221
E00059461,318,67,32,35,251,17,234,21.069182389937108,10.062893081761008,11.0062893081761,78.9308176100629,5.345911949685535,73.58490566037736
E00059462,257,70,35,35,187,19,168,27.237354085603112,13.618677042801556,13.618677042801556,72.76264591439688,7.392996108949417,65.36964980544747
E00059463,249,66,32,34,183,15,168,26.506024096385545,12.851405622489958,13.654618473895583,73.49397590361446,6.024096385542169,67.46987951807229
E00059464,306,77,36,41,229,20,209,25.163398692810457,11.76470588235294,13.398692810457517,74.83660130718954,6.535947712418301,68.30065359477125
E00059465,234,55,32,23,179,15,164,23.504273504273502,13.675213675213676,9.82905982905983,76.49572649572649,6.41025641025641,70.08547008547008
E00059466,308,96,40,56,212,26,186,31.16883116883117,12.987012987012985,18.181818181818183,68.83116883116884,8.441558441558442,60.3896103896104
E00059467,396,73,38,35,323,27,296,18.434343434343432,9.595959595959595,8.83838383838384,81.56565656565657,6.8181818181818175,74.74747474747475
E00059468,326,50,19,31,276,23,253,15.337423312883436,5.828220858895705,9.509202453987731,84.66257668711657,7.05521472392638,77.60736196319019
E00059469,260,65,30,35,195,18,177,25,11.538461538461538,13.461538461538462,75,6.923076923076923,68.07692307692308
E00059470,237,33,17,16,204,20,184,13.924050632911392,7.172995780590717,6.751054852320674,86.07594936708861,8.438818565400844,77.63713080168776
E00059471,364,52,15,37,312,33,279,14.285714285714285,4.1208791208791204,10.164835164835164,85.71428571428571,9.065934065934066,76.64835164835165
E00059472,320,37,12,25,283,25,258,11.5625,3.75,7.8125,88.4375,7.8125,80.625
E00059473,239,47,23,24,192,13,179,19.665271966527197,9.623430962343097,10.0418410041841,80.3347280334728,5.439330543933055,74.89539748953975
E00059474,478,64,26,38,414,34,380,13.389121338912133,5.439330543933055,7.949790794979079,86.61087866108787,7.112970711297072,79.49790794979079
E00059475,407,39,13,26,368,39,329,9.582309582309582,3.194103194103194,6.388206388206388,90.41769041769042,9.582309582309582,80.83538083538083
E00059476,282,39,13,26,243,31,212,13.829787234042554,4.609929078014184,9.219858156028367,86.17021276595744,10.99290780141844,75.177304964539
E00059477,396,67,22,45,329,36,293,16.91919191919192,5.555555555555555,11.363636363636363,83.08080808080808,9.090909090909092,73.98989898989899
E00059478,317,59,29,30,258,23,235,18.61198738170347,9.14826498422713,9.46372239747634,81.38801261829653,7.255520504731862,74.13249211356468
E00059479,312,84,50,34,228,14,214,26.923076923076923,16.025641025641026,10.897435897435898,73.07692307692307,4.487179487179487,68.58974358974359
E00059480,172,77,40,37,95,6,89,44.76744186046512,23.25581395348837,21.511627906976745,55.23255813953488,3.488372093023256,51.74418604651163
E00059481,380,63,28,35,317,32,285,16.57894736842105,7.368421052631578,9.210526315789473,83.42105263157895,8.421052631578947,75
E00059482,192,60,29,31,132,16,116,31.25,15.104166666666666,16.145833333333336,68.75,8.333333333333332,60.416666666666664
E00059483,362,107,55,52,255,42,213,29.55801104972376,15.193370165745856,14.3646408839779,70.44198895027624,11.602209944751381,58.83977900552486
E00059484,459,58,24,34,401,32,369,12.636165577342048,5.228758169934641,7.4074074074074066,87.36383442265794,6.971677559912854,80.3921568627451
E00059485,399,65,28,37,334,27,307,16.290726817042607,7.017543859649122,9.273182957393484,83.70927318295739,6.7669172932330826,76.94235588972431
E00059486,333,67,16,51,266,32,234,20.12012012012012,4.804804804804805,15.315315315315313,79.87987987987988,9.60960960960961,70.27027027027027
E00059487,230,87,41,46,143,15,128,37.826086956521735,17.82608695652174,20,62.17391304347826,6.521739130434782,55.65217391304348
E00059488,359,65,22,43,294,31,263,18.105849582172702,6.128133704735376,11.977715877437326,81.89415041782729,8.635097493036211,73.25905292479109
E00059489,156,40,24,16,116,10,106,25.64102564102564,15.384615384615385,10.256410256410255,74.35897435897436,6.41025641025641,67.94871794871796
E00059490,308,31,8,23,277,37,240,10.064935064935066,2.5974025974025974,7.467532467532467,89.93506493506493,12.012987012987013,77.92207792207793
E00059491,260,34,13,21,226,15,211,13.076923076923078,5,8.076923076923077,86.92307692307692,5.769230769230769,81.15384615384616
E00059492,284,47,22,25,237,25,212,16.549295774647888,7.746478873239436,8.80281690140845,83.45070422535211,8.80281690140845,74.64788732394366
E00059493,289,40,21,19,249,23,226,13.84083044982699,7.26643598615917,6.5743944636678195,86.159169550173,7.958477508650519,78.20069204152249
E00059494,263,46,14,32,217,16,201,17.490494296577946,5.323193916349809,12.167300380228136,82.50950570342205,6.083650190114068,76.42585551330798
E00059495,233,51,21,30,182,24,158,21.888412017167383,9.012875536480687,12.875536480686694,78.11158798283262,10.300429184549357,67.81115879828327
E00059496,274,47,20,27,227,18,209,17.153284671532848,7.2992700729927,9.854014598540147,82.84671532846716,6.569343065693431,76.27737226277372
E00059497,337,89,46,43,248,25,223,26.409495548961427,13.649851632047477,12.759643916913946,73.59050445103857,7.418397626112759,66.17210682492582
E00059498,267,51,17,34,216,30,186,19.101123595505616,6.367041198501873,12.734082397003746,80.89887640449437,11.235955056179774,69.66292134831461
E00059499,232,63,33,30,169,17,152,27.155172413793103,14.224137931034484,12.931034482758621,72.84482758620689,7.327586206896551,65.51724137931035
E00059500,292,58,26,32,234,12,222,19.863013698630137,8.904109589041095,10.95890410958904,80.13698630136986,4.10958904109589,76.02739726027397
E00059501,295,54,14,40,241,22,219,18.305084745762713,4.745762711864407,13.559322033898304,81.69491525423729,7.457627118644068,74.23728813559322
E00059502,278,59,24,35,219,33,186,21.223021582733814,8.633093525179856,12.589928057553957,78.77697841726618,11.870503597122301,66.90647482014388
E00059503,261,37,10,27,224,27,197,14.17624521072797,3.8314176245210727,10.344827586206897,85.82375478927203,10.344827586206897,75.47892720306514
E00059504,345,61,17,44,284,26,258,17.681159420289855,4.9275362318840585,12.753623188405797,82.31884057971014,7.536231884057972,74.78260869565217
E00059505,267,40,22,18,227,21,206,14.981273408239701,8.239700374531834,6.741573033707865,85.0187265917603,7.865168539325842,77.15355805243446
E00059506,265,58,25,33,207,22,185,21.88679245283019,9.433962264150944,12.452830188679245,78.11320754716982,8.30188679245283,69.81132075471697
E00059507,266,56,24,32,210,21,189,21.052631578947366,9.022556390977442,12.030075187969924,78.94736842105263,7.894736842105263,71.05263157894737
E00059508,297,69,39,30,228,21,207,23.232323232323232,13.131313131313133,10.1010101010101,76.76767676767676,7.07070707070707,69.6969696969697
E00059509,253,46,25,21,207,16,191,18.181818181818183,9.881422924901186,8.300395256916996,81.81818181818183,6.324110671936759,75.49407114624506
E00059510,263,45,13,32,218,19,199,17.110266159695815,4.942965779467681,12.167300380228136,82.88973384030417,7.224334600760455,75.66539923954373
E00059511,275,83,37,46,192,20,172,30.181818181818183,13.454545454545455,16.727272727272727,69.81818181818183,7.2727272727272725,62.54545454545455
E00059512,318,64,39,25,254,20,234,20.125786163522015,12.264150943396226,7.861635220125786,79.87421383647799,6.289308176100629,73.58490566037736
E00059513,245,49,24,25,196,16,180,20,9.795918367346939,10.204081632653061,80,6.530612244897959,73.46938775510205
E00059514,246,44,23,21,202,23,179,17.88617886178862,9.34959349593496,8.536585365853659,82.11382113821138,9.34959349593496,72.76422764227642
E00059515,220,42,12,30,178,17,161,19.090909090909093,5.454545454545454,13.636363636363635,80.9090909090909,7.727272727272727,73.18181818181819
E00059516,278,38,16,22,240,18,222,13.66906474820144,5.755395683453238,7.913669064748201,86.33093525179856,6.474820143884892,79.85611510791367
E00059517,295,40,10,30,255,29,226,13.559322033898304,3.389830508474576,10.16949152542373,86.4406779661017,9.830508474576272,76.61016949152543
E00059518,267,50,25,25,217,18,199,18.726591760299627,9.363295880149813,9.363295880149813,81.27340823970037,6.741573033707865,74.53183520599251
E00059519,236,35,14,21,201,20,181,14.83050847457627,5.932203389830509,8.898305084745763,85.16949152542372,8.47457627118644,76.69491525423729
E00059520,224,67,34,33,157,11,146,29.910714285714285,15.178571428571427,14.732142857142858,70.08928571428571,4.910714285714286,65.17857142857143
E00059521,332,69,29,40,263,14,249,20.783132530120483,8.734939759036145,12.048192771084338,79.21686746987952,4.216867469879518,75
E00059522,343,80,38,42,263,23,240,23.323615160349853,11.078717201166182,12.244897959183673,76.67638483965014,6.705539358600583,69.97084548104957
E00059523,282,58,29,29,224,12,212,20.56737588652482,10.28368794326241,10.28368794326241,79.43262411347519,4.25531914893617,75.177304964539
E00059524,507,126,66,60,381,30,351,24.85207100591716,13.017751479289942,11.834319526627219,75.14792899408283,5.9171597633136095,69.23076923076923
E00059525,301,39,15,24,262,19,243,12.956810631229235,4.983388704318937,7.973421926910299,87.04318936877077,6.312292358803987,80.73089700996677
E00059526,251,63,23,40,188,15,173,25.099601593625497,9.163346613545817,15.936254980079681,74.9003984063745,5.9760956175298805,68.92430278884463
E00059527,342,65,32,33,277,16,261,19.005847953216374,9.35672514619883,9.649122807017543,80.99415204678363,4.678362573099415,76.31578947368422
E00059528,256,47,25,22,209,14,195,18.359375,9.765625,8.59375,81.640625,5.46875,76.171875
E00059529,263,42,22,20,221,16,205,15.96958174904943,8.365019011406844,7.604562737642586,84.03041825095056,6.083650190114068,77.9467680608365
E00059530,294,80,48,32,214,22,192,27.2108843537415,16.3265306122449,10.884353741496598,72.78911564625851,7.482993197278912,65.3061224489796
E00059531,298,57,26,31,241,22,219,19.12751677852349,8.724832214765101,10.40268456375839,80.87248322147651,7.38255033557047,73.48993288590604
E00059532,281,71,34,37,210,22,188,25.26690391459075,12.099644128113878,13.167259786476867,74.73309608540926,7.829181494661921,66.90391459074732
E00059533,265,38,19,19,227,27,200,14.339622641509434,7.169811320754717,7.169811320754717,85.66037735849056,10.18867924528302,75.47169811320755
E00059534,268,74,36,38,194,17,177,27.611940298507463,13.432835820895523,14.17910447761194,72.38805970149254,6.343283582089552,66.04477611940298
E00059535,278,65,28,37,213,15,198,23.381294964028775,10.071942446043165,13.309352517985612,76.61870503597122,5.39568345323741,71.22302158273382
E00059536,281,45,27,18,236,22,214,16.014234875444842,9.608540925266903,6.405693950177936,83.98576512455516,7.829181494661921,76.15658362989323
E00059537,335,83,47,36,252,20,232,24.776119402985074,14.029850746268657,10.746268656716417,75.22388059701493,5.970149253731343,69.25373134328359
E00059538,283,65,33,32,218,10,208,22.968197879858657,11.66077738515901,11.307420494699647,77.03180212014135,3.53356890459364,73.4982332155477
E00059540,298,80,36,44,218,18,200,26.845637583892618,12.080536912751679,14.76510067114094,73.15436241610739,6.0402684563758395,67.11409395973155
E00059541,227,68,32,36,159,11,148,29.955947136563875,14.096916299559473,15.859030837004406,70.04405286343612,4.845814977973569,65.19823788546255
E00059542,386,74,33,41,312,15,297,19.170984455958546,8.549222797927461,10.621761658031089,80.82901554404145,3.8860103626943006,76.94300518134715
E00059543,172,65,38,27,107,10,97,37.7906976744186,22.093023255813954,15.69767441860465,62.2093023255814,5.813953488372093,56.395348837209305
E00059544,311,64,38,26,247,22,225,20.578778135048232,12.218649517684888,8.360128617363344,79.42122186495176,7.07395498392283,72.34726688102894
E00059545,239,82,37,45,157,9,148,34.30962343096235,15.481171548117153,18.828451882845187,65.69037656903765,3.765690376569038,61.92468619246861
E00059546,310,48,19,29,262,30,232,15.483870967741936,6.129032258064516,9.35483870967742,84.51612903225806,9.67741935483871,74.83870967741936
E00059547,288,66,31,35,222,20,202,22.916666666666664,10.76388888888889,12.152777777777777,77.08333333333334,6.944444444444445,70.13888888888889
E00059548,312,98,51,47,214,18,196,31.41025641025641,16.346153846153847,15.064102564102564,68.58974358974359,5.769230769230769,62.82051282051282
E00059549,263,56,22,34,207,17,190,21.292775665399237,8.365019011406844,12.927756653992395,78.70722433460075,6.4638783269961975,72.24334600760456
E00059551,233,71,31,40,162,15,147,30.472103004291846,13.304721030042918,17.167381974248926,69.52789699570815,6.437768240343347,63.0901287553648
E00059552,328,71,37,34,257,23,234,21.646341463414632,11.28048780487805,10.365853658536585,78.35365853658537,7.01219512195122,71.34146341463415
E00059553,256,51,16,35,205,22,183,19.921875,6.25,13.671875,80.078125,8.59375,71.484375
E00059554,308,53,17,36,255,17,238,17.20779220779221,5.51948051948052,11.688311688311687,82.79220779220779,5.51948051948052,77.27272727272727
E00059555,356,139,92,47,217,19,198,39.04494382022472,25.842696629213485,13.202247191011235,60.95505617977528,5.337078651685393,55.61797752808989
E00059556,262,64,30,34,198,17,181,24.427480916030532,11.450381679389313,12.977099236641221,75.57251908396947,6.488549618320611,69.08396946564885
E00059557,236,78,36,42,158,15,143,33.05084745762712,15.254237288135593,17.796610169491526,66.94915254237289,6.3559322033898304,60.59322033898306
E00059558,301,55,23,32,246,25,221,18.272425249169437,7.641196013289036,10.631229235880399,81.72757475083057,8.305647840531561,73.421926910299
E00059559,281,74,34,40,207,19,188,26.334519572953734,12.099644128113878,14.23487544483986,73.66548042704626,6.761565836298933,66.90391459074732
E00059560,203,70,38,32,133,8,125,34.48275862068966,18.7192118226601,15.763546798029557,65.51724137931035,3.9408866995073892,61.57635467980296
E00059561,274,41,23,18,233,18,215,14.963503649635038,8.394160583941606,6.569343065693431,85.03649635036497,6.569343065693431,78.46715328467153
E00059562,249,39,23,16,210,18,192,15.66265060240964,9.236947791164658,6.425702811244979,84.33734939759037,7.228915662650602,77.10843373493977
E00059563,233,63,29,34,170,20,150,27.038626609442062,12.446351931330472,14.592274678111588,72.96137339055794,8.583690987124463,64.37768240343348
E00059564,371,62,24,38,309,26,283,16.711590296495956,6.46900269541779,10.242587601078167,83.28840970350404,7.008086253369273,76.28032345013477
E00059565,327,85,39,46,242,16,226,25.993883792048926,11.926605504587156,14.067278287461773,74.00611620795107,4.892966360856269,69.1131498470948
E00059566,320,102,50,52,218,21,197,31.874999999999996,15.625,16.25,68.125,6.5625,61.5625
E00059567,321,51,19,32,270,25,245,15.887850467289718,5.919003115264798,9.968847352024921,84.11214953271028,7.78816199376947,76.32398753894081
E00059568,270,73,41,32,197,16,181,27.037037037037038,15.185185185185185,11.851851851851853,72.96296296296296,5.9259259259259265,67.03703703703704
E00059569,264,47,20,27,217,23,194,17.803030303030305,7.575757575757576,10.227272727272728,82.1969696969697,8.712121212121213,73.48484848484848
E00059570,218,51,21,30,167,11,156,23.394495412844037,9.63302752293578,13.761467889908257,76.60550458715596,5.045871559633028,71.55963302752293
E00059571,303,80,42,38,223,21,202,26.4026402640264,13.861386138613863,12.541254125412541,73.5973597359736,6.9306930693069315,66.66666666666666
E00059572,217,60,32,28,157,18,139,27.64976958525346,14.746543778801843,12.903225806451612,72.35023041474655,8.294930875576037,64.0552995391705
E00059573,310,53,25,28,257,33,224,17.096774193548388,8.064516129032258,9.032258064516128,82.9032258064516,10.64516129032258,72.25806451612902
E00059574,525,117,53,64,408,20,388,22.285714285714285,10.095238095238095,12.19047619047619,77.71428571428571,3.8095238095238098,73.90476190476191
E00059575,242,67,31,36,175,13,162,27.685950413223143,12.8099173553719,14.87603305785124,72.31404958677686,5.371900826446281,66.94214876033058
E00059576,503,82,26,56,421,40,381,16.302186878727635,5.168986083499006,11.133200795228628,83.69781312127238,7.952286282306163,75.7455268389662
E00059577,287,57,27,30,230,14,216,19.860627177700348,9.40766550522648,10.452961672473867,80.13937282229965,4.878048780487805,75.26132404181185
E00059578,278,50,28,22,228,13,215,17.985611510791365,10.071942446043165,7.913669064748201,82.01438848920863,4.676258992805756,77.33812949640287
E00059579,273,62,30,32,211,23,188,22.71062271062271,10.989010989010989,11.72161172161172,77.2893772893773,8.424908424908425,68.86446886446886
E00059580,314,52,18,34,262,16,246,16.560509554140125,5.7324840764331215,10.828025477707007,83.43949044585987,5.095541401273886,78.343949044586
E00059581,463,115,44,71,348,24,324,24.838012958963283,9.503239740820735,15.334773218142548,75.16198704103671,5.183585313174946,69.97840172786177
E00059582,319,60,26,34,259,17,242,18.808777429467085,8.150470219435736,10.658307210031348,81.19122257053291,5.329153605015674,75.86206896551724
E00059583,328,60,32,28,268,20,248,18.29268292682927,9.75609756097561,8.536585365853659,81.70731707317073,6.097560975609756,75.60975609756098
E00059584,290,61,28,33,229,17,212,21.03448275862069,9.655172413793103,11.379310344827587,78.96551724137932,5.862068965517241,73.10344827586206
E00059585,283,92,50,42,191,10,181,32.50883392226148,17.6678445229682,14.840989399293287,67.49116607773851,3.53356890459364,63.957597173144876
E00059586,248,73,37,36,175,14,161,29.435483870967744,14.919354838709678,14.516129032258066,70.56451612903226,5.64516129032258,64.91935483870968
E00059587,296,46,21,25,250,33,217,15.54054054054054,7.094594594594595,8.445945945945946,84.45945945945947,11.14864864864865,73.3108108108108
E00059588,314,48,19,29,266,23,243,15.286624203821656,6.050955414012739,9.235668789808917,84.71337579617835,7.32484076433121,77.38853503184714
E00059589,278,60,27,33,218,19,199,21.58273381294964,9.712230215827338,11.870503597122301,78.41726618705036,6.83453237410072,71.58273381294964
E00059590,236,38,9,29,198,14,184,16.101694915254235,3.8135593220338984,12.288135593220339,83.89830508474576,5.932203389830509,77.96610169491525
E00059591,308,68,26,42,240,17,223,22.07792207792208,8.441558441558442,13.636363636363635,77.92207792207793,5.51948051948052,72.40259740259741
E00059592,291,40,11,29,251,29,222,13.745704467353953,3.7800687285223367,9.965635738831615,86.25429553264605,9.965635738831615,76.28865979381443
E00059593,333,70,26,44,263,25,238,21.02102102102102,7.807807807807808,13.213213213213212,78.97897897897897,7.5075075075075075,71.47147147147147
E00059595,330,75,35,40,255,21,234,22.727272727272727,10.606060606060606,12.121212121212121,77.27272727272727,6.363636363636363,70.9090909090909
E00059596,258,53,24,29,205,13,192,20.54263565891473,9.30232558139535,11.24031007751938,79.45736434108527,5.038759689922481,74.4186046511628
E00059597,339,55,24,31,284,24,260,16.224188790560472,7.079646017699115,9.144542772861357,83.77581120943954,7.079646017699115,76.69616519174042
E00059598,317,49,18,31,268,38,230,15.457413249211358,5.678233438485805,9.779179810725552,84.54258675078864,11.987381703470032,72.55520504731862
E00059599,445,78,31,47,367,51,316,17.528089887640448,6.96629213483146,10.561797752808989,82.47191011235955,11.46067415730337,71.01123595505618
E00059600,266,46,19,27,220,31,189,17.293233082706767,7.142857142857142,10.150375939849624,82.70676691729322,11.654135338345863,71.05263157894737
E00059601,304,56,24,32,248,22,226,18.421052631578945,7.894736842105263,10.526315789473683,81.57894736842105,7.236842105263158,74.3421052631579
E00059602,244,72,35,37,172,18,154,29.508196721311474,14.344262295081966,15.163934426229508,70.49180327868852,7.377049180327869,63.114754098360656
E00059603,247,53,25,28,194,10,184,21.45748987854251,10.121457489878543,11.336032388663968,78.54251012145748,4.048582995951417,74.49392712550608
E00059604,286,50,18,32,236,29,207,17.482517482517483,6.293706293706294,11.188811188811188,82.51748251748252,10.13986013986014,72.37762237762237
E00059605,292,44,19,25,248,29,219,15.068493150684931,6.506849315068493,8.561643835616438,84.93150684931507,9.931506849315069,75
E00059606,279,61,25,36,218,24,194,21.863799283154123,8.960573476702509,12.903225806451612,78.13620071684588,8.60215053763441,69.53405017921148
E00059607,282,43,15,28,239,14,225,15.24822695035461,5.319148936170213,9.929078014184398,84.75177304964538,4.964539007092199,79.7872340425532
E00059609,306,95,45,50,211,18,193,31.045751633986928,14.705882352941178,16.33986928104575,68.95424836601308,5.88235294117647,63.0718954248366
E00059610,287,75,45,30,212,21,191,26.132404181184672,15.6794425087108,10.452961672473867,73.86759581881533,7.317073170731707,66.55052264808361
E00059611,276,67,35,32,209,15,194,24.27536231884058,12.681159420289855,11.594202898550725,75.72463768115942,5.434782608695652,70.28985507246377
E00059612,285,69,41,28,216,18,198,24.210526315789473,14.385964912280702,9.824561403508772,75.78947368421053,6.315789473684211,69.47368421052632
E00059613,247,52,27,25,195,20,175,21.052631578947366,10.931174089068826,10.121457489878543,78.94736842105263,8.097165991902834,70.8502024291498
E00059614,301,57,22,35,244,21,223,18.93687707641196,7.308970099667775,11.627906976744185,81.06312292358804,6.976744186046512,74.08637873754152
E00059615,329,62,23,39,267,25,242,18.84498480243161,6.990881458966565,11.854103343465045,81.15501519756839,7.598784194528875,73.55623100303951
E00059616,160,26,9,17,134,14,120,16.25,5.625,10.625,83.75,8.75,75
E00059617,502,75,32,43,427,50,377,14.940239043824702,6.374501992031872,8.565737051792828,85.0597609561753,9.9601593625498,75.0996015936255
E00059618,160,30,9,21,130,17,113,18.75,5.625,13.125,81.25,10.625,70.625
E00059619,216,38,20,18,178,16,162,17.59259259259259,9.25925925925926,8.333333333333332,82.4074074074074,7.4074074074074066,75
E00059620,262,83,43,40,179,14,165,31.679389312977097,16.412213740458014,15.267175572519085,68.32061068702289,5.343511450381679,62.97709923664122
E00059621,206,35,12,23,171,17,154,16.990291262135923,5.825242718446602,11.165048543689322,83.00970873786407,8.25242718446602,74.75728155339806
E00059622,223,64,19,45,159,12,147,28.699551569506728,8.520179372197308,20.179372197309416,71.30044843049326,5.381165919282512,65.91928251121077
E00059623,395,50,22,28,345,34,311,12.658227848101266,5.5696202531645564,7.088607594936709,87.34177215189874,8.60759493670886,78.73417721518987
E00059624,318,44,17,27,274,20,254,13.836477987421384,5.345911949685535,8.49056603773585,86.16352201257862,6.289308176100629,79.87421383647799
E00059625,288,51,16,35,237,15,222,17.708333333333336,5.555555555555555,12.152777777777777,82.29166666666666,5.208333333333334,77.08333333333334
E00059626,268,55,22,33,213,12,201,20.522388059701495,8.208955223880597,12.313432835820896,79.47761194029852,4.477611940298507,75
E00059628,294,50,24,26,244,23,221,17.006802721088434,8.16326530612245,8.843537414965986,82.99319727891157,7.8231292517006805,75.17006802721087
E00059629,226,46,18,28,180,19,161,20.353982300884958,7.964601769911504,12.389380530973451,79.64601769911505,8.4070796460177,71.23893805309734
E00059630,242,39,14,25,203,17,186,16.115702479338843,5.785123966942149,10.330578512396695,83.88429752066115,7.024793388429752,76.85950413223141
E00059631,328,39,13,26,289,30,259,11.890243902439025,3.9634146341463414,7.926829268292683,88.10975609756098,9.146341463414634,78.96341463414635
E00059632,256,29,9,20,227,18,209,11.328125,3.515625,7.8125,88.671875,7.03125,81.640625
E00059633,285,24,9,15,261,32,229,8.421052631578947,3.1578947368421053,5.263157894736842,91.57894736842105,11.228070175438596,80.35087719298247
E00059634,305,57,24,33,248,23,225,18.688524590163937,7.868852459016394,10.819672131147541,81.31147540983606,7.540983606557377,73.77049180327869
E00059635,247,48,24,24,199,15,184,19.4331983805668,9.7165991902834,9.7165991902834,80.5668016194332,6.0728744939271255,74.49392712550608
E00059636,291,86,49,37,205,22,183,29.553264604810998,16.83848797250859,12.714776632302405,70.44673539518901,7.560137457044673,62.88659793814433
E00059637,302,60,35,25,242,25,217,19.867549668874172,11.589403973509933,8.27814569536424,80.13245033112582,8.27814569536424,71.8543046357616
E00059638,289,81,39,42,208,15,193,28.027681660899656,13.494809688581316,14.53287197231834,71.97231833910035,5.190311418685121,66.78200692041523
E00059639,290,43,19,24,247,21,226,14.827586206896552,6.551724137931035,8.275862068965518,85.17241379310346,7.241379310344828,77.93103448275862
E00059640,419,43,13,30,376,42,334,10.26252983293556,3.1026252983293556,7.159904534606206,89.73747016706443,10.023866348448687,79.71360381861575
E00059641,318,73,33,40,245,21,224,22.955974842767297,10.377358490566039,12.578616352201259,77.04402515723271,6.60377358490566,70.44025157232704
E00059642,286,61,23,38,225,19,206,21.328671328671327,8.041958041958042,13.286713286713287,78.67132867132867,6.643356643356643,72.02797202797203
E00059643,386,61,21,40,325,26,299,15.803108808290157,5.4404145077720205,10.362694300518134,84.19689119170984,6.7357512953367875,77.46113989637306
E00059644,379,60,27,33,319,25,294,15.8311345646438,7.12401055408971,8.70712401055409,84.1688654353562,6.596306068601583,77.57255936675462
E00059645,261,79,44,35,182,11,171,30.268199233716476,16.85823754789272,13.409961685823754,69.73180076628353,4.21455938697318,65.51724137931035
E00059646,263,44,15,29,219,22,197,16.730038022813687,5.7034220532319395,11.02661596958175,83.26996197718631,8.365019011406844,74.90494296577947
E00059647,255,36,8,28,219,16,203,14.117647058823529,3.1372549019607843,10.980392156862745,85.88235294117646,6.2745098039215685,79.6078431372549
E00059648,303,42,20,22,261,28,233,13.861386138613863,6.6006600660066,7.2607260726072615,86.13861386138613,9.24092409240924,76.89768976897689
E00059649,369,53,20,33,316,26,290,14.363143631436316,5.420054200542006,8.94308943089431,85.63685636856368,7.046070460704606,78.59078590785907
E00059650,285,60,19,41,225,24,201,21.052631578947366,6.666666666666667,14.385964912280702,78.94736842105263,8.421052631578947,70.52631578947368
E00059651,285,47,9,38,238,25,213,16.49122807017544,3.1578947368421053,13.333333333333334,83.50877192982456,8.771929824561402,74.73684210526315
E00059652,367,65,26,39,302,34,268,17.71117166212534,7.084468664850137,10.626702997275205,82.28882833787466,9.264305177111716,73.02452316076294
E00059653,313,53,19,34,260,27,233,16.93290734824281,6.070287539936102,10.86261980830671,83.06709265175719,8.626198083067091,74.4408945686901
E00059654,513,57,17,40,456,33,423,11.11111111111111,3.313840155945419,7.797270955165692,88.88888888888889,6.432748538011696,82.45614035087719
E00059655,216,78,37,41,138,7,131,36.11111111111111,17.12962962962963,18.98148148148148,63.888888888888886,3.2407407407407405,60.64814814814815
E00059656,274,69,35,34,205,21,184,25.18248175182482,12.773722627737227,12.408759124087592,74.81751824817519,7.664233576642336,67.15328467153284
E00059657,294,35,9,26,259,26,233,11.904761904761903,3.061224489795918,8.843537414965986,88.09523809523809,8.843537414965986,79.25170068027211
E00059658,264,38,8,30,226,18,208,14.393939393939394,3.0303030303030303,11.363636363636363,85.60606060606061,6.8181818181818175,78.78787878787878
E00059659,263,51,23,28,212,25,187,19.39163498098859,8.745247148288973,10.646387832699618,80.6083650190114,9.505703422053232,71.10266159695817
E00059660,268,40,11,29,228,26,202,14.925373134328357,4.104477611940299,10.820895522388058,85.07462686567165,9.701492537313433,75.3731343283582
E00059661,225,31,12,19,194,23,171,13.777777777777779,5.333333333333334,8.444444444444445,86.22222222222223,10.222222222222223,76
E00059662,345,78,32,46,267,28,239,22.608695652173914,9.27536231884058,13.333333333333334,77.39130434782608,8.115942028985506,69.27536231884058
E00059663,261,47,24,23,214,19,195,18.007662835249043,9.195402298850574,8.812260536398467,81.99233716475096,7.2796934865900385,74.71264367816092
E00059664,337,63,28,35,274,25,249,18.694362017804153,8.30860534124629,10.385756676557865,81.30563798219585,7.418397626112759,73.88724035608308
E00059665,307,28,8,20,279,30,249,9.120521172638437,2.6058631921824107,6.514657980456026,90.87947882736157,9.77198697068404,81.10749185667753
E00059666,355,60,21,39,295,29,266,16.901408450704224,5.915492957746479,10.985915492957748,83.09859154929578,8.169014084507042,74.92957746478874
E00059667,301,55,21,34,246,23,223,18.272425249169437,6.976744186046512,11.295681063122924,81.72757475083057,7.641196013289036,74.08637873754152
E00059668,207,69,46,23,138,16,122,33.33333333333333,22.22222222222222,11.11111111111111,66.66666666666666,7.729468599033816,58.93719806763285
E00059669,274,50,23,27,224,15,209,18.248175182481752,8.394160583941606,9.854014598540147,81.75182481751825,5.474452554744526,76.27737226277372
E00059670,292,52,27,25,240,31,209,17.80821917808219,9.246575342465754,8.561643835616438,82.1917808219178,10.616438356164384,71.57534246575342
E00059671,307,69,28,41,238,33,205,22.475570032573287,9.120521172638437,13.355048859934854,77.52442996742671,10.749185667752444,66.77524429967427
E00059672,288,68,28,40,220,19,201,23.61111111111111,9.722222222222223,13.88888888888889,76.38888888888889,6.597222222222222,69.79166666666666
E00059673,367,89,60,29,278,20,258,24.250681198910083,16.348773841961854,7.901907356948229,75.74931880108991,5.449591280653951,70.29972752043598
E00059674,301,48,22,26,253,31,222,15.946843853820598,7.308970099667775,8.637873754152823,84.0531561461794,10.299003322259136,73.75415282392026
E00059675,314,43,19,24,271,29,242,13.694267515923567,6.050955414012739,7.643312101910828,86.30573248407643,9.235668789808917,77.07006369426752
E00059676,259,48,25,23,211,20,191,18.53281853281853,9.652509652509652,8.880308880308881,81.46718146718148,7.722007722007722,73.74517374517374
E00059677,345,115,76,39,230,15,215,33.33333333333333,22.028985507246375,11.304347826086957,66.66666666666666,4.3478260869565215,62.31884057971014
E00059678,308,77,37,40,231,20,211,25,12.012987012987013,12.987012987012985,75,6.493506493506493,68.5064935064935
E00059679,215,70,46,24,145,21,124,32.55813953488372,21.3953488372093,11.162790697674419,67.44186046511628,9.767441860465116,57.674418604651166
E00059681,276,69,39,30,207,17,190,25,14.130434782608695,10.869565217391305,75,6.159420289855073,68.84057971014492
E00059682,262,43,22,21,219,15,204,16.412213740458014,8.396946564885496,8.015267175572518,83.58778625954199,5.7251908396946565,77.86259541984732
E00059683,287,50,20,30,237,17,220,17.421602787456447,6.968641114982578,10.452961672473867,82.57839721254355,5.923344947735192,76.65505226480836
E00059684,321,71,33,38,250,16,234,22.118380062305295,10.2803738317757,11.838006230529595,77.88161993769471,4.984423676012461,72.89719626168224
E00059685,289,80,45,35,209,19,190,27.68166089965398,15.570934256055363,12.110726643598616,72.31833910034602,6.5743944636678195,65.7439446366782
E00059686,317,76,38,38,241,20,221,23.974763406940063,11.987381703470032,11.987381703470032,76.02523659305994,6.309148264984227,69.71608832807571
E00059687,261,46,21,25,215,27,188,17.624521072796934,8.045977011494253,9.578544061302683,82.37547892720306,10.344827586206897,72.03065134099617
E00059688,288,72,36,36,216,23,193,25,12.5,12.5,75,7.986111111111111,67.01388888888889
E00059690,321,53,23,30,268,31,237,16.510903426791277,7.165109034267912,9.345794392523365,83.48909657320873,9.657320872274143,73.83177570093457
E00059691,109,44,23,21,65,6,59,40.36697247706422,21.100917431192663,19.26605504587156,59.63302752293578,5.5045871559633035,54.12844036697248
E00059692,317,62,30,32,255,31,224,19.558359621451103,9.46372239747634,10.094637223974763,80.4416403785489,9.779179810725552,70.66246056782335
E00059693,329,80,36,44,249,25,224,24.316109422492403,10.94224924012158,13.37386018237082,75.6838905775076,7.598784194528875,68.08510638297872
E00059696,293,55,19,36,238,22,216,18.771331058020476,6.484641638225256,12.286689419795222,81.22866894197952,7.508532423208192,73.72013651877133
E00059697,242,59,28,31,183,15,168,24.380165289256198,11.570247933884298,12.8099173553719,75.6198347107438,6.198347107438017,69.42148760330579
E00059698,291,105,60,45,186,24,162,36.08247422680412,20.618556701030926,15.463917525773196,63.91752577319587,8.24742268041237,55.670103092783506
E00059699,292,58,27,31,234,15,219,19.863013698630137,9.246575342465754,10.616438356164384,80.13698630136986,5.136986301369863,75
E00059700,138,71,42,29,67,6,61,51.449275362318836,30.434782608695656,21.014492753623188,48.55072463768116,4.3478260869565215,44.20289855072464
E00059701,453,64,22,42,389,26,363,14.1280353200883,4.856512141280353,9.271523178807946,85.8719646799117,5.739514348785872,80.13245033112582
E00059702,311,59,29,30,252,17,235,18.971061093247588,9.32475884244373,9.646302250803858,81.02893890675242,5.466237942122187,75.56270096463022
E00059703,327,61,18,43,266,18,248,18.654434250764528,5.5045871559633035,13.149847094801222,81.34556574923548,5.5045871559633035,75.84097859327217
E00059704,231,101,47,54,130,16,114,43.722943722943725,20.346320346320347,23.376623376623375,56.27705627705628,6.926406926406926,49.35064935064935
E00059705,341,88,41,47,253,15,238,25.806451612903224,12.023460410557185,13.78299120234604,74.19354838709677,4.398826979472141,69.79472140762464
E00059706,261,104,53,51,157,12,145,39.84674329501915,20.306513409961685,19.54022988505747,60.15325670498084,4.597701149425287,55.55555555555556
E00059707,328,102,59,43,226,15,211,31.097560975609756,17.98780487804878,13.109756097560975,68.90243902439023,4.573170731707317,64.32926829268293
E00059708,227,83,44,39,144,22,122,36.56387665198238,19.383259911894275,17.180616740088105,63.436123348017624,9.691629955947137,53.74449339207048
E00059709,276,72,34,38,204,18,186,26.08695652173913,12.318840579710146,13.768115942028986,73.91304347826086,6.521739130434782,67.3913043478261
E00059710,345,67,30,37,278,17,261,19.420289855072465,8.695652173913043,10.72463768115942,80.57971014492755,4.9275362318840585,75.65217391304347
E00059711,283,63,25,38,220,22,198,22.261484098939928,8.8339222614841,13.427561837455832,77.73851590106007,7.773851590106007,69.96466431095406
E00059712,355,62,23,39,293,20,273,17.464788732394364,6.478873239436619,10.985915492957748,82.53521126760563,5.633802816901409,76.90140845070422
E00059714,367,94,40,54,273,24,249,25.61307901907357,10.899182561307901,14.713896457765669,74.38692098092643,6.539509536784741,67.8474114441417
E00059715,327,71,30,41,256,24,232,21.712538226299692,9.174311926605505,12.538226299694188,78.2874617737003,7.339449541284404,70.9480122324159
E00059716,340,77,32,45,263,22,241,22.647058823529413,9.411764705882353,13.23529411764706,77.3529411764706,6.470588235294119,70.88235294117648
E00059717,382,32,7,25,350,30,320,8.37696335078534,1.832460732984293,6.544502617801047,91.62303664921467,7.853403141361256,83.7696335078534
E00059718,320,70,39,31,250,19,231,21.875,12.1875,9.6875,78.125,5.9375,72.1875
E00059719,331,41,16,25,290,24,266,12.386706948640484,4.833836858006042,7.552870090634441,87.61329305135952,7.250755287009064,80.36253776435045
E00059720,295,52,21,31,243,30,213,17.627118644067796,7.118644067796611,10.508474576271185,82.37288135593221,10.16949152542373,72.20338983050848
E00059721,243,48,16,32,195,15,180,19.753086419753085,6.584362139917696,13.168724279835391,80.24691358024691,6.172839506172839,74.07407407407408
E00059723,298,64,30,34,234,23,211,21.476510067114095,10.06711409395973,11.409395973154362,78.52348993288591,7.718120805369128,70.80536912751678
E00059724,360,104,64,40,256,15,241,28.888888888888886,17.77777777777778,11.11111111111111,71.11111111111111,4.166666666666666,66.94444444444444
E00059726,557,73,26,47,484,43,441,13.10592459605027,4.66786355475763,8.43806104129264,86.89407540394973,7.719928186714542,79.17414721723519
E00059727,294,49,23,26,245,16,229,16.666666666666664,7.8231292517006805,8.843537414965986,83.33333333333334,5.442176870748299,77.89115646258503
E00059729,261,69,32,37,192,14,178,26.436781609195403,12.260536398467432,14.17624521072797,73.5632183908046,5.363984674329502,68.19923371647509
E00059730,393,77,34,43,316,24,292,19.59287531806616,8.651399491094146,10.941475826972011,80.40712468193384,6.106870229007633,74.30025445292621
E00059731,331,75,33,42,256,20,236,22.658610271903324,9.969788519637463,12.688821752265861,77.34138972809667,6.042296072507553,71.29909365558912
E00059732,185,64,37,27,121,16,105,34.5945945945946,20,14.594594594594595,65.4054054054054,8.64864864864865,56.75675675675676
E00059733,281,51,13,38,230,22,208,18.14946619217082,4.6263345195729535,13.523131672597867,81.85053380782918,7.829181494661921,74.02135231316726
E00059734,414,99,46,53,315,29,286,23.91304347826087,11.11111111111111,12.80193236714976,76.08695652173914,7.004830917874397,69.08212560386472
E00059735,316,115,67,48,201,21,180,36.392405063291136,21.202531645569618,15.18987341772152,63.60759493670886,6.6455696202531636,56.9620253164557
E00059736,299,60,33,27,239,24,215,20.066889632107024,11.036789297658862,9.03010033444816,79.93311036789298,8.02675585284281,71.90635451505017
E00059737,297,43,14,29,254,18,236,14.47811447811448,4.713804713804714,9.764309764309765,85.52188552188552,6.0606060606060606,79.46127946127946
E00059738,293,42,11,31,251,31,220,14.334470989761092,3.754266211604096,10.580204778156997,85.6655290102389,10.580204778156997,75.0853242320819
E00059739,307,73,34,39,234,13,221,23.778501628664493,11.074918566775244,12.703583061889251,76.2214983713355,4.234527687296417,71.9869706840391
E00059740,206,68,43,25,138,13,125,33.00970873786408,20.87378640776699,12.135922330097088,66.99029126213593,6.310679611650485,60.679611650485434
E00059741,296,34,12,22,262,33,229,11.486486486486488,4.054054054054054,7.4324324324324325,88.51351351351352,11.14864864864865,77.36486486486487
E00059742,258,55,31,24,203,29,174,21.31782945736434,12.015503875968992,9.30232558139535,78.68217054263566,11.24031007751938,67.44186046511628
E00059743,262,46,15,31,216,25,191,17.557251908396946,5.7251908396946565,11.83206106870229,82.44274809160305,9.541984732824428,72.90076335877863
E00059744,219,59,34,25,160,9,151,26.94063926940639,15.52511415525114,11.415525114155251,73.0593607305936,4.10958904109589,68.94977168949772
E00059745,255,54,18,36,201,16,185,21.176470588235293,7.0588235294117645,14.117647058823529,78.82352941176471,6.2745098039215685,72.54901960784314
E00059746,288,40,16,24,248,26,222,13.88888888888889,5.555555555555555,8.333333333333332,86.11111111111111,9.027777777777777,77.08333333333334
E00059747,247,41,15,26,206,22,184,16.599190283400812,6.0728744939271255,10.526315789473683,83.40080971659918,8.906882591093117,74.49392712550608
E00059748,289,52,27,25,237,25,212,17.99307958477509,9.342560553633218,8.650519031141869,82.00692041522491,8.650519031141869,73.35640138408304
E00059749,309,65,21,44,244,23,221,21.035598705501616,6.796116504854369,14.239482200647249,78.96440129449837,7.443365695792881,71.52103559870551
E00059750,291,54,21,33,237,22,215,18.556701030927837,7.216494845360824,11.34020618556701,81.44329896907216,7.560137457044673,73.8831615120275
E00059751,289,57,24,33,232,21,211,19.72318339100346,8.304498269896193,11.418685121107266,80.27681660899654,7.26643598615917,73.01038062283737
E00059752,331,61,27,34,270,15,255,18.429003021148034,8.157099697885197,10.27190332326284,81.57099697885197,4.531722054380665,77.0392749244713
E00059753,246,48,23,25,198,27,171,19.51219512195122,9.34959349593496,10.16260162601626,80.48780487804879,10.975609756097562,69.51219512195121
E00059754,281,51,19,32,230,15,215,18.14946619217082,6.761565836298933,11.387900355871885,81.85053380782918,5.338078291814947,76.51245551601423
E00059755,276,51,20,31,225,17,208,18.478260869565215,7.246376811594203,11.231884057971014,81.52173913043478,6.159420289855073,75.36231884057972
E00059756,297,91,55,36,206,16,190,30.63973063973064,18.51851851851852,12.121212121212121,69.36026936026936,5.387205387205387,63.97306397306397
E00059757,272,56,16,40,216,16,200,20.588235294117645,5.88235294117647,14.705882352941178,79.41176470588235,5.88235294117647,73.52941176470588
E00059758,221,43,14,29,178,20,158,19.457013574660635,6.334841628959276,13.122171945701359,80.54298642533936,9.049773755656108,71.49321266968326
E00059759,249,47,16,31,202,21,181,18.87550200803213,6.425702811244979,12.449799196787147,81.12449799196787,8.433734939759036,72.69076305220884
E00059760,247,55,24,31,192,14,178,22.267206477732792,9.7165991902834,12.550607287449392,77.7327935222672,5.668016194331984,72.06477732793523
E00059762,452,46,15,31,406,38,368,10.176991150442479,3.3185840707964607,6.8584070796460175,89.82300884955751,8.4070796460177,81.41592920353983
E00059763,361,91,36,55,270,17,253,25.20775623268698,9.97229916897507,15.23545706371191,74.79224376731301,4.7091412742382275,70.08310249307479
E00059764,322,62,31,31,260,17,243,19.25465838509317,9.627329192546584,9.627329192546584,80.74534161490683,5.279503105590062,75.46583850931677
E00059765,309,74,37,37,235,14,221,23.948220064724918,11.974110032362459,11.974110032362459,76.05177993527508,4.53074433656958,71.52103559870551
E00059766,282,53,28,25,229,21,208,18.79432624113475,9.929078014184398,8.865248226950355,81.20567375886525,7.446808510638298,73.75886524822694
E00059767,271,80,35,45,191,15,176,29.520295202952028,12.915129151291513,16.605166051660518,70.47970479704797,5.535055350553505,64.94464944649447
E00059768,338,79,49,30,259,12,247,23.37278106508876,14.497041420118343,8.875739644970414,76.62721893491124,3.5502958579881656,73.07692307692307
E00059769,297,55,21,34,242,23,219,18.51851851851852,7.07070707070707,11.447811447811448,81.48148148148148,7.744107744107744,73.73737373737373
E00059770,304,73,43,30,231,14,217,24.013157894736842,14.144736842105262,9.868421052631579,75.98684210526315,4.605263157894736,71.38157894736842
E00059771,317,79,39,40,238,17,221,24.9211356466877,12.302839116719243,12.618296529968454,75.0788643533123,5.3627760252365935,69.71608832807571
E00059772,301,66,23,43,235,13,222,21.92691029900332,7.641196013289036,14.285714285714285,78.07308970099668,4.318936877076411,73.75415282392026
E00059773,250,70,35,35,180,12,168,28.000000000000004,14.000000000000002,14.000000000000002,72,4.8,67.2
E00059774,338,47,17,30,291,32,259,13.905325443786982,5.029585798816568,8.875739644970414,86.09467455621301,9.467455621301776,76.62721893491124
E00059775,278,49,17,32,229,26,203,17.62589928057554,6.115107913669065,11.510791366906476,82.37410071942446,9.352517985611511,73.02158273381295
E00059776,329,63,29,34,266,24,242,19.148936170212767,8.814589665653495,10.33434650455927,80.85106382978722,7.29483282674772,73.55623100303951
E00059777,208,72,32,40,136,12,124,34.61538461538461,15.384615384615385,19.230769230769234,65.38461538461539,5.769230769230769,59.61538461538461
E00059778,158,34,14,20,124,17,107,21.518987341772153,8.860759493670885,12.658227848101266,78.48101265822784,10.759493670886076,67.72151898734177
E00059779,313,38,17,21,275,33,242,12.140575079872203,5.431309904153355,6.7092651757188495,87.8594249201278,10.543130990415335,77.31629392971246
E00059780,384,52,25,27,332,26,306,13.541666666666666,6.510416666666667,7.03125,86.45833333333334,6.770833333333333,79.6875
E00059781,256,56,29,27,200,15,185,21.875,11.328125,10.546875,78.125,5.859375,72.265625
E00059782,202,30,11,19,172,16,156,14.85148514851485,5.445544554455446,9.405940594059405,85.14851485148515,7.920792079207921,77.22772277227723
E00059783,254,79,40,39,175,15,160,31.10236220472441,15.748031496062993,15.354330708661418,68.89763779527559,5.905511811023622,62.99212598425197
E00059784,213,80,42,38,133,9,124,37.558685446009385,19.718309859154928,17.84037558685446,62.441314553990615,4.225352112676056,58.21596244131455
E00059785,223,84,35,49,139,16,123,37.66816143497758,15.695067264573993,21.973094170403588,62.33183856502242,7.174887892376682,55.15695067264574
E00059786,240,56,31,25,184,17,167,23.333333333333332,12.916666666666668,10.416666666666668,76.66666666666667,7.083333333333333,69.58333333333333
E00059787,275,76,32,44,199,17,182,27.636363636363637,11.636363636363637,16,72.36363636363636,6.181818181818182,66.18181818181819
E00059789,281,67,33,34,214,8,206,23.843416370106763,11.743772241992882,12.099644128113878,76.15658362989323,2.8469750889679712,73.30960854092527
E00059790,314,64,34,30,250,15,235,20.382165605095544,10.828025477707007,9.554140127388536,79.61783439490446,4.777070063694268,74.84076433121018
E00059791,279,56,29,27,223,19,204,20.07168458781362,10.39426523297491,9.67741935483871,79.92831541218638,6.810035842293908,73.11827956989248
E00059792,311,50,24,26,261,20,241,16.077170418006432,7.717041800643088,8.360128617363344,83.92282958199357,6.430868167202572,77.491961414791
E00059793,309,74,42,32,235,17,218,23.948220064724918,13.592233009708737,10.355987055016183,76.05177993527508,5.501618122977346,70.55016181229773
E00059794,242,68,38,30,174,12,162,28.09917355371901,15.702479338842975,12.396694214876034,71.900826446281,4.958677685950414,66.94214876033058
E00059795,232,44,23,21,188,8,180,18.96551724137931,9.913793103448276,9.051724137931034,81.03448275862068,3.4482758620689653,77.58620689655173
E00059796,337,62,28,34,275,15,260,18.397626112759642,8.30860534124629,10.089020771513352,81.60237388724035,4.451038575667656,77.1513353115727
E00059798,360,78,36,42,282,26,256,21.666666666666668,10,11.666666666666666,78.33333333333333,7.222222222222221,71.11111111111111
E00059799,288,51,27,24,237,17,220,17.708333333333336,9.375,8.333333333333332,82.29166666666666,5.902777777777778,76.38888888888889
E00059800,239,58,27,31,181,12,169,24.267782426778243,11.297071129707113,12.97071129707113,75.73221757322176,5.02092050209205,70.7112970711297
E00059801,292,53,26,27,239,22,217,18.15068493150685,8.904109589041095,9.246575342465754,81.84931506849315,7.534246575342466,74.31506849315068
E00059802,234,65,33,32,169,14,155,27.77777777777778,14.102564102564102,13.675213675213676,72.22222222222221,5.982905982905983,66.23931623931624
E00059803,362,77,35,42,285,29,256,21.2707182320442,9.668508287292818,11.602209944751381,78.72928176795581,8.011049723756907,70.71823204419888
E00059804,204,56,28,28,148,20,128,27.450980392156865,13.725490196078432,13.725490196078432,72.54901960784314,9.803921568627452,62.745098039215684
E00059805,564,65,25,40,499,40,459,11.52482269503546,4.432624113475177,7.092198581560284,88.47517730496453,7.092198581560284,81.38297872340425
E00059806,232,82,47,35,150,7,143,35.3448275862069,20.25862068965517,15.086206896551724,64.65517241379311,3.0172413793103448,61.63793103448276
E00059807,258,68,37,31,190,18,172,26.356589147286826,14.34108527131783,12.015503875968992,73.64341085271317,6.976744186046512,66.66666666666666
E00059808,453,82,33,49,371,20,351,18.101545253863137,7.28476821192053,10.816777041942604,81.89845474613686,4.415011037527594,77.48344370860927
E00059809,343,83,42,41,260,23,237,24.198250728862973,12.244897959183673,11.9533527696793,75.80174927113703,6.705539358600583,69.09620991253644
E00059810,276,86,53,33,190,6,184,31.15942028985507,19.202898550724637,11.956521739130435,68.84057971014492,2.1739130434782608,66.66666666666666
E00059811,581,83,42,41,498,36,462,14.285714285714285,7.228915662650602,7.056798623063683,85.71428571428571,6.196213425129088,79.51807228915662
E00059812,593,95,38,57,498,28,470,16.020236087689714,6.408094435075886,9.612141652613827,83.97976391231029,4.721753794266442,79.25801011804384
E00059815,286,100,46,54,186,16,170,34.96503496503497,16.083916083916083,18.88111888111888,65.03496503496503,5.594405594405594,59.44055944055944
E00059816,427,55,26,29,372,29,343,12.88056206088993,6.0889929742388755,6.791569086651054,87.11943793911007,6.791569086651054,80.32786885245902
E00059817,263,60,31,29,203,21,182,22.813688212927758,11.787072243346007,11.02661596958175,77.18631178707224,7.984790874524715,69.20152091254754
E00059818,345,71,36,35,274,18,256,20.579710144927535,10.434782608695652,10.144927536231885,79.42028985507247,5.217391304347826,74.20289855072464
E00059819,178,54,25,29,124,14,110,30.337078651685395,14.04494382022472,16.292134831460675,69.66292134831461,7.865168539325842,61.79775280898876
E00059820,324,67,29,38,257,24,233,20.679012345679013,8.950617283950617,11.728395061728394,79.32098765432099,7.4074074074074066,71.91358024691358
E00059821,342,58,28,30,284,21,263,16.95906432748538,8.187134502923977,8.771929824561402,83.04093567251462,6.140350877192982,76.90058479532163
E00059822,589,114,54,60,475,39,436,19.35483870967742,9.168081494057725,10.186757215619695,80.64516129032258,6.621392190152801,74.02376910016977
E00059823,317,85,46,39,232,20,212,26.813880126182966,14.511041009463725,12.302839116719243,73.18611987381703,6.309148264984227,66.8769716088328
E00059824,270,59,20,39,211,14,197,21.85185185185185,7.4074074074074066,14.444444444444443,78.14814814814814,5.185185185185185,72.96296296296296
E00059825,344,48,10,38,296,27,269,13.953488372093023,2.9069767441860463,11.046511627906977,86.04651162790698,7.848837209302325,78.19767441860465
E00059826,324,73,35,38,251,24,227,22.530864197530864,10.802469135802468,11.728395061728394,77.46913580246914,7.4074074074074066,70.06172839506173
E00059827,285,59,26,33,226,24,202,20.701754385964914,9.12280701754386,11.578947368421053,79.2982456140351,8.421052631578947,70.87719298245614
E00059828,352,63,27,36,289,26,263,17.897727272727273,7.670454545454546,10.227272727272728,82.10227272727273,7.386363636363637,74.7159090909091
E00059829,519,130,62,68,389,26,363,25.048169556840076,11.946050096339114,13.102119460500964,74.95183044315993,5.009633911368015,69.94219653179191
E00059830,373,99,37,62,274,17,257,26.541554959785525,9.919571045576408,16.621983914209114,73.45844504021449,4.557640750670242,68.90080428954424
E00059831,344,76,39,37,268,22,246,22.093023255813954,11.337209302325581,10.755813953488373,77.90697674418605,6.395348837209303,71.51162790697676
E00059832,333,76,48,28,257,19,238,22.822822822822822,14.414414414414415,8.408408408408409,77.17717717717719,5.7057057057057055,71.47147147147147
E00059833,289,92,51,41,197,8,189,31.833910034602077,17.647058823529413,14.186851211072666,68.16608996539793,2.768166089965398,65.39792387543253
E00059834,280,97,55,42,183,19,164,34.64285714285714,19.642857142857142,15,65.35714285714286,6.785714285714286,58.57142857142858
E00059835,302,83,42,41,219,15,204,27.483443708609272,13.90728476821192,13.57615894039735,72.51655629139073,4.966887417218543,67.54966887417218
E00059836,324,111,62,49,213,13,200,34.25925925925926,19.1358024691358,15.123456790123457,65.74074074074075,4.012345679012346,61.72839506172839
E00059837,232,98,54,44,134,16,118,42.241379310344826,23.275862068965516,18.96551724137931,57.758620689655174,6.896551724137931,50.86206896551724
E00059838,278,50,25,25,228,11,217,17.985611510791365,8.992805755395683,8.992805755395683,82.01438848920863,3.9568345323741005,78.05755395683454
E00059839,385,83,46,37,302,15,287,21.558441558441558,11.948051948051948,9.61038961038961,78.44155844155844,3.896103896103896,74.54545454545455
E00059840,302,87,36,51,215,25,190,28.807947019867548,11.920529801324504,16.887417218543046,71.19205298013244,8.27814569536424,62.913907284768214
E00059841,336,61,37,24,275,16,259,18.154761904761905,11.011904761904761,7.142857142857142,81.84523809523809,4.761904761904762,77.08333333333334
E00059842,253,57,26,31,196,20,176,22.529644268774703,10.276679841897234,12.25296442687747,77.4703557312253,7.905138339920949,69.56521739130434
E00059843,354,48,22,26,306,27,279,13.559322033898304,6.214689265536723,7.344632768361582,86.4406779661017,7.627118644067797,78.8135593220339
E00059844,234,80,53,27,154,18,136,34.18803418803419,22.64957264957265,11.538461538461538,65.8119658119658,7.6923076923076925,58.119658119658126
E00059845,321,72,37,35,249,16,233,22.429906542056074,11.526479750778815,10.903426791277258,77.57009345794393,4.984423676012461,72.58566978193146
E00059846,323,63,33,30,260,16,244,19.5046439628483,10.21671826625387,9.287925696594428,80.4953560371517,4.953560371517028,75.54179566563467
E00059847,276,109,67,42,167,15,152,39.492753623188406,24.27536231884058,15.217391304347828,60.507246376811594,5.434782608695652,55.072463768115945
E00059848,309,88,52,36,221,13,208,28.478964401294498,16.828478964401295,11.650485436893204,71.52103559870551,4.207119741100324,67.31391585760518
E00059849,266,107,58,49,159,16,143,40.225563909774436,21.804511278195488,18.421052631578945,59.77443609022557,6.015037593984962,53.75939849624061
E00059850,326,58,17,41,268,27,241,17.791411042944784,5.214723926380368,12.576687116564417,82.20858895705521,8.282208588957054,73.92638036809815
E00059851,227,87,43,44,140,15,125,38.32599118942731,18.94273127753304,19.383259911894275,61.67400881057269,6.607929515418502,55.06607929515418
E00059852,267,71,35,36,196,20,176,26.591760299625467,13.108614232209737,13.48314606741573,73.40823970037454,7.490636704119851,65.91760299625467
E00059854,295,74,34,40,221,17,204,25.08474576271186,11.525423728813559,13.559322033898304,74.91525423728814,5.762711864406779,69.15254237288136
E00059855,296,78,35,43,218,16,202,26.351351351351347,11.824324324324325,14.527027027027026,73.64864864864865,5.405405405405405,68.24324324324324
E00059856,235,97,55,42,138,21,117,41.27659574468085,23.404255319148938,17.872340425531917,58.723404255319146,8.936170212765958,49.787234042553195
E00059857,362,85,36,49,277,24,253,23.480662983425415,9.94475138121547,13.535911602209943,76.51933701657458,6.629834254143646,69.88950276243095
E00059858,259,58,21,37,201,18,183,22.393822393822393,8.108108108108109,14.285714285714285,77.60617760617761,6.94980694980695,70.65637065637065
E00059859,229,40,19,21,189,12,177,17.46724890829694,8.296943231441048,9.170305676855897,82.53275109170306,5.240174672489083,77.29257641921397
E00059860,284,99,49,50,185,13,172,34.859154929577464,17.253521126760564,17.6056338028169,65.14084507042254,4.577464788732395,60.56338028169014
E00059861,144,56,37,19,88,7,81,38.88888888888889,25.694444444444443,13.194444444444445,61.111111111111114,4.861111111111112,56.25
E00059862,274,69,40,29,205,20,185,25.18248175182482,14.5985401459854,10.583941605839415,74.81751824817519,7.2992700729927,67.51824817518248
E00059863,199,49,32,17,150,11,139,24.623115577889447,16.08040201005025,8.542713567839195,75.37688442211056,5.527638190954774,69.84924623115577
E00059864,233,63,30,33,170,15,155,27.038626609442062,12.875536480686694,14.163090128755366,72.96137339055794,6.437768240343347,66.52360515021459
E00059865,359,90,50,40,269,16,253,25.069637883008355,13.92757660167131,11.142061281337048,74.93036211699165,4.456824512534819,70.47353760445682
E00059866,222,44,18,26,178,17,161,19.81981981981982,8.108108108108109,11.711711711711711,80.18018018018019,7.657657657657657,72.52252252252252
E00059867,249,63,26,37,186,6,180,25.301204819277107,10.441767068273093,14.859437751004014,74.69879518072288,2.4096385542168677,72.28915662650603
E00059868,194,67,40,27,127,6,121,34.5360824742268,20.618556701030926,13.917525773195877,65.4639175257732,3.0927835051546393,62.371134020618555
E00059869,280,67,29,38,213,13,200,23.92857142857143,10.357142857142858,13.571428571428571,76.07142857142857,4.642857142857143,71.42857142857143
E00059870,334,69,38,31,265,23,242,20.65868263473054,11.377245508982035,9.281437125748502,79.34131736526946,6.88622754491018,72.45508982035929
E00059871,442,104,58,46,338,24,314,23.52941176470588,13.122171945701359,10.407239819004525,76.47058823529412,5.429864253393665,71.04072398190046
E00059872,536,92,47,45,444,28,416,17.16417910447761,8.768656716417912,8.395522388059701,82.83582089552239,5.223880597014925,77.61194029850746
E00059873,328,100,60,40,228,17,211,30.48780487804878,18.29268292682927,12.195121951219512,69.51219512195121,5.182926829268292,64.32926829268293
E00059874,336,89,40,49,247,12,235,26.488095238095237,11.904761904761903,14.583333333333334,73.51190476190477,3.571428571428571,69.94047619047619
E00059875,231,38,10,28,193,18,175,16.450216450216452,4.329004329004329,12.121212121212121,83.54978354978356,7.792207792207792,75.75757575757575
E00059876,297,45,11,34,252,22,230,15.151515151515152,3.7037037037037033,11.447811447811448,84.84848484848484,7.4074074074074066,77.44107744107744
E00059877,319,46,15,31,273,30,243,14.420062695924765,4.702194357366771,9.717868338557993,85.57993730407524,9.404388714733543,76.17554858934169
E00059878,307,63,22,41,244,23,221,20.521172638436482,7.166123778501629,13.355048859934854,79.47882736156352,7.491856677524431,71.9869706840391
E00059879,230,39,17,22,191,17,174,16.956521739130434,7.391304347826087,9.565217391304348,83.04347826086956,7.391304347826087,75.65217391304347
E00059880,287,61,24,37,226,25,201,21.254355400696863,8.362369337979095,12.89198606271777,78.74564459930313,8.710801393728223,70.03484320557492
E00059881,267,50,20,30,217,27,190,18.726591760299627,7.490636704119851,11.235955056179774,81.27340823970037,10.112359550561797,71.16104868913857
E00059882,410,85,42,43,325,31,294,20.73170731707317,10.24390243902439,10.487804878048781,79.26829268292683,7.560975609756097,71.70731707317073
E00059884,293,39,17,22,254,21,233,13.310580204778159,5.802047781569966,7.508532423208192,86.68941979522185,7.167235494880546,79.5221843003413
E00059885,247,61,15,46,186,18,168,24.696356275303643,6.0728744939271255,18.62348178137652,75.30364372469636,7.28744939271255,68.0161943319838
E00059886,209,72,43,29,137,18,119,34.44976076555024,20.574162679425836,13.875598086124402,65.55023923444976,8.61244019138756,56.9377990430622
E00059887,279,54,25,29,225,23,202,19.35483870967742,8.960573476702509,10.39426523297491,80.64516129032258,8.24372759856631,72.40143369175627
E00059888,226,30,15,15,196,16,180,13.274336283185843,6.637168141592921,6.637168141592921,86.72566371681415,7.079646017699115,79.64601769911505
E00059889,256,54,22,32,202,21,181,21.09375,8.59375,12.5,78.90625,8.203125,70.703125
E00059890,309,46,15,31,263,29,234,14.886731391585762,4.854368932038835,10.032362459546926,85.11326860841424,9.385113268608414,75.72815533980582
E00059891,351,56,23,33,295,31,264,15.954415954415953,6.552706552706552,9.401709401709402,84.04558404558404,8.831908831908832,75.21367521367522
E00059892,258,56,23,33,202,26,176,21.705426356589147,8.914728682170542,12.790697674418606,78.29457364341084,10.077519379844961,68.21705426356588
E00059893,315,45,19,26,270,11,259,14.285714285714285,6.031746031746032,8.253968253968253,85.71428571428571,3.492063492063492,82.22222222222221
E00059894,307,55,24,31,252,28,224,17.91530944625407,7.81758957654723,10.097719869706841,82.08469055374593,9.120521172638437,72.9641693811075
E00059895,301,72,29,43,229,15,214,23.920265780730897,9.634551495016613,14.285714285714285,76.0797342192691,4.983388704318937,71.09634551495017
E00059896,297,56,25,31,241,26,215,18.855218855218855,8.417508417508419,10.437710437710438,81.14478114478115,8.754208754208754,72.39057239057239
E00059897,316,41,8,33,275,22,253,12.974683544303797,2.5316455696202533,10.443037974683545,87.0253164556962,6.962025316455696,80.0632911392405
E00059898,312,44,8,36,268,20,248,14.102564102564102,2.564102564102564,11.538461538461538,85.8974358974359,6.41025641025641,79.48717948717949
E00059899,226,63,27,36,163,18,145,27.876106194690266,11.946902654867257,15.929203539823009,72.12389380530973,7.964601769911504,64.15929203539822
E00059900,267,46,14,32,221,25,196,17.228464419475657,5.2434456928838955,11.985018726591761,82.77153558052434,9.363295880149813,73.40823970037454
E00059901,304,58,19,39,246,17,229,19.078947368421055,6.25,12.828947368421053,80.92105263157895,5.592105263157895,75.32894736842105
E00059902,258,55,19,36,203,24,179,21.31782945736434,7.3643410852713185,13.953488372093023,78.68217054263566,9.30232558139535,69.37984496124031
E00059903,281,50,15,35,231,19,212,17.793594306049823,5.338078291814947,12.455516014234876,82.20640569395017,6.761565836298933,75.44483985765125
E00059905,291,43,17,26,248,23,225,14.776632302405499,5.841924398625429,8.934707903780069,85.2233676975945,7.903780068728522,77.31958762886599
E00059906,204,89,47,42,115,19,96,43.627450980392155,23.03921568627451,20.588235294117645,56.372549019607845,9.313725490196079,47.05882352941176
E00059908,267,46,15,31,221,20,201,17.228464419475657,5.617977528089887,11.610486891385769,82.77153558052434,7.490636704119851,75.28089887640449
E00059909,363,57,19,38,306,33,273,15.702479338842975,5.234159779614325,10.46831955922865,84.29752066115702,9.090909090909092,75.20661157024794
E00059910,592,81,31,50,511,61,450,13.682432432432432,5.236486486486487,8.445945945945946,86.31756756756756,10.304054054054054,76.01351351351352
E00059913,253,53,16,37,200,20,180,20.948616600790515,6.324110671936759,14.624505928853754,79.05138339920948,7.905138339920949,71.14624505928853
E00059914,297,65,30,35,232,24,208,21.885521885521886,10.1010101010101,11.784511784511785,78.11447811447812,8.080808080808081,70.03367003367003
E00059915,287,52,23,29,235,25,210,18.118466898954704,8.013937282229964,10.104529616724738,81.8815331010453,8.710801393728223,73.17073170731707
E00059916,297,50,21,29,247,24,223,16.835016835016837,7.07070707070707,9.764309764309765,83.16498316498317,8.080808080808081,75.08417508417509
E00059917,340,54,24,30,286,36,250,15.88235294117647,7.0588235294117645,8.823529411764707,84.11764705882354,10.588235294117647,73.52941176470588
E00059918,337,65,22,43,272,29,243,19.287833827893174,6.528189910979229,12.759643916913946,80.71216617210682,8.605341246290802,72.10682492581603
E00059919,245,45,16,29,200,17,183,18.367346938775512,6.530612244897959,11.83673469387755,81.63265306122449,6.938775510204081,74.6938775510204
E00059920,283,61,22,39,222,21,201,21.554770318021202,7.773851590106007,13.780918727915195,78.4452296819788,7.420494699646643,71.02473498233216
E00059921,263,62,19,43,201,23,178,23.574144486692013,7.224334600760455,16.34980988593156,76.42585551330798,8.745247148288973,67.68060836501901
E00059922,306,55,23,32,251,22,229,17.973856209150327,7.516339869281046,10.457516339869281,82.02614379084967,7.18954248366013,74.83660130718954
E00059923,262,48,14,34,214,19,195,18.3206106870229,5.343511450381679,12.977099236641221,81.67938931297711,7.251908396946565,74.42748091603053
E00059924,365,76,34,42,289,32,257,20.82191780821918,9.315068493150685,11.506849315068493,79.17808219178082,8.767123287671232,70.41095890410959
E00059925,296,64,32,32,232,18,214,21.62162162162162,10.81081081081081,10.81081081081081,78.37837837837837,6.081081081081082,72.2972972972973
E00059926,263,46,16,30,217,22,195,17.490494296577946,6.083650190114068,11.406844106463879,82.50950570342205,8.365019011406844,74.1444866920152
E00059927,225,57,24,33,168,16,152,25.333333333333336,10.666666666666668,14.666666666666666,74.66666666666667,7.111111111111111,67.55555555555556
E00059928,328,42,17,25,286,30,256,12.804878048780488,5.182926829268292,7.621951219512195,87.1951219512195,9.146341463414634,78.04878048780488
E00059929,398,66,23,43,332,36,296,16.582914572864322,5.778894472361809,10.804020100502512,83.41708542713567,9.045226130653267,74.37185929648241
E00059930,287,57,18,39,230,29,201,19.860627177700348,6.2717770034843205,13.588850174216027,80.13937282229965,10.104529616724738,70.03484320557492
E00059931,365,97,66,31,268,25,243,26.575342465753426,18.08219178082192,8.493150684931507,73.42465753424658,6.8493150684931505,66.57534246575342
E00059932,184,64,45,19,120,17,103,34.78260869565217,24.456521739130434,10.326086956521738,65.21739130434783,9.239130434782608,55.97826086956522
E00059933,294,44,27,17,250,24,226,14.965986394557824,9.183673469387756,5.782312925170068,85.03401360544217,8.16326530612245,76.87074829931973
E00059934,442,72,25,47,370,33,337,16.289592760180994,5.656108597285068,10.633484162895927,83.710407239819,7.46606334841629,76.2443438914027
E00059935,556,41,10,31,515,31,484,7.374100719424461,1.7985611510791366,5.575539568345324,92.62589928057554,5.575539568345324,87.05035971223022
E00059936,261,52,19,33,209,13,196,19.923371647509576,7.2796934865900385,12.643678160919542,80.07662835249042,4.980842911877394,75.09578544061303
E00059937,340,35,12,23,305,31,274,10.294117647058822,3.5294117647058822,6.764705882352941,89.70588235294117,9.117647058823529,80.58823529411765
E00059938,274,55,22,33,219,26,193,20.072992700729927,8.02919708029197,12.043795620437956,79.92700729927007,9.48905109489051,70.43795620437956
E00059939,273,55,25,30,218,22,196,20.146520146520146,9.157509157509157,10.989010989010989,79.85347985347985,8.058608058608058,71.7948717948718
E00059940,275,53,22,31,222,20,202,19.272727272727273,8,11.272727272727273,80.72727272727272,7.2727272727272725,73.45454545454545
E00059941,282,54,21,33,228,21,207,19.148936170212767,7.446808510638298,11.702127659574469,80.85106382978722,7.446808510638298,73.40425531914893
E00059942,262,59,23,36,203,24,179,22.519083969465647,8.778625954198473,13.740458015267176,77.48091603053436,9.16030534351145,68.32061068702289
E00059943,441,133,94,39,308,34,274,30.158730158730158,21.31519274376417,8.843537414965986,69.84126984126983,7.709750566893423,62.131519274376416
E00059944,248,12,6,6,236,26,210,4.838709677419355,2.4193548387096775,2.4193548387096775,95.16129032258065,10.483870967741936,84.67741935483872
E00059945,294,56,21,35,238,25,213,19.047619047619047,7.142857142857142,11.904761904761903,80.95238095238095,8.503401360544217,72.44897959183673
E00059946,307,72,37,35,235,19,216,23.452768729641694,12.052117263843648,11.400651465798045,76.54723127035831,6.188925081433225,70.35830618892508
E00059947,307,77,37,40,230,22,208,25.0814332247557,12.052117263843648,13.029315960912053,74.9185667752443,7.166123778501629,67.75244299674267
E00059948,274,30,5,25,244,24,220,10.948905109489052,1.824817518248175,9.124087591240876,89.05109489051095,8.75912408759124,80.2919708029197
E00059949,331,55,25,30,276,26,250,16.61631419939577,7.552870090634441,9.06344410876133,83.38368580060424,7.854984894259818,75.52870090634441
E00059950,240,41,18,23,199,30,169,17.083333333333332,7.5,9.583333333333334,82.91666666666667,12.5,70.41666666666667
E00059951,420,138,70,68,282,33,249,32.857142857142854,16.666666666666664,16.19047619047619,67.14285714285714,7.857142857142857,59.285714285714285
E00059952,332,67,31,36,265,23,242,20.180722891566266,9.33734939759036,10.843373493975903,79.81927710843374,6.927710843373494,72.89156626506023
E00059953,446,47,18,29,399,25,374,10.538116591928251,4.0358744394618835,6.502242152466367,89.46188340807176,5.605381165919283,83.85650224215246
E00059954,291,59,24,35,232,28,204,20.274914089347078,8.24742268041237,12.027491408934708,79.72508591065292,9.621993127147768,70.10309278350515
E00059955,330,34,7,27,296,24,272,10.303030303030303,2.1212121212121215,8.181818181818182,89.6969696969697,7.2727272727272725,82.42424242424242
E00059956,266,48,24,24,218,20,198,18.045112781954884,9.022556390977442,9.022556390977442,81.95488721804512,7.518796992481203,74.43609022556392
E00059957,181,64,36,28,117,5,112,35.35911602209944,19.88950276243094,15.469613259668508,64.64088397790056,2.7624309392265194,61.87845303867403
E00059958,183,80,49,31,103,11,92,43.71584699453552,26.775956284153008,16.939890710382514,56.284153005464475,6.0109289617486334,50.27322404371585
E00059959,279,57,28,29,222,17,205,20.43010752688172,10.03584229390681,10.39426523297491,79.56989247311827,6.093189964157706,73.47670250896059
E00059960,397,62,20,42,335,30,305,15.617128463476071,5.037783375314862,10.579345088161208,84.38287153652394,7.5566750629722925,76.82619647355163
E00059961,267,48,15,33,219,22,197,17.97752808988764,5.617977528089887,12.359550561797752,82.02247191011236,8.239700374531834,73.78277153558052
E00059962,355,97,32,65,258,25,233,27.323943661971832,9.014084507042254,18.30985915492958,72.67605633802818,7.042253521126761,65.63380281690141
E00059963,299,92,37,55,207,26,181,30.76923076923077,12.37458193979933,18.394648829431436,69.23076923076923,8.695652173913043,60.535117056856194
E00059964,431,103,48,55,328,28,300,23.897911832946637,11.1368909512761,12.761020881670534,76.10208816705337,6.496519721577726,69.60556844547564
E00059965,517,63,21,42,454,40,414,12.18568665377176,4.061895551257253,8.123791102514506,87.81431334622823,7.7369439071566735,80.07736943907156
E00059966,260,42,14,28,218,23,195,16.153846153846153,5.384615384615385,10.76923076923077,83.84615384615385,8.846153846153847,75
E00059967,337,60,26,34,277,35,242,17.804154302670625,7.71513353115727,10.089020771513352,82.19584569732937,10.385756676557865,71.81008902077151
E00059968,270,48,15,33,222,20,202,17.77777777777778,5.555555555555555,12.222222222222221,82.22222222222221,7.4074074074074066,74.81481481481481
E00059969,507,63,20,43,444,28,416,12.42603550295858,3.9447731755424065,8.481262327416173,87.57396449704143,5.522682445759369,82.05128205128204
E00059970,265,46,16,30,219,19,200,17.358490566037734,6.037735849056604,11.320754716981133,82.64150943396227,7.169811320754717,75.47169811320755
E00059971,271,46,17,29,225,23,202,16.974169741697416,6.273062730627306,10.70110701107011,83.02583025830258,8.487084870848708,74.53874538745387
E00059973,263,41,8,33,222,30,192,15.5893536121673,3.041825095057034,12.547528517110266,84.4106463878327,11.406844106463879,73.00380228136882
E00059974,432,58,21,37,374,44,330,13.425925925925927,4.861111111111112,8.564814814814815,86.57407407407408,10.185185185185185,76.38888888888889
E00059975,197,33,11,22,164,11,153,16.751269035532996,5.583756345177665,11.16751269035533,83.24873096446701,5.583756345177665,77.66497461928934
E00059976,590,77,22,55,513,45,468,13.050847457627118,3.728813559322034,9.322033898305085,86.94915254237287,7.627118644067797,79.3220338983051
E00059977,299,59,24,35,240,17,223,19.732441471571907,8.02675585284281,11.705685618729097,80.2675585284281,5.68561872909699,74.5819397993311
E00059978,243,41,19,22,202,13,189,16.872427983539097,7.818930041152264,9.053497942386832,83.1275720164609,5.349794238683128,77.77777777777779
E00059979,268,49,24,25,219,16,203,18.28358208955224,8.955223880597014,9.328358208955224,81.71641791044776,5.970149253731343,75.74626865671642
E00059980,247,35,15,20,212,22,190,14.17004048582996,6.0728744939271255,8.097165991902834,85.82995951417004,8.906882591093117,76.92307692307693
E00059981,253,47,19,28,206,14,192,18.57707509881423,7.5098814229249005,11.067193675889328,81.42292490118577,5.533596837944664,75.8893280632411
E00059982,266,48,20,28,218,19,199,18.045112781954884,7.518796992481203,10.526315789473683,81.95488721804512,7.142857142857142,74.81203007518798
E00059983,319,62,33,29,257,26,231,19.435736677115987,10.344827586206897,9.090909090909092,80.56426332288402,8.150470219435736,72.41379310344827
E00059984,306,58,22,36,248,28,220,18.954248366013072,7.18954248366013,11.76470588235294,81.04575163398692,9.15032679738562,71.89542483660131
E00059985,168,69,37,32,99,6,93,41.07142857142857,22.023809523809522,19.047619047619047,58.92857142857143,3.571428571428571,55.35714285714286
E00059986,226,55,29,26,171,6,165,24.336283185840706,12.831858407079647,11.504424778761061,75.66371681415929,2.6548672566371683,73.00884955752213
E00059988,399,82,37,45,317,28,289,20.551378446115287,9.273182957393484,11.278195488721805,79.4486215538847,7.017543859649122,72.4310776942356
E00059989,322,37,12,25,285,23,262,11.490683229813664,3.7267080745341614,7.763975155279502,88.50931677018633,7.142857142857142,81.36645962732919
E00059990,265,62,26,36,203,16,187,23.39622641509434,9.811320754716983,13.584905660377359,76.60377358490567,6.037735849056604,70.56603773584905
E00059991,415,64,16,48,351,25,326,15.421686746987953,3.8554216867469884,11.566265060240964,84.57831325301206,6.024096385542169,78.55421686746989
E00059992,365,44,9,35,321,33,288,12.054794520547945,2.4657534246575343,9.58904109589041,87.94520547945206,9.04109589041096,78.9041095890411
E00059993,328,77,34,43,251,17,234,23.47560975609756,10.365853658536585,13.109756097560975,76.52439024390245,5.182926829268292,71.34146341463415
E00059994,350,88,46,42,262,18,244,25.142857142857146,13.142857142857142,12,74.85714285714286,5.142857142857142,69.71428571428572
E00059995,490,108,47,61,382,38,344,22.040816326530614,9.591836734693878,12.448979591836734,77.9591836734694,7.755102040816326,70.20408163265306
E00059996,131,16,4,12,115,7,108,12.213740458015266,3.0534351145038165,9.16030534351145,87.78625954198473,5.343511450381679,82.44274809160305
E00059997,491,91,40,51,400,29,371,18.533604887983707,8.146639511201629,10.386965376782078,81.4663951120163,5.906313645621181,75.56008146639512
E00059998,435,85,40,45,350,15,335,19.54022988505747,9.195402298850574,10.344827586206897,80.45977011494253,3.4482758620689653,77.01149425287356
E00059999,257,51,25,26,206,14,192,19.844357976653697,9.72762645914397,10.116731517509727,80.1556420233463,5.447470817120623,74.70817120622569
E00060000,387,96,51,45,291,19,272,24.8062015503876,13.178294573643413,11.627906976744185,75.1937984496124,4.909560723514212,70.28423772609818
E00060001,323,65,20,45,258,19,239,20.123839009287924,6.191950464396285,13.93188854489164,79.87616099071208,5.88235294117647,73.9938080495356
E00060002,315,61,30,31,254,24,230,19.365079365079367,9.523809523809524,9.841269841269842,80.63492063492063,7.6190476190476195,73.01587301587301
E00060003,451,56,23,33,395,37,358,12.416851441241686,5.099778270509978,7.317073170731707,87.58314855875831,8.2039911308204,79.37915742793791
E00060004,302,67,36,31,235,21,214,22.185430463576157,11.920529801324504,10.264900662251655,77.81456953642383,6.95364238410596,70.86092715231787
E00060005,294,69,36,33,225,13,212,23.46938775510204,12.244897959183673,11.224489795918368,76.53061224489795,4.421768707482993,72.10884353741497
E00060006,361,68,36,32,293,25,268,18.83656509695291,9.97229916897507,8.86426592797784,81.16343490304709,6.9252077562326875,74.23822714681441
E00060007,281,93,44,49,188,10,178,33.096085409252666,15.658362989323843,17.437722419928825,66.90391459074732,3.558718861209965,63.345195729537366
E00060008,221,80,36,44,141,20,121,36.199095022624434,16.289592760180994,19.90950226244344,63.80090497737556,9.049773755656108,54.75113122171946
E00060009,268,52,24,28,216,19,197,19.402985074626866,8.955223880597014,10.44776119402985,80.59701492537313,7.08955223880597,73.50746268656717
E00060010,168,59,29,30,109,6,103,35.11904761904761,17.261904761904763,17.857142857142858,64.88095238095238,3.571428571428571,61.30952380952381
E00060011,522,94,38,56,428,32,396,18.007662835249043,7.2796934865900385,10.727969348659004,81.99233716475096,6.130268199233716,75.86206896551724
E00060012,277,54,26,28,223,17,206,19.494584837545126,9.386281588447654,10.108303249097473,80.50541516245488,6.137184115523466,74.36823104693141
E00060013,336,82,29,53,254,14,240,24.404761904761905,8.630952380952381,15.773809523809524,75.59523809523809,4.166666666666666,71.42857142857143
E00060014,245,41,14,27,204,23,181,16.73469387755102,5.714285714285714,11.020408163265307,83.26530612244898,9.387755102040817,73.87755102040816
E00060015,284,61,31,30,223,17,206,21.47887323943662,10.915492957746478,10.56338028169014,78.52112676056338,5.985915492957746,72.53521126760563
E00060016,391,67,30,37,324,19,305,17.135549872122763,7.672634271099745,9.462915601023019,82.86445012787725,4.859335038363171,78.00511508951406
E00060017,356,79,34,45,277,14,263,22.191011235955056,9.550561797752808,12.640449438202248,77.80898876404494,3.932584269662921,73.87640449438202
E00060018,352,77,39,38,275,23,252,21.875,11.079545454545455,10.795454545454545,78.125,6.534090909090909,71.5909090909091
E00060019,409,63,26,37,346,25,321,15.403422982885084,6.356968215158925,9.04645476772616,84.59657701711491,6.112469437652812,78.4841075794621
E00060020,378,75,37,38,303,20,283,19.841269841269842,9.788359788359788,10.052910052910052,80.15873015873017,5.291005291005291,74.86772486772487
E00060021,323,66,21,45,257,30,227,20.43343653250774,6.5015479876160995,13.93188854489164,79.56656346749226,9.287925696594428,70.27863777089783
E00060022,259,40,17,23,219,21,198,15.444015444015443,6.563706563706563,8.880308880308881,84.55598455598455,8.108108108108109,76.44787644787645
E00060023,285,66,20,46,219,14,205,23.157894736842106,7.017543859649122,16.140350877192983,76.84210526315789,4.912280701754386,71.9298245614035
E00060024,371,91,44,47,280,15,265,24.528301886792452,11.859838274932615,12.668463611859837,75.47169811320755,4.0431266846361185,71.42857142857143
E00060025,398,68,31,37,330,18,312,17.08542713567839,7.788944723618091,9.296482412060302,82.91457286432161,4.522613065326634,78.39195979899498
E00060026,363,58,20,38,305,29,276,15.977961432506888,5.5096418732782375,10.46831955922865,84.02203856749311,7.988980716253444,76.03305785123968
E00060027,242,60,35,25,182,17,165,24.793388429752067,14.46280991735537,10.330578512396695,75.20661157024794,7.024793388429752,68.18181818181817
E00060028,393,59,23,36,334,20,314,15.012722646310433,5.852417302798982,9.16030534351145,84.98727735368958,5.089058524173027,79.89821882951654
E00060029,310,95,43,52,215,15,200,30.64516129032258,13.870967741935484,16.7741935483871,69.35483870967742,4.838709677419355,64.51612903225806
E00060030,280,49,20,29,231,23,208,17.5,7.142857142857142,10.357142857142858,82.5,8.214285714285714,74.28571428571429
E00060031,268,74,34,40,194,21,173,27.611940298507463,12.686567164179104,14.925373134328357,72.38805970149254,7.835820895522389,64.55223880597015
E00060032,407,80,40,40,327,16,311,19.656019656019655,9.828009828009828,9.828009828009828,80.34398034398035,3.9312039312039313,76.41277641277642
E00060033,205,62,26,36,143,18,125,30.24390243902439,12.682926829268293,17.560975609756095,69.7560975609756,8.780487804878048,60.97560975609756
E00060034,133,69,31,38,64,7,57,51.8796992481203,23.308270676691727,28.57142857142857,48.1203007518797,5.263157894736842,42.857142857142854
E00060035,338,48,23,25,290,32,258,14.201183431952662,6.8047337278106506,7.396449704142012,85.79881656804734,9.467455621301776,76.33136094674556
E00060036,246,58,25,33,188,17,171,23.577235772357724,10.16260162601626,13.414634146341465,76.42276422764228,6.910569105691057,69.51219512195121
E00060037,266,57,23,34,209,27,182,21.428571428571427,8.646616541353383,12.781954887218044,78.57142857142857,10.150375939849624,68.42105263157895
E00060038,403,97,50,47,306,21,285,24.069478908188586,12.40694789081886,11.662531017369728,75.93052109181141,5.2109181141439205,70.71960297766749
E00060039,191,58,28,30,133,13,120,30.36649214659686,14.659685863874344,15.706806282722512,69.63350785340315,6.806282722513089,62.82722513089005
E00060040,342,50,25,25,292,28,264,14.619883040935672,7.309941520467836,7.309941520467836,85.38011695906432,8.187134502923977,77.19298245614034
E00060042,257,43,17,26,214,13,201,16.731517509727624,6.614785992217899,10.116731517509727,83.26848249027238,5.058365758754864,78.21011673151752
E00060043,167,64,24,40,103,11,92,38.32335329341318,14.37125748502994,23.952095808383234,61.67664670658682,6.58682634730539,55.08982035928144
E00060044,260,53,18,35,207,21,186,20.384615384615383,6.923076923076923,13.461538461538462,79.61538461538461,8.076923076923077,71.53846153846153
E00060045,281,46,17,29,235,28,207,16.370106761565836,6.049822064056939,10.320284697508896,83.62989323843416,9.9644128113879,73.66548042704626
E00060046,227,50,17,33,177,24,153,22.026431718061673,7.488986784140969,14.537444933920703,77.97356828193833,10.572687224669604,67.40088105726872
E00060047,200,116,50,66,84,10,74,57.99999999999999,25,33,42,5,37
E00060048,341,73,35,38,268,9,259,21.407624633431084,10.263929618768328,11.143695014662756,78.59237536656892,2.6392961876832843,75.95307917888563
E00060049,285,61,33,28,224,11,213,21.403508771929825,11.578947368421053,9.824561403508772,78.59649122807018,3.8596491228070176,74.73684210526315
E00060050,265,63,37,26,202,6,196,23.77358490566038,13.962264150943396,9.811320754716983,76.22641509433963,2.2641509433962264,73.9622641509434
E00060051,227,61,33,28,166,6,160,26.87224669603524,14.537444933920703,12.334801762114537,73.12775330396477,2.643171806167401,70.48458149779736
E00060052,359,62,24,38,297,26,271,17.270194986072422,6.685236768802229,10.584958217270195,82.72980501392759,7.242339832869081,75.4874651810585
E00060053,280,70,36,34,210,20,190,25,12.857142857142856,12.142857142857142,75,7.142857142857142,67.85714285714286
E00060054,253,66,37,29,187,12,175,26.08695652173913,14.624505928853754,11.462450592885375,73.91304347826086,4.743083003952568,69.1699604743083
E00060055,365,48,28,20,317,18,299,13.150684931506849,7.671232876712329,5.47945205479452,86.84931506849315,4.931506849315069,81.91780821917808
E00060056,336,48,18,30,288,21,267,14.285714285714285,5.357142857142857,8.928571428571429,85.71428571428571,6.25,79.46428571428571
E00060057,347,84,43,41,263,17,246,24.207492795389047,12.39193083573487,11.815561959654179,75.79250720461094,4.899135446685879,70.89337175792507
E00060058,486,60,26,34,426,15,411,12.345679012345679,5.349794238683128,6.995884773662551,87.65432098765432,3.0864197530864197,84.5679012345679
E00060059,285,38,18,20,247,12,235,13.333333333333334,6.315789473684211,7.017543859649122,86.66666666666667,4.2105263157894735,82.45614035087719
E00060060,562,81,36,45,481,17,464,14.412811387900357,6.405693950177936,8.007117437722421,85.58718861209964,3.0249110320284696,82.56227758007117
E00060061,421,72,37,35,349,19,330,17.102137767220903,8.788598574821853,8.31353919239905,82.89786223277909,4.513064133016627,78.38479809976246
E00060062,420,72,42,30,348,16,332,17.142857142857142,10,7.142857142857142,82.85714285714286,3.8095238095238098,79.04761904761905
E00060063,399,49,23,26,350,8,342,12.280701754385964,5.764411027568922,6.516290726817042,87.71929824561403,2.0050125313283207,85.71428571428571
E00060064,157,70,39,31,87,7,80,44.5859872611465,24.840764331210192,19.745222929936308,55.4140127388535,4.45859872611465,50.955414012738856
E00060065,537,107,43,64,430,13,417,19.925512104283055,8.007448789571695,11.91806331471136,80.07448789571696,2.4208566108007448,77.6536312849162
E00060066,379,79,41,38,300,12,288,20.844327176781004,10.817941952506596,10.026385224274406,79.15567282321899,3.16622691292876,75.98944591029023
E00060067,341,52,21,31,289,16,273,15.249266862170089,6.158357771260997,9.090909090909092,84.75073313782991,4.69208211143695,80.05865102639295
E00060068,321,52,26,26,269,11,258,16.1993769470405,8.09968847352025,8.09968847352025,83.8006230529595,3.4267912772585665,80.37383177570094
E00060069,301,77,45,32,224,17,207,25.581395348837212,14.950166112956811,10.631229235880399,74.4186046511628,5.647840531561462,68.77076411960132
E00060070,408,76,41,35,332,14,318,18.627450980392158,10.049019607843137,8.57843137254902,81.37254901960785,3.431372549019608,77.94117647058823
E00060071,379,60,26,34,319,19,300,15.8311345646438,6.860158311345646,8.970976253298153,84.1688654353562,5.013192612137203,79.15567282321899
E00060072,310,65,31,34,245,13,232,20.967741935483872,10,10.967741935483872,79.03225806451613,4.193548387096775,74.83870967741936
E00060073,228,84,41,43,144,15,129,36.84210526315789,17.982456140350877,18.859649122807017,63.1578947368421,6.578947368421052,56.57894736842105
E00060074,439,69,22,47,370,16,354,15.717539863325742,5.0113895216400905,10.70615034168565,84.28246013667426,3.644646924829157,80.6378132118451
E00060075,343,60,35,25,283,11,272,17.49271137026239,10.204081632653061,7.288629737609329,82.5072886297376,3.206997084548105,79.30029154518951
E00060076,262,32,12,20,230,20,210,12.213740458015266,4.580152671755725,7.633587786259542,87.78625954198473,7.633587786259542,80.1526717557252
E00060077,397,76,34,42,321,12,309,19.143576826196472,8.564231738035264,10.579345088161208,80.85642317380352,3.022670025188917,77.83375314861462
E00060078,219,32,18,14,187,10,177,14.61187214611872,8.21917808219178,6.392694063926941,85.38812785388129,4.5662100456621,80.82191780821918
E00060079,318,62,38,24,256,18,238,19.49685534591195,11.949685534591195,7.547169811320755,80.50314465408806,5.660377358490567,74.84276729559748
E00060081,310,78,37,41,232,14,218,25.161290322580644,11.935483870967742,13.225806451612904,74.83870967741936,4.516129032258064,70.3225806451613
E00060082,328,52,24,28,276,10,266,15.853658536585366,7.317073170731707,8.536585365853659,84.14634146341463,3.048780487804878,81.09756097560977
E00060083,124,49,28,21,75,10,65,39.516129032258064,22.58064516129032,16.93548387096774,60.483870967741936,8.064516129032258,52.41935483870967
E00060084,253,70,41,29,183,15,168,27.66798418972332,16.205533596837945,11.462450592885375,72.33201581027669,5.928853754940711,66.40316205533597
E00060085,469,109,50,59,360,21,339,23.240938166311302,10.660980810234541,12.57995735607676,76.7590618336887,4.477611940298507,72.28144989339019
E00060087,261,56,21,35,205,11,194,21.455938697318008,8.045977011494253,13.409961685823754,78.544061302682,4.21455938697318,74.32950191570882
E00060088,304,59,32,27,245,29,216,19.407894736842106,10.526315789473683,8.881578947368421,80.5921052631579,9.539473684210527,71.05263157894737
E00060089,202,56,27,29,146,15,131,27.722772277227726,13.366336633663368,14.356435643564355,72.27722772277228,7.425742574257425,64.85148514851485
E00060090,315,54,26,28,261,13,248,17.142857142857142,8.253968253968253,8.88888888888889,82.85714285714286,4.1269841269841265,78.73015873015873
E00060091,399,60,37,23,339,16,323,15.037593984962406,9.273182957393484,5.764411027568922,84.9624060150376,4.010025062656641,80.95238095238095
E00060092,295,62,29,33,233,18,215,21.01694915254237,9.830508474576272,11.186440677966102,78.98305084745762,6.101694915254238,72.88135593220339
E00060093,443,40,17,23,403,19,384,9.029345372460497,3.837471783295711,5.191873589164786,90.9706546275395,4.288939051918736,86.68171557562077
E00060094,380,56,32,24,324,19,305,14.736842105263156,8.421052631578947,6.315789473684211,85.26315789473684,5,80.26315789473685
E00060095,482,88,41,47,394,45,349,18.25726141078838,8.506224066390041,9.751037344398341,81.74273858921161,9.336099585062241,72.40663900414937
E00060096,330,49,26,23,281,32,249,14.84848484848485,7.878787878787878,6.969696969696971,85.15151515151516,9.696969696969697,75.45454545454545
E00060097,258,65,29,36,193,24,169,25.1937984496124,11.24031007751938,13.953488372093023,74.8062015503876,9.30232558139535,65.50387596899225
E00060098,234,48,26,22,186,15,171,20.51282051282051,11.11111111111111,9.401709401709402,79.48717948717949,6.41025641025641,73.07692307692307
E00060099,276,61,28,33,215,25,190,22.10144927536232,10.144927536231885,11.956521739130435,77.89855072463769,9.057971014492754,68.84057971014492
E00060100,282,61,21,40,221,23,198,21.631205673758867,7.446808510638298,14.184397163120568,78.36879432624113,8.156028368794328,70.2127659574468
E00060101,312,69,36,33,243,9,234,22.115384615384613,11.538461538461538,10.576923076923077,77.88461538461539,2.8846153846153846,75
E00060102,214,71,40,31,143,7,136,33.177570093457945,18.69158878504673,14.485981308411214,66.82242990654206,3.2710280373831773,63.55140186915887
E00060103,288,58,20,38,230,14,216,20.13888888888889,6.944444444444445,13.194444444444445,79.86111111111111,4.861111111111112,75
E00060104,243,116,79,37,127,15,112,47.73662551440329,32.510288065843625,15.22633744855967,52.2633744855967,6.172839506172839,46.09053497942387
E00060105,274,94,53,41,180,18,162,34.306569343065696,19.34306569343066,14.963503649635038,65.69343065693431,6.569343065693431,59.12408759124088
E00060106,337,50,11,39,287,33,254,14.836795252225517,3.2640949554896146,11.572700296735905,85.16320474777447,9.792284866468842,75.37091988130564
E00060107,271,75,33,42,196,24,172,27.67527675276753,12.177121771217712,15.498154981549817,72.32472324723247,8.856088560885608,63.46863468634686
E00060109,209,40,21,19,169,11,158,19.138755980861244,10.047846889952153,9.090909090909092,80.86124401913875,5.263157894736842,75.5980861244019
E00060110,295,78,44,34,217,16,201,26.440677966101696,14.915254237288137,11.525423728813559,73.5593220338983,5.423728813559322,68.13559322033899
E00060111,336,41,18,23,295,10,285,12.202380952380953,5.357142857142857,6.845238095238096,87.79761904761905,2.976190476190476,84.82142857142857
E00060112,333,66,31,35,267,22,245,19.81981981981982,9.30930930930931,10.51051051051051,80.18018018018019,6.606606606606606,73.57357357357357
E00060113,375,88,49,39,287,16,271,23.466666666666665,13.066666666666665,10.4,76.53333333333333,4.266666666666667,72.26666666666667
E00060114,330,67,28,39,263,24,239,20.303030303030305,8.484848484848486,11.818181818181818,79.6969696969697,7.2727272727272725,72.42424242424242
E00060115,519,84,28,56,435,29,406,16.184971098265898,5.394990366088632,10.789980732177264,83.8150289017341,5.5876685934489405,78.22736030828517
E00060116,257,61,30,31,196,15,181,23.73540856031128,11.673151750972762,12.062256809338521,76.26459143968872,5.836575875486381,70.42801556420234
E00060117,401,76,33,43,325,16,309,18.952618453865338,8.229426433915211,10.723192019950124,81.04738154613467,3.99002493765586,77.0573566084788
E00060118,233,63,32,31,170,10,160,27.038626609442062,13.733905579399142,13.304721030042918,72.96137339055794,4.291845493562231,68.6695278969957
E00060119,285,66,32,34,219,13,206,23.157894736842106,11.228070175438596,11.929824561403509,76.84210526315789,4.56140350877193,72.28070175438597
E00060120,282,49,27,22,233,10,223,17.375886524822697,9.574468085106384,7.801418439716312,82.62411347517731,3.546099290780142,79.07801418439716
E00060121,483,47,23,24,436,23,413,9.730848861283643,4.761904761904762,4.968944099378882,90.26915113871635,4.761904761904762,85.5072463768116
E00060123,273,35,12,23,238,28,210,12.82051282051282,4.395604395604396,8.424908424908425,87.17948717948718,10.256410256410255,76.92307692307693
E00060124,309,86,42,44,223,27,196,27.831715210355988,13.592233009708737,14.239482200647249,72.168284789644,8.737864077669903,63.43042071197411
E00060125,335,69,24,45,266,12,254,20.597014925373134,7.164179104477612,13.432835820895523,79.40298507462687,3.582089552238806,75.82089552238806
E00060126,492,79,30,49,413,33,380,16.056910569105693,6.097560975609756,9.959349593495935,83.94308943089432,6.707317073170732,77.23577235772358
E00060127,497,78,26,52,419,24,395,15.694164989939638,5.23138832997988,10.46277665995976,84.30583501006036,4.82897384305835,79.47686116700201
E00060128,277,46,20,26,231,26,205,16.60649819494585,7.2202166064981945,9.386281588447654,83.39350180505414,9.386281588447654,74.0072202166065
E00060129,284,51,22,29,233,23,210,17.95774647887324,7.746478873239436,10.211267605633804,82.04225352112677,8.098591549295776,73.94366197183099
E00060130,503,83,36,47,420,26,394,16.50099403578529,7.157057654075547,9.343936381709742,83.49900596421472,5.168986083499006,78.33001988071571
E00060131,384,83,43,40,301,21,280,21.614583333333336,11.197916666666668,10.416666666666668,78.38541666666666,5.46875,72.91666666666666
E00060132,401,85,34,51,316,31,285,21.197007481296758,8.478802992518704,12.718204488778055,78.80299251870323,7.73067331670823,71.07231920199501
E00060133,313,75,36,39,238,9,229,23.961661341853034,11.501597444089457,12.460063897763577,76.03833865814697,2.8753993610223643,73.1629392971246
E00060134,277,72,37,35,205,13,192,25.992779783393498,13.357400722021662,12.63537906137184,74.0072202166065,4.693140794223827,69.31407942238266
E00060135,250,39,16,23,211,23,188,15.6,6.4,9.2,84.39999999999999,9.2,75.2
E00060136,376,39,14,25,337,36,301,10.372340425531915,3.723404255319149,6.648936170212766,89.62765957446808,9.574468085106384,80.0531914893617
E00060137,293,66,24,42,227,18,209,22.525597269624573,8.19112627986348,14.334470989761092,77.47440273037543,6.143344709897611,71.33105802047781
E00060138,323,51,12,39,272,26,246,15.789473684210526,3.7151702786377707,12.074303405572756,84.21052631578947,8.04953560371517,76.16099071207431
E00060139,303,56,22,34,247,35,212,18.48184818481848,7.2607260726072615,11.221122112211221,81.51815181518151,11.55115511551155,69.96699669966998
E00060140,306,52,18,34,254,20,234,16.99346405228758,5.88235294117647,11.11111111111111,83.00653594771242,6.535947712418301,76.47058823529412
E00060141,245,55,24,31,190,20,170,22.448979591836736,9.795918367346939,12.653061224489795,77.55102040816327,8.16326530612245,69.38775510204081
E00060142,371,91,46,45,280,12,268,24.528301886792452,12.398921832884097,12.129380053908356,75.47169811320755,3.234501347708895,72.23719676549865
E00060143,227,35,15,20,192,14,178,15.418502202643172,6.607929515418502,8.81057268722467,84.58149779735683,6.167400881057269,78.41409691629956
E00060144,316,45,20,25,271,23,248,14.240506329113925,6.329113924050633,7.9113924050632916,85.75949367088607,7.2784810126582276,78.48101265822784
E00060145,388,75,35,40,313,16,297,19.329896907216497,9.02061855670103,10.309278350515463,80.6701030927835,4.123711340206185,76.5463917525773
E00060146,390,80,42,38,310,19,291,20.51282051282051,10.76923076923077,9.7435897435897445,79.48717948717949,4.871794871794872,74.61538461538461
E00060147,333,56,22,34,277,27,250,16.816816816816818,6.606606606606606,10.21021021021021,83.18318318318319,8.108108108108109,75.07507507507508
E00060148,535,62,26,36,473,34,439,11.588785046728972,4.859813084112149,6.728971962616822,88.41121495327103,6.355140186915888,82.05607476635514
E00060149,349,88,46,42,261,18,243,25.214899713467048,13.18051575931232,12.034383954154727,74.78510028653295,5.157593123209169,69.62750716332378
E00060150,297,82,37,45,215,22,193,27.609427609427613,12.457912457912458,15.151515151515152,72.39057239057239,7.4074074074074066,64.98316498316498
E00060151,347,81,40,41,266,19,247,23.34293948126801,11.527377521613833,11.815561959654179,76.657060518732,5.475504322766571,71.18155619596543
E00060152,333,55,30,25,278,27,251,16.516516516516518,9.00900900900901,7.5075075075075075,83.48348348348348,8.108108108108109,75.37537537537537
E00060153,262,46,20,26,216,24,192,17.557251908396946,7.633587786259542,9.923664122137405,82.44274809160305,9.16030534351145,73.2824427480916
E00060154,462,61,17,44,401,42,359,13.203463203463203,3.67965367965368,9.523809523809524,86.7965367965368,9.090909090909092,77.7056277056277
E00060156,243,40,19,21,203,18,185,16.46090534979424,7.818930041152264,8.641975308641975,83.53909465020575,7.4074074074074066,76.13168724279835
E00060157,444,96,42,54,348,28,320,21.62162162162162,9.45945945945946,12.162162162162163,78.37837837837837,6.306306306306306,72.07207207207207
E00060158,306,51,20,31,255,28,227,16.666666666666664,6.535947712418301,10.130718954248366,83.33333333333334,9.15032679738562,74.18300653594771
E00060159,471,57,17,40,414,29,385,12.101910828025478,3.6093418259023355,8.492569002123142,87.89808917197452,6.1571125265392785,81.74097664543525
E00060160,315,64,30,34,251,25,226,20.317460317460316,9.523809523809524,10.793650793650794,79.68253968253968,7.936507936507936,71.74603174603175
E00060161,283,43,15,28,240,34,206,15.19434628975265,5.30035335689046,9.89399293286219,84.80565371024736,12.014134275618375,72.79151943462897
E00060162,300,52,21,31,248,21,227,17.333333333333336,7.000000000000001,10.333333333333334,82.66666666666667,7.000000000000001,75.66666666666667
E00060163,379,55,24,31,324,34,290,14.511873350923482,6.33245382585752,8.179419525065963,85.4881266490765,8.970976253298153,76.51715039577837
E00060164,301,45,16,29,256,22,234,14.950166112956811,5.3156146179401995,9.634551495016613,85.04983388704319,7.308970099667775,77.74086378737542
E00060165,356,38,7,31,318,31,287,10.674157303370785,1.9662921348314606,8.707865168539326,89.32584269662921,8.707865168539326,80.6179775280899
E00060166,350,84,32,52,266,26,240,24,9.142857142857142,14.857142857142858,76,7.428571428571429,68.57142857142857
E00060167,248,52,23,29,196,18,178,20.967741935483872,9.274193548387096,11.693548387096774,79.03225806451613,7.258064516129033,71.7741935483871
E00060168,319,44,17,27,275,19,256,13.793103448275861,5.329153605015674,8.463949843260188,86.20689655172413,5.956112852664576,80.25078369905955
E00060169,409,84,48,36,325,34,291,20.537897310513447,11.7359413202934,8.80195599022005,79.46210268948656,8.312958435207824,71.14914425427872
E00060170,246,51,20,31,195,21,174,20.73170731707317,8.130081300813007,12.601626016260163,79.26829268292683,8.536585365853659,70.73170731707317
E00060171,328,69,30,39,259,31,228,21.036585365853657,9.146341463414634,11.890243902439025,78.96341463414635,9.451219512195122,69.51219512195121
E00060172,237,64,27,37,173,22,151,27.004219409282697,11.39240506329114,15.611814345991561,72.9957805907173,9.282700421940929,63.71308016877637
E00060173,197,58,30,28,139,15,124,29.441624365482234,15.228426395939088,14.213197969543149,70.55837563451777,7.614213197969544,62.944162436548226
E00060174,296,56,36,20,240,16,224,18.91891891891892,12.162162162162163,6.756756756756757,81.08108108108108,5.405405405405405,75.67567567567568
E00060175,255,50,27,23,205,26,179,19.607843137254903,10.588235294117647,9.019607843137255,80.3921568627451,10.196078431372548,70.19607843137254
E00060176,244,39,14,25,205,14,191,15.983606557377051,5.737704918032787,10.245901639344263,84.01639344262296,5.737704918032787,78.27868852459017
E00060177,330,46,21,25,284,24,260,13.939393939393941,6.363636363636363,7.575757575757576,86.06060606060606,7.2727272727272725,78.78787878787878
E00060178,265,43,17,26,222,20,202,16.22641509433962,6.415094339622642,9.811320754716983,83.77358490566039,7.547169811320755,76.22641509433963
E00060179,253,44,21,23,209,21,188,17.391304347826086,8.300395256916996,9.090909090909092,82.6086956521739,8.300395256916996,74.30830039525692
E00060180,273,40,12,28,233,17,216,14.652014652014653,4.395604395604396,10.256410256410255,85.34798534798534,6.227106227106227,79.12087912087912
E00060181,231,36,13,23,195,16,179,15.584415584415584,5.627705627705628,9.956709956709958,84.4155844155844,6.926406926406926,77.48917748917748
E00060182,214,59,25,34,155,23,132,27.570093457943923,11.682242990654206,15.887850467289718,72.42990654205607,10.74766355140187,61.6822429906542
E00060183,435,47,13,34,388,40,348,10.804597701149426,2.9885057471264367,7.816091954022989,89.19540229885058,9.195402298850574,80
E00060184,313,46,16,30,267,20,247,14.696485623003195,5.111821086261981,9.584664536741213,85.3035143769968,6.3897763578274756,78.91373801916933
E00060185,267,56,27,29,211,21,190,20.973782771535582,10.112359550561797,10.861423220973784,79.02621722846442,7.865168539325842,71.16104868913857
E00060186,282,42,17,25,240,28,212,14.893617021276595,6.028368794326241,8.865248226950355,85.1063829787234,9.929078014184398,75.177304964539
E00060187,301,46,15,31,255,25,230,15.282392026578073,4.983388704318937,10.299003322259136,84.71760797342192,8.305647840531561,76.41196013289037
E00060188,363,47,17,30,316,27,289,12.947658402203857,4.683195592286501,8.264462809917356,87.05234159779614,7.43801652892562,79.61432506887053
E00060189,197,78,39,39,119,12,107,39.59390862944163,19.796954314720814,19.796954314720814,60.40609137055838,6.091370558375635,54.314720812182735
E00060191,289,58,23,35,231,21,210,20.069204152249135,7.958477508650519,12.110726643598616,79.93079584775087,7.26643598615917,72.66435986159169
E00060192,266,50,11,39,216,21,195,18.796992481203006,4.135338345864661,14.661654135338345,81.203007518797,7.894736842105263,73.30827067669173
E00060193,282,57,27,30,225,31,194,20.212765957446805,9.574468085106384,10.638297872340425,79.7872340425532,10.99290780141844,68.79432624113475
E00060194,318,47,18,29,271,34,237,14.779874213836477,5.660377358490567,9.119496855345911,85.22012578616352,10.69182389937107,74.52830188679245
E00060195,233,45,16,29,188,11,177,19.313304721030043,6.866952789699571,12.446351931330472,80.68669527896995,4.721030042918455,75.9656652360515
E00060196,318,45,13,32,273,26,247,14.150943396226415,4.088050314465408,10.062893081761008,85.84905660377359,8.176100628930817,77.67295597484278
E00060197,343,49,12,37,294,25,269,14.285714285714285,3.498542274052478,10.787172011661808,85.71428571428571,7.288629737609329,78.4256559766764
E00060198,440,49,19,30,391,47,344,11.136363636363637,4.318181818181818,6.8181818181818175,88.86363636363637,10.681818181818182,78.18181818181819
E00060199,373,38,12,26,335,16,319,10.187667560321715,3.2171581769436997,6.970509383378016,89.81233243967829,4.289544235924933,85.52278820375335
E00060200,316,61,32,29,255,39,216,19.303797468354432,10.126582278481013,9.177215189873419,80.69620253164557,12.341772151898734,68.35443037974683
E00060201,274,67,34,33,207,12,195,24.45255474452555,12.408759124087592,12.043795620437956,75.54744525547446,4.37956204379562,71.16788321167883
E00060202,464,78,25,53,386,43,343,16.810344827586206,5.387931034482758,11.422413793103448,83.1896551724138,9.267241379310345,73.92241379310344
E00060204,347,49,18,31,298,28,270,14.121037463976945,5.187319884726225,8.93371757925072,85.87896253602305,8.069164265129682,77.80979827089337
E00060205,341,71,29,42,270,36,234,20.821114369501466,8.504398826979472,12.316715542521994,79.17888563049853,10.557184750733137,68.62170087976538
E00060206,314,48,16,32,266,34,232,15.286624203821656,5.095541401273886,10.191082802547772,84.71337579617835,10.828025477707007,73.88535031847134
E00060207,306,70,34,36,236,20,216,22.875816993464053,11.11111111111111,11.76470588235294,77.12418300653596,6.535947712418301,70.58823529411765
E00060208,315,80,30,50,235,22,213,25.396825396825395,9.523809523809524,15.873015873015872,74.60317460317461,6.984126984126984,67.61904761904762
E00060209,316,82,38,44,234,17,217,25.949367088607595,12.025316455696203,13.924050632911392,74.0506329113924,5.379746835443038,68.67088607594937
E00060210,306,36,16,20,270,32,238,11.76470588235294,5.228758169934641,6.535947712418301,88.23529411764706,10.457516339869281,77.77777777777779
E00060211,393,67,26,41,326,34,292,17.048346055979643,6.615776081424936,10.432569974554708,82.95165394402035,8.651399491094146,74.30025445292621
E00060212,281,69,35,34,212,18,194,24.555160142348754,12.455516014234876,12.099644128113878,75.44483985765125,6.405693950177936,69.03914590747331
E00060213,264,48,18,30,216,33,183,18.181818181818183,6.8181818181818175,11.363636363636363,81.81818181818183,12.5,69.31818181818183
E00060214,315,59,18,41,256,27,229,18.73015873015873,5.714285714285714,13.015873015873018,81.26984126984127,8.571428571428571,72.6984126984127
E00060215,328,58,25,33,270,15,255,17.682926829268293,7.621951219512195,10.060975609756099,82.3170731707317,4.573170731707317,77.7439024390244
E00060216,257,54,26,28,203,23,180,21.011673151750973,10.116731517509727,10.894941634241246,78.98832684824903,8.949416342412452,70.03891050583657
E00060217,301,62,30,32,239,23,216,20.59800664451827,9.966777408637874,10.631229235880399,79.40199335548172,7.641196013289036,71.76079734219269
E00060219,284,30,6,24,254,22,232,10.56338028169014,2.112676056338028,8.450704225352112,89.43661971830986,7.746478873239436,81.69014084507043
E00060220,269,48,24,24,221,20,201,17.843866171003718,8.921933085501859,8.921933085501859,82.15613382899627,7.434944237918216,74.72118959107806
E00060221,226,62,24,38,164,21,143,27.43362831858407,10.619469026548673,16.8141592920354,72.56637168141593,9.29203539823009,63.27433628318584
E00060222,275,54,22,32,221,8,213,19.636363636363637,8,11.636363636363637,80.36363636363636,2.909090909090909,77.45454545454545
E00060223,274,51,17,34,223,13,210,18.613138686131386,6.204379562043796,12.408759124087592,81.38686131386861,4.744525547445255,76.64233576642336
E00060224,298,50,16,34,248,7,241,16.778523489932887,5.369127516778524,11.409395973154362,83.22147651006712,2.348993288590604,80.87248322147651
E00060225,282,43,16,27,239,29,210,15.24822695035461,5.673758865248227,9.574468085106384,84.75177304964538,10.28368794326241,74.46808510638297
E00060226,290,42,20,22,248,14,234,14.482758620689657,6.896551724137931,7.586206896551724,85.51724137931035,4.827586206896552,80.6896551724138
E00060227,310,40,15,25,270,19,251,12.903225806451612,4.838709677419355,8.064516129032258,87.09677419354838,6.129032258064516,80.96774193548387
E00060228,310,51,21,30,259,23,236,16.451612903225808,6.774193548387098,9.67741935483871,83.54838709677419,7.419354838709677,76.12903225806451
E00060229,239,52,20,32,187,17,170,21.75732217573222,8.368200836820083,13.389121338912133,78.24267782426779,7.112970711297072,71.1297071129707
E00060230,289,53,16,37,236,39,197,18.33910034602076,5.536332179930796,12.802768166089965,81.66089965397923,13.494809688581316,68.16608996539793
E00060231,304,58,19,39,246,18,228,19.078947368421055,6.25,12.828947368421053,80.92105263157895,5.921052631578947,75
E00060232,278,46,26,20,232,26,206,16.546762589928058,9.352517985611511,7.1942446043165464,83.45323741007195,9.352517985611511,74.10071942446042
E00060233,307,42,13,29,265,23,242,13.680781758957655,4.234527687296417,9.446254071661238,86.31921824104235,7.491856677524431,78.82736156351791
E00060234,322,57,21,36,265,27,238,17.70186335403727,6.521739130434782,11.180124223602485,82.29813664596274,8.385093167701864,73.91304347826086
E00060235,321,49,20,29,272,30,242,15.264797507788161,6.230529595015576,9.034267912772584,84.73520249221184,9.345794392523365,75.38940809968847
E00060236,295,49,16,33,246,30,216,16.610169491525422,5.423728813559322,11.186440677966102,83.38983050847457,10.16949152542373,73.22033898305085
E00060237,290,47,18,29,243,21,222,16.206896551724135,6.206896551724138,10,83.79310344827586,7.241379310344828,76.55172413793103
E00060238,309,50,18,32,259,28,231,16.181229773462782,5.825242718446602,10.355987055016183,83.81877022653723,9.06148867313916,74.75728155339806
E00060239,333,35,12,23,298,35,263,10.51051051051051,3.6036036036036037,6.906906906906906,89.4894894894895,10.51051051051051,78.97897897897897
E00060240,346,50,21,29,296,46,250,14.450867052023122,6.069364161849711,8.38150289017341,85.54913294797689,13.294797687861271,72.25433526011561
E00060241,295,45,17,28,250,20,230,15.254237288135593,5.762711864406779,9.491525423728813,84.7457627118644,6.779661016949152,77.96610169491525
E00060242,462,86,39,47,376,44,332,18.614718614718615,8.441558441558442,10.173160173160174,81.38528138528139,9.523809523809524,71.86147186147186
E00060243,223,60,38,22,163,14,149,26.905829596412556,17.040358744394617,9.865470852017937,73.09417040358744,6.278026905829597,66.81614349775785
E00060244,291,40,19,21,251,25,226,13.745704467353953,6.529209621993128,7.216494845360824,86.25429553264605,8.59106529209622,77.66323024054984
E00060245,307,40,7,33,267,27,240,13.029315960912053,2.2801302931596092,10.749185667752444,86.97068403908796,8.794788273615636,78.17589576547232
E00060246,279,45,15,30,234,21,213,16.129032258064516,5.376344086021505,10.75268817204301,83.87096774193549,7.526881720430108,76.34408602150538
E00060247,300,33,10,23,267,30,237,11,3.3333333333333335,7.666666666666666,89,10,79
E00060248,267,55,27,28,212,28,184,20.59925093632959,10.112359550561797,10.486891385767791,79.40074906367042,10.486891385767791,68.91385767790263
E00060249,260,29,9,20,231,19,212,11.153846153846155,3.4615384615384617,7.6923076923076925,88.84615384615384,7.307692307692308,81.53846153846153
E00060250,326,50,21,29,276,17,259,15.337423312883436,6.441717791411043,8.895705521472392,84.66257668711657,5.214723926380368,79.4478527607362
E00060251,262,50,24,26,212,22,190,19.083969465648856,9.16030534351145,9.923664122137405,80.91603053435115,8.396946564885496,72.51908396946564
E00060252,215,103,57,46,112,6,106,47.906976744186046,26.51162790697674,21.3953488372093,52.093023255813954,2.7906976744186047,49.30232558139535
E00060253,414,75,26,49,339,27,312,18.115942028985508,6.280193236714976,11.83574879227053,81.88405797101449,6.521739130434782,75.36231884057972
E00060254,330,81,36,45,249,29,220,24.545454545454547,10.909090909090908,13.636363636363635,75.45454545454545,8.787878787878787,66.66666666666666
E00168722,278,21,12,9,257,16,241,7.553956834532374,4.316546762589928,3.237410071942446,92.44604316546763,5.755395683453238,86.6906474820144
E00168723,393,87,39,48,306,33,273,22.137404580152673,9.923664122137405,12.213740458015266,77.86259541984732,8.396946564885496,69.46564885496184
E00168724,186,26,9,17,160,9,151,13.978494623655912,4.838709677419355,9.13978494623656,86.02150537634408,4.838709677419355,81.18279569892472
E00168726,368,44,7,37,324,32,292,11.956521739130435,1.9021739130434785,10.054347826086957,88.04347826086956,8.695652173913043,79.34782608695652
E00168727,187,26,8,18,161,16,145,13.903743315508022,4.27807486631016,9.62566844919786,86.09625668449198,8.55614973262032,77.54010695187165
E00168728,193,19,6,13,174,16,158,9.844559585492227,3.1088082901554404,6.7357512953367875,90.15544041450777,8.290155440414509,81.86528497409327
E00168729,358,59,22,37,299,19,280,16.480446927374302,6.145251396648044,10.335195530726256,83.5195530726257,5.307262569832402,78.2122905027933
E00168730,128,21,11,10,107,8,99,16.40625,8.59375,7.8125,83.59375,6.25,77.34375
E00168731,306,54,21,33,252,24,228,17.647058823529413,6.862745098039216,10.784313725490197,82.35294117647058,7.8431372549019605,74.50980392156863
E00168732,268,50,17,33,218,24,194,18.65671641791045,6.343283582089552,12.313432835820896,81.34328358208955,8.955223880597014,72.38805970149254
E00168733,395,35,15,20,360,32,328,8.860759493670885,3.79746835443038,5.063291139240507,91.13924050632912,8.10126582278481,83.0379746835443
E00168734,280,33,17,16,247,12,235,11.785714285714285,6.071428571428571,5.714285714285714,88.21428571428571,4.285714285714286,83.92857142857143
E00168735,416,46,20,26,370,17,353,11.057692307692307,4.807692307692308,6.25,88.9423076923077,4.086538461538462,84.85576923076923
E00168736,333,75,40,35,258,21,237,22.52252252252252,12.012012012012011,10.51051051051051,77.47747747747748,6.306306306306306,71.17117117117117
E00168737,250,57,25,32,193,14,179,22.8,10,12.8,77.2,5.6000000000000005,71.6
E00168739,363,39,9,30,324,36,288,10.743801652892563,2.479338842975207,8.264462809917356,89.25619834710744,9.917355371900827,79.33884297520662
E00168740,331,31,9,22,300,21,279,9.365558912386707,2.719033232628399,6.646525679758309,90.6344410876133,6.3444108761329305,84.29003021148036
E00168742,322,34,14,20,288,15,273,10.559006211180124,4.3478260869565215,6.211180124223603,89.44099378881988,4.658385093167702,84.78260869565217
E00168743,401,57,16,41,344,27,317,14.214463840399002,3.99002493765586,10.224438902743142,85.785536159601,6.733167082294264,79.05236907730672
E00168744,103,17,4,13,86,9,77,16.50485436893204,3.8834951456310676,12.62135922330097,83.49514563106796,8.737864077669903,74.75728155339806
E00168745,465,62,28,34,403,46,357,13.333333333333334,6.021505376344086,7.311827956989248,86.66666666666667,9.89247311827957,76.77419354838709
E00168746,371,36,8,28,335,21,314,9.703504043126685,2.15633423180593,7.547169811320755,90.29649595687331,5.660377358490567,84.63611859838275
E00168747,386,37,12,25,349,23,326,9.585492227979273,3.1088082901554404,6.476683937823833,90.41450777202073,5.958549222797927,84.4559585492228
E00168748,467,146,48,98,321,45,276,31.263383297644538,10.278372591006423,20.985010706638114,68.73661670235546,9.635974304068522,59.100642398286936
E00168749,398,40,13,27,358,40,318,10.050251256281408,3.2663316582914574,6.78391959798995,89.9497487437186,10.050251256281408,79.89949748743719
E00168751,249,64,30,34,185,16,169,25.702811244979916,12.048192771084338,13.654618473895583,74.29718875502009,6.425702811244979,67.8714859437751
E00179979,599,190,128,62,409,18,391,31.719532554257096,21.368948247078464,10.35058430717863,68.28046744574291,3.005008347245409,65.27545909849749
E00179980,334,61,20,41,273,22,251,18.263473053892216,5.9880239520958085,12.275449101796406,81.73652694610777,6.58682634730539,75.1497005988024
E00179981,868,310,104,206,558,109,449,35.714285714285715,11.981566820276496,23.732718894009217,64.28571428571429,12.557603686635947,51.728110599078335
E00179985,280,59,34,25,221,14,207,21.071428571428573,12.142857142857142,8.928571428571429,78.92857142857143,5,73.92857142857143
E00179987,249,37,16,21,212,21,191,14.859437751004014,6.425702811244979,8.433734939759036,85.14056224899599,8.433734939759036,76.70682730923694
E00179991,230,22,4,18,208,11,197,9.565217391304348,1.7391304347826086,7.82608695652174,90.43478260869566,4.782608695652174,85.65217391304348
E00179992,355,49,18,31,306,21,285,13.802816901408452,5.070422535211268,8.732394366197182,86.19718309859155,5.915492957746479,80.28169014084507
E00179993,337,34,15,19,303,24,279,10.089020771513352,4.451038575667656,5.637982195845697,89.91097922848664,7.121661721068249,82.7893175074184
E00179994,143,30,14,16,113,8,105,20.97902097902098,9.79020979020979,11.188811188811188,79.02097902097903,5.594405594405594,73.42657342657343
E00179995,333,68,31,37,265,27,238,20.42042042042042,9.30930930930931,11.11111111111111,79.57957957957959,8.108108108108109,71.47147147147147
E00179996,388,50,16,34,338,23,315,12.886597938144329,4.123711340206185,8.762886597938143,87.11340206185567,5.927835051546391,81.18556701030928
E00179997,174,14,4,10,160,5,155,8.045977011494253,2.2988505747126435,5.747126436781609,91.95402298850574,2.8735632183908044,89.08045977011494
E00179999,394,51,15,36,343,23,320,12.944162436548224,3.807106598984772,9.137055837563452,87.05583756345177,5.83756345177665,81.21827411167513
E00180001,119,23,7,16,96,9,87,19.327731092436977,5.88235294117647,13.445378151260504,80.67226890756302,7.563025210084033,73.10924369747899
E00180002,606,81,36,45,525,50,475,13.366336633663368,5.9405940594059405,7.425742574257425,86.63366336633663,8.25082508250825,78.38283828382838
E00180003,307,50,23,27,257,20,237,16.286644951140065,7.491856677524431,8.794788273615636,83.71335504885994,6.514657980456026,77.19869706840392
E00180005,398,30,7,23,368,21,347,7.537688442211055,1.7587939698492463,5.778894472361809,92.46231155778895,5.276381909547738,87.1859296482412
E00180006,344,68,31,37,276,27,249,19.767441860465116,9.011627906976743,10.755813953488373,80.23255813953489,7.848837209302325,72.38372093023256
E00180007,174,11,1,10,163,15,148,6.321839080459771,0.5747126436781609,5.747126436781609,93.67816091954023,8.620689655172415,85.0574712643678
E00180008,324,25,4,21,299,17,282,7.716049382716049,1.2345679012345678,6.481481481481481,92.28395061728395,5.246913580246913,87.03703703703704
E00180009,287,20,8,12,267,28,239,6.968641114982578,2.7874564459930316,4.181184668989547,93.03135888501743,9.75609756097561,83.27526132404182
E00180010,103,15,9,6,88,9,79,14.563106796116504,8.737864077669903,5.825242718446602,85.43689320388349,8.737864077669903,76.69902912621359
E00180011,325,49,12,37,276,19,257,15.076923076923077,3.6923076923076925,11.384615384615385,84.92307692307692,5.846153846153846,79.07692307692308
E00180012,607,53,22,31,554,40,514,8.731466227347612,3.6243822075782535,5.107084019769357,91.26853377265239,6.589785831960461,84.67874794069192
E00180014,122,34,22,12,88,12,76,27.86885245901639,18.0327868852459,9.836065573770492,72.1311475409836,9.836065573770492,62.295081967213115
E00180015,376,117,70,47,259,33,226,31.117021276595747,18.617021276595743,12.5,68.88297872340425,8.77659574468085,60.1063829787234
E00180017,583,52,21,31,531,28,503,8.919382504288166,3.6020583190394513,5.317324185248713,91.08061749571183,4.802744425385934,86.27787307032591
E00180018,357,58,26,32,299,22,277,16.246498599439775,7.282913165266107,8.96358543417367,83.75350140056022,6.162464985994398,77.59103641456583
E00180019,584,33,10,23,551,29,522,5.650684931506849,1.7123287671232876,3.9383561643835616,94.34931506849315,4.965753424657534,89.38356164383562
E00180021,137,50,24,26,87,16,71,36.496350364963504,17.51824817518248,18.97810218978102,63.503649635036496,11.678832116788321,51.82481751824818
E00180022,197,18,5,13,179,17,162,9.137055837563452,2.5380710659898478,6.598984771573605,90.86294416243655,8.629441624365482,82.23350253807106
E00180023,260,48,26,22,212,17,195,18.461538461538463,10,8.461538461538462,81.53846153846153,6.538461538461539,75
E00180026,292,61,28,33,231,12,219,20.89041095890411,9.58904109589041,11.301369863013697,79.1095890410959,4.10958904109589,75
E00180027,355,51,18,33,304,24,280,14.366197183098592,5.070422535211268,9.295774647887324,85.63380281690141,6.760563380281689,78.87323943661971
E00180028,186,19,5,14,167,7,160,10.21505376344086,2.6881720430107525,7.526881720430108,89.78494623655914,3.763440860215054,86.02150537634408
E00180030,284,27,13,14,257,29,228,9.507042253521126,4.577464788732395,4.929577464788732,90.49295774647888,10.211267605633804,80.28169014084507
E00180033,320,33,9,24,287,34,253,10.3125,2.8125,7.5,89.6875,10.625,79.0625
E00180034,484,47,8,39,437,37,400,9.710743801652892,1.6528925619834711,8.057851239669422,90.28925619834712,7.644628099173553,82.64462809917356
E00180035,363,52,18,34,311,33,278,14.325068870523417,4.958677685950414,9.366391184573002,85.67493112947659,9.090909090909092,76.5840220385675
E00180036,206,25,8,17,181,17,164,12.135922330097088,3.8834951456310676,8.25242718446602,87.86407766990291,8.25242718446602,79.6116504854369
E00180039,455,70,30,40,385,38,347,15.384615384615385,6.593406593406594,8.791208791208792,84.61538461538461,8.35164835164835,76.26373626373626
E00180040,309,39,15,24,270,21,249,12.62135922330097,4.854368932038835,7.766990291262135,87.37864077669903,6.796116504854369,80.58252427184466
E00180041,353,39,12,27,314,29,285,11.048158640226628,3.39943342776204,7.64872521246459,88.95184135977338,8.21529745042493,80.73654390934844
E00180042,403,54,19,35,349,38,311,13.399503722084367,4.714640198511166,8.6848635235732,86.60049627791562,9.429280397022332,77.1712158808933
E00180043,142,33,17,16,109,9,100,23.239436619718308,11.971830985915492,11.267605633802818,76.76056338028168,6.338028169014084,70.4225352112676
E00180045,256,38,10,28,218,17,201,14.84375,3.90625,10.9375,85.15625,6.640625,78.515625
E00180046,564,115,79,36,449,26,423,20.390070921985814,14.00709219858156,6.382978723404255,79.60992907801419,4.609929078014184,75
E00180047,101,10,5,5,91,12,79,9.900990099009901,4.9504950495049505,4.9504950495049505,90.0990099009901,11.881188118811881,78.21782178217822
E00180048,280,27,10,17,253,23,230,9.642857142857144,3.571428571428571,6.071428571428571,90.35714285714286,8.214285714285714,82.14285714285714
E00180050,336,21,3,18,315,32,283,6.25,0.8928571428571428,5.357142857142857,93.75,9.523809523809524,84.22619047619048
E00180051,123,27,12,15,96,9,87,21.951219512195124,9.75609756097561,12.195121951219512,78.04878048780488,7.317073170731707,70.73170731707317
E00180054,328,17,5,12,311,21,290,5.182926829268292,1.524390243902439,3.6585365853658534,94.8170731707317,6.402439024390244,88.41463414634147
E00180055,335,39,21,18,296,21,275,11.641791044776118,6.26865671641791,5.3731343283582085,88.35820895522389,6.26865671641791,82.08955223880598
E00180057,285,68,38,30,217,19,198,23.859649122807017,13.333333333333334,10.526315789473683,76.14035087719299,6.666666666666667,69.47368421052632
E00180058,468,58,21,37,410,32,378,12.393162393162394,4.487179487179487,7.905982905982905,87.6068376068376,6.837606837606838,80.76923076923077
E00180060,338,66,28,38,272,20,252,19.526627218934912,8.284023668639055,11.242603550295858,80.4733727810651,5.9171597633136095,74.55621301775149
E00180061,395,46,19,27,349,19,330,11.645569620253164,4.810126582278481,6.8354430379746836,88.35443037974684,4.810126582278481,83.54430379746836
E00180062,325,32,17,15,293,16,277,9.846153846153847,5.230769230769231,4.615384615384616,90.15384615384615,4.923076923076923,85.23076923076923
E00180063,356,39,14,25,317,15,302,10.955056179775282,3.932584269662921,7.02247191011236,89.04494382022472,4.213483146067416,84.8314606741573
E00180065,199,28,8,20,171,12,159,14.07035175879397,4.0201005025125625,10.050251256281408,85.92964824120602,6.030150753768844,79.89949748743719
E00180068,492,35,4,31,457,28,429,7.113821138211382,0.8130081300813009,6.300813008130081,92.88617886178862,5.691056910569105,87.1951219512195
E00180069,524,127,75,52,397,27,370,24.236641221374043,14.31297709923664,9.923664122137405,75.76335877862596,5.152671755725191,70.61068702290076
E00180070,585,57,16,41,528,41,487,9.7435897435897445,2.735042735042735,7.0085470085470085,90.25641025641026,7.0085470085470085,83.24786324786325
E00180071,182,39,15,24,143,13,130,21.428571428571427,8.241758241758241,13.186813186813188,78.57142857142857,7.142857142857142,71.42857142857143
E00180072,346,47,17,30,299,28,271,13.583815028901732,4.913294797687861,8.670520231213873,86.41618497109826,8.092485549132949,78.32369942196532
E00180073,262,46,22,24,216,17,199,17.557251908396946,8.396946564885496,9.16030534351145,82.44274809160305,6.488549618320611,75.95419847328245
E00180075,258,52,22,30,206,26,180,20.155038759689923,8.527131782945736,11.627906976744185,79.84496124031007,10.077519379844961,69.76744186046511
E00180076,349,47,26,21,302,30,272,13.46704871060172,7.4498567335243555,6.017191977077363,86.53295128939828,8.595988538681947,77.93696275071633
E00180077,385,88,42,46,297,23,274,22.857142857142858,10.909090909090908,11.948051948051948,77.14285714285715,5.974025974025974,71.16883116883118
E00180078,434,75,30,45,359,34,325,17.28110599078341,6.912442396313365,10.368663594470046,82.7188940092166,7.834101382488479,74.88479262672811
E00180079,119,31,9,22,88,10,78,26.05042016806723,7.563025210084033,18.487394957983195,73.94957983193278,8.403361344537815,65.54621848739495
E00180080,172,25,17,8,147,22,125,14.534883720930234,9.883720930232558,4.651162790697675,85.46511627906976,12.790697674418606,72.67441860465115
E00180082,288,49,22,27,239,16,223,17.01388888888889,7.638888888888889,9.375,82.98611111111111,5.555555555555555,77.43055555555556
E00180083,359,77,45,32,282,14,268,21.448467966573816,12.534818941504177,8.913649025069638,78.55153203342618,3.8997214484679668,74.65181058495823
E00180084,198,25,11,14,173,12,161,12.626262626262626,5.555555555555555,7.07070707070707,87.37373737373737,6.0606060606060606,81.31313131313132
E00180086,282,63,31,32,219,16,203,22.340425531914892,10.99290780141844,11.347517730496454,77.6595744680851,5.673758865248227,71.98581560283688
E00180088,189,17,4,13,172,16,156,8.994708994708994,2.1164021164021163,6.878306878306878,91.005291005291,8.465608465608465,82.53968253968253
E00180089,384,55,18,37,329,28,301,14.322916666666666,4.6875,9.635416666666668,85.67708333333334,7.291666666666667,78.38541666666666
E00180090,303,45,15,30,258,32,226,14.85148514851485,4.9504950495049505,9.900990099009901,85.14851485148515,10.561056105610561,74.58745874587459
E00180093,144,42,18,24,102,7,95,29.166666666666668,12.5,16.666666666666664,70.83333333333334,4.861111111111112,65.97222222222221
E00180094,132,14,2,12,118,7,111,10.606060606060606,1.5151515151515151,9.090909090909092,89.39393939393939,5.303030303030303,84.0909090909091
E00180097,103,8,0,8,95,8,87,7.766990291262135,0,7.766990291262135,92.23300970873787,7.766990291262135,84.46601941747572
E00180098,139,12,2,10,127,9,118,8.633093525179856,1.4388489208633095,7.1942446043165464,91.36690647482014,6.474820143884892,84.89208633093526
E00180100,474,55,16,39,419,32,387,11.60337552742616,3.375527426160337,8.227848101265822,88.39662447257383,6.751054852320674,81.64556962025317
E00180101,157,47,24,23,110,6,104,29.936305732484076,15.286624203821656,14.64968152866242,70.06369426751591,3.821656050955414,66.2420382165605
E00180102,470,50,20,30,420,23,397,10.638297872340425,4.25531914893617,6.382978723404255,89.36170212765957,4.8936170212765955,84.46808510638299
E00180103,613,50,14,36,563,51,512,8.156606851549755,2.2838499184339316,5.872756933115824,91.84339314845025,8.31973898858075,83.5236541598695
E00180104,297,28,12,16,269,24,245,9.427609427609427,4.040404040404041,5.387205387205387,90.57239057239057,8.080808080808081,82.49158249158249
E00180105,336,32,8,24,304,20,284,9.523809523809524,2.380952380952381,7.142857142857142,90.47619047619048,5.952380952380952,84.52380952380952
E00180106,191,19,3,16,172,15,157,9.947643979057592,1.5706806282722512,8.37696335078534,90.0523560209424,7.853403141361256,82.19895287958116
E00180110,268,40,14,26,228,18,210,14.925373134328357,5.223880597014925,9.701492537313433,85.07462686567165,6.7164179104477615,78.35820895522389
E00180111,490,41,17,24,449,29,420,8.36734693877551,3.4693877551020407,4.8979591836734695,91.63265306122449,5.918367346938775,85.71428571428571
E00180115,137,10,2,8,127,14,113,7.2992700729927,1.4598540145985401,5.839416058394161,92.7007299270073,10.218978102189782,82.48175182481752
E00180116,196,44,15,29,152,17,135,22.448979591836736,7.653061224489796,14.795918367346939,77.55102040816327,8.673469387755102,68.87755102040816
E00180117,148,21,6,15,127,9,118,14.18918918918919,4.054054054054054,10.135135135135135,85.8108108108108,6.081081081081082,79.72972972972973
E00180118,500,127,62,65,373,24,349,25.4,12.4,13,74.6,4.8,69.8
E00180120,101,25,10,15,76,7,69,24.752475247524753,9.900990099009901,14.85148514851485,75.24752475247524,6.9306930693069315,68.31683168316832
E00180121,535,55,20,35,480,47,433,10.2803738317757,3.7383177570093453,6.5420560747663545,89.7196261682243,8.785046728971963,80.93457943925235
E00180122,165,71,40,31,94,9,85,43.03030303030303,24.242424242424242,18.787878787878785,56.96969696969697,5.454545454545454,51.515151515151516
E00180123,448,44,8,36,404,43,361,9.821428571428571,1.7857142857142856,8.035714285714286,90.17857142857143,9.598214285714286,80.58035714285714
E00180124,176,17,6,11,159,4,155,9.659090909090908,3.4090909090909087,6.25,90.3409090909091,2.272727272727273,88.06818181818183
E00180127,433,33,8,25,400,31,369,7.621247113163972,1.8475750577367205,5.773672055427252,92.37875288683603,7.159353348729793,85.21939953810623
E00180128,199,31,13,18,168,14,154,15.577889447236181,6.532663316582915,9.045226130653267,84.42211055276381,7.035175879396985,77.38693467336684
E00180129,297,50,18,32,247,35,212,16.835016835016837,6.0606060606060606,10.774410774410773,83.16498316498317,11.784511784511785,71.38047138047138
E00180130,188,12,1,11,176,12,164,6.382978723404255,0.5319148936170213,5.851063829787234,93.61702127659575,6.382978723404255,87.2340425531915
E00180131,307,22,14,8,285,23,262,7.166123778501629,4.5602605863192185,2.6058631921824107,92.83387622149837,7.491856677524431,85.34201954397395
E00180132,476,54,25,29,422,38,384,11.344537815126051,5.2521008403361344,6.092436974789916,88.65546218487394,7.9831932773109235,80.67226890756302
E00180133,111,21,9,12,90,10,80,18.91891891891892,8.108108108108109,10.81081081081081,81.08108108108108,9.00900900900901,72.07207207207207
E00180137,308,18,4,14,290,15,275,5.844155844155844,1.2987012987012987,4.545454545454546,94.15584415584416,4.870129870129871,89.28571428571429
E00180138,255,51,26,25,204,10,194,20,10.196078431372548,9.803921568627452,80,3.9215686274509802,76.07843137254902
E00180139,300,30,4,26,270,19,251,10,1.3333333333333335,8.666666666666668,90,6.333333333333334,83.66666666666667
E00180141,303,75,40,35,228,18,210,24.752475247524753,13.2013201320132,11.55115511551155,75.24752475247524,5.9405940594059405,69.3069306930693
