OA,ts0590001,ts0590002,ts0590003,ts0590004,ts0590005,ts0590006,ts0590007,ts0590002_PCT,ts0590003_PCT,ts0590004_PCT,ts0590005_PCT,ts0590006_PCT,ts0590007_PCT
E00059189,158,44,15,29,114,102,12,27.848101265822784,9.49367088607595,18.354430379746837,72.15189873417721,64.55696202531645,7.59493670886076
E00059190,126,29,10,19,97,82,15,23.015873015873016,7.936507936507936,15.079365079365079,76.98412698412699,65.07936507936508,11.904761904761903
E00059191,108,28,8,20,80,64,16,25.925925925925924,7.4074074074074066,18.51851851851852,74.07407407407408,59.25925925925925,14.814814814814813
E00059192,113,30,9,21,83,78,5,26.548672566371685,7.964601769911504,18.58407079646018,73.45132743362832,69.02654867256636,4.424778761061947
E00059194,144,38,15,23,106,102,4,26.38888888888889,10.416666666666668,15.972222222222221,73.61111111111111,70.83333333333334,2.7777777777777777
E00059195,131,34,4,30,97,84,13,25.954198473282442,3.0534351145038165,22.900763358778626,74.04580152671755,64.12213740458014,9.923664122137405
E00059196,148,35,9,26,113,98,15,23.64864864864865,6.081081081081082,17.56756756756757,76.35135135135135,66.21621621621621,10.135135135135135
E00059197,116,38,15,23,78,73,5,32.758620689655174,12.931034482758621,19.82758620689655,67.24137931034483,62.93103448275862,4.310344827586207
E00059198,95,28,8,20,67,54,13,29.47368421052631,8.421052631578947,21.052631578947366,70.52631578947368,56.84210526315789,13.684210526315791
E00059199,113,40,5,35,73,62,11,35.39823008849557,4.424778761061947,30.973451327433626,64.60176991150442,54.86725663716814,9.734513274336283
E00059200,98,32,11,21,66,56,10,32.6530612244898,11.224489795918368,21.428571428571427,67.3469387755102,57.14285714285714,10.204081632653061
E00059201,130,30,5,25,100,93,7,23.076923076923077,3.8461538461538463,19.230769230769234,76.92307692307693,71.53846153846153,5.384615384615385
E00059202,114,41,10,31,73,60,13,35.96491228070175,8.771929824561402,27.192982456140353,64.03508771929825,52.63157894736842,11.403508771929824
E00059203,149,56,13,43,93,80,13,37.58389261744966,8.724832214765101,28.859060402684566,62.41610738255034,53.691275167785236,8.724832214765101
E00059204,95,27,6,21,68,60,8,28.421052631578945,6.315789473684211,22.105263157894736,71.57894736842105,63.1578947368421,8.421052631578947
E00059205,93,27,9,18,66,60,6,29.03225806451613,9.67741935483871,19.35483870967742,70.96774193548387,64.51612903225806,6.451612903225806
E00059206,173,49,15,34,124,112,12,28.32369942196532,8.670520231213873,19.653179190751445,71.67630057803468,64.73988439306359,6.9364161849710975
E00059207,112,43,10,33,69,61,8,38.392857142857146,8.928571428571429,29.464285714285715,61.60714285714286,54.46428571428571,7.142857142857142
E00059208,140,29,6,23,111,92,19,20.714285714285715,4.285714285714286,16.428571428571427,79.28571428571428,65.71428571428571,13.571428571428571
E00059209,143,37,10,27,106,94,12,25.874125874125873,6.993006993006993,18.88111888111888,74.12587412587412,65.73426573426573,8.391608391608392
E00059210,97,25,5,20,72,67,5,25.773195876288657,5.154639175257731,20.618556701030926,74.22680412371135,69.0721649484536,5.154639175257731
E00059211,109,36,17,19,73,71,2,33.02752293577982,15.59633027522936,17.431192660550458,66.97247706422019,65.13761467889908,1.834862385321101
E00059212,117,33,4,29,84,69,15,28.205128205128204,3.418803418803419,24.786324786324787,71.7948717948718,58.97435897435898,12.82051282051282
E00059213,87,31,12,19,56,51,5,35.63218390804598,13.793103448275861,21.839080459770116,64.36781609195403,58.620689655172406,5.747126436781609
E00059214,120,37,14,23,83,75,8,30.833333333333336,11.666666666666666,19.166666666666668,69.16666666666667,62.5,6.666666666666667
E00059215,87,31,12,19,56,52,4,35.63218390804598,13.793103448275861,21.839080459770116,64.36781609195403,59.77011494252874,4.597701149425287
E00059216,130,42,14,28,88,82,6,32.30769230769231,10.76923076923077,21.53846153846154,67.6923076923077,63.07692307692307,4.615384615384616
E00059217,111,34,10,24,77,76,1,30.630630630630627,9.00900900900901,21.62162162162162,69.36936936936937,68.46846846846847,0.9009009009009009
E00059218,160,50,18,32,110,94,16,31.25,11.25,20,68.75,58.75,10
E00059219,97,29,13,16,68,58,10,29.896907216494846,13.402061855670103,16.49484536082474,70.10309278350515,59.79381443298969,10.309278350515463
E00059220,136,46,11,35,90,77,13,33.82352941176471,8.088235294117647,25.735294117647058,66.17647058823529,56.61764705882353,9.558823529411764
E00059221,124,46,15,31,78,61,17,37.096774193548384,12.096774193548388,25,62.903225806451616,49.193548387096776,13.709677419354838
E00059222,111,27,5,22,84,73,11,24.324324324324326,4.504504504504505,19.81981981981982,75.67567567567568,65.76576576576578,9.90990990990991
E00059223,116,40,14,26,76,64,12,34.48275862068966,12.068965517241379,22.413793103448278,65.51724137931035,55.172413793103445,10.344827586206897
E00059224,139,34,6,28,105,85,20,24.46043165467626,4.316546762589928,20.14388489208633,75.53956834532374,61.15107913669065,14.388489208633093
E00059225,125,35,14,21,90,73,17,28.000000000000004,11.200000000000001,16.8,72,58.4,13.600000000000001
E00059226,143,39,10,29,104,89,15,27.27272727272727,6.993006993006993,20.27972027972028,72.72727272727273,62.23776223776224,10.48951048951049
E00059227,151,45,16,29,106,93,13,29.80132450331126,10.596026490066226,19.205298013245034,70.19867549668875,61.58940397350994,8.609271523178808
E00059228,150,45,15,30,105,91,14,30,10,20,70,60.66666666666667,9.333333333333334
E00059229,150,49,16,33,101,90,11,32.666666666666664,10.666666666666668,22,67.33333333333333,60,7.333333333333333
E00059230,273,78,22,56,195,163,32,28.57142857142857,8.058608058608058,20.51282051282051,71.42857142857143,59.70695970695971,11.72161172161172
E00059231,154,40,11,29,114,103,11,25.97402597402597,7.142857142857142,18.83116883116883,74.02597402597402,66.88311688311688,7.142857142857142
E00059232,147,44,10,34,103,91,12,29.931972789115648,6.802721088435375,23.12925170068027,70.06802721088435,61.904761904761905,8.16326530612245
E00059233,119,19,4,15,100,89,11,15.966386554621847,3.361344537815126,12.605042016806722,84.03361344537815,74.78991596638656,9.243697478991598
E00059234,78,23,6,17,55,47,8,29.48717948717949,7.6923076923076925,21.794871794871796,70.51282051282051,60.256410256410255,10.256410256410255
E00059235,138,44,13,31,94,82,12,31.88405797101449,9.420289855072465,22.463768115942027,68.11594202898551,59.42028985507246,8.695652173913043
E00059236,146,32,8,24,114,100,14,21.91780821917808,5.47945205479452,16.43835616438356,78.08219178082192,68.4931506849315,9.58904109589041
E00059237,84,24,4,20,60,46,14,28.57142857142857,4.761904761904762,23.809523809523807,71.42857142857143,54.761904761904766,16.666666666666664
E00059238,135,36,8,28,99,86,13,26.666666666666668,5.9259259259259265,20.74074074074074,73.33333333333333,63.70370370370371,9.62962962962963
E00059239,136,40,11,29,96,85,11,29.411764705882355,8.088235294117647,21.323529411764707,70.58823529411765,62.5,8.088235294117647
E00059240,129,47,16,31,82,72,10,36.434108527131784,12.4031007751938,24.031007751937985,63.565891472868216,55.81395348837209,7.751937984496124
E00059241,136,43,12,31,93,78,15,31.61764705882353,8.823529411764707,22.794117647058822,68.38235294117648,57.35294117647059,11.029411764705882
E00059242,148,47,7,40,101,90,11,31.756756756756754,4.72972972972973,27.027027027027028,68.24324324324324,60.810810810810814,7.4324324324324325
E00059243,152,49,11,38,103,96,7,32.23684210526316,7.236842105263158,25,67.76315789473685,63.1578947368421,4.605263157894736
E00059244,65,16,4,12,49,46,3,24.615384615384617,6.153846153846154,18.461538461538463,75.38461538461539,70.76923076923077,4.615384615384616
E00059245,83,29,7,22,54,51,3,34.93975903614458,8.433734939759036,26.506024096385545,65.06024096385542,61.44578313253012,3.614457831325301
E00059246,123,46,12,34,77,69,8,37.39837398373984,9.75609756097561,27.64227642276423,62.601626016260155,56.09756097560976,6.504065040650407
E00059247,169,46,16,30,123,110,13,27.218934911242602,9.467455621301776,17.75147928994083,72.7810650887574,65.08875739644971,7.6923076923076925
E00059248,182,48,21,27,134,111,23,26.373626373626376,11.538461538461538,14.835164835164836,73.62637362637363,60.98901098901099,12.637362637362637
E00059249,112,27,8,19,85,74,11,24.107142857142858,7.142857142857142,16.964285714285715,75.89285714285714,66.07142857142857,9.821428571428571
E00059250,105,24,3,21,81,69,12,22.857142857142858,2.857142857142857,20,77.14285714285715,65.71428571428571,11.428571428571429
E00059251,132,42,15,27,90,75,15,31.818181818181817,11.363636363636363,20.454545454545457,68.18181818181817,56.81818181818182,11.363636363636363
E00059252,311,88,28,60,223,190,33,28.29581993569132,9.003215434083602,19.292604501607716,71.70418006430869,61.09324758842444,10.610932475884244
E00059253,95,31,9,22,64,59,5,32.631578947368425,9.473684210526317,23.157894736842106,67.36842105263158,62.10526315789474,5.263157894736842
E00059254,89,24,5,19,65,56,9,26.96629213483146,5.617977528089887,21.34831460674157,73.03370786516854,62.92134831460674,10.112359550561797
E00059255,160,51,18,33,109,94,15,31.874999999999996,11.25,20.625,68.125,58.75,9.375
E00059256,132,36,14,22,96,84,12,27.27272727272727,10.606060606060606,16.666666666666664,72.72727272727273,63.63636363636363,9.090909090909092
E00059257,172,44,14,30,128,107,21,25.581395348837212,8.13953488372093,17.441860465116278,74.4186046511628,62.2093023255814,12.209302325581394
E00059258,121,29,4,25,92,77,15,23.96694214876033,3.3057851239669422,20.66115702479339,76.03305785123968,63.63636363636363,12.396694214876034
E00059259,154,51,13,38,103,95,8,33.116883116883116,8.441558441558442,24.675324675324674,66.88311688311688,61.68831168831169,5.194805194805195
E00059260,61,16,5,11,45,41,4,26.229508196721312,8.19672131147541,18.0327868852459,73.77049180327869,67.21311475409836,6.557377049180328
E00059261,182,45,9,36,137,119,18,24.725274725274726,4.945054945054945,19.78021978021978,75.27472527472527,65.38461538461539,9.89010989010989
E00059262,148,45,14,31,103,93,10,30.405405405405407,9.45945945945946,20.945945945945947,69.5945945945946,62.83783783783784,6.756756756756757
E00059264,123,38,7,31,85,78,7,30.89430894308943,5.691056910569105,25.203252032520325,69.10569105691057,63.41463414634146,5.691056910569105
E00059265,295,66,17,49,229,200,29,22.372881355932204,5.762711864406779,16.610169491525422,77.62711864406779,67.79661016949152,9.830508474576272
E00059267,173,48,22,26,125,107,18,27.74566473988439,12.716763005780345,15.028901734104046,72.25433526011561,61.849710982658955,10.404624277456648
E00059268,114,36,10,26,78,61,17,31.57894736842105,8.771929824561402,22.807017543859647,68.42105263157895,53.50877192982456,14.912280701754385
E00059269,112,28,10,18,84,74,10,25,8.928571428571429,16.071428571428573,75,66.07142857142857,8.928571428571429
E00059270,126,32,9,23,94,82,12,25.396825396825395,7.142857142857142,18.253968253968253,74.60317460317461,65.07936507936508,9.523809523809524
E00059271,145,44,7,37,101,92,9,30.344827586206897,4.827586206896552,25.517241379310345,69.6551724137931,63.44827586206897,6.206896551724138
E00059272,207,57,17,40,150,125,25,27.536231884057973,8.212560386473431,19.32367149758454,72.46376811594203,60.38647342995169,12.077294685990339
E00059273,125,41,8,33,84,72,12,32.800000000000004,6.4,26.400000000000002,67.2,57.599999999999994,9.6
E00059274,206,68,18,50,138,124,14,33.00970873786408,8.737864077669903,24.271844660194176,66.99029126213593,60.19417475728155,6.796116504854369
E00059275,110,38,12,26,72,66,6,34.54545454545455,10.909090909090908,23.636363636363637,65.45454545454545,60,5.454545454545454
E00059276,135,31,10,21,104,96,8,22.962962962962962,7.4074074074074066,15.555555555555555,77.03703703703704,71.11111111111111,5.9259259259259265
E00059277,144,38,9,29,106,96,10,26.38888888888889,6.25,20.13888888888889,73.61111111111111,66.66666666666666,6.944444444444445
E00059278,212,55,14,41,157,140,17,25.943396226415093,6.60377358490566,19.339622641509436,74.05660377358491,66.0377358490566,8.018867924528301
E00059279,130,37,10,27,93,81,12,28.46153846153846,7.6923076923076925,20.76923076923077,71.53846153846153,62.30769230769231,9.230769230769232
E00059280,161,36,8,28,125,118,7,22.36024844720497,4.968944099378882,17.391304347826086,77.63975155279503,73.29192546583852,4.3478260869565215
E00059281,269,72,18,54,197,168,29,26.765799256505574,6.691449814126393,20.074349442379184,73.23420074349443,62.45353159851301,10.780669144981413
E00059282,138,37,12,25,101,88,13,26.811594202898554,8.695652173913043,18.115942028985508,73.18840579710145,63.76811594202898,9.420289855072465
E00059283,92,15,3,12,77,65,12,16.304347826086957,3.260869565217391,13.043478260869565,83.69565217391305,70.65217391304348,13.043478260869565
E00059284,288,68,17,51,220,198,22,23.61111111111111,5.902777777777778,17.708333333333336,76.38888888888889,68.75,7.638888888888889
E00059286,161,46,3,43,115,100,15,28.57142857142857,1.8633540372670807,26.70807453416149,71.42857142857143,62.11180124223602,9.316770186335404
E00059287,103,31,7,24,72,63,9,30.097087378640776,6.796116504854369,23.300970873786408,69.90291262135922,61.165048543689316,8.737864077669903
E00059289,167,40,6,34,127,117,10,23.952095808383234,3.592814371257485,20.359281437125748,76.04790419161677,70.05988023952095,5.9880239520958085
E00059290,260,40,8,32,220,188,32,15.384615384615385,3.076923076923077,12.307692307692308,84.61538461538461,72.3076923076923,12.307692307692308
E00059291,153,48,20,28,105,92,13,31.372549019607842,13.071895424836603,18.30065359477124,68.62745098039215,60.130718954248366,8.49673202614379
E00059292,256,56,16,40,200,179,21,21.875,6.25,15.625,78.125,69.921875,8.203125
E00059293,143,35,11,24,108,94,14,24.475524475524477,7.6923076923076925,16.783216783216783,75.52447552447552,65.73426573426573,9.79020979020979
E00059294,155,50,14,36,105,85,20,32.25806451612903,9.032258064516128,23.225806451612904,67.74193548387096,54.83870967741935,12.903225806451612
E00059295,40,12,7,5,28,25,3,30,17.5,12.5,70,62.5,7.5
E00059296,161,42,18,24,119,104,15,26.08695652173913,11.180124223602485,14.906832298136646,73.91304347826086,64.59627329192547,9.316770186335404
E00059297,117,27,8,19,90,78,12,23.076923076923077,6.837606837606838,16.23931623931624,76.92307692307693,66.66666666666666,10.256410256410255
E00059298,142,36,9,27,106,87,19,25.352112676056336,6.338028169014084,19.014084507042252,74.64788732394366,61.267605633802816,13.380281690140844
E00059299,109,26,7,19,83,77,6,23.853211009174313,6.422018348623854,17.431192660550458,76.14678899082568,70.64220183486239,5.5045871559633035
E00059300,147,37,5,32,110,98,12,25.170068027210885,3.4013605442176873,21.768707482993197,74.82993197278913,66.66666666666666,8.16326530612245
E00059301,118,37,12,25,81,76,5,31.35593220338983,10.16949152542373,21.1864406779661,68.64406779661016,64.40677966101694,4.23728813559322
E00059302,265,66,18,48,199,173,26,24.90566037735849,6.7924528301886795,18.11320754716981,75.09433962264151,65.28301886792453,9.811320754716983
E00059303,102,21,10,11,81,70,11,20.588235294117645,9.803921568627452,10.784313725490197,79.41176470588235,68.62745098039215,10.784313725490197
E00059304,134,36,16,20,98,93,5,26.865671641791046,11.940298507462686,14.925373134328357,73.13432835820896,69.40298507462687,3.731343283582089
E00059305,132,39,8,31,93,82,11,29.545454545454547,6.0606060606060606,23.484848484848484,70.45454545454545,62.121212121212125,8.333333333333332
E00059306,119,22,10,12,97,88,9,18.487394957983195,8.403361344537815,10.084033613445378,81.5126050420168,73.94957983193278,7.563025210084033
E00059307,111,37,5,32,74,63,11,33.33333333333333,4.504504504504505,28.82882882882883,66.66666666666666,56.75675675675676,9.90990990990991
E00059308,113,30,9,21,83,72,11,26.548672566371685,7.964601769911504,18.58407079646018,73.45132743362832,63.716814159292035,9.734513274336283
E00059309,116,41,13,28,75,66,9,35.3448275862069,11.206896551724139,24.137931034482758,64.65517241379311,56.896551724137936,7.758620689655173
E00059310,117,45,11,34,72,63,9,38.46153846153847,9.401709401709402,29.059829059829063,61.53846153846154,53.84615384615385,7.6923076923076925
E00059312,63,13,4,9,50,47,3,20.634920634920633,6.349206349206349,14.285714285714285,79.36507936507937,74.60317460317461,4.761904761904762
E00059314,104,33,6,27,71,62,9,31.73076923076923,5.769230769230769,25.961538461538463,68.26923076923077,59.61538461538461,8.653846153846153
E00059315,50,11,0,11,39,31,8,22,0,22,78,62,16
E00059316,167,37,13,24,130,114,16,22.15568862275449,7.784431137724551,14.37125748502994,77.84431137724552,68.26347305389223,9.580838323353294
E00059317,121,27,10,17,94,79,15,22.31404958677686,8.264462809917356,14.049586776859504,77.68595041322314,65.28925619834712,12.396694214876034
E00059319,246,50,10,40,196,174,22,20.32520325203252,4.0650406504065035,16.260162601626014,79.67479674796748,70.73170731707317,8.94308943089431
E00059320,165,38,11,27,127,113,14,23.03030303030303,6.666666666666667,16.363636363636363,76.96969696969697,68.48484848484848,8.484848484848486
E00059321,107,38,14,24,69,59,10,35.51401869158878,13.084112149532709,22.429906542056074,64.48598130841121,55.140186915887845,9.345794392523365
E00059322,121,38,12,26,83,68,15,31.40495867768595,9.917355371900827,21.487603305785125,68.59504132231406,56.19834710743802,12.396694214876034
E00059323,160,43,18,25,117,83,34,26.875,11.25,15.625,73.125,51.87500000000001,21.25
E00059324,149,53,10,43,96,79,17,35.57046979865772,6.7114093959731544,28.859060402684566,64.42953020134227,53.02013422818792,11.409395973154362
E00059325,138,47,19,28,91,77,14,34.05797101449276,13.768115942028986,20.28985507246377,65.94202898550725,55.79710144927537,10.144927536231885
E00059327,147,39,10,29,108,95,13,26.53061224489796,6.802721088435375,19.727891156462583,73.46938775510205,64.62585034013605,8.843537414965986
E00059328,152,40,13,27,112,100,12,26.31578947368421,8.552631578947368,17.763157894736842,73.68421052631578,65.78947368421053,7.894736842105263
E00059329,134,44,16,28,90,71,19,32.83582089552239,11.940298507462686,20.8955223880597,67.16417910447761,52.98507462686567,14.17910447761194
E00059331,123,34,9,25,89,74,15,27.64227642276423,7.317073170731707,20.32520325203252,72.35772357723577,60.16260162601627,12.195121951219512
E00059332,141,41,12,29,100,84,16,29.078014184397162,8.51063829787234,20.56737588652482,70.92198581560284,59.57446808510638,11.347517730496454
E00059333,134,33,7,26,101,93,8,24.62686567164179,5.223880597014925,19.402985074626866,75.3731343283582,69.40298507462687,5.970149253731343
E00059334,114,49,30,19,65,48,17,42.98245614035088,26.31578947368421,16.666666666666664,57.01754385964912,42.10526315789473,14.912280701754385
E00059335,107,34,10,24,73,63,10,31.775700934579437,9.345794392523365,22.429906542056074,68.22429906542055,58.87850467289719,9.345794392523365
E00059336,234,57,10,47,177,147,30,24.358974358974358,4.273504273504273,20.085470085470085,75.64102564102564,62.82051282051282,12.82051282051282
E00059337,109,32,7,25,77,74,3,29.357798165137616,6.422018348623854,22.93577981651376,70.64220183486239,67.88990825688074,2.7522935779816518
E00059338,95,25,4,21,70,61,9,26.31578947368421,4.2105263157894735,22.105263157894736,73.68421052631578,64.21052631578948,9.473684210526317
E00059339,67,25,5,20,42,40,2,37.3134328358209,7.462686567164178,29.850746268656714,62.68656716417911,59.70149253731343,2.9850746268656714
E00059340,114,34,6,28,80,67,13,29.82456140350877,5.263157894736842,24.561403508771928,70.17543859649122,58.77192982456141,11.403508771929824
E00059341,69,21,8,13,48,39,9,30.434782608695656,11.594202898550725,18.84057971014493,69.56521739130434,56.52173913043478,13.043478260869565
E00059342,205,47,20,27,158,113,45,22.926829268292686,9.75609756097561,13.170731707317074,77.07317073170732,55.1219512195122,21.951219512195124
E00059343,144,50,12,38,94,76,18,34.72222222222222,8.333333333333332,26.38888888888889,65.27777777777779,52.77777777777778,12.5
E00059344,204,49,11,38,155,136,19,24.019607843137255,5.392156862745098,18.627450980392158,75.98039215686273,66.66666666666666,9.313725490196079
E00059345,73,16,3,13,57,47,10,21.91780821917808,4.10958904109589,17.80821917808219,78.08219178082192,64.38356164383562,13.698630136986301
E00059346,172,58,16,42,114,102,12,33.72093023255814,9.30232558139535,24.418604651162788,66.27906976744185,59.30232558139535,6.976744186046512
E00059347,116,37,14,23,79,69,10,31.896551724137932,12.068965517241379,19.82758620689655,68.10344827586206,59.48275862068966,8.620689655172415
E00059348,174,33,14,19,141,127,14,18.96551724137931,8.045977011494253,10.919540229885058,81.03448275862068,72.98850574712644,8.045977011494253
E00059349,119,39,17,22,80,73,7,32.773109243697476,14.285714285714285,18.487394957983195,67.22689075630252,61.34453781512605,5.88235294117647
E00059350,140,36,8,28,104,88,16,25.71428571428571,5.714285714285714,20,74.28571428571429,62.857142857142854,11.428571428571429
E00059351,175,47,16,31,128,116,12,26.857142857142858,9.142857142857142,17.71428571428571,73.14285714285714,66.28571428571428,6.857142857142858
E00059353,98,31,6,25,67,55,12,31.63265306122449,6.122448979591836,25.510204081632654,68.36734693877551,56.12244897959183,12.244897959183673
E00059354,145,37,10,27,108,94,14,25.517241379310345,6.896551724137931,18.620689655172416,74.48275862068967,64.82758620689654,9.655172413793103
E00059355,133,37,12,25,96,83,13,27.819548872180448,9.022556390977442,18.796992481203006,72.18045112781954,62.40601503759399,9.774436090225564
E00059356,215,65,17,48,150,131,19,30.23255813953488,7.906976744186046,22.325581395348838,69.76744186046511,60.93023255813953,8.837209302325581
E00059357,109,37,8,29,72,58,14,33.94495412844037,7.339449541284404,26.605504587155966,66.05504587155964,53.21100917431193,12.844036697247708
E00059358,120,30,12,18,90,81,9,25,10,15,75,67.5,7.5
E00059359,152,42,12,30,110,94,16,27.631578947368425,7.894736842105263,19.736842105263158,72.36842105263158,61.8421052631579,10.526315789473683
E00059360,145,45,13,32,100,84,16,31.03448275862069,8.96551724137931,22.06896551724138,68.96551724137932,57.931034482758626,11.03448275862069
E00059361,110,37,7,30,73,64,9,33.63636363636363,6.363636363636363,27.27272727272727,66.36363636363637,58.18181818181818,8.181818181818182
E00059362,108,35,10,25,73,64,9,32.407407407407405,9.25925925925926,23.14814814814815,67.5925925925926,59.25925925925925,8.333333333333332
E00059363,123,38,12,26,85,71,14,30.89430894308943,9.75609756097561,21.138211382113823,69.10569105691057,57.72357723577236,11.38211382113821
E00059364,79,14,7,7,65,54,11,17.72151898734177,8.860759493670885,8.860759493670885,82.27848101265823,68.35443037974683,13.924050632911392
E00059365,89,23,7,16,66,46,20,25.842696629213485,7.865168539325842,17.97752808988764,74.15730337078652,51.68539325842697,22.47191011235955
E00059366,106,24,8,16,82,72,10,22.641509433962266,7.547169811320755,15.09433962264151,77.35849056603774,67.9245283018868,9.433962264150944
E00059367,71,22,4,18,49,41,8,30.985915492957744,5.633802816901409,25.352112676056336,69.01408450704226,57.74647887323944,11.267605633802818
E00059368,150,52,18,34,98,87,11,34.66666666666667,12,22.666666666666664,65.33333333333333,57.99999999999999,7.333333333333333
E00059369,130,39,11,28,91,78,13,30,8.461538461538462,21.53846153846154,70,60,10
E00059370,200,54,17,37,146,126,20,27,8.5,18.5,73,63,10
E00059371,103,34,8,26,69,63,6,33.00970873786408,7.766990291262135,25.24271844660194,66.99029126213593,61.165048543689316,5.825242718446602
E00059372,118,29,8,21,89,78,11,24.576271186440678,6.779661016949152,17.796610169491526,75.42372881355932,66.10169491525424,9.322033898305085
E00059373,236,80,24,56,156,125,31,33.89830508474576,10.16949152542373,23.728813559322035,66.10169491525424,52.96610169491526,13.135593220338984
E00059374,146,47,13,34,99,82,17,32.19178082191781,8.904109589041095,23.28767123287671,67.8082191780822,56.16438356164384,11.643835616438356
E00059375,102,37,10,27,65,53,12,36.27450980392157,9.803921568627452,26.47058823529412,63.725490196078425,51.9607843137255,11.76470588235294
E00059376,64,24,8,16,40,37,3,37.5,12.5,25,62.5,57.8125,4.6875
E00059377,113,27,7,20,86,72,14,23.893805309734514,6.1946902654867255,17.699115044247787,76.10619469026548,63.716814159292035,12.389380530973451
E00059378,158,45,10,35,113,101,12,28.48101265822785,6.329113924050633,22.151898734177212,71.51898734177216,63.92405063291139,7.59493670886076
E00059379,112,26,6,20,86,78,8,23.214285714285715,5.357142857142857,17.857142857142858,76.78571428571429,69.64285714285714,7.142857142857142
E00059380,103,31,4,27,72,63,9,30.097087378640776,3.8834951456310676,26.21359223300971,69.90291262135922,61.165048543689316,8.737864077669903
E00059381,150,46,9,37,104,93,11,30.666666666666664,6,24.666666666666668,69.33333333333334,62,7.333333333333333
E00059382,140,34,5,29,106,94,12,24.285714285714285,3.571428571428571,20.714285714285715,75.71428571428571,67.14285714285714,8.571428571428571
E00059383,163,40,11,29,123,108,15,24.539877300613497,6.748466257668712,17.791411042944784,75.4601226993865,66.25766871165644,9.202453987730062
E00059384,217,59,16,43,158,133,25,27.188940092165897,7.373271889400922,19.81566820276498,72.81105990783409,61.29032258064516,11.52073732718894
E00059385,160,42,11,31,118,108,10,26.25,6.875000000000001,19.375,73.75,67.5,6.25
E00059386,120,48,20,28,72,57,15,40,16.666666666666664,23.333333333333332,60,47.5,12.5
E00059387,94,29,9,20,65,59,6,30.851063829787233,9.574468085106384,21.27659574468085,69.14893617021278,62.76595744680851,6.382978723404255
E00059389,119,28,7,21,91,73,18,23.52941176470588,5.88235294117647,17.647058823529413,76.47058823529412,61.34453781512605,15.126050420168067
E00059390,116,38,10,28,78,70,8,32.758620689655174,8.620689655172415,24.137931034482758,67.24137931034483,60.3448275862069,6.896551724137931
E00059391,164,49,15,34,115,97,18,29.878048780487802,9.146341463414634,20.73170731707317,70.1219512195122,59.14634146341463,10.975609756097562
E00059392,125,35,5,30,90,81,9,28.000000000000004,4,24,72,64.8,7.199999999999999
E00059393,168,52,15,37,116,103,13,30.952380952380953,8.928571428571429,22.023809523809522,69.04761904761905,61.30952380952381,7.738095238095238
E00059395,130,42,15,27,88,79,9,32.30769230769231,11.538461538461538,20.76923076923077,67.6923076923077,60.76923076923077,6.923076923076923
E00059396,52,15,7,8,37,29,8,28.846153846153843,13.461538461538462,15.384615384615385,71.15384615384616,55.769230769230774,15.384615384615385
E00059398,129,34,6,28,95,87,8,26.356589147286826,4.651162790697675,21.705426356589147,73.64341085271317,67.44186046511628,6.2015503875969
E00059399,111,31,6,25,80,70,10,27.927927927927925,5.405405405405405,22.52252252252252,72.07207207207207,63.06306306306306,9.00900900900901
E00059400,112,35,15,20,77,63,14,31.25,13.392857142857142,17.857142857142858,68.75,56.25,12.5
E00059401,109,37,7,30,72,67,5,33.94495412844037,6.422018348623854,27.522935779816514,66.05504587155964,61.46788990825688,4.587155963302752
E00059402,120,25,2,23,95,90,5,20.833333333333336,1.6666666666666667,19.166666666666668,79.16666666666666,75,4.166666666666666
E00059403,108,26,6,20,82,70,12,24.074074074074073,5.555555555555555,18.51851851851852,75.92592592592592,64.81481481481481,11.11111111111111
E00059404,140,49,9,40,91,78,13,35,6.428571428571428,28.57142857142857,65,55.714285714285715,9.285714285714286
E00059405,113,31,8,23,82,70,12,27.43362831858407,7.079646017699115,20.353982300884958,72.56637168141593,61.94690265486725,10.619469026548673
E00059406,95,24,6,18,71,60,11,25.263157894736842,6.315789473684211,18.947368421052634,74.73684210526315,63.1578947368421,11.578947368421053
E00059407,196,50,11,39,146,114,32,25.510204081632654,5.612244897959184,19.897959183673468,74.48979591836735,58.16326530612245,16.3265306122449
E00059409,100,29,7,22,71,63,8,28.999999999999996,7.000000000000001,22,71,63,8
E00059410,198,54,21,33,144,121,23,27.27272727272727,10.606060606060606,16.666666666666664,72.72727272727273,61.111111111111114,11.616161616161616
E00059412,148,45,10,35,103,87,16,30.405405405405407,6.756756756756757,23.64864864864865,69.5945945945946,58.78378378378378,10.81081081081081
E00059413,247,70,25,45,177,145,32,28.34008097165992,10.121457489878543,18.218623481781375,71.65991902834008,58.70445344129555,12.955465587044534
E00059414,124,46,10,36,78,67,11,37.096774193548384,8.064516129032258,29.03225806451613,62.903225806451616,54.03225806451613,8.870967741935484
E00059415,132,44,14,30,88,69,19,33.33333333333333,10.606060606060606,22.727272727272727,66.66666666666666,52.27272727272727,14.393939393939394
E00059416,138,43,14,29,95,79,16,31.15942028985507,10.144927536231885,21.014492753623188,68.84057971014492,57.2463768115942,11.594202898550725
E00059417,112,35,9,26,77,64,13,31.25,8.035714285714286,23.214285714285715,68.75,57.14285714285714,11.607142857142858
E00059418,119,28,12,16,91,78,13,23.52941176470588,10.084033613445378,13.445378151260504,76.47058823529412,65.54621848739495,10.92436974789916
E00059419,118,29,6,23,89,76,13,24.576271186440678,5.084745762711865,19.491525423728813,75.42372881355932,64.40677966101694,11.016949152542372
E00059420,210,43,13,30,167,146,21,20.476190476190474,6.190476190476191,14.285714285714285,79.52380952380952,69.52380952380952,10
E00059421,161,41,13,28,120,105,15,25.465838509316768,8.074534161490684,17.391304347826086,74.53416149068323,65.21739130434783,9.316770186335404
E00059422,158,50,10,40,108,90,18,31.645569620253166,6.329113924050633,25.31645569620253,68.35443037974683,56.9620253164557,11.39240506329114
E00059423,103,41,10,31,62,55,7,39.80582524271845,9.70873786407767,30.097087378640776,60.19417475728155,53.398058252427184,6.796116504854369
E00059424,151,43,10,33,108,94,14,28.47682119205298,6.622516556291391,21.85430463576159,71.52317880794702,62.251655629139066,9.271523178807946
E00059425,283,80,23,57,203,175,28,28.26855123674912,8.12720848056537,20.141342756183743,71.73144876325088,61.83745583038869,9.89399293286219
E00059426,167,54,12,42,113,94,19,32.33532934131736,7.18562874251497,25.149700598802394,67.66467065868264,56.287425149700596,11.377245508982035
E00059427,136,38,7,31,98,88,10,27.941176470588236,5.147058823529411,22.794117647058822,72.05882352941177,64.70588235294117,7.352941176470589
E00059428,117,39,10,29,78,60,18,33.33333333333333,8.547008547008547,24.786324786324787,66.66666666666666,51.28205128205128,15.384615384615385
E00059429,128,43,11,32,85,81,4,33.59375,8.59375,25,66.40625,63.28125,3.125
E00059430,161,46,13,33,115,86,29,28.57142857142857,8.074534161490684,20.496894409937887,71.42857142857143,53.41614906832298,18.012422360248447
E00059431,78,27,9,18,51,47,4,34.61538461538461,11.538461538461538,23.076923076923077,65.38461538461539,60.256410256410255,5.128205128205128
E00059432,87,34,6,28,53,45,8,39.08045977011494,6.896551724137931,32.18390804597701,60.91954022988506,51.724137931034484,9.195402298850574
E00059434,123,30,10,20,93,84,9,24.390243902439025,8.130081300813007,16.260162601626014,75.60975609756098,68.29268292682927,7.317073170731707
E00059435,91,36,7,29,55,54,1,39.56043956043956,7.6923076923076925,31.868131868131865,60.43956043956044,59.34065934065934,1.098901098901099
E00059436,140,44,13,31,96,80,16,31.428571428571427,9.285714285714286,22.142857142857142,68.57142857142857,57.14285714285714,11.428571428571429
E00059437,72,22,7,15,50,45,5,30.555555555555557,9.722222222222223,20.833333333333336,69.44444444444444,62.5,6.944444444444445
E00059438,245,52,17,35,193,151,42,21.224489795918366,6.938775510204081,14.285714285714285,78.77551020408163,61.63265306122449,17.142857142857142
E00059439,129,43,10,33,86,80,6,33.33333333333333,7.751937984496124,25.581395348837212,66.66666666666666,62.01550387596899,4.651162790697675
E00059440,85,23,4,19,62,56,6,27.058823529411764,4.705882352941177,22.35294117647059,72.94117647058823,65.88235294117646,7.0588235294117645
E00059441,149,44,13,31,105,96,9,29.53020134228188,8.724832214765101,20.80536912751678,70.46979865771812,64.42953020134227,6.0402684563758395
E00059442,133,52,12,40,81,71,10,39.097744360902254,9.022556390977442,30.075187969924812,60.902255639097746,53.383458646616546,7.518796992481203
E00059445,98,34,12,22,64,56,8,34.69387755102041,12.244897959183673,22.448979591836736,65.3061224489796,57.14285714285714,8.16326530612245
E00059446,169,61,11,50,108,99,9,36.09467455621302,6.508875739644971,29.585798816568047,63.905325443786985,58.57988165680473,5.325443786982249
E00059447,248,64,26,38,184,151,33,25.806451612903224,10.483870967741936,15.32258064516129,74.19354838709677,60.88709677419355,13.306451612903224
E00059448,152,49,10,39,103,86,17,32.23684210526316,6.578947368421052,25.657894736842106,67.76315789473685,56.57894736842105,11.18421052631579
E00059449,146,40,15,25,106,92,14,27.397260273972602,10.273972602739725,17.123287671232877,72.6027397260274,63.013698630136986,9.58904109589041
E00059450,178,46,14,32,132,109,23,25.842696629213485,7.865168539325842,17.97752808988764,74.15730337078652,61.23595505617978,12.921348314606742
E00059451,82,30,11,19,52,48,4,36.58536585365854,13.414634146341465,23.170731707317074,63.41463414634146,58.536585365853654,4.878048780487805
E00059452,106,34,6,28,72,63,9,32.075471698113205,5.660377358490567,26.41509433962264,67.9245283018868,59.43396226415094,8.49056603773585
E00059453,107,34,7,27,73,67,6,31.775700934579437,6.5420560747663545,25.233644859813083,68.22429906542055,62.616822429906534,5.607476635514018
E00059454,186,58,17,41,128,112,16,31.182795698924732,9.13978494623656,22.043010752688172,68.81720430107528,60.215053763440864,8.60215053763441
E00059455,48,13,2,11,35,34,1,27.083333333333332,4.166666666666666,22.916666666666664,72.91666666666666,70.83333333333334,2.083333333333333
E00059456,140,50,15,35,90,77,13,35.714285714285715,10.714285714285714,25,64.28571428571429,55.00000000000001,9.285714285714286
E00059457,179,44,14,30,135,118,17,24.581005586592177,7.82122905027933,16.75977653631285,75.41899441340783,65.92178770949721,9.497206703910614
E00059458,72,17,6,11,55,50,5,23.61111111111111,8.333333333333332,15.277777777777779,76.38888888888889,69.44444444444444,6.944444444444445
E00059459,256,57,18,39,199,175,24,22.265625,7.03125,15.234375,77.734375,68.359375,9.375
E00059460,135,38,12,26,97,85,12,28.14814814814815,8.88888888888889,19.25925925925926,71.85185185185186,62.96296296296296,8.88888888888889
E00059461,158,45,12,33,113,95,18,28.48101265822785,7.59493670886076,20.88607594936709,71.51898734177216,60.12658227848101,11.39240506329114
E00059462,109,31,7,24,78,62,16,28.440366972477065,6.422018348623854,22.018348623853214,71.55963302752293,56.88073394495413,14.678899082568808
E00059463,80,28,11,17,52,45,7,35,13.750000000000002,21.25,65,56.25,8.75
E00059464,124,31,5,26,93,81,12,25,4.032258064516129,20.967741935483872,75,65.32258064516128,9.67741935483871
E00059465,98,22,4,18,76,56,20,22.448979591836736,4.081632653061225,18.367346938775512,77.55102040816327,57.14285714285714,20.408163265306122
E00059466,134,43,14,29,91,78,13,32.08955223880597,10.44776119402985,21.641791044776117,67.91044776119402,58.2089552238806,9.701492537313433
E00059467,198,57,15,42,141,110,31,28.78787878787879,7.575757575757576,21.21212121212121,71.21212121212122,55.55555555555556,15.656565656565657
E00059468,167,57,24,33,110,85,25,34.13173652694611,14.37125748502994,19.760479041916167,65.86826347305389,50.898203592814376,14.97005988023952
E00059469,108,24,7,17,84,69,15,22.22222222222222,6.481481481481481,15.74074074074074,77.77777777777779,63.888888888888886,13.88888888888889
E00059470,122,44,18,26,78,60,18,36.0655737704918,14.754098360655737,21.311475409836063,63.934426229508205,49.18032786885246,14.754098360655737
E00059471,190,48,9,39,142,124,18,25.263157894736842,4.736842105263158,20.526315789473685,74.73684210526315,65.26315789473685,9.473684210526317
E00059472,156,41,14,27,115,100,15,26.282051282051285,8.974358974358974,17.307692307692307,73.71794871794873,64.1025641025641,9.615384615384617
E00059473,120,36,17,19,84,69,15,30,14.166666666666666,15.833333333333332,70,57.49999999999999,12.5
E00059474,254,69,23,46,185,162,23,27.165354330708663,9.05511811023622,18.11023622047244,72.83464566929135,63.77952755905512,9.05511811023622
E00059475,239,74,22,52,165,146,19,30.962343096234306,9.205020920502092,21.75732217573222,69.0376569037657,61.08786610878661,7.949790794979079
E00059476,128,38,13,25,90,80,10,29.6875,10.15625,19.53125,70.3125,62.5,7.8125
E00059477,196,47,10,37,149,128,21,23.97959183673469,5.1020408163265305,18.877551020408163,76.0204081632653,65.3061224489796,10.714285714285714
E00059478,127,46,14,32,81,80,1,36.22047244094488,11.023622047244094,25.196850393700785,63.77952755905512,62.99212598425197,0.7874015748031495
E00059479,136,51,10,41,85,78,7,37.5,7.352941176470589,30.14705882352941,62.5,57.35294117647059,5.147058823529411
E00059480,47,14,6,8,33,28,5,29.78723404255319,12.76595744680851,17.02127659574468,70.2127659574468,59.57446808510638,10.638297872340425
E00059481,213,43,14,29,170,152,18,20.187793427230048,6.572769953051644,13.615023474178404,79.81220657276995,71.36150234741784,8.450704225352112
E00059482,74,15,2,13,59,55,4,20.27027027027027,2.7027027027027026,17.56756756756757,79.72972972972973,74.32432432432432,5.405405405405405
E00059483,133,34,13,21,99,80,19,25.563909774436087,9.774436090225564,15.789473684210526,74.43609022556392,60.150375939849624,14.285714285714285
E00059484,221,60,19,41,161,134,27,27.149321266968325,8.597285067873303,18.552036199095024,72.85067873303167,60.633484162895925,12.217194570135746
E00059485,190,49,11,38,141,118,23,25.789473684210527,5.7894736842105265,20,74.21052631578947,62.10526315789474,12.105263157894736
E00059486,161,44,8,36,117,95,22,27.32919254658385,4.968944099378882,22.36024844720497,72.67080745341616,59.006211180124225,13.664596273291925
E00059487,77,29,7,22,48,40,8,37.66233766233766,9.090909090909092,28.57142857142857,62.33766233766234,51.94805194805194,10.38961038961039
E00059488,177,55,13,42,122,104,18,31.07344632768362,7.344632768361582,23.728813559322035,68.92655367231639,58.75706214689266,10.16949152542373
E00059489,51,14,3,11,37,30,7,27.450980392156865,5.88235294117647,21.568627450980394,72.54901960784314,58.82352941176471,13.725490196078432
E00059490,155,40,12,28,115,96,19,25.806451612903224,7.741935483870968,18.064516129032256,74.19354838709677,61.935483870967744,12.258064516129032
E00059491,131,32,14,18,99,85,14,24.427480916030532,10.687022900763358,13.740458015267176,75.57251908396947,64.8854961832061,10.687022900763358
E00059492,145,44,13,31,101,87,14,30.344827586206897,8.96551724137931,21.379310344827587,69.6551724137931,60,9.655172413793103
E00059493,138,35,9,26,103,95,8,25.36231884057971,6.521739130434782,18.84057971014493,74.63768115942028,68.84057971014492,5.797101449275362
E00059494,151,32,14,18,119,105,14,21.192052980132452,9.271523178807946,11.920529801324504,78.80794701986756,69.5364238410596,9.271523178807946
E00059495,97,30,12,18,67,57,10,30.927835051546392,12.371134020618557,18.556701030927837,69.0721649484536,58.76288659793815,10.309278350515463
E00059496,147,39,11,28,108,94,14,26.53061224489796,7.482993197278912,19.047619047619047,73.46938775510205,63.94557823129252,9.523809523809524
E00059497,119,44,12,32,75,64,11,36.97478991596639,10.084033613445378,26.89075630252101,63.02521008403361,53.78151260504202,9.243697478991598
E00059498,130,27,8,19,103,83,20,20.76923076923077,6.153846153846154,14.615384615384617,79.23076923076923,63.84615384615384,15.384615384615385
E00059499,96,26,9,17,70,60,10,27.083333333333332,9.375,17.708333333333336,72.91666666666666,62.5,10.416666666666668
E00059500,145,45,17,28,100,87,13,31.03448275862069,11.724137931034482,19.310344827586206,68.96551724137932,60,8.96551724137931
E00059501,134,47,14,33,87,75,12,35.07462686567165,10.44776119402985,24.62686567164179,64.92537313432835,55.970149253731336,8.955223880597014
E00059502,110,36,15,21,74,59,15,32.72727272727273,13.636363636363635,19.090909090909093,67.27272727272727,53.63636363636364,13.636363636363635
E00059503,154,47,18,29,107,92,15,30.519480519480517,11.688311688311687,18.83116883116883,69.48051948051948,59.74025974025974,9.740259740259742
E00059504,209,57,17,40,152,137,15,27.27272727272727,8.133971291866029,19.138755980861244,72.72727272727273,65.55023923444976,7.177033492822966
E00059505,145,36,14,22,109,93,16,24.82758620689655,9.655172413793103,15.172413793103448,75.17241379310344,64.13793103448275,11.03448275862069
E00059506,107,44,12,32,63,55,8,41.1214953271028,11.214953271028037,29.906542056074763,58.87850467289719,51.4018691588785,7.476635514018691
E00059507,117,29,7,22,88,73,15,24.786324786324787,5.982905982905983,18.803418803418804,75.21367521367522,62.39316239316239,12.82051282051282
E00059508,137,48,15,33,89,72,17,35.03649635036496,10.948905109489052,24.087591240875913,64.96350364963503,52.55474452554745,12.408759124087592
E00059509,95,27,9,18,68,60,8,28.421052631578945,9.473684210526317,18.947368421052634,71.57894736842105,63.1578947368421,8.421052631578947
E00059510,119,38,12,26,81,66,15,31.932773109243694,10.084033613445378,21.84873949579832,68.0672268907563,55.46218487394958,12.605042016806722
E00059511,91,27,7,20,64,56,8,29.67032967032967,7.6923076923076925,21.978021978021978,70.32967032967034,61.53846153846154,8.791208791208792
E00059512,141,39,9,30,102,88,14,27.659574468085108,6.382978723404255,21.27659574468085,72.3404255319149,62.4113475177305,9.929078014184398
E00059513,121,34,10,24,87,73,14,28.09917355371901,8.264462809917356,19.834710743801654,71.900826446281,60.33057851239669,11.570247933884298
E00059514,93,26,7,19,67,60,7,27.956989247311824,7.526881720430108,20.43010752688172,72.04301075268818,64.51612903225806,7.526881720430108
E00059515,120,36,14,22,84,77,7,30,11.666666666666666,18.333333333333332,70,64.16666666666667,5.833333333333333
E00059516,138,39,16,23,99,87,12,28.26086956521739,11.594202898550725,16.666666666666664,71.73913043478261,63.04347826086957,8.695652173913043
E00059517,158,55,16,39,103,86,17,34.810126582278485,10.126582278481013,24.68354430379747,65.18987341772153,54.43037974683544,10.759493670886076
E00059518,124,30,7,23,94,75,19,24.193548387096776,5.64516129032258,18.548387096774192,75.80645161290323,60.483870967741936,15.32258064516129
E00059519,121,30,6,24,91,81,10,24.793388429752067,4.958677685950414,19.834710743801654,75.20661157024794,66.94214876033058,8.264462809917356
E00059520,107,34,12,22,73,67,6,31.775700934579437,11.214953271028037,20.5607476635514,68.22429906542055,62.616822429906534,5.607476635514018
E00059521,152,54,14,40,98,80,18,35.526315789473685,9.210526315789473,26.31578947368421,64.47368421052632,52.63157894736842,11.842105263157894
E00059522,127,38,10,28,89,76,13,29.92125984251969,7.874015748031496,22.04724409448819,70.07874015748031,59.84251968503938,10.236220472440944
E00059523,101,33,12,21,68,61,7,32.67326732673268,11.881188118811881,20.792079207920793,67.32673267326733,60.396039603960396,6.9306930693069315
E00059524,188,47,15,32,141,125,16,25,7.9787234042553195,17.02127659574468,75,66.48936170212765,8.51063829787234
E00059525,152,33,4,29,119,102,17,21.710526315789476,2.631578947368421,19.078947368421055,78.28947368421053,67.10526315789474,11.18421052631579
E00059526,113,39,15,24,74,67,7,34.51327433628318,13.274336283185843,21.238938053097346,65.48672566371681,59.29203539823009,6.1946902654867255
E00059527,165,47,16,31,118,107,11,28.484848484848484,9.696969696969697,18.787878787878785,71.51515151515152,64.84848484848484,6.666666666666667
E00059528,118,31,5,26,87,74,13,26.27118644067797,4.23728813559322,22.033898305084744,73.72881355932203,62.71186440677966,11.016949152542372
E00059529,120,31,5,26,89,81,8,25.833333333333336,4.166666666666666,21.666666666666668,74.16666666666667,67.5,6.666666666666667
E00059530,113,28,9,19,85,75,10,24.778761061946902,7.964601769911504,16.8141592920354,75.22123893805309,66.3716814159292,8.849557522123893
E00059531,138,41,18,23,97,84,13,29.71014492753623,13.043478260869565,16.666666666666664,70.28985507246377,60.86956521739131,9.420289855072465
E00059532,105,28,4,24,77,71,6,26.666666666666668,3.8095238095238098,22.857142857142858,73.33333333333333,67.61904761904762,5.714285714285714
E00059533,132,29,10,19,103,92,11,21.96969696969697,7.575757575757576,14.393939393939394,78.03030303030303,69.6969696969697,8.333333333333332
E00059534,85,27,11,16,58,51,7,31.76470588235294,12.941176470588237,18.823529411764707,68.23529411764706,60,8.235294117647058
E00059535,92,39,14,25,53,50,3,42.391304347826086,15.217391304347828,27.173913043478258,57.608695652173914,54.347826086956516,3.260869565217391
E00059536,134,43,15,28,91,73,18,32.08955223880597,11.194029850746269,20.8955223880597,67.91044776119402,54.47761194029851,13.432835820895523
E00059537,85,31,8,23,54,42,12,36.470588235294116,9.411764705882353,27.058823529411764,63.52941176470588,49.411764705882355,14.117647058823529
E00059538,89,26,7,19,63,59,4,29.213483146067414,7.865168539325842,21.34831460674157,70.78651685393258,66.29213483146067,4.49438202247191
E00059540,109,35,13,22,74,63,11,32.11009174311927,11.926605504587156,20.18348623853211,67.88990825688074,57.798165137614674,10.091743119266056
E00059541,100,31,14,17,69,55,14,31,14.000000000000002,17,69,55.00000000000001,14.000000000000002
E00059542,180,48,9,39,132,116,16,26.666666666666668,5,21.666666666666668,73.33333333333333,64.44444444444444,8.88888888888889
E00059543,57,13,4,9,44,39,5,22.807017543859647,7.017543859649122,15.789473684210526,77.19298245614034,68.42105263157895,8.771929824561402
E00059544,142,32,11,21,110,91,19,22.535211267605636,7.746478873239436,14.788732394366196,77.46478873239437,64.08450704225352,13.380281690140844
E00059545,87,32,10,22,55,45,10,36.7816091954023,11.494252873563218,25.287356321839084,63.2183908045977,51.724137931034484,11.494252873563218
E00059546,150,34,12,22,116,99,17,22.666666666666664,8,14.666666666666666,77.33333333333333,66,11.333333333333332
E00059547,117,42,12,30,75,64,11,35.8974358974359,10.256410256410255,25.64102564102564,64.1025641025641,54.700854700854705,9.401709401709402
E00059548,130,39,10,29,91,76,15,30,7.6923076923076925,22.30769230769231,70,58.46153846153847,11.538461538461538
E00059549,121,31,9,22,90,76,14,25.6198347107438,7.43801652892562,18.181818181818183,74.3801652892562,62.8099173553719,11.570247933884298
E00059551,78,24,5,19,54,44,10,30.76923076923077,6.41025641025641,24.358974358974358,69.23076923076923,56.41025641025641,12.82051282051282
E00059552,170,40,5,35,130,104,26,23.52941176470588,2.941176470588235,20.588235294117645,76.47058823529412,61.1764705882353,15.294117647058824
E00059553,153,39,13,26,114,101,13,25.49019607843137,8.49673202614379,16.99346405228758,74.50980392156863,66.01307189542483,8.49673202614379
E00059554,145,46,14,32,99,87,12,31.724137931034484,9.655172413793103,22.06896551724138,68.27586206896552,60,8.275862068965518
E00059555,117,26,9,17,91,79,12,22.22222222222222,7.6923076923076925,14.529914529914532,77.77777777777779,67.52136752136752,10.256410256410255
E00059556,145,36,13,23,109,87,22,24.82758620689655,8.96551724137931,15.862068965517242,75.17241379310344,60,15.172413793103448
E00059557,106,35,16,19,71,56,15,33.0188679245283,15.09433962264151,17.92452830188679,66.98113207547169,52.83018867924528,14.150943396226415
E00059558,147,39,15,24,108,84,24,26.53061224489796,10.204081632653061,16.3265306122449,73.46938775510205,57.14285714285714,16.3265306122449
E00059559,120,36,9,27,84,74,10,30,7.5,22.5,70,61.66666666666667,8.333333333333332
E00059560,86,23,11,12,63,55,8,26.744186046511626,12.790697674418606,13.953488372093023,73.25581395348837,63.95348837209303,9.30232558139535
E00059561,137,40,8,32,97,85,12,29.1970802919708,5.839416058394161,23.357664233576642,70.8029197080292,62.04379562043796,8.75912408759124
E00059562,115,28,7,21,87,70,17,24.347826086956523,6.086956521739131,18.26086956521739,75.65217391304347,60.86956521739131,14.782608695652174
E00059563,111,32,10,22,79,65,14,28.82882882882883,9.00900900900901,19.81981981981982,71.17117117117117,58.55855855855856,12.612612612612612
E00059564,200,55,13,42,145,122,23,27.500000000000004,6.5,21,72.5,61,11.5
E00059565,131,50,13,37,81,72,9,38.16793893129771,9.923664122137405,28.24427480916031,61.832061068702295,54.961832061068705,6.870229007633588
E00059566,116,32,5,27,84,71,13,27.586206896551722,4.310344827586207,23.275862068965516,72.41379310344827,61.206896551724135,11.206896551724139
E00059567,183,49,13,36,134,112,22,26.775956284153008,7.103825136612022,19.672131147540984,73.224043715847,61.20218579234973,12.021857923497267
E00059568,106,21,5,16,85,77,8,19.81132075471698,4.716981132075472,15.09433962264151,80.18867924528303,72.64150943396226,7.547169811320755
E00059569,142,32,8,24,110,97,13,22.535211267605636,5.633802816901409,16.901408450704224,77.46478873239437,68.30985915492957,9.15492957746479
E00059570,100,22,7,15,78,72,6,22,7.000000000000001,15,78,72,6
E00059571,151,34,14,20,117,107,10,22.516556291390728,9.271523178807946,13.245033112582782,77.48344370860927,70.86092715231787,6.622516556291391
E00059572,110,29,6,23,81,66,15,26.36363636363636,5.454545454545454,20.909090909090907,73.63636363636363,60,13.636363636363635
E00059573,167,30,6,24,137,126,11,17.964071856287426,3.592814371257485,14.37125748502994,82.03592814371258,75.44910179640718,6.58682634730539
E00059574,256,66,23,43,190,163,27,25.78125,8.984375,16.796875,74.21875,63.671875,10.546875
E00059575,87,23,6,17,64,57,7,26.436781609195403,6.896551724137931,19.54022988505747,73.5632183908046,65.51724137931035,8.045977011494253
E00059576,281,69,19,50,212,186,26,24.555160142348754,6.761565836298933,17.793594306049823,75.44483985765125,66.19217081850533,9.252669039145907
E00059577,122,34,4,30,88,72,16,27.86885245901639,3.278688524590164,24.59016393442623,72.1311475409836,59.01639344262295,13.114754098360656
E00059578,107,34,4,30,73,68,5,31.775700934579437,3.7383177570093453,28.037383177570092,68.22429906542055,63.55140186915887,4.672897196261682
E00059579,136,25,8,17,111,97,14,18.38235294117647,5.88235294117647,12.5,81.61764705882352,71.32352941176471,10.294117647058822
E00059580,140,42,13,29,98,90,8,30,9.285714285714286,20.714285714285715,70,64.28571428571429,5.714285714285714
E00059581,180,56,11,45,124,110,14,31.11111111111111,6.111111111111111,25,68.88888888888889,61.111111111111114,7.777777777777778
E00059582,139,39,15,24,100,86,14,28.05755395683453,10.79136690647482,17.26618705035971,71.94244604316546,61.87050359712231,10.071942446043165
E00059583,153,37,15,22,116,106,10,24.183006535947712,9.803921568627452,14.37908496732026,75.81699346405229,69.28104575163398,6.535947712418301
E00059584,121,43,18,25,78,75,3,35.53719008264463,14.87603305785124,20.66115702479339,64.46280991735537,61.98347107438017,2.479338842975207
E00059585,85,29,10,19,56,50,6,34.11764705882353,11.76470588235294,22.35294117647059,65.88235294117646,58.82352941176471,7.0588235294117645
E00059586,104,25,11,14,79,69,10,24.03846153846154,10.576923076923077,13.461538461538462,75.96153846153845,66.34615384615384,9.615384615384617
E00059587,167,40,14,26,127,112,15,23.952095808383234,8.383233532934131,15.568862275449103,76.04790419161677,67.06586826347305,8.982035928143713
E00059588,175,50,13,37,125,117,8,28.57142857142857,7.428571428571429,21.142857142857142,71.42857142857143,66.85714285714286,4.571428571428571
E00059589,128,46,16,30,82,65,17,35.9375,12.5,23.4375,64.0625,50.78125,13.28125
E00059590,125,29,8,21,96,86,10,23.200000000000003,6.4,16.8,76.8,68.8,8
E00059591,164,41,18,23,123,105,18,25,10.975609756097562,14.02439024390244,75,64.02439024390245,10.975609756097562
E00059592,155,51,14,37,104,87,17,32.903225806451616,9.032258064516128,23.870967741935484,67.0967741935484,56.12903225806451,10.967741935483872
E00059593,172,42,16,26,130,115,15,24.418604651162788,9.30232558139535,15.11627906976744,75.5813953488372,66.86046511627907,8.720930232558139
E00059595,161,31,8,23,130,118,12,19.25465838509317,4.968944099378882,14.285714285714285,80.74534161490683,73.29192546583852,7.453416149068323
E00059596,131,37,13,24,94,80,14,28.24427480916031,9.923664122137405,18.3206106870229,71.7557251908397,61.06870229007634,10.687022900763358
E00059597,179,41,14,27,138,116,22,22.905027932960895,7.82122905027933,15.083798882681565,77.09497206703911,64.80446927374301,12.290502793296088
E00059598,166,45,13,32,121,108,13,27.10843373493976,7.83132530120482,19.27710843373494,72.89156626506023,65.06024096385542,7.83132530120482
E00059599,214,54,15,39,160,137,23,25.233644859813083,7.009345794392523,18.22429906542056,74.76635514018692,64.01869158878505,10.74766355140187
E00059600,152,30,11,19,122,101,21,19.736842105263158,7.236842105263158,12.5,80.26315789473685,66.44736842105263,13.815789473684212
E00059601,129,42,10,32,87,78,9,32.55813953488372,7.751937984496124,24.8062015503876,67.44186046511628,60.46511627906976,6.976744186046512
E00059602,74,18,7,11,56,49,7,24.324324324324326,9.45945945945946,14.864864864864865,75.67567567567568,66.21621621621621,9.45945945945946
E00059603,114,18,5,13,96,86,10,15.789473684210526,4.385964912280701,11.403508771929824,84.21052631578947,75.43859649122807,8.771929824561402
E00059604,165,46,15,31,119,106,13,27.878787878787882,9.090909090909092,18.787878787878785,72.12121212121212,64.24242424242425,7.878787878787878
E00059605,152,37,13,24,115,99,16,24.342105263157894,8.552631578947368,15.789473684210526,75.6578947368421,65.13157894736842,10.526315789473683
E00059606,117,29,6,23,88,82,6,24.786324786324787,5.128205128205128,19.65811965811966,75.21367521367522,70.08547008547008,5.128205128205128
E00059607,159,47,12,35,112,101,11,29.559748427672954,7.547169811320755,22.0125786163522,70.44025157232704,63.52201257861635,6.918238993710692
E00059609,113,34,9,25,79,64,15,30.08849557522124,7.964601769911504,22.123893805309734,69.91150442477876,56.63716814159292,13.274336283185843
E00059610,127,34,14,20,93,86,7,26.77165354330709,11.023622047244094,15.748031496062993,73.22834645669292,67.71653543307087,5.511811023622047
E00059611,115,37,9,28,78,71,7,32.17391304347826,7.82608695652174,24.347826086956523,67.82608695652173,61.73913043478261,6.086956521739131
E00059612,111,33,9,24,78,69,9,29.72972972972973,8.108108108108109,21.62162162162162,70.27027027027027,62.16216216216216,8.108108108108109
E00059613,101,33,9,24,68,49,19,32.67326732673268,8.91089108910891,23.762376237623762,67.32673267326733,48.51485148514851,18.81188118811881
E00059614,146,30,8,22,116,93,23,20.54794520547945,5.47945205479452,15.068493150684931,79.45205479452055,63.6986301369863,15.753424657534246
E00059615,173,45,16,29,128,102,26,26.011560693641616,9.248554913294797,16.76300578034682,73.98843930635837,58.95953757225434,15.028901734104046
E00059616,83,18,7,11,65,50,15,21.686746987951807,8.433734939759036,13.253012048192772,78.3132530120482,60.24096385542169,18.072289156626507
E00059617,280,71,20,51,209,179,30,25.357142857142854,7.142857142857142,18.21428571428571,74.64285714285714,63.92857142857142,10.714285714285714
E00059618,92,19,8,11,73,62,11,20.652173913043477,8.695652173913043,11.956521739130435,79.34782608695652,67.3913043478261,11.956521739130435
E00059619,110,38,15,23,72,53,19,34.54545454545455,13.636363636363635,20.909090909090907,65.45454545454545,48.18181818181818,17.272727272727273
E00059620,91,33,6,27,58,45,13,36.26373626373626,6.593406593406594,29.67032967032967,63.73626373626373,49.45054945054945,14.285714285714285
E00059621,116,31,14,17,85,67,18,26.72413793103448,12.068965517241379,14.655172413793101,73.27586206896551,57.758620689655174,15.517241379310345
E00059622,101,29,7,22,72,65,7,28.71287128712871,6.9306930693069315,21.782178217821784,71.28712871287128,64.35643564356435,6.9306930693069315
E00059623,184,59,20,39,125,110,15,32.065217391304344,10.869565217391305,21.195652173913043,67.93478260869566,59.78260869565217,8.152173913043478
E00059624,154,42,10,32,112,102,10,27.27272727272727,6.493506493506493,20.77922077922078,72.72727272727273,66.23376623376623,6.493506493506493
E00059625,145,43,16,27,102,96,6,29.655172413793103,11.03448275862069,18.620689655172416,70.34482758620689,66.20689655172414,4.137931034482759
E00059626,117,32,7,25,85,74,11,27.350427350427353,5.982905982905983,21.367521367521366,72.64957264957265,63.24786324786324,9.401709401709402
E00059628,147,34,10,24,113,95,18,23.12925170068027,6.802721088435375,16.3265306122449,76.87074829931973,64.62585034013605,12.244897959183673
E00059629,121,30,11,19,91,81,10,24.793388429752067,9.090909090909092,15.702479338842975,75.20661157024794,66.94214876033058,8.264462809917356
E00059630,125,36,9,27,89,82,7,28.799999999999997,7.199999999999999,21.6,71.2,65.60000000000001,5.6000000000000005
E00059631,179,38,10,28,141,122,19,21.22905027932961,5.58659217877095,15.64245810055866,78.77094972067039,68.15642458100558,10.614525139664805
E00059632,111,28,6,22,83,70,13,25.225225225225223,5.405405405405405,19.81981981981982,74.77477477477478,63.06306306306306,11.711711711711711
E00059633,145,44,16,28,101,89,12,30.344827586206897,11.03448275862069,19.310344827586206,69.6551724137931,61.37931034482759,8.275862068965518
E00059634,148,34,11,23,114,99,15,22.972972972972975,7.4324324324324325,15.54054054054054,77.02702702702703,66.8918918918919,10.135135135135135
E00059635,103,29,17,12,74,58,16,28.155339805825243,16.50485436893204,11.650485436893204,71.84466019417476,56.310679611650485,15.53398058252427
E00059636,142,32,11,21,110,95,15,22.535211267605636,7.746478873239436,14.788732394366196,77.46478873239437,66.90140845070422,10.56338028169014
E00059637,135,32,9,23,103,91,12,23.703703703703706,6.666666666666667,17.037037037037038,76.29629629629629,67.4074074074074,8.88888888888889
E00059638,124,45,11,34,79,67,12,36.29032258064516,8.870967741935484,27.419354838709676,63.70967741935484,54.03225806451613,9.67741935483871
E00059639,134,45,10,35,89,80,9,33.582089552238806,7.462686567164178,26.119402985074625,66.4179104477612,59.70149253731343,6.7164179104477615
E00059640,242,52,17,35,190,166,24,21.487603305785125,7.024793388429752,14.46280991735537,78.51239669421489,68.59504132231406,9.917355371900827
E00059641,107,26,12,14,81,73,8,24.299065420560748,11.214953271028037,13.084112149532709,75.70093457943925,68.22429906542055,7.476635514018691
E00059642,136,35,9,26,101,83,18,25.735294117647058,6.61764705882353,19.11764705882353,74.26470588235294,61.029411764705884,13.23529411764706
E00059643,198,52,19,33,146,132,14,26.262626262626267,9.595959595959595,16.666666666666664,73.73737373737373,66.66666666666666,7.07070707070707
E00059644,201,46,12,34,155,130,25,22.885572139303484,5.970149253731343,16.91542288557214,77.11442786069652,64.6766169154229,12.437810945273633
E00059645,79,25,11,14,54,46,8,31.645569620253166,13.924050632911392,17.72151898734177,68.35443037974683,58.22784810126582,10.126582278481013
E00059646,106,22,6,16,84,71,13,20.754716981132077,5.660377358490567,15.09433962264151,79.24528301886792,66.98113207547169,12.264150943396226
E00059647,136,35,10,25,101,86,15,25.735294117647058,7.352941176470589,18.38235294117647,74.26470588235294,63.23529411764706,11.029411764705882
E00059648,156,38,11,27,118,99,19,24.358974358974358,7.051282051282051,17.307692307692307,75.64102564102564,63.46153846153846,12.179487179487179
E00059649,189,49,20,29,140,117,23,25.925925925925924,10.582010582010582,15.343915343915343,74.07407407407408,61.904761904761905,12.16931216931217
E00059650,137,37,10,27,100,90,10,27.00729927007299,7.2992700729927,19.708029197080293,72.99270072992701,65.69343065693431,7.2992700729927
E00059651,137,36,8,28,101,86,15,26.277372262773724,5.839416058394161,20.437956204379564,73.72262773722628,62.77372262773723,10.948905109489052
E00059652,180,56,15,41,124,101,23,31.11111111111111,8.333333333333332,22.77777777777778,68.88888888888889,56.111111111111114,12.777777777777777
E00059653,167,37,13,24,130,111,19,22.15568862275449,7.784431137724551,14.37125748502994,77.84431137724552,66.46706586826348,11.377245508982035
E00059654,284,73,17,56,211,184,27,25.704225352112676,5.985915492957746,19.718309859154928,74.29577464788733,64.7887323943662,9.507042253521126
E00059655,66,25,7,18,41,34,7,37.878787878787875,10.606060606060606,27.27272727272727,62.121212121212125,51.515151515151516,10.606060606060606
E00059656,134,30,7,23,104,88,16,22.388059701492537,5.223880597014925,17.16417910447761,77.61194029850746,65.67164179104478,11.940298507462686
E00059657,150,40,12,28,110,88,22,26.666666666666668,8,18.666666666666668,73.33333333333333,58.666666666666664,14.666666666666666
E00059658,152,47,16,31,105,93,12,30.92105263157895,10.526315789473683,20.394736842105264,69.07894736842105,61.18421052631579,7.894736842105263
E00059659,122,38,13,25,84,73,11,31.147540983606557,10.655737704918032,20.491803278688526,68.85245901639344,59.83606557377049,9.01639344262295
E00059660,118,26,5,21,92,83,9,22.033898305084744,4.23728813559322,17.796610169491526,77.96610169491525,70.33898305084746,7.627118644067797
E00059661,91,30,11,19,61,52,9,32.967032967032964,12.087912087912088,20.87912087912088,67.03296703296702,57.14285714285714,9.89010989010989
E00059662,170,56,17,39,114,101,13,32.94117647058823,10,22.941176470588236,67.05882352941175,59.411764705882355,7.647058823529412
E00059663,116,32,13,19,84,74,10,27.586206896551722,11.206896551724139,16.379310344827587,72.41379310344827,63.793103448275865,8.620689655172415
E00059664,149,38,10,28,111,97,14,25.503355704697988,6.7114093959731544,18.79194630872483,74.49664429530202,65.1006711409396,9.395973154362416
E00059665,169,49,13,36,120,101,19,28.994082840236686,7.6923076923076925,21.301775147928996,71.00591715976331,59.76331360946746,11.242603550295858
E00059666,151,37,12,25,114,91,23,24.503311258278146,7.9470198675496695,16.55629139072848,75.49668874172185,60.264900662251655,15.2317880794702
E00059667,151,46,20,26,105,90,15,30.4635761589404,13.245033112582782,17.218543046357617,69.5364238410596,59.60264900662252,9.933774834437086
E00059668,54,12,0,12,42,39,3,22.22222222222222,0,22.22222222222222,77.77777777777779,72.22222222222221,5.555555555555555
E00059669,112,46,14,32,66,53,13,41.07142857142857,12.5,28.57142857142857,58.92857142857143,47.32142857142857,11.607142857142858
E00059670,115,33,8,25,82,72,10,28.695652173913043,6.956521739130435,21.73913043478261,71.30434782608695,62.60869565217392,8.695652173913043
E00059671,147,38,12,26,109,101,8,25.850340136054424,8.16326530612245,17.687074829931973,74.14965986394559,68.70748299319727,5.442176870748299
E00059672,131,54,22,32,77,69,8,41.221374045801525,16.793893129770993,24.427480916030532,58.778625954198475,52.67175572519084,6.106870229007633
E00059673,131,42,5,37,89,77,12,32.06106870229007,3.816793893129771,28.24427480916031,67.93893129770993,58.778625954198475,9.16030534351145
E00059674,129,48,17,31,81,64,17,37.2093023255814,13.178294573643413,24.031007751937985,62.7906976744186,49.6124031007752,13.178294573643413
E00059675,144,44,16,28,100,84,16,30.555555555555557,11.11111111111111,19.444444444444446,69.44444444444444,58.333333333333336,11.11111111111111
E00059676,112,29,9,20,83,73,10,25.892857142857146,8.035714285714286,17.857142857142858,74.10714285714286,65.17857142857143,8.928571428571429
E00059677,117,35,10,25,82,74,8,29.914529914529915,8.547008547008547,21.367521367521366,70.08547008547008,63.24786324786324,6.837606837606838
E00059678,139,53,17,36,86,78,8,38.1294964028777,12.23021582733813,25.899280575539567,61.87050359712231,56.11510791366906,5.755395683453238
E00059679,71,16,4,12,55,54,1,22.535211267605636,5.633802816901409,16.901408450704224,77.46478873239437,76.05633802816901,1.4084507042253522
E00059681,128,27,11,16,101,88,13,21.09375,8.59375,12.5,78.90625,68.75,10.15625
E00059682,132,32,10,22,100,87,13,24.242424242424242,7.575757575757576,16.666666666666664,75.75757575757575,65.9090909090909,9.848484848484848
E00059683,167,39,9,30,128,112,16,23.353293413173652,5.389221556886228,17.964071856287426,76.64670658682635,67.06586826347305,9.580838323353294
E00059684,100,46,16,30,54,45,9,46,16,30,54,45,9
E00059685,122,36,11,25,86,77,9,29.508196721311474,9.01639344262295,20.491803278688526,70.49180327868852,63.114754098360656,7.377049180327869
E00059686,162,33,8,25,129,117,12,20.37037037037037,4.938271604938271,15.432098765432098,79.62962962962963,72.22222222222221,7.4074074074074066
E00059687,122,31,11,20,91,80,11,25.40983606557377,9.01639344262295,16.39344262295082,74.59016393442623,65.57377049180327,9.01639344262295
E00059688,141,31,11,20,110,95,15,21.98581560283688,7.801418439716312,14.184397163120568,78.01418439716312,67.37588652482269,10.638297872340425
E00059690,148,44,15,29,104,91,13,29.72972972972973,10.135135135135135,19.594594594594593,70.27027027027027,61.48648648648649,8.783783783783784
E00059691,49,13,4,9,36,29,7,26.53061224489796,8.16326530612245,18.367346938775512,73.46938775510205,59.183673469387756,14.285714285714285
E00059692,185,54,15,39,131,117,14,29.18918918918919,8.108108108108109,21.08108108108108,70.8108108108108,63.24324324324324,7.567567567567568
E00059693,118,36,10,26,82,74,8,30.508474576271187,8.47457627118644,22.033898305084744,69.49152542372882,62.71186440677966,6.779661016949152
E00059696,147,37,11,26,110,91,19,25.170068027210885,7.482993197278912,17.687074829931973,74.82993197278913,61.904761904761905,12.925170068027212
E00059697,119,20,0,20,99,90,9,16.80672268907563,0,16.80672268907563,83.19327731092437,75.63025210084034,7.563025210084033
E00059698,91,29,5,24,62,56,6,31.868131868131865,5.4945054945054945,26.373626373626376,68.13186813186813,61.53846153846154,6.593406593406594
E00059699,180,32,7,25,148,127,21,17.77777777777778,3.888888888888889,13.88888888888889,82.22222222222221,70.55555555555556,11.666666666666666
E00059700,30,12,3,9,18,16,2,40,10,30,60,53.333333333333336,6.666666666666667
E00059701,253,54,16,38,199,174,25,21.34387351778656,6.324110671936759,15.019762845849801,78.65612648221344,68.77470355731225,9.881422924901186
E00059702,155,40,13,27,115,97,18,25.806451612903224,8.38709677419355,17.419354838709676,74.19354838709677,62.58064516129033,11.612903225806452
E00059703,149,45,9,36,104,89,15,30.201342281879196,6.0402684563758395,24.161073825503358,69.79865771812081,59.73154362416108,10.06711409395973
E00059704,60,22,8,14,38,33,5,36.666666666666664,13.333333333333334,23.333333333333332,63.33333333333333,55.00000000000001,8.333333333333332
E00059705,129,47,10,37,82,70,12,36.434108527131784,7.751937984496124,28.68217054263566,63.565891472868216,54.263565891472865,9.30232558139535
E00059706,64,26,14,12,38,36,2,40.625,21.875,18.75,59.375,56.25,3.125
E00059707,125,32,14,18,93,75,18,25.6,11.200000000000001,14.399999999999999,74.4,60,14.399999999999999
E00059708,86,21,4,17,65,56,9,24.418604651162788,4.651162790697675,19.767441860465116,75.5813953488372,65.11627906976744,10.465116279069768
E00059709,116,27,6,21,89,75,14,23.275862068965516,5.172413793103448,18.103448275862068,76.72413793103449,64.65517241379311,12.068965517241379
E00059710,148,41,14,27,107,96,11,27.7027027027027,9.45945945945946,18.243243243243242,72.2972972972973,64.86486486486487,7.4324324324324325
E00059711,140,24,5,19,116,100,16,17.142857142857142,3.571428571428571,13.571428571428571,82.85714285714286,71.42857142857143,11.428571428571429
E00059712,180,45,14,31,135,119,16,25,7.777777777777778,17.22222222222222,75,66.11111111111111,8.88888888888889
E00059714,158,43,14,29,115,105,10,27.21518987341772,8.860759493670885,18.354430379746837,72.78481012658227,66.45569620253164,6.329113924050633
E00059715,139,43,6,37,96,88,8,30.935251798561154,4.316546762589928,26.618705035971225,69.06474820143885,63.30935251798561,5.755395683453238
E00059716,186,47,9,38,139,118,21,25.268817204301076,4.838709677419355,20.43010752688172,74.73118279569893,63.44086021505376,11.29032258064516
E00059717,235,53,9,44,182,155,27,22.5531914893617,3.829787234042553,18.72340425531915,77.4468085106383,65.95744680851064,11.48936170212766
E00059718,154,37,7,30,117,106,11,24.025974025974026,4.545454545454546,19.480519480519483,75.97402597402598,68.83116883116884,7.142857142857142
E00059719,185,51,7,44,134,126,8,27.56756756756757,3.783783783783784,23.783783783783786,72.43243243243244,68.10810810810811,4.324324324324325
E00059720,148,50,12,38,98,87,11,33.78378378378378,8.108108108108109,25.675675675675674,66.21621621621621,58.78378378378378,7.4324324324324325
E00059721,106,29,4,25,77,68,9,27.358490566037734,3.7735849056603774,23.58490566037736,72.64150943396226,64.15094339622641,8.49056603773585
E00059723,153,34,11,23,119,103,16,22.22222222222222,7.18954248366013,15.032679738562091,77.77777777777779,67.3202614379085,10.457516339869281
E00059724,124,38,15,23,86,80,6,30.64516129032258,12.096774193548388,18.548387096774192,69.35483870967742,64.51612903225806,4.838709677419355
E00059726,331,73,28,45,258,223,35,22.054380664652566,8.459214501510575,13.595166163141995,77.94561933534743,67.37160120845923,10.574018126888216
E00059727,159,37,8,29,122,109,13,23.270440251572328,5.031446540880504,18.238993710691823,76.72955974842768,68.55345911949685,8.176100628930817
E00059729,101,31,7,24,70,57,13,30.693069306930692,6.9306930693069315,23.762376237623762,69.3069306930693,56.43564356435643,12.871287128712872
E00059730,137,51,12,39,86,77,9,37.22627737226277,8.75912408759124,28.467153284671532,62.77372262773723,56.20437956204379,6.569343065693431
E00059731,123,39,12,27,84,76,8,31.70731707317073,9.75609756097561,21.951219512195124,68.29268292682927,61.78861788617886,6.504065040650407
E00059732,60,11,0,11,49,39,10,18.333333333333332,0,18.333333333333332,81.66666666666667,65,16.666666666666664
E00059733,129,42,17,25,87,71,16,32.55813953488372,13.178294573643413,19.379844961240313,67.44186046511628,55.03875968992248,12.4031007751938
E00059734,155,51,12,39,104,92,12,32.903225806451616,7.741935483870968,25.161290322580644,67.0967741935484,59.354838709677416,7.741935483870968
E00059735,84,23,8,15,61,54,7,27.380952380952383,9.523809523809524,17.857142857142858,72.61904761904762,64.28571428571429,8.333333333333332
E00059736,111,39,7,32,72,64,8,35.13513513513514,6.306306306306306,28.82882882882883,64.86486486486487,57.65765765765766,7.207207207207207
E00059737,160,38,5,33,122,112,10,23.75,3.125,20.625,76.25,70,6.25
E00059738,137,34,8,26,103,93,10,24.817518248175183,5.839416058394161,18.97810218978102,75.18248175182481,67.88321167883211,7.2992700729927
E00059739,137,49,12,37,88,78,10,35.76642335766424,8.75912408759124,27.00729927007299,64.23357664233576,56.934306569343065,7.2992700729927
E00059740,67,21,1,20,46,41,5,31.343283582089555,1.4925373134328357,29.850746268656714,68.65671641791045,61.19402985074627,7.462686567164178
E00059741,140,44,17,27,96,82,14,31.428571428571427,12.142857142857142,19.28571428571429,68.57142857142857,58.57142857142858,10
E00059742,102,32,10,22,70,65,5,31.372549019607842,9.803921568627452,21.568627450980394,68.62745098039215,63.725490196078425,4.901960784313726
E00059743,136,36,8,28,100,84,16,26.47058823529412,5.88235294117647,20.588235294117645,73.52941176470588,61.76470588235294,11.76470588235294
E00059744,81,24,9,15,57,52,5,29.629629629629626,11.11111111111111,18.51851851851852,70.37037037037037,64.19753086419753,6.172839506172839
E00059745,140,35,14,21,105,88,17,25,10,15,75,62.857142857142854,12.142857142857142
E00059746,120,31,11,20,89,73,16,25.833333333333336,9.166666666666666,16.666666666666664,74.16666666666667,60.83333333333333,13.333333333333334
E00059747,126,35,17,18,91,81,10,27.77777777777778,13.492063492063492,14.285714285714285,72.22222222222221,64.28571428571429,7.936507936507936
E00059748,124,41,17,24,83,73,10,33.064516129032256,13.709677419354838,19.35483870967742,66.93548387096774,58.87096774193549,8.064516129032258
E00059749,126,40,14,26,86,76,10,31.746031746031743,11.11111111111111,20.634920634920633,68.25396825396825,60.317460317460316,7.936507936507936
E00059750,137,47,20,27,90,75,15,34.306569343065696,14.5985401459854,19.708029197080293,65.69343065693431,54.74452554744526,10.948905109489052
E00059751,145,33,10,23,112,96,16,22.758620689655174,6.896551724137931,15.862068965517242,77.24137931034483,66.20689655172414,11.03448275862069
E00059752,152,51,19,32,101,76,25,33.55263157894737,12.5,21.052631578947366,66.44736842105263,50,16.447368421052634
E00059753,132,37,8,29,95,91,4,28.030303030303028,6.0606060606060606,21.96969696969697,71.96969696969697,68.93939393939394,3.0303030303030303
E00059754,109,33,8,25,76,64,12,30.275229357798167,7.339449541284404,22.93577981651376,69.72477064220183,58.71559633027523,11.009174311926607
E00059755,123,33,11,22,90,76,14,26.82926829268293,8.94308943089431,17.88617886178862,73.17073170731707,61.78861788617886,11.38211382113821
E00059756,104,23,11,12,81,68,13,22.115384615384613,10.576923076923077,11.538461538461538,77.88461538461539,65.38461538461539,12.5
E00059757,108,32,10,22,76,66,10,29.629629629629626,9.25925925925926,20.37037037037037,70.37037037037037,61.111111111111114,9.25925925925926
E00059758,77,30,9,21,47,40,7,38.961038961038966,11.688311688311687,27.27272727272727,61.038961038961034,51.94805194805194,9.090909090909092
E00059759,99,36,12,24,63,51,12,36.36363636363637,12.121212121212121,24.242424242424242,63.63636363636363,51.515151515151516,12.121212121212121
E00059760,100,34,13,21,66,55,11,34,13,21,66,55.00000000000001,11
E00059762,221,54,18,36,167,128,39,24.43438914027149,8.144796380090497,16.289592760180994,75.56561085972851,57.9185520361991,17.647058823529413
E00059763,143,47,10,37,96,92,4,32.86713286713287,6.993006993006993,25.874125874125873,67.13286713286713,64.33566433566433,2.797202797202797
E00059764,144,40,12,28,104,94,10,27.77777777777778,8.333333333333332,19.444444444444446,72.22222222222221,65.27777777777779,6.944444444444445
E00059765,103,38,5,33,65,54,11,36.89320388349515,4.854368932038835,32.038834951456316,63.10679611650486,52.42718446601942,10.679611650485436
E00059766,146,46,9,37,100,76,24,31.506849315068493,6.164383561643835,25.34246575342466,68.4931506849315,52.054794520547944,16.43835616438356
E00059767,125,34,10,24,91,85,6,27.200000000000003,8,19.2,72.8,68,4.8
E00059768,94,35,11,24,59,56,3,37.234042553191486,11.702127659574469,25.53191489361702,62.76595744680851,59.57446808510638,3.1914893617021276
E00059769,153,37,11,26,116,101,15,24.183006535947712,7.18954248366013,16.99346405228758,75.81699346405229,66.01307189542483,9.803921568627452
E00059770,125,41,16,25,84,70,14,32.800000000000004,12.8,20,67.2,56.00000000000001,11.200000000000001
E00059771,122,34,12,22,88,79,9,27.86885245901639,9.836065573770492,18.0327868852459,72.1311475409836,64.75409836065575,7.377049180327869
E00059772,131,38,6,32,93,82,11,29.00763358778626,4.580152671755725,24.427480916030532,70.99236641221374,62.59541984732825,8.396946564885496
E00059773,88,29,16,13,59,52,7,32.95454545454545,18.181818181818183,14.772727272727273,67.04545454545455,59.09090909090909,7.954545454545454
E00059774,168,57,18,39,111,90,21,33.92857142857143,10.714285714285714,23.214285714285715,66.07142857142857,53.57142857142857,12.5
E00059775,122,35,13,22,87,73,14,28.688524590163933,10.655737704918032,18.0327868852459,71.31147540983606,59.83606557377049,11.475409836065573
E00059776,147,34,12,22,113,95,18,23.12925170068027,8.16326530612245,14.965986394557824,76.87074829931973,64.62585034013605,12.244897959183673
E00059777,74,28,9,19,46,41,5,37.83783783783784,12.162162162162163,25.675675675675674,62.16216216216216,55.4054054054054,6.756756756756757
E00059778,75,25,16,9,50,41,9,33.33333333333333,21.333333333333336,12,66.66666666666666,54.666666666666664,12
E00059779,150,41,20,21,109,80,29,27.333333333333332,13.333333333333334,14.000000000000002,72.66666666666667,53.333333333333336,19.333333333333332
E00059780,183,38,16,22,145,105,40,20.76502732240437,8.743169398907105,12.021857923497267,79.23497267759562,57.377049180327866,21.85792349726776
E00059781,111,35,4,31,76,65,11,31.53153153153153,3.6036036036036037,27.927927927927925,68.46846846846847,58.55855855855856,9.90990990990991
E00059782,122,29,5,24,93,73,20,23.770491803278688,4.098360655737705,19.672131147540984,76.22950819672131,59.83606557377049,16.39344262295082
E00059783,103,34,7,27,69,59,10,33.00970873786408,6.796116504854369,26.21359223300971,66.99029126213593,57.28155339805825,9.70873786407767
E00059784,67,22,6,16,45,38,7,32.83582089552239,8.955223880597014,23.88059701492537,67.16417910447761,56.71641791044776,10.44776119402985
E00059785,74,28,6,22,46,41,5,37.83783783783784,8.108108108108109,29.72972972972973,62.16216216216216,55.4054054054054,6.756756756756757
E00059786,79,27,7,20,52,46,6,34.177215189873415,8.860759493670885,25.31645569620253,65.82278481012658,58.22784810126582,7.59493670886076
E00059787,114,36,11,25,78,68,10,31.57894736842105,9.649122807017543,21.929824561403507,68.42105263157895,59.64912280701754,8.771929824561402
E00059789,117,31,11,20,86,77,9,26.495726495726498,9.401709401709402,17.094017094017094,73.50427350427351,65.8119658119658,7.6923076923076925
E00059790,157,60,9,51,97,83,14,38.21656050955414,5.7324840764331215,32.48407643312102,61.78343949044586,52.86624203821656,8.9171974522293
E00059791,134,30,9,21,104,92,12,22.388059701492537,6.7164179104477615,15.671641791044777,77.61194029850746,68.65671641791045,8.955223880597014
E00059792,157,46,11,35,111,95,16,29.29936305732484,7.006369426751593,22.29299363057325,70.70063694267516,60.509554140127385,10.191082802547772
E00059793,144,47,9,38,97,82,15,32.63888888888889,6.25,26.38888888888889,67.36111111111111,56.94444444444444,10.416666666666668
E00059794,94,21,4,17,73,71,2,22.340425531914892,4.25531914893617,18.085106382978726,77.6595744680851,75.53191489361703,2.127659574468085
E00059795,125,34,10,24,91,84,7,27.200000000000003,8,19.2,72.8,67.2,5.6000000000000005
E00059796,167,49,12,37,118,98,20,29.34131736526946,7.18562874251497,22.15568862275449,70.65868263473054,58.68263473053892,11.976047904191617
E00059798,186,63,14,49,123,102,21,33.87096774193548,7.526881720430108,26.344086021505376,66.12903225806451,54.83870967741935,11.29032258064516
E00059799,149,29,8,21,120,105,15,19.463087248322147,5.369127516778524,14.093959731543624,80.53691275167785,70.46979865771812,10.06711409395973
E00059800,111,32,11,21,79,71,8,28.82882882882883,9.90990990990991,18.91891891891892,71.17117117117117,63.96396396396396,7.207207207207207
E00059801,130,32,6,26,98,91,7,24.615384615384617,4.615384615384616,20,75.38461538461539,70,5.384615384615385
E00059802,81,26,8,18,55,46,9,32.098765432098766,9.876543209876543,22.22222222222222,67.90123456790124,56.79012345679012,11.11111111111111
E00059803,191,52,18,34,139,124,15,27.225130890052355,9.424083769633508,17.801047120418847,72.77486910994764,64.92146596858639,7.853403141361256
E00059804,109,22,6,16,87,76,11,20.18348623853211,5.5045871559633035,14.678899082568808,79.81651376146789,69.72477064220183,10.091743119266056
E00059805,311,80,16,64,231,197,34,25.723472668810288,5.144694533762058,20.578778135048232,74.27652733118971,63.344051446945336,10.932475884244374
E00059806,74,16,6,10,58,49,9,21.62162162162162,8.108108108108109,13.513513513513514,78.37837837837837,66.21621621621621,12.162162162162163
E00059807,122,30,11,19,92,78,14,24.59016393442623,9.01639344262295,15.573770491803279,75.40983606557377,63.934426229508205,11.475409836065573
E00059808,162,39,4,35,123,115,8,24.074074074074073,2.4691358024691357,21.604938271604937,75.92592592592592,70.98765432098766,4.938271604938271
E00059809,137,45,8,37,92,82,10,32.846715328467155,5.839416058394161,27.00729927007299,67.15328467153284,59.854014598540154,7.2992700729927
E00059810,88,27,6,21,61,52,9,30.681818181818183,6.8181818181818175,23.863636363636363,69.31818181818183,59.09090909090909,10.227272727272728
E00059811,336,84,18,66,252,227,25,25,5.357142857142857,19.642857142857142,75,67.55952380952381,7.440476190476191
E00059812,313,74,22,52,239,199,40,23.642172523961662,7.0287539936102235,16.61341853035144,76.35782747603834,63.578274760383394,12.779552715654951
E00059815,117,34,5,29,83,72,11,29.059829059829063,4.273504273504273,24.786324786324787,70.94017094017094,61.53846153846154,9.401709401709402
E00059816,181,59,17,42,122,87,35,32.59668508287293,9.392265193370166,23.204419889502763,67.40331491712708,48.06629834254144,19.337016574585636
E00059817,83,21,4,17,62,53,9,25.301204819277107,4.819277108433735,20.481927710843372,74.69879518072288,63.85542168674698,10.843373493975903
E00059818,154,48,12,36,106,91,15,31.16883116883117,7.792207792207792,23.376623376623375,68.83116883116884,59.09090909090909,9.740259740259742
E00059819,73,22,4,18,51,44,7,30.136986301369863,5.47945205479452,24.65753424657534,69.86301369863014,60.273972602739725,9.58904109589041
E00059820,160,44,14,30,116,100,16,27.500000000000004,8.75,18.75,72.5,62.5,10
E00059821,193,49,14,35,144,127,17,25.38860103626943,7.253886010362693,18.134715025906736,74.61139896373057,65.80310880829016,8.808290155440414
E00059822,309,87,12,75,222,184,38,28.155339805825243,3.8834951456310676,24.271844660194176,71.84466019417476,59.54692556634305,12.297734627831716
E00059823,117,33,7,26,84,75,9,28.205128205128204,5.982905982905983,22.22222222222222,71.7948717948718,64.1025641025641,7.6923076923076925
E00059824,119,32,9,23,87,75,12,26.89075630252101,7.563025210084033,19.327731092436977,73.10924369747899,63.02521008403361,10.084033613445378
E00059825,197,44,9,35,153,124,29,22.33502538071066,4.568527918781726,17.766497461928935,77.66497461928934,62.944162436548226,14.720812182741117
E00059826,155,41,9,32,114,99,15,26.451612903225808,5.806451612903226,20.64516129032258,73.54838709677419,63.87096774193548,9.67741935483871
E00059827,132,38,9,29,94,84,10,28.78787878787879,6.8181818181818175,21.96969696969697,71.21212121212122,63.63636363636363,7.575757575757576
E00059828,194,48,14,34,146,131,15,24.742268041237114,7.216494845360824,17.525773195876287,75.25773195876289,67.5257731958763,7.731958762886598
E00059829,227,58,10,48,169,144,25,25.55066079295154,4.405286343612335,21.145374449339208,74.44933920704845,63.436123348017624,11.013215859030836
E00059830,158,41,9,32,117,94,23,25.949367088607595,5.69620253164557,20.253164556962027,74.0506329113924,59.49367088607595,14.556962025316455
E00059831,152,54,15,39,98,83,15,35.526315789473685,9.868421052631579,25.657894736842106,64.47368421052632,54.60526315789473,9.868421052631579
E00059832,167,45,11,34,122,108,14,26.94610778443114,6.58682634730539,20.359281437125748,73.05389221556887,64.67065868263472,8.383233532934131
E00059833,100,35,11,24,65,61,4,35,11,24,65,61,4
E00059834,85,28,8,20,57,53,4,32.94117647058823,9.411764705882353,23.52941176470588,67.05882352941175,62.35294117647059,4.705882352941177
E00059835,112,35,8,27,77,68,9,31.25,7.142857142857142,24.107142857142858,68.75,60.71428571428571,8.035714285714286
E00059836,124,35,7,28,89,76,13,28.225806451612907,5.64516129032258,22.58064516129032,71.7741935483871,61.29032258064516,10.483870967741936
E00059837,73,27,5,22,46,40,6,36.986301369863014,6.8493150684931505,30.136986301369863,63.013698630136986,54.794520547945204,8.21917808219178
E00059838,142,53,12,41,89,73,16,37.32394366197183,8.450704225352112,28.87323943661972,62.676056338028175,51.40845070422535,11.267605633802818
E00059839,155,53,10,43,102,87,15,34.193548387096776,6.451612903225806,27.741935483870968,65.80645161290323,56.12903225806451,9.67741935483871
E00059840,130,42,6,36,88,74,14,32.30769230769231,4.615384615384616,27.692307692307693,67.6923076923077,56.92307692307692,10.76923076923077
E00059841,164,44,8,36,120,104,16,26.82926829268293,4.878048780487805,21.951219512195124,73.17073170731707,63.41463414634146,9.75609756097561
E00059842,108,34,9,25,74,60,14,31.48148148148148,8.333333333333332,23.14814814814815,68.51851851851852,55.55555555555556,12.962962962962962
E00059843,184,52,12,40,132,117,15,28.26086956521739,6.521739130434782,21.73913043478261,71.73913043478261,63.58695652173913,8.152173913043478
E00059844,98,31,8,23,67,56,11,31.63265306122449,8.16326530612245,23.46938775510204,68.36734693877551,57.14285714285714,11.224489795918368
E00059845,120,38,13,25,82,75,7,31.666666666666664,10.833333333333334,20.833333333333336,68.33333333333333,62.5,5.833333333333333
E00059846,150,44,8,36,106,93,13,29.333333333333332,5.333333333333334,24,70.66666666666667,62,8.666666666666668
E00059847,97,27,8,19,70,61,9,27.835051546391753,8.24742268041237,19.587628865979383,72.16494845360825,62.88659793814433,9.278350515463918
E00059848,113,36,5,31,77,59,18,31.858407079646017,4.424778761061947,27.43362831858407,68.14159292035397,52.21238938053098,15.929203539823009
E00059849,77,24,5,19,53,47,6,31.16883116883117,6.493506493506493,24.675324675324674,68.83116883116884,61.038961038961034,7.792207792207792
E00059850,168,46,4,42,122,109,13,27.380952380952383,2.380952380952381,25,72.61904761904762,64.88095238095238,7.738095238095238
E00059851,75,24,10,14,51,47,4,32,13.333333333333334,18.666666666666668,68,62.66666666666667,5.333333333333334
E00059852,105,31,6,25,74,60,14,29.523809523809526,5.714285714285714,23.809523809523807,70.47619047619048,57.14285714285714,13.333333333333334
E00059854,123,39,13,26,84,69,15,31.70731707317073,10.569105691056912,21.138211382113823,68.29268292682927,56.09756097560976,12.195121951219512
E00059855,122,38,12,26,84,72,12,31.147540983606557,9.836065573770492,21.311475409836063,68.85245901639344,59.01639344262295,9.836065573770492
E00059856,95,32,8,24,63,57,6,33.68421052631579,8.421052631578947,25.263157894736842,66.3157894736842,60,6.315789473684211
E00059857,192,59,19,40,133,114,19,30.729166666666668,9.895833333333332,20.833333333333336,69.27083333333334,59.375,9.895833333333332
E00059858,146,40,3,37,106,98,8,27.397260273972602,2.054794520547945,25.34246575342466,72.6027397260274,67.12328767123287,5.47945205479452
E00059859,115,32,10,22,83,71,12,27.82608695652174,8.695652173913043,19.130434782608695,72.17391304347827,61.73913043478261,10.434782608695652
E00059860,106,31,7,24,75,69,6,29.245283018867923,6.60377358490566,22.641509433962266,70.75471698113208,65.09433962264151,5.660377358490567
E00059861,56,16,3,13,40,36,4,28.57142857142857,5.357142857142857,23.214285714285715,71.42857142857143,64.28571428571429,7.142857142857142
E00059862,103,23,6,17,80,66,14,22.330097087378643,5.825242718446602,16.50485436893204,77.66990291262135,64.07766990291263,13.592233009708737
E00059863,103,28,6,22,75,69,6,27.184466019417474,5.825242718446602,21.35922330097087,72.81553398058253,66.99029126213593,5.825242718446602
E00059864,107,28,5,23,79,66,13,26.168224299065418,4.672897196261682,21.49532710280374,73.83177570093457,61.6822429906542,12.149532710280374
E00059865,133,38,16,22,95,82,13,28.57142857142857,12.030075187969924,16.541353383458645,71.42857142857143,61.65413533834586,9.774436090225564
E00059866,128,24,7,17,104,89,15,18.75,5.46875,13.28125,81.25,69.53125,11.71875
E00059867,112,26,3,23,86,79,7,23.214285714285715,2.6785714285714284,20.535714285714285,76.78571428571429,70.53571428571429,6.25
E00059868,76,23,5,18,53,46,7,30.263157894736842,6.578947368421052,23.684210526315788,69.73684210526315,60.526315789473685,9.210526315789473
E00059869,140,36,9,27,104,87,17,25.71428571428571,6.428571428571428,19.28571428571429,74.28571428571429,62.142857142857146,12.142857142857142
E00059870,135,34,10,24,101,91,10,25.185185185185183,7.4074074074074066,17.77777777777778,74.81481481481481,67.4074074074074,7.4074074074074066
E00059871,162,53,13,40,109,97,12,32.71604938271605,8.024691358024691,24.691358024691358,67.28395061728395,59.876543209876544,7.4074074074074066
E00059872,243,68,15,53,175,156,19,27.983539094650205,6.172839506172839,21.810699588477366,72.0164609053498,64.19753086419753,7.818930041152264
E00059873,100,32,15,17,68,54,14,32,15,17,68,54,14.000000000000002
E00059874,109,40,19,21,69,55,14,36.69724770642202,17.431192660550458,19.26605504587156,63.30275229357798,50.45871559633027,12.844036697247708
E00059875,134,33,11,22,101,87,14,24.62686567164179,8.208955223880597,16.417910447761194,75.3731343283582,64.92537313432835,10.44776119402985
E00059876,173,48,9,39,125,114,11,27.74566473988439,5.202312138728324,22.54335260115607,72.25433526011561,65.89595375722543,6.358381502890173
E00059877,175,43,6,37,132,124,8,24.571428571428573,3.428571428571429,21.142857142857142,75.42857142857143,70.85714285714285,4.571428571428571
E00059878,151,47,14,33,104,88,16,31.125827814569533,9.271523178807946,21.85430463576159,68.87417218543047,58.27814569536424,10.596026490066226
E00059879,136,27,10,17,109,95,14,19.852941176470587,7.352941176470589,12.5,80.14705882352942,69.85294117647058,10.294117647058822
E00059880,136,44,10,34,92,76,16,32.35294117647059,7.352941176470589,25,67.64705882352942,55.88235294117647,11.76470588235294
E00059881,156,34,6,28,122,105,17,21.794871794871796,3.8461538461538463,17.94871794871795,78.2051282051282,67.3076923076923,10.897435897435898
E00059882,176,38,11,27,138,126,12,21.59090909090909,6.25,15.340909090909092,78.4090909090909,71.5909090909091,6.8181818181818175
E00059884,152,48,11,37,104,89,15,31.57894736842105,7.236842105263158,24.342105263157894,68.42105263157895,58.55263157894737,9.868421052631579
E00059885,97,28,4,24,69,63,6,28.865979381443296,4.123711340206185,24.742268041237114,71.1340206185567,64.94845360824742,6.185567010309279
E00059886,73,22,8,14,51,42,9,30.136986301369863,10.95890410958904,19.17808219178082,69.86301369863014,57.534246575342465,12.32876712328767
E00059887,128,33,13,20,95,81,14,25.78125,10.15625,15.625,74.21875,63.28125,10.9375
E00059888,144,35,7,28,109,99,10,24.305555555555554,4.861111111111112,19.444444444444446,75.69444444444444,68.75,6.944444444444445
E00059889,131,32,11,21,99,85,14,24.427480916030532,8.396946564885496,16.030534351145036,75.57251908396947,64.8854961832061,10.687022900763358
E00059890,174,41,11,30,133,116,17,23.563218390804597,6.321839080459771,17.24137931034483,76.4367816091954,66.66666666666666,9.770114942528735
E00059891,166,33,4,29,133,124,9,19.879518072289155,2.4096385542168677,17.46987951807229,80.12048192771084,74.69879518072288,5.421686746987952
E00059892,132,42,8,34,90,81,9,31.818181818181817,6.0606060606060606,25.757575757575758,68.18181818181817,61.36363636363637,6.8181818181818175
E00059893,173,45,14,31,128,113,15,26.011560693641616,8.092485549132949,17.91907514450867,73.98843930635837,65.3179190751445,8.670520231213873
E00059894,161,51,14,37,110,97,13,31.67701863354037,8.695652173913043,22.981366459627328,68.32298136645963,60.24844720496895,8.074534161490684
E00059895,136,34,5,29,102,91,11,25,3.6764705882352944,21.323529411764707,75,66.91176470588235,8.088235294117647
E00059896,133,37,13,24,96,88,8,27.819548872180448,9.774436090225564,18.045112781954884,72.18045112781954,66.16541353383458,6.015037593984962
E00059897,177,47,12,35,130,110,20,26.55367231638418,6.779661016949152,19.774011299435028,73.44632768361582,62.14689265536724,11.299435028248588
E00059898,148,50,16,34,98,86,12,33.78378378378378,10.81081081081081,22.972972972972975,66.21621621621621,58.108108108108105,8.108108108108109
E00059899,83,27,7,20,56,41,15,32.53012048192771,8.433734939759036,24.096385542168676,67.46987951807229,49.39759036144578,18.072289156626507
E00059900,120,31,10,21,89,72,17,25.833333333333336,8.333333333333332,17.5,74.16666666666667,60,14.166666666666666
E00059901,164,43,8,35,121,110,11,26.21951219512195,4.878048780487805,21.341463414634145,73.78048780487805,67.07317073170732,6.707317073170732
E00059902,112,33,8,25,79,70,9,29.464285714285715,7.142857142857142,22.321428571428573,70.53571428571429,62.5,8.035714285714286
E00059903,154,41,10,31,113,105,8,26.623376623376622,6.493506493506493,20.12987012987013,73.37662337662337,68.18181818181817,5.194805194805195
E00059905,155,48,20,28,107,88,19,30.967741935483872,12.903225806451612,18.064516129032256,69.03225806451613,56.774193548387096,12.258064516129032
E00059906,62,18,4,14,44,35,9,29.03225806451613,6.451612903225806,22.58064516129032,70.96774193548387,56.451612903225815,14.516129032258066
E00059908,142,30,7,23,112,96,16,21.12676056338028,4.929577464788732,16.19718309859155,78.87323943661971,67.6056338028169,11.267605633802818
E00059909,168,50,13,37,118,105,13,29.761904761904763,7.738095238095238,22.023809523809522,70.23809523809523,62.5,7.738095238095238
E00059910,299,73,30,43,226,188,38,24.414715719063544,10.033444816053512,14.381270903010032,75.58528428093646,62.87625418060201,12.709030100334449
E00059913,129,32,7,25,97,75,22,24.8062015503876,5.426356589147287,19.379844961240313,75.1937984496124,58.139534883720934,17.05426356589147
E00059914,120,31,7,24,89,82,7,25.833333333333336,5.833333333333333,20,74.16666666666667,68.33333333333333,5.833333333333333
E00059915,148,44,12,32,104,82,22,29.72972972972973,8.108108108108109,21.62162162162162,70.27027027027027,55.4054054054054,14.864864864864865
E00059916,138,36,12,24,102,88,14,26.08695652173913,8.695652173913043,17.391304347826086,73.91304347826086,63.76811594202898,10.144927536231885
E00059917,173,41,11,30,132,111,21,23.699421965317917,6.358381502890173,17.341040462427745,76.30057803468208,64.16184971098265,12.138728323699421
E00059918,176,38,12,26,138,111,27,21.59090909090909,6.8181818181818175,14.772727272727273,78.4090909090909,63.06818181818182,15.340909090909092
E00059919,121,35,9,26,86,78,8,28.92561983471074,7.43801652892562,21.487603305785125,71.07438016528926,64.46280991735537,6.6115702479338845
E00059920,126,36,12,24,90,79,11,28.57142857142857,9.523809523809524,19.047619047619047,71.42857142857143,62.698412698412696,8.73015873015873
E00059921,104,28,9,19,76,69,7,26.923076923076923,8.653846153846153,18.269230769230766,73.07692307692307,66.34615384615384,6.730769230769231
E00059922,154,44,16,28,110,96,14,28.57142857142857,10.38961038961039,18.181818181818183,71.42857142857143,62.33766233766234,9.090909090909092
E00059923,119,29,9,20,90,78,12,24.369747899159663,7.563025210084033,16.80672268907563,75.63025210084034,65.54621848739495,10.084033613445378
E00059924,185,51,21,30,134,113,21,27.56756756756757,11.351351351351353,16.216216216216218,72.43243243243244,61.08108108108108,11.351351351351353
E00059925,164,44,14,30,120,100,20,26.82926829268293,8.536585365853659,18.29268292682927,73.17073170731707,60.97560975609756,12.195121951219512
E00059926,160,51,18,33,109,94,15,31.874999999999996,11.25,20.625,68.125,58.75,9.375
E00059927,109,27,11,16,82,71,11,24.770642201834864,10.091743119266056,14.678899082568808,75.22935779816514,65.13761467889908,10.091743119266056
E00059928,168,49,11,38,119,100,19,29.166666666666668,6.547619047619048,22.61904761904762,70.83333333333334,59.523809523809526,11.30952380952381
E00059929,221,62,11,51,159,144,15,28.054298642533936,4.97737556561086,23.076923076923077,71.94570135746606,65.15837104072398,6.787330316742081
E00059930,127,37,11,26,90,72,18,29.133858267716533,8.661417322834646,20.47244094488189,70.86614173228347,56.69291338582677,14.173228346456693
E00059931,152,28,10,18,124,106,18,18.421052631578945,6.578947368421052,11.842105263157894,81.57894736842105,69.73684210526315,11.842105263157894
E00059932,52,23,8,15,29,24,5,44.230769230769226,15.384615384615385,28.846153846153843,55.769230769230774,46.15384615384615,9.615384615384617
E00059933,132,33,8,25,99,88,11,25,6.0606060606060606,18.939393939393938,75,66.66666666666666,8.333333333333332
E00059934,273,79,21,58,194,159,35,28.93772893772894,7.6923076923076925,21.245421245421245,71.06227106227107,58.24175824175825,12.82051282051282
E00059935,357,82,20,62,275,242,33,22.969187675070028,5.602240896358544,17.366946778711483,77.03081232492998,67.78711484593838,9.243697478991598
E00059936,124,38,9,29,86,72,14,30.64516129032258,7.258064516129033,23.387096774193548,69.35483870967742,58.06451612903226,11.29032258064516
E00059937,208,54,13,41,154,131,23,25.961538461538463,6.25,19.71153846153846,74.03846153846155,62.980769230769226,11.057692307692307
E00059938,113,35,9,26,78,68,10,30.973451327433626,7.964601769911504,23.008849557522122,69.02654867256636,60.17699115044248,8.849557522123893
E00059939,139,33,9,24,106,93,13,23.741007194244602,6.474820143884892,17.26618705035971,76.2589928057554,66.90647482014388,9.352517985611511
E00059940,146,48,14,34,98,85,13,32.87671232876712,9.58904109589041,23.28767123287671,67.12328767123287,58.21917808219178,8.904109589041095
E00059941,140,33,11,22,107,98,9,23.57142857142857,7.857142857142857,15.714285714285714,76.42857142857142,70,6.428571428571428
E00059942,122,29,10,19,93,74,19,23.770491803278688,8.19672131147541,15.573770491803279,76.22950819672131,60.65573770491803,15.573770491803279
E00059943,200,56,22,34,144,121,23,28.000000000000004,11,17,72,60.5,11.5
E00059944,148,44,16,28,104,90,14,29.72972972972973,10.81081081081081,18.91891891891892,70.27027027027027,60.810810810810814,9.45945945945946
E00059945,137,39,13,26,98,82,16,28.467153284671532,9.48905109489051,18.97810218978102,71.53284671532847,59.854014598540154,11.678832116788321
E00059946,140,36,9,27,104,87,17,25.71428571428571,6.428571428571428,19.28571428571429,74.28571428571429,62.142857142857146,12.142857142857142
E00059947,143,43,12,31,100,87,13,30.069930069930066,8.391608391608392,21.678321678321677,69.93006993006993,60.83916083916085,9.090909090909092
E00059948,161,46,13,33,115,99,16,28.57142857142857,8.074534161490684,20.496894409937887,71.42857142857143,61.49068322981367,9.937888198757763
E00059949,167,52,14,38,115,105,10,31.137724550898206,8.383233532934131,22.75449101796407,68.8622754491018,62.874251497005986,5.9880239520958085
E00059950,117,44,20,24,73,64,9,37.60683760683761,17.094017094017094,20.51282051282051,62.39316239316239,54.700854700854705,7.6923076923076925
E00059951,185,51,19,32,134,117,17,27.56756756756757,10.27027027027027,17.2972972972973,72.43243243243244,63.24324324324324,9.18918918918919
E00059952,155,45,9,36,110,100,10,29.03225806451613,5.806451612903226,23.225806451612904,70.96774193548387,64.51612903225806,6.451612903225806
E00059953,245,59,20,39,186,160,26,24.081632653061224,8.16326530612245,15.918367346938775,75.91836734693878,65.3061224489796,10.612244897959183
E00059954,127,38,9,29,89,81,8,29.92125984251969,7.086614173228346,22.83464566929134,70.07874015748031,63.77952755905512,6.299212598425196
E00059955,195,61,14,47,134,121,13,31.28205128205128,7.179487179487179,24.102564102564102,68.71794871794872,62.05128205128205,6.666666666666667
E00059956,130,44,14,30,86,74,12,33.84615384615385,10.76923076923077,23.076923076923077,66.15384615384615,56.92307692307692,9.230769230769232
E00059957,55,19,3,16,36,30,6,34.54545454545455,5.454545454545454,29.09090909090909,65.45454545454545,54.54545454545454,10.909090909090908
E00059958,68,25,10,15,43,37,6,36.76470588235294,14.705882352941178,22.058823529411764,63.23529411764706,54.41176470588235,8.823529411764707
E00059959,142,38,7,31,104,96,8,26.76056338028169,4.929577464788732,21.830985915492956,73.23943661971832,67.6056338028169,5.633802816901409
E00059960,199,60,17,43,139,120,19,30.15075376884422,8.542713567839195,21.608040201005025,69.84924623115577,60.30150753768844,9.547738693467336
E00059961,122,28,10,18,94,82,12,22.950819672131146,8.19672131147541,14.754098360655737,77.04918032786885,67.21311475409836,9.836065573770492
E00059962,125,46,13,33,79,75,4,36.8,10.4,26.400000000000002,63.2,60,3.2
E00059963,131,32,6,26,99,88,11,24.427480916030532,4.580152671755725,19.84732824427481,75.57251908396947,67.17557251908397,8.396946564885496
E00059964,184,72,23,49,112,103,9,39.130434782608695,12.5,26.6304347826087,60.86956521739131,55.97826086956522,4.891304347826087
E00059965,258,57,13,44,201,176,25,22.093023255813954,5.038759689922481,17.05426356589147,77.90697674418605,68.21705426356588,9.689922480620156
E00059966,137,35,13,22,102,89,13,25.547445255474454,9.48905109489051,16.05839416058394,74.45255474452554,64.96350364963503,9.48905109489051
E00059967,185,35,9,26,150,132,18,18.91891891891892,4.864864864864865,14.054054054054054,81.08108108108108,71.35135135135135,9.72972972972973
E00059968,117,40,17,23,77,67,10,34.18803418803419,14.529914529914532,19.65811965811966,65.8119658119658,57.26495726495726,8.547008547008547
E00059969,270,70,22,48,200,175,25,25.925925925925924,8.148148148148149,17.77777777777778,74.07407407407408,64.81481481481481,9.25925925925926
E00059970,123,32,9,23,91,80,11,26.01626016260163,7.317073170731707,18.69918699186992,73.98373983739837,65.04065040650406,8.94308943089431
E00059971,117,35,9,26,82,66,16,29.914529914529915,7.6923076923076925,22.22222222222222,70.08547008547008,56.41025641025641,13.675213675213676
E00059973,111,30,7,23,81,72,9,27.027027027027028,6.306306306306306,20.72072072072072,72.97297297297297,64.86486486486487,8.108108108108109
E00059974,224,66,14,52,158,138,20,29.464285714285715,6.25,23.214285714285715,70.53571428571429,61.60714285714286,8.928571428571429
E00059975,73,19,4,15,54,46,8,26.027397260273972,5.47945205479452,20.54794520547945,73.97260273972603,63.013698630136986,10.95890410958904
E00059976,321,74,21,53,247,215,32,23.05295950155763,6.5420560747663545,16.510903426791277,76.94704049844236,66.97819314641744,9.968847352024921
E00059977,137,39,10,29,98,87,11,28.467153284671532,7.2992700729927,21.16788321167883,71.53284671532847,63.503649635036496,8.02919708029197
E00059978,125,40,14,26,85,69,16,32,11.200000000000001,20.8,68,55.2,12.8
E00059979,112,30,6,24,82,64,18,26.785714285714285,5.357142857142857,21.428571428571427,73.21428571428571,57.14285714285714,16.071428571428573
E00059980,117,26,4,22,91,81,10,22.22222222222222,3.418803418803419,18.803418803418804,77.77777777777779,69.23076923076923,8.547008547008547
E00059981,122,28,10,18,94,79,15,22.950819672131146,8.19672131147541,14.754098360655737,77.04918032786885,64.75409836065575,12.295081967213115
E00059982,131,37,13,24,94,80,14,28.24427480916031,9.923664122137405,18.3206106870229,71.7557251908397,61.06870229007634,10.687022900763358
E00059983,154,42,8,34,112,96,16,27.27272727272727,5.194805194805195,22.07792207792208,72.72727272727273,62.33766233766234,10.38961038961039
E00059984,157,44,14,30,113,106,7,28.02547770700637,8.9171974522293,19.10828025477707,71.97452229299363,67.51592356687898,4.45859872611465
E00059985,45,21,6,15,24,20,4,46.666666666666664,13.333333333333334,33.33333333333333,53.333333333333336,44.44444444444444,8.88888888888889
E00059986,84,31,13,18,53,46,7,36.904761904761905,15.476190476190476,21.428571428571427,63.095238095238095,54.761904761904766,8.333333333333332
E00059988,209,57,14,43,152,133,19,27.27272727272727,6.698564593301436,20.574162679425836,72.72727272727273,63.63636363636363,9.090909090909092
E00059989,168,53,19,34,115,100,15,31.547619047619047,11.30952380952381,20.238095238095237,68.45238095238095,59.523809523809526,8.928571428571429
E00059990,117,25,8,17,92,80,12,21.367521367521366,6.837606837606838,14.529914529914532,78.63247863247864,68.37606837606837,10.256410256410255
E00059991,217,54,12,42,163,148,15,24.88479262672811,5.529953917050691,19.35483870967742,75.11520737327189,68.20276497695853,6.912442396313365
E00059992,198,55,12,43,143,119,24,27.77777777777778,6.0606060606060606,21.71717171717172,72.22222222222221,60.1010101010101,12.121212121212121
E00059993,143,49,18,31,94,86,8,34.26573426573427,12.587412587412588,21.678321678321677,65.73426573426573,60.13986013986013,5.594405594405594
E00059994,163,60,16,44,103,87,16,36.809815950920246,9.815950920245399,26.993865030674847,63.190184049079754,53.37423312883436,9.815950920245399
E00059995,260,63,15,48,197,178,19,24.23076923076923,5.769230769230769,18.461538461538463,75.76923076923077,68.46153846153847,7.307692307692308
E00059996,76,17,5,12,59,46,13,22.36842105263158,6.578947368421052,15.789473684210526,77.63157894736842,60.526315789473685,17.105263157894736
E00059997,227,63,19,44,164,139,25,27.75330396475771,8.370044052863436,19.383259911894275,72.24669603524228,61.23348017621145,11.013215859030836
E00059998,161,63,20,43,98,90,8,39.130434782608695,12.422360248447205,26.70807453416149,60.86956521739131,55.90062111801242,4.968944099378882
E00059999,134,39,13,26,95,85,10,29.1044776119403,9.701492537313433,19.402985074626866,70.8955223880597,63.43283582089553,7.462686567164178
E00060000,139,46,12,34,93,81,12,33.093525179856115,8.633093525179856,24.46043165467626,66.90647482014388,58.27338129496403,8.633093525179856
E00060001,131,32,7,25,99,88,11,24.427480916030532,5.343511450381679,19.083969465648856,75.57251908396947,67.17557251908397,8.396946564885496
E00060002,126,34,12,22,92,80,12,26.984126984126984,9.523809523809524,17.46031746031746,73.01587301587301,63.49206349206349,9.523809523809524
E00060003,261,68,23,45,193,172,21,26.053639846743295,8.812260536398467,17.24137931034483,73.9463601532567,65.90038314176245,8.045977011494253
E00060004,129,31,7,24,98,85,13,24.031007751937985,5.426356589147287,18.6046511627907,75.96899224806202,65.89147286821705,10.077519379844961
E00060005,128,35,10,25,93,77,16,27.34375,7.8125,19.53125,72.65625,60.15625,12.5
E00060006,143,42,11,31,101,91,10,29.37062937062937,7.6923076923076925,21.678321678321677,70.62937062937063,63.63636363636363,6.993006993006993
E00060007,106,31,11,20,75,62,13,29.245283018867923,10.377358490566039,18.867924528301888,70.75471698113208,58.490566037735846,12.264150943396226
E00060008,95,20,0,20,75,69,6,21.052631578947366,0,21.052631578947366,78.94736842105263,72.63157894736842,6.315789473684211
E00060009,132,33,10,23,99,83,16,25,7.575757575757576,17.424242424242426,75,62.878787878787875,12.121212121212121
E00060010,62,14,6,8,48,41,7,22.58064516129032,9.67741935483871,12.903225806451612,77.41935483870968,66.12903225806451,11.29032258064516
E00060011,230,69,27,42,161,144,17,30,11.73913043478261,18.26086956521739,70,62.60869565217392,7.391304347826087
E00060012,104,28,4,24,76,66,10,26.923076923076923,3.8461538461538463,23.076923076923077,73.07692307692307,63.46153846153846,9.615384615384617
E00060013,136,46,15,31,90,76,14,33.82352941176471,11.029411764705882,22.794117647058822,66.17647058823529,55.88235294117647,10.294117647058822
E00060014,139,34,11,23,105,92,13,24.46043165467626,7.913669064748201,16.546762589928058,75.53956834532374,66.18705035971223,9.352517985611511
E00060015,112,36,9,27,76,70,6,32.142857142857146,8.035714285714286,24.107142857142858,67.85714285714286,62.5,5.357142857142857
E00060016,143,54,13,41,89,78,11,37.76223776223776,9.090909090909092,28.671328671328673,62.23776223776224,54.54545454545454,7.6923076923076925
E00060017,112,49,10,39,63,57,6,43.75,8.928571428571429,34.82142857142857,56.25,50.89285714285714,5.357142857142857
E00060018,155,53,17,36,102,91,11,34.193548387096776,10.967741935483872,23.225806451612904,65.80645161290323,58.70967741935483,7.096774193548387
E00060019,235,58,17,41,177,155,22,24.680851063829788,7.234042553191489,17.4468085106383,75.31914893617021,65.95744680851064,9.361702127659575
E00060020,149,48,11,37,101,87,14,32.21476510067114,7.38255033557047,24.832214765100673,67.78523489932886,58.38926174496645,9.395973154362416
E00060021,173,52,19,33,121,104,17,30.057803468208093,10.982658959537572,19.07514450867052,69.94219653179191,60.115606936416185,9.826589595375722
E00060022,110,36,15,21,74,60,14,32.72727272727273,13.636363636363635,19.090909090909093,67.27272727272727,54.54545454545454,12.727272727272727
E00060023,141,38,6,32,103,86,17,26.95035460992908,4.25531914893617,22.69503546099291,73.04964539007092,60.99290780141844,12.056737588652481
E00060024,128,41,5,36,87,80,7,32.03125,3.90625,28.125,67.96875,62.5,5.46875
E00060025,141,60,18,42,81,71,10,42.5531914893617,12.76595744680851,29.78723404255319,57.446808510638306,50.35460992907801,7.092198581560284
E00060026,192,40,7,33,152,132,20,20.833333333333336,3.6458333333333335,17.1875,79.16666666666666,68.75,10.416666666666668
E00060027,91,31,8,23,60,53,7,34.065934065934066,8.791208791208792,25.274725274725274,65.93406593406593,58.24175824175825,7.6923076923076925
E00060028,133,44,4,40,89,78,11,33.08270676691729,3.007518796992481,30.075187969924812,66.9172932330827,58.64661654135338,8.270676691729323
E00060029,115,45,12,33,70,64,6,39.130434782608695,10.434782608695652,28.695652173913043,60.86956521739131,55.65217391304348,5.217391304347826
E00060030,156,45,10,35,111,90,21,28.846153846153843,6.41025641025641,22.435897435897438,71.15384615384616,57.692307692307686,13.461538461538462
E00060031,99,31,14,17,68,58,10,31.313131313131315,14.14141414141414,17.17171717171717,68.68686868686868,58.58585858585859,10.1010101010101
E00060032,136,55,18,37,81,66,15,40.44117647058824,13.23529411764706,27.205882352941174,59.55882352941176,48.529411764705884,11.029411764705882
E00060033,69,13,0,13,56,51,5,18.84057971014493,0,18.84057971014493,81.15942028985508,73.91304347826086,7.246376811594203
E00060034,31,6,2,4,25,19,6,19.35483870967742,6.451612903225806,12.903225806451612,80.64516129032258,61.29032258064516,19.35483870967742
E00060035,152,43,17,26,109,87,22,28.289473684210524,11.18421052631579,17.105263157894736,71.71052631578947,57.23684210526315,14.473684210526317
E00060036,117,30,6,24,87,74,13,25.64102564102564,5.128205128205128,20.51282051282051,74.35897435897436,63.24786324786324,11.11111111111111
E00060037,124,42,9,33,82,74,8,33.87096774193548,7.258064516129033,26.61290322580645,66.12903225806451,59.67741935483871,6.451612903225806
E00060038,144,45,12,33,99,93,6,31.25,8.333333333333332,22.916666666666664,68.75,64.58333333333334,4.166666666666666
E00060039,71,23,4,19,48,45,3,32.3943661971831,5.633802816901409,26.76056338028169,67.6056338028169,63.38028169014085,4.225352112676056
E00060040,178,48,18,30,130,114,16,26.96629213483146,10.112359550561797,16.853932584269664,73.03370786516854,64.04494382022472,8.98876404494382
E00060042,123,41,12,29,82,71,11,33.33333333333333,9.75609756097561,23.577235772357724,66.66666666666666,57.72357723577236,8.94308943089431
E00060043,56,11,5,6,45,39,6,19.642857142857142,8.928571428571429,10.714285714285714,80.35714285714286,69.64285714285714,10.714285714285714
E00060044,105,36,5,31,69,58,11,34.285714285714285,4.761904761904762,29.523809523809526,65.71428571428571,55.23809523809524,10.476190476190476
E00060045,155,34,7,27,121,105,16,21.935483870967744,4.516129032258064,17.419354838709676,78.06451612903226,67.74193548387096,10.32258064516129
E00060046,77,26,11,15,51,46,5,33.76623376623377,14.285714285714285,19.480519480519483,66.23376623376623,59.74025974025974,6.493506493506493
E00060047,53,10,1,9,43,39,4,18.867924528301888,1.8867924528301887,16.9811320754717,81.13207547169812,73.58490566037736,7.547169811320755
E00060048,138,54,22,32,84,75,9,39.130434782608695,15.942028985507244,23.18840579710145,60.86956521739131,54.347826086956516,6.521739130434782
E00060049,107,37,8,29,70,66,4,34.57943925233645,7.476635514018691,27.102803738317753,65.42056074766354,61.6822429906542,3.7383177570093453
E00060050,128,29,9,20,99,90,9,22.65625,7.03125,15.625,77.34375,70.3125,7.03125
E00060051,83,25,9,16,58,51,7,30.120481927710845,10.843373493975903,19.27710843373494,69.87951807228916,61.44578313253012,8.433734939759036
E00060052,191,40,12,28,151,123,28,20.94240837696335,6.282722513089005,14.659685863874344,79.05759162303664,64.3979057591623,14.659685863874344
E00060053,112,30,12,18,82,71,11,26.785714285714285,10.714285714285714,16.071428571428573,73.21428571428571,63.39285714285714,9.821428571428571
E00060054,117,41,18,23,76,64,12,35.04273504273504,15.384615384615385,19.65811965811966,64.95726495726495,54.700854700854705,10.256410256410255
E00060055,132,48,12,36,84,72,12,36.36363636363637,9.090909090909092,27.27272727272727,63.63636363636363,54.54545454545454,9.090909090909092
E00060056,155,47,14,33,108,96,12,30.32258064516129,9.032258064516128,21.29032258064516,69.6774193548387,61.935483870967744,7.741935483870968
E00060057,140,51,14,37,89,80,9,36.42857142857142,10,26.42857142857143,63.57142857142857,57.14285714285714,6.428571428571428
E00060058,190,70,19,51,120,114,6,36.84210526315789,10,26.842105263157894,63.1578947368421,60,3.1578947368421053
E00060059,147,40,11,29,107,95,12,27.2108843537415,7.482993197278912,19.727891156462583,72.78911564625851,64.62585034013605,8.16326530612245
E00060060,240,84,26,58,156,141,15,35,10.833333333333334,24.166666666666668,65,58.75,6.25
E00060061,161,63,20,43,98,87,11,39.130434782608695,12.422360248447205,26.70807453416149,60.86956521739131,54.037267080745345,6.832298136645963
E00060062,147,53,22,31,94,80,14,36.054421768707485,14.965986394557824,21.08843537414966,63.94557823129252,54.421768707483,9.523809523809524
E00060063,178,54,12,42,124,119,5,30.337078651685395,6.741573033707865,23.595505617977526,69.66292134831461,66.85393258426966,2.8089887640449436
E00060064,40,12,2,10,28,25,3,30,5,25,70,62.5,7.5
E00060065,191,68,20,48,123,110,13,35.602094240837694,10.471204188481675,25.13089005235602,64.3979057591623,57.59162303664922,6.806282722513089
E00060066,129,42,11,31,87,76,11,32.55813953488372,8.527131782945736,24.031007751937985,67.44186046511628,58.91472868217055,8.527131782945736
E00060067,200,31,13,18,169,154,15,15.5,6.5,9,84.5,77,7.5
E00060068,100,35,12,23,65,53,12,35,12,23,65,53,12
E00060069,129,38,16,22,91,84,7,29.457364341085274,12.4031007751938,17.05426356589147,70.54263565891473,65.11627906976744,5.426356589147287
E00060070,134,53,18,35,81,70,11,39.55223880597015,13.432835820895523,26.119402985074625,60.447761194029844,52.23880597014925,8.208955223880597
E00060071,146,46,7,39,100,89,11,31.506849315068493,4.794520547945205,26.71232876712329,68.4931506849315,60.95890410958904,7.534246575342466
E00060072,137,34,8,26,103,98,5,24.817518248175183,5.839416058394161,18.97810218978102,75.18248175182481,71.53284671532847,3.64963503649635
E00060073,95,18,5,13,77,75,2,18.947368421052634,5.263157894736842,13.684210526315791,81.05263157894737,78.94736842105263,2.1052631578947367
E00060074,260,70,25,45,190,172,18,26.923076923076923,9.615384615384617,17.307692307692307,73.07692307692307,66.15384615384615,6.923076923076923
E00060075,156,55,18,37,101,92,9,35.256410256410255,11.538461538461538,23.717948717948715,64.74358974358975,58.97435897435898,5.769230769230769
E00060076,153,34,13,21,119,111,8,22.22222222222222,8.49673202614379,13.725490196078432,77.77777777777779,72.54901960784314,5.228758169934641
E00060077,141,66,29,37,75,69,6,46.808510638297875,20.56737588652482,26.24113475177305,53.191489361702125,48.93617021276596,4.25531914893617
E00060078,117,30,10,20,87,79,8,25.64102564102564,8.547008547008547,17.094017094017094,74.35897435897436,67.52136752136752,6.837606837606838
E00060079,141,51,17,34,90,81,9,36.17021276595745,12.056737588652481,24.113475177304963,63.829787234042556,57.446808510638306,6.382978723404255
E00060081,119,34,12,22,85,79,6,28.57142857142857,10.084033613445378,18.487394957983195,71.42857142857143,66.38655462184873,5.042016806722689
E00060082,127,37,11,26,90,78,12,29.133858267716533,8.661417322834646,20.47244094488189,70.86614173228347,61.417322834645674,9.448818897637794
E00060083,46,6,1,5,40,38,2,13.043478260869565,2.1739130434782608,10.869565217391305,86.95652173913044,82.6086956521739,4.3478260869565215
E00060084,99,24,5,19,75,70,5,24.242424242424242,5.05050505050505,19.19191919191919,75.75757575757575,70.70707070707071,5.05050505050505
E00060085,233,50,18,32,183,165,18,21.45922746781116,7.725321888412018,13.733905579399142,78.54077253218884,70.81545064377683,7.725321888412018
E00060087,110,37,9,28,73,69,4,33.63636363636363,8.181818181818182,25.454545454545453,66.36363636363637,62.727272727272734,3.6363636363636362
E00060088,156,48,9,39,108,97,11,30.76923076923077,5.769230769230769,25,69.23076923076923,62.17948717948718,7.051282051282051
E00060089,93,30,11,19,63,58,5,32.25806451612903,11.827956989247312,20.43010752688172,67.74193548387096,62.365591397849464,5.376344086021505
E00060090,146,54,18,36,92,88,4,36.986301369863014,12.32876712328767,24.65753424657534,63.013698630136986,60.273972602739725,2.73972602739726
E00060091,152,53,22,31,99,91,8,34.868421052631575,14.473684210526317,20.394736842105264,65.13157894736842,59.86842105263158,5.263157894736842
E00060092,135,40,10,30,95,80,15,29.629629629629626,7.4074074074074066,22.22222222222222,70.37037037037037,59.25925925925925,11.11111111111111
E00060093,155,48,8,40,107,98,9,30.967741935483872,5.161290322580645,25.806451612903224,69.03225806451613,63.2258064516129,5.806451612903226
E00060094,155,42,13,29,113,104,9,27.09677419354839,8.38709677419355,18.70967741935484,72.90322580645162,67.0967741935484,5.806451612903226
E00060095,181,50,16,34,131,115,16,27.624309392265197,8.83977900552486,18.784530386740332,72.37569060773481,63.53591160220995,8.83977900552486
E00060096,143,36,13,23,107,87,20,25.174825174825177,9.090909090909092,16.083916083916083,74.82517482517483,60.83916083916085,13.986013986013987
E00060097,90,27,5,22,63,58,5,30,5.555555555555555,24.444444444444443,70,64.44444444444444,5.555555555555555
E00060098,106,32,9,23,74,70,4,30.18867924528302,8.49056603773585,21.69811320754717,69.81132075471697,66.0377358490566,3.7735849056603774
E00060099,123,36,13,23,87,75,12,29.268292682926827,10.569105691056912,18.69918699186992,70.73170731707317,60.97560975609756,9.75609756097561
E00060100,121,38,6,32,83,79,4,31.40495867768595,4.958677685950414,26.446280991735538,68.59504132231406,65.28925619834712,3.3057851239669422
E00060101,120,41,14,27,79,70,9,34.166666666666664,11.666666666666666,22.5,65.83333333333333,58.333333333333336,7.5
E00060102,66,25,11,14,41,41,0,37.878787878787875,16.666666666666664,21.21212121212121,62.121212121212125,62.121212121212125,0
E00060103,168,51,13,38,117,111,6,30.357142857142854,7.738095238095238,22.61904761904762,69.64285714285714,66.07142857142857,3.571428571428571
E00060104,57,15,5,10,42,35,7,26.31578947368421,8.771929824561402,17.543859649122805,73.68421052631578,61.40350877192983,12.280701754385964
E00060105,108,35,5,30,73,64,9,32.407407407407405,4.62962962962963,27.77777777777778,67.5925925925926,59.25925925925925,8.333333333333332
E00060106,183,39,12,27,144,126,18,21.311475409836063,6.557377049180328,14.754098360655737,78.68852459016394,68.85245901639344,9.836065573770492
E00060107,136,26,3,23,110,99,11,19.11764705882353,2.2058823529411766,16.911764705882355,80.88235294117648,72.79411764705883,8.088235294117647
E00060109,102,35,10,25,67,59,8,34.31372549019608,9.803921568627452,24.509803921568626,65.68627450980392,57.84313725490197,7.8431372549019605
E00060110,101,30,9,21,71,62,9,29.7029702970297,8.91089108910891,20.792079207920793,70.29702970297029,61.386138613861384,8.91089108910891
E00060111,130,46,18,28,84,78,6,35.38461538461539,13.846153846153847,21.53846153846154,64.61538461538461,60,4.615384615384616
E00060112,142,42,15,27,100,85,15,29.577464788732392,10.56338028169014,19.014084507042252,70.4225352112676,59.859154929577464,10.56338028169014
E00060113,129,47,13,34,82,73,9,36.434108527131784,10.077519379844961,26.356589147286826,63.565891472868216,56.58914728682171,6.976744186046512
E00060114,159,56,18,38,103,96,7,35.22012578616352,11.320754716981133,23.89937106918239,64.77987421383648,60.37735849056604,4.40251572327044
E00060115,243,62,16,46,181,163,18,25.514403292181072,6.584362139917696,18.930041152263374,74.48559670781893,67.07818930041152,7.4074074074074066
E00060116,113,34,11,23,79,68,11,30.08849557522124,9.734513274336283,20.353982300884958,69.91150442477876,60.17699115044248,9.734513274336283
E00060117,114,39,11,28,75,68,7,34.21052631578947,9.649122807017543,24.561403508771928,65.78947368421053,59.64912280701754,6.140350877192982
E00060118,98,41,5,36,57,54,3,41.83673469387755,5.1020408163265305,36.734693877551024,58.16326530612245,55.10204081632652,3.061224489795918
E00060119,111,28,5,23,83,74,9,25.225225225225223,4.504504504504505,20.72072072072072,74.77477477477478,66.66666666666666,8.108108108108109
E00060120,103,34,15,19,69,61,8,33.00970873786408,14.563106796116504,18.446601941747574,66.99029126213593,59.22330097087378,7.766990291262135
E00060121,271,67,23,44,204,177,27,24.723247232472325,8.487084870848708,16.236162361623617,75.27675276752768,65.31365313653137,9.96309963099631
E00060123,156,44,9,35,112,103,9,28.205128205128204,5.769230769230769,22.435897435897438,71.7948717948718,66.02564102564102,5.769230769230769
E00060124,125,46,13,33,79,70,9,36.8,10.4,26.400000000000002,63.2,56.00000000000001,7.199999999999999
E00060125,173,54,16,38,119,107,12,31.213872832369944,9.248554913294797,21.965317919075144,68.78612716763006,61.849710982658955,6.9364161849710975
E00060126,272,64,25,39,208,186,22,23.52941176470588,9.191176470588236,14.338235294117647,76.47058823529412,68.38235294117648,8.088235294117647
E00060127,273,65,20,45,208,188,20,23.809523809523807,7.326007326007327,16.483516483516482,76.19047619047619,68.86446886446886,7.326007326007327
E00060128,151,38,17,21,113,99,14,25.165562913907287,11.258278145695364,13.90728476821192,74.83443708609272,65.56291390728477,9.271523178807946
E00060129,146,36,12,24,110,97,13,24.65753424657534,8.21917808219178,16.43835616438356,75.34246575342466,66.43835616438356,8.904109589041095
E00060130,231,65,16,49,166,148,18,28.13852813852814,6.926406926406926,21.21212121212121,71.86147186147186,64.06926406926407,7.792207792207792
E00060131,150,45,11,34,105,93,12,30,7.333333333333333,22.666666666666664,70,62,8
E00060132,156,59,16,43,97,83,14,37.82051282051282,10.256410256410255,27.564102564102566,62.17948717948718,53.205128205128204,8.974358974358974
E00060133,107,44,15,29,63,57,6,41.1214953271028,14.018691588785046,27.102803738317753,58.87850467289719,53.271028037383175,5.607476635514018
E00060134,109,41,16,25,68,58,10,37.61467889908257,14.678899082568808,22.93577981651376,62.38532110091744,53.21100917431193,9.174311926605505
E00060135,136,35,12,23,101,89,12,25.735294117647058,8.823529411764707,16.911764705882355,74.26470588235294,65.44117647058823,8.823529411764707
E00060136,190,49,14,35,141,117,24,25.789473684210527,7.368421052631578,18.421052631578945,74.21052631578947,61.578947368421055,12.631578947368421
E00060137,138,39,12,27,99,79,20,28.26086956521739,8.695652173913043,19.565217391304348,71.73913043478261,57.2463768115942,14.492753623188406
E00060138,167,42,15,27,125,104,21,25.149700598802394,8.982035928143713,16.16766467065868,74.8502994011976,62.27544910179641,12.574850299401197
E00060139,127,35,12,23,92,84,8,27.559055118110237,9.448818897637794,18.11023622047244,72.44094488188976,66.14173228346458,6.299212598425196
E00060140,157,43,16,27,114,101,13,27.388535031847134,10.191082802547772,17.197452229299362,72.61146496815286,64.3312101910828,8.280254777070063
E00060141,130,37,7,30,93,81,12,28.46153846153846,5.384615384615385,23.076923076923077,71.53846153846153,62.30769230769231,9.230769230769232
E00060142,128,38,13,25,90,76,14,29.6875,10.15625,19.53125,70.3125,59.375,10.9375
E00060143,123,35,10,25,88,70,18,28.455284552845526,8.130081300813007,20.32520325203252,71.54471544715447,56.91056910569105,14.634146341463413
E00060144,225,47,20,27,178,145,33,20.88888888888889,8.88888888888889,12,79.11111111111111,64.44444444444444,14.666666666666666
E00060145,157,54,15,39,103,97,6,34.394904458598724,9.554140127388536,24.840764331210192,65.60509554140127,61.78343949044586,3.821656050955414
E00060146,138,41,14,27,97,88,9,29.71014492753623,10.144927536231885,19.565217391304348,70.28985507246377,63.76811594202898,6.521739130434782
E00060147,158,32,11,21,126,110,16,20.253164556962027,6.962025316455696,13.291139240506327,79.74683544303798,69.62025316455697,10.126582278481013
E00060148,274,68,20,48,206,180,26,24.817518248175183,7.2992700729927,17.51824817518248,75.18248175182481,65.69343065693431,9.48905109489051
E00060149,126,40,11,29,86,80,6,31.746031746031743,8.73015873015873,23.015873015873016,68.25396825396825,63.49206349206349,4.761904761904762
E00060150,140,39,10,29,101,93,8,27.857142857142858,7.142857142857142,20.714285714285715,72.14285714285714,66.42857142857143,5.714285714285714
E00060151,143,44,12,32,99,86,13,30.76923076923077,8.391608391608392,22.377622377622377,69.23076923076923,60.13986013986013,9.090909090909092
E00060152,158,44,14,30,114,99,15,27.848101265822784,8.860759493670885,18.9873417721519,72.15189873417721,62.65822784810127,9.49367088607595
E00060153,108,34,10,24,74,54,20,31.48148148148148,9.25925925925926,22.22222222222222,68.51851851851852,50,18.51851851851852
E00060154,239,70,15,55,169,150,19,29.288702928870293,6.2761506276150625,23.01255230125523,70.7112970711297,62.76150627615063,7.949790794979079
E00060156,121,33,7,26,88,80,8,27.27272727272727,5.785123966942149,21.487603305785125,72.72727272727273,66.11570247933885,6.6115702479338845
E00060157,168,45,13,32,123,105,18,26.785714285714285,7.738095238095238,19.047619047619047,73.21428571428571,62.5,10.714285714285714
E00060158,153,42,13,29,111,100,11,27.450980392156865,8.49673202614379,18.954248366013072,72.54901960784314,65.359477124183,7.18954248366013
E00060159,272,68,23,45,204,168,36,25,8.455882352941178,16.544117647058822,75,61.76470588235294,13.23529411764706
E00060160,151,46,16,30,105,87,18,30.4635761589404,10.596026490066226,19.867549668874172,69.5364238410596,57.615894039735096,11.920529801324504
E00060161,139,49,13,36,90,77,13,35.25179856115108,9.352517985611511,25.899280575539567,64.74820143884892,55.39568345323741,9.352517985611511
E00060162,152,41,10,31,111,92,19,26.973684210526315,6.578947368421052,20.394736842105264,73.02631578947368,60.526315789473685,12.5
E00060163,205,68,19,49,137,113,24,33.170731707317074,9.268292682926829,23.902439024390244,66.82926829268293,55.1219512195122,11.707317073170733
E00060164,152,48,15,33,104,87,17,31.57894736842105,9.868421052631579,21.710526315789476,68.42105263157895,57.23684210526315,11.18421052631579
E00060165,190,51,15,36,139,123,16,26.842105263157894,7.894736842105263,18.947368421052634,73.15789473684211,64.73684210526316,8.421052631578947
E00060166,144,55,12,43,89,77,12,38.19444444444444,8.333333333333332,29.86111111111111,61.80555555555556,53.47222222222222,8.333333333333332
E00060167,123,20,4,16,103,84,19,16.260162601626014,3.2520325203252036,13.008130081300814,83.73983739837398,68.29268292682927,15.447154471544716
E00060168,143,44,20,24,99,75,24,30.76923076923077,13.986013986013987,16.783216783216783,69.23076923076923,52.44755244755245,16.783216783216783
E00060169,183,50,24,26,133,108,25,27.322404371584703,13.114754098360656,14.207650273224044,72.6775956284153,59.01639344262295,13.661202185792352
E00060170,106,27,5,22,79,65,14,25.471698113207548,4.716981132075472,20.754716981132077,74.52830188679245,61.32075471698113,13.20754716981132
E00060171,153,46,12,34,107,97,10,30.065359477124183,7.8431372549019605,22.22222222222222,69.93464052287581,63.39869281045751,6.535947712418301
E00060172,110,33,5,28,77,65,12,30,4.545454545454546,25.454545454545453,70,59.09090909090909,10.909090909090908
E00060173,71,29,6,23,42,37,5,40.845070422535215,8.450704225352112,32.3943661971831,59.154929577464785,52.112676056338024,7.042253521126761
E00060174,115,42,11,31,73,63,10,36.52173913043478,9.565217391304348,26.956521739130434,63.47826086956522,54.78260869565217,8.695652173913043
E00060175,124,29,10,19,95,82,13,23.387096774193548,8.064516129032258,15.32258064516129,76.61290322580645,66.12903225806451,10.483870967741936
E00060176,132,36,11,25,96,83,13,27.27272727272727,8.333333333333332,18.939393939393938,72.72727272727273,62.878787878787875,9.848484848484848
E00060177,139,45,12,33,94,80,14,32.37410071942446,8.633093525179856,23.741007194244602,67.62589928057554,57.55395683453237,10.071942446043165
E00060178,118,36,12,24,82,72,10,30.508474576271187,10.16949152542373,20.33898305084746,69.49152542372882,61.016949152542374,8.47457627118644
E00060179,122,36,14,22,86,71,15,29.508196721311474,11.475409836065573,18.0327868852459,70.49180327868852,58.19672131147541,12.295081967213115
E00060180,139,48,12,36,91,78,13,34.53237410071942,8.633093525179856,25.899280575539567,65.46762589928058,56.11510791366906,9.352517985611511
E00060181,104,37,12,25,67,59,8,35.57692307692308,11.538461538461538,24.03846153846154,64.42307692307693,56.730769230769226,7.6923076923076925
E00060182,84,29,11,18,55,47,8,34.523809523809526,13.095238095238097,21.428571428571427,65.47619047619048,55.952380952380956,9.523809523809524
E00060183,246,64,19,45,182,160,22,26.01626016260163,7.723577235772358,18.29268292682927,73.98373983739837,65.04065040650406,8.94308943089431
E00060184,188,57,23,34,131,105,26,30.319148936170215,12.23404255319149,18.085106382978726,69.68085106382979,55.85106382978723,13.829787234042554
E00060185,94,27,8,19,67,58,9,28.723404255319153,8.51063829787234,20.212765957446805,71.27659574468085,61.702127659574465,9.574468085106384
E00060186,149,42,13,29,107,87,20,28.187919463087248,8.724832214765101,19.463087248322147,71.81208053691275,58.38926174496645,13.422818791946309
E00060187,134,37,15,22,97,77,20,27.611940298507463,11.194029850746269,16.417910447761194,72.38805970149254,57.46268656716418,14.925373134328357
E00060188,188,63,19,44,125,111,14,33.51063829787234,10.106382978723403,23.404255319148938,66.48936170212765,59.04255319148937,7.446808510638298
E00060189,59,18,8,10,41,41,0,30.508474576271187,13.559322033898304,16.94915254237288,69.49152542372882,69.49152542372882,0
E00060191,138,48,15,33,90,79,11,34.78260869565217,10.869565217391305,23.91304347826087,65.21739130434783,57.2463768115942,7.971014492753622
E00060192,130,37,7,30,93,75,18,28.46153846153846,5.384615384615385,23.076923076923077,71.53846153846153,57.692307692307686,13.846153846153847
E00060193,129,44,11,33,85,75,10,34.10852713178294,8.527131782945736,25.581395348837212,65.89147286821705,58.139534883720934,7.751937984496124
E00060194,164,47,15,32,117,95,22,28.65853658536585,9.146341463414634,19.51219512195122,71.34146341463415,57.92682926829268,13.414634146341465
E00060195,109,28,6,22,81,65,16,25.688073394495415,5.5045871559633035,20.18348623853211,74.31192660550458,59.63302752293578,14.678899082568808
E00060196,148,42,9,33,106,90,16,28.37837837837838,6.081081081081082,22.2972972972973,71.62162162162163,60.810810810810814,10.81081081081081
E00060197,165,41,15,26,124,99,25,24.848484848484848,9.090909090909092,15.757575757575756,75.15151515151514,60,15.151515151515152
E00060198,239,60,18,42,179,158,21,25.10460251046025,7.531380753138076,17.573221757322173,74.89539748953975,66.10878661087865,8.786610878661087
E00060199,181,62,24,38,119,98,21,34.25414364640884,13.259668508287293,20.994475138121548,65.74585635359117,54.14364640883977,11.602209944751381
E00060200,182,48,17,31,134,123,11,26.373626373626376,9.340659340659341,17.032967032967033,73.62637362637363,67.58241758241759,6.043956043956044
E00060201,125,51,19,32,74,64,10,40.8,15.2,25.6,59.199999999999996,51.2,8
E00060202,210,50,23,27,160,123,37,23.809523809523807,10.952380952380953,12.857142857142856,76.19047619047619,58.57142857142858,17.61904761904762
E00060204,159,59,20,39,100,69,31,37.10691823899371,12.578616352201259,24.528301886792452,62.893081761006286,43.39622641509434,19.49685534591195
E00060205,127,36,10,26,91,77,14,28.346456692913385,7.874015748031496,20.47244094488189,71.65354330708661,60.629921259842526,11.023622047244094
E00060206,154,50,21,29,104,83,21,32.467532467532465,13.636363636363635,18.83116883116883,67.53246753246754,53.896103896103895,13.636363636363635
E00060207,141,45,13,32,96,85,11,31.914893617021278,9.219858156028367,22.69503546099291,68.08510638297872,60.28368794326241,7.801418439716312
E00060208,146,44,12,32,102,84,18,30.136986301369863,8.21917808219178,21.91780821917808,69.86301369863014,57.534246575342465,12.32876712328767
E00060209,150,39,8,31,111,98,13,26,5.333333333333334,20.666666666666668,74,65.33333333333333,8.666666666666668
E00060210,125,38,12,26,87,64,23,30.4,9.6,20.8,69.6,51.2,18.4
E00060211,177,54,17,37,123,101,22,30.508474576271187,9.6045197740113,20.903954802259886,69.49152542372882,57.06214689265536,12.429378531073446
E00060212,127,39,9,30,88,75,13,30.708661417322837,7.086614173228346,23.62204724409449,69.29133858267717,59.055118110236215,10.236220472440944
E00060213,104,26,7,19,78,60,18,25,6.730769230769231,18.269230769230766,75,57.692307692307686,17.307692307692307
E00060214,163,41,11,30,122,98,24,25.153374233128833,6.748466257668712,18.404907975460123,74.84662576687117,60.122699386503065,14.723926380368098
E00060215,162,50,15,35,112,101,11,30.864197530864196,9.25925925925926,21.604938271604937,69.1358024691358,62.34567901234568,6.790123456790123
E00060216,97,29,10,19,68,59,9,29.896907216494846,10.309278350515463,19.587628865979383,70.10309278350515,60.824742268041234,9.278350515463918
E00060217,130,49,11,38,81,74,7,37.69230769230769,8.461538461538462,29.230769230769234,62.30769230769231,56.92307692307692,5.384615384615385
E00060219,122,44,21,23,78,74,4,36.0655737704918,17.21311475409836,18.852459016393443,63.934426229508205,60.65573770491803,3.278688524590164
E00060220,122,37,11,26,85,75,10,30.327868852459016,9.01639344262295,21.311475409836063,69.67213114754098,61.47540983606557,8.19672131147541
E00060221,88,23,7,16,65,63,2,26.136363636363637,7.954545454545454,18.181818181818183,73.86363636363636,71.5909090909091,2.272727272727273
E00060222,116,30,8,22,86,76,10,25.862068965517242,6.896551724137931,18.96551724137931,74.13793103448276,65.51724137931035,8.620689655172415
E00060223,137,32,9,23,105,91,14,23.357664233576642,6.569343065693431,16.78832116788321,76.64233576642336,66.42335766423358,10.218978102189782
E00060224,116,45,13,32,71,70,1,38.793103448275865,11.206896551724139,27.586206896551722,61.206896551724135,60.3448275862069,0.8620689655172413
E00060225,127,40,10,30,87,74,13,31.496062992125985,7.874015748031496,23.62204724409449,68.50393700787401,58.26771653543307,10.236220472440944
E00060226,135,49,18,31,86,79,7,36.2962962962963,13.333333333333334,22.962962962962962,63.70370370370371,58.51851851851851,5.185185185185185
E00060227,153,45,19,26,108,91,17,29.411764705882355,12.418300653594772,16.99346405228758,70.58823529411765,59.47712418300654,11.11111111111111
E00060228,141,36,10,26,105,89,16,25.53191489361702,7.092198581560284,18.439716312056735,74.46808510638297,63.12056737588653,11.347517730496454
E00060229,91,24,5,19,67,55,12,26.373626373626376,5.4945054945054945,20.87912087912088,73.62637362637363,60.43956043956044,13.186813186813188
E00060230,96,29,13,16,67,50,17,30.208333333333332,13.541666666666666,16.666666666666664,69.79166666666666,52.083333333333336,17.708333333333336
E00060231,128,37,16,21,91,74,17,28.90625,12.5,16.40625,71.09375,57.8125,13.28125
E00060232,115,45,18,27,70,54,16,39.130434782608695,15.65217391304348,23.47826086956522,60.86956521739131,46.95652173913044,13.91304347826087
E00060233,145,53,21,32,92,73,19,36.55172413793103,14.482758620689657,22.06896551724138,63.44827586206897,50.3448275862069,13.10344827586207
E00060234,129,33,12,21,96,76,20,25.581395348837212,9.30232558139535,16.27906976744186,74.4186046511628,58.91472868217055,15.503875968992247
E00060235,132,41,13,28,91,73,18,31.060606060606062,9.848484848484848,21.21212121212121,68.93939393939394,55.3030303030303,13.636363636363635
E00060236,111,28,8,20,83,72,11,25.225225225225223,7.207207207207207,18.01801801801802,74.77477477477478,64.86486486486487,9.90990990990991
E00060237,126,40,7,33,86,71,15,31.746031746031743,5.555555555555555,26.190476190476193,68.25396825396825,56.34920634920635,11.904761904761903
E00060238,150,31,12,19,119,97,22,20.666666666666668,8,12.666666666666668,79.33333333333333,64.66666666666666,14.666666666666666
E00060239,173,51,15,36,122,91,31,29.47976878612717,8.670520231213873,20.809248554913296,70.52023121387283,52.601156069364166,17.91907514450867
E00060240,147,37,12,25,110,80,30,25.170068027210885,8.16326530612245,17.006802721088434,74.82993197278913,54.421768707483,20.408163265306122
E00060241,154,39,11,28,115,92,23,25.324675324675322,7.142857142857142,18.181818181818183,74.67532467532467,59.74025974025974,14.935064935064934
E00060242,163,55,26,29,108,73,35,33.74233128834356,15.950920245398773,17.791411042944784,66.25766871165644,44.785276073619634,21.472392638036812
E00060243,105,22,5,17,83,75,8,20.952380952380953,4.761904761904762,16.19047619047619,79.04761904761905,71.42857142857143,7.6190476190476195
E00060244,109,34,12,22,75,55,20,31.19266055045872,11.009174311926607,20.18348623853211,68.80733944954129,50.45871559633027,18.34862385321101
E00060245,178,51,7,44,127,110,17,28.651685393258425,3.932584269662921,24.719101123595504,71.34831460674157,61.79775280898876,9.550561797752808
E00060246,169,51,21,30,118,99,19,30.17751479289941,12.42603550295858,17.75147928994083,69.8224852071006,58.57988165680473,11.242603550295858
E00060247,143,45,9,36,98,82,16,31.46853146853147,6.293706293706294,25.174825174825177,68.53146853146853,57.34265734265735,11.188811188811188
E00060248,99,27,8,19,72,58,14,27.27272727272727,8.080808080808081,19.19191919191919,72.72727272727273,58.58585858585859,14.14141414141414
E00060249,114,37,14,23,77,63,14,32.45614035087719,12.280701754385964,20.175438596491226,67.54385964912281,55.26315789473685,12.280701754385964
E00060250,147,43,11,32,104,89,15,29.25170068027211,7.482993197278912,21.768707482993197,70.74829931972789,60.544217687074834,10.204081632653061
E00060251,116,33,14,19,83,76,7,28.448275862068968,12.068965517241379,16.379310344827587,71.55172413793103,65.51724137931035,6.0344827586206895
E00060252,50,19,7,12,31,27,4,38,14.000000000000002,24,62,54,8
E00060253,173,57,22,35,116,99,17,32.947976878612714,12.716763005780345,20.23121387283237,67.05202312138728,57.22543352601156,9.826589595375722
E00060254,125,39,11,28,86,74,12,31.2,8.799999999999999,22.400000000000002,68.8,59.199999999999996,9.6
E00168722,177,32,11,21,145,132,13,18.07909604519774,6.214689265536723,11.864406779661017,81.92090395480226,74.57627118644068,7.344632768361582
E00168723,195,47,12,35,148,126,22,24.102564102564102,6.153846153846154,17.94871794871795,75.8974358974359,64.61538461538461,11.282051282051283
E00168724,140,19,3,16,121,109,12,13.571428571428571,2.142857142857143,11.428571428571429,86.42857142857143,77.85714285714286,8.571428571428571
E00168726,251,51,19,32,200,181,19,20.318725099601593,7.569721115537849,12.749003984063744,79.6812749003984,72.11155378486056,7.569721115537849
E00168727,105,28,8,20,77,65,12,26.666666666666668,7.6190476190476195,19.047619047619047,73.33333333333333,61.904761904761905,11.428571428571429
E00168728,139,22,7,15,117,107,10,15.827338129496402,5.0359712230215825,10.79136690647482,84.17266187050359,76.97841726618705,7.1942446043165464
E00168729,172,48,15,33,124,110,14,27.906976744186046,8.720930232558139,19.186046511627907,72.09302325581395,63.95348837209303,8.13953488372093
E00168730,84,18,3,15,66,56,10,21.428571428571427,3.571428571428571,17.857142857142858,78.57142857142857,66.66666666666666,11.904761904761903
E00168731,177,49,18,31,128,112,16,27.683615819209038,10.16949152542373,17.51412429378531,72.31638418079096,63.2768361581921,9.03954802259887
E00168732,138,30,5,25,108,98,10,21.73913043478261,3.6231884057971016,18.115942028985508,78.26086956521739,71.01449275362319,7.246376811594203
E00168733,231,54,15,39,177,153,24,23.376623376623375,6.493506493506493,16.883116883116884,76.62337662337663,66.23376623376623,10.38961038961039
E00168734,154,49,12,37,105,88,17,31.818181818181817,7.792207792207792,24.025974025974026,68.18181818181817,57.14285714285714,11.03896103896104
E00168735,238,57,11,46,181,160,21,23.949579831932773,4.621848739495799,19.327731092436977,76.05042016806722,67.22689075630252,8.823529411764707
E00168736,165,42,16,26,123,109,14,25.454545454545453,9.696969696969697,15.757575757575756,74.54545454545455,66.06060606060606,8.484848484848486
E00168737,107,27,7,20,80,67,13,25.233644859813083,6.5420560747663545,18.69158878504673,74.76635514018692,62.616822429906534,12.149532710280374
E00168739,214,50,18,32,164,142,22,23.364485981308412,8.411214953271028,14.953271028037381,76.63551401869158,66.35514018691589,10.2803738317757
E00168740,194,49,14,35,145,122,23,25.257731958762886,7.216494845360824,18.04123711340206,74.74226804123711,62.88659793814433,11.855670103092782
E00168742,178,31,6,25,147,131,16,17.415730337078653,3.3707865168539324,14.04494382022472,82.58426966292134,73.59550561797754,8.98876404494382
E00168743,294,49,12,37,245,218,27,16.666666666666664,4.081632653061225,12.585034013605442,83.33333333333334,74.14965986394559,9.183673469387756
E00168744,59,11,2,9,48,39,9,18.64406779661017,3.389830508474576,15.254237288135593,81.35593220338984,66.10169491525424,15.254237288135593
E00168745,275,58,23,35,217,167,50,21.09090909090909,8.363636363636363,12.727272727272727,78.9090909090909,60.72727272727273,18.181818181818183
E00168746,238,59,21,38,179,149,30,24.789915966386555,8.823529411764707,15.966386554621847,75.21008403361344,62.60504201680672,12.605042016806722
E00168747,223,60,13,47,163,139,24,26.905829596412556,5.829596412556054,21.076233183856502,73.09417040358744,62.33183856502242,10.762331838565023
E00168748,158,55,23,32,103,77,26,34.810126582278485,14.556962025316455,20.253164556962027,65.18987341772153,48.734177215189874,16.455696202531644
E00168749,240,60,15,45,180,155,25,25,6.25,18.75,75,64.58333333333334,10.416666666666668
E00168751,122,24,4,20,98,87,11,19.672131147540984,3.278688524590164,16.39344262295082,80.32786885245902,71.31147540983606,9.01639344262295
E00179979,190,59,11,48,131,121,10,31.05263157894737,5.7894736842105265,25.263157894736842,68.94736842105263,63.68421052631579,5.263157894736842
E00179980,216,40,9,31,176,164,12,18.51851851851852,4.166666666666666,14.351851851851851,81.48148148148148,75.92592592592592,5.555555555555555
E00179981,147,64,23,41,83,70,13,43.53741496598639,15.646258503401361,27.89115646258503,56.4625850340136,47.61904761904761,8.843537414965986
E00179985,140,36,11,25,104,86,18,25.71428571428571,7.857142857142857,17.857142857142858,74.28571428571429,61.42857142857143,12.857142857142856
E00179987,149,39,16,23,110,90,20,26.174496644295303,10.738255033557047,15.436241610738255,73.8255033557047,60.40268456375839,13.422818791946309
E00179991,174,22,3,19,152,125,27,12.643678160919542,1.7241379310344827,10.919540229885058,87.356321839080465,71.83908045977012,15.517241379310345
E00179992,206,49,14,35,157,129,28,23.78640776699029,6.796116504854369,16.990291262135923,76.2135922330097,62.62135922330098,13.592233009708737
E00179993,198,27,3,24,171,148,23,13.636363636363635,1.5151515151515151,12.121212121212121,86.36363636363636,74.74747474747475,11.616161616161616
E00179994,61,13,4,9,48,44,4,21.311475409836063,6.557377049180328,14.754098360655737,78.68852459016394,72.1311475409836,6.557377049180328
E00179995,183,41,11,30,142,124,18,22.404371584699454,6.0109289617486334,16.39344262295082,77.59562841530054,67.75956284153006,9.836065573770492
E00179996,236,36,8,28,200,184,16,15.254237288135593,3.389830508474576,11.864406779661017,84.7457627118644,77.96610169491525,6.779661016949152
E00179997,116,21,6,15,95,88,7,18.103448275862068,5.172413793103448,12.931034482758621,81.89655172413794,75.86206896551724,6.0344827586206895
E00179999,236,49,15,34,187,159,28,20.76271186440678,6.3559322033898304,14.40677966101695,79.23728813559322,67.37288135593221,11.864406779661017
E00180001,59,13,2,11,46,42,4,22.033898305084744,3.389830508474576,18.64406779661017,77.96610169491525,71.1864406779661,6.779661016949152
E00180002,372,90,21,69,282,249,33,24.193548387096776,5.64516129032258,18.548387096774192,75.80645161290323,66.93548387096774,8.870967741935484
E00180003,154,41,11,30,113,92,21,26.623376623376622,7.142857142857142,19.480519480519483,73.37662337662337,59.74025974025974,13.636363636363635
E00180005,226,52,8,44,174,156,18,23.008849557522122,3.5398230088495577,19.469026548672566,76.99115044247787,69.02654867256636,7.964601769911504
E00180006,161,42,15,27,119,105,14,26.08695652173913,9.316770186335404,16.77018633540373,73.91304347826086,65.21739130434783,8.695652173913043
E00180007,103,23,5,18,80,70,10,22.330097087378643,4.854368932038835,17.475728155339805,77.66990291262135,67.96116504854369,9.70873786407767
E00180008,217,26,8,18,191,162,29,11.981566820276496,3.686635944700461,8.294930875576037,88.0184331797235,74.65437788018433,13.36405529953917
E00180009,204,33,7,26,171,136,35,16.176470588235293,3.431372549019608,12.745098039215685,83.82352941176471,66.66666666666666,17.15686274509804
E00180010,53,13,7,6,40,36,4,24.528301886792452,13.20754716981132,11.320754716981133,75.47169811320755,67.9245283018868,7.547169811320755
E00180011,179,41,9,32,138,123,15,22.905027932960895,5.027932960893855,17.877094972067038,77.09497206703911,68.71508379888269,8.379888268156424
E00180012,359,54,16,38,305,259,46,15.041782729805014,4.456824512534819,10.584958217270195,84.958217270195,72.14484679665738,12.813370473537605
E00180014,56,15,2,13,41,35,6,26.785714285714285,3.571428571428571,23.214285714285715,73.21428571428571,62.5,10.714285714285714
E00180015,134,38,11,27,96,79,17,28.35820895522388,8.208955223880597,20.149253731343283,71.64179104477611,58.95522388059702,12.686567164179104
E00180017,382,59,26,33,323,268,55,15.44502617801047,6.806282722513089,8.638743455497382,84.55497382198953,70.15706806282722,14.397905759162304
E00180018,199,46,14,32,153,132,21,23.115577889447238,7.035175879396985,16.08040201005025,76.88442211055276,66.33165829145729,10.552763819095476
E00180019,354,65,20,45,289,253,36,18.361581920903955,5.649717514124294,12.711864406779661,81.63841807909604,71.46892655367232,10.16949152542373
E00180021,64,22,10,12,42,37,5,34.375,15.625,18.75,65.625,57.8125,7.8125
E00180022,99,30,12,18,69,54,15,30.303030303030305,12.121212121212121,18.181818181818183,69.6969696969697,54.54545454545454,15.151515151515152
E00180023,134,38,13,25,96,83,13,28.35820895522388,9.701492537313433,18.65671641791045,71.64179104477611,61.940298507462686,9.701492537313433
E00180026,154,49,15,34,105,89,16,31.818181818181817,9.740259740259742,22.07792207792208,68.18181818181817,57.7922077922078,10.38961038961039
E00180027,194,47,16,31,147,128,19,24.22680412371134,8.24742268041237,15.979381443298967,75.77319587628865,65.97938144329896,9.793814432989691
E00180028,131,24,5,19,107,95,12,18.3206106870229,3.816793893129771,14.50381679389313,81.67938931297711,72.51908396946564,9.16030534351145
E00180030,171,38,7,31,133,106,27,22.22222222222222,4.093567251461988,18.128654970760234,77.77777777777779,61.98830409356725,15.789473684210526
E00180033,205,31,2,29,174,150,24,15.121951219512194,0.975609756097561,14.146341463414632,84.8780487804878,73.17073170731707,11.707317073170733
E00180034,330,45,14,31,285,247,38,13.636363636363635,4.242424242424243,9.393939393939393,86.36363636363636,74.84848484848486,11.515151515151516
E00180035,204,42,10,32,162,139,23,20.588235294117645,4.901960784313726,15.686274509803921,79.41176470588235,68.13725490196079,11.27450980392157
E00180036,95,25,5,20,70,66,4,26.31578947368421,5.263157894736842,21.052631578947366,73.68421052631578,69.47368421052632,4.2105263157894735
E00180039,237,46,13,33,191,173,18,19.40928270042194,5.485232067510549,13.924050632911392,80.59071729957806,72.9957805907173,7.59493670886076
E00180040,196,35,7,28,161,140,21,17.857142857142858,3.571428571428571,14.285714285714285,82.14285714285714,71.42857142857143,10.714285714285714
E00180041,213,51,10,41,162,152,10,23.943661971830984,4.694835680751173,19.248826291079812,76.05633802816901,71.36150234741784,4.694835680751173
E00180042,210,64,11,53,146,121,25,30.476190476190478,5.238095238095238,25.238095238095237,69.52380952380952,57.61904761904761,11.904761904761903
E00180043,79,21,10,11,58,51,7,26.582278481012654,12.658227848101266,13.924050632911392,73.41772151898735,64.55696202531645,8.860759493670885
E00180045,153,32,10,22,121,111,10,20.915032679738562,6.535947712418301,14.37908496732026,79.08496732026144,72.54901960784314,6.535947712418301
E00180046,314,72,17,55,242,216,26,22.929936305732486,5.414012738853503,17.51592356687898,77.07006369426752,68.78980891719745,8.280254777070063
E00180047,48,14,6,8,34,34,0,29.166666666666668,12.5,16.666666666666664,70.83333333333334,70.83333333333334,0
E00180048,175,34,10,24,141,128,13,19.428571428571427,5.714285714285714,13.714285714285715,80.57142857142857,73.14285714285714,7.428571428571429
E00180050,250,38,12,26,212,186,26,15.2,4.8,10.4,84.8,74.4,10.4
E00180051,55,17,4,13,38,36,2,30.909090909090907,7.2727272727272725,23.636363636363637,69.0909090909091,65.45454545454545,3.6363636363636362
E00180054,224,36,7,29,188,168,20,16.071428571428573,3.125,12.946428571428573,83.92857142857143,75,8.928571428571429
E00180055,186,47,11,36,139,114,25,25.268817204301076,5.913978494623656,19.35483870967742,74.73118279569893,61.29032258064516,13.440860215053762
E00180057,143,35,9,26,108,101,7,24.475524475524477,6.293706293706294,18.181818181818183,75.52447552447552,70.62937062937063,4.895104895104895
E00180058,262,52,13,39,210,175,35,19.84732824427481,4.961832061068702,14.885496183206106,80.1526717557252,66.79389312977099,13.358778625954198
E00180060,168,53,18,35,115,99,16,31.547619047619047,10.714285714285714,20.833333333333336,68.45238095238095,58.92857142857143,9.523809523809524
E00180061,152,53,10,43,99,89,10,34.868421052631575,6.578947368421052,28.289473684210524,65.13157894736842,58.55263157894737,6.578947368421052
E00180062,205,37,8,29,168,144,24,18.048780487804876,3.902439024390244,14.146341463414632,81.95121951219512,70.24390243902438,11.707317073170733
E00180063,231,50,17,33,181,154,27,21.645021645021643,7.35930735930736,14.285714285714285,78.35497835497836,66.66666666666666,11.688311688311687
E00180065,103,34,7,27,69,60,9,33.00970873786408,6.796116504854369,26.21359223300971,66.99029126213593,58.252427184466015,8.737864077669903
E00180068,360,67,17,50,293,246,47,18.61111111111111,4.722222222222222,13.88888888888889,81.38888888888889,68.33333333333333,13.055555555555557
E00180069,265,65,18,47,200,169,31,24.528301886792452,6.7924528301886795,17.735849056603772,75.47169811320755,63.77358490566037,11.69811320754717
E00180070,333,74,22,52,259,222,37,22.22222222222222,6.606606606606606,15.615615615615615,77.77777777777779,66.66666666666666,11.11111111111111
E00180071,80,18,4,14,62,51,11,22.5,5,17.5,77.5,63.74999999999999,13.750000000000002
E00180072,206,42,9,33,164,140,24,20.388349514563107,4.368932038834951,16.019417475728158,79.6116504854369,67.96116504854369,11.650485436893204
E00180073,162,27,4,23,135,118,17,16.666666666666664,2.4691358024691357,14.19753086419753,83.33333333333334,72.8395061728395,10.493827160493826
E00180075,138,27,4,23,111,97,14,19.565217391304348,2.898550724637681,16.666666666666664,80.43478260869566,70.28985507246377,10.144927536231885
E00180076,168,37,9,28,131,113,18,22.023809523809522,5.357142857142857,16.666666666666664,77.97619047619048,67.26190476190477,10.714285714285714
E00180077,197,43,15,28,154,131,23,21.82741116751269,7.614213197969544,14.213197969543149,78.1725888324873,66.49746192893402,11.6751269035533
E00180078,265,65,23,42,200,174,26,24.528301886792452,8.679245283018867,15.849056603773585,75.47169811320755,65.66037735849056,9.811320754716983
E00180079,55,18,6,12,37,33,4,32.72727272727273,10.909090909090908,21.818181818181817,67.27272727272727,60,7.2727272727272725
E00180080,80,18,7,11,62,51,11,22.5,8.75,13.750000000000002,77.5,63.74999999999999,13.750000000000002
E00180082,160,38,6,32,122,109,13,23.75,3.75,20,76.25,68.125,8.125
E00180083,173,39,14,25,134,119,15,22.54335260115607,8.092485549132949,14.450867052023122,77.45664739884393,68.78612716763006,8.670520231213873
E00180084,114,34,9,25,80,68,12,29.82456140350877,7.894736842105263,21.929824561403507,70.17543859649122,59.64912280701754,10.526315789473683
E00180086,143,38,15,23,105,92,13,26.573426573426573,10.48951048951049,16.083916083916083,73.42657342657343,64.33566433566433,9.090909090909092
E00180088,126,27,10,17,99,90,9,21.428571428571427,7.936507936507936,13.492063492063492,78.57142857142857,71.42857142857143,7.142857142857142
E00180089,193,56,15,41,137,109,28,29.015544041450774,7.772020725388601,21.243523316062177,70.98445595854922,56.476683937823836,14.507772020725387
E00180090,173,52,14,38,121,107,14,30.057803468208093,8.092485549132949,21.965317919075144,69.94219653179191,61.849710982658955,8.092485549132949
E00180093,48,17,3,14,31,29,2,35.41666666666667,6.25,29.166666666666668,64.58333333333334,60.416666666666664,4.166666666666666
E00180094,84,22,4,18,62,53,9,26.190476190476193,4.761904761904762,21.428571428571427,73.80952380952381,63.095238095238095,10.714285714285714
E00180097,70,13,0,13,57,53,4,18.571428571428573,0,18.571428571428573,81.42857142857143,75.71428571428571,5.714285714285714
E00180098,93,20,4,16,73,58,15,21.50537634408602,4.301075268817205,17.20430107526882,78.49462365591397,62.365591397849464,16.129032258064516
E00180100,295,51,17,34,244,216,28,17.28813559322034,5.762711864406779,11.525423728813559,82.71186440677965,73.22033898305085,9.491525423728813
E00180101,67,20,8,12,47,40,7,29.850746268656714,11.940298507462686,17.91044776119403,70.1492537313433,59.70149253731343,10.44776119402985
E00180102,303,46,9,37,257,218,39,15.181518151815181,2.9702970297029703,12.211221122112212,84.81848184818482,71.94719471947195,12.871287128712872
E00180103,374,73,15,58,301,268,33,19.518716577540108,4.0106951871657754,15.508021390374333,80.4812834224599,71.65775401069519,8.823529411764707
E00180104,169,42,12,30,127,112,15,24.85207100591716,7.100591715976331,17.75147928994083,75.14792899408283,66.27218934911244,8.875739644970414
E00180105,204,51,13,38,153,127,26,25,6.372549019607843,18.627450980392158,75,62.254901960784316,12.745098039215685
E00180106,125,22,4,18,103,90,13,17.599999999999998,3.2,14.399999999999999,82.39999999999999,72,10.4
E00180110,127,29,9,20,98,85,13,22.83464566929134,7.086614173228346,15.748031496062993,77.16535433070865,66.92913385826772,10.236220472440944
E00180111,314,65,23,42,249,204,45,20.70063694267516,7.32484076433121,13.375796178343949,79.29936305732484,64.96815286624204,14.331210191082802
E00180115,78,13,0,13,65,59,6,16.666666666666664,0,16.666666666666664,83.33333333333334,75.64102564102564,7.6923076923076925
E00180116,91,16,6,10,75,70,5,17.582417582417584,6.593406593406594,10.989010989010989,82.41758241758241,76.92307692307693,5.4945054945054945
E00180117,112,17,2,15,95,73,22,15.178571428571427,1.7857142857142856,13.392857142857142,84.82142857142857,65.17857142857143,19.642857142857142
E00180118,222,73,15,58,149,136,13,32.88288288288289,6.756756756756757,26.126126126126124,67.11711711711712,61.261261261261254,5.8558558558558556
E00180120,39,4,3,1,35,35,0,10.256410256410255,7.6923076923076925,2.564102564102564,89.74358974358975,89.74358974358975,0
E00180121,360,62,9,53,298,256,42,17.22222222222222,2.5,14.722222222222223,82.77777777777777,71.11111111111111,11.666666666666666
E00180122,42,10,3,7,32,30,2,23.809523809523807,7.142857142857142,16.666666666666664,76.19047619047619,71.42857142857143,4.761904761904762
E00180123,278,55,8,47,223,195,28,19.784172661870503,2.877697841726619,16.906474820143885,80.2158273381295,70.14388489208633,10.071942446043165
E00180124,96,19,5,14,77,69,8,19.791666666666664,5.208333333333334,14.583333333333334,80.20833333333334,71.875,8.333333333333332
E00180127,281,45,12,33,236,208,28,16.014234875444842,4.270462633451958,11.743772241992882,83.98576512455516,74.02135231316726,9.9644128113879
E00180128,109,19,3,16,90,77,13,17.431192660550458,2.7522935779816518,14.678899082568808,82.56880733944955,70.64220183486239,11.926605504587156
E00180129,132,41,13,28,91,72,19,31.060606060606062,9.848484848484848,21.21212121212121,68.93939393939394,54.54545454545454,14.393939393939394
E00180130,116,26,8,18,90,77,13,22.413793103448278,6.896551724137931,15.517241379310345,77.58620689655173,66.37931034482759,11.206896551724139
E00180131,192,37,7,30,155,130,25,19.270833333333336,3.6458333333333335,15.625,80.72916666666666,67.70833333333334,13.020833333333334
E00180132,281,64,16,48,217,182,35,22.77580071174377,5.6939501779359425,17.08185053380783,77.22419928825623,64.76868327402136,12.455516014234876
E00180133,70,7,3,4,63,55,8,10,4.285714285714286,5.714285714285714,90,78.57142857142857,11.428571428571429
E00180137,215,27,7,20,188,166,22,12.558139534883722,3.255813953488372,9.30232558139535,87.44186046511628,77.20930232558139,10.232558139534884
E00180138,100,24,4,20,76,67,9,24,4,20,76,67,9
E00180139,192,42,12,30,150,132,18,21.875,6.25,15.625,78.125,68.75,9.375
E00180141,157,32,9,23,125,103,22,20.382165605095544,5.7324840764331215,14.64968152866242,79.61783439490446,65.60509554140127,14.012738853503185
