OA,ts0380001,ts0380002,ts0380003,ts0380004,ts0380005,ts0380006,ts0380007,ts0380002_PCT,ts0380003_PCT,ts0380004_PCT,ts0380005_PCT,ts0380006_PCT,ts0380007_PCT
E00107397,284,91,42,49,193,32,161,32.04225352112676,14.788732394366196,17.253521126760564,67.95774647887323,11.267605633802818,56.690140845070424
E00107398,227,43,14,29,184,26,158,18.94273127753304,6.167400881057269,12.77533039647577,81.05726872246696,11.45374449339207,69.60352422907489
E00107399,248,37,13,24,211,14,197,14.919354838709678,5.241935483870968,9.67741935483871,85.08064516129032,5.64516129032258,79.43548387096774
E00107403,228,35,11,24,193,14,179,15.350877192982457,4.824561403508771,10.526315789473683,84.64912280701753,6.140350877192982,78.50877192982456
E00107404,107,16,7,9,91,6,85,14.953271028037381,6.5420560747663545,8.411214953271028,85.04672897196261,5.607476635514018,79.43925233644859
E00107405,171,22,5,17,149,11,138,12.865497076023392,2.923976608187134,9.941520467836257,87.13450292397661,6.432748538011696,80.7017543859649
E00107406,491,83,25,58,408,44,364,16.90427698574338,5.091649694501019,11.812627291242363,83.09572301425662,8.961303462321792,74.13441955193483
E00107407,296,35,10,25,261,38,223,11.824324324324325,3.3783783783783785,8.445945945945946,88.17567567567568,12.837837837837837,75.33783783783784
E00107408,329,47,12,35,282,29,253,14.285714285714285,3.64741641337386,10.638297872340425,85.71428571428571,8.814589665653495,76.89969604863222
E00107409,303,44,15,29,259,25,234,14.521452145214523,4.9504950495049505,9.570957095709572,85.47854785478548,8.25082508250825,77.22772277227723
E00107410,378,44,13,31,334,39,295,11.64021164021164,3.439153439153439,8.201058201058201,88.35978835978835,10.317460317460316,78.04232804232805
E00107412,311,42,12,30,269,28,241,13.504823151125404,3.858520900321544,9.646302250803858,86.49517684887459,9.003215434083602,77.491961414791
E00107413,200,62,28,34,138,20,118,31,14.000000000000002,17,69,10,59
E00107414,437,105,67,38,332,34,298,24.02745995423341,15.331807780320366,8.695652173913043,75.97254004576659,7.780320366132723,68.19221967963387
E00107415,401,81,41,40,320,37,283,20.199501246882793,10.224438902743142,9.975062344139651,79.80049875311721,9.226932668329177,70.57356608478803
E00107416,426,44,12,32,382,39,343,10.328638497652582,2.8169014084507045,7.511737089201878,89.67136150234741,9.15492957746479,80.51643192488262
E00107417,373,64,21,43,309,26,283,17.158176943699733,5.630026809651475,11.528150134048257,82.84182305630027,6.970509383378016,75.87131367292224
E00107418,572,84,22,62,488,43,445,14.685314685314685,3.8461538461538463,10.839160839160838,85.3146853146853,7.517482517482517,77.7972027972028
E00107419,138,10,1,9,128,17,111,7.246376811594203,0.7246376811594203,6.521739130434782,92.7536231884058,12.318840579710146,80.43478260869566
E00107420,331,42,18,24,289,42,247,12.688821752265861,5.438066465256798,7.250755287009064,87.31117824773413,12.688821752265861,74.62235649546828
E00107421,465,99,49,50,366,28,338,21.29032258064516,10.53763440860215,10.75268817204301,78.70967741935485,6.021505376344086,72.68817204301075
E00107422,306,43,16,27,263,31,232,14.052287581699346,5.228758169934641,8.823529411764707,85.94771241830065,10.130718954248366,75.81699346405229
E00107423,397,76,44,32,321,34,287,19.143576826196472,11.083123425692696,8.060453400503778,80.85642317380352,8.564231738035264,72.29219143576826
E00107424,342,73,32,41,269,19,250,21.34502923976608,9.35672514619883,11.988304093567251,78.65497076023392,5.555555555555555,73.09941520467837
E00107425,433,78,19,59,355,36,319,18.013856812933028,4.387990762124711,13.625866050808314,81.98614318706697,8.314087759815243,73.67205542725173
E00107426,332,44,17,27,288,33,255,13.253012048192772,5.120481927710843,8.132530120481928,86.74698795180723,9.939759036144578,76.80722891566265
E00107427,413,90,40,50,323,23,300,21.791767554479417,9.685230024213075,12.106537530266344,78.20823244552058,5.569007263922518,72.63922518159806
E00107428,358,51,22,29,307,26,281,14.24581005586592,6.145251396648044,8.100558659217876,85.75418994413407,7.262569832402235,78.49162011173185
E00107429,304,42,13,29,262,25,237,13.815789473684212,4.276315789473684,9.539473684210527,86.18421052631578,8.223684210526317,77.96052631578947
E00107430,286,41,14,27,245,25,220,14.335664335664337,4.895104895104895,9.44055944055944,85.66433566433567,8.741258741258742,76.92307692307693
E00107431,372,56,17,39,316,22,294,15.053763440860216,4.56989247311828,10.483870967741936,84.94623655913979,5.913978494623656,79.03225806451613
E00107432,183,67,41,26,116,14,102,36.6120218579235,22.404371584699454,14.207650273224044,63.387978142076506,7.650273224043716,55.73770491803278
E00107433,279,54,19,35,225,33,192,19.35483870967742,6.810035842293908,12.544802867383511,80.64516129032258,11.827956989247312,68.81720430107528
E00107434,409,67,24,43,342,41,301,16.381418092909534,5.8679706601467,10.513447432762836,83.61858190709046,10.024449877750612,73.59413202933986
E00107435,504,69,20,49,435,29,406,13.690476190476192,3.968253968253968,9.722222222222223,86.30952380952381,5.753968253968254,80.55555555555556
E00107436,255,33,12,21,222,19,203,12.941176470588237,4.705882352941177,8.235294117647058,87.05882352941177,7.450980392156863,79.6078431372549
E00107439,223,43,20,23,180,22,158,19.282511210762333,8.968609865470851,10.31390134529148,80.71748878923766,9.865470852017937,70.85201793721974
E00107440,282,36,16,20,246,26,220,12.76595744680851,5.673758865248227,7.092198581560284,87.2340425531915,9.219858156028367,78.01418439716312
E00107441,388,60,12,48,328,27,301,15.463917525773196,3.0927835051546393,12.371134020618557,84.5360824742268,6.958762886597938,77.57731958762886
E00107442,331,47,15,32,284,23,261,14.19939577039275,4.531722054380665,9.667673716012084,85.80060422960725,6.948640483383686,78.85196374622356
E00107443,286,66,26,40,220,24,196,23.076923076923077,9.090909090909092,13.986013986013987,76.92307692307693,8.391608391608392,68.53146853146853
E00107444,333,51,14,37,282,33,249,15.315315315315313,4.2042042042042045,11.11111111111111,84.68468468468468,9.90990990990991,74.77477477477478
E00107445,393,42,20,22,351,41,310,10.687022900763358,5.089058524173027,5.597964376590331,89.31297709923665,10.432569974554708,78.88040712468194
E00107446,382,62,19,43,320,20,300,16.230366492146597,4.973821989528796,11.2565445026178,83.7696335078534,5.2356020942408374,78.53403141361257
E00107447,312,69,27,42,243,28,215,22.115384615384613,8.653846153846153,13.461538461538462,77.88461538461539,8.974358974358974,68.91025641025641
E00107449,193,62,27,35,131,21,110,32.12435233160622,13.989637305699482,18.134715025906736,67.87564766839378,10.880829015544041,56.994818652849744
E00107450,217,28,7,21,189,23,166,12.903225806451612,3.225806451612903,9.67741935483871,87.09677419354838,10.599078341013826,76.49769585253456
E00107451,327,37,10,27,290,34,256,11.314984709480122,3.058103975535168,8.256880733944955,88.68501529051987,10.397553516819572,78.2874617737003
E00107452,215,36,16,20,179,33,146,16.74418604651163,7.441860465116279,9.30232558139535,83.25581395348837,15.348837209302326,67.90697674418604
E00107453,352,43,10,33,309,49,260,12.215909090909092,2.840909090909091,9.375,87.7840909090909,13.920454545454545,73.86363636363636
E00107454,344,45,19,26,299,35,264,13.08139534883721,5.523255813953488,7.55813953488372,86.9186046511628,10.174418604651162,76.74418604651163
E00107455,352,44,8,36,308,36,272,12.5,2.272727272727273,10.227272727272728,87.5,10.227272727272728,77.27272727272727
E00107456,410,70,22,48,340,35,305,17.073170731707318,5.365853658536586,11.707317073170733,82.92682926829268,8.536585365853659,74.39024390243902
E00107457,271,65,25,40,206,23,183,23.985239852398525,9.22509225092251,14.760147601476014,76.01476014760148,8.487084870848708,67.52767527675276
E00107458,286,46,6,40,240,40,200,16.083916083916083,2.097902097902098,13.986013986013987,83.91608391608392,13.986013986013987,69.93006993006993
E00107459,336,52,11,41,284,28,256,15.476190476190476,3.273809523809524,12.202380952380953,84.52380952380952,8.333333333333332,76.19047619047619
E00107460,388,74,25,49,314,16,298,19.072164948453608,6.443298969072164,12.628865979381443,80.9278350515464,4.123711340206185,76.80412371134021
E00107461,324,40,16,24,284,17,267,12.345679012345679,4.938271604938271,7.4074074074074066,87.65432098765432,5.246913580246913,82.4074074074074
E00107462,279,33,14,19,246,24,222,11.827956989247312,5.017921146953405,6.810035842293908,88.17204301075269,8.60215053763441,79.56989247311827
E00107463,288,41,10,31,247,35,212,14.23611111111111,3.4722222222222223,10.76388888888889,85.76388888888889,12.152777777777777,73.61111111111111
E00107464,248,41,15,26,207,22,185,16.532258064516128,6.048387096774194,10.483870967741936,83.46774193548387,8.870967741935484,74.59677419354838
E00107465,270,56,18,38,214,35,179,20.74074074074074,6.666666666666667,14.074074074074074,79.25925925925927,12.962962962962962,66.2962962962963
E00107466,367,55,12,43,312,41,271,14.986376021798364,3.2697547683923704,11.716621253405995,85.01362397820164,11.1716621253406,73.84196185286103
E00107467,316,30,10,20,286,33,253,9.49367088607595,3.1645569620253164,6.329113924050633,90.50632911392405,10.443037974683545,80.0632911392405
E00107468,478,58,25,33,420,44,376,12.133891213389122,5.230125523012552,6.903765690376569,87.86610878661088,9.205020920502092,78.66108786610879
E00107469,386,49,14,35,337,41,296,12.694300518134716,3.6269430051813467,9.067357512953368,87.30569948186529,10.621761658031089,76.68393782383419
E00107470,442,67,18,49,375,34,341,15.158371040723981,4.072398190045249,11.085972850678733,84.84162895927602,7.6923076923076925,77.14932126696833
E00107471,355,55,13,42,300,28,272,15.492957746478872,3.6619718309859155,11.830985915492958,84.50704225352112,7.887323943661972,76.61971830985915
E00107472,373,67,23,44,306,46,260,17.962466487935657,6.166219839142091,11.796246648793565,82.03753351206434,12.332439678284182,69.70509383378017
E00107473,443,75,20,55,368,34,334,16.93002257336343,4.514672686230249,12.415349887133182,83.06997742663657,7.674943566591422,75.39503386004515
E00107474,485,65,26,39,420,52,368,13.402061855670103,5.360824742268041,8.041237113402062,86.5979381443299,10.721649484536082,75.87628865979381
E00107475,340,45,18,27,295,25,270,13.23529411764706,5.294117647058823,7.941176470588235,86.76470588235294,7.352941176470589,79.41176470588235
E00107476,303,59,24,35,244,20,224,19.471947194719473,7.920792079207921,11.55115511551155,80.52805280528052,6.6006600660066,73.92739273927393
E00107477,341,49,13,36,292,35,257,14.369501466275661,3.812316715542522,10.557184750733137,85.63049853372434,10.263929618768328,75.366568914956
E00107478,354,42,17,25,312,35,277,11.864406779661017,4.80225988700565,7.062146892655368,88.13559322033898,9.887005649717514,78.24858757062147
E00107479,451,62,22,40,389,46,343,13.747228381374724,4.878048780487805,8.869179600886918,86.25277161862527,10.199556541019955,76.05321507760532
E00107480,299,60,20,40,239,34,205,20.066889632107024,6.688963210702341,13.377926421404682,79.93311036789298,11.37123745819398,68.56187290969899
E00107481,303,52,15,37,251,38,213,17.16171617161716,4.9504950495049505,12.211221122112212,82.83828382838284,12.541254125412541,70.29702970297029
E00107482,316,44,11,33,272,23,249,13.924050632911392,3.481012658227848,10.443037974683545,86.07594936708861,7.2784810126582276,78.79746835443038
E00107483,343,56,17,39,287,36,251,16.3265306122449,4.956268221574344,11.370262390670554,83.6734693877551,10.495626822157435,73.17784256559767
E00107484,309,44,14,30,265,17,248,14.239482200647249,4.53074433656958,9.70873786407767,85.76051779935275,5.501618122977346,80.2588996763754
E00107485,350,52,16,36,298,41,257,14.857142857142858,4.571428571428571,10.285714285714285,85.14285714285714,11.714285714285715,73.42857142857143
E00107486,362,37,8,29,325,47,278,10.220994475138122,2.209944751381215,8.011049723756907,89.77900552486187,12.98342541436464,76.79558011049724
E00107487,318,87,35,52,231,24,207,27.358490566037734,11.0062893081761,16.352201257861633,72.64150943396226,7.547169811320755,65.09433962264151
E00107488,342,49,25,24,293,19,274,14.327485380116958,7.309941520467836,7.017543859649122,85.67251461988305,5.555555555555555,80.11695906432749
E00107489,254,30,14,16,224,20,204,11.811023622047244,5.511811023622047,6.299212598425196,88.18897637795276,7.874015748031496,80.31496062992126
E00107490,353,43,19,24,310,22,288,12.181303116147308,5.382436260623229,6.79886685552408,87.81869688385268,6.232294617563739,81.58640226628894
E00107491,288,47,18,29,241,30,211,16.319444444444446,6.25,10.069444444444445,83.68055555555556,10.416666666666668,73.26388888888889
E00107492,305,88,53,35,217,17,200,28.852459016393446,17.37704918032787,11.475409836065573,71.14754098360656,5.573770491803279,65.57377049180327
E00107493,299,41,13,28,258,32,226,13.712374581939798,4.3478260869565215,9.364548494983277,86.2876254180602,10.702341137123746,75.58528428093646
E00107494,297,52,20,32,245,25,220,17.50841750841751,6.7340067340067336,10.774410774410773,82.49158249158249,8.417508417508419,74.07407407407408
E00107495,307,51,22,29,256,21,235,16.612377850162865,7.166123778501629,9.446254071661238,83.38762214983714,6.840390879478828,76.54723127035831
E00107496,349,51,8,43,298,32,266,14.613180515759314,2.292263610315186,12.320916905444127,85.38681948424069,9.169054441260744,76.21776504297995
E00107497,277,32,9,23,245,16,229,11.552346570397113,3.2490974729241873,8.303249097472925,88.4476534296029,5.776173285198556,82.67148014440433
E00107498,361,47,10,37,314,33,281,13.019390581717452,2.7700831024930745,10.249307479224377,86.98060941828255,9.141274238227147,77.8393351800554
E00107499,378,54,24,30,324,30,294,14.285714285714285,6.349206349206349,7.936507936507936,85.71428571428571,7.936507936507936,77.77777777777779
E00107500,330,37,9,28,293,24,269,11.212121212121213,2.727272727272727,8.484848484848486,88.7878787878788,7.2727272727272725,81.51515151515152
E00107501,347,85,49,36,262,23,239,24.495677233429394,14.121037463976945,10.37463976945245,75.50432276657061,6.628242074927954,68.87608069164266
E00107502,296,55,22,33,241,24,217,18.58108108108108,7.4324324324324325,11.14864864864865,81.41891891891892,8.108108108108109,73.3108108108108
E00107503,215,51,18,33,164,15,149,23.72093023255814,8.372093023255815,15.348837209302326,76.27906976744187,6.976744186046512,69.30232558139535
E00107504,290,88,61,27,202,21,181,30.344827586206897,21.03448275862069,9.310344827586208,69.6551724137931,7.241379310344828,62.41379310344828
E00107505,356,45,9,36,311,34,277,12.640449438202248,2.528089887640449,10.112359550561797,87.35955056179775,9.550561797752808,77.80898876404494
E00107506,378,63,32,31,315,27,288,16.666666666666664,8.465608465608465,8.201058201058201,83.33333333333334,7.142857142857142,76.19047619047619
E00107507,250,28,5,23,222,20,202,11.200000000000001,2,9.2,88.8,8,80.80000000000001
E00107508,321,31,6,25,290,32,258,9.657320872274143,1.8691588785046727,7.78816199376947,90.34267912772586,9.968847352024921,80.37383177570094
E00107509,304,51,18,33,253,17,236,16.776315789473685,5.921052631578947,10.855263157894738,83.22368421052632,5.592105263157895,77.63157894736842
E00107510,227,51,20,31,176,23,153,22.46696035242291,8.81057268722467,13.656387665198238,77.5330396475771,10.13215859030837,67.40088105726872
E00107511,388,54,12,42,334,27,307,13.917525773195877,3.0927835051546393,10.824742268041238,86.08247422680412,6.958762886597938,79.12371134020619
E00107512,285,40,17,23,245,26,219,14.035087719298245,5.964912280701754,8.070175438596491,85.96491228070175,9.12280701754386,76.84210526315789
E00107513,370,27,10,17,343,33,310,7.297297297297297,2.7027027027027026,4.594594594594595,92.7027027027027,8.91891891891892,83.78378378378379
E00107514,309,37,13,24,272,16,256,11.974110032362459,4.207119741100324,7.766990291262135,88.02588996763754,5.177993527508091,82.84789644012946
E00107515,364,44,16,28,320,25,295,12.087912087912088,4.395604395604396,7.6923076923076925,87.91208791208791,6.868131868131869,81.04395604395604
E00107516,218,22,6,16,196,10,186,10.091743119266056,2.7522935779816518,7.339449541284404,89.90825688073394,4.587155963302752,85.3211009174312
E00107517,309,48,13,35,261,19,242,15.53398058252427,4.207119741100324,11.326860841423949,84.46601941747572,6.148867313915858,78.31715210355988
E00107518,217,87,74,13,130,9,121,40.09216589861751,34.10138248847927,5.990783410138248,59.907834101382484,4.147465437788019,55.76036866359447
E00107519,203,36,13,23,167,27,140,17.733990147783253,6.403940886699508,11.330049261083744,82.26600985221675,13.30049261083744,68.96551724137932
E00107520,394,92,44,48,302,30,272,23.3502538071066,11.16751269035533,12.18274111675127,76.6497461928934,7.614213197969544,69.03553299492386
E00107521,312,47,15,32,265,25,240,15.064102564102564,4.807692307692308,10.256410256410255,84.93589743589743,8.012820512820513,76.92307692307693
E00107522,183,22,4,18,161,14,147,12.021857923497267,2.185792349726776,9.836065573770492,87.97814207650273,7.650273224043716,80.32786885245902
E00107523,253,51,16,35,202,31,171,20.158102766798418,6.324110671936759,13.83399209486166,79.84189723320159,12.25296442687747,67.58893280632411
E00107524,243,31,8,23,212,26,186,12.757201646090536,3.292181069958848,9.465020576131687,87.24279835390946,10.699588477366255,76.5432098765432
E00107525,250,41,12,29,209,32,177,16.400000000000002,4.8,11.600000000000001,83.6,12.8,70.8
E00107526,287,47,11,36,240,22,218,16.376306620209057,3.8327526132404177,12.543554006968641,83.62369337979094,7.665505226480835,75.9581881533101
E00107527,296,73,30,43,223,23,200,24.66216216216216,10.135135135135135,14.527027027027026,75.33783783783784,7.77027027027027,67.56756756756756
E00107528,268,58,15,43,210,13,197,21.641791044776117,5.597014925373134,16.044776119402986,78.35820895522389,4.850746268656716,73.50746268656717
E00107529,430,68,29,39,362,31,331,15.813953488372093,6.744186046511628,9.069767441860465,84.18604651162791,7.209302325581396,76.9767441860465
E00107530,343,56,17,39,287,22,265,16.3265306122449,4.956268221574344,11.370262390670554,83.6734693877551,6.41399416909621,77.25947521865889
E00107531,275,40,14,26,235,25,210,14.545454545454545,5.090909090909091,9.454545454545455,85.45454545454545,9.090909090909092,76.36363636363637
E00107532,381,49,17,32,332,27,305,12.860892388451445,4.4619422572178475,8.398950131233596,87.13910761154857,7.086614173228346,80.0524934383202
E00107533,331,30,7,23,301,28,273,9.06344410876133,2.1148036253776437,6.948640483383686,90.93655589123867,8.459214501510575,82.4773413897281
E00107534,414,65,24,41,349,25,324,15.70048309178744,5.797101449275362,9.903381642512077,84.29951690821255,6.038647342995169,78.26086956521739
E00107535,259,19,5,14,240,13,227,7.335907335907336,1.9305019305019304,5.405405405405405,92.66409266409266,5.019305019305019,87.64478764478764
E00107536,338,49,21,28,289,13,276,14.497041420118343,6.21301775147929,8.284023668639055,85.50295857988166,3.8461538461538463,81.65680473372781
E00107537,308,76,22,54,232,27,205,24.675324675324674,7.142857142857142,17.532467532467532,75.32467532467533,8.766233766233766,66.55844155844156
E00107538,324,60,19,41,264,19,245,18.51851851851852,5.864197530864197,12.654320987654321,81.48148148148148,5.864197530864197,75.61728395061729
E00107539,291,46,21,25,245,32,213,15.807560137457044,7.216494845360824,8.59106529209622,84.19243986254295,10.996563573883162,73.19587628865979
E00107540,312,27,8,19,285,20,265,8.653846153846153,2.564102564102564,6.089743589743589,91.34615384615384,6.41025641025641,84.93589743589743
E00107541,330,41,11,30,289,29,260,12.424242424242424,3.3333333333333335,9.090909090909092,87.57575757575758,8.787878787878787,78.78787878787878
E00107542,397,55,18,37,342,27,315,13.85390428211587,4.534005037783375,9.319899244332493,86.14609571788414,6.801007556675064,79.34508816120906
E00107543,255,47,11,36,208,13,195,18.43137254901961,4.313725490196078,14.117647058823529,81.56862745098039,5.098039215686274,76.47058823529412
E00107544,307,56,15,41,251,25,226,18.241042345276874,4.88599348534202,13.355048859934854,81.75895765472313,8.143322475570033,73.61563517915309
E00107545,332,43,15,28,289,21,268,12.951807228915662,4.518072289156627,8.433734939759036,87.04819277108435,6.325301204819277,80.72289156626506
E00107546,298,40,8,32,258,18,240,13.422818791946309,2.684563758389262,10.738255033557047,86.57718120805369,6.0402684563758395,80.53691275167785
E00107547,373,56,20,36,317,49,268,15.013404825737265,5.361930294906166,9.651474530831099,84.98659517426273,13.136729222520108,71.84986595174263
E00107548,309,34,18,16,275,30,245,11.003236245954692,5.825242718446602,5.177993527508091,88.9967637540453,9.70873786407767,79.28802588996764
E00107549,391,47,14,33,344,35,309,12.020460358056265,3.580562659846547,8.439897698209718,87.97953964194375,8.951406649616368,79.02813299232737
E00107550,335,51,22,29,284,25,259,15.223880597014924,6.567164179104477,8.656716417910449,84.77611940298507,7.462686567164178,77.31343283582089
E00107551,320,45,15,30,275,31,244,14.0625,4.6875,9.375,85.9375,9.6875,76.25
E00107552,481,63,13,50,418,34,384,13.097713097713099,2.7027027027027026,10.395010395010395,86.9022869022869,7.0686070686070686,79.83367983367984
E00107553,256,39,12,27,217,35,182,15.234375,4.6875,10.546875,84.765625,13.671875,71.09375
E00107554,311,49,8,41,262,26,236,15.755627009646304,2.572347266881029,13.183279742765272,84.2443729903537,8.360128617363344,75.88424437299035
E00107555,385,55,17,38,330,33,297,14.285714285714285,4.415584415584416,9.87012987012987,85.71428571428571,8.571428571428571,77.14285714285715
E00107556,551,57,21,36,494,34,460,10.344827586206897,3.8112522686025407,6.533575317604355,89.65517241379311,6.170598911070781,83.48457350272233
E00107557,389,43,15,28,346,37,309,11.053984575835475,3.8560411311053984,7.197943444730077,88.94601542416453,9.511568123393316,79.43444730077121
E00107558,391,52,21,31,339,31,308,13.299232736572892,5.3708439897698215,7.928388746803069,86.70076726342711,7.928388746803069,78.77237851662404
E00107559,437,48,15,33,389,29,360,10.983981693363845,3.4324942791762014,7.551487414187644,89.01601830663616,6.636155606407322,82.37986270022884
E00107560,275,53,19,34,222,23,199,19.272727272727273,6.909090909090909,12.363636363636363,80.72727272727272,8.363636363636363,72.36363636363636
E00107561,289,46,18,28,243,26,217,15.916955017301039,6.228373702422145,9.688581314878892,84.08304498269896,8.996539792387544,75.08650519031141
E00107562,398,26,4,22,372,24,348,6.532663316582915,1.0050251256281406,5.527638190954774,93.46733668341709,6.030150753768844,87.43718592964824
E00107563,334,33,13,20,301,29,272,9.880239520958083,3.8922155688622757,5.9880239520958085,90.11976047904191,8.682634730538922,81.437125748502993
E00107564,302,68,28,40,234,26,208,22.516556291390728,9.271523178807946,13.245033112582782,77.48344370860927,8.609271523178808,68.87417218543047
E00107565,366,34,11,23,332,33,299,9.289617486338798,3.0054644808743167,6.284153005464481,90.7103825136612,9.01639344262295,81.69398907103826
E00107566,250,31,9,22,219,25,194,12.4,3.5999999999999996,8.799999999999999,87.6,10,77.60000000000001
E00107567,268,45,17,28,223,23,200,16.791044776119403,6.343283582089552,10.44776119402985,83.2089552238806,8.582089552238806,74.6268656716418
E00107568,284,32,10,22,252,26,226,11.267605633802818,3.5211267605633805,7.746478873239436,88.73239436619718,9.15492957746479,79.5774647887324
E00107569,249,54,22,32,195,21,174,21.686746987951807,8.835341365461847,12.851405622489958,78.3132530120482,8.433734939759036,69.87951807228916
E00107570,408,122,85,37,286,33,253,29.901960784313726,20.833333333333336,9.068627450980392,70.09803921568627,8.088235294117647,62.00980392156863
E00107571,278,55,18,37,223,35,188,19.784172661870503,6.474820143884892,13.309352517985612,80.2158273381295,12.589928057553957,67.62589928057554
E00107572,209,56,25,31,153,15,138,26.794258373205743,11.961722488038278,14.832535885167463,73.20574162679426,7.177033492822966,66.02870813397129
E00107573,222,47,19,28,175,28,147,21.17117117117117,8.558558558558559,12.612612612612612,78.82882882882883,12.612612612612612,66.21621621621621
E00107574,359,73,31,42,286,24,262,20.334261838440113,8.635097493036211,11.699164345403899,79.66573816155989,6.685236768802229,72.98050139275766
E00107575,270,79,44,35,191,19,172,29.259259259259256,16.296296296296298,12.962962962962962,70.74074074074073,7.037037037037037,63.70370370370371
E00107576,252,82,45,37,170,17,153,32.53968253968254,17.857142857142858,14.682539682539684,67.46031746031747,6.746031746031746,60.71428571428571
E00107577,326,64,21,43,262,33,229,19.631901840490798,6.441717791411043,13.190184049079754,80.3680981595092,10.122699386503067,70.24539877300614
E00107579,276,39,11,28,237,28,209,14.130434782608695,3.985507246376811,10.144927536231885,85.86956521739131,10.144927536231885,75.72463768115942
E00107581,332,58,18,40,274,28,246,17.46987951807229,5.421686746987952,12.048192771084338,82.53012048192771,8.433734939759036,74.09638554216868
E00107582,334,46,12,34,288,35,253,13.77245508982036,3.592814371257485,10.179640718562874,86.22754491017965,10.479041916167663,75.74850299401199
E00107583,343,46,15,31,297,37,260,13.411078717201166,4.373177842565598,9.037900874635568,86.58892128279884,10.787172011661808,75.80174927113703
E00107584,343,73,31,42,270,26,244,21.282798833819243,9.037900874635568,12.244897959183673,78.71720116618076,7.580174927113703,71.13702623906705
E00107585,280,36,10,26,244,33,211,12.857142857142856,3.571428571428571,9.285714285714286,87.14285714285714,11.785714285714285,75.35714285714286
E00107586,284,52,16,36,232,26,206,18.30985915492958,5.633802816901409,12.676056338028168,81.69014084507043,9.15492957746479,72.53521126760563
E00107587,325,48,17,31,277,33,244,14.76923076923077,5.230769230769231,9.538461538461538,85.23076923076923,10.153846153846153,75.07692307692308
E00107588,378,104,41,63,274,19,255,27.513227513227513,10.846560846560847,16.666666666666664,72.4867724867725,5.026455026455026,67.46031746031747
E00107589,542,116,46,70,426,57,369,21.40221402214022,8.487084870848708,12.915129151291513,78.59778597785979,10.516605166051662,68.08118081180811
E00107590,333,98,41,57,235,20,215,29.429429429429426,12.312312312312311,17.117117117117118,70.57057057057057,6.006006006006006,64.56456456456456
E00107591,247,70,40,30,177,21,156,28.34008097165992,16.194331983805668,12.145748987854251,71.65991902834008,8.502024291497975,63.1578947368421
E00107592,280,94,52,42,186,10,176,33.57142857142857,18.571428571428573,15,66.42857142857143,3.571428571428571,62.857142857142854
E00107593,366,81,32,49,285,18,267,22.131147540983605,8.743169398907105,13.387978142076504,77.8688524590164,4.918032786885246,72.95081967213115
E00107594,280,67,27,40,213,19,194,23.92857142857143,9.642857142857144,14.285714285714285,76.07142857142857,6.785714285714286,69.28571428571428
E00107597,407,69,23,46,338,38,300,16.953316953316953,5.651105651105651,11.302211302211303,83.04668304668304,9.336609336609335,73.71007371007371
E00107598,297,43,13,30,254,33,221,14.47811447811448,4.377104377104377,10.1010101010101,85.52188552188552,11.11111111111111,74.41077441077442
E00107599,375,75,29,46,300,32,268,20,7.733333333333333,12.266666666666666,80,8.533333333333333,71.46666666666667
E00107600,291,105,54,51,186,22,164,36.08247422680412,18.556701030927837,17.525773195876287,63.91752577319587,7.560137457044673,56.3573883161512
E00107601,363,88,48,40,275,26,249,24.242424242424242,13.223140495867769,11.019283746556475,75.75757575757575,7.162534435261708,68.59504132231406
E00107602,282,77,40,37,205,33,172,27.30496453900709,14.184397163120568,13.120567375886525,72.69503546099291,11.702127659574469,60.99290780141844
E00107603,447,114,54,60,333,32,301,25.503355704697988,12.080536912751679,13.422818791946309,74.49664429530202,7.158836689038031,67.33780760626398
E00107604,456,101,47,54,355,49,306,22.149122807017545,10.307017543859649,11.842105263157894,77.85087719298247,10.74561403508772,67.10526315789474
E00107605,575,84,32,52,491,37,454,14.608695652173914,5.565217391304348,9.043478260869566,85.3913043478261,6.434782608695652,78.95652173913044
E00107606,281,61,23,38,220,24,196,21.70818505338078,8.185053380782918,13.523131672597867,78.29181494661923,8.540925266903916,69.7508896797153
E00107607,439,84,36,48,355,34,321,19.134396355353076,8.200455580865604,10.933940774487471,80.86560364464692,7.744874715261959,73.12072892938497
E00107608,280,34,11,23,246,27,219,12.142857142857142,3.9285714285714284,8.214285714285714,87.85714285714286,9.642857142857144,78.21428571428571
E00107609,324,43,9,34,281,37,244,13.271604938271606,2.7777777777777777,10.493827160493826,86.72839506172839,11.419753086419753,75.30864197530865
E00107610,278,50,14,36,228,31,197,17.985611510791365,5.0359712230215825,12.949640287769784,82.01438848920863,11.151079136690647,70.86330935251799
E00107611,364,101,46,55,263,31,232,27.747252747252748,12.637362637362637,15.10989010989011,72.25274725274726,8.516483516483516,63.73626373626373
E00107612,274,71,25,46,203,27,176,25.91240875912409,9.124087591240876,16.78832116788321,74.08759124087592,9.854014598540147,64.23357664233576
E00107613,298,63,27,36,235,21,214,21.140939597315437,9.060402684563758,12.080536912751679,78.85906040268456,7.046979865771812,71.81208053691275
E00107614,317,83,30,53,234,27,207,26.18296529968454,9.46372239747634,16.7192429022082,73.81703470031546,8.517350157728707,65.29968454258676
E00107615,203,55,30,25,148,18,130,27.093596059113302,14.77832512315271,12.31527093596059,72.9064039408867,8.866995073891626,64.03940886699507
E00107616,184,63,32,31,121,15,106,34.23913043478261,17.391304347826086,16.847826086956523,65.76086956521739,8.152173913043478,57.608695652173914
E00107617,215,50,19,31,165,20,145,23.25581395348837,8.837209302325581,14.418604651162791,76.74418604651163,9.30232558139535,67.44186046511628
E00107618,274,63,26,37,211,21,190,22.99270072992701,9.48905109489051,13.503649635036496,77.00729927007299,7.664233576642336,69.34306569343066
E00107619,285,82,36,46,203,25,178,28.771929824561404,12.631578947368421,16.140350877192983,71.2280701754386,8.771929824561402,62.4561403508772
E00107620,325,82,36,46,243,24,219,25.23076923076923,11.076923076923077,14.153846153846153,74.76923076923076,7.384615384615385,67.38461538461539
E00107621,351,60,26,34,291,21,270,17.094017094017094,7.4074074074074066,9.686609686609685,82.90598290598291,5.982905982905983,76.92307692307693
E00107622,285,56,19,37,229,31,198,19.649122807017545,6.666666666666667,12.982456140350877,80.35087719298247,10.87719298245614,69.47368421052632
E00107623,329,85,45,40,244,35,209,25.835866261398177,13.677811550151976,12.158054711246201,74.16413373860182,10.638297872340425,63.525835866261396
E00107624,330,41,14,27,289,29,260,12.424242424242424,4.242424242424243,8.181818181818182,87.57575757575758,8.787878787878787,78.78787878787878
E00107625,350,46,10,36,304,27,277,13.142857142857142,2.857142857142857,10.285714285714285,86.85714285714286,7.7142857142857135,79.14285714285715
E00107626,270,28,8,20,242,16,226,10.37037037037037,2.9629629629629632,7.4074074074074066,89.62962962962962,5.9259259259259265,83.7037037037037
E00107627,254,32,8,24,222,21,201,12.598425196850393,3.149606299212598,9.448818897637794,87.4015748031496,8.267716535433072,79.13385826771653
E00107628,349,35,11,24,314,25,289,10.028653295128938,3.151862464183381,6.876790830945559,89.97134670487105,7.163323782234957,82.8080229226361
E00107629,365,72,23,49,293,28,265,19.726027397260275,6.301369863013699,13.424657534246576,80.27397260273973,7.671232876712329,72.6027397260274
E00107630,374,56,21,35,318,31,287,14.973262032085561,5.614973262032086,9.358288770053475,85.02673796791443,8.288770053475936,76.7379679144385
E00107631,342,43,12,31,299,25,274,12.573099415204677,3.508771929824561,9.064327485380117,87.42690058479532,7.309941520467836,80.11695906432749
E00107632,296,44,13,31,252,21,231,14.864864864864865,4.391891891891892,10.472972972972974,85.13513513513513,7.094594594594595,78.04054054054053
E00107633,310,50,19,31,260,29,231,16.129032258064516,6.129032258064516,10,83.87096774193549,9.35483870967742,74.51612903225806
E00107634,441,61,26,35,380,39,341,13.83219954648526,5.895691609977324,7.936507936507936,86.16780045351474,8.843537414965986,77.32426303854876
E00107635,294,42,17,25,252,20,232,14.285714285714285,5.782312925170068,8.503401360544217,85.71428571428571,6.802721088435375,78.91156462585033
E00107636,343,49,11,38,294,29,265,14.285714285714285,3.206997084548105,11.078717201166182,85.71428571428571,8.454810495626822,77.25947521865889
E00107637,348,45,16,29,303,20,283,12.931034482758621,4.597701149425287,8.333333333333332,87.06896551724138,5.747126436781609,81.32183908045977
E00107638,273,37,13,24,236,9,227,13.553113553113553,4.761904761904762,8.791208791208792,86.44688644688645,3.296703296703297,83.15018315018315
E00107639,167,28,14,14,139,23,116,16.766467065868262,8.383233532934131,8.383233532934131,83.23353293413174,13.77245508982036,69.46107784431138
E00107640,397,40,10,30,357,32,325,10.075566750629724,2.518891687657431,7.5566750629722925,89.92443324937027,8.060453400503778,81.86397984886649
E00107641,289,41,9,32,248,25,223,14.186851211072666,3.1141868512110724,11.072664359861593,85.81314878892734,8.650519031141869,77.16262975778547
E00107642,276,32,7,25,244,35,209,11.594202898550725,2.536231884057971,9.057971014492754,88.40579710144928,12.681159420289855,75.72463768115942
E00107643,313,35,11,24,278,27,251,11.182108626198083,3.5143769968051117,7.667731629392971,88.81789137380191,8.626198083067091,80.19169329073482
E00107644,308,55,26,29,253,23,230,17.857142857142858,8.441558441558442,9.415584415584416,82.14285714285714,7.467532467532467,74.67532467532467
E00107645,358,51,17,34,307,37,270,14.24581005586592,4.748603351955307,9.497206703910614,85.75418994413407,10.335195530726256,75.41899441340783
E00107646,352,76,38,38,276,33,243,21.59090909090909,10.795454545454545,10.795454545454545,78.4090909090909,9.375,69.0340909090909
E00107647,180,42,17,25,138,18,120,23.333333333333332,9.444444444444445,13.88888888888889,76.66666666666667,10,66.66666666666666
E00107648,252,54,10,44,198,22,176,21.428571428571427,3.968253968253968,17.46031746031746,78.57142857142857,8.73015873015873,69.84126984126983
E00107649,167,30,13,17,137,22,115,17.964071856287426,7.784431137724551,10.179640718562874,82.03592814371258,13.17365269461078,68.8622754491018
E00107650,184,44,25,19,140,12,128,23.91304347826087,13.586956521739129,10.326086956521738,76.08695652173914,6.521739130434782,69.56521739130434
E00107651,316,53,16,37,263,30,233,16.77215189873418,5.063291139240507,11.708860759493671,83.22784810126582,9.49367088607595,73.73417721518987
E00107652,367,51,16,35,316,31,285,13.896457765667575,4.35967302452316,9.536784741144414,86.10354223433242,8.446866485013624,77.65667574931881
E00107653,370,66,16,50,304,41,263,17.83783783783784,4.324324324324325,13.513513513513514,82.16216216216216,11.081081081081082,71.08108108108108
E00107654,419,85,53,32,334,25,309,20.286396181384248,12.649164677804295,7.637231503579953,79.71360381861575,5.966587112171838,73.74701670644392
E00107655,319,74,32,42,245,23,222,23.197492163009404,10.031347962382444,13.166144200626958,76.8025078369906,7.210031347962382,69.59247648902821
E00107656,295,42,13,29,253,32,221,14.237288135593221,4.406779661016949,9.830508474576272,85.76271186440678,10.847457627118644,74.91525423728814
E00107657,298,34,13,21,264,19,245,11.409395973154362,4.3624161073825505,7.046979865771812,88.59060402684564,6.375838926174497,82.21476510067114
E00107658,344,49,19,30,295,30,265,14.244186046511627,5.523255813953488,8.720930232558139,85.75581395348837,8.720930232558139,77.03488372093024
E00107659,280,36,11,25,244,24,220,12.857142857142856,3.9285714285714284,8.928571428571429,87.14285714285714,8.571428571428571,78.57142857142857
E00107660,266,46,9,37,220,25,195,17.293233082706767,3.3834586466165413,13.909774436090224,82.70676691729322,9.398496240601503,73.30827067669173
E00107661,279,47,17,30,232,30,202,16.845878136200717,6.093189964157706,10.75268817204301,83.15412186379928,10.75268817204301,72.40143369175627
E00107662,100,12,1,11,88,9,79,12,1,11,88,9,79
E00107663,322,42,16,26,280,30,250,13.043478260869565,4.968944099378882,8.074534161490684,86.95652173913044,9.316770186335404,77.63975155279503
E00107664,268,32,12,20,236,22,214,11.940298507462686,4.477611940298507,7.462686567164178,88.05970149253731,8.208955223880597,79.8507462686567
E00107665,285,57,17,40,228,29,199,20,5.964912280701754,14.035087719298245,80,10.175438596491228,69.82456140350877
E00107666,254,46,14,32,208,30,178,18.11023622047244,5.511811023622047,12.598425196850393,81.88976377952756,11.811023622047244,70.07874015748031
E00107667,220,42,19,23,178,20,158,19.090909090909093,8.636363636363637,10.454545454545453,80.9090909090909,9.090909090909092,71.81818181818181
E00107668,235,35,14,21,200,28,172,14.893617021276595,5.957446808510639,8.936170212765958,85.1063829787234,11.914893617021278,73.19148936170212
E00107669,599,59,15,44,540,36,504,9.84974958263773,2.5041736227045077,7.345575959933222,90.15025041736226,6.010016694490818,84.14023372287144
E00107670,281,41,14,27,240,22,218,14.590747330960854,4.98220640569395,9.608540925266903,85.40925266903915,7.829181494661921,77.58007117437722
E00107671,415,75,29,46,340,35,305,18.072289156626507,6.987951807228916,11.08433734939759,81.92771084337349,8.433734939759036,73.49397590361446
E00107673,277,59,17,42,218,35,183,21.299638989169676,6.137184115523466,15.162454873646208,78.70036101083032,12.63537906137184,66.06498194945848
E00107674,366,61,25,36,305,22,283,16.666666666666664,6.830601092896176,9.836065573770492,83.33333333333334,6.0109289617486334,77.3224043715847
E00107675,311,52,26,26,259,32,227,16.720257234726688,8.360128617363344,8.360128617363344,83.27974276527331,10.289389067524116,72.9903536977492
E00107676,371,59,24,35,312,29,283,15.902964959568733,6.46900269541779,9.433962264150944,84.09703504043127,7.816711590296496,76.28032345013477
E00107677,325,75,26,49,250,17,233,23.076923076923077,8,15.076923076923077,76.92307692307693,5.230769230769231,71.6923076923077
E00107678,291,50,14,36,241,28,213,17.18213058419244,4.810996563573884,12.371134020618557,82.81786941580756,9.621993127147768,73.19587628865979
E00107679,287,49,22,27,238,21,217,17.073170731707318,7.665505226480835,9.40766550522648,82.92682926829268,7.317073170731707,75.60975609756098
E00107680,359,63,13,50,296,30,266,17.548746518105848,3.6211699164345403,13.92757660167131,82.45125348189416,8.356545961002785,74.09470752089136
E00107683,453,81,26,55,372,34,338,17.880794701986755,5.739514348785872,12.141280353200882,82.11920529801324,7.505518763796909,74.61368653421634
E00107684,551,93,30,63,458,34,424,16.878402903811253,5.44464609800363,11.433756805807622,83.12159709618875,6.170598911070781,76.95099818511797
E00107685,326,66,21,45,260,27,233,20.245398773006134,6.441717791411043,13.803680981595093,79.75460122699386,8.282208588957054,71.47239263803681
E00107686,390,58,21,37,332,43,289,14.871794871794872,5.384615384615385,9.487179487179487,85.12820512820512,11.025641025641026,74.1025641025641
E00107687,343,87,36,51,256,25,231,25.364431486880466,10.495626822157435,14.868804664723031,74.63556851311954,7.288629737609329,67.3469387755102
E00107688,243,46,25,21,197,25,172,18.930041152263374,10.2880658436214,8.641975308641975,81.06995884773663,10.2880658436214,70.78189300411523
E00107689,235,36,17,19,199,23,176,15.319148936170212,7.234042553191489,8.085106382978724,84.68085106382979,9.787234042553191,74.8936170212766
E00107690,306,45,14,31,261,24,237,14.705882352941178,4.57516339869281,10.130718954248366,85.29411764705883,7.8431372549019605,77.45098039215686
E00107691,316,44,17,27,272,22,250,13.924050632911392,5.379746835443038,8.544303797468354,86.07594936708861,6.962025316455696,79.11392405063292
E00107692,216,32,8,24,184,20,164,14.814814814814813,3.7037037037037033,11.11111111111111,85.18518518518519,9.25925925925926,75.92592592592592
E00107694,368,75,40,35,293,29,264,20.380434782608695,10.869565217391305,9.510869565217392,79.61956521739131,7.880434782608696,71.73913043478261
E00107695,291,48,16,32,243,17,226,16.49484536082474,5.498281786941581,10.996563573883162,83.50515463917526,5.841924398625429,77.66323024054984
E00107696,452,69,19,50,383,31,352,15.265486725663715,4.20353982300885,11.061946902654867,84.7345132743363,6.8584070796460175,77.87610619469027
E00107697,514,63,9,54,451,39,412,12.2568093385214,1.7509727626459144,10.505836575875486,87.7431906614786,7.587548638132295,80.1556420233463
E00107698,361,54,21,33,307,23,284,14.958448753462603,5.8171745152354575,9.141274238227147,85.0415512465374,6.3711911357340725,78.67036011080333
E00107699,240,56,29,27,184,14,170,23.333333333333332,12.083333333333334,11.25,76.66666666666667,5.833333333333333,70.83333333333334
E00107700,261,47,18,29,214,20,194,18.007662835249043,6.896551724137931,11.11111111111111,81.99233716475096,7.662835249042145,74.32950191570882
E00107701,286,59,12,47,227,23,204,20.62937062937063,4.195804195804196,16.433566433566433,79.37062937062937,8.041958041958042,71.32867132867133
E00107702,325,35,9,26,290,23,267,10.76923076923077,2.769230769230769,8,89.23076923076924,7.076923076923077,82.15384615384616
E00107703,326,55,19,36,271,33,238,16.87116564417178,5.828220858895705,11.042944785276074,83.12883435582822,10.122699386503067,73.00613496932516
E00107704,361,59,15,44,302,40,262,16.343490304709142,4.1551246537396125,12.18836565096953,83.65650969529086,11.080332409972298,72.57617728531855
E00107705,252,34,11,23,218,27,191,13.492063492063492,4.365079365079365,9.126984126984127,86.5079365079365,10.714285714285714,75.79365079365078
E00107706,296,36,15,21,260,18,242,12.162162162162163,5.0675675675675675,7.094594594594595,87.83783783783784,6.081081081081082,81.75675675675676
E00107707,380,52,18,34,328,48,280,13.684210526315791,4.736842105263158,8.947368421052632,86.31578947368422,12.631578947368421,73.68421052631578
E00107708,308,44,15,29,264,30,234,14.285714285714285,4.870129870129871,9.415584415584416,85.71428571428571,9.740259740259742,75.97402597402598
E00107709,270,58,20,38,212,24,188,21.48148148148148,7.4074074074074066,14.074074074074074,78.51851851851852,8.88888888888889,69.62962962962963
E00107710,436,77,28,49,359,30,329,17.660550458715598,6.422018348623854,11.238532110091743,82.33944954128441,6.8807339449541285,75.45871559633028
E00107711,338,55,15,40,283,21,262,16.272189349112427,4.437869822485207,11.834319526627219,83.72781065088756,6.21301775147929,77.51479289940828
E00107712,305,44,16,28,261,26,235,14.426229508196723,5.245901639344262,9.180327868852459,85.57377049180329,8.524590163934425,77.04918032786885
E00107713,347,58,22,36,289,43,246,16.714697406340058,6.340057636887608,10.37463976945245,83.28530259365994,12.39193083573487,70.89337175792507
E00107714,311,55,27,28,256,22,234,17.684887459807076,8.681672025723474,9.003215434083602,82.31511254019293,7.07395498392283,75.2411575562701
E00107715,247,40,13,27,207,26,181,16.194331983805668,5.263157894736842,10.931174089068826,83.80566801619433,10.526315789473683,73.27935222672065
E00107716,437,61,19,42,376,37,339,13.958810068649885,4.3478260869565215,9.610983981693364,86.04118993135012,8.466819221967963,77.57437070938215
E00107717,306,58,26,32,248,17,231,18.954248366013072,8.49673202614379,10.457516339869281,81.04575163398692,5.555555555555555,75.49019607843137
E00107718,260,69,32,37,191,18,173,26.53846153846154,12.307692307692308,14.23076923076923,73.46153846153847,6.923076923076923,66.53846153846153
E00107719,223,43,17,26,180,17,163,19.282511210762333,7.623318385650224,11.659192825112108,80.71748878923766,7.623318385650224,73.09417040358744
E00107720,309,75,31,44,234,34,200,24.271844660194176,10.032362459546926,14.239482200647249,75.72815533980582,11.003236245954692,64.72491909385113
E00107721,227,57,31,26,170,18,152,25.11013215859031,13.656387665198238,11.45374449339207,74.8898678414097,7.929515418502203,66.96035242290749
E00107722,246,57,26,31,189,19,170,23.170731707317074,10.569105691056912,12.601626016260163,76.82926829268293,7.723577235772358,69.10569105691057
E00107723,274,61,20,41,213,10,203,22.26277372262774,7.2992700729927,14.963503649635038,77.73722627737226,3.64963503649635,74.08759124087592
E00107724,249,62,21,41,187,21,166,24.899598393574294,8.433734939759036,16.46586345381526,75.1004016064257,8.433734939759036,66.66666666666666
E00107725,274,79,32,47,195,22,173,28.832116788321166,11.678832116788321,17.153284671532848,71.16788321167883,8.02919708029197,63.138686131386855
E00107726,238,50,14,36,188,17,171,21.008403361344538,5.88235294117647,15.126050420168067,78.99159663865547,7.142857142857142,71.84873949579831
E00107727,296,61,30,31,235,20,215,20.60810810810811,10.135135135135135,10.472972972972974,79.3918918918919,6.756756756756757,72.63513513513513
E00107728,301,77,33,44,224,29,195,25.581395348837212,10.96345514950166,14.61794019933555,74.4186046511628,9.634551495016613,64.78405315614619
E00107729,398,52,24,28,346,25,321,13.06532663316583,6.030150753768844,7.035175879396985,86.93467336683418,6.281407035175879,80.65326633165829
E00107730,395,54,21,33,341,33,308,13.670886075949367,5.3164556962025316,8.354430379746836,86.32911392405063,8.354430379746836,77.9746835443038
E00107731,366,51,14,37,315,30,285,13.934426229508196,3.825136612021858,10.10928961748634,86.0655737704918,8.19672131147541,77.8688524590164
E00107732,483,59,17,42,424,36,388,12.215320910973086,3.5196687370600417,8.695652173913043,87.78467908902692,7.453416149068323,80.33126293995859
E00107733,328,81,38,43,247,33,214,24.695121951219512,11.585365853658537,13.109756097560975,75.3048780487805,10.060975609756099,65.2439024390244
E00107735,332,50,18,32,282,22,260,15.060240963855422,5.421686746987952,9.63855421686747,84.93975903614458,6.626506024096386,78.3132530120482
E00107737,297,70,20,50,227,25,202,23.56902356902357,6.7340067340067336,16.835016835016837,76.43097643097643,8.417508417508419,68.01346801346801
E00107738,391,76,26,50,315,35,280,19.437340153452684,6.649616368286446,12.787723785166241,80.56265984654732,8.951406649616368,71.61125319693095
E00107740,323,60,16,44,263,30,233,18.575851393188856,4.953560371517028,13.622291021671826,81.42414860681114,9.287925696594428,72.13622291021672
E00107741,264,68,30,38,196,21,175,25.757575757575758,11.363636363636363,14.393939393939394,74.24242424242425,7.954545454545454,66.28787878787878
E00107742,316,60,37,23,256,23,233,18.9873417721519,11.708860759493671,7.2784810126582276,81.0126582278481,7.2784810126582276,73.73417721518987
E00107743,257,70,30,40,187,14,173,27.237354085603112,11.673151750972762,15.56420233463035,72.76264591439688,5.447470817120623,67.31517509727627
E00107744,384,44,17,27,340,28,312,11.458333333333332,4.427083333333334,7.03125,88.54166666666666,7.291666666666667,81.25
E00107745,425,79,23,56,346,28,318,18.58823529411765,5.411764705882352,13.176470588235295,81.41176470588235,6.588235294117648,74.82352941176471
E00107746,335,56,20,36,279,26,253,16.716417910447763,5.970149253731343,10.746268656716417,83.28358208955224,7.761194029850746,75.5223880597015
E00107748,275,48,21,27,227,19,208,17.454545454545457,7.636363636363637,9.818181818181818,82.54545454545455,6.909090909090909,75.63636363636364
E00107749,363,75,30,45,288,41,247,20.66115702479339,8.264462809917356,12.396694214876034,79.33884297520662,11.294765840220386,68.04407713498622
E00107750,218,63,27,36,155,12,143,28.899082568807337,12.385321100917432,16.51376146788991,71.10091743119266,5.5045871559633035,65.59633027522935
E00107751,355,74,22,52,281,25,256,20.845070422535212,6.197183098591549,14.647887323943662,79.15492957746478,7.042253521126761,72.11267605633803
E00107752,251,65,30,35,186,22,164,25.89641434262948,11.952191235059761,13.94422310756972,74.10358565737052,8.764940239043826,65.33864541832669
E00107753,323,87,37,50,236,14,222,26.93498452012384,11.455108359133128,15.479876160990713,73.06501547987617,4.3343653250774,68.73065015479877
E00107754,236,61,14,47,175,23,152,25.847457627118644,5.932203389830509,19.915254237288135,74.15254237288136,9.745762711864407,64.40677966101694
E00107755,327,64,28,36,263,30,233,19.571865443425075,8.56269113149847,11.009174311926607,80.42813455657493,9.174311926605505,71.25382262996942
E00107756,375,67,28,39,308,35,273,17.866666666666667,7.466666666666668,10.4,82.13333333333334,9.333333333333334,72.8
E00107757,393,73,22,51,320,34,286,18.575063613231553,5.597964376590331,12.977099236641221,81.42493638676844,8.651399491094146,72.7735368956743
E00107758,414,75,21,54,339,39,300,18.115942028985508,5.072463768115942,13.043478260869565,81.88405797101449,9.420289855072465,72.46376811594203
E00107759,224,62,19,43,162,29,133,27.67857142857143,8.482142857142858,19.196428571428573,72.32142857142857,12.946428571428573,59.375
E00107760,264,53,24,29,211,32,179,20.075757575757574,9.090909090909092,10.984848484848484,79.92424242424242,12.121212121212121,67.8030303030303
E00107761,289,34,13,21,255,22,233,11.76470588235294,4.498269896193772,7.26643598615917,88.23529411764706,7.612456747404845,80.62283737024222
E00107762,243,78,39,39,165,12,153,32.098765432098766,16.049382716049383,16.049382716049383,67.90123456790124,4.938271604938271,62.96296296296296
E00107763,260,65,30,35,195,20,175,25,11.538461538461538,13.461538461538462,75,7.6923076923076925,67.3076923076923
E00107764,227,62,25,37,165,19,146,27.312775330396477,11.013215859030836,16.299559471365637,72.68722466960352,8.370044052863436,64.31718061674009
E00107765,293,95,59,36,198,25,173,32.42320819112628,20.13651877133106,12.286689419795222,67.57679180887372,8.532423208191126,59.044368600682596
E00107766,220,52,19,33,168,15,153,23.636363636363637,8.636363636363637,15,76.36363636363637,6.8181818181818175,69.54545454545455
E00107767,158,32,17,15,126,13,113,20.253164556962027,10.759493670886076,9.49367088607595,79.74683544303798,8.227848101265822,71.51898734177216
E00107768,283,64,20,44,219,27,192,22.614840989399294,7.06713780918728,15.547703180212014,77.3851590106007,9.540636042402827,67.84452296819788
E00107769,253,69,29,40,184,14,170,27.27272727272727,11.462450592885375,15.810276679841898,72.72727272727273,5.533596837944664,67.19367588932806
E00107770,359,102,31,71,257,25,232,28.412256267409468,8.635097493036211,19.77715877437326,71.58774373259052,6.963788300835655,64.62395543175488
E00107771,401,90,50,40,311,20,291,22.443890274314214,12.468827930174564,9.975062344139651,77.55610972568579,4.987531172069826,72.56857855361596
E00107772,300,56,18,38,244,22,222,18.666666666666668,6,12.666666666666668,81.33333333333333,7.333333333333333,74
E00107773,215,49,16,33,166,18,148,22.790697674418606,7.441860465116279,15.348837209302326,77.20930232558139,8.372093023255815,68.83720930232559
E00107774,287,54,19,35,233,26,207,18.81533101045296,6.620209059233449,12.195121951219512,81.18466898954703,9.059233449477352,72.12543554006969
E00107775,277,47,13,34,230,31,199,16.967509025270758,4.693140794223827,12.274368231046932,83.03249097472924,11.191335740072201,71.84115523465704
E00107776,349,40,7,33,309,20,289,11.461318051575931,2.005730659025788,9.455587392550143,88.53868194842407,5.730659025787966,82.8080229226361
E00107777,338,44,14,30,294,21,273,13.017751479289942,4.142011834319527,8.875739644970414,86.98224852071006,6.21301775147929,80.76923076923077
E00107778,288,37,14,23,251,34,217,12.847222222222221,4.861111111111112,7.986111111111111,87.15277777777779,11.805555555555555,75.34722222222221
E00107779,287,45,12,33,242,22,220,15.6794425087108,4.181184668989547,11.498257839721255,84.3205574912892,7.665505226480835,76.65505226480836
E00107780,360,73,36,37,287,24,263,20.27777777777778,10,10.277777777777777,79.72222222222223,6.666666666666667,73.05555555555556
E00107781,299,49,16,33,250,27,223,16.387959866220736,5.351170568561873,11.036789297658862,83.61204013377926,9.03010033444816,74.5819397993311
E00107782,262,34,14,20,228,18,210,12.977099236641221,5.343511450381679,7.633587786259542,87.02290076335878,6.870229007633588,80.1526717557252
E00107783,255,78,46,32,177,19,158,30.58823529411765,18.03921568627451,12.549019607843137,69.41176470588235,7.450980392156863,61.96078431372549
E00107784,279,40,11,29,239,19,220,14.336917562724013,3.942652329749104,10.39426523297491,85.66308243727599,6.810035842293908,78.85304659498208
E00107785,307,47,15,32,260,22,238,15.309446254071663,4.88599348534202,10.423452768729643,84.69055374592834,7.166123778501629,77.52442996742671
E00107786,305,63,23,40,242,20,222,20.655737704918035,7.540983606557377,13.114754098360656,79.34426229508198,6.557377049180328,72.78688524590164
E00107787,359,86,32,54,273,25,248,23.955431754874652,8.913649025069638,15.041782729805014,76.04456824512535,6.963788300835655,69.08077994428969
E00107788,376,62,12,50,314,39,275,16.48936170212766,3.1914893617021276,13.297872340425531,83.51063829787235,10.372340425531915,73.13829787234043
E00107789,327,44,8,36,283,28,255,13.455657492354739,2.4464831804281344,11.009174311926607,86.54434250764525,8.56269113149847,77.98165137614679
E00107790,411,80,28,52,331,35,296,19.464720194647203,6.81265206812652,12.652068126520682,80.5352798053528,8.51581508515815,72.01946472019465
E00107791,303,42,13,29,261,22,239,13.861386138613863,4.29042904290429,9.570957095709572,86.13861386138613,7.2607260726072615,78.87788778877888
E00107792,313,82,34,48,231,21,210,26.198083067092654,10.86261980830671,15.335463258785943,73.80191693290735,6.7092651757188495,67.0926517571885
E00107793,321,54,24,30,267,30,237,16.822429906542055,7.476635514018691,9.345794392523365,83.17757009345794,9.345794392523365,73.83177570093457
E00107794,242,56,16,40,186,27,159,23.140495867768596,6.6115702479338845,16.528925619834713,76.85950413223141,11.15702479338843,65.70247933884298
E00107795,320,47,13,34,273,33,240,14.6875,4.0625,10.625,85.3125,10.3125,75
E00107796,329,42,15,27,287,25,262,12.76595744680851,4.5592705167173255,8.206686930091186,87.2340425531915,7.598784194528875,79.63525835866263
E00107797,314,76,29,47,238,24,214,24.203821656050955,9.235668789808917,14.968152866242038,75.79617834394905,7.643312101910828,68.15286624203821
E00107798,305,47,20,27,258,22,236,15.40983606557377,6.557377049180328,8.852459016393443,84.59016393442623,7.213114754098362,77.37704918032787
E00107799,332,45,12,33,287,32,255,13.55421686746988,3.614457831325301,9.939759036144578,86.44578313253012,9.63855421686747,76.80722891566265
E00107800,318,57,19,38,261,31,230,17.92452830188679,5.9748427672955975,11.949685534591195,82.0754716981132,9.748427672955975,72.32704402515722
E00107801,308,45,15,30,263,28,235,14.61038961038961,4.870129870129871,9.740259740259742,85.3896103896104,9.090909090909092,76.2987012987013
E00107802,330,64,32,32,266,19,247,19.393939393939394,9.696969696969697,9.696969696969697,80.60606060606061,5.757575757575758,74.84848484848486
E00107803,410,46,15,31,364,33,331,11.219512195121952,3.6585365853658534,7.560975609756097,88.78048780487805,8.048780487804878,80.73170731707317
E00107804,303,46,14,32,257,27,230,15.181518151815181,4.62046204620462,10.561056105610561,84.81848184818482,8.91089108910891,75.9075907590759
E00107805,305,43,18,25,262,21,241,14.098360655737704,5.901639344262295,8.19672131147541,85.90163934426229,6.885245901639345,79.01639344262294
E00107806,272,38,10,28,234,20,214,13.970588235294118,3.6764705882352944,10.294117647058822,86.02941176470588,7.352941176470589,78.67647058823529
E00107807,317,38,16,22,279,26,253,11.987381703470032,5.047318611987381,6.940063091482649,88.01261829652996,8.201892744479496,79.81072555205047
E00107808,285,62,23,39,223,32,191,21.75438596491228,8.070175438596491,13.684210526315791,78.24561403508771,11.228070175438596,67.01754385964912
E00107809,302,39,15,24,263,26,237,12.91390728476821,4.966887417218543,7.9470198675496695,87.08609271523179,8.609271523178808,78.47682119205298
E00107810,155,31,13,18,124,15,109,20,8.38709677419355,11.612903225806452,80,9.67741935483871,70.3225806451613
E00107811,356,58,26,32,298,43,255,16.292134831460675,7.303370786516854,8.98876404494382,83.70786516853933,12.07865168539326,71.62921348314607
E00107812,349,64,27,37,285,29,256,18.33810888252149,7.736389684813753,10.601719197707736,81.66189111747852,8.30945558739255,73.35243553008596
E00107813,340,44,17,27,296,29,267,12.941176470588237,5,7.941176470588235,87.05882352941177,8.529411764705882,78.52941176470588
E00107814,289,75,36,39,214,22,192,25.951557093425603,12.45674740484429,13.494809688581316,74.0484429065744,7.612456747404845,66.43598615916954
E00107815,334,50,17,33,284,33,251,14.97005988023952,5.089820359281437,9.880239520958083,85.02994011976048,9.880239520958083,75.1497005988024
E00107816,300,49,19,30,251,28,223,16.333333333333332,6.333333333333334,10,83.66666666666667,9.333333333333334,74.33333333333333
E00107817,278,65,29,36,213,25,188,23.381294964028775,10.431654676258994,12.949640287769784,76.61870503597122,8.992805755395683,67.62589928057554
E00107818,351,56,14,42,295,28,267,15.954415954415953,3.9886039886039883,11.965811965811966,84.04558404558404,7.977207977207977,76.06837606837607
E00107820,499,62,13,49,437,47,390,12.424849699398797,2.6052104208416833,9.819639278557114,87.5751503006012,9.418837675350701,78.15631262525051
E00107821,441,60,14,46,381,33,348,13.60544217687075,3.1746031746031744,10.430839002267573,86.39455782312925,7.482993197278912,78.91156462585033
E00107822,442,55,25,30,387,45,342,12.44343891402715,5.656108597285068,6.787330316742081,87.55656108597285,10.180995475113122,77.37556561085974
E00107823,320,47,16,31,273,25,248,14.6875,5,9.6875,85.3125,7.8125,77.5
E00107824,433,67,22,45,366,36,330,15.473441108545035,5.080831408775981,10.392609699769054,84.52655889145497,8.314087759815243,76.21247113163973
E00107825,376,43,15,28,333,46,287,11.436170212765957,3.9893617021276597,7.446808510638298,88.56382978723404,12.23404255319149,76.32978723404256
E00107826,306,32,12,20,274,33,241,10.457516339869281,3.9215686274509802,6.535947712418301,89.54248366013073,10.784313725490197,78.75816993464052
E00107827,394,47,15,32,347,26,321,11.928934010152284,3.807106598984772,8.121827411167512,88.07106598984772,6.598984771573605,81.47208121827411
E00107828,299,34,14,20,265,22,243,11.37123745819398,4.682274247491638,6.688963210702341,88.62876254180601,7.357859531772576,81.27090301003345
E00107829,291,27,6,21,264,17,247,9.278350515463918,2.0618556701030926,7.216494845360824,90.72164948453609,5.841924398625429,84.87972508591065
E00107830,383,66,29,37,317,31,286,17.232375979112273,7.5718015665796345,9.660574412532636,82.76762402088774,8.093994778067886,74.67362924281984
E00107831,261,57,27,30,204,14,190,21.839080459770116,10.344827586206897,11.494252873563218,78.16091954022988,5.363984674329502,72.79693486590038
E00107832,393,34,9,25,359,33,326,8.651399491094146,2.2900763358778624,6.361323155216285,91.34860050890585,8.396946564885496,82.95165394402035
E00107833,270,37,14,23,233,25,208,13.703703703703704,5.185185185185185,8.518518518518519,86.29629629629629,9.25925925925926,77.03703703703704
E00107834,446,86,39,47,360,36,324,19.282511210762333,8.74439461883408,10.538116591928251,80.71748878923766,8.071748878923767,72.6457399103139
E00107835,271,54,19,35,217,26,191,19.92619926199262,7.011070110701106,12.915129151291513,80.07380073800738,9.59409594095941,70.47970479704797
E00107836,236,80,39,41,156,15,141,33.89830508474576,16.52542372881356,17.372881355932204,66.10169491525424,6.3559322033898304,59.7457627118644
E00107837,457,57,15,42,400,38,362,12.472647702407002,3.282275711159737,9.190371991247265,87.527352297593,8.315098468271334,79.21225382932167
E00107838,332,30,5,25,302,23,279,9.036144578313253,1.5060240963855422,7.530120481927711,90.96385542168674,6.927710843373494,84.03614457831326
E00107839,325,30,11,19,295,38,257,9.230769230769232,3.3846153846153846,5.846153846153846,90.76923076923077,11.692307692307692,79.07692307692308
E00107840,324,37,10,27,287,24,263,11.419753086419753,3.0864197530864197,8.333333333333332,88.58024691358025,7.4074074074074066,81.17283950617285
E00107841,301,58,21,37,243,19,224,19.269102990033225,6.976744186046512,12.29235880398671,80.73089700996677,6.312292358803987,74.4186046511628
E00107842,324,37,14,23,287,24,263,11.419753086419753,4.320987654320987,7.098765432098765,88.58024691358025,7.4074074074074066,81.17283950617285
E00107843,273,80,33,47,193,16,177,29.304029304029307,12.087912087912088,17.216117216117215,70.6959706959707,5.86080586080586,64.83516483516483
E00107844,246,67,33,34,179,11,168,27.235772357723576,13.414634146341465,13.821138211382115,72.76422764227642,4.471544715447155,68.29268292682927
E00107845,210,59,31,28,151,16,135,28.095238095238095,14.761904761904763,13.333333333333334,71.9047619047619,7.6190476190476195,64.28571428571429
E00107846,251,57,21,36,194,22,172,22.709163346613543,8.366533864541832,14.342629482071715,77.29083665338645,8.764940239043826,68.52589641434263
E00107847,324,41,8,33,283,28,255,12.654320987654321,2.4691358024691357,10.185185185185185,87.34567901234568,8.641975308641975,78.70370370370371
E00107848,268,59,25,34,209,21,188,22.01492537313433,9.328358208955224,12.686567164179104,77.98507462686567,7.835820895522389,70.1492537313433
E00107849,264,32,11,21,232,24,208,12.121212121212121,4.166666666666666,7.954545454545454,87.87878787878788,9.090909090909092,78.78787878787878
E00107850,253,47,17,30,206,19,187,18.57707509881423,6.719367588932807,11.857707509881422,81.42292490118577,7.5098814229249005,73.91304347826086
E00107851,193,45,18,27,148,18,130,23.316062176165804,9.32642487046632,13.989637305699482,76.68393782383419,9.32642487046632,67.35751295336787
E00107852,298,52,16,36,246,29,217,17.449664429530202,5.369127516778524,12.080536912751679,82.5503355704698,9.731543624161073,72.81879194630872
E00107853,271,58,27,31,213,26,187,21.40221402214022,9.96309963099631,11.439114391143912,78.59778597785979,9.59409594095941,69.00369003690037
E00107854,266,53,16,37,213,30,183,19.924812030075188,6.015037593984962,13.909774436090224,80.07518796992481,11.278195488721805,68.796992481203
E00107855,237,55,22,33,182,21,161,23.20675105485232,9.282700421940929,13.924050632911392,76.79324894514767,8.860759493670885,67.9324894514768
E00107856,264,48,16,32,216,28,188,18.181818181818183,6.0606060606060606,12.121212121212121,81.81818181818183,10.606060606060606,71.21212121212122
E00107857,271,60,27,33,211,16,195,22.14022140221402,9.96309963099631,12.177121771217712,77.85977859778598,5.904059040590406,71.95571955719558
E00107858,247,50,17,33,197,22,175,20.242914979757085,6.882591093117409,13.360323886639677,79.75708502024291,8.906882591093117,70.8502024291498
E00107859,286,65,28,37,221,21,200,22.727272727272727,9.79020979020979,12.937062937062937,77.27272727272727,7.3426573426573425,69.93006993006993
E00107860,259,46,19,27,213,24,189,17.760617760617762,7.335907335907336,10.424710424710424,82.23938223938224,9.266409266409266,72.97297297297297
E00107861,199,38,16,22,161,18,143,19.09547738693467,8.040201005025125,11.055276381909549,80.90452261306532,9.045226130653267,71.85929648241206
E00107862,285,46,19,27,239,22,217,16.140350877192983,6.666666666666667,9.473684210526317,83.85964912280703,7.719298245614035,76.14035087719299
E00107863,233,50,23,27,183,15,168,21.45922746781116,9.871244635193133,11.587982832618025,78.54077253218884,6.437768240343347,72.1030042918455
E00107864,292,74,24,50,218,25,193,25.34246575342466,8.21917808219178,17.123287671232877,74.65753424657534,8.561643835616438,66.0958904109589
E00107865,228,47,16,31,181,17,164,20.614035087719298,7.017543859649122,13.596491228070176,79.3859649122807,7.456140350877193,71.9298245614035
E00107866,288,55,22,33,233,33,200,19.09722222222222,7.638888888888889,11.458333333333332,80.90277777777779,11.458333333333332,69.44444444444444
E00107867,242,39,13,26,203,26,177,16.115702479338843,5.371900826446281,10.743801652892563,83.88429752066115,10.743801652892563,73.14049586776859
E00107868,153,30,10,20,123,11,112,19.607843137254903,6.535947712418301,13.071895424836603,80.3921568627451,7.18954248366013,73.20261437908496
E00107869,320,50,16,34,270,38,232,15.625,5,10.625,84.375,11.875,72.5
E00107870,313,86,43,43,227,26,201,27.47603833865815,13.738019169329075,13.738019169329075,72.52396166134186,8.30670926517572,64.21725239616613
E00107871,326,49,16,33,277,27,250,15.030674846625766,4.9079754601226995,10.122699386503067,84.96932515337423,8.282208588957054,76.68711656441718
E00170892,549,102,46,56,447,34,413,18.579234972677597,8.378870673952642,10.200364298724955,81.4207650273224,6.193078324225866,75.22768670309654
E00170893,422,60,23,37,362,34,328,14.218009478672986,5.450236966824645,8.767772511848342,85.78199052132702,8.056872037914692,77.72511848341233
E00170897,347,52,23,29,295,31,264,14.985590778097983,6.628242074927954,8.357348703170029,85.01440922190201,8.93371757925072,76.0806916426513
E00170899,368,43,19,24,325,39,286,11.684782608695652,5.163043478260869,6.521739130434782,88.31521739130434,10.597826086956522,77.71739130434783
E00181198,167,61,27,34,106,15,91,36.52694610778443,16.16766467065868,20.359281437125748,63.47305389221557,8.982035928143713,54.49101796407185
E00181199,469,80,27,53,389,20,369,17.057569296375267,5.756929637526652,11.300639658848615,82.94243070362474,4.264392324093817,78.67803837953092
E00181200,508,93,35,58,415,38,377,18.30708661417323,6.889763779527559,11.41732283464567,81.69291338582677,7.480314960629922,74.21259842519686
E00181201,416,84,38,46,332,27,305,20.192307692307693,9.134615384615383,11.057692307692307,79.8076923076923,6.490384615384616,73.3173076923077
E00181202,104,25,13,12,79,11,68,24.03846153846154,12.5,11.538461538461538,75.96153846153845,10.576923076923077,65.38461538461539
E00181208,341,60,24,36,281,35,246,17.595307917888565,7.038123167155426,10.557184750733137,82.40469208211144,10.263929618768328,72.14076246334311
E00181209,328,41,23,18,287,23,264,12.5,7.01219512195122,5.487804878048781,87.5,7.01219512195122,80.48780487804879
E00181210,300,84,39,45,216,24,192,28.000000000000004,13,15,72,8,64
E00181213,473,104,57,47,369,38,331,21.987315010570825,12.050739957716702,9.936575052854122,78.01268498942918,8.0338266384778,69.97885835095138
E00181214,131,10,0,10,121,13,108,7.633587786259542,0,7.633587786259542,92.36641221374046,9.923664122137405,82.44274809160305
E00181216,327,64,31,33,263,27,236,19.571865443425075,9.480122324159021,10.091743119266056,80.42813455657493,8.256880733944955,72.17125382262996
E00181217,292,35,8,27,257,31,226,11.986301369863012,2.73972602739726,9.246575342465754,88.01369863013699,10.616438356164384,77.3972602739726
E00181219,256,41,15,26,215,24,191,16.015625,5.859375,10.15625,83.984375,9.375,74.609375
E00181221,363,47,18,29,316,36,280,12.947658402203857,4.958677685950414,7.988980716253444,87.05234159779614,9.917355371900827,77.13498622589532
E00181222,620,81,21,60,539,41,498,13.064516129032258,3.387096774193549,9.67741935483871,86.93548387096774,6.612903225806452,80.3225806451613
E00181223,133,39,14,25,94,7,87,29.32330827067669,10.526315789473683,18.796992481203006,70.67669172932331,5.263157894736842,65.41353383458647
E00181224,124,16,6,10,108,8,100,12.903225806451612,4.838709677419355,8.064516129032258,87.09677419354838,6.451612903225806,80.64516129032258
E00181228,375,36,12,24,339,28,311,9.6,3.2,6.4,90.4,7.466666666666668,82.93333333333334
E00181229,261,42,14,28,219,12,207,16.091954022988507,5.363984674329502,10.727969348659004,83.9080459770115,4.597701149425287,79.3103448275862
E00181230,510,95,35,60,415,30,385,18.627450980392158,6.862745098039216,11.76470588235294,81.37254901960785,5.88235294117647,75.49019607843137
E00181231,290,49,14,35,241,16,225,16.896551724137932,4.827586206896552,12.068965517241379,83.10344827586206,5.517241379310345,77.58620689655173
E00181232,340,95,42,53,245,29,216,27.941176470588236,12.352941176470589,15.588235294117647,72.05882352941177,8.529411764705882,63.52941176470588
E00181233,225,33,13,20,192,21,171,14.666666666666666,5.777777777777778,8.88888888888889,85.33333333333334,9.333333333333334,76
E00181234,511,107,64,43,404,35,369,20.939334637964773,12.524461839530332,8.414872798434441,79.06066536203522,6.8493150684931505,72.21135029354208
E00181235,495,60,14,46,435,30,405,12.121212121212121,2.8282828282828283,9.292929292929292,87.87878787878788,6.0606060606060606,81.81818181818183
E00181238,146,10,4,6,136,13,123,6.8493150684931505,2.73972602739726,4.10958904109589,93.15068493150685,8.904109589041095,84.24657534246576
E00181239,427,65,22,43,362,30,332,15.22248243559719,5.152224824355972,10.070257611241217,84.77751756440281,7.02576112412178,77.75175644028103
E00181241,397,87,33,54,310,26,284,21.91435768261965,8.312342569269521,13.602015113350127,78.08564231738035,6.54911838790932,71.53652392947103
E00181244,233,42,21,21,191,16,175,18.025751072961373,9.012875536480687,9.012875536480687,81.97424892703863,6.866952789699571,75.10729613733905
E00181245,374,52,22,30,322,37,285,13.903743315508022,5.88235294117647,8.0213903743315509,86.09625668449198,9.893048128342247,76.20320855614973
E00181247,460,66,20,46,394,27,367,14.347826086956522,4.3478260869565215,10,85.65217391304348,5.869565217391305,79.78260869565217
E00181251,153,30,9,21,123,17,106,19.607843137254903,5.88235294117647,13.725490196078432,80.3921568627451,11.11111111111111,69.28104575163398
E00181252,196,15,1,14,181,12,169,7.653061224489796,0.5102040816326531,7.142857142857142,92.3469387755102,6.122448979591836,86.22448979591837
E00181253,408,50,24,26,358,27,331,12.254901960784313,5.88235294117647,6.372549019607843,87.74509803921569,6.61764705882353,81.12745098039215
E00181255,261,51,26,25,210,17,193,19.54022988505747,9.961685823754788,9.578544061302683,80.45977011494253,6.513409961685824,73.9463601532567
E00181257,251,70,38,32,181,18,163,27.88844621513944,15.139442231075698,12.749003984063744,72.11155378486056,7.171314741035857,64.9402390438247
E00181260,477,56,20,36,421,40,381,11.740041928721174,4.1928721174004195,7.547169811320755,88.25995807127882,8.385744234800839,79.87421383647799
E00181263,150,22,11,11,128,10,118,14.666666666666666,7.333333333333333,7.333333333333333,85.33333333333334,6.666666666666667,78.66666666666666
E00181264,395,61,25,36,334,26,308,15.443037974683543,6.329113924050633,9.113924050632912,84.55696202531645,6.582278481012659,77.9746835443038
E00181266,275,37,7,30,238,31,207,13.454545454545455,2.5454545454545454,10.909090909090908,86.54545454545455,11.272727272727273,75.27272727272727
E00181268,161,28,9,19,133,14,119,17.391304347826086,5.590062111801243,11.801242236024844,82.6086956521739,8.695652173913043,73.91304347826086
E00181269,497,94,33,61,403,30,373,18.91348088531187,6.639839034205232,12.273641851106639,81.08651911468813,6.036217303822937,75.0503018108652
E00181270,567,83,37,46,484,41,443,14.638447971781304,6.525573192239858,8.112874779541446,85.3615520282187,7.231040564373897,78.1305114638448
