OA,ts0590001,ts0590002,ts0590003,ts0590004,ts0590005,ts0590006,ts0590007,ts0590002_PCT,ts0590003_PCT,ts0590004_PCT,ts0590005_PCT,ts0590006_PCT,ts0590007_PCT
E00013385,177,48,19,29,129,108,21,27.11864406779661,10.734463276836157,16.38418079096045,72.88135593220339,61.016949152542374,11.864406779661017
E00013386,125,34,16,18,91,52,39,27.200000000000003,12.8,14.399999999999999,72.8,41.6,31.2
E00013387,103,36,10,26,67,56,11,34.95145631067961,9.70873786407767,25.24271844660194,65.0485436893204,54.36893203883495,10.679611650485436
E00013388,158,29,15,14,129,89,40,18.354430379746837,9.49367088607595,8.860759493670885,81.64556962025317,56.32911392405063,25.31645569620253
E00013389,139,24,10,14,115,81,34,17.26618705035971,7.1942446043165464,10.071942446043165,82.73381294964028,58.27338129496403,24.46043165467626
E00013390,256,39,18,21,217,157,60,15.234375,7.03125,8.203125,84.765625,61.328125,23.4375
E00013391,68,22,10,12,46,45,1,32.35294117647059,14.705882352941178,17.647058823529413,67.64705882352942,66.17647058823529,1.4705882352941175
E00013392,223,97,39,58,126,115,11,43.49775784753363,17.48878923766816,26.00896860986547,56.502242152466366,51.569506726457405,4.932735426008969
E00013393,99,36,15,21,63,54,9,36.36363636363637,15.151515151515152,21.21212121212121,63.63636363636363,54.54545454545454,9.090909090909092
E00013395,101,45,25,20,56,47,9,44.554455445544555,24.752475247524753,19.801980198019802,55.44554455445545,46.53465346534654,8.91089108910891
E00013397,297,44,24,20,253,177,76,14.814814814814813,8.080808080808081,6.7340067340067336,85.18518518518519,59.59595959595959,25.589225589225588
E00013398,182,23,14,9,159,110,49,12.637362637362637,7.6923076923076925,4.945054945054945,87.36263736263736,60.43956043956044,26.923076923076923
E00013399,240,28,14,14,212,151,61,11.666666666666666,5.833333333333333,5.833333333333333,88.33333333333333,62.916666666666664,25.416666666666664
E00013400,96,18,10,8,78,51,27,18.75,10.416666666666668,8.333333333333332,81.25,53.125,28.125
E00013401,145,32,15,17,113,68,45,22.06896551724138,10.344827586206897,11.724137931034482,77.93103448275862,46.89655172413793,31.03448275862069
E00013402,104,48,20,28,56,48,8,46.15384615384615,19.230769230769234,26.923076923076923,53.84615384615385,46.15384615384615,7.6923076923076925
E00013403,161,23,11,12,138,97,41,14.285714285714285,6.832298136645963,7.453416149068323,85.71428571428571,60.24844720496895,25.465838509316768
E00013404,158,29,14,15,129,65,64,18.354430379746837,8.860759493670885,9.49367088607595,81.64556962025317,41.139240506329116,40.50632911392405
E00013405,146,26,8,18,120,85,35,17.80821917808219,5.47945205479452,12.32876712328767,82.1917808219178,58.21917808219178,23.972602739726025
E00013406,219,40,14,26,179,115,64,18.2648401826484,6.392694063926941,11.87214611872146,81.7351598173516,52.51141552511416,29.22374429223744
E00013407,114,28,11,17,86,56,30,24.561403508771928,9.649122807017543,14.912280701754385,75.43859649122807,49.122807017543856,26.31578947368421
E00013408,181,34,17,17,147,87,60,18.784530386740332,9.392265193370166,9.392265193370166,81.21546961325967,48.06629834254144,33.14917127071823
E00013409,204,41,20,21,163,113,50,20.098039215686274,9.803921568627452,10.294117647058822,79.90196078431373,55.392156862745104,24.509803921568626
E00013410,136,21,14,7,115,79,36,15.441176470588236,10.294117647058822,5.147058823529411,84.55882352941177,58.08823529411765,26.47058823529412
E00013411,167,62,21,41,105,74,31,37.12574850299401,12.574850299401197,24.550898203592812,62.874251497005986,44.31137724550898,18.562874251497004
E00013412,148,35,11,24,113,77,36,23.64864864864865,7.4324324324324325,16.216216216216218,76.35135135135135,52.02702702702703,24.324324324324326
E00013413,124,22,8,14,102,67,35,17.741935483870968,6.451612903225806,11.29032258064516,82.25806451612904,54.03225806451613,28.225806451612907
E00013414,179,61,21,40,118,93,25,34.07821229050279,11.731843575418994,22.3463687150838,65.92178770949721,51.955307262569825,13.966480446927374
E00013415,129,52,15,37,77,70,7,40.310077519379846,11.627906976744185,28.68217054263566,59.68992248062015,54.263565891472865,5.426356589147287
E00013416,148,58,17,41,90,84,6,39.189189189189186,11.486486486486488,27.7027027027027,60.810810810810814,56.75675675675676,4.054054054054054
E00013417,154,34,13,21,120,103,17,22.07792207792208,8.441558441558442,13.636363636363635,77.92207792207793,66.88311688311688,11.03896103896104
E00013418,110,33,10,23,77,64,13,30,9.090909090909092,20.909090909090907,70,58.18181818181818,11.818181818181818
E00013419,239,34,17,17,205,162,43,14.225941422594143,7.112970711297072,7.112970711297072,85.77405857740585,67.78242677824268,17.99163179916318
E00013420,218,23,12,11,195,132,63,10.550458715596331,5.5045871559633035,5.045871559633028,89.44954128440367,60.550458715596335,28.899082568807337
E00013421,153,40,14,26,113,88,25,26.143790849673206,9.15032679738562,16.99346405228758,73.8562091503268,57.51633986928104,16.33986928104575
E00013422,192,33,15,18,159,126,33,17.1875,7.8125,9.375,82.8125,65.625,17.1875
E00013423,132,28,11,17,104,81,23,21.21212121212121,8.333333333333332,12.878787878787879,78.78787878787878,61.36363636363637,17.424242424242426
E00013424,149,35,12,23,114,82,32,23.48993288590604,8.053691275167784,15.436241610738255,76.51006711409396,55.033557046979865,21.476510067114095
E00013425,228,36,14,22,192,149,43,15.789473684210526,6.140350877192982,9.649122807017543,84.21052631578947,65.35087719298247,18.859649122807017
E00013426,102,28,10,18,74,50,24,27.450980392156865,9.803921568627452,17.647058823529413,72.54901960784314,49.01960784313725,23.52941176470588
E00013428,119,36,21,15,83,59,24,30.252100840336134,17.647058823529413,12.605042016806722,69.74789915966386,49.57983193277311,20.168067226890756
E00013429,95,25,12,13,70,46,24,26.31578947368421,12.631578947368421,13.684210526315791,73.68421052631578,48.421052631578945,25.263157894736842
E00013430,65,20,9,11,45,24,21,30.76923076923077,13.846153846153847,16.923076923076923,69.23076923076923,36.92307692307693,32.30769230769231
E00013431,88,15,9,6,73,51,22,17.045454545454543,10.227272727272728,6.8181818181818175,82.95454545454545,57.95454545454546,25
E00013432,123,45,8,37,78,67,11,36.58536585365854,6.504065040650407,30.081300813008134,63.41463414634146,54.47154471544715,8.94308943089431
E00013434,150,20,10,10,130,96,34,13.333333333333334,6.666666666666667,6.666666666666667,86.66666666666667,64,22.666666666666664
E00013435,168,56,27,29,112,99,13,33.33333333333333,16.071428571428573,17.261904761904763,66.66666666666666,58.92857142857143,7.738095238095238
E00013437,88,22,5,17,66,52,14,25,5.681818181818182,19.318181818181817,75,59.09090909090909,15.909090909090908
E00013439,100,14,9,5,86,55,31,14.000000000000002,9,5,86,55.00000000000001,31
E00013441,88,24,10,14,64,59,5,27.27272727272727,11.363636363636363,15.909090909090908,72.72727272727273,67.04545454545455,5.681818181818182
E00013442,174,39,17,22,135,102,33,22.413793103448278,9.770114942528735,12.643678160919542,77.58620689655173,58.620689655172406,18.96551724137931
E00013443,189,56,24,32,133,117,16,29.629629629629626,12.698412698412698,16.93121693121693,70.37037037037037,61.904761904761905,8.465608465608465
E00013444,122,43,12,31,79,65,14,35.24590163934426,9.836065573770492,25.40983606557377,64.75409836065575,53.278688524590166,11.475409836065573
E00013445,90,37,13,24,53,48,5,41.11111111111111,14.444444444444443,26.666666666666668,58.88888888888889,53.333333333333336,5.555555555555555
E00013446,158,28,11,17,130,85,45,17.72151898734177,6.962025316455696,10.759493670886076,82.27848101265823,53.79746835443038,28.48101265822785
E00013447,162,55,24,31,107,83,24,33.95061728395062,14.814814814814813,19.1358024691358,66.0493827160494,51.23456790123457,14.814814814814813
E00013448,99,27,12,15,72,61,11,27.27272727272727,12.121212121212121,15.151515151515152,72.72727272727273,61.61616161616161,11.11111111111111
E00013449,91,37,12,25,54,42,12,40.65934065934066,13.186813186813188,27.472527472527474,59.34065934065934,46.15384615384615,13.186813186813188
E00013450,47,12,4,8,35,27,8,25.53191489361702,8.51063829787234,17.02127659574468,74.46808510638297,57.446808510638306,17.02127659574468
E00013452,114,31,12,19,83,76,7,27.192982456140353,10.526315789473683,16.666666666666664,72.80701754385966,66.66666666666666,6.140350877192982
E00013454,165,39,14,25,126,93,33,23.636363636363637,8.484848484848486,15.151515151515152,76.36363636363637,56.36363636363636,20
E00013455,176,35,19,16,141,89,52,19.886363636363637,10.795454545454545,9.090909090909092,80.11363636363636,50.56818181818182,29.545454545454547
E00013457,100,32,15,17,68,54,14,32,15,17,68,54,14.000000000000002
E00013458,248,59,22,37,189,135,54,23.790322580645164,8.870967741935484,14.919354838709678,76.20967741935483,54.43548387096774,21.774193548387096
E00013460,203,43,22,21,160,106,54,21.182266009852217,10.83743842364532,10.344827586206897,78.81773399014779,52.21674876847291,26.60098522167488
E00013461,230,60,17,43,170,115,55,26.08695652173913,7.391304347826087,18.695652173913043,73.91304347826086,50,23.91304347826087
E00013462,107,43,11,32,64,57,7,40.18691588785047,10.2803738317757,29.906542056074763,59.813084112149525,53.271028037383175,6.5420560747663545
E00013463,84,38,9,29,46,39,7,45.23809523809524,10.714285714285714,34.523809523809526,54.761904761904766,46.42857142857143,8.333333333333332
E00013464,138,52,22,30,86,70,16,37.68115942028986,15.942028985507244,21.73913043478261,62.31884057971014,50.72463768115942,11.594202898550725
E00013465,131,28,12,16,103,73,30,21.374045801526716,9.16030534351145,12.213740458015266,78.62595419847328,55.72519083969466,22.900763358778626
E00013466,105,35,13,22,70,63,7,33.33333333333333,12.380952380952381,20.952380952380953,66.66666666666666,60,6.666666666666667
E00013467,152,45,22,23,107,87,20,29.605263157894733,14.473684210526317,15.131578947368421,70.39473684210526,57.23684210526315,13.157894736842104
E00013468,133,28,7,21,105,80,25,21.052631578947366,5.263157894736842,15.789473684210526,78.94736842105263,60.150375939849624,18.796992481203006
E00013469,147,22,10,12,125,86,39,14.965986394557824,6.802721088435375,8.16326530612245,85.03401360544217,58.50340136054422,26.53061224489796
E00013470,281,49,28,21,232,179,53,17.437722419928825,9.9644128113879,7.473309608540925,82.56227758007117,63.70106761565836,18.86120996441281
E00013471,141,28,10,18,113,83,30,19.858156028368796,7.092198581560284,12.76595744680851,80.1418439716312,58.86524822695035,21.27659574468085
E00013472,90,38,13,25,52,44,8,42.22222222222222,14.444444444444443,27.77777777777778,57.77777777777777,48.888888888888886,8.88888888888889
E00013473,159,67,26,41,92,73,19,42.138364779874216,16.352201257861633,25.78616352201258,57.861635220125784,45.911949685534594,11.949685534591195
E00013474,260,55,26,29,205,154,51,21.153846153846153,10,11.153846153846155,78.84615384615384,59.23076923076923,19.615384615384617
E00013475,69,20,8,12,49,47,2,28.985507246376812,11.594202898550725,17.391304347826086,71.01449275362319,68.11594202898551,2.898550724637681
E00013477,143,55,19,36,88,71,17,38.46153846153847,13.286713286713287,25.174825174825177,61.53846153846154,49.65034965034965,11.888111888111888
E00013478,150,51,26,25,99,87,12,34,17.333333333333336,16.666666666666664,66,57.99999999999999,8
E00013479,179,42,23,19,137,85,52,23.463687150837988,12.849162011173185,10.614525139664805,76.53631284916202,47.486033519553075,29.05027932960894
E00013480,164,37,17,20,127,91,36,22.5609756097561,10.365853658536585,12.195121951219512,77.4390243902439,55.487804878048784,21.951219512195124
E00013481,178,55,25,30,123,108,15,30.89887640449438,14.04494382022472,16.853932584269664,69.10112359550563,60.67415730337079,8.426966292134832
E00013482,158,45,15,30,113,96,17,28.48101265822785,9.49367088607595,18.9873417721519,71.51898734177216,60.75949367088608,10.759493670886076
E00013483,133,42,16,26,91,72,19,31.57894736842105,12.030075187969924,19.548872180451127,68.42105263157895,54.13533834586466,14.285714285714285
E00013484,126,22,12,10,104,70,34,17.46031746031746,9.523809523809524,7.936507936507936,82.53968253968253,55.55555555555556,26.984126984126984
E00013485,145,47,20,27,98,78,20,32.41379310344827,13.793103448275861,18.620689655172416,67.58620689655173,53.79310344827586,13.793103448275861
E00013486,153,54,30,24,99,73,26,35.294117647058826,19.607843137254903,15.686274509803921,64.70588235294117,47.712418300653596,16.99346405228758
E00013487,193,36,12,24,157,121,36,18.65284974093264,6.217616580310881,12.435233160621761,81.34715025906736,62.69430051813472,18.65284974093264
E00013488,215,61,27,34,154,124,30,28.37209302325581,12.558139534883722,15.813953488372093,71.62790697674419,57.674418604651166,13.953488372093023
E00013489,186,38,18,20,148,111,37,20.43010752688172,9.67741935483871,10.75268817204301,79.56989247311827,59.67741935483871,19.892473118279568
E00013490,105,14,5,9,91,79,12,13.333333333333334,4.761904761904762,8.571428571428571,86.66666666666667,75.23809523809524,11.428571428571429
E00013492,150,38,11,27,112,98,14,25.333333333333336,7.333333333333333,18,74.66666666666667,65.33333333333333,9.333333333333334
E00013493,118,32,8,24,86,72,14,27.11864406779661,6.779661016949152,20.33898305084746,72.88135593220339,61.016949152542374,11.864406779661017
E00013494,208,66,35,31,142,119,23,31.73076923076923,16.826923076923077,14.903846153846153,68.26923076923077,57.21153846153846,11.057692307692307
E00013495,150,16,9,7,134,103,31,10.666666666666668,6,4.666666666666667,89.33333333333333,68.66666666666667,20.666666666666668
E00013496,130,36,16,20,94,78,16,27.692307692307693,12.307692307692308,15.384615384615385,72.3076923076923,60,12.307692307692308
E00013497,126,35,14,21,91,77,14,27.77777777777778,11.11111111111111,16.666666666666664,72.22222222222221,61.111111111111114,11.11111111111111
E00013500,184,44,16,28,140,94,46,23.91304347826087,8.695652173913043,15.217391304347828,76.08695652173914,51.08695652173913,25
E00013501,197,46,15,31,151,107,44,23.3502538071066,7.614213197969544,15.736040609137056,76.6497461928934,54.314720812182735,22.33502538071066
E00013502,184,47,23,24,137,103,34,25.543478260869566,12.5,13.043478260869565,74.45652173913044,55.97826086956522,18.478260869565215
E00013503,116,39,13,26,77,68,9,33.62068965517241,11.206896551724139,22.413793103448278,66.37931034482759,58.620689655172406,7.758620689655173
E00013504,177,51,22,29,126,74,52,28.8135593220339,12.429378531073446,16.38418079096045,71.1864406779661,41.80790960451977,29.37853107344633
E00013506,117,41,12,29,76,65,11,35.04273504273504,10.256410256410255,24.786324786324787,64.95726495726495,55.55555555555556,9.401709401709402
E00013507,95,20,9,11,75,55,20,21.052631578947366,9.473684210526317,11.578947368421053,78.94736842105263,57.89473684210527,21.052631578947366
E00013508,199,31,13,18,168,111,57,15.577889447236181,6.532663316582915,9.045226130653267,84.42211055276381,55.778894472361806,28.643216080402013
E00013509,117,27,12,15,90,60,30,23.076923076923077,10.256410256410255,12.82051282051282,76.92307692307693,51.28205128205128,25.64102564102564
E00013510,106,24,11,13,82,46,36,22.641509433962266,10.377358490566039,12.264150943396226,77.35849056603774,43.39622641509434,33.9622641509434
E00013511,109,26,10,16,83,50,33,23.853211009174313,9.174311926605505,14.678899082568808,76.14678899082568,45.87155963302752,30.275229357798167
E00013512,201,34,9,25,167,122,45,16.91542288557214,4.477611940298507,12.437810945273633,83.08457711442786,60.69651741293532,22.388059701492537
E00013513,135,34,8,26,101,81,20,25.185185185185183,5.9259259259259265,19.25925925925926,74.81481481481481,60,14.814814814814813
E00013514,167,23,7,16,144,103,41,13.77245508982036,4.191616766467066,9.580838323353294,86.22754491017965,61.67664670658682,24.550898203592812
E00013515,160,36,11,25,124,88,36,22.5,6.875000000000001,15.625,77.5,55.00000000000001,22.5
E00013516,157,31,13,18,126,92,34,19.745222929936308,8.280254777070063,11.464968152866243,80.2547770700637,58.59872611464968,21.656050955414013
E00013517,123,14,7,7,109,77,32,11.38211382113821,5.691056910569105,5.691056910569105,88.6178861788618,62.601626016260155,26.01626016260163
E00013518,122,22,5,17,100,82,18,18.0327868852459,4.098360655737705,13.934426229508196,81.9672131147541,67.21311475409836,14.754098360655737
E00013519,78,14,8,6,64,53,11,17.94871794871795,10.256410256410255,7.6923076923076925,82.05128205128204,67.94871794871796,14.102564102564102
E00013520,251,46,18,28,205,160,45,18.326693227091635,7.171314741035857,11.155378486055776,81.67330677290838,63.745019920318725,17.928286852589643
E00013521,103,38,20,18,65,58,7,36.89320388349515,19.41747572815534,17.475728155339805,63.10679611650486,56.310679611650485,6.796116504854369
E00013522,128,33,14,19,95,77,18,25.78125,10.9375,14.84375,74.21875,60.15625,14.0625
E00013523,141,27,13,14,114,74,40,19.148936170212767,9.219858156028367,9.929078014184398,80.85106382978722,52.4822695035461,28.368794326241137
E00013524,186,35,18,17,151,110,41,18.817204301075268,9.67741935483871,9.13978494623656,81.18279569892472,59.13978494623656,22.043010752688172
E00013525,158,25,6,19,133,108,25,15.822784810126583,3.79746835443038,12.025316455696203,84.17721518987342,68.35443037974683,15.822784810126583
E00013526,219,73,28,45,146,129,17,33.33333333333333,12.785388127853881,20.54794520547945,66.66666666666666,58.9041095890411,7.76255707762557
E00013527,145,55,23,32,90,74,16,37.93103448275862,15.862068965517242,22.06896551724138,62.06896551724138,51.03448275862069,11.03448275862069
E00013528,141,38,8,30,103,79,24,26.95035460992908,5.673758865248227,21.27659574468085,73.04964539007092,56.02836879432624,17.02127659574468
E00013529,182,19,11,8,163,106,57,10.43956043956044,6.043956043956044,4.395604395604396,89.56043956043956,58.24175824175825,31.318681318681318
E00013530,157,59,21,38,98,83,15,37.57961783439491,13.375796178343949,24.203821656050955,62.42038216560509,52.86624203821656,9.554140127388536
E00013531,135,34,17,17,101,78,23,25.185185185185183,12.592592592592592,12.592592592592592,74.81481481481481,57.77777777777777,17.037037037037038
E00013532,193,35,14,21,158,109,49,18.134715025906736,7.253886010362693,10.880829015544041,81.86528497409327,56.476683937823836,25.38860103626943
E00013533,208,37,14,23,171,109,62,17.78846153846154,6.730769230769231,11.057692307692307,82.21153846153845,52.40384615384615,29.807692307692307
E00013534,185,51,21,30,134,107,27,27.56756756756757,11.351351351351353,16.216216216216218,72.43243243243244,57.83783783783784,14.594594594594595
E00013535,169,32,14,18,137,91,46,18.93491124260355,8.284023668639055,10.650887573964498,81.06508875739645,53.84615384615385,27.218934911242602
E00013536,148,32,11,21,116,75,41,21.62162162162162,7.4324324324324325,14.18918918918919,78.37837837837837,50.67567567567568,27.7027027027027
E00013538,138,31,15,16,107,60,47,22.463768115942027,10.869565217391305,11.594202898550725,77.53623188405797,43.47826086956522,34.05797101449276
E00013539,140,30,14,16,110,78,32,21.428571428571427,10,11.428571428571429,78.57142857142857,55.714285714285715,22.857142857142858
E00013540,129,39,10,29,90,75,15,30.23255813953488,7.751937984496124,22.48062015503876,69.76744186046511,58.139534883720934,11.627906976744185
E00013541,261,47,26,21,214,166,48,18.007662835249043,9.961685823754788,8.045977011494253,81.99233716475096,63.601532567049816,18.39080459770115
E00013542,138,24,10,14,114,82,32,17.391304347826086,7.246376811594203,10.144927536231885,82.6086956521739,59.42028985507246,23.18840579710145
E00013543,120,39,13,26,81,73,8,32.5,10.833333333333334,21.666666666666668,67.5,60.83333333333333,6.666666666666667
E00013544,175,53,17,36,122,91,31,30.28571428571429,9.714285714285714,20.57142857142857,69.71428571428572,52,17.71428571428571
E00013545,133,18,7,11,115,70,45,13.533834586466165,5.263157894736842,8.270676691729323,86.46616541353383,52.63157894736842,33.83458646616541
E00013546,160,29,15,14,131,86,45,18.125,9.375,8.75,81.875,53.75,28.125
E00013547,232,49,20,29,183,123,60,21.120689655172413,8.620689655172415,12.5,78.87931034482759,53.01724137931034,25.862068965517242
E00013548,137,45,16,29,92,79,13,32.846715328467155,11.678832116788321,21.16788321167883,67.15328467153284,57.66423357664233,9.48905109489051
E00013549,220,30,15,15,190,123,67,13.636363636363635,6.8181818181818175,6.8181818181818175,86.36363636363636,55.90909090909091,30.454545454545457
E00013550,220,35,29,6,185,108,77,15.909090909090908,13.18181818181818,2.727272727272727,84.0909090909091,49.09090909090909,35
E00013551,149,29,11,18,120,80,40,19.463087248322147,7.38255033557047,12.080536912751679,80.53691275167785,53.691275167785236,26.845637583892618
E00013552,161,29,9,20,132,100,32,18.012422360248447,5.590062111801243,12.422360248447205,81.98757763975155,62.11180124223602,19.875776397515526
E00013553,161,32,12,20,129,83,46,19.875776397515526,7.453416149068323,12.422360248447205,80.12422360248446,51.5527950310559,28.57142857142857
E00013554,108,34,17,17,74,63,11,31.48148148148148,15.74074074074074,15.74074074074074,68.51851851851852,58.333333333333336,10.185185185185185
E00013555,83,41,30,11,42,34,8,49.39759036144578,36.144578313253014,13.253012048192772,50.602409638554214,40.963855421686745,9.63855421686747
E00013556,155,23,13,10,132,87,45,14.838709677419354,8.38709677419355,6.451612903225806,85.16129032258064,56.12903225806451,29.03225806451613
E00013557,239,43,23,20,196,120,76,17.99163179916318,9.623430962343097,8.368200836820083,82.00836820083683,50.2092050209205,31.799163179916317
E00013558,170,37,19,18,133,104,29,21.764705882352942,11.176470588235295,10.588235294117647,78.23529411764706,61.1764705882353,17.058823529411764
E00013559,94,22,8,14,72,50,22,23.404255319148938,8.51063829787234,14.893617021276595,76.59574468085107,53.191489361702125,23.404255319148938
E00013560,142,21,9,12,121,84,37,14.788732394366196,6.338028169014084,8.450704225352112,85.2112676056338,59.154929577464785,26.056338028169012
E00013561,130,23,10,13,107,88,19,17.692307692307693,7.6923076923076925,10,82.3076923076923,67.6923076923077,14.615384615384617
E00013562,124,28,11,17,96,78,18,22.58064516129032,8.870967741935484,13.709677419354838,77.41935483870968,62.903225806451616,14.516129032258066
E00013563,120,21,8,13,99,73,26,17.5,6.666666666666667,10.833333333333334,82.5,60.83333333333333,21.666666666666668
E00013564,144,37,15,22,107,72,35,25.694444444444443,10.416666666666668,15.277777777777779,74.30555555555556,50,24.305555555555554
E00013565,186,39,19,20,147,111,36,20.967741935483872,10.21505376344086,10.75268817204301,79.03225806451613,59.67741935483871,19.35483870967742
E00013566,138,30,14,16,108,88,20,21.73913043478261,10.144927536231885,11.594202898550725,78.26086956521739,63.76811594202898,14.492753623188406
E00013567,135,34,14,20,101,70,31,25.185185185185183,10.37037037037037,14.814814814814813,74.81481481481481,51.85185185185185,22.962962962962962
E00013568,102,34,10,24,68,59,9,33.33333333333333,9.803921568627452,23.52941176470588,66.66666666666666,57.84313725490197,8.823529411764707
E00013569,151,45,20,25,106,75,31,29.80132450331126,13.245033112582782,16.55629139072848,70.19867549668875,49.668874172185426,20.52980132450331
E00013570,72,28,17,11,44,36,8,38.88888888888889,23.61111111111111,15.277777777777779,61.111111111111114,50,11.11111111111111
E00013571,126,45,15,30,81,69,12,35.714285714285715,11.904761904761903,23.809523809523807,64.28571428571429,54.761904761904766,9.523809523809524
E00013572,234,31,13,18,203,123,80,13.247863247863249,5.555555555555555,7.6923076923076925,86.75213675213675,52.56410256410257,34.18803418803419
E00013573,87,26,12,14,61,48,13,29.88505747126437,13.793103448275861,16.091954022988507,70.11494252873564,55.172413793103445,14.942528735632186
E00013574,162,43,20,23,119,91,28,26.543209876543212,12.345679012345679,14.19753086419753,73.4567901234568,56.17283950617284,17.28395061728395
E00013575,116,31,9,22,85,65,20,26.72413793103448,7.758620689655173,18.96551724137931,73.27586206896551,56.03448275862068,17.24137931034483
E00013576,104,21,5,16,83,60,23,20.192307692307693,4.807692307692308,15.384615384615385,79.8076923076923,57.692307692307686,22.115384615384613
E00013577,169,60,25,35,109,94,15,35.50295857988166,14.792899408284024,20.710059171597635,64.49704142011834,55.62130177514793,8.875739644970414
E00013578,105,22,11,11,83,62,21,20.952380952380953,10.476190476190476,10.476190476190476,79.04761904761905,59.04761904761905,20
E00013579,136,38,14,24,98,69,29,27.941176470588236,10.294117647058822,17.647058823529413,72.05882352941177,50.73529411764706,21.323529411764707
E00013580,99,33,10,23,66,61,5,33.33333333333333,10.1010101010101,23.232323232323232,66.66666666666666,61.61616161616161,5.05050505050505
E00013581,192,39,10,29,153,119,34,20.3125,5.208333333333334,15.104166666666666,79.6875,61.979166666666664,17.708333333333336
E00013582,148,60,18,42,88,68,20,40.54054054054054,12.162162162162163,28.37837837837838,59.45945945945946,45.94594594594595,13.513513513513514
E00013583,270,53,21,32,217,161,56,19.62962962962963,7.777777777777778,11.851851851851853,80.37037037037037,59.62962962962963,20.74074074074074
E00013584,140,60,26,34,80,70,10,42.857142857142854,18.571428571428573,24.285714285714285,57.14285714285714,50,7.142857142857142
E00013585,183,29,16,13,154,130,24,15.846994535519126,8.743169398907105,7.103825136612022,84.15300546448088,71.03825136612022,13.114754098360656
E00013586,159,25,11,14,134,111,23,15.723270440251572,6.918238993710692,8.80503144654088,84.27672955974843,69.81132075471697,14.465408805031446
E00013587,211,47,19,28,164,131,33,22.274881516587676,9.004739336492891,13.270142180094787,77.72511848341233,62.08530805687204,15.639810426540285
E00013588,130,24,8,16,106,91,15,18.461538461538463,6.153846153846154,12.307692307692308,81.53846153846153,70,11.538461538461538
E00013589,163,42,14,28,121,99,22,25.766871165644172,8.588957055214724,17.177914110429448,74.23312883435584,60.73619631901841,13.496932515337424
E00013591,142,37,11,26,105,95,10,26.056338028169012,7.746478873239436,18.30985915492958,73.94366197183099,66.90140845070422,7.042253521126761
E00013592,106,49,20,29,57,52,5,46.22641509433962,18.867924528301888,27.358490566037734,53.77358490566038,49.056603773584904,4.716981132075472
E00013593,158,51,25,26,107,93,14,32.278481012658226,15.822784810126583,16.455696202531644,67.72151898734177,58.86075949367089,8.860759493670885
E00013595,148,37,16,21,111,96,15,25,10.81081081081081,14.18918918918919,75,64.86486486486487,10.135135135135135
E00013596,173,35,17,18,138,114,24,20.23121387283237,9.826589595375722,10.404624277456648,79.76878612716763,65.89595375722543,13.872832369942195
E00013597,265,76,36,40,189,163,26,28.67924528301887,13.584905660377359,15.09433962264151,71.32075471698113,61.50943396226415,9.811320754716983
E00013598,122,44,18,26,78,75,3,36.0655737704918,14.754098360655737,21.311475409836063,63.934426229508205,61.47540983606557,2.459016393442623
E00013599,159,32,17,15,127,101,26,20.125786163522015,10.69182389937107,9.433962264150944,79.87421383647799,63.52201257861635,16.352201257861633
E00013600,194,32,14,18,162,127,35,16.49484536082474,7.216494845360824,9.278350515463918,83.50515463917526,65.4639175257732,18.04123711340206
E00013601,124,32,11,21,92,68,24,25.806451612903224,8.870967741935484,16.93548387096774,74.19354838709677,54.83870967741935,19.35483870967742
E00013602,136,27,9,18,109,89,20,19.852941176470587,6.61764705882353,13.23529411764706,80.14705882352942,65.44117647058823,14.705882352941178
E00013603,155,30,14,16,125,99,26,19.35483870967742,9.032258064516128,10.32258064516129,80.64516129032258,63.87096774193548,16.7741935483871
E00013604,359,128,60,68,231,188,43,35.65459610027855,16.71309192200557,18.94150417827298,64.34540389972145,52.36768802228412,11.977715877437326
E00013605,128,34,15,19,94,79,15,26.5625,11.71875,14.84375,73.4375,61.71875,11.71875
E00013606,213,65,19,46,148,128,20,30.51643192488263,8.92018779342723,21.5962441314554,69.48356807511738,60.093896713615024,9.389671361502346
E00013608,119,30,16,14,89,64,25,25.210084033613445,13.445378151260504,11.76470588235294,74.78991596638656,53.78151260504202,21.008403361344538
E00013609,140,58,24,34,82,67,15,41.42857142857143,17.142857142857142,24.285714285714285,58.57142857142858,47.85714285714286,10.714285714285714
E00013610,201,49,22,27,152,133,19,24.378109452736318,10.945273631840797,13.432835820895523,75.62189054726367,66.16915422885572,9.45273631840796
E00013611,70,35,18,17,35,29,6,50,25.71428571428571,24.285714285714285,50,41.42857142857143,8.571428571428571
E00013612,121,49,15,34,72,68,4,40.49586776859504,12.396694214876034,28.09917355371901,59.50413223140496,56.19834710743802,3.3057851239669422
E00013613,113,43,21,22,70,64,6,38.05309734513274,18.58407079646018,19.469026548672566,61.94690265486725,56.63716814159292,5.3097345132743365
E00013614,113,43,22,21,70,63,7,38.05309734513274,19.469026548672566,18.58407079646018,61.94690265486725,55.75221238938053,6.1946902654867255
E00013615,209,58,19,39,151,131,20,27.751196172248804,9.090909090909092,18.660287081339714,72.24880382775119,62.67942583732058,9.569377990430622
E00013616,95,32,12,20,63,55,8,33.68421052631579,12.631578947368421,21.052631578947366,66.3157894736842,57.89473684210527,8.421052631578947
E00013617,90,43,12,31,47,42,5,47.77777777777778,13.333333333333334,34.44444444444444,52.22222222222223,46.666666666666664,5.555555555555555
E00013619,119,34,15,19,85,74,11,28.57142857142857,12.605042016806722,15.966386554621847,71.42857142857143,62.18487394957983,9.243697478991598
E00013620,139,55,12,43,84,78,6,39.568345323741006,8.633093525179856,30.935251798561154,60.431654676258994,56.11510791366906,4.316546762589928
E00013622,112,19,6,13,93,76,17,16.964285714285715,5.357142857142857,11.607142857142858,83.03571428571429,67.85714285714286,15.178571428571427
E00013624,87,26,16,10,61,46,15,29.88505747126437,18.39080459770115,11.494252873563218,70.11494252873564,52.87356321839081,17.24137931034483
E00013625,175,23,10,13,152,105,47,13.142857142857142,5.714285714285714,7.428571428571429,86.85714285714286,60,26.857142857142858
E00013626,218,47,21,26,171,112,59,21.55963302752294,9.63302752293578,11.926605504587156,78.44036697247707,51.37614678899083,27.06422018348624
E00013627,183,32,11,21,151,111,40,17.48633879781421,6.0109289617486334,11.475409836065573,82.5136612021858,60.65573770491803,21.85792349726776
E00013628,151,55,13,42,96,84,12,36.423841059602644,8.609271523178808,27.81456953642384,63.576158940397356,55.62913907284768,7.9470198675496695
E00013629,158,36,17,19,122,99,23,22.78481012658228,10.759493670886076,12.025316455696203,77.21518987341773,62.65822784810127,14.556962025316455
E00013630,140,29,10,19,111,73,38,20.714285714285715,7.142857142857142,13.571428571428571,79.28571428571428,52.142857142857146,27.142857142857142
E00013631,302,38,18,20,264,178,86,12.582781456953644,5.960264900662252,6.622516556291391,87.41721854304636,58.94039735099338,28.47682119205298
E00013632,216,29,14,15,187,130,57,13.425925925925927,6.481481481481481,6.944444444444445,86.57407407407408,60.18518518518518,26.38888888888889
E00013633,122,32,12,20,90,79,11,26.229508196721312,9.836065573770492,16.39344262295082,73.77049180327869,64.75409836065575,9.01639344262295
E00013635,99,26,7,19,73,61,12,26.262626262626267,7.07070707070707,19.19191919191919,73.73737373737373,61.61616161616161,12.121212121212121
E00013636,171,53,15,38,118,100,18,30.994152046783626,8.771929824561402,22.22222222222222,69.00584795321637,58.47953216374269,10.526315789473683
E00013637,160,52,18,34,108,95,13,32.5,11.25,21.25,67.5,59.375,8.125
E00013638,272,43,18,25,229,181,48,15.808823529411764,6.61764705882353,9.191176470588236,84.19117647058823,66.54411764705883,17.647058823529413
E00013639,206,46,20,26,160,107,53,22.330097087378643,9.70873786407767,12.62135922330097,77.66990291262135,51.94174757281553,25.728155339805824
E00013640,249,43,14,29,206,144,62,17.269076305220885,5.622489959839357,11.646586345381527,82.73092369477911,57.831325301204814,24.899598393574294
E00013641,135,37,9,28,98,80,18,27.40740740740741,6.666666666666667,20.74074074074074,72.5925925925926,59.25925925925925,13.333333333333334
E00013642,209,39,16,23,170,120,50,18.660287081339714,7.655502392344498,11.004784688995215,81.3397129186603,57.41626794258373,23.923444976076556
E00013643,168,27,17,10,141,111,30,16.071428571428573,10.119047619047619,5.952380952380952,83.92857142857143,66.07142857142857,17.857142857142858
E00013644,113,23,9,14,90,75,15,20.353982300884958,7.964601769911504,12.389380530973451,79.64601769911505,66.3716814159292,13.274336283185843
E00013645,133,37,15,22,96,82,14,27.819548872180448,11.278195488721805,16.541353383458645,72.18045112781954,61.65413533834586,10.526315789473683
E00013646,179,31,15,16,148,106,42,17.318435754189945,8.379888268156424,8.938547486033519,82.68156424581005,59.217877094972074,23.463687150837988
E00013647,158,33,11,22,125,83,42,20.88607594936709,6.962025316455696,13.924050632911392,79.11392405063292,52.53164556962025,26.582278481012654
E00013648,80,21,5,16,59,41,18,26.25,6.25,20,73.75,51.24999999999999,22.5
E00013649,103,26,9,17,77,59,18,25.24271844660194,8.737864077669903,16.50485436893204,74.75728155339806,57.28155339805825,17.475728155339805
E00013650,152,53,28,25,99,77,22,34.868421052631575,18.421052631578945,16.447368421052634,65.13157894736842,50.6578947368421,14.473684210526317
E00013651,167,28,13,15,139,99,40,16.766467065868262,7.784431137724551,8.982035928143713,83.23353293413174,59.281437125748504,23.952095808383234
E00013652,196,45,24,21,151,106,45,22.95918367346939,12.244897959183673,10.714285714285714,77.04081632653062,54.08163265306123,22.95918367346939
E00013653,175,36,12,24,139,98,41,20.57142857142857,6.857142857142858,13.714285714285715,79.42857142857143,56.00000000000001,23.42857142857143
E00013654,102,23,10,13,79,52,27,22.54901960784314,9.803921568627452,12.745098039215685,77.45098039215686,50.98039215686274,26.47058823529412
E00013655,279,56,25,31,223,185,38,20.07168458781362,8.960573476702509,11.11111111111111,79.92831541218638,66.30824372759857,13.620071684587815
E00013656,249,44,24,20,205,146,59,17.670682730923694,9.63855421686747,8.032128514056225,82.32931726907631,58.63453815261044,23.694779116465863
E00013657,190,28,5,23,162,128,34,14.736842105263156,2.631578947368421,12.105263157894736,85.26315789473684,67.36842105263158,17.894736842105264
E00013658,124,31,13,18,93,71,22,25,10.483870967741936,14.516129032258066,75,57.25806451612904,17.741935483870968
E00013659,189,28,8,20,161,121,40,14.814814814814813,4.232804232804233,10.582010582010582,85.18518518518519,64.02116402116403,21.164021164021165
E00013660,121,20,7,13,101,78,23,16.528925619834713,5.785123966942149,10.743801652892563,83.47107438016529,64.46280991735537,19.00826446280992
E00013662,173,40,19,21,133,78,55,23.121387283236995,10.982658959537572,12.138728323699421,76.878612716763,45.08670520231214,31.79190751445087
E00013663,183,46,17,29,137,109,28,25.136612021857925,9.289617486338798,15.846994535519126,74.86338797814209,59.56284153005464,15.300546448087433
E00013664,182,48,23,25,134,97,37,26.373626373626376,12.637362637362637,13.736263736263737,73.62637362637363,53.2967032967033,20.32967032967033
E00013665,218,42,16,26,176,126,50,19.26605504587156,7.339449541284404,11.926605504587156,80.73394495412845,57.798165137614674,22.93577981651376
E00013667,288,64,31,33,224,169,55,22.22222222222222,10.76388888888889,11.458333333333332,77.77777777777779,58.68055555555556,19.09722222222222
E00013668,101,33,8,25,68,61,7,32.67326732673268,7.920792079207921,24.752475247524753,67.32673267326733,60.396039603960396,6.9306930693069315
E00013669,247,34,15,19,213,166,47,13.765182186234817,6.0728744939271255,7.6923076923076925,86.23481781376519,67.20647773279353,19.02834008097166
E00013670,200,30,15,15,170,111,59,15,7.5,7.5,85,55.50000000000001,29.5
E00013671,115,45,23,22,70,57,13,39.130434782608695,20,19.130434782608695,60.86956521739131,49.56521739130435,11.304347826086957
E00013672,182,27,13,14,155,121,34,14.835164835164836,7.142857142857142,7.6923076923076925,85.16483516483517,66.48351648351648,18.681318681318682
E00013673,56,19,5,14,37,30,7,33.92857142857143,8.928571428571429,25,66.07142857142857,53.57142857142857,12.5
E00013674,215,50,18,32,165,128,37,23.25581395348837,8.372093023255815,14.883720930232558,76.74418604651163,59.53488372093023,17.209302325581397
E00013675,261,63,24,39,198,151,47,24.137931034482758,9.195402298850574,14.942528735632186,75.86206896551724,57.8544061302682,18.007662835249043
E00013676,151,22,9,13,129,90,39,14.56953642384106,5.960264900662252,8.609271523178808,85.43046357615894,59.60264900662252,25.82781456953642
E00013677,158,51,23,28,107,93,14,32.278481012658226,14.556962025316455,17.72151898734177,67.72151898734177,58.86075949367089,8.860759493670885
E00013678,292,45,14,31,247,156,91,15.41095890410959,4.794520547945205,10.616438356164384,84.58904109589042,53.42465753424658,31.164383561643838
E00013679,104,45,18,27,59,54,5,43.269230769230774,17.307692307692307,25.961538461538463,56.730769230769226,51.92307692307693,4.807692307692308
E00013680,207,51,16,35,156,128,28,24.637681159420293,7.729468599033816,16.908212560386474,75.36231884057972,61.83574879227053,13.526570048309178
E00013681,83,18,6,12,65,45,20,21.686746987951807,7.228915662650602,14.457831325301203,78.3132530120482,54.21686746987952,24.096385542168676
E00013682,244,55,23,32,189,147,42,22.540983606557376,9.426229508196721,13.114754098360656,77.45901639344262,60.245901639344254,17.21311475409836
E00013683,152,49,18,31,103,84,19,32.23684210526316,11.842105263157894,20.394736842105264,67.76315789473685,55.26315789473685,12.5
E00013684,145,33,25,8,112,89,23,22.758620689655174,17.24137931034483,5.517241379310345,77.24137931034483,61.37931034482759,15.862068965517242
E00013685,128,39,20,19,89,59,30,30.46875,15.625,14.84375,69.53125,46.09375,23.4375
E00013687,209,40,14,26,169,135,34,19.138755980861244,6.698564593301436,12.440191387559809,80.86124401913875,64.5933014354067,16.267942583732058
E00013688,134,32,13,19,102,77,25,23.88059701492537,9.701492537313433,14.17910447761194,76.11940298507463,57.46268656716418,18.65671641791045
E00013689,109,26,12,14,83,64,19,23.853211009174313,11.009174311926607,12.844036697247708,76.14678899082568,58.71559633027523,17.431192660550458
E00013690,207,39,19,20,168,112,56,18.84057971014493,9.178743961352657,9.66183574879227,81.15942028985508,54.106280193236714,27.053140096618357
E00013691,197,53,17,36,144,114,30,26.903553299492383,8.629441624365482,18.274111675126903,73.09644670050761,57.868020304568525,15.228426395939088
E00013693,121,27,12,15,94,76,18,22.31404958677686,9.917355371900827,12.396694214876034,77.68595041322314,62.8099173553719,14.87603305785124
E00013694,184,42,18,24,142,115,27,22.82608695652174,9.782608695652174,13.043478260869565,77.17391304347827,62.5,14.673913043478262
E00013695,244,60,32,28,184,133,51,24.59016393442623,13.114754098360656,11.475409836065573,75.40983606557377,54.50819672131148,20.901639344262296
E00013696,108,44,12,32,64,56,8,40.74074074074074,11.11111111111111,29.629629629629626,59.25925925925925,51.85185185185185,7.4074074074074066
E00013697,183,31,14,17,152,118,34,16.939890710382514,7.650273224043716,9.289617486338798,83.06010928961749,64.48087431693989,18.579234972677597
E00013698,159,34,14,20,125,87,38,21.38364779874214,8.80503144654088,12.578616352201259,78.61635220125787,54.71698113207547,23.89937106918239
E00013699,117,50,12,38,67,59,8,42.73504273504273,10.256410256410255,32.47863247863248,57.26495726495726,50.427350427350426,6.837606837606838
E00013700,184,30,6,24,154,114,40,16.304347826086957,3.260869565217391,13.043478260869565,83.69565217391305,61.95652173913043,21.73913043478261
E00013701,180,42,11,31,138,112,26,23.333333333333332,6.111111111111111,17.22222222222222,76.66666666666667,62.22222222222222,14.444444444444443
E00013702,157,45,11,34,112,96,16,28.662420382165603,7.006369426751593,21.656050955414013,71.3375796178344,61.146496815286625,10.191082802547772
E00013703,163,38,16,22,125,106,19,23.31288343558282,9.815950920245399,13.496932515337424,76.68711656441718,65.03067484662577,11.65644171779141
E00013704,110,31,11,20,79,64,15,28.18181818181818,10,18.181818181818183,71.81818181818181,58.18181818181818,13.636363636363635
E00013705,189,65,24,41,124,103,21,34.39153439153439,12.698412698412698,21.693121693121693,65.60846560846561,54.4973544973545,11.11111111111111
E00013706,176,55,22,33,121,111,10,31.25,12.5,18.75,68.75,63.06818181818182,5.681818181818182
E00013707,188,53,22,31,135,115,20,28.191489361702125,11.702127659574469,16.48936170212766,71.80851063829788,61.170212765957444,10.638297872340425
E00013708,157,37,13,24,120,99,21,23.56687898089172,8.280254777070063,15.286624203821656,76.43312101910828,63.05732484076433,13.375796178343949
E00013709,149,37,13,24,112,95,17,24.832214765100673,8.724832214765101,16.10738255033557,75.16778523489933,63.758389261744966,11.409395973154362
E00013710,155,23,10,13,132,102,30,14.838709677419354,6.451612903225806,8.38709677419355,85.16129032258064,65.80645161290323,19.35483870967742
E00013711,240,64,21,43,176,126,50,26.666666666666668,8.75,17.916666666666668,73.33333333333333,52.5,20.833333333333336
E00013712,149,43,21,22,106,77,29,28.859060402684566,14.093959731543624,14.76510067114094,71.14093959731544,51.67785234899329,19.463087248322147
E00013713,207,56,23,33,151,104,47,27.053140096618357,11.11111111111111,15.942028985507244,72.94685990338165,50.24154589371981,22.705314009661837
E00013714,116,45,20,25,71,62,9,38.793103448275865,17.24137931034483,21.551724137931032,61.206896551724135,53.44827586206896,7.758620689655173
E00013715,176,44,19,25,132,89,43,25,10.795454545454545,14.204545454545455,75,50.56818181818182,24.431818181818183
E00013716,145,31,14,17,114,85,29,21.379310344827587,9.655172413793103,11.724137931034482,78.62068965517241,58.620689655172406,20
E00013717,174,50,30,20,124,90,34,28.735632183908045,17.24137931034483,11.494252873563218,71.26436781609196,51.724137931034484,19.54022988505747
E00013718,127,38,10,28,89,80,9,29.92125984251969,7.874015748031496,22.04724409448819,70.07874015748031,62.99212598425197,7.086614173228346
E00013719,149,40,11,29,109,81,28,26.845637583892618,7.38255033557047,19.463087248322147,73.15436241610739,54.36241610738255,18.79194630872483
E00013720,175,51,17,34,124,105,19,29.142857142857142,9.714285714285714,19.428571428571427,70.85714285714285,60,10.857142857142858
E00013721,174,64,23,41,110,91,19,36.7816091954023,13.218390804597702,23.563218390804597,63.2183908045977,52.29885057471264,10.919540229885058
E00013722,151,43,19,24,108,84,24,28.47682119205298,12.582781456953644,15.894039735099339,71.52317880794702,55.62913907284768,15.894039735099339
E00013723,93,29,13,16,64,52,12,31.182795698924732,13.978494623655912,17.20430107526882,68.81720430107528,55.91397849462365,12.903225806451612
E00013724,247,51,25,26,196,173,23,20.647773279352226,10.121457489878543,10.526315789473683,79.35222672064778,70.04048582995951,9.31174089068826
E00013725,160,31,13,18,129,99,30,19.375,8.125,11.25,80.625,61.875,18.75
E00013726,127,25,10,15,102,86,16,19.68503937007874,7.874015748031496,11.811023622047244,80.31496062992126,67.71653543307087,12.598425196850393
E00013727,130,48,14,34,82,73,9,36.92307692307693,10.76923076923077,26.153846153846157,63.07692307692307,56.15384615384615,6.923076923076923
E00013728,173,50,29,21,123,107,16,28.901734104046245,16.76300578034682,12.138728323699421,71.09826589595376,61.849710982658955,9.248554913294797
E00013729,196,51,21,30,145,118,27,26.02040816326531,10.714285714285714,15.306122448979592,73.9795918367347,60.204081632653065,13.77551020408163
E00013730,136,43,17,26,93,65,28,31.61764705882353,12.5,19.11764705882353,68.38235294117648,47.794117647058826,20.588235294117645
E00013731,153,39,14,25,114,89,25,25.49019607843137,9.15032679738562,16.33986928104575,74.50980392156863,58.16993464052288,16.33986928104575
E00013732,76,24,7,17,52,48,4,31.57894736842105,9.210526315789473,22.36842105263158,68.42105263157895,63.1578947368421,5.263157894736842
E00013733,122,33,12,21,89,79,10,27.049180327868854,9.836065573770492,17.21311475409836,72.95081967213115,64.75409836065575,8.19672131147541
E00013734,116,42,12,30,74,64,10,36.206896551724135,10.344827586206897,25.862068965517242,63.793103448275865,55.172413793103445,8.620689655172415
E00013735,173,42,12,30,131,105,26,24.277456647398843,6.9364161849710975,17.341040462427745,75.72254335260115,60.69364161849711,15.028901734104046
E00013736,117,43,26,17,74,62,12,36.75213675213676,22.22222222222222,14.529914529914532,63.24786324786324,52.991452991452995,10.256410256410255
E00013737,102,39,18,21,63,57,6,38.23529411764706,17.647058823529413,20.588235294117645,61.76470588235294,55.88235294117647,5.88235294117647
E00013738,116,28,7,21,88,76,12,24.137931034482758,6.0344827586206895,18.103448275862068,75.86206896551724,65.51724137931035,10.344827586206897
E00013739,127,33,14,19,94,75,19,25.984251968503933,11.023622047244094,14.960629921259844,74.01574803149606,59.055118110236215,14.960629921259844
E00013740,94,34,13,21,60,52,8,36.17021276595745,13.829787234042554,22.340425531914892,63.829787234042556,55.319148936170215,8.51063829787234
E00013741,123,57,22,35,66,56,10,46.34146341463415,17.88617886178862,28.455284552845526,53.65853658536586,45.52845528455284,8.130081300813007
E00013742,87,34,9,25,53,48,5,39.08045977011494,10.344827586206897,28.735632183908045,60.91954022988506,55.172413793103445,5.747126436781609
E00013743,146,44,21,23,102,83,19,30.136986301369863,14.383561643835616,15.753424657534246,69.86301369863014,56.849315068493155,13.013698630136986
E00013744,216,37,13,24,179,142,37,17.12962962962963,6.018518518518518,11.11111111111111,82.87037037037037,65.74074074074075,17.12962962962963
E00013745,231,59,27,32,172,130,42,25.541125541125542,11.688311688311687,13.852813852813853,74.45887445887446,56.27705627705628,18.181818181818183
E00013746,170,43,24,19,127,105,22,25.294117647058822,14.117647058823529,11.176470588235295,74.70588235294117,61.76470588235294,12.941176470588237
E00013747,194,39,14,25,155,128,27,20.103092783505154,7.216494845360824,12.886597938144329,79.89690721649485,65.97938144329896,13.917525773195877
E00013748,99,30,11,19,69,57,12,30.303030303030305,11.11111111111111,19.19191919191919,69.6969696969697,57.57575757575758,12.121212121212121
E00013749,146,47,22,25,99,87,12,32.19178082191781,15.068493150684931,17.123287671232877,67.8082191780822,59.589041095890416,8.21917808219178
E00013751,253,74,37,37,179,137,42,29.249011857707508,14.624505928853754,14.624505928853754,70.7509881422925,54.1501976284585,16.600790513833992
E00013752,238,20,9,11,218,155,63,8.403361344537815,3.7815126050420167,4.621848739495799,91.59663865546219,65.12605042016807,26.47058823529412
E00013754,182,47,17,30,135,102,33,25.82417582417583,9.340659340659341,16.483516483516482,74.17582417582418,56.043956043956044,18.13186813186813
E00013755,142,33,10,23,109,88,21,23.239436619718308,7.042253521126761,16.19718309859155,76.76056338028168,61.97183098591549,14.788732394366196
E00013756,177,55,16,39,122,100,22,31.07344632768362,9.03954802259887,22.033898305084744,68.92655367231639,56.49717514124294,12.429378531073446
E00013757,81,20,10,10,61,56,5,24.691358024691358,12.345679012345679,12.345679012345679,75.30864197530865,69.1358024691358,6.172839506172839
E00013758,184,60,25,35,124,104,20,32.608695652173914,13.586956521739129,19.021739130434785,67.3913043478261,56.52173913043478,10.869565217391305
E00013760,197,50,16,34,147,129,18,25.380710659898476,8.121827411167512,17.258883248730964,74.61928934010153,65.48223350253807,9.137055837563452
E00013762,109,28,8,20,81,75,6,25.688073394495415,7.339449541284404,18.34862385321101,74.31192660550458,68.80733944954129,5.5045871559633035
E00013763,131,26,9,17,105,86,19,19.84732824427481,6.870229007633588,12.977099236641221,80.1526717557252,65.64885496183206,14.50381679389313
E00013764,167,47,24,23,120,101,19,28.143712574850298,14.37125748502994,13.77245508982036,71.8562874251497,60.47904191616767,11.377245508982035
E00013765,117,32,14,18,85,69,16,27.350427350427353,11.965811965811966,15.384615384615385,72.64957264957265,58.97435897435898,13.675213675213676
E00013766,122,38,8,30,84,66,18,31.147540983606557,6.557377049180328,24.59016393442623,68.85245901639344,54.09836065573771,14.754098360655737
E00013767,118,37,12,25,81,66,15,31.35593220338983,10.16949152542373,21.1864406779661,68.64406779661016,55.932203389830505,12.711864406779661
E00013768,111,28,15,13,83,70,13,25.225225225225223,13.513513513513514,11.711711711711711,74.77477477477478,63.06306306306306,11.711711711711711
E00013769,148,41,14,27,107,89,18,27.7027027027027,9.45945945945946,18.243243243243242,72.2972972972973,60.13513513513513,12.162162162162163
E00013770,199,42,19,23,157,125,32,21.105527638190953,9.547738693467336,11.557788944723619,78.89447236180904,62.8140703517588,16.08040201005025
E00013771,150,46,16,30,104,84,20,30.666666666666664,10.666666666666668,20,69.33333333333334,56.00000000000001,13.333333333333334
E00013772,170,47,20,27,123,98,25,27.647058823529413,11.76470588235294,15.88235294117647,72.35294117647058,57.647058823529406,14.705882352941178
E00013773,115,39,15,24,76,64,12,33.91304347826087,13.043478260869565,20.869565217391305,66.08695652173913,55.65217391304348,10.434782608695652
E00013774,156,38,14,24,118,95,23,24.358974358974358,8.974358974358974,15.384615384615385,75.64102564102564,60.89743589743589,14.743589743589745
E00013776,218,51,25,26,167,129,38,23.394495412844037,11.46788990825688,11.926605504587156,76.60550458715596,59.174311926605505,17.431192660550458
E00013777,159,36,11,25,123,87,36,22.641509433962266,6.918238993710692,15.723270440251572,77.35849056603774,54.71698113207547,22.641509433962266
E00013778,188,26,17,9,162,123,39,13.829787234042554,9.042553191489363,4.787234042553192,86.17021276595744,65.42553191489363,20.74468085106383
E00013780,161,23,13,10,138,93,45,14.285714285714285,8.074534161490684,6.211180124223603,85.71428571428571,57.7639751552795,27.95031055900621
E00013781,149,60,23,37,89,69,20,40.26845637583892,15.436241610738255,24.832214765100673,59.73154362416108,46.308724832214764,13.422818791946309
E00013782,135,58,21,37,77,66,11,42.96296296296296,15.555555555555555,27.40740740740741,57.03703703703704,48.888888888888886,8.148148148148149
E00013783,251,50,20,30,201,164,37,19.9203187250996,7.968127490039841,11.952191235059761,80.0796812749004,65.33864541832669,14.741035856573706
E00013784,128,44,14,30,84,74,10,34.375,10.9375,23.4375,65.625,57.8125,7.8125
E00013785,177,71,31,40,106,89,17,40.11299435028249,17.51412429378531,22.598870056497177,59.887005649717516,50.282485875706215,9.6045197740113
E00013786,144,30,12,18,114,90,24,20.833333333333336,8.333333333333332,12.5,79.16666666666666,62.5,16.666666666666664
E00013787,125,30,10,20,95,86,9,24,8,16,76,68.8,7.199999999999999
E00013788,166,29,10,19,137,97,40,17.46987951807229,6.024096385542169,11.44578313253012,82.53012048192771,58.43373493975904,24.096385542168676
E00013789,130,36,16,20,94,78,16,27.692307692307693,12.307692307692308,15.384615384615385,72.3076923076923,60,12.307692307692308
E00013790,235,29,10,19,206,173,33,12.340425531914894,4.25531914893617,8.085106382978724,87.65957446808511,73.61702127659574,14.042553191489363
E00013791,216,70,21,49,146,129,17,32.407407407407405,9.722222222222223,22.685185185185187,67.5925925925926,59.72222222222222,7.87037037037037
E00013792,195,54,12,42,141,117,24,27.692307692307693,6.153846153846154,21.53846153846154,72.3076923076923,60,12.307692307692308
E00013793,93,24,5,19,69,50,19,25.806451612903224,5.376344086021505,20.43010752688172,74.19354838709677,53.76344086021505,20.43010752688172
E00013794,233,69,26,43,164,137,27,29.613733905579398,11.158798283261802,18.4549356223176,70.3862660944206,58.798283261802574,11.587982832618025
E00013795,157,48,25,23,109,93,16,30.573248407643312,15.92356687898089,14.64968152866242,69.42675159235668,59.23566878980891,10.191082802547772
E00013796,163,31,16,15,132,102,30,19.018404907975462,9.815950920245399,9.202453987730062,80.98159509202453,62.57668711656442,18.404907975460123
E00013797,133,38,14,24,95,78,17,28.57142857142857,10.526315789473683,18.045112781954884,71.42857142857143,58.64661654135338,12.781954887218044
E00013798,108,34,15,19,74,64,10,31.48148148148148,13.88888888888889,17.59259259259259,68.51851851851852,59.25925925925925,9.25925925925926
E00013799,180,32,11,21,148,122,26,17.77777777777778,6.111111111111111,11.666666666666666,82.22222222222221,67.77777777777779,14.444444444444443
E00013800,104,32,14,18,72,65,7,30.76923076923077,13.461538461538462,17.307692307692307,69.23076923076923,62.5,6.730769230769231
E00013802,195,59,21,38,136,99,37,30.256410256410255,10.76923076923077,19.48717948717949,69.74358974358974,50.76923076923077,18.974358974358974
E00013803,99,28,16,12,71,62,9,28.28282828282828,16.161616161616163,12.121212121212121,71.71717171717171,62.62626262626263,9.090909090909092
E00013804,99,16,4,12,83,70,13,16.161616161616163,4.040404040404041,12.121212121212121,83.83838383838383,70.70707070707071,13.131313131313133
E00013805,148,31,7,24,117,93,24,20.945945945945947,4.72972972972973,16.216216216216218,79.05405405405406,62.83783783783784,16.216216216216218
E00013806,150,33,12,21,117,95,22,22,8,14.000000000000002,78,63.33333333333333,14.666666666666666
E00013807,220,44,21,23,176,150,26,20,9.545454545454547,10.454545454545453,80,68.18181818181817,11.818181818181818
E00013808,95,36,15,21,59,56,3,37.89473684210527,15.789473684210526,22.105263157894736,62.10526315789474,58.94736842105262,3.1578947368421053
E00013809,213,46,18,28,167,135,32,21.5962441314554,8.450704225352112,13.145539906103288,78.40375586854461,63.38028169014085,15.023474178403756
E00013810,120,51,19,32,69,59,10,42.5,15.833333333333332,26.666666666666668,57.49999999999999,49.166666666666664,8.333333333333332
E00013811,92,32,15,17,60,45,15,34.78260869565217,16.304347826086957,18.478260869565215,65.21739130434783,48.91304347826087,16.304347826086957
E00013812,192,40,15,25,152,119,33,20.833333333333336,7.8125,13.020833333333334,79.16666666666666,61.979166666666664,17.1875
E00013814,158,91,53,38,67,56,11,57.59493670886076,33.54430379746836,24.050632911392405,42.405063291139236,35.44303797468354,6.962025316455696
E00013815,179,36,16,20,143,118,25,20.11173184357542,8.938547486033519,11.1731843575419,79.88826815642457,65.92178770949721,13.966480446927374
E00013816,90,43,32,11,47,39,8,47.77777777777778,35.55555555555556,12.222222222222221,52.22222222222223,43.333333333333336,8.88888888888889
E00013817,152,45,15,30,107,85,22,29.605263157894733,9.868421052631579,19.736842105263158,70.39473684210526,55.92105263157895,14.473684210526317
E00013818,276,69,32,37,207,169,38,25,11.594202898550725,13.405797101449277,75,61.23188405797102,13.768115942028986
E00013819,96,36,15,21,60,47,13,37.5,15.625,21.875,62.5,48.95833333333333,13.541666666666666
E00013820,76,27,9,18,49,37,12,35.526315789473685,11.842105263157894,23.684210526315788,64.47368421052632,48.68421052631579,15.789473684210526
E00013821,172,46,18,28,126,95,31,26.744186046511626,10.465116279069768,16.27906976744186,73.25581395348837,55.23255813953488,18.023255813953487
E00013822,52,11,0,11,41,34,7,21.153846153846153,0,21.153846153846153,78.84615384615384,65.38461538461539,13.461538461538462
E00013823,91,24,4,20,67,60,7,26.373626373626376,4.395604395604396,21.978021978021978,73.62637362637363,65.93406593406593,7.6923076923076925
E00013824,180,37,13,24,143,122,21,20.555555555555554,7.222222222222221,13.333333333333334,79.44444444444444,67.77777777777779,11.666666666666666
E00013825,155,38,19,19,117,102,15,24.516129032258064,12.258064516129032,12.258064516129032,75.48387096774194,65.80645161290323,9.67741935483871
E00013826,172,43,16,27,129,107,22,25,9.30232558139535,15.69767441860465,75,62.2093023255814,12.790697674418606
E00013827,160,48,16,32,112,94,18,30,10,20,70,58.75,11.25
E00013828,168,27,10,17,141,102,39,16.071428571428573,5.952380952380952,10.119047619047619,83.92857142857143,60.71428571428571,23.214285714285715
E00013829,161,42,13,29,119,94,25,26.08695652173913,8.074534161490684,18.012422360248447,73.91304347826086,58.38509316770186,15.527950310559005
E00013830,152,45,20,25,107,82,25,29.605263157894733,13.157894736842104,16.447368421052634,70.39473684210526,53.94736842105263,16.447368421052634
E00013831,170,34,12,22,136,105,31,20,7.0588235294117645,12.941176470588237,80,61.76470588235294,18.235294117647058
E00013832,151,33,12,21,118,92,26,21.85430463576159,7.9470198675496695,13.90728476821192,78.1456953642384,60.9271523178808,17.218543046357617
E00013833,117,27,11,16,90,55,35,23.076923076923077,9.401709401709402,13.675213675213676,76.92307692307693,47.008547008547005,29.914529914529915
E00013834,186,35,13,22,151,105,46,18.817204301075268,6.989247311827956,11.827956989247312,81.18279569892472,56.451612903225815,24.731182795698924
E00013835,258,73,25,48,185,160,25,28.294573643410853,9.689922480620156,18.6046511627907,71.70542635658916,62.01550387596899,9.689922480620156
E00013836,173,35,19,16,138,105,33,20.23121387283237,10.982658959537572,9.248554913294797,79.76878612716763,60.69364161849711,19.07514450867052
E00013837,133,33,8,25,100,85,15,24.81203007518797,6.015037593984962,18.796992481203006,75.18796992481202,63.90977443609023,11.278195488721805
E00013838,159,41,23,18,118,87,31,25.78616352201258,14.465408805031446,11.320754716981133,74.21383647798741,54.71698113207547,19.49685534591195
E00013839,130,31,9,22,99,75,24,23.846153846153847,6.923076923076923,16.923076923076923,76.15384615384615,57.692307692307686,18.461538461538463
E00013840,173,46,23,23,127,99,28,26.589595375722542,13.294797687861271,13.294797687861271,73.41040462427746,57.22543352601156,16.184971098265898
E00013841,208,42,17,25,166,124,42,20.192307692307693,8.173076923076923,12.01923076923077,79.8076923076923,59.61538461538461,20.192307692307693
E00013842,130,35,16,19,95,75,20,26.923076923076923,12.307692307692308,14.615384615384617,73.07692307692307,57.692307692307686,15.384615384615385
E00013843,102,30,12,18,72,56,16,29.411764705882355,11.76470588235294,17.647058823529413,70.58823529411765,54.90196078431373,15.686274509803921
E00013844,214,36,11,25,178,127,51,16.822429906542055,5.14018691588785,11.682242990654206,83.17757009345794,59.345794392523366,23.83177570093458
E00013845,172,34,16,18,138,102,36,19.767441860465116,9.30232558139535,10.465116279069768,80.23255813953489,59.30232558139535,20.930232558139537
E00013846,164,42,17,25,122,92,30,25.609756097560975,10.365853658536585,15.24390243902439,74.39024390243902,56.09756097560976,18.29268292682927
E00013847,111,35,9,26,76,64,12,31.53153153153153,8.108108108108109,23.423423423423422,68.46846846846847,57.65765765765766,10.81081081081081
E00013848,114,49,19,30,65,59,6,42.98245614035088,16.666666666666664,26.31578947368421,57.01754385964912,51.75438596491229,5.263157894736842
E00013849,125,61,24,37,64,54,10,48.8,19.2,29.599999999999998,51.2,43.2,8
E00013850,111,36,11,25,75,67,8,32.432432432432435,9.90990990990991,22.52252252252252,67.56756756756756,60.36036036036037,7.207207207207207
E00013851,169,38,12,26,131,98,33,22.485207100591715,7.100591715976331,15.384615384615385,77.51479289940828,57.98816568047337,19.526627218934912
E00013852,157,33,9,24,124,99,25,21.019108280254777,5.7324840764331215,15.286624203821656,78.98089171974523,63.05732484076433,15.92356687898089
E00013853,189,38,21,17,151,119,32,20.105820105820104,11.11111111111111,8.994708994708994,79.8941798941799,62.96296296296296,16.93121693121693
E00013854,126,21,8,13,105,83,22,16.666666666666664,6.349206349206349,10.317460317460316,83.33333333333334,65.87301587301587,17.46031746031746
E00013855,181,25,13,12,156,112,44,13.812154696132598,7.18232044198895,6.629834254143646,86.1878453038674,61.87845303867403,24.30939226519337
E00013856,354,103,58,45,251,203,48,29.09604519774011,16.38418079096045,12.711864406779661,70.90395480225989,57.34463276836158,13.559322033898304
E00013857,152,67,16,51,85,66,19,44.07894736842105,10.526315789473683,33.55263157894737,55.92105263157895,43.42105263157895,12.5
E00013858,161,57,27,30,104,86,18,35.40372670807454,16.77018633540373,18.633540372670808,64.59627329192547,53.41614906832298,11.180124223602485
E00013859,246,86,43,43,160,129,31,34.959349593495936,17.479674796747968,17.479674796747968,65.04065040650406,52.4390243902439,12.601626016260163
E00013860,146,44,16,28,102,86,16,30.136986301369863,10.95890410958904,19.17808219178082,69.86301369863014,58.9041095890411,10.95890410958904
E00013861,145,37,18,19,108,85,23,25.517241379310345,12.413793103448276,13.10344827586207,74.48275862068967,58.620689655172406,15.862068965517242
E00013862,124,29,11,18,95,86,9,23.387096774193548,8.870967741935484,14.516129032258066,76.61290322580645,69.35483870967742,7.258064516129033
E00013863,131,17,7,10,114,98,16,12.977099236641221,5.343511450381679,7.633587786259542,87.02290076335878,74.80916030534351,12.213740458015266
E00013864,199,40,11,29,159,135,24,20.100502512562816,5.527638190954774,14.572864321608039,79.89949748743719,67.8391959798995,12.060301507537687
E00013865,289,43,13,30,246,174,72,14.878892733564014,4.498269896193772,10.380622837370241,85.12110726643598,60.207612456747405,24.91349480968858
E00013866,203,35,11,24,168,129,39,17.24137931034483,5.41871921182266,11.822660098522167,82.75862068965517,63.54679802955665,19.21182266009852
E00013867,186,34,12,22,152,114,38,18.27956989247312,6.451612903225806,11.827956989247312,81.72043010752688,61.29032258064516,20.43010752688172
E00013868,166,35,18,17,131,86,45,21.084337349397593,10.843373493975903,10.240963855421686,78.91566265060241,51.80722891566265,27.10843373493976
E00013869,140,34,6,28,106,90,16,24.285714285714285,4.285714285714286,20,75.71428571428571,64.28571428571429,11.428571428571429
E00013870,196,27,8,19,169,118,51,13.77551020408163,4.081632653061225,9.693877551020408,86.22448979591837,60.204081632653065,26.02040816326531
E00013871,107,39,13,26,68,60,8,36.44859813084112,12.149532710280374,24.299065420560748,63.55140186915887,56.074766355140184,7.476635514018691
E00013872,153,29,13,16,124,77,47,18.954248366013072,8.49673202614379,10.457516339869281,81.04575163398692,50.326797385620914,30.718954248366014
E00013873,140,31,13,18,109,85,24,22.142857142857142,9.285714285714286,12.857142857142856,77.85714285714286,60.71428571428571,17.142857142857142
E00013874,127,27,13,14,100,84,16,21.25984251968504,10.236220472440944,11.023622047244094,78.74015748031496,66.14173228346458,12.598425196850393
E00013875,241,61,22,39,180,158,22,25.311203319502074,9.12863070539419,16.182572614107883,74.68879668049793,65.56016597510373,9.12863070539419
E00013876,205,56,24,32,149,127,22,27.31707317073171,11.707317073170733,15.609756097560975,72.6829268292683,61.951219512195124,10.731707317073171
E00013877,212,61,32,29,151,126,25,28.77358490566038,15.09433962264151,13.679245283018867,71.22641509433963,59.43396226415094,11.79245283018868
E00013878,134,39,20,19,95,82,13,29.1044776119403,14.925373134328357,14.17910447761194,70.8955223880597,61.19402985074627,9.701492537313433
E00013879,170,35,10,25,135,114,21,20.588235294117645,5.88235294117647,14.705882352941178,79.41176470588235,67.05882352941175,12.352941176470589
E00013880,86,30,11,19,56,49,7,34.883720930232556,12.790697674418606,22.093023255813954,65.11627906976744,56.97674418604651,8.13953488372093
E00013881,120,38,17,21,82,70,12,31.666666666666664,14.166666666666666,17.5,68.33333333333333,58.333333333333336,10
E00013882,134,40,15,25,94,76,18,29.850746268656714,11.194029850746269,18.65671641791045,70.1492537313433,56.71641791044776,13.432835820895523
E00013883,117,35,12,23,82,69,13,29.914529914529915,10.256410256410255,19.65811965811966,70.08547008547008,58.97435897435898,11.11111111111111
E00013884,90,22,12,10,68,56,12,24.444444444444443,13.333333333333334,11.11111111111111,75.55555555555556,62.22222222222222,13.333333333333334
E00013885,89,18,9,9,71,53,18,20.224719101123593,10.112359550561797,10.112359550561797,79.7752808988764,59.55056179775281,20.224719101123593
E00013886,227,73,36,37,154,124,30,32.158590308370044,15.859030837004406,16.299559471365637,67.84140969162996,54.62555066079295,13.215859030837004
E00013887,240,63,29,34,177,133,44,26.25,12.083333333333334,14.166666666666666,73.75,55.41666666666667,18.333333333333332
E00013888,233,46,17,29,187,138,49,19.742489270386265,7.296137339055794,12.446351931330472,80.25751072961373,59.227467811158796,21.030042918454935
E00013889,179,39,15,24,140,107,33,21.787709497206702,8.379888268156424,13.40782122905028,78.2122905027933,59.77653631284916,18.435754189944134
E00013890,196,40,17,23,156,122,34,20.408163265306122,8.673469387755102,11.73469387755102,79.59183673469387,62.244897959183675,17.346938775510203
E00013891,166,39,16,23,127,108,19,23.49397590361446,9.63855421686747,13.855421686746988,76.50602409638554,65.06024096385542,11.44578313253012
E00013893,185,29,10,19,156,127,29,15.675675675675677,5.405405405405405,10.27027027027027,84.32432432432432,68.64864864864865,15.675675675675677
E00013894,134,43,15,28,91,78,13,32.08955223880597,11.194029850746269,20.8955223880597,67.91044776119402,58.2089552238806,9.701492537313433
E00013895,159,41,16,25,118,90,28,25.78616352201258,10.062893081761008,15.723270440251572,74.21383647798741,56.60377358490566,17.61006289308176
E00013896,111,18,9,9,93,64,29,16.216216216216218,8.108108108108109,8.108108108108109,83.78378378378379,57.65765765765766,26.126126126126124
E00013897,108,23,9,14,85,67,18,21.296296296296298,8.333333333333332,12.962962962962962,78.70370370370371,62.03703703703704,16.666666666666664
E00013898,184,41,14,27,143,109,34,22.282608695652172,7.608695652173914,14.673913043478262,77.71739130434783,59.2391304347826,18.478260869565215
E00013899,138,17,6,11,121,89,32,12.318840579710146,4.3478260869565215,7.971014492753622,87.68115942028986,64.4927536231884,23.18840579710145
E00013900,160,40,20,20,120,91,29,25,12.5,12.5,75,56.875,18.125
E00013901,154,30,15,15,124,98,26,19.480519480519483,9.740259740259742,9.740259740259742,80.51948051948052,63.63636363636363,16.883116883116884
E00013902,178,34,13,21,144,107,37,19.101123595505616,7.303370786516854,11.797752808988763,80.89887640449437,60.1123595505618,20.786516853932586
E00013903,143,40,18,22,103,61,42,27.972027972027973,12.587412587412588,15.384615384615385,72.02797202797203,42.65734265734265,29.37062937062937
E00013904,151,31,16,15,120,93,27,20.52980132450331,10.596026490066226,9.933774834437086,79.47019867549669,61.58940397350994,17.880794701986755
E00013905,237,68,28,40,169,137,32,28.691983122362867,11.814345991561181,16.877637130801688,71.30801687763713,57.80590717299579,13.502109704641349
E00013906,160,38,17,21,122,93,29,23.75,10.625,13.125,76.25,58.12500000000001,18.125
E00013907,112,32,14,18,80,64,16,28.57142857142857,12.5,16.071428571428573,71.42857142857143,57.14285714285714,14.285714285714285
E00013908,240,63,25,38,177,151,26,26.25,10.416666666666668,15.833333333333332,73.75,62.916666666666664,10.833333333333334
E00013909,144,32,16,16,112,89,23,22.22222222222222,11.11111111111111,11.11111111111111,77.77777777777779,61.80555555555556,15.972222222222221
E00013910,123,27,10,17,96,86,10,21.951219512195124,8.130081300813007,13.821138211382115,78.04878048780488,69.91869918699187,8.130081300813007
E00013911,103,41,9,32,62,58,4,39.80582524271845,8.737864077669903,31.06796116504854,60.19417475728155,56.310679611650485,3.8834951456310676
E00013912,106,36,8,28,70,59,11,33.9622641509434,7.547169811320755,26.41509433962264,66.0377358490566,55.660377358490564,10.377358490566039
E00013913,141,26,14,12,115,68,47,18.439716312056735,9.929078014184398,8.51063829787234,81.56028368794325,48.226950354609926,33.33333333333333
E00013914,136,32,11,21,104,91,13,23.52941176470588,8.088235294117647,15.441176470588236,76.47058823529412,66.91176470588235,9.558823529411764
E00013915,183,32,15,17,151,105,46,17.48633879781421,8.19672131147541,9.289617486338798,82.5136612021858,57.377049180327866,25.136612021857925
E00013916,182,41,18,23,141,100,41,22.52747252747253,9.89010989010989,12.637362637362637,77.47252747252747,54.94505494505495,22.52747252747253
E00013917,118,20,10,10,98,73,25,16.94915254237288,8.47457627118644,8.47457627118644,83.05084745762711,61.86440677966102,21.1864406779661
E00013918,236,47,17,30,189,129,60,19.915254237288135,7.203389830508475,12.711864406779661,80.08474576271186,54.66101694915254,25.423728813559322
E00013919,96,33,12,21,63,52,11,34.375,12.5,21.875,65.625,54.166666666666664,11.458333333333332
E00013920,144,29,9,20,115,69,46,20.13888888888889,6.25,13.88888888888889,79.86111111111111,47.91666666666667,31.944444444444443
E00013921,174,30,13,17,144,90,54,17.24137931034483,7.471264367816093,9.770114942528735,82.75862068965517,51.724137931034484,31.03448275862069
E00013922,124,47,16,31,77,60,17,37.903225806451616,12.903225806451612,25,62.096774193548384,48.38709677419355,13.709677419354838
E00013923,104,19,6,13,85,59,26,18.269230769230766,5.769230769230769,12.5,81.73076923076923,56.730769230769226,25
E00013924,119,35,13,22,84,53,31,29.411764705882355,10.92436974789916,18.487394957983195,70.58823529411765,44.537815126050425,26.05042016806723
E00013925,151,14,5,9,137,86,51,9.271523178807946,3.3112582781456954,5.960264900662252,90.72847682119205,56.95364238410596,33.77483443708609
E00013926,339,56,26,30,283,182,101,16.519174041297934,7.669616519174041,8.849557522123893,83.48082595870207,53.687315634218294,29.793510324483773
E00013927,192,30,16,14,162,117,45,15.625,8.333333333333332,7.291666666666667,84.375,60.9375,23.4375
E00013928,179,34,19,15,145,103,42,18.994413407821227,10.614525139664805,8.379888268156424,81.00558659217877,57.54189944134078,23.463687150837988
E00013929,229,30,14,16,199,119,80,13.100436681222707,6.11353711790393,6.986899563318777,86.8995633187773,51.96506550218341,34.93449781659388
E00013930,162,30,8,22,132,107,25,18.51851851851852,4.938271604938271,13.580246913580247,81.48148148148148,66.0493827160494,15.432098765432098
E00013932,187,33,17,16,154,110,44,17.647058823529413,9.090909090909092,8.55614973262032,82.35294117647058,58.82352941176471,23.52941176470588
E00013933,173,58,25,33,115,95,20,33.52601156069364,14.450867052023122,19.07514450867052,66.47398843930635,54.91329479768786,11.560693641618498
E00013934,141,39,13,26,102,88,14,27.659574468085108,9.219858156028367,18.439716312056735,72.3404255319149,62.4113475177305,9.929078014184398
E00013935,148,29,18,11,119,87,32,19.594594594594593,12.162162162162163,7.4324324324324325,80.4054054054054,58.78378378378378,21.62162162162162
E00013936,174,32,17,15,142,114,28,18.39080459770115,9.770114942528735,8.620689655172415,81.60919540229885,65.51724137931035,16.091954022988507
E00013938,160,39,17,22,121,95,26,24.375,10.625,13.750000000000002,75.625,59.375,16.25
E00013939,139,38,15,23,101,74,27,27.33812949640288,10.79136690647482,16.546762589928058,72.66187050359713,53.23741007194245,19.424460431654676
E00013940,102,12,5,7,90,55,35,11.76470588235294,4.901960784313726,6.862745098039216,88.23529411764706,53.92156862745098,34.31372549019608
E00013941,156,29,8,21,127,89,38,18.58974358974359,5.128205128205128,13.461538461538462,81.41025641025641,57.05128205128205,24.358974358974358
E00013942,182,29,9,20,153,112,41,15.934065934065933,4.945054945054945,10.989010989010989,84.06593406593407,61.53846153846154,22.52747252747253
E00013943,138,30,7,23,108,79,29,21.73913043478261,5.072463768115942,16.666666666666664,78.26086956521739,57.2463768115942,21.014492753623188
E00013944,263,52,20,32,211,143,68,19.771863117870723,7.604562737642586,12.167300380228136,80.22813688212928,54.372623574144484,25.85551330798479
E00013945,75,28,11,17,47,43,4,37.333333333333336,14.666666666666666,22.666666666666664,62.66666666666667,57.333333333333336,5.333333333333334
E00013946,83,21,10,11,62,55,7,25.301204819277107,12.048192771084338,13.253012048192772,74.69879518072288,66.26506024096386,8.433734939759036
E00013947,186,26,16,10,160,126,34,13.978494623655912,8.60215053763441,5.376344086021505,86.02150537634408,67.74193548387096,18.27956989247312
E00013948,102,27,9,18,75,68,7,26.47058823529412,8.823529411764707,17.647058823529413,73.52941176470588,66.66666666666666,6.862745098039216
E00013949,194,27,12,15,167,106,61,13.917525773195877,6.185567010309279,7.731958762886598,86.08247422680412,54.63917525773196,31.443298969072163
E00013950,150,21,10,11,129,104,25,14.000000000000002,6.666666666666667,7.333333333333333,86,69.33333333333334,16.666666666666664
E00013951,127,22,16,6,105,69,36,17.322834645669293,12.598425196850393,4.724409448818897,82.67716535433071,54.330708661417326,28.346456692913385
E00013952,72,17,6,11,55,48,7,23.61111111111111,8.333333333333332,15.277777777777779,76.38888888888889,66.66666666666666,9.722222222222223
E00013953,102,36,15,21,66,53,13,35.294117647058826,14.705882352941178,20.588235294117645,64.70588235294117,51.9607843137255,12.745098039215685
E00013954,211,37,11,26,174,125,49,17.535545023696685,5.213270142180095,12.322274881516588,82.46445497630332,59.241706161137444,23.22274881516588
E00013956,163,37,11,26,126,86,40,22.699386503067483,6.748466257668712,15.950920245398773,77.30061349693251,52.760736196319016,24.539877300613497
E00013957,187,29,15,14,158,111,47,15.508021390374333,8.0213903743315509,7.4866310160427805,84.49197860962568,59.35828877005348,25.13368983957219
E00013958,134,40,17,23,94,57,37,29.850746268656714,12.686567164179104,17.16417910447761,70.1492537313433,42.53731343283582,27.611940298507463
E00013959,162,29,12,17,133,106,27,17.901234567901234,7.4074074074074066,10.493827160493826,82.09876543209876,65.4320987654321,16.666666666666664
E00013960,112,26,9,17,86,64,22,23.214285714285715,8.035714285714286,15.178571428571427,76.78571428571429,57.14285714285714,19.642857142857142
E00013961,235,86,14,72,149,115,34,36.59574468085106,5.957446808510639,30.638297872340424,63.40425531914894,48.93617021276596,14.468085106382977
E00013962,152,28,13,15,124,99,25,18.421052631578945,8.552631578947368,9.868421052631579,81.57894736842105,65.13157894736842,16.447368421052634
E00013963,206,41,22,19,165,121,44,19.902912621359224,10.679611650485436,9.223300970873787,80.09708737864078,58.7378640776699,21.35922330097087
E00013964,135,28,11,17,107,66,41,20.74074074074074,8.148148148148149,12.592592592592592,79.25925925925927,48.888888888888886,30.37037037037037
E00013965,195,51,18,33,144,80,64,26.153846153846157,9.230769230769232,16.923076923076923,73.84615384615385,41.02564102564102,32.82051282051282
E00013966,149,26,16,10,123,73,50,17.449664429530202,10.738255033557047,6.7114093959731544,82.5503355704698,48.99328859060403,33.557046979865774
E00013967,100,23,5,18,77,66,11,23,5,18,77,66,11
E00013969,160,57,21,36,103,85,18,35.625,13.125,22.5,64.375,53.125,11.25
E00013970,83,33,8,25,50,41,9,39.75903614457831,9.63855421686747,30.120481927710845,60.24096385542169,49.39759036144578,10.843373493975903
E00013971,139,23,13,10,116,85,31,16.546762589928058,9.352517985611511,7.1942446043165464,83.45323741007195,61.15107913669065,22.302158273381295
E00013972,208,25,8,17,183,139,44,12.01923076923077,3.8461538461538463,8.173076923076923,87.98076923076923,66.82692307692307,21.153846153846153
E00013973,165,53,21,32,112,90,22,32.121212121212125,12.727272727272727,19.393939393939394,67.87878787878789,54.54545454545454,13.333333333333334
E00013974,86,33,12,21,53,46,7,38.372093023255815,13.953488372093023,24.418604651162788,61.627906976744185,53.48837209302325,8.13953488372093
E00013975,168,26,13,13,142,112,30,15.476190476190476,7.738095238095238,7.738095238095238,84.52380952380952,66.66666666666666,17.857142857142858
E00013977,117,29,9,20,88,75,13,24.786324786324787,7.6923076923076925,17.094017094017094,75.21367521367522,64.1025641025641,11.11111111111111
E00013978,152,26,16,10,126,85,41,17.105263157894736,10.526315789473683,6.578947368421052,82.89473684210526,55.92105263157895,26.973684210526315
E00013979,165,32,13,19,133,96,37,19.393939393939394,7.878787878787878,11.515151515151516,80.60606060606061,58.18181818181818,22.424242424242426
E00013980,109,40,10,30,69,61,8,36.69724770642202,9.174311926605505,27.522935779816514,63.30275229357798,55.96330275229357,7.339449541284404
E00013981,127,31,15,16,96,60,36,24.409448818897637,11.811023622047244,12.598425196850393,75.59055118110236,47.24409448818898,28.346456692913385
E00013982,163,21,9,12,142,102,40,12.883435582822086,5.521472392638037,7.361963190184049,87.11656441717791,62.57668711656442,24.539877300613497
E00013983,185,33,11,22,152,99,53,17.83783783783784,5.9459459459459465,11.891891891891893,82.16216216216216,53.51351351351351,28.64864864864865
E00013984,161,33,10,23,128,87,41,20.496894409937887,6.211180124223603,14.285714285714285,79.5031055900621,54.037267080745345,25.465838509316768
E00013985,153,25,8,17,128,83,45,16.33986928104575,5.228758169934641,11.11111111111111,83.66013071895425,54.248366013071895,29.411764705882355
E00013986,166,19,11,8,147,100,47,11.44578313253012,6.626506024096386,4.819277108433735,88.55421686746988,60.24096385542169,28.313253012048197
E00013988,152,30,12,18,122,77,45,19.736842105263158,7.894736842105263,11.842105263157894,80.26315789473685,50.6578947368421,29.605263157894733
E00013989,219,72,20,52,147,116,31,32.87671232876712,9.1324200913242,23.74429223744292,67.12328767123287,52.96803652968036,14.15525114155251
E00013990,148,17,7,10,131,86,45,11.486486486486488,4.72972972972973,6.756756756756757,88.51351351351352,58.108108108108105,30.405405405405407
E00013991,195,38,20,18,157,92,65,19.48717948717949,10.256410256410255,9.230769230769232,80.51282051282051,47.179487179487175,33.33333333333333
E00013992,183,44,12,32,139,102,37,24.043715846994534,6.557377049180328,17.48633879781421,75.95628415300546,55.73770491803278,20.21857923497268
E00013993,177,30,15,15,147,74,73,16.94915254237288,8.47457627118644,8.47457627118644,83.05084745762711,41.80790960451977,41.24293785310734
E00013994,145,41,14,27,104,76,28,28.27586206896552,9.655172413793103,18.620689655172416,71.72413793103448,52.41379310344828,19.310344827586206
E00013995,162,24,7,17,138,82,56,14.814814814814813,4.320987654320987,10.493827160493826,85.18518518518519,50.617283950617285,34.5679012345679
E00013996,172,34,16,18,138,121,17,19.767441860465116,9.30232558139535,10.465116279069768,80.23255813953489,70.34883720930233,9.883720930232558
E00013997,248,73,29,44,175,149,26,29.435483870967744,11.693548387096774,17.741935483870968,70.56451612903226,60.08064516129033,10.483870967741936
E00013998,154,40,23,17,114,98,16,25.97402597402597,14.935064935064934,11.03896103896104,74.02597402597402,63.63636363636363,10.38961038961039
E00013999,214,40,19,21,174,141,33,18.69158878504673,8.878504672897195,9.813084112149532,81.30841121495327,65.88785046728972,15.42056074766355
E00014000,180,41,17,24,139,113,26,22.77777777777778,9.444444444444445,13.333333333333334,77.22222222222223,62.77777777777778,14.444444444444443
E00014001,113,30,8,22,83,72,11,26.548672566371685,7.079646017699115,19.469026548672566,73.45132743362832,63.716814159292035,9.734513274336283
E00014002,212,53,29,24,159,127,32,25,13.679245283018867,11.320754716981133,75,59.905660377358494,15.09433962264151
E00014003,146,47,28,19,99,92,7,32.19178082191781,19.17808219178082,13.013698630136986,67.8082191780822,63.013698630136986,4.794520547945205
E00014004,81,32,17,15,49,44,5,39.50617283950617,20.98765432098765,18.51851851851852,60.49382716049383,54.32098765432099,6.172839506172839
E00014005,137,39,9,30,98,83,15,28.467153284671532,6.569343065693431,21.897810218978105,71.53284671532847,60.58394160583942,10.948905109489052
E00014006,105,26,7,19,79,76,3,24.761904761904763,6.666666666666667,18.095238095238095,75.23809523809524,72.38095238095238,2.857142857142857
E00014007,185,44,23,21,141,113,28,23.783783783783786,12.432432432432433,11.351351351351353,76.21621621621621,61.08108108108108,15.135135135135137
E00014008,133,24,9,15,109,89,20,18.045112781954884,6.7669172932330826,11.278195488721805,81.95488721804512,66.9172932330827,15.037593984962406
E00014009,199,59,18,41,140,110,30,29.64824120603015,9.045226130653267,20.603015075376884,70.35175879396985,55.27638190954774,15.07537688442211
E00014010,125,55,21,34,70,66,4,44,16.8,27.200000000000003,56.00000000000001,52.800000000000004,3.2
E00014011,207,47,20,27,160,126,34,22.705314009661837,9.66183574879227,13.043478260869565,77.29468599033817,60.86956521739131,16.425120772946862
E00014012,86,20,6,14,66,57,9,23.25581395348837,6.976744186046512,16.27906976744186,76.74418604651163,66.27906976744185,10.465116279069768
E00014013,145,42,19,23,103,86,17,28.965517241379313,13.10344827586207,15.862068965517242,71.03448275862068,59.310344827586206,11.724137931034482
E00014014,178,42,18,24,136,114,22,23.595505617977526,10.112359550561797,13.48314606741573,76.40449438202246,64.04494382022472,12.359550561797752
E00014015,182,44,15,29,138,106,32,24.175824175824175,8.241758241758241,15.934065934065933,75.82417582417582,58.24175824175825,17.582417582417584
E00014016,182,38,14,24,144,117,27,20.87912087912088,7.6923076923076925,13.186813186813188,79.12087912087912,64.28571428571429,14.835164835164836
E00014017,165,33,14,19,132,112,20,20,8.484848484848486,11.515151515151516,80,67.87878787878789,12.121212121212121
E00014018,190,39,19,20,151,134,17,20.526315789473685,10,10.526315789473683,79.47368421052632,70.52631578947368,8.947368421052632
E00014019,199,27,8,19,172,132,40,13.5678391959799,4.0201005025125625,9.547738693467336,86.4321608040201,66.33165829145729,20.100502512562816
E00014020,134,25,14,11,109,82,27,18.65671641791045,10.44776119402985,8.208955223880597,81.34328358208955,61.19402985074627,20.149253731343283
E00014021,153,34,10,24,119,101,18,22.22222222222222,6.535947712418301,15.686274509803921,77.77777777777779,66.01307189542483,11.76470588235294
E00014022,177,40,15,25,137,114,23,22.598870056497177,8.47457627118644,14.124293785310735,77.40112994350282,64.40677966101694,12.994350282485875
E00014023,139,37,14,23,102,81,21,26.618705035971225,10.071942446043165,16.546762589928058,73.38129496402878,58.27338129496403,15.107913669064748
E00014024,200,36,10,26,164,130,34,18,5,13,82,65,17
E00014025,212,60,22,38,152,130,22,28.30188679245283,10.377358490566039,17.92452830188679,71.69811320754717,61.32075471698113,10.377358490566039
E00014026,179,47,23,24,132,119,13,26.256983240223462,12.849162011173185,13.40782122905028,73.74301675977654,66.4804469273743,7.262569832402235
E00014027,74,26,11,15,48,39,9,35.13513513513514,14.864864864864865,20.27027027027027,64.86486486486487,52.702702702702695,12.162162162162163
E00014028,168,31,11,20,137,116,21,18.452380952380953,6.547619047619048,11.904761904761903,81.54761904761905,69.04761904761905,12.5
E00014029,173,49,24,25,124,111,13,28.32369942196532,13.872832369942195,14.450867052023122,71.67630057803468,64.16184971098265,7.514450867052023
E00014030,73,28,13,15,45,43,2,38.35616438356164,17.80821917808219,20.54794520547945,61.64383561643836,58.9041095890411,2.73972602739726
E00014031,152,36,11,25,116,92,24,23.684210526315788,7.236842105263158,16.447368421052634,76.31578947368422,60.526315789473685,15.789473684210526
E00014032,157,33,17,16,124,102,22,21.019108280254777,10.828025477707007,10.191082802547772,78.98089171974523,64.96815286624204,14.012738853503185
E00014033,173,45,17,28,128,114,14,26.011560693641616,9.826589595375722,16.184971098265898,73.98843930635837,65.89595375722543,8.092485549132949
E00014034,186,41,17,24,145,124,21,22.043010752688172,9.13978494623656,12.903225806451612,77.95698924731182,66.66666666666666,11.29032258064516
E00014035,151,41,15,26,110,89,21,27.1523178807947,9.933774834437086,17.218543046357617,72.84768211920529,58.94039735099338,13.90728476821192
E00014036,118,29,13,16,89,69,20,24.576271186440678,11.016949152542372,13.559322033898304,75.42372881355932,58.47457627118644,16.94915254237288
E00014037,122,31,15,16,91,73,18,25.40983606557377,12.295081967213115,13.114754098360656,74.59016393442623,59.83606557377049,14.754098360655737
E00014038,106,35,13,22,71,62,9,33.0188679245283,12.264150943396226,20.754716981132077,66.98113207547169,58.490566037735846,8.49056603773585
E00014039,153,37,14,23,116,92,24,24.183006535947712,9.15032679738562,15.032679738562091,75.81699346405229,60.130718954248366,15.686274509803921
E00014040,185,46,15,31,139,113,26,24.864864864864867,8.108108108108109,16.756756756756758,75.13513513513513,61.08108108108108,14.054054054054054
E00014041,134,37,13,24,97,71,26,27.611940298507463,9.701492537313433,17.91044776119403,72.38805970149254,52.98507462686567,19.402985074626866
E00174741,277,45,21,24,232,188,44,16.24548736462094,7.581227436823104,8.664259927797833,83.75451263537906,67.87003610108303,15.884476534296029
E00174742,168,16,5,11,152,120,32,9.523809523809524,2.976190476190476,6.547619047619048,90.47619047619048,71.42857142857143,19.047619047619047
E00174744,90,26,8,18,64,47,17,28.888888888888886,8.88888888888889,20,71.11111111111111,52.22222222222223,18.88888888888889
E00174745,154,62,29,33,92,82,10,40.25974025974026,18.83116883116883,21.428571428571427,59.74025974025974,53.246753246753244,6.493506493506493
E00174747,207,83,28,55,124,108,16,40.09661835748793,13.526570048309178,26.570048309178745,59.90338164251207,52.17391304347826,7.729468599033816
E00174749,70,9,5,4,61,51,10,12.857142857142856,7.142857142857142,5.714285714285714,87.14285714285714,72.85714285714285,14.285714285714285
E00174752,180,41,15,26,139,94,45,22.77777777777778,8.333333333333332,14.444444444444443,77.22222222222223,52.22222222222223,25
E00174753,201,18,9,9,183,121,62,8.955223880597014,4.477611940298507,4.477611940298507,91.04477611940298,60.19900497512438,30.845771144278604
E00174755,131,49,22,27,82,69,13,37.404580152671755,16.793893129770993,20.610687022900763,62.59541984732825,52.67175572519084,9.923664122137405
E00174756,275,42,12,30,233,194,39,15.272727272727273,4.363636363636364,10.909090909090908,84.72727272727273,70.54545454545455,14.181818181818182
E00174759,256,19,7,12,237,186,51,7.421875,2.734375,4.6875,92.578125,72.65625,19.921875
E00174761,192,24,12,12,168,113,55,12.5,6.25,6.25,87.5,58.854166666666664,28.645833333333332
E00174763,168,17,9,8,151,103,48,10.119047619047619,5.357142857142857,4.761904761904762,89.88095238095238,61.30952380952381,28.57142857142857
E00174764,200,35,11,24,165,111,54,17.5,5.5,12,82.5,55.50000000000001,27
E00174766,108,23,16,7,85,53,32,21.296296296296298,14.814814814814813,6.481481481481481,78.70370370370371,49.074074074074076,29.629629629629626
E00174767,134,34,17,17,100,86,14,25.37313432835821,12.686567164179104,12.686567164179104,74.6268656716418,64.17910447761194,10.44776119402985
E00174769,256,75,40,35,181,156,25,29.296875,15.625,13.671875,70.703125,60.9375,9.765625
E00174770,113,6,5,1,107,57,50,5.3097345132743365,4.424778761061947,0.8849557522123894,94.69026548672566,50.442477876106196,44.24778761061947
E00174772,289,41,17,24,248,145,103,14.186851211072666,5.88235294117647,8.304498269896193,85.81314878892734,50.17301038062284,35.6401384083045
E00174773,162,24,13,11,138,88,50,14.814814814814813,8.024691358024691,6.790123456790123,85.18518518518519,54.32098765432099,30.864197530864196
E00174775,145,19,4,15,126,82,44,13.10344827586207,2.7586206896551726,10.344827586206897,86.89655172413792,56.55172413793104,30.344827586206897
E00174781,147,40,13,27,107,65,42,27.2108843537415,8.843537414965986,18.367346938775512,72.78911564625851,44.21768707482993,28.57142857142857
E00174783,157,22,11,11,135,77,58,14.012738853503185,7.006369426751593,7.006369426751593,85.98726114649682,49.044585987261144,36.94267515923567
E00174784,169,18,8,10,151,88,63,10.650887573964498,4.733727810650888,5.9171597633136095,89.3491124260355,52.071005917159766,37.278106508875744
E00174786,147,25,16,9,122,89,33,17.006802721088434,10.884353741496598,6.122448979591836,82.99319727891157,60.544217687074834,22.448979591836736
E00174787,191,51,25,26,140,118,22,26.701570680628272,13.089005235602095,13.612565445026178,73.29842931937172,61.78010471204188,11.518324607329843
E00174789,239,38,19,19,201,153,48,15.899581589958158,7.949790794979079,7.949790794979079,84.10041841004184,64.01673640167364,20.0836820083682
E00174791,174,44,25,19,130,107,23,25.287356321839084,14.367816091954023,10.919540229885058,74.71264367816092,61.49425287356321,13.218390804597702
E00174792,131,24,11,13,107,85,22,18.3206106870229,8.396946564885496,9.923664122137405,81.67938931297711,64.8854961832061,16.793893129770993
E00174794,212,46,13,33,166,139,27,21.69811320754717,6.132075471698113,15.566037735849056,78.30188679245283,65.56603773584906,12.735849056603774
E00174795,152,36,19,17,116,96,20,23.684210526315788,12.5,11.18421052631579,76.31578947368422,63.1578947368421,13.157894736842104
E00174797,210,37,18,19,173,139,34,17.61904761904762,8.571428571428571,9.047619047619047,82.38095238095238,66.19047619047619,16.19047619047619
E00174801,132,17,8,9,115,75,40,12.878787878787879,6.0606060606060606,6.8181818181818175,87.12121212121212,56.81818181818182,30.303030303030305
E00174805,172,39,17,22,133,115,18,22.674418604651162,9.883720930232558,12.790697674418606,77.32558139534885,66.86046511627907,10.465116279069768
E00174806,54,16,6,10,38,30,8,29.629629629629626,11.11111111111111,18.51851851851852,70.37037037037037,55.55555555555556,14.814814814814813
E00174808,109,19,8,11,90,68,22,17.431192660550458,7.339449541284404,10.091743119266056,82.56880733944955,62.38532110091744,20.18348623853211
E00174811,158,43,28,15,115,79,36,27.21518987341772,17.72151898734177,9.49367088607595,72.78481012658227,50,22.78481012658228
E00174812,69,26,8,18,43,40,3,37.68115942028986,11.594202898550725,26.08695652173913,62.31884057971014,57.971014492753625,4.3478260869565215
E00174814,265,34,14,20,231,192,39,12.830188679245284,5.283018867924529,7.547169811320755,87.16981132075472,72.45283018867924,14.716981132075471
E00174815,165,49,15,34,116,95,21,29.6969696969697,9.090909090909092,20.606060606060606,70.3030303030303,57.57575757575758,12.727272727272727
E00174817,152,46,21,25,106,94,12,30.263157894736842,13.815789473684212,16.447368421052634,69.73684210526315,61.8421052631579,7.894736842105263
E00174820,311,19,11,8,292,194,98,6.109324758842444,3.536977491961415,2.572347266881029,93.89067524115757,62.37942122186495,31.511254019292608
E00174822,364,33,12,21,331,253,78,9.065934065934066,3.296703296703297,5.769230769230769,90.93406593406593,69.5054945054945,21.428571428571427
E00174823,74,22,10,12,52,42,10,29.72972972972973,13.513513513513514,16.216216216216218,70.27027027027027,56.75675675675676,13.513513513513514
E00174826,249,45,20,25,204,163,41,18.072289156626507,8.032128514056225,10.040160642570282,81.92771084337349,65.46184738955823,16.46586345381526
E00174828,352,28,16,12,324,251,73,7.954545454545454,4.545454545454546,3.4090909090909087,92.04545454545455,71.30681818181817,20.738636363636363
E00174829,134,31,14,17,103,87,16,23.134328358208954,10.44776119402985,12.686567164179104,76.86567164179104,64.92537313432835,11.940298507462686
E00174831,137,26,6,20,111,87,24,18.97810218978102,4.37956204379562,14.5985401459854,81.02189781021897,63.503649635036496,17.51824817518248
E00174833,109,29,9,20,80,66,14,26.605504587155966,8.256880733944955,18.34862385321101,73.39449541284404,60.550458715596335,12.844036697247708
E00174836,187,12,5,7,175,104,71,6.417112299465241,2.6737967914438503,3.7433155080213902,93.58288770053476,55.61497326203209,37.967914438502675
E00174837,160,22,9,13,138,108,30,13.750000000000002,5.625,8.125,86.25,67.5,18.75
E00174839,156,16,9,7,140,85,55,10.256410256410255,5.769230769230769,4.487179487179487,89.74358974358975,54.48717948717948,35.256410256410255
E00174840,138,22,8,14,116,72,44,15.942028985507244,5.797101449275362,10.144927536231885,84.05797101449275,52.17391304347826,31.88405797101449
E00174842,173,34,11,23,139,117,22,19.653179190751445,6.358381502890173,13.294797687861271,80.34682080924856,67.63005780346822,12.716763005780345
E00174843,97,16,5,11,81,65,16,16.49484536082474,5.154639175257731,11.34020618556701,83.50515463917526,67.0103092783505,16.49484536082474
E00174845,113,20,5,15,93,72,21,17.699115044247787,4.424778761061947,13.274336283185843,82.30088495575221,63.716814159292035,18.58407079646018
E00174847,118,19,8,11,99,60,39,16.101694915254235,6.779661016949152,9.322033898305085,83.89830508474576,50.847457627118644,33.05084745762712
E00183721,240,81,34,47,159,143,16,33.75,14.166666666666666,19.583333333333332,66.25,59.583333333333336,6.666666666666667
E00183722,198,38,21,17,160,124,36,19.19191919191919,10.606060606060606,8.585858585858585,80.8080808080808,62.62626262626263,18.181818181818183
E00183723,186,46,22,24,140,108,32,24.731182795698924,11.827956989247312,12.903225806451612,75.26881720430107,58.06451612903226,17.20430107526882
E00183732,140,45,31,14,95,56,39,32.142857142857146,22.142857142857142,10,67.85714285714286,40,27.857142857142858
E00183760,157,46,22,24,111,92,19,29.29936305732484,14.012738853503185,15.286624203821656,70.70063694267516,58.59872611464968,12.101910828025478
E00183763,89,37,17,20,52,44,8,41.57303370786517,19.101123595505616,22.47191011235955,58.42696629213483,49.43820224719101,8.98876404494382
E00183772,102,28,12,16,74,69,5,27.450980392156865,11.76470588235294,15.686274509803921,72.54901960784314,67.64705882352942,4.901960784313726
E00183775,159,13,4,9,146,110,36,8.176100628930817,2.515723270440252,5.660377358490567,91.82389937106919,69.18238993710692,22.641509433962266
E00183792,197,57,27,30,140,103,37,28.934010152284262,13.705583756345177,15.228426395939088,71.06598984771574,52.28426395939086,18.781725888324875
E00183798,68,27,11,16,41,29,12,39.705882352941174,16.176470588235293,23.52941176470588,60.29411764705882,42.64705882352941,17.647058823529413
E00183801,238,21,13,8,217,161,56,8.823529411764707,5.46218487394958,3.361344537815126,91.17647058823529,67.64705882352942,23.52941176470588
E00183802,179,15,6,9,164,116,48,8.379888268156424,3.35195530726257,5.027932960893855,91.62011173184358,64.80446927374301,26.81564245810056
E00183803,135,36,15,21,99,79,20,26.666666666666668,11.11111111111111,15.555555555555555,73.33333333333333,58.51851851851851,14.814814814814813
E00183823,229,53,30,23,176,132,44,23.144104803493452,13.100436681222707,10.043668122270741,76.85589519650655,57.64192139737992,19.213973799126638
E00183827,96,18,9,9,78,52,26,18.75,9.375,9.375,81.25,54.166666666666664,27.083333333333332
E00183839,158,19,9,10,139,90,49,12.025316455696203,5.69620253164557,6.329113924050633,87.9746835443038,56.9620253164557,31.0126582278481
E00183846,180,23,9,14,157,114,43,12.777777777777777,5,7.777777777777778,87.22222222222223,63.33333333333333,23.88888888888889
E00183852,154,31,15,16,123,93,30,20.12987012987013,9.740259740259742,10.38961038961039,79.87012987012987,60.3896103896104,19.480519480519483
E00183861,58,17,10,7,41,38,3,29.310344827586203,17.24137931034483,12.068965517241379,70.6896551724138,65.51724137931035,5.172413793103448
E00183870,194,18,8,10,176,134,42,9.278350515463918,4.123711340206185,5.154639175257731,90.72164948453609,69.0721649484536,21.649484536082475
E00183873,185,12,5,7,173,117,56,6.486486486486487,2.7027027027027026,3.783783783783784,93.51351351351352,63.24324324324324,30.270270270270274
E00183877,168,30,12,18,138,85,53,17.857142857142858,7.142857142857142,10.714285714285714,82.14285714285714,50.595238095238095,31.547619047619047
E00183884,96,36,12,24,60,54,6,37.5,12.5,25,62.5,56.25,6.25
E00183886,155,21,9,12,134,109,25,13.548387096774196,5.806451612903226,7.741935483870968,86.45161290322581,70.3225806451613,16.129032258064516
E00183898,200,17,8,9,183,148,35,8.5,4,4.5,91.5,74,17.5
E00183899,101,24,10,14,77,62,15,23.762376237623762,9.900990099009901,13.861386138613863,76.23762376237624,61.386138613861384,14.85148514851485
E00183906,82,24,11,13,58,46,12,29.268292682926827,13.414634146341465,15.853658536585366,70.73170731707317,56.09756097560976,14.634146341463413
E00183909,159,25,8,17,134,106,28,15.723270440251572,5.031446540880504,10.69182389937107,84.27672955974843,66.66666666666666,17.61006289308176
E00183910,90,34,9,25,56,42,14,37.77777777777778,10,27.77777777777778,62.22222222222222,46.666666666666664,15.555555555555555
E00183914,110,10,8,2,100,69,31,9.090909090909092,7.2727272727272725,1.8181818181818181,90.9090909090909,62.727272727272734,28.18181818181818
E00183920,107,25,9,16,82,62,20,23.364485981308412,8.411214953271028,14.953271028037381,76.63551401869158,57.943925233644855,18.69158878504673
E00183924,270,11,5,6,259,196,63,4.074074074074074,1.8518518518518516,2.2222222222222223,95.92592592592592,72.5925925925926,23.333333333333332
E00183927,170,35,18,17,135,93,42,20.588235294117645,10.588235294117647,10,79.41176470588235,54.70588235294118,24.705882352941178
E00183930,126,43,28,15,83,69,14,34.12698412698413,22.22222222222222,11.904761904761903,65.87301587301587,54.761904761904766,11.11111111111111
E00183937,174,31,10,21,143,91,52,17.81609195402299,5.747126436781609,12.068965517241379,82.18390804597702,52.29885057471264,29.88505747126437
E00183938,143,32,14,18,111,87,24,22.377622377622377,9.79020979020979,12.587412587412588,77.62237762237763,60.83916083916085,16.783216783216783
E00183941,139,17,8,9,122,96,26,12.23021582733813,5.755395683453238,6.474820143884892,87.76978417266187,69.06474820143885,18.705035971223023
E00183949,188,39,18,21,149,118,31,20.74468085106383,9.574468085106384,11.170212765957446,79.25531914893617,62.76595744680851,16.48936170212766
E00183963,312,34,15,19,278,240,38,10.897435897435898,4.807692307692308,6.089743589743589,89.1025641025641,76.92307692307693,12.179487179487179
E00183967,211,89,43,46,122,95,27,42.18009478672986,20.379146919431278,21.80094786729858,57.81990521327014,45.023696682464454,12.796208530805686
E00183969,159,11,6,5,148,96,52,6.918238993710692,3.7735849056603774,3.1446540880503147,93.08176100628931,60.37735849056604,32.70440251572327
E00183977,150,17,8,9,133,91,42,11.333333333333332,5.333333333333334,6,88.66666666666667,60.66666666666667,28.000000000000004
E00183983,201,28,8,20,173,140,33,13.930348258706468,3.9800995024875623,9.950248756218906,86.06965174129353,69.65174129353234,16.417910447761194
E00183988,121,37,18,19,84,68,16,30.57851239669421,14.87603305785124,15.702479338842975,69.42148760330579,56.19834710743802,13.223140495867769
E00183990,175,10,4,6,165,91,74,5.714285714285714,2.2857142857142856,3.428571428571429,94.28571428571428,52,42.285714285714285
E00184006,82,26,10,16,56,47,9,31.70731707317073,12.195121951219512,19.51219512195122,68.29268292682927,57.3170731707317,10.975609756097562
E00184023,98,32,10,22,66,54,12,32.6530612244898,10.204081632653061,22.448979591836736,67.3469387755102,55.10204081632652,12.244897959183673
E00184029,145,37,22,15,108,74,34,25.517241379310345,15.172413793103448,10.344827586206897,74.48275862068967,51.03448275862069,23.448275862068964
E00184049,170,40,10,30,130,105,25,23.52941176470588,5.88235294117647,17.647058823529413,76.47058823529412,61.76470588235294,14.705882352941178
E00184078,138,33,19,14,105,84,21,23.91304347826087,13.768115942028986,10.144927536231885,76.08695652173914,60.86956521739131,15.217391304347828
E00184093,187,43,19,24,144,110,34,22.994652406417114,10.16042780748663,12.834224598930483,77.00534759358288,58.82352941176471,18.181818181818183
E00184096,117,15,12,3,102,78,24,12.82051282051282,10.256410256410255,2.564102564102564,87.17948717948718,66.66666666666666,20.51282051282051
E00184098,140,17,9,8,123,65,58,12.142857142857142,6.428571428571428,5.714285714285714,87.85714285714286,46.42857142857143,41.42857142857143
E00184105,149,11,3,8,138,71,67,7.38255033557047,2.013422818791946,5.369127516778524,92.61744966442953,47.651006711409394,44.966442953020135
E00184109,82,39,7,32,43,37,6,47.5609756097561,8.536585365853659,39.02439024390244,52.4390243902439,45.1219512195122,7.317073170731707
E00184113,176,31,18,13,145,120,25,17.613636363636363,10.227272727272728,7.386363636363637,82.38636363636364,68.18181818181817,14.204545454545455
E00184122,84,46,24,22,38,33,5,54.761904761904766,28.57142857142857,26.190476190476193,45.23809523809524,39.285714285714285,5.952380952380952
E00184137,141,31,15,16,110,83,27,21.98581560283688,10.638297872340425,11.347517730496454,78.01418439716312,58.86524822695035,19.148936170212767
