OA,ts0590001,ts0590002,ts0590003,ts0590004,ts0590005,ts0590006,ts0590007,ts0590002_PCT,ts0590003_PCT,ts0590004_PCT,ts0590005_PCT,ts0590006_PCT,ts0590007_PCT
E00153085,96,43,17,26,53,38,15,44.79166666666667,17.708333333333336,27.083333333333332,55.208333333333336,39.58333333333333,15.625
E00153086,161,61,29,32,100,85,15,37.88819875776397,18.012422360248447,19.875776397515526,62.11180124223602,52.79503105590062,9.316770186335404
E00153087,112,38,14,24,74,63,11,33.92857142857143,12.5,21.428571428571427,66.07142857142857,56.25,9.821428571428571
E00153088,105,41,6,35,64,51,13,39.04761904761905,5.714285714285714,33.33333333333333,60.952380952380956,48.57142857142857,12.380952380952381
E00153089,83,36,15,21,47,35,12,43.373493975903614,18.072289156626507,25.301204819277107,56.62650602409639,42.168674698795186,14.457831325301203
E00153090,168,61,22,39,107,92,15,36.30952380952381,13.095238095238097,23.214285714285715,63.69047619047619,54.761904761904766,8.928571428571429
E00153091,218,64,26,38,154,122,32,29.357798165137616,11.926605504587156,17.431192660550458,70.64220183486239,55.96330275229357,14.678899082568808
E00153092,220,85,30,55,135,105,30,38.63636363636363,13.636363636363635,25,61.36363636363637,47.72727272727273,13.636363636363635
E00153093,206,58,25,33,148,115,33,28.155339805825243,12.135922330097088,16.019417475728158,71.84466019417476,55.8252427184466,16.019417475728158
E00153094,163,47,15,32,116,98,18,28.834355828220858,9.202453987730062,19.631901840490798,71.16564417177914,60.122699386503065,11.042944785276074
E00153095,213,64,25,39,149,114,35,30.046948356807512,11.737089201877934,18.30985915492958,69.95305164319248,53.52112676056338,16.431924882629108
E00153096,154,50,20,30,104,73,31,32.467532467532465,12.987012987012985,19.480519480519483,67.53246753246754,47.4025974025974,20.12987012987013
E00153097,105,38,16,22,67,55,12,36.19047619047619,15.238095238095239,20.952380952380953,63.8095238095238,52.38095238095239,11.428571428571429
E00153098,115,49,23,26,66,48,18,42.608695652173914,20,22.608695652173914,57.391304347826086,41.73913043478261,15.65217391304348
E00153099,90,34,10,24,56,42,14,37.77777777777778,11.11111111111111,26.666666666666668,62.22222222222222,46.666666666666664,15.555555555555555
E00153100,191,63,19,44,128,105,23,32.98429319371728,9.947643979057592,23.036649214659686,67.01570680628272,54.973821989528794,12.041884816753926
E00153101,297,89,38,51,208,165,43,29.96632996632997,12.794612794612794,17.17171717171717,70.03367003367003,55.55555555555556,14.47811447811448
E00153102,144,41,18,23,103,80,23,28.47222222222222,12.5,15.972222222222221,71.52777777777779,55.55555555555556,15.972222222222221
E00153103,173,71,27,44,102,80,22,41.040462427745666,15.606936416184972,25.43352601156069,58.95953757225434,46.24277456647399,12.716763005780345
E00153104,170,55,18,37,115,88,27,32.35294117647059,10.588235294117647,21.764705882352942,67.64705882352942,51.76470588235295,15.88235294117647
E00153105,171,55,16,39,116,96,20,32.16374269005848,9.35672514619883,22.807017543859647,67.83625730994152,56.14035087719298,11.695906432748536
E00153106,147,46,14,32,101,75,26,31.292517006802722,9.523809523809524,21.768707482993197,68.70748299319727,51.02040816326531,17.687074829931973
E00153107,148,55,18,37,93,76,17,37.16216216216216,12.162162162162163,25,62.83783783783784,51.35135135135135,11.486486486486488
E00153108,239,81,32,49,158,125,33,33.89121338912134,13.389121338912133,20.502092050209207,66.10878661087865,52.30125523012552,13.807531380753138
E00153109,231,63,13,50,168,143,25,27.27272727272727,5.627705627705628,21.645021645021643,72.72727272727273,61.904761904761905,10.822510822510822
E00153110,89,35,10,25,54,54,0,39.325842696629216,11.235955056179774,28.08988764044944,60.67415730337079,60.67415730337079,0
E00153111,145,56,19,37,89,79,10,38.62068965517241,13.10344827586207,25.517241379310345,61.37931034482759,54.48275862068965,6.896551724137931
E00153112,76,25,11,14,51,43,8,32.89473684210527,14.473684210526317,18.421052631578945,67.10526315789474,56.57894736842105,10.526315789473683
E00153113,156,48,17,31,108,86,22,30.76923076923077,10.897435897435898,19.871794871794872,69.23076923076923,55.12820512820513,14.102564102564102
E00153114,109,30,6,24,79,66,13,27.522935779816514,5.5045871559633035,22.018348623853214,72.47706422018348,60.550458715596335,11.926605504587156
E00153115,59,18,10,8,41,25,16,30.508474576271187,16.94915254237288,13.559322033898304,69.49152542372882,42.3728813559322,27.11864406779661
E00153116,140,36,8,28,104,90,14,25.71428571428571,5.714285714285714,20,74.28571428571429,64.28571428571429,10
E00153117,256,63,24,39,193,161,32,24.609375,9.375,15.234375,75.390625,62.890625,12.5
E00153118,206,53,19,34,153,125,28,25.728155339805824,9.223300970873787,16.50485436893204,74.27184466019418,60.679611650485434,13.592233009708737
E00153120,145,40,13,27,105,82,23,27.586206896551722,8.96551724137931,18.620689655172416,72.41379310344827,56.55172413793104,15.862068965517242
E00153121,141,51,23,28,90,76,14,36.17021276595745,16.312056737588655,19.858156028368796,63.829787234042556,53.90070921985816,9.929078014184398
E00153122,190,51,13,38,139,112,27,26.842105263157894,6.842105263157896,20,73.15789473684211,58.94736842105262,14.210526315789473
E00153123,185,54,24,30,131,116,15,29.18918918918919,12.972972972972974,16.216216216216218,70.8108108108108,62.70270270270271,8.108108108108109
E00153124,250,75,25,50,175,136,39,30,10,20,70,54.400000000000006,15.6
E00153125,195,71,23,48,124,98,26,36.41025641025641,11.794871794871794,24.615384615384617,63.589743589743584,50.256410256410255,13.333333333333334
E00153126,117,36,11,25,81,70,11,30.76923076923077,9.401709401709402,21.367521367521366,69.23076923076923,59.82905982905983,9.401709401709402
E00153127,155,49,21,28,106,86,20,31.61290322580645,13.548387096774196,18.064516129032256,68.38709677419355,55.483870967741936,12.903225806451612
E00153128,94,37,15,22,57,48,9,39.361702127659576,15.957446808510639,23.404255319148938,60.63829787234043,51.06382978723404,9.574468085106384
E00153129,254,81,34,47,173,138,35,31.88976377952756,13.385826771653544,18.503937007874015,68.11023622047244,54.330708661417326,13.779527559055119
E00153130,196,60,24,36,136,103,33,30.612244897959183,12.244897959183673,18.367346938775512,69.38775510204081,52.55102040816326,16.83673469387755
E00153131,153,47,11,36,106,78,28,30.718954248366014,7.18954248366013,23.52941176470588,69.28104575163398,50.98039215686274,18.30065359477124
E00153132,197,72,26,46,125,96,29,36.54822335025381,13.19796954314721,23.3502538071066,63.45177664974619,48.73096446700508,14.720812182741117
E00153133,66,19,11,8,47,35,12,28.78787878787879,16.666666666666664,12.121212121212121,71.21212121212122,53.03030303030303,18.181818181818183
E00153134,78,23,8,15,55,39,16,29.48717948717949,10.256410256410255,19.230769230769234,70.51282051282051,50,20.51282051282051
E00153135,104,44,19,25,60,48,12,42.30769230769231,18.269230769230766,24.03846153846154,57.692307692307686,46.15384615384615,11.538461538461538
E00153136,147,57,29,28,90,74,16,38.775510204081634,19.727891156462583,19.047619047619047,61.224489795918366,50.34013605442177,10.884353741496598
E00153137,207,65,21,44,142,121,21,31.40096618357488,10.144927536231885,21.256038647342994,68.59903381642512,58.454106280193244,10.144927536231885
E00153138,127,37,16,21,90,75,15,29.133858267716533,12.598425196850393,16.535433070866144,70.86614173228347,59.055118110236215,11.811023622047244
E00153139,188,55,17,38,133,105,28,29.25531914893617,9.042553191489363,20.212765957446805,70.74468085106383,55.85106382978723,14.893617021276595
E00153140,166,48,20,28,118,98,20,28.915662650602407,12.048192771084338,16.867469879518072,71.08433734939759,59.036144578313255,12.048192771084338
E00153141,100,34,9,25,66,52,14,34,9,25,66,52,14.000000000000002
E00153142,78,28,15,13,50,39,11,35.8974358974359,19.230769230769234,16.666666666666664,64.1025641025641,50,14.102564102564102
E00153143,218,73,32,41,145,120,25,33.48623853211009,14.678899082568808,18.807339449541285,66.5137614678899,55.04587155963303,11.46788990825688
E00153144,135,40,10,30,95,82,13,29.629629629629626,7.4074074074074066,22.22222222222222,70.37037037037037,60.74074074074074,9.62962962962963
E00153145,132,38,14,24,94,71,23,28.78787878787879,10.606060606060606,18.181818181818183,71.21212121212122,53.78787878787878,17.424242424242426
E00153146,231,91,29,62,140,119,21,39.39393939393939,12.554112554112553,26.83982683982684,60.60606060606061,51.515151515151516,9.090909090909092
E00153147,115,34,16,18,81,59,22,29.565217391304348,13.91304347826087,15.65217391304348,70.43478260869566,51.30434782608696,19.130434782608695
E00153148,337,85,30,55,252,206,46,25.222551928783382,8.902077151335313,16.320474777448073,74.77744807121661,61.12759643916914,13.649851632047477
E00153150,202,63,17,46,139,109,30,31.18811881188119,8.415841584158416,22.772277227722775,68.8118811881188,53.960396039603964,14.85148514851485
E00153151,135,49,18,31,86,67,19,36.2962962962963,13.333333333333334,22.962962962962962,63.70370370370371,49.629629629629626,14.074074074074074
E00153152,174,55,25,30,119,96,23,31.60919540229885,14.367816091954023,17.24137931034483,68.39080459770115,55.172413793103445,13.218390804597702
E00153153,188,53,22,31,135,114,21,28.191489361702125,11.702127659574469,16.48936170212766,71.80851063829788,60.63829787234043,11.170212765957446
E00153154,214,72,26,46,142,104,38,33.64485981308411,12.149532710280374,21.49532710280374,66.35514018691589,48.598130841121495,17.75700934579439
E00153156,255,81,32,49,174,131,43,31.76470588235294,12.549019607843137,19.215686274509807,68.23529411764706,51.37254901960784,16.862745098039216
E00153157,119,40,13,27,79,67,12,33.61344537815126,10.92436974789916,22.689075630252102,66.38655462184873,56.30252100840336,10.084033613445378
E00153158,153,56,21,35,97,69,28,36.60130718954248,13.725490196078432,22.875816993464053,63.39869281045751,45.09803921568628,18.30065359477124
E00153159,182,66,27,39,116,79,37,36.26373626373626,14.835164835164836,21.428571428571427,63.73626373626373,43.40659340659341,20.32967032967033
E00153160,131,43,18,25,88,75,13,32.82442748091603,13.740458015267176,19.083969465648856,67.17557251908397,57.25190839694656,9.923664122137405
E00153161,109,49,23,26,60,44,16,44.95412844036697,21.100917431192663,23.853211009174313,55.04587155963303,40.36697247706422,14.678899082568808
E00153162,120,37,11,26,83,65,18,30.833333333333336,9.166666666666666,21.666666666666668,69.16666666666667,54.166666666666664,15
E00153163,118,39,16,23,79,66,13,33.05084745762712,13.559322033898304,19.491525423728813,66.94915254237289,55.932203389830505,11.016949152542372
E00153164,117,37,15,22,80,61,19,31.62393162393162,12.82051282051282,18.803418803418804,68.37606837606837,52.13675213675214,16.23931623931624
E00153165,129,51,21,30,78,62,16,39.53488372093023,16.27906976744186,23.25581395348837,60.46511627906976,48.06201550387597,12.4031007751938
E00153166,106,34,16,18,72,58,14,32.075471698113205,15.09433962264151,16.9811320754717,67.9245283018868,54.71698113207547,13.20754716981132
E00153167,126,46,18,28,80,59,21,36.507936507936506,14.285714285714285,22.22222222222222,63.49206349206349,46.82539682539682,16.666666666666664
E00153168,178,56,23,33,122,88,34,31.46067415730337,12.921348314606742,18.53932584269663,68.53932584269663,49.43820224719101,19.101123595505616
E00153169,170,74,38,36,96,73,23,43.529411764705884,22.35294117647059,21.176470588235293,56.470588235294116,42.94117647058823,13.529411764705882
E00153170,201,72,23,49,129,94,35,35.82089552238806,11.442786069651742,24.378109452736318,64.17910447761194,46.766169154228855,17.412935323383085
E00153171,70,20,11,9,50,38,12,28.57142857142857,15.714285714285714,12.857142857142856,71.42857142857143,54.285714285714285,17.142857142857142
E00153172,179,65,22,43,114,95,19,36.312849162011176,12.290502793296088,24.022346368715084,63.687150837988824,53.072625698324025,10.614525139664805
E00153173,202,65,24,41,137,111,26,32.17821782178218,11.881188118811881,20.2970297029703,67.82178217821783,54.95049504950495,12.871287128712872
E00153174,159,42,12,30,117,99,18,26.41509433962264,7.547169811320755,18.867924528301888,73.58490566037736,62.264150943396224,11.320754716981133
E00153175,266,85,35,50,181,145,36,31.954887218045116,13.157894736842104,18.796992481203006,68.04511278195488,54.51127819548872,13.533834586466165
E00153176,93,35,20,15,58,39,19,37.634408602150536,21.50537634408602,16.129032258064516,62.365591397849464,41.935483870967744,20.43010752688172
E00153177,188,67,31,36,121,92,29,35.638297872340424,16.48936170212766,19.148936170212767,64.36170212765957,48.93617021276596,15.425531914893616
E00153178,223,68,30,38,155,129,26,30.493273542600896,13.452914798206278,17.040358744394617,69.50672645739911,57.847533632286996,11.659192825112108
E00153179,134,39,15,24,95,79,16,29.1044776119403,11.194029850746269,17.91044776119403,70.8955223880597,58.95522388059702,11.940298507462686
E00153180,171,63,30,33,108,74,34,36.84210526315789,17.543859649122805,19.298245614035086,63.1578947368421,43.27485380116959,19.883040935672515
E00153181,100,32,11,21,68,61,7,32,11,21,68,61,7.000000000000001
E00153182,162,54,21,33,108,81,27,33.33333333333333,12.962962962962962,20.37037037037037,66.66666666666666,50,16.666666666666664
E00153183,165,61,26,35,104,81,23,36.96969696969697,15.757575757575756,21.21212121212121,63.030303030303024,49.09090909090909,13.939393939393941
E00153184,121,41,23,18,80,64,16,33.88429752066116,19.00826446280992,14.87603305785124,66.11570247933885,52.892561983471076,13.223140495867769
E00153185,120,33,12,21,87,68,19,27.500000000000004,10,17.5,72.5,56.666666666666664,15.833333333333332
E00153186,209,77,35,42,132,102,30,36.84210526315789,16.74641148325359,20.095693779904305,63.1578947368421,48.803827751196174,14.354066985645932
E00153187,175,49,21,28,126,94,32,28.000000000000004,12,16,72,53.714285714285715,18.285714285714285
E00153188,141,49,18,31,92,75,17,34.751773049645394,12.76595744680851,21.98581560283688,65.24822695035462,53.191489361702125,12.056737588652481
E00153189,174,60,21,39,114,95,19,34.48275862068966,12.068965517241379,22.413793103448278,65.51724137931035,54.59770114942529,10.919540229885058
E00153190,163,60,22,38,103,79,24,36.809815950920246,13.496932515337424,23.31288343558282,63.190184049079754,48.466257668711656,14.723926380368098
E00153191,119,33,19,14,86,66,20,27.73109243697479,15.966386554621847,11.76470588235294,72.26890756302521,55.46218487394958,16.80672268907563
E00153192,80,24,8,16,56,40,16,30,10,20,70,50,20
E00153193,108,41,21,20,67,52,15,37.96296296296296,19.444444444444446,18.51851851851852,62.03703703703704,48.148148148148145,13.88888888888889
E00153194,90,27,4,23,63,53,10,30,4.444444444444445,25.555555555555554,70,58.88888888888889,11.11111111111111
E00153195,123,44,16,28,79,63,16,35.77235772357724,13.008130081300814,22.76422764227642,64.22764227642277,51.21951219512195,13.008130081300814
E00153196,125,40,17,23,85,65,20,32,13.600000000000001,18.4,68,52,16
E00153197,152,57,32,25,95,72,23,37.5,21.052631578947366,16.447368421052634,62.5,47.368421052631575,15.131578947368421
E00153198,109,21,10,11,88,68,20,19.26605504587156,9.174311926605505,10.091743119266056,80.73394495412845,62.38532110091744,18.34862385321101
E00153199,79,25,11,14,54,41,13,31.645569620253166,13.924050632911392,17.72151898734177,68.35443037974683,51.89873417721519,16.455696202531644
E00153200,83,28,11,17,55,39,16,33.734939759036145,13.253012048192772,20.481927710843372,66.26506024096386,46.98795180722892,19.27710843373494
E00153201,164,64,31,33,100,67,33,39.02439024390244,18.902439024390244,20.121951219512198,60.97560975609756,40.853658536585364,20.121951219512198
E00153202,112,32,11,21,80,53,27,28.57142857142857,9.821428571428571,18.75,71.42857142857143,47.32142857142857,24.107142857142858
E00153203,154,44,21,23,110,88,22,28.57142857142857,13.636363636363635,14.935064935064934,71.42857142857143,57.14285714285714,14.285714285714285
E00153204,79,30,11,19,49,45,4,37.9746835443038,13.924050632911392,24.050632911392405,62.0253164556962,56.9620253164557,5.063291139240507
E00153205,104,24,4,20,80,66,14,23.076923076923077,3.8461538461538463,19.230769230769234,76.92307692307693,63.46153846153846,13.461538461538462
E00153206,254,64,21,43,190,161,29,25.196850393700785,8.267716535433072,16.92913385826772,74.80314960629921,63.38582677165354,11.41732283464567
E00153207,280,93,33,60,187,146,41,33.214285714285715,11.785714285714285,21.428571428571427,66.78571428571428,52.142857142857146,14.642857142857144
E00153208,124,45,20,25,79,61,18,36.29032258064516,16.129032258064516,20.161290322580644,63.70967741935484,49.193548387096776,14.516129032258066
E00153209,192,54,17,37,138,116,22,28.125,8.854166666666668,19.270833333333336,71.875,60.416666666666664,11.458333333333332
E00153210,139,40,6,34,99,83,16,28.776978417266186,4.316546762589928,24.46043165467626,71.22302158273382,59.71223021582733,11.510791366906476
E00153211,99,31,10,21,68,52,16,31.313131313131315,10.1010101010101,21.21212121212121,68.68686868686868,52.52525252525253,16.161616161616163
E00153212,103,36,14,22,67,55,12,34.95145631067961,13.592233009708737,21.35922330097087,65.0485436893204,53.398058252427184,11.650485436893204
E00153213,135,42,12,30,93,85,8,31.11111111111111,8.88888888888889,22.22222222222222,68.88888888888889,62.96296296296296,5.9259259259259265
E00153214,127,37,16,21,90,75,15,29.133858267716533,12.598425196850393,16.535433070866144,70.86614173228347,59.055118110236215,11.811023622047244
E00153215,152,50,15,35,102,92,10,32.89473684210527,9.868421052631579,23.026315789473685,67.10526315789474,60.526315789473685,6.578947368421052
E00153216,136,36,15,21,100,85,15,26.47058823529412,11.029411764705882,15.441176470588236,73.52941176470588,62.5,11.029411764705882
E00153217,167,61,22,39,106,83,23,36.52694610778443,13.17365269461078,23.353293413173652,63.47305389221557,49.700598802395206,13.77245508982036
E00153218,159,50,22,28,109,94,15,31.446540880503143,13.836477987421384,17.61006289308176,68.55345911949685,59.11949685534591,9.433962264150944
E00153219,152,48,19,29,104,93,11,31.57894736842105,12.5,19.078947368421055,68.42105263157895,61.18421052631579,7.236842105263158
E00153220,152,47,21,26,105,82,23,30.92105263157895,13.815789473684212,17.105263157894736,69.07894736842105,53.94736842105263,15.131578947368421
E00153221,176,62,17,45,114,95,19,35.22727272727273,9.659090909090908,25.568181818181817,64.77272727272727,53.97727272727273,10.795454545454545
E00153222,199,54,22,32,145,120,25,27.1356783919598,11.055276381909549,16.08040201005025,72.8643216080402,60.30150753768844,12.562814070351758
E00153223,106,30,13,17,76,55,21,28.30188679245283,12.264150943396226,16.037735849056602,71.69811320754717,51.886792452830186,19.81132075471698
E00153224,136,56,28,28,80,70,10,41.17647058823529,20.588235294117645,20.588235294117645,58.82352941176471,51.470588235294116,7.352941176470589
E00153225,242,81,33,48,161,118,43,33.47107438016529,13.636363636363635,19.834710743801654,66.52892561983471,48.760330578512395,17.768595041322314
E00153226,158,48,18,30,110,83,27,30.37974683544304,11.39240506329114,18.9873417721519,69.62025316455697,52.53164556962025,17.088607594936708
E00153227,224,73,30,43,151,118,33,32.589285714285715,13.392857142857142,19.196428571428573,67.41071428571429,52.67857142857143,14.732142857142858
E00153228,84,31,8,23,53,40,13,36.904761904761905,9.523809523809524,27.380952380952383,63.095238095238095,47.61904761904761,15.476190476190476
E00153230,185,65,24,41,120,106,14,35.13513513513514,12.972972972972974,22.162162162162165,64.86486486486487,57.2972972972973,7.567567567567568
E00153232,235,67,27,40,168,127,41,28.510638297872344,11.48936170212766,17.02127659574468,71.48936170212767,54.04255319148936,17.4468085106383
E00153233,118,44,17,27,74,57,17,37.28813559322034,14.40677966101695,22.88135593220339,62.71186440677966,48.30508474576271,14.40677966101695
E00153234,132,49,22,27,83,71,12,37.121212121212125,16.666666666666664,20.454545454545457,62.878787878787875,53.78787878787878,9.090909090909092
E00153235,155,60,22,38,95,70,25,38.70967741935484,14.193548387096774,24.516129032258064,61.29032258064516,45.16129032258064,16.129032258064516
E00153236,110,36,14,22,74,58,16,32.72727272727273,12.727272727272727,20,67.27272727272727,52.72727272727272,14.545454545454545
E00153237,52,18,8,10,34,28,6,34.61538461538461,15.384615384615385,19.230769230769234,65.38461538461539,53.84615384615385,11.538461538461538
E00153238,294,73,27,46,221,170,51,24.829931972789115,9.183673469387756,15.646258503401361,75.17006802721087,57.82312925170068,17.346938775510203
E00153239,66,20,6,14,46,37,9,30.303030303030305,9.090909090909092,21.21212121212121,69.6969696969697,56.060606060606055,13.636363636363635
E00153240,192,83,33,50,109,73,36,43.22916666666667,17.1875,26.041666666666668,56.770833333333336,38.02083333333333,18.75
E00153241,223,83,36,47,140,118,22,37.219730941704036,16.143497757847534,21.076233183856502,62.78026905829597,52.91479820627802,9.865470852017937
E00153242,62,25,10,15,37,25,12,40.32258064516129,16.129032258064516,24.193548387096776,59.67741935483871,40.32258064516129,19.35483870967742
E00153243,134,48,19,29,86,63,23,35.82089552238806,14.17910447761194,21.641791044776117,64.17910447761194,47.01492537313433,17.16417910447761
E00153244,149,55,19,36,94,81,13,36.91275167785235,12.751677852348994,24.161073825503358,63.08724832214765,54.36241610738255,8.724832214765101
E00153245,169,52,21,31,117,102,15,30.76923076923077,12.42603550295858,18.34319526627219,69.23076923076923,60.35502958579882,8.875739644970414
E00153247,146,50,19,31,96,70,26,34.24657534246575,13.013698630136986,21.232876712328768,65.75342465753424,47.94520547945205,17.80821917808219
E00153248,168,60,21,39,108,74,34,35.714285714285715,12.5,23.214285714285715,64.28571428571429,44.047619047619044,20.238095238095237
E00153249,76,30,9,21,46,35,11,39.473684210526315,11.842105263157894,27.631578947368425,60.526315789473685,46.05263157894737,14.473684210526317
E00153250,106,33,16,17,73,59,14,31.132075471698112,15.09433962264151,16.037735849056602,68.86792452830188,55.660377358490564,13.20754716981132
E00153252,195,69,29,40,126,98,28,35.38461538461539,14.871794871794872,20.51282051282051,64.61538461538461,50.256410256410255,14.358974358974358
E00153253,203,58,22,36,145,122,23,28.57142857142857,10.83743842364532,17.733990147783253,71.42857142857143,60.09852216748769,11.330049261083744
E00153254,155,47,15,32,108,86,22,30.32258064516129,9.67741935483871,20.64516129032258,69.6774193548387,55.483870967741936,14.193548387096774
E00153256,210,69,36,33,141,113,28,32.857142857142854,17.142857142857142,15.714285714285714,67.14285714285714,53.80952380952381,13.333333333333334
E00153257,153,54,22,32,99,70,29,35.294117647058826,14.37908496732026,20.915032679738562,64.70588235294117,45.751633986928105,18.954248366013072
E00153258,154,50,19,31,104,93,11,32.467532467532465,12.337662337662337,20.12987012987013,67.53246753246754,60.3896103896104,7.142857142857142
E00153259,111,31,15,16,80,62,18,27.927927927927925,13.513513513513514,14.414414414414415,72.07207207207207,55.85585585585585,16.216216216216218
E00153260,253,82,27,55,171,133,38,32.41106719367589,10.67193675889328,21.73913043478261,67.58893280632411,52.569169960474305,15.019762845849801
E00153261,215,72,30,42,143,109,34,33.48837209302326,13.953488372093023,19.53488372093023,66.51162790697674,50.697674418604656,15.813953488372093
E00153262,220,75,28,47,145,116,29,34.090909090909086,12.727272727272727,21.363636363636363,65.9090909090909,52.72727272727272,13.18181818181818
E00153263,244,77,24,53,167,124,43,31.557377049180328,9.836065573770492,21.721311475409834,68.44262295081968,50.81967213114754,17.62295081967213
E00153264,127,33,13,20,94,79,15,25.984251968503933,10.236220472440944,15.748031496062993,74.01574803149606,62.20472440944882,11.811023622047244
E00153266,172,49,15,34,123,84,39,28.488372093023255,8.720930232558139,19.767441860465116,71.51162790697676,48.837209302325576,22.674418604651162
E00153267,178,33,8,25,145,129,16,18.53932584269663,4.49438202247191,14.04494382022472,81.46067415730337,72.47191011235955,8.98876404494382
E00153268,159,43,22,21,116,98,18,27.044025157232703,13.836477987421384,13.20754716981132,72.95597484276729,61.63522012578616,11.320754716981133
E00153269,201,47,21,26,154,131,23,23.383084577114428,10.44776119402985,12.935323383084576,76.61691542288557,65.17412935323384,11.442786069651742
E00153270,142,41,19,22,101,84,17,28.87323943661972,13.380281690140844,15.492957746478872,71.12676056338029,59.154929577464785,11.971830985915492
E00153271,98,31,7,24,67,53,14,31.63265306122449,7.142857142857142,24.489795918367346,68.36734693877551,54.08163265306123,14.285714285714285
E00153272,126,45,24,21,81,70,11,35.714285714285715,19.047619047619047,16.666666666666664,64.28571428571429,55.55555555555556,8.73015873015873
E00153273,111,40,18,22,71,58,13,36.03603603603604,16.216216216216218,19.81981981981982,63.96396396396396,52.25225225225225,11.711711711711711
E00153274,179,52,20,32,127,108,19,29.05027932960894,11.1731843575419,17.877094972067038,70.94972067039106,60.33519553072626,10.614525139664805
E00153275,62,18,3,15,44,40,4,29.03225806451613,4.838709677419355,24.193548387096776,70.96774193548387,64.51612903225806,6.451612903225806
E00153276,155,36,18,18,119,98,21,23.225806451612904,11.612903225806452,11.612903225806452,76.77419354838709,63.2258064516129,13.548387096774196
E00153277,82,29,12,17,53,41,12,35.36585365853659,14.634146341463413,20.73170731707317,64.63414634146342,50,14.634146341463413
E00153278,88,28,7,21,60,48,12,31.818181818181817,7.954545454545454,23.863636363636363,68.18181818181817,54.54545454545454,13.636363636363635
E00153279,140,51,17,34,89,74,15,36.42857142857142,12.142857142857142,24.285714285714285,63.57142857142857,52.85714285714286,10.714285714285714
E00153280,89,21,0,21,68,57,11,23.595505617977526,0,23.595505617977526,76.40449438202246,64.04494382022472,12.359550561797752
E00153281,189,50,14,36,139,120,19,26.455026455026452,7.4074074074074066,19.047619047619047,73.54497354497354,63.49206349206349,10.052910052910052
E00153282,100,32,10,22,68,63,5,32,10,22,68,63,5
E00153283,145,52,14,38,93,78,15,35.86206896551724,9.655172413793103,26.20689655172414,64.13793103448275,53.79310344827586,10.344827586206897
E00153285,250,77,22,55,173,142,31,30.8,8.799999999999999,22,69.19999999999999,56.8,12.4
E00153287,162,51,11,40,111,101,10,31.48148148148148,6.790123456790123,24.691358024691358,68.51851851851852,62.34567901234568,6.172839506172839
E00153288,132,40,16,24,92,82,10,30.303030303030305,12.121212121212121,18.181818181818183,69.6969696969697,62.121212121212125,7.575757575757576
E00153289,172,56,15,41,116,96,20,32.55813953488372,8.720930232558139,23.837209302325583,67.44186046511628,55.81395348837209,11.627906976744185
E00153290,143,39,12,27,104,80,24,27.27272727272727,8.391608391608392,18.88111888111888,72.72727272727273,55.94405594405595,16.783216783216783
E00153292,149,43,13,30,106,83,23,28.859060402684566,8.724832214765101,20.13422818791946,71.14093959731544,55.70469798657718,15.436241610738255
E00153293,173,48,17,31,125,111,14,27.74566473988439,9.826589595375722,17.91907514450867,72.25433526011561,64.16184971098265,8.092485549132949
E00153294,93,24,8,16,69,58,11,25.806451612903224,8.60215053763441,17.20430107526882,74.19354838709677,62.365591397849464,11.827956989247312
E00153295,172,44,19,25,128,108,20,25.581395348837212,11.046511627906977,14.534883720930234,74.4186046511628,62.7906976744186,11.627906976744185
E00153296,188,52,17,35,136,115,21,27.659574468085108,9.042553191489363,18.617021276595743,72.3404255319149,61.170212765957444,11.170212765957446
E00153297,263,72,17,55,191,158,33,27.376425855513308,6.4638783269961975,20.912547528517113,72.6235741444867,60.07604562737643,12.547528517110266
E00153298,135,42,9,33,93,78,15,31.11111111111111,6.666666666666667,24.444444444444443,68.88888888888889,57.77777777777777,11.11111111111111
E00153299,127,33,10,23,94,86,8,25.984251968503933,7.874015748031496,18.11023622047244,74.01574803149606,67.71653543307087,6.299212598425196
E00153300,299,93,35,58,206,174,32,31.103678929765888,11.705685618729097,19.39799331103679,68.89632107023411,58.19397993311036,10.702341137123746
E00153301,96,23,8,15,73,58,15,23.958333333333336,8.333333333333332,15.625,76.04166666666666,60.416666666666664,15.625
E00153302,203,66,21,45,137,111,26,32.51231527093596,10.344827586206897,22.167487684729064,67.48768472906403,54.679802955665025,12.807881773399016
E00153303,107,35,18,17,72,57,15,32.71028037383177,16.822429906542055,15.887850467289718,67.28971962616822,53.271028037383175,14.018691588785046
E00153304,147,50,14,36,97,69,28,34.01360544217687,9.523809523809524,24.489795918367346,65.98639455782312,46.93877551020408,19.047619047619047
E00153305,143,41,8,33,102,88,14,28.671328671328673,5.594405594405594,23.076923076923077,71.32867132867133,61.53846153846154,9.79020979020979
E00153306,136,41,13,28,95,78,17,30.14705882352941,9.558823529411764,20.588235294117645,69.85294117647058,57.35294117647059,12.5
E00153307,134,51,14,37,83,70,13,38.059701492537314,10.44776119402985,27.611940298507463,61.940298507462686,52.23880597014925,9.701492537313433
E00153308,112,32,7,25,80,73,7,28.57142857142857,6.25,22.321428571428573,71.42857142857143,65.17857142857143,6.25
E00153309,144,50,16,34,94,67,27,34.72222222222222,11.11111111111111,23.61111111111111,65.27777777777779,46.52777777777778,18.75
E00153310,128,37,7,30,91,81,10,28.90625,5.46875,23.4375,71.09375,63.28125,7.8125
E00153311,171,58,22,36,113,94,19,33.91812865497076,12.865497076023392,21.052631578947366,66.08187134502924,54.97076023391813,11.11111111111111
E00153312,145,41,12,29,104,91,13,28.27586206896552,8.275862068965518,20,71.72413793103448,62.758620689655174,8.96551724137931
E00153313,146,58,20,38,88,69,19,39.726027397260275,13.698630136986301,26.027397260273972,60.273972602739725,47.26027397260274,13.013698630136986
E00153314,192,52,9,43,140,113,27,27.083333333333332,4.6875,22.395833333333336,72.91666666666666,58.854166666666664,14.0625
E00153315,137,46,15,31,91,81,10,33.57664233576642,10.948905109489052,22.62773722627737,66.42335766423358,59.12408759124088,7.2992700729927
E00153316,145,37,13,24,108,83,25,25.517241379310345,8.96551724137931,16.551724137931036,74.48275862068967,57.24137931034483,17.24137931034483
E00153317,119,49,16,33,70,57,13,41.17647058823529,13.445378151260504,27.73109243697479,58.82352941176471,47.89915966386555,10.92436974789916
E00153318,195,71,26,45,124,106,18,36.41025641025641,13.333333333333334,23.076923076923077,63.589743589743584,54.35897435897436,9.230769230769232
E00153319,161,51,14,37,110,90,20,31.67701863354037,8.695652173913043,22.981366459627328,68.32298136645963,55.90062111801242,12.422360248447205
E00153320,135,40,13,27,95,69,26,29.629629629629626,9.62962962962963,20,70.37037037037037,51.11111111111111,19.25925925925926
E00153321,159,50,23,27,109,91,18,31.446540880503143,14.465408805031446,16.9811320754717,68.55345911949685,57.23270440251572,11.320754716981133
E00153322,177,47,17,30,130,109,21,26.55367231638418,9.6045197740113,16.94915254237288,73.44632768361582,61.5819209039548,11.864406779661017
E00153324,160,58,23,35,102,85,17,36.25,14.374999999999998,21.875,63.74999999999999,53.125,10.625
E00153325,172,61,23,38,111,92,19,35.46511627906977,13.372093023255813,22.093023255813954,64.53488372093024,53.48837209302325,11.046511627906977
E00153326,117,37,14,23,80,69,11,31.62393162393162,11.965811965811966,19.65811965811966,68.37606837606837,58.97435897435898,9.401709401709402
E00153327,190,67,27,40,123,96,27,35.26315789473684,14.210526315789473,21.052631578947366,64.73684210526316,50.526315789473685,14.210526315789473
E00153328,152,56,31,25,96,76,20,36.84210526315789,20.394736842105264,16.447368421052634,63.1578947368421,50,13.157894736842104
E00153329,128,50,21,29,78,55,23,39.0625,16.40625,22.65625,60.9375,42.96875,17.96875
E00153330,193,60,20,40,133,102,31,31.088082901554404,10.362694300518134,20.72538860103627,68.9119170984456,52.84974093264248,16.06217616580311
E00153331,146,43,15,28,103,78,25,29.45205479452055,10.273972602739725,19.17808219178082,70.54794520547945,53.42465753424658,17.123287671232877
E00153332,162,49,15,34,113,97,16,30.246913580246915,9.25925925925926,20.98765432098765,69.75308641975309,59.876543209876544,9.876543209876543
E00153333,138,66,32,34,72,57,15,47.82608695652174,23.18840579710145,24.637681159420293,52.17391304347826,41.30434782608695,10.869565217391305
E00153334,129,38,15,23,91,66,25,29.457364341085274,11.627906976744185,17.829457364341085,70.54263565891473,51.162790697674424,19.379844961240313
E00153335,145,40,14,26,105,77,28,27.586206896551722,9.655172413793103,17.93103448275862,72.41379310344827,53.103448275862064,19.310344827586206
E00153336,197,59,23,36,138,107,31,29.949238578680205,11.6751269035533,18.274111675126903,70.05076142131979,54.314720812182735,15.736040609137056
E00153337,158,57,19,38,101,67,34,36.075949367088604,12.025316455696203,24.050632911392405,63.92405063291139,42.405063291139236,21.518987341772153
E00153338,140,51,21,30,89,66,23,36.42857142857142,15,21.428571428571427,63.57142857142857,47.14285714285714,16.428571428571427
E00153339,159,48,24,24,111,82,29,30.18867924528302,15.09433962264151,15.09433962264151,69.81132075471697,51.57232704402516,18.238993710691823
E00153340,141,40,15,25,101,79,22,28.368794326241137,10.638297872340425,17.73049645390071,71.63120567375887,56.02836879432624,15.602836879432624
E00153341,203,61,22,39,142,107,35,30.049261083743843,10.83743842364532,19.21182266009852,69.95073891625616,52.70935960591133,17.24137931034483
E00153342,172,58,27,31,114,93,21,33.72093023255814,15.69767441860465,18.023255813953487,66.27906976744185,54.06976744186046,12.209302325581394
E00153343,154,48,14,34,106,80,26,31.16883116883117,9.090909090909092,22.07792207792208,68.83116883116884,51.94805194805194,16.883116883116884
E00153344,260,83,29,54,177,128,49,31.92307692307692,11.153846153846155,20.76923076923077,68.07692307692308,49.23076923076923,18.846153846153847
E00153345,196,55,18,37,141,115,26,28.061224489795915,9.183673469387756,18.877551020408163,71.93877551020408,58.673469387755105,13.26530612244898
E00153346,118,45,12,33,73,60,13,38.13559322033898,10.16949152542373,27.966101694915253,61.86440677966102,50.847457627118644,11.016949152542372
E00153347,138,52,19,33,86,75,11,37.68115942028986,13.768115942028986,23.91304347826087,62.31884057971014,54.347826086956516,7.971014492753622
E00153348,200,64,22,42,136,110,26,32,11,21,68,55.00000000000001,13
E00153349,166,59,20,39,107,87,20,35.54216867469879,12.048192771084338,23.49397590361446,64.45783132530121,52.40963855421686,12.048192771084338
E00153350,176,55,23,32,121,98,23,31.25,13.068181818181818,18.181818181818183,68.75,55.68181818181818,13.068181818181818
E00153351,206,73,23,50,133,115,18,35.43689320388349,11.165048543689322,24.271844660194176,64.56310679611651,55.8252427184466,8.737864077669903
E00153352,100,37,10,27,63,55,8,37,10,27,63,55.00000000000001,8
E00153353,230,84,25,59,146,118,28,36.52173913043478,10.869565217391305,25.65217391304348,63.47826086956522,51.30434782608696,12.173913043478262
E00153354,137,48,18,30,89,74,15,35.03649635036496,13.138686131386862,21.897810218978105,64.96350364963503,54.01459854014598,10.948905109489052
E00153355,103,40,19,21,63,46,17,38.83495145631068,18.446601941747574,20.388349514563107,61.165048543689316,44.66019417475729,16.50485436893204
E00153356,124,37,16,21,87,67,20,29.838709677419356,12.903225806451612,16.93548387096774,70.16129032258065,54.03225806451613,16.129032258064516
E00153357,110,32,16,16,78,59,19,29.09090909090909,14.545454545454545,14.545454545454545,70.9090909090909,53.63636363636364,17.272727272727273
E00153358,153,50,17,33,103,76,27,32.6797385620915,11.11111111111111,21.568627450980394,67.3202614379085,49.673202614379086,17.647058823529413
E00153359,171,59,27,32,112,89,23,34.50292397660819,15.789473684210526,18.71345029239766,65.49707602339181,52.046783625730995,13.450292397660817
E00153360,164,62,29,33,102,74,28,37.80487804878049,17.682926829268293,20.121951219512198,62.19512195121951,45.1219512195122,17.073170731707318
E00153361,70,27,8,19,43,34,9,38.57142857142858,11.428571428571429,27.142857142857142,61.42857142857143,48.57142857142857,12.857142857142856
E00153362,177,59,23,36,118,97,21,33.33333333333333,12.994350282485875,20.33898305084746,66.66666666666666,54.80225988700565,11.864406779661017
E00153363,168,57,16,41,111,82,29,33.92857142857143,9.523809523809524,24.404761904761905,66.07142857142857,48.80952380952381,17.261904761904763
E00153364,132,39,11,28,93,76,17,29.545454545454547,8.333333333333332,21.21212121212121,70.45454545454545,57.57575757575758,12.878787878787879
E00153365,136,39,18,21,97,81,16,28.676470588235293,13.23529411764706,15.441176470588236,71.32352941176471,59.55882352941176,11.76470588235294
E00153366,85,26,13,13,59,50,9,30.58823529411765,15.294117647058824,15.294117647058824,69.41176470588235,58.82352941176471,10.588235294117647
E00153367,117,36,11,25,81,62,19,30.76923076923077,9.401709401709402,21.367521367521366,69.23076923076923,52.991452991452995,16.23931623931624
E00153368,100,34,17,17,66,55,11,34,17,17,66,55.00000000000001,11
E00153369,169,44,16,28,125,100,25,26.035502958579883,9.467455621301776,16.56804733727811,73.96449704142012,59.171597633136095,14.792899408284024
E00153370,182,55,17,38,127,111,16,30.21978021978022,9.340659340659341,20.87912087912088,69.78021978021978,60.98901098901099,8.791208791208792
E00153371,88,32,11,21,56,40,16,36.36363636363637,12.5,23.863636363636363,63.63636363636363,45.45454545454545,18.181818181818183
E00153372,157,52,19,33,105,82,23,33.12101910828025,12.101910828025478,21.019108280254777,66.87898089171973,52.22929936305732,14.64968152866242
E00153373,193,76,29,47,117,83,34,39.37823834196891,15.025906735751295,24.352331606217618,60.62176165803109,43.005181347150256,17.616580310880828
E00153375,118,40,14,26,78,59,19,33.89830508474576,11.864406779661017,22.033898305084744,66.10169491525424,50,16.101694915254235
E00153376,84,26,12,14,58,38,20,30.952380952380953,14.285714285714285,16.666666666666664,69.04761904761905,45.23809523809524,23.809523809523807
E00153378,201,68,26,42,133,94,39,33.83084577114428,12.935323383084576,20.8955223880597,66.16915422885572,46.766169154228855,19.402985074626866
E00153379,192,68,29,39,124,94,30,35.41666666666667,15.104166666666666,20.3125,64.58333333333334,48.95833333333333,15.625
E00173676,168,49,8,41,119,97,22,29.166666666666668,4.761904761904762,24.404761904761905,70.83333333333334,57.738095238095234,13.095238095238097
E00173679,244,67,20,47,177,157,20,27.459016393442624,8.19672131147541,19.262295081967213,72.54098360655738,64.34426229508196,8.19672131147541
E00173680,218,77,26,51,141,126,15,35.321100917431195,11.926605504587156,23.394495412844037,64.6788990825688,57.798165137614674,6.8807339449541285
E00173682,223,52,13,39,171,134,37,23.318385650224215,5.829596412556054,17.48878923766816,76.68161434977578,60.0896860986547,16.591928251121075
E00173683,208,38,11,27,170,138,32,18.269230769230766,5.288461538461538,12.980769230769232,81.73076923076923,66.34615384615384,15.384615384615385
E00173685,188,54,13,41,134,114,20,28.723404255319153,6.914893617021277,21.808510638297875,71.27659574468085,60.63829787234043,10.638297872340425
E00173686,195,61,16,45,134,110,24,31.28205128205128,8.205128205128204,23.076923076923077,68.71794871794872,56.41025641025641,12.307692307692308
E00173690,192,50,13,37,142,116,26,26.041666666666668,6.770833333333333,19.270833333333336,73.95833333333334,60.416666666666664,13.541666666666666
E00173693,160,37,9,28,123,106,17,23.125,5.625,17.5,76.875,66.25,10.625
E00173694,200,58,18,40,142,122,20,28.999999999999996,9,20,71,61,10
E00173696,538,69,21,48,469,319,150,12.825278810408921,3.903345724907063,8.921933085501859,87.17472118959108,59.29368029739776,27.881040892193308
E00173697,104,22,10,12,82,62,20,21.153846153846153,9.615384615384617,11.538461538461538,78.84615384615384,59.61538461538461,19.230769230769234
E00173699,156,56,23,33,100,67,33,35.8974358974359,14.743589743589745,21.153846153846153,64.1025641025641,42.94871794871795,21.153846153846153
E00183338,66,18,8,10,48,41,7,27.27272727272727,12.121212121212121,15.151515151515152,72.72727272727273,62.121212121212125,10.606060606060606
E00183339,95,28,15,13,67,61,6,29.47368421052631,15.789473684210526,13.684210526315791,70.52631578947368,64.21052631578948,6.315789473684211
E00183343,154,37,12,25,117,105,12,24.025974025974026,7.792207792207792,16.233766233766232,75.97402597402598,68.18181818181817,7.792207792207792
E00183345,183,55,16,39,128,104,24,30.05464480874317,8.743169398907105,21.311475409836063,69.94535519125684,56.830601092896174,13.114754098360656
E00183354,386,97,30,67,289,240,49,25.129533678756477,7.772020725388601,17.357512953367877,74.87046632124353,62.17616580310881,12.694300518134716
E00183359,184,70,27,43,114,83,31,38.04347826086957,14.673913043478262,23.369565217391305,61.95652173913043,45.108695652173914,16.847826086956523
E00183361,353,77,13,64,276,232,44,21.813031161473088,3.6827195467422094,18.13031161473088,78.18696883852692,65.72237960339945,12.464589235127479
E00183362,71,21,4,17,50,41,9,29.577464788732392,5.633802816901409,23.943661971830984,70.4225352112676,57.74647887323944,12.676056338028168
E00183365,134,49,16,33,85,73,12,36.56716417910448,11.940298507462686,24.62686567164179,63.43283582089553,54.47761194029851,8.955223880597014
E00183370,84,21,7,14,63,51,12,25,8.333333333333332,16.666666666666664,75,60.71428571428571,14.285714285714285
E00183372,165,56,20,36,109,92,17,33.939393939393945,12.121212121212121,21.818181818181817,66.06060606060606,55.757575757575765,10.303030303030303
E00183377,238,54,16,38,184,152,32,22.689075630252102,6.722689075630252,15.966386554621847,77.31092436974791,63.86554621848739,13.445378151260504
E00183378,62,20,5,15,42,35,7,32.25806451612903,8.064516129032258,24.193548387096776,67.74193548387096,56.451612903225815,11.29032258064516
E00183379,142,33,16,17,109,96,13,23.239436619718308,11.267605633802818,11.971830985915492,76.76056338028168,67.6056338028169,9.15492957746479
E00183384,182,32,11,21,150,133,17,17.582417582417584,6.043956043956044,11.538461538461538,82.41758241758241,73.07692307692307,9.340659340659341
E00183390,171,59,13,46,112,98,14,34.50292397660819,7.602339181286549,26.900584795321635,65.49707602339181,57.30994152046783,8.187134502923977
E00183392,221,27,6,21,194,168,26,12.217194570135746,2.7149321266968327,9.502262443438914,87.78280542986425,76.01809954751131,11.76470588235294
E00183397,285,72,26,46,213,177,36,25.263157894736842,9.12280701754386,16.140350877192983,74.73684210526315,62.10526315789474,12.631578947368421
E00183398,167,46,12,34,121,105,16,27.54491017964072,7.18562874251497,20.359281437125748,72.45508982035929,62.874251497005986,9.580838323353294
E00183409,102,33,13,20,69,61,8,32.35294117647059,12.745098039215685,19.607843137254903,67.64705882352942,59.80392156862745,7.8431372549019605
E00183413,138,39,16,23,99,73,26,28.26086956521739,11.594202898550725,16.666666666666664,71.73913043478261,52.89855072463768,18.84057971014493
E00183414,144,45,14,31,99,73,26,31.25,9.722222222222223,21.52777777777778,68.75,50.69444444444444,18.055555555555554
E00183416,144,54,22,32,90,75,15,37.5,15.277777777777779,22.22222222222222,62.5,52.083333333333336,10.416666666666668
E00183417,225,42,11,31,183,158,25,18.666666666666668,4.888888888888889,13.777777777777779,81.33333333333333,70.22222222222221,11.11111111111111
