OA,ts0380001,ts0380002,ts0380003,ts0380004,ts0380005,ts0380006,ts0380007,ts0380002_PCT,ts0380003_PCT,ts0380004_PCT,ts0380005_PCT,ts0380006_PCT,ts0380007_PCT
E00074440,325,51,22,29,274,46,228,15.692307692307692,6.769230769230769,8.923076923076923,84.3076923076923,14.153846153846153,70.15384615384616
E00074441,338,53,18,35,285,35,250,15.680473372781064,5.325443786982249,10.355029585798817,84.31952662721893,10.355029585798817,73.96449704142012
E00074442,445,62,43,19,383,23,360,13.93258426966292,9.662921348314606,4.269662921348314,86.06741573033709,5.168539325842696,80.89887640449437
E00074443,253,47,19,28,206,17,189,18.57707509881423,7.5098814229249005,11.067193675889328,81.42292490118577,6.719367588932807,74.70355731225297
E00074444,456,98,43,55,358,31,327,21.49122807017544,9.429824561403509,12.06140350877193,78.50877192982456,6.798245614035088,71.71052631578947
E00074445,333,41,8,33,292,33,259,12.312312312312311,2.4024024024024024,9.90990990990991,87.68768768768768,9.90990990990991,77.77777777777779
E00074446,331,43,12,31,288,18,270,12.990936555891238,3.625377643504532,9.365558912386707,87.00906344410876,5.438066465256798,81.57099697885197
E00074447,339,35,15,20,304,28,276,10.32448377581121,4.424778761061947,5.899705014749262,89.67551622418878,8.259587020648967,81.41592920353983
E00074448,327,35,14,21,292,29,263,10.703363914373089,4.281345565749235,6.422018348623854,89.29663608562691,8.868501529051988,80.42813455657493
E00074449,367,53,25,28,314,23,291,14.441416893732969,6.811989100817439,7.629427792915531,85.55858310626702,6.267029972752043,79.291553133515
E00074450,302,52,17,35,250,25,225,17.218543046357617,5.629139072847682,11.589403973509933,82.78145695364239,8.27814569536424,74.50331125827815
E00074451,292,45,14,31,247,34,213,15.41095890410959,4.794520547945205,10.616438356164384,84.58904109589042,11.643835616438356,72.94520547945206
E00074452,285,41,13,28,244,26,218,14.385964912280702,4.56140350877193,9.824561403508772,85.6140350877193,9.12280701754386,76.49122807017544
E00074453,292,46,7,39,246,33,213,15.753424657534246,2.3972602739726026,13.356164383561644,84.24657534246576,11.301369863013697,72.94520547945206
E00074454,482,43,12,31,439,37,402,8.921161825726141,2.4896265560165975,6.431535269709543,91.07883817427386,7.676348547717843,83.40248962655602
E00074455,280,33,13,20,247,22,225,11.785714285714285,4.642857142857143,7.142857142857142,88.21428571428571,7.857142857142857,80.35714285714286
E00074456,407,52,18,34,355,33,322,12.776412776412776,4.422604422604422,8.353808353808354,87.22358722358723,8.108108108108109,79.11547911547912
E00074457,341,36,13,23,305,32,273,10.557184750733137,3.812316715542522,6.744868035190615,89.44281524926686,9.3841642228739,80.05865102639295
E00074458,267,62,23,39,205,23,182,23.220973782771537,8.614232209737828,14.606741573033707,76.77902621722846,8.614232209737828,68.16479400749064
E00074459,182,53,30,23,129,19,110,29.120879120879124,16.483516483516482,12.637362637362637,70.87912087912088,10.43956043956044,60.43956043956044
E00074460,244,63,23,40,181,22,159,25.81967213114754,9.426229508196721,16.39344262295082,74.18032786885246,9.01639344262295,65.1639344262295
E00074461,384,85,34,51,299,39,260,22.135416666666664,8.854166666666668,13.28125,77.86458333333334,10.15625,67.70833333333334
E00074462,318,97,55,42,221,15,206,30.50314465408805,17.29559748427673,13.20754716981132,69.49685534591194,4.716981132075472,64.77987421383648
E00074463,460,75,32,43,385,39,346,16.304347826086957,6.956521739130435,9.347826086956522,83.69565217391305,8.478260869565217,75.21739130434783
E00074464,288,64,36,28,224,26,198,22.22222222222222,12.5,9.722222222222223,77.77777777777779,9.027777777777777,68.75
E00074465,361,97,42,55,264,34,230,26.869806094182824,11.634349030470915,15.23545706371191,73.13019390581718,9.418282548476455,63.711911357340725
E00074466,428,78,39,39,350,30,320,18.22429906542056,9.11214953271028,9.11214953271028,81.77570093457945,7.009345794392523,74.76635514018692
E00074467,316,46,15,31,270,25,245,14.556962025316455,4.746835443037975,9.81012658227848,85.44303797468355,7.9113924050632916,77.53164556962025
E00074468,216,34,7,27,182,14,168,15.74074074074074,3.2407407407407405,12.5,84.25925925925925,6.481481481481481,77.77777777777779
E00074469,220,54,29,25,166,11,155,24.545454545454547,13.18181818181818,11.363636363636363,75.45454545454545,5,70.45454545454545
E00074470,381,56,20,36,325,30,295,14.698162729658792,5.2493438320209975,9.448818897637794,85.30183727034121,7.874015748031496,77.42782152230971
E00074471,316,62,25,37,254,36,218,19.62025316455696,7.9113924050632916,11.708860759493671,80.37974683544303,11.39240506329114,68.9873417721519
E00074472,224,47,23,24,177,16,161,20.982142857142858,10.267857142857142,10.714285714285714,79.01785714285714,7.142857142857142,71.875
E00074473,353,47,14,33,306,45,261,13.314447592067987,3.9660056657223794,9.34844192634561,86.68555240793201,12.747875354107649,73.93767705382436
E00074474,366,48,22,26,318,33,285,13.114754098360656,6.0109289617486334,7.103825136612022,86.88524590163934,9.01639344262295,77.8688524590164
E00074475,148,29,18,11,119,9,110,19.594594594594593,12.162162162162163,7.4324324324324325,80.4054054054054,6.081081081081082,74.32432432432432
E00074476,266,49,13,36,217,36,181,18.421052631578945,4.887218045112782,13.533834586466165,81.57894736842105,13.533834586466165,68.04511278195488
E00074477,553,184,118,66,369,34,335,33.273056057866185,21.338155515370705,11.934900542495479,66.72694394213381,6.148282097649186,60.57866184448463
E00074478,283,51,23,28,232,22,210,18.021201413427562,8.12720848056537,9.89399293286219,81.97879858657244,7.773851590106007,74.20494699646643
E00074479,267,40,13,27,227,28,199,14.981273408239701,4.868913857677903,10.112359550561797,85.0187265917603,10.486891385767791,74.53183520599251
E00074480,236,59,29,30,177,18,159,25,12.288135593220339,12.711864406779661,75,7.627118644067797,67.37288135593221
E00074481,337,63,23,40,274,34,240,18.694362017804153,6.824925816023739,11.869436201780417,81.30563798219585,10.089020771513352,71.2166172106825
E00074482,268,52,14,38,216,25,191,19.402985074626866,5.223880597014925,14.17910447761194,80.59701492537313,9.328358208955224,71.26865671641791
E00074483,270,45,17,28,225,29,196,16.666666666666664,6.296296296296296,10.37037037037037,83.33333333333334,10.74074074074074,72.5925925925926
E00074484,264,43,16,27,221,17,204,16.28787878787879,6.0606060606060606,10.227272727272728,83.71212121212122,6.4393939393939394,77.27272727272727
E00074485,320,69,29,40,251,29,222,21.5625,9.0625,12.5,78.4375,9.0625,69.375
E00074489,128,20,5,15,108,11,97,15.625,3.90625,11.71875,84.375,8.59375,75.78125
E00074490,277,38,14,24,239,24,215,13.718411552346572,5.054151624548736,8.664259927797833,86.28158844765343,8.664259927797833,77.6173285198556
E00074491,212,19,6,13,193,21,172,8.962264150943396,2.8301886792452833,6.132075471698113,91.0377358490566,9.90566037735849,81.13207547169812
E00074492,371,42,14,28,329,35,294,11.320754716981133,3.7735849056603774,7.547169811320755,88.67924528301887,9.433962264150944,79.24528301886792
E00074493,198,40,20,20,158,13,145,20.2020202020202,10.1010101010101,10.1010101010101,79.7979797979798,6.565656565656567,73.23232323232324
E00074494,274,37,11,26,237,20,217,13.503649635036496,4.014598540145985,9.48905109489051,86.4963503649635,7.2992700729927,79.1970802919708
E00074495,232,37,9,28,195,18,177,15.948275862068966,3.8793103448275863,12.068965517241379,84.05172413793103,7.758620689655173,76.29310344827587
E00074496,283,42,15,27,241,23,218,14.840989399293287,5.30035335689046,9.540636042402827,85.15901060070671,8.12720848056537,77.03180212014135
E00074497,403,75,26,49,328,38,290,18.610421836228287,6.451612903225806,12.158808933002481,81.38957816377172,9.429280397022332,71.96029776674938
E00074498,358,47,12,35,311,26,285,13.128491620111731,3.35195530726257,9.776536312849162,86.87150837988827,7.262569832402235,79.60893854748603
E00074499,477,84,36,48,393,27,366,17.61006289308176,7.547169811320755,10.062893081761008,82.38993710691824,5.660377358490567,76.72955974842768
E00074500,441,68,28,40,373,29,344,15.419501133786847,6.349206349206349,9.070294784580499,84.58049886621315,6.575963718820861,78.00453514739229
E00074501,311,44,14,30,267,24,243,14.14790996784566,4.501607717041801,9.646302250803858,85.85209003215434,7.717041800643088,78.13504823151125
E00074502,329,38,9,29,291,31,260,11.55015197568389,2.735562310030395,8.814589665653495,88.44984802431611,9.422492401215806,79.0273556231003
E00074503,273,65,25,40,208,24,184,23.809523809523807,9.157509157509157,14.652014652014653,76.19047619047619,8.791208791208792,67.3992673992674
E00074504,430,83,31,52,347,47,300,19.302325581395348,7.209302325581396,12.093023255813954,80.69767441860465,10.930232558139535,69.76744186046511
E00074505,367,68,23,45,299,31,268,18.52861035422343,6.267029972752043,12.26158038147139,81.47138964577657,8.446866485013624,73.02452316076294
E00074506,375,113,69,44,262,22,240,30.133333333333333,18.4,11.733333333333333,69.86666666666666,5.866666666666666,64
E00074507,297,57,22,35,240,24,216,19.19191919191919,7.4074074074074066,11.784511784511785,80.8080808080808,8.080808080808081,72.72727272727273
E00074508,233,65,29,36,168,18,150,27.896995708154503,12.446351931330472,15.450643776824036,72.1030042918455,7.725321888412018,64.37768240343348
E00074509,418,75,18,57,343,33,310,17.942583732057415,4.30622009569378,13.636363636363635,82.05741626794259,7.894736842105263,74.16267942583733
E00074510,261,76,36,40,185,14,171,29.118773946360154,13.793103448275861,15.32567049808429,70.88122605363985,5.363984674329502,65.51724137931035
E00074511,271,61,22,39,210,26,184,22.509225092250922,8.118081180811808,14.391143911439114,77.49077490774908,9.59409594095941,67.89667896678966
E00074512,363,64,33,31,299,39,260,17.63085399449036,9.090909090909092,8.539944903581267,82.36914600550963,10.743801652892563,71.62534435261708
E00074513,309,59,24,35,250,27,223,19.093851132686083,7.766990291262135,11.326860841423949,80.90614886731392,8.737864077669903,72.168284789644
E00074514,378,73,19,54,305,28,277,19.31216931216931,5.026455026455026,14.285714285714285,80.68783068783068,7.4074074074074066,73.28042328042328
E00074515,309,54,26,28,255,24,231,17.475728155339805,8.414239482200648,9.06148867313916,82.52427184466019,7.766990291262135,74.75728155339806
E00074516,284,115,74,41,169,18,151,40.49295774647887,26.056338028169012,14.43661971830986,59.50704225352113,6.338028169014084,53.16901408450704
E00074517,316,77,37,40,239,19,220,24.367088607594937,11.708860759493671,12.658227848101266,75.63291139240506,6.012658227848101,69.62025316455697
E00074518,268,40,15,25,228,21,207,14.925373134328357,5.597014925373134,9.328358208955224,85.07462686567165,7.835820895522389,77.23880597014924
E00074519,320,45,8,37,275,34,241,14.0625,2.5,11.5625,85.9375,10.625,75.3125
E00074520,338,51,17,34,287,31,256,15.088757396449704,5.029585798816568,10.059171597633137,84.91124260355029,9.171597633136095,75.7396449704142
E00074521,318,40,9,31,278,33,245,12.578616352201259,2.8301886792452833,9.748427672955975,87.42138364779875,10.377358490566039,77.04402515723271
E00074522,331,52,16,36,279,30,249,15.709969788519636,4.833836858006042,10.876132930513595,84.29003021148036,9.06344410876133,75.22658610271903
E00074523,364,63,18,45,301,33,268,17.307692307692307,4.945054945054945,12.362637362637363,82.6923076923077,9.065934065934066,73.62637362637363
E00074524,304,62,23,39,242,32,210,20.394736842105264,7.565789473684211,12.828947368421053,79.60526315789474,10.526315789473683,69.07894736842105
E00074525,246,76,24,52,170,16,154,30.89430894308943,9.75609756097561,21.138211382113823,69.10569105691057,6.504065040650407,62.601626016260155
E00074526,245,35,6,29,210,28,182,14.285714285714285,2.4489795918367347,11.83673469387755,85.71428571428571,11.428571428571429,74.28571428571429
E00074527,255,38,11,27,217,18,199,14.901960784313726,4.313725490196078,10.588235294117647,85.09803921568627,7.0588235294117645,78.03921568627452
E00074528,281,41,14,27,240,28,212,14.590747330960854,4.98220640569395,9.608540925266903,85.40925266903915,9.9644128113879,75.44483985765125
E00074529,331,80,38,42,251,41,210,24.169184290030213,11.48036253776435,12.688821752265861,75.83081570996978,12.386706948640484,63.44410876132931
E00074530,208,53,19,34,155,25,130,25.48076923076923,9.134615384615383,16.346153846153847,74.51923076923077,12.01923076923077,62.5
E00074531,307,87,53,34,220,26,194,28.338762214983714,17.263843648208468,11.074918566775244,71.66123778501628,8.469055374592834,63.19218241042345
E00074532,331,75,30,45,256,35,221,22.658610271903324,9.06344410876133,13.595166163141995,77.34138972809667,10.574018126888216,66.76737160120845
E00074533,184,47,14,33,137,23,114,25.543478260869566,7.608695652173914,17.934782608695652,74.45652173913044,12.5,61.95652173913043
E00074534,250,40,19,21,210,25,185,16,7.6,8.4,84,10,74
E00074535,306,37,13,24,269,34,235,12.091503267973856,4.248366013071895,7.8431372549019605,87.90849673202614,11.11111111111111,76.79738562091504
E00074536,242,49,20,29,193,24,169,20.24793388429752,8.264462809917356,11.983471074380166,79.75206611570248,9.917355371900827,69.83471074380165
E00074537,291,49,21,28,242,38,204,16.83848797250859,7.216494845360824,9.621993127147768,83.16151202749141,13.058419243986256,70.10309278350515
E00074538,298,55,20,35,243,22,221,18.456375838926174,6.7114093959731544,11.74496644295302,81.54362416107382,7.38255033557047,74.16107382550335
E00074539,300,43,16,27,257,25,232,14.333333333333334,5.333333333333334,9,85.66666666666667,8.333333333333332,77.33333333333333
E00074540,267,51,7,44,216,34,182,19.101123595505616,2.6217228464419478,16.479400749063668,80.89887640449437,12.734082397003746,68.16479400749064
E00074541,318,79,29,50,239,24,215,24.842767295597483,9.119496855345911,15.723270440251572,75.15723270440252,7.547169811320755,67.61006289308176
E00074542,265,38,11,27,227,30,197,14.339622641509434,4.150943396226415,10.18867924528302,85.66037735849056,11.320754716981133,74.33962264150942
E00074543,218,43,15,28,175,14,161,19.724770642201836,6.8807339449541285,12.844036697247708,80.27522935779817,6.422018348623854,73.85321100917432
E00074544,193,38,13,25,155,18,137,19.689119170984455,6.7357512953367875,12.953367875647666,80.31088082901555,9.32642487046632,70.98445595854922
E00074545,317,71,44,27,246,22,224,22.397476340694006,13.880126182965299,8.517350157728707,77.60252365930599,6.940063091482649,70.66246056782335
E00074546,304,68,44,24,236,25,211,22.36842105263158,14.473684210526317,7.894736842105263,77.63157894736842,8.223684210526317,69.4078947368421
E00074547,343,92,67,25,251,34,217,26.82215743440233,19.533527696793,7.288629737609329,73.17784256559767,9.912536443148689,63.26530612244898
E00074548,305,34,13,21,271,27,244,11.147540983606557,4.2622950819672125,6.885245901639345,88.85245901639345,8.852459016393443,80
E00074549,288,42,13,29,246,26,220,14.583333333333334,4.513888888888888,10.069444444444445,85.41666666666666,9.027777777777777,76.38888888888889
E00074550,324,55,30,25,269,20,249,16.97530864197531,9.25925925925926,7.716049382716049,83.0246913580247,6.172839506172839,76.85185185185185
E00074551,305,51,18,33,254,28,226,16.721311475409838,5.901639344262295,10.819672131147541,83.27868852459017,9.180327868852459,74.09836065573771
E00074552,265,38,15,23,227,28,199,14.339622641509434,5.660377358490567,8.679245283018867,85.66037735849056,10.566037735849058,75.09433962264151
E00074553,283,48,16,32,235,28,207,16.96113074204947,5.6537102473498235,11.307420494699647,83.03886925795054,9.89399293286219,73.14487632508833
E00074554,254,47,16,31,207,17,190,18.503937007874015,6.299212598425196,12.204724409448819,81.49606299212599,6.692913385826772,74.80314960629921
E00074555,227,42,9,33,185,22,163,18.502202643171806,3.9647577092511015,14.537444933920703,81.4977973568282,9.691629955947137,71.80616740088107
E00074556,272,48,14,34,224,30,194,17.647058823529413,5.147058823529411,12.5,82.35294117647058,11.029411764705882,71.32352941176471
E00074557,290,47,15,32,243,25,218,16.206896551724135,5.172413793103448,11.03448275862069,83.79310344827586,8.620689655172415,75.17241379310344
E00074558,309,54,19,35,255,29,226,17.475728155339805,6.148867313915858,11.326860841423949,82.52427184466019,9.385113268608414,73.13915857605178
E00074559,309,56,21,35,253,19,234,18.12297734627832,6.796116504854369,11.326860841423949,81.87702265372168,6.148867313915858,75.72815533980582
E00074560,265,38,9,29,227,26,201,14.339622641509434,3.3962264150943398,10.943396226415095,85.66037735849056,9.811320754716983,75.84905660377359
E00074561,290,48,16,32,242,29,213,16.551724137931036,5.517241379310345,11.03448275862069,83.44827586206897,10,73.44827586206897
E00074562,277,56,26,30,221,21,200,20.216606498194945,9.386281588447654,10.830324909747292,79.78339350180505,7.581227436823104,72.20216606498195
E00074563,230,40,11,29,190,15,175,17.391304347826086,4.782608695652174,12.608695652173912,82.6086956521739,6.521739130434782,76.08695652173914
E00074564,253,36,4,32,217,30,187,14.229249011857709,1.5810276679841897,12.648221343873518,85.7707509881423,11.857707509881422,73.91304347826086
E00074565,292,29,10,19,263,24,239,9.931506849315069,3.4246575342465753,6.506849315068493,90.06849315068493,8.21917808219178,81.84931506849315
E00074566,298,58,19,39,240,26,214,19.463087248322147,6.375838926174497,13.087248322147651,80.53691275167785,8.724832214765101,71.81208053691275
E00074567,304,50,19,31,254,29,225,16.447368421052634,6.25,10.197368421052632,83.55263157894737,9.539473684210527,74.01315789473685
E00074568,229,24,8,16,205,24,181,10.480349344978166,3.4934497816593884,6.986899563318777,89.51965065502183,10.480349344978166,79.03930131004367
E00074569,295,39,10,29,256,29,227,13.220338983050848,3.389830508474576,9.830508474576272,86.77966101694915,9.830508474576272,76.94915254237287
E00074570,358,56,26,30,302,28,274,15.64245810055866,7.262569832402235,8.379888268156424,84.35754189944134,7.82122905027933,76.53631284916202
E00074571,286,38,8,30,248,22,226,13.286713286713287,2.797202797202797,10.48951048951049,86.7132867132867,7.6923076923076925,79.02097902097903
E00074572,274,38,18,20,236,21,215,13.86861313868613,6.569343065693431,7.2992700729927,86.13138686131386,7.664233576642336,78.46715328467153
E00074573,291,37,12,25,254,23,231,12.714776632302405,4.123711340206185,8.59106529209622,87.2852233676976,7.903780068728522,79.38144329896907
E00074574,346,51,17,34,295,38,257,14.739884393063585,4.913294797687861,9.826589595375722,85.26011560693641,10.982658959537572,74.27745664739885
E00074575,247,75,40,35,172,13,159,30.364372469635626,16.194331983805668,14.17004048582996,69.63562753036437,5.263157894736842,64.37246963562752
E00074576,318,52,15,37,266,34,232,16.352201257861633,4.716981132075472,11.635220125786164,83.64779874213836,10.69182389937107,72.95597484276729
E00074577,345,67,18,49,278,40,238,19.420289855072465,5.217391304347826,14.202898550724639,80.57971014492755,11.594202898550725,68.98550724637681
E00074578,270,58,14,44,212,31,181,21.48148148148148,5.185185185185185,16.296296296296298,78.51851851851852,11.481481481481481,67.03703703703704
E00074579,306,76,40,36,230,25,205,24.836601307189543,13.071895424836603,11.76470588235294,75.16339869281046,8.169934640522875,66.99346405228758
E00074580,150,22,9,13,128,8,120,14.666666666666666,6,8.666666666666668,85.33333333333334,5.333333333333334,80
E00074581,366,49,13,36,317,33,284,13.387978142076504,3.551912568306011,9.836065573770492,86.6120218579235,9.01639344262295,77.59562841530054
E00074582,347,59,22,37,288,39,249,17.002881844380404,6.340057636887608,10.662824207492795,82.9971181556196,11.239193083573488,71.75792507204612
E00074583,304,41,14,27,263,31,232,13.486842105263158,4.605263157894736,8.881578947368421,86.51315789473685,10.197368421052632,76.31578947368422
E00074584,416,107,52,55,309,40,269,25.721153846153843,12.5,13.221153846153847,74.27884615384616,9.615384615384617,64.66346153846155
E00074585,247,49,20,29,198,25,173,19.838056680161944,8.097165991902834,11.740890688259109,80.16194331983806,10.121457489878543,70.04048582995951
E00074586,290,37,13,24,253,38,215,12.758620689655173,4.482758620689655,8.275862068965518,87.24137931034483,13.10344827586207,74.13793103448276
E00074587,360,82,45,37,278,16,262,22.77777777777778,12.5,10.277777777777777,77.22222222222223,4.444444444444445,72.77777777777777
E00074588,317,27,6,21,290,40,250,8.517350157728707,1.8927444794952681,6.624605678233439,91.48264984227129,12.618296529968454,78.86435331230284
E00074589,303,28,9,19,275,22,253,9.24092409240924,2.9702970297029703,6.270627062706271,90.75907590759076,7.2607260726072615,83.4983498349835
E00074590,177,27,12,15,150,6,144,15.254237288135593,6.779661016949152,8.47457627118644,84.7457627118644,3.389830508474576,81.35593220338984
E00074591,317,64,22,42,253,24,229,20.189274447949526,6.940063091482649,13.249211356466878,79.81072555205047,7.570977917981073,72.2397476340694
E00074592,357,49,19,30,308,31,277,13.725490196078432,5.322128851540616,8.403361344537815,86.27450980392157,8.683473389355742,77.59103641456583
E00074593,294,60,18,42,234,26,208,20.408163265306122,6.122448979591836,14.285714285714285,79.59183673469387,8.843537414965986,70.74829931972789
E00074594,396,58,19,39,338,33,305,14.646464646464647,4.797979797979798,9.848484848484848,85.35353535353535,8.333333333333332,77.02020202020202
E00074595,240,19,8,11,221,21,200,7.916666666666666,3.3333333333333335,4.583333333333333,92.08333333333333,8.75,83.33333333333334
E00074596,201,37,14,23,164,18,146,18.407960199004975,6.965174129353234,11.442786069651742,81.59203980099502,8.955223880597014,72.636815920398
E00074597,195,27,11,16,168,16,152,13.846153846153847,5.641025641025641,8.205128205128204,86.15384615384616,8.205128205128204,77.94871794871796
E00074598,350,56,17,39,294,17,277,16,4.857142857142857,11.142857142857142,84,4.857142857142857,79.14285714285715
E00074600,267,32,7,25,235,26,209,11.985018726591761,2.6217228464419478,9.363295880149813,88.01498127340824,9.737827715355806,78.27715355805243
E00074601,278,53,21,32,225,21,204,19.06474820143885,7.553956834532374,11.510791366906476,80.93525179856115,7.553956834532374,73.38129496402878
E00074602,341,59,19,40,282,29,253,17.302052785923756,5.571847507331378,11.730205278592376,82.69794721407625,8.504398826979472,74.19354838709677
E00074603,270,45,20,25,225,29,196,16.666666666666664,7.4074074074074066,9.25925925925926,83.33333333333334,10.74074074074074,72.5925925925926
E00074604,359,64,26,38,295,18,277,17.827298050139277,7.242339832869081,10.584958217270195,82.17270194986072,5.013927576601671,77.15877437325905
E00074605,309,76,31,45,233,33,200,24.59546925566343,10.032362459546926,14.563106796116504,75.40453074433657,10.679611650485436,64.72491909385113
E00074606,282,54,23,31,228,27,201,19.148936170212767,8.156028368794328,10.99290780141844,80.85106382978722,9.574468085106384,71.27659574468085
E00074607,408,102,39,63,306,37,269,25,9.558823529411764,15.441176470588236,75,9.068627450980392,65.93137254901961
E00074608,272,71,29,42,201,25,176,26.10294117647059,10.661764705882353,15.441176470588236,73.89705882352942,9.191176470588236,64.70588235294117
E00074609,201,39,14,25,162,16,146,19.402985074626866,6.965174129353234,12.437810945273633,80.59701492537313,7.960199004975125,72.636815920398
E00074610,266,61,31,30,205,14,191,22.932330827067666,11.654135338345863,11.278195488721805,77.06766917293233,5.263157894736842,71.80451127819549
E00074611,252,46,20,26,206,23,183,18.253968253968253,7.936507936507936,10.317460317460316,81.74603174603175,9.126984126984127,72.61904761904762
E00074612,287,49,13,36,238,27,211,17.073170731707318,4.529616724738676,12.543554006968641,82.92682926829268,9.40766550522648,73.5191637630662
E00074613,302,54,17,37,248,42,206,17.880794701986755,5.629139072847682,12.251655629139073,82.11920529801324,13.90728476821192,68.21192052980133
E00074614,321,58,28,30,263,23,240,18.06853582554517,8.722741433021806,9.345794392523365,81.93146417445483,7.165109034267912,74.76635514018692
E00074615,282,49,21,28,233,38,195,17.375886524822697,7.446808510638298,9.929078014184398,82.62411347517731,13.47517730496454,69.14893617021278
E00074616,279,71,34,37,208,23,185,25.448028673835125,12.186379928315413,13.261648745519713,74.55197132616487,8.24372759856631,66.30824372759857
E00074617,404,49,14,35,355,35,320,12.128712871287128,3.4653465346534658,8.663366336633663,87.87128712871286,8.663366336633663,79.20792079207921
E00074618,250,65,33,32,185,13,172,26,13.200000000000001,12.8,74,5.2,68.8
E00074619,278,63,26,37,215,22,193,22.66187050359712,9.352517985611511,13.309352517985612,77.33812949640287,7.913669064748201,69.42446043165468
E00074620,292,76,29,47,216,28,188,26.027397260273972,9.931506849315069,16.095890410958905,73.97260273972603,9.58904109589041,64.38356164383562
E00074623,340,65,28,37,275,27,248,19.11764705882353,8.235294117647058,10.882352941176471,80.88235294117648,7.941176470588235,72.94117647058823
E00074625,324,61,17,44,263,30,233,18.82716049382716,5.246913580246913,13.580246913580247,81.17283950617285,9.25925925925926,71.91358024691358
E00074626,151,58,26,32,93,9,84,38.41059602649007,17.218543046357617,21.192052980132452,61.58940397350994,5.960264900662252,55.62913907284768
E00074627,461,127,56,71,334,38,296,27.54880694143167,12.147505422993492,15.40130151843818,72.45119305856834,8.24295010845987,64.20824295010846
E00074629,261,49,20,29,212,23,189,18.773946360153257,7.662835249042145,11.11111111111111,81.22605363984674,8.812260536398467,72.41379310344827
E00074630,373,83,36,47,290,29,261,22.25201072386059,9.651474530831099,12.600536193029491,77.7479892761394,7.774798927613941,69.97319034852548
E00074631,421,104,35,69,317,44,273,24.70308788598575,8.31353919239905,16.389548693586697,75.29691211401425,10.451306413301662,64.8456057007126
E00074633,411,64,28,36,347,32,315,15.571776155717762,6.81265206812652,8.75912408759124,84.42822384428223,7.785888077858881,76.64233576642336
E00074634,381,43,17,26,338,30,308,11.286089238845145,4.4619422572178475,6.824146981627297,88.71391076115486,7.874015748031496,80.83989501312337
E00074635,195,32,10,22,163,10,153,16.41025641025641,5.128205128205128,11.282051282051283,83.58974358974359,5.128205128205128,78.46153846153847
E00074636,339,43,17,26,296,33,263,12.684365781710916,5.014749262536873,7.669616519174041,87.31563421828909,9.734513274336283,77.5811209439528
E00074637,443,61,17,44,382,38,344,13.769751693002258,3.837471783295711,9.932279909706546,86.23024830699775,8.577878103837472,77.65237020316027
E00074638,322,67,18,49,255,31,224,20.80745341614907,5.590062111801243,15.217391304347828,79.19254658385093,9.627329192546584,69.56521739130434
E00074639,318,39,13,26,279,31,248,12.264150943396226,4.088050314465408,8.176100628930817,87.73584905660378,9.748427672955975,77.9874213836478
E00074640,263,31,15,16,232,29,203,11.787072243346007,5.7034220532319395,6.083650190114068,88.212927756654,11.02661596958175,77.18631178707224
E00074641,230,72,31,41,158,18,140,31.30434782608696,13.478260869565217,17.82608695652174,68.69565217391305,7.82608695652174,60.86956521739131
E00074642,282,34,12,22,248,28,220,12.056737588652481,4.25531914893617,7.801418439716312,87.94326241134752,9.929078014184398,78.01418439716312
E00074643,291,42,18,24,249,26,223,14.432989690721648,6.185567010309279,8.24742268041237,85.56701030927834,8.934707903780069,76.6323024054983
E00074644,325,47,19,28,278,32,246,14.461538461538462,5.846153846153846,8.615384615384615,85.53846153846155,9.846153846153847,75.6923076923077
E00074645,319,39,11,28,280,37,243,12.225705329153605,3.4482758620689653,8.77742946708464,87.7742946708464,11.598746081504702,76.17554858934169
E00074646,292,47,13,34,245,26,219,16.095890410958905,4.4520547945205475,11.643835616438356,83.9041095890411,8.904109589041095,75
E00074647,319,20,2,18,299,35,264,6.269592476489027,0.6269592476489028,5.6426332288401255,93.73040752351098,10.9717868338558,82.75862068965517
E00074648,294,65,25,40,229,25,204,22.108843537414966,8.503401360544217,13.60544217687075,77.89115646258503,8.503401360544217,69.38775510204081
E00074649,285,38,6,32,247,16,231,13.333333333333334,2.1052631578947367,11.228070175438596,86.66666666666667,5.614035087719298,81.05263157894737
E00074650,331,44,11,33,287,30,257,13.293051359516618,3.3232628398791544,9.969788519637463,86.70694864048339,9.06344410876133,77.64350453172206
E00074651,327,33,10,23,294,31,263,10.091743119266056,3.058103975535168,7.033639143730887,89.90825688073394,9.480122324159021,80.42813455657493
E00074652,286,45,10,35,241,26,215,15.734265734265735,3.4965034965034967,12.237762237762238,84.26573426573427,9.090909090909092,75.17482517482517
E00074653,363,51,14,37,312,27,285,14.049586776859504,3.8567493112947657,10.192837465564738,85.9504132231405,7.43801652892562,78.51239669421489
E00074654,265,39,8,31,226,22,204,14.716981132075471,3.018867924528302,11.69811320754717,85.28301886792453,8.30188679245283,76.9811320754717
E00074655,288,43,17,26,245,21,224,14.930555555555555,5.902777777777778,9.027777777777777,85.06944444444444,7.291666666666667,77.77777777777779
E00074656,263,44,10,34,219,23,196,16.730038022813687,3.802281368821293,12.927756653992395,83.26996197718631,8.745247148288973,74.52471482889734
E00074657,296,49,14,35,247,31,216,16.554054054054053,4.72972972972973,11.824324324324325,83.44594594594594,10.472972972972974,72.97297297297297
E00074658,335,46,18,28,289,37,252,13.73134328358209,5.3731343283582085,8.358208955223882,86.26865671641791,11.044776119402986,75.22388059701493
E00074659,362,61,16,45,301,32,269,16.85082872928177,4.41988950276243,12.430939226519337,83.14917127071824,8.83977900552486,74.30939226519338
E00074660,283,49,20,29,234,34,200,17.314487632508836,7.06713780918728,10.247349823321555,82.68551236749117,12.014134275618375,70.6713780918728
E00074661,309,46,11,35,263,26,237,14.886731391585762,3.559870550161812,11.326860841423949,85.11326860841424,8.414239482200648,76.69902912621359
E00074662,293,61,24,37,232,36,196,20.819112627986346,8.19112627986348,12.627986348122866,79.18088737201366,12.286689419795222,66.89419795221842
E00074663,303,54,20,34,249,22,227,17.82178217821782,6.6006600660066,11.221122112211221,82.17821782178217,7.2607260726072615,74.91749174917491
E00074664,300,32,6,26,268,41,227,10.666666666666668,2,8.666666666666668,89.33333333333333,13.666666666666666,75.66666666666667
E00074665,229,21,6,15,208,16,192,9.170305676855897,2.6200873362445414,6.550218340611353,90.82969432314411,6.986899563318777,83.84279475982532
E00074666,255,57,23,34,198,30,168,22.35294117647059,9.019607843137255,13.333333333333334,77.64705882352942,11.76470588235294,65.88235294117646
E00074667,290,41,13,28,249,29,220,14.13793103448276,4.482758620689655,9.655172413793103,85.86206896551725,10,75.86206896551724
E00074668,214,34,11,23,180,18,162,15.887850467289718,5.14018691588785,10.74766355140187,84.11214953271028,8.411214953271028,75.70093457943925
E00074669,312,70,31,39,242,20,222,22.435897435897438,9.935897435897436,12.5,77.56410256410257,6.41025641025641,71.15384615384616
E00074670,258,48,26,22,210,19,191,18.6046511627907,10.077519379844961,8.527131782945736,81.3953488372093,7.3643410852713185,74.03100775193798
E00074671,291,47,18,29,244,26,218,16.151202749140893,6.185567010309279,9.965635738831615,83.8487972508591,8.934707903780069,74.91408934707904
E00074672,288,74,35,39,214,26,188,25.694444444444443,12.152777777777777,13.541666666666666,74.30555555555556,9.027777777777777,65.27777777777779
E00074673,207,67,29,38,140,18,122,32.367149758454104,14.009661835748794,18.357487922705314,67.6328502415459,8.695652173913043,58.93719806763285
E00074674,251,42,17,25,209,16,193,16.733067729083665,6.772908366533864,9.9601593625498,83.26693227091634,6.374501992031872,76.89243027888446
E00074675,235,49,13,36,186,17,169,20.851063829787233,5.531914893617021,15.319148936170212,79.14893617021276,7.234042553191489,71.91489361702128
E00074676,380,137,65,72,243,35,208,36.05263157894737,17.105263157894736,18.947368421052634,63.94736842105263,9.210526315789473,54.736842105263165
E00074677,233,63,24,39,170,22,148,27.038626609442062,10.300429184549357,16.738197424892704,72.96137339055794,9.44206008583691,63.519313304721024
E00074678,250,52,27,25,198,28,170,20.8,10.8,10,79.2,11.200000000000001,68
E00074679,262,53,17,36,209,27,182,20.229007633587788,6.488549618320611,13.740458015267176,79.77099236641222,10.305343511450381,69.46564885496184
E00074680,230,60,27,33,170,19,151,26.08695652173913,11.73913043478261,14.347826086956522,73.91304347826086,8.26086956521739,65.65217391304347
E00074681,304,55,18,37,249,31,218,18.092105263157894,5.921052631578947,12.171052631578947,81.9078947368421,10.197368421052632,71.71052631578947
E00074682,372,78,27,51,294,38,256,20.967741935483872,7.258064516129033,13.709677419354838,79.03225806451613,10.21505376344086,68.81720430107528
E00074683,210,55,26,29,155,18,137,26.190476190476193,12.380952380952381,13.80952380952381,73.80952380952381,8.571428571428571,65.23809523809524
E00074684,263,53,17,36,210,21,189,20.15209125475285,6.4638783269961975,13.688212927756654,79.84790874524715,7.984790874524715,71.86311787072243
E00074685,350,76,39,37,274,32,242,21.714285714285715,11.142857142857142,10.571428571428571,78.28571428571428,9.142857142857142,69.14285714285714
E00074686,241,55,19,36,186,23,163,22.821576763485478,7.883817427385892,14.937759336099585,77.17842323651453,9.54356846473029,67.63485477178423
E00074687,158,54,32,22,104,14,90,34.177215189873415,20.253164556962027,13.924050632911392,65.82278481012658,8.860759493670885,56.9620253164557
E00074688,272,42,11,31,230,23,207,15.441176470588236,4.044117647058823,11.397058823529411,84.55882352941177,8.455882352941178,76.10294117647058
E00074689,272,51,21,30,221,17,204,18.75,7.720588235294118,11.029411764705882,81.25,6.25,75
E00074690,287,42,13,29,245,21,224,14.634146341463413,4.529616724738676,10.104529616724738,85.36585365853658,7.317073170731707,78.04878048780488
E00074691,250,56,14,42,194,21,173,22.400000000000002,5.6000000000000005,16.8,77.60000000000001,8.4,69.19999999999999
E00074692,236,32,13,19,204,30,174,13.559322033898304,5.508474576271186,8.050847457627118,86.4406779661017,12.711864406779661,73.72881355932203
E00074693,282,41,12,29,241,25,216,14.539007092198581,4.25531914893617,10.28368794326241,85.46099290780141,8.865248226950355,76.59574468085107
E00074694,479,61,18,43,418,39,379,12.734864300626306,3.7578288100208765,8.977035490605429,87.2651356993737,8.1419624217119,79.12317327766179
E00074695,270,58,30,28,212,20,192,21.48148148148148,11.11111111111111,10.37037037037037,78.51851851851852,7.4074074074074066,71.11111111111111
E00074696,285,35,12,23,250,27,223,12.280701754385964,4.2105263157894735,8.070175438596491,87.71929824561403,9.473684210526317,78.24561403508771
E00074697,286,52,23,29,234,22,212,18.181818181818183,8.041958041958042,10.13986013986014,81.81818181818183,7.6923076923076925,74.12587412587412
E00074698,360,38,13,25,322,25,297,10.555555555555555,3.6111111111111107,6.944444444444445,89.44444444444444,6.944444444444445,82.5
E00074699,257,57,22,35,200,23,177,22.17898832684825,8.560311284046692,13.618677042801556,77.82101167315176,8.949416342412452,68.8715953307393
E00074700,245,54,19,35,191,20,171,22.040816326530614,7.755102040816326,14.285714285714285,77.9591836734694,8.16326530612245,69.79591836734694
E00074701,250,68,38,30,182,18,164,27.200000000000003,15.2,12,72.8,7.199999999999999,65.60000000000001
E00074702,299,66,25,41,233,21,212,22.073578595317723,8.361204013377927,13.712374581939798,77.92642140468227,7.023411371237458,70.903010033444815
E00074703,255,62,34,28,193,17,176,24.313725490196077,13.333333333333334,10.980392156862745,75.68627450980392,6.666666666666667,69.01960784313725
E00074704,323,53,19,34,270,18,252,16.408668730650156,5.88235294117647,10.526315789473683,83.59133126934985,5.572755417956656,78.0185758513932
E00074705,276,39,12,27,237,17,220,14.130434782608695,4.3478260869565215,9.782608695652174,85.86956521739131,6.159420289855073,79.71014492753623
E00074706,331,79,22,57,252,38,214,23.867069486404834,6.646525679758309,17.220543806646525,76.13293051359517,11.48036253776435,64.6525679758308
E00074707,227,41,20,21,186,19,167,18.06167400881057,8.81057268722467,9.251101321585903,81.93832599118943,8.370044052863436,73.568281938326
E00074708,282,40,12,28,242,19,223,14.184397163120568,4.25531914893617,9.929078014184398,85.81560283687944,6.73758865248227,79.07801418439716
E00074709,191,50,27,23,141,13,128,26.17801047120419,14.136125654450263,12.041884816753926,73.82198952879581,6.806282722513089,67.01570680628272
E00074711,279,42,16,26,237,15,222,15.053763440860216,5.734767025089606,9.31899641577061,84.94623655913979,5.376344086021505,79.56989247311827
E00074712,324,58,19,39,266,31,235,17.901234567901234,5.864197530864197,12.037037037037036,82.09876543209876,9.5679012345679,72.53086419753086
E00074713,361,55,16,39,306,17,289,15.23545706371191,4.43213296398892,10.80332409972299,84.7645429362881,4.7091412742382275,80.05540166204986
E00074714,296,35,12,23,261,21,240,11.824324324324325,4.054054054054054,7.77027027027027,88.17567567567568,7.094594594594595,81.08108108108108
E00074715,223,37,11,26,186,34,152,16.591928251121075,4.932735426008969,11.659192825112108,83.40807174887892,15.246636771300448,68.16143497757847
E00074716,289,52,20,32,237,20,217,17.99307958477509,6.920415224913495,11.072664359861593,82.00692041522491,6.920415224913495,75.08650519031141
E00074717,359,82,49,33,277,25,252,22.841225626740947,13.649025069637883,9.192200557103064,77.15877437325905,6.963788300835655,70.19498607242339
E00074718,251,26,5,21,225,34,191,10.358565737051793,1.9920318725099602,8.366533864541832,89.64143426294821,13.545816733067728,76.09561752988047
E00074719,252,43,17,26,209,20,189,17.063492063492063,6.746031746031746,10.317460317460316,82.93650793650794,7.936507936507936,75
E00074720,299,45,8,37,254,22,232,15.050167224080269,2.6755852842809364,12.37458193979933,84.94983277591973,7.357859531772576,77.59197324414716
E00074721,588,35,7,28,553,45,508,5.952380952380952,1.1904761904761905,4.761904761904762,94.04761904761905,7.653061224489796,86.39455782312925
E00074722,521,59,24,35,462,56,406,11.324376199616124,4.606525911708253,6.71785028790787,88.67562380038387,10.748560460652591,77.92706333973129
E00074723,241,51,27,24,190,19,171,21.16182572614108,11.20331950207469,9.95850622406639,78.83817427385893,7.883817427385892,70.95435684647303
E00074724,270,36,16,20,234,22,212,13.333333333333334,5.9259259259259265,7.4074074074074066,86.66666666666667,8.148148148148149,78.51851851851852
E00074725,254,40,10,30,214,15,199,15.748031496062993,3.937007874015748,11.811023622047244,84.25196850393701,5.905511811023622,78.34645669291339
E00074726,331,48,19,29,283,28,255,14.501510574018129,5.740181268882175,8.761329305135952,85.49848942598187,8.459214501510575,77.0392749244713
E00074728,360,70,29,41,290,27,263,19.444444444444446,8.055555555555555,11.38888888888889,80.55555555555556,7.5,73.05555555555556
E00074729,358,72,22,50,286,27,259,20.11173184357542,6.145251396648044,13.966480446927374,79.88826815642457,7.5418994413407825,72.3463687150838
E00074730,273,49,15,34,224,23,201,17.94871794871795,5.4945054945054945,12.454212454212454,82.05128205128204,8.424908424908425,73.62637362637363
E00074731,259,40,17,23,219,17,202,15.444015444015443,6.563706563706563,8.880308880308881,84.55598455598455,6.563706563706563,77.99227799227799
E00074732,367,49,19,30,318,29,289,13.35149863760218,5.177111716621254,8.174386920980927,86.64850136239782,7.901907356948229,78.7465940054496
E00074733,310,48,13,35,262,36,226,15.483870967741936,4.193548387096775,11.29032258064516,84.51612903225806,11.612903225806452,72.90322580645162
E00074734,256,41,6,35,215,17,198,16.015625,2.34375,13.671875,83.984375,6.640625,77.34375
E00074735,298,35,11,24,263,27,236,11.74496644295302,3.691275167785235,8.053691275167784,88.25503355704699,9.060402684563758,79.19463087248322
E00074736,390,62,20,42,328,26,302,15.897435897435896,5.128205128205128,10.76923076923077,84.1025641025641,6.666666666666667,77.435897435897445
E00074737,294,36,14,22,258,24,234,12.244897959183673,4.761904761904762,7.482993197278912,87.75510204081633,8.16326530612245,79.59183673469387
E00074738,370,43,9,34,327,38,289,11.621621621621623,2.4324324324324325,9.18918918918919,88.37837837837837,10.27027027027027,78.10810810810811
E00074739,481,74,26,48,407,43,364,15.384615384615385,5.405405405405405,9.97920997920998,84.61538461538461,8.93970893970894,75.67567567567568
E00074740,230,57,34,23,173,18,155,24.782608695652176,14.782608695652174,10,75.21739130434783,7.82608695652174,67.3913043478261
E00074741,298,33,13,20,265,20,245,11.073825503355705,4.3624161073825505,6.7114093959731544,88.9261744966443,6.7114093959731544,82.21476510067114
E00074742,258,47,23,24,211,28,183,18.217054263565892,8.914728682170542,9.30232558139535,81.78294573643412,10.852713178294573,70.93023255813954
E00074743,297,53,20,33,244,29,215,17.845117845117844,6.7340067340067336,11.11111111111111,82.15488215488216,9.764309764309765,72.39057239057239
E00074744,261,52,16,36,209,19,190,19.923371647509576,6.130268199233716,13.793103448275861,80.07662835249042,7.2796934865900385,72.79693486590038
E00074745,280,46,24,22,234,16,218,16.428571428571427,8.571428571428571,7.857142857142857,83.57142857142857,5.714285714285714,77.85714285714286
E00074746,303,59,30,29,244,15,229,19.471947194719473,9.900990099009901,9.570957095709572,80.52805280528052,4.9504950495049505,75.57755775577559
E00074747,270,68,32,36,202,25,177,25.185185185185183,11.851851851851853,13.333333333333334,74.81481481481481,9.25925925925926,65.55555555555556
E00074748,324,60,14,46,264,18,246,18.51851851851852,4.320987654320987,14.19753086419753,81.48148148148148,5.555555555555555,75.92592592592592
E00074749,369,82,28,54,287,23,264,22.22222222222222,7.588075880758807,14.634146341463413,77.77777777777779,6.233062330623306,71.54471544715447
E00074750,362,47,12,35,315,33,282,12.98342541436464,3.314917127071823,9.668508287292818,87.01657458563537,9.116022099447514,77.90055248618785
E00074751,265,59,26,33,206,17,189,22.264150943396228,9.811320754716983,12.452830188679245,77.73584905660378,6.415094339622642,71.32075471698113
E00074752,276,37,17,20,239,26,213,13.405797101449277,6.159420289855073,7.246376811594203,86.59420289855072,9.420289855072465,77.17391304347827
E00074753,371,35,3,32,336,31,305,9.433962264150944,0.8086253369272237,8.62533692722372,90.56603773584906,8.355795148247978,82.21024258760107
E00074754,279,35,13,22,244,23,221,12.544802867383511,4.659498207885305,7.885304659498208,87.45519713261649,8.24372759856631,79.21146953405018
E00074755,282,59,26,33,223,19,204,20.921985815602838,9.219858156028367,11.702127659574469,79.07801418439716,6.73758865248227,72.3404255319149
E00074756,476,74,17,57,402,53,349,15.546218487394958,3.571428571428571,11.974789915966387,84.45378151260505,11.134453781512606,73.31932773109243
E00074757,291,58,27,31,233,19,214,19.93127147766323,9.278350515463918,10.652920962199312,80.06872852233677,6.529209621993128,73.53951890034365
E00074758,229,64,24,40,165,14,151,27.947598253275107,10.480349344978166,17.46724890829694,72.0524017467249,6.11353711790393,65.93886462882097
E00074759,291,48,22,26,243,27,216,16.49484536082474,7.560137457044673,8.934707903780069,83.50515463917526,9.278350515463918,74.22680412371135
E00074760,244,36,13,23,208,19,189,14.754098360655737,5.327868852459016,9.426229508196721,85.24590163934425,7.786885245901639,77.45901639344262
E00074761,270,45,17,28,225,19,206,16.666666666666664,6.296296296296296,10.37037037037037,83.33333333333334,7.037037037037037,76.29629629629629
E00074762,303,33,10,23,270,29,241,10.891089108910892,3.3003300330033,7.590759075907591,89.10891089108911,9.570957095709572,79.53795379537954
E00074763,267,38,14,24,229,27,202,14.232209737827715,5.2434456928838955,8.98876404494382,85.76779026217228,10.112359550561797,75.65543071161048
E00074764,259,77,36,41,182,23,159,29.72972972972973,13.8996138996139,15.83011583011583,70.27027027027027,8.880308880308881,61.38996138996139
E00074765,272,65,30,35,207,10,197,23.897058823529413,11.029411764705882,12.867647058823529,76.10294117647058,3.6764705882352944,72.42647058823529
E00074766,232,65,33,32,167,5,162,28.01724137931034,14.224137931034484,13.793103448275861,71.98275862068965,2.1551724137931036,69.82758620689656
E00074767,293,60,27,33,233,15,218,20.477815699658702,9.215017064846416,11.262798634812286,79.5221843003413,5.1194539249146755,74.40273037542661
E00074768,305,83,48,35,222,22,200,27.21311475409836,15.737704918032788,11.475409836065573,72.78688524590164,7.213114754098362,65.57377049180327
E00074769,337,81,41,40,256,21,235,24.03560830860534,12.166172106824925,11.869436201780417,75.96439169139467,6.231454005934718,69.73293768545994
E00074770,225,56,29,27,169,16,153,24.88888888888889,12.88888888888889,12,75.1111111111111,7.111111111111111,68
E00074771,351,89,39,50,262,15,247,25.356125356125357,11.11111111111111,14.245014245014245,74.64387464387464,4.273504273504273,70.37037037037037
E00074772,307,65,29,36,242,13,229,21.172638436482085,9.446254071661238,11.726384364820847,78.82736156351791,4.234527687296417,74.5928338762215
E00074773,218,86,39,47,132,18,114,39.44954128440367,17.889908256880734,21.55963302752294,60.550458715596335,8.256880733944955,52.293577981651374
E00074774,363,120,78,42,243,19,224,33.057851239669425,21.487603305785125,11.570247933884298,66.94214876033058,5.234159779614325,61.70798898071625
E00074775,224,64,30,34,160,19,141,28.57142857142857,13.392857142857142,15.178571428571427,71.42857142857143,8.482142857142858,62.94642857142857
E00074776,234,114,72,42,120,15,105,48.717948717948715,30.76923076923077,17.94871794871795,51.28205128205128,6.41025641025641,44.871794871794876
E00074777,211,74,30,44,137,24,113,35.07109004739337,14.218009478672986,20.85308056872038,64.92890995260665,11.374407582938389,53.55450236966824
E00074778,220,68,27,41,152,18,134,30.909090909090907,12.272727272727273,18.636363636363637,69.0909090909091,8.181818181818182,60.909090909090914
E00074779,383,154,79,75,229,26,203,40.2088772845953,20.626631853785902,19.5822454308094,59.7911227154047,6.7885117493472595,53.00261096605744
E00074780,320,121,86,35,199,17,182,37.8125,26.875,10.9375,62.18749999999999,5.3125,56.875
E00074781,273,61,22,39,212,20,192,22.344322344322347,8.058608058608058,14.285714285714285,77.65567765567766,7.326007326007327,70.32967032967034
E00074782,344,78,34,44,266,22,244,22.674418604651162,9.883720930232558,12.790697674418606,77.32558139534885,6.395348837209303,70.93023255813954
E00074783,351,77,41,36,274,15,259,21.937321937321936,11.68091168091168,10.256410256410255,78.06267806267806,4.273504273504273,73.78917378917379
E00074784,225,57,25,32,168,14,154,25.333333333333336,11.11111111111111,14.222222222222221,74.66666666666667,6.222222222222222,68.44444444444444
E00074785,263,58,24,34,205,22,183,22.0532319391635,9.125475285171103,12.927756653992395,77.9467680608365,8.365019011406844,69.58174904942965
E00074786,315,81,40,41,234,13,221,25.71428571428571,12.698412698412698,13.015873015873018,74.28571428571429,4.1269841269841265,70.15873015873015
E00074787,319,83,40,43,236,14,222,26.01880877742947,12.539184952978054,13.479623824451412,73.98119122257053,4.38871473354232,69.59247648902821
E00074788,251,44,21,23,207,30,177,17.52988047808765,8.366533864541832,9.163346613545817,82.47011952191235,11.952191235059761,70.5179282868526
E00074789,380,168,110,58,212,26,186,44.21052631578947,28.947368421052634,15.263157894736842,55.78947368421052,6.842105263157896,48.94736842105264
E00074790,341,84,27,57,257,25,232,24.633431085043988,7.9178885630498534,16.715542521994134,75.366568914956,7.331378299120235,68.03519061583577
E00074791,207,38,22,16,169,21,148,18.357487922705314,10.628019323671497,7.729468599033816,81.64251207729468,10.144927536231885,71.49758454106279
E00074792,298,65,36,29,233,24,209,21.812080536912752,12.080536912751679,9.731543624161073,78.18791946308725,8.053691275167784,70.13422818791946
E00074793,263,39,5,34,224,22,202,14.82889733840304,1.9011406844106464,12.927756653992395,85.17110266159695,8.365019011406844,76.80608365019012
E00074794,252,37,16,21,215,27,188,14.682539682539684,6.349206349206349,8.333333333333332,85.31746031746032,10.714285714285714,74.60317460317461
E00074795,237,76,39,37,161,10,151,32.06751054852321,16.455696202531644,15.611814345991561,67.9324894514768,4.219409282700422,63.71308016877637
E00074796,303,97,46,51,206,16,190,32.01320132013201,15.181518151815181,16.831683168316832,67.98679867986799,5.2805280528052805,62.70627062706271
E00074797,376,139,74,65,237,25,212,36.96808510638298,19.680851063829788,17.287234042553195,63.03191489361703,6.648936170212766,56.38297872340425
E00074798,548,292,207,85,256,44,212,53.284671532846716,37.77372262773723,15.51094890510949,46.715328467153284,8.02919708029197,38.68613138686132
E00074799,253,48,23,25,205,24,181,18.972332015810274,9.090909090909092,9.881422924901186,81.02766798418972,9.486166007905137,71.54150197628458
E00074800,302,62,26,36,240,22,218,20.52980132450331,8.609271523178808,11.920529801324504,79.47019867549669,7.28476821192053,72.18543046357617
E00074801,253,74,41,33,179,13,166,29.249011857707508,16.205533596837945,13.043478260869565,70.7509881422925,5.138339920948617,65.61264822134387
E00074802,219,49,21,28,170,16,154,22.37442922374429,9.58904109589041,12.785388127853881,77.6255707762557,7.30593607305936,70.31963470319634
E00074803,249,52,19,33,197,16,181,20.883534136546185,7.630522088353414,13.253012048192772,79.11646586345381,6.425702811244979,72.69076305220884
E00074804,300,66,33,33,234,26,208,22,11,11,78,8.666666666666668,69.33333333333334
E00074805,237,38,20,18,199,20,179,16.033755274261605,8.438818565400844,7.59493670886076,83.96624472573839,8.438818565400844,75.52742616033755
E00074806,257,72,38,34,185,19,166,28.01556420233463,14.785992217898833,13.229571984435799,71.98443579766537,7.392996108949417,64.59143968871595
E00074807,237,42,18,24,195,22,173,17.72151898734177,7.59493670886076,10.126582278481013,82.27848101265823,9.282700421940929,72.9957805907173
E00074808,280,57,26,31,223,31,192,20.357142857142858,9.285714285714286,11.071428571428571,79.64285714285714,11.071428571428571,68.57142857142857
E00074809,301,47,17,30,254,15,239,15.614617940199334,5.647840531561462,9.966777408637874,84.38538205980066,4.983388704318937,79.40199335548172
E00074810,244,45,13,32,199,19,180,18.442622950819672,5.327868852459016,13.114754098360656,81.55737704918032,7.786885245901639,73.77049180327869
E00074811,282,49,16,33,233,23,210,17.375886524822697,5.673758865248227,11.702127659574469,82.62411347517731,8.156028368794328,74.46808510638297
E00074812,256,59,24,35,197,19,178,23.046875,9.375,13.671875,76.953125,7.421875,69.53125
E00074813,274,46,18,28,228,9,219,16.78832116788321,6.569343065693431,10.218978102189782,83.21167883211679,3.2846715328467155,79.92700729927007
E00074814,297,46,15,31,251,24,227,15.488215488215488,5.05050505050505,10.437710437710438,84.51178451178451,8.080808080808081,76.43097643097643
E00074815,282,51,21,30,231,23,208,18.085106382978726,7.446808510638298,10.638297872340425,81.91489361702128,8.156028368794328,73.75886524822694
E00074816,269,44,21,23,225,23,202,16.356877323420075,7.806691449814126,8.550185873605948,83.64312267657994,8.550185873605948,75.09293680297398
E00074817,270,56,25,31,214,19,195,20.74074074074074,9.25925925925926,11.481481481481481,79.25925925925927,7.037037037037037,72.22222222222221
E00074818,288,51,17,34,237,22,215,17.708333333333336,5.902777777777778,11.805555555555555,82.29166666666666,7.638888888888889,74.65277777777779
E00074819,402,66,26,40,336,34,302,16.417910447761194,6.467661691542288,9.950248756218906,83.5820895522388,8.45771144278607,75.12437810945273
E00074820,344,73,19,54,271,20,251,21.22093023255814,5.523255813953488,15.69767441860465,78.77906976744185,5.813953488372093,72.96511627906976
E00074821,386,58,31,27,328,30,298,15.025906735751295,8.031088082901555,6.994818652849741,84.97409326424871,7.772020725388601,77.2020725388601
E00074823,308,40,15,25,268,23,245,12.987012987012985,4.870129870129871,8.116883116883116,87.01298701298701,7.467532467532467,79.54545454545455
E00074824,285,39,14,25,246,19,227,13.684210526315791,4.912280701754386,8.771929824561402,86.31578947368422,6.666666666666667,79.64912280701755
E00074825,299,53,23,30,246,16,230,17.725752508361204,7.6923076923076925,10.033444816053512,82.2742474916388,5.351170568561873,76.92307692307693
E00074826,453,81,34,47,372,31,341,17.880794701986755,7.505518763796909,10.375275938189846,82.11920529801324,6.843267108167771,75.27593818984548
E00074828,359,72,28,44,287,28,259,20.055710306406684,7.7994428969359335,12.256267409470752,79.94428969359332,7.7994428969359335,72.14484679665738
E00074829,290,65,24,41,225,16,209,22.413793103448278,8.275862068965518,14.13793103448276,77.58620689655173,5.517241379310345,72.06896551724138
E00074830,255,43,22,21,212,25,187,16.862745098039216,8.627450980392156,8.235294117647058,83.13725490196079,9.803921568627452,73.33333333333333
E00074831,220,51,23,28,169,16,153,23.18181818181818,10.454545454545453,12.727272727272727,76.81818181818181,7.2727272727272725,69.54545454545455
E00074832,276,72,25,47,204,18,186,26.08695652173913,9.057971014492754,17.02898550724638,73.91304347826086,6.521739130434782,67.3913043478261
E00074833,308,39,14,25,269,26,243,12.662337662337661,4.545454545454546,8.116883116883116,87.33766233766234,8.441558441558442,78.8961038961039
E00074834,303,55,26,29,248,21,227,18.151815181518153,8.58085808580858,9.570957095709572,81.84818481848185,6.9306930693069315,74.91749174917491
E00074835,278,43,16,27,235,23,212,15.467625899280577,5.755395683453238,9.712230215827338,84.53237410071942,8.273381294964029,76.2589928057554
E00074836,218,51,22,29,167,14,153,23.394495412844037,10.091743119266056,13.302752293577983,76.60550458715596,6.422018348623854,70.18348623853211
E00074837,287,76,34,42,211,21,190,26.480836236933797,11.846689895470384,14.634146341463413,73.5191637630662,7.317073170731707,66.2020905923345
E00074838,350,73,25,48,277,25,252,20.857142857142858,7.142857142857142,13.714285714285715,79.14285714285715,7.142857142857142,72
E00074839,246,92,44,48,154,18,136,37.39837398373984,17.88617886178862,19.51219512195122,62.601626016260155,7.317073170731707,55.28455284552846
E00074840,333,59,25,34,274,29,245,17.71771771771772,7.5075075075075075,10.21021021021021,82.28228228228228,8.708708708708707,73.57357357357357
E00074841,199,55,27,28,144,10,134,27.63819095477387,13.5678391959799,14.07035175879397,72.36180904522614,5.025125628140704,67.33668341708542
E00074842,278,51,21,30,227,23,204,18.345323741007196,7.553956834532374,10.79136690647482,81.65467625899281,8.273381294964029,73.38129496402878
E00074843,201,45,19,26,156,15,141,22.388059701492537,9.45273631840796,12.935323383084576,77.61194029850746,7.462686567164178,70.1492537313433
E00074844,235,32,8,24,203,26,177,13.617021276595745,3.404255319148936,10.212765957446807,86.38297872340426,11.063829787234042,75.31914893617021
E00074845,313,73,33,40,240,27,213,23.322683706070286,10.543130990415335,12.779552715654951,76.6773162939297,8.626198083067091,68.05111821086261
E00074846,270,81,45,36,189,6,183,30,16.666666666666664,13.333333333333334,70,2.2222222222222223,67.77777777777779
E00074847,361,50,14,36,311,28,283,13.850415512465375,3.8781163434903045,9.97229916897507,86.14958448753463,7.756232686980609,78.39335180055402
E00074848,357,99,45,54,258,18,240,27.73109243697479,12.605042016806722,15.126050420168067,72.26890756302521,5.042016806722689,67.22689075630252
E00074849,216,36,12,24,180,15,165,16.666666666666664,5.555555555555555,11.11111111111111,83.33333333333334,6.944444444444445,76.38888888888889
E00074850,494,121,50,71,373,28,345,24.493927125506072,10.121457489878543,14.37246963562753,75.50607287449392,5.668016194331984,69.83805668016194
E00074851,273,82,36,46,191,13,178,30.036630036630036,13.186813186813188,16.84981684981685,69.96336996336996,4.761904761904762,65.2014652014652
E00074852,288,51,21,30,237,30,207,17.708333333333336,7.291666666666667,10.416666666666668,82.29166666666666,10.416666666666668,71.875
E00074853,182,31,10,21,151,10,141,17.032967032967033,5.4945054945054945,11.538461538461538,82.96703296703298,5.4945054945054945,77.47252747252747
E00074854,310,62,30,32,248,25,223,20,9.67741935483871,10.32258064516129,80,8.064516129032258,71.93548387096774
E00074855,271,56,22,34,215,28,187,20.66420664206642,8.118081180811808,12.546125461254611,79.33579335793358,10.33210332103321,69.00369003690037
E00074856,300,52,18,34,248,25,223,17.333333333333336,6,11.333333333333332,82.66666666666667,8.333333333333332,74.33333333333333
E00074857,296,53,24,29,243,27,216,17.905405405405407,8.108108108108109,9.797297297297296,82.0945945945946,9.121621621621621,72.97297297297297
E00074858,214,41,17,24,173,23,150,19.158878504672895,7.943925233644859,11.214953271028037,80.8411214953271,10.74766355140187,70.09345794392523
E00074859,278,65,25,40,213,16,197,23.381294964028775,8.992805755395683,14.388489208633093,76.61870503597122,5.755395683453238,70.86330935251799
E00074860,300,44,12,32,256,37,219,14.666666666666666,4,10.666666666666668,85.33333333333334,12.333333333333334,73
E00074861,251,62,36,26,189,19,170,24.701195219123505,14.342629482071715,10.358565737051793,75.2988047808765,7.569721115537849,67.729083665338635
E00074862,258,61,22,39,197,26,171,23.643410852713178,8.527131782945736,15.11627906976744,76.35658914728683,10.077519379844961,66.27906976744185
E00074863,293,42,12,30,251,25,226,14.334470989761092,4.09556313993174,10.238907849829351,85.6655290102389,8.532423208191126,77.13310580204778
E00074864,227,67,19,48,160,22,138,29.515418502202646,8.370044052863436,21.145374449339208,70.48458149779736,9.691629955947137,60.792951541850215
E00074865,289,44,24,20,245,24,221,15.22491349480969,8.304498269896193,6.920415224913495,84.77508650519032,8.304498269896193,76.47058823529412
E00074866,326,32,9,23,294,24,270,9.815950920245399,2.7607361963190185,7.05521472392638,90.1840490797546,7.361963190184049,82.82208588957054
E00074867,310,42,10,32,268,29,239,13.548387096774196,3.225806451612903,10.32258064516129,86.45161290322581,9.35483870967742,77.09677419354838
E00074868,167,70,40,30,97,15,82,41.91616766467065,23.952095808383234,17.964071856287426,58.08383233532935,8.982035928143713,49.101796407185624
E00074869,230,51,19,32,179,12,167,22.17391304347826,8.26086956521739,13.91304347826087,77.82608695652173,5.217391304347826,72.60869565217392
E00074870,229,59,28,31,170,15,155,25.76419213973799,12.22707423580786,13.537117903930133,74.235807860262,6.550218340611353,67.68558951965066
E00074871,233,40,10,30,193,24,169,17.167381974248926,4.291845493562231,12.875536480686694,82.83261802575107,10.300429184549357,72.53218884120172
E00074872,270,53,18,35,217,27,190,19.62962962962963,6.666666666666667,12.962962962962962,80.37037037037037,10,70.37037037037037
E00074873,242,60,15,45,182,14,168,24.793388429752067,6.198347107438017,18.59504132231405,75.20661157024794,5.785123966942149,69.42148760330579
E00074874,279,54,24,30,225,18,207,19.35483870967742,8.60215053763441,10.75268817204301,80.64516129032258,6.451612903225806,74.19354838709677
E00074875,225,60,25,35,165,22,143,26.666666666666668,11.11111111111111,15.555555555555555,73.33333333333333,9.777777777777779,63.55555555555556
E00074876,270,65,17,48,205,26,179,24.074074074074073,6.296296296296296,17.77777777777778,75.92592592592592,9.62962962962963,66.2962962962963
E00074877,271,77,37,40,194,19,175,28.413284132841326,13.653136531365314,14.760147601476014,71.58671586715867,7.011070110701106,64.57564575645756
E00074878,314,63,29,34,251,21,230,20.063694267515924,9.235668789808917,10.828025477707007,79.93630573248409,6.687898089171974,73.24840764331209
E00074879,274,66,27,39,208,21,187,24.087591240875913,9.854014598540147,14.233576642335766,75.91240875912408,7.664233576642336,68.24817518248175
E00074880,255,72,36,36,183,16,167,28.235294117647058,14.117647058823529,14.117647058823529,71.76470588235294,6.2745098039215685,65.49019607843137
E00074881,281,65,18,47,216,22,194,23.131672597864767,6.405693950177936,16.72597864768683,76.86832740213522,7.829181494661921,69.03914590747331
E00074882,310,50,25,25,260,21,239,16.129032258064516,8.064516129032258,8.064516129032258,83.87096774193549,6.774193548387098,77.09677419354838
E00074883,309,50,17,33,259,29,230,16.181229773462782,5.501618122977346,10.679611650485436,83.81877022653723,9.385113268608414,74.4336569579288
E00074884,295,70,21,49,225,29,196,23.728813559322035,7.118644067796611,16.610169491525422,76.27118644067797,9.830508474576272,66.44067796610169
E00074885,288,52,16,36,236,31,205,18.055555555555554,5.555555555555555,12.5,81.94444444444444,10.76388888888889,71.18055555555556
E00074886,324,67,18,49,257,23,234,20.679012345679013,5.555555555555555,15.123456790123457,79.32098765432099,7.098765432098765,72.22222222222221
E00074887,233,52,28,24,181,18,163,22.317596566523605,12.017167381974248,10.300429184549357,77.6824034334764,7.725321888412018,69.95708154506438
E00074888,321,46,13,33,275,32,243,14.330218068535824,4.049844236760125,10.2803738317757,85.66978193146417,9.968847352024921,75.70093457943925
E00074889,321,55,24,31,266,20,246,17.133956386292834,7.476635514018691,9.657320872274143,82.86604361370716,6.230529595015576,76.63551401869158
E00074890,341,41,7,34,300,34,266,12.023460410557185,2.0527859237536656,9.970674486803519,87.97653958944281,9.970674486803519,78.00586510263929
E00074891,307,61,20,41,246,28,218,19.86970684039088,6.514657980456026,13.355048859934854,80.13029315960912,9.120521172638437,71.00977198697068
E00074892,232,38,7,31,194,25,169,16.379310344827587,3.0172413793103448,13.36206896551724,83.62068965517241,10.775862068965516,72.84482758620689
E00074893,261,37,12,25,224,18,206,14.17624521072797,4.597701149425287,9.578544061302683,85.82375478927203,6.896551724137931,78.9272030651341
E00074894,392,48,17,31,344,33,311,12.244897959183673,4.336734693877551,7.908163265306123,87.75510204081633,8.418367346938775,79.33673469387756
E00074895,294,49,18,31,245,25,220,16.666666666666664,6.122448979591836,10.54421768707483,83.33333333333334,8.503401360544217,74.82993197278913
E00074896,309,43,14,29,266,21,245,13.915857605177994,4.53074433656958,9.385113268608414,86.08414239482201,6.796116504854369,79.28802588996764
E00074897,349,60,20,40,289,29,260,17.191977077363894,5.730659025787966,11.461318051575931,82.8080229226361,8.30945558739255,74.49856733524355
E00074898,402,51,17,34,351,29,322,12.686567164179104,4.228855721393035,8.45771144278607,87.31343283582089,7.213930348258707,80.09950248756219
E00074899,336,50,7,43,286,28,258,14.880952380952381,2.083333333333333,12.797619047619047,85.11904761904762,8.333333333333332,76.78571428571429
E00074900,346,45,13,32,301,30,271,13.005780346820808,3.7572254335260116,9.248554913294797,86.9942196531792,8.670520231213873,78.32369942196532
E00074901,283,39,15,24,244,17,227,13.780918727915195,5.30035335689046,8.480565371024735,86.21908127208481,6.007067137809187,80.21201413427562
E00074902,252,64,32,32,188,20,168,25.396825396825395,12.698412698412698,12.698412698412698,74.60317460317461,7.936507936507936,66.66666666666666
E00074903,307,48,14,34,259,24,235,15.63517915309446,4.5602605863192185,11.074918566775244,84.36482084690554,7.81758957654723,76.54723127035831
E00074904,296,43,16,27,253,26,227,14.527027027027026,5.405405405405405,9.121621621621621,85.47297297297297,8.783783783783784,76.6891891891892
E00074905,274,52,18,34,222,18,204,18.97810218978102,6.569343065693431,12.408759124087592,81.02189781021897,6.569343065693431,74.45255474452554
E00074906,278,49,24,25,229,18,211,17.62589928057554,8.633093525179856,8.992805755395683,82.37410071942446,6.474820143884892,75.89928057553958
E00074907,293,75,39,36,218,21,197,25.597269624573375,13.310580204778159,12.286689419795222,74.40273037542661,7.167235494880546,67.23549488054607
E00074908,223,59,29,30,164,9,155,26.45739910313901,13.004484304932735,13.452914798206278,73.54260089686099,4.0358744394618835,69.50672645739911
E00074909,241,64,28,36,177,12,165,26.556016597510375,11.618257261410788,14.937759336099585,73.44398340248964,4.979253112033195,68.46473029045643
E00074910,293,44,16,28,249,23,226,15.017064846416384,5.460750853242321,9.556313993174061,84.98293515358361,7.849829351535837,77.13310580204778
E00074911,276,61,22,39,215,21,194,22.10144927536232,7.971014492753622,14.130434782608695,77.89855072463769,7.608695652173914,70.28985507246377
E00074912,298,46,17,29,252,18,234,15.436241610738255,5.704697986577181,9.731543624161073,84.56375838926175,6.0402684563758395,78.52348993288591
E00074913,311,70,27,43,241,32,209,22.508038585209004,8.681672025723474,13.826366559485532,77.491961414791,10.289389067524116,67.20257234726688
E00074914,274,49,16,33,225,22,203,17.88321167883212,5.839416058394161,12.043795620437956,82.11678832116789,8.02919708029197,74.08759124087592
E00074915,343,49,17,32,294,30,264,14.285714285714285,4.956268221574344,9.329446064139942,85.71428571428571,8.746355685131196,76.96793002915452
E00074916,281,52,15,37,229,22,207,18.505338078291814,5.338078291814947,13.167259786476867,81.49466192170819,7.829181494661921,73.66548042704626
E00074917,301,33,7,26,268,17,251,10.96345514950166,2.3255813953488373,8.637873754152823,89.03654485049833,5.647840531561462,83.38870431893687
E00074918,256,45,11,34,211,25,186,17.578125,4.296875,13.28125,82.421875,9.765625,72.65625
E00074919,364,84,37,47,280,15,265,23.076923076923077,10.164835164835164,12.912087912087914,76.92307692307693,4.1208791208791204,72.8021978021978
E00074920,280,106,48,58,174,17,157,37.857142857142854,17.142857142857142,20.714285714285715,62.142857142857146,6.071428571428571,56.07142857142857
E00074921,264,58,25,33,206,22,184,21.96969696969697,9.469696969696969,12.5,78.03030303030303,8.333333333333332,69.6969696969697
E00074922,237,55,28,27,182,17,165,23.20675105485232,11.814345991561181,11.39240506329114,76.79324894514767,7.172995780590717,69.62025316455697
E00074923,268,48,15,33,220,27,193,17.91044776119403,5.597014925373134,12.313432835820896,82.08955223880598,10.074626865671641,72.01492537313433
E00074924,469,115,54,61,354,26,328,24.520255863539443,11.513859275053305,13.00639658848614,75.47974413646055,5.543710021321962,69.9360341151386
E00074925,203,61,30,31,142,7,135,30.049261083743843,14.77832512315271,15.270935960591133,69.95073891625616,3.4482758620689653,66.50246305418719
E00074926,318,59,19,40,259,38,221,18.553459119496853,5.9748427672955975,12.578616352201259,81.44654088050315,11.949685534591195,69.49685534591194
E00074927,339,83,35,48,256,25,231,24.48377581120944,10.32448377581121,14.15929203539823,75.51622418879056,7.374631268436578,68.14159292035397
E00074928,302,70,30,40,232,19,213,23.178807947019866,9.933774834437086,13.245033112582782,76.82119205298014,6.291390728476822,70.52980132450331
E00074929,359,137,71,66,222,21,201,38.16155988857939,19.77715877437326,18.384401114206128,61.83844011142061,5.8495821727019495,55.98885793871866
E00074930,258,62,23,39,196,27,169,24.031007751937985,8.914728682170542,15.11627906976744,75.96899224806202,10.465116279069768,65.50387596899225
E00074932,220,57,26,31,163,12,151,25.90909090909091,11.818181818181818,14.09090909090909,74.0909090909091,5.454545454545454,68.63636363636364
E00074933,295,79,38,41,216,13,203,26.779661016949152,12.88135593220339,13.898305084745763,73.22033898305085,4.406779661016949,68.8135593220339
E00074934,264,74,39,35,190,18,172,28.030303030303028,14.772727272727273,13.257575757575758,71.96969696969697,6.8181818181818175,65.15151515151516
E00074935,248,94,58,36,154,11,143,37.903225806451616,23.387096774193548,14.516129032258066,62.096774193548384,4.435483870967742,57.66129032258065
E00074936,312,82,39,43,230,18,212,26.282051282051285,12.5,13.782051282051283,73.71794871794873,5.769230769230769,67.94871794871796
E00074937,308,90,41,49,218,20,198,29.22077922077922,13.311688311688311,15.909090909090908,70.77922077922078,6.493506493506493,64.28571428571429
E00074938,360,70,25,45,290,20,270,19.444444444444446,6.944444444444445,12.5,80.55555555555556,5.555555555555555,75
E00074939,316,89,50,39,227,23,204,28.164556962025316,15.822784810126583,12.341772151898734,71.83544303797468,7.2784810126582276,64.55696202531645
E00074940,305,79,39,40,226,17,209,25.901639344262296,12.786885245901638,13.114754098360656,74.09836065573771,5.573770491803279,68.52459016393443
E00074941,267,65,25,40,202,18,184,24.344569288389515,9.363295880149813,14.981273408239701,75.65543071161048,6.741573033707865,68.91385767790263
E00074942,368,105,47,58,263,26,237,28.532608695652172,12.771739130434783,15.760869565217392,71.46739130434783,7.065217391304348,64.40217391304348
E00074943,225,74,37,37,151,7,144,32.88888888888889,16.444444444444446,16.444444444444446,67.11111111111111,3.111111111111111,64
E00074944,367,86,40,46,281,27,254,23.43324250681199,10.899182561307901,12.534059945504087,76.566757493188,7.3569482288828345,69.20980926430518
E00074945,270,88,47,41,182,21,161,32.592592592592595,17.40740740740741,15.185185185185185,67.4074074074074,7.777777777777778,59.62962962962963
E00074946,203,72,42,30,131,16,115,35.467980295566505,20.689655172413794,14.77832512315271,64.5320197044335,7.8817733990147785,56.65024630541872
E00074947,244,62,35,27,182,21,161,25.40983606557377,14.344262295081966,11.065573770491802,74.59016393442623,8.60655737704918,65.98360655737704
E00074948,338,83,27,56,255,18,237,24.556213017751478,7.988165680473373,16.56804733727811,75.44378698224851,5.325443786982249,70.11834319526628
E00074949,318,94,43,51,224,12,212,29.559748427672954,13.522012578616351,16.037735849056602,70.44025157232704,3.7735849056603774,66.66666666666666
E00074950,267,67,32,35,200,15,185,25.0936329588015,11.985018726591761,13.108614232209737,74.90636704119851,5.617977528089887,69.28838951310861
E00074951,278,60,31,29,218,16,202,21.58273381294964,11.151079136690647,10.431654676258994,78.41726618705036,5.755395683453238,72.66187050359713
E00074952,317,85,29,56,232,20,212,26.813880126182966,9.14826498422713,17.665615141955836,73.18611987381703,6.309148264984227,66.8769716088328
E00074953,302,50,19,31,252,30,222,16.55629139072848,6.291390728476822,10.264900662251655,83.44370860927152,9.933774834437086,73.50993377483444
E00074954,260,45,16,29,215,21,194,17.307692307692307,6.153846153846154,11.153846153846155,82.6923076923077,8.076923076923077,74.61538461538461
E00074956,519,91,37,54,428,40,388,17.533718689788053,7.129094412331407,10.404624277456648,82.46628131021194,7.7071290944123305,74.75915221579962
E00074957,259,37,9,28,222,18,204,14.285714285714285,3.474903474903475,10.81081081081081,85.71428571428571,6.94980694980695,78.76447876447877
E00074958,267,70,36,34,197,21,176,26.217228464419474,13.48314606741573,12.734082397003746,73.78277153558052,7.865168539325842,65.91760299625467
E00074959,426,211,144,67,215,26,189,49.53051643192488,33.80281690140845,15.727699530516432,50.46948356807511,6.103286384976526,44.36619718309859
E00074960,331,61,24,37,270,32,238,18.429003021148034,7.250755287009064,11.178247734138973,81.57099697885197,9.667673716012084,71.90332326283988
E00074961,230,69,31,38,161,15,146,30,13.478260869565217,16.52173913043478,70,6.521739130434782,63.47826086956522
E00074962,215,65,41,24,150,12,138,30.23255813953488,19.069767441860467,11.162790697674419,69.76744186046511,5.5813953488372094,64.18604651162791
E00074963,328,102,45,57,226,29,197,31.097560975609756,13.719512195121952,17.378048780487802,68.90243902439023,8.841463414634147,60.0609756097561
E00074964,298,59,23,36,239,20,219,19.798657718120804,7.718120805369128,12.080536912751679,80.20134228187919,6.7114093959731544,73.48993288590604
E00074965,255,32,10,22,223,21,202,12.549019607843137,3.9215686274509802,8.627450980392156,87.45098039215686,8.235294117647058,79.2156862745098
E00074966,300,56,21,35,244,26,218,18.666666666666668,7.000000000000001,11.666666666666666,81.33333333333333,8.666666666666668,72.66666666666667
E00074967,245,61,27,34,184,17,167,24.897959183673468,11.020408163265307,13.877551020408163,75.10204081632654,6.938775510204081,68.16326530612244
E00074969,218,60,23,37,158,17,141,27.522935779816514,10.550458715596331,16.972477064220186,72.47706422018348,7.79816513761468,64.6788990825688
E00074970,245,47,19,28,198,22,176,19.183673469387756,7.755102040816326,11.428571428571429,80.81632653061224,8.979591836734693,71.83673469387755
E00074971,278,49,22,27,229,23,206,17.62589928057554,7.913669064748201,9.712230215827338,82.37410071942446,8.273381294964029,74.10071942446042
E00074972,351,60,22,38,291,34,257,17.094017094017094,6.267806267806268,10.826210826210826,82.90598290598291,9.686609686609685,73.21937321937322
E00074973,274,64,22,42,210,21,189,23.357664233576642,8.02919708029197,15.328467153284672,76.64233576642336,7.664233576642336,68.97810218978103
E00074974,279,57,18,39,222,28,194,20.43010752688172,6.451612903225806,13.978494623655912,79.56989247311827,10.03584229390681,69.53405017921148
E00074975,308,58,19,39,250,26,224,18.83116883116883,6.1688311688311686,12.662337662337661,81.16883116883116,8.441558441558442,72.72727272727273
E00074976,226,47,20,27,179,16,163,20.79646017699115,8.849557522123893,11.946902654867257,79.20353982300885,7.079646017699115,72.12389380530973
E00074977,233,53,19,34,180,29,151,22.746781115879827,8.15450643776824,14.592274678111588,77.25321888412017,12.446351931330472,64.8068669527897
E00074978,320,65,21,44,255,17,238,20.3125,6.5625,13.750000000000002,79.6875,5.3125,74.375
E00074979,251,77,32,45,174,19,155,30.677290836653388,12.749003984063744,17.928286852589643,69.32270916334662,7.569721115537849,61.75298804780876
E00074980,318,81,44,37,237,21,216,25.471698113207548,13.836477987421384,11.635220125786164,74.52830188679245,6.60377358490566,67.9245283018868
E00074981,225,42,12,30,183,14,169,18.666666666666668,5.333333333333334,13.333333333333334,81.33333333333333,6.222222222222222,75.1111111111111
E00074982,399,112,59,53,287,34,253,28.07017543859649,14.786967418546364,13.283208020050125,71.9298245614035,8.521303258145362,63.40852130325815
E00074983,340,80,36,44,260,28,232,23.52941176470588,10.588235294117647,12.941176470588237,76.47058823529412,8.235294117647058,68.23529411764706
E00074984,240,74,28,46,166,15,151,30.833333333333336,11.666666666666666,19.166666666666668,69.16666666666667,6.25,62.916666666666664
E00074985,229,65,26,39,164,20,144,28.38427947598253,11.353711790393014,17.03056768558952,71.61572052401746,8.73362445414847,62.882096069869
E00074986,254,45,21,24,209,33,176,17.716535433070867,8.267716535433072,9.448818897637794,82.28346456692913,12.992125984251967,69.29133858267717
E00074988,236,53,20,33,183,15,168,22.45762711864407,8.47457627118644,13.983050847457626,77.54237288135593,6.3559322033898304,71.1864406779661
E00074989,363,132,89,43,231,28,203,36.36363636363637,24.517906336088156,11.84573002754821,63.63636363636363,7.7134986225895315,55.9228650137741
E00074990,239,48,22,26,191,17,174,20.0836820083682,9.205020920502092,10.87866108786611,79.9163179916318,7.112970711297072,72.80334728033473
E00074991,278,90,35,55,188,23,165,32.37410071942446,12.589928057553957,19.784172661870503,67.62589928057554,8.273381294964029,59.352517985611506
E00074992,304,50,18,32,254,22,232,16.447368421052634,5.921052631578947,10.526315789473683,83.55263157894737,7.236842105263158,76.31578947368422
E00074993,250,66,29,37,184,18,166,26.400000000000002,11.600000000000001,14.799999999999999,73.6,7.199999999999999,66.4
E00074994,300,88,35,53,212,26,186,29.333333333333332,11.666666666666666,17.666666666666668,70.66666666666667,8.666666666666668,62
E00074995,254,85,51,34,169,20,149,33.46456692913386,20.078740157480315,13.385826771653544,66.53543307086615,7.874015748031496,58.661417322834644
E00074996,358,86,39,47,272,35,237,24.022346368715084,10.893854748603351,13.128491620111731,75.97765363128491,9.776536312849162,66.20111731843575
E00074997,281,56,17,39,225,25,200,19.9288256227758,6.049822064056939,13.87900355871886,80.0711743772242,8.896797153024911,71.17437722419929
E00074998,258,50,25,25,208,23,185,19.379844961240313,9.689922480620156,9.689922480620156,80.62015503875969,8.914728682170542,71.70542635658916
E00074999,254,59,29,30,195,22,173,23.228346456692915,11.41732283464567,11.811023622047244,76.77165354330708,8.661417322834646,68.11023622047244
E00075000,203,50,19,31,153,26,127,24.63054187192118,9.35960591133005,15.270935960591133,75.36945812807882,12.807881773399016,62.5615763546798
E00075001,289,53,12,41,236,25,211,18.33910034602076,4.1522491349480966,14.186851211072666,81.66089965397923,8.650519031141869,73.01038062283737
E00075002,325,59,23,36,266,25,241,18.153846153846153,7.076923076923077,11.076923076923077,81.84615384615384,7.6923076923076925,74.15384615384616
E00075003,234,54,19,35,180,27,153,23.076923076923077,8.11965811965812,14.957264957264957,76.92307692307693,11.538461538461538,65.38461538461539
E00075004,114,55,21,34,59,8,51,48.24561403508772,18.421052631578945,29.82456140350877,51.75438596491229,7.017543859649122,44.73684210526316
E00075005,286,77,29,48,209,25,184,26.923076923076923,10.13986013986014,16.783216783216783,73.07692307692307,8.741258741258742,64.33566433566433
E00075006,352,80,24,56,272,19,253,22.727272727272727,6.8181818181818175,15.909090909090908,77.27272727272727,5.3977272727272725,71.875
E00075007,233,43,16,27,190,25,165,18.4549356223176,6.866952789699571,11.587982832618025,81.54506437768241,10.72961373390558,70.81545064377683
E00075008,252,55,19,36,197,18,179,21.825396825396826,7.5396825396825395,14.285714285714285,78.17460317460318,7.142857142857142,71.03174603174604
E00075009,296,57,22,35,239,25,214,19.256756756756758,7.4324324324324325,11.824324324324325,80.74324324324324,8.445945945945946,72.2972972972973
E00075010,218,35,9,26,183,14,169,16.055045871559635,4.128440366972478,11.926605504587156,83.94495412844036,6.422018348623854,77.52293577981652
E00075011,297,52,16,36,245,22,223,17.50841750841751,5.387205387205387,12.121212121212121,82.49158249158249,7.4074074074074066,75.08417508417509
E00075012,289,90,59,31,199,23,176,31.141868512110726,20.415224913494807,10.726643598615917,68.85813148788927,7.958477508650519,60.89965397923876
E00075013,265,53,27,26,212,20,192,20,10.18867924528302,9.811320754716983,80,7.547169811320755,72.45283018867924
E00075014,256,49,23,26,207,23,184,19.140625,8.984375,10.15625,80.859375,8.984375,71.875
E00075015,312,71,28,43,241,33,208,22.756410256410255,8.974358974358974,13.782051282051283,77.24358974358975,10.576923076923077,66.66666666666666
E00075016,194,58,22,36,136,14,122,29.896907216494846,11.34020618556701,18.556701030927837,70.10309278350515,7.216494845360824,62.88659793814433
E00075017,298,116,73,43,182,8,174,38.92617449664429,24.496644295302016,14.429530201342283,61.07382550335571,2.684563758389262,58.38926174496645
E00075018,322,45,16,29,277,22,255,13.975155279503104,4.968944099378882,9.006211180124224,86.0248447204969,6.832298136645963,79.19254658385093
E00075019,283,37,15,22,246,18,228,13.074204946996467,5.30035335689046,7.773851590106007,86.92579505300353,6.36042402826855,80.56537102473497
E00075020,275,33,9,24,242,20,222,12,3.272727272727273,8.727272727272728,88,7.2727272727272725,80.72727272727272
E00075021,377,41,7,34,336,26,310,10.875331564986737,1.8567639257294428,9.018567639257293,89.12466843501326,6.896551724137931,82.22811671087533
E00075022,327,59,31,28,268,21,247,18.04281345565749,9.480122324159021,8.56269113149847,81.9571865443425,6.422018348623854,75.53516819571865
E00075023,324,46,23,23,278,11,267,14.19753086419753,7.098765432098765,7.098765432098765,85.80246913580247,3.3950617283950617,82.4074074074074
E00075024,371,38,14,24,333,20,313,10.242587601078167,3.7735849056603774,6.46900269541779,89.75741239892183,5.3908355795148255,84.36657681940702
E00075025,553,63,18,45,490,39,451,11.39240506329114,3.25497287522604,8.1374321880651,88.60759493670885,7.05244122965642,81.55515370705244
E00075026,378,36,10,26,342,31,311,9.523809523809524,2.6455026455026456,6.878306878306878,90.47619047619048,8.201058201058201,82.27513227513228
E00075027,292,60,20,40,232,24,208,20.54794520547945,6.8493150684931505,13.698630136986301,79.45205479452055,8.21917808219178,71.23287671232876
E00075028,375,105,37,68,270,27,243,28.000000000000004,9.866666666666667,18.133333333333333,72,7.199999999999999,64.8
E00075029,336,47,10,37,289,22,267,13.988095238095239,2.976190476190476,11.011904761904761,86.01190476190477,6.547619047619048,79.46428571428571
E00075030,416,55,21,34,361,32,329,13.221153846153847,5.048076923076923,8.173076923076923,86.77884615384616,7.6923076923076925,79.08653846153845
E00075031,343,41,11,30,302,30,272,11.9533527696793,3.206997084548105,8.746355685131196,88.0466472303207,8.746355685131196,79.30029154518951
E00075032,328,44,17,27,284,26,258,13.414634146341465,5.182926829268292,8.231707317073171,86.58536585365853,7.926829268292683,78.65853658536585
E00075033,253,45,15,30,208,22,186,17.786561264822133,5.928853754940711,11.857707509881422,82.21343873517787,8.695652173913043,73.51778656126481
E00075034,319,36,7,29,283,29,254,11.285266457680251,2.19435736677116,9.090909090909092,88.71473354231975,9.090909090909092,79.62382445141067
E00075035,274,58,20,38,216,17,199,21.16788321167883,7.2992700729927,13.86861313868613,78.83211678832117,6.204379562043796,72.62773722627736
E00075036,479,58,28,30,421,35,386,12.10855949895616,5.845511482254697,6.263048016701461,87.89144050104383,7.306889352818372,80.58455114822547
E00075037,385,38,11,27,347,34,313,9.87012987012987,2.857142857142857,7.012987012987012,90.12987012987013,8.831168831168831,81.2987012987013
E00075038,324,27,11,16,297,17,280,8.333333333333332,3.3950617283950617,4.938271604938271,91.66666666666666,5.246913580246913,86.41975308641975
E00075039,311,39,13,26,272,23,249,12.540192926045016,4.180064308681672,8.360128617363344,87.45980707395499,7.395498392282958,80.06430868167203
E00075041,505,81,30,51,424,43,381,16.03960396039604,5.9405940594059405,10.099009900990099,83.96039603960396,8.514851485148515,75.44554455445545
E00075042,350,37,13,24,313,30,283,10.571428571428571,3.7142857142857144,6.857142857142858,89.42857142857143,8.571428571428571,80.85714285714286
E00075043,363,28,4,24,335,32,303,7.7134986225895315,1.1019283746556474,6.6115702479338845,92.28650137741047,8.81542699724518,83.47107438016529
E00075044,285,22,1,21,263,24,239,7.719298245614035,0.3508771929824561,7.368421052631578,92.28070175438596,8.421052631578947,83.85964912280703
E00075045,411,54,21,33,357,34,323,13.138686131386862,5.109489051094891,8.02919708029197,86.86131386861314,8.27250608272506,78.58880778588808
E00075046,348,50,22,28,298,27,271,14.367816091954023,6.321839080459771,8.045977011494253,85.63218390804597,7.758620689655173,77.87356321839081
E00075047,328,52,17,35,276,17,259,15.853658536585366,5.182926829268292,10.670731707317072,84.14634146341463,5.182926829268292,78.96341463414635
E00075048,328,105,40,65,223,17,206,32.01219512195122,12.195121951219512,19.817073170731707,67.98780487804879,5.182926829268292,62.80487804878049
E00075049,246,39,11,28,207,26,181,15.853658536585366,4.471544715447155,11.38211382113821,84.14634146341463,10.569105691056912,73.57723577235772
E00075050,190,53,27,26,137,10,127,27.89473684210526,14.210526315789473,13.684210526315791,72.10526315789474,5.263157894736842,66.84210526315789
E00075051,283,38,14,24,245,27,218,13.427561837455832,4.946996466431095,8.480565371024735,86.57243816254417,9.540636042402827,77.03180212014135
E00075052,393,51,15,36,342,24,318,12.977099236641221,3.816793893129771,9.16030534351145,87.02290076335878,6.106870229007633,80.91603053435115
E00075053,367,38,15,23,329,33,296,10.354223433242508,4.087193460490464,6.267029972752043,89.64577656675749,8.991825613079019,80.65395095367847
E00075054,258,27,6,21,231,32,199,10.465116279069768,2.3255813953488373,8.13953488372093,89.53488372093024,12.4031007751938,77.13178294573643
E00075055,126,23,6,17,103,9,94,18.253968253968253,4.761904761904762,13.492063492063492,81.74603174603175,7.142857142857142,74.60317460317461
E00075056,356,46,9,37,310,13,297,12.921348314606742,2.528089887640449,10.393258426966293,87.07865168539325,3.651685393258427,83.42696629213484
E00075057,323,34,12,22,289,24,265,10.526315789473683,3.7151702786377707,6.811145510835913,89.47368421052632,7.430340557275541,82.04334365325077
E00075058,287,36,9,27,251,28,223,12.543554006968641,3.1358885017421603,9.40766550522648,87.45644599303137,9.75609756097561,77.70034843205575
E00075059,288,46,16,30,242,23,219,15.972222222222221,5.555555555555555,10.416666666666668,84.02777777777779,7.986111111111111,76.04166666666666
E00075060,233,62,28,34,171,21,150,26.609442060085836,12.017167381974248,14.592274678111588,73.39055793991416,9.012875536480687,64.37768240343348
E00075061,183,23,9,14,160,12,148,12.568306010928962,4.918032786885246,7.650273224043716,87.43169398907104,6.557377049180328,80.87431693989072
E00075062,191,28,10,18,163,15,148,14.659685863874344,5.2356020942408374,9.424083769633508,85.34031413612566,7.853403141361256,77.4869109947644
E00075063,294,46,14,32,248,22,226,15.646258503401361,4.761904761904762,10.884353741496598,84.35374149659864,7.482993197278912,76.87074829931973
E00075064,449,70,22,48,379,38,341,15.590200445434299,4.8997772828507795,10.690423162583519,84.4097995545657,8.463251670378618,75.94654788418708
E00075065,416,58,15,43,358,31,327,13.942307692307693,3.6057692307692304,10.336538461538462,86.0576923076923,7.451923076923077,78.60576923076923
E00075066,446,67,25,42,379,30,349,15.022421524663676,5.605381165919283,9.417040358744394,84.97757847533633,6.726457399103139,78.25112107623319
E00075067,351,53,12,41,298,27,271,15.0997150997151,3.418803418803419,11.68091168091168,84.9002849002849,7.6923076923076925,77.20797720797721
E00075068,326,50,13,37,276,34,242,15.337423312883436,3.9877300613496933,11.349693251533742,84.66257668711657,10.429447852760736,74.23312883435584
E00075069,263,39,12,27,224,26,198,14.82889733840304,4.562737642585551,10.26615969581749,85.17110266159695,9.885931558935361,75.2851711026616
E00075070,315,49,20,29,266,36,230,15.555555555555555,6.349206349206349,9.206349206349207,84.44444444444444,11.428571428571429,73.01587301587301
E00075071,342,57,18,39,285,34,251,16.666666666666664,5.263157894736842,11.403508771929824,83.33333333333334,9.941520467836257,73.39181286549707
E00075072,323,64,25,39,259,24,235,19.814241486068113,7.739938080495357,12.074303405572756,80.18575851393189,7.430340557275541,72.75541795665634
E00075073,302,67,25,42,235,24,211,22.185430463576157,8.27814569536424,13.90728476821192,77.81456953642383,7.9470198675496695,69.86754966887418
E00075074,316,79,34,45,237,27,210,25,10.759493670886076,14.240506329113925,75,8.544303797468354,66.45569620253164
E00075075,321,47,17,30,274,35,239,14.641744548286603,5.29595015576324,9.345794392523365,85.35825545171339,10.903426791277258,74.45482866043614
E00075076,291,41,19,22,250,27,223,14.0893470790378,6.529209621993128,7.560137457044673,85.91065292096219,9.278350515463918,76.6323024054983
E00075077,320,61,25,36,259,28,231,19.0625,7.8125,11.25,80.9375,8.75,72.1875
E00075078,275,56,22,34,219,32,187,20.363636363636363,8,12.363636363636363,79.63636363636364,11.636363636363637,68
E00075079,259,60,31,29,199,24,175,23.166023166023166,11.96911196911197,11.196911196911197,76.83397683397683,9.266409266409266,67.56756756756756
E00075081,234,26,9,17,208,16,192,11.11111111111111,3.8461538461538463,7.264957264957266,88.88888888888889,6.837606837606838,82.05128205128204
E00075082,336,58,27,31,278,20,258,17.261904761904763,8.035714285714286,9.226190476190476,82.73809523809523,5.952380952380952,76.78571428571429
E00075083,308,52,12,40,256,38,218,16.883116883116884,3.896103896103896,12.987012987012985,83.11688311688312,12.337662337662337,70.77922077922078
E00075084,268,45,10,35,223,30,193,16.791044776119403,3.731343283582089,13.059701492537313,83.2089552238806,11.194029850746269,72.01492537313433
E00075085,369,59,22,37,310,34,276,15.989159891598916,5.9620596205962055,10.02710027100271,84.01084010840108,9.214092140921409,74.79674796747967
E00075086,249,64,29,35,185,14,171,25.702811244979916,11.646586345381527,14.056224899598394,74.29718875502009,5.622489959839357,68.67469879518072
E00075087,286,63,28,35,223,24,199,22.02797202797203,9.79020979020979,12.237762237762238,77.97202797202797,8.391608391608392,69.58041958041959
E00075088,272,84,27,57,188,21,167,30.88235294117647,9.926470588235293,20.955882352941178,69.11764705882352,7.720588235294118,61.39705882352941
E00075089,260,41,14,27,219,18,201,15.769230769230768,5.384615384615385,10.384615384615385,84.23076923076923,6.923076923076923,77.3076923076923
E00166226,354,75,38,37,279,25,254,21.1864406779661,10.734463276836157,10.451977401129943,78.8135593220339,7.062146892655368,71.75141242937853
E00166227,205,19,3,16,186,13,173,9.268292682926829,1.4634146341463417,7.804878048780488,90.73170731707317,6.341463414634147,84.39024390243902
E00166229,287,67,29,38,220,22,198,23.34494773519164,10.104529616724738,13.240418118466899,76.65505226480836,7.665505226480835,68.98954703832753
E00166231,285,56,24,32,229,22,207,19.649122807017545,8.421052631578947,11.228070175438596,80.35087719298247,7.719298245614035,72.63157894736842
E00166232,205,60,27,33,145,17,128,29.268292682926827,13.170731707317074,16.097560975609756,70.73170731707317,8.292682926829269,62.4390243902439
E00166234,311,52,21,31,259,30,229,16.720257234726688,6.752411575562702,9.967845659163988,83.27974276527331,9.646302250803858,73.63344051446946
E00166235,261,36,16,20,225,19,206,13.793103448275861,6.130268199233716,7.662835249042145,86.20689655172413,7.2796934865900385,78.9272030651341
E00166237,305,35,11,24,270,21,249,11.475409836065573,3.606557377049181,7.868852459016394,88.52459016393442,6.885245901639345,81.63934426229508
E00166239,281,40,10,30,241,23,218,14.23487544483986,3.558718861209965,10.676156583629894,85.76512455516014,8.185053380782918,77.58007117437722
E00166240,341,35,11,24,306,27,279,10.263929618768328,3.225806451612903,7.038123167155426,89.73607038123167,7.9178885630498534,81.81818181818183
E00166242,270,45,18,27,225,28,197,16.666666666666664,6.666666666666667,10,83.33333333333334,10.37037037037037,72.96296296296296
E00166244,307,89,57,32,218,14,204,28.990228013029316,18.566775244299674,10.423452768729643,71.00977198697068,4.5602605863192185,66.44951140065146
E00166245,290,34,9,25,256,18,238,11.724137931034482,3.103448275862069,8.620689655172415,88.27586206896552,6.206896551724138,82.06896551724138
E00166247,330,41,12,29,289,36,253,12.424242424242424,3.6363636363636362,8.787878787878787,87.57575757575758,10.909090909090908,76.66666666666667
E00166248,269,33,7,26,236,15,221,12.267657992565056,2.6022304832713754,9.66542750929368,87.73234200743495,5.5762081784386615,82.15613382899627
E00166250,208,68,35,33,140,17,123,32.69230769230769,16.826923076923077,15.865384615384615,67.3076923076923,8.173076923076923,59.13461538461539
E00166252,312,30,10,20,282,25,257,9.615384615384617,3.205128205128205,6.41025641025641,90.38461538461539,8.012820512820513,82.37179487179486
E00166253,297,37,11,26,260,18,242,12.457912457912458,3.7037037037037033,8.754208754208754,87.54208754208754,6.0606060606060606,81.48148148148148
E00166255,473,60,28,32,413,48,365,12.684989429175475,5.9196617336152215,6.765327695560254,87.31501057082453,10.14799154334038,77.16701902748414
E00166257,316,55,25,30,261,15,246,17.405063291139243,7.9113924050632916,9.49367088607595,82.59493670886076,4.746835443037975,77.84810126582279
E00166258,354,49,18,31,305,13,292,13.841807909604519,5.084745762711865,8.757062146892656,86.15819209039547,3.672316384180791,82.485875706214685
E00166259,357,47,13,34,310,25,285,13.165266106442578,3.6414565826330536,9.523809523809524,86.83473389355743,7.002801120448179,79.83193277310924
E00166260,266,42,18,24,224,16,208,15.789473684210526,6.7669172932330826,9.022556390977442,84.21052631578947,6.015037593984962,78.19548872180451
E00166261,273,54,9,45,219,28,191,19.78021978021978,3.296703296703297,16.483516483516482,80.21978021978022,10.256410256410255,69.96336996336996
E00166262,258,32,11,21,226,12,214,12.4031007751938,4.263565891472868,8.13953488372093,87.59689922480621,4.651162790697675,82.94573643410853
E00166263,347,50,22,28,297,17,280,14.409221902017292,6.340057636887608,8.069164265129682,85.5907780979827,4.899135446685879,80.69164265129683
E00166264,339,50,14,36,289,31,258,14.749262536873156,4.129793510324483,10.619469026548673,85.25073746312685,9.144542772861357,76.10619469026548
E00166265,271,36,11,25,235,20,215,13.284132841328415,4.059040590405904,9.22509225092251,86.71586715867159,7.380073800738007,79.33579335793358
E00166266,445,59,20,39,386,23,363,13.258426966292136,4.49438202247191,8.764044943820224,86.74157303370787,5.168539325842696,81.57303370786518
E00166269,303,46,12,34,257,30,227,15.181518151815181,3.9603960396039604,11.221122112211221,84.81848184818482,9.900990099009901,74.91749174917491
E00166270,327,47,16,31,280,20,260,14.37308868501529,4.892966360856269,9.480122324159021,85.62691131498471,6.116207951070336,79.51070336391437
E00166271,285,38,12,26,247,17,230,13.333333333333334,4.2105263157894735,9.12280701754386,86.66666666666667,5.964912280701754,80.7017543859649
E00166272,469,77,33,44,392,46,346,16.417910447761194,7.036247334754798,9.381663113006397,83.5820895522388,9.808102345415778,73.77398720682304
E00166273,144,15,2,13,129,9,120,10.416666666666668,1.3888888888888888,9.027777777777777,89.58333333333334,6.25,83.33333333333334
E00166274,116,33,16,17,83,8,75,28.448275862068968,13.793103448275861,14.655172413793101,71.55172413793103,6.896551724137931,64.65517241379311
E00166275,182,46,17,29,136,8,128,25.274725274725274,9.340659340659341,15.934065934065933,74.72527472527473,4.395604395604396,70.32967032967034
E00166276,139,20,6,14,119,6,113,14.388489208633093,4.316546762589928,10.071942446043165,85.61151079136691,4.316546762589928,81.29496402877699
E00166277,217,54,21,33,163,20,143,24.88479262672811,9.67741935483871,15.207373271889402,75.11520737327189,9.216589861751153,65.89861751152074
E00166279,252,47,16,31,205,26,179,18.650793650793652,6.349206349206349,12.3015873015873,81.34920634920636,10.317460317460316,71.03174603174604
E00166280,427,65,24,41,362,34,328,15.22248243559719,5.620608899297424,9.601873536299765,84.77751756440281,7.962529274004685,76.81498829039812
E00166281,345,30,6,24,315,26,289,8.695652173913043,1.7391304347826086,6.956521739130435,91.30434782608695,7.536231884057972,83.76811594202898
E00166282,142,72,47,25,70,6,64,50.70422535211267,33.098591549295776,17.6056338028169,49.29577464788733,4.225352112676056,45.07042253521127
E00166284,320,30,6,24,290,26,264,9.375,1.875,7.5,90.625,8.125,82.5
E00166285,371,37,15,22,334,18,316,9.973045822102426,4.0431266846361185,5.929919137466308,90.02695417789758,4.8517520215633425,85.17520215633422
E00166286,411,55,16,39,356,33,323,13.381995133819952,3.8929440389294405,9.48905109489051,86.61800486618006,8.02919708029197,78.58880778588808
E00166287,298,34,13,21,264,26,238,11.409395973154362,4.3624161073825505,7.046979865771812,88.59060402684564,8.724832214765101,79.86577181208054
E00166288,315,54,19,35,261,22,239,17.142857142857142,6.031746031746032,11.11111111111111,82.85714285714286,6.984126984126984,75.87301587301587
E00166289,342,30,14,16,312,31,281,8.771929824561402,4.093567251461988,4.678362573099415,91.22807017543859,9.064327485380117,82.16374269005848
E00166290,288,30,10,20,258,21,237,10.416666666666668,3.4722222222222223,6.944444444444445,89.58333333333334,7.291666666666667,82.29166666666666
E00166291,307,27,6,21,280,21,259,8.794788273615636,1.9543973941368076,6.840390879478828,91.20521172638436,6.840390879478828,84.36482084690554
E00166292,285,33,15,18,252,19,233,11.578947368421053,5.263157894736842,6.315789473684211,88.42105263157895,6.666666666666667,81.75438596491227
E00166293,244,33,14,19,211,22,189,13.524590163934427,5.737704918032787,7.786885245901639,86.47540983606558,9.01639344262295,77.45901639344262
E00166294,264,25,5,20,239,12,227,9.469696969696969,1.893939393939394,7.575757575757576,90.53030303030303,4.545454545454546,85.98484848484848
E00166296,339,40,12,28,299,26,273,11.799410029498524,3.5398230088495577,8.259587020648967,88.20058997050147,7.669616519174041,80.53097345132744
E00166297,538,47,16,31,491,42,449,8.736059479553903,2.973977695167286,5.762081784386617,91.2639405204461,7.806691449814126,83.45724907063197
E00166299,373,21,4,17,352,25,327,5.630026809651475,1.0723860589812333,4.557640750670242,94.36997319034852,6.702412868632708,87.66756032171583
E00166300,305,42,10,32,263,26,237,13.77049180327869,3.278688524590164,10.491803278688524,86.22950819672131,8.524590163934425,77.70491803278688
E00166301,360,51,18,33,309,28,281,14.166666666666666,5,9.166666666666666,85.83333333333333,7.777777777777778,78.05555555555556
E00166302,381,44,13,31,337,31,306,11.548556430446194,3.4120734908136483,8.136482939632545,88.4514435695538,8.136482939632545,80.31496062992126
E00166303,212,39,22,17,173,23,150,18.39622641509434,10.377358490566039,8.018867924528301,81.60377358490565,10.849056603773585,70.75471698113208
E00166304,246,42,10,32,204,29,175,17.073170731707318,4.0650406504065035,13.008130081300814,82.92682926829268,11.788617886178862,71.13821138211382
E00166305,398,38,11,27,360,36,324,9.547738693467336,2.763819095477387,6.78391959798995,90.45226130653266,9.045226130653267,81.4070351758794
E00166306,265,21,8,13,244,25,219,7.9245283018867925,3.018867924528302,4.905660377358491,92.0754716981132,9.433962264150944,82.64150943396227
E00166307,186,42,16,26,144,21,123,22.58064516129032,8.60215053763441,13.978494623655912,77.41935483870968,11.29032258064516,66.12903225806451
E00189457,178,27,5,22,151,21,130,15.168539325842698,2.8089887640449436,12.359550561797752,84.8314606741573,11.797752808988763,73.03370786516854
E00189460,253,35,11,24,218,17,201,13.83399209486166,4.3478260869565215,9.486166007905137,86.16600790513834,6.719367588932807,79.44664031620553
E00189461,161,28,8,20,133,11,122,17.391304347826086,4.968944099378882,12.422360248447205,82.6086956521739,6.832298136645963,75.77639751552795
E00189462,281,76,48,28,205,14,191,27.046263345195733,17.08185053380783,9.9644128113879,72.95373665480427,4.98220640569395,67.97153024911033
E00189466,325,56,24,32,269,31,238,17.23076923076923,7.384615384615385,9.846153846153847,82.76923076923077,9.538461538461538,73.23076923076923
E00189479,358,47,9,38,311,16,295,13.128491620111731,2.5139664804469275,10.614525139664805,86.87150837988827,4.4692737430167595,82.40223463687151
E00189481,301,62,35,27,239,26,213,20.59800664451827,11.627906976744185,8.970099667774086,79.40199335548172,8.637873754152823,70.7641196013289
E00189491,363,25,0,25,338,28,310,6.887052341597796,0,6.887052341597796,93.1129476584022,7.7134986225895315,85.39944903581267
E00189500,403,53,24,29,350,23,327,13.151364764267989,5.955334987593052,7.196029776674938,86.848635235732,5.707196029776675,81.14143920595534
E00189504,495,70,36,34,425,30,395,14.14141414141414,7.2727272727272725,6.8686868686868685,85.85858585858585,6.0606060606060606,79.7979797979798
E00189509,341,70,27,43,271,34,237,20.527859237536656,7.9178885630498534,12.609970674486803,79.47214076246334,9.970674486803519,69.50146627565982
E00189519,309,37,18,19,272,26,246,11.974110032362459,5.825242718446602,6.148867313915858,88.02588996763754,8.414239482200648,79.6116504854369
E00189522,341,41,14,27,300,15,285,12.023460410557185,4.105571847507331,7.9178885630498534,87.97653958944281,4.398826979472141,83.57771260997067
E00189524,297,25,3,22,272,26,246,8.417508417508419,1.0101010101010102,7.4074074074074066,91.58249158249158,8.754208754208754,82.82828282828282
E00189530,331,38,10,28,293,15,278,11.48036253776435,3.0211480362537766,8.459214501510575,88.51963746223565,4.531722054380665,83.98791540785498
E00189537,176,22,8,14,154,15,139,12.5,4.545454545454546,7.954545454545454,87.5,8.522727272727272,78.97727272727273
E00189539,369,38,11,27,331,15,316,10.29810298102981,2.9810298102981028,7.317073170731707,89.70189701897019,4.0650406504065035,85.63685636856368
E00189552,376,52,21,31,324,24,300,13.829787234042554,5.585106382978723,8.24468085106383,86.17021276595744,6.382978723404255,79.7872340425532
E00189555,241,27,6,21,214,19,195,11.20331950207469,2.4896265560165975,8.71369294605809,88.79668049792531,7.883817427385892,80.91286307053942
E00189560,314,19,7,12,295,20,275,6.050955414012739,2.229299363057325,3.821656050955414,93.94904458598727,6.369426751592357,87.57961783439491
E00189567,396,28,10,18,368,25,343,7.07070707070707,2.525252525252525,4.545454545454546,92.92929292929293,6.313131313131313,86.61616161616162
E00189578,376,50,24,26,326,28,298,13.297872340425531,6.382978723404255,6.914893617021277,86.70212765957447,7.446808510638298,79.25531914893617
E00189579,419,23,9,14,396,29,367,5.4892601431980905,2.1479713603818613,3.341288782816229,94.5107398568019,6.921241050119331,87.58949880668257
E00189581,376,59,22,37,317,28,289,15.691489361702127,5.851063829787234,9.840425531914894,84.30851063829788,7.446808510638298,76.86170212765957
E00189583,304,34,13,21,270,18,252,11.18421052631579,4.276315789473684,6.907894736842106,88.81578947368422,5.921052631578947,82.89473684210526
E00189592,313,71,30,41,242,26,216,22.683706070287542,9.584664536741213,13.099041533546327,77.31629392971246,8.30670926517572,69.00958466453673
E00189593,339,39,13,26,300,18,282,11.504424778761061,3.8348082595870205,7.669616519174041,88.49557522123894,5.3097345132743365,83.1858407079646
E00189609,244,54,25,29,190,16,174,22.131147540983605,10.245901639344263,11.885245901639344,77.8688524590164,6.557377049180328,71.31147540983606
E00189610,340,32,9,23,308,25,283,9.411764705882353,2.6470588235294117,6.764705882352941,90.58823529411765,7.352941176470589,83.23529411764706
E00189611,389,29,5,24,360,30,330,7.455012853470437,1.2853470437017995,6.169665809768637,92.54498714652956,7.712082262210797,84.83290488431876
