OA,ts0590001,ts0590002,ts0590003,ts0590004,ts0590005,ts0590006,ts0590007,ts0590002_PCT,ts0590003_PCT,ts0590004_PCT,ts0590005_PCT,ts0590006_PCT,ts0590007_PCT
E00074440,137,37,14,23,100,76,24,27.00729927007299,10.218978102189782,16.78832116788321,72.99270072992701,55.47445255474452,17.51824817518248
E00074441,139,59,18,41,80,59,21,42.44604316546763,12.949640287769784,29.496402877697843,57.55395683453237,42.44604316546763,15.107913669064748
E00074442,223,68,26,42,155,129,26,30.493273542600896,11.659192825112108,18.83408071748879,69.50672645739911,57.847533632286996,11.659192825112108
E00074443,118,37,20,17,81,65,16,31.35593220338983,16.94915254237288,14.40677966101695,68.64406779661016,55.08474576271186,13.559322033898304
E00074444,187,63,19,44,124,102,22,33.68983957219251,10.16042780748663,23.52941176470588,66.31016042780749,54.54545454545454,11.76470588235294
E00074445,150,52,24,28,98,80,18,34.66666666666667,16,18.666666666666668,65.33333333333333,53.333333333333336,12
E00074446,148,56,30,26,92,83,9,37.83783783783784,20.27027027027027,17.56756756756757,62.16216216216216,56.08108108108109,6.081081081081082
E00074447,191,67,31,36,124,98,26,35.07853403141361,16.230366492146597,18.848167539267017,64.92146596858639,51.30890052356021,13.612565445026178
E00074448,166,63,18,45,103,93,10,37.95180722891566,10.843373493975903,27.10843373493976,62.048192771084345,56.024096385542165,6.024096385542169
E00074449,176,73,31,42,103,86,17,41.47727272727273,17.613636363636363,23.863636363636363,58.52272727272727,48.86363636363637,9.659090909090908
E00074450,117,36,16,20,81,66,15,30.76923076923077,13.675213675213676,17.094017094017094,69.23076923076923,56.41025641025641,12.82051282051282
E00074451,117,40,13,27,77,55,22,34.18803418803419,11.11111111111111,23.076923076923077,65.8119658119658,47.008547008547005,18.803418803418804
E00074452,122,39,12,27,83,72,11,31.967213114754102,9.836065573770492,22.131147540983605,68.0327868852459,59.01639344262295,9.01639344262295
E00074453,162,70,21,49,92,81,11,43.20987654320987,12.962962962962962,30.246913580246915,56.79012345679012,50,6.790123456790123
E00074454,244,84,35,49,160,123,37,34.42622950819672,14.344262295081966,20.081967213114755,65.57377049180327,50.409836065573764,15.163934426229508
E00074455,120,43,20,23,77,60,17,35.833333333333336,16.666666666666664,19.166666666666668,64.16666666666667,50,14.166666666666666
E00074456,211,66,21,45,145,107,38,31.27962085308057,9.95260663507109,21.32701421800948,68.72037914691943,50.71090047393365,18.009478672985782
E00074457,154,49,19,30,105,79,26,31.818181818181817,12.337662337662337,19.480519480519483,68.18181818181817,51.298701298701296,16.883116883116884
E00074458,114,41,18,23,73,58,15,35.96491228070175,15.789473684210526,20.175438596491226,64.03508771929825,50.877192982456144,13.157894736842104
E00074459,48,27,9,18,21,21,0,56.25,18.75,37.5,43.75,43.75,0
E00074460,91,37,16,21,54,38,16,40.65934065934066,17.582417582417584,23.076923076923077,59.34065934065934,41.75824175824176,17.582417582417584
E00074461,194,55,19,36,139,109,30,28.350515463917525,9.793814432989691,18.556701030927837,71.64948453608247,56.18556701030928,15.463917525773196
E00074462,120,37,18,19,83,68,15,30.833333333333336,15,15.833333333333332,69.16666666666667,56.666666666666664,12.5
E00074463,249,69,30,39,180,146,34,27.710843373493976,12.048192771084338,15.66265060240964,72.28915662650603,58.63453815261044,13.654618473895583
E00074464,136,53,13,40,83,69,14,38.970588235294116,9.558823529411764,29.411764705882355,61.029411764705884,50.73529411764706,10.294117647058822
E00074465,140,45,20,25,95,66,29,32.142857142857146,14.285714285714285,17.857142857142858,67.85714285714286,47.14285714285714,20.714285714285715
E00074466,211,77,35,42,134,96,38,36.492890995260666,16.587677725118482,19.90521327014218,63.507109004739334,45.497630331753555,18.009478672985782
E00074467,159,53,15,38,106,86,20,33.33333333333333,9.433962264150944,23.89937106918239,66.66666666666666,54.088050314465406,12.578616352201259
E00074468,113,37,10,27,76,61,15,32.743362831858406,8.849557522123893,23.893805309734514,67.2566371681416,53.98230088495575,13.274336283185843
E00074469,71,24,6,18,47,41,6,33.80281690140845,8.450704225352112,25.352112676056336,66.19718309859155,57.74647887323944,8.450704225352112
E00074470,160,57,20,37,103,88,15,35.625,12.5,23.125,64.375,55.00000000000001,9.375
E00074471,139,53,18,35,86,72,14,38.1294964028777,12.949640287769784,25.179856115107913,61.87050359712231,51.798561151079134,10.071942446043165
E00074472,90,32,11,21,58,43,15,35.55555555555556,12.222222222222221,23.333333333333332,64.44444444444444,47.77777777777778,16.666666666666664
E00074473,139,45,20,25,94,70,24,32.37410071942446,14.388489208633093,17.985611510791365,67.62589928057554,50.35971223021583,17.26618705035971
E00074474,161,63,25,38,98,82,16,39.130434782608695,15.527950310559005,23.60248447204969,60.86956521739131,50.931677018633536,9.937888198757763
E00074475,55,14,5,9,41,31,10,25.454545454545453,9.090909090909092,16.363636363636363,74.54545454545455,56.36363636363636,18.181818181818183
E00074476,123,43,20,23,80,59,21,34.959349593495936,16.260162601626014,18.69918699186992,65.04065040650406,47.96747967479675,17.073170731707318
E00074477,197,60,17,43,137,110,27,30.456852791878177,8.629441624365482,21.82741116751269,69.54314720812182,55.83756345177665,13.705583756345177
E00074478,110,45,19,26,65,51,14,40.909090909090914,17.272727272727273,23.636363636363637,59.09090909090909,46.36363636363636,12.727272727272727
E00074479,141,51,18,33,90,71,19,36.17021276595745,12.76595744680851,23.404255319148938,63.829787234042556,50.35460992907801,13.47517730496454
E00074480,104,31,14,17,73,62,11,29.807692307692307,13.461538461538462,16.346153846153847,70.1923076923077,59.61538461538461,10.576923076923077
E00074481,146,42,15,27,104,80,24,28.767123287671232,10.273972602739725,18.493150684931507,71.23287671232876,54.794520547945204,16.43835616438356
E00074482,107,33,12,21,74,65,9,30.8411214953271,11.214953271028037,19.626168224299064,69.1588785046729,60.747663551401864,8.411214953271028
E00074483,115,40,13,27,75,60,15,34.78260869565217,11.304347826086957,23.47826086956522,65.21739130434783,52.17391304347826,13.043478260869565
E00074484,91,34,14,20,57,49,8,37.362637362637365,15.384615384615385,21.978021978021978,62.637362637362635,53.84615384615385,8.791208791208792
E00074485,182,58,11,47,124,108,16,31.868131868131865,6.043956043956044,25.82417582417583,68.13186813186813,59.34065934065934,8.791208791208792
E00074489,75,29,11,18,46,38,8,38.666666666666664,14.666666666666666,24,61.33333333333333,50.66666666666667,10.666666666666668
E00074490,127,34,11,23,93,78,15,26.77165354330709,8.661417322834646,18.11023622047244,73.22834645669292,61.417322834645674,11.811023622047244
E00074491,96,29,11,18,67,50,17,30.208333333333332,11.458333333333332,18.75,69.79166666666666,52.083333333333336,17.708333333333336
E00074492,175,54,25,29,121,95,26,30.857142857142854,14.285714285714285,16.57142857142857,69.14285714285714,54.285714285714285,14.857142857142858
E00074493,74,31,13,18,43,35,8,41.891891891891895,17.56756756756757,24.324324324324326,58.108108108108105,47.2972972972973,10.81081081081081
E00074494,132,43,19,24,89,62,27,32.57575757575758,14.393939393939394,18.181818181818183,67.42424242424242,46.96969696969697,20.454545454545457
E00074495,102,32,17,15,70,52,18,31.372549019607842,16.666666666666664,14.705882352941178,68.62745098039215,50.98039215686274,17.647058823529413
E00074496,144,52,28,24,92,68,24,36.11111111111111,19.444444444444446,16.666666666666664,63.888888888888886,47.22222222222222,16.666666666666664
E00074497,168,52,23,29,116,95,21,30.952380952380953,13.690476190476192,17.261904761904763,69.04761904761905,56.547619047619044,12.5
E00074498,185,68,25,43,117,92,25,36.75675675675676,13.513513513513514,23.243243243243246,63.24324324324324,49.72972972972973,13.513513513513514
E00074499,199,71,30,41,128,99,29,35.678391959798994,15.07537688442211,20.603015075376884,64.321608040201,49.74874371859296,14.572864321608039
E00074500,202,73,20,53,129,108,21,36.13861386138614,9.900990099009901,26.237623762376238,63.86138613861386,53.46534653465347,10.396039603960396
E00074501,136,54,18,36,82,61,21,39.705882352941174,13.23529411764706,26.47058823529412,60.29411764705882,44.85294117647059,15.441176470588236
E00074502,154,54,24,30,100,83,17,35.064935064935064,15.584415584415584,19.480519480519483,64.93506493506493,53.896103896103895,11.03896103896104
E00074503,130,45,13,32,85,73,12,34.61538461538461,10,24.615384615384617,65.38461538461539,56.15384615384615,9.230769230769232
E00074504,230,58,22,36,172,156,16,25.217391304347824,9.565217391304348,15.65217391304348,74.78260869565217,67.82608695652173,6.956521739130435
E00074505,184,64,21,43,120,101,19,34.78260869565217,11.41304347826087,23.369565217391305,65.21739130434783,54.891304347826086,10.326086956521738
E00074506,156,41,16,25,115,100,15,26.282051282051285,10.256410256410255,16.025641025641026,73.71794871794873,64.1025641025641,9.615384615384617
E00074507,141,56,22,34,85,69,16,39.71631205673759,15.602836879432624,24.113475177304963,60.28368794326241,48.93617021276596,11.347517730496454
E00074508,98,31,6,25,67,54,13,31.63265306122449,6.122448979591836,25.510204081632654,68.36734693877551,55.10204081632652,13.26530612244898
E00074509,229,64,16,48,165,149,16,27.947598253275107,6.986899563318777,20.96069868995633,72.0524017467249,65.06550218340611,6.986899563318777
E00074510,109,42,17,25,67,51,16,38.53211009174312,15.59633027522936,22.93577981651376,61.46788990825688,46.788990825688074,14.678899082568808
E00074511,129,50,16,34,79,71,8,38.759689922480625,12.4031007751938,26.356589147286826,61.240310077519375,55.03875968992248,6.2015503875969
E00074512,190,75,33,42,115,101,14,39.473684210526315,17.36842105263158,22.105263157894736,60.526315789473685,53.1578947368421,7.368421052631578
E00074513,122,40,17,23,82,64,18,32.78688524590164,13.934426229508196,18.852459016393443,67.21311475409836,52.459016393442624,14.754098360655737
E00074514,191,69,21,48,122,107,15,36.12565445026178,10.99476439790576,25.13089005235602,63.87434554973822,56.02094240837696,7.853403141361256
E00074515,146,44,12,32,102,94,8,30.136986301369863,8.21917808219178,21.91780821917808,69.86301369863014,64.38356164383562,5.47945205479452
E00074516,93,35,11,24,58,49,9,37.634408602150536,11.827956989247312,25.806451612903224,62.365591397849464,52.68817204301075,9.67741935483871
E00074517,141,50,12,38,91,82,9,35.46099290780142,8.51063829787234,26.95035460992908,64.53900709219859,58.156028368794324,6.382978723404255
E00074518,133,33,4,29,100,93,7,24.81203007518797,3.007518796992481,21.804511278195488,75.18796992481202,69.92481203007519,5.263157894736842
E00074519,165,65,18,47,100,85,15,39.39393939393939,10.909090909090908,28.484848484848484,60.60606060606061,51.515151515151516,9.090909090909092
E00074520,175,61,19,42,114,95,19,34.85714285714286,10.857142857142858,24,65.14285714285715,54.285714285714285,10.857142857142858
E00074521,154,54,21,33,100,83,17,35.064935064935064,13.636363636363635,21.428571428571427,64.93506493506493,53.896103896103895,11.03896103896104
E00074522,178,42,20,22,136,114,22,23.595505617977526,11.235955056179774,12.359550561797752,76.40449438202246,64.04494382022472,12.359550561797752
E00074523,192,65,23,42,127,116,11,33.85416666666667,11.979166666666668,21.875,66.14583333333334,60.416666666666664,5.729166666666666
E00074524,146,43,21,22,103,85,18,29.45205479452055,14.383561643835616,15.068493150684931,70.54794520547945,58.21917808219178,12.32876712328767
E00074525,104,31,13,18,73,60,13,29.807692307692307,12.5,17.307692307692307,70.1923076923077,57.692307692307686,12.5
E00074526,121,40,17,23,81,66,15,33.057851239669425,14.049586776859504,19.00826446280992,66.94214876033058,54.54545454545454,12.396694214876034
E00074527,126,41,11,30,85,70,15,32.53968253968254,8.73015873015873,23.809523809523807,67.46031746031747,55.55555555555556,11.904761904761903
E00074528,160,51,23,28,109,96,13,31.874999999999996,14.374999999999998,17.5,68.125,60,8.125
E00074529,113,42,19,23,71,57,14,37.16814159292036,16.8141592920354,20.353982300884958,62.83185840707964,50.442477876106196,12.389380530973451
E00074530,105,29,11,18,76,65,11,27.61904761904762,10.476190476190476,17.142857142857142,72.38095238095238,61.904761904761905,10.476190476190476
E00074531,111,39,20,19,72,57,15,35.13513513513514,18.01801801801802,17.117117117117118,64.86486486486487,51.35135135135135,13.513513513513514
E00074532,170,53,19,34,117,100,17,31.176470588235293,11.176470588235295,20,68.82352941176471,58.82352941176471,10
E00074533,65,21,9,12,44,34,10,32.30769230769231,13.846153846153847,18.461538461538463,67.6923076923077,52.307692307692314,15.384615384615385
E00074534,112,28,7,21,84,68,16,25,6.25,18.75,75,60.71428571428571,14.285714285714285
E00074535,178,59,18,41,119,112,7,33.146067415730336,10.112359550561797,23.03370786516854,66.85393258426966,62.92134831460674,3.932584269662921
E00074536,108,34,17,17,74,65,9,31.48148148148148,15.74074074074074,15.74074074074074,68.51851851851852,60.18518518518518,8.333333333333332
E00074537,131,37,12,25,94,75,19,28.24427480916031,9.16030534351145,19.083969465648856,71.7557251908397,57.25190839694656,14.50381679389313
E00074538,133,50,17,33,83,73,10,37.59398496240601,12.781954887218044,24.81203007518797,62.40601503759399,54.88721804511278,7.518796992481203
E00074539,150,47,16,31,103,84,19,31.333333333333336,10.666666666666668,20.666666666666668,68.66666666666667,56.00000000000001,12.666666666666668
E00074540,139,36,8,28,103,89,14,25.899280575539567,5.755395683453238,20.14388489208633,74.10071942446042,64.02877697841727,10.071942446043165
E00074541,135,40,12,28,95,85,10,29.629629629629626,8.88888888888889,20.74074074074074,70.37037037037037,62.96296296296296,7.4074074074074066
E00074542,142,45,14,31,97,90,7,31.690140845070424,9.859154929577464,21.830985915492956,68.30985915492957,63.38028169014085,4.929577464788732
E00074543,114,29,14,15,85,79,6,25.438596491228072,12.280701754385964,13.157894736842104,74.56140350877193,69.2982456140351,5.263157894736842
E00074544,107,25,8,17,82,74,8,23.364485981308412,7.476635514018691,15.887850467289718,76.63551401869158,69.1588785046729,7.476635514018691
E00074545,117,42,16,26,75,59,16,35.8974358974359,13.675213675213676,22.22222222222222,64.1025641025641,50.427350427350426,13.675213675213676
E00074546,115,39,20,19,76,56,20,33.91304347826087,17.391304347826086,16.52173913043478,66.08695652173913,48.69565217391305,17.391304347826086
E00074547,132,51,20,31,81,65,16,38.63636363636363,15.151515151515152,23.484848484848484,61.36363636363637,49.24242424242424,12.121212121212121
E00074548,158,44,15,29,114,88,26,27.848101265822784,9.49367088607595,18.354430379746837,72.15189873417721,55.69620253164557,16.455696202531644
E00074549,120,44,19,25,76,65,11,36.666666666666664,15.833333333333332,20.833333333333336,63.33333333333333,54.166666666666664,9.166666666666666
E00074550,142,61,28,33,81,64,17,42.95774647887324,19.718309859154928,23.239436619718308,57.04225352112676,45.07042253521127,11.971830985915492
E00074551,124,48,19,29,76,64,12,38.70967741935484,15.32258064516129,23.387096774193548,61.29032258064516,51.61290322580645,9.67741935483871
E00074552,115,32,8,24,83,74,9,27.82608695652174,6.956521739130435,20.869565217391305,72.17391304347827,64.34782608695652,7.82608695652174
E00074553,122,62,26,36,60,52,8,50.81967213114754,21.311475409836063,29.508196721311474,49.18032786885246,42.62295081967213,6.557377049180328
E00074554,118,38,13,25,80,69,11,32.20338983050847,11.016949152542372,21.1864406779661,67.79661016949152,58.47457627118644,9.322033898305085
E00074555,140,45,20,25,95,78,17,32.142857142857146,14.285714285714285,17.857142857142858,67.85714285714286,55.714285714285715,12.142857142857142
E00074556,137,39,11,28,98,83,15,28.467153284671532,8.02919708029197,20.437956204379564,71.53284671532847,60.58394160583942,10.948905109489052
E00074557,149,54,11,43,95,83,12,36.241610738255034,7.38255033557047,28.859060402684566,63.758389261744966,55.70469798657718,8.053691275167784
E00074558,126,48,18,30,78,70,8,38.095238095238095,14.285714285714285,23.809523809523807,61.904761904761905,55.55555555555556,6.349206349206349
E00074559,150,48,17,31,102,93,9,32,11.333333333333332,20.666666666666668,68,62,6
E00074560,144,57,25,32,87,74,13,39.58333333333333,17.36111111111111,22.22222222222222,60.416666666666664,51.388888888888886,9.027777777777777
E00074561,133,53,14,39,80,70,10,39.849624060150376,10.526315789473683,29.32330827067669,60.150375939849624,52.63157894736842,7.518796992481203
E00074562,116,48,20,28,68,61,7,41.37931034482759,17.24137931034483,24.137931034482758,58.620689655172406,52.58620689655172,6.0344827586206895
E00074563,129,37,10,27,92,90,2,28.68217054263566,7.751937984496124,20.930232558139537,71.31782945736434,69.76744186046511,1.550387596899225
E00074564,109,37,16,21,72,57,15,33.94495412844037,14.678899082568808,19.26605504587156,66.05504587155964,52.293577981651374,13.761467889908257
E00074565,156,40,15,25,116,102,14,25.64102564102564,9.615384615384617,16.025641025641026,74.35897435897436,65.38461538461539,8.974358974358974
E00074566,153,56,18,38,97,82,15,36.60130718954248,11.76470588235294,24.836601307189543,63.39869281045751,53.59477124183007,9.803921568627452
E00074567,146,50,19,31,96,87,9,34.24657534246575,13.013698630136986,21.232876712328768,65.75342465753424,59.589041095890416,6.164383561643835
E00074568,109,34,15,19,75,71,4,31.19266055045872,13.761467889908257,17.431192660550458,68.80733944954129,65.13761467889908,3.669724770642202
E00074569,175,59,16,43,116,99,17,33.714285714285715,9.142857142857142,24.571428571428573,66.28571428571428,56.57142857142857,9.714285714285714
E00074570,176,62,26,36,114,95,19,35.22727272727273,14.772727272727273,20.454545454545457,64.77272727272727,53.97727272727273,10.795454545454545
E00074571,151,52,17,35,99,90,9,34.437086092715234,11.258278145695364,23.178807947019866,65.56291390728477,59.60264900662252,5.960264900662252
E00074572,156,46,9,37,110,95,15,29.48717948717949,5.769230769230769,23.717948717948715,70.51282051282051,60.89743589743589,9.615384615384617
E00074573,155,50,19,31,105,93,12,32.25806451612903,12.258064516129032,20,67.74193548387096,60,7.741935483870968
E00074574,201,63,17,46,138,121,17,31.343283582089555,8.45771144278607,22.885572139303484,68.65671641791045,60.19900497512438,8.45771144278607
E00074575,107,37,13,24,70,69,1,34.57943925233645,12.149532710280374,22.429906542056074,65.42056074766354,64.48598130841121,0.9345794392523363
E00074576,133,54,15,39,79,69,10,40.6015037593985,11.278195488721805,29.32330827067669,59.3984962406015,51.8796992481203,7.518796992481203
E00074577,167,55,20,35,112,95,17,32.93413173652694,11.976047904191617,20.958083832335326,67.06586826347305,56.886227544910184,10.179640718562874
E00074578,111,39,11,28,72,64,8,35.13513513513514,9.90990990990991,25.225225225225223,64.86486486486487,57.65765765765766,7.207207207207207
E00074579,128,45,20,25,83,71,12,35.15625,15.625,19.53125,64.84375,55.46875,9.375
E00074580,77,27,10,17,50,35,15,35.064935064935064,12.987012987012985,22.07792207792208,64.93506493506493,45.45454545454545,19.480519480519483
E00074581,179,65,28,37,114,89,25,36.312849162011176,15.64245810055866,20.670391061452513,63.687150837988824,49.72067039106145,13.966480446927374
E00074582,145,56,23,33,89,75,14,38.62068965517241,15.862068965517242,22.758620689655174,61.37931034482759,51.724137931034484,9.655172413793103
E00074583,133,56,27,29,77,61,16,42.10526315789473,20.30075187969925,21.804511278195488,57.89473684210527,45.86466165413533,12.030075187969924
E00074584,162,60,25,35,102,93,9,37.03703703703704,15.432098765432098,21.604938271604937,62.96296296296296,57.407407407407405,5.555555555555555
E00074585,80,30,9,21,50,44,6,37.5,11.25,26.25,62.5,55.00000000000001,7.5
E00074586,125,46,12,34,79,66,13,36.8,9.6,27.200000000000003,63.2,52.800000000000004,10.4
E00074587,149,52,29,23,97,76,21,34.899328859060404,19.463087248322147,15.436241610738255,65.1006711409396,51.006711409395976,14.093959731543624
E00074588,165,42,21,21,123,84,39,25.454545454545453,12.727272727272727,12.727272727272727,74.54545454545455,50.90909090909091,23.636363636363637
E00074589,141,49,22,27,92,72,20,34.751773049645394,15.602836879432624,19.148936170212767,65.24822695035462,51.06382978723404,14.184397163120568
E00074590,88,25,12,13,63,53,10,28.40909090909091,13.636363636363635,14.772727272727273,71.5909090909091,60.22727272727273,11.363636363636363
E00074591,137,53,20,33,84,69,15,38.68613138686132,14.5985401459854,24.087591240875913,61.31386861313869,50.36496350364964,10.948905109489052
E00074592,163,61,31,30,102,81,21,37.423312883435585,19.018404907975462,18.404907975460123,62.57668711656442,49.693251533742334,12.883435582822086
E00074593,112,38,14,24,74,61,13,33.92857142857143,12.5,21.428571428571427,66.07142857142857,54.46428571428571,11.607142857142858
E00074594,193,59,29,30,134,107,27,30.569948186528496,15.025906735751295,15.544041450777202,69.43005181347151,55.44041450777202,13.989637305699482
E00074595,110,37,9,28,73,48,25,33.63636363636363,8.181818181818182,25.454545454545453,66.36363636363637,43.63636363636363,22.727272727272727
E00074596,84,30,14,16,54,41,13,35.714285714285715,16.666666666666664,19.047619047619047,64.28571428571429,48.80952380952381,15.476190476190476
E00074597,97,21,10,11,76,58,18,21.649484536082475,10.309278350515463,11.34020618556701,78.35051546391753,59.79381443298969,18.556701030927837
E00074598,195,71,38,33,124,98,26,36.41025641025641,19.48717948717949,16.923076923076923,63.589743589743584,50.256410256410255,13.333333333333334
E00074600,149,51,18,33,98,85,13,34.22818791946309,12.080536912751679,22.14765100671141,65.77181208053692,57.04697986577181,8.724832214765101
E00074601,135,43,15,28,92,70,22,31.851851851851855,11.11111111111111,20.74074074074074,68.14814814814815,51.85185185185185,16.296296296296298
E00074602,138,60,29,31,78,55,23,43.47826086956522,21.014492753623188,22.463768115942027,56.52173913043478,39.85507246376812,16.666666666666664
E00074603,124,47,18,29,77,52,25,37.903225806451616,14.516129032258066,23.387096774193548,62.096774193548384,41.935483870967744,20.161290322580644
E00074604,165,52,28,24,113,85,28,31.515151515151512,16.969696969696972,14.545454545454545,68.48484848484848,51.515151515151516,16.969696969696972
E00074605,109,50,19,31,59,50,9,45.87155963302752,17.431192660550458,28.440366972477065,54.12844036697248,45.87155963302752,8.256880733944955
E00074606,134,45,17,28,89,72,17,33.582089552238806,12.686567164179104,20.8955223880597,66.4179104477612,53.73134328358209,12.686567164179104
E00074607,190,57,19,38,133,104,29,30,10,20,70,54.736842105263165,15.263157894736842
E00074608,100,46,21,25,54,39,15,46,21,25,54,39,15
E00074609,97,37,16,21,60,39,21,38.144329896907216,16.49484536082474,21.649484536082475,61.855670103092784,40.20618556701031,21.649484536082475
E00074610,110,44,12,32,66,56,10,40,10.909090909090908,29.09090909090909,60,50.90909090909091,9.090909090909092
E00074611,110,38,14,24,72,62,10,34.54545454545455,12.727272727272727,21.818181818181817,65.45454545454545,56.36363636363636,9.090909090909092
E00074612,95,34,17,17,61,51,10,35.78947368421053,17.894736842105264,17.894736842105264,64.21052631578948,53.68421052631579,10.526315789473683
E00074613,144,54,25,29,90,77,13,37.5,17.36111111111111,20.13888888888889,62.5,53.47222222222222,9.027777777777777
E00074614,153,56,15,41,97,81,16,36.60130718954248,9.803921568627452,26.797385620915033,63.39869281045751,52.94117647058824,10.457516339869281
E00074615,142,46,20,26,96,84,12,32.3943661971831,14.084507042253522,18.30985915492958,67.6056338028169,59.154929577464785,8.450704225352112
E00074616,131,39,11,28,92,73,19,29.770992366412212,8.396946564885496,21.374045801526716,70.22900763358778,55.72519083969466,14.50381679389313
E00074617,221,69,24,45,152,127,25,31.221719457013574,10.85972850678733,20.361990950226243,68.77828054298642,57.466063348416284,11.312217194570136
E00074618,101,43,19,24,58,43,15,42.57425742574257,18.81188118811881,23.762376237623762,57.42574257425742,42.57425742574257,14.85148514851485
E00074619,105,33,12,21,72,61,11,31.428571428571427,11.428571428571429,20,68.57142857142857,58.0952380952381,10.476190476190476
E00074620,114,35,7,28,79,65,14,30.701754385964914,6.140350877192982,24.561403508771928,69.2982456140351,57.01754385964912,12.280701754385964
E00074623,167,57,22,35,110,93,17,34.13173652694611,13.17365269461078,20.958083832335326,65.86826347305389,55.688622754491014,10.179640718562874
E00074625,150,43,14,29,107,81,26,28.666666666666668,9.333333333333334,19.333333333333332,71.33333333333334,54,17.333333333333336
E00074626,22,8,1,7,14,11,3,36.36363636363637,4.545454545454546,31.818181818181817,63.63636363636363,50,13.636363636363635
E00074627,199,71,23,48,128,98,30,35.678391959798994,11.557788944723619,24.120603015075375,64.321608040201,49.246231155778894,15.07537688442211
E00074629,124,47,14,33,77,65,12,37.903225806451616,11.29032258064516,26.61290322580645,62.096774193548384,52.41935483870967,9.67741935483871
E00074630,165,58,26,32,107,85,22,35.15151515151515,15.757575757575756,19.393939393939394,64.84848484848484,51.515151515151516,13.333333333333334
E00074631,183,65,17,48,118,90,28,35.51912568306011,9.289617486338798,26.229508196721312,64.48087431693989,49.18032786885246,15.300546448087433
E00074633,228,81,31,50,147,112,35,35.526315789473685,13.596491228070176,21.929824561403507,64.47368421052632,49.122807017543856,15.350877192982457
E00074634,203,72,26,46,131,111,20,35.467980295566505,12.807881773399016,22.660098522167488,64.5320197044335,54.679802955665025,9.852216748768473
E00074635,115,46,18,28,69,52,17,40,15.65217391304348,24.347826086956523,60,45.21739130434783,14.782608695652174
E00074636,170,65,18,47,105,90,15,38.23529411764706,10.588235294117647,27.647058823529413,61.76470588235294,52.94117647058824,8.823529411764707
E00074637,253,68,17,51,185,159,26,26.877470355731226,6.719367588932807,20.158102766798418,73.12252964426878,62.845849802371546,10.276679841897234
E00074638,183,46,13,33,137,118,19,25.136612021857925,7.103825136612022,18.0327868852459,74.86338797814209,64.48087431693989,10.382513661202186
E00074639,147,53,14,39,94,82,12,36.054421768707485,9.523809523809524,26.53061224489796,63.94557823129252,55.78231292517006,8.16326530612245
E00074640,132,40,15,25,92,82,10,30.303030303030305,11.363636363636363,18.939393939393938,69.6969696969697,62.121212121212125,7.575757575757576
E00074641,78,25,12,13,53,44,9,32.05128205128205,15.384615384615385,16.666666666666664,67.94871794871796,56.41025641025641,11.538461538461538
E00074642,135,53,21,32,82,70,12,39.25925925925926,15.555555555555555,23.703703703703706,60.74074074074074,51.85185185185185,8.88888888888889
E00074643,110,43,20,23,67,51,16,39.09090909090909,18.181818181818183,20.909090909090907,60.909090909090914,46.36363636363636,14.545454545454545
E00074644,163,49,10,39,114,94,20,30.061349693251532,6.134969325153374,23.92638036809816,69.93865030674846,57.668711656441715,12.269938650306749
E00074645,164,68,35,33,96,86,10,41.46341463414634,21.341463414634145,20.121951219512198,58.536585365853654,52.4390243902439,6.097560975609756
E00074646,137,39,14,25,98,86,12,28.467153284671532,10.218978102189782,18.248175182481752,71.53284671532847,62.77372262773723,8.75912408759124
E00074647,169,58,12,46,111,100,11,34.319526627218934,7.100591715976331,27.218934911242602,65.68047337278107,59.171597633136095,6.508875739644971
E00074648,111,46,17,29,65,55,10,41.44144144144144,15.315315315315313,26.126126126126124,58.55855855855856,49.549549549549546,9.00900900900901
E00074649,148,56,20,36,92,80,12,37.83783783783784,13.513513513513514,24.324324324324326,62.16216216216216,54.054054054054056,8.108108108108109
E00074650,177,51,18,33,126,111,15,28.8135593220339,10.16949152542373,18.64406779661017,71.1864406779661,62.71186440677966,8.47457627118644
E00074651,125,44,18,26,81,68,13,35.199999999999996,14.399999999999999,20.8,64.8,54.400000000000006,10.4
E00074652,122,38,13,25,84,70,14,31.147540983606557,10.655737704918032,20.491803278688526,68.85245901639344,57.377049180327866,11.475409836065573
E00074653,141,56,21,35,85,64,21,39.71631205673759,14.893617021276595,24.822695035460992,60.28368794326241,45.39007092198582,14.893617021276595
E00074654,134,45,15,30,89,78,11,33.582089552238806,11.194029850746269,22.388059701492537,66.4179104477612,58.2089552238806,8.208955223880597
E00074655,146,52,16,36,94,83,11,35.61643835616438,10.95890410958904,24.65753424657534,64.38356164383562,56.849315068493155,7.534246575342466
E00074656,81,29,11,18,52,51,1,35.80246913580247,13.580246913580247,22.22222222222222,64.19753086419753,62.96296296296296,1.2345679012345678
E00074657,125,45,19,26,80,67,13,36,15.2,20.8,64,53.6,10.4
E00074658,174,63,21,42,111,91,20,36.206896551724135,12.068965517241379,24.137931034482758,63.793103448275865,52.29885057471264,11.494252873563218
E00074659,188,62,25,37,126,113,13,32.97872340425532,13.297872340425531,19.680851063829788,67.02127659574468,60.1063829787234,6.914893617021277
E00074660,122,37,9,28,85,79,6,30.327868852459016,7.377049180327869,22.950819672131146,69.67213114754098,64.75409836065575,4.918032786885246
E00074661,170,51,14,37,119,95,24,30,8.235294117647058,21.764705882352942,70,55.88235294117647,14.117647058823529
E00074662,91,37,16,21,54,46,8,40.65934065934066,17.582417582417584,23.076923076923077,59.34065934065934,50.54945054945055,8.791208791208792
E00074663,126,48,17,31,78,72,6,38.095238095238095,13.492063492063492,24.6031746031746,61.904761904761905,57.14285714285714,4.761904761904762
E00074664,141,55,16,39,86,71,15,39.00709219858156,11.347517730496454,27.659574468085108,60.99290780141844,50.35460992907801,10.638297872340425
E00074665,105,25,9,16,80,65,15,23.809523809523807,8.571428571428571,15.238095238095239,76.19047619047619,61.904761904761905,14.285714285714285
E00074666,109,31,9,22,78,68,10,28.440366972477065,8.256880733944955,20.18348623853211,71.55963302752293,62.38532110091744,9.174311926605505
E00074667,143,43,15,28,100,91,9,30.069930069930066,10.48951048951049,19.58041958041958,69.93006993006993,63.63636363636363,6.293706293706294
E00074668,125,28,11,17,97,84,13,22.400000000000002,8.799999999999999,13.600000000000001,77.60000000000001,67.2,10.4
E00074669,150,52,17,35,98,92,6,34.66666666666667,11.333333333333332,23.333333333333332,65.33333333333333,61.33333333333333,4
E00074670,96,34,8,26,62,51,11,35.41666666666667,8.333333333333332,27.083333333333332,64.58333333333334,53.125,11.458333333333332
E00074671,151,59,24,35,92,81,11,39.0728476821192,15.894039735099339,23.178807947019866,60.9271523178808,53.64238410596026,7.28476821192053
E00074672,126,42,11,31,84,63,21,33.33333333333333,8.73015873015873,24.6031746031746,66.66666666666666,50,16.666666666666664
E00074673,73,34,14,20,39,29,10,46.57534246575342,19.17808219178082,27.397260273972602,53.42465753424658,39.726027397260275,13.698630136986301
E00074674,92,33,13,20,59,50,9,35.869565217391305,14.130434782608695,21.73913043478261,64.13043478260869,54.347826086956516,9.782608695652174
E00074675,131,42,18,24,89,81,8,32.06106870229007,13.740458015267176,18.3206106870229,67.93893129770993,61.832061068702295,6.106870229007633
E00074676,124,44,17,27,80,70,10,35.483870967741936,13.709677419354838,21.774193548387096,64.51612903225806,56.451612903225815,8.064516129032258
E00074677,107,33,15,18,74,62,12,30.8411214953271,14.018691588785046,16.822429906542055,69.1588785046729,57.943925233644855,11.214953271028037
E00074678,110,45,14,31,65,58,7,40.909090909090914,12.727272727272727,28.18181818181818,59.09090909090909,52.72727272727272,6.363636363636363
E00074679,109,38,18,20,71,61,10,34.862385321100916,16.51376146788991,18.34862385321101,65.13761467889908,55.96330275229357,9.174311926605505
E00074680,96,30,11,19,66,58,8,31.25,11.458333333333332,19.791666666666664,68.75,60.416666666666664,8.333333333333332
E00074681,145,51,20,31,94,78,16,35.172413793103445,13.793103448275861,21.379310344827587,64.82758620689654,53.79310344827586,11.03448275862069
E00074682,164,61,19,42,103,90,13,37.19512195121951,11.585365853658537,25.609756097560975,62.80487804878049,54.87804878048781,7.926829268292683
E00074683,80,25,7,18,55,50,5,31.25,8.75,22.5,68.75,62.5,6.25
E00074684,114,45,20,25,69,62,7,39.473684210526315,17.543859649122805,21.929824561403507,60.526315789473685,54.385964912280706,6.140350877192982
E00074685,167,52,22,30,115,98,17,31.137724550898206,13.17365269461078,17.964071856287426,68.8622754491018,58.68263473053892,10.179640718562874
E00074686,93,30,8,22,63,57,6,32.25806451612903,8.60215053763441,23.655913978494624,67.74193548387096,61.29032258064516,6.451612903225806
E00074687,70,17,11,6,53,46,7,24.285714285714285,15.714285714285714,8.571428571428571,75.71428571428571,65.71428571428571,10
E00074688,131,41,11,30,90,84,6,31.297709923664126,8.396946564885496,22.900763358778626,68.70229007633588,64.12213740458014,4.580152671755725
E00074689,144,49,13,36,95,83,12,34.02777777777778,9.027777777777777,25,65.97222222222221,57.638888888888886,8.333333333333332
E00074690,147,54,21,33,93,85,8,36.734693877551024,14.285714285714285,22.448979591836736,63.26530612244898,57.82312925170068,5.442176870748299
E00074691,106,36,8,28,70,59,11,33.9622641509434,7.547169811320755,26.41509433962264,66.0377358490566,55.660377358490564,10.377358490566039
E00074692,106,33,8,25,73,55,18,31.132075471698112,7.547169811320755,23.58490566037736,68.86792452830188,51.886792452830186,16.9811320754717
E00074693,136,44,15,29,92,81,11,32.35294117647059,11.029411764705882,21.323529411764707,67.64705882352942,59.55882352941176,8.088235294117647
E00074694,276,74,22,52,202,171,31,26.811594202898554,7.971014492753622,18.84057971014493,73.18840579710145,61.95652173913043,11.231884057971014
E00074695,141,57,17,40,84,70,14,40.42553191489361,12.056737588652481,28.368794326241137,59.57446808510638,49.645390070921984,9.929078014184398
E00074696,160,52,25,27,108,93,15,32.5,15.625,16.875,67.5,58.12500000000001,9.375
E00074697,158,42,15,27,116,98,18,26.582278481012654,9.49367088607595,17.088607594936708,73.41772151898735,62.0253164556962,11.39240506329114
E00074698,197,66,22,44,131,116,15,33.50253807106599,11.16751269035533,22.33502538071066,66.49746192893402,58.88324873096447,7.614213197969544
E00074699,131,36,13,23,95,83,12,27.480916030534353,9.923664122137405,17.557251908396946,72.51908396946564,63.358778625954194,9.16030534351145
E00074700,107,39,14,25,68,64,4,36.44859813084112,13.084112149532709,23.364485981308412,63.55140186915887,59.813084112149525,3.7383177570093453
E00074701,107,31,8,23,76,68,8,28.971962616822427,7.476635514018691,21.49532710280374,71.02803738317756,63.55140186915887,7.476635514018691
E00074702,129,40,10,30,89,76,13,31.007751937984494,7.751937984496124,23.25581395348837,68.9922480620155,58.91472868217055,10.077519379844961
E00074703,114,43,11,32,71,61,10,37.719298245614034,9.649122807017543,28.07017543859649,62.28070175438597,53.50877192982456,8.771929824561402
E00074704,168,41,13,28,127,109,18,24.404761904761905,7.738095238095238,16.666666666666664,75.59523809523809,64.88095238095238,10.714285714285714
E00074705,125,42,10,32,83,73,10,33.6,8,25.6,66.4,58.4,8
E00074706,131,40,17,23,91,76,15,30.53435114503817,12.977099236641221,17.557251908396946,69.46564885496184,58.01526717557252,11.450381679389313
E00074707,94,30,12,18,64,46,18,31.914893617021278,12.76595744680851,19.148936170212767,68.08510638297872,48.93617021276596,19.148936170212767
E00074708,143,46,15,31,97,82,15,32.16783216783217,10.48951048951049,21.678321678321677,67.83216783216784,57.34265734265735,10.48951048951049
E00074709,91,34,8,26,57,50,7,37.362637362637365,8.791208791208792,28.57142857142857,62.637362637362635,54.94505494505495,7.6923076923076925
E00074711,138,43,18,25,95,81,14,31.15942028985507,13.043478260869565,18.115942028985508,68.84057971014492,58.69565217391305,10.144927536231885
E00074712,138,56,20,36,82,72,10,40.57971014492754,14.492753623188406,26.08695652173913,59.42028985507246,52.17391304347826,7.246376811594203
E00074713,190,60,21,39,130,113,17,31.57894736842105,11.052631578947368,20.526315789473685,68.42105263157895,59.473684210526315,8.947368421052632
E00074714,142,53,20,33,89,71,18,37.32394366197183,14.084507042253522,23.239436619718308,62.676056338028175,50,12.676056338028168
E00074715,102,28,13,15,74,63,11,27.450980392156865,12.745098039215685,14.705882352941178,72.54901960784314,61.76470588235294,10.784313725490197
E00074716,126,42,19,23,84,62,22,33.33333333333333,15.079365079365079,18.253968253968253,66.66666666666666,49.2063492063492,17.46031746031746
E00074717,125,45,13,32,80,64,16,36,10.4,25.6,64,51.2,12.8
E00074718,115,51,22,29,64,48,16,44.34782608695652,19.130434782608695,25.217391304347824,55.65217391304348,41.73913043478261,13.91304347826087
E00074719,96,34,10,24,62,47,15,35.41666666666667,10.416666666666668,25,64.58333333333334,48.95833333333333,15.625
E00074720,120,50,17,33,70,58,12,41.66666666666667,14.166666666666666,27.500000000000004,58.333333333333336,48.333333333333336,10
E00074721,309,75,23,52,234,201,33,24.271844660194176,7.443365695792881,16.828478964401295,75.72815533980582,65.0485436893204,10.679611650485436
E00074722,274,92,29,63,182,159,23,33.57664233576642,10.583941605839415,22.99270072992701,66.42335766423358,58.02919708029197,8.394160583941606
E00074723,115,41,18,23,74,63,11,35.65217391304348,15.65217391304348,20,64.34782608695652,54.78260869565217,9.565217391304348
E00074724,131,48,20,28,83,74,9,36.6412213740458,15.267175572519085,21.374045801526716,63.358778625954194,56.48854961832062,6.870229007633588
E00074725,131,41,14,27,90,80,10,31.297709923664126,10.687022900763358,20.610687022900763,68.70229007633588,61.06870229007634,7.633587786259542
E00074726,151,56,20,36,95,75,20,37.086092715231786,13.245033112582782,23.841059602649008,62.913907284768214,49.668874172185426,13.245033112582782
E00074728,140,41,14,27,99,83,16,29.28571428571429,10,19.28571428571429,70.71428571428572,59.285714285714285,11.428571428571429
E00074729,147,40,14,26,107,85,22,27.2108843537415,9.523809523809524,17.687074829931973,72.78911564625851,57.82312925170068,14.965986394557824
E00074730,101,40,15,25,61,50,11,39.603960396039604,14.85148514851485,24.752475247524753,60.396039603960396,49.504950495049506,10.891089108910892
E00074731,135,36,7,29,99,87,12,26.666666666666668,5.185185185185185,21.48148148148148,73.33333333333333,64.44444444444444,8.88888888888889
E00074732,190,64,22,42,126,104,22,33.68421052631579,11.578947368421053,22.105263157894736,66.3157894736842,54.736842105263165,11.578947368421053
E00074733,127,47,16,31,80,64,16,37.00787401574803,12.598425196850393,24.409448818897637,62.99212598425197,50.39370078740157,12.598425196850393
E00074734,136,44,11,33,92,74,18,32.35294117647059,8.088235294117647,24.264705882352942,67.64705882352942,54.41176470588235,13.23529411764706
E00074735,159,42,14,28,117,107,10,26.41509433962264,8.80503144654088,17.61006289308176,73.58490566037736,67.29559748427673,6.289308176100629
E00074736,175,61,23,38,114,94,20,34.85714285714286,13.142857142857142,21.714285714285715,65.14285714285715,53.714285714285715,11.428571428571429
E00074737,146,49,18,31,97,86,11,33.56164383561644,12.32876712328767,21.232876712328768,66.43835616438356,58.9041095890411,7.534246575342466
E00074738,163,69,17,52,94,77,17,42.331288343558285,10.429447852760736,31.901840490797547,57.668711656441715,47.239263803680984,10.429447852760736
E00074739,213,85,26,59,128,105,23,39.906103286384976,12.206572769953052,27.699530516431924,60.093896713615024,49.29577464788733,10.7981220657277
E00074740,71,24,8,16,47,37,10,33.80281690140845,11.267605633802818,22.535211267605636,66.19718309859155,52.112676056338024,14.084507042253522
E00074741,139,44,19,25,95,71,24,31.654676258992804,13.66906474820144,17.985611510791365,68.34532374100719,51.07913669064749,17.26618705035971
E00074742,115,55,23,32,60,52,8,47.82608695652174,20,27.82608695652174,52.17391304347826,45.21739130434783,6.956521739130435
E00074743,145,50,16,34,95,85,10,34.48275862068966,11.03448275862069,23.448275862068964,65.51724137931035,58.620689655172406,6.896551724137931
E00074744,124,43,10,33,81,68,13,34.67741935483871,8.064516129032258,26.61290322580645,65.32258064516128,54.83870967741935,10.483870967741936
E00074745,141,44,14,30,97,80,17,31.20567375886525,9.929078014184398,21.27659574468085,68.79432624113475,56.73758865248227,12.056737588652481
E00074746,175,49,15,34,126,106,20,28.000000000000004,8.571428571428571,19.428571428571427,72,60.57142857142858,11.428571428571429
E00074747,102,31,12,19,71,63,8,30.392156862745097,11.76470588235294,18.627450980392158,69.6078431372549,61.76470588235294,7.8431372549019605
E00074748,138,57,25,32,81,68,13,41.30434782608695,18.115942028985508,23.18840579710145,58.69565217391305,49.275362318840585,9.420289855072465
E00074749,127,44,15,29,83,73,10,34.645669291338585,11.811023622047244,22.83464566929134,65.35433070866141,57.48031496062992,7.874015748031496
E00074750,180,62,22,40,118,98,20,34.44444444444444,12.222222222222221,22.22222222222222,65.55555555555556,54.44444444444444,11.11111111111111
E00074751,112,34,12,22,78,67,11,30.357142857142854,10.714285714285714,19.642857142857142,69.64285714285714,59.82142857142857,9.821428571428571
E00074752,134,44,17,27,90,74,16,32.83582089552239,12.686567164179104,20.149253731343283,67.16417910447761,55.223880597014926,11.940298507462686
E00074753,185,66,18,48,119,104,15,35.67567567567568,9.72972972972973,25.945945945945947,64.32432432432432,56.21621621621622,8.108108108108109
E00074754,117,46,21,25,71,61,10,39.31623931623932,17.94871794871795,21.367521367521366,60.68376068376068,52.13675213675214,8.547008547008547
E00074755,118,38,18,20,80,70,10,32.20338983050847,15.254237288135593,16.94915254237288,67.79661016949152,59.32203389830508,8.47457627118644
E00074756,243,86,32,54,157,133,24,35.390946502057616,13.168724279835391,22.22222222222222,64.60905349794238,54.73251028806584,9.876543209876543
E00074757,146,52,14,38,94,82,12,35.61643835616438,9.58904109589041,26.027397260273972,64.38356164383562,56.16438356164384,8.21917808219178
E00074758,101,35,13,22,66,55,11,34.65346534653465,12.871287128712872,21.782178217821784,65.34653465346535,54.45544554455446,10.891089108910892
E00074759,125,39,13,26,86,70,16,31.2,10.4,20.8,68.8,56.00000000000001,12.8
E00074760,112,45,17,28,67,56,11,40.17857142857143,15.178571428571427,25,59.82142857142857,50,9.821428571428571
E00074761,117,41,16,25,76,60,16,35.04273504273504,13.675213675213676,21.367521367521366,64.95726495726495,51.28205128205128,13.675213675213676
E00074762,133,47,14,33,86,72,14,35.338345864661655,10.526315789473683,24.81203007518797,64.66165413533834,54.13533834586466,10.526315789473683
E00074763,116,38,15,23,78,68,10,32.758620689655174,12.931034482758621,19.82758620689655,67.24137931034483,58.620689655172406,8.620689655172415
E00074764,123,43,20,23,80,68,12,34.959349593495936,16.260162601626014,18.69918699186992,65.04065040650406,55.28455284552846,9.75609756097561
E00074765,128,28,7,21,100,93,7,21.875,5.46875,16.40625,78.125,72.65625,5.46875
E00074766,95,29,9,20,66,53,13,30.526315789473685,9.473684210526317,21.052631578947366,69.47368421052632,55.78947368421052,13.684210526315791
E00074767,161,39,7,32,122,108,14,24.22360248447205,4.3478260869565215,19.875776397515526,75.77639751552795,67.08074534161491,8.695652173913043
E00074768,145,44,12,32,101,84,17,30.344827586206897,8.275862068965518,22.06896551724138,69.6551724137931,57.931034482758626,11.724137931034482
E00074769,139,43,17,26,96,85,11,30.935251798561154,12.23021582733813,18.705035971223023,69.06474820143885,61.15107913669065,7.913669064748201
E00074770,143,55,28,27,88,78,10,38.46153846153847,19.58041958041958,18.88111888111888,61.53846153846154,54.54545454545454,6.993006993006993
E00074771,170,56,22,34,114,99,15,32.94117647058823,12.941176470588237,20,67.05882352941175,58.235294117647065,8.823529411764707
E00074772,158,45,13,32,113,100,13,28.48101265822785,8.227848101265822,20.253164556962027,71.51898734177216,63.29113924050633,8.227848101265822
E00074773,47,10,1,9,37,33,4,21.27659574468085,2.127659574468085,19.148936170212767,78.72340425531915,70.2127659574468,8.51063829787234
E00074774,155,37,13,24,118,104,14,23.870967741935484,8.38709677419355,15.483870967741936,76.12903225806451,67.0967741935484,9.032258064516128
E00074775,103,42,14,28,61,57,4,40.77669902912621,13.592233009708737,27.184466019417474,59.22330097087378,55.33980582524271,3.8834951456310676
E00074776,29,8,3,5,21,16,5,27.586206896551722,10.344827586206897,17.24137931034483,72.41379310344827,55.172413793103445,17.24137931034483
E00074777,99,30,9,21,69,60,9,30.303030303030305,9.090909090909092,21.21212121212121,69.6969696969697,60.60606060606061,9.090909090909092
E00074778,59,16,5,11,43,36,7,27.11864406779661,8.47457627118644,18.64406779661017,72.88135593220339,61.016949152542374,11.864406779661017
E00074779,151,50,17,33,101,79,22,33.11258278145696,11.258278145695364,21.85430463576159,66.88741721854305,52.317880794701985,14.56953642384106
E00074780,136,46,19,27,90,81,9,33.82352941176471,13.970588235294118,19.852941176470587,66.17647058823529,59.55882352941176,6.61764705882353
E00074781,153,39,13,26,114,97,17,25.49019607843137,8.49673202614379,16.99346405228758,74.50980392156863,63.39869281045751,11.11111111111111
E00074782,168,51,22,29,117,100,17,30.357142857142854,13.095238095238097,17.261904761904763,69.64285714285714,59.523809523809526,10.119047619047619
E00074783,188,63,27,36,125,113,12,33.51063829787234,14.361702127659576,19.148936170212767,66.48936170212765,60.1063829787234,6.382978723404255
E00074784,111,28,14,14,83,75,8,25.225225225225223,12.612612612612612,12.612612612612612,74.77477477477478,67.56756756756756,7.207207207207207
E00074785,129,48,16,32,81,68,13,37.2093023255814,12.4031007751938,24.8062015503876,62.7906976744186,52.71317829457365,10.077519379844961
E00074786,144,39,8,31,105,100,5,27.083333333333332,5.555555555555555,21.52777777777778,72.91666666666666,69.44444444444444,3.4722222222222223
E00074787,160,40,15,25,120,107,13,25,9.375,15.625,75,66.875,8.125
E00074788,107,39,14,25,68,57,11,36.44859813084112,13.084112149532709,23.364485981308412,63.55140186915887,53.271028037383175,10.2803738317757
E00074789,94,33,9,24,61,50,11,35.1063829787234,9.574468085106384,25.53191489361702,64.8936170212766,53.191489361702125,11.702127659574469
E00074790,151,49,18,31,102,91,11,32.450331125827816,11.920529801324504,20.52980132450331,67.54966887417218,60.264900662251655,7.28476821192053
E00074791,94,31,10,21,63,53,10,32.97872340425532,10.638297872340425,22.340425531914892,67.02127659574468,56.38297872340425,10.638297872340425
E00074792,119,34,14,20,85,76,9,28.57142857142857,11.76470588235294,16.80672268907563,71.42857142857143,63.86554621848739,7.563025210084033
E00074793,111,38,14,24,73,66,7,34.234234234234236,12.612612612612612,21.62162162162162,65.76576576576578,59.45945945945946,6.306306306306306
E00074794,82,27,9,18,55,47,8,32.926829268292686,10.975609756097562,21.951219512195124,67.07317073170732,57.3170731707317,9.75609756097561
E00074795,90,37,9,28,53,44,9,41.11111111111111,10,31.11111111111111,58.88888888888889,48.888888888888886,10
E00074796,157,53,18,35,104,84,20,33.75796178343949,11.464968152866243,22.29299363057325,66.2420382165605,53.503184713375795,12.738853503184714
E00074797,160,55,27,28,105,86,19,34.375,16.875,17.5,65.625,53.75,11.875
E00074798,132,40,16,24,92,79,13,30.303030303030305,12.121212121212121,18.181818181818183,69.6969696969697,59.84848484848485,9.848484848484848
E00074799,119,42,16,26,77,61,16,35.294117647058826,13.445378151260504,21.84873949579832,64.70588235294117,51.26050420168067,13.445378151260504
E00074800,159,50,15,35,109,98,11,31.446540880503143,9.433962264150944,22.0125786163522,68.55345911949685,61.63522012578616,6.918238993710692
E00074801,109,37,19,18,72,54,18,33.94495412844037,17.431192660550458,16.51376146788991,66.05504587155964,49.54128440366973,16.51376146788991
E00074802,93,25,10,15,68,58,10,26.881720430107524,10.75268817204301,16.129032258064516,73.11827956989248,62.365591397849464,10.75268817204301
E00074803,126,35,7,28,91,82,9,27.77777777777778,5.555555555555555,22.22222222222222,72.22222222222221,65.07936507936508,7.142857142857142
E00074804,142,48,14,34,94,78,16,33.80281690140845,9.859154929577464,23.943661971830984,66.19718309859155,54.929577464788736,11.267605633802818
E00074805,133,50,19,31,83,72,11,37.59398496240601,14.285714285714285,23.308270676691727,62.40601503759399,54.13533834586466,8.270676691729323
E00074806,109,31,7,24,78,64,14,28.440366972477065,6.422018348623854,22.018348623853214,71.55963302752293,58.71559633027523,12.844036697247708
E00074807,141,47,15,32,94,71,23,33.33333333333333,10.638297872340425,22.69503546099291,66.66666666666666,50.35460992907801,16.312056737588655
E00074808,134,45,17,28,89,75,14,33.582089552238806,12.686567164179104,20.8955223880597,66.4179104477612,55.970149253731336,10.44776119402985
E00074809,175,51,19,32,124,103,21,29.142857142857142,10.857142857142858,18.285714285714285,70.85714285714285,58.857142857142854,12
E00074810,125,30,9,21,95,87,8,24,7.199999999999999,16.8,76,69.6,6.4
E00074811,146,44,15,29,102,84,18,30.136986301369863,10.273972602739725,19.863013698630137,69.86301369863014,57.534246575342465,12.32876712328767
E00074812,113,28,11,17,85,76,9,24.778761061946902,9.734513274336283,15.04424778761062,75.22123893805309,67.2566371681416,7.964601769911504
E00074813,130,33,19,14,97,76,21,25.384615384615383,14.615384615384617,10.76923076923077,74.61538461538461,58.46153846153847,16.153846153846153
E00074814,152,59,25,34,93,72,21,38.81578947368421,16.447368421052634,22.36842105263158,61.18421052631579,47.368421052631575,13.815789473684212
E00074815,118,46,15,31,72,59,13,38.983050847457626,12.711864406779661,26.27118644067797,61.016949152542374,50,11.016949152542372
E00074816,135,42,9,33,93,74,19,31.11111111111111,6.666666666666667,24.444444444444443,68.88888888888889,54.81481481481482,14.074074074074074
E00074817,120,50,22,28,70,57,13,41.66666666666667,18.333333333333332,23.333333333333332,58.333333333333336,47.5,10.833333333333334
E00074818,140,50,21,29,90,80,10,35.714285714285715,15,20.714285714285715,64.28571428571429,57.14285714285714,7.142857142857142
E00074819,177,58,15,43,119,97,22,32.7683615819209,8.47457627118644,24.293785310734464,67.2316384180791,54.80225988700565,12.429378531073446
E00074820,193,64,27,37,129,109,20,33.160621761658035,13.989637305699482,19.170984455958546,66.83937823834198,56.476683937823836,10.362694300518134
E00074821,213,63,17,46,150,134,16,29.577464788732392,7.981220657276995,21.5962441314554,70.4225352112676,62.91079812206573,7.511737089201878
E00074823,197,59,15,44,138,123,15,29.949238578680205,7.614213197969544,22.33502538071066,70.05076142131979,62.43654822335025,7.614213197969544
E00074824,175,38,12,26,137,122,15,21.714285714285715,6.857142857142858,14.857142857142858,78.28571428571428,69.71428571428572,8.571428571428571
E00074825,147,52,19,33,95,85,10,35.374149659863946,12.925170068027212,22.448979591836736,64.62585034013605,57.82312925170068,6.802721088435375
E00074826,228,64,25,39,164,141,23,28.07017543859649,10.964912280701753,17.105263157894736,71.9298245614035,61.8421052631579,10.087719298245613
E00074828,169,52,13,39,117,102,15,30.76923076923077,7.6923076923076925,23.076923076923077,69.23076923076923,60.35502958579882,8.875739644970414
E00074829,128,36,13,23,92,71,21,28.125,10.15625,17.96875,71.875,55.46875,16.40625
E00074830,141,42,10,32,99,86,13,29.78723404255319,7.092198581560284,22.69503546099291,70.2127659574468,60.99290780141844,9.219858156028367
E00074831,75,29,3,26,46,37,9,38.666666666666664,4,34.66666666666667,61.33333333333333,49.333333333333336,12
E00074832,135,49,22,27,86,75,11,36.2962962962963,16.296296296296298,20,63.70370370370371,55.55555555555556,8.148148148148149
E00074833,170,53,13,40,117,108,9,31.176470588235293,7.647058823529412,23.52941176470588,68.82352941176471,63.52941176470588,5.294117647058823
E00074834,161,46,12,34,115,104,11,28.57142857142857,7.453416149068323,21.11801242236025,71.42857142857143,64.59627329192547,6.832298136645963
E00074835,155,47,10,37,108,94,14,30.32258064516129,6.451612903225806,23.870967741935484,69.6774193548387,60.64516129032258,9.032258064516128
E00074836,79,29,8,21,50,43,7,36.708860759493675,10.126582278481013,26.582278481012654,63.29113924050633,54.43037974683544,8.860759493670885
E00074837,127,34,13,21,93,81,12,26.77165354330709,10.236220472440944,16.535433070866144,73.22834645669292,63.77952755905512,9.448818897637794
E00074838,168,62,18,44,106,91,15,36.904761904761905,10.714285714285714,26.190476190476193,63.095238095238095,54.166666666666664,8.928571428571429
E00074839,77,26,10,16,51,44,7,33.76623376623377,12.987012987012985,20.77922077922078,66.23376623376623,57.14285714285714,9.090909090909092
E00074840,179,56,10,46,123,108,15,31.28491620111732,5.58659217877095,25.69832402234637,68.71508379888269,60.33519553072626,8.379888268156424
E00074841,92,33,8,25,59,55,4,35.869565217391305,8.695652173913043,27.173913043478258,64.13043478260869,59.78260869565217,4.3478260869565215
E00074842,143,43,17,26,100,84,16,30.069930069930066,11.888111888111888,18.181818181818183,69.93006993006993,58.74125874125874,11.188811188811188
E00074843,84,25,6,19,59,54,5,29.761904761904763,7.142857142857142,22.61904761904762,70.23809523809523,64.28571428571429,5.952380952380952
E00074844,139,31,5,26,108,92,16,22.302158273381295,3.5971223021582732,18.705035971223023,77.6978417266187,66.18705035971223,11.510791366906476
E00074845,152,63,16,47,89,78,11,41.44736842105263,10.526315789473683,30.92105263157895,58.55263157894737,51.31578947368421,7.236842105263158
E00074846,111,39,6,33,72,63,9,35.13513513513514,5.405405405405405,29.72972972972973,64.86486486486487,56.75675675675676,8.108108108108109
E00074847,223,67,24,43,156,139,17,30.04484304932735,10.762331838565023,19.282511210762333,69.95515695067265,62.33183856502242,7.623318385650224
E00074848,146,49,17,32,97,78,19,33.56164383561644,11.643835616438356,21.91780821917808,66.43835616438356,53.42465753424658,13.013698630136986
E00074849,123,32,9,23,91,73,18,26.01626016260163,7.317073170731707,18.69918699186992,73.98373983739837,59.34959349593496,14.634146341463413
E00074850,229,72,23,49,157,141,16,31.4410480349345,10.043668122270741,21.397379912663755,68.5589519650655,61.572052401746724,6.986899563318777
E00074851,104,40,11,29,64,54,10,38.46153846153847,10.576923076923077,27.884615384615387,61.53846153846154,51.92307692307693,9.615384615384617
E00074852,138,35,16,19,103,90,13,25.36231884057971,11.594202898550725,13.768115942028986,74.63768115942028,65.21739130434783,9.420289855072465
E00074853,113,25,7,18,88,79,9,22.123893805309734,6.1946902654867255,15.929203539823009,77.87610619469027,69.91150442477876,7.964601769911504
E00074854,156,45,13,32,111,97,14,28.846153846153843,8.333333333333332,20.51282051282051,71.15384615384616,62.17948717948718,8.974358974358974
E00074855,127,35,9,26,92,79,13,27.559055118110237,7.086614173228346,20.47244094488189,72.44094488188976,62.20472440944882,10.236220472440944
E00074856,155,49,19,30,106,93,13,31.61290322580645,12.258064516129032,19.35483870967742,68.38709677419355,60,8.38709677419355
E00074857,131,40,8,32,91,73,18,30.53435114503817,6.106870229007633,24.427480916030532,69.46564885496184,55.72519083969466,13.740458015267176
E00074858,99,33,15,18,66,57,9,33.33333333333333,15.151515151515152,18.181818181818183,66.66666666666666,57.57575757575758,9.090909090909092
E00074859,140,42,21,21,98,88,10,30,15,15,70,62.857142857142854,7.142857142857142
E00074860,141,54,14,40,87,71,16,38.297872340425535,9.929078014184398,28.368794326241137,61.702127659574465,50.35460992907801,11.347517730496454
E00074861,106,36,13,23,70,67,3,33.9622641509434,12.264150943396226,21.69811320754717,66.0377358490566,63.20754716981132,2.8301886792452833
E00074862,85,30,12,18,55,48,7,35.294117647058826,14.117647058823529,21.176470588235293,64.70588235294117,56.470588235294116,8.235294117647058
E00074863,142,48,16,32,94,79,15,33.80281690140845,11.267605633802818,22.535211267605636,66.19718309859155,55.633802816901415,10.56338028169014
E00074864,95,31,14,17,64,52,12,32.631578947368425,14.736842105263156,17.894736842105264,67.36842105263158,54.736842105263165,12.631578947368421
E00074865,133,47,26,21,86,74,12,35.338345864661655,19.548872180451127,15.789473684210526,64.66165413533834,55.639097744360896,9.022556390977442
E00074866,168,52,16,36,116,97,19,30.952380952380953,9.523809523809524,21.428571428571427,69.04761904761905,57.738095238095234,11.30952380952381
E00074867,163,47,12,35,116,98,18,28.834355828220858,7.361963190184049,21.472392638036812,71.16564417177914,60.122699386503065,11.042944785276074
E00074868,41,13,3,10,28,26,2,31.70731707317073,7.317073170731707,24.390243902439025,68.29268292682927,63.41463414634146,4.878048780487805
E00074869,82,26,7,19,56,46,10,31.70731707317073,8.536585365853659,23.170731707317074,68.29268292682927,56.09756097560976,12.195121951219512
E00074870,97,34,5,29,63,53,10,35.051546391752574,5.154639175257731,29.896907216494846,64.94845360824742,54.63917525773196,10.309278350515463
E00074871,111,32,10,22,79,73,6,28.82882882882883,9.00900900900901,19.81981981981982,71.17117117117117,65.76576576576578,5.405405405405405
E00074872,128,41,16,25,87,71,16,32.03125,12.5,19.53125,67.96875,55.46875,12.5
E00074873,94,39,10,29,55,45,10,41.48936170212766,10.638297872340425,30.851063829787233,58.51063829787234,47.87234042553192,10.638297872340425
E00074874,134,42,11,31,92,78,14,31.343283582089555,8.208955223880597,23.134328358208954,68.65671641791045,58.2089552238806,10.44776119402985
E00074875,81,18,7,11,63,59,4,22.22222222222222,8.641975308641975,13.580246913580247,77.77777777777779,72.8395061728395,4.938271604938271
E00074876,118,34,12,22,84,73,11,28.8135593220339,10.16949152542373,18.64406779661017,71.1864406779661,61.86440677966102,9.322033898305085
E00074877,122,41,13,28,81,71,10,33.60655737704918,10.655737704918032,22.950819672131146,66.39344262295081,58.19672131147541,8.19672131147541
E00074878,137,42,8,34,95,80,15,30.656934306569344,5.839416058394161,24.817518248175183,69.34306569343066,58.3941605839416,10.948905109489052
E00074879,122,44,19,25,78,70,8,36.0655737704918,15.573770491803279,20.491803278688526,63.934426229508205,57.377049180327866,6.557377049180328
E00074880,105,42,10,32,63,53,10,40,9.523809523809524,30.476190476190478,60,50.476190476190474,9.523809523809524
E00074881,123,45,9,36,78,64,14,36.58536585365854,7.317073170731707,29.268292682926827,63.41463414634146,52.03252032520326,11.38211382113821
E00074882,144,47,14,33,97,91,6,32.63888888888889,9.722222222222223,22.916666666666664,67.36111111111111,63.19444444444444,4.166666666666666
E00074883,153,41,19,22,112,95,17,26.797385620915033,12.418300653594772,14.37908496732026,73.20261437908496,62.091503267973856,11.11111111111111
E00074884,139,60,18,42,79,67,12,43.16546762589928,12.949640287769784,30.215827338129497,56.83453237410072,48.201438848920866,8.633093525179856
E00074885,141,48,14,34,93,81,12,34.04255319148936,9.929078014184398,24.113475177304963,65.95744680851064,57.446808510638306,8.51063829787234
E00074886,162,40,8,32,122,103,19,24.691358024691358,4.938271604938271,19.753086419753085,75.30864197530865,63.580246913580254,11.728395061728394
E00074887,91,34,9,25,57,50,7,37.362637362637365,9.89010989010989,27.472527472527474,62.637362637362635,54.94505494505495,7.6923076923076925
E00074888,156,54,10,44,102,93,9,34.61538461538461,6.41025641025641,28.205128205128204,65.38461538461539,59.61538461538461,5.769230769230769
E00074889,139,46,19,27,93,78,15,33.093525179856115,13.66906474820144,19.424460431654676,66.90647482014388,56.11510791366906,10.79136690647482
E00074890,186,71,22,49,115,97,18,38.17204301075269,11.827956989247312,26.344086021505376,61.82795698924731,52.1505376344086,9.67741935483871
E00074891,170,57,22,35,113,94,19,33.52941176470588,12.941176470588237,20.588235294117645,66.47058823529412,55.294117647058826,11.176470588235295
E00074892,126,43,11,32,83,69,14,34.12698412698413,8.73015873015873,25.396825396825395,65.87301587301587,54.761904761904766,11.11111111111111
E00074893,153,44,14,30,109,96,13,28.75816993464052,9.15032679738562,19.607843137254903,71.24183006535948,62.745098039215684,8.49673202614379
E00074894,210,70,22,48,140,119,21,33.33333333333333,10.476190476190476,22.857142857142858,66.66666666666666,56.666666666666664,10
E00074895,149,39,9,30,110,93,17,26.174496644295303,6.0402684563758395,20.13422818791946,73.8255033557047,62.41610738255034,11.409395973154362
E00074896,185,55,16,39,130,105,25,29.72972972972973,8.64864864864865,21.08108108108108,70.27027027027027,56.75675675675676,13.513513513513514
E00074897,166,52,20,32,114,96,18,31.32530120481928,12.048192771084338,19.27710843373494,68.67469879518072,57.831325301204814,10.843373493975903
E00074898,201,56,25,31,145,123,22,27.860696517412936,12.437810945273633,15.422885572139302,72.13930348258707,61.19402985074627,10.945273631840797
E00074899,196,71,24,47,125,109,16,36.224489795918366,12.244897959183673,23.97959183673469,63.775510204081634,55.61224489795919,8.16326530612245
E00074900,182,56,15,41,126,107,19,30.76923076923077,8.241758241758241,22.52747252747253,69.23076923076923,58.791208791208796,10.43956043956044
E00074901,151,55,14,41,96,87,9,36.423841059602644,9.271523178807946,27.1523178807947,63.576158940397356,57.615894039735096,5.960264900662252
E00074902,104,37,14,23,67,56,11,35.57692307692308,13.461538461538462,22.115384615384613,64.42307692307693,53.84615384615385,10.576923076923077
E00074903,172,52,20,32,120,103,17,30.23255813953488,11.627906976744185,18.6046511627907,69.76744186046511,59.883720930232556,9.883720930232558
E00074904,139,50,14,36,89,73,16,35.97122302158273,10.071942446043165,25.899280575539567,64.02877697841727,52.51798561151079,11.510791366906476
E00074905,149,52,13,39,97,86,11,34.899328859060404,8.724832214765101,26.174496644295303,65.1006711409396,57.71812080536913,7.38255033557047
E00074906,158,55,13,42,103,88,15,34.810126582278485,8.227848101265822,26.582278481012654,65.18987341772153,55.69620253164557,9.49367088607595
E00074907,118,50,11,39,68,60,8,42.3728813559322,9.322033898305085,33.05084745762712,57.6271186440678,50.847457627118644,6.779661016949152
E00074908,82,32,14,18,50,40,10,39.02439024390244,17.073170731707318,21.951219512195124,60.97560975609756,48.78048780487805,12.195121951219512
E00074909,89,30,6,24,59,47,12,33.70786516853933,6.741573033707865,26.96629213483146,66.29213483146067,52.80898876404494,13.48314606741573
E00074910,167,56,15,41,111,93,18,33.532934131736525,8.982035928143713,24.550898203592812,66.46706586826348,55.688622754491014,10.778443113772456
E00074911,156,51,11,40,105,94,11,32.69230769230769,7.051282051282051,25.64102564102564,67.3076923076923,60.256410256410255,7.051282051282051
E00074912,178,55,10,45,123,99,24,30.89887640449438,5.617977528089887,25.280898876404496,69.10112359550563,55.61797752808989,13.48314606741573
E00074913,151,51,21,30,100,83,17,33.77483443708609,13.90728476821192,19.867549668874172,66.22516556291392,54.966887417218544,11.258278145695364
E00074914,113,37,13,24,76,58,18,32.743362831858406,11.504424778761061,21.238938053097346,67.2566371681416,51.32743362831859,15.929203539823009
E00074915,199,62,22,40,137,116,21,31.155778894472363,11.055276381909549,20.100502512562816,68.84422110552764,58.291457286432156,10.552763819095476
E00074916,154,43,9,34,111,96,15,27.92207792207792,5.844155844155844,22.07792207792208,72.07792207792207,62.33766233766234,9.740259740259742
E00074917,161,53,21,32,108,82,26,32.91925465838509,13.043478260869565,19.875776397515526,67.08074534161491,50.931677018633536,16.149068322981368
E00074918,140,36,9,27,104,86,18,25.71428571428571,6.428571428571428,19.28571428571429,74.28571428571429,61.42857142857143,12.857142857142856
E00074919,147,45,17,28,102,90,12,30.612244897959183,11.564625850340136,19.047619047619047,69.38775510204081,61.224489795918366,8.16326530612245
E00074920,80,31,8,23,49,42,7,38.75,10,28.749999999999996,61.25000000000001,52.5,8.75
E00074921,108,31,13,18,77,72,5,28.703703703703702,12.037037037037036,16.666666666666664,71.29629629629629,66.66666666666666,4.62962962962963
E00074922,105,31,6,25,74,64,10,29.523809523809526,5.714285714285714,23.809523809523807,70.47619047619048,60.952380952380956,9.523809523809524
E00074923,134,32,8,24,102,92,10,23.88059701492537,5.970149253731343,17.91044776119403,76.11940298507463,68.65671641791045,7.462686567164178
E00074924,190,61,17,44,129,105,24,32.10526315789474,8.947368421052632,23.157894736842106,67.89473684210526,55.26315789473685,12.631578947368421
E00074925,79,35,11,24,44,41,3,44.303797468354425,13.924050632911392,30.37974683544304,55.69620253164557,51.89873417721519,3.79746835443038
E00074926,171,49,12,37,122,100,22,28.654970760233915,7.017543859649122,21.637426900584796,71.34502923976608,58.47953216374269,12.865497076023392
E00074927,170,51,20,31,119,101,18,30,11.76470588235294,18.235294117647058,70,59.411764705882355,10.588235294117647
E00074928,165,59,20,39,106,99,7,35.75757575757576,12.121212121212121,23.636363636363637,64.24242424242425,60,4.242424242424243
E00074929,106,37,13,24,69,56,13,34.90566037735849,12.264150943396226,22.641509433962266,65.09433962264151,52.83018867924528,12.264150943396226
E00074930,146,50,17,33,96,77,19,34.24657534246575,11.643835616438356,22.602739726027394,65.75342465753424,52.73972602739726,13.013698630136986
E00074932,93,35,8,27,58,50,8,37.634408602150536,8.60215053763441,29.03225806451613,62.365591397849464,53.76344086021505,8.60215053763441
E00074933,118,48,18,30,70,66,4,40.67796610169492,15.254237288135593,25.423728813559322,59.32203389830508,55.932203389830505,3.389830508474576
E00074934,104,34,9,25,70,57,13,32.69230769230769,8.653846153846153,24.03846153846154,67.3076923076923,54.807692307692314,12.5
E00074935,76,29,10,19,47,38,9,38.15789473684211,13.157894736842104,25,61.8421052631579,50,11.842105263157894
E00074936,77,34,10,24,43,38,5,44.15584415584416,12.987012987012985,31.16883116883117,55.84415584415584,49.35064935064935,6.493506493506493
E00074937,82,42,13,29,40,34,6,51.21951219512195,15.853658536585366,35.36585365853659,48.78048780487805,41.46341463414634,7.317073170731707
E00074938,151,58,12,46,93,78,15,38.41059602649007,7.9470198675496695,30.4635761589404,61.58940397350994,51.65562913907284,9.933774834437086
E00074939,124,30,6,24,94,89,5,24.193548387096776,4.838709677419355,19.35483870967742,75.80645161290323,71.7741935483871,4.032258064516129
E00074940,140,52,14,38,88,80,8,37.142857142857146,10,27.142857142857142,62.857142857142854,57.14285714285714,5.714285714285714
E00074941,116,43,11,32,73,59,14,37.06896551724138,9.482758620689655,27.586206896551722,62.93103448275862,50.86206896551724,12.068965517241379
E00074942,120,43,8,35,77,73,4,35.833333333333336,6.666666666666667,29.166666666666668,64.16666666666667,60.83333333333333,3.3333333333333335
E00074943,84,34,9,25,50,41,9,40.476190476190474,10.714285714285714,29.761904761904763,59.523809523809526,48.80952380952381,10.714285714285714
E00074944,152,49,12,37,103,85,18,32.23684210526316,7.894736842105263,24.342105263157894,67.76315789473685,55.92105263157895,11.842105263157894
E00074945,108,36,11,25,72,62,10,33.33333333333333,10.185185185185185,23.14814814814815,66.66666666666666,57.407407407407405,9.25925925925926
E00074946,81,28,7,21,53,42,11,34.5679012345679,8.641975308641975,25.925925925925924,65.4320987654321,51.85185185185185,13.580246913580247
E00074947,107,37,8,29,70,60,10,34.57943925233645,7.476635514018691,27.102803738317753,65.42056074766354,56.074766355140184,9.345794392523365
E00074948,144,39,9,30,105,95,10,27.083333333333332,6.25,20.833333333333336,72.91666666666666,65.97222222222221,6.944444444444445
E00074949,127,49,16,33,78,68,10,38.582677165354326,12.598425196850393,25.984251968503933,61.417322834645674,53.54330708661418,7.874015748031496
E00074950,119,35,6,29,84,68,16,29.411764705882355,5.042016806722689,24.369747899159663,70.58823529411765,57.14285714285714,13.445378151260504
E00074951,112,42,13,29,70,64,6,37.5,11.607142857142858,25.892857142857146,62.5,57.14285714285714,5.357142857142857
E00074952,141,40,9,31,101,88,13,28.368794326241137,6.382978723404255,21.98581560283688,71.63120567375887,62.4113475177305,9.219858156028367
E00074953,127,41,8,33,86,78,8,32.28346456692913,6.299212598425196,25.984251968503933,67.71653543307087,61.417322834645674,6.299212598425196
E00074954,142,47,14,33,95,81,14,33.098591549295776,9.859154929577464,23.239436619718308,66.90140845070422,57.04225352112676,9.859154929577464
E00074956,314,105,28,77,209,179,30,33.43949044585987,8.9171974522293,24.522292993630572,66.56050955414013,57.00636942675159,9.554140127388536
E00074957,145,53,21,32,92,76,16,36.55172413793103,14.482758620689657,22.06896551724138,63.44827586206897,52.41379310344828,11.03448275862069
E00074958,93,36,8,28,57,50,7,38.70967741935484,8.60215053763441,30.107526881720432,61.29032258064516,53.76344086021505,7.526881720430108
E00074959,125,33,9,24,92,72,20,26.400000000000002,7.199999999999999,19.2,73.6,57.599999999999994,16
E00074960,148,48,17,31,100,82,18,32.432432432432435,11.486486486486488,20.945945945945947,67.56756756756756,55.4054054054054,12.162162162162163
E00074961,79,27,6,21,52,46,6,34.177215189873415,7.59493670886076,26.582278481012654,65.82278481012658,58.22784810126582,7.59493670886076
E00074962,74,23,7,16,51,51,0,31.08108108108108,9.45945945945946,21.62162162162162,68.91891891891892,68.91891891891892,0
E00074963,107,37,12,25,70,58,12,34.57943925233645,11.214953271028037,23.364485981308412,65.42056074766354,54.20560747663551,11.214953271028037
E00074964,150,58,15,43,92,82,10,38.666666666666664,10,28.666666666666668,61.33333333333333,54.666666666666664,6.666666666666667
E00074965,129,43,11,32,86,76,10,33.33333333333333,8.527131782945736,24.8062015503876,66.66666666666666,58.91472868217055,7.751937984496124
E00074966,146,42,11,31,104,96,8,28.767123287671232,7.534246575342466,21.232876712328768,71.23287671232876,65.75342465753424,5.47945205479452
E00074967,85,29,7,22,56,47,9,34.11764705882353,8.235294117647058,25.882352941176475,65.88235294117646,55.294117647058826,10.588235294117647
E00074969,67,23,5,18,44,36,8,34.32835820895522,7.462686567164178,26.865671641791046,65.67164179104478,53.73134328358209,11.940298507462686
E00074970,106,33,12,21,73,58,15,31.132075471698112,11.320754716981133,19.81132075471698,68.86792452830188,54.71698113207547,14.150943396226415
E00074971,121,50,11,39,71,67,4,41.32231404958678,9.090909090909092,32.231404958677686,58.67768595041323,55.371900826446286,3.3057851239669422
E00074972,187,57,19,38,130,109,21,30.481283422459892,10.16042780748663,20.32085561497326,69.5187165775401,58.288770053475936,11.229946524064172
E00074973,132,52,16,36,80,67,13,39.39393939393939,12.121212121212121,27.27272727272727,60.60606060606061,50.75757575757576,9.848484848484848
E00074974,129,37,12,25,92,73,19,28.68217054263566,9.30232558139535,19.379844961240313,71.31782945736434,56.58914728682171,14.728682170542637
E00074975,131,39,9,30,92,81,11,29.770992366412212,6.870229007633588,22.900763358778626,70.22900763358778,61.832061068702295,8.396946564885496
E00074976,102,41,13,28,61,50,11,40.19607843137255,12.745098039215685,27.450980392156865,59.80392156862745,49.01960784313725,10.784313725490197
E00074977,88,27,2,25,61,51,10,30.681818181818183,2.272727272727273,28.40909090909091,69.31818181818183,57.95454545454546,11.363636363636363
E00074978,152,48,12,36,104,86,18,31.57894736842105,7.894736842105263,23.684210526315788,68.42105263157895,56.57894736842105,11.842105263157894
E00074979,100,37,10,27,63,49,14,37,10,27,63,49,14.000000000000002
E00074980,141,53,15,38,88,77,11,37.5886524822695,10.638297872340425,26.95035460992908,62.4113475177305,54.60992907801418,7.801418439716312
E00074981,128,43,16,27,85,73,12,33.59375,12.5,21.09375,66.40625,57.03125,9.375
E00074982,153,45,12,33,108,98,10,29.411764705882355,7.8431372549019605,21.568627450980394,70.58823529411765,64.05228758169935,6.535947712418301
E00074983,152,52,18,34,100,90,10,34.21052631578947,11.842105263157894,22.36842105263158,65.78947368421053,59.210526315789465,6.578947368421052
E00074984,104,38,8,30,66,57,9,36.53846153846153,7.6923076923076925,28.846153846153843,63.46153846153846,54.807692307692314,8.653846153846153
E00074985,81,27,11,16,54,43,11,33.33333333333333,13.580246913580247,19.753086419753085,66.66666666666666,53.086419753086425,13.580246913580247
E00074986,121,35,11,24,86,77,9,28.92561983471074,9.090909090909092,19.834710743801654,71.07438016528926,63.63636363636363,7.43801652892562
E00074988,128,30,7,23,98,82,16,23.4375,5.46875,17.96875,76.5625,64.0625,12.5
E00074989,134,42,16,26,92,79,13,31.343283582089555,11.940298507462686,19.402985074626866,68.65671641791045,58.95522388059702,9.701492537313433
E00074990,125,39,9,30,86,68,18,31.2,7.199999999999999,24,68.8,54.400000000000006,14.399999999999999
E00074991,127,38,16,22,89,73,16,29.92125984251969,12.598425196850393,17.322834645669293,70.07874015748031,57.48031496062992,12.598425196850393
E00074992,153,49,16,33,104,94,10,32.02614379084967,10.457516339869281,21.568627450980394,67.97385620915033,61.43790849673203,6.535947712418301
E00074993,140,43,20,23,97,83,14,30.714285714285715,14.285714285714285,16.428571428571427,69.28571428571428,59.285714285714285,10
E00074994,155,37,7,30,118,98,20,23.870967741935484,4.516129032258064,19.35483870967742,76.12903225806451,63.2258064516129,12.903225806451612
E00074995,99,21,2,19,78,60,18,21.21212121212121,2.0202020202020203,19.19191919191919,78.78787878787878,60.60606060606061,18.181818181818183
E00074996,193,54,16,38,139,120,19,27.979274611398964,8.290155440414509,19.689119170984455,72.02072538860104,62.17616580310881,9.844559585492227
E00074997,147,42,15,27,105,86,19,28.57142857142857,10.204081632653061,18.367346938775512,71.42857142857143,58.50340136054422,12.925170068027212
E00074998,137,33,12,21,104,91,13,24.087591240875913,8.75912408759124,15.328467153284672,75.91240875912408,66.42335766423358,9.48905109489051
E00074999,124,35,14,21,89,77,12,28.225806451612907,11.29032258064516,16.93548387096774,71.7741935483871,62.096774193548384,9.67741935483871
E00075000,105,40,18,22,65,55,10,38.095238095238095,17.142857142857142,20.952380952380953,61.904761904761905,52.38095238095239,9.523809523809524
E00075001,141,25,0,25,116,92,24,17.73049645390071,0,17.73049645390071,82.26950354609929,65.24822695035462,17.02127659574468
E00075002,158,42,17,25,116,100,16,26.582278481012654,10.759493670886076,15.822784810126583,73.41772151898735,63.29113924050633,10.126582278481013
E00075003,107,27,11,16,80,73,7,25.233644859813083,10.2803738317757,14.953271028037381,74.76635514018692,68.22429906542055,6.5420560747663545
E00075004,26,5,1,4,21,18,3,19.230769230769234,3.8461538461538463,15.384615384615385,80.76923076923077,69.23076923076923,11.538461538461538
E00075005,133,37,11,26,96,79,17,27.819548872180448,8.270676691729323,19.548872180451127,72.18045112781954,59.3984962406015,12.781954887218044
E00075006,168,52,20,32,116,100,16,30.952380952380953,11.904761904761903,19.047619047619047,69.04761904761905,59.523809523809526,9.523809523809524
E00075007,119,34,11,23,85,72,13,28.57142857142857,9.243697478991598,19.327731092436977,71.42857142857143,60.50420168067227,10.92436974789916
E00075008,126,40,18,22,86,66,20,31.746031746031743,14.285714285714285,17.46031746031746,68.25396825396825,52.38095238095239,15.873015873015872
E00075009,134,38,14,24,96,85,11,28.35820895522388,10.44776119402985,17.91044776119403,71.64179104477611,63.43283582089553,8.208955223880597
E00075010,138,37,11,26,101,87,14,26.811594202898554,7.971014492753622,18.84057971014493,73.18840579710145,63.04347826086957,10.144927536231885
E00075011,141,34,9,25,107,86,21,24.113475177304963,6.382978723404255,17.73049645390071,75.88652482269504,60.99290780141844,14.893617021276595
E00075012,142,41,15,26,101,86,15,28.87323943661972,10.56338028169014,18.30985915492958,71.12676056338029,60.56338028169014,10.56338028169014
E00075013,148,58,10,48,90,80,10,39.189189189189186,6.756756756756757,32.432432432432435,60.810810810810814,54.054054054054056,6.756756756756757
E00075014,102,36,20,16,66,54,12,35.294117647058826,19.607843137254903,15.686274509803921,64.70588235294117,52.94117647058824,11.76470588235294
E00075015,159,45,14,31,114,97,17,28.30188679245283,8.80503144654088,19.49685534591195,71.69811320754717,61.0062893081761,10.69182389937107
E00075016,89,19,8,11,70,61,9,21.34831460674157,8.98876404494382,12.359550561797752,78.65168539325843,68.53932584269663,10.112359550561797
E00075017,127,47,16,31,80,72,8,37.00787401574803,12.598425196850393,24.409448818897637,62.99212598425197,56.69291338582677,6.299212598425196
E00075018,163,57,24,33,106,81,25,34.96932515337423,14.723926380368098,20.245398773006134,65.03067484662577,49.693251533742334,15.337423312883436
E00075019,144,39,13,26,105,83,22,27.083333333333332,9.027777777777777,18.055555555555554,72.91666666666666,57.638888888888886,15.277777777777779
E00075020,133,45,14,31,88,68,20,33.83458646616541,10.526315789473683,23.308270676691727,66.16541353383458,51.127819548872175,15.037593984962406
E00075021,215,77,46,31,138,103,35,35.81395348837209,21.3953488372093,14.418604651162791,64.18604651162791,47.906976744186046,16.27906976744186
E00075022,165,58,14,44,107,89,18,35.15151515151515,8.484848484848486,26.666666666666668,64.84848484848484,53.939393939393945,10.909090909090908
E00075023,156,51,11,40,105,87,18,32.69230769230769,7.051282051282051,25.64102564102564,67.3076923076923,55.769230769230774,11.538461538461538
E00075024,190,59,21,38,131,100,31,31.05263157894737,11.052631578947368,20,68.94736842105263,52.63157894736842,16.315789473684212
E00075025,302,104,30,74,198,149,49,34.437086092715234,9.933774834437086,24.503311258278146,65.56291390728477,49.337748344370866,16.225165562913908
E00075026,178,64,25,39,114,88,26,35.95505617977528,14.04494382022472,21.910112359550563,64.04494382022472,49.43820224719101,14.606741573033707
E00075027,137,35,13,22,102,88,14,25.547445255474454,9.48905109489051,16.05839416058394,74.45255474452554,64.23357664233576,10.218978102189782
E00075028,121,43,21,22,78,58,20,35.53719008264463,17.355371900826448,18.181818181818183,64.46280991735537,47.93388429752066,16.528925619834713
E00075029,159,58,13,45,101,88,13,36.477987421383645,8.176100628930817,28.30188679245283,63.52201257861635,55.34591194968554,8.176100628930817
E00075030,206,76,35,41,130,100,30,36.89320388349515,16.990291262135923,19.902912621359224,63.10679611650486,48.54368932038835,14.563106796116504
E00075031,158,49,16,33,109,91,18,31.0126582278481,10.126582278481013,20.88607594936709,68.9873417721519,57.59493670886076,11.39240506329114
E00075032,159,56,18,38,103,89,14,35.22012578616352,11.320754716981133,23.89937106918239,64.77987421383648,55.9748427672956,8.80503144654088
E00075033,114,34,16,18,80,62,18,29.82456140350877,14.035087719298245,15.789473684210526,70.17543859649122,54.385964912280706,15.789473684210526
E00075034,133,38,20,18,95,74,21,28.57142857142857,15.037593984962406,13.533834586466165,71.42857142857143,55.639097744360896,15.789473684210526
E00075035,114,40,11,29,74,59,15,35.08771929824561,9.649122807017543,25.438596491228072,64.91228070175438,51.75438596491229,13.157894736842104
E00075036,242,60,19,41,182,158,24,24.793388429752067,7.851239669421488,16.94214876033058,75.20661157024794,65.28925619834712,9.917355371900827
E00075037,197,68,27,41,129,107,22,34.51776649746193,13.705583756345177,20.812182741116754,65.48223350253807,54.314720812182735,11.16751269035533
E00075038,171,58,21,37,113,95,18,33.91812865497076,12.280701754385964,21.637426900584796,66.08187134502924,55.55555555555556,10.526315789473683
E00075039,155,48,13,35,107,94,13,30.967741935483872,8.38709677419355,22.58064516129032,69.03225806451613,60.64516129032258,8.38709677419355
E00075041,244,83,24,59,161,132,29,34.01639344262295,9.836065573770492,24.18032786885246,65.98360655737704,54.09836065573771,11.885245901639344
E00075042,177,68,25,43,109,80,29,38.4180790960452,14.124293785310735,24.293785310734464,61.5819209039548,45.19774011299435,16.38418079096045
E00075043,174,56,25,31,118,102,16,32.18390804597701,14.367816091954023,17.81609195402299,67.81609195402298,58.620689655172406,9.195402298850574
E00075044,132,45,23,22,87,74,13,34.090909090909086,17.424242424242426,16.666666666666664,65.9090909090909,56.060606060606055,9.848484848484848
E00075045,173,52,22,30,121,94,27,30.057803468208093,12.716763005780345,17.341040462427745,69.94219653179191,54.33526011560693,15.606936416184972
E00075046,139,50,26,24,89,73,16,35.97122302158273,18.705035971223023,17.26618705035971,64.02877697841727,52.51798561151079,11.510791366906476
E00075047,161,51,21,30,110,84,26,31.67701863354037,13.043478260869565,18.633540372670808,68.32298136645963,52.17391304347826,16.149068322981368
E00075048,130,53,16,37,77,65,12,40.76923076923077,12.307692307692308,28.46153846153846,59.23076923076923,50,9.230769230769232
E00075049,122,43,17,26,79,62,17,35.24590163934426,13.934426229508196,21.311475409836063,64.75409836065575,50.81967213114754,13.934426229508196
E00075050,74,32,13,19,42,35,7,43.24324324324324,17.56756756756757,25.675675675675674,56.75675675675676,47.2972972972973,9.45945945945946
E00075051,111,39,13,26,72,59,13,35.13513513513514,11.711711711711711,23.423423423423422,64.86486486486487,53.153153153153156,11.711711711711711
E00075052,186,54,16,38,132,99,33,29.03225806451613,8.60215053763441,20.43010752688172,70.96774193548387,53.2258064516129,17.741935483870968
E00075053,182,54,27,27,128,93,35,29.67032967032967,14.835164835164836,14.835164835164836,70.32967032967034,51.098901098901095,19.230769230769234
E00075054,143,39,16,23,104,93,11,27.27272727272727,11.188811188811188,16.083916083916083,72.72727272727273,65.03496503496503,7.6923076923076925
E00075055,58,18,8,10,40,32,8,31.03448275862069,13.793103448275861,17.24137931034483,68.96551724137932,55.172413793103445,13.793103448275861
E00075056,204,60,18,42,144,106,38,29.411764705882355,8.823529411764707,20.588235294117645,70.58823529411765,51.9607843137255,18.627450980392158
E00075057,149,52,13,39,97,77,20,34.899328859060404,8.724832214765101,26.174496644295303,65.1006711409396,51.67785234899329,13.422818791946309
E00075058,126,32,9,23,94,77,17,25.396825396825395,7.142857142857142,18.253968253968253,74.60317460317461,61.111111111111114,13.492063492063492
E00075059,124,36,16,20,88,72,16,29.03225806451613,12.903225806451612,16.129032258064516,70.96774193548387,58.06451612903226,12.903225806451612
E00075060,86,31,12,19,55,45,10,36.04651162790697,13.953488372093023,22.093023255813954,63.95348837209303,52.32558139534884,11.627906976744185
E00075061,97,30,8,22,67,46,21,30.927835051546392,8.24742268041237,22.68041237113402,69.0721649484536,47.42268041237113,21.649484536082475
E00075062,95,31,11,20,64,51,13,32.631578947368425,11.578947368421053,21.052631578947366,67.36842105263158,53.68421052631579,13.684210526315791
E00075063,137,46,21,25,91,75,16,33.57664233576642,15.328467153284672,18.248175182481752,66.42335766423358,54.74452554744526,11.678832116788321
E00075064,208,68,25,43,140,111,29,32.69230769230769,12.01923076923077,20.673076923076923,67.3076923076923,53.36538461538461,13.942307692307693
E00075065,205,87,34,53,118,84,34,42.4390243902439,16.585365853658537,25.853658536585368,57.56097560975609,40.97560975609756,16.585365853658537
E00075066,224,80,35,45,144,122,22,35.714285714285715,15.625,20.089285714285715,64.28571428571429,54.46428571428571,9.821428571428571
E00075067,162,59,24,35,103,86,17,36.41975308641975,14.814814814814813,21.604938271604937,63.580246913580254,53.086419753086425,10.493827160493826
E00075068,172,50,15,35,122,104,18,29.069767441860467,8.720930232558139,20.348837209302324,70.93023255813954,60.46511627906976,10.465116279069768
E00075069,166,52,17,35,114,104,10,31.32530120481928,10.240963855421686,21.084337349397593,68.67469879518072,62.65060240963856,6.024096385542169
E00075070,144,56,22,34,88,74,14,38.88888888888889,15.277777777777779,23.61111111111111,61.111111111111114,51.388888888888886,9.722222222222223
E00075071,181,70,23,47,111,97,14,38.67403314917127,12.70718232044199,25.96685082872928,61.32596685082873,53.591160220994475,7.734806629834254
E00075072,130,36,10,26,94,71,23,27.692307692307693,7.6923076923076925,20,72.3076923076923,54.61538461538461,17.692307692307693
E00075073,132,46,21,25,86,73,13,34.84848484848485,15.909090909090908,18.939393939393938,65.15151515151516,55.3030303030303,9.848484848484848
E00075074,149,40,12,28,109,90,19,26.845637583892618,8.053691275167784,18.79194630872483,73.15436241610739,60.40268456375839,12.751677852348994
E00075075,173,54,20,34,119,101,18,31.213872832369944,11.560693641618498,19.653179190751445,68.78612716763006,58.38150289017341,10.404624277456648
E00075076,125,31,10,21,94,71,23,24.8,8,16.8,75.2,56.8,18.4
E00075077,152,46,12,34,106,84,22,30.263157894736842,7.894736842105263,22.36842105263158,69.73684210526315,55.26315789473685,14.473684210526317
E00075078,149,47,14,33,102,90,12,31.543624161073826,9.395973154362416,22.14765100671141,68.45637583892618,60.40268456375839,8.053691275167784
E00075079,102,40,11,29,62,53,9,39.21568627450981,10.784313725490197,28.431372549019606,60.78431372549019,51.9607843137255,8.823529411764707
E00075081,145,38,13,25,107,94,13,26.20689655172414,8.96551724137931,17.24137931034483,73.79310344827587,64.82758620689654,8.96551724137931
E00075082,146,56,20,36,90,73,17,38.35616438356164,13.698630136986301,24.65753424657534,61.64383561643836,50,11.643835616438356
E00075083,161,58,14,44,103,91,12,36.024844720496894,8.695652173913043,27.32919254658385,63.975155279503106,56.52173913043478,7.453416149068323
E00075084,158,50,13,37,108,94,14,31.645569620253166,8.227848101265822,23.417721518987342,68.35443037974683,59.49367088607595,8.860759493670885
E00075085,213,61,18,43,152,119,33,28.638497652582164,8.450704225352112,20.187793427230048,71.36150234741784,55.86854460093896,15.492957746478872
E00075086,100,41,16,25,59,49,10,41,16,25,59,49,10
E00075087,121,45,20,25,76,67,9,37.1900826446281,16.528925619834713,20.66115702479339,62.8099173553719,55.371900826446286,7.43801652892562
E00075088,121,48,17,31,73,61,12,39.66942148760331,14.049586776859504,25.6198347107438,60.33057851239669,50.413223140495866,9.917355371900827
E00075089,121,42,13,29,79,69,10,34.710743801652896,10.743801652892563,23.96694214876033,65.28925619834712,57.02479338842975,8.264462809917356
E00166226,159,50,16,34,109,89,20,31.446540880503143,10.062893081761008,21.38364779874214,68.55345911949685,55.9748427672956,12.578616352201259
E00166227,132,40,12,28,92,81,11,30.303030303030305,9.090909090909092,21.21212121212121,69.6969696969697,61.36363636363637,8.333333333333332
E00166229,138,29,12,17,109,100,9,21.014492753623188,8.695652173913043,12.318840579710146,78.98550724637681,72.46376811594203,6.521739130434782
E00166231,103,32,12,20,71,55,16,31.06796116504854,11.650485436893204,19.41747572815534,68.93203883495146,53.398058252427184,15.53398058252427
E00166232,66,24,7,17,42,33,9,36.36363636363637,10.606060606060606,25.757575757575758,63.63636363636363,50,13.636363636363635
E00166234,144,52,17,35,92,78,14,36.11111111111111,11.805555555555555,24.305555555555554,63.888888888888886,54.166666666666664,9.722222222222223
E00166235,126,40,15,25,86,66,20,31.746031746031743,11.904761904761903,19.841269841269842,68.25396825396825,52.38095238095239,15.873015873015872
E00166237,170,48,7,41,122,109,13,28.235294117647058,4.117647058823529,24.11764705882353,71.76470588235294,64.11764705882354,7.647058823529412
E00166239,156,48,23,25,108,90,18,30.76923076923077,14.743589743589745,16.025641025641026,69.23076923076923,57.692307692307686,11.538461538461538
E00166240,202,43,16,27,159,142,17,21.287128712871286,7.920792079207921,13.366336633663368,78.71287128712872,70.29702970297029,8.415841584158416
E00166242,163,51,21,30,112,97,15,31.28834355828221,12.883435582822086,18.404907975460123,68.71165644171779,59.50920245398773,9.202453987730062
E00166244,146,44,14,30,102,83,19,30.136986301369863,9.58904109589041,20.54794520547945,69.86301369863014,56.849315068493155,13.013698630136986
E00166245,158,55,14,41,103,91,12,34.810126582278485,8.860759493670885,25.949367088607595,65.18987341772153,57.59493670886076,7.59493670886076
E00166247,195,52,17,35,143,123,20,26.666666666666668,8.717948717948717,17.94871794871795,73.33333333333333,63.07692307692307,10.256410256410255
E00166248,146,50,13,37,96,86,10,34.24657534246575,8.904109589041095,25.34246575342466,65.75342465753424,58.9041095890411,6.8493150684931505
E00166250,75,26,9,17,49,43,6,34.66666666666667,12,22.666666666666664,65.33333333333333,57.333333333333336,8
E00166252,164,37,11,26,127,116,11,22.5609756097561,6.707317073170732,15.853658536585366,77.4390243902439,70.73170731707317,6.707317073170732
E00166253,177,43,18,25,134,112,22,24.293785310734464,10.16949152542373,14.124293785310735,75.70621468926554,63.2768361581921,12.429378531073446
E00166255,261,70,22,48,191,161,30,26.81992337164751,8.42911877394636,18.39080459770115,73.18007662835248,61.68582375478927,11.494252873563218
E00166257,163,56,18,38,107,93,14,34.355828220858896,11.042944785276074,23.31288343558282,65.6441717791411,57.05521472392638,8.588957055214724
E00166258,212,63,27,36,149,133,16,29.71698113207547,12.735849056603774,16.9811320754717,70.28301886792453,62.735849056603776,7.547169811320755
E00166259,196,60,21,39,136,115,21,30.612244897959183,10.714285714285714,19.897959183673468,69.38775510204081,58.673469387755105,10.714285714285714
E00166260,149,50,14,36,99,79,20,33.557046979865774,9.395973154362416,24.161073825503358,66.44295302013423,53.02013422818792,13.422818791946309
E00166261,119,36,10,26,83,70,13,30.252100840336134,8.403361344537815,21.84873949579832,69.74789915966386,58.82352941176471,10.92436974789916
E00166262,156,41,7,34,115,100,15,26.282051282051285,4.487179487179487,21.794871794871796,73.71794871794873,64.1025641025641,9.615384615384617
E00166263,194,60,23,37,134,114,20,30.927835051546392,11.855670103092782,19.072164948453608,69.0721649484536,58.76288659793815,10.309278350515463
E00166264,184,57,14,43,127,103,24,30.978260869565215,7.608695652173914,23.369565217391305,69.02173913043478,55.97826086956522,13.043478260869565
E00166265,165,39,15,24,126,108,18,23.636363636363637,9.090909090909092,14.545454545454545,76.36363636363637,65.45454545454545,10.909090909090908
E00166266,235,73,22,51,162,138,24,31.06382978723404,9.361702127659575,21.70212765957447,68.93617021276596,58.723404255319146,10.212765957446807
E00166269,178,49,14,35,129,111,18,27.52808988764045,7.865168539325842,19.662921348314608,72.47191011235955,62.35955056179775,10.112359550561797
E00166270,185,62,16,46,123,114,9,33.513513513513516,8.64864864864865,24.864864864864867,66.48648648648648,61.62162162162163,4.864864864864865
E00166271,166,47,11,36,119,106,13,28.313253012048197,6.626506024096386,21.686746987951807,71.6867469879518,63.85542168674698,7.83132530120482
E00166272,244,79,26,53,165,132,33,32.37704918032787,10.655737704918032,21.721311475409834,67.62295081967213,54.09836065573771,13.524590163934427
E00166273,87,21,6,15,66,53,13,24.137931034482758,6.896551724137931,17.24137931034483,75.86206896551724,60.91954022988506,14.942528735632186
E00166274,67,16,10,6,51,37,14,23.88059701492537,14.925373134328357,8.955223880597014,76.11940298507463,55.223880597014926,20.8955223880597
E00166275,85,20,7,13,65,54,11,23.52941176470588,8.235294117647058,15.294117647058824,76.47058823529412,63.52941176470588,12.941176470588237
E00166276,72,28,14,14,44,37,7,38.88888888888889,19.444444444444446,19.444444444444446,61.111111111111114,51.388888888888886,9.722222222222223
E00166277,123,39,14,25,84,79,5,31.70731707317073,11.38211382113821,20.32520325203252,68.29268292682927,64.22764227642277,4.0650406504065035
E00166279,132,45,16,29,87,74,13,34.090909090909086,12.121212121212121,21.96969696969697,65.9090909090909,56.060606060606055,9.848484848484848
E00166280,250,66,24,42,184,146,38,26.400000000000002,9.6,16.8,73.6,58.4,15.2
E00166281,198,52,12,40,146,119,27,26.262626262626267,6.0606060606060606,20.2020202020202,73.73737373737373,60.1010101010101,13.636363636363635
E00166282,38,9,3,6,29,22,7,23.684210526315788,7.894736842105263,15.789473684210526,76.31578947368422,57.89473684210527,18.421052631578945
E00166284,177,44,18,26,133,105,28,24.858757062146893,10.16949152542373,14.689265536723164,75.14124293785311,59.32203389830508,15.819209039548024
E00166285,180,47,13,34,133,99,34,26.111111111111114,7.222222222222221,18.88888888888889,73.88888888888889,55.00000000000001,18.88888888888889
E00166286,259,55,21,34,204,166,38,21.235521235521233,8.108108108108109,13.127413127413126,78.76447876447877,64.0926640926641,14.671814671814673
E00166287,161,46,6,40,115,97,18,28.57142857142857,3.7267080745341614,24.84472049689441,71.42857142857143,60.24844720496895,11.180124223602485
E00166288,174,48,14,34,126,109,17,27.586206896551722,8.045977011494253,19.54022988505747,72.41379310344827,62.643678160919535,9.770114942528735
E00166289,166,37,8,29,129,106,23,22.289156626506024,4.819277108433735,17.46987951807229,77.71084337349397,63.85542168674698,13.855421686746988
E00166290,159,50,13,37,109,89,20,31.446540880503143,8.176100628930817,23.270440251572328,68.55345911949685,55.9748427672956,12.578616352201259
E00166291,172,52,21,31,120,103,17,30.23255813953488,12.209302325581394,18.023255813953487,69.76744186046511,59.883720930232556,9.883720930232558
E00166292,171,41,14,27,130,111,19,23.976608187134502,8.187134502923977,15.789473684210526,76.0233918128655,64.91228070175438,11.11111111111111
E00166293,124,29,9,20,95,68,27,23.387096774193548,7.258064516129033,16.129032258064516,76.61290322580645,54.83870967741935,21.774193548387096
E00166294,155,33,8,25,122,103,19,21.29032258064516,5.161290322580645,16.129032258064516,78.70967741935485,66.45161290322581,12.258064516129032
E00166296,178,54,12,42,124,101,23,30.337078651685395,6.741573033707865,23.595505617977526,69.66292134831461,56.74157303370787,12.921348314606742
E00166297,274,79,16,63,195,166,29,28.832116788321166,5.839416058394161,22.99270072992701,71.16788321167883,60.58394160583942,10.583941605839415
E00166299,205,68,19,49,137,116,21,33.170731707317074,9.268292682926829,23.902439024390244,66.82926829268293,56.58536585365853,10.24390243902439
E00166300,166,52,19,33,114,92,22,31.32530120481928,11.44578313253012,19.879518072289155,68.67469879518072,55.42168674698795,13.253012048192772
E00166301,160,52,19,33,108,85,23,32.5,11.875,20.625,67.5,53.125,14.374999999999998
E00166302,187,58,12,46,129,110,19,31.016042780748666,6.417112299465241,24.598930481283425,68.98395721925134,58.82352941176471,10.16042780748663
E00166303,105,24,11,13,81,67,14,22.857142857142858,10.476190476190476,12.380952380952381,77.14285714285715,63.8095238095238,13.333333333333334
E00166304,132,42,12,30,90,84,6,31.818181818181817,9.090909090909092,22.727272727272727,68.18181818181817,63.63636363636363,4.545454545454546
E00166305,216,54,15,39,162,143,19,25,6.944444444444445,18.055555555555554,75,66.20370370370371,8.796296296296296
E00166306,173,56,24,32,117,102,15,32.369942196531795,13.872832369942195,18.497109826589593,67.63005780346822,58.95953757225434,8.670520231213873
E00166307,68,19,1,18,49,39,10,27.941176470588236,1.4705882352941175,26.47058823529412,72.05882352941177,57.35294117647059,14.705882352941178
E00189457,97,20,8,12,77,68,9,20.618556701030926,8.24742268041237,12.371134020618557,79.38144329896907,70.10309278350515,9.278350515463918
E00189460,136,34,14,20,102,84,18,25,10.294117647058822,14.705882352941178,75,61.76470588235294,13.23529411764706
E00189461,82,23,7,16,59,48,11,28.04878048780488,8.536585365853659,19.51219512195122,71.95121951219512,58.536585365853654,13.414634146341465
E00189462,123,24,6,18,99,90,9,19.51219512195122,4.878048780487805,14.634146341463413,80.48780487804879,73.17073170731707,7.317073170731707
E00189466,169,40,12,28,129,112,17,23.668639053254438,7.100591715976331,16.56804733727811,76.33136094674556,66.27218934911244,10.059171597633137
E00189479,232,56,20,36,176,149,27,24.137931034482758,8.620689655172415,15.517241379310345,75.86206896551724,64.22413793103449,11.637931034482758
E00189481,176,20,8,12,156,141,15,11.363636363636363,4.545454545454546,6.8181818181818175,88.63636363636364,80.11363636363636,8.522727272727272
E00189491,222,49,11,38,173,154,19,22.07207207207207,4.954954954954955,17.117117117117118,77.92792792792793,69.36936936936937,8.558558558558559
E00189500,220,55,26,29,165,125,40,25,11.818181818181818,13.18181818181818,75,56.81818181818182,18.181818181818183
E00189504,246,87,25,62,159,125,34,35.36585365853659,10.16260162601626,25.203252032520325,64.63414634146342,50.81300813008131,13.821138211382115
E00189509,139,43,12,31,96,79,17,30.935251798561154,8.633093525179856,22.302158273381295,69.06474820143885,56.83453237410072,12.23021582733813
E00189519,168,40,4,36,128,105,23,23.809523809523807,2.380952380952381,21.428571428571427,76.19047619047619,62.5,13.690476190476192
E00189522,205,45,10,35,160,141,19,21.951219512195124,4.878048780487805,17.073170731707318,78.04878048780488,68.78048780487805,9.268292682926829
E00189524,181,42,10,32,139,128,11,23.204419889502763,5.524861878453039,17.67955801104972,76.79558011049724,70.71823204419888,6.077348066298343
E00189530,210,41,11,30,169,146,23,19.523809523809526,5.238095238095238,14.285714285714285,80.47619047619048,69.52380952380952,10.952380952380953
E00189537,114,17,7,10,97,81,16,14.912280701754385,6.140350877192982,8.771929824561402,85.08771929824562,71.05263157894737,14.035087719298245
E00189539,200,44,10,34,156,135,21,22,5,17,78,67.5,10.5
E00189552,198,40,7,33,158,125,33,20.2020202020202,3.535353535353535,16.666666666666664,79.7979797979798,63.13131313131313,16.666666666666664
E00189555,124,25,6,19,99,85,14,20.161290322580644,4.838709677419355,15.32258064516129,79.83870967741935,68.54838709677419,11.29032258064516
E00189560,198,47,7,40,151,117,34,23.737373737373737,3.535353535353535,20.2020202020202,76.26262626262627,59.09090909090909,17.17171717171717
E00189567,244,44,6,38,200,174,26,18.0327868852459,2.459016393442623,15.573770491803279,81.9672131147541,71.31147540983606,10.655737704918032
E00189578,195,52,12,40,143,123,20,26.666666666666668,6.153846153846154,20.51282051282051,73.33333333333333,63.07692307692307,10.256410256410255
E00189579,231,72,24,48,159,138,21,31.16883116883117,10.38961038961039,20.77922077922078,68.83116883116884,59.74025974025974,9.090909090909092
E00189581,204,56,26,30,148,117,31,27.450980392156865,12.745098039215685,14.705882352941178,72.54901960784314,57.35294117647059,15.196078431372548
E00189583,175,41,13,28,134,109,25,23.42857142857143,7.428571428571429,16,76.57142857142857,62.28571428571429,14.285714285714285
E00189592,154,44,22,22,110,93,17,28.57142857142857,14.285714285714285,14.285714285714285,71.42857142857143,60.3896103896104,11.03896103896104
E00189593,190,44,13,31,146,122,24,23.157894736842106,6.842105263157896,16.315789473684212,76.84210526315789,64.21052631578948,12.631578947368421
E00189609,96,23,5,18,73,64,9,23.958333333333336,5.208333333333334,18.75,76.04166666666666,66.66666666666666,9.375
E00189610,204,40,10,30,164,145,19,19.607843137254903,4.901960784313726,14.705882352941178,80.3921568627451,71.07843137254902,9.313725490196079
E00189611,234,45,19,26,189,150,39,19.230769230769234,8.11965811965812,11.11111111111111,80.76923076923077,64.1025641025641,16.666666666666664
