OA,ts0380001,ts0380002,ts0380003,ts0380004,ts0380005,ts0380006,ts0380007,ts0380002_PCT,ts0380003_PCT,ts0380004_PCT,ts0380005_PCT,ts0380006_PCT,ts0380007_PCT
E00101994,485,71,22,49,414,38,376,14.63917525773196,4.536082474226804,10.103092783505154,85.36082474226804,7.835051546391752,77.5257731958763
E00101995,353,49,20,29,304,24,280,13.881019830028329,5.6657223796034,8.21529745042493,86.11898016997166,6.79886685552408,79.3201133144476
E00101996,538,71,26,45,467,34,433,13.197026022304833,4.83271375464684,8.364312267657994,86.80297397769516,6.319702602230483,80.48327137546468
E00101997,217,47,13,34,170,11,159,21.658986175115206,5.990783410138248,15.668202764976957,78.3410138248848,5.0691244239631335,73.27188940092167
E00101998,163,26,12,14,137,12,125,15.950920245398773,7.361963190184049,8.588957055214724,84.04907975460122,7.361963190184049,76.68711656441718
E00101999,472,79,32,47,393,24,369,16.73728813559322,6.779661016949152,9.957627118644067,83.26271186440678,5.084745762711865,78.17796610169492
E00102000,342,48,20,28,294,27,267,14.035087719298245,5.847953216374268,8.187134502923977,85.96491228070175,7.894736842105263,78.0701754385965
E00102001,198,22,7,15,176,10,166,11.11111111111111,3.535353535353535,7.575757575757576,88.88888888888889,5.05050505050505,83.83838383838383
E00102002,281,41,8,33,240,29,211,14.590747330960854,2.8469750889679712,11.743772241992882,85.40925266903915,10.320284697508896,75.08896797153025
E00102003,330,52,16,36,278,24,254,15.757575757575756,4.848484848484849,10.909090909090908,84.24242424242424,7.2727272727272725,76.96969696969697
E00102004,321,57,20,37,264,28,236,17.75700934579439,6.230529595015576,11.526479750778815,82.2429906542056,8.722741433021806,73.5202492211838
E00102005,245,54,15,39,191,34,157,22.040816326530614,6.122448979591836,15.918367346938775,77.9591836734694,13.877551020408163,64.08163265306122
E00102006,420,59,21,38,361,34,327,14.047619047619047,5,9.047619047619047,85.95238095238096,8.095238095238095,77.85714285714286
E00102007,367,41,16,25,326,32,294,11.1716621253406,4.35967302452316,6.811989100817439,88.8283378746594,8.71934604904632,80.10899182561307
E00102008,500,68,18,50,432,52,380,13.600000000000001,3.5999999999999996,10,86.4,10.4,76
E00102009,462,114,71,43,348,26,322,24.675324675324674,15.367965367965366,9.307359307359308,75.32467532467533,5.627705627705628,69.6969696969697
E00102010,281,33,6,27,248,25,223,11.743772241992882,2.135231316725979,9.608540925266903,88.25622775800713,8.896797153024911,79.35943060498221
E00102011,240,41,14,27,199,27,172,17.083333333333332,5.833333333333333,11.25,82.91666666666667,11.25,71.66666666666667
E00102012,560,118,47,71,442,49,393,21.071428571428573,8.392857142857142,12.678571428571427,78.92857142857143,8.75,70.17857142857142
E00102013,253,36,16,20,217,18,199,14.229249011857709,6.324110671936759,7.905138339920949,85.7707509881423,7.114624505928854,78.65612648221344
E00102014,322,62,23,39,260,27,233,19.25465838509317,7.142857142857142,12.111801242236025,80.74534161490683,8.385093167701864,72.36024844720497
E00102015,289,56,23,33,233,26,207,19.377162629757784,7.958477508650519,11.418685121107266,80.62283737024222,8.996539792387544,71.62629757785467
E00102016,266,39,12,27,227,27,200,14.661654135338345,4.511278195488721,10.150375939849624,85.33834586466166,10.150375939849624,75.18796992481202
E00102017,312,44,11,33,268,36,232,14.102564102564102,3.5256410256410255,10.576923076923077,85.8974358974359,11.538461538461538,74.35897435897436
E00102018,261,24,10,14,237,17,220,9.195402298850574,3.8314176245210727,5.363984674329502,90.80459770114942,6.513409961685824,84.2911877394636
E00102019,318,34,12,22,284,31,253,10.69182389937107,3.7735849056603774,6.918238993710692,89.30817610062893,9.748427672955975,79.55974842767296
E00102020,310,42,7,35,268,31,237,13.548387096774196,2.258064516129032,11.29032258064516,86.45161290322581,10,76.45161290322581
E00102021,245,48,26,22,197,14,183,19.591836734693878,10.612244897959183,8.979591836734693,80.40816326530611,5.714285714285714,74.6938775510204
E00102022,278,39,11,28,239,29,210,14.028776978417264,3.9568345323741005,10.071942446043165,85.97122302158273,10.431654676258994,75.53956834532374
E00102023,312,54,26,28,258,13,245,17.307692307692307,8.333333333333332,8.974358974358974,82.6923076923077,4.166666666666666,78.52564102564102
E00102024,241,59,31,28,182,20,162,24.481327800829874,12.863070539419086,11.618257261410788,75.51867219917013,8.29875518672199,67.21991701244814
E00102025,412,53,22,31,359,33,326,12.864077669902912,5.339805825242718,7.524271844660194,87.13592233009709,8.009708737864079,79.12621359223301
E00102026,277,38,13,25,239,30,209,13.718411552346572,4.693140794223827,9.025270758122744,86.28158844765343,10.830324909747292,75.45126353790613
E00102027,217,26,8,18,191,16,175,11.981566820276496,3.686635944700461,8.294930875576037,88.0184331797235,7.373271889400922,80.64516129032258
E00102028,349,57,18,39,292,31,261,16.332378223495702,5.157593123209169,11.174785100286533,83.66762177650429,8.882521489971348,74.78510028653295
E00102029,380,84,38,46,296,44,252,22.105263157894736,10,12.105263157894736,77.89473684210526,11.578947368421053,66.3157894736842
E00102030,205,31,6,25,174,16,158,15.121951219512194,2.9268292682926833,12.195121951219512,84.8780487804878,7.804878048780488,77.07317073170732
E00102031,257,55,16,39,202,17,185,21.40077821011673,6.22568093385214,15.17509727626459,78.59922178988327,6.614785992217899,71.98443579766537
E00102032,298,57,30,27,241,14,227,19.12751677852349,10.06711409395973,9.060402684563758,80.87248322147651,4.697986577181208,76.1744966442953
E00102033,313,61,22,39,252,32,220,19.488817891373802,7.0287539936102235,12.460063897763577,80.5111821086262,10.223642172523961,70.28753993610223
E00102034,256,43,18,25,213,21,192,16.796875,7.03125,9.765625,83.203125,8.203125,75
E00102035,564,97,35,62,467,51,416,17.19858156028369,6.205673758865248,10.99290780141844,82.80141843971631,9.042553191489363,73.75886524822694
E00102036,227,67,29,38,160,20,140,29.515418502202646,12.77533039647577,16.740088105726873,70.48458149779736,8.81057268722467,61.67400881057269
E00102037,350,55,20,35,295,20,275,15.714285714285714,5.714285714285714,10,84.28571428571429,5.714285714285714,78.57142857142857
E00102038,283,53,26,27,230,23,207,18.727915194346288,9.187279151943462,9.540636042402827,81.2720848056537,8.12720848056537,73.14487632508833
E00102039,240,78,46,32,162,18,144,32.5,19.166666666666668,13.333333333333334,67.5,7.5,60
E00102040,287,57,23,34,230,26,204,19.860627177700348,8.013937282229964,11.846689895470384,80.13937282229965,9.059233449477352,71.0801393728223
E00102041,571,109,57,52,462,34,428,19.089316987740805,9.98248686514886,9.106830122591944,80.9106830122592,5.954465849387041,74.95621716287215
E00102042,398,97,50,47,301,30,271,24.371859296482413,12.562814070351758,11.809045226130653,75.62814070351759,7.537688442211055,68.09045226130654
E00102043,183,32,11,21,151,25,126,17.48633879781421,6.0109289617486334,11.475409836065573,82.5136612021858,13.661202185792352,68.85245901639344
E00102044,470,79,29,50,391,26,365,16.80851063829787,6.170212765957447,10.638297872340425,83.19148936170212,5.531914893617021,77.6595744680851
E00102045,276,80,39,41,196,18,178,28.985507246376812,14.130434782608695,14.855072463768115,71.01449275362319,6.521739130434782,64.4927536231884
E00102046,193,45,8,37,148,17,131,23.316062176165804,4.145077720207254,19.170984455958546,76.68393782383419,8.808290155440414,67.87564766839378
E00102047,301,60,20,40,241,19,222,19.93355481727575,6.64451827242525,13.2890365448505,80.06644518272425,6.312292358803987,73.75415282392026
E00102048,182,40,21,19,142,18,124,21.978021978021978,11.538461538461538,10.43956043956044,78.02197802197803,9.89010989010989,68.13186813186813
E00102049,242,48,18,30,194,27,167,19.834710743801654,7.43801652892562,12.396694214876034,80.16528925619835,11.15702479338843,69.00826446280992
E00102050,168,54,25,29,114,15,99,32.142857142857146,14.880952380952381,17.261904761904763,67.85714285714286,8.928571428571429,58.92857142857143
E00102051,241,43,13,30,198,14,184,17.842323651452283,5.394190871369295,12.448132780082988,82.15767634854771,5.809128630705394,76.34854771784232
E00102052,206,52,22,30,154,26,128,25.24271844660194,10.679611650485436,14.563106796116504,74.75728155339806,12.62135922330097,62.13592233009708
E00102053,205,46,17,29,159,16,143,22.439024390243905,8.292682926829269,14.146341463414632,77.5609756097561,7.804878048780488,69.7560975609756
E00102054,162,55,16,39,107,8,99,33.95061728395062,9.876543209876543,24.074074074074073,66.0493827160494,4.938271604938271,61.111111111111114
E00102055,222,32,11,21,190,17,173,14.414414414414415,4.954954954954955,9.45945945945946,85.58558558558559,7.657657657657657,77.92792792792793
E00102056,201,31,11,20,170,25,145,15.422885572139302,5.472636815920398,9.950248756218906,84.5771144278607,12.437810945273633,72.13930348258707
E00102057,180,42,21,21,138,16,122,23.333333333333332,11.666666666666666,11.666666666666666,76.66666666666667,8.88888888888889,67.77777777777779
E00102058,236,31,10,21,205,35,170,13.135593220338984,4.23728813559322,8.898305084745763,86.86440677966102,14.83050847457627,72.03389830508475
E00102059,188,38,15,23,150,22,128,20.212765957446805,7.9787234042553195,12.23404255319149,79.7872340425532,11.702127659574469,68.08510638297872
E00102060,243,61,28,33,182,23,159,25.102880658436217,11.522633744855968,13.580246913580247,74.8971193415638,9.465020576131687,65.4320987654321
E00102061,225,57,19,38,168,15,153,25.333333333333336,8.444444444444445,16.88888888888889,74.66666666666667,6.666666666666667,68
E00102062,200,27,9,18,173,13,160,13.5,4.5,9,86.5,6.5,80
E00102063,335,76,38,38,259,27,232,22.686567164179106,11.343283582089553,11.343283582089553,77.31343283582089,8.059701492537313,69.25373134328359
E00102064,298,45,12,33,253,25,228,15.100671140939598,4.026845637583892,11.073825503355705,84.8993288590604,8.389261744966444,76.51006711409396
E00102065,424,38,11,27,386,23,363,8.962264150943396,2.5943396226415096,6.367924528301887,91.0377358490566,5.4245283018867925,85.61320754716981
E00102066,288,103,54,49,185,12,173,35.76388888888889,18.75,17.01388888888889,64.23611111111111,4.166666666666666,60.06944444444444
E00102067,301,61,28,33,240,20,220,20.26578073089701,9.30232558139535,10.96345514950166,79.734219269103,6.64451827242525,73.08970099667775
E00102068,284,57,30,27,227,15,212,20.070422535211268,10.56338028169014,9.507042253521126,79.92957746478874,5.28169014084507,74.64788732394366
E00102069,223,65,37,28,158,17,141,29.14798206278027,16.591928251121075,12.556053811659194,70.85201793721974,7.623318385650224,63.22869955156951
E00102070,332,66,25,41,266,22,244,19.879518072289155,7.530120481927711,12.349397590361445,80.12048192771084,6.626506024096386,73.49397590361446
E00102071,428,76,25,51,352,40,312,17.75700934579439,5.841121495327103,11.91588785046729,82.2429906542056,9.345794392523365,72.89719626168224
E00102072,245,31,16,15,214,20,194,12.653061224489795,6.530612244897959,6.122448979591836,87.34693877551021,8.16326530612245,79.18367346938776
E00102073,430,77,27,50,353,41,312,17.906976744186046,6.279069767441861,11.627906976744185,82.09302325581396,9.534883720930234,72.55813953488372
E00102074,407,95,38,57,312,37,275,23.34152334152334,9.336609336609335,14.004914004914005,76.65847665847666,9.090909090909092,67.56756756756756
E00102075,298,33,12,21,265,36,229,11.073825503355705,4.026845637583892,7.046979865771812,88.9261744966443,12.080536912751679,76.84563758389261
E00102076,206,27,8,19,179,17,162,13.106796116504855,3.8834951456310676,9.223300970873787,86.89320388349515,8.25242718446602,78.64077669902912
E00102077,159,22,5,17,137,13,124,13.836477987421384,3.1446540880503147,10.69182389937107,86.16352201257862,8.176100628930817,77.9874213836478
E00102078,221,45,21,24,176,16,160,20.361990950226243,9.502262443438914,10.85972850678733,79.63800904977376,7.239819004524888,72.39819004524887
E00102079,302,52,20,32,250,24,226,17.218543046357617,6.622516556291391,10.596026490066226,82.78145695364239,7.9470198675496695,74.83443708609272
E00102080,580,89,36,53,491,50,441,15.344827586206897,6.206896551724138,9.137931034482758,84.6551724137931,8.620689655172415,76.0344827586207
E00102081,286,45,12,33,241,22,219,15.734265734265735,4.195804195804196,11.538461538461538,84.26573426573427,7.6923076923076925,76.57342657342657
E00102082,431,53,15,38,378,35,343,12.296983758700696,3.480278422273782,8.816705336426914,87.70301624129931,8.120649651972158,79.58236658932715
E00102083,375,71,28,43,304,28,276,18.933333333333334,7.466666666666668,11.466666666666667,81.06666666666666,7.466666666666668,73.6
E00102084,293,65,24,41,228,30,198,22.18430034129693,8.19112627986348,13.993174061433447,77.81569965870307,10.238907849829351,67.57679180887372
E00102085,364,74,35,39,290,30,260,20.32967032967033,9.615384615384617,10.714285714285714,79.67032967032966,8.241758241758241,71.42857142857143
E00102086,308,58,20,38,250,20,230,18.83116883116883,6.493506493506493,12.337662337662337,81.16883116883116,6.493506493506493,74.67532467532467
E00102087,315,60,21,39,255,23,232,19.047619047619047,6.666666666666667,12.380952380952381,80.95238095238095,7.301587301587302,73.65079365079366
E00102088,323,60,23,37,263,31,232,18.575851393188856,7.120743034055728,11.455108359133128,81.42414860681114,9.597523219814242,71.8266253869969
E00102089,289,35,11,24,254,20,234,12.110726643598616,3.8062283737024223,8.304498269896193,87.88927335640139,6.920415224913495,80.96885813148789
E00102090,340,64,23,41,276,43,233,18.823529411764707,6.764705882352941,12.058823529411764,81.17647058823529,12.647058823529411,68.52941176470588
E00102091,354,89,42,47,265,29,236,25.141242937853107,11.864406779661017,13.27683615819209,74.85875706214689,8.192090395480225,66.66666666666666
E00102092,320,52,16,36,268,34,234,16.25,5,11.25,83.75,10.625,73.125
E00102093,335,56,14,42,279,34,245,16.716417910447763,4.179104477611941,12.53731343283582,83.28358208955224,10.149253731343283,73.13432835820896
E00102095,238,63,35,28,175,21,154,26.47058823529412,14.705882352941178,11.76470588235294,73.52941176470588,8.823529411764707,64.70588235294117
E00102096,247,56,18,38,191,21,170,22.672064777327936,7.28744939271255,15.384615384615385,77.32793522267207,8.502024291497975,68.82591093117408
E00102097,383,44,12,32,339,36,303,11.488250652741515,3.1331592689295036,8.355091383812011,88.51174934725849,9.39947780678851,79.11227154046998
E00102098,355,47,15,32,308,30,278,13.239436619718308,4.225352112676056,9.014084507042254,86.76056338028168,8.450704225352112,78.30985915492957
E00102100,345,49,16,33,296,36,260,14.202898550724639,4.63768115942029,9.565217391304348,85.79710144927536,10.434782608695652,75.36231884057972
E00102101,333,61,17,44,272,31,241,18.31831831831832,5.105105105105105,13.213213213213212,81.68168168168168,9.30930930930931,72.37237237237237
E00102102,312,59,23,36,253,14,239,18.91025641025641,7.371794871794872,11.538461538461538,81.08974358974359,4.487179487179487,76.6025641025641
E00102103,318,83,54,29,235,16,219,26.10062893081761,16.9811320754717,9.119496855345911,73.89937106918238,5.031446540880504,68.86792452830188
E00102104,279,39,15,24,240,18,222,13.978494623655912,5.376344086021505,8.60215053763441,86.02150537634408,6.451612903225806,79.56989247311827
E00102105,327,94,62,32,233,23,210,28.74617737003058,18.960244648318042,9.785932721712538,71.25382262996942,7.033639143730887,64.22018348623854
E00102106,589,141,57,84,448,40,408,23.93887945670628,9.67741935483871,14.261460101867574,76.06112054329371,6.791171477079796,69.26994906621393
E00102107,304,68,27,41,236,27,209,22.36842105263158,8.881578947368421,13.486842105263158,77.63157894736842,8.881578947368421,68.75
E00102108,331,60,25,35,271,42,229,18.12688821752266,7.552870090634441,10.574018126888216,81.87311178247734,12.688821752265861,69.18429003021149
E00102109,312,46,17,29,266,35,231,14.743589743589745,5.448717948717949,9.294871794871796,85.25641025641025,11.217948717948719,74.03846153846155
E00102110,303,48,15,33,255,18,237,15.841584158415841,4.9504950495049505,10.891089108910892,84.15841584158416,5.9405940594059405,78.21782178217822
E00102111,313,50,15,35,263,23,240,15.974440894568689,4.792332268370607,11.182108626198083,84.02555910543131,7.348242811501597,76.6773162939297
E00102112,308,85,47,38,223,26,197,27.5974025974026,15.259740259740258,12.337662337662337,72.40259740259741,8.441558441558442,63.961038961038966
E00102113,195,44,13,31,151,24,127,22.564102564102566,6.666666666666667,15.897435897435896,77.435897435897445,12.307692307692308,65.12820512820512
E00102114,365,38,13,25,327,36,291,10.41095890410959,3.5616438356164384,6.8493150684931505,89.58904109589041,9.863013698630137,79.72602739726027
E00102115,326,47,18,29,279,25,254,14.417177914110429,5.521472392638037,8.895705521472392,85.58282208588957,7.668711656441718,77.91411042944786
E00102116,367,46,17,29,321,37,284,12.534059945504087,4.632152588555858,7.901907356948229,87.46594005449592,10.08174386920981,77.3841961852861
E00102117,353,46,12,34,307,25,282,13.031161473087819,3.39943342776204,9.631728045325778,86.96883852691218,7.0821529745042495,79.88668555240793
E00102118,463,84,34,50,379,38,341,18.142548596112313,7.343412526997841,10.799136069114471,81.8574514038877,8.207343412526997,73.6501079913607
E00102119,301,46,17,29,255,32,223,15.282392026578073,5.647840531561462,9.634551495016613,84.71760797342192,10.631229235880399,74.08637873754152
E00102120,307,52,16,36,255,30,225,16.938110749185668,5.211726384364821,11.726384364820847,83.06188925081433,9.77198697068404,73.28990228013029
E00102121,307,41,18,23,266,29,237,13.355048859934854,5.863192182410423,7.491856677524431,86.64495114006515,9.446254071661238,77.19869706840392
E00102122,327,54,23,31,273,27,246,16.51376146788991,7.033639143730887,9.480122324159021,83.4862385321101,8.256880733944955,75.22935779816514
E00102123,318,45,14,31,273,34,239,14.150943396226415,4.40251572327044,9.748427672955975,85.84905660377359,10.69182389937107,75.15723270440252
E00102124,310,49,10,39,261,30,231,15.806451612903224,3.225806451612903,12.580645161290322,84.19354838709677,9.67741935483871,74.51612903225806
E00102125,304,46,12,34,258,15,243,15.131578947368421,3.9473684210526314,11.18421052631579,84.86842105263158,4.934210526315789,79.93421052631578
E00102126,306,79,36,43,227,31,196,25.816993464052292,11.76470588235294,14.052287581699346,74.18300653594771,10.130718954248366,64.05228758169935
E00102127,306,45,14,31,261,27,234,14.705882352941178,4.57516339869281,10.130718954248366,85.29411764705883,8.823529411764707,76.47058823529412
E00102128,233,47,16,31,186,17,169,20.171673819742487,6.866952789699571,13.304721030042918,79.82832618025752,7.296137339055794,72.53218884120172
E00102129,266,49,19,30,217,22,195,18.421052631578945,7.142857142857142,11.278195488721805,81.57894736842105,8.270676691729323,73.30827067669173
E00102130,256,43,12,31,213,20,193,16.796875,4.6875,12.109375,83.203125,7.8125,75.390625
E00102131,442,55,21,34,387,43,344,12.44343891402715,4.751131221719457,7.6923076923076925,87.55656108597285,9.728506787330318,77.82805429864254
E00102132,314,60,18,42,254,20,234,19.10828025477707,5.7324840764331215,13.375796178343949,80.89171974522293,6.369426751592357,74.52229299363057
E00102133,562,61,20,41,501,48,453,10.85409252669039,3.558718861209965,7.295373665480427,89.1459074733096,8.540925266903916,80.6049822064057
E00102134,295,36,14,22,259,24,235,12.203389830508476,4.745762711864407,7.457627118644068,87.79661016949153,8.135593220338983,79.66101694915254
E00102135,384,57,18,39,327,31,296,14.84375,4.6875,10.15625,85.15625,8.072916666666668,77.08333333333334
E00102136,269,37,12,25,232,36,196,13.754646840148698,4.4609665427509295,9.293680297397769,86.2453531598513,13.382899628252787,72.86245353159852
E00102137,265,43,15,28,222,22,200,16.22641509433962,5.660377358490567,10.566037735849058,83.77358490566039,8.30188679245283,75.47169811320755
E00102138,272,43,17,26,229,21,208,15.808823529411764,6.25,9.558823529411764,84.19117647058823,7.720588235294118,76.47058823529412
E00102139,257,54,24,30,203,36,167,21.011673151750973,9.33852140077821,11.673151750972762,78.98832684824903,14.007782101167315,64.98054474708171
E00102140,278,74,30,44,204,28,176,26.618705035971225,10.79136690647482,15.827338129496402,73.38129496402878,10.071942446043165,63.30935251798561
E00102141,320,50,14,36,270,20,250,15.625,4.375,11.25,84.375,6.25,78.125
E00102142,304,67,25,42,237,21,216,22.039473684210524,8.223684210526317,13.815789473684212,77.96052631578947,6.907894736842106,71.05263157894737
E00102143,346,88,42,46,258,19,239,25.43352601156069,12.138728323699421,13.294797687861271,74.56647398843931,5.491329479768786,69.07514450867052
E00102144,228,47,19,28,181,9,172,20.614035087719298,8.333333333333332,12.280701754385964,79.3859649122807,3.9473684210526314,75.43859649122807
E00102145,341,58,25,33,283,18,265,17.008797653958943,7.331378299120235,9.67741935483871,82.99120234604106,5.278592375366569,77.71260997067448
E00102146,353,61,24,37,292,30,262,17.280453257790366,6.79886685552408,10.48158640226629,82.71954674220963,8.498583569405099,74.22096317280453
E00102147,374,47,10,37,327,36,291,12.566844919786096,2.6737967914438503,9.893048128342247,87.43315508021391,9.62566844919786,77.80748663101605
E00102148,355,77,30,47,278,25,253,21.69014084507042,8.450704225352112,13.239436619718308,78.30985915492957,7.042253521126761,71.26760563380282
E00102149,239,52,17,35,187,15,172,21.75732217573222,7.112970711297072,14.644351464435147,78.24267782426779,6.2761506276150625,71.96652719665272
E00102150,308,50,21,29,258,23,235,16.233766233766232,6.8181818181818175,9.415584415584416,83.76623376623377,7.467532467532467,76.2987012987013
E00102151,360,68,21,47,292,25,267,18.88888888888889,5.833333333333333,13.055555555555557,81.11111111111111,6.944444444444445,74.16666666666667
E00102152,451,106,47,59,345,42,303,23.503325942350333,10.42128603104213,13.082039911308204,76.49667405764967,9.312638580931264,67.1840354767184
E00102153,320,72,38,34,248,21,227,22.5,11.875,10.625,77.5,6.5625,70.9375
E00102154,391,78,31,47,313,35,278,19.948849104859335,7.928388746803069,12.020460358056265,80.05115089514067,8.951406649616368,71.0997442455243
E00102155,272,59,29,30,213,19,194,21.691176470588236,10.661764705882353,11.029411764705882,78.30882352941177,6.985294117647059,71.32352941176471
E00102156,231,46,12,34,185,15,170,19.913419913419915,5.194805194805195,14.71861471861472,80.08658008658008,6.493506493506493,73.59307359307358
E00102157,278,53,20,33,225,25,200,19.06474820143885,7.1942446043165464,11.870503597122301,80.93525179856115,8.992805755395683,71.94244604316546
E00102158,285,57,17,40,228,30,198,20,5.964912280701754,14.035087719298245,80,10.526315789473683,69.47368421052632
E00102159,339,55,15,40,284,36,248,16.224188790560472,4.424778761061947,11.799410029498524,83.77581120943954,10.619469026548673,73.15634218289085
E00102160,238,35,7,28,203,23,180,14.705882352941178,2.941176470588235,11.76470588235294,85.29411764705883,9.663865546218489,75.63025210084034
E00102161,275,42,22,20,233,26,207,15.272727272727273,8,7.2727272727272725,84.72727272727273,9.454545454545455,75.27272727272727
E00102162,307,54,21,33,253,21,232,17.58957654723127,6.840390879478828,10.749185667752444,82.41042345276874,6.840390879478828,75.57003257328991
E00102163,338,78,42,36,260,31,229,23.076923076923077,12.42603550295858,10.650887573964498,76.92307692307693,9.171597633136095,67.75147928994083
E00102164,370,72,27,45,298,22,276,19.45945945945946,7.297297297297297,12.162162162162163,80.54054054054053,5.9459459459459465,74.5945945945946
E00102165,171,29,9,20,142,15,127,16.95906432748538,5.263157894736842,11.695906432748536,83.04093567251462,8.771929824561402,74.26900584795322
E00102166,350,60,21,39,290,31,259,17.142857142857142,6,11.142857142857142,82.85714285714286,8.857142857142856,74
E00102167,255,58,19,39,197,16,181,22.745098039215687,7.450980392156863,15.294117647058824,77.25490196078432,6.2745098039215685,70.98039215686275
E00102168,408,74,30,44,334,28,306,18.137254901960784,7.352941176470589,10.784313725490197,81.86274509803921,6.862745098039216,75
E00102169,172,32,13,19,140,20,120,18.6046511627907,7.55813953488372,11.046511627906977,81.3953488372093,11.627906976744185,69.76744186046511
E00102170,187,54,26,28,133,21,112,28.87700534759358,13.903743315508022,14.973262032085561,71.12299465240642,11.229946524064172,59.893048128342244
E00102171,162,19,5,14,143,10,133,11.728395061728394,3.0864197530864197,8.641975308641975,88.27160493827161,6.172839506172839,82.09876543209876
E00102172,262,53,18,35,209,26,183,20.229007633587788,6.870229007633588,13.358778625954198,79.77099236641222,9.923664122137405,69.8473282442748
E00102173,245,30,11,19,215,20,195,12.244897959183673,4.489795918367347,7.755102040816326,87.75510204081633,8.16326530612245,79.59183673469387
E00102174,146,20,6,14,126,15,111,13.698630136986301,4.10958904109589,9.58904109589041,86.3013698630137,10.273972602739725,76.02739726027397
E00102175,215,46,17,29,169,12,157,21.3953488372093,7.906976744186046,13.488372093023257,78.6046511627907,5.5813953488372094,73.0232558139535
E00102176,244,40,16,24,204,15,189,16.39344262295082,6.557377049180328,9.836065573770492,83.60655737704919,6.147540983606557,77.45901639344262
E00102177,285,55,24,31,230,15,215,19.298245614035086,8.421052631578947,10.87719298245614,80.7017543859649,5.263157894736842,75.43859649122807
E00102178,251,40,14,26,211,19,192,15.936254980079681,5.577689243027888,10.358565737051793,84.06374501992032,7.569721115537849,76.49402390438247
E00102179,269,47,11,36,222,27,195,17.472118959107807,4.089219330855019,13.382899628252787,82.5278810408922,10.037174721189592,72.4907063197026
E00102180,157,27,8,19,130,16,114,17.197452229299362,5.095541401273886,12.101910828025478,82.80254777070064,10.191082802547772,72.61146496815286
E00102181,494,107,38,69,387,44,343,21.65991902834008,7.6923076923076925,13.96761133603239,78.34008097165992,8.906882591093117,69.4331983805668
E00102182,137,30,11,19,107,14,93,21.897810218978105,8.02919708029197,13.86861313868613,78.1021897810219,10.218978102189782,67.88321167883211
E00102183,297,43,14,29,254,28,226,14.47811447811448,4.713804713804714,9.764309764309765,85.52188552188552,9.427609427609427,76.0942760942761
E00102184,209,41,22,19,168,23,145,19.617224880382775,10.526315789473683,9.090909090909092,80.38277511961722,11.004784688995215,69.377990430622
E00102185,279,53,26,27,226,27,199,18.996415770609318,9.31899641577061,9.67741935483871,81.00358422939068,9.67741935483871,71.32616487455196
E00102186,329,55,22,33,274,25,249,16.717325227963524,6.68693009118541,10.030395136778116,83.28267477203647,7.598784194528875,75.6838905775076
E00102187,285,57,17,40,228,32,196,20,5.964912280701754,14.035087719298245,80,11.228070175438596,68.77192982456141
E00102188,202,47,25,22,155,20,135,23.26732673267327,12.376237623762377,10.891089108910892,76.73267326732673,9.900990099009901,66.83168316831683
E00102189,252,67,29,38,185,26,159,26.58730158730159,11.507936507936508,15.079365079365079,73.4126984126984,10.317460317460316,63.095238095238095
E00102190,236,53,19,34,183,17,166,22.45762711864407,8.050847457627118,14.40677966101695,77.54237288135593,7.203389830508475,70.33898305084746
E00102191,448,78,28,50,370,42,328,17.410714285714285,6.25,11.160714285714286,82.58928571428571,9.375,73.21428571428571
E00102192,279,84,48,36,195,28,167,30.107526881720432,17.20430107526882,12.903225806451612,69.89247311827957,10.03584229390681,59.85663082437276
E00102193,283,59,34,25,224,25,199,20.848056537102476,12.014134275618375,8.8339222614841,79.15194346289752,8.8339222614841,70.31802120141343
E00102194,206,52,29,23,154,17,137,25.24271844660194,14.077669902912621,11.165048543689322,74.75728155339806,8.25242718446602,66.50485436893204
E00102195,209,40,15,25,169,13,156,19.138755980861244,7.177033492822966,11.961722488038278,80.86124401913875,6.220095693779904,74.64114832535886
E00102196,247,102,57,45,145,13,132,41.29554655870445,23.076923076923077,18.218623481781375,58.70445344129555,5.263157894736842,53.441295546558706
E00102197,442,116,47,69,326,35,291,26.244343891402718,10.633484162895927,15.610859728506787,73.7556561085973,7.918552036199094,65.83710407239819
E00102198,245,62,22,40,183,18,165,25.30612244897959,8.979591836734693,16.3265306122449,74.6938775510204,7.346938775510205,67.3469387755102
E00102199,285,58,24,34,227,25,202,20.350877192982455,8.421052631578947,11.929824561403509,79.64912280701755,8.771929824561402,70.87719298245614
E00102200,260,45,9,36,215,17,198,17.307692307692307,3.4615384615384617,13.846153846153847,82.6923076923077,6.538461538461539,76.15384615384615
E00102201,372,78,34,44,294,31,263,20.967741935483872,9.13978494623656,11.827956989247312,79.03225806451613,8.333333333333332,70.6989247311828
E00102202,342,68,25,43,274,22,252,19.883040935672515,7.309941520467836,12.573099415204677,80.11695906432749,6.432748538011696,73.68421052631578
E00102203,231,47,26,21,184,22,162,20.346320346320347,11.255411255411255,9.090909090909092,79.65367965367966,9.523809523809524,70.12987012987013
E00102204,266,41,7,34,225,24,201,15.413533834586465,2.631578947368421,12.781954887218044,84.58646616541353,9.022556390977442,75.56390977443608
E00102205,241,52,25,27,189,15,174,21.57676348547718,10.37344398340249,11.20331950207469,78.42323651452283,6.224066390041494,72.19917012448133
E00102206,370,90,29,61,280,25,255,24.324324324324326,7.837837837837839,16.486486486486488,75.67567567567568,6.756756756756757,68.91891891891892
E00102207,187,27,8,19,160,26,134,14.43850267379679,4.27807486631016,10.16042780748663,85.56149732620321,13.903743315508022,71.65775401069519
E00102208,571,112,38,74,459,59,400,19.614711033274958,6.654991243432574,12.95971978984238,80.38528896672504,10.332749562171628,70.05253940455341
E00102209,372,76,29,47,296,34,262,20.43010752688172,7.795698924731183,12.634408602150538,79.56989247311827,9.13978494623656,70.43010752688173
E00102210,280,39,15,24,241,22,219,13.928571428571429,5.357142857142857,8.571428571428571,86.07142857142858,7.857142857142857,78.21428571428571
E00102211,240,21,6,15,219,17,202,8.75,2.5,6.25,91.25,7.083333333333333,84.16666666666667
E00102212,290,74,32,42,216,28,188,25.517241379310345,11.03448275862069,14.482758620689657,74.48275862068967,9.655172413793103,64.82758620689654
E00102213,282,82,40,42,200,23,177,29.078014184397162,14.184397163120568,14.893617021276595,70.92198581560284,8.156028368794328,62.76595744680851
E00102214,506,101,38,63,405,56,349,19.960474308300398,7.5098814229249005,12.450592885375494,80.03952569169961,11.067193675889328,68.97233201581028
E00102215,303,65,26,39,238,29,209,21.45214521452145,8.58085808580858,12.871287128712872,78.54785478547855,9.570957095709572,68.97689768976898
E00102216,336,64,21,43,272,19,253,19.047619047619047,6.25,12.797619047619047,80.95238095238095,5.654761904761905,75.29761904761905
E00102217,273,54,25,29,219,17,202,19.78021978021978,9.157509157509157,10.622710622710622,80.21978021978022,6.227106227106227,73.992673992674
E00102218,226,44,19,25,182,20,162,19.469026548672566,8.4070796460177,11.061946902654867,80.53097345132744,8.849557522123893,71.68141592920354
E00102219,278,62,26,36,216,28,188,22.302158273381295,9.352517985611511,12.949640287769784,77.6978417266187,10.071942446043165,67.62589928057554
E00102220,252,52,23,29,200,11,189,20.634920634920633,9.126984126984127,11.507936507936508,79.36507936507937,4.365079365079365,75
E00102221,277,59,31,28,218,20,198,21.299638989169676,11.191335740072201,10.108303249097473,78.70036101083032,7.2202166064981945,71.48014440433214
E00102222,226,60,24,36,166,14,152,26.548672566371685,10.619469026548673,15.929203539823009,73.45132743362832,6.1946902654867255,67.2566371681416
E00102223,315,72,31,41,243,26,217,22.857142857142858,9.841269841269842,13.015873015873018,77.14285714285715,8.253968253968253,68.88888888888889
E00102224,334,75,35,40,259,26,233,22.45508982035928,10.479041916167663,11.976047904191617,77.54491017964071,7.784431137724551,69.76047904191617
E00102226,238,55,20,35,183,21,162,23.10924369747899,8.403361344537815,14.705882352941178,76.89075630252101,8.823529411764707,68.0672268907563
E00102227,275,70,33,37,205,18,187,25.454545454545453,12,13.454545454545455,74.54545454545455,6.545454545454546,68
E00102228,215,74,34,40,141,17,124,34.418604651162795,15.813953488372093,18.6046511627907,65.58139534883722,7.906976744186046,57.674418604651166
E00102229,440,78,24,54,362,47,315,17.727272727272727,5.454545454545454,12.272727272727273,82.27272727272728,10.681818181818182,71.5909090909091
E00102230,257,66,29,37,191,20,171,25.680933852140075,11.284046692607005,14.396887159533073,74.31906614785993,7.782101167315175,66.53696498054474
E00102231,254,58,32,26,196,20,176,22.83464566929134,12.598425196850393,10.236220472440944,77.16535433070865,7.874015748031496,69.29133858267717
E00102232,301,62,25,37,239,29,210,20.59800664451827,8.305647840531561,12.29235880398671,79.40199335548172,9.634551495016613,69.76744186046511
E00102233,223,63,31,32,160,16,144,28.251121076233183,13.901345291479823,14.349775784753364,71.74887892376681,7.174887892376682,64.57399103139014
E00102234,332,75,36,39,257,19,238,22.590361445783135,10.843373493975903,11.74698795180723,77.40963855421687,5.72289156626506,71.6867469879518
E00102235,178,37,14,23,141,11,130,20.786516853932586,7.865168539325842,12.921348314606742,79.21348314606742,6.179775280898876,73.03370786516854
E00102236,483,79,37,42,404,31,373,16.35610766045549,7.6604554865424435,8.695652173913043,83.64389233954451,6.418219461697723,77.22567287784679
E00102237,272,56,20,36,216,23,193,20.588235294117645,7.352941176470589,13.23529411764706,79.41176470588235,8.455882352941178,70.95588235294117
E00102238,228,44,17,27,184,24,160,19.298245614035086,7.456140350877193,11.842105263157894,80.7017543859649,10.526315789473683,70.17543859649122
E00102239,249,75,31,44,174,19,155,30.120481927710845,12.449799196787147,17.670682730923694,69.87951807228916,7.630522088353414,62.24899598393574
E00102240,184,67,35,32,117,14,103,36.41304347826087,19.021739130434785,17.391304347826086,63.58695652173913,7.608695652173914,55.97826086956522
E00102241,299,64,25,39,235,24,211,21.40468227424749,8.361204013377927,13.043478260869565,78.59531772575251,8.02675585284281,70.5685618729097
E00102242,384,98,32,66,286,30,256,25.520833333333332,8.333333333333332,17.1875,74.47916666666666,7.8125,66.66666666666666
E00102243,309,53,19,34,256,29,227,17.15210355987055,6.148867313915858,11.003236245954692,82.84789644012946,9.385113268608414,73.46278317152104
E00102245,414,108,64,44,306,26,280,26.08695652173913,15.458937198067632,10.628019323671497,73.91304347826086,6.280193236714976,67.6328502415459
E00102246,443,118,64,54,325,38,287,26.63656884875846,14.446952595936793,12.18961625282167,73.36343115124153,8.577878103837472,64.78555304740406
E00102247,277,60,21,39,217,21,196,21.660649819494584,7.581227436823104,14.079422382671481,78.33935018050542,7.581227436823104,70.7581227436823
E00102248,257,50,20,30,207,22,185,19.45525291828794,7.782101167315175,11.673151750972762,80.54474708171206,8.560311284046692,71.98443579766537
E00102249,363,42,19,23,321,32,289,11.570247933884298,5.234159779614325,6.336088154269973,88.42975206611571,8.81542699724518,79.61432506887053
E00102250,373,60,22,38,313,30,283,16.0857908847185,5.898123324396782,10.187667560321715,83.91420911528151,8.04289544235925,75.87131367292224
E00102251,204,39,22,17,165,17,148,19.11764705882353,10.784313725490197,8.333333333333332,80.88235294117648,8.333333333333332,72.54901960784314
E00102252,263,58,22,36,205,24,181,22.0532319391635,8.365019011406844,13.688212927756654,77.9467680608365,9.125475285171103,68.8212927756654
E00102253,327,54,24,30,273,33,240,16.51376146788991,7.339449541284404,9.174311926605505,83.4862385321101,10.091743119266056,73.39449541284404
E00102254,311,52,20,32,259,17,242,16.720257234726688,6.430868167202572,10.289389067524116,83.27974276527331,5.466237942122187,77.81350482315112
E00102255,210,42,12,30,168,19,149,20,5.714285714285714,14.285714285714285,80,9.047619047619047,70.95238095238095
E00102256,279,35,12,23,244,40,204,12.544802867383511,4.301075268817205,8.24372759856631,87.45519713261649,14.336917562724013,73.11827956989248
E00102257,446,71,17,54,375,40,335,15.919282511210762,3.811659192825112,12.10762331838565,84.08071748878923,8.968609865470851,75.11210762331838
E00102258,512,105,44,61,407,42,365,20.5078125,8.59375,11.9140625,79.4921875,8.203125,71.2890625
E00102259,417,62,21,41,355,21,334,14.86810551558753,5.0359712230215825,9.832134292565947,85.13189448441247,5.0359712230215825,80.0959232613909
E00102260,368,57,17,40,311,33,278,15.489130434782608,4.619565217391304,10.869565217391305,84.51086956521739,8.967391304347826,75.54347826086956
E00102261,191,49,19,30,142,19,123,25.654450261780106,9.947643979057592,15.706806282722512,74.3455497382199,9.947643979057592,64.3979057591623
E00102262,200,19,4,15,181,18,163,9.5,2,7.5,90.5,9,81.5
E00102263,233,43,13,30,190,29,161,18.4549356223176,5.579399141630901,12.875536480686694,81.54506437768241,12.446351931330472,69.09871244635193
E00102264,314,138,84,54,176,16,160,43.94904458598726,26.751592356687897,17.197452229299362,56.05095541401274,5.095541401273886,50.955414012738856
E00102265,288,68,27,41,220,20,200,23.61111111111111,9.375,14.23611111111111,76.38888888888889,6.944444444444445,69.44444444444444
E00102266,144,67,34,33,77,10,67,46.52777777777778,23.61111111111111,22.916666666666664,53.47222222222222,6.944444444444445,46.52777777777778
E00102267,191,53,28,25,138,15,123,27.748691099476442,14.659685863874344,13.089005235602095,72.25130890052355,7.853403141361256,64.3979057591623
E00102268,270,45,23,22,225,20,205,16.666666666666664,8.518518518518519,8.148148148148149,83.33333333333334,7.4074074074074066,75.92592592592592
E00102269,284,54,15,39,230,22,208,19.014084507042252,5.28169014084507,13.732394366197184,80.98591549295774,7.746478873239436,73.23943661971832
E00102270,316,41,12,29,275,15,260,12.974683544303797,3.79746835443038,9.177215189873419,87.0253164556962,4.746835443037975,82.27848101265823
E00102271,277,49,15,34,228,31,197,17.689530685920577,5.415162454873646,12.274368231046932,82.31046931407943,11.191335740072201,71.11913357400722
E00102272,521,88,31,57,433,49,384,16.89059500959693,5.950095969289827,10.9404990403071,83.10940499040306,9.404990403071018,73.70441458733205
E00102273,375,90,39,51,285,43,242,24,10.4,13.600000000000001,76,11.466666666666667,64.53333333333333
E00102274,288,53,24,29,235,21,214,18.40277777777778,8.333333333333332,10.069444444444445,81.59722222222221,7.291666666666667,74.30555555555556
E00102275,275,76,38,38,199,25,174,27.636363636363637,13.818181818181818,13.818181818181818,72.36363636363636,9.090909090909092,63.272727272727266
E00102276,273,45,10,35,228,29,199,16.483516483516482,3.6630036630036633,12.82051282051282,83.51648351648352,10.622710622710622,72.89377289377289
E00102277,406,56,25,31,350,26,324,13.793103448275861,6.157635467980295,7.635467980295567,86.20689655172413,6.403940886699508,79.80295566502463
E00165892,179,29,13,16,150,18,132,16.201117318435752,7.262569832402235,8.938547486033519,83.79888268156425,10.05586592178771,73.74301675977654
E00165893,278,26,13,13,252,21,231,9.352517985611511,4.676258992805756,4.676258992805756,90.64748201438849,7.553956834532374,83.09352517985612
E00181104,284,46,22,24,238,24,214,16.19718309859155,7.746478873239436,8.450704225352112,83.80281690140845,8.450704225352112,75.35211267605634
E00181123,230,31,9,22,199,13,186,13.478260869565217,3.91304347826087,9.565217391304348,86.52173913043478,5.6521739130434785,80.8695652173913
E00181125,330,54,21,33,276,23,253,16.363636363636363,6.363636363636363,10,83.63636363636363,6.969696969696971,76.66666666666667
E00181135,106,20,11,9,86,13,73,18.867924528301888,10.377358490566039,8.49056603773585,81.13207547169812,12.264150943396226,68.86792452830188
E00181164,172,20,5,15,152,12,140,11.627906976744185,2.9069767441860463,8.720930232558139,88.37209302325581,6.976744186046512,81.3953488372093
E00181167,481,52,10,42,429,36,393,10.81081081081081,2.079002079002079,8.731808731808732,89.1891891891892,7.484407484407485,81.70478170478171
E00181170,305,46,15,31,259,20,239,15.081967213114755,4.918032786885246,10.163934426229508,84.91803278688525,6.557377049180328,78.36065573770492
E00181173,456,49,17,32,407,28,379,10.74561403508772,3.7280701754385963,7.017543859649122,89.25438596491229,6.140350877192982,83.1140350877193
E00181177,431,167,94,73,264,26,238,38.74709976798144,21.809744779582367,16.937354988399072,61.25290023201856,6.0324825986078885,55.22041763341067
E00181184,331,35,11,24,296,29,267,10.574018126888216,3.3232628398791544,7.250755287009064,89.42598187311178,8.761329305135952,80.66465256797582
