OA,ts0380001,ts0380002,ts0380003,ts0380004,ts0380005,ts0380006,ts0380007,ts0380002_PCT,ts0380003_PCT,ts0380004_PCT,ts0380005_PCT,ts0380006_PCT,ts0380007_PCT
E00066779,253,97,58,39,156,17,139,38.3399209486166,22.92490118577075,15.41501976284585,61.6600790513834,6.719367588932807,54.9407114624506
E00066780,273,69,27,42,204,13,191,25.274725274725274,9.89010989010989,15.384615384615385,74.72527472527473,4.761904761904762,69.96336996336996
E00066781,350,54,18,36,296,24,272,15.428571428571427,5.142857142857142,10.285714285714285,84.57142857142857,6.857142857142858,77.71428571428571
E00066782,274,53,25,28,221,17,204,19.34306569343066,9.124087591240876,10.218978102189782,80.65693430656934,6.204379562043796,74.45255474452554
E00066783,356,89,44,45,267,25,242,25,12.359550561797752,12.640449438202248,75,7.02247191011236,67.97752808988764
E00066784,298,52,20,32,246,18,228,17.449664429530202,6.7114093959731544,10.738255033557047,82.5503355704698,6.0402684563758395,76.51006711409396
E00066785,261,72,31,41,189,13,176,27.586206896551722,11.877394636015326,15.708812260536398,72.41379310344827,4.980842911877394,67.43295019157088
E00066786,421,126,68,58,295,25,270,29.928741092636578,16.152019002375297,13.77672209026128,70.07125890736341,5.938242280285035,64.13301662707839
E00066787,376,80,31,49,296,19,277,21.27659574468085,8.24468085106383,13.031914893617023,78.72340425531915,5.053191489361701,73.67021276595744
E00066788,419,102,51,51,317,25,292,24.3436754176611,12.17183770883055,12.17183770883055,75.65632458233891,5.966587112171838,69.68973747016707
E00066789,263,61,33,28,202,18,184,23.193916349809886,12.547528517110266,10.646387832699618,76.80608365019012,6.844106463878327,69.96197718631178
E00066790,307,55,24,31,252,24,228,17.91530944625407,7.81758957654723,10.097719869706841,82.08469055374593,7.81758957654723,74.2671009771987
E00066792,249,68,32,36,181,14,167,27.309236947791167,12.851405622489958,14.457831325301203,72.69076305220884,5.622489959839357,67.06827309236948
E00066793,260,32,12,20,228,29,199,12.307692307692308,4.615384615384616,7.6923076923076925,87.6923076923077,11.153846153846155,76.53846153846153
E00066794,380,67,27,40,313,30,283,17.63157894736842,7.105263157894736,10.526315789473683,82.36842105263158,7.894736842105263,74.47368421052632
E00066795,333,76,25,51,257,27,230,22.822822822822822,7.5075075075075075,15.315315315315313,77.17717717717719,8.108108108108109,69.06906906906907
E00066796,215,46,17,29,169,20,149,21.3953488372093,7.906976744186046,13.488372093023257,78.6046511627907,9.30232558139535,69.30232558139535
E00066797,298,61,29,32,237,19,218,20.469798657718123,9.731543624161073,10.738255033557047,79.53020134228188,6.375838926174497,73.15436241610739
E00066799,501,52,14,38,449,32,417,10.379241516966067,2.7944111776447107,7.584830339321358,89.62075848303394,6.387225548902195,83.23353293413174
E00066800,291,74,38,36,217,16,201,25.42955326460481,13.058419243986256,12.371134020618557,74.5704467353952,5.498281786941581,69.0721649484536
E00066801,270,58,26,32,212,22,190,21.48148148148148,9.62962962962963,11.851851851851853,78.51851851851852,8.148148148148149,70.37037037037037
E00066802,265,56,21,35,209,20,189,21.132075471698116,7.9245283018867925,13.20754716981132,78.8679245283019,7.547169811320755,71.32075471698113
E00066803,272,65,34,31,207,16,191,23.897058823529413,12.5,11.397058823529411,76.10294117647058,5.88235294117647,70.22058823529412
E00066804,239,66,23,43,173,18,155,27.615062761506277,9.623430962343097,17.99163179916318,72.38493723849372,7.531380753138076,64.85355648535564
E00066805,281,78,44,34,203,9,194,27.75800711743772,15.658362989323843,12.099644128113878,72.24199288256227,3.202846975088968,69.03914590747331
E00066806,158,72,39,33,86,10,76,45.56962025316456,24.68354430379747,20.88607594936709,54.43037974683544,6.329113924050633,48.10126582278481
E00066807,328,121,68,53,207,26,181,36.890243902439025,20.73170731707317,16.158536585365855,63.109756097560975,7.926829268292683,55.1829268292683
E00066808,280,57,21,36,223,18,205,20.357142857142858,7.5,12.857142857142856,79.64285714285714,6.428571428571428,73.21428571428571
E00066809,333,115,80,35,218,38,180,34.53453453453454,24.024024024024023,10.51051051051051,65.46546546546547,11.411411411411411,54.054054054054056
E00066810,313,88,38,50,225,21,204,28.115015974440894,12.140575079872203,15.974440894568689,71.8849840255591,6.7092651757188495,65.17571884984025
E00066811,338,54,21,33,284,17,267,15.976331360946746,6.21301775147929,9.763313609467456,84.02366863905326,5.029585798816568,78.99408284023669
E00066812,311,61,23,38,250,20,230,19.614147909967848,7.395498392282958,12.218649517684888,80.38585209003215,6.430868167202572,73.95498392282958
E00066813,369,63,21,42,306,31,275,17.073170731707318,5.691056910569105,11.38211382113821,82.92682926829268,8.401084010840108,74.52574525745257
E00066814,393,77,35,42,316,21,295,19.59287531806616,8.9058524173028,10.687022900763358,80.40712468193384,5.343511450381679,75.06361323155217
E00066815,380,50,19,31,330,25,305,13.157894736842104,5,8.157894736842106,86.8421052631579,6.578947368421052,80.26315789473685
E00066816,276,82,41,41,194,13,181,29.71014492753623,14.855072463768115,14.855072463768115,70.28985507246377,4.710144927536232,65.57971014492753
E00066817,366,62,19,43,304,28,276,16.939890710382514,5.191256830601093,11.748633879781421,83.06010928961749,7.650273224043716,75.40983606557377
E00066818,229,60,30,30,169,11,158,26.200873362445414,13.100436681222707,13.100436681222707,73.7991266375546,4.8034934497816595,68.99563318777294
E00066819,108,17,6,11,91,10,81,15.74074074074074,5.555555555555555,10.185185185185185,84.25925925925925,9.25925925925926,75
E00066820,364,65,21,44,299,26,273,17.857142857142858,5.769230769230769,12.087912087912088,82.14285714285714,7.142857142857142,75
E00066821,270,39,16,23,231,20,211,14.444444444444443,5.9259259259259265,8.518518518518519,85.55555555555556,7.4074074074074066,78.14814814814814
E00066822,264,53,22,31,211,26,185,20.075757575757574,8.333333333333332,11.742424242424242,79.92424242424242,9.848484848484848,70.07575757575758
E00066823,378,54,21,33,324,32,292,14.285714285714285,5.555555555555555,8.73015873015873,85.71428571428571,8.465608465608465,77.24867724867724
E00066824,570,68,20,48,502,40,462,11.929824561403509,3.508771929824561,8.421052631578947,88.0701754385965,7.017543859649122,81.05263157894737
E00066825,381,70,33,37,311,34,277,18.37270341207349,8.661417322834646,9.711286089238845,81.62729658792651,8.923884514435695,72.70341207349081
E00066826,327,62,29,33,265,17,248,18.960244648318042,8.868501529051988,10.091743119266056,81.03975535168195,5.198776758409786,75.84097859327217
E00066827,350,53,23,30,297,20,277,15.142857142857144,6.571428571428571,8.571428571428571,84.85714285714285,5.714285714285714,79.14285714285715
E00066828,592,80,32,48,512,46,466,13.513513513513514,5.405405405405405,8.108108108108109,86.48648648648648,7.77027027027027,78.71621621621621
E00066829,225,45,15,30,180,23,157,20,6.666666666666667,13.333333333333334,80,10.222222222222223,69.77777777777779
E00066830,213,32,15,17,181,17,164,15.023474178403756,7.042253521126761,7.981220657276995,84.97652582159625,7.981220657276995,76.99530516431925
E00066831,305,66,29,37,239,28,211,21.639344262295083,9.508196721311474,12.131147540983607,78.36065573770492,9.180327868852459,69.18032786885246
E00066832,289,42,8,34,247,22,225,14.53287197231834,2.768166089965398,11.76470588235294,85.46712802768167,7.612456747404845,77.85467128027682
E00066833,198,46,15,31,152,17,135,23.232323232323232,7.575757575757576,15.656565656565657,76.76767676767676,8.585858585858585,68.18181818181817
E00066834,259,49,22,27,210,19,191,18.91891891891892,8.494208494208493,10.424710424710424,81.08108108108108,7.335907335907336,73.74517374517374
E00066835,408,73,35,38,335,36,299,17.892156862745097,8.57843137254902,9.313725490196079,82.1078431372549,8.823529411764707,73.2843137254902
E00066836,330,70,34,36,260,19,241,21.21212121212121,10.303030303030303,10.909090909090908,78.78787878787878,5.757575757575758,73.03030303030303
E00066837,295,49,17,32,246,20,226,16.610169491525422,5.762711864406779,10.847457627118644,83.38983050847457,6.779661016949152,76.61016949152543
E00066838,296,57,26,31,239,23,216,19.256756756756758,8.783783783783784,10.472972972972974,80.74324324324324,7.77027027027027,72.97297297297297
E00066839,339,57,23,34,282,34,248,16.8141592920354,6.784660766961652,10.029498525073747,83.1858407079646,10.029498525073747,73.15634218289085
E00066840,295,52,21,31,243,26,217,17.627118644067796,7.118644067796611,10.508474576271185,82.37288135593221,8.813559322033898,73.5593220338983
E00066841,393,91,39,52,302,31,271,23.155216284987276,9.923664122137405,13.231552162849871,76.84478371501272,7.888040712468193,68.95674300254453
E00066842,353,71,33,38,282,27,255,20.113314447592067,9.34844192634561,10.764872521246458,79.88668555240793,7.64872521246459,72.23796033994334
E00066843,342,52,20,32,290,21,269,15.204678362573098,5.847953216374268,9.35672514619883,84.7953216374269,6.140350877192982,78.65497076023392
E00066844,313,84,34,50,229,20,209,26.837060702875398,10.86261980830671,15.974440894568689,73.1629392971246,6.3897763578274756,66.77316293929712
E00066845,341,72,30,42,269,27,242,21.114369501466275,8.797653958944283,12.316715542521994,78.88563049853371,7.9178885630498534,70.96774193548387
E00066846,498,82,31,51,416,25,391,16.46586345381526,6.2248995983935735,10.240963855421686,83.53413654618474,5.020080321285141,78.5140562248996
E00066847,388,67,31,36,321,32,289,17.2680412371134,7.989690721649484,9.278350515463918,82.73195876288659,8.24742268041237,74.48453608247422
E00066848,271,54,27,27,217,16,201,19.92619926199262,9.96309963099631,9.96309963099631,80.07380073800738,5.904059040590406,74.16974169741697
E00066849,397,77,34,43,320,43,277,19.395465994962215,8.564231738035264,10.831234256926953,80.60453400503779,10.831234256926953,69.77329974811083
E00066850,446,92,39,53,354,26,328,20.62780269058296,8.74439461883408,11.883408071748878,79.37219730941703,5.829596412556054,73.54260089686099
E00066851,234,76,39,37,158,11,147,32.47863247863248,16.666666666666664,15.81196581196581,67.52136752136752,4.700854700854701,62.82051282051282
E00066852,209,59,26,33,150,21,129,28.22966507177033,12.440191387559809,15.789473684210526,71.77033492822966,10.047846889952153,61.72248803827751
E00066853,465,65,27,38,400,23,377,13.978494623655912,5.806451612903226,8.172043010752688,86.02150537634408,4.946236559139785,81.0752688172043
E00066854,284,62,27,35,222,19,203,21.830985915492956,9.507042253521126,12.323943661971832,78.16901408450704,6.690140845070422,71.47887323943662
E00066855,254,65,36,29,189,13,176,25.590551181102363,14.173228346456693,11.41732283464567,74.40944881889764,5.118110236220472,69.29133858267717
E00066856,409,89,51,38,320,23,297,21.76039119804401,12.469437652811736,9.290953545232274,78.239608801956,5.623471882640587,72.6161369193154
E00066857,431,81,33,48,350,34,316,18.793503480278424,7.65661252900232,11.1368909512761,81.20649651972158,7.888631090487238,73.31786542923435
E00066858,344,51,16,35,293,24,269,14.825581395348838,4.651162790697675,10.174418604651162,85.17441860465115,6.976744186046512,78.19767441860465
E00066859,287,58,26,32,229,15,214,20.209059233449477,9.059233449477352,11.149825783972126,79.79094076655052,5.2264808362369335,74.56445993031359
E00066860,291,63,23,40,228,25,203,21.649484536082475,7.903780068728522,13.745704467353953,78.35051546391753,8.59106529209622,69.7594501718213
E00066861,290,58,30,28,232,25,207,20,10.344827586206897,9.655172413793103,80,8.620689655172415,71.37931034482759
E00066862,287,57,24,33,230,28,202,19.860627177700348,8.362369337979095,11.498257839721255,80.13937282229965,9.75609756097561,70.38327526132404
E00066863,308,56,24,32,252,19,233,18.181818181818183,7.792207792207792,10.38961038961039,81.81818181818183,6.1688311688311686,75.64935064935064
E00066864,384,75,28,47,309,31,278,19.53125,7.291666666666667,12.239583333333332,80.46875,8.072916666666668,72.39583333333334
E00066865,349,69,25,44,280,32,248,19.770773638968482,7.163323782234957,12.607449856733524,80.22922636103151,9.169054441260744,71.06017191977078
E00066866,360,41,11,30,319,36,283,11.38888888888889,3.0555555555555554,8.333333333333332,88.61111111111111,10,78.61111111111111
E00066867,339,58,22,36,281,21,260,17.10914454277286,6.489675516224189,10.619469026548673,82.89085545722715,6.1946902654867255,76.69616519174042
E00066868,409,57,16,41,352,25,327,13.93643031784841,3.9119804400977993,10.024449877750612,86.06356968215158,6.112469437652812,79.95110024449878
E00066869,325,51,20,31,274,25,249,15.692307692307692,6.153846153846154,9.538461538461538,84.3076923076923,7.6923076923076925,76.61538461538461
E00066870,272,54,22,32,218,33,185,19.852941176470587,8.088235294117647,11.76470588235294,80.14705882352942,12.132352941176471,68.01470588235294
E00066871,241,78,41,37,163,16,147,32.365145228215766,17.012448132780083,15.352697095435685,67.63485477178423,6.639004149377594,60.99585062240664
E00066872,219,52,24,28,167,14,153,23.74429223744292,10.95890410958904,12.785388127853881,76.25570776255708,6.392694063926941,69.86301369863014
E00066873,602,83,34,49,519,48,471,13.78737541528239,5.647840531561462,8.13953488372093,86.21262458471762,7.973421926910299,78.23920265780731
E00066874,335,74,36,38,261,19,242,22.08955223880597,10.746268656716417,11.343283582089553,77.91044776119404,5.6716417910447765,72.23880597014926
E00066875,174,27,11,16,147,9,138,15.517241379310345,6.321839080459771,9.195402298850574,84.48275862068965,5.172413793103448,79.3103448275862
E00066876,353,65,38,27,288,29,259,18.413597733711047,10.764872521246458,7.64872521246459,81.58640226628894,8.21529745042493,73.37110481586402
E00066877,432,93,46,47,339,30,309,21.52777777777778,10.648148148148149,10.87962962962963,78.47222222222221,6.944444444444445,71.52777777777779
E00066878,471,76,28,48,395,37,358,16.13588110403397,5.9447983014862,10.191082802547772,83.86411889596603,7.855626326963907,76.00849256900213
E00066879,323,57,17,40,266,22,244,17.647058823529413,5.263157894736842,12.38390092879257,82.35294117647058,6.811145510835913,75.54179566563467
E00066880,303,84,54,30,219,31,188,27.722772277227726,17.82178217821782,9.900990099009901,72.27722772277228,10.231023102310232,62.04620462046204
E00066881,349,74,29,45,275,26,249,21.20343839541547,8.30945558739255,12.893982808022923,78.79656160458453,7.4498567335243555,71.34670487106017
E00066882,328,67,22,45,261,26,235,20.426829268292682,6.707317073170732,13.719512195121952,79.57317073170732,7.926829268292683,71.64634146341463
E00066883,288,62,26,36,226,24,202,21.52777777777778,9.027777777777777,12.5,78.47222222222221,8.333333333333332,70.13888888888889
E00066884,224,75,30,45,149,15,134,33.482142857142854,13.392857142857142,20.089285714285715,66.51785714285714,6.696428571428571,59.82142857142857
E00066885,478,69,27,42,409,41,368,14.435146443514643,5.648535564853557,8.786610878661087,85.56485355648536,8.577405857740587,76.98744769874477
E00066887,329,68,24,44,261,26,235,20.66869300911854,7.29483282674772,13.37386018237082,79.33130699088146,7.90273556231003,71.42857142857143
E00066888,235,51,18,33,184,14,170,21.70212765957447,7.659574468085106,14.042553191489363,78.29787234042553,5.957446808510639,72.3404255319149
E00066889,332,73,33,40,259,18,241,21.987951807228914,9.939759036144578,12.048192771084338,78.01204819277109,5.421686746987952,72.59036144578313
E00066891,309,61,17,44,248,30,218,19.741100323624593,5.501618122977346,14.239482200647249,80.2588996763754,9.70873786407767,70.55016181229773
E00066892,310,88,47,41,222,21,201,28.387096774193548,15.161290322580644,13.225806451612904,71.61290322580646,6.774193548387098,64.83870967741936
E00066893,260,71,39,32,189,13,176,27.307692307692307,15,12.307692307692308,72.6923076923077,5,67.6923076923077
E00066894,269,37,7,30,232,23,209,13.754646840148698,2.6022304832713754,11.152416356877323,86.2453531598513,8.550185873605948,77.69516728624535
E00066895,232,49,19,30,183,19,164,21.120689655172413,8.189655172413794,12.931034482758621,78.87931034482759,8.189655172413794,70.6896551724138
E00066897,311,46,20,26,265,27,238,14.790996784565916,6.430868167202572,8.360128617363344,85.20900321543408,8.681672025723474,76.52733118971061
E00066898,356,69,36,33,287,30,257,19.382022471910112,10.112359550561797,9.269662921348315,80.6179775280899,8.426966292134832,72.19101123595506
E00066899,252,54,21,33,198,18,180,21.428571428571427,8.333333333333332,13.095238095238097,78.57142857142857,7.142857142857142,71.42857142857143
E00066900,382,86,32,54,296,23,273,22.5130890052356,8.37696335078534,14.136125654450263,77.4869109947644,6.020942408376963,71.46596858638743
E00066901,254,48,18,30,206,16,190,18.89763779527559,7.086614173228346,11.811023622047244,81.10236220472441,6.299212598425196,74.80314960629921
E00066902,472,68,20,48,404,33,371,14.40677966101695,4.23728813559322,10.16949152542373,85.59322033898306,6.991525423728813,78.60169491525424
E00066903,540,82,26,56,458,43,415,15.185185185185185,4.814814814814815,10.37037037037037,84.81481481481481,7.962962962962964,76.85185185185185
E00066904,318,55,24,31,263,27,236,17.29559748427673,7.547169811320755,9.748427672955975,82.70440251572327,8.49056603773585,74.21383647798741
E00066905,320,78,39,39,242,20,222,24.375,12.1875,12.1875,75.625,6.25,69.375
E00066906,487,74,28,46,413,35,378,15.195071868583163,5.749486652977413,9.44558521560575,84.80492813141683,7.186858316221765,77.61806981519507
E00066907,390,93,30,63,297,33,264,23.846153846153847,7.6923076923076925,16.153846153846153,76.15384615384615,8.461538461538462,67.6923076923077
E00066908,303,45,17,28,258,22,236,14.85148514851485,5.6105610561056105,9.24092409240924,85.14851485148515,7.2607260726072615,77.88778877887789
E00066909,515,92,32,60,423,35,388,17.864077669902912,6.213592233009709,11.650485436893204,82.13592233009709,6.796116504854369,75.33980582524272
E00066910,189,67,43,24,122,13,109,35.44973544973545,22.75132275132275,12.698412698412698,64.55026455026454,6.878306878306878,57.67195767195767
E00066911,319,71,21,50,248,25,223,22.25705329153605,6.583072100313479,15.673981191222571,77.74294670846395,7.836990595611286,69.90595611285266
E00066912,282,49,20,29,233,18,215,17.375886524822697,7.092198581560284,10.28368794326241,82.62411347517731,6.382978723404255,76.24113475177306
E00066913,280,48,23,25,232,17,215,17.142857142857142,8.214285714285714,8.928571428571429,82.85714285714286,6.071428571428571,76.78571428571429
E00066914,280,62,21,41,218,15,203,22.142857142857142,7.5,14.642857142857144,77.85714285714286,5.357142857142857,72.5
E00066915,241,63,28,35,178,22,156,26.141078838174277,11.618257261410788,14.522821576763487,73.85892116182573,9.12863070539419,64.73029045643153
E00066916,324,39,16,23,285,22,263,12.037037037037036,4.938271604938271,7.098765432098765,87.96296296296296,6.790123456790123,81.17283950617285
E00066917,297,56,31,25,241,17,224,18.855218855218855,10.437710437710438,8.417508417508419,81.14478114478115,5.723905723905724,75.42087542087542
E00066918,260,55,17,38,205,27,178,21.153846153846153,6.538461538461539,14.615384615384617,78.84615384615384,10.384615384615385,68.46153846153847
E00066919,281,57,34,23,224,25,199,20.284697508896798,12.099644128113878,8.185053380782918,79.7153024911032,8.896797153024911,70.8185053380783
E00066920,279,50,23,27,229,22,207,17.921146953405017,8.24372759856631,9.67741935483871,82.07885304659499,7.885304659498208,74.19354838709677
E00066921,296,43,15,28,253,27,226,14.527027027027026,5.0675675675675675,9.45945945945946,85.47297297297297,9.121621621621621,76.35135135135135
E00066922,259,58,30,28,201,15,186,22.393822393822393,11.583011583011583,10.81081081081081,77.60617760617761,5.7915057915057915,71.81467181467181
E00066923,247,62,23,39,185,20,165,25.101214574898783,9.31174089068826,15.789473684210526,74.89878542510121,8.097165991902834,66.80161943319838
E00066924,392,58,25,33,334,25,309,14.795918367346939,6.377551020408164,8.418367346938775,85.20408163265306,6.377551020408164,78.8265306122449
E00066925,297,49,22,27,248,18,230,16.4983164983165,7.4074074074074066,9.090909090909092,83.5016835016835,6.0606060606060606,77.44107744107744
E00066926,247,49,21,28,198,23,175,19.838056680161944,8.502024291497975,11.336032388663968,80.16194331983806,9.31174089068826,70.8502024291498
E00066927,282,57,25,32,225,24,201,20.212765957446805,8.865248226950355,11.347517730496454,79.7872340425532,8.51063829787234,71.27659574468085
E00066928,298,46,13,33,252,20,232,15.436241610738255,4.3624161073825505,11.073825503355705,84.56375838926175,6.7114093959731544,77.85234899328859
E00066929,197,46,20,26,151,13,138,23.3502538071066,10.152284263959391,13.19796954314721,76.6497461928934,6.598984771573605,70.05076142131979
E00066930,555,52,14,38,503,27,476,9.36936936936937,2.5225225225225225,6.846846846846846,90.63063063063062,4.864864864864865,85.76576576576576
E00066931,255,52,25,27,203,27,176,20.392156862745097,9.803921568627452,10.588235294117647,79.6078431372549,10.588235294117647,69.01960784313725
E00066932,252,48,10,38,204,20,184,19.047619047619047,3.968253968253968,15.079365079365079,80.95238095238095,7.936507936507936,73.01587301587301
E00066933,207,53,23,30,154,13,141,25.60386473429952,11.11111111111111,14.492753623188406,74.39613526570048,6.280193236714976,68.11594202898551
E00066934,282,51,24,27,231,19,212,18.085106382978726,8.51063829787234,9.574468085106384,81.91489361702128,6.73758865248227,75.177304964539
E00066935,222,54,28,26,168,13,155,24.324324324324326,12.612612612612612,11.711711711711711,75.67567567567568,5.8558558558558556,69.81981981981981
E00066936,279,44,16,28,235,24,211,15.770609318996415,5.734767025089606,10.03584229390681,84.22939068100358,8.60215053763441,75.62724014336918
E00066937,259,37,22,15,222,17,205,14.285714285714285,8.494208494208493,5.7915057915057915,85.71428571428571,6.563706563706563,79.15057915057915
E00066938,263,51,18,33,212,18,194,19.39163498098859,6.844106463878327,12.547528517110266,80.6083650190114,6.844106463878327,73.76425855513308
E00066939,179,57,30,27,122,15,107,31.843575418994412,16.75977653631285,15.083798882681565,68.15642458100558,8.379888268156424,59.77653631284916
E00066940,298,47,7,40,251,18,233,15.771812080536913,2.348993288590604,13.422818791946309,84.22818791946308,6.0402684563758395,78.18791946308725
E00066941,278,50,19,31,228,18,210,17.985611510791365,6.83453237410072,11.151079136690647,82.01438848920863,6.474820143884892,75.53956834532374
E00066942,200,43,16,27,157,12,145,21.5,8,13.5,78.5,6,72.5
E00066943,298,47,17,30,251,22,229,15.771812080536913,5.704697986577181,10.06711409395973,84.22818791946308,7.38255033557047,76.84563758389261
E00066944,264,51,20,31,213,38,175,19.318181818181817,7.575757575757576,11.742424242424242,80.68181818181817,14.393939393939394,66.28787878787878
E00066945,309,63,26,37,246,22,224,20.388349514563107,8.414239482200648,11.974110032362459,79.6116504854369,7.119741100323624,72.49190938511327
E00066946,424,70,28,42,354,17,337,16.50943396226415,6.60377358490566,9.90566037735849,83.49056603773585,4.009433962264151,79.48113207547169
E00066947,289,62,21,41,227,21,206,21.453287197231834,7.26643598615917,14.186851211072666,78.54671280276817,7.26643598615917,71.280276816609
E00066948,287,42,12,30,245,27,218,14.634146341463413,4.181184668989547,10.452961672473867,85.36585365853658,9.40766550522648,75.9581881533101
E00066949,260,51,18,33,209,19,190,19.615384615384617,6.923076923076923,12.692307692307692,80.38461538461539,7.307692307692308,73.07692307692307
E00066950,343,59,26,33,284,24,260,17.20116618075802,7.580174927113703,9.620991253644315,82.79883381924198,6.997084548104956,75.80174927113703
E00066951,407,58,17,41,349,33,316,14.250614250614252,4.176904176904177,10.073710073710075,85.74938574938575,8.108108108108109,77.64127764127764
E00066952,402,74,30,44,328,26,302,18.407960199004975,7.462686567164178,10.945273631840797,81.59203980099502,6.467661691542288,75.12437810945273
E00066953,331,59,25,34,272,28,244,17.82477341389728,7.552870090634441,10.27190332326284,82.17522658610272,8.459214501510575,73.71601208459214
E00066954,359,72,33,39,287,20,267,20.055710306406684,9.192200557103064,10.86350974930362,79.94428969359332,5.571030640668524,74.3732590529248
E00066955,217,39,14,25,178,13,165,17.972350230414747,6.451612903225806,11.52073732718894,82.02764976958525,5.990783410138248,76.036866359447
E00066956,327,61,28,33,266,26,240,18.654434250764528,8.56269113149847,10.091743119266056,81.34556574923548,7.951070336391437,73.39449541284404
E00066957,279,81,32,49,198,27,171,29.03225806451613,11.469534050179211,17.562724014336915,70.96774193548387,9.67741935483871,61.29032258064516
E00066959,318,76,33,43,242,17,225,23.89937106918239,10.377358490566039,13.522012578616351,76.10062893081762,5.345911949685535,70.75471698113208
E00066960,233,38,14,24,195,24,171,16.30901287553648,6.008583690987124,10.300429184549357,83.69098712446352,10.300429184549357,73.39055793991416
E00066961,247,73,31,42,174,13,161,29.554655870445345,12.550607287449392,17.00404858299595,70.44534412955466,5.263157894736842,65.18218623481782
E00066962,336,72,29,43,264,15,249,21.428571428571427,8.630952380952381,12.797619047619047,78.57142857142857,4.464285714285714,74.10714285714286
E00066963,232,51,10,41,181,17,164,21.982758620689655,4.310344827586207,17.67241379310345,78.01724137931035,7.327586206896551,70.6896551724138
E00066964,270,77,36,41,193,23,170,28.51851851851852,13.333333333333334,15.185185185185185,71.48148148148148,8.518518518518519,62.96296296296296
E00066965,249,44,14,30,205,20,185,17.670682730923694,5.622489959839357,12.048192771084338,82.32931726907631,8.032128514056225,74.29718875502009
E00066966,255,40,18,22,215,23,192,15.686274509803921,7.0588235294117645,8.627450980392156,84.31372549019608,9.019607843137255,75.29411764705883
E00066967,311,60,23,37,251,29,222,19.292604501607716,7.395498392282958,11.89710610932476,80.70739549839229,9.32475884244373,71.38263665594855
E00066968,279,69,20,49,210,13,197,24.731182795698924,7.168458781362006,17.562724014336915,75.26881720430107,4.659498207885305,70.60931899641577
E00066969,409,130,69,61,279,31,248,31.784841075794624,16.87041564792176,14.91442542787286,68.21515892420538,7.579462102689487,60.63569682151589
E00066970,289,68,32,36,221,21,200,23.52941176470588,11.072664359861593,12.45674740484429,76.47058823529412,7.26643598615917,69.20415224913495
E00066971,249,39,12,27,210,23,187,15.66265060240964,4.819277108433735,10.843373493975903,84.33734939759037,9.236947791164658,75.1004016064257
E00066972,389,127,70,57,262,20,242,32.64781491002571,17.994858611825194,14.652956298200515,67.3521850899743,5.141388174807198,62.2107969151671
E00066973,333,65,24,41,268,21,247,19.51951951951952,7.207207207207207,12.312312312312311,80.48048048048048,6.306306306306306,74.17417417417418
E00066974,333,74,36,38,259,25,234,22.22222222222222,10.81081081081081,11.411411411411411,77.77777777777779,7.5075075075075075,70.27027027027027
E00066975,393,93,38,55,300,28,272,23.66412213740458,9.669211195928753,13.994910941475828,76.33587786259542,7.124681933842239,69.21119592875317
E00066976,193,52,19,33,141,17,124,26.94300518134715,9.844559585492227,17.098445595854923,73.05699481865285,8.808290155440414,64.24870466321244
E00066977,352,52,18,34,300,23,277,14.772727272727273,5.113636363636364,9.659090909090908,85.22727272727273,6.534090909090909,78.69318181818183
E00066978,364,65,15,50,299,21,278,17.857142857142858,4.1208791208791204,13.736263736263737,82.14285714285714,5.769230769230769,76.37362637362637
E00066979,275,74,40,34,201,22,179,26.90909090909091,14.545454545454545,12.363636363636363,73.0909090909091,8,65.0909090909091
E00066980,272,57,22,35,215,21,194,20.955882352941178,8.088235294117647,12.867647058823529,79.04411764705883,7.720588235294118,71.32352941176471
E00066981,225,34,7,27,191,26,165,15.11111111111111,3.111111111111111,12,84.88888888888889,11.555555555555555,73.33333333333333
E00066982,331,49,14,35,282,30,252,14.803625377643503,4.229607250755287,10.574018126888216,85.1963746223565,9.06344410876133,76.13293051359517
E00066983,436,55,22,33,381,25,356,12.614678899082568,5.045871559633028,7.568807339449542,87.38532110091744,5.73394495412844,81.65137614678899
E00066984,313,92,40,52,221,24,197,29.39297124600639,12.779552715654951,16.61341853035144,70.6070287539936,7.667731629392971,62.939297124600635
E00066985,446,61,25,36,385,52,333,13.67713004484305,5.605381165919283,8.071748878923767,86.32286995515696,11.659192825112108,74.66367713004485
E00066986,252,46,23,23,206,23,183,18.253968253968253,9.126984126984127,9.126984126984127,81.74603174603175,9.126984126984127,72.61904761904762
E00066987,310,51,19,32,259,26,233,16.451612903225808,6.129032258064516,10.32258064516129,83.54838709677419,8.38709677419355,75.16129032258064
E00066989,272,42,14,28,230,23,207,15.441176470588236,5.147058823529411,10.294117647058822,84.55882352941177,8.455882352941178,76.10294117647058
E00066990,309,54,26,28,255,19,236,17.475728155339805,8.414239482200648,9.06148867313916,82.52427184466019,6.148867313915858,76.37540453074433
E00066991,289,52,16,36,237,18,219,17.99307958477509,5.536332179930796,12.45674740484429,82.00692041522491,6.228373702422145,75.77854671280276
E00066992,240,56,20,36,184,24,160,23.333333333333332,8.333333333333332,15,76.66666666666667,10,66.66666666666666
E00066993,329,50,16,34,279,28,251,15.19756838905775,4.86322188449848,10.33434650455927,84.80243161094225,8.51063829787234,76.29179331306992
E00066994,258,80,53,27,178,11,167,31.007751937984494,20.54263565891473,10.465116279069768,68.9922480620155,4.263565891472868,64.72868217054264
E00066995,277,43,18,25,234,19,215,15.523465703971121,6.4981949458483745,9.025270758122744,84.47653429602889,6.859205776173286,77.6173285198556
E00066996,282,46,22,24,236,15,221,16.312056737588655,7.801418439716312,8.51063829787234,83.68794326241135,5.319148936170213,78.36879432624113
E00066997,289,52,19,33,237,28,209,17.99307958477509,6.5743944636678195,11.418685121107266,82.00692041522491,9.688581314878892,72.31833910034602
E00066998,242,68,19,49,174,19,155,28.09917355371901,7.851239669421488,20.24793388429752,71.900826446281,7.851239669421488,64.0495867768595
E00066999,267,48,11,37,219,20,199,17.97752808988764,4.119850187265917,13.857677902621724,82.02247191011236,7.490636704119851,74.53183520599251
E00067000,270,44,23,21,226,20,206,16.296296296296298,8.518518518518519,7.777777777777778,83.7037037037037,7.4074074074074066,76.29629629629629
E00067001,352,52,15,37,300,29,271,14.772727272727273,4.261363636363636,10.511363636363637,85.22727272727273,8.238636363636363,76.98863636363636
E00067002,311,54,22,32,257,24,233,17.363344051446948,7.07395498392283,10.289389067524116,82.63665594855306,7.717041800643088,74.91961414790997
E00067003,157,63,33,30,94,5,89,40.12738853503185,21.019108280254777,19.10828025477707,59.87261146496815,3.1847133757961785,56.68789808917197
E00067004,283,52,23,29,231,18,213,18.374558303886925,8.12720848056537,10.247349823321555,81.62544169611307,6.36042402826855,75.26501766784452
E00067005,326,49,19,30,277,19,258,15.030674846625766,5.828220858895705,9.202453987730062,84.96932515337423,5.828220858895705,79.14110429447852
E00067006,442,123,72,51,319,32,287,27.828054298642535,16.289592760180994,11.538461538461538,72.17194570135746,7.239819004524888,64.93212669683258
E00067007,301,90,45,45,211,26,185,29.900332225913623,14.950166112956811,14.950166112956811,70.09966777408638,8.637873754152823,61.461794019933556
E00067008,324,75,41,34,249,17,232,23.14814814814815,12.654320987654321,10.493827160493826,76.85185185185185,5.246913580246913,71.60493827160494
E00067009,409,70,32,38,339,19,320,17.114914425427873,7.823960880195599,9.290953545232274,82.88508557457213,4.645476772616137,78.239608801956
E00067010,402,90,37,53,312,22,290,22.388059701492537,9.203980099502488,13.184079601990051,77.61194029850746,5.472636815920398,72.13930348258707
E00067011,332,84,41,43,248,20,228,25.301204819277107,12.349397590361445,12.951807228915662,74.69879518072288,6.024096385542169,68.67469879518072
E00067012,256,55,22,33,201,18,183,21.484375,8.59375,12.890625,78.515625,7.03125,71.484375
E00067013,227,66,26,40,161,13,148,29.074889867841406,11.45374449339207,17.62114537444934,70.92511013215858,5.726872246696035,65.19823788546255
E00067014,209,44,20,24,165,14,151,21.052631578947366,9.569377990430622,11.483253588516746,78.94736842105263,6.698564593301436,72.24880382775119
E00067015,229,71,32,39,158,12,146,31.004366812227076,13.973799126637553,17.03056768558952,68.99563318777294,5.240174672489083,63.75545851528385
E00067016,258,57,18,39,201,16,185,22.093023255813954,6.976744186046512,15.11627906976744,77.90697674418605,6.2015503875969,71.70542635658916
E00067017,234,58,31,27,176,11,165,24.786324786324787,13.247863247863249,11.538461538461538,75.21367521367522,4.700854700854701,70.51282051282051
E00067018,284,95,47,48,189,15,174,33.45070422535211,16.549295774647888,16.901408450704224,66.54929577464789,5.28169014084507,61.267605633802816
E00067019,354,133,71,62,221,20,201,37.570621468926554,20.056497175141246,17.51412429378531,62.42937853107344,5.649717514124294,56.779661016949156
E00067020,326,70,29,41,256,21,235,21.472392638036812,8.895705521472392,12.576687116564417,78.52760736196319,6.441717791411043,72.08588957055214
E00067021,300,65,21,44,235,9,226,21.666666666666668,7.000000000000001,14.666666666666666,78.33333333333333,3,75.33333333333333
E00067022,350,86,32,54,264,18,246,24.571428571428573,9.142857142857142,15.428571428571427,75.42857142857143,5.142857142857142,70.28571428571428
E00067023,242,75,44,31,167,15,152,30.991735537190085,18.181818181818183,12.8099173553719,69.00826446280992,6.198347107438017,62.8099173553719
E00067024,347,63,26,37,284,20,264,18.155619596541786,7.492795389048991,10.662824207492795,81.84438040345822,5.763688760806916,76.0806916426513
E00067025,385,91,46,45,294,15,279,23.636363636363637,11.948051948051948,11.688311688311687,76.36363636363637,3.896103896103896,72.46753246753246
E00067026,331,79,30,49,252,13,239,23.867069486404834,9.06344410876133,14.803625377643503,76.13293051359517,3.927492447129909,72.20543806646525
E00067027,342,81,31,50,261,24,237,23.684210526315788,9.064327485380117,14.619883040935672,76.31578947368422,7.017543859649122,69.2982456140351
E00067028,259,65,23,42,194,21,173,25.096525096525095,8.880308880308881,16.216216216216218,74.9034749034749,8.108108108108109,66.79536679536679
E00067029,285,49,11,38,236,28,208,17.192982456140353,3.8596491228070176,13.333333333333334,82.80701754385966,9.824561403508772,72.98245614035088
E00067030,261,44,17,27,217,16,201,16.85823754789272,6.513409961685824,10.344827586206897,83.14176245210729,6.130268199233716,77.01149425287356
E00067031,294,57,25,32,237,18,219,19.387755102040817,8.503401360544217,10.884353741496598,80.61224489795919,6.122448979591836,74.48979591836735
E00067032,324,55,23,32,269,24,245,16.97530864197531,7.098765432098765,9.876543209876543,83.0246913580247,7.4074074074074066,75.61728395061729
E00067033,358,84,40,44,274,20,254,23.463687150837988,11.1731843575419,12.290502793296088,76.53631284916202,5.58659217877095,70.94972067039106
E00067034,305,67,36,31,238,24,214,21.9672131147541,11.80327868852459,10.163934426229508,78.0327868852459,7.868852459016394,70.16393442622952
E00067035,359,53,20,33,306,27,279,14.763231197771587,5.571030640668524,9.192200557103064,85.23676880222841,7.520891364902507,77.71587743732591
E00067036,252,85,41,44,167,14,153,33.730158730158735,16.26984126984127,17.46031746031746,66.26984126984127,5.555555555555555,60.71428571428571
E00067037,321,74,27,47,247,13,234,23.05295950155763,8.411214953271028,14.641744548286603,76.94704049844236,4.049844236760125,72.89719626168224
E00067038,388,97,45,52,291,18,273,25,11.597938144329897,13.402061855670103,75,4.639175257731959,70.36082474226805
E00067039,337,64,29,35,273,26,247,18.991097922848667,8.605341246290802,10.385756676557865,81.00890207715133,7.71513353115727,73.29376854599407
E00067040,248,81,33,48,167,14,153,32.66129032258064,13.306451612903224,19.35483870967742,67.33870967741935,5.64516129032258,61.693548387096776
E00067041,349,58,26,32,291,26,265,16.6189111747851,7.4498567335243555,9.169054441260744,83.3810888252149,7.4498567335243555,75.93123209169055
E00067042,445,84,41,43,361,29,332,18.876404494382022,9.213483146067416,9.662921348314606,81.12359550561797,6.51685393258427,74.6067415730337
E00067043,332,77,40,37,255,16,239,23.19277108433735,12.048192771084338,11.144578313253012,76.80722891566265,4.819277108433735,71.98795180722891
E00067044,291,68,28,40,223,15,208,23.367697594501717,9.621993127147768,13.745704467353953,76.6323024054983,5.154639175257731,71.47766323024055
E00067045,230,61,33,28,169,26,143,26.521739130434785,14.347826086956522,12.173913043478262,73.47826086956522,11.304347826086957,62.17391304347826
E00067046,298,72,42,30,226,14,212,24.161073825503358,14.093959731543624,10.06711409395973,75.83892617449665,4.697986577181208,71.14093959731544
E00067048,182,57,28,29,125,11,114,31.318681318681318,15.384615384615385,15.934065934065933,68.68131868131869,6.043956043956044,62.637362637362635
E00067049,209,65,29,36,144,15,129,31.100478468899524,13.875598086124402,17.22488038277512,68.89952153110048,7.177033492822966,61.72248803827751
E00067050,250,27,15,12,223,14,209,10.8,6,4.8,89.2,5.6000000000000005,83.6
E00067051,297,51,17,34,246,21,225,17.17171717171717,5.723905723905724,11.447811447811448,82.82828282828282,7.07070707070707,75.75757575757575
E00067052,295,88,39,49,207,12,195,29.830508474576273,13.220338983050848,16.610169491525422,70.16949152542374,4.067796610169491,66.10169491525424
E00067053,226,62,23,39,164,14,150,27.43362831858407,10.176991150442479,17.25663716814159,72.56637168141593,6.1946902654867255,66.3716814159292
E00067054,267,65,37,28,202,14,188,24.344569288389515,13.857677902621724,10.486891385767791,75.65543071161048,5.2434456928838955,70.4119850187266
E00067055,206,68,37,31,138,13,125,33.00970873786408,17.96116504854369,15.048543689320388,66.99029126213593,6.310679611650485,60.679611650485434
E00067056,204,39,18,21,165,11,154,19.11764705882353,8.823529411764707,10.294117647058822,80.88235294117648,5.392156862745098,75.49019607843137
E00067057,261,50,18,32,211,23,188,19.157088122605366,6.896551724137931,12.260536398467432,80.84291187739464,8.812260536398467,72.03065134099617
E00067058,306,72,42,30,234,22,212,23.52941176470588,13.725490196078432,9.803921568627452,76.47058823529412,7.18954248366013,69.28104575163398
E00067059,318,82,43,39,236,20,216,25.78616352201258,13.522012578616351,12.264150943396226,74.21383647798741,6.289308176100629,67.9245283018868
E00067060,151,39,18,21,112,15,97,25.82781456953642,11.920529801324504,13.90728476821192,74.17218543046357,9.933774834437086,64.23841059602648
E00067061,264,47,17,30,217,15,202,17.803030303030305,6.4393939393939394,11.363636363636363,82.1969696969697,5.681818181818182,76.51515151515152
E00067062,255,44,19,25,211,15,196,17.254901960784313,7.450980392156863,9.803921568627452,82.74509803921568,5.88235294117647,76.86274509803923
E00067063,293,61,30,31,232,28,204,20.819112627986346,10.238907849829351,10.580204778156997,79.18088737201366,9.556313993174061,69.6245733788396
E00067064,342,71,28,43,271,31,240,20.760233918128655,8.187134502923977,12.573099415204677,79.23976608187134,9.064327485380117,70.17543859649122
E00067065,326,71,34,37,255,23,232,21.779141104294478,10.429447852760736,11.349693251533742,78.22085889570552,7.05521472392638,71.16564417177914
E00067066,329,64,13,51,265,26,239,19.45288753799392,3.951367781155015,15.501519756838904,80.54711246200608,7.90273556231003,72.64437689969606
E00067067,280,51,17,34,229,24,205,18.21428571428571,6.071428571428571,12.142857142857142,81.78571428571428,8.571428571428571,73.21428571428571
E00067068,328,61,24,37,267,29,238,18.597560975609756,7.317073170731707,11.28048780487805,81.40243902439023,8.841463414634147,72.5609756097561
E00067069,282,65,21,44,217,23,194,23.04964539007092,7.446808510638298,15.602836879432624,76.95035460992908,8.156028368794328,68.79432624113475
E00067070,440,48,17,31,392,37,355,10.909090909090908,3.8636363636363633,7.045454545454545,89.0909090909091,8.409090909090908,80.68181818181817
E00067071,308,87,45,42,221,24,197,28.246753246753247,14.61038961038961,13.636363636363635,71.75324675324676,7.792207792207792,63.961038961038966
E00067072,321,100,56,44,221,20,201,31.15264797507788,17.445482866043612,13.707165109034266,68.84735202492212,6.230529595015576,62.616822429906534
E00067073,293,36,20,16,257,25,232,12.286689419795222,6.825938566552901,5.460750853242321,87.71331058020478,8.532423208191126,79.18088737201366
E00067074,229,51,24,27,178,13,165,22.270742358078603,10.480349344978166,11.790393013100436,77.72925764192141,5.676855895196507,72.0524017467249
E00067075,344,78,36,42,266,28,238,22.674418604651162,10.465116279069768,12.209302325581394,77.32558139534885,8.13953488372093,69.18604651162791
E00067076,233,39,11,28,194,25,169,16.738197424892704,4.721030042918455,12.017167381974248,83.2618025751073,10.72961373390558,72.53218884120172
E00067077,313,58,20,38,255,17,238,18.53035143769968,6.3897763578274756,12.140575079872203,81.46964856230032,5.431309904153355,76.03833865814697
E00067078,378,66,23,43,312,27,285,17.46031746031746,6.084656084656085,11.375661375661375,82.53968253968253,7.142857142857142,75.39682539682539
E00067079,319,65,32,33,254,20,234,20.37617554858934,10.031347962382444,10.344827586206897,79.62382445141067,6.269592476489027,73.35423197492163
E00067080,368,68,25,43,300,28,272,18.478260869565215,6.7934782608695645,11.684782608695652,81.52173913043478,7.608695652173914,73.91304347826086
E00067081,250,39,17,22,211,13,198,15.6,6.800000000000001,8.799999999999999,84.39999999999999,5.2,79.2
E00067082,309,62,15,47,247,23,224,20.06472491909385,4.854368932038835,15.210355987055015,79.93527508090615,7.443365695792881,72.49190938511327
E00067083,379,107,60,47,272,22,250,28.232189973614773,15.8311345646438,12.401055408970976,71.76781002638522,5.804749340369393,65.96306068601582
E00067084,322,69,32,37,253,25,228,21.428571428571427,9.937888198757763,11.490683229813664,78.57142857142857,7.763975155279502,70.80745341614907
E00067085,251,56,17,39,195,12,183,22.31075697211155,6.772908366533864,15.53784860557769,77.68924302788844,4.780876494023905,72.90836653386454
E00067086,268,55,29,26,213,24,189,20.522388059701495,10.820895522388058,9.701492537313433,79.47761194029852,8.955223880597014,70.52238805970148
E00067087,309,65,24,41,244,17,227,21.035598705501616,7.766990291262135,13.268608414239482,78.96440129449837,5.501618122977346,73.46278317152104
E00067088,340,76,30,46,264,22,242,22.35294117647059,8.823529411764707,13.529411764705882,77.64705882352942,6.470588235294119,71.17647058823529
E00067089,277,68,35,33,209,21,188,24.548736462093864,12.63537906137184,11.913357400722022,75.45126353790613,7.581227436823104,67.87003610108303
E00067090,246,57,35,22,189,17,172,23.170731707317074,14.227642276422763,8.94308943089431,76.82926829268293,6.910569105691057,69.91869918699187
E00067091,289,64,30,34,225,32,193,22.145328719723185,10.380622837370241,11.76470588235294,77.85467128027682,11.072664359861593,66.78200692041523
E00067092,283,57,27,30,226,21,205,20.141342756183743,9.540636042402827,10.60070671378092,79.85865724381625,7.420494699646643,72.43816254416961
E00067093,288,55,31,24,233,20,213,19.09722222222222,10.76388888888889,8.333333333333332,80.90277777777779,6.944444444444445,73.95833333333334
E00067094,314,56,28,28,258,19,239,17.8343949044586,8.9171974522293,8.9171974522293,82.16560509554141,6.050955414012739,76.11464968152866
E00067095,270,44,12,32,226,18,208,16.296296296296298,4.444444444444445,11.851851851851853,83.7037037037037,6.666666666666667,77.03703703703704
E00067096,380,75,35,40,305,21,284,19.736842105263158,9.210526315789473,10.526315789473683,80.26315789473685,5.526315789473684,74.73684210526315
E00067097,360,43,15,28,317,11,306,11.944444444444445,4.166666666666666,7.777777777777778,88.05555555555556,3.0555555555555554,85
E00067098,345,94,59,35,251,15,236,27.246376811594203,17.101449275362317,10.144927536231885,72.7536231884058,4.3478260869565215,68.40579710144927
E00067099,327,50,23,27,277,10,267,15.29051987767584,7.033639143730887,8.256880733944955,84.70948012232415,3.058103975535168,81.65137614678899
E00067100,363,71,36,35,292,13,279,19.55922865013774,9.917355371900827,9.641873278236915,80.44077134986226,3.581267217630854,76.85950413223141
E00067101,290,55,25,30,235,15,220,18.96551724137931,8.620689655172415,10.344827586206897,81.03448275862068,5.172413793103448,75.86206896551724
E00067102,248,55,22,33,193,15,178,22.177419354838708,8.870967741935484,13.306451612903224,77.82258064516128,6.048387096774194,71.7741935483871
E00067103,297,82,42,40,215,15,200,27.609427609427613,14.14141414141414,13.468013468013467,72.39057239057239,5.05050505050505,67.34006734006735
E00067104,338,46,22,24,292,4,288,13.609467455621301,6.508875739644971,7.100591715976331,86.3905325443787,1.183431952662722,85.20710059171599
E00067105,270,44,16,28,226,24,202,16.296296296296298,5.9259259259259265,10.37037037037037,83.7037037037037,8.88888888888889,74.81481481481481
E00067106,374,31,14,17,343,12,331,8.288770053475936,3.7433155080213902,4.545454545454546,91.71122994652407,3.2085561497326207,88.50267379679144
E00067107,431,51,22,29,380,8,372,11.832946635730858,5.104408352668213,6.728538283062645,88.16705336426914,1.8561484918793503,86.3109048723898
E00067108,469,86,39,47,383,24,359,18.336886993603414,8.315565031982942,10.021321961620469,81.6631130063966,5.11727078891258,76.54584221748401
E00067109,351,57,21,36,294,4,290,16.23931623931624,5.982905982905983,10.256410256410255,83.76068376068376,1.1396011396011396,82.62108262108262
E00067110,395,59,29,30,336,14,322,14.936708860759493,7.341772151898734,7.59493670886076,85.0632911392405,3.5443037974683547,81.51898734177216
E00067112,267,54,22,32,213,20,193,20.224719101123593,8.239700374531834,11.985018726591761,79.7752808988764,7.490636704119851,72.28464419475655
E00067113,302,48,20,28,254,18,236,15.894039735099339,6.622516556291391,9.271523178807946,84.10596026490066,5.960264900662252,78.1456953642384
E00067114,316,35,14,21,281,11,270,11.075949367088606,4.430379746835443,6.6455696202531636,88.92405063291139,3.481012658227848,85.44303797468355
E00067115,383,67,33,34,316,16,300,17.4934725848564,8.616187989556137,8.87728459530026,82.50652741514361,4.177545691906006,78.3289817232376
E00067116,351,32,14,18,319,3,316,9.116809116809117,3.9886039886039883,5.128205128205128,90.88319088319088,0.8547008547008548,90.02849002849003
E00067117,462,81,36,45,381,17,364,17.532467532467532,7.792207792207792,9.740259740259742,82.46753246753246,3.67965367965368,78.78787878787878
E00067118,305,33,19,14,272,17,255,10.819672131147541,6.229508196721312,4.590163934426229,89.18032786885246,5.573770491803279,83.60655737704919
E00067119,296,49,28,21,247,28,219,16.554054054054053,9.45945945945946,7.094594594594595,83.44594594594594,9.45945945945946,73.98648648648648
E00067120,490,132,80,52,358,19,339,26.93877551020408,16.3265306122449,10.612244897959183,73.06122448979592,3.877551020408163,69.18367346938776
E00067121,360,58,22,36,302,30,272,16.11111111111111,6.111111111111111,10,83.88888888888889,8.333333333333332,75.55555555555556
E00067122,344,55,20,35,289,14,275,15.988372093023257,5.813953488372093,10.174418604651162,84.01162790697676,4.069767441860465,79.94186046511628
E00067123,305,43,21,22,262,17,245,14.098360655737704,6.885245901639345,7.213114754098362,85.90163934426229,5.573770491803279,80.32786885245902
E00067124,358,63,27,36,295,18,277,17.59776536312849,7.5418994413407825,10.05586592178771,82.40223463687151,5.027932960893855,77.37430167597765
E00067125,376,52,22,30,324,23,301,13.829787234042554,5.851063829787234,7.9787234042553195,86.17021276595744,6.117021276595745,80.0531914893617
E00067126,322,46,17,29,276,25,251,14.285714285714285,5.279503105590062,9.006211180124224,85.71428571428571,7.763975155279502,77.95031055900621
E00067128,338,57,28,29,281,16,265,16.86390532544379,8.284023668639055,8.579881656804734,83.13609467455622,4.733727810650888,78.40236686390533
E00067129,402,52,18,34,350,24,326,12.935323383084576,4.477611940298507,8.45771144278607,87.06467661691542,5.970149253731343,81.09452736318407
E00067130,434,146,104,42,288,21,267,33.6405529953917,23.963133640552993,9.67741935483871,66.3594470046083,4.838709677419355,61.52073732718893
E00067131,367,98,56,42,269,23,246,26.70299727520436,15.258855585831062,11.444141689373296,73.29700272479565,6.267029972752043,67.0299727520436
E00067132,183,69,43,26,114,9,105,37.704918032786885,23.497267759562842,14.207650273224044,62.295081967213115,4.918032786885246,57.377049180327866
E00067133,342,47,28,19,295,8,287,13.742690058479532,8.187134502923977,5.555555555555555,86.25730994152046,2.3391812865497075,83.91812865497076
E00067134,392,54,9,45,338,34,304,13.77551020408163,2.295918367346939,11.479591836734695,86.22448979591837,8.673469387755102,77.55102040816327
E00067135,202,43,18,25,159,14,145,21.287128712871286,8.91089108910891,12.376237623762377,78.71287128712872,6.9306930693069315,71.78217821782178
E00067136,357,83,43,40,274,16,258,23.249299719887954,12.044817927170868,11.204481792717088,76.75070028011206,4.481792717086835,72.26890756302521
E00067137,343,54,23,31,289,24,265,15.743440233236154,6.705539358600583,9.037900874635568,84.25655976676384,6.997084548104956,77.25947521865889
E00067138,364,50,22,28,314,31,283,13.736263736263737,6.043956043956044,7.6923076923076925,86.26373626373626,8.516483516483516,77.74725274725274
E00067139,475,71,38,33,404,36,368,14.947368421052632,8,6.947368421052631,85.05263157894737,7.578947368421053,77.47368421052632
E00067140,264,65,27,38,199,19,180,24.62121212121212,10.227272727272728,14.393939393939394,75.37878787878788,7.196969696969697,68.18181818181817
E00067141,309,63,29,34,246,21,225,20.388349514563107,9.385113268608414,11.003236245954692,79.6116504854369,6.796116504854369,72.81553398058253
E00067142,342,80,38,42,262,28,234,23.391812865497073,11.11111111111111,12.280701754385964,76.60818713450293,8.187134502923977,68.42105263157895
E00067143,328,56,16,40,272,29,243,17.073170731707318,4.878048780487805,12.195121951219512,82.92682926829268,8.841463414634147,74.08536585365853
E00067144,279,49,18,31,230,21,209,17.562724014336915,6.451612903225806,11.11111111111111,82.43727598566308,7.526881720430108,74.91039426523297
E00067145,349,71,37,34,278,23,255,20.34383954154728,10.601719197707736,9.742120343839542,79.65616045845272,6.59025787965616,73.06590257879655
E00067146,412,68,24,44,344,22,322,16.50485436893204,5.825242718446602,10.679611650485436,83.49514563106796,5.339805825242718,78.15533980582524
E00067147,420,103,38,65,317,27,290,24.523809523809522,9.047619047619047,15.476190476190476,75.47619047619048,6.428571428571428,69.04761904761905
E00067148,381,61,27,34,320,37,283,16.010498687664043,7.086614173228346,8.923884514435695,83.98950131233596,9.711286089238845,74.2782152230971
E00067149,351,59,14,45,292,33,259,16.80911680911681,3.9886039886039883,12.82051282051282,83.1908831908832,9.401709401709402,73.78917378917379
E00067150,415,65,24,41,350,36,314,15.66265060240964,5.783132530120482,9.879518072289157,84.33734939759037,8.674698795180722,75.66265060240964
E00067151,369,65,25,40,304,20,284,17.615176151761517,6.775067750677506,10.840108401084011,82.38482384823848,5.420054200542006,76.96476964769647
E00067152,392,96,48,48,296,31,265,24.489795918367346,12.244897959183673,12.244897959183673,75.51020408163265,7.908163265306123,67.60204081632652
E00067153,312,68,35,33,244,20,224,21.794871794871796,11.217948717948719,10.576923076923077,78.2051282051282,6.41025641025641,71.7948717948718
E00067154,289,66,25,41,223,21,202,22.837370242214533,8.650519031141869,14.186851211072666,77.16262975778547,7.26643598615917,69.8961937716263
E00067155,275,60,21,39,215,22,193,21.818181818181817,7.636363636363637,14.181818181818182,78.18181818181819,8,70.18181818181817
E00067157,435,100,48,52,335,23,312,22.988505747126435,11.03448275862069,11.954022988505747,77.01149425287356,5.287356321839081,71.72413793103448
E00067159,392,81,44,37,311,27,284,20.66326530612245,11.224489795918368,9.438775510204081,79.33673469387756,6.887755102040815,72.44897959183673
E00067160,285,52,21,31,233,17,216,18.24561403508772,7.368421052631578,10.87719298245614,81.75438596491227,5.964912280701754,75.78947368421053
E00067161,476,99,45,54,377,35,342,20.798319327731093,9.453781512605042,11.344537815126051,79.2016806722689,7.352941176470589,71.84873949579831
E00067162,379,73,25,48,306,24,282,19.261213720316622,6.596306068601583,12.66490765171504,80.73878627968337,6.33245382585752,74.40633245382587
E00067163,358,66,28,38,292,36,256,18.435754189944134,7.82122905027933,10.614525139664805,81.56424581005587,10.05586592178771,71.50837988826815
E00067164,164,50,22,28,114,7,107,30.48780487804878,13.414634146341465,17.073170731707318,69.51219512195121,4.2682926829268295,65.2439024390244
E00067165,291,45,19,26,246,16,230,15.463917525773196,6.529209621993128,8.934707903780069,84.5360824742268,5.498281786941581,79.03780068728523
E00067166,111,25,9,16,86,9,77,22.52252252252252,8.108108108108109,14.414414414414415,77.47747747747748,8.108108108108109,69.36936936936937
E00067167,276,47,25,22,229,18,211,17.02898550724638,9.057971014492754,7.971014492753622,82.97101449275362,6.521739130434782,76.44927536231883
E00067168,240,31,16,15,209,19,190,12.916666666666668,6.666666666666667,6.25,87.08333333333333,7.916666666666666,79.16666666666666
E00067169,371,92,46,46,279,16,263,24.797843665768195,12.398921832884097,12.398921832884097,75.2021563342318,4.31266846361186,70.88948787061994
E00067170,295,39,14,25,256,28,228,13.220338983050848,4.745762711864407,8.47457627118644,86.77966101694915,9.491525423728813,77.28813559322035
E00067171,315,49,21,28,266,34,232,15.555555555555555,6.666666666666667,8.88888888888889,84.44444444444444,10.793650793650794,73.65079365079366
E00067172,233,53,23,30,180,14,166,22.746781115879827,9.871244635193133,12.875536480686694,77.25321888412017,6.008583690987124,71.24463519313305
E00067173,330,59,26,33,271,15,256,17.87878787878788,7.878787878787878,10,82.12121212121211,4.545454545454546,77.57575757575758
E00067174,319,75,37,38,244,25,219,23.510971786833856,11.598746081504702,11.912225705329153,76.48902821316614,7.836990595611286,68.65203761755487
E00067175,368,81,32,49,287,18,269,22.01086956521739,8.695652173913043,13.31521739130435,77.98913043478261,4.891304347826087,73.09782608695652
E00067176,420,107,51,56,313,17,296,25.476190476190474,12.142857142857142,13.333333333333334,74.52380952380952,4.0476190476190474,70.47619047619048
E00067177,336,48,22,26,288,17,271,14.285714285714285,6.547619047619048,7.738095238095238,85.71428571428571,5.059523809523809,80.65476190476191
E00067178,224,50,29,21,174,21,153,22.321428571428573,12.946428571428573,9.375,77.67857142857143,9.375,68.30357142857143
E00067179,295,32,14,18,263,15,248,10.847457627118644,4.745762711864407,6.101694915254238,89.15254237288136,5.084745762711865,84.06779661016948
E00067180,193,43,22,21,150,12,138,22.279792746113987,11.398963730569948,10.880829015544041,77.720207253886,6.217616580310881,71.50259067357513
E00067181,278,65,33,32,213,16,197,23.381294964028775,11.870503597122301,11.510791366906476,76.61870503597122,5.755395683453238,70.86330935251799
E00067182,380,65,23,42,315,36,279,17.105263157894736,6.052631578947368,11.052631578947368,82.89473684210526,9.473684210526317,73.42105263157895
E00067183,279,63,30,33,216,14,202,22.58064516129032,10.75268817204301,11.827956989247312,77.41935483870968,5.017921146953405,72.40143369175627
E00067184,264,66,27,39,198,14,184,25,10.227272727272728,14.772727272727273,75,5.303030303030303,69.6969696969697
E00067185,306,79,40,39,227,17,210,25.816993464052292,13.071895424836603,12.745098039215685,74.18300653594771,5.555555555555555,68.62745098039215
E00067186,343,65,32,33,278,16,262,18.950437317784257,9.329446064139942,9.620991253644315,81.04956268221575,4.664723032069971,76.38483965014578
E00067187,197,61,31,30,136,8,128,30.96446700507614,15.736040609137056,15.228426395939088,69.03553299492386,4.060913705583756,64.9746192893401
E00067188,346,77,37,40,269,19,250,22.254335260115607,10.69364161849711,11.560693641618498,77.74566473988439,5.491329479768786,72.25433526011561
E00067189,314,48,18,30,266,10,256,15.286624203821656,5.7324840764331215,9.554140127388536,84.71337579617835,3.1847133757961785,81.52866242038218
E00067190,297,89,55,34,208,14,194,29.96632996632997,18.51851851851852,11.447811447811448,70.03367003367003,4.713804713804714,65.31986531986533
E00067191,321,65,35,30,256,24,232,20.24922118380062,10.903426791277258,9.345794392523365,79.75077881619937,7.476635514018691,72.27414330218068
E00067192,248,59,27,32,189,13,176,23.790322580645164,10.887096774193548,12.903225806451612,76.20967741935483,5.241935483870968,70.96774193548387
E00067193,323,73,22,51,250,17,233,22.60061919504644,6.811145510835913,15.789473684210526,77.39938080495357,5.263157894736842,72.13622291021672
E00067194,323,61,23,38,262,25,237,18.885448916408667,7.120743034055728,11.76470588235294,81.11455108359134,7.739938080495357,73.37461300309597
E00067195,355,64,27,37,291,21,270,18.028169014084508,7.605633802816901,10.422535211267606,81.97183098591549,5.915492957746479,76.05633802816901
E00067196,347,54,23,31,293,27,266,15.561959654178676,6.628242074927954,8.93371757925072,84.43804034582134,7.780979827089338,76.657060518732
E00067197,299,65,27,38,234,18,216,21.73913043478261,9.03010033444816,12.709030100334449,78.26086956521739,6.0200668896321075,72.24080267558529
E00067198,286,40,14,26,246,19,227,13.986013986013987,4.895104895104895,9.090909090909092,86.01398601398601,6.643356643356643,79.37062937062937
E00067199,318,39,8,31,279,31,248,12.264150943396226,2.515723270440252,9.748427672955975,87.73584905660378,9.748427672955975,77.9874213836478
E00067200,422,49,18,31,373,42,331,11.61137440758294,4.265402843601896,7.345971563981042,88.38862559241706,9.95260663507109,78.43601895734598
E00067201,262,52,29,23,210,21,189,19.84732824427481,11.068702290076336,8.778625954198473,80.1526717557252,8.015267175572518,72.13740458015268
E00067202,341,71,30,41,270,26,244,20.821114369501466,8.797653958944283,12.023460410557185,79.17888563049853,7.624633431085044,71.5542521994135
E00067203,237,74,36,38,163,18,145,31.223628691983123,15.18987341772152,16.033755274261605,68.77637130801688,7.59493670886076,61.18143459915611
E00067204,312,63,29,34,249,19,230,20.192307692307693,9.294871794871796,10.897435897435898,79.8076923076923,6.089743589743589,73.71794871794873
E00067205,240,77,39,38,163,14,149,32.083333333333336,16.25,15.833333333333332,67.91666666666667,5.833333333333333,62.083333333333336
E00067206,319,73,34,39,246,26,220,22.884012539184955,10.658307210031348,12.225705329153605,77.11598746081505,8.150470219435736,68.96551724137932
E00067207,254,48,20,28,206,19,187,18.89763779527559,7.874015748031496,11.023622047244094,81.10236220472441,7.480314960629922,73.62204724409449
E00067208,305,57,18,39,248,19,229,18.688524590163937,5.901639344262295,12.786885245901638,81.31147540983606,6.229508196721312,75.08196721311475
E00067209,274,56,30,26,218,13,205,20.437956204379564,10.948905109489052,9.48905109489051,79.56204379562044,4.744525547445255,74.81751824817519
E00067210,340,71,40,31,269,25,244,20.88235294117647,11.76470588235294,9.117647058823529,79.11764705882352,7.352941176470589,71.76470588235294
E00067211,160,53,26,27,107,10,97,33.125,16.25,16.875,66.875,6.25,60.62499999999999
E00067212,199,57,30,27,142,17,125,28.643216080402013,15.07537688442211,13.5678391959799,71.35678391959799,8.542713567839195,62.8140703517588
E00067213,273,46,17,29,227,20,207,16.84981684981685,6.227106227106227,10.622710622710622,83.15018315018315,7.326007326007327,75.82417582417582
E00067214,282,54,24,30,228,21,207,19.148936170212767,8.51063829787234,10.638297872340425,80.85106382978722,7.446808510638298,73.40425531914893
E00067215,287,40,16,24,247,22,225,13.937282229965156,5.574912891986063,8.362369337979095,86.06271777003485,7.665505226480835,78.397212543554
E00067216,277,55,18,37,222,15,207,19.855595667870034,6.4981949458483745,13.357400722021662,80.14440433212997,5.415162454873646,74.72924187725631
E00067217,436,96,36,60,340,31,309,22.018348623853214,8.256880733944955,13.761467889908257,77.98165137614679,7.110091743119266,70.87155963302753
E00067218,194,48,27,21,146,11,135,24.742268041237114,13.917525773195877,10.824742268041238,75.25773195876289,5.670103092783505,69.58762886597938
E00067219,200,85,40,45,115,8,107,42.5,20,22.5,57.49999999999999,4,53.5
E00067221,294,46,14,32,248,26,222,15.646258503401361,4.761904761904762,10.884353741496598,84.35374149659864,8.843537414965986,75.51020408163265
E00067222,388,93,43,50,295,27,268,23.969072164948454,11.082474226804123,12.886597938144329,76.03092783505154,6.958762886597938,69.0721649484536
E00067223,462,127,71,56,335,30,305,27.48917748917749,15.367965367965366,12.121212121212121,72.51082251082252,6.493506493506493,66.01731601731602
E00067224,320,104,58,46,216,26,190,32.5,18.125,14.374999999999998,67.5,8.125,59.375
E00067225,283,35,11,24,248,19,229,12.36749116607774,3.8869257950530036,8.480565371024735,87.63250883392226,6.713780918727916,80.91872791519434
E00067226,287,45,19,26,242,15,227,15.6794425087108,6.620209059233449,9.059233449477352,84.3205574912892,5.2264808362369335,79.09407665505228
E00067227,226,79,48,31,147,12,135,34.95575221238938,21.238938053097346,13.716814159292035,65.04424778761062,5.3097345132743365,59.73451327433629
E00067228,261,48,14,34,213,17,196,18.39080459770115,5.363984674329502,13.026819923371647,81.60919540229885,6.513409961685824,75.09578544061303
E00067229,318,53,22,31,265,24,241,16.666666666666664,6.918238993710692,9.748427672955975,83.33333333333334,7.547169811320755,75.78616352201259
E00067230,261,64,31,33,197,13,184,24.521072796934863,11.877394636015326,12.643678160919542,75.47892720306514,4.980842911877394,70.49808429118774
E00067231,425,77,36,41,348,33,315,18.11764705882353,8.470588235294118,9.647058823529411,81.88235294117648,7.764705882352942,74.11764705882354
E00067232,132,24,13,11,108,11,97,18.181818181818183,9.848484848484848,8.333333333333332,81.81818181818183,8.333333333333332,73.48484848484848
E00067233,495,99,42,57,396,38,358,20,8.484848484848486,11.515151515151516,80,7.6767676767676765,72.32323232323232
E00067234,142,37,19,18,105,10,95,26.056338028169012,13.380281690140844,12.676056338028168,73.94366197183099,7.042253521126761,66.90140845070422
E00067235,219,71,36,35,148,21,127,32.42009132420091,16.43835616438356,15.981735159817351,67.57990867579909,9.58904109589041,57.99086757990868
E00067236,261,49,22,27,212,24,188,18.773946360153257,8.42911877394636,10.344827586206897,81.22605363984674,9.195402298850574,72.03065134099617
E00067237,308,62,29,33,246,26,220,20.12987012987013,9.415584415584416,10.714285714285714,79.87012987012987,8.441558441558442,71.42857142857143
E00067238,317,56,25,31,261,25,236,17.665615141955836,7.886435331230284,9.779179810725552,82.33438485804416,7.886435331230284,74.44794952681389
E00067239,343,73,37,36,270,14,256,21.282798833819243,10.787172011661808,10.495626822157435,78.71720116618076,4.081632653061225,74.63556851311954
E00067240,341,49,12,37,292,24,268,14.369501466275661,3.519061583577713,10.850439882697946,85.63049853372434,7.038123167155426,78.59237536656892
E00067241,110,18,8,10,92,11,81,16.363636363636363,7.2727272727272725,9.090909090909092,83.63636363636363,10,73.63636363636363
E00067242,320,80,40,40,240,17,223,25,12.5,12.5,75,5.3125,69.6875
E00067244,356,95,54,41,261,35,226,26.685393258426966,15.168539325842698,11.51685393258427,73.31460674157303,9.831460674157304,63.48314606741573
E00067245,256,55,23,32,201,22,179,21.484375,8.984375,12.5,78.515625,8.59375,69.921875
E00067246,333,66,30,36,267,31,236,19.81981981981982,9.00900900900901,10.81081081081081,80.18018018018019,9.30930930930931,70.87087087087087
E00067248,479,82,32,50,397,33,364,17.118997912317326,6.6805845511482245,10.438413361169102,82.88100208768267,6.8893528183716075,75.99164926931107
E00067249,306,65,23,42,241,20,221,21.241830065359476,7.516339869281046,13.725490196078432,78.75816993464052,6.535947712418301,72.22222222222221
E00067250,108,7,2,5,101,13,88,6.481481481481481,1.8518518518518516,4.62962962962963,93.51851851851852,12.037037037037036,81.48148148148148
E00067251,307,58,26,32,249,35,214,18.892508143322477,8.469055374592834,10.423452768729643,81.10749185667753,11.400651465798045,69.70684039087948
E00067252,319,54,18,36,265,21,244,16.927899686520377,5.6426332288401255,11.285266457680251,83.07210031347962,6.583072100313479,76.48902821316614
E00067253,375,26,10,16,349,36,313,6.933333333333333,2.666666666666667,4.266666666666667,93.06666666666666,9.6,83.46666666666667
E00067254,285,51,20,31,234,12,222,17.894736842105264,7.017543859649122,10.87719298245614,82.10526315789474,4.2105263157894735,77.89473684210526
E00067255,182,24,13,11,158,11,147,13.186813186813188,7.142857142857142,6.043956043956044,86.81318681318682,6.043956043956044,80.76923076923077
E00067256,283,76,35,41,207,12,195,26.855123674911663,12.36749116607774,14.487632508833922,73.14487632508833,4.240282685512367,68.90459363957598
E00067257,271,60,24,36,211,17,194,22.14022140221402,8.856088560885608,13.284132841328415,77.85977859778598,6.273062730627306,71.58671586715867
E00067258,445,45,16,29,400,40,360,10.112359550561797,3.5955056179775284,6.51685393258427,89.8876404494382,8.98876404494382,80.89887640449437
E00067259,253,49,16,33,204,24,180,19.367588932806324,6.324110671936759,13.043478260869565,80.63241106719367,9.486166007905137,71.14624505928853
E00067260,293,40,20,20,253,24,229,13.651877133105803,6.825938566552901,6.825938566552901,86.3481228668942,8.19112627986348,78.15699658703072
E00067261,275,70,28,42,205,19,186,25.454545454545453,10.181818181818182,15.272727272727273,74.54545454545455,6.909090909090909,67.63636363636364
E00067262,274,52,19,33,222,19,203,18.97810218978102,6.934306569343065,12.043795620437956,81.02189781021897,6.934306569343065,74.08759124087592
E00067263,387,66,28,38,321,43,278,17.05426356589147,7.235142118863049,9.819121447028424,82.94573643410853,11.11111111111111,71.83462532299741
E00067264,248,38,8,30,210,13,197,15.32258064516129,3.225806451612903,12.096774193548388,84.67741935483872,5.241935483870968,79.43548387096774
E00067265,201,30,10,20,171,26,145,14.925373134328357,4.975124378109453,9.950248756218906,85.07462686567165,12.935323383084576,72.13930348258707
E00067266,159,38,18,20,121,5,116,23.89937106918239,11.320754716981133,12.578616352201259,76.10062893081762,3.1446540880503147,72.95597484276729
E00067267,328,54,22,32,274,20,254,16.463414634146343,6.707317073170732,9.75609756097561,83.53658536585365,6.097560975609756,77.4390243902439
E00067268,250,50,15,35,200,20,180,20,6,14.000000000000002,80,8,72
E00067269,282,41,11,30,241,22,219,14.539007092198581,3.900709219858156,10.638297872340425,85.46099290780141,7.801418439716312,77.6595744680851
E00067270,239,52,22,30,187,23,164,21.75732217573222,9.205020920502092,12.552301255230125,78.24267782426779,9.623430962343097,68.6192468619247
E00067271,220,76,36,40,144,13,131,34.54545454545455,16.363636363636363,18.181818181818183,65.45454545454545,5.909090909090909,59.54545454545455
E00067272,289,76,37,39,213,20,193,26.297577854671278,12.802768166089965,13.494809688581316,73.70242214532871,6.920415224913495,66.78200692041523
E00067273,217,69,37,32,148,13,135,31.797235023041477,17.050691244239633,14.746543778801843,68.20276497695853,5.990783410138248,62.21198156682027
E00067274,364,42,21,21,322,22,300,11.538461538461538,5.769230769230769,5.769230769230769,88.46153846153845,6.043956043956044,82.41758241758241
E00067275,225,45,19,26,180,14,166,20,8.444444444444445,11.555555555555555,80,6.222222222222222,73.77777777777777
E00067276,210,80,41,39,130,14,116,38.095238095238095,19.523809523809526,18.571428571428573,61.904761904761905,6.666666666666667,55.23809523809524
E00067277,338,66,32,34,272,13,259,19.526627218934912,9.467455621301776,10.059171597633137,80.4733727810651,3.8461538461538463,76.62721893491124
E00067279,301,53,15,38,248,18,230,17.60797342192691,4.983388704318937,12.624584717607974,82.39202657807309,5.980066445182724,76.41196013289037
E00067280,356,36,13,23,320,24,296,10.112359550561797,3.651685393258427,6.460674157303371,89.8876404494382,6.741573033707865,83.14606741573034
E00067281,310,50,21,29,260,18,242,16.129032258064516,6.774193548387098,9.35483870967742,83.87096774193549,5.806451612903226,78.06451612903226
E00067282,258,66,30,36,192,5,187,25.581395348837212,11.627906976744185,13.953488372093023,74.4186046511628,1.937984496124031,72.48062015503875
E00067283,306,44,19,25,262,12,250,14.37908496732026,6.209150326797386,8.169934640522875,85.62091503267973,3.9215686274509802,81.69934640522875
E00067284,394,53,19,34,341,21,320,13.451776649746192,4.822335025380711,8.629441624365482,86.5482233502538,5.32994923857868,81.21827411167513
E00067285,309,43,13,30,266,30,236,13.915857605177994,4.207119741100324,9.70873786407767,86.08414239482201,9.70873786407767,76.37540453074433
E00067286,330,60,31,29,270,24,246,18.181818181818183,9.393939393939393,8.787878787878787,81.81818181818183,7.2727272727272725,74.54545454545455
E00067287,370,48,24,24,322,14,308,12.972972972972974,6.486486486486487,6.486486486486487,87.02702702702703,3.783783783783784,83.24324324324324
E00067288,360,38,16,22,322,21,301,10.555555555555555,4.444444444444445,6.111111111111111,89.44444444444444,5.833333333333333,83.61111111111111
E00067289,335,55,20,35,280,18,262,16.417910447761194,5.970149253731343,10.44776119402985,83.5820895522388,5.3731343283582085,78.2089552238806
E00067290,355,83,32,51,272,19,253,23.380281690140844,9.014084507042254,14.366197183098592,76.61971830985915,5.352112676056338,71.26760563380282
E00067291,333,60,31,29,273,23,250,18.01801801801802,9.30930930930931,8.708708708708707,81.98198198198197,6.906906906906906,75.07507507507508
E00067292,253,41,16,25,212,19,193,16.205533596837945,6.324110671936759,9.881422924901186,83.79446640316206,7.5098814229249005,76.28458498023716
E00067293,380,52,21,31,328,13,315,13.684210526315791,5.526315789473684,8.157894736842106,86.31578947368422,3.421052631578948,82.89473684210526
E00067294,188,54,28,26,134,9,125,28.723404255319153,14.893617021276595,13.829787234042554,71.27659574468085,4.787234042553192,66.48936170212765
E00067295,480,72,36,36,408,9,399,15,7.5,7.5,85,1.875,83.125
E00067296,343,47,26,21,296,8,288,13.702623906705538,7.580174927113703,6.122448979591836,86.29737609329446,2.3323615160349855,83.96501457725948
E00067297,354,53,21,32,301,5,296,14.971751412429379,5.932203389830509,9.03954802259887,85.02824858757062,1.4124293785310735,83.61581920903954
E00067298,356,48,19,29,308,19,289,13.48314606741573,5.337078651685393,8.146067415730338,86.51685393258427,5.337078651685393,81.17977528089888
E00172837,407,102,37,65,305,33,272,25.061425061425062,9.090909090909092,15.970515970515969,74.93857493857494,8.108108108108109,66.83046683046683
E00172839,286,61,24,37,225,15,210,21.328671328671327,8.391608391608392,12.937062937062937,78.67132867132867,5.244755244755245,73.42657342657343
E00172840,305,38,11,27,267,16,251,12.459016393442624,3.606557377049181,8.852459016393443,87.54098360655738,5.245901639344262,82.29508196721311
E00172842,324,55,20,35,269,6,263,16.97530864197531,6.172839506172839,10.802469135802468,83.0246913580247,1.8518518518518516,81.17283950617285
E00172844,398,62,18,44,336,19,317,15.577889447236181,4.522613065326634,11.055276381909549,84.42211055276381,4.773869346733668,79.64824120603015
E00172845,309,34,11,23,275,24,251,11.003236245954692,3.559870550161812,7.443365695792881,88.9967637540453,7.766990291262135,81.22977346278317
E00172847,338,39,15,24,299,21,278,11.538461538461538,4.437869822485207,7.100591715976331,88.46153846153845,6.21301775147929,82.24852071005917
E00172848,292,58,27,31,234,18,216,19.863013698630137,9.246575342465754,10.616438356164384,80.13698630136986,6.164383561643835,73.97260273972603
E00172850,283,28,7,21,255,15,240,9.89399293286219,2.4734982332155475,7.420494699646643,90.10600706713781,5.30035335689046,84.80565371024736
E00172851,296,31,8,23,265,24,241,10.472972972972974,2.7027027027027026,7.77027027027027,89.52702702702703,8.108108108108109,81.41891891891892
E00172853,322,38,4,34,284,14,270,11.801242236024844,1.2422360248447204,10.559006211180124,88.19875776397515,4.3478260869565215,83.85093167701864
E00172854,318,45,12,33,273,22,251,14.150943396226415,3.7735849056603774,10.377358490566039,85.84905660377359,6.918238993710692,78.9308176100629
E00172856,368,37,12,25,331,35,296,10.054347826086957,3.260869565217391,6.7934782608695645,89.94565217391305,9.510869565217392,80.43478260869566
E00172858,250,48,15,33,202,16,186,19.2,6,13.200000000000001,80.80000000000001,6.4,74.4
E00172859,211,25,8,17,186,11,175,11.848341232227488,3.7914691943127963,8.056872037914692,88.15165876777252,5.213270142180095,82.93838862559242
E00172861,250,25,14,11,225,17,208,10,5.6000000000000005,4.3999999999999995,90,6.800000000000001,83.2
E00172862,217,28,9,19,189,18,171,12.903225806451612,4.147465437788019,8.755760368663594,87.09677419354838,8.294930875576037,78.80184331797236
E00172864,301,39,14,25,262,21,241,12.956810631229235,4.651162790697675,8.305647840531561,87.04318936877077,6.976744186046512,80.06644518272425
E00172865,270,48,13,35,222,23,199,17.77777777777778,4.814814814814815,12.962962962962962,82.22222222222221,8.518518518518519,73.70370370370371
E00172867,240,49,29,20,191,21,170,20.416666666666668,12.083333333333334,8.333333333333332,79.58333333333333,8.75,70.83333333333334
E00172872,327,39,14,25,288,21,267,11.926605504587156,4.281345565749235,7.64525993883792,88.07339449541286,6.422018348623854,81.65137614678899
E00172873,202,21,8,13,181,10,171,10.396039603960396,3.9603960396039604,6.435643564356436,89.60396039603961,4.9504950495049505,84.65346534653465
E00172875,164,63,36,27,101,5,96,38.41463414634146,21.951219512195124,16.463414634146343,61.58536585365854,3.048780487804878,58.536585365853654
E00189229,446,43,9,34,403,28,375,9.641255605381167,2.0179372197309418,7.623318385650224,90.35874439461884,6.278026905829597,84.08071748878923
E00189232,348,25,10,15,323,29,294,7.183908045977011,2.8735632183908044,4.310344827586207,92.81609195402298,8.333333333333332,84.48275862068965
E00189237,245,27,9,18,218,12,206,11.020408163265307,3.6734693877551026,7.346938775510205,88.9795918367347,4.8979591836734695,84.08163265306122
E00189240,316,48,19,29,268,36,232,15.18987341772152,6.012658227848101,9.177215189873419,84.81012658227847,11.39240506329114,73.41772151898735
E00189241,311,113,80,33,198,15,183,36.33440514469453,25.723472668810288,10.610932475884244,63.665594855305464,4.823151125401929,58.842443729903536
E00189245,309,65,27,38,244,19,225,21.035598705501616,8.737864077669903,12.297734627831716,78.96440129449837,6.148867313915858,72.81553398058253
E00189251,339,47,17,30,292,22,270,13.864306784660767,5.014749262536873,8.849557522123893,86.13569321533923,6.489675516224189,79.64601769911505
E00189258,324,20,4,16,304,21,283,6.172839506172839,1.2345679012345678,4.938271604938271,93.82716049382715,6.481481481481481,87.34567901234568
E00189263,287,25,11,14,262,10,252,8.710801393728223,3.8327526132404177,4.878048780487805,91.28919860627178,3.484320557491289,87.8048780487805
E00189265,254,74,24,50,180,13,167,29.133858267716533,9.448818897637794,19.68503937007874,70.86614173228347,5.118110236220472,65.74803149606299
E00189281,427,69,23,46,358,26,332,16.159250585480095,5.386416861826698,10.772833723653395,83.8407494145199,6.0889929742388755,77.75175644028103
E00189282,148,15,5,10,133,6,127,10.135135135135135,3.3783783783783785,6.756756756756757,89.86486486486487,4.054054054054054,85.8108108108108
E00189286,200,68,31,37,132,9,123,34,15.5,18.5,66,4.5,61.5
E00189289,290,71,30,41,219,15,204,24.482758620689655,10.344827586206897,14.13793103448276,75.51724137931033,5.172413793103448,70.34482758620689
E00189291,312,49,15,34,263,21,242,15.705128205128204,4.807692307692308,10.897435897435898,84.2948717948718,6.730769230769231,77.56410256410257
E00189296,382,35,17,18,347,23,324,9.162303664921465,4.450261780104712,4.712041884816754,90.83769633507853,6.020942408376963,84.81675392670157
E00189300,376,41,10,31,335,25,310,10.904255319148938,2.6595744680851063,8.24468085106383,89.09574468085107,6.648936170212766,82.4468085106383
E00189303,271,60,31,29,211,27,184,22.14022140221402,11.439114391143912,10.70110701107011,77.85977859778598,9.96309963099631,67.89667896678966
E00189307,297,32,12,20,265,10,255,10.774410774410773,4.040404040404041,6.7340067340067336,89.22558922558923,3.3670033670033668,85.85858585858585
E00189315,340,53,20,33,287,34,253,15.588235294117647,5.88235294117647,9.705882352941178,84.41176470588235,10,74.41176470588235
