OA,ts0590001,ts0590002,ts0590003,ts0590004,ts0590005,ts0590006,ts0590007,ts0590002_PCT,ts0590003_PCT,ts0590004_PCT,ts0590005_PCT,ts0590006_PCT,ts0590007_PCT
E00031488,194,52,11,41,142,125,17,26.804123711340207,5.670103092783505,21.1340206185567,73.19587628865979,64.43298969072166,8.762886597938143
E00031489,107,37,16,21,70,65,5,34.57943925233645,14.953271028037381,19.626168224299064,65.42056074766354,60.747663551401864,4.672897196261682
E00031490,164,50,16,34,114,101,13,30.48780487804878,9.75609756097561,20.73170731707317,69.51219512195121,61.58536585365854,7.926829268292683
E00031491,98,35,13,22,63,58,5,35.714285714285715,13.26530612244898,22.448979591836736,64.28571428571429,59.183673469387756,5.1020408163265305
E00031492,120,28,4,24,92,79,13,23.333333333333332,3.3333333333333335,20,76.66666666666667,65.83333333333333,10.833333333333334
E00031493,139,46,19,27,93,78,15,33.093525179856115,13.66906474820144,19.424460431654676,66.90647482014388,56.11510791366906,10.79136690647482
E00031494,93,29,10,19,64,58,6,31.182795698924732,10.75268817204301,20.43010752688172,68.81720430107528,62.365591397849464,6.451612903225806
E00031495,124,28,11,17,96,81,15,22.58064516129032,8.870967741935484,13.709677419354838,77.41935483870968,65.32258064516128,12.096774193548388
E00031496,103,33,10,23,70,54,16,32.038834951456316,9.70873786407767,22.330097087378643,67.96116504854369,52.42718446601942,15.53398058252427
E00031497,129,39,7,32,90,83,7,30.23255813953488,5.426356589147287,24.8062015503876,69.76744186046511,64.34108527131784,5.426356589147287
E00031498,124,38,12,26,86,76,10,30.64516129032258,9.67741935483871,20.967741935483872,69.35483870967742,61.29032258064516,8.064516129032258
E00031499,161,48,12,36,113,104,9,29.81366459627329,7.453416149068323,22.36024844720497,70.1863354037267,64.59627329192547,5.590062111801243
E00031500,166,47,8,39,119,95,24,28.313253012048197,4.819277108433735,23.49397590361446,71.6867469879518,57.22891566265061,14.457831325301203
E00031501,177,41,16,25,136,123,13,23.163841807909606,9.03954802259887,14.124293785310735,76.8361581920904,69.49152542372882,7.344632768361582
E00031503,92,22,5,17,70,61,9,23.91304347826087,5.434782608695652,18.478260869565215,76.08695652173914,66.30434782608695,9.782608695652174
E00031504,141,36,13,23,105,98,7,25.53191489361702,9.219858156028367,16.312056737588655,74.46808510638297,69.50354609929079,4.964539007092199
E00031505,156,49,12,37,107,93,14,31.41025641025641,7.6923076923076925,23.717948717948715,68.58974358974359,59.61538461538461,8.974358974358974
E00031506,148,39,11,28,109,99,10,26.351351351351347,7.4324324324324325,18.91891891891892,73.64864864864865,66.8918918918919,6.756756756756757
E00031508,160,46,10,36,114,101,13,28.749999999999996,6.25,22.5,71.25,63.125,8.125
E00031509,177,52,19,33,125,115,10,29.37853107344633,10.734463276836157,18.64406779661017,70.62146892655367,64.97175141242938,5.649717514124294
E00031510,141,46,19,27,95,85,10,32.62411347517731,13.47517730496454,19.148936170212767,67.37588652482269,60.28368794326241,7.092198581560284
E00031511,125,37,10,27,88,77,11,29.599999999999998,8,21.6,70.39999999999999,61.6,8.799999999999999
E00031512,206,46,18,28,160,134,26,22.330097087378643,8.737864077669903,13.592233009708737,77.66990291262135,65.0485436893204,12.62135922330097
E00031513,114,36,11,25,78,69,9,31.57894736842105,9.649122807017543,21.929824561403507,68.42105263157895,60.526315789473685,7.894736842105263
E00031514,98,29,8,21,69,65,4,29.591836734693878,8.16326530612245,21.428571428571427,70.40816326530613,66.3265306122449,4.081632653061225
E00031516,101,25,10,15,76,67,9,24.752475247524753,9.900990099009901,14.85148514851485,75.24752475247524,66.33663366336634,8.91089108910891
E00031517,111,38,6,32,73,65,8,34.234234234234236,5.405405405405405,28.82882882882883,65.76576576576578,58.55855855855856,7.207207207207207
E00031518,79,31,10,21,48,37,11,39.24050632911392,12.658227848101266,26.582278481012654,60.75949367088608,46.835443037974684,13.924050632911392
E00031519,143,42,15,27,101,90,11,29.37062937062937,10.48951048951049,18.88111888111888,70.62937062937063,62.93706293706294,7.6923076923076925
E00031520,115,37,8,29,78,72,6,32.17391304347826,6.956521739130435,25.217391304347824,67.82608695652173,62.60869565217392,5.217391304347826
E00031521,115,43,9,34,72,64,8,37.391304347826086,7.82608695652174,29.565217391304348,62.60869565217392,55.65217391304348,6.956521739130435
E00031522,149,37,7,30,112,93,19,24.832214765100673,4.697986577181208,20.13422818791946,75.16778523489933,62.41610738255034,12.751677852348994
E00031523,142,48,10,38,94,89,5,33.80281690140845,7.042253521126761,26.76056338028169,66.19718309859155,62.676056338028175,3.5211267605633805
E00031524,91,20,5,15,71,63,8,21.978021978021978,5.4945054945054945,16.483516483516482,78.02197802197803,69.23076923076923,8.791208791208792
E00031525,134,37,8,29,97,85,12,27.611940298507463,5.970149253731343,21.641791044776117,72.38805970149254,63.43283582089553,8.955223880597014
E00031526,127,34,12,22,93,84,9,26.77165354330709,9.448818897637794,17.322834645669293,73.22834645669292,66.14173228346458,7.086614173228346
E00031527,200,51,16,35,149,134,15,25.5,8,17.5,74.5,67,7.5
E00031528,235,63,21,42,172,155,17,26.80851063829787,8.936170212765958,17.872340425531917,73.19148936170212,65.95744680851064,7.234042553191489
E00031529,139,38,12,26,101,89,12,27.33812949640288,8.633093525179856,18.705035971223023,72.66187050359713,64.02877697841727,8.633093525179856
E00031530,140,39,8,31,101,93,8,27.857142857142858,5.714285714285714,22.142857142857142,72.14285714285714,66.42857142857143,5.714285714285714
E00031531,79,23,1,22,56,49,7,29.11392405063291,1.2658227848101267,27.848101265822784,70.88607594936708,62.0253164556962,8.860759493670885
E00031532,228,62,21,41,166,149,17,27.192982456140353,9.210526315789473,17.982456140350877,72.80701754385966,65.35087719298247,7.456140350877193
E00031533,216,52,15,37,164,138,26,24.074074074074073,6.944444444444445,17.12962962962963,75.92592592592592,63.888888888888886,12.037037037037036
E00031534,143,28,12,16,115,92,23,19.58041958041958,8.391608391608392,11.188811188811188,80.41958041958041,64.33566433566433,16.083916083916083
E00031535,167,45,11,34,122,108,14,26.94610778443114,6.58682634730539,20.359281437125748,73.05389221556887,64.67065868263472,8.383233532934131
E00031536,191,52,19,33,139,122,17,27.225130890052355,9.947643979057592,17.277486910994764,72.77486910994764,63.87434554973822,8.900523560209423
E00031537,140,30,10,20,110,87,23,21.428571428571427,7.142857142857142,14.285714285714285,78.57142857142857,62.142857142857146,16.428571428571427
E00031538,229,66,16,50,163,144,19,28.82096069868996,6.986899563318777,21.83406113537118,71.17903930131004,62.882096069869,8.296943231441048
E00031539,147,40,14,26,107,91,16,27.2108843537415,9.523809523809524,17.687074829931973,72.78911564625851,61.904761904761905,10.884353741496598
E00031540,139,29,10,19,110,99,11,20.863309352517987,7.1942446043165464,13.66906474820144,79.13669064748201,71.22302158273382,7.913669064748201
E00031541,116,30,5,25,86,80,6,25.862068965517242,4.310344827586207,21.551724137931032,74.13793103448276,68.96551724137932,5.172413793103448
E00031542,100,38,9,29,62,57,5,38,9,28.999999999999996,62,56.99999999999999,5
E00031543,157,38,9,29,119,99,20,24.203821656050955,5.7324840764331215,18.471337579617835,75.79617834394905,63.05732484076433,12.738853503184714
E00031544,88,27,9,18,61,54,7,30.681818181818183,10.227272727272728,20.454545454545457,69.31818181818183,61.36363636363637,7.954545454545454
E00031545,148,40,10,30,108,93,15,27.027027027027028,6.756756756756757,20.27027027027027,72.97297297297297,62.83783783783784,10.135135135135135
E00031546,195,50,16,34,145,125,20,25.64102564102564,8.205128205128204,17.435897435897434,74.35897435897436,64.1025641025641,10.256410256410255
E00031547,126,45,16,29,81,65,16,35.714285714285715,12.698412698412698,23.015873015873016,64.28571428571429,51.587301587301596,12.698412698412698
E00031548,146,36,13,23,110,94,16,24.65753424657534,8.904109589041095,15.753424657534246,75.34246575342466,64.38356164383562,10.95890410958904
E00031549,125,31,5,26,94,82,12,24.8,4,20.8,75.2,65.60000000000001,9.6
E00031550,190,39,12,27,151,123,28,20.526315789473685,6.315789473684211,14.210526315789473,79.47368421052632,64.73684210526316,14.736842105263156
E00031551,75,23,8,15,52,46,6,30.666666666666664,10.666666666666668,20,69.33333333333334,61.33333333333333,8
E00031552,162,43,20,23,119,100,19,26.543209876543212,12.345679012345679,14.19753086419753,73.4567901234568,61.72839506172839,11.728395061728394
E00031553,215,66,17,49,149,134,15,30.697674418604652,7.906976744186046,22.790697674418606,69.30232558139535,62.32558139534884,6.976744186046512
E00031554,226,52,17,35,174,151,23,23.008849557522122,7.52212389380531,15.486725663716813,76.99115044247787,66.8141592920354,10.176991150442479
E00031555,185,42,9,33,143,132,11,22.702702702702705,4.864864864864865,17.83783783783784,77.29729729729729,71.35135135135135,5.9459459459459465
E00031556,159,39,7,32,120,102,18,24.528301886792452,4.40251572327044,20.125786163522015,75.47169811320755,64.15094339622641,11.320754716981133
E00031557,145,43,17,26,102,94,8,29.655172413793103,11.724137931034482,17.93103448275862,70.34482758620689,64.82758620689654,5.517241379310345
E00031558,115,27,9,18,88,71,17,23.47826086956522,7.82608695652174,15.65217391304348,76.52173913043478,61.73913043478261,14.782608695652174
E00031559,211,47,12,35,164,137,27,22.274881516587676,5.687203791469194,16.587677725118482,77.72511848341233,64.92890995260665,12.796208530805686
E00031560,201,41,15,26,160,140,20,20.398009950248756,7.462686567164178,12.935323383084576,79.60199004975125,69.65174129353234,9.950248756218906
E00031561,144,41,13,28,103,84,19,28.47222222222222,9.027777777777777,19.444444444444446,71.52777777777779,58.333333333333336,13.194444444444445
E00031562,115,34,10,24,81,67,14,29.565217391304348,8.695652173913043,20.869565217391305,70.43478260869566,58.26086956521739,12.173913043478262
E00031563,142,43,16,27,99,84,15,30.28169014084507,11.267605633802818,19.014084507042252,69.71830985915493,59.154929577464785,10.56338028169014
E00031564,149,41,12,29,108,94,14,27.516778523489933,8.053691275167784,19.463087248322147,72.48322147651007,63.08724832214765,9.395973154362416
E00031565,187,52,21,31,135,110,25,27.807486631016044,11.229946524064172,16.577540106951872,72.19251336898395,58.82352941176471,13.368983957219251
E00031566,181,52,23,29,129,116,13,28.7292817679558,12.70718232044199,16.022099447513813,71.27071823204419,64.08839779005525,7.18232044198895
E00031567,93,32,16,16,61,56,5,34.40860215053764,17.20430107526882,17.20430107526882,65.59139784946237,60.215053763440864,5.376344086021505
E00031568,113,27,9,18,86,71,15,23.893805309734514,7.964601769911504,15.929203539823009,76.10619469026548,62.83185840707964,13.274336283185843
E00031569,142,39,11,28,103,90,13,27.464788732394368,7.746478873239436,19.718309859154928,72.53521126760563,63.38028169014085,9.15492957746479
E00031570,131,40,8,32,91,77,14,30.53435114503817,6.106870229007633,24.427480916030532,69.46564885496184,58.778625954198475,10.687022900763358
E00031571,115,33,15,18,82,71,11,28.695652173913043,13.043478260869565,15.65217391304348,71.30434782608695,61.73913043478261,9.565217391304348
E00031572,168,44,13,31,124,107,17,26.190476190476193,7.738095238095238,18.452380952380953,73.80952380952381,63.69047619047619,10.119047619047619
E00031573,127,45,18,27,82,72,10,35.43307086614173,14.173228346456693,21.25984251968504,64.56692913385827,56.69291338582677,7.874015748031496
E00031574,143,40,16,24,103,92,11,27.972027972027973,11.188811188811188,16.783216783216783,72.02797202797203,64.33566433566433,7.6923076923076925
E00031575,97,32,15,17,65,55,10,32.98969072164948,15.463917525773196,17.525773195876287,67.0103092783505,56.70103092783505,10.309278350515463
E00031576,167,47,15,32,120,96,24,28.143712574850298,8.982035928143713,19.16167664670659,71.8562874251497,57.48502994011976,14.37125748502994
E00031577,132,48,25,23,84,70,14,36.36363636363637,18.939393939393938,17.424242424242426,63.63636363636363,53.03030303030303,10.606060606060606
E00031578,173,40,16,24,133,113,20,23.121387283236995,9.248554913294797,13.872832369942195,76.878612716763,65.3179190751445,11.560693641618498
E00031579,183,58,22,36,125,96,29,31.693989071038253,12.021857923497267,19.672131147540984,68.30601092896174,52.459016393442624,15.846994535519126
E00031580,172,38,14,24,134,107,27,22.093023255813954,8.13953488372093,13.953488372093023,77.90697674418605,62.2093023255814,15.69767441860465
E00031581,117,34,15,19,83,67,16,29.059829059829063,12.82051282051282,16.23931623931624,70.94017094017094,57.26495726495726,13.675213675213676
E00031582,114,29,10,19,85,71,14,25.438596491228072,8.771929824561402,16.666666666666664,74.56140350877193,62.28070175438597,12.280701754385964
E00031583,95,21,7,14,74,61,13,22.105263157894736,7.368421052631578,14.736842105263156,77.89473684210526,64.21052631578948,13.684210526315791
E00031584,176,45,14,31,131,107,24,25.568181818181817,7.954545454545454,17.613636363636363,74.43181818181817,60.79545454545454,13.636363636363635
E00031585,158,44,14,30,114,99,15,27.848101265822784,8.860759493670885,18.9873417721519,72.15189873417721,62.65822784810127,9.49367088607595
E00031586,108,31,7,24,77,71,6,28.703703703703702,6.481481481481481,22.22222222222222,71.29629629629629,65.74074074074075,5.555555555555555
E00031587,145,30,4,26,115,94,21,20.689655172413794,2.7586206896551726,17.93103448275862,79.3103448275862,64.82758620689654,14.482758620689657
E00031588,99,37,12,25,62,57,5,37.37373737373738,12.121212121212121,25.252525252525253,62.62626262626263,57.57575757575758,5.05050505050505
E00031589,199,63,17,46,136,118,18,31.65829145728643,8.542713567839195,23.115577889447238,68.34170854271356,59.2964824120603,9.045226130653267
E00031590,137,32,8,24,105,95,10,23.357664233576642,5.839416058394161,17.51824817518248,76.64233576642336,69.34306569343066,7.2992700729927
E00031591,87,32,11,21,55,53,2,36.7816091954023,12.643678160919542,24.137931034482758,63.2183908045977,60.91954022988506,2.2988505747126435
E00031592,117,41,6,35,76,66,10,35.04273504273504,5.128205128205128,29.914529914529915,64.95726495726495,56.41025641025641,8.547008547008547
E00031593,115,42,13,29,73,69,4,36.52173913043478,11.304347826086957,25.217391304347824,63.47826086956522,60,3.4782608695652173
E00031594,127,42,18,24,85,74,11,33.07086614173229,14.173228346456693,18.89763779527559,66.92913385826772,58.26771653543307,8.661417322834646
E00031595,142,41,20,21,101,88,13,28.87323943661972,14.084507042253522,14.788732394366196,71.12676056338029,61.97183098591549,9.15492957746479
E00031596,156,49,22,27,107,89,18,31.41025641025641,14.102564102564102,17.307692307692307,68.58974358974359,57.05128205128205,11.538461538461538
E00031597,155,44,15,29,111,96,15,28.387096774193548,9.67741935483871,18.70967741935484,71.61290322580646,61.935483870967744,9.67741935483871
E00031598,102,34,12,22,68,58,10,33.33333333333333,11.76470588235294,21.568627450980394,66.66666666666666,56.86274509803921,9.803921568627452
E00031599,200,44,15,29,156,130,26,22,7.5,14.499999999999998,78,65,13
E00031600,86,25,9,16,61,55,6,29.069767441860467,10.465116279069768,18.6046511627907,70.93023255813954,63.95348837209303,6.976744186046512
E00031602,261,47,17,30,214,187,27,18.007662835249043,6.513409961685824,11.494252873563218,81.99233716475096,71.64750957854406,10.344827586206897
E00031603,151,45,11,34,106,95,11,29.80132450331126,7.28476821192053,22.516556291390728,70.19867549668875,62.913907284768214,7.28476821192053
E00031604,203,54,14,40,149,124,25,26.60098522167488,6.896551724137931,19.704433497536947,73.39901477832512,61.083743842364534,12.31527093596059
E00031605,107,35,14,21,72,64,8,32.71028037383177,13.084112149532709,19.626168224299064,67.28971962616822,59.813084112149525,7.476635514018691
E00031607,88,26,10,16,62,57,5,29.545454545454547,11.363636363636363,18.181818181818183,70.45454545454545,64.77272727272727,5.681818181818182
E00031608,140,41,9,32,99,85,14,29.28571428571429,6.428571428571428,22.857142857142858,70.71428571428572,60.71428571428571,10
E00031609,120,26,9,17,94,83,11,21.666666666666668,7.5,14.166666666666666,78.33333333333333,69.16666666666667,9.166666666666666
E00031610,121,31,11,20,90,80,10,25.6198347107438,9.090909090909092,16.528925619834713,74.3801652892562,66.11570247933885,8.264462809917356
E00031611,152,46,16,30,106,88,18,30.263157894736842,10.526315789473683,19.736842105263158,69.73684210526315,57.89473684210527,11.842105263157894
E00031612,105,24,4,20,81,73,8,22.857142857142858,3.8095238095238098,19.047619047619047,77.14285714285715,69.52380952380952,7.6190476190476195
E00031613,94,17,8,9,77,67,10,18.085106382978726,8.51063829787234,9.574468085106384,81.91489361702128,71.27659574468085,10.638297872340425
E00031614,103,22,8,14,81,63,18,21.35922330097087,7.766990291262135,13.592233009708737,78.64077669902912,61.165048543689316,17.475728155339805
E00031615,118,30,15,15,88,77,11,25.423728813559322,12.711864406779661,12.711864406779661,74.57627118644068,65.2542372881356,9.322033898305085
E00031616,116,33,10,23,83,70,13,28.448275862068968,8.620689655172415,19.82758620689655,71.55172413793103,60.3448275862069,11.206896551724139
E00031617,88,28,12,16,60,52,8,31.818181818181817,13.636363636363635,18.181818181818183,68.18181818181817,59.09090909090909,9.090909090909092
E00031618,151,51,22,29,100,83,17,33.77483443708609,14.56953642384106,19.205298013245034,66.22516556291392,54.966887417218544,11.258278145695364
E00031619,123,32,12,20,91,65,26,26.01626016260163,9.75609756097561,16.260162601626014,73.98373983739837,52.84552845528455,21.138211382113823
E00031622,111,34,7,27,77,69,8,30.630630630630627,6.306306306306306,24.324324324324326,69.36936936936937,62.16216216216216,7.207207207207207
E00031623,62,16,4,12,46,46,0,25.806451612903224,6.451612903225806,19.35483870967742,74.19354838709677,74.19354838709677,0
E00031624,103,30,10,20,73,68,5,29.126213592233007,9.70873786407767,19.41747572815534,70.87378640776699,66.01941747572816,4.854368932038835
E00031625,118,39,11,28,79,69,10,33.05084745762712,9.322033898305085,23.728813559322035,66.94915254237289,58.47457627118644,8.47457627118644
E00031627,259,61,16,45,198,176,22,23.552123552123554,6.177606177606178,17.374517374517374,76.44787644787645,67.95366795366795,8.494208494208493
E00031629,156,50,15,35,106,87,19,32.05128205128205,9.615384615384617,22.435897435897438,67.94871794871796,55.769230769230774,12.179487179487179
E00031630,113,36,8,28,77,71,6,31.858407079646017,7.079646017699115,24.778761061946902,68.14159292035397,62.83185840707964,5.3097345132743365
E00031631,154,38,10,28,116,107,9,24.675324675324674,6.493506493506493,18.181818181818183,75.32467532467533,69.48051948051948,5.844155844155844
E00031632,117,36,14,22,81,75,6,30.76923076923077,11.965811965811966,18.803418803418804,69.23076923076923,64.1025641025641,5.128205128205128
E00031633,166,43,19,24,123,109,14,25.903614457831324,11.44578313253012,14.457831325301203,74.09638554216868,65.66265060240963,8.433734939759036
E00031634,232,50,15,35,182,162,20,21.551724137931032,6.4655172413793105,15.086206896551724,78.44827586206897,69.82758620689656,8.620689655172415
E00031635,138,35,10,25,103,92,11,25.36231884057971,7.246376811594203,18.115942028985508,74.63768115942028,66.66666666666666,7.971014492753622
E00031636,172,45,9,36,127,108,19,26.16279069767442,5.232558139534884,20.930232558139537,73.83720930232558,62.7906976744186,11.046511627906977
E00031637,308,91,37,54,217,194,23,29.545454545454547,12.012987012987013,17.532467532467532,70.45454545454545,62.98701298701299,7.467532467532467
E00031638,189,51,16,35,138,126,12,26.984126984126984,8.465608465608465,18.51851851851852,73.01587301587301,66.66666666666666,6.349206349206349
E00031639,103,34,7,27,69,65,4,33.00970873786408,6.796116504854369,26.21359223300971,66.99029126213593,63.10679611650486,3.8834951456310676
E00031640,106,39,6,33,67,60,7,36.79245283018868,5.660377358490567,31.132075471698112,63.20754716981132,56.60377358490566,6.60377358490566
E00031641,106,46,12,34,60,53,7,43.39622641509434,11.320754716981133,32.075471698113205,56.60377358490566,50,6.60377358490566
E00031642,98,40,5,35,58,53,5,40.816326530612244,5.1020408163265305,35.714285714285715,59.183673469387756,54.08163265306123,5.1020408163265305
E00031643,100,34,8,26,66,61,5,34,8,26,66,61,5
E00031644,110,42,9,33,68,60,8,38.18181818181819,8.181818181818182,30,61.81818181818181,54.54545454545454,7.2727272727272725
E00031645,122,39,13,26,83,77,6,31.967213114754102,10.655737704918032,21.311475409836063,68.0327868852459,63.114754098360656,4.918032786885246
E00031646,247,59,22,37,188,171,17,23.88663967611336,8.906882591093117,14.979757085020243,76.11336032388664,69.23076923076923,6.882591093117409
E00031647,143,48,10,38,95,89,6,33.56643356643357,6.993006993006993,26.573426573426573,66.43356643356644,62.23776223776224,4.195804195804196
E00031648,141,48,16,32,93,83,10,34.04255319148936,11.347517730496454,22.69503546099291,65.95744680851064,58.86524822695035,7.092198581560284
E00031649,60,24,4,20,36,28,8,40,6.666666666666667,33.33333333333333,60,46.666666666666664,13.333333333333334
E00031650,106,33,11,22,73,64,9,31.132075471698112,10.377358490566039,20.754716981132077,68.86792452830188,60.37735849056604,8.49056603773585
E00031651,97,30,8,22,67,60,7,30.927835051546392,8.24742268041237,22.68041237113402,69.0721649484536,61.855670103092784,7.216494845360824
E00031652,294,56,18,38,238,211,27,19.047619047619047,6.122448979591836,12.925170068027212,80.95238095238095,71.7687074829932,9.183673469387756
E00031653,115,32,10,22,83,69,14,27.82608695652174,8.695652173913043,19.130434782608695,72.17391304347827,60,12.173913043478262
E00031654,156,49,14,35,107,94,13,31.41025641025641,8.974358974358974,22.435897435897438,68.58974358974359,60.256410256410255,8.333333333333332
E00031655,61,16,2,14,45,39,6,26.229508196721312,3.278688524590164,22.950819672131146,73.77049180327869,63.934426229508205,9.836065573770492
E00031656,104,31,8,23,73,64,9,29.807692307692307,7.6923076923076925,22.115384615384613,70.1923076923077,61.53846153846154,8.653846153846153
E00031657,176,53,19,34,123,117,6,30.113636363636363,10.795454545454545,19.318181818181817,69.88636363636364,66.47727272727273,3.4090909090909087
E00031658,132,48,15,33,84,76,8,36.36363636363637,11.363636363636363,25,63.63636363636363,57.57575757575758,6.0606060606060606
E00031659,149,44,16,28,105,92,13,29.53020134228188,10.738255033557047,18.79194630872483,70.46979865771812,61.74496644295302,8.724832214765101
E00031660,147,43,17,26,104,87,17,29.25170068027211,11.564625850340136,17.687074829931973,70.74829931972789,59.183673469387756,11.564625850340136
E00031661,158,41,14,27,117,106,11,25.949367088607595,8.860759493670885,17.088607594936708,74.0506329113924,67.08860759493672,6.962025316455696
E00031662,65,22,7,15,43,36,7,33.84615384615385,10.76923076923077,23.076923076923077,66.15384615384615,55.38461538461539,10.76923076923077
E00031663,187,36,8,28,151,129,22,19.25133689839572,4.27807486631016,14.973262032085561,80.74866310160428,68.98395721925134,11.76470588235294
E00031664,271,63,24,39,208,183,25,23.247232472324722,8.856088560885608,14.391143911439114,76.75276752767527,67.52767527675276,9.22509225092251
E00031665,163,44,16,28,119,97,22,26.993865030674847,9.815950920245399,17.177914110429448,73.00613496932516,59.50920245398773,13.496932515337424
E00031666,168,40,9,31,128,109,19,23.809523809523807,5.357142857142857,18.452380952380953,76.19047619047619,64.88095238095238,11.30952380952381
E00031667,149,39,9,30,110,93,17,26.174496644295303,6.0402684563758395,20.13422818791946,73.8255033557047,62.41610738255034,11.409395973154362
E00031668,121,41,13,28,80,56,24,33.88429752066116,10.743801652892563,23.140495867768596,66.11570247933885,46.28099173553719,19.834710743801654
E00031669,73,26,4,22,47,47,0,35.61643835616438,5.47945205479452,30.136986301369863,64.38356164383562,64.38356164383562,0
E00031670,116,39,8,31,77,68,9,33.62068965517241,6.896551724137931,26.72413793103448,66.37931034482759,58.620689655172406,7.758620689655173
E00031671,101,25,5,20,76,68,8,24.752475247524753,4.9504950495049505,19.801980198019802,75.24752475247524,67.32673267326733,7.920792079207921
E00031672,76,23,0,23,53,42,11,30.263157894736842,0,30.263157894736842,69.73684210526315,55.26315789473685,14.473684210526317
E00031674,113,43,11,32,70,62,8,38.05309734513274,9.734513274336283,28.31858407079646,61.94690265486725,54.86725663716814,7.079646017699115
E00031675,123,45,13,32,78,71,7,36.58536585365854,10.569105691056912,26.01626016260163,63.41463414634146,57.72357723577236,5.691056910569105
E00031676,99,36,13,23,63,57,6,36.36363636363637,13.131313131313133,23.232323232323232,63.63636363636363,57.57575757575758,6.0606060606060606
E00031677,127,33,5,28,94,89,5,25.984251968503933,3.937007874015748,22.04724409448819,74.01574803149606,70.07874015748031,3.937007874015748
E00031678,136,49,21,28,87,72,15,36.029411764705884,15.441176470588236,20.588235294117645,63.970588235294116,52.94117647058824,11.029411764705882
E00031679,229,55,13,42,174,145,29,24.017467248908297,5.676855895196507,18.340611353711793,75.9825327510917,63.31877729257642,12.663755458515283
E00031681,138,40,13,27,98,81,17,28.985507246376812,9.420289855072465,19.565217391304348,71.01449275362319,58.69565217391305,12.318840579710146
E00031682,120,35,10,25,85,75,10,29.166666666666668,8.333333333333332,20.833333333333336,70.83333333333334,62.5,8.333333333333332
E00031683,136,43,13,30,93,78,15,31.61764705882353,9.558823529411764,22.058823529411764,68.38235294117648,57.35294117647059,11.029411764705882
E00031684,202,46,14,32,156,140,16,22.772277227722775,6.9306930693069315,15.841584158415841,77.22772277227723,69.3069306930693,7.920792079207921
E00031685,155,42,13,29,113,102,11,27.09677419354839,8.38709677419355,18.70967741935484,72.90322580645162,65.80645161290323,7.096774193548387
E00031686,142,50,11,39,92,80,12,35.2112676056338,7.746478873239436,27.464788732394368,64.7887323943662,56.33802816901409,8.450704225352112
E00031687,160,36,13,23,124,108,16,22.5,8.125,14.374999999999998,77.5,67.5,10
E00031688,116,21,0,21,95,84,11,18.103448275862068,0,18.103448275862068,81.89655172413794,72.41379310344827,9.482758620689655
E00031689,146,34,14,20,112,99,13,23.28767123287671,9.58904109589041,13.698630136986301,76.71232876712328,67.8082191780822,8.904109589041095
E00031690,57,15,7,8,42,36,6,26.31578947368421,12.280701754385964,14.035087719298245,73.68421052631578,63.1578947368421,10.526315789473683
E00031691,73,23,9,14,50,47,3,31.506849315068493,12.32876712328767,19.17808219178082,68.4931506849315,64.38356164383562,4.10958904109589
E00031692,137,39,14,25,98,81,17,28.467153284671532,10.218978102189782,18.248175182481752,71.53284671532847,59.12408759124088,12.408759124087592
E00031693,97,39,10,29,58,53,5,40.20618556701031,10.309278350515463,29.896907216494846,59.79381443298969,54.63917525773196,5.154639175257731
E00031694,139,42,7,35,97,89,8,30.215827338129497,5.0359712230215825,25.179856115107913,69.7841726618705,64.02877697841727,5.755395683453238
E00031695,183,41,15,26,142,119,23,22.404371584699454,8.19672131147541,14.207650273224044,77.59562841530054,65.02732240437157,12.568306010928962
E00031696,144,55,14,41,89,79,10,38.19444444444444,9.722222222222223,28.47222222222222,61.80555555555556,54.861111111111114,6.944444444444445
E00031697,152,38,10,28,114,101,13,25,6.578947368421052,18.421052631578945,75,66.44736842105263,8.552631578947368
E00031698,199,55,23,32,144,131,13,27.63819095477387,11.557788944723619,16.08040201005025,72.36180904522614,65.82914572864321,6.532663316582915
E00031699,102,34,11,23,68,62,6,33.33333333333333,10.784313725490197,22.54901960784314,66.66666666666666,60.78431372549019,5.88235294117647
E00031700,135,39,10,29,96,88,8,28.888888888888886,7.4074074074074066,21.48148148148148,71.11111111111111,65.18518518518519,5.9259259259259265
E00031701,163,40,14,26,123,105,18,24.539877300613497,8.588957055214724,15.950920245398773,75.4601226993865,64.41717791411043,11.042944785276074
E00031702,94,31,9,22,63,54,9,32.97872340425532,9.574468085106384,23.404255319148938,67.02127659574468,57.446808510638306,9.574468085106384
E00031703,139,48,20,28,91,78,13,34.53237410071942,14.388489208633093,20.14388489208633,65.46762589928058,56.11510791366906,9.352517985611511
E00031704,130,29,9,20,101,88,13,22.30769230769231,6.923076923076923,15.384615384615385,77.6923076923077,67.6923076923077,10
E00031705,196,43,8,35,153,131,22,21.93877551020408,4.081632653061225,17.857142857142858,78.06122448979592,66.83673469387756,11.224489795918368
E00031706,144,32,14,18,112,103,9,22.22222222222222,9.722222222222223,12.5,77.77777777777779,71.52777777777779,6.25
E00031707,90,34,7,27,56,43,13,37.77777777777778,7.777777777777778,30,62.22222222222222,47.77777777777778,14.444444444444443
E00031708,140,50,16,34,90,87,3,35.714285714285715,11.428571428571429,24.285714285714285,64.28571428571429,62.142857142857146,2.142857142857143
E00031709,116,36,7,29,80,71,9,31.03448275862069,6.0344827586206895,25,68.96551724137932,61.206896551724135,7.758620689655173
E00031710,132,43,17,26,89,73,16,32.57575757575758,12.878787878787879,19.696969696969695,67.42424242424242,55.3030303030303,12.121212121212121
E00031711,116,33,9,24,83,76,7,28.448275862068968,7.758620689655173,20.689655172413794,71.55172413793103,65.51724137931035,6.0344827586206895
E00031712,111,30,7,23,81,73,8,27.027027027027028,6.306306306306306,20.72072072072072,72.97297297297297,65.76576576576578,7.207207207207207
E00031713,157,44,9,35,113,103,10,28.02547770700637,5.7324840764331215,22.29299363057325,71.97452229299363,65.60509554140127,6.369426751592357
E00031714,150,46,11,35,104,92,12,30.666666666666664,7.333333333333333,23.333333333333332,69.33333333333334,61.33333333333333,8
E00031715,113,38,11,27,75,71,4,33.6283185840708,9.734513274336283,23.893805309734514,66.3716814159292,62.83185840707964,3.5398230088495577
E00031716,118,30,7,23,88,79,9,25.423728813559322,5.932203389830509,19.491525423728813,74.57627118644068,66.94915254237289,7.627118644067797
E00031717,147,46,13,33,101,92,9,31.292517006802722,8.843537414965986,22.448979591836736,68.70748299319727,62.585034013605444,6.122448979591836
E00031718,163,44,11,33,119,105,14,26.993865030674847,6.748466257668712,20.245398773006134,73.00613496932516,64.41717791411043,8.588957055214724
E00031719,185,58,12,46,127,119,8,31.351351351351354,6.486486486486487,24.864864864864867,68.64864864864865,64.32432432432432,4.324324324324325
E00031720,145,40,16,24,105,93,12,27.586206896551722,11.03448275862069,16.551724137931036,72.41379310344827,64.13793103448275,8.275862068965518
E00031721,159,48,9,39,111,96,15,30.18867924528302,5.660377358490567,24.528301886792452,69.81132075471697,60.37735849056604,9.433962264150944
E00031722,191,64,18,46,127,118,9,33.50785340314136,9.424083769633508,24.083769633507853,66.49214659685863,61.78010471204188,4.712041884816754
E00031723,197,53,19,34,144,124,20,26.903553299492383,9.644670050761421,17.258883248730964,73.09644670050761,62.944162436548226,10.152284263959391
E00031725,179,55,15,40,124,108,16,30.726256983240223,8.379888268156424,22.3463687150838,69.27374301675978,60.33519553072626,8.938547486033519
E00031726,156,36,9,27,120,112,8,23.076923076923077,5.769230769230769,17.307692307692307,76.92307692307693,71.7948717948718,5.128205128205128
E00031727,178,45,13,32,133,125,8,25.280898876404496,7.303370786516854,17.97752808988764,74.71910112359551,70.2247191011236,4.49438202247191
E00031728,139,39,17,22,100,88,12,28.05755395683453,12.23021582733813,15.827338129496402,71.94244604316546,63.30935251798561,8.633093525179856
E00031729,139,38,10,28,101,86,15,27.33812949640288,7.1942446043165464,20.14388489208633,72.66187050359713,61.87050359712231,10.79136690647482
E00031730,136,35,8,27,101,92,9,25.735294117647058,5.88235294117647,19.852941176470587,74.26470588235294,67.64705882352942,6.61764705882353
E00031731,139,38,8,30,101,88,13,27.33812949640288,5.755395683453238,21.58273381294964,72.66187050359713,63.30935251798561,9.352517985611511
E00031732,132,38,12,26,94,89,5,28.78787878787879,9.090909090909092,19.696969696969695,71.21212121212122,67.42424242424242,3.787878787878788
E00031733,189,62,14,48,127,105,22,32.804232804232804,7.4074074074074066,25.396825396825395,67.1957671957672,55.55555555555556,11.64021164021164
E00031734,165,51,16,35,114,93,21,30.909090909090907,9.696969696969697,21.21212121212121,69.0909090909091,56.36363636363636,12.727272727272727
E00031735,147,49,19,30,98,88,10,33.33333333333333,12.925170068027212,20.408163265306122,66.66666666666666,59.863945578231295,6.802721088435375
E00031736,186,47,15,32,139,124,15,25.268817204301076,8.064516129032258,17.20430107526882,74.73118279569893,66.66666666666666,8.064516129032258
E00031737,156,35,12,23,121,103,18,22.435897435897438,7.6923076923076925,14.743589743589745,77.56410256410257,66.02564102564102,11.538461538461538
E00031738,116,47,14,33,69,61,8,40.51724137931034,12.068965517241379,28.448275862068968,59.48275862068966,52.58620689655172,6.896551724137931
E00031739,138,37,6,31,101,90,11,26.811594202898554,4.3478260869565215,22.463768115942027,73.18840579710145,65.21739130434783,7.971014492753622
E00031740,158,33,9,24,125,107,18,20.88607594936709,5.69620253164557,15.18987341772152,79.11392405063292,67.72151898734177,11.39240506329114
E00031741,67,13,3,10,54,47,7,19.402985074626866,4.477611940298507,14.925373134328357,80.59701492537313,70.1492537313433,10.44776119402985
E00031742,121,41,13,28,80,70,10,33.88429752066116,10.743801652892563,23.140495867768596,66.11570247933885,57.85123966942148,8.264462809917356
E00031743,128,30,9,21,98,86,12,23.4375,7.03125,16.40625,76.5625,67.1875,9.375
E00031744,169,40,16,24,129,121,8,23.668639053254438,9.467455621301776,14.201183431952662,76.33136094674556,71.59763313609467,4.733727810650888
E00031745,147,50,15,35,97,77,20,34.01360544217687,10.204081632653061,23.809523809523807,65.98639455782312,52.38095238095239,13.60544217687075
E00031746,130,33,10,23,97,89,8,25.384615384615383,7.6923076923076925,17.692307692307693,74.61538461538461,68.46153846153847,6.153846153846154
E00031747,151,49,14,35,102,88,14,32.450331125827816,9.271523178807946,23.178807947019866,67.54966887417218,58.27814569536424,9.271523178807946
E00031748,50,20,5,15,30,25,5,40,10,30,60,50,10
E00031749,170,42,13,29,128,117,11,24.705882352941178,7.647058823529412,17.058823529411764,75.29411764705883,68.82352941176471,6.470588235294119
E00031750,82,19,2,17,63,54,9,23.170731707317074,2.4390243902439024,20.73170731707317,76.82926829268293,65.85365853658537,10.975609756097562
E00031751,88,29,9,20,59,55,4,32.95454545454545,10.227272727272728,22.727272727272727,67.04545454545455,62.5,4.545454545454546
E00031752,63,18,6,12,45,41,4,28.57142857142857,9.523809523809524,19.047619047619047,71.42857142857143,65.07936507936508,6.349206349206349
E00031753,138,34,3,31,104,90,14,24.637681159420293,2.1739130434782608,22.463768115942027,75.36231884057972,65.21739130434783,10.144927536231885
E00031754,133,35,5,30,98,88,10,26.31578947368421,3.7593984962406015,22.55639097744361,73.68421052631578,66.16541353383458,7.518796992481203
E00031755,120,33,9,24,87,78,9,27.500000000000004,7.5,20,72.5,65,7.5
E00031756,91,19,7,12,72,63,9,20.87912087912088,7.6923076923076925,13.186813186813188,79.12087912087912,69.23076923076923,9.89010989010989
E00031757,107,22,7,15,85,74,11,20.5607476635514,6.5420560747663545,14.018691588785046,79.43925233644859,69.1588785046729,10.2803738317757
E00031758,169,41,14,27,128,117,11,24.2603550295858,8.284023668639055,15.976331360946746,75.7396449704142,69.23076923076923,6.508875739644971
E00031759,124,29,13,16,95,85,10,23.387096774193548,10.483870967741936,12.903225806451612,76.61290322580645,68.54838709677419,8.064516129032258
E00031760,130,36,12,24,94,86,8,27.692307692307693,9.230769230769232,18.461538461538463,72.3076923076923,66.15384615384615,6.153846153846154
E00031761,119,26,5,21,93,82,11,21.84873949579832,4.201680672268908,17.647058823529413,78.15126050420169,68.90756302521008,9.243697478991598
E00031762,134,43,10,33,91,80,11,32.08955223880597,7.462686567164178,24.62686567164179,67.91044776119402,59.70149253731343,8.208955223880597
E00031763,125,41,11,30,84,76,8,32.800000000000004,8.799999999999999,24,67.2,60.8,6.4
E00031764,116,37,7,30,79,72,7,31.896551724137932,6.0344827586206895,25.862068965517242,68.10344827586206,62.06896551724138,6.0344827586206895
E00031765,135,37,16,21,98,84,14,27.40740740740741,11.851851851851853,15.555555555555555,72.5925925925926,62.22222222222222,10.37037037037037
E00031766,130,38,10,28,92,81,11,29.230769230769234,7.6923076923076925,21.53846153846154,70.76923076923077,62.30769230769231,8.461538461538462
E00031767,135,38,8,30,97,87,10,28.14814814814815,5.9259259259259265,22.22222222222222,71.85185185185186,64.44444444444444,7.4074074074074066
E00031768,126,40,14,26,86,78,8,31.746031746031743,11.11111111111111,20.634920634920633,68.25396825396825,61.904761904761905,6.349206349206349
E00031769,126,32,13,19,94,84,10,25.396825396825395,10.317460317460316,15.079365079365079,74.60317460317461,66.66666666666666,7.936507936507936
E00031770,174,50,17,33,124,112,12,28.735632183908045,9.770114942528735,18.96551724137931,71.26436781609196,64.36781609195403,6.896551724137931
E00031771,81,26,5,21,55,50,5,32.098765432098766,6.172839506172839,25.925925925925924,67.90123456790124,61.72839506172839,6.172839506172839
E00031772,298,69,18,51,229,195,34,23.154362416107382,6.0402684563758395,17.114093959731544,76.84563758389261,65.43624161073825,11.409395973154362
E00031773,85,36,11,25,49,48,1,42.35294117647059,12.941176470588237,29.411764705882355,57.647058823529406,56.470588235294116,1.1764705882352942
E00031774,166,50,16,34,116,108,8,30.120481927710845,9.63855421686747,20.481927710843372,69.87951807228916,65.06024096385542,4.819277108433735
E00031776,179,44,15,29,135,128,7,24.581005586592177,8.379888268156424,16.201117318435752,75.41899441340783,71.50837988826815,3.910614525139665
E00031777,182,50,21,29,132,111,21,27.472527472527474,11.538461538461538,15.934065934065933,72.52747252747253,60.98901098901099,11.538461538461538
E00031778,169,37,3,34,132,118,14,21.893491124260358,1.7751479289940828,20.118343195266274,78.10650887573965,69.8224852071006,8.284023668639055
E00031779,131,43,17,26,88,77,11,32.82442748091603,12.977099236641221,19.84732824427481,67.17557251908397,58.778625954198475,8.396946564885496
E00031780,149,51,17,34,98,92,6,34.22818791946309,11.409395973154362,22.818791946308725,65.77181208053692,61.74496644295302,4.026845637583892
E00031781,107,34,10,24,73,64,9,31.775700934579437,9.345794392523365,22.429906542056074,68.22429906542055,59.813084112149525,8.411214953271028
E00031782,117,32,9,23,85,79,6,27.350427350427353,7.6923076923076925,19.65811965811966,72.64957264957265,67.52136752136752,5.128205128205128
E00031783,106,37,18,19,69,58,11,34.90566037735849,16.9811320754717,17.92452830188679,65.09433962264151,54.71698113207547,10.377358490566039
E00031784,127,41,10,31,86,72,14,32.28346456692913,7.874015748031496,24.409448818897637,67.71653543307087,56.69291338582677,11.023622047244094
E00031785,189,46,9,37,143,124,19,24.33862433862434,4.761904761904762,19.576719576719576,75.66137566137566,65.60846560846561,10.052910052910052
E00031786,193,52,15,37,141,130,11,26.94300518134715,7.772020725388601,19.170984455958546,73.05699481865285,67.35751295336787,5.699481865284974
E00031787,69,20,7,13,49,41,8,28.985507246376812,10.144927536231885,18.84057971014493,71.01449275362319,59.42028985507246,11.594202898550725
E00031788,98,28,7,21,70,61,9,28.57142857142857,7.142857142857142,21.428571428571427,71.42857142857143,62.244897959183675,9.183673469387756
E00031789,141,35,11,24,106,93,13,24.822695035460992,7.801418439716312,17.02127659574468,75.177304964539,65.95744680851064,9.219858156028367
E00031790,154,47,13,34,107,99,8,30.519480519480517,8.441558441558442,22.07792207792208,69.48051948051948,64.28571428571429,5.194805194805195
E00031791,111,28,8,20,83,76,7,25.225225225225223,7.207207207207207,18.01801801801802,74.77477477477478,68.46846846846847,6.306306306306306
E00031792,118,39,11,28,79,70,9,33.05084745762712,9.322033898305085,23.728813559322035,66.94915254237289,59.32203389830508,7.627118644067797
E00031793,161,42,12,30,119,107,12,26.08695652173913,7.453416149068323,18.633540372670808,73.91304347826086,66.45962732919256,7.453416149068323
E00031794,114,24,8,16,90,85,5,21.052631578947366,7.017543859649122,14.035087719298245,78.94736842105263,74.56140350877193,4.385964912280701
E00031795,98,24,6,18,74,64,10,24.489795918367346,6.122448979591836,18.367346938775512,75.51020408163265,65.3061224489796,10.204081632653061
E00031796,85,26,5,21,59,54,5,30.58823529411765,5.88235294117647,24.705882352941178,69.41176470588235,63.52941176470588,5.88235294117647
E00031797,131,36,10,26,95,79,16,27.480916030534353,7.633587786259542,19.84732824427481,72.51908396946564,60.30534351145038,12.213740458015266
E00031798,99,25,8,17,74,63,11,25.252525252525253,8.080808080808081,17.17171717171717,74.74747474747475,63.63636363636363,11.11111111111111
E00031799,132,48,11,37,84,77,7,36.36363636363637,8.333333333333332,28.030303030303028,63.63636363636363,58.333333333333336,5.303030303030303
E00031800,212,56,23,33,156,137,19,26.41509433962264,10.849056603773585,15.566037735849056,73.58490566037736,64.62264150943396,8.962264150943396
E00031801,235,60,12,48,175,155,20,25.53191489361702,5.106382978723404,20.425531914893615,74.46808510638297,65.95744680851064,8.51063829787234
E00031802,163,40,0,40,123,109,14,24.539877300613497,0,24.539877300613497,75.4601226993865,66.87116564417178,8.588957055214724
E00031803,132,41,9,32,91,79,12,31.060606060606062,6.8181818181818175,24.242424242424242,68.93939393939394,59.84848484848485,9.090909090909092
E00031805,187,50,23,27,137,126,11,26.737967914438503,12.299465240641712,14.43850267379679,73.2620320855615,67.37967914438502,5.88235294117647
E00031806,52,18,5,13,34,31,3,34.61538461538461,9.615384615384617,25,65.38461538461539,59.61538461538461,5.769230769230769
E00031807,266,67,25,42,199,171,28,25.18796992481203,9.398496240601503,15.789473684210526,74.81203007518798,64.28571428571429,10.526315789473683
E00031808,234,55,13,42,179,157,22,23.504273504273502,5.555555555555555,17.94871794871795,76.49572649572649,67.09401709401709,9.401709401709402
E00031809,170,51,11,40,119,92,27,30,6.470588235294119,23.52941176470588,70,54.11764705882353,15.88235294117647
E00031810,253,67,18,49,186,167,19,26.48221343873518,7.114624505928854,19.367588932806324,73.51778656126481,66.00790513833992,7.5098814229249005
E00031811,140,33,7,26,107,93,14,23.57142857142857,5,18.571428571428573,76.42857142857142,66.42857142857143,10
E00031812,90,27,9,18,63,52,11,30,10,20,70,57.77777777777777,12.222222222222221
E00031813,151,31,10,21,120,104,16,20.52980132450331,6.622516556291391,13.90728476821192,79.47019867549669,68.87417218543047,10.596026490066226
E00031814,119,28,9,19,91,85,6,23.52941176470588,7.563025210084033,15.966386554621847,76.47058823529412,71.42857142857143,5.042016806722689
E00031815,176,48,18,30,128,120,8,27.27272727272727,10.227272727272728,17.045454545454543,72.72727272727273,68.18181818181817,4.545454545454546
E00031816,134,37,15,22,97,86,11,27.611940298507463,11.194029850746269,16.417910447761194,72.38805970149254,64.17910447761194,8.208955223880597
E00031817,119,34,12,22,85,75,10,28.57142857142857,10.084033613445378,18.487394957983195,71.42857142857143,63.02521008403361,8.403361344537815
E00031818,209,47,13,34,162,149,13,22.48803827751196,6.220095693779904,16.267942583732058,77.51196172248804,71.29186602870813,6.220095693779904
E00031819,117,34,16,18,83,70,13,29.059829059829063,13.675213675213676,15.384615384615385,70.94017094017094,59.82905982905983,11.11111111111111
E00031820,96,34,11,23,62,54,8,35.41666666666667,11.458333333333332,23.958333333333336,64.58333333333334,56.25,8.333333333333332
E00031821,141,41,13,28,100,86,14,29.078014184397162,9.219858156028367,19.858156028368796,70.92198581560284,60.99290780141844,9.929078014184398
E00031822,106,37,12,25,69,60,9,34.90566037735849,11.320754716981133,23.58490566037736,65.09433962264151,56.60377358490566,8.49056603773585
E00031823,237,43,9,34,194,160,34,18.143459915611814,3.79746835443038,14.345991561181433,81.85654008438819,67.51054852320675,14.345991561181433
E00031824,104,32,11,21,72,62,10,30.76923076923077,10.576923076923077,20.192307692307693,69.23076923076923,59.61538461538461,9.615384615384617
E00031825,86,29,6,23,57,56,1,33.72093023255814,6.976744186046512,26.744186046511626,66.27906976744185,65.11627906976744,1.1627906976744187
E00031826,147,26,7,19,121,93,28,17.687074829931973,4.761904761904762,12.925170068027212,82.31292517006803,63.26530612244898,19.047619047619047
E00031827,143,42,6,36,101,85,16,29.37062937062937,4.195804195804196,25.174825174825177,70.62937062937063,59.44055944055944,11.188811188811188
E00031828,160,48,17,31,112,102,10,30,10.625,19.375,70,63.74999999999999,6.25
E00031829,185,42,7,35,143,128,15,22.702702702702705,3.783783783783784,18.91891891891892,77.29729729729729,69.1891891891892,8.108108108108109
E00031830,106,20,0,20,86,70,16,18.867924528301888,0,18.867924528301888,81.13207547169812,66.0377358490566,15.09433962264151
E00031831,152,47,14,33,105,97,8,30.92105263157895,9.210526315789473,21.710526315789476,69.07894736842105,63.81578947368421,5.263157894736842
E00031832,106,30,7,23,76,68,8,28.30188679245283,6.60377358490566,21.69811320754717,71.69811320754717,64.15094339622641,7.547169811320755
E00031833,143,35,12,23,108,89,19,24.475524475524477,8.391608391608392,16.083916083916083,75.52447552447552,62.23776223776224,13.286713286713287
E00031834,147,36,11,25,111,95,16,24.489795918367346,7.482993197278912,17.006802721088434,75.51020408163265,64.62585034013605,10.884353741496598
E00031835,183,52,22,30,131,112,19,28.415300546448087,12.021857923497267,16.39344262295082,71.58469945355192,61.20218579234973,10.382513661202186
E00031836,120,37,15,22,83,67,16,30.833333333333336,12.5,18.333333333333332,69.16666666666667,55.833333333333336,13.333333333333334
E00031837,132,36,9,27,96,87,9,27.27272727272727,6.8181818181818175,20.454545454545457,72.72727272727273,65.9090909090909,6.8181818181818175
E00031838,130,34,6,28,96,86,10,26.153846153846157,4.615384615384616,21.53846153846154,73.84615384615385,66.15384615384615,7.6923076923076925
E00031839,342,80,22,58,262,237,25,23.391812865497073,6.432748538011696,16.95906432748538,76.60818713450293,69.2982456140351,7.309941520467836
E00031840,244,68,18,50,176,162,14,27.86885245901639,7.377049180327869,20.491803278688526,72.1311475409836,66.39344262295081,5.737704918032787
E00031841,116,39,8,31,77,70,7,33.62068965517241,6.896551724137931,26.72413793103448,66.37931034482759,60.3448275862069,6.0344827586206895
E00031842,179,55,16,39,124,110,14,30.726256983240223,8.938547486033519,21.787709497206702,69.27374301675978,61.452513966480446,7.82122905027933
E00031843,143,37,7,30,106,91,15,25.874125874125873,4.895104895104895,20.97902097902098,74.12587412587412,63.63636363636363,10.48951048951049
E00031844,117,34,7,27,83,77,6,29.059829059829063,5.982905982905983,23.076923076923077,70.94017094017094,65.8119658119658,5.128205128205128
E00031845,103,33,9,24,70,54,16,32.038834951456316,8.737864077669903,23.300970873786408,67.96116504854369,52.42718446601942,15.53398058252427
E00031846,138,45,14,31,93,80,13,32.608695652173914,10.144927536231885,22.463768115942027,67.3913043478261,57.971014492753625,9.420289855072465
E00031848,103,28,4,24,75,63,12,27.184466019417474,3.8834951456310676,23.300970873786408,72.81553398058253,61.165048543689316,11.650485436893204
E00031849,85,29,11,18,56,49,7,34.11764705882353,12.941176470588237,21.176470588235293,65.88235294117646,57.647058823529406,8.235294117647058
E00031850,193,49,13,36,144,119,25,25.38860103626943,6.7357512953367875,18.65284974093264,74.61139896373057,61.6580310880829,12.953367875647666
E00031851,110,34,8,26,76,66,10,30.909090909090907,7.2727272727272725,23.636363636363637,69.0909090909091,60,9.090909090909092
E00031852,115,28,6,22,87,78,9,24.347826086956523,5.217391304347826,19.130434782608695,75.65217391304347,67.82608695652173,7.82608695652174
E00031853,157,44,14,30,113,99,14,28.02547770700637,8.9171974522293,19.10828025477707,71.97452229299363,63.05732484076433,8.9171974522293
E00031854,154,41,16,25,113,100,13,26.623376623376622,10.38961038961039,16.233766233766232,73.37662337662337,64.93506493506493,8.441558441558442
E00031855,153,42,11,31,111,99,12,27.450980392156865,7.18954248366013,20.26143790849673,72.54901960784314,64.70588235294117,7.8431372549019605
E00031856,186,44,10,34,142,117,25,23.655913978494624,5.376344086021505,18.27956989247312,76.34408602150538,62.903225806451616,13.440860215053762
E00031857,179,42,6,36,137,120,17,23.463687150837988,3.35195530726257,20.11173184357542,76.53631284916202,67.0391061452514,9.497206703910614
E00031858,136,30,4,26,106,94,12,22.058823529411764,2.941176470588235,19.11764705882353,77.94117647058823,69.11764705882352,8.823529411764707
E00031859,234,60,14,46,174,153,21,25.64102564102564,5.982905982905983,19.65811965811966,74.35897435897436,65.38461538461539,8.974358974358974
E00031860,210,52,18,34,158,135,23,24.761904761904763,8.571428571428571,16.19047619047619,75.23809523809524,64.28571428571429,10.952380952380953
E00031861,162,37,13,24,125,113,12,22.839506172839506,8.024691358024691,14.814814814814813,77.1604938271605,69.75308641975309,7.4074074074074066
E00031862,93,38,13,25,55,55,0,40.86021505376344,13.978494623655912,26.881720430107524,59.13978494623656,59.13978494623656,0
E00031863,126,33,10,23,93,84,9,26.190476190476193,7.936507936507936,18.253968253968253,73.80952380952381,66.66666666666666,7.142857142857142
E00031864,152,50,17,33,102,81,21,32.89473684210527,11.18421052631579,21.710526315789476,67.10526315789474,53.289473684210535,13.815789473684212
E00031865,89,29,6,23,60,52,8,32.58426966292135,6.741573033707865,25.842696629213485,67.41573033707866,58.42696629213483,8.98876404494382
E00031866,143,32,7,25,111,105,6,22.377622377622377,4.895104895104895,17.482517482517483,77.62237762237763,73.42657342657343,4.195804195804196
E00031867,156,41,16,25,115,107,8,26.282051282051285,10.256410256410255,16.025641025641026,73.71794871794873,68.58974358974359,5.128205128205128
E00031868,182,37,3,34,145,123,22,20.32967032967033,1.6483516483516485,18.681318681318682,79.67032967032966,67.58241758241759,12.087912087912088
E00031869,130,33,9,24,97,88,9,25.384615384615383,6.923076923076923,18.461538461538463,74.61538461538461,67.6923076923077,6.923076923076923
E00031870,147,29,5,24,118,100,18,19.727891156462583,3.4013605442176873,16.3265306122449,80.27210884353741,68.02721088435374,12.244897959183673
E00031871,152,40,22,18,112,98,14,26.31578947368421,14.473684210526317,11.842105263157894,73.68421052631578,64.47368421052632,9.210526315789473
E00031872,125,27,7,20,98,84,14,21.6,5.6000000000000005,16,78.4,67.2,11.200000000000001
E00031873,88,30,9,21,58,50,8,34.090909090909086,10.227272727272728,23.863636363636363,65.9090909090909,56.81818181818182,9.090909090909092
E00031874,118,28,11,17,90,74,16,23.728813559322035,9.322033898305085,14.40677966101695,76.27118644067797,62.71186440677966,13.559322033898304
E00031875,152,51,11,40,101,85,16,33.55263157894737,7.236842105263158,26.31578947368421,66.44736842105263,55.92105263157895,10.526315789473683
E00031876,61,21,11,10,40,31,9,34.42622950819672,18.0327868852459,16.39344262295082,65.57377049180327,50.81967213114754,14.754098360655737
E00031877,162,36,13,23,126,114,12,22.22222222222222,8.024691358024691,14.19753086419753,77.77777777777779,70.37037037037037,7.4074074074074066
E00031878,111,24,11,13,87,81,6,21.62162162162162,9.90990990990991,11.711711711711711,78.37837837837837,72.97297297297297,5.405405405405405
E00031879,115,34,8,26,81,70,11,29.565217391304348,6.956521739130435,22.608695652173914,70.43478260869566,60.86956521739131,9.565217391304348
E00031880,124,37,9,28,87,80,7,29.838709677419356,7.258064516129033,22.58064516129032,70.16129032258065,64.51612903225806,5.64516129032258
E00031881,160,35,8,27,125,115,10,21.875,5,16.875,78.125,71.875,6.25
E00031882,168,49,12,37,119,106,13,29.166666666666668,7.142857142857142,22.023809523809522,70.83333333333334,63.095238095238095,7.738095238095238
E00031883,185,48,15,33,137,119,18,25.945945945945947,8.108108108108109,17.83783783783784,74.05405405405405,64.32432432432432,9.72972972972973
E00031884,92,32,5,27,60,54,6,34.78260869565217,5.434782608695652,29.347826086956523,65.21739130434783,58.69565217391305,6.521739130434782
E00031885,152,49,13,36,103,100,3,32.23684210526316,8.552631578947368,23.684210526315788,67.76315789473685,65.78947368421053,1.9736842105263157
E00031886,152,41,14,27,111,103,8,26.973684210526315,9.210526315789473,17.763157894736842,73.02631578947368,67.76315789473685,5.263157894736842
E00031887,159,44,17,27,115,103,12,27.67295597484277,10.69182389937107,16.9811320754717,72.32704402515722,64.77987421383648,7.547169811320755
E00031888,75,25,6,19,50,44,6,33.33333333333333,8,25.333333333333336,66.66666666666666,58.666666666666664,8
E00031889,92,35,9,26,57,53,4,38.04347826086957,9.782608695652174,28.26086956521739,61.95652173913043,57.608695652173914,4.3478260869565215
E00031890,128,47,13,34,81,72,9,36.71875,10.15625,26.5625,63.28125,56.25,7.03125
E00031891,126,37,14,23,89,77,12,29.365079365079367,11.11111111111111,18.253968253968253,70.63492063492063,61.111111111111114,9.523809523809524
E00031892,138,44,11,33,94,76,18,31.88405797101449,7.971014492753622,23.91304347826087,68.11594202898551,55.072463768115945,13.043478260869565
E00031893,112,37,6,31,75,67,8,33.035714285714285,5.357142857142857,27.67857142857143,66.96428571428571,59.82142857142857,7.142857142857142
E00031894,99,30,6,24,69,64,5,30.303030303030305,6.0606060606060606,24.242424242424242,69.6969696969697,64.64646464646465,5.05050505050505
E00031895,68,27,8,19,41,35,6,39.705882352941174,11.76470588235294,27.941176470588236,60.29411764705882,51.470588235294116,8.823529411764707
E00031896,94,22,7,15,72,65,7,23.404255319148938,7.446808510638298,15.957446808510639,76.59574468085107,69.14893617021278,7.446808510638298
E00031897,87,23,5,18,64,57,7,26.436781609195403,5.747126436781609,20.689655172413794,73.5632183908046,65.51724137931035,8.045977011494253
E00031898,164,40,12,28,124,110,14,24.390243902439025,7.317073170731707,17.073170731707318,75.60975609756098,67.07317073170732,8.536585365853659
E00031899,136,43,13,30,93,82,11,31.61764705882353,9.558823529411764,22.058823529411764,68.38235294117648,60.29411764705882,8.088235294117647
E00031900,187,50,14,36,137,124,13,26.737967914438503,7.4866310160427805,19.25133689839572,73.2620320855615,66.31016042780749,6.951871657754011
E00031901,187,48,20,28,139,118,21,25.668449197860966,10.695187165775401,14.973262032085561,74.33155080213903,63.101604278074866,11.229946524064172
E00031902,199,52,18,34,147,133,14,26.13065326633166,9.045226130653267,17.08542713567839,73.86934673366834,66.83417085427136,7.035175879396985
E00031903,156,35,9,26,121,101,20,22.435897435897438,5.769230769230769,16.666666666666664,77.56410256410257,64.74358974358975,12.82051282051282
E00031904,203,43,9,34,160,138,22,21.182266009852217,4.433497536945813,16.748768472906402,78.81773399014779,67.98029556650246,10.83743842364532
E00031905,130,33,11,22,97,87,10,25.384615384615383,8.461538461538462,16.923076923076923,74.61538461538461,66.92307692307692,7.6923076923076925
E00031906,218,63,17,46,155,136,19,28.899082568807337,7.79816513761468,21.100917431192663,71.10091743119266,62.38532110091744,8.715596330275229
E00031907,133,32,9,23,101,89,12,24.06015037593985,6.7669172932330826,17.293233082706767,75.93984962406014,66.9172932330827,9.022556390977442
E00031908,165,50,14,36,115,102,13,30.303030303030305,8.484848484848486,21.818181818181817,69.6969696969697,61.81818181818181,7.878787878787878
E00031909,175,67,28,39,108,97,11,38.285714285714285,16,22.285714285714285,61.71428571428571,55.42857142857143,6.2857142857142865
E00031910,97,40,9,31,57,51,6,41.23711340206185,9.278350515463918,31.958762886597935,58.76288659793815,52.57731958762887,6.185567010309279
E00031911,161,46,7,39,115,102,13,28.57142857142857,4.3478260869565215,24.22360248447205,71.42857142857143,63.35403726708074,8.074534161490684
E00031912,148,27,5,22,121,105,16,18.243243243243242,3.3783783783783785,14.864864864864865,81.75675675675676,70.94594594594594,10.81081081081081
E00031913,119,35,17,18,84,72,12,29.411764705882355,14.285714285714285,15.126050420168067,70.58823529411765,60.50420168067227,10.084033613445378
E00031914,101,36,14,22,65,52,13,35.64356435643564,13.861386138613863,21.782178217821784,64.35643564356435,51.48514851485149,12.871287128712872
E00031915,247,63,17,46,184,165,19,25.506072874493928,6.882591093117409,18.62348178137652,74.49392712550608,66.80161943319838,7.6923076923076925
E00031916,114,39,14,25,75,66,9,34.21052631578947,12.280701754385964,21.929824561403507,65.78947368421053,57.89473684210527,7.894736842105263
E00031917,112,31,8,23,81,70,11,27.67857142857143,7.142857142857142,20.535714285714285,72.32142857142857,62.5,9.821428571428571
E00031918,112,36,15,21,76,67,9,32.142857142857146,13.392857142857142,18.75,67.85714285714286,59.82142857142857,8.035714285714286
E00031919,90,28,8,20,62,57,5,31.11111111111111,8.88888888888889,22.22222222222222,68.88888888888889,63.33333333333333,5.555555555555555
E00031920,183,42,15,27,141,121,20,22.950819672131146,8.19672131147541,14.754098360655737,77.04918032786885,66.12021857923497,10.92896174863388
E00031921,167,41,14,27,126,111,15,24.550898203592812,8.383233532934131,16.16766467065868,75.44910179640718,66.46706586826348,8.982035928143713
E00031922,110,31,9,22,79,72,7,28.18181818181818,8.181818181818182,20,71.81818181818181,65.45454545454545,6.363636363636363
E00031923,120,35,11,24,85,72,13,29.166666666666668,9.166666666666666,20,70.83333333333334,60,10.833333333333334
E00031924,159,38,9,29,121,100,21,23.89937106918239,5.660377358490567,18.238993710691823,76.10062893081762,62.893081761006286,13.20754716981132
E00031925,204,52,17,35,152,130,22,25.49019607843137,8.333333333333332,17.15686274509804,74.50980392156863,63.725490196078425,10.784313725490197
E00031926,124,30,8,22,94,81,13,24.193548387096776,6.451612903225806,17.741935483870968,75.80645161290323,65.32258064516128,10.483870967741936
E00031927,121,29,6,23,92,65,27,23.96694214876033,4.958677685950414,19.00826446280992,76.03305785123968,53.71900826446281,22.31404958677686
E00031928,113,33,10,23,80,71,9,29.20353982300885,8.849557522123893,20.353982300884958,70.79646017699115,62.83185840707964,7.964601769911504
E00031930,136,42,17,25,94,79,15,30.88235294117647,12.5,18.38235294117647,69.11764705882352,58.08823529411765,11.029411764705882
E00031931,99,28,7,21,71,62,9,28.28282828282828,7.07070707070707,21.21212121212121,71.71717171717171,62.62626262626263,9.090909090909092
E00031932,132,50,12,38,82,77,5,37.878787878787875,9.090909090909092,28.78787878787879,62.121212121212125,58.333333333333336,3.787878787878788
E00031933,142,42,16,26,100,84,16,29.577464788732392,11.267605633802818,18.30985915492958,70.4225352112676,59.154929577464785,11.267605633802818
E00031934,123,29,6,23,94,74,20,23.577235772357724,4.878048780487805,18.69918699186992,76.42276422764228,60.16260162601627,16.260162601626014
E00031935,132,31,14,17,101,91,10,23.484848484848484,10.606060606060606,12.878787878787879,76.51515151515152,68.93939393939394,7.575757575757576
E00031936,158,34,9,25,124,112,12,21.518987341772153,5.69620253164557,15.822784810126583,78.48101265822784,70.88607594936708,7.59493670886076
E00031937,109,34,10,24,75,65,10,31.19266055045872,9.174311926605505,22.018348623853214,68.80733944954129,59.63302752293578,9.174311926605505
E00031938,146,42,13,29,104,91,13,28.767123287671232,8.904109589041095,19.863013698630137,71.23287671232876,62.328767123287676,8.904109589041095
E00031939,184,54,23,31,130,110,20,29.347826086956523,12.5,16.847826086956523,70.65217391304348,59.78260869565217,10.869565217391305
E00031940,214,51,12,39,163,140,23,23.83177570093458,5.607476635514018,18.22429906542056,76.16822429906543,65.42056074766354,10.74766355140187
E00031941,191,60,23,37,131,107,24,31.413612565445025,12.041884816753926,19.3717277486911,68.58638743455498,56.02094240837696,12.56544502617801
E00031942,126,42,15,27,84,69,15,33.33333333333333,11.904761904761903,21.428571428571427,66.66666666666666,54.761904761904766,11.904761904761903
E00031943,159,38,14,24,121,104,17,23.89937106918239,8.80503144654088,15.09433962264151,76.10062893081762,65.40880503144653,10.69182389937107
E00031944,142,37,15,22,105,93,12,26.056338028169012,10.56338028169014,15.492957746478872,73.94366197183099,65.49295774647888,8.450704225352112
E00031945,184,55,22,33,129,108,21,29.891304347826086,11.956521739130435,17.934782608695652,70.1086956521739,58.69565217391305,11.41304347826087
E00031946,90,32,10,22,58,52,6,35.55555555555556,11.11111111111111,24.444444444444443,64.44444444444444,57.77777777777777,6.666666666666667
E00031947,311,69,21,48,242,216,26,22.186495176848876,6.752411575562702,15.434083601286176,77.81350482315112,69.45337620578779,8.360128617363344
E00031948,196,51,20,31,145,127,18,26.02040816326531,10.204081632653061,15.816326530612246,73.9795918367347,64.79591836734694,9.183673469387756
E00031949,285,71,21,50,214,188,26,24.912280701754387,7.368421052631578,17.543859649122805,75.08771929824562,65.96491228070175,9.12280701754386
E00031950,235,65,20,45,170,154,16,27.659574468085108,8.51063829787234,19.148936170212767,72.3404255319149,65.53191489361701,6.808510638297872
E00031951,141,45,18,27,96,81,15,31.914893617021278,12.76595744680851,19.148936170212767,68.08510638297872,57.446808510638306,10.638297872340425
E00031952,105,26,8,18,79,67,12,24.761904761904763,7.6190476190476195,17.142857142857142,75.23809523809524,63.8095238095238,11.428571428571429
E00031953,141,39,14,25,102,83,19,27.659574468085108,9.929078014184398,17.73049645390071,72.3404255319149,58.86524822695035,13.47517730496454
E00031954,147,38,7,31,109,92,17,25.850340136054424,4.761904761904762,21.08843537414966,74.14965986394559,62.585034013605444,11.564625850340136
E00031955,161,48,14,34,113,105,8,29.81366459627329,8.695652173913043,21.11801242236025,70.1863354037267,65.21739130434783,4.968944099378882
E00031956,71,23,7,16,48,46,2,32.3943661971831,9.859154929577464,22.535211267605636,67.6056338028169,64.7887323943662,2.8169014084507045
E00031957,114,25,7,18,89,78,11,21.929824561403507,6.140350877192982,15.789473684210526,78.0701754385965,68.42105263157895,9.649122807017543
E00031958,133,39,16,23,94,85,9,29.32330827067669,12.030075187969924,17.293233082706767,70.67669172932331,63.90977443609023,6.7669172932330826
E00031959,131,48,16,32,83,69,14,36.6412213740458,12.213740458015266,24.427480916030532,63.358778625954194,52.67175572519084,10.687022900763358
E00031960,106,34,7,27,72,62,10,32.075471698113205,6.60377358490566,25.471698113207548,67.9245283018868,58.490566037735846,9.433962264150944
E00031961,110,36,14,22,74,68,6,32.72727272727273,12.727272727272727,20,67.27272727272727,61.81818181818181,5.454545454545454
E00031962,165,46,8,38,119,102,17,27.878787878787882,4.848484848484849,23.03030303030303,72.12121212121212,61.81818181818181,10.303030303030303
E00031963,119,38,3,35,81,72,9,31.932773109243694,2.5210084033613445,29.411764705882355,68.0672268907563,60.50420168067227,7.563025210084033
E00031964,187,63,18,45,124,117,7,33.68983957219251,9.62566844919786,24.06417112299465,66.31016042780749,62.56684491978609,3.7433155080213902
E00031965,179,47,13,34,132,123,9,26.256983240223462,7.262569832402235,18.994413407821227,73.74301675977654,68.71508379888269,5.027932960893855
E00031966,154,56,13,43,98,91,7,36.36363636363637,8.441558441558442,27.92207792207792,63.63636363636363,59.09090909090909,4.545454545454546
E00031967,114,29,9,20,85,77,8,25.438596491228072,7.894736842105263,17.543859649122805,74.56140350877193,67.54385964912281,7.017543859649122
E00031968,134,42,17,25,92,88,4,31.343283582089555,12.686567164179104,18.65671641791045,68.65671641791045,65.67164179104478,2.9850746268656714
E00031969,133,45,15,30,88,74,14,33.83458646616541,11.278195488721805,22.55639097744361,66.16541353383458,55.639097744360896,10.526315789473683
E00031970,137,51,14,37,86,78,8,37.22627737226277,10.218978102189782,27.00729927007299,62.77372262773723,56.934306569343065,5.839416058394161
E00031971,147,46,12,34,101,84,17,31.292517006802722,8.16326530612245,23.12925170068027,68.70748299319727,57.14285714285714,11.564625850340136
E00031972,89,27,8,19,62,54,8,30.337078651685395,8.98876404494382,21.34831460674157,69.66292134831461,60.67415730337079,8.98876404494382
E00031973,126,28,4,24,98,89,9,22.22222222222222,3.1746031746031744,19.047619047619047,77.77777777777779,70.63492063492063,7.142857142857142
E00031974,122,37,10,27,85,79,6,30.327868852459016,8.19672131147541,22.131147540983605,69.67213114754098,64.75409836065575,4.918032786885246
E00031975,152,43,15,28,109,94,15,28.289473684210524,9.868421052631579,18.421052631578945,71.71052631578947,61.8421052631579,9.868421052631579
E00031976,132,42,3,39,90,77,13,31.818181818181817,2.272727272727273,29.545454545454547,68.18181818181817,58.333333333333336,9.848484848484848
E00031977,71,16,5,11,55,52,3,22.535211267605636,7.042253521126761,15.492957746478872,77.46478873239437,73.23943661971832,4.225352112676056
E00031978,122,17,6,11,105,97,8,13.934426229508196,4.918032786885246,9.01639344262295,86.0655737704918,79.50819672131148,6.557377049180328
E00031979,190,40,11,29,150,129,21,21.052631578947366,5.7894736842105265,15.263157894736842,78.94736842105263,67.89473684210526,11.052631578947368
E00031980,98,26,7,19,72,64,8,26.53061224489796,7.142857142857142,19.387755102040817,73.46938775510205,65.3061224489796,8.16326530612245
E00031981,117,45,6,39,72,60,12,38.46153846153847,5.128205128205128,33.33333333333333,61.53846153846154,51.28205128205128,10.256410256410255
E00031982,158,38,14,24,120,109,11,24.050632911392405,8.860759493670885,15.18987341772152,75.9493670886076,68.9873417721519,6.962025316455696
E00031983,182,45,12,33,137,124,13,24.725274725274726,6.593406593406594,18.13186813186813,75.27472527472527,68.13186813186813,7.142857142857142
E00031984,39,9,0,9,30,27,3,23.076923076923077,0,23.076923076923077,76.92307692307693,69.23076923076923,7.6923076923076925
E00031985,133,39,17,22,94,85,9,29.32330827067669,12.781954887218044,16.541353383458645,70.67669172932331,63.90977443609023,6.7669172932330826
E00031986,127,26,3,23,101,88,13,20.47244094488189,2.3622047244094486,18.11023622047244,79.52755905511812,69.29133858267717,10.236220472440944
E00031987,144,45,15,30,99,89,10,31.25,10.416666666666668,20.833333333333336,68.75,61.80555555555556,6.944444444444445
E00031988,152,40,14,26,112,102,10,26.31578947368421,9.210526315789473,17.105263157894736,73.68421052631578,67.10526315789474,6.578947368421052
E00031989,146,36,15,21,110,94,16,24.65753424657534,10.273972602739725,14.383561643835616,75.34246575342466,64.38356164383562,10.95890410958904
E00031990,164,56,13,43,108,94,14,34.146341463414636,7.926829268292683,26.21951219512195,65.85365853658537,57.3170731707317,8.536585365853659
E00031991,175,46,17,29,129,120,9,26.285714285714285,9.714285714285714,16.57142857142857,73.71428571428571,68.57142857142857,5.142857142857142
E00031993,300,57,16,41,243,197,46,19,5.333333333333334,13.666666666666666,81,65.66666666666666,15.333333333333332
E00031994,121,40,14,26,81,74,7,33.057851239669425,11.570247933884298,21.487603305785125,66.94214876033058,61.15702479338842,5.785123966942149
E00031995,141,39,13,26,102,93,9,27.659574468085108,9.219858156028367,18.439716312056735,72.3404255319149,65.95744680851064,6.382978723404255
E00031996,254,72,22,50,182,151,31,28.346456692913385,8.661417322834646,19.68503937007874,71.65354330708661,59.4488188976378,12.204724409448819
E00031997,203,56,18,38,147,122,25,27.586206896551722,8.866995073891626,18.7192118226601,72.41379310344827,60.09852216748769,12.31527093596059
E00031998,216,53,13,40,163,138,25,24.537037037037038,6.018518518518518,18.51851851851852,75.46296296296296,63.888888888888886,11.574074074074074
E00031999,112,32,9,23,80,71,9,28.57142857142857,8.035714285714286,20.535714285714285,71.42857142857143,63.39285714285714,8.035714285714286
E00032000,165,50,16,34,115,102,13,30.303030303030305,9.696969696969697,20.606060606060606,69.6969696969697,61.81818181818181,7.878787878787878
E00032001,278,59,15,44,219,194,25,21.223021582733814,5.39568345323741,15.827338129496402,78.77697841726618,69.7841726618705,8.992805755395683
E00032002,102,31,11,20,71,62,9,30.392156862745097,10.784313725490197,19.607843137254903,69.6078431372549,60.78431372549019,8.823529411764707
E00032003,172,31,8,23,141,129,12,18.023255813953487,4.651162790697675,13.372093023255813,81.97674418604652,75,6.976744186046512
E00032004,256,51,8,43,205,166,39,19.921875,3.125,16.796875,80.078125,64.84375,15.234375
E00032005,128,33,14,19,95,90,5,25.78125,10.9375,14.84375,74.21875,70.3125,3.90625
E00032006,265,66,21,45,199,168,31,24.90566037735849,7.9245283018867925,16.9811320754717,75.09433962264151,63.39622641509434,11.69811320754717
E00032007,133,39,11,28,94,82,12,29.32330827067669,8.270676691729323,21.052631578947366,70.67669172932331,61.65413533834586,9.022556390977442
E00032008,133,32,8,24,101,78,23,24.06015037593985,6.015037593984962,18.045112781954884,75.93984962406014,58.64661654135338,17.293233082706767
E00032009,131,43,11,32,88,80,8,32.82442748091603,8.396946564885496,24.427480916030532,67.17557251908397,61.06870229007634,6.106870229007633
E00032010,113,27,7,20,86,80,6,23.893805309734514,6.1946902654867255,17.699115044247787,76.10619469026548,70.79646017699115,5.3097345132743365
E00032011,128,36,9,27,92,84,8,28.125,7.03125,21.09375,71.875,65.625,6.25
E00032012,110,34,7,27,76,67,9,30.909090909090907,6.363636363636363,24.545454545454547,69.0909090909091,60.909090909090914,8.181818181818182
E00032013,169,35,16,19,134,115,19,20.710059171597635,9.467455621301776,11.242603550295858,79.28994082840237,68.04733727810651,11.242603550295858
E00032014,199,51,18,33,148,126,22,25.628140703517587,9.045226130653267,16.582914572864322,74.37185929648241,63.31658291457286,11.055276381909549
E00032015,125,46,22,24,79,59,20,36.8,17.599999999999998,19.2,63.2,47.199999999999996,16
E00032016,85,27,10,17,58,48,10,31.76470588235294,11.76470588235294,20,68.23529411764706,56.470588235294116,11.76470588235294
E00032017,106,32,6,26,74,60,14,30.18867924528302,5.660377358490567,24.528301886792452,69.81132075471697,56.60377358490566,13.20754716981132
E00032018,127,37,17,20,90,79,11,29.133858267716533,13.385826771653544,15.748031496062993,70.86614173228347,62.20472440944882,8.661417322834646
E00032019,112,30,11,19,82,74,8,26.785714285714285,9.821428571428571,16.964285714285715,73.21428571428571,66.07142857142857,7.142857142857142
E00032020,132,37,17,20,95,84,11,28.030303030303028,12.878787878787879,15.151515151515152,71.96969696969697,63.63636363636363,8.333333333333332
E00032021,135,42,18,24,93,78,15,31.11111111111111,13.333333333333334,17.77777777777778,68.88888888888889,57.77777777777777,11.11111111111111
E00032022,123,38,17,21,85,68,17,30.89430894308943,13.821138211382115,17.073170731707318,69.10569105691057,55.28455284552846,13.821138211382115
E00032023,71,21,6,15,50,44,6,29.577464788732392,8.450704225352112,21.12676056338028,70.4225352112676,61.97183098591549,8.450704225352112
E00032024,87,26,7,19,61,52,9,29.88505747126437,8.045977011494253,21.839080459770116,70.11494252873564,59.77011494252874,10.344827586206897
E00032025,158,45,15,30,113,92,21,28.48101265822785,9.49367088607595,18.9873417721519,71.51898734177216,58.22784810126582,13.291139240506327
E00032026,94,25,9,16,69,57,12,26.595744680851062,9.574468085106384,17.02127659574468,73.40425531914893,60.63829787234043,12.76595744680851
E00032027,113,39,11,28,74,59,15,34.51327433628318,9.734513274336283,24.778761061946902,65.48672566371681,52.21238938053098,13.274336283185843
E00032029,120,34,11,23,86,79,7,28.333333333333332,9.166666666666666,19.166666666666668,71.66666666666667,65.83333333333333,5.833333333333333
E00032030,95,34,8,26,61,53,8,35.78947368421053,8.421052631578947,27.368421052631582,64.21052631578948,55.78947368421052,8.421052631578947
E00032031,166,56,20,36,110,90,20,33.734939759036145,12.048192771084338,21.686746987951807,66.26506024096386,54.21686746987952,12.048192771084338
E00032032,116,31,14,17,85,72,13,26.72413793103448,12.068965517241379,14.655172413793101,73.27586206896551,62.06896551724138,11.206896551724139
E00032033,115,26,11,15,89,82,7,22.608695652173914,9.565217391304348,13.043478260869565,77.39130434782608,71.30434782608695,6.086956521739131
E00032034,82,23,8,15,59,45,14,28.04878048780488,9.75609756097561,18.29268292682927,71.95121951219512,54.87804878048781,17.073170731707318
E00032035,101,27,9,18,74,55,19,26.732673267326735,8.91089108910891,17.82178217821782,73.26732673267327,54.45544554455446,18.81188118811881
E00032036,113,41,11,30,72,67,5,36.283185840707965,9.734513274336283,26.548672566371685,63.716814159292035,59.29203539823009,4.424778761061947
E00032037,134,35,13,22,99,80,19,26.119402985074625,9.701492537313433,16.417910447761194,73.88059701492537,59.70149253731343,14.17910447761194
E00032038,123,31,8,23,92,82,10,25.203252032520325,6.504065040650407,18.69918699186992,74.79674796747967,66.66666666666666,8.130081300813007
E00032039,116,39,6,33,77,67,10,33.62068965517241,5.172413793103448,28.448275862068968,66.37931034482759,57.758620689655174,8.620689655172415
E00032040,126,44,12,32,82,73,9,34.92063492063492,9.523809523809524,25.396825396825395,65.07936507936508,57.936507936507944,7.142857142857142
E00032042,98,38,8,30,60,55,5,38.775510204081634,8.16326530612245,30.612244897959183,61.224489795918366,56.12244897959183,5.1020408163265305
E00032043,139,38,8,30,101,93,8,27.33812949640288,5.755395683453238,21.58273381294964,72.66187050359713,66.90647482014388,5.755395683453238
E00032044,136,47,9,38,89,83,6,34.55882352941176,6.61764705882353,27.941176470588236,65.44117647058823,61.029411764705884,4.411764705882353
E00032045,140,41,9,32,99,92,7,29.28571428571429,6.428571428571428,22.857142857142858,70.71428571428572,65.71428571428571,5
E00032046,108,43,12,31,65,57,8,39.81481481481482,11.11111111111111,28.703703703703702,60.18518518518518,52.77777777777778,7.4074074074074066
E00032047,118,38,10,28,80,76,4,32.20338983050847,8.47457627118644,23.728813559322035,67.79661016949152,64.40677966101694,3.389830508474576
E00032048,153,54,11,43,99,87,12,35.294117647058826,7.18954248366013,28.104575163398692,64.70588235294117,56.86274509803921,7.8431372549019605
E00032049,103,29,11,18,74,65,9,28.155339805825243,10.679611650485436,17.475728155339805,71.84466019417476,63.10679611650486,8.737864077669903
E00032050,150,45,12,33,105,89,16,30,8,22,70,59.333333333333336,10.666666666666668
E00032051,154,51,10,41,103,92,11,33.116883116883116,6.493506493506493,26.623376623376622,66.88311688311688,59.74025974025974,7.142857142857142
E00032052,141,53,13,40,88,81,7,37.5886524822695,9.219858156028367,28.368794326241137,62.4113475177305,57.446808510638306,4.964539007092199
E00032053,159,42,15,27,117,101,16,26.41509433962264,9.433962264150944,16.9811320754717,73.58490566037736,63.52201257861635,10.062893081761008
E00032054,122,30,6,24,92,79,13,24.59016393442623,4.918032786885246,19.672131147540984,75.40983606557377,64.75409836065575,10.655737704918032
E00032057,139,29,7,22,110,98,12,20.863309352517987,5.0359712230215825,15.827338129496402,79.13669064748201,70.50359712230215,8.633093525179856
E00032058,154,35,6,29,119,103,16,22.727272727272727,3.896103896103896,18.83116883116883,77.27272727272727,66.88311688311688,10.38961038961039
E00032059,91,23,7,16,68,61,7,25.274725274725274,7.6923076923076925,17.582417582417584,74.72527472527473,67.03296703296702,7.6923076923076925
E00032060,104,27,7,20,77,67,10,25.961538461538463,6.730769230769231,19.230769230769234,74.03846153846155,64.42307692307693,9.615384615384617
E00032062,173,52,12,40,121,105,16,30.057803468208093,6.9364161849710975,23.121387283236995,69.94219653179191,60.69364161849711,9.248554913294797
E00032063,120,36,9,27,84,77,7,30,7.5,22.5,70,64.16666666666667,5.833333333333333
E00032064,135,39,7,32,96,85,11,28.888888888888886,5.185185185185185,23.703703703703706,71.11111111111111,62.96296296296296,8.148148148148149
E00032065,125,30,6,24,95,86,9,24,4.8,19.2,76,68.8,7.199999999999999
E00032066,121,30,6,24,91,81,10,24.793388429752067,4.958677685950414,19.834710743801654,75.20661157024794,66.94214876033058,8.264462809917356
E00032067,181,53,8,45,128,118,10,29.2817679558011,4.41988950276243,24.861878453038674,70.71823204419888,65.19337016574586,5.524861878453039
E00032068,107,30,9,21,77,73,4,28.037383177570092,8.411214953271028,19.626168224299064,71.96261682242991,68.22429906542055,3.7383177570093453
E00032069,153,38,9,29,115,99,16,24.836601307189543,5.88235294117647,18.954248366013072,75.16339869281046,64.70588235294117,10.457516339869281
E00032070,156,48,9,39,108,100,8,30.76923076923077,5.769230769230769,25,69.23076923076923,64.1025641025641,5.128205128205128
E00032071,89,36,11,25,53,45,8,40.44943820224719,12.359550561797752,28.08988764044944,59.55056179775281,50.56179775280899,8.98876404494382
E00032072,133,39,9,30,94,86,8,29.32330827067669,6.7669172932330826,22.55639097744361,70.67669172932331,64.66165413533834,6.015037593984962
E00032073,162,43,11,32,119,98,21,26.543209876543212,6.790123456790123,19.753086419753085,73.4567901234568,60.49382716049383,12.962962962962962
E00032074,155,44,9,35,111,102,9,28.387096774193548,5.806451612903226,22.58064516129032,71.61290322580646,65.80645161290323,5.806451612903226
E00032075,132,38,9,29,94,84,10,28.78787878787879,6.8181818181818175,21.96969696969697,71.21212121212122,63.63636363636363,7.575757575757576
E00032076,137,39,11,28,98,87,11,28.467153284671532,8.02919708029197,20.437956204379564,71.53284671532847,63.503649635036496,8.02919708029197
E00032077,141,40,13,27,101,89,12,28.368794326241137,9.219858156028367,19.148936170212767,71.63120567375887,63.12056737588653,8.51063829787234
E00032078,125,36,13,23,89,81,8,28.799999999999997,10.4,18.4,71.2,64.8,6.4
E00032079,156,36,8,28,120,111,9,23.076923076923077,5.128205128205128,17.94871794871795,76.92307692307693,71.15384615384616,5.769230769230769
E00032080,200,52,15,37,148,128,20,26,7.5,18.5,74,64,10
E00032081,161,46,20,26,115,102,13,28.57142857142857,12.422360248447205,16.149068322981368,71.42857142857143,63.35403726708074,8.074534161490684
E00032082,113,22,10,12,91,83,8,19.469026548672566,8.849557522123893,10.619469026548673,80.53097345132744,73.45132743362832,7.079646017699115
E00032083,210,41,10,31,169,153,16,19.523809523809526,4.761904761904762,14.761904761904763,80.47619047619048,72.85714285714285,7.6190476190476195
E00032084,184,50,17,33,134,119,15,27.173913043478258,9.239130434782608,17.934782608695652,72.82608695652173,64.67391304347827,8.152173913043478
E00032085,159,43,12,31,116,109,7,27.044025157232703,7.547169811320755,19.49685534591195,72.95597484276729,68.55345911949685,4.40251572327044
E00032086,162,50,18,32,112,96,16,30.864197530864196,11.11111111111111,19.753086419753085,69.1358024691358,59.25925925925925,9.876543209876543
E00032087,180,42,11,31,138,116,22,23.333333333333332,6.111111111111111,17.22222222222222,76.66666666666667,64.44444444444444,12.222222222222221
E00032088,130,38,5,33,92,80,12,29.230769230769234,3.8461538461538463,25.384615384615383,70.76923076923077,61.53846153846154,9.230769230769232
E00032089,248,71,11,60,177,152,25,28.62903225806452,4.435483870967742,24.193548387096776,71.37096774193549,61.29032258064516,10.080645161290322
E00032090,134,36,5,31,98,79,19,26.865671641791046,3.731343283582089,23.134328358208954,73.13432835820896,58.95522388059702,14.17910447761194
E00032091,169,44,16,28,125,106,19,26.035502958579883,9.467455621301776,16.56804733727811,73.96449704142012,62.721893491124256,11.242603550295858
E00032092,136,33,9,24,103,93,10,24.264705882352942,6.61764705882353,17.647058823529413,75.73529411764706,68.38235294117648,7.352941176470589
E00032094,206,43,15,28,163,145,18,20.87378640776699,7.281553398058252,13.592233009708737,79.12621359223301,70.3883495145631,8.737864077669903
E00032095,215,48,10,38,167,148,19,22.325581395348838,4.651162790697675,17.674418604651162,77.67441860465117,68.83720930232559,8.837209302325581
E00032096,127,37,12,25,90,78,12,29.133858267716533,9.448818897637794,19.68503937007874,70.86614173228347,61.417322834645674,9.448818897637794
E00032097,129,31,0,31,98,89,9,24.031007751937985,0,24.031007751937985,75.96899224806202,68.9922480620155,6.976744186046512
E00032098,139,37,11,26,102,89,13,26.618705035971225,7.913669064748201,18.705035971223023,73.38129496402878,64.02877697841727,9.352517985611511
E00032099,203,41,11,30,162,143,19,20.19704433497537,5.41871921182266,14.77832512315271,79.80295566502463,70.44334975369459,9.35960591133005
E00032100,140,44,12,32,96,92,4,31.428571428571427,8.571428571428571,22.857142857142858,68.57142857142857,65.71428571428571,2.857142857142857
E00032101,134,42,15,27,92,84,8,31.343283582089555,11.194029850746269,20.149253731343283,68.65671641791045,62.68656716417911,5.970149253731343
E00032102,120,29,8,21,91,81,10,24.166666666666668,6.666666666666667,17.5,75.83333333333333,67.5,8.333333333333332
E00032103,119,30,10,20,89,78,11,25.210084033613445,8.403361344537815,16.80672268907563,74.78991596638656,65.54621848739495,9.243697478991598
E00032104,139,48,6,42,91,86,5,34.53237410071942,4.316546762589928,30.215827338129497,65.46762589928058,61.87050359712231,3.5971223021582732
E00032105,102,37,14,23,65,58,7,36.27450980392157,13.725490196078432,22.54901960784314,63.725490196078425,56.86274509803921,6.862745098039216
E00032106,124,33,12,21,91,84,7,26.61290322580645,9.67741935483871,16.93548387096774,73.38709677419355,67.74193548387096,5.64516129032258
E00032107,124,41,11,30,83,76,7,33.064516129032256,8.870967741935484,24.193548387096776,66.93548387096774,61.29032258064516,5.64516129032258
E00032108,58,16,1,15,42,37,5,27.586206896551722,1.7241379310344827,25.862068965517242,72.41379310344827,63.793103448275865,8.620689655172415
E00032109,203,50,13,37,153,133,20,24.63054187192118,6.403940886699508,18.226600985221676,75.36945812807882,65.51724137931035,9.852216748768473
E00032110,141,37,16,21,104,93,11,26.24113475177305,11.347517730496454,14.893617021276595,73.75886524822694,65.95744680851064,7.801418439716312
E00032111,88,30,6,24,58,50,8,34.090909090909086,6.8181818181818175,27.27272727272727,65.9090909090909,56.81818181818182,9.090909090909092
E00032112,259,60,13,47,199,182,17,23.166023166023166,5.019305019305019,18.146718146718147,76.83397683397683,70.27027027027027,6.563706563706563
E00032113,191,45,13,32,146,129,17,23.56020942408377,6.806282722513089,16.75392670157068,76.43979057591623,67.5392670157068,8.900523560209423
E00032114,101,42,13,29,59,55,4,41.584158415841586,12.871287128712872,28.71287128712871,58.415841584158414,54.45544554455446,3.9603960396039604
E00032115,155,47,13,34,108,94,14,30.32258064516129,8.38709677419355,21.935483870967744,69.6774193548387,60.64516129032258,9.032258064516128
E00032116,130,33,13,20,97,86,11,25.384615384615383,10,15.384615384615385,74.61538461538461,66.15384615384615,8.461538461538462
E00032117,129,35,10,25,94,84,10,27.131782945736433,7.751937984496124,19.379844961240313,72.86821705426357,65.11627906976744,7.751937984496124
E00032118,147,44,15,29,103,88,15,29.931972789115648,10.204081632653061,19.727891156462583,70.06802721088435,59.863945578231295,10.204081632653061
E00032119,113,34,12,22,79,75,4,30.08849557522124,10.619469026548673,19.469026548672566,69.91150442477876,66.3716814159292,3.5398230088495577
E00032120,132,58,19,39,74,63,11,43.93939393939394,14.393939393939394,29.545454545454547,56.060606060606055,47.72727272727273,8.333333333333332
E00032121,152,53,13,40,99,89,10,34.868421052631575,8.552631578947368,26.31578947368421,65.13157894736842,58.55263157894737,6.578947368421052
E00032122,114,21,0,21,93,87,6,18.421052631578945,0,18.421052631578945,81.57894736842105,76.31578947368422,5.263157894736842
E00032123,126,32,10,22,94,83,11,25.396825396825395,7.936507936507936,17.46031746031746,74.60317460317461,65.87301587301587,8.73015873015873
E00032124,138,47,12,35,91,84,7,34.05797101449276,8.695652173913043,25.36231884057971,65.94202898550725,60.86956521739131,5.072463768115942
E00032125,113,38,8,30,75,66,9,33.6283185840708,7.079646017699115,26.548672566371685,66.3716814159292,58.4070796460177,7.964601769911504
E00032126,172,46,10,36,126,119,7,26.744186046511626,5.813953488372093,20.930232558139537,73.25581395348837,69.18604651162791,4.069767441860465
E00032127,92,31,10,21,61,57,4,33.69565217391305,10.869565217391305,22.82608695652174,66.30434782608695,61.95652173913043,4.3478260869565215
E00032128,145,54,25,29,91,75,16,37.24137931034483,17.24137931034483,20,62.758620689655174,51.724137931034484,11.03448275862069
E00032129,151,48,14,34,103,87,16,31.788079470198678,9.271523178807946,22.516556291390728,68.21192052980133,57.615894039735096,10.596026490066226
E00032130,186,50,10,40,136,115,21,26.881720430107524,5.376344086021505,21.50537634408602,73.11827956989248,61.82795698924731,11.29032258064516
E00032131,185,47,15,32,138,116,22,25.405405405405407,8.108108108108109,17.2972972972973,74.5945945945946,62.70270270270271,11.891891891891893
E00032132,162,50,20,30,112,88,24,30.864197530864196,12.345679012345679,18.51851851851852,69.1358024691358,54.32098765432099,14.814814814814813
E00032133,182,50,14,36,132,104,28,27.472527472527474,7.6923076923076925,19.78021978021978,72.52747252747253,57.14285714285714,15.384615384615385
E00032134,137,33,7,26,104,96,8,24.087591240875913,5.109489051094891,18.97810218978102,75.91240875912408,70.07299270072993,5.839416058394161
E00032135,189,62,24,38,127,110,17,32.804232804232804,12.698412698412698,20.105820105820104,67.1957671957672,58.201058201058196,8.994708994708994
E00032136,228,43,7,36,185,161,24,18.859649122807017,3.070175438596491,15.789473684210526,81.14035087719299,70.6140350877193,10.526315789473683
E00032137,125,36,11,25,89,83,6,28.799999999999997,8.799999999999999,20,71.2,66.4,4.8
E00032138,118,24,3,21,94,81,13,20.33898305084746,2.5423728813559325,17.796610169491526,79.66101694915254,68.64406779661016,11.016949152542372
E00032139,155,39,11,28,116,100,16,25.161290322580644,7.096774193548387,18.064516129032256,74.83870967741936,64.51612903225806,10.32258064516129
E00032141,141,32,11,21,109,91,18,22.69503546099291,7.801418439716312,14.893617021276595,77.30496453900709,64.53900709219859,12.76595744680851
E00032142,180,51,17,34,129,107,22,28.333333333333332,9.444444444444445,18.88888888888889,71.66666666666667,59.44444444444444,12.222222222222221
E00032143,60,22,7,15,38,34,4,36.666666666666664,11.666666666666666,25,63.33333333333333,56.666666666666664,6.666666666666667
E00032144,134,38,13,25,96,79,17,28.35820895522388,9.701492537313433,18.65671641791045,71.64179104477611,58.95522388059702,12.686567164179104
E00032145,154,47,14,33,107,90,17,30.519480519480517,9.090909090909092,21.428571428571427,69.48051948051948,58.44155844155844,11.03896103896104
E00032146,139,39,11,28,100,88,12,28.05755395683453,7.913669064748201,20.14388489208633,71.94244604316546,63.30935251798561,8.633093525179856
E00032148,129,38,7,31,91,77,14,29.457364341085274,5.426356589147287,24.031007751937985,70.54263565891473,59.68992248062015,10.852713178294573
E00032149,92,22,6,16,70,62,8,23.91304347826087,6.521739130434782,17.391304347826086,76.08695652173914,67.3913043478261,8.695652173913043
E00032150,92,29,7,22,63,51,12,31.521739130434785,7.608695652173914,23.91304347826087,68.47826086956522,55.434782608695656,13.043478260869565
E00032151,139,39,14,25,100,89,11,28.05755395683453,10.071942446043165,17.985611510791365,71.94244604316546,64.02877697841727,7.913669064748201
E00032152,95,27,4,23,68,57,11,28.421052631578945,4.2105263157894735,24.210526315789473,71.57894736842105,60,11.578947368421053
E00032153,114,43,11,32,71,58,13,37.719298245614034,9.649122807017543,28.07017543859649,62.28070175438597,50.877192982456144,11.403508771929824
E00032154,69,25,9,16,44,36,8,36.231884057971016,13.043478260869565,23.18840579710145,63.76811594202898,52.17391304347826,11.594202898550725
E00032155,119,23,0,23,96,91,5,19.327731092436977,0,19.327731092436977,80.67226890756302,76.47058823529412,4.201680672268908
E00032156,95,30,10,20,65,60,5,31.57894736842105,10.526315789473683,21.052631578947366,68.42105263157895,63.1578947368421,5.263157894736842
E00032157,111,47,13,34,64,56,8,42.34234234234234,11.711711711711711,30.630630630630627,57.65765765765766,50.45045045045045,7.207207207207207
E00032158,130,40,10,30,90,85,5,30.76923076923077,7.6923076923076925,23.076923076923077,69.23076923076923,65.38461538461539,3.8461538461538463
E00032159,105,34,9,25,71,60,11,32.38095238095238,8.571428571428571,23.809523809523807,67.61904761904762,57.14285714285714,10.476190476190476
E00032160,153,41,14,27,112,102,10,26.797385620915033,9.15032679738562,17.647058823529413,73.20261437908496,66.66666666666666,6.535947712418301
E00032161,162,40,12,28,122,107,15,24.691358024691358,7.4074074074074066,17.28395061728395,75.30864197530865,66.0493827160494,9.25925925925926
E00032162,140,38,11,27,102,95,7,27.142857142857142,7.857142857142857,19.28571428571429,72.85714285714285,67.85714285714286,5
E00032163,246,48,7,41,198,172,26,19.51219512195122,2.8455284552845526,16.666666666666664,80.48780487804879,69.91869918699187,10.569105691056912
E00032164,120,27,10,17,93,77,16,22.5,8.333333333333332,14.166666666666666,77.5,64.16666666666667,13.333333333333334
E00032165,100,29,14,15,71,62,9,28.999999999999996,14.000000000000002,15,71,62,9
E00032166,224,60,19,41,164,143,21,26.785714285714285,8.482142857142858,18.303571428571427,73.21428571428571,63.83928571428571,9.375
E00032167,250,60,18,42,190,160,30,24,7.199999999999999,16.8,76,64,12
E00032168,118,35,12,23,83,72,11,29.66101694915254,10.16949152542373,19.491525423728813,70.33898305084746,61.016949152542374,9.322033898305085
E00032169,267,67,16,51,200,175,25,25.0936329588015,5.992509363295881,19.101123595505616,74.90636704119851,65.54307116104869,9.363295880149813
E00032170,205,39,16,23,166,153,13,19.024390243902438,7.804878048780488,11.219512195121952,80.97560975609757,74.63414634146342,6.341463414634147
E00032171,146,42,7,35,104,89,15,28.767123287671232,4.794520547945205,23.972602739726025,71.23287671232876,60.95890410958904,10.273972602739725
E00032172,249,67,23,44,182,162,20,26.907630522088354,9.236947791164658,17.670682730923694,73.09236947791165,65.06024096385542,8.032128514056225
E00032173,52,15,5,10,37,32,5,28.846153846153843,9.615384615384617,19.230769230769234,71.15384615384616,61.53846153846154,9.615384615384617
E00032174,152,48,14,34,104,99,5,31.57894736842105,9.210526315789473,22.36842105263158,68.42105263157895,65.13157894736842,3.289473684210526
E00032175,178,44,21,23,134,112,22,24.719101123595504,11.797752808988763,12.921348314606742,75.28089887640449,62.92134831460674,12.359550561797752
E00032176,116,33,11,22,83,79,4,28.448275862068968,9.482758620689655,18.96551724137931,71.55172413793103,68.10344827586206,3.4482758620689653
E00032177,69,23,9,14,46,42,4,33.33333333333333,13.043478260869565,20.28985507246377,66.66666666666666,60.86956521739131,5.797101449275362
E00032178,98,21,4,17,77,66,11,21.428571428571427,4.081632653061225,17.346938775510203,78.57142857142857,67.3469387755102,11.224489795918368
E00032179,161,41,16,25,120,108,12,25.465838509316768,9.937888198757763,15.527950310559005,74.53416149068323,67.08074534161491,7.453416149068323
E00032180,189,63,17,46,126,115,11,33.33333333333333,8.994708994708994,24.33862433862434,66.66666666666666,60.84656084656085,5.82010582010582
E00032181,129,34,12,22,95,83,12,26.356589147286826,9.30232558139535,17.05426356589147,73.64341085271317,64.34108527131784,9.30232558139535
E00032182,280,65,14,51,215,190,25,23.214285714285715,5,18.21428571428571,76.78571428571429,67.85714285714286,8.928571428571429
E00032183,129,36,8,28,93,82,11,27.906976744186046,6.2015503875969,21.705426356589147,72.09302325581395,63.565891472868216,8.527131782945736
E00032184,114,35,13,22,79,74,5,30.701754385964914,11.403508771929824,19.298245614035086,69.2982456140351,64.91228070175438,4.385964912280701
E00032185,158,46,14,32,112,104,8,29.11392405063291,8.860759493670885,20.253164556962027,70.88607594936708,65.82278481012658,5.063291139240507
E00032186,177,39,15,24,138,121,17,22.033898305084744,8.47457627118644,13.559322033898304,77.96610169491525,68.36158192090396,9.6045197740113
E00032187,201,61,16,45,140,124,16,30.34825870646766,7.960199004975125,22.388059701492537,69.65174129353234,61.69154228855721,7.960199004975125
E00032188,135,35,6,29,100,91,9,25.925925925925924,4.444444444444445,21.48148148148148,74.07407407407408,67.4074074074074,6.666666666666667
E00032189,123,49,17,32,74,64,10,39.83739837398374,13.821138211382115,26.01626016260163,60.16260162601627,52.03252032520326,8.130081300813007
E00032190,129,37,9,28,92,79,13,28.68217054263566,6.976744186046512,21.705426356589147,71.31782945736434,61.240310077519375,10.077519379844961
E00032191,159,44,11,33,115,106,9,27.67295597484277,6.918238993710692,20.754716981132077,72.32704402515722,66.66666666666666,5.660377358490567
E00032192,141,30,17,13,111,102,9,21.27659574468085,12.056737588652481,9.219858156028367,78.72340425531915,72.3404255319149,6.382978723404255
E00032193,86,23,6,17,63,59,4,26.744186046511626,6.976744186046512,19.767441860465116,73.25581395348837,68.6046511627907,4.651162790697675
E00032194,138,32,10,22,106,92,14,23.18840579710145,7.246376811594203,15.942028985507244,76.81159420289855,66.66666666666666,10.144927536231885
E00032195,190,48,17,31,142,120,22,25.263157894736842,8.947368421052632,16.315789473684212,74.73684210526315,63.1578947368421,11.578947368421053
E00032196,144,25,8,17,119,111,8,17.36111111111111,5.555555555555555,11.805555555555555,82.63888888888889,77.08333333333334,5.555555555555555
E00032197,155,40,15,25,115,93,22,25.806451612903224,9.67741935483871,16.129032258064516,74.19354838709677,60,14.193548387096774
E00032198,166,58,16,42,108,97,11,34.93975903614458,9.63855421686747,25.301204819277107,65.06024096385542,58.43373493975904,6.626506024096386
E00032200,145,42,8,34,103,90,13,28.965517241379313,5.517241379310345,23.448275862068964,71.03448275862068,62.06896551724138,8.96551724137931
E00032201,95,34,12,22,61,57,4,35.78947368421053,12.631578947368421,23.157894736842106,64.21052631578948,60,4.2105263157894735
E00032202,275,68,17,51,207,186,21,24.727272727272727,6.181818181818182,18.545454545454547,75.27272727272727,67.63636363636364,7.636363636363637
E00032203,77,31,9,22,46,44,2,40.25974025974026,11.688311688311687,28.57142857142857,59.74025974025974,57.14285714285714,2.5974025974025974
E00032204,102,42,12,30,60,53,7,41.17647058823529,11.76470588235294,29.411764705882355,58.82352941176471,51.9607843137255,6.862745098039216
E00032205,148,43,12,31,105,98,7,29.054054054054053,8.108108108108109,20.945945945945947,70.94594594594594,66.21621621621621,4.72972972972973
E00032206,254,74,17,57,180,162,18,29.133858267716533,6.692913385826772,22.440944881889763,70.86614173228347,63.77952755905512,7.086614173228346
E00032207,102,32,6,26,70,70,0,31.372549019607842,5.88235294117647,25.49019607843137,68.62745098039215,68.62745098039215,0
E00032208,163,52,17,35,111,96,15,31.901840490797547,10.429447852760736,21.472392638036812,68.09815950920245,58.895705521472394,9.202453987730062
E00032209,163,40,12,28,123,110,13,24.539877300613497,7.361963190184049,17.177914110429448,75.4601226993865,67.48466257668711,7.975460122699387
E00032210,118,39,9,30,79,71,8,33.05084745762712,7.627118644067797,25.423728813559322,66.94915254237289,60.16949152542372,6.779661016949152
E00032211,147,37,16,21,110,98,12,25.170068027210885,10.884353741496598,14.285714285714285,74.82993197278913,66.66666666666666,8.16326530612245
E00032212,124,32,6,26,92,84,8,25.806451612903224,4.838709677419355,20.967741935483872,74.19354838709677,67.74193548387096,6.451612903225806
E00032213,107,29,4,25,78,67,11,27.102803738317753,3.7383177570093453,23.364485981308412,72.89719626168224,62.616822429906534,10.2803738317757
E00032214,115,36,6,30,79,70,9,31.30434782608696,5.217391304347826,26.08695652173913,68.69565217391305,60.86956521739131,7.82608695652174
E00032215,113,34,9,25,79,74,5,30.08849557522124,7.964601769911504,22.123893805309734,69.91150442477876,65.48672566371681,4.424778761061947
E00032216,113,38,11,27,75,69,6,33.6283185840708,9.734513274336283,23.893805309734514,66.3716814159292,61.06194690265486,5.3097345132743365
E00032217,90,30,6,24,60,48,12,33.33333333333333,6.666666666666667,26.666666666666668,66.66666666666666,53.333333333333336,13.333333333333334
E00032218,137,52,15,37,85,78,7,37.95620437956204,10.948905109489052,27.00729927007299,62.04379562043796,56.934306569343065,5.109489051094891
E00032219,134,48,14,34,86,80,6,35.82089552238806,10.44776119402985,25.37313432835821,64.17910447761194,59.70149253731343,4.477611940298507
E00032220,164,53,19,34,111,103,8,32.31707317073171,11.585365853658537,20.73170731707317,67.6829268292683,62.80487804878049,4.878048780487805
E00032221,161,39,6,33,122,110,12,24.22360248447205,3.7267080745341614,20.496894409937887,75.77639751552795,68.32298136645963,7.453416149068323
E00032222,95,31,7,24,64,55,9,32.631578947368425,7.368421052631578,25.263157894736842,67.36842105263158,57.89473684210527,9.473684210526317
E00032223,121,38,12,26,83,72,11,31.40495867768595,9.917355371900827,21.487603305785125,68.59504132231406,59.50413223140496,9.090909090909092
E00032224,88,29,6,23,59,52,7,32.95454545454545,6.8181818181818175,26.136363636363637,67.04545454545455,59.09090909090909,7.954545454545454
E00032225,108,42,14,28,66,62,4,38.88888888888889,12.962962962962962,25.925925925925924,61.111111111111114,57.407407407407405,3.7037037037037033
E00032226,53,11,4,7,42,39,3,20.754716981132077,7.547169811320755,13.20754716981132,79.24528301886792,73.58490566037736,5.660377358490567
E00032227,79,26,4,22,53,46,7,32.91139240506329,5.063291139240507,27.848101265822784,67.08860759493672,58.22784810126582,8.860759493670885
E00032228,156,51,12,39,105,96,9,32.69230769230769,7.6923076923076925,25,67.3076923076923,61.53846153846154,5.769230769230769
E00032229,111,42,10,32,69,61,8,37.83783783783784,9.00900900900901,28.82882882882883,62.16216216216216,54.95495495495496,7.207207207207207
E00032230,101,27,12,15,74,67,7,26.732673267326735,11.881188118811881,14.85148514851485,73.26732673267327,66.33663366336634,6.9306930693069315
E00032231,141,41,16,25,100,91,9,29.078014184397162,11.347517730496454,17.73049645390071,70.92198581560284,64.53900709219859,6.382978723404255
E00032232,110,38,8,30,72,67,5,34.54545454545455,7.2727272727272725,27.27272727272727,65.45454545454545,60.909090909090914,4.545454545454546
E00032233,274,71,20,51,203,177,26,25.91240875912409,7.2992700729927,18.613138686131386,74.08759124087592,64.59854014598541,9.48905109489051
E00032234,132,35,12,23,97,89,8,26.515151515151516,9.090909090909092,17.424242424242426,73.48484848484848,67.42424242424242,6.0606060606060606
E00032235,112,32,11,21,80,71,9,28.57142857142857,9.821428571428571,18.75,71.42857142857143,63.39285714285714,8.035714285714286
E00032236,150,44,10,34,106,91,15,29.333333333333332,6.666666666666667,22.666666666666664,70.66666666666667,60.66666666666667,10
E00032237,156,50,14,36,106,98,8,32.05128205128205,8.974358974358974,23.076923076923077,67.94871794871796,62.82051282051282,5.128205128205128
E00032238,132,37,11,26,95,86,9,28.030303030303028,8.333333333333332,19.696969696969695,71.96969696969697,65.15151515151516,6.8181818181818175
E00032239,64,15,6,9,49,46,3,23.4375,9.375,14.0625,76.5625,71.875,4.6875
E00032240,85,33,8,25,52,41,11,38.82352941176471,9.411764705882353,29.411764705882355,61.1764705882353,48.23529411764706,12.941176470588237
E00032241,91,37,10,27,54,51,3,40.65934065934066,10.989010989010989,29.67032967032967,59.34065934065934,56.043956043956044,3.296703296703297
E00032242,81,19,9,10,62,54,8,23.456790123456788,11.11111111111111,12.345679012345679,76.5432098765432,66.66666666666666,9.876543209876543
E00032243,105,26,14,12,79,73,6,24.761904761904763,13.333333333333334,11.428571428571429,75.23809523809524,69.52380952380952,5.714285714285714
E00032244,77,26,6,20,51,43,8,33.76623376623377,7.792207792207792,25.97402597402597,66.23376623376623,55.84415584415584,10.38961038961039
E00032245,97,29,8,21,68,61,7,29.896907216494846,8.24742268041237,21.649484536082475,70.10309278350515,62.88659793814433,7.216494845360824
E00032246,76,29,9,20,47,38,9,38.15789473684211,11.842105263157894,26.31578947368421,61.8421052631579,50,11.842105263157894
E00032247,159,45,7,38,114,101,13,28.30188679245283,4.40251572327044,23.89937106918239,71.69811320754717,63.52201257861635,8.176100628930817
E00032248,107,34,10,24,73,61,12,31.775700934579437,9.345794392523365,22.429906542056074,68.22429906542055,57.009345794392516,11.214953271028037
E00032249,110,24,5,19,86,70,16,21.818181818181817,4.545454545454546,17.272727272727273,78.18181818181819,63.63636363636363,14.545454545454545
E00032250,143,31,10,21,112,92,20,21.678321678321677,6.993006993006993,14.685314685314685,78.32167832167832,64.33566433566433,13.986013986013987
E00032251,130,43,17,26,87,81,6,33.07692307692307,13.076923076923078,20,66.92307692307692,62.30769230769231,4.615384615384616
E00032252,142,33,12,21,109,91,18,23.239436619718308,8.450704225352112,14.788732394366196,76.76056338028168,64.08450704225352,12.676056338028168
E00032253,164,45,7,38,119,103,16,27.439024390243905,4.2682926829268295,23.170731707317074,72.5609756097561,62.80487804878049,9.75609756097561
E00032254,119,29,8,21,90,77,13,24.369747899159663,6.722689075630252,17.647058823529413,75.63025210084034,64.70588235294117,10.92436974789916
E00032255,136,44,10,34,92,83,9,32.35294117647059,7.352941176470589,25,67.64705882352942,61.029411764705884,6.61764705882353
E00032256,144,33,9,24,111,101,10,22.916666666666664,6.25,16.666666666666664,77.08333333333334,70.13888888888889,6.944444444444445
E00032257,109,36,11,25,73,64,9,33.02752293577982,10.091743119266056,22.93577981651376,66.97247706422019,58.71559633027523,8.256880733944955
E00032258,176,60,18,42,116,97,19,34.090909090909086,10.227272727272728,23.863636363636363,65.9090909090909,55.11363636363637,10.795454545454545
E00032259,123,25,10,15,98,84,14,20.32520325203252,8.130081300813007,12.195121951219512,79.67479674796748,68.29268292682927,11.38211382113821
E00032261,81,23,5,18,58,50,8,28.39506172839506,6.172839506172839,22.22222222222222,71.60493827160494,61.72839506172839,9.876543209876543
E00032262,203,55,10,45,148,127,21,27.093596059113302,4.926108374384237,22.167487684729064,72.9064039408867,62.5615763546798,10.344827586206897
E00032263,158,37,10,27,121,106,15,23.417721518987342,6.329113924050633,17.088607594936708,76.58227848101265,67.08860759493672,9.49367088607595
E00032264,83,26,10,16,57,47,10,31.32530120481928,12.048192771084338,19.27710843373494,68.67469879518072,56.62650602409639,12.048192771084338
E00032265,172,56,22,34,116,100,16,32.55813953488372,12.790697674418606,19.767441860465116,67.44186046511628,58.139534883720934,9.30232558139535
E00032266,247,57,18,39,190,161,29,23.076923076923077,7.28744939271255,15.789473684210526,76.92307692307693,65.18218623481782,11.740890688259109
E00032267,82,23,6,17,59,53,6,28.04878048780488,7.317073170731707,20.73170731707317,71.95121951219512,64.63414634146342,7.317073170731707
E00032268,132,34,9,25,98,82,16,25.757575757575758,6.8181818181818175,18.939393939393938,74.24242424242425,62.121212121212125,12.121212121212121
E00032269,124,31,8,23,93,82,11,25,6.451612903225806,18.548387096774192,75,66.12903225806451,8.870967741935484
E00032270,149,41,15,26,108,90,18,27.516778523489933,10.06711409395973,17.449664429530202,72.48322147651007,60.40268456375839,12.080536912751679
E00032271,311,68,24,44,243,209,34,21.864951768488748,7.717041800643088,14.14790996784566,78.13504823151125,67.20257234726688,10.932475884244374
E00032272,131,32,11,21,99,86,13,24.427480916030532,8.396946564885496,16.030534351145036,75.57251908396947,65.64885496183206,9.923664122137405
E00032275,86,24,4,20,62,50,12,27.906976744186046,4.651162790697675,23.25581395348837,72.09302325581395,58.139534883720934,13.953488372093023
E00032276,187,38,11,27,149,124,25,20.32085561497326,5.88235294117647,14.43850267379679,79.67914438502673,66.31016042780749,13.368983957219251
E00032277,150,54,17,37,96,83,13,36,11.333333333333332,24.666666666666668,64,55.333333333333336,8.666666666666668
E00032278,96,19,4,15,77,69,8,19.791666666666664,4.166666666666666,15.625,80.20833333333334,71.875,8.333333333333332
E00032279,168,49,13,36,119,101,18,29.166666666666668,7.738095238095238,21.428571428571427,70.83333333333334,60.11904761904761,10.714285714285714
E00032280,133,30,11,19,103,94,9,22.55639097744361,8.270676691729323,14.285714285714285,77.44360902255639,70.67669172932331,6.7669172932330826
E00032281,105,25,5,20,80,69,11,23.809523809523807,4.761904761904762,19.047619047619047,76.19047619047619,65.71428571428571,10.476190476190476
E00032282,98,34,11,23,64,58,6,34.69387755102041,11.224489795918368,23.46938775510204,65.3061224489796,59.183673469387756,6.122448979591836
E00032283,91,16,9,7,75,66,9,17.582417582417584,9.89010989010989,7.6923076923076925,82.41758241758241,72.52747252747253,9.89010989010989
E00032284,139,37,6,31,102,91,11,26.618705035971225,4.316546762589928,22.302158273381295,73.38129496402878,65.46762589928058,7.913669064748201
E00032285,45,9,1,8,36,35,1,20,2.2222222222222223,17.77777777777778,80,77.77777777777779,2.2222222222222223
E00032286,149,34,9,25,115,99,16,22.818791946308725,6.0402684563758395,16.778523489932887,77.18120805369128,66.44295302013423,10.738255033557047
E00032287,183,47,16,31,136,115,21,25.683060109289617,8.743169398907105,16.939890710382514,74.31693989071039,62.841530054644814,11.475409836065573
E00032288,164,40,9,31,124,111,13,24.390243902439025,5.487804878048781,18.902439024390244,75.60975609756098,67.6829268292683,7.926829268292683
E00032289,157,47,15,32,110,101,9,29.936305732484076,9.554140127388536,20.382165605095544,70.06369426751591,64.3312101910828,5.7324840764331215
E00032290,152,36,8,28,116,99,17,23.684210526315788,5.263157894736842,18.421052631578945,76.31578947368422,65.13157894736842,11.18421052631579
E00032291,157,40,10,30,117,102,15,25.477707006369428,6.369426751592357,19.10828025477707,74.52229299363057,64.96815286624204,9.554140127388536
E00032292,163,40,10,30,123,108,15,24.539877300613497,6.134969325153374,18.404907975460123,75.4601226993865,66.25766871165644,9.202453987730062
E00032293,116,31,7,24,85,72,13,26.72413793103448,6.0344827586206895,20.689655172413794,73.27586206896551,62.06896551724138,11.206896551724139
E00032294,144,40,8,32,104,93,11,27.77777777777778,5.555555555555555,22.22222222222222,72.22222222222221,64.58333333333334,7.638888888888889
E00032295,157,43,17,26,114,103,11,27.388535031847134,10.828025477707007,16.560509554140125,72.61146496815286,65.60509554140127,7.006369426751593
E00032296,167,45,12,33,122,105,17,26.94610778443114,7.18562874251497,19.760479041916167,73.05389221556887,62.874251497005986,10.179640718562874
E00032297,115,32,12,20,83,77,6,27.82608695652174,10.434782608695652,17.391304347826086,72.17391304347827,66.95652173913044,5.217391304347826
E00032298,161,42,10,32,119,105,14,26.08695652173913,6.211180124223603,19.875776397515526,73.91304347826086,65.21739130434783,8.695652173913043
E00032299,131,39,8,31,92,83,9,29.770992366412212,6.106870229007633,23.66412213740458,70.22900763358778,63.358778625954194,6.870229007633588
E00032300,149,39,14,25,110,97,13,26.174496644295303,9.395973154362416,16.778523489932887,73.8255033557047,65.1006711409396,8.724832214765101
E00032301,130,26,11,15,104,95,9,20,8.461538461538462,11.538461538461538,80,73.07692307692307,6.923076923076923
E00032302,164,40,14,26,124,115,9,24.390243902439025,8.536585365853659,15.853658536585366,75.60975609756098,70.1219512195122,5.487804878048781
E00032303,154,42,16,26,112,108,4,27.27272727272727,10.38961038961039,16.883116883116884,72.72727272727273,70.12987012987013,2.5974025974025974
E00032304,160,34,12,22,126,105,21,21.25,7.5,13.750000000000002,78.75,65.625,13.125
E00032305,234,61,22,39,173,158,15,26.06837606837607,9.401709401709402,16.666666666666664,73.93162393162393,67.52136752136752,6.41025641025641
E00032306,158,35,13,22,123,110,13,22.151898734177212,8.227848101265822,13.924050632911392,77.84810126582279,69.62025316455697,8.227848101265822
E00032308,164,38,17,21,126,110,16,23.170731707317074,10.365853658536585,12.804878048780488,76.82926829268293,67.07317073170732,9.75609756097561
E00032309,151,31,10,21,120,108,12,20.52980132450331,6.622516556291391,13.90728476821192,79.47019867549669,71.52317880794702,7.9470198675496695
E00032310,170,44,14,30,126,108,18,25.882352941176475,8.235294117647058,17.647058823529413,74.11764705882354,63.52941176470588,10.588235294117647
E00032311,157,41,15,26,116,101,15,26.11464968152866,9.554140127388536,16.560509554140125,73.88535031847134,64.3312101910828,9.554140127388536
E00032312,145,35,10,25,110,86,24,24.137931034482758,6.896551724137931,17.24137931034483,75.86206896551724,59.310344827586206,16.551724137931036
E00032313,87,27,6,21,60,54,6,31.03448275862069,6.896551724137931,24.137931034482758,68.96551724137932,62.06896551724138,6.896551724137931
E00032315,215,48,13,35,167,137,30,22.325581395348838,6.046511627906977,16.27906976744186,77.67441860465117,63.72093023255814,13.953488372093023
E00032316,109,30,10,20,79,71,8,27.522935779816514,9.174311926605505,18.34862385321101,72.47706422018348,65.13761467889908,7.339449541284404
E00032317,116,31,10,21,85,73,12,26.72413793103448,8.620689655172415,18.103448275862068,73.27586206896551,62.93103448275862,10.344827586206897
E00032318,144,29,10,19,115,92,23,20.13888888888889,6.944444444444445,13.194444444444445,79.86111111111111,63.888888888888886,15.972222222222221
E00032319,146,35,12,23,111,92,19,23.972602739726025,8.21917808219178,15.753424657534246,76.02739726027397,63.013698630136986,13.013698630136986
E00032320,151,51,17,34,100,87,13,33.77483443708609,11.258278145695364,22.516556291390728,66.22516556291392,57.615894039735096,8.609271523178808
E00032321,99,26,8,18,73,70,3,26.262626262626267,8.080808080808081,18.181818181818183,73.73737373737373,70.70707070707071,3.0303030303030303
E00032322,142,36,10,26,106,95,11,25.352112676056336,7.042253521126761,18.30985915492958,74.64788732394366,66.90140845070422,7.746478873239436
E00032323,144,42,8,34,102,87,15,29.166666666666668,5.555555555555555,23.61111111111111,70.83333333333334,60.416666666666664,10.416666666666668
E00032324,197,47,17,30,150,129,21,23.85786802030457,8.629441624365482,15.228426395939088,76.14213197969542,65.48223350253807,10.65989847715736
E00032325,198,51,11,40,147,136,11,25.757575757575758,5.555555555555555,20.2020202020202,74.24242424242425,68.68686868686868,5.555555555555555
E00032326,108,26,7,19,82,71,11,24.074074074074073,6.481481481481481,17.59259259259259,75.92592592592592,65.74074074074075,10.185185185185185
E00032327,182,53,21,32,129,117,12,29.120879120879124,11.538461538461538,17.582417582417584,70.87912087912088,64.28571428571429,6.593406593406594
E00032328,154,40,15,25,114,100,14,25.97402597402597,9.740259740259742,16.233766233766232,74.02597402597402,64.93506493506493,9.090909090909092
E00032329,330,86,26,60,244,221,23,26.060606060606062,7.878787878787878,18.181818181818183,73.93939393939394,66.96969696969697,6.969696969696971
E00032330,303,85,21,64,218,192,26,28.052805280528055,6.9306930693069315,21.122112211221122,71.94719471947195,63.366336633663366,8.58085808580858
E00032331,156,36,9,27,120,114,6,23.076923076923077,5.769230769230769,17.307692307692307,76.92307692307693,73.07692307692307,3.8461538461538463
E00032332,98,29,11,18,69,59,10,29.591836734693878,11.224489795918368,18.367346938775512,70.40816326530613,60.204081632653065,10.204081632653061
E00032333,266,80,29,51,186,168,18,30.075187969924812,10.902255639097744,19.172932330827066,69.92481203007519,63.1578947368421,6.7669172932330826
E00032334,121,29,4,25,92,82,10,23.96694214876033,3.3057851239669422,20.66115702479339,76.03305785123968,67.76859504132231,8.264462809917356
E00032335,138,38,12,26,100,88,12,27.536231884057973,8.695652173913043,18.84057971014493,72.46376811594203,63.76811594202898,8.695652173913043
E00032336,132,31,8,23,101,90,11,23.484848484848484,6.0606060606060606,17.424242424242426,76.51515151515152,68.18181818181817,8.333333333333332
E00032337,194,47,16,31,147,125,22,24.22680412371134,8.24742268041237,15.979381443298967,75.77319587628865,64.43298969072166,11.34020618556701
E00032338,264,60,15,45,204,179,25,22.727272727272727,5.681818181818182,17.045454545454543,77.27272727272727,67.8030303030303,9.469696969696969
E00032339,398,70,19,51,328,291,37,17.587939698492463,4.773869346733668,12.814070351758794,82.41206030150754,73.11557788944724,9.296482412060302
E00032340,141,24,8,16,117,112,5,17.02127659574468,5.673758865248227,11.347517730496454,82.97872340425532,79.43262411347519,3.546099290780142
E00032341,209,48,10,38,161,134,27,22.966507177033492,4.784688995215311,18.181818181818183,77.03349282296651,64.11483253588517,12.918660287081341
E00032342,157,43,11,32,114,95,19,27.388535031847134,7.006369426751593,20.382165605095544,72.61146496815286,60.509554140127385,12.101910828025478
E00032343,134,36,9,27,98,85,13,26.865671641791046,6.7164179104477615,20.149253731343283,73.13432835820896,63.43283582089553,9.701492537313433
E00032344,116,30,7,23,86,76,10,25.862068965517242,6.0344827586206895,19.82758620689655,74.13793103448276,65.51724137931035,8.620689655172415
E00032345,35,8,0,8,27,23,4,22.857142857142858,0,22.857142857142858,77.14285714285715,65.71428571428571,11.428571428571429
E00032346,123,28,8,20,95,85,10,22.76422764227642,6.504065040650407,16.260162601626014,77.23577235772358,69.10569105691057,8.130081300813007
E00032347,122,29,14,15,93,85,8,23.770491803278688,11.475409836065573,12.295081967213115,76.22950819672131,69.67213114754098,6.557377049180328
E00032348,155,30,7,23,125,113,12,19.35483870967742,4.516129032258064,14.838709677419354,80.64516129032258,72.90322580645162,7.741935483870968
E00032349,179,43,12,31,136,118,18,24.022346368715084,6.70391061452514,17.318435754189945,75.97765363128491,65.92178770949721,10.05586592178771
E00032350,114,33,8,25,81,72,9,28.947368421052634,7.017543859649122,21.929824561403507,71.05263157894737,63.1578947368421,7.894736842105263
E00032351,66,21,6,15,45,40,5,31.818181818181817,9.090909090909092,22.727272727272727,68.18181818181817,60.60606060606061,7.575757575757576
E00032352,123,35,10,25,88,82,6,28.455284552845526,8.130081300813007,20.32520325203252,71.54471544715447,66.66666666666666,4.878048780487805
E00032353,186,45,16,29,141,128,13,24.193548387096776,8.60215053763441,15.591397849462366,75.80645161290323,68.81720430107528,6.989247311827956
E00032354,126,36,11,25,90,84,6,28.57142857142857,8.73015873015873,19.841269841269842,71.42857142857143,66.66666666666666,4.761904761904762
E00032355,160,59,21,38,101,82,19,36.875,13.125,23.75,63.125,51.24999999999999,11.875
E00032356,72,16,3,13,56,47,9,22.22222222222222,4.166666666666666,18.055555555555554,77.77777777777779,65.27777777777779,12.5
E00032357,113,24,10,14,89,82,7,21.238938053097346,8.849557522123893,12.389380530973451,78.76106194690266,72.56637168141593,6.1946902654867255
E00032358,142,38,15,23,104,93,11,26.76056338028169,10.56338028169014,16.19718309859155,73.23943661971832,65.49295774647888,7.746478873239436
E00032359,129,43,10,33,86,80,6,33.33333333333333,7.751937984496124,25.581395348837212,66.66666666666666,62.01550387596899,4.651162790697675
E00032360,109,31,8,23,78,69,9,28.440366972477065,7.339449541284404,21.100917431192663,71.55963302752293,63.30275229357798,8.256880733944955
E00032361,238,56,15,41,182,162,20,23.52941176470588,6.302521008403361,17.22689075630252,76.47058823529412,68.0672268907563,8.403361344537815
E00032362,110,35,11,24,75,59,16,31.818181818181817,10,21.818181818181817,68.18181818181817,53.63636363636364,14.545454545454545
E00032363,115,30,6,24,85,73,12,26.08695652173913,5.217391304347826,20.869565217391305,73.91304347826086,63.47826086956522,10.434782608695652
E00032364,101,33,7,26,68,61,7,32.67326732673268,6.9306930693069315,25.742574257425744,67.32673267326733,60.396039603960396,6.9306930693069315
E00032365,108,33,9,24,75,68,7,30.555555555555557,8.333333333333332,22.22222222222222,69.44444444444444,62.96296296296296,6.481481481481481
E00032366,102,28,11,17,74,68,6,27.450980392156865,10.784313725490197,16.666666666666664,72.54901960784314,66.66666666666666,5.88235294117647
E00032367,117,34,7,27,83,73,10,29.059829059829063,5.982905982905983,23.076923076923077,70.94017094017094,62.39316239316239,8.547008547008547
E00032368,143,41,12,29,102,85,17,28.671328671328673,8.391608391608392,20.27972027972028,71.32867132867133,59.44055944055944,11.888111888111888
E00032369,138,57,14,43,81,74,7,41.30434782608695,10.144927536231885,31.15942028985507,58.69565217391305,53.62318840579711,5.072463768115942
E00032371,130,32,8,24,98,85,13,24.615384615384617,6.153846153846154,18.461538461538463,75.38461538461539,65.38461538461539,10
E00032372,130,31,3,28,99,86,13,23.846153846153847,2.307692307692308,21.53846153846154,76.15384615384615,66.15384615384615,10
E00032373,108,32,7,25,76,67,9,29.629629629629626,6.481481481481481,23.14814814814815,70.37037037037037,62.03703703703704,8.333333333333332
E00032374,68,32,4,28,36,31,5,47.05882352941176,5.88235294117647,41.17647058823529,52.94117647058824,45.588235294117645,7.352941176470589
E00032375,154,44,17,27,110,99,11,28.57142857142857,11.03896103896104,17.532467532467532,71.42857142857143,64.28571428571429,7.142857142857142
E00032376,109,27,7,20,82,75,7,24.770642201834864,6.422018348623854,18.34862385321101,75.22935779816514,68.80733944954129,6.422018348623854
E00032377,177,59,13,46,118,108,10,33.33333333333333,7.344632768361582,25.98870056497175,66.66666666666666,61.016949152542374,5.649717514124294
E00032378,184,53,13,40,131,122,9,28.804347826086957,7.065217391304348,21.73913043478261,71.19565217391305,66.30434782608695,4.891304347826087
E00032379,110,31,6,25,79,70,9,28.18181818181818,5.454545454545454,22.727272727272727,71.81818181818181,63.63636363636363,8.181818181818182
E00032380,113,32,8,24,81,74,7,28.31858407079646,7.079646017699115,21.238938053097346,71.68141592920354,65.48672566371681,6.1946902654867255
E00032381,124,38,12,26,86,79,7,30.64516129032258,9.67741935483871,20.967741935483872,69.35483870967742,63.70967741935484,5.64516129032258
E00032382,81,26,11,15,55,48,7,32.098765432098766,13.580246913580247,18.51851851851852,67.90123456790124,59.25925925925925,8.641975308641975
E00032383,147,46,12,34,101,92,9,31.292517006802722,8.16326530612245,23.12925170068027,68.70748299319727,62.585034013605444,6.122448979591836
E00032384,174,49,9,40,125,116,9,28.160919540229884,5.172413793103448,22.988505747126435,71.83908045977012,66.66666666666666,5.172413793103448
E00032385,113,29,7,22,84,77,7,25.663716814159294,6.1946902654867255,19.469026548672566,74.33628318584071,68.14159292035397,6.1946902654867255
E00032386,140,37,9,28,103,94,9,26.42857142857143,6.428571428571428,20,73.57142857142858,67.14285714285714,6.428571428571428
E00032387,94,34,11,23,60,56,4,36.17021276595745,11.702127659574469,24.46808510638298,63.829787234042556,59.57446808510638,4.25531914893617
E00032388,95,35,14,21,60,56,4,36.84210526315789,14.736842105263156,22.105263157894736,63.1578947368421,58.94736842105262,4.2105263157894735
E00032389,194,47,8,39,147,136,11,24.22680412371134,4.123711340206185,20.103092783505154,75.77319587628865,70.10309278350515,5.670103092783505
E00032390,203,52,14,38,151,137,14,25.615763546798032,6.896551724137931,18.7192118226601,74.38423645320196,67.48768472906403,6.896551724137931
E00032391,85,36,13,23,49,42,7,42.35294117647059,15.294117647058824,27.058823529411764,57.647058823529406,49.411764705882355,8.235294117647058
E00032392,70,20,1,19,50,45,5,28.57142857142857,1.4285714285714286,27.142857142857142,71.42857142857143,64.28571428571429,7.142857142857142
E00032393,128,42,14,28,86,83,3,32.8125,10.9375,21.875,67.1875,64.84375,2.34375
E00032394,38,8,2,6,30,29,1,21.052631578947366,5.263157894736842,15.789473684210526,78.94736842105263,76.31578947368422,2.631578947368421
E00032395,106,32,8,24,74,69,5,30.18867924528302,7.547169811320755,22.641509433962266,69.81132075471697,65.09433962264151,4.716981132075472
E00032396,59,17,4,13,42,34,8,28.8135593220339,6.779661016949152,22.033898305084744,71.1864406779661,57.6271186440678,13.559322033898304
E00032397,142,38,7,31,104,95,9,26.76056338028169,4.929577464788732,21.830985915492956,73.23943661971832,66.90140845070422,6.338028169014084
E00032398,210,41,12,29,169,138,31,19.523809523809526,5.714285714285714,13.80952380952381,80.47619047619048,65.71428571428571,14.761904761904763
E00032399,100,39,12,27,61,54,7,39,12,27,61,54,7.000000000000001
E00032400,196,36,6,30,160,147,13,18.367346938775512,3.061224489795918,15.306122448979592,81.63265306122449,75,6.63265306122449
E00032401,265,69,13,56,196,170,26,26.037735849056602,4.905660377358491,21.132075471698116,73.9622641509434,64.15094339622641,9.811320754716983
E00032402,183,46,9,37,137,119,18,25.136612021857925,4.918032786885246,20.21857923497268,74.86338797814209,65.02732240437157,9.836065573770492
E00032403,76,23,6,17,53,47,6,30.263157894736842,7.894736842105263,22.36842105263158,69.73684210526315,61.8421052631579,7.894736842105263
E00032404,70,17,5,12,53,44,9,24.285714285714285,7.142857142857142,17.142857142857142,75.71428571428571,62.857142857142854,12.857142857142856
E00032405,139,45,11,34,94,81,13,32.37410071942446,7.913669064748201,24.46043165467626,67.62589928057554,58.27338129496403,9.352517985611511
E00032406,139,44,11,33,95,84,11,31.654676258992804,7.913669064748201,23.741007194244602,68.34532374100719,60.431654676258994,7.913669064748201
E00032407,147,42,18,24,105,90,15,28.57142857142857,12.244897959183673,16.3265306122449,71.42857142857143,61.224489795918366,10.204081632653061
E00032408,119,41,6,35,78,68,10,34.45378151260504,5.042016806722689,29.411764705882355,65.54621848739495,57.14285714285714,8.403361344537815
E00032409,115,39,14,25,76,70,6,33.91304347826087,12.173913043478262,21.73913043478261,66.08695652173913,60.86956521739131,5.217391304347826
E00032410,181,48,16,32,133,120,13,26.519337016574585,8.83977900552486,17.67955801104972,73.48066298342542,66.29834254143645,7.18232044198895
E00032411,161,41,8,33,120,108,12,25.465838509316768,4.968944099378882,20.496894409937887,74.53416149068323,67.08074534161491,7.453416149068323
E00032412,146,37,7,30,109,94,15,25.34246575342466,4.794520547945205,20.54794520547945,74.65753424657534,64.38356164383562,10.273972602739725
E00032413,267,72,22,50,195,171,24,26.96629213483146,8.239700374531834,18.726591760299627,73.03370786516854,64.04494382022472,8.98876404494382
E00032414,121,36,9,27,85,78,7,29.75206611570248,7.43801652892562,22.31404958677686,70.24793388429752,64.46280991735537,5.785123966942149
E00032415,163,38,8,30,125,108,17,23.31288343558282,4.9079754601226995,18.404907975460123,76.68711656441718,66.25766871165644,10.429447852760736
E00032416,121,37,5,32,84,79,5,30.57851239669421,4.132231404958678,26.446280991735538,69.42148760330579,65.28925619834712,4.132231404958678
E00032417,105,23,2,21,82,75,7,21.904761904761905,1.9047619047619049,20,78.0952380952381,71.42857142857143,6.666666666666667
E00032418,205,67,18,49,138,122,16,32.6829268292683,8.780487804878048,23.902439024390244,67.31707317073172,59.512195121951216,7.804878048780488
E00032419,149,44,14,30,105,92,13,29.53020134228188,9.395973154362416,20.13422818791946,70.46979865771812,61.74496644295302,8.724832214765101
E00032420,114,27,8,19,87,77,10,23.684210526315788,7.017543859649122,16.666666666666664,76.31578947368422,67.54385964912281,8.771929824561402
E00032421,167,51,15,36,116,106,10,30.538922155688624,8.982035928143713,21.55688622754491,69.46107784431138,63.47305389221557,5.9880239520958085
E00032422,136,32,12,20,104,86,18,23.52941176470588,8.823529411764707,14.705882352941178,76.47058823529412,63.23529411764706,13.23529411764706
E00032423,132,39,19,20,93,82,11,29.545454545454547,14.393939393939394,15.151515151515152,70.45454545454545,62.121212121212125,8.333333333333332
E00032424,215,59,23,36,156,133,23,27.44186046511628,10.69767441860465,16.74418604651163,72.55813953488372,61.86046511627907,10.69767441860465
E00032426,126,38,18,20,88,73,15,30.158730158730158,14.285714285714285,15.873015873015872,69.84126984126983,57.936507936507944,11.904761904761903
E00032427,193,57,19,38,136,123,13,29.533678756476682,9.844559585492227,19.689119170984455,70.46632124352331,63.730569948186535,6.7357512953367875
E00032428,159,54,19,35,105,95,10,33.9622641509434,11.949685534591195,22.0125786163522,66.0377358490566,59.74842767295597,6.289308176100629
E00032429,255,49,26,23,206,174,32,19.215686274509807,10.196078431372548,9.019607843137255,80.7843137254902,68.23529411764706,12.549019607843137
E00032430,63,17,7,10,46,36,10,26.984126984126984,11.11111111111111,15.873015873015872,73.01587301587301,57.14285714285714,15.873015873015872
E00032431,114,30,6,24,84,78,6,26.31578947368421,5.263157894736842,21.052631578947366,73.68421052631578,68.42105263157895,5.263157894736842
E00032432,102,36,12,24,66,60,6,35.294117647058826,11.76470588235294,23.52941176470588,64.70588235294117,58.82352941176471,5.88235294117647
E00032433,74,27,9,18,47,42,5,36.486486486486484,12.162162162162163,24.324324324324326,63.51351351351351,56.75675675675676,6.756756756756757
E00032434,127,25,3,22,102,89,13,19.68503937007874,2.3622047244094486,17.322834645669293,80.31496062992126,70.07874015748031,10.236220472440944
E00032435,104,36,10,26,68,63,5,34.61538461538461,9.615384615384617,25,65.38461538461539,60.57692307692307,4.807692307692308
E00032436,140,37,15,22,103,91,12,26.42857142857143,10.714285714285714,15.714285714285714,73.57142857142858,65,8.571428571428571
E00032437,144,42,12,30,102,94,8,29.166666666666668,8.333333333333332,20.833333333333336,70.83333333333334,65.27777777777779,5.555555555555555
E00032438,43,14,3,11,29,26,3,32.55813953488372,6.976744186046512,25.581395348837212,67.44186046511628,60.46511627906976,6.976744186046512
E00032439,170,43,10,33,127,112,15,25.294117647058822,5.88235294117647,19.411764705882355,74.70588235294117,65.88235294117646,8.823529411764707
E00032440,143,36,10,26,107,98,9,25.174825174825177,6.993006993006993,18.181818181818183,74.82517482517483,68.53146853146853,6.293706293706294
E00032441,171,45,15,30,126,107,19,26.31578947368421,8.771929824561402,17.543859649122805,73.68421052631578,62.57309941520468,11.11111111111111
E00032442,171,43,12,31,128,116,12,25.146198830409354,7.017543859649122,18.128654970760234,74.85380116959064,67.83625730994152,7.017543859649122
E00032443,155,42,10,32,113,105,8,27.09677419354839,6.451612903225806,20.64516129032258,72.90322580645162,67.74193548387096,5.161290322580645
E00032444,181,46,11,35,135,125,10,25.41436464088398,6.077348066298343,19.337016574585636,74.58563535911603,69.06077348066299,5.524861878453039
E00032446,174,52,12,40,122,103,19,29.88505747126437,6.896551724137931,22.988505747126435,70.11494252873564,59.195402298850574,10.919540229885058
E00032447,98,26,8,18,72,64,8,26.53061224489796,8.16326530612245,18.367346938775512,73.46938775510205,65.3061224489796,8.16326530612245
E00032448,172,50,17,33,122,108,14,29.069767441860467,9.883720930232558,19.186046511627907,70.93023255813954,62.7906976744186,8.13953488372093
E00032449,146,39,10,29,107,101,6,26.71232876712329,6.8493150684931505,19.863013698630137,73.28767123287672,69.17808219178082,4.10958904109589
E00032450,174,52,17,35,122,102,20,29.88505747126437,9.770114942528735,20.114942528735632,70.11494252873564,58.620689655172406,11.494252873563218
E00032451,176,42,16,26,134,122,12,23.863636363636363,9.090909090909092,14.772727272727273,76.13636363636364,69.31818181818183,6.8181818181818175
E00032452,191,58,22,36,133,113,20,30.36649214659686,11.518324607329843,18.848167539267017,69.63350785340315,59.16230366492147,10.471204188481675
E00032453,125,37,10,27,88,75,13,29.599999999999998,8,21.6,70.39999999999999,60,10.4
E00032454,120,36,17,19,84,80,4,30,14.166666666666666,15.833333333333332,70,66.66666666666666,3.3333333333333335
E00032455,115,25,6,19,90,79,11,21.73913043478261,5.217391304347826,16.52173913043478,78.26086956521739,68.69565217391305,9.565217391304348
E00032456,208,57,18,39,151,134,17,27.403846153846157,8.653846153846153,18.75,72.59615384615384,64.42307692307693,8.173076923076923
E00032457,151,40,6,34,111,99,12,26.490066225165563,3.9735099337748347,22.516556291390728,73.50993377483444,65.56291390728477,7.9470198675496695
E00032458,142,43,11,32,99,78,21,30.28169014084507,7.746478873239436,22.535211267605636,69.71830985915493,54.929577464788736,14.788732394366196
E00032459,128,30,9,21,98,85,13,23.4375,7.03125,16.40625,76.5625,66.40625,10.15625
E00032460,188,58,21,37,130,109,21,30.851063829787233,11.170212765957446,19.680851063829788,69.14893617021278,57.97872340425532,11.170212765957446
E00032461,215,60,24,36,155,141,14,27.906976744186046,11.162790697674419,16.74418604651163,72.09302325581395,65.58139534883722,6.511627906976744
E00032462,113,31,7,24,82,71,11,27.43362831858407,6.1946902654867255,21.238938053097346,72.56637168141593,62.83185840707964,9.734513274336283
E00032463,113,30,8,22,83,74,9,26.548672566371685,7.079646017699115,19.469026548672566,73.45132743362832,65.48672566371681,7.964601769911504
E00032464,100,31,7,24,69,55,14,31,7.000000000000001,24,69,55.00000000000001,14.000000000000002
E00032465,186,32,7,25,154,129,25,17.20430107526882,3.763440860215054,13.440860215053762,82.79569892473118,69.35483870967742,13.440860215053762
E00032466,255,70,16,54,185,166,19,27.450980392156865,6.2745098039215685,21.176470588235293,72.54901960784314,65.09803921568627,7.450980392156863
E00032467,119,33,7,26,86,77,9,27.73109243697479,5.88235294117647,21.84873949579832,72.26890756302521,64.70588235294117,7.563025210084033
E00032468,103,28,9,19,75,67,8,27.184466019417474,8.737864077669903,18.446601941747574,72.81553398058253,65.0485436893204,7.766990291262135
E00032469,130,37,16,21,93,87,6,28.46153846153846,12.307692307692308,16.153846153846153,71.53846153846153,66.92307692307692,4.615384615384616
E00032470,99,26,9,17,73,61,12,26.262626262626267,9.090909090909092,17.17171717171717,73.73737373737373,61.61616161616161,12.121212121212121
E00032471,96,38,11,27,58,52,6,39.58333333333333,11.458333333333332,28.125,60.416666666666664,54.166666666666664,6.25
E00032472,131,39,12,27,92,83,9,29.770992366412212,9.16030534351145,20.610687022900763,70.22900763358778,63.358778625954194,6.870229007633588
E00032473,101,33,11,22,68,59,9,32.67326732673268,10.891089108910892,21.782178217821784,67.32673267326733,58.415841584158414,8.91089108910891
E00032474,148,43,13,30,105,89,16,29.054054054054053,8.783783783783784,20.27027027027027,70.94594594594594,60.13513513513513,10.81081081081081
E00032475,8,2,1,1,6,4,2,25,12.5,12.5,75,50,25
E00032476,203,54,14,40,149,138,11,26.60098522167488,6.896551724137931,19.704433497536947,73.39901477832512,67.98029556650246,5.41871921182266
E00032477,50,8,2,6,42,38,4,16,4,12,84,76,8
E00032478,229,67,17,50,162,143,19,29.257641921397383,7.423580786026202,21.83406113537118,70.74235807860262,62.44541484716157,8.296943231441048
E00032479,123,43,16,27,80,70,10,34.959349593495936,13.008130081300814,21.951219512195124,65.04065040650406,56.91056910569105,8.130081300813007
E00032480,125,36,19,17,89,80,9,28.799999999999997,15.2,13.600000000000001,71.2,64,7.199999999999999
E00032481,138,41,11,30,97,78,19,29.71014492753623,7.971014492753622,21.73913043478261,70.28985507246377,56.52173913043478,13.768115942028986
E00032482,108,26,2,24,82,72,10,24.074074074074073,1.8518518518518516,22.22222222222222,75.92592592592592,66.66666666666666,9.25925925925926
E00032483,151,48,10,38,103,87,16,31.788079470198678,6.622516556291391,25.165562913907287,68.21192052980133,57.615894039735096,10.596026490066226
E00032484,127,31,11,20,96,85,11,24.409448818897637,8.661417322834646,15.748031496062993,75.59055118110236,66.92913385826772,8.661417322834646
E00032485,135,44,11,33,91,84,7,32.592592592592595,8.148148148148149,24.444444444444443,67.4074074074074,62.22222222222222,5.185185185185185
E00032486,142,34,9,25,108,97,11,23.943661971830984,6.338028169014084,17.6056338028169,76.05633802816901,68.30985915492957,7.746478873239436
E00032487,128,52,17,35,76,63,13,40.625,13.28125,27.34375,59.375,49.21875,10.15625
E00032488,106,31,14,17,75,65,10,29.245283018867923,13.20754716981132,16.037735849056602,70.75471698113208,61.32075471698113,9.433962264150944
E00032489,180,44,14,30,136,117,19,24.444444444444443,7.777777777777778,16.666666666666664,75.55555555555556,65,10.555555555555555
E00032490,173,41,11,30,132,117,15,23.699421965317917,6.358381502890173,17.341040462427745,76.30057803468208,67.63005780346822,8.670520231213873
E00032491,113,40,10,30,73,60,13,35.39823008849557,8.849557522123893,26.548672566371685,64.60176991150442,53.09734513274337,11.504424778761061
E00032492,94,23,3,20,71,64,7,24.46808510638298,3.1914893617021276,21.27659574468085,75.53191489361703,68.08510638297872,7.446808510638298
E00032493,165,37,14,23,128,109,19,22.424242424242426,8.484848484848486,13.939393939393941,77.57575757575758,66.06060606060606,11.515151515151516
E00032494,139,45,15,30,94,83,11,32.37410071942446,10.79136690647482,21.58273381294964,67.62589928057554,59.71223021582733,7.913669064748201
E00032495,138,45,14,31,93,85,8,32.608695652173914,10.144927536231885,22.463768115942027,67.3913043478261,61.59420289855072,5.797101449275362
E00032496,144,55,29,26,89,79,10,38.19444444444444,20.13888888888889,18.055555555555554,61.80555555555556,54.861111111111114,6.944444444444445
E00032497,216,57,22,35,159,142,17,26.38888888888889,10.185185185185185,16.203703703703702,73.61111111111111,65.74074074074075,7.87037037037037
E00032498,80,18,6,12,62,57,5,22.5,7.5,15,77.5,71.25,6.25
E00168450,197,46,11,35,151,130,21,23.3502538071066,5.583756345177665,17.766497461928935,76.6497461928934,65.98984771573603,10.65989847715736
E00168451,193,48,13,35,145,121,24,24.870466321243523,6.7357512953367875,18.134715025906736,75.12953367875647,62.69430051813472,12.435233160621761
E00168452,228,57,14,43,171,156,15,25,6.140350877192982,18.859649122807017,75,68.42105263157895,6.578947368421052
E00168453,144,38,10,28,106,98,8,26.38888888888889,6.944444444444445,19.444444444444446,73.61111111111111,68.05555555555556,5.555555555555555
E00168454,235,67,23,44,168,140,28,28.510638297872344,9.787234042553191,18.72340425531915,71.48936170212767,59.57446808510638,11.914893617021278
E00168455,129,25,10,15,104,88,16,19.379844961240313,7.751937984496124,11.627906976744185,80.62015503875969,68.21705426356588,12.4031007751938
E00168456,76,21,6,15,55,49,6,27.631578947368425,7.894736842105263,19.736842105263158,72.36842105263158,64.47368421052632,7.894736842105263
E00168457,72,13,6,7,59,50,9,18.055555555555554,8.333333333333332,9.722222222222223,81.94444444444444,69.44444444444444,12.5
E00168458,226,58,19,39,168,150,18,25.663716814159294,8.4070796460177,17.25663716814159,74.33628318584071,66.3716814159292,7.964601769911504
E00168459,70,17,5,12,53,36,17,24.285714285714285,7.142857142857142,17.142857142857142,75.71428571428571,51.42857142857142,24.285714285714285
E00168460,220,52,15,37,168,146,22,23.636363636363637,6.8181818181818175,16.818181818181817,76.36363636363637,66.36363636363637,10
E00168461,126,27,8,19,99,86,13,21.428571428571427,6.349206349206349,15.079365079365079,78.57142857142857,68.25396825396825,10.317460317460316
E00168462,143,38,15,23,105,93,12,26.573426573426573,10.48951048951049,16.083916083916083,73.42657342657343,65.03496503496503,8.391608391608392
E00168463,138,38,9,29,100,88,12,27.536231884057973,6.521739130434782,21.014492753623188,72.46376811594203,63.76811594202898,8.695652173913043
E00168464,80,13,1,12,67,60,7,16.25,1.25,15,83.75,75,8.75
E00168465,152,44,17,27,108,94,14,28.947368421052634,11.18421052631579,17.763157894736842,71.05263157894737,61.8421052631579,9.210526315789473
E00168466,253,61,18,43,192,161,31,24.110671936758894,7.114624505928854,16.99604743083004,75.8893280632411,63.63636363636363,12.25296442687747
E00168467,146,35,8,27,111,83,28,23.972602739726025,5.47945205479452,18.493150684931507,76.02739726027397,56.849315068493155,19.17808219178082
E00168468,136,30,10,20,106,90,16,22.058823529411764,7.352941176470589,14.705882352941178,77.94117647058823,66.17647058823529,11.76470588235294
E00168469,183,58,14,44,125,111,14,31.693989071038253,7.650273224043716,24.043715846994534,68.30601092896174,60.65573770491803,7.650273224043716
E00168470,148,38,10,28,110,96,14,25.675675675675674,6.756756756756757,18.91891891891892,74.32432432432432,64.86486486486487,9.45945945945946
E00168471,145,38,14,24,107,91,16,26.20689655172414,9.655172413793103,16.551724137931036,73.79310344827587,62.758620689655174,11.03448275862069
E00168472,163,34,16,18,129,111,18,20.858895705521473,9.815950920245399,11.042944785276074,79.14110429447852,68.09815950920245,11.042944785276074
E00168473,156,31,14,17,125,106,19,19.871794871794872,8.974358974358974,10.897435897435898,80.12820512820514,67.94871794871796,12.179487179487179
E00168474,191,44,10,34,147,131,16,23.036649214659686,5.2356020942408374,17.801047120418847,76.96335078534031,68.58638743455498,8.37696335078534
E00168475,170,33,8,25,137,117,20,19.411764705882355,4.705882352941177,14.705882352941178,80.58823529411765,68.82352941176471,11.76470588235294
E00168476,179,37,12,25,142,123,19,20.670391061452513,6.70391061452514,13.966480446927374,79.3296089385475,68.71508379888269,10.614525139664805
E00168477,126,31,13,18,95,88,7,24.6031746031746,10.317460317460316,14.285714285714285,75.39682539682539,69.84126984126983,5.555555555555555
E00168478,156,41,8,33,115,101,14,26.282051282051285,5.128205128205128,21.153846153846153,73.71794871794873,64.74358974358975,8.974358974358974
E00168479,113,29,7,22,84,75,9,25.663716814159294,6.1946902654867255,19.469026548672566,74.33628318584071,66.3716814159292,7.964601769911504
E00168480,127,36,15,21,91,78,13,28.346456692913385,11.811023622047244,16.535433070866144,71.65354330708661,61.417322834645674,10.236220472440944
E00168481,169,37,16,21,132,111,21,21.893491124260358,9.467455621301776,12.42603550295858,78.10650887573965,65.68047337278107,12.42603550295858
E00168482,242,45,11,34,197,177,20,18.59504132231405,4.545454545454546,14.049586776859504,81.40495867768594,73.14049586776859,8.264462809917356
E00168484,278,55,15,40,223,194,29,19.784172661870503,5.39568345323741,14.388489208633093,80.2158273381295,69.7841726618705,10.431654676258994
E00168485,95,31,8,23,64,53,11,32.631578947368425,8.421052631578947,24.210526315789473,67.36842105263158,55.78947368421052,11.578947368421053
E00168486,157,32,11,21,125,107,18,20.382165605095544,7.006369426751593,13.375796178343949,79.61783439490446,68.15286624203821,11.464968152866243
E00168488,209,48,13,35,161,136,25,22.966507177033492,6.220095693779904,16.74641148325359,77.03349282296651,65.07177033492823,11.961722488038278
E00168489,185,56,18,38,129,116,13,30.270270270270274,9.72972972972973,20.54054054054054,69.72972972972973,62.70270270270271,7.027027027027027
E00168490,122,38,17,21,84,71,13,31.147540983606557,13.934426229508196,17.21311475409836,68.85245901639344,58.19672131147541,10.655737704918032
E00168491,241,55,20,35,186,159,27,22.821576763485478,8.29875518672199,14.522821576763487,77.17842323651453,65.97510373443983,11.20331950207469
E00168492,84,17,8,9,67,56,11,20.238095238095237,9.523809523809524,10.714285714285714,79.76190476190477,66.66666666666666,13.095238095238097
E00168493,148,26,7,19,122,104,18,17.56756756756757,4.72972972972973,12.837837837837837,82.43243243243244,70.27027027027027,12.162162162162163
E00168494,223,58,21,37,165,137,28,26.00896860986547,9.417040358744394,16.591928251121075,73.99103139013454,61.43497757847533,12.556053811659194
E00181411,271,32,12,20,239,210,29,11.808118081180812,4.428044280442804,7.380073800738007,88.19188191881919,77.49077490774908,10.70110701107011
E00181412,250,35,11,24,215,189,26,14.000000000000002,4.3999999999999995,9.6,86,75.6,10.4
E00181413,343,68,20,48,275,233,42,19.825072886297377,5.830903790087463,13.994169096209912,80.17492711370262,67.93002915451895,12.244897959183673
E00181414,177,38,14,24,139,111,28,21.468926553672315,7.909604519774012,13.559322033898304,78.53107344632768,62.71186440677966,15.819209039548024
E00181415,105,26,8,18,79,68,11,24.761904761904763,7.6190476190476195,17.142857142857142,75.23809523809524,64.76190476190476,10.476190476190476
E00181416,127,38,18,20,89,78,11,29.92125984251969,14.173228346456693,15.748031496062993,70.07874015748031,61.417322834645674,8.661417322834646
E00181418,45,16,6,10,29,29,0,35.55555555555556,13.333333333333334,22.22222222222222,64.44444444444444,64.44444444444444,0
E00181419,170,38,12,26,132,115,17,22.35294117647059,7.0588235294117645,15.294117647058824,77.64705882352942,67.64705882352942,10
E00181420,213,35,8,27,178,149,29,16.431924882629108,3.755868544600939,12.676056338028168,83.56807511737088,69.95305164319248,13.615023474178404
E00181422,169,32,8,24,137,118,19,18.93491124260355,4.733727810650888,14.201183431952662,81.06508875739645,69.8224852071006,11.242603550295858
E00181423,64,11,4,7,53,46,7,17.1875,6.25,10.9375,82.8125,71.875,10.9375
E00181424,229,62,13,49,167,154,13,27.074235807860266,5.676855895196507,21.397379912663755,72.92576419213974,67.24890829694323,5.676855895196507
E00181426,80,25,9,16,55,43,12,31.25,11.25,20,68.75,53.75,15
E00181431,86,24,6,18,62,54,8,27.906976744186046,6.976744186046512,20.930232558139537,72.09302325581395,62.7906976744186,9.30232558139535
E00181432,81,22,5,17,59,55,4,27.160493827160494,6.172839506172839,20.98765432098765,72.8395061728395,67.90123456790124,4.938271604938271
E00181433,83,12,3,9,71,57,14,14.457831325301203,3.614457831325301,10.843373493975903,85.54216867469879,68.67469879518072,16.867469879518072
E00181434,351,53,11,42,298,260,38,15.0997150997151,3.133903133903134,11.965811965811966,84.9002849002849,74.07407407407408,10.826210826210826
E00181436,260,54,17,37,206,182,24,20.76923076923077,6.538461538461539,14.23076923076923,79.23076923076923,70,9.230769230769232
E00181439,214,30,12,18,184,159,25,14.018691588785046,5.607476635514018,8.411214953271028,85.98130841121495,74.29906542056075,11.682242990654206
E00181440,285,31,5,26,254,225,29,10.87719298245614,1.7543859649122806,9.12280701754386,89.12280701754386,78.94736842105263,10.175438596491228
E00181441,130,40,8,32,90,80,10,30.76923076923077,6.153846153846154,24.615384615384617,69.23076923076923,61.53846153846154,7.6923076923076925
E00181443,65,15,0,15,50,46,4,23.076923076923077,0,23.076923076923077,76.92307692307693,70.76923076923077,6.153846153846154
E00181445,295,61,17,44,234,207,27,20.677966101694913,5.762711864406779,14.915254237288137,79.3220338983051,70.16949152542374,9.152542372881356
E00181447,230,48,14,34,182,151,31,20.869565217391305,6.086956521739131,14.782608695652174,79.13043478260869,65.65217391304347,13.478260869565217
E00181449,123,36,8,28,87,78,9,29.268292682926827,6.504065040650407,22.76422764227642,70.73170731707317,63.41463414634146,7.317073170731707
E00181450,85,29,11,18,56,47,9,34.11764705882353,12.941176470588237,21.176470588235293,65.88235294117646,55.294117647058826,10.588235294117647
E00181454,323,37,7,30,286,245,41,11.455108359133128,2.1671826625387,9.287925696594428,88.54489164086688,75.85139318885449,12.693498452012383
E00181455,180,46,16,30,134,116,18,25.555555555555554,8.88888888888889,16.666666666666664,74.44444444444444,64.44444444444444,10
E00181457,75,31,9,22,44,38,6,41.333333333333336,12,29.333333333333332,58.666666666666664,50.66666666666667,8
E00181458,130,20,9,11,110,90,20,15.384615384615385,6.923076923076923,8.461538461538462,84.61538461538461,69.23076923076923,15.384615384615385
E00181459,85,19,4,15,66,57,9,22.35294117647059,4.705882352941177,17.647058823529413,77.64705882352942,67.05882352941175,10.588235294117647
E00181461,91,23,2,21,68,64,4,25.274725274725274,2.197802197802198,23.076923076923077,74.72527472527473,70.32967032967034,4.395604395604396
E00181464,307,57,21,36,250,219,31,18.566775244299674,6.840390879478828,11.726384364820847,81.43322475570032,71.33550488599349,10.097719869706841
E00181466,121,24,4,20,97,83,14,19.834710743801654,3.3057851239669422,16.528925619834713,80.16528925619835,68.59504132231406,11.570247933884298
E00181467,139,25,10,15,114,100,14,17.985611510791365,7.1942446043165464,10.79136690647482,82.01438848920863,71.94244604316546,10.071942446043165
E00181468,186,45,15,30,141,119,22,24.193548387096776,8.064516129032258,16.129032258064516,75.80645161290323,63.97849462365591,11.827956989247312
E00181472,154,38,8,30,116,101,15,24.675324675324674,5.194805194805195,19.480519480519483,75.32467532467533,65.5844155844156,9.740259740259742
E00181474,249,44,10,34,205,181,24,17.670682730923694,4.016064257028113,13.654618473895583,82.32931726907631,72.69076305220884,9.63855421686747
E00181477,112,27,5,22,85,76,9,24.107142857142858,4.464285714285714,19.642857142857142,75.89285714285714,67.85714285714286,8.035714285714286
E00181478,106,36,8,28,70,62,8,33.9622641509434,7.547169811320755,26.41509433962264,66.0377358490566,58.490566037735846,7.547169811320755
E00181480,179,39,13,26,140,118,22,21.787709497206702,7.262569832402235,14.52513966480447,78.2122905027933,65.92178770949721,12.290502793296088
E00181482,247,38,9,29,209,177,32,15.384615384615385,3.643724696356275,11.740890688259109,84.61538461538461,71.65991902834008,12.955465587044534
E00181483,248,51,13,38,197,168,29,20.56451612903226,5.241935483870968,15.32258064516129,79.43548387096774,67.74193548387096,11.693548387096774
E00181484,244,79,14,65,165,155,10,32.37704918032787,5.737704918032787,26.639344262295083,67.62295081967213,63.52459016393443,4.098360655737705
E00181485,144,36,8,28,108,90,18,25,5.555555555555555,19.444444444444446,75,62.5,12.5
E00181486,76,8,4,4,68,56,12,10.526315789473683,5.263157894736842,5.263157894736842,89.47368421052632,73.68421052631578,15.789473684210526
E00181487,267,45,17,28,222,195,27,16.853932584269664,6.367041198501873,10.486891385767791,83.14606741573034,73.03370786516854,10.112359550561797
E00181488,398,68,11,57,330,289,41,17.08542713567839,2.763819095477387,14.321608040201006,82.91457286432161,72.61306532663316,10.301507537688442
E00181490,114,29,7,22,85,67,18,25.438596491228072,6.140350877192982,19.298245614035086,74.56140350877193,58.77192982456141,15.789473684210526
E00181495,71,13,5,8,58,52,6,18.30985915492958,7.042253521126761,11.267605633802818,81.69014084507043,73.23943661971832,8.450704225352112
E00181498,73,12,3,9,61,53,8,16.43835616438356,4.10958904109589,12.32876712328767,83.56164383561644,72.6027397260274,10.95890410958904
E00181503,135,39,16,23,96,84,12,28.888888888888886,11.851851851851853,17.037037037037038,71.11111111111111,62.22222222222222,8.88888888888889
E00181504,53,14,4,10,39,36,3,26.41509433962264,7.547169811320755,18.867924528301888,73.58490566037736,67.9245283018868,5.660377358490567
