OA,ts0380001,ts0380002,ts0380003,ts0380004,ts0380005,ts0380006,ts0380007,ts0380002_PCT,ts0380003_PCT,ts0380004_PCT,ts0380005_PCT,ts0380006_PCT,ts0380007_PCT
E00136233,378,112,55,57,266,23,243,29.629629629629626,14.550264550264549,15.079365079365079,70.37037037037037,6.084656084656085,64.28571428571429
E00136234,434,64,31,33,370,27,343,14.746543778801843,7.142857142857142,7.603686635944701,85.25345622119815,6.221198156682028,79.03225806451613
E00136235,347,69,23,46,278,15,263,19.88472622478386,6.628242074927954,13.256484149855908,80.11527377521614,4.322766570605188,75.79250720461094
E00136238,290,65,25,40,225,27,198,22.413793103448278,8.620689655172415,13.793103448275861,77.58620689655173,9.310344827586208,68.27586206896552
E00136239,412,87,41,46,325,25,300,21.11650485436893,9.951456310679612,11.165048543689322,78.88349514563106,6.067961165048544,72.81553398058253
E00136240,464,99,50,49,365,26,339,21.336206896551722,10.775862068965516,10.560344827586206,78.66379310344827,5.603448275862069,73.0603448275862
E00136241,411,77,32,45,334,21,313,18.734793187347933,7.785888077858881,10.948905109489052,81.26520681265207,5.109489051094891,76.15571776155717
E00136242,376,74,20,54,302,21,281,19.680851063829788,5.319148936170213,14.361702127659576,80.31914893617021,5.585106382978723,74.7340425531915
E00136243,402,82,33,49,320,26,294,20.398009950248756,8.208955223880597,12.189054726368159,79.60199004975125,6.467661691542288,73.13432835820896
E00136244,332,86,29,57,246,30,216,25.903614457831324,8.734939759036145,17.16867469879518,74.09638554216868,9.036144578313253,65.06024096385542
E00136245,457,90,32,58,367,36,331,19.693654266958426,7.00218818380744,12.691466083150985,80.30634573304157,7.87746170678337,72.42888402625822
E00136246,287,64,26,38,223,28,195,22.299651567944252,9.059233449477352,13.240418118466899,77.70034843205575,9.75609756097561,67.94425087108013
E00136247,297,79,39,40,218,18,200,26.599326599326602,13.131313131313133,13.468013468013467,73.4006734006734,6.0606060606060606,67.34006734006735
E00136248,295,86,32,54,209,25,184,29.152542372881356,10.847457627118644,18.305084745762713,70.84745762711864,8.47457627118644,62.37288135593221
E00136249,293,62,24,38,231,24,207,21.160409556313994,8.19112627986348,12.969283276450511,78.839590443686,8.19112627986348,70.64846416382252
E00136250,291,54,25,29,237,28,209,18.556701030927837,8.59106529209622,9.965635738831615,81.44329896907216,9.621993127147768,71.8213058419244
E00136251,259,88,37,51,171,20,151,33.97683397683397,14.285714285714285,19.69111969111969,66.02316602316603,7.722007722007722,58.301158301158296
E00136252,238,73,37,36,165,13,152,30.672268907563026,15.546218487394958,15.126050420168067,69.32773109243698,5.46218487394958,63.86554621848739
E00136253,379,103,38,65,276,18,258,27.176781002638524,10.026385224274406,17.150395778364118,72.82321899736148,4.749340369393139,68.07387862796834
E00136254,332,56,18,38,276,21,255,16.867469879518072,5.421686746987952,11.44578313253012,83.13253012048193,6.325301204819277,76.80722891566265
E00136255,283,59,27,32,224,22,202,20.848056537102476,9.540636042402827,11.307420494699647,79.15194346289752,7.773851590106007,71.37809187279152
E00136256,258,83,46,37,175,16,159,32.17054263565892,17.829457364341085,14.34108527131783,67.82945736434108,6.2015503875969,61.627906976744185
E00136257,393,96,38,58,297,25,272,24.427480916030532,9.669211195928753,14.75826972010178,75.57251908396947,6.361323155216285,69.21119592875317
E00136258,603,97,46,51,506,45,461,16.086235489220563,7.628524046434494,8.45771144278607,83.91376451077943,7.462686567164178,76.45107794361525
E00136259,356,74,37,37,282,23,259,20.786516853932586,10.393258426966293,10.393258426966293,79.21348314606742,6.460674157303371,72.75280898876404
E00136260,288,41,17,24,247,26,221,14.23611111111111,5.902777777777778,8.333333333333332,85.76388888888889,9.027777777777777,76.73611111111111
E00136261,345,111,63,48,234,24,210,32.17391304347826,18.26086956521739,13.91304347826087,67.82608695652173,6.956521739130435,60.86956521739131
E00136262,283,39,20,19,244,28,216,13.780918727915195,7.06713780918728,6.713780918727916,86.21908127208481,9.89399293286219,76.32508833922262
E00136263,332,74,23,51,258,19,239,22.289156626506024,6.927710843373494,15.36144578313253,77.71084337349397,5.72289156626506,71.98795180722891
E00136264,410,91,38,53,319,30,289,22.195121951219512,9.268292682926829,12.926829268292684,77.8048780487805,7.317073170731707,70.48780487804878
E00136265,366,61,30,31,305,43,262,16.666666666666664,8.19672131147541,8.469945355191257,83.33333333333334,11.748633879781421,71.58469945355192
E00136266,348,62,21,41,286,19,267,17.81609195402299,6.0344827586206895,11.781609195402298,82.18390804597702,5.459770114942529,76.72413793103449
E00136267,293,64,30,34,229,17,212,21.843003412969285,10.238907849829351,11.604095563139932,78.15699658703072,5.802047781569966,72.35494880546075
E00136268,239,70,28,42,169,18,151,29.288702928870293,11.715481171548117,17.573221757322173,70.7112970711297,7.531380753138076,63.17991631799163
E00136269,339,64,27,37,275,23,252,18.87905604719764,7.964601769911504,10.914454277286136,81.12094395280236,6.784660766961652,74.33628318584071
E00136270,212,55,22,33,157,9,148,25.943396226415093,10.377358490566039,15.566037735849056,74.05660377358491,4.245283018867925,69.81132075471697
E00136271,337,66,26,40,271,26,245,19.584569732937684,7.71513353115727,11.869436201780417,80.41543026706232,7.71513353115727,72.70029673590504
E00136272,288,59,17,42,229,32,197,20.48611111111111,5.902777777777778,14.583333333333334,79.51388888888889,11.11111111111111,68.40277777777779
E00136273,296,48,17,31,248,28,220,16.216216216216218,5.743243243243244,10.472972972972974,83.78378378378379,9.45945945945946,74.32432432432432
E00136274,316,35,11,24,281,20,261,11.075949367088606,3.481012658227848,7.59493670886076,88.92405063291139,6.329113924050633,82.59493670886076
E00136276,392,58,20,38,334,29,305,14.795918367346939,5.1020408163265305,9.693877551020408,85.20408163265306,7.3979591836734695,77.8061224489796
E00136277,353,68,34,34,285,26,259,19.263456090651555,9.631728045325778,9.631728045325778,80.73654390934844,7.365439093484419,73.37110481586402
E00136278,225,46,18,28,179,19,160,20.444444444444446,8,12.444444444444445,79.55555555555556,8.444444444444445,71.11111111111111
E00136279,263,77,41,36,186,17,169,29.277566539923956,15.5893536121673,13.688212927756654,70.72243346007605,6.4638783269961975,64.25855513307985
E00136280,247,54,23,31,193,19,174,21.86234817813765,9.31174089068826,12.550607287449392,78.13765182186235,7.6923076923076925,70.44534412955466
E00136281,378,65,27,38,313,26,287,17.195767195767196,7.142857142857142,10.052910052910052,82.8042328042328,6.878306878306878,75.92592592592592
E00136282,276,48,16,32,228,17,211,17.391304347826086,5.797101449275362,11.594202898550725,82.6086956521739,6.159420289855073,76.44927536231883
E00136283,263,51,26,25,212,19,193,19.39163498098859,9.885931558935361,9.505703422053232,80.6083650190114,7.224334600760455,73.38403041825094
E00136284,348,64,28,36,284,17,267,18.39080459770115,8.045977011494253,10.344827586206897,81.60919540229885,4.885057471264368,76.72413793103449
E00136285,288,81,34,47,207,6,201,28.125,11.805555555555555,16.319444444444446,71.875,2.083333333333333,69.79166666666666
E00136286,329,91,37,54,238,19,219,27.659574468085108,11.246200607902736,16.41337386018237,72.3404255319149,5.775075987841945,66.56534954407294
E00136287,294,52,21,31,242,28,214,17.687074829931973,7.142857142857142,10.54421768707483,82.31292517006803,9.523809523809524,72.78911564625851
E00136288,296,37,12,25,259,18,241,12.5,4.054054054054054,8.445945945945946,87.5,6.081081081081082,81.41891891891892
E00136289,293,75,38,37,218,14,204,25.597269624573375,12.969283276450511,12.627986348122866,74.40273037542661,4.778156996587031,69.6245733788396
E00136290,324,70,24,46,254,26,228,21.604938271604937,7.4074074074074066,14.19753086419753,78.39506172839506,8.024691358024691,70.37037037037037
E00136291,264,38,12,26,226,21,205,14.393939393939394,4.545454545454546,9.848484848484848,85.60606060606061,7.954545454545454,77.65151515151516
E00136292,280,62,25,37,218,28,190,22.142857142857142,8.928571428571429,13.214285714285715,77.85714285714286,10,67.85714285714286
E00136293,391,100,44,56,291,27,264,25.575447570332482,11.253196930946292,14.322250639386189,74.42455242966753,6.905370843989769,67.51918158567774
E00136294,285,57,27,30,228,26,202,20,9.473684210526317,10.526315789473683,80,9.12280701754386,70.87719298245614
E00136295,466,126,64,62,340,29,311,27.038626609442062,13.733905579399142,13.304721030042918,72.96137339055794,6.223175965665236,66.7381974248927
E00136296,299,66,23,43,233,20,213,22.073578595317723,7.6923076923076925,14.381270903010032,77.92642140468227,6.688963210702341,71.23745819397993
E00136297,256,79,33,46,177,20,157,30.859375,12.890625,17.96875,69.140625,7.8125,61.328125
E00136298,437,92,48,44,345,26,319,21.052631578947366,10.983981693363845,10.068649885583524,78.94736842105263,5.949656750572083,72.99771167048054
E00136299,302,54,14,40,248,19,229,17.880794701986755,4.635761589403973,13.245033112582782,82.11920529801324,6.291390728476822,75.82781456953643
E00136300,212,61,33,28,151,19,132,28.77358490566038,15.566037735849056,13.20754716981132,71.22641509433963,8.962264150943396,62.264150943396224
E00136301,396,96,42,54,300,16,284,24.242424242424242,10.606060606060606,13.636363636363635,75.75757575757575,4.040404040404041,71.71717171717171
E00136302,245,86,47,39,159,13,146,35.10204081632653,19.183673469387756,15.918367346938775,64.89795918367346,5.3061224489795915,59.591836734693885
E00136303,253,64,28,36,189,17,172,25.296442687747035,11.067193675889328,14.229249011857709,74.70355731225297,6.719367588932807,67.98418972332016
E00136304,294,79,38,41,215,19,196,26.87074829931973,12.925170068027212,13.945578231292515,73.12925170068027,6.462585034013606,66.66666666666666
E00136305,294,58,25,33,236,18,218,19.727891156462583,8.503401360544217,11.224489795918368,80.27210884353741,6.122448979591836,74.14965986394559
E00136306,239,90,38,52,149,11,138,37.65690376569037,15.899581589958158,21.75732217573222,62.34309623430963,4.602510460251046,57.74058577405857
E00136307,300,85,34,51,215,22,193,28.333333333333332,11.333333333333332,17,71.66666666666667,7.333333333333333,64.33333333333333
E00136308,286,56,28,28,230,20,210,19.58041958041958,9.79020979020979,9.79020979020979,80.41958041958041,6.993006993006993,73.42657342657343
E00136309,354,58,18,40,296,24,272,16.38418079096045,5.084745762711865,11.299435028248588,83.61581920903954,6.779661016949152,76.8361581920904
E00136310,226,61,28,33,165,15,150,26.991150442477874,12.389380530973451,14.601769911504425,73.00884955752213,6.637168141592921,66.3716814159292
E00136311,315,63,35,28,252,16,236,20,11.11111111111111,8.88888888888889,80,5.079365079365079,74.92063492063492
E00136312,289,51,24,27,238,14,224,17.647058823529413,8.304498269896193,9.342560553633218,82.35294117647058,4.844290657439446,77.50865051903114
E00136313,262,61,32,29,201,25,176,23.282442748091604,12.213740458015266,11.068702290076336,76.7175572519084,9.541984732824428,67.17557251908397
E00136314,317,70,40,30,247,15,232,22.082018927444793,12.618296529968454,9.46372239747634,77.91798107255521,4.73186119873817,73.18611987381703
E00136315,330,68,29,39,262,23,239,20.606060606060606,8.787878787878787,11.818181818181818,79.39393939393939,6.969696969696971,72.42424242424242
E00136316,295,57,22,35,238,16,222,19.322033898305087,7.457627118644068,11.864406779661017,80.67796610169492,5.423728813559322,75.2542372881356
E00136317,368,74,37,37,294,30,264,20.108695652173914,10.054347826086957,10.054347826086957,79.8913043478261,8.152173913043478,71.73913043478261
E00136319,272,52,22,30,220,18,202,19.11764705882353,8.088235294117647,11.029411764705882,80.88235294117648,6.61764705882353,74.26470588235294
E00136320,304,50,17,33,254,29,225,16.447368421052634,5.592105263157895,10.855263157894738,83.55263157894737,9.539473684210527,74.01315789473685
E00136321,298,45,13,32,253,31,222,15.100671140939598,4.3624161073825505,10.738255033557047,84.8993288590604,10.40268456375839,74.49664429530202
E00136322,202,58,25,33,144,14,130,28.71287128712871,12.376237623762377,16.33663366336634,71.28712871287128,6.9306930693069315,64.35643564356435
E00136323,292,63,19,44,229,28,201,21.575342465753426,6.506849315068493,15.068493150684931,78.42465753424658,9.58904109589041,68.83561643835617
E00136324,308,48,12,36,260,23,237,15.584415584415584,3.896103896103896,11.688311688311687,84.4155844155844,7.467532467532467,76.94805194805194
E00136325,249,59,24,35,190,24,166,23.694779116465863,9.63855421686747,14.056224899598394,76.30522088353415,9.63855421686747,66.66666666666666
E00136326,415,108,52,56,307,22,285,26.024096385542165,12.530120481927712,13.493975903614459,73.97590361445782,5.301204819277109,68.67469879518072
E00136327,382,68,29,39,314,25,289,17.801047120418847,7.591623036649215,10.209424083769633,82.19895287958116,6.544502617801047,75.6544502617801
E00136328,288,51,12,39,237,22,215,17.708333333333336,4.166666666666666,13.541666666666666,82.29166666666666,7.638888888888889,74.65277777777779
E00136329,280,79,45,34,201,20,181,28.214285714285715,16.071428571428573,12.142857142857142,71.78571428571429,7.142857142857142,64.64285714285715
E00136330,331,82,32,50,249,27,222,24.773413897280967,9.667673716012084,15.105740181268882,75.22658610271903,8.157099697885197,67.06948640483384
E00136331,261,45,11,34,216,22,194,17.24137931034483,4.21455938697318,13.026819923371647,82.75862068965517,8.42911877394636,74.32950191570882
E00136332,355,57,22,35,298,28,270,16.056338028169016,6.197183098591549,9.859154929577464,83.94366197183099,7.887323943661972,76.05633802816901
E00136333,257,66,30,36,191,16,175,25.680933852140075,11.673151750972762,14.007782101167315,74.31906614785993,6.22568093385214,68.09338521400778
E00136334,278,54,25,29,224,20,204,19.424460431654676,8.992805755395683,10.431654676258994,80.57553956834532,7.1942446043165464,73.38129496402878
E00136335,305,61,31,30,244,30,214,20,10.163934426229508,9.836065573770492,80,9.836065573770492,70.16393442622952
E00136336,270,64,18,46,206,28,178,23.703703703703706,6.666666666666667,17.037037037037038,76.29629629629629,10.37037037037037,65.92592592592592
E00136337,316,57,17,40,259,33,226,18.037974683544302,5.379746835443038,12.658227848101266,81.9620253164557,10.443037974683545,71.51898734177216
E00136338,307,62,18,44,245,24,221,20.195439739413683,5.863192182410423,14.332247557003258,79.80456026058633,7.81758957654723,71.9869706840391
E00136339,337,46,19,27,291,27,264,13.649851632047477,5.637982195845697,8.011869436201781,86.35014836795251,8.011869436201781,78.33827893175074
E00136340,299,62,19,43,237,28,209,20.735785953177256,6.354515050167224,14.381270903010032,79.26421404682274,9.364548494983277,69.89966555183946
E00136341,315,51,17,34,264,29,235,16.19047619047619,5.396825396825397,10.793650793650794,83.80952380952381,9.206349206349207,74.60317460317461
E00136342,244,52,23,29,192,33,159,21.311475409836063,9.426229508196721,11.885245901639344,78.68852459016394,13.524590163934427,65.1639344262295
E00136343,277,49,15,34,228,18,210,17.689530685920577,5.415162454873646,12.274368231046932,82.31046931407943,6.4981949458483745,75.81227436823104
E00136344,289,47,11,36,242,29,213,16.26297577854671,3.8062283737024223,12.45674740484429,83.73702422145328,10.034602076124568,73.70242214532871
E00136345,460,71,30,41,389,44,345,15.434782608695652,6.521739130434782,8.91304347826087,84.56521739130434,9.565217391304348,75
E00136346,227,48,16,32,179,19,160,21.145374449339208,7.048458149779736,14.096916299559473,78.8546255506608,8.370044052863436,70.48458149779736
E00136347,395,110,43,67,285,37,248,27.848101265822784,10.886075949367088,16.962025316455694,72.15189873417721,9.367088607594937,62.78481012658228
E00136348,276,45,12,33,231,24,207,16.304347826086957,4.3478260869565215,11.956521739130435,83.69565217391305,8.695652173913043,75
E00136349,261,37,9,28,224,32,192,14.17624521072797,3.4482758620689653,10.727969348659004,85.82375478927203,12.260536398467432,73.5632183908046
E00136350,231,45,10,35,186,13,173,19.480519480519483,4.329004329004329,15.151515151515152,80.51948051948052,5.627705627705628,74.89177489177489
E00136351,290,55,15,40,235,22,213,18.96551724137931,5.172413793103448,13.793103448275861,81.03448275862068,7.586206896551724,73.44827586206897
E00136352,269,41,6,35,228,22,206,15.241635687732341,2.2304832713754648,13.011152416356877,84.75836431226766,8.178438661710038,76.57992565055763
E00136353,304,39,13,26,265,37,228,12.828947368421053,4.276315789473684,8.552631578947368,87.17105263157895,12.171052631578947,75
E00136354,355,71,22,49,284,27,257,20,6.197183098591549,13.802816901408452,80,7.605633802816901,72.3943661971831
E00136355,323,57,24,33,266,28,238,17.647058823529413,7.430340557275541,10.21671826625387,82.35294117647058,8.6687306501548,73.68421052631578
E00136356,286,27,2,25,259,31,228,9.44055944055944,0.6993006993006993,8.741258741258742,90.55944055944056,10.839160839160838,79.72027972027972
E00136357,257,60,26,34,197,26,171,23.346303501945524,10.116731517509727,13.229571984435799,76.65369649805449,10.116731517509727,66.53696498054474
E00136358,313,48,18,30,265,35,230,15.335463258785943,5.7507987220447285,9.584664536741213,84.66453674121406,11.182108626198083,73.48242811501598
E00136359,394,80,32,48,314,37,277,20.304568527918782,8.121827411167512,12.18274111675127,79.69543147208121,9.390862944162437,70.30456852791879
E00136360,292,63,25,38,229,14,215,21.575342465753426,8.561643835616438,13.013698630136986,78.42465753424658,4.794520547945205,73.63013698630137
E00136361,304,62,28,34,242,20,222,20.394736842105264,9.210526315789473,11.18421052631579,79.60526315789474,6.578947368421052,73.02631578947368
E00136362,254,44,16,28,210,31,179,17.322834645669293,6.299212598425196,11.023622047244094,82.67716535433071,12.204724409448819,70.47244094488188
E00136363,326,66,35,31,260,20,240,20.245398773006134,10.736196319018406,9.509202453987731,79.75460122699386,6.134969325153374,73.61963190184049
E00136364,332,52,21,31,280,27,253,15.66265060240964,6.325301204819277,9.33734939759036,84.33734939759037,8.132530120481928,76.20481927710844
E00136365,268,51,17,34,217,16,201,19.029850746268657,6.343283582089552,12.686567164179104,80.97014925373134,5.970149253731343,75
E00136366,348,74,38,36,274,19,255,21.26436781609195,10.919540229885058,10.344827586206897,78.73563218390804,5.459770114942529,73.27586206896551
E00136367,302,60,26,34,242,32,210,19.867549668874172,8.609271523178808,11.258278145695364,80.13245033112582,10.596026490066226,69.5364238410596
E00136368,256,59,22,37,197,17,180,23.046875,8.59375,14.453125,76.953125,6.640625,70.3125
E00136369,171,32,18,14,139,10,129,18.71345029239766,10.526315789473683,8.187134502923977,81.28654970760235,5.847953216374268,75.43859649122807
E00136370,253,51,22,29,202,22,180,20.158102766798418,8.695652173913043,11.462450592885375,79.84189723320159,8.695652173913043,71.14624505928853
E00136371,381,91,38,53,290,31,259,23.88451443569554,9.973753280839896,13.910761154855644,76.11548556430446,8.136482939632545,67.97900262467192
E00136372,294,67,29,38,227,23,204,22.789115646258505,9.863945578231291,12.925170068027212,77.21088435374149,7.8231292517006805,69.38775510204081
E00136373,213,61,17,44,152,21,131,28.638497652582164,7.981220657276995,20.657276995305164,71.36150234741784,9.859154929577464,61.502347417840376
E00136374,254,92,35,57,162,19,143,36.22047244094488,13.779527559055119,22.440944881889763,63.77952755905512,7.480314960629922,56.2992125984252
E00136375,251,56,22,34,195,29,166,22.31075697211155,8.764940239043826,13.545816733067728,77.68924302788844,11.553784860557768,66.13545816733067
E00136376,224,43,14,29,181,19,162,19.196428571428573,6.25,12.946428571428573,80.80357142857143,8.482142857142858,72.32142857142857
E00136377,280,44,9,35,236,43,193,15.714285714285714,3.214285714285714,12.5,84.28571428571429,15.357142857142858,68.92857142857143
E00136378,335,63,23,40,272,35,237,18.80597014925373,6.865671641791045,11.940298507462686,81.19402985074626,10.44776119402985,70.74626865671641
E00136379,324,109,54,55,215,32,183,33.641975308641975,16.666666666666664,16.97530864197531,66.35802469135803,9.876543209876543,56.481481481481474
E00136380,222,55,26,29,167,14,153,24.774774774774773,11.711711711711711,13.063063063063062,75.22522522522522,6.306306306306306,68.91891891891892
E00136381,275,57,17,40,218,33,185,20.727272727272727,6.181818181818182,14.545454545454545,79.27272727272727,12,67.27272727272727
E00136382,303,62,26,36,241,24,217,20.462046204620464,8.58085808580858,11.881188118811881,79.53795379537954,7.920792079207921,71.61716171617162
E00136383,277,44,13,31,233,25,208,15.884476534296029,4.693140794223827,11.191335740072201,84.11552346570397,9.025270758122744,75.09025270758123
E00136384,283,61,23,38,222,19,203,21.554770318021202,8.12720848056537,13.427561837455832,78.4452296819788,6.713780918727916,71.73144876325088
E00136385,327,59,24,35,268,28,240,18.04281345565749,7.339449541284404,10.703363914373089,81.9571865443425,8.56269113149847,73.39449541284404
E00136386,297,78,28,50,219,27,192,26.262626262626267,9.427609427609427,16.835016835016837,73.73737373737373,9.090909090909092,64.64646464646465
E00136387,392,91,34,57,301,22,279,23.214285714285715,8.673469387755102,14.540816326530612,76.78571428571429,5.612244897959184,71.1734693877551
E00136388,297,65,34,31,232,20,212,21.885521885521886,11.447811447811448,10.437710437710438,78.11447811447812,6.7340067340067336,71.38047138047138
E00136389,306,76,37,39,230,18,212,24.836601307189543,12.091503267973856,12.745098039215685,75.16339869281046,5.88235294117647,69.28104575163398
E00136390,361,65,24,41,296,21,275,18.005540166204987,6.64819944598338,11.357340720221606,81.99445983379502,5.8171745152354575,76.17728531855957
E00136391,311,62,27,35,249,25,224,19.935691318327976,8.681672025723474,11.254019292604502,80.06430868167203,8.038585209003216,72.02572347266882
E00136392,348,69,33,36,279,29,250,19.82758620689655,9.482758620689655,10.344827586206897,80.17241379310344,8.333333333333332,71.83908045977012
E00136393,302,71,37,34,231,21,210,23.509933774834437,12.251655629139073,11.258278145695364,76.49006622516556,6.95364238410596,69.5364238410596
E00136394,299,61,27,34,238,27,211,20.401337792642142,9.03010033444816,11.37123745819398,79.59866220735786,9.03010033444816,70.5685618729097
E00136395,361,71,27,44,290,28,262,19.667590027700832,7.479224376731302,12.18836565096953,80.33240997229917,7.756232686980609,72.57617728531855
E00136397,199,60,31,29,139,15,124,30.15075376884422,15.577889447236181,14.572864321608039,69.84924623115577,7.537688442211055,62.311557788944725
E00136398,147,64,28,36,83,13,70,43.53741496598639,19.047619047619047,24.489795918367346,56.4625850340136,8.843537414965986,47.61904761904761
E00136399,232,68,30,38,164,23,141,29.310344827586203,12.931034482758621,16.379310344827587,70.6896551724138,9.913793103448276,60.775862068965516
E00136400,364,110,49,61,254,17,237,30.21978021978022,13.461538461538462,16.758241758241756,69.78021978021978,4.670329670329671,65.10989010989012
E00136401,428,82,27,55,346,42,304,19.158878504672895,6.308411214953271,12.850467289719624,80.8411214953271,9.813084112149532,71.02803738317756
E00136402,350,60,16,44,290,33,257,17.142857142857142,4.571428571428571,12.571428571428573,82.85714285714286,9.428571428571429,73.42857142857143
E00136403,184,57,31,26,127,15,112,30.978260869565215,16.847826086956523,14.130434782608695,69.02173913043478,8.152173913043478,60.86956521739131
E00136404,217,44,18,26,173,16,157,20.276497695852534,8.294930875576037,11.981566820276496,79.72350230414746,7.373271889400922,72.35023041474655
E00136405,325,101,59,42,224,22,202,31.076923076923073,18.153846153846153,12.923076923076923,68.92307692307692,6.769230769230769,62.153846153846146
E00136406,256,76,31,45,180,27,153,29.6875,12.109375,17.578125,70.3125,10.546875,59.765625
E00136407,213,49,14,35,164,22,142,23.004694835680752,6.572769953051644,16.431924882629108,76.99530516431925,10.328638497652582,66.66666666666666
E00136408,235,50,22,28,185,16,169,21.27659574468085,9.361702127659575,11.914893617021278,78.72340425531915,6.808510638297872,71.91489361702128
E00136409,254,67,39,28,187,31,156,26.37795275590551,15.354330708661418,11.023622047244094,73.62204724409449,12.204724409448819,61.417322834645674
E00136410,204,62,35,27,142,19,123,30.392156862745097,17.15686274509804,13.23529411764706,69.6078431372549,9.313725490196079,60.29411764705882
E00136411,238,71,29,42,167,15,152,29.831932773109244,12.184873949579831,17.647058823529413,70.16806722689076,6.302521008403361,63.86554621848739
E00136412,347,69,25,44,278,21,257,19.88472622478386,7.204610951008646,12.680115273775217,80.11527377521614,6.051873198847262,74.06340057636888
E00136413,392,140,77,63,252,23,229,35.714285714285715,19.642857142857142,16.071428571428573,64.28571428571429,5.86734693877551,58.41836734693877
E00136414,249,46,18,28,203,35,168,18.473895582329316,7.228915662650602,11.244979919678714,81.52610441767068,14.056224899598394,67.46987951807229
E00136415,267,82,46,36,185,20,165,30.711610486891384,17.228464419475657,13.48314606741573,69.28838951310861,7.490636704119851,61.79775280898876
E00136416,255,85,35,50,170,11,159,33.33333333333333,13.725490196078432,19.607843137254903,66.66666666666666,4.313725490196078,62.35294117647059
E00136417,287,78,29,49,209,15,194,27.177700348432055,10.104529616724738,17.073170731707318,72.82229965156795,5.2264808362369335,67.59581881533101
E00136418,271,78,34,44,193,24,169,28.782287822878228,12.546125461254611,16.236162361623617,71.21771217712177,8.856088560885608,62.36162361623616
E00136419,207,58,29,29,149,21,128,28.019323671497588,14.009661835748794,14.009661835748794,71.98067632850241,10.144927536231885,61.83574879227053
E00136420,169,54,19,35,115,13,102,31.952662721893493,11.242603550295858,20.710059171597635,68.04733727810651,7.6923076923076925,60.35502958579882
E00136422,381,92,34,58,289,30,259,24.146981627296586,8.923884514435695,15.223097112860891,75.8530183727034,7.874015748031496,67.97900262467192
E00136423,386,135,77,58,251,37,214,34.97409326424871,19.94818652849741,15.025906735751295,65.02590673575129,9.585492227979273,55.44041450777202
E00136424,291,63,24,39,228,25,203,21.649484536082475,8.24742268041237,13.402061855670103,78.35051546391753,8.59106529209622,69.7594501718213
E00136425,182,63,29,34,119,8,111,34.61538461538461,15.934065934065933,18.681318681318682,65.38461538461539,4.395604395604396,60.98901098901099
E00136426,196,45,19,26,151,22,129,22.95918367346939,9.693877551020408,13.26530612244898,77.04081632653062,11.224489795918368,65.81632653061224
E00136427,274,78,32,46,196,10,186,28.467153284671532,11.678832116788321,16.78832116788321,71.53284671532847,3.64963503649635,67.88321167883211
E00136428,351,97,56,41,254,26,228,27.635327635327634,15.954415954415953,11.68091168091168,72.36467236467237,7.4074074074074066,64.95726495726495
E00136429,167,63,33,30,104,8,96,37.72455089820359,19.760479041916167,17.964071856287426,62.27544910179641,4.790419161676647,57.48502994011976
E00136430,227,70,27,43,157,19,138,30.837004405286343,11.894273127753303,18.94273127753304,69.16299559471366,8.370044052863436,60.792951541850215
E00136431,507,112,39,73,395,38,357,22.090729783037474,7.6923076923076925,14.398422090729785,77.90927021696253,7.495069033530571,70.41420118343196
E00136432,307,76,18,58,231,33,198,24.7557003257329,5.863192182410423,18.892508143322477,75.2442996742671,10.749185667752444,64.49511400651465
E00136435,256,59,25,34,197,19,178,23.046875,9.765625,13.28125,76.953125,7.421875,69.53125
E00136436,309,65,31,34,244,19,225,21.035598705501616,10.032362459546926,11.003236245954692,78.96440129449837,6.148867313915858,72.81553398058253
E00136437,338,76,36,40,262,19,243,22.485207100591715,10.650887573964498,11.834319526627219,77.51479289940828,5.621301775147929,71.89349112426035
E00136438,228,74,28,46,154,15,139,32.45614035087719,12.280701754385964,20.175438596491226,67.54385964912281,6.578947368421052,60.96491228070175
E00136439,286,73,32,41,213,19,194,25.524475524475527,11.188811188811188,14.335664335664337,74.47552447552448,6.643356643356643,67.83216783216784
E00136440,372,89,35,54,283,18,265,23.9247311827957,9.408602150537634,14.516129032258066,76.0752688172043,4.838709677419355,71.23655913978494
E00136441,320,78,32,46,242,26,216,24.375,10,14.374999999999998,75.625,8.125,67.5
E00136442,253,62,19,43,191,19,172,24.50592885375494,7.5098814229249005,16.99604743083004,75.49407114624506,7.5098814229249005,67.98418972332016
E00136443,407,80,33,47,327,21,306,19.656019656019655,8.108108108108109,11.547911547911548,80.34398034398035,5.159705159705159,75.18427518427518
E00136444,337,68,34,34,269,22,247,20.178041543026705,10.089020771513352,10.089020771513352,79.82195845697329,6.528189910979229,73.29376854599407
E00136445,358,65,25,40,293,18,275,18.156424581005588,6.983240223463687,11.1731843575419,81.84357541899442,5.027932960893855,76.81564245810057
E00136446,345,82,37,45,263,24,239,23.768115942028984,10.72463768115942,13.043478260869565,76.23188405797102,6.956521739130435,69.27536231884058
E00136447,286,63,28,35,223,22,201,22.02797202797203,9.79020979020979,12.237762237762238,77.97202797202797,7.6923076923076925,70.27972027972028
E00136449,242,48,20,28,194,25,169,19.834710743801654,8.264462809917356,11.570247933884298,80.16528925619835,10.330578512396695,69.83471074380165
E00136450,325,75,29,46,250,34,216,23.076923076923077,8.923076923076923,14.153846153846153,76.92307692307693,10.461538461538462,66.46153846153847
E00136451,264,46,10,36,218,30,188,17.424242424242426,3.787878787878788,13.636363636363635,82.57575757575758,11.363636363636363,71.21212121212122
E00136452,244,34,8,26,210,26,184,13.934426229508196,3.278688524590164,10.655737704918032,86.0655737704918,10.655737704918032,75.40983606557377
E00136453,257,43,8,35,214,28,186,16.731517509727624,3.11284046692607,13.618677042801556,83.26848249027238,10.894941634241246,72.37354085603113
E00136454,251,50,15,35,201,21,180,19.9203187250996,5.9760956175298805,13.94422310756972,80.0796812749004,8.366533864541832,71.71314741035857
E00136455,300,57,20,37,243,30,213,19,6.666666666666667,12.333333333333334,81,10,71
E00136456,349,72,28,44,277,21,256,20.630372492836678,8.022922636103152,12.607449856733524,79.36962750716332,6.017191977077363,73.35243553008596
E00136457,370,104,47,57,266,16,250,28.10810810810811,12.702702702702704,15.405405405405407,71.89189189189189,4.324324324324325,67.56756756756756
E00136458,368,85,43,42,283,16,267,23.097826086956523,11.684782608695652,11.41304347826087,76.90217391304348,4.3478260869565215,72.55434782608695
E00136459,294,75,34,41,219,7,212,25.510204081632654,11.564625850340136,13.945578231292515,74.48979591836735,2.380952380952381,72.10884353741497
E00136460,378,92,46,46,286,20,266,24.33862433862434,12.16931216931217,12.16931216931217,75.66137566137566,5.291005291005291,70.37037037037037
E00136461,380,81,36,45,299,18,281,21.31578947368421,9.473684210526317,11.842105263157894,78.6842105263158,4.736842105263158,73.94736842105263
E00136462,323,71,31,40,252,20,232,21.981424148606813,9.597523219814242,12.38390092879257,78.0185758513932,6.191950464396285,71.8266253869969
E00136463,273,59,30,29,214,14,200,21.611721611721613,10.989010989010989,10.622710622710622,78.3882783882784,5.128205128205128,73.26007326007326
E00136464,337,97,50,47,240,13,227,28.783382789317507,14.836795252225517,13.94658753709199,71.2166172106825,3.857566765578635,67.35905044510386
E00136465,375,86,39,47,289,23,266,22.933333333333334,10.4,12.533333333333333,77.06666666666668,6.133333333333333,70.93333333333334
E00136466,266,51,21,30,215,10,205,19.172932330827066,7.894736842105263,11.278195488721805,80.82706766917293,3.7593984962406015,77.06766917293233
E00136467,288,75,42,33,213,22,191,26.041666666666668,14.583333333333334,11.458333333333332,73.95833333333334,7.638888888888889,66.31944444444444
E00136468,375,104,44,60,271,25,246,27.73333333333333,11.733333333333333,16,72.26666666666667,6.666666666666667,65.60000000000001
E00136469,337,47,11,36,290,33,257,13.94658753709199,3.2640949554896146,10.682492581602373,86.05341246290801,9.792284866468842,76.26112759643917
E00136470,309,27,1,26,282,24,258,8.737864077669903,0.3236245954692557,8.414239482200648,91.2621359223301,7.766990291262135,83.49514563106796
E00136471,339,54,10,44,285,34,251,15.929203539823009,2.949852507374631,12.979351032448378,84.070796460177,10.029498525073747,74.04129793510324
E00136472,260,42,11,31,218,34,184,16.153846153846153,4.230769230769231,11.923076923076923,83.84615384615385,13.076923076923078,70.76923076923077
E00136473,310,51,7,44,259,29,230,16.451612903225808,2.258064516129032,14.193548387096774,83.54838709677419,9.35483870967742,74.19354838709677
E00136474,299,51,13,38,248,29,219,17.05685618729097,4.3478260869565215,12.709030100334449,82.94314381270902,9.698996655518394,73.24414715719062
E00136475,335,41,10,31,294,24,270,12.238805970149254,2.9850746268656714,9.253731343283581,87.76119402985074,7.164179104477612,80.59701492537313
E00136476,315,45,11,34,270,33,237,14.285714285714285,3.492063492063492,10.793650793650794,85.71428571428571,10.476190476190476,75.23809523809524
E00136477,291,44,14,30,247,34,213,15.120274914089347,4.810996563573884,10.309278350515463,84.87972508591065,11.683848797250858,73.19587628865979
E00136478,286,47,8,39,239,28,211,16.433566433566433,2.797202797202797,13.636363636363635,83.56643356643356,9.79020979020979,73.77622377622379
E00136479,311,50,13,37,261,40,221,16.077170418006432,4.180064308681672,11.89710610932476,83.92282958199357,12.861736334405144,71.06109324758843
E00136480,295,46,13,33,249,34,215,15.593220338983052,4.406779661016949,11.186440677966102,84.40677966101696,11.525423728813559,72.88135593220339
E00136481,257,47,10,37,210,19,191,18.28793774319066,3.8910505836575875,14.396887159533073,81.71206225680933,7.392996108949417,74.31906614785993
E00136482,278,48,14,34,230,24,206,17.26618705035971,5.0359712230215825,12.23021582733813,82.73381294964028,8.633093525179856,74.10071942446042
E00136483,230,25,6,19,205,27,178,10.869565217391305,2.608695652173913,8.26086956521739,89.13043478260869,11.73913043478261,77.39130434782608
E00136484,294,48,10,38,246,31,215,16.3265306122449,3.4013605442176873,12.925170068027212,83.6734693877551,10.54421768707483,73.12925170068027
E00136485,323,66,20,46,257,41,216,20.43343653250774,6.191950464396285,14.241486068111456,79.56656346749226,12.693498452012383,66.87306501547987
E00136486,273,52,9,43,221,22,199,19.047619047619047,3.296703296703297,15.75091575091575,80.95238095238095,8.058608058608058,72.89377289377289
E00136487,180,36,16,20,144,26,118,20,8.88888888888889,11.11111111111111,80,14.444444444444443,65.55555555555556
E00136488,291,48,10,38,243,32,211,16.49484536082474,3.436426116838488,13.058419243986256,83.50515463917526,10.996563573883162,72.5085910652921
E00136489,129,30,18,12,99,14,85,23.25581395348837,13.953488372093023,9.30232558139535,76.74418604651163,10.852713178294573,65.89147286821705
E00136490,275,50,17,33,225,25,200,18.181818181818183,6.181818181818182,12,81.81818181818183,9.090909090909092,72.72727272727273
E00136491,307,72,20,52,235,26,209,23.452768729641694,6.514657980456026,16.938110749185668,76.54723127035831,8.469055374592834,68.07817589576547
E00136492,280,50,6,44,230,41,189,17.857142857142858,2.142857142857143,15.714285714285714,82.14285714285714,14.642857142857144,67.5
E00136493,258,32,5,27,226,28,198,12.4031007751938,1.937984496124031,10.465116279069768,87.59689922480621,10.852713178294573,76.74418604651163
E00136494,374,83,23,60,291,40,251,22.192513368983956,6.149732620320856,16.042780748663102,77.80748663101605,10.695187165775401,67.11229946524064
E00136495,322,54,10,44,268,36,232,16.77018633540373,3.1055900621118013,13.664596273291925,83.22981366459628,11.180124223602485,72.04968944099379
E00136496,295,44,8,36,251,29,222,14.915254237288137,2.711864406779661,12.203389830508476,85.08474576271186,9.830508474576272,75.2542372881356
E00136497,277,44,14,30,233,15,218,15.884476534296029,5.054151624548736,10.830324909747292,84.11552346570397,5.415162454873646,78.70036101083032
E00136498,217,54,17,37,163,22,141,24.88479262672811,7.834101382488479,17.050691244239633,75.11520737327189,10.138248847926267,64.97695852534562
E00136499,350,69,25,44,281,35,246,19.714285714285715,7.142857142857142,12.571428571428573,80.28571428571428,10,70.28571428571428
E00136500,289,55,12,43,234,25,209,19.031141868512112,4.1522491349480966,14.878892733564014,80.96885813148789,8.650519031141869,72.31833910034602
E00136501,273,57,28,29,216,27,189,20.87912087912088,10.256410256410255,10.622710622710622,79.12087912087912,9.89010989010989,69.23076923076923
E00136502,358,104,40,64,254,19,235,29.05027932960894,11.1731843575419,17.877094972067038,70.94972067039106,5.307262569832402,65.64245810055866
E00136503,249,54,15,39,195,27,168,21.686746987951807,6.024096385542169,15.66265060240964,78.3132530120482,10.843373493975903,67.46987951807229
E00136504,212,33,13,20,179,29,150,15.566037735849056,6.132075471698113,9.433962264150944,84.43396226415094,13.679245283018867,70.75471698113208
E00136505,278,37,16,21,241,24,217,13.309352517985612,5.755395683453238,7.553956834532374,86.6906474820144,8.633093525179856,78.05755395683454
E00136506,218,38,8,30,180,27,153,17.431192660550458,3.669724770642202,13.761467889908257,82.56880733944955,12.385321100917432,70.18348623853211
E00136507,236,40,13,27,196,26,170,16.94915254237288,5.508474576271186,11.440677966101696,83.05084745762711,11.016949152542372,72.03389830508475
E00136508,308,69,29,40,239,31,208,22.4025974025974,9.415584415584416,12.987012987012985,77.59740259740259,10.064935064935066,67.53246753246754
E00136509,323,69,29,40,254,19,235,21.36222910216718,8.978328173374612,12.38390092879257,78.63777089783281,5.88235294117647,72.75541795665634
E00136510,204,56,26,30,148,13,135,27.450980392156865,12.745098039215685,14.705882352941178,72.54901960784314,6.372549019607843,66.17647058823529
E00136511,345,52,16,36,293,32,261,15.072463768115943,4.63768115942029,10.434782608695652,84.92753623188406,9.27536231884058,75.65217391304347
E00136512,271,55,14,41,216,25,191,20.29520295202952,5.166051660516605,15.129151291512915,79.70479704797047,9.22509225092251,70.47970479704797
E00136513,267,35,9,26,232,18,214,13.108614232209737,3.3707865168539324,9.737827715355806,86.89138576779027,6.741573033707865,80.14981273408239
E00136514,351,86,43,43,265,22,243,24.501424501424502,12.250712250712251,12.250712250712251,75.49857549857549,6.267806267806268,69.23076923076923
E00136515,314,78,33,45,236,28,208,24.840764331210192,10.509554140127388,14.331210191082802,75.15923566878982,8.9171974522293,66.2420382165605
E00136516,230,33,10,23,197,28,169,14.347826086956522,4.3478260869565215,10,85.65217391304348,12.173913043478262,73.47826086956522
E00136517,252,69,32,37,183,23,160,27.380952380952383,12.698412698412698,14.682539682539684,72.61904761904762,9.126984126984127,63.49206349206349
E00136518,200,46,9,37,154,23,131,23,4.5,18.5,77,11.5,65.5
E00136519,281,47,21,26,234,23,211,16.72597864768683,7.473309608540925,9.252669039145907,83.27402135231317,8.185053380782918,75.08896797153025
E00136520,294,50,21,29,244,20,224,17.006802721088434,7.142857142857142,9.863945578231291,82.99319727891157,6.802721088435375,76.19047619047619
E00136521,322,32,10,22,290,29,261,9.937888198757763,3.1055900621118013,6.832298136645963,90.06211180124224,9.006211180124224,81.05590062111801
E00136522,338,55,14,41,283,34,249,16.272189349112427,4.142011834319527,12.1301775147929,83.72781065088756,10.059171597633137,73.66863905325444
E00136523,268,41,9,32,227,26,201,15.298507462686567,3.3582089552238807,11.940298507462686,84.70149253731343,9.701492537313433,75
E00136524,286,47,18,29,239,18,221,16.433566433566433,6.293706293706294,10.13986013986014,83.56643356643356,6.293706293706294,77.27272727272727
E00136525,258,46,16,30,212,25,187,17.829457364341085,6.2015503875969,11.627906976744185,82.17054263565892,9.689922480620156,72.48062015503875
E00136526,281,38,12,26,243,30,213,13.523131672597867,4.270462633451958,9.252669039145907,86.47686832740213,10.676156583629894,75.80071174377224
E00136527,247,41,10,31,206,25,181,16.599190283400812,4.048582995951417,12.550607287449392,83.40080971659918,10.121457489878543,73.27935222672065
E00136528,232,53,23,30,179,14,165,22.844827586206897,9.913793103448276,12.931034482758621,77.15517241379311,6.0344827586206895,71.12068965517241
E00136529,225,44,10,34,181,23,158,19.555555555555557,4.444444444444445,15.11111111111111,80.44444444444444,10.222222222222223,70.22222222222221
E00136530,445,107,40,67,338,27,311,24.044943820224717,8.98876404494382,15.056179775280897,75.95505617977528,6.067415730337078,69.88764044943821
E00136531,306,83,38,45,223,32,191,27.124183006535947,12.418300653594772,14.705882352941178,72.87581699346404,10.457516339869281,62.41830065359477
E00136532,294,49,7,42,245,26,219,16.666666666666664,2.380952380952381,14.285714285714285,83.33333333333334,8.843537414965986,74.48979591836735
E00136533,217,35,6,29,182,12,170,16.129032258064516,2.7649769585253456,13.36405529953917,83.87096774193549,5.529953917050691,78.3410138248848
E00136534,279,61,27,34,218,27,191,21.863799283154123,9.67741935483871,12.186379928315413,78.13620071684588,9.67741935483871,68.45878136200717
E00136535,406,69,23,46,337,27,310,16.995073891625616,5.665024630541872,11.330049261083744,83.00492610837439,6.65024630541872,76.35467980295566
E00136536,250,47,22,25,203,22,181,18.8,8.799999999999999,10,81.2,8.799999999999999,72.39999999999999
E00136537,240,40,12,28,200,25,175,16.666666666666664,5,11.666666666666666,83.33333333333334,10.416666666666668,72.91666666666666
E00136538,324,54,15,39,270,33,237,16.666666666666664,4.62962962962963,12.037037037037036,83.33333333333334,10.185185185185185,73.14814814814815
E00136539,247,42,12,30,205,26,179,17.00404858299595,4.8582995951417,12.145748987854251,82.99595141700405,10.526315789473683,72.46963562753037
E00136540,226,38,6,32,188,20,168,16.8141592920354,2.6548672566371683,14.15929203539823,83.1858407079646,8.849557522123893,74.33628318584071
E00136541,308,63,18,45,245,37,208,20.454545454545457,5.844155844155844,14.61038961038961,79.54545454545455,12.012987012987013,67.53246753246754
E00136542,257,47,19,28,210,27,183,18.28793774319066,7.392996108949417,10.894941634241246,81.71206225680933,10.505836575875486,71.20622568093385
E00136544,272,63,34,29,209,18,191,23.161764705882355,12.5,10.661764705882353,76.83823529411765,6.61764705882353,70.22058823529412
E00136545,243,61,27,34,182,19,163,25.102880658436217,11.11111111111111,13.991769547325102,74.8971193415638,7.818930041152264,67.07818930041152
E00136547,157,73,40,33,84,12,72,46.496815286624205,25.477707006369428,21.019108280254777,53.503184713375795,7.643312101910828,45.85987261146497
E00136548,373,90,31,59,283,40,243,24.128686327077748,8.310991957104557,15.81769436997319,75.87131367292224,10.723860589812332,65.14745308310992
E00136550,164,68,33,35,96,15,81,41.46341463414634,20.121951219512198,21.341463414634145,58.536585365853654,9.146341463414634,49.390243902439025
E00136553,285,99,40,59,186,31,155,34.73684210526316,14.035087719298245,20.701754385964914,65.26315789473685,10.87719298245614,54.385964912280706
E00136554,314,86,40,46,228,23,205,27.388535031847134,12.738853503184714,14.64968152866242,72.61146496815286,7.32484076433121,65.28662420382165
E00136555,274,35,5,30,239,32,207,12.773722627737227,1.824817518248175,10.948905109489052,87.22627737226277,11.678832116788321,75.54744525547446
E00136556,265,42,14,28,223,24,199,15.849056603773585,5.283018867924529,10.566037735849058,84.15094339622642,9.056603773584905,75.09433962264151
E00136558,135,22,10,12,113,12,101,16.296296296296298,7.4074074074074066,8.88888888888889,83.7037037037037,8.88888888888889,74.81481481481481
E00136559,287,57,19,38,230,20,210,19.860627177700348,6.620209059233449,13.240418118466899,80.13937282229965,6.968641114982578,73.17073170731707
E00136560,280,26,3,23,254,27,227,9.285714285714286,1.0714285714285714,8.214285714285714,90.71428571428571,9.642857142857144,81.07142857142857
E00136561,198,67,44,23,131,10,121,33.83838383838384,22.22222222222222,11.616161616161616,66.16161616161617,5.05050505050505,61.111111111111114
E00136562,221,53,26,27,168,15,153,23.981900452488688,11.76470588235294,12.217194570135746,76.01809954751131,6.787330316742081,69.23076923076923
E00136563,136,37,17,20,99,10,89,27.205882352941174,12.5,14.705882352941178,72.79411764705883,7.352941176470589,65.44117647058823
E00136564,314,60,32,28,254,18,236,19.10828025477707,10.191082802547772,8.9171974522293,80.89171974522293,5.7324840764331215,75.15923566878982
E00136565,279,76,25,51,203,23,180,27.24014336917563,8.960573476702509,18.27956989247312,72.75985663082437,8.24372759856631,64.51612903225806
E00136566,287,49,14,35,238,26,212,17.073170731707318,4.878048780487805,12.195121951219512,82.92682926829268,9.059233449477352,73.86759581881533
E00136567,207,75,37,38,132,13,119,36.231884057971016,17.874396135265698,18.357487922705314,63.76811594202898,6.280193236714976,57.48792270531401
E00136568,244,32,10,22,212,24,188,13.114754098360656,4.098360655737705,9.01639344262295,86.88524590163934,9.836065573770492,77.04918032786885
E00136569,313,54,14,40,259,26,233,17.252396166134183,4.472843450479233,12.779552715654951,82.74760383386581,8.30670926517572,74.4408945686901
E00136570,251,38,5,33,213,27,186,15.139442231075698,1.9920318725099602,13.147410358565736,84.86055776892431,10.756972111553784,74.10358565737052
E00136571,178,60,24,36,118,9,109,33.70786516853933,13.48314606741573,20.224719101123593,66.29213483146067,5.056179775280898,61.23595505617978
E00136573,364,59,18,41,305,31,274,16.208791208791208,4.945054945054945,11.263736263736265,83.79120879120879,8.516483516483516,75.27472527472527
E00136574,278,38,4,34,240,33,207,13.66906474820144,1.4388489208633095,12.23021582733813,86.33093525179856,11.870503597122301,74.46043165467626
E00136575,237,36,7,29,201,24,177,15.18987341772152,2.9535864978902953,12.236286919831224,84.81012658227847,10.126582278481013,74.68354430379746
E00136576,256,63,25,38,193,21,172,24.609375,9.765625,14.84375,75.390625,8.203125,67.1875
E00136577,224,53,16,37,171,18,153,23.660714285714285,7.142857142857142,16.517857142857142,76.33928571428571,8.035714285714286,68.30357142857143
E00136578,248,42,14,28,206,24,182,16.93548387096774,5.64516129032258,11.29032258064516,83.06451612903226,9.67741935483871,73.38709677419355
E00136579,287,64,23,41,223,35,188,22.299651567944252,8.013937282229964,14.285714285714285,77.70034843205575,12.195121951219512,65.50522648083623
E00136580,233,51,17,34,182,30,152,21.888412017167383,7.296137339055794,14.592274678111588,78.11158798283262,12.875536480686694,65.23605150214593
E00136581,211,62,30,32,149,16,133,29.383886255924168,14.218009478672986,15.165876777251185,70.61611374407583,7.5829383886255926,63.03317535545023
E00136582,246,33,11,22,213,17,196,13.414634146341465,4.471544715447155,8.94308943089431,86.58536585365853,6.910569105691057,79.67479674796748
E00136583,280,53,14,39,227,30,197,18.928571428571427,5,13.928571428571429,81.07142857142857,10.714285714285714,70.35714285714286
E00136584,264,71,28,43,193,14,179,26.89393939393939,10.606060606060606,16.28787878787879,73.10606060606061,5.303030303030303,67.8030303030303
E00136585,247,65,29,36,182,12,170,26.31578947368421,11.740890688259109,14.5748987854251,73.68421052631578,4.8582995951417,68.82591093117408
E00136586,334,50,19,31,284,38,246,14.97005988023952,5.688622754491018,9.281437125748502,85.02994011976048,11.377245508982035,73.65269461077844
E00136587,267,69,40,29,198,26,172,25.842696629213485,14.981273408239701,10.861423220973784,74.15730337078652,9.737827715355806,64.41947565543072
E00136588,242,30,6,24,212,16,196,12.396694214876034,2.479338842975207,9.917355371900827,87.60330578512396,6.6115702479338845,80.99173553719008
E00136589,279,69,32,37,210,34,176,24.731182795698924,11.469534050179211,13.261648745519713,75.26881720430107,12.186379928315413,63.08243727598566
E00136590,367,45,12,33,322,26,296,12.26158038147139,3.2697547683923704,8.991825613079019,87.73841961852861,7.084468664850137,80.65395095367847
E00136591,347,90,25,65,257,27,230,25.936599423631122,7.204610951008646,18.73198847262248,74.06340057636888,7.780979827089338,66.28242074927954
E00136592,259,39,8,31,220,29,191,15.057915057915059,3.088803088803089,11.96911196911197,84.94208494208493,11.196911196911197,73.74517374517374
E00136593,197,40,14,26,157,26,131,20.304568527918782,7.1065989847715745,13.19796954314721,79.69543147208121,13.19796954314721,66.49746192893402
E00136594,164,62,26,36,102,15,87,37.80487804878049,15.853658536585366,21.951219512195124,62.19512195121951,9.146341463414634,53.04878048780488
E00136595,260,87,31,56,173,12,161,33.46153846153846,11.923076923076923,21.53846153846154,66.53846153846153,4.615384615384616,61.92307692307693
E00136596,230,92,53,39,138,12,126,40,23.043478260869566,16.956521739130434,60,5.217391304347826,54.78260869565217
E00136597,267,44,22,22,223,23,200,16.479400749063668,8.239700374531834,8.239700374531834,83.52059925093633,8.614232209737828,74.90636704119851
E00136598,309,89,50,39,220,17,203,28.802588996763756,16.181229773462782,12.62135922330097,71.19741100323624,5.501618122977346,65.69579288025889
E00136599,253,69,39,30,184,11,173,27.27272727272727,15.41501976284585,11.857707509881422,72.72727272727273,4.3478260869565215,68.37944664031622
E00136600,280,45,17,28,235,19,216,16.071428571428573,6.071428571428571,10,83.92857142857143,6.785714285714286,77.14285714285715
E00136602,267,43,7,36,224,33,191,16.10486891385768,2.6217228464419478,13.48314606741573,83.89513108614233,12.359550561797752,71.53558052434457
E00136603,181,39,13,26,142,22,120,21.54696132596685,7.18232044198895,14.3646408839779,78.45303867403315,12.154696132596685,66.29834254143645
E00136604,253,53,12,41,200,14,186,20.948616600790515,4.743083003952568,16.205533596837945,79.05138339920948,5.533596837944664,73.51778656126481
E00136605,280,37,7,30,243,38,205,13.214285714285715,2.5,10.714285714285714,86.78571428571429,13.571428571428571,73.21428571428571
E00136606,369,56,15,41,313,32,281,15.176151761517614,4.0650406504065035,11.11111111111111,84.82384823848238,8.672086720867208,76.15176151761518
E00136607,228,36,7,29,192,28,164,15.789473684210526,3.070175438596491,12.719298245614036,84.21052631578947,12.280701754385964,71.9298245614035
E00136608,300,51,11,40,249,30,219,17,3.6666666666666665,13.333333333333334,83,10,73
E00136609,301,51,10,41,250,29,221,16.943521594684384,3.322259136212625,13.621262458471762,83.05647840531562,9.634551495016613,73.421926910299
E00136610,300,44,8,36,256,32,224,14.666666666666666,2.666666666666667,12,85.33333333333334,10.666666666666668,74.66666666666667
E00136611,248,73,30,43,175,11,164,29.435483870967744,12.096774193548388,17.338709677419356,70.56451612903226,4.435483870967742,66.12903225806451
E00136612,317,55,27,28,262,29,233,17.350157728706623,8.517350157728707,8.832807570977918,82.64984227129337,9.14826498422713,73.50157728706624
E00136613,254,61,19,42,193,29,164,24.015748031496063,7.480314960629922,16.535433070866144,75.98425196850394,11.41732283464567,64.56692913385827
E00136614,440,92,40,52,348,25,323,20.909090909090907,9.090909090909092,11.818181818181818,79.0909090909091,5.681818181818182,73.4090909090909
E00136615,237,53,22,31,184,11,173,22.362869198312236,9.282700421940929,13.080168776371309,77.63713080168776,4.641350210970464,72.9957805907173
E00136616,260,52,14,38,208,33,175,20,5.384615384615385,14.615384615384617,80,12.692307692307692,67.3076923076923
E00136617,224,49,27,22,175,11,164,21.875,12.053571428571429,9.821428571428571,78.125,4.910714285714286,73.21428571428571
E00136618,444,81,26,55,363,35,328,18.243243243243242,5.8558558558558556,12.387387387387387,81.75675675675676,7.882882882882883,73.87387387387388
E00136619,414,79,28,51,335,28,307,19.082125603864732,6.763285024154589,12.318840579710146,80.91787439613528,6.763285024154589,74.15458937198068
E00136620,395,96,44,52,299,27,272,24.30379746835443,11.139240506329113,13.164556962025317,75.69620253164557,6.8354430379746836,68.86075949367088
E00136621,355,47,13,34,308,31,277,13.239436619718308,3.6619718309859155,9.577464788732394,86.76056338028168,8.732394366197182,78.0281690140845
E00136622,500,94,40,54,406,33,373,18.8,8,10.8,81.2,6.6000000000000005,74.6
E00136623,370,77,29,48,293,27,266,20.81081081081081,7.837837837837839,12.972972972972974,79.1891891891892,7.297297297297297,71.89189189189189
E00136624,396,56,15,41,340,27,313,14.14141414141414,3.787878787878788,10.353535353535353,85.85858585858585,6.8181818181818175,79.04040404040404
E00136625,577,143,56,87,434,31,403,24.783362218370883,9.705372616984402,15.077989601386482,75.21663778162912,5.37261698440208,69.84402079722703
E00136626,207,49,22,27,158,17,141,23.67149758454106,10.628019323671497,13.043478260869565,76.32850241545893,8.212560386473431,68.11594202898551
E00136627,366,64,28,36,302,28,274,17.48633879781421,7.650273224043716,9.836065573770492,82.5136612021858,7.650273224043716,74.86338797814209
E00136629,351,71,34,37,280,18,262,20.22792022792023,9.686609686609685,10.541310541310542,79.77207977207978,5.128205128205128,74.64387464387464
E00136630,351,70,19,51,281,38,243,19.943019943019944,5.413105413105413,14.529914529914532,80.05698005698005,10.826210826210826,69.23076923076923
E00136631,262,72,31,41,190,16,174,27.480916030534353,11.83206106870229,15.648854961832063,72.51908396946564,6.106870229007633,66.41221374045801
E00136632,346,113,53,60,233,17,216,32.65895953757225,15.31791907514451,17.341040462427745,67.34104046242774,4.913294797687861,62.42774566473989
E00136633,264,59,23,36,205,16,189,22.348484848484848,8.712121212121213,13.636363636363635,77.65151515151516,6.0606060606060606,71.5909090909091
E00136634,530,112,47,65,418,38,380,21.132075471698116,8.867924528301886,12.264150943396226,78.8679245283019,7.169811320754717,71.69811320754717
E00136636,241,63,34,29,178,15,163,26.141078838174277,14.107883817427386,12.033195020746888,73.85892116182573,6.224066390041494,67.63485477178423
E00136637,311,51,18,33,260,23,237,16.39871382636656,5.787781350482315,10.610932475884244,83.60128617363344,7.395498392282958,76.20578778135048
E00136638,355,51,15,36,304,36,268,14.366197183098592,4.225352112676056,10.140845070422536,85.63380281690141,10.140845070422536,75.49295774647888
E00136639,436,70,20,50,366,39,327,16.055045871559635,4.587155963302752,11.46788990825688,83.94495412844036,8.944954128440367,75
E00136640,223,43,16,27,180,22,158,19.282511210762333,7.174887892376682,12.10762331838565,80.71748878923766,9.865470852017937,70.85201793721974
E00136641,493,113,41,72,380,27,353,22.920892494929006,8.316430020283976,14.60446247464503,77.079107505071,5.476673427991886,71.6024340770791
E00136642,440,103,50,53,337,35,302,23.40909090909091,11.363636363636363,12.045454545454545,76.5909090909091,7.954545454545454,68.63636363636364
E00136643,221,75,50,25,146,17,129,33.93665158371041,22.624434389140273,11.312217194570136,66.06334841628959,7.6923076923076925,58.371040723981906
E00136644,615,109,46,63,506,39,467,17.72357723577236,7.479674796747967,10.24390243902439,82.27642276422765,6.341463414634147,75.9349593495935
E00136645,310,86,47,39,224,20,204,27.741935483870968,15.161290322580644,12.580645161290322,72.25806451612902,6.451612903225806,65.80645161290323
E00136646,439,89,40,49,350,26,324,20.273348519362187,9.111617312072893,11.161731207289293,79.72665148063781,5.922551252847381,73.80410022779044
E00136647,456,91,36,55,365,26,339,19.956140350877195,7.894736842105263,12.06140350877193,80.04385964912281,5.701754385964912,74.3421052631579
E00136648,452,103,38,65,349,29,320,22.787610619469024,8.4070796460177,14.380530973451327,77.21238938053098,6.415929203539823,70.79646017699115
E00136649,378,58,23,35,320,41,279,15.343915343915343,6.084656084656085,9.25925925925926,84.65608465608466,10.846560846560847,73.80952380952381
E00136650,299,60,18,42,239,26,213,20.066889632107024,6.0200668896321075,14.046822742474916,79.93311036789298,8.695652173913043,71.23745819397993
E00136651,241,42,12,30,199,21,178,17.42738589211618,4.979253112033195,12.448132780082988,82.57261410788381,8.71369294605809,73.85892116182573
E00136652,300,79,39,40,221,21,200,26.333333333333332,13,13.333333333333334,73.66666666666667,7.000000000000001,66.66666666666666
E00136653,292,82,28,54,210,22,188,28.08219178082192,9.58904109589041,18.493150684931507,71.91780821917808,7.534246575342466,64.38356164383562
E00136654,354,75,28,47,279,36,243,21.1864406779661,7.909604519774012,13.27683615819209,78.8135593220339,10.16949152542373,68.64406779661016
E00136655,281,70,34,36,211,10,201,24.91103202846975,12.099644128113878,12.811387900355871,75.08896797153025,3.558718861209965,71.53024911032028
E00136656,320,74,32,42,246,18,228,23.125,10,13.125,76.875,5.625,71.25
E00136657,342,91,44,47,251,24,227,26.608187134502927,12.865497076023392,13.742690058479532,73.39181286549707,7.017543859649122,66.37426900584795
E00136658,374,76,35,41,298,26,272,20.32085561497326,9.358288770053475,10.962566844919785,79.67914438502673,6.951871657754011,72.72727272727273
E00136659,316,58,19,39,258,36,222,18.354430379746837,6.012658227848101,12.341772151898734,81.64556962025317,11.39240506329114,70.25316455696202
E00136660,317,65,18,47,252,23,229,20.50473186119874,5.678233438485805,14.826498422712934,79.49526813880126,7.255520504731862,72.2397476340694
E00136661,242,54,25,29,188,20,168,22.31404958677686,10.330578512396695,11.983471074380166,77.68595041322314,8.264462809917356,69.42148760330579
E00136662,438,99,50,49,339,32,307,22.602739726027394,11.415525114155251,11.187214611872145,77.3972602739726,7.30593607305936,70.09132420091323
E00136663,237,77,29,48,160,9,151,32.48945147679325,12.236286919831224,20.253164556962027,67.51054852320675,3.79746835443038,63.71308016877637
E00136664,256,55,18,37,201,21,180,21.484375,7.03125,14.453125,78.515625,8.203125,70.3125
E00136665,337,68,26,42,269,28,241,20.178041543026705,7.71513353115727,12.462908011869436,79.82195845697329,8.30860534124629,71.51335311572701
E00136666,405,93,30,63,312,27,285,22.962962962962962,7.4074074074074066,15.555555555555555,77.03703703703704,6.666666666666667,70.37037037037037
E00136667,299,64,16,48,235,31,204,21.40468227424749,5.351170568561873,16.05351170568562,78.59531772575251,10.367892976588628,68.22742474916387
E00173827,380,75,20,55,305,33,272,19.736842105263158,5.263157894736842,14.473684210526317,80.26315789473685,8.68421052631579,71.57894736842105
E00173828,1091,249,67,182,842,90,752,22.823098075160402,6.14115490375802,16.681943171402384,77.1769019248396,8.249312557286894,68.9275893675527
E00173829,265,35,7,28,230,18,212,13.20754716981132,2.6415094339622645,10.566037735849058,86.79245283018868,6.7924528301886795,80
E00173830,186,54,26,28,132,7,125,29.03225806451613,13.978494623655912,15.053763440860216,70.96774193548387,3.763440860215054,67.20430107526882
E00173831,343,51,15,36,292,27,265,14.868804664723031,4.373177842565598,10.495626822157435,85.13119533527697,7.871720116618077,77.25947521865889
E00173832,364,30,4,26,334,22,312,8.241758241758241,1.098901098901099,7.142857142857142,91.75824175824175,6.043956043956044,85.71428571428571
E00173833,433,66,24,42,367,29,338,15.242494226327944,5.542725173210162,9.699769053117784,84.75750577367207,6.697459584295612,78.06004618937644
E00173834,385,43,20,23,342,33,309,11.168831168831169,5.194805194805195,5.974025974025974,88.83116883116882,8.571428571428571,80.25974025974027
E00173835,358,54,19,35,304,31,273,15.083798882681565,5.307262569832402,9.776536312849162,84.91620111731844,8.659217877094973,76.25698324022346
E00173837,338,65,25,40,273,21,252,19.230769230769234,7.396449704142012,11.834319526627219,80.76923076923077,6.21301775147929,74.55621301775149
E00173838,372,53,22,31,319,31,288,14.24731182795699,5.913978494623656,8.333333333333332,85.75268817204301,8.333333333333332,77.41935483870968
E00173839,2967,436,67,369,2531,207,2324,14.694978092349173,2.2581732389619145,12.43680485338726,85.30502190765083,6.976744186046512,78.32827772160431
E00173840,339,51,14,37,288,18,270,15.04424778761062,4.129793510324483,10.914454277286136,84.95575221238938,5.3097345132743365,79.64601769911505
E00173841,313,33,13,20,280,18,262,10.543130990415335,4.15335463258786,6.3897763578274756,89.45686900958466,5.7507987220447285,83.70607028753993
E00173842,576,99,20,79,477,48,429,17.1875,3.4722222222222223,13.715277777777779,82.8125,8.333333333333332,74.47916666666666
E00173843,355,40,10,30,315,44,271,11.267605633802818,2.8169014084507045,8.450704225352112,88.73239436619718,12.394366197183098,76.33802816901408
E00173844,383,42,14,28,341,21,320,10.966057441253264,3.6553524804177546,7.310704960835509,89.03394255874673,5.483028720626632,83.5509138381201
E00173845,384,50,10,40,334,43,291,13.020833333333334,2.604166666666667,10.416666666666668,86.97916666666666,11.197916666666668,75.78125
E00173846,288,69,33,36,219,31,188,23.958333333333336,11.458333333333332,12.5,76.04166666666666,10.76388888888889,65.27777777777779
E00173847,284,47,17,30,237,21,216,16.549295774647888,5.985915492957746,10.56338028169014,83.45070422535211,7.394366197183098,76.05633802816901
E00173848,304,48,24,24,256,24,232,15.789473684210526,7.894736842105263,7.894736842105263,84.21052631578947,7.894736842105263,76.31578947368422
E00173849,265,39,13,26,226,31,195,14.716981132075471,4.905660377358491,9.811320754716983,85.28301886792453,11.69811320754717,73.58490566037736
E00173853,193,24,11,13,169,11,158,12.435233160621761,5.699481865284974,6.7357512953367875,87.56476683937824,5.699481865284974,81.86528497409327
E00173856,239,28,12,16,211,13,198,11.715481171548117,5.02092050209205,6.694560669456067,88.28451882845188,5.439330543933055,82.84518828451883
E00173860,198,33,14,19,165,11,154,16.666666666666664,7.07070707070707,9.595959595959595,83.33333333333334,5.555555555555555,77.77777777777779
E00173861,204,22,4,18,182,15,167,10.784313725490197,1.9607843137254901,8.823529411764707,89.2156862745098,7.352941176470589,81.86274509803921
E00187858,294,36,11,25,258,29,229,12.244897959183673,3.741496598639456,8.503401360544217,87.75510204081633,9.863945578231291,77.89115646258503
E00187859,236,36,11,25,200,23,177,15.254237288135593,4.661016949152542,10.59322033898305,84.7457627118644,9.745762711864407,75
E00187860,261,28,10,18,233,15,218,10.727969348659004,3.8314176245210727,6.896551724137931,89.272030651341,5.747126436781609,83.5249042145594
E00187868,216,78,37,41,138,12,126,36.11111111111111,17.12962962962963,18.98148148148148,63.888888888888886,5.555555555555555,58.333333333333336
E00187869,289,34,16,18,255,29,226,11.76470588235294,5.536332179930796,6.228373702422145,88.23529411764706,10.034602076124568,78.20069204152249
E00187872,169,40,18,22,129,16,113,23.668639053254438,10.650887573964498,13.017751479289942,76.33136094674556,9.467455621301776,66.86390532544378
E00187873,348,37,8,29,311,38,273,10.632183908045976,2.2988505747126435,8.333333333333332,89.36781609195403,10.919540229885058,78.44827586206897
E00187874,540,90,34,56,450,28,422,16.666666666666664,6.296296296296296,10.37037037037037,83.33333333333334,5.185185185185185,78.14814814814814
E00187884,325,68,27,41,257,34,223,20.923076923076923,8.307692307692308,12.615384615384615,79.07692307692308,10.461538461538462,68.61538461538461
E00187895,138,36,8,28,102,9,93,26.08695652173913,5.797101449275362,20.28985507246377,73.91304347826086,6.521739130434782,67.3913043478261
E00187916,190,52,22,30,138,18,120,27.368421052631582,11.578947368421053,15.789473684210526,72.63157894736842,9.473684210526317,63.1578947368421
E00187917,225,29,6,23,196,17,179,12.88888888888889,2.666666666666667,10.222222222222223,87.1111111111111,7.555555555555555,79.55555555555556
E00187921,147,15,3,12,132,14,118,10.204081632653061,2.0408163265306123,8.16326530612245,89.79591836734694,9.523809523809524,80.27210884353741
E00187935,101,32,16,16,69,8,61,31.683168316831683,15.841584158415841,15.841584158415841,68.31683168316832,7.920792079207921,60.396039603960396
E00187936,302,64,25,39,238,19,219,21.192052980132452,8.27814569536424,12.91390728476821,78.80794701986756,6.291390728476822,72.51655629139073
E00187940,625,259,74,185,366,69,297,41.44,11.84,29.599999999999998,58.56,11.04,47.52
E00187945,166,107,65,42,59,3,56,64.45783132530121,39.1566265060241,25.301204819277107,35.54216867469879,1.8072289156626504,33.734939759036145
E00187958,517,117,31,86,400,46,354,22.63056092843327,5.996131528046422,16.634429400386846,77.36943907156673,8.897485493230175,68.47195357833655
E00187966,260,50,8,42,210,23,187,19.230769230769234,3.076923076923077,16.153846153846153,80.76923076923077,8.846153846153847,71.92307692307692
E00187967,155,44,12,32,111,13,98,28.387096774193548,7.741935483870968,20.64516129032258,71.61290322580646,8.38709677419355,63.2258064516129
E00187969,142,27,10,17,115,11,104,19.014084507042252,7.042253521126761,11.971830985915492,80.98591549295774,7.746478873239436,73.23943661971832
E00187971,128,21,5,16,107,13,94,16.40625,3.90625,12.5,83.59375,10.15625,73.4375
E00187974,216,46,16,30,170,14,156,21.296296296296298,7.4074074074074066,13.88888888888889,78.70370370370371,6.481481481481481,72.22222222222221
E00187979,146,31,10,21,115,13,102,21.232876712328768,6.8493150684931505,14.383561643835616,78.76712328767124,8.904109589041095,69.86301369863014
E00187989,102,16,0,16,86,9,77,15.686274509803921,0,15.686274509803921,84.31372549019608,8.823529411764707,75.49019607843137
E00187991,127,36,13,23,91,11,80,28.346456692913385,10.236220472440944,18.11023622047244,71.65354330708661,8.661417322834646,62.99212598425197
E00187994,143,22,9,13,121,16,105,15.384615384615385,6.293706293706294,9.090909090909092,84.61538461538461,11.188811188811188,73.42657342657343
E00187999,377,71,23,48,306,22,284,18.83289124668435,6.10079575596817,12.73209549071618,81.16710875331566,5.835543766578249,75.3315649867374
E00188007,334,50,15,35,284,37,247,14.97005988023952,4.491017964071856,10.479041916167663,85.02994011976048,11.077844311377245,73.95209580838323
