OA,ts0590001,ts0590002,ts0590003,ts0590004,ts0590005,ts0590006,ts0590007,ts0590002_PCT,ts0590003_PCT,ts0590004_PCT,ts0590005_PCT,ts0590006_PCT,ts0590007_PCT
E00136233,157,59,21,38,98,86,12,37.57961783439491,13.375796178343949,24.203821656050955,62.42038216560509,54.77707006369427,7.643312101910828
E00136234,225,72,22,50,153,125,28,32,9.777777777777779,22.22222222222222,68,55.55555555555556,12.444444444444445
E00136235,148,65,21,44,83,75,8,43.91891891891892,14.18918918918919,29.72972972972973,56.08108108108109,50.67567567567568,5.405405405405405
E00136238,128,54,16,38,74,66,8,42.1875,12.5,29.6875,57.8125,51.5625,6.25
E00136239,132,59,29,30,73,66,7,44.696969696969695,21.96969696969697,22.727272727272727,55.3030303030303,50,5.303030303030303
E00136240,121,66,36,30,55,46,9,54.54545454545454,29.75206611570248,24.793388429752067,45.45454545454545,38.01652892561984,7.43801652892562
E00136241,144,64,29,35,80,70,10,44.44444444444444,20.13888888888889,24.305555555555554,55.55555555555556,48.61111111111111,6.944444444444445
E00136242,110,47,26,21,63,58,5,42.72727272727273,23.636363636363637,19.090909090909093,57.27272727272727,52.72727272727272,4.545454545454546
E00136243,127,78,55,23,49,44,5,61.417322834645674,43.30708661417323,18.11023622047244,38.582677165354326,34.645669291338585,3.937007874015748
E00136244,125,50,17,33,75,66,9,40,13.600000000000001,26.400000000000002,60,52.800000000000004,7.199999999999999
E00136245,139,74,44,30,65,56,9,53.23741007194245,31.654676258992804,21.58273381294964,46.76258992805755,40.28776978417266,6.474820143884892
E00136246,111,39,14,25,72,65,7,35.13513513513514,12.612612612612612,22.52252252252252,64.86486486486487,58.55855855855856,6.306306306306306
E00136247,121,48,16,32,73,65,8,39.66942148760331,13.223140495867769,26.446280991735538,60.33057851239669,53.71900826446281,6.6115702479338845
E00136248,113,41,20,21,72,61,11,36.283185840707965,17.699115044247787,18.58407079646018,63.716814159292035,53.98230088495575,9.734513274336283
E00136249,127,42,18,24,85,71,14,33.07086614173229,14.173228346456693,18.89763779527559,66.92913385826772,55.90551181102362,11.023622047244094
E00136250,144,42,15,27,102,94,8,29.166666666666668,10.416666666666668,18.75,70.83333333333334,65.27777777777779,5.555555555555555
E00136251,92,36,12,24,56,52,4,39.130434782608695,13.043478260869565,26.08695652173913,60.86956521739131,56.52173913043478,4.3478260869565215
E00136252,92,30,7,23,62,56,6,32.608695652173914,7.608695652173914,25,67.3913043478261,60.86956521739131,6.521739130434782
E00136253,130,53,20,33,77,69,8,40.76923076923077,15.384615384615385,25.384615384615383,59.23076923076923,53.07692307692308,6.153846153846154
E00136254,165,58,17,41,107,91,16,35.15151515151515,10.303030303030303,24.848484848484848,64.84848484848484,55.15151515151515,9.696969696969697
E00136255,131,39,12,27,92,81,11,29.770992366412212,9.16030534351145,20.610687022900763,70.22900763358778,61.832061068702295,8.396946564885496
E00136256,93,31,10,21,62,53,9,33.33333333333333,10.75268817204301,22.58064516129032,66.66666666666666,56.98924731182796,9.67741935483871
E00136257,141,51,16,35,90,73,17,36.17021276595745,11.347517730496454,24.822695035460992,63.829787234042556,51.77304964539007,12.056737588652481
E00136258,295,99,34,65,196,168,28,33.559322033898304,11.525423728813559,22.033898305084744,66.44067796610169,56.949152542372886,9.491525423728813
E00136259,121,49,12,37,72,59,13,40.49586776859504,9.917355371900827,30.57851239669421,59.50413223140496,48.760330578512395,10.743801652892563
E00136260,135,42,14,28,93,86,7,31.11111111111111,10.37037037037037,20.74074074074074,68.88888888888889,63.70370370370371,5.185185185185185
E00136261,130,36,8,28,94,86,8,27.692307692307693,6.153846153846154,21.53846153846154,72.3076923076923,66.15384615384615,6.153846153846154
E00136262,152,41,12,29,111,91,20,26.973684210526315,7.894736842105263,19.078947368421055,73.02631578947368,59.86842105263158,13.157894736842104
E00136263,131,52,19,33,79,69,10,39.69465648854962,14.50381679389313,25.190839694656486,60.30534351145038,52.67175572519084,7.633587786259542
E00136264,197,72,20,52,125,108,17,36.54822335025381,10.152284263959391,26.39593908629442,63.45177664974619,54.82233502538071,8.629441624365482
E00136265,169,64,15,49,105,84,21,37.8698224852071,8.875739644970414,28.994082840236686,62.1301775147929,49.70414201183432,12.42603550295858
E00136266,180,46,13,33,134,120,14,25.555555555555554,7.222222222222221,18.333333333333332,74.44444444444444,66.66666666666666,7.777777777777778
E00136267,140,45,9,36,95,84,11,32.142857142857146,6.428571428571428,25.71428571428571,67.85714285714286,60,7.857142857142857
E00136268,129,40,15,25,89,75,14,31.007751937984494,11.627906976744185,19.379844961240313,68.9922480620155,58.139534883720934,10.852713178294573
E00136269,142,45,14,31,97,74,23,31.690140845070424,9.859154929577464,21.830985915492956,68.30985915492957,52.112676056338024,16.19718309859155
E00136270,70,31,13,18,39,34,5,44.285714285714285,18.571428571428573,25.71428571428571,55.714285714285715,48.57142857142857,7.142857142857142
E00136271,147,44,16,28,103,97,6,29.931972789115648,10.884353741496598,19.047619047619047,70.06802721088435,65.98639455782312,4.081632653061225
E00136272,162,53,16,37,109,93,16,32.71604938271605,9.876543209876543,22.839506172839506,67.28395061728395,57.407407407407405,9.876543209876543
E00136273,137,40,14,26,97,86,11,29.1970802919708,10.218978102189782,18.97810218978102,70.8029197080292,62.77372262773723,8.02919708029197
E00136274,184,47,9,38,137,124,13,25.543478260869566,4.891304347826087,20.652173913043477,74.45652173913044,67.3913043478261,7.065217391304348
E00136276,228,41,7,34,187,165,22,17.982456140350877,3.070175438596491,14.912280701754385,82.01754385964912,72.36842105263158,9.649122807017543
E00136277,176,54,15,39,122,104,18,30.681818181818183,8.522727272727272,22.15909090909091,69.31818181818183,59.09090909090909,10.227272727272728
E00136278,100,32,11,21,68,64,4,32,11,21,68,64,4
E00136279,103,28,10,18,75,67,8,27.184466019417474,9.70873786407767,17.475728155339805,72.81553398058253,65.0485436893204,7.766990291262135
E00136280,123,33,13,20,90,83,7,26.82926829268293,10.569105691056912,16.260162601626014,73.17073170731707,67.47967479674797,5.691056910569105
E00136281,166,63,23,40,103,84,19,37.95180722891566,13.855421686746988,24.096385542168676,62.048192771084345,50.602409638554214,11.44578313253012
E00136282,166,35,13,22,131,120,11,21.084337349397593,7.83132530120482,13.253012048192772,78.91566265060241,72.28915662650603,6.626506024096386
E00136283,142,29,6,23,113,102,11,20.422535211267608,4.225352112676056,16.19718309859155,79.5774647887324,71.83098591549296,7.746478873239436
E00136284,156,52,13,39,104,91,13,33.33333333333333,8.333333333333332,25,66.66666666666666,58.333333333333336,8.333333333333332
E00136285,124,39,7,32,85,78,7,31.451612903225808,5.64516129032258,25.806451612903224,68.54838709677419,62.903225806451616,5.64516129032258
E00136286,114,40,15,25,74,67,7,35.08771929824561,13.157894736842104,21.929824561403507,64.91228070175438,58.77192982456141,6.140350877192982
E00136287,133,47,19,28,86,76,10,35.338345864661655,14.285714285714285,21.052631578947366,64.66165413533834,57.14285714285714,7.518796992481203
E00136288,162,56,16,40,106,99,7,34.5679012345679,9.876543209876543,24.691358024691358,65.4320987654321,61.111111111111114,4.320987654320987
E00136289,105,43,12,31,62,54,8,40.95238095238095,11.428571428571429,29.523809523809526,59.04761904761905,51.42857142857142,7.6190476190476195
E00136290,145,46,20,26,99,86,13,31.724137931034484,13.793103448275861,17.93103448275862,68.27586206896552,59.310344827586206,8.96551724137931
E00136291,142,53,13,40,89,74,15,37.32394366197183,9.15492957746479,28.169014084507044,62.676056338028175,52.112676056338024,10.56338028169014
E00136292,138,43,12,31,95,88,7,31.15942028985507,8.695652173913043,22.463768115942027,68.84057971014492,63.76811594202898,5.072463768115942
E00136293,182,58,22,36,124,115,9,31.868131868131865,12.087912087912088,19.78021978021978,68.13186813186813,63.18681318681318,4.945054945054945
E00136294,142,50,17,33,92,80,12,35.2112676056338,11.971830985915492,23.239436619718308,64.7887323943662,56.33802816901409,8.450704225352112
E00136295,189,63,16,47,126,113,13,33.33333333333333,8.465608465608465,24.867724867724867,66.66666666666666,59.78835978835979,6.878306878306878
E00136296,152,42,12,30,110,88,22,27.631578947368425,7.894736842105263,19.736842105263158,72.36842105263158,57.89473684210527,14.473684210526317
E00136297,94,34,12,22,60,54,6,36.17021276595745,12.76595744680851,23.404255319148938,63.829787234042556,57.446808510638306,6.382978723404255
E00136298,157,65,21,44,92,82,10,41.40127388535032,13.375796178343949,28.02547770700637,58.59872611464968,52.22929936305732,6.369426751592357
E00136299,153,52,11,41,101,93,8,33.98692810457516,7.18954248366013,26.797385620915033,66.01307189542483,60.78431372549019,5.228758169934641
E00136300,90,30,5,25,60,52,8,33.33333333333333,5.555555555555555,27.77777777777778,66.66666666666666,57.77777777777777,8.88888888888889
E00136301,136,45,14,31,91,80,11,33.088235294117645,10.294117647058822,22.794117647058822,66.91176470588235,58.82352941176471,8.088235294117647
E00136302,89,33,13,20,56,49,7,37.07865168539326,14.606741573033707,22.47191011235955,62.92134831460674,55.0561797752809,7.865168539325842
E00136303,111,38,16,22,73,66,7,34.234234234234236,14.414414414414415,19.81981981981982,65.76576576576578,59.45945945945946,6.306306306306306
E00136304,120,37,7,30,83,76,7,30.833333333333336,5.833333333333333,25,69.16666666666667,63.33333333333333,5.833333333333333
E00136305,140,52,18,34,88,81,7,37.142857142857146,12.857142857142856,24.285714285714285,62.857142857142854,57.85714285714286,5
E00136306,83,29,10,19,54,47,7,34.93975903614458,12.048192771084338,22.89156626506024,65.06024096385542,56.62650602409639,8.433734939759036
E00136307,123,43,8,35,80,74,6,34.959349593495936,6.504065040650407,28.455284552845526,65.04065040650406,60.16260162601627,4.878048780487805
E00136308,132,52,14,38,80,69,11,39.39393939393939,10.606060606060606,28.78787878787879,60.60606060606061,52.27272727272727,8.333333333333332
E00136309,153,61,22,39,92,79,13,39.869281045751634,14.37908496732026,25.49019607843137,60.130718954248366,51.633986928104584,8.49673202614379
E00136310,92,33,11,22,59,54,5,35.869565217391305,11.956521739130435,23.91304347826087,64.13043478260869,58.69565217391305,5.434782608695652
E00136311,139,40,9,31,99,88,11,28.776978417266186,6.474820143884892,22.302158273381295,71.22302158273382,63.30935251798561,7.913669064748201
E00136312,127,36,8,28,91,84,7,28.346456692913385,6.299212598425196,22.04724409448819,71.65354330708661,66.14173228346458,5.511811023622047
E00136313,115,35,9,26,80,71,9,30.434782608695656,7.82608695652174,22.608695652173914,69.56521739130434,61.73913043478261,7.82608695652174
E00136314,129,43,10,33,86,78,8,33.33333333333333,7.751937984496124,25.581395348837212,66.66666666666666,60.46511627906976,6.2015503875969
E00136315,135,52,17,35,83,68,15,38.51851851851852,12.592592592592592,25.925925925925924,61.48148148148148,50.37037037037037,11.11111111111111
E00136316,129,42,15,27,87,83,4,32.55813953488372,11.627906976744185,20.930232558139537,67.44186046511628,64.34108527131784,3.10077519379845
E00136317,155,49,15,34,106,93,13,31.61290322580645,9.67741935483871,21.935483870967744,68.38709677419355,60,8.38709677419355
E00136319,108,44,8,36,64,53,11,40.74074074074074,7.4074074074074066,33.33333333333333,59.25925925925925,49.074074074074076,10.185185185185185
E00136320,158,48,16,32,110,102,8,30.37974683544304,10.126582278481013,20.253164556962027,69.62025316455697,64.55696202531645,5.063291139240507
E00136321,153,59,23,36,94,87,7,38.56209150326798,15.032679738562091,23.52941176470588,61.43790849673203,56.86274509803921,4.57516339869281
E00136322,72,28,12,16,44,33,11,38.88888888888889,16.666666666666664,22.22222222222222,61.111111111111114,45.83333333333333,15.277777777777779
E00136323,162,45,13,32,117,102,15,27.77777777777778,8.024691358024691,19.753086419753085,72.22222222222221,62.96296296296296,9.25925925925926
E00136324,178,58,13,45,120,110,10,32.58426966292135,7.303370786516854,25.280898876404496,67.41573033707866,61.79775280898876,5.617977528089887
E00136325,87,26,7,19,61,51,10,29.88505747126437,8.045977011494253,21.839080459770116,70.11494252873564,58.620689655172406,11.494252873563218
E00136326,144,54,11,43,90,80,10,37.5,7.638888888888889,29.86111111111111,62.5,55.55555555555556,6.944444444444445
E00136327,168,62,22,40,106,91,15,36.904761904761905,13.095238095238097,23.809523809523807,63.095238095238095,54.166666666666664,8.928571428571429
E00136328,146,38,10,28,108,98,10,26.027397260273972,6.8493150684931505,19.17808219178082,73.97260273972603,67.12328767123287,6.8493150684931505
E00136329,124,43,9,34,81,71,10,34.67741935483871,7.258064516129033,27.419354838709676,65.32258064516128,57.25806451612904,8.064516129032258
E00136330,126,64,27,37,62,55,7,50.79365079365079,21.428571428571427,29.365079365079367,49.2063492063492,43.65079365079365,5.555555555555555
E00136331,121,39,19,20,82,68,14,32.231404958677686,15.702479338842975,16.528925619834713,67.76859504132231,56.19834710743802,11.570247933884298
E00136332,145,62,20,42,83,70,13,42.758620689655174,13.793103448275861,28.965517241379313,57.24137931034483,48.275862068965516,8.96551724137931
E00136333,86,33,10,23,53,42,11,38.372093023255815,11.627906976744185,26.744186046511626,61.627906976744185,48.837209302325576,12.790697674418606
E00136334,111,40,19,21,71,61,10,36.03603603603604,17.117117117117118,18.91891891891892,63.96396396396396,54.95495495495496,9.00900900900901
E00136335,132,59,26,33,73,47,26,44.696969696969695,19.696969696969695,25,55.3030303030303,35.60606060606061,19.696969696969695
E00136336,87,29,8,21,58,48,10,33.33333333333333,9.195402298850574,24.137931034482758,66.66666666666666,55.172413793103445,11.494252873563218
E00136337,134,38,18,20,96,75,21,28.35820895522388,13.432835820895523,14.925373134328357,71.64179104477611,55.970149253731336,15.671641791044777
E00136338,122,44,14,30,78,68,10,36.0655737704918,11.475409836065573,24.59016393442623,63.934426229508205,55.73770491803278,8.19672131147541
E00136339,126,43,22,21,83,58,25,34.12698412698413,17.46031746031746,16.666666666666664,65.87301587301587,46.03174603174603,19.841269841269842
E00136340,115,41,16,25,74,56,18,35.65217391304348,13.91304347826087,21.73913043478261,64.34782608695652,48.69565217391305,15.65217391304348
E00136341,108,29,12,17,79,61,18,26.851851851851855,11.11111111111111,15.74074074074074,73.14814814814815,56.481481481481474,16.666666666666664
E00136342,100,31,10,21,69,47,22,31,10,21,69,47,22
E00136343,120,49,21,28,71,59,12,40.833333333333336,17.5,23.333333333333332,59.166666666666664,49.166666666666664,10
E00136344,115,41,20,21,74,58,16,35.65217391304348,17.391304347826086,18.26086956521739,64.34782608695652,50.43478260869565,13.91304347826087
E00136345,205,52,15,37,153,127,26,25.365853658536587,7.317073170731707,18.048780487804876,74.63414634146342,61.951219512195124,12.682926829268293
E00136346,78,29,5,24,49,42,7,37.17948717948718,6.41025641025641,30.76923076923077,62.82051282051282,53.84615384615385,8.974358974358974
E00136347,127,46,14,32,81,68,13,36.22047244094488,11.023622047244094,25.196850393700785,63.77952755905512,53.54330708661418,10.236220472440944
E00136348,117,36,14,22,81,66,15,30.76923076923077,11.965811965811966,18.803418803418804,69.23076923076923,56.41025641025641,12.82051282051282
E00136349,146,42,11,31,104,92,12,28.767123287671232,7.534246575342466,21.232876712328768,71.23287671232876,63.013698630136986,8.21917808219178
E00136350,98,33,10,23,65,54,11,33.6734693877551,10.204081632653061,23.46938775510204,66.3265306122449,55.10204081632652,11.224489795918368
E00136351,150,45,15,30,105,93,12,30,10,20,70,62,8
E00136352,138,32,13,19,106,89,17,23.18840579710145,9.420289855072465,13.768115942028986,76.81159420289855,64.4927536231884,12.318840579710146
E00136353,126,54,20,34,72,53,19,42.857142857142854,15.873015873015872,26.984126984126984,57.14285714285714,42.06349206349206,15.079365079365079
E00136354,153,60,20,40,93,84,9,39.21568627450981,13.071895424836603,26.143790849673206,60.78431372549019,54.90196078431373,5.88235294117647
E00136355,141,36,11,25,105,88,17,25.53191489361702,7.801418439716312,17.73049645390071,74.46808510638297,62.4113475177305,12.056737588652481
E00136356,152,40,18,22,112,95,17,26.31578947368421,11.842105263157894,14.473684210526317,73.68421052631578,62.5,11.18421052631579
E00136357,118,28,12,16,90,66,24,23.728813559322035,10.16949152542373,13.559322033898304,76.27118644067797,55.932203389830505,20.33898305084746
E00136358,140,68,33,35,72,58,14,48.57142857142857,23.57142857142857,25,51.42857142857142,41.42857142857143,10
E00136359,158,73,31,42,85,74,11,46.20253164556962,19.62025316455696,26.582278481012654,53.79746835443038,46.835443037974684,6.962025316455696
E00136360,94,45,19,26,49,46,3,47.87234042553192,20.212765957446805,27.659574468085108,52.12765957446809,48.93617021276596,3.1914893617021276
E00136361,152,69,19,50,83,72,11,45.39473684210527,12.5,32.89473684210527,54.60526315789473,47.368421052631575,7.236842105263158
E00136362,125,45,16,29,80,67,13,36,12.8,23.200000000000003,64,53.6,10.4
E00136363,139,55,16,39,84,79,5,39.568345323741006,11.510791366906476,28.05755395683453,60.431654676258994,56.83453237410072,3.5971223021582732
E00136364,139,44,16,28,95,85,10,31.654676258992804,11.510791366906476,20.14388489208633,68.34532374100719,61.15107913669065,7.1942446043165464
E00136365,114,35,10,25,79,69,10,30.701754385964914,8.771929824561402,21.929824561403507,69.2982456140351,60.526315789473685,8.771929824561402
E00136366,172,63,19,44,109,97,12,36.627906976744185,11.046511627906977,25.581395348837212,63.372093023255815,56.395348837209305,6.976744186046512
E00136367,126,51,19,32,75,61,14,40.476190476190474,15.079365079365079,25.396825396825395,59.523809523809526,48.41269841269841,11.11111111111111
E00136368,105,42,8,34,63,53,10,40,7.6190476190476195,32.38095238095238,60,50.476190476190474,9.523809523809524
E00136369,75,28,7,21,47,37,10,37.333333333333336,9.333333333333334,28.000000000000004,62.66666666666667,49.333333333333336,13.333333333333334
E00136370,105,46,6,40,59,52,7,43.80952380952381,5.714285714285714,38.095238095238095,56.19047619047619,49.523809523809526,6.666666666666667
E00136371,160,56,18,38,104,91,13,35,11.25,23.75,65,56.875,8.125
E00136372,127,50,17,33,77,67,10,39.37007874015748,13.385826771653544,25.984251968503933,60.629921259842526,52.75590551181102,7.874015748031496
E00136373,100,36,10,26,64,57,7,36,10,26,64,56.99999999999999,7.000000000000001
E00136374,87,20,7,13,67,58,9,22.988505747126435,8.045977011494253,14.942528735632186,77.01149425287356,66.66666666666666,10.344827586206897
E00136375,96,33,12,21,63,53,10,34.375,12.5,21.875,65.625,55.208333333333336,10.416666666666668
E00136376,150,32,9,23,118,102,16,21.333333333333336,6,15.333333333333332,78.66666666666666,68,10.666666666666668
E00136377,162,46,15,31,116,104,12,28.39506172839506,9.25925925925926,19.1358024691358,71.60493827160494,64.19753086419753,7.4074074074074066
E00136378,194,40,12,28,154,136,18,20.618556701030926,6.185567010309279,14.432989690721648,79.38144329896907,70.10309278350515,9.278350515463918
E00136379,123,34,16,18,89,81,8,27.64227642276423,13.008130081300814,14.634146341463413,72.35772357723577,65.85365853658537,6.504065040650407
E00136380,98,36,13,23,62,57,5,36.734693877551024,13.26530612244898,23.46938775510204,63.26530612244898,58.16326530612245,5.1020408163265305
E00136381,130,49,15,34,81,75,6,37.69230769230769,11.538461538461538,26.153846153846157,62.30769230769231,57.692307692307686,4.615384615384616
E00136382,124,41,10,31,83,69,14,33.064516129032256,8.064516129032258,25,66.93548387096774,55.64516129032258,11.29032258064516
E00136383,176,53,19,34,123,112,11,30.113636363636363,10.795454545454545,19.318181818181817,69.88636363636364,63.63636363636363,6.25
E00136384,126,43,9,34,83,73,10,34.12698412698413,7.142857142857142,26.984126984126984,65.87301587301587,57.936507936507944,7.936507936507936
E00136385,131,49,18,31,82,68,14,37.404580152671755,13.740458015267176,23.66412213740458,62.59541984732825,51.908396946564885,10.687022900763358
E00136386,130,44,15,29,86,82,4,33.84615384615385,11.538461538461538,22.30769230769231,66.15384615384615,63.07692307692307,3.076923076923077
E00136387,159,61,17,44,98,85,13,38.36477987421384,10.69182389937107,27.67295597484277,61.63522012578616,53.459119496855344,8.176100628930817
E00136388,126,46,15,31,80,71,9,36.507936507936506,11.904761904761903,24.6031746031746,63.49206349206349,56.34920634920635,7.142857142857142
E00136389,123,52,17,35,71,57,14,42.27642276422765,13.821138211382115,28.455284552845526,57.72357723577236,46.34146341463415,11.38211382113821
E00136390,151,56,18,38,95,84,11,37.086092715231786,11.920529801324504,25.165562913907287,62.913907284768214,55.62913907284768,7.28476821192053
E00136391,137,60,19,41,77,69,8,43.79562043795621,13.86861313868613,29.927007299270077,56.20437956204379,50.36496350364964,5.839416058394161
E00136392,155,61,21,40,94,85,9,39.35483870967742,13.548387096774196,25.806451612903224,60.64516129032258,54.83870967741935,5.806451612903226
E00136393,117,39,10,29,78,72,6,33.33333333333333,8.547008547008547,24.786324786324787,66.66666666666666,61.53846153846154,5.128205128205128
E00136394,136,51,9,42,85,77,8,37.5,6.61764705882353,30.88235294117647,62.5,56.61764705882353,5.88235294117647
E00136395,218,59,26,33,159,146,13,27.06422018348624,11.926605504587156,15.137614678899084,72.93577981651376,66.97247706422019,5.963302752293578
E00136397,98,39,12,27,59,58,1,39.795918367346935,12.244897959183673,27.55102040816326,60.204081632653065,59.183673469387756,1.0204081632653061
E00136398,19,10,1,9,9,9,0,52.63157894736842,5.263157894736842,47.368421052631575,47.368421052631575,47.368421052631575,0
E00136399,110,32,9,23,78,73,5,29.09090909090909,8.181818181818182,20.909090909090907,70.9090909090909,66.36363636363637,4.545454545454546
E00136400,172,51,12,39,121,108,13,29.651162790697676,6.976744186046512,22.674418604651162,70.34883720930233,62.7906976744186,7.55813953488372
E00136401,255,80,22,58,175,151,24,31.372549019607842,8.627450980392156,22.745098039215687,68.62745098039215,59.21568627450981,9.411764705882353
E00136402,214,58,20,38,156,136,20,27.102803738317753,9.345794392523365,17.75700934579439,72.89719626168224,63.55140186915887,9.345794392523365
E00136403,67,31,10,21,36,30,6,46.26865671641791,14.925373134328357,31.343283582089555,53.73134328358209,44.776119402985074,8.955223880597014
E00136404,104,33,7,26,71,60,11,31.73076923076923,6.730769230769231,25,68.26923076923077,57.692307692307686,10.576923076923077
E00136405,177,59,31,28,118,110,8,33.33333333333333,17.51412429378531,15.819209039548024,66.66666666666666,62.14689265536724,4.519774011299435
E00136406,129,39,16,23,90,81,9,30.23255813953488,12.4031007751938,17.829457364341085,69.76744186046511,62.7906976744186,6.976744186046512
E00136407,129,44,16,28,85,73,12,34.10852713178294,12.4031007751938,21.705426356589147,65.89147286821705,56.58914728682171,9.30232558139535
E00136408,116,41,17,24,75,66,9,35.3448275862069,14.655172413793101,20.689655172413794,64.65517241379311,56.896551724137936,7.758620689655173
E00136409,137,47,15,32,90,84,6,34.306569343065696,10.948905109489052,23.357664233576642,65.69343065693431,61.31386861313869,4.37956204379562
E00136410,107,26,9,17,81,76,5,24.299065420560748,8.411214953271028,15.887850467289718,75.70093457943925,71.02803738317756,4.672897196261682
E00136411,111,33,12,21,78,70,8,29.72972972972973,10.81081081081081,18.91891891891892,70.27027027027027,63.06306306306306,7.207207207207207
E00136412,219,54,26,28,165,145,20,24.65753424657534,11.87214611872146,12.785388127853881,75.34246575342466,66.21004566210046,9.1324200913242
E00136413,112,43,19,24,69,56,13,38.392857142857146,16.964285714285715,21.428571428571427,61.60714285714286,50,11.607142857142858
E00136414,137,43,13,30,94,81,13,31.386861313868614,9.48905109489051,21.897810218978105,68.61313868613139,59.12408759124088,9.48905109489051
E00136415,97,35,12,23,62,54,8,36.08247422680412,12.371134020618557,23.711340206185564,63.91752577319587,55.670103092783506,8.24742268041237
E00136416,109,41,10,31,68,58,10,37.61467889908257,9.174311926605505,28.440366972477065,62.38532110091744,53.21100917431193,9.174311926605505
E00136417,114,45,12,33,69,63,6,39.473684210526315,10.526315789473683,28.947368421052634,60.526315789473685,55.26315789473685,5.263157894736842
E00136418,123,40,16,24,83,74,9,32.52032520325203,13.008130081300814,19.51219512195122,67.47967479674797,60.16260162601627,7.317073170731707
E00136419,89,36,17,19,53,46,7,40.44943820224719,19.101123595505616,21.34831460674157,59.55056179775281,51.68539325842697,7.865168539325842
E00136420,45,17,10,7,28,27,1,37.77777777777778,22.22222222222222,15.555555555555555,62.22222222222222,60,2.2222222222222223
E00136422,187,67,34,33,120,109,11,35.82887700534759,18.181818181818183,17.647058823529413,64.171122994652407,58.288770053475936,5.88235294117647
E00136423,159,60,22,38,99,77,22,37.735849056603776,13.836477987421384,23.89937106918239,62.264150943396224,48.42767295597484,13.836477987421384
E00136424,186,46,27,19,140,120,20,24.731182795698924,14.516129032258066,10.21505376344086,75.26881720430107,64.51612903225806,10.75268817204301
E00136425,66,25,11,14,41,38,3,37.878787878787875,16.666666666666664,21.21212121212121,62.121212121212125,57.57575757575758,4.545454545454546
E00136426,104,36,9,27,68,62,6,34.61538461538461,8.653846153846153,25.961538461538463,65.38461538461539,59.61538461538461,5.769230769230769
E00136427,108,34,12,22,74,67,7,31.48148148148148,11.11111111111111,20.37037037037037,68.51851851851852,62.03703703703704,6.481481481481481
E00136428,140,57,28,29,83,64,19,40.714285714285715,20,20.714285714285715,59.285714285714285,45.714285714285715,13.571428571428571
E00136429,76,24,9,15,52,46,6,31.57894736842105,11.842105263157894,19.736842105263158,68.42105263157895,60.526315789473685,7.894736842105263
E00136430,118,39,20,19,79,67,12,33.05084745762712,16.94915254237288,16.101694915254235,66.94915254237289,56.779661016949156,10.16949152542373
E00136431,187,79,37,42,108,102,6,42.24598930481284,19.786096256684495,22.459893048128343,57.75401069518716,54.54545454545454,3.2085561497326207
E00136432,169,58,23,35,111,86,25,34.319526627218934,13.609467455621301,20.710059171597635,65.68047337278107,50.887573964497044,14.792899408284024
E00136435,121,40,10,30,81,70,11,33.057851239669425,8.264462809917356,24.793388429752067,66.94214876033058,57.85123966942148,9.090909090909092
E00136436,137,53,18,35,84,74,10,38.68613138686132,13.138686131386862,25.547445255474454,61.31386861313869,54.01459854014598,7.2992700729927
E00136437,128,45,12,33,83,77,6,35.15625,9.375,25.78125,64.84375,60.15625,4.6875
E00136438,74,31,9,22,43,37,6,41.891891891891895,12.162162162162163,29.72972972972973,58.108108108108105,50,8.108108108108109
E00136439,124,43,16,27,81,69,12,34.67741935483871,12.903225806451612,21.774193548387096,65.32258064516128,55.64516129032258,9.67741935483871
E00136440,147,59,12,47,88,75,13,40.136054421768705,8.16326530612245,31.97278911564626,59.863945578231295,51.02040816326531,8.843537414965986
E00136441,144,46,13,33,98,87,11,31.944444444444443,9.027777777777777,22.916666666666664,68.05555555555556,60.416666666666664,7.638888888888889
E00136442,132,38,12,26,94,87,7,28.78787878787879,9.090909090909092,19.696969696969695,71.21212121212122,65.9090909090909,5.303030303030303
E00136443,180,61,15,46,119,107,12,33.88888888888889,8.333333333333332,25.555555555555554,66.11111111111111,59.44444444444444,6.666666666666667
E00136444,135,40,7,33,95,84,11,29.629629629629626,5.185185185185185,24.444444444444443,70.37037037037037,62.22222222222222,8.148148148148149
E00136445,200,65,22,43,135,120,15,32.5,11,21.5,67.5,60,7.5
E00136446,156,63,19,44,93,84,9,40.38461538461539,12.179487179487179,28.205128205128204,59.61538461538461,53.84615384615385,5.769230769230769
E00136447,134,43,16,27,91,80,11,32.08955223880597,11.940298507462686,20.149253731343283,67.91044776119402,59.70149253731343,8.208955223880597
E00136449,127,39,17,22,88,77,11,30.708661417322837,13.385826771653544,17.322834645669293,69.29133858267717,60.629921259842526,8.661417322834646
E00136450,139,46,11,35,93,78,15,33.093525179856115,7.913669064748201,25.179856115107913,66.90647482014388,56.11510791366906,10.79136690647482
E00136451,168,46,18,28,122,98,24,27.380952380952383,10.714285714285714,16.666666666666664,72.61904761904762,58.333333333333336,14.285714285714285
E00136452,160,42,15,27,118,106,12,26.25,9.375,16.875,73.75,66.25,7.5
E00136453,155,45,12,33,110,97,13,29.03225806451613,7.741935483870968,21.29032258064516,70.96774193548387,62.58064516129033,8.38709677419355
E00136454,158,35,9,26,123,110,13,22.151898734177212,5.69620253164557,16.455696202531644,77.84810126582279,69.62025316455697,8.227848101265822
E00136455,209,61,24,37,148,127,21,29.1866028708134,11.483253588516746,17.703349282296653,70.81339712918661,60.76555023923444,10.047846889952153
E00136456,142,41,12,29,101,87,14,28.87323943661972,8.450704225352112,20.422535211267608,71.12676056338029,61.267605633802816,9.859154929577464
E00136457,151,48,15,33,103,96,7,31.788079470198678,9.933774834437086,21.85430463576159,68.21192052980133,63.576158940397356,4.635761589403973
E00136458,138,56,16,40,82,75,7,40.57971014492754,11.594202898550725,28.985507246376812,59.42028985507246,54.347826086956516,5.072463768115942
E00136459,109,34,10,24,75,67,8,31.19266055045872,9.174311926605505,22.018348623853214,68.80733944954129,61.46788990825688,7.339449541284404
E00136460,161,63,17,46,98,85,13,39.130434782608695,10.559006211180124,28.57142857142857,60.86956521739131,52.79503105590062,8.074534161490684
E00136461,171,54,6,48,117,102,15,31.57894736842105,3.508771929824561,28.07017543859649,68.42105263157895,59.64912280701754,8.771929824561402
E00136462,134,40,20,20,94,83,11,29.850746268656714,14.925373134328357,14.925373134328357,70.1492537313433,61.940298507462686,8.208955223880597
E00136463,123,40,11,29,83,77,6,32.52032520325203,8.94308943089431,23.577235772357724,67.47967479674797,62.601626016260155,4.878048780487805
E00136464,111,40,6,34,71,61,10,36.03603603603604,5.405405405405405,30.630630630630627,63.96396396396396,54.95495495495496,9.00900900900901
E00136465,169,59,16,43,110,98,12,34.9112426035503,9.467455621301776,25.443786982248522,65.08875739644971,57.98816568047337,7.100591715976331
E00136466,118,36,10,26,82,72,10,30.508474576271187,8.47457627118644,22.033898305084744,69.49152542372882,61.016949152542374,8.47457627118644
E00136467,92,34,14,20,58,52,6,36.95652173913043,15.217391304347828,21.73913043478261,63.04347826086957,56.52173913043478,6.521739130434782
E00136468,149,52,14,38,97,85,12,34.899328859060404,9.395973154362416,25.503355704697988,65.1006711409396,57.04697986577181,8.053691275167784
E00136469,159,71,23,48,88,73,15,44.65408805031446,14.465408805031446,30.18867924528302,55.34591194968554,45.911949685534594,9.433962264150944
E00136470,171,60,22,38,111,94,17,35.08771929824561,12.865497076023392,22.22222222222222,64.91228070175438,54.97076023391813,9.941520467836257
E00136471,183,70,36,34,113,89,24,38.25136612021858,19.672131147540984,18.579234972677597,61.74863387978142,48.63387978142077,13.114754098360656
E00136472,156,49,13,36,107,88,19,31.41025641025641,8.333333333333332,23.076923076923077,68.58974358974359,56.41025641025641,12.179487179487179
E00136473,169,58,22,36,111,97,14,34.319526627218934,13.017751479289942,21.301775147928996,65.68047337278107,57.396449704142015,8.284023668639055
E00136474,165,54,16,38,111,95,16,32.72727272727273,9.696969696969697,23.03030303030303,67.27272727272727,57.57575757575758,9.696969696969697
E00136475,163,68,19,49,95,85,10,41.717791411042946,11.65644171779141,30.061349693251532,58.282208588957054,52.14723926380368,6.134969325153374
E00136476,179,57,22,35,122,104,18,31.843575418994412,12.290502793296088,19.553072625698324,68.15642458100558,58.10055865921788,10.05586592178771
E00136477,144,52,22,30,92,76,16,36.11111111111111,15.277777777777779,20.833333333333336,63.888888888888886,52.77777777777778,11.11111111111111
E00136478,165,67,28,39,98,81,17,40.60606060606061,16.969696969696972,23.636363636363637,59.3939393939394,49.09090909090909,10.303030303030303
E00136479,168,54,22,32,114,102,12,32.142857142857146,13.095238095238097,19.047619047619047,67.85714285714286,60.71428571428571,7.142857142857142
E00136480,178,59,31,28,119,106,13,33.146067415730336,17.415730337078653,15.730337078651685,66.85393258426966,59.55056179775281,7.303370786516854
E00136481,142,56,16,40,86,76,10,39.436619718309856,11.267605633802818,28.169014084507044,60.56338028169014,53.52112676056338,7.042253521126761
E00136482,168,55,14,41,113,95,18,32.73809523809524,8.333333333333332,24.404761904761905,67.26190476190477,56.547619047619044,10.714285714285714
E00136483,144,41,12,29,103,84,19,28.47222222222222,8.333333333333332,20.13888888888889,71.52777777777779,58.333333333333336,13.194444444444445
E00136484,174,52,29,23,122,108,14,29.88505747126437,16.666666666666664,13.218390804597702,70.11494252873564,62.06896551724138,8.045977011494253
E00136485,196,57,22,35,139,121,18,29.081632653061224,11.224489795918368,17.857142857142858,70.91836734693877,61.73469387755102,9.183673469387756
E00136486,122,45,18,27,77,64,13,36.885245901639344,14.754098360655737,22.131147540983605,63.114754098360656,52.459016393442624,10.655737704918032
E00136487,106,36,12,24,70,55,15,33.9622641509434,11.320754716981133,22.641509433962266,66.0377358490566,51.886792452830186,14.150943396226415
E00136488,144,48,21,27,96,84,12,33.33333333333333,14.583333333333334,18.75,66.66666666666666,58.333333333333336,8.333333333333332
E00136489,56,9,3,6,47,41,6,16.071428571428573,5.357142857142857,10.714285714285714,83.92857142857143,73.21428571428571,10.714285714285714
E00136490,130,49,18,31,81,67,14,37.69230769230769,13.846153846153847,23.846153846153847,62.30769230769231,51.53846153846153,10.76923076923077
E00136491,170,56,26,30,114,91,23,32.94117647058823,15.294117647058824,17.647058823529413,67.05882352941175,53.529411764705884,13.529411764705882
E00136492,163,51,16,35,112,94,18,31.28834355828221,9.815950920245399,21.472392638036812,68.71165644171779,57.668711656441715,11.042944785276074
E00136493,116,51,19,32,65,57,8,43.96551724137931,16.379310344827587,27.586206896551722,56.03448275862068,49.137931034482754,6.896551724137931
E00136494,201,59,32,27,142,111,31,29.35323383084577,15.92039800995025,13.432835820895523,70.64676616915423,55.223880597014926,15.422885572139302
E00136495,186,67,23,44,119,104,15,36.02150537634409,12.365591397849462,23.655913978494624,63.97849462365591,55.91397849462365,8.064516129032258
E00136496,165,55,19,36,110,96,14,33.33333333333333,11.515151515151516,21.818181818181817,66.66666666666666,58.18181818181818,8.484848484848486
E00136497,140,47,24,23,93,82,11,33.57142857142857,17.142857142857142,16.428571428571427,66.42857142857143,58.57142857142858,7.857142857142857
E00136498,111,47,15,32,64,52,12,42.34234234234234,13.513513513513514,28.82882882882883,57.65765765765766,46.846846846846844,10.81081081081081
E00136499,169,64,32,32,105,87,18,37.8698224852071,18.93491124260355,18.93491124260355,62.1301775147929,51.4792899408284,10.650887573964498
E00136500,144,54,19,35,90,78,12,37.5,13.194444444444445,24.305555555555554,62.5,54.166666666666664,8.333333333333332
E00136501,167,53,25,28,114,106,8,31.736526946107784,14.97005988023952,16.766467065868262,68.26347305389223,63.47305389221557,4.790419161676647
E00136502,144,57,18,39,87,77,10,39.58333333333333,12.5,27.083333333333332,60.416666666666664,53.47222222222222,6.944444444444445
E00136503,128,42,9,33,86,76,10,32.8125,7.03125,25.78125,67.1875,59.375,7.8125
E00136504,142,38,10,28,104,88,16,26.76056338028169,7.042253521126761,19.718309859154928,73.23943661971832,61.97183098591549,11.267605633802818
E00136505,171,50,14,36,121,109,12,29.239766081871345,8.187134502923977,21.052631578947366,70.76023391812866,63.74269005847953,7.017543859649122
E00136506,148,38,12,26,110,97,13,25.675675675675674,8.108108108108109,17.56756756756757,74.32432432432432,65.54054054054053,8.783783783783784
E00136507,137,40,11,29,97,85,12,29.1970802919708,8.02919708029197,21.16788321167883,70.8029197080292,62.04379562043796,8.75912408759124
E00136508,138,53,13,40,85,71,14,38.405797101449274,9.420289855072465,28.985507246376812,61.59420289855072,51.449275362318836,10.144927536231885
E00136509,171,54,13,41,117,108,9,31.57894736842105,7.602339181286549,23.976608187134502,68.42105263157895,63.1578947368421,5.263157894736842
E00136510,87,30,5,25,57,48,9,34.48275862068966,5.747126436781609,28.735632183908045,65.51724137931035,55.172413793103445,10.344827586206897
E00136511,216,63,28,35,153,138,15,29.166666666666668,12.962962962962962,16.203703703703702,70.83333333333334,63.888888888888886,6.944444444444445
E00136512,122,43,17,26,79,62,17,35.24590163934426,13.934426229508196,21.311475409836063,64.75409836065575,50.81967213114754,13.934426229508196
E00136513,163,42,14,28,121,104,17,25.766871165644172,8.588957055214724,17.177914110429448,74.23312883435584,63.80368098159509,10.429447852760736
E00136514,217,59,22,37,158,148,10,27.188940092165897,10.138248847926267,17.050691244239633,72.81105990783409,68.20276497695853,4.6082949308755765
E00136515,132,47,10,37,85,74,11,35.60606060606061,7.575757575757576,28.030303030303028,64.39393939393939,56.060606060606055,8.333333333333332
E00136516,162,43,16,27,119,104,15,26.543209876543212,9.876543209876543,16.666666666666664,73.4567901234568,64.19753086419753,9.25925925925926
E00136517,149,43,11,32,106,94,12,28.859060402684566,7.38255033557047,21.476510067114095,71.14093959731544,63.08724832214765,8.053691275167784
E00136518,133,28,11,17,105,94,11,21.052631578947366,8.270676691729323,12.781954887218044,78.94736842105263,70.67669172932331,8.270676691729323
E00136519,150,31,9,22,119,108,11,20.666666666666668,6,14.666666666666666,79.33333333333333,72,7.333333333333333
E00136520,146,40,8,32,106,91,15,27.397260273972602,5.47945205479452,21.91780821917808,72.6027397260274,62.328767123287676,10.273972602739725
E00136521,223,51,13,38,172,147,25,22.869955156950674,5.829596412556054,17.040358744394617,77.13004484304933,65.91928251121077,11.210762331838566
E00136522,240,51,14,37,189,169,20,21.25,5.833333333333333,15.416666666666668,78.75,70.41666666666667,8.333333333333332
E00136523,170,47,16,31,123,101,22,27.647058823529413,9.411764705882353,18.235294117647058,72.35294117647058,59.411764705882355,12.941176470588237
E00136524,115,45,15,30,70,62,8,39.130434782608695,13.043478260869565,26.08695652173913,60.86956521739131,53.91304347826087,6.956521739130435
E00136525,159,44,16,28,115,101,14,27.67295597484277,10.062893081761008,17.61006289308176,72.32704402515722,63.52201257861635,8.80503144654088
E00136526,174,45,13,32,129,112,17,25.862068965517242,7.471264367816093,18.39080459770115,74.13793103448276,64.36781609195403,9.770114942528735
E00136527,140,31,6,25,109,94,15,22.142857142857142,4.285714285714286,17.857142857142858,77.85714285714286,67.14285714285714,10.714285714285714
E00136528,106,48,18,30,58,51,7,45.28301886792453,16.9811320754717,28.30188679245283,54.71698113207547,48.113207547169814,6.60377358490566
E00136529,159,40,7,33,119,101,18,25.157232704402517,4.40251572327044,20.754716981132077,74.84276729559748,63.52201257861635,11.320754716981133
E00136530,241,61,21,40,180,158,22,25.311203319502074,8.71369294605809,16.59751037344398,74.68879668049793,65.56016597510373,9.12863070539419
E00136531,186,55,19,36,131,115,16,29.56989247311828,10.21505376344086,19.35483870967742,70.43010752688173,61.82795698924731,8.60215053763441
E00136532,191,56,18,38,135,116,19,29.31937172774869,9.424083769633508,19.895287958115183,70.68062827225131,60.73298429319372,9.947643979057592
E00136533,138,37,8,29,101,93,8,26.811594202898554,5.797101449275362,21.014492753623188,73.18840579710145,67.3913043478261,5.797101449275362
E00136534,152,43,12,31,109,102,7,28.289473684210524,7.894736842105263,20.394736842105264,71.71052631578947,67.10526315789474,4.605263157894736
E00136535,216,58,21,37,158,143,15,26.851851851851855,9.722222222222223,17.12962962962963,73.14814814814815,66.20370370370371,6.944444444444445
E00136536,146,48,18,30,98,87,11,32.87671232876712,12.32876712328767,20.54794520547945,67.12328767123287,59.589041095890416,7.534246575342466
E00136537,145,43,14,29,102,91,11,29.655172413793103,9.655172413793103,20,70.34482758620689,62.758620689655174,7.586206896551724
E00136538,198,65,18,47,133,119,14,32.82828282828283,9.090909090909092,23.737373737373737,67.17171717171718,60.1010101010101,7.07070707070707
E00136539,154,28,11,17,126,113,13,18.181818181818183,7.142857142857142,11.03896103896104,81.81818181818183,73.37662337662337,8.441558441558442
E00136540,143,49,14,35,94,81,13,34.26573426573427,9.79020979020979,24.475524475524477,65.73426573426573,56.64335664335665,9.090909090909092
E00136541,195,43,17,26,152,129,23,22.05128205128205,8.717948717948717,13.333333333333334,77.94871794871796,66.15384615384615,11.794871794871794
E00136542,168,36,11,25,132,123,9,21.428571428571427,6.547619047619048,14.880952380952381,78.57142857142857,73.21428571428571,5.357142857142857
E00136544,141,54,21,33,87,81,6,38.297872340425535,14.893617021276595,23.404255319148938,61.702127659574465,57.446808510638306,4.25531914893617
E00136545,109,35,18,17,74,67,7,32.11009174311927,16.51376146788991,15.59633027522936,67.88990825688074,61.46788990825688,6.422018348623854
E00136547,24,16,7,9,8,7,1,66.66666666666666,29.166666666666668,37.5,33.33333333333333,29.166666666666668,4.166666666666666
E00136548,221,56,21,35,165,143,22,25.339366515837103,9.502262443438914,15.837104072398189,74.6606334841629,64.70588235294117,9.95475113122172
E00136550,15,2,1,1,13,12,1,13.333333333333334,6.666666666666667,6.666666666666667,86.66666666666667,80,6.666666666666667
E00136553,162,49,20,29,113,103,10,30.246913580246915,12.345679012345679,17.901234567901234,69.75308641975309,63.580246913580254,6.172839506172839
E00136554,132,50,17,33,82,73,9,37.878787878787875,12.878787878787879,25,62.121212121212125,55.3030303030303,6.8181818181818175
E00136555,117,45,17,28,72,63,9,38.46153846153847,14.529914529914532,23.931623931623932,61.53846153846154,53.84615384615385,7.6923076923076925
E00136556,100,34,11,23,66,58,8,34,11,23,66,57.99999999999999,8
E00136558,100,14,5,9,86,67,19,14.000000000000002,5,9,86,67,19
E00136559,191,46,16,30,145,127,18,24.083769633507853,8.37696335078534,15.706806282722512,75.91623036649214,66.49214659685863,9.424083769633508
E00136560,212,37,15,22,175,155,20,17.452830188679243,7.0754716981132075,10.377358490566039,82.54716981132076,73.11320754716981,9.433962264150944
E00136561,90,31,11,20,59,54,5,34.44444444444444,12.222222222222221,22.22222222222222,65.55555555555556,60,5.555555555555555
E00136562,103,37,13,24,66,63,3,35.92233009708738,12.62135922330097,23.300970873786408,64.07766990291263,61.165048543689316,2.912621359223301
E00136563,63,24,8,16,39,31,8,38.095238095238095,12.698412698412698,25.396825396825395,61.904761904761905,49.2063492063492,12.698412698412698
E00136564,150,41,15,26,109,98,11,27.333333333333332,10,17.333333333333336,72.66666666666667,65.33333333333333,7.333333333333333
E00136565,112,44,17,27,68,57,11,39.285714285714285,15.178571428571427,24.107142857142858,60.71428571428571,50.89285714285714,9.821428571428571
E00136566,147,53,23,30,94,71,23,36.054421768707485,15.646258503401361,20.408163265306122,63.94557823129252,48.29931972789115,15.646258503401361
E00136567,82,26,12,14,56,56,0,31.70731707317073,14.634146341463413,17.073170731707318,68.29268292682927,68.29268292682927,0
E00136568,159,42,15,27,117,102,15,26.41509433962264,9.433962264150944,16.9811320754717,73.58490566037736,64.15094339622641,9.433962264150944
E00136569,191,45,17,28,146,127,19,23.56020942408377,8.900523560209423,14.659685863874344,76.43979057591623,66.49214659685863,9.947643979057592
E00136570,151,60,15,45,91,75,16,39.735099337748345,9.933774834437086,29.80132450331126,60.264900662251655,49.668874172185426,10.596026490066226
E00136571,72,21,7,14,51,44,7,29.166666666666668,9.722222222222223,19.444444444444446,70.83333333333334,61.111111111111114,9.722222222222223
E00136573,194,40,16,24,154,128,26,20.618556701030926,8.24742268041237,12.371134020618557,79.38144329896907,65.97938144329896,13.402061855670103
E00136574,115,37,12,25,78,71,7,32.17391304347826,10.434782608695652,21.73913043478261,67.82608695652173,61.73913043478261,6.086956521739131
E00136575,144,41,17,24,103,96,7,28.47222222222222,11.805555555555555,16.666666666666664,71.52777777777779,66.66666666666666,4.861111111111112
E00136576,116,39,8,31,77,73,4,33.62068965517241,6.896551724137931,26.72413793103448,66.37931034482759,62.93103448275862,3.4482758620689653
E00136577,118,37,14,23,81,74,7,31.35593220338983,11.864406779661017,19.491525423728813,68.64406779661016,62.71186440677966,5.932203389830509
E00136578,121,43,18,25,78,71,7,35.53719008264463,14.87603305785124,20.66115702479339,64.46280991735537,58.67768595041323,5.785123966942149
E00136579,152,45,12,33,107,89,18,29.605263157894733,7.894736842105263,21.710526315789476,70.39473684210526,58.55263157894737,11.842105263157894
E00136580,107,34,14,20,73,61,12,31.775700934579437,13.084112149532709,18.69158878504673,68.22429906542055,57.009345794392516,11.214953271028037
E00136581,65,24,9,15,41,32,9,36.92307692307693,13.846153846153847,23.076923076923077,63.07692307692307,49.23076923076923,13.846153846153847
E00136582,144,37,17,20,107,97,10,25.694444444444443,11.805555555555555,13.88888888888889,74.30555555555556,67.36111111111111,6.944444444444445
E00136583,126,50,22,28,76,53,23,39.682539682539684,17.46031746031746,22.22222222222222,60.317460317460316,42.06349206349206,18.253968253968253
E00136584,123,47,12,35,76,67,9,38.21138211382114,9.75609756097561,28.455284552845526,61.78861788617886,54.47154471544715,7.317073170731707
E00136585,100,26,8,18,74,67,7,26,8,18,74,67,7.000000000000001
E00136586,184,57,17,40,127,110,17,30.978260869565215,9.239130434782608,21.73913043478261,69.02173913043478,59.78260869565217,9.239130434782608
E00136587,96,45,17,28,51,39,12,46.875,17.708333333333336,29.166666666666668,53.125,40.625,12.5
E00136588,114,41,15,26,73,66,7,35.96491228070175,13.157894736842104,22.807017543859647,64.03508771929825,57.89473684210527,6.140350877192982
E00136589,110,32,8,24,78,72,6,29.09090909090909,7.2727272727272725,21.818181818181817,70.9090909090909,65.45454545454545,5.454545454545454
E00136590,210,63,21,42,147,134,13,30,10,20,70,63.8095238095238,6.190476190476191
E00136591,138,54,26,28,84,69,15,39.130434782608695,18.84057971014493,20.28985507246377,60.86956521739131,50,10.869565217391305
E00136592,122,41,15,26,81,71,10,33.60655737704918,12.295081967213115,21.311475409836063,66.39344262295081,58.19672131147541,8.19672131147541
E00136593,100,24,7,17,76,67,9,24,7.000000000000001,17,76,67,9
E00136594,56,13,4,9,43,37,6,23.214285714285715,7.142857142857142,16.071428571428573,76.78571428571429,66.07142857142857,10.714285714285714
E00136595,96,34,14,20,62,62,0,35.41666666666667,14.583333333333334,20.833333333333336,64.58333333333334,64.58333333333334,0
E00136596,87,27,10,17,60,54,6,31.03448275862069,11.494252873563218,19.54022988505747,68.96551724137932,62.06896551724138,6.896551724137931
E00136597,128,41,15,26,87,72,15,32.03125,11.71875,20.3125,67.96875,56.25,11.71875
E00136598,126,41,16,25,85,72,13,32.53968253968254,12.698412698412698,19.841269841269842,67.46031746031747,57.14285714285714,10.317460317460316
E00136599,93,40,21,19,53,47,6,43.01075268817204,22.58064516129032,20.43010752688172,56.98924731182796,50.53763440860215,6.451612903225806
E00136600,136,39,15,24,97,79,18,28.676470588235293,11.029411764705882,17.647058823529413,71.32352941176471,58.08823529411765,13.23529411764706
E00136602,125,46,17,29,79,63,16,36.8,13.600000000000001,23.200000000000003,63.2,50.4,12.8
E00136603,97,32,10,22,65,55,10,32.98969072164948,10.309278350515463,22.68041237113402,67.0103092783505,56.70103092783505,10.309278350515463
E00136604,137,46,16,30,91,83,8,33.57664233576642,11.678832116788321,21.897810218978105,66.42335766423358,60.58394160583942,5.839416058394161
E00136605,172,47,20,27,125,112,13,27.325581395348834,11.627906976744185,15.69767441860465,72.67441860465115,65.11627906976744,7.55813953488372
E00136606,221,71,24,47,150,126,24,32.126696832579185,10.85972850678733,21.266968325791854,67.87330316742081,57.01357466063348,10.85972850678733
E00136607,153,62,24,38,91,79,12,40.52287581699346,15.686274509803921,24.836601307189543,59.47712418300654,51.633986928104584,7.8431372549019605
E00136608,162,50,19,31,112,99,13,30.864197530864196,11.728395061728394,19.1358024691358,69.1358024691358,61.111111111111114,8.024691358024691
E00136609,173,48,25,23,125,108,17,27.74566473988439,14.450867052023122,13.294797687861271,72.25433526011561,62.42774566473989,9.826589595375722
E00136610,180,64,28,36,116,105,11,35.55555555555556,15.555555555555555,20,64.44444444444444,58.333333333333336,6.111111111111111
E00136611,106,44,19,25,62,55,7,41.509433962264154,17.92452830188679,23.58490566037736,58.490566037735846,51.886792452830186,6.60377358490566
E00136612,119,50,32,18,69,61,8,42.016806722689076,26.89075630252101,15.126050420168067,57.98319327731093,51.26050420168067,6.722689075630252
E00136613,88,38,12,26,50,45,5,43.18181818181818,13.636363636363635,29.545454545454547,56.81818181818182,51.13636363636363,5.681818181818182
E00136614,159,67,18,49,92,81,11,42.138364779874216,11.320754716981133,30.81761006289308,57.861635220125784,50.943396226415096,6.918238993710692
E00136615,76,36,19,17,40,37,3,47.368421052631575,25,22.36842105263158,52.63157894736842,48.68421052631579,3.9473684210526314
E00136616,109,43,14,29,66,58,8,39.44954128440367,12.844036697247708,26.605504587155966,60.550458715596335,53.21100917431193,7.339449541284404
E00136617,70,36,17,19,34,30,4,51.42857142857142,24.285714285714285,27.142857142857142,48.57142857142857,42.857142857142854,5.714285714285714
E00136618,145,74,37,37,71,66,5,51.03448275862069,25.517241379310345,25.517241379310345,48.96551724137931,45.51724137931035,3.4482758620689653
E00136619,156,67,36,31,89,79,10,42.94871794871795,23.076923076923077,19.871794871794872,57.05128205128205,50.641025641025635,6.41025641025641
E00136620,137,67,24,43,70,60,10,48.9051094890511,17.51824817518248,31.386861313868614,51.09489051094891,43.79562043795621,7.2992700729927
E00136621,166,73,28,45,93,68,25,43.97590361445783,16.867469879518072,27.10843373493976,56.024096385542165,40.963855421686745,15.060240963855422
E00136622,144,86,55,31,58,45,13,59.72222222222222,38.19444444444444,21.52777777777778,40.27777777777778,31.25,9.027777777777777
E00136623,143,59,23,36,84,67,17,41.25874125874126,16.083916083916083,25.174825174825177,58.74125874125874,46.85314685314685,11.888111888111888
E00136624,128,62,36,26,66,50,16,48.4375,28.125,20.3125,51.5625,39.0625,12.5
E00136625,228,78,18,60,150,136,14,34.21052631578947,7.894736842105263,26.31578947368421,65.78947368421053,59.64912280701754,6.140350877192982
E00136626,66,21,13,8,45,37,8,31.818181818181817,19.696969696969695,12.121212121212121,68.18181818181817,56.060606060606055,12.121212121212121
E00136627,138,58,15,43,80,72,8,42.028985507246375,10.869565217391305,31.15942028985507,57.971014492753625,52.17391304347826,5.797101449275362
E00136629,107,48,17,31,59,51,8,44.85981308411215,15.887850467289718,28.971962616822427,55.140186915887845,47.66355140186916,7.476635514018691
E00136630,134,71,38,33,63,52,11,52.98507462686567,28.35820895522388,24.62686567164179,47.01492537313433,38.80597014925373,8.208955223880597
E00136631,78,43,21,22,35,28,7,55.12820512820513,26.923076923076923,28.205128205128204,44.871794871794876,35.8974358974359,8.974358974358974
E00136632,94,56,33,23,38,38,0,59.57446808510638,35.1063829787234,24.46808510638298,40.42553191489361,40.42553191489361,0
E00136633,92,32,12,20,60,57,3,34.78260869565217,13.043478260869565,21.73913043478261,65.21739130434783,61.95652173913043,3.260869565217391
E00136634,152,70,35,35,82,72,10,46.05263157894737,23.026315789473685,23.026315789473685,53.94736842105263,47.368421052631575,6.578947368421052
E00136636,91,28,10,18,63,56,7,30.76923076923077,10.989010989010989,19.78021978021978,69.23076923076923,61.53846153846154,7.6923076923076925
E00136637,147,47,20,27,100,88,12,31.97278911564626,13.60544217687075,18.367346938775512,68.02721088435374,59.863945578231295,8.16326530612245
E00136638,189,56,17,39,133,117,16,29.629629629629626,8.994708994708994,20.634920634920633,70.37037037037037,61.904761904761905,8.465608465608465
E00136639,203,69,29,40,134,124,10,33.99014778325123,14.285714285714285,19.704433497536947,66.00985221674877,61.083743842364534,4.926108374384237
E00136640,123,41,17,24,82,71,11,33.33333333333333,13.821138211382115,19.51219512195122,66.66666666666666,57.72357723577236,8.94308943089431
E00136641,172,66,24,42,106,95,11,38.372093023255815,13.953488372093023,24.418604651162788,61.627906976744185,55.23255813953488,6.395348837209303
E00136642,145,71,25,46,74,65,9,48.96551724137931,17.24137931034483,31.724137931034484,51.03448275862069,44.827586206896555,6.206896551724138
E00136643,74,23,8,15,51,46,5,31.08108108108108,10.81081081081081,20.27027027027027,68.91891891891892,62.16216216216216,6.756756756756757
E00136644,234,94,36,58,140,126,14,40.17094017094017,15.384615384615385,24.786324786324787,59.82905982905983,53.84615384615385,5.982905982905983
E00136645,101,40,17,23,61,57,4,39.603960396039604,16.831683168316832,22.772277227722775,60.396039603960396,56.43564356435643,3.9603960396039604
E00136646,133,61,28,33,72,60,12,45.86466165413533,21.052631578947366,24.81203007518797,54.13533834586466,45.11278195488722,9.022556390977442
E00136647,155,73,26,47,82,72,10,47.096774193548384,16.7741935483871,30.32258064516129,52.903225806451616,46.45161290322581,6.451612903225806
E00136648,154,67,31,36,87,78,9,43.506493506493506,20.12987012987013,23.376623376623375,56.493506493506494,50.649350649350644,5.844155844155844
E00136649,191,61,16,45,130,111,19,31.93717277486911,8.37696335078534,23.56020942408377,68.06282722513089,58.1151832460733,9.947643979057592
E00136650,150,50,20,30,100,91,9,33.33333333333333,13.333333333333334,20,66.66666666666666,60.66666666666667,6
E00136651,112,40,11,29,72,67,5,35.714285714285715,9.821428571428571,25.892857142857146,64.28571428571429,59.82142857142857,4.464285714285714
E00136652,124,45,16,29,79,71,8,36.29032258064516,12.903225806451612,23.387096774193548,63.70967741935484,57.25806451612904,6.451612903225806
E00136653,121,47,16,31,74,71,3,38.84297520661157,13.223140495867769,25.6198347107438,61.15702479338842,58.67768595041323,2.479338842975207
E00136654,185,70,25,45,115,102,13,37.83783783783784,13.513513513513514,24.324324324324326,62.16216216216216,55.13513513513514,7.027027027027027
E00136655,117,28,9,19,89,80,9,23.931623931623932,7.6923076923076925,16.23931623931624,76.06837606837607,68.37606837606837,7.6923076923076925
E00136656,135,40,11,29,95,81,14,29.629629629629626,8.148148148148149,21.48148148148148,70.37037037037037,60,10.37037037037037
E00136657,109,37,10,27,72,67,5,33.94495412844037,9.174311926605505,24.770642201834864,66.05504587155964,61.46788990825688,4.587155963302752
E00136658,163,51,10,41,112,94,18,31.28834355828221,6.134969325153374,25.153374233128833,68.71165644171779,57.668711656441715,11.042944785276074
E00136659,161,54,14,40,107,97,10,33.54037267080746,8.695652173913043,24.84472049689441,66.45962732919256,60.24844720496895,6.211180124223603
E00136660,181,43,15,28,138,126,12,23.756906077348066,8.287292817679557,15.469613259668508,76.24309392265194,69.61325966850829,6.629834254143646
E00136661,95,33,15,18,62,57,5,34.73684210526316,15.789473684210526,18.947368421052634,65.26315789473685,60,5.263157894736842
E00136662,165,62,30,32,103,88,15,37.57575757575757,18.181818181818183,19.393939393939394,62.42424242424243,53.333333333333336,9.090909090909092
E00136663,118,39,13,26,79,71,8,33.05084745762712,11.016949152542372,22.033898305084744,66.94915254237289,60.16949152542372,6.779661016949152
E00136664,147,38,16,22,109,98,11,25.850340136054424,10.884353741496598,14.965986394557824,74.14965986394559,66.66666666666666,7.482993197278912
E00136665,114,53,23,30,61,58,3,46.49122807017544,20.175438596491226,26.31578947368421,53.50877192982456,50.877192982456144,2.631578947368421
E00136666,191,58,26,32,133,117,16,30.36649214659686,13.612565445026178,16.75392670157068,69.63350785340315,61.25654450261781,8.37696335078534
E00136667,185,62,17,45,123,112,11,33.513513513513516,9.18918918918919,24.324324324324326,66.48648648648648,60.54054054054055,5.9459459459459465
E00173827,248,80,36,44,168,139,29,32.25806451612903,14.516129032258066,17.741935483870968,67.74193548387096,56.048387096774185,11.693548387096774
E00173828,203,119,84,35,84,71,13,58.620689655172406,41.37931034482759,17.24137931034483,41.37931034482759,34.97536945812808,6.403940886699508
E00173829,162,52,21,31,110,94,16,32.098765432098766,12.962962962962962,19.1358024691358,67.90123456790124,58.0246913580247,9.876543209876543
E00173830,89,22,10,12,67,54,13,24.719101123595504,11.235955056179774,13.48314606741573,75.28089887640449,60.67415730337079,14.606741573033707
E00173831,193,44,28,16,149,124,25,22.797927461139896,14.507772020725387,8.290155440414509,77.2020725388601,64.24870466321244,12.953367875647666
E00173832,206,64,22,42,142,125,17,31.06796116504854,10.679611650485436,20.388349514563107,68.93203883495146,60.679611650485434,8.25242718446602
E00173833,229,68,19,49,161,134,27,29.694323144104807,8.296943231441048,21.397379912663755,70.3056768558952,58.515283842794766,11.790393013100436
E00173834,194,51,21,30,143,109,34,26.288659793814436,10.824742268041238,15.463917525773196,73.71134020618557,56.18556701030928,17.525773195876287
E00173835,186,52,17,35,134,124,10,27.956989247311824,9.13978494623656,18.817204301075268,72.04301075268818,66.66666666666666,5.376344086021505
E00173837,131,35,14,21,96,84,12,26.717557251908396,10.687022900763358,16.030534351145036,73.2824427480916,64.12213740458014,9.16030534351145
E00173838,152,57,27,30,95,76,19,37.5,17.763157894736842,19.736842105263158,62.5,50,12.5
E00173839,367,315,234,81,52,48,4,85.83106267029973,63.76021798365122,22.070844686648503,14.168937329700274,13.079019073569482,1.08991825613079
E00173840,155,52,27,25,103,85,18,33.5483870967742,17.419354838709676,16.129032258064516,66.45161290322581,54.83870967741935,11.612903225806452
E00173841,166,49,13,36,117,103,14,29.518072289156628,7.83132530120482,21.686746987951807,70.48192771084338,62.048192771084345,8.433734939759036
E00173842,94,60,39,21,34,29,5,63.829787234042556,41.48936170212766,22.340425531914892,36.17021276595745,30.851063829787233,5.319148936170213
E00173843,246,35,14,21,211,180,31,14.227642276422763,5.691056910569105,8.536585365853659,85.77235772357723,73.17073170731707,12.601626016260163
E00173844,172,47,25,22,125,103,22,27.325581395348834,14.534883720930234,12.790697674418606,72.67441860465115,59.883720930232556,12.790697674418606
E00173845,144,43,20,23,101,87,14,29.86111111111111,13.88888888888889,15.972222222222221,70.13888888888889,60.416666666666664,9.722222222222223
E00173846,139,54,16,38,85,74,11,38.84892086330935,11.510791366906476,27.33812949640288,61.15107913669065,53.23741007194245,7.913669064748201
E00173847,155,53,13,40,102,90,12,34.193548387096776,8.38709677419355,25.806451612903224,65.80645161290323,58.06451612903226,7.741935483870968
E00173848,152,47,15,32,105,97,8,30.92105263157895,9.868421052631579,21.052631578947366,69.07894736842105,63.81578947368421,5.263157894736842
E00173849,159,41,14,27,118,107,11,25.78616352201258,8.80503144654088,16.9811320754717,74.21383647798741,67.29559748427673,6.918238993710692
E00173853,110,34,15,19,76,67,9,30.909090909090907,13.636363636363635,17.272727272727273,69.0909090909091,60.909090909090914,8.181818181818182
E00173856,135,20,13,7,115,96,19,14.814814814814813,9.62962962962963,5.185185185185185,85.18518518518519,71.11111111111111,14.074074074074074
E00173860,104,24,8,16,80,79,1,23.076923076923077,7.6923076923076925,15.384615384615385,76.92307692307693,75.96153846153845,0.9615384615384616
E00173861,125,23,7,16,102,85,17,18.4,5.6000000000000005,12.8,81.6,68,13.600000000000001
E00187858,187,54,24,30,133,118,15,28.87700534759358,12.834224598930483,16.042780748663102,71.12299465240642,63.101604278074866,8.0213903743315509
E00187859,139,26,7,19,113,97,16,18.705035971223023,5.0359712230215825,13.66906474820144,81.29496402877699,69.7841726618705,11.510791366906476
E00187860,158,34,19,15,124,112,12,21.518987341772153,12.025316455696203,9.49367088607595,78.48101265822784,70.88607594936708,7.59493670886076
E00187868,112,45,15,30,67,56,11,40.17857142857143,13.392857142857142,26.785714285714285,59.82142857142857,50,9.821428571428571
E00187869,170,26,8,18,144,120,24,15.294117647058824,4.705882352941177,10.588235294117647,84.70588235294117,70.58823529411765,14.117647058823529
E00187872,96,26,8,18,70,65,5,27.083333333333332,8.333333333333332,18.75,72.91666666666666,67.70833333333334,5.208333333333334
E00187873,276,42,18,24,234,198,36,15.217391304347828,6.521739130434782,8.695652173913043,84.78260869565217,71.73913043478261,13.043478260869565
E00187874,222,80,25,55,142,130,12,36.03603603603604,11.26126126126126,24.774774774774773,63.96396396396396,58.55855855855856,5.405405405405405
E00187884,192,56,25,31,136,122,14,29.166666666666668,13.020833333333334,16.145833333333336,70.83333333333334,63.541666666666664,7.291666666666667
E00187895,77,22,7,15,55,52,3,28.57142857142857,9.090909090909092,19.480519480519483,71.42857142857143,67.53246753246754,3.896103896103896
E00187916,110,23,12,11,87,68,19,20.909090909090907,10.909090909090908,10,79.0909090909091,61.81818181818181,17.272727272727273
E00187917,157,38,14,24,119,97,22,24.203821656050955,8.9171974522293,15.286624203821656,75.79617834394905,61.78343949044586,14.012738853503185
E00187921,72,19,10,9,53,46,7,26.38888888888889,13.88888888888889,12.5,73.61111111111111,63.888888888888886,9.722222222222223
E00187935,52,19,9,10,33,32,1,36.53846153846153,17.307692307692307,19.230769230769234,63.46153846153846,61.53846153846154,1.9230769230769231
E00187936,201,43,18,25,158,136,22,21.393034825870647,8.955223880597014,12.437810945273633,78.60696517412936,67.66169154228857,10.945273631840797
E00187940,141,60,37,23,81,67,14,42.5531914893617,26.24113475177305,16.312056737588655,57.446808510638306,47.5177304964539,9.929078014184398
E00187945,26,12,9,3,14,14,0,46.15384615384615,34.61538461538461,11.538461538461538,53.84615384615385,53.84615384615385,0
E00187958,180,69,42,27,111,96,15,38.333333333333336,23.333333333333332,15,61.66666666666667,53.333333333333336,8.333333333333332
E00187966,169,61,21,40,108,98,10,36.09467455621302,12.42603550295858,23.668639053254438,63.905325443786985,57.98816568047337,5.9171597633136095
E00187967,66,22,9,13,44,37,7,33.33333333333333,13.636363636363635,19.696969696969695,66.66666666666666,56.060606060606055,10.606060606060606
E00187969,71,29,8,21,42,36,6,40.845070422535215,11.267605633802818,29.577464788732392,59.154929577464785,50.70422535211267,8.450704225352112
E00187971,77,27,9,18,50,41,9,35.064935064935064,11.688311688311687,23.376623376623375,64.93506493506493,53.246753246753244,11.688311688311687
E00187974,142,35,10,25,107,101,6,24.647887323943664,7.042253521126761,17.6056338028169,75.35211267605634,71.12676056338029,4.225352112676056
E00187979,73,18,6,12,55,50,5,24.65753424657534,8.21917808219178,16.43835616438356,75.34246575342466,68.4931506849315,6.8493150684931505
E00187989,72,9,3,6,63,56,7,12.5,4.166666666666666,8.333333333333332,87.5,77.77777777777779,9.722222222222223
E00187991,68,23,12,11,45,40,5,33.82352941176471,17.647058823529413,16.176470588235293,66.17647058823529,58.82352941176471,7.352941176470589
E00187994,96,28,5,23,68,60,8,29.166666666666668,5.208333333333334,23.958333333333336,70.83333333333334,62.5,8.333333333333332
E00187999,200,43,18,25,157,138,19,21.5,9,12.5,78.5,69,9.5
E00188007,189,47,20,27,142,133,9,24.867724867724867,10.582010582010582,14.285714285714285,75.13227513227513,70.37037037037037,4.761904761904762
