OA,ts0380001,ts0380002,ts0380003,ts0380004,ts0380005,ts0380006,ts0380007,ts0380002_PCT,ts0380003_PCT,ts0380004_PCT,ts0380005_PCT,ts0380006_PCT,ts0380007_PCT
E00004120,280,20,7,13,260,15,245,7.142857142857142,2.5,4.642857142857143,92.85714285714286,5.357142857142857,87.5
E00004121,243,33,15,18,210,12,198,13.580246913580247,6.172839506172839,7.4074074074074066,86.41975308641975,4.938271604938271,81.48148148148148
E00004122,225,20,7,13,205,21,184,8.88888888888889,3.111111111111111,5.777777777777778,91.11111111111111,9.333333333333334,81.77777777777779
E00004123,268,24,10,14,244,20,224,8.955223880597014,3.731343283582089,5.223880597014925,91.04477611940298,7.462686567164178,83.5820895522388
E00004124,158,14,3,11,144,6,138,8.860759493670885,1.89873417721519,6.962025316455696,91.13924050632912,3.79746835443038,87.34177215189874
E00004125,240,31,7,24,209,12,197,12.916666666666668,2.9166666666666665,10,87.08333333333333,5,82.08333333333333
E00004126,266,32,8,24,234,18,216,12.030075187969924,3.007518796992481,9.022556390977442,87.96992481203007,6.7669172932330826,81.203007518797
E00004127,208,38,15,23,170,14,156,18.269230769230766,7.211538461538461,11.057692307692307,81.73076923076923,6.730769230769231,75
E00004128,307,41,20,21,266,23,243,13.355048859934854,6.514657980456026,6.840390879478828,86.64495114006515,7.491856677524431,79.15309446254072
E00004129,266,33,16,17,233,14,219,12.406015037593985,6.015037593984962,6.390977443609022,87.59398496240601,5.263157894736842,82.33082706766918
E00004130,223,21,8,13,202,13,189,9.417040358744394,3.587443946188341,5.829596412556054,90.5829596412556,5.829596412556054,84.75336322869956
E00004131,248,33,15,18,215,13,202,13.306451612903224,6.048387096774194,7.258064516129033,86.69354838709677,5.241935483870968,81.45161290322581
E00004132,180,10,1,9,170,11,159,5.555555555555555,0.5555555555555556,5,94.44444444444444,6.111111111111111,88.33333333333333
E00004133,212,26,15,11,186,15,171,12.264150943396226,7.0754716981132075,5.188679245283019,87.73584905660378,7.0754716981132075,80.66037735849056
E00004134,157,9,0,9,148,9,139,5.7324840764331215,0,5.7324840764331215,94.26751592356688,5.7324840764331215,88.53503184713377
E00004135,128,12,3,9,116,12,104,9.375,2.34375,7.03125,90.625,9.375,81.25
E00004136,196,15,5,10,181,11,170,7.653061224489796,2.5510204081632653,5.1020408163265305,92.3469387755102,5.612244897959184,86.73469387755102
E00004137,220,28,4,24,192,23,169,12.727272727272727,1.8181818181818181,10.909090909090908,87.27272727272727,10.454545454545453,76.81818181818181
E00004138,199,35,10,25,164,5,159,17.587939698492463,5.025125628140704,12.562814070351758,82.41206030150754,2.512562814070352,79.89949748743719
E00004140,200,20,7,13,180,13,167,10,3.5000000000000004,6.5,90,6.5,83.5
E00004141,205,38,26,12,167,13,154,18.536585365853657,12.682926829268293,5.853658536585367,81.46341463414633,6.341463414634147,75.1219512195122
E00004142,237,15,3,12,222,11,211,6.329113924050633,1.2658227848101267,5.063291139240507,93.67088607594937,4.641350210970464,89.0295358649789
E00004143,228,36,16,20,192,12,180,15.789473684210526,7.017543859649122,8.771929824561402,84.21052631578947,5.263157894736842,78.94736842105263
E00004145,273,22,9,13,251,16,235,8.058608058608058,3.296703296703297,4.761904761904762,91.94139194139194,5.86080586080586,86.08058608058609
E00004146,227,28,10,18,199,20,179,12.334801762114537,4.405286343612335,7.929515418502203,87.66519823788546,8.81057268722467,78.8546255506608
E00004147,193,13,2,11,180,14,166,6.7357512953367875,1.0362694300518136,5.699481865284974,93.26424870466322,7.253886010362693,86.01036269430051
E00004148,168,13,7,6,155,17,138,7.738095238095238,4.166666666666666,3.571428571428571,92.26190476190477,10.119047619047619,82.14285714285714
E00004149,362,26,7,19,336,18,318,7.18232044198895,1.9337016574585635,5.248618784530387,92.81767955801105,4.972375690607735,87.84530386740332
E00004150,250,26,7,19,224,13,211,10.4,2.8000000000000003,7.6,89.60000000000001,5.2,84.39999999999999
E00004151,228,25,3,22,203,13,190,10.964912280701753,1.3157894736842104,9.649122807017543,89.03508771929825,5.701754385964912,83.33333333333334
E00004152,237,20,9,11,217,19,198,8.438818565400844,3.79746835443038,4.641350210970464,91.56118143459916,8.016877637130802,83.54430379746836
E00004153,231,18,12,6,213,14,199,7.792207792207792,5.194805194805195,2.5974025974025974,92.20779220779221,6.0606060606060606,86.14718614718615
E00004154,203,11,4,7,192,6,186,5.41871921182266,1.9704433497536946,3.4482758620689653,94.58128078817734,2.955665024630542,91.62561576354679
E00004155,266,22,6,16,244,12,232,8.270676691729323,2.2556390977443606,6.015037593984962,91.72932330827066,4.511278195488721,87.21804511278195
E00004156,222,30,17,13,192,7,185,13.513513513513514,7.657657657657657,5.8558558558558556,86.48648648648648,3.153153153153153,83.33333333333334
E00004157,224,23,9,14,201,15,186,10.267857142857142,4.017857142857143,6.25,89.73214285714286,6.696428571428571,83.03571428571429
E00004158,307,74,42,32,233,14,219,24.104234527687296,13.680781758957655,10.423452768729643,75.8957654723127,4.5602605863192185,71.33550488599349
E00004159,423,72,35,37,351,20,331,17.02127659574468,8.274231678486997,8.747044917257684,82.97872340425532,4.7281323877068555,78.25059101654847
E00004160,197,40,22,18,157,8,149,20.304568527918782,11.16751269035533,9.137055837563452,79.69543147208121,4.060913705583756,75.63451776649747
E00004161,202,21,7,14,181,13,168,10.396039603960396,3.4653465346534658,6.9306930693069315,89.60396039603961,6.435643564356436,83.16831683168317
E00004162,221,15,1,14,206,13,193,6.787330316742081,0.4524886877828055,6.334841628959276,93.21266968325791,5.88235294117647,87.33031674208145
E00004163,376,39,16,23,337,20,317,10.372340425531915,4.25531914893617,6.117021276595745,89.62765957446808,5.319148936170213,84.30851063829788
E00004164,355,61,23,38,294,20,274,17.183098591549296,6.478873239436619,10.704225352112676,82.8169014084507,5.633802816901409,77.1830985915493
E00004165,351,67,30,37,284,15,269,19.08831908831909,8.547008547008547,10.541310541310542,80.91168091168092,4.273504273504273,76.63817663817663
E00004166,377,69,38,31,308,13,295,18.30238726790451,10.079575596816976,8.222811671087534,81.6976127320955,3.4482758620689653,78.24933687002653
E00004167,252,24,7,17,228,17,211,9.523809523809524,2.7777777777777777,6.746031746031746,90.47619047619048,6.746031746031746,83.73015873015873
E00004168,197,23,7,16,174,10,164,11.6751269035533,3.5532994923857872,8.121827411167512,88.3248730964467,5.0761421319796955,83.24873096446701
E00004169,293,39,18,21,254,9,245,13.310580204778159,6.143344709897611,7.167235494880546,86.68941979522185,3.0716723549488054,83.61774744027304
E00004172,189,31,17,14,158,15,143,16.402116402116402,8.994708994708994,7.4074074074074066,83.5978835978836,7.936507936507936,75.66137566137566
E00004173,547,94,22,72,453,42,411,17.184643510054844,4.021937842778794,13.16270566727605,82.81535648994516,7.678244972577697,75.13711151736746
E00004174,149,39,25,14,110,10,100,26.174496644295303,16.778523489932887,9.395973154362416,73.8255033557047,6.7114093959731544,67.11409395973155
E00004175,271,85,49,36,186,14,172,31.365313653136536,18.081180811808117,13.284132841328415,68.63468634686348,5.166051660516605,63.46863468634686
E00004177,241,36,7,29,205,15,190,14.937759336099585,2.904564315352697,12.033195020746888,85.06224066390041,6.224066390041494,78.83817427385893
E00004179,296,83,48,35,213,17,196,28.040540540540544,16.216216216216218,11.824324324324325,71.95945945945947,5.743243243243244,66.21621621621621
E00004180,195,25,9,16,170,8,162,12.82051282051282,4.615384615384616,8.205128205128204,87.17948717948718,4.102564102564102,83.07692307692308
E00004181,327,100,64,36,227,19,208,30.58103975535168,19.571865443425075,11.009174311926607,69.41896024464832,5.81039755351682,63.608562691131496
E00004182,147,16,8,8,131,10,121,10.884353741496598,5.442176870748299,5.442176870748299,89.1156462585034,6.802721088435375,82.31292517006803
E00004183,170,52,25,27,118,7,111,30.58823529411765,14.705882352941178,15.88235294117647,69.41176470588235,4.117647058823529,65.29411764705883
E00004184,203,41,17,24,162,14,148,20.19704433497537,8.374384236453201,11.822660098522167,79.80295566502463,6.896551724137931,72.9064039408867
E00004185,256,47,22,25,209,11,198,18.359375,8.59375,9.765625,81.640625,4.296875,77.34375
E00004187,281,31,11,20,250,18,232,11.032028469750891,3.9145907473309607,7.11743772241993,88.96797153024912,6.405693950177936,82.56227758007117
E00004188,107,13,3,10,94,5,89,12.149532710280374,2.803738317757009,9.345794392523365,87.85046728971963,4.672897196261682,83.17757009345794
E00004189,160,25,11,14,135,14,121,15.625,6.875000000000001,8.75,84.375,8.75,75.625
E00004190,316,47,12,35,269,28,241,14.873417721518987,3.79746835443038,11.075949367088606,85.12658227848101,8.860759493670885,76.26582278481013
E00004193,528,40,9,31,488,31,457,7.575757575757576,1.7045454545454544,5.871212121212121,92.42424242424242,5.871212121212121,86.5530303030303
E00004194,177,19,7,12,158,10,148,10.734463276836157,3.954802259887006,6.779661016949152,89.26553672316385,5.649717514124294,83.61581920903954
E00004195,270,39,16,23,231,15,216,14.444444444444443,5.9259259259259265,8.518518518518519,85.55555555555556,5.555555555555555,80
E00004196,165,20,1,19,145,11,134,12.121212121212121,0.6060606060606061,11.515151515151516,87.87878787878788,6.666666666666667,81.21212121212122
E00004197,198,19,6,13,179,10,169,9.595959595959595,3.0303030303030303,6.565656565656567,90.40404040404042,5.05050505050505,85.35353535353535
E00004198,237,29,13,16,208,11,197,12.236286919831224,5.485232067510549,6.751054852320674,87.76371308016878,4.641350210970464,83.12236286919831
E00004199,273,29,13,16,244,28,216,10.622710622710622,4.761904761904762,5.86080586080586,89.37728937728939,10.256410256410255,79.12087912087912
E00004200,178,21,8,13,157,15,142,11.797752808988763,4.49438202247191,7.303370786516854,88.20224719101124,8.426966292134832,79.7752808988764
E00004201,231,18,7,11,213,22,191,7.792207792207792,3.0303030303030303,4.761904761904762,92.20779220779221,9.523809523809524,82.68398268398268
E00004202,155,66,30,36,89,7,82,42.58064516129032,19.35483870967742,23.225806451612904,57.41935483870968,4.516129032258064,52.903225806451616
E00004203,319,49,20,29,270,12,258,15.360501567398119,6.269592476489027,9.090909090909092,84.63949843260188,3.761755485893417,80.87774294670847
E00004204,269,28,10,18,241,19,222,10.408921933085502,3.717472118959108,6.691449814126393,89.59107806691449,7.063197026022305,82.5278810408922
E00004205,358,44,12,32,314,23,291,12.290502793296088,3.35195530726257,8.938547486033519,87.70949720670392,6.424581005586592,81.28491620111731
E00004206,300,59,27,32,241,12,229,19.666666666666664,9,10.666666666666668,80.33333333333333,4,76.33333333333333
E00004207,374,60,32,28,314,18,296,16.042780748663102,8.55614973262032,7.4866310160427805,83.9572192513369,4.81283422459893,79.14438502673798
E00004208,333,67,22,45,266,12,254,20.12012012012012,6.606606606606606,13.513513513513514,79.87987987987988,3.6036036036036037,76.27627627627628
E00004209,262,58,24,34,204,14,190,22.137404580152673,9.16030534351145,12.977099236641221,77.86259541984732,5.343511450381679,72.51908396946564
E00004210,299,45,20,25,254,13,241,15.050167224080269,6.688963210702341,8.361204013377927,84.94983277591973,4.3478260869565215,80.60200668896321
E00004211,230,30,8,22,200,17,183,13.043478260869565,3.4782608695652173,9.565217391304348,86.95652173913044,7.391304347826087,79.56521739130434
E00004212,296,44,19,25,252,24,228,14.864864864864865,6.418918918918918,8.445945945945946,85.13513513513513,8.108108108108109,77.02702702702703
E00004213,474,93,52,41,381,15,366,19.62025316455696,10.970464135021098,8.649789029535865,80.37974683544303,3.1645569620253164,77.21518987341773
E00004215,248,32,11,21,216,18,198,12.903225806451612,4.435483870967742,8.46774193548387,87.09677419354838,7.258064516129033,79.83870967741935
E00004216,260,17,4,13,243,18,225,6.538461538461539,1.5384615384615385,5,93.46153846153847,6.923076923076923,86.53846153846155
E00004217,268,30,12,18,238,18,220,11.194029850746269,4.477611940298507,6.7164179104477615,88.80597014925374,6.7164179104477615,82.08955223880598
E00004218,312,75,43,32,237,8,229,24.03846153846154,13.782051282051283,10.256410256410255,75.96153846153845,2.564102564102564,73.3974358974359
E00004219,344,51,18,33,293,37,256,14.825581395348838,5.232558139534884,9.593023255813954,85.17441860465115,10.755813953488373,74.4186046511628
E00004220,179,49,24,25,130,10,120,27.37430167597765,13.40782122905028,13.966480446927374,72.62569832402235,5.58659217877095,67.0391061452514
E00004221,201,25,12,13,176,15,161,12.437810945273633,5.970149253731343,6.467661691542288,87.56218905472637,7.462686567164178,80.09950248756219
E00004222,210,36,13,23,174,19,155,17.142857142857142,6.190476190476191,10.952380952380953,82.85714285714286,9.047619047619047,73.80952380952381
E00004223,390,74,28,46,316,19,297,18.974358974358974,7.179487179487179,11.794871794871794,81.02564102564102,4.871794871794872,76.15384615384615
E00004224,262,23,4,19,239,17,222,8.778625954198473,1.5267175572519083,7.251908396946565,91.22137404580153,6.488549618320611,84.7328244274809
E00004225,427,76,26,50,351,29,322,17.798594847775178,6.0889929742388755,11.7096018735363,82.20140515222482,6.791569086651054,75.40983606557377
E00004226,240,19,7,12,221,20,201,7.916666666666666,2.9166666666666665,5,92.08333333333333,8.333333333333332,83.75
E00004227,257,36,13,23,221,19,202,14.007782101167315,5.058365758754864,8.949416342412452,85.99221789883269,7.392996108949417,78.59922178988327
E00004228,169,24,6,18,145,9,136,14.201183431952662,3.5502958579881656,10.650887573964498,85.79881656804734,5.325443786982249,80.4733727810651
E00004229,321,49,19,30,272,26,246,15.264797507788161,5.919003115264798,9.345794392523365,84.73520249221184,8.09968847352025,76.63551401869158
E00004230,227,58,20,38,169,19,150,25.55066079295154,8.81057268722467,16.740088105726873,74.44933920704845,8.370044052863436,66.07929515418502
E00004231,280,22,6,16,258,13,245,7.857142857142857,2.142857142857143,5.714285714285714,92.14285714285714,4.642857142857143,87.5
E00004232,159,29,10,19,130,10,120,18.238993710691823,6.289308176100629,11.949685534591195,81.76100628930818,6.289308176100629,75.47169811320755
E00004233,226,42,23,19,184,17,167,18.58407079646018,10.176991150442479,8.4070796460177,81.41592920353983,7.52212389380531,73.89380530973452
E00004234,207,26,8,18,181,15,166,12.560386473429952,3.864734299516908,8.695652173913043,87.43961352657004,7.246376811594203,80.19323671497585
E00004235,369,44,17,27,325,20,305,11.924119241192411,4.607046070460704,7.317073170731707,88.07588075880759,5.420054200542006,82.65582655826557
E00004236,262,57,34,23,205,20,185,21.755725190839694,12.977099236641221,8.778625954198473,78.2442748091603,7.633587786259542,70.61068702290076
E00004237,236,51,22,29,185,10,175,21.610169491525426,9.322033898305085,12.288135593220339,78.38983050847457,4.23728813559322,74.15254237288136
E00004238,377,49,28,21,328,18,310,12.9973474801061,7.427055702917771,5.570291777188329,87.0026525198939,4.774535809018567,82.22811671087533
E00004239,189,52,22,30,137,6,131,27.513227513227513,11.64021164021164,15.873015873015872,72.4867724867725,3.1746031746031744,69.31216931216932
E00004240,298,61,31,30,237,12,225,20.469798657718123,10.40268456375839,10.06711409395973,79.53020134228188,4.026845637583892,75.50335570469798
E00004241,286,32,10,22,254,30,224,11.188811188811188,3.4965034965034967,7.6923076923076925,88.81118881118881,10.48951048951049,78.32167832167832
E00004242,131,14,6,8,117,5,112,10.687022900763358,4.580152671755725,6.106870229007633,89.31297709923665,3.816793893129771,85.49618320610686
E00004243,233,18,6,12,215,19,196,7.725321888412018,2.575107296137339,5.150214592274678,92.27467811158799,8.15450643776824,84.12017167381974
E00004244,271,50,27,23,221,5,216,18.45018450184502,9.96309963099631,8.487084870848708,81.54981549815497,1.8450184501845017,79.70479704797047
E00004245,268,72,44,28,196,18,178,26.865671641791046,16.417910447761194,10.44776119402985,73.13432835820896,6.7164179104477615,66.4179104477612
E00004246,237,39,14,25,198,9,189,16.455696202531644,5.9071729957805905,10.548523206751055,83.54430379746836,3.79746835443038,79.74683544303798
E00004247,388,82,45,37,306,28,278,21.1340206185567,11.597938144329897,9.536082474226804,78.8659793814433,7.216494845360824,71.64948453608247
E00004248,409,77,36,41,332,26,306,18.82640586797066,8.80195599022005,10.024449877750612,81.17359413202934,6.356968215158925,74.81662591687042
E00004249,224,38,15,23,186,18,168,16.964285714285715,6.696428571428571,10.267857142857142,83.03571428571429,8.035714285714286,75
E00004250,256,37,11,26,219,16,203,14.453125,4.296875,10.15625,85.546875,6.25,79.296875
E00004251,237,47,21,26,190,19,171,19.831223628691983,8.860759493670885,10.970464135021098,80.16877637130801,8.016877637130802,72.15189873417721
E00004252,227,35,13,22,192,20,172,15.418502202643172,5.726872246696035,9.691629955947137,84.58149779735683,8.81057268722467,75.77092511013215
E00004253,514,76,24,52,438,32,406,14.785992217898833,4.669260700389105,10.116731517509727,85.21400778210116,6.22568093385214,78.98832684824903
E00004254,258,52,28,24,206,15,191,20.155038759689923,10.852713178294573,9.30232558139535,79.84496124031007,5.813953488372093,74.03100775193798
E00004255,297,54,15,39,243,19,224,18.181818181818183,5.05050505050505,13.131313131313133,81.81818181818183,6.397306397306397,75.42087542087542
E00004256,312,62,28,34,250,19,231,19.871794871794872,8.974358974358974,10.897435897435898,80.12820512820514,6.089743589743589,74.03846153846155
E00004257,240,35,13,22,205,21,184,14.583333333333334,5.416666666666667,9.166666666666666,85.41666666666666,8.75,76.66666666666667
E00004258,226,27,12,15,199,12,187,11.946902654867257,5.3097345132743365,6.637168141592921,88.05309734513274,5.3097345132743365,82.7433628318584
E00004259,268,58,25,33,210,13,197,21.641791044776117,9.328358208955224,12.313432835820896,78.35820895522389,4.850746268656716,73.50746268656717
E00004260,394,75,44,31,319,18,301,19.035532994923855,11.16751269035533,7.868020304568528,80.96446700507614,4.568527918781726,76.39593908629442
E00004261,294,51,20,31,243,12,231,17.346938775510203,6.802721088435375,10.54421768707483,82.6530612244898,4.081632653061225,78.57142857142857
E00004262,525,88,45,43,437,24,413,16.761904761904763,8.571428571428571,8.190476190476192,83.23809523809523,4.571428571428571,78.66666666666666
E00004263,317,58,32,26,259,14,245,18.29652996845426,10.094637223974763,8.201892744479496,81.70347003154575,4.416403785488959,77.28706624605678
E00004264,347,48,17,31,299,28,271,13.8328530259366,4.899135446685879,8.93371757925072,86.1671469740634,8.069164265129682,78.09798270893373
E00004265,264,51,25,26,213,21,192,19.318181818181817,9.469696969696969,9.848484848484848,80.68181818181817,7.954545454545454,72.72727272727273
E00004266,320,68,34,34,252,21,231,21.25,10.625,10.625,78.75,6.5625,72.1875
E00004268,300,74,38,36,226,10,216,24.666666666666668,12.666666666666668,12,75.33333333333333,3.3333333333333335,72
E00004269,224,39,17,22,185,15,170,17.410714285714285,7.5892857142857135,9.821428571428571,82.58928571428571,6.696428571428571,75.89285714285714
E00004270,480,74,28,46,406,22,384,15.416666666666668,5.833333333333333,9.583333333333334,84.58333333333333,4.583333333333333,80
E00004271,299,54,33,21,245,24,221,18.06020066889632,11.036789297658862,7.023411371237458,81.93979933110369,8.02675585284281,73.91304347826086
E00004272,230,30,15,15,200,16,184,13.043478260869565,6.521739130434782,6.521739130434782,86.95652173913044,6.956521739130435,80
E00004273,393,46,11,35,347,40,307,11.704834605597965,2.7989821882951653,8.9058524173028,88.29516539440203,10.178117048346055,78.11704834605598
E00004274,265,28,12,16,237,20,217,10.566037735849058,4.528301886792453,6.037735849056604,89.43396226415095,7.547169811320755,81.88679245283019
E00004275,173,34,13,21,139,8,131,19.653179190751445,7.514450867052023,12.138728323699421,80.34682080924856,4.624277456647398,75.72254335260115
E00004276,233,46,18,28,187,14,173,19.742489270386265,7.725321888412018,12.017167381974248,80.25751072961373,6.008583690987124,74.2489270386266
E00004277,201,36,14,22,165,12,153,17.91044776119403,6.965174129353234,10.945273631840797,82.08955223880598,5.970149253731343,76.11940298507463
E00004278,188,36,18,18,152,5,147,19.148936170212767,9.574468085106384,9.574468085106384,80.85106382978722,2.6595744680851063,78.19148936170212
E00004279,258,46,25,21,212,13,199,17.829457364341085,9.689922480620156,8.13953488372093,82.17054263565892,5.038759689922481,77.13178294573643
E00004280,215,34,13,21,181,22,159,15.813953488372093,6.046511627906977,9.767441860465116,84.18604651162791,10.232558139534884,73.95348837209302
E00004281,276,38,15,23,238,29,209,13.768115942028986,5.434782608695652,8.333333333333332,86.23188405797102,10.507246376811594,75.72463768115942
E00004282,266,41,16,25,225,12,213,15.413533834586465,6.015037593984962,9.398496240601503,84.58646616541353,4.511278195488721,80.07518796992481
E00004283,246,34,14,20,212,17,195,13.821138211382115,5.691056910569105,8.130081300813007,86.1788617886179,6.910569105691057,79.26829268292683
E00004284,250,40,21,19,210,19,191,16,8.4,7.6,84,7.6,76.4
E00004285,257,31,13,18,226,19,207,12.062256809338521,5.058365758754864,7.003891050583658,87.93774319066148,7.392996108949417,80.54474708171206
E00004286,280,42,24,18,238,15,223,15,8.571428571428571,6.428571428571428,85,5.357142857142857,79.64285714285714
E00004287,255,30,6,24,225,17,208,11.76470588235294,2.3529411764705883,9.411764705882353,88.23529411764706,6.666666666666667,81.56862745098039
E00004288,249,40,22,18,209,10,199,16.06425702811245,8.835341365461847,7.228915662650602,83.93574297188755,4.016064257028113,79.91967871485943
E00004289,216,31,11,20,185,14,171,14.351851851851851,5.092592592592593,9.25925925925926,85.64814814814815,6.481481481481481,79.16666666666666
E00004290,301,36,20,16,265,19,246,11.960132890365449,6.64451827242525,5.3156146179401995,88.03986710963456,6.312292358803987,81.72757475083057
E00004291,363,77,43,34,286,15,271,21.21212121212121,11.84573002754821,9.366391184573002,78.78787878787878,4.132231404958678,74.65564738292011
E00004292,355,72,38,34,283,10,273,20.281690140845072,10.704225352112676,9.577464788732394,79.71830985915493,2.8169014084507045,76.90140845070422
E00004293,262,36,20,16,226,14,212,13.740458015267176,7.633587786259542,6.106870229007633,86.25954198473282,5.343511450381679,80.91603053435115
E00004294,455,47,20,27,408,28,380,10.329670329670328,4.395604395604396,5.934065934065933,89.67032967032968,6.153846153846154,83.51648351648352
E00004295,454,48,15,33,406,25,381,10.572687224669604,3.303964757709251,7.268722466960352,89.42731277533039,5.506607929515418,83.92070484581498
E00004296,370,67,41,26,303,15,288,18.10810810810811,11.081081081081082,7.027027027027027,81.89189189189189,4.054054054054054,77.83783783783784
E00004297,293,55,33,22,238,16,222,18.771331058020476,11.262798634812286,7.508532423208192,81.22866894197952,5.460750853242321,75.76791808873719
E00004298,278,33,11,22,245,27,218,11.870503597122301,3.9568345323741005,7.913669064748201,88.12949640287769,9.712230215827338,78.41726618705036
E00004299,282,34,13,21,248,29,219,12.056737588652481,4.609929078014184,7.446808510638298,87.94326241134752,10.28368794326241,77.6595744680851
E00004300,297,55,28,27,242,31,211,18.51851851851852,9.427609427609427,9.090909090909092,81.48148148148148,10.437710437710438,71.04377104377105
E00004301,448,73,38,35,375,11,364,16.294642857142858,8.482142857142858,7.8125,83.70535714285714,2.455357142857143,81.25
E00004302,238,39,22,17,199,12,187,16.386554621848738,9.243697478991598,7.142857142857142,83.61344537815127,5.042016806722689,78.57142857142857
E00004303,272,32,11,21,240,23,217,11.76470588235294,4.044117647058823,7.720588235294118,88.23529411764706,8.455882352941178,79.77941176470588
E00004304,345,36,17,19,309,16,293,10.434782608695652,4.9275362318840585,5.507246376811594,89.56521739130436,4.63768115942029,84.92753623188406
E00004305,322,31,10,21,291,23,268,9.627329192546584,3.1055900621118013,6.521739130434782,90.37267080745342,7.142857142857142,83.22981366459628
E00004306,292,28,9,19,264,17,247,9.58904109589041,3.0821917808219177,6.506849315068493,90.41095890410958,5.821917808219178,84.58904109589042
E00004307,374,40,12,28,334,21,313,10.695187165775401,3.2085561497326207,7.4866310160427805,89.3048128342246,5.614973262032086,83.68983957219251
E00004308,269,28,10,18,241,17,224,10.408921933085502,3.717472118959108,6.691449814126393,89.59107806691449,6.319702602230483,83.27137546468401
E00004309,282,16,5,11,266,13,253,5.673758865248227,1.773049645390071,3.900709219858156,94.32624113475178,4.609929078014184,89.71631205673759
E00004310,328,45,20,25,283,20,263,13.719512195121952,6.097560975609756,7.621951219512195,86.28048780487805,6.097560975609756,80.1829268292683
E00004311,285,37,17,20,248,20,228,12.982456140350877,5.964912280701754,7.017543859649122,87.01754385964912,7.017543859649122,80
E00004312,267,33,16,17,234,14,220,12.359550561797752,5.992509363295881,6.367041198501873,87.64044943820225,5.2434456928838955,82.39700374531836
E00004313,241,28,9,19,213,15,198,11.618257261410788,3.7344398340248963,7.883817427385892,88.38174273858921,6.224066390041494,82.15767634854771
E00004314,281,38,14,24,243,20,223,13.523131672597867,4.98220640569395,8.540925266903916,86.47686832740213,7.11743772241993,79.35943060498221
E00004315,297,38,15,23,259,28,231,12.794612794612794,5.05050505050505,7.744107744107744,87.20538720538721,9.427609427609427,77.77777777777779
E00004316,205,29,13,16,176,13,163,14.146341463414632,6.341463414634147,7.804878048780488,85.85365853658537,6.341463414634147,79.51219512195122
E00004317,394,48,14,34,346,23,323,12.18274111675127,3.5532994923857872,8.629441624365482,87.81725888324873,5.83756345177665,81.97969543147208
E00004318,277,26,10,16,251,18,233,9.386281588447654,3.6101083032490973,5.776173285198556,90.61371841155234,6.4981949458483745,84.11552346570397
E00004319,266,37,15,22,229,15,214,13.909774436090224,5.639097744360902,8.270676691729323,86.09022556390977,5.639097744360902,80.45112781954887
E00004320,267,16,6,10,251,15,236,5.992509363295881,2.247191011235955,3.7453183520599254,94.00749063670412,5.617977528089887,88.38951310861424
E00004321,310,22,3,19,288,21,267,7.096774193548387,0.967741935483871,6.129032258064516,92.90322580645162,6.774193548387098,86.12903225806451
E00004322,303,25,10,15,278,11,267,8.25082508250825,3.3003300330033,4.9504950495049505,91.74917491749174,3.6303630363036308,88.11881188118812
E00004323,459,61,29,32,398,18,380,13.28976034858388,6.318082788671024,6.971677559912854,86.71023965141612,3.9215686274509802,82.78867102396515
E00004324,255,27,8,19,228,14,214,10.588235294117647,3.1372549019607843,7.450980392156863,89.41176470588236,5.490196078431373,83.92156862745098
E00004325,261,17,2,15,244,10,234,6.513409961685824,0.7662835249042145,5.747126436781609,93.48659003831418,3.8314176245210727,89.65517241379311
E00004326,216,37,20,17,179,1,178,17.12962962962963,9.25925925925926,7.87037037037037,82.87037037037037,0.4629629629629629,82.4074074074074
E00004327,298,32,13,19,266,12,254,10.738255033557047,4.3624161073825505,6.375838926174497,89.26174496644296,4.026845637583892,85.23489932885906
E00004328,245,23,6,17,222,16,206,9.387755102040817,2.4489795918367347,6.938775510204081,90.61224489795919,6.530612244897959,84.08163265306122
E00004329,323,29,10,19,294,21,273,8.978328173374612,3.0959752321981426,5.88235294117647,91.02167182662538,6.5015479876160995,84.52012383900929
E00004330,299,24,4,20,275,20,255,8.02675585284281,1.3377926421404682,6.688963210702341,91.9732441471572,6.688963210702341,85.28428093645485
E00004331,272,35,18,17,237,16,221,12.867647058823529,6.61764705882353,6.25,87.13235294117648,5.88235294117647,81.25
E00004332,205,14,5,9,191,6,185,6.829268292682928,2.4390243902439024,4.390243902439024,93.17073170731707,2.9268292682926833,90.2439024390244
E00004333,236,19,5,14,217,20,197,8.050847457627118,2.11864406779661,5.932203389830509,91.94915254237289,8.47457627118644,83.47457627118644
E00004334,225,14,6,8,211,13,198,6.222222222222222,2.666666666666667,3.5555555555555554,93.77777777777779,5.777777777777778,88
E00004335,257,18,4,14,239,16,223,7.003891050583658,1.556420233463035,5.447470817120623,92.99610894941634,6.22568093385214,86.7704280155642
E00004336,323,35,17,18,288,20,268,10.8359133126935,5.263157894736842,5.572755417956656,89.1640866873065,6.191950464396285,82.97213622291022
E00004337,265,31,12,19,234,10,224,11.69811320754717,4.528301886792453,7.169811320754717,88.30188679245283,3.7735849056603774,84.52830188679246
E00004338,250,18,2,16,232,11,221,7.199999999999999,0.8,6.4,92.80000000000001,4.3999999999999995,88.4
E00004339,352,31,6,25,321,11,310,8.806818181818182,1.7045454545454544,7.1022727272727275,91.19318181818183,3.125,88.06818181818183
E00004340,215,21,6,15,194,12,182,9.767441860465116,2.7906976744186047,6.976744186046512,90.23255813953487,5.5813953488372094,84.65116279069768
E00004341,204,12,2,10,192,16,176,5.88235294117647,0.9803921568627451,4.901960784313726,94.11764705882352,7.8431372549019605,86.27450980392157
E00004342,241,13,4,9,228,10,218,5.394190871369295,1.6597510373443984,3.7344398340248963,94.6058091286307,4.149377593360995,90.45643153526972
E00004343,239,13,4,9,226,12,214,5.439330543933055,1.6736401673640167,3.765690376569038,94.56066945606695,5.02092050209205,89.5397489539749
E00004344,271,27,14,13,244,12,232,9.96309963099631,5.166051660516605,4.797047970479705,90.03690036900369,4.428044280442804,85.60885608856088
E00004345,266,20,4,16,246,14,232,7.518796992481203,1.5037593984962405,6.015037593984962,92.4812030075188,5.263157894736842,87.21804511278195
E00004346,243,38,12,26,205,9,196,15.637860082304528,4.938271604938271,10.699588477366255,84.36213991769547,3.7037037037037033,80.65843621399176
E00004347,211,26,9,17,185,9,176,12.322274881516588,4.265402843601896,8.056872037914692,87.67772511848341,4.265402843601896,83.41232227488152
E00004348,357,50,20,30,307,22,285,14.005602240896359,5.602240896358544,8.403361344537815,85.99439775910365,6.162464985994398,79.83193277310924
E00004349,287,24,8,16,263,14,249,8.362369337979095,2.7874564459930316,5.574912891986063,91.63763066202091,4.878048780487805,86.7595818815331
E00004350,266,22,7,15,244,20,224,8.270676691729323,2.631578947368421,5.639097744360902,91.72932330827066,7.518796992481203,84.21052631578947
E00004351,226,18,9,9,208,18,190,7.964601769911504,3.982300884955752,3.982300884955752,92.03539823008849,7.964601769911504,84.070796460177
E00004352,313,15,6,9,298,21,277,4.792332268370607,1.9169329073482428,2.8753993610223643,95.2076677316294,6.7092651757188495,88.49840255591054
E00004353,461,55,25,30,406,26,380,11.930585683297181,5.42299349240781,6.507592190889371,88.06941431670282,5.639913232104121,82.4295010845987
E00004354,214,21,6,15,193,9,184,9.813084112149532,2.803738317757009,7.009345794392523,90.18691588785047,4.205607476635514,85.98130841121495
E00004355,265,31,15,16,234,21,213,11.69811320754717,5.660377358490567,6.037735849056604,88.30188679245283,7.9245283018867925,80.37735849056604
E00004356,259,31,2,29,228,14,214,11.96911196911197,0.7722007722007722,11.196911196911197,88.03088803088804,5.405405405405405,82.62548262548263
E00004357,288,17,2,15,271,13,258,5.902777777777778,0.6944444444444444,5.208333333333334,94.09722222222221,4.513888888888888,89.58333333333334
E00004358,337,36,21,15,301,25,276,10.682492581602373,6.231454005934718,4.451038575667656,89.31750741839762,7.418397626112759,81.89910979228486
E00004359,279,20,9,11,259,14,245,7.168458781362006,3.225806451612903,3.942652329749104,92.831541218638,5.017921146953405,87.81362007168458
E00004360,250,19,5,14,231,17,214,7.6,2,5.6000000000000005,92.4,6.800000000000001,85.6
E00004361,221,22,8,14,199,17,182,9.95475113122172,3.619909502262444,6.334841628959276,90.04524886877829,7.6923076923076925,82.35294117647058
E00004362,496,98,55,43,398,28,370,19.758064516129032,11.088709677419354,8.669354838709678,80.24193548387096,5.64516129032258,74.59677419354838
E00004363,397,83,48,35,314,13,301,20.906801007556673,12.090680100755668,8.816120906801007,79.09319899244332,3.27455919395466,75.81863979848866
E00004364,501,140,83,57,361,23,338,27.944111776447105,16.56686626746507,11.377245508982035,72.0558882235529,4.590818363273453,67.46506986027944
E00004365,258,27,10,17,231,19,212,10.465116279069768,3.875968992248062,6.5891472868217065,89.53488372093024,7.3643410852713185,82.17054263565892
E00004366,154,44,26,18,110,10,100,28.57142857142857,16.883116883116884,11.688311688311687,71.42857142857143,6.493506493506493,64.93506493506493
E00004367,476,86,41,45,390,26,364,18.067226890756302,8.61344537815126,9.453781512605042,81.9327731092437,5.46218487394958,76.47058823529412
E00004368,258,26,6,20,232,8,224,10.077519379844961,2.3255813953488373,7.751937984496124,89.92248062015504,3.10077519379845,86.82170542635659
E00004369,255,50,30,20,205,9,196,19.607843137254903,11.76470588235294,7.8431372549019605,80.3921568627451,3.5294117647058822,76.86274509803923
E00004370,229,64,37,27,165,22,143,27.947598253275107,16.157205240174672,11.790393013100436,72.0524017467249,9.606986899563319,62.44541484716157
E00004371,199,45,19,26,154,14,140,22.613065326633166,9.547738693467336,13.06532663316583,77.38693467336684,7.035175879396985,70.35175879396985
E00004372,292,62,21,41,230,13,217,21.232876712328768,7.191780821917808,14.04109589041096,78.76712328767124,4.4520547945205475,74.31506849315068
E00004373,164,34,19,15,130,8,122,20.73170731707317,11.585365853658537,9.146341463414634,79.26829268292683,4.878048780487805,74.39024390243902
E00004374,228,43,23,20,185,11,174,18.859649122807017,10.087719298245613,8.771929824561402,81.14035087719299,4.824561403508771,76.31578947368422
E00004375,218,28,6,22,190,23,167,12.844036697247708,2.7522935779816518,10.091743119266056,87.1559633027523,10.550458715596331,76.60550458715596
E00004376,376,77,46,31,299,18,281,20.47872340425532,12.23404255319149,8.24468085106383,79.52127659574468,4.787234042553192,74.7340425531915
E00004377,236,52,27,25,184,11,173,22.033898305084744,11.440677966101696,10.59322033898305,77.96610169491525,4.661016949152542,73.30508474576271
E00004378,294,52,20,32,242,16,226,17.687074829931973,6.802721088435375,10.884353741496598,82.31292517006803,5.442176870748299,76.87074829931973
E00004379,249,37,16,21,212,17,195,14.859437751004014,6.425702811244979,8.433734939759036,85.14056224899599,6.827309236947792,78.3132530120482
E00004380,323,57,30,27,266,20,246,17.647058823529413,9.287925696594428,8.359133126934983,82.35294117647058,6.191950464396285,76.16099071207431
E00004381,253,27,9,18,226,19,207,10.67193675889328,3.557312252964427,7.114624505928854,89.32806324110672,7.5098814229249005,81.81818181818183
E00004382,263,36,19,17,227,16,211,13.688212927756654,7.224334600760455,6.4638783269961975,86.31178707224335,6.083650190114068,80.22813688212928
E00004383,198,29,10,19,169,11,158,14.646464646464647,5.05050505050505,9.595959595959595,85.35353535353535,5.555555555555555,79.7979797979798
E00004384,212,36,14,22,176,13,163,16.9811320754717,6.60377358490566,10.377358490566039,83.01886792452831,6.132075471698113,76.88679245283019
E00004385,195,23,7,16,172,8,164,11.794871794871794,3.5897435897435894,8.205128205128204,88.2051282051282,4.102564102564102,84.1025641025641
E00004386,207,28,15,13,179,15,164,13.526570048309178,7.246376811594203,6.280193236714976,86.47342995169082,7.246376811594203,79.22705314009661
E00004387,179,22,6,16,157,10,147,12.290502793296088,3.35195530726257,8.938547486033519,87.70949720670392,5.58659217877095,82.12290502793296
E00004388,199,22,6,16,177,15,162,11.055276381909549,3.015075376884422,8.040201005025125,88.94472361809045,7.537688442211055,81.4070351758794
E00004389,251,30,5,25,221,17,204,11.952191235059761,1.9920318725099602,9.9601593625498,88.04780876494024,6.772908366533864,81.27490039840637
E00004390,239,35,11,24,204,12,192,14.644351464435147,4.602510460251046,10.0418410041841,85.35564853556485,5.02092050209205,80.3347280334728
E00004391,314,47,13,34,267,14,253,14.968152866242038,4.140127388535031,10.828025477707007,85.03184713375796,4.45859872611465,80.57324840764332
E00004392,237,37,9,28,200,18,182,15.611814345991561,3.79746835443038,11.814345991561181,84.38818565400844,7.59493670886076,76.79324894514767
E00004393,233,55,27,28,178,10,168,23.605150214592275,11.587982832618025,12.017167381974248,76.39484978540773,4.291845493562231,72.1030042918455
E00004394,180,25,11,14,155,12,143,13.88888888888889,6.111111111111111,7.777777777777778,86.11111111111111,6.666666666666667,79.44444444444444
E00004395,281,36,13,23,245,19,226,12.811387900355871,4.6263345195729535,8.185053380782918,87.18861209964413,6.761565836298933,80.42704626334519
E00004396,266,80,32,48,186,22,164,30.075187969924812,12.030075187969924,18.045112781954884,69.92481203007519,8.270676691729323,61.65413533834586
E00004397,283,72,40,32,211,11,200,25.4416961130742,14.13427561837456,11.307420494699647,74.55830388692578,3.8869257950530036,70.6713780918728
E00004398,220,33,10,23,187,11,176,15,4.545454545454546,10.454545454545453,85,5,80
E00004399,386,93,39,54,293,13,280,24.093264248704664,10.103626943005182,13.989637305699482,75.90673575129534,3.3678756476683938,72.53886010362694
E00004400,349,78,45,33,271,12,259,22.349570200573066,12.893982808022923,9.455587392550143,77.65042979942693,3.4383954154727796,74.21203438395415
E00004401,232,24,6,18,208,20,188,10.344827586206897,2.586206896551724,7.758620689655173,89.65517241379311,8.620689655172415,81.03448275862068
E00004402,236,23,9,14,213,13,200,9.745762711864407,3.8135593220338984,5.932203389830509,90.2542372881356,5.508474576271186,84.7457627118644
E00004403,286,19,1,18,267,19,248,6.643356643356643,0.34965034965034963,6.293706293706294,93.35664335664336,6.643356643356643,86.7132867132867
E00004404,261,23,11,12,238,16,222,8.812260536398467,4.21455938697318,4.597701149425287,91.18773946360153,6.130268199233716,85.0574712643678
E00004405,270,33,13,20,237,18,219,12.222222222222221,4.814814814814815,7.4074074074074066,87.77777777777777,6.666666666666667,81.11111111111111
E00004406,243,27,5,22,216,22,194,11.11111111111111,2.05761316872428,9.053497942386832,88.88888888888889,9.053497942386832,79.83539094650206
E00004407,296,33,7,26,263,18,245,11.14864864864865,2.364864864864865,8.783783783783784,88.85135135135135,6.081081081081082,82.77027027027027
E00004408,242,23,5,18,219,22,197,9.50413223140496,2.066115702479339,7.43801652892562,90.49586776859503,9.090909090909092,81.40495867768594
E00004409,275,57,22,35,218,19,199,20.727272727272727,8,12.727272727272727,79.27272727272727,6.909090909090909,72.36363636363636
E00004410,250,32,5,27,218,13,205,12.8,2,10.8,87.2,5.2,82
E00004411,196,25,8,17,171,21,150,12.755102040816327,4.081632653061225,8.673469387755102,87.24489795918367,10.714285714285714,76.53061224489795
E00004412,251,28,10,18,223,17,206,11.155378486055776,3.9840637450199203,7.171314741035857,88.84462151394422,6.772908366533864,82.07171314741036
E00004413,225,10,0,10,215,11,204,4.444444444444445,0,4.444444444444445,95.55555555555556,4.888888888888889,90.66666666666666
E00004414,235,23,2,21,212,16,196,9.787234042553191,0.851063829787234,8.936170212765958,90.2127659574468,6.808510638297872,83.40425531914893
E00004415,256,29,8,21,227,18,209,11.328125,3.125,8.203125,88.671875,7.03125,81.640625
E00004416,241,21,8,13,220,22,198,8.71369294605809,3.319502074688797,5.394190871369295,91.28630705394191,9.12863070539419,82.15767634854771
E00004417,264,26,17,9,238,16,222,9.848484848484848,6.4393939393939394,3.4090909090909087,90.15151515151516,6.0606060606060606,84.0909090909091
E00004418,208,23,2,21,185,19,166,11.057692307692307,0.9615384615384616,10.096153846153847,88.9423076923077,9.134615384615383,79.8076923076923
E00004419,230,25,12,13,205,17,188,10.869565217391305,5.217391304347826,5.6521739130434785,89.13043478260869,7.391304347826087,81.73913043478261
E00004420,206,15,7,8,191,19,172,7.281553398058252,3.3980582524271843,3.8834951456310676,92.71844660194175,9.223300970873787,83.49514563106796
E00004421,278,18,4,14,260,18,242,6.474820143884892,1.4388489208633095,5.0359712230215825,93.5251798561151,6.474820143884892,87.05035971223022
E00004422,145,22,13,9,123,15,108,15.172413793103448,8.96551724137931,6.206896551724138,84.82758620689656,10.344827586206897,74.48275862068967
E00004423,246,41,10,31,205,33,172,16.666666666666664,4.0650406504065035,12.601626016260163,83.33333333333334,13.414634146341465,69.91869918699187
E00004424,200,19,8,11,181,16,165,9.5,4,5.5,90.5,8,82.5
E00004425,290,33,6,27,257,19,238,11.379310344827587,2.0689655172413794,9.310344827586208,88.62068965517241,6.551724137931035,82.06896551724138
E00004426,240,14,6,8,226,14,212,5.833333333333333,2.5,3.3333333333333335,94.16666666666667,5.833333333333333,88.33333333333333
E00004427,267,17,9,8,250,15,235,6.367041198501873,3.3707865168539324,2.9962546816479403,93.63295880149812,5.617977528089887,88.01498127340824
E00004428,205,15,10,5,190,14,176,7.317073170731707,4.878048780487805,2.4390243902439024,92.6829268292683,6.829268292682928,85.85365853658537
E00004429,234,32,13,19,202,9,193,13.675213675213676,5.555555555555555,8.11965811965812,86.32478632478633,3.8461538461538463,82.47863247863248
E00004430,197,61,32,29,136,13,123,30.96446700507614,16.243654822335024,14.720812182741117,69.03553299492386,6.598984771573605,62.43654822335025
E00004431,242,16,3,13,226,12,214,6.6115702479338845,1.2396694214876034,5.371900826446281,93.38842975206612,4.958677685950414,88.42975206611571
E00004432,277,28,6,22,249,22,227,10.108303249097473,2.166064981949458,7.9422382671480145,89.89169675090253,7.9422382671480145,81.94945848375451
E00004433,302,27,6,21,275,11,264,8.940397350993377,1.9867549668874174,6.95364238410596,91.05960264900662,3.642384105960265,87.41721854304636
E00004435,230,84,42,42,146,12,134,36.52173913043478,18.26086956521739,18.26086956521739,63.47826086956522,5.217391304347826,58.26086956521739
E00004436,315,38,16,22,277,19,258,12.063492063492063,5.079365079365079,6.984126984126984,87.93650793650794,6.031746031746032,81.9047619047619
E00004437,253,24,11,13,229,21,208,9.486166007905137,4.3478260869565215,5.138339920948617,90.51383399209486,8.300395256916996,82.21343873517787
E00004438,207,23,12,11,184,13,171,11.11111111111111,5.797101449275362,5.314009661835748,88.88888888888889,6.280193236714976,82.6086956521739
E00004439,251,24,9,15,227,9,218,9.56175298804781,3.5856573705179287,5.9760956175298805,90.43824701195219,3.5856573705179287,86.85258964143426
E00004440,237,18,7,11,219,13,206,7.59493670886076,2.9535864978902953,4.641350210970464,92.40506329113924,5.485232067510549,86.91983122362869
E00004441,257,35,10,25,222,22,200,13.618677042801556,3.8910505836575875,9.72762645914397,86.38132295719845,8.560311284046692,77.82101167315176
E00004442,232,45,20,25,187,10,177,19.396551724137932,8.620689655172415,10.775862068965516,80.60344827586206,4.310344827586207,76.29310344827587
E00004444,420,81,37,44,339,17,322,19.28571428571429,8.80952380952381,10.476190476190476,80.71428571428572,4.0476190476190474,76.66666666666667
E00004445,245,33,11,22,212,14,198,13.46938775510204,4.489795918367347,8.979591836734693,86.53061224489797,5.714285714285714,80.81632653061224
E00004446,316,49,21,28,267,13,254,15.50632911392405,6.6455696202531636,8.860759493670885,84.49367088607595,4.113924050632911,80.37974683544303
E00004448,312,58,31,27,254,15,239,18.58974358974359,9.935897435897436,8.653846153846153,81.41025641025641,4.807692307692308,76.6025641025641
E00004450,332,58,34,24,274,29,245,17.46987951807229,10.240963855421686,7.228915662650602,82.53012048192771,8.734939759036145,73.79518072289156
E00004451,270,52,31,21,218,16,202,19.25925925925926,11.481481481481481,7.777777777777778,80.74074074074075,5.9259259259259265,74.81481481481481
E00004452,306,46,20,26,260,17,243,15.032679738562091,6.535947712418301,8.49673202614379,84.9673202614379,5.555555555555555,79.41176470588235
E00004453,414,83,44,39,331,18,313,20.048309178743963,10.628019323671497,9.420289855072465,79.95169082125604,4.3478260869565215,75.60386473429952
E00004454,506,108,53,55,398,33,365,21.34387351778656,10.474308300395258,10.869565217391305,78.65612648221344,6.521739130434782,72.13438735177866
E00004455,241,48,17,31,193,7,186,19.91701244813278,7.053941908713693,12.863070539419086,80.08298755186722,2.904564315352697,77.17842323651453
E00004456,437,74,35,39,363,20,343,16.933638443935926,8.009153318077804,8.924485125858125,83.06636155606407,4.576659038901601,78.48970251716247
E00004458,416,71,29,42,345,30,315,17.067307692307693,6.971153846153847,10.096153846153847,82.9326923076923,7.211538461538461,75.72115384615384
E00004459,296,64,30,34,232,10,222,21.62162162162162,10.135135135135135,11.486486486486488,78.37837837837837,3.3783783783783785,75
E00004460,282,97,77,20,185,10,175,34.39716312056738,27.30496453900709,7.092198581560284,65.60283687943263,3.546099290780142,62.056737588652474
E00004461,360,68,31,37,292,14,278,18.88888888888889,8.61111111111111,10.277777777777777,81.11111111111111,3.888888888888889,77.22222222222223
E00004462,215,30,11,19,185,11,174,13.953488372093023,5.116279069767442,8.837209302325581,86.04651162790698,5.116279069767442,80.93023255813954
E00004463,331,70,31,39,261,13,248,21.148036253776432,9.365558912386707,11.782477341389729,78.85196374622356,3.927492447129909,74.92447129909365
E00004465,351,95,40,55,256,17,239,27.065527065527068,11.396011396011396,15.669515669515668,72.93447293447294,4.843304843304843,68.09116809116809
E00004466,211,24,2,22,187,25,162,11.374407582938389,0.9478672985781991,10.42654028436019,88.62559241706161,11.848341232227488,76.77725118483413
E00004467,318,72,37,35,246,13,233,22.641509433962266,11.635220125786164,11.0062893081761,77.35849056603774,4.088050314465408,73.27044025157232
E00004469,234,23,3,20,211,17,194,9.82905982905983,1.282051282051282,8.547008547008547,90.17094017094017,7.264957264957266,82.90598290598291
E00004470,342,57,25,32,285,11,274,16.666666666666664,7.309941520467836,9.35672514619883,83.33333333333334,3.216374269005848,80.11695906432749
E00004471,212,26,13,13,186,11,175,12.264150943396226,6.132075471698113,6.132075471698113,87.73584905660378,5.188679245283019,82.54716981132076
E00004472,370,68,35,33,302,20,282,18.37837837837838,9.45945945945946,8.91891891891892,81.62162162162161,5.405405405405405,76.21621621621621
E00004473,245,23,7,16,222,21,201,9.387755102040817,2.857142857142857,6.530612244897959,90.61224489795919,8.571428571428571,82.0408163265306
E00004474,317,43,16,27,274,17,257,13.564668769716087,5.047318611987381,8.517350157728707,86.43533123028391,5.3627760252365935,81.07255520504731
E00004475,301,54,20,34,247,11,236,17.940199335548172,6.64451827242525,11.295681063122924,82.05980066445183,3.6544850498338874,78.40531561461795
E00004476,331,57,33,24,274,9,265,17.220543806646525,9.969788519637463,7.250755287009064,82.77945619335347,2.719033232628399,80.06042296072508
E00004477,262,30,9,21,232,10,222,11.450381679389313,3.435114503816794,8.015267175572518,88.54961832061069,3.816793893129771,84.7328244274809
E00004478,448,57,20,37,391,35,356,12.723214285714285,4.464285714285714,8.258928571428571,87.27678571428571,7.8125,79.46428571428571
E00004479,282,51,23,28,231,14,217,18.085106382978726,8.156028368794328,9.929078014184398,81.91489361702128,4.964539007092199,76.95035460992908
E00004480,253,37,19,18,216,19,197,14.624505928853754,7.5098814229249005,7.114624505928854,85.37549407114624,7.5098814229249005,77.86561264822134
E00004481,333,96,54,42,237,23,214,28.82882882882883,16.216216216216218,12.612612612612612,71.17117117117117,6.906906906906906,64.26426426426426
E00004482,292,39,13,26,253,26,227,13.356164383561644,4.4520547945205475,8.904109589041095,86.64383561643835,8.904109589041095,77.73972602739725
E00004483,274,34,11,23,240,21,219,12.408759124087592,4.014598540145985,8.394160583941606,87.59124087591242,7.664233576642336,79.92700729927007
E00004484,293,33,15,18,260,25,235,11.262798634812286,5.1194539249146755,6.143344709897611,88.73720136518772,8.532423208191126,80.2047781569966
E00004485,269,48,16,32,221,17,204,17.843866171003718,5.947955390334572,11.895910780669144,82.15613382899627,6.319702602230483,75.8364312267658
E00004486,302,57,22,35,245,18,227,18.874172185430464,7.28476821192053,11.589403973509933,81.12582781456953,5.960264900662252,75.16556291390728
E00004487,201,53,20,33,148,19,129,26.368159203980102,9.950248756218906,16.417910447761194,73.6318407960199,9.45273631840796,64.17910447761194
E00004488,215,49,23,26,166,16,150,22.790697674418606,10.69767441860465,12.093023255813954,77.20930232558139,7.441860465116279,69.76744186046511
E00004489,267,45,17,28,222,19,203,16.853932584269664,6.367041198501873,10.486891385767791,83.14606741573034,7.116104868913857,76.02996254681648
E00004490,251,37,11,26,214,7,207,14.741035856573706,4.382470119521913,10.358565737051793,85.2589641434263,2.788844621513944,82.47011952191235
E00004491,298,75,37,38,223,13,210,25.16778523489933,12.416107382550337,12.751677852348994,74.83221476510067,4.3624161073825505,70.46979865771812
E00004492,328,32,13,19,296,22,274,9.75609756097561,3.9634146341463414,5.7926829268292686,90.2439024390244,6.707317073170732,83.53658536585365
E00004493,140,25,13,12,115,12,103,17.857142857142858,9.285714285714286,8.571428571428571,82.14285714285714,8.571428571428571,73.57142857142858
E00004494,392,61,26,35,331,35,296,15.561224489795919,6.63265306122449,8.928571428571429,84.43877551020408,8.928571428571429,75.51020408163265
E00004495,217,27,10,17,190,15,175,12.442396313364055,4.6082949308755765,7.834101382488479,87.55760368663594,6.912442396313365,80.64516129032258
E00004496,287,25,7,18,262,24,238,8.710801393728223,2.4390243902439024,6.2717770034843205,91.28919860627178,8.362369337979095,82.92682926829268
E00004497,234,31,22,9,203,4,199,13.247863247863249,9.401709401709402,3.8461538461538463,86.75213675213675,1.7094017094017095,85.04273504273505
E00004498,354,62,36,26,292,20,272,17.51412429378531,10.16949152542373,7.344632768361582,82.485875706214685,5.649717514124294,76.8361581920904
E00004499,375,23,8,15,352,29,323,6.133333333333333,2.1333333333333333,4,93.86666666666666,7.733333333333333,86.13333333333333
E00004500,143,36,17,19,107,14,93,25.174825174825177,11.888111888111888,13.286713286713287,74.82517482517483,9.79020979020979,65.03496503496503
E00004501,107,22,11,11,85,16,69,20.5607476635514,10.2803738317757,10.2803738317757,79.43925233644859,14.953271028037381,64.48598130841121
E00004502,261,71,49,22,190,12,178,27.203065134099617,18.773946360153257,8.42911877394636,72.79693486590038,4.597701149425287,68.19923371647509
E00004503,240,60,31,29,180,14,166,25,12.916666666666668,12.083333333333334,75,5.833333333333333,69.16666666666667
E00004504,323,44,16,28,279,23,256,13.622291021671826,4.953560371517028,8.6687306501548,86.37770897832817,7.120743034055728,79.25696594427245
E00004505,339,71,34,37,268,18,250,20.943952802359885,10.029498525073747,10.914454277286136,79.05604719764013,5.3097345132743365,73.74631268436578
E00004506,335,63,24,39,272,26,246,18.80597014925373,7.164179104477612,11.641791044776118,81.19402985074626,7.761194029850746,73.43283582089552
E00004507,223,33,14,19,190,18,172,14.798206278026907,6.278026905829597,8.520179372197308,85.20179372197309,8.071748878923767,77.13004484304933
E00004508,300,49,27,22,251,25,226,16.333333333333332,9,7.333333333333333,83.66666666666667,8.333333333333332,75.33333333333333
E00004509,338,60,29,31,278,17,261,17.75147928994083,8.579881656804734,9.171597633136095,82.24852071005917,5.029585798816568,77.2189349112426
E00004510,292,32,7,25,260,18,242,10.95890410958904,2.3972602739726026,8.561643835616438,89.04109589041096,6.164383561643835,82.87671232876713
E00004511,292,36,13,23,256,28,228,12.32876712328767,4.4520547945205475,7.876712328767123,87.67123287671232,9.58904109589041,78.08219178082192
E00004512,239,46,22,24,193,16,177,19.246861924686193,9.205020920502092,10.0418410041841,80.75313807531381,6.694560669456067,74.05857740585773
E00004513,255,29,6,23,226,19,207,11.372549019607844,2.3529411764705883,9.019607843137255,88.62745098039215,7.450980392156863,81.17647058823529
E00004514,257,27,3,24,230,19,211,10.505836575875486,1.1673151750972763,9.33852140077821,89.49416342412452,7.392996108949417,82.10116731517509
E00004515,233,28,9,19,205,11,194,12.017167381974248,3.862660944206009,8.15450643776824,87.98283261802575,4.721030042918455,83.2618025751073
E00004516,285,30,8,22,255,22,233,10.526315789473683,2.807017543859649,7.719298245614035,89.47368421052632,7.719298245614035,81.75438596491227
E00004517,268,65,28,37,203,20,183,24.253731343283583,10.44776119402985,13.805970149253731,75.74626865671642,7.462686567164178,68.28358208955224
E00004518,231,54,25,29,177,14,163,23.376623376623375,10.822510822510822,12.554112554112553,76.62337662337663,6.0606060606060606,70.56277056277057
E00004519,225,41,16,25,184,14,170,18.22222222222222,7.111111111111111,11.11111111111111,81.77777777777779,6.222222222222222,75.55555555555556
E00004520,241,64,35,29,177,21,156,26.556016597510375,14.522821576763487,12.033195020746888,73.44398340248964,8.71369294605809,64.73029045643153
E00004521,205,33,8,25,172,10,162,16.097560975609756,3.902439024390244,12.195121951219512,83.90243902439025,4.878048780487805,79.02439024390245
E00004522,333,48,23,25,285,26,259,14.414414414414415,6.906906906906906,7.5075075075075075,85.58558558558559,7.807807807807808,77.77777777777779
E00004523,255,43,20,23,212,16,196,16.862745098039216,7.8431372549019605,9.019607843137255,83.13725490196079,6.2745098039215685,76.86274509803923
E00004524,250,33,8,25,217,22,195,13.200000000000001,3.2,10,86.8,8.799999999999999,78
E00004525,260,46,28,18,214,14,200,17.692307692307693,10.76923076923077,6.923076923076923,82.3076923076923,5.384615384615385,76.92307692307693
E00004526,333,91,47,44,242,17,225,27.32732732732733,14.114114114114114,13.213213213213212,72.67267267267268,5.105105105105105,67.56756756756756
E00004527,149,36,16,20,113,10,103,24.161073825503358,10.738255033557047,13.422818791946309,75.83892617449665,6.7114093959731544,69.12751677852349
E00004528,191,30,17,13,161,19,142,15.706806282722512,8.900523560209423,6.806282722513089,84.29319371727748,9.947643979057592,74.3455497382199
E00004529,288,44,23,21,244,19,225,15.277777777777779,7.986111111111111,7.291666666666667,84.72222222222221,6.597222222222222,78.125
E00004530,228,41,20,21,187,11,176,17.982456140350877,8.771929824561402,9.210526315789473,82.01754385964912,4.824561403508771,77.19298245614034
E00004531,255,54,25,29,201,11,190,21.176470588235293,9.803921568627452,11.372549019607844,78.82352941176471,4.313725490196078,74.50980392156863
E00004532,269,32,9,23,237,26,211,11.895910780669144,3.3457249070631967,8.550185873605948,88.10408921933085,9.66542750929368,78.43866171003717
E00004534,231,57,32,25,174,10,164,24.675324675324674,13.852813852813853,10.822510822510822,75.32467532467533,4.329004329004329,70.995670995671
E00004535,167,21,4,17,146,7,139,12.574850299401197,2.3952095808383236,10.179640718562874,87.42514970059881,4.191616766467066,83.23353293413174
E00004536,249,14,1,13,235,26,209,5.622489959839357,0.4016064257028112,5.220883534136546,94.37751004016064,10.441767068273093,83.93574297188755
E00004537,127,22,9,13,105,9,96,17.322834645669293,7.086614173228346,10.236220472440944,82.67716535433071,7.086614173228346,75.59055118110236
E00004538,182,37,25,12,145,7,138,20.32967032967033,13.736263736263737,6.593406593406594,79.67032967032966,3.8461538461538463,75.82417582417582
E00004539,268,62,29,33,206,17,189,23.134328358208954,10.820895522388058,12.313432835820896,76.86567164179104,6.343283582089552,70.52238805970148
E00004540,319,74,37,37,245,13,232,23.197492163009404,11.598746081504702,11.598746081504702,76.8025078369906,4.075235109717868,72.72727272727273
E00004541,214,43,22,21,171,5,166,20.093457943925234,10.2803738317757,9.813084112149532,79.90654205607477,2.336448598130841,77.57009345794393
E00004542,344,64,28,36,280,19,261,18.6046511627907,8.13953488372093,10.465116279069768,81.3953488372093,5.523255813953488,75.87209302325581
E00004543,162,26,11,15,136,17,119,16.049382716049383,6.790123456790123,9.25925925925926,83.9506172839506,10.493827160493826,73.4567901234568
E00004544,277,41,19,22,236,13,223,14.801444043321299,6.859205776173286,7.9422382671480145,85.1985559566787,4.693140794223827,80.50541516245488
E00004545,336,59,32,27,277,19,258,17.559523809523807,9.523809523809524,8.035714285714286,82.44047619047619,5.654761904761905,76.78571428571429
E00004546,216,45,24,21,171,9,162,20.833333333333336,11.11111111111111,9.722222222222223,79.16666666666666,4.166666666666666,75
E00004547,379,46,21,25,333,10,323,12.137203166226913,5.540897097625329,6.596306068601583,87.86279683377309,2.638522427440633,85.22427440633246
E00004548,236,37,19,18,199,23,176,15.677966101694915,8.050847457627118,7.627118644067797,84.32203389830508,9.745762711864407,74.57627118644068
E00004549,237,61,31,30,176,12,164,25.738396624472575,13.080168776371309,12.658227848101266,74.26160337552743,5.063291139240507,69.19831223628692
E00004550,351,42,26,16,309,12,297,11.965811965811966,7.4074074074074066,4.5584045584045585,88.03418803418803,3.418803418803419,84.61538461538461
E00004551,386,34,15,19,352,13,339,8.808290155440414,3.8860103626943006,4.922279792746114,91.19170984455958,3.3678756476683938,87.8238341968912
E00004552,348,56,23,33,292,14,278,16.091954022988507,6.609195402298851,9.482758620689655,83.9080459770115,4.022988505747127,79.88505747126436
E00004553,296,77,37,40,219,12,207,26.013513513513516,12.5,13.513513513513514,73.98648648648648,4.054054054054054,69.93243243243244
E00004554,310,28,13,15,282,17,265,9.032258064516128,4.193548387096775,4.838709677419355,90.96774193548387,5.483870967741936,85.48387096774194
E00004555,315,65,34,31,250,20,230,20.634920634920633,10.793650793650794,9.841269841269842,79.36507936507937,6.349206349206349,73.01587301587301
E00004556,275,48,21,27,227,18,209,17.454545454545457,7.636363636363637,9.818181818181818,82.54545454545455,6.545454545454546,76
E00004557,151,36,17,19,115,9,106,23.841059602649008,11.258278145695364,12.582781456953644,76.15894039735099,5.960264900662252,70.19867549668875
E00004558,247,36,11,25,211,18,193,14.5748987854251,4.4534412955465585,10.121457489878543,85.4251012145749,7.28744939271255,78.13765182186235
E00004559,550,86,32,54,464,23,441,15.636363636363637,5.818181818181818,9.818181818181818,84.36363636363636,4.181818181818182,80.18181818181817
E00004560,245,61,34,27,184,13,171,24.897959183673468,13.877551020408163,11.020408163265307,75.10204081632654,5.3061224489795915,69.79591836734694
E00004561,158,29,19,10,129,10,119,18.354430379746837,12.025316455696203,6.329113924050633,81.64556962025317,6.329113924050633,75.31645569620254
E00004562,256,52,23,29,204,12,192,20.3125,8.984375,11.328125,79.6875,4.6875,75
E00004564,283,33,10,23,250,18,232,11.66077738515901,3.53356890459364,8.12720848056537,88.33922261484098,6.36042402826855,81.97879858657244
E00004565,237,64,28,36,173,12,161,27.004219409282697,11.814345991561181,15.18987341772152,72.9957805907173,5.063291139240507,67.9324894514768
E00004566,327,64,24,40,263,11,252,19.571865443425075,7.339449541284404,12.232415902140673,80.42813455657493,3.3639143730886847,77.06422018348624
E00004567,426,61,29,32,365,18,347,14.319248826291082,6.807511737089202,7.511737089201878,85.68075117370893,4.225352112676056,81.45539906103286
E00004568,354,57,24,33,297,23,274,16.101694915254235,6.779661016949152,9.322033898305085,83.89830508474576,6.497175141242938,77.40112994350282
E00004569,466,71,30,41,395,33,362,15.236051502145923,6.437768240343347,8.798283261802576,84.76394849785407,7.081545064377683,77.6824034334764
E00004570,288,31,9,22,257,17,240,10.76388888888889,3.125,7.638888888888889,89.23611111111111,5.902777777777778,83.33333333333334
E00004571,257,48,26,22,209,14,195,18.67704280155642,10.116731517509727,8.560311284046692,81.32295719844358,5.447470817120623,75.87548638132296
E00004572,355,47,17,30,308,18,290,13.239436619718308,4.788732394366197,8.450704225352112,86.76056338028168,5.070422535211268,81.69014084507043
E00004573,294,69,33,36,225,14,211,23.46938775510204,11.224489795918368,12.244897959183673,76.53061224489795,4.761904761904762,71.7687074829932
E00004574,339,48,24,24,291,21,270,14.15929203539823,7.079646017699115,7.079646017699115,85.84070796460178,6.1946902654867255,79.64601769911505
E00004575,317,42,19,23,275,30,245,13.249211356466878,5.993690851735016,7.255520504731862,86.75078864353313,9.46372239747634,77.28706624605678
E00004576,317,50,20,30,267,26,241,15.772870662460567,6.309148264984227,9.46372239747634,84.22712933753942,8.201892744479496,76.02523659305994
E00004577,346,57,19,38,289,23,266,16.473988439306357,5.491329479768786,10.982658959537572,83.52601156069365,6.6473988439306355,76.878612716763
E00004578,281,41,17,24,240,20,220,14.590747330960854,6.049822064056939,8.540925266903916,85.40925266903915,7.11743772241993,78.29181494661923
E00004579,237,34,18,16,203,18,185,14.345991561181433,7.59493670886076,6.751054852320674,85.65400843881856,7.59493670886076,78.05907172995781
E00004580,311,41,19,22,270,24,246,13.183279742765272,6.109324758842444,7.07395498392283,86.81672025723472,7.717041800643088,79.09967845659163
E00004581,252,39,14,25,213,13,200,15.476190476190476,5.555555555555555,9.920634920634921,84.52380952380952,5.158730158730158,79.36507936507937
E00004582,261,40,13,27,221,16,205,15.32567049808429,4.980842911877394,10.344827586206897,84.67432950191571,6.130268199233716,78.544061302682
E00004583,343,76,29,47,267,23,244,22.157434402332363,8.454810495626822,13.702623906705538,77.84256559766763,6.705539358600583,71.13702623906705
E00004584,466,57,27,30,409,27,382,12.231759656652361,5.793991416309012,6.437768240343347,87.76824034334764,5.793991416309012,81.97424892703863
E00004585,250,37,20,17,213,16,197,14.799999999999999,8,6.800000000000001,85.2,6.4,78.8
E00004586,243,37,16,21,206,15,191,15.22633744855967,6.584362139917696,8.641975308641975,84.77366255144034,6.172839506172839,78.60082304526749
E00004587,238,51,19,32,187,17,170,21.428571428571427,7.9831932773109235,13.445378151260504,78.57142857142857,7.142857142857142,71.42857142857143
E00004588,294,42,7,35,252,18,234,14.285714285714285,2.380952380952381,11.904761904761903,85.71428571428571,6.122448979591836,79.59183673469387
E00004589,258,28,9,19,230,15,215,10.852713178294573,3.488372093023256,7.3643410852713185,89.14728682170544,5.813953488372093,83.33333333333334
E00004590,221,45,16,29,176,11,165,20.361990950226243,7.239819004524888,13.122171945701359,79.63800904977376,4.97737556561086,74.6606334841629
E00004591,253,30,13,17,223,15,208,11.857707509881422,5.138339920948617,6.719367588932807,88.14229249011858,5.928853754940711,82.21343873517787
E00004592,208,31,14,17,177,15,162,14.903846153846153,6.730769230769231,8.173076923076923,85.09615384615384,7.211538461538461,77.88461538461539
E00004593,460,47,18,29,413,40,373,10.217391304347826,3.91304347826087,6.304347826086956,89.78260869565217,8.695652173913043,81.08695652173913
E00004594,224,42,20,22,182,16,166,18.75,8.928571428571429,9.821428571428571,81.25,7.142857142857142,74.10714285714286
E00004595,296,88,61,27,208,17,191,29.72972972972973,20.60810810810811,9.121621621621621,70.27027027027027,5.743243243243244,64.52702702702703
E00004596,227,28,10,18,199,15,184,12.334801762114537,4.405286343612335,7.929515418502203,87.66519823788546,6.607929515418502,81.05726872246696
E00004597,270,40,18,22,230,14,216,14.814814814814813,6.666666666666667,8.148148148148149,85.18518518518519,5.185185185185185,80
E00004598,290,43,13,30,247,11,236,14.827586206896552,4.482758620689655,10.344827586206897,85.17241379310346,3.793103448275862,81.37931034482759
E00004599,267,42,15,27,225,16,209,15.730337078651685,5.617977528089887,10.112359550561797,84.26966292134831,5.992509363295881,78.27715355805243
E00004600,341,71,26,45,270,11,259,20.821114369501466,7.624633431085044,13.196480938416421,79.17888563049853,3.225806451612903,75.95307917888563
E00004601,290,51,18,33,239,22,217,17.586206896551722,6.206896551724138,11.379310344827587,82.41379310344827,7.586206896551724,74.82758620689656
E00004602,239,28,6,22,211,18,193,11.715481171548117,2.510460251046025,9.205020920502092,88.28451882845188,7.531380753138076,80.75313807531381
E00004603,375,62,30,32,313,20,293,16.53333333333333,8,8.533333333333333,83.46666666666667,5.333333333333334,78.13333333333333
E00004604,386,69,26,43,317,14,303,17.875647668393782,6.7357512953367875,11.139896373056994,82.12435233160622,3.6269430051813467,78.49740932642487
E00004605,282,45,21,24,237,11,226,15.957446808510639,7.446808510638298,8.51063829787234,84.04255319148936,3.900709219858156,80.1418439716312
E00004606,339,61,32,29,278,11,267,17.99410029498525,9.43952802359882,8.55457227138643,82.00589970501476,3.2448377581120944,78.76106194690266
E00004607,195,47,24,23,148,8,140,24.102564102564102,12.307692307692308,11.794871794871794,75.8974358974359,4.102564102564102,71.7948717948718
E00004608,383,61,20,41,322,17,305,15.926892950391643,5.221932114882506,10.704960835509137,84.07310704960835,4.43864229765013,79.63446475195822
E00004610,312,48,27,21,264,12,252,15.384615384615385,8.653846153846153,6.730769230769231,84.61538461538461,3.8461538461538463,80.76923076923077
E00004611,198,78,42,36,120,14,106,39.39393939393939,21.21212121212121,18.181818181818183,60.60606060606061,7.07070707070707,53.535353535353536
E00004612,293,57,28,29,236,8,228,19.453924914675767,9.556313993174061,9.897610921501707,80.54607508532423,2.7303754266211606,77.81569965870307
E00004613,302,50,23,27,252,14,238,16.55629139072848,7.6158940397351,8.940397350993377,83.44370860927152,4.635761589403973,78.80794701986756
E00004614,502,74,34,40,428,21,407,14.741035856573706,6.772908366533864,7.968127490039841,85.2589641434263,4.183266932270916,81.07569721115537
E00004615,199,38,17,21,161,9,152,19.09547738693467,8.542713567839195,10.552763819095476,80.90452261306532,4.522613065326634,76.38190954773869
E00004616,252,29,12,17,223,16,207,11.507936507936508,4.761904761904762,6.746031746031746,88.4920634920635,6.349206349206349,82.14285714285714
E00004617,196,20,5,15,176,14,162,10.204081632653061,2.5510204081632653,7.653061224489796,89.79591836734694,7.142857142857142,82.6530612244898
E00004618,238,50,26,24,188,11,177,21.008403361344538,10.92436974789916,10.084033613445378,78.99159663865547,4.621848739495799,74.36974789915966
E00004619,221,46,27,19,175,14,161,20.81447963800905,12.217194570135746,8.597285067873303,79.18552036199095,6.334841628959276,72.85067873303167
E00004620,272,57,34,23,215,15,200,20.955882352941178,12.5,8.455882352941178,79.04411764705883,5.514705882352941,73.52941176470588
E00004621,295,55,22,33,240,21,219,18.64406779661017,7.457627118644068,11.186440677966102,81.35593220338984,7.118644067796611,74.23728813559322
E00004622,385,53,17,36,332,24,308,13.766233766233766,4.415584415584416,9.35064935064935,86.23376623376623,6.233766233766234,80
E00004623,313,47,22,25,266,14,252,15.015974440894569,7.0287539936102235,7.987220447284344,84.98402555910543,4.472843450479233,80.5111821086262
E00004624,299,41,15,26,258,18,240,13.712374581939798,5.016722408026756,8.695652173913043,86.2876254180602,6.0200668896321075,80.2675585284281
E00004625,365,51,18,33,314,18,296,13.972602739726028,4.931506849315069,9.04109589041096,86.02739726027397,4.931506849315069,81.0958904109589
E00004626,298,90,53,37,208,11,197,30.201342281879196,17.78523489932886,12.416107382550337,69.79865771812081,3.691275167785235,66.10738255033557
E00004627,216,44,24,20,172,12,160,20.37037037037037,11.11111111111111,9.25925925925926,79.62962962962963,5.555555555555555,74.07407407407408
E00004628,230,44,23,21,186,9,177,19.130434782608695,10,9.130434782608695,80.8695652173913,3.91304347826087,76.95652173913044
E00004629,216,23,6,17,193,11,182,10.648148148148149,2.7777777777777777,7.87037037037037,89.35185185185185,5.092592592592593,84.25925925925925
E00004630,278,29,17,12,249,19,230,10.431654676258994,6.115107913669065,4.316546762589928,89.568345323741,6.83453237410072,82.73381294964028
E00004631,260,59,31,28,201,9,192,22.692307692307693,11.923076923076923,10.76923076923077,77.3076923076923,3.4615384615384617,73.84615384615385
E00004632,311,43,23,20,268,9,259,13.826366559485532,7.395498392282958,6.430868167202572,86.17363344051448,2.8938906752411575,83.27974276527331
E00004633,273,56,24,32,217,8,209,20.51282051282051,8.791208791208792,11.72161172161172,79.48717948717949,2.93040293040293,76.55677655677655
E00004634,272,38,13,25,234,18,216,13.970588235294118,4.779411764705882,9.191176470588236,86.02941176470588,6.61764705882353,79.41176470588235
E00004635,304,46,30,16,258,10,248,15.131578947368421,9.868421052631579,5.263157894736842,84.86842105263158,3.289473684210526,81.57894736842105
E00004636,264,42,13,29,222,11,211,15.909090909090908,4.924242424242424,10.984848484848484,84.0909090909091,4.166666666666666,79.92424242424242
E00004637,425,64,28,36,361,20,341,15.058823529411763,6.588235294117648,8.470588235294118,84.94117647058823,4.705882352941177,80.23529411764706
E00004638,412,54,29,25,358,21,337,13.106796116504855,7.038834951456311,6.067961165048544,86.89320388349515,5.097087378640777,81.79611650485437
E00004639,214,47,21,26,167,7,160,21.962616822429908,9.813084112149532,12.149532710280374,78.03738317757009,3.2710280373831773,74.76635514018692
E00004640,361,49,22,27,312,11,301,13.573407202216067,6.094182825484765,7.479224376731302,86.42659279778393,3.0470914127423825,83.37950138504155
E00004641,366,71,35,36,295,12,283,19.398907103825135,9.562841530054644,9.836065573770492,80.60109289617486,3.278688524590164,77.3224043715847
E00004642,327,59,37,22,268,14,254,18.04281345565749,11.314984709480122,6.727828746177369,81.9571865443425,4.281345565749235,77.67584097859327
E00004643,354,48,26,22,306,16,290,13.559322033898304,7.344632768361582,6.214689265536723,86.4406779661017,4.519774011299435,81.92090395480226
E00004644,439,81,43,38,358,13,345,18.45102505694761,9.79498861047836,8.656036446469248,81.54897494305239,2.9612756264236904,78.5876993166287
E00004645,184,16,4,12,168,10,158,8.695652173913043,2.1739130434782608,6.521739130434782,91.30434782608695,5.434782608695652,85.86956521739131
E00004646,232,34,17,17,198,12,186,14.655172413793101,7.327586206896551,7.327586206896551,85.34482758620689,5.172413793103448,80.17241379310344
E00004647,274,38,13,25,236,13,223,13.86861313868613,4.744525547445255,9.124087591240876,86.13138686131386,4.744525547445255,81.38686131386861
E00004649,189,20,9,11,169,21,148,10.582010582010582,4.761904761904762,5.82010582010582,89.41798941798942,11.11111111111111,78.3068783068783
E00004650,231,43,17,26,188,19,169,18.614718614718615,7.35930735930736,11.255411255411255,81.38528138528139,8.225108225108226,73.16017316017316
E00004651,128,23,14,9,105,3,102,17.96875,10.9375,7.03125,82.03125,2.34375,79.6875
E00004652,219,59,26,33,160,11,149,26.94063926940639,11.87214611872146,15.068493150684931,73.0593607305936,5.0228310502283104,68.0365296803653
E00004655,297,30,3,27,267,26,241,10.1010101010101,1.0101010101010102,9.090909090909092,89.8989898989899,8.754208754208754,81.14478114478115
E00004658,549,89,34,55,460,27,433,16.21129326047359,6.193078324225866,10.018214936247723,83.7887067395264,4.918032786885246,78.87067395264117
E00004659,329,42,22,20,287,7,280,12.76595744680851,6.68693009118541,6.079027355623101,87.2340425531915,2.127659574468085,85.1063829787234
E00004660,221,51,31,20,170,12,158,23.076923076923077,14.027149321266968,9.049773755656108,76.92307692307693,5.429864253393665,71.49321266968326
E00004661,244,37,19,18,207,16,191,15.163934426229508,7.786885245901639,7.377049180327869,84.8360655737705,6.557377049180328,78.27868852459017
E00004662,187,39,22,17,148,10,138,20.855614973262032,11.76470588235294,9.090909090909092,79.14438502673798,5.347593582887701,73.79679144385027
E00004663,320,54,28,26,266,16,250,16.875,8.75,8.125,83.125,5,78.125
E00004664,299,44,23,21,255,16,239,14.715719063545151,7.6923076923076925,7.023411371237458,85.28428093645485,5.351170568561873,79.93311036789298
E00004665,269,78,41,37,191,11,180,28.99628252788104,15.241635687732341,13.754646840148698,71.00371747211895,4.089219330855019,66.91449814126395
E00004666,386,60,17,43,326,36,290,15.544041450777202,4.404145077720207,11.139896373056994,84.4559585492228,9.32642487046632,75.12953367875647
E00004667,149,15,1,14,134,15,119,10.06711409395973,0.6711409395973155,9.395973154362416,89.93288590604027,10.06711409395973,79.86577181208054
E00004668,159,38,16,22,121,7,114,23.89937106918239,10.062893081761008,13.836477987421384,76.10062893081762,4.40251572327044,71.69811320754717
E00004669,297,44,32,12,253,15,238,14.814814814814813,10.774410774410773,4.040404040404041,85.18518518518519,5.05050505050505,80.13468013468014
E00004670,280,56,21,35,224,7,217,20,7.5,12.5,80,2.5,77.5
E00004671,574,101,45,56,473,28,445,17.59581881533101,7.8397212543554,9.75609756097561,82.40418118466899,4.878048780487805,77.52613240418118
E00004672,173,20,5,15,153,20,133,11.560693641618498,2.8901734104046244,8.670520231213873,88.4393063583815,11.560693641618498,76.878612716763
E00004673,276,44,23,21,232,19,213,15.942028985507244,8.333333333333332,7.608695652173914,84.05797101449275,6.884057971014493,77.17391304347827
E00004674,259,52,24,28,207,9,198,20.077220077220076,9.266409266409266,10.81081081081081,79.92277992277992,3.474903474903475,76.44787644787645
E00004675,170,40,22,18,130,11,119,23.52941176470588,12.941176470588237,10.588235294117647,76.47058823529412,6.470588235294119,70
E00004676,121,18,7,11,103,14,89,14.87603305785124,5.785123966942149,9.090909090909092,85.12396694214877,11.570247933884298,73.55371900826447
E00004678,394,79,39,40,315,21,294,20.050761421319795,9.898477157360407,10.152284263959391,79.94923857868021,5.32994923857868,74.61928934010153
E00004679,163,39,22,17,124,7,117,23.92638036809816,13.496932515337424,10.429447852760736,76.07361963190185,4.294478527607362,71.77914110429448
E00004680,948,116,30,86,832,64,768,12.236286919831224,3.1645569620253164,9.071729957805907,87.76371308016878,6.751054852320674,81.0126582278481
E00004681,204,18,7,11,186,9,177,8.823529411764707,3.431372549019608,5.392156862745098,91.17647058823529,4.411764705882353,86.76470588235294
E00004682,192,34,16,18,158,11,147,17.708333333333336,8.333333333333332,9.375,82.29166666666666,5.729166666666666,76.5625
E00004683,190,37,21,16,153,14,139,19.473684210526315,11.052631578947368,8.421052631578947,80.52631578947368,7.368421052631578,73.15789473684211
E00004684,321,52,18,34,269,19,250,16.1993769470405,5.607476635514018,10.59190031152648,83.8006230529595,5.919003115264798,77.88161993769471
E00004685,286,38,20,18,248,16,232,13.286713286713287,6.993006993006993,6.293706293706294,86.7132867132867,5.594405594405594,81.11888111888112
E00004686,318,44,27,17,274,10,264,13.836477987421384,8.49056603773585,5.345911949685535,86.16352201257862,3.1446540880503147,83.01886792452831
E00004687,191,13,5,8,178,14,164,6.806282722513089,2.6178010471204187,4.18848167539267,93.19371727748691,7.329842931937172,85.86387434554975
E00004688,421,74,46,28,347,17,330,17.577197149643705,10.926365795724466,6.65083135391924,82.42280285035629,4.038004750593824,78.38479809976246
E00004689,328,46,29,17,282,13,269,14.02439024390244,8.841463414634147,5.182926829268292,85.97560975609755,3.9634146341463414,82.01219512195121
E00004690,226,27,13,14,199,14,185,11.946902654867257,5.752212389380531,6.1946902654867255,88.05309734513274,6.1946902654867255,81.85840707964603
E00004691,241,35,17,18,206,15,191,14.522821576763487,7.053941908713693,7.468879668049793,85.47717842323651,6.224066390041494,79.25311203319502
E00004692,256,49,20,29,207,9,198,19.140625,7.8125,11.328125,80.859375,3.515625,77.34375
E00004693,321,46,18,28,275,14,261,14.330218068535824,5.607476635514018,8.722741433021806,85.66978193146417,4.361370716510903,81.30841121495327
E00004694,265,41,21,20,224,15,209,15.471698113207546,7.9245283018867925,7.547169811320755,84.52830188679246,5.660377358490567,78.8679245283019
E00004695,300,41,19,22,259,11,248,13.666666666666666,6.333333333333334,7.333333333333333,86.33333333333333,3.6666666666666665,82.66666666666667
E00004696,344,56,32,24,288,16,272,16.27906976744186,9.30232558139535,6.976744186046512,83.72093023255815,4.651162790697675,79.06976744186046
E00004697,195,41,19,22,154,6,148,21.025641025641026,9.7435897435897445,11.282051282051283,78.97435897435898,3.076923076923077,75.8974358974359
E00004699,399,71,42,29,328,14,314,17.794486215538846,10.526315789473683,7.268170426065162,82.20551378446115,3.508771929824561,78.69674185463658
E00004700,303,88,52,36,215,12,203,29.042904290429046,17.16171617161716,11.881188118811881,70.95709570957096,3.9603960396039604,66.996699669967
E00004701,269,32,20,12,237,15,222,11.895910780669144,7.434944237918216,4.4609665427509295,88.10408921933085,5.5762081784386615,82.5278810408922
E00004702,236,53,24,29,183,14,169,22.45762711864407,10.16949152542373,12.288135593220339,77.54237288135593,5.932203389830509,71.61016949152543
E00004703,274,57,23,34,217,19,198,20.802919708029197,8.394160583941606,12.408759124087592,79.1970802919708,6.934306569343065,72.26277372262774
E00004704,297,46,24,22,251,17,234,15.488215488215488,8.080808080808081,7.4074074074074066,84.51178451178451,5.723905723905724,78.78787878787878
E00004705,294,30,6,24,264,20,244,10.204081632653061,2.0408163265306123,8.16326530612245,89.79591836734694,6.802721088435375,82.99319727891157
E00004706,359,65,26,39,294,28,266,18.105849582172702,7.242339832869081,10.86350974930362,81.89415041782729,7.7994428969359335,74.09470752089136
E00004707,418,41,9,32,377,30,347,9.808612440191387,2.15311004784689,7.655502392344498,90.19138755980862,7.177033492822966,83.01435406698565
E00004708,156,38,19,19,118,7,111,24.358974358974358,12.179487179487179,12.179487179487179,75.64102564102564,4.487179487179487,71.15384615384616
E00004709,340,52,23,29,288,30,258,15.294117647058824,6.764705882352941,8.529411764705882,84.70588235294117,8.823529411764707,75.88235294117646
E00004710,251,45,22,23,206,20,186,17.928286852589643,8.764940239043826,9.163346613545817,82.07171314741036,7.968127490039841,74.10358565737052
E00004711,322,45,18,27,277,20,257,13.975155279503104,5.590062111801243,8.385093167701864,86.0248447204969,6.211180124223603,79.8136645962733
E00004712,248,28,9,19,220,17,203,11.29032258064516,3.6290322580645165,7.661290322580645,88.70967741935483,6.854838709677419,81.85483870967742
E00004713,170,33,11,22,137,17,120,19.411764705882355,6.470588235294119,12.941176470588237,80.58823529411765,10,70.58823529411765
E00004714,261,21,6,15,240,12,228,8.045977011494253,2.2988505747126435,5.747126436781609,91.95402298850574,4.597701149425287,87.356321839080465
E00004715,292,59,28,31,233,26,207,20.205479452054796,9.58904109589041,10.616438356164384,79.7945205479452,8.904109589041095,70.8904109589041
E00004717,290,35,10,25,255,14,241,12.068965517241379,3.4482758620689653,8.620689655172415,87.93103448275862,4.827586206896552,83.10344827586206
E00004719,419,80,37,43,339,11,328,19.09307875894988,8.83054892601432,10.26252983293556,80.90692124105013,2.6252983293556085,78.28162291169451
E00004720,110,22,10,12,88,8,80,20,9.090909090909092,10.909090909090908,80,7.2727272727272725,72.72727272727273
E00004721,288,37,24,13,251,13,238,12.847222222222221,8.333333333333332,4.513888888888888,87.15277777777779,4.513888888888888,82.63888888888889
E00004723,298,63,38,25,235,12,223,21.140939597315437,12.751677852348994,8.389261744966444,78.85906040268456,4.026845637583892,74.83221476510067
E00004724,287,42,14,28,245,6,239,14.634146341463413,4.878048780487805,9.75609756097561,85.36585365853658,2.0905923344947737,83.27526132404182
E00004725,392,76,34,42,316,23,293,19.387755102040817,8.673469387755102,10.714285714285714,80.61224489795919,5.86734693877551,74.74489795918367
E00004726,245,58,36,22,187,13,174,23.6734693877551,14.69387755102041,8.979591836734693,76.32653061224491,5.3061224489795915,71.0204081632653
E00004727,294,43,25,18,251,11,240,14.625850340136054,8.503401360544217,6.122448979591836,85.37414965986395,3.741496598639456,81.63265306122449
E00004728,300,57,28,29,243,13,230,19,9.333333333333334,9.666666666666666,81,4.333333333333334,76.66666666666667
E00004729,240,50,18,32,190,9,181,20.833333333333336,7.5,13.333333333333334,79.16666666666666,3.75,75.41666666666667
E00004730,182,48,25,23,134,6,128,26.373626373626376,13.736263736263737,12.637362637362637,73.62637362637363,3.296703296703297,70.32967032967034
E00004731,624,117,54,63,507,24,483,18.75,8.653846153846153,10.096153846153847,81.25,3.8461538461538463,77.40384615384616
E00004733,360,63,33,30,297,27,270,17.5,9.166666666666666,8.333333333333332,82.5,7.5,75
E00004736,196,39,20,19,157,14,143,19.897959183673468,10.204081632653061,9.693877551020408,80.10204081632652,7.142857142857142,72.95918367346938
E00004738,249,32,9,23,217,25,192,12.851405622489958,3.614457831325301,9.236947791164658,87.14859437751004,10.040160642570282,77.10843373493977
E00004739,237,22,4,18,215,12,203,9.282700421940929,1.6877637130801686,7.59493670886076,90.71729957805907,5.063291139240507,85.65400843881856
E00004741,316,63,35,28,253,15,238,19.936708860759495,11.075949367088606,8.860759493670885,80.0632911392405,4.746835443037975,75.31645569620254
E00004742,313,59,31,28,254,18,236,18.849840255591054,9.904153354632587,8.945686900958465,81.15015974440894,5.7507987220447285,75.39936102236422
E00004743,379,81,40,41,298,17,281,21.372031662269126,10.554089709762533,10.817941952506596,78.62796833773086,4.485488126649076,74.14248021108179
E00004744,273,67,38,29,206,10,196,24.54212454212454,13.91941391941392,10.622710622710622,75.45787545787546,3.6630036630036633,71.7948717948718
E00004745,275,72,37,35,203,11,192,26.181818181818183,13.454545454545455,12.727272727272727,73.81818181818181,4,69.81818181818183
E00004746,320,59,24,35,261,13,248,18.4375,7.5,10.9375,81.5625,4.0625,77.5
E00004747,384,63,33,30,321,17,304,16.40625,8.59375,7.8125,83.59375,4.427083333333334,79.16666666666666
E00004748,334,59,31,28,275,20,255,17.664670658682635,9.281437125748502,8.383233532934131,82.33532934131736,5.9880239520958085,76.34730538922156
E00004749,553,101,45,56,452,21,431,18.264014466546115,8.1374321880651,10.126582278481013,81.73598553345388,3.79746835443038,77.9385171790235
E00004750,536,109,58,51,427,35,392,20.33582089552239,10.820895522388058,9.514925373134329,79.66417910447761,6.529850746268656,73.13432835820896
E00004751,215,59,30,29,156,13,143,27.44186046511628,13.953488372093023,13.488372093023257,72.55813953488372,6.046511627906977,66.51162790697674
E00004752,308,69,31,38,239,15,224,22.4025974025974,10.064935064935066,12.337662337662337,77.59740259740259,4.870129870129871,72.72727272727273
E00004753,303,72,39,33,231,11,220,23.762376237623762,12.871287128712872,10.891089108910892,76.23762376237624,3.6303630363036308,72.60726072607261
E00004754,311,61,30,31,250,8,242,19.614147909967848,9.646302250803858,9.967845659163988,80.38585209003215,2.572347266881029,77.81350482315112
E00004755,215,48,24,24,167,9,158,22.325581395348838,11.162790697674419,11.162790697674419,77.67441860465117,4.186046511627907,73.48837209302326
E00004756,236,37,21,16,199,6,193,15.677966101694915,8.898305084745763,6.779661016949152,84.32203389830508,2.5423728813559325,81.77966101694916
E00004757,388,55,24,31,333,9,324,14.175257731958762,6.185567010309279,7.989690721649484,85.82474226804123,2.3195876288659796,83.50515463917526
E00004758,223,29,16,13,194,12,182,13.004484304932735,7.174887892376682,5.829596412556054,86.99551569506725,5.381165919282512,81.61434977578476
E00004759,310,68,31,37,242,9,233,21.935483870967744,10,11.935483870967742,78.06451612903226,2.903225806451613,75.16129032258064
E00004760,206,59,29,30,147,4,143,28.640776699029125,14.077669902912621,14.563106796116504,71.35922330097088,1.9417475728155338,69.41747572815534
E00004761,168,26,14,12,142,7,135,15.476190476190476,8.333333333333332,7.142857142857142,84.52380952380952,4.166666666666666,80.35714285714286
E00004762,291,45,26,19,246,10,236,15.463917525773196,8.934707903780069,6.529209621993128,84.5360824742268,3.436426116838488,81.09965635738831
E00004763,209,44,26,18,165,8,157,21.052631578947366,12.440191387559809,8.61244019138756,78.94736842105263,3.827751196172249,75.11961722488039
E00004764,224,47,18,29,177,10,167,20.982142857142858,8.035714285714286,12.946428571428573,79.01785714285714,4.464285714285714,74.55357142857143
E00004765,218,32,16,16,186,12,174,14.678899082568808,7.339449541284404,7.339449541284404,85.3211009174312,5.5045871559633035,79.81651376146789
E00004766,239,27,8,19,212,16,196,11.297071129707113,3.3472803347280333,7.949790794979079,88.70292887029288,6.694560669456067,82.00836820083683
E00004767,333,34,10,24,299,17,282,10.21021021021021,3.003003003003003,7.207207207207207,89.7897897897898,5.105105105105105,84.68468468468468
E00004768,297,14,2,12,283,19,264,4.713804713804714,0.6734006734006733,4.040404040404041,95.28619528619528,6.397306397306397,88.88888888888889
E00004769,273,22,7,15,251,19,232,8.058608058608058,2.564102564102564,5.4945054945054945,91.94139194139194,6.95970695970696,84.98168498168498
E00004770,209,27,11,16,182,13,169,12.918660287081341,5.263157894736842,7.655502392344498,87.08133971291866,6.220095693779904,80.86124401913875
E00004771,289,15,7,8,274,10,264,5.190311418685121,2.422145328719723,2.768166089965398,94.80968858131487,3.4602076124567476,91.34948096885813
E00004772,266,26,5,21,240,19,221,9.774436090225564,1.8796992481203008,7.894736842105263,90.22556390977444,7.142857142857142,83.0827067669173
E00004773,254,18,5,13,236,9,227,7.086614173228346,1.968503937007874,5.118110236220472,92.91338582677166,3.543307086614173,89.37007874015748
E00004774,234,18,8,10,216,13,203,7.6923076923076925,3.418803418803419,4.273504273504273,92.3076923076923,5.555555555555555,86.75213675213675
E00004775,259,12,0,12,247,25,222,4.633204633204633,0,4.633204633204633,95.36679536679536,9.652509652509652,85.71428571428571
E00004776,272,37,13,24,235,25,210,13.602941176470587,4.779411764705882,8.823529411764707,86.39705882352942,9.191176470588236,77.20588235294117
E00004777,296,50,25,25,246,12,234,16.89189189189189,8.445945945945946,8.445945945945946,83.1081081081081,4.054054054054054,79.05405405405406
E00004778,264,45,23,22,219,8,211,17.045454545454543,8.712121212121213,8.333333333333332,82.95454545454545,3.0303030303030303,79.92424242424242
E00004779,287,17,8,9,270,11,259,5.923344947735192,2.7874564459930316,3.1358885017421603,94.07665505226481,3.8327526132404177,90.2439024390244
E00004780,231,16,5,11,215,8,207,6.926406926406926,2.1645021645021645,4.761904761904762,93.07359307359307,3.463203463203463,89.6103896103896
E00004781,467,47,20,27,420,21,399,10.06423982869379,4.282655246252676,5.781584582441114,89.93576017130621,4.496788008565311,85.4389721627409
E00004782,238,13,8,5,225,14,211,5.46218487394958,3.361344537815126,2.100840336134454,94.53781512605042,5.88235294117647,88.65546218487394
E00004783,304,70,34,36,234,9,225,23.026315789473685,11.18421052631579,11.842105263157894,76.97368421052632,2.9605263157894735,74.01315789473685
E00004784,428,48,28,20,380,16,364,11.214953271028037,6.5420560747663545,4.672897196261682,88.78504672897196,3.7383177570093453,85.04672897196261
E00004785,351,65,38,27,286,14,272,18.51851851851852,10.826210826210826,7.6923076923076925,81.48148148148148,3.9886039886039883,77.49287749287748
E00004786,200,27,9,18,173,14,159,13.5,4.5,9,86.5,7.000000000000001,79.5
E00004787,338,39,14,25,299,24,275,11.538461538461538,4.142011834319527,7.396449704142012,88.46153846153845,7.100591715976331,81.36094674556213
E00004788,230,23,9,14,207,17,190,10,3.91304347826087,6.086956521739131,90,7.391304347826087,82.6086956521739
E00004789,211,21,6,15,190,6,184,9.95260663507109,2.843601895734597,7.109004739336493,90.04739336492891,2.843601895734597,87.20379146919431
E00004790,265,23,2,21,242,10,232,8.679245283018867,0.7547169811320755,7.9245283018867925,91.32075471698113,3.7735849056603774,87.54716981132076
E00004791,254,50,20,30,204,13,191,19.68503937007874,7.874015748031496,11.811023622047244,80.31496062992126,5.118110236220472,75.19685039370079
E00004792,271,29,19,10,242,14,228,10.70110701107011,7.011070110701106,3.6900369003690034,89.2988929889299,5.166051660516605,84.13284132841329
E00004793,267,23,9,14,244,13,231,8.614232209737828,3.3707865168539324,5.2434456928838955,91.38576779026218,4.868913857677903,86.51685393258427
E00004794,514,84,32,52,430,33,397,16.342412451361866,6.22568093385214,10.116731517509727,83.65758754863813,6.420233463035019,77.23735408560312
E00004795,244,38,14,24,206,14,192,15.573770491803279,5.737704918032787,9.836065573770492,84.42622950819673,5.737704918032787,78.68852459016394
E00004796,258,22,5,17,236,13,223,8.527131782945736,1.937984496124031,6.5891472868217065,91.47286821705426,5.038759689922481,86.43410852713178
E00004797,422,71,33,38,351,15,336,16.824644549763033,7.819905213270142,9.004739336492891,83.17535545023696,3.5545023696682465,79.62085308056872
E00004798,252,11,1,10,241,15,226,4.365079365079365,0.3968253968253968,3.968253968253968,95.63492063492063,5.952380952380952,89.68253968253968
E00004799,276,30,15,15,246,16,230,10.869565217391305,5.434782608695652,5.434782608695652,89.13043478260869,5.797101449275362,83.33333333333334
E00004801,265,19,6,13,246,16,230,7.169811320754717,2.2641509433962264,4.905660377358491,92.83018867924528,6.037735849056604,86.79245283018868
E00004802,252,19,7,12,233,15,218,7.5396825396825395,2.7777777777777777,4.761904761904762,92.46031746031747,5.952380952380952,86.5079365079365
E00004803,254,42,20,22,212,7,205,16.535433070866144,7.874015748031496,8.661417322834646,83.46456692913385,2.7559055118110236,80.70866141732283
E00004804,227,19,7,12,208,15,193,8.370044052863436,3.0837004405286343,5.286343612334802,91.62995594713657,6.607929515418502,85.02202643171806
E00004805,244,32,15,17,212,16,196,13.114754098360656,6.147540983606557,6.967213114754098,86.88524590163934,6.557377049180328,80.32786885245902
E00004806,234,23,6,17,211,11,200,9.82905982905983,2.564102564102564,7.264957264957266,90.17094017094017,4.700854700854701,85.47008547008546
E00004807,264,44,27,17,220,6,214,16.666666666666664,10.227272727272728,6.4393939393939394,83.33333333333334,2.272727272727273,81.06060606060606
E00004808,247,33,9,24,214,13,201,13.360323886639677,3.643724696356275,9.7165991902834,86.63967611336032,5.263157894736842,81.37651821862349
E00004809,281,28,10,18,253,13,240,9.9644128113879,3.558718861209965,6.405693950177936,90.0355871886121,4.6263345195729535,85.40925266903915
E00004810,317,32,7,25,285,23,262,10.094637223974763,2.2082018927444795,7.886435331230284,89.90536277602523,7.255520504731862,82.64984227129337
E00004811,293,24,6,18,269,23,246,8.19112627986348,2.04778156996587,6.143344709897611,91.80887372013652,7.849829351535837,83.95904436860067
E00004812,390,69,41,28,321,22,299,17.692307692307693,10.512820512820513,7.179487179487179,82.3076923076923,5.641025641025641,76.66666666666667
E00004813,335,45,20,25,290,17,273,13.432835820895523,5.970149253731343,7.462686567164178,86.56716417910447,5.074626865671641,81.49253731343283
E00004814,200,20,7,13,180,19,161,10,3.5000000000000004,6.5,90,9.5,80.5
E00004816,217,28,8,20,189,7,182,12.903225806451612,3.686635944700461,9.216589861751153,87.09677419354838,3.225806451612903,83.87096774193549
E00004817,244,24,8,16,220,22,198,9.836065573770492,3.278688524590164,6.557377049180328,90.1639344262295,9.01639344262295,81.14754098360656
E00004818,204,36,14,22,168,14,154,17.647058823529413,6.862745098039216,10.784313725490197,82.35294117647058,6.862745098039216,75.49019607843137
E00004819,276,38,11,27,238,26,212,13.768115942028986,3.985507246376811,9.782608695652174,86.23188405797102,9.420289855072465,76.81159420289855
E00004820,252,24,12,12,228,19,209,9.523809523809524,4.761904761904762,4.761904761904762,90.47619047619048,7.5396825396825395,82.93650793650794
E00004821,181,23,9,14,158,12,146,12.70718232044199,4.972375690607735,7.734806629834254,87.29281767955801,6.629834254143646,80.66298342541437
E00004822,326,49,14,35,277,19,258,15.030674846625766,4.294478527607362,10.736196319018406,84.96932515337423,5.828220858895705,79.14110429447852
E00004823,389,81,38,43,308,10,298,20.822622107969153,9.768637532133676,11.053984575835475,79.17737789203085,2.570694087403599,76.60668380462725
E00004824,202,25,7,18,177,23,154,12.376237623762377,3.4653465346534658,8.91089108910891,87.62376237623762,11.386138613861387,76.23762376237624
E00004825,201,15,1,14,186,9,177,7.462686567164178,0.4975124378109453,6.965174129353234,92.53731343283582,4.477611940298507,88.05970149253731
E00004826,228,26,9,17,202,14,188,11.403508771929824,3.9473684210526314,7.456140350877193,88.59649122807018,6.140350877192982,82.45614035087719
E00004827,315,72,43,29,243,13,230,22.857142857142858,13.65079365079365,9.206349206349207,77.14285714285715,4.1269841269841265,73.01587301587301
E00004828,231,57,34,23,174,9,165,24.675324675324674,14.71861471861472,9.956709956709958,75.32467532467533,3.896103896103896,71.42857142857143
E00004829,222,24,16,8,198,11,187,10.81081081081081,7.207207207207207,3.6036036036036037,89.1891891891892,4.954954954954955,84.23423423423422
E00004830,320,51,29,22,269,14,255,15.937499999999998,9.0625,6.875000000000001,84.0625,4.375,79.6875
E00004831,259,53,35,18,206,13,193,20.463320463320464,13.513513513513514,6.94980694980695,79.53667953667953,5.019305019305019,74.5173745173745
E00004833,285,53,32,21,232,21,211,18.596491228070175,11.228070175438596,7.368421052631578,81.40350877192982,7.368421052631578,74.03508771929825
E00004834,430,60,36,24,370,19,351,13.953488372093023,8.372093023255815,5.5813953488372094,86.04651162790698,4.4186046511627906,81.62790697674419
E00004835,529,49,16,33,480,39,441,9.262759924385634,3.0245746691871456,6.238185255198488,90.73724007561437,7.372400756143667,83.36483931947069
E00004836,264,42,22,20,222,17,205,15.909090909090908,8.333333333333332,7.575757575757576,84.0909090909091,6.4393939393939394,77.65151515151516
E00004837,572,94,39,55,478,25,453,16.433566433566433,6.8181818181818175,9.615384615384617,83.56643356643356,4.370629370629371,79.1958041958042
E00004838,250,47,28,19,203,10,193,18.8,11.200000000000001,7.6,81.2,4,77.2
E00004839,359,74,39,35,285,21,264,20.61281337047354,10.86350974930362,9.749303621169917,79.38718662952647,5.8495821727019495,73.53760445682451
E00004840,219,24,11,13,195,16,179,10.95890410958904,5.0228310502283104,5.93607305936073,89.04109589041096,7.30593607305936,81.7351598173516
E00004841,282,49,25,24,233,7,226,17.375886524822697,8.865248226950355,8.51063829787234,82.62411347517731,2.4822695035460995,80.1418439716312
E00004842,256,34,12,22,222,11,211,13.28125,4.6875,8.59375,86.71875,4.296875,82.421875
E00004843,232,33,12,21,199,16,183,14.224137931034484,5.172413793103448,9.051724137931034,85.77586206896551,6.896551724137931,78.87931034482759
E00004844,267,32,11,21,235,16,219,11.985018726591761,4.119850187265917,7.865168539325842,88.01498127340824,5.992509363295881,82.02247191011236
E00004845,216,18,2,16,198,14,184,8.333333333333332,0.9259259259259258,7.4074074074074066,91.66666666666666,6.481481481481481,85.18518518518519
E00004846,265,31,13,18,234,15,219,11.69811320754717,4.905660377358491,6.7924528301886795,88.30188679245283,5.660377358490567,82.64150943396227
E00004847,235,33,13,20,202,15,187,14.042553191489363,5.531914893617021,8.51063829787234,85.95744680851064,6.382978723404255,79.57446808510639
E00004848,335,41,9,32,294,19,275,12.238805970149254,2.6865671641791042,9.55223880597015,87.76119402985074,5.6716417910447765,82.08955223880598
E00004849,265,24,7,17,241,20,221,9.056603773584905,2.6415094339622645,6.415094339622642,90.9433962264151,7.547169811320755,83.39622641509435
E00004850,382,32,10,22,350,27,323,8.37696335078534,2.6178010471204187,5.7591623036649215,91.62303664921467,7.068062827225131,84.55497382198953
E00004851,193,12,4,8,181,17,164,6.217616580310881,2.072538860103627,4.145077720207254,93.78238341968913,8.808290155440414,84.97409326424871
E00004852,260,27,9,18,233,22,211,10.384615384615385,3.4615384615384617,6.923076923076923,89.61538461538461,8.461538461538462,81.15384615384616
E00004853,262,12,2,10,250,17,233,4.580152671755725,0.7633587786259541,3.816793893129771,95.41984732824427,6.488549618320611,88.93129770992367
E00174649,288,24,8,16,264,18,246,8.333333333333332,2.7777777777777777,5.555555555555555,91.66666666666666,6.25,85.41666666666666
E00174650,390,45,5,40,345,18,327,11.538461538461538,1.282051282051282,10.256410256410255,88.46153846153845,4.615384615384616,83.84615384615385
E00174651,216,25,5,20,191,8,183,11.574074074074074,2.314814814814815,9.25925925925926,88.42592592592592,3.7037037037037033,84.72222222222221
E00174652,111,21,5,16,90,7,83,18.91891891891892,4.504504504504505,14.414414414414415,81.08108108108108,6.306306306306306,74.77477477477478
E00174653,384,60,29,31,324,30,294,15.625,7.552083333333333,8.072916666666668,84.375,7.8125,76.5625
E00174654,612,94,37,57,518,20,498,15.359477124183007,6.045751633986928,9.313725490196079,84.640522875817,3.2679738562091507,81.37254901960785
E00174656,193,35,12,23,158,9,149,18.134715025906736,6.217616580310881,11.917098445595855,81.86528497409327,4.66321243523316,77.2020725388601
E00174657,252,15,8,7,237,19,218,5.952380952380952,3.1746031746031744,2.7777777777777777,94.04761904761905,7.5396825396825395,86.5079365079365
E00174658,161,35,11,24,126,8,118,21.73913043478261,6.832298136645963,14.906832298136646,78.26086956521739,4.968944099378882,73.29192546583852
E00174659,240,41,19,22,199,11,188,17.083333333333332,7.916666666666666,9.166666666666666,82.91666666666667,4.583333333333333,78.33333333333333
E00174660,126,21,9,12,105,10,95,16.666666666666664,7.142857142857142,9.523809523809524,83.33333333333334,7.936507936507936,75.39682539682539
E00174661,411,68,38,30,343,20,323,16.54501216545012,9.245742092457421,7.2992700729927,83.45498783454988,4.866180048661801,78.58880778588808
E00174666,138,18,4,14,120,7,113,13.043478260869565,2.898550724637681,10.144927536231885,86.95652173913044,5.072463768115942,81.88405797101449
E00174667,607,75,14,61,532,38,494,12.355848434925864,2.3064250411861615,10.049423393739703,87.64415156507414,6.260296540362438,81.38385502471169
E00174668,303,76,40,36,227,11,216,25.082508250825082,13.2013201320132,11.881188118811881,74.91749174917491,3.6303630363036308,71.28712871287128
E00174669,358,61,26,35,297,14,283,17.039106145251395,7.262569832402235,9.776536312849162,82.9608938547486,3.910614525139665,79.05027932960894
E00174670,204,20,8,12,184,10,174,9.803921568627452,3.9215686274509802,5.88235294117647,90.19607843137256,4.901960784313726,85.29411764705883
E00174671,150,14,5,9,136,10,126,9.333333333333334,3.3333333333333335,6,90.66666666666666,6.666666666666667,84
E00174672,225,18,8,10,207,14,193,8,3.5555555555555554,4.444444444444445,92,6.222222222222222,85.77777777777777
E00174673,99,16,10,6,83,6,77,16.161616161616163,10.1010101010101,6.0606060606060606,83.83838383838383,6.0606060606060606,77.77777777777779
E00174674,135,8,1,7,127,9,118,5.9259259259259265,0.7407407407407408,5.185185185185185,94.07407407407408,6.666666666666667,87.4074074074074
E00174675,203,24,10,14,179,17,162,11.822660098522167,4.926108374384237,6.896551724137931,88.17733990147784,8.374384236453201,79.80295566502463
E00174677,372,46,29,17,326,13,313,12.365591397849462,7.795698924731183,4.56989247311828,87.63440860215054,3.494623655913978,84.13978494623656
E00174678,279,22,6,16,257,13,244,7.885304659498208,2.1505376344086025,5.734767025089606,92.1146953405018,4.659498207885305,87.45519713261649
E00174680,237,36,14,22,201,17,184,15.18987341772152,5.9071729957805905,9.282700421940929,84.81012658227847,7.172995780590717,77.63713080168776
E00190350,226,13,5,8,213,23,190,5.752212389380531,2.2123893805309733,3.5398230088495577,94.24778761061947,10.176991150442479,84.070796460177
E00190351,280,39,9,30,241,22,219,13.928571428571429,3.214285714285714,10.714285714285714,86.07142857142858,7.857142857142857,78.21428571428571
E00190352,260,27,9,18,233,19,214,10.384615384615385,3.4615384615384617,6.923076923076923,89.61538461538461,7.307692307692308,82.3076923076923
E00190353,325,36,15,21,289,23,266,11.076923076923077,4.615384615384616,6.461538461538462,88.92307692307693,7.076923076923077,81.84615384615384
E00190354,518,112,62,50,406,33,373,21.62162162162162,11.96911196911197,9.652509652509652,78.37837837837837,6.370656370656371,72.00772200772201
E00190355,193,27,12,15,166,17,149,13.989637305699482,6.217616580310881,7.772020725388601,86.01036269430051,8.808290155440414,77.2020725388601
E00190356,534,62,14,48,472,28,444,11.610486891385769,2.6217228464419478,8.98876404494382,88.38951310861424,5.2434456928838955,83.14606741573034
E00190357,587,78,30,48,509,37,472,13.287904599659283,5.110732538330494,8.17717206132879,86.71209540034071,6.303236797274275,80.40885860306643
E00190358,487,82,46,36,405,13,392,16.83778234086242,9.44558521560575,7.392197125256674,83.16221765913757,2.6694045174537986,80.49281314168378
E00190360,278,49,22,27,229,12,217,17.62589928057554,7.913669064748201,9.712230215827338,82.37410071942446,4.316546762589928,78.05755395683454
E00190403,300,18,6,12,282,14,268,6,2,4,94,4.666666666666667,89.33333333333333
E00190410,456,60,18,42,396,12,384,13.157894736842104,3.9473684210526314,9.210526315789473,86.8421052631579,2.631578947368421,84.21052631578947
E00190412,575,93,36,57,482,38,444,16.17391304347826,6.260869565217392,9.91304347826087,83.82608695652173,6.608695652173912,77.21739130434783
E00190413,196,29,16,13,167,10,157,14.795918367346939,8.16326530612245,6.63265306122449,85.20408163265306,5.1020408163265305,80.10204081632652
E00190415,188,15,6,9,173,18,155,7.9787234042553195,3.1914893617021276,4.787234042553192,92.02127659574468,9.574468085106384,82.4468085106383
E00190416,226,48,28,20,178,7,171,21.238938053097346,12.389380530973451,8.849557522123893,78.76106194690266,3.0973451327433628,75.66371681415929
E00190419,310,48,25,23,262,20,242,15.483870967741936,8.064516129032258,7.419354838709677,84.51612903225806,6.451612903225806,78.06451612903226
E00190421,222,14,0,14,208,14,194,6.306306306306306,0,6.306306306306306,93.69369369369369,6.306306306306306,87.38738738738738
E00190422,122,17,7,10,105,10,95,13.934426229508196,5.737704918032787,8.19672131147541,86.0655737704918,8.19672131147541,77.8688524590164
E00190425,441,78,42,36,363,31,332,17.687074829931973,9.523809523809524,8.16326530612245,82.31292517006803,7.029478458049887,75.28344671201815
E00190430,342,53,22,31,289,17,272,15.497076023391813,6.432748538011696,9.064327485380117,84.50292397660819,4.970760233918129,79.53216374269006
E00190431,220,31,9,22,189,16,173,14.09090909090909,4.090909090909091,10,85.9090909090909,7.2727272727272725,78.63636363636364
E00190436,283,61,31,30,222,10,212,21.554770318021202,10.954063604240282,10.60070671378092,78.4452296819788,3.53356890459364,74.91166077738515
E00190439,313,40,23,17,273,12,261,12.779552715654951,7.348242811501597,5.431309904153355,87.22044728434504,3.8338658146964857,83.38658146964856
E00190441,234,17,3,14,217,12,205,7.264957264957266,1.282051282051282,5.982905982905983,92.73504273504274,5.128205128205128,87.6068376068376
E00190444,120,11,2,9,109,11,98,9.166666666666666,1.6666666666666667,7.5,90.83333333333333,9.166666666666666,81.66666666666667
E00190452,328,53,29,24,275,10,265,16.158536585365855,8.841463414634147,7.317073170731707,83.84146341463415,3.048780487804878,80.79268292682927
E00190456,405,28,1,27,377,14,363,6.91358024691358,0.24691358024691357,6.666666666666667,93.08641975308643,3.45679012345679,89.62962962962962
E00190457,252,58,38,20,194,6,188,23.015873015873016,15.079365079365079,7.936507936507936,76.98412698412699,2.380952380952381,74.60317460317461
E00190461,150,21,8,13,129,5,124,14.000000000000002,5.333333333333334,8.666666666666668,86,3.3333333333333335,82.66666666666667
E00190469,325,58,25,33,267,13,254,17.846153846153847,7.6923076923076925,10.153846153846153,82.15384615384616,4,78.15384615384615
