OA,ts0380001,ts0380002,ts0380003,ts0380004,ts0380005,ts0380006,ts0380007,ts0380002_PCT,ts0380003_PCT,ts0380004_PCT,ts0380005_PCT,ts0380006_PCT,ts0380007_PCT
E00124617,289,55,13,42,234,27,207,19.031141868512112,4.498269896193772,14.53287197231834,80.96885813148789,9.342560553633218,71.62629757785467
E00124618,301,95,46,49,206,29,177,31.561461794019934,15.282392026578073,16.27906976744186,68.43853820598007,9.634551495016613,58.80398671096345
E00124619,292,53,18,35,239,20,219,18.15068493150685,6.164383561643835,11.986301369863012,81.84931506849315,6.8493150684931505,75
E00124620,281,85,30,55,196,17,179,30.2491103202847,10.676156583629894,19.572953736654807,69.7508896797153,6.049822064056939,63.70106761565836
E00124621,344,82,23,59,262,26,236,23.837209302325583,6.686046511627906,17.151162790697676,76.16279069767442,7.55813953488372,68.6046511627907
E00124622,329,52,22,30,277,28,249,15.80547112462006,6.68693009118541,9.118541033434651,84.19452887537993,8.51063829787234,75.6838905775076
E00124623,249,67,31,36,182,26,156,26.907630522088354,12.449799196787147,14.457831325301203,73.09236947791165,10.441767068273093,62.65060240963856
E00124624,238,50,19,31,188,21,167,21.008403361344538,7.9831932773109235,13.025210084033615,78.99159663865547,8.823529411764707,70.16806722689076
E00124625,322,69,25,44,253,27,226,21.428571428571427,7.763975155279502,13.664596273291925,78.57142857142857,8.385093167701864,70.1863354037267
E00124627,351,64,20,44,287,29,258,18.233618233618234,5.698005698005698,12.535612535612536,81.76638176638177,8.262108262108262,73.50427350427351
E00124629,482,80,34,46,402,39,363,16.59751037344398,7.053941908713693,9.54356846473029,83.40248962655602,8.091286307053942,75.31120331950207
E00124630,300,54,14,40,246,32,214,18,4.666666666666667,13.333333333333334,82,10.666666666666668,71.33333333333334
E00124631,330,67,26,41,263,32,231,20.303030303030305,7.878787878787878,12.424242424242424,79.6969696969697,9.696969696969697,70
E00124632,434,83,34,49,351,35,316,19.12442396313364,7.834101382488479,11.29032258064516,80.87557603686636,8.064516129032258,72.81105990783409
E00124633,353,90,35,55,263,27,236,25.495750708215297,9.91501416430595,15.58073654390935,74.5042492917847,7.64872521246459,66.85552407932012
E00124634,274,73,44,29,201,13,188,26.642335766423358,16.05839416058394,10.583941605839415,73.35766423357664,4.744525547445255,68.61313868613139
E00124635,254,49,23,26,205,26,179,19.291338582677163,9.05511811023622,10.236220472440944,80.70866141732283,10.236220472440944,70.47244094488188
E00124636,612,151,86,65,461,46,415,24.673202614379086,14.052287581699346,10.620915032679738,75.32679738562092,7.516339869281046,67.81045751633987
E00124637,363,92,60,32,271,21,250,25.344352617079892,16.528925619834713,8.81542699724518,74.65564738292011,5.785123966942149,68.87052341597796
E00124638,332,50,18,32,282,24,258,15.060240963855422,5.421686746987952,9.63855421686747,84.93975903614458,7.228915662650602,77.71084337349397
E00124639,359,64,21,43,295,20,275,17.827298050139277,5.8495821727019495,11.977715877437326,82.17270194986072,5.571030640668524,76.6016713091922
E00124640,164,20,9,11,144,20,124,12.195121951219512,5.487804878048781,6.707317073170732,87.8048780487805,12.195121951219512,75.60975609756098
E00124641,242,31,9,22,211,36,175,12.8099173553719,3.71900826446281,9.090909090909092,87.19008264462809,14.87603305785124,72.31404958677686
E00124642,245,48,24,24,197,15,182,19.591836734693878,9.795918367346939,9.795918367346939,80.40816326530611,6.122448979591836,74.28571428571429
E00124643,291,50,12,38,241,26,215,17.18213058419244,4.123711340206185,13.058419243986256,82.81786941580756,8.934707903780069,73.8831615120275
E00124644,426,77,28,49,349,35,314,18.07511737089202,6.572769953051644,11.502347417840376,81.92488262910797,8.215962441314554,73.70892018779342
E00124645,289,83,33,50,206,24,182,28.719723183391004,11.418685121107266,17.301038062283737,71.280276816609,8.304498269896193,62.9757785467128
E00124646,325,68,34,34,257,29,228,20.923076923076923,10.461538461538462,10.461538461538462,79.07692307692308,8.923076923076923,70.15384615384616
E00124647,348,60,26,34,288,34,254,17.24137931034483,7.471264367816093,9.770114942528735,82.75862068965517,9.770114942528735,72.98850574712644
E00124648,390,69,27,42,321,24,297,17.692307692307693,6.923076923076923,10.76923076923077,82.3076923076923,6.153846153846154,76.15384615384615
E00124649,388,50,14,36,338,30,308,12.886597938144329,3.608247422680412,9.278350515463918,87.11340206185567,7.731958762886598,79.38144329896907
E00124650,230,30,10,20,200,18,182,13.043478260869565,4.3478260869565215,8.695652173913043,86.95652173913044,7.82608695652174,79.13043478260869
E00124651,297,55,18,37,242,28,214,18.51851851851852,6.0606060606060606,12.457912457912458,81.48148148148148,9.427609427609427,72.05387205387206
E00124652,260,50,21,29,210,15,195,19.230769230769234,8.076923076923077,11.153846153846155,80.76923076923077,5.769230769230769,75
E00124653,238,46,10,36,192,18,174,19.327731092436977,4.201680672268908,15.126050420168067,80.67226890756302,7.563025210084033,73.10924369747899
E00124654,393,56,24,32,337,40,297,14.249363867684478,6.106870229007633,8.142493638676845,85.75063613231552,10.178117048346055,75.57251908396947
E00124655,330,60,21,39,270,23,247,18.181818181818183,6.363636363636363,11.818181818181818,81.81818181818183,6.969696969696971,74.84848484848486
E00124656,355,72,22,50,283,16,267,20.281690140845072,6.197183098591549,14.084507042253522,79.71830985915493,4.507042253521127,75.21126760563381
E00124657,504,81,33,48,423,52,371,16.071428571428573,6.547619047619048,9.523809523809524,83.92857142857143,10.317460317460316,73.61111111111111
E00124658,204,39,10,29,165,23,142,19.11764705882353,4.901960784313726,14.215686274509803,80.88235294117648,11.27450980392157,69.6078431372549
E00124659,277,42,9,33,235,23,212,15.162454873646208,3.2490974729241873,11.913357400722022,84.83754512635379,8.303249097472925,76.53429602888086
E00124660,602,90,37,53,512,40,472,14.950166112956811,6.146179401993355,8.803986710963455,85.04983388704319,6.64451827242525,78.40531561461795
E00124661,251,71,39,32,180,21,159,28.286852589641438,15.53784860557769,12.749003984063744,71.71314741035857,8.366533864541832,63.34661354581673
E00124662,349,49,13,36,300,35,265,14.040114613180515,3.7249283667621778,10.315186246418339,85.95988538681948,10.028653295128938,75.93123209169055
E00124663,228,50,26,24,178,17,161,21.929824561403507,11.403508771929824,10.526315789473683,78.0701754385965,7.456140350877193,70.6140350877193
E00124664,293,61,26,35,232,15,217,20.819112627986346,8.873720136518772,11.945392491467576,79.18088737201366,5.1194539249146755,74.06143344709898
E00124665,286,45,18,27,241,21,220,15.734265734265735,6.293706293706294,9.44055944055944,84.26573426573427,7.3426573426573425,76.92307692307693
E00124666,351,44,19,25,307,27,280,12.535612535612536,5.413105413105413,7.122507122507122,87.46438746438746,7.6923076923076925,79.77207977207978
E00124667,359,89,35,54,270,22,248,24.79108635097493,9.749303621169917,15.041782729805014,75.20891364902506,6.128133704735376,69.08077994428969
E00124668,402,67,24,43,335,17,318,16.666666666666664,5.970149253731343,10.696517412935323,83.33333333333334,4.228855721393035,79.1044776119403
E00124669,321,59,23,36,262,13,249,18.38006230529595,7.165109034267912,11.214953271028037,81.61993769470405,4.049844236760125,77.57009345794393
E00124670,336,66,31,35,270,28,242,19.642857142857142,9.226190476190476,10.416666666666668,80.35714285714286,8.333333333333332,72.02380952380952
E00124671,284,51,25,26,233,35,198,17.95774647887324,8.80281690140845,9.15492957746479,82.04225352112677,12.323943661971832,69.71830985915493
E00124672,336,61,27,34,275,22,253,18.154761904761905,8.035714285714286,10.119047619047619,81.84523809523809,6.547619047619048,75.29761904761905
E00124674,345,46,12,34,299,25,274,13.333333333333334,3.4782608695652173,9.855072463768117,86.66666666666667,7.246376811594203,79.42028985507247
E00124675,357,55,25,30,302,31,271,15.406162464985995,7.002801120448179,8.403361344537815,84.593837535014,8.683473389355742,75.91036414565826
E00124676,394,57,20,37,337,25,312,14.467005076142131,5.0761421319796955,9.390862944162437,85.53299492385787,6.345177664974619,79.18781725888326
E00124677,381,84,35,49,297,16,281,22.04724409448819,9.186351706036746,12.860892388451445,77.95275590551181,4.199475065616798,73.75328083989501
E00124678,303,59,24,35,244,30,214,19.471947194719473,7.920792079207921,11.55115511551155,80.52805280528052,9.900990099009901,70.62706270627062
E00124680,371,104,51,53,267,20,247,28.03234501347709,13.746630727762804,14.285714285714285,71.96765498652292,5.3908355795148255,66.57681940700809
E00124681,313,87,42,45,226,23,203,27.79552715654952,13.418530351437699,14.376996805111823,72.20447284345049,7.348242811501597,64.85623003194888
E00124682,262,62,31,31,200,20,180,23.66412213740458,11.83206106870229,11.83206106870229,76.33587786259542,7.633587786259542,68.70229007633588
E00124683,313,33,11,22,280,25,255,10.543130990415335,3.5143769968051117,7.0287539936102235,89.45686900958466,7.987220447284344,81.46964856230032
E00124684,346,90,55,35,256,22,234,26.011560693641616,15.895953757225435,10.115606936416185,73.98843930635837,6.358381502890173,67.63005780346822
E00124685,121,29,12,17,92,9,83,23.96694214876033,9.917355371900827,14.049586776859504,76.03305785123968,7.43801652892562,68.59504132231406
E00124686,301,44,16,28,257,30,227,14.61794019933555,5.3156146179401995,9.30232558139535,85.38205980066445,9.966777408637874,75.41528239202658
E00124687,283,60,28,32,223,17,206,21.20141342756184,9.89399293286219,11.307420494699647,78.79858657243817,6.007067137809187,72.79151943462897
E00124688,361,57,19,38,304,34,270,15.789473684210526,5.263157894736842,10.526315789473683,84.21052631578947,9.418282548476455,74.79224376731301
E00124689,117,25,9,16,92,11,81,21.367521367521366,7.6923076923076925,13.675213675213676,78.63247863247864,9.401709401709402,69.23076923076923
E00124690,362,72,27,45,290,28,262,19.88950276243094,7.458563535911603,12.430939226519337,80.11049723756905,7.734806629834254,72.37569060773481
E00124691,348,67,27,40,281,25,256,19.25287356321839,7.758620689655173,11.494252873563218,80.74712643678161,7.183908045977011,73.5632183908046
E00124692,380,83,34,49,297,29,268,21.842105263157897,8.947368421052632,12.894736842105264,78.15789473684211,7.631578947368421,70.52631578947368
E00124693,202,31,13,18,171,24,147,15.346534653465346,6.435643564356436,8.91089108910891,84.65346534653465,11.881188118811881,72.77227722772277
E00124694,281,50,22,28,231,32,199,17.793594306049823,7.829181494661921,9.9644128113879,82.20640569395017,11.387900355871885,70.8185053380783
E00124697,338,57,24,33,281,27,254,16.86390532544379,7.100591715976331,9.763313609467456,83.13609467455622,7.988165680473373,75.14792899408283
E00124698,400,104,66,38,296,35,261,26,16.5,9.5,74,8.75,65.25
E00124699,257,57,22,35,200,20,180,22.17898832684825,8.560311284046692,13.618677042801556,77.82101167315176,7.782101167315175,70.03891050583657
E00124700,264,51,28,23,213,24,189,19.318181818181817,10.606060606060606,8.712121212121213,80.68181818181817,9.090909090909092,71.5909090909091
E00124701,382,92,39,53,290,23,267,24.083769633507853,10.209424083769633,13.874345549738221,75.91623036649214,6.020942408376963,69.89528795811518
E00124702,335,78,17,61,257,29,228,23.283582089552237,5.074626865671641,18.208955223880597,76.71641791044776,8.656716417910449,68.05970149253731
E00124703,534,94,43,51,440,31,409,17.60299625468165,8.05243445692884,9.550561797752808,82.39700374531836,5.805243445692884,76.59176029962546
E00124704,329,42,19,23,287,33,254,12.76595744680851,5.775075987841945,6.990881458966565,87.2340425531915,10.030395136778116,77.20364741641338
E00124705,220,46,25,21,174,19,155,20.909090909090907,11.363636363636363,9.545454545454547,79.0909090909091,8.636363636363637,70.45454545454545
E00124706,478,75,27,48,403,39,364,15.690376569037657,5.648535564853557,10.0418410041841,84.30962343096235,8.158995815899582,76.15062761506276
E00124707,299,56,21,35,243,28,215,18.729096989966553,7.023411371237458,11.705685618729097,81.27090301003345,9.364548494983277,71.90635451505017
E00124709,313,48,13,35,265,27,238,15.335463258785943,4.15335463258786,11.182108626198083,84.66453674121406,8.626198083067091,76.03833865814697
E00124710,445,69,22,47,376,36,340,15.505617977528091,4.943820224719101,10.561797752808989,84.49438202247191,8.089887640449438,76.40449438202246
E00124711,358,28,10,18,330,35,295,7.82122905027933,2.793296089385475,5.027932960893855,92.17877094972067,9.776536312849162,82.40223463687151
E00124712,453,67,32,35,386,24,362,14.79028697571744,7.06401766004415,7.72626931567329,85.20971302428256,5.298013245033113,79.91169977924945
E00124713,343,72,25,47,271,27,244,20.99125364431487,7.288629737609329,13.702623906705538,79.00874635568513,7.871720116618077,71.13702623906705
E00124714,347,78,43,35,269,25,244,22.478386167146976,12.39193083573487,10.086455331412104,77.52161383285303,7.204610951008646,70.31700288184439
E00124716,419,115,65,50,304,35,269,27.44630071599045,15.513126491646778,11.933174224343675,72.55369928400954,8.353221957040573,64.20047732696898
E00124717,363,68,33,35,295,27,268,18.732782369146005,9.090909090909092,9.641873278236915,81.26721763085399,7.43801652892562,73.82920110192838
E00124718,347,98,49,49,249,14,235,28.24207492795389,14.121037463976945,14.121037463976945,71.75792507204612,4.034582132564841,67.72334293948127
E00124719,387,56,28,28,331,26,305,14.470284237726098,7.235142118863049,7.235142118863049,85.52971576227391,6.718346253229974,78.81136950904393
E00124720,258,55,15,40,203,25,178,21.31782945736434,5.813953488372093,15.503875968992247,78.68217054263566,9.689922480620156,68.9922480620155
E00124721,282,56,23,33,226,21,205,19.858156028368796,8.156028368794328,11.702127659574469,80.1418439716312,7.446808510638298,72.69503546099291
E00124722,299,45,19,26,254,19,235,15.050167224080269,6.354515050167224,8.695652173913043,84.94983277591973,6.354515050167224,78.59531772575251
E00124723,343,56,19,37,287,27,260,16.3265306122449,5.539358600583091,10.787172011661808,83.6734693877551,7.871720116618077,75.80174927113703
E00124724,609,50,15,35,559,35,524,8.210180623973727,2.4630541871921183,5.747126436781609,91.78981937602627,5.747126436781609,86.04269293924466
E00124725,226,35,12,23,191,12,179,15.486725663716813,5.3097345132743365,10.176991150442479,84.51327433628319,5.3097345132743365,79.20353982300885
E00124727,276,42,12,30,234,25,209,15.217391304347828,4.3478260869565215,10.869565217391305,84.78260869565217,9.057971014492754,75.72463768115942
E00124729,236,61,31,30,175,21,154,25.847457627118644,13.135593220338984,12.711864406779661,74.15254237288136,8.898305084745763,65.2542372881356
E00124733,322,55,18,37,267,30,237,17.080745341614907,5.590062111801243,11.490683229813664,82.91925465838509,9.316770186335404,73.6024844720497
E00124734,323,44,9,35,279,32,247,13.622291021671826,2.786377708978328,10.8359133126935,86.37770897832817,9.907120743034056,76.47058823529412
E00124735,299,45,15,30,254,21,233,15.050167224080269,5.016722408026756,10.033444816053512,84.94983277591973,7.023411371237458,77.92642140468227
E00124736,270,49,21,28,221,26,195,18.14814814814815,7.777777777777778,10.37037037037037,81.85185185185185,9.62962962962963,72.22222222222221
E00124737,329,56,27,29,273,25,248,17.02127659574468,8.206686930091186,8.814589665653495,82.97872340425532,7.598784194528875,75.37993920972644
E00124738,337,69,20,49,268,17,251,20.474777448071215,5.934718100890208,14.540059347181009,79.52522255192879,5.044510385756676,74.4807121661721
E00124739,371,66,26,40,305,36,269,17.78975741239892,7.008086253369273,10.781671159029651,82.21024258760107,9.703504043126685,72.50673854447439
E00124740,321,43,16,27,278,17,261,13.395638629283487,4.984423676012461,8.411214953271028,86.6043613707165,5.29595015576324,81.30841121495327
E00124741,315,38,10,28,277,22,255,12.063492063492063,3.1746031746031744,8.88888888888889,87.93650793650794,6.984126984126984,80.95238095238095
E00124742,361,54,18,36,307,20,287,14.958448753462603,4.986149584487535,9.97229916897507,85.0415512465374,5.540166204986149,79.50138504155125
E00124743,430,58,18,40,372,29,343,13.488372093023257,4.186046511627907,9.30232558139535,86.51162790697674,6.744186046511628,79.76744186046511
E00124744,323,49,21,28,274,28,246,15.170278637770899,6.5015479876160995,8.6687306501548,84.82972136222911,8.6687306501548,76.16099071207431
E00124745,305,51,19,32,254,31,223,16.721311475409838,6.229508196721312,10.491803278688524,83.27868852459017,10.163934426229508,73.11475409836066
E00124746,259,41,19,22,218,25,193,15.83011583011583,7.335907335907336,8.494208494208493,84.16988416988417,9.652509652509652,74.5173745173745
E00124747,304,38,12,26,266,31,235,12.5,3.9473684210526314,8.552631578947368,87.5,10.197368421052632,77.30263157894737
E00124748,316,53,25,28,263,35,228,16.77215189873418,7.9113924050632916,8.860759493670885,83.22784810126582,11.075949367088606,72.15189873417721
E00124749,339,87,42,45,252,20,232,25.663716814159294,12.389380530973451,13.274336283185843,74.33628318584071,5.899705014749262,68.43657817109144
E00124750,382,102,52,50,280,26,254,26.701570680628272,13.612565445026178,13.089005235602095,73.29842931937172,6.806282722513089,66.49214659685863
E00124753,297,53,23,30,244,20,224,17.845117845117844,7.744107744107744,10.1010101010101,82.15488215488216,6.7340067340067336,75.42087542087542
E00124754,305,85,46,39,220,17,203,27.86885245901639,15.081967213114755,12.786885245901638,72.1311475409836,5.573770491803279,66.55737704918033
E00124755,387,110,63,47,277,15,262,28.42377260981912,16.27906976744186,12.144702842377262,71.57622739018088,3.875968992248062,67.70025839793283
E00124756,227,83,44,39,144,11,133,36.56387665198238,19.383259911894275,17.180616740088105,63.436123348017624,4.845814977973569,58.590308370044056
E00124757,288,96,51,45,192,18,174,33.33333333333333,17.708333333333336,15.625,66.66666666666666,6.25,60.416666666666664
E00124758,284,84,38,46,200,20,180,29.577464788732392,13.380281690140844,16.19718309859155,70.4225352112676,7.042253521126761,63.38028169014085
E00124759,418,134,67,67,284,20,264,32.057416267942585,16.028708133971293,16.028708133971293,67.94258373205741,4.784688995215311,63.1578947368421
E00124760,367,109,49,60,258,27,231,29.70027247956403,13.35149863760218,16.348773841961854,70.29972752043598,7.3569482288828345,62.94277929155313
E00124761,382,91,48,43,291,21,270,23.82198952879581,12.56544502617801,11.2565445026178,76.17801047120419,5.49738219895288,70.68062827225131
E00124762,337,76,45,31,261,35,226,22.551928783382788,13.353115727002967,9.198813056379821,77.44807121661721,10.385756676557865,67.06231454005935
E00124763,323,76,31,45,247,25,222,23.52941176470588,9.597523219814242,13.93188854489164,76.47058823529412,7.739938080495357,68.73065015479877
E00124764,409,99,61,38,310,19,291,24.205378973105134,14.91442542787286,9.290953545232274,75.79462102689487,4.645476772616137,71.14914425427872
E00124765,298,82,36,46,216,11,205,27.516778523489933,12.080536912751679,15.436241610738255,72.48322147651007,3.691275167785235,68.79194630872483
E00124766,328,48,22,26,280,30,250,14.634146341463413,6.707317073170732,7.926829268292683,85.36585365853658,9.146341463414634,76.21951219512195
E00124767,273,58,22,36,215,16,199,21.245421245421245,8.058608058608058,13.186813186813188,78.75457875457876,5.86080586080586,72.89377289377289
E00124768,412,58,22,36,354,28,326,14.077669902912621,5.339805825242718,8.737864077669903,85.92233009708737,6.796116504854369,79.12621359223301
E00124769,240,88,53,35,152,13,139,36.666666666666664,22.083333333333332,14.583333333333334,63.33333333333333,5.416666666666667,57.91666666666667
E00124770,318,77,43,34,241,13,228,24.21383647798742,13.522012578616351,10.69182389937107,75.78616352201259,4.088050314465408,71.69811320754717
E00124771,429,119,58,61,310,25,285,27.73892773892774,13.51981351981352,14.219114219114218,72.26107226107226,5.827505827505827,66.43356643356644
E00124772,323,45,26,19,278,29,249,13.93188854489164,8.04953560371517,5.88235294117647,86.06811145510835,8.978328173374612,77.08978328173374
E00124773,216,81,42,39,135,14,121,37.5,19.444444444444446,18.055555555555554,62.5,6.481481481481481,56.018518518518526
E00124774,325,54,28,26,271,23,248,16.615384615384617,8.615384615384615,8,83.38461538461537,7.076923076923077,76.3076923076923
E00124775,325,67,33,34,258,24,234,20.615384615384617,10.153846153846153,10.461538461538462,79.38461538461539,7.384615384615385,72
E00124776,265,51,21,30,214,23,191,19.245283018867926,7.9245283018867925,11.320754716981133,80.75471698113208,8.679245283018867,72.0754716981132
E00124777,320,46,18,28,274,30,244,14.374999999999998,5.625,8.75,85.625,9.375,76.25
E00124778,350,77,40,37,273,28,245,22,11.428571428571429,10.571428571428571,78,8,70
E00124779,356,66,34,32,290,36,254,18.53932584269663,9.550561797752808,8.98876404494382,81.46067415730337,10.112359550561797,71.34831460674157
E00124780,296,73,31,42,223,26,197,24.66216216216216,10.472972972972974,14.18918918918919,75.33783783783784,8.783783783783784,66.55405405405406
E00124781,352,81,33,48,271,23,248,23.011363636363637,9.375,13.636363636363635,76.98863636363636,6.534090909090909,70.45454545454545
E00124782,311,67,29,38,244,19,225,21.54340836012862,9.32475884244373,12.218649517684888,78.45659163987139,6.109324758842444,72.34726688102894
E00124783,562,97,38,59,465,42,423,17.259786476868328,6.761565836298933,10.498220640569395,82.74021352313167,7.473309608540925,75.26690391459074
E00124784,358,76,43,33,282,23,259,21.22905027932961,12.011173184357542,9.217877094972067,78.77094972067039,6.424581005586592,72.3463687150838
E00124785,361,67,25,42,294,30,264,18.559556786703602,6.9252077562326875,11.634349030470915,81.4404432132964,8.310249307479225,73.13019390581718
E00124786,361,82,36,46,279,34,245,22.71468144044321,9.97229916897507,12.742382271468145,77.28531855955679,9.418282548476455,67.86703601108033
E00124787,287,49,22,27,238,17,221,17.073170731707318,7.665505226480835,9.40766550522648,82.92682926829268,5.923344947735192,77.00348432055749
E00124788,324,66,27,39,258,25,233,20.37037037037037,8.333333333333332,12.037037037037036,79.62962962962963,7.716049382716049,71.91358024691358
E00124789,302,62,24,38,240,19,221,20.52980132450331,7.9470198675496695,12.582781456953644,79.47019867549669,6.291390728476822,73.17880794701986
E00124790,306,72,31,41,234,27,207,23.52941176470588,10.130718954248366,13.398692810457517,76.47058823529412,8.823529411764707,67.64705882352942
E00124792,339,60,19,41,279,17,262,17.699115044247787,5.604719764011799,12.094395280235988,82.30088495575221,5.014749262536873,77.28613569321534
E00124793,319,57,28,29,262,21,241,17.86833855799373,8.77742946708464,9.090909090909092,82.13166144200626,6.583072100313479,75.54858934169279
E00124794,263,89,60,29,174,11,163,33.840304182509506,22.813688212927758,11.02661596958175,66.15969581749049,4.182509505703422,61.97718631178707
E00124795,161,77,42,35,84,12,72,47.82608695652174,26.08695652173913,21.73913043478261,52.17391304347826,7.453416149068323,44.72049689440994
E00124796,281,66,30,36,215,32,183,23.487544483985765,10.676156583629894,12.811387900355871,76.51245551601423,11.387900355871885,65.12455516014235
E00124797,298,89,45,44,209,18,191,29.86577181208054,15.100671140939598,14.76510067114094,70.13422818791946,6.0402684563758395,64.09395973154362
E00124798,361,89,44,45,272,25,247,24.653739612188367,12.18836565096953,12.465373961218837,75.34626038781164,6.9252077562326875,68.42105263157895
E00124799,405,126,78,48,279,17,262,31.11111111111111,19.25925925925926,11.851851851851853,68.88888888888889,4.197530864197531,64.69135802469135
E00124800,341,67,38,29,274,21,253,19.64809384164223,11.143695014662756,8.504398826979472,80.35190615835776,6.158357771260997,74.19354838709677
E00124801,393,80,35,45,313,39,274,20.35623409669211,8.9058524173028,11.450381679389313,79.64376590330788,9.923664122137405,69.72010178117048
E00124802,333,68,21,47,265,21,244,20.42042042042042,6.306306306306306,14.114114114114114,79.57957957957959,6.306306306306306,73.27327327327328
E00124803,298,59,29,30,239,34,205,19.798657718120804,9.731543624161073,10.06711409395973,80.20134228187919,11.409395973154362,68.79194630872483
E00124804,297,77,33,44,220,18,202,25.925925925925924,11.11111111111111,14.814814814814813,74.07407407407408,6.0606060606060606,68.01346801346801
E00124805,408,95,53,42,313,17,296,23.284313725490197,12.990196078431374,10.294117647058822,76.7156862745098,4.166666666666666,72.54901960784314
E00124806,354,59,17,42,295,34,261,16.666666666666664,4.80225988700565,11.864406779661017,83.33333333333334,9.6045197740113,73.72881355932203
E00124808,372,71,25,46,301,23,278,19.086021505376344,6.720430107526881,12.365591397849462,80.91397849462365,6.182795698924731,74.73118279569893
E00124809,369,66,30,36,303,18,285,17.88617886178862,8.130081300813007,9.75609756097561,82.11382113821138,4.878048780487805,77.23577235772358
E00124810,289,79,37,42,210,16,194,27.33564013840831,12.802768166089965,14.53287197231834,72.66435986159169,5.536332179930796,67.1280276816609
E00124811,350,66,29,37,284,21,263,18.857142857142858,8.285714285714285,10.571428571428571,81.14285714285714,6,75.14285714285714
E00124812,301,35,12,23,266,19,247,11.627906976744185,3.9867109634551494,7.641196013289036,88.37209302325581,6.312292358803987,82.05980066445183
E00124813,353,69,27,42,284,18,266,19.54674220963173,7.64872521246459,11.89801699716714,80.45325779036827,5.099150141643059,75.3541076487252
E00124814,179,43,24,19,136,5,131,24.022346368715084,13.40782122905028,10.614525139664805,75.97765363128491,2.793296089385475,73.18435754189943
E00124815,350,71,29,42,279,19,260,20.285714285714285,8.285714285714285,12,79.71428571428572,5.428571428571429,74.28571428571429
E00124816,385,75,36,39,310,22,288,19.480519480519483,9.35064935064935,10.129870129870131,80.51948051948052,5.714285714285714,74.8051948051948
E00124817,367,54,12,42,313,23,290,14.713896457765669,3.2697547683923704,11.444141689373296,85.28610354223434,6.267029972752043,79.01907356948229
E00124818,261,32,8,24,229,26,203,12.260536398467432,3.065134099616858,9.195402298850574,87.73946360153256,9.961685823754788,77.77777777777779
E00124819,315,54,22,32,261,16,245,17.142857142857142,6.984126984126984,10.158730158730158,82.85714285714286,5.079365079365079,77.77777777777779
E00124820,345,47,11,36,298,27,271,13.623188405797102,3.1884057971014492,10.434782608695652,86.37681159420289,7.82608695652174,78.55072463768116
E00124821,315,57,17,40,258,23,235,18.095238095238095,5.396825396825397,12.698412698412698,81.9047619047619,7.301587301587302,74.60317460317461
E00124822,255,57,22,35,198,19,179,22.35294117647059,8.627450980392156,13.725490196078432,77.64705882352942,7.450980392156863,70.19607843137254
E00124823,332,69,29,40,263,25,238,20.783132530120483,8.734939759036145,12.048192771084338,79.21686746987952,7.530120481927711,71.6867469879518
E00124824,367,43,14,29,324,20,304,11.716621253405995,3.8147138964577656,7.901907356948229,88.28337874659401,5.449591280653951,82.83378746594006
E00124825,419,61,20,41,358,21,337,14.558472553699284,4.77326968973747,9.785202863961814,85.44152744630071,5.011933174224343,80.42959427207637
E00124826,276,62,25,37,214,20,194,22.463768115942027,9.057971014492754,13.405797101449277,77.53623188405797,7.246376811594203,70.28985507246377
E00124827,288,48,20,28,240,17,223,16.666666666666664,6.944444444444445,9.722222222222223,83.33333333333334,5.902777777777778,77.43055555555556
E00124828,290,51,25,26,239,25,214,17.586206896551722,8.620689655172415,8.96551724137931,82.41379310344827,8.620689655172415,73.79310344827587
E00124829,317,50,21,29,267,17,250,15.772870662460567,6.624605678233439,9.14826498422713,84.22712933753942,5.3627760252365935,78.86435331230284
E00124830,329,78,35,43,251,34,217,23.70820668693009,10.638297872340425,13.069908814589665,76.29179331306992,10.33434650455927,65.95744680851064
E00124831,343,62,28,34,281,31,250,18.075801749271136,8.16326530612245,9.912536443148689,81.92419825072886,9.037900874635568,72.8862973760933
E00124832,246,64,36,28,182,14,168,26.01626016260163,14.634146341463413,11.38211382113821,73.98373983739837,5.691056910569105,68.29268292682927
E00124833,247,50,24,26,197,17,180,20.242914979757085,9.7165991902834,10.526315789473683,79.75708502024291,6.882591093117409,72.8744939271255
E00124834,325,46,18,28,279,31,248,14.153846153846153,5.538461538461538,8.615384615384615,85.84615384615385,9.538461538461538,76.3076923076923
E00124835,378,70,28,42,308,43,265,18.51851851851852,7.4074074074074066,11.11111111111111,81.48148148148148,11.375661375661375,70.1058201058201
E00124836,345,87,42,45,258,25,233,25.217391304347824,12.173913043478262,13.043478260869565,74.78260869565217,7.246376811594203,67.53623188405797
E00124837,394,81,38,43,313,11,302,20.558375634517766,9.644670050761421,10.913705583756345,79.44162436548223,2.7918781725888326,76.6497461928934
E00124838,269,56,24,32,213,14,199,20.817843866171003,8.921933085501859,11.895910780669144,79.182156133829,5.204460966542751,73.97769516728626
E00124840,335,64,31,33,271,21,250,19.1044776119403,9.253731343283581,9.850746268656717,80.8955223880597,6.26865671641791,74.6268656716418
E00124841,294,81,49,32,213,12,201,27.55102040816326,16.666666666666664,10.884353741496598,72.44897959183673,4.081632653061225,68.36734693877551
E00124842,314,64,35,29,250,26,224,20.382165605095544,11.146496815286625,9.235668789808917,79.61783439490446,8.280254777070063,71.3375796178344
E00124843,256,64,39,25,192,13,179,25,15.234375,9.765625,75,5.078125,69.921875
E00124844,313,42,14,28,271,25,246,13.418530351437699,4.472843450479233,8.945686900958465,86.5814696485623,7.987220447284344,78.59424920127796
E00124845,380,83,42,41,297,27,270,21.842105263157897,11.052631578947368,10.789473684210527,78.15789473684211,7.105263157894736,71.05263157894737
E00124846,300,62,19,43,238,15,223,20.666666666666668,6.333333333333334,14.333333333333334,79.33333333333333,5,74.33333333333333
E00124847,432,64,24,40,368,25,343,14.814814814814813,5.555555555555555,9.25925925925926,85.18518518518519,5.787037037037037,79.39814814814815
E00124848,307,58,28,30,249,27,222,18.892508143322477,9.120521172638437,9.77198697068404,81.10749185667753,8.794788273615636,72.31270358306189
E00124849,342,78,37,41,264,18,246,22.807017543859647,10.818713450292398,11.988304093567251,77.19298245614034,5.263157894736842,71.9298245614035
E00124850,344,79,41,38,265,28,237,22.96511627906977,11.918604651162791,11.046511627906977,77.03488372093024,8.13953488372093,68.8953488372093
E00124851,273,48,13,35,225,26,199,17.582417582417584,4.761904761904762,12.82051282051282,82.41758241758241,9.523809523809524,72.89377289377289
E00124852,292,74,38,36,218,17,201,25.34246575342466,13.013698630136986,12.32876712328767,74.65753424657534,5.821917808219178,68.83561643835617
E00124853,206,66,42,24,140,11,129,32.038834951456316,20.388349514563107,11.650485436893204,67.96116504854369,5.339805825242718,62.62135922330098
E00124854,322,74,37,37,248,13,235,22.981366459627328,11.490683229813664,11.490683229813664,77.01863354037268,4.037267080745342,72.98136645962732
E00124855,259,76,38,38,183,8,175,29.343629343629345,14.671814671814673,14.671814671814673,70.65637065637065,3.088803088803089,67.56756756756756
E00124856,322,70,34,36,252,27,225,21.73913043478261,10.559006211180124,11.180124223602485,78.26086956521739,8.385093167701864,69.87577639751554
E00124857,244,35,12,23,209,20,189,14.344262295081966,4.918032786885246,9.426229508196721,85.65573770491804,8.19672131147541,77.45901639344262
E00124858,266,44,13,31,222,30,192,16.541353383458645,4.887218045112782,11.654135338345863,83.45864661654136,11.278195488721805,72.18045112781954
E00124859,330,71,29,42,259,32,227,21.515151515151516,8.787878787878787,12.727272727272727,78.48484848484848,9.696969696969697,68.78787878787878
E00124860,336,70,30,40,266,26,240,20.833333333333336,8.928571428571429,11.904761904761903,79.16666666666666,7.738095238095238,71.42857142857143
E00124861,309,54,15,39,255,17,238,17.475728155339805,4.854368932038835,12.62135922330097,82.52427184466019,5.501618122977346,77.02265372168284
E00124862,309,55,21,34,254,18,236,17.79935275080906,6.796116504854369,11.003236245954692,82.20064724919094,5.825242718446602,76.37540453074433
E00124863,253,43,18,25,210,28,182,16.99604743083004,7.114624505928854,9.881422924901186,83.00395256916995,11.067193675889328,71.93675889328063
E00124864,258,42,10,32,216,27,189,16.27906976744186,3.875968992248062,12.4031007751938,83.72093023255815,10.465116279069768,73.25581395348837
E00124865,191,44,16,28,147,15,132,23.036649214659686,8.37696335078534,14.659685863874344,76.96335078534031,7.853403141361256,69.10994764397905
E00124866,310,48,11,37,262,28,234,15.483870967741936,3.5483870967741935,11.935483870967742,84.51612903225806,9.032258064516128,75.48387096774194
E00124867,294,36,10,26,258,27,231,12.244897959183673,3.4013605442176873,8.843537414965986,87.75510204081633,9.183673469387756,78.57142857142857
E00124868,269,43,16,27,226,31,195,15.985130111524162,5.947955390334572,10.037174721189592,84.01486988847584,11.524163568773234,72.4907063197026
E00124869,323,66,21,45,257,27,230,20.43343653250774,6.5015479876160995,13.93188854489164,79.56656346749226,8.359133126934983,71.20743034055728
E00124870,280,58,16,42,222,31,191,20.714285714285715,5.714285714285714,15,79.28571428571428,11.071428571428571,68.21428571428572
E00124871,329,57,12,45,272,27,245,17.325227963525837,3.64741641337386,13.677811550151976,82.67477203647417,8.206686930091186,74.46808510638297
E00124872,184,64,27,37,120,6,114,34.78260869565217,14.673913043478262,20.108695652173914,65.21739130434783,3.260869565217391,61.95652173913043
E00124873,328,57,20,37,271,28,243,17.378048780487802,6.097560975609756,11.28048780487805,82.6219512195122,8.536585365853659,74.08536585365853
E00124874,279,47,17,30,232,29,203,16.845878136200717,6.093189964157706,10.75268817204301,83.15412186379928,10.39426523297491,72.75985663082437
E00124875,323,50,19,31,273,36,237,15.479876160990713,5.88235294117647,9.597523219814242,84.52012383900929,11.145510835913312,73.37461300309597
E00124876,307,52,16,36,255,27,228,16.938110749185668,5.211726384364821,11.726384364820847,83.06188925081433,8.794788273615636,74.2671009771987
E00124877,333,70,41,29,263,25,238,21.02102102102102,12.312312312312311,8.708708708708707,78.97897897897897,7.5075075075075075,71.47147147147147
E00124878,309,91,37,54,218,21,197,29.449838187702266,11.974110032362459,17.475728155339805,70.55016181229773,6.796116504854369,63.75404530744336
E00124879,312,63,19,44,249,27,222,20.192307692307693,6.089743589743589,14.102564102564102,79.8076923076923,8.653846153846153,71.15384615384616
E00124880,262,29,8,21,233,33,200,11.068702290076336,3.0534351145038165,8.015267175572518,88.93129770992367,12.595419847328243,76.33587786259542
E00124881,586,87,25,62,499,43,456,14.846416382252558,4.266211604095563,10.580204778156997,85.15358361774744,7.337883959044368,77.81569965870307
E00124882,325,75,35,40,250,29,221,23.076923076923077,10.76923076923077,12.307692307692308,76.92307692307693,8.923076923076923,68
E00124883,480,103,36,67,377,28,349,21.458333333333332,7.5,13.958333333333334,78.54166666666667,5.833333333333333,72.70833333333333
E00124884,399,76,36,40,323,27,296,19.047619047619047,9.022556390977442,10.025062656641603,80.95238095238095,6.7669172932330826,74.18546365914787
E00124885,331,54,12,42,277,30,247,16.314199395770395,3.625377643504532,12.688821752265861,83.68580060422961,9.06344410876133,74.62235649546828
E00124886,404,45,15,30,359,24,335,11.138613861386139,3.7128712871287126,7.425742574257425,88.86138613861387,5.9405940594059405,82.92079207920791
E00124887,316,63,23,40,253,34,219,19.936708860759495,7.2784810126582276,12.658227848101266,80.0632911392405,10.759493670886076,69.30379746835443
E00124888,454,118,58,60,336,30,306,25.991189427312776,12.77533039647577,13.215859030837004,74.00881057268722,6.607929515418502,67.40088105726872
E00124889,413,61,24,37,352,33,319,14.769975786924938,5.811138014527845,8.958837772397095,85.23002421307507,7.990314769975787,77.23970944309927
E00124891,276,45,20,25,231,29,202,16.304347826086957,7.246376811594203,9.057971014492754,83.69565217391305,10.507246376811594,73.18840579710145
E00124892,295,58,25,33,237,26,211,19.661016949152543,8.47457627118644,11.186440677966102,80.33898305084746,8.813559322033898,71.52542372881356
E00124893,285,61,31,30,224,28,196,21.403508771929825,10.87719298245614,10.526315789473683,78.59649122807018,9.824561403508772,68.77192982456141
E00124894,488,65,24,41,423,39,384,13.319672131147541,4.918032786885246,8.401639344262295,86.68032786885246,7.991803278688526,78.68852459016394
E00124895,320,75,38,37,245,24,221,23.4375,11.875,11.5625,76.5625,7.5,69.0625
E00124896,416,105,43,62,311,17,294,25.240384615384613,10.336538461538462,14.903846153846153,74.75961538461539,4.086538461538462,70.67307692307693
E00124897,472,86,31,55,386,38,348,18.220338983050848,6.567796610169492,11.652542372881355,81.77966101694916,8.050847457627118,73.72881355932203
E00124898,345,111,65,46,234,14,220,32.17391304347826,18.84057971014493,13.333333333333334,67.82608695652173,4.057971014492753,63.76811594202898
E00124899,332,109,48,61,223,23,200,32.831325301204814,14.457831325301203,18.373493975903614,67.16867469879519,6.927710843373494,60.24096385542169
E00124900,350,78,35,43,272,20,252,22.285714285714285,10,12.285714285714286,77.71428571428571,5.714285714285714,72
E00124901,288,72,34,38,216,25,191,25,11.805555555555555,13.194444444444445,75,8.680555555555555,66.31944444444444
E00124902,340,78,40,38,262,15,247,22.941176470588236,11.76470588235294,11.176470588235295,77.05882352941177,4.411764705882353,72.6470588235294
E00124903,277,64,30,34,213,20,193,23.104693140794225,10.830324909747292,12.274368231046932,76.89530685920577,7.2202166064981945,69.67509025270758
E00124904,255,74,34,40,181,14,167,29.01960784313726,13.333333333333334,15.686274509803921,70.98039215686275,5.490196078431373,65.49019607843137
E00124905,313,64,28,36,249,15,234,20.447284345047922,8.945686900958465,11.501597444089457,79.55271565495208,4.792332268370607,74.76038338658148
E00124906,351,75,27,48,276,16,260,21.367521367521366,7.6923076923076925,13.675213675213676,78.63247863247864,4.5584045584045585,74.07407407407408
E00124907,375,69,34,35,306,14,292,18.4,9.066666666666666,9.333333333333334,81.6,3.733333333333334,77.86666666666666
E00124908,323,72,31,41,251,19,232,22.291021671826623,9.597523219814242,12.693498452012383,77.70897832817337,5.88235294117647,71.8266253869969
E00124909,414,76,43,33,338,22,316,18.357487922705314,10.38647342995169,7.971014492753622,81.64251207729468,5.314009661835748,76.32850241545893
E00124910,401,69,30,39,332,24,308,17.206982543640898,7.4812967581047385,9.72568578553616,82.7930174563591,5.985037406483791,76.80798004987531
E00124911,437,124,58,66,313,31,282,28.37528604118993,13.272311212814644,15.102974828375288,71.62471395881008,7.093821510297483,64.53089244851259
E00124912,308,80,38,42,228,26,202,25.97402597402597,12.337662337662337,13.636363636363635,74.02597402597402,8.441558441558442,65.5844155844156
E00124913,392,85,36,49,307,30,277,21.683673469387756,9.183673469387756,12.5,78.31632653061224,7.653061224489796,70.66326530612244
E00124914,253,67,29,38,186,4,182,26.48221343873518,11.462450592885375,15.019762845849801,73.51778656126481,1.5810276679841897,71.93675889328063
E00124915,377,87,33,54,290,18,272,23.076923076923077,8.753315649867375,14.323607427055704,76.92307692307693,4.774535809018567,72.14854111405835
E00124916,351,100,60,40,251,32,219,28.49002849002849,17.094017094017094,11.396011396011396,71.50997150997152,9.116809116809117,62.39316239316239
E00124917,394,76,37,39,318,17,301,19.289340101522843,9.390862944162437,9.898477157360407,80.71065989847716,4.314720812182741,76.39593908629442
E00124918,329,80,40,40,249,14,235,24.316109422492403,12.158054711246201,12.158054711246201,75.6838905775076,4.25531914893617,71.42857142857143
E00124919,320,90,45,45,230,17,213,28.125,14.0625,14.0625,71.875,5.3125,66.5625
E00124920,302,79,48,31,223,19,204,26.158940397350992,15.894039735099339,10.264900662251655,73.84105960264901,6.291390728476822,67.54966887417218
E00124921,366,97,53,44,269,27,242,26.50273224043716,14.48087431693989,12.021857923497267,73.49726775956285,7.377049180327869,66.12021857923497
E00124922,343,91,51,40,252,24,228,26.53061224489796,14.868804664723031,11.661807580174926,73.46938775510205,6.997084548104956,66.47230320699708
E00124923,319,83,35,48,236,10,226,26.01880877742947,10.9717868338558,15.047021943573668,73.98119122257053,3.1347962382445136,70.84639498432603
E00124924,369,95,49,46,274,25,249,25.745257452574528,13.279132791327914,12.466124661246612,74.25474254742548,6.775067750677506,67.47967479674797
E00124925,340,83,40,43,257,20,237,24.41176470588235,11.76470588235294,12.647058823529411,75.58823529411765,5.88235294117647,69.70588235294117
E00124926,394,94,44,50,300,24,276,23.85786802030457,11.16751269035533,12.690355329949238,76.14213197969542,6.091370558375635,70.05076142131979
E00124927,339,83,42,41,256,19,237,24.48377581120944,12.389380530973451,12.094395280235988,75.51622418879056,5.604719764011799,69.91150442477876
E00124928,251,97,49,48,154,10,144,38.645418326693225,19.52191235059761,19.12350597609562,61.354581673306775,3.9840637450199203,57.37051792828686
E00124929,396,108,68,40,288,30,258,27.27272727272727,17.17171717171717,10.1010101010101,72.72727272727273,7.575757575757576,65.15151515151516
E00124930,277,100,51,49,177,17,160,36.101083032490976,18.4115523465704,17.689530685920577,63.898916967509024,6.137184115523466,57.761732851985556
E00124931,272,83,45,38,189,12,177,30.514705882352942,16.544117647058822,13.970588235294118,69.48529411764706,4.411764705882353,65.07352941176471
E00124932,326,92,32,60,234,17,217,28.22085889570552,9.815950920245399,18.404907975460123,71.77914110429448,5.214723926380368,66.56441717791411
E00124933,233,66,27,39,167,20,147,28.32618025751073,11.587982832618025,16.738197424892704,71.67381974248927,8.583690987124463,63.0901287553648
E00124934,413,130,56,74,283,19,264,31.476997578692494,13.559322033898304,17.91767554479419,68.52300242130751,4.600484261501211,63.922518159806295
E00124935,407,101,43,58,306,29,277,24.815724815724817,10.565110565110565,14.250614250614252,75.18427518427518,7.125307125307126,68.05896805896806
E00124937,1631,449,132,317,1182,165,1017,27.52912323727774,8.09319435928878,19.435928877988964,72.47087676272226,10.116492949110976,62.35438381361128
E00124939,313,132,71,61,181,18,163,42.17252396166134,22.683706070287542,19.488817891373802,57.82747603833865,5.7507987220447285,52.07667731629393
E00124940,291,66,28,38,225,18,207,22.68041237113402,9.621993127147768,13.058419243986256,77.31958762886599,6.185567010309279,71.1340206185567
E00124941,455,110,53,57,345,23,322,24.175824175824175,11.648351648351648,12.527472527472527,75.82417582417582,5.054945054945055,70.76923076923077
E00124942,246,51,24,27,195,24,171,20.73170731707317,9.75609756097561,10.975609756097562,79.26829268292683,9.75609756097561,69.51219512195121
E00124943,262,76,35,41,186,19,167,29.00763358778626,13.358778625954198,15.648854961832063,70.99236641221374,7.251908396946565,63.74045801526718
E00124944,243,50,19,31,193,26,167,20.5761316872428,7.818930041152264,12.757201646090536,79.42386831275721,10.699588477366255,68.72427983539094
E00124945,169,34,14,20,135,6,129,20.118343195266274,8.284023668639055,11.834319526627219,79.88165680473372,3.5502958579881656,76.33136094674556
E00124946,260,68,24,44,192,18,174,26.153846153846157,9.230769230769232,16.923076923076923,73.84615384615385,6.923076923076923,66.92307692307692
E00124947,327,70,36,34,257,16,241,21.406727828746178,11.009174311926607,10.397553516819572,78.59327217125383,4.892966360856269,73.70030581039755
E00124948,338,64,28,36,274,25,249,18.93491124260355,8.284023668639055,10.650887573964498,81.06508875739645,7.396449704142012,73.66863905325444
E00124949,335,61,33,28,274,33,241,18.208955223880597,9.850746268656717,8.358208955223882,81.7910447761194,9.850746268656717,71.94029850746269
E00124950,288,58,23,35,230,20,210,20.13888888888889,7.986111111111111,12.152777777777777,79.86111111111111,6.944444444444445,72.91666666666666
E00124951,290,55,25,30,235,19,216,18.96551724137931,8.620689655172415,10.344827586206897,81.03448275862068,6.551724137931035,74.48275862068967
E00124952,294,79,52,27,215,26,189,26.87074829931973,17.687074829931973,9.183673469387756,73.12925170068027,8.843537414965986,64.28571428571429
E00124953,304,68,35,33,236,10,226,22.36842105263158,11.513157894736842,10.855263157894738,77.63157894736842,3.289473684210526,74.3421052631579
E00124955,269,50,18,32,219,22,197,18.587360594795538,6.691449814126393,11.895910780669144,81.41263940520446,8.178438661710038,73.23420074349443
E00124956,532,106,35,71,426,43,383,19.924812030075188,6.578947368421052,13.345864661654137,80.07518796992481,8.082706766917292,71.99248120300751
E00124957,243,62,27,35,181,18,163,25.514403292181072,11.11111111111111,14.40329218106996,74.48559670781893,7.4074074074074066,67.07818930041152
E00124959,216,41,16,25,175,4,171,18.98148148148148,7.4074074074074066,11.574074074074074,81.01851851851852,1.8518518518518516,79.16666666666666
E00124960,271,67,33,34,204,14,190,24.723247232472325,12.177121771217712,12.546125461254611,75.27675276752768,5.166051660516605,70.11070110701108
E00124962,498,76,32,44,422,30,392,15.261044176706829,6.425702811244979,8.835341365461847,84.73895582329317,6.024096385542169,78.714859437751
E00124963,268,34,9,25,234,23,211,12.686567164179104,3.3582089552238807,9.328358208955224,87.31343283582089,8.582089552238806,78.73134328358209
E00124964,236,53,24,29,183,10,173,22.45762711864407,10.16949152542373,12.288135593220339,77.54237288135593,4.23728813559322,73.30508474576271
E00124965,420,94,42,52,326,20,306,22.380952380952383,10,12.380952380952381,77.61904761904762,4.761904761904762,72.85714285714285
E00124966,261,56,27,29,205,14,191,21.455938697318008,10.344827586206897,11.11111111111111,78.544061302682,5.363984674329502,73.18007662835248
E00124967,377,66,22,44,311,23,288,17.50663129973475,5.835543766578249,11.671087533156498,82.49336870026525,6.10079575596817,76.39257294429707
E00124968,366,50,15,35,316,23,293,13.661202185792352,4.098360655737705,9.562841530054644,86.33879781420765,6.284153005464481,80.05464480874316
E00124969,391,72,31,41,319,36,283,18.414322250639387,7.928388746803069,10.485933503836318,81.58567774936061,9.207161125319693,72.37851662404093
E00124970,428,93,39,54,335,30,305,21.72897196261682,9.11214953271028,12.616822429906541,78.27102803738318,7.009345794392523,71.26168224299066
E00124971,283,78,40,38,205,21,184,27.56183745583039,14.13427561837456,13.427561837455832,72.43816254416961,7.420494699646643,65.01766784452296
E00124972,384,86,34,52,298,29,269,22.395833333333336,8.854166666666668,13.541666666666666,77.60416666666666,7.552083333333333,70.05208333333334
E00124973,365,84,45,39,281,31,250,23.013698630136986,12.32876712328767,10.684931506849315,76.98630136986301,8.493150684931507,68.4931506849315
E00124975,320,47,11,36,273,21,252,14.6875,3.4375000000000004,11.25,85.3125,6.5625,78.75
E00124976,216,70,32,38,146,15,131,32.407407407407405,14.814814814814813,17.59259259259259,67.5925925925926,6.944444444444445,60.64814814814815
E00124977,279,54,14,40,225,35,190,19.35483870967742,5.017921146953405,14.336917562724013,80.64516129032258,12.544802867383511,68.10035842293907
E00124978,285,40,8,32,245,23,222,14.035087719298245,2.807017543859649,11.228070175438596,85.96491228070175,8.070175438596491,77.89473684210526
E00124979,290,36,15,21,254,28,226,12.413793103448276,5.172413793103448,7.241379310344828,87.58620689655172,9.655172413793103,77.93103448275862
E00124980,389,79,28,51,310,36,274,20.308483290488432,7.197943444730077,13.110539845758353,79.69151670951156,9.254498714652955,70.4370179948586
E00124981,325,38,11,27,287,31,256,11.692307692307692,3.3846153846153846,8.307692307692308,88.3076923076923,9.538461538461538,78.76923076923077
E00124982,453,106,47,59,347,37,310,23.399558498896248,10.375275938189846,13.024282560706402,76.60044150110376,8.167770419426049,68.43267108167771
E00124984,599,102,50,52,497,55,442,17.028380634390654,8.347245409015025,8.681135225375627,82.97161936560936,9.181969949916526,73.78964941569282
E00124985,286,55,18,37,231,27,204,19.230769230769234,6.293706293706294,12.937062937062937,80.76923076923077,9.44055944055944,71.32867132867133
E00124986,345,62,28,34,283,22,261,17.971014492753625,8.115942028985506,9.855072463768117,82.02898550724638,6.3768115942028984,75.65217391304347
E00124987,456,148,75,73,308,38,270,32.45614035087719,16.447368421052634,16.00877192982456,67.54385964912281,8.333333333333332,59.210526315789465
E00124988,289,62,29,33,227,19,208,21.453287197231834,10.034602076124568,11.418685121107266,78.54671280276817,6.5743944636678195,71.97231833910035
E00124989,326,64,23,41,262,21,241,19.631901840490798,7.05521472392638,12.576687116564417,80.3680981595092,6.441717791411043,73.92638036809815
E00124990,345,80,35,45,265,24,241,23.18840579710145,10.144927536231885,13.043478260869565,76.81159420289855,6.956521739130435,69.85507246376812
E00124991,355,41,14,27,314,23,291,11.549295774647888,3.943661971830986,7.605633802816901,88.45070422535211,6.478873239436619,81.97183098591549
E00124992,480,47,11,36,433,48,385,9.791666666666666,2.2916666666666665,7.5,90.20833333333333,10,80.20833333333334
E00124993,320,60,16,44,260,30,230,18.75,5,13.750000000000002,81.25,9.375,71.875
E00124994,449,83,35,48,366,31,335,18.485523385300667,7.795100222717149,10.690423162583519,81.51447661469933,6.904231625835189,74.61024498886414
E00124995,235,37,10,27,198,17,181,15.74468085106383,4.25531914893617,11.48936170212766,84.25531914893617,7.234042553191489,77.02127659574468
E00124996,283,49,16,33,234,22,212,17.314487632508836,5.6537102473498235,11.66077738515901,82.68551236749117,7.773851590106007,74.91166077738515
E00124997,185,30,11,19,155,15,140,16.216216216216218,5.9459459459459465,10.27027027027027,83.78378378378379,8.108108108108109,75.67567567567568
E00124998,225,27,10,17,198,18,180,12,4.444444444444445,7.555555555555555,88,8,80
E00124999,163,19,9,10,144,13,131,11.65644171779141,5.521472392638037,6.134969325153374,88.34355828220859,7.975460122699387,80.3680981595092
E00125000,385,87,50,37,298,34,264,22.597402597402596,12.987012987012985,9.61038961038961,77.40259740259741,8.831168831168831,68.57142857142857
E00125001,377,41,15,26,336,26,310,10.875331564986737,3.978779840848806,6.896551724137931,89.12466843501326,6.896551724137931,82.22811671087533
E00125002,262,55,23,32,207,20,187,20.99236641221374,8.778625954198473,12.213740458015266,79.00763358778626,7.633587786259542,71.37404580152672
E00125003,267,57,31,26,210,21,189,21.34831460674157,11.610486891385769,9.737827715355806,78.65168539325843,7.865168539325842,70.78651685393258
E00125004,277,53,21,32,224,25,199,19.133574007220215,7.581227436823104,11.552346570397113,80.86642599277978,9.025270758122744,71.84115523465704
E00125005,288,49,15,34,239,22,217,17.01388888888889,5.208333333333334,11.805555555555555,82.98611111111111,7.638888888888889,75.34722222222221
E00125006,331,41,10,31,290,20,270,12.386706948640484,3.0211480362537766,9.365558912386707,87.61329305135952,6.042296072507553,81.57099697885197
E00125007,317,60,21,39,257,25,232,18.92744479495268,6.624605678233439,12.302839116719243,81.07255520504731,7.886435331230284,73.18611987381703
E00125008,308,72,34,38,236,27,209,23.376623376623375,11.03896103896104,12.337662337662337,76.62337662337663,8.766233766233766,67.85714285714286
E00125009,298,62,31,31,236,27,209,20.80536912751678,10.40268456375839,10.40268456375839,79.19463087248322,9.060402684563758,70.13422818791946
E00125010,288,67,18,49,221,21,200,23.26388888888889,6.25,17.01388888888889,76.73611111111111,7.291666666666667,69.44444444444444
E00125011,339,51,20,31,288,23,265,15.04424778761062,5.899705014749262,9.144542772861357,84.95575221238938,6.784660766961652,78.17109144542773
E00125012,217,59,30,29,158,20,138,27.188940092165897,13.82488479262673,13.36405529953917,72.81105990783409,9.216589861751153,63.594470046082954
E00125013,259,48,25,23,211,19,192,18.53281853281853,9.652509652509652,8.880308880308881,81.46718146718148,7.335907335907336,74.13127413127413
E00125014,213,32,14,18,181,20,161,15.023474178403756,6.572769953051644,8.450704225352112,84.97652582159625,9.389671361502346,75.5868544600939
E00125015,254,48,16,32,206,23,183,18.89763779527559,6.299212598425196,12.598425196850393,81.10236220472441,9.05511811023622,72.04724409448819
E00125016,169,24,8,16,145,22,123,14.201183431952662,4.733727810650888,9.467455621301776,85.79881656804734,13.017751479289942,72.7810650887574
E00166797,409,62,30,32,347,30,317,15.158924205378973,7.334963325183375,7.823960880195599,84.84107579462102,7.334963325183375,77.50611246943765
E00166802,531,51,15,36,480,38,442,9.6045197740113,2.824858757062147,6.779661016949152,90.3954802259887,7.1563088512241055,83.2391713747646
E00166804,219,46,19,27,173,17,156,21.00456621004566,8.67579908675799,12.32876712328767,78.99543378995433,7.76255707762557,71.23287671232876
E00166805,269,64,35,29,205,13,192,23.79182156133829,13.011152416356877,10.780669144981413,76.2081784386617,4.83271375464684,71.37546468401487
E00166807,310,37,18,19,273,23,250,11.935483870967742,5.806451612903226,6.129032258064516,88.06451612903226,7.419354838709677,80.64516129032258
E00166808,273,33,15,18,240,21,219,12.087912087912088,5.4945054945054945,6.593406593406594,87.91208791208791,7.6923076923076925,80.21978021978022
E00166810,287,59,27,32,228,25,203,20.557491289198605,9.40766550522648,11.149825783972126,79.44250871080139,8.710801393728223,70.73170731707317
E00166811,358,49,20,29,309,25,284,13.687150837988826,5.58659217877095,8.100558659217876,86.31284916201118,6.983240223463687,79.3296089385475
E00166814,292,32,8,24,260,22,238,10.95890410958904,2.73972602739726,8.21917808219178,89.04109589041096,7.534246575342466,81.5068493150685
E00166870,207,26,5,21,181,16,165,12.560386473429952,2.4154589371980677,10.144927536231885,87.43961352657004,7.729468599033816,79.71014492753623
E00166872,626,89,30,59,537,40,497,14.217252396166133,4.792332268370607,9.424920127795527,85.78274760383387,6.3897763578274756,79.3929712460064
E00166874,355,68,29,39,287,27,260,19.154929577464788,8.169014084507042,10.985915492957748,80.84507042253522,7.605633802816901,73.23943661971832
E00166875,363,40,11,29,323,24,299,11.019283746556475,3.0303030303030303,7.988980716253444,88.98071625344353,6.6115702479338845,82.36914600550963
E00166878,283,35,8,27,248,12,236,12.36749116607774,2.8268551236749118,9.540636042402827,87.63250883392226,4.240282685512367,83.3922261484099
E00166880,376,42,13,29,334,35,299,11.170212765957446,3.4574468085106385,7.712765957446808,88.82978723404256,9.308510638297872,79.52127659574468
E00166881,355,37,16,21,318,31,287,10.422535211267606,4.507042253521127,5.915492957746479,89.5774647887324,8.732394366197182,80.84507042253522
E00166883,311,35,11,24,276,20,256,11.254019292604502,3.536977491961415,7.717041800643088,88.7459807073955,6.430868167202572,82.31511254019293
E00166884,411,54,17,37,357,22,335,13.138686131386862,4.13625304136253,9.002433090024331,86.86131386861314,5.35279805352798,81.50851581508516
E00166886,437,83,41,42,354,29,325,18.993135011441648,9.382151029748284,9.610983981693364,81.00686498855835,6.636155606407322,74.37070938215103
E00166888,449,52,20,32,397,34,363,11.58129175946548,4.4543429844097995,7.126948775055679,88.41870824053451,7.57238307349666,80.84632516703786
E00166889,255,55,20,35,200,16,184,21.568627450980394,7.8431372549019605,13.725490196078432,78.43137254901961,6.2745098039215685,72.15686274509804
E00166891,281,30,9,21,251,21,230,10.676156583629894,3.202846975088968,7.473309608540925,89.32384341637011,7.473309608540925,81.85053380782918
E00166892,309,40,14,26,269,26,243,12.944983818770226,4.53074433656958,8.414239482200648,87.05501618122977,8.414239482200648,78.64077669902912
E00166894,305,48,16,32,257,17,240,15.737704918032788,5.245901639344262,10.491803278688524,84.26229508196721,5.573770491803279,78.68852459016394
E00166895,425,91,43,48,334,21,313,21.41176470588235,10.117647058823529,11.294117647058824,78.58823529411765,4.941176470588235,73.6470588235294
E00166897,327,41,14,27,286,24,262,12.538226299694188,4.281345565749235,8.256880733944955,87.46177370030581,7.339449541284404,80.1223241590214
E00166898,422,34,10,24,388,41,347,8.056872037914692,2.3696682464454977,5.687203791469194,91.9431279620853,9.715639810426541,82.22748815165876
E00166900,357,30,10,20,327,29,298,8.403361344537815,2.801120448179272,5.602240896358544,91.59663865546219,8.123249299719888,83.4733893557423
E00166902,445,44,18,26,401,29,372,9.887640449438202,4.044943820224719,5.842696629213483,90.11235955056179,6.51685393258427,83.59550561797752
E00166903,376,47,12,35,329,24,305,12.5,3.1914893617021276,9.308510638297872,87.5,6.382978723404255,81.11702127659575
E00166905,199,18,5,13,181,18,163,9.045226130653267,2.512562814070352,6.532663316582915,90.95477386934674,9.045226130653267,81.90954773869346
E00166906,314,45,12,33,269,17,252,14.331210191082802,3.821656050955414,10.509554140127388,85.6687898089172,5.414012738853503,80.2547770700637
E00166908,454,39,15,24,415,28,387,8.590308370044053,3.303964757709251,5.286343612334802,91.40969162995594,6.167400881057269,85.24229074889867
E00166909,347,61,33,28,286,26,260,17.579250720461097,9.510086455331413,8.069164265129682,82.42074927953891,7.492795389048991,74.92795389048992
E00166911,422,69,28,41,353,27,326,16.350710900473935,6.6350710900473935,9.715639810426541,83.64928909952607,6.398104265402843,77.25118483412322
E00166912,364,54,27,27,310,27,283,14.835164835164836,7.417582417582418,7.417582417582418,85.16483516483517,7.417582417582418,77.74725274725274
E00166914,348,49,15,34,299,25,274,14.080459770114942,4.310344827586207,9.770114942528735,85.91954022988506,7.183908045977011,78.73563218390804
E00166916,403,49,25,24,354,30,324,12.158808933002481,6.20347394540943,5.955334987593052,87.84119106699751,7.444168734491314,80.39702233250621
E00166917,212,39,11,28,173,24,149,18.39622641509434,5.188679245283019,13.20754716981132,81.60377358490565,11.320754716981133,70.28301886792453
E00166919,248,40,19,21,208,20,188,16.129032258064516,7.661290322580645,8.46774193548387,83.87096774193549,8.064516129032258,75.80645161290323
E00166920,249,59,27,32,190,20,170,23.694779116465863,10.843373493975903,12.851405622489958,76.30522088353415,8.032128514056225,68.27309236947792
E00189633,335,63,30,33,272,24,248,18.80597014925373,8.955223880597014,9.850746268656717,81.19402985074626,7.164179104477612,74.02985074626865
E00189637,274,30,10,20,244,10,234,10.948905109489052,3.64963503649635,7.2992700729927,89.05109489051095,3.64963503649635,85.40145985401459
E00189638,384,39,17,22,345,17,328,10.15625,4.427083333333334,5.729166666666666,89.84375,4.427083333333334,85.41666666666666
E00189641,203,26,12,14,177,27,150,12.807881773399016,5.911330049261084,6.896551724137931,87.192118226601,13.30049261083744,73.89162561576354
E00189649,319,55,24,31,264,20,244,17.24137931034483,7.523510971786834,9.717868338557993,82.75862068965517,6.269592476489027,76.48902821316614
E00189650,932,354,105,249,578,85,493,37.98283261802575,11.266094420600858,26.716738197424895,62.01716738197425,9.120171673819742,52.896995708154506
E00189652,267,87,49,38,180,25,155,32.58426966292135,18.352059925093634,14.232209737827715,67.41573033707866,9.363295880149813,58.052434456928836
E00189654,321,34,12,22,287,30,257,10.59190031152648,3.7383177570093453,6.853582554517133,89.40809968847351,9.345794392523365,80.06230529595015
E00189655,329,35,20,15,294,18,276,10.638297872340425,6.079027355623101,4.5592705167173255,89.36170212765957,5.47112462006079,83.89057750759878
E00189657,309,66,28,38,243,28,215,21.35922330097087,9.06148867313916,12.297734627831716,78.64077669902912,9.06148867313916,69.57928802588997
E00189662,338,49,25,24,289,21,268,14.497041420118343,7.396449704142012,7.100591715976331,85.50295857988166,6.21301775147929,79.28994082840237
E00189667,405,42,14,28,363,28,335,10.37037037037037,3.45679012345679,6.91358024691358,89.62962962962962,6.91358024691358,82.71604938271605
E00189671,313,45,23,22,268,14,254,14.376996805111823,7.348242811501597,7.0287539936102235,85.62300319488818,4.472843450479233,81.15015974440894
E00189677,227,70,34,36,157,18,139,30.837004405286343,14.977973568281937,15.859030837004406,69.16299559471366,7.929515418502203,61.23348017621145
E00189679,341,29,9,20,312,20,292,8.504398826979472,2.6392961876832843,5.865102639296188,91.49560117302052,5.865102639296188,85.63049853372434
E00189697,213,25,6,19,188,16,172,11.737089201877934,2.8169014084507045,8.92018779342723,88.26291079812206,7.511737089201878,80.75117370892019
E00189701,354,42,10,32,312,25,287,11.864406779661017,2.824858757062147,9.03954802259887,88.13559322033898,7.062146892655368,81.07344632768361
E00189704,254,82,35,47,172,20,152,32.28346456692913,13.779527559055119,18.503937007874015,67.71653543307087,7.874015748031496,59.84251968503938
E00189713,319,55,27,28,264,15,249,17.24137931034483,8.463949843260188,8.77742946708464,82.75862068965517,4.702194357366771,78.0564263322884
E00189717,273,59,29,30,214,19,195,21.611721611721613,10.622710622710622,10.989010989010989,78.3882783882784,6.95970695970696,71.42857142857143
E00189723,350,75,46,29,275,13,262,21.428571428571427,13.142857142857142,8.285714285714285,78.57142857142857,3.7142857142857144,74.85714285714286
E00189727,316,56,17,39,260,27,233,17.72151898734177,5.379746835443038,12.341772151898734,82.27848101265823,8.544303797468354,73.73417721518987
E00189728,332,38,12,26,294,26,268,11.44578313253012,3.614457831325301,7.83132530120482,88.55421686746988,7.83132530120482,80.72289156626506
E00189730,283,25,10,15,258,13,245,8.8339222614841,3.53356890459364,5.30035335689046,91.16607773851591,4.593639575971731,86.57243816254417
E00189732,347,66,27,39,281,21,260,19.020172910662826,7.780979827089338,11.239193083573488,80.97982708933718,6.051873198847262,74.92795389048992
E00189733,321,50,22,28,271,24,247,15.57632398753894,6.853582554517133,8.722741433021806,84.42367601246106,7.476635514018691,76.94704049844236
E00189735,300,38,7,31,262,28,234,12.666666666666668,2.3333333333333335,10.333333333333334,87.33333333333333,9.333333333333334,78
E00189737,337,41,14,27,296,29,267,12.166172106824925,4.154302670623145,8.011869436201781,87.83382789317507,8.605341246290802,79.22848664688428
E00189738,291,55,20,35,236,27,209,18.900343642611684,6.872852233676976,12.027491408934708,81.09965635738831,9.278350515463918,71.8213058419244
E00189740,339,54,14,40,285,29,256,15.929203539823009,4.129793510324483,11.799410029498524,84.070796460177,8.55457227138643,75.51622418879056
E00189742,399,48,20,28,351,29,322,12.030075187969924,5.012531328320802,7.017543859649122,87.96992481203007,7.268170426065162,80.7017543859649
E00189745,279,23,5,18,256,12,244,8.24372759856631,1.7921146953405016,6.451612903225806,91.75627240143369,4.301075268817205,87.45519713261649
E00189748,287,41,8,33,246,21,225,14.285714285714285,2.7874564459930316,11.498257839721255,85.71428571428571,7.317073170731707,78.397212543554
E00189752,359,70,31,39,289,22,267,19.498607242339833,8.635097493036211,10.86350974930362,80.50139275766016,6.128133704735376,74.3732590529248
E00189753,441,65,31,34,376,28,348,14.73922902494331,7.029478458049887,7.709750566893423,85.26077097505669,6.349206349206349,78.91156462585033
E00189756,349,29,9,20,320,20,300,8.30945558739255,2.5787965616045847,5.730659025787966,91.69054441260745,5.730659025787966,85.95988538681948
E00189757,266,42,14,28,224,22,202,15.789473684210526,5.263157894736842,10.526315789473683,84.21052631578947,8.270676691729323,75.93984962406014
E00189762,342,53,14,39,289,17,272,15.497076023391813,4.093567251461988,11.403508771929824,84.50292397660819,4.970760233918129,79.53216374269006
E00189767,274,40,18,22,234,19,215,14.5985401459854,6.569343065693431,8.02919708029197,85.40145985401459,6.934306569343065,78.46715328467153
E00189769,274,36,20,16,238,12,226,13.138686131386862,7.2992700729927,5.839416058394161,86.86131386861314,4.37956204379562,82.48175182481752
E00189776,194,13,5,8,181,15,166,6.701030927835052,2.5773195876288657,4.123711340206185,93.29896907216495,7.731958762886598,85.56701030927834
E00189779,329,37,10,27,292,16,276,11.246200607902736,3.0395136778115504,8.206686930091186,88.75379939209726,4.86322188449848,83.89057750759878
E00189784,348,83,44,39,265,15,250,23.850574712643677,12.643678160919542,11.206896551724139,76.14942528735632,4.310344827586207,71.83908045977012
E00189791,143,40,12,28,103,8,95,27.972027972027973,8.391608391608392,19.58041958041958,72.02797202797203,5.594405594405594,66.43356643356644
