OA,ts0380001,ts0380002,ts0380003,ts0380004,ts0380005,ts0380006,ts0380007,ts0380002_PCT,ts0380003_PCT,ts0380004_PCT,ts0380005_PCT,ts0380006_PCT,ts0380007_PCT
E00110845,301,43,11,32,258,26,232,14.285714285714285,3.6544850498338874,10.631229235880399,85.71428571428571,8.637873754152823,77.0764119601329
E00110846,314,47,21,26,267,19,248,14.968152866242038,6.687898089171974,8.280254777070063,85.03184713375796,6.050955414012739,78.98089171974523
E00110847,297,64,20,44,233,17,216,21.548821548821547,6.7340067340067336,14.814814814814813,78.45117845117845,5.723905723905724,72.72727272727273
E00110848,411,77,36,41,334,25,309,18.734793187347933,8.75912408759124,9.975669099756692,81.26520681265207,6.082725060827251,75.18248175182481
E00110849,357,74,35,39,283,19,264,20.72829131652661,9.803921568627452,10.92436974789916,79.27170868347339,5.322128851540616,73.94957983193278
E00110850,361,60,27,33,301,21,280,16.62049861495845,7.479224376731302,9.141274238227147,83.37950138504155,5.8171745152354575,77.5623268698061
E00110851,270,53,24,29,217,19,198,19.62962962962963,8.88888888888889,10.74074074074074,80.37037037037037,7.037037037037037,73.33333333333333
E00110852,327,57,25,32,270,27,243,17.431192660550458,7.64525993883792,9.785932721712538,82.56880733944955,8.256880733944955,74.31192660550458
E00110853,256,56,29,27,200,13,187,21.875,11.328125,10.546875,78.125,5.078125,73.046875
E00110854,279,45,11,34,234,23,211,16.129032258064516,3.942652329749104,12.186379928315413,83.87096774193549,8.24372759856631,75.62724014336918
E00110855,346,57,22,35,289,15,274,16.473988439306357,6.358381502890173,10.115606936416185,83.52601156069365,4.335260115606936,79.1907514450867
E00110856,431,61,23,38,370,28,342,14.153132250580047,5.336426914153132,8.816705336426914,85.84686774941996,6.496519721577726,79.35034802784223
E00110857,338,84,40,44,254,16,238,24.85207100591716,11.834319526627219,13.017751479289942,75.14792899408283,4.733727810650888,70.41420118343196
E00110858,291,69,28,41,222,17,205,23.711340206185564,9.621993127147768,14.0893470790378,76.28865979381443,5.841924398625429,70.44673539518901
E00110859,283,44,21,23,239,11,228,15.547703180212014,7.420494699646643,8.12720848056537,84.45229681978799,3.8869257950530036,80.56537102473497
E00110860,330,68,29,39,262,18,244,20.606060606060606,8.787878787878787,11.818181818181818,79.39393939393939,5.454545454545454,73.93939393939394
E00110861,176,44,20,24,132,11,121,25,11.363636363636363,13.636363636363635,75,6.25,68.75
E00110862,376,47,18,29,329,20,309,12.5,4.787234042553192,7.712765957446808,87.5,5.319148936170213,82.18085106382979
E00110863,270,51,18,33,219,13,206,18.88888888888889,6.666666666666667,12.222222222222221,81.11111111111111,4.814814814814815,76.29629629629629
E00110864,320,65,29,36,255,18,237,20.3125,9.0625,11.25,79.6875,5.625,74.0625
E00110865,293,60,29,31,233,13,220,20.477815699658702,9.897610921501707,10.580204778156997,79.5221843003413,4.436860068259386,75.0853242320819
E00110866,330,94,44,50,236,27,209,28.484848484848484,13.333333333333334,15.151515151515152,71.51515151515152,8.181818181818182,63.33333333333333
E00110867,337,60,24,36,277,30,247,17.804154302670625,7.121661721068249,10.682492581602373,82.19584569732937,8.902077151335313,73.29376854599407
E00110868,327,69,29,40,258,24,234,21.100917431192663,8.868501529051988,12.232415902140673,78.89908256880734,7.339449541284404,71.55963302752293
E00110869,289,67,31,36,222,22,200,23.18339100346021,10.726643598615917,12.45674740484429,76.8166089965398,7.612456747404845,69.20415224913495
E00110870,300,53,24,29,247,15,232,17.666666666666668,8,9.666666666666666,82.33333333333334,5,77.33333333333333
E00110871,386,39,11,28,347,32,315,10.103626943005182,2.849740932642487,7.253886010362693,89.89637305699482,8.290155440414509,81.60621761658031
E00110872,232,31,13,18,201,17,184,13.36206896551724,5.603448275862069,7.758620689655173,86.63793103448276,7.327586206896551,79.3103448275862
E00110873,297,30,15,15,267,21,246,10.1010101010101,5.05050505050505,5.05050505050505,89.8989898989899,7.07070707070707,82.82828282828282
E00110874,396,49,14,35,347,15,332,12.373737373737374,3.535353535353535,8.83838383838384,87.62626262626263,3.787878787878788,83.83838383838383
E00110875,354,39,15,24,315,15,300,11.016949152542372,4.23728813559322,6.779661016949152,88.98305084745762,4.23728813559322,84.7457627118644
E00110876,307,48,21,27,259,25,234,15.63517915309446,6.840390879478828,8.794788273615636,84.36482084690554,8.143322475570033,76.2214983713355
E00110877,316,42,20,22,274,19,255,13.291139240506327,6.329113924050633,6.962025316455696,86.70886075949366,6.012658227848101,80.69620253164557
E00110878,238,24,15,9,214,12,202,10.084033613445378,6.302521008403361,3.7815126050420167,89.91596638655463,5.042016806722689,84.87394957983193
E00110879,245,29,16,13,216,13,203,11.83673469387755,6.530612244897959,5.3061224489795915,88.16326530612245,5.3061224489795915,82.85714285714286
E00110880,291,30,3,27,261,27,234,10.309278350515463,1.0309278350515463,9.278350515463918,89.69072164948454,9.278350515463918,80.41237113402062
E00110881,316,29,10,19,287,24,263,9.177215189873419,3.1645569620253164,6.012658227848101,90.82278481012658,7.59493670886076,83.22784810126582
E00110882,315,30,6,24,285,22,263,9.523809523809524,1.9047619047619049,7.6190476190476195,90.47619047619048,6.984126984126984,83.4920634920635
E00110883,281,42,13,29,239,16,223,14.94661921708185,4.6263345195729535,10.320284697508896,85.05338078291815,5.6939501779359425,79.35943060498221
E00110884,360,40,17,23,320,22,298,11.11111111111111,4.722222222222222,6.388888888888888,88.88888888888889,6.111111111111111,82.77777777777777
E00110885,313,34,10,24,279,30,249,10.86261980830671,3.1948881789137378,7.667731629392971,89.1373801916933,9.584664536741213,79.55271565495208
E00110886,334,29,9,20,305,23,282,8.682634730538922,2.694610778443114,5.9880239520958085,91.31736526946108,6.88622754491018,84.4311377245509
E00110887,334,38,11,27,296,19,277,11.377245508982035,3.293413173652695,8.08383233532934,88.62275449101796,5.688622754491018,82.93413173652695
E00110888,241,31,8,23,210,17,193,12.863070539419086,3.319502074688797,9.54356846473029,87.13692946058092,7.053941908713693,80.08298755186722
E00110889,246,34,12,22,212,20,192,13.821138211382115,4.878048780487805,8.94308943089431,86.1788617886179,8.130081300813007,78.04878048780488
E00110890,315,51,21,30,264,22,242,16.19047619047619,6.666666666666667,9.523809523809524,83.80952380952381,6.984126984126984,76.82539682539684
E00110891,283,32,11,21,251,16,235,11.307420494699647,3.8869257950530036,7.420494699646643,88.69257950530034,5.6537102473498235,83.03886925795054
E00110892,331,31,5,26,300,19,281,9.365558912386707,1.5105740181268883,7.854984894259818,90.6344410876133,5.740181268882175,84.89425981873111
E00110893,339,41,12,29,298,25,273,12.094395280235988,3.5398230088495577,8.55457227138643,87.90560471976401,7.374631268436578,80.53097345132744
E00110894,312,31,13,18,281,19,262,9.935897435897436,4.166666666666666,5.769230769230769,90.06410256410257,6.089743589743589,83.97435897435898
E00110895,382,41,15,26,341,17,324,10.732984293193718,3.926701570680628,6.806282722513089,89.26701570680629,4.450261780104712,84.81675392670157
E00110897,298,69,32,37,229,19,210,23.154362416107382,10.738255033557047,12.416107382550337,76.84563758389261,6.375838926174497,70.46979865771812
E00110898,319,50,27,23,269,26,243,15.673981191222571,8.463949843260188,7.210031347962382,84.32601880877742,8.150470219435736,76.17554858934169
E00110899,370,60,24,36,310,24,286,16.216216216216218,6.486486486486487,9.72972972972973,83.78378378378379,6.486486486486487,77.29729729729729
E00110900,281,53,15,38,228,16,212,18.86120996441281,5.338078291814947,13.523131672597867,81.13879003558719,5.6939501779359425,75.44483985765125
E00110901,305,42,16,26,263,22,241,13.77049180327869,5.245901639344262,8.524590163934425,86.22950819672131,7.213114754098362,79.01639344262294
E00110902,235,48,24,24,187,12,175,20.425531914893615,10.212765957446807,10.212765957446807,79.57446808510639,5.106382978723404,74.46808510638297
E00110903,329,51,14,37,278,25,253,15.501519756838904,4.25531914893617,11.246200607902736,84.49848024316108,7.598784194528875,76.89969604863222
E00110904,312,49,18,31,263,27,236,15.705128205128204,5.769230769230769,9.935897435897436,84.2948717948718,8.653846153846153,75.64102564102564
E00110905,294,64,27,37,230,20,210,21.768707482993197,9.183673469387756,12.585034013605442,78.2312925170068,6.802721088435375,71.42857142857143
E00110906,326,47,18,29,279,21,258,14.417177914110429,5.521472392638037,8.895705521472392,85.58282208588957,6.441717791411043,79.14110429447852
E00110907,319,50,18,32,269,14,255,15.673981191222571,5.6426332288401255,10.031347962382444,84.32601880877742,4.38871473354232,79.9373040752351
E00110908,333,53,23,30,280,19,261,15.915915915915916,6.906906906906906,9.00900900900901,84.08408408408408,5.7057057057057055,78.37837837837837
E00110909,287,44,17,27,243,22,221,15.33101045296167,5.923344947735192,9.40766550522648,84.66898954703834,7.665505226480835,77.00348432055749
E00110910,252,27,8,19,225,25,200,10.714285714285714,3.1746031746031744,7.5396825396825395,89.28571428571429,9.920634920634921,79.36507936507937
E00110911,282,66,27,39,216,16,200,23.404255319148938,9.574468085106384,13.829787234042554,76.59574468085107,5.673758865248227,70.92198581560284
E00110912,327,48,23,25,279,20,259,14.678899082568808,7.033639143730887,7.64525993883792,85.3211009174312,6.116207951070336,79.20489296636084
E00110913,301,43,16,27,258,28,230,14.285714285714285,5.3156146179401995,8.970099667774086,85.71428571428571,9.30232558139535,76.41196013289037
E00110914,233,55,23,32,178,15,163,23.605150214592275,9.871244635193133,13.733905579399142,76.39484978540773,6.437768240343347,69.95708154506438
E00110915,333,59,16,43,274,13,261,17.71771771771772,4.804804804804805,12.912912912912914,82.28228228228228,3.903903903903904,78.37837837837837
E00110916,242,48,18,30,194,19,175,19.834710743801654,7.43801652892562,12.396694214876034,80.16528925619835,7.851239669421488,72.31404958677686
E00110917,314,52,18,34,262,22,240,16.560509554140125,5.7324840764331215,10.828025477707007,83.43949044585987,7.006369426751593,76.43312101910828
E00110918,312,33,10,23,279,18,261,10.576923076923077,3.205128205128205,7.371794871794872,89.42307692307693,5.769230769230769,83.65384615384616
E00110919,316,38,13,25,278,28,250,12.025316455696203,4.113924050632911,7.9113924050632916,87.9746835443038,8.860759493670885,79.11392405063292
E00110920,234,36,16,20,198,19,179,15.384615384615385,6.837606837606838,8.547008547008547,84.61538461538461,8.11965811965812,76.49572649572649
E00110921,305,50,22,28,255,21,234,16.39344262295082,7.213114754098362,9.180327868852459,83.60655737704919,6.885245901639345,76.72131147540983
E00110922,305,72,32,40,233,21,212,23.60655737704918,10.491803278688524,13.114754098360656,76.39344262295083,6.885245901639345,69.50819672131148
E00110923,304,53,16,37,251,28,223,17.434210526315788,5.263157894736842,12.171052631578947,82.56578947368422,9.210526315789473,73.35526315789474
E00110924,391,97,45,52,294,21,273,24.808184143222505,11.508951406649617,13.299232736572892,75.1918158567775,5.3708439897698215,69.82097186700767
E00110925,301,52,23,29,249,6,243,17.275747508305646,7.641196013289036,9.634551495016613,82.72425249169434,1.9933554817275747,80.73089700996677
E00110926,303,58,25,33,245,24,221,19.141914191419144,8.25082508250825,10.891089108910892,80.85808580858085,7.920792079207921,72.93729372937293
E00110927,326,53,16,37,273,21,252,16.257668711656443,4.9079754601226995,11.349693251533742,83.74233128834356,6.441717791411043,77.30061349693251
E00110928,297,40,17,23,257,15,242,13.468013468013467,5.723905723905724,7.744107744107744,86.53198653198653,5.05050505050505,81.48148148148148
E00110929,289,55,21,34,234,10,224,19.031141868512112,7.26643598615917,11.76470588235294,80.96885813148789,3.4602076124567476,77.50865051903114
E00110930,358,65,31,34,293,32,261,18.156424581005588,8.659217877094973,9.497206703910614,81.84357541899442,8.938547486033519,72.90502793296089
E00110931,340,67,31,36,273,14,259,19.705882352941178,9.117647058823529,10.588235294117647,80.29411764705883,4.117647058823529,76.17647058823529
E00110932,306,57,25,32,249,22,227,18.627450980392158,8.169934640522875,10.457516339869281,81.37254901960785,7.18954248366013,74.18300653594771
E00110933,320,60,29,31,260,26,234,18.75,9.0625,9.6875,81.25,8.125,73.125
E00110934,359,56,26,30,303,19,284,15.598885793871867,7.242339832869081,8.356545961002785,84.40111420612814,5.2924791086350975,79.10863509749304
E00110935,230,64,30,34,166,19,147,27.82608695652174,13.043478260869565,14.782608695652174,72.17391304347827,8.26086956521739,63.91304347826087
E00110936,229,34,14,20,195,27,168,14.847161572052403,6.11353711790393,8.73362445414847,85.1528384279476,11.790393013100436,73.36244541484717
E00110937,332,66,21,45,266,16,250,19.879518072289155,6.325301204819277,13.55421686746988,80.12048192771084,4.819277108433735,75.30120481927712
E00110938,277,39,15,24,238,30,208,14.079422382671481,5.415162454873646,8.664259927797833,85.92057761732852,10.830324909747292,75.09025270758123
E00110939,324,45,19,26,279,19,260,13.88888888888889,5.864197530864197,8.024691358024691,86.11111111111111,5.864197530864197,80.24691358024691
E00110940,248,63,36,27,185,16,169,25.403225806451612,14.516129032258066,10.887096774193548,74.59677419354838,6.451612903225806,68.14516129032258
E00110941,331,53,20,33,278,16,262,16.012084592145015,6.042296072507553,9.969788519637463,83.98791540785498,4.833836858006042,79.15407854984893
E00110942,336,51,22,29,285,18,267,15.178571428571427,6.547619047619048,8.630952380952381,84.82142857142857,5.357142857142857,79.46428571428571
E00110943,331,57,22,35,274,24,250,17.220543806646525,6.646525679758309,10.574018126888216,82.77945619335347,7.250755287009064,75.52870090634441
E00110945,316,47,21,26,269,17,252,14.873417721518987,6.6455696202531636,8.227848101265822,85.12658227848101,5.379746835443038,79.74683544303798
E00110946,377,70,25,45,307,23,284,18.56763925729443,6.631299734748011,11.936339522546419,81.43236074270557,6.10079575596817,75.3315649867374
E00110947,294,58,24,34,236,18,218,19.727891156462583,8.16326530612245,11.564625850340136,80.27210884353741,6.122448979591836,74.14965986394559
E00110948,283,47,19,28,236,18,218,16.607773851590103,6.713780918727916,9.89399293286219,83.3922261484099,6.36042402826855,77.03180212014135
E00110949,239,33,7,26,206,16,190,13.807531380753138,2.928870292887029,10.87866108786611,86.19246861924687,6.694560669456067,79.49790794979079
E00110950,285,49,23,26,236,14,222,17.192982456140353,8.070175438596491,9.12280701754386,82.80701754385966,4.912280701754386,77.89473684210526
E00110951,411,118,55,63,293,18,275,28.710462287104622,13.381995133819952,15.328467153284672,71.28953771289538,4.37956204379562,66.90997566909975
E00110952,361,53,23,30,308,25,283,14.681440443213297,6.3711911357340725,8.310249307479225,85.3185595567867,6.9252077562326875,78.39335180055402
E00110953,303,60,30,30,243,18,225,19.801980198019802,9.900990099009901,9.900990099009901,80.19801980198021,5.9405940594059405,74.25742574257426
E00110954,254,44,21,23,210,9,201,17.322834645669293,8.267716535433072,9.05511811023622,82.67716535433071,3.543307086614173,79.13385826771653
E00110955,441,90,35,55,351,31,320,20.408163265306122,7.936507936507936,12.471655328798185,79.59183673469387,7.029478458049887,72.56235827664399
E00110956,504,60,27,33,444,32,412,11.904761904761903,5.357142857142857,6.547619047619048,88.09523809523809,6.349206349206349,81.74603174603175
E00110957,348,36,12,24,312,18,294,10.344827586206897,3.4482758620689653,6.896551724137931,89.65517241379311,5.172413793103448,84.48275862068965
E00110958,328,48,23,25,280,23,257,14.634146341463413,7.01219512195122,7.621951219512195,85.36585365853658,7.01219512195122,78.35365853658537
E00110959,321,56,22,34,265,17,248,17.445482866043612,6.853582554517133,10.59190031152648,82.55451713395638,5.29595015576324,77.25856697819314
E00110960,322,55,24,31,267,13,254,17.080745341614907,7.453416149068323,9.627329192546584,82.91925465838509,4.037267080745342,78.88198757763976
E00110961,429,87,30,57,342,25,317,20.27972027972028,6.993006993006993,13.286713286713287,79.72027972027972,5.827505827505827,73.89277389277389
E00110962,359,58,24,34,301,18,283,16.15598885793872,6.685236768802229,9.47075208913649,83.84401114206128,5.013927576601671,78.8300835654596
E00110963,360,53,21,32,307,26,281,14.722222222222223,5.833333333333333,8.88888888888889,85.27777777777777,7.222222222222221,78.05555555555556
E00110965,306,64,26,38,242,19,223,20.915032679738562,8.49673202614379,12.418300653594772,79.08496732026144,6.209150326797386,72.87581699346404
E00110967,271,51,25,26,220,24,196,18.81918819188192,9.22509225092251,9.59409594095941,81.18081180811808,8.856088560885608,72.32472324723247
E00110968,277,52,26,26,225,14,211,18.772563176895307,9.386281588447654,9.386281588447654,81.2274368231047,5.054151624548736,76.17328519855594
E00110969,288,101,57,44,187,11,176,35.06944444444444,19.791666666666664,15.277777777777779,64.93055555555556,3.8194444444444446,61.111111111111114
E00110970,238,47,19,28,191,9,182,19.747899159663866,7.9831932773109235,11.76470588235294,80.25210084033614,3.7815126050420167,76.47058823529412
E00110971,290,46,23,23,244,20,224,15.862068965517242,7.931034482758621,7.931034482758621,84.13793103448276,6.896551724137931,77.24137931034483
E00110972,287,58,23,35,229,26,203,20.209059233449477,8.013937282229964,12.195121951219512,79.79094076655052,9.059233449477352,70.73170731707317
E00110973,317,52,26,26,265,27,238,16.40378548895899,8.201892744479496,8.201892744479496,83.59621451104101,8.517350157728707,75.0788643533123
E00110974,345,61,25,36,284,21,263,17.681159420289855,7.246376811594203,10.434782608695652,82.31884057971014,6.086956521739131,76.23188405797102
E00110975,323,55,22,33,268,32,236,17.027863777089784,6.811145510835913,10.21671826625387,82.97213622291022,9.907120743034056,73.06501547987617
E00110976,234,36,11,25,198,19,179,15.384615384615385,4.700854700854701,10.683760683760683,84.61538461538461,8.11965811965812,76.49572649572649
E00110977,312,73,31,42,239,14,225,23.397435897435898,9.935897435897436,13.461538461538462,76.6025641025641,4.487179487179487,72.11538461538461
E00110979,254,40,14,26,214,13,201,15.748031496062993,5.511811023622047,10.236220472440944,84.25196850393701,5.118110236220472,79.13385826771653
E00110980,288,54,25,29,234,30,204,18.75,8.680555555555555,10.069444444444445,81.25,10.416666666666668,70.83333333333334
E00110981,254,45,20,25,209,10,199,17.716535433070867,7.874015748031496,9.84251968503937,82.28346456692913,3.937007874015748,78.34645669291339
E00110982,515,80,43,37,435,24,411,15.53398058252427,8.349514563106796,7.184466019417475,84.46601941747572,4.660194174757281,79.80582524271844
E00110983,338,74,22,52,264,21,243,21.893491124260358,6.508875739644971,15.384615384615385,78.10650887573965,6.21301775147929,71.89349112426035
E00110984,239,56,31,25,183,17,166,23.430962343096233,12.97071129707113,10.460251046025103,76.56903765690377,7.112970711297072,69.4560669456067
E00110985,320,55,22,33,265,10,255,17.1875,6.875000000000001,10.3125,82.8125,3.125,79.6875
E00110986,317,69,27,42,248,23,225,21.766561514195583,8.517350157728707,13.249211356466878,78.23343848580441,7.255520504731862,70.97791798107255
E00110987,323,51,20,31,272,25,247,15.789473684210526,6.191950464396285,9.597523219814242,84.21052631578947,7.739938080495357,76.47058823529412
E00110988,348,62,22,40,286,26,260,17.81609195402299,6.321839080459771,11.494252873563218,82.18390804597702,7.471264367816093,74.71264367816092
E00110989,355,75,27,48,280,26,254,21.12676056338028,7.605633802816901,13.521126760563378,78.87323943661971,7.323943661971831,71.54929577464789
E00110990,315,53,25,28,262,20,242,16.825396825396826,7.936507936507936,8.88888888888889,83.17460317460318,6.349206349206349,76.82539682539684
E00110991,406,62,28,34,344,26,318,15.270935960591133,6.896551724137931,8.374384236453201,84.72906403940887,6.403940886699508,78.32512315270937
E00110992,332,67,34,33,265,12,253,20.180722891566266,10.240963855421686,9.939759036144578,79.81927710843374,3.614457831325301,76.20481927710844
E00110993,308,65,32,33,243,25,218,21.1038961038961,10.38961038961039,10.714285714285714,78.8961038961039,8.116883116883116,70.77922077922078
E00110994,355,55,24,31,300,15,285,15.492957746478872,6.760563380281689,8.732394366197182,84.50704225352112,4.225352112676056,80.28169014084507
E00110995,275,48,20,28,227,14,213,17.454545454545457,7.2727272727272725,10.181818181818182,82.54545454545455,5.090909090909091,77.45454545454545
E00110996,318,64,26,38,254,25,229,20.125786163522015,8.176100628930817,11.949685534591195,79.87421383647799,7.861635220125786,72.0125786163522
E00110997,341,62,28,34,279,15,264,18.181818181818183,8.211143695014663,9.970674486803519,81.81818181818183,4.398826979472141,77.41935483870968
E00110998,278,45,20,25,233,16,217,16.18705035971223,7.1942446043165464,8.992805755395683,83.81294964028777,5.755395683453238,78.05755395683454
E00110999,361,47,17,30,314,21,293,13.019390581717452,4.7091412742382275,8.310249307479225,86.98060941828255,5.8171745152354575,81.16343490304709
E00111000,350,70,33,37,280,21,259,20,9.428571428571429,10.571428571428571,80,6,74
E00111001,320,56,17,39,264,16,248,17.5,5.3125,12.1875,82.5,5,77.5
E00111002,324,55,22,33,269,19,250,16.97530864197531,6.790123456790123,10.185185185185185,83.0246913580247,5.864197530864197,77.1604938271605
E00111003,370,81,35,46,289,15,274,21.891891891891895,9.45945945945946,12.432432432432433,78.10810810810811,4.054054054054054,74.05405405405405
E00111004,367,59,17,42,308,26,282,16.076294277929154,4.632152588555858,11.444141689373296,83.92370572207084,7.084468664850137,76.83923705722071
E00111005,328,80,38,42,248,23,225,24.390243902439025,11.585365853658537,12.804878048780488,75.60975609756098,7.01219512195122,68.59756097560977
E00111007,313,53,9,44,260,18,242,16.93290734824281,2.8753993610223643,14.057507987220447,83.06709265175719,5.7507987220447285,77.31629392971246
E00111008,265,27,5,22,238,24,214,10.18867924528302,1.8867924528301887,8.30188679245283,89.81132075471699,9.056603773584905,80.75471698113208
E00111009,303,59,20,39,244,17,227,19.471947194719473,6.6006600660066,12.871287128712872,80.52805280528052,5.6105610561056105,74.91749174917491
E00111010,227,39,18,21,188,11,177,17.180616740088105,7.929515418502203,9.251101321585903,82.81938325991189,4.845814977973569,77.97356828193833
E00111011,306,60,27,33,246,24,222,19.607843137254903,8.823529411764707,10.784313725490197,80.3921568627451,7.8431372549019605,72.54901960784314
E00111012,285,62,29,33,223,15,208,21.75438596491228,10.175438596491228,11.578947368421053,78.24561403508771,5.263157894736842,72.98245614035088
E00111013,195,23,9,14,172,10,162,11.794871794871794,4.615384615384616,7.179487179487179,88.2051282051282,5.128205128205128,83.07692307692308
E00111014,341,68,31,37,273,18,255,19.941348973607038,9.090909090909092,10.850439882697946,80.05865102639295,5.278592375366569,74.7800586510264
E00111015,338,52,18,34,286,13,273,15.384615384615385,5.325443786982249,10.059171597633137,84.61538461538461,3.8461538461538463,80.76923076923077
E00111016,331,58,20,38,273,25,248,17.522658610271904,6.042296072507553,11.48036253776435,82.4773413897281,7.552870090634441,74.92447129909365
E00111017,373,51,18,33,322,23,299,13.672922252010725,4.825737265415549,8.847184986595174,86.32707774798928,6.166219839142091,80.16085790884718
E00111018,317,42,19,23,275,19,256,13.249211356466878,5.993690851735016,7.255520504731862,86.75078864353313,5.993690851735016,80.7570977917981
E00111020,270,30,15,15,240,27,213,11.11111111111111,5.555555555555555,5.555555555555555,88.88888888888889,10,78.88888888888889
E00111022,306,48,10,38,258,27,231,15.686274509803921,3.2679738562091507,12.418300653594772,84.31372549019608,8.823529411764707,75.49019607843137
E00111023,359,61,20,41,298,28,270,16.991643454038996,5.571030640668524,11.420612813370473,83.008356545961007,7.7994428969359335,75.20891364902506
E00111024,313,41,11,30,272,30,242,13.099041533546327,3.5143769968051117,9.584664536741213,86.90095846645367,9.584664536741213,77.31629392971246
E00111025,300,73,43,30,227,26,201,24.333333333333336,14.333333333333334,10,75.66666666666667,8.666666666666668,67
E00111026,298,49,23,26,249,16,233,16.44295302013423,7.718120805369128,8.724832214765101,83.55704697986577,5.369127516778524,78.18791946308725
E00111027,275,35,11,24,240,17,223,12.727272727272727,4,8.727272727272728,87.27272727272727,6.181818181818182,81.0909090909091
E00111029,413,44,18,26,369,24,345,10.653753026634384,4.358353510895883,6.2953995157385,89.34624697336562,5.811138014527845,83.53510895883777
E00111030,324,48,22,26,276,24,252,14.814814814814813,6.790123456790123,8.024691358024691,85.18518518518519,7.4074074074074066,77.77777777777779
E00111031,331,45,13,32,286,24,262,13.595166163141995,3.927492447129909,9.667673716012084,86.404833836858,7.250755287009064,79.15407854984893
E00111032,323,72,35,37,251,22,229,22.291021671826623,10.8359133126935,11.455108359133128,77.70897832817337,6.811145510835913,70.89783281733746
E00111033,311,56,23,33,255,18,237,18.006430868167204,7.395498392282958,10.610932475884244,81.9935691318328,5.787781350482315,76.20578778135048
E00111034,382,68,32,36,314,25,289,17.801047120418847,8.37696335078534,9.424083769633508,82.19895287958116,6.544502617801047,75.6544502617801
E00111035,231,44,14,30,187,12,175,19.047619047619047,6.0606060606060606,12.987012987012985,80.95238095238095,5.194805194805195,75.75757575757575
E00111036,320,59,25,34,261,20,241,18.4375,7.8125,10.625,81.5625,6.25,75.3125
E00111037,352,42,18,24,310,20,290,11.931818181818182,5.113636363636364,6.8181818181818175,88.06818181818183,5.681818181818182,82.38636363636364
E00111038,341,74,25,49,267,21,246,21.700879765395893,7.331378299120235,14.369501466275661,78.2991202346041,6.158357771260997,72.14076246334311
E00111039,272,49,27,22,223,11,212,18.014705882352942,9.926470588235293,8.088235294117647,81.98529411764706,4.044117647058823,77.94117647058823
E00111040,294,44,10,34,250,27,223,14.965986394557824,3.4013605442176873,11.564625850340136,85.03401360544217,9.183673469387756,75.85034013605441
E00111041,326,72,30,42,254,22,232,22.085889570552148,9.202453987730062,12.883435582822086,77.91411042944786,6.748466257668712,71.16564417177914
E00111042,410,62,28,34,348,27,321,15.121951219512194,6.829268292682928,8.292682926829269,84.8780487804878,6.585365853658537,78.29268292682927
E00111043,290,38,11,27,252,19,233,13.10344827586207,3.793103448275862,9.310344827586208,86.89655172413792,6.551724137931035,80.3448275862069
E00111044,537,75,27,48,462,24,438,13.966480446927374,5.027932960893855,8.938547486033519,86.03351955307262,4.4692737430167595,81.56424581005587
E00111045,317,63,35,28,254,15,239,19.873817034700316,11.041009463722396,8.832807570977918,80.12618296529969,4.73186119873817,75.39432176656152
E00111046,349,64,22,42,285,27,258,18.33810888252149,6.303724928366762,12.034383954154727,81.66189111747852,7.736389684813753,73.92550143266476
E00111047,350,51,13,38,299,20,279,14.571428571428571,3.7142857142857144,10.857142857142858,85.42857142857143,5.714285714285714,79.71428571428572
E00111048,313,52,27,25,261,14,247,16.61341853035144,8.626198083067091,7.987220447284344,83.38658146964856,4.472843450479233,78.91373801916933
E00111049,330,52,24,28,278,19,259,15.757575757575756,7.2727272727272725,8.484848484848486,84.24242424242424,5.757575757575758,78.48484848484848
E00111050,244,49,18,31,195,19,176,20.081967213114755,7.377049180327869,12.704918032786885,79.91803278688525,7.786885245901639,72.1311475409836
E00111051,314,48,28,20,266,17,249,15.286624203821656,8.9171974522293,6.369426751592357,84.71337579617835,5.414012738853503,79.29936305732484
E00111052,327,50,23,27,277,23,254,15.29051987767584,7.033639143730887,8.256880733944955,84.70948012232415,7.033639143730887,77.67584097859327
E00111053,337,51,20,31,286,26,260,15.133531157270031,5.934718100890208,9.198813056379821,84.86646884272997,7.71513353115727,77.1513353115727
E00111054,316,49,30,19,267,19,248,15.50632911392405,9.49367088607595,6.012658227848101,84.49367088607595,6.012658227848101,78.48101265822784
E00111055,323,56,19,37,267,16,251,17.3374613003096,5.88235294117647,11.455108359133128,82.6625386996904,4.953560371517028,77.70897832817337
E00111056,353,82,26,56,271,19,252,23.229461756373937,7.365439093484419,15.864022662889518,76.77053824362606,5.382436260623229,71.38810198300283
E00111057,265,39,12,27,226,17,209,14.716981132075471,4.528301886792453,10.18867924528302,85.28301886792453,6.415094339622642,78.8679245283019
E00111058,344,55,22,33,289,22,267,15.988372093023257,6.395348837209303,9.593023255813954,84.01162790697676,6.395348837209303,77.61627906976744
E00111059,326,51,22,29,275,11,264,15.644171779141105,6.748466257668712,8.895705521472392,84.3558282208589,3.374233128834356,80.98159509202453
E00111060,300,41,19,22,259,15,244,13.666666666666666,6.333333333333334,7.333333333333333,86.33333333333333,5,81.33333333333333
E00111061,346,61,19,42,285,18,267,17.63005780346821,5.491329479768786,12.138728323699421,82.36994219653178,5.202312138728324,77.16763005780348
E00111062,376,57,26,31,319,22,297,15.159574468085108,6.914893617021277,8.24468085106383,84.8404255319149,5.851063829787234,78.98936170212765
E00111063,372,62,31,31,310,20,290,16.666666666666664,8.333333333333332,8.333333333333332,83.33333333333334,5.376344086021505,77.95698924731182
E00111064,256,44,15,29,212,9,203,17.1875,5.859375,11.328125,82.8125,3.515625,79.296875
E00111065,375,46,16,30,329,36,293,12.266666666666666,4.266666666666667,8,87.73333333333333,9.6,78.13333333333333
E00111066,283,42,21,21,241,17,224,14.840989399293287,7.420494699646643,7.420494699646643,85.15901060070671,6.007067137809187,79.15194346289752
E00111067,360,47,16,31,313,39,274,13.055555555555557,4.444444444444445,8.61111111111111,86.94444444444444,10.833333333333334,76.11111111111111
E00111068,244,57,33,24,187,12,175,23.36065573770492,13.524590163934427,9.836065573770492,76.63934426229508,4.918032786885246,71.72131147540983
E00111069,293,46,9,37,247,17,230,15.699658703071673,3.0716723549488054,12.627986348122866,84.30034129692832,5.802047781569966,78.49829351535837
E00111070,246,35,15,20,211,22,189,14.227642276422763,6.097560975609756,8.130081300813007,85.77235772357723,8.94308943089431,76.82926829268293
E00111071,268,59,41,18,209,18,191,22.01492537313433,15.298507462686567,6.7164179104477615,77.98507462686567,6.7164179104477615,71.26865671641791
E00111072,317,40,19,21,277,16,261,12.618296529968454,5.993690851735016,6.624605678233439,87.38170347003155,5.047318611987381,82.33438485804416
E00111073,282,45,24,21,237,15,222,15.957446808510639,8.51063829787234,7.446808510638298,84.04255319148936,5.319148936170213,78.72340425531915
E00111074,275,48,19,29,227,29,198,17.454545454545457,6.909090909090909,10.545454545454545,82.54545454545455,10.545454545454545,72
E00111075,275,25,11,14,250,35,215,9.090909090909092,4,5.090909090909091,90.9090909090909,12.727272727272727,78.18181818181819
E00111076,289,42,23,19,247,26,221,14.53287197231834,7.958477508650519,6.5743944636678195,85.46712802768167,8.996539792387544,76.47058823529412
E00111077,385,50,25,25,335,9,326,12.987012987012985,6.493506493506493,6.493506493506493,87.01298701298701,2.3376623376623376,84.67532467532467
E00111078,327,59,29,30,268,24,244,18.04281345565749,8.868501529051988,9.174311926605505,81.9571865443425,7.339449541284404,74.61773700305811
E00111079,313,49,21,28,264,23,241,15.654952076677317,6.7092651757188495,8.945686900958465,84.34504792332268,7.348242811501597,76.99680511182109
E00111080,195,53,17,36,142,14,128,27.17948717948718,8.717948717948717,18.461538461538463,72.82051282051282,7.179487179487179,65.64102564102564
E00111081,282,42,20,22,240,15,225,14.893617021276595,7.092198581560284,7.801418439716312,85.1063829787234,5.319148936170213,79.7872340425532
E00111082,386,76,25,51,310,26,284,19.689119170984455,6.476683937823833,13.21243523316062,80.31088082901555,6.7357512953367875,73.57512953367875
E00111083,416,75,30,45,341,24,317,18.028846153846153,7.211538461538461,10.817307692307693,81.97115384615384,5.769230769230769,76.20192307692307
E00111084,279,58,23,35,221,14,207,20.78853046594982,8.24372759856631,12.544802867383511,79.21146953405018,5.017921146953405,74.19354838709677
E00111085,454,66,40,26,388,23,365,14.537444933920703,8.81057268722467,5.726872246696035,85.46255506607929,5.066079295154185,80.39647577092511
E00111086,296,43,22,21,253,29,224,14.527027027027026,7.4324324324324325,7.094594594594595,85.47297297297297,9.797297297297296,75.67567567567568
E00111087,310,61,29,32,249,22,227,19.67741935483871,9.35483870967742,10.32258064516129,80.3225806451613,7.096774193548387,73.22580645161291
E00111088,384,67,22,45,317,15,302,17.447916666666664,5.729166666666666,11.71875,82.55208333333334,3.90625,78.64583333333334
E00111089,280,48,19,29,232,18,214,17.142857142857142,6.785714285714286,10.357142857142858,82.85714285714286,6.428571428571428,76.42857142857142
E00111090,308,42,18,24,266,26,240,13.636363636363635,5.844155844155844,7.792207792207792,86.36363636363636,8.441558441558442,77.92207792207793
E00111091,276,57,28,29,219,12,207,20.652173913043477,10.144927536231885,10.507246376811594,79.34782608695652,4.3478260869565215,75
E00111092,209,58,19,39,151,12,139,27.751196172248804,9.090909090909092,18.660287081339714,72.24880382775119,5.741626794258373,66.50717703349282
E00111093,356,60,25,35,296,35,261,16.853932584269664,7.02247191011236,9.831460674157304,83.14606741573034,9.831460674157304,73.31460674157303
E00111094,345,43,12,31,302,21,281,12.46376811594203,3.4782608695652173,8.985507246376812,87.53623188405797,6.086956521739131,81.44927536231884
E00111096,226,55,22,33,171,15,156,24.336283185840706,9.734513274336283,14.601769911504425,75.66371681415929,6.637168141592921,69.02654867256636
E00111097,359,48,18,30,311,20,291,13.370473537604457,5.013927576601671,8.356545961002785,86.62952646239555,5.571030640668524,81.05849582172702
E00111098,336,73,29,44,263,26,237,21.726190476190478,8.630952380952381,13.095238095238097,78.27380952380952,7.738095238095238,70.53571428571429
E00111099,279,79,38,41,200,13,187,28.31541218637993,13.620071684587815,14.695340501792115,71.68458781362007,4.659498207885305,67.02508960573476
E00111100,315,74,31,43,241,13,228,23.49206349206349,9.841269841269842,13.65079365079365,76.5079365079365,4.1269841269841265,72.38095238095238
E00111101,370,71,22,49,299,28,271,19.18918918918919,5.9459459459459465,13.243243243243244,80.8108108108108,7.567567567567568,73.24324324324324
E00111102,310,48,23,25,262,21,241,15.483870967741936,7.419354838709677,8.064516129032258,84.51612903225806,6.774193548387098,77.74193548387098
E00111103,337,119,68,51,218,15,203,35.311572700296736,20.178041543026705,15.133531157270031,64.68842729970326,4.451038575667656,60.23738872403561
E00111104,327,75,35,40,252,26,226,22.93577981651376,10.703363914373089,12.232415902140673,77.06422018348624,7.951070336391437,69.1131498470948
E00111105,379,45,17,28,334,28,306,11.87335092348285,4.485488126649076,7.387862796833773,88.12664907651715,7.387862796833773,80.73878627968337
E00111106,314,72,32,40,242,19,223,22.929936305732486,10.191082802547772,12.738853503184714,77.07006369426752,6.050955414012739,71.01910828025477
E00111107,322,52,26,26,270,21,249,16.149068322981368,8.074534161490684,8.074534161490684,83.85093167701864,6.521739130434782,77.32919254658384
E00111108,266,19,4,15,247,20,227,7.142857142857142,1.5037593984962405,5.639097744360902,92.85714285714286,7.518796992481203,85.33834586466166
E00111109,384,46,22,24,338,22,316,11.979166666666668,5.729166666666666,6.25,88.02083333333334,5.729166666666666,82.29166666666666
E00111110,360,57,29,28,303,14,289,15.833333333333332,8.055555555555555,7.777777777777778,84.16666666666667,3.888888888888889,80.27777777777779
E00170081,326,42,17,25,284,17,267,12.883435582822086,5.214723926380368,7.668711656441718,87.11656441717791,5.214723926380368,81.90184049079755
E00170083,297,34,10,24,263,12,251,11.447811447811448,3.3670033670033668,8.080808080808081,88.55218855218855,4.040404040404041,84.51178451178451
E00170084,550,69,24,45,481,36,445,12.545454545454545,4.363636363636364,8.181818181818182,87.45454545454545,6.545454545454546,80.9090909090909
E00170085,542,71,21,50,471,25,446,13.099630996309964,3.8745387453874542,9.22509225092251,86.90036900369003,4.612546125461255,82.28782287822878
E00170086,345,30,13,17,315,29,286,8.695652173913043,3.768115942028986,4.9275362318840585,91.30434782608695,8.405797101449275,82.89855072463767
E00170087,394,43,18,25,351,26,325,10.913705583756345,4.568527918781726,6.345177664974619,89.08629441624365,6.598984771573605,82.48730964467005
E00170088,262,24,6,18,238,14,224,9.16030534351145,2.2900763358778624,6.870229007633588,90.83969465648855,5.343511450381679,85.49618320610686
E00170089,276,27,6,21,249,19,230,9.782608695652174,2.1739130434782608,7.608695652173914,90.21739130434783,6.884057971014493,83.33333333333334
E00170090,300,26,7,19,274,10,264,8.666666666666668,2.3333333333333335,6.333333333333334,91.33333333333333,3.3333333333333335,88
E00182403,109,22,7,15,87,8,79,20.18348623853211,6.422018348623854,13.761467889908257,79.81651376146789,7.339449541284404,72.47706422018348
E00182408,281,12,3,9,269,18,251,4.270462633451958,1.0676156583629894,3.202846975088968,95.72953736654804,6.405693950177936,89.32384341637011
E00182411,293,41,16,25,252,21,231,13.993174061433447,5.460750853242321,8.532423208191126,86.00682593856655,7.167235494880546,78.839590443686
E00182422,348,24,3,21,324,22,302,6.896551724137931,0.8620689655172413,6.0344827586206895,93.10344827586206,6.321839080459771,86.7816091954023
E00182425,485,41,11,30,444,29,415,8.45360824742268,2.268041237113402,6.185567010309279,91.54639175257732,5.979381443298969,85.56701030927834
E00182432,510,48,22,26,462,34,428,9.411764705882353,4.313725490196078,5.098039215686274,90.58823529411765,6.666666666666667,83.92156862745098
E00182441,188,17,4,13,171,10,161,9.042553191489363,2.127659574468085,6.914893617021277,90.95744680851064,5.319148936170213,85.63829787234043
E00182442,255,36,16,20,219,13,206,14.117647058823529,6.2745098039215685,7.8431372549019605,85.88235294117646,5.098039215686274,80.7843137254902
E00182443,267,21,7,14,246,19,227,7.865168539325842,2.6217228464419478,5.2434456928838955,92.13483146067416,7.116104868913857,85.0187265917603
E00182455,357,47,16,31,310,27,283,13.165266106442578,4.481792717086835,8.683473389355742,86.83473389355743,7.563025210084033,79.27170868347339
E00182466,337,99,47,52,238,13,225,29.376854599406528,13.94658753709199,15.43026706231454,70.62314540059347,3.857566765578635,66.76557863501483
E00182467,261,56,24,32,205,21,184,21.455938697318008,9.195402298850574,12.260536398467432,78.544061302682,8.045977011494253,70.49808429118774
E00182472,294,63,24,39,231,20,211,21.428571428571427,8.16326530612245,13.26530612244898,78.57142857142857,6.802721088435375,71.7687074829932
E00182476,258,34,18,16,224,10,214,13.178294573643413,6.976744186046512,6.2015503875969,86.82170542635659,3.875968992248062,82.94573643410853
E00182482,334,48,21,27,286,14,272,14.37125748502994,6.287425149700598,8.08383233532934,85.62874251497006,4.191616766467066,81.437125748502993
E00182484,356,29,14,15,327,23,304,8.146067415730338,3.932584269662921,4.213483146067416,91.85393258426966,6.460674157303371,85.39325842696628
E00182486,132,15,6,9,117,4,113,11.363636363636363,4.545454545454546,6.8181818181818175,88.63636363636364,3.0303030303030303,85.60606060606061
E00182489,323,51,18,33,272,17,255,15.789473684210526,5.572755417956656,10.21671826625387,84.21052631578947,5.263157894736842,78.94736842105263
E00182490,456,60,17,43,396,18,378,13.157894736842104,3.7280701754385963,9.429824561403509,86.8421052631579,3.9473684210526314,82.89473684210526
E00182502,235,40,22,18,195,17,178,17.02127659574468,9.361702127659575,7.659574468085106,82.97872340425532,7.234042553191489,75.74468085106383
E00182505,212,41,22,19,171,17,154,19.339622641509436,10.377358490566039,8.962264150943396,80.66037735849056,8.018867924528301,72.64150943396226
E00182507,118,7,1,6,111,5,106,5.932203389830509,0.847457627118644,5.084745762711865,94.0677966101695,4.23728813559322,89.83050847457628
E00182509,156,19,7,12,137,10,127,12.179487179487179,4.487179487179487,7.6923076923076925,87.82051282051282,6.41025641025641,81.41025641025641
E00182511,617,35,14,21,582,44,538,5.6726094003241485,2.2690437601296596,3.403565640194489,94.32739059967585,7.13128038897893,87.19611021069692
E00182513,599,59,10,49,540,30,510,9.84974958263773,1.669449081803005,8.180300500834726,90.15025041736226,5.008347245409015,85.14190317195326
E00182520,388,42,4,38,346,19,327,10.824742268041238,1.0309278350515463,9.793814432989691,89.17525773195877,4.896907216494846,84.27835051546391
E00182521,116,34,19,15,82,3,79,29.310344827586203,16.379310344827587,12.931034482758621,70.6896551724138,2.586206896551724,68.10344827586206
E00182522,319,22,5,17,297,12,285,6.896551724137931,1.5673981191222568,5.329153605015674,93.10344827586206,3.761755485893417,89.34169278996865
E00182524,451,26,5,21,425,24,401,5.764966740576496,1.1086474501108647,4.656319290465632,94.2350332594235,5.321507760532151,88.91352549889136
