OA,ts0380001,ts0380002,ts0380003,ts0380004,ts0380005,ts0380006,ts0380007,ts0380002_PCT,ts0380003_PCT,ts0380004_PCT,ts0380005_PCT,ts0380006_PCT,ts0380007_PCT
E00099099,284,64,22,42,220,11,209,22.535211267605636,7.746478873239436,14.788732394366196,77.46478873239437,3.873239436619718,73.59154929577466
E00099100,261,35,16,19,226,19,207,13.409961685823754,6.130268199233716,7.2796934865900385,86.59003831417624,7.2796934865900385,79.3103448275862
E00099101,351,56,18,38,295,26,269,15.954415954415953,5.128205128205128,10.826210826210826,84.04558404558404,7.4074074074074066,76.63817663817663
E00099102,296,72,43,29,224,27,197,24.324324324324326,14.527027027027026,9.797297297297296,75.67567567567568,9.121621621621621,66.55405405405406
E00099103,374,78,31,47,296,12,284,20.855614973262032,8.288770053475936,12.566844919786096,79.14438502673798,3.2085561497326207,75.93582887700535
E00099104,291,67,28,39,224,24,200,23.02405498281787,9.621993127147768,13.402061855670103,76.97594501718214,8.24742268041237,68.72852233676976
E00099105,195,29,10,19,166,16,150,14.871794871794872,5.128205128205128,9.7435897435897445,85.12820512820512,8.205128205128204,76.92307692307693
E00099106,224,45,21,24,179,23,156,20.089285714285715,9.375,10.714285714285714,79.91071428571429,10.267857142857142,69.64285714285714
E00099107,399,93,41,52,306,18,288,23.308270676691727,10.275689223057643,13.032581453634084,76.69172932330827,4.511278195488721,72.18045112781954
E00099108,323,70,32,38,253,18,235,21.671826625387,9.907120743034056,11.76470588235294,78.328173374613,5.572755417956656,72.75541795665634
E00099109,234,50,14,36,184,14,170,21.367521367521366,5.982905982905983,15.384615384615385,78.63247863247864,5.982905982905983,72.64957264957265
E00099110,233,37,17,20,196,12,184,15.879828326180256,7.296137339055794,8.583690987124463,84.12017167381974,5.150214592274678,78.96995708154506
E00099111,254,26,6,20,228,20,208,10.236220472440944,2.3622047244094486,7.874015748031496,89.76377952755905,7.874015748031496,81.88976377952756
E00099112,345,53,17,36,292,26,266,15.36231884057971,4.9275362318840585,10.434782608695652,84.63768115942028,7.536231884057972,77.10144927536233
E00099113,504,102,31,71,402,46,356,20.238095238095237,6.15079365079365,14.087301587301587,79.76190476190477,9.126984126984127,70.63492063492063
E00099115,270,50,14,36,220,24,196,18.51851851851852,5.185185185185185,13.333333333333334,81.48148148148148,8.88888888888889,72.5925925925926
E00099117,310,62,21,41,248,25,223,20,6.774193548387098,13.225806451612904,80,8.064516129032258,71.93548387096774
E00099118,411,58,19,39,353,31,322,14.111922141119221,4.622871046228711,9.48905109489051,85.88807785888078,7.542579075425791,78.34549878345499
E00099119,340,45,22,23,295,24,271,13.23529411764706,6.470588235294119,6.764705882352941,86.76470588235294,7.0588235294117645,79.70588235294119
E00099120,578,67,18,49,511,45,466,11.591695501730104,3.1141868512110724,8.477508650519031,88.4083044982699,7.7854671280276815,80.62283737024222
E00099121,310,70,28,42,240,33,207,22.58064516129032,9.032258064516128,13.548387096774196,77.41935483870968,10.64516129032258,66.77419354838709
E00099122,263,88,42,46,175,14,161,33.460076045627375,15.96958174904943,17.490494296577946,66.53992395437263,5.323193916349809,61.21673003802282
E00099123,356,65,29,36,291,14,277,18.258426966292134,8.146067415730338,10.112359550561797,81.74157303370787,3.932584269662921,77.80898876404494
E00099124,362,68,28,40,294,25,269,18.784530386740332,7.734806629834254,11.049723756906078,81.21546961325967,6.906077348066299,74.30939226519338
E00099125,222,52,16,36,170,14,156,23.423423423423422,7.207207207207207,16.216216216216218,76.57657657657657,6.306306306306306,70.27027027027027
E00099126,280,55,15,40,225,16,209,19.642857142857142,5.357142857142857,14.285714285714285,80.35714285714286,5.714285714285714,74.64285714285714
E00099127,260,92,57,35,168,19,149,35.38461538461539,21.923076923076923,13.461538461538462,64.61538461538461,7.307692307692308,57.30769230769231
E00099128,304,87,47,40,217,19,198,28.618421052631575,15.460526315789474,13.157894736842104,71.38157894736842,6.25,65.13157894736842
E00099129,250,52,21,31,198,26,172,20.8,8.4,12.4,79.2,10.4,68.8
E00099130,191,68,37,31,123,19,104,35.602094240837694,19.3717277486911,16.230366492146597,64.3979057591623,9.947643979057592,54.45026178010471
E00099131,163,43,19,24,120,19,101,26.380368098159508,11.65644171779141,14.723926380368098,73.61963190184049,11.65644171779141,61.963190184049076
E00099132,223,59,28,31,164,18,146,26.45739910313901,12.556053811659194,13.901345291479823,73.54260089686099,8.071748878923767,65.47085201793722
E00099133,318,74,32,42,244,17,227,23.270440251572328,10.062893081761008,13.20754716981132,76.72955974842768,5.345911949685535,71.38364779874213
E00099134,241,50,26,24,191,19,172,20.74688796680498,10.78838174273859,9.95850622406639,79.25311203319502,7.883817427385892,71.36929460580913
E00099135,223,50,16,34,173,19,154,22.421524663677133,7.174887892376682,15.246636771300448,77.57847533632287,8.520179372197308,69.05829596412556
E00099136,248,52,17,35,196,15,181,20.967741935483872,6.854838709677419,14.112903225806454,79.03225806451613,6.048387096774194,72.98387096774194
E00099137,281,44,11,33,237,30,207,15.658362989323843,3.9145907473309607,11.743772241992882,84.34163701067615,10.676156583629894,73.66548042704626
E00099138,199,34,6,28,165,21,144,17.08542713567839,3.015075376884422,14.07035175879397,82.91457286432161,10.552763819095476,72.36180904522614
E00099139,235,55,21,34,180,20,160,23.404255319148938,8.936170212765958,14.468085106382977,76.59574468085107,8.51063829787234,68.08510638297872
E00099140,358,64,18,46,294,27,267,17.877094972067038,5.027932960893855,12.849162011173185,82.12290502793296,7.5418994413407825,74.58100558659217
E00099141,262,37,14,23,225,24,201,14.122137404580155,5.343511450381679,8.778625954198473,85.87786259541986,9.16030534351145,76.7175572519084
E00099142,219,49,22,27,170,24,146,22.37442922374429,10.045662100456621,12.32876712328767,77.6255707762557,10.95890410958904,66.66666666666666
E00099143,278,42,17,25,236,30,206,15.107913669064748,6.115107913669065,8.992805755395683,84.89208633093526,10.79136690647482,74.10071942446042
E00099144,301,59,25,34,242,24,218,19.601328903654487,8.305647840531561,11.295681063122924,80.39867109634552,7.973421926910299,72.42524916943522
E00099145,269,57,23,34,212,23,189,21.189591078066915,8.550185873605948,12.639405204460965,78.81040892193309,8.550185873605948,70.26022304832715
E00099146,299,42,10,32,257,26,231,14.046822742474916,3.3444816053511706,10.702341137123746,85.95317725752508,8.695652173913043,77.25752508361204
E00099150,447,68,25,43,379,46,333,15.212527964205815,5.592841163310962,9.619686800894854,84.78747203579418,10.290827740492169,74.49664429530202
E00099151,466,61,20,41,405,33,372,13.090128755364807,4.291845493562231,8.798283261802576,86.9098712446352,7.081545064377683,79.82832618025752
E00099152,490,62,22,40,428,41,387,12.653061224489795,4.489795918367347,8.16326530612245,87.34693877551021,8.36734693877551,78.9795918367347
E00099153,215,27,10,17,188,17,171,12.558139534883722,4.651162790697675,7.906976744186046,87.44186046511628,7.906976744186046,79.53488372093022
E00099154,384,57,22,35,327,22,305,14.84375,5.729166666666666,9.114583333333332,85.15625,5.729166666666666,79.42708333333334
E00099155,225,25,10,15,200,21,179,11.11111111111111,4.444444444444445,6.666666666666667,88.88888888888889,9.333333333333334,79.55555555555556
E00099156,198,28,7,21,170,23,147,14.14141414141414,3.535353535353535,10.606060606060606,85.85858585858585,11.616161616161616,74.24242424242425
E00099157,252,57,26,31,195,20,175,22.61904761904762,10.317460317460316,12.3015873015873,77.38095238095238,7.936507936507936,69.44444444444444
E00099158,401,56,22,34,345,29,316,13.96508728179551,5.486284289276807,8.478802992518704,86.0349127182045,7.231920199501247,78.80299251870323
E00099159,185,18,8,10,167,18,149,9.72972972972973,4.324324324324325,5.405405405405405,90.27027027027027,9.72972972972973,80.54054054054053
E00099160,234,48,22,26,186,20,166,20.51282051282051,9.401709401709402,11.11111111111111,79.48717948717949,8.547008547008547,70.94017094017094
E00099161,283,44,18,26,239,28,211,15.547703180212014,6.36042402826855,9.187279151943462,84.45229681978799,9.89399293286219,74.55830388692578
E00099162,158,21,8,13,137,7,130,13.291139240506327,5.063291139240507,8.227848101265822,86.70886075949366,4.430379746835443,82.27848101265823
E00099163,110,15,4,11,95,7,88,13.636363636363635,3.6363636363636362,10,86.36363636363636,6.363636363636363,80
E00099164,314,61,17,44,253,30,223,19.426751592356688,5.414012738853503,14.012738853503185,80.57324840764332,9.554140127388536,71.01910828025477
E00099165,235,29,10,19,206,26,180,12.340425531914894,4.25531914893617,8.085106382978724,87.65957446808511,11.063829787234042,76.59574468085107
E00099166,239,53,20,33,186,23,163,22.17573221757322,8.368200836820083,13.807531380753138,77.82426778242679,9.623430962343097,68.20083682008368
E00099167,357,71,23,48,286,31,255,19.88795518207283,6.442577030812324,13.445378151260504,80.11204481792717,8.683473389355742,71.42857142857143
E00099168,356,42,17,25,314,27,287,11.797752808988763,4.775280898876404,7.02247191011236,88.20224719101124,7.584269662921349,80.6179775280899
E00099169,260,31,4,27,229,28,201,11.923076923076923,1.5384615384615385,10.384615384615385,88.07692307692308,10.76923076923077,77.3076923076923
E00099170,341,62,21,41,279,33,246,18.181818181818183,6.158357771260997,12.023460410557185,81.81818181818183,9.67741935483871,72.14076246334311
E00099171,304,52,20,32,252,26,226,17.105263157894736,6.578947368421052,10.526315789473683,82.89473684210526,8.552631578947368,74.3421052631579
E00099172,267,53,17,36,214,22,192,19.850187265917604,6.367041198501873,13.48314606741573,80.14981273408239,8.239700374531834,71.91011235955057
E00099173,157,24,10,14,133,11,122,15.286624203821656,6.369426751592357,8.9171974522293,84.71337579617835,7.006369426751593,77.70700636942675
E00099174,138,23,9,14,115,12,103,16.666666666666664,6.521739130434782,10.144927536231885,83.33333333333334,8.695652173913043,74.63768115942028
E00099175,141,17,3,14,124,12,112,12.056737588652481,2.127659574468085,9.929078014184398,87.94326241134752,8.51063829787234,79.43262411347519
E00099176,311,60,19,41,251,24,227,19.292604501607716,6.109324758842444,13.183279742765272,80.70739549839229,7.717041800643088,72.9903536977492
E00099177,280,48,17,31,232,33,199,17.142857142857142,6.071428571428571,11.071428571428571,82.85714285714286,11.785714285714285,71.07142857142857
E00099178,196,40,15,25,156,14,142,20.408163265306122,7.653061224489796,12.755102040816327,79.59183673469387,7.142857142857142,72.44897959183673
E00099179,240,33,11,22,207,16,191,13.750000000000002,4.583333333333333,9.166666666666666,86.25,6.666666666666667,79.58333333333333
E00099180,163,21,7,14,142,12,130,12.883435582822086,4.294478527607362,8.588957055214724,87.11656441717791,7.361963190184049,79.75460122699386
E00099181,241,43,15,28,198,20,178,17.842323651452283,6.224066390041494,11.618257261410788,82.15767634854771,8.29875518672199,73.85892116182573
E00099182,201,24,8,16,177,24,153,11.940298507462686,3.9800995024875623,7.960199004975125,88.05970149253731,11.940298507462686,76.11940298507463
E00099183,210,34,12,22,176,15,161,16.19047619047619,5.714285714285714,10.476190476190476,83.80952380952381,7.142857142857142,76.66666666666667
E00099184,235,46,13,33,189,24,165,19.574468085106382,5.531914893617021,14.042553191489363,80.42553191489363,10.212765957446807,70.2127659574468
E00099185,523,107,58,49,416,44,372,20.45889101338432,11.089866156787762,9.369024856596559,79.54110898661568,8.413001912045889,71.1281070745698
E00099186,313,35,9,26,278,34,244,11.182108626198083,2.8753993610223643,8.30670926517572,88.81789137380191,10.86261980830671,77.95527156549521
E00099187,272,57,23,34,215,16,199,20.955882352941178,8.455882352941178,12.5,79.04411764705883,5.88235294117647,73.16176470588235
E00099188,274,64,21,43,210,19,191,23.357664233576642,7.664233576642336,15.693430656934307,76.64233576642336,6.934306569343065,69.7080291970803
E00099189,207,48,21,27,159,16,143,23.18840579710145,10.144927536231885,13.043478260869565,76.81159420289855,7.729468599033816,69.08212560386472
E00099190,324,72,32,40,252,25,227,22.22222222222222,9.876543209876543,12.345679012345679,77.77777777777779,7.716049382716049,70.06172839506173
E00099191,253,41,15,26,212,24,188,16.205533596837945,5.928853754940711,10.276679841897234,83.79446640316206,9.486166007905137,74.30830039525692
E00099192,215,51,15,36,164,17,147,23.72093023255814,6.976744186046512,16.74418604651163,76.27906976744187,7.906976744186046,68.37209302325581
E00099193,470,124,51,73,346,40,306,26.382978723404253,10.851063829787234,15.53191489361702,73.61702127659574,8.51063829787234,65.1063829787234
E00099194,453,130,83,47,323,34,289,28.697571743929362,18.322295805739515,10.375275938189846,71.30242825607064,7.505518763796909,63.796909492273734
E00099195,210,48,20,28,162,10,152,22.857142857142858,9.523809523809524,13.333333333333334,77.14285714285715,4.761904761904762,72.38095238095238
E00099196,374,60,24,36,314,35,279,16.042780748663102,6.417112299465241,9.62566844919786,83.9572192513369,9.358288770053475,74.59893048128342
E00099197,271,74,22,52,197,21,176,27.30627306273063,8.118081180811808,19.18819188191882,72.69372693726937,7.7490774907749085,64.94464944649447
E00099198,174,35,15,20,139,19,120,20.114942528735632,8.620689655172415,11.494252873563218,79.88505747126436,10.919540229885058,68.96551724137932
E00099199,224,42,22,20,182,28,154,18.75,9.821428571428571,8.928571428571429,81.25,12.5,68.75
E00099200,250,28,6,22,222,22,200,11.200000000000001,2.4,8.799999999999999,88.8,8.799999999999999,80
E00099201,267,38,9,29,229,33,196,14.232209737827715,3.3707865168539324,10.861423220973784,85.76779026217228,12.359550561797752,73.40823970037454
E00099202,116,19,5,14,97,17,80,16.379310344827587,4.310344827586207,12.068965517241379,83.62068965517241,14.655172413793101,68.96551724137932
E00099203,182,27,13,14,155,15,140,14.835164835164836,7.142857142857142,7.6923076923076925,85.16483516483517,8.241758241758241,76.92307692307693
E00099204,170,83,51,32,87,10,77,48.8235294117647,30,18.823529411764707,51.17647058823529,5.88235294117647,45.294117647058826
E00099205,129,17,5,12,112,7,105,13.178294573643413,3.875968992248062,9.30232558139535,86.82170542635659,5.426356589147287,81.3953488372093
E00099206,183,33,11,22,150,6,144,18.0327868852459,6.0109289617486334,12.021857923497267,81.9672131147541,3.278688524590164,78.68852459016394
E00099207,426,78,25,53,348,22,326,18.30985915492958,5.868544600938967,12.44131455399061,81.69014084507043,5.164319248826291,76.52582159624414
E00099208,132,25,11,14,107,14,93,18.939393939393938,8.333333333333332,10.606060606060606,81.06060606060606,10.606060606060606,70.45454545454545
E00099209,320,52,18,34,268,27,241,16.25,5.625,10.625,83.75,8.4375,75.3125
E00099210,114,25,12,13,89,6,83,21.929824561403507,10.526315789473683,11.403508771929824,78.0701754385965,5.263157894736842,72.80701754385966
E00099211,140,9,5,4,131,14,117,6.428571428571428,3.571428571428571,2.857142857142857,93.57142857142857,10,83.57142857142857
E00099212,134,24,6,18,110,14,96,17.91044776119403,4.477611940298507,13.432835820895523,82.08955223880598,10.44776119402985,71.64179104477611
E00099213,459,53,17,36,406,43,363,11.546840958605664,3.7037037037037033,7.8431372549019605,88.45315904139433,9.368191721132897,79.08496732026144
E00099214,384,64,31,33,320,23,297,16.666666666666664,8.072916666666668,8.59375,83.33333333333334,5.989583333333334,77.34375
E00099215,261,47,15,32,214,18,196,18.007662835249043,5.747126436781609,12.260536398467432,81.99233716475096,6.896551724137931,75.09578544061303
E00099216,423,48,17,31,375,37,338,11.347517730496454,4.0189125295508275,7.328605200945626,88.65248226950354,8.747044917257684,79.90543735224587
E00099217,240,49,17,32,191,27,164,20.416666666666668,7.083333333333333,13.333333333333334,79.58333333333333,11.25,68.33333333333333
E00099219,191,22,11,11,169,8,161,11.518324607329843,5.7591623036649215,5.7591623036649215,88.48167539267016,4.18848167539267,84.29319371727748
E00099220,297,47,13,34,250,24,226,15.824915824915825,4.377104377104377,11.447811447811448,84.17508417508418,8.080808080808081,76.0942760942761
E00099221,198,28,13,15,170,12,158,14.14141414141414,6.565656565656567,7.575757575757576,85.85858585858585,6.0606060606060606,79.7979797979798
E00099222,355,63,22,41,292,25,267,17.74647887323944,6.197183098591549,11.549295774647888,82.25352112676056,7.042253521126761,75.21126760563381
E00099223,300,59,20,39,241,31,210,19.666666666666664,6.666666666666667,13,80.33333333333333,10.333333333333334,70
E00099224,244,38,12,26,206,24,182,15.573770491803279,4.918032786885246,10.655737704918032,84.42622950819673,9.836065573770492,74.59016393442623
E00099225,258,42,11,31,216,22,194,16.27906976744186,4.263565891472868,12.015503875968992,83.72093023255815,8.527131782945736,75.1937984496124
E00099226,451,83,30,53,368,44,324,18.403547671840354,6.651884700665188,11.751662971175167,81.59645232815964,9.75609756097561,71.84035476718404
E00099227,362,61,20,41,301,34,267,16.85082872928177,5.524861878453039,11.32596685082873,83.14917127071824,9.392265193370166,73.75690607734806
E00099228,157,26,9,17,131,11,120,16.560509554140125,5.7324840764331215,10.828025477707007,83.43949044585987,7.006369426751593,76.43312101910828
E00099229,296,42,9,33,254,27,227,14.18918918918919,3.040540540540541,11.14864864864865,85.8108108108108,9.121621621621621,76.6891891891892
E00099230,292,61,21,40,231,40,191,20.89041095890411,7.191780821917808,13.698630136986301,79.1095890410959,13.698630136986301,65.41095890410958
E00099231,294,53,24,29,241,23,218,18.027210884353742,8.16326530612245,9.863945578231291,81.97278911564626,7.8231292517006805,74.14965986394559
E00099232,288,35,9,26,253,28,225,12.152777777777777,3.125,9.027777777777777,87.84722222222221,9.722222222222223,78.125
E00099233,196,29,13,16,167,15,152,14.795918367346939,6.63265306122449,8.16326530612245,85.20408163265306,7.653061224489796,77.55102040816327
E00099234,352,94,51,43,258,28,230,26.704545454545453,14.488636363636365,12.215909090909092,73.29545454545455,7.954545454545454,65.3409090909091
E00099235,230,45,17,28,185,16,169,19.565217391304348,7.391304347826087,12.173913043478262,80.43478260869566,6.956521739130435,73.47826086956522
E00099236,241,28,5,23,213,18,195,11.618257261410788,2.0746887966804977,9.54356846473029,88.38174273858921,7.468879668049793,80.91286307053942
E00099237,260,35,3,32,225,32,193,13.461538461538462,1.153846153846154,12.307692307692308,86.53846153846155,12.307692307692308,74.23076923076923
E00099238,297,38,8,30,259,37,222,12.794612794612794,2.6936026936026933,10.1010101010101,87.20538720538721,12.457912457912458,74.74747474747475
E00099239,165,22,10,12,143,5,138,13.333333333333334,6.0606060606060606,7.2727272727272725,86.66666666666667,3.0303030303030303,83.63636363636363
E00099240,187,24,5,19,163,23,140,12.834224598930483,2.6737967914438503,10.16042780748663,87.16577540106952,12.299465240641712,74.8663101604278
E00099241,330,58,15,43,272,25,247,17.575757575757574,4.545454545454546,13.030303030303031,82.42424242424242,7.575757575757576,74.84848484848486
E00099242,196,32,10,22,164,23,141,16.3265306122449,5.1020408163265305,11.224489795918368,83.6734693877551,11.73469387755102,71.93877551020408
E00099243,244,37,21,16,207,14,193,15.163934426229508,8.60655737704918,6.557377049180328,84.8360655737705,5.737704918032787,79.09836065573771
E00099244,200,36,14,22,164,17,147,18,7.000000000000001,11,82,8.5,73.5
E00099245,245,37,18,19,208,24,184,15.10204081632653,7.346938775510205,7.755102040816326,84.89795918367346,9.795918367346939,75.10204081632654
E00099246,290,44,19,25,246,18,228,15.172413793103448,6.551724137931035,8.620689655172415,84.82758620689656,6.206896551724138,78.62068965517241
E00099247,134,24,9,15,110,12,98,17.91044776119403,6.7164179104477615,11.194029850746269,82.08955223880598,8.955223880597014,73.13432835820896
E00099248,308,45,12,33,263,19,244,14.61038961038961,3.896103896103896,10.714285714285714,85.3896103896104,6.1688311688311686,79.22077922077922
E00099249,229,31,18,13,198,20,178,13.537117903930133,7.860262008733625,5.676855895196507,86.46288209606988,8.73362445414847,77.72925764192141
E00099250,263,63,24,39,200,23,177,23.954372623574145,9.125475285171103,14.82889733840304,76.04562737642586,8.745247148288973,67.30038022813687
E00099251,264,32,10,22,232,18,214,12.121212121212121,3.787878787878788,8.333333333333332,87.87878787878788,6.8181818181818175,81.06060606060606
E00099252,213,52,25,27,161,25,136,24.413145539906104,11.737089201877934,12.676056338028168,75.5868544600939,11.737089201877934,63.84976525821596
E00099253,108,18,5,13,90,4,86,16.666666666666664,4.62962962962963,12.037037037037036,83.33333333333334,3.7037037037037033,79.62962962962963
E00099255,202,49,19,30,153,10,143,24.257425742574256,9.405940594059405,14.85148514851485,75.74257425742574,4.9504950495049505,70.79207920792079
E00099256,185,16,1,15,169,19,150,8.64864864864865,0.5405405405405406,8.108108108108109,91.35135135135135,10.27027027027027,81.08108108108108
E00099260,318,63,20,43,255,34,221,19.81132075471698,6.289308176100629,13.522012578616351,80.18867924528303,10.69182389937107,69.49685534591194
E00099261,113,16,4,12,97,13,84,14.15929203539823,3.5398230088495577,10.619469026548673,85.84070796460178,11.504424778761061,74.33628318584071
E00099262,276,42,20,22,234,22,212,15.217391304347828,7.246376811594203,7.971014492753622,84.78260869565217,7.971014492753622,76.81159420289855
E00099263,277,41,13,28,236,19,217,14.801444043321299,4.693140794223827,10.108303249097473,85.1985559566787,6.859205776173286,78.33935018050542
E00099264,222,25,11,14,197,10,187,11.26126126126126,4.954954954954955,6.306306306306306,88.73873873873875,4.504504504504505,84.23423423423422
E00099265,256,49,24,25,207,22,185,19.140625,9.375,9.765625,80.859375,8.59375,72.265625
E00099266,314,65,19,46,249,37,212,20.70063694267516,6.050955414012739,14.64968152866242,79.29936305732484,11.78343949044586,67.51592356687898
E00099267,334,60,21,39,274,30,244,17.964071856287426,6.287425149700598,11.676646706586826,82.03592814371258,8.982035928143713,73.05389221556887
E00099268,268,71,29,42,197,21,176,26.492537313432834,10.820895522388058,15.671641791044777,73.50746268656717,7.835820895522389,65.67164179104478
E00099269,219,54,17,37,165,15,150,24.65753424657534,7.76255707762557,16.894977168949772,75.34246575342466,6.8493150684931505,68.4931506849315
E00099274,286,38,14,24,248,29,219,13.286713286713287,4.895104895104895,8.391608391608392,86.7132867132867,10.13986013986014,76.57342657342657
E00099275,291,53,16,37,238,28,210,18.213058419243985,5.498281786941581,12.714776632302405,81.78694158075601,9.621993127147768,72.16494845360825
E00099276,288,48,13,35,240,22,218,16.666666666666664,4.513888888888888,12.152777777777777,83.33333333333334,7.638888888888889,75.69444444444444
E00099277,396,93,26,67,303,36,267,23.484848484848484,6.565656565656567,16.91919191919192,76.51515151515152,9.090909090909092,67.42424242424242
E00099278,262,45,12,33,217,38,179,17.17557251908397,4.580152671755725,12.595419847328243,82.82442748091603,14.50381679389313,68.32061068702289
E00099279,281,33,10,23,248,28,220,11.743772241992882,3.558718861209965,8.185053380782918,88.25622775800713,9.9644128113879,78.29181494661923
E00099280,346,97,48,49,249,26,223,28.034682080924856,13.872832369942195,14.16184971098266,71.96531791907515,7.514450867052023,64.45086705202311
E00099281,181,51,20,31,130,20,110,28.176795580110497,11.049723756906078,17.12707182320442,71.8232044198895,11.049723756906078,60.773480662983424
E00099282,270,67,25,42,203,18,185,24.814814814814813,9.25925925925926,15.555555555555555,75.18518518518519,6.666666666666667,68.51851851851852
E00099283,393,77,28,49,316,26,290,19.59287531806616,7.124681933842239,12.46819338422392,80.40712468193384,6.615776081424936,73.79134860050891
E00099284,537,105,41,64,432,40,392,19.553072625698324,7.635009310986965,11.91806331471136,80.44692737430168,7.4487895716946,72.99813780260708
E00099285,310,47,11,36,263,37,226,15.161290322580644,3.5483870967741935,11.612903225806452,84.83870967741936,11.935483870967742,72.90322580645162
E00099286,289,61,20,41,228,29,199,21.10726643598616,6.920415224913495,14.186851211072666,78.89273356401384,10.034602076124568,68.85813148788927
E00099287,289,39,11,28,250,25,225,13.494809688581316,3.8062283737024223,9.688581314878892,86.50519031141869,8.650519031141869,77.85467128027682
E00099288,263,51,21,30,212,18,194,19.39163498098859,7.984790874524715,11.406844106463879,80.6083650190114,6.844106463878327,73.76425855513308
E00099289,264,48,11,37,216,23,193,18.181818181818183,4.166666666666666,14.015151515151514,81.81818181818183,8.712121212121213,73.10606060606061
E00099290,184,54,24,30,130,18,112,29.347826086956523,13.043478260869565,16.304347826086957,70.65217391304348,9.782608695652174,60.86956521739131
E00099291,282,50,18,32,232,15,217,17.73049645390071,6.382978723404255,11.347517730496454,82.26950354609929,5.319148936170213,76.95035460992908
E00099292,405,98,40,58,307,24,283,24.19753086419753,9.876543209876543,14.320987654320987,75.80246913580247,5.9259259259259265,69.87654320987654
E00099293,375,108,52,56,267,19,248,28.799999999999997,13.866666666666665,14.933333333333335,71.2,5.066666666666666,66.13333333333333
E00099294,266,52,15,37,214,27,187,19.548872180451127,5.639097744360902,13.909774436090224,80.45112781954887,10.150375939849624,70.30075187969925
E00099295,546,78,21,57,468,61,407,14.285714285714285,3.8461538461538463,10.43956043956044,85.71428571428571,11.172161172161173,74.54212454212454
E00099296,404,110,62,48,294,28,266,27.22772277227723,15.346534653465346,11.881188118811881,72.77227722772277,6.9306930693069315,65.84158415841584
E00099297,279,77,31,46,202,24,178,27.598566308243726,11.11111111111111,16.48745519713262,72.40143369175627,8.60215053763441,63.799283154121866
E00099298,303,82,34,48,221,15,206,27.062706270627064,11.221122112211221,15.841584158415841,72.93729372937293,4.9504950495049505,67.98679867986799
E00099299,284,65,30,35,219,25,194,22.887323943661972,10.56338028169014,12.323943661971832,77.11267605633803,8.80281690140845,68.30985915492957
E00099300,229,84,42,42,145,14,131,36.681222707423586,18.340611353711793,18.340611353711793,63.31877729257642,6.11353711790393,57.20524017467249
E00099301,254,47,18,29,207,25,182,18.503937007874015,7.086614173228346,11.41732283464567,81.49606299212599,9.84251968503937,71.65354330708661
E00099302,222,43,18,25,179,15,164,19.36936936936937,8.108108108108109,11.26126126126126,80.63063063063063,6.756756756756757,73.87387387387388
E00099303,262,50,17,33,212,19,193,19.083969465648856,6.488549618320611,12.595419847328243,80.91603053435115,7.251908396946565,73.66412213740458
E00099304,387,64,30,34,323,37,286,16.5374677002584,7.751937984496124,8.785529715762273,83.4625322997416,9.560723514211885,73.90180878552972
E00099305,341,54,16,38,287,28,259,15.835777126099707,4.69208211143695,11.143695014662756,84.1642228739003,8.211143695014663,75.95307917888563
E00099306,248,46,15,31,202,37,165,18.548387096774192,6.048387096774194,12.5,81.45161290322581,14.919354838709678,66.53225806451613
E00099307,299,45,17,28,254,26,228,15.050167224080269,5.68561872909699,9.364548494983277,84.94983277591973,8.695652173913043,76.2541806020067
E00099308,325,57,18,39,268,30,238,17.53846153846154,5.538461538461538,12,82.46153846153847,9.230769230769232,73.23076923076923
E00099309,304,55,20,35,249,26,223,18.092105263157894,6.578947368421052,11.513157894736842,81.9078947368421,8.552631578947368,73.35526315789474
E00099310,312,37,12,25,275,34,241,11.858974358974358,3.8461538461538463,8.012820512820513,88.14102564102564,10.897435897435898,77.24358974358975
E00099311,219,43,13,30,176,17,159,19.63470319634703,5.93607305936073,13.698630136986301,80.36529680365297,7.76255707762557,72.6027397260274
E00099312,493,72,20,52,421,30,391,14.60446247464503,4.056795131845842,10.547667342799189,85.39553752535497,6.085192697768763,79.3103448275862
E00099313,304,36,9,27,268,23,245,11.842105263157894,2.9605263157894735,8.881578947368421,88.1578947368421,7.565789473684211,80.5921052631579
E00099314,406,48,17,31,358,45,313,11.822660098522167,4.1871921182266005,7.635467980295567,88.17733990147784,11.083743842364532,77.0935960591133
E00099315,328,51,16,35,277,30,247,15.548780487804878,4.878048780487805,10.670731707317072,84.45121951219512,9.146341463414634,75.3048780487805
E00099316,327,58,21,37,269,33,236,17.737003058103976,6.422018348623854,11.314984709480122,82.26299694189603,10.091743119266056,72.17125382262996
E00099317,324,36,8,28,288,21,267,11.11111111111111,2.4691358024691357,8.641975308641975,88.88888888888889,6.481481481481481,82.4074074074074
E00099318,267,57,25,32,210,19,191,21.34831460674157,9.363295880149813,11.985018726591761,78.65168539325843,7.116104868913857,71.53558052434457
E00099319,256,38,10,28,218,19,199,14.84375,3.90625,10.9375,85.15625,7.421875,77.734375
E00099320,320,56,13,43,264,14,250,17.5,4.0625,13.4375,82.5,4.375,78.125
E00099321,262,66,30,36,196,13,183,25.190839694656486,11.450381679389313,13.740458015267176,74.80916030534351,4.961832061068702,69.8473282442748
E00099322,243,45,18,27,198,23,175,18.51851851851852,7.4074074074074066,11.11111111111111,81.48148148148148,9.465020576131687,72.0164609053498
E00099323,255,41,12,29,214,28,186,16.07843137254902,4.705882352941177,11.372549019607844,83.92156862745098,10.980392156862745,72.94117647058823
E00099324,284,45,15,30,239,29,210,15.845070422535212,5.28169014084507,10.56338028169014,84.15492957746478,10.211267605633804,73.94366197183099
E00099325,281,43,14,29,238,17,221,15.302491103202847,4.98220640569395,10.320284697508896,84.69750889679716,6.049822064056939,78.64768683274022
E00099326,205,20,10,10,185,7,178,9.75609756097561,4.878048780487805,4.878048780487805,90.2439024390244,3.414634146341464,86.82926829268293
E00099327,233,37,16,21,196,21,175,15.879828326180256,6.866952789699571,9.012875536480687,84.12017167381974,9.012875536480687,75.10729613733905
E00099328,386,68,28,40,318,32,286,17.616580310880828,7.253886010362693,10.362694300518134,82.38341968911918,8.290155440414509,74.09326424870466
E00099329,361,84,42,42,277,42,235,23.26869806094183,11.634349030470915,11.634349030470915,76.73130193905817,11.634349030470915,65.09695290858726
E00099330,303,55,24,31,248,26,222,18.151815181518153,7.920792079207921,10.231023102310232,81.84818481848185,8.58085808580858,73.26732673267327
E00099331,367,86,31,55,281,39,242,23.43324250681199,8.446866485013624,14.986376021798364,76.566757493188,10.626702997275205,65.9400544959128
E00099332,183,34,20,14,149,13,136,18.579234972677597,10.92896174863388,7.650273224043716,81.4207650273224,7.103825136612022,74.31693989071039
E00099333,356,28,14,14,328,43,285,7.865168539325842,3.932584269662921,3.932584269662921,92.13483146067416,12.07865168539326,80.0561797752809
E00099334,258,42,12,30,216,34,182,16.27906976744186,4.651162790697675,11.627906976744185,83.72093023255815,13.178294573643413,70.54263565891473
E00099335,271,54,18,36,217,30,187,19.92619926199262,6.642066420664207,13.284132841328415,80.07380073800738,11.07011070110701,69.00369003690037
E00099336,418,85,31,54,333,43,290,20.334928229665074,7.4162679425837315,12.918660287081341,79.66507177033493,10.287081339712918,69.377990430622
E00099337,377,75,28,47,302,26,276,19.893899204244033,7.427055702917771,12.46684350132626,80.10610079575596,6.896551724137931,73.20954907161804
E00099338,388,81,39,42,307,32,275,20.876288659793815,10.051546391752577,10.824742268041238,79.12371134020619,8.24742268041237,70.87628865979381
E00099339,186,32,8,24,154,19,135,17.20430107526882,4.301075268817205,12.903225806451612,82.79569892473118,10.21505376344086,72.58064516129032
E00099340,285,62,18,44,223,25,198,21.75438596491228,6.315789473684211,15.43859649122807,78.24561403508771,8.771929824561402,69.47368421052632
E00099341,410,72,27,45,338,26,312,17.560975609756095,6.585365853658537,10.975609756097562,82.4390243902439,6.341463414634147,76.09756097560975
E00099342,233,57,32,25,176,26,150,24.463519313304722,13.733905579399142,10.72961373390558,75.53648068669528,11.158798283261802,64.37768240343348
E00099343,312,56,18,38,256,29,227,17.94871794871795,5.769230769230769,12.179487179487179,82.05128205128204,9.294871794871796,72.75641025641025
E00099344,210,31,11,20,179,18,161,14.761904761904763,5.238095238095238,9.523809523809524,85.23809523809524,8.571428571428571,76.66666666666667
E00099345,293,78,25,53,215,31,184,26.621160409556317,8.532423208191126,18.088737201365188,73.37883959044369,10.580204778156997,62.79863481228669
E00099346,209,65,34,31,144,17,127,31.100478468899524,16.267942583732058,14.832535885167463,68.89952153110048,8.133971291866029,60.76555023923444
E00099347,304,81,41,40,223,24,199,26.644736842105267,13.486842105263158,13.157894736842104,73.35526315789474,7.894736842105263,65.46052631578947
E00099348,219,46,15,31,173,19,154,21.00456621004566,6.8493150684931505,14.15525114155251,78.99543378995433,8.67579908675799,70.31963470319634
E00099349,171,35,13,22,136,19,117,20.46783625730994,7.602339181286549,12.865497076023392,79.53216374269006,11.11111111111111,68.42105263157895
E00099351,273,80,43,37,193,13,180,29.304029304029307,15.75091575091575,13.553113553113553,70.6959706959707,4.761904761904762,65.93406593406593
E00174334,354,69,33,36,285,24,261,19.491525423728813,9.322033898305085,10.16949152542373,80.50847457627118,6.779661016949152,73.72881355932203
E00174335,589,124,33,91,465,33,432,21.052631578947366,5.602716468590832,15.449915110356535,78.94736842105263,5.602716468590832,73.3446519524618
E00174336,143,28,5,23,115,15,100,19.58041958041958,3.4965034965034967,16.083916083916083,80.41958041958041,10.48951048951049,69.93006993006993
E00174337,406,70,22,48,336,37,299,17.24137931034483,5.41871921182266,11.822660098522167,82.75862068965517,9.113300492610838,73.64532019704434
E00174338,336,35,14,21,301,47,254,10.416666666666668,4.166666666666666,6.25,89.58333333333334,13.988095238095239,75.59523809523809
E00174339,418,68,20,48,350,27,323,16.267942583732058,4.784688995215311,11.483253588516746,83.73205741626795,6.4593301435406705,77.27272727272727
E00180294,319,67,19,48,252,22,230,21.003134796238246,5.956112852664576,15.047021943573668,78.99686520376176,6.896551724137931,72.10031347962382
E00180319,318,53,22,31,265,19,246,16.666666666666664,6.918238993710692,9.748427672955975,83.33333333333334,5.9748427672955975,77.35849056603774
E00180333,459,58,13,45,401,51,350,12.636165577342048,2.832244008714597,9.803921568627452,87.36383442265794,11.11111111111111,76.25272331154684
E00180342,506,55,14,41,451,51,400,10.869565217391305,2.766798418972332,8.102766798418973,89.13043478260869,10.079051383399209,79.05138339920948
E00180351,195,25,6,19,170,15,155,12.82051282051282,3.076923076923077,9.7435897435897445,87.17948717948718,7.6923076923076925,79.48717948717949
E00180366,164,20,6,14,144,12,132,12.195121951219512,3.6585365853658534,8.536585365853659,87.8048780487805,7.317073170731707,80.48780487804879
E00180368,224,29,13,16,195,11,184,12.946428571428573,5.803571428571429,7.142857142857142,87.05357142857143,4.910714285714286,82.14285714285714
E00180380,427,110,70,40,317,33,284,25.76112412177986,16.39344262295082,9.367681498829041,74.23887587822014,7.728337236533958,66.51053864168618
