OA,ts0590001,ts0590002,ts0590003,ts0590004,ts0590005,ts0590006,ts0590007,ts0590002_PCT,ts0590003_PCT,ts0590004_PCT,ts0590005_PCT,ts0590006_PCT,ts0590007_PCT
E00025006,120,34,8,26,86,81,5,28.333333333333332,6.666666666666667,21.666666666666668,71.66666666666667,67.5,4.166666666666666
E00025007,139,41,12,29,98,84,14,29.496402877697843,8.633093525179856,20.863309352517987,70.50359712230215,60.431654676258994,10.071942446043165
E00025008,192,49,19,30,143,124,19,25.520833333333332,9.895833333333332,15.625,74.47916666666666,64.58333333333334,9.895833333333332
E00025009,100,38,12,26,62,54,8,38,12,26,62,54,8
E00025010,139,36,8,28,103,97,6,25.899280575539567,5.755395683453238,20.14388489208633,74.10071942446042,69.7841726618705,4.316546762589928
E00025011,191,44,13,31,147,131,16,23.036649214659686,6.806282722513089,16.230366492146597,76.96335078534031,68.58638743455498,8.37696335078534
E00025012,147,37,13,24,110,98,12,25.170068027210885,8.843537414965986,16.3265306122449,74.82993197278913,66.66666666666666,8.16326530612245
E00025013,126,33,12,21,93,77,16,26.190476190476193,9.523809523809524,16.666666666666664,73.80952380952381,61.111111111111114,12.698412698412698
E00025014,107,42,11,31,65,58,7,39.25233644859813,10.2803738317757,28.971962616822427,60.747663551401864,54.20560747663551,6.5420560747663545
E00025015,120,37,12,25,83,73,10,30.833333333333336,10,20.833333333333336,69.16666666666667,60.83333333333333,8.333333333333332
E00025016,164,42,12,30,122,113,9,25.609756097560975,7.317073170731707,18.29268292682927,74.39024390243902,68.90243902439023,5.487804878048781
E00025017,136,54,22,32,82,74,8,39.705882352941174,16.176470588235293,23.52941176470588,60.29411764705882,54.41176470588235,5.88235294117647
E00025018,160,39,8,31,121,108,13,24.375,5,19.375,75.625,67.5,8.125
E00025019,138,35,14,21,103,92,11,25.36231884057971,10.144927536231885,15.217391304347828,74.63768115942028,66.66666666666666,7.971014492753622
E00025020,184,63,24,39,121,103,18,34.23913043478261,13.043478260869565,21.195652173913043,65.76086956521739,55.97826086956522,9.782608695652174
E00025021,151,37,12,25,114,100,14,24.503311258278146,7.9470198675496695,16.55629139072848,75.49668874172185,66.22516556291392,9.271523178807946
E00025022,204,50,10,40,154,136,18,24.509803921568626,4.901960784313726,19.607843137254903,75.49019607843137,66.66666666666666,8.823529411764707
E00025023,175,45,12,33,130,119,11,25.71428571428571,6.857142857142858,18.857142857142858,74.28571428571429,68,6.2857142857142865
E00025024,188,48,15,33,140,131,9,25.53191489361702,7.9787234042553195,17.5531914893617,74.46808510638297,69.68085106382979,4.787234042553192
E00025025,192,51,13,38,141,122,19,26.5625,6.770833333333333,19.791666666666664,73.4375,63.541666666666664,9.895833333333332
E00025026,126,42,20,22,84,80,4,33.33333333333333,15.873015873015872,17.46031746031746,66.66666666666666,63.49206349206349,3.1746031746031744
E00025027,143,34,6,28,109,92,17,23.776223776223777,4.195804195804196,19.58041958041958,76.22377622377621,64.33566433566433,11.888111888111888
E00025028,103,30,6,24,73,66,7,29.126213592233007,5.825242718446602,23.300970873786408,70.87378640776699,64.07766990291263,6.796116504854369
E00025029,156,35,12,23,121,108,13,22.435897435897438,7.6923076923076925,14.743589743589745,77.56410256410257,69.23076923076923,8.333333333333332
E00025030,97,30,8,22,67,61,6,30.927835051546392,8.24742268041237,22.68041237113402,69.0721649484536,62.88659793814433,6.185567010309279
E00025031,88,25,6,19,63,55,8,28.40909090909091,6.8181818181818175,21.59090909090909,71.5909090909091,62.5,9.090909090909092
E00025032,114,30,10,20,84,73,11,26.31578947368421,8.771929824561402,17.543859649122805,73.68421052631578,64.03508771929825,9.649122807017543
E00025033,217,61,15,46,156,144,12,28.110599078341014,6.912442396313365,21.19815668202765,71.88940092165899,66.3594470046083,5.529953917050691
E00025034,80,20,7,13,60,53,7,25,8.75,16.25,75,66.25,8.75
E00025035,109,33,9,24,76,66,10,30.275229357798167,8.256880733944955,22.018348623853214,69.72477064220183,60.550458715596335,9.174311926605505
E00025036,210,60,19,41,150,132,18,28.57142857142857,9.047619047619047,19.523809523809526,71.42857142857143,62.857142857142854,8.571428571428571
E00025037,137,43,16,27,94,84,10,31.386861313868614,11.678832116788321,19.708029197080293,68.61313868613139,61.31386861313869,7.2992700729927
E00025038,129,45,16,29,84,71,13,34.883720930232556,12.4031007751938,22.48062015503876,65.11627906976744,55.03875968992248,10.077519379844961
E00025039,155,37,13,24,118,105,13,23.870967741935484,8.38709677419355,15.483870967741936,76.12903225806451,67.74193548387096,8.38709677419355
E00025040,173,55,20,35,118,105,13,31.79190751445087,11.560693641618498,20.23121387283237,68.20809248554913,60.69364161849711,7.514450867052023
E00025041,126,44,12,32,82,69,13,34.92063492063492,9.523809523809524,25.396825396825395,65.07936507936508,54.761904761904766,10.317460317460316
E00025042,140,44,20,24,96,80,16,31.428571428571427,14.285714285714285,17.142857142857142,68.57142857142857,57.14285714285714,11.428571428571429
E00025043,135,37,11,26,98,86,12,27.40740740740741,8.148148148148149,19.25925925925926,72.5925925925926,63.70370370370371,8.88888888888889
E00025044,157,46,19,27,111,89,22,29.29936305732484,12.101910828025478,17.197452229299362,70.70063694267516,56.68789808917197,14.012738853503185
E00025045,179,56,17,39,123,112,11,31.28491620111732,9.497206703910614,21.787709497206702,68.71508379888269,62.56983240223464,6.145251396648044
E00025046,133,35,14,21,98,89,9,26.31578947368421,10.526315789473683,15.789473684210526,73.68421052631578,66.9172932330827,6.7669172932330826
E00025047,124,33,8,25,91,82,9,26.61290322580645,6.451612903225806,20.161290322580644,73.38709677419355,66.12903225806451,7.258064516129033
E00025048,130,33,12,21,97,80,17,25.384615384615383,9.230769230769232,16.153846153846153,74.61538461538461,61.53846153846154,13.076923076923078
E00025049,84,17,7,10,67,62,5,20.238095238095237,8.333333333333332,11.904761904761903,79.76190476190477,73.80952380952381,5.952380952380952
E00025050,111,27,8,19,84,79,5,24.324324324324326,7.207207207207207,17.117117117117118,75.67567567567568,71.17117117117117,4.504504504504505
E00025051,73,29,12,17,44,40,4,39.726027397260275,16.43835616438356,23.28767123287671,60.273972602739725,54.794520547945204,5.47945205479452
E00025052,129,32,11,21,97,87,10,24.8062015503876,8.527131782945736,16.27906976744186,75.1937984496124,67.44186046511628,7.751937984496124
E00025053,134,39,11,28,95,80,15,29.1044776119403,8.208955223880597,20.8955223880597,70.8955223880597,59.70149253731343,11.194029850746269
E00025054,95,31,13,18,64,59,5,32.631578947368425,13.684210526315791,18.947368421052634,67.36842105263158,62.10526315789474,5.263157894736842
E00025055,195,49,14,35,146,122,24,25.128205128205128,7.179487179487179,17.94871794871795,74.87179487179488,62.56410256410256,12.307692307692308
E00025056,66,16,4,12,50,40,10,24.242424242424242,6.0606060606060606,18.181818181818183,75.75757575757575,60.60606060606061,15.151515151515152
E00025057,103,32,12,20,71,58,13,31.06796116504854,11.650485436893204,19.41747572815534,68.93203883495146,56.310679611650485,12.62135922330097
E00025058,119,36,9,27,83,72,11,30.252100840336134,7.563025210084033,22.689075630252102,69.74789915966386,60.50420168067227,9.243697478991598
E00025059,165,50,8,42,115,102,13,30.303030303030305,4.848484848484849,25.454545454545453,69.6969696969697,61.81818181818181,7.878787878787878
E00025060,112,31,9,22,81,69,12,27.67857142857143,8.035714285714286,19.642857142857142,72.32142857142857,61.60714285714286,10.714285714285714
E00025061,84,21,7,14,63,58,5,25,8.333333333333332,16.666666666666664,75,69.04761904761905,5.952380952380952
E00025062,139,33,16,17,106,77,29,23.741007194244602,11.510791366906476,12.23021582733813,76.2589928057554,55.39568345323741,20.863309352517987
E00025063,190,48,17,31,142,126,16,25.263157894736842,8.947368421052632,16.315789473684212,74.73684210526315,66.3157894736842,8.421052631578947
E00025064,199,54,14,40,145,116,29,27.1356783919598,7.035175879396985,20.100502512562816,72.8643216080402,58.291457286432156,14.572864321608039
E00025065,135,39,14,25,96,83,13,28.888888888888886,10.37037037037037,18.51851851851852,71.11111111111111,61.48148148148148,9.62962962962963
E00025066,126,32,12,20,94,76,18,25.396825396825395,9.523809523809524,15.873015873015872,74.60317460317461,60.317460317460316,14.285714285714285
E00025067,58,19,7,12,39,33,6,32.758620689655174,12.068965517241379,20.689655172413794,67.24137931034483,56.896551724137936,10.344827586206897
E00025068,212,49,15,34,163,139,24,23.11320754716981,7.0754716981132075,16.037735849056602,76.88679245283019,65.56603773584906,11.320754716981133
E00025069,57,16,7,9,41,34,7,28.07017543859649,12.280701754385964,15.789473684210526,71.9298245614035,59.64912280701754,12.280701754385964
E00025070,139,41,17,24,98,86,12,29.496402877697843,12.23021582733813,17.26618705035971,70.50359712230215,61.87050359712231,8.633093525179856
E00025071,171,49,14,35,122,105,17,28.654970760233915,8.187134502923977,20.46783625730994,71.34502923976608,61.40350877192983,9.941520467836257
E00025072,126,33,3,30,93,82,11,26.190476190476193,2.380952380952381,23.809523809523807,73.80952380952381,65.07936507936508,8.73015873015873
E00025073,94,35,11,24,59,49,10,37.234042553191486,11.702127659574469,25.53191489361702,62.76595744680851,52.12765957446809,10.638297872340425
E00025074,126,44,15,29,82,73,9,34.92063492063492,11.904761904761903,23.015873015873016,65.07936507936508,57.936507936507944,7.142857142857142
E00025075,93,31,9,22,62,56,6,33.33333333333333,9.67741935483871,23.655913978494624,66.66666666666666,60.215053763440864,6.451612903225806
E00025076,105,33,8,25,72,66,6,31.428571428571427,7.6190476190476195,23.809523809523807,68.57142857142857,62.857142857142854,5.714285714285714
E00025077,215,70,20,50,145,135,10,32.55813953488372,9.30232558139535,23.25581395348837,67.44186046511628,62.7906976744186,4.651162790697675
E00025078,151,58,29,29,93,88,5,38.41059602649007,19.205298013245034,19.205298013245034,61.58940397350994,58.27814569536424,3.3112582781456954
E00025079,127,41,8,33,86,77,9,32.28346456692913,6.299212598425196,25.984251968503933,67.71653543307087,60.629921259842526,7.086614173228346
E00025080,128,29,9,20,99,91,8,22.65625,7.03125,15.625,77.34375,71.09375,6.25
E00025081,123,35,10,25,88,78,10,28.455284552845526,8.130081300813007,20.32520325203252,71.54471544715447,63.41463414634146,8.130081300813007
E00025082,119,40,9,31,79,67,12,33.61344537815126,7.563025210084033,26.05042016806723,66.38655462184873,56.30252100840336,10.084033613445378
E00025083,78,35,8,27,43,40,3,44.871794871794876,10.256410256410255,34.61538461538461,55.12820512820513,51.28205128205128,3.8461538461538463
E00025084,118,40,17,23,78,73,5,33.89830508474576,14.40677966101695,19.491525423728813,66.10169491525424,61.86440677966102,4.23728813559322
E00025085,149,30,8,22,119,104,15,20.13422818791946,5.369127516778524,14.76510067114094,79.86577181208054,69.79865771812081,10.06711409395973
E00025086,183,63,18,45,120,109,11,34.42622950819672,9.836065573770492,24.59016393442623,65.57377049180327,59.56284153005464,6.0109289617486334
E00025087,117,35,7,28,82,71,11,29.914529914529915,5.982905982905983,23.931623931623932,70.08547008547008,60.68376068376068,9.401709401709402
E00025088,120,36,15,21,84,76,8,30,12.5,17.5,70,63.33333333333333,6.666666666666667
E00025089,64,19,4,15,45,40,5,29.6875,6.25,23.4375,70.3125,62.5,7.8125
E00025090,76,25,7,18,51,45,6,32.89473684210527,9.210526315789473,23.684210526315788,67.10526315789474,59.210526315789465,7.894736842105263
E00025091,107,39,12,27,68,62,6,36.44859813084112,11.214953271028037,25.233644859813083,63.55140186915887,57.943925233644855,5.607476635514018
E00025092,133,34,15,19,99,89,10,25.563909774436087,11.278195488721805,14.285714285714285,74.43609022556392,66.9172932330827,7.518796992481203
E00025093,143,37,14,23,106,96,10,25.874125874125873,9.79020979020979,16.083916083916083,74.12587412587412,67.13286713286713,6.993006993006993
E00025094,136,55,16,39,81,73,8,40.44117647058824,11.76470588235294,28.676470588235293,59.55882352941176,53.67647058823529,5.88235294117647
E00025095,94,27,7,20,67,63,4,28.723404255319153,7.446808510638298,21.27659574468085,71.27659574468085,67.02127659574468,4.25531914893617
E00025096,180,48,19,29,132,112,20,26.666666666666668,10.555555555555555,16.11111111111111,73.33333333333333,62.22222222222222,11.11111111111111
E00025097,116,25,9,16,91,90,1,21.551724137931032,7.758620689655173,13.793103448275861,78.44827586206897,77.58620689655173,0.8620689655172413
E00025098,77,24,10,14,53,49,4,31.16883116883117,12.987012987012985,18.181818181818183,68.83116883116884,63.63636363636363,5.194805194805195
E00025099,82,23,13,10,59,49,10,28.04878048780488,15.853658536585366,12.195121951219512,71.95121951219512,59.756097560975604,12.195121951219512
E00025100,93,22,4,18,71,65,6,23.655913978494624,4.301075268817205,19.35483870967742,76.34408602150538,69.89247311827957,6.451612903225806
E00025101,106,36,14,22,70,62,8,33.9622641509434,13.20754716981132,20.754716981132077,66.0377358490566,58.490566037735846,7.547169811320755
E00025102,94,24,8,16,70,59,11,25.53191489361702,8.51063829787234,17.02127659574468,74.46808510638297,62.76595744680851,11.702127659574469
E00025103,109,33,9,24,76,66,10,30.275229357798167,8.256880733944955,22.018348623853214,69.72477064220183,60.550458715596335,9.174311926605505
E00025104,117,42,11,31,75,70,5,35.8974358974359,9.401709401709402,26.495726495726498,64.1025641025641,59.82905982905983,4.273504273504273
E00025105,78,22,9,13,56,52,4,28.205128205128204,11.538461538461538,16.666666666666664,71.7948717948718,66.66666666666666,5.128205128205128
E00025106,110,40,16,24,70,62,8,36.36363636363637,14.545454545454545,21.818181818181817,63.63636363636363,56.36363636363636,7.2727272727272725
E00025107,177,50,18,32,127,107,20,28.24858757062147,10.16949152542373,18.07909604519774,71.75141242937853,60.451977401129945,11.299435028248588
E00025108,133,56,19,37,77,68,9,42.10526315789473,14.285714285714285,27.819548872180448,57.89473684210527,51.127819548872175,6.7669172932330826
E00025109,109,40,9,31,69,63,6,36.69724770642202,8.256880733944955,28.440366972477065,63.30275229357798,57.798165137614674,5.5045871559633035
E00025110,129,41,12,29,88,81,7,31.782945736434108,9.30232558139535,22.48062015503876,68.21705426356588,62.7906976744186,5.426356589147287
E00025111,118,33,7,26,85,73,12,27.966101694915253,5.932203389830509,22.033898305084744,72.03389830508475,61.86440677966102,10.16949152542373
E00025112,147,41,15,26,106,91,15,27.89115646258503,10.204081632653061,17.687074829931973,72.10884353741497,61.904761904761905,10.204081632653061
E00025113,141,33,9,24,108,88,20,23.404255319148938,6.382978723404255,17.02127659574468,76.59574468085107,62.4113475177305,14.184397163120568
E00025114,237,51,8,43,186,161,25,21.518987341772153,3.375527426160337,18.143459915611814,78.48101265822784,67.9324894514768,10.548523206751055
E00025115,122,26,9,17,96,80,16,21.311475409836063,7.377049180327869,13.934426229508196,78.68852459016394,65.57377049180327,13.114754098360656
E00025116,95,32,7,25,63,57,6,33.68421052631579,7.368421052631578,26.31578947368421,66.3157894736842,60,6.315789473684211
E00025117,273,75,29,46,198,171,27,27.472527472527474,10.622710622710622,16.84981684981685,72.52747252747253,62.637362637362635,9.89010989010989
E00025118,139,33,11,22,106,88,18,23.741007194244602,7.913669064748201,15.827338129496402,76.2589928057554,63.30935251798561,12.949640287769784
E00025119,159,48,11,37,111,101,10,30.18867924528302,6.918238993710692,23.270440251572328,69.81132075471697,63.52201257861635,6.289308176100629
E00025120,146,45,15,30,101,88,13,30.82191780821918,10.273972602739725,20.54794520547945,69.17808219178082,60.273972602739725,8.904109589041095
E00025121,123,39,12,27,84,73,11,31.70731707317073,9.75609756097561,21.951219512195124,68.29268292682927,59.34959349593496,8.94308943089431
E00025122,97,33,7,26,64,60,4,34.02061855670103,7.216494845360824,26.804123711340207,65.97938144329896,61.855670103092784,4.123711340206185
E00025123,126,33,11,22,93,83,10,26.190476190476193,8.73015873015873,17.46031746031746,73.80952380952381,65.87301587301587,7.936507936507936
E00025124,73,32,11,21,41,33,8,43.83561643835616,15.068493150684931,28.767123287671232,56.16438356164384,45.20547945205479,10.95890410958904
E00025125,124,35,10,25,89,79,10,28.225806451612907,8.064516129032258,20.161290322580644,71.7741935483871,63.70967741935484,8.064516129032258
E00025126,185,49,22,27,136,120,16,26.486486486486488,11.891891891891893,14.594594594594595,73.51351351351352,64.86486486486487,8.64864864864865
E00025127,135,34,12,22,101,85,16,25.185185185185183,8.88888888888889,16.296296296296298,74.81481481481481,62.96296296296296,11.851851851851853
E00025128,172,49,10,39,123,104,19,28.488372093023255,5.813953488372093,22.674418604651162,71.51162790697676,60.46511627906976,11.046511627906977
E00025129,129,42,10,32,87,75,12,32.55813953488372,7.751937984496124,24.8062015503876,67.44186046511628,58.139534883720934,9.30232558139535
E00025130,144,35,12,23,109,91,18,24.305555555555554,8.333333333333332,15.972222222222221,75.69444444444444,63.19444444444444,12.5
E00025131,143,35,10,25,108,96,12,24.475524475524477,6.993006993006993,17.482517482517483,75.52447552447552,67.13286713286713,8.391608391608392
E00025132,82,29,9,20,53,44,9,35.36585365853659,10.975609756097562,24.390243902439025,64.63414634146342,53.65853658536586,10.975609756097562
E00025133,168,65,19,46,103,91,12,38.69047619047619,11.30952380952381,27.380952380952383,61.30952380952381,54.166666666666664,7.142857142857142
E00025134,131,30,7,23,101,86,15,22.900763358778626,5.343511450381679,17.557251908396946,77.09923664122137,65.64885496183206,11.450381679389313
E00025135,106,28,11,17,78,73,5,26.41509433962264,10.377358490566039,16.037735849056602,73.58490566037736,68.86792452830188,4.716981132075472
E00025136,295,65,17,48,230,204,26,22.033898305084744,5.762711864406779,16.271186440677965,77.96610169491525,69.15254237288136,8.813559322033898
E00025137,165,38,6,32,127,115,12,23.03030303030303,3.6363636363636362,19.393939393939394,76.96969696969697,69.6969696969697,7.2727272727272725
E00025138,165,48,13,35,117,103,14,29.09090909090909,7.878787878787878,21.21212121212121,70.9090909090909,62.42424242424243,8.484848484848486
E00025139,143,39,10,29,104,96,8,27.27272727272727,6.993006993006993,20.27972027972028,72.72727272727273,67.13286713286713,5.594405594405594
E00025140,190,46,10,36,144,120,24,24.210526315789473,5.263157894736842,18.947368421052634,75.78947368421053,63.1578947368421,12.631578947368421
E00025141,175,48,12,36,127,117,10,27.42857142857143,6.857142857142858,20.57142857142857,72.57142857142857,66.85714285714286,5.714285714285714
E00025142,189,61,17,44,128,111,17,32.27513227513227,8.994708994708994,23.28042328042328,67.72486772486772,58.730158730158735,8.994708994708994
E00025143,133,41,14,27,92,81,11,30.82706766917293,10.526315789473683,20.30075187969925,69.17293233082707,60.902255639097746,8.270676691729323
E00025144,157,52,12,40,105,93,12,33.12101910828025,7.643312101910828,25.477707006369428,66.87898089171973,59.23566878980891,7.643312101910828
E00025145,234,57,11,46,177,156,21,24.358974358974358,4.700854700854701,19.65811965811966,75.64102564102564,66.66666666666666,8.974358974358974
E00025146,289,60,21,39,229,201,28,20.761245674740483,7.26643598615917,13.494809688581316,79.23875432525952,69.55017301038062,9.688581314878892
E00025147,136,25,6,19,111,101,10,18.38235294117647,4.411764705882353,13.970588235294118,81.61764705882352,74.26470588235294,7.352941176470589
E00025148,156,37,11,26,119,106,13,23.717948717948715,7.051282051282051,16.666666666666664,76.28205128205127,67.94871794871796,8.333333333333332
E00025149,131,16,5,11,115,99,16,12.213740458015266,3.816793893129771,8.396946564885496,87.78625954198473,75.57251908396947,12.213740458015266
E00025150,186,43,9,34,143,125,18,23.118279569892472,4.838709677419355,18.27956989247312,76.88172043010752,67.20430107526882,9.67741935483871
E00025151,177,47,15,32,130,114,16,26.55367231638418,8.47457627118644,18.07909604519774,73.44632768361582,64.40677966101694,9.03954802259887
E00025152,126,27,8,19,99,87,12,21.428571428571427,6.349206349206349,15.079365079365079,78.57142857142857,69.04761904761905,9.523809523809524
E00025153,136,55,18,37,81,77,4,40.44117647058824,13.23529411764706,27.205882352941174,59.55882352941176,56.61764705882353,2.941176470588235
E00025154,112,39,12,27,73,64,9,34.82142857142857,10.714285714285714,24.107142857142858,65.17857142857143,57.14285714285714,8.035714285714286
E00025155,137,34,13,21,103,91,12,24.817518248175183,9.48905109489051,15.328467153284672,75.18248175182481,66.42335766423358,8.75912408759124
E00025156,186,51,15,36,135,121,14,27.419354838709676,8.064516129032258,19.35483870967742,72.58064516129032,65.05376344086021,7.526881720430108
E00025157,153,46,18,28,107,97,10,30.065359477124183,11.76470588235294,18.30065359477124,69.93464052287581,63.39869281045751,6.535947712418301
E00025158,114,43,16,27,71,66,5,37.719298245614034,14.035087719298245,23.684210526315788,62.28070175438597,57.89473684210527,4.385964912280701
E00025159,128,42,14,28,86,78,8,32.8125,10.9375,21.875,67.1875,60.9375,6.25
E00025160,156,42,13,29,114,98,16,26.923076923076923,8.333333333333332,18.58974358974359,73.07692307692307,62.82051282051282,10.256410256410255
E00025161,171,48,14,34,123,98,25,28.07017543859649,8.187134502923977,19.883040935672515,71.9298245614035,57.30994152046783,14.619883040935672
E00025162,136,34,8,26,102,89,13,25,5.88235294117647,19.11764705882353,75,65.44117647058823,9.558823529411764
E00025163,129,39,10,29,90,78,12,30.23255813953488,7.751937984496124,22.48062015503876,69.76744186046511,60.46511627906976,9.30232558139535
E00025164,152,41,15,26,111,90,21,26.973684210526315,9.868421052631579,17.105263157894736,73.02631578947368,59.210526315789465,13.815789473684212
E00025165,68,16,4,12,52,41,11,23.52941176470588,5.88235294117647,17.647058823529413,76.47058823529412,60.29411764705882,16.176470588235293
E00025166,168,36,8,28,132,109,23,21.428571428571427,4.761904761904762,16.666666666666664,78.57142857142857,64.88095238095238,13.690476190476192
E00025167,190,35,12,23,155,139,16,18.421052631578945,6.315789473684211,12.105263157894736,81.57894736842105,73.15789473684211,8.421052631578947
E00025168,154,45,11,34,109,98,11,29.22077922077922,7.142857142857142,22.07792207792208,70.77922077922078,63.63636363636363,7.142857142857142
E00025169,136,43,15,28,93,85,8,31.61764705882353,11.029411764705882,20.588235294117645,68.38235294117648,62.5,5.88235294117647
E00025170,160,39,11,28,121,104,17,24.375,6.875000000000001,17.5,75.625,65,10.625
E00025171,151,34,13,21,117,107,10,22.516556291390728,8.609271523178808,13.90728476821192,77.48344370860927,70.86092715231787,6.622516556291391
E00025172,158,38,7,31,120,110,10,24.050632911392405,4.430379746835443,19.62025316455696,75.9493670886076,69.62025316455697,6.329113924050633
E00025173,129,24,10,14,105,92,13,18.6046511627907,7.751937984496124,10.852713178294573,81.3953488372093,71.31782945736434,10.077519379844961
E00025174,191,49,21,28,142,115,27,25.654450261780106,10.99476439790576,14.659685863874344,74.3455497382199,60.20942408376963,14.136125654450263
E00025175,136,37,11,26,99,86,13,27.205882352941174,8.088235294117647,19.11764705882353,72.79411764705883,63.23529411764706,9.558823529411764
E00025176,160,48,16,32,112,91,21,30,10,20,70,56.875,13.125
E00025177,135,48,18,30,87,74,13,35.55555555555556,13.333333333333334,22.22222222222222,64.44444444444444,54.81481481481482,9.62962962962963
E00025178,105,31,10,21,74,64,10,29.523809523809526,9.523809523809524,20,70.47619047619048,60.952380952380956,9.523809523809524
E00025179,158,35,12,23,123,108,15,22.151898734177212,7.59493670886076,14.556962025316455,77.84810126582279,68.35443037974683,9.49367088607595
E00025180,144,37,15,22,107,96,11,25.694444444444443,10.416666666666668,15.277777777777779,74.30555555555556,66.66666666666666,7.638888888888889
E00025181,143,45,17,28,98,85,13,31.46853146853147,11.888111888111888,19.58041958041958,68.53146853146853,59.44055944055944,9.090909090909092
E00025182,121,32,15,17,89,79,10,26.446280991735538,12.396694214876034,14.049586776859504,73.55371900826447,65.28925619834712,8.264462809917356
E00025183,132,38,12,26,94,87,7,28.78787878787879,9.090909090909092,19.696969696969695,71.21212121212122,65.9090909090909,5.303030303030303
E00025184,110,39,12,27,71,61,10,35.45454545454545,10.909090909090908,24.545454545454547,64.54545454545455,55.45454545454545,9.090909090909092
E00025185,139,46,10,36,93,82,11,33.093525179856115,7.1942446043165464,25.899280575539567,66.90647482014388,58.992805755395686,7.913669064748201
E00025186,143,53,13,40,90,80,10,37.06293706293706,9.090909090909092,27.972027972027973,62.93706293706294,55.94405594405595,6.993006993006993
E00025187,101,24,10,14,77,73,4,23.762376237623762,9.900990099009901,13.861386138613863,76.23762376237624,72.27722772277228,3.9603960396039604
E00025188,136,38,13,25,98,93,5,27.941176470588236,9.558823529411764,18.38235294117647,72.05882352941177,68.38235294117648,3.6764705882352944
E00025189,64,23,8,15,41,38,3,35.9375,12.5,23.4375,64.0625,59.375,4.6875
E00025190,161,44,17,27,117,98,19,27.32919254658385,10.559006211180124,16.77018633540373,72.67080745341616,60.86956521739131,11.801242236024844
E00025191,138,40,7,33,98,88,10,28.985507246376812,5.072463768115942,23.91304347826087,71.01449275362319,63.76811594202898,7.246376811594203
E00025192,138,40,15,25,98,83,15,28.985507246376812,10.869565217391305,18.115942028985508,71.01449275362319,60.14492753623188,10.869565217391305
E00025193,144,47,12,35,97,85,12,32.63888888888889,8.333333333333332,24.305555555555554,67.36111111111111,59.02777777777778,8.333333333333332
E00025194,116,33,4,29,83,73,10,28.448275862068968,3.4482758620689653,25,71.55172413793103,62.93103448275862,8.620689655172415
E00025195,177,45,14,31,132,120,12,25.423728813559322,7.909604519774012,17.51412429378531,74.57627118644068,67.79661016949152,6.779661016949152
E00025197,89,25,7,18,64,58,6,28.08988764044944,7.865168539325842,20.224719101123593,71.91011235955057,65.1685393258427,6.741573033707865
E00025198,164,49,15,34,115,104,11,29.878048780487802,9.146341463414634,20.73170731707317,70.1219512195122,63.41463414634146,6.707317073170732
E00025199,145,48,18,30,97,84,13,33.10344827586207,12.413793103448276,20.689655172413794,66.89655172413794,57.931034482758626,8.96551724137931
E00025200,193,68,23,45,125,112,13,35.233160621761655,11.917098445595855,23.316062176165804,64.76683937823834,58.03108808290155,6.7357512953367875
E00025201,118,44,15,29,74,70,4,37.28813559322034,12.711864406779661,24.576271186440678,62.71186440677966,59.32203389830508,3.389830508474576
E00025202,74,34,12,22,40,34,6,45.94594594594595,16.216216216216218,29.72972972972973,54.054054054054056,45.94594594594595,8.108108108108109
E00025203,156,57,17,40,99,90,9,36.53846153846153,10.897435897435898,25.64102564102564,63.46153846153846,57.692307692307686,5.769230769230769
E00025204,147,51,16,35,96,87,9,34.69387755102041,10.884353741496598,23.809523809523807,65.3061224489796,59.183673469387756,6.122448979591836
E00025205,120,38,15,23,82,71,11,31.666666666666664,12.5,19.166666666666668,68.33333333333333,59.166666666666664,9.166666666666666
E00025206,141,48,4,44,93,87,6,34.04255319148936,2.8368794326241136,31.20567375886525,65.95744680851064,61.702127659574465,4.25531914893617
E00025207,134,44,15,29,90,76,14,32.83582089552239,11.194029850746269,21.641791044776117,67.16417910447761,56.71641791044776,10.44776119402985
E00025208,214,60,18,42,154,139,15,28.037383177570092,8.411214953271028,19.626168224299064,71.96261682242991,64.95327102803739,7.009345794392523
E00025209,118,44,10,34,74,64,10,37.28813559322034,8.47457627118644,28.8135593220339,62.71186440677966,54.23728813559322,8.47457627118644
E00025210,165,70,17,53,95,88,7,42.42424242424242,10.303030303030303,32.121212121212125,57.57575757575758,53.333333333333336,4.242424242424243
E00025211,155,67,14,53,88,84,4,43.225806451612904,9.032258064516128,34.193548387096776,56.774193548387096,54.19354838709678,2.5806451612903225
E00025212,120,29,5,24,91,79,12,24.166666666666668,4.166666666666666,20,75.83333333333333,65.83333333333333,10
E00025213,116,36,14,22,80,72,8,31.03448275862069,12.068965517241379,18.96551724137931,68.96551724137932,62.06896551724138,6.896551724137931
E00025214,144,41,13,28,103,80,23,28.47222222222222,9.027777777777777,19.444444444444446,71.52777777777779,55.55555555555556,15.972222222222221
E00025215,163,39,8,31,124,110,14,23.92638036809816,4.9079754601226995,19.018404907975462,76.07361963190185,67.48466257668711,8.588957055214724
E00025216,134,41,12,29,93,82,11,30.597014925373134,8.955223880597014,21.641791044776117,69.40298507462687,61.19402985074627,8.208955223880597
E00025217,123,32,13,19,91,73,18,26.01626016260163,10.569105691056912,15.447154471544716,73.98373983739837,59.34959349593496,14.634146341463413
E00025218,148,38,14,24,110,93,17,25.675675675675674,9.45945945945946,16.216216216216218,74.32432432432432,62.83783783783784,11.486486486486488
E00025219,115,36,17,19,79,66,13,31.30434782608696,14.782608695652174,16.52173913043478,68.69565217391305,57.391304347826086,11.304347826086957
E00025220,140,43,14,29,97,83,14,30.714285714285715,10,20.714285714285715,69.28571428571428,59.285714285714285,10
E00025221,83,26,11,15,57,53,4,31.32530120481928,13.253012048192772,18.072289156626507,68.67469879518072,63.85542168674698,4.819277108433735
E00025222,119,39,22,17,80,67,13,32.773109243697476,18.487394957983195,14.285714285714285,67.22689075630252,56.30252100840336,10.92436974789916
E00025223,116,45,11,34,71,62,9,38.793103448275865,9.482758620689655,29.310344827586203,61.206896551724135,53.44827586206896,7.758620689655173
E00025224,155,40,9,31,115,106,9,25.806451612903224,5.806451612903226,20,74.19354838709677,68.38709677419355,5.806451612903226
E00025225,181,53,14,39,128,111,17,29.2817679558011,7.734806629834254,21.54696132596685,70.71823204419888,61.32596685082873,9.392265193370166
E00025226,112,39,11,28,73,64,9,34.82142857142857,9.821428571428571,25,65.17857142857143,57.14285714285714,8.035714285714286
E00025227,227,55,12,43,172,153,19,24.229074889867842,5.286343612334802,18.94273127753304,75.77092511013215,67.40088105726872,8.370044052863436
E00025228,71,27,8,19,44,37,7,38.028169014084504,11.267605633802818,26.76056338028169,61.97183098591549,52.112676056338024,9.859154929577464
E00025229,177,52,15,37,125,109,16,29.37853107344633,8.47457627118644,20.903954802259886,70.62146892655367,61.5819209039548,9.03954802259887
E00025230,98,28,9,19,70,58,12,28.57142857142857,9.183673469387756,19.387755102040817,71.42857142857143,59.183673469387756,12.244897959183673
E00025231,99,27,8,19,72,64,8,27.27272727272727,8.080808080808081,19.19191919191919,72.72727272727273,64.64646464646465,8.080808080808081
E00025232,108,28,8,20,80,73,7,25.925925925925924,7.4074074074074066,18.51851851851852,74.07407407407408,67.5925925925926,6.481481481481481
E00025233,103,28,12,16,75,70,5,27.184466019417474,11.650485436893204,15.53398058252427,72.81553398058253,67.96116504854369,4.854368932038835
E00025234,114,33,10,23,81,70,11,28.947368421052634,8.771929824561402,20.175438596491226,71.05263157894737,61.40350877192983,9.649122807017543
E00025235,118,31,10,21,87,79,8,26.27118644067797,8.47457627118644,17.796610169491526,73.72881355932203,66.94915254237289,6.779661016949152
E00025236,245,67,22,45,178,142,36,27.346938775510203,8.979591836734693,18.367346938775512,72.6530612244898,57.95918367346938,14.69387755102041
E00025237,167,41,12,29,126,114,12,24.550898203592812,7.18562874251497,17.365269461077844,75.44910179640718,68.26347305389223,7.18562874251497
E00025238,180,46,17,29,134,123,11,25.555555555555554,9.444444444444445,16.11111111111111,74.44444444444444,68.33333333333333,6.111111111111111
E00025239,160,53,16,37,107,89,18,33.125,10,23.125,66.875,55.625,11.25
E00025240,141,48,20,28,93,77,16,34.04255319148936,14.184397163120568,19.858156028368796,65.95744680851064,54.60992907801418,11.347517730496454
E00025241,144,56,28,28,88,72,16,38.88888888888889,19.444444444444446,19.444444444444446,61.111111111111114,50,11.11111111111111
E00025242,136,47,17,30,89,75,14,34.55882352941176,12.5,22.058823529411764,65.44117647058823,55.14705882352941,10.294117647058822
E00025243,164,62,30,32,102,75,27,37.80487804878049,18.29268292682927,19.51219512195122,62.19512195121951,45.73170731707317,16.463414634146343
E00025244,181,41,11,30,140,125,15,22.65193370165746,6.077348066298343,16.574585635359114,77.34806629834254,69.06077348066299,8.287292817679557
E00025245,187,39,9,30,148,133,15,20.855614973262032,4.81283422459893,16.042780748663102,79.14438502673798,71.12299465240642,8.0213903743315509
E00025246,171,41,13,28,130,123,7,23.976608187134502,7.602339181286549,16.374269005847953,76.0233918128655,71.9298245614035,4.093567251461988
E00025247,144,46,20,26,98,73,25,31.944444444444443,13.88888888888889,18.055555555555554,68.05555555555556,50.69444444444444,17.36111111111111
E00025248,85,32,15,17,53,45,8,37.64705882352941,17.647058823529413,20,62.35294117647059,52.94117647058824,9.411764705882353
E00025249,93,37,10,27,56,50,6,39.784946236559136,10.75268817204301,29.03225806451613,60.215053763440864,53.76344086021505,6.451612903225806
E00025250,170,52,24,28,118,107,11,30.58823529411765,14.117647058823529,16.470588235294116,69.41176470588235,62.94117647058823,6.470588235294119
E00025251,143,62,23,39,81,62,19,43.35664335664335,16.083916083916083,27.27272727272727,56.64335664335665,43.35664335664335,13.286713286713287
E00025252,136,39,14,25,97,76,21,28.676470588235293,10.294117647058822,18.38235294117647,71.32352941176471,55.88235294117647,15.441176470588236
E00025253,95,30,10,20,65,58,7,31.57894736842105,10.526315789473683,21.052631578947366,68.42105263157895,61.05263157894737,7.368421052631578
E00025254,215,50,11,39,165,150,15,23.25581395348837,5.116279069767442,18.13953488372093,76.74418604651163,69.76744186046511,6.976744186046512
E00025255,123,44,17,27,79,70,9,35.77235772357724,13.821138211382115,21.951219512195124,64.22764227642277,56.91056910569105,7.317073170731707
E00025256,171,36,7,29,135,115,20,21.052631578947366,4.093567251461988,16.95906432748538,78.94736842105263,67.2514619883041,11.695906432748536
E00025257,170,44,18,26,126,110,16,25.882352941176475,10.588235294117647,15.294117647058824,74.11764705882354,64.70588235294117,9.411764705882353
E00025258,145,47,12,35,98,87,11,32.41379310344827,8.275862068965518,24.137931034482758,67.58620689655173,60,7.586206896551724
E00025259,113,40,7,33,73,66,7,35.39823008849557,6.1946902654867255,29.20353982300885,64.60176991150442,58.4070796460177,6.1946902654867255
E00025260,224,61,22,39,163,140,23,27.232142857142854,9.821428571428571,17.410714285714285,72.76785714285714,62.5,10.267857142857142
E00025261,137,42,11,31,95,90,5,30.656934306569344,8.02919708029197,22.62773722627737,69.34306569343066,65.69343065693431,3.64963503649635
E00025262,146,32,7,25,114,105,9,21.91780821917808,4.794520547945205,17.123287671232877,78.08219178082192,71.91780821917808,6.164383561643835
E00025263,118,26,9,17,92,82,10,22.033898305084744,7.627118644067797,14.40677966101695,77.96610169491525,69.49152542372882,8.47457627118644
E00025264,131,43,18,25,88,78,10,32.82442748091603,13.740458015267176,19.083969465648856,67.17557251908397,59.541984732824424,7.633587786259542
E00025265,171,47,11,36,124,114,10,27.485380116959064,6.432748538011696,21.052631578947366,72.51461988304094,66.66666666666666,5.847953216374268
E00025266,72,30,11,19,42,39,3,41.66666666666667,15.277777777777779,26.38888888888889,58.333333333333336,54.166666666666664,4.166666666666666
E00025267,146,48,16,32,98,85,13,32.87671232876712,10.95890410958904,21.91780821917808,67.12328767123287,58.21917808219178,8.904109589041095
E00025268,37,13,0,13,24,18,6,35.13513513513514,0,35.13513513513514,64.86486486486487,48.64864864864865,16.216216216216218
E00025269,81,25,5,20,56,44,12,30.864197530864196,6.172839506172839,24.691358024691358,69.1358024691358,54.32098765432099,14.814814814814813
E00025270,114,36,9,27,78,69,9,31.57894736842105,7.894736842105263,23.684210526315788,68.42105263157895,60.526315789473685,7.894736842105263
E00025271,98,22,9,13,76,69,7,22.448979591836736,9.183673469387756,13.26530612244898,77.55102040816327,70.40816326530613,7.142857142857142
E00025272,86,29,7,22,57,48,9,33.72093023255814,8.13953488372093,25.581395348837212,66.27906976744185,55.81395348837209,10.465116279069768
E00025273,142,46,9,37,96,89,7,32.3943661971831,6.338028169014084,26.056338028169012,67.6056338028169,62.676056338028175,4.929577464788732
E00025274,140,37,11,26,103,95,8,26.42857142857143,7.857142857142857,18.571428571428573,73.57142857142858,67.85714285714286,5.714285714285714
E00025275,167,58,21,37,109,97,12,34.73053892215569,12.574850299401197,22.15568862275449,65.26946107784431,58.08383233532935,7.18562874251497
E00025276,121,35,11,24,86,68,18,28.92561983471074,9.090909090909092,19.834710743801654,71.07438016528926,56.19834710743802,14.87603305785124
E00025277,156,44,15,29,112,91,21,28.205128205128204,9.615384615384617,18.58974358974359,71.7948717948718,58.333333333333336,13.461538461538462
E00025278,158,42,9,33,116,103,13,26.582278481012654,5.69620253164557,20.88607594936709,73.41772151898735,65.18987341772153,8.227848101265822
E00025279,186,43,10,33,143,132,11,23.118279569892472,5.376344086021505,17.741935483870968,76.88172043010752,70.96774193548387,5.913978494623656
E00025280,173,45,14,31,128,111,17,26.011560693641616,8.092485549132949,17.91907514450867,73.98843930635837,64.16184971098265,9.826589595375722
E00025281,117,38,6,32,79,67,12,32.47863247863248,5.128205128205128,27.350427350427353,67.52136752136752,57.26495726495726,10.256410256410255
E00025282,155,40,9,31,115,99,16,25.806451612903224,5.806451612903226,20,74.19354838709677,63.87096774193548,10.32258064516129
E00025284,178,51,16,35,127,113,14,28.651685393258425,8.98876404494382,19.662921348314608,71.34831460674157,63.48314606741573,7.865168539325842
E00025285,232,55,18,37,177,158,19,23.70689655172414,7.758620689655173,15.948275862068966,76.29310344827587,68.10344827586206,8.189655172413794
E00025286,146,43,9,34,103,91,12,29.45205479452055,6.164383561643835,23.28767123287671,70.54794520547945,62.328767123287676,8.21917808219178
E00025287,171,47,10,37,124,108,16,27.485380116959064,5.847953216374268,21.637426900584796,72.51461988304094,63.1578947368421,9.35672514619883
E00025288,94,29,15,14,65,58,7,30.851063829787233,15.957446808510639,14.893617021276595,69.14893617021278,61.702127659574465,7.446808510638298
E00025289,185,53,16,37,132,124,8,28.64864864864865,8.64864864864865,20,71.35135135135135,67.02702702702703,4.324324324324325
E00025290,111,35,12,23,76,69,7,31.53153153153153,10.81081081081081,20.72072072072072,68.46846846846847,62.16216216216216,6.306306306306306
E00025291,120,34,13,21,86,80,6,28.333333333333332,10.833333333333334,17.5,71.66666666666667,66.66666666666666,5
E00025292,148,40,14,26,108,95,13,27.027027027027028,9.45945945945946,17.56756756756757,72.97297297297297,64.1891891891892,8.783783783783784
E00025293,189,45,14,31,144,129,15,23.809523809523807,7.4074074074074066,16.402116402116402,76.19047619047619,68.25396825396825,7.936507936507936
E00025294,137,39,5,34,98,89,9,28.467153284671532,3.64963503649635,24.817518248175183,71.53284671532847,64.96350364963503,6.569343065693431
E00025295,152,39,13,26,113,105,8,25.657894736842106,8.552631578947368,17.105263157894736,74.3421052631579,69.07894736842105,5.263157894736842
E00025296,127,37,7,30,90,76,14,29.133858267716533,5.511811023622047,23.62204724409449,70.86614173228347,59.84251968503938,11.023622047244094
E00025297,123,36,8,28,87,83,4,29.268292682926827,6.504065040650407,22.76422764227642,70.73170731707317,67.47967479674797,3.2520325203252036
E00025298,139,40,10,30,99,87,12,28.776978417266186,7.1942446043165464,21.58273381294964,71.22302158273382,62.589928057553955,8.633093525179856
E00025299,142,32,8,24,110,103,7,22.535211267605636,5.633802816901409,16.901408450704224,77.46478873239437,72.53521126760563,4.929577464788732
E00025300,94,24,4,20,70,64,6,25.53191489361702,4.25531914893617,21.27659574468085,74.46808510638297,68.08510638297872,6.382978723404255
E00025301,116,41,12,29,75,67,8,35.3448275862069,10.344827586206897,25,64.65517241379311,57.758620689655174,6.896551724137931
E00025302,105,32,12,20,73,63,10,30.476190476190478,11.428571428571429,19.047619047619047,69.52380952380952,60,9.523809523809524
E00025303,88,15,3,12,73,63,10,17.045454545454543,3.4090909090909087,13.636363636363635,82.95454545454545,71.5909090909091,11.363636363636363
E00025304,178,62,21,41,116,98,18,34.831460674157306,11.797752808988763,23.03370786516854,65.1685393258427,55.0561797752809,10.112359550561797
E00025305,218,67,17,50,151,120,31,30.73394495412844,7.79816513761468,22.93577981651376,69.26605504587155,55.04587155963303,14.220183486238533
E00025306,186,41,11,30,145,127,18,22.043010752688172,5.913978494623656,16.129032258064516,77.95698924731182,68.27956989247312,9.67741935483871
E00025307,106,29,10,19,77,64,13,27.358490566037734,9.433962264150944,17.92452830188679,72.64150943396226,60.37735849056604,12.264150943396226
E00025309,137,41,15,26,96,80,16,29.927007299270077,10.948905109489052,18.97810218978102,70.07299270072993,58.3941605839416,11.678832116788321
E00025310,144,32,11,21,112,101,11,22.22222222222222,7.638888888888889,14.583333333333334,77.77777777777779,70.13888888888889,7.638888888888889
E00025311,166,45,12,33,121,115,6,27.10843373493976,7.228915662650602,19.879518072289155,72.89156626506023,69.27710843373494,3.614457831325301
E00025312,154,50,20,30,104,94,10,32.467532467532465,12.987012987012985,19.480519480519483,67.53246753246754,61.038961038961034,6.493506493506493
E00025313,153,48,11,37,105,97,8,31.372549019607842,7.18954248366013,24.183006535947712,68.62745098039215,63.39869281045751,5.228758169934641
E00025314,184,39,9,30,145,123,22,21.195652173913043,4.891304347826087,16.304347826086957,78.80434782608695,66.84782608695652,11.956521739130435
E00025315,147,40,9,31,107,98,9,27.2108843537415,6.122448979591836,21.08843537414966,72.78911564625851,66.66666666666666,6.122448979591836
E00025316,218,46,15,31,172,146,26,21.100917431192663,6.8807339449541285,14.220183486238533,78.89908256880734,66.97247706422019,11.926605504587156
E00025317,137,35,8,27,102,88,14,25.547445255474454,5.839416058394161,19.708029197080293,74.45255474452554,64.23357664233576,10.218978102189782
E00025318,165,37,14,23,128,113,15,22.424242424242426,8.484848484848486,13.939393939393941,77.57575757575758,68.48484848484848,9.090909090909092
E00025319,151,36,7,29,115,98,17,23.841059602649008,4.635761589403973,19.205298013245034,76.15894039735099,64.90066225165563,11.258278145695364
E00025320,132,33,11,22,99,88,11,25,8.333333333333332,16.666666666666664,75,66.66666666666666,8.333333333333332
E00025321,118,31,14,17,87,75,12,26.27118644067797,11.864406779661017,14.40677966101695,73.72881355932203,63.559322033898304,10.16949152542373
E00025322,123,38,10,28,85,76,9,30.89430894308943,8.130081300813007,22.76422764227642,69.10569105691057,61.78861788617886,7.317073170731707
E00025323,208,51,15,36,157,134,23,24.519230769230766,7.211538461538461,17.307692307692307,75.48076923076923,64.42307692307693,11.057692307692307
E00025324,120,26,12,14,94,85,9,21.666666666666668,10,11.666666666666666,78.33333333333333,70.83333333333334,7.5
E00025325,148,43,9,34,105,86,19,29.054054054054053,6.081081081081082,22.972972972972975,70.94594594594594,58.108108108108105,12.837837837837837
E00025326,169,57,18,39,112,102,10,33.72781065088758,10.650887573964498,23.076923076923077,66.27218934911244,60.35502958579882,5.9171597633136095
E00025327,66,19,6,13,47,43,4,28.78787878787879,9.090909090909092,19.696969696969695,71.21212121212122,65.15151515151516,6.0606060606060606
E00025328,157,49,14,35,108,95,13,31.210191082802545,8.9171974522293,22.29299363057325,68.78980891719745,60.509554140127385,8.280254777070063
E00025329,74,24,9,15,50,39,11,32.432432432432435,12.162162162162163,20.27027027027027,67.56756756756756,52.702702702702695,14.864864864864865
E00025330,89,29,10,19,60,53,7,32.58426966292135,11.235955056179774,21.34831460674157,67.41573033707866,59.55056179775281,7.865168539325842
E00025331,111,27,10,17,84,75,9,24.324324324324326,9.00900900900901,15.315315315315313,75.67567567567568,67.56756756756756,8.108108108108109
E00025332,80,25,9,16,55,51,4,31.25,11.25,20,68.75,63.74999999999999,5
E00025333,133,39,11,28,94,80,14,29.32330827067669,8.270676691729323,21.052631578947366,70.67669172932331,60.150375939849624,10.526315789473683
E00025334,121,41,12,29,80,66,14,33.88429752066116,9.917355371900827,23.96694214876033,66.11570247933885,54.54545454545454,11.570247933884298
E00025335,149,54,22,32,95,75,20,36.241610738255034,14.76510067114094,21.476510067114095,63.758389261744966,50.33557046979866,13.422818791946309
E00025336,144,42,7,35,102,86,16,29.166666666666668,4.861111111111112,24.305555555555554,70.83333333333334,59.72222222222222,11.11111111111111
E00025337,318,77,22,55,241,212,29,24.21383647798742,6.918238993710692,17.29559748427673,75.78616352201259,66.66666666666666,9.119496855345911
E00025339,195,58,20,38,137,112,25,29.743589743589745,10.256410256410255,19.48717948717949,70.25641025641025,57.43589743589743,12.82051282051282
E00025341,85,21,8,13,64,54,10,24.705882352941178,9.411764705882353,15.294117647058824,75.29411764705883,63.52941176470588,11.76470588235294
E00025342,117,36,12,24,81,70,11,30.76923076923077,10.256410256410255,20.51282051282051,69.23076923076923,59.82905982905983,9.401709401709402
E00025343,129,46,12,34,83,75,8,35.65891472868217,9.30232558139535,26.356589147286826,64.34108527131784,58.139534883720934,6.2015503875969
E00025344,134,33,13,20,101,88,13,24.62686567164179,9.701492537313433,14.925373134328357,75.3731343283582,65.67164179104478,9.701492537313433
E00025345,112,48,20,28,64,57,7,42.857142857142854,17.857142857142858,25,57.14285714285714,50.89285714285714,6.25
E00025346,86,28,10,18,58,49,9,32.55813953488372,11.627906976744185,20.930232558139537,67.44186046511628,56.97674418604651,10.465116279069768
E00025347,85,35,9,26,50,48,2,41.17647058823529,10.588235294117647,30.58823529411765,58.82352941176471,56.470588235294116,2.3529411764705883
E00025348,204,60,12,48,144,123,21,29.411764705882355,5.88235294117647,23.52941176470588,70.58823529411765,60.29411764705882,10.294117647058822
E00025349,80,29,5,24,51,45,6,36.25,6.25,30,63.74999999999999,56.25,7.5
E00025351,121,32,13,19,89,81,8,26.446280991735538,10.743801652892563,15.702479338842975,73.55371900826447,66.94214876033058,6.6115702479338845
E00025352,136,38,14,24,98,93,5,27.941176470588236,10.294117647058822,17.647058823529413,72.05882352941177,68.38235294117648,3.6764705882352944
E00025353,108,28,9,19,80,70,10,25.925925925925924,8.333333333333332,17.59259259259259,74.07407407407408,64.81481481481481,9.25925925925926
E00025354,103,22,5,17,81,75,6,21.35922330097087,4.854368932038835,16.50485436893204,78.64077669902912,72.81553398058253,5.825242718446602
E00025355,145,48,21,27,97,87,10,33.10344827586207,14.482758620689657,18.620689655172416,66.89655172413794,60,6.896551724137931
E00025356,164,52,19,33,112,103,9,31.70731707317073,11.585365853658537,20.121951219512198,68.29268292682927,62.80487804878049,5.487804878048781
E00025357,165,56,15,41,109,96,13,33.939393939393945,9.090909090909092,24.848484848484848,66.06060606060606,58.18181818181818,7.878787878787878
E00025359,155,36,10,26,119,101,18,23.225806451612904,6.451612903225806,16.7741935483871,76.77419354838709,65.16129032258064,11.612903225806452
E00025360,127,48,12,36,79,65,14,37.79527559055118,9.448818897637794,28.346456692913385,62.20472440944882,51.181102362204726,11.023622047244094
E00025361,184,69,29,40,115,86,29,37.5,15.760869565217392,21.73913043478261,62.5,46.73913043478261,15.760869565217392
E00025362,179,37,10,27,142,128,14,20.670391061452513,5.58659217877095,15.083798882681565,79.3296089385475,71.50837988826815,7.82122905027933
E00025363,161,48,18,30,113,98,15,29.81366459627329,11.180124223602485,18.633540372670808,70.1863354037267,60.86956521739131,9.316770186335404
E00025364,113,47,15,32,66,57,9,41.5929203539823,13.274336283185843,28.31858407079646,58.4070796460177,50.442477876106196,7.964601769911504
E00025365,299,71,21,50,228,198,30,23.745819397993312,7.023411371237458,16.722408026755854,76.2541806020067,66.22073578595318,10.033444816053512
E00025366,115,26,8,18,89,79,10,22.608695652173914,6.956521739130435,15.65217391304348,77.39130434782608,68.69565217391305,8.695652173913043
E00025367,126,42,12,30,84,75,9,33.33333333333333,9.523809523809524,23.809523809523807,66.66666666666666,59.523809523809526,7.142857142857142
E00025368,91,28,9,19,63,56,7,30.76923076923077,9.89010989010989,20.87912087912088,69.23076923076923,61.53846153846154,7.6923076923076925
E00025370,146,37,19,18,109,95,14,25.34246575342466,13.013698630136986,12.32876712328767,74.65753424657534,65.06849315068493,9.58904109589041
E00025371,140,48,10,38,92,78,14,34.285714285714285,7.142857142857142,27.142857142857142,65.71428571428571,55.714285714285715,10
E00025372,155,40,12,28,115,101,14,25.806451612903224,7.741935483870968,18.064516129032256,74.19354838709677,65.16129032258064,9.032258064516128
E00025373,63,18,4,14,45,42,3,28.57142857142857,6.349206349206349,22.22222222222222,71.42857142857143,66.66666666666666,4.761904761904762
E00025374,77,22,4,18,55,49,6,28.57142857142857,5.194805194805195,23.376623376623375,71.42857142857143,63.63636363636363,7.792207792207792
E00025375,153,42,18,24,111,99,12,27.450980392156865,11.76470588235294,15.686274509803921,72.54901960784314,64.70588235294117,7.8431372549019605
E00025376,175,41,14,27,134,106,28,23.42857142857143,8,15.428571428571427,76.57142857142857,60.57142857142858,16
E00025377,223,54,15,39,169,137,32,24.2152466367713,6.726457399103139,17.48878923766816,75.7847533632287,61.43497757847533,14.349775784753364
E00025378,217,67,18,49,150,125,25,30.87557603686636,8.294930875576037,22.58064516129032,69.12442396313364,57.6036866359447,11.52073732718894
E00025379,106,26,6,20,80,58,22,24.528301886792452,5.660377358490567,18.867924528301888,75.47169811320755,54.71698113207547,20.754716981132077
E00025380,87,30,12,18,57,53,4,34.48275862068966,13.793103448275861,20.689655172413794,65.51724137931035,60.91954022988506,4.597701149425287
E00025381,160,53,18,35,107,94,13,33.125,11.25,21.875,66.875,58.75,8.125
E00025382,81,23,4,19,58,50,8,28.39506172839506,4.938271604938271,23.456790123456788,71.60493827160494,61.72839506172839,9.876543209876543
E00025383,156,45,14,31,111,95,16,28.846153846153843,8.974358974358974,19.871794871794872,71.15384615384616,60.89743589743589,10.256410256410255
E00025384,161,47,13,34,114,99,15,29.19254658385093,8.074534161490684,21.11801242236025,70.80745341614907,61.49068322981367,9.316770186335404
E00025385,149,36,13,23,113,100,13,24.161073825503358,8.724832214765101,15.436241610738255,75.83892617449665,67.11409395973155,8.724832214765101
E00025386,166,43,15,28,123,96,27,25.903614457831324,9.036144578313253,16.867469879518072,74.09638554216868,57.831325301204814,16.265060240963855
E00025387,80,26,8,18,54,53,1,32.5,10,22.5,67.5,66.25,1.25
E00025388,163,49,14,35,114,96,18,30.061349693251532,8.588957055214724,21.472392638036812,69.93865030674846,58.895705521472394,11.042944785276074
E00025389,188,56,21,35,132,111,21,29.78723404255319,11.170212765957446,18.617021276595743,70.2127659574468,59.04255319148937,11.170212765957446
E00025390,161,51,16,35,110,92,18,31.67701863354037,9.937888198757763,21.73913043478261,68.32298136645963,57.14285714285714,11.180124223602485
E00025391,125,48,19,29,77,66,11,38.4,15.2,23.200000000000003,61.6,52.800000000000004,8.799999999999999
E00025392,139,28,7,21,111,102,9,20.14388489208633,5.0359712230215825,15.107913669064748,79.85611510791367,73.38129496402878,6.474820143884892
E00025393,156,33,6,27,123,105,18,21.153846153846153,3.8461538461538463,17.307692307692307,78.84615384615384,67.3076923076923,11.538461538461538
E00025394,114,38,11,27,76,66,10,33.33333333333333,9.649122807017543,23.684210526315788,66.66666666666666,57.89473684210527,8.771929824561402
E00025395,166,41,19,22,125,113,12,24.69879518072289,11.44578313253012,13.253012048192772,75.30120481927712,68.07228915662651,7.228915662650602
E00025396,115,33,11,22,82,73,9,28.695652173913043,9.565217391304348,19.130434782608695,71.30434782608695,63.47826086956522,7.82608695652174
E00025397,142,32,10,22,110,97,13,22.535211267605636,7.042253521126761,15.492957746478872,77.46478873239437,68.30985915492957,9.15492957746479
E00025398,204,67,17,50,137,125,12,32.84313725490196,8.333333333333332,24.509803921568626,67.15686274509804,61.274509803921575,5.88235294117647
E00025399,163,46,13,33,117,97,20,28.22085889570552,7.975460122699387,20.245398773006134,71.77914110429448,59.50920245398773,12.269938650306749
E00025400,130,32,16,16,98,83,15,24.615384615384617,12.307692307692308,12.307692307692308,75.38461538461539,63.84615384615384,11.538461538461538
E00025401,102,23,9,14,79,71,8,22.54901960784314,8.823529411764707,13.725490196078432,77.45098039215686,69.6078431372549,7.8431372549019605
E00025402,138,25,7,18,113,92,21,18.115942028985508,5.072463768115942,13.043478260869565,81.88405797101449,66.66666666666666,15.217391304347828
E00025403,129,31,12,19,98,86,12,24.031007751937985,9.30232558139535,14.728682170542637,75.96899224806202,66.66666666666666,9.30232558139535
E00025404,148,37,11,26,111,93,18,25,7.4324324324324325,17.56756756756757,75,62.83783783783784,12.162162162162163
E00025405,116,33,13,20,83,74,9,28.448275862068968,11.206896551724139,17.24137931034483,71.55172413793103,63.793103448275865,7.758620689655173
E00025406,190,48,22,26,142,122,20,25.263157894736842,11.578947368421053,13.684210526315791,74.73684210526315,64.21052631578948,10.526315789473683
E00025407,177,45,17,28,132,116,16,25.423728813559322,9.6045197740113,15.819209039548024,74.57627118644068,65.5367231638418,9.03954802259887
E00025409,234,54,15,39,180,137,43,23.076923076923077,6.41025641025641,16.666666666666664,76.92307692307693,58.54700854700855,18.37606837606838
E00025410,133,36,8,28,97,84,13,27.06766917293233,6.015037593984962,21.052631578947366,72.93233082706767,63.1578947368421,9.774436090225564
E00025411,130,32,10,22,98,80,18,24.615384615384617,7.6923076923076925,16.923076923076923,75.38461538461539,61.53846153846154,13.846153846153847
E00025412,144,46,14,32,98,79,19,31.944444444444443,9.722222222222223,22.22222222222222,68.05555555555556,54.861111111111114,13.194444444444445
E00025413,128,31,7,24,97,87,10,24.21875,5.46875,18.75,75.78125,67.96875,7.8125
E00025414,147,36,9,27,111,96,15,24.489795918367346,6.122448979591836,18.367346938775512,75.51020408163265,65.3061224489796,10.204081632653061
E00025415,222,66,26,40,156,129,27,29.72972972972973,11.711711711711711,18.01801801801802,70.27027027027027,58.108108108108105,12.162162162162163
E00025416,124,29,6,23,95,76,19,23.387096774193548,4.838709677419355,18.548387096774192,76.61290322580645,61.29032258064516,15.32258064516129
E00025417,161,46,20,26,115,97,18,28.57142857142857,12.422360248447205,16.149068322981368,71.42857142857143,60.24844720496895,11.180124223602485
E00025418,112,33,9,24,79,65,14,29.464285714285715,8.035714285714286,21.428571428571427,70.53571428571429,58.03571428571429,12.5
E00025419,110,24,9,15,86,75,11,21.818181818181817,8.181818181818182,13.636363636363635,78.18181818181819,68.18181818181817,10
E00025420,160,57,24,33,103,88,15,35.625,15,20.625,64.375,55.00000000000001,9.375
E00025421,109,43,9,34,66,61,5,39.44954128440367,8.256880733944955,31.19266055045872,60.550458715596335,55.96330275229357,4.587155963302752
E00025422,168,53,14,39,115,104,11,31.547619047619047,8.333333333333332,23.214285714285715,68.45238095238095,61.904761904761905,6.547619047619048
E00025423,135,57,14,43,78,68,10,42.22222222222222,10.37037037037037,31.851851851851855,57.77777777777777,50.37037037037037,7.4074074074074066
E00025424,206,79,18,61,127,118,9,38.349514563106794,8.737864077669903,29.61165048543689,61.6504854368932,57.28155339805825,4.368932038834951
E00025425,117,46,10,36,71,64,7,39.31623931623932,8.547008547008547,30.76923076923077,60.68376068376068,54.700854700854705,5.982905982905983
E00025427,186,84,24,60,102,99,3,45.16129032258064,12.903225806451612,32.25806451612903,54.83870967741935,53.2258064516129,1.6129032258064515
E00025428,85,32,8,24,53,47,6,37.64705882352941,9.411764705882353,28.235294117647058,62.35294117647059,55.294117647058826,7.0588235294117645
E00025430,146,57,14,43,89,86,3,39.04109589041096,9.58904109589041,29.45205479452055,60.95890410958904,58.9041095890411,2.054794520547945
E00025432,113,41,20,21,72,62,10,36.283185840707965,17.699115044247787,18.58407079646018,63.716814159292035,54.86725663716814,8.849557522123893
E00025433,168,56,12,44,112,96,16,33.33333333333333,7.142857142857142,26.190476190476193,66.66666666666666,57.14285714285714,9.523809523809524
E00025434,135,46,19,27,89,79,10,34.074074074074076,14.074074074074074,20,65.92592592592592,58.51851851851851,7.4074074074074066
E00025435,120,42,13,29,78,66,12,35,10.833333333333334,24.166666666666668,65,55.00000000000001,10
E00025436,200,71,25,46,129,119,10,35.5,12.5,23,64.5,59.5,5
E00025437,117,54,21,33,63,57,6,46.15384615384615,17.94871794871795,28.205128205128204,53.84615384615385,48.717948717948715,5.128205128205128
E00025438,154,46,18,28,108,102,6,29.87012987012987,11.688311688311687,18.181818181818183,70.12987012987013,66.23376623376623,3.896103896103896
E00025439,176,60,18,42,116,109,7,34.090909090909086,10.227272727272728,23.863636363636363,65.9090909090909,61.93181818181818,3.977272727272727
E00025440,121,50,12,38,71,58,13,41.32231404958678,9.917355371900827,31.40495867768595,58.67768595041323,47.93388429752066,10.743801652892563
E00025441,161,64,23,41,97,86,11,39.75155279503105,14.285714285714285,25.465838509316768,60.24844720496895,53.41614906832298,6.832298136645963
E00025442,145,48,16,32,97,89,8,33.10344827586207,11.03448275862069,22.06896551724138,66.89655172413794,61.37931034482759,5.517241379310345
E00025443,128,37,13,24,91,79,12,28.90625,10.15625,18.75,71.09375,61.71875,9.375
E00025444,159,67,21,46,92,88,4,42.138364779874216,13.20754716981132,28.930817610062892,57.861635220125784,55.34591194968554,2.515723270440252
E00025445,145,51,12,39,94,82,12,35.172413793103445,8.275862068965518,26.89655172413793,64.82758620689654,56.55172413793104,8.275862068965518
E00025446,215,65,14,51,150,131,19,30.23255813953488,6.511627906976744,23.72093023255814,69.76744186046511,60.93023255813953,8.837209302325581
E00025447,126,40,11,29,86,78,8,31.746031746031743,8.73015873015873,23.015873015873016,68.25396825396825,61.904761904761905,6.349206349206349
E00025448,126,44,6,38,82,73,9,34.92063492063492,4.761904761904762,30.158730158730158,65.07936507936508,57.936507936507944,7.142857142857142
E00025449,229,64,23,41,165,142,23,27.947598253275107,10.043668122270741,17.903930131004365,72.0524017467249,62.00873362445415,10.043668122270741
E00025450,108,37,12,25,71,62,9,34.25925925925926,11.11111111111111,23.14814814814815,65.74074074074075,57.407407407407405,8.333333333333332
E00025451,157,41,4,37,116,104,12,26.11464968152866,2.547770700636943,23.56687898089172,73.88535031847134,66.2420382165605,7.643312101910828
E00025452,30,10,5,5,20,19,1,33.33333333333333,16.666666666666664,16.666666666666664,66.66666666666666,63.33333333333333,3.3333333333333335
E00025453,147,39,12,27,108,89,19,26.53061224489796,8.16326530612245,18.367346938775512,73.46938775510205,60.544217687074834,12.925170068027212
E00025454,124,50,15,35,74,70,4,40.32258064516129,12.096774193548388,28.225806451612907,59.67741935483871,56.451612903225815,3.225806451612903
E00025455,96,29,8,21,67,58,9,30.208333333333332,8.333333333333332,21.875,69.79166666666666,60.416666666666664,9.375
E00025456,165,63,16,47,102,91,11,38.18181818181819,9.696969696969697,28.484848484848484,61.81818181818181,55.15151515151515,6.666666666666667
E00025457,106,35,7,28,71,66,5,33.0188679245283,6.60377358490566,26.41509433962264,66.98113207547169,62.264150943396224,4.716981132075472
E00025458,89,20,7,13,69,62,7,22.47191011235955,7.865168539325842,14.606741573033707,77.52808988764045,69.66292134831461,7.865168539325842
E00025459,170,43,11,32,127,107,20,25.294117647058822,6.470588235294119,18.823529411764707,74.70588235294117,62.94117647058823,11.76470588235294
E00025460,142,68,17,51,74,65,9,47.88732394366197,11.971830985915492,35.91549295774648,52.112676056338024,45.774647887323944,6.338028169014084
E00025461,169,75,20,55,94,82,12,44.37869822485207,11.834319526627219,32.544378698224854,55.62130177514793,48.5207100591716,7.100591715976331
E00025462,139,34,10,24,105,88,17,24.46043165467626,7.1942446043165464,17.26618705035971,75.53956834532374,63.30935251798561,12.23021582733813
E00025463,138,37,13,24,101,89,12,26.811594202898554,9.420289855072465,17.391304347826086,73.18840579710145,64.4927536231884,8.695652173913043
E00025464,133,48,14,34,85,73,12,36.09022556390977,10.526315789473683,25.563909774436087,63.90977443609023,54.88721804511278,9.022556390977442
E00025465,89,29,13,16,60,53,7,32.58426966292135,14.606741573033707,17.97752808988764,67.41573033707866,59.55056179775281,7.865168539325842
E00025466,136,40,12,28,96,85,11,29.411764705882355,8.823529411764707,20.588235294117645,70.58823529411765,62.5,8.088235294117647
E00025467,156,47,17,30,109,93,16,30.128205128205128,10.897435897435898,19.230769230769234,69.87179487179486,59.61538461538461,10.256410256410255
E00025468,302,44,14,30,258,206,52,14.56953642384106,4.635761589403973,9.933774834437086,85.43046357615894,68.21192052980133,17.218543046357617
E00025469,152,37,11,26,115,97,18,24.342105263157894,7.236842105263158,17.105263157894736,75.6578947368421,63.81578947368421,11.842105263157894
E00025470,116,28,8,20,88,77,11,24.137931034482758,6.896551724137931,17.24137931034483,75.86206896551724,66.37931034482759,9.482758620689655
E00025471,53,16,5,11,37,30,7,30.18867924528302,9.433962264150944,20.754716981132077,69.81132075471697,56.60377358490566,13.20754716981132
E00025472,97,30,7,23,67,62,5,30.927835051546392,7.216494845360824,23.711340206185564,69.0721649484536,63.91752577319587,5.154639175257731
E00025474,154,32,7,25,122,110,12,20.77922077922078,4.545454545454546,16.233766233766232,79.22077922077922,71.42857142857143,7.792207792207792
E00025475,146,33,8,25,113,100,13,22.602739726027394,5.47945205479452,17.123287671232877,77.3972602739726,68.4931506849315,8.904109589041095
E00025476,182,49,17,32,133,116,17,26.923076923076923,9.340659340659341,17.582417582417584,73.07692307692307,63.73626373626373,9.340659340659341
E00025477,156,29,11,18,127,109,18,18.58974358974359,7.051282051282051,11.538461538461538,81.41025641025641,69.87179487179486,11.538461538461538
E00025478,125,43,13,30,82,64,18,34.4,10.4,24,65.60000000000001,51.2,14.399999999999999
E00025479,182,32,8,24,150,128,22,17.582417582417584,4.395604395604396,13.186813186813188,82.41758241758241,70.32967032967034,12.087912087912088
E00025480,161,57,18,39,104,81,23,35.40372670807454,11.180124223602485,24.22360248447205,64.59627329192547,50.31055900621118,14.285714285714285
E00025481,155,39,16,23,116,96,20,25.161290322580644,10.32258064516129,14.838709677419354,74.83870967741936,61.935483870967744,12.903225806451612
E00025482,112,28,11,17,84,80,4,25,9.821428571428571,15.178571428571427,75,71.42857142857143,3.571428571428571
E00025483,163,36,14,22,127,120,7,22.085889570552148,8.588957055214724,13.496932515337424,77.91411042944786,73.61963190184049,4.294478527607362
E00025484,170,31,7,24,139,128,11,18.235294117647058,4.117647058823529,14.117647058823529,81.76470588235294,75.29411764705883,6.470588235294119
E00025485,159,49,16,33,110,95,15,30.81761006289308,10.062893081761008,20.754716981132077,69.18238993710692,59.74842767295597,9.433962264150944
E00025486,137,65,33,32,72,57,15,47.44525547445255,24.087591240875913,23.357664233576642,52.55474452554745,41.605839416058394,10.948905109489052
E00025487,116,35,15,20,81,64,17,30.17241379310345,12.931034482758621,17.24137931034483,69.82758620689656,55.172413793103445,14.655172413793101
E00025488,140,47,19,28,93,87,6,33.57142857142857,13.571428571428571,20,66.42857142857143,62.142857142857146,4.285714285714286
E00025489,123,38,10,28,85,72,13,30.89430894308943,8.130081300813007,22.76422764227642,69.10569105691057,58.536585365853654,10.569105691056912
E00025490,148,45,10,35,103,96,7,30.405405405405407,6.756756756756757,23.64864864864865,69.5945945945946,64.86486486486487,4.72972972972973
E00025491,236,63,20,43,173,160,13,26.69491525423729,8.47457627118644,18.220338983050848,73.30508474576271,67.79661016949152,5.508474576271186
E00025492,160,47,16,31,113,89,24,29.375,10,19.375,70.625,55.625,15
E00025493,151,34,10,24,117,100,17,22.516556291390728,6.622516556291391,15.894039735099339,77.48344370860927,66.22516556291392,11.258278145695364
E00025494,136,39,11,28,97,89,8,28.676470588235293,8.088235294117647,20.588235294117645,71.32352941176471,65.44117647058823,5.88235294117647
E00025495,135,39,7,32,96,85,11,28.888888888888886,5.185185185185185,23.703703703703706,71.11111111111111,62.96296296296296,8.148148148148149
E00025496,179,52,20,32,127,119,8,29.05027932960894,11.1731843575419,17.877094972067038,70.94972067039106,66.4804469273743,4.4692737430167595
E00025497,161,49,14,35,112,97,15,30.434782608695656,8.695652173913043,21.73913043478261,69.56521739130434,60.24844720496895,9.316770186335404
E00025498,129,52,16,36,77,63,14,40.310077519379846,12.4031007751938,27.906976744186046,59.68992248062015,48.837209302325576,10.852713178294573
E00025499,143,44,15,29,99,95,4,30.76923076923077,10.48951048951049,20.27972027972028,69.23076923076923,66.43356643356644,2.797202797202797
E00025500,191,66,19,47,125,110,15,34.55497382198953,9.947643979057592,24.60732984293194,65.44502617801047,57.59162303664922,7.853403141361256
E00025501,96,33,14,19,63,56,7,34.375,14.583333333333334,19.791666666666664,65.625,58.333333333333336,7.291666666666667
E00025502,144,59,23,36,85,75,10,40.97222222222222,15.972222222222221,25,59.02777777777778,52.083333333333336,6.944444444444445
E00025503,189,87,29,58,102,85,17,46.03174603174603,15.343915343915343,30.687830687830687,53.96825396825397,44.97354497354497,8.994708994708994
E00025504,139,53,21,32,86,71,15,38.1294964028777,15.107913669064748,23.021582733812952,61.87050359712231,51.07913669064749,10.79136690647482
E00025505,201,57,17,40,144,118,26,28.35820895522388,8.45771144278607,19.900497512437813,71.64179104477611,58.70646766169154,12.935323383084576
E00025506,223,101,30,71,122,113,9,45.2914798206278,13.452914798206278,31.838565022421523,54.7085201793722,50.672645739910315,4.0358744394618835
E00025507,181,63,26,37,118,107,11,34.806629834254146,14.3646408839779,20.441988950276244,65.19337016574586,59.11602209944752,6.077348066298343
E00025508,145,80,21,59,65,56,9,55.172413793103445,14.482758620689657,40.689655172413794,44.827586206896555,38.62068965517241,6.206896551724138
E00025509,187,100,24,76,87,78,9,53.475935828877006,12.834224598930483,40.64171122994652,46.524064171122994,41.711229946524064,4.81283422459893
E00025510,181,82,16,66,99,85,14,45.30386740331492,8.83977900552486,36.46408839779006,54.69613259668509,46.96132596685083,7.734806629834254
E00025511,202,85,21,64,117,91,26,42.07920792079208,10.396039603960396,31.683168316831683,57.920792079207914,45.04950495049505,12.871287128712872
E00025512,175,87,22,65,88,69,19,49.714285714285715,12.571428571428573,37.142857142857146,50.28571428571429,39.42857142857143,10.857142857142858
E00025513,199,128,37,91,71,68,3,64.321608040201,18.592964824120603,45.7286432160804,35.678391959798994,34.17085427135678,1.507537688442211
E00025514,177,86,32,54,91,78,13,48.58757062146893,18.07909604519774,30.508474576271187,51.41242937853108,44.06779661016949,7.344632768361582
E00025515,188,116,26,90,72,59,13,61.702127659574465,13.829787234042554,47.87234042553192,38.297872340425535,31.382978723404253,6.914893617021277
E00025516,189,133,26,107,56,48,8,70.37037037037037,13.756613756613756,56.613756613756614,29.629629629629626,25.396825396825395,4.232804232804233
E00025517,199,132,31,101,67,61,6,66.33165829145729,15.577889447236181,50.753768844221106,33.66834170854271,30.65326633165829,3.015075376884422
E00025518,126,70,13,57,56,48,8,55.55555555555556,10.317460317460316,45.23809523809524,44.44444444444444,38.095238095238095,6.349206349206349
E00025519,200,33,8,25,167,142,25,16.5,4,12.5,83.5,71,12.5
E00025520,155,29,7,22,126,115,11,18.70967741935484,4.516129032258064,14.193548387096774,81.29032258064515,74.19354838709677,7.096774193548387
E00025521,162,42,16,26,120,107,13,25.925925925925924,9.876543209876543,16.049382716049383,74.07407407407408,66.0493827160494,8.024691358024691
E00025522,192,53,15,38,139,121,18,27.604166666666668,7.8125,19.791666666666664,72.39583333333334,63.020833333333336,9.375
E00025523,207,51,15,36,156,137,19,24.637681159420293,7.246376811594203,17.391304347826086,75.36231884057972,66.18357487922705,9.178743961352657
E00025524,72,26,9,17,46,42,4,36.11111111111111,12.5,23.61111111111111,63.888888888888886,58.333333333333336,5.555555555555555
E00025525,126,36,9,27,90,82,8,28.57142857142857,7.142857142857142,21.428571428571427,71.42857142857143,65.07936507936508,6.349206349206349
E00025526,145,42,12,30,103,94,9,28.965517241379313,8.275862068965518,20.689655172413794,71.03448275862068,64.82758620689654,6.206896551724138
E00025527,138,40,8,32,98,86,12,28.985507246376812,5.797101449275362,23.18840579710145,71.01449275362319,62.31884057971014,8.695652173913043
E00025528,169,61,20,41,108,92,16,36.09467455621302,11.834319526627219,24.2603550295858,63.905325443786985,54.437869822485204,9.467455621301776
E00025529,168,59,18,41,109,98,11,35.11904761904761,10.714285714285714,24.404761904761905,64.88095238095238,58.333333333333336,6.547619047619048
E00025530,93,26,7,19,67,62,5,27.956989247311824,7.526881720430108,20.43010752688172,72.04301075268818,66.66666666666666,5.376344086021505
E00025532,146,46,17,29,100,82,18,31.506849315068493,11.643835616438356,19.863013698630137,68.4931506849315,56.16438356164384,12.32876712328767
E00025533,184,69,32,37,115,88,27,37.5,17.391304347826086,20.108695652173914,62.5,47.82608695652174,14.673913043478262
E00025534,118,39,14,25,79,64,15,33.05084745762712,11.864406779661017,21.1864406779661,66.94915254237289,54.23728813559322,12.711864406779661
E00025535,180,64,27,37,116,91,25,35.55555555555556,15,20.555555555555554,64.44444444444444,50.55555555555556,13.88888888888889
E00025536,141,46,14,32,95,77,18,32.62411347517731,9.929078014184398,22.69503546099291,67.37588652482269,54.60992907801418,12.76595744680851
E00025537,123,39,16,23,84,73,11,31.70731707317073,13.008130081300814,18.69918699186992,68.29268292682927,59.34959349593496,8.94308943089431
E00025538,111,36,14,22,75,64,11,32.432432432432435,12.612612612612612,19.81981981981982,67.56756756756756,57.65765765765766,9.90990990990991
E00025539,200,67,24,43,133,105,28,33.5,12,21.5,66.5,52.5,14.000000000000002
E00025540,130,38,15,23,92,75,17,29.230769230769234,11.538461538461538,17.692307692307693,70.76923076923077,57.692307692307686,13.076923076923078
E00025541,131,37,19,18,94,77,17,28.24427480916031,14.50381679389313,13.740458015267176,71.7557251908397,58.778625954198475,12.977099236641221
E00025542,126,34,11,23,92,81,11,26.984126984126984,8.73015873015873,18.253968253968253,73.01587301587301,64.28571428571429,8.73015873015873
E00025543,88,29,5,24,59,54,5,32.95454545454545,5.681818181818182,27.27272727272727,67.04545454545455,61.36363636363637,5.681818181818182
E00025544,130,34,12,22,96,82,14,26.153846153846157,9.230769230769232,16.923076923076923,73.84615384615385,63.07692307692307,10.76923076923077
E00025545,163,46,16,30,117,102,15,28.22085889570552,9.815950920245399,18.404907975460123,71.77914110429448,62.57668711656442,9.202453987730062
E00025546,125,35,13,22,90,75,15,28.000000000000004,10.4,17.599999999999998,72,60,12
E00025547,137,41,16,25,96,82,14,29.927007299270077,11.678832116788321,18.248175182481752,70.07299270072993,59.854014598540154,10.218978102189782
E00025548,160,43,19,24,117,82,35,26.875,11.875,15,73.125,51.24999999999999,21.875
E00025549,110,44,12,32,66,54,12,40,10.909090909090908,29.09090909090909,60,49.09090909090909,10.909090909090908
E00025550,175,51,19,32,124,107,17,29.142857142857142,10.857142857142858,18.285714285714285,70.85714285714285,61.142857142857146,9.714285714285714
E00025551,147,39,10,29,108,91,17,26.53061224489796,6.802721088435375,19.727891156462583,73.46938775510205,61.904761904761905,11.564625850340136
E00025552,175,41,11,30,134,117,17,23.42857142857143,6.2857142857142865,17.142857142857142,76.57142857142857,66.85714285714286,9.714285714285714
E00025553,131,35,15,20,96,80,16,26.717557251908396,11.450381679389313,15.267175572519085,73.2824427480916,61.06870229007634,12.213740458015266
E00025554,125,37,15,22,88,74,14,29.599999999999998,12,17.599999999999998,70.39999999999999,59.199999999999996,11.200000000000001
E00025555,77,23,7,16,54,50,4,29.87012987012987,9.090909090909092,20.77922077922078,70.12987012987013,64.93506493506493,5.194805194805195
E00025556,155,36,12,24,119,112,7,23.225806451612904,7.741935483870968,15.483870967741936,76.77419354838709,72.25806451612902,4.516129032258064
E00025557,218,69,25,44,149,131,18,31.65137614678899,11.46788990825688,20.18348623853211,68.34862385321101,60.09174311926605,8.256880733944955
E00025558,118,39,16,23,79,72,7,33.05084745762712,13.559322033898304,19.491525423728813,66.94915254237289,61.016949152542374,5.932203389830509
E00025559,167,41,10,31,126,105,21,24.550898203592812,5.9880239520958085,18.562874251497004,75.44910179640718,62.874251497005986,12.574850299401197
E00025560,178,50,16,34,128,108,20,28.08988764044944,8.98876404494382,19.101123595505616,71.91011235955057,60.67415730337079,11.235955056179774
E00025561,197,38,10,28,159,136,23,19.289340101522843,5.0761421319796955,14.213197969543149,80.71065989847716,69.03553299492386,11.6751269035533
E00025562,107,35,12,23,72,56,16,32.71028037383177,11.214953271028037,21.49532710280374,67.28971962616822,52.336448598130836,14.953271028037381
E00025563,163,42,17,25,121,112,9,25.766871165644172,10.429447852760736,15.337423312883436,74.23312883435584,68.71165644171779,5.521472392638037
E00025564,137,49,11,38,88,81,7,35.76642335766424,8.02919708029197,27.73722627737226,64.23357664233576,59.12408759124088,5.109489051094891
E00025565,141,34,6,28,107,95,12,24.113475177304963,4.25531914893617,19.858156028368796,75.88652482269504,67.37588652482269,8.51063829787234
E00025566,284,68,29,39,216,185,31,23.943661971830984,10.211267605633804,13.732394366197184,76.05633802816901,65.14084507042254,10.915492957746478
E00025567,149,41,8,33,108,91,17,27.516778523489933,5.369127516778524,22.14765100671141,72.48322147651007,61.07382550335571,11.409395973154362
E00025568,160,41,15,26,119,103,16,25.624999999999996,9.375,16.25,74.375,64.375,10
E00025569,185,52,16,36,133,109,24,28.10810810810811,8.64864864864865,19.45945945945946,71.89189189189189,58.91891891891892,12.972972972972974
E00025570,153,58,23,35,95,84,11,37.908496732026144,15.032679738562091,22.875816993464053,62.091503267973856,54.90196078431373,7.18954248366013
E00025571,90,22,7,15,68,59,9,24.444444444444443,7.777777777777778,16.666666666666664,75.55555555555556,65.55555555555556,10
E00025572,180,50,24,26,130,113,17,27.77777777777778,13.333333333333334,14.444444444444443,72.22222222222221,62.77777777777778,9.444444444444445
E00025573,160,44,15,29,116,104,12,27.500000000000004,9.375,18.125,72.5,65,7.5
E00025574,117,36,14,22,81,69,12,30.76923076923077,11.965811965811966,18.803418803418804,69.23076923076923,58.97435897435898,10.256410256410255
E00025575,141,45,13,32,96,86,10,31.914893617021278,9.219858156028367,22.69503546099291,68.08510638297872,60.99290780141844,7.092198581560284
E00025576,159,47,15,32,112,92,20,29.559748427672954,9.433962264150944,20.125786163522015,70.44025157232704,57.861635220125784,12.578616352201259
E00025577,129,30,13,17,99,90,9,23.25581395348837,10.077519379844961,13.178294573643413,76.74418604651163,69.76744186046511,6.976744186046512
E00025578,145,42,14,28,103,91,12,28.965517241379313,9.655172413793103,19.310344827586206,71.03448275862068,62.758620689655174,8.275862068965518
E00025579,143,42,14,28,101,89,12,29.37062937062937,9.79020979020979,19.58041958041958,70.62937062937063,62.23776223776224,8.391608391608392
E00025580,255,67,19,48,188,169,19,26.27450980392157,7.450980392156863,18.823529411764707,73.72549019607844,66.27450980392156,7.450980392156863
E00025581,154,52,14,38,102,89,13,33.76623376623377,9.090909090909092,24.675324675324674,66.23376623376623,57.7922077922078,8.441558441558442
E00025582,136,46,9,37,90,80,10,33.82352941176471,6.61764705882353,27.205882352941174,66.17647058823529,58.82352941176471,7.352941176470589
E00025583,230,68,27,41,162,142,20,29.565217391304348,11.73913043478261,17.82608695652174,70.43478260869566,61.73913043478261,8.695652173913043
E00025584,155,35,11,24,120,108,12,22.58064516129032,7.096774193548387,15.483870967741936,77.41935483870968,69.6774193548387,7.741935483870968
E00025585,122,32,10,22,90,81,9,26.229508196721312,8.19672131147541,18.0327868852459,73.77049180327869,66.39344262295081,7.377049180327869
E00025586,133,39,14,25,94,84,10,29.32330827067669,10.526315789473683,18.796992481203006,70.67669172932331,63.1578947368421,7.518796992481203
E00025587,120,42,14,28,78,69,9,35,11.666666666666666,23.333333333333332,65,57.49999999999999,7.5
E00025588,148,49,17,32,99,93,6,33.108108108108105,11.486486486486488,21.62162162162162,66.8918918918919,62.83783783783784,4.054054054054054
E00025589,167,47,19,28,120,100,20,28.143712574850298,11.377245508982035,16.766467065868262,71.8562874251497,59.88023952095808,11.976047904191617
E00025590,187,40,7,33,147,129,18,21.390374331550802,3.7433155080213902,17.647058823529413,78.6096256684492,68.98395721925134,9.62566844919786
E00025591,137,30,12,18,107,100,7,21.897810218978105,8.75912408759124,13.138686131386862,78.1021897810219,72.99270072992701,5.109489051094891
E00025592,169,43,9,34,126,112,14,25.443786982248522,5.325443786982249,20.118343195266274,74.55621301775149,66.27218934911244,8.284023668639055
E00025593,118,35,7,28,83,75,8,29.66101694915254,5.932203389830509,23.728813559322035,70.33898305084746,63.559322033898304,6.779661016949152
E00025594,147,44,12,32,103,91,12,29.931972789115648,8.16326530612245,21.768707482993197,70.06802721088435,61.904761904761905,8.16326530612245
E00025595,131,38,15,23,93,84,9,29.00763358778626,11.450381679389313,17.557251908396946,70.99236641221374,64.12213740458014,6.870229007633588
E00025596,146,35,5,30,111,99,12,23.972602739726025,3.4246575342465753,20.54794520547945,76.02739726027397,67.8082191780822,8.21917808219178
E00025597,91,28,10,18,63,56,7,30.76923076923077,10.989010989010989,19.78021978021978,69.23076923076923,61.53846153846154,7.6923076923076925
E00025598,113,25,9,16,88,81,7,22.123893805309734,7.964601769911504,14.15929203539823,77.87610619469027,71.68141592920354,6.1946902654867255
E00025599,163,53,17,36,110,100,10,32.515337423312886,10.429447852760736,22.085889570552148,67.48466257668711,61.34969325153374,6.134969325153374
E00025600,141,41,10,31,100,87,13,29.078014184397162,7.092198581560284,21.98581560283688,70.92198581560284,61.702127659574465,9.219858156028367
E00025602,126,45,16,29,81,74,7,35.714285714285715,12.698412698412698,23.015873015873016,64.28571428571429,58.730158730158735,5.555555555555555
E00025603,124,42,13,29,82,76,6,33.87096774193548,10.483870967741936,23.387096774193548,66.12903225806451,61.29032258064516,4.838709677419355
E00171708,160,74,20,54,86,81,5,46.25,12.5,33.75,53.75,50.625,3.125
E00171709,182,50,15,35,132,124,8,27.472527472527474,8.241758241758241,19.230769230769234,72.52747252747253,68.13186813186813,4.395604395604396
E00171710,178,52,8,44,126,117,9,29.213483146067414,4.49438202247191,24.719101123595504,70.78651685393258,65.73033707865169,5.056179775280898
E00171711,89,26,7,19,63,60,3,29.213483146067414,7.865168539325842,21.34831460674157,70.78651685393258,67.41573033707866,3.3707865168539324
E00171713,101,30,9,21,71,59,12,29.7029702970297,8.91089108910891,20.792079207920793,70.29702970297029,58.415841584158414,11.881188118811881
E00171714,155,47,15,32,108,97,11,30.32258064516129,9.67741935483871,20.64516129032258,69.6774193548387,62.58064516129033,7.096774193548387
E00171715,121,45,12,33,76,65,11,37.1900826446281,9.917355371900827,27.27272727272727,62.8099173553719,53.71900826446281,9.090909090909092
E00171716,195,52,13,39,143,119,24,26.666666666666668,6.666666666666667,20,73.33333333333333,61.02564102564103,12.307692307692308
E00171717,58,16,7,9,42,37,5,27.586206896551722,12.068965517241379,15.517241379310345,72.41379310344827,63.793103448275865,8.620689655172415
E00171718,146,44,16,28,102,94,8,30.136986301369863,10.95890410958904,19.17808219178082,69.86301369863014,64.38356164383562,5.47945205479452
E00181723,104,22,4,18,82,75,7,21.153846153846153,3.8461538461538463,17.307692307692307,78.84615384615384,72.11538461538461,6.730769230769231
E00181730,132,62,23,39,70,63,7,46.96969696969697,17.424242424242426,29.545454545454547,53.03030303030303,47.72727272727273,5.303030303030303
E00181736,116,24,11,13,92,84,8,20.689655172413794,9.482758620689655,11.206896551724139,79.3103448275862,72.41379310344827,6.896551724137931
E00181746,311,46,15,31,265,230,35,14.790996784565916,4.823151125401929,9.967845659163988,85.20900321543408,73.95498392282958,11.254019292604502
E00181747,137,38,13,25,99,87,12,27.73722627737226,9.48905109489051,18.248175182481752,72.26277372262774,63.503649635036496,8.75912408759124
E00181748,304,68,24,44,236,198,38,22.36842105263158,7.894736842105263,14.473684210526317,77.63157894736842,65.13157894736842,12.5
E00181749,208,52,18,34,156,132,24,25,8.653846153846153,16.346153846153847,75,63.46153846153846,11.538461538461538
E00181763,44,21,6,15,23,16,7,47.72727272727273,13.636363636363635,34.090909090909086,52.27272727272727,36.36363636363637,15.909090909090908
E00181766,128,39,9,30,89,77,12,30.46875,7.03125,23.4375,69.53125,60.15625,9.375
E00181769,156,14,5,9,142,124,18,8.974358974358974,3.205128205128205,5.769230769230769,91.02564102564102,79.48717948717949,11.538461538461538
E00181772,74,10,0,10,64,56,8,13.513513513513514,0,13.513513513513514,86.48648648648648,75.67567567567568,10.81081081081081
E00181780,138,71,20,51,67,60,7,51.449275362318836,14.492753623188406,36.95652173913043,48.55072463768116,43.47826086956522,5.072463768115942
E00181783,278,52,17,35,226,193,33,18.705035971223023,6.115107913669065,12.589928057553957,81.29496402877699,69.42446043165468,11.870503597122301
E00181784,63,15,4,11,48,41,7,23.809523809523807,6.349206349206349,17.46031746031746,76.19047619047619,65.07936507936508,11.11111111111111
E00181787,135,39,15,24,96,76,20,28.888888888888886,11.11111111111111,17.77777777777778,71.11111111111111,56.2962962962963,14.814814814814813
E00181788,179,39,13,26,140,130,10,21.787709497206702,7.262569832402235,14.52513966480447,78.2122905027933,72.62569832402235,5.58659217877095
E00181799,161,57,21,36,104,92,12,35.40372670807454,13.043478260869565,22.36024844720497,64.59627329192547,57.14285714285714,7.453416149068323
E00181803,119,31,9,22,88,75,13,26.05042016806723,7.563025210084033,18.487394957983195,73.94957983193278,63.02521008403361,10.92436974789916
E00181805,112,39,5,34,73,61,12,34.82142857142857,4.464285714285714,30.357142857142854,65.17857142857143,54.46428571428571,10.714285714285714
E00181807,250,30,12,18,220,195,25,12,4.8,7.199999999999999,88,78,10
E00181814,112,28,9,19,84,68,16,25,8.035714285714286,16.964285714285715,75,60.71428571428571,14.285714285714285
E00181816,219,59,17,42,160,141,19,26.94063926940639,7.76255707762557,19.17808219178082,73.0593607305936,64.38356164383562,8.67579908675799
E00181822,31,5,0,5,26,23,3,16.129032258064516,0,16.129032258064516,83.87096774193549,74.19354838709677,9.67741935483871
E00181823,59,12,5,7,47,40,7,20.33898305084746,8.47457627118644,11.864406779661017,79.66101694915254,67.79661016949152,11.864406779661017
