OA,ts0380001,ts0380002,ts0380003,ts0380004,ts0380005,ts0380006,ts0380007,ts0380002_PCT,ts0380003_PCT,ts0380004_PCT,ts0380005_PCT,ts0380006_PCT,ts0380007_PCT
E00017603,293,28,14,14,265,6,259,9.556313993174061,4.778156996587031,4.778156996587031,90.44368600682594,2.04778156996587,88.39590443686008
E00017604,297,63,36,27,234,9,225,21.21212121212121,12.121212121212121,9.090909090909092,78.78787878787878,3.0303030303030303,75.75757575757575
E00017605,441,53,18,35,388,16,372,12.01814058956916,4.081632653061225,7.936507936507936,87.98185941043084,3.6281179138321997,84.35374149659864
E00017607,426,49,26,23,377,6,371,11.502347417840376,6.103286384976526,5.39906103286385,88.49765258215963,1.4084507042253522,87.08920187793427
E00017608,334,52,27,25,282,17,265,15.568862275449103,8.08383233532934,7.48502994011976,84.4311377245509,5.089820359281437,79.34131736526946
E00017609,327,64,29,35,263,12,251,19.571865443425075,8.868501529051988,10.703363914373089,80.42813455657493,3.669724770642202,76.75840978593273
E00017610,459,73,34,39,386,22,364,15.904139433551197,7.4074074074074066,8.49673202614379,84.0958605664488,4.793028322440087,79.30283224400871
E00017611,524,76,22,54,448,22,426,14.50381679389313,4.198473282442748,10.305343511450381,85.49618320610686,4.198473282442748,81.29770992366412
E00017612,303,45,18,27,258,11,247,14.85148514851485,5.9405940594059405,8.91089108910891,85.14851485148515,3.6303630363036308,81.51815181518151
E00017614,286,25,7,18,261,7,254,8.741258741258742,2.4475524475524475,6.293706293706294,91.25874125874127,2.4475524475524475,88.81118881118881
E00017616,143,27,15,12,116,0,116,18.88111888111888,10.48951048951049,8.391608391608392,81.11888111888112,0,81.11888111888112
E00017617,282,32,14,18,250,8,242,11.347517730496454,4.964539007092199,6.382978723404255,88.65248226950354,2.8368794326241136,85.81560283687944
E00017618,338,68,35,33,270,12,258,20.118343195266274,10.355029585798817,9.763313609467456,79.88165680473372,3.5502958579881656,76.33136094674556
E00017619,313,82,46,36,231,9,222,26.198083067092654,14.696485623003195,11.501597444089457,73.80191693290735,2.8753993610223643,70.92651757188499
E00017620,384,51,20,31,333,5,328,13.28125,5.208333333333334,8.072916666666668,86.71875,1.3020833333333335,85.41666666666666
E00017621,328,24,10,14,304,16,288,7.317073170731707,3.048780487804878,4.2682926829268295,92.6829268292683,4.878048780487805,87.8048780487805
E00017623,325,31,11,20,294,12,282,9.538461538461538,3.3846153846153846,6.153846153846154,90.46153846153845,3.6923076923076925,86.76923076923076
E00017624,332,30,12,18,302,14,288,9.036144578313253,3.614457831325301,5.421686746987952,90.96385542168674,4.216867469879518,86.74698795180723
E00017625,299,53,31,22,246,8,238,17.725752508361204,10.367892976588628,7.357859531772576,82.2742474916388,2.6755852842809364,79.59866220735786
E00017627,345,6,6,0,339,7,332,1.7391304347826086,1.7391304347826086,0,98.26086956521739,2.0289855072463765,96.23188405797102
E00017628,486,88,51,37,398,21,377,18.106995884773664,10.493827160493826,7.613168724279835,81.89300411522635,4.320987654320987,77.57201646090535
E00017629,316,40,19,21,276,11,265,12.658227848101266,6.012658227848101,6.6455696202531636,87.34177215189874,3.481012658227848,83.86075949367088
E00017630,384,72,43,29,312,12,300,18.75,11.197916666666668,7.552083333333333,81.25,3.125,78.125
E00017631,467,64,38,26,403,26,377,13.704496788008566,8.137044967880087,5.567451820128479,86.29550321199143,5.567451820128479,80.72805139186295
E00017632,312,41,21,20,271,7,264,13.141025641025642,6.730769230769231,6.41025641025641,86.85897435897436,2.2435897435897436,84.61538461538461
E00017633,243,34,16,18,209,5,204,13.991769547325102,6.584362139917696,7.4074074074074066,86.0082304526749,2.05761316872428,83.9506172839506
E00017634,410,23,10,13,387,18,369,5.609756097560976,2.4390243902439024,3.1707317073170733,94.39024390243902,4.390243902439024,90
E00017635,247,16,6,10,231,5,226,6.477732793522267,2.42914979757085,4.048582995951417,93.52226720647774,2.0242914979757085,91.49797570850203
E00017636,224,35,9,26,189,8,181,15.625,4.017857142857143,11.607142857142858,84.375,3.571428571428571,80.80357142857143
E00017637,269,55,28,27,214,17,197,20.44609665427509,10.408921933085502,10.037174721189592,79.5539033457249,6.319702602230483,73.23420074349443
E00017638,194,20,7,13,174,10,164,10.309278350515463,3.608247422680412,6.701030927835052,89.69072164948454,5.154639175257731,84.5360824742268
E00017639,218,25,10,15,193,6,187,11.46788990825688,4.587155963302752,6.8807339449541285,88.53211009174312,2.7522935779816518,85.77981651376146
E00017640,197,21,14,7,176,4,172,10.65989847715736,7.1065989847715745,3.5532994923857872,89.34010152284264,2.030456852791878,87.30964467005076
E00017641,274,63,40,23,211,13,198,22.99270072992701,14.5985401459854,8.394160583941606,77.00729927007299,4.744525547445255,72.26277372262774
E00017642,195,51,36,15,144,5,139,26.153846153846157,18.461538461538463,7.6923076923076925,73.84615384615385,2.564102564102564,71.28205128205128
E00017644,407,64,29,35,343,8,335,15.724815724815725,7.125307125307126,8.5995085995086,84.27518427518427,1.9656019656019657,82.30958230958231
E00017645,338,52,28,24,286,9,277,15.384615384615385,8.284023668639055,7.100591715976331,84.61538461538461,2.6627218934911245,81.95266272189349
E00017646,410,52,23,29,358,8,350,12.682926829268293,5.609756097560976,7.073170731707316,87.3170731707317,1.951219512195122,85.36585365853658
E00017647,491,67,39,28,424,17,407,13.64562118126273,7.942973523421588,5.7026476578411405,86.35437881873727,3.462321792260693,82.89205702647658
E00017649,578,75,36,39,503,23,480,12.975778546712801,6.228373702422145,6.747404844290658,87.0242214532872,3.9792387543252596,83.04498269896193
E00017650,564,96,47,49,468,8,460,17.02127659574468,8.333333333333332,8.687943262411348,82.97872340425532,1.4184397163120568,81.56028368794325
E00017654,474,43,15,28,431,17,414,9.071729957805907,3.1645569620253164,5.9071729957805905,90.92827004219409,3.5864978902953584,87.34177215189874
E00017655,366,34,16,18,332,13,319,9.289617486338798,4.371584699453552,4.918032786885246,90.7103825136612,3.551912568306011,87.1584699453552
E00017656,399,43,17,26,356,13,343,10.776942355889723,4.260651629072681,6.516290726817042,89.22305764411027,3.258145363408521,85.96491228070175
E00017657,435,52,32,20,383,12,371,11.954022988505747,7.35632183908046,4.597701149425287,88.04597701149424,2.7586206896551726,85.28735632183908
E00017658,393,32,12,20,361,20,341,8.142493638676845,3.0534351145038165,5.089058524173027,91.85750636132316,5.089058524173027,86.76844783715013
E00017659,412,30,15,15,382,10,372,7.281553398058252,3.640776699029126,3.640776699029126,92.71844660194175,2.4271844660194173,90.29126213592234
E00017660,568,58,24,34,510,21,489,10.211267605633804,4.225352112676056,5.985915492957746,89.7887323943662,3.697183098591549,86.09154929577466
E00017661,404,33,10,23,371,7,364,8.16831683168317,2.4752475247524752,5.693069306930694,91.83168316831683,1.7326732673267329,90.0990099009901
E00017662,468,54,17,37,414,29,385,11.538461538461538,3.632478632478633,7.905982905982905,88.46153846153845,6.196581196581197,82.26495726495726
E00017663,359,69,30,39,290,15,275,19.220055710306408,8.356545961002785,10.86350974930362,80.77994428969359,4.178272980501393,76.6016713091922
E00017664,315,33,16,17,282,8,274,10.476190476190476,5.079365079365079,5.396825396825397,89.52380952380953,2.5396825396825395,86.98412698412699
E00017665,352,44,21,23,308,10,298,12.5,5.965909090909091,6.534090909090909,87.5,2.840909090909091,84.6590909090909
E00017666,243,32,12,20,211,10,201,13.168724279835391,4.938271604938271,8.23045267489712,86.83127572016461,4.11522633744856,82.71604938271605
E00017668,155,63,37,26,92,1,91,40.64516129032258,23.870967741935484,16.7741935483871,59.354838709677416,0.6451612903225806,58.70967741935483
E00017669,521,42,21,21,479,21,458,8.061420345489443,4.030710172744722,4.030710172744722,91.93857965451056,4.030710172744722,87.90786948176583
E00017671,486,73,41,32,413,9,404,15.020576131687244,8.436213991769549,6.584362139917696,84.97942386831275,1.8518518518518516,83.1275720164609
E00017672,421,42,17,25,379,7,372,9.97624703087886,4.038004750593824,5.938242280285035,90.02375296912113,1.66270783847981,88.36104513064133
E00017673,351,52,29,23,299,0,299,14.814814814814813,8.262108262108262,6.552706552706552,85.18518518518519,0,85.18518518518519
E00017674,321,48,22,26,273,10,263,14.953271028037381,6.853582554517133,8.09968847352025,85.04672897196261,3.115264797507788,81.93146417445483
E00017676,527,66,31,35,461,14,447,12.523719165085389,5.88235294117647,6.641366223908918,87.4762808349146,2.6565464895635675,84.81973434535104
E00017677,326,36,21,15,290,8,282,11.042944785276074,6.441717791411043,4.601226993865031,88.95705521472392,2.4539877300613497,86.50306748466258
E00017678,512,45,21,24,467,16,451,8.7890625,4.1015625,4.6875,91.2109375,3.125,88.0859375
E00017679,525,64,29,35,461,13,448,12.19047619047619,5.523809523809524,6.666666666666667,87.80952380952381,2.4761904761904763,85.33333333333334
E00017680,363,40,18,22,323,20,303,11.019283746556475,4.958677685950414,6.0606060606060606,88.98071625344353,5.5096418732782375,83.47107438016529
E00017682,619,70,31,39,549,20,529,11.308562197092083,5.008077544426494,6.30048465266559,88.69143780290791,3.231017770597738,85.46042003231018
E00017683,395,37,17,20,358,9,349,9.367088607594937,4.30379746835443,5.063291139240507,90.63291139240506,2.278481012658228,88.35443037974684
E00017684,194,36,16,20,158,6,152,18.556701030927837,8.24742268041237,10.309278350515463,81.44329896907216,3.0927835051546393,78.35051546391753
E00017685,292,40,21,19,252,16,236,13.698630136986301,7.191780821917808,6.506849315068493,86.3013698630137,5.47945205479452,80.82191780821918
E00017686,327,62,33,29,265,9,256,18.960244648318042,10.091743119266056,8.868501529051988,81.03975535168195,2.7522935779816518,78.2874617737003
E00017687,242,27,12,15,215,17,198,11.15702479338843,4.958677685950414,6.198347107438017,88.84297520661157,7.024793388429752,81.81818181818183
E00017688,247,46,23,23,201,10,191,18.62348178137652,9.31174089068826,9.31174089068826,81.37651821862349,4.048582995951417,77.32793522267207
E00017689,410,50,26,24,360,18,342,12.195121951219512,6.341463414634147,5.853658536585367,87.8048780487805,4.390243902439024,83.41463414634146
E00017690,376,78,46,32,298,16,282,20.74468085106383,12.23404255319149,8.51063829787234,79.25531914893617,4.25531914893617,75
E00017691,476,72,38,34,404,22,382,15.126050420168067,7.9831932773109235,7.142857142857142,84.87394957983193,4.621848739495799,80.25210084033614
E00017692,490,81,38,43,409,16,393,16.53061224489796,7.755102040816326,8.775510204081632,83.46938775510205,3.2653061224489797,80.20408163265306
E00017693,460,59,27,32,401,22,379,12.82608695652174,5.869565217391305,6.956521739130435,87.17391304347825,4.782608695652174,82.3913043478261
E00017694,338,48,20,28,290,8,282,14.201183431952662,5.9171597633136095,8.284023668639055,85.79881656804734,2.366863905325444,83.4319526627219
E00017695,321,64,36,28,257,15,242,19.937694704049843,11.214953271028037,8.722741433021806,80.06230529595015,4.672897196261682,75.38940809968847
E00017696,335,59,33,26,276,12,264,17.611940298507463,9.850746268656717,7.761194029850746,82.38805970149254,3.582089552238806,78.80597014925374
E00017697,453,61,25,36,392,11,381,13.46578366445916,5.518763796909492,7.9470198675496695,86.53421633554083,2.4282560706401766,84.10596026490066
E00017698,505,79,35,44,426,25,401,15.643564356435643,6.9306930693069315,8.712871287128712,84.35643564356435,4.9504950495049505,79.40594059405942
E00017699,222,26,10,16,196,10,186,11.711711711711711,4.504504504504505,7.207207207207207,88.28828828828829,4.504504504504505,83.78378378378379
E00017700,272,56,28,28,216,9,207,20.588235294117645,10.294117647058822,10.294117647058822,79.41176470588235,3.308823529411765,76.10294117647058
E00017701,391,80,44,36,311,21,290,20.460358056265985,11.253196930946292,9.207161125319693,79.53964194373401,5.3708439897698215,74.16879795396419
E00017702,569,57,25,32,512,16,496,10.017574692442881,4.393673110720562,5.623901581722319,89.98242530755711,2.8119507908611596,87.17047451669596
E00017703,336,36,19,17,300,16,284,10.714285714285714,5.654761904761905,5.059523809523809,89.28571428571429,4.761904761904762,84.52380952380952
E00017704,360,77,41,36,283,12,271,21.38888888888889,11.38888888888889,10,78.61111111111111,3.3333333333333335,75.27777777777777
E00017705,534,70,33,37,464,19,445,13.108614232209737,6.179775280898876,6.928838951310862,86.89138576779027,3.5580524344569286,83.33333333333334
E00017706,354,36,15,21,318,12,306,10.16949152542373,4.23728813559322,5.932203389830509,89.83050847457628,3.389830508474576,86.4406779661017
E00017707,335,50,29,21,285,9,276,14.925373134328357,8.656716417910449,6.26865671641791,85.07462686567165,2.6865671641791042,82.38805970149254
E00017708,514,70,30,40,444,35,409,13.618677042801556,5.836575875486381,7.782101167315175,86.38132295719845,6.809338521400778,79.57198443579766
E00017709,316,47,22,25,269,8,261,14.873417721518987,6.962025316455696,7.9113924050632916,85.12658227848101,2.5316455696202533,82.59493670886076
E00017710,313,55,31,24,258,12,246,17.57188498402556,9.904153354632587,7.667731629392971,82.42811501597444,3.8338658146964857,78.59424920127796
E00017711,523,59,19,40,464,25,439,11.281070745697896,3.632887189292543,7.648183556405354,88.7189292543021,4.780114722753346,83.93881453154876
E00017712,259,43,29,14,216,6,210,16.602316602316602,11.196911196911197,5.405405405405405,83.3976833976834,2.3166023166023164,81.08108108108108
E00017713,419,50,25,25,369,8,361,11.933174224343675,5.966587112171838,5.966587112171838,88.06682577565633,1.9093078758949882,86.15751789976133
E00017715,348,63,41,22,285,13,272,18.103448275862068,11.781609195402298,6.321839080459771,81.89655172413794,3.7356321839080464,78.16091954022988
E00017718,280,19,13,6,261,12,249,6.785714285714286,4.642857142857143,2.142857142857143,93.21428571428572,4.285714285714286,88.92857142857142
E00017719,368,32,18,14,336,12,324,8.695652173913043,4.891304347826087,3.804347826086957,91.30434782608695,3.260869565217391,88.04347826086956
E00017720,233,46,24,22,187,5,182,19.742489270386265,10.300429184549357,9.44206008583691,80.25751072961373,2.1459227467811157,78.11158798283262
E00017721,294,32,12,20,262,10,252,10.884353741496598,4.081632653061225,6.802721088435375,89.1156462585034,3.4013605442176873,85.71428571428571
E00017722,601,56,29,27,545,20,525,9.317803660565724,4.825291181364393,4.492512479201332,90.68219633943427,3.3277870216306153,87.35440931780366
E00017725,325,64,37,27,261,16,245,19.692307692307693,11.384615384615385,8.307692307692308,80.3076923076923,4.923076923076923,75.38461538461539
E00017728,565,59,21,38,506,11,495,10.442477876106194,3.7168141592920354,6.725663716814159,89.5575221238938,1.9469026548672566,87.61061946902655
E00017729,288,70,35,35,218,8,210,24.305555555555554,12.152777777777777,12.152777777777777,75.69444444444444,2.7777777777777777,72.91666666666666
E00017733,310,58,32,26,252,9,243,18.70967741935484,10.32258064516129,8.38709677419355,81.29032258064515,2.903225806451613,78.38709677419354
E00017734,202,36,18,18,166,3,163,17.82178217821782,8.91089108910891,8.91089108910891,82.17821782178217,1.4851485148514851,80.6930693069307
E00017735,296,35,23,12,261,7,254,11.824324324324325,7.77027027027027,4.054054054054054,88.17567567567568,2.364864864864865,85.8108108108108
E00017736,308,40,22,18,268,8,260,12.987012987012985,7.142857142857142,5.844155844155844,87.01298701298701,2.5974025974025974,84.4155844155844
E00017738,309,54,21,33,255,7,248,17.475728155339805,6.796116504854369,10.679611650485436,82.52427184466019,2.26537216828479,80.2588996763754
E00017739,377,72,41,31,305,15,290,19.098143236074268,10.875331564986737,8.222811671087534,80.90185676392572,3.978779840848806,76.92307692307693
E00017740,219,35,20,15,184,8,176,15.981735159817351,9.1324200913242,6.8493150684931505,84.01826484018264,3.65296803652968,80.36529680365297
E00017741,538,68,36,32,470,29,441,12.639405204460965,6.691449814126393,5.947955390334572,87.36059479553904,5.390334572490707,81.97026022304833
E00017742,403,60,39,21,343,14,329,14.888337468982629,9.67741935483871,5.2109181141439205,85.11166253101737,3.4739454094292808,81.6377171215881
E00017743,288,66,40,26,222,10,212,22.916666666666664,13.88888888888889,9.027777777777777,77.08333333333334,3.4722222222222223,73.61111111111111
E00017744,447,58,30,28,389,20,369,12.97539149888143,6.7114093959731544,6.263982102908278,87.02460850111858,4.47427293064877,82.5503355704698
E00017745,282,48,25,23,234,10,224,17.02127659574468,8.865248226950355,8.156028368794328,82.97872340425532,3.546099290780142,79.43262411347519
E00017746,444,59,26,33,385,11,374,13.288288288288289,5.8558558558558556,7.4324324324324325,86.71171171171171,2.4774774774774775,84.23423423423422
E00017747,502,74,33,41,428,28,400,14.741035856573706,6.573705179282868,8.167330677290837,85.2589641434263,5.577689243027888,79.6812749003984
E00017748,391,60,33,27,331,13,318,15.34526854219949,8.439897698209718,6.905370843989769,84.65473145780051,3.324808184143223,81.32992327365729
E00017751,542,58,27,31,484,20,464,10.70110701107011,4.981549815498155,5.719557195571956,89.2988929889299,3.6900369003690034,85.60885608856088
E00017754,421,45,17,28,376,14,362,10.688836104513063,4.038004750593824,6.65083135391924,89.31116389548693,3.32541567695962,85.98574821852732
E00017758,575,92,38,54,483,20,463,16,6.608695652173912,9.391304347826086,84,3.4782608695652173,80.52173913043478
E00017759,467,29,6,23,438,18,420,6.209850107066381,1.284796573875803,4.925053533190578,93.79014989293361,3.854389721627409,89.93576017130621
E00017760,312,51,30,21,261,6,255,16.346153846153847,9.615384615384617,6.730769230769231,83.65384615384616,1.9230769230769231,81.73076923076923
E00017761,302,55,31,24,247,13,234,18.211920529801322,10.264900662251655,7.9470198675496695,81.78807947019867,4.304635761589404,77.48344370860927
E00017762,305,39,19,20,266,13,253,12.786885245901638,6.229508196721312,6.557377049180328,87.21311475409837,4.2622950819672125,82.95081967213115
E00017763,377,34,19,15,343,7,336,9.018567639257293,5.039787798408488,3.978779840848806,90.98143236074272,1.8567639257294428,89.12466843501326
E00017764,335,41,27,14,294,9,285,12.238805970149254,8.059701492537313,4.179104477611941,87.76119402985074,2.6865671641791042,85.07462686567165
E00017765,439,72,44,28,367,12,355,16.40091116173121,10.022779043280181,6.378132118451026,83.5990888382688,2.733485193621868,80.86560364464692
E00017766,433,61,44,17,372,16,356,14.087759815242496,10.161662817551962,3.9260969976905313,85.91224018475751,3.695150115473441,82.21709006928405
E00017767,255,46,22,24,209,6,203,18.03921568627451,8.627450980392156,9.411764705882353,81.96078431372548,2.3529411764705883,79.6078431372549
E00017768,352,83,43,40,269,19,250,23.579545454545457,12.215909090909092,11.363636363636363,76.42045454545455,5.3977272727272725,71.02272727272727
E00017769,510,62,24,38,448,18,430,12.156862745098039,4.705882352941177,7.450980392156863,87.84313725490196,3.5294117647058822,84.31372549019608
E00017770,316,47,28,19,269,13,256,14.873417721518987,8.860759493670885,6.012658227848101,85.12658227848101,4.113924050632911,81.0126582278481
E00017771,363,29,14,15,334,14,320,7.988980716253444,3.8567493112947657,4.132231404958678,92.01101928374655,3.8567493112947657,88.1542699724518
E00017772,337,39,18,21,298,8,290,11.572700296735905,5.341246290801187,6.231454005934718,88.4272997032641,2.3738872403560833,86.05341246290801
E00017773,277,18,7,11,259,9,250,6.4981949458483745,2.527075812274368,3.9711191335740073,93.50180505415162,3.2490974729241873,90.25270758122743
E00017774,518,129,95,34,389,26,363,24.903474903474905,18.33976833976834,6.563706563706563,75.0965250965251,5.019305019305019,70.07722007722008
E00017775,327,43,27,16,284,10,274,13.149847094801222,8.256880733944955,4.892966360856269,86.85015290519877,3.058103975535168,83.79204892966361
E00017776,465,52,24,28,413,14,399,11.182795698924732,5.161290322580645,6.021505376344086,88.81720430107526,3.010752688172043,85.80645161290322
E00017777,521,58,32,26,463,14,449,11.132437619961612,6.142034548944338,4.990403071017274,88.8675623800384,2.6871401151631478,86.18042226487525
E00017778,228,35,17,18,193,6,187,15.350877192982457,7.456140350877193,7.894736842105263,84.64912280701753,2.631578947368421,82.01754385964912
E00017779,191,25,9,16,166,6,160,13.089005235602095,4.712041884816754,8.37696335078534,86.91099476439791,3.1413612565445024,83.7696335078534
E00017780,316,30,12,18,286,8,278,9.49367088607595,3.79746835443038,5.69620253164557,90.50632911392405,2.5316455696202533,87.9746835443038
E00017781,394,45,26,19,349,12,337,11.421319796954315,6.598984771573605,4.822335025380711,88.57868020304569,3.0456852791878175,85.53299492385787
E00017782,319,48,21,27,271,17,254,15.047021943573668,6.583072100313479,8.463949843260188,84.95297805642633,5.329153605015674,79.62382445141067
E00017783,416,42,20,22,374,16,358,10.096153846153847,4.807692307692308,5.288461538461538,89.90384615384616,3.8461538461538463,86.0576923076923
E00017784,313,39,27,12,274,6,268,12.460063897763577,8.626198083067091,3.8338658146964857,87.53993610223642,1.9169329073482428,85.62300319488818
E00017785,507,61,35,26,446,15,431,12.03155818540434,6.903353057199212,5.128205128205128,87.96844181459566,2.9585798816568047,85.00986193293886
E00017786,396,60,28,32,336,16,320,15.151515151515152,7.07070707070707,8.080808080808081,84.84848484848484,4.040404040404041,80.8080808080808
E00017787,362,58,36,22,304,10,294,16.022099447513813,9.94475138121547,6.077348066298343,83.97790055248619,2.7624309392265194,81.21546961325967
E00017788,478,70,43,27,408,14,394,14.644351464435147,8.99581589958159,5.648535564853557,85.35564853556485,2.928870292887029,82.42677824267783
E00017789,335,44,24,20,291,10,281,13.134328358208954,7.164179104477612,5.970149253731343,86.86567164179104,2.9850746268656714,83.88059701492537
E00017790,447,45,21,24,402,9,393,10.06711409395973,4.697986577181208,5.369127516778524,89.93288590604027,2.013422818791946,87.91946308724832
E00017791,586,75,40,35,511,25,486,12.798634812286688,6.825938566552901,5.972696245733788,87.20136518771331,4.266211604095563,82.93515358361775
E00017792,379,52,29,23,327,10,317,13.720316622691293,7.651715039577836,6.068601583113456,86.2796833773087,2.638522427440633,83.64116094986808
E00017793,311,31,5,26,280,12,268,9.967845659163988,1.607717041800643,8.360128617363344,90.03215434083602,3.858520900321544,86.17363344051448
E00017794,427,67,36,31,360,12,348,15.690866510538642,8.430913348946136,7.259953161592506,84.30913348946136,2.810304449648712,81.49882903981265
E00017795,382,46,21,25,336,14,322,12.041884816753926,5.49738219895288,6.544502617801047,87.95811518324608,3.664921465968586,84.29319371727748
E00017796,408,72,44,28,336,10,326,17.647058823529413,10.784313725490197,6.862745098039216,82.35294117647058,2.450980392156863,79.90196078431373
E00017797,401,41,20,21,360,14,346,10.224438902743142,4.987531172069826,5.236907730673317,89.77556109725685,3.4912718204488775,86.28428927680798
E00017798,425,50,24,26,375,13,362,11.76470588235294,5.647058823529412,6.11764705882353,88.23529411764706,3.058823529411765,85.1764705882353
E00017799,450,47,21,26,403,12,391,10.444444444444445,4.666666666666667,5.777777777777778,89.55555555555556,2.666666666666667,86.8888888888889
E00017801,466,45,23,22,421,14,407,9.656652360515022,4.935622317596566,4.721030042918455,90.34334763948499,3.004291845493562,87.33905579399142
E00017802,515,47,25,22,468,10,458,9.12621359223301,4.854368932038835,4.271844660194175,90.87378640776699,1.9417475728155338,88.93203883495146
E00017803,498,68,28,40,430,12,418,13.654618473895583,5.622489959839357,8.032128514056225,86.34538152610442,2.4096385542168677,83.93574297188755
E00017804,560,55,18,37,505,21,484,9.821428571428571,3.214285714285714,6.607142857142858,90.17857142857143,3.75,86.42857142857143
E00017805,495,52,28,24,443,16,427,10.505050505050505,5.656565656565657,4.848484848484849,89.4949494949495,3.2323232323232323,86.26262626262627
E00017806,423,47,17,30,376,10,366,11.11111111111111,4.0189125295508275,7.092198581560284,88.88888888888889,2.3640661938534278,86.52482269503547
E00017807,411,73,39,34,338,15,323,17.761557177615572,9.48905109489051,8.27250608272506,82.23844282238443,3.64963503649635,78.58880778588808
E00017808,543,53,28,25,490,24,466,9.760589318600369,5.156537753222836,4.6040515653775325,90.23941068139963,4.41988950276243,85.8195211786372
E00017810,443,44,21,23,399,11,388,9.932279909706546,4.740406320541761,5.191873589164786,90.06772009029346,2.4830699774266365,87.58465011286681
E00017811,384,45,19,26,339,25,314,11.71875,4.947916666666666,6.770833333333333,88.28125,6.510416666666667,81.77083333333334
E00017812,297,43,23,20,254,14,240,14.47811447811448,7.744107744107744,6.7340067340067336,85.52188552188552,4.713804713804714,80.8080808080808
E00017814,462,55,31,24,407,13,394,11.904761904761903,6.70995670995671,5.194805194805195,88.09523809523809,2.813852813852814,85.28138528138528
E00017816,595,67,41,26,528,12,516,11.260504201680673,6.890756302521009,4.369747899159663,88.73949579831933,2.0168067226890756,86.72268907563026
E00017817,425,60,38,22,365,11,354,14.117647058823529,8.941176470588236,5.176470588235294,85.88235294117646,2.588235294117647,83.29411764705881
E00017818,555,52,22,30,503,14,489,9.36936936936937,3.963963963963964,5.405405405405405,90.63063063063062,2.5225225225225225,88.10810810810811
E00017819,619,71,37,34,548,50,498,11.470113085621971,5.977382875605816,5.492730210016155,88.52988691437803,8.077544426494345,80.45234248788368
E00017820,505,57,38,19,448,22,426,11.287128712871288,7.524752475247524,3.762376237623762,88.71287128712872,4.356435643564356,84.35643564356435
E00017821,417,55,26,29,362,12,350,13.189448441247004,6.235011990407674,6.954436450839328,86.810551558753,2.877697841726619,83.93285371702638
E00017822,424,44,24,20,380,12,368,10.377358490566039,5.660377358490567,4.716981132075472,89.62264150943396,2.8301886792452833,86.79245283018868
E00017823,544,68,33,35,476,17,459,12.5,6.0661764705882355,6.4338235294117645,87.5,3.125,84.375
E00017824,442,41,15,26,401,8,393,9.276018099547512,3.3936651583710407,5.88235294117647,90.72398190045249,1.809954751131222,88.91402714932126
E00017825,417,49,34,15,368,7,361,11.750599520383693,8.15347721822542,3.5971223021582732,88.2494004796163,1.6786570743405276,86.57074340527578
E00017826,613,60,28,32,553,14,539,9.787928221859707,4.567699836867863,5.220228384991843,90.21207177814028,2.2838499184339316,87.92822185970635
E00017827,522,85,40,45,437,18,419,16.28352490421456,7.662835249042145,8.620689655172415,83.71647509578544,3.4482758620689653,80.26819923371647
E00017828,524,72,28,44,452,11,441,13.740458015267176,5.343511450381679,8.396946564885496,86.25954198473282,2.099236641221374,84.16030534351145
E00017829,512,48,24,24,464,14,450,9.375,4.6875,4.6875,90.625,2.734375,87.890625
E00017830,430,40,26,14,390,16,374,9.30232558139535,6.046511627906977,3.255813953488372,90.69767441860465,3.7209302325581395,86.9767441860465
E00017833,534,62,23,39,472,14,458,11.610486891385769,4.307116104868914,7.303370786516854,88.38951310861424,2.6217228464419478,85.76779026217228
E00017834,280,42,24,18,238,8,230,15,8.571428571428571,6.428571428571428,85,2.857142857142857,82.14285714285714
E00017835,439,61,25,36,378,19,359,13.895216400911162,5.694760820045558,8.200455580865604,86.10478359908885,4.328018223234624,81.77676537585421
E00017836,535,70,38,32,465,11,454,13.084112149532709,7.102803738317758,5.981308411214954,86.91588785046729,2.0560747663551404,84.85981308411215
E00017837,521,63,32,31,458,14,444,12.092130518234164,6.142034548944338,5.950095969289827,87.90786948176583,2.6871401151631478,85.22072936660268
E00017839,500,72,37,35,428,9,419,14.399999999999999,7.3999999999999995,7.000000000000001,85.6,1.7999999999999998,83.8
E00017840,583,92,47,45,491,18,473,15.780445969125214,8.061749571183533,7.718696397941681,84.21955403087479,3.0874785591766725,81.13207547169812
E00017841,397,59,28,31,338,15,323,14.86146095717884,7.052896725440807,7.8085642317380355,85.13853904282117,3.7783375314861463,81.36020151133502
E00017842,439,42,30,12,397,11,386,9.567198177676538,6.83371298405467,2.733485193621868,90.43280182232346,2.5056947608200453,87.92710706150342
E00017843,416,41,23,18,375,9,366,9.85576923076923,5.528846153846153,4.326923076923077,90.14423076923077,2.1634615384615383,87.98076923076923
E00017844,573,72,28,44,501,12,489,12.56544502617801,4.886561954624781,7.678883071553229,87.43455497382199,2.094240837696335,85.34031413612566
E00017845,578,72,36,36,506,14,492,12.45674740484429,6.228373702422145,6.228373702422145,87.5432525951557,2.422145328719723,85.12110726643598
E00017846,444,72,33,39,372,15,357,16.216216216216218,7.4324324324324325,8.783783783783784,83.78378378378379,3.3783783783783785,80.4054054054054
E00017847,410,32,12,20,378,19,359,7.804878048780488,2.9268292682926833,4.878048780487805,92.19512195121952,4.634146341463414,87.5609756097561
E00017848,393,51,28,23,342,22,320,12.977099236641221,7.124681933842239,5.852417302798982,87.02290076335878,5.597964376590331,81.42493638676844
E00017849,474,98,53,45,376,12,364,20.675105485232066,11.181434599156118,9.49367088607595,79.32489451476793,2.5316455696202533,76.79324894514767
E00017854,318,39,21,18,279,12,267,12.264150943396226,6.60377358490566,5.660377358490567,87.73584905660378,3.7735849056603774,83.9622641509434
E00017855,530,58,31,27,472,16,456,10.943396226415095,5.849056603773585,5.09433962264151,89.05660377358491,3.018867924528302,86.0377358490566
E00017856,584,69,36,33,515,17,498,11.815068493150685,6.164383561643835,5.650684931506849,88.18493150684932,2.910958904109589,85.27397260273972
E00017857,383,63,41,22,320,7,313,16.449086161879894,10.704960835509137,5.7441253263707575,83.5509138381201,1.8276762402088773,81.72323759791122
E00017858,387,70,32,38,317,10,307,18.087855297157624,8.2687338501292,9.819121447028424,81.91214470284238,2.5839793281653747,79.32816537467701
E00017860,461,32,15,17,429,15,414,6.941431670281996,3.2537960954446854,3.68763557483731,93.058568329718,3.2537960954446854,89.80477223427332
E00017861,406,54,26,28,352,19,333,13.30049261083744,6.403940886699508,6.896551724137931,86.69950738916256,4.679802955665025,82.01970443349754
E00017862,422,49,29,20,373,15,358,11.61137440758294,6.872037914691943,4.739336492890995,88.38862559241706,3.5545023696682465,84.83412322274881
E00017863,564,69,23,46,495,19,476,12.23404255319149,4.078014184397164,8.156028368794328,87.7659574468085,3.368794326241135,84.39716312056737
E00017865,392,49,22,27,343,12,331,12.5,5.612244897959184,6.887755102040815,87.5,3.061224489795918,84.43877551020408
E00017866,334,48,21,27,286,10,276,14.37125748502994,6.287425149700598,8.08383233532934,85.62874251497006,2.9940119760479043,82.63473053892216
E00017867,361,46,22,24,315,11,304,12.742382271468145,6.094182825484765,6.64819944598338,87.25761772853186,3.0470914127423825,84.21052631578947
E00017870,370,54,25,29,316,15,301,14.594594594594595,6.756756756756757,7.837837837837839,85.4054054054054,4.054054054054054,81.35135135135135
E00017871,526,78,41,37,448,18,430,14.82889733840304,7.79467680608365,7.0342205323193925,85.17110266159695,3.4220532319391634,81.74904942965779
E00017872,344,107,75,32,237,7,230,31.1046511627907,21.802325581395348,9.30232558139535,68.8953488372093,2.0348837209302326,66.86046511627907
E00017873,290,40,18,22,250,9,241,13.793103448275861,6.206896551724138,7.586206896551724,86.20689655172413,3.103448275862069,83.10344827586206
E00017874,369,40,26,14,329,6,323,10.840108401084011,7.046070460704606,3.7940379403794036,89.15989159891599,1.6260162601626018,87.53387533875339
E00017875,584,68,40,28,516,17,499,11.643835616438356,6.8493150684931505,4.794520547945205,88.35616438356165,2.910958904109589,85.44520547945206
E00017876,254,42,25,17,212,11,201,16.535433070866144,9.84251968503937,6.692913385826772,83.46456692913385,4.330708661417323,79.13385826771653
E00017877,284,66,39,27,218,9,209,23.239436619718308,13.732394366197184,9.507042253521126,76.76056338028168,3.169014084507042,73.59154929577466
E00017878,168,28,15,13,140,4,136,16.666666666666664,8.928571428571429,7.738095238095238,83.33333333333334,2.380952380952381,80.95238095238095
E00017879,321,40,15,25,281,12,269,12.461059190031152,4.672897196261682,7.78816199376947,87.53894080996885,3.7383177570093453,83.8006230529595
E00017880,514,51,26,25,463,19,444,9.922178988326849,5.058365758754864,4.863813229571985,90.07782101167315,3.6964980544747084,86.38132295719845
E00017881,195,12,4,8,183,10,173,6.153846153846154,2.051282051282051,4.102564102564102,93.84615384615384,5.128205128205128,88.71794871794872
E00017882,400,106,77,29,294,17,277,26.5,19.25,7.249999999999999,73.5,4.25,69.25
E00017883,215,21,16,5,194,10,184,9.767441860465116,7.441860465116279,2.3255813953488373,90.23255813953487,4.651162790697675,85.5813953488372
E00017884,407,35,13,22,372,11,361,8.5995085995086,3.194103194103194,5.405405405405405,91.4004914004914,2.7027027027027026,88.6977886977887
E00017885,269,43,17,26,226,11,215,15.985130111524162,6.319702602230483,9.66542750929368,84.01486988847584,4.089219330855019,79.92565055762083
E00017886,408,48,26,22,360,14,346,11.76470588235294,6.372549019607843,5.392156862745098,88.23529411764706,3.431372549019608,84.80392156862744
E00017887,311,39,21,18,272,10,262,12.540192926045016,6.752411575562702,5.787781350482315,87.45980707395499,3.215434083601286,84.2443729903537
E00017888,283,37,20,17,246,11,235,13.074204946996467,7.06713780918728,6.007067137809187,86.92579505300353,3.8869257950530036,83.03886925795054
E00017889,387,34,17,17,353,8,345,8.785529715762273,4.3927648578811365,4.3927648578811365,91.21447028423772,2.0671834625323,89.14728682170544
E00017890,364,61,33,28,303,8,295,16.758241758241756,9.065934065934066,7.6923076923076925,83.24175824175825,2.197802197802198,81.04395604395604
E00017891,333,50,21,29,283,16,267,15.015015015015015,6.306306306306306,8.708708708708707,84.98498498498499,4.804804804804805,80.18018018018019
E00017892,414,40,19,21,374,8,366,9.66183574879227,4.5893719806763285,5.072463768115942,90.33816425120773,1.932367149758454,88.40579710144928
E00017893,489,42,24,18,447,12,435,8.588957055214724,4.9079754601226995,3.6809815950920246,91.41104294478528,2.4539877300613497,88.95705521472392
E00017894,301,26,14,12,275,9,266,8.637873754152823,4.651162790697675,3.9867109634551494,91.36212624584718,2.990033222591362,88.37209302325581
E00017895,321,31,21,10,290,12,278,9.657320872274143,6.5420560747663545,3.115264797507788,90.34267912772586,3.7383177570093453,86.6043613707165
E00017896,330,44,27,17,286,10,276,13.333333333333334,8.181818181818182,5.151515151515151,86.66666666666667,3.0303030303030303,83.63636363636363
E00017897,326,37,19,18,289,11,278,11.349693251533742,5.828220858895705,5.521472392638037,88.65030674846625,3.374233128834356,85.2760736196319
E00017898,341,58,17,41,283,13,270,17.008797653958943,4.9853372434017595,12.023460410557185,82.99120234604106,3.812316715542522,79.17888563049853
E00017899,369,34,17,17,335,15,320,9.214092140921409,4.607046070460704,4.607046070460704,90.78590785907859,4.0650406504065035,86.72086720867209
E00017900,349,57,30,27,292,17,275,16.332378223495702,8.595988538681947,7.736389684813753,83.66762177650429,4.871060171919771,78.79656160458453
E00017901,347,45,24,21,302,19,283,12.968299711815561,6.9164265129683,6.051873198847262,87.03170028818444,5.475504322766571,81.55619596541787
E00017903,459,67,26,41,392,22,370,14.596949891067537,5.664488017429194,8.932461873638346,85.40305010893246,4.793028322440087,80.61002178649237
E00017904,248,43,19,24,205,20,185,17.338709677419356,7.661290322580645,9.67741935483871,82.66129032258065,8.064516129032258,74.59677419354838
E00017905,357,44,23,21,313,12,301,12.324929971988796,6.442577030812324,5.88235294117647,87.6750700280112,3.361344537815126,84.31372549019608
E00017906,318,41,21,20,277,25,252,12.89308176100629,6.60377358490566,6.289308176100629,87.10691823899371,7.861635220125786,79.24528301886792
E00017907,326,49,21,28,277,29,248,15.030674846625766,6.441717791411043,8.588957055214724,84.96932515337423,8.895705521472392,76.07361963190185
E00017908,337,39,15,24,298,17,281,11.572700296735905,4.451038575667656,7.121661721068249,88.4272997032641,5.044510385756676,83.38278931750742
E00017909,302,42,21,21,260,13,247,13.90728476821192,6.95364238410596,6.95364238410596,86.09271523178808,4.304635761589404,81.78807947019867
E00017910,352,46,20,26,306,20,286,13.068181818181818,5.681818181818182,7.386363636363637,86.93181818181817,5.681818181818182,81.25
E00017911,346,39,16,23,307,13,294,11.271676300578035,4.624277456647398,6.6473988439306355,88.72832369942196,3.7572254335260116,84.97109826589595
E00017912,409,57,21,36,352,20,332,13.93643031784841,5.134474327628362,8.80195599022005,86.06356968215158,4.88997555012225,81.17359413202934
E00017913,430,40,14,26,390,13,377,9.30232558139535,3.255813953488372,6.046511627906977,90.69767441860465,3.0232558139534884,87.67441860465117
E00017914,278,40,15,25,238,12,226,14.388489208633093,5.39568345323741,8.992805755395683,85.61151079136691,4.316546762589928,81.29496402877699
E00017915,358,51,26,25,307,20,287,14.24581005586592,7.262569832402235,6.983240223463687,85.75418994413407,5.58659217877095,80.16759776536313
E00017916,347,39,12,27,308,20,288,11.239193083573488,3.45821325648415,7.780979827089338,88.76080691642652,5.763688760806916,82.9971181556196
E00017917,394,41,12,29,353,16,337,10.406091370558377,3.0456852791878175,7.3604060913705585,89.59390862944161,4.060913705583756,85.53299492385787
E00017918,353,34,14,20,319,22,297,9.631728045325778,3.9660056657223794,5.6657223796034,90.36827195467421,6.232294617563739,84.13597733711048
E00017919,405,39,16,23,366,30,336,9.62962962962963,3.950617283950617,5.679012345679013,90.37037037037037,7.4074074074074066,82.96296296296296
E00017920,318,35,17,18,283,14,269,11.0062893081761,5.345911949685535,5.660377358490567,88.9937106918239,4.40251572327044,84.59119496855347
E00017921,433,90,29,61,343,17,326,20.785219399538107,6.697459584295612,14.087759815242496,79.21478060046189,3.9260969976905313,75.28868360277137
E00017922,476,63,30,33,413,20,393,13.23529411764706,6.302521008403361,6.932773109243698,86.76470588235294,4.201680672268908,82.56302521008404
E00017923,402,45,19,26,357,15,342,11.194029850746269,4.72636815920398,6.467661691542288,88.80597014925374,3.731343283582089,85.07462686567165
E00017924,272,55,26,29,217,5,212,20.22058823529412,9.558823529411764,10.661764705882353,79.77941176470588,1.8382352941176472,77.94117647058823
E00017926,412,63,35,28,349,20,329,15.291262135922329,8.495145631067961,6.796116504854369,84.70873786407766,4.854368932038835,79.85436893203884
E00017927,432,51,20,31,381,20,361,11.805555555555555,4.62962962962963,7.175925925925926,88.19444444444444,4.62962962962963,83.56481481481481
E00017928,290,27,10,17,263,9,254,9.310344827586208,3.4482758620689653,5.862068965517241,90.6896551724138,3.103448275862069,87.58620689655172
E00017930,271,25,12,13,246,10,236,9.22509225092251,4.428044280442804,4.797047970479705,90.7749077490775,3.6900369003690034,87.08487084870849
E00017931,398,43,23,20,355,9,346,10.804020100502512,5.778894472361809,5.025125628140704,89.19597989949749,2.261306532663317,86.93467336683418
E00017933,458,66,35,31,392,26,366,14.41048034934498,7.641921397379912,6.768558951965066,85.58951965065502,5.676855895196507,79.91266375545851
E00017934,439,60,28,32,379,26,353,13.66742596810934,6.378132118451026,7.289293849658314,86.33257403189066,5.922551252847381,80.41002277904327
E00017935,432,30,13,17,402,21,381,6.944444444444445,3.009259259259259,3.935185185185185,93.05555555555556,4.861111111111112,88.19444444444444
E00017936,375,35,10,25,340,17,323,9.333333333333334,2.666666666666667,6.666666666666667,90.66666666666666,4.533333333333333,86.13333333333333
E00017937,464,48,24,24,416,25,391,10.344827586206897,5.172413793103448,5.172413793103448,89.65517241379311,5.387931034482758,84.26724137931035
E00017938,245,62,31,31,183,7,176,25.30612244897959,12.653061224489795,12.653061224489795,74.6938775510204,2.857142857142857,71.83673469387755
E00017939,231,30,13,17,201,8,193,12.987012987012985,5.627705627705628,7.35930735930736,87.01298701298701,3.463203463203463,83.54978354978356
E00017940,491,57,23,34,434,19,415,11.608961303462321,4.684317718940937,6.924643584521386,88.39103869653768,3.8696537678207736,84.5213849287169
E00017941,419,50,17,33,369,18,351,11.933174224343675,4.05727923627685,7.875894988066825,88.06682577565633,4.295942720763723,83.7708830548926
E00017942,517,68,31,37,449,24,425,13.152804642166343,5.996131528046422,7.156673114119923,86.84719535783366,4.642166344294004,82.20502901353966
E00017943,389,106,74,32,283,15,268,27.249357326478147,19.02313624678663,8.226221079691516,72.75064267352185,3.8560411311053984,68.89460154241645
E00017944,415,52,27,25,363,19,344,12.530120481927712,6.506024096385541,6.024096385542169,87.46987951807229,4.578313253012048,82.89156626506025
E00017945,393,61,35,26,332,18,314,15.521628498727736,8.9058524173028,6.615776081424936,84.47837150127226,4.580152671755725,79.89821882951654
E00017946,415,50,20,30,365,18,347,12.048192771084338,4.819277108433735,7.228915662650602,87.95180722891565,4.337349397590361,83.61445783132531
E00017947,424,60,29,31,364,13,351,14.150943396226415,6.8396226415094334,7.311320754716981,85.84905660377359,3.0660377358490565,82.78301886792453
E00017948,264,49,39,10,215,4,211,18.560606060606062,14.772727272727273,3.787878787878788,81.43939393939394,1.5151515151515151,79.92424242424242
E00017949,186,21,10,11,165,8,157,11.29032258064516,5.376344086021505,5.913978494623656,88.70967741935483,4.301075268817205,84.40860215053763
E00017952,490,75,33,42,415,23,392,15.306122448979592,6.73469387755102,8.571428571428571,84.6938775510204,4.6938775510204085,80
E00017953,390,57,22,35,333,14,319,14.615384615384617,5.641025641025641,8.974358974358974,85.38461538461539,3.5897435897435894,81.7948717948718
E00017954,331,40,17,23,291,19,272,12.084592145015106,5.13595166163142,6.948640483383686,87.91540785498489,5.740181268882175,82.17522658610272
E00017955,482,55,20,35,427,13,414,11.410788381742739,4.149377593360995,7.261410788381744,88.58921161825725,2.6970954356846475,85.89211618257261
E00017956,378,48,20,28,330,14,316,12.698412698412698,5.291005291005291,7.4074074074074066,87.3015873015873,3.7037037037037033,83.5978835978836
E00017957,484,56,25,31,428,13,415,11.570247933884298,5.1652892561983474,6.40495867768595,88.42975206611571,2.6859504132231407,85.74380165289256
E00017958,407,50,18,32,357,21,336,12.285012285012286,4.422604422604422,7.862407862407863,87.71498771498771,5.159705159705159,82.55528255528255
E00017959,556,82,28,54,474,31,443,14.748201438848922,5.0359712230215825,9.712230215827338,85.25179856115108,5.575539568345324,79.67625899280576
E00017961,355,45,23,22,310,8,302,12.676056338028168,6.478873239436619,6.197183098591549,87.32394366197182,2.2535211267605635,85.07042253521126
E00017962,275,45,26,19,230,11,219,16.363636363636363,9.454545454545455,6.909090909090909,83.63636363636363,4,79.63636363636364
E00017963,446,66,35,31,380,9,371,14.798206278026907,7.847533632286996,6.950672645739911,85.20179372197309,2.0179372197309418,83.18385650224215
E00017965,366,43,19,24,323,13,310,11.748633879781421,5.191256830601093,6.557377049180328,88.25136612021858,3.551912568306011,84.69945355191257
E00017967,421,44,21,23,377,15,362,10.451306413301662,4.98812351543943,5.463182897862233,89.54869358669833,3.5629453681710213,85.98574821852732
E00017968,298,56,25,31,242,15,227,18.79194630872483,8.389261744966444,10.40268456375839,81.20805369127517,5.033557046979865,76.1744966442953
E00017969,355,38,19,19,317,10,307,10.704225352112676,5.352112676056338,5.352112676056338,89.29577464788733,2.8169014084507045,86.47887323943661
E00017970,278,20,8,12,258,10,248,7.1942446043165464,2.877697841726619,4.316546762589928,92.80575539568345,3.5971223021582732,89.20863309352518
E00017971,510,68,34,34,442,20,422,13.333333333333334,6.666666666666667,6.666666666666667,86.66666666666667,3.9215686274509802,82.74509803921568
E00017972,372,48,20,28,324,15,309,12.903225806451612,5.376344086021505,7.526881720430108,87.09677419354838,4.032258064516129,83.06451612903226
E00017973,534,69,33,36,465,13,452,12.921348314606742,6.179775280898876,6.741573033707865,87.07865168539325,2.4344569288389515,84.6441947565543
E00017974,377,47,14,33,330,14,316,12.46684350132626,3.7135278514588856,8.753315649867375,87.53315649867373,3.7135278514588856,83.81962864721486
E00017975,388,41,19,22,347,11,336,10.56701030927835,4.896907216494846,5.670103092783505,89.43298969072166,2.8350515463917527,86.5979381443299
E00017976,316,46,19,27,270,10,260,14.556962025316455,6.012658227848101,8.544303797468354,85.44303797468355,3.1645569620253164,82.27848101265823
E00017977,405,38,10,28,367,20,347,9.382716049382717,2.4691358024691357,6.91358024691358,90.61728395061729,4.938271604938271,85.67901234567901
E00017978,340,43,19,24,297,17,280,12.647058823529411,5.588235294117648,7.0588235294117645,87.3529411764706,5,82.35294117647058
E00017979,352,50,21,29,302,15,287,14.204545454545455,5.965909090909091,8.238636363636363,85.79545454545455,4.261363636363636,81.5340909090909
E00017980,417,58,25,33,359,13,346,13.908872901678656,5.995203836930456,7.913669064748201,86.09112709832134,3.117505995203837,82.9736211031175
E00017981,434,51,26,25,383,7,376,11.751152073732719,5.990783410138248,5.76036866359447,88.24884792626729,1.6129032258064515,86.63594470046083
E00017982,589,61,26,35,528,19,509,10.35653650254669,4.4142614601018675,5.942275042444821,89.64346349745331,3.225806451612903,86.41765704584041
E00017983,592,38,21,17,554,11,543,6.418918918918918,3.5472972972972974,2.871621621621622,93.58108108108108,1.8581081081081081,91.72297297297297
E00017984,415,36,12,24,379,8,371,8.674698795180722,2.891566265060241,5.783132530120482,91.32530120481928,1.9277108433734942,89.39759036144578
E00017985,416,42,27,15,374,14,360,10.096153846153847,6.490384615384616,3.6057692307692304,89.90384615384616,3.3653846153846154,86.53846153846155
E00017986,444,46,24,22,398,13,385,10.36036036036036,5.405405405405405,4.954954954954955,89.63963963963964,2.9279279279279278,86.71171171171171
E00017987,390,46,22,24,344,5,339,11.794871794871794,5.641025641025641,6.153846153846154,88.2051282051282,1.282051282051282,86.92307692307692
E00017988,381,52,23,29,329,12,317,13.648293963254593,6.036745406824147,7.611548556430446,86.3517060367454,3.149606299212598,83.2020997375328
E00017989,453,57,28,29,396,17,379,12.582781456953644,6.181015452538632,6.401766004415011,87.41721854304636,3.7527593818984544,83.6644591611479
E00017990,502,63,28,35,439,10,429,12.549800796812749,5.577689243027888,6.97211155378486,87.45019920318725,1.9920318725099602,85.4581673306773
E00017991,440,45,19,26,395,9,386,10.227272727272728,4.318181818181818,5.909090909090909,89.77272727272727,2.0454545454545454,87.72727272727273
E00017992,422,54,28,26,368,11,357,12.796208530805686,6.6350710900473935,6.161137440758294,87.20379146919431,2.6066350710900474,84.59715639810426
E00017994,439,50,16,34,389,19,370,11.389521640091116,3.644646924829157,7.744874715261959,88.61047835990888,4.328018223234624,84.28246013667426
E00017995,528,72,37,35,456,11,445,13.636363636363635,7.007575757575757,6.628787878787879,86.36363636363636,2.083333333333333,84.28030303030303
E00017996,427,65,30,35,362,12,350,15.22248243559719,7.02576112412178,8.19672131147541,84.77751756440281,2.810304449648712,81.9672131147541
E00017997,544,57,25,32,487,15,472,10.477941176470589,4.595588235294118,5.88235294117647,89.52205882352942,2.7573529411764706,86.76470588235294
E00017999,596,74,37,37,522,9,513,12.416107382550337,6.208053691275168,6.208053691275168,87.58389261744966,1.5100671140939599,86.0738255033557
E00018001,536,72,35,37,464,6,458,13.432835820895523,6.529850746268656,6.902985074626866,86.56716417910447,1.1194029850746268,85.44776119402985
E00018003,387,51,26,25,336,16,320,13.178294573643413,6.718346253229974,6.459948320413436,86.82170542635659,4.1343669250646,82.68733850129199
E00018004,483,38,13,25,445,7,438,7.867494824016563,2.691511387163561,5.175983436853002,92.13250517598344,1.4492753623188406,90.6832298136646
E00018005,414,59,29,30,355,16,339,14.251207729468598,7.004830917874397,7.246376811594203,85.74879227053141,3.864734299516908,81.88405797101449
E00018006,552,56,24,32,496,18,478,10.144927536231885,4.3478260869565215,5.797101449275362,89.85507246376811,3.260869565217391,86.59420289855072
E00018009,363,70,34,36,293,12,281,19.28374655647383,9.366391184573002,9.917355371900827,80.71625344352617,3.3057851239669422,77.41046831955923
E00018010,408,31,15,16,377,13,364,7.598039215686274,3.6764705882352944,3.9215686274509802,92.40196078431373,3.1862745098039214,89.2156862745098
E00018012,379,31,11,20,348,6,342,8.179419525065963,2.9023746701846966,5.277044854881266,91.82058047493403,1.58311345646438,90.23746701846966
E00018013,485,61,35,26,424,11,413,12.577319587628866,7.216494845360824,5.360824742268041,87.42268041237114,2.268041237113402,85.15463917525773
E00018015,445,57,26,31,388,8,380,12.808988764044942,5.842696629213483,6.96629213483146,87.19101123595505,1.7977528089887642,85.39325842696628
E00018016,440,42,23,19,398,6,392,9.545454545454547,5.227272727272727,4.318181818181818,90.45454545454545,1.3636363636363635,89.0909090909091
E00018017,537,59,22,37,478,16,462,10.986964618249534,4.0968342644320295,6.890130353817504,89.01303538175046,2.97951582867784,86.03351955307262
E00018018,585,67,33,34,518,9,509,11.452991452991453,5.641025641025641,5.811965811965812,88.54700854700855,1.5384615384615385,87.00854700854701
E00018019,498,65,30,35,433,15,418,13.052208835341366,6.024096385542169,7.028112449799197,86.94779116465864,3.0120481927710845,83.93574297188755
E00018020,449,39,16,23,410,14,396,8.68596881959911,3.5634743875278394,5.122494432071269,91.31403118040089,3.11804008908686,88.19599109131403
E00018021,543,64,30,34,479,13,466,11.786372007366483,5.524861878453039,6.261510128913445,88.21362799263352,2.394106813996317,85.8195211786372
E00018022,475,59,30,29,416,11,405,12.421052631578949,6.315789473684211,6.105263157894736,87.57894736842105,2.3157894736842106,85.26315789473684
E00018023,561,60,24,36,501,20,481,10.695187165775401,4.27807486631016,6.417112299465241,89.3048128342246,3.5650623885918007,85.73975044563281
E00018024,338,59,26,33,279,11,268,17.45562130177515,7.6923076923076925,9.763313609467456,82.54437869822485,3.2544378698224854,79.28994082840237
E00018025,412,46,22,24,366,16,350,11.165048543689322,5.339805825242718,5.825242718446602,88.83495145631069,3.8834951456310676,84.9514563106796
E00018026,412,45,20,25,367,9,358,10.922330097087379,4.854368932038835,6.067961165048544,89.07766990291263,2.1844660194174756,86.89320388349515
E00018027,232,74,40,34,158,10,148,31.896551724137932,17.24137931034483,14.655172413793101,68.10344827586206,4.310344827586207,63.793103448275865
E00018028,542,69,32,37,473,17,456,12.730627306273062,5.904059040590406,6.826568265682657,87.26937269372694,3.136531365313653,84.13284132841329
E00018030,588,57,30,27,531,24,507,9.693877551020408,5.1020408163265305,4.591836734693878,90.3061224489796,4.081632653061225,86.22448979591837
E00018031,504,59,23,36,445,17,428,11.706349206349206,4.563492063492063,7.142857142857142,88.29365079365078,3.373015873015873,84.92063492063492
E00018032,514,59,26,33,455,22,433,11.478599221789883,5.058365758754864,6.420233463035019,88.52140077821011,4.280155642023346,84.24124513618678
E00018033,403,46,18,28,357,6,351,11.41439205955335,4.466501240694789,6.9478908188585615,88.58560794044665,1.488833746898263,87.09677419354838
E00018034,483,78,41,37,405,15,390,16.149068322981368,8.488612836438923,7.6604554865424435,83.85093167701864,3.1055900621118013,80.74534161490683
E00018035,263,37,17,20,226,5,221,14.068441064638785,6.4638783269961975,7.604562737642586,85.93155893536122,1.9011406844106464,84.03041825095056
E00018036,593,53,30,23,540,14,526,8.937605396290051,5.059021922428331,3.87858347386172,91.06239460370995,2.360876897133221,88.70151770657672
E00018038,481,57,28,29,424,13,411,11.85031185031185,5.8212058212058215,6.029106029106029,88.14968814968816,2.7027027027027026,85.44698544698545
E00018040,363,49,22,27,314,7,307,13.498622589531681,6.0606060606060606,7.43801652892562,86.50137741046832,1.9283746556473829,84.57300275482093
E00018041,401,52,27,25,349,9,340,12.967581047381547,6.733167082294264,6.234413965087282,87.03241895261846,2.2443890274314215,84.78802992518703
E00018042,343,26,12,14,317,15,302,7.580174927113703,3.498542274052478,4.081632653061225,92.4198250728863,4.373177842565598,88.0466472303207
E00018043,549,62,22,40,487,14,473,11.293260473588344,4.007285974499089,7.285974499089254,88.70673952641167,2.5500910746812386,86.15664845173042
E00018044,492,67,35,32,425,19,406,13.617886178861788,7.113821138211382,6.504065040650407,86.3821138211382,3.861788617886179,82.52032520325203
E00018045,477,47,13,34,430,11,419,9.853249475890985,2.7253668763102725,7.127882599580712,90.14675052410901,2.3060796645702304,87.84067085953879
E00018046,465,72,37,35,393,19,374,15.483870967741936,7.956989247311828,7.526881720430108,84.51612903225806,4.086021505376344,80.43010752688173
E00018047,543,49,24,25,494,18,476,9.023941068139964,4.41988950276243,4.6040515653775325,90.97605893186004,3.314917127071823,87.66114180478822
E00018048,297,42,20,22,255,12,243,14.14141414141414,6.7340067340067336,7.4074074074074066,85.85858585858585,4.040404040404041,81.81818181818183
E00018049,452,48,26,22,404,13,391,10.619469026548673,5.752212389380531,4.867256637168142,89.38053097345133,2.8761061946902653,86.50442477876106
E00018050,398,36,10,26,362,18,344,9.045226130653267,2.512562814070352,6.532663316582915,90.95477386934674,4.522613065326634,86.4321608040201
E00018051,253,32,13,19,221,6,215,12.648221343873518,5.138339920948617,7.5098814229249005,87.35177865612648,2.371541501976284,84.98023715415019
E00018052,386,41,23,18,345,13,332,10.621761658031089,5.958549222797927,4.66321243523316,89.37823834196891,3.3678756476683938,86.01036269430051
E00018053,347,54,34,20,293,14,279,15.561959654178676,9.798270893371757,5.763688760806916,84.43804034582134,4.034582132564841,80.403458213256485
E00018054,399,50,21,29,349,11,338,12.531328320802004,5.263157894736842,7.268170426065162,87.468671679198,2.756892230576441,84.71177944862156
E00018055,196,30,14,16,166,7,159,15.306122448979592,7.142857142857142,8.16326530612245,84.6938775510204,3.571428571428571,81.12244897959184
E00018056,448,71,36,35,377,24,353,15.848214285714285,8.035714285714286,7.8125,84.15178571428571,5.357142857142857,78.79464285714286
E00018057,426,58,31,27,368,18,350,13.615023474178404,7.276995305164319,6.338028169014084,86.3849765258216,4.225352112676056,82.15962441314554
E00018058,528,47,16,31,481,11,470,8.901515151515152,3.0303030303030303,5.871212121212121,91.09848484848484,2.083333333333333,89.01515151515152
E00018059,428,59,27,32,369,9,360,13.785046728971961,6.308411214953271,7.476635514018691,86.21495327102804,2.102803738317757,84.11214953271028
E00018060,601,62,35,27,539,16,523,10.316139767054908,5.823627287853577,4.492512479201332,89.6838602329451,2.6622296173044924,87.0216306156406
E00018061,373,33,9,24,340,12,328,8.847184986595174,2.4128686327077746,6.434316353887399,91.15281501340483,3.2171581769436997,87.93565683646113
E00018062,458,64,21,43,394,11,383,13.973799126637553,4.585152838427948,9.388646288209607,86.02620087336244,2.4017467248908297,83.62445414847161
E00018063,616,56,23,33,560,18,542,9.090909090909092,3.7337662337662336,5.357142857142857,90.9090909090909,2.922077922077922,87.98701298701299
E00018064,488,57,26,31,431,13,418,11.68032786885246,5.327868852459016,6.352459016393443,88.31967213114754,2.663934426229508,85.65573770491804
E00018065,447,39,16,23,408,11,397,8.724832214765101,3.5794183445190155,5.1454138702460845,91.2751677852349,2.460850111856823,88.81431767337807
E00018066,475,49,22,27,426,12,414,10.31578947368421,4.631578947368421,5.684210526315789,89.6842105263158,2.526315789473684,87.1578947368421
E00018067,433,58,31,27,375,12,363,13.394919168591224,7.159353348729793,6.235565819861432,86.60508083140877,2.771362586605081,83.83371824480369
E00018068,406,54,24,30,352,18,334,13.30049261083744,5.911330049261084,7.389162561576355,86.69950738916256,4.433497536945813,82.26600985221675
E00018069,337,52,29,23,285,7,278,15.43026706231454,8.605341246290802,6.824925816023739,84.56973293768546,2.0771513353115725,82.49258160237389
E00018070,417,50,21,29,367,16,351,11.990407673860911,5.0359712230215825,6.954436450839328,88.00959232613909,3.8369304556354913,84.17266187050359
E00018071,395,55,32,23,340,5,335,13.924050632911392,8.10126582278481,5.822784810126582,86.07594936708861,1.2658227848101267,84.81012658227847
E00018072,458,42,26,16,416,7,409,9.170305676855897,5.676855895196507,3.4934497816593884,90.82969432314411,1.5283842794759825,89.30131004366812
E00018073,369,52,28,24,317,7,310,14.092140921409213,7.588075880758807,6.504065040650407,85.90785907859079,1.8970189701897018,84.01084010840108
E00018074,408,54,29,25,354,14,340,13.23529411764706,7.107843137254902,6.127450980392156,86.76470588235294,3.431372549019608,83.33333333333334
E00018075,594,65,39,26,529,17,512,10.942760942760943,6.565656565656567,4.377104377104377,89.05723905723906,2.861952861952862,86.19528619528619
E00018076,447,45,25,20,402,14,388,10.06711409395973,5.592841163310962,4.47427293064877,89.93288590604027,3.131991051454139,86.80089485458613
E00018077,591,70,26,44,521,10,511,11.844331641285956,4.39932318104907,7.4450084602368864,88.15566835871405,1.6920473773265652,86.46362098138748
E00018078,435,58,21,37,377,10,367,13.333333333333334,4.827586206896552,8.505747126436782,86.66666666666667,2.2988505747126435,84.36781609195401
E00018080,358,45,15,30,313,12,301,12.569832402234638,4.189944134078212,8.379888268156424,87.43016759776536,3.35195530726257,84.07821229050279
E00018081,465,64,31,33,401,19,382,13.763440860215054,6.666666666666667,7.096774193548387,86.23655913978494,4.086021505376344,82.15053763440861
E00018082,587,85,29,56,502,22,480,14.480408858603067,4.940374787052811,9.540034071550256,85.51959114139693,3.747870528109029,81.7717206132879
E00018083,422,86,61,25,336,21,315,20.379146919431278,14.454976303317535,5.924170616113744,79.62085308056872,4.976303317535545,74.64454976303317
E00018084,341,58,23,35,283,15,268,17.008797653958943,6.744868035190615,10.263929618768328,82.99120234604106,4.398826979472141,78.59237536656892
E00018085,376,34,14,20,342,10,332,9.042553191489363,3.723404255319149,5.319148936170213,90.95744680851064,2.6595744680851063,88.29787234042553
E00018086,508,52,25,27,456,21,435,10.236220472440944,4.921259842519685,5.31496062992126,89.76377952755905,4.133858267716536,85.62992125984252
E00018087,477,40,21,19,437,10,427,8.385744234800839,4.40251572327044,3.9832285115303985,91.61425576519916,2.0964360587002098,89.51781970649894
E00018088,404,44,19,25,360,22,338,10.891089108910892,4.702970297029703,6.188118811881188,89.10891089108911,5.445544554455446,83.66336633663366
E00018089,236,40,25,15,196,19,177,16.94915254237288,10.59322033898305,6.3559322033898304,83.05084745762711,8.050847457627118,75
E00018090,450,40,13,27,410,11,399,8.88888888888889,2.888888888888889,6,91.11111111111111,2.4444444444444446,88.66666666666667
E00018091,455,64,26,38,391,7,384,14.065934065934066,5.714285714285714,8.35164835164835,85.93406593406593,1.5384615384615385,84.3956043956044
E00018092,441,63,31,32,378,21,357,14.285714285714285,7.029478458049887,7.2562358276643995,85.71428571428571,4.761904761904762,80.95238095238095
E00018093,501,52,29,23,449,12,437,10.379241516966067,5.788423153692615,4.590818363273453,89.62075848303394,2.3952095808383236,87.2255489021956
E00018094,377,52,29,23,325,16,309,13.793103448275861,7.6923076923076925,6.10079575596817,86.20689655172413,4.244031830238726,81.9628647214854
E00018095,483,73,36,37,410,9,401,15.113871635610765,7.453416149068323,7.6604554865424435,84.88612836438924,1.8633540372670807,83.02277432712215
E00018096,442,71,36,35,371,10,361,16.063348416289593,8.144796380090497,7.918552036199094,83.93665158371041,2.262443438914027,81.67420814479638
E00018097,429,56,31,25,373,12,361,13.053613053613052,7.226107226107226,5.827505827505827,86.94638694638695,2.797202797202797,84.14918414918415
E00018098,495,73,42,31,422,19,403,14.747474747474747,8.484848484848486,6.262626262626263,85.25252525252526,3.8383838383838382,81.41414141414141
E00018099,425,43,28,15,382,8,374,10.117647058823529,6.588235294117648,3.5294117647058822,89.88235294117646,1.8823529411764703,88
E00018100,520,49,24,25,471,14,457,9.423076923076923,4.615384615384616,4.807692307692308,90.57692307692308,2.6923076923076925,87.88461538461539
E00018101,381,51,22,29,330,21,309,13.385826771653544,5.774278215223097,7.611548556430446,86.61417322834646,5.511811023622047,81.10236220472441
E00018102,617,57,29,28,560,13,547,9.238249594813615,4.700162074554295,4.538087520259319,90.76175040518638,2.106969205834684,88.6547811993517
E00018104,352,41,19,22,311,14,297,11.647727272727272,5.3977272727272725,6.25,88.35227272727273,3.977272727272727,84.375
E00018105,377,52,28,24,325,9,316,13.793103448275861,7.427055702917771,6.36604774535809,86.20689655172413,2.3872679045092835,83.81962864721486
E00018106,577,89,58,31,488,19,469,15.424610051993067,10.051993067590988,5.37261698440208,84.57538994800693,3.2928942807625647,81.28249566724438
E00018107,369,45,22,23,324,16,308,12.195121951219512,5.9620596205962055,6.233062330623306,87.8048780487805,4.336043360433604,83.46883468834689
E00018108,378,45,22,23,333,11,322,11.904761904761903,5.82010582010582,6.084656084656085,88.09523809523809,2.91005291005291,85.18518518518519
E00018109,509,57,21,36,452,17,435,11.19842829076621,4.12573673870334,7.072691552062868,88.8015717092338,3.3398821218074657,85.46168958742632
E00018111,415,63,30,33,352,10,342,15.180722891566264,7.228915662650602,7.951807228915662,84.81927710843374,2.4096385542168677,82.40963855421687
E00018112,360,56,28,28,304,10,294,15.555555555555555,7.777777777777778,7.777777777777778,84.44444444444444,2.7777777777777777,81.66666666666667
E00018113,436,57,30,27,379,15,364,13.073394495412844,6.8807339449541285,6.192660550458716,86.92660550458714,3.4403669724770642,83.4862385321101
E00018114,493,59,16,43,434,14,420,11.967545638945234,3.2454361054766734,8.72210953346856,88.03245436105477,2.839756592292089,85.19269776876268
E00018115,325,28,19,9,297,9,288,8.615384615384615,5.846153846153846,2.769230769230769,91.38461538461539,2.769230769230769,88.61538461538461
E00018116,381,49,19,30,332,11,321,12.860892388451445,4.986876640419948,7.874015748031496,87.13910761154857,2.8871391076115485,84.25196850393701
E00018117,333,50,22,28,283,11,272,15.015015015015015,6.606606606606606,8.408408408408409,84.98498498498499,3.303303303303303,81.68168168168168
E00018118,262,56,30,26,206,6,200,21.374045801526716,11.450381679389313,9.923664122137405,78.62595419847328,2.2900763358778624,76.33587786259542
E00018119,353,46,25,21,307,16,291,13.031161473087819,7.0821529745042495,5.94900849858357,86.96883852691218,4.53257790368272,82.43626062322946
E00018120,617,69,37,32,548,12,536,11.183144246353322,5.9967585089141,5.186385737439222,88.81685575364668,1.9448946515397085,86.87196110210697
E00018121,575,83,39,44,492,24,468,14.43478260869565,6.782608695652175,7.652173913043478,85.56521739130434,4.173913043478262,81.3913043478261
E00018122,433,42,22,20,391,12,379,9.699769053117784,5.080831408775981,4.618937644341801,90.30023094688222,2.771362586605081,87.52886836027713
E00018123,314,63,36,27,251,7,244,20.063694267515924,11.464968152866243,8.598726114649681,79.93630573248409,2.229299363057325,77.70700636942675
E00018124,412,59,22,37,353,18,335,14.320388349514563,5.339805825242718,8.980582524271846,85.67961165048543,4.368932038834951,81.31067961165049
E00018125,481,46,22,24,435,11,424,9.563409563409564,4.5738045738045745,4.98960498960499,90.43659043659044,2.2869022869022873,88.14968814968816
E00018126,421,56,27,29,365,15,350,13.30166270783848,6.413301662707839,6.88836104513064,86.69833729216153,3.5629453681710213,83.1353919239905
E00018127,401,71,33,38,330,11,319,17.70573566084788,8.229426433915211,9.476309226932669,82.29426433915212,2.7431421446384037,79.55112219451371
E00018129,481,70,33,37,411,19,392,14.553014553014554,6.860706860706861,7.6923076923076925,85.44698544698545,3.9501039501039505,81.4968814968815
E00018130,339,33,17,16,306,8,298,9.734513274336283,5.014749262536873,4.71976401179941,90.2654867256637,2.359882005899705,87.90560471976401
E00018131,366,42,18,24,324,11,313,11.475409836065573,4.918032786885246,6.557377049180328,88.52459016393442,3.0054644808743167,85.51912568306011
E00018132,366,50,28,22,316,9,307,13.661202185792352,7.650273224043716,6.0109289617486334,86.33879781420765,2.459016393442623,83.87978142076503
E00018133,351,41,19,22,310,20,290,11.68091168091168,5.413105413105413,6.267806267806268,88.31908831908832,5.698005698005698,82.62108262108262
E00018134,232,36,11,25,196,7,189,15.517241379310345,4.741379310344827,10.775862068965516,84.48275862068965,3.0172413793103448,81.46551724137932
E00018135,430,58,30,28,372,13,359,13.488372093023257,6.976744186046512,6.511627906976744,86.51162790697674,3.0232558139534884,83.48837209302326
E00018138,412,41,21,20,371,18,353,9.951456310679612,5.097087378640777,4.854368932038835,90.0485436893204,4.368932038834951,85.67961165048543
E00018139,282,51,24,27,231,12,219,18.085106382978726,8.51063829787234,9.574468085106384,81.91489361702128,4.25531914893617,77.6595744680851
E00018140,363,46,23,23,317,19,298,12.672176308539946,6.336088154269973,6.336088154269973,87.32782369146005,5.234159779614325,82.09366391184572
E00018141,374,53,25,28,321,19,302,14.171122994652407,6.684491978609626,7.4866310160427805,85.828877005347593,5.080213903743315,80.74866310160428
E00018142,423,51,22,29,372,20,352,12.056737588652481,5.200945626477541,6.8557919621749415,87.94326241134752,4.7281323877068555,83.21513002364065
E00018143,302,39,16,23,263,11,252,12.91390728476821,5.298013245033113,7.6158940397351,87.08609271523179,3.642384105960265,83.44370860927152
E00018144,284,52,23,29,232,15,217,18.30985915492958,8.098591549295776,10.211267605633804,81.69014084507043,5.28169014084507,76.40845070422534
E00018145,356,57,29,28,299,6,293,16.01123595505618,8.146067415730338,7.865168539325842,83.98876404494382,1.6853932584269662,82.30337078651685
E00018146,451,47,17,30,404,15,389,10.42128603104213,3.7694013303769403,6.651884700665188,89.57871396895787,3.325942350332594,86.25277161862527
E00018147,248,43,29,14,205,10,195,17.338709677419356,11.693548387096774,5.64516129032258,82.66129032258065,4.032258064516129,78.62903225806451
E00018148,156,25,9,16,131,13,118,16.025641025641026,5.769230769230769,10.256410256410255,83.97435897435898,8.333333333333332,75.64102564102564
E00018149,288,51,21,30,237,10,227,17.708333333333336,7.291666666666667,10.416666666666668,82.29166666666666,3.4722222222222223,78.81944444444444
E00018150,252,43,18,25,209,10,199,17.063492063492063,7.142857142857142,9.920634920634921,82.93650793650794,3.968253968253968,78.96825396825396
E00018151,365,39,20,19,326,22,304,10.684931506849315,5.47945205479452,5.205479452054795,89.31506849315069,6.027397260273973,83.28767123287672
E00018152,276,43,20,23,233,14,219,15.579710144927535,7.246376811594203,8.333333333333332,84.42028985507247,5.072463768115942,79.34782608695652
E00018153,539,51,25,26,488,19,469,9.461966604823747,4.638218923933209,4.823747680890538,90.53803339517626,3.525046382189239,87.01298701298701
E00018154,374,44,17,27,330,7,323,11.76470588235294,4.545454545454546,7.219251336898395,88.23529411764706,1.8716577540106951,86.36363636363636
E00018155,285,35,12,23,250,12,238,12.280701754385964,4.2105263157894735,8.070175438596491,87.71929824561403,4.2105263157894735,83.50877192982456
E00018156,310,27,14,13,283,10,273,8.709677419354838,4.516129032258064,4.193548387096775,91.29032258064517,3.225806451612903,88.06451612903226
E00018157,274,35,13,22,239,17,222,12.773722627737227,4.744525547445255,8.02919708029197,87.22627737226277,6.204379562043796,81.02189781021897
E00018158,468,43,23,20,425,11,414,9.18803418803419,4.914529914529915,4.273504273504273,90.8119658119658,2.3504273504273505,88.46153846153845
E00018159,371,72,35,37,299,14,285,19.40700808625337,9.433962264150944,9.973045822102426,80.59299191374663,3.7735849056603774,76.81940700808624
E00018160,476,43,21,22,433,13,420,9.033613445378151,4.411764705882353,4.621848739495799,90.96638655462185,2.73109243697479,88.23529411764706
E00018161,441,45,22,23,396,19,377,10.204081632653061,4.988662131519274,5.215419501133787,89.79591836734694,4.308390022675737,85.4875283446712
E00018162,407,63,20,43,344,11,333,15.47911547911548,4.914004914004914,10.565110565110565,84.52088452088452,2.7027027027027026,81.81818181818183
E00018163,304,62,33,29,242,8,234,20.394736842105264,10.855263157894738,9.539473684210527,79.60526315789474,2.631578947368421,76.97368421052632
E00018164,391,61,23,38,330,18,312,15.601023017902813,5.88235294117647,9.718670076726342,84.39897698209718,4.603580562659847,79.79539641943734
E00018165,462,51,28,23,411,23,388,11.03896103896104,6.0606060606060606,4.978354978354979,88.96103896103897,4.978354978354979,83.98268398268398
E00018166,472,45,20,25,427,23,404,9.533898305084746,4.23728813559322,5.296610169491525,90.46610169491525,4.872881355932203,85.59322033898306
E00018167,498,44,17,27,454,17,437,8.835341365461847,3.413654618473896,5.421686746987952,91.16465863453816,3.413654618473896,87.75100401606426
E00018168,416,47,20,27,369,7,362,11.298076923076923,4.807692307692308,6.490384615384616,88.70192307692307,1.6826923076923077,87.01923076923077
E00018170,335,53,20,33,282,8,274,15.82089552238806,5.970149253731343,9.850746268656717,84.17910447761194,2.3880597014925375,81.7910447761194
E00018171,528,35,21,14,493,15,478,6.628787878787879,3.977272727272727,2.6515151515151514,93.37121212121212,2.840909090909091,90.53030303030303
E00018172,410,63,23,40,347,11,336,15.365853658536585,5.609756097560976,9.75609756097561,84.6341463414634,2.682926829268293,81.95121951219512
E00018173,470,62,25,37,408,15,393,13.191489361702127,5.319148936170213,7.872340425531915,86.80851063829788,3.1914893617021276,83.61702127659575
E00018174,474,53,28,25,421,12,409,11.181434599156118,5.9071729957805905,5.274261603375527,88.81856540084388,2.5316455696202533,86.28691983122363
E00018175,395,44,13,31,351,13,338,11.139240506329113,3.2911392405063293,7.848101265822785,88.86075949367088,3.2911392405063293,85.56962025316456
E00018178,487,46,19,27,441,20,421,9.44558521560575,3.9014373716632447,5.544147843942506,90.55441478439425,4.1067761806981515,86.44763860369609
E00018179,383,33,11,22,350,11,339,8.616187989556137,2.8720626631853787,5.7441253263707575,91.38381201044386,2.8720626631853787,88.51174934725849
E00018180,479,37,15,22,442,20,422,7.724425887265135,3.1315240083507305,4.592901878914405,92.27557411273486,4.175365344467641,88.10020876826722
E00018181,334,26,12,14,308,9,299,7.784431137724551,3.592814371257485,4.191616766467066,92.21556886227546,2.694610778443114,89.52095808383234
E00018182,486,58,22,36,428,16,412,11.934156378600823,4.526748971193416,7.4074074074074066,88.06584362139918,3.292181069958848,84.77366255144034
E00018183,485,54,16,38,431,21,410,11.134020618556702,3.2989690721649487,7.835051546391752,88.8659793814433,4.329896907216495,84.5360824742268
E00018184,503,45,25,20,458,15,443,8.946322067594433,4.970178926441352,3.9761431411530817,91.05367793240556,2.982107355864811,88.07157057654076
E00018185,452,60,26,34,392,17,375,13.274336283185843,5.752212389380531,7.52212389380531,86.72566371681415,3.761061946902655,82.96460176991151
E00018186,310,34,17,17,276,11,265,10.967741935483872,5.483870967741936,5.483870967741936,89.03225806451613,3.5483870967741935,85.48387096774194
E00018187,307,29,10,19,278,6,272,9.446254071661238,3.257328990228013,6.188925081433225,90.55374592833876,1.9543973941368076,88.59934853420195
E00018188,377,29,17,12,348,15,333,7.6923076923076925,4.509283819628647,3.183023872679045,92.3076923076923,3.978779840848806,88.3289124668435
E00018190,359,52,20,32,307,14,293,14.484679665738161,5.571030640668524,8.913649025069638,85.51532033426183,3.8997214484679668,81.61559888579387
E00018191,436,59,24,35,377,17,360,13.53211009174312,5.5045871559633035,8.027522935779817,86.46788990825688,3.89908256880734,82.56880733944955
E00018193,566,72,36,36,494,20,474,12.7208480565371,6.36042402826855,6.36042402826855,87.27915194346289,3.53356890459364,83.74558303886926
E00018194,409,61,31,30,348,15,333,14.91442542787286,7.579462102689487,7.334963325183375,85.08557457212714,3.6674816625916873,81.41809290953546
E00018195,411,73,35,38,338,12,326,17.761557177615572,8.51581508515815,9.245742092457421,82.23844282238443,2.9197080291970803,79.31873479318735
E00018197,450,20,7,13,430,24,406,4.444444444444445,1.5555555555555556,2.888888888888889,95.55555555555556,5.333333333333334,90.22222222222223
E00018198,383,16,3,13,367,14,353,4.177545691906006,0.7832898172323759,3.3942558746736298,95.822454308094,3.6553524804177546,92.16710182767625
E00018201,426,57,21,36,369,11,358,13.380281690140844,4.929577464788732,8.450704225352112,86.61971830985915,2.5821596244131455,84.03755868544602
E00018204,311,25,13,12,286,12,274,8.038585209003216,4.180064308681672,3.858520900321544,91.96141479099678,3.858520900321544,88.10289389067523
E00018206,355,48,22,26,307,10,297,13.521126760563378,6.197183098591549,7.323943661971831,86.47887323943661,2.8169014084507045,83.66197183098592
E00018208,291,34,14,20,257,11,246,11.683848797250858,4.810996563573884,6.872852233676976,88.31615120274914,3.7800687285223367,84.5360824742268
E00018209,388,46,28,18,342,14,328,11.855670103092782,7.216494845360824,4.639175257731959,88.14432989690721,3.608247422680412,84.5360824742268
E00018210,306,35,19,16,271,23,248,11.437908496732026,6.209150326797386,5.228758169934641,88.56209150326796,7.516339869281046,81.04575163398692
E00018211,356,41,18,23,315,14,301,11.51685393258427,5.056179775280898,6.460674157303371,88.48314606741573,3.932584269662921,84.5505617977528
E00018212,380,64,31,33,316,12,304,16.842105263157894,8.157894736842106,8.68421052631579,83.15789473684211,3.1578947368421053,80
E00018213,361,56,30,26,305,10,295,15.512465373961218,8.310249307479225,7.202216066481995,84.48753462603878,2.7700831024930745,81.7174515235457
E00018214,189,22,9,13,167,11,156,11.64021164021164,4.761904761904762,6.878306878306878,88.35978835978835,5.82010582010582,82.53968253968253
E00018215,289,38,23,15,251,17,234,13.148788927335639,7.958477508650519,5.190311418685121,86.85121107266436,5.88235294117647,80.96885813148789
E00018218,322,41,15,26,281,22,259,12.732919254658384,4.658385093167702,8.074534161490684,87.26708074534162,6.832298136645963,80.43478260869566
E00018220,387,47,20,27,340,19,321,12.144702842377262,5.167958656330749,6.976744186046512,87.85529715762273,4.909560723514212,82.94573643410853
E00018221,483,73,38,35,410,22,388,15.113871635610765,7.867494824016563,7.246376811594203,84.88612836438924,4.554865424430641,80.33126293995859
E00018222,278,42,27,15,236,11,225,15.107913669064748,9.712230215827338,5.39568345323741,84.89208633093526,3.9568345323741005,80.93525179856115
E00018223,353,47,21,26,306,9,297,13.314447592067987,5.94900849858357,7.365439093484419,86.68555240793201,2.5495750708215295,84.13597733711048
E00018224,348,35,13,22,313,13,300,10.057471264367816,3.7356321839080464,6.321839080459771,89.9425287356322,3.7356321839080464,86.20689655172413
E00018225,264,72,39,33,192,7,185,27.27272727272727,14.772727272727273,12.5,72.72727272727273,2.6515151515151514,70.07575757575758
E00018226,403,42,22,20,361,11,350,10.421836228287841,5.459057071960298,4.962779156327544,89.57816377171216,2.729528535980149,86.848635235732
E00018227,347,42,24,18,305,16,289,12.103746397694524,6.9164265129683,5.187319884726225,87.89625360230548,4.610951008645533,83.28530259365994
E00018230,298,44,22,22,254,12,242,14.76510067114094,7.38255033557047,7.38255033557047,85.23489932885906,4.026845637583892,81.20805369127517
E00018231,304,36,9,27,268,5,263,11.842105263157894,2.9605263157894735,8.881578947368421,88.1578947368421,1.644736842105263,86.51315789473685
E00018233,512,68,16,52,444,23,421,13.28125,3.125,10.15625,86.71875,4.4921875,82.2265625
E00018235,337,23,6,17,314,21,293,6.824925816023739,1.7804154302670623,5.044510385756676,93.17507418397626,6.231454005934718,86.94362017804154
E00018236,231,24,5,19,207,27,180,10.38961038961039,2.1645021645021645,8.225108225108226,89.6103896103896,11.688311688311687,77.92207792207793
E00018237,281,48,26,22,233,8,225,17.08185053380783,9.252669039145907,7.829181494661921,82.91814946619218,2.8469750889679712,80.0711743772242
E00018238,339,28,10,18,311,11,300,8.259587020648967,2.949852507374631,5.3097345132743365,91.74041297935102,3.2448377581120944,88.49557522123894
E00018239,354,66,32,34,288,13,275,18.64406779661017,9.03954802259887,9.6045197740113,81.35593220338984,3.672316384180791,77.68361581920904
E00018240,435,45,16,29,390,13,377,10.344827586206897,3.67816091954023,6.666666666666667,89.65517241379311,2.9885057471264367,86.66666666666667
E00018241,316,41,18,23,275,13,262,12.974683544303797,5.69620253164557,7.2784810126582276,87.0253164556962,4.113924050632911,82.91139240506328
E00018242,224,17,3,14,207,12,195,7.5892857142857135,1.3392857142857142,6.25,92.41071428571429,5.357142857142857,87.05357142857143
E00018246,132,20,9,11,112,3,109,15.151515151515152,6.8181818181818175,8.333333333333332,84.84848484848484,2.272727272727273,82.57575757575758
E00018250,354,46,18,28,308,15,293,12.994350282485875,5.084745762711865,7.909604519774012,87.00564971751412,4.23728813559322,82.7683615819209
E00018251,275,40,18,22,235,13,222,14.545454545454545,6.545454545454546,8,85.45454545454545,4.7272727272727275,80.72727272727272
E00018252,337,29,10,19,308,18,290,8.605341246290802,2.967359050445104,5.637982195845697,91.3946587537092,5.341246290801187,86.05341246290801
E00018253,409,34,16,18,375,15,360,8.312958435207824,3.9119804400977993,4.400977995110025,91.68704156479217,3.6674816625916873,88.01955990220048
E00018254,265,25,17,8,240,10,230,9.433962264150944,6.415094339622642,3.018867924528302,90.56603773584906,3.7735849056603774,86.79245283018868
E00018255,365,41,17,24,324,20,304,11.232876712328768,4.657534246575342,6.575342465753424,88.76712328767124,5.47945205479452,83.28767123287672
E00018257,475,47,17,30,428,9,419,9.894736842105264,3.578947368421052,6.315789473684211,90.10526315789474,1.8947368421052633,88.21052631578948
E00018259,390,48,18,30,342,21,321,12.307692307692308,4.615384615384616,7.6923076923076925,87.6923076923077,5.384615384615385,82.3076923076923
E00018260,341,52,20,32,289,11,278,15.249266862170089,5.865102639296188,9.3841642228739,84.75073313782991,3.225806451612903,81.52492668621701
E00018262,356,34,20,14,322,12,310,9.550561797752808,5.617977528089887,3.932584269662921,90.4494382022472,3.3707865168539324,87.07865168539325
E00018263,561,56,26,30,505,14,491,9.982174688057041,4.634581105169341,5.347593582887701,90.01782531194296,2.4955436720142603,87.5222816399287
E00018264,432,37,14,23,395,9,386,8.564814814814815,3.2407407407407405,5.324074074074074,91.43518518518519,2.083333333333333,89.35185185185185
E00018267,332,45,19,26,287,8,279,13.55421686746988,5.72289156626506,7.83132530120482,86.44578313253012,2.4096385542168677,84.03614457831326
E00018268,246,19,7,12,227,6,221,7.723577235772358,2.8455284552845526,4.878048780487805,92.27642276422763,2.4390243902439024,89.83739837398373
E00018269,512,72,48,24,440,13,427,14.0625,9.375,4.6875,85.9375,2.5390625,83.3984375
E00018270,257,46,27,19,211,3,208,17.898832684824903,10.505836575875486,7.392996108949417,82.10116731517509,1.1673151750972763,80.93385214007782
E00018271,260,39,25,14,221,5,216,15,9.615384615384617,5.384615384615385,85,1.9230769230769231,83.07692307692308
E00018272,543,43,21,22,500,12,488,7.918968692449356,3.867403314917127,4.051565377532229,92.08103130755065,2.209944751381215,89.87108655616943
E00018273,412,36,15,21,376,14,362,8.737864077669903,3.640776699029126,5.097087378640777,91.2621359223301,3.3980582524271843,87.86407766990291
E00018274,521,52,21,31,469,13,456,9.980806142034549,4.030710172744722,5.950095969289827,90.01919385796545,2.495201535508637,87.5239923224568
E00018275,282,23,6,17,259,9,250,8.156028368794328,2.127659574468085,6.028368794326241,91.84397163120568,3.1914893617021276,88.65248226950354
E00018276,436,35,13,22,401,13,388,8.027522935779817,2.981651376146789,5.045871559633028,91.97247706422019,2.981651376146789,88.9908256880734
E00018277,474,37,14,23,437,22,415,7.805907172995781,2.9535864978902953,4.852320675105485,92.19409282700421,4.641350210970464,87.55274261603375
E00018278,519,74,40,34,445,16,429,14.258188824662813,7.7071290944123305,6.551059730250482,85.74181117533719,3.0828516377649327,82.65895953757226
E00018279,391,45,18,27,346,11,335,11.508951406649617,4.603580562659847,6.905370843989769,88.49104859335038,2.813299232736573,85.6777493606138
E00018280,340,31,13,18,309,15,294,9.117647058823529,3.823529411764706,5.294117647058823,90.88235294117646,4.411764705882353,86.47058823529412
E00018282,356,29,11,18,327,7,320,8.146067415730338,3.089887640449438,5.056179775280898,91.85393258426966,1.9662921348314606,89.8876404494382
E00018283,264,35,20,15,229,10,219,13.257575757575758,7.575757575757576,5.681818181818182,86.74242424242425,3.787878787878788,82.95454545454545
E00018284,325,40,14,26,285,5,280,12.307692307692308,4.3076923076923075,8,87.6923076923077,1.5384615384615385,86.15384615384616
E00018285,352,32,16,16,320,8,312,9.090909090909092,4.545454545454546,4.545454545454546,90.9090909090909,2.272727272727273,88.63636363636364
E00018286,383,56,26,30,327,13,314,14.621409921671018,6.7885117493472595,7.83289817232376,85.37859007832898,3.3942558746736298,81.98433420365535
E00018287,440,31,17,14,409,17,392,7.045454545454545,3.8636363636363633,3.1818181818181817,92.95454545454545,3.8636363636363633,89.0909090909091
E00018288,387,47,24,23,340,15,325,12.144702842377262,6.2015503875969,5.943152454780361,87.85529715762273,3.875968992248062,83.97932816537468
E00018289,384,43,22,21,341,16,325,11.197916666666668,5.729166666666666,5.46875,88.80208333333334,4.166666666666666,84.63541666666666
E00018291,409,48,29,19,361,17,344,11.7359413202934,7.090464547677261,4.645476772616137,88.26405867970661,4.156479217603912,84.10757946210269
E00018292,302,29,12,17,273,6,267,9.602649006622517,3.9735099337748347,5.629139072847682,90.39735099337747,1.9867549668874174,88.41059602649007
E00018293,459,47,17,30,412,12,400,10.239651416122005,3.7037037037037033,6.535947712418301,89.76034858387798,2.6143790849673203,87.14596949891067
E00018294,291,23,10,13,268,6,262,7.903780068728522,3.436426116838488,4.4673539518900345,92.09621993127148,2.0618556701030926,90.03436426116839
E00018295,516,47,24,23,469,15,454,9.108527131782946,4.651162790697675,4.457364341085271,90.89147286821705,2.9069767441860463,87.98449612403101
E00018296,313,45,20,25,268,13,255,14.376996805111823,6.3897763578274756,7.987220447284344,85.62300319488818,4.15335463258786,81.46964856230032
E00018297,442,40,15,25,402,17,385,9.049773755656108,3.3936651583710407,5.656108597285068,90.9502262443439,3.8461538461538463,87.10407239819004
E00018298,336,30,14,16,306,8,298,8.928571428571429,4.166666666666666,4.761904761904762,91.07142857142857,2.380952380952381,88.69047619047619
E00018299,359,58,25,33,301,13,288,16.15598885793872,6.963788300835655,9.192200557103064,83.84401114206128,3.6211699164345403,80.22284122562674
E00018300,303,45,21,24,258,14,244,14.85148514851485,6.9306930693069315,7.920792079207921,85.14851485148515,4.62046204620462,80.52805280528052
E00018302,435,52,26,26,383,12,371,11.954022988505747,5.977011494252873,5.977011494252873,88.04597701149424,2.7586206896551726,85.28735632183908
E00018303,535,45,19,26,490,13,477,8.411214953271028,3.551401869158879,4.859813084112149,91.58878504672897,2.4299065420560746,89.1588785046729
E00018304,376,35,16,19,341,16,325,9.308510638297872,4.25531914893617,5.053191489361701,90.69148936170212,4.25531914893617,86.43617021276596
E00018305,211,26,14,12,185,6,179,12.322274881516588,6.6350710900473935,5.687203791469194,87.67772511848341,2.843601895734597,84.83412322274881
E00018306,345,54,24,30,291,13,278,15.65217391304348,6.956521739130435,8.695652173913043,84.34782608695653,3.768115942028986,80.57971014492755
E00018307,377,59,32,27,318,6,312,15.649867374005305,8.488063660477453,7.161803713527852,84.3501326259947,1.5915119363395225,82.75862068965517
E00018308,356,49,28,21,307,16,291,13.764044943820226,7.865168539325842,5.8988764044943816,86.23595505617978,4.49438202247191,81.74157303370787
E00018309,352,47,28,19,305,6,299,13.352272727272727,7.954545454545454,5.3977272727272725,86.64772727272727,1.7045454545454544,84.94318181818183
E00018310,399,53,22,31,346,18,328,13.283208020050125,5.513784461152882,7.769423558897243,86.71679197994987,4.511278195488721,82.20551378446115
E00018311,219,27,15,12,192,13,179,12.32876712328767,6.8493150684931505,5.47945205479452,87.67123287671232,5.93607305936073,81.7351598173516
E00018312,324,67,31,36,257,15,242,20.679012345679013,9.5679012345679,11.11111111111111,79.32098765432099,4.62962962962963,74.69135802469135
E00018313,381,52,25,27,329,15,314,13.648293963254593,6.561679790026247,7.086614173228346,86.3517060367454,3.937007874015748,82.41469816272966
E00018314,339,58,33,25,281,10,271,17.10914454277286,9.734513274336283,7.374631268436578,82.89085545722715,2.949852507374631,79.9410029498525
E00018315,623,59,21,38,564,38,526,9.470304975922954,3.3707865168539324,6.099518459069021,90.52969502407706,6.099518459069021,84.43017656500803
E00018316,520,52,30,22,468,20,448,10,5.769230769230769,4.230769230769231,90,3.8461538461538463,86.15384615384616
E00018317,538,51,20,31,487,22,465,9.479553903345725,3.717472118959108,5.762081784386617,90.52044609665427,4.089219330855019,86.43122676579925
E00018318,264,23,7,16,241,9,232,8.712121212121213,2.6515151515151514,6.0606060606060606,91.28787878787878,3.4090909090909087,87.87878787878788
E00018319,311,53,21,32,258,15,243,17.041800643086816,6.752411575562702,10.289389067524116,82.95819935691318,4.823151125401929,78.13504823151125
E00018320,499,73,37,36,426,19,407,14.629258517034069,7.414829659318638,7.214428857715431,85.37074148296593,3.807615230460922,81.56312625250501
E00018321,402,35,15,20,367,17,350,8.706467661691542,3.731343283582089,4.975124378109453,91.29353233830845,4.228855721393035,87.06467661691542
E00018322,250,36,20,16,214,14,200,14.399999999999999,8,6.4,85.6,5.6000000000000005,80
E00018323,237,35,15,20,202,12,190,14.767932489451477,6.329113924050633,8.438818565400844,85.23206751054853,5.063291139240507,80.16877637130801
E00018324,305,26,8,18,279,13,266,8.524590163934425,2.622950819672131,5.901639344262295,91.47540983606557,4.2622950819672125,87.21311475409837
E00018325,335,51,21,30,284,15,269,15.223880597014924,6.26865671641791,8.955223880597014,84.77611940298507,4.477611940298507,80.29850746268656
E00018326,294,50,22,28,244,6,238,17.006802721088434,7.482993197278912,9.523809523809524,82.99319727891157,2.0408163265306123,80.95238095238095
E00018327,356,56,30,26,300,15,285,15.730337078651685,8.426966292134832,7.303370786516854,84.26966292134831,4.213483146067416,80.0561797752809
E00018328,408,55,27,28,353,16,337,13.480392156862745,6.61764705882353,6.862745098039216,86.51960784313727,3.9215686274509802,82.59803921568627
E00018329,378,65,30,35,313,15,298,17.195767195767196,7.936507936507936,9.25925925925926,82.8042328042328,3.968253968253968,78.83597883597884
E00018330,412,66,30,36,346,16,330,16.019417475728158,7.281553398058252,8.737864077669903,83.98058252427184,3.8834951456310676,80.09708737864078
E00018331,378,62,26,36,316,12,304,16.402116402116402,6.878306878306878,9.523809523809524,83.5978835978836,3.1746031746031744,80.42328042328042
E00018332,363,39,20,19,324,4,320,10.743801652892563,5.5096418732782375,5.234159779614325,89.25619834710744,1.1019283746556474,88.1542699724518
E00018333,237,32,16,16,205,14,191,13.502109704641349,6.751054852320674,6.751054852320674,86.49789029535864,5.9071729957805905,80.59071729957806
E00018334,436,48,24,24,388,10,378,11.009174311926607,5.5045871559633035,5.5045871559633035,88.9908256880734,2.293577981651376,86.69724770642202
E00018335,553,67,32,35,486,28,458,12.115732368896925,5.786618444846293,6.329113924050633,87.88426763110307,5.063291139240507,82.82097649186257
E00018336,453,48,27,21,405,14,391,10.596026490066226,5.960264900662252,4.635761589403973,89.40397350993378,3.090507726269316,86.313465783664455
E00174960,287,18,10,8,269,12,257,6.2717770034843205,3.484320557491289,2.7874564459930316,93.72822299651567,4.181184668989547,89.54703832752612
E00174961,154,21,9,12,133,7,126,13.636363636363635,5.844155844155844,7.792207792207792,86.36363636363636,4.545454545454546,81.81818181818183
E00174962,186,7,1,6,179,10,169,3.763440860215054,0.5376344086021506,3.225806451612903,96.23655913978494,5.376344086021505,90.86021505376344
E00174963,391,34,16,18,357,6,351,8.695652173913043,4.092071611253197,4.603580562659847,91.30434782608695,1.5345268542199488,89.769820971867
E00174967,174,13,5,8,161,12,149,7.471264367816093,2.8735632183908044,4.597701149425287,92.52873563218391,6.896551724137931,85.63218390804597
E00174968,311,14,4,10,297,13,284,4.501607717041801,1.2861736334405145,3.215434083601286,95.4983922829582,4.180064308681672,91.31832797427653
E00174969,210,28,14,14,182,5,177,13.333333333333334,6.666666666666667,6.666666666666667,86.66666666666667,2.380952380952381,84.28571428571429
E00174970,179,10,2,8,169,14,155,5.58659217877095,1.1173184357541899,4.4692737430167595,94.41340782122904,7.82122905027933,86.59217877094973
E00174971,380,35,11,24,345,14,331,9.210526315789473,2.8947368421052633,6.315789473684211,90.78947368421053,3.684210526315789,87.10526315789474
E00174972,377,39,19,20,338,25,313,10.344827586206897,5.039787798408488,5.305039787798409,89.65517241379311,6.631299734748011,83.0238726790451
E00174973,409,36,13,23,373,12,361,8.80195599022005,3.1784841075794623,5.623471882640587,91.19804400977995,2.93398533007335,88.26405867970661
E00174977,230,8,4,4,222,10,212,3.4782608695652173,1.7391304347826086,1.7391304347826086,96.52173913043478,4.3478260869565215,92.17391304347827
E00174978,477,90,57,33,387,21,366,18.867924528301888,11.949685534591195,6.918238993710692,81.13207547169812,4.40251572327044,76.72955974842768
E00174979,433,46,23,23,387,9,378,10.623556581986143,5.311778290993072,5.311778290993072,89.37644341801386,2.0785219399538106,87.29792147806005
E00174980,367,37,19,18,330,10,320,10.08174386920981,5.177111716621254,4.904632152588556,89.91825613079018,2.7247956403269753,87.19346049046321
E00174981,204,15,9,6,189,5,184,7.352941176470589,4.411764705882353,2.941176470588235,92.64705882352942,2.450980392156863,90.19607843137256
E00174982,374,40,18,22,334,15,319,10.695187165775401,4.81283422459893,5.88235294117647,89.3048128342246,4.0106951871657754,85.29411764705883
E00174983,299,28,11,17,271,17,254,9.364548494983277,3.678929765886288,5.68561872909699,90.63545150501672,5.68561872909699,84.94983277591973
E00174984,304,37,15,22,267,18,249,12.171052631578947,4.934210526315789,7.236842105263158,87.82894736842105,5.921052631578947,81.9078947368421
E00174986,355,33,10,23,322,26,296,9.295774647887324,2.8169014084507045,6.478873239436619,90.70422535211267,7.323943661971831,83.38028169014085
E00174987,204,32,14,18,172,10,162,15.686274509803921,6.862745098039216,8.823529411764707,84.31372549019608,4.901960784313726,79.41176470588235
E00174989,411,56,25,31,355,14,341,13.62530413625304,6.082725060827251,7.542579075425791,86.37469586374696,3.40632603406326,82.9683698296837
E00174990,362,27,8,19,335,11,324,7.458563535911603,2.209944751381215,5.248618784530387,92.5414364640884,3.0386740331491713,89.50276243093923
E00174992,123,7,2,5,116,6,110,5.691056910569105,1.6260162601626018,4.0650406504065035,94.3089430894309,4.878048780487805,89.43089430894308
E00174993,268,9,1,8,259,13,246,3.3582089552238807,0.3731343283582089,2.9850746268656714,96.64179104477611,4.850746268656716,91.7910447761194
E00174994,407,27,8,19,380,12,368,6.6339066339066335,1.9656019656019657,4.668304668304668,93.36609336609337,2.9484029484029484,90.41769041769042
E00174995,306,37,15,22,269,14,255,12.091503267973856,4.901960784313726,7.18954248366013,87.90849673202614,4.57516339869281,83.33333333333334
E00174996,433,40,21,19,393,4,389,9.237875288683602,4.849884526558892,4.387990762124711,90.76212471131639,0.9237875288683602,89.83833718244803
E00174997,444,35,18,17,409,17,392,7.882882882882883,4.054054054054054,3.8288288288288284,92.11711711711712,3.8288288288288284,88.28828828828829
E00174998,150,20,5,15,130,3,127,13.333333333333334,3.3333333333333335,10,86.66666666666667,2,84.66666666666667
E00174999,316,22,6,16,294,7,287,6.962025316455696,1.89873417721519,5.063291139240507,93.0379746835443,2.2151898734177213,90.82278481012658
E00175000,311,17,0,17,294,8,286,5.466237942122187,0,5.466237942122187,94.53376205787781,2.572347266881029,91.96141479099678
E00175001,320,20,6,14,300,13,287,6.25,1.875,4.375,93.75,4.0625,89.6875
E00175002,303,37,16,21,266,10,256,12.211221122112212,5.2805280528052805,6.9306930693069315,87.78877887788778,3.3003300330033,84.48844884488449
E00175003,328,23,10,13,305,14,291,7.01219512195122,3.048780487804878,3.9634146341463414,92.98780487804879,4.2682926829268295,88.71951219512195
E00175004,457,61,24,37,396,13,383,13.347921225382933,5.25164113785558,8.096280087527353,86.65207877461707,2.8446389496717726,83.80743982494529
E00175005,128,23,13,10,105,5,100,17.96875,10.15625,7.8125,82.03125,3.90625,78.125
E00175006,383,33,12,21,350,19,331,8.616187989556137,3.1331592689295036,5.483028720626632,91.38381201044386,4.960835509138381,86.42297650130548
E00175007,481,60,36,24,421,19,402,12.474012474012476,7.484407484407485,4.98960498960499,87.52598752598753,3.9501039501039505,83.57588357588358
E00175008,402,66,30,36,336,18,318,16.417910447761194,7.462686567164178,8.955223880597014,83.5820895522388,4.477611940298507,79.1044776119403
E00175009,447,72,33,39,375,20,355,16.10738255033557,7.38255033557047,8.724832214765101,83.89261744966443,4.47427293064877,79.41834451901566
E00175010,460,62,39,23,398,11,387,13.478260869565217,8.478260869565217,5,86.52173913043478,2.391304347826087,84.1304347826087
E00175011,445,81,41,40,364,18,346,18.202247191011235,9.213483146067416,8.98876404494382,81.79775280898876,4.044943820224719,77.75280898876404
E00175014,388,48,16,32,340,18,322,12.371134020618557,4.123711340206185,8.24742268041237,87.62886597938144,4.639175257731959,82.9896907216495
E00175016,158,28,19,9,130,11,119,17.72151898734177,12.025316455696203,5.69620253164557,82.27848101265823,6.962025316455696,75.31645569620254
E00175017,210,24,12,12,186,6,180,11.428571428571429,5.714285714285714,5.714285714285714,88.57142857142857,2.857142857142857,85.71428571428571
E00175018,313,11,1,10,302,18,284,3.5143769968051117,0.3194888178913738,3.1948881789137378,96.48562300319489,5.7507987220447285,90.73482428115017
E00175019,278,40,21,19,238,12,226,14.388489208633093,7.553956834532374,6.83453237410072,85.61151079136691,4.316546762589928,81.29496402877699
E00175020,313,35,13,22,278,16,262,11.182108626198083,4.15335463258786,7.0287539936102235,88.81789137380191,5.111821086261981,83.70607028753993
E00175021,244,15,1,14,229,14,215,6.147540983606557,0.4098360655737705,5.737704918032787,93.85245901639344,5.737704918032787,88.11475409836066
E00175023,242,22,10,12,220,16,204,9.090909090909092,4.132231404958678,4.958677685950414,90.9090909090909,6.6115702479338845,84.29752066115702
E00175024,145,7,1,6,138,8,130,4.827586206896552,0.6896551724137931,4.137931034482759,95.17241379310344,5.517241379310345,89.65517241379311
E00175025,235,19,2,17,216,20,196,8.085106382978724,0.851063829787234,7.234042553191489,91.91489361702128,8.51063829787234,83.40425531914893
E00175027,348,42,20,22,306,10,296,12.068965517241379,5.747126436781609,6.321839080459771,87.93103448275862,2.8735632183908044,85.0574712643678
E00175028,113,5,1,4,108,3,105,4.424778761061947,0.8849557522123894,3.5398230088495577,95.57522123893806,2.6548672566371683,92.92035398230088
E00175029,247,23,4,19,224,8,216,9.31174089068826,1.6194331983805668,7.6923076923076925,90.68825910931174,3.2388663967611335,87.4493927125506
E00175030,244,13,1,12,231,10,221,5.327868852459016,0.4098360655737705,4.918032786885246,94.67213114754098,4.098360655737705,90.57377049180327
E00175031,495,71,29,42,424,21,403,14.343434343434344,5.858585858585859,8.484848484848486,85.65656565656565,4.242424242424243,81.41414141414141
E00175032,263,46,23,23,217,7,210,17.490494296577946,8.745247148288973,8.745247148288973,82.50950570342205,2.6615969581749046,79.84790874524715
E00175034,535,42,13,29,493,24,469,7.850467289719626,2.4299065420560746,5.420560747663552,92.14953271028037,4.485981308411215,87.66355140186916
E00175036,236,30,9,21,206,6,200,12.711864406779661,3.8135593220338984,8.898305084745763,87.28813559322035,2.5423728813559325,84.7457627118644
E00175037,249,26,10,16,223,4,219,10.441767068273093,4.016064257028113,6.425702811244979,89.5582329317269,1.6064257028112447,87.95180722891565
E00175038,361,50,19,31,311,10,301,13.850415512465375,5.263157894736842,8.587257617728532,86.14958448753463,2.7700831024930745,83.37950138504155
E00175040,231,13,7,6,218,12,206,5.627705627705628,3.0303030303030303,2.5974025974025974,94.37229437229438,5.194805194805195,89.17748917748918
E00175041,522,70,32,38,452,16,436,13.409961685823754,6.130268199233716,7.2796934865900385,86.59003831417624,3.065134099616858,83.5249042145594
E00175045,274,45,25,20,229,7,222,16.423357664233578,9.124087591240876,7.2992700729927,83.57664233576642,2.5547445255474455,81.02189781021897
E00175047,199,22,11,11,177,3,174,11.055276381909549,5.527638190954774,5.527638190954774,88.94472361809045,1.507537688442211,87.43718592964824
E00175048,145,27,13,14,118,8,110,18.620689655172416,8.96551724137931,9.655172413793103,81.37931034482759,5.517241379310345,75.86206896551724
E00175049,373,44,25,19,329,10,319,11.796246648793565,6.702412868632708,5.093833780160858,88.20375335120644,2.680965147453083,85.52278820375335
E00175050,374,46,20,26,328,14,314,12.299465240641712,5.347593582887701,6.951871657754011,87.70053475935828,3.7433155080213902,83.9572192513369
E00175052,407,28,11,17,379,14,365,6.87960687960688,2.7027027027027026,4.176904176904177,93.12039312039312,3.43980343980344,89.68058968058969
E00175053,155,18,8,10,137,10,127,11.612903225806452,5.161290322580645,6.451612903225806,88.38709677419355,6.451612903225806,81.93548387096774
E00175055,493,44,19,25,449,10,439,8.924949290060852,3.8539553752535496,5.070993914807302,91.07505070993915,2.028397565922921,89.04665314401623
E00175056,542,59,27,32,483,19,464,10.885608856088561,4.981549815498155,5.904059040590406,89.11439114391145,3.505535055350553,85.60885608856088
E00175057,268,49,29,20,219,9,210,18.28358208955224,10.820895522388058,7.462686567164178,81.71641791044776,3.3582089552238807,78.35820895522389
E00175058,266,46,30,16,220,8,212,17.293233082706767,11.278195488721805,6.015037593984962,82.70676691729322,3.007518796992481,79.69924812030075
E00175059,533,65,25,40,468,14,454,12.195121951219512,4.690431519699812,7.5046904315197,87.8048780487805,2.6266416510318953,85.17823639774859
E00175060,243,15,2,13,228,9,219,6.172839506172839,0.823045267489712,5.349794238683128,93.82716049382715,3.7037037037037033,90.12345679012346
E00175061,327,29,13,16,298,9,289,8.868501529051988,3.9755351681957185,4.892966360856269,91.13149847094802,2.7522935779816518,88.37920489296636
E00175062,349,64,29,35,285,15,270,18.33810888252149,8.30945558739255,10.028653295128938,81.66189111747852,4.297994269340974,77.36389684813754
E00175064,355,50,26,24,305,16,289,14.084507042253522,7.323943661971831,6.760563380281689,85.91549295774648,4.507042253521127,81.40845070422536
E00175065,318,35,19,16,283,7,276,11.0062893081761,5.9748427672955975,5.031446540880504,88.9937106918239,2.20125786163522,86.79245283018868
E00175068,375,18,0,18,357,13,344,4.8,0,4.8,95.19999999999999,3.4666666666666663,91.73333333333333
E00175069,549,60,32,28,489,13,476,10.92896174863388,5.828779599271402,5.100182149362477,89.07103825136612,2.3679417122040074,86.70309653916212
E00175070,144,13,3,10,131,4,127,9.027777777777777,2.083333333333333,6.944444444444445,90.97222222222221,2.7777777777777777,88.19444444444444
E00175071,453,32,16,16,421,22,399,7.06401766004415,3.532008830022075,3.532008830022075,92.93598233995584,4.856512141280353,88.0794701986755
E00175072,174,12,5,7,162,4,158,6.896551724137931,2.8735632183908044,4.022988505747127,93.10344827586206,2.2988505747126435,90.80459770114942
E00175074,236,9,1,8,227,13,214,3.8135593220338984,0.423728813559322,3.389830508474576,96.1864406779661,5.508474576271186,90.67796610169492
E00175075,249,22,7,15,227,6,221,8.835341365461847,2.8112449799196786,6.024096385542169,91.16465863453816,2.4096385542168677,88.75502008032129
E00175076,220,40,23,17,180,7,173,18.181818181818183,10.454545454545453,7.727272727272727,81.81818181818183,3.1818181818181817,78.63636363636364
E00175078,219,39,16,23,180,10,170,17.80821917808219,7.30593607305936,10.50228310502283,82.1917808219178,4.5662100456621,77.6255707762557
E00175079,134,21,9,12,113,11,102,15.671641791044777,6.7164179104477615,8.955223880597014,84.32835820895522,8.208955223880597,76.11940298507463
E00175080,213,9,5,4,204,7,197,4.225352112676056,2.3474178403755865,1.8779342723004695,95.77464788732394,3.286384976525822,92.48826291079813
E00175082,437,50,19,31,387,10,377,11.441647597254006,4.3478260869565215,7.093821510297483,88.558352402746,2.2883295194508007,86.2700228832952
E00175083,243,34,15,19,209,8,201,13.991769547325102,6.172839506172839,7.818930041152264,86.0082304526749,3.292181069958848,82.71604938271605
E00175084,434,56,26,30,378,10,368,12.903225806451612,5.990783410138248,6.912442396313365,87.09677419354838,2.3041474654377883,84.7926267281106
E00175085,189,40,17,23,149,13,136,21.164021164021165,8.994708994708994,12.16931216931217,78.83597883597884,6.878306878306878,71.95767195767195
E00182045,348,57,28,29,291,14,277,16.379310344827587,8.045977011494253,8.333333333333332,83.62068965517241,4.022988505747127,79.59770114942529
E00182046,345,55,31,24,290,8,282,15.942028985507244,8.985507246376812,6.956521739130435,84.05797101449275,2.318840579710145,81.73913043478261
E00182047,178,29,14,15,149,4,145,16.292134831460675,7.865168539325842,8.426966292134832,83.70786516853933,2.247191011235955,81.46067415730337
E00182048,181,6,4,2,175,5,170,3.314917127071823,2.209944751381215,1.1049723756906076,96.68508287292818,2.7624309392265194,93.92265193370166
E00182049,343,56,31,25,287,12,275,16.3265306122449,9.037900874635568,7.288629737609329,83.6734693877551,3.498542274052478,80.17492711370262
E00182050,384,54,22,32,330,11,319,14.0625,5.729166666666666,8.333333333333332,85.9375,2.864583333333333,83.07291666666666
E00182051,107,8,2,6,99,5,94,7.476635514018691,1.8691588785046727,5.607476635514018,92.5233644859813,4.672897196261682,87.85046728971963
E00182052,150,32,14,18,118,9,109,21.333333333333336,9.333333333333334,12,78.66666666666666,6,72.66666666666667
E00182053,184,34,15,19,150,6,144,18.478260869565215,8.152173913043478,10.326086956521738,81.52173913043478,3.260869565217391,78.26086956521739
E00182054,236,23,6,17,213,12,201,9.745762711864407,2.5423728813559325,7.203389830508475,90.2542372881356,5.084745762711865,85.16949152542372
E00182055,165,10,2,8,155,9,146,6.0606060606060606,1.2121212121212122,4.848484848484849,93.93939393939394,5.454545454545454,88.48484848484848
E00182056,363,22,12,10,341,14,327,6.0606060606060606,3.3057851239669422,2.7548209366391188,93.93939393939394,3.8567493112947657,90.08264462809917
E00182057,479,31,9,22,448,18,430,6.471816283924843,1.8789144050104383,4.592901878914405,93.52818371607515,3.7578288100208765,89.77035490605428
E00182061,934,141,61,80,793,55,738,15.096359743040685,6.5310492505353315,8.565310492505352,84.9036402569593,5.8886509635974305,79.01498929336188
E00182063,252,9,3,6,243,16,227,3.571428571428571,1.1904761904761905,2.380952380952381,96.42857142857143,6.349206349206349,90.07936507936508
E00182065,540,74,31,43,466,16,450,13.703703703703704,5.7407407407407405,7.962962962962964,86.29629629629629,2.9629629629629632,83.33333333333334
E00182066,420,65,28,37,355,12,343,15.476190476190476,6.666666666666667,8.80952380952381,84.52380952380952,2.857142857142857,81.66666666666667
E00182069,534,46,20,26,488,11,477,8.614232209737828,3.7453183520599254,4.868913857677903,91.38576779026218,2.0599250936329585,89.32584269662921
E00182071,576,78,31,47,498,22,476,13.541666666666666,5.381944444444445,8.159722222222223,86.45833333333334,3.8194444444444446,82.63888888888889
E00182074,402,88,36,52,314,6,308,21.890547263681594,8.955223880597014,12.935323383084576,78.1094527363184,1.4925373134328357,76.61691542288557
E00182075,402,40,19,21,362,15,347,9.950248756218906,4.72636815920398,5.223880597014925,90.04975124378109,3.731343283582089,86.31840796019901
E00182076,149,18,8,10,131,6,125,12.080536912751679,5.369127516778524,6.7114093959731544,87.91946308724832,4.026845637583892,83.89261744966443
E00182077,274,17,4,13,257,10,247,6.204379562043796,1.4598540145985401,4.744525547445255,93.7956204379562,3.64963503649635,90.14598540145985
E00182078,468,81,39,42,387,21,366,17.307692307692307,8.333333333333332,8.974358974358974,82.6923076923077,4.487179487179487,78.2051282051282
E00182079,343,36,17,19,307,19,288,10.495626822157435,4.956268221574344,5.539358600583091,89.50437317784257,5.539358600583091,83.96501457725948
E00182080,529,92,46,46,437,15,422,17.391304347826086,8.695652173913043,8.695652173913043,82.6086956521739,2.835538752362949,79.77315689981096
E00182084,477,60,23,37,417,17,400,12.578616352201259,4.821802935010482,7.756813417190776,87.42138364779875,3.563941299790356,83.85744234800838
E00182085,255,38,18,20,217,7,210,14.901960784313726,7.0588235294117645,7.8431372549019605,85.09803921568627,2.7450980392156863,82.35294117647058
E00182086,330,28,7,21,302,11,291,8.484848484848486,2.1212121212121215,6.363636363636363,91.51515151515152,3.3333333333333335,88.18181818181819
E00182087,492,33,13,20,459,13,446,6.707317073170732,2.642276422764228,4.0650406504065035,93.29268292682927,2.642276422764228,90.65040650406505
E00182088,343,29,11,18,314,8,306,8.454810495626822,3.206997084548105,5.247813411078718,91.54518950437318,2.3323615160349855,89.21282798833819
E00182089,543,47,13,34,496,24,472,8.655616942909761,2.394106813996317,6.261510128913445,91.34438305709024,4.41988950276243,86.92449355432781
E00182090,362,31,20,11,331,6,325,8.56353591160221,5.524861878453039,3.0386740331491713,91.4364640883978,1.6574585635359116,89.77900552486187
E00182093,436,77,41,36,359,24,335,17.660550458715598,9.403669724770642,8.256880733944955,82.33944954128441,5.5045871559633035,76.8348623853211
E00182094,226,26,8,18,200,8,192,11.504424778761061,3.5398230088495577,7.964601769911504,88.49557522123894,3.5398230088495577,84.95575221238938
E00182095,556,57,32,25,499,15,484,10.251798561151078,5.755395683453238,4.496402877697841,89.74820143884892,2.697841726618705,87.05035971223022
E00182096,239,20,6,14,219,9,210,8.368200836820083,2.510460251046025,5.857740585774058,91.63179916317992,3.765690376569038,87.86610878661088
E00182098,284,10,3,7,274,7,267,3.5211267605633805,1.056338028169014,2.464788732394366,96.47887323943662,2.464788732394366,94.01408450704226
E00182099,442,58,28,30,384,9,375,13.122171945701359,6.334841628959276,6.787330316742081,86.87782805429865,2.0361990950226243,84.84162895927602
E00182100,598,55,20,35,543,34,509,9.197324414715718,3.3444816053511706,5.852842809364549,90.80267558528428,5.68561872909699,85.11705685618729
E00182102,106,3,3,0,103,8,95,2.8301886792452833,2.8301886792452833,0,97.16981132075472,7.547169811320755,89.62264150943396
E00182103,283,45,17,28,238,10,228,15.901060070671377,6.007067137809187,9.89399293286219,84.09893992932862,3.53356890459364,80.56537102473497
E00182104,616,59,33,26,557,10,547,9.577922077922079,5.357142857142857,4.220779220779221,90.42207792207793,1.6233766233766231,88.7987012987013
E00182105,397,71,35,36,326,14,312,17.884130982367758,8.816120906801007,9.06801007556675,82.11586901763224,3.5264483627204033,78.58942065491183
E00182106,111,8,1,7,103,5,98,7.207207207207207,0.9009009009009009,6.306306306306306,92.7927927927928,4.504504504504505,88.28828828828829
E00182108,318,46,27,19,272,13,259,14.465408805031446,8.49056603773585,5.9748427672955975,85.53459119496856,4.088050314465408,81.44654088050315
E00182109,321,51,32,19,270,10,260,15.887850467289718,9.968847352024921,5.919003115264798,84.11214953271028,3.115264797507788,80.99688473520249
E00182110,101,8,1,7,93,7,86,7.920792079207921,0.9900990099009901,6.9306930693069315,92.07920792079209,6.9306930693069315,85.14851485148515
E00182113,365,64,27,37,301,13,288,17.534246575342465,7.397260273972603,10.136986301369863,82.46575342465754,3.5616438356164384,78.9041095890411
E00182114,306,21,3,18,285,14,271,6.862745098039216,0.9803921568627451,5.88235294117647,93.13725490196079,4.57516339869281,88.56209150326796
E00182115,249,27,8,19,222,8,214,10.843373493975903,3.2128514056224895,7.630522088353414,89.1566265060241,3.2128514056224895,85.94377510040161
E00182116,264,13,1,12,251,6,245,4.924242424242424,0.3787878787878788,4.545454545454546,95.07575757575758,2.272727272727273,92.8030303030303
E00182117,336,16,5,11,320,12,308,4.761904761904762,1.488095238095238,3.273809523809524,95.23809523809523,3.571428571428571,91.66666666666666
E00182118,272,6,3,3,266,13,253,2.2058823529411766,1.1029411764705883,1.1029411764705883,97.79411764705883,4.779411764705882,93.01470588235294
E00182119,405,24,4,20,381,12,369,5.9259259259259265,0.9876543209876543,4.938271604938271,94.07407407407408,2.9629629629629632,91.11111111111111
E00182121,411,44,16,28,367,16,351,10.70559610705596,3.8929440389294405,6.81265206812652,89.29440389294405,3.8929440389294405,85.40145985401459
E00182122,343,39,23,16,304,5,299,11.370262390670554,6.705539358600583,4.664723032069971,88.62973760932945,1.4577259475218658,87.17201166180757
E00182125,554,65,31,34,489,18,471,11.732851985559567,5.595667870036101,6.137184115523466,88.26714801444044,3.2490974729241873,85.01805054151625
E00182126,350,14,1,13,336,20,316,4,0.2857142857142857,3.7142857142857144,96,5.714285714285714,90.28571428571428
E00182127,176,14,1,13,162,13,149,7.954545454545454,0.5681818181818182,7.386363636363637,92.04545454545455,7.386363636363637,84.6590909090909
E00182131,296,20,5,15,276,4,272,6.756756756756757,1.6891891891891893,5.0675675675675675,93.24324324324324,1.3513513513513513,91.8918918918919
E00182133,565,35,20,15,530,6,524,6.1946902654867255,3.5398230088495577,2.6548672566371683,93.80530973451327,1.0619469026548671,92.7433628318584
E00182135,209,18,1,17,191,12,179,8.61244019138756,0.4784688995215311,8.133971291866029,91.38755980861244,5.741626794258373,85.64593301435407
E00182136,371,18,4,14,353,17,336,4.8517520215633425,1.078167115902965,3.7735849056603774,95.14824797843666,4.5822102425876015,90.56603773584906
E00182138,187,11,0,11,176,10,166,5.88235294117647,0,5.88235294117647,94.11764705882352,5.347593582887701,88.77005347593582
E00182142,433,20,2,18,413,15,398,4.618937644341801,0.4618937644341801,4.157043879907621,95.3810623556582,3.4642032332563506,91.91685912240185
E00182143,130,9,3,6,121,6,115,6.923076923076923,2.307692307692308,4.615384615384616,93.07692307692308,4.615384615384616,88.46153846153845
E00182144,176,15,5,10,161,2,159,8.522727272727272,2.840909090909091,5.681818181818182,91.47727272727273,1.1363636363636365,90.3409090909091
E00182145,325,17,9,8,308,3,305,5.230769230769231,2.769230769230769,2.4615384615384617,94.76923076923077,0.9230769230769231,93.84615384615384
E00182146,361,42,3,39,319,20,299,11.634349030470915,0.8310249307479225,10.80332409972299,88.36565096952909,5.540166204986149,82.82548476454294
E00182147,288,21,8,13,267,22,245,7.291666666666667,2.7777777777777777,4.513888888888888,92.70833333333334,7.638888888888889,85.06944444444444
E00182149,415,18,2,16,397,11,386,4.337349397590361,0.48192771084337355,3.8554216867469884,95.66265060240964,2.6506024096385543,93.01204819277108
E00182151,324,15,9,6,309,11,298,4.62962962962963,2.7777777777777777,1.8518518518518516,95.37037037037037,3.3950617283950617,91.9753086419753
E00182152,246,47,15,32,199,9,190,19.10569105691057,6.097560975609756,13.008130081300814,80.89430894308943,3.6585365853658534,77.23577235772358
E00182153,458,56,27,29,402,24,378,12.22707423580786,5.895196506550218,6.331877729257641,87.77292576419214,5.240174672489083,82.53275109170306
E00182155,320,53,21,32,267,5,262,16.5625,6.5625,10,83.4375,1.5625,81.875
E00182156,322,17,5,12,305,13,292,5.279503105590062,1.5527950310559007,3.7267080745341614,94.72049689440993,4.037267080745342,90.6832298136646
E00182159,200,25,13,12,175,9,166,12.5,6.5,6,87.5,4.5,83
E00182163,218,8,1,7,210,10,200,3.669724770642202,0.45871559633027525,3.211009174311927,96.3302752293578,4.587155963302752,91.74311926605505
E00182164,226,48,24,24,178,4,174,21.238938053097346,10.619469026548673,10.619469026548673,78.76106194690266,1.7699115044247788,76.99115044247787
E00182166,249,20,9,11,229,8,221,8.032128514056225,3.614457831325301,4.417670682730924,91.96787148594377,3.2128514056224895,88.75502008032129
E00182168,499,36,12,24,463,40,423,7.214428857715431,2.404809619238477,4.809619238476954,92.78557114228457,8.016032064128256,84.76953907815631
E00182171,223,28,9,19,195,14,181,12.556053811659194,4.0358744394618835,8.520179372197308,87.4439461883408,6.278026905829597,81.16591928251121
E00182174,167,36,17,19,131,7,124,21.55688622754491,10.179640718562874,11.377245508982035,78.44311377245509,4.191616766467066,74.25149700598801
E00182175,209,12,4,8,197,9,188,5.741626794258373,1.9138755980861244,3.827751196172249,94.25837320574163,4.30622009569378,89.95215311004785
E00182176,540,55,21,34,485,34,451,10.185185185185185,3.888888888888889,6.296296296296296,89.81481481481481,6.296296296296296,83.51851851851852
E00182177,494,53,23,30,441,29,412,10.728744939271255,4.65587044534413,6.0728744939271255,89.27125506072875,5.870445344129554,83.40080971659918
E00182179,191,26,6,20,165,17,148,13.612565445026178,3.1413612565445024,10.471204188481675,86.38743455497382,8.900523560209423,77.4869109947644
E00182181,237,25,8,17,212,8,204,10.548523206751055,3.375527426160337,7.172995780590717,89.45147679324894,3.375527426160337,86.07594936708861
E00182183,138,9,3,6,129,12,117,6.521739130434782,2.1739130434782608,4.3478260869565215,93.47826086956522,8.695652173913043,84.78260869565217
E00182184,297,23,3,20,274,16,258,7.744107744107744,1.0101010101010102,6.7340067340067336,92.25589225589226,5.387205387205387,86.86868686868688
E00182186,214,21,2,19,193,6,187,9.813084112149532,0.9345794392523363,8.878504672897195,90.18691588785047,2.803738317757009,87.38317757009347
E00182190,533,63,25,38,470,24,446,11.819887429643527,4.690431519699812,7.129455909943714,88.18011257035647,4.50281425891182,83.67729831144464
E00182191,577,69,27,42,508,37,471,11.95840554592721,4.679376083188909,7.279029462738301,88.0415944540728,6.412478336221837,81.62911611785096
E00182192,472,54,29,25,418,9,409,11.440677966101696,6.1440677966101696,5.296610169491525,88.5593220338983,1.9067796610169492,86.65254237288136
E00182193,165,18,3,15,147,9,138,10.909090909090908,1.8181818181818181,9.090909090909092,89.0909090909091,5.454545454545454,83.63636363636363
E00182194,622,60,17,43,562,10,552,9.646302250803858,2.7331189710610935,6.913183279742766,90.35369774919614,1.607717041800643,88.7459807073955
E00182196,113,8,0,8,105,12,93,7.079646017699115,0,7.079646017699115,92.92035398230088,10.619469026548673,82.30088495575221
E00182198,217,28,15,13,189,9,180,12.903225806451612,6.912442396313365,5.990783410138248,87.09677419354838,4.147465437788019,82.94930875576037
E00182200,183,25,11,14,158,0,158,13.661202185792352,6.0109289617486334,7.650273224043716,86.33879781420765,0,86.33879781420765
E00182202,343,32,12,20,311,11,300,9.329446064139942,3.498542274052478,5.830903790087463,90.67055393586006,3.206997084548105,87.46355685131195
E00182203,278,41,19,22,237,11,226,14.748201438848922,6.83453237410072,7.913669064748201,85.25179856115108,3.9568345323741005,81.29496402877699
E00182206,455,43,15,28,412,10,402,9.45054945054945,3.296703296703297,6.153846153846154,90.54945054945055,2.197802197802198,88.35164835164835
E00182207,170,21,12,9,149,4,145,12.352941176470589,7.0588235294117645,5.294117647058823,87.6470588235294,2.3529411764705883,85.29411764705883
E00182208,384,9,1,8,375,17,358,2.34375,0.26041666666666663,2.083333333333333,97.65625,4.427083333333334,93.22916666666666
E00182209,325,35,22,13,290,7,283,10.76923076923077,6.769230769230769,4,89.23076923076924,2.1538461538461537,87.07692307692308
E00182210,413,59,25,34,354,22,332,14.285714285714285,6.053268765133172,8.232445520581114,85.71428571428571,5.326876513317192,80.38740920096852
E00182211,318,28,15,13,290,7,283,8.80503144654088,4.716981132075472,4.088050314465408,91.19496855345912,2.20125786163522,88.9937106918239
E00182212,384,64,25,39,320,8,312,16.666666666666664,6.510416666666667,10.15625,83.33333333333334,2.083333333333333,81.25
E00182213,461,30,20,10,431,5,426,6.507592190889371,4.3383947939262475,2.1691973969631237,93.49240780911063,1.0845986984815619,92.40780911062907
E00182217,376,52,23,29,324,11,313,13.829787234042554,6.117021276595745,7.712765957446808,86.17021276595744,2.925531914893617,83.24468085106383
E00182220,401,30,12,18,371,15,356,7.4812967581047385,2.9925187032418954,4.488778054862843,92.51870324189527,3.7406483790523692,88.7780548628429
E00182221,454,30,10,20,424,12,412,6.607929515418502,2.2026431718061676,4.405286343612335,93.3920704845815,2.643171806167401,90.7488986784141
E00182225,201,13,4,9,188,18,170,6.467661691542288,1.9900497512437811,4.477611940298507,93.53233830845771,8.955223880597014,84.5771144278607
E00182229,373,13,1,12,360,17,343,3.485254691689008,0.2680965147453083,3.2171581769436997,96.51474530831099,4.557640750670242,91.95710455764075
E00182230,426,35,13,22,391,14,377,8.215962441314554,3.051643192488263,5.164319248826291,91.78403755868545,3.286384976525822,88.49765258215963
E00182231,441,46,22,24,395,15,380,10.430839002267573,4.988662131519274,5.442176870748299,89.56916099773242,3.4013605442176873,86.16780045351474
E00182232,237,10,2,8,227,13,214,4.219409282700422,0.8438818565400843,3.375527426160337,95.78059071729957,5.485232067510549,90.29535864978902
E00182235,320,38,18,20,282,17,265,11.875,5.625,6.25,88.125,5.3125,82.8125
E00182242,564,35,11,24,529,35,494,6.205673758865248,1.950354609929078,4.25531914893617,93.79432624113475,6.205673758865248,87.58865248226951
E00182243,184,5,1,4,179,6,173,2.717391304347826,0.5434782608695652,2.1739130434782608,97.28260869565217,3.260869565217391,94.02173913043478
E00182246,353,35,19,16,318,12,306,9.91501416430595,5.382436260623229,4.53257790368272,90.08498583569406,3.39943342776204,86.68555240793201
E00182247,168,2,1,1,166,9,157,1.1904761904761905,0.5952380952380952,0.5952380952380952,98.80952380952381,5.357142857142857,93.45238095238095
E00182249,604,43,16,27,561,39,522,7.119205298013245,2.6490066225165565,4.470198675496689,92.88079470198676,6.456953642384105,86.42384105960265
E00182251,483,28,6,22,455,25,430,5.797101449275362,1.2422360248447204,4.554865424430641,94.20289855072464,5.175983436853002,89.02691511387164
E00182253,278,28,6,22,250,18,232,10.071942446043165,2.158273381294964,7.913669064748201,89.92805755395683,6.474820143884892,83.45323741007195
E00182254,299,23,5,18,276,8,268,7.6923076923076925,1.6722408026755853,6.0200668896321075,92.3076923076923,2.6755852842809364,89.63210702341136
E00182255,464,31,10,21,433,11,422,6.68103448275862,2.1551724137931036,4.525862068965517,93.31896551724138,2.3706896551724137,90.94827586206897
E00182256,308,44,26,18,264,13,251,14.285714285714285,8.441558441558442,5.844155844155844,85.71428571428571,4.220779220779221,81.4935064935065
E00182258,160,23,14,9,137,7,130,14.374999999999998,8.75,5.625,85.625,4.375,81.25
E00182259,473,73,36,37,400,13,387,15.433403805496829,7.6109936575052854,7.822410147991543,84.56659619450318,2.748414376321353,81.81818181818183
E00182262,429,90,56,34,339,13,326,20.97902097902098,13.053613053613052,7.925407925407925,79.02097902097903,3.0303030303030303,75.990675990676
E00182264,269,7,1,6,262,10,252,2.6022304832713754,0.37174721189591076,2.2304832713754648,97.39776951672863,3.717472118959108,93.68029739776952
E00182265,286,52,38,14,234,14,220,18.181818181818183,13.286713286713287,4.895104895104895,81.81818181818183,4.895104895104895,76.92307692307693
E00182266,355,42,15,27,313,21,292,11.830985915492958,4.225352112676056,7.605633802816901,88.16901408450704,5.915492957746479,82.25352112676056
E00182267,559,40,9,31,519,31,488,7.155635062611807,1.6100178890876566,5.545617173524151,92.84436493738819,5.545617173524151,87.29874776386404
E00182270,324,62,33,29,262,8,254,19.1358024691358,10.185185185185185,8.950617283950617,80.8641975308642,2.4691358024691357,78.39506172839506
E00182271,246,18,6,12,228,11,217,7.317073170731707,2.4390243902439024,4.878048780487805,92.6829268292683,4.471544715447155,88.21138211382113
E00182272,230,31,6,25,199,11,188,13.478260869565217,2.608695652173913,10.869565217391305,86.52173913043478,4.782608695652174,81.73913043478261
E00182273,148,15,7,8,133,7,126,10.135135135135135,4.72972972972973,5.405405405405405,89.86486486486487,4.72972972972973,85.13513513513513
E00182274,316,16,1,15,300,17,283,5.063291139240507,0.31645569620253167,4.746835443037975,94.9367088607595,5.379746835443038,89.55696202531645
E00182278,372,44,24,20,328,9,319,11.827956989247312,6.451612903225806,5.376344086021505,88.17204301075269,2.4193548387096775,85.75268817204301
E00182279,433,40,17,23,393,5,388,9.237875288683602,3.9260969976905313,5.311778290993072,90.76212471131639,1.1547344110854503,89.60739030023095
E00182280,156,15,7,8,141,4,137,9.615384615384617,4.487179487179487,5.128205128205128,90.38461538461539,2.564102564102564,87.82051282051282
E00182282,481,43,21,22,438,13,425,8.93970893970894,4.365904365904366,4.5738045738045745,91.06029106029106,2.7027027027027026,88.35758835758836
E00182283,265,18,1,17,247,19,228,6.7924528301886795,0.37735849056603776,6.415094339622642,93.20754716981132,7.169811320754717,86.0377358490566
E00182285,492,50,15,35,442,21,421,10.16260162601626,3.048780487804878,7.113821138211382,89.83739837398373,4.2682926829268295,85.56910569105692
E00182286,245,21,3,18,224,20,204,8.571428571428571,1.2244897959183674,7.346938775510205,91.42857142857143,8.16326530612245,83.26530612244898
E00182290,547,42,16,26,505,28,477,7.678244972577697,2.9250457038391224,4.753199268738574,92.3217550274223,5.118829981718465,87.20292504570384
E00182291,458,48,21,27,410,19,391,10.480349344978166,4.585152838427948,5.895196506550218,89.51965065502183,4.148471615720524,85.37117903930131
E00182292,134,11,4,7,123,9,114,8.208955223880597,2.9850746268656714,5.223880597014925,91.7910447761194,6.7164179104477615,85.07462686567165
E00182293,216,5,0,5,211,12,199,2.314814814814815,0,2.314814814814815,97.68518518518519,5.555555555555555,92.12962962962963
E00182298,192,27,6,21,165,18,147,14.0625,3.125,10.9375,85.9375,9.375,76.5625
E00182299,120,22,10,12,98,4,94,18.333333333333332,8.333333333333332,10,81.66666666666667,3.3333333333333335,78.33333333333333
E00182301,165,27,14,13,138,7,131,16.363636363636363,8.484848484848486,7.878787878787878,83.63636363636363,4.242424242424243,79.39393939393939
E00182306,172,12,5,7,160,11,149,6.976744186046512,2.9069767441860463,4.069767441860465,93.02325581395348,6.395348837209303,86.62790697674419
E00182307,338,50,19,31,288,15,273,14.792899408284024,5.621301775147929,9.171597633136095,85.20710059171599,4.437869822485207,80.76923076923077
E00182308,463,21,4,17,442,23,419,4.535637149028078,0.8639308855291578,3.6717062634989204,95.46436285097192,4.967602591792657,90.49676025917927
E00182310,216,14,2,12,202,10,192,6.481481481481481,0.9259259259259258,5.555555555555555,93.51851851851852,4.62962962962963,88.88888888888889
E00182312,526,32,10,22,494,33,461,6.083650190114068,1.9011406844106464,4.182509505703422,93.91634980988593,6.273764258555133,87.6425855513308
E00182313,146,17,4,13,129,7,122,11.643835616438356,2.73972602739726,8.904109589041095,88.35616438356165,4.794520547945205,83.56164383561644
E00182314,153,11,3,8,142,2,140,7.18954248366013,1.9607843137254901,5.228758169934641,92.81045751633987,1.3071895424836601,91.50326797385621
E00182315,453,41,22,19,412,20,392,9.050772626931568,4.856512141280353,4.194260485651214,90.94922737306842,4.415011037527594,86.53421633554083
E00182317,182,33,18,15,149,6,143,18.13186813186813,9.89010989010989,8.241758241758241,81.86813186813187,3.296703296703297,78.57142857142857
E00182318,277,31,13,18,246,5,241,11.191335740072201,4.693140794223827,6.4981949458483745,88.8086642599278,1.8050541516245486,87.00361010830325
E00182319,280,23,4,19,257,11,246,8.214285714285714,1.4285714285714286,6.785714285714286,91.78571428571428,3.9285714285714284,87.85714285714286
E00182320,295,17,5,12,278,4,274,5.762711864406779,1.694915254237288,4.067796610169491,94.23728813559322,1.3559322033898304,92.88135593220339
E00182321,200,11,4,7,189,10,179,5.5,2,3.5000000000000004,94.5,5,89.5
E00182324,410,31,19,12,379,8,371,7.560975609756097,4.634146341463414,2.9268292682926833,92.4390243902439,1.951219512195122,90.48780487804878
E00182325,582,44,18,26,538,21,517,7.560137457044673,3.0927835051546393,4.4673539518900345,92.43986254295532,3.608247422680412,88.8316151202749
E00182326,310,19,3,16,291,10,281,6.129032258064516,0.967741935483871,5.161290322580645,93.87096774193549,3.225806451612903,90.64516129032259
E00182327,112,17,11,6,95,5,90,15.178571428571427,9.821428571428571,5.357142857142857,84.82142857142857,4.464285714285714,80.35714285714286
E00182329,116,13,12,1,103,9,94,11.206896551724139,10.344827586206897,0.8620689655172413,88.79310344827587,7.758620689655173,81.03448275862068
E00182330,487,55,22,33,432,15,417,11.293634496919918,4.517453798767967,6.7761806981519515,88.7063655030801,3.0800821355236137,85.62628336755647
E00182332,250,42,23,19,208,6,202,16.8,9.2,7.6,83.2,2.4,80.80000000000001
E00182336,574,67,37,30,507,25,482,11.67247386759582,6.445993031358885,5.2264808362369335,88.32752613240417,4.355400696864112,83.97212543554006
E00182337,344,60,36,24,284,15,269,17.441860465116278,10.465116279069768,6.976744186046512,82.55813953488372,4.3604651162790695,78.19767441860465
E00182339,260,21,10,11,239,0,239,8.076923076923077,3.8461538461538463,4.230769230769231,91.92307692307692,0,91.92307692307692
E00182340,316,16,4,12,300,24,276,5.063291139240507,1.2658227848101267,3.79746835443038,94.9367088607595,7.59493670886076,87.34177215189874
E00182341,362,28,12,16,334,5,329,7.734806629834254,3.314917127071823,4.41988950276243,92.26519337016575,1.3812154696132597,90.88397790055248
E00182342,113,8,2,6,105,5,100,7.079646017699115,1.7699115044247788,5.3097345132743365,92.92035398230088,4.424778761061947,88.49557522123894
E00182343,266,21,3,18,245,7,238,7.894736842105263,1.1278195488721803,6.7669172932330826,92.10526315789474,2.631578947368421,89.47368421052632
E00182344,222,21,7,14,201,4,197,9.45945945945946,3.153153153153153,6.306306306306306,90.54054054054053,1.8018018018018018,88.73873873873875
E00182347,499,37,12,25,462,14,448,7.414829659318638,2.404809619238477,5.01002004008016,92.58517034068137,2.80561122244489,89.77955911823648
E00182348,547,43,22,21,504,27,477,7.861060329067642,4.021937842778794,3.8391224862888484,92.13893967093236,4.93601462522852,87.20292504570384
E00182350,307,16,2,14,291,9,282,5.211726384364821,0.6514657980456027,4.5602605863192185,94.78827361563518,2.9315960912052117,91.85667752442997
E00182351,597,51,23,28,546,15,531,8.542713567839195,3.8525963149078724,4.690117252931323,91.4572864321608,2.512562814070352,88.94472361809045
E00182352,178,9,0,9,169,9,160,5.056179775280898,0,5.056179775280898,94.9438202247191,5.056179775280898,89.8876404494382
E00182356,535,54,28,26,481,23,458,10.093457943925234,5.233644859813085,4.859813084112149,89.90654205607477,4.299065420560748,85.60747663551402
E00182361,555,55,27,28,500,34,466,9.90990990990991,4.864864864864865,5.045045045045045,90.09009009009009,6.126126126126126,83.96396396396396
E00182365,225,8,1,7,217,10,207,3.5555555555555554,0.4444444444444444,3.111111111111111,96.44444444444444,4.444444444444445,92
E00182366,307,29,16,13,278,13,265,9.446254071661238,5.211726384364821,4.234527687296417,90.55374592833876,4.234527687296417,86.31921824104235
E00182367,420,38,6,32,382,17,365,9.047619047619047,1.4285714285714286,7.6190476190476195,90.95238095238095,4.0476190476190474,86.90476190476191
E00182369,177,11,4,7,166,9,157,6.214689265536723,2.2598870056497176,3.954802259887006,93.78531073446328,5.084745762711865,88.70056497175142
E00182370,244,9,3,6,235,14,221,3.6885245901639343,1.2295081967213115,2.459016393442623,96.31147540983606,5.737704918032787,90.57377049180327
E00182371,161,15,5,10,146,11,135,9.316770186335404,3.1055900621118013,6.211180124223603,90.6832298136646,6.832298136645963,83.85093167701864
E00182372,338,44,23,21,294,9,285,13.017751479289942,6.8047337278106506,6.21301775147929,86.98224852071006,2.6627218934911245,84.31952662721893
E00182373,196,26,10,16,170,7,163,13.26530612244898,5.1020408163265305,8.16326530612245,86.73469387755102,3.571428571428571,83.16326530612244
E00182378,511,23,1,22,488,21,467,4.500978473581213,0.19569471624266144,4.305283757338552,95.49902152641879,4.10958904109589,91.3894324853229
E00182380,350,47,30,17,303,6,297,13.428571428571429,8.571428571428571,4.857142857142857,86.57142857142858,1.7142857142857144,84.85714285714285
E00182381,482,45,21,24,437,20,417,9.336099585062241,4.356846473029045,4.979253112033195,90.66390041493776,4.149377593360995,86.51452282157676
E00182382,264,48,25,23,216,6,210,18.181818181818183,9.469696969696969,8.712121212121213,81.81818181818183,2.272727272727273,79.54545454545455
E00182383,247,20,5,15,227,15,212,8.097165991902834,2.0242914979757085,6.0728744939271255,91.90283400809717,6.0728744939271255,85.82995951417004
E00182385,446,40,22,18,406,12,394,8.968609865470851,4.932735426008969,4.0358744394618835,91.03139013452915,2.690582959641256,88.34080717488789
E00182387,321,27,12,15,294,14,280,8.411214953271028,3.7383177570093453,4.672897196261682,91.58878504672897,4.361370716510903,87.22741433021807
E00182389,287,18,3,15,269,18,251,6.2717770034843205,1.0452961672473868,5.2264808362369335,93.72822299651567,6.2717770034843205,87.45644599303137
E00182390,183,11,0,11,172,15,157,6.0109289617486334,0,6.0109289617486334,93.98907103825137,8.19672131147541,85.79234972677595
E00182391,351,30,12,18,321,11,310,8.547008547008547,3.418803418803419,5.128205128205128,91.45299145299145,3.133903133903134,88.31908831908832
E00182392,345,33,16,17,312,5,307,9.565217391304348,4.63768115942029,4.9275362318840585,90.43478260869566,1.4492753623188406,88.98550724637681
E00182393,327,27,9,18,300,14,286,8.256880733944955,2.7522935779816518,5.5045871559633035,91.74311926605505,4.281345565749235,87.46177370030581
E00182394,337,43,15,28,294,4,290,12.759643916913946,4.451038575667656,8.30860534124629,87.24035608308606,1.1869436201780417,86.05341246290801
E00182395,413,28,12,16,385,29,356,6.779661016949152,2.9055690072639226,3.87409200968523,93.22033898305084,7.021791767554479,86.19854721549636
E00182396,144,32,20,12,112,2,110,22.22222222222222,13.88888888888889,8.333333333333332,77.77777777777779,1.3888888888888888,76.38888888888889
E00182397,585,36,7,29,549,36,513,6.153846153846154,1.1965811965811968,4.957264957264957,93.84615384615384,6.153846153846154,87.6923076923077
E00182399,480,64,12,52,416,25,391,13.333333333333334,2.5,10.833333333333334,86.66666666666667,5.208333333333334,81.45833333333333
