OA,ts0590001,ts0590002,ts0590003,ts0590004,ts0590005,ts0590006,ts0590007,ts0590002_PCT,ts0590003_PCT,ts0590004_PCT,ts0590005_PCT,ts0590006_PCT,ts0590007_PCT
E00003110,137,41,13,28,96,75,21,29.927007299270077,9.48905109489051,20.437956204379564,70.07299270072993,54.74452554744526,15.328467153284672
E00003111,164,56,28,28,108,62,46,34.146341463414636,17.073170731707318,17.073170731707318,65.85365853658537,37.80487804878049,28.04878048780488
E00003112,93,32,16,16,61,49,12,34.40860215053764,17.20430107526882,17.20430107526882,65.59139784946237,52.68817204301075,12.903225806451612
E00003113,156,40,10,30,116,83,33,25.64102564102564,6.41025641025641,19.230769230769234,74.35897435897436,53.205128205128204,21.153846153846153
E00003114,96,26,14,12,70,59,11,27.083333333333332,14.583333333333334,12.5,72.91666666666666,61.458333333333336,11.458333333333332
E00003115,115,24,12,12,91,75,16,20.869565217391305,10.434782608695652,10.434782608695652,79.13043478260869,65.21739130434783,13.91304347826087
E00003116,150,35,20,15,115,78,37,23.333333333333332,13.333333333333334,10,76.66666666666667,52,24.666666666666668
E00003117,188,52,18,34,136,99,37,27.659574468085108,9.574468085106384,18.085106382978726,72.3404255319149,52.659574468085104,19.680851063829788
E00003118,191,34,13,21,157,133,24,17.801047120418847,6.806282722513089,10.99476439790576,82.19895287958116,69.63350785340315,12.56544502617801
E00003119,148,40,11,29,108,78,30,27.027027027027028,7.4324324324324325,19.594594594594593,72.97297297297297,52.702702702702695,20.27027027027027
E00003120,183,42,20,22,141,118,23,22.950819672131146,10.92896174863388,12.021857923497267,77.04918032786885,64.48087431693989,12.568306010928962
E00003122,168,44,17,27,124,76,48,26.190476190476193,10.119047619047619,16.071428571428573,73.80952380952381,45.23809523809524,28.57142857142857
E00003123,205,65,22,43,140,109,31,31.70731707317073,10.731707317073171,20.975609756097562,68.29268292682927,53.170731707317074,15.121951219512194
E00003124,151,48,22,26,103,85,18,31.788079470198678,14.56953642384106,17.218543046357617,68.21192052980133,56.29139072847682,11.920529801324504
E00003125,169,51,24,27,118,93,25,30.17751479289941,14.201183431952662,15.976331360946746,69.8224852071006,55.02958579881657,14.792899408284024
E00003126,127,27,10,17,100,81,19,21.25984251968504,7.874015748031496,13.385826771653544,78.74015748031496,63.77952755905512,14.960629921259844
E00003127,59,13,2,11,46,43,3,22.033898305084744,3.389830508474576,18.64406779661017,77.96610169491525,72.88135593220339,5.084745762711865
E00003128,184,42,22,20,142,107,35,22.82608695652174,11.956521739130435,10.869565217391305,77.17391304347827,58.152173913043484,19.021739130434785
E00003129,150,35,13,22,115,77,38,23.333333333333332,8.666666666666668,14.666666666666666,76.66666666666667,51.33333333333333,25.333333333333336
E00003130,171,45,25,20,126,87,39,26.31578947368421,14.619883040935672,11.695906432748536,73.68421052631578,50.877192982456144,22.807017543859647
E00003131,173,46,23,23,127,78,49,26.589595375722542,13.294797687861271,13.294797687861271,73.41040462427746,45.08670520231214,28.32369942196532
E00003132,194,55,22,33,139,111,28,28.350515463917525,11.34020618556701,17.010309278350515,71.64948453608247,57.21649484536082,14.432989690721648
E00003133,173,52,24,28,121,88,33,30.057803468208093,13.872832369942195,16.184971098265898,69.94219653179191,50.86705202312138,19.07514450867052
E00003134,212,61,28,33,151,107,44,28.77358490566038,13.20754716981132,15.566037735849056,71.22641509433963,50.47169811320755,20.754716981132077
E00003135,164,53,23,30,111,86,25,32.31707317073171,14.02439024390244,18.29268292682927,67.6829268292683,52.4390243902439,15.24390243902439
E00003136,137,36,16,20,101,77,24,26.277372262773724,11.678832116788321,14.5985401459854,73.72262773722628,56.20437956204379,17.51824817518248
E00003137,134,22,8,14,112,102,10,16.417910447761194,5.970149253731343,10.44776119402985,83.5820895522388,76.11940298507463,7.462686567164178
E00003138,159,41,10,31,118,97,21,25.78616352201258,6.289308176100629,19.49685534591195,74.21383647798741,61.0062893081761,13.20754716981132
E00003139,200,60,23,37,140,93,47,30,11.5,18.5,70,46.5,23.5
E00003140,202,55,24,31,147,127,20,27.22772277227723,11.881188118811881,15.346534653465346,72.77227722772277,62.87128712871287,9.900990099009901
E00003141,192,44,14,30,148,124,24,22.916666666666664,7.291666666666667,15.625,77.08333333333334,64.58333333333334,12.5
E00003142,212,52,18,34,160,142,18,24.528301886792452,8.49056603773585,16.037735849056602,75.47169811320755,66.98113207547169,8.49056603773585
E00003143,204,44,18,26,160,105,55,21.568627450980394,8.823529411764707,12.745098039215685,78.43137254901961,51.470588235294116,26.96078431372549
E00003144,266,63,26,37,203,179,24,23.684210526315788,9.774436090225564,13.909774436090224,76.31578947368422,67.29323308270678,9.022556390977442
E00003145,151,41,15,26,110,84,26,27.1523178807947,9.933774834437086,17.218543046357617,72.84768211920529,55.62913907284768,17.218543046357617
E00003146,241,49,23,26,192,134,58,20.33195020746888,9.54356846473029,10.78838174273859,79.66804979253112,55.601659751037346,24.066390041493776
E00003147,135,42,17,25,93,79,14,31.11111111111111,12.592592592592592,18.51851851851852,68.88888888888889,58.51851851851851,10.37037037037037
E00003148,194,49,19,30,145,121,24,25.257731958762886,9.793814432989691,15.463917525773196,74.74226804123711,62.371134020618555,12.371134020618557
E00003149,161,56,26,30,105,91,14,34.78260869565217,16.149068322981368,18.633540372670808,65.21739130434783,56.52173913043478,8.695652173913043
E00003150,154,43,13,30,111,90,21,27.92207792207792,8.441558441558442,19.480519480519483,72.07792207792207,58.44155844155844,13.636363636363635
E00003151,118,29,16,13,89,75,14,24.576271186440678,13.559322033898304,11.016949152542372,75.42372881355932,63.559322033898304,11.864406779661017
E00003152,144,45,17,28,99,84,15,31.25,11.805555555555555,19.444444444444446,68.75,58.333333333333336,10.416666666666668
E00003153,153,34,11,23,119,93,26,22.22222222222222,7.18954248366013,15.032679738562091,77.77777777777779,60.78431372549019,16.99346405228758
E00003154,177,53,21,32,124,88,36,29.943502824858758,11.864406779661017,18.07909604519774,70.05649717514125,49.717514124293785,20.33898305084746
E00003155,182,54,18,36,128,106,22,29.67032967032967,9.89010989010989,19.78021978021978,70.32967032967034,58.24175824175825,12.087912087912088
E00003156,158,47,17,30,111,104,7,29.746835443037973,10.759493670886076,18.9873417721519,70.25316455696202,65.82278481012658,4.430379746835443
E00003157,196,51,22,29,145,125,20,26.02040816326531,11.224489795918368,14.795918367346939,73.9795918367347,63.775510204081634,10.204081632653061
E00003158,210,76,26,50,134,107,27,36.19047619047619,12.380952380952381,23.809523809523807,63.8095238095238,50.95238095238095,12.857142857142856
E00003159,185,53,17,36,132,109,23,28.64864864864865,9.18918918918919,19.45945945945946,71.35135135135135,58.91891891891892,12.432432432432433
E00003160,141,39,11,28,102,86,16,27.659574468085108,7.801418439716312,19.858156028368796,72.3404255319149,60.99290780141844,11.347517730496454
E00003161,151,42,14,28,109,92,17,27.81456953642384,9.271523178807946,18.543046357615893,72.18543046357617,60.9271523178808,11.258278145695364
E00003162,118,33,13,20,85,75,10,27.966101694915253,11.016949152542372,16.94915254237288,72.03389830508475,63.559322033898304,8.47457627118644
E00003163,194,72,27,45,122,103,19,37.11340206185567,13.917525773195877,23.195876288659793,62.88659793814433,53.09278350515464,9.793814432989691
E00003164,144,60,29,31,84,69,15,41.66666666666667,20.13888888888889,21.52777777777778,58.333333333333336,47.91666666666667,10.416666666666668
E00003165,197,55,13,42,142,122,20,27.918781725888326,6.598984771573605,21.31979695431472,72.08121827411168,61.92893401015228,10.152284263959391
E00003166,215,67,21,46,148,124,24,31.16279069767442,9.767441860465116,21.3953488372093,68.83720930232559,57.674418604651166,11.162790697674419
E00003167,194,58,15,43,136,110,26,29.896907216494846,7.731958762886598,22.164948453608247,70.10309278350515,56.70103092783505,13.402061855670103
E00003168,104,35,21,14,69,56,13,33.65384615384615,20.192307692307693,13.461538461538462,66.34615384615384,53.84615384615385,12.5
E00003169,115,38,15,23,77,58,19,33.04347826086956,13.043478260869565,20,66.95652173913044,50.43478260869565,16.52173913043478
E00003170,70,26,10,16,44,40,4,37.142857142857146,14.285714285714285,22.857142857142858,62.857142857142854,57.14285714285714,5.714285714285714
E00003171,190,45,15,30,145,123,22,23.684210526315788,7.894736842105263,15.789473684210526,76.31578947368422,64.73684210526316,11.578947368421053
E00003172,169,49,18,31,120,99,21,28.994082840236686,10.650887573964498,18.34319526627219,71.00591715976331,58.57988165680473,12.42603550295858
E00003173,176,58,17,41,118,100,18,32.95454545454545,9.659090909090908,23.295454545454543,67.04545454545455,56.81818181818182,10.227272727272728
E00003174,147,46,20,26,101,85,16,31.292517006802722,13.60544217687075,17.687074829931973,68.70748299319727,57.82312925170068,10.884353741496598
E00003176,202,59,25,34,143,121,22,29.207920792079207,12.376237623762377,16.831683168316832,70.79207920792079,59.900990099009896,10.891089108910892
E00003177,165,49,18,31,116,93,23,29.6969696969697,10.909090909090908,18.787878787878785,70.3030303030303,56.36363636363636,13.939393939393941
E00003178,158,50,21,29,108,93,15,31.645569620253166,13.291139240506327,18.354430379746837,68.35443037974683,58.86075949367089,9.49367088607595
E00003179,170,47,16,31,123,110,13,27.647058823529413,9.411764705882353,18.235294117647058,72.35294117647058,64.70588235294117,7.647058823529412
E00003180,176,57,17,40,119,100,19,32.38636363636363,9.659090909090908,22.727272727272727,67.61363636363636,56.81818181818182,10.795454545454545
E00003181,210,65,27,38,145,119,26,30.952380952380953,12.857142857142856,18.095238095238095,69.04761904761905,56.666666666666664,12.380952380952381
E00003182,220,53,18,35,167,136,31,24.09090909090909,8.181818181818182,15.909090909090908,75.9090909090909,61.81818181818181,14.09090909090909
E00003183,184,54,13,41,130,118,12,29.347826086956523,7.065217391304348,22.282608695652172,70.65217391304348,64.13043478260869,6.521739130434782
E00003184,142,46,21,25,96,87,9,32.3943661971831,14.788732394366196,17.6056338028169,67.6056338028169,61.267605633802816,6.338028169014084
E00003185,186,59,24,35,127,83,44,31.72043010752688,12.903225806451612,18.817204301075268,68.27956989247312,44.623655913978496,23.655913978494624
E00003186,125,39,22,17,86,63,23,31.2,17.599999999999998,13.600000000000001,68.8,50.4,18.4
E00003187,189,71,27,44,118,79,39,37.56613756613756,14.285714285714285,23.28042328042328,62.43386243386243,41.7989417989418,20.634920634920633
E00003188,214,68,42,26,146,108,38,31.775700934579437,19.626168224299064,12.149532710280374,68.22429906542055,50.467289719626166,17.75700934579439
E00003189,222,68,22,46,154,131,23,30.630630630630627,9.90990990990991,20.72072072072072,69.36936936936937,59.009009009009006,10.36036036036036
E00003190,220,47,16,31,173,154,19,21.363636363636363,7.2727272727272725,14.09090909090909,78.63636363636364,70,8.636363636363637
E00003191,283,89,23,66,194,158,36,31.448763250883395,8.12720848056537,23.32155477031802,68.55123674911661,55.830388692579504,12.7208480565371
E00003192,174,45,12,33,129,111,18,25.862068965517242,6.896551724137931,18.96551724137931,74.13793103448276,63.793103448275865,10.344827586206897
E00003194,179,60,25,35,119,96,23,33.5195530726257,13.966480446927374,19.553072625698324,66.4804469273743,53.63128491620112,12.849162011173185
E00003195,202,53,20,33,149,125,24,26.237623762376238,9.900990099009901,16.33663366336634,73.76237623762376,61.88118811881188,11.881188118811881
E00003196,156,54,21,33,102,90,12,34.61538461538461,13.461538461538462,21.153846153846153,65.38461538461539,57.692307692307686,7.6923076923076925
E00003197,220,63,26,37,157,135,22,28.636363636363637,11.818181818181818,16.818181818181817,71.36363636363636,61.36363636363637,10
E00003198,181,69,33,36,112,100,12,38.12154696132597,18.23204419889503,19.88950276243094,61.87845303867403,55.24861878453039,6.629834254143646
E00003199,178,48,18,30,130,113,17,26.96629213483146,10.112359550561797,16.853932584269664,73.03370786516854,63.48314606741573,9.550561797752808
E00003200,210,53,21,32,157,131,26,25.238095238095237,10,15.238095238095239,74.76190476190476,62.38095238095238,12.380952380952381
E00003201,138,43,13,30,95,76,19,31.15942028985507,9.420289855072465,21.73913043478261,68.84057971014492,55.072463768115945,13.768115942028986
E00003202,202,54,18,36,148,123,25,26.732673267326735,8.91089108910891,17.82178217821782,73.26732673267327,60.89108910891089,12.376237623762377
E00003203,128,36,16,20,92,70,22,28.125,12.5,15.625,71.875,54.6875,17.1875
E00003204,219,59,22,37,160,147,13,26.94063926940639,10.045662100456621,16.894977168949772,73.0593607305936,67.12328767123287,5.93607305936073
E00003206,151,47,17,30,104,98,6,31.125827814569533,11.258278145695364,19.867549668874172,68.87417218543047,64.90066225165563,3.9735099337748347
E00003207,167,58,27,31,109,99,10,34.73053892215569,16.16766467065868,18.562874251497004,65.26946107784431,59.281437125748504,5.9880239520958085
E00003208,100,37,7,30,63,57,6,37,7.000000000000001,30,63,56.99999999999999,6
E00003209,112,45,17,28,67,62,5,40.17857142857143,15.178571428571427,25,59.82142857142857,55.35714285714286,4.464285714285714
E00003210,139,41,12,29,98,81,17,29.496402877697843,8.633093525179856,20.863309352517987,70.50359712230215,58.27338129496403,12.23021582733813
E00003211,184,57,16,41,127,113,14,30.978260869565215,8.695652173913043,22.282608695652172,69.02173913043478,61.41304347826087,7.608695652173914
E00003212,111,36,13,23,75,62,13,32.432432432432435,11.711711711711711,20.72072072072072,67.56756756756756,55.85585585585585,11.711711711711711
E00003213,143,40,16,24,103,90,13,27.972027972027973,11.188811188811188,16.783216783216783,72.02797202797203,62.93706293706294,9.090909090909092
E00003214,104,27,11,16,77,66,11,25.961538461538463,10.576923076923077,15.384615384615385,74.03846153846155,63.46153846153846,10.576923076923077
E00003215,173,56,16,40,117,100,17,32.369942196531795,9.248554913294797,23.121387283236995,67.63005780346822,57.80346820809249,9.826589595375722
E00003216,153,48,18,30,105,83,22,31.372549019607842,11.76470588235294,19.607843137254903,68.62745098039215,54.248366013071895,14.37908496732026
E00003217,157,45,18,27,112,87,25,28.662420382165603,11.464968152866243,17.197452229299362,71.3375796178344,55.4140127388535,15.92356687898089
E00003218,163,49,19,30,114,95,19,30.061349693251532,11.65644171779141,18.404907975460123,69.93865030674846,58.282208588957054,11.65644171779141
E00003219,170,52,22,30,118,87,31,30.58823529411765,12.941176470588237,17.647058823529413,69.41176470588235,51.17647058823529,18.235294117647058
E00003220,157,46,16,30,111,92,19,29.29936305732484,10.191082802547772,19.10828025477707,70.70063694267516,58.59872611464968,12.101910828025478
E00003221,163,51,19,32,112,97,15,31.28834355828221,11.65644171779141,19.631901840490798,68.71165644171779,59.50920245398773,9.202453987730062
E00003222,147,43,13,30,104,86,18,29.25170068027211,8.843537414965986,20.408163265306122,70.74829931972789,58.50340136054422,12.244897959183673
E00003223,126,40,16,24,86,68,18,31.746031746031743,12.698412698412698,19.047619047619047,68.25396825396825,53.96825396825397,14.285714285714285
E00003224,160,60,19,41,100,73,27,37.5,11.875,25.624999999999996,62.5,45.625,16.875
E00003225,106,34,15,19,72,57,15,32.075471698113205,14.150943396226415,17.92452830188679,67.9245283018868,53.77358490566038,14.150943396226415
E00003226,124,36,18,18,88,74,14,29.03225806451613,14.516129032258066,14.516129032258066,70.96774193548387,59.67741935483871,11.29032258064516
E00003227,111,38,17,21,73,56,17,34.234234234234236,15.315315315315313,18.91891891891892,65.76576576576578,50.45045045045045,15.315315315315313
E00003228,179,68,34,34,111,83,28,37.988826815642454,18.994413407821227,18.994413407821227,62.01117318435754,46.36871508379888,15.64245810055866
E00003229,181,41,14,27,140,119,21,22.65193370165746,7.734806629834254,14.917127071823206,77.34806629834254,65.74585635359117,11.602209944751381
E00003230,212,61,20,41,151,125,26,28.77358490566038,9.433962264150944,19.339622641509436,71.22641509433963,58.9622641509434,12.264150943396226
E00003231,103,28,13,15,75,58,17,27.184466019417474,12.62135922330097,14.563106796116504,72.81553398058253,56.310679611650485,16.50485436893204
E00003232,254,70,32,38,184,150,34,27.559055118110237,12.598425196850393,14.960629921259844,72.44094488188976,59.055118110236215,13.385826771653544
E00003233,166,49,20,29,117,96,21,29.518072289156628,12.048192771084338,17.46987951807229,70.48192771084338,57.831325301204814,12.650602409638553
E00003234,133,36,5,31,97,71,26,27.06766917293233,3.7593984962406015,23.308270676691727,72.93233082706767,53.383458646616546,19.548872180451127
E00003235,216,60,18,42,156,129,27,27.77777777777778,8.333333333333332,19.444444444444446,72.22222222222221,59.72222222222222,12.5
E00003236,143,27,3,24,116,104,12,18.88111888111888,2.097902097902098,16.783216783216783,81.11888111888112,72.72727272727273,8.391608391608392
E00003237,277,61,24,37,216,183,33,22.021660649819495,8.664259927797833,13.357400722021662,77.9783393501805,66.06498194945848,11.913357400722022
E00003238,172,39,19,20,133,106,27,22.674418604651162,11.046511627906977,11.627906976744185,77.32558139534885,61.627906976744185,15.69767441860465
E00003239,198,54,21,33,144,120,24,27.27272727272727,10.606060606060606,16.666666666666664,72.72727272727273,60.60606060606061,12.121212121212121
E00003240,149,29,12,17,120,101,19,19.463087248322147,8.053691275167784,11.409395973154362,80.53691275167785,67.78523489932886,12.751677852348994
E00003241,118,28,8,20,90,73,17,23.728813559322035,6.779661016949152,16.94915254237288,76.27118644067797,61.86440677966102,14.40677966101695
E00003242,251,53,23,30,198,176,22,21.115537848605577,9.163346613545817,11.952191235059761,78.88446215139442,70.1195219123506,8.764940239043826
E00003243,283,65,31,34,218,171,47,22.968197879858657,10.954063604240282,12.014134275618375,77.03180212014135,60.42402826855123,16.607773851590103
E00003244,134,28,12,16,106,83,23,20.8955223880597,8.955223880597014,11.940298507462686,79.1044776119403,61.940298507462686,17.16417910447761
E00003245,168,37,12,25,131,108,23,22.023809523809522,7.142857142857142,14.880952380952381,77.97619047619048,64.28571428571429,13.690476190476192
E00003246,171,56,21,35,115,96,19,32.748538011695906,12.280701754385964,20.46783625730994,67.2514619883041,56.14035087719298,11.11111111111111
E00003247,137,36,12,24,101,87,14,26.277372262773724,8.75912408759124,17.51824817518248,73.72262773722628,63.503649635036496,10.218978102189782
E00003248,158,47,16,31,111,84,27,29.746835443037973,10.126582278481013,19.62025316455696,70.25316455696202,53.16455696202531,17.088607594936708
E00003249,170,44,14,30,126,109,17,25.882352941176475,8.235294117647058,17.647058823529413,74.11764705882354,64.11764705882354,10
E00003250,174,34,12,22,140,117,23,19.54022988505747,6.896551724137931,12.643678160919542,80.45977011494253,67.24137931034483,13.218390804597702
E00003251,227,61,21,40,166,146,20,26.87224669603524,9.251101321585903,17.62114537444934,73.12775330396477,64.31718061674009,8.81057268722467
E00003252,128,38,10,28,90,71,19,29.6875,7.8125,21.875,70.3125,55.46875,14.84375
E00003253,157,44,15,29,113,97,16,28.02547770700637,9.554140127388536,18.471337579617835,71.97452229299363,61.78343949044586,10.191082802547772
E00003254,252,55,16,39,197,166,31,21.825396825396826,6.349206349206349,15.476190476190476,78.17460317460318,65.87301587301587,12.3015873015873
E00003255,252,61,23,38,191,158,33,24.206349206349206,9.126984126984127,15.079365079365079,75.79365079365078,62.698412698412696,13.095238095238097
E00003256,183,53,22,31,130,115,15,28.96174863387978,12.021857923497267,16.939890710382514,71.03825136612022,62.841530054644814,8.19672131147541
E00003257,177,49,19,30,128,106,22,27.683615819209038,10.734463276836157,16.94915254237288,72.31638418079096,59.887005649717516,12.429378531073446
E00003258,183,56,26,30,127,95,32,30.601092896174865,14.207650273224044,16.39344262295082,69.39890710382514,51.91256830601093,17.48633879781421
E00003259,122,40,18,22,82,66,16,32.78688524590164,14.754098360655737,18.0327868852459,67.21311475409836,54.09836065573771,13.114754098360656
E00003260,142,27,11,16,115,102,13,19.014084507042252,7.746478873239436,11.267605633802818,80.98591549295774,71.83098591549296,9.15492957746479
E00003261,160,35,15,20,125,102,23,21.875,9.375,12.5,78.125,63.74999999999999,14.374999999999998
E00003262,124,37,16,21,87,72,15,29.838709677419356,12.903225806451612,16.93548387096774,70.16129032258065,58.06451612903226,12.096774193548388
E00003263,181,38,14,24,143,121,22,20.994475138121548,7.734806629834254,13.259668508287293,79.00552486187846,66.85082872928176,12.154696132596685
E00003265,214,61,18,43,153,124,29,28.504672897196258,8.411214953271028,20.093457943925234,71.49532710280374,57.943925233644855,13.551401869158877
E00003266,196,43,10,33,153,133,20,21.93877551020408,5.1020408163265305,16.83673469387755,78.06122448979592,67.85714285714286,10.204081632653061
E00003267,202,50,24,26,152,123,29,24.752475247524753,11.881188118811881,12.871287128712872,75.24752475247524,60.89108910891089,14.356435643564355
E00003268,217,62,20,42,155,126,29,28.57142857142857,9.216589861751153,19.35483870967742,71.42857142857143,58.06451612903226,13.36405529953917
E00003269,183,41,11,30,142,120,22,22.404371584699454,6.0109289617486334,16.39344262295082,77.59562841530054,65.57377049180327,12.021857923497267
E00003270,248,47,16,31,201,180,21,18.951612903225808,6.451612903225806,12.5,81.04838709677419,72.58064516129032,8.46774193548387
E00003271,214,33,12,21,181,156,25,15.42056074766355,5.607476635514018,9.813084112149532,84.57943925233646,72.89719626168224,11.682242990654206
E00003272,224,50,18,32,174,144,30,22.321428571428573,8.035714285714286,14.285714285714285,77.67857142857143,64.28571428571429,13.392857142857142
E00003273,186,48,19,29,138,119,19,25.806451612903224,10.21505376344086,15.591397849462366,74.19354838709677,63.97849462365591,10.21505376344086
E00003275,131,25,10,15,106,89,17,19.083969465648856,7.633587786259542,11.450381679389313,80.91603053435115,67.93893129770993,12.977099236641221
E00003276,281,49,11,38,232,202,30,17.437722419928825,3.9145907473309607,13.523131672597867,82.56227758007117,71.88612099644128,10.676156583629894
E00003277,187,53,22,31,134,114,20,28.342245989304814,11.76470588235294,16.577540106951872,71.65775401069519,60.962566844919785,10.695187165775401
E00003278,163,31,10,21,132,101,31,19.018404907975462,6.134969325153374,12.883435582822086,80.98159509202453,61.963190184049076,19.018404907975462
E00003279,142,36,14,22,106,84,22,25.352112676056336,9.859154929577464,15.492957746478872,74.64788732394366,59.154929577464785,15.492957746478872
E00003280,156,52,26,26,104,88,16,33.33333333333333,16.666666666666664,16.666666666666664,66.66666666666666,56.41025641025641,10.256410256410255
E00003281,210,58,24,34,152,127,25,27.61904761904762,11.428571428571429,16.19047619047619,72.38095238095238,60.476190476190474,11.904761904761903
E00003282,191,61,27,34,130,114,16,31.93717277486911,14.136125654450263,17.801047120418847,68.06282722513089,59.68586387434554,8.37696335078534
E00003283,155,46,20,26,109,82,27,29.677419354838708,12.903225806451612,16.7741935483871,70.3225806451613,52.903225806451616,17.419354838709676
E00003284,95,34,18,16,61,50,11,35.78947368421053,18.947368421052634,16.842105263157894,64.21052631578948,52.63157894736842,11.578947368421053
E00003285,121,38,17,21,83,67,16,31.40495867768595,14.049586776859504,17.355371900826448,68.59504132231406,55.371900826446286,13.223140495867769
E00003286,152,39,16,23,113,88,25,25.657894736842106,10.526315789473683,15.131578947368421,74.3421052631579,57.89473684210527,16.447368421052634
E00003287,171,60,26,34,111,81,30,35.08771929824561,15.204678362573098,19.883040935672515,64.91228070175438,47.368421052631575,17.543859649122805
E00003288,170,49,16,33,121,101,20,28.823529411764703,9.411764705882353,19.411764705882355,71.17647058823529,59.411764705882355,11.76470588235294
E00003289,141,51,28,23,90,70,20,36.17021276595745,19.858156028368796,16.312056737588655,63.829787234042556,49.645390070921984,14.184397163120568
E00003290,200,57,19,38,143,116,27,28.499999999999996,9.5,19,71.5,57.99999999999999,13.5
E00003291,146,40,19,21,106,80,26,27.397260273972602,13.013698630136986,14.383561643835616,72.6027397260274,54.794520547945204,17.80821917808219
E00003292,60,22,9,13,38,31,7,36.666666666666664,15,21.666666666666668,63.33333333333333,51.66666666666667,11.666666666666666
E00003293,176,43,23,20,133,116,17,24.431818181818183,13.068181818181818,11.363636363636363,75.56818181818183,65.9090909090909,9.659090909090908
E00003294,131,51,21,30,80,58,22,38.93129770992366,16.030534351145036,22.900763358778626,61.06870229007634,44.274809160305345,16.793893129770993
E00003295,174,45,12,33,129,108,21,25.862068965517242,6.896551724137931,18.96551724137931,74.13793103448276,62.06896551724138,12.068965517241379
E00003296,140,38,18,20,102,75,27,27.142857142857142,12.857142857142856,14.285714285714285,72.85714285714285,53.57142857142857,19.28571428571429
E00003297,170,45,15,30,125,104,21,26.47058823529412,8.823529411764707,17.647058823529413,73.52941176470588,61.1764705882353,12.352941176470589
E00003298,146,49,21,28,97,82,15,33.56164383561644,14.383561643835616,19.17808219178082,66.43835616438356,56.16438356164384,10.273972602739725
E00003299,140,35,12,23,105,86,19,25,8.571428571428571,16.428571428571427,75,61.42857142857143,13.571428571428571
E00003300,176,49,16,33,127,109,18,27.84090909090909,9.090909090909092,18.75,72.1590909090909,61.93181818181818,10.227272727272728
E00003301,182,48,16,32,134,93,41,26.373626373626376,8.791208791208792,17.582417582417584,73.62637362637363,51.098901098901095,22.52747252747253
E00003302,159,53,22,31,106,66,40,33.33333333333333,13.836477987421384,19.49685534591195,66.66666666666666,41.509433962264154,25.157232704402517
E00003303,144,35,16,19,109,83,26,24.305555555555554,11.11111111111111,13.194444444444445,75.69444444444444,57.638888888888886,18.055555555555554
E00003304,111,35,16,19,76,64,12,31.53153153153153,14.414414414414415,17.117117117117118,68.46846846846847,57.65765765765766,10.81081081081081
E00003305,165,44,15,29,121,95,26,26.666666666666668,9.090909090909092,17.575757575757574,73.33333333333333,57.57575757575758,15.757575757575756
E00003306,165,53,17,36,112,96,16,32.121212121212125,10.303030303030303,21.818181818181817,67.87878787878789,58.18181818181818,9.696969696969697
E00003307,169,58,27,31,111,89,22,34.319526627218934,15.976331360946746,18.34319526627219,65.68047337278107,52.662721893491124,13.017751479289942
E00003308,164,49,16,33,115,91,24,29.878048780487802,9.75609756097561,20.121951219512198,70.1219512195122,55.487804878048784,14.634146341463413
E00003309,134,42,18,24,92,67,25,31.343283582089555,13.432835820895523,17.91044776119403,68.65671641791045,50,18.65671641791045
E00003310,176,46,15,31,130,98,32,26.136363636363637,8.522727272727272,17.613636363636363,73.86363636363636,55.68181818181818,18.181818181818183
E00003311,141,41,18,23,100,86,14,29.078014184397162,12.76595744680851,16.312056737588655,70.92198581560284,60.99290780141844,9.929078014184398
E00003312,184,48,14,34,136,112,24,26.08695652173913,7.608695652173914,18.478260869565215,73.91304347826086,60.86956521739131,13.043478260869565
E00003313,155,34,13,21,121,105,16,21.935483870967744,8.38709677419355,13.548387096774196,78.06451612903226,67.74193548387096,10.32258064516129
E00003314,176,41,14,27,135,115,20,23.295454545454543,7.954545454545454,15.340909090909092,76.70454545454545,65.3409090909091,11.363636363636363
E00003315,191,70,26,44,121,98,23,36.64921465968586,13.612565445026178,23.036649214659686,63.35078534031413,51.30890052356021,12.041884816753926
E00003316,237,51,19,32,186,170,16,21.518987341772153,8.016877637130802,13.502109704641349,78.48101265822784,71.72995780590718,6.751054852320674
E00003318,162,46,19,27,116,103,13,28.39506172839506,11.728395061728394,16.666666666666664,71.60493827160494,63.580246913580254,8.024691358024691
E00003319,188,52,18,34,136,119,17,27.659574468085108,9.574468085106384,18.085106382978726,72.3404255319149,63.297872340425535,9.042553191489363
E00003320,162,51,16,35,111,95,16,31.48148148148148,9.876543209876543,21.604938271604937,68.51851851851852,58.64197530864198,9.876543209876543
E00003321,156,34,11,23,122,109,13,21.794871794871796,7.051282051282051,14.743589743589745,78.2051282051282,69.87179487179486,8.333333333333332
E00003322,130,27,13,14,103,90,13,20.76923076923077,10,10.76923076923077,79.23076923076923,69.23076923076923,10
E00003323,146,30,15,15,116,102,14,20.54794520547945,10.273972602739725,10.273972602739725,79.45205479452055,69.86301369863014,9.58904109589041
E00003324,151,50,18,32,101,83,18,33.11258278145696,11.920529801324504,21.192052980132452,66.88741721854305,54.966887417218544,11.920529801324504
E00003325,147,36,11,25,111,98,13,24.489795918367346,7.482993197278912,17.006802721088434,75.51020408163265,66.66666666666666,8.843537414965986
E00003326,169,36,9,27,133,102,31,21.301775147928996,5.325443786982249,15.976331360946746,78.69822485207101,60.35502958579882,18.34319526627219
E00003327,116,35,12,23,81,69,12,30.17241379310345,10.344827586206897,19.82758620689655,69.82758620689656,59.48275862068966,10.344827586206897
E00003328,171,42,13,29,129,105,24,24.561403508771928,7.602339181286549,16.95906432748538,75.43859649122807,61.40350877192983,14.035087719298245
E00003329,176,42,19,23,134,109,25,23.863636363636363,10.795454545454545,13.068181818181818,76.13636363636364,61.93181818181818,14.204545454545455
E00003330,127,31,16,15,96,67,29,24.409448818897637,12.598425196850393,11.811023622047244,75.59055118110236,52.75590551181102,22.83464566929134
E00003331,146,44,24,20,102,76,26,30.136986301369863,16.43835616438356,13.698630136986301,69.86301369863014,52.054794520547944,17.80821917808219
E00003332,112,30,7,23,82,63,19,26.785714285714285,6.25,20.535714285714285,73.21428571428571,56.25,16.964285714285715
E00003333,179,48,18,30,131,98,33,26.81564245810056,10.05586592178771,16.75977653631285,73.18435754189943,54.7486033519553,18.435754189944134
E00003334,173,53,20,33,120,98,22,30.63583815028902,11.560693641618498,19.07514450867052,69.36416184971098,56.64739884393064,12.716763005780345
E00003335,178,41,17,24,137,118,19,23.03370786516854,9.550561797752808,13.48314606741573,76.96629213483146,66.29213483146067,10.674157303370785
E00003336,188,50,12,38,138,103,35,26.595744680851062,6.382978723404255,20.212765957446805,73.40425531914893,54.78723404255319,18.617021276595743
E00003337,228,43,15,28,185,125,60,18.859649122807017,6.578947368421052,12.280701754385964,81.14035087719299,54.824561403508774,26.31578947368421
E00003338,134,51,22,29,83,58,25,38.059701492537314,16.417910447761194,21.641791044776117,61.940298507462686,43.28358208955223,18.65671641791045
E00003339,168,46,21,25,122,86,36,27.380952380952383,12.5,14.880952380952381,72.61904761904762,51.19047619047619,21.428571428571427
E00003340,135,26,7,19,109,79,30,19.25925925925926,5.185185185185185,14.074074074074074,80.74074074074075,58.51851851851851,22.22222222222222
E00003341,174,47,21,26,127,92,35,27.011494252873565,12.068965517241379,14.942528735632186,72.98850574712644,52.87356321839081,20.114942528735632
E00003342,148,37,17,20,111,75,36,25,11.486486486486488,13.513513513513514,75,50.67567567567568,24.324324324324326
E00003343,142,26,13,13,116,79,37,18.30985915492958,9.15492957746479,9.15492957746479,81.69014084507043,55.633802816901415,26.056338028169012
E00003344,118,31,12,19,87,62,25,26.27118644067797,10.16949152542373,16.101694915254235,73.72881355932203,52.54237288135594,21.1864406779661
E00003345,156,50,23,27,106,72,34,32.05128205128205,14.743589743589745,17.307692307692307,67.94871794871796,46.15384615384615,21.794871794871796
E00003346,175,56,23,33,119,102,17,32,13.142857142857142,18.857142857142858,68,58.285714285714285,9.714285714285714
E00003347,137,33,12,21,104,97,7,24.087591240875913,8.75912408759124,15.328467153284672,75.91240875912408,70.8029197080292,5.109489051094891
E00003348,113,42,13,29,71,71,0,37.16814159292036,11.504424778761061,25.663716814159294,62.83185840707964,62.83185840707964,0
E00003349,167,40,11,29,127,101,26,23.952095808383234,6.58682634730539,17.365269461077844,76.04790419161677,60.47904191616767,15.568862275449103
E00003350,149,51,25,26,98,77,21,34.22818791946309,16.778523489932887,17.449664429530202,65.77181208053692,51.67785234899329,14.093959731543624
E00003351,190,48,17,31,142,118,24,25.263157894736842,8.947368421052632,16.315789473684212,74.73684210526315,62.10526315789474,12.631578947368421
E00003352,173,49,17,32,124,101,23,28.32369942196532,9.826589595375722,18.497109826589593,71.67630057803468,58.38150289017341,13.294797687861271
E00003353,135,42,18,24,93,69,24,31.11111111111111,13.333333333333334,17.77777777777778,68.88888888888889,51.11111111111111,17.77777777777778
E00003354,161,43,14,29,118,89,29,26.70807453416149,8.695652173913043,18.012422360248447,73.29192546583852,55.27950310559007,18.012422360248447
E00003356,118,27,8,19,91,78,13,22.88135593220339,6.779661016949152,16.101694915254235,77.11864406779661,66.10169491525424,11.016949152542372
E00003357,144,36,15,21,108,79,29,25,10.416666666666668,14.583333333333334,75,54.861111111111114,20.13888888888889
E00003358,139,34,11,23,105,84,21,24.46043165467626,7.913669064748201,16.546762589928058,75.53956834532374,60.431654676258994,15.107913669064748
E00003359,165,46,17,29,119,89,30,27.878787878787882,10.303030303030303,17.575757575757574,72.12121212121212,53.939393939393945,18.181818181818183
E00003360,140,28,13,15,112,93,19,20,9.285714285714286,10.714285714285714,80,66.42857142857143,13.571428571428571
E00003361,123,35,12,23,88,66,22,28.455284552845526,9.75609756097561,18.69918699186992,71.54471544715447,53.65853658536586,17.88617886178862
E00003362,166,47,25,22,119,87,32,28.313253012048197,15.060240963855422,13.253012048192772,71.6867469879518,52.40963855421686,19.27710843373494
E00003363,118,30,14,16,88,64,24,25.423728813559322,11.864406779661017,13.559322033898304,74.57627118644068,54.23728813559322,20.33898305084746
E00003364,148,47,18,29,101,72,29,31.756756756756754,12.162162162162163,19.594594594594593,68.24324324324324,48.64864864864865,19.594594594594593
E00003365,123,32,15,17,91,61,30,26.01626016260163,12.195121951219512,13.821138211382115,73.98373983739837,49.59349593495935,24.390243902439025
E00003366,141,43,23,20,98,73,25,30.49645390070922,16.312056737588655,14.184397163120568,69.50354609929079,51.77304964539007,17.73049645390071
E00003367,135,36,13,23,99,60,39,26.666666666666668,9.62962962962963,17.037037037037038,73.33333333333333,44.44444444444444,28.888888888888886
E00003368,200,53,23,30,147,95,52,26.5,11.5,15,73.5,47.5,26
E00003369,134,36,16,20,98,71,27,26.865671641791046,11.940298507462686,14.925373134328357,73.13432835820896,52.98507462686567,20.149253731343283
E00003370,147,34,13,21,113,90,23,23.12925170068027,8.843537414965986,14.285714285714285,76.87074829931973,61.224489795918366,15.646258503401361
E00003371,168,41,21,20,127,93,34,24.404761904761905,12.5,11.904761904761903,75.59523809523809,55.35714285714286,20.238095238095237
E00003372,150,40,18,22,110,77,33,26.666666666666668,12,14.666666666666666,73.33333333333333,51.33333333333333,22
E00003373,182,47,20,27,135,91,44,25.82417582417583,10.989010989010989,14.835164835164836,74.17582417582418,50,24.175824175824175
E00003374,165,52,24,28,113,66,47,31.515151515151512,14.545454545454545,16.969696969696972,68.48484848484848,40,28.484848484848484
E00003375,165,36,15,21,129,87,42,21.818181818181817,9.090909090909092,12.727272727272727,78.18181818181819,52.72727272727272,25.454545454545453
E00003376,136,40,19,21,96,66,30,29.411764705882355,13.970588235294118,15.441176470588236,70.58823529411765,48.529411764705884,22.058823529411764
E00003377,166,48,17,31,118,98,20,28.915662650602407,10.240963855421686,18.67469879518072,71.08433734939759,59.036144578313255,12.048192771084338
E00003378,153,34,10,24,119,93,26,22.22222222222222,6.535947712418301,15.686274509803921,77.77777777777779,60.78431372549019,16.99346405228758
E00003379,170,31,14,17,139,118,21,18.235294117647058,8.235294117647058,10,81.76470588235294,69.41176470588235,12.352941176470589
E00003380,169,30,12,18,139,123,16,17.75147928994083,7.100591715976331,10.650887573964498,82.24852071005917,72.7810650887574,9.467455621301776
E00003381,184,49,15,34,135,111,24,26.6304347826087,8.152173913043478,18.478260869565215,73.36956521739131,60.32608695652174,13.043478260869565
E00003382,78,33,16,17,45,38,7,42.30769230769231,20.51282051282051,21.794871794871796,57.692307692307686,48.717948717948715,8.974358974358974
E00003383,172,40,15,25,132,116,16,23.25581395348837,8.720930232558139,14.534883720930234,76.74418604651163,67.44186046511628,9.30232558139535
E00003384,179,40,9,31,139,104,35,22.3463687150838,5.027932960893855,17.318435754189945,77.6536312849162,58.10055865921788,19.553072625698324
E00003385,127,28,10,18,99,76,23,22.04724409448819,7.874015748031496,14.173228346456693,77.95275590551181,59.84251968503938,18.11023622047244
E00003386,158,39,9,30,119,104,15,24.68354430379747,5.69620253164557,18.9873417721519,75.31645569620254,65.82278481012658,9.49367088607595
E00003387,168,41,15,26,127,115,12,24.404761904761905,8.928571428571429,15.476190476190476,75.59523809523809,68.45238095238095,7.142857142857142
E00003388,157,34,11,23,123,105,18,21.656050955414013,7.006369426751593,14.64968152866242,78.343949044586,66.87898089171973,11.464968152866243
E00003389,159,44,22,22,115,91,24,27.67295597484277,13.836477987421384,13.836477987421384,72.32704402515722,57.23270440251572,15.09433962264151
E00003390,199,56,16,40,143,118,25,28.14070351758794,8.040201005025125,20.100502512562816,71.85929648241206,59.2964824120603,12.562814070351758
E00003391,197,46,19,27,151,132,19,23.3502538071066,9.644670050761421,13.705583756345177,76.6497461928934,67.00507614213198,9.644670050761421
E00003392,156,50,19,31,106,88,18,32.05128205128205,12.179487179487179,19.871794871794872,67.94871794871796,56.41025641025641,11.538461538461538
E00003393,172,52,20,32,120,93,27,30.23255813953488,11.627906976744185,18.6046511627907,69.76744186046511,54.06976744186046,15.69767441860465
E00003394,157,37,17,20,120,97,23,23.56687898089172,10.828025477707007,12.738853503184714,76.43312101910828,61.78343949044586,14.64968152866242
E00003395,148,32,14,18,116,95,21,21.62162162162162,9.45945945945946,12.162162162162163,78.37837837837837,64.1891891891892,14.18918918918919
E00003396,203,41,10,31,162,129,33,20.19704433497537,4.926108374384237,15.270935960591133,79.80295566502463,63.54679802955665,16.25615763546798
E00003397,111,33,13,20,78,69,9,29.72972972972973,11.711711711711711,18.01801801801802,70.27027027027027,62.16216216216216,8.108108108108109
E00003398,161,37,10,27,124,105,19,22.981366459627328,6.211180124223603,16.77018633540373,77.01863354037268,65.21739130434783,11.801242236024844
E00003399,119,35,11,24,84,76,8,29.411764705882355,9.243697478991598,20.168067226890756,70.58823529411765,63.86554621848739,6.722689075630252
E00003400,108,20,7,13,88,72,16,18.51851851851852,6.481481481481481,12.037037037037036,81.48148148148148,66.66666666666666,14.814814814814813
E00003401,197,60,26,34,137,118,19,30.456852791878177,13.19796954314721,17.258883248730964,69.54314720812182,59.89847715736041,9.644670050761421
E00003402,117,38,12,26,79,66,13,32.47863247863248,10.256410256410255,22.22222222222222,67.52136752136752,56.41025641025641,11.11111111111111
E00003403,186,42,17,25,144,118,26,22.58064516129032,9.13978494623656,13.440860215053762,77.41935483870968,63.44086021505376,13.978494623655912
E00003404,156,44,20,24,112,95,17,28.205128205128204,12.82051282051282,15.384615384615385,71.7948717948718,60.89743589743589,10.897435897435898
E00003405,215,60,29,31,155,125,30,27.906976744186046,13.488372093023257,14.418604651162791,72.09302325581395,58.139534883720934,13.953488372093023
E00003406,151,41,13,28,110,100,10,27.1523178807947,8.609271523178808,18.543046357615893,72.84768211920529,66.22516556291392,6.622516556291391
E00003407,191,38,14,24,153,121,32,19.895287958115183,7.329842931937172,12.56544502617801,80.10471204188482,63.35078534031413,16.75392670157068
E00003408,121,35,9,26,86,74,12,28.92561983471074,7.43801652892562,21.487603305785125,71.07438016528926,61.15702479338842,9.917355371900827
E00003409,214,56,23,33,158,136,22,26.168224299065418,10.74766355140187,15.42056074766355,73.83177570093457,63.55140186915887,10.2803738317757
E00003410,183,55,22,33,128,106,22,30.05464480874317,12.021857923497267,18.0327868852459,69.94535519125684,57.92349726775956,12.021857923497267
E00003411,141,40,12,28,101,81,20,28.368794326241137,8.51063829787234,19.858156028368796,71.63120567375887,57.446808510638306,14.184397163120568
E00003412,154,41,11,30,113,88,25,26.623376623376622,7.142857142857142,19.480519480519483,73.37662337662337,57.14285714285714,16.233766233766232
E00003413,125,31,12,19,94,77,17,24.8,9.6,15.2,75.2,61.6,13.600000000000001
E00003414,123,32,6,26,91,82,9,26.01626016260163,4.878048780487805,21.138211382113823,73.98373983739837,66.66666666666666,7.317073170731707
E00003415,159,39,20,19,120,100,20,24.528301886792452,12.578616352201259,11.949685534591195,75.47169811320755,62.893081761006286,12.578616352201259
E00003416,143,40,19,21,103,91,12,27.972027972027973,13.286713286713287,14.685314685314685,72.02797202797203,63.63636363636363,8.391608391608392
E00003417,133,30,11,19,103,90,13,22.55639097744361,8.270676691729323,14.285714285714285,77.44360902255639,67.66917293233082,9.774436090225564
E00003418,270,54,21,33,216,179,37,20,7.777777777777778,12.222222222222221,80,66.2962962962963,13.703703703703704
E00003419,270,73,28,45,197,153,44,27.037037037037038,10.37037037037037,16.666666666666664,72.96296296296296,56.666666666666664,16.296296296296298
E00003420,153,31,14,17,122,103,19,20.26143790849673,9.15032679738562,11.11111111111111,79.73856209150327,67.3202614379085,12.418300653594772
E00003421,156,39,10,29,117,95,22,25,6.41025641025641,18.58974358974359,75,60.89743589743589,14.102564102564102
E00003422,71,12,3,9,59,49,10,16.901408450704224,4.225352112676056,12.676056338028168,83.09859154929578,69.01408450704226,14.084507042253522
E00003423,144,26,9,17,118,93,25,18.055555555555554,6.25,11.805555555555555,81.94444444444444,64.58333333333334,17.36111111111111
E00003424,194,56,20,36,138,116,22,28.865979381443296,10.309278350515463,18.556701030927837,71.1340206185567,59.79381443298969,11.34020618556701
E00003425,152,31,6,25,121,102,19,20.394736842105264,3.9473684210526314,16.447368421052634,79.60526315789474,67.10526315789474,12.5
E00003426,154,37,15,22,117,99,18,24.025974025974026,9.740259740259742,14.285714285714285,75.97402597402598,64.28571428571429,11.688311688311687
E00003427,134,31,13,18,103,92,11,23.134328358208954,9.701492537313433,13.432835820895523,76.86567164179104,68.65671641791045,8.208955223880597
E00003428,179,47,20,27,132,105,27,26.256983240223462,11.1731843575419,15.083798882681565,73.74301675977654,58.659217877094974,15.083798882681565
E00003429,166,43,14,29,123,102,21,25.903614457831324,8.433734939759036,17.46987951807229,74.09638554216868,61.44578313253012,12.650602409638553
E00003430,123,25,10,15,98,70,28,20.32520325203252,8.130081300813007,12.195121951219512,79.67479674796748,56.91056910569105,22.76422764227642
E00003431,194,43,18,25,151,128,23,22.164948453608247,9.278350515463918,12.886597938144329,77.83505154639175,65.97938144329896,11.855670103092782
E00003432,104,32,12,20,72,59,13,30.76923076923077,11.538461538461538,19.230769230769234,69.23076923076923,56.730769230769226,12.5
E00003433,181,45,21,24,136,111,25,24.861878453038674,11.602209944751381,13.259668508287293,75.13812154696133,61.32596685082873,13.812154696132598
E00003434,120,19,4,15,101,91,10,15.833333333333332,3.3333333333333335,12.5,84.16666666666667,75.83333333333333,8.333333333333332
E00003435,228,50,19,31,178,153,25,21.929824561403507,8.333333333333332,13.596491228070176,78.0701754385965,67.10526315789474,10.964912280701753
E00003436,152,34,21,13,118,98,20,22.36842105263158,13.815789473684212,8.552631578947368,77.63157894736842,64.47368421052632,13.157894736842104
E00003437,155,36,11,25,119,91,28,23.225806451612904,7.096774193548387,16.129032258064516,76.77419354838709,58.70967741935483,18.064516129032256
E00003438,147,31,12,19,116,94,22,21.08843537414966,8.16326530612245,12.925170068027212,78.91156462585033,63.94557823129252,14.965986394557824
E00003439,128,28,9,19,100,84,16,21.875,7.03125,14.84375,78.125,65.625,12.5
E00003440,171,30,9,21,141,116,25,17.543859649122805,5.263157894736842,12.280701754385964,82.45614035087719,67.83625730994152,14.619883040935672
E00003441,201,41,13,28,160,115,45,20.398009950248756,6.467661691542288,13.930348258706468,79.60199004975125,57.2139303482587,22.388059701492537
E00003442,217,33,20,13,184,142,42,15.207373271889402,9.216589861751153,5.990783410138248,84.7926267281106,65.43778801843318,19.35483870967742
E00003443,141,30,10,20,111,96,15,21.27659574468085,7.092198581560284,14.184397163120568,78.72340425531915,68.08510638297872,10.638297872340425
E00003444,211,42,16,26,169,139,30,19.90521327014218,7.5829383886255926,12.322274881516588,80.09478672985783,65.87677725118483,14.218009478672986
E00003445,173,38,20,18,135,118,17,21.965317919075144,11.560693641618498,10.404624277456648,78.03468208092485,68.20809248554913,9.826589595375722
E00003446,160,36,10,26,124,108,16,22.5,6.25,16.25,77.5,67.5,10
E00003447,182,29,13,16,153,129,24,15.934065934065933,7.142857142857142,8.791208791208792,84.06593406593407,70.87912087912088,13.186813186813188
E00003448,155,29,10,19,126,104,22,18.70967741935484,6.451612903225806,12.258064516129032,81.29032258064515,67.0967741935484,14.193548387096774
E00003449,117,18,4,14,99,86,13,15.384615384615385,3.418803418803419,11.965811965811966,84.61538461538461,73.50427350427351,11.11111111111111
E00003450,227,31,7,24,196,161,35,13.656387665198238,3.0837004405286343,10.572687224669604,86.34361233480176,70.92511013215858,15.418502202643172
E00003451,158,23,11,12,135,108,27,14.556962025316455,6.962025316455696,7.59493670886076,85.44303797468355,68.35443037974683,17.088607594936708
E00003452,170,24,7,17,146,125,21,14.117647058823529,4.117647058823529,10,85.88235294117646,73.52941176470588,12.352941176470589
E00003453,150,39,21,18,111,90,21,26,14.000000000000002,12,74,60,14.000000000000002
E00003454,143,24,9,15,119,107,12,16.783216783216783,6.293706293706294,10.48951048951049,83.21678321678321,74.82517482517483,8.391608391608392
E00003455,129,35,13,22,94,82,12,27.131782945736433,10.077519379844961,17.05426356589147,72.86821705426357,63.565891472868216,9.30232558139535
E00003456,157,37,18,19,120,99,21,23.56687898089172,11.464968152866243,12.101910828025478,76.43312101910828,63.05732484076433,13.375796178343949
E00003457,143,31,14,17,112,97,15,21.678321678321677,9.79020979020979,11.888111888111888,78.32167832167832,67.83216783216784,10.48951048951049
E00003458,125,31,20,11,94,67,27,24.8,16,8.799999999999999,75.2,53.6,21.6
E00003459,171,37,16,21,134,106,28,21.637426900584796,9.35672514619883,12.280701754385964,78.3625730994152,61.98830409356725,16.374269005847953
E00003460,96,36,11,25,60,49,11,37.5,11.458333333333332,26.041666666666668,62.5,51.041666666666664,11.458333333333332
E00003461,126,30,13,17,96,86,10,23.809523809523807,10.317460317460316,13.492063492063492,76.19047619047619,68.25396825396825,7.936507936507936
E00003462,72,25,7,18,47,44,3,34.72222222222222,9.722222222222223,25,65.27777777777779,61.111111111111114,4.166666666666666
E00003463,111,25,9,16,86,65,21,22.52252252252252,8.108108108108109,14.414414414414415,77.47747747747748,58.55855855855856,18.91891891891892
E00003465,140,27,9,18,113,82,31,19.28571428571429,6.428571428571428,12.857142857142856,80.71428571428572,58.57142857142858,22.142857142857142
E00003466,119,24,9,15,95,80,15,20.168067226890756,7.563025210084033,12.605042016806722,79.83193277310924,67.22689075630252,12.605042016806722
E00003467,222,37,14,23,185,148,37,16.666666666666664,6.306306306306306,10.36036036036036,83.33333333333334,66.66666666666666,16.666666666666664
E00003468,233,50,20,30,183,138,45,21.45922746781116,8.583690987124463,12.875536480686694,78.54077253218884,59.227467811158796,19.313304721030043
E00003469,128,26,7,19,102,83,19,20.3125,5.46875,14.84375,79.6875,64.84375,14.84375
E00003470,194,45,16,29,149,113,36,23.195876288659793,8.24742268041237,14.948453608247423,76.80412371134021,58.24742268041238,18.556701030927837
E00003471,93,15,7,8,78,64,14,16.129032258064516,7.526881720430108,8.60215053763441,83.87096774193549,68.81720430107528,15.053763440860216
E00003472,121,29,9,20,92,81,11,23.96694214876033,7.43801652892562,16.528925619834713,76.03305785123968,66.94214876033058,9.090909090909092
E00003474,156,48,17,31,108,85,23,30.76923076923077,10.897435897435898,19.871794871794872,69.23076923076923,54.48717948717948,14.743589743589745
E00003475,167,26,11,15,141,123,18,15.568862275449103,6.58682634730539,8.982035928143713,84.4311377245509,73.65269461077844,10.778443113772456
E00003476,96,25,7,18,71,56,15,26.041666666666668,7.291666666666667,18.75,73.95833333333334,58.333333333333336,15.625
E00003477,153,30,16,14,123,108,15,19.607843137254903,10.457516339869281,9.15032679738562,80.3921568627451,70.58823529411765,9.803921568627452
E00003478,126,28,9,19,98,81,17,22.22222222222222,7.142857142857142,15.079365079365079,77.77777777777779,64.28571428571429,13.492063492063492
E00003479,127,29,12,17,98,88,10,22.83464566929134,9.448818897637794,13.385826771653544,77.16535433070865,69.29133858267717,7.874015748031496
E00003480,299,88,38,50,211,174,37,29.431438127090303,12.709030100334449,16.722408026755854,70.5685618729097,58.19397993311036,12.37458193979933
E00003481,82,16,14,2,66,55,11,19.51219512195122,17.073170731707318,2.4390243902439024,80.48780487804879,67.07317073170732,13.414634146341465
E00003482,162,42,15,27,120,98,22,25.925925925925924,9.25925925925926,16.666666666666664,74.07407407407408,60.49382716049383,13.580246913580247
E00003483,110,27,9,18,83,57,26,24.545454545454547,8.181818181818182,16.363636363636363,75.45454545454545,51.81818181818182,23.636363636363637
E00003484,68,13,1,12,55,44,11,19.11764705882353,1.4705882352941175,17.647058823529413,80.88235294117648,64.70588235294117,16.176470588235293
E00003485,114,23,8,15,91,65,26,20.175438596491226,7.017543859649122,13.157894736842104,79.82456140350878,57.01754385964912,22.807017543859647
E00003486,117,26,11,15,91,74,17,22.22222222222222,9.401709401709402,12.82051282051282,77.77777777777779,63.24786324786324,14.529914529914532
E00003487,95,20,11,9,75,67,8,21.052631578947366,11.578947368421053,9.473684210526317,78.94736842105263,70.52631578947368,8.421052631578947
E00003488,114,30,15,15,84,65,19,26.31578947368421,13.157894736842104,13.157894736842104,73.68421052631578,57.01754385964912,16.666666666666664
E00003489,106,19,7,12,87,71,16,17.92452830188679,6.60377358490566,11.320754716981133,82.0754716981132,66.98113207547169,15.09433962264151
E00003490,136,41,15,26,95,90,5,30.14705882352941,11.029411764705882,19.11764705882353,69.85294117647058,66.17647058823529,3.6764705882352944
E00003491,80,27,12,15,53,43,10,33.75,15,18.75,66.25,53.75,12.5
E00003492,100,26,11,15,74,65,9,26,11,15,74,65,9
E00003493,144,44,14,30,100,83,17,30.555555555555557,9.722222222222223,20.833333333333336,69.44444444444444,57.638888888888886,11.805555555555555
E00003494,123,39,11,28,84,84,0,31.70731707317073,8.94308943089431,22.76422764227642,68.29268292682927,68.29268292682927,0
E00003495,97,20,11,9,77,67,10,20.618556701030926,11.34020618556701,9.278350515463918,79.38144329896907,69.0721649484536,10.309278350515463
E00003496,168,47,15,32,121,105,16,27.976190476190478,8.928571428571429,19.047619047619047,72.02380952380952,62.5,9.523809523809524
E00003497,127,32,17,15,95,79,16,25.196850393700785,13.385826771653544,11.811023622047244,74.80314960629921,62.20472440944882,12.598425196850393
E00003498,221,63,15,48,158,139,19,28.50678733031674,6.787330316742081,21.71945701357466,71.49321266968326,62.89592760180995,8.597285067873303
E00003499,138,41,21,20,97,82,15,29.71014492753623,15.217391304347828,14.492753623188406,70.28985507246377,59.42028985507246,10.869565217391305
E00003500,126,30,13,17,96,81,15,23.809523809523807,10.317460317460316,13.492063492063492,76.19047619047619,64.28571428571429,11.904761904761903
E00003501,128,43,22,21,85,74,11,33.59375,17.1875,16.40625,66.40625,57.8125,8.59375
E00003502,154,50,21,29,104,92,12,32.467532467532465,13.636363636363635,18.83116883116883,67.53246753246754,59.74025974025974,7.792207792207792
E00003503,157,49,16,33,108,93,15,31.210191082802545,10.191082802547772,21.019108280254777,68.78980891719745,59.23566878980891,9.554140127388536
E00003504,176,37,12,25,139,120,19,21.022727272727273,6.8181818181818175,14.204545454545455,78.97727272727273,68.18181818181817,10.795454545454545
E00003505,163,55,18,37,108,92,16,33.74233128834356,11.042944785276074,22.699386503067483,66.25766871165644,56.44171779141104,9.815950920245399
E00003506,137,39,14,25,98,87,11,28.467153284671532,10.218978102189782,18.248175182481752,71.53284671532847,63.503649635036496,8.02919708029197
E00003507,108,32,8,24,76,67,9,29.629629629629626,7.4074074074074066,22.22222222222222,70.37037037037037,62.03703703703704,8.333333333333332
E00003508,262,78,23,55,184,156,28,29.770992366412212,8.778625954198473,20.99236641221374,70.22900763358778,59.541984732824424,10.687022900763358
E00003509,136,32,12,20,104,94,10,23.52941176470588,8.823529411764707,14.705882352941178,76.47058823529412,69.11764705882352,7.352941176470589
E00003510,169,39,12,27,130,115,15,23.076923076923077,7.100591715976331,15.976331360946746,76.92307692307693,68.04733727810651,8.875739644970414
E00003512,137,48,19,29,89,76,13,35.03649635036496,13.86861313868613,21.16788321167883,64.96350364963503,55.47445255474452,9.48905109489051
E00003513,182,60,16,44,122,114,8,32.967032967032964,8.791208791208792,24.175824175824175,67.03296703296702,62.637362637362635,4.395604395604396
E00003514,174,50,15,35,124,110,14,28.735632183908045,8.620689655172415,20.114942528735632,71.26436781609196,63.2183908045977,8.045977011494253
E00003516,147,49,18,31,98,76,22,33.33333333333333,12.244897959183673,21.08843537414966,66.66666666666666,51.70068027210885,14.965986394557824
E00003517,157,44,17,27,113,104,9,28.02547770700637,10.828025477707007,17.197452229299362,71.97452229299363,66.2420382165605,5.7324840764331215
E00003518,174,52,18,34,122,107,15,29.88505747126437,10.344827586206897,19.54022988505747,70.11494252873564,61.49425287356321,8.620689655172415
E00003519,133,42,12,30,91,77,14,31.57894736842105,9.022556390977442,22.55639097744361,68.42105263157895,57.89473684210527,10.526315789473683
E00003520,163,53,31,22,110,82,28,32.515337423312886,19.018404907975462,13.496932515337424,67.48466257668711,50.306748466257666,17.177914110429448
E00003521,166,49,19,30,117,98,19,29.518072289156628,11.44578313253012,18.072289156626507,70.48192771084338,59.036144578313255,11.44578313253012
E00003522,228,61,16,45,167,154,13,26.75438596491228,7.017543859649122,19.736842105263158,73.24561403508771,67.54385964912281,5.701754385964912
E00003523,145,41,17,24,104,92,12,28.27586206896552,11.724137931034482,16.551724137931036,71.72413793103448,63.44827586206897,8.275862068965518
E00003524,236,71,25,46,165,143,22,30.08474576271186,10.59322033898305,19.491525423728813,69.91525423728814,60.59322033898306,9.322033898305085
E00003525,135,28,13,15,107,91,16,20.74074074074074,9.62962962962963,11.11111111111111,79.25925925925927,67.4074074074074,11.851851851851853
E00003526,155,49,22,27,106,94,12,31.61290322580645,14.193548387096774,17.419354838709676,68.38709677419355,60.64516129032258,7.741935483870968
E00003527,128,40,19,21,88,73,15,31.25,14.84375,16.40625,68.75,57.03125,11.71875
E00003528,155,33,17,16,122,104,18,21.29032258064516,10.967741935483872,10.32258064516129,78.70967741935485,67.0967741935484,11.612903225806452
E00003529,150,51,20,31,99,85,14,34,13.333333333333334,20.666666666666668,66,56.666666666666664,9.333333333333334
E00003530,97,18,4,14,79,72,7,18.556701030927837,4.123711340206185,14.432989690721648,81.44329896907216,74.22680412371135,7.216494845360824
E00003531,223,59,15,44,164,140,24,26.45739910313901,6.726457399103139,19.730941704035875,73.54260089686099,62.78026905829597,10.762331838565023
E00003532,108,25,6,19,83,67,16,23.14814814814815,5.555555555555555,17.59259259259259,76.85185185185185,62.03703703703704,14.814814814814813
E00003533,137,31,8,23,106,96,10,22.62773722627737,5.839416058394161,16.78832116788321,77.37226277372264,70.07299270072993,7.2992700729927
E00003534,127,34,15,19,93,78,15,26.77165354330709,11.811023622047244,14.960629921259844,73.22834645669292,61.417322834645674,11.811023622047244
E00003535,112,35,14,21,77,63,14,31.25,12.5,18.75,68.75,56.25,12.5
E00003536,141,41,17,24,100,87,13,29.078014184397162,12.056737588652481,17.02127659574468,70.92198581560284,61.702127659574465,9.219858156028367
E00003537,119,35,14,21,84,72,12,29.411764705882355,11.76470588235294,17.647058823529413,70.58823529411765,60.50420168067227,10.084033613445378
E00003538,79,22,8,14,57,54,3,27.848101265822784,10.126582278481013,17.72151898734177,72.15189873417721,68.35443037974683,3.79746835443038
E00003539,98,28,11,17,70,57,13,28.57142857142857,11.224489795918368,17.346938775510203,71.42857142857143,58.16326530612245,13.26530612244898
E00003540,129,38,16,22,91,72,19,29.457364341085274,12.4031007751938,17.05426356589147,70.54263565891473,55.81395348837209,14.728682170542637
E00003541,174,49,19,30,125,106,19,28.160919540229884,10.919540229885058,17.24137931034483,71.83908045977012,60.91954022988506,10.919540229885058
E00003542,141,43,20,23,98,84,14,30.49645390070922,14.184397163120568,16.312056737588655,69.50354609929079,59.57446808510638,9.929078014184398
E00003543,161,46,18,28,115,98,17,28.57142857142857,11.180124223602485,17.391304347826086,71.42857142857143,60.86956521739131,10.559006211180124
E00003544,147,37,16,21,110,91,19,25.170068027210885,10.884353741496598,14.285714285714285,74.82993197278913,61.904761904761905,12.925170068027212
E00003545,160,37,8,29,123,106,17,23.125,5,18.125,76.875,66.25,10.625
E00003546,194,53,24,29,141,101,40,27.31958762886598,12.371134020618557,14.948453608247423,72.68041237113401,52.0618556701031,20.618556701030926
E00003547,115,36,13,23,79,68,11,31.30434782608696,11.304347826086957,20,68.69565217391305,59.130434782608695,9.565217391304348
E00003548,167,46,16,30,121,104,17,27.54491017964072,9.580838323353294,17.964071856287426,72.45508982035929,62.27544910179641,10.179640718562874
E00003549,231,56,28,28,175,156,19,24.242424242424242,12.121212121212121,12.121212121212121,75.75757575757575,67.53246753246754,8.225108225108226
E00003550,148,44,15,29,104,92,12,29.72972972972973,10.135135135135135,19.594594594594593,70.27027027027027,62.16216216216216,8.108108108108109
E00003551,100,27,8,19,73,65,8,27,8,19,73,65,8
E00003552,95,33,9,24,62,52,10,34.73684210526316,9.473684210526317,25.263157894736842,65.26315789473685,54.736842105263165,10.526315789473683
E00003553,141,44,15,29,97,80,17,31.20567375886525,10.638297872340425,20.56737588652482,68.79432624113475,56.73758865248227,12.056737588652481
E00003554,212,54,9,45,158,138,20,25.471698113207548,4.245283018867925,21.22641509433962,74.52830188679245,65.09433962264151,9.433962264150944
E00003555,156,45,17,28,111,95,16,28.846153846153843,10.897435897435898,17.94871794871795,71.15384615384616,60.89743589743589,10.256410256410255
E00003556,203,52,16,36,151,129,22,25.615763546798032,7.8817733990147785,17.733990147783253,74.38423645320196,63.54679802955665,10.83743842364532
E00003557,133,51,21,30,82,73,9,38.34586466165413,15.789473684210526,22.55639097744361,61.65413533834586,54.88721804511278,6.7669172932330826
E00003558,234,65,23,42,169,144,25,27.77777777777778,9.82905982905983,17.94871794871795,72.22222222222221,61.53846153846154,10.683760683760683
E00003559,116,27,13,14,89,69,20,23.275862068965516,11.206896551724139,12.068965517241379,76.72413793103449,59.48275862068966,17.24137931034483
E00003560,174,57,26,31,117,103,14,32.758620689655174,14.942528735632186,17.81609195402299,67.24137931034483,59.195402298850574,8.045977011494253
E00003561,176,58,18,40,118,101,17,32.95454545454545,10.227272727272728,22.727272727272727,67.04545454545455,57.38636363636363,9.659090909090908
E00003562,193,46,16,30,147,124,23,23.83419689119171,8.290155440414509,15.544041450777202,76.16580310880829,64.24870466321244,11.917098445595855
E00003563,109,33,8,25,76,65,11,30.275229357798167,7.339449541284404,22.93577981651376,69.72477064220183,59.63302752293578,10.091743119266056
E00003564,128,30,7,23,98,79,19,23.4375,5.46875,17.96875,76.5625,61.71875,14.84375
E00003565,161,48,23,25,113,80,33,29.81366459627329,14.285714285714285,15.527950310559005,70.1863354037267,49.68944099378882,20.496894409937887
E00003566,135,39,14,25,96,79,17,28.888888888888886,10.37037037037037,18.51851851851852,71.11111111111111,58.51851851851851,12.592592592592592
E00003567,166,49,22,27,117,96,21,29.518072289156628,13.253012048192772,16.265060240963855,70.48192771084338,57.831325301204814,12.650602409638553
E00003568,159,45,20,25,114,96,18,28.30188679245283,12.578616352201259,15.723270440251572,71.69811320754717,60.37735849056604,11.320754716981133
E00003569,168,55,18,37,113,101,12,32.73809523809524,10.714285714285714,22.023809523809522,67.26190476190477,60.11904761904761,7.142857142857142
E00003570,145,34,11,23,111,98,13,23.448275862068964,7.586206896551724,15.862068965517242,76.55172413793103,67.58620689655173,8.96551724137931
E00003571,158,45,10,35,113,88,25,28.48101265822785,6.329113924050633,22.151898734177212,71.51898734177216,55.69620253164557,15.822784810126583
E00003572,115,38,11,27,77,71,6,33.04347826086956,9.565217391304348,23.47826086956522,66.95652173913044,61.73913043478261,5.217391304347826
E00003573,132,31,12,19,101,85,16,23.484848484848484,9.090909090909092,14.393939393939394,76.51515151515152,64.39393939393939,12.121212121212121
E00003574,145,41,19,22,104,87,17,28.27586206896552,13.10344827586207,15.172413793103448,71.72413793103448,60,11.724137931034482
E00003575,137,41,14,27,96,83,13,29.927007299270077,10.218978102189782,19.708029197080293,70.07299270072993,60.58394160583942,9.48905109489051
E00003576,156,42,13,29,114,91,23,26.923076923076923,8.333333333333332,18.58974358974359,73.07692307692307,58.333333333333336,14.743589743589745
E00003577,187,67,22,45,120,102,18,35.82887700534759,11.76470588235294,24.06417112299465,64.171122994652407,54.54545454545454,9.62566844919786
E00003578,120,34,13,21,86,77,9,28.333333333333332,10.833333333333334,17.5,71.66666666666667,64.16666666666667,7.5
E00003579,157,41,11,30,116,95,21,26.11464968152866,7.006369426751593,19.10828025477707,73.88535031847134,60.509554140127385,13.375796178343949
E00003580,144,45,16,29,99,90,9,31.25,11.11111111111111,20.13888888888889,68.75,62.5,6.25
E00003581,162,38,18,20,124,109,15,23.456790123456788,11.11111111111111,12.345679012345679,76.5432098765432,67.28395061728395,9.25925925925926
E00003582,182,43,9,34,139,124,15,23.626373626373624,4.945054945054945,18.681318681318682,76.37362637362637,68.13186813186813,8.241758241758241
E00003583,177,56,19,37,121,104,17,31.63841807909605,10.734463276836157,20.903954802259886,68.36158192090396,58.75706214689266,9.6045197740113
E00003584,138,38,11,27,100,91,9,27.536231884057973,7.971014492753622,19.565217391304348,72.46376811594203,65.94202898550725,6.521739130434782
E00003585,114,39,10,29,75,65,10,34.21052631578947,8.771929824561402,25.438596491228072,65.78947368421053,57.01754385964912,8.771929824561402
E00003586,76,21,6,15,55,46,9,27.631578947368425,7.894736842105263,19.736842105263158,72.36842105263158,60.526315789473685,11.842105263157894
E00003587,115,34,17,17,81,76,5,29.565217391304348,14.782608695652174,14.782608695652174,70.43478260869566,66.08695652173913,4.3478260869565215
E00003588,131,36,14,22,95,83,12,27.480916030534353,10.687022900763358,16.793893129770993,72.51908396946564,63.358778625954194,9.16030534351145
E00003589,137,43,14,29,94,78,16,31.386861313868614,10.218978102189782,21.16788321167883,68.61313868613139,56.934306569343065,11.678832116788321
E00003590,137,29,10,19,108,97,11,21.16788321167883,7.2992700729927,13.86861313868613,78.83211678832117,70.8029197080292,8.02919708029197
E00003591,149,39,17,22,110,88,22,26.174496644295303,11.409395973154362,14.76510067114094,73.8255033557047,59.06040268456376,14.76510067114094
E00003592,171,43,20,23,128,114,14,25.146198830409354,11.695906432748536,13.450292397660817,74.85380116959064,66.66666666666666,8.187134502923977
E00003593,164,57,20,37,107,97,10,34.756097560975604,12.195121951219512,22.5609756097561,65.2439024390244,59.14634146341463,6.097560975609756
E00003594,150,50,16,34,100,84,16,33.33333333333333,10.666666666666668,22.666666666666664,66.66666666666666,56.00000000000001,10.666666666666668
E00003595,130,42,14,28,88,75,13,32.30769230769231,10.76923076923077,21.53846153846154,67.6923076923077,57.692307692307686,10
E00003596,130,34,9,25,96,89,7,26.153846153846157,6.923076923076923,19.230769230769234,73.84615384615385,68.46153846153847,5.384615384615385
E00003597,140,48,15,33,92,74,18,34.285714285714285,10.714285714285714,23.57142857142857,65.71428571428571,52.85714285714286,12.857142857142856
E00003598,138,53,21,32,85,75,10,38.405797101449274,15.217391304347828,23.18840579710145,61.59420289855072,54.347826086956516,7.246376811594203
E00003599,147,42,19,23,105,89,16,28.57142857142857,12.925170068027212,15.646258503401361,71.42857142857143,60.544217687074834,10.884353741496598
E00003600,170,45,23,22,125,109,16,26.47058823529412,13.529411764705882,12.941176470588237,73.52941176470588,64.11764705882354,9.411764705882353
E00003601,209,42,12,30,167,144,23,20.095693779904305,5.741626794258373,14.354066985645932,79.90430622009569,68.89952153110048,11.004784688995215
E00003602,126,26,9,17,100,79,21,20.634920634920633,7.142857142857142,13.492063492063492,79.36507936507937,62.698412698412696,16.666666666666664
E00003603,155,28,13,15,127,113,14,18.064516129032256,8.38709677419355,9.67741935483871,81.93548387096774,72.90322580645162,9.032258064516128
E00003604,153,36,15,21,117,96,21,23.52941176470588,9.803921568627452,13.725490196078432,76.47058823529412,62.745098039215684,13.725490196078432
E00003605,150,34,14,20,116,93,23,22.666666666666664,9.333333333333334,13.333333333333334,77.33333333333333,62,15.333333333333332
E00003606,281,72,26,46,209,187,22,25.622775800711743,9.252669039145907,16.370106761565836,74.37722419928826,66.54804270462633,7.829181494661921
E00003607,147,38,16,22,109,97,12,25.850340136054424,10.884353741496598,14.965986394557824,74.14965986394559,65.98639455782312,8.16326530612245
E00003608,118,37,16,21,81,69,12,31.35593220338983,13.559322033898304,17.796610169491526,68.64406779661016,58.47457627118644,10.16949152542373
E00003609,106,35,11,24,71,59,12,33.0188679245283,10.377358490566039,22.641509433962266,66.98113207547169,55.660377358490564,11.320754716981133
E00003610,135,46,19,27,89,82,7,34.074074074074076,14.074074074074074,20,65.92592592592592,60.74074074074074,5.185185185185185
E00003611,235,67,28,39,168,141,27,28.510638297872344,11.914893617021278,16.595744680851062,71.48936170212767,60,11.48936170212766
E00003612,164,47,17,30,117,101,16,28.65853658536585,10.365853658536585,18.29268292682927,71.34146341463415,61.58536585365854,9.75609756097561
E00003613,158,47,22,25,111,94,17,29.746835443037973,13.924050632911392,15.822784810126583,70.25316455696202,59.49367088607595,10.759493670886076
E00003614,161,43,13,30,118,105,13,26.70807453416149,8.074534161490684,18.633540372670808,73.29192546583852,65.21739130434783,8.074534161490684
E00003615,199,47,19,28,152,133,19,23.618090452261306,9.547738693467336,14.07035175879397,76.38190954773869,66.83417085427136,9.547738693467336
E00003616,216,55,28,27,161,132,29,25.462962962962965,12.962962962962962,12.5,74.53703703703704,61.111111111111114,13.425925925925927
E00003617,154,47,13,34,107,97,10,30.519480519480517,8.441558441558442,22.07792207792208,69.48051948051948,62.98701298701299,6.493506493506493
E00003618,140,40,15,25,100,90,10,28.57142857142857,10.714285714285714,17.857142857142858,71.42857142857143,64.28571428571429,7.142857142857142
E00003619,128,16,4,12,112,93,19,12.5,3.125,9.375,87.5,72.65625,14.84375
E00003620,135,28,11,17,107,84,23,20.74074074074074,8.148148148148149,12.592592592592592,79.25925925925927,62.22222222222222,17.037037037037038
E00003621,190,57,22,35,133,114,19,30,11.578947368421053,18.421052631578945,70,60,10
E00003622,190,47,13,34,143,124,19,24.736842105263158,6.842105263157896,17.894736842105264,75.26315789473685,65.26315789473685,10
E00003623,296,46,18,28,250,210,40,15.54054054054054,6.081081081081082,9.45945945945946,84.45945945945947,70.94594594594594,13.513513513513514
E00003624,208,32,13,19,176,150,26,15.384615384615385,6.25,9.134615384615383,84.61538461538461,72.11538461538461,12.5
E00003625,123,45,14,31,78,71,7,36.58536585365854,11.38211382113821,25.203252032520325,63.41463414634146,57.72357723577236,5.691056910569105
E00003626,163,45,20,25,118,103,15,27.607361963190186,12.269938650306749,15.337423312883436,72.39263803680981,63.190184049079754,9.202453987730062
E00003628,164,38,11,27,126,109,17,23.170731707317074,6.707317073170732,16.463414634146343,76.82926829268293,66.46341463414635,10.365853658536585
E00003629,89,21,0,21,68,63,5,23.595505617977526,0,23.595505617977526,76.40449438202246,70.78651685393258,5.617977528089887
E00003630,156,58,17,41,98,80,18,37.17948717948718,10.897435897435898,26.282051282051285,62.82051282051282,51.28205128205128,11.538461538461538
E00003631,165,32,7,25,133,116,17,19.393939393939394,4.242424242424243,15.151515151515152,80.60606060606061,70.3030303030303,10.303030303030303
E00003632,120,39,12,27,81,68,13,32.5,10,22.5,67.5,56.666666666666664,10.833333333333334
E00003633,113,43,17,26,70,55,15,38.05309734513274,15.04424778761062,23.008849557522122,61.94690265486725,48.67256637168141,13.274336283185843
E00003634,176,43,11,32,133,107,26,24.431818181818183,6.25,18.181818181818183,75.56818181818183,60.79545454545454,14.772727272727273
E00003635,149,39,18,21,110,101,9,26.174496644295303,12.080536912751679,14.093959731543624,73.8255033557047,67.78523489932886,6.0402684563758395
E00003636,96,38,17,21,58,52,6,39.58333333333333,17.708333333333336,21.875,60.416666666666664,54.166666666666664,6.25
E00003637,196,37,16,21,159,132,27,18.877551020408163,8.16326530612245,10.714285714285714,81.12244897959184,67.3469387755102,13.77551020408163
E00003638,108,30,10,20,78,72,6,27.77777777777778,9.25925925925926,18.51851851851852,72.22222222222221,66.66666666666666,5.555555555555555
E00003639,97,32,14,18,65,58,7,32.98969072164948,14.432989690721648,18.556701030927837,67.0103092783505,59.79381443298969,7.216494845360824
E00003640,233,51,21,30,182,141,41,21.888412017167383,9.012875536480687,12.875536480686694,78.11158798283262,60.51502145922747,17.59656652360515
E00003641,174,27,10,17,147,117,30,15.517241379310345,5.747126436781609,9.770114942528735,84.48275862068965,67.24137931034483,17.24137931034483
E00003642,139,26,8,18,113,94,19,18.705035971223023,5.755395683453238,12.949640287769784,81.29496402877699,67.62589928057554,13.66906474820144
E00003643,212,57,20,37,155,136,19,26.88679245283019,9.433962264150944,17.452830188679243,73.11320754716981,64.15094339622641,8.962264150943396
E00003644,141,42,21,21,99,76,23,29.78723404255319,14.893617021276595,14.893617021276595,70.2127659574468,53.90070921985816,16.312056737588655
E00003645,147,60,30,30,87,67,20,40.816326530612244,20.408163265306122,20.408163265306122,59.183673469387756,45.57823129251701,13.60544217687075
E00003646,224,66,29,37,158,106,52,29.464285714285715,12.946428571428573,16.517857142857142,70.53571428571429,47.32142857142857,23.214285714285715
E00003647,83,34,14,20,49,42,7,40.963855421686745,16.867469879518072,24.096385542168676,59.036144578313255,50.602409638554214,8.433734939759036
E00003648,129,38,16,22,91,68,23,29.457364341085274,12.4031007751938,17.05426356589147,70.54263565891473,52.71317829457365,17.829457364341085
E00003649,141,45,16,29,96,78,18,31.914893617021278,11.347517730496454,20.56737588652482,68.08510638297872,55.319148936170215,12.76595744680851
E00003650,170,53,29,24,117,86,31,31.176470588235293,17.058823529411764,14.117647058823529,68.82352941176471,50.588235294117645,18.235294117647058
E00003651,159,48,21,27,111,77,34,30.18867924528302,13.20754716981132,16.9811320754717,69.81132075471697,48.42767295597484,21.38364779874214
E00003653,96,38,21,17,58,41,17,39.58333333333333,21.875,17.708333333333336,60.416666666666664,42.70833333333333,17.708333333333336
E00003654,208,76,26,50,132,107,25,36.53846153846153,12.5,24.03846153846154,63.46153846153846,51.442307692307686,12.01923076923077
E00003655,156,68,26,42,88,70,18,43.58974358974359,16.666666666666664,26.923076923076923,56.41025641025641,44.871794871794876,11.538461538461538
E00003656,98,32,16,16,66,54,12,32.6530612244898,16.3265306122449,16.3265306122449,67.3469387755102,55.10204081632652,12.244897959183673
E00003657,201,60,22,38,141,123,18,29.850746268656714,10.945273631840797,18.90547263681592,70.1492537313433,61.19402985074627,8.955223880597014
E00003658,163,51,19,32,112,88,24,31.28834355828221,11.65644171779141,19.631901840490798,68.71165644171779,53.987730061349694,14.723926380368098
E00003659,176,50,18,32,126,105,21,28.40909090909091,10.227272727272728,18.181818181818183,71.5909090909091,59.65909090909091,11.931818181818182
E00003660,57,22,5,17,35,34,1,38.59649122807017,8.771929824561402,29.82456140350877,61.40350877192983,59.64912280701754,1.7543859649122806
E00003661,109,40,15,25,69,63,6,36.69724770642202,13.761467889908257,22.93577981651376,63.30275229357798,57.798165137614674,5.5045871559633035
E00003662,130,41,18,23,89,75,14,31.538461538461537,13.846153846153847,17.692307692307693,68.46153846153847,57.692307692307686,10.76923076923077
E00003663,160,34,13,21,126,101,25,21.25,8.125,13.125,78.75,63.125,15.625
E00003664,177,44,13,31,133,121,12,24.858757062146893,7.344632768361582,17.51412429378531,75.14124293785311,68.36158192090396,6.779661016949152
E00003665,153,43,23,20,110,76,34,28.104575163398692,15.032679738562091,13.071895424836603,71.89542483660131,49.673202614379086,22.22222222222222
E00003666,130,25,9,16,105,87,18,19.230769230769234,6.923076923076923,12.307692307692308,80.76923076923077,66.92307692307692,13.846153846153847
E00003667,187,56,26,30,131,93,38,29.946524064171122,13.903743315508022,16.042780748663102,70.05347593582889,49.73262032085562,20.32085561497326
E00003668,164,35,13,22,129,113,16,21.341463414634145,7.926829268292683,13.414634146341465,78.65853658536585,68.90243902439023,9.75609756097561
E00003669,151,34,7,27,117,98,19,22.516556291390728,4.635761589403973,17.880794701986755,77.48344370860927,64.90066225165563,12.582781456953644
E00003670,267,70,27,43,197,160,37,26.217228464419474,10.112359550561797,16.10486891385768,73.78277153558052,59.925093632958806,13.857677902621724
E00003671,130,41,19,22,89,82,7,31.538461538461537,14.615384615384617,16.923076923076923,68.46153846153847,63.07692307692307,5.384615384615385
E00003672,113,32,9,23,81,67,14,28.31858407079646,7.964601769911504,20.353982300884958,71.68141592920354,59.29203539823009,12.389380530973451
E00003673,175,48,17,31,127,106,21,27.42857142857143,9.714285714285714,17.71428571428571,72.57142857142857,60.57142857142858,12
E00003674,155,64,24,40,91,82,9,41.29032258064516,15.483870967741936,25.806451612903224,58.70967741935483,52.903225806451616,5.806451612903226
E00003675,146,31,11,20,115,97,18,21.232876712328768,7.534246575342466,13.698630136986301,78.76712328767124,66.43835616438356,12.32876712328767
E00003676,309,75,19,56,234,198,36,24.271844660194176,6.148867313915858,18.12297734627832,75.72815533980582,64.07766990291263,11.650485436893204
E00003677,112,32,13,19,80,64,16,28.57142857142857,11.607142857142858,16.964285714285715,71.42857142857143,57.14285714285714,14.285714285714285
E00003678,145,41,10,31,104,89,15,28.27586206896552,6.896551724137931,21.379310344827587,71.72413793103448,61.37931034482759,10.344827586206897
E00003679,185,50,18,32,135,102,33,27.027027027027028,9.72972972972973,17.2972972972973,72.97297297297297,55.13513513513514,17.83783783783784
E00003680,119,42,11,31,77,53,24,35.294117647058826,9.243697478991598,26.05042016806723,64.70588235294117,44.537815126050425,20.168067226890756
E00003681,136,39,19,20,97,83,14,28.676470588235293,13.970588235294118,14.705882352941178,71.32352941176471,61.029411764705884,10.294117647058822
E00003682,94,32,16,16,62,49,13,34.04255319148936,17.02127659574468,17.02127659574468,65.95744680851064,52.12765957446809,13.829787234042554
E00003683,119,30,16,14,89,77,12,25.210084033613445,13.445378151260504,11.76470588235294,74.78991596638656,64.70588235294117,10.084033613445378
E00003684,168,56,30,26,112,98,14,33.33333333333333,17.857142857142858,15.476190476190476,66.66666666666666,58.333333333333336,8.333333333333332
E00003685,133,43,15,28,90,73,17,32.33082706766917,11.278195488721805,21.052631578947366,67.66917293233082,54.88721804511278,12.781954887218044
E00003686,112,30,8,22,82,69,13,26.785714285714285,7.142857142857142,19.642857142857142,73.21428571428571,61.60714285714286,11.607142857142858
E00003687,164,51,18,33,113,93,20,31.097560975609756,10.975609756097562,20.121951219512198,68.90243902439023,56.70731707317073,12.195121951219512
E00003688,139,42,17,25,97,80,17,30.215827338129497,12.23021582733813,17.985611510791365,69.7841726618705,57.55395683453237,12.23021582733813
E00003689,142,28,19,9,114,98,16,19.718309859154928,13.380281690140844,6.338028169014084,80.28169014084507,69.01408450704226,11.267605633802818
E00003690,146,39,18,21,107,78,29,26.71232876712329,12.32876712328767,14.383561643835616,73.28767123287672,53.42465753424658,19.863013698630137
E00003691,161,53,24,29,108,88,20,32.91925465838509,14.906832298136646,18.012422360248447,67.08074534161491,54.6583850931677,12.422360248447205
E00003692,129,37,16,21,92,78,14,28.68217054263566,12.4031007751938,16.27906976744186,71.31782945736434,60.46511627906976,10.852713178294573
E00003693,104,32,13,19,72,59,13,30.76923076923077,12.5,18.269230769230766,69.23076923076923,56.730769230769226,12.5
E00003694,154,41,12,29,113,91,22,26.623376623376622,7.792207792207792,18.83116883116883,73.37662337662337,59.09090909090909,14.285714285714285
E00003695,120,35,15,20,85,61,24,29.166666666666668,12.5,16.666666666666664,70.83333333333334,50.83333333333333,20
E00003696,172,41,17,24,131,106,25,23.837209302325583,9.883720930232558,13.953488372093023,76.16279069767442,61.627906976744185,14.534883720930234
E00003697,136,45,17,28,91,69,22,33.088235294117645,12.5,20.588235294117645,66.91176470588235,50.73529411764706,16.176470588235293
E00003698,168,61,29,32,107,89,18,36.30952380952381,17.261904761904763,19.047619047619047,63.69047619047619,52.976190476190474,10.714285714285714
E00003699,152,37,13,24,115,96,19,24.342105263157894,8.552631578947368,15.789473684210526,75.6578947368421,63.1578947368421,12.5
E00003700,151,51,20,31,100,79,21,33.77483443708609,13.245033112582782,20.52980132450331,66.22516556291392,52.317880794701985,13.90728476821192
E00003701,183,50,15,35,133,108,25,27.322404371584703,8.19672131147541,19.12568306010929,72.6775956284153,59.01639344262295,13.661202185792352
E00003702,114,35,16,19,79,68,11,30.701754385964914,14.035087719298245,16.666666666666664,69.2982456140351,59.64912280701754,9.649122807017543
E00003703,92,25,11,14,67,48,19,27.173913043478258,11.956521739130435,15.217391304347828,72.82608695652173,52.17391304347826,20.652173913043477
E00003704,155,45,15,30,110,86,24,29.03225806451613,9.67741935483871,19.35483870967742,70.96774193548387,55.483870967741936,15.483870967741936
E00003705,170,44,16,28,126,97,29,25.882352941176475,9.411764705882353,16.470588235294116,74.11764705882354,57.05882352941176,17.058823529411764
E00003706,155,51,25,26,104,81,23,32.903225806451616,16.129032258064516,16.7741935483871,67.0967741935484,52.25806451612903,14.838709677419354
E00003707,164,43,18,25,121,102,19,26.21951219512195,10.975609756097562,15.24390243902439,73.78048780487805,62.19512195121951,11.585365853658537
E00003708,98,30,14,16,68,54,14,30.612244897959183,14.285714285714285,16.3265306122449,69.38775510204081,55.10204081632652,14.285714285714285
E00003709,184,61,23,38,123,98,25,33.15217391304348,12.5,20.652173913043477,66.84782608695652,53.2608695652174,13.586956521739129
E00003710,127,34,7,27,93,77,16,26.77165354330709,5.511811023622047,21.25984251968504,73.22834645669292,60.629921259842526,12.598425196850393
E00003711,178,52,17,35,126,106,20,29.213483146067414,9.550561797752808,19.662921348314608,70.78651685393258,59.55056179775281,11.235955056179774
E00003712,192,60,23,37,132,106,26,31.25,11.979166666666668,19.270833333333336,68.75,55.208333333333336,13.541666666666666
E00003713,164,52,25,27,112,85,27,31.70731707317073,15.24390243902439,16.463414634146343,68.29268292682927,51.829268292682926,16.463414634146343
E00003714,155,48,20,28,107,88,19,30.967741935483872,12.903225806451612,18.064516129032256,69.03225806451613,56.774193548387096,12.258064516129032
E00003715,146,34,13,21,112,88,24,23.28767123287671,8.904109589041095,14.383561643835616,76.71232876712328,60.273972602739725,16.43835616438356
E00003716,171,69,29,40,102,80,22,40.35087719298245,16.95906432748538,23.391812865497073,59.64912280701754,46.783625730994146,12.865497076023392
E00003717,133,38,13,25,95,74,21,28.57142857142857,9.774436090225564,18.796992481203006,71.42857142857143,55.639097744360896,15.789473684210526
E00003718,197,57,26,31,140,101,39,28.934010152284262,13.19796954314721,15.736040609137056,71.06598984771574,51.26903553299492,19.796954314720814
E00003719,198,45,18,27,153,130,23,22.727272727272727,9.090909090909092,13.636363636363635,77.27272727272727,65.65656565656566,11.616161616161616
E00003720,130,33,16,17,97,80,17,25.384615384615383,12.307692307692308,13.076923076923078,74.61538461538461,61.53846153846154,13.076923076923078
E00003721,111,46,12,34,65,56,9,41.44144144144144,10.81081081081081,30.630630630630627,58.55855855855856,50.45045045045045,8.108108108108109
E00003722,131,34,13,21,97,81,16,25.954198473282442,9.923664122137405,16.030534351145036,74.04580152671755,61.832061068702295,12.213740458015266
E00003723,184,54,20,34,130,99,31,29.347826086956523,10.869565217391305,18.478260869565215,70.65217391304348,53.80434782608695,16.847826086956523
E00003724,137,37,13,24,100,82,18,27.00729927007299,9.48905109489051,17.51824817518248,72.99270072992701,59.854014598540154,13.138686131386862
E00003725,99,26,6,20,73,55,18,26.262626262626267,6.0606060606060606,20.2020202020202,73.73737373737373,55.55555555555556,18.181818181818183
E00003726,154,51,19,32,103,85,18,33.116883116883116,12.337662337662337,20.77922077922078,66.88311688311688,55.1948051948052,11.688311688311687
E00003727,116,39,13,26,77,63,14,33.62068965517241,11.206896551724139,22.413793103448278,66.37931034482759,54.310344827586206,12.068965517241379
E00003728,113,41,11,30,72,56,16,36.283185840707965,9.734513274336283,26.548672566371685,63.716814159292035,49.557522123893804,14.15929203539823
E00003729,199,56,21,35,143,126,17,28.14070351758794,10.552763819095476,17.587939698492463,71.85929648241206,63.31658291457286,8.542713567839195
E00003730,179,53,19,34,126,104,22,29.608938547486037,10.614525139664805,18.994413407821227,70.39106145251397,58.10055865921788,12.290502793296088
E00003731,183,59,26,33,124,98,26,32.240437158469945,14.207650273224044,18.0327868852459,67.75956284153006,53.551912568306015,14.207650273224044
E00003732,119,40,11,29,79,69,10,33.61344537815126,9.243697478991598,24.369747899159663,66.38655462184873,57.98319327731093,8.403361344537815
E00003733,190,48,11,37,142,123,19,25.263157894736842,5.7894736842105265,19.473684210526315,74.73684210526315,64.73684210526316,10
E00003734,179,56,18,38,123,101,22,31.28491620111732,10.05586592178771,21.22905027932961,68.71508379888269,56.424581005586596,12.290502793296088
E00003735,147,48,18,30,99,83,16,32.6530612244898,12.244897959183673,20.408163265306122,67.3469387755102,56.4625850340136,10.884353741496598
E00003736,171,61,24,37,110,88,22,35.67251461988304,14.035087719298245,21.637426900584796,64.32748538011695,51.461988304093566,12.865497076023392
E00003737,118,35,6,29,83,70,13,29.66101694915254,5.084745762711865,24.576271186440678,70.33898305084746,59.32203389830508,11.016949152542372
E00003738,174,45,17,28,129,113,16,25.862068965517242,9.770114942528735,16.091954022988507,74.13793103448276,64.9425287356322,9.195402298850574
E00003739,125,40,16,24,85,66,19,32,12.8,19.2,68,52.800000000000004,15.2
E00003740,163,51,20,31,112,95,17,31.28834355828221,12.269938650306749,19.018404907975462,68.71165644171779,58.282208588957054,10.429447852760736
E00003741,128,18,7,11,110,103,7,14.0625,5.46875,8.59375,85.9375,80.46875,5.46875
E00003742,166,44,15,29,122,102,20,26.506024096385545,9.036144578313253,17.46987951807229,73.49397590361446,61.44578313253012,12.048192771084338
E00003743,178,48,17,31,130,113,17,26.96629213483146,9.550561797752808,17.415730337078653,73.03370786516854,63.48314606741573,9.550561797752808
E00003744,163,51,18,33,112,90,22,31.28834355828221,11.042944785276074,20.245398773006134,68.71165644171779,55.21472392638037,13.496932515337424
E00003745,169,45,19,26,124,108,16,26.627218934911244,11.242603550295858,15.384615384615385,73.37278106508876,63.905325443786985,9.467455621301776
E00003746,162,46,14,32,116,100,16,28.39506172839506,8.641975308641975,19.753086419753085,71.60493827160494,61.72839506172839,9.876543209876543
E00003747,180,56,21,35,124,93,31,31.11111111111111,11.666666666666666,19.444444444444446,68.88888888888889,51.66666666666667,17.22222222222222
E00003748,185,60,14,46,125,108,17,32.432432432432435,7.567567567567568,24.864864864864867,67.56756756756756,58.37837837837838,9.18918918918919
E00003749,183,48,17,31,135,120,15,26.229508196721312,9.289617486338798,16.939890710382514,73.77049180327869,65.57377049180327,8.19672131147541
E00003750,203,66,21,45,137,103,34,32.51231527093596,10.344827586206897,22.167487684729064,67.48768472906403,50.73891625615764,16.748768472906402
E00003751,184,59,20,39,125,107,18,32.065217391304344,10.869565217391305,21.195652173913043,67.93478260869566,58.152173913043484,9.782608695652174
E00003752,177,47,13,34,130,106,24,26.55367231638418,7.344632768361582,19.2090395480226,73.44632768361582,59.887005649717516,13.559322033898304
E00003753,178,36,11,25,142,115,27,20.224719101123593,6.179775280898876,14.04494382022472,79.7752808988764,64.60674157303372,15.168539325842698
E00003754,128,57,20,37,71,59,12,44.53125,15.625,28.90625,55.46875,46.09375,9.375
E00003755,149,46,21,25,103,88,15,30.87248322147651,14.093959731543624,16.778523489932887,69.12751677852349,59.06040268456376,10.06711409395973
E00003756,172,67,31,36,105,73,32,38.95348837209303,18.023255813953487,20.930232558139537,61.04651162790697,42.44186046511628,18.6046511627907
E00003758,194,57,16,41,137,116,21,29.381443298969074,8.24742268041237,21.1340206185567,70.61855670103093,59.79381443298969,10.824742268041238
E00003759,159,50,25,25,109,72,37,31.446540880503143,15.723270440251572,15.723270440251572,68.55345911949685,45.28301886792453,23.270440251572328
E00003760,147,35,13,22,112,94,18,23.809523809523807,8.843537414965986,14.965986394557824,76.19047619047619,63.94557823129252,12.244897959183673
E00003761,172,50,19,31,122,98,24,29.069767441860467,11.046511627906977,18.023255813953487,70.93023255813954,56.97674418604651,13.953488372093023
E00003762,177,39,7,32,138,125,13,22.033898305084744,3.954802259887006,18.07909604519774,77.96610169491525,70.62146892655367,7.344632768361582
E00003763,131,43,8,35,88,76,12,32.82442748091603,6.106870229007633,26.717557251908396,67.17557251908397,58.01526717557252,9.16030534351145
E00003764,145,49,13,36,96,79,17,33.793103448275865,8.96551724137931,24.82758620689655,66.20689655172414,54.48275862068965,11.724137931034482
E00003765,94,28,17,11,66,57,9,29.78723404255319,18.085106382978726,11.702127659574469,70.2127659574468,60.63829787234043,9.574468085106384
E00003766,163,43,19,24,120,95,25,26.380368098159508,11.65644171779141,14.723926380368098,73.61963190184049,58.282208588957054,15.337423312883436
E00003767,107,30,10,20,77,62,15,28.037383177570092,9.345794392523365,18.69158878504673,71.96261682242991,57.943925233644855,14.018691588785046
E00003768,148,37,11,26,111,90,21,25,7.4324324324324325,17.56756756756757,75,60.810810810810814,14.18918918918919
E00003769,139,36,10,26,103,87,16,25.899280575539567,7.1942446043165464,18.705035971223023,74.10071942446042,62.589928057553955,11.510791366906476
E00003770,162,38,18,20,124,100,24,23.456790123456788,11.11111111111111,12.345679012345679,76.5432098765432,61.72839506172839,14.814814814814813
E00003771,156,49,21,28,107,79,28,31.41025641025641,13.461538461538462,17.94871794871795,68.58974358974359,50.641025641025635,17.94871794871795
E00003772,36,22,17,5,14,12,2,61.111111111111114,47.22222222222222,13.88888888888889,38.88888888888889,33.33333333333333,5.555555555555555
E00003773,184,66,33,33,118,95,23,35.869565217391305,17.934782608695652,17.934782608695652,64.13043478260869,51.63043478260869,12.5
E00003774,163,47,21,26,116,82,34,28.834355828220858,12.883435582822086,15.950920245398773,71.16564417177914,50.306748466257666,20.858895705521473
E00003775,121,31,13,18,90,69,21,25.6198347107438,10.743801652892563,14.87603305785124,74.3801652892562,57.02479338842975,17.355371900826448
E00003776,151,49,21,28,102,87,15,32.450331125827816,13.90728476821192,18.543046357615893,67.54966887417218,57.615894039735096,9.933774834437086
E00003777,150,34,8,26,116,91,25,22.666666666666664,5.333333333333334,17.333333333333336,77.33333333333333,60.66666666666667,16.666666666666664
E00003778,63,20,7,13,43,35,8,31.746031746031743,11.11111111111111,20.634920634920633,68.25396825396825,55.55555555555556,12.698412698412698
E00003779,157,45,20,25,112,96,16,28.662420382165603,12.738853503184714,15.92356687898089,71.3375796178344,61.146496815286625,10.191082802547772
E00003780,125,30,7,23,95,76,19,24,5.6000000000000005,18.4,76,60.8,15.2
E00003781,175,62,24,38,113,82,31,35.42857142857142,13.714285714285715,21.714285714285715,64.57142857142857,46.85714285714286,17.71428571428571
E00003782,143,50,11,39,93,80,13,34.96503496503497,7.6923076923076925,27.27272727272727,65.03496503496503,55.94405594405595,9.090909090909092
E00003783,200,56,17,39,144,121,23,28.000000000000004,8.5,19.5,72,60.5,11.5
E00003784,195,60,25,35,135,114,21,30.76923076923077,12.82051282051282,17.94871794871795,69.23076923076923,58.46153846153847,10.76923076923077
E00003785,170,50,14,36,120,107,13,29.411764705882355,8.235294117647058,21.176470588235293,70.58823529411765,62.94117647058823,7.647058823529412
E00003786,169,39,9,30,130,101,29,23.076923076923077,5.325443786982249,17.75147928994083,76.92307692307693,59.76331360946746,17.159763313609467
E00003787,189,67,30,37,122,104,18,35.44973544973545,15.873015873015872,19.576719576719576,64.55026455026454,55.026455026455025,9.523809523809524
E00003788,103,31,11,20,72,63,9,30.097087378640776,10.679611650485436,19.41747572815534,69.90291262135922,61.165048543689316,8.737864077669903
E00003789,136,37,15,22,99,86,13,27.205882352941174,11.029411764705882,16.176470588235293,72.79411764705883,63.23529411764706,9.558823529411764
E00003790,166,41,14,27,125,98,27,24.69879518072289,8.433734939759036,16.265060240963855,75.30120481927712,59.036144578313255,16.265060240963855
E00003791,213,68,21,47,145,116,29,31.92488262910798,9.859154929577464,22.065727699530516,68.07511737089203,54.460093896713616,13.615023474178404
E00003792,221,62,17,45,159,136,23,28.054298642533936,7.6923076923076925,20.361990950226243,71.94570135746606,61.53846153846154,10.407239819004525
E00003793,150,28,12,16,122,107,15,18.666666666666668,8,10.666666666666668,81.33333333333333,71.33333333333334,10
E00003795,185,48,18,30,137,109,28,25.945945945945947,9.72972972972973,16.216216216216218,74.05405405405405,58.91891891891892,15.135135135135137
E00003796,209,66,21,45,143,123,20,31.57894736842105,10.047846889952153,21.5311004784689,68.42105263157895,58.85167464114832,9.569377990430622
E00003797,173,41,11,30,132,111,21,23.699421965317917,6.358381502890173,17.341040462427745,76.30057803468208,64.16184971098265,12.138728323699421
E00003798,128,39,17,22,89,76,13,30.46875,13.28125,17.1875,69.53125,59.375,10.15625
E00003799,171,49,17,32,122,94,28,28.654970760233915,9.941520467836257,18.71345029239766,71.34502923976608,54.97076023391813,16.374269005847953
E00003800,184,57,17,40,127,106,21,30.978260869565215,9.239130434782608,21.73913043478261,69.02173913043478,57.608695652173914,11.41304347826087
E00003801,114,33,11,22,81,66,15,28.947368421052634,9.649122807017543,19.298245614035086,71.05263157894737,57.89473684210527,13.157894736842104
E00003802,189,59,22,37,130,116,14,31.216931216931215,11.64021164021164,19.576719576719576,68.78306878306879,61.37566137566137,7.4074074074074066
E00003803,214,54,21,33,160,127,33,25.233644859813083,9.813084112149532,15.42056074766355,74.76635514018692,59.345794392523366,15.42056074766355
E00003804,184,57,20,37,127,104,23,30.978260869565215,10.869565217391305,20.108695652173914,69.02173913043478,56.52173913043478,12.5
E00003805,170,34,10,24,136,112,24,20,5.88235294117647,14.117647058823529,80,65.88235294117646,14.117647058823529
E00003806,142,47,21,26,95,85,10,33.098591549295776,14.788732394366196,18.30985915492958,66.90140845070422,59.859154929577464,7.042253521126761
E00003807,156,47,13,34,109,94,15,30.128205128205128,8.333333333333332,21.794871794871796,69.87179487179486,60.256410256410255,9.615384615384617
E00003808,178,48,19,29,130,103,27,26.96629213483146,10.674157303370785,16.292134831460675,73.03370786516854,57.865168539325836,15.168539325842698
E00003809,117,43,13,30,74,67,7,36.75213675213676,11.11111111111111,25.64102564102564,63.24786324786324,57.26495726495726,5.982905982905983
E00003810,132,38,11,27,94,79,15,28.78787878787879,8.333333333333332,20.454545454545457,71.21212121212122,59.84848484848485,11.363636363636363
E00003811,145,49,18,31,96,84,12,33.793103448275865,12.413793103448276,21.379310344827587,66.20689655172414,57.931034482758626,8.275862068965518
E00003812,151,44,22,22,107,95,12,29.13907284768212,14.56953642384106,14.56953642384106,70.86092715231787,62.913907284768214,7.9470198675496695
E00003813,183,37,20,17,146,117,29,20.21857923497268,10.92896174863388,9.289617486338798,79.78142076502732,63.934426229508205,15.846994535519126
E00003814,136,38,16,22,98,73,25,27.941176470588236,11.76470588235294,16.176470588235293,72.05882352941177,53.67647058823529,18.38235294117647
E00003815,161,47,20,27,114,97,17,29.19254658385093,12.422360248447205,16.77018633540373,70.80745341614907,60.24844720496895,10.559006211180124
E00003816,114,30,10,20,84,70,14,26.31578947368421,8.771929824561402,17.543859649122805,73.68421052631578,61.40350877192983,12.280701754385964
E00003817,77,18,6,12,59,55,4,23.376623376623375,7.792207792207792,15.584415584415584,76.62337662337663,71.42857142857143,5.194805194805195
E00003818,147,50,20,30,97,78,19,34.01360544217687,13.60544217687075,20.408163265306122,65.98639455782312,53.06122448979592,12.925170068027212
E00003819,206,57,17,40,149,132,17,27.669902912621357,8.25242718446602,19.41747572815534,72.33009708737865,64.07766990291263,8.25242718446602
E00003820,127,40,13,27,87,71,16,31.496062992125985,10.236220472440944,21.25984251968504,68.50393700787401,55.90551181102362,12.598425196850393
E00003821,179,55,23,32,124,105,19,30.726256983240223,12.849162011173185,17.877094972067038,69.27374301675978,58.659217877094974,10.614525139664805
E00003822,134,39,10,29,95,82,13,29.1044776119403,7.462686567164178,21.641791044776117,70.8955223880597,61.19402985074627,9.701492537313433
E00003823,129,40,10,30,89,76,13,31.007751937984494,7.751937984496124,23.25581395348837,68.9922480620155,58.91472868217055,10.077519379844961
E00003824,172,39,13,26,133,115,18,22.674418604651162,7.55813953488372,15.11627906976744,77.32558139534885,66.86046511627907,10.465116279069768
E00003825,113,47,19,28,66,64,2,41.5929203539823,16.8141592920354,24.778761061946902,58.4070796460177,56.63716814159292,1.7699115044247788
E00003826,138,33,10,23,105,91,14,23.91304347826087,7.246376811594203,16.666666666666664,76.08695652173914,65.94202898550725,10.144927536231885
E00003827,166,54,14,40,112,98,14,32.53012048192771,8.433734939759036,24.096385542168676,67.46987951807229,59.036144578313255,8.433734939759036
E00003828,131,45,17,28,86,76,10,34.35114503816794,12.977099236641221,21.374045801526716,65.64885496183206,58.01526717557252,7.633587786259542
E00003829,157,43,15,28,114,89,25,27.388535031847134,9.554140127388536,17.8343949044586,72.61146496815286,56.68789808917197,15.92356687898089
E00003830,162,54,15,39,108,92,16,33.33333333333333,9.25925925925926,24.074074074074073,66.66666666666666,56.79012345679012,9.876543209876543
E00003831,158,50,20,30,108,97,11,31.645569620253166,12.658227848101266,18.9873417721519,68.35443037974683,61.39240506329114,6.962025316455696
E00003832,138,39,10,29,99,86,13,28.26086956521739,7.246376811594203,21.014492753623188,71.73913043478261,62.31884057971014,9.420289855072465
E00003833,127,33,16,17,94,85,9,25.984251968503933,12.598425196850393,13.385826771653544,74.01574803149606,66.92913385826772,7.086614173228346
E00003834,158,36,11,25,122,96,26,22.78481012658228,6.962025316455696,15.822784810126583,77.21518987341773,60.75949367088608,16.455696202531644
E00003835,128,34,13,21,94,79,15,26.5625,10.15625,16.40625,73.4375,61.71875,11.71875
E00003836,166,48,16,32,118,101,17,28.915662650602407,9.63855421686747,19.27710843373494,71.08433734939759,60.8433734939759,10.240963855421686
E00003837,124,40,19,21,84,66,18,32.25806451612903,15.32258064516129,16.93548387096774,67.74193548387096,53.2258064516129,14.516129032258066
E00003838,106,30,6,24,76,65,11,28.30188679245283,5.660377358490567,22.641509433962266,71.69811320754717,61.32075471698113,10.377358490566039
E00003839,131,36,15,21,95,74,21,27.480916030534353,11.450381679389313,16.030534351145036,72.51908396946564,56.48854961832062,16.030534351145036
E00003840,154,46,17,29,108,85,23,29.87012987012987,11.03896103896104,18.83116883116883,70.12987012987013,55.1948051948052,14.935064935064934
E00003841,125,37,14,23,88,71,17,29.599999999999998,11.200000000000001,18.4,70.39999999999999,56.8,13.600000000000001
E00003842,148,55,26,29,93,77,16,37.16216216216216,17.56756756756757,19.594594594594593,62.83783783783784,52.02702702702703,10.81081081081081
E00003843,156,40,15,25,116,96,20,25.64102564102564,9.615384615384617,16.025641025641026,74.35897435897436,61.53846153846154,12.82051282051282
E00003844,103,33,17,16,70,59,11,32.038834951456316,16.50485436893204,15.53398058252427,67.96116504854369,57.28155339805825,10.679611650485436
E00003845,144,33,14,19,111,101,10,22.916666666666664,9.722222222222223,13.194444444444445,77.08333333333334,70.13888888888889,6.944444444444445
E00003846,147,49,15,34,98,83,15,33.33333333333333,10.204081632653061,23.12925170068027,66.66666666666666,56.4625850340136,10.204081632653061
E00003847,140,29,9,20,111,92,19,20.714285714285715,6.428571428571428,14.285714285714285,79.28571428571428,65.71428571428571,13.571428571428571
E00003848,138,38,18,20,100,87,13,27.536231884057973,13.043478260869565,14.492753623188406,72.46376811594203,63.04347826086957,9.420289855072465
E00003849,164,54,24,30,110,85,25,32.926829268292686,14.634146341463413,18.29268292682927,67.07317073170732,51.829268292682926,15.24390243902439
E00003850,160,48,16,32,112,95,17,30,10,20,70,59.375,10.625
E00003851,162,46,15,31,116,100,16,28.39506172839506,9.25925925925926,19.1358024691358,71.60493827160494,61.72839506172839,9.876543209876543
E00003853,129,40,10,30,89,77,12,31.007751937984494,7.751937984496124,23.25581395348837,68.9922480620155,59.68992248062015,9.30232558139535
E00003854,150,37,10,27,113,104,9,24.666666666666668,6.666666666666667,18,75.33333333333333,69.33333333333334,6
E00003855,162,53,18,35,109,95,14,32.71604938271605,11.11111111111111,21.604938271604937,67.28395061728395,58.64197530864198,8.641975308641975
E00003856,86,33,10,23,53,45,8,38.372093023255815,11.627906976744185,26.744186046511626,61.627906976744185,52.32558139534884,9.30232558139535
E00003857,149,44,15,29,105,93,12,29.53020134228188,10.06711409395973,19.463087248322147,70.46979865771812,62.41610738255034,8.053691275167784
E00003859,158,43,13,30,115,103,12,27.21518987341772,8.227848101265822,18.9873417721519,72.78481012658227,65.18987341772153,7.59493670886076
E00003860,139,46,12,34,93,86,7,33.093525179856115,8.633093525179856,24.46043165467626,66.90647482014388,61.87050359712231,5.0359712230215825
E00003861,169,50,23,27,119,106,13,29.585798816568047,13.609467455621301,15.976331360946746,70.41420118343196,62.721893491124256,7.6923076923076925
E00003862,134,35,8,27,99,80,19,26.119402985074625,5.970149253731343,20.149253731343283,73.88059701492537,59.70149253731343,14.17910447761194
E00003863,175,69,22,47,106,92,14,39.42857142857143,12.571428571428573,26.857142857142858,60.57142857142858,52.57142857142857,8
E00003864,124,43,17,26,81,73,8,34.67741935483871,13.709677419354838,20.967741935483872,65.32258064516128,58.87096774193549,6.451612903225806
E00003865,122,32,13,19,90,81,9,26.229508196721312,10.655737704918032,15.573770491803279,73.77049180327869,66.39344262295081,7.377049180327869
E00003866,147,24,8,16,123,105,18,16.3265306122449,5.442176870748299,10.884353741496598,83.6734693877551,71.42857142857143,12.244897959183673
E00003867,146,47,22,25,99,85,14,32.19178082191781,15.068493150684931,17.123287671232877,67.8082191780822,58.21917808219178,9.58904109589041
E00003868,133,31,10,21,102,92,10,23.308270676691727,7.518796992481203,15.789473684210526,76.69172932330827,69.17293233082707,7.518796992481203
E00003869,164,46,13,33,118,105,13,28.04878048780488,7.926829268292683,20.121951219512198,71.95121951219512,64.02439024390245,7.926829268292683
E00003870,142,47,19,28,95,78,17,33.098591549295776,13.380281690140844,19.718309859154928,66.90140845070422,54.929577464788736,11.971830985915492
E00003871,132,40,13,27,92,80,12,30.303030303030305,9.848484848484848,20.454545454545457,69.6969696969697,60.60606060606061,9.090909090909092
E00003872,100,21,8,13,79,70,9,21,8,13,79,70,9
E00003873,154,46,24,22,108,85,23,29.87012987012987,15.584415584415584,14.285714285714285,70.12987012987013,55.1948051948052,14.935064935064934
E00003874,129,53,16,37,76,61,15,41.08527131782946,12.4031007751938,28.68217054263566,58.91472868217055,47.286821705426355,11.627906976744185
E00003875,133,35,18,17,98,81,17,26.31578947368421,13.533834586466165,12.781954887218044,73.68421052631578,60.902255639097746,12.781954887218044
E00003876,152,41,16,25,111,82,29,26.973684210526315,10.526315789473683,16.447368421052634,73.02631578947368,53.94736842105263,19.078947368421055
E00003877,148,36,15,21,112,91,21,24.324324324324326,10.135135135135135,14.18918918918919,75.67567567567568,61.48648648648649,14.18918918918919
E00003878,130,37,19,18,93,76,17,28.46153846153846,14.615384615384617,13.846153846153847,71.53846153846153,58.46153846153847,13.076923076923078
E00003879,117,35,11,24,82,61,21,29.914529914529915,9.401709401709402,20.51282051282051,70.08547008547008,52.13675213675214,17.94871794871795
E00003880,119,32,14,18,87,70,17,26.89075630252101,11.76470588235294,15.126050420168067,73.10924369747899,58.82352941176471,14.285714285714285
E00003881,109,36,21,15,73,53,20,33.02752293577982,19.26605504587156,13.761467889908257,66.97247706422019,48.62385321100918,18.34862385321101
E00003882,148,48,23,25,100,75,25,32.432432432432435,15.54054054054054,16.89189189189189,67.56756756756756,50.67567567567568,16.89189189189189
E00003883,128,43,18,25,85,76,9,33.59375,14.0625,19.53125,66.40625,59.375,7.03125
E00003884,158,49,20,29,109,91,18,31.0126582278481,12.658227848101266,18.354430379746837,68.9873417721519,57.59493670886076,11.39240506329114
E00003885,119,37,9,28,82,68,14,31.092436974789916,7.563025210084033,23.52941176470588,68.90756302521008,57.14285714285714,11.76470588235294
E00003886,189,55,23,32,134,116,18,29.100529100529098,12.16931216931217,16.93121693121693,70.8994708994709,61.37566137566137,9.523809523809524
E00003887,127,36,18,18,91,75,16,28.346456692913385,14.173228346456693,14.173228346456693,71.65354330708661,59.055118110236215,12.598425196850393
E00003888,114,32,12,20,82,74,8,28.07017543859649,10.526315789473683,17.543859649122805,71.9298245614035,64.91228070175438,7.017543859649122
E00003889,171,33,11,22,138,116,22,19.298245614035086,6.432748538011696,12.865497076023392,80.7017543859649,67.83625730994152,12.865497076023392
E00003890,166,44,14,30,122,91,31,26.506024096385545,8.433734939759036,18.072289156626507,73.49397590361446,54.81927710843374,18.67469879518072
E00003891,257,76,29,47,181,155,26,29.571984435797667,11.284046692607005,18.28793774319066,70.42801556420234,60.311284046692606,10.116731517509727
E00003892,199,59,16,43,140,120,20,29.64824120603015,8.040201005025125,21.608040201005025,70.35175879396985,60.30150753768844,10.050251256281408
E00003893,133,48,20,28,85,79,6,36.09022556390977,15.037593984962406,21.052631578947366,63.90977443609023,59.3984962406015,4.511278195488721
E00003894,183,53,18,35,130,112,18,28.96174863387978,9.836065573770492,19.12568306010929,71.03825136612022,61.20218579234973,9.836065573770492
E00003895,172,40,15,25,132,110,22,23.25581395348837,8.720930232558139,14.534883720930234,76.74418604651163,63.95348837209303,12.790697674418606
E00003896,105,30,8,22,75,60,15,28.57142857142857,7.6190476190476195,20.952380952380953,71.42857142857143,57.14285714285714,14.285714285714285
E00003897,137,55,19,36,82,67,15,40.14598540145985,13.86861313868613,26.277372262773724,59.854014598540154,48.9051094890511,10.948905109489052
E00003898,169,42,22,20,127,94,33,24.85207100591716,13.017751479289942,11.834319526627219,75.14792899408283,55.62130177514793,19.526627218934912
E00003899,175,50,16,34,125,105,20,28.57142857142857,9.142857142857142,19.428571428571427,71.42857142857143,60,11.428571428571429
E00003900,186,43,18,25,143,125,18,23.118279569892472,9.67741935483871,13.440860215053762,76.88172043010752,67.20430107526882,9.67741935483871
E00003901,134,42,17,25,92,68,24,31.343283582089555,12.686567164179104,18.65671641791045,68.65671641791045,50.74626865671642,17.91044776119403
E00003902,138,37,11,26,101,77,24,26.811594202898554,7.971014492753622,18.84057971014493,73.18840579710145,55.79710144927537,17.391304347826086
E00003903,184,47,9,38,137,112,25,25.543478260869566,4.891304347826087,20.652173913043477,74.45652173913044,60.86956521739131,13.586956521739129
E00003904,118,39,16,23,79,71,8,33.05084745762712,13.559322033898304,19.491525423728813,66.94915254237289,60.16949152542372,6.779661016949152
E00003905,166,38,9,29,128,106,22,22.89156626506024,5.421686746987952,17.46987951807229,77.10843373493977,63.85542168674698,13.253012048192772
E00003906,232,42,16,26,190,164,26,18.103448275862068,6.896551724137931,11.206896551724139,81.89655172413794,70.6896551724138,11.206896551724139
E00003907,144,40,16,24,104,89,15,27.77777777777778,11.11111111111111,16.666666666666664,72.22222222222221,61.80555555555556,10.416666666666668
E00003908,120,23,7,16,97,84,13,19.166666666666668,5.833333333333333,13.333333333333334,80.83333333333333,70,10.833333333333334
E00003909,187,47,19,28,140,117,23,25.13368983957219,10.16042780748663,14.973262032085561,74.8663101604278,62.56684491978609,12.299465240641712
E00003910,140,29,13,16,111,94,17,20.714285714285715,9.285714285714286,11.428571428571429,79.28571428571428,67.14285714285714,12.142857142857142
E00003911,224,58,19,39,166,151,15,25.892857142857146,8.482142857142858,17.410714285714285,74.10714285714286,67.41071428571429,6.696428571428571
E00003912,117,31,12,19,86,74,12,26.495726495726498,10.256410256410255,16.23931623931624,73.50427350427351,63.24786324786324,10.256410256410255
E00003913,119,42,14,28,77,55,22,35.294117647058826,11.76470588235294,23.52941176470588,64.70588235294117,46.21848739495798,18.487394957983195
E00003914,124,30,15,15,94,71,23,24.193548387096776,12.096774193548388,12.096774193548388,75.80645161290323,57.25806451612904,18.548387096774192
E00003915,172,50,26,24,122,101,21,29.069767441860467,15.11627906976744,13.953488372093023,70.93023255813954,58.720930232558146,12.209302325581394
E00003916,158,48,17,31,110,94,16,30.37974683544304,10.759493670886076,19.62025316455696,69.62025316455697,59.49367088607595,10.126582278481013
E00003917,173,42,20,22,131,109,22,24.277456647398843,11.560693641618498,12.716763005780345,75.72254335260115,63.005780346820806,12.716763005780345
E00003918,141,43,10,33,98,88,10,30.49645390070922,7.092198581560284,23.404255319148938,69.50354609929079,62.4113475177305,7.092198581560284
E00003919,191,47,22,25,144,109,35,24.60732984293194,11.518324607329843,13.089005235602095,75.39267015706807,57.06806282722513,18.32460732984293
E00003920,132,33,16,17,99,85,14,25,12.121212121212121,12.878787878787879,75,64.39393939393939,10.606060606060606
E00003921,194,43,16,27,151,136,15,22.164948453608247,8.24742268041237,13.917525773195877,77.83505154639175,70.10309278350515,7.731958762886598
E00003922,174,38,18,20,136,113,23,21.839080459770116,10.344827586206897,11.494252873563218,78.16091954022988,64.9425287356322,13.218390804597702
E00003923,117,36,21,15,81,70,11,30.76923076923077,17.94871794871795,12.82051282051282,69.23076923076923,59.82905982905983,9.401709401709402
E00003924,123,45,10,35,78,72,6,36.58536585365854,8.130081300813007,28.455284552845526,63.41463414634146,58.536585365853654,4.878048780487805
E00003925,204,73,22,51,131,119,12,35.78431372549019,10.784313725490197,25,64.2156862745098,58.333333333333336,5.88235294117647
E00003926,211,62,22,40,149,121,28,29.383886255924168,10.42654028436019,18.95734597156398,70.61611374407583,57.345971563981045,13.270142180094787
E00003927,181,37,8,29,144,120,24,20.441988950276244,4.41988950276243,16.022099447513813,79.55801104972376,66.29834254143645,13.259668508287293
E00003928,195,50,24,26,145,129,16,25.64102564102564,12.307692307692308,13.333333333333334,74.35897435897436,66.15384615384615,8.205128205128204
E00003929,114,34,15,19,80,72,8,29.82456140350877,13.157894736842104,16.666666666666664,70.17543859649122,63.1578947368421,7.017543859649122
E00003930,179,49,16,33,130,114,16,27.37430167597765,8.938547486033519,18.435754189944134,72.62569832402235,63.687150837988824,8.938547486033519
E00003931,216,81,30,51,135,122,13,37.5,13.88888888888889,23.61111111111111,62.5,56.481481481481474,6.018518518518518
E00003932,200,55,22,33,145,124,21,27.500000000000004,11,16.5,72.5,62,10.5
E00003933,170,45,17,28,125,106,19,26.47058823529412,10,16.470588235294116,73.52941176470588,62.35294117647059,11.176470588235295
E00003934,123,27,7,20,96,81,15,21.951219512195124,5.691056910569105,16.260162601626014,78.04878048780488,65.85365853658537,12.195121951219512
E00003935,172,51,19,32,121,102,19,29.651162790697676,11.046511627906977,18.6046511627907,70.34883720930233,59.30232558139535,11.046511627906977
E00003936,129,36,13,23,93,80,13,27.906976744186046,10.077519379844961,17.829457364341085,72.09302325581395,62.01550387596899,10.077519379844961
E00003937,101,32,6,26,69,61,8,31.683168316831683,5.9405940594059405,25.742574257425744,68.31683168316832,60.396039603960396,7.920792079207921
E00003938,140,34,9,25,106,97,9,24.285714285714285,6.428571428571428,17.857142857142858,75.71428571428571,69.28571428571428,6.428571428571428
E00003939,149,36,11,25,113,89,24,24.161073825503358,7.38255033557047,16.778523489932887,75.83892617449665,59.73154362416108,16.10738255033557
E00003940,184,43,15,28,141,121,20,23.369565217391305,8.152173913043478,15.217391304347828,76.63043478260869,65.76086956521739,10.869565217391305
E00003941,126,49,19,30,77,67,10,38.88888888888889,15.079365079365079,23.809523809523807,61.111111111111114,53.17460317460318,7.936507936507936
E00003942,170,50,19,31,120,103,17,29.411764705882355,11.176470588235295,18.235294117647058,70.58823529411765,60.588235294117645,10
E00003943,168,42,13,29,126,106,20,25,7.738095238095238,17.261904761904763,75,63.095238095238095,11.904761904761903
E00003944,159,47,14,33,112,100,12,29.559748427672954,8.80503144654088,20.754716981132077,70.44025157232704,62.893081761006286,7.547169811320755
E00003945,172,48,25,23,124,107,17,27.906976744186046,14.534883720930234,13.372093023255813,72.09302325581395,62.2093023255814,9.883720930232558
E00003946,122,35,18,17,87,78,9,28.688524590163933,14.754098360655737,13.934426229508196,71.31147540983606,63.934426229508205,7.377049180327869
E00003947,128,33,9,24,95,68,27,25.78125,7.03125,18.75,74.21875,53.125,21.09375
E00003948,191,44,16,28,147,112,35,23.036649214659686,8.37696335078534,14.659685863874344,76.96335078534031,58.63874345549738,18.32460732984293
E00003949,180,51,22,29,129,98,31,28.333333333333332,12.222222222222221,16.11111111111111,71.66666666666667,54.44444444444444,17.22222222222222
E00003950,155,39,17,22,116,92,24,25.161290322580644,10.967741935483872,14.193548387096774,74.83870967741936,59.354838709677416,15.483870967741936
E00003951,154,36,20,16,118,98,20,23.376623376623375,12.987012987012985,10.38961038961039,76.62337662337663,63.63636363636363,12.987012987012985
E00003952,188,59,30,29,129,111,18,31.382978723404253,15.957446808510639,15.425531914893616,68.61702127659575,59.04255319148937,9.574468085106384
E00003953,197,58,27,31,139,119,20,29.441624365482234,13.705583756345177,15.736040609137056,70.55837563451777,60.40609137055838,10.152284263959391
E00003954,174,40,13,27,134,100,34,22.988505747126435,7.471264367816093,15.517241379310345,77.01149425287356,57.47126436781609,19.54022988505747
E00003955,126,33,16,17,93,61,32,26.190476190476193,12.698412698412698,13.492063492063492,73.80952380952381,48.41269841269841,25.396825396825395
E00003956,173,55,24,31,118,80,38,31.79190751445087,13.872832369942195,17.91907514450867,68.20809248554913,46.24277456647399,21.965317919075144
E00003957,123,28,8,20,95,76,19,22.76422764227642,6.504065040650407,16.260162601626014,77.23577235772358,61.78861788617886,15.447154471544716
E00003958,179,39,9,30,140,119,21,21.787709497206702,5.027932960893855,16.75977653631285,78.2122905027933,66.4804469273743,11.731843575418994
E00003959,177,53,22,31,124,92,32,29.943502824858758,12.429378531073446,17.51412429378531,70.05649717514125,51.9774011299435,18.07909604519774
E00003960,162,47,16,31,115,89,26,29.01234567901235,9.876543209876543,19.1358024691358,70.98765432098766,54.93827160493827,16.049382716049383
E00003961,101,26,11,15,75,50,25,25.742574257425744,10.891089108910892,14.85148514851485,74.25742574257426,49.504950495049506,24.752475247524753
E00003962,143,45,12,33,98,64,34,31.46853146853147,8.391608391608392,23.076923076923077,68.53146853146853,44.75524475524475,23.776223776223777
E00003963,131,33,10,23,98,79,19,25.190839694656486,7.633587786259542,17.557251908396946,74.80916030534351,60.30534351145038,14.50381679389313
E00003964,145,50,20,30,95,70,25,34.48275862068966,13.793103448275861,20.689655172413794,65.51724137931035,48.275862068965516,17.24137931034483
E00003965,174,52,20,32,122,92,30,29.88505747126437,11.494252873563218,18.39080459770115,70.11494252873564,52.87356321839081,17.24137931034483
E00003966,115,24,9,15,91,57,34,20.869565217391305,7.82608695652174,13.043478260869565,79.13043478260869,49.56521739130435,29.565217391304348
E00003967,166,51,17,34,115,79,36,30.72289156626506,10.240963855421686,20.481927710843372,69.27710843373494,47.59036144578313,21.686746987951807
E00003968,136,28,16,12,108,69,39,20.588235294117645,11.76470588235294,8.823529411764707,79.41176470588235,50.73529411764706,28.676470588235293
E00003969,136,43,18,25,93,65,28,31.61764705882353,13.23529411764706,18.38235294117647,68.38235294117648,47.794117647058826,20.588235294117645
E00003970,210,44,13,31,166,136,30,20.952380952380953,6.190476190476191,14.761904761904763,79.04761904761905,64.76190476190476,14.285714285714285
E00003971,143,34,9,25,109,88,21,23.776223776223777,6.293706293706294,17.482517482517483,76.22377622377621,61.53846153846154,14.685314685314685
E00003972,154,40,15,25,114,82,32,25.97402597402597,9.740259740259742,16.233766233766232,74.02597402597402,53.246753246753244,20.77922077922078
E00003973,125,26,10,16,99,83,16,20.8,8,12.8,79.2,66.4,12.8
E00003974,202,58,21,37,144,116,28,28.71287128712871,10.396039603960396,18.316831683168317,71.28712871287128,57.42574257425742,13.861386138613863
E00003975,166,32,14,18,134,109,25,19.27710843373494,8.433734939759036,10.843373493975903,80.72289156626506,65.66265060240963,15.060240963855422
E00003976,150,48,16,32,102,85,17,32,10.666666666666668,21.333333333333336,68,56.666666666666664,11.333333333333332
E00003977,112,27,13,14,85,68,17,24.107142857142858,11.607142857142858,12.5,75.89285714285714,60.71428571428571,15.178571428571427
E00003978,178,39,19,20,139,126,13,21.910112359550563,10.674157303370785,11.235955056179774,78.08988764044943,70.78651685393258,7.303370786516854
E00003979,121,37,14,23,84,69,15,30.57851239669421,11.570247933884298,19.00826446280992,69.42148760330579,57.02479338842975,12.396694214876034
E00003980,156,53,27,26,103,81,22,33.97435897435898,17.307692307692307,16.666666666666664,66.02564102564102,51.92307692307693,14.102564102564102
E00003981,127,28,12,16,99,89,10,22.04724409448819,9.448818897637794,12.598425196850393,77.95275590551181,70.07874015748031,7.874015748031496
E00003982,147,38,16,22,109,83,26,25.850340136054424,10.884353741496598,14.965986394557824,74.14965986394559,56.4625850340136,17.687074829931973
E00003983,161,36,12,24,125,109,16,22.36024844720497,7.453416149068323,14.906832298136646,77.63975155279503,67.70186335403726,9.937888198757763
E00003984,69,21,8,13,48,41,7,30.434782608695656,11.594202898550725,18.84057971014493,69.56521739130434,59.42028985507246,10.144927536231885
E00003985,167,50,21,29,117,90,27,29.94011976047904,12.574850299401197,17.365269461077844,70.05988023952095,53.89221556886228,16.16766467065868
E00003986,130,30,14,16,100,84,16,23.076923076923077,10.76923076923077,12.307692307692308,76.92307692307693,64.61538461538461,12.307692307692308
E00003987,108,26,7,19,82,75,7,24.074074074074073,6.481481481481481,17.59259259259259,75.92592592592592,69.44444444444444,6.481481481481481
E00003988,161,39,10,29,122,89,33,24.22360248447205,6.211180124223603,18.012422360248447,75.77639751552795,55.27950310559007,20.496894409937887
E00003989,120,32,10,22,88,78,10,26.666666666666668,8.333333333333332,18.333333333333332,73.33333333333333,65,8.333333333333332
E00003990,145,40,12,28,105,83,22,27.586206896551722,8.275862068965518,19.310344827586206,72.41379310344827,57.24137931034483,15.172413793103448
E00003991,99,27,6,21,72,60,12,27.27272727272727,6.0606060606060606,21.21212121212121,72.72727272727273,60.60606060606061,12.121212121212121
E00003992,145,58,17,41,87,73,14,40,11.724137931034482,28.27586206896552,60,50.3448275862069,9.655172413793103
E00003993,120,33,13,20,87,67,20,27.500000000000004,10.833333333333334,16.666666666666664,72.5,55.833333333333336,16.666666666666664
E00003994,107,41,16,25,66,47,19,38.31775700934579,14.953271028037381,23.364485981308412,61.6822429906542,43.925233644859816,17.75700934579439
E00003995,153,38,20,18,115,86,29,24.836601307189543,13.071895424836603,11.76470588235294,75.16339869281046,56.209150326797385,18.954248366013072
E00003996,111,35,12,23,76,65,11,31.53153153153153,10.81081081081081,20.72072072072072,68.46846846846847,58.55855855855856,9.90990990990991
E00003997,154,35,12,23,119,102,17,22.727272727272727,7.792207792207792,14.935064935064934,77.27272727272727,66.23376623376623,11.03896103896104
E00003998,225,58,22,36,167,133,34,25.77777777777778,9.777777777777779,16,74.22222222222223,59.111111111111114,15.11111111111111
E00003999,184,39,13,26,145,119,26,21.195652173913043,7.065217391304348,14.130434782608695,78.80434782608695,64.67391304347827,14.130434782608695
E00004000,229,47,21,26,182,145,37,20.52401746724891,9.170305676855897,11.353711790393014,79.47598253275109,63.31877729257642,16.157205240174672
E00004001,203,52,29,23,151,121,30,25.615763546798032,14.285714285714285,11.330049261083744,74.38423645320196,59.60591133004927,14.77832512315271
E00004002,208,46,16,30,162,131,31,22.115384615384613,7.6923076923076925,14.423076923076922,77.88461538461539,62.980769230769226,14.903846153846153
E00004003,205,59,21,38,146,125,21,28.780487804878046,10.24390243902439,18.536585365853657,71.21951219512195,60.97560975609756,10.24390243902439
E00004004,133,40,9,31,93,83,10,30.075187969924812,6.7669172932330826,23.308270676691727,69.92481203007519,62.40601503759399,7.518796992481203
E00004005,145,30,13,17,115,103,12,20.689655172413794,8.96551724137931,11.724137931034482,79.3103448275862,71.03448275862068,8.275862068965518
E00004006,161,51,21,30,110,98,12,31.67701863354037,13.043478260869565,18.633540372670808,68.32298136645963,60.86956521739131,7.453416149068323
E00004007,161,51,23,28,110,91,19,31.67701863354037,14.285714285714285,17.391304347826086,68.32298136645963,56.52173913043478,11.801242236024844
E00004008,158,43,20,23,115,100,15,27.21518987341772,12.658227848101266,14.556962025316455,72.78481012658227,63.29113924050633,9.49367088607595
E00004009,101,30,10,20,71,59,12,29.7029702970297,9.900990099009901,19.801980198019802,70.29702970297029,58.415841584158414,11.881188118811881
E00004010,136,42,12,30,94,81,13,30.88235294117647,8.823529411764707,22.058823529411764,69.11764705882352,59.55882352941176,9.558823529411764
E00004011,173,49,19,30,124,110,14,28.32369942196532,10.982658959537572,17.341040462427745,71.67630057803468,63.58381502890174,8.092485549132949
E00004012,140,57,21,36,83,75,8,40.714285714285715,15,25.71428571428571,59.285714285714285,53.57142857142857,5.714285714285714
E00004013,217,55,23,32,162,126,36,25.34562211981567,10.599078341013826,14.746543778801843,74.65437788018433,58.06451612903226,16.589861751152075
E00004014,149,45,18,27,104,92,12,30.201342281879196,12.080536912751679,18.120805369127517,69.79865771812081,61.74496644295302,8.053691275167784
E00004015,74,22,9,13,52,47,5,29.72972972972973,12.162162162162163,17.56756756756757,70.27027027027027,63.51351351351351,6.756756756756757
E00004016,124,43,19,24,81,75,6,34.67741935483871,15.32258064516129,19.35483870967742,65.32258064516128,60.483870967741936,4.838709677419355
E00004017,301,93,33,60,208,179,29,30.89700996677741,10.96345514950166,19.93355481727575,69.10299003322258,59.46843853820598,9.634551495016613
E00004018,180,41,20,21,139,127,12,22.77777777777778,11.11111111111111,11.666666666666666,77.22222222222223,70.55555555555556,6.666666666666667
E00004020,127,42,19,23,85,73,12,33.07086614173229,14.960629921259844,18.11023622047244,66.92913385826772,57.48031496062992,9.448818897637794
E00004022,164,51,28,23,113,95,18,31.097560975609756,17.073170731707318,14.02439024390244,68.90243902439023,57.92682926829268,10.975609756097562
E00004023,149,37,14,23,112,89,23,24.832214765100673,9.395973154362416,15.436241610738255,75.16778523489933,59.73154362416108,15.436241610738255
E00004024,127,32,16,16,95,79,16,25.196850393700785,12.598425196850393,12.598425196850393,74.80314960629921,62.20472440944882,12.598425196850393
E00004025,81,29,10,19,52,37,15,35.80246913580247,12.345679012345679,23.456790123456788,64.19753086419753,45.67901234567901,18.51851851851852
E00004026,135,34,8,26,101,84,17,25.185185185185183,5.9259259259259265,19.25925925925926,74.81481481481481,62.22222222222222,12.592592592592592
E00004027,125,34,14,20,91,80,11,27.200000000000003,11.200000000000001,16,72.8,64,8.799999999999999
E00004028,68,18,5,13,50,43,7,26.47058823529412,7.352941176470589,19.11764705882353,73.52941176470588,63.23529411764706,10.294117647058822
E00004029,168,44,20,24,124,94,30,26.190476190476193,11.904761904761903,14.285714285714285,73.80952380952381,55.952380952380956,17.857142857142858
E00004030,180,45,18,27,135,111,24,25,10,15,75,61.66666666666667,13.333333333333334
E00004031,186,40,14,26,146,126,20,21.50537634408602,7.526881720430108,13.978494623655912,78.49462365591397,67.74193548387096,10.75268817204301
E00004032,126,39,13,26,87,72,15,30.952380952380953,10.317460317460316,20.634920634920633,69.04761904761905,57.14285714285714,11.904761904761903
E00004033,156,52,26,26,104,87,17,33.33333333333333,16.666666666666664,16.666666666666664,66.66666666666666,55.769230769230774,10.897435897435898
E00004034,268,63,22,41,205,178,27,23.507462686567166,8.208955223880597,15.298507462686567,76.49253731343283,66.4179104477612,10.074626865671641
E00004035,153,38,11,27,115,96,19,24.836601307189543,7.18954248366013,17.647058823529413,75.16339869281046,62.745098039215684,12.418300653594772
E00004036,120,48,17,31,72,61,11,40,14.166666666666666,25.833333333333336,60,50.83333333333333,9.166666666666666
E00004037,216,55,22,33,161,124,37,25.462962962962965,10.185185185185185,15.277777777777779,74.53703703703704,57.407407407407405,17.12962962962963
E00004038,190,52,21,31,138,112,26,27.368421052631582,11.052631578947368,16.315789473684212,72.63157894736842,58.94736842105262,13.684210526315791
E00004039,159,34,12,22,125,108,17,21.38364779874214,7.547169811320755,13.836477987421384,78.61635220125787,67.9245283018868,10.69182389937107
E00004040,166,33,15,18,133,110,23,19.879518072289155,9.036144578313253,10.843373493975903,80.12048192771084,66.26506024096386,13.855421686746988
E00004041,165,33,7,26,132,116,16,20,4.242424242424243,15.757575757575756,80,70.3030303030303,9.696969696969697
E00004042,141,44,18,26,97,86,11,31.20567375886525,12.76595744680851,18.439716312056735,68.79432624113475,60.99290780141844,7.801418439716312
E00004043,140,33,8,25,107,93,14,23.57142857142857,5.714285714285714,17.857142857142858,76.42857142857142,66.42857142857143,10
E00004044,80,16,7,9,64,52,12,20,8.75,11.25,80,65,15
E00004045,119,31,19,12,88,70,18,26.05042016806723,15.966386554621847,10.084033613445378,73.94957983193278,58.82352941176471,15.126050420168067
E00004046,169,35,14,21,134,112,22,20.710059171597635,8.284023668639055,12.42603550295858,79.28994082840237,66.27218934911244,13.017751479289942
E00004047,166,50,21,29,116,96,20,30.120481927710845,12.650602409638553,17.46987951807229,69.87951807228916,57.831325301204814,12.048192771084338
E00004048,131,39,14,25,92,63,29,29.770992366412212,10.687022900763358,19.083969465648856,70.22900763358778,48.091603053435115,22.137404580152673
E00004049,202,40,19,21,162,135,27,19.801980198019802,9.405940594059405,10.396039603960396,80.19801980198021,66.83168316831683,13.366336633663368
E00004050,102,29,9,20,73,61,12,28.431372549019606,8.823529411764707,19.607843137254903,71.56862745098039,59.80392156862745,11.76470588235294
E00004051,152,55,27,28,97,76,21,36.18421052631579,17.763157894736842,18.421052631578945,63.81578947368421,50,13.815789473684212
E00004052,158,43,18,25,115,85,30,27.21518987341772,11.39240506329114,15.822784810126583,72.78481012658227,53.79746835443038,18.9873417721519
E00004053,212,32,10,22,180,162,18,15.09433962264151,4.716981132075472,10.377358490566039,84.90566037735849,76.41509433962264,8.49056603773585
E00004054,147,39,10,29,108,79,29,26.53061224489796,6.802721088435375,19.727891156462583,73.46938775510205,53.74149659863946,19.727891156462583
E00004055,140,42,17,25,98,74,24,30,12.142857142857142,17.857142857142858,70,52.85714285714286,17.142857142857142
E00004056,189,42,15,27,147,116,31,22.22222222222222,7.936507936507936,14.285714285714285,77.77777777777779,61.37566137566137,16.402116402116402
E00004057,135,39,15,24,96,62,34,28.888888888888886,11.11111111111111,17.77777777777778,71.11111111111111,45.925925925925924,25.185185185185183
E00004058,122,38,14,24,84,66,18,31.147540983606557,11.475409836065573,19.672131147540984,68.85245901639344,54.09836065573771,14.754098360655737
E00004059,109,20,10,10,89,66,23,18.34862385321101,9.174311926605505,9.174311926605505,81.65137614678899,60.550458715596335,21.100917431192663
E00004060,155,39,13,26,116,95,21,25.161290322580644,8.38709677419355,16.7741935483871,74.83870967741936,61.29032258064516,13.548387096774196
E00004061,176,63,29,34,113,75,38,35.79545454545455,16.477272727272727,19.318181818181817,64.20454545454545,42.61363636363637,21.59090909090909
E00004062,144,26,4,22,118,105,13,18.055555555555554,2.7777777777777777,15.277777777777779,81.94444444444444,72.91666666666666,9.027777777777777
E00004063,162,64,29,35,98,71,27,39.50617283950617,17.901234567901234,21.604938271604937,60.49382716049383,43.82716049382716,16.666666666666664
E00004064,100,18,9,9,82,68,14,18,9,9,82,68,14.000000000000002
E00004065,158,38,9,29,120,104,16,24.050632911392405,5.69620253164557,18.354430379746837,75.9493670886076,65.82278481012658,10.126582278481013
E00004066,133,37,9,28,96,68,28,27.819548872180448,6.7669172932330826,21.052631578947366,72.18045112781954,51.127819548872175,21.052631578947366
E00004067,144,45,17,28,99,79,20,31.25,11.805555555555555,19.444444444444446,68.75,54.861111111111114,13.88888888888889
E00004068,148,39,18,21,109,81,28,26.351351351351347,12.162162162162163,14.18918918918919,73.64864864864865,54.729729729729726,18.91891891891892
E00004069,152,49,20,29,103,67,36,32.23684210526316,13.157894736842104,19.078947368421055,67.76315789473685,44.07894736842105,23.684210526315788
E00004070,153,40,17,23,113,92,21,26.143790849673206,11.11111111111111,15.032679738562091,73.8562091503268,60.130718954248366,13.725490196078432
E00004071,179,54,15,39,125,111,14,30.16759776536313,8.379888268156424,21.787709497206702,69.83240223463687,62.01117318435754,7.82122905027933
E00004072,125,31,14,17,94,78,16,24.8,11.200000000000001,13.600000000000001,75.2,62.4,12.8
E00004073,125,27,10,17,98,79,19,21.6,8,13.600000000000001,78.4,63.2,15.2
E00004074,173,40,14,26,133,106,27,23.121387283236995,8.092485549132949,15.028901734104046,76.878612716763,61.27167630057804,15.606936416184972
E00004075,160,47,18,29,113,78,35,29.375,11.25,18.125,70.625,48.75,21.875
E00004076,145,34,15,19,111,86,25,23.448275862068964,10.344827586206897,13.10344827586207,76.55172413793103,59.310344827586206,17.24137931034483
E00004077,197,64,24,40,133,105,28,32.48730964467005,12.18274111675127,20.304568527918782,67.51269035532995,53.299492385786806,14.213197969543149
E00004078,194,60,31,29,134,111,23,30.927835051546392,15.979381443298967,14.948453608247423,69.0721649484536,57.21649484536082,11.855670103092782
E00004079,176,59,18,41,117,90,27,33.52272727272727,10.227272727272728,23.295454545454543,66.47727272727273,51.13636363636363,15.340909090909092
E00004080,196,47,15,32,149,117,32,23.97959183673469,7.653061224489796,16.3265306122449,76.0204081632653,59.693877551020414,16.3265306122449
E00004081,190,48,21,27,142,123,19,25.263157894736842,11.052631578947368,14.210526315789473,74.73684210526315,64.73684210526316,10
E00004082,132,48,20,28,84,73,11,36.36363636363637,15.151515151515152,21.21212121212121,63.63636363636363,55.3030303030303,8.333333333333332
E00004083,193,51,15,36,142,116,26,26.42487046632124,7.772020725388601,18.65284974093264,73.57512953367875,60.10362694300518,13.471502590673575
E00004084,118,27,11,16,91,77,14,22.88135593220339,9.322033898305085,13.559322033898304,77.11864406779661,65.2542372881356,11.864406779661017
E00004085,158,40,17,23,118,101,17,25.31645569620253,10.759493670886076,14.556962025316455,74.68354430379746,63.92405063291139,10.759493670886076
E00004086,145,38,18,20,107,81,26,26.20689655172414,12.413793103448276,13.793103448275861,73.79310344827587,55.86206896551724,17.93103448275862
E00004087,150,56,22,34,94,74,20,37.333333333333336,14.666666666666666,22.666666666666664,62.66666666666667,49.333333333333336,13.333333333333334
E00004088,201,56,17,39,145,125,20,27.860696517412936,8.45771144278607,19.402985074626866,72.13930348258707,62.189054726368155,9.950248756218906
E00004089,180,49,19,30,131,106,25,27.22222222222222,10.555555555555555,16.666666666666664,72.77777777777777,58.88888888888889,13.88888888888889
E00004090,198,39,16,23,159,128,31,19.696969696969695,8.080808080808081,11.616161616161616,80.3030303030303,64.64646464646465,15.656565656565657
E00004091,215,60,19,41,155,128,27,27.906976744186046,8.837209302325581,19.069767441860467,72.09302325581395,59.53488372093023,12.558139534883722
E00004092,130,43,18,25,87,76,11,33.07692307692307,13.846153846153847,19.230769230769234,66.92307692307692,58.46153846153847,8.461538461538462
E00004093,178,54,23,31,124,104,20,30.337078651685395,12.921348314606742,17.415730337078653,69.66292134831461,58.42696629213483,11.235955056179774
E00004094,121,39,11,28,82,66,16,32.231404958677686,9.090909090909092,23.140495867768596,67.76859504132231,54.54545454545454,13.223140495867769
E00004095,150,52,14,38,98,85,13,34.66666666666667,9.333333333333334,25.333333333333336,65.33333333333333,56.666666666666664,8.666666666666668
E00004096,163,46,13,33,117,97,20,28.22085889570552,7.975460122699387,20.245398773006134,71.77914110429448,59.50920245398773,12.269938650306749
E00004097,5,2,2,0,3,3,0,40,40,0,60,60,0
E00004098,153,53,24,29,100,78,22,34.64052287581699,15.686274509803921,18.954248366013072,65.359477124183,50.98039215686274,14.37908496732026
E00004099,156,44,20,24,112,91,21,28.205128205128204,12.82051282051282,15.384615384615385,71.7948717948718,58.333333333333336,13.461538461538462
E00004100,126,36,20,16,90,69,21,28.57142857142857,15.873015873015872,12.698412698412698,71.42857142857143,54.761904761904766,16.666666666666664
E00004101,154,46,17,29,108,84,24,29.87012987012987,11.03896103896104,18.83116883116883,70.12987012987013,54.54545454545454,15.584415584415584
E00004102,126,48,24,24,78,64,14,38.095238095238095,19.047619047619047,19.047619047619047,61.904761904761905,50.79365079365079,11.11111111111111
E00004103,123,39,19,20,84,60,24,31.70731707317073,15.447154471544716,16.260162601626014,68.29268292682927,48.78048780487805,19.51219512195122
E00004104,163,58,19,39,105,78,27,35.58282208588957,11.65644171779141,23.92638036809816,64.41717791411043,47.85276073619632,16.56441717791411
E00004105,186,58,23,35,128,108,20,31.182795698924732,12.365591397849462,18.817204301075268,68.81720430107528,58.06451612903226,10.75268817204301
E00004106,161,53,24,29,108,89,19,32.91925465838509,14.906832298136646,18.012422360248447,67.08074534161491,55.27950310559007,11.801242236024844
E00004107,162,51,15,36,111,89,22,31.48148148148148,9.25925925925926,22.22222222222222,68.51851851851852,54.93827160493827,13.580246913580247
E00004108,166,55,19,36,111,99,12,33.13253012048193,11.44578313253012,21.686746987951807,66.86746987951807,59.63855421686747,7.228915662650602
E00004109,100,29,12,17,71,57,14,28.999999999999996,12,17,71,56.99999999999999,14.000000000000002
E00004110,167,48,21,27,119,95,24,28.74251497005988,12.574850299401197,16.16766467065868,71.25748502994011,56.886227544910184,14.37125748502994
E00004111,194,58,17,41,136,109,27,29.896907216494846,8.762886597938143,21.1340206185567,70.10309278350515,56.18556701030928,13.917525773195877
E00004112,172,60,28,32,112,81,31,34.883720930232556,16.27906976744186,18.6046511627907,65.11627906976744,47.093023255813954,18.023255813953487
E00004113,172,49,16,33,123,102,21,28.488372093023255,9.30232558139535,19.186046511627907,71.51162790697676,59.30232558139535,12.209302325581394
E00004114,178,48,10,38,130,108,22,26.96629213483146,5.617977528089887,21.34831460674157,73.03370786516854,60.67415730337079,12.359550561797752
E00004115,117,38,11,27,79,69,10,32.47863247863248,9.401709401709402,23.076923076923077,67.52136752136752,58.97435897435898,8.547008547008547
E00004116,176,57,23,34,119,96,23,32.38636363636363,13.068181818181818,19.318181818181817,67.61363636363636,54.54545454545454,13.068181818181818
E00004117,194,54,26,28,140,115,25,27.835051546391753,13.402061855670103,14.432989690721648,72.16494845360825,59.27835051546392,12.886597938144329
E00004118,172,47,14,33,125,102,23,27.325581395348834,8.13953488372093,19.186046511627907,72.67441860465115,59.30232558139535,13.372093023255813
E00004119,171,55,28,27,116,93,23,32.16374269005848,16.374269005847953,15.789473684210526,67.83625730994152,54.385964912280706,13.450292397660817
E00165787,165,49,16,33,116,102,14,29.6969696969697,9.696969696969697,20,70.3030303030303,61.81818181818181,8.484848484848486
E00165788,108,28,11,17,80,64,16,25.925925925925924,10.185185185185185,15.74074074074074,74.07407407407408,59.25925925925925,14.814814814814813
E00165793,98,35,8,27,63,60,3,35.714285714285715,8.16326530612245,27.55102040816326,64.28571428571429,61.224489795918366,3.061224489795918
E00165795,171,52,18,34,119,101,18,30.409356725146196,10.526315789473683,19.883040935672515,69.5906432748538,59.06432748538012,10.526315789473683
E00166105,147,33,10,23,114,86,28,22.448979591836736,6.802721088435375,15.646258503401361,77.55102040816327,58.50340136054422,19.047619047619047
E00166107,147,30,16,14,117,98,19,20.408163265306122,10.884353741496598,9.523809523809524,79.59183673469387,66.66666666666666,12.925170068027212
E00166109,149,20,7,13,129,98,31,13.422818791946309,4.697986577181208,8.724832214765101,86.57718120805369,65.77181208053692,20.80536912751678
E00166110,204,49,22,27,155,130,25,24.019607843137255,10.784313725490197,13.23529411764706,75.98039215686273,63.725490196078425,12.254901960784313
E00166112,140,35,13,22,105,81,24,25,9.285714285714286,15.714285714285714,75,57.85714285714286,17.142857142857142
E00166114,188,53,29,24,135,107,28,28.191489361702125,15.425531914893616,12.76595744680851,71.80851063829788,56.91489361702128,14.893617021276595
E00166115,156,43,19,24,113,84,29,27.564102564102566,12.179487179487179,15.384615384615385,72.43589743589743,53.84615384615385,18.58974358974359
E00166117,225,44,12,32,181,152,29,19.555555555555557,5.333333333333334,14.222222222222221,80.44444444444444,67.55555555555556,12.88888888888889
E00166118,181,46,19,27,135,117,18,25.41436464088398,10.497237569060774,14.917127071823206,74.58563535911603,64.64088397790056,9.94475138121547
E00166613,154,43,19,24,111,83,28,27.92207792207792,12.337662337662337,15.584415584415584,72.07792207792207,53.896103896103895,18.181818181818183
E00166615,167,38,15,23,129,109,20,22.75449101796407,8.982035928143713,13.77245508982036,77.24550898203593,65.26946107784431,11.976047904191617
E00166616,175,35,10,25,140,112,28,20,5.714285714285714,14.285714285714285,80,64,16
E00166618,183,48,23,25,135,111,24,26.229508196721312,12.568306010928962,13.661202185792352,73.77049180327869,60.65573770491803,13.114754098360656
E00166619,100,17,7,10,83,78,5,17,7.000000000000001,10,83,78,5
E00166621,126,14,4,10,112,97,15,11.11111111111111,3.1746031746031744,7.936507936507936,88.88888888888889,76.98412698412699,11.904761904761903
E00166623,205,46,13,33,159,125,34,22.439024390243905,6.341463414634147,16.097560975609756,77.5609756097561,60.97560975609756,16.585365853658537
E00166624,94,28,12,16,66,48,18,29.78723404255319,12.76595744680851,17.02127659574468,70.2127659574468,51.06382978723404,19.148936170212767
E00166626,125,34,15,19,91,78,13,27.200000000000003,12,15.2,72.8,62.4,10.4
E00166627,53,18,9,9,35,20,15,33.9622641509434,16.9811320754717,16.9811320754717,66.0377358490566,37.735849056603776,28.30188679245283
E00182547,89,26,9,17,63,58,5,29.213483146067414,10.112359550561797,19.101123595505616,70.78651685393258,65.1685393258427,5.617977528089887
E00182549,184,36,21,15,148,131,17,19.565217391304348,11.41304347826087,8.152173913043478,80.43478260869566,71.19565217391305,9.239130434782608
E00182554,175,14,4,10,161,140,21,8,2.2857142857142856,5.714285714285714,92,80,12
E00182562,270,23,5,18,247,194,53,8.518518518518519,1.8518518518518516,6.666666666666667,91.48148148148148,71.85185185185186,19.62962962962963
E00182564,332,51,12,39,281,233,48,15.36144578313253,3.614457831325301,11.74698795180723,84.63855421686746,70.18072289156626,14.457831325301203
E00182568,64,12,1,11,52,44,8,18.75,1.5625,17.1875,81.25,68.75,12.5
E00182569,65,23,9,14,42,38,4,35.38461538461539,13.846153846153847,21.53846153846154,64.61538461538461,58.46153846153847,6.153846153846154
E00182571,100,15,4,11,85,71,14,15,4,11,85,71,14.000000000000002
E00182572,180,38,15,23,142,119,23,21.11111111111111,8.333333333333332,12.777777777777777,78.88888888888889,66.11111111111111,12.777777777777777
E00182578,88,25,12,13,63,51,12,28.40909090909091,13.636363636363635,14.772727272727273,71.5909090909091,57.95454545454546,13.636363636363635
E00182592,274,55,26,29,219,180,39,20.072992700729927,9.48905109489051,10.583941605839415,79.92700729927007,65.69343065693431,14.233576642335766
E00182596,118,20,6,14,98,78,20,16.94915254237288,5.084745762711865,11.864406779661017,83.05084745762711,66.10169491525424,16.94915254237288
E00182597,134,16,9,7,118,107,11,11.940298507462686,6.7164179104477615,5.223880597014925,88.05970149253731,79.8507462686567,8.208955223880597
E00182600,296,51,23,28,245,216,29,17.22972972972973,7.77027027027027,9.45945945945946,82.77027027027027,72.97297297297297,9.797297297297296
E00182601,91,20,8,12,71,47,24,21.978021978021978,8.791208791208792,13.186813186813188,78.02197802197803,51.64835164835166,26.373626373626376
E00182602,90,14,5,9,76,64,12,15.555555555555555,5.555555555555555,10,84.44444444444444,71.11111111111111,13.333333333333334
E00182606,130,40,15,25,90,72,18,30.76923076923077,11.538461538461538,19.230769230769234,69.23076923076923,55.38461538461539,13.846153846153847
E00182618,182,36,14,22,146,116,30,19.78021978021978,7.6923076923076925,12.087912087912088,80.21978021978022,63.73626373626373,16.483516483516482
E00182620,67,13,8,5,54,45,9,19.402985074626866,11.940298507462686,7.462686567164178,80.59701492537313,67.16417910447761,13.432835820895523
E00182621,103,16,5,11,87,79,8,15.53398058252427,4.854368932038835,10.679611650485436,84.46601941747572,76.69902912621359,7.766990291262135
E00182628,244,15,9,6,229,189,40,6.147540983606557,3.6885245901639343,2.459016393442623,93.85245901639344,77.45901639344262,16.39344262295082
E00182631,87,15,6,9,72,56,16,17.24137931034483,6.896551724137931,10.344827586206897,82.75862068965517,64.36781609195403,18.39080459770115
E00182636,38,10,3,7,28,23,5,26.31578947368421,7.894736842105263,18.421052631578945,73.68421052631578,60.526315789473685,13.157894736842104
E00182637,257,44,14,30,213,169,44,17.120622568093385,5.447470817120623,11.673151750972762,82.87937743190662,65.75875486381322,17.120622568093385
E00182639,126,13,5,8,113,98,15,10.317460317460316,3.968253968253968,6.349206349206349,89.68253968253968,77.77777777777779,11.904761904761903
E00182642,136,47,17,30,89,78,11,34.55882352941176,12.5,22.058823529411764,65.44117647058823,57.35294117647059,8.088235294117647
