OA,ts0590001,ts0590002,ts0590003,ts0590004,ts0590005,ts0590006,ts0590007,ts0590002_PCT,ts0590003_PCT,ts0590004_PCT,ts0590005_PCT,ts0590006_PCT,ts0590007_PCT
E00103235,176,62,28,34,114,97,17,35.22727272727273,15.909090909090908,19.318181818181817,64.77272727272727,55.11363636363637,9.659090909090908
E00103236,167,61,28,33,106,87,19,36.52694610778443,16.766467065868262,19.760479041916167,63.47305389221557,52.09580838323353,11.377245508982035
E00103237,92,37,10,27,55,47,8,40.21739130434783,10.869565217391305,29.347826086956523,59.78260869565217,51.08695652173913,8.695652173913043
E00103238,132,49,23,26,83,67,16,37.121212121212125,17.424242424242426,19.696969696969695,62.878787878787875,50.75757575757576,12.121212121212121
E00103239,179,64,33,31,115,91,24,35.754189944134076,18.435754189944134,17.318435754189945,64.24581005586593,50.83798882681564,13.40782122905028
E00103240,193,73,24,49,120,93,27,37.82383419689119,12.435233160621761,25.38860103626943,62.17616580310881,48.18652849740933,13.989637305699482
E00103241,168,58,18,40,110,88,22,34.523809523809526,10.714285714285714,23.809523809523807,65.47619047619048,52.38095238095239,13.095238095238097
E00103242,169,56,24,32,113,82,31,33.13609467455622,14.201183431952662,18.93491124260355,66.86390532544378,48.5207100591716,18.34319526627219
E00103243,142,53,28,25,89,73,16,37.32394366197183,19.718309859154928,17.6056338028169,62.676056338028175,51.40845070422535,11.267605633802818
E00103244,189,63,21,42,126,108,18,33.33333333333333,11.11111111111111,22.22222222222222,66.66666666666666,57.14285714285714,9.523809523809524
E00103245,142,55,26,29,87,72,15,38.732394366197184,18.30985915492958,20.422535211267608,61.267605633802816,50.70422535211267,10.56338028169014
E00103246,82,24,13,11,58,51,7,29.268292682926827,15.853658536585366,13.414634146341465,70.73170731707317,62.19512195121951,8.536585365853659
E00103247,113,39,15,24,74,56,18,34.51327433628318,13.274336283185843,21.238938053097346,65.48672566371681,49.557522123893804,15.929203539823009
E00103248,108,36,7,29,72,55,17,33.33333333333333,6.481481481481481,26.851851851851855,66.66666666666666,50.92592592592593,15.74074074074074
E00103249,124,45,15,30,79,62,17,36.29032258064516,12.096774193548388,24.193548387096776,63.70967741935484,50,13.709677419354838
E00103250,134,40,10,30,94,84,10,29.850746268656714,7.462686567164178,22.388059701492537,70.1492537313433,62.68656716417911,7.462686567164178
E00103251,148,64,24,40,84,73,11,43.24324324324324,16.216216216216218,27.027027027027028,56.75675675675676,49.32432432432432,7.4324324324324325
E00103252,72,26,12,14,46,41,5,36.11111111111111,16.666666666666664,19.444444444444446,63.888888888888886,56.94444444444444,6.944444444444445
E00103253,106,35,11,24,71,62,9,33.0188679245283,10.377358490566039,22.641509433962266,66.98113207547169,58.490566037735846,8.49056603773585
E00103254,154,57,23,34,97,73,24,37.01298701298701,14.935064935064934,22.07792207792208,62.98701298701299,47.4025974025974,15.584415584415584
E00103255,161,60,21,39,101,79,22,37.267080745341616,13.043478260869565,24.22360248447205,62.732919254658384,49.06832298136646,13.664596273291925
E00103256,148,53,20,33,95,73,22,35.810810810810814,13.513513513513514,22.2972972972973,64.1891891891892,49.32432432432432,14.864864864864865
E00103257,149,62,21,41,87,72,15,41.61073825503356,14.093959731543624,27.516778523489933,58.38926174496645,48.322147651006716,10.06711409395973
E00103258,116,45,19,26,71,55,16,38.793103448275865,16.379310344827587,22.413793103448278,61.206896551724135,47.41379310344828,13.793103448275861
E00103259,132,47,16,31,85,64,21,35.60606060606061,12.121212121212121,23.484848484848484,64.39393939393939,48.484848484848484,15.909090909090908
E00103260,162,53,15,38,109,90,19,32.71604938271605,9.25925925925926,23.456790123456788,67.28395061728395,55.55555555555556,11.728395061728394
E00103261,155,50,25,25,105,87,18,32.25806451612903,16.129032258064516,16.129032258064516,67.74193548387096,56.12903225806451,11.612903225806452
E00103262,174,54,21,33,120,104,16,31.03448275862069,12.068965517241379,18.96551724137931,68.96551724137932,59.77011494252874,9.195402298850574
E00103263,130,43,16,27,87,76,11,33.07692307692307,12.307692307692308,20.76923076923077,66.92307692307692,58.46153846153847,8.461538461538462
E00103264,134,51,20,31,83,72,11,38.059701492537314,14.925373134328357,23.134328358208954,61.940298507462686,53.73134328358209,8.208955223880597
E00103265,141,47,16,31,94,82,12,33.33333333333333,11.347517730496454,21.98581560283688,66.66666666666666,58.156028368794324,8.51063829787234
E00103266,167,62,26,36,105,90,15,37.12574850299401,15.568862275449103,21.55688622754491,62.874251497005986,53.89221556886228,8.982035928143713
E00103267,123,40,13,27,83,68,15,32.52032520325203,10.569105691056912,21.951219512195124,67.47967479674797,55.28455284552846,12.195121951219512
E00103268,159,58,33,25,101,68,33,36.477987421383645,20.754716981132077,15.723270440251572,63.52201257861635,42.76729559748428,20.754716981132077
E00103270,116,50,18,32,66,61,5,43.103448275862064,15.517241379310345,27.586206896551722,56.896551724137936,52.58620689655172,4.310344827586207
E00103271,124,46,23,23,78,68,10,37.096774193548384,18.548387096774192,18.548387096774192,62.903225806451616,54.83870967741935,8.064516129032258
E00103272,153,64,32,32,89,72,17,41.830065359477125,20.915032679738562,20.915032679738562,58.16993464052288,47.05882352941176,11.11111111111111
E00103273,245,87,39,48,158,121,37,35.51020408163265,15.918367346938775,19.591836734693878,64.48979591836735,49.38775510204081,15.10204081632653
E00103274,75,32,17,15,43,29,14,42.66666666666667,22.666666666666664,20,57.333333333333336,38.666666666666664,18.666666666666668
E00103275,85,30,10,20,55,47,8,35.294117647058826,11.76470588235294,23.52941176470588,64.70588235294117,55.294117647058826,9.411764705882353
E00103276,148,51,16,35,97,77,20,34.45945945945946,10.81081081081081,23.64864864864865,65.54054054054053,52.02702702702703,13.513513513513514
E00103277,141,45,6,39,96,80,16,31.914893617021278,4.25531914893617,27.659574468085108,68.08510638297872,56.73758865248227,11.347517730496454
E00103278,184,61,25,36,123,103,20,33.15217391304348,13.586956521739129,19.565217391304348,66.84782608695652,55.97826086956522,10.869565217391305
E00103279,175,61,21,40,114,99,15,34.85714285714286,12,22.857142857142858,65.14285714285715,56.57142857142857,8.571428571428571
E00103280,117,48,21,27,69,59,10,41.02564102564102,17.94871794871795,23.076923076923077,58.97435897435898,50.427350427350426,8.547008547008547
E00103281,208,80,32,48,128,112,16,38.46153846153847,15.384615384615385,23.076923076923077,61.53846153846154,53.84615384615385,7.6923076923076925
E00103282,193,70,22,48,123,109,14,36.26943005181347,11.398963730569948,24.870466321243523,63.730569948186535,56.476683937823836,7.253886010362693
E00103283,169,55,28,27,114,101,13,32.544378698224854,16.56804733727811,15.976331360946746,67.45562130177515,59.76331360946746,7.6923076923076925
E00103284,160,47,13,34,113,95,18,29.375,8.125,21.25,70.625,59.375,11.25
E00103285,176,56,17,39,120,110,10,31.818181818181817,9.659090909090908,22.15909090909091,68.18181818181817,62.5,5.681818181818182
E00103286,137,40,9,31,97,81,16,29.1970802919708,6.569343065693431,22.62773722627737,70.8029197080292,59.12408759124088,11.678832116788321
E00103287,118,26,8,18,92,80,12,22.033898305084744,6.779661016949152,15.254237288135593,77.96610169491525,67.79661016949152,10.16949152542373
E00103288,166,50,21,29,116,95,21,30.120481927710845,12.650602409638553,17.46987951807229,69.87951807228916,57.22891566265061,12.650602409638553
E00103289,219,64,26,38,155,132,23,29.22374429223744,11.87214611872146,17.35159817351598,70.77625570776256,60.273972602739725,10.50228310502283
E00103290,150,49,17,32,101,87,14,32.666666666666664,11.333333333333332,21.333333333333336,67.33333333333333,57.99999999999999,9.333333333333334
E00103291,145,54,20,34,91,78,13,37.24137931034483,13.793103448275861,23.448275862068964,62.758620689655174,53.79310344827586,8.96551724137931
E00103292,169,73,30,43,96,84,12,43.19526627218935,17.75147928994083,25.443786982248522,56.80473372781065,49.70414201183432,7.100591715976331
E00103293,237,73,27,46,164,138,26,30.801687763713083,11.39240506329114,19.40928270042194,69.19831223628692,58.22784810126582,10.970464135021098
E00103294,150,46,10,36,104,84,20,30.666666666666664,6.666666666666667,24,69.33333333333334,56.00000000000001,13.333333333333334
E00103295,141,47,17,30,94,78,16,33.33333333333333,12.056737588652481,21.27659574468085,66.66666666666666,55.319148936170215,11.347517730496454
E00103296,159,61,22,39,98,78,20,38.36477987421384,13.836477987421384,24.528301886792452,61.63522012578616,49.056603773584904,12.578616352201259
E00103297,146,49,15,34,97,84,13,33.56164383561644,10.273972602739725,23.28767123287671,66.43835616438356,57.534246575342465,8.904109589041095
E00103298,99,43,18,25,56,45,11,43.43434343434344,18.181818181818183,25.252525252525253,56.56565656565656,45.45454545454545,11.11111111111111
E00103299,154,56,26,30,98,79,19,36.36363636363637,16.883116883116884,19.480519480519483,63.63636363636363,51.298701298701296,12.337662337662337
E00103300,130,41,11,30,89,70,19,31.538461538461537,8.461538461538462,23.076923076923077,68.46153846153847,53.84615384615385,14.615384615384617
E00103301,117,45,13,32,72,61,11,38.46153846153847,11.11111111111111,27.350427350427353,61.53846153846154,52.13675213675214,9.401709401709402
E00103302,96,32,11,21,64,47,17,33.33333333333333,11.458333333333332,21.875,66.66666666666666,48.95833333333333,17.708333333333336
E00103303,170,66,22,44,104,86,18,38.82352941176471,12.941176470588237,25.882352941176475,61.1764705882353,50.588235294117645,10.588235294117647
E00103304,101,40,14,26,61,53,8,39.603960396039604,13.861386138613863,25.742574257425744,60.396039603960396,52.475247524752476,7.920792079207921
E00103305,124,38,12,26,86,76,10,30.64516129032258,9.67741935483871,20.967741935483872,69.35483870967742,61.29032258064516,8.064516129032258
E00103306,129,44,20,24,85,65,20,34.10852713178294,15.503875968992247,18.6046511627907,65.89147286821705,50.3875968992248,15.503875968992247
E00103307,138,49,22,27,89,70,19,35.507246376811594,15.942028985507244,19.565217391304348,64.4927536231884,50.72463768115942,13.768115942028986
E00103308,167,58,20,38,109,90,19,34.73053892215569,11.976047904191617,22.75449101796407,65.26946107784431,53.89221556886228,11.377245508982035
E00103309,175,62,27,35,113,80,33,35.42857142857142,15.428571428571427,20,64.57142857142857,45.714285714285715,18.857142857142858
E00103310,143,41,12,29,102,81,21,28.671328671328673,8.391608391608392,20.27972027972028,71.32867132867133,56.64335664335665,14.685314685314685
E00103311,137,52,18,34,85,76,9,37.95620437956204,13.138686131386862,24.817518248175183,62.04379562043796,55.47445255474452,6.569343065693431
E00103312,65,22,8,14,43,30,13,33.84615384615385,12.307692307692308,21.53846153846154,66.15384615384615,46.15384615384615,20
E00103313,84,39,16,23,45,35,10,46.42857142857143,19.047619047619047,27.380952380952383,53.57142857142857,41.66666666666667,11.904761904761903
E00103314,202,71,27,44,131,92,39,35.148514851485146,13.366336633663368,21.782178217821784,64.85148514851485,45.54455445544555,19.306930693069308
E00103315,189,70,15,55,119,84,35,37.03703703703704,7.936507936507936,29.100529100529098,62.96296296296296,44.44444444444444,18.51851851851852
E00103316,71,20,7,13,51,44,7,28.169014084507044,9.859154929577464,18.30985915492958,71.83098591549296,61.97183098591549,9.859154929577464
E00103317,105,33,12,21,72,62,10,31.428571428571427,11.428571428571429,20,68.57142857142857,59.04761904761905,9.523809523809524
E00103318,92,29,10,19,63,51,12,31.521739130434785,10.869565217391305,20.652173913043477,68.47826086956522,55.434782608695656,13.043478260869565
E00103319,100,38,7,31,62,48,14,38,7.000000000000001,31,62,48,14.000000000000002
E00103321,107,34,14,20,73,57,16,31.775700934579437,13.084112149532709,18.69158878504673,68.22429906542055,53.271028037383175,14.953271028037381
E00103322,119,44,17,27,75,62,13,36.97478991596639,14.285714285714285,22.689075630252102,63.02521008403361,52.10084033613446,10.92436974789916
E00103323,121,47,20,27,74,64,10,38.84297520661157,16.528925619834713,22.31404958677686,61.15702479338842,52.892561983471076,8.264462809917356
E00103324,133,53,22,31,80,67,13,39.849624060150376,16.541353383458645,23.308270676691727,60.150375939849624,50.37593984962406,9.774436090225564
E00103325,103,38,16,22,65,52,13,36.89320388349515,15.53398058252427,21.35922330097087,63.10679611650486,50.48543689320388,12.62135922330097
E00103326,161,53,17,36,108,91,17,32.91925465838509,10.559006211180124,22.36024844720497,67.08074534161491,56.52173913043478,10.559006211180124
E00103327,9,3,1,2,6,5,1,33.33333333333333,11.11111111111111,22.22222222222222,66.66666666666666,55.55555555555556,11.11111111111111
E00103328,108,40,20,20,68,57,11,37.03703703703704,18.51851851851852,18.51851851851852,62.96296296296296,52.77777777777778,10.185185185185185
E00103329,18,13,5,8,5,4,1,72.22222222222221,27.77777777777778,44.44444444444444,27.77777777777778,22.22222222222222,5.555555555555555
E00103330,92,31,16,15,61,50,11,33.69565217391305,17.391304347826086,16.304347826086957,66.30434782608695,54.347826086956516,11.956521739130435
E00103331,115,44,21,23,71,56,15,38.26086956521739,18.26086956521739,20,61.73913043478261,48.69565217391305,13.043478260869565
E00103332,87,25,9,16,62,47,15,28.735632183908045,10.344827586206897,18.39080459770115,71.26436781609196,54.02298850574713,17.24137931034483
E00103333,108,37,15,22,71,59,12,34.25925925925926,13.88888888888889,20.37037037037037,65.74074074074075,54.629629629629626,11.11111111111111
E00103334,97,41,20,21,56,48,8,42.2680412371134,20.618556701030926,21.649484536082475,57.73195876288659,49.48453608247423,8.24742268041237
E00103335,105,30,5,25,75,65,10,28.57142857142857,4.761904761904762,23.809523809523807,71.42857142857143,61.904761904761905,9.523809523809524
E00103336,75,28,9,19,47,34,13,37.333333333333336,12,25.333333333333336,62.66666666666667,45.33333333333333,17.333333333333336
E00103337,103,24,8,16,79,71,8,23.300970873786408,7.766990291262135,15.53398058252427,76.69902912621359,68.93203883495146,7.766990291262135
E00103338,111,28,10,18,83,73,10,25.225225225225223,9.00900900900901,16.216216216216218,74.77477477477478,65.76576576576578,9.00900900900901
E00103339,101,44,13,31,57,43,14,43.56435643564357,12.871287128712872,30.693069306930692,56.43564356435643,42.57425742574257,13.861386138613863
E00103340,115,37,9,28,78,66,12,32.17391304347826,7.82608695652174,24.347826086956523,67.82608695652173,57.391304347826086,10.434782608695652
E00103341,84,26,5,21,58,51,7,30.952380952380953,5.952380952380952,25,69.04761904761905,60.71428571428571,8.333333333333332
E00103342,143,53,21,32,90,70,20,37.06293706293706,14.685314685314685,22.377622377622377,62.93706293706294,48.95104895104895,13.986013986013987
E00103343,157,55,19,36,102,88,14,35.03184713375796,12.101910828025478,22.929936305732486,64.96815286624204,56.05095541401274,8.9171974522293
E00103344,76,30,8,22,46,32,14,39.473684210526315,10.526315789473683,28.947368421052634,60.526315789473685,42.10526315789473,18.421052631578945
E00103345,196,76,22,54,120,98,22,38.775510204081634,11.224489795918368,27.55102040816326,61.224489795918366,50,11.224489795918368
E00103346,133,50,21,29,83,70,13,37.59398496240601,15.789473684210526,21.804511278195488,62.40601503759399,52.63157894736842,9.774436090225564
E00103347,67,25,7,18,42,39,3,37.3134328358209,10.44776119402985,26.865671641791046,62.68656716417911,58.2089552238806,4.477611940298507
E00103348,70,19,6,13,51,40,11,27.142857142857142,8.571428571428571,18.571428571428573,72.85714285714285,57.14285714285714,15.714285714285714
E00103349,101,33,10,23,68,53,15,32.67326732673268,9.900990099009901,22.772277227722775,67.32673267326733,52.475247524752476,14.85148514851485
E00103350,114,41,21,20,73,67,6,35.96491228070175,18.421052631578945,17.543859649122805,64.03508771929825,58.77192982456141,5.263157894736842
E00103351,88,33,9,24,55,37,18,37.5,10.227272727272728,27.27272727272727,62.5,42.04545454545455,20.454545454545457
E00103352,128,47,18,29,81,55,26,36.71875,14.0625,22.65625,63.28125,42.96875,20.3125
E00103353,92,31,17,14,61,38,23,33.69565217391305,18.478260869565215,15.217391304347828,66.30434782608695,41.30434782608695,25
E00103354,170,61,21,40,109,82,27,35.88235294117647,12.352941176470589,23.52941176470588,64.11764705882354,48.23529411764706,15.88235294117647
E00103355,141,50,13,37,91,70,21,35.46099290780142,9.219858156028367,26.24113475177305,64.53900709219859,49.645390070921984,14.893617021276595
E00103356,145,50,27,23,95,62,33,34.48275862068966,18.620689655172416,15.862068965517242,65.51724137931035,42.758620689655174,22.758620689655174
E00103357,107,42,12,30,65,53,12,39.25233644859813,11.214953271028037,28.037383177570092,60.747663551401864,49.532710280373834,11.214953271028037
E00103358,172,59,19,40,113,81,32,34.30232558139535,11.046511627906977,23.25581395348837,65.69767441860465,47.093023255813954,18.6046511627907
E00103359,64,21,11,10,43,34,9,32.8125,17.1875,15.625,67.1875,53.125,14.0625
E00103360,210,76,41,35,134,102,32,36.19047619047619,19.523809523809526,16.666666666666664,63.8095238095238,48.57142857142857,15.238095238095239
E00103361,168,57,26,31,111,77,34,33.92857142857143,15.476190476190476,18.452380952380953,66.07142857142857,45.83333333333333,20.238095238095237
E00103362,139,51,25,26,88,65,23,36.69064748201439,17.985611510791365,18.705035971223023,63.30935251798561,46.76258992805755,16.546762589928058
E00103363,151,55,23,32,96,71,25,36.423841059602644,15.2317880794702,21.192052980132452,63.576158940397356,47.019867549668874,16.55629139072848
E00103364,176,72,31,41,104,74,30,40.909090909090914,17.613636363636363,23.295454545454543,59.09090909090909,42.04545454545455,17.045454545454543
E00103365,257,90,36,54,167,114,53,35.019455252918284,14.007782101167315,21.011673151750973,64.98054474708171,44.3579766536965,20.622568093385212
E00103366,104,40,15,25,64,58,6,38.46153846153847,14.423076923076922,24.03846153846154,61.53846153846154,55.769230769230774,5.769230769230769
E00103368,149,54,15,39,95,77,18,36.241610738255034,10.06711409395973,26.174496644295303,63.758389261744966,51.67785234899329,12.080536912751679
E00103370,264,87,24,63,177,145,32,32.95454545454545,9.090909090909092,23.863636363636363,67.04545454545455,54.92424242424242,12.121212121212121
E00103371,108,36,16,20,72,57,15,33.33333333333333,14.814814814814813,18.51851851851852,66.66666666666666,52.77777777777778,13.88888888888889
E00103373,122,42,18,24,80,61,19,34.42622950819672,14.754098360655737,19.672131147540984,65.57377049180327,50,15.573770491803279
E00103374,129,43,16,27,86,75,11,33.33333333333333,12.4031007751938,20.930232558139537,66.66666666666666,58.139534883720934,8.527131782945736
E00103375,149,56,27,29,93,76,17,37.58389261744966,18.120805369127517,19.463087248322147,62.41610738255034,51.006711409395976,11.409395973154362
E00103376,30,17,7,10,13,12,1,56.666666666666664,23.333333333333332,33.33333333333333,43.333333333333336,40,3.3333333333333335
E00103377,88,35,8,27,53,45,8,39.77272727272727,9.090909090909092,30.681818181818183,60.22727272727273,51.13636363636363,9.090909090909092
E00103378,155,61,20,41,94,82,12,39.35483870967742,12.903225806451612,26.451612903225808,60.64516129032258,52.903225806451616,7.741935483870968
E00103379,132,53,25,28,79,58,21,40.15151515151515,18.939393939393938,21.21212121212121,59.84848484848485,43.93939393939394,15.909090909090908
E00103380,163,58,17,41,105,90,15,35.58282208588957,10.429447852760736,25.153374233128833,64.41717791411043,55.21472392638037,9.202453987730062
E00103381,175,63,29,34,112,88,24,36,16.57142857142857,19.428571428571427,64,50.28571428571429,13.714285714285715
E00103382,126,45,15,30,81,70,11,35.714285714285715,11.904761904761903,23.809523809523807,64.28571428571429,55.55555555555556,8.73015873015873
E00103383,98,43,15,28,55,49,6,43.87755102040816,15.306122448979592,28.57142857142857,56.12244897959183,50,6.122448979591836
E00103384,109,33,17,16,76,59,17,30.275229357798167,15.59633027522936,14.678899082568808,69.72477064220183,54.12844036697248,15.59633027522936
E00103385,130,38,14,24,92,77,15,29.230769230769234,10.76923076923077,18.461538461538463,70.76923076923077,59.23076923076923,11.538461538461538
E00103386,201,66,26,40,135,106,29,32.83582089552239,12.935323383084576,19.900497512437813,67.16417910447761,52.736318407960205,14.427860696517413
E00103387,69,25,9,16,44,35,9,36.231884057971016,13.043478260869565,23.18840579710145,63.76811594202898,50.72463768115942,13.043478260869565
E00103388,121,45,23,22,76,61,15,37.1900826446281,19.00826446280992,18.181818181818183,62.8099173553719,50.413223140495866,12.396694214876034
E00103389,73,30,11,19,43,31,12,41.0958904109589,15.068493150684931,26.027397260273972,58.9041095890411,42.465753424657535,16.43835616438356
E00103390,163,59,22,37,104,80,24,36.19631901840491,13.496932515337424,22.699386503067483,63.80368098159509,49.079754601226995,14.723926380368098
E00103391,101,37,16,21,64,51,13,36.633663366336634,15.841584158415841,20.792079207920793,63.366336633663366,50.495049504950494,12.871287128712872
E00103392,126,45,17,28,81,62,19,35.714285714285715,13.492063492063492,22.22222222222222,64.28571428571429,49.2063492063492,15.079365079365079
E00103393,128,41,20,21,87,64,23,32.03125,15.625,16.40625,67.96875,50,17.96875
E00103394,93,29,14,15,64,46,18,31.182795698924732,15.053763440860216,16.129032258064516,68.81720430107528,49.46236559139785,19.35483870967742
E00103395,80,33,16,17,47,34,13,41.25,20,21.25,58.75,42.5,16.25
E00103396,135,43,13,30,92,64,28,31.851851851851855,9.62962962962963,22.22222222222222,68.14814814814815,47.40740740740741,20.74074074074074
E00103397,126,36,14,22,90,64,26,28.57142857142857,11.11111111111111,17.46031746031746,71.42857142857143,50.79365079365079,20.634920634920633
E00103398,108,44,21,23,64,56,8,40.74074074074074,19.444444444444446,21.296296296296298,59.25925925925925,51.85185185185185,7.4074074074074066
E00103399,128,41,16,25,87,73,14,32.03125,12.5,19.53125,67.96875,57.03125,10.9375
E00103400,142,57,24,33,85,63,22,40.140845070422536,16.901408450704224,23.239436619718308,59.859154929577464,44.36619718309859,15.492957746478872
E00103401,112,45,28,17,67,48,19,40.17857142857143,25,15.178571428571427,59.82142857142857,42.857142857142854,16.964285714285715
E00103402,151,56,26,30,95,77,18,37.086092715231786,17.218543046357617,19.867549668874172,62.913907284768214,50.993377483443716,11.920529801324504
E00103405,119,44,26,18,75,63,12,36.97478991596639,21.84873949579832,15.126050420168067,63.02521008403361,52.94117647058824,10.084033613445378
E00103406,146,56,25,31,90,71,19,38.35616438356164,17.123287671232877,21.232876712328768,61.64383561643836,48.63013698630137,13.013698630136986
E00103407,136,32,8,24,104,78,26,23.52941176470588,5.88235294117647,17.647058823529413,76.47058823529412,57.35294117647059,19.11764705882353
E00103408,70,26,12,14,44,32,12,37.142857142857146,17.142857142857142,20,62.857142857142854,45.714285714285715,17.142857142857142
E00103409,81,31,14,17,50,35,15,38.2716049382716,17.28395061728395,20.98765432098765,61.72839506172839,43.20987654320987,18.51851851851852
E00103410,96,39,16,23,57,47,10,40.625,16.666666666666664,23.958333333333336,59.375,48.95833333333333,10.416666666666668
E00103411,127,56,23,33,71,53,18,44.09448818897638,18.11023622047244,25.984251968503933,55.90551181102362,41.732283464566926,14.173228346456693
E00103412,108,35,12,23,73,56,17,32.407407407407405,11.11111111111111,21.296296296296298,67.5925925925926,51.85185185185185,15.74074074074074
E00103413,177,49,24,25,128,104,24,27.683615819209038,13.559322033898304,14.124293785310735,72.31638418079096,58.75706214689266,13.559322033898304
E00103414,116,43,12,31,73,59,14,37.06896551724138,10.344827586206897,26.72413793103448,62.93103448275862,50.86206896551724,12.068965517241379
E00103415,126,38,11,27,88,73,15,30.158730158730158,8.73015873015873,21.428571428571427,69.84126984126983,57.936507936507944,11.904761904761903
E00103416,143,49,22,27,94,66,28,34.26573426573427,15.384615384615385,18.88111888111888,65.73426573426573,46.15384615384615,19.58041958041958
E00103417,115,47,18,29,68,59,9,40.869565217391305,15.65217391304348,25.217391304347824,59.130434782608695,51.30434782608696,7.82608695652174
E00103418,111,41,14,27,70,56,14,36.93693693693694,12.612612612612612,24.324324324324326,63.06306306306306,50.45045045045045,12.612612612612612
E00103419,124,51,17,34,73,57,16,41.12903225806452,13.709677419354838,27.419354838709676,58.87096774193549,45.96774193548387,12.903225806451612
E00103420,151,52,19,33,99,86,13,34.437086092715234,12.582781456953644,21.85430463576159,65.56291390728477,56.95364238410596,8.609271523178808
E00103421,153,62,32,30,91,61,30,40.52287581699346,20.915032679738562,19.607843137254903,59.47712418300654,39.869281045751634,19.607843137254903
E00103422,68,18,6,12,50,41,9,26.47058823529412,8.823529411764707,17.647058823529413,73.52941176470588,60.29411764705882,13.23529411764706
E00103423,97,36,16,20,61,56,5,37.11340206185567,16.49484536082474,20.618556701030926,62.88659793814433,57.73195876288659,5.154639175257731
E00103424,70,25,12,13,45,31,14,35.714285714285715,17.142857142857142,18.571428571428573,64.28571428571429,44.285714285714285,20
E00103425,92,35,14,21,57,48,9,38.04347826086957,15.217391304347828,22.82608695652174,61.95652173913043,52.17391304347826,9.782608695652174
E00103426,153,65,23,42,88,68,20,42.48366013071895,15.032679738562091,27.450980392156865,57.51633986928104,44.44444444444444,13.071895424836603
E00103427,167,73,33,40,94,71,23,43.712574850299404,19.760479041916167,23.952095808383234,56.287425149700596,42.51497005988024,13.77245508982036
E00103428,137,47,17,30,90,70,20,34.306569343065696,12.408759124087592,21.897810218978105,65.69343065693431,51.09489051094891,14.5985401459854
E00103429,159,62,25,37,97,83,14,38.9937106918239,15.723270440251572,23.270440251572328,61.0062893081761,52.20125786163522,8.80503144654088
E00103430,144,49,22,27,95,77,18,34.02777777777778,15.277777777777779,18.75,65.97222222222221,53.47222222222222,12.5
E00103431,262,94,35,59,168,151,17,35.87786259541985,13.358778625954198,22.519083969465647,64.12213740458014,57.63358778625955,6.488549618320611
E00103432,94,30,7,23,64,48,16,31.914893617021278,7.446808510638298,24.46808510638298,68.08510638297872,51.06382978723404,17.02127659574468
E00103433,223,74,28,46,149,129,20,33.18385650224215,12.556053811659194,20.62780269058296,66.81614349775785,57.847533632286996,8.968609865470851
E00103434,161,48,25,23,113,86,27,29.81366459627329,15.527950310559005,14.285714285714285,70.1863354037267,53.41614906832298,16.77018633540373
E00103435,147,56,15,41,91,76,15,38.095238095238095,10.204081632653061,27.89115646258503,61.904761904761905,51.70068027210885,10.204081632653061
E00103436,113,46,18,28,67,54,13,40.707964601769916,15.929203539823009,24.778761061946902,59.29203539823009,47.78761061946903,11.504424778761061
E00103437,170,62,21,41,108,72,36,36.470588235294116,12.352941176470589,24.11764705882353,63.52941176470588,42.35294117647059,21.176470588235293
E00103438,175,62,28,34,113,96,17,35.42857142857142,16,19.428571428571427,64.57142857142857,54.85714285714286,9.714285714285714
E00103439,286,74,24,50,212,187,25,25.874125874125873,8.391608391608392,17.482517482517483,74.12587412587412,65.38461538461539,8.741258741258742
E00103440,103,43,15,28,60,43,17,41.74757281553398,14.563106796116504,27.184466019417474,58.252427184466015,41.74757281553398,16.50485436893204
E00103441,126,42,20,22,84,68,16,33.33333333333333,15.873015873015872,17.46031746031746,66.66666666666666,53.96825396825397,12.698412698412698
E00103442,249,84,31,53,165,134,31,33.734939759036145,12.449799196787147,21.285140562248998,66.26506024096386,53.81526104417671,12.449799196787147
E00103443,185,73,26,47,112,94,18,39.45945945945946,14.054054054054054,25.405405405405407,60.54054054054055,50.810810810810814,9.72972972972973
E00103444,157,54,20,34,103,86,17,34.394904458598724,12.738853503184714,21.656050955414013,65.60509554140127,54.77707006369427,10.828025477707007
E00103445,182,52,17,35,130,111,19,28.57142857142857,9.340659340659341,19.230769230769234,71.42857142857143,60.98901098901099,10.43956043956044
E00103446,121,51,22,29,70,49,21,42.14876033057851,18.181818181818183,23.96694214876033,57.85123966942148,40.49586776859504,17.355371900826448
E00103447,155,69,29,40,86,72,14,44.516129032258064,18.70967741935484,25.806451612903224,55.483870967741936,46.45161290322581,9.032258064516128
E00103448,143,39,16,23,104,84,20,27.27272727272727,11.188811188811188,16.083916083916083,72.72727272727273,58.74125874125874,13.986013986013987
E00103449,126,51,19,32,75,66,9,40.476190476190474,15.079365079365079,25.396825396825395,59.523809523809526,52.38095238095239,7.142857142857142
E00103450,99,38,10,28,61,52,9,38.38383838383838,10.1010101010101,28.28282828282828,61.61616161616161,52.52525252525253,9.090909090909092
E00103451,82,39,19,20,43,39,4,47.5609756097561,23.170731707317074,24.390243902439025,52.4390243902439,47.5609756097561,4.878048780487805
E00103452,178,68,29,39,110,92,18,38.20224719101123,16.292134831460675,21.910112359550563,61.79775280898876,51.68539325842697,10.112359550561797
E00103453,185,62,19,43,123,104,19,33.513513513513516,10.27027027027027,23.243243243243246,66.48648648648648,56.21621621621622,10.27027027027027
E00103454,170,48,15,33,122,101,21,28.235294117647058,8.823529411764707,19.411764705882355,71.76470588235294,59.411764705882355,12.352941176470589
E00103455,138,41,18,23,97,81,16,29.71014492753623,13.043478260869565,16.666666666666664,70.28985507246377,58.69565217391305,11.594202898550725
E00103456,118,41,15,26,77,55,22,34.74576271186441,12.711864406779661,22.033898305084744,65.2542372881356,46.61016949152542,18.64406779661017
E00103457,162,44,12,32,118,107,11,27.160493827160494,7.4074074074074066,19.753086419753085,72.8395061728395,66.0493827160494,6.790123456790123
E00103458,170,58,23,35,112,94,18,34.11764705882353,13.529411764705882,20.588235294117645,65.88235294117646,55.294117647058826,10.588235294117647
E00103459,163,44,14,30,119,95,24,26.993865030674847,8.588957055214724,18.404907975460123,73.00613496932516,58.282208588957054,14.723926380368098
E00103460,126,38,17,21,88,72,16,30.158730158730158,13.492063492063492,16.666666666666664,69.84126984126983,57.14285714285714,12.698412698412698
E00103461,97,28,10,18,69,56,13,28.865979381443296,10.309278350515463,18.556701030927837,71.1340206185567,57.73195876288659,13.402061855670103
E00103462,108,34,10,24,74,58,16,31.48148148148148,9.25925925925926,22.22222222222222,68.51851851851852,53.70370370370371,14.814814814814813
E00103463,111,42,21,21,69,55,14,37.83783783783784,18.91891891891892,18.91891891891892,62.16216216216216,49.549549549549546,12.612612612612612
E00103464,158,49,21,28,109,93,16,31.0126582278481,13.291139240506327,17.72151898734177,68.9873417721519,58.86075949367089,10.126582278481013
E00103465,141,40,15,25,101,82,19,28.368794326241137,10.638297872340425,17.73049645390071,71.63120567375887,58.156028368794324,13.47517730496454
E00103466,124,42,17,25,82,65,17,33.87096774193548,13.709677419354838,20.161290322580644,66.12903225806451,52.41935483870967,13.709677419354838
E00103467,88,28,11,17,60,50,10,31.818181818181817,12.5,19.318181818181817,68.18181818181817,56.81818181818182,11.363636363636363
E00103468,162,59,21,38,103,83,20,36.41975308641975,12.962962962962962,23.456790123456788,63.580246913580254,51.23456790123457,12.345679012345679
E00103470,164,52,15,37,112,93,19,31.70731707317073,9.146341463414634,22.5609756097561,68.29268292682927,56.70731707317073,11.585365853658537
E00103471,160,53,23,30,107,96,11,33.125,14.374999999999998,18.75,66.875,60,6.875000000000001
E00103472,179,57,21,36,122,105,17,31.843575418994412,11.731843575418994,20.11173184357542,68.15642458100558,58.659217877094974,9.497206703910614
E00103473,193,70,19,51,123,100,23,36.26943005181347,9.844559585492227,26.42487046632124,63.730569948186535,51.813471502590666,11.917098445595855
E00103474,127,38,17,21,89,74,15,29.92125984251969,13.385826771653544,16.535433070866144,70.07874015748031,58.26771653543307,11.811023622047244
E00103475,120,46,12,34,74,65,9,38.333333333333336,10,28.333333333333332,61.66666666666667,54.166666666666664,7.5
E00103476,108,36,11,25,72,57,15,33.33333333333333,10.185185185185185,23.14814814814815,66.66666666666666,52.77777777777778,13.88888888888889
E00103477,154,43,15,28,111,93,18,27.92207792207792,9.740259740259742,18.181818181818183,72.07792207792207,60.3896103896104,11.688311688311687
E00103478,98,41,25,16,57,45,12,41.83673469387755,25.510204081632654,16.3265306122449,58.16326530612245,45.91836734693878,12.244897959183673
E00103479,161,49,25,24,112,93,19,30.434782608695656,15.527950310559005,14.906832298136646,69.56521739130434,57.7639751552795,11.801242236024844
E00103480,133,37,12,25,96,73,23,27.819548872180448,9.022556390977442,18.796992481203006,72.18045112781954,54.88721804511278,17.293233082706767
E00103481,71,23,10,13,48,33,15,32.3943661971831,14.084507042253522,18.30985915492958,67.6056338028169,46.478873239436616,21.12676056338028
E00103482,102,31,9,22,71,58,13,30.392156862745097,8.823529411764707,21.568627450980394,69.6078431372549,56.86274509803921,12.745098039215685
E00103483,85,26,11,15,59,51,8,30.58823529411765,12.941176470588237,17.647058823529413,69.41176470588235,60,9.411764705882353
E00103484,111,35,12,23,76,66,10,31.53153153153153,10.81081081081081,20.72072072072072,68.46846846846847,59.45945945945946,9.00900900900901
E00103485,133,45,12,33,88,78,10,33.83458646616541,9.022556390977442,24.81203007518797,66.16541353383458,58.64661654135338,7.518796992481203
E00103486,119,43,16,27,76,65,11,36.134453781512605,13.445378151260504,22.689075630252102,63.86554621848739,54.621848739495796,9.243697478991598
E00103487,149,46,12,34,103,82,21,30.87248322147651,8.053691275167784,22.818791946308725,69.12751677852349,55.033557046979865,14.093959731543624
E00103488,144,57,16,41,87,75,12,39.58333333333333,11.11111111111111,28.47222222222222,60.416666666666664,52.083333333333336,8.333333333333332
E00103489,114,43,14,29,71,63,8,37.719298245614034,12.280701754385964,25.438596491228072,62.28070175438597,55.26315789473685,7.017543859649122
E00103490,58,14,6,8,44,40,4,24.137931034482758,10.344827586206897,13.793103448275861,75.86206896551724,68.96551724137932,6.896551724137931
E00103491,42,10,3,7,32,25,7,23.809523809523807,7.142857142857142,16.666666666666664,76.19047619047619,59.523809523809526,16.666666666666664
E00103492,79,24,12,12,55,40,15,30.37974683544304,15.18987341772152,15.18987341772152,69.62025316455697,50.63291139240506,18.9873417721519
E00103493,57,24,7,17,33,27,6,42.10526315789473,12.280701754385964,29.82456140350877,57.89473684210527,47.368421052631575,10.526315789473683
E00103494,130,57,19,38,73,62,11,43.84615384615385,14.615384615384617,29.230769230769234,56.15384615384615,47.69230769230769,8.461538461538462
E00103495,105,43,18,25,62,54,8,40.95238095238095,17.142857142857142,23.809523809523807,59.04761904761905,51.42857142857142,7.6190476190476195
E00103496,143,38,15,23,105,83,22,26.573426573426573,10.48951048951049,16.083916083916083,73.42657342657343,58.04195804195804,15.384615384615385
E00103497,119,49,22,27,70,55,15,41.17647058823529,18.487394957983195,22.689075630252102,58.82352941176471,46.21848739495798,12.605042016806722
E00103498,106,35,17,18,71,58,13,33.0188679245283,16.037735849056602,16.9811320754717,66.98113207547169,54.71698113207547,12.264150943396226
E00103499,92,34,13,21,58,45,13,36.95652173913043,14.130434782608695,22.82608695652174,63.04347826086957,48.91304347826087,14.130434782608695
E00103500,34,13,3,10,21,16,5,38.23529411764706,8.823529411764707,29.411764705882355,61.76470588235294,47.05882352941176,14.705882352941178
E00103502,45,15,5,10,30,25,5,33.33333333333333,11.11111111111111,22.22222222222222,66.66666666666666,55.55555555555556,11.11111111111111
E00103503,89,28,15,13,61,46,15,31.46067415730337,16.853932584269664,14.606741573033707,68.53932584269663,51.68539325842697,16.853932584269664
E00103504,134,46,13,33,88,76,12,34.32835820895522,9.701492537313433,24.62686567164179,65.67164179104478,56.71641791044776,8.955223880597014
E00103505,125,40,12,28,85,70,15,32,9.6,22.400000000000002,68,56.00000000000001,12
E00103506,65,29,10,19,36,22,14,44.61538461538462,15.384615384615385,29.230769230769234,55.38461538461539,33.84615384615385,21.53846153846154
E00103507,114,36,15,21,78,66,12,31.57894736842105,13.157894736842104,18.421052631578945,68.42105263157895,57.89473684210527,10.526315789473683
E00103508,109,40,20,20,69,55,14,36.69724770642202,18.34862385321101,18.34862385321101,63.30275229357798,50.45871559633027,12.844036697247708
E00103509,113,36,9,27,77,71,6,31.858407079646017,7.964601769911504,23.893805309734514,68.14159292035397,62.83185840707964,5.3097345132743365
E00103510,135,44,18,26,91,81,10,32.592592592592595,13.333333333333334,19.25925925925926,67.4074074074074,60,7.4074074074074066
E00103511,123,34,12,22,89,70,19,27.64227642276423,9.75609756097561,17.88617886178862,72.35772357723577,56.91056910569105,15.447154471544716
E00103512,118,43,8,35,75,70,5,36.440677966101696,6.779661016949152,29.66101694915254,63.559322033898304,59.32203389830508,4.23728813559322
E00103513,181,52,23,29,129,107,22,28.7292817679558,12.70718232044199,16.022099447513813,71.27071823204419,59.11602209944752,12.154696132596685
E00103514,108,41,17,24,67,57,10,37.96296296296296,15.74074074074074,22.22222222222222,62.03703703703704,52.77777777777778,9.25925925925926
E00103515,161,55,22,33,106,87,19,34.161490683229815,13.664596273291925,20.496894409937887,65.83850931677019,54.037267080745345,11.801242236024844
E00103516,71,24,9,15,47,41,6,33.80281690140845,12.676056338028168,21.12676056338028,66.19718309859155,57.74647887323944,8.450704225352112
E00103518,101,37,9,28,64,52,12,36.633663366336634,8.91089108910891,27.722772277227726,63.366336633663366,51.48514851485149,11.881188118811881
E00103519,109,39,19,20,70,59,11,35.77981651376147,17.431192660550458,18.34862385321101,64.22018348623854,54.12844036697248,10.091743119266056
E00103520,113,41,21,20,72,62,10,36.283185840707965,18.58407079646018,17.699115044247787,63.716814159292035,54.86725663716814,8.849557522123893
E00103521,108,40,16,24,68,62,6,37.03703703703704,14.814814814814813,22.22222222222222,62.96296296296296,57.407407407407405,5.555555555555555
E00103522,61,28,9,19,33,29,4,45.90163934426229,14.754098360655737,31.147540983606557,54.09836065573771,47.540983606557376,6.557377049180328
E00103523,49,12,2,10,37,30,7,24.489795918367346,4.081632653061225,20.408163265306122,75.51020408163265,61.224489795918366,14.285714285714285
E00103524,126,46,17,29,80,72,8,36.507936507936506,13.492063492063492,23.015873015873016,63.49206349206349,57.14285714285714,6.349206349206349
E00103525,117,39,8,31,78,56,22,33.33333333333333,6.837606837606838,26.495726495726498,66.66666666666666,47.863247863247864,18.803418803418804
E00103526,154,55,22,33,99,81,18,35.714285714285715,14.285714285714285,21.428571428571427,64.28571428571429,52.5974025974026,11.688311688311687
E00103527,123,53,20,33,70,56,14,43.08943089430895,16.260162601626014,26.82926829268293,56.91056910569105,45.52845528455284,11.38211382113821
E00103528,86,32,10,22,54,41,13,37.2093023255814,11.627906976744185,25.581395348837212,62.7906976744186,47.674418604651166,15.11627906976744
E00103529,133,53,23,30,80,51,29,39.849624060150376,17.293233082706767,22.55639097744361,60.150375939849624,38.34586466165413,21.804511278195488
E00103530,185,46,19,27,139,118,21,24.864864864864867,10.27027027027027,14.594594594594595,75.13513513513513,63.78378378378379,11.351351351351353
E00103531,144,52,16,36,92,68,24,36.11111111111111,11.11111111111111,25,63.888888888888886,47.22222222222222,16.666666666666664
E00103532,186,72,20,52,114,99,15,38.70967741935484,10.75268817204301,27.956989247311824,61.29032258064516,53.2258064516129,8.064516129032258
E00103533,148,45,20,25,103,71,32,30.405405405405407,13.513513513513514,16.89189189189189,69.5945945945946,47.97297297297297,21.62162162162162
E00103534,146,60,20,40,86,71,15,41.0958904109589,13.698630136986301,27.397260273972602,58.9041095890411,48.63013698630137,10.273972602739725
E00103535,166,64,22,42,102,77,25,38.55421686746988,13.253012048192772,25.301204819277107,61.44578313253012,46.3855421686747,15.060240963855422
E00103536,179,63,22,41,116,97,19,35.19553072625698,12.290502793296088,22.905027932960895,64.80446927374301,54.18994413407822,10.614525139664805
E00103537,188,54,16,38,134,99,35,28.723404255319153,8.51063829787234,20.212765957446805,71.27659574468085,52.659574468085104,18.617021276595743
E00103538,143,60,23,37,83,65,18,41.95804195804196,16.083916083916083,25.874125874125873,58.04195804195804,45.45454545454545,12.587412587412588
E00103539,91,29,12,17,62,50,12,31.868131868131865,13.186813186813188,18.681318681318682,68.13186813186813,54.94505494505495,13.186813186813188
E00103540,240,90,33,57,150,107,43,37.5,13.750000000000002,23.75,62.5,44.583333333333336,17.916666666666668
E00103541,145,51,19,32,94,78,16,35.172413793103445,13.10344827586207,22.06896551724138,64.82758620689654,53.79310344827586,11.03448275862069
E00103542,155,58,20,38,97,79,18,37.41935483870968,12.903225806451612,24.516129032258064,62.58064516129033,50.967741935483865,11.612903225806452
E00103543,118,41,11,30,77,65,12,34.74576271186441,9.322033898305085,25.423728813559322,65.2542372881356,55.08474576271186,10.16949152542373
E00103544,115,45,18,27,70,62,8,39.130434782608695,15.65217391304348,23.47826086956522,60.86956521739131,53.91304347826087,6.956521739130435
E00103545,127,49,13,36,78,60,18,38.582677165354326,10.236220472440944,28.346456692913385,61.417322834645674,47.24409448818898,14.173228346456693
E00103546,140,49,24,25,91,53,38,35,17.142857142857142,17.857142857142858,65,37.857142857142854,27.142857142857142
E00103547,104,32,13,19,72,63,9,30.76923076923077,12.5,18.269230769230766,69.23076923076923,60.57692307692307,8.653846153846153
E00103548,131,39,11,28,92,73,19,29.770992366412212,8.396946564885496,21.374045801526716,70.22900763358778,55.72519083969466,14.50381679389313
E00103549,107,40,14,26,67,56,11,37.38317757009346,13.084112149532709,24.299065420560748,62.616822429906534,52.336448598130836,10.2803738317757
E00103550,189,58,29,29,131,101,30,30.687830687830687,15.343915343915343,15.343915343915343,69.31216931216932,53.43915343915344,15.873015873015872
E00103551,151,49,15,34,102,89,13,32.450331125827816,9.933774834437086,22.516556291390728,67.54966887417218,58.94039735099338,8.609271523178808
E00103552,157,57,13,44,100,88,12,36.30573248407643,8.280254777070063,28.02547770700637,63.69426751592356,56.05095541401274,7.643312101910828
E00103553,170,41,7,34,129,114,15,24.11764705882353,4.117647058823529,20,75.88235294117646,67.05882352941175,8.823529411764707
E00103554,176,54,19,35,122,100,22,30.681818181818183,10.795454545454545,19.886363636363637,69.31818181818183,56.81818181818182,12.5
E00103555,167,58,26,32,109,93,16,34.73053892215569,15.568862275449103,19.16167664670659,65.26946107784431,55.688622754491014,9.580838323353294
E00103556,98,38,10,28,60,52,8,38.775510204081634,10.204081632653061,28.57142857142857,61.224489795918366,53.06122448979592,8.16326530612245
E00103558,155,65,30,35,90,75,15,41.935483870967744,19.35483870967742,22.58064516129032,58.06451612903226,48.38709677419355,9.67741935483871
E00103559,162,52,21,31,110,93,17,32.098765432098766,12.962962962962962,19.1358024691358,67.90123456790124,57.407407407407405,10.493827160493826
E00103561,149,59,16,43,90,72,18,39.59731543624161,10.738255033557047,28.859060402684566,60.40268456375839,48.322147651006716,12.080536912751679
E00103562,200,66,27,39,134,111,23,33,13.5,19.5,67,55.50000000000001,11.5
E00103563,126,49,17,32,77,69,8,38.88888888888889,13.492063492063492,25.396825396825395,61.111111111111114,54.761904761904766,6.349206349206349
E00103564,112,39,15,24,73,70,3,34.82142857142857,13.392857142857142,21.428571428571427,65.17857142857143,62.5,2.6785714285714284
E00103565,104,27,6,21,77,70,7,25.961538461538463,5.769230769230769,20.192307692307693,74.03846153846155,67.3076923076923,6.730769230769231
E00103566,179,68,28,40,111,93,18,37.988826815642454,15.64245810055866,22.3463687150838,62.01117318435754,51.955307262569825,10.05586592178771
E00103567,65,26,12,14,39,30,9,40,18.461538461538463,21.53846153846154,60,46.15384615384615,13.846153846153847
E00103568,169,52,11,41,117,102,15,30.76923076923077,6.508875739644971,24.2603550295858,69.23076923076923,60.35502958579882,8.875739644970414
E00103569,162,59,23,36,103,80,23,36.41975308641975,14.19753086419753,22.22222222222222,63.580246913580254,49.382716049382715,14.19753086419753
E00103570,107,30,7,23,77,68,9,28.037383177570092,6.5420560747663545,21.49532710280374,71.96261682242991,63.55140186915887,8.411214953271028
E00103571,79,27,5,22,52,48,4,34.177215189873415,6.329113924050633,27.848101265822784,65.82278481012658,60.75949367088608,5.063291139240507
E00103572,170,43,14,29,127,104,23,25.294117647058822,8.235294117647058,17.058823529411764,74.70588235294117,61.1764705882353,13.529411764705882
E00103573,180,63,22,41,117,83,34,35,12.222222222222221,22.77777777777778,65,46.111111111111114,18.88888888888889
E00103574,175,63,29,34,112,97,15,36,16.57142857142857,19.428571428571427,64,55.42857142857143,8.571428571428571
E00103575,160,50,22,28,110,90,20,31.25,13.750000000000002,17.5,68.75,56.25,12.5
E00103576,133,47,14,33,86,74,12,35.338345864661655,10.526315789473683,24.81203007518797,64.66165413533834,55.639097744360896,9.022556390977442
E00103577,167,63,16,47,104,91,13,37.72455089820359,9.580838323353294,28.143712574850298,62.27544910179641,54.49101796407185,7.784431137724551
E00103578,154,65,31,34,89,76,13,42.2077922077922,20.12987012987013,22.07792207792208,57.7922077922078,49.35064935064935,8.441558441558442
E00103579,173,56,20,36,117,97,20,32.369942196531795,11.560693641618498,20.809248554913296,67.63005780346822,56.06936416184971,11.560693641618498
E00103580,124,54,20,34,70,54,16,43.54838709677419,16.129032258064516,27.419354838709676,56.451612903225815,43.54838709677419,12.903225806451612
E00103581,139,51,18,33,88,70,18,36.69064748201439,12.949640287769784,23.741007194244602,63.30935251798561,50.35971223021583,12.949640287769784
E00103582,131,50,24,26,81,66,15,38.16793893129771,18.3206106870229,19.84732824427481,61.832061068702295,50.38167938931297,11.450381679389313
E00103583,164,60,18,42,104,84,20,36.58536585365854,10.975609756097562,25.609756097560975,63.41463414634146,51.21951219512195,12.195121951219512
E00103584,160,59,22,37,101,71,30,36.875,13.750000000000002,23.125,63.125,44.375,18.75
E00103585,98,38,10,28,60,40,20,38.775510204081634,10.204081632653061,28.57142857142857,61.224489795918366,40.816326530612244,20.408163265306122
E00103586,145,54,24,30,91,64,27,37.24137931034483,16.551724137931036,20.689655172413794,62.758620689655174,44.13793103448276,18.620689655172416
E00103587,44,15,8,7,29,17,12,34.090909090909086,18.181818181818183,15.909090909090908,65.9090909090909,38.63636363636363,27.27272727272727
E00103588,57,23,12,11,34,22,12,40.35087719298245,21.052631578947366,19.298245614035086,59.64912280701754,38.59649122807017,21.052631578947366
E00103589,152,48,18,30,104,79,25,31.57894736842105,11.842105263157894,19.736842105263158,68.42105263157895,51.973684210526315,16.447368421052634
E00103590,147,50,22,28,97,82,15,34.01360544217687,14.965986394557824,19.047619047619047,65.98639455782312,55.78231292517006,10.204081632653061
E00103591,101,34,11,23,67,43,24,33.663366336633665,10.891089108910892,22.772277227722775,66.33663366336634,42.57425742574257,23.762376237623762
E00103592,110,44,19,25,66,50,16,40,17.272727272727273,22.727272727272727,60,45.45454545454545,14.545454545454545
E00103593,65,20,9,11,45,34,11,30.76923076923077,13.846153846153847,16.923076923076923,69.23076923076923,52.307692307692314,16.923076923076923
E00103594,148,45,11,34,103,80,23,30.405405405405407,7.4324324324324325,22.972972972972975,69.5945945945946,54.054054054054056,15.54054054054054
E00103595,174,62,29,33,112,87,25,35.63218390804598,16.666666666666664,18.96551724137931,64.36781609195403,50,14.367816091954023
E00103596,77,35,16,19,42,29,13,45.45454545454545,20.77922077922078,24.675324675324674,54.54545454545454,37.66233766233766,16.883116883116884
E00103597,87,34,13,21,53,43,10,39.08045977011494,14.942528735632186,24.137931034482758,60.91954022988506,49.42528735632184,11.494252873563218
E00103598,168,61,25,36,107,78,29,36.30952380952381,14.880952380952381,21.428571428571427,63.69047619047619,46.42857142857143,17.261904761904763
E00103599,150,44,19,25,106,80,26,29.333333333333332,12.666666666666668,16.666666666666664,70.66666666666667,53.333333333333336,17.333333333333336
E00103600,173,60,20,40,113,87,26,34.68208092485549,11.560693641618498,23.121387283236995,65.3179190751445,50.28901734104046,15.028901734104046
E00103601,119,39,12,27,80,56,24,32.773109243697476,10.084033613445378,22.689075630252102,67.22689075630252,47.05882352941176,20.168067226890756
E00103602,141,48,14,34,93,72,21,34.04255319148936,9.929078014184398,24.113475177304963,65.95744680851064,51.06382978723404,14.893617021276595
E00103603,172,60,15,45,112,92,20,34.883720930232556,8.720930232558139,26.16279069767442,65.11627906976744,53.48837209302325,11.627906976744185
E00103604,95,28,13,15,67,59,8,29.47368421052631,13.684210526315791,15.789473684210526,70.52631578947368,62.10526315789474,8.421052631578947
E00103605,106,42,17,25,64,49,15,39.62264150943396,16.037735849056602,23.58490566037736,60.37735849056604,46.22641509433962,14.150943396226415
E00103606,169,39,18,21,130,114,16,23.076923076923077,10.650887573964498,12.42603550295858,76.92307692307693,67.45562130177515,9.467455621301776
E00103608,118,37,14,23,81,68,13,31.35593220338983,11.864406779661017,19.491525423728813,68.64406779661016,57.6271186440678,11.016949152542372
E00103609,202,53,13,40,149,125,24,26.237623762376238,6.435643564356436,19.801980198019802,73.76237623762376,61.88118811881188,11.881188118811881
E00103610,99,34,18,16,65,44,21,34.34343434343434,18.181818181818183,16.161616161616163,65.65656565656566,44.44444444444444,21.21212121212121
E00103611,135,38,6,32,97,67,30,28.14814814814815,4.444444444444445,23.703703703703706,71.85185185185186,49.629629629629626,22.22222222222222
E00103612,90,27,16,11,63,51,12,30,17.77777777777778,12.222222222222221,70,56.666666666666664,13.333333333333334
E00103613,107,31,15,16,76,60,16,28.971962616822427,14.018691588785046,14.953271028037381,71.02803738317756,56.074766355140184,14.953271028037381
E00103614,187,64,27,37,123,105,18,34.22459893048128,14.43850267379679,19.786096256684495,65.77540106951871,56.14973262032086,9.62566844919786
E00103615,99,39,17,22,60,40,20,39.39393939393939,17.17171717171717,22.22222222222222,60.60606060606061,40.4040404040404,20.2020202020202
E00103616,136,54,22,32,82,61,21,39.705882352941174,16.176470588235293,23.52941176470588,60.29411764705882,44.85294117647059,15.441176470588236
E00103617,151,45,21,24,106,73,33,29.80132450331126,13.90728476821192,15.894039735099339,70.19867549668875,48.34437086092716,21.85430463576159
E00103619,164,66,26,40,98,77,21,40.243902439024396,15.853658536585366,24.390243902439025,59.756097560975604,46.95121951219512,12.804878048780488
E00103620,180,52,21,31,128,111,17,28.888888888888886,11.666666666666666,17.22222222222222,71.11111111111111,61.66666666666667,9.444444444444445
E00103621,138,53,22,31,85,63,22,38.405797101449274,15.942028985507244,22.463768115942027,61.59420289855072,45.65217391304348,15.942028985507244
E00103622,170,60,21,39,110,82,28,35.294117647058826,12.352941176470589,22.941176470588236,64.70588235294117,48.23529411764706,16.470588235294116
E00103623,128,41,20,21,87,74,13,32.03125,15.625,16.40625,67.96875,57.8125,10.15625
E00103624,169,50,18,32,119,98,21,29.585798816568047,10.650887573964498,18.93491124260355,70.41420118343196,57.98816568047337,12.42603550295858
E00103625,76,21,9,12,55,43,12,27.631578947368425,11.842105263157894,15.789473684210526,72.36842105263158,56.57894736842105,15.789473684210526
E00103626,75,26,7,19,49,42,7,34.66666666666667,9.333333333333334,25.333333333333336,65.33333333333333,56.00000000000001,9.333333333333334
E00103627,85,31,9,22,54,49,5,36.470588235294116,10.588235294117647,25.882352941176475,63.52941176470588,57.647058823529406,5.88235294117647
E00103628,104,40,18,22,64,48,16,38.46153846153847,17.307692307692307,21.153846153846153,61.53846153846154,46.15384615384615,15.384615384615385
E00103629,114,32,8,24,82,69,13,28.07017543859649,7.017543859649122,21.052631578947366,71.9298245614035,60.526315789473685,11.403508771929824
E00103630,83,28,17,11,55,46,9,33.734939759036145,20.481927710843372,13.253012048192772,66.26506024096386,55.42168674698795,10.843373493975903
E00103631,65,21,8,13,44,37,7,32.30769230769231,12.307692307692308,20,67.6923076923077,56.92307692307692,10.76923076923077
E00103632,105,39,19,20,66,53,13,37.142857142857146,18.095238095238095,19.047619047619047,62.857142857142854,50.476190476190474,12.380952380952381
E00103633,147,50,15,35,97,76,21,34.01360544217687,10.204081632653061,23.809523809523807,65.98639455782312,51.70068027210885,14.285714285714285
E00103634,145,50,28,22,95,72,23,34.48275862068966,19.310344827586206,15.172413793103448,65.51724137931035,49.6551724137931,15.862068965517242
E00103635,150,44,22,22,106,79,27,29.333333333333332,14.666666666666666,14.666666666666666,70.66666666666667,52.666666666666664,18
E00103636,89,33,15,18,56,34,22,37.07865168539326,16.853932584269664,20.224719101123593,62.92134831460674,38.20224719101123,24.719101123595504
E00103637,141,50,22,28,91,63,28,35.46099290780142,15.602836879432624,19.858156028368796,64.53900709219859,44.680851063829785,19.858156028368796
E00103638,75,29,14,15,46,27,19,38.666666666666664,18.666666666666668,20,61.33333333333333,36,25.333333333333336
E00103639,66,26,12,14,40,31,9,39.39393939393939,18.181818181818183,21.21212121212121,60.60606060606061,46.96969696969697,13.636363636363635
E00103640,112,41,13,28,71,49,22,36.607142857142854,11.607142857142858,25,63.39285714285714,43.75,19.642857142857142
E00103641,124,49,23,26,75,60,15,39.516129032258064,18.548387096774192,20.967741935483872,60.483870967741936,48.38709677419355,12.096774193548388
E00103642,127,47,23,24,80,58,22,37.00787401574803,18.11023622047244,18.89763779527559,62.99212598425197,45.66929133858268,17.322834645669293
E00103643,133,57,24,33,76,56,20,42.857142857142854,18.045112781954884,24.81203007518797,57.14285714285714,42.10526315789473,15.037593984962406
E00103644,92,31,15,16,61,39,22,33.69565217391305,16.304347826086957,17.391304347826086,66.30434782608695,42.391304347826086,23.91304347826087
E00103645,128,49,24,25,79,65,14,38.28125,18.75,19.53125,61.71875,50.78125,10.9375
E00103646,196,73,18,55,123,103,20,37.244897959183675,9.183673469387756,28.061224489795915,62.755102040816325,52.55102040816326,10.204081632653061
E00103647,226,64,31,33,162,133,29,28.31858407079646,13.716814159292035,14.601769911504425,71.68141592920354,58.849557522123895,12.831858407079647
E00103648,147,56,25,31,91,60,31,38.095238095238095,17.006802721088434,21.08843537414966,61.904761904761905,40.816326530612244,21.08843537414966
E00103649,149,48,13,35,101,86,15,32.21476510067114,8.724832214765101,23.48993288590604,67.78523489932886,57.71812080536913,10.06711409395973
E00103650,155,59,22,37,96,84,12,38.064516129032256,14.193548387096774,23.870967741935484,61.935483870967744,54.19354838709678,7.741935483870968
E00103654,195,58,21,37,137,119,18,29.743589743589745,10.76923076923077,18.974358974358974,70.25641025641025,61.02564102564103,9.230769230769232
E00103655,122,38,14,24,84,72,12,31.147540983606557,11.475409836065573,19.672131147540984,68.85245901639344,59.01639344262295,9.836065573770492
E00103656,191,66,24,42,125,76,49,34.55497382198953,12.56544502617801,21.98952879581152,65.44502617801047,39.79057591623037,25.654450261780106
E00103657,156,48,20,28,108,75,33,30.76923076923077,12.82051282051282,17.94871794871795,69.23076923076923,48.07692307692308,21.153846153846153
E00103658,130,40,14,26,90,76,14,30.76923076923077,10.76923076923077,20,69.23076923076923,58.46153846153847,10.76923076923077
E00103659,149,56,23,33,93,77,16,37.58389261744966,15.436241610738255,22.14765100671141,62.41610738255034,51.67785234899329,10.738255033557047
E00103660,174,57,14,43,117,95,22,32.758620689655174,8.045977011494253,24.71264367816092,67.24137931034483,54.59770114942529,12.643678160919542
E00103661,60,26,10,16,34,25,9,43.333333333333336,16.666666666666664,26.666666666666668,56.666666666666664,41.66666666666667,15
E00103662,264,82,25,57,182,159,23,31.060606060606062,9.469696969696969,21.59090909090909,68.93939393939394,60.22727272727273,8.712121212121213
E00103664,123,49,18,31,74,64,10,39.83739837398374,14.634146341463413,25.203252032520325,60.16260162601627,52.03252032520326,8.130081300813007
E00103665,123,35,11,24,88,67,21,28.455284552845526,8.94308943089431,19.51219512195122,71.54471544715447,54.47154471544715,17.073170731707318
E00103666,132,40,14,26,92,72,20,30.303030303030305,10.606060606060606,19.696969696969695,69.6969696969697,54.54545454545454,15.151515151515152
E00103667,85,28,13,15,57,38,19,32.94117647058823,15.294117647058824,17.647058823529413,67.05882352941175,44.70588235294118,22.35294117647059
E00103668,100,31,16,15,69,59,10,31,16,15,69,59,10
E00103669,137,50,23,27,87,63,24,36.496350364963504,16.78832116788321,19.708029197080293,63.503649635036496,45.98540145985402,17.51824817518248
E00103670,173,57,23,34,116,90,26,32.947976878612714,13.294797687861271,19.653179190751445,67.05202312138728,52.02312138728323,15.028901734104046
E00103671,91,30,19,11,61,56,5,32.967032967032964,20.87912087912088,12.087912087912088,67.03296703296702,61.53846153846154,5.4945054945054945
E00103672,78,21,6,15,57,47,10,26.923076923076923,7.6923076923076925,19.230769230769234,73.07692307692307,60.256410256410255,12.82051282051282
E00103673,190,44,14,30,146,130,16,23.157894736842106,7.368421052631578,15.789473684210526,76.84210526315789,68.42105263157895,8.421052631578947
E00103674,113,44,18,26,69,57,12,38.93805309734513,15.929203539823009,23.008849557522122,61.06194690265486,50.442477876106196,10.619469026548673
E00103675,176,59,25,34,117,105,12,33.52272727272727,14.204545454545455,19.318181818181817,66.47727272727273,59.65909090909091,6.8181818181818175
E00103676,101,43,17,26,58,47,11,42.57425742574257,16.831683168316832,25.742574257425744,57.42574257425742,46.53465346534654,10.891089108910892
E00103677,170,41,10,31,129,106,23,24.11764705882353,5.88235294117647,18.235294117647058,75.88235294117646,62.35294117647059,13.529411764705882
E00103679,210,66,15,51,144,124,20,31.428571428571427,7.142857142857142,24.285714285714285,68.57142857142857,59.04761904761905,9.523809523809524
E00103680,168,47,19,28,121,105,16,27.976190476190478,11.30952380952381,16.666666666666664,72.02380952380952,62.5,9.523809523809524
E00103682,131,42,11,31,89,72,17,32.06106870229007,8.396946564885496,23.66412213740458,67.93893129770993,54.961832061068705,12.977099236641221
E00103683,159,42,11,31,117,104,13,26.41509433962264,6.918238993710692,19.49685534591195,73.58490566037736,65.40880503144653,8.176100628930817
E00103684,215,55,13,42,160,135,25,25.581395348837212,6.046511627906977,19.53488372093023,74.4186046511628,62.7906976744186,11.627906976744185
E00103685,133,37,11,26,96,83,13,27.819548872180448,8.270676691729323,19.548872180451127,72.18045112781954,62.40601503759399,9.774436090225564
E00103686,121,32,11,21,89,77,12,26.446280991735538,9.090909090909092,17.355371900826448,73.55371900826447,63.63636363636363,9.917355371900827
E00103687,177,54,15,39,123,105,18,30.508474576271187,8.47457627118644,22.033898305084744,69.49152542372882,59.32203389830508,10.16949152542373
E00103688,107,37,21,16,70,58,12,34.57943925233645,19.626168224299064,14.953271028037381,65.42056074766354,54.20560747663551,11.214953271028037
E00103689,132,48,16,32,84,71,13,36.36363636363637,12.121212121212121,24.242424242424242,63.63636363636363,53.78787878787878,9.848484848484848
E00103690,79,37,10,27,42,35,7,46.835443037974684,12.658227848101266,34.177215189873415,53.16455696202531,44.303797468354425,8.860759493670885
E00103691,134,44,12,32,90,76,14,32.83582089552239,8.955223880597014,23.88059701492537,67.16417910447761,56.71641791044776,10.44776119402985
E00103692,61,19,7,12,42,32,10,31.147540983606557,11.475409836065573,19.672131147540984,68.85245901639344,52.459016393442624,16.39344262295082
E00103693,84,24,9,15,60,45,15,28.57142857142857,10.714285714285714,17.857142857142858,71.42857142857143,53.57142857142857,17.857142857142858
E00103694,113,49,21,28,64,54,10,43.36283185840708,18.58407079646018,24.778761061946902,56.63716814159292,47.78761061946903,8.849557522123893
E00103695,93,32,12,20,61,46,15,34.40860215053764,12.903225806451612,21.50537634408602,65.59139784946237,49.46236559139785,16.129032258064516
E00103696,101,33,10,23,68,46,22,32.67326732673268,9.900990099009901,22.772277227722775,67.32673267326733,45.54455445544555,21.782178217821784
E00103697,117,39,12,27,78,63,15,33.33333333333333,10.256410256410255,23.076923076923077,66.66666666666666,53.84615384615385,12.82051282051282
E00103699,81,33,18,15,48,38,10,40.74074074074074,22.22222222222222,18.51851851851852,59.25925925925925,46.913580246913575,12.345679012345679
E00103700,156,48,24,24,108,89,19,30.76923076923077,15.384615384615385,15.384615384615385,69.23076923076923,57.05128205128205,12.179487179487179
E00103701,235,76,37,39,159,129,30,32.340425531914896,15.74468085106383,16.595744680851062,67.65957446808511,54.8936170212766,12.76595744680851
E00103702,138,45,14,31,93,80,13,32.608695652173914,10.144927536231885,22.463768115942027,67.3913043478261,57.971014492753625,9.420289855072465
E00103703,163,53,20,33,110,90,20,32.515337423312886,12.269938650306749,20.245398773006134,67.48466257668711,55.21472392638037,12.269938650306749
E00103705,114,37,11,26,77,62,15,32.45614035087719,9.649122807017543,22.807017543859647,67.54385964912281,54.385964912280706,13.157894736842104
E00103706,181,35,11,24,146,124,22,19.337016574585636,6.077348066298343,13.259668508287293,80.66298342541437,68.50828729281768,12.154696132596685
E00103707,100,38,13,25,62,48,14,38,13,25,62,48,14.000000000000002
E00103708,133,45,15,30,88,67,21,33.83458646616541,11.278195488721805,22.55639097744361,66.16541353383458,50.37593984962406,15.789473684210526
E00103710,104,41,16,25,63,44,19,39.42307692307692,15.384615384615385,24.03846153846154,60.57692307692307,42.30769230769231,18.269230769230766
E00103711,117,39,18,21,78,63,15,33.33333333333333,15.384615384615385,17.94871794871795,66.66666666666666,53.84615384615385,12.82051282051282
E00103712,172,62,37,25,110,77,33,36.04651162790697,21.511627906976745,14.534883720930234,63.95348837209303,44.76744186046512,19.186046511627907
E00103713,138,55,20,35,83,63,20,39.85507246376812,14.492753623188406,25.36231884057971,60.14492753623188,45.65217391304348,14.492753623188406
E00103714,101,31,14,17,70,55,15,30.693069306930692,13.861386138613863,16.831683168316832,69.3069306930693,54.45544554455446,14.85148514851485
E00103716,116,31,13,18,85,66,19,26.72413793103448,11.206896551724139,15.517241379310345,73.27586206896551,56.896551724137936,16.379310344827587
E00103717,165,46,9,37,119,87,32,27.878787878787882,5.454545454545454,22.424242424242426,72.12121212121212,52.72727272727272,19.393939393939394
E00103719,552,63,22,41,489,286,203,11.41304347826087,3.985507246376811,7.427536231884058,88.58695652173914,51.81159420289855,36.775362318840585
E00103720,145,42,9,33,103,81,22,28.965517241379313,6.206896551724138,22.758620689655174,71.03448275862068,55.86206896551724,15.172413793103448
E00103721,149,30,15,15,119,105,14,20.13422818791946,10.06711409395973,10.06711409395973,79.86577181208054,70.46979865771812,9.395973154362416
E00103722,86,25,9,16,61,42,19,29.069767441860467,10.465116279069768,18.6046511627907,70.93023255813954,48.837209302325576,22.093023255813954
E00103724,138,54,25,29,84,67,17,39.130434782608695,18.115942028985508,21.014492753623188,60.86956521739131,48.55072463768116,12.318840579710146
E00103725,115,41,15,26,74,52,22,35.65217391304348,13.043478260869565,22.608695652173914,64.34782608695652,45.21739130434783,19.130434782608695
E00103726,133,63,20,43,70,53,17,47.368421052631575,15.037593984962406,32.33082706766917,52.63157894736842,39.849624060150376,12.781954887218044
E00103727,138,51,27,24,87,68,19,36.95652173913043,19.565217391304348,17.391304347826086,63.04347826086957,49.275362318840585,13.768115942028986
E00103728,63,25,13,12,38,28,10,39.682539682539684,20.634920634920633,19.047619047619047,60.317460317460316,44.44444444444444,15.873015873015872
E00103730,132,49,20,29,83,58,25,37.121212121212125,15.151515151515152,21.96969696969697,62.878787878787875,43.93939393939394,18.939393939393938
E00103731,208,67,31,36,141,120,21,32.21153846153847,14.903846153846153,17.307692307692307,67.78846153846155,57.692307692307686,10.096153846153847
E00103732,130,48,15,33,82,73,9,36.92307692307693,11.538461538461538,25.384615384615383,63.07692307692307,56.15384615384615,6.923076923076923
E00103733,102,41,15,26,61,47,14,40.19607843137255,14.705882352941178,25.49019607843137,59.80392156862745,46.07843137254902,13.725490196078432
E00103734,105,44,16,28,61,50,11,41.904761904761905,15.238095238095239,26.666666666666668,58.0952380952381,47.61904761904761,10.476190476190476
E00103735,77,25,12,13,52,42,10,32.467532467532465,15.584415584415584,16.883116883116884,67.53246753246754,54.54545454545454,12.987012987012985
E00103736,154,46,11,35,108,93,15,29.87012987012987,7.142857142857142,22.727272727272727,70.12987012987013,60.3896103896104,9.740259740259742
E00103737,84,26,4,22,58,43,15,30.952380952380953,4.761904761904762,26.190476190476193,69.04761904761905,51.19047619047619,17.857142857142858
E00103738,152,55,19,36,97,76,21,36.18421052631579,12.5,23.684210526315788,63.81578947368421,50,13.815789473684212
E00103739,159,60,25,35,99,82,17,37.735849056603776,15.723270440251572,22.0125786163522,62.264150943396224,51.57232704402516,10.69182389937107
E00103740,116,41,18,23,75,60,15,35.3448275862069,15.517241379310345,19.82758620689655,64.65517241379311,51.724137931034484,12.931034482758621
E00103741,133,38,17,21,95,80,15,28.57142857142857,12.781954887218044,15.789473684210526,71.42857142857143,60.150375939849624,11.278195488721805
E00103742,109,31,12,19,78,67,11,28.440366972477065,11.009174311926607,17.431192660550458,71.55963302752293,61.46788990825688,10.091743119266056
E00103743,104,30,13,17,74,59,15,28.846153846153843,12.5,16.346153846153847,71.15384615384616,56.730769230769226,14.423076923076922
E00103744,146,47,22,25,99,81,18,32.19178082191781,15.068493150684931,17.123287671232877,67.8082191780822,55.47945205479452,12.32876712328767
E00103745,207,73,25,48,134,101,33,35.26570048309179,12.077294685990339,23.18840579710145,64.73429951690821,48.792270531400966,15.942028985507244
E00103746,87,19,2,17,68,54,14,21.839080459770116,2.2988505747126435,19.54022988505747,78.16091954022988,62.06896551724138,16.091954022988507
E00103747,165,58,23,35,107,90,17,35.15151515151515,13.939393939393941,21.21212121212121,64.84848484848484,54.54545454545454,10.303030303030303
E00103748,105,26,15,11,79,69,10,24.761904761904763,14.285714285714285,10.476190476190476,75.23809523809524,65.71428571428571,9.523809523809524
E00103749,102,33,11,22,69,51,18,32.35294117647059,10.784313725490197,21.568627450980394,67.64705882352942,50,17.647058823529413
E00103750,101,47,20,27,54,48,6,46.53465346534654,19.801980198019802,26.732673267326735,53.46534653465347,47.524752475247524,5.9405940594059405
E00103751,67,27,10,17,40,31,9,40.298507462686565,14.925373134328357,25.37313432835821,59.70149253731343,46.26865671641791,13.432835820895523
E00103752,61,23,6,17,38,30,8,37.704918032786885,9.836065573770492,27.86885245901639,62.295081967213115,49.18032786885246,13.114754098360656
E00103753,217,77,31,46,140,97,43,35.483870967741936,14.285714285714285,21.19815668202765,64.51612903225806,44.70046082949309,19.81566820276498
E00103754,117,41,13,28,76,50,26,35.04273504273504,11.11111111111111,23.931623931623932,64.95726495726495,42.73504273504273,22.22222222222222
E00103755,97,35,19,16,62,47,15,36.08247422680412,19.587628865979383,16.49484536082474,63.91752577319587,48.45360824742268,15.463917525773196
E00103756,128,51,27,24,77,62,15,39.84375,21.09375,18.75,60.15625,48.4375,11.71875
E00103757,151,66,26,40,85,68,17,43.70860927152318,17.218543046357617,26.490066225165563,56.29139072847682,45.033112582781456,11.258278145695364
E00103758,112,38,18,20,74,63,11,33.92857142857143,16.071428571428573,17.857142857142858,66.07142857142857,56.25,9.821428571428571
E00103759,89,46,21,25,43,34,9,51.68539325842697,23.595505617977526,28.08988764044944,48.31460674157304,38.20224719101123,10.112359550561797
E00103760,88,37,16,21,51,39,12,42.04545454545455,18.181818181818183,23.863636363636363,57.95454545454546,44.31818181818182,13.636363636363635
E00103761,142,53,12,41,89,58,31,37.32394366197183,8.450704225352112,28.87323943661972,62.676056338028175,40.845070422535215,21.830985915492956
E00103762,117,40,12,28,77,55,22,34.18803418803419,10.256410256410255,23.931623931623932,65.8119658119658,47.008547008547005,18.803418803418804
E00103763,106,40,18,22,66,55,11,37.735849056603776,16.9811320754717,20.754716981132077,62.264150943396224,51.886792452830186,10.377358490566039
E00103764,133,53,24,29,80,63,17,39.849624060150376,18.045112781954884,21.804511278195488,60.150375939849624,47.368421052631575,12.781954887218044
E00103765,102,49,22,27,53,43,10,48.03921568627451,21.568627450980394,26.47058823529412,51.9607843137255,42.15686274509804,9.803921568627452
E00103766,112,50,22,28,62,49,13,44.642857142857146,19.642857142857142,25,55.35714285714286,43.75,11.607142857142858
E00103767,162,57,25,32,105,78,27,35.18518518518518,15.432098765432098,19.753086419753085,64.81481481481481,48.148148148148145,16.666666666666664
E00103768,126,50,18,32,76,64,12,39.682539682539684,14.285714285714285,25.396825396825395,60.317460317460316,50.79365079365079,9.523809523809524
E00103769,97,28,11,17,69,55,14,28.865979381443296,11.34020618556701,17.525773195876287,71.1340206185567,56.70103092783505,14.432989690721648
E00103770,142,59,19,40,83,72,11,41.54929577464789,13.380281690140844,28.169014084507044,58.45070422535211,50.70422535211267,7.746478873239436
E00103771,223,80,29,51,143,119,24,35.874439461883405,13.004484304932735,22.869955156950674,64.12556053811659,53.36322869955157,10.762331838565023
E00103772,117,27,11,16,90,75,15,23.076923076923077,9.401709401709402,13.675213675213676,76.92307692307693,64.1025641025641,12.82051282051282
E00103773,105,47,19,28,58,47,11,44.761904761904766,18.095238095238095,26.666666666666668,55.23809523809524,44.761904761904766,10.476190476190476
E00103774,112,44,16,28,68,57,11,39.285714285714285,14.285714285714285,25,60.71428571428571,50.89285714285714,9.821428571428571
E00103775,48,16,5,11,32,25,7,33.33333333333333,10.416666666666668,22.916666666666664,66.66666666666666,52.083333333333336,14.583333333333334
E00103776,178,53,18,35,125,110,15,29.775280898876407,10.112359550561797,19.662921348314608,70.2247191011236,61.79775280898876,8.426966292134832
E00103777,157,56,25,31,101,79,22,35.6687898089172,15.92356687898089,19.745222929936308,64.3312101910828,50.318471337579616,14.012738853503185
E00103778,107,42,10,32,65,49,16,39.25233644859813,9.345794392523365,29.906542056074763,60.747663551401864,45.794392523364486,14.953271028037381
E00103779,184,71,24,47,113,86,27,38.58695652173913,13.043478260869565,25.543478260869566,61.41304347826087,46.73913043478261,14.673913043478262
E00103780,159,65,32,33,94,76,18,40.88050314465409,20.125786163522015,20.754716981132077,59.11949685534591,47.79874213836478,11.320754716981133
E00103781,71,32,10,22,39,34,5,45.07042253521127,14.084507042253522,30.985915492957744,54.929577464788736,47.88732394366197,7.042253521126761
E00103782,178,51,13,38,127,116,11,28.651685393258425,7.303370786516854,21.34831460674157,71.34831460674157,65.1685393258427,6.179775280898876
E00103783,257,81,26,55,176,157,19,31.517509727626457,10.116731517509727,21.40077821011673,68.48249027237354,61.08949416342413,7.392996108949417
E00103784,127,37,13,24,90,77,13,29.133858267716533,10.236220472440944,18.89763779527559,70.86614173228347,60.629921259842526,10.236220472440944
E00103785,171,48,17,31,123,108,15,28.07017543859649,9.941520467836257,18.128654970760234,71.9298245614035,63.1578947368421,8.771929824561402
E00103786,187,63,23,40,124,110,14,33.68983957219251,12.299465240641712,21.390374331550802,66.31016042780749,58.82352941176471,7.4866310160427805
E00103787,185,79,24,55,106,95,11,42.7027027027027,12.972972972972974,29.72972972972973,57.2972972972973,51.35135135135135,5.9459459459459465
E00103788,118,38,11,27,80,70,10,32.20338983050847,9.322033898305085,22.88135593220339,67.79661016949152,59.32203389830508,8.47457627118644
E00103789,110,39,12,27,71,58,13,35.45454545454545,10.909090909090908,24.545454545454547,64.54545454545455,52.72727272727272,11.818181818181818
E00103790,156,52,16,36,104,91,13,33.33333333333333,10.256410256410255,23.076923076923077,66.66666666666666,58.333333333333336,8.333333333333332
E00103791,130,43,10,33,87,78,9,33.07692307692307,7.6923076923076925,25.384615384615383,66.92307692307692,60,6.923076923076923
E00103792,112,48,14,34,64,53,11,42.857142857142854,12.5,30.357142857142854,57.14285714285714,47.32142857142857,9.821428571428571
E00103793,154,49,16,33,105,92,13,31.818181818181817,10.38961038961039,21.428571428571427,68.18181818181817,59.74025974025974,8.441558441558442
E00103794,167,34,13,21,133,117,16,20.359281437125748,7.784431137724551,12.574850299401197,79.64071856287424,70.05988023952095,9.580838323353294
E00103795,121,40,13,27,81,64,17,33.057851239669425,10.743801652892563,22.31404958677686,66.94214876033058,52.892561983471076,14.049586776859504
E00103796,193,76,20,56,117,93,24,39.37823834196891,10.362694300518134,29.015544041450774,60.62176165803109,48.18652849740933,12.435233160621761
E00103797,105,44,16,28,61,50,11,41.904761904761905,15.238095238095239,26.666666666666668,58.0952380952381,47.61904761904761,10.476190476190476
E00103798,168,55,20,35,113,98,15,32.73809523809524,11.904761904761903,20.833333333333336,67.26190476190477,58.333333333333336,8.928571428571429
E00103799,173,83,41,42,90,66,24,47.97687861271676,23.699421965317917,24.277456647398843,52.02312138728323,38.15028901734104,13.872832369942195
E00103800,129,38,21,17,91,69,22,29.457364341085274,16.27906976744186,13.178294573643413,70.54263565891473,53.48837209302325,17.05426356589147
E00103801,158,41,15,26,117,97,20,25.949367088607595,9.49367088607595,16.455696202531644,74.0506329113924,61.39240506329114,12.658227848101266
E00103802,132,37,15,22,95,86,9,28.030303030303028,11.363636363636363,16.666666666666664,71.96969696969697,65.15151515151516,6.8181818181818175
E00103803,146,52,20,32,94,82,12,35.61643835616438,13.698630136986301,21.91780821917808,64.38356164383562,56.16438356164384,8.21917808219178
E00103804,144,47,11,36,97,80,17,32.63888888888889,7.638888888888889,25,67.36111111111111,55.55555555555556,11.805555555555555
E00103805,280,77,25,52,203,173,30,27.500000000000004,8.928571428571429,18.571428571428573,72.5,61.78571428571429,10.714285714285714
E00103806,216,73,25,48,143,117,26,33.7962962962963,11.574074074074074,22.22222222222222,66.20370370370371,54.166666666666664,12.037037037037036
E00103807,109,42,10,32,67,56,11,38.53211009174312,9.174311926605505,29.357798165137616,61.46788990825688,51.37614678899083,10.091743119266056
E00103808,112,32,10,22,80,67,13,28.57142857142857,8.928571428571429,19.642857142857142,71.42857142857143,59.82142857142857,11.607142857142858
E00103809,46,22,6,16,24,19,5,47.82608695652174,13.043478260869565,34.78260869565217,52.17391304347826,41.30434782608695,10.869565217391305
E00103810,141,55,23,32,86,71,15,39.00709219858156,16.312056737588655,22.69503546099291,60.99290780141844,50.35460992907801,10.638297872340425
E00103811,144,64,28,36,80,59,21,44.44444444444444,19.444444444444446,25,55.55555555555556,40.97222222222222,14.583333333333334
E00103812,125,36,16,20,89,65,24,28.799999999999997,12.8,16,71.2,52,19.2
E00103813,79,29,9,20,50,40,10,36.708860759493675,11.39240506329114,25.31645569620253,63.29113924050633,50.63291139240506,12.658227848101266
E00103814,143,52,21,31,91,76,15,36.36363636363637,14.685314685314685,21.678321678321677,63.63636363636363,53.14685314685315,10.48951048951049
E00103815,131,47,20,27,84,71,13,35.87786259541985,15.267175572519085,20.610687022900763,64.12213740458014,54.19847328244275,9.923664122137405
E00103816,146,63,22,41,83,64,19,43.15068493150685,15.068493150684931,28.08219178082192,56.849315068493155,43.83561643835616,13.013698630136986
E00103817,114,43,15,28,71,59,12,37.719298245614034,13.157894736842104,24.561403508771928,62.28070175438597,51.75438596491229,10.526315789473683
E00103818,93,41,17,24,52,40,12,44.086021505376344,18.27956989247312,25.806451612903224,55.91397849462365,43.01075268817204,12.903225806451612
E00103819,43,14,5,9,29,22,7,32.55813953488372,11.627906976744185,20.930232558139537,67.44186046511628,51.162790697674424,16.27906976744186
E00103820,136,48,19,29,88,72,16,35.294117647058826,13.970588235294118,21.323529411764707,64.70588235294117,52.94117647058824,11.76470588235294
E00103821,54,20,8,12,34,28,6,37.03703703703704,14.814814814814813,22.22222222222222,62.96296296296296,51.85185185185185,11.11111111111111
E00103822,78,30,12,18,48,38,10,38.46153846153847,15.384615384615385,23.076923076923077,61.53846153846154,48.717948717948715,12.82051282051282
E00103823,78,26,5,21,52,44,8,33.33333333333333,6.41025641025641,26.923076923076923,66.66666666666666,56.41025641025641,10.256410256410255
E00103824,149,56,20,36,93,79,14,37.58389261744966,13.422818791946309,24.161073825503358,62.41610738255034,53.02013422818792,9.395973154362416
E00103825,69,30,18,12,39,26,13,43.47826086956522,26.08695652173913,17.391304347826086,56.52173913043478,37.68115942028986,18.84057971014493
E00103826,92,54,30,24,38,35,3,58.69565217391305,32.608695652173914,26.08695652173913,41.30434782608695,38.04347826086957,3.260869565217391
E00103827,99,43,19,24,56,50,6,43.43434343434344,19.19191919191919,24.242424242424242,56.56565656565656,50.505050505050505,6.0606060606060606
E00103828,104,37,23,14,67,53,14,35.57692307692308,22.115384615384613,13.461538461538462,64.42307692307693,50.96153846153846,13.461538461538462
E00103829,84,26,6,20,58,44,14,30.952380952380953,7.142857142857142,23.809523809523807,69.04761904761905,52.38095238095239,16.666666666666664
E00103830,84,33,11,22,51,46,5,39.285714285714285,13.095238095238097,26.190476190476193,60.71428571428571,54.761904761904766,5.952380952380952
E00103831,62,22,9,13,40,29,11,35.483870967741936,14.516129032258066,20.967741935483872,64.51612903225806,46.774193548387096,17.741935483870968
E00103832,67,32,14,18,35,32,3,47.76119402985074,20.8955223880597,26.865671641791046,52.23880597014925,47.76119402985074,4.477611940298507
E00103833,95,38,14,24,57,50,7,40,14.736842105263156,25.263157894736842,60,52.63157894736842,7.368421052631578
E00103834,112,50,18,32,62,50,12,44.642857142857146,16.071428571428573,28.57142857142857,55.35714285714286,44.642857142857146,10.714285714285714
E00103835,92,37,20,17,55,40,15,40.21739130434783,21.73913043478261,18.478260869565215,59.78260869565217,43.47826086956522,16.304347826086957
E00103836,81,37,21,16,44,37,7,45.67901234567901,25.925925925925924,19.753086419753085,54.32098765432099,45.67901234567901,8.641975308641975
E00103837,84,43,18,25,41,33,8,51.19047619047619,21.428571428571427,29.761904761904763,48.80952380952381,39.285714285714285,9.523809523809524
E00103838,85,40,21,19,45,35,10,47.05882352941176,24.705882352941178,22.35294117647059,52.94117647058824,41.17647058823529,11.76470588235294
E00103839,82,37,13,24,45,37,8,45.1219512195122,15.853658536585366,29.268292682926827,54.87804878048781,45.1219512195122,9.75609756097561
E00103840,163,70,27,43,93,78,15,42.944785276073624,16.56441717791411,26.380368098159508,57.05521472392638,47.85276073619632,9.202453987730062
E00103841,181,75,31,44,106,95,11,41.43646408839779,17.12707182320442,24.30939226519337,58.5635359116022,52.48618784530387,6.077348066298343
E00103842,126,43,11,32,83,70,13,34.12698412698413,8.73015873015873,25.396825396825395,65.87301587301587,55.55555555555556,10.317460317460316
E00103843,178,53,20,33,125,99,26,29.775280898876407,11.235955056179774,18.53932584269663,70.2247191011236,55.61797752808989,14.606741573033707
E00103844,115,54,17,37,61,51,10,46.95652173913044,14.782608695652174,32.17391304347826,53.04347826086957,44.34782608695652,8.695652173913043
E00103845,81,33,10,23,48,37,11,40.74074074074074,12.345679012345679,28.39506172839506,59.25925925925925,45.67901234567901,13.580246913580247
E00103846,145,68,30,38,77,68,9,46.89655172413793,20.689655172413794,26.20689655172414,53.103448275862064,46.89655172413793,6.206896551724138
E00103847,129,51,20,31,78,57,21,39.53488372093023,15.503875968992247,24.031007751937985,60.46511627906976,44.18604651162791,16.27906976744186
E00103848,99,40,9,31,59,43,16,40.4040404040404,9.090909090909092,31.313131313131315,59.59595959595959,43.43434343434344,16.161616161616163
E00103849,143,73,22,51,70,63,7,51.048951048951054,15.384615384615385,35.66433566433567,48.95104895104895,44.05594405594406,4.895104895104895
E00103850,126,57,19,38,69,53,16,45.23809523809524,15.079365079365079,30.158730158730158,54.761904761904766,42.06349206349206,12.698412698412698
E00103851,124,47,16,31,77,61,16,37.903225806451616,12.903225806451612,25,62.096774193548384,49.193548387096776,12.903225806451612
E00103852,112,35,13,22,77,65,12,31.25,11.607142857142858,19.642857142857142,68.75,58.03571428571429,10.714285714285714
E00103853,90,42,14,28,48,37,11,46.666666666666664,15.555555555555555,31.11111111111111,53.333333333333336,41.11111111111111,12.222222222222221
E00103854,145,48,13,35,97,82,15,33.10344827586207,8.96551724137931,24.137931034482758,66.89655172413794,56.55172413793104,10.344827586206897
E00103855,144,54,17,37,90,69,21,37.5,11.805555555555555,25.694444444444443,62.5,47.91666666666667,14.583333333333334
E00103856,112,37,14,23,75,65,10,33.035714285714285,12.5,20.535714285714285,66.96428571428571,58.03571428571429,8.928571428571429
E00103857,153,58,14,44,95,83,12,37.908496732026144,9.15032679738562,28.75816993464052,62.091503267973856,54.248366013071895,7.8431372549019605
E00103858,150,66,19,47,84,66,18,44,12.666666666666668,31.333333333333336,56.00000000000001,44,12
E00103859,83,27,8,19,56,48,8,32.53012048192771,9.63855421686747,22.89156626506024,67.46987951807229,57.831325301204814,9.63855421686747
E00103860,98,34,18,16,64,55,9,34.69387755102041,18.367346938775512,16.3265306122449,65.3061224489796,56.12244897959183,9.183673469387756
E00103861,88,23,2,21,65,51,14,26.136363636363637,2.272727272727273,23.863636363636363,73.86363636363636,57.95454545454546,15.909090909090908
E00103862,120,41,15,26,79,63,16,34.166666666666664,12.5,21.666666666666668,65.83333333333333,52.5,13.333333333333334
E00103863,95,27,11,16,68,57,11,28.421052631578945,11.578947368421053,16.842105263157894,71.57894736842105,60,11.578947368421053
E00103864,82,31,12,19,51,46,5,37.80487804878049,14.634146341463413,23.170731707317074,62.19512195121951,56.09756097560976,6.097560975609756
E00103865,128,41,15,26,87,74,13,32.03125,11.71875,20.3125,67.96875,57.8125,10.15625
E00103866,127,44,16,28,83,64,19,34.645669291338585,12.598425196850393,22.04724409448819,65.35433070866141,50.39370078740157,14.960629921259844
E00103867,146,56,24,32,90,74,16,38.35616438356164,16.43835616438356,21.91780821917808,61.64383561643836,50.68493150684932,10.95890410958904
E00103869,59,21,5,16,38,28,10,35.59322033898305,8.47457627118644,27.11864406779661,64.40677966101694,47.45762711864407,16.94915254237288
E00103870,150,60,24,36,90,71,19,40,16,24,60,47.333333333333336,12.666666666666668
E00103871,142,50,16,34,92,75,17,35.2112676056338,11.267605633802818,23.943661971830984,64.7887323943662,52.816901408450704,11.971830985915492
E00103872,145,51,18,33,94,81,13,35.172413793103445,12.413793103448276,22.758620689655174,64.82758620689654,55.86206896551724,8.96551724137931
E00103873,126,35,13,22,91,69,22,27.77777777777778,10.317460317460316,17.46031746031746,72.22222222222221,54.761904761904766,17.46031746031746
E00103874,233,77,25,52,156,115,41,33.047210300429185,10.72961373390558,22.317596566523605,66.95278969957081,49.35622317596567,17.59656652360515
E00103875,175,49,21,28,126,105,21,28.000000000000004,12,16,72,60,12
E00103876,133,39,7,32,94,67,27,29.32330827067669,5.263157894736842,24.06015037593985,70.67669172932331,50.37593984962406,20.30075187969925
E00103877,100,36,11,25,64,50,14,36,11,25,64,50,14.000000000000002
E00103878,89,28,10,18,61,45,16,31.46067415730337,11.235955056179774,20.224719101123593,68.53932584269663,50.56179775280899,17.97752808988764
E00103879,86,36,15,21,50,26,24,41.86046511627907,17.441860465116278,24.418604651162788,58.139534883720934,30.23255813953488,27.906976744186046
E00103880,173,62,18,44,111,89,22,35.83815028901734,10.404624277456648,25.43352601156069,64.16184971098265,51.445086705202314,12.716763005780345
E00103881,139,48,15,33,91,72,19,34.53237410071942,10.79136690647482,23.741007194244602,65.46762589928058,51.798561151079134,13.66906474820144
E00103882,166,53,23,30,113,86,27,31.92771084337349,13.855421686746988,18.072289156626507,68.07228915662651,51.80722891566265,16.265060240963855
E00103883,133,39,11,28,94,73,21,29.32330827067669,8.270676691729323,21.052631578947366,70.67669172932331,54.88721804511278,15.789473684210526
E00103884,122,37,8,29,85,70,15,30.327868852459016,6.557377049180328,23.770491803278688,69.67213114754098,57.377049180327866,12.295081967213115
E00103885,109,25,7,18,84,70,14,22.93577981651376,6.422018348623854,16.51376146788991,77.06422018348624,64.22018348623854,12.844036697247708
E00103886,133,37,10,27,96,82,14,27.819548872180448,7.518796992481203,20.30075187969925,72.18045112781954,61.65413533834586,10.526315789473683
E00103887,245,68,21,47,177,146,31,27.755102040816325,8.571428571428571,19.183673469387756,72.24489795918367,59.591836734693885,12.653061224489795
E00103888,214,66,14,52,148,130,18,30.8411214953271,6.5420560747663545,24.299065420560748,69.1588785046729,60.747663551401864,8.411214953271028
E00103889,269,58,20,38,211,188,23,21.561338289962826,7.434944237918216,14.12639405204461,78.43866171003717,69.88847583643123,8.550185873605948
E00103890,137,46,18,28,91,80,11,33.57664233576642,13.138686131386862,20.437956204379564,66.42335766423358,58.3941605839416,8.02919708029197
E00103891,146,40,15,25,106,91,15,27.397260273972602,10.273972602739725,17.123287671232877,72.6027397260274,62.328767123287676,10.273972602739725
E00103894,138,44,15,29,94,79,15,31.88405797101449,10.869565217391305,21.014492753623188,68.11594202898551,57.2463768115942,10.869565217391305
E00103895,102,22,9,13,80,73,7,21.568627450980394,8.823529411764707,12.745098039215685,78.43137254901961,71.56862745098039,6.862745098039216
E00103896,93,37,10,27,56,46,10,39.784946236559136,10.75268817204301,29.03225806451613,60.215053763440864,49.46236559139785,10.75268817204301
E00103897,83,40,16,24,43,35,8,48.19277108433735,19.27710843373494,28.915662650602407,51.80722891566265,42.168674698795186,9.63855421686747
E00103898,109,42,15,27,67,54,13,38.53211009174312,13.761467889908257,24.770642201834864,61.46788990825688,49.54128440366973,11.926605504587156
E00103899,97,33,10,23,64,46,18,34.02061855670103,10.309278350515463,23.711340206185564,65.97938144329896,47.42268041237113,18.556701030927837
E00103900,75,29,16,13,46,41,5,38.666666666666664,21.333333333333336,17.333333333333336,61.33333333333333,54.666666666666664,6.666666666666667
E00103901,108,40,18,22,68,52,16,37.03703703703704,16.666666666666664,20.37037037037037,62.96296296296296,48.148148148148145,14.814814814814813
E00103902,75,35,12,23,40,34,6,46.666666666666664,16,30.666666666666664,53.333333333333336,45.33333333333333,8
E00103903,110,33,11,22,77,58,19,30,10,20,70,52.72727272727272,17.272727272727273
E00103904,162,50,16,34,112,92,20,30.864197530864196,9.876543209876543,20.98765432098765,69.1358024691358,56.79012345679012,12.345679012345679
E00103905,61,25,11,14,36,23,13,40.98360655737705,18.0327868852459,22.950819672131146,59.01639344262295,37.704918032786885,21.311475409836063
E00103906,103,44,12,32,59,54,5,42.71844660194174,11.650485436893204,31.06796116504854,57.28155339805825,52.42718446601942,4.854368932038835
E00103907,130,49,21,28,81,64,17,37.69230769230769,16.153846153846153,21.53846153846154,62.30769230769231,49.23076923076923,13.076923076923078
E00103908,236,76,25,51,160,127,33,32.20338983050847,10.59322033898305,21.610169491525426,67.79661016949152,53.813559322033896,13.983050847457626
E00103909,151,53,17,36,98,73,25,35.099337748344375,11.258278145695364,23.841059602649008,64.90066225165563,48.34437086092716,16.55629139072848
E00103910,141,48,19,29,93,66,27,34.04255319148936,13.47517730496454,20.56737588652482,65.95744680851064,46.808510638297875,19.148936170212767
E00103911,146,49,15,34,97,74,23,33.56164383561644,10.273972602739725,23.28767123287671,66.43835616438356,50.68493150684932,15.753424657534246
E00103912,129,47,22,25,82,61,21,36.434108527131784,17.05426356589147,19.379844961240313,63.565891472868216,47.286821705426355,16.27906976744186
E00103913,170,62,26,36,108,97,11,36.470588235294116,15.294117647058824,21.176470588235293,63.52941176470588,57.05882352941176,6.470588235294119
E00103914,123,46,14,32,77,63,14,37.39837398373984,11.38211382113821,26.01626016260163,62.601626016260155,51.21951219512195,11.38211382113821
E00103915,151,57,27,30,94,72,22,37.74834437086093,17.880794701986755,19.867549668874172,62.251655629139066,47.682119205298015,14.56953642384106
E00103916,122,45,21,24,77,62,15,36.885245901639344,17.21311475409836,19.672131147540984,63.114754098360656,50.81967213114754,12.295081967213115
E00103917,87,31,13,18,56,48,8,35.63218390804598,14.942528735632186,20.689655172413794,64.36781609195403,55.172413793103445,9.195402298850574
E00103918,131,53,22,31,78,64,14,40.458015267175576,16.793893129770993,23.66412213740458,59.541984732824424,48.854961832061065,10.687022900763358
E00103919,182,62,25,37,120,99,21,34.065934065934066,13.736263736263737,20.32967032967033,65.93406593406593,54.395604395604394,11.538461538461538
E00103920,115,50,17,33,65,55,10,43.47826086956522,14.782608695652174,28.695652173913043,56.52173913043478,47.82608695652174,8.695652173913043
E00103921,124,49,17,32,75,63,12,39.516129032258064,13.709677419354838,25.806451612903224,60.483870967741936,50.806451612903224,9.67741935483871
E00103922,123,41,12,29,82,71,11,33.33333333333333,9.75609756097561,23.577235772357724,66.66666666666666,57.72357723577236,8.94308943089431
E00103923,70,26,8,18,44,31,13,37.142857142857146,11.428571428571429,25.71428571428571,62.857142857142854,44.285714285714285,18.571428571428573
E00103924,93,43,12,31,50,40,10,46.236559139784944,12.903225806451612,33.33333333333333,53.76344086021505,43.01075268817204,10.75268817204301
E00103925,114,48,14,34,66,58,8,42.10526315789473,12.280701754385964,29.82456140350877,57.89473684210527,50.877192982456144,7.017543859649122
E00103926,119,46,15,31,73,59,14,38.655462184873954,12.605042016806722,26.05042016806723,61.34453781512605,49.57983193277311,11.76470588235294
E00103927,81,34,12,22,47,39,8,41.9753086419753,14.814814814814813,27.160493827160494,58.0246913580247,48.148148148148145,9.876543209876543
E00103928,132,54,21,33,78,72,6,40.909090909090914,15.909090909090908,25,59.09090909090909,54.54545454545454,4.545454545454546
E00103929,141,54,18,36,87,69,18,38.297872340425535,12.76595744680851,25.53191489361702,61.702127659574465,48.93617021276596,12.76595744680851
E00103930,137,58,17,41,79,72,7,42.33576642335766,12.408759124087592,29.927007299270077,57.66423357664233,52.55474452554745,5.109489051094891
E00103931,83,36,15,21,47,42,5,43.373493975903614,18.072289156626507,25.301204819277107,56.62650602409639,50.602409638554214,6.024096385542169
E00103932,131,58,25,33,73,60,13,44.274809160305345,19.083969465648856,25.190839694656486,55.72519083969466,45.80152671755725,9.923664122137405
E00103933,97,34,8,26,63,57,6,35.051546391752574,8.24742268041237,26.804123711340207,64.94845360824742,58.76288659793815,6.185567010309279
E00103934,149,64,25,39,85,69,16,42.95302013422819,16.778523489932887,26.174496644295303,57.04697986577181,46.308724832214764,10.738255033557047
E00103935,109,57,27,30,52,47,5,52.293577981651374,24.770642201834864,27.522935779816514,47.706422018348626,43.11926605504588,4.587155963302752
E00103936,76,31,11,20,45,41,4,40.78947368421053,14.473684210526317,26.31578947368421,59.210526315789465,53.94736842105263,5.263157894736842
E00103937,138,63,26,37,75,61,14,45.65217391304348,18.84057971014493,26.811594202898554,54.347826086956516,44.20289855072464,10.144927536231885
E00103938,93,42,18,24,51,44,7,45.16129032258064,19.35483870967742,25.806451612903224,54.83870967741935,47.31182795698925,7.526881720430108
E00103939,123,40,20,20,83,68,15,32.52032520325203,16.260162601626014,16.260162601626014,67.47967479674797,55.28455284552846,12.195121951219512
E00103940,111,47,20,27,64,53,11,42.34234234234234,18.01801801801802,24.324324324324326,57.65765765765766,47.74774774774775,9.90990990990991
E00103941,100,55,21,34,45,37,8,55.00000000000001,21,34,45,37,8
E00103942,79,35,16,19,44,40,4,44.303797468354425,20.253164556962027,24.050632911392405,55.69620253164557,50.63291139240506,5.063291139240507
E00103943,78,39,20,19,39,34,5,50,25.64102564102564,24.358974358974358,50,43.58974358974359,6.41025641025641
E00103944,88,38,17,21,50,46,4,43.18181818181818,19.318181818181817,23.863636363636363,56.81818181818182,52.27272727272727,4.545454545454546
E00103945,67,28,13,15,39,32,7,41.7910447761194,19.402985074626866,22.388059701492537,58.2089552238806,47.76119402985074,10.44776119402985
E00103946,131,62,28,34,69,58,11,47.32824427480916,21.374045801526716,25.954198473282442,52.67175572519084,44.274809160305345,8.396946564885496
E00103947,61,24,11,13,37,31,6,39.34426229508197,18.0327868852459,21.311475409836063,60.65573770491803,50.81967213114754,9.836065573770492
E00103948,90,35,15,20,55,45,10,38.88888888888889,16.666666666666664,22.22222222222222,61.111111111111114,50,11.11111111111111
E00103949,74,25,9,16,49,44,5,33.78378378378378,12.162162162162163,21.62162162162162,66.21621621621621,59.45945945945946,6.756756756756757
E00103950,137,52,24,28,85,72,13,37.95620437956204,17.51824817518248,20.437956204379564,62.04379562043796,52.55474452554745,9.48905109489051
E00103951,172,79,25,54,93,83,10,45.93023255813954,14.534883720930234,31.3953488372093,54.06976744186046,48.25581395348838,5.813953488372093
E00103952,128,47,16,31,81,68,13,36.71875,12.5,24.21875,63.28125,53.125,10.15625
E00103953,97,51,20,31,46,39,7,52.57731958762887,20.618556701030926,31.958762886597935,47.42268041237113,40.20618556701031,7.216494845360824
E00103954,114,46,22,24,68,58,10,40.35087719298245,19.298245614035086,21.052631578947366,59.64912280701754,50.877192982456144,8.771929824561402
E00103955,145,68,25,43,77,71,6,46.89655172413793,17.24137931034483,29.655172413793103,53.103448275862064,48.96551724137931,4.137931034482759
E00103956,98,36,13,23,62,51,11,36.734693877551024,13.26530612244898,23.46938775510204,63.26530612244898,52.04081632653062,11.224489795918368
E00103957,155,58,21,37,97,84,13,37.41935483870968,13.548387096774196,23.870967741935484,62.58064516129033,54.19354838709678,8.38709677419355
E00103958,169,61,30,31,108,99,9,36.09467455621302,17.75147928994083,18.34319526627219,63.905325443786985,58.57988165680473,5.325443786982249
E00103959,141,58,28,30,83,76,7,41.13475177304964,19.858156028368796,21.27659574468085,58.86524822695035,53.90070921985816,4.964539007092199
E00103960,152,60,24,36,92,76,16,39.473684210526315,15.789473684210526,23.684210526315788,60.526315789473685,50,10.526315789473683
E00103961,125,40,16,24,85,72,13,32,12.8,19.2,68,57.599999999999994,10.4
E00103962,112,45,14,31,67,55,12,40.17857142857143,12.5,27.67857142857143,59.82142857142857,49.107142857142854,10.714285714285714
E00103963,153,56,24,32,97,79,18,36.60130718954248,15.686274509803921,20.915032679738562,63.39869281045751,51.633986928104584,11.76470588235294
E00103964,187,62,19,43,125,102,23,33.155080213903744,10.16042780748663,22.994652406417114,66.84491978609626,54.54545454545454,12.299465240641712
E00103965,128,56,19,37,72,49,23,43.75,14.84375,28.90625,56.25,38.28125,17.96875
E00103966,209,75,29,46,134,104,30,35.88516746411483,13.875598086124402,22.00956937799043,64.11483253588517,49.760765550239235,14.354066985645932
E00103967,151,50,15,35,101,67,34,33.11258278145696,9.933774834437086,23.178807947019866,66.88741721854305,44.370860927152314,22.516556291390728
E00103968,94,34,13,21,60,38,22,36.17021276595745,13.829787234042554,22.340425531914892,63.829787234042556,40.42553191489361,23.404255319148938
E00103969,107,35,13,22,72,61,11,32.71028037383177,12.149532710280374,20.5607476635514,67.28971962616822,57.009345794392516,10.2803738317757
E00103970,47,21,6,15,26,20,6,44.680851063829785,12.76595744680851,31.914893617021278,55.319148936170215,42.5531914893617,12.76595744680851
E00103971,109,50,24,26,59,37,22,45.87155963302752,22.018348623853214,23.853211009174313,54.12844036697248,33.94495412844037,20.18348623853211
E00103972,70,27,7,20,43,36,7,38.57142857142858,10,28.57142857142857,61.42857142857143,51.42857142857142,10
E00103973,69,34,16,18,35,29,6,49.275362318840585,23.18840579710145,26.08695652173913,50.72463768115942,42.028985507246375,8.695652173913043
E00103974,96,44,21,23,52,41,11,45.83333333333333,21.875,23.958333333333336,54.166666666666664,42.70833333333333,11.458333333333332
E00103975,94,33,19,14,61,47,14,35.1063829787234,20.212765957446805,14.893617021276595,64.8936170212766,50,14.893617021276595
E00103976,119,35,18,17,84,67,17,29.411764705882355,15.126050420168067,14.285714285714285,70.58823529411765,56.30252100840336,14.285714285714285
E00103977,71,28,15,13,43,35,8,39.436619718309856,21.12676056338028,18.30985915492958,60.56338028169014,49.29577464788733,11.267605633802818
E00103978,165,67,35,32,98,72,26,40.60606060606061,21.21212121212121,19.393939393939394,59.3939393939394,43.63636363636363,15.757575757575756
E00103979,49,17,10,7,32,24,8,34.69387755102041,20.408163265306122,14.285714285714285,65.3061224489796,48.97959183673469,16.3265306122449
E00103980,192,69,33,36,123,80,43,35.9375,17.1875,18.75,64.0625,41.66666666666667,22.395833333333336
E00103981,169,51,17,34,118,77,41,30.17751479289941,10.059171597633137,20.118343195266274,69.8224852071006,45.562130177514796,24.2603550295858
E00103982,170,74,24,50,96,69,27,43.529411764705884,14.117647058823529,29.411764705882355,56.470588235294116,40.588235294117645,15.88235294117647
E00103983,78,30,13,17,48,41,7,38.46153846153847,16.666666666666664,21.794871794871796,61.53846153846154,52.56410256410257,8.974358974358974
E00103984,110,37,20,17,73,54,19,33.63636363636363,18.181818181818183,15.454545454545453,66.36363636363637,49.09090909090909,17.272727272727273
E00103985,107,40,9,31,67,53,14,37.38317757009346,8.411214953271028,28.971962616822427,62.616822429906534,49.532710280373834,13.084112149532709
E00103986,97,40,17,23,57,42,15,41.23711340206185,17.525773195876287,23.711340206185564,58.76288659793815,43.29896907216495,15.463917525773196
E00103987,158,58,33,25,100,72,28,36.708860759493675,20.88607594936709,15.822784810126583,63.29113924050633,45.56962025316456,17.72151898734177
E00103988,120,45,17,28,75,61,14,37.5,14.166666666666666,23.333333333333332,62.5,50.83333333333333,11.666666666666666
E00103989,139,44,18,26,95,72,23,31.654676258992804,12.949640287769784,18.705035971223023,68.34532374100719,51.798561151079134,16.546762589928058
E00103990,73,26,11,15,47,35,12,35.61643835616438,15.068493150684931,20.54794520547945,64.38356164383562,47.94520547945205,16.43835616438356
E00103991,123,43,16,27,80,64,16,34.959349593495936,13.008130081300814,21.951219512195124,65.04065040650406,52.03252032520326,13.008130081300814
E00103992,280,101,41,60,179,153,26,36.07142857142857,14.642857142857144,21.428571428571427,63.92857142857142,54.64285714285714,9.285714285714286
E00103994,120,40,14,26,80,73,7,33.33333333333333,11.666666666666666,21.666666666666668,66.66666666666666,60.83333333333333,5.833333333333333
E00103995,81,31,7,24,50,44,6,38.2716049382716,8.641975308641975,29.629629629629626,61.72839506172839,54.32098765432099,7.4074074074074066
E00103996,143,48,17,31,95,75,20,33.56643356643357,11.888111888111888,21.678321678321677,66.43356643356644,52.44755244755245,13.986013986013987
E00103998,85,38,17,21,47,40,7,44.70588235294118,20,24.705882352941178,55.294117647058826,47.05882352941176,8.235294117647058
E00103999,89,33,13,20,56,30,26,37.07865168539326,14.606741573033707,22.47191011235955,62.92134831460674,33.70786516853933,29.213483146067414
E00104000,159,52,24,28,107,70,37,32.70440251572327,15.09433962264151,17.61006289308176,67.29559748427673,44.0251572327044,23.270440251572328
E00104001,107,49,22,27,58,41,17,45.794392523364486,20.5607476635514,25.233644859813083,54.20560747663551,38.31775700934579,15.887850467289718
E00104002,80,42,10,32,38,33,5,52.5,12.5,40,47.5,41.25,6.25
E00104003,86,31,13,18,55,45,10,36.04651162790697,15.11627906976744,20.930232558139537,63.95348837209303,52.32558139534884,11.627906976744185
E00104004,131,56,25,31,75,65,10,42.74809160305343,19.083969465648856,23.66412213740458,57.25190839694656,49.61832061068702,7.633587786259542
E00104005,46,20,8,12,26,18,8,43.47826086956522,17.391304347826086,26.08695652173913,56.52173913043478,39.130434782608695,17.391304347826086
E00104006,186,75,34,41,111,87,24,40.32258064516129,18.27956989247312,22.043010752688172,59.67741935483871,46.774193548387096,12.903225806451612
E00104007,101,34,16,18,67,56,11,33.663366336633665,15.841584158415841,17.82178217821782,66.33663366336634,55.44554455445545,10.891089108910892
E00104008,134,62,24,38,72,53,19,46.26865671641791,17.91044776119403,28.35820895522388,53.73134328358209,39.55223880597015,14.17910447761194
E00104009,95,31,14,17,64,43,21,32.631578947368425,14.736842105263156,17.894736842105264,67.36842105263158,45.26315789473684,22.105263157894736
E00104010,65,25,13,12,40,29,11,38.46153846153847,20,18.461538461538463,61.53846153846154,44.61538461538462,16.923076923076923
E00104011,162,60,23,37,102,82,20,37.03703703703704,14.19753086419753,22.839506172839506,62.96296296296296,50.617283950617285,12.345679012345679
E00104012,94,45,17,28,49,36,13,47.87234042553192,18.085106382978726,29.78723404255319,52.12765957446809,38.297872340425535,13.829787234042554
E00104013,57,17,5,12,40,26,14,29.82456140350877,8.771929824561402,21.052631578947366,70.17543859649122,45.614035087719294,24.561403508771928
E00104014,119,51,28,23,68,50,18,42.857142857142854,23.52941176470588,19.327731092436977,57.14285714285714,42.016806722689076,15.126050420168067
E00104015,112,33,8,25,79,66,13,29.464285714285715,7.142857142857142,22.321428571428573,70.53571428571429,58.92857142857143,11.607142857142858
E00104016,106,31,12,19,75,60,15,29.245283018867923,11.320754716981133,17.92452830188679,70.75471698113208,56.60377358490566,14.150943396226415
E00104017,148,41,13,28,107,101,6,27.7027027027027,8.783783783783784,18.91891891891892,72.2972972972973,68.24324324324324,4.054054054054054
E00104018,133,42,8,34,91,74,17,31.57894736842105,6.015037593984962,25.563909774436087,68.42105263157895,55.639097744360896,12.781954887218044
E00104019,215,61,22,39,154,126,28,28.37209302325581,10.232558139534884,18.13953488372093,71.62790697674419,58.6046511627907,13.023255813953488
E00104020,154,49,11,38,105,92,13,31.818181818181817,7.142857142857142,24.675324675324674,68.18181818181817,59.74025974025974,8.441558441558442
E00104021,147,50,16,34,97,77,20,34.01360544217687,10.884353741496598,23.12925170068027,65.98639455782312,52.38095238095239,13.60544217687075
E00104022,177,50,23,27,127,110,17,28.24858757062147,12.994350282485875,15.254237288135593,71.75141242937853,62.14689265536724,9.6045197740113
E00104023,123,36,10,26,87,67,20,29.268292682926827,8.130081300813007,21.138211382113823,70.73170731707317,54.47154471544715,16.260162601626014
E00104024,101,35,8,27,66,51,15,34.65346534653465,7.920792079207921,26.732673267326735,65.34653465346535,50.495049504950494,14.85148514851485
E00104025,137,40,12,28,97,86,11,29.1970802919708,8.75912408759124,20.437956204379564,70.8029197080292,62.77372262773723,8.02919708029197
E00104026,232,62,14,48,170,148,22,26.72413793103448,6.0344827586206895,20.689655172413794,73.27586206896551,63.793103448275865,9.482758620689655
E00104027,144,44,10,34,100,87,13,30.555555555555557,6.944444444444445,23.61111111111111,69.44444444444444,60.416666666666664,9.027777777777777
E00104028,162,53,14,39,109,93,16,32.71604938271605,8.641975308641975,24.074074074074073,67.28395061728395,57.407407407407405,9.876543209876543
E00104029,105,40,10,30,65,62,3,38.095238095238095,9.523809523809524,28.57142857142857,61.904761904761905,59.04761904761905,2.857142857142857
E00104030,187,63,16,47,124,114,10,33.68983957219251,8.55614973262032,25.13368983957219,66.31016042780749,60.962566844919785,5.347593582887701
E00104031,146,50,13,37,96,83,13,34.24657534246575,8.904109589041095,25.34246575342466,65.75342465753424,56.849315068493155,8.904109589041095
E00104032,93,35,9,26,58,53,5,37.634408602150536,9.67741935483871,27.956989247311824,62.365591397849464,56.98924731182796,5.376344086021505
E00104034,80,41,21,20,39,31,8,51.24999999999999,26.25,25,48.75,38.75,10
E00104035,66,26,11,15,40,33,7,39.39393939393939,16.666666666666664,22.727272727272727,60.60606060606061,50,10.606060606060606
E00104036,113,51,19,32,62,50,12,45.13274336283185,16.8141592920354,28.31858407079646,54.86725663716814,44.24778761061947,10.619469026548673
E00104037,116,51,19,32,65,47,18,43.96551724137931,16.379310344827587,27.586206896551722,56.03448275862068,40.51724137931034,15.517241379310345
E00104038,71,44,24,20,27,20,7,61.97183098591549,33.80281690140845,28.169014084507044,38.028169014084504,28.169014084507044,9.859154929577464
E00104039,105,39,16,23,66,48,18,37.142857142857146,15.238095238095239,21.904761904761905,62.857142857142854,45.714285714285715,17.142857142857142
E00104040,178,76,30,46,102,84,18,42.69662921348314,16.853932584269664,25.842696629213485,57.30337078651685,47.19101123595505,10.112359550561797
E00104041,209,71,24,47,138,124,14,33.97129186602871,11.483253588516746,22.48803827751196,66.02870813397129,59.33014354066985,6.698564593301436
E00104042,75,32,11,21,43,37,6,42.66666666666667,14.666666666666666,28.000000000000004,57.333333333333336,49.333333333333336,8
E00104043,168,57,15,42,111,86,25,33.92857142857143,8.928571428571429,25,66.07142857142857,51.19047619047619,14.880952380952381
E00104044,266,90,31,59,176,160,16,33.83458646616541,11.654135338345863,22.18045112781955,66.16541353383458,60.150375939849624,6.015037593984962
E00104045,102,38,12,26,64,55,9,37.254901960784316,11.76470588235294,25.49019607843137,62.745098039215684,53.92156862745098,8.823529411764707
E00104046,107,39,14,25,68,58,10,36.44859813084112,13.084112149532709,23.364485981308412,63.55140186915887,54.20560747663551,9.345794392523365
E00104047,128,34,10,24,94,83,11,26.5625,7.8125,18.75,73.4375,64.84375,8.59375
E00104048,90,36,10,26,54,49,5,40,11.11111111111111,28.888888888888886,60,54.44444444444444,5.555555555555555
E00104049,99,45,21,24,54,46,8,45.45454545454545,21.21212121212121,24.242424242424242,54.54545454545454,46.464646464646464,8.080808080808081
E00104050,126,37,15,22,89,80,9,29.365079365079367,11.904761904761903,17.46031746031746,70.63492063492063,63.49206349206349,7.142857142857142
E00104051,130,50,14,36,80,66,14,38.46153846153847,10.76923076923077,27.692307692307693,61.53846153846154,50.76923076923077,10.76923076923077
E00104052,163,58,10,48,105,86,19,35.58282208588957,6.134969325153374,29.447852760736197,64.41717791411043,52.760736196319016,11.65644171779141
E00104053,169,58,21,37,111,98,13,34.319526627218934,12.42603550295858,21.893491124260358,65.68047337278107,57.98816568047337,7.6923076923076925
E00104054,128,39,9,30,89,73,16,30.46875,7.03125,23.4375,69.53125,57.03125,12.5
E00104055,139,42,13,29,97,84,13,30.215827338129497,9.352517985611511,20.863309352517987,69.7841726618705,60.431654676258994,9.352517985611511
E00104056,117,57,27,30,60,55,5,48.717948717948715,23.076923076923077,25.64102564102564,51.28205128205128,47.008547008547005,4.273504273504273
E00104057,216,60,25,35,156,135,21,27.77777777777778,11.574074074074074,16.203703703703702,72.22222222222221,62.5,9.722222222222223
E00104058,175,52,16,36,123,109,14,29.714285714285715,9.142857142857142,20.57142857142857,70.28571428571428,62.28571428571429,8
E00104059,154,48,13,35,106,93,13,31.16883116883117,8.441558441558442,22.727272727272727,68.83116883116884,60.3896103896104,8.441558441558442
E00104060,182,45,10,35,137,121,16,24.725274725274726,5.4945054945054945,19.230769230769234,75.27472527472527,66.48351648351648,8.791208791208792
E00104062,74,30,11,19,44,38,6,40.54054054054054,14.864864864864865,25.675675675675674,59.45945945945946,51.35135135135135,8.108108108108109
E00104063,47,14,6,8,33,27,6,29.78723404255319,12.76595744680851,17.02127659574468,70.2127659574468,57.446808510638306,12.76595744680851
E00104064,161,55,14,41,106,88,18,34.161490683229815,8.695652173913043,25.465838509316768,65.83850931677019,54.6583850931677,11.180124223602485
E00104065,173,45,13,32,128,116,12,26.011560693641616,7.514450867052023,18.497109826589593,73.98843930635837,67.05202312138728,6.9364161849710975
E00104067,169,52,17,35,117,94,23,30.76923076923077,10.059171597633137,20.710059171597635,69.23076923076923,55.62130177514793,13.609467455621301
E00104068,126,43,18,25,83,74,9,34.12698412698413,14.285714285714285,19.841269841269842,65.87301587301587,58.730158730158735,7.142857142857142
E00104069,111,29,12,17,82,73,9,26.126126126126124,10.81081081081081,15.315315315315313,73.87387387387388,65.76576576576578,8.108108108108109
E00104070,120,39,15,24,81,66,15,32.5,12.5,20,67.5,55.00000000000001,12.5
E00104071,154,42,8,34,112,86,26,27.27272727272727,5.194805194805195,22.07792207792208,72.72727272727273,55.84415584415584,16.883116883116884
E00104072,154,52,18,34,102,84,18,33.76623376623377,11.688311688311687,22.07792207792208,66.23376623376623,54.54545454545454,11.688311688311687
E00104073,124,50,24,26,74,63,11,40.32258064516129,19.35483870967742,20.967741935483872,59.67741935483871,50.806451612903224,8.870967741935484
E00104074,98,35,13,22,63,52,11,35.714285714285715,13.26530612244898,22.448979591836736,64.28571428571429,53.06122448979592,11.224489795918368
E00104075,182,70,26,44,112,90,22,38.46153846153847,14.285714285714285,24.175824175824175,61.53846153846154,49.45054945054945,12.087912087912088
E00104076,99,34,10,24,65,50,15,34.34343434343434,10.1010101010101,24.242424242424242,65.65656565656566,50.505050505050505,15.151515151515152
E00104077,131,41,17,24,90,79,11,31.297709923664126,12.977099236641221,18.3206106870229,68.70229007633588,60.30534351145038,8.396946564885496
E00104078,140,36,11,25,104,94,10,25.71428571428571,7.857142857142857,17.857142857142858,74.28571428571429,67.14285714285714,7.142857142857142
E00104079,149,53,25,28,96,79,17,35.57046979865772,16.778523489932887,18.79194630872483,64.42953020134227,53.02013422818792,11.409395973154362
E00104080,173,41,12,29,132,116,16,23.699421965317917,6.9364161849710975,16.76300578034682,76.30057803468208,67.05202312138728,9.248554913294797
E00104081,193,72,20,52,121,98,23,37.30569948186528,10.362694300518134,26.94300518134715,62.69430051813472,50.77720207253886,11.917098445595855
E00104082,139,47,18,29,92,68,24,33.81294964028777,12.949640287769784,20.863309352517987,66.18705035971223,48.92086330935252,17.26618705035971
E00104083,146,57,24,33,89,70,19,39.04109589041096,16.43835616438356,22.602739726027394,60.95890410958904,47.94520547945205,13.013698630136986
E00104084,129,40,16,24,89,75,14,31.007751937984494,12.4031007751938,18.6046511627907,68.9922480620155,58.139534883720934,10.852713178294573
E00104085,152,62,22,40,90,79,11,40.78947368421053,14.473684210526317,26.31578947368421,59.210526315789465,51.973684210526315,7.236842105263158
E00104086,152,67,27,40,85,60,25,44.07894736842105,17.763157894736842,26.31578947368421,55.92105263157895,39.473684210526315,16.447368421052634
E00104087,249,62,17,45,187,166,21,24.899598393574294,6.827309236947792,18.072289156626507,75.1004016064257,66.66666666666666,8.433734939759036
E00104088,133,59,20,39,74,62,12,44.3609022556391,15.037593984962406,29.32330827067669,55.639097744360896,46.616541353383454,9.022556390977442
E00104089,166,62,19,43,104,85,19,37.34939759036144,11.44578313253012,25.903614457831324,62.65060240963856,51.204819277108435,11.44578313253012
E00104090,168,68,21,47,100,78,22,40.476190476190474,12.5,27.976190476190478,59.523809523809526,46.42857142857143,13.095238095238097
E00104091,155,55,14,41,100,93,7,35.483870967741936,9.032258064516128,26.451612903225808,64.51612903225806,60,4.516129032258064
E00104093,209,74,27,47,135,123,12,35.406698564593306,12.918660287081341,22.48803827751196,64.5933014354067,58.85167464114832,5.741626794258373
E00104094,185,59,15,44,126,107,19,31.891891891891895,8.108108108108109,23.783783783783786,68.10810810810811,57.83783783783784,10.27027027027027
E00104095,166,59,15,44,107,93,14,35.54216867469879,9.036144578313253,26.506024096385545,64.45783132530121,56.024096385542165,8.433734939759036
E00104096,144,60,19,41,84,76,8,41.66666666666667,13.194444444444445,28.47222222222222,58.333333333333336,52.77777777777778,5.555555555555555
E00104097,123,46,19,27,77,51,26,37.39837398373984,15.447154471544716,21.951219512195124,62.601626016260155,41.46341463414634,21.138211382113823
E00104098,120,43,18,25,77,63,14,35.833333333333336,15,20.833333333333336,64.16666666666667,52.5,11.666666666666666
E00104099,126,44,16,28,82,69,13,34.92063492063492,12.698412698412698,22.22222222222222,65.07936507936508,54.761904761904766,10.317460317460316
E00104100,97,34,14,20,63,51,12,35.051546391752574,14.432989690721648,20.618556701030926,64.94845360824742,52.57731958762887,12.371134020618557
E00104101,75,24,9,15,51,36,15,32,12,20,68,48,20
E00104103,183,70,29,41,113,83,30,38.25136612021858,15.846994535519126,22.404371584699454,61.74863387978142,45.3551912568306,16.39344262295082
E00104105,111,44,21,23,67,52,15,39.63963963963964,18.91891891891892,20.72072072072072,60.36036036036037,46.846846846846844,13.513513513513514
E00104106,111,42,13,29,69,48,21,37.83783783783784,11.711711711711711,26.126126126126124,62.16216216216216,43.24324324324324,18.91891891891892
E00104107,147,50,20,30,97,59,38,34.01360544217687,13.60544217687075,20.408163265306122,65.98639455782312,40.136054421768705,25.850340136054424
E00104108,122,51,21,30,71,55,16,41.80327868852459,17.21311475409836,24.59016393442623,58.19672131147541,45.08196721311475,13.114754098360656
E00104109,116,31,17,14,85,66,19,26.72413793103448,14.655172413793101,12.068965517241379,73.27586206896551,56.896551724137936,16.379310344827587
E00104111,106,33,14,19,73,46,27,31.132075471698112,13.20754716981132,17.92452830188679,68.86792452830188,43.39622641509434,25.471698113207548
E00104112,62,20,10,10,42,31,11,32.25806451612903,16.129032258064516,16.129032258064516,67.74193548387096,50,17.741935483870968
E00104113,195,76,30,46,119,102,17,38.97435897435898,15.384615384615385,23.589743589743588,61.02564102564103,52.307692307692314,8.717948717948717
E00104114,99,46,18,28,53,45,8,46.464646464646464,18.181818181818183,28.28282828282828,53.535353535353536,45.45454545454545,8.080808080808081
E00104115,147,57,22,35,90,74,16,38.775510204081634,14.965986394557824,23.809523809523807,61.224489795918366,50.34013605442177,10.884353741496598
E00104116,104,48,25,23,56,36,20,46.15384615384615,24.03846153846154,22.115384615384613,53.84615384615385,34.61538461538461,19.230769230769234
E00104117,194,72,30,42,122,87,35,37.11340206185567,15.463917525773196,21.649484536082475,62.88659793814433,44.84536082474227,18.04123711340206
E00104118,61,26,11,15,35,25,10,42.62295081967213,18.0327868852459,24.59016393442623,57.377049180327866,40.98360655737705,16.39344262295082
E00104119,83,31,15,16,52,34,18,37.34939759036144,18.072289156626507,19.27710843373494,62.65060240963856,40.963855421686745,21.686746987951807
E00104120,146,56,17,39,90,81,9,38.35616438356164,11.643835616438356,26.71232876712329,61.64383561643836,55.47945205479452,6.164383561643835
E00104122,128,50,17,33,78,60,18,39.0625,13.28125,25.78125,60.9375,46.875,14.0625
E00104123,119,49,17,32,70,50,20,41.17647058823529,14.285714285714285,26.89075630252101,58.82352941176471,42.016806722689076,16.80672268907563
E00104124,109,50,7,43,59,51,8,45.87155963302752,6.422018348623854,39.44954128440367,54.12844036697248,46.788990825688074,7.339449541284404
E00104125,75,19,10,9,56,42,14,25.333333333333336,13.333333333333334,12,74.66666666666667,56.00000000000001,18.666666666666668
E00104126,109,49,22,27,60,44,16,44.95412844036697,20.18348623853211,24.770642201834864,55.04587155963303,40.36697247706422,14.678899082568808
E00104127,53,21,8,13,32,28,4,39.62264150943396,15.09433962264151,24.528301886792452,60.37735849056604,52.83018867924528,7.547169811320755
E00104128,117,49,32,17,68,54,14,41.88034188034188,27.350427350427353,14.529914529914532,58.119658119658126,46.15384615384615,11.965811965811966
E00104129,88,38,18,20,50,42,8,43.18181818181818,20.454545454545457,22.727272727272727,56.81818181818182,47.72727272727273,9.090909090909092
E00104130,70,26,16,10,44,31,13,37.142857142857146,22.857142857142858,14.285714285714285,62.857142857142854,44.285714285714285,18.571428571428573
E00104131,97,43,18,25,54,33,21,44.329896907216494,18.556701030927837,25.773195876288657,55.670103092783506,34.02061855670103,21.649484536082475
E00104132,82,30,8,22,52,38,14,36.58536585365854,9.75609756097561,26.82926829268293,63.41463414634146,46.34146341463415,17.073170731707318
E00104133,76,24,10,14,52,37,15,31.57894736842105,13.157894736842104,18.421052631578945,68.42105263157895,48.68421052631579,19.736842105263158
E00104134,164,69,28,41,95,74,21,42.073170731707314,17.073170731707318,25,57.92682926829268,45.1219512195122,12.804878048780488
E00104135,152,56,17,39,96,80,16,36.84210526315789,11.18421052631579,25.657894736842106,63.1578947368421,52.63157894736842,10.526315789473683
E00104136,210,82,29,53,128,103,25,39.04761904761905,13.80952380952381,25.238095238095237,60.952380952380956,49.047619047619044,11.904761904761903
E00104137,76,20,5,15,56,39,17,26.31578947368421,6.578947368421052,19.736842105263158,73.68421052631578,51.31578947368421,22.36842105263158
E00104138,144,52,21,31,92,59,33,36.11111111111111,14.583333333333334,21.52777777777778,63.888888888888886,40.97222222222222,22.916666666666664
E00104139,162,60,21,39,102,66,36,37.03703703703704,12.962962962962962,24.074074074074073,62.96296296296296,40.74074074074074,22.22222222222222
E00104140,123,48,29,19,75,61,14,39.02439024390244,23.577235772357724,15.447154471544716,60.97560975609756,49.59349593495935,11.38211382113821
E00104141,208,73,29,44,135,90,45,35.09615384615385,13.942307692307693,21.153846153846153,64.90384615384616,43.269230769230774,21.634615384615387
E00104142,160,76,25,51,84,54,30,47.5,15.625,31.874999999999996,52.5,33.75,18.75
E00104143,138,59,21,38,79,60,19,42.7536231884058,15.217391304347828,27.536231884057973,57.2463768115942,43.47826086956522,13.768115942028986
E00104144,205,86,36,50,119,102,17,41.951219512195124,17.560975609756095,24.390243902439025,58.048780487804876,49.75609756097561,8.292682926829269
E00104145,157,66,24,42,91,72,19,42.038216560509554,15.286624203821656,26.751592356687897,57.961783439490446,45.85987261146497,12.101910828025478
E00104146,69,32,11,21,37,30,7,46.3768115942029,15.942028985507244,30.434782608695656,53.62318840579711,43.47826086956522,10.144927536231885
E00104147,185,67,25,42,118,82,36,36.21621621621622,13.513513513513514,22.702702702702705,63.78378378378379,44.32432432432433,19.45945945945946
E00104148,142,56,24,32,86,64,22,39.436619718309856,16.901408450704224,22.535211267605636,60.56338028169014,45.07042253521127,15.492957746478872
E00104149,134,58,22,36,76,54,22,43.28358208955223,16.417910447761194,26.865671641791046,56.71641791044776,40.298507462686565,16.417910447761194
E00104150,156,48,18,30,108,91,17,30.76923076923077,11.538461538461538,19.230769230769234,69.23076923076923,58.333333333333336,10.897435897435898
E00104151,95,39,8,31,56,46,10,41.05263157894737,8.421052631578947,32.631578947368425,58.94736842105262,48.421052631578945,10.526315789473683
E00104152,247,71,22,49,176,153,23,28.74493927125506,8.906882591093117,19.838056680161944,71.25506072874494,61.943319838056674,9.31174089068826
E00104153,203,66,26,40,137,118,19,32.51231527093596,12.807881773399016,19.704433497536947,67.48768472906403,58.128078817733986,9.35960591133005
E00104154,94,26,7,19,68,61,7,27.659574468085108,7.446808510638298,20.212765957446805,72.3404255319149,64.8936170212766,7.446808510638298
E00104155,59,18,5,13,41,31,10,30.508474576271187,8.47457627118644,22.033898305084744,69.49152542372882,52.54237288135594,16.94915254237288
E00104156,257,82,26,56,175,149,26,31.906614785992215,10.116731517509727,21.78988326848249,68.09338521400778,57.97665369649806,10.116731517509727
E00104157,204,60,23,37,144,113,31,29.411764705882355,11.27450980392157,18.137254901960784,70.58823529411765,55.392156862745104,15.196078431372548
E00104158,78,33,15,18,45,29,16,42.30769230769231,19.230769230769234,23.076923076923077,57.692307692307686,37.17948717948718,20.51282051282051
E00104159,78,30,12,18,48,38,10,38.46153846153847,15.384615384615385,23.076923076923077,61.53846153846154,48.717948717948715,12.82051282051282
E00104160,89,31,14,17,58,46,12,34.831460674157306,15.730337078651685,19.101123595505616,65.1685393258427,51.68539325842697,13.48314606741573
E00104161,151,69,30,39,82,62,20,45.6953642384106,19.867549668874172,25.82781456953642,54.3046357615894,41.05960264900662,13.245033112582782
E00104162,71,27,4,23,44,27,17,38.028169014084504,5.633802816901409,32.3943661971831,61.97183098591549,38.028169014084504,23.943661971830984
E00104163,118,43,17,26,75,59,16,36.440677966101696,14.40677966101695,22.033898305084744,63.559322033898304,50,13.559322033898304
E00104164,77,30,12,18,47,38,9,38.961038961038966,15.584415584415584,23.376623376623375,61.038961038961034,49.35064935064935,11.688311688311687
E00104165,76,30,19,11,46,34,12,39.473684210526315,25,14.473684210526317,60.526315789473685,44.73684210526316,15.789473684210526
E00104166,146,57,25,32,89,55,34,39.04109589041096,17.123287671232877,21.91780821917808,60.95890410958904,37.67123287671233,23.28767123287671
E00104167,157,54,22,32,103,81,22,34.394904458598724,14.012738853503185,20.382165605095544,65.60509554140127,51.59235668789809,14.012738853503185
E00104168,71,31,17,14,40,30,10,43.66197183098591,23.943661971830984,19.718309859154928,56.33802816901409,42.25352112676056,14.084507042253522
E00104169,234,73,37,36,161,127,34,31.196581196581196,15.81196581196581,15.384615384615385,68.80341880341881,54.27350427350427,14.529914529914532
E00104170,168,49,15,34,119,82,37,29.166666666666668,8.928571428571429,20.238095238095237,70.83333333333334,48.80952380952381,22.023809523809522
E00104171,158,55,22,33,103,78,25,34.810126582278485,13.924050632911392,20.88607594936709,65.18987341772153,49.36708860759494,15.822784810126583
E00104172,158,66,27,39,92,62,30,41.77215189873418,17.088607594936708,24.68354430379747,58.22784810126582,39.24050632911392,18.9873417721519
E00104173,139,48,19,29,91,64,27,34.53237410071942,13.66906474820144,20.863309352517987,65.46762589928058,46.043165467625904,19.424460431654676
E00104174,225,87,28,59,138,117,21,38.666666666666664,12.444444444444445,26.222222222222225,61.33333333333333,52,9.333333333333334
E00104175,184,46,16,30,138,97,41,25,8.695652173913043,16.304347826086957,75,52.71739130434783,22.282608695652172
E00104176,170,61,19,42,109,84,25,35.88235294117647,11.176470588235295,24.705882352941178,64.11764705882354,49.411764705882355,14.705882352941178
E00104177,156,52,20,32,104,88,16,33.33333333333333,12.82051282051282,20.51282051282051,66.66666666666666,56.41025641025641,10.256410256410255
E00104178,269,91,34,57,178,140,38,33.82899628252788,12.639405204460965,21.189591078066915,66.17100371747212,52.04460966542751,14.12639405204461
E00104179,179,64,20,44,115,94,21,35.754189944134076,11.1731843575419,24.581005586592177,64.24581005586593,52.513966480446925,11.731843575418994
E00104180,92,36,11,25,56,35,21,39.130434782608695,11.956521739130435,27.173913043478258,60.86956521739131,38.04347826086957,22.82608695652174
E00104181,220,70,29,41,150,92,58,31.818181818181817,13.18181818181818,18.636363636363637,68.18181818181817,41.81818181818181,26.36363636363636
E00104182,58,22,7,15,36,28,8,37.93103448275862,12.068965517241379,25.862068965517242,62.06896551724138,48.275862068965516,13.793103448275861
E00104183,73,29,14,15,44,33,11,39.726027397260275,19.17808219178082,20.54794520547945,60.273972602739725,45.20547945205479,15.068493150684931
E00104184,36,17,3,14,19,19,0,47.22222222222222,8.333333333333332,38.88888888888889,52.77777777777778,52.77777777777778,0
E00104185,117,41,19,22,76,51,25,35.04273504273504,16.23931623931624,18.803418803418804,64.95726495726495,43.58974358974359,21.367521367521366
E00104186,91,35,18,17,56,36,20,38.46153846153847,19.78021978021978,18.681318681318682,61.53846153846154,39.56043956043956,21.978021978021978
E00104187,145,49,16,33,96,63,33,33.793103448275865,11.03448275862069,22.758620689655174,66.20689655172414,43.44827586206896,22.758620689655174
E00104188,182,57,19,38,125,101,24,31.318681318681318,10.43956043956044,20.87912087912088,68.68131868131869,55.494505494505496,13.186813186813188
E00104189,144,55,13,42,89,70,19,38.19444444444444,9.027777777777777,29.166666666666668,61.80555555555556,48.61111111111111,13.194444444444445
E00104190,62,15,5,10,47,40,7,24.193548387096776,8.064516129032258,16.129032258064516,75.80645161290323,64.51612903225806,11.29032258064516
E00104191,66,23,12,11,43,33,10,34.84848484848485,18.181818181818183,16.666666666666664,65.15151515151516,50,15.151515151515152
E00104194,159,57,17,40,102,86,16,35.84905660377358,10.69182389937107,25.157232704402517,64.15094339622641,54.088050314465406,10.062893081761008
E00104195,175,69,13,56,106,93,13,39.42857142857143,7.428571428571429,32,60.57142857142858,53.142857142857146,7.428571428571429
E00104196,132,52,19,33,80,67,13,39.39393939393939,14.393939393939394,25,60.60606060606061,50.75757575757576,9.848484848484848
E00104197,116,40,12,28,76,55,21,34.48275862068966,10.344827586206897,24.137931034482758,65.51724137931035,47.41379310344828,18.103448275862068
E00104198,114,40,20,20,74,60,14,35.08771929824561,17.543859649122805,17.543859649122805,64.91228070175438,52.63157894736842,12.280701754385964
E00104199,106,27,12,15,79,53,26,25.471698113207548,11.320754716981133,14.150943396226415,74.52830188679245,50,24.528301886792452
E00104200,86,31,14,17,55,38,17,36.04651162790697,16.27906976744186,19.767441860465116,63.95348837209303,44.18604651162791,19.767441860465116
E00104201,88,32,17,15,56,47,9,36.36363636363637,19.318181818181817,17.045454545454543,63.63636363636363,53.40909090909091,10.227272727272728
E00104202,108,36,16,20,72,47,25,33.33333333333333,14.814814814814813,18.51851851851852,66.66666666666666,43.51851851851852,23.14814814814815
E00104203,136,36,12,24,100,78,22,26.47058823529412,8.823529411764707,17.647058823529413,73.52941176470588,57.35294117647059,16.176470588235293
E00104204,106,37,15,22,69,56,13,34.90566037735849,14.150943396226415,20.754716981132077,65.09433962264151,52.83018867924528,12.264150943396226
E00104205,98,31,16,15,67,51,16,31.63265306122449,16.3265306122449,15.306122448979592,68.36734693877551,52.04081632653062,16.3265306122449
E00104206,61,15,6,9,46,38,8,24.59016393442623,9.836065573770492,14.754098360655737,75.40983606557377,62.295081967213115,13.114754098360656
E00104207,115,42,13,29,73,62,11,36.52173913043478,11.304347826086957,25.217391304347824,63.47826086956522,53.91304347826087,9.565217391304348
E00104208,114,37,11,26,77,64,13,32.45614035087719,9.649122807017543,22.807017543859647,67.54385964912281,56.14035087719298,11.403508771929824
E00104209,116,44,13,31,72,60,12,37.93103448275862,11.206896551724139,26.72413793103448,62.06896551724138,51.724137931034484,10.344827586206897
E00104210,102,40,16,24,62,52,10,39.21568627450981,15.686274509803921,23.52941176470588,60.78431372549019,50.98039215686274,9.803921568627452
E00104211,154,45,19,26,109,97,12,29.22077922077922,12.337662337662337,16.883116883116884,70.77922077922078,62.98701298701299,7.792207792207792
E00104212,128,41,11,30,87,78,9,32.03125,8.59375,23.4375,67.96875,60.9375,7.03125
E00104213,236,60,18,42,176,150,26,25.423728813559322,7.627118644067797,17.796610169491526,74.57627118644068,63.559322033898304,11.016949152542372
E00104216,53,15,8,7,38,31,7,28.30188679245283,15.09433962264151,13.20754716981132,71.69811320754717,58.490566037735846,13.20754716981132
E00104217,116,30,13,17,86,69,17,25.862068965517242,11.206896551724139,14.655172413793101,74.13793103448276,59.48275862068966,14.655172413793101
E00104218,80,33,15,18,47,33,14,41.25,18.75,22.5,58.75,41.25,17.5
E00104219,136,42,10,32,94,85,9,30.88235294117647,7.352941176470589,23.52941176470588,69.11764705882352,62.5,6.61764705882353
E00104220,120,30,13,17,90,73,17,25,10.833333333333334,14.166666666666666,75,60.83333333333333,14.166666666666666
E00104221,108,34,14,20,74,56,18,31.48148148148148,12.962962962962962,18.51851851851852,68.51851851851852,51.85185185185185,16.666666666666664
E00104222,68,29,14,15,39,29,10,42.64705882352941,20.588235294117645,22.058823529411764,57.35294117647059,42.64705882352941,14.705882352941178
E00104223,88,33,10,23,55,43,12,37.5,11.363636363636363,26.136363636363637,62.5,48.86363636363637,13.636363636363635
E00104224,114,41,12,29,73,54,19,35.96491228070175,10.526315789473683,25.438596491228072,64.03508771929825,47.368421052631575,16.666666666666664
E00104225,197,67,20,47,130,110,20,34.01015228426396,10.152284263959391,23.85786802030457,65.98984771573603,55.83756345177665,10.152284263959391
E00104226,137,51,20,31,86,67,19,37.22627737226277,14.5985401459854,22.62773722627737,62.77372262773723,48.9051094890511,13.86861313868613
E00104227,168,68,23,45,100,71,29,40.476190476190474,13.690476190476192,26.785714285714285,59.523809523809526,42.26190476190476,17.261904761904763
E00104228,64,24,10,14,40,29,11,37.5,15.625,21.875,62.5,45.3125,17.1875
E00104229,106,32,12,20,74,57,17,30.18867924528302,11.320754716981133,18.867924528301888,69.81132075471697,53.77358490566038,16.037735849056602
E00104230,119,48,17,31,71,60,11,40.33613445378151,14.285714285714285,26.05042016806723,59.66386554621849,50.42016806722689,9.243697478991598
E00104231,132,36,16,20,96,76,20,27.27272727272727,12.121212121212121,15.151515151515152,72.72727272727273,57.57575757575758,15.151515151515152
E00104232,129,50,16,34,79,63,16,38.759689922480625,12.4031007751938,26.356589147286826,61.240310077519375,48.837209302325576,12.4031007751938
E00104234,123,44,14,30,79,73,6,35.77235772357724,11.38211382113821,24.390243902439025,64.22764227642277,59.34959349593496,4.878048780487805
E00104235,105,42,13,29,63,57,6,40,12.380952380952381,27.61904761904762,60,54.285714285714285,5.714285714285714
E00104236,177,47,15,32,130,112,18,26.55367231638418,8.47457627118644,18.07909604519774,73.44632768361582,63.2768361581921,10.16949152542373
E00104237,109,27,8,19,82,75,7,24.770642201834864,7.339449541284404,17.431192660550458,75.22935779816514,68.80733944954129,6.422018348623854
E00104238,140,48,10,38,92,77,15,34.285714285714285,7.142857142857142,27.142857142857142,65.71428571428571,55.00000000000001,10.714285714285714
E00104239,117,45,14,31,72,64,8,38.46153846153847,11.965811965811966,26.495726495726498,61.53846153846154,54.700854700854705,6.837606837606838
E00104240,59,26,7,19,33,26,7,44.06779661016949,11.864406779661017,32.20338983050847,55.932203389830505,44.06779661016949,11.864406779661017
E00104241,104,43,12,31,61,53,8,41.34615384615385,11.538461538461538,29.807692307692307,58.65384615384615,50.96153846153846,7.6923076923076925
E00104242,139,61,24,37,78,69,9,43.884892086330936,17.26618705035971,26.618705035971225,56.11510791366906,49.64028776978417,6.474820143884892
E00104243,163,56,16,40,107,89,18,34.355828220858896,9.815950920245399,24.539877300613497,65.6441717791411,54.601226993865026,11.042944785276074
E00104244,89,39,9,30,50,49,1,43.82022471910113,10.112359550561797,33.70786516853933,56.17977528089888,55.0561797752809,1.1235955056179776
E00104245,150,50,18,32,100,88,12,33.33333333333333,12,21.333333333333336,66.66666666666666,58.666666666666664,8
E00104246,122,48,20,28,74,59,15,39.34426229508197,16.39344262295082,22.950819672131146,60.65573770491803,48.36065573770492,12.295081967213115
E00104247,136,54,17,37,82,74,8,39.705882352941174,12.5,27.205882352941174,60.29411764705882,54.41176470588235,5.88235294117647
E00104248,75,34,16,18,41,30,11,45.33333333333333,21.333333333333336,24,54.666666666666664,40,14.666666666666666
E00104249,128,46,16,30,82,70,12,35.9375,12.5,23.4375,64.0625,54.6875,9.375
E00104250,131,49,18,31,82,70,12,37.404580152671755,13.740458015267176,23.66412213740458,62.59541984732825,53.43511450381679,9.16030534351145
E00104251,145,59,25,34,86,61,25,40.689655172413794,17.24137931034483,23.448275862068964,59.310344827586206,42.06896551724138,17.24137931034483
E00104252,102,31,12,19,71,64,7,30.392156862745097,11.76470588235294,18.627450980392158,69.6078431372549,62.745098039215684,6.862745098039216
E00104253,168,39,14,25,129,114,15,23.214285714285715,8.333333333333332,14.880952380952381,76.78571428571429,67.85714285714286,8.928571428571429
E00104254,107,39,20,19,68,53,15,36.44859813084112,18.69158878504673,17.75700934579439,63.55140186915887,49.532710280373834,14.018691588785046
E00104255,97,27,5,22,70,57,13,27.835051546391753,5.154639175257731,22.68041237113402,72.16494845360825,58.76288659793815,13.402061855670103
E00104256,137,29,8,21,108,91,17,21.16788321167883,5.839416058394161,15.328467153284672,78.83211678832117,66.42335766423358,12.408759124087592
E00104257,131,43,16,27,88,72,16,32.82442748091603,12.213740458015266,20.610687022900763,67.17557251908397,54.961832061068705,12.213740458015266
E00104258,122,41,19,22,81,63,18,33.60655737704918,15.573770491803279,18.0327868852459,66.39344262295081,51.63934426229508,14.754098360655737
E00104259,71,19,7,12,52,43,9,26.76056338028169,9.859154929577464,16.901408450704224,73.23943661971832,60.56338028169014,12.676056338028168
E00104260,126,35,8,27,91,72,19,27.77777777777778,6.349206349206349,21.428571428571427,72.22222222222221,57.14285714285714,15.079365079365079
E00104261,107,41,7,34,66,55,11,38.31775700934579,6.5420560747663545,31.775700934579437,61.6822429906542,51.4018691588785,10.2803738317757
E00104262,93,36,17,19,57,44,13,38.70967741935484,18.27956989247312,20.43010752688172,61.29032258064516,47.31182795698925,13.978494623655912
E00104263,102,35,18,17,67,51,16,34.31372549019608,17.647058823529413,16.666666666666664,65.68627450980392,50,15.686274509803921
E00104264,140,55,23,32,85,72,13,39.285714285714285,16.428571428571427,22.857142857142858,60.71428571428571,51.42857142857142,9.285714285714286
E00104265,204,71,34,37,133,100,33,34.80392156862745,16.666666666666664,18.137254901960784,65.19607843137256,49.01960784313725,16.176470588235293
E00104266,169,57,17,40,112,94,18,33.72781065088758,10.059171597633137,23.668639053254438,66.27218934911244,55.62130177514793,10.650887573964498
E00104267,73,30,15,15,43,38,5,41.0958904109589,20.54794520547945,20.54794520547945,58.9041095890411,52.054794520547944,6.8493150684931505
E00104268,83,36,23,13,47,35,12,43.373493975903614,27.710843373493976,15.66265060240964,56.62650602409639,42.168674698795186,14.457831325301203
E00104269,107,34,12,22,73,61,12,31.775700934579437,11.214953271028037,20.5607476635514,68.22429906542055,57.009345794392516,11.214953271028037
E00104270,90,35,9,26,55,46,9,38.88888888888889,10,28.888888888888886,61.111111111111114,51.11111111111111,10
E00104271,109,42,15,27,67,59,8,38.53211009174312,13.761467889908257,24.770642201834864,61.46788990825688,54.12844036697248,7.339449541284404
E00104272,136,47,18,29,89,75,14,34.55882352941176,13.23529411764706,21.323529411764707,65.44117647058823,55.14705882352941,10.294117647058822
E00104273,169,51,16,35,118,102,16,30.17751479289941,9.467455621301776,20.710059171597635,69.8224852071006,60.35502958579882,9.467455621301776
E00104274,95,31,10,21,64,58,6,32.631578947368425,10.526315789473683,22.105263157894736,67.36842105263158,61.05263157894737,6.315789473684211
E00104275,155,50,21,29,105,88,17,32.25806451612903,13.548387096774196,18.70967741935484,67.74193548387096,56.774193548387096,10.967741935483872
E00104276,129,55,14,41,74,63,11,42.63565891472868,10.852713178294573,31.782945736434108,57.36434108527132,48.837209302325576,8.527131782945736
E00104277,92,34,14,20,58,50,8,36.95652173913043,15.217391304347828,21.73913043478261,63.04347826086957,54.347826086956516,8.695652173913043
E00104278,50,19,11,8,31,26,5,38,22,16,62,52,10
E00104279,82,20,9,11,62,52,10,24.390243902439025,10.975609756097562,13.414634146341465,75.60975609756098,63.41463414634146,12.195121951219512
E00104280,107,32,11,21,75,65,10,29.906542056074763,10.2803738317757,19.626168224299064,70.09345794392523,60.747663551401864,9.345794392523365
E00104281,102,30,11,19,72,62,10,29.411764705882355,10.784313725490197,18.627450980392158,70.58823529411765,60.78431372549019,9.803921568627452
E00104282,69,30,9,21,39,36,3,43.47826086956522,13.043478260869565,30.434782608695656,56.52173913043478,52.17391304347826,4.3478260869565215
E00104283,98,38,18,20,60,56,4,38.775510204081634,18.367346938775512,20.408163265306122,61.224489795918366,57.14285714285714,4.081632653061225
E00104284,105,40,17,23,65,53,12,38.095238095238095,16.19047619047619,21.904761904761905,61.904761904761905,50.476190476190474,11.428571428571429
E00104285,161,55,12,43,106,97,9,34.161490683229815,7.453416149068323,26.70807453416149,65.83850931677019,60.24844720496895,5.590062111801243
E00104286,150,60,18,42,90,87,3,40,12,28.000000000000004,60,57.99999999999999,2
E00104287,120,45,10,35,75,60,15,37.5,8.333333333333332,29.166666666666668,62.5,50,12.5
E00104288,127,48,11,37,79,70,9,37.79527559055118,8.661417322834646,29.133858267716533,62.20472440944882,55.118110236220474,7.086614173228346
E00104289,124,47,21,26,77,67,10,37.903225806451616,16.93548387096774,20.967741935483872,62.096774193548384,54.03225806451613,8.064516129032258
E00104290,139,51,23,28,88,74,14,36.69064748201439,16.546762589928058,20.14388489208633,63.30935251798561,53.23741007194245,10.071942446043165
E00104291,135,51,22,29,84,75,9,37.77777777777778,16.296296296296298,21.48148148148148,62.22222222222222,55.55555555555556,6.666666666666667
E00104292,149,63,24,39,86,69,17,42.281879194630875,16.10738255033557,26.174496644295303,57.71812080536913,46.308724832214764,11.409395973154362
E00104293,134,50,22,28,84,75,9,37.3134328358209,16.417910447761194,20.8955223880597,62.68656716417911,55.970149253731336,6.7164179104477615
E00104294,126,43,15,28,83,76,7,34.12698412698413,11.904761904761903,22.22222222222222,65.87301587301587,60.317460317460316,5.555555555555555
E00104295,158,63,24,39,95,82,13,39.87341772151899,15.18987341772152,24.68354430379747,60.12658227848101,51.89873417721519,8.227848101265822
E00104296,161,61,17,44,100,88,12,37.88819875776397,10.559006211180124,27.32919254658385,62.11180124223602,54.6583850931677,7.453416149068323
E00104297,163,62,20,42,101,88,13,38.036809815950924,12.269938650306749,25.766871165644172,61.963190184049076,53.987730061349694,7.975460122699387
E00104298,141,44,10,34,97,86,11,31.20567375886525,7.092198581560284,24.113475177304963,68.79432624113475,60.99290780141844,7.801418439716312
E00104300,134,42,12,30,92,83,9,31.343283582089555,8.955223880597014,22.388059701492537,68.65671641791045,61.940298507462686,6.7164179104477615
E00104301,152,47,16,31,105,89,16,30.92105263157895,10.526315789473683,20.394736842105264,69.07894736842105,58.55263157894737,10.526315789473683
E00104302,88,33,7,26,55,51,4,37.5,7.954545454545454,29.545454545454547,62.5,57.95454545454546,4.545454545454546
E00104303,151,43,13,30,108,95,13,28.47682119205298,8.609271523178808,19.867549668874172,71.52317880794702,62.913907284768214,8.609271523178808
E00104304,180,60,15,45,120,108,12,33.33333333333333,8.333333333333332,25,66.66666666666666,60,6.666666666666667
E00104305,185,57,23,34,128,106,22,30.810810810810814,12.432432432432433,18.37837837837838,69.1891891891892,57.2972972972973,11.891891891891893
E00104306,103,39,17,22,64,53,11,37.86407766990291,16.50485436893204,21.35922330097087,62.13592233009708,51.45631067961165,10.679611650485436
E00104307,165,58,20,38,107,92,15,35.15151515151515,12.121212121212121,23.03030303030303,64.84848484848484,55.757575757575765,9.090909090909092
E00104308,167,65,23,42,102,90,12,38.92215568862276,13.77245508982036,25.149700598802394,61.07784431137725,53.89221556886228,7.18562874251497
E00104309,132,39,11,28,93,81,12,29.545454545454547,8.333333333333332,21.21212121212121,70.45454545454545,61.36363636363637,9.090909090909092
E00104310,131,58,14,44,73,62,11,44.274809160305345,10.687022900763358,33.587786259541986,55.72519083969466,47.32824427480916,8.396946564885496
E00104311,124,42,12,30,82,72,10,33.87096774193548,9.67741935483871,24.193548387096776,66.12903225806451,58.06451612903226,8.064516129032258
E00104312,139,64,16,48,75,59,16,46.043165467625904,11.510791366906476,34.53237410071942,53.956834532374096,42.44604316546763,11.510791366906476
E00104313,101,40,17,23,61,51,10,39.603960396039604,16.831683168316832,22.772277227722775,60.396039603960396,50.495049504950494,9.900990099009901
E00104314,164,50,7,43,114,102,12,30.48780487804878,4.2682926829268295,26.21951219512195,69.51219512195121,62.19512195121951,7.317073170731707
E00104315,129,40,10,30,89,79,10,31.007751937984494,7.751937984496124,23.25581395348837,68.9922480620155,61.240310077519375,7.751937984496124
E00104316,168,48,8,40,120,100,20,28.57142857142857,4.761904761904762,23.809523809523807,71.42857142857143,59.523809523809526,11.904761904761903
E00104317,119,41,7,34,78,71,7,34.45378151260504,5.88235294117647,28.57142857142857,65.54621848739495,59.66386554621849,5.88235294117647
E00104318,170,61,20,41,109,99,10,35.88235294117647,11.76470588235294,24.11764705882353,64.11764705882354,58.235294117647065,5.88235294117647
E00104319,158,62,22,40,96,82,14,39.24050632911392,13.924050632911392,25.31645569620253,60.75949367088608,51.89873417721519,8.860759493670885
E00104320,93,32,12,20,61,56,5,34.40860215053764,12.903225806451612,21.50537634408602,65.59139784946237,60.215053763440864,5.376344086021505
E00104322,127,44,20,24,83,73,10,34.645669291338585,15.748031496062993,18.89763779527559,65.35433070866141,57.48031496062992,7.874015748031496
E00104323,117,38,15,23,79,68,11,32.47863247863248,12.82051282051282,19.65811965811966,67.52136752136752,58.119658119658126,9.401709401709402
E00104324,114,54,17,37,60,47,13,47.368421052631575,14.912280701754385,32.45614035087719,52.63157894736842,41.228070175438596,11.403508771929824
E00104325,91,33,10,23,58,49,9,36.26373626373626,10.989010989010989,25.274725274725274,63.73626373626373,53.84615384615385,9.89010989010989
E00104326,117,45,12,33,72,54,18,38.46153846153847,10.256410256410255,28.205128205128204,61.53846153846154,46.15384615384615,15.384615384615385
E00104327,237,75,25,50,162,130,32,31.645569620253166,10.548523206751055,21.09704641350211,68.35443037974683,54.85232067510548,13.502109704641349
E00104328,111,39,6,33,72,60,12,35.13513513513514,5.405405405405405,29.72972972972973,64.86486486486487,54.054054054054056,10.81081081081081
E00104329,122,39,16,23,83,71,12,31.967213114754102,13.114754098360656,18.852459016393443,68.0327868852459,58.19672131147541,9.836065573770492
E00104330,116,43,10,33,73,63,10,37.06896551724138,8.620689655172415,28.448275862068968,62.93103448275862,54.310344827586206,8.620689655172415
E00104331,111,44,19,25,67,56,11,39.63963963963964,17.117117117117118,22.52252252252252,60.36036036036037,50.45045045045045,9.90990990990991
E00104332,140,52,20,32,88,77,11,37.142857142857146,14.285714285714285,22.857142857142858,62.857142857142854,55.00000000000001,7.857142857142857
E00104333,121,35,14,21,86,74,12,28.92561983471074,11.570247933884298,17.355371900826448,71.07438016528926,61.15702479338842,9.917355371900827
E00104335,85,37,11,26,48,40,8,43.529411764705884,12.941176470588237,30.58823529411765,56.470588235294116,47.05882352941176,9.411764705882353
E00104337,183,64,25,39,119,100,19,34.97267759562842,13.661202185792352,21.311475409836063,65.02732240437157,54.644808743169406,10.382513661202186
E00104338,178,52,15,37,126,114,12,29.213483146067414,8.426966292134832,20.786516853932586,70.78651685393258,64.04494382022472,6.741573033707865
E00104339,109,31,10,21,78,67,11,28.440366972477065,9.174311926605505,19.26605504587156,71.55963302752293,61.46788990825688,10.091743119266056
E00104340,78,37,18,19,41,32,9,47.43589743589743,23.076923076923077,24.358974358974358,52.56410256410257,41.02564102564102,11.538461538461538
E00104341,114,46,20,26,68,57,11,40.35087719298245,17.543859649122805,22.807017543859647,59.64912280701754,50,9.649122807017543
E00104342,121,38,12,26,83,69,14,31.40495867768595,9.917355371900827,21.487603305785125,68.59504132231406,57.02479338842975,11.570247933884298
E00104343,165,57,16,41,108,92,16,34.54545454545455,9.696969696969697,24.848484848484848,65.45454545454545,55.757575757575765,9.696969696969697
E00104344,177,63,14,49,114,99,15,35.59322033898305,7.909604519774012,27.683615819209038,64.40677966101694,55.932203389830505,8.47457627118644
E00104345,176,59,21,38,117,101,16,33.52272727272727,11.931818181818182,21.59090909090909,66.47727272727273,57.38636363636363,9.090909090909092
E00104346,156,52,14,38,104,89,15,33.33333333333333,8.974358974358974,24.358974358974358,66.66666666666666,57.05128205128205,9.615384615384617
E00104347,98,33,12,21,65,58,7,33.6734693877551,12.244897959183673,21.428571428571427,66.3265306122449,59.183673469387756,7.142857142857142
E00104348,97,38,12,26,59,48,11,39.175257731958766,12.371134020618557,26.804123711340207,60.824742268041234,49.48453608247423,11.34020618556701
E00104349,183,55,18,37,128,113,15,30.05464480874317,9.836065573770492,20.21857923497268,69.94535519125684,61.74863387978142,8.19672131147541
E00104350,157,41,14,27,116,96,20,26.11464968152866,8.9171974522293,17.197452229299362,73.88535031847134,61.146496815286625,12.738853503184714
E00104351,110,39,11,28,71,65,6,35.45454545454545,10,25.454545454545453,64.54545454545455,59.09090909090909,5.454545454545454
E00104352,142,46,13,33,96,84,12,32.3943661971831,9.15492957746479,23.239436619718308,67.6056338028169,59.154929577464785,8.450704225352112
E00104353,124,33,11,22,91,74,17,26.61290322580645,8.870967741935484,17.741935483870968,73.38709677419355,59.67741935483871,13.709677419354838
E00104354,165,49,17,32,116,107,9,29.6969696969697,10.303030303030303,19.393939393939394,70.3030303030303,64.84848484848484,5.454545454545454
E00104355,107,42,7,35,65,59,6,39.25233644859813,6.5420560747663545,32.71028037383177,60.747663551401864,55.140186915887845,5.607476635514018
E00104356,91,38,13,25,53,44,9,41.75824175824176,14.285714285714285,27.472527472527474,58.24175824175825,48.35164835164835,9.89010989010989
E00104357,174,58,23,35,116,103,13,33.33333333333333,13.218390804597702,20.114942528735632,66.66666666666666,59.195402298850574,7.471264367816093
E00104358,151,42,9,33,109,97,12,27.81456953642384,5.960264900662252,21.85430463576159,72.18543046357617,64.23841059602648,7.9470198675496695
E00104359,145,44,13,31,101,89,12,30.344827586206897,8.96551724137931,21.379310344827587,69.6551724137931,61.37931034482759,8.275862068965518
E00104361,150,54,18,36,96,76,20,36,12,24,64,50.66666666666667,13.333333333333334
E00104362,171,59,18,41,112,101,11,34.50292397660819,10.526315789473683,23.976608187134502,65.49707602339181,59.06432748538012,6.432748538011696
E00104363,136,45,10,35,91,75,16,33.088235294117645,7.352941176470589,25.735294117647058,66.91176470588235,55.14705882352941,11.76470588235294
E00104364,103,39,16,23,64,55,9,37.86407766990291,15.53398058252427,22.330097087378643,62.13592233009708,53.398058252427184,8.737864077669903
E00104365,131,48,16,32,83,69,14,36.6412213740458,12.213740458015266,24.427480916030532,63.358778625954194,52.67175572519084,10.687022900763358
E00104366,122,48,17,31,74,61,13,39.34426229508197,13.934426229508196,25.40983606557377,60.65573770491803,50,10.655737704918032
E00104367,146,47,11,36,99,86,13,32.19178082191781,7.534246575342466,24.65753424657534,67.8082191780822,58.9041095890411,8.904109589041095
E00104369,141,56,15,41,85,71,14,39.71631205673759,10.638297872340425,29.078014184397162,60.28368794326241,50.35460992907801,9.929078014184398
E00104370,100,32,9,23,68,62,6,32,9,23,68,62,6
E00104371,79,32,6,26,47,39,8,40.50632911392405,7.59493670886076,32.91139240506329,59.49367088607595,49.36708860759494,10.126582278481013
E00104372,176,59,21,38,117,105,12,33.52272727272727,11.931818181818182,21.59090909090909,66.47727272727273,59.65909090909091,6.8181818181818175
E00104373,93,29,8,21,64,56,8,31.182795698924732,8.60215053763441,22.58064516129032,68.81720430107528,60.215053763440864,8.60215053763441
E00104374,162,61,19,42,101,87,14,37.65432098765432,11.728395061728394,25.925925925925924,62.34567901234568,53.70370370370371,8.641975308641975
E00104375,144,51,10,41,93,80,13,35.41666666666667,6.944444444444445,28.47222222222222,64.58333333333334,55.55555555555556,9.027777777777777
E00104376,119,33,6,27,86,67,19,27.73109243697479,5.042016806722689,22.689075630252102,72.26890756302521,56.30252100840336,15.966386554621847
E00104377,133,46,18,28,87,66,21,34.58646616541353,13.533834586466165,21.052631578947366,65.41353383458647,49.62406015037594,15.789473684210526
E00104378,166,65,22,43,101,95,6,39.1566265060241,13.253012048192772,25.903614457831324,60.8433734939759,57.22891566265061,3.614457831325301
E00104379,72,31,10,21,41,34,7,43.05555555555556,13.88888888888889,29.166666666666668,56.94444444444444,47.22222222222222,9.722222222222223
E00104380,117,33,12,21,84,73,11,28.205128205128204,10.256410256410255,17.94871794871795,71.7948717948718,62.39316239316239,9.401709401709402
E00104381,99,34,9,25,65,56,9,34.34343434343434,9.090909090909092,25.252525252525253,65.65656565656566,56.56565656565656,9.090909090909092
E00104382,163,50,14,36,113,89,24,30.67484662576687,8.588957055214724,22.085889570552148,69.32515337423312,54.601226993865026,14.723926380368098
E00104383,90,36,15,21,54,48,6,40,16.666666666666664,23.333333333333332,60,53.333333333333336,6.666666666666667
E00104384,161,56,16,40,105,82,23,34.78260869565217,9.937888198757763,24.84472049689441,65.21739130434783,50.931677018633536,14.285714285714285
E00104385,170,61,24,37,109,99,10,35.88235294117647,14.117647058823529,21.764705882352942,64.11764705882354,58.235294117647065,5.88235294117647
E00104387,141,37,15,22,104,88,16,26.24113475177305,10.638297872340425,15.602836879432624,73.75886524822694,62.4113475177305,11.347517730496454
E00104388,112,37,6,31,75,62,13,33.035714285714285,5.357142857142857,27.67857142857143,66.96428571428571,55.35714285714286,11.607142857142858
E00104389,152,60,26,34,92,75,17,39.473684210526315,17.105263157894736,22.36842105263158,60.526315789473685,49.34210526315789,11.18421052631579
E00104390,170,55,21,34,115,93,22,32.35294117647059,12.352941176470589,20,67.64705882352942,54.70588235294118,12.941176470588237
E00104391,122,44,15,29,78,65,13,36.0655737704918,12.295081967213115,23.770491803278688,63.934426229508205,53.278688524590166,10.655737704918032
E00104392,130,46,19,27,84,72,12,35.38461538461539,14.615384615384617,20.76923076923077,64.61538461538461,55.38461538461539,9.230769230769232
E00104393,65,30,7,23,35,26,9,46.15384615384615,10.76923076923077,35.38461538461539,53.84615384615385,40,13.846153846153847
E00104394,157,57,26,31,100,83,17,36.30573248407643,16.560509554140125,19.745222929936308,63.69426751592356,52.86624203821656,10.828025477707007
E00104395,135,52,14,38,83,70,13,38.51851851851852,10.37037037037037,28.14814814814815,61.48148148148148,51.85185185185185,9.62962962962963
E00104396,152,49,15,34,103,88,15,32.23684210526316,9.868421052631579,22.36842105263158,67.76315789473685,57.89473684210527,9.868421052631579
E00104397,106,33,13,20,73,61,12,31.132075471698112,12.264150943396226,18.867924528301888,68.86792452830188,57.54716981132076,11.320754716981133
E00104398,98,37,23,14,61,52,9,37.755102040816325,23.46938775510204,14.285714285714285,62.244897959183675,53.06122448979592,9.183673469387756
E00104399,142,60,22,38,82,71,11,42.25352112676056,15.492957746478872,26.76056338028169,57.74647887323944,50,7.746478873239436
E00104400,213,76,19,57,137,118,19,35.68075117370892,8.92018779342723,26.76056338028169,64.31924882629107,55.39906103286385,8.92018779342723
E00104401,120,36,13,23,84,70,14,30,10.833333333333334,19.166666666666668,70,58.333333333333336,11.666666666666666
E00104402,134,45,16,29,89,66,23,33.582089552238806,11.940298507462686,21.641791044776117,66.4179104477612,49.25373134328358,17.16417910447761
E00104403,129,35,11,24,94,83,11,27.131782945736433,8.527131782945736,18.6046511627907,72.86821705426357,64.34108527131784,8.527131782945736
E00104404,84,32,11,21,52,43,9,38.095238095238095,13.095238095238097,25,61.904761904761905,51.19047619047619,10.714285714285714
E00104405,83,33,14,19,50,41,9,39.75903614457831,16.867469879518072,22.89156626506024,60.24096385542169,49.39759036144578,10.843373493975903
E00104406,122,49,17,32,73,69,4,40.16393442622951,13.934426229508196,26.229508196721312,59.83606557377049,56.557377049180324,3.278688524590164
E00104407,82,34,15,19,48,38,10,41.46341463414634,18.29268292682927,23.170731707317074,58.536585365853654,46.34146341463415,12.195121951219512
E00104408,89,26,12,14,63,56,7,29.213483146067414,13.48314606741573,15.730337078651685,70.78651685393258,62.92134831460674,7.865168539325842
E00104409,99,29,8,21,70,60,10,29.292929292929294,8.080808080808081,21.21212121212121,70.70707070707071,60.60606060606061,10.1010101010101
E00104410,106,37,14,23,69,58,11,34.90566037735849,13.20754716981132,21.69811320754717,65.09433962264151,54.71698113207547,10.377358490566039
E00104411,73,36,7,29,37,30,7,49.31506849315068,9.58904109589041,39.726027397260275,50.68493150684932,41.0958904109589,9.58904109589041
E00104412,113,41,11,30,72,54,18,36.283185840707965,9.734513274336283,26.548672566371685,63.716814159292035,47.78761061946903,15.929203539823009
E00104413,54,23,11,12,31,24,7,42.592592592592595,20.37037037037037,22.22222222222222,57.407407407407405,44.44444444444444,12.962962962962962
E00104414,79,32,5,27,47,36,11,40.50632911392405,6.329113924050633,34.177215189873415,59.49367088607595,45.56962025316456,13.924050632911392
E00104415,88,30,10,20,58,52,6,34.090909090909086,11.363636363636363,22.727272727272727,65.9090909090909,59.09090909090909,6.8181818181818175
E00104416,103,36,10,26,67,51,16,34.95145631067961,9.70873786407767,25.24271844660194,65.0485436893204,49.51456310679612,15.53398058252427
E00104417,88,32,14,18,56,43,13,36.36363636363637,15.909090909090908,20.454545454545457,63.63636363636363,48.86363636363637,14.772727272727273
E00104418,121,49,13,36,72,64,8,40.49586776859504,10.743801652892563,29.75206611570248,59.50413223140496,52.892561983471076,6.6115702479338845
E00104419,156,45,13,32,111,104,7,28.846153846153843,8.333333333333332,20.51282051282051,71.15384615384616,66.66666666666666,4.487179487179487
E00104420,103,44,13,31,59,52,7,42.71844660194174,12.62135922330097,30.097087378640776,57.28155339805825,50.48543689320388,6.796116504854369
E00104421,108,38,9,29,70,60,10,35.18518518518518,8.333333333333332,26.851851851851855,64.81481481481481,55.55555555555556,9.25925925925926
E00104422,162,43,15,28,119,105,14,26.543209876543212,9.25925925925926,17.28395061728395,73.4567901234568,64.81481481481481,8.641975308641975
E00104423,142,42,15,27,100,87,13,29.577464788732392,10.56338028169014,19.014084507042252,70.4225352112676,61.267605633802816,9.15492957746479
E00104424,134,46,13,33,88,79,9,34.32835820895522,9.701492537313433,24.62686567164179,65.67164179104478,58.95522388059702,6.7164179104477615
E00104425,112,44,15,29,68,56,12,39.285714285714285,13.392857142857142,25.892857142857146,60.71428571428571,50,10.714285714285714
E00104426,108,32,11,21,76,71,5,29.629629629629626,10.185185185185185,19.444444444444446,70.37037037037037,65.74074074074075,4.62962962962963
E00104427,197,72,25,47,125,98,27,36.54822335025381,12.690355329949238,23.85786802030457,63.45177664974619,49.746192893401016,13.705583756345177
E00104428,171,64,21,43,107,88,19,37.42690058479532,12.280701754385964,25.146198830409354,62.57309941520468,51.461988304093566,11.11111111111111
E00104429,87,29,13,16,58,47,11,33.33333333333333,14.942528735632186,18.39080459770115,66.66666666666666,54.02298850574713,12.643678160919542
E00104430,156,38,13,25,118,91,27,24.358974358974358,8.333333333333332,16.025641025641026,75.64102564102564,58.333333333333336,17.307692307692307
E00104431,120,40,15,25,80,68,12,33.33333333333333,12.5,20.833333333333336,66.66666666666666,56.666666666666664,10
E00104432,134,39,9,30,95,91,4,29.1044776119403,6.7164179104477615,22.388059701492537,70.8955223880597,67.91044776119402,2.9850746268656714
E00104433,143,49,16,33,94,83,11,34.26573426573427,11.188811188811188,23.076923076923077,65.73426573426573,58.04195804195804,7.6923076923076925
E00104434,116,45,17,28,71,61,10,38.793103448275865,14.655172413793101,24.137931034482758,61.206896551724135,52.58620689655172,8.620689655172415
E00104435,243,74,31,43,169,130,39,30.45267489711934,12.757201646090536,17.695473251028808,69.54732510288066,53.497942386831276,16.049382716049383
E00104436,146,41,12,29,105,89,16,28.08219178082192,8.21917808219178,19.863013698630137,71.91780821917808,60.95890410958904,10.95890410958904
E00104437,89,23,5,18,66,58,8,25.842696629213485,5.617977528089887,20.224719101123593,74.15730337078652,65.1685393258427,8.98876404494382
E00104438,131,45,18,27,86,72,14,34.35114503816794,13.740458015267176,20.610687022900763,65.64885496183206,54.961832061068705,10.687022900763358
E00104439,154,55,24,31,99,83,16,35.714285714285715,15.584415584415584,20.12987012987013,64.28571428571429,53.896103896103895,10.38961038961039
E00104440,132,52,22,30,80,66,14,39.39393939393939,16.666666666666664,22.727272727272727,60.60606060606061,50,10.606060606060606
E00104441,137,52,21,31,85,75,10,37.95620437956204,15.328467153284672,22.62773722627737,62.04379562043796,54.74452554744526,7.2992700729927
E00104442,170,60,22,38,110,88,22,35.294117647058826,12.941176470588237,22.35294117647059,64.70588235294117,51.76470588235295,12.941176470588237
E00104443,157,50,14,36,107,97,10,31.84713375796178,8.9171974522293,22.929936305732486,68.15286624203821,61.78343949044586,6.369426751592357
E00104444,166,52,17,35,114,95,19,31.32530120481928,10.240963855421686,21.084337349397593,68.67469879518072,57.22891566265061,11.44578313253012
E00104445,173,76,20,56,97,85,12,43.93063583815029,11.560693641618498,32.369942196531795,56.06936416184971,49.13294797687861,6.9364161849710975
E00104446,89,33,10,23,56,51,5,37.07865168539326,11.235955056179774,25.842696629213485,62.92134831460674,57.30337078651685,5.617977528089887
E00104447,157,65,23,42,92,72,20,41.40127388535032,14.64968152866242,26.751592356687897,58.59872611464968,45.85987261146497,12.738853503184714
E00104448,108,37,12,25,71,59,12,34.25925925925926,11.11111111111111,23.14814814814815,65.74074074074075,54.629629629629626,11.11111111111111
E00104449,88,28,16,12,60,51,9,31.818181818181817,18.181818181818183,13.636363636363635,68.18181818181817,57.95454545454546,10.227272727272728
E00104450,152,64,19,45,88,73,15,42.10526315789473,12.5,29.605263157894733,57.89473684210527,48.026315789473685,9.868421052631579
E00104451,129,52,19,33,77,63,14,40.310077519379846,14.728682170542637,25.581395348837212,59.68992248062015,48.837209302325576,10.852713178294573
E00104452,137,46,22,24,91,81,10,33.57664233576642,16.05839416058394,17.51824817518248,66.42335766423358,59.12408759124088,7.2992700729927
E00166076,395,67,29,38,328,227,101,16.962025316455694,7.341772151898734,9.620253164556962,83.0379746835443,57.46835443037974,25.569620253164555
E00166077,121,39,15,24,82,68,14,32.231404958677686,12.396694214876034,19.834710743801654,67.76859504132231,56.19834710743802,11.570247933884298
E00166078,163,64,24,40,99,84,15,39.263803680981596,14.723926380368098,24.539877300613497,60.73619631901841,51.533742331288344,9.202453987730062
E00166079,202,64,14,50,138,115,23,31.683168316831683,6.9306930693069315,24.752475247524753,68.31683168316832,56.930693069306926,11.386138613861387
E00166080,106,27,11,16,79,43,36,25.471698113207548,10.377358490566039,15.09433962264151,74.52830188679245,40.56603773584906,33.9622641509434
E00166081,50,14,7,7,36,27,9,28.000000000000004,14.000000000000002,14.000000000000002,72,54,18
E00166082,190,55,20,35,135,103,32,28.947368421052634,10.526315789473683,18.421052631578945,71.05263157894737,54.21052631578947,16.842105263157894
E00166083,159,56,21,35,103,85,18,35.22012578616352,13.20754716981132,22.0125786163522,64.77987421383648,53.459119496855344,11.320754716981133
E00166084,93,31,16,15,62,50,12,33.33333333333333,17.20430107526882,16.129032258064516,66.66666666666666,53.76344086021505,12.903225806451612
E00166085,77,28,11,17,49,42,7,36.36363636363637,14.285714285714285,22.07792207792208,63.63636363636363,54.54545454545454,9.090909090909092
E00166087,71,23,6,17,48,39,9,32.3943661971831,8.450704225352112,23.943661971830984,67.6056338028169,54.929577464788736,12.676056338028168
E00166088,136,43,16,27,93,80,13,31.61764705882353,11.76470588235294,19.852941176470587,68.38235294117648,58.82352941176471,9.558823529411764
E00166089,58,22,11,11,36,26,10,37.93103448275862,18.96551724137931,18.96551724137931,62.06896551724138,44.827586206896555,17.24137931034483
E00166090,126,41,15,26,85,72,13,32.53968253968254,11.904761904761903,20.634920634920633,67.46031746031747,57.14285714285714,10.317460317460316
E00166091,118,36,10,26,82,79,3,30.508474576271187,8.47457627118644,22.033898305084744,69.49152542372882,66.94915254237289,2.5423728813559325
E00166092,107,39,11,28,68,57,11,36.44859813084112,10.2803738317757,26.168224299065418,63.55140186915887,53.271028037383175,10.2803738317757
E00166093,163,32,9,23,131,120,11,19.631901840490798,5.521472392638037,14.11042944785276,80.3680981595092,73.61963190184049,6.748466257668712
E00166094,128,41,14,27,87,80,7,32.03125,10.9375,21.09375,67.96875,62.5,5.46875
E00166095,113,41,15,26,72,58,14,36.283185840707965,13.274336283185843,23.008849557522122,63.716814159292035,51.32743362831859,12.389380530973451
E00166097,193,55,27,28,138,123,15,28.497409326424872,13.989637305699482,14.507772020725387,71.50259067357513,63.730569948186535,7.772020725388601
E00166098,138,51,22,29,87,77,10,36.95652173913043,15.942028985507244,21.014492753623188,63.04347826086957,55.79710144927537,7.246376811594203
E00166099,99,32,11,21,67,53,14,32.323232323232325,11.11111111111111,21.21212121212121,67.67676767676768,53.535353535353536,14.14141414141414
E00166100,155,55,22,33,100,61,39,35.483870967741936,14.193548387096774,21.29032258064516,64.51612903225806,39.35483870967742,25.161290322580644
E00166101,154,61,21,40,93,82,11,39.61038961038961,13.636363636363635,25.97402597402597,60.3896103896104,53.246753246753244,7.142857142857142
E00171464,164,55,28,27,109,89,20,33.53658536585366,17.073170731707318,16.463414634146343,66.46341463414635,54.268292682926834,12.195121951219512
E00171467,147,37,15,22,110,87,23,25.170068027210885,10.204081632653061,14.965986394557824,74.82993197278913,59.183673469387756,15.646258503401361
E00171468,182,50,22,28,132,105,27,27.472527472527474,12.087912087912088,15.384615384615385,72.52747252747253,57.692307692307686,14.835164835164836
E00171469,139,39,11,28,100,87,13,28.05755395683453,7.913669064748201,20.14388489208633,71.94244604316546,62.589928057553955,9.352517985611511
E00171470,57,20,3,17,37,35,2,35.08771929824561,5.263157894736842,29.82456140350877,64.91228070175438,61.40350877192983,3.508771929824561
E00171471,126,51,25,26,75,53,22,40.476190476190474,19.841269841269842,20.634920634920633,59.523809523809526,42.06349206349206,17.46031746031746
E00171472,134,52,8,44,82,65,17,38.80597014925373,5.970149253731343,32.83582089552239,61.19402985074627,48.507462686567166,12.686567164179104
E00171473,98,43,15,28,55,41,14,43.87755102040816,15.306122448979592,28.57142857142857,56.12244897959183,41.83673469387755,14.285714285714285
E00171474,166,109,48,61,57,48,9,65.66265060240963,28.915662650602407,36.74698795180723,34.33734939759036,28.915662650602407,5.421686746987952
E00171475,95,43,11,32,52,44,8,45.26315789473684,11.578947368421053,33.68421052631579,54.736842105263165,46.31578947368421,8.421052631578947
E00171476,79,34,10,24,45,40,5,43.037974683544306,12.658227848101266,30.37974683544304,56.9620253164557,50.63291139240506,6.329113924050633
E00171477,67,15,6,9,52,43,9,22.388059701492537,8.955223880597014,13.432835820895523,77.61194029850746,64.17910447761194,13.432835820895523
E00171478,118,34,12,22,84,74,10,28.8135593220339,10.16949152542373,18.64406779661017,71.1864406779661,62.71186440677966,8.47457627118644
E00171479,139,46,20,26,93,79,14,33.093525179856115,14.388489208633093,18.705035971223023,66.90647482014388,56.83453237410072,10.071942446043165
E00171736,146,48,15,33,98,86,12,32.87671232876712,10.273972602739725,22.602739726027394,67.12328767123287,58.9041095890411,8.21917808219178
E00171738,148,39,18,21,109,90,19,26.351351351351347,12.162162162162163,14.18918918918919,73.64864864864865,60.810810810810814,12.837837837837837
E00171739,162,55,23,32,107,93,14,33.95061728395062,14.19753086419753,19.753086419753085,66.0493827160494,57.407407407407405,8.641975308641975
E00171741,120,36,17,19,84,70,14,30,14.166666666666666,15.833333333333332,70,58.333333333333336,11.666666666666666
E00171743,132,47,11,36,85,69,16,35.60606060606061,8.333333333333332,27.27272727272727,64.39393939393939,52.27272727272727,12.121212121212121
E00171744,155,50,21,29,105,84,21,32.25806451612903,13.548387096774196,18.70967741935484,67.74193548387096,54.19354838709678,13.548387096774196
E00171746,105,29,16,13,76,64,12,27.61904761904762,15.238095238095239,12.380952380952381,72.38095238095238,60.952380952380956,11.428571428571429
E00171747,141,40,7,33,101,78,23,28.368794326241137,4.964539007092199,23.404255319148938,71.63120567375887,55.319148936170215,16.312056737588655
E00171749,178,54,20,34,124,105,19,30.337078651685395,11.235955056179774,19.101123595505616,69.66292134831461,58.98876404494382,10.674157303370785
E00171750,169,54,21,33,115,97,18,31.952662721893493,12.42603550295858,19.526627218934912,68.04733727810651,57.396449704142015,10.650887573964498
E00171752,133,48,24,24,85,60,25,36.09022556390977,18.045112781954884,18.045112781954884,63.90977443609023,45.11278195488722,18.796992481203006
E00171753,167,54,20,34,113,86,27,32.33532934131736,11.976047904191617,20.359281437125748,67.66467065868264,51.49700598802395,16.16766467065868
E00171755,119,36,8,28,83,70,13,30.252100840336134,6.722689075630252,23.52941176470588,69.74789915966386,58.82352941176471,10.92436974789916
E00171757,175,54,21,33,121,76,45,30.857142857142854,12,18.857142857142858,69.14285714285714,43.42857142857143,25.71428571428571
E00171758,67,20,11,9,47,36,11,29.850746268656714,16.417910447761194,13.432835820895523,70.1492537313433,53.73134328358209,16.417910447761194
E00171760,132,25,8,17,107,92,15,18.939393939393938,6.0606060606060606,12.878787878787879,81.06060606060606,69.6969696969697,11.363636363636363
E00171761,116,32,9,23,84,71,13,27.586206896551722,7.758620689655173,19.82758620689655,72.41379310344827,61.206896551724135,11.206896551724139
E00171763,95,22,8,14,73,67,6,23.157894736842106,8.421052631578947,14.736842105263156,76.84210526315789,70.52631578947368,6.315789473684211
E00171764,110,40,7,33,70,57,13,36.36363636363637,6.363636363636363,30,63.63636363636363,51.81818181818182,11.818181818181818
E00171766,176,41,14,27,135,109,26,23.295454545454543,7.954545454545454,15.340909090909092,76.70454545454545,61.93181818181818,14.772727272727273
E00171767,65,13,3,10,52,32,20,20,4.615384615384616,15.384615384615385,80,49.23076923076923,30.76923076923077
E00171769,67,28,10,18,39,34,5,41.7910447761194,14.925373134328357,26.865671641791046,58.2089552238806,50.74626865671642,7.462686567164178
E00183033,260,91,30,61,169,131,38,35,11.538461538461538,23.46153846153846,65,50.38461538461539,14.615384615384617
E00183034,249,82,39,43,167,96,71,32.93172690763052,15.66265060240964,17.269076305220885,67.06827309236948,38.55421686746988,28.514056224899598
E00183036,252,61,22,39,191,140,51,24.206349206349206,8.73015873015873,15.476190476190476,75.79365079365078,55.55555555555556,20.238095238095237
E00183037,57,22,6,16,35,27,8,38.59649122807017,10.526315789473683,28.07017543859649,61.40350877192983,47.368421052631575,14.035087719298245
E00183038,298,96,26,70,202,171,31,32.21476510067114,8.724832214765101,23.48993288590604,67.78523489932886,57.38255033557047,10.40268456375839
E00183039,35,11,2,9,24,21,3,31.428571428571427,5.714285714285714,25.71428571428571,68.57142857142857,60,8.571428571428571
E00183040,170,60,20,40,110,97,13,35.294117647058826,11.76470588235294,23.52941176470588,64.70588235294117,57.05882352941176,7.647058823529412
E00183041,56,18,6,12,38,30,8,32.142857142857146,10.714285714285714,21.428571428571427,67.85714285714286,53.57142857142857,14.285714285714285
E00183042,117,27,8,19,90,79,11,23.076923076923077,6.837606837606838,16.23931623931624,76.92307692307693,67.52136752136752,9.401709401709402
E00183043,273,90,37,53,183,165,18,32.967032967032964,13.553113553113553,19.413919413919416,67.03296703296702,60.43956043956044,6.593406593406594
E00183044,147,43,14,29,104,88,16,29.25170068027211,9.523809523809524,19.727891156462583,70.74829931972789,59.863945578231295,10.884353741496598
E00183045,190,85,38,47,105,89,16,44.73684210526316,20,24.736842105263158,55.26315789473685,46.8421052631579,8.421052631578947
E00183046,69,20,4,16,49,36,13,28.985507246376812,5.797101449275362,23.18840579710145,71.01449275362319,52.17391304347826,18.84057971014493
E00183047,104,27,8,19,77,64,13,25.961538461538463,7.6923076923076925,18.269230769230766,74.03846153846155,61.53846153846154,12.5
E00183048,99,30,10,20,69,56,13,30.303030303030305,10.1010101010101,20.2020202020202,69.6969696969697,56.56565656565656,13.131313131313133
E00183049,137,43,11,32,94,89,5,31.386861313868614,8.02919708029197,23.357664233576642,68.61313868613139,64.96350364963503,3.64963503649635
E00183050,138,34,4,30,104,94,10,24.637681159420293,2.898550724637681,21.73913043478261,75.36231884057972,68.11594202898551,7.246376811594203
E00183051,97,34,10,24,63,57,6,35.051546391752574,10.309278350515463,24.742268041237114,64.94845360824742,58.76288659793815,6.185567010309279
E00183052,120,36,13,23,84,51,33,30,10.833333333333334,19.166666666666668,70,42.5,27.500000000000004
E00183053,54,27,14,13,27,22,5,50,25.925925925925924,24.074074074074073,50,40.74074074074074,9.25925925925926
E00183054,113,34,13,21,79,66,13,30.08849557522124,11.504424778761061,18.58407079646018,69.91150442477876,58.4070796460177,11.504424778761061
E00183055,34,8,5,3,26,21,5,23.52941176470588,14.705882352941178,8.823529411764707,76.47058823529412,61.76470588235294,14.705882352941178
E00183056,191,44,18,26,147,128,19,23.036649214659686,9.424083769633508,13.612565445026178,76.96335078534031,67.01570680628272,9.947643979057592
E00183057,137,63,26,37,74,47,27,45.98540145985402,18.97810218978102,27.00729927007299,54.01459854014598,34.306569343065696,19.708029197080293
E00183058,114,33,13,20,81,68,13,28.947368421052634,11.403508771929824,17.543859649122805,71.05263157894737,59.64912280701754,11.403508771929824
E00183059,216,54,15,39,162,122,40,25,6.944444444444445,18.055555555555554,75,56.481481481481474,18.51851851851852
E00183060,258,80,22,58,178,160,18,31.007751937984494,8.527131782945736,22.48062015503876,68.9922480620155,62.01550387596899,6.976744186046512
E00183061,112,38,16,22,74,61,13,33.92857142857143,14.285714285714285,19.642857142857142,66.07142857142857,54.46428571428571,11.607142857142858
E00183062,70,20,7,13,50,45,5,28.57142857142857,10,18.571428571428573,71.42857142857143,64.28571428571429,7.142857142857142
E00183063,201,68,29,39,133,92,41,33.83084577114428,14.427860696517413,19.402985074626866,66.16915422885572,45.77114427860697,20.398009950248756
E00183064,47,13,6,7,34,30,4,27.659574468085108,12.76595744680851,14.893617021276595,72.3404255319149,63.829787234042556,8.51063829787234
E00183065,98,45,24,21,53,38,15,45.91836734693878,24.489795918367346,21.428571428571427,54.08163265306123,38.775510204081634,15.306122448979592
E00183066,265,85,33,52,180,139,41,32.075471698113205,12.452830188679245,19.622641509433965,67.9245283018868,52.45283018867924,15.471698113207546
E00183067,45,15,5,10,30,27,3,33.33333333333333,11.11111111111111,22.22222222222222,66.66666666666666,60,6.666666666666667
E00183068,147,63,19,44,84,74,10,42.857142857142854,12.925170068027212,29.931972789115648,57.14285714285714,50.34013605442177,6.802721088435375
E00183069,254,77,22,55,177,148,29,30.314960629921263,8.661417322834646,21.653543307086615,69.68503937007874,58.26771653543307,11.41732283464567
E00183070,37,15,4,11,22,19,3,40.54054054054054,10.81081081081081,29.72972972972973,59.45945945945946,51.35135135135135,8.108108108108109
E00183071,264,93,36,57,171,143,28,35.22727272727273,13.636363636363635,21.59090909090909,64.77272727272727,54.166666666666664,10.606060606060606
E00183072,151,44,14,30,107,95,12,29.13907284768212,9.271523178807946,19.867549668874172,70.86092715231787,62.913907284768214,7.9470198675496695
E00183073,220,55,24,31,165,133,32,25,10.909090909090908,14.09090909090909,75,60.45454545454545,14.545454545454545
E00183074,114,50,20,30,64,48,16,43.859649122807014,17.543859649122805,26.31578947368421,56.14035087719298,42.10526315789473,14.035087719298245
E00183075,107,41,10,31,66,55,11,38.31775700934579,9.345794392523365,28.971962616822427,61.6822429906542,51.4018691588785,10.2803738317757
E00183076,121,39,18,21,82,71,11,32.231404958677686,14.87603305785124,17.355371900826448,67.76859504132231,58.67768595041323,9.090909090909092
E00183077,39,14,6,8,25,22,3,35.8974358974359,15.384615384615385,20.51282051282051,64.1025641025641,56.41025641025641,7.6923076923076925
E00183078,257,64,22,42,193,170,23,24.90272373540856,8.560311284046692,16.342412451361866,75.09727626459144,66.14785992217898,8.949416342412452
E00183079,63,27,7,20,36,32,4,42.857142857142854,11.11111111111111,31.746031746031743,57.14285714285714,50.79365079365079,6.349206349206349
E00183080,139,54,22,32,85,72,13,38.84892086330935,15.827338129496402,23.021582733812952,61.15107913669065,51.798561151079134,9.352517985611511
E00183081,177,45,11,34,132,115,17,25.423728813559322,6.214689265536723,19.2090395480226,74.57627118644068,64.97175141242938,9.6045197740113
E00183082,205,63,21,42,142,121,21,30.73170731707317,10.24390243902439,20.48780487804878,69.26829268292683,59.02439024390244,10.24390243902439
E00183083,35,12,1,11,23,15,8,34.285714285714285,2.857142857142857,31.428571428571427,65.71428571428571,42.857142857142854,22.857142857142858
E00183085,112,34,10,24,78,65,13,30.357142857142854,8.928571428571429,21.428571428571427,69.64285714285714,58.03571428571429,11.607142857142858
E00183086,250,51,22,29,199,161,38,20.4,8.799999999999999,11.600000000000001,79.60000000000001,64.4,15.2
E00183087,141,47,13,34,94,79,15,33.33333333333333,9.219858156028367,24.113475177304963,66.66666666666666,56.02836879432624,10.638297872340425
E00183089,54,13,4,9,41,32,9,24.074074074074073,7.4074074074074066,16.666666666666664,75.92592592592592,59.25925925925925,16.666666666666664
E00183090,192,58,17,41,134,112,22,30.208333333333332,8.854166666666668,21.354166666666664,69.79166666666666,58.333333333333336,11.458333333333332
E00183091,88,25,6,19,63,49,14,28.40909090909091,6.8181818181818175,21.59090909090909,71.5909090909091,55.68181818181818,15.909090909090908
E00183092,136,40,16,24,96,84,12,29.411764705882355,11.76470588235294,17.647058823529413,70.58823529411765,61.76470588235294,8.823529411764707
E00183093,90,40,9,31,50,47,3,44.44444444444444,10,34.44444444444444,55.55555555555556,52.22222222222223,3.3333333333333335
