OA,ts0380001,ts0380002,ts0380003,ts0380004,ts0380005,ts0380006,ts0380007,ts0380002_PCT,ts0380003_PCT,ts0380004_PCT,ts0380005_PCT,ts0380006_PCT,ts0380007_PCT
E00103235,303,40,9,31,263,27,236,13.2013201320132,2.9702970297029703,10.231023102310232,86.79867986798679,8.91089108910891,77.88778877887789
E00103236,364,52,15,37,312,39,273,14.285714285714285,4.1208791208791204,10.164835164835164,85.71428571428571,10.714285714285714,75
E00103237,261,52,22,30,209,26,183,19.923371647509576,8.42911877394636,11.494252873563218,80.07662835249042,9.961685823754788,70.11494252873564
E00103238,297,56,20,36,241,34,207,18.855218855218855,6.7340067340067336,12.121212121212121,81.14478114478115,11.447811447811448,69.6969696969697
E00103239,305,33,11,22,272,24,248,10.819672131147541,3.606557377049181,7.213114754098362,89.18032786885246,7.868852459016394,81.31147540983606
E00103240,389,61,27,34,328,26,302,15.681233933161954,6.940874035989718,8.740359897172237,84.31876606683805,6.683804627249357,77.6349614395887
E00103241,329,49,27,22,280,30,250,14.893617021276595,8.206686930091186,6.68693009118541,85.1063829787234,9.118541033434651,75.98784194528876
E00103242,326,52,16,36,274,35,239,15.950920245398773,4.9079754601226995,11.042944785276074,84.04907975460122,10.736196319018406,73.31288343558282
E00103243,294,61,23,38,233,28,205,20.74829931972789,7.8231292517006805,12.925170068027212,79.25170068027211,9.523809523809524,69.72789115646259
E00103244,340,55,19,36,285,23,262,16.176470588235293,5.588235294117648,10.588235294117647,83.82352941176471,6.764705882352941,77.05882352941177
E00103245,325,69,28,41,256,25,231,21.23076923076923,8.615384615384615,12.615384615384615,78.76923076923077,7.6923076923076925,71.07692307692308
E00103246,216,50,13,37,166,13,153,23.14814814814815,6.018518518518518,17.12962962962963,76.85185185185185,6.018518518518518,70.83333333333334
E00103247,245,47,16,31,198,18,180,19.183673469387756,6.530612244897959,12.653061224489795,80.81632653061224,7.346938775510205,73.46938775510205
E00103248,259,59,26,33,200,24,176,22.779922779922778,10.038610038610038,12.741312741312742,77.22007722007721,9.266409266409266,67.95366795366795
E00103249,272,42,12,30,230,25,205,15.441176470588236,4.411764705882353,11.029411764705882,84.55882352941177,9.191176470588236,75.36764705882352
E00103250,281,48,14,34,233,18,215,17.08185053380783,4.98220640569395,12.099644128113878,82.91814946619218,6.405693950177936,76.51245551601423
E00103251,279,48,16,32,231,28,203,17.20430107526882,5.734767025089606,11.469534050179211,82.79569892473118,10.03584229390681,72.75985663082437
E00103252,217,87,42,45,130,15,115,40.09216589861751,19.35483870967742,20.737327188940093,59.907834101382484,6.912442396313365,52.995391705069125
E00103253,265,70,37,33,195,25,170,26.41509433962264,13.962264150943396,12.452830188679245,73.58490566037736,9.433962264150944,64.15094339622641
E00103254,333,53,15,38,280,26,254,15.915915915915916,4.504504504504505,11.411411411411411,84.08408408408408,7.807807807807808,76.27627627627628
E00103255,296,20,3,17,276,27,249,6.756756756756757,1.0135135135135136,5.743243243243244,93.24324324324324,9.121621621621621,84.12162162162163
E00103256,316,48,19,29,268,35,233,15.18987341772152,6.012658227848101,9.177215189873419,84.81012658227847,11.075949367088606,73.73417721518987
E00103257,304,53,16,37,251,27,224,17.434210526315788,5.263157894736842,12.171052631578947,82.56578947368422,8.881578947368421,73.68421052631578
E00103258,272,35,5,30,237,25,212,12.867647058823529,1.8382352941176472,11.029411764705882,87.13235294117648,9.191176470588236,77.94117647058823
E00103259,291,41,15,26,250,23,227,14.0893470790378,5.154639175257731,8.934707903780069,85.91065292096219,7.903780068728522,78.00687285223368
E00103260,351,71,17,54,280,34,246,20.22792022792023,4.843304843304843,15.384615384615385,79.77207977207978,9.686609686609685,70.08547008547008
E00103261,325,56,22,34,269,25,244,17.23076923076923,6.769230769230769,10.461538461538462,82.76923076923077,7.6923076923076925,75.07692307692308
E00103262,353,49,11,38,304,37,267,13.881019830028329,3.1161473087818696,10.764872521246458,86.11898016997166,10.48158640226629,75.63739376770539
E00103263,284,53,20,33,231,30,201,18.661971830985916,7.042253521126761,11.619718309859154,81.33802816901408,10.56338028169014,70.77464788732394
E00103264,323,52,28,24,271,39,232,16.09907120743034,8.6687306501548,7.430340557275541,83.90092879256966,12.074303405572756,71.8266253869969
E00103265,306,41,6,35,265,33,232,13.398692810457517,1.9607843137254901,11.437908496732026,86.60130718954248,10.784313725490197,75.81699346405229
E00103266,337,53,19,34,284,23,261,15.727002967359049,5.637982195845697,10.089020771513352,84.27299703264094,6.824925816023739,77.44807121661721
E00103267,280,50,20,30,230,23,207,17.857142857142858,7.142857142857142,10.714285714285714,82.14285714285714,8.214285714285714,73.92857142857143
E00103268,332,35,8,27,297,30,267,10.542168674698797,2.4096385542168677,8.132530120481928,89.45783132530121,9.036144578313253,80.42168674698796
E00103270,277,48,11,37,229,18,211,17.328519855595665,3.9711191335740073,13.357400722021662,82.67148014440433,6.4981949458483745,76.17328519855594
E00103271,310,40,16,24,270,29,241,12.903225806451612,5.161290322580645,7.741935483870968,87.09677419354838,9.35483870967742,77.74193548387098
E00103272,329,47,20,27,282,30,252,14.285714285714285,6.079027355623101,8.206686930091186,85.71428571428571,9.118541033434651,76.59574468085107
E00103273,506,60,22,38,446,43,403,11.857707509881422,4.3478260869565215,7.5098814229249005,88.14229249011858,8.49802371541502,79.64426877470355
E00103274,231,32,7,25,199,27,172,13.852813852813853,3.0303030303030303,10.822510822510822,86.14718614718615,11.688311688311687,74.45887445887446
E00103275,202,28,5,23,174,17,157,13.861386138613863,2.4752475247524752,11.386138613861387,86.13861386138613,8.415841584158416,77.72277227722772
E00103276,324,46,13,33,278,22,256,14.19753086419753,4.012345679012346,10.185185185185185,85.80246913580247,6.790123456790123,79.01234567901234
E00103277,274,35,12,23,239,20,219,12.773722627737227,4.37956204379562,8.394160583941606,87.22627737226277,7.2992700729927,79.92700729927007
E00103278,346,46,12,34,300,36,264,13.294797687861271,3.4682080924855487,9.826589595375722,86.70520231213872,10.404624277456648,76.30057803468208
E00103279,329,44,12,32,285,36,249,13.37386018237082,3.64741641337386,9.72644376899696,86.62613981762918,10.94224924012158,75.6838905775076
E00103280,305,55,24,31,250,30,220,18.0327868852459,7.868852459016394,10.163934426229508,81.9672131147541,9.836065573770492,72.1311475409836
E00103281,391,44,11,33,347,30,317,11.253196930946292,2.813299232736573,8.439897698209718,88.7468030690537,7.672634271099745,81.07416879795396
E00103282,352,52,13,39,300,37,263,14.772727272727273,3.6931818181818183,11.079545454545455,85.22727272727273,10.511363636363637,74.7159090909091
E00103283,302,43,16,27,259,40,219,14.23841059602649,5.298013245033113,8.940397350993377,85.76158940397352,13.245033112582782,72.51655629139073
E00103284,317,43,20,23,274,25,249,13.564668769716087,6.309148264984227,7.255520504731862,86.43533123028391,7.886435331230284,78.54889589905363
E00103285,313,53,18,35,260,25,235,16.93290734824281,5.7507987220447285,11.182108626198083,83.06709265175719,7.987220447284344,75.07987220447284
E00103286,302,49,18,31,253,29,224,16.225165562913908,5.960264900662252,10.264900662251655,83.77483443708608,9.602649006622517,74.17218543046357
E00103287,201,36,13,23,165,27,138,17.91044776119403,6.467661691542288,11.442786069651742,82.08955223880598,13.432835820895523,68.65671641791045
E00103288,352,52,15,37,300,28,272,14.772727272727273,4.261363636363636,10.511363636363637,85.22727272727273,7.954545454545454,77.27272727272727
E00103289,431,55,20,35,376,44,332,12.761020881670534,4.640371229698376,8.120649651972158,87.23897911832947,10.208816705336426,77.03016241299304
E00103290,326,61,29,32,265,21,244,18.711656441717793,8.895705521472392,9.815950920245399,81.28834355828221,6.441717791411043,74.84662576687117
E00103291,306,58,20,38,248,24,224,18.954248366013072,6.535947712418301,12.418300653594772,81.04575163398692,7.8431372549019605,73.20261437908496
E00103292,326,51,13,38,275,37,238,15.644171779141105,3.9877300613496933,11.65644171779141,84.3558282208589,11.349693251533742,73.00613496932516
E00103293,458,64,36,28,394,37,357,13.973799126637553,7.860262008733625,6.11353711790393,86.02620087336244,8.078602620087336,77.9475982532751
E00103294,393,99,32,67,294,30,264,25.190839694656486,8.142493638676845,17.048346055979643,74.80916030534351,7.633587786259542,67.17557251908397
E00103295,279,36,7,29,243,24,219,12.903225806451612,2.5089605734767026,10.39426523297491,87.09677419354838,8.60215053763441,78.49462365591397
E00103296,336,54,14,40,282,19,263,16.071428571428573,4.166666666666666,11.904761904761903,83.92857142857143,5.654761904761905,78.27380952380952
E00103297,268,67,31,36,201,22,179,25,11.567164179104477,13.432835820895523,75,8.208955223880597,66.7910447761194
E00103298,253,44,7,37,209,18,191,17.391304347826086,2.766798418972332,14.624505928853754,82.6086956521739,7.114624505928854,75.49407114624506
E00103299,294,40,14,26,254,22,232,13.60544217687075,4.761904761904762,8.843537414965986,86.39455782312925,7.482993197278912,78.91156462585033
E00103300,292,61,22,39,231,34,197,20.89041095890411,7.534246575342466,13.356164383561644,79.1095890410959,11.643835616438356,67.46575342465754
E00103301,290,43,15,28,247,22,225,14.827586206896552,5.172413793103448,9.655172413793103,85.17241379310346,7.586206896551724,77.58620689655173
E00103302,268,49,17,32,219,27,192,18.28358208955224,6.343283582089552,11.940298507462686,81.71641791044776,10.074626865671641,71.64179104477611
E00103303,315,42,8,34,273,29,244,13.333333333333334,2.5396825396825395,10.793650793650794,86.66666666666667,9.206349206349207,77.46031746031747
E00103304,257,78,36,42,179,22,157,30.35019455252918,14.007782101167315,16.342412451361866,69.64980544747081,8.560311284046692,61.08949416342413
E00103305,270,36,7,29,234,29,205,13.333333333333334,2.5925925925925926,10.74074074074074,86.66666666666667,10.74074074074074,75.92592592592592
E00103306,282,37,15,22,245,33,212,13.120567375886525,5.319148936170213,7.801418439716312,86.87943262411348,11.702127659574469,75.177304964539
E00103307,292,42,18,24,250,25,225,14.383561643835616,6.164383561643835,8.21917808219178,85.61643835616438,8.561643835616438,77.05479452054794
E00103308,329,47,15,32,282,16,266,14.285714285714285,4.5592705167173255,9.72644376899696,85.71428571428571,4.86322188449848,80.85106382978722
E00103309,324,40,11,29,284,21,263,12.345679012345679,3.3950617283950617,8.950617283950617,87.65432098765432,6.481481481481481,81.17283950617285
E00103310,305,40,15,25,265,33,232,13.114754098360656,4.918032786885246,8.19672131147541,86.88524590163934,10.819672131147541,76.0655737704918
E00103311,277,61,24,37,216,23,193,22.021660649819495,8.664259927797833,13.357400722021662,77.9783393501805,8.303249097472925,69.67509025270758
E00103312,130,23,12,11,107,10,97,17.692307692307693,9.230769230769232,8.461538461538462,82.3076923076923,7.6923076923076925,74.61538461538461
E00103313,203,45,18,27,158,14,144,22.167487684729064,8.866995073891626,13.30049261083744,77.83251231527095,6.896551724137931,70.93596059113301
E00103314,392,59,19,40,333,18,315,15.051020408163266,4.846938775510204,10.204081632653061,84.94897959183673,4.591836734693878,80.35714285714286
E00103315,395,53,18,35,342,28,314,13.41772151898734,4.556962025316456,8.860759493670885,86.58227848101265,7.088607594936709,79.49367088607595
E00103316,137,33,11,22,104,10,94,24.087591240875913,8.02919708029197,16.05839416058394,75.91240875912408,7.2992700729927,68.61313868613139
E00103317,298,98,51,47,200,8,192,32.88590604026846,17.114093959731544,15.771812080536913,67.11409395973155,2.684563758389262,64.42953020134227
E00103318,208,38,10,28,170,19,151,18.269230769230766,4.807692307692308,13.461538461538462,81.73076923076923,9.134615384615383,72.59615384615384
E00103319,301,61,21,40,240,17,223,20.26578073089701,6.976744186046512,13.2890365448505,79.734219269103,5.647840531561462,74.08637873754152
E00103321,285,55,24,31,230,17,213,19.298245614035086,8.421052631578947,10.87719298245614,80.7017543859649,5.964912280701754,74.73684210526315
E00103322,301,60,22,38,241,19,222,19.93355481727575,7.308970099667775,12.624584717607974,80.06644518272425,6.312292358803987,73.75415282392026
E00103323,390,94,49,45,296,43,253,24.102564102564102,12.564102564102564,11.538461538461538,75.8974358974359,11.025641025641026,64.87179487179488
E00103324,300,55,20,35,245,20,225,18.333333333333332,6.666666666666667,11.666666666666666,81.66666666666667,6.666666666666667,75
E00103325,235,46,20,26,189,24,165,19.574468085106382,8.51063829787234,11.063829787234042,80.42553191489363,10.212765957446807,70.2127659574468
E00103326,339,59,29,30,280,38,242,17.404129793510325,8.55457227138643,8.849557522123893,82.59587020648968,11.209439528023598,71.38643067846607
E00103327,133,65,31,34,68,7,61,48.87218045112782,23.308270676691727,25.563909774436087,51.127819548872175,5.263157894736842,45.86466165413533
E00103328,311,66,17,49,245,35,210,21.221864951768488,5.466237942122187,15.755627009646304,78.77813504823152,11.254019292604502,67.52411575562701
E00103329,135,53,25,28,82,8,74,39.25925925925926,18.51851851851852,20.74074074074074,60.74074074074074,5.9259259259259265,54.81481481481482
E00103330,272,50,18,32,222,20,202,18.38235294117647,6.61764705882353,11.76470588235294,81.61764705882352,7.352941176470589,74.26470588235294
E00103331,296,61,20,41,235,20,215,20.60810810810811,6.756756756756757,13.85135135135135,79.3918918918919,6.756756756756757,72.63513513513513
E00103332,298,80,29,51,218,20,198,26.845637583892618,9.731543624161073,17.114093959731544,73.15436241610739,6.7114093959731544,66.44295302013423
E00103333,355,66,23,43,289,27,262,18.591549295774648,6.478873239436619,12.112676056338028,81.40845070422536,7.605633802816901,73.80281690140845
E00103334,382,97,50,47,285,51,234,25.392670157068064,13.089005235602095,12.30366492146597,74.60732984293193,13.350785340314136,61.25654450261781
E00103335,303,86,46,40,217,22,195,28.38283828382838,15.181518151815181,13.2013201320132,71.61716171617162,7.2607260726072615,64.35643564356435
E00103336,280,117,54,63,163,19,144,41.785714285714285,19.28571428571429,22.5,58.214285714285715,6.785714285714286,51.42857142857142
E00103337,211,51,28,23,160,20,140,24.170616113744074,13.270142180094787,10.90047393364929,75.82938388625593,9.47867298578199,66.35071090047393
E00103338,286,39,15,24,247,22,225,13.636363636363635,5.244755244755245,8.391608391608392,86.36363636363636,7.6923076923076925,78.67132867132867
E00103339,353,88,51,37,265,25,240,24.929178470254957,14.44759206798867,10.48158640226629,75.07082152974505,7.0821529745042495,67.98866855524079
E00103340,289,70,33,37,219,26,193,24.22145328719723,11.418685121107266,12.802768166089965,75.77854671280276,8.996539792387544,66.78200692041523
E00103341,203,45,19,26,158,19,139,22.167487684729064,9.35960591133005,12.807881773399016,77.83251231527095,9.35960591133005,68.4729064039409
E00103342,348,69,25,44,279,16,263,19.82758620689655,7.183908045977011,12.643678160919542,80.17241379310344,4.597701149425287,75.57471264367817
E00103343,308,53,20,33,255,21,234,17.20779220779221,6.493506493506493,10.714285714285714,82.79220779220779,6.8181818181818175,75.97402597402598
E00103344,289,58,24,34,231,37,194,20.069204152249135,8.304498269896193,11.76470588235294,79.93079584775087,12.802768166089965,67.1280276816609
E00103345,354,53,19,34,301,33,268,14.971751412429379,5.367231638418079,9.6045197740113,85.02824858757062,9.322033898305085,75.70621468926554
E00103346,302,77,33,44,225,17,208,25.496688741721858,10.927152317880795,14.56953642384106,74.50331125827815,5.629139072847682,68.87417218543047
E00103347,352,109,53,56,243,23,220,30.96590909090909,15.056818181818182,15.909090909090908,69.0340909090909,6.534090909090909,62.5
E00103348,245,87,32,55,158,31,127,35.51020408163265,13.061224489795919,22.448979591836736,64.48979591836735,12.653061224489795,51.83673469387755
E00103349,285,54,20,34,231,29,202,18.947368421052634,7.017543859649122,11.929824561403509,81.05263157894737,10.175438596491228,70.87719298245614
E00103350,245,38,14,24,207,13,194,15.510204081632653,5.714285714285714,9.795918367346939,84.48979591836735,5.3061224489795915,79.18367346938776
E00103351,198,31,11,20,167,19,148,15.656565656565657,5.555555555555555,10.1010101010101,84.34343434343434,9.595959595959595,74.74747474747475
E00103352,264,32,15,17,232,20,212,12.121212121212121,5.681818181818182,6.4393939393939394,87.87878787878788,7.575757575757576,80.3030303030303
E00103353,219,41,10,31,178,19,159,18.72146118721461,4.5662100456621,14.15525114155251,81.27853881278538,8.67579908675799,72.6027397260274
E00103354,364,66,25,41,298,34,264,18.13186813186813,6.868131868131869,11.263736263736265,81.86813186813187,9.340659340659341,72.52747252747253
E00103355,287,54,16,38,233,33,200,18.81533101045296,5.574912891986063,13.240418118466899,81.18466898954703,11.498257839721255,69.68641114982579
E00103356,292,37,13,24,255,26,229,12.67123287671233,4.4520547945205475,8.21917808219178,87.32876712328768,8.904109589041095,78.42465753424658
E00103357,257,53,17,36,204,22,182,20.622568093385212,6.614785992217899,14.007782101167315,79.37743190661479,8.560311284046692,70.8171206225681
E00103358,412,62,29,33,350,30,320,15.048543689320388,7.038834951456311,8.009708737864079,84.9514563106796,7.281553398058252,77.66990291262135
E00103359,158,16,1,15,142,14,128,10.126582278481013,0.6329113924050633,9.49367088607595,89.87341772151899,8.860759493670885,81.0126582278481
E00103360,443,60,24,36,383,32,351,13.544018058690746,5.417607223476298,8.126410835214447,86.45598194130926,7.223476297968396,79.23250564334086
E00103361,342,56,24,32,286,23,263,16.374269005847953,7.017543859649122,9.35672514619883,83.62573099415205,6.725146198830409,76.90058479532163
E00103362,336,51,19,32,285,37,248,15.178571428571427,5.654761904761905,9.523809523809524,84.82142857142857,11.011904761904761,73.80952380952381
E00103363,327,52,16,36,275,30,245,15.902140672782874,4.892966360856269,11.009174311926607,84.09785932721712,9.174311926605505,74.92354740061162
E00103364,316,32,11,21,284,33,251,10.126582278481013,3.481012658227848,6.6455696202531636,89.87341772151899,10.443037974683545,79.43037974683544
E00103365,493,107,41,66,386,37,349,21.703853955375255,8.316430020283976,13.387423935091277,78.29614604462475,7.505070993914807,70.79107505070994
E00103366,277,60,31,29,217,26,191,21.660649819494584,11.191335740072201,10.469314079422382,78.33935018050542,9.386281588447654,68.95306859205776
E00103368,301,37,8,29,264,30,234,12.29235880398671,2.6578073089700998,9.634551495016613,87.70764119601328,9.966777408637874,77.74086378737542
E00103370,558,92,32,60,466,34,432,16.48745519713262,5.734767025089606,10.75268817204301,83.51254480286738,6.093189964157706,77.41935483870968
E00103371,300,69,20,49,231,23,208,23,6.666666666666667,16.333333333333332,77,7.666666666666666,69.33333333333334
E00103373,383,88,43,45,295,22,273,22.97650130548303,11.22715404699739,11.74934725848564,77.02349869451697,5.7441253263707575,71.27937336814621
E00103374,287,51,18,33,236,29,207,17.770034843205575,6.2717770034843205,11.498257839721255,82.22996515679442,10.104529616724738,72.12543554006969
E00103375,336,46,22,24,290,35,255,13.690476190476192,6.547619047619048,7.142857142857142,86.30952380952381,10.416666666666668,75.89285714285714
E00103376,165,47,19,28,118,25,93,28.484848484848484,11.515151515151516,16.969696969696972,71.51515151515152,15.151515151515152,56.36363636363636
E00103377,294,62,26,36,232,32,200,21.08843537414966,8.843537414965986,12.244897959183673,78.91156462585033,10.884353741496598,68.02721088435374
E00103378,330,50,14,36,280,21,259,15.151515151515152,4.242424242424243,10.909090909090908,84.84848484848484,6.363636363636363,78.48484848484848
E00103379,299,46,13,33,253,28,225,15.384615384615385,4.3478260869565215,11.036789297658862,84.61538461538461,9.364548494983277,75.25083612040135
E00103380,345,44,12,32,301,31,270,12.753623188405797,3.4782608695652173,9.27536231884058,87.2463768115942,8.985507246376812,78.26086956521739
E00103381,364,47,17,30,317,35,282,12.912087912087914,4.670329670329671,8.241758241758241,87.08791208791209,9.615384615384617,77.47252747252747
E00103382,348,52,19,33,296,33,263,14.942528735632186,5.459770114942529,9.482758620689655,85.0574712643678,9.482758620689655,75.57471264367817
E00103383,255,54,21,33,201,19,182,21.176470588235293,8.235294117647058,12.941176470588237,78.82352941176471,7.450980392156863,71.37254901960785
E00103384,258,53,21,32,205,27,178,20.54263565891473,8.13953488372093,12.4031007751938,79.45736434108527,10.465116279069768,68.9922480620155
E00103385,294,59,20,39,235,17,218,20.068027210884352,6.802721088435375,13.26530612244898,79.93197278911565,5.782312925170068,74.14965986394559
E00103386,371,62,21,41,309,22,287,16.711590296495956,5.660377358490567,11.05121293800539,83.28840970350404,5.929919137466308,77.35849056603774
E00103387,227,66,26,40,161,21,140,29.074889867841406,11.45374449339207,17.62114537444934,70.92511013215858,9.251101321585903,61.67400881057269
E00103388,278,47,15,32,231,25,206,16.906474820143885,5.39568345323741,11.510791366906476,83.09352517985612,8.992805755395683,74.10071942446042
E00103389,204,43,21,22,161,24,137,21.07843137254902,10.294117647058822,10.784313725490197,78.92156862745098,11.76470588235294,67.15686274509804
E00103390,463,96,39,57,367,44,323,20.734341252699785,8.423326133909287,12.311015118790497,79.26565874730022,9.503239740820735,69.76241900647948
E00103391,347,101,38,63,246,26,220,29.106628242074926,10.951008645533141,18.155619596541786,70.89337175792507,7.492795389048991,63.40057636887608
E00103392,308,61,29,32,247,25,222,19.805194805194805,9.415584415584416,10.38961038961039,80.1948051948052,8.116883116883116,72.07792207792207
E00103393,371,78,26,52,293,37,256,21.024258760107816,7.008086253369273,14.016172506738545,78.97574123989219,9.973045822102426,69.00269541778977
E00103394,316,59,18,41,257,29,228,18.670886075949365,5.69620253164557,12.974683544303797,81.32911392405063,9.177215189873419,72.15189873417721
E00103395,229,62,21,41,167,20,147,27.074235807860266,9.170305676855897,17.903930131004365,72.92576419213974,8.73362445414847,64.19213973799127
E00103396,301,38,15,23,263,20,243,12.624584717607974,4.983388704318937,7.641196013289036,87.37541528239203,6.64451827242525,80.73089700996677
E00103397,244,37,9,28,207,17,190,15.163934426229508,3.6885245901639343,11.475409836065573,84.8360655737705,6.967213114754098,77.8688524590164
E00103398,238,30,12,18,208,23,185,12.605042016806722,5.042016806722689,7.563025210084033,87.39495798319328,9.663865546218489,77.73109243697479
E00103399,273,45,19,26,228,19,209,16.483516483516482,6.95970695970696,9.523809523809524,83.51648351648352,6.95970695970696,76.55677655677655
E00103400,328,56,21,35,272,29,243,17.073170731707318,6.402439024390244,10.670731707317072,82.92682926829268,8.841463414634147,74.08536585365853
E00103401,280,30,12,18,250,25,225,10.714285714285714,4.285714285714286,6.428571428571428,89.28571428571429,8.928571428571429,80.35714285714286
E00103402,309,59,21,38,250,16,234,19.093851132686083,6.796116504854369,12.297734627831716,80.90614886731392,5.177993527508091,75.72815533980582
E00103405,329,66,20,46,263,31,232,20.060790273556233,6.079027355623101,13.98176291793313,79.93920972644378,9.422492401215806,70.51671732522796
E00103406,350,76,35,41,274,35,239,21.714285714285715,10,11.714285714285715,78.28571428571428,10,68.28571428571428
E00103407,332,48,19,29,284,25,259,14.457831325301203,5.72289156626506,8.734939759036145,85.54216867469879,7.530120481927711,78.01204819277109
E00103408,316,67,21,46,249,34,215,21.202531645569618,6.6455696202531636,14.556962025316455,78.79746835443038,10.759493670886076,68.0379746835443
E00103409,263,46,18,28,217,26,191,17.490494296577946,6.844106463878327,10.646387832699618,82.50950570342205,9.885931558935361,72.6235741444867
E00103410,273,50,18,32,223,36,187,18.315018315018314,6.593406593406594,11.72161172161172,81.68498168498168,13.186813186813188,68.4981684981685
E00103411,335,70,24,46,265,24,241,20.8955223880597,7.164179104477612,13.73134328358209,79.1044776119403,7.164179104477612,71.94029850746269
E00103412,299,50,16,34,249,16,233,16.722408026755854,5.351170568561873,11.37123745819398,83.27759197324414,5.351170568561873,77.92642140468227
E00103413,388,63,29,34,325,30,295,16.237113402061855,7.474226804123711,8.762886597938143,83.76288659793815,7.731958762886598,76.03092783505154
E00103414,257,67,28,39,190,17,173,26.07003891050584,10.894941634241246,15.17509727626459,73.92996108949417,6.614785992217899,67.31517509727627
E00103415,277,49,24,25,228,19,209,17.689530685920577,8.664259927797833,9.025270758122744,82.31046931407943,6.859205776173286,75.45126353790613
E00103416,323,65,23,42,258,27,231,20.123839009287924,7.120743034055728,13.003095975232199,79.87616099071208,8.359133126934983,71.51702786377709
E00103417,252,44,20,24,208,23,185,17.46031746031746,7.936507936507936,9.523809523809524,82.53968253968253,9.126984126984127,73.4126984126984
E00103418,242,50,19,31,192,22,170,20.66115702479339,7.851239669421488,12.8099173553719,79.33884297520662,9.090909090909092,70.24793388429752
E00103419,286,44,18,26,242,21,221,15.384615384615385,6.293706293706294,9.090909090909092,84.61538461538461,7.3426573426573425,77.27272727272727
E00103420,309,56,26,30,253,30,223,18.12297734627832,8.414239482200648,9.70873786407767,81.87702265372168,9.70873786407767,72.168284789644
E00103421,276,44,13,31,232,13,219,15.942028985507244,4.710144927536232,11.231884057971014,84.05797101449275,4.710144927536232,79.34782608695652
E00103422,133,39,12,27,94,9,85,29.32330827067669,9.022556390977442,20.30075187969925,70.67669172932331,6.7669172932330826,63.90977443609023
E00103423,175,32,12,20,143,18,125,18.285714285714285,6.857142857142858,11.428571428571429,81.71428571428572,10.285714285714285,71.42857142857143
E00103424,135,22,10,12,113,8,105,16.296296296296298,7.4074074074074066,8.88888888888889,83.7037037037037,5.9259259259259265,77.77777777777779
E00103425,225,24,11,13,201,31,170,10.666666666666668,4.888888888888889,5.777777777777778,89.33333333333333,13.777777777777779,75.55555555555556
E00103426,287,46,11,35,241,26,215,16.02787456445993,3.8327526132404177,12.195121951219512,83.97212543554006,9.059233449477352,74.91289198606272
E00103427,349,54,19,35,295,39,256,15.472779369627506,5.444126074498568,10.028653295128938,84.5272206303725,11.174785100286533,73.35243553008596
E00103428,314,83,34,49,231,20,211,26.43312101910828,10.828025477707007,15.605095541401273,73.56687898089172,6.369426751592357,67.19745222929936
E00103429,329,41,14,27,288,26,262,12.462006079027356,4.25531914893617,8.206686930091186,87.53799392097264,7.90273556231003,79.63525835866263
E00103430,331,71,38,33,260,26,234,21.45015105740181,11.48036253776435,9.969788519637463,78.54984894259819,7.854984894259818,70.69486404833837
E00103431,589,144,54,90,445,42,403,24.448217317487266,9.168081494057725,15.280135823429541,75.55178268251274,7.130730050933787,68.42105263157895
E00103432,278,93,57,36,185,19,166,33.45323741007194,20.503597122302157,12.949640287769784,66.54676258992805,6.83453237410072,59.71223021582733
E00103433,470,106,51,55,364,39,325,22.5531914893617,10.851063829787234,11.702127659574469,77.4468085106383,8.297872340425531,69.14893617021278
E00103434,276,44,17,27,232,21,211,15.942028985507244,6.159420289855073,9.782608695652174,84.05797101449275,7.608695652173914,76.44927536231883
E00103435,334,59,28,31,275,21,254,17.664670658682635,8.383233532934131,9.281437125748502,82.33532934131736,6.287425149700598,76.04790419161677
E00103436,262,53,19,34,209,19,190,20.229007633587788,7.251908396946565,12.977099236641221,79.77099236641222,7.251908396946565,72.51908396946564
E00103437,338,63,26,37,275,25,250,18.639053254437872,7.6923076923076925,10.946745562130179,81.36094674556213,7.396449704142012,73.96449704142012
E00103438,388,48,22,26,340,28,312,12.371134020618557,5.670103092783505,6.701030927835052,87.62886597938144,7.216494845360824,80.41237113402062
E00103439,540,82,27,55,458,46,412,15.185185185185185,5,10.185185185185185,84.81481481481481,8.518518518518519,76.29629629629629
E00103440,319,83,34,49,236,22,214,26.01880877742947,10.658307210031348,15.360501567398119,73.98119122257053,6.896551724137931,67.0846394984326
E00103441,351,62,23,39,289,35,254,17.663817663817664,6.552706552706552,11.11111111111111,82.33618233618233,9.971509971509972,72.36467236467237
E00103442,483,66,22,44,417,37,380,13.664596273291925,4.554865424430641,9.109730848861282,86.33540372670807,7.6604554865424435,78.67494824016563
E00103443,417,51,16,35,366,29,337,12.23021582733813,3.8369304556354913,8.393285371702639,87.76978417266187,6.954436450839328,80.81534772182253
E00103444,343,51,14,37,292,40,252,14.868804664723031,4.081632653061225,10.787172011661808,85.13119533527697,11.661807580174926,73.46938775510205
E00103445,481,67,33,34,414,67,347,13.92931392931393,6.860706860706861,7.0686070686070686,86.07068607068608,13.92931392931393,72.14137214137214
E00103446,276,43,10,33,233,24,209,15.579710144927535,3.6231884057971016,11.956521739130435,84.42028985507247,8.695652173913043,75.72463768115942
E00103447,331,49,11,38,282,29,253,14.803625377643503,3.3232628398791544,11.48036253776435,85.1963746223565,8.761329305135952,76.43504531722054
E00103448,297,35,7,28,262,24,238,11.784511784511785,2.356902356902357,9.427609427609427,88.21548821548821,8.080808080808081,80.13468013468014
E00103449,270,34,8,26,236,28,208,12.592592592592592,2.9629629629629632,9.62962962962963,87.4074074074074,10.37037037037037,77.03703703703704
E00103450,257,59,24,35,198,19,179,22.957198443579767,9.33852140077821,13.618677042801556,77.04280155642024,7.392996108949417,69.64980544747081
E00103451,190,48,18,30,142,21,121,25.263157894736842,9.473684210526317,15.789473684210526,74.73684210526315,11.052631578947368,63.68421052631579
E00103452,304,43,8,35,261,20,241,14.144736842105262,2.631578947368421,11.513157894736842,85.85526315789474,6.578947368421052,79.27631578947368
E00103453,348,55,11,44,293,22,271,15.804597701149426,3.1609195402298855,12.643678160919542,84.19540229885058,6.321839080459771,77.87356321839081
E00103454,340,47,20,27,293,29,264,13.823529411764707,5.88235294117647,7.941176470588235,86.1764705882353,8.529411764705882,77.64705882352942
E00103455,293,32,9,23,261,41,220,10.921501706484642,3.0716723549488054,7.849829351535837,89.07849829351537,13.993174061433447,75.0853242320819
E00103456,268,58,19,39,210,20,190,21.641791044776117,7.08955223880597,14.55223880597015,78.35820895522389,7.462686567164178,70.8955223880597
E00103457,267,32,13,19,235,18,217,11.985018726591761,4.868913857677903,7.116104868913857,88.01498127340824,6.741573033707865,81.27340823970037
E00103458,320,40,13,27,280,27,253,12.5,4.0625,8.4375,87.5,8.4375,79.0625
E00103459,277,56,22,34,221,25,196,20.216606498194945,7.9422382671480145,12.274368231046932,79.78339350180505,9.025270758122744,70.7581227436823
E00103460,240,41,10,31,199,27,172,17.083333333333332,4.166666666666666,12.916666666666668,82.91666666666667,11.25,71.66666666666667
E00103461,274,59,20,39,215,30,185,21.532846715328464,7.2992700729927,14.233576642335766,78.46715328467153,10.948905109489052,67.51824817518248
E00103462,281,68,25,43,213,25,188,24.199288256227756,8.896797153024911,15.302491103202847,75.80071174377224,8.896797153024911,66.90391459074732
E00103463,299,63,25,38,236,34,202,21.070234113712374,8.361204013377927,12.709030100334449,78.92976588628763,11.37123745819398,67.55852842809364
E00103464,321,40,11,29,281,28,253,12.461059190031152,3.4267912772585665,9.034267912772584,87.53894080996885,8.722741433021806,78.81619937694704
E00103465,368,75,42,33,293,24,269,20.380434782608695,11.41304347826087,8.967391304347826,79.61956521739131,6.521739130434782,73.09782608695652
E00103466,307,47,23,24,260,29,231,15.309446254071663,7.491856677524431,7.81758957654723,84.69055374592834,9.446254071661238,75.2442996742671
E00103467,288,67,25,42,221,43,178,23.26388888888889,8.680555555555555,14.583333333333334,76.73611111111111,14.930555555555555,61.80555555555556
E00103468,341,54,17,37,287,31,256,15.835777126099707,4.9853372434017595,10.850439882697946,84.1642228739003,9.090909090909092,75.0733137829912
E00103470,323,45,14,31,278,24,254,13.93188854489164,4.3343653250774,9.597523219814242,86.06811145510835,7.430340557275541,78.63777089783281
E00103471,298,54,21,33,244,22,222,18.120805369127517,7.046979865771812,11.073825503355705,81.87919463087249,7.38255033557047,74.49664429530202
E00103472,370,71,34,37,299,34,265,19.18918918918919,9.18918918918919,10,80.8108108108108,9.18918918918919,71.62162162162163
E00103473,388,34,12,22,354,34,320,8.762886597938143,3.0927835051546393,5.670103092783505,91.23711340206185,8.762886597938143,82.4742268041237
E00103474,311,54,15,39,257,20,237,17.363344051446948,4.823151125401929,12.540192926045016,82.63665594855306,6.430868167202572,76.20578778135048
E00103475,281,59,22,37,222,44,178,20.99644128113879,7.829181494661921,13.167259786476867,79.00355871886121,15.658362989323843,63.345195729537366
E00103476,391,99,31,68,292,38,254,25.31969309462916,7.928388746803069,17.391304347826086,74.68030690537084,9.718670076726342,64.9616368286445
E00103477,334,65,27,38,269,31,238,19.46107784431138,8.08383233532934,11.377245508982035,80.53892215568862,9.281437125748502,71.25748502994011
E00103478,235,68,29,39,167,25,142,28.936170212765955,12.340425531914894,16.595744680851062,71.06382978723404,10.638297872340425,60.42553191489362
E00103479,345,86,31,55,259,25,234,24.92753623188406,8.985507246376812,15.942028985507244,75.07246376811594,7.246376811594203,67.82608695652173
E00103480,320,70,28,42,250,34,216,21.875,8.75,13.125,78.125,10.625,67.5
E00103481,271,67,27,40,204,24,180,24.723247232472325,9.96309963099631,14.760147601476014,75.27675276752768,8.856088560885608,66.42066420664207
E00103482,349,91,37,54,258,23,235,26.07449856733524,10.601719197707736,15.472779369627506,73.92550143266476,6.59025787965616,67.3352435530086
E00103483,266,59,21,38,207,29,178,22.18045112781955,7.894736842105263,14.285714285714285,77.81954887218046,10.902255639097744,66.9172932330827
E00103484,247,40,12,28,207,14,193,16.194331983805668,4.8582995951417,11.336032388663968,83.80566801619433,5.668016194331984,78.13765182186235
E00103485,338,84,33,51,254,31,223,24.85207100591716,9.763313609467456,15.088757396449704,75.14792899408283,9.171597633136095,65.97633136094674
E00103486,293,52,18,34,241,23,218,17.747440273037544,6.143344709897611,11.604095563139932,82.25255972696246,7.849829351535837,74.40273037542661
E00103487,340,78,43,35,262,40,222,22.941176470588236,12.647058823529411,10.294117647058822,77.05882352941177,11.76470588235294,65.29411764705883
E00103488,306,58,23,35,248,28,220,18.954248366013072,7.516339869281046,11.437908496732026,81.04575163398692,9.15032679738562,71.89542483660131
E00103489,265,62,27,35,203,32,171,23.39622641509434,10.18867924528302,13.20754716981132,76.60377358490567,12.075471698113208,64.52830188679245
E00103490,217,58,31,27,159,19,140,26.72811059907834,14.285714285714285,12.442396313364055,73.27188940092167,8.755760368663594,64.51612903225806
E00103491,126,25,7,18,101,8,93,19.841269841269842,5.555555555555555,14.285714285714285,80.15873015873017,6.349206349206349,73.80952380952381
E00103492,277,78,28,50,199,25,174,28.158844765342963,10.108303249097473,18.050541516245488,71.84115523465704,9.025270758122744,62.8158844765343
E00103493,184,38,16,22,146,23,123,20.652173913043477,8.695652173913043,11.956521739130435,79.34782608695652,12.5,66.84782608695652
E00103494,315,76,28,48,239,25,214,24.126984126984127,8.88888888888889,15.238095238095239,75.87301587301587,7.936507936507936,67.93650793650794
E00103495,271,61,20,41,210,30,180,22.509225092250922,7.380073800738007,15.129151291512915,77.49077490774908,11.07011070110701,66.42066420664207
E00103496,381,61,13,48,320,34,286,16.010498687664043,3.4120734908136483,12.598425196850393,83.98950131233596,8.923884514435695,75.06561679790026
E00103497,317,64,24,40,253,32,221,20.189274447949526,7.570977917981073,12.618296529968454,79.81072555205047,10.094637223974763,69.71608832807571
E00103498,275,58,29,29,217,30,187,21.09090909090909,10.545454545454545,10.545454545454545,78.9090909090909,10.909090909090908,68
E00103499,316,118,54,64,198,23,175,37.34177215189873,17.088607594936708,20.253164556962027,62.65822784810127,7.2784810126582276,55.379746835443036
E00103500,134,41,28,13,93,14,79,30.597014925373134,20.8955223880597,9.701492537313433,69.40298507462687,10.44776119402985,58.95522388059702
E00103502,158,29,9,20,129,22,107,18.354430379746837,5.69620253164557,12.658227848101266,81.64556962025317,13.924050632911392,67.72151898734177
E00103503,243,46,17,29,197,20,177,18.930041152263374,6.995884773662551,11.934156378600823,81.06995884773663,8.23045267489712,72.8395061728395
E00103504,296,71,22,49,225,23,202,23.986486486486484,7.4324324324324325,16.554054054054053,76.01351351351352,7.77027027027027,68.24324324324324
E00103505,271,47,22,25,224,26,198,17.343173431734318,8.118081180811808,9.22509225092251,82.65682656826569,9.59409594095941,73.06273062730627
E00103506,210,43,15,28,167,22,145,20.476190476190474,7.142857142857142,13.333333333333334,79.52380952380952,10.476190476190476,69.04761904761905
E00103507,266,61,33,28,205,18,187,22.932330827067666,12.406015037593985,10.526315789473683,77.06766917293233,6.7669172932330826,70.30075187969925
E00103508,229,56,26,30,173,22,151,24.45414847161572,11.353711790393014,13.100436681222707,75.54585152838428,9.606986899563319,65.93886462882097
E00103509,228,55,12,43,173,16,157,24.12280701754386,5.263157894736842,18.859649122807017,75.87719298245614,7.017543859649122,68.85964912280701
E00103510,281,54,18,36,227,28,199,19.217081850533805,6.405693950177936,12.811387900355871,80.78291814946618,9.9644128113879,70.8185053380783
E00103511,245,40,18,22,205,22,183,16.3265306122449,7.346938775510205,8.979591836734693,83.6734693877551,8.979591836734693,74.6938775510204
E00103512,323,62,29,33,261,32,229,19.195046439628484,8.978328173374612,10.21671826625387,80.80495356037152,9.907120743034056,70.89783281733746
E00103513,303,52,21,31,251,27,224,17.16171617161716,6.9306930693069315,10.231023102310232,82.83828382838284,8.91089108910891,73.92739273927393
E00103514,413,151,80,71,262,19,243,36.56174334140436,19.37046004842615,17.191283292978206,63.438256658595634,4.600484261501211,58.83777239709443
E00103515,342,67,21,46,275,27,248,19.5906432748538,6.140350877192982,13.450292397660817,80.4093567251462,7.894736842105263,72.51461988304094
E00103516,178,52,31,21,126,20,106,29.213483146067414,17.415730337078653,11.797752808988763,70.78651685393258,11.235955056179774,59.55056179775281
E00103518,265,55,18,37,210,29,181,20.754716981132077,6.7924528301886795,13.962264150943396,79.24528301886792,10.943396226415095,68.30188679245282
E00103519,239,48,13,35,191,21,170,20.0836820083682,5.439330543933055,14.644351464435147,79.9163179916318,8.786610878661087,71.1297071129707
E00103520,273,59,19,40,214,32,182,21.611721611721613,6.95970695970696,14.652014652014653,78.3882783882784,11.72161172161172,66.66666666666666
E00103521,243,57,18,39,186,29,157,23.456790123456788,7.4074074074074066,16.049382716049383,76.5432098765432,11.934156378600823,64.60905349794238
E00103522,200,59,29,30,141,22,119,29.5,14.499999999999998,15,70.5,11,59.5
E00103523,146,47,27,20,99,16,83,32.19178082191781,18.493150684931507,13.698630136986301,67.8082191780822,10.95890410958904,56.849315068493155
E00103524,278,61,17,44,217,33,184,21.942446043165468,6.115107913669065,15.827338129496402,78.05755395683454,11.870503597122301,66.18705035971223
E00103525,350,99,26,73,251,33,218,28.285714285714285,7.428571428571429,20.857142857142858,71.71428571428572,9.428571428571429,62.28571428571429
E00103526,292,47,13,34,245,19,226,16.095890410958905,4.4520547945205475,11.643835616438356,83.9041095890411,6.506849315068493,77.3972602739726
E00103527,268,28,5,23,240,18,222,10.44776119402985,1.8656716417910446,8.582089552238806,89.55223880597015,6.7164179104477615,82.83582089552239
E00103528,172,26,6,20,146,12,134,15.11627906976744,3.488372093023256,11.627906976744185,84.88372093023256,6.976744186046512,77.90697674418605
E00103529,308,56,15,41,252,31,221,18.181818181818183,4.870129870129871,13.311688311688311,81.81818181818183,10.064935064935066,71.75324675324676
E00103530,384,99,32,67,285,41,244,25.78125,8.333333333333332,17.447916666666664,74.21875,10.677083333333332,63.541666666666664
E00103531,315,49,13,36,266,31,235,15.555555555555555,4.1269841269841265,11.428571428571429,84.44444444444444,9.841269841269842,74.60317460317461
E00103532,391,77,24,53,314,32,282,19.69309462915601,6.138107416879795,13.554987212276215,80.30690537084399,8.184143222506394,72.1227621483376
E00103533,432,55,10,45,377,32,345,12.731481481481483,2.314814814814815,10.416666666666668,87.26851851851852,7.4074074074074066,79.86111111111111
E00103534,297,65,22,43,232,24,208,21.885521885521886,7.4074074074074066,14.47811447811448,78.11447811447812,8.080808080808081,70.03367003367003
E00103535,345,44,15,29,301,33,268,12.753623188405797,4.3478260869565215,8.405797101449275,87.2463768115942,9.565217391304348,77.68115942028986
E00103536,373,61,24,37,312,35,277,16.353887399463808,6.434316353887399,9.919571045576408,83.6461126005362,9.383378016085791,74.26273458445041
E00103537,393,79,35,44,314,30,284,20.10178117048346,8.9058524173028,11.195928753180661,79.89821882951654,7.633587786259542,72.264631043257
E00103538,340,80,29,51,260,27,233,23.52941176470588,8.529411764705882,15,76.47058823529412,7.941176470588235,68.52941176470588
E00103539,191,38,11,27,153,15,138,19.895287958115183,5.7591623036649215,14.136125654450263,80.10471204188482,7.853403141361256,72.25130890052355
E00103540,443,81,24,57,362,41,321,18.284424379232505,5.417607223476298,12.866817155756207,81.7155756207675,9.255079006772009,72.46049661399549
E00103541,301,56,20,36,245,29,216,18.6046511627907,6.64451827242525,11.960132890365449,81.3953488372093,9.634551495016613,71.76079734219269
E00103542,364,86,30,56,278,21,257,23.626373626373624,8.241758241758241,15.384615384615385,76.37362637362637,5.769230769230769,70.6043956043956
E00103543,272,48,11,37,224,29,195,17.647058823529413,4.044117647058823,13.602941176470587,82.35294117647058,10.661764705882353,71.69117647058823
E00103544,295,67,27,40,228,14,214,22.71186440677966,9.152542372881356,13.559322033898304,77.28813559322035,4.745762711864407,72.54237288135593
E00103545,292,70,33,37,222,29,193,23.972602739726025,11.301369863013697,12.67123287671233,76.02739726027397,9.931506849315069,66.0958904109589
E00103546,300,40,14,26,260,33,227,13.333333333333334,4.666666666666667,8.666666666666668,86.66666666666667,11,75.66666666666667
E00103547,269,77,35,42,192,23,169,28.624535315985128,13.011152416356877,15.613382899628252,71.37546468401487,8.550185873605948,62.825278810408925
E00103548,307,60,22,38,247,27,220,19.54397394136808,7.166123778501629,12.37785016286645,80.45602605863192,8.794788273615636,71.66123778501628
E00103549,266,63,24,39,203,20,183,23.684210526315788,9.022556390977442,14.661654135338345,76.31578947368422,7.518796992481203,68.796992481203
E00103550,448,69,30,39,379,36,343,15.401785714285715,6.696428571428571,8.705357142857142,84.59821428571429,8.035714285714286,76.5625
E00103551,277,40,11,29,237,24,213,14.440433212996389,3.9711191335740073,10.469314079422382,85.5595667870036,8.664259927797833,76.89530685920577
E00103552,310,38,11,27,272,35,237,12.258064516129032,3.5483870967741935,8.709677419354838,87.74193548387098,11.29032258064516,76.45161290322581
E00103553,302,52,13,39,250,27,223,17.218543046357617,4.304635761589404,12.91390728476821,82.78145695364239,8.940397350993377,73.84105960264901
E00103554,308,40,13,27,268,27,241,12.987012987012985,4.220779220779221,8.766233766233766,87.01298701298701,8.766233766233766,78.24675324675324
E00103555,310,47,8,39,263,29,234,15.161290322580644,2.5806451612903225,12.580645161290322,84.83870967741936,9.35483870967742,75.48387096774194
E00103556,222,61,28,33,161,26,135,27.47747747747748,12.612612612612612,14.864864864864865,72.52252252252252,11.711711711711711,60.810810810810814
E00103558,359,52,20,32,307,36,271,14.484679665738161,5.571030640668524,8.913649025069638,85.51532033426183,10.027855153203342,75.4874651810585
E00103559,344,77,26,51,267,15,252,22.38372093023256,7.55813953488372,14.825581395348838,77.61627906976744,4.3604651162790695,73.25581395348837
E00103561,331,51,15,36,280,30,250,15.407854984894259,4.531722054380665,10.876132930513595,84.59214501510573,9.06344410876133,75.52870090634441
E00103562,449,82,24,58,367,35,332,18.262806236080177,5.3452115812917596,12.91759465478842,81.73719376391982,7.795100222717149,73.94209354120267
E00103563,319,64,30,34,255,28,227,20.06269592476489,9.404388714733543,10.658307210031348,79.9373040752351,8.77742946708464,71.15987460815047
E00103564,271,66,29,37,205,18,187,24.354243542435423,10.70110701107011,13.653136531365314,75.64575645756457,6.642066420664207,69.00369003690037
E00103565,258,68,28,40,190,17,173,26.356589147286826,10.852713178294573,15.503875968992247,73.64341085271317,6.5891472868217065,67.05426356589147
E00103566,355,65,25,40,290,28,262,18.30985915492958,7.042253521126761,11.267605633802818,81.69014084507043,7.887323943661972,73.80281690140845
E00103567,220,63,21,42,157,18,139,28.636363636363637,9.545454545454547,19.090909090909093,71.36363636363636,8.181818181818182,63.18181818181819
E00103568,278,54,9,45,224,24,200,19.424460431654676,3.237410071942446,16.18705035971223,80.57553956834532,8.633093525179856,71.94244604316546
E00103569,324,65,30,35,259,27,232,20.061728395061728,9.25925925925926,10.802469135802468,79.93827160493827,8.333333333333332,71.60493827160494
E00103570,223,61,25,36,162,21,141,27.3542600896861,11.210762331838566,16.143497757847534,72.6457399103139,9.417040358744394,63.22869955156951
E00103571,216,63,24,39,153,23,130,29.166666666666668,11.11111111111111,18.055555555555554,70.83333333333334,10.648148148148149,60.18518518518518
E00103572,301,71,26,45,230,27,203,23.588039867109632,8.637873754152823,14.950166112956811,76.41196013289037,8.970099667774086,67.44186046511628
E00103573,478,163,98,65,315,37,278,34.10041841004184,20.502092050209207,13.598326359832635,65.89958158995816,7.740585774058577,58.15899581589959
E00103574,324,54,17,37,270,44,226,16.666666666666664,5.246913580246913,11.419753086419753,83.33333333333334,13.580246913580247,69.75308641975309
E00103575,290,53,26,27,237,24,213,18.275862068965516,8.96551724137931,9.310344827586208,81.72413793103448,8.275862068965518,73.44827586206897
E00103576,356,87,39,48,269,27,242,24.43820224719101,10.955056179775282,13.48314606741573,75.56179775280899,7.584269662921349,67.97752808988764
E00103577,350,71,29,42,279,28,251,20.285714285714285,8.285714285714285,12,79.71428571428572,8,71.71428571428572
E00103578,337,70,24,46,267,24,243,20.77151335311573,7.121661721068249,13.649851632047477,79.22848664688428,7.121661721068249,72.10682492581603
E00103579,424,129,57,72,295,25,270,30.424528301886795,13.443396226415095,16.9811320754717,69.5754716981132,5.89622641509434,63.67924528301887
E00103580,305,66,28,38,239,27,212,21.639344262295083,9.180327868852459,12.459016393442624,78.36065573770492,8.852459016393443,69.50819672131148
E00103581,306,60,23,37,246,23,223,19.607843137254903,7.516339869281046,12.091503267973856,80.3921568627451,7.516339869281046,72.87581699346404
E00103582,319,50,24,26,269,42,227,15.673981191222571,7.523510971786834,8.150470219435736,84.32601880877742,13.166144200626958,71.15987460815047
E00103583,321,53,19,34,268,24,244,16.510903426791277,5.919003115264798,10.59190031152648,83.48909657320873,7.476635514018691,76.01246105919003
E00103584,360,61,27,34,299,31,268,16.944444444444446,7.5,9.444444444444445,83.05555555555556,8.61111111111111,74.44444444444444
E00103585,220,44,17,27,176,15,161,20,7.727272727272727,12.272727272727273,80,6.8181818181818175,73.18181818181819
E00103586,351,66,20,46,285,29,256,18.803418803418804,5.698005698005698,13.105413105413104,81.19658119658119,8.262108262108262,72.93447293447294
E00103587,120,21,8,13,99,8,91,17.5,6.666666666666667,10.833333333333334,82.5,6.666666666666667,75.83333333333333
E00103588,114,14,5,9,100,15,85,12.280701754385964,4.385964912280701,7.894736842105263,87.71929824561403,13.157894736842104,74.56140350877193
E00103589,289,58,19,39,231,27,204,20.069204152249135,6.5743944636678195,13.494809688581316,79.93079584775087,9.342560553633218,70.58823529411765
E00103590,319,45,13,32,274,28,246,14.106583072100312,4.075235109717868,10.031347962382444,85.8934169278997,8.77742946708464,77.11598746081505
E00103591,192,41,12,29,151,24,127,21.354166666666664,6.25,15.104166666666666,78.64583333333334,12.5,66.14583333333334
E00103592,203,38,14,24,165,13,152,18.7192118226601,6.896551724137931,11.822660098522167,81.2807881773399,6.403940886699508,74.8768472906404
E00103593,169,39,9,30,130,14,116,23.076923076923077,5.325443786982249,17.75147928994083,76.92307692307693,8.284023668639055,68.63905325443787
E00103594,309,79,38,41,230,24,206,25.5663430420712,12.297734627831716,13.268608414239482,74.4336569579288,7.766990291262135,66.66666666666666
E00103595,377,58,23,35,319,35,284,15.384615384615385,6.10079575596817,9.283819628647215,84.61538461538461,9.283819628647215,75.3315649867374
E00103596,176,27,11,16,149,9,140,15.340909090909092,6.25,9.090909090909092,84.6590909090909,5.113636363636364,79.54545454545455
E00103597,185,27,13,14,158,12,146,14.594594594594595,7.027027027027027,7.567567567567568,85.4054054054054,6.486486486486487,78.91891891891892
E00103598,399,92,45,47,307,29,278,23.05764411027569,11.278195488721805,11.779448621553884,76.94235588972431,7.268170426065162,69.67418546365914
E00103599,328,56,12,44,272,33,239,17.073170731707318,3.6585365853658534,13.414634146341465,82.92682926829268,10.060975609756099,72.86585365853658
E00103600,376,76,23,53,300,37,263,20.212765957446805,6.117021276595745,14.095744680851062,79.7872340425532,9.840425531914894,69.9468085106383
E00103601,247,43,15,28,204,25,179,17.408906882591094,6.0728744939271255,11.336032388663968,82.5910931174089,10.121457489878543,72.46963562753037
E00103602,264,44,8,36,220,17,203,16.666666666666664,3.0303030303030303,13.636363636363635,83.33333333333334,6.4393939393939394,76.89393939393939
E00103603,307,47,17,30,260,21,239,15.309446254071663,5.537459283387622,9.77198697068404,84.69055374592834,6.840390879478828,77.85016286644951
E00103604,222,71,34,37,151,15,136,31.98198198198198,15.315315315315313,16.666666666666664,68.01801801801803,6.756756756756757,61.261261261261254
E00103605,265,68,32,36,197,29,168,25.660377358490567,12.075471698113208,13.584905660377359,74.33962264150942,10.943396226415095,63.39622641509434
E00103606,363,91,35,56,272,21,251,25.068870523415974,9.641873278236915,15.426997245179063,74.93112947658402,5.785123966942149,69.14600550964187
E00103608,276,67,31,36,209,22,187,24.27536231884058,11.231884057971014,13.043478260869565,75.72463768115942,7.971014492753622,67.7536231884058
E00103609,369,69,17,52,300,30,270,18.69918699186992,4.607046070460704,14.092140921409213,81.30081300813008,8.130081300813007,73.17073170731707
E00103610,272,52,20,32,220,23,197,19.11764705882353,7.352941176470589,11.76470588235294,80.88235294117648,8.455882352941178,72.42647058823529
E00103611,367,79,40,39,288,34,254,21.525885558583106,10.899182561307901,10.626702997275205,78.4741144414169,9.264305177111716,69.20980926430518
E00103612,252,46,23,23,206,30,176,18.253968253968253,9.126984126984127,9.126984126984127,81.74603174603175,11.904761904761903,69.84126984126983
E00103613,269,58,18,40,211,26,185,21.561338289962826,6.691449814126393,14.869888475836431,78.43866171003717,9.66542750929368,68.77323420074349
E00103614,381,73,29,44,308,29,279,19.160104986876643,7.611548556430446,11.548556430446194,80.83989501312337,7.611548556430446,73.22834645669292
E00103615,216,34,7,27,182,18,164,15.74074074074074,3.2407407407407405,12.5,84.25925925925925,8.333333333333332,75.92592592592592
E00103616,304,38,12,26,266,20,246,12.5,3.9473684210526314,8.552631578947368,87.5,6.578947368421052,80.92105263157895
E00103617,382,59,15,44,323,33,290,15.44502617801047,3.926701570680628,11.518324607329843,84.55497382198953,8.638743455497382,75.91623036649214
E00103619,387,68,32,36,319,30,289,17.571059431524546,8.2687338501292,9.30232558139535,82.42894056847545,7.751937984496124,74.67700258397933
E00103620,412,111,51,60,301,31,270,26.941747572815533,12.37864077669903,14.563106796116504,73.05825242718447,7.524271844660194,65.53398058252428
E00103621,363,83,36,47,280,41,239,22.865013774104685,9.917355371900827,12.947658402203857,77.13498622589532,11.294765840220386,65.84022038567493
E00103622,328,58,27,31,270,23,247,17.682926829268293,8.231707317073171,9.451219512195122,82.3170731707317,7.01219512195122,75.3048780487805
E00103623,313,54,20,34,259,22,237,17.252396166134183,6.3897763578274756,10.86261980830671,82.74760383386581,7.0287539936102235,75.71884984025559
E00103624,396,90,42,48,306,27,279,22.727272727272727,10.606060606060606,12.121212121212121,77.27272727272727,6.8181818181818175,70.45454545454545
E00103625,185,35,8,27,150,16,134,18.91891891891892,4.324324324324325,14.594594594594595,81.08108108108108,8.64864864864865,72.43243243243244
E00103626,185,43,21,22,142,11,131,23.243243243243246,11.351351351351353,11.891891891891893,76.75675675675676,5.9459459459459465,70.8108108108108
E00103627,227,69,24,45,158,18,140,30.396475770925107,10.572687224669604,19.823788546255507,69.60352422907489,7.929515418502203,61.67400881057269
E00103628,250,46,15,31,204,22,182,18.4,6,12.4,81.6,8.799999999999999,72.8
E00103629,256,75,35,40,181,18,163,29.296875,13.671875,15.625,70.703125,7.03125,63.671875
E00103630,235,80,36,44,155,22,133,34.04255319148936,15.319148936170212,18.72340425531915,65.95744680851064,9.361702127659575,56.59574468085107
E00103631,141,32,12,20,109,14,95,22.69503546099291,8.51063829787234,14.184397163120568,77.30496453900709,9.929078014184398,67.37588652482269
E00103632,200,31,13,18,169,15,154,15.5,6.5,9,84.5,7.5,77
E00103633,321,55,27,28,266,30,236,17.133956386292834,8.411214953271028,8.722741433021806,82.86604361370716,9.345794392523365,73.5202492211838
E00103634,337,58,22,36,279,18,261,17.210682492581604,6.528189910979229,10.682492581602373,82.7893175074184,5.341246290801187,77.44807121661721
E00103635,419,63,20,43,356,34,322,15.035799522673033,4.77326968973747,10.26252983293556,84.96420047732697,8.1145584725537,76.84964200477327
E00103636,172,24,6,18,148,17,131,13.953488372093023,3.488372093023256,10.465116279069768,86.04651162790698,9.883720930232558,76.16279069767442
E00103637,261,34,15,19,227,21,206,13.026819923371647,5.747126436781609,7.2796934865900385,86.97318007662835,8.045977011494253,78.9272030651341
E00103638,133,14,6,8,119,13,106,10.526315789473683,4.511278195488721,6.015037593984962,89.47368421052632,9.774436090225564,79.69924812030075
E00103639,255,54,14,40,201,34,167,21.176470588235293,5.490196078431373,15.686274509803921,78.82352941176471,13.333333333333334,65.49019607843137
E00103640,259,26,12,14,233,18,215,10.038610038610038,4.633204633204633,5.405405405405405,89.96138996138995,6.94980694980695,83.01158301158301
E00103641,312,73,32,41,239,27,212,23.397435897435898,10.256410256410255,13.141025641025642,76.6025641025641,8.653846153846153,67.94871794871796
E00103642,283,66,43,23,217,23,194,23.32155477031802,15.19434628975265,8.12720848056537,76.67844522968198,8.12720848056537,68.55123674911661
E00103643,314,52,24,28,262,35,227,16.560509554140125,7.643312101910828,8.9171974522293,83.43949044585987,11.146496815286625,72.29299363057325
E00103644,290,49,20,29,241,33,208,16.896551724137932,6.896551724137931,10,83.10344827586206,11.379310344827587,71.72413793103448
E00103645,323,74,34,40,249,25,224,22.910216718266255,10.526315789473683,12.38390092879257,77.08978328173374,7.739938080495357,69.3498452012384
E00103646,384,67,18,49,317,28,289,17.447916666666664,4.6875,12.760416666666666,82.55208333333334,7.291666666666667,75.26041666666666
E00103647,438,65,18,47,373,35,338,14.840182648401825,4.10958904109589,10.730593607305936,85.15981735159818,7.9908675799086755,77.1689497716895
E00103648,277,39,11,28,238,17,221,14.079422382671481,3.9711191335740073,10.108303249097473,85.92057761732852,6.137184115523466,79.78339350180505
E00103649,285,45,12,33,240,28,212,15.789473684210526,4.2105263157894735,11.578947368421053,84.21052631578947,9.824561403508772,74.3859649122807
E00103650,301,52,18,34,249,23,226,17.275747508305646,5.980066445182724,11.295681063122924,82.72425249169434,7.641196013289036,75.08305647840533
E00103654,431,61,14,47,370,32,338,14.153132250580047,3.248259860788863,10.904872389791183,85.84686774941996,7.424593967517401,78.42227378190255
E00103655,280,36,6,30,244,21,223,12.857142857142856,2.142857142857143,10.714285714285714,87.14285714285714,7.5,79.64285714285714
E00103656,356,50,11,39,306,27,279,14.04494382022472,3.089887640449438,10.955056179775282,85.95505617977528,7.584269662921349,78.37078651685393
E00103657,297,40,12,28,257,20,237,13.468013468013467,4.040404040404041,9.427609427609427,86.53198653198653,6.7340067340067336,79.7979797979798
E00103658,260,61,20,41,199,18,181,23.46153846153846,7.6923076923076925,15.769230769230768,76.53846153846153,6.923076923076923,69.61538461538461
E00103659,362,94,39,55,268,32,236,25.96685082872928,10.773480662983426,15.193370165745856,74.03314917127072,8.83977900552486,65.19337016574586
E00103660,307,41,11,30,266,30,236,13.355048859934854,3.5830618892508146,9.77198697068404,86.64495114006515,9.77198697068404,76.8729641693811
E00103661,142,34,19,15,108,7,101,23.943661971830984,13.380281690140844,10.56338028169014,76.05633802816901,4.929577464788732,71.12676056338029
E00103662,513,93,38,55,420,44,376,18.128654970760234,7.4074074074074066,10.721247563352826,81.87134502923976,8.57699805068226,73.2943469785575
E00103664,285,70,37,33,215,29,186,24.561403508771928,12.982456140350877,11.578947368421053,75.43859649122807,10.175438596491228,65.26315789473685
E00103665,239,31,5,26,208,18,190,12.97071129707113,2.092050209205021,10.87866108786611,87.02928870292888,7.531380753138076,79.49790794979079
E00103666,324,56,17,39,268,32,236,17.28395061728395,5.246913580246913,12.037037037037036,82.71604938271605,9.876543209876543,72.8395061728395
E00103667,155,24,10,14,131,9,122,15.483870967741936,6.451612903225806,9.032258064516128,84.51612903225806,5.806451612903226,78.70967741935485
E00103668,234,58,25,33,176,19,157,24.786324786324787,10.683760683760683,14.102564102564102,75.21367521367522,8.11965811965812,67.09401709401709
E00103669,260,56,22,34,204,15,189,21.53846153846154,8.461538461538462,13.076923076923078,78.46153846153847,5.769230769230769,72.6923076923077
E00103670,327,46,15,31,281,38,243,14.067278287461773,4.587155963302752,9.480122324159021,85.93272171253822,11.62079510703364,74.31192660550458
E00103671,285,97,36,61,188,19,169,34.03508771929825,12.631578947368421,21.403508771929825,65.96491228070175,6.666666666666667,59.29824561403508
E00103672,211,63,35,28,148,22,126,29.85781990521327,16.587677725118482,13.270142180094787,70.14218009478674,10.42654028436019,59.71563981042654
E00103673,353,68,32,36,285,37,248,19.263456090651555,9.06515580736544,10.198300283286118,80.73654390934844,10.48158640226629,70.25495750708215
E00103674,257,87,51,36,170,23,147,33.85214007782101,19.844357976653697,14.007782101167315,66.14785992217898,8.949416342412452,57.19844357976653
E00103675,374,68,27,41,306,24,282,18.181818181818183,7.219251336898395,10.962566844919785,81.81818181818183,6.417112299465241,75.40106951871658
E00103676,219,56,22,34,163,14,149,25.570776255707763,10.045662100456621,15.52511415525114,74.42922374429224,6.392694063926941,68.0365296803653
E00103677,313,70,21,49,243,28,215,22.364217252396166,6.7092651757188495,15.654952076677317,77.63578274760383,8.945686900958465,68.69009584664538
E00103679,356,47,13,34,309,29,280,13.202247191011235,3.651685393258427,9.550561797752808,86.79775280898876,8.146067415730338,78.65168539325843
E00103680,336,58,16,42,278,20,258,17.261904761904763,4.761904761904762,12.5,82.73809523809523,5.952380952380952,76.78571428571429
E00103682,276,50,17,33,226,24,202,18.115942028985508,6.159420289855073,11.956521739130435,81.88405797101449,8.695652173913043,73.18840579710145
E00103683,322,54,22,32,268,23,245,16.77018633540373,6.832298136645963,9.937888198757763,83.22981366459628,7.142857142857142,76.08695652173914
E00103684,359,37,5,32,322,32,290,10.30640668523677,1.392757660167131,8.913649025069638,89.69359331476323,8.913649025069638,80.77994428969359
E00103685,293,50,21,29,243,26,217,17.064846416382252,7.167235494880546,9.897610921501707,82.93515358361775,8.873720136518772,74.06143344709898
E00103686,253,48,20,28,205,24,181,18.972332015810274,7.905138339920949,11.067193675889328,81.02766798418972,9.486166007905137,71.54150197628458
E00103687,371,67,26,41,304,27,277,18.059299191374663,7.008086253369273,11.05121293800539,81.94070080862534,7.277628032345014,74.66307277628033
E00103688,222,42,8,34,180,23,157,18.91891891891892,3.6036036036036037,15.315315315315313,81.08108108108108,10.36036036036036,70.72072072072072
E00103689,292,55,19,36,237,32,205,18.835616438356166,6.506849315068493,12.32876712328767,81.16438356164383,10.95890410958904,70.2054794520548
E00103690,233,50,19,31,183,20,163,21.45922746781116,8.15450643776824,13.304721030042918,78.54077253218884,8.583690987124463,69.95708154506438
E00103691,330,58,27,31,272,28,244,17.575757575757574,8.181818181818182,9.393939393939393,82.42424242424242,8.484848484848486,73.93939393939394
E00103692,205,53,16,37,152,15,137,25.853658536585368,7.804878048780488,18.048780487804876,74.14634146341463,7.317073170731707,66.82926829268293
E00103693,245,53,14,39,192,24,168,21.63265306122449,5.714285714285714,15.918367346938775,78.36734693877551,9.795918367346939,68.57142857142857
E00103694,292,43,13,30,249,35,214,14.726027397260275,4.4520547945205475,10.273972602739725,85.27397260273972,11.986301369863012,73.28767123287672
E00103695,230,40,15,25,190,16,174,17.391304347826086,6.521739130434782,10.869565217391305,82.6086956521739,6.956521739130435,75.65217391304347
E00103696,210,41,19,22,169,18,151,19.523809523809526,9.047619047619047,10.476190476190476,80.47619047619048,8.571428571428571,71.9047619047619
E00103697,268,61,21,40,207,16,191,22.761194029850746,7.835820895522389,14.925373134328357,77.23880597014924,5.970149253731343,71.26865671641791
E00103699,257,95,43,52,162,14,148,36.964980544747085,16.731517509727624,20.233463035019454,63.035019455252915,5.447470817120623,57.58754863813229
E00103700,322,67,34,33,255,26,229,20.80745341614907,10.559006211180124,10.248447204968944,79.19254658385093,8.074534161490684,71.11801242236024
E00103701,457,94,28,66,363,31,332,20.568927789934357,6.12691466083151,14.442013129102845,79.43107221006565,6.783369803063458,72.64770240700219
E00103702,330,72,29,43,258,28,230,21.818181818181817,8.787878787878787,13.030303030303031,78.18181818181819,8.484848484848486,69.6969696969697
E00103703,311,42,8,34,269,18,251,13.504823151125404,2.572347266881029,10.932475884244374,86.49517684887459,5.787781350482315,80.70739549839229
E00103705,305,68,25,43,237,20,217,22.295081967213115,8.19672131147541,14.098360655737704,77.70491803278688,6.557377049180328,71.14754098360656
E00103706,345,67,31,36,278,28,250,19.420289855072465,8.985507246376812,10.434782608695652,80.57971014492755,8.115942028985506,72.46376811594203
E00103707,241,40,11,29,201,33,168,16.59751037344398,4.564315352697095,12.033195020746888,83.40248962655602,13.692946058091287,69.70954356846472
E00103708,296,46,18,28,250,24,226,15.54054054054054,6.081081081081082,9.45945945945946,84.45945945945947,8.108108108108109,76.35135135135135
E00103710,202,26,4,22,176,15,161,12.871287128712872,1.9801980198019802,10.891089108910892,87.12871287128714,7.425742574257425,79.70297029702971
E00103711,288,72,30,42,216,28,188,25,10.416666666666668,14.583333333333334,75,9.722222222222223,65.27777777777779
E00103712,389,70,30,40,319,32,287,17.994858611825194,7.712082262210797,10.282776349614396,82.0051413881748,8.226221079691516,73.7789203084833
E00103713,300,38,13,25,262,20,242,12.666666666666668,4.333333333333334,8.333333333333332,87.33333333333333,6.666666666666667,80.66666666666666
E00103714,225,47,16,31,178,21,157,20.88888888888889,7.111111111111111,13.777777777777779,79.11111111111111,9.333333333333334,69.77777777777779
E00103716,305,61,23,38,244,25,219,20,7.540983606557377,12.459016393442624,80,8.19672131147541,71.80327868852459
E00103717,332,22,5,17,310,21,289,6.626506024096386,1.5060240963855422,5.120481927710843,93.37349397590361,6.325301204819277,87.04819277108435
E00103719,727,34,15,19,693,23,670,4.676753782668501,2.063273727647868,2.613480055020633,95.3232462173315,3.1636863823933976,92.1595598349381
E00103720,323,21,5,16,302,6,296,6.5015479876160995,1.5479876160990713,4.953560371517028,93.49845201238391,1.8575851393188854,91.64086687306502
E00103721,287,11,3,8,276,10,266,3.8327526132404177,1.0452961672473868,2.7874564459930316,96.16724738675958,3.484320557491289,92.6829268292683
E00103722,164,24,9,15,140,17,123,14.634146341463413,5.487804878048781,9.146341463414634,85.36585365853658,10.365853658536585,75
E00103724,324,48,16,32,276,36,240,14.814814814814813,4.938271604938271,9.876543209876543,85.18518518518519,11.11111111111111,74.07407407407408
E00103725,279,56,26,30,223,25,198,20.07168458781362,9.31899641577061,10.75268817204301,79.92831541218638,8.960573476702509,70.96774193548387
E00103726,308,53,20,33,255,21,234,17.20779220779221,6.493506493506493,10.714285714285714,82.79220779220779,6.8181818181818175,75.97402597402598
E00103727,265,36,13,23,229,21,208,13.584905660377359,4.905660377358491,8.679245283018867,86.41509433962264,7.9245283018867925,78.49056603773586
E00103728,141,27,6,21,114,11,103,19.148936170212767,4.25531914893617,14.893617021276595,80.85106382978722,7.801418439716312,73.04964539007092
E00103730,276,39,13,26,237,33,204,14.130434782608695,4.710144927536232,9.420289855072465,85.86956521739131,11.956521739130435,73.91304347826086
E00103731,481,99,47,52,382,39,343,20.582120582120584,9.771309771309772,10.81081081081081,79.41787941787942,8.108108108108109,71.3097713097713
E00103732,277,42,12,30,235,19,216,15.162454873646208,4.332129963898916,10.830324909747292,84.83754512635379,6.859205776173286,77.9783393501805
E00103733,259,61,19,42,198,22,176,23.552123552123554,7.335907335907336,16.216216216216218,76.44787644787645,8.494208494208493,67.95366795366795
E00103734,251,48,14,34,203,26,177,19.12350597609562,5.577689243027888,13.545816733067728,80.87649402390437,10.358565737051793,70.5179282868526
E00103735,244,58,23,35,186,21,165,23.770491803278688,9.426229508196721,14.344262295081966,76.22950819672131,8.60655737704918,67.62295081967213
E00103736,292,38,11,27,254,26,228,13.013698630136986,3.767123287671233,9.246575342465754,86.98630136986301,8.904109589041095,78.08219178082192
E00103737,246,61,33,28,185,16,169,24.796747967479675,13.414634146341465,11.38211382113821,75.20325203252033,6.504065040650407,68.69918699186992
E00103738,291,32,8,24,259,26,233,10.996563573883162,2.7491408934707904,8.24742268041237,89.00343642611683,8.934707903780069,80.06872852233677
E00103739,308,45,16,29,263,30,233,14.61038961038961,5.194805194805195,9.415584415584416,85.3896103896104,9.740259740259742,75.64935064935064
E00103740,281,54,23,31,227,33,194,19.217081850533805,8.185053380782918,11.032028469750891,80.78291814946618,11.743772241992882,69.03914590747331
E00103741,237,30,11,19,207,28,179,12.658227848101266,4.641350210970464,8.016877637130802,87.34177215189874,11.814345991561181,75.52742616033755
E00103742,237,34,11,23,203,22,181,14.345991561181433,4.641350210970464,9.70464135021097,85.65400843881856,9.282700421940929,76.37130801687763
E00103743,227,59,28,31,168,15,153,25.991189427312776,12.334801762114537,13.656387665198238,74.00881057268722,6.607929515418502,67.40088105726872
E00103744,303,51,13,38,252,40,212,16.831683168316832,4.29042904290429,12.541254125412541,83.16831683168317,13.2013201320132,69.96699669966998
E00103745,436,88,34,54,348,35,313,20.18348623853211,7.79816513761468,12.385321100917432,79.81651376146789,8.027522935779817,71.78899082568807
E00103746,223,52,18,34,171,21,150,23.318385650224215,8.071748878923767,15.246636771300448,76.68161434977578,9.417040358744394,67.2645739910314
E00103747,328,39,10,29,289,34,255,11.890243902439025,3.048780487804878,8.841463414634147,88.10975609756098,10.365853658536585,77.7439024390244
E00103748,193,21,6,15,172,18,154,10.880829015544041,3.1088082901554404,7.772020725388601,89.11917098445595,9.32642487046632,79.79274611398964
E00103749,234,45,21,24,189,17,172,19.230769230769234,8.974358974358974,10.256410256410255,80.76923076923077,7.264957264957266,73.50427350427351
E00103750,275,42,19,23,233,26,207,15.272727272727273,6.909090909090909,8.363636363636363,84.72727272727273,9.454545454545455,75.27272727272727
E00103751,169,47,21,26,122,22,100,27.810650887573964,12.42603550295858,15.384615384615385,72.18934911242604,13.017751479289942,59.171597633136095
E00103752,211,54,21,33,157,23,134,25.59241706161137,9.95260663507109,15.639810426540285,74.40758293838863,10.90047393364929,63.507109004739334
E00103753,399,66,29,37,333,23,310,16.541353383458645,7.268170426065162,9.273182957393484,83.45864661654136,5.764411027568922,77.69423558897243
E00103754,260,54,19,35,206,29,177,20.76923076923077,7.307692307692308,13.461538461538462,79.23076923076923,11.153846153846155,68.07692307692308
E00103755,146,23,9,14,123,12,111,15.753424657534246,6.164383561643835,9.58904109589041,84.24657534246576,8.21917808219178,76.02739726027397
E00103756,305,58,18,40,247,33,214,19.01639344262295,5.901639344262295,13.114754098360656,80.98360655737706,10.819672131147541,70.16393442622952
E00103757,319,64,21,43,255,31,224,20.06269592476489,6.583072100313479,13.479623824451412,79.9373040752351,9.717868338557993,70.21943573667711
E00103758,280,67,28,39,213,31,182,23.92857142857143,10,13.928571428571429,76.07142857142857,11.071428571428571,65
E00103759,269,46,11,35,223,30,193,17.100371747211895,4.089219330855019,13.011152416356877,82.8996282527881,11.152416356877323,71.74721189591078
E00103760,184,28,6,22,156,19,137,15.217391304347828,3.260869565217391,11.956521739130435,84.78260869565217,10.326086956521738,74.45652173913044
E00103761,289,43,7,36,246,12,234,14.878892733564014,2.422145328719723,12.45674740484429,85.12110726643598,4.1522491349480966,80.96885813148789
E00103762,183,29,8,21,154,15,139,15.846994535519126,4.371584699453552,11.475409836065573,84.15300546448088,8.19672131147541,75.95628415300546
E00103763,264,47,23,24,217,27,190,17.803030303030305,8.712121212121213,9.090909090909092,82.1969696969697,10.227272727272728,71.96969696969697
E00103764,340,70,27,43,270,25,245,20.588235294117645,7.941176470588235,12.647058823529411,79.41176470588235,7.352941176470589,72.05882352941177
E00103765,269,88,49,39,181,21,160,32.71375464684015,18.21561338289963,14.49814126394052,67.28624535315984,7.806691449814126,59.479553903345725
E00103766,262,48,21,27,214,27,187,18.3206106870229,8.015267175572518,10.305343511450381,81.67938931297711,10.305343511450381,71.37404580152672
E00103767,403,67,20,47,336,41,295,16.62531017369727,4.962779156327544,11.662531017369728,83.37468982630273,10.173697270471465,73.20099255583126
E00103768,311,37,12,25,274,32,242,11.89710610932476,3.858520900321544,8.038585209003216,88.10289389067523,10.289389067524116,77.81350482315112
E00103769,244,61,16,45,183,20,163,25,6.557377049180328,18.442622950819672,75,8.19672131147541,66.80327868852459
E00103770,307,44,21,23,263,29,234,14.332247557003258,6.840390879478828,7.491856677524431,85.66775244299674,9.446254071661238,76.2214983713355
E00103771,464,75,28,47,389,28,361,16.163793103448278,6.0344827586206895,10.129310344827585,83.83620689655173,6.0344827586206895,77.80172413793103
E00103772,257,71,29,42,186,16,170,27.626459143968873,11.284046692607005,16.342412451361866,72.37354085603113,6.22568093385214,66.14785992217898
E00103773,276,48,19,29,228,31,197,17.391304347826086,6.884057971014493,10.507246376811594,82.6086956521739,11.231884057971014,71.37681159420289
E00103774,271,43,14,29,228,36,192,15.867158671586715,5.166051660516605,10.70110701107011,84.13284132841329,13.284132841328415,70.84870848708486
E00103775,113,21,3,18,92,5,87,18.58407079646018,2.6548672566371683,15.929203539823009,81.41592920353983,4.424778761061947,76.99115044247787
E00103776,339,41,9,32,298,36,262,12.094395280235988,2.6548672566371683,9.43952802359882,87.90560471976401,10.619469026548673,77.28613569321534
E00103777,326,67,27,40,259,31,228,20.552147239263803,8.282208588957054,12.269938650306749,79.4478527607362,9.509202453987731,69.93865030674846
E00103778,262,32,10,22,230,24,206,12.213740458015266,3.816793893129771,8.396946564885496,87.78625954198473,9.16030534351145,78.62595419847328
E00103779,397,47,18,29,350,39,311,11.838790931989925,4.534005037783375,7.304785894206549,88.16120906801007,9.82367758186398,78.33753148614609
E00103780,318,70,32,38,248,19,229,22.0125786163522,10.062893081761008,11.949685534591195,77.9874213836478,5.9748427672955975,72.0125786163522
E00103781,199,64,28,36,135,17,118,32.1608040201005,14.07035175879397,18.090452261306535,67.8391959798995,8.542713567839195,59.2964824120603
E00103782,340,73,36,37,267,26,241,21.470588235294116,10.588235294117647,10.882352941176471,78.52941176470588,7.647058823529412,70.88235294117648
E00103783,478,72,23,49,406,35,371,15.062761506276152,4.811715481171548,10.251046025104603,84.93723849372385,7.322175732217573,77.61506276150628
E00103784,270,51,20,31,219,28,191,18.88888888888889,7.4074074074074066,11.481481481481481,81.11111111111111,10.37037037037037,70.74074074074073
E00103785,321,57,23,34,264,27,237,17.75700934579439,7.165109034267912,10.59190031152648,82.2429906542056,8.411214953271028,73.83177570093457
E00103786,451,116,55,61,335,27,308,25.72062084257206,12.195121951219512,13.52549889135255,74.27937915742794,5.986696230598669,68.29268292682927
E00103787,363,62,27,35,301,24,277,17.079889807162534,7.43801652892562,9.641873278236915,82.92011019283747,6.6115702479338845,76.30853994490359
E00103788,271,59,28,31,212,24,188,21.771217712177123,10.33210332103321,11.439114391143912,78.22878228782287,8.856088560885608,69.37269372693727
E00103789,271,51,25,26,220,23,197,18.81918819188192,9.22509225092251,9.59409594095941,81.18081180811808,8.487084870848708,72.69372693726937
E00103790,321,63,19,44,258,31,227,19.626168224299064,5.919003115264798,13.707165109034266,80.37383177570094,9.657320872274143,70.7165109034268
E00103791,260,51,19,32,209,33,176,19.615384615384617,7.307692307692308,12.307692307692308,80.38461538461539,12.692307692307692,67.6923076923077
E00103792,229,47,15,32,182,18,164,20.52401746724891,6.550218340611353,13.973799126637553,79.47598253275109,7.860262008733625,71.61572052401746
E00103793,323,62,25,37,261,21,240,19.195046439628484,7.739938080495357,11.455108359133128,80.80495356037152,6.5015479876160995,74.30340557275542
E00103794,298,43,14,29,255,35,220,14.429530201342283,4.697986577181208,9.731543624161073,85.57046979865773,11.74496644295302,73.8255033557047
E00103795,308,57,23,34,251,20,231,18.506493506493506,7.467532467532467,11.03896103896104,81.4935064935065,6.493506493506493,75
E00103796,397,64,19,45,333,26,307,16.120906801007557,4.785894206549118,11.335012594458437,83.87909319899244,6.54911838790932,77.32997481108312
E00103797,209,25,9,16,184,24,160,11.961722488038278,4.30622009569378,7.655502392344498,88.03827751196172,11.483253588516746,76.55502392344498
E00103798,348,66,34,32,282,14,268,18.96551724137931,9.770114942528735,9.195402298850574,81.03448275862068,4.022988505747127,77.01149425287356
E00103799,451,75,27,48,376,49,327,16.62971175166297,5.986696230598669,10.643015521064301,83.37028824833703,10.864745011086473,72.50554323725056
E00103800,315,67,27,40,248,33,215,21.26984126984127,8.571428571428571,12.698412698412698,78.73015873015873,10.476190476190476,68.25396825396825
E00103801,350,62,32,30,288,32,256,17.71428571428571,9.142857142857142,8.571428571428571,82.28571428571428,9.142857142857142,73.14285714285714
E00103802,279,44,14,30,235,28,207,15.770609318996415,5.017921146953405,10.75268817204301,84.22939068100358,10.03584229390681,74.19354838709677
E00103803,306,52,15,37,254,21,233,16.99346405228758,4.901960784313726,12.091503267973856,83.00653594771242,6.862745098039216,76.1437908496732
E00103804,324,57,24,33,267,28,239,17.59259259259259,7.4074074074074066,10.185185185185185,82.4074074074074,8.641975308641975,73.76543209876543
E00103805,537,58,18,40,479,36,443,10.800744878957168,3.35195530726257,7.4487895716946,89.19925512104282,6.70391061452514,82.49534450651768
E00103806,426,66,25,41,360,31,329,15.492957746478872,5.868544600938967,9.624413145539906,84.50704225352112,7.276995305164319,77.23004694835682
E00103807,234,41,19,22,193,13,180,17.52136752136752,8.11965811965812,9.401709401709402,82.47863247863248,5.555555555555555,76.92307692307693
E00103808,247,46,14,32,201,25,176,18.62348178137652,5.668016194331984,12.955465587044534,81.37651821862349,10.121457489878543,71.25506072874494
E00103809,136,34,12,22,102,5,97,25,8.823529411764707,16.176470588235293,75,3.6764705882352944,71.32352941176471
E00103810,267,40,7,33,227,30,197,14.981273408239701,2.6217228464419478,12.359550561797752,85.0187265917603,11.235955056179774,73.78277153558052
E00103811,332,43,16,27,289,29,260,12.951807228915662,4.819277108433735,8.132530120481928,87.04819277108435,8.734939759036145,78.3132530120482
E00103812,330,86,40,46,244,23,221,26.060606060606062,12.121212121212121,13.939393939393941,73.93939393939394,6.969696969696971,66.96969696969697
E00103813,212,35,12,23,177,11,166,16.50943396226415,5.660377358490567,10.849056603773585,83.49056603773585,5.188679245283019,78.30188679245283
E00103814,300,57,25,32,243,22,221,19,8.333333333333332,10.666666666666668,81,7.333333333333333,73.66666666666667
E00103815,289,53,24,29,236,25,211,18.33910034602076,8.304498269896193,10.034602076124568,81.66089965397923,8.650519031141869,73.01038062283737
E00103816,269,46,17,29,223,19,204,17.100371747211895,6.319702602230483,10.780669144981413,82.8996282527881,7.063197026022305,75.8364312267658
E00103817,407,97,43,54,310,38,272,23.832923832923832,10.565110565110565,13.267813267813267,76.16707616707616,9.336609336609335,66.83046683046683
E00103818,291,68,34,34,223,21,202,23.367697594501717,11.683848797250858,11.683848797250858,76.6323024054983,7.216494845360824,69.41580756013745
E00103819,185,60,27,33,125,15,110,32.432432432432435,14.594594594594595,17.83783783783784,67.56756756756756,8.108108108108109,59.45945945945946
E00103820,299,51,17,34,248,24,224,17.05685618729097,5.68561872909699,11.37123745819398,82.94314381270902,8.02675585284281,74.91638795986621
E00103821,184,48,27,21,136,15,121,26.08695652173913,14.673913043478262,11.41304347826087,73.91304347826086,8.152173913043478,65.76086956521739
E00103822,237,61,35,26,176,20,156,25.738396624472575,14.767932489451477,10.970464135021098,74.26160337552743,8.438818565400844,65.82278481012658
E00103823,222,60,24,36,162,24,138,27.027027027027028,10.81081081081081,16.216216216216218,72.97297297297297,10.81081081081081,62.16216216216216
E00103824,299,72,37,35,227,22,205,24.08026755852843,12.37458193979933,11.705685618729097,75.91973244147158,7.357859531772576,68.56187290969899
E00103825,216,41,9,32,175,20,155,18.98148148148148,4.166666666666666,14.814814814814813,81.01851851851852,9.25925925925926,71.75925925925925
E00103826,317,91,58,33,226,15,211,28.706624605678233,18.29652996845426,10.410094637223976,71.29337539432177,4.73186119873817,66.5615141955836
E00103827,273,35,9,26,238,33,205,12.82051282051282,3.296703296703297,9.523809523809524,87.17948717948718,12.087912087912088,75.0915750915751
E00103828,264,81,36,45,183,27,156,30.681818181818183,13.636363636363635,17.045454545454543,69.31818181818183,10.227272727272728,59.09090909090909
E00103829,221,50,21,29,171,19,152,22.624434389140273,9.502262443438914,13.122171945701359,77.37556561085974,8.597285067873303,68.77828054298642
E00103830,228,50,20,30,178,19,159,21.929824561403507,8.771929824561402,13.157894736842104,78.0701754385965,8.333333333333332,69.73684210526315
E00103831,290,90,49,41,200,23,177,31.03448275862069,16.896551724137932,14.13793103448276,68.96551724137932,7.931034482758621,61.03448275862069
E00103832,194,52,24,28,142,14,128,26.804123711340207,12.371134020618557,14.432989690721648,73.19587628865979,7.216494845360824,65.97938144329896
E00103833,209,51,20,31,158,19,139,24.401913875598087,9.569377990430622,14.832535885167463,75.5980861244019,9.090909090909092,66.50717703349282
E00103834,259,49,14,35,210,24,186,18.91891891891892,5.405405405405405,13.513513513513514,81.08108108108108,9.266409266409266,71.81467181467181
E00103835,228,54,22,32,174,18,156,23.684210526315788,9.649122807017543,14.035087719298245,76.31578947368422,7.894736842105263,68.42105263157895
E00103836,169,44,15,29,125,12,113,26.035502958579883,8.875739644970414,17.159763313609467,73.96449704142012,7.100591715976331,66.86390532544378
E00103837,232,45,14,31,187,25,162,19.396551724137932,6.0344827586206895,13.36206896551724,80.60344827586206,10.775862068965516,69.82758620689656
E00103838,247,50,24,26,197,23,174,20.242914979757085,9.7165991902834,10.526315789473683,79.75708502024291,9.31174089068826,70.44534412955466
E00103839,226,54,37,17,172,29,143,23.893805309734514,16.371681415929203,7.52212389380531,76.10619469026548,12.831858407079647,63.27433628318584
E00103840,352,77,34,43,275,28,247,21.875,9.659090909090908,12.215909090909092,78.125,7.954545454545454,70.17045454545455
E00103841,333,65,26,39,268,23,245,19.51951951951952,7.807807807807808,11.711711711711711,80.48048048048048,6.906906906906906,73.57357357357357
E00103842,308,68,31,37,240,18,222,22.07792207792208,10.064935064935066,12.012987012987013,77.92207792207793,5.844155844155844,72.07792207792207
E00103843,331,64,23,41,267,21,246,19.335347432024168,6.948640483383686,12.386706948640484,80.66465256797582,6.3444108761329305,74.32024169184291
E00103844,293,64,27,37,229,32,197,21.843003412969285,9.215017064846416,12.627986348122866,78.15699658703072,10.921501706484642,67.23549488054607
E00103845,224,40,13,27,184,19,165,17.857142857142858,5.803571428571429,12.053571428571429,82.14285714285714,8.482142857142858,73.66071428571429
E00103846,320,58,22,36,262,36,226,18.125,6.875000000000001,11.25,81.875,11.25,70.625
E00103847,244,39,14,25,205,25,180,15.983606557377051,5.737704918032787,10.245901639344263,84.01639344262296,10.245901639344263,73.77049180327869
E00103848,253,56,24,32,197,16,181,22.134387351778656,9.486166007905137,12.648221343873518,77.86561264822134,6.324110671936759,71.54150197628458
E00103849,291,74,23,51,217,19,198,25.42955326460481,7.903780068728522,17.525773195876287,74.5704467353952,6.529209621993128,68.04123711340206
E00103850,245,44,20,24,201,23,178,17.959183673469386,8.16326530612245,9.795918367346939,82.0408163265306,9.387755102040817,72.6530612244898
E00103851,293,70,25,45,223,23,200,23.890784982935152,8.532423208191126,15.358361774744028,76.10921501706484,7.849829351535837,68.25938566552901
E00103852,237,45,11,34,192,18,174,18.9873417721519,4.641350210970464,14.345991561181433,81.0126582278481,7.59493670886076,73.41772151898735
E00103853,240,61,21,40,179,18,161,25.416666666666664,8.75,16.666666666666664,74.58333333333333,7.5,67.08333333333333
E00103854,323,74,33,41,249,17,232,22.910216718266255,10.21671826625387,12.693498452012383,77.08978328173374,5.263157894736842,71.8266253869969
E00103855,304,51,17,34,253,20,233,16.776315789473685,5.592105263157895,11.18421052631579,83.22368421052632,6.578947368421052,76.64473684210526
E00103856,275,62,23,39,213,20,193,22.545454545454547,8.363636363636363,14.181818181818182,77.45454545454545,7.2727272727272725,70.18181818181817
E00103857,321,58,23,35,263,27,236,18.06853582554517,7.165109034267912,10.903426791277258,81.93146417445483,8.411214953271028,73.5202492211838
E00103858,292,54,15,39,238,21,217,18.493150684931507,5.136986301369863,13.356164383561644,81.5068493150685,7.191780821917808,74.31506849315068
E00103859,232,54,15,39,178,16,162,23.275862068965516,6.4655172413793105,16.810344827586206,76.72413793103449,6.896551724137931,69.82758620689656
E00103860,274,56,27,29,218,25,193,20.437956204379564,9.854014598540147,10.583941605839415,79.56204379562044,9.124087591240876,70.43795620437956
E00103861,244,56,25,31,188,25,163,22.950819672131146,10.245901639344263,12.704918032786885,77.04918032786885,10.245901639344263,66.80327868852459
E00103862,269,51,11,40,218,22,196,18.95910780669145,4.089219330855019,14.869888475836431,81.04089219330855,8.178438661710038,72.86245353159852
E00103863,231,70,36,34,161,16,145,30.303030303030305,15.584415584415584,14.71861471861472,69.6969696969697,6.926406926406926,62.77056277056276
E00103864,268,97,62,35,171,11,160,36.19402985074627,23.134328358208954,13.059701492537313,63.80597014925373,4.104477611940299,59.70149253731343
E00103865,270,47,13,34,223,16,207,17.40740740740741,4.814814814814815,12.592592592592592,82.5925925925926,5.9259259259259265,76.66666666666667
E00103866,249,56,20,36,193,21,172,22.48995983935743,8.032128514056225,14.457831325301203,77.51004016064257,8.433734939759036,69.07630522088354
E00103867,270,60,14,46,210,25,185,22.22222222222222,5.185185185185185,17.037037037037038,77.77777777777779,9.25925925925926,68.51851851851852
E00103869,190,47,18,29,143,14,129,24.736842105263158,9.473684210526317,15.263157894736842,75.26315789473685,7.368421052631578,67.89473684210526
E00103870,307,55,15,40,252,14,238,17.91530944625407,4.88599348534202,13.029315960912053,82.08469055374593,4.5602605863192185,77.52442996742671
E00103871,294,44,18,26,250,24,226,14.965986394557824,6.122448979591836,8.843537414965986,85.03401360544217,8.16326530612245,76.87074829931973
E00103872,335,59,25,34,276,23,253,17.611940298507463,7.462686567164178,10.149253731343283,82.38805970149254,6.865671641791045,75.5223880597015
E00103873,241,41,16,25,200,19,181,17.012448132780083,6.639004149377594,10.37344398340249,82.98755186721992,7.883817427385892,75.10373443983403
E00103874,432,90,30,60,342,36,306,20.833333333333336,6.944444444444445,13.88888888888889,79.16666666666666,8.333333333333332,70.83333333333334
E00103875,328,43,15,28,285,17,268,13.109756097560975,4.573170731707317,8.536585365853659,86.89024390243902,5.182926829268292,81.70731707317073
E00103876,313,60,28,32,253,31,222,19.169329073482427,8.945686900958465,10.223642172523961,80.83067092651757,9.904153354632587,70.92651757188499
E00103877,236,34,9,25,202,24,178,14.40677966101695,3.8135593220338984,10.59322033898305,85.59322033898306,10.16949152542373,75.42372881355932
E00103878,218,46,16,30,172,25,147,21.100917431192663,7.339449541284404,13.761467889908257,78.89908256880734,11.46788990825688,67.43119266055045
E00103879,153,22,6,16,131,16,115,14.37908496732026,3.9215686274509802,10.457516339869281,85.62091503267973,10.457516339869281,75.16339869281046
E00103880,346,73,29,44,273,24,249,21.09826589595376,8.38150289017341,12.716763005780345,78.90173410404624,6.9364161849710975,71.96531791907515
E00103881,311,56,16,40,255,34,221,18.006430868167204,5.144694533762058,12.861736334405144,81.9935691318328,10.932475884244374,71.06109324758843
E00103882,377,58,21,37,319,34,285,15.384615384615385,5.570291777188329,9.814323607427056,84.61538461538461,9.018567639257293,75.59681697612733
E00103883,303,70,39,31,233,33,200,23.1023102310231,12.871287128712872,10.231023102310232,76.89768976897689,10.891089108910892,66.006600660066
E00103884,305,77,26,51,228,25,203,25.245901639344265,8.524590163934425,16.721311475409838,74.75409836065575,8.19672131147541,66.55737704918033
E00103885,255,54,16,38,201,25,176,21.176470588235293,6.2745098039215685,14.901960784313726,78.82352941176471,9.803921568627452,69.01960784313725
E00103886,335,71,28,43,264,37,227,21.19402985074627,8.358208955223882,12.835820895522387,78.80597014925374,11.044776119402986,67.76119402985074
E00103887,498,76,24,52,422,22,400,15.261044176706829,4.819277108433735,10.441767068273093,84.73895582329317,4.417670682730924,80.32128514056225
E00103888,417,64,24,40,353,32,321,15.347721822541965,5.755395683453238,9.59232613908873,84.65227817745803,7.673860911270983,76.97841726618705
E00103889,422,67,13,54,355,39,316,15.876777251184834,3.080568720379147,12.796208530805686,84.12322274881517,9.24170616113744,74.88151658767772
E00103890,359,115,49,66,244,28,216,32.03342618384401,13.649025069637883,18.384401114206128,67.96657381615599,7.7994428969359335,60.16713091922006
E00103891,307,44,19,25,263,19,244,14.332247557003258,6.188925081433225,8.143322475570033,85.66775244299674,6.188925081433225,79.47882736156352
E00103894,302,70,31,39,232,24,208,23.178807947019866,10.264900662251655,12.91390728476821,76.82119205298014,7.9470198675496695,68.87417218543047
E00103895,244,73,37,36,171,23,148,29.918032786885245,15.163934426229508,14.754098360655737,70.08196721311475,9.426229508196721,60.65573770491803
E00103896,269,78,31,47,191,30,161,28.99628252788104,11.524163568773234,17.472118959107807,71.00371747211895,11.152416356877323,59.85130111524164
E00103897,238,39,10,29,199,13,186,16.386554621848738,4.201680672268908,12.184873949579831,83.61344537815127,5.46218487394958,78.15126050420169
E00103898,283,70,31,39,213,21,192,24.73498233215548,10.954063604240282,13.780918727915195,75.26501766784452,7.420494699646643,67.84452296819788
E00103899,295,62,27,35,233,32,201,21.01694915254237,9.152542372881356,11.864406779661017,78.98305084745762,10.847457627118644,68.13559322033899
E00103900,262,55,20,35,207,19,188,20.99236641221374,7.633587786259542,13.358778625954198,79.00763358778626,7.251908396946565,71.7557251908397
E00103901,251,50,23,27,201,16,185,19.9203187250996,9.163346613545817,10.756972111553784,80.0796812749004,6.374501992031872,73.70517928286853
E00103902,238,69,20,49,169,21,148,28.991596638655466,8.403361344537815,20.588235294117645,71.00840336134453,8.823529411764707,62.18487394957983
E00103903,183,17,7,10,166,10,156,9.289617486338798,3.825136612021858,5.46448087431694,90.7103825136612,5.46448087431694,85.24590163934425
E00103904,329,66,19,47,263,35,228,20.060790273556233,5.775075987841945,14.285714285714285,79.93920972644378,10.638297872340425,69.30091185410335
E00103905,273,69,26,43,204,35,169,25.274725274725274,9.523809523809524,15.75091575091575,74.72527472527473,12.82051282051282,61.904761904761905
E00103906,248,43,19,24,205,28,177,17.338709677419356,7.661290322580645,9.67741935483871,82.66129032258065,11.29032258064516,71.37096774193549
E00103907,307,53,22,31,254,32,222,17.263843648208468,7.166123778501629,10.097719869706841,82.73615635179154,10.423452768729643,72.31270358306189
E00103908,448,82,20,62,366,34,332,18.303571428571427,4.464285714285714,13.839285714285715,81.69642857142857,7.5892857142857135,74.10714285714286
E00103909,322,63,22,41,259,36,223,19.565217391304348,6.832298136645963,12.732919254658384,80.43478260869566,11.180124223602485,69.25465838509317
E00103910,312,49,11,38,263,36,227,15.705128205128204,3.5256410256410255,12.179487179487179,84.2948717948718,11.538461538461538,72.75641025641025
E00103911,330,51,21,30,279,40,239,15.454545454545453,6.363636363636363,9.090909090909092,84.54545454545455,12.121212121212121,72.42424242424242
E00103912,313,43,9,34,270,33,237,13.738019169329075,2.8753993610223643,10.86261980830671,86.26198083067092,10.543130990415335,75.71884984025559
E00103913,332,59,22,37,273,34,239,17.771084337349397,6.626506024096386,11.144578313253012,82.2289156626506,10.240963855421686,71.98795180722891
E00103914,270,59,24,35,211,13,198,21.85185185185185,8.88888888888889,12.962962962962962,78.14814814814814,4.814814814814815,73.33333333333333
E00103915,332,47,15,32,285,39,246,14.156626506024098,4.518072289156627,9.63855421686747,85.8433734939759,11.74698795180723,74.09638554216868
E00103916,297,51,16,35,246,28,218,17.17171717171717,5.387205387205387,11.784511784511785,82.82828282828282,9.427609427609427,73.4006734006734
E00103917,255,56,21,35,199,27,172,21.96078431372549,8.235294117647058,13.725490196078432,78.03921568627452,10.588235294117647,67.45098039215686
E00103918,293,59,16,43,234,30,204,20.13651877133106,5.460750853242321,14.675767918088736,79.86348122866895,10.238907849829351,69.6245733788396
E00103919,401,82,26,56,319,40,279,20.448877805486283,6.483790523690773,13.96508728179551,79.55112219451371,9.975062344139651,69.57605985037407
E00103920,305,74,38,36,231,14,217,24.262295081967213,12.459016393442624,11.80327868852459,75.73770491803279,4.590163934426229,71.14754098360656
E00103921,284,71,34,37,213,24,189,25,11.971830985915492,13.028169014084506,75,8.450704225352112,66.54929577464789
E00103922,265,43,17,26,222,23,199,16.22641509433962,6.415094339622642,9.811320754716983,83.77358490566039,8.679245283018867,75.09433962264151
E00103923,252,62,24,38,190,21,169,24.6031746031746,9.523809523809524,15.079365079365079,75.39682539682539,8.333333333333332,67.06349206349206
E00103924,262,52,15,37,210,27,183,19.84732824427481,5.7251908396946565,14.122137404580155,80.1526717557252,10.305343511450381,69.8473282442748
E00103925,281,69,29,40,212,20,192,24.555160142348754,10.320284697508896,14.23487544483986,75.44483985765125,7.11743772241993,68.32740213523132
E00103926,256,53,17,36,203,22,181,20.703125,6.640625,14.0625,79.296875,8.59375,70.703125
E00103927,199,62,27,35,137,14,123,31.155778894472363,13.5678391959799,17.587939698492463,68.84422110552764,7.035175879396985,61.80904522613066
E00103928,285,54,23,31,231,21,210,18.947368421052634,8.070175438596491,10.87719298245614,81.05263157894737,7.368421052631578,73.68421052631578
E00103929,311,65,24,41,246,19,227,20.90032154340836,7.717041800643088,13.183279742765272,79.09967845659163,6.109324758842444,72.9903536977492
E00103930,303,63,28,35,240,16,224,20.792079207920793,9.24092409240924,11.55115511551155,79.20792079207921,5.2805280528052805,73.92739273927393
E00103931,202,67,27,40,135,16,119,33.16831683168317,13.366336633663368,19.801980198019802,66.83168316831683,7.920792079207921,58.91089108910891
E00103932,311,56,22,34,255,26,229,18.006430868167204,7.07395498392283,10.932475884244374,81.9935691318328,8.360128617363344,73.63344051446946
E00103933,234,58,18,40,176,21,155,24.786324786324787,7.6923076923076925,17.094017094017094,75.21367521367522,8.974358974358974,66.23931623931624
E00103934,322,47,15,32,275,35,240,14.596273291925465,4.658385093167702,9.937888198757763,85.40372670807453,10.869565217391305,74.53416149068323
E00103935,316,92,32,60,224,27,197,29.11392405063291,10.126582278481013,18.9873417721519,70.88607594936708,8.544303797468354,62.34177215189873
E00103936,219,73,39,34,146,12,134,33.33333333333333,17.80821917808219,15.52511415525114,66.66666666666666,5.47945205479452,61.18721461187214
E00103937,358,81,27,54,277,36,241,22.62569832402235,7.5418994413407825,15.083798882681565,77.37430167597765,10.05586592178771,67.31843575418995
E00103938,224,58,36,22,166,11,155,25.892857142857146,16.071428571428573,9.821428571428571,74.10714285714286,4.910714285714286,69.19642857142857
E00103939,273,54,17,37,219,28,191,19.78021978021978,6.227106227106227,13.553113553113553,80.21978021978022,10.256410256410255,69.96336996336996
E00103940,266,54,22,32,212,18,194,20.30075187969925,8.270676691729323,12.030075187969924,79.69924812030075,6.7669172932330826,72.93233082706767
E00103941,245,41,19,22,204,23,181,16.73469387755102,7.755102040816326,8.979591836734693,83.26530612244898,9.387755102040817,73.87755102040816
E00103942,225,44,20,24,181,32,149,19.555555555555557,8.88888888888889,10.666666666666668,80.44444444444444,14.222222222222221,66.22222222222223
E00103943,237,55,13,42,182,36,146,23.20675105485232,5.485232067510549,17.72151898734177,76.79324894514767,15.18987341772152,61.60337552742617
E00103944,230,52,19,33,178,22,156,22.608695652173914,8.26086956521739,14.347826086956522,77.39130434782608,9.565217391304348,67.82608695652173
E00103945,241,38,13,25,203,18,185,15.767634854771783,5.394190871369295,10.37344398340249,84.23236514522821,7.468879668049793,76.76348547717843
E00103946,313,89,33,56,224,31,193,28.434504792332266,10.543130990415335,17.89137380191693,71.56549520766772,9.904153354632587,61.66134185303515
E00103947,162,41,12,29,121,20,101,25.308641975308642,7.4074074074074066,17.901234567901234,74.69135802469135,12.345679012345679,62.34567901234568
E00103948,213,48,21,27,165,21,144,22.535211267605636,9.859154929577464,12.676056338028168,77.46478873239437,9.859154929577464,67.6056338028169
E00103949,207,62,26,36,145,26,119,29.951690821256037,12.560386473429952,17.391304347826086,70.04830917874396,12.560386473429952,57.48792270531401
E00103950,259,64,27,37,195,16,179,24.71042471042471,10.424710424710424,14.285714285714285,75.2895752895753,6.177606177606178,69.1119691119691
E00103951,365,84,29,55,281,25,256,23.013698630136986,7.9452054794520555,15.068493150684931,76.98630136986301,6.8493150684931505,70.13698630136986
E00103952,296,69,32,37,227,25,202,23.31081081081081,10.81081081081081,12.5,76.6891891891892,8.445945945945946,68.24324324324324
E00103953,277,83,36,47,194,29,165,29.96389891696751,12.996389891696749,16.967509025270758,70.03610108303249,10.469314079422382,59.56678700361011
E00103954,254,51,23,28,203,16,187,20.078740157480315,9.05511811023622,11.023622047244094,79.92125984251969,6.299212598425196,73.62204724409449
E00103955,386,118,59,59,268,27,241,30.569948186528496,15.284974093264248,15.284974093264248,69.43005181347151,6.994818652849741,62.43523316062176
E00103956,280,69,30,39,211,31,180,24.642857142857146,10.714285714285714,13.928571428571429,75.35714285714286,11.071428571428571,64.28571428571429
E00103957,386,65,26,39,321,37,284,16.83937823834197,6.7357512953367875,10.103626943005182,83.16062176165802,9.585492227979273,73.57512953367875
E00103958,374,89,46,43,285,33,252,23.796791443850267,12.299465240641712,11.497326203208557,76.20320855614973,8.823529411764707,67.37967914438502
E00103959,340,88,40,48,252,23,229,25.882352941176475,11.76470588235294,14.117647058823529,74.11764705882354,6.764705882352941,67.3529411764706
E00103960,312,41,19,22,271,17,254,13.141025641025642,6.089743589743589,7.051282051282051,86.85897435897436,5.448717948717949,81.41025641025641
E00103961,295,72,28,44,223,24,199,24.40677966101695,9.491525423728813,14.915254237288137,75.59322033898304,8.135593220338983,67.45762711864407
E00103962,340,65,16,49,275,22,253,19.11764705882353,4.705882352941177,14.411764705882351,80.88235294117648,6.470588235294119,74.41176470588235
E00103963,337,56,20,36,281,20,261,16.61721068249258,5.934718100890208,10.682492581602373,83.38278931750742,5.934718100890208,77.44807121661721
E00103964,383,68,30,38,315,36,279,17.75456919060052,7.83289817232376,9.921671018276761,82.24543080939948,9.39947780678851,72.84595300261097
E00103965,282,45,20,25,237,20,217,15.957446808510639,7.092198581560284,8.865248226950355,84.04255319148936,7.092198581560284,76.95035460992908
E00103966,454,84,34,50,370,42,328,18.502202643171806,7.488986784140969,11.013215859030836,81.4977973568282,9.251101321585903,72.24669603524228
E00103967,379,66,23,43,313,30,283,17.41424802110818,6.068601583113456,11.345646437994723,82.58575197889182,7.9155672823219,74.67018469656992
E00103968,295,60,19,41,235,25,210,20.33898305084746,6.440677966101695,13.898305084745763,79.66101694915254,8.47457627118644,71.1864406779661
E00103969,257,62,26,36,195,28,167,24.124513618677042,10.116731517509727,14.007782101167315,75.87548638132296,10.894941634241246,64.98054474708171
E00103970,132,23,9,14,109,17,92,17.424242424242426,6.8181818181818175,10.606060606060606,82.57575757575758,12.878787878787879,69.6969696969697
E00103971,250,38,15,23,212,15,197,15.2,6,9.2,84.8,6,78.8
E00103972,259,51,23,28,208,23,185,19.69111969111969,8.880308880308881,10.81081081081081,80.3088803088803,8.880308880308881,71.42857142857143
E00103973,220,52,23,29,168,20,148,23.636363636363637,10.454545454545453,13.18181818181818,76.36363636363637,9.090909090909092,67.27272727272727
E00103974,208,36,11,25,172,19,153,17.307692307692307,5.288461538461538,12.01923076923077,82.6923076923077,9.134615384615383,73.5576923076923
E00103975,247,52,19,33,195,22,173,21.052631578947366,7.6923076923076925,13.360323886639677,78.94736842105263,8.906882591093117,70.04048582995951
E00103976,252,45,16,29,207,22,185,17.857142857142858,6.349206349206349,11.507936507936508,82.14285714285714,8.73015873015873,73.4126984126984
E00103977,174,39,16,23,135,21,114,22.413793103448278,9.195402298850574,13.218390804597702,77.58620689655173,12.068965517241379,65.51724137931035
E00103978,387,54,12,42,333,42,291,13.953488372093023,3.10077519379845,10.852713178294573,86.04651162790698,10.852713178294573,75.1937984496124
E00103979,101,14,7,7,87,6,81,13.861386138613863,6.9306930693069315,6.9306930693069315,86.13861386138613,5.9405940594059405,80.19801980198021
E00103980,371,63,28,35,308,35,273,16.9811320754717,7.547169811320755,9.433962264150944,83.01886792452831,9.433962264150944,73.58490566037736
E00103981,336,63,26,37,273,24,249,18.75,7.738095238095238,11.011904761904761,81.25,7.142857142857142,74.10714285714286
E00103982,404,66,23,43,338,32,306,16.33663366336634,5.693069306930694,10.643564356435643,83.66336633663366,7.920792079207921,75.74257425742574
E00103983,229,64,27,37,165,21,144,27.947598253275107,11.790393013100436,16.157205240174672,72.0524017467249,9.170305676855897,62.882096069869
E00103984,254,37,10,27,217,22,195,14.566929133858267,3.937007874015748,10.62992125984252,85.43307086614173,8.661417322834646,76.77165354330708
E00103985,270,39,17,22,231,19,212,14.444444444444443,6.296296296296296,8.148148148148149,85.55555555555556,7.037037037037037,78.51851851851852
E00103986,254,51,18,33,203,22,181,20.078740157480315,7.086614173228346,12.992125984251967,79.92125984251969,8.661417322834646,71.25984251968504
E00103987,358,58,27,31,300,45,255,16.201117318435752,7.5418994413407825,8.659217877094973,83.79888268156425,12.569832402234638,71.22905027932961
E00103988,283,58,14,44,225,23,202,20.49469964664311,4.946996466431095,15.547703180212014,79.50530035335689,8.12720848056537,71.37809187279152
E00103989,348,112,54,58,236,23,213,32.18390804597701,15.517241379310345,16.666666666666664,67.81609195402298,6.609195402298851,61.206896551724135
E00103990,235,44,12,32,191,19,172,18.72340425531915,5.106382978723404,13.617021276595745,81.27659574468085,8.085106382978724,73.19148936170212
E00103991,304,64,32,32,240,36,204,21.052631578947366,10.526315789473683,10.526315789473683,78.94736842105263,11.842105263157894,67.10526315789474
E00103992,615,81,31,50,534,53,481,13.170731707317074,5.040650406504065,8.130081300813007,86.82926829268293,8.617886178861788,78.21138211382113
E00103994,242,51,29,22,191,25,166,21.074380165289256,11.983471074380166,9.090909090909092,78.92561983471074,10.330578512396695,68.59504132231406
E00103995,209,53,22,31,156,28,128,25.358851674641148,10.526315789473683,14.832535885167463,74.64114832535886,13.397129186602871,61.24401913875598
E00103996,361,111,58,53,250,31,219,30.747922437673132,16.06648199445983,14.681440443213297,69.25207756232687,8.587257617728532,60.664819944598335
E00103998,188,29,15,14,159,12,147,15.425531914893616,7.9787234042553195,7.446808510638298,84.57446808510637,6.382978723404255,78.19148936170212
E00103999,175,28,9,19,147,11,136,16,5.142857142857142,10.857142857142858,84,6.2857142857142865,77.71428571428571
E00104000,315,52,14,38,263,39,224,16.507936507936506,4.444444444444445,12.063492063492063,83.4920634920635,12.380952380952381,71.11111111111111
E00104001,264,60,20,40,204,16,188,22.727272727272727,7.575757575757576,15.151515151515152,77.27272727272727,6.0606060606060606,71.21212121212122
E00104002,259,69,35,34,190,17,173,26.640926640926644,13.513513513513514,13.127413127413126,73.35907335907336,6.563706563706563,66.79536679536679
E00104003,284,58,15,43,226,24,202,20.422535211267608,5.28169014084507,15.140845070422534,79.5774647887324,8.450704225352112,71.12676056338029
E00104004,284,62,19,43,222,26,196,21.830985915492956,6.690140845070422,15.140845070422534,78.16901408450704,9.15492957746479,69.01408450704226
E00104005,247,78,41,37,169,21,148,31.57894736842105,16.599190283400812,14.979757085020243,68.42105263157895,8.502024291497975,59.91902834008097
E00104006,353,54,19,35,299,33,266,15.29745042492918,5.382436260623229,9.91501416430595,84.70254957507082,9.34844192634561,75.3541076487252
E00104007,216,49,24,25,167,22,145,22.685185185185187,11.11111111111111,11.574074074074074,77.31481481481481,10.185185185185185,67.12962962962963
E00104008,239,57,15,42,182,22,160,23.84937238493724,6.2761506276150625,17.573221757322173,76.15062761506276,9.205020920502092,66.94560669456067
E00104009,227,41,18,23,186,20,166,18.06167400881057,7.929515418502203,10.13215859030837,81.93832599118943,8.81057268722467,73.12775330396477
E00104010,120,16,0,16,104,6,98,13.333333333333334,0,13.333333333333334,86.66666666666667,5,81.66666666666667
E00104011,357,58,15,43,299,40,259,16.246498599439775,4.201680672268908,12.044817927170868,83.75350140056022,11.204481792717088,72.54901960784314
E00104012,190,32,15,17,158,24,134,16.842105263157894,7.894736842105263,8.947368421052632,83.15789473684211,12.631578947368421,70.52631578947368
E00104013,127,23,7,16,104,11,93,18.11023622047244,5.511811023622047,12.598425196850393,81.88976377952756,8.661417322834646,73.22834645669292
E00104014,313,74,30,44,239,41,198,23.642172523961662,9.584664536741213,14.057507987220447,76.35782747603834,13.099041533546327,63.25878594249201
E00104015,297,72,25,47,225,32,193,24.242424242424242,8.417508417508419,15.824915824915825,75.75757575757575,10.774410774410773,64.98316498316498
E00104016,304,103,61,42,201,15,186,33.881578947368425,20.065789473684212,13.815789473684212,66.11842105263158,4.934210526315789,61.18421052631579
E00104017,286,60,15,45,226,16,210,20.97902097902098,5.244755244755245,15.734265734265735,79.02097902097903,5.594405594405594,73.42657342657343
E00104018,301,56,16,40,245,22,223,18.6046511627907,5.3156146179401995,13.2890365448505,81.3953488372093,7.308970099667775,74.08637873754152
E00104019,462,94,36,58,368,53,315,20.346320346320347,7.792207792207792,12.554112554112553,79.65367965367966,11.471861471861471,68.18181818181817
E00104020,332,72,30,42,260,21,239,21.686746987951807,9.036144578313253,12.650602409638553,78.3132530120482,6.325301204819277,71.98795180722891
E00104021,341,95,50,45,246,24,222,27.859237536656888,14.66275659824047,13.196480938416421,72.14076246334311,7.038123167155426,65.10263929618768
E00104022,363,60,23,37,303,27,276,16.528925619834713,6.336088154269973,10.192837465564738,83.47107438016529,7.43801652892562,76.03305785123968
E00104023,264,52,22,30,212,23,189,19.696969696969695,8.333333333333332,11.363636363636363,80.3030303030303,8.712121212121213,71.5909090909091
E00104024,264,50,15,35,214,27,187,18.939393939393938,5.681818181818182,13.257575757575758,81.06060606060606,10.227272727272728,70.83333333333334
E00104025,288,64,31,33,224,18,206,22.22222222222222,10.76388888888889,11.458333333333332,77.77777777777779,6.25,71.52777777777779
E00104026,488,92,44,48,396,44,352,18.852459016393443,9.01639344262295,9.836065573770492,81.14754098360656,9.01639344262295,72.1311475409836
E00104027,272,62,28,34,210,18,192,22.794117647058822,10.294117647058822,12.5,77.20588235294117,6.61764705882353,70.58823529411765
E00104028,308,47,15,32,261,17,244,15.259740259740258,4.870129870129871,10.38961038961039,84.74025974025975,5.51948051948052,79.22077922077922
E00104029,282,86,37,49,196,26,170,30.49645390070922,13.120567375886525,17.375886524822697,69.50354609929079,9.219858156028367,60.28368794326241
E00104030,349,75,33,42,274,30,244,21.48997134670487,9.455587392550143,12.034383954154727,78.51002865329512,8.595988538681947,69.91404011461319
E00104031,306,52,22,30,254,21,233,16.99346405228758,7.18954248366013,9.803921568627452,83.00653594771242,6.862745098039216,76.1437908496732
E00104032,263,60,28,32,203,23,180,22.813688212927758,10.646387832699618,12.167300380228136,77.18631178707224,8.745247148288973,68.44106463878326
E00104034,232,49,24,25,183,33,150,21.120689655172413,10.344827586206897,10.775862068965516,78.87931034482759,14.224137931034484,64.65517241379311
E00104035,186,41,14,27,145,14,131,22.043010752688172,7.526881720430108,14.516129032258066,77.95698924731182,7.526881720430108,70.43010752688173
E00104036,283,59,28,31,224,17,207,20.848056537102476,9.89399293286219,10.954063604240282,79.15194346289752,6.007067137809187,73.14487632508833
E00104037,262,41,14,27,221,25,196,15.648854961832063,5.343511450381679,10.305343511450381,84.35114503816794,9.541984732824428,74.80916030534351
E00104038,201,55,15,40,146,21,125,27.363184079601986,7.462686567164178,19.900497512437813,72.636815920398,10.44776119402985,62.189054726368155
E00104039,238,44,16,28,194,16,178,18.487394957983195,6.722689075630252,11.76470588235294,81.5126050420168,6.722689075630252,74.78991596638656
E00104040,388,76,26,50,312,42,270,19.587628865979383,6.701030927835052,12.886597938144329,80.41237113402062,10.824742268041238,69.58762886597938
E00104041,376,104,24,80,272,30,242,27.659574468085108,6.382978723404255,21.27659574468085,72.3404255319149,7.9787234042553195,64.36170212765957
E00104042,205,53,21,32,152,18,134,25.853658536585368,10.24390243902439,15.609756097560975,74.14634146341463,8.780487804878048,65.3658536585366
E00104043,410,77,25,52,333,28,305,18.78048780487805,6.097560975609756,12.682926829268293,81.21951219512195,6.829268292682928,74.39024390243902
E00104044,461,51,13,38,410,41,369,11.062906724511931,2.8199566160520604,8.24295010845987,88.93709327548807,8.893709327548807,80.04338394793926
E00104045,259,60,28,32,199,12,187,23.166023166023166,10.81081081081081,12.355212355212355,76.83397683397683,4.633204633204633,72.2007722007722
E00104046,278,47,21,26,231,31,200,16.906474820143885,7.553956834532374,9.352517985611511,83.09352517985612,11.151079136690647,71.94244604316546
E00104047,243,59,17,42,184,20,164,24.279835390946502,6.995884773662551,17.28395061728395,75.7201646090535,8.23045267489712,67.48971193415639
E00104048,256,84,35,49,172,10,162,32.8125,13.671875,19.140625,67.1875,3.90625,63.28125
E00104049,207,44,10,34,163,23,140,21.256038647342994,4.830917874396135,16.425120772946862,78.74396135265701,11.11111111111111,67.6328502415459
E00104050,246,37,12,25,209,20,189,15.040650406504067,4.878048780487805,10.16260162601626,84.95934959349594,8.130081300813007,76.82926829268293
E00104051,286,61,18,43,225,16,209,21.328671328671327,6.293706293706294,15.034965034965033,78.67132867132867,5.594405594405594,73.07692307692307
E00104052,329,63,21,42,266,22,244,19.148936170212767,6.382978723404255,12.76595744680851,80.85106382978722,6.68693009118541,74.16413373860182
E00104053,389,93,49,44,296,42,254,23.90745501285347,12.596401028277635,11.311053984575835,76.09254498714652,10.796915167095115,65.29562982005142
E00104054,268,49,16,33,219,17,202,18.28358208955224,5.970149253731343,12.313432835820896,81.71641791044776,6.343283582089552,75.3731343283582
E00104055,279,56,24,32,223,18,205,20.07168458781362,8.60215053763441,11.469534050179211,79.92831541218638,6.451612903225806,73.47670250896059
E00104056,330,82,21,61,248,40,208,24.848484848484848,6.363636363636363,18.484848484848484,75.15151515151514,12.121212121212121,63.030303030303024
E00104057,394,72,24,48,322,23,299,18.274111675126903,6.091370558375635,12.18274111675127,81.7258883248731,5.83756345177665,75.88832487309645
E00104058,349,56,15,41,293,30,263,16.045845272206304,4.297994269340974,11.74785100286533,83.95415472779369,8.595988538681947,75.35816618911176
E00104059,350,89,33,56,261,34,227,25.428571428571427,9.428571428571429,16,74.57142857142857,9.714285714285714,64.85714285714286
E00104060,430,148,93,55,282,35,247,34.418604651162795,21.627906976744185,12.790697674418606,65.58139534883722,8.13953488372093,57.44186046511628
E00104062,188,52,23,29,136,15,121,27.659574468085108,12.23404255319149,15.425531914893616,72.3404255319149,7.9787234042553195,64.36170212765957
E00104063,230,73,31,42,157,13,144,31.73913043478261,13.478260869565217,18.26086956521739,68.26086956521739,5.6521739130434785,62.60869565217392
E00104064,293,35,7,28,258,37,221,11.945392491467576,2.3890784982935154,9.556313993174061,88.05460750853243,12.627986348122866,75.42662116040955
E00104065,334,70,22,48,264,34,230,20.958083832335326,6.58682634730539,14.37125748502994,79.04191616766467,10.179640718562874,68.8622754491018
E00104067,473,179,94,85,294,32,262,37.84355179704017,19.873150105708245,17.970401691331926,62.15644820295984,6.765327695560254,55.391120507399584
E00104068,272,59,26,33,213,24,189,21.691176470588236,9.558823529411764,12.132352941176471,78.30882352941177,8.823529411764707,69.48529411764706
E00104069,220,33,12,21,187,26,161,15,5.454545454545454,9.545454545454547,85,11.818181818181818,73.18181818181819
E00104070,251,55,26,29,196,20,176,21.91235059760956,10.358565737051793,11.553784860557768,78.08764940239044,7.968127490039841,70.1195219123506
E00104071,336,70,30,40,266,30,236,20.833333333333336,8.928571428571429,11.904761904761903,79.16666666666666,8.928571428571429,70.23809523809523
E00104072,280,27,7,20,253,23,230,9.642857142857144,2.5,7.142857142857142,90.35714285714286,8.214285714285714,82.14285714285714
E00104073,280,42,15,27,238,23,215,15,5.357142857142857,9.642857142857144,85,8.214285714285714,76.78571428571429
E00104074,265,44,10,34,221,24,197,16.60377358490566,3.7735849056603774,12.830188679245284,83.39622641509435,9.056603773584905,74.33962264150942
E00104075,354,44,13,31,310,37,273,12.429378531073446,3.672316384180791,8.757062146892656,87.57062146892656,10.451977401129943,77.11864406779661
E00104076,258,60,22,38,198,26,172,23.25581395348837,8.527131782945736,14.728682170542637,76.74418604651163,10.077519379844961,66.66666666666666
E00104077,295,55,16,39,240,27,213,18.64406779661017,5.423728813559322,13.220338983050848,81.35593220338984,9.152542372881356,72.20338983050848
E00104078,294,51,26,25,243,25,218,17.346938775510203,8.843537414965986,8.503401360544217,82.6530612244898,8.503401360544217,74.14965986394559
E00104079,315,61,19,42,254,37,217,19.365079365079367,6.031746031746032,13.333333333333334,80.63492063492063,11.746031746031745,68.88888888888889
E00104080,294,55,20,35,239,10,229,18.70748299319728,6.802721088435375,11.904761904761903,81.29251700680273,3.4013605442176873,77.89115646258503
E00104081,368,47,9,38,321,42,279,12.771739130434783,2.4456521739130435,10.326086956521738,87.22826086956522,11.41304347826087,75.81521739130434
E00104082,302,43,16,27,259,34,225,14.23841059602649,5.298013245033113,8.940397350993377,85.76158940397352,11.258278145695364,74.50331125827815
E00104083,351,58,21,37,293,34,259,16.524216524216524,5.982905982905983,10.541310541310542,83.47578347578347,9.686609686609685,73.78917378917379
E00104084,346,80,26,54,266,24,242,23.121387283236995,7.514450867052023,15.606936416184972,76.878612716763,6.9364161849710975,69.94219653179191
E00104085,314,77,24,53,237,28,209,24.522292993630572,7.643312101910828,16.878980891719745,75.47770700636943,8.9171974522293,66.56050955414013
E00104086,357,61,24,37,296,27,269,17.086834733893557,6.722689075630252,10.364145658263306,82.91316526610645,7.563025210084033,75.35014005602241
E00104087,447,87,33,54,360,44,316,19.463087248322147,7.38255033557047,12.080536912751679,80.53691275167785,9.843400447427292,70.69351230425056
E00104088,363,86,37,49,277,29,248,23.69146005509642,10.192837465564738,13.498622589531681,76.30853994490359,7.988980716253444,68.31955922865014
E00104089,361,84,43,41,277,29,248,23.26869806094183,11.911357340720222,11.357340720221606,76.73130193905817,8.033240997229916,68.69806094182826
E00104090,321,42,12,30,279,33,246,13.084112149532709,3.7383177570093453,9.345794392523365,86.91588785046729,10.2803738317757,76.63551401869158
E00104091,312,66,27,39,246,20,226,21.153846153846153,8.653846153846153,12.5,78.84615384615384,6.41025641025641,72.43589743589743
E00104093,381,81,33,48,300,29,271,21.25984251968504,8.661417322834646,12.598425196850393,78.74015748031496,7.611548556430446,71.12860892388451
E00104094,313,45,10,35,268,34,234,14.376996805111823,3.1948881789137378,11.182108626198083,85.62300319488818,10.86261980830671,74.76038338658148
E00104095,393,112,53,59,281,35,246,28.498727735368956,13.486005089058525,15.012722646310433,71.50127226463104,8.9058524173028,62.59541984732825
E00104096,291,62,21,41,229,23,206,21.305841924398624,7.216494845360824,14.0893470790378,78.69415807560138,7.903780068728522,70.79037800687286
E00104097,267,33,9,24,234,23,211,12.359550561797752,3.3707865168539324,8.98876404494382,87.64044943820225,8.614232209737828,79.02621722846442
E00104098,272,54,22,32,218,16,202,19.852941176470587,8.088235294117647,11.76470588235294,80.14705882352942,5.88235294117647,74.26470588235294
E00104099,281,56,20,36,225,32,193,19.9288256227758,7.11743772241993,12.811387900355871,80.0711743772242,11.387900355871885,68.68327402135232
E00104100,232,42,18,24,190,28,162,18.103448275862068,7.758620689655173,10.344827586206897,81.89655172413794,12.068965517241379,69.82758620689656
E00104101,165,31,11,20,134,11,123,18.787878787878785,6.666666666666667,12.121212121212121,81.21212121212122,6.666666666666667,74.54545454545455
E00104103,434,70,21,49,364,46,318,16.129032258064516,4.838709677419355,11.29032258064516,83.87096774193549,10.599078341013826,73.27188940092167
E00104105,262,44,9,35,218,21,197,16.793893129770993,3.435114503816794,13.358778625954198,83.20610687022901,8.015267175572518,75.19083969465649
E00104106,241,40,14,26,201,20,181,16.59751037344398,5.809128630705394,10.78838174273859,83.40248962655602,8.29875518672199,75.10373443983403
E00104107,294,45,21,24,249,31,218,15.306122448979592,7.142857142857142,8.16326530612245,84.6938775510204,10.54421768707483,74.14965986394559
E00104108,244,52,19,33,192,16,176,21.311475409836063,7.786885245901639,13.524590163934427,78.68852459016394,6.557377049180328,72.1311475409836
E00104109,283,48,23,25,235,19,216,16.96113074204947,8.12720848056537,8.8339222614841,83.03886925795054,6.713780918727916,76.32508833922262
E00104111,204,44,12,32,160,22,138,21.568627450980394,5.88235294117647,15.686274509803921,78.43137254901961,10.784313725490197,67.64705882352942
E00104112,159,20,8,12,139,9,130,12.578616352201259,5.031446540880504,7.547169811320755,87.42138364779875,5.660377358490567,81.76100628930818
E00104113,409,79,29,50,330,46,284,19.315403422982886,7.090464547677261,12.224938875305623,80.68459657701712,11.246943765281173,69.43765281173594
E00104114,244,43,18,25,201,30,171,17.62295081967213,7.377049180327869,10.245901639344263,82.37704918032787,12.295081967213115,70.08196721311475
E00104115,288,54,15,39,234,25,209,18.75,5.208333333333334,13.541666666666666,81.25,8.680555555555555,72.56944444444444
E00104116,251,47,18,29,204,23,181,18.725099601593627,7.171314741035857,11.553784860557768,81.27490039840637,9.163346613545817,72.11155378486056
E00104117,396,66,24,42,330,20,310,16.666666666666664,6.0606060606060606,10.606060606060606,83.33333333333334,5.05050505050505,78.28282828282829
E00104118,193,50,17,33,143,13,130,25.906735751295333,8.808290155440414,17.098445595854923,74.09326424870466,6.7357512953367875,67.35751295336787
E00104119,340,75,32,43,265,33,232,22.058823529411764,9.411764705882353,12.647058823529411,77.94117647058823,9.705882352941178,68.23529411764706
E00104120,300,65,26,39,235,24,211,21.666666666666668,8.666666666666668,13,78.33333333333333,8,70.33333333333334
E00104122,268,55,17,38,213,15,198,20.522388059701495,6.343283582089552,14.17910447761194,79.47761194029852,5.597014925373134,73.88059701492537
E00104123,260,57,25,32,203,19,184,21.923076923076923,9.615384615384617,12.307692307692308,78.07692307692308,7.307692307692308,70.76923076923077
E00104124,244,55,26,29,189,18,171,22.540983606557376,10.655737704918032,11.885245901639344,77.45901639344262,7.377049180327869,70.08196721311475
E00104125,218,53,24,29,165,17,148,24.31192660550459,11.009174311926607,13.302752293577983,75.68807339449542,7.79816513761468,67.88990825688074
E00104126,269,60,32,28,209,19,190,22.304832713754646,11.895910780669144,10.408921933085502,77.69516728624535,7.063197026022305,70.63197026022306
E00104127,199,45,20,25,154,23,131,22.613065326633166,10.050251256281408,12.562814070351758,77.38693467336684,11.557788944723619,65.82914572864321
E00104128,371,77,17,60,294,35,259,20.754716981132077,4.5822102425876015,16.172506738544474,79.24528301886792,9.433962264150944,69.81132075471697
E00104129,295,62,15,47,233,39,194,21.01694915254237,5.084745762711865,15.932203389830507,78.98305084745762,13.220338983050848,65.76271186440678
E00104130,175,40,17,23,135,21,114,22.857142857142858,9.714285714285714,13.142857142857142,77.14285714285715,12,65.14285714285715
E00104131,194,30,13,17,164,13,151,15.463917525773196,6.701030927835052,8.762886597938143,84.5360824742268,6.701030927835052,77.83505154639175
E00104132,171,29,10,19,142,19,123,16.95906432748538,5.847953216374268,11.11111111111111,83.04093567251462,11.11111111111111,71.9298245614035
E00104133,149,19,7,12,130,8,122,12.751677852348994,4.697986577181208,8.053691275167784,87.24832214765101,5.369127516778524,81.87919463087249
E00104134,366,62,22,40,304,38,266,16.939890710382514,6.0109289617486334,10.92896174863388,83.06010928961749,10.382513661202186,72.6775956284153
E00104135,299,76,22,54,223,21,202,25.418060200668897,7.357859531772576,18.06020066889632,74.5819397993311,7.023411371237458,67.55852842809364
E00104136,461,86,33,53,375,23,352,18.655097613882862,7.158351409978309,11.496746203904555,81.34490238611714,4.989154013015185,76.35574837310195
E00104137,183,33,12,21,150,9,141,18.0327868852459,6.557377049180328,11.475409836065573,81.9672131147541,4.918032786885246,77.04918032786885
E00104138,327,67,27,40,260,37,223,20.489296636085626,8.256880733944955,12.232415902140673,79.51070336391437,11.314984709480122,68.19571865443424
E00104139,365,55,26,29,310,36,274,15.068493150684931,7.123287671232877,7.9452054794520555,84.93150684931507,9.863013698630137,75.06849315068493
E00104140,340,63,17,46,277,24,253,18.529411764705884,5,13.529411764705882,81.47058823529412,7.0588235294117645,74.41176470588235
E00104141,361,58,18,40,303,35,268,16.06648199445983,4.986149584487535,11.080332409972298,83.93351800554017,9.695290858725762,74.23822714681441
E00104142,329,51,15,36,278,29,249,15.501519756838904,4.5592705167173255,10.94224924012158,84.49848024316108,8.814589665653495,75.6838905775076
E00104143,342,81,25,56,261,32,229,23.684210526315788,7.309941520467836,16.374269005847953,76.31578947368422,9.35672514619883,66.95906432748538
E00104144,405,69,19,50,336,35,301,17.037037037037038,4.691358024691358,12.345679012345679,82.96296296296296,8.641975308641975,74.32098765432099
E00104145,343,60,32,28,283,20,263,17.49271137026239,9.329446064139942,8.16326530612245,82.5072886297376,5.830903790087463,76.67638483965014
E00104146,179,46,26,20,133,10,123,25.69832402234637,14.52513966480447,11.1731843575419,74.30167597765363,5.58659217877095,68.71508379888269
E00104147,357,60,16,44,297,24,273,16.80672268907563,4.481792717086835,12.324929971988796,83.19327731092437,6.722689075630252,76.47058823529412
E00104148,350,53,19,34,297,33,264,15.142857142857144,5.428571428571429,9.714285714285714,84.85714285714285,9.428571428571429,75.42857142857143
E00104149,320,56,20,36,264,27,237,17.5,6.25,11.25,82.5,8.4375,74.0625
E00104150,328,59,23,36,269,33,236,17.98780487804878,7.01219512195122,10.975609756097562,82.01219512195121,10.060975609756099,71.95121951219512
E00104151,270,86,34,52,184,12,172,31.851851851851855,12.592592592592592,19.25925925925926,68.14814814814815,4.444444444444445,63.70370370370371
E00104152,434,61,25,36,373,39,334,14.055299539170507,5.76036866359447,8.294930875576037,85.9447004608295,8.986175115207374,76.95852534562212
E00104153,420,56,18,38,364,46,318,13.333333333333334,4.285714285714286,9.047619047619047,86.66666666666667,10.952380952380953,75.71428571428571
E00104154,226,56,27,29,170,16,154,24.778761061946902,11.946902654867257,12.831858407079647,75.22123893805309,7.079646017699115,68.14159292035397
E00104155,209,64,28,36,145,17,128,30.62200956937799,13.397129186602871,17.22488038277512,69.377990430622,8.133971291866029,61.24401913875598
E00104156,492,74,19,55,418,49,369,15.040650406504067,3.861788617886179,11.178861788617885,84.95934959349594,9.959349593495935,75
E00104157,446,89,29,60,357,37,320,19.955156950672645,6.502242152466367,13.452914798206278,80.04484304932735,8.295964125560538,71.74887892376681
E00104158,211,40,16,24,171,20,151,18.95734597156398,7.5829383886255926,11.374407582938389,81.04265402843602,9.47867298578199,71.56398104265402
E00104159,208,32,16,16,176,22,154,15.384615384615385,7.6923076923076925,7.6923076923076925,84.61538461538461,10.576923076923077,74.03846153846155
E00104160,165,21,7,14,144,16,128,12.727272727272727,4.242424242424243,8.484848484848486,87.27272727272727,9.696969696969697,77.57575757575758
E00104161,362,86,32,54,276,29,247,23.756906077348066,8.83977900552486,14.917127071823206,76.24309392265194,8.011049723756907,68.23204419889503
E00104162,147,26,10,16,121,9,112,17.687074829931973,6.802721088435375,10.884353741496598,82.31292517006803,6.122448979591836,76.19047619047619
E00104163,229,29,9,20,200,22,178,12.663755458515283,3.9301310043668125,8.73362445414847,87.33624454148472,9.606986899563319,77.72925764192141
E00104164,154,18,3,15,136,15,121,11.688311688311687,1.948051948051948,9.740259740259742,88.31168831168831,9.740259740259742,78.57142857142857
E00104165,140,26,15,11,114,11,103,18.571428571428573,10.714285714285714,7.857142857142857,81.42857142857143,7.857142857142857,73.57142857142858
E00104166,320,49,20,29,271,18,253,15.312500000000002,6.25,9.0625,84.6875,5.625,79.0625
E00104167,351,46,19,27,305,37,268,13.105413105413104,5.413105413105413,7.6923076923076925,86.8945868945869,10.541310541310542,76.35327635327636
E00104168,139,16,5,11,123,19,104,11.510791366906476,3.5971223021582732,7.913669064748201,88.48920863309353,13.66906474820144,74.82014388489209
E00104169,448,61,19,42,387,29,358,13.616071428571427,4.241071428571429,9.375,86.38392857142857,6.4732142857142865,79.91071428571429
E00104170,315,51,25,26,264,29,235,16.19047619047619,7.936507936507936,8.253968253968253,83.80952380952381,9.206349206349207,74.60317460317461
E00104171,375,61,14,47,314,26,288,16.266666666666666,3.733333333333334,12.533333333333333,83.73333333333333,6.933333333333333,76.8
E00104172,308,49,23,26,259,27,232,15.909090909090908,7.467532467532467,8.441558441558442,84.0909090909091,8.766233766233766,75.32467532467533
E00104173,249,35,7,28,214,19,195,14.056224899598394,2.8112449799196786,11.244979919678714,85.94377510040161,7.630522088353414,78.3132530120482
E00104174,493,97,44,53,396,60,336,19.675456389452332,8.924949290060852,10.75050709939148,80.32454361054768,12.170385395537526,68.15415821501014
E00104175,317,50,12,38,267,24,243,15.772870662460567,3.7854889589905363,11.987381703470032,84.22712933753942,7.570977917981073,76.65615141955836
E00104176,384,88,40,48,296,34,262,22.916666666666664,10.416666666666668,12.5,77.08333333333334,8.854166666666668,68.22916666666666
E00104177,318,77,41,36,241,30,211,24.21383647798742,12.89308176100629,11.320754716981133,75.78616352201259,9.433962264150944,66.35220125786164
E00104178,518,70,28,42,448,45,403,13.513513513513514,5.405405405405405,8.108108108108109,86.48648648648648,8.687258687258687,77.7992277992278
E00104179,410,71,30,41,339,24,315,17.317073170731707,7.317073170731707,10,82.68292682926828,5.853658536585367,76.82926829268293
E00104180,181,20,6,14,161,12,149,11.049723756906078,3.314917127071823,7.734806629834254,88.95027624309392,6.629834254143646,82.32044198895028
E00104181,402,46,13,33,356,57,299,11.442786069651742,3.233830845771144,8.208955223880597,88.55721393034825,14.17910447761194,74.37810945273633
E00104182,111,15,8,7,96,14,82,13.513513513513514,7.207207207207207,6.306306306306306,86.48648648648648,12.612612612612612,73.87387387387388
E00104183,170,26,8,18,144,24,120,15.294117647058824,4.705882352941177,10.588235294117647,84.70588235294117,14.117647058823529,70.58823529411765
E00104184,131,28,10,18,103,19,84,21.374045801526716,7.633587786259542,13.740458015267176,78.62595419847328,14.50381679389313,64.12213740458014
E00104185,210,36,15,21,174,17,157,17.142857142857142,7.142857142857142,10,82.85714285714286,8.095238095238095,74.76190476190476
E00104186,181,27,10,17,154,17,137,14.917127071823206,5.524861878453039,9.392265193370166,85.0828729281768,9.392265193370166,75.69060773480662
E00104187,310,45,17,28,265,24,241,14.516129032258066,5.483870967741936,9.032258064516128,85.48387096774194,7.741935483870968,77.74193548387098
E00104188,369,70,23,47,299,44,255,18.97018970189702,6.233062330623306,12.737127371273713,81.02981029810297,11.924119241192411,69.10569105691057
E00104189,375,71,37,34,304,28,276,18.933333333333334,9.866666666666667,9.066666666666666,81.06666666666666,7.466666666666668,73.6
E00104190,238,63,31,32,175,21,154,26.47058823529412,13.025210084033615,13.445378151260504,73.52941176470588,8.823529411764707,64.70588235294117
E00104191,253,90,53,37,163,18,145,35.573122529644266,20.948616600790515,14.624505928853754,64.42687747035573,7.114624505928854,57.31225296442688
E00104194,328,63,29,34,265,17,248,19.20731707317073,8.841463414634147,10.365853658536585,80.79268292682927,5.182926829268292,75.60975609756098
E00104195,379,81,30,51,298,25,273,21.372031662269126,7.9155672823219,13.456464379947231,78.62796833773086,6.596306068601583,72.0316622691293
E00104196,310,58,24,34,252,22,230,18.70967741935484,7.741935483870968,10.967741935483872,81.29032258064515,7.096774193548387,74.19354838709677
E00104197,354,59,26,33,295,23,272,16.666666666666664,7.344632768361582,9.322033898305085,83.33333333333334,6.497175141242938,76.8361581920904
E00104198,258,42,14,28,216,26,190,16.27906976744186,5.426356589147287,10.852713178294573,83.72093023255815,10.077519379844961,73.64341085271317
E00104199,209,31,9,22,178,13,165,14.832535885167463,4.30622009569378,10.526315789473683,85.16746411483254,6.220095693779904,78.94736842105263
E00104200,249,64,31,33,185,17,168,25.702811244979916,12.449799196787147,13.253012048192772,74.29718875502009,6.827309236947792,67.46987951807229
E00104201,295,73,24,49,222,30,192,24.74576271186441,8.135593220338983,16.610169491525422,75.2542372881356,10.16949152542373,65.08474576271186
E00104202,396,79,20,59,317,40,277,19.94949494949495,5.05050505050505,14.898989898989898,80.05050505050505,10.1010101010101,69.94949494949495
E00104203,350,52,9,43,298,44,254,14.857142857142858,2.571428571428571,12.285714285714286,85.14285714285714,12.571428571428573,72.57142857142857
E00104204,253,64,28,36,189,17,172,25.296442687747035,11.067193675889328,14.229249011857709,74.70355731225297,6.719367588932807,67.98418972332016
E00104205,255,65,31,34,190,18,172,25.49019607843137,12.156862745098039,13.333333333333334,74.50980392156863,7.0588235294117645,67.45098039215686
E00104206,197,61,20,41,136,11,125,30.96446700507614,10.152284263959391,20.812182741116754,69.03553299492386,5.583756345177665,63.45177664974619
E00104207,269,51,17,34,218,24,194,18.95910780669145,6.319702602230483,12.639405204460965,81.04089219330855,8.921933085501859,72.11895910780669
E00104208,323,83,30,53,240,23,217,25.696594427244584,9.287925696594428,16.408668730650156,74.30340557275542,7.120743034055728,67.18266253869969
E00104209,260,43,15,28,217,22,195,16.538461538461537,5.769230769230769,10.76923076923077,83.46153846153847,8.461538461538462,75
E00104210,252,53,16,37,199,18,181,21.03174603174603,6.349206349206349,14.682539682539684,78.96825396825396,7.142857142857142,71.82539682539682
E00104211,276,42,11,31,234,25,209,15.217391304347828,3.985507246376811,11.231884057971014,84.78260869565217,9.057971014492754,75.72463768115942
E00104212,350,93,56,37,257,9,248,26.571428571428573,16,10.571428571428571,73.42857142857143,2.571428571428571,70.85714285714285
E00104213,553,80,27,53,473,50,423,14.466546112115733,4.882459312839059,9.584086799276673,85.53345388788426,9.041591320072333,76.49186256781194
E00104216,186,46,17,29,140,17,123,24.731182795698924,9.13978494623656,15.591397849462366,75.26881720430107,9.13978494623656,66.12903225806451
E00104217,449,97,30,67,352,41,311,21.603563474387528,6.6815144766147,14.92204899777283,78.39643652561247,9.131403118040089,69.26503340757239
E00104218,231,64,29,35,167,18,149,27.705627705627705,12.554112554112553,15.151515151515152,72.2943722943723,7.792207792207792,64.5021645021645
E00104219,250,57,17,40,193,16,177,22.8,6.800000000000001,16,77.2,6.4,70.8
E00104220,260,62,19,43,198,25,173,23.846153846153847,7.307692307692308,16.538461538461537,76.15384615384615,9.615384615384617,66.53846153846153
E00104221,187,24,4,20,163,9,154,12.834224598930483,2.13903743315508,10.695187165775401,87.16577540106952,4.81283422459893,82.35294117647058
E00104222,230,65,32,33,165,19,146,28.26086956521739,13.91304347826087,14.347826086956522,71.73913043478261,8.26086956521739,63.47826086956522
E00104223,254,54,18,36,200,23,177,21.25984251968504,7.086614173228346,14.173228346456693,78.74015748031496,9.05511811023622,69.68503937007874
E00104224,250,55,20,35,195,20,175,22,8,14.000000000000002,78,8,70
E00104225,389,59,15,44,330,39,291,15.167095115681233,3.8560411311053984,11.311053984575835,84.83290488431876,10.025706940874036,74.80719794344472
E00104226,287,48,20,28,239,24,215,16.72473867595819,6.968641114982578,9.75609756097561,83.27526132404182,8.362369337979095,74.91289198606272
E00104227,375,42,8,34,333,22,311,11.200000000000001,2.1333333333333333,9.066666666666666,88.8,5.866666666666666,82.93333333333334
E00104228,126,22,9,13,104,11,93,17.46031746031746,7.142857142857142,10.317460317460316,82.53968253968253,8.73015873015873,73.80952380952381
E00104229,270,54,15,39,216,20,196,20,5.555555555555555,14.444444444444443,80,7.4074074074074066,72.5925925925926
E00104230,301,82,46,36,219,20,199,27.242524916943523,15.282392026578073,11.960132890365449,72.75747508305648,6.64451827242525,66.11295681063123
E00104231,317,57,12,45,260,29,231,17.981072555205046,3.7854889589905363,14.195583596214512,82.01892744479495,9.14826498422713,72.87066246056783
E00104232,311,54,24,30,257,21,236,17.363344051446948,7.717041800643088,9.646302250803858,82.63665594855306,6.752411575562702,75.88424437299035
E00104234,309,100,43,57,209,26,183,32.362459546925564,13.915857605177994,18.446601941747574,67.63754045307444,8.414239482200648,59.22330097087378
E00104235,289,72,33,39,217,14,203,24.91349480968858,11.418685121107266,13.494809688581316,75.08650519031141,4.844290657439446,70.24221453287197
E00104236,382,61,24,37,321,40,281,15.968586387434556,6.282722513089005,9.68586387434555,84.03141361256544,10.471204188481675,73.56020942408377
E00104237,184,23,6,17,161,17,144,12.5,3.260869565217391,9.239130434782608,87.5,9.239130434782608,78.26086956521739
E00104238,253,63,21,42,190,25,165,24.90118577075099,8.300395256916996,16.600790513833992,75.09881422924902,9.881422924901186,65.21739130434783
E00104239,281,86,44,42,195,19,176,30.604982206405694,15.658362989323843,14.94661921708185,69.3950177935943,6.761565836298933,62.63345195729537
E00104240,219,71,29,42,148,17,131,32.42009132420091,13.24200913242009,19.17808219178082,67.57990867579909,7.76255707762557,59.817351598173516
E00104241,204,51,25,26,153,19,134,25,12.254901960784313,12.745098039215685,75,9.313725490196079,65.68627450980392
E00104242,387,105,56,49,282,25,257,27.131782945736433,14.470284237726098,12.661498708010335,72.86821705426357,6.459948320413436,66.40826873385012
E00104243,383,97,43,54,286,18,268,25.326370757180154,11.22715404699739,14.099216710182768,74.67362924281984,4.699738903394255,69.9738903394256
E00104244,274,95,48,47,179,17,162,34.67153284671533,17.51824817518248,17.153284671532848,65.32846715328468,6.204379562043796,59.12408759124088
E00104245,305,83,44,39,222,20,202,27.21311475409836,14.426229508196723,12.786885245901638,72.78688524590164,6.557377049180328,66.22950819672131
E00104246,254,71,35,36,183,26,157,27.95275590551181,13.779527559055119,14.173228346456693,72.04724409448819,10.236220472440944,61.811023622047244
E00104247,274,63,28,35,211,18,193,22.99270072992701,10.218978102189782,12.773722627737227,77.00729927007299,6.569343065693431,70.43795620437956
E00104248,177,53,24,29,124,16,108,29.943502824858758,13.559322033898304,16.38418079096045,70.05649717514125,9.03954802259887,61.016949152542374
E00104249,324,106,59,47,218,25,193,32.71604938271605,18.209876543209877,14.506172839506174,67.28395061728395,7.716049382716049,59.5679012345679
E00104250,323,70,40,30,253,38,215,21.671826625387,12.38390092879257,9.287925696594428,78.328173374613,11.76470588235294,66.56346749226006
E00104251,420,107,42,65,313,37,276,25.476190476190474,10,15.476190476190476,74.52380952380952,8.80952380952381,65.71428571428571
E00104252,311,83,42,41,228,22,206,26.688102893890676,13.504823151125404,13.183279742765272,73.31189710610933,7.07395498392283,66.2379421221865
E00104253,399,143,87,56,256,20,236,35.83959899749373,21.804511278195488,14.035087719298245,64.16040100250626,5.012531328320802,59.14786967418546
E00104254,201,54,24,30,147,13,134,26.865671641791046,11.940298507462686,14.925373134328357,73.13432835820896,6.467661691542288,66.66666666666666
E00104255,238,70,35,35,168,14,154,29.411764705882355,14.705882352941178,14.705882352941178,70.58823529411765,5.88235294117647,64.70588235294117
E00104256,255,42,13,29,213,20,193,16.470588235294116,5.098039215686274,11.372549019607844,83.52941176470588,7.8431372549019605,75.68627450980392
E00104257,287,66,31,35,221,22,199,22.99651567944251,10.801393728222997,12.195121951219512,77.00348432055749,7.665505226480835,69.33797909407666
E00104258,250,62,20,42,188,7,181,24.8,8,16.8,75.2,2.8000000000000003,72.39999999999999
E00104259,193,52,20,32,141,10,131,26.94300518134715,10.362694300518134,16.580310880829018,73.05699481865285,5.181347150259067,67.87564766839378
E00104260,271,74,28,46,197,18,179,27.30627306273063,10.33210332103321,16.974169741697416,72.69372693726937,6.642066420664207,66.05166051660517
E00104261,225,56,22,34,169,18,151,24.88888888888889,9.777777777777779,15.11111111111111,75.1111111111111,8,67.11111111111111
E00104262,301,101,43,58,200,16,184,33.5548172757475,14.285714285714285,19.269102990033225,66.44518272425249,5.3156146179401995,61.12956810631229
E00104263,222,67,20,47,155,13,142,30.180180180180184,9.00900900900901,21.17117117117117,69.81981981981981,5.8558558558558556,63.96396396396396
E00104264,285,65,25,40,220,28,192,22.807017543859647,8.771929824561402,14.035087719298245,77.19298245614034,9.824561403508772,67.36842105263158
E00104265,387,108,48,60,279,40,239,27.906976744186046,12.4031007751938,15.503875968992247,72.09302325581395,10.335917312661499,61.75710594315246
E00104266,313,80,40,40,233,20,213,25.559105431309902,12.779552715654951,12.779552715654951,74.4408945686901,6.3897763578274756,68.05111821086261
E00104267,250,57,21,36,193,24,169,22.8,8.4,14.399999999999999,77.2,9.6,67.60000000000001
E00104268,285,60,23,37,225,36,189,21.052631578947366,8.070175438596491,12.982456140350877,78.94736842105263,12.631578947368421,66.3157894736842
E00104269,258,46,9,37,212,24,188,17.829457364341085,3.488372093023256,14.34108527131783,82.17054263565892,9.30232558139535,72.86821705426357
E00104270,258,36,15,21,222,32,190,13.953488372093023,5.813953488372093,8.13953488372093,86.04651162790698,12.4031007751938,73.64341085271317
E00104271,263,37,8,29,226,23,203,14.068441064638785,3.041825095057034,11.02661596958175,85.93155893536122,8.745247148288973,77.18631178707224
E00104272,289,47,18,29,242,32,210,16.26297577854671,6.228373702422145,10.034602076124568,83.73702422145328,11.072664359861593,72.66435986159169
E00104273,414,87,36,51,327,36,291,21.014492753623188,8.695652173913043,12.318840579710146,78.98550724637681,8.695652173913043,70.28985507246377
E00104274,277,56,17,39,221,28,193,20.216606498194945,6.137184115523466,14.079422382671481,79.78339350180505,10.108303249097473,69.67509025270758
E00104275,359,57,17,40,302,30,272,15.87743732590529,4.735376044568245,11.142061281337048,84.12256267409471,8.356545961002785,75.76601671309191
E00104276,318,74,29,45,244,27,217,23.270440251572328,9.119496855345911,14.150943396226415,76.72955974842768,8.49056603773585,68.23899371069182
E00104277,251,55,18,37,196,25,171,21.91235059760956,7.171314741035857,14.741035856573706,78.08764940239044,9.9601593625498,68.12749003984064
E00104278,259,73,24,49,186,38,148,28.185328185328185,9.266409266409266,18.91891891891892,71.81467181467181,14.671814671814673,57.14285714285714
E00104279,215,55,17,38,160,17,143,25.581395348837212,7.906976744186046,17.674418604651162,74.4186046511628,7.906976744186046,66.51162790697674
E00104280,269,58,20,38,211,35,176,21.561338289962826,7.434944237918216,14.12639405204461,78.43866171003717,13.011152416356877,65.4275092936803
E00104281,317,66,26,40,251,32,219,20.82018927444795,8.201892744479496,12.618296529968454,79.17981072555204,10.094637223974763,69.08517350157729
E00104282,218,46,16,30,172,19,153,21.100917431192663,7.339449541284404,13.761467889908257,78.89908256880734,8.715596330275229,70.18348623853211
E00104283,274,75,36,39,199,25,174,27.37226277372263,13.138686131386862,14.233576642335766,72.62773722627736,9.124087591240876,63.503649635036496
E00104284,293,49,20,29,244,30,214,16.723549488054605,6.825938566552901,9.897610921501707,83.27645051194538,10.238907849829351,73.03754266211604
E00104285,299,43,18,25,256,31,225,14.381270903010032,6.0200668896321075,8.361204013377927,85.61872909698997,10.367892976588628,75.25083612040135
E00104286,309,55,18,37,254,25,229,17.79935275080906,5.825242718446602,11.974110032362459,82.20064724919094,8.090614886731391,74.11003236245955
E00104287,283,50,20,30,233,25,208,17.6678445229682,7.06713780918728,10.60070671378092,82.3321554770318,8.8339222614841,73.4982332155477
E00104288,308,54,21,33,254,18,236,17.532467532467532,6.8181818181818175,10.714285714285714,82.46753246753246,5.844155844155844,76.62337662337663
E00104289,302,60,23,37,242,28,214,19.867549668874172,7.6158940397351,12.251655629139073,80.13245033112582,9.271523178807946,70.86092715231787
E00104290,298,68,27,41,230,26,204,22.818791946308725,9.060402684563758,13.758389261744966,77.18120805369128,8.724832214765101,68.45637583892618
E00104291,326,82,34,48,244,26,218,25.153374233128833,10.429447852760736,14.723926380368098,74.84662576687117,7.975460122699387,66.87116564417178
E00104292,332,64,17,47,268,27,241,19.27710843373494,5.120481927710843,14.156626506024098,80.72289156626506,8.132530120481928,72.59036144578313
E00104293,417,172,103,69,245,30,215,41.247002398081534,24.700239808153476,16.546762589928058,58.752997601918466,7.1942446043165464,51.55875299760192
E00104294,272,63,19,44,209,34,175,23.161764705882355,6.985294117647059,16.176470588235293,76.83823529411765,12.5,64.33823529411765
E00104295,275,52,20,32,223,24,199,18.90909090909091,7.2727272727272725,11.636363636363637,81.0909090909091,8.727272727272728,72.36363636363636
E00104296,370,105,56,49,265,18,247,28.37837837837838,15.135135135135137,13.243243243243244,71.62162162162163,4.864864864864865,66.75675675675676
E00104297,403,87,35,52,316,42,274,21.588089330024815,8.6848635235732,12.903225806451612,78.41191066997519,10.421836228287841,67.99007444168734
E00104298,292,70,24,46,222,38,184,23.972602739726025,8.21917808219178,15.753424657534246,76.02739726027397,13.013698630136986,63.013698630136986
E00104300,269,46,18,28,223,32,191,17.100371747211895,6.691449814126393,10.408921933085502,82.8996282527881,11.895910780669144,71.00371747211895
E00104301,338,84,34,50,254,24,230,24.85207100591716,10.059171597633137,14.792899408284024,75.14792899408283,7.100591715976331,68.04733727810651
E00104302,207,67,26,41,140,22,118,32.367149758454104,12.560386473429952,19.806763285024154,67.6328502415459,10.628019323671497,57.00483091787439
E00104303,298,69,27,42,229,29,200,23.154362416107382,9.060402684563758,14.093959731543624,76.84563758389261,9.731543624161073,67.11409395973155
E00104304,346,57,15,42,289,39,250,16.473988439306357,4.335260115606936,12.138728323699421,83.52601156069365,11.271676300578035,72.25433526011561
E00104305,370,94,36,58,276,31,245,25.405405405405407,9.72972972972973,15.675675675675677,74.5945945945946,8.378378378378379,66.21621621621621
E00104306,228,59,23,36,169,29,140,25.877192982456144,10.087719298245613,15.789473684210526,74.12280701754386,12.719298245614036,61.40350877192983
E00104307,327,62,25,37,265,21,244,18.960244648318042,7.64525993883792,11.314984709480122,81.03975535168195,6.422018348623854,74.61773700305811
E00104308,371,67,26,41,304,42,262,18.059299191374663,7.008086253369273,11.05121293800539,81.94070080862534,11.320754716981133,70.61994609164421
E00104309,274,49,18,31,225,33,192,17.88321167883212,6.569343065693431,11.313868613138686,82.11678832116789,12.043795620437956,70.07299270072993
E00104310,368,81,39,42,287,28,259,22.01086956521739,10.597826086956522,11.41304347826087,77.98913043478261,7.608695652173914,70.38043478260869
E00104311,308,70,33,37,238,17,221,22.727272727272727,10.714285714285714,12.012987012987013,77.27272727272727,5.51948051948052,71.75324675324676
E00104312,331,86,34,52,245,23,222,25.981873111782477,10.27190332326284,15.709969788519636,74.01812688821752,6.948640483383686,67.06948640483384
E00104313,247,65,22,43,182,18,164,26.31578947368421,8.906882591093117,17.408906882591094,73.68421052631578,7.28744939271255,66.39676113360325
E00104314,318,57,20,37,261,24,237,17.92452830188679,6.289308176100629,11.635220125786164,82.0754716981132,7.547169811320755,74.52830188679245
E00104315,315,71,23,48,244,24,220,22.53968253968254,7.301587301587302,15.238095238095239,77.46031746031747,7.6190476190476195,69.84126984126983
E00104316,320,83,30,53,237,28,209,25.937500000000004,9.375,16.5625,74.0625,8.75,65.3125
E00104317,273,64,25,39,209,24,185,23.44322344322344,9.157509157509157,14.285714285714285,76.55677655677655,8.791208791208792,67.76556776556777
E00104318,371,76,33,43,295,23,272,20.485175202156334,8.89487870619946,11.590296495956872,79.51482479784366,6.199460916442049,73.31536388140162
E00104319,355,81,33,48,274,37,237,22.816901408450704,9.295774647887324,13.521126760563378,77.1830985915493,10.422535211267606,66.7605633802817
E00104320,225,43,12,31,182,10,172,19.11111111111111,5.333333333333334,13.777777777777779,80.88888888888889,4.444444444444445,76.44444444444444
E00104322,281,56,21,35,225,19,206,19.9288256227758,7.473309608540925,12.455516014234876,80.0711743772242,6.761565836298933,73.30960854092527
E00104323,275,79,34,45,196,27,169,28.72727272727273,12.363636363636363,16.363636363636363,71.27272727272728,9.818181818181818,61.45454545454545
E00104324,315,93,36,57,222,23,199,29.523809523809526,11.428571428571429,18.095238095238095,70.47619047619048,7.301587301587302,63.17460317460317
E00104325,256,76,33,43,180,16,164,29.6875,12.890625,16.796875,70.3125,6.25,64.0625
E00104326,307,63,24,39,244,23,221,20.521172638436482,7.81758957654723,12.703583061889251,79.47882736156352,7.491856677524431,71.9869706840391
E00104327,459,91,30,61,368,44,324,19.825708061002178,6.535947712418301,13.28976034858388,80.17429193899783,9.586056644880173,70.58823529411765
E00104328,215,49,19,30,166,27,139,22.790697674418606,8.837209302325581,13.953488372093023,77.20930232558139,12.558139534883722,64.65116279069767
E00104329,221,51,20,31,170,20,150,23.076923076923077,9.049773755656108,14.027149321266968,76.92307692307693,9.049773755656108,67.87330316742081
E00104330,245,50,15,35,195,21,174,20.408163265306122,6.122448979591836,14.285714285714285,79.59183673469387,8.571428571428571,71.0204081632653
E00104331,269,63,28,35,206,24,182,23.42007434944238,10.408921933085502,13.011152416356877,76.57992565055763,8.921933085501859,67.65799256505576
E00104332,283,76,27,49,207,27,180,26.855123674911663,9.540636042402827,17.314487632508836,73.14487632508833,9.540636042402827,63.60424028268551
E00104333,272,41,16,25,231,29,202,15.073529411764705,5.88235294117647,9.191176470588236,84.92647058823529,10.661764705882353,74.26470588235294
E00104335,239,76,33,43,163,17,146,31.799163179916317,13.807531380753138,17.99163179916318,68.20083682008368,7.112970711297072,61.08786610878661
E00104337,358,50,17,33,308,40,268,13.966480446927374,4.748603351955307,9.217877094972067,86.03351955307262,11.1731843575419,74.86033519553072
E00104338,325,60,24,36,265,28,237,18.461538461538463,7.384615384615385,11.076923076923077,81.53846153846153,8.615384615384615,72.92307692307692
E00104339,264,75,37,38,189,15,174,28.40909090909091,14.015151515151514,14.393939393939394,71.5909090909091,5.681818181818182,65.9090909090909
E00104340,150,20,6,14,130,16,114,13.333333333333334,4,9.333333333333334,86.66666666666667,10.666666666666668,76
E00104341,239,48,18,30,191,30,161,20.0836820083682,7.531380753138076,12.552301255230125,79.9163179916318,12.552301255230125,67.36401673640168
E00104342,297,46,14,32,251,27,224,15.488215488215488,4.713804713804714,10.774410774410773,84.51178451178451,9.090909090909092,75.42087542087542
E00104343,342,45,19,26,297,37,260,13.157894736842104,5.555555555555555,7.602339181286549,86.8421052631579,10.818713450292398,76.0233918128655
E00104344,369,96,54,42,273,33,240,26.01626016260163,14.634146341463413,11.38211382113821,73.98373983739837,8.94308943089431,65.04065040650406
E00104345,324,52,21,31,272,30,242,16.049382716049383,6.481481481481481,9.5679012345679,83.9506172839506,9.25925925925926,74.69135802469135
E00104346,291,57,10,47,234,21,213,19.587628865979383,3.436426116838488,16.151202749140893,80.41237113402062,7.216494845360824,73.19587628865979
E00104347,226,54,29,25,172,17,155,23.893805309734514,12.831858407079647,11.061946902654867,76.10619469026548,7.52212389380531,68.58407079646017
E00104348,229,70,33,37,159,14,145,30.567685589519648,14.41048034934498,16.157205240174672,69.43231441048034,6.11353711790393,63.31877729257642
E00104349,288,45,14,31,243,30,213,15.625,4.861111111111112,10.76388888888889,84.375,10.416666666666668,73.95833333333334
E00104350,297,56,19,37,241,22,219,18.855218855218855,6.397306397306397,12.457912457912458,81.14478114478115,7.4074074074074066,73.73737373737373
E00104351,266,96,31,65,170,19,151,36.09022556390977,11.654135338345863,24.43609022556391,63.90977443609023,7.142857142857142,56.766917293233085
E00104352,254,41,14,27,213,29,184,16.141732283464567,5.511811023622047,10.62992125984252,83.85826771653542,11.41732283464567,72.44094488188976
E00104353,243,49,20,29,194,21,173,20.16460905349794,8.23045267489712,11.934156378600823,79.83539094650206,8.641975308641975,71.19341563786008
E00104354,307,59,25,34,248,25,223,19.218241042345277,8.143322475570033,11.074918566775244,80.78175895765473,8.143322475570033,72.63843648208469
E00104355,232,60,24,36,172,16,156,25.862068965517242,10.344827586206897,15.517241379310345,74.13793103448276,6.896551724137931,67.24137931034483
E00104356,218,65,28,37,153,14,139,29.81651376146789,12.844036697247708,16.972477064220186,70.18348623853211,6.422018348623854,63.76146788990825
E00104357,331,62,20,42,269,21,248,18.731117824773413,6.042296072507553,12.688821752265861,81.2688821752266,6.3444108761329305,74.92447129909365
E00104358,281,54,11,43,227,23,204,19.217081850533805,3.9145907473309607,15.302491103202847,80.78291814946618,8.185053380782918,72.59786476868328
E00104359,275,55,25,30,220,16,204,20,9.090909090909092,10.909090909090908,80,5.818181818181818,74.18181818181819
E00104361,339,98,38,60,241,27,214,28.908554572271388,11.209439528023598,17.699115044247787,71.09144542772862,7.964601769911504,63.12684365781711
E00104362,297,63,35,28,234,23,211,21.21212121212121,11.784511784511785,9.427609427609427,78.78787878787878,7.744107744107744,71.04377104377105
E00104363,295,47,13,34,248,28,220,15.932203389830507,4.406779661016949,11.525423728813559,84.06779661016948,9.491525423728813,74.57627118644068
E00104364,284,66,30,36,218,22,196,23.239436619718308,10.56338028169014,12.676056338028168,76.76056338028168,7.746478873239436,69.01408450704226
E00104365,294,48,15,33,246,28,218,16.3265306122449,5.1020408163265305,11.224489795918368,83.6734693877551,9.523809523809524,74.14965986394559
E00104366,287,73,34,39,214,15,199,25.435540069686414,11.846689895470384,13.588850174216027,74.56445993031359,5.2264808362369335,69.33797909407666
E00104367,334,43,15,28,291,32,259,12.874251497005988,4.491017964071856,8.383233532934131,87.12574850299401,9.580838323353294,77.54491017964071
E00104369,315,88,40,48,227,20,207,27.936507936507937,12.698412698412698,15.238095238095239,72.06349206349206,6.349206349206349,65.71428571428571
E00104370,255,75,40,35,180,15,165,29.411764705882355,15.686274509803921,13.725490196078432,70.58823529411765,5.88235294117647,64.70588235294117
E00104371,263,83,47,36,180,15,165,31.55893536121673,17.870722433460077,13.688212927756654,68.44106463878326,5.7034220532319395,62.737642585551335
E00104372,347,73,35,38,274,21,253,21.037463976945244,10.086455331412104,10.951008645533141,78.96253602305475,6.051873198847262,72.91066282420749
E00104373,285,95,47,48,190,13,177,33.33333333333333,16.49122807017544,16.842105263157894,66.66666666666666,4.56140350877193,62.10526315789474
E00104374,355,81,41,40,274,19,255,22.816901408450704,11.549295774647888,11.267605633802818,77.1830985915493,5.352112676056338,71.83098591549296
E00104375,328,70,35,35,258,33,225,21.341463414634145,10.670731707317072,10.670731707317072,78.65853658536585,10.060975609756099,68.59756097560977
E00104376,278,59,15,44,219,32,187,21.223021582733814,5.39568345323741,15.827338129496402,78.77697841726618,11.510791366906476,67.26618705035972
E00104377,277,40,11,29,237,15,222,14.440433212996389,3.9711191335740073,10.469314079422382,85.5595667870036,5.415162454873646,80.14440433212997
E00104378,351,59,21,38,292,29,263,16.80911680911681,5.982905982905983,10.826210826210826,83.1908831908832,8.262108262108262,74.92877492877493
E00104379,213,48,16,32,165,15,150,22.535211267605636,7.511737089201878,15.023474178403756,77.46478873239437,7.042253521126761,70.4225352112676
E00104380,281,71,27,44,210,27,183,25.26690391459075,9.608540925266903,15.658362989323843,74.73309608540926,9.608540925266903,65.12455516014235
E00104381,370,187,98,89,183,18,165,50.54054054054053,26.486486486486488,24.054054054054056,49.45945945945946,4.864864864864865,44.5945945945946
E00104382,343,81,31,50,262,21,241,23.61516034985423,9.037900874635568,14.577259475218659,76.38483965014578,6.122448979591836,70.26239067055393
E00104383,239,77,40,37,162,10,152,32.21757322175732,16.736401673640167,15.481171548117153,67.78242677824268,4.184100418410042,63.59832635983263
E00104384,316,66,25,41,250,33,217,20.88607594936709,7.9113924050632916,12.974683544303797,79.11392405063292,10.443037974683545,68.67088607594937
E00104385,327,59,18,41,268,21,247,18.04281345565749,5.5045871559633035,12.538226299694188,81.9571865443425,6.422018348623854,75.53516819571865
E00104387,251,53,16,37,198,17,181,21.115537848605577,6.374501992031872,14.741035856573706,78.88446215139442,6.772908366533864,72.11155378486056
E00104388,255,56,26,30,199,17,182,21.96078431372549,10.196078431372548,11.76470588235294,78.03921568627452,6.666666666666667,71.37254901960785
E00104389,300,58,19,39,242,25,217,19.333333333333332,6.333333333333334,13,80.66666666666666,8.333333333333332,72.33333333333334
E00104390,353,64,24,40,289,26,263,18.13031161473088,6.79886685552408,11.3314447592068,81.86968838526913,7.365439093484419,74.5042492917847
E00104391,267,50,25,25,217,16,201,18.726591760299627,9.363295880149813,9.363295880149813,81.27340823970037,5.992509363295881,75.28089887640449
E00104392,255,48,19,29,207,26,181,18.823529411764707,7.450980392156863,11.372549019607844,81.17647058823529,10.196078431372548,70.98039215686275
E00104393,250,89,46,43,161,22,139,35.6,18.4,17.2,64.4,8.799999999999999,55.60000000000001
E00104394,340,51,23,28,289,23,266,15,6.764705882352941,8.235294117647058,85,6.764705882352941,78.23529411764706
E00104395,297,67,23,44,230,21,209,22.55892255892256,7.744107744107744,14.814814814814813,77.44107744107744,7.07070707070707,70.37037037037037
E00104396,300,48,18,30,252,33,219,16,6,10,84,11,73
E00104397,292,50,25,25,242,34,208,17.123287671232877,8.561643835616438,8.561643835616438,82.87671232876713,11.643835616438356,71.23287671232876
E00104398,234,51,21,30,183,19,164,21.794871794871796,8.974358974358974,12.82051282051282,78.2051282051282,8.11965811965812,70.08547008547008
E00104399,370,84,23,61,286,32,254,22.702702702702705,6.216216216216217,16.486486486486488,77.29729729729729,8.64864864864865,68.64864864864865
E00104400,453,76,25,51,377,37,340,16.777041942604857,5.518763796909492,11.258278145695364,83.22295805739515,8.167770419426049,75.05518763796908
E00104401,289,49,16,33,240,33,207,16.955017301038062,5.536332179930796,11.418685121107266,83.04498269896193,11.418685121107266,71.62629757785467
E00104402,290,49,16,33,241,33,208,16.896551724137932,5.517241379310345,11.379310344827587,83.10344827586206,11.379310344827587,71.72413793103448
E00104403,280,45,20,25,235,31,204,16.071428571428573,7.142857142857142,8.928571428571429,83.92857142857143,11.071428571428571,72.85714285714285
E00104404,221,40,10,30,181,22,159,18.099547511312217,4.524886877828054,13.574660633484163,81.90045248868778,9.95475113122172,71.94570135746606
E00104405,259,77,31,46,182,25,157,29.72972972972973,11.96911196911197,17.760617760617762,70.27027027027027,9.652509652509652,60.61776061776062
E00104406,292,98,37,61,194,15,179,33.56164383561644,12.67123287671233,20.89041095890411,66.43835616438356,5.136986301369863,61.3013698630137
E00104407,167,26,10,16,141,14,127,15.568862275449103,5.9880239520958085,9.580838323353294,84.4311377245509,8.383233532934131,76.04790419161677
E00104408,258,79,41,38,179,25,154,30.620155038759687,15.891472868217054,14.728682170542637,69.37984496124031,9.689922480620156,59.68992248062015
E00104409,238,62,30,32,176,20,156,26.05042016806723,12.605042016806722,13.445378151260504,73.94957983193278,8.403361344537815,65.54621848739495
E00104410,222,59,24,35,163,27,136,26.576576576576578,10.81081081081081,15.765765765765765,73.42342342342343,12.162162162162163,61.261261261261254
E00104411,248,81,36,45,167,17,150,32.66129032258064,14.516129032258066,18.14516129032258,67.33870967741935,6.854838709677419,60.483870967741936
E00104412,266,66,31,35,200,20,180,24.81203007518797,11.654135338345863,13.157894736842104,75.18796992481202,7.518796992481203,67.66917293233082
E00104413,191,44,13,31,147,18,129,23.036649214659686,6.806282722513089,16.230366492146597,76.96335078534031,9.424083769633508,67.5392670157068
E00104414,219,53,17,36,166,17,149,24.200913242009133,7.76255707762557,16.43835616438356,75.79908675799086,7.76255707762557,68.0365296803653
E00104415,224,60,24,36,164,22,142,26.785714285714285,10.714285714285714,16.071428571428573,73.21428571428571,9.821428571428571,63.39285714285714
E00104416,263,44,17,27,219,17,202,16.730038022813687,6.4638783269961975,10.26615969581749,83.26996197718631,6.4638783269961975,76.80608365019012
E00104417,241,46,17,29,195,19,176,19.08713692946058,7.053941908713693,12.033195020746888,80.91286307053942,7.883817427385892,73.02904564315352
E00104418,284,72,37,35,212,21,191,25.352112676056336,13.028169014084506,12.323943661971832,74.64788732394366,7.394366197183098,67.25352112676056
E00104419,313,53,21,32,260,27,233,16.93290734824281,6.7092651757188495,10.223642172523961,83.06709265175719,8.626198083067091,74.4408945686901
E00104420,274,74,41,33,200,22,178,27.00729927007299,14.963503649635038,12.043795620437956,72.99270072992701,8.02919708029197,64.96350364963503
E00104421,247,62,22,40,185,21,164,25.101214574898783,8.906882591093117,16.194331983805668,74.89878542510121,8.502024291497975,66.39676113360325
E00104422,296,50,17,33,246,19,227,16.89189189189189,5.743243243243244,11.14864864864865,83.1081081081081,6.418918918918918,76.6891891891892
E00104423,256,42,8,34,214,24,190,16.40625,3.125,13.28125,83.59375,9.375,74.21875
E00104424,286,64,27,37,222,26,196,22.377622377622377,9.44055944055944,12.937062937062937,77.62237762237763,9.090909090909092,68.53146853146853
E00104425,293,91,62,29,202,21,181,31.058020477815703,21.160409556313994,9.897610921501707,68.94197952218431,7.167235494880546,61.774744027303754
E00104426,285,50,23,27,235,17,218,17.543859649122805,8.070175438596491,9.473684210526317,82.45614035087719,5.964912280701754,76.49122807017544
E00104427,410,69,23,46,341,30,311,16.82926829268293,5.609756097560976,11.219512195121952,83.17073170731707,7.317073170731707,75.85365853658537
E00104428,348,65,27,38,283,20,263,18.67816091954023,7.758620689655173,10.919540229885058,81.32183908045977,5.747126436781609,75.57471264367817
E00104429,252,60,18,42,192,27,165,23.809523809523807,7.142857142857142,16.666666666666664,76.19047619047619,10.714285714285714,65.47619047619048
E00104430,339,73,25,48,266,33,233,21.533923303834808,7.374631268436578,14.15929203539823,78.46607669616519,9.734513274336283,68.73156342182891
E00104431,251,46,16,30,205,17,188,18.326693227091635,6.374501992031872,11.952191235059761,81.67330677290838,6.772908366533864,74.9003984063745
E00104432,302,57,25,32,245,21,224,18.874172185430464,8.27814569536424,10.596026490066226,81.12582781456953,6.95364238410596,74.17218543046357
E00104433,327,79,33,46,248,23,225,24.159021406727827,10.091743119266056,14.067278287461773,75.84097859327217,7.033639143730887,68.80733944954129
E00104434,263,44,21,23,219,14,205,16.730038022813687,7.984790874524715,8.745247148288973,83.26996197718631,5.323193916349809,77.9467680608365
E00104435,510,99,31,68,411,35,376,19.411764705882355,6.078431372549019,13.333333333333334,80.58823529411765,6.862745098039216,73.72549019607844
E00104436,332,72,29,43,260,32,228,21.686746987951807,8.734939759036145,12.951807228915662,78.3132530120482,9.63855421686747,68.67469879518072
E00104437,246,68,27,41,178,27,151,27.64227642276423,10.975609756097562,16.666666666666664,72.35772357723577,10.975609756097562,61.382113821138205
E00104438,275,61,21,40,214,28,186,22.181818181818183,7.636363636363637,14.545454545454545,77.81818181818181,10.181818181818182,67.63636363636364
E00104439,339,67,26,41,272,24,248,19.76401179941003,7.669616519174041,12.094395280235988,80.23598820058997,7.079646017699115,73.15634218289085
E00104440,305,78,35,43,227,26,201,25.573770491803277,11.475409836065573,14.098360655737704,74.42622950819671,8.524590163934425,65.90163934426229
E00104441,320,76,30,46,244,24,220,23.75,9.375,14.374999999999998,76.25,7.5,68.75
E00104442,303,47,12,35,256,26,230,15.51155115511551,3.9603960396039604,11.55115511551155,84.48844884488449,8.58085808580858,75.9075907590759
E00104443,336,64,29,35,272,34,238,19.047619047619047,8.630952380952381,10.416666666666668,80.95238095238095,10.119047619047619,70.83333333333334
E00104444,335,73,31,42,262,33,229,21.791044776119403,9.253731343283581,12.53731343283582,78.2089552238806,9.850746268656717,68.35820895522387
E00104445,359,74,34,40,285,34,251,20.61281337047354,9.47075208913649,11.142061281337048,79.38718662952647,9.47075208913649,69.91643454038997
E00104446,202,35,20,15,167,15,152,17.326732673267326,9.900990099009901,7.425742574257425,82.67326732673267,7.425742574257425,75.24752475247524
E00104447,319,49,22,27,270,23,247,15.360501567398119,6.896551724137931,8.463949843260188,84.63949843260188,7.210031347962382,77.4294670846395
E00104448,244,47,9,38,197,18,179,19.262295081967213,3.6885245901639343,15.573770491803279,80.73770491803278,7.377049180327869,73.36065573770492
E00104449,234,57,20,37,177,20,157,24.358974358974358,8.547008547008547,15.81196581196581,75.64102564102564,8.547008547008547,67.09401709401709
E00104450,321,70,30,40,251,40,211,21.806853582554517,9.345794392523365,12.461059190031152,78.19314641744548,12.461059190031152,65.73208722741433
E00104451,284,64,30,34,220,26,194,22.535211267605636,10.56338028169014,11.971830985915492,77.46478873239437,9.15492957746479,68.30985915492957
E00104452,308,51,18,33,257,34,223,16.558441558441558,5.844155844155844,10.714285714285714,83.44155844155844,11.03896103896104,72.40259740259741
E00166076,614,48,6,42,566,19,547,7.81758957654723,0.9771986970684038,6.840390879478828,92.18241042345277,3.0944625407166124,89.08794788273615
E00166077,249,70,33,37,179,25,154,28.11244979919679,13.253012048192772,14.859437751004014,71.8875502008032,10.040160642570282,61.84738955823293
E00166078,346,68,29,39,278,26,252,19.653179190751445,8.38150289017341,11.271676300578035,80.34682080924856,7.514450867052023,72.83236994219652
E00166079,408,48,19,29,360,24,336,11.76470588235294,4.6568627450980395,7.107843137254902,88.23529411764706,5.88235294117647,82.35294117647058
E00166080,631,49,14,35,582,44,538,7.765451664025356,2.218700475435816,5.54675118858954,92.23454833597464,6.9730586370839935,85.26148969889064
E00166081,109,23,10,13,86,12,74,21.100917431192663,9.174311926605505,11.926605504587156,78.89908256880734,11.009174311926607,67.88990825688074
E00166082,328,48,14,34,280,31,249,14.634146341463413,4.2682926829268295,10.365853658536585,85.36585365853658,9.451219512195122,75.91463414634147
E00166083,298,33,8,25,265,30,235,11.073825503355705,2.684563758389262,8.389261744966444,88.9261744966443,10.06711409395973,78.85906040268456
E00166084,284,42,10,32,242,30,212,14.788732394366196,3.5211267605633805,11.267605633802818,85.2112676056338,10.56338028169014,74.64788732394366
E00166085,225,78,43,35,147,15,132,34.66666666666667,19.11111111111111,15.555555555555555,65.33333333333333,6.666666666666667,58.666666666666664
E00166087,145,28,5,23,117,12,105,19.310344827586206,3.4482758620689653,15.862068965517242,80.6896551724138,8.275862068965518,72.41379310344827
E00166088,271,61,15,46,210,25,185,22.509225092250922,5.535055350553505,16.974169741697416,77.49077490774908,9.22509225092251,68.26568265682657
E00166089,137,23,10,13,114,15,99,16.78832116788321,7.2992700729927,9.48905109489051,83.21167883211679,10.948905109489052,72.26277372262774
E00166090,261,43,14,29,218,28,190,16.47509578544061,5.363984674329502,11.11111111111111,83.5249042145594,10.727969348659004,72.79693486590038
E00166091,263,47,13,34,216,30,186,17.870722433460077,4.942965779467681,12.927756653992395,82.12927756653993,11.406844106463879,70.72243346007605
E00166092,254,57,25,32,197,21,176,22.440944881889763,9.84251968503937,12.598425196850393,77.55905511811024,8.267716535433072,69.29133858267717
E00166093,294,51,20,31,243,32,211,17.346938775510203,6.802721088435375,10.54421768707483,82.6530612244898,10.884353741496598,71.7687074829932
E00166094,317,106,49,57,211,27,184,33.4384858044164,15.457413249211358,17.981072555205046,66.5615141955836,8.517350157728707,58.0441640378549
E00166095,263,49,15,34,214,21,193,18.631178707224336,5.7034220532319395,12.927756653992395,81.36882129277566,7.984790874524715,73.38403041825094
E00166097,423,110,40,70,313,41,272,26.004728132387704,9.456264775413711,16.548463356973993,73.99527186761229,9.692671394799055,64.30260047281324
E00166098,330,48,14,34,282,31,251,14.545454545454545,4.242424242424243,10.303030303030303,85.45454545454545,9.393939393939393,76.06060606060606
E00166099,234,39,18,21,195,20,175,16.666666666666664,7.6923076923076925,8.974358974358974,83.33333333333334,8.547008547008547,74.78632478632478
E00166100,340,60,20,40,280,30,250,17.647058823529413,5.88235294117647,11.76470588235294,82.35294117647058,8.823529411764707,73.52941176470588
E00166101,373,86,31,55,287,18,269,23.056300268096514,8.310991957104557,14.745308310991955,76.94369973190348,4.825737265415549,72.11796246648794
E00171464,316,49,22,27,267,19,248,15.50632911392405,6.962025316455696,8.544303797468354,84.49367088607595,6.012658227848101,78.48101265822784
E00171467,247,23,10,13,224,27,197,9.31174089068826,4.048582995951417,5.263157894736842,90.68825910931174,10.931174089068826,79.75708502024291
E00171468,395,63,25,38,332,26,306,15.949367088607595,6.329113924050633,9.620253164556962,84.05063291139241,6.582278481012659,77.46835443037975
E00171469,218,21,4,17,197,32,165,9.63302752293578,1.834862385321101,7.79816513761468,90.36697247706422,14.678899082568808,75.68807339449542
E00171470,141,25,15,10,116,9,107,17.73049645390071,10.638297872340425,7.092198581560284,82.26950354609929,6.382978723404255,75.88652482269504
E00171471,596,184,57,127,412,81,331,30.87248322147651,9.563758389261745,21.308724832214764,69.12751677852349,13.590604026845638,55.536912751677846
E00171472,303,60,33,27,243,26,217,19.801980198019802,10.891089108910892,8.91089108910891,80.19801980198021,8.58085808580858,71.61716171617162
E00171473,245,48,16,32,197,19,178,19.591836734693878,6.530612244897959,13.061224489795919,80.40816326530611,7.755102040816326,72.6530612244898
E00171474,618,214,46,168,404,84,320,34.627831715210355,7.443365695792881,27.184466019417474,65.37216828478964,13.592233009708737,51.7799352750809
E00171475,200,53,20,33,147,13,134,26.5,10,16.5,73.5,6.5,67
E00171476,232,61,24,37,171,19,152,26.29310344827586,10.344827586206897,15.948275862068966,73.70689655172413,8.189655172413794,65.51724137931035
E00171477,184,54,17,37,130,19,111,29.347826086956523,9.239130434782608,20.108695652173914,70.65217391304348,10.326086956521738,60.32608695652174
E00171478,300,78,31,47,222,25,197,26,10.333333333333334,15.666666666666668,74,8.333333333333332,65.66666666666666
E00171479,354,87,39,48,267,22,245,24.576271186440678,11.016949152542372,13.559322033898304,75.42372881355932,6.214689265536723,69.2090395480226
E00171736,302,73,27,46,229,24,205,24.17218543046358,8.940397350993377,15.2317880794702,75.82781456953643,7.9470198675496695,67.88079470198676
E00171738,303,40,15,25,263,30,233,13.2013201320132,4.9504950495049505,8.25082508250825,86.79867986798679,9.900990099009901,76.89768976897689
E00171739,310,43,14,29,267,34,233,13.870967741935484,4.516129032258064,9.35483870967742,86.12903225806451,10.967741935483872,75.16129032258064
E00171741,274,66,30,36,208,27,181,24.087591240875913,10.948905109489052,13.138686131386862,75.91240875912408,9.854014598540147,66.05839416058394
E00171743,295,59,31,28,236,26,210,20,10.508474576271185,9.491525423728813,80,8.813559322033898,71.1864406779661
E00171744,290,48,15,33,242,16,226,16.551724137931036,5.172413793103448,11.379310344827587,83.44827586206897,5.517241379310345,77.93103448275862
E00171746,227,42,15,27,185,20,165,18.502202643171806,6.607929515418502,11.894273127753303,81.4977973568282,8.81057268722467,72.68722466960352
E00171747,260,37,12,25,223,21,202,14.23076923076923,4.615384615384616,9.615384615384617,85.76923076923076,8.076923076923077,77.6923076923077
E00171749,286,31,11,20,255,23,232,10.839160839160838,3.8461538461538463,6.993006993006993,89.16083916083916,8.041958041958042,81.11888111888112
E00171750,342,42,13,29,300,22,278,12.280701754385964,3.8011695906432745,8.47953216374269,87.71929824561403,6.432748538011696,81.28654970760235
E00171752,259,49,14,35,210,22,188,18.91891891891892,5.405405405405405,13.513513513513514,81.08108108108108,8.494208494208493,72.58687258687259
E00171753,293,32,8,24,261,28,233,10.921501706484642,2.7303754266211606,8.19112627986348,89.07849829351537,9.556313993174061,79.5221843003413
E00171755,213,33,10,23,180,18,162,15.492957746478872,4.694835680751173,10.7981220657277,84.50704225352112,8.450704225352112,76.05633802816901
E00171757,335,42,10,32,293,22,271,12.53731343283582,2.9850746268656714,9.55223880597015,87.46268656716418,6.567164179104477,80.8955223880597
E00171758,158,28,12,16,130,20,110,17.72151898734177,7.59493670886076,10.126582278481013,82.27848101265823,12.658227848101266,69.62025316455697
E00171760,296,92,45,47,204,22,182,31.08108108108108,15.202702702702704,15.878378378378377,68.91891891891892,7.4324324324324325,61.48648648648649
E00171761,279,56,21,35,223,25,198,20.07168458781362,7.526881720430108,12.544802867383511,79.92831541218638,8.960573476702509,70.96774193548387
E00171763,167,27,8,19,140,9,131,16.16766467065868,4.790419161676647,11.377245508982035,83.8323353293413,5.389221556886228,78.44311377245509
E00171764,238,57,14,43,181,23,158,23.949579831932773,5.88235294117647,18.067226890756302,76.05042016806722,9.663865546218489,66.38655462184873
E00171766,290,56,12,44,234,27,207,19.310344827586206,4.137931034482759,15.172413793103448,80.6896551724138,9.310344827586208,71.37931034482759
E00171767,391,47,8,39,344,28,316,12.020460358056265,2.0460358056265986,9.974424552429667,87.97953964194375,7.161125319693094,80.81841432225065
E00171769,163,31,14,17,132,13,119,19.018404907975462,8.588957055214724,10.429447852760736,80.98159509202453,7.975460122699387,73.00613496932516
E00183033,575,144,80,64,431,29,402,25.043478260869566,13.91304347826087,11.130434782608695,74.95652173913044,5.043478260869565,69.91304347826087
E00183034,999,153,41,112,846,75,771,15.315315315315313,4.1041041041041035,11.21121121121121,84.68468468468468,7.5075075075075075,77.17717717717719
E00183036,505,49,15,34,456,36,420,9.702970297029703,2.9702970297029703,6.732673267326733,90.2970297029703,7.128712871287128,83.16831683168317
E00183037,288,101,49,52,187,22,165,35.06944444444444,17.01388888888889,18.055555555555554,64.93055555555556,7.638888888888889,57.291666666666664
E00183038,624,91,32,59,533,38,495,14.583333333333334,5.128205128205128,9.455128205128204,85.41666666666666,6.089743589743589,79.32692307692307
E00183039,111,28,16,12,83,15,68,25.225225225225223,14.414414414414415,10.81081081081081,74.77477477477478,13.513513513513514,61.261261261261254
E00183040,427,76,26,50,351,39,312,17.798594847775178,6.0889929742388755,11.7096018735363,82.20140515222482,9.133489461358314,73.06791569086651
E00183041,187,33,11,22,154,13,141,17.647058823529413,5.88235294117647,11.76470588235294,82.35294117647058,6.951871657754011,75.40106951871658
E00183042,259,62,28,34,197,21,176,23.93822393822394,10.81081081081081,13.127413127413126,76.06177606177607,8.108108108108109,67.95366795366795
E00183043,556,106,33,73,450,57,393,19.06474820143885,5.935251798561151,13.129496402877697,80.93525179856115,10.251798561151078,70.68345323741008
E00183044,346,63,17,46,283,32,251,18.20809248554913,4.913294797687861,13.294797687861271,81.79190751445087,9.248554913294797,72.54335260115607
E00183045,499,101,42,59,398,42,356,20.240480961923847,8.41683366733467,11.823647294589177,79.75951903807615,8.41683366733467,71.34268537074149
E00183046,139,19,6,13,120,10,110,13.66906474820144,4.316546762589928,9.352517985611511,86.33093525179856,7.1942446043165464,79.13669064748201
E00183047,183,15,3,12,168,13,155,8.19672131147541,1.639344262295082,6.557377049180328,91.80327868852459,7.103825136612022,84.69945355191257
E00183048,207,36,8,28,171,14,157,17.391304347826086,3.864734299516908,13.526570048309178,82.6086956521739,6.763285024154589,75.84541062801932
E00183049,287,30,9,21,257,31,226,10.452961672473867,3.1358885017421603,7.317073170731707,89.54703832752612,10.801393728222997,78.74564459930313
E00183050,283,67,23,44,216,19,197,23.674911660777383,8.12720848056537,15.547703180212014,76.32508833922262,6.713780918727916,69.6113074204947
E00183051,176,15,3,12,161,12,149,8.522727272727272,1.7045454545454544,6.8181818181818175,91.47727272727273,6.8181818181818175,84.6590909090909
E00183052,533,69,13,56,464,34,430,12.94559099437148,2.4390243902439024,10.506566604127581,87.05440900562851,6.378986866791744,80.67542213883677
E00183053,168,26,7,19,142,10,132,15.476190476190476,4.166666666666666,11.30952380952381,84.52380952380952,5.952380952380952,78.57142857142857
E00183054,203,37,16,21,166,25,141,18.226600985221676,7.8817733990147785,10.344827586206897,81.77339901477832,12.31527093596059,69.45812807881774
E00183055,98,19,6,13,79,11,68,19.387755102040817,6.122448979591836,13.26530612244898,80.61224489795919,11.224489795918368,69.38775510204081
E00183056,429,117,61,56,312,32,280,27.27272727272727,14.219114219114218,13.053613053613052,72.72727272727273,7.459207459207459,65.26806526806527
E00183057,519,170,39,131,349,40,309,32.75529865125241,7.514450867052023,25.240847784200387,67.2447013487476,7.7071290944123305,59.53757225433526
E00183058,222,30,13,17,192,20,172,13.513513513513514,5.8558558558558556,7.657657657657657,86.48648648648648,9.00900900900901,77.47747747747748
E00183059,454,55,28,27,399,38,361,12.114537444933921,6.167400881057269,5.947136563876652,87.88546255506607,8.370044052863436,79.51541850220264
E00183060,557,81,29,52,476,40,436,14.542190305206462,5.206463195691203,9.33572710951526,85.45780969479354,7.1813285457809695,78.27648114901257
E00183061,291,71,28,43,220,30,190,24.398625429553263,9.621993127147768,14.776632302405499,75.60137457044674,10.309278350515463,65.29209621993127
E00183062,198,42,15,27,156,16,140,21.21212121212121,7.575757575757576,13.636363636363635,78.78787878787878,8.080808080808081,70.70707070707071
E00183063,394,61,19,42,333,32,301,15.48223350253807,4.822335025380711,10.65989847715736,84.51776649746193,8.121827411167512,76.39593908629442
E00183064,108,25,10,15,83,14,69,23.14814814814815,9.25925925925926,13.88888888888889,76.85185185185185,12.962962962962962,63.888888888888886
E00183065,271,41,19,22,230,31,199,15.129151291512915,7.011070110701106,8.118081180811808,84.87084870848709,11.439114391143912,73.43173431734317
E00183066,499,45,13,32,454,44,410,9.01803607214429,2.6052104208416833,6.4128256513026045,90.98196392785572,8.817635270541082,82.16432865731463
E00183067,153,67,39,28,86,9,77,43.790849673202615,25.49019607843137,18.30065359477124,56.209150326797385,5.88235294117647,50.326797385620914
E00183068,336,57,14,43,279,29,250,16.964285714285715,4.166666666666666,12.797619047619047,83.03571428571429,8.630952380952381,74.40476190476191
E00183069,494,74,28,46,420,38,382,14.979757085020243,5.668016194331984,9.31174089068826,85.02024291497976,7.6923076923076925,77.32793522267207
E00183070,114,26,12,14,88,6,82,22.807017543859647,10.526315789473683,12.280701754385964,77.19298245614034,5.263157894736842,71.9298245614035
E00183071,502,59,29,30,443,34,409,11.752988047808765,5.776892430278884,5.9760956175298805,88.24701195219123,6.772908366533864,81.47410358565737
E00183072,340,76,36,40,264,28,236,22.35294117647059,10.588235294117647,11.76470588235294,77.64705882352942,8.235294117647058,69.41176470588235
E00183073,424,66,25,41,358,21,337,15.566037735849056,5.89622641509434,9.669811320754718,84.43396226415094,4.952830188679245,79.48113207547169
E00183074,223,27,9,18,196,18,178,12.10762331838565,4.0358744394618835,8.071748878923767,87.89237668161435,8.071748878923767,79.82062780269058
E00183075,237,36,11,25,201,27,174,15.18987341772152,4.641350210970464,10.548523206751055,84.81012658227847,11.39240506329114,73.41772151898735
E00183076,236,22,5,17,214,20,194,9.322033898305085,2.11864406779661,7.203389830508475,90.67796610169492,8.47457627118644,82.20338983050848
E00183077,115,17,9,8,98,9,89,14.782608695652174,7.82608695652174,6.956521739130435,85.21739130434783,7.82608695652174,77.39130434782608
E00183078,483,77,22,55,406,38,368,15.942028985507244,4.554865424430641,11.387163561076605,84.05797101449275,7.867494824016563,76.19047619047619
E00183079,155,55,21,34,100,15,85,35.483870967741936,13.548387096774196,21.935483870967744,64.51612903225806,9.67741935483871,54.83870967741935
E00183080,240,28,10,18,212,14,198,11.666666666666666,4.166666666666666,7.5,88.33333333333333,5.833333333333333,82.5
E00183081,305,46,9,37,259,31,228,15.081967213114755,2.9508196721311477,12.131147540983607,84.91803278688525,10.163934426229508,74.75409836065575
E00183082,371,50,19,31,321,29,292,13.477088948787062,5.121293800539084,8.355795148247978,86.52291105121293,7.816711590296496,78.70619946091644
E00183083,119,32,15,17,87,6,81,26.89075630252101,12.605042016806722,14.285714285714285,73.10924369747899,5.042016806722689,68.0672268907563
E00183085,198,30,10,20,168,5,163,15.151515151515152,5.05050505050505,10.1010101010101,84.84848484848484,2.525252525252525,82.32323232323232
E00183086,396,41,15,26,355,26,329,10.353535353535353,3.787878787878788,6.565656565656567,89.64646464646465,6.565656565656567,83.08080808080808
E00183087,358,56,19,37,302,30,272,15.64245810055866,5.307262569832402,10.335195530726256,84.35754189944134,8.379888268156424,75.97765363128491
E00183089,256,92,38,54,164,21,143,35.9375,14.84375,21.09375,64.0625,8.203125,55.859375
E00183090,340,40,10,30,300,25,275,11.76470588235294,2.941176470588235,8.823529411764707,88.23529411764706,7.352941176470589,80.88235294117648
E00183091,173,23,8,15,150,16,134,13.294797687861271,4.624277456647398,8.670520231213873,86.70520231213872,9.248554913294797,77.45664739884393
E00183092,262,40,15,25,222,20,202,15.267175572519085,5.7251908396946565,9.541984732824428,84.7328244274809,7.633587786259542,77.09923664122137
E00183093,224,57,24,33,167,12,155,25.44642857142857,10.714285714285714,14.732142857142858,74.55357142857143,5.357142857142857,69.19642857142857
