OA,ts0380001,ts0380002,ts0380003,ts0380004,ts0380005,ts0380006,ts0380007,ts0380002_PCT,ts0380003_PCT,ts0380004_PCT,ts0380005_PCT,ts0380006_PCT,ts0380007_PCT
E00151236,365,82,42,40,283,43,240,22.465753424657535,11.506849315068493,10.95890410958904,77.53424657534246,11.78082191780822,65.75342465753424
E00151237,268,51,19,32,217,29,188,19.029850746268657,7.08955223880597,11.940298507462686,80.97014925373134,10.820895522388058,70.1492537313433
E00151238,238,44,24,20,194,17,177,18.487394957983195,10.084033613445378,8.403361344537815,81.5126050420168,7.142857142857142,74.36974789915966
E00151239,281,44,19,25,237,20,217,15.658362989323843,6.761565836298933,8.896797153024911,84.34163701067615,7.11743772241993,77.22419928825623
E00151240,239,59,24,35,180,26,154,24.686192468619247,10.0418410041841,14.644351464435147,75.31380753138075,10.87866108786611,64.43514644351464
E00151241,274,88,55,33,186,21,165,32.11678832116788,20.072992700729927,12.043795620437956,67.88321167883211,7.664233576642336,60.21897810218978
E00151242,285,51,25,26,234,23,211,17.894736842105264,8.771929824561402,9.12280701754386,82.10526315789474,8.070175438596491,74.03508771929825
E00151243,251,99,49,50,152,15,137,39.44223107569721,19.52191235059761,19.9203187250996,60.55776892430279,5.9760956175298805,54.581673306772906
E00151244,274,63,33,30,211,27,184,22.99270072992701,12.043795620437956,10.948905109489052,77.00729927007299,9.854014598540147,67.15328467153284
E00151245,340,47,24,23,293,26,267,13.823529411764707,7.0588235294117645,6.764705882352941,86.1764705882353,7.647058823529412,78.52941176470588
E00151246,288,35,10,25,253,25,228,12.152777777777777,3.4722222222222223,8.680555555555555,87.84722222222221,8.680555555555555,79.16666666666666
E00151247,360,60,24,36,300,28,272,16.666666666666664,6.666666666666667,10,83.33333333333334,7.777777777777778,75.55555555555556
E00151248,310,88,52,36,222,25,197,28.387096774193548,16.7741935483871,11.612903225806452,71.61290322580646,8.064516129032258,63.54838709677419
E00151249,283,44,21,23,239,19,220,15.547703180212014,7.420494699646643,8.12720848056537,84.45229681978799,6.713780918727916,77.73851590106007
E00151250,245,45,11,34,200,24,176,18.367346938775512,4.489795918367347,13.877551020408163,81.63265306122449,9.795918367346939,71.83673469387755
E00151251,285,51,23,28,234,28,206,17.894736842105264,8.070175438596491,9.824561403508772,82.10526315789474,9.824561403508772,72.28070175438597
E00151252,332,43,18,25,289,26,263,12.951807228915662,5.421686746987952,7.530120481927711,87.04819277108435,7.83132530120482,79.21686746987952
E00151253,306,41,18,23,265,38,227,13.398692810457517,5.88235294117647,7.516339869281046,86.60130718954248,12.418300653594772,74.18300653594771
E00151254,528,49,15,34,479,46,433,9.280303030303031,2.840909090909091,6.4393939393939394,90.71969696969697,8.712121212121213,82.00757575757575
E00151255,303,55,14,41,248,24,224,18.151815181518153,4.62046204620462,13.531353135313532,81.84818481848185,7.920792079207921,73.92739273927393
E00151256,231,36,15,21,195,19,176,15.584415584415584,6.493506493506493,9.090909090909092,84.4155844155844,8.225108225108226,76.19047619047619
E00151257,399,49,13,36,350,45,305,12.280701754385964,3.258145363408521,9.022556390977442,87.71929824561403,11.278195488721805,76.441102756892235
E00151258,306,46,15,31,260,27,233,15.032679738562091,4.901960784313726,10.130718954248366,84.9673202614379,8.823529411764707,76.1437908496732
E00151259,287,40,17,23,247,25,222,13.937282229965156,5.923344947735192,8.013937282229964,86.06271777003485,8.710801393728223,77.35191637630662
E00151260,294,40,16,24,254,29,225,13.60544217687075,5.442176870748299,8.16326530612245,86.39455782312925,9.863945578231291,76.53061224489795
E00151262,138,40,22,18,98,20,78,28.985507246376812,15.942028985507244,13.043478260869565,71.01449275362319,14.492753623188406,56.52173913043478
E00151263,151,27,10,17,124,19,105,17.880794701986755,6.622516556291391,11.258278145695364,82.11920529801324,12.582781456953644,69.5364238410596
E00151264,369,69,24,45,300,37,263,18.69918699186992,6.504065040650407,12.195121951219512,81.30081300813008,10.02710027100271,71.27371273712737
E00151265,444,69,22,47,375,51,324,15.54054054054054,4.954954954954955,10.585585585585585,84.45945945945947,11.486486486486488,72.97297297297297
E00151266,305,41,12,29,264,27,237,13.442622950819672,3.934426229508197,9.508196721311474,86.55737704918033,8.852459016393443,77.70491803278688
E00151267,307,39,16,23,268,28,240,12.703583061889251,5.211726384364821,7.491856677524431,87.29641693811075,9.120521172638437,78.17589576547232
E00151268,390,59,20,39,331,33,298,15.128205128205128,5.128205128205128,10,84.87179487179488,8.461538461538462,76.41025641025641
E00151270,305,55,22,33,250,34,216,18.0327868852459,7.213114754098362,10.819672131147541,81.9672131147541,11.147540983606557,70.81967213114754
E00151271,371,45,20,25,326,24,302,12.129380053908356,5.3908355795148255,6.738544474393531,87.87061994609164,6.46900269541779,81.40161725067385
E00151272,228,61,35,26,167,15,152,26.75438596491228,15.350877192982457,11.403508771929824,73.24561403508771,6.578947368421052,66.66666666666666
E00151273,432,71,24,47,361,39,322,16.435185185185187,5.555555555555555,10.87962962962963,83.56481481481481,9.027777777777777,74.53703703703704
E00151274,169,18,10,8,151,19,132,10.650887573964498,5.9171597633136095,4.733727810650888,89.3491124260355,11.242603550295858,78.10650887573965
E00151275,246,59,21,38,187,25,162,23.983739837398375,8.536585365853659,15.447154471544716,76.01626016260163,10.16260162601626,65.85365853658537
E00151276,377,77,31,46,300,28,272,20.424403183023873,8.222811671087534,12.20159151193634,79.57559681697613,7.427055702917771,72.14854111405835
E00151277,225,51,21,30,174,27,147,22.666666666666664,9.333333333333334,13.333333333333334,77.33333333333333,12,65.33333333333333
E00151278,179,72,32,40,107,9,98,40.22346368715084,17.877094972067038,22.3463687150838,59.77653631284916,5.027932960893855,54.7486033519553
E00151279,238,49,18,31,189,16,173,20.588235294117645,7.563025210084033,13.025210084033615,79.41176470588235,6.722689075630252,72.68907563025209
E00151280,236,38,10,28,198,27,171,16.101694915254235,4.23728813559322,11.864406779661017,83.89830508474576,11.440677966101696,72.45762711864407
E00151281,292,54,19,35,238,21,217,18.493150684931507,6.506849315068493,11.986301369863012,81.5068493150685,7.191780821917808,74.31506849315068
E00151282,291,40,11,29,251,27,224,13.745704467353953,3.7800687285223367,9.965635738831615,86.25429553264605,9.278350515463918,76.97594501718214
E00151283,351,48,18,30,303,27,276,13.675213675213676,5.128205128205128,8.547008547008547,86.32478632478633,7.6923076923076925,78.63247863247864
E00151284,294,32,9,23,262,26,236,10.884353741496598,3.061224489795918,7.8231292517006805,89.1156462585034,8.843537414965986,80.27210884353741
E00151285,272,50,15,35,222,34,188,18.38235294117647,5.514705882352941,12.867647058823529,81.61764705882352,12.5,69.11764705882352
E00151286,274,63,24,39,211,19,192,22.99270072992701,8.75912408759124,14.233576642335766,77.00729927007299,6.934306569343065,70.07299270072993
E00151287,431,172,99,73,259,23,236,39.90719257540603,22.96983758700696,16.937354988399072,60.092807424593964,5.336426914153132,54.75638051044084
E00151288,176,39,14,25,137,23,114,22.15909090909091,7.954545454545454,14.204545454545455,77.8409090909091,13.068181818181818,64.77272727272727
E00151289,140,72,37,35,68,4,64,51.42857142857142,26.42857142857143,25,48.57142857142857,2.857142857142857,45.714285714285715
E00151290,400,67,19,48,333,39,294,16.75,4.75,12,83.25,9.75,73.5
E00151291,286,47,17,30,239,31,208,16.433566433566433,5.944055944055944,10.48951048951049,83.56643356643356,10.839160839160838,72.72727272727273
E00151293,218,65,31,34,153,12,141,29.81651376146789,14.220183486238533,15.59633027522936,70.18348623853211,5.5045871559633035,64.6788990825688
E00151294,308,65,29,36,243,21,222,21.1038961038961,9.415584415584416,11.688311688311687,78.8961038961039,6.8181818181818175,72.07792207792207
E00151295,293,58,21,37,235,15,220,19.795221843003414,7.167235494880546,12.627986348122866,80.2047781569966,5.1194539249146755,75.0853242320819
E00151296,404,68,22,46,336,28,308,16.831683168316832,5.445544554455446,11.386138613861387,83.16831683168317,6.9306930693069315,76.23762376237624
E00151298,321,71,30,41,250,25,225,22.118380062305295,9.345794392523365,12.77258566978193,77.88161993769471,7.78816199376947,70.09345794392523
E00151299,247,40,8,32,207,25,182,16.194331983805668,3.2388663967611335,12.955465587044534,83.80566801619433,10.121457489878543,73.68421052631578
E00151300,275,69,44,25,206,16,190,25.09090909090909,16,9.090909090909092,74.90909090909092,5.818181818181818,69.0909090909091
E00151301,380,22,5,17,358,16,342,5.7894736842105265,1.3157894736842104,4.473684210526316,94.21052631578948,4.2105263157894735,90
E00151302,387,79,27,52,308,24,284,20.41343669250646,6.976744186046512,13.436692506459949,79.58656330749353,6.2015503875969,73.38501291989664
E00151303,327,62,24,38,265,25,240,18.960244648318042,7.339449541284404,11.62079510703364,81.03975535168195,7.64525993883792,73.39449541284404
E00151304,353,42,11,31,311,25,286,11.89801699716714,3.1161473087818696,8.78186968838527,88.10198300283287,7.0821529745042495,81.01983002832861
E00151305,246,43,18,25,203,21,182,17.479674796747968,7.317073170731707,10.16260162601626,82.52032520325203,8.536585365853659,73.98373983739837
E00151306,248,60,28,32,188,16,172,24.193548387096776,11.29032258064516,12.903225806451612,75.80645161290323,6.451612903225806,69.35483870967742
E00151307,563,81,31,50,482,55,427,14.387211367673181,5.506216696269982,8.880994671403197,85.61278863232683,9.769094138543517,75.8436944937833
E00151308,479,80,23,57,399,43,356,16.701461377870565,4.801670146137787,11.899791231732777,83.29853862212944,8.977035490605429,74.32150313152401
E00151309,254,40,17,23,214,26,188,15.748031496062993,6.692913385826772,9.05511811023622,84.25196850393701,10.236220472440944,74.01574803149606
E00151310,287,43,10,33,244,23,221,14.982578397212542,3.484320557491289,11.498257839721255,85.01742160278745,8.013937282229964,77.00348432055749
E00151311,367,47,13,34,320,24,296,12.806539509536785,3.5422343324250685,9.264305177111716,87.19346049046321,6.539509536784741,80.65395095367847
E00151312,266,62,30,32,204,17,187,23.308270676691727,11.278195488721805,12.030075187969924,76.69172932330827,6.390977443609022,70.30075187969925
E00151313,484,76,21,55,408,48,360,15.702479338842975,4.338842975206612,11.363636363636363,84.29752066115702,9.917355371900827,74.3801652892562
E00151314,277,49,14,35,228,19,209,17.689530685920577,5.054151624548736,12.63537906137184,82.31046931407943,6.859205776173286,75.45126353790613
E00151315,277,47,16,31,230,34,196,16.967509025270758,5.776173285198556,11.191335740072201,83.03249097472924,12.274368231046932,70.7581227436823
E00151316,576,58,20,38,518,49,469,10.069444444444445,3.4722222222222223,6.597222222222222,89.93055555555556,8.506944444444445,81.42361111111111
E00151317,264,46,17,29,218,26,192,17.424242424242426,6.4393939393939394,10.984848484848484,82.57575757575758,9.848484848484848,72.72727272727273
E00151318,339,55,21,34,284,30,254,16.224188790560472,6.1946902654867255,10.029498525073747,83.77581120943954,8.849557522123893,74.92625368731564
E00151319,271,40,10,30,231,22,209,14.760147601476014,3.6900369003690034,11.07011070110701,85.23985239852398,8.118081180811808,77.12177121771218
E00151320,277,61,19,42,216,15,201,22.021660649819495,6.859205776173286,15.162454873646208,77.9783393501805,5.415162454873646,72.56317689530685
E00151321,548,151,53,98,397,41,356,27.55474452554745,9.67153284671533,17.88321167883212,72.44525547445255,7.481751824817519,64.96350364963503
E00151322,224,43,16,27,181,17,164,19.196428571428573,7.142857142857142,12.053571428571429,80.80357142857143,7.5892857142857135,73.21428571428571
E00151323,382,59,30,29,323,27,296,15.44502617801047,7.853403141361256,7.591623036649215,84.55497382198953,7.068062827225131,77.4869109947644
E00151324,421,56,22,34,365,32,333,13.30166270783848,5.225653206650831,8.076009501187649,86.69833729216153,7.600950118764846,79.09738717339667
E00151326,257,46,17,29,211,20,191,17.898832684824903,6.614785992217899,11.284046692607005,82.10116731517509,7.782101167315175,74.31906614785993
E00151327,291,60,23,37,231,36,195,20.618556701030926,7.903780068728522,12.714776632302405,79.38144329896907,12.371134020618557,67.0103092783505
E00151328,202,54,16,38,148,11,137,26.732673267326735,7.920792079207921,18.81188118811881,73.26732673267327,5.445544554455446,67.82178217821783
E00151330,291,32,8,24,259,28,231,10.996563573883162,2.7491408934707904,8.24742268041237,89.00343642611683,9.621993127147768,79.38144329896907
E00151331,294,78,42,36,216,22,194,26.53061224489796,14.285714285714285,12.244897959183673,73.46938775510205,7.482993197278912,65.98639455782312
E00151332,271,58,19,39,213,33,180,21.40221402214022,7.011070110701106,14.391143911439114,78.59778597785979,12.177121771217712,66.42066420664207
E00151333,302,52,16,36,250,26,224,17.218543046357617,5.298013245033113,11.920529801324504,82.78145695364239,8.609271523178808,74.17218543046357
E00151334,290,42,17,25,248,28,220,14.482758620689657,5.862068965517241,8.620689655172415,85.51724137931035,9.655172413793103,75.86206896551724
E00151335,340,60,26,34,280,35,245,17.647058823529413,7.647058823529412,10,82.35294117647058,10.294117647058822,72.05882352941177
E00151336,280,54,24,30,226,21,205,19.28571428571429,8.571428571428571,10.714285714285714,80.71428571428572,7.5,73.21428571428571
E00151338,296,51,16,35,245,33,212,17.22972972972973,5.405405405405405,11.824324324324325,82.77027027027027,11.14864864864865,71.62162162162163
E00151339,282,44,12,32,238,20,218,15.602836879432624,4.25531914893617,11.347517730496454,84.39716312056737,7.092198581560284,77.30496453900709
E00151340,259,80,35,45,179,16,163,30.888030888030887,13.513513513513514,17.374517374517374,69.1119691119691,6.177606177606178,62.93436293436293
E00151341,254,43,20,23,211,21,190,16.92913385826772,7.874015748031496,9.05511811023622,83.07086614173228,8.267716535433072,74.80314960629921
E00151342,306,64,25,39,242,29,213,20.915032679738562,8.169934640522875,12.745098039215685,79.08496732026144,9.477124183006536,69.6078431372549
E00151343,266,61,30,31,205,13,192,22.932330827067666,11.278195488721805,11.654135338345863,77.06766917293233,4.887218045112782,72.18045112781954
E00151344,312,69,38,31,243,18,225,22.115384615384613,12.179487179487179,9.935897435897436,77.88461538461539,5.769230769230769,72.11538461538461
E00151345,248,60,25,35,188,18,170,24.193548387096776,10.080645161290322,14.112903225806454,75.80645161290323,7.258064516129033,68.54838709677419
E00151346,280,41,17,24,239,28,211,14.642857142857144,6.071428571428571,8.571428571428571,85.35714285714285,10,75.35714285714286
E00151347,270,74,38,36,196,17,179,27.40740740740741,14.074074074074074,13.333333333333334,72.5925925925926,6.296296296296296,66.2962962962963
E00151349,401,62,26,36,339,45,294,15.46134663341646,6.483790523690773,8.977556109725686,84.53865336658353,11.221945137157107,73.31670822942642
E00151350,255,38,10,28,217,18,199,14.901960784313726,3.9215686274509802,10.980392156862745,85.09803921568627,7.0588235294117645,78.03921568627452
E00151351,269,78,37,41,191,13,178,28.99628252788104,13.754646840148698,15.241635687732341,71.00371747211895,4.83271375464684,66.17100371747212
E00151352,321,61,25,36,260,20,240,19.003115264797508,7.78816199376947,11.214953271028037,80.99688473520249,6.230529595015576,74.76635514018692
E00151353,367,106,56,50,261,31,230,28.882833787465938,15.258855585831062,13.623978201634879,71.11716621253406,8.446866485013624,62.67029972752044
E00151354,298,74,42,32,224,12,212,24.832214765100673,14.093959731543624,10.738255033557047,75.16778523489933,4.026845637583892,71.14093959731544
E00151355,287,51,18,33,236,18,218,17.770034843205575,6.2717770034843205,11.498257839721255,82.22996515679442,6.2717770034843205,75.9581881533101
E00151356,310,40,18,22,270,26,244,12.903225806451612,5.806451612903226,7.096774193548387,87.09677419354838,8.38709677419355,78.70967741935485
E00151357,284,57,23,34,227,24,203,20.070422535211268,8.098591549295776,11.971830985915492,79.92957746478874,8.450704225352112,71.47887323943662
E00151358,295,47,13,34,248,29,219,15.932203389830507,4.406779661016949,11.525423728813559,84.06779661016948,9.830508474576272,74.23728813559322
E00151359,248,42,19,23,206,19,187,16.93548387096774,7.661290322580645,9.274193548387096,83.06451612903226,7.661290322580645,75.40322580645162
E00151360,299,38,6,32,261,33,228,12.709030100334449,2.0066889632107023,10.702341137123746,87.29096989966555,11.036789297658862,76.2541806020067
E00151361,297,67,24,43,230,14,216,22.55892255892256,8.080808080808081,14.47811447811448,77.44107744107744,4.713804713804714,72.72727272727273
E00151362,274,75,32,43,199,20,179,27.37226277372263,11.678832116788321,15.693430656934307,72.62773722627736,7.2992700729927,65.32846715328468
E00151363,311,48,14,34,263,27,236,15.434083601286176,4.501607717041801,10.932475884244374,84.56591639871382,8.681672025723474,75.88424437299035
E00151364,229,40,18,22,189,20,169,17.46724890829694,7.860262008733625,9.606986899563319,82.53275109170306,8.73362445414847,73.7991266375546
E00151365,270,40,14,26,230,17,213,14.814814814814813,5.185185185185185,9.62962962962963,85.18518518518519,6.296296296296296,78.88888888888889
E00151366,294,52,17,35,242,15,227,17.687074829931973,5.782312925170068,11.904761904761903,82.31292517006803,5.1020408163265305,77.21088435374149
E00151367,343,68,18,50,275,26,249,19.825072886297377,5.247813411078718,14.577259475218659,80.17492711370262,7.580174927113703,72.59475218658892
E00151368,288,54,27,27,234,24,210,18.75,9.375,9.375,81.25,8.333333333333332,72.91666666666666
E00151369,556,75,25,50,481,44,437,13.489208633093524,4.496402877697841,8.992805755395683,86.51079136690647,7.913669064748201,78.59712230215827
E00151370,309,50,18,32,259,27,232,16.181229773462782,5.825242718446602,10.355987055016183,83.81877022653723,8.737864077669903,75.08090614886731
E00151371,286,56,29,27,230,27,203,19.58041958041958,10.13986013986014,9.44055944055944,80.41958041958041,9.44055944055944,70.97902097902097
E00151372,222,86,42,44,136,15,121,38.73873873873874,18.91891891891892,19.81981981981982,61.261261261261254,6.756756756756757,54.5045045045045
E00151373,295,40,14,26,255,26,229,13.559322033898304,4.745762711864407,8.813559322033898,86.4406779661017,8.813559322033898,77.62711864406779
E00151374,347,55,29,26,292,22,270,15.85014409221902,8.357348703170029,7.492795389048991,84.14985590778097,6.340057636887608,77.80979827089337
E00151375,419,45,11,34,374,28,346,10.739856801909307,2.6252983293556085,8.1145584725537,89.26014319809069,6.682577565632458,82.57756563245823
E00151376,366,41,6,35,325,30,295,11.202185792349727,1.639344262295082,9.562841530054644,88.79781420765028,8.19672131147541,80.60109289617486
E00151377,307,60,30,30,247,20,227,19.54397394136808,9.77198697068404,9.77198697068404,80.45602605863192,6.514657980456026,73.9413680781759
E00151378,385,43,16,27,342,39,303,11.168831168831169,4.1558441558441555,7.012987012987012,88.83116883116882,10.129870129870131,78.70129870129871
E00151379,295,42,19,23,253,27,226,14.237288135593221,6.440677966101695,7.796610169491526,85.76271186440678,9.152542372881356,76.61016949152543
E00151380,419,65,22,43,354,37,317,15.513126491646778,5.250596658711217,10.26252983293556,84.48687350835323,8.83054892601432,75.65632458233891
E00151381,281,67,30,37,214,22,192,23.843416370106763,10.676156583629894,13.167259786476867,76.15658362989323,7.829181494661921,68.32740213523132
E00151382,253,29,12,17,224,19,205,11.462450592885375,4.743083003952568,6.719367588932807,88.53754940711462,7.5098814229249005,81.02766798418972
E00151383,295,41,12,29,254,29,225,13.898305084745763,4.067796610169491,9.830508474576272,86.10169491525423,9.830508474576272,76.27118644067797
E00151384,233,51,18,33,182,19,163,21.888412017167383,7.725321888412018,14.163090128755366,78.11158798283262,8.15450643776824,69.95708154506438
E00151385,412,62,20,42,350,31,319,15.048543689320388,4.854368932038835,10.194174757281553,84.9514563106796,7.524271844660194,77.42718446601941
E00151386,285,55,23,32,230,17,213,19.298245614035086,8.070175438596491,11.228070175438596,80.7017543859649,5.964912280701754,74.73684210526315
E00151387,277,55,19,36,222,23,199,19.855595667870034,6.859205776173286,12.996389891696749,80.14440433212997,8.303249097472925,71.84115523465704
E00151388,472,75,28,47,397,34,363,15.889830508474576,5.932203389830509,9.957627118644067,84.11016949152543,7.203389830508475,76.90677966101694
E00151389,538,100,39,61,438,50,388,18.587360594795538,7.24907063197026,11.338289962825279,81.41263940520446,9.293680297397769,72.11895910780669
E00151390,325,51,15,36,274,25,249,15.692307692307692,4.615384615384616,11.076923076923077,84.3076923076923,7.6923076923076925,76.61538461538461
E00151391,299,47,11,36,252,31,221,15.719063545150503,3.678929765886288,12.040133779264215,84.2809364548495,10.367892976588628,73.91304347826086
E00151392,231,50,23,27,181,21,160,21.645021645021643,9.956709956709958,11.688311688311687,78.35497835497836,9.090909090909092,69.26406926406926
E00151393,251,48,21,27,203,25,178,19.12350597609562,8.366533864541832,10.756972111553784,80.87649402390437,9.9601593625498,70.91633466135458
E00151394,283,51,21,30,232,25,207,18.021201413427562,7.420494699646643,10.60070671378092,81.97879858657244,8.8339222614841,73.14487632508833
E00151395,263,65,23,42,198,27,171,24.714828897338403,8.745247148288973,15.96958174904943,75.2851711026616,10.26615969581749,65.0190114068441
E00151396,428,66,25,41,362,39,323,15.42056074766355,5.841121495327103,9.579439252336448,84.57943925233646,9.11214953271028,75.46728971962617
E00151397,590,114,46,68,476,52,424,19.322033898305087,7.796610169491526,11.525423728813559,80.67796610169492,8.813559322033898,71.86440677966101
E00151398,291,53,12,41,238,23,215,18.213058419243985,4.123711340206185,14.0893470790378,81.78694158075601,7.903780068728522,73.8831615120275
E00151399,389,74,32,42,315,40,275,19.02313624678663,8.226221079691516,10.796915167095115,80.97686375321337,10.282776349614396,70.69408740359897
E00151400,384,79,39,40,305,35,270,20.572916666666664,10.15625,10.416666666666668,79.42708333333334,9.114583333333332,70.3125
E00151401,278,41,16,25,237,33,204,14.748201438848922,5.755395683453238,8.992805755395683,85.25179856115108,11.870503597122301,73.38129496402878
E00151402,376,47,17,30,329,40,289,12.5,4.521276595744681,7.9787234042553195,87.5,10.638297872340425,76.86170212765957
E00151403,285,53,25,28,232,16,216,18.596491228070175,8.771929824561402,9.824561403508772,81.40350877192982,5.614035087719298,75.78947368421053
E00151404,337,67,22,45,270,25,245,19.881305637982198,6.528189910979229,13.353115727002967,80.1186943620178,7.418397626112759,72.70029673590504
E00151405,254,65,33,32,189,20,169,25.590551181102363,12.992125984251967,12.598425196850393,74.40944881889764,7.874015748031496,66.53543307086615
E00151406,321,87,34,53,234,21,213,27.102803738317753,10.59190031152648,16.510903426791277,72.89719626168224,6.5420560747663545,66.35514018691589
E00151407,299,84,37,47,215,27,188,28.093645484949832,12.37458193979933,15.719063545150503,71.90635451505017,9.03010033444816,62.87625418060201
E00151408,259,52,21,31,207,17,190,20.077220077220076,8.108108108108109,11.96911196911197,79.92277992277992,6.563706563706563,73.35907335907336
E00151409,244,35,14,21,209,27,182,14.344262295081966,5.737704918032787,8.60655737704918,85.65573770491804,11.065573770491802,74.59016393442623
E00151410,245,40,12,28,205,15,190,16.3265306122449,4.8979591836734695,11.428571428571429,83.6734693877551,6.122448979591836,77.55102040816327
E00151411,261,68,27,41,193,25,168,26.053639846743295,10.344827586206897,15.708812260536398,73.9463601532567,9.578544061302683,64.36781609195403
E00151412,295,40,13,27,255,27,228,13.559322033898304,4.406779661016949,9.152542372881356,86.4406779661017,9.152542372881356,77.28813559322035
E00151413,349,92,50,42,257,31,226,26.36103151862464,14.326647564469914,12.034383954154727,73.63896848137536,8.882521489971348,64.75644699140402
E00151414,283,60,21,39,223,15,208,21.20141342756184,7.420494699646643,13.780918727915195,78.79858657243817,5.30035335689046,73.4982332155477
E00151415,310,49,15,34,261,28,233,15.806451612903224,4.838709677419355,10.967741935483872,84.19354838709677,9.032258064516128,75.16129032258064
E00151416,379,81,32,49,298,24,274,21.372031662269126,8.443271767810026,12.928759894459102,78.62796833773086,6.33245382585752,72.29551451187335
E00151417,323,80,37,43,243,13,230,24.76780185758514,11.455108359133128,13.312693498452013,75.23219814241486,4.024767801857585,71.20743034055728
E00151418,267,36,12,24,231,19,212,13.48314606741573,4.49438202247191,8.98876404494382,86.51685393258427,7.116104868913857,79.40074906367042
E00151419,201,70,38,32,131,11,120,34.82587064676617,18.90547263681592,15.92039800995025,65.17412935323384,5.472636815920398,59.70149253731343
E00151420,226,68,28,40,158,11,147,30.08849557522124,12.389380530973451,17.699115044247787,69.91150442477876,4.867256637168142,65.04424778761062
E00151421,258,64,31,33,194,18,176,24.8062015503876,12.015503875968992,12.790697674418606,75.1937984496124,6.976744186046512,68.21705426356588
E00151422,222,56,32,24,166,22,144,25.225225225225223,14.414414414414415,10.81081081081081,74.77477477477478,9.90990990990991,64.86486486486487
E00151423,363,80,32,48,283,26,257,22.03856749311295,8.81542699724518,13.223140495867769,77.96143250688705,7.162534435261708,70.79889807162535
E00151424,346,58,25,33,288,25,263,16.76300578034682,7.225433526011561,9.53757225433526,83.23699421965318,7.225433526011561,76.01156069364163
E00151425,302,46,16,30,256,23,233,15.2317880794702,5.298013245033113,9.933774834437086,84.76821192052981,7.6158940397351,77.15231788079471
E00151426,320,54,26,28,266,25,241,16.875,8.125,8.75,83.125,7.8125,75.3125
E00151427,358,77,32,45,281,28,253,21.508379888268156,8.938547486033519,12.569832402234638,78.49162011173185,7.82122905027933,70.6703910614525
E00151428,282,47,20,27,235,25,210,16.666666666666664,7.092198581560284,9.574468085106384,83.33333333333334,8.865248226950355,74.46808510638297
E00151429,288,54,19,35,234,21,213,18.75,6.597222222222222,12.152777777777777,81.25,7.291666666666667,73.95833333333334
E00151430,243,54,21,33,189,27,162,22.22222222222222,8.641975308641975,13.580246913580247,77.77777777777779,11.11111111111111,66.66666666666666
E00151431,314,45,14,31,269,25,244,14.331210191082802,4.45859872611465,9.872611464968154,85.6687898089172,7.961783439490445,77.70700636942675
E00151432,268,55,20,35,213,24,189,20.522388059701495,7.462686567164178,13.059701492537313,79.47761194029852,8.955223880597014,70.52238805970148
E00151433,219,58,16,42,161,24,137,26.48401826484018,7.30593607305936,19.17808219178082,73.51598173515981,10.95890410958904,62.55707762557078
E00151434,319,57,20,37,262,28,234,17.86833855799373,6.269592476489027,11.598746081504702,82.13166144200626,8.77742946708464,73.35423197492163
E00151435,270,60,22,38,210,25,185,22.22222222222222,8.148148148148149,14.074074074074074,77.77777777777779,9.25925925925926,68.51851851851852
E00151436,200,59,29,30,141,14,127,29.5,14.499999999999998,15,70.5,7.000000000000001,63.5
E00151437,508,78,33,45,430,38,392,15.354330708661418,6.496062992125983,8.858267716535433,84.64566929133859,7.480314960629922,77.16535433070865
E00151438,265,50,23,27,215,24,191,18.867924528301888,8.679245283018867,10.18867924528302,81.13207547169812,9.056603773584905,72.0754716981132
E00151439,260,53,22,31,207,20,187,20.384615384615383,8.461538461538462,11.923076923076923,79.61538461538461,7.6923076923076925,71.92307692307692
E00151440,336,80,41,39,256,28,228,23.809523809523807,12.202380952380953,11.607142857142858,76.19047619047619,8.333333333333332,67.85714285714286
E00151441,201,57,23,34,144,14,130,28.35820895522388,11.442786069651742,16.91542288557214,71.64179104477611,6.965174129353234,64.6766169154229
E00151442,303,81,42,39,222,21,201,26.732673267326735,13.861386138613863,12.871287128712872,73.26732673267327,6.9306930693069315,66.33663366336634
E00151443,326,56,22,34,270,21,249,17.177914110429448,6.748466257668712,10.429447852760736,82.82208588957054,6.441717791411043,76.38036809815951
E00151444,307,49,14,35,258,23,235,15.960912052117262,4.5602605863192185,11.400651465798045,84.03908794788273,7.491856677524431,76.54723127035831
E00151445,297,51,17,34,246,28,218,17.17171717171717,5.723905723905724,11.447811447811448,82.82828282828282,9.427609427609427,73.4006734006734
E00151446,297,62,21,41,235,22,213,20.875420875420875,7.07070707070707,13.804713804713806,79.12457912457911,7.4074074074074066,71.71717171717171
E00151447,280,46,15,31,234,25,209,16.428571428571427,5.357142857142857,11.071428571428571,83.57142857142857,8.928571428571429,74.64285714285714
E00151448,263,49,24,25,214,29,185,18.631178707224336,9.125475285171103,9.505703422053232,81.36882129277566,11.02661596958175,70.34220532319392
E00151449,350,56,23,33,294,35,259,16,6.571428571428571,9.428571428571429,84,10,74
E00151451,368,54,13,41,314,31,283,14.673913043478262,3.532608695652174,11.141304347826086,85.32608695652173,8.423913043478262,76.90217391304348
E00151452,245,40,12,28,205,17,188,16.3265306122449,4.8979591836734695,11.428571428571429,83.6734693877551,6.938775510204081,76.73469387755102
E00151454,310,61,29,32,249,23,226,19.67741935483871,9.35483870967742,10.32258064516129,80.3225806451613,7.419354838709677,72.90322580645162
E00151455,317,48,11,37,269,21,248,15.141955835962145,3.4700315457413247,11.67192429022082,84.85804416403786,6.624605678233439,78.23343848580441
E00151456,281,41,12,29,240,30,210,14.590747330960854,4.270462633451958,10.320284697508896,85.40925266903915,10.676156583629894,74.73309608540926
E00151457,304,67,20,47,237,17,220,22.039473684210524,6.578947368421052,15.460526315789474,77.96052631578947,5.592105263157895,72.36842105263158
E00151458,333,42,7,35,291,24,267,12.612612612612612,2.1021021021021022,10.51051051051051,87.38738738738738,7.207207207207207,80.18018018018019
E00151459,340,54,18,36,286,24,262,15.88235294117647,5.294117647058823,10.588235294117647,84.11764705882354,7.0588235294117645,77.05882352941177
E00151460,269,43,11,32,226,21,205,15.985130111524162,4.089219330855019,11.895910780669144,84.01486988847584,7.806691449814126,76.2081784386617
E00151461,318,87,49,38,231,19,212,27.358490566037734,15.40880503144654,11.949685534591195,72.64150943396226,5.9748427672955975,66.66666666666666
E00151462,198,59,32,27,139,21,118,29.797979797979796,16.161616161616163,13.636363636363635,70.2020202020202,10.606060606060606,59.59595959595959
E00151463,458,57,24,33,401,36,365,12.445414847161572,5.240174672489083,7.20524017467249,87.55458515283843,7.860262008733625,79.6943231441048
E00151464,320,34,9,25,286,37,249,10.625,2.8125,7.8125,89.375,11.5625,77.8125
E00151465,234,53,22,31,181,20,161,22.64957264957265,9.401709401709402,13.247863247863249,77.35042735042735,8.547008547008547,68.80341880341881
E00151466,262,48,20,28,214,23,191,18.3206106870229,7.633587786259542,10.687022900763358,81.67938931297711,8.778625954198473,72.90076335877863
E00151467,259,52,23,29,207,18,189,20.077220077220076,8.880308880308881,11.196911196911197,79.92277992277992,6.94980694980695,72.97297297297297
E00151468,261,75,37,38,186,15,171,28.735632183908045,14.17624521072797,14.559386973180077,71.26436781609196,5.747126436781609,65.51724137931035
E00151469,284,40,10,30,244,34,210,14.084507042253522,3.5211267605633805,10.56338028169014,85.91549295774648,11.971830985915492,73.94366197183099
E00151470,299,71,28,43,228,26,202,23.745819397993312,9.364548494983277,14.381270903010032,76.2541806020067,8.695652173913043,67.55852842809364
E00151471,286,58,19,39,228,22,206,20.27972027972028,6.643356643356643,13.636363636363635,79.72027972027972,7.6923076923076925,72.02797202797203
E00151472,229,48,21,27,181,22,159,20.96069868995633,9.170305676855897,11.790393013100436,79.03930131004367,9.606986899563319,69.43231441048034
E00151473,292,67,28,39,225,23,202,22.945205479452056,9.58904109589041,13.356164383561644,77.05479452054794,7.876712328767123,69.17808219178082
E00151474,347,71,28,43,276,27,249,20.461095100864554,8.069164265129682,12.39193083573487,79.53890489913545,7.780979827089338,71.75792507204612
E00151475,301,78,32,46,223,20,203,25.91362126245847,10.631229235880399,15.282392026578073,74.08637873754152,6.64451827242525,67.44186046511628
E00151476,298,71,38,33,227,27,200,23.825503355704697,12.751677852348994,11.073825503355705,76.1744966442953,9.060402684563758,67.11409395973155
E00151477,361,70,23,47,291,30,261,19.390581717451525,6.3711911357340725,13.019390581717452,80.60941828254848,8.310249307479225,72.29916897506925
E00151478,376,54,24,30,322,35,287,14.361702127659576,6.382978723404255,7.9787234042553195,85.63829787234043,9.308510638297872,76.32978723404256
E00151479,234,79,36,43,155,16,139,33.76068376068376,15.384615384615385,18.37606837606838,66.23931623931624,6.837606837606838,59.401709401709404
E00151480,329,71,29,42,258,22,236,21.580547112462007,8.814589665653495,12.76595744680851,78.419452887538,6.68693009118541,71.73252279635258
E00151481,301,79,38,41,222,35,187,26.245847176079735,12.624584717607974,13.621262458471762,73.75415282392026,11.627906976744185,62.12624584717608
E00151482,318,74,35,39,244,13,231,23.270440251572328,11.0062893081761,12.264150943396226,76.72955974842768,4.088050314465408,72.64150943396226
E00151483,309,57,31,26,252,17,235,18.446601941747574,10.032362459546926,8.414239482200648,81.55339805825243,5.501618122977346,76.05177993527508
E00151484,315,47,21,26,268,24,244,14.920634920634921,6.666666666666667,8.253968253968253,85.07936507936508,7.6190476190476195,77.46031746031747
E00151485,301,64,19,45,237,23,214,21.262458471760798,6.312292358803987,14.950166112956811,78.7375415282392,7.641196013289036,71.09634551495017
E00151487,309,52,27,25,257,24,233,16.828478964401295,8.737864077669903,8.090614886731391,83.1715210355987,7.766990291262135,75.40453074433657
E00151488,305,44,18,26,261,27,234,14.426229508196723,5.901639344262295,8.524590163934425,85.57377049180329,8.852459016393443,76.72131147540983
E00151489,306,55,18,37,251,29,222,17.973856209150327,5.88235294117647,12.091503267973856,82.02614379084967,9.477124183006536,72.54901960784314
E00151490,292,46,18,28,246,17,229,15.753424657534246,6.164383561643835,9.58904109589041,84.24657534246576,5.821917808219178,78.42465753424658
E00151491,391,52,19,33,339,43,296,13.299232736572892,4.859335038363171,8.439897698209718,86.70076726342711,10.997442455242968,75.70332480818415
E00151492,319,56,19,37,263,30,233,17.55485893416928,5.956112852664576,11.598746081504702,82.44514106583071,9.404388714733543,73.04075235109718
E00151493,290,44,15,29,246,25,221,15.172413793103448,5.172413793103448,10,84.82758620689656,8.620689655172415,76.20689655172413
E00151494,264,52,18,34,212,14,198,19.696969696969695,6.8181818181818175,12.878787878787879,80.3030303030303,5.303030303030303,75
E00151496,595,65,20,45,530,37,493,10.92436974789916,3.361344537815126,7.563025210084033,89.07563025210085,6.218487394957983,82.85714285714286
E00151497,185,37,23,14,148,12,136,20,12.432432432432433,7.567567567567568,80,6.486486486486487,73.51351351351352
E00151498,288,47,17,30,241,22,219,16.319444444444446,5.902777777777778,10.416666666666668,83.68055555555556,7.638888888888889,76.04166666666666
E00151499,190,45,25,20,145,17,128,23.684210526315788,13.157894736842104,10.526315789473683,76.31578947368422,8.947368421052632,67.36842105263158
E00151500,288,63,29,34,225,17,208,21.875,10.069444444444445,11.805555555555555,78.125,5.902777777777778,72.22222222222221
E00151501,329,40,12,28,289,22,267,12.158054711246201,3.64741641337386,8.51063829787234,87.84194528875379,6.68693009118541,81.15501519756839
E00151502,393,74,22,52,319,35,284,18.829516539440203,5.597964376590331,13.231552162849871,81.1704834605598,8.9058524173028,72.264631043257
E00151503,356,51,16,35,305,29,276,14.325842696629213,4.49438202247191,9.831460674157304,85.67415730337079,8.146067415730338,77.52808988764045
E00151504,365,52,19,33,313,30,283,14.246575342465754,5.205479452054795,9.04109589041096,85.75342465753425,8.21917808219178,77.53424657534246
E00151505,307,97,53,44,210,23,187,31.596091205211724,17.263843648208468,14.332247557003258,68.40390879478826,7.491856677524431,60.91205211726385
E00151506,256,46,22,24,210,17,193,17.96875,8.59375,9.375,82.03125,6.640625,75.390625
E00151509,367,58,27,31,309,33,276,15.803814713896458,7.3569482288828345,8.446866485013624,84.19618528610354,8.991825613079019,75.20435967302453
E00151510,270,73,38,35,197,19,178,27.037037037037038,14.074074074074074,12.962962962962962,72.96296296296296,7.037037037037037,65.92592592592592
E00151511,306,60,22,38,246,28,218,19.607843137254903,7.18954248366013,12.418300653594772,80.3921568627451,9.15032679738562,71.24183006535948
E00151512,381,99,49,50,282,28,254,25.984251968503933,12.860892388451445,13.123359580052494,74.01574803149606,7.349081364829396,66.66666666666666
E00151513,358,78,34,44,280,16,264,21.787709497206702,9.497206703910614,12.290502793296088,78.2122905027933,4.4692737430167595,73.74301675977654
E00151514,319,90,41,49,229,22,207,28.213166144200624,12.852664576802509,15.360501567398119,71.78683385579937,6.896551724137931,64.89028213166145
E00151515,282,65,24,41,217,20,197,23.04964539007092,8.51063829787234,14.539007092198581,76.95035460992908,7.092198581560284,69.8581560283688
E00151516,292,66,36,30,226,19,207,22.602739726027394,12.32876712328767,10.273972602739725,77.3972602739726,6.506849315068493,70.8904109589041
E00151517,277,83,44,39,194,14,180,29.96389891696751,15.884476534296029,14.079422382671481,70.03610108303249,5.054151624548736,64.98194945848375
E00151518,332,42,12,30,290,34,256,12.650602409638553,3.614457831325301,9.036144578313253,87.34939759036145,10.240963855421686,77.10843373493977
E00151519,524,89,35,54,435,37,398,16.984732824427482,6.679389312977099,10.305343511450381,83.01526717557252,7.061068702290077,75.95419847328245
E00151520,325,63,35,28,262,25,237,19.384615384615383,10.76923076923077,8.615384615384615,80.61538461538461,7.6923076923076925,72.92307692307692
E00151522,348,56,21,35,292,32,260,16.091954022988507,6.0344827586206895,10.057471264367816,83.9080459770115,9.195402298850574,74.71264367816092
E00151523,304,62,19,43,242,30,212,20.394736842105264,6.25,14.144736842105262,79.60526315789474,9.868421052631579,69.73684210526315
E00151524,227,29,9,20,198,21,177,12.77533039647577,3.9647577092511015,8.81057268722467,87.22466960352423,9.251101321585903,77.97356828193833
E00151525,259,46,16,30,213,19,194,17.760617760617762,6.177606177606178,11.583011583011583,82.23938223938224,7.335907335907336,74.9034749034749
E00151526,286,49,8,41,237,23,214,17.132867132867133,2.797202797202797,14.335664335664337,82.86713286713287,8.041958041958042,74.82517482517483
E00151527,255,43,17,26,212,17,195,16.862745098039216,6.666666666666667,10.196078431372548,83.13725490196079,6.666666666666667,76.47058823529412
E00151528,262,36,11,25,226,30,196,13.740458015267176,4.198473282442748,9.541984732824428,86.25954198473282,11.450381679389313,74.80916030534351
E00151529,309,56,23,33,253,29,224,18.12297734627832,7.443365695792881,10.679611650485436,81.87702265372168,9.385113268608414,72.49190938511327
E00151530,307,48,18,30,259,30,229,15.63517915309446,5.863192182410423,9.77198697068404,84.36482084690554,9.77198697068404,74.5928338762215
E00151531,348,29,6,23,319,27,292,8.333333333333332,1.7241379310344827,6.609195402298851,91.66666666666666,7.758620689655173,83.9080459770115
E00151532,281,33,9,24,248,21,227,11.743772241992882,3.202846975088968,8.540925266903916,88.25622775800713,7.473309608540925,80.78291814946618
E00151533,304,29,7,22,275,35,240,9.539473684210527,2.302631578947368,7.236842105263158,90.46052631578947,11.513157894736842,78.94736842105263
E00151534,280,43,13,30,237,20,217,15.357142857142858,4.642857142857143,10.714285714285714,84.64285714285714,7.142857142857142,77.5
E00151535,365,90,47,43,275,26,249,24.65753424657534,12.876712328767123,11.78082191780822,75.34246575342466,7.123287671232877,68.21917808219177
E00151536,351,40,15,25,311,27,284,11.396011396011396,4.273504273504273,7.122507122507122,88.6039886039886,7.6923076923076925,80.91168091168092
E00151537,296,31,7,24,265,23,242,10.472972972972974,2.364864864864865,8.108108108108109,89.52702702702703,7.77027027027027,81.75675675675676
E00151538,320,41,12,29,279,37,242,12.812499999999998,3.75,9.0625,87.1875,11.5625,75.625
E00151539,331,68,32,36,263,25,238,20.54380664652568,9.667673716012084,10.876132930513595,79.45619335347432,7.552870090634441,71.90332326283988
E00151540,264,31,11,20,233,24,209,11.742424242424242,4.166666666666666,7.575757575757576,88.25757575757575,9.090909090909092,79.16666666666666
E00151541,266,32,5,27,234,33,201,12.030075187969924,1.8796992481203008,10.150375939849624,87.96992481203007,12.406015037593985,75.56390977443608
E00151542,319,65,26,39,254,28,226,20.37617554858934,8.150470219435736,12.225705329153605,79.62382445141067,8.77742946708464,70.84639498432603
E00151543,252,55,26,29,197,16,181,21.825396825396826,10.317460317460316,11.507936507936508,78.17460317460318,6.349206349206349,71.82539682539682
E00151544,272,38,12,26,234,32,202,13.970588235294118,4.411764705882353,9.558823529411764,86.02941176470588,11.76470588235294,74.26470588235294
E00151545,363,58,14,44,305,32,273,15.977961432506888,3.8567493112947657,12.121212121212121,84.02203856749311,8.81542699724518,75.20661157024794
E00151546,411,130,68,62,281,28,253,31.630170316301705,16.54501216545012,15.085158150851582,68.3698296836983,6.81265206812652,61.55717761557178
E00151548,157,12,3,9,145,5,140,7.643312101910828,1.910828025477707,5.7324840764331215,92.35668789808918,3.1847133757961785,89.171974522293
E00151549,122,15,2,13,107,13,94,12.295081967213115,1.639344262295082,10.655737704918032,87.70491803278688,10.655737704918032,77.04918032786885
E00151550,373,58,20,38,315,28,287,15.549597855227882,5.361930294906166,10.187667560321715,84.45040214477211,7.506702412868632,76.94369973190348
E00151551,198,51,20,31,147,18,129,25.757575757575758,10.1010101010101,15.656565656565657,74.24242424242425,9.090909090909092,65.15151515151516
E00151552,224,56,20,36,168,16,152,25,8.928571428571429,16.071428571428573,75,7.142857142857142,67.85714285714286
E00151553,199,55,24,31,144,26,118,27.63819095477387,12.060301507537687,15.577889447236181,72.36180904522614,13.06532663316583,59.2964824120603
E00151554,331,82,26,56,249,25,224,24.773413897280967,7.854984894259818,16.91842900302115,75.22658610271903,7.552870090634441,67.6737160120846
E00151555,357,64,25,39,293,33,260,17.92717086834734,7.002801120448179,10.92436974789916,82.07282913165265,9.243697478991598,72.82913165266106
E00151556,519,72,34,38,447,42,405,13.872832369942195,6.551059730250482,7.321772639691715,86.1271676300578,8.092485549132949,78.03468208092485
E00151557,206,35,7,28,171,16,155,16.990291262135923,3.3980582524271843,13.592233009708737,83.00970873786407,7.766990291262135,75.24271844660194
E00151558,275,74,40,34,201,22,179,26.90909090909091,14.545454545454545,12.363636363636363,73.0909090909091,8,65.0909090909091
E00151559,275,38,16,22,237,19,218,13.818181818181818,5.818181818181818,8,86.18181818181819,6.909090909090909,79.27272727272727
E00151560,263,58,23,35,205,25,180,22.0532319391635,8.745247148288973,13.307984790874524,77.9467680608365,9.505703422053232,68.44106463878326
E00151561,332,45,10,35,287,43,244,13.55421686746988,3.0120481927710845,10.542168674698797,86.44578313253012,12.951807228915662,73.49397590361446
E00151562,333,70,28,42,263,24,239,21.02102102102102,8.408408408408409,12.612612612612612,78.97897897897897,7.207207207207207,71.77177177177178
E00151563,248,52,29,23,196,15,181,20.967741935483872,11.693548387096774,9.274193548387096,79.03225806451613,6.048387096774194,72.98387096774194
E00151564,460,51,13,38,409,34,375,11.08695652173913,2.8260869565217392,8.26086956521739,88.91304347826086,7.391304347826087,81.52173913043478
E00151566,300,52,23,29,248,29,219,17.333333333333336,7.666666666666666,9.666666666666666,82.66666666666667,9.666666666666666,73
E00151567,247,53,25,28,194,13,181,21.45748987854251,10.121457489878543,11.336032388663968,78.54251012145748,5.263157894736842,73.27935222672065
E00151568,352,117,68,49,235,34,201,33.23863636363637,19.318181818181817,13.920454545454545,66.76136363636364,9.659090909090908,57.10227272727273
E00151569,266,47,16,31,219,25,194,17.669172932330827,6.015037593984962,11.654135338345863,82.33082706766918,9.398496240601503,72.93233082706767
E00151570,336,94,54,40,242,29,213,27.976190476190478,16.071428571428573,11.904761904761903,72.02380952380952,8.630952380952381,63.39285714285714
E00151571,210,75,25,50,135,16,119,35.714285714285715,11.904761904761903,23.809523809523807,64.28571428571429,7.6190476190476195,56.666666666666664
E00151573,253,70,34,36,183,18,165,27.66798418972332,13.438735177865613,14.229249011857709,72.33201581027669,7.114624505928854,65.21739130434783
E00151574,269,41,16,25,228,28,200,15.241635687732341,5.947955390334572,9.293680297397769,84.75836431226766,10.408921933085502,74.34944237918215
E00151575,277,40,12,28,237,18,219,14.440433212996389,4.332129963898916,10.108303249097473,85.5595667870036,6.4981949458483745,79.06137184115524
E00151576,291,44,10,34,247,25,222,15.120274914089347,3.436426116838488,11.683848797250858,84.87972508591065,8.59106529209622,76.28865979381443
E00151578,250,30,7,23,220,26,194,12,2.8000000000000003,9.2,88,10.4,77.60000000000001
E00151579,249,46,16,30,203,20,183,18.473895582329316,6.425702811244979,12.048192771084338,81.52610441767068,8.032128514056225,73.49397590361446
E00151580,205,37,8,29,168,16,152,18.048780487804876,3.902439024390244,14.146341463414632,81.95121951219512,7.804878048780488,74.14634146341463
E00151581,259,41,11,30,218,25,193,15.83011583011583,4.247104247104247,11.583011583011583,84.16988416988417,9.652509652509652,74.5173745173745
E00151582,422,95,47,48,327,34,293,22.511848341232227,11.137440758293838,11.374407582938389,77.48815165876776,8.056872037914692,69.43127962085308
E00151584,287,76,30,46,211,20,191,26.480836236933797,10.452961672473867,16.02787456445993,73.5191637630662,6.968641114982578,66.55052264808361
E00151585,298,59,25,34,239,24,215,19.798657718120804,8.389261744966444,11.409395973154362,80.20134228187919,8.053691275167784,72.14765100671141
E00151586,251,46,21,25,205,24,181,18.326693227091635,8.366533864541832,9.9601593625498,81.67330677290838,9.56175298804781,72.11155378486056
E00151587,431,71,20,51,360,48,312,16.473317865429234,4.640371229698376,11.832946635730858,83.52668213457076,11.1368909512761,72.38979118329466
E00151588,517,90,31,59,427,42,385,17.408123791102515,5.996131528046422,11.411992263056092,82.59187620889749,8.123791102514506,74.46808510638297
E00151589,268,73,30,43,195,22,173,27.238805970149254,11.194029850746269,16.044776119402986,72.76119402985076,8.208955223880597,64.55223880597015
E00151591,355,66,33,33,289,28,261,18.591549295774648,9.295774647887324,9.295774647887324,81.40845070422536,7.887323943661972,73.52112676056338
E00151592,350,56,25,31,294,21,273,16,7.142857142857142,8.857142857142856,84,6,78
E00151593,539,99,37,62,440,50,390,18.367346938775512,6.8645640074211505,11.50278293135436,81.63265306122449,9.276437847866418,72.35621521335807
E00151594,252,42,13,29,210,30,180,16.666666666666664,5.158730158730158,11.507936507936508,83.33333333333334,11.904761904761903,71.42857142857143
E00151595,232,66,21,45,166,17,149,28.448275862068968,9.051724137931034,19.396551724137932,71.55172413793103,7.327586206896551,64.22413793103449
E00151596,289,72,20,52,217,19,198,24.91349480968858,6.920415224913495,17.99307958477509,75.08650519031141,6.5743944636678195,68.5121107266436
E00151597,254,74,37,37,180,13,167,29.133858267716533,14.566929133858267,14.566929133858267,70.86614173228347,5.118110236220472,65.74803149606299
E00151598,367,60,24,36,307,29,278,16.348773841961854,6.539509536784741,9.809264305177113,83.65122615803816,7.901907356948229,75.74931880108991
E00151599,234,34,16,18,200,23,177,14.529914529914532,6.837606837606838,7.6923076923076925,85.47008547008546,9.82905982905983,75.64102564102564
E00151600,269,64,21,43,205,19,186,23.79182156133829,7.806691449814126,15.985130111524162,76.2081784386617,7.063197026022305,69.14498141263941
E00151601,338,57,27,30,281,23,258,16.86390532544379,7.988165680473373,8.875739644970414,83.13609467455622,6.8047337278106506,76.33136094674556
E00151602,250,42,15,27,208,17,191,16.8,6,10.8,83.2,6.800000000000001,76.4
E00151603,258,47,16,31,211,18,193,18.217054263565892,6.2015503875969,12.015503875968992,81.78294573643412,6.976744186046512,74.8062015503876
E00151605,249,50,18,32,199,24,175,20.080321285140563,7.228915662650602,12.851405622489958,79.91967871485943,9.63855421686747,70.28112449799197
E00151606,334,80,27,53,254,26,228,23.952095808383234,8.08383233532934,15.868263473053892,76.04790419161677,7.784431137724551,68.26347305389223
E00151607,236,56,22,34,180,25,155,23.728813559322035,9.322033898305085,14.40677966101695,76.27118644067797,10.59322033898305,65.67796610169492
E00151608,266,55,19,36,211,30,181,20.676691729323306,7.142857142857142,13.533834586466165,79.32330827067669,11.278195488721805,68.04511278195488
E00151609,248,42,16,26,206,20,186,16.93548387096774,6.451612903225806,10.483870967741936,83.06451612903226,8.064516129032258,75
E00151610,300,56,17,39,244,38,206,18.666666666666668,5.666666666666666,13,81.33333333333333,12.666666666666668,68.66666666666667
E00151611,296,46,10,36,250,31,219,15.54054054054054,3.3783783783783785,12.162162162162163,84.45945945945947,10.472972972972974,73.98648648648648
E00151612,343,64,21,43,279,28,251,18.658892128279884,6.122448979591836,12.536443148688047,81.34110787172013,8.16326530612245,73.17784256559767
E00151613,275,35,13,22,240,31,209,12.727272727272727,4.7272727272727275,8,87.27272727272727,11.272727272727273,76
E00151615,269,58,27,31,211,36,175,21.561338289962826,10.037174721189592,11.524163568773234,78.43866171003717,13.382899628252787,65.05576208178438
E00151616,244,56,22,34,188,10,178,22.950819672131146,9.01639344262295,13.934426229508196,77.04918032786885,4.098360655737705,72.95081967213115
E00151617,238,47,15,32,191,20,171,19.747899159663866,6.302521008403361,13.445378151260504,80.25210084033614,8.403361344537815,71.84873949579831
E00151618,245,66,37,29,179,28,151,26.93877551020408,15.10204081632653,11.83673469387755,73.06122448979592,11.428571428571429,61.63265306122449
E00151619,397,82,32,50,315,31,284,20.65491183879093,8.060453400503778,12.594458438287154,79.34508816120906,7.8085642317380355,71.53652392947103
E00151621,361,59,14,45,302,16,286,16.343490304709142,3.8781163434903045,12.465373961218837,83.65650969529086,4.43213296398892,79.22437673130193
E00151622,322,71,26,45,251,32,219,22.049689440993788,8.074534161490684,13.975155279503104,77.95031055900621,9.937888198757763,68.01242236024845
E00151623,282,54,18,36,228,27,201,19.148936170212767,6.382978723404255,12.76595744680851,80.85106382978722,9.574468085106384,71.27659574468085
E00151624,281,42,15,27,239,27,212,14.94661921708185,5.338078291814947,9.608540925266903,85.05338078291815,9.608540925266903,75.44483985765125
E00151625,340,50,24,26,290,42,248,14.705882352941178,7.0588235294117645,7.647058823529412,85.29411764705883,12.352941176470589,72.94117647058823
E00151626,319,46,15,31,273,17,256,14.420062695924765,4.702194357366771,9.717868338557993,85.57993730407524,5.329153605015674,80.25078369905955
E00151627,302,52,18,34,250,21,229,17.218543046357617,5.960264900662252,11.258278145695364,82.78145695364239,6.95364238410596,75.82781456953643
E00151628,273,57,19,38,216,25,191,20.87912087912088,6.95970695970696,13.91941391941392,79.12087912087912,9.157509157509157,69.96336996336996
E00151629,261,36,13,23,225,22,203,13.793103448275861,4.980842911877394,8.812260536398467,86.20689655172413,8.42911877394636,77.77777777777779
E00151630,352,36,6,30,316,40,276,10.227272727272728,1.7045454545454544,8.522727272727272,89.77272727272727,11.363636363636363,78.4090909090909
E00151631,346,56,23,33,290,29,261,16.184971098265898,6.6473988439306355,9.53757225433526,83.8150289017341,8.38150289017341,75.43352601156069
E00151632,283,52,19,33,231,22,209,18.374558303886925,6.713780918727916,11.66077738515901,81.62544169611307,7.773851590106007,73.85159010600707
E00151633,348,44,18,26,304,45,259,12.643678160919542,5.172413793103448,7.471264367816093,87.356321839080465,12.931034482758621,74.42528735632183
E00151634,326,34,11,23,292,33,259,10.429447852760736,3.374233128834356,7.05521472392638,89.57055214723927,10.122699386503067,79.4478527607362
E00151635,316,47,10,37,269,28,241,14.873417721518987,3.1645569620253164,11.708860759493671,85.12658227848101,8.860759493670885,76.26582278481013
E00151636,331,43,13,30,288,20,268,12.990936555891238,3.927492447129909,9.06344410876133,87.00906344410876,6.042296072507553,80.96676737160121
E00151637,532,62,20,42,470,35,435,11.654135338345863,3.7593984962406015,7.894736842105263,88.34586466165413,6.578947368421052,81.76691729323309
E00151638,137,30,12,18,107,7,100,21.897810218978105,8.75912408759124,13.138686131386862,78.1021897810219,5.109489051094891,72.99270072992701
E00151639,269,37,15,22,232,21,211,13.754646840148698,5.5762081784386615,8.178438661710038,86.2453531598513,7.806691449814126,78.43866171003717
E00151640,282,35,10,25,247,31,216,12.411347517730496,3.546099290780142,8.865248226950355,87.58865248226951,10.99290780141844,76.59574468085107
E00151641,279,59,20,39,220,23,197,21.14695340501792,7.168458781362006,13.978494623655912,78.85304659498208,8.24372759856631,70.60931899641577
E00166309,293,30,10,20,263,23,240,10.238907849829351,3.4129692832764507,6.825938566552901,89.76109215017065,7.849829351535837,81.91126279863481
E00166310,275,37,6,31,238,15,223,13.454545454545455,2.181818181818182,11.272727272727273,86.54545454545455,5.454545454545454,81.0909090909091
E00166311,284,15,6,9,269,33,236,5.28169014084507,2.112676056338028,3.169014084507042,94.71830985915493,11.619718309859154,83.09859154929578
E00166312,176,35,18,17,141,12,129,19.886363636363637,10.227272727272728,9.659090909090908,80.11363636363636,6.8181818181818175,73.29545454545455
E00166313,275,29,5,24,246,29,217,10.545454545454545,1.8181818181818181,8.727272727272728,89.45454545454545,10.545454545454545,78.9090909090909
E00166314,238,41,11,30,197,10,187,17.22689075630252,4.621848739495799,12.605042016806722,82.77310924369748,4.201680672268908,78.57142857142857
E00166315,297,62,22,40,235,25,210,20.875420875420875,7.4074074074074066,13.468013468013467,79.12457912457911,8.417508417508419,70.70707070707071
E00166316,303,38,17,21,265,22,243,12.541254125412541,5.6105610561056105,6.9306930693069315,87.45874587458746,7.2607260726072615,80.19801980198021
E00166317,280,19,9,10,261,22,239,6.785714285714286,3.214285714285714,3.571428571428571,93.21428571428572,7.857142857142857,85.35714285714285
E00166318,288,35,16,19,253,22,231,12.152777777777777,5.555555555555555,6.597222222222222,87.84722222222221,7.638888888888889,80.20833333333334
E00166319,135,20,9,11,115,14,101,14.814814814814813,6.666666666666667,8.148148148148149,85.18518518518519,10.37037037037037,74.81481481481481
E00166320,245,39,19,20,206,30,176,15.918367346938775,7.755102040816326,8.16326530612245,84.08163265306122,12.244897959183673,71.83673469387755
E00166322,339,38,16,22,301,37,264,11.209439528023598,4.71976401179941,6.489675516224189,88.79056047197639,10.914454277286136,77.87610619469027
E00166324,252,65,34,31,187,20,167,25.793650793650798,13.492063492063492,12.3015873015873,74.20634920634922,7.936507936507936,66.26984126984127
E00166325,377,48,14,34,329,25,304,12.73209549071618,3.7135278514588856,9.018567639257293,87.26790450928382,6.631299734748011,80.63660477453581
E00166326,294,45,19,26,249,17,232,15.306122448979592,6.462585034013606,8.843537414965986,84.6938775510204,5.782312925170068,78.91156462585033
E00166327,574,91,39,52,483,33,450,15.853658536585366,6.794425087108014,9.059233449477352,84.14634146341463,5.7491289198606275,78.397212543554
E00166328,191,36,16,20,155,16,139,18.848167539267017,8.37696335078534,10.471204188481675,81.15183246073299,8.37696335078534,72.77486910994764
E00166329,126,29,14,15,97,13,84,23.015873015873016,11.11111111111111,11.904761904761903,76.98412698412699,10.317460317460316,66.66666666666666
E00166330,339,117,75,42,222,15,207,34.51327433628318,22.123893805309734,12.389380530973451,65.48672566371681,4.424778761061947,61.06194690265486
E00166331,129,19,4,15,110,19,91,14.728682170542637,3.10077519379845,11.627906976744185,85.27131782945736,14.728682170542637,70.54263565891473
E00166333,194,34,16,18,160,15,145,17.525773195876287,8.24742268041237,9.278350515463918,82.4742268041237,7.731958762886598,74.74226804123711
E00168496,186,39,12,27,147,13,134,20.967741935483872,6.451612903225806,14.516129032258066,79.03225806451613,6.989247311827956,72.04301075268818
E00168497,165,26,6,20,139,11,128,15.757575757575756,3.6363636363636362,12.121212121212121,84.24242424242424,6.666666666666667,77.57575757575758
E00168500,282,45,17,28,237,26,211,15.957446808510639,6.028368794326241,9.929078014184398,84.04255319148936,9.219858156028367,74.822695035461
E00168502,306,44,10,34,262,32,230,14.37908496732026,3.2679738562091507,11.11111111111111,85.62091503267973,10.457516339869281,75.16339869281046
E00168503,374,14,2,12,360,12,348,3.7433155080213902,0.53475935828877,3.2085561497326207,96.2566844919786,3.2085561497326207,93.04812834224599
E00179352,311,76,34,42,235,21,214,24.437299035369776,10.932475884244374,13.504823151125404,75.56270096463022,6.752411575562702,68.81028938906752
E00179353,369,90,32,58,279,24,255,24.390243902439025,8.672086720867208,15.718157181571815,75.60975609756098,6.504065040650407,69.10569105691057
E00179354,788,290,86,204,498,86,412,36.80203045685279,10.913705583756345,25.888324873096447,63.1979695431472,10.913705583756345,52.28426395939086
E00179363,403,45,18,27,358,35,323,11.166253101736972,4.466501240694789,6.699751861042183,88.83374689826302,8.6848635235732,80.14888337468983
E00179366,544,51,14,37,493,24,469,9.375,2.5735294117647056,6.8014705882352935,90.625,4.411764705882353,86.21323529411765
E00179367,129,14,3,11,115,7,108,10.852713178294573,2.3255813953488373,8.527131782945736,89.14728682170544,5.426356589147287,83.72093023255815
E00179369,166,17,2,15,149,7,142,10.240963855421686,1.2048192771084338,9.036144578313253,89.7590361445783,4.216867469879518,85.54216867469879
E00179371,507,45,23,22,462,36,426,8.875739644970414,4.536489151873767,4.339250493096647,91.12426035502959,7.100591715976331,84.02366863905326
E00179372,219,20,1,19,199,14,185,9.1324200913242,0.45662100456621,8.67579908675799,90.8675799086758,6.392694063926941,84.47488584474885
E00179373,459,51,19,32,408,36,372,11.11111111111111,4.139433551198257,6.971677559912854,88.88888888888889,7.8431372549019605,81.04575163398692
E00179379,158,28,8,20,130,14,116,17.72151898734177,5.063291139240507,12.658227848101266,82.27848101265823,8.860759493670885,73.41772151898735
E00179381,514,134,85,49,380,37,343,26.07003891050584,16.536964980544745,9.53307392996109,73.92996108949417,7.198443579766536,66.73151750972762
E00179385,241,48,22,26,193,22,171,19.91701244813278,9.12863070539419,10.78838174273859,80.08298755186722,9.12863070539419,70.95435684647303
E00179386,627,66,21,45,561,37,524,10.526315789473683,3.349282296650718,7.177033492822966,89.47368421052632,5.901116427432217,83.5725677830941
E00179388,171,8,4,4,163,18,145,4.678362573099415,2.3391812865497075,2.3391812865497075,95.32163742690058,10.526315789473683,84.7953216374269
E00179389,293,44,19,25,249,29,220,15.017064846416384,6.484641638225256,8.532423208191126,84.98293515358361,9.897610921501707,75.0853242320819
E00179391,343,88,28,60,255,25,230,25.65597667638484,8.16326530612245,17.49271137026239,74.34402332361516,7.288629737609329,67.05539358600583
E00179392,295,53,23,30,242,27,215,17.966101694915253,7.796610169491526,10.16949152542373,82.03389830508473,9.152542372881356,72.88135593220339
E00179394,182,67,27,40,115,21,94,36.81318681318682,14.835164835164836,21.978021978021978,63.18681318681318,11.538461538461538,51.64835164835166
E00179398,506,38,9,29,468,40,428,7.5098814229249005,1.7786561264822136,5.7312252964426875,92.4901185770751,7.905138339920949,84.58498023715416
E00179399,490,50,20,30,440,34,406,10.204081632653061,4.081632653061225,6.122448979591836,89.79591836734694,6.938775510204081,82.85714285714286
E00179400,245,58,21,37,187,21,166,23.6734693877551,8.571428571428571,15.10204081632653,76.32653061224491,8.571428571428571,67.75510204081633
E00179401,130,58,23,35,72,5,67,44.61538461538462,17.692307692307693,26.923076923076923,55.38461538461539,3.8461538461538463,51.53846153846153
E00179402,462,43,14,29,419,39,380,9.307359307359308,3.0303030303030303,6.2770562770562766,90.6926406926407,8.441558441558442,82.25108225108225
E00179403,174,31,7,24,143,10,133,17.81609195402299,4.022988505747127,13.793103448275861,82.18390804597702,5.747126436781609,76.4367816091954
E00179404,412,69,26,43,343,33,310,16.74757281553398,6.310679611650485,10.436893203883495,83.25242718446601,8.009708737864079,75.24271844660194
E00179405,300,46,18,28,254,20,234,15.333333333333332,6,9.333333333333334,84.66666666666667,6.666666666666667,78
E00179409,468,58,19,39,410,44,366,12.393162393162394,4.05982905982906,8.333333333333332,87.6068376068376,9.401709401709402,78.2051282051282
E00179411,146,21,6,15,125,10,115,14.383561643835616,4.10958904109589,10.273972602739725,85.61643835616438,6.8493150684931505,78.76712328767124
E00179412,156,31,13,18,125,17,108,19.871794871794872,8.333333333333332,11.538461538461538,80.12820512820514,10.897435897435898,69.23076923076923
E00179414,138,27,12,15,111,12,99,19.565217391304348,8.695652173913043,10.869565217391305,80.43478260869566,8.695652173913043,71.73913043478261
E00179416,246,47,14,33,199,22,177,19.10569105691057,5.691056910569105,13.414634146341465,80.89430894308943,8.94308943089431,71.95121951219512
E00179417,502,37,13,24,465,37,428,7.370517928286853,2.589641434262948,4.780876494023905,92.62948207171314,7.370517928286853,85.2589641434263
E00179419,302,22,3,19,280,25,255,7.28476821192053,0.9933774834437087,6.291390728476822,92.71523178807946,8.27814569536424,84.43708609271523
E00179421,177,19,0,19,158,13,145,10.734463276836157,0,10.734463276836157,89.26553672316385,7.344632768361582,81.92090395480226
E00179422,328,63,22,41,265,26,239,19.20731707317073,6.707317073170732,12.5,80.79268292682927,7.926829268292683,72.86585365853658
E00179424,275,61,22,39,214,14,200,22.181818181818183,8,14.181818181818182,77.81818181818181,5.090909090909091,72.72727272727273
E00179428,588,93,32,61,495,50,445,15.816326530612246,5.442176870748299,10.374149659863946,84.18367346938776,8.503401360544217,75.68027210884354
E00179430,127,16,5,11,111,14,97,12.598425196850393,3.937007874015748,8.661417322834646,87.4015748031496,11.023622047244094,76.37795275590551
