OA,ts0590001,ts0590002,ts0590003,ts0590004,ts0590005,ts0590006,ts0590007,ts0590002_PCT,ts0590003_PCT,ts0590004_PCT,ts0590005_PCT,ts0590006_PCT,ts0590007_PCT
E00151236,173,53,20,33,120,102,18,30.63583815028902,11.560693641618498,19.07514450867052,69.36416184971098,58.95953757225434,10.404624277456648
E00151237,113,28,9,19,85,67,18,24.778761061946902,7.964601769911504,16.8141592920354,75.22123893805309,59.29203539823009,15.929203539823009
E00151238,110,38,17,21,72,50,22,34.54545454545455,15.454545454545453,19.090909090909093,65.45454545454545,45.45454545454545,20
E00151239,112,31,8,23,81,66,15,27.67857142857143,7.142857142857142,20.535714285714285,72.32142857142857,58.92857142857143,13.392857142857142
E00151240,103,28,8,20,75,68,7,27.184466019417474,7.766990291262135,19.41747572815534,72.81553398058253,66.01941747572816,6.796116504854369
E00151241,109,36,9,27,73,54,19,33.02752293577982,8.256880733944955,24.770642201834864,66.97247706422019,49.54128440366973,17.431192660550458
E00151242,133,41,13,28,92,74,18,30.82706766917293,9.774436090225564,21.052631578947366,69.17293233082707,55.639097744360896,13.533834586466165
E00151243,70,19,10,9,51,42,9,27.142857142857142,14.285714285714285,12.857142857142856,72.85714285714285,60,12.857142857142856
E00151244,119,39,9,30,80,72,8,32.773109243697476,7.563025210084033,25.210084033613445,67.22689075630252,60.50420168067227,6.722689075630252
E00151245,167,52,15,37,115,90,25,31.137724550898206,8.982035928143713,22.15568862275449,68.8622754491018,53.89221556886228,14.97005988023952
E00151246,155,58,26,32,97,68,29,37.41935483870968,16.7741935483871,20.64516129032258,62.58064516129033,43.87096774193549,18.70967741935484
E00151247,173,45,19,26,128,76,52,26.011560693641616,10.982658959537572,15.028901734104046,73.98843930635837,43.93063583815029,30.057803468208093
E00151248,107,35,8,27,72,56,16,32.71028037383177,7.476635514018691,25.233644859813083,67.28971962616822,52.336448598130836,14.953271028037381
E00151249,148,54,23,31,94,60,34,36.486486486486484,15.54054054054054,20.945945945945947,63.51351351351351,40.54054054054054,22.972972972972975
E00151250,120,33,12,21,87,74,13,27.500000000000004,10,17.5,72.5,61.66666666666667,10.833333333333334
E00151251,136,39,21,18,97,88,9,28.676470588235293,15.441176470588236,13.23529411764706,71.32352941176471,64.70588235294117,6.61764705882353
E00151252,143,42,16,26,101,86,15,29.37062937062937,11.188811188811188,18.181818181818183,70.62937062937063,60.13986013986013,10.48951048951049
E00151253,157,27,8,19,130,115,15,17.197452229299362,5.095541401273886,12.101910828025478,82.80254777070064,73.24840764331209,9.554140127388536
E00151254,280,75,22,53,205,166,39,26.785714285714285,7.857142857142857,18.928571428571427,73.21428571428571,59.285714285714285,13.928571428571429
E00151255,133,37,17,20,96,82,14,27.819548872180448,12.781954887218044,15.037593984962406,72.18045112781954,61.65413533834586,10.526315789473683
E00151256,75,24,7,17,51,47,4,32,9.333333333333334,22.666666666666664,68,62.66666666666667,5.333333333333334
E00151257,195,47,17,30,148,127,21,24.102564102564102,8.717948717948717,15.384615384615385,75.8974358974359,65.12820512820512,10.76923076923077
E00151258,127,46,13,33,81,74,7,36.22047244094488,10.236220472440944,25.984251968503933,63.77952755905512,58.26771653543307,5.511811023622047
E00151259,106,32,9,23,74,61,13,30.18867924528302,8.49056603773585,21.69811320754717,69.81132075471697,57.54716981132076,12.264150943396226
E00151260,138,37,13,24,101,81,20,26.811594202898554,9.420289855072465,17.391304347826086,73.18840579710145,58.69565217391305,14.492753623188406
E00151262,36,18,8,10,18,13,5,50,22.22222222222222,27.77777777777778,50,36.11111111111111,13.88888888888889
E00151263,68,19,6,13,49,28,21,27.941176470588236,8.823529411764707,19.11764705882353,72.05882352941177,41.17647058823529,30.88235294117647
E00151264,177,46,16,30,131,98,33,25.98870056497175,9.03954802259887,16.94915254237288,74.01129943502825,55.367231638418076,18.64406779661017
E00151265,230,65,30,35,165,135,30,28.26086956521739,13.043478260869565,15.217391304347828,71.73913043478261,58.69565217391305,13.043478260869565
E00151266,156,44,21,23,112,85,27,28.205128205128204,13.461538461538462,14.743589743589745,71.7948717948718,54.48717948717948,17.307692307692307
E00151267,125,34,12,22,91,76,15,27.200000000000003,9.6,17.599999999999998,72.8,60.8,12
E00151268,194,53,17,36,141,98,43,27.31958762886598,8.762886597938143,18.556701030927837,72.68041237113401,50.51546391752577,22.164948453608247
E00151270,141,63,20,43,78,62,16,44.680851063829785,14.184397163120568,30.49645390070922,55.319148936170215,43.97163120567376,11.347517730496454
E00151271,201,55,23,32,146,99,47,27.363184079601986,11.442786069651742,15.92039800995025,72.636815920398,49.25373134328358,23.383084577114428
E00151272,95,36,16,20,59,50,9,37.89473684210527,16.842105263157894,21.052631578947366,62.10526315789474,52.63157894736842,9.473684210526317
E00151273,207,55,19,36,152,96,56,26.570048309178745,9.178743961352657,17.391304347826086,73.42995169082126,46.3768115942029,27.053140096618357
E00151274,74,14,0,14,60,41,19,18.91891891891892,0,18.91891891891892,81.08108108108108,55.4054054054054,25.675675675675674
E00151275,84,37,11,26,47,39,8,44.047619047619044,13.095238095238097,30.952380952380953,55.952380952380956,46.42857142857143,9.523809523809524
E00151276,244,52,21,31,192,175,17,21.311475409836063,8.60655737704918,12.704918032786885,78.68852459016394,71.72131147540983,6.967213114754098
E00151277,103,21,7,14,82,73,9,20.388349514563107,6.796116504854369,13.592233009708737,79.6116504854369,70.87378640776699,8.737864077669903
E00151278,63,15,2,13,48,44,4,23.809523809523807,3.1746031746031744,20.634920634920633,76.19047619047619,69.84126984126983,6.349206349206349
E00151279,120,42,14,28,78,69,9,35,11.666666666666666,23.333333333333332,65,57.49999999999999,7.5
E00151280,125,28,10,18,97,84,13,22.400000000000002,8,14.399999999999999,77.60000000000001,67.2,10.4
E00151281,166,41,17,24,125,108,17,24.69879518072289,10.240963855421686,14.457831325301203,75.30120481927712,65.06024096385542,10.240963855421686
E00151282,170,39,17,22,131,118,13,22.941176470588236,10,12.941176470588237,77.05882352941177,69.41176470588235,7.647058823529412
E00151283,185,40,13,27,145,120,25,21.62162162162162,7.027027027027027,14.594594594594595,78.37837837837837,64.86486486486487,13.513513513513514
E00151284,177,54,15,39,123,98,25,30.508474576271187,8.47457627118644,22.033898305084744,69.49152542372882,55.367231638418076,14.124293785310735
E00151285,172,32,16,16,140,123,17,18.6046511627907,9.30232558139535,9.30232558139535,81.3953488372093,71.51162790697676,9.883720930232558
E00151286,158,40,21,19,118,100,18,25.31645569620253,13.291139240506327,12.025316455696203,74.68354430379746,63.29113924050633,11.39240506329114
E00151287,175,35,9,26,140,119,21,20,5.142857142857142,14.857142857142858,80,68,12
E00151288,121,31,12,19,90,77,13,25.6198347107438,9.917355371900827,15.702479338842975,74.3801652892562,63.63636363636363,10.743801652892563
E00151289,19,7,5,2,12,10,2,36.84210526315789,26.31578947368421,10.526315789473683,63.1578947368421,52.63157894736842,10.526315789473683
E00151290,230,60,15,45,170,153,17,26.08695652173913,6.521739130434782,19.565217391304348,73.91304347826086,66.52173913043478,7.391304347826087
E00151291,175,31,13,18,144,132,12,17.71428571428571,7.428571428571429,10.285714285714285,82.28571428571428,75.42857142857143,6.857142857142858
E00151293,91,34,11,23,57,50,7,37.362637362637365,12.087912087912088,25.274725274725274,62.637362637362635,54.94505494505495,7.6923076923076925
E00151294,150,43,13,30,107,92,15,28.666666666666668,8.666666666666668,20,71.33333333333334,61.33333333333333,10
E00151295,139,46,17,29,93,81,12,33.093525179856115,12.23021582733813,20.863309352517987,66.90647482014388,58.27338129496403,8.633093525179856
E00151296,229,51,12,39,178,158,20,22.270742358078603,5.240174672489083,17.03056768558952,77.72925764192141,68.99563318777294,8.73362445414847
E00151298,140,45,14,31,95,77,18,32.142857142857146,10,22.142857142857142,67.85714285714286,55.00000000000001,12.857142857142856
E00151299,160,29,6,23,131,114,17,18.125,3.75,14.374999999999998,81.875,71.25,10.625
E00151300,108,27,10,17,81,76,5,25,9.25925925925926,15.74074074074074,75,70.37037037037037,4.62962962962963
E00151301,223,44,17,27,179,148,31,19.730941704035875,7.623318385650224,12.10762331838565,80.26905829596413,66.3677130044843,13.901345291479823
E00151302,184,47,11,36,137,125,12,25.543478260869566,5.978260869565218,19.565217391304348,74.45652173913044,67.93478260869566,6.521739130434782
E00151303,189,47,20,27,142,120,22,24.867724867724867,10.582010582010582,14.285714285714285,75.13227513227513,63.49206349206349,11.64021164021164
E00151304,173,48,9,39,125,110,15,27.74566473988439,5.202312138728324,22.54335260115607,72.25433526011561,63.58381502890174,8.670520231213873
E00151305,128,36,14,22,92,67,25,28.125,10.9375,17.1875,71.875,52.34375,19.53125
E00151306,132,30,8,22,102,74,28,22.727272727272727,6.0606060606060606,16.666666666666664,77.27272727272727,56.060606060606055,21.21212121212121
E00151307,276,77,28,49,199,147,52,27.898550724637683,10.144927536231885,17.753623188405797,72.10144927536231,53.2608695652174,18.84057971014493
E00151308,228,64,21,43,164,129,35,28.07017543859649,9.210526315789473,18.859649122807017,71.9298245614035,56.57894736842105,15.350877192982457
E00151309,122,35,16,19,87,52,35,28.688524590163933,13.114754098360656,15.573770491803279,71.31147540983606,42.62295081967213,28.688524590163933
E00151310,177,56,19,37,121,95,26,31.63841807909605,10.734463276836157,20.903954802259886,68.36158192090396,53.672316384180796,14.689265536723164
E00151311,183,38,15,23,145,106,39,20.76502732240437,8.19672131147541,12.568306010928962,79.23497267759562,57.92349726775956,21.311475409836063
E00151312,119,42,16,26,77,63,14,35.294117647058826,13.445378151260504,21.84873949579832,64.70588235294117,52.94117647058824,11.76470588235294
E00151313,211,58,20,38,153,130,23,27.488151658767773,9.47867298578199,18.009478672985782,72.51184834123224,61.61137440758294,10.90047393364929
E00151314,133,34,11,23,99,80,19,25.563909774436087,8.270676691729323,17.293233082706767,74.43609022556392,60.150375939849624,14.285714285714285
E00151315,126,39,13,26,87,64,23,30.952380952380953,10.317460317460316,20.634920634920633,69.04761904761905,50.79365079365079,18.253968253968253
E00151316,307,70,31,39,237,177,60,22.80130293159609,10.097719869706841,12.703583061889251,77.19869706840392,57.65472312703584,19.54397394136808
E00151317,118,28,10,18,90,71,19,23.728813559322035,8.47457627118644,15.254237288135593,76.27118644067797,60.16949152542372,16.101694915254235
E00151318,145,41,13,28,104,81,23,28.27586206896552,8.96551724137931,19.310344827586206,71.72413793103448,55.86206896551724,15.862068965517242
E00151319,142,39,18,21,103,78,25,27.464788732394368,12.676056338028168,14.788732394366196,72.53521126760563,54.929577464788736,17.6056338028169
E00151320,136,41,19,22,95,64,31,30.14705882352941,13.970588235294118,16.176470588235293,69.85294117647058,47.05882352941176,22.794117647058822
E00151321,225,78,36,42,147,99,48,34.66666666666667,16,18.666666666666668,65.33333333333333,44,21.333333333333336
E00151322,113,39,21,18,74,52,22,34.51327433628318,18.58407079646018,15.929203539823009,65.48672566371681,46.017699115044245,19.469026548672566
E00151323,192,69,27,42,123,94,29,35.9375,14.0625,21.875,64.0625,48.95833333333333,15.104166666666666
E00151324,244,72,22,50,172,119,53,29.508196721311474,9.01639344262295,20.491803278688526,70.49180327868852,48.77049180327869,21.721311475409834
E00151326,183,47,9,38,136,123,13,25.683060109289617,4.918032786885246,20.76502732240437,74.31693989071039,67.21311475409836,7.103825136612022
E00151327,165,36,12,24,129,117,12,21.818181818181817,7.2727272727272725,14.545454545454545,78.18181818181819,70.9090909090909,7.2727272727272725
E00151328,85,26,7,19,59,54,5,30.58823529411765,8.235294117647058,22.35294117647059,69.41176470588235,63.52941176470588,5.88235294117647
E00151330,154,48,14,34,106,95,11,31.16883116883117,9.090909090909092,22.07792207792208,68.83116883116884,61.68831168831169,7.142857142857142
E00151331,137,26,5,21,111,96,15,18.97810218978102,3.64963503649635,15.328467153284672,81.02189781021897,70.07299270072993,10.948905109489052
E00151332,131,38,14,24,93,83,10,29.00763358778626,10.687022900763358,18.3206106870229,70.99236641221374,63.358778625954194,7.633587786259542
E00151333,175,40,16,24,135,123,12,22.857142857142858,9.142857142857142,13.714285714285715,77.14285714285715,70.28571428571428,6.857142857142858
E00151334,158,43,14,29,115,107,8,27.21518987341772,8.860759493670885,18.354430379746837,72.78481012658227,67.72151898734177,5.063291139240507
E00151335,190,46,17,29,144,123,21,24.210526315789473,8.947368421052632,15.263157894736842,75.78947368421053,64.73684210526316,11.052631578947368
E00151336,165,38,12,26,127,112,15,23.03030303030303,7.2727272727272725,15.757575757575756,76.96969696969697,67.87878787878789,9.090909090909092
E00151338,174,40,17,23,134,118,16,22.988505747126435,9.770114942528735,13.218390804597702,77.01149425287356,67.81609195402298,9.195402298850574
E00151339,139,42,18,24,97,86,11,30.215827338129497,12.949640287769784,17.26618705035971,69.7841726618705,61.87050359712231,7.913669064748201
E00151340,127,23,3,20,104,88,16,18.11023622047244,2.3622047244094486,15.748031496062993,81.88976377952756,69.29133858267717,12.598425196850393
E00151341,109,34,16,18,75,68,7,31.19266055045872,14.678899082568808,16.51376146788991,68.80733944954129,62.38532110091744,6.422018348623854
E00151342,141,34,15,19,107,86,21,24.113475177304963,10.638297872340425,13.47517730496454,75.88652482269504,60.99290780141844,14.893617021276595
E00151343,130,40,18,22,90,68,22,30.76923076923077,13.846153846153847,16.923076923076923,69.23076923076923,52.307692307692314,16.923076923076923
E00151344,146,45,23,22,101,82,19,30.82191780821918,15.753424657534246,15.068493150684931,69.17808219178082,56.16438356164384,13.013698630136986
E00151345,86,25,10,15,61,49,12,29.069767441860467,11.627906976744185,17.441860465116278,70.93023255813954,56.97674418604651,13.953488372093023
E00151346,119,31,14,17,88,80,8,26.05042016806723,11.76470588235294,14.285714285714285,73.94957983193278,67.22689075630252,6.722689075630252
E00151347,99,33,17,16,66,58,8,33.33333333333333,17.17171717171717,16.161616161616163,66.66666666666666,58.58585858585859,8.080808080808081
E00151349,196,63,25,38,133,111,22,32.142857142857146,12.755102040816327,19.387755102040817,67.85714285714286,56.63265306122449,11.224489795918368
E00151350,126,36,15,21,90,71,19,28.57142857142857,11.904761904761903,16.666666666666664,71.42857142857143,56.34920634920635,15.079365079365079
E00151351,109,26,9,17,83,68,15,23.853211009174313,8.256880733944955,15.59633027522936,76.14678899082568,62.38532110091744,13.761467889908257
E00151352,159,46,17,29,113,103,10,28.930817610062892,10.69182389937107,18.238993710691823,71.0691823899371,64.77987421383648,6.289308176100629
E00151353,140,44,14,30,96,77,19,31.428571428571427,10,21.428571428571427,68.57142857142857,55.00000000000001,13.571428571428571
E00151354,133,43,14,29,90,73,17,32.33082706766917,10.526315789473683,21.804511278195488,67.66917293233082,54.88721804511278,12.781954887218044
E00151355,122,36,9,27,86,72,14,29.508196721311474,7.377049180327869,22.131147540983605,70.49180327868852,59.01639344262295,11.475409836065573
E00151356,139,32,7,25,107,89,18,23.021582733812952,5.0359712230215825,17.985611510791365,76.97841726618705,64.02877697841727,12.949640287769784
E00151357,151,38,9,29,113,97,16,25.165562913907287,5.960264900662252,19.205298013245034,74.83443708609272,64.23841059602648,10.596026490066226
E00151358,122,34,17,17,88,75,13,27.86885245901639,13.934426229508196,13.934426229508196,72.1311475409836,61.47540983606557,10.655737704918032
E00151359,115,31,10,21,84,75,9,26.956521739130434,8.695652173913043,18.26086956521739,73.04347826086956,65.21739130434783,7.82608695652174
E00151360,161,47,20,27,114,83,31,29.19254658385093,12.422360248447205,16.77018633540373,70.80745341614907,51.5527950310559,19.25465838509317
E00151361,153,44,15,29,109,84,25,28.75816993464052,9.803921568627452,18.954248366013072,71.24183006535948,54.90196078431373,16.33986928104575
E00151362,125,43,18,25,82,70,12,34.4,14.399999999999999,20,65.60000000000001,56.00000000000001,9.6
E00151363,139,44,18,26,95,79,16,31.654676258992804,12.949640287769784,18.705035971223023,68.34532374100719,56.83453237410072,11.510791366906476
E00151364,121,39,10,29,82,65,17,32.231404958677686,8.264462809917356,23.96694214876033,67.76859504132231,53.71900826446281,14.049586776859504
E00151365,112,36,11,25,76,64,12,32.142857142857146,9.821428571428571,22.321428571428573,67.85714285714286,57.14285714285714,10.714285714285714
E00151366,140,33,8,25,107,74,33,23.57142857142857,5.714285714285714,17.857142857142858,76.42857142857142,52.85714285714286,23.57142857142857
E00151367,135,32,12,20,103,81,22,23.703703703703706,8.88888888888889,14.814814814814813,76.29629629629629,60,16.296296296296298
E00151368,134,40,14,26,94,75,19,29.850746268656714,10.44776119402985,19.402985074626866,70.1492537313433,55.970149253731336,14.17910447761194
E00151369,274,78,31,47,196,153,43,28.467153284671532,11.313868613138686,17.153284671532848,71.53284671532847,55.839416058394164,15.693430656934307
E00151370,125,29,12,17,96,70,26,23.200000000000003,9.6,13.600000000000001,76.8,56.00000000000001,20.8
E00151371,133,38,17,21,95,74,21,28.57142857142857,12.781954887218044,15.789473684210526,71.42857142857143,55.639097744360896,15.789473684210526
E00151372,65,28,5,23,37,31,6,43.07692307692308,7.6923076923076925,35.38461538461539,56.92307692307692,47.69230769230769,9.230769230769232
E00151373,161,56,18,38,105,82,23,34.78260869565217,11.180124223602485,23.60248447204969,65.21739130434783,50.931677018633536,14.285714285714285
E00151374,168,37,10,27,131,92,39,22.023809523809522,5.952380952380952,16.071428571428573,77.97619047619048,54.761904761904766,23.214285714285715
E00151375,226,67,28,39,159,117,42,29.646017699115045,12.389380530973451,17.25663716814159,70.35398230088495,51.76991150442478,18.58407079646018
E00151376,180,59,17,42,121,102,19,32.77777777777778,9.444444444444445,23.333333333333332,67.22222222222223,56.666666666666664,10.555555555555555
E00151377,130,39,11,28,91,76,15,30,8.461538461538462,21.53846153846154,70,58.46153846153847,11.538461538461538
E00151378,219,64,26,38,155,124,31,29.22374429223744,11.87214611872146,17.35159817351598,70.77625570776256,56.62100456621004,14.15525114155251
E00151379,164,57,31,26,107,71,36,34.756097560975604,18.902439024390244,15.853658536585366,65.2439024390244,43.292682926829265,21.951219512195124
E00151380,223,69,30,39,154,107,47,30.94170403587444,13.452914798206278,17.48878923766816,69.05829596412556,47.98206278026906,21.076233183856502
E00151381,106,24,5,19,82,59,23,22.641509433962266,4.716981132075472,17.92452830188679,77.35849056603774,55.660377358490564,21.69811320754717
E00151382,114,35,12,23,79,59,20,30.701754385964914,10.526315789473683,20.175438596491226,69.2982456140351,51.75438596491229,17.543859649122805
E00151383,160,48,17,31,112,93,19,30,10.625,19.375,70,58.12500000000001,11.875
E00151384,79,33,11,22,46,40,6,41.77215189873418,13.924050632911392,27.848101265822784,58.22784810126582,50.63291139240506,7.59493670886076
E00151385,191,53,19,34,138,115,23,27.748691099476442,9.947643979057592,17.801047120418847,72.25130890052355,60.20942408376963,12.041884816753926
E00151386,146,43,16,27,103,91,12,29.45205479452055,10.95890410958904,18.493150684931507,70.54794520547945,62.328767123287676,8.21917808219178
E00151387,104,27,11,16,77,53,24,25.961538461538463,10.576923076923077,15.384615384615385,74.03846153846155,50.96153846153846,23.076923076923077
E00151388,255,74,26,48,181,126,55,29.01960784313726,10.196078431372548,18.823529411764707,70.98039215686275,49.411764705882355,21.568627450980394
E00151389,242,76,24,52,166,141,25,31.40495867768595,9.917355371900827,21.487603305785125,68.59504132231406,58.26446280991735,10.330578512396695
E00151390,152,45,19,26,107,85,22,29.605263157894733,12.5,17.105263157894736,70.39473684210526,55.92105263157895,14.473684210526317
E00151391,128,38,15,23,90,71,19,29.6875,11.71875,17.96875,70.3125,55.46875,14.84375
E00151392,75,24,5,19,51,40,11,32,6.666666666666667,25.333333333333336,68,53.333333333333336,14.666666666666666
E00151393,131,32,13,19,99,78,21,24.427480916030532,9.923664122137405,14.50381679389313,75.57251908396947,59.541984732824424,16.030534351145036
E00151394,142,42,13,29,100,82,18,29.577464788732392,9.15492957746479,20.422535211267608,70.4225352112676,57.74647887323944,12.676056338028168
E00151395,102,29,18,11,73,61,12,28.431372549019606,17.647058823529413,10.784313725490197,71.56862745098039,59.80392156862745,11.76470588235294
E00151396,211,56,15,41,155,130,25,26.540284360189574,7.109004739336493,19.431279620853083,73.45971563981043,61.61137440758294,11.848341232227488
E00151397,308,75,20,55,233,185,48,24.350649350649352,6.493506493506493,17.857142857142858,75.64935064935064,60.064935064935064,15.584415584415584
E00151398,132,37,13,24,95,77,18,28.030303030303028,9.848484848484848,18.181818181818183,71.96969696969697,58.333333333333336,13.636363636363635
E00151399,166,51,22,29,115,89,26,30.72289156626506,13.253012048192772,17.46987951807229,69.27710843373494,53.6144578313253,15.66265060240964
E00151400,178,45,9,36,133,105,28,25.280898876404496,5.056179775280898,20.224719101123593,74.71910112359551,58.98876404494382,15.730337078651685
E00151401,182,45,13,32,137,115,22,24.725274725274726,7.142857142857142,17.582417582417584,75.27472527472527,63.18681318681318,12.087912087912088
E00151402,185,57,18,39,128,107,21,30.810810810810814,9.72972972972973,21.08108108108108,69.1891891891892,57.83783783783784,11.351351351351353
E00151403,104,25,9,16,79,70,9,24.03846153846154,8.653846153846153,15.384615384615385,75.96153846153845,67.3076923076923,8.653846153846153
E00151404,152,43,10,33,109,95,14,28.289473684210524,6.578947368421052,21.710526315789476,71.71052631578947,62.5,9.210526315789473
E00151405,122,36,10,26,86,78,8,29.508196721311474,8.19672131147541,21.311475409836063,70.49180327868852,63.934426229508205,6.557377049180328
E00151406,132,49,15,34,83,66,17,37.121212121212125,11.363636363636363,25.757575757575758,62.878787878787875,50,12.878787878787879
E00151407,104,33,13,20,71,54,17,31.73076923076923,12.5,19.230769230769234,68.26923076923077,51.92307692307693,16.346153846153847
E00151408,112,31,6,25,81,65,16,27.67857142857143,5.357142857142857,22.321428571428573,72.32142857142857,58.03571428571429,14.285714285714285
E00151409,153,46,8,38,107,92,15,30.065359477124183,5.228758169934641,24.836601307189543,69.93464052287581,60.130718954248366,9.803921568627452
E00151410,122,28,11,17,94,80,14,22.950819672131146,9.01639344262295,13.934426229508196,77.04918032786885,65.57377049180327,11.475409836065573
E00151411,103,29,11,18,74,68,6,28.155339805825243,10.679611650485436,17.475728155339805,71.84466019417476,66.01941747572816,5.825242718446602
E00151412,160,36,8,28,124,98,26,22.5,5,17.5,77.5,61.25000000000001,16.25
E00151413,118,38,15,23,80,71,9,32.20338983050847,12.711864406779661,19.491525423728813,67.79661016949152,60.16949152542372,7.627118644067797
E00151414,132,43,19,24,89,76,13,32.57575757575758,14.393939393939394,18.181818181818183,67.42424242424242,57.57575757575758,9.848484848484848
E00151415,167,46,25,21,121,102,19,27.54491017964072,14.97005988023952,12.574850299401197,72.45508982035929,61.07784431137725,11.377245508982035
E00151416,162,50,14,36,112,99,13,30.864197530864196,8.641975308641975,22.22222222222222,69.1358024691358,61.111111111111114,8.024691358024691
E00151417,122,36,14,22,86,79,7,29.508196721311474,11.475409836065573,18.0327868852459,70.49180327868852,64.75409836065575,5.737704918032787
E00151418,161,44,9,35,117,105,12,27.32919254658385,5.590062111801243,21.73913043478261,72.67080745341616,65.21739130434783,7.453416149068323
E00151419,66,21,8,13,45,33,12,31.818181818181817,12.121212121212121,19.696969696969695,68.18181818181817,50,18.181818181818183
E00151420,98,30,10,20,68,55,13,30.612244897959183,10.204081632653061,20.408163265306122,69.38775510204081,56.12244897959183,13.26530612244898
E00151421,107,40,19,21,67,52,15,37.38317757009346,17.75700934579439,19.626168224299064,62.616822429906534,48.598130841121495,14.018691588785046
E00151422,90,28,8,20,62,47,15,31.11111111111111,8.88888888888889,22.22222222222222,68.88888888888889,52.22222222222223,16.666666666666664
E00151423,184,58,22,36,126,110,16,31.521739130434785,11.956521739130435,19.565217391304348,68.47826086956522,59.78260869565217,8.695652173913043
E00151424,160,44,18,26,116,98,18,27.500000000000004,11.25,16.25,72.5,61.25000000000001,11.25
E00151425,163,36,11,25,127,112,15,22.085889570552148,6.748466257668712,15.337423312883436,77.91411042944786,68.71165644171779,9.202453987730062
E00151426,148,57,15,42,91,82,9,38.513513513513516,10.135135135135135,28.37837837837838,61.48648648648649,55.4054054054054,6.081081081081082
E00151427,150,52,17,35,98,75,23,34.66666666666667,11.333333333333332,23.333333333333332,65.33333333333333,50,15.333333333333332
E00151428,130,46,11,35,84,76,8,35.38461538461539,8.461538461538462,26.923076923076923,64.61538461538461,58.46153846153847,6.153846153846154
E00151429,149,39,12,27,110,89,21,26.174496644295303,8.053691275167784,18.120805369127517,73.8255033557047,59.73154362416108,14.093959731543624
E00151430,130,31,8,23,99,89,10,23.846153846153847,6.153846153846154,17.692307692307693,76.15384615384615,68.46153846153847,7.6923076923076925
E00151431,151,43,12,31,108,91,17,28.47682119205298,7.9470198675496695,20.52980132450331,71.52317880794702,60.264900662251655,11.258278145695364
E00151432,107,32,13,19,75,69,6,29.906542056074763,12.149532710280374,17.75700934579439,70.09345794392523,64.48598130841121,5.607476635514018
E00151433,87,27,11,16,60,53,7,31.03448275862069,12.643678160919542,18.39080459770115,68.96551724137932,60.91954022988506,8.045977011494253
E00151434,170,60,18,42,110,96,14,35.294117647058826,10.588235294117647,24.705882352941178,64.70588235294117,56.470588235294116,8.235294117647058
E00151435,124,37,10,27,87,76,11,29.838709677419356,8.064516129032258,21.774193548387096,70.16129032258065,61.29032258064516,8.870967741935484
E00151436,65,13,3,10,52,44,8,20,4.615384615384616,15.384615384615385,80,67.6923076923077,12.307692307692308
E00151437,273,63,20,43,210,184,26,23.076923076923077,7.326007326007327,15.75091575091575,76.92307692307693,67.3992673992674,9.523809523809524
E00151438,126,33,6,27,93,81,12,26.190476190476193,4.761904761904762,21.428571428571427,73.80952380952381,64.28571428571429,9.523809523809524
E00151439,126,33,7,26,93,78,15,26.190476190476193,5.555555555555555,20.634920634920633,73.80952380952381,61.904761904761905,11.904761904761903
E00151440,156,50,13,37,106,90,16,32.05128205128205,8.333333333333332,23.717948717948715,67.94871794871796,57.692307692307686,10.256410256410255
E00151441,97,23,4,19,74,71,3,23.711340206185564,4.123711340206185,19.587628865979383,76.28865979381443,73.19587628865979,3.0927835051546393
E00151442,122,24,6,18,98,87,11,19.672131147540984,4.918032786885246,14.754098360655737,80.32786885245902,71.31147540983606,9.01639344262295
E00151443,162,39,11,28,123,111,12,24.074074074074073,6.790123456790123,17.28395061728395,75.92592592592592,68.51851851851852,7.4074074074074066
E00151444,189,51,11,40,138,122,16,26.984126984126984,5.82010582010582,21.164021164021165,73.01587301587301,64.55026455026454,8.465608465608465
E00151445,179,36,7,29,143,122,21,20.11173184357542,3.910614525139665,16.201117318435752,79.88826815642457,68.15642458100558,11.731843575418994
E00151446,151,40,8,32,111,98,13,26.490066225165563,5.298013245033113,21.192052980132452,73.50993377483444,64.90066225165563,8.609271523178808
E00151447,182,41,14,27,141,125,16,22.52747252747253,7.6923076923076925,14.835164835164836,77.47252747252747,68.68131868131869,8.791208791208792
E00151448,107,26,8,18,81,71,10,24.299065420560748,7.476635514018691,16.822429906542055,75.70093457943925,66.35514018691589,9.345794392523365
E00151449,201,66,17,49,135,120,15,32.83582089552239,8.45771144278607,24.378109452736318,67.16417910447761,59.70149253731343,7.462686567164178
E00151451,197,62,22,40,135,124,11,31.472081218274113,11.16751269035533,20.304568527918782,68.52791878172589,62.944162436548226,5.583756345177665
E00151452,101,32,12,20,69,62,7,31.683168316831683,11.881188118811881,19.801980198019802,68.31683168316832,61.386138613861384,6.9306930693069315
E00151454,165,52,13,39,113,102,11,31.515151515151512,7.878787878787878,23.636363636363637,68.48484848484848,61.81818181818181,6.666666666666667
E00151455,156,41,10,31,115,101,14,26.282051282051285,6.41025641025641,19.871794871794872,73.71794871794873,64.74358974358975,8.974358974358974
E00151456,137,31,9,22,106,93,13,22.62773722627737,6.569343065693431,16.05839416058394,77.37226277372264,67.88321167883211,9.48905109489051
E00151457,118,28,9,19,90,80,10,23.728813559322035,7.627118644067797,16.101694915254235,76.27118644067797,67.79661016949152,8.47457627118644
E00151458,184,54,9,45,130,105,25,29.347826086956523,4.891304347826087,24.456521739130434,70.65217391304348,57.065217391304344,13.586956521739129
E00151459,170,45,17,28,125,112,13,26.47058823529412,10,16.470588235294116,73.52941176470588,65.88235294117646,7.647058823529412
E00151460,155,47,15,32,108,96,12,30.32258064516129,9.67741935483871,20.64516129032258,69.6774193548387,61.935483870967744,7.741935483870968
E00151461,125,30,5,25,95,84,11,24,4,20,76,67.2,8.799999999999999
E00151462,71,22,7,15,49,43,6,30.985915492957744,9.859154929577464,21.12676056338028,69.01408450704226,60.56338028169014,8.450704225352112
E00151463,233,61,24,37,172,154,18,26.180257510729614,10.300429184549357,15.879828326180256,73.8197424892704,66.09442060085837,7.725321888412018
E00151464,167,48,17,31,119,102,17,28.74251497005988,10.179640718562874,18.562874251497004,71.25748502994011,61.07784431137725,10.179640718562874
E00151465,101,42,7,35,59,53,6,41.584158415841586,6.9306930693069315,34.65346534653465,58.415841584158414,52.475247524752476,5.9405940594059405
E00151466,121,44,20,24,77,58,19,36.36363636363637,16.528925619834713,19.834710743801654,63.63636363636363,47.93388429752066,15.702479338842975
E00151467,149,40,14,26,109,94,15,26.845637583892618,9.395973154362416,17.449664429530202,73.15436241610739,63.08724832214765,10.06711409395973
E00151468,116,40,10,30,76,69,7,34.48275862068966,8.620689655172415,25.862068965517242,65.51724137931035,59.48275862068966,6.0344827586206895
E00151469,151,52,20,32,99,89,10,34.437086092715234,13.245033112582782,21.192052980132452,65.56291390728477,58.94039735099338,6.622516556291391
E00151470,147,52,20,32,95,86,9,35.374149659863946,13.60544217687075,21.768707482993197,64.62585034013605,58.50340136054422,6.122448979591836
E00151471,153,48,14,34,105,93,12,31.372549019607842,9.15032679738562,22.22222222222222,68.62745098039215,60.78431372549019,7.8431372549019605
E00151472,100,29,11,18,71,59,12,28.999999999999996,11,18,71,59,12
E00151473,150,30,17,13,120,108,12,20,11.333333333333332,8.666666666666668,80,72,8
E00151474,161,55,22,33,106,91,15,34.161490683229815,13.664596273291925,20.496894409937887,65.83850931677019,56.52173913043478,9.316770186335404
E00151475,138,37,16,21,101,94,7,26.811594202898554,11.594202898550725,15.217391304347828,73.18840579710145,68.11594202898551,5.072463768115942
E00151476,118,41,12,29,77,68,9,34.74576271186441,10.16949152542373,24.576271186440678,65.2542372881356,57.6271186440678,7.627118644067797
E00151477,152,35,9,26,117,100,17,23.026315789473685,5.921052631578947,17.105263157894736,76.97368421052632,65.78947368421053,11.18421052631579
E00151478,170,55,16,39,115,96,19,32.35294117647059,9.411764705882353,22.941176470588236,67.64705882352942,56.470588235294116,11.176470588235295
E00151479,65,23,9,14,42,35,7,35.38461538461539,13.846153846153847,21.53846153846154,64.61538461538461,53.84615384615385,10.76923076923077
E00151480,161,43,9,34,118,103,15,26.70807453416149,5.590062111801243,21.11801242236025,73.29192546583852,63.975155279503106,9.316770186335404
E00151481,106,35,10,25,71,54,17,33.0188679245283,9.433962264150944,23.58490566037736,66.98113207547169,50.943396226415096,16.037735849056602
E00151482,108,36,12,24,72,57,15,33.33333333333333,11.11111111111111,22.22222222222222,66.66666666666666,52.77777777777778,13.88888888888889
E00151483,121,38,7,31,83,73,10,31.40495867768595,5.785123966942149,25.6198347107438,68.59504132231406,60.33057851239669,8.264462809917356
E00151484,169,49,11,38,120,99,21,28.994082840236686,6.508875739644971,22.485207100591715,71.00591715976331,58.57988165680473,12.42603550295858
E00151485,129,33,12,21,96,78,18,25.581395348837212,9.30232558139535,16.27906976744186,74.4186046511628,60.46511627906976,13.953488372093023
E00151487,116,33,7,26,83,69,14,28.448275862068968,6.0344827586206895,22.413793103448278,71.55172413793103,59.48275862068966,12.068965517241379
E00151488,152,53,15,38,99,76,23,34.868421052631575,9.868421052631579,25,65.13157894736842,50,15.131578947368421
E00151489,143,51,13,38,92,72,20,35.66433566433567,9.090909090909092,26.573426573426573,64.33566433566433,50.349650349650354,13.986013986013987
E00151490,103,31,13,18,72,55,17,30.097087378640776,12.62135922330097,17.475728155339805,69.90291262135922,53.398058252427184,16.50485436893204
E00151491,178,56,23,33,122,95,27,31.46067415730337,12.921348314606742,18.53932584269663,68.53932584269663,53.37078651685393,15.168539325842698
E00151492,126,37,19,18,89,71,18,29.365079365079367,15.079365079365079,14.285714285714285,70.63492063492063,56.34920634920635,14.285714285714285
E00151493,149,40,20,20,109,89,20,26.845637583892618,13.422818791946309,13.422818791946309,73.15436241610739,59.73154362416108,13.422818791946309
E00151494,109,34,15,19,75,57,18,31.19266055045872,13.761467889908257,17.431192660550458,68.80733944954129,52.293577981651374,16.51376146788991
E00151496,305,74,19,55,231,188,43,24.262295081967213,6.229508196721312,18.0327868852459,75.73770491803279,61.63934426229508,14.098360655737704
E00151497,79,21,13,8,58,35,23,26.582278481012654,16.455696202531644,10.126582278481013,73.41772151898735,44.303797468354425,29.11392405063291
E00151498,144,34,8,26,110,83,27,23.61111111111111,5.555555555555555,18.055555555555554,76.38888888888889,57.638888888888886,18.75
E00151499,86,28,9,19,58,45,13,32.55813953488372,10.465116279069768,22.093023255813954,67.44186046511628,52.32558139534884,15.11627906976744
E00151500,143,50,20,30,93,73,20,34.96503496503497,13.986013986013987,20.97902097902098,65.03496503496503,51.048951048951054,13.986013986013987
E00151501,184,57,17,40,127,92,35,30.978260869565215,9.239130434782608,21.73913043478261,69.02173913043478,50,19.021739130434785
E00151502,210,55,29,26,155,94,61,26.190476190476193,13.80952380952381,12.380952380952381,73.80952380952381,44.761904761904766,29.04761904761905
E00151503,181,51,21,30,130,81,49,28.176795580110497,11.602209944751381,16.574585635359114,71.8232044198895,44.751381215469614,27.071823204419886
E00151504,169,46,20,26,123,84,39,27.218934911242602,11.834319526627219,15.384615384615385,72.7810650887574,49.70414201183432,23.076923076923077
E00151505,99,29,10,19,70,56,14,29.292929292929294,10.1010101010101,19.19191919191919,70.70707070707071,56.56565656565656,14.14141414141414
E00151506,114,27,8,19,87,73,14,23.684210526315788,7.017543859649122,16.666666666666664,76.31578947368422,64.03508771929825,12.280701754385964
E00151509,164,51,17,34,113,104,9,31.097560975609756,10.365853658536585,20.73170731707317,68.90243902439023,63.41463414634146,5.487804878048781
E00151510,114,35,4,31,79,70,9,30.701754385964914,3.508771929824561,27.192982456140353,69.2982456140351,61.40350877192983,7.894736842105263
E00151511,157,43,15,28,114,95,19,27.388535031847134,9.554140127388536,17.8343949044586,72.61146496815286,60.509554140127385,12.101910828025478
E00151512,143,41,9,32,102,86,16,28.671328671328673,6.293706293706294,22.377622377622377,71.32867132867133,60.13986013986013,11.188811188811188
E00151513,164,55,17,38,109,88,21,33.53658536585366,10.365853658536585,23.170731707317074,66.46341463414635,53.65853658536586,12.804878048780488
E00151514,99,31,12,19,68,57,11,31.313131313131315,12.121212121212121,19.19191919191919,68.68686868686868,57.57575757575758,11.11111111111111
E00151515,119,27,6,21,92,80,12,22.689075630252102,5.042016806722689,17.647058823529413,77.31092436974791,67.22689075630252,10.084033613445378
E00151516,132,40,12,28,92,75,17,30.303030303030305,9.090909090909092,21.21212121212121,69.6969696969697,56.81818181818182,12.878787878787879
E00151517,116,37,10,27,79,67,12,31.896551724137932,8.620689655172415,23.275862068965516,68.10344827586206,57.758620689655174,10.344827586206897
E00151518,184,53,17,36,131,115,16,28.804347826086957,9.239130434782608,19.565217391304348,71.19565217391305,62.5,8.695652173913043
E00151519,231,55,21,34,176,151,25,23.809523809523807,9.090909090909092,14.71861471861472,76.19047619047619,65.36796536796537,10.822510822510822
E00151520,160,47,18,29,113,92,21,29.375,11.25,18.125,70.625,57.49999999999999,13.125
E00151522,174,40,10,30,134,105,29,22.988505747126435,5.747126436781609,17.24137931034483,77.01149425287356,60.3448275862069,16.666666666666664
E00151523,137,41,20,21,96,77,19,29.927007299270077,14.5985401459854,15.328467153284672,70.07299270072993,56.20437956204379,13.86861313868613
E00151524,120,28,15,13,92,76,16,23.333333333333332,12.5,10.833333333333334,76.66666666666667,63.33333333333333,13.333333333333334
E00151525,123,28,8,20,95,74,21,22.76422764227642,6.504065040650407,16.260162601626014,77.23577235772358,60.16260162601627,17.073170731707318
E00151526,158,36,12,24,122,98,24,22.78481012658228,7.59493670886076,15.18987341772152,77.21518987341773,62.0253164556962,15.18987341772152
E00151527,119,32,8,24,87,73,14,26.89075630252101,6.722689075630252,20.168067226890756,73.10924369747899,61.34453781512605,11.76470588235294
E00151528,147,28,8,20,119,112,7,19.047619047619047,5.442176870748299,13.60544217687075,80.95238095238095,76.19047619047619,4.761904761904762
E00151529,185,35,8,27,150,132,18,18.91891891891892,4.324324324324325,14.594594594594595,81.08108108108108,71.35135135135135,9.72972972972973
E00151530,150,43,18,25,107,88,19,28.666666666666668,12,16.666666666666664,71.33333333333334,58.666666666666664,12.666666666666668
E00151531,188,55,20,35,133,110,23,29.25531914893617,10.638297872340425,18.617021276595743,70.74468085106383,58.51063829787234,12.23404255319149
E00151532,153,44,16,28,109,95,14,28.75816993464052,10.457516339869281,18.30065359477124,71.24183006535948,62.091503267973856,9.15032679738562
E00151533,192,43,14,29,149,131,18,22.395833333333336,7.291666666666667,15.104166666666666,77.60416666666666,68.22916666666666,9.375
E00151534,156,47,16,31,109,93,16,30.128205128205128,10.256410256410255,19.871794871794872,69.87179487179486,59.61538461538461,10.256410256410255
E00151535,150,59,23,36,91,83,8,39.33333333333333,15.333333333333332,24,60.66666666666667,55.333333333333336,5.333333333333334
E00151536,176,56,19,37,120,84,36,31.818181818181817,10.795454545454545,21.022727272727273,68.18181818181817,47.72727272727273,20.454545454545457
E00151537,170,49,21,28,121,100,21,28.823529411764703,12.352941176470589,16.470588235294116,71.17647058823529,58.82352941176471,12.352941176470589
E00151538,180,63,20,43,117,100,17,35,11.11111111111111,23.88888888888889,65,55.55555555555556,9.444444444444445
E00151539,143,37,16,21,106,82,24,25.874125874125873,11.188811188811188,14.685314685314685,74.12587412587412,57.34265734265735,16.783216783216783
E00151540,150,37,13,24,113,90,23,24.666666666666668,8.666666666666668,16,75.33333333333333,60,15.333333333333332
E00151541,133,44,13,31,89,67,22,33.08270676691729,9.774436090225564,23.308270676691727,66.9172932330827,50.37593984962406,16.541353383458645
E00151542,144,50,16,34,94,84,10,34.72222222222222,11.11111111111111,23.61111111111111,65.27777777777779,58.333333333333336,6.944444444444445
E00151543,100,18,5,13,82,77,5,18,5,13,82,77,5
E00151544,131,46,21,25,85,69,16,35.11450381679389,16.030534351145036,19.083969465648856,64.8854961832061,52.67175572519084,12.213740458015266
E00151545,173,45,18,27,128,109,19,26.011560693641616,10.404624277456648,15.606936416184972,73.98843930635837,63.005780346820806,10.982658959537572
E00151546,158,54,25,29,104,81,23,34.177215189873415,15.822784810126583,18.354430379746837,65.82278481012658,51.26582278481012,14.556962025316455
E00151548,92,26,12,14,66,37,29,28.26086956521739,13.043478260869565,15.217391304347828,71.73913043478261,40.21739130434783,31.521739130434785
E00151549,70,18,9,9,52,34,18,25.71428571428571,12.857142857142856,12.857142857142856,74.28571428571429,48.57142857142857,25.71428571428571
E00151550,190,59,20,39,131,94,37,31.05263157894737,10.526315789473683,20.526315789473685,68.94736842105263,49.473684210526315,19.473684210526315
E00151551,72,24,6,18,48,40,8,33.33333333333333,8.333333333333332,25,66.66666666666666,55.55555555555556,11.11111111111111
E00151552,96,31,12,19,65,52,13,32.29166666666667,12.5,19.791666666666664,67.70833333333334,54.166666666666664,13.541666666666666
E00151553,63,24,11,13,39,35,4,38.095238095238095,17.46031746031746,20.634920634920633,61.904761904761905,55.55555555555556,6.349206349206349
E00151554,117,32,11,21,85,65,20,27.350427350427353,9.401709401709402,17.94871794871795,72.64957264957265,55.55555555555556,17.094017094017094
E00151555,150,53,14,39,97,82,15,35.333333333333336,9.333333333333334,26,64.66666666666666,54.666666666666664,10
E00151556,270,81,39,42,189,143,46,30,14.444444444444443,15.555555555555555,70,52.96296296296297,17.037037037037038
E00151557,115,28,11,17,87,57,30,24.347826086956523,9.565217391304348,14.782608695652174,75.65217391304347,49.56521739130435,26.08695652173913
E00151558,126,34,12,22,92,75,17,26.984126984126984,9.523809523809524,17.46031746031746,73.01587301587301,59.523809523809526,13.492063492063492
E00151559,147,40,18,22,107,85,22,27.2108843537415,12.244897959183673,14.965986394557824,72.78911564625851,57.82312925170068,14.965986394557824
E00151560,123,41,10,31,82,71,11,33.33333333333333,8.130081300813007,25.203252032520325,66.66666666666666,57.72357723577236,8.94308943089431
E00151561,154,46,14,32,108,84,24,29.87012987012987,9.090909090909092,20.77922077922078,70.12987012987013,54.54545454545454,15.584415584415584
E00151562,161,54,22,32,107,82,25,33.54037267080746,13.664596273291925,19.875776397515526,66.45962732919256,50.931677018633536,15.527950310559005
E00151563,128,38,10,28,90,77,13,29.6875,7.8125,21.875,70.3125,60.15625,10.15625
E00151564,261,84,38,46,177,147,30,32.18390804597701,14.559386973180077,17.624521072796934,67.81609195402298,56.32183908045977,11.494252873563218
E00151566,160,51,19,32,109,92,17,31.874999999999996,11.875,20,68.125,57.49999999999999,10.625
E00151567,122,34,12,22,88,77,11,27.86885245901639,9.836065573770492,18.0327868852459,72.1311475409836,63.114754098360656,9.01639344262295
E00151568,122,45,17,28,77,59,18,36.885245901639344,13.934426229508196,22.950819672131146,63.114754098360656,48.36065573770492,14.754098360655737
E00151569,147,36,10,26,111,91,20,24.489795918367346,6.802721088435375,17.687074829931973,75.51020408163265,61.904761904761905,13.60544217687075
E00151570,142,34,14,20,108,86,22,23.943661971830984,9.859154929577464,14.084507042253522,76.05633802816901,60.56338028169014,15.492957746478872
E00151571,74,23,12,11,51,37,14,31.08108108108108,16.216216216216218,14.864864864864865,68.91891891891892,50,18.91891891891892
E00151573,125,39,19,20,86,75,11,31.2,15.2,16,68.8,60,8.799999999999999
E00151574,119,31,8,23,88,74,14,26.05042016806723,6.722689075630252,19.327731092436977,73.94957983193278,62.18487394957983,11.76470588235294
E00151575,150,56,19,37,94,74,20,37.333333333333336,12.666666666666668,24.666666666666668,62.66666666666667,49.333333333333336,13.333333333333334
E00151576,151,45,15,30,106,89,17,29.80132450331126,9.933774834437086,19.867549668874172,70.19867549668875,58.94039735099338,11.258278145695364
E00151578,115,36,19,17,79,63,16,31.30434782608696,16.52173913043478,14.782608695652174,68.69565217391305,54.78260869565217,13.91304347826087
E00151579,117,30,8,22,87,72,15,25.64102564102564,6.837606837606838,18.803418803418804,74.35897435897436,61.53846153846154,12.82051282051282
E00151580,99,32,11,21,67,61,6,32.323232323232325,11.11111111111111,21.21212121212121,67.67676767676768,61.61616161616161,6.0606060606060606
E00151581,134,31,12,19,103,81,22,23.134328358208954,8.955223880597014,14.17910447761194,76.86567164179104,60.447761194029844,16.417910447761194
E00151582,189,44,12,32,145,121,24,23.28042328042328,6.349206349206349,16.93121693121693,76.71957671957672,64.02116402116403,12.698412698412698
E00151584,110,24,8,16,86,71,15,21.818181818181817,7.2727272727272725,14.545454545454545,78.18181818181819,64.54545454545455,13.636363636363635
E00151585,113,42,17,25,71,55,16,37.16814159292036,15.04424778761062,22.123893805309734,62.83185840707964,48.67256637168141,14.15929203539823
E00151586,131,28,12,16,103,90,13,21.374045801526716,9.16030534351145,12.213740458015266,78.62595419847328,68.70229007633588,9.923664122137405
E00151587,218,56,20,36,162,132,30,25.688073394495415,9.174311926605505,16.51376146788991,74.31192660550458,60.550458715596335,13.761467889908257
E00151588,259,58,10,48,201,177,24,22.393822393822393,3.861003861003861,18.53281853281853,77.60617760617761,68.33976833976834,9.266409266409266
E00151589,120,37,10,27,83,70,13,30.833333333333336,8.333333333333332,22.5,69.16666666666667,58.333333333333336,10.833333333333334
E00151591,145,52,15,37,93,87,6,35.86206896551724,10.344827586206897,25.517241379310345,64.13793103448275,60,4.137931034482759
E00151592,182,39,16,23,143,123,20,21.428571428571427,8.791208791208792,12.637362637362637,78.57142857142857,67.58241758241759,10.989010989010989
E00151593,263,61,18,43,202,169,33,23.193916349809886,6.844106463878327,16.34980988593156,76.80608365019012,64.25855513307985,12.547528517110266
E00151594,131,42,15,27,89,81,8,32.06106870229007,11.450381679389313,20.610687022900763,67.93893129770993,61.832061068702295,6.106870229007633
E00151595,86,19,8,11,67,54,13,22.093023255813954,9.30232558139535,12.790697674418606,77.90697674418605,62.7906976744186,15.11627906976744
E00151596,126,34,10,24,92,75,17,26.984126984126984,7.936507936507936,19.047619047619047,73.01587301587301,59.523809523809526,13.492063492063492
E00151597,104,29,7,22,75,69,6,27.884615384615387,6.730769230769231,21.153846153846153,72.11538461538461,66.34615384615384,5.769230769230769
E00151598,168,49,17,32,119,85,34,29.166666666666668,10.119047619047619,19.047619047619047,70.83333333333334,50.595238095238095,20.238095238095237
E00151599,113,23,12,11,90,78,12,20.353982300884958,10.619469026548673,9.734513274336283,79.64601769911505,69.02654867256636,10.619469026548673
E00151600,113,38,12,26,75,64,11,33.6283185840708,10.619469026548673,23.008849557522122,66.3716814159292,56.63716814159292,9.734513274336283
E00151601,149,37,10,27,112,95,17,24.832214765100673,6.7114093959731544,18.120805369127517,75.16778523489933,63.758389261744966,11.409395973154362
E00151602,150,29,8,21,121,101,20,19.333333333333332,5.333333333333334,14.000000000000002,80.66666666666666,67.33333333333333,13.333333333333334
E00151603,140,34,10,24,106,93,13,24.285714285714285,7.142857142857142,17.142857142857142,75.71428571428571,66.42857142857143,9.285714285714286
E00151605,92,33,12,21,59,49,10,35.869565217391305,13.043478260869565,22.82608695652174,64.13043478260869,53.2608695652174,10.869565217391305
E00151606,146,42,15,27,104,84,20,28.767123287671232,10.273972602739725,18.493150684931507,71.23287671232876,57.534246575342465,13.698630136986301
E00151607,101,29,15,14,72,63,9,28.71287128712871,14.85148514851485,13.861386138613863,71.28712871287128,62.37623762376238,8.91089108910891
E00151608,144,37,10,27,107,98,9,25.694444444444443,6.944444444444445,18.75,74.30555555555556,68.05555555555556,6.25
E00151609,99,20,7,13,79,62,17,20.2020202020202,7.07070707070707,13.131313131313133,79.7979797979798,62.62626262626263,17.17171717171717
E00151610,108,39,15,24,69,58,11,36.11111111111111,13.88888888888889,22.22222222222222,63.888888888888886,53.70370370370371,10.185185185185185
E00151611,127,39,19,20,88,78,10,30.708661417322837,14.960629921259844,15.748031496062993,69.29133858267717,61.417322834645674,7.874015748031496
E00151612,153,39,10,29,114,99,15,25.49019607843137,6.535947712418301,18.954248366013072,74.50980392156863,64.70588235294117,9.803921568627452
E00151613,139,43,14,29,96,75,21,30.935251798561154,10.071942446043165,20.863309352517987,69.06474820143885,53.956834532374096,15.107913669064748
E00151615,124,31,17,14,93,82,11,25,13.709677419354838,11.29032258064516,75,66.12903225806451,8.870967741935484
E00151616,84,26,3,23,58,45,13,30.952380952380953,3.571428571428571,27.380952380952383,69.04761904761905,53.57142857142857,15.476190476190476
E00151617,87,23,3,20,64,54,10,26.436781609195403,3.4482758620689653,22.988505747126435,73.5632183908046,62.06896551724138,11.494252873563218
E00151618,79,25,9,16,54,47,7,31.645569620253166,11.39240506329114,20.253164556962027,68.35443037974683,59.49367088607595,8.860759493670885
E00151619,197,61,19,42,136,123,13,30.96446700507614,9.644670050761421,21.31979695431472,69.03553299492386,62.43654822335025,6.598984771573605
E00151621,165,51,20,31,114,97,17,30.909090909090907,12.121212121212121,18.787878787878785,69.0909090909091,58.78787878787879,10.303030303030303
E00151622,104,29,8,21,75,60,15,27.884615384615387,7.6923076923076925,20.192307692307693,72.11538461538461,57.692307692307686,14.423076923076922
E00151623,126,38,12,26,88,78,10,30.158730158730158,9.523809523809524,20.634920634920633,69.84126984126983,61.904761904761905,7.936507936507936
E00151624,141,38,12,26,103,89,14,26.95035460992908,8.51063829787234,18.439716312056735,73.04964539007092,63.12056737588653,9.929078014184398
E00151625,124,45,17,28,79,63,16,36.29032258064516,13.709677419354838,22.58064516129032,63.70967741935484,50.806451612903224,12.903225806451612
E00151626,166,49,20,29,117,97,20,29.518072289156628,12.048192771084338,17.46987951807229,70.48192771084338,58.43373493975904,12.048192771084338
E00151627,160,47,15,32,113,97,16,29.375,9.375,20,70.625,60.62499999999999,10
E00151628,127,44,15,29,83,70,13,34.645669291338585,11.811023622047244,22.83464566929134,65.35433070866141,55.118110236220474,10.236220472440944
E00151629,125,40,11,29,85,75,10,32,8.799999999999999,23.200000000000003,68,60,8
E00151630,185,56,26,30,129,112,17,30.270270270270274,14.054054054054054,16.216216216216218,69.72972972972973,60.54054054054055,9.18918918918919
E00151631,135,42,7,35,93,75,18,31.11111111111111,5.185185185185185,25.925925925925924,68.88888888888889,55.55555555555556,13.333333333333334
E00151632,137,36,10,26,101,88,13,26.277372262773724,7.2992700729927,18.97810218978102,73.72262773722628,64.23357664233576,9.48905109489051
E00151633,156,48,13,35,108,93,15,30.76923076923077,8.333333333333332,22.435897435897438,69.23076923076923,59.61538461538461,9.615384615384617
E00151634,156,47,18,29,109,99,10,30.128205128205128,11.538461538461538,18.58974358974359,69.87179487179486,63.46153846153846,6.41025641025641
E00151635,145,47,20,27,98,70,28,32.41379310344827,13.793103448275861,18.620689655172416,67.58620689655173,48.275862068965516,19.310344827586206
E00151636,161,47,16,31,114,99,15,29.19254658385093,9.937888198757763,19.25465838509317,70.80745341614907,61.49068322981367,9.316770186335404
E00151637,225,59,18,41,166,134,32,26.222222222222225,8,18.22222222222222,73.77777777777777,59.55555555555555,14.222222222222221
E00151638,49,13,0,13,36,35,1,26.53061224489796,0,26.53061224489796,73.46938775510205,71.42857142857143,2.0408163265306123
E00151639,135,39,16,23,96,87,9,28.888888888888886,11.851851851851853,17.037037037037038,71.11111111111111,64.44444444444444,6.666666666666667
E00151640,133,35,8,27,98,82,16,26.31578947368421,6.015037593984962,20.30075187969925,73.68421052631578,61.65413533834586,12.030075187969924
E00151641,103,30,9,21,73,57,16,29.126213592233007,8.737864077669903,20.388349514563107,70.87378640776699,55.33980582524271,15.53398058252427
E00166309,152,35,13,22,117,98,19,23.026315789473685,8.552631578947368,14.473684210526317,76.97368421052632,64.47368421052632,12.5
E00166310,151,31,11,20,120,98,22,20.52980132450331,7.28476821192053,13.245033112582782,79.47019867549669,64.90066225165563,14.56953642384106
E00166311,160,42,12,30,118,94,24,26.25,7.5,18.75,73.75,58.75,15
E00166312,91,28,5,23,63,54,9,30.76923076923077,5.4945054945054945,25.274725274725274,69.23076923076923,59.34065934065934,9.89010989010989
E00166313,154,40,10,30,114,100,14,25.97402597402597,6.493506493506493,19.480519480519483,74.02597402597402,64.93506493506493,9.090909090909092
E00166314,125,29,8,21,96,78,18,23.200000000000003,6.4,16.8,76.8,62.4,14.399999999999999
E00166315,132,39,9,30,93,81,12,29.545454545454547,6.8181818181818175,22.727272727272727,70.45454545454545,61.36363636363637,9.090909090909092
E00166316,186,47,15,32,139,119,20,25.268817204301076,8.064516129032258,17.20430107526882,74.73118279569893,63.97849462365591,10.75268817204301
E00166317,147,41,28,13,106,69,37,27.89115646258503,19.047619047619047,8.843537414965986,72.10884353741497,46.93877551020408,25.170068027210885
E00166318,182,47,16,31,135,124,11,25.82417582417583,8.791208791208792,17.032967032967033,74.17582417582418,68.13186813186813,6.043956043956044
E00166319,67,26,9,17,41,30,11,38.80597014925373,13.432835820895523,25.37313432835821,61.19402985074627,44.776119402985074,16.417910447761194
E00166320,134,46,21,25,88,77,11,34.32835820895522,15.671641791044777,18.65671641791045,65.67164179104478,57.46268656716418,8.208955223880597
E00166322,181,63,27,36,118,96,22,34.806629834254146,14.917127071823206,19.88950276243094,65.19337016574586,53.03867403314917,12.154696132596685
E00166324,104,18,8,10,86,75,11,17.307692307692307,7.6923076923076925,9.615384615384617,82.6923076923077,72.11538461538461,10.576923076923077
E00166325,211,64,21,43,147,123,24,30.33175355450237,9.95260663507109,20.379146919431278,69.66824644549763,58.29383886255924,11.374407582938389
E00166326,154,49,11,38,105,88,17,31.818181818181817,7.142857142857142,24.675324675324674,68.18181818181817,57.14285714285714,11.03896103896104
E00166327,300,72,19,53,228,197,31,24,6.333333333333334,17.666666666666668,76,65.66666666666666,10.333333333333334
E00166328,98,31,6,25,67,61,6,31.63265306122449,6.122448979591836,25.510204081632654,68.36734693877551,62.244897959183675,6.122448979591836
E00166329,62,23,8,15,39,30,9,37.096774193548384,12.903225806451612,24.193548387096776,62.903225806451616,48.38709677419355,14.516129032258066
E00166330,141,43,6,37,98,82,16,30.49645390070922,4.25531914893617,26.24113475177305,69.50354609929079,58.156028368794324,11.347517730496454
E00166331,93,21,4,17,72,60,12,22.58064516129032,4.301075268817205,18.27956989247312,77.41935483870968,64.51612903225806,12.903225806451612
E00166333,98,30,9,21,68,62,6,30.612244897959183,9.183673469387756,21.428571428571427,69.38775510204081,63.26530612244898,6.122448979591836
E00168496,93,23,5,18,70,67,3,24.731182795698924,5.376344086021505,19.35483870967742,75.26881720430107,72.04301075268818,3.225806451612903
E00168497,77,28,7,21,49,45,4,36.36363636363637,9.090909090909092,27.27272727272727,63.63636363636363,58.44155844155844,5.194805194805195
E00168500,157,49,14,35,108,91,17,31.210191082802545,8.9171974522293,22.29299363057325,68.78980891719745,57.961783439490446,10.828025477707007
E00168502,168,42,14,28,126,112,14,25,8.333333333333332,16.666666666666664,75,66.66666666666666,8.333333333333332
E00168503,288,42,15,27,246,191,55,14.583333333333334,5.208333333333334,9.375,85.41666666666666,66.31944444444444,19.09722222222222
E00179352,205,40,17,23,165,144,21,19.51219512195122,8.292682926829269,11.219512195121952,80.48780487804879,70.24390243902438,10.24390243902439
E00179353,181,51,18,33,130,115,15,28.176795580110497,9.94475138121547,18.23204419889503,71.8232044198895,63.53591160220995,8.287292817679557
E00179354,204,57,19,38,147,96,51,27.941176470588236,9.313725490196079,18.627450980392158,72.05882352941177,47.05882352941176,25
E00179363,197,52,22,30,145,111,34,26.39593908629442,11.16751269035533,15.228426395939088,73.60406091370558,56.34517766497462,17.258883248730964
E00179366,257,48,10,38,209,173,36,18.67704280155642,3.8910505836575875,14.785992217898833,81.32295719844358,67.31517509727627,14.007782101167315
E00179367,72,20,8,12,52,50,2,27.77777777777778,11.11111111111111,16.666666666666664,72.22222222222221,69.44444444444444,2.7777777777777777
E00179369,134,24,9,15,110,96,14,17.91044776119403,6.7164179104477615,11.194029850746269,82.08955223880598,71.64179104477611,10.44776119402985
E00179371,287,62,25,37,225,176,49,21.602787456445995,8.710801393728223,12.89198606271777,78.397212543554,61.32404181184668,17.073170731707318
E00179372,144,28,8,20,116,99,17,19.444444444444446,5.555555555555555,13.88888888888889,80.55555555555556,68.75,11.805555555555555
E00179373,249,63,17,46,186,157,29,25.301204819277107,6.827309236947792,18.473895582329316,74.69879518072288,63.05220883534136,11.646586345381527
E00179379,71,23,11,12,48,35,13,32.3943661971831,15.492957746478872,16.901408450704224,67.6056338028169,49.29577464788733,18.30985915492958
E00179381,243,72,23,49,171,138,33,29.629629629629626,9.465020576131687,20.16460905349794,70.37037037037037,56.79012345679012,13.580246913580247
E00179385,120,25,9,16,95,77,18,20.833333333333336,7.5,13.333333333333334,79.16666666666666,64.16666666666667,15
E00179386,309,60,16,44,249,210,39,19.41747572815534,5.177993527508091,14.239482200647249,80.58252427184466,67.96116504854369,12.62135922330097
E00179388,109,18,6,12,91,75,16,16.51376146788991,5.5045871559633035,11.009174311926607,83.4862385321101,68.80733944954129,14.678899082568808
E00179389,157,23,7,16,134,117,17,14.64968152866242,4.45859872611465,10.191082802547772,85.35031847133759,74.52229299363057,10.828025477707007
E00179391,175,32,12,20,143,117,26,18.285714285714285,6.857142857142858,11.428571428571429,81.71428571428572,66.85714285714286,14.857142857142858
E00179392,144,51,11,40,93,83,10,35.41666666666667,7.638888888888889,27.77777777777778,64.58333333333334,57.638888888888886,6.944444444444445
E00179394,51,18,9,9,33,27,6,35.294117647058826,17.647058823529413,17.647058823529413,64.70588235294117,52.94117647058824,11.76470588235294
E00179398,324,62,20,42,262,222,40,19.1358024691358,6.172839506172839,12.962962962962962,80.8641975308642,68.51851851851852,12.345679012345679
E00179399,255,62,16,46,193,156,37,24.313725490196077,6.2745098039215685,18.03921568627451,75.68627450980392,61.1764705882353,14.50980392156863
E00179400,137,32,13,19,105,82,23,23.357664233576642,9.48905109489051,13.86861313868613,76.64233576642336,59.854014598540154,16.78832116788321
E00179401,24,5,1,4,19,17,2,20.833333333333336,4.166666666666666,16.666666666666664,79.16666666666666,70.83333333333334,8.333333333333332
E00179402,286,61,19,42,225,194,31,21.328671328671327,6.643356643356643,14.685314685314685,78.67132867132867,67.83216783216784,10.839160839160838
E00179403,65,21,4,17,44,33,11,32.30769230769231,6.153846153846154,26.153846153846157,67.6923076923077,50.76923076923077,16.923076923076923
E00179404,221,57,25,32,164,99,65,25.791855203619914,11.312217194570136,14.479638009049776,74.2081447963801,44.79638009049774,29.411764705882355
E00179405,145,34,10,24,111,94,17,23.448275862068964,6.896551724137931,16.551724137931036,76.55172413793103,64.82758620689654,11.724137931034482
E00179409,245,82,27,55,163,151,12,33.46938775510204,11.020408163265307,22.448979591836736,66.53061224489795,61.63265306122449,4.8979591836734695
E00179411,67,26,7,19,41,34,7,38.80597014925373,10.44776119402985,28.35820895522388,61.19402985074627,50.74626865671642,10.44776119402985
E00179412,62,22,10,12,40,29,11,35.483870967741936,16.129032258064516,19.35483870967742,64.51612903225806,46.774193548387096,17.741935483870968
E00179414,50,11,4,7,39,31,8,22,8,14.000000000000002,78,62,16
E00179416,117,27,12,15,90,81,9,23.076923076923077,10.256410256410255,12.82051282051282,76.92307692307693,69.23076923076923,7.6923076923076925
E00179417,276,60,17,43,216,181,35,21.73913043478261,6.159420289855073,15.579710144927535,78.26086956521739,65.57971014492753,12.681159420289855
E00179419,203,33,7,26,170,152,18,16.25615763546798,3.4482758620689653,12.807881773399016,83.74384236453201,74.8768472906404,8.866995073891626
E00179421,109,32,10,22,77,70,7,29.357798165137616,9.174311926605505,20.18348623853211,70.64220183486239,64.22018348623854,6.422018348623854
E00179422,154,39,12,27,115,88,27,25.324675324675322,7.792207792207792,17.532467532467532,74.67532467532467,57.14285714285714,17.532467532467532
E00179424,117,30,9,21,87,78,9,25.64102564102564,7.6923076923076925,17.94871794871795,74.35897435897436,66.66666666666666,7.6923076923076925
E00179428,285,90,29,61,195,149,46,31.57894736842105,10.175438596491228,21.403508771929825,68.42105263157895,52.28070175438596,16.140350877192983
E00179430,78,16,3,13,62,55,7,20.51282051282051,3.8461538461538463,16.666666666666664,79.48717948717949,70.51282051282051,8.974358974358974
