OA,ts0380001,ts0380002,ts0380003,ts0380004,ts0380005,ts0380006,ts0380007,ts0380002_PCT,ts0380003_PCT,ts0380004_PCT,ts0380005_PCT,ts0380006_PCT,ts0380007_PCT
E00162029,317,45,17,28,272,22,250,14.195583596214512,5.3627760252365935,8.832807570977918,85.8044164037855,6.940063091482649,78.86435331230284
E00162030,382,60,18,42,322,43,279,15.706806282722512,4.712041884816754,10.99476439790576,84.29319371727748,11.2565445026178,73.03664921465969
E00162031,312,62,24,38,250,26,224,19.871794871794872,7.6923076923076925,12.179487179487179,80.12820512820514,8.333333333333332,71.7948717948718
E00162032,328,48,13,35,280,33,247,14.634146341463413,3.9634146341463414,10.670731707317072,85.36585365853658,10.060975609756099,75.3048780487805
E00162033,382,57,20,37,325,37,288,14.921465968586386,5.2356020942408374,9.68586387434555,85.07853403141361,9.68586387434555,75.39267015706807
E00162034,307,42,14,28,265,25,240,13.680781758957655,4.5602605863192185,9.120521172638437,86.31921824104235,8.143322475570033,78.17589576547232
E00162035,357,47,17,30,310,28,282,13.165266106442578,4.761904761904762,8.403361344537815,86.83473389355743,7.8431372549019605,78.99159663865547
E00162036,366,55,12,43,311,30,281,15.027322404371585,3.278688524590164,11.748633879781421,84.97267759562843,8.19672131147541,76.775956284153
E00162037,315,42,11,31,273,21,252,13.333333333333334,3.492063492063492,9.841269841269842,86.66666666666667,6.666666666666667,80
E00162038,356,33,11,22,323,25,298,9.269662921348315,3.089887640449438,6.179775280898876,90.73033707865169,7.02247191011236,83.70786516853933
E00162039,290,42,12,30,248,22,226,14.482758620689657,4.137931034482759,10.344827586206897,85.51724137931035,7.586206896551724,77.93103448275862
E00162040,291,52,14,38,239,26,213,17.869415807560138,4.810996563573884,13.058419243986256,82.13058419243985,8.934707903780069,73.19587628865979
E00162041,305,54,30,24,251,26,225,17.704918032786885,9.836065573770492,7.868852459016394,82.29508196721311,8.524590163934425,73.77049180327869
E00162042,333,53,12,41,280,25,255,15.915915915915916,3.6036036036036037,12.312312312312311,84.08408408408408,7.5075075075075075,76.57657657657657
E00162043,268,47,11,36,221,14,207,17.537313432835823,4.104477611940299,13.432835820895523,82.46268656716418,5.223880597014925,77.23880597014924
E00162044,248,30,12,18,218,19,199,12.096774193548388,4.838709677419355,7.258064516129033,87.90322580645162,7.661290322580645,80.24193548387096
E00162045,364,49,12,37,315,29,286,13.461538461538462,3.296703296703297,10.164835164835164,86.53846153846155,7.967032967032966,78.57142857142857
E00162046,232,59,22,37,173,27,146,25.43103448275862,9.482758620689655,15.948275862068966,74.56896551724138,11.637931034482758,62.93103448275862
E00162047,270,48,23,25,222,19,203,17.77777777777778,8.518518518518519,9.25925925925926,82.22222222222221,7.037037037037037,75.18518518518519
E00162048,387,85,35,50,302,32,270,21.963824289405682,9.043927648578812,12.919896640826872,78.0361757105943,8.2687338501292,69.76744186046511
E00162049,449,75,21,54,374,34,340,16.70378619153675,4.67706013363029,12.026726057906458,83.29621380846325,7.57238307349666,75.7238307349666
E00162050,381,63,18,45,318,30,288,16.535433070866144,4.724409448818897,11.811023622047244,83.46456692913385,7.874015748031496,75.59055118110236
E00162051,316,40,12,28,276,21,255,12.658227848101266,3.79746835443038,8.860759493670885,87.34177215189874,6.6455696202531636,80.69620253164557
E00162052,379,54,18,36,325,34,291,14.24802110817942,4.749340369393139,9.498680738786279,85.75197889182058,8.970976253298153,76.78100263852242
E00162053,395,59,20,39,336,38,298,14.936708860759493,5.063291139240507,9.873417721518987,85.0632911392405,9.620253164556962,75.44303797468355
E00162054,239,67,34,33,172,19,153,28.03347280334728,14.225941422594143,13.807531380753138,71.96652719665272,7.949790794979079,64.01673640167364
E00162055,386,100,51,49,286,27,259,25.906735751295333,13.21243523316062,12.694300518134716,74.09326424870466,6.994818652849741,67.09844559585493
E00162056,355,79,41,38,276,23,253,22.253521126760564,11.549295774647888,10.704225352112676,77.74647887323944,6.478873239436619,71.26760563380282
E00162057,340,63,21,42,277,18,259,18.529411764705884,6.176470588235294,12.352941176470589,81.47058823529412,5.294117647058823,76.17647058823529
E00162059,290,54,17,37,236,16,220,18.620689655172416,5.862068965517241,12.758620689655173,81.37931034482759,5.517241379310345,75.86206896551724
E00162060,336,54,17,37,282,24,258,16.071428571428573,5.059523809523809,11.011904761904761,83.92857142857143,7.142857142857142,76.78571428571429
E00162061,288,67,30,37,221,32,189,23.26388888888889,10.416666666666668,12.847222222222221,76.73611111111111,11.11111111111111,65.625
E00162062,302,66,31,35,236,23,213,21.85430463576159,10.264900662251655,11.589403973509933,78.1456953642384,7.6158940397351,70.52980132450331
E00162063,254,68,20,48,186,19,167,26.77165354330709,7.874015748031496,18.89763779527559,73.22834645669292,7.480314960629922,65.74803149606299
E00162064,529,101,40,61,428,39,389,19.092627599243855,7.561436672967864,11.531190926275993,80.90737240075615,7.372400756143667,73.53497164461248
E00162065,371,109,49,60,262,13,249,29.380053908355798,13.20754716981132,16.172506738544474,70.61994609164421,3.5040431266846364,67.11590296495957
E00162066,391,93,44,49,298,24,274,23.785166240409207,11.253196930946292,12.531969309462914,76.21483375959079,6.138107416879795,70.076726342711
E00162067,334,49,10,39,285,24,261,14.67065868263473,2.9940119760479043,11.676646706586826,85.32934131736528,7.18562874251497,78.1437125748503
E00162068,317,54,18,36,263,29,234,17.034700315457414,5.678233438485805,11.35646687697161,82.96529968454259,9.14826498422713,73.81703470031546
E00162069,286,67,33,34,219,28,191,23.426573426573427,11.538461538461538,11.888111888111888,76.57342657342657,9.79020979020979,66.78321678321679
E00162070,282,51,23,28,231,20,211,18.085106382978726,8.156028368794328,9.929078014184398,81.91489361702128,7.092198581560284,74.822695035461
E00162071,293,49,7,42,244,39,205,16.723549488054605,2.3890784982935154,14.334470989761092,83.27645051194538,13.310580204778159,69.96587030716724
E00162072,283,45,15,30,238,23,215,15.901060070671377,5.30035335689046,10.60070671378092,84.09893992932862,8.12720848056537,75.97173144876325
E00162073,311,61,27,34,250,22,228,19.614147909967848,8.681672025723474,10.932475884244374,80.38585209003215,7.07395498392283,73.31189710610933
E00162074,259,52,19,33,207,29,178,20.077220077220076,7.335907335907336,12.741312741312742,79.92277992277992,11.196911196911197,68.72586872586872
E00162075,367,88,45,43,279,32,247,23.978201634877383,12.26158038147139,11.716621253405995,76.02179836512262,8.71934604904632,67.30245231607628
E00162076,320,86,41,45,234,15,219,26.875,12.812499999999998,14.0625,73.125,4.6875,68.4375
E00162077,258,93,49,44,165,20,145,36.04651162790697,18.992248062015506,17.05426356589147,63.95348837209303,7.751937984496124,56.201550387596896
E00162078,277,49,24,25,228,26,202,17.689530685920577,8.664259927797833,9.025270758122744,82.31046931407943,9.386281588447654,72.92418772563177
E00162079,294,48,17,31,246,18,228,16.3265306122449,5.782312925170068,10.54421768707483,83.6734693877551,6.122448979591836,77.55102040816327
E00162080,308,57,22,35,251,18,233,18.506493506493506,7.142857142857142,11.363636363636363,81.4935064935065,5.844155844155844,75.64935064935064
E00162081,329,84,42,42,245,20,225,25.53191489361702,12.76595744680851,12.76595744680851,74.46808510638297,6.079027355623101,68.38905775075987
E00162083,290,68,29,39,222,18,204,23.448275862068964,10,13.448275862068964,76.55172413793103,6.206896551724138,70.34482758620689
E00162084,315,90,38,52,225,17,208,28.57142857142857,12.063492063492063,16.507936507936506,71.42857142857143,5.396825396825397,66.03174603174602
E00162085,210,43,13,30,167,16,151,20.476190476190474,6.190476190476191,14.285714285714285,79.52380952380952,7.6190476190476195,71.9047619047619
E00162086,327,128,61,67,199,16,183,39.14373088685015,18.654434250764528,20.489296636085626,60.85626911314985,4.892966360856269,55.96330275229357
E00162087,298,69,32,37,229,24,205,23.154362416107382,10.738255033557047,12.416107382550337,76.84563758389261,8.053691275167784,68.79194630872483
E00162088,247,68,29,39,179,18,161,27.530364372469634,11.740890688259109,15.789473684210526,72.46963562753037,7.28744939271255,65.18218623481782
E00162091,248,34,9,25,214,22,192,13.709677419354838,3.6290322580645165,10.080645161290322,86.29032258064517,8.870967741935484,77.41935483870968
E00162092,310,72,26,46,238,27,211,23.225806451612904,8.38709677419355,14.838709677419354,76.77419354838709,8.709677419354838,68.06451612903226
E00162093,158,67,38,29,91,10,81,42.405063291139236,24.050632911392405,18.354430379746837,57.59493670886076,6.329113924050633,51.26582278481012
E00162094,383,74,18,56,309,29,280,19.321148825065272,4.699738903394255,14.621409921671018,80.67885117493474,7.5718015665796345,73.10704960835508
E00162095,310,60,22,38,250,13,237,19.35483870967742,7.096774193548387,12.258064516129032,80.64516129032258,4.193548387096775,76.45161290322581
E00162097,198,57,31,26,141,13,128,28.78787878787879,15.656565656565657,13.131313131313133,71.21212121212122,6.565656565656567,64.64646464646465
E00162098,316,41,13,28,275,36,239,12.974683544303797,4.113924050632911,8.860759493670885,87.0253164556962,11.39240506329114,75.63291139240506
E00162099,456,99,42,57,357,31,326,21.710526315789476,9.210526315789473,12.5,78.28947368421053,6.798245614035088,71.49122807017544
E00162100,454,69,25,44,385,40,345,15.198237885462554,5.506607929515418,9.691629955947137,84.80176211453745,8.81057268722467,75.99118942731278
E00162101,323,57,27,30,266,18,248,17.647058823529413,8.359133126934983,9.287925696594428,82.35294117647058,5.572755417956656,76.78018575851394
E00162102,320,57,24,33,263,20,243,17.8125,7.5,10.3125,82.1875,6.25,75.9375
E00162103,324,70,27,43,254,21,233,21.604938271604937,8.333333333333332,13.271604938271606,78.39506172839506,6.481481481481481,71.91358024691358
E00162104,242,28,9,19,214,22,192,11.570247933884298,3.71900826446281,7.851239669421488,88.42975206611571,9.090909090909092,79.33884297520662
E00162105,303,64,25,39,239,13,226,21.122112211221122,8.25082508250825,12.871287128712872,78.87788778877888,4.29042904290429,74.58745874587459
E00162107,295,49,17,32,246,24,222,16.610169491525422,5.762711864406779,10.847457627118644,83.38983050847457,8.135593220338983,75.2542372881356
E00162108,261,54,16,38,207,13,194,20.689655172413794,6.130268199233716,14.559386973180077,79.3103448275862,4.980842911877394,74.32950191570882
E00162109,331,111,68,43,220,18,202,33.53474320241692,20.54380664652568,12.990936555891238,66.46525679758308,5.438066465256798,61.027190332326285
E00162110,345,80,33,47,265,18,247,23.18840579710145,9.565217391304348,13.623188405797102,76.81159420289855,5.217391304347826,71.59420289855073
E00162111,325,60,25,35,265,26,239,18.461538461538463,7.6923076923076925,10.76923076923077,81.53846153846153,8,73.53846153846155
E00162112,232,37,11,26,195,20,175,15.948275862068966,4.741379310344827,11.206896551724139,84.05172413793103,8.620689655172415,75.43103448275862
E00162113,317,101,62,39,216,23,193,31.861198738170348,19.558359621451103,12.302839116719243,68.13880126182966,7.255520504731862,60.88328075709779
E00162114,275,67,31,36,208,24,184,24.363636363636363,11.272727272727273,13.090909090909092,75.63636363636364,8.727272727272728,66.9090909090909
E00162115,306,75,23,52,231,20,211,24.509803921568626,7.516339869281046,16.99346405228758,75.49019607843137,6.535947712418301,68.95424836601308
E00162116,238,45,17,28,193,22,171,18.907563025210084,7.142857142857142,11.76470588235294,81.09243697478992,9.243697478991598,71.84873949579831
E00162117,288,47,12,35,241,26,215,16.319444444444446,4.166666666666666,12.152777777777777,83.68055555555556,9.027777777777777,74.65277777777779
E00162118,289,36,8,28,253,18,235,12.45674740484429,2.768166089965398,9.688581314878892,87.5432525951557,6.228373702422145,81.31487889273356
E00162119,297,42,12,30,255,26,229,14.14141414141414,4.040404040404041,10.1010101010101,85.85858585858585,8.754208754208754,77.10437710437711
E00162120,251,71,31,40,180,26,154,28.286852589641438,12.350597609561753,15.936254980079681,71.71314741035857,10.358565737051793,61.354581673306775
E00162121,286,50,13,37,236,16,220,17.482517482517483,4.545454545454546,12.937062937062937,82.51748251748252,5.594405594405594,76.92307692307693
E00162122,341,54,16,38,287,24,263,15.835777126099707,4.69208211143695,11.143695014662756,84.1642228739003,7.038123167155426,77.12609970674487
E00162123,396,81,41,40,315,34,281,20.454545454545457,10.353535353535353,10.1010101010101,79.54545454545455,8.585858585858585,70.95959595959596
E00162124,264,84,35,49,180,22,158,31.818181818181817,13.257575757575758,18.560606060606062,68.18181818181817,8.333333333333332,59.84848484848485
E00162125,377,71,36,35,306,25,281,18.83289124668435,9.549071618037134,9.283819628647215,81.16710875331566,6.631299734748011,74.53580901856765
E00162126,316,60,21,39,256,38,218,18.9873417721519,6.6455696202531636,12.341772151898734,81.0126582278481,12.025316455696203,68.9873417721519
E00162127,330,60,23,37,270,31,239,18.181818181818183,6.969696969696971,11.212121212121213,81.81818181818183,9.393939393939393,72.42424242424242
E00162128,275,97,63,34,178,20,158,35.27272727272727,22.90909090909091,12.363636363636363,64.72727272727272,7.2727272727272725,57.45454545454546
E00162129,234,38,10,28,196,22,174,16.23931623931624,4.273504273504273,11.965811965811966,83.76068376068376,9.401709401709402,74.35897435897436
E00162130,345,45,9,36,300,27,273,13.043478260869565,2.608695652173913,10.434782608695652,86.95652173913044,7.82608695652174,79.13043478260869
E00162131,224,52,19,33,172,31,141,23.214285714285715,8.482142857142858,14.732142857142858,76.78571428571429,13.839285714285715,62.94642857142857
E00162132,295,52,17,35,243,19,224,17.627118644067796,5.762711864406779,11.864406779661017,82.37288135593221,6.440677966101695,75.9322033898305
E00162133,251,63,27,36,188,17,171,25.099601593625497,10.756972111553784,14.342629482071715,74.9003984063745,6.772908366533864,68.12749003984064
E00162134,289,55,19,36,234,15,219,19.031141868512112,6.5743944636678195,12.45674740484429,80.96885813148789,5.190311418685121,75.77854671280276
E00162135,251,58,23,35,193,25,168,23.107569721115535,9.163346613545817,13.94422310756972,76.89243027888446,9.9601593625498,66.93227091633466
E00162136,299,58,30,28,241,21,220,19.39799331103679,10.033444816053512,9.364548494983277,80.60200668896321,7.023411371237458,73.57859531772574
E00162137,382,45,17,28,337,42,295,11.780104712041885,4.450261780104712,7.329842931937172,88.21989528795811,10.99476439790576,77.22513089005236
E00162138,260,30,8,22,230,23,207,11.538461538461538,3.076923076923077,8.461538461538462,88.46153846153845,8.846153846153847,79.61538461538461
E00162139,368,53,19,34,315,21,294,14.402173913043478,5.163043478260869,9.239130434782608,85.59782608695652,5.706521739130435,79.8913043478261
E00162140,315,43,16,27,272,17,255,13.65079365079365,5.079365079365079,8.571428571428571,86.34920634920636,5.396825396825397,80.95238095238095
E00162141,296,62,26,36,234,20,214,20.945945945945947,8.783783783783784,12.162162162162163,79.05405405405406,6.756756756756757,72.2972972972973
E00162142,274,49,19,30,225,12,213,17.88321167883212,6.934306569343065,10.948905109489052,82.11678832116789,4.37956204379562,77.73722627737226
E00162143,272,47,16,31,225,24,201,17.27941176470588,5.88235294117647,11.397058823529411,82.72058823529412,8.823529411764707,73.89705882352942
E00162144,289,48,13,35,241,32,209,16.608996539792386,4.498269896193772,12.110726643598616,83.39100346020761,11.072664359861593,72.31833910034602
E00162145,201,57,22,35,144,24,120,28.35820895522388,10.945273631840797,17.412935323383085,71.64179104477611,11.940298507462686,59.70149253731343
E00162146,337,75,37,38,262,28,234,22.255192878338278,10.979228486646884,11.275964391691394,77.74480712166172,8.30860534124629,69.43620178041543
E00162147,310,59,22,37,251,19,232,19.032258064516128,7.096774193548387,11.935483870967742,80.96774193548387,6.129032258064516,74.83870967741936
E00162148,326,56,26,30,270,31,239,17.177914110429448,7.975460122699387,9.202453987730062,82.82208588957054,9.509202453987731,73.31288343558282
E00162149,355,55,12,43,300,34,266,15.492957746478872,3.3802816901408446,12.112676056338028,84.50704225352112,9.577464788732394,74.92957746478874
E00162150,315,49,25,24,266,27,239,15.555555555555555,7.936507936507936,7.6190476190476195,84.44444444444444,8.571428571428571,75.87301587301587
E00162151,341,55,18,37,286,27,259,16.129032258064516,5.278592375366569,10.850439882697946,83.87096774193549,7.9178885630498534,75.95307917888563
E00162152,362,50,16,34,312,29,283,13.812154696132598,4.41988950276243,9.392265193370166,86.1878453038674,8.011049723756907,78.1767955801105
E00162153,326,38,5,33,288,37,251,11.65644171779141,1.5337423312883436,10.122699386503067,88.34355828220859,11.349693251533742,76.99386503067484
E00162154,374,45,15,30,329,31,298,12.032085561497325,4.0106951871657754,8.0213903743315509,87.96791443850267,8.288770053475936,79.67914438502673
E00162155,358,100,45,55,258,20,238,27.932960893854748,12.569832402234638,15.363128491620111,72.06703910614524,5.58659217877095,66.4804469273743
E00162156,319,32,17,15,287,30,257,10.031347962382444,5.329153605015674,4.702194357366771,89.96865203761756,9.404388714733543,80.56426332288402
E00162157,322,59,21,38,263,23,240,18.32298136645963,6.521739130434782,11.801242236024844,81.67701863354037,7.142857142857142,74.53416149068323
E00162158,340,35,8,27,305,20,285,10.294117647058822,2.3529411764705883,7.941176470588235,89.70588235294117,5.88235294117647,83.82352941176471
E00162159,276,46,12,34,230,27,203,16.666666666666664,4.3478260869565215,12.318840579710146,83.33333333333334,9.782608695652174,73.55072463768117
E00162160,297,38,14,24,259,33,226,12.794612794612794,4.713804713804714,8.080808080808081,87.20538720538721,11.11111111111111,76.0942760942761
E00162161,317,46,19,27,271,20,251,14.511041009463725,5.993690851735016,8.517350157728707,85.48895899053628,6.309148264984227,79.17981072555204
E00162162,192,51,16,35,141,16,125,26.5625,8.333333333333332,18.229166666666664,73.4375,8.333333333333332,65.10416666666666
E00162163,355,58,21,37,297,31,266,16.338028169014084,5.915492957746479,10.422535211267606,83.66197183098592,8.732394366197182,74.92957746478874
E00162164,265,33,10,23,232,26,206,12.452830188679245,3.7735849056603774,8.679245283018867,87.54716981132076,9.811320754716983,77.73584905660378
E00162165,332,51,23,28,281,22,259,15.36144578313253,6.927710843373494,8.433734939759036,84.63855421686746,6.626506024096386,78.01204819277109
E00162166,293,44,16,28,249,21,228,15.017064846416384,5.460750853242321,9.556313993174061,84.98293515358361,7.167235494880546,77.81569965870307
E00162167,257,51,18,33,206,29,177,19.844357976653697,7.003891050583658,12.840466926070038,80.1556420233463,11.284046692607005,68.8715953307393
E00162168,279,64,21,43,215,20,195,22.939068100358423,7.526881720430108,15.412186379928317,77.06093189964157,7.168458781362006,69.89247311827957
E00162169,303,36,11,25,267,23,244,11.881188118811881,3.6303630363036308,8.25082508250825,88.11881188118812,7.590759075907591,80.52805280528052
E00162170,354,50,17,33,304,31,273,14.124293785310735,4.80225988700565,9.322033898305085,85.87570621468926,8.757062146892656,77.11864406779661
E00162171,299,64,24,40,235,28,207,21.40468227424749,8.02675585284281,13.377926421404682,78.59531772575251,9.364548494983277,69.23076923076923
E00162172,279,55,20,35,224,28,196,19.71326164874552,7.168458781362006,12.544802867383511,80.28673835125448,10.03584229390681,70.25089605734766
E00162173,268,55,21,34,213,24,189,20.522388059701495,7.835820895522389,12.686567164179104,79.47761194029852,8.955223880597014,70.52238805970148
E00162174,291,37,14,23,254,26,228,12.714776632302405,4.810996563573884,7.903780068728522,87.2852233676976,8.934707903780069,78.35051546391753
E00162175,264,57,30,27,207,15,192,21.59090909090909,11.363636363636363,10.227272727272728,78.4090909090909,5.681818181818182,72.72727272727273
E00162176,318,52,22,30,266,25,241,16.352201257861633,6.918238993710692,9.433962264150944,83.64779874213836,7.861635220125786,75.78616352201259
E00162177,284,64,19,45,220,23,197,22.535211267605636,6.690140845070422,15.845070422535212,77.46478873239437,8.098591549295776,69.36619718309859
E00162178,285,48,20,28,237,26,211,16.842105263157894,7.017543859649122,9.824561403508772,83.15789473684211,9.12280701754386,74.03508771929825
E00162179,330,46,20,26,284,24,260,13.939393939393941,6.0606060606060606,7.878787878787878,86.06060606060606,7.2727272727272725,78.78787878787878
E00162180,254,58,24,34,196,22,174,22.83464566929134,9.448818897637794,13.385826771653544,77.16535433070865,8.661417322834646,68.50393700787401
E00162181,298,81,41,40,217,20,197,27.181208053691275,13.758389261744966,13.422818791946309,72.81879194630872,6.7114093959731544,66.10738255033557
E00162182,334,43,15,28,291,21,270,12.874251497005988,4.491017964071856,8.383233532934131,87.12574850299401,6.287425149700598,80.83832335329342
E00162183,251,47,17,30,204,9,195,18.725099601593627,6.772908366533864,11.952191235059761,81.27490039840637,3.5856573705179287,77.68924302788844
E00162184,272,64,32,32,208,25,183,23.52941176470588,11.76470588235294,11.76470588235294,76.47058823529412,9.191176470588236,67.27941176470588
E00162185,219,45,23,22,174,24,150,20.54794520547945,10.50228310502283,10.045662100456621,79.45205479452055,10.95890410958904,68.4931506849315
E00162186,271,52,17,35,219,16,203,19.18819188191882,6.273062730627306,12.915129151291513,80.81180811808119,5.904059040590406,74.90774907749078
E00162187,301,56,25,31,245,23,222,18.6046511627907,8.305647840531561,10.299003322259136,81.3953488372093,7.641196013289036,73.75415282392026
E00162188,332,98,63,35,234,20,214,29.518072289156628,18.97590361445783,10.542168674698797,70.48192771084338,6.024096385542169,64.45783132530121
E00162189,218,57,23,34,161,20,141,26.146788990825687,10.550458715596331,15.59633027522936,73.85321100917432,9.174311926605505,64.6788990825688
E00162190,271,65,35,30,206,16,190,23.985239852398525,12.915129151291513,11.07011070110701,76.01476014760148,5.904059040590406,70.11070110701108
E00162191,333,58,22,36,275,23,252,17.417417417417415,6.606606606606606,10.81081081081081,82.58258258258259,6.906906906906906,75.67567567567568
E00162192,231,49,18,31,182,24,158,21.21212121212121,7.792207792207792,13.41991341991342,78.78787878787878,10.38961038961039,68.3982683982684
E00162193,217,66,23,43,151,19,132,30.414746543778804,10.599078341013826,19.81566820276498,69.5852534562212,8.755760368663594,60.82949308755761
E00162194,257,52,23,29,205,18,187,20.233463035019454,8.949416342412452,11.284046692607005,79.76653696498055,7.003891050583658,72.76264591439688
E00162195,249,44,12,32,205,37,168,17.670682730923694,4.819277108433735,12.851405622489958,82.32931726907631,14.859437751004014,67.46987951807229
E00162196,359,53,20,33,306,28,278,14.763231197771587,5.571030640668524,9.192200557103064,85.23676880222841,7.7994428969359335,77.43732590529248
E00162197,282,44,20,24,238,24,214,15.602836879432624,7.092198581560284,8.51063829787234,84.39716312056737,8.51063829787234,75.88652482269504
E00162198,265,85,57,28,180,27,153,32.075471698113205,21.50943396226415,10.566037735849058,67.9245283018868,10.18867924528302,57.73584905660377
E00162199,368,115,46,69,253,31,222,31.25,12.5,18.75,68.75,8.423913043478262,60.32608695652174
E00162200,262,62,25,37,200,22,178,23.66412213740458,9.541984732824428,14.122137404580155,76.33587786259542,8.396946564885496,67.93893129770993
E00162201,214,41,10,31,173,25,148,19.158878504672895,4.672897196261682,14.485981308411214,80.8411214953271,11.682242990654206,69.1588785046729
E00162202,322,56,20,36,266,22,244,17.391304347826086,6.211180124223603,11.180124223602485,82.6086956521739,6.832298136645963,75.77639751552795
E00162203,286,53,13,40,233,24,209,18.53146853146853,4.545454545454546,13.986013986013987,81.46853146853147,8.391608391608392,73.07692307692307
E00162204,159,45,22,23,114,17,97,28.30188679245283,13.836477987421384,14.465408805031446,71.69811320754717,10.69182389937107,61.0062893081761
E00162205,265,66,25,41,199,23,176,24.90566037735849,9.433962264150944,15.471698113207546,75.09433962264151,8.679245283018867,66.41509433962264
E00162206,298,49,19,30,249,20,229,16.44295302013423,6.375838926174497,10.06711409395973,83.55704697986577,6.7114093959731544,76.84563758389261
E00162207,303,61,23,38,242,24,218,20.13201320132013,7.590759075907591,12.541254125412541,79.86798679867987,7.920792079207921,71.94719471947195
E00162208,283,42,11,31,241,30,211,14.840989399293287,3.8869257950530036,10.954063604240282,85.15901060070671,10.60070671378092,74.55830388692578
E00162209,273,88,48,40,185,32,153,32.234432234432234,17.582417582417584,14.652014652014653,67.76556776556777,11.72161172161172,56.043956043956044
E00162210,277,48,21,27,229,26,203,17.328519855595665,7.581227436823104,9.747292418772563,82.67148014440433,9.386281588447654,73.28519855595668
E00162211,375,119,87,32,256,21,235,31.733333333333334,23.200000000000003,8.533333333333333,68.26666666666667,5.6000000000000005,62.66666666666667
E00162212,508,117,65,52,391,37,354,23.031496062992126,12.795275590551181,10.236220472440944,76.96850393700787,7.283464566929133,69.68503937007874
E00162213,275,79,35,44,196,22,174,28.72727272727273,12.727272727272727,16,71.27272727272728,8,63.272727272727266
E00162214,309,68,41,27,241,22,219,22.006472491909385,13.268608414239482,8.737864077669903,77.99352750809061,7.119741100323624,70.87378640776699
E00162215,304,76,51,25,228,26,202,25,16.776315789473685,8.223684210526317,75,8.552631578947368,66.44736842105263
E00162216,265,90,42,48,175,16,159,33.9622641509434,15.849056603773585,18.11320754716981,66.0377358490566,6.037735849056604,60
E00162217,351,179,99,80,172,27,145,50.997150997150996,28.205128205128204,22.79202279202279,49.002849002849004,7.6923076923076925,41.31054131054131
E00162218,277,136,98,38,141,15,126,49.09747292418773,35.37906137184115,13.718411552346572,50.90252707581227,5.415162454873646,45.48736462093863
E00162219,238,40,10,30,198,23,175,16.80672268907563,4.201680672268908,12.605042016806722,83.19327731092437,9.663865546218489,73.52941176470588
E00162220,230,91,56,35,139,20,119,39.565217391304344,24.347826086956523,15.217391304347828,60.43478260869565,8.695652173913043,51.73913043478261
E00162221,307,83,35,48,224,24,200,27.035830618892508,11.400651465798045,15.63517915309446,72.9641693811075,7.81758957654723,65.14657980456026
E00162222,269,59,31,28,210,19,191,21.933085501858738,11.524163568773234,10.408921933085502,78.06691449814126,7.063197026022305,71.00371747211895
E00162223,323,106,53,53,217,28,189,32.81733746130031,16.408668730650156,16.408668730650156,67.18266253869969,8.6687306501548,58.51393188854489
E00162224,223,49,12,37,174,11,163,21.973094170403588,5.381165919282512,16.591928251121075,78.02690582959642,4.932735426008969,73.09417040358744
E00162225,268,65,28,37,203,16,187,24.253731343283583,10.44776119402985,13.805970149253731,75.74626865671642,5.970149253731343,69.77611940298507
E00162226,254,61,22,39,193,25,168,24.015748031496063,8.661417322834646,15.354330708661418,75.98425196850394,9.84251968503937,66.14173228346458
E00162227,336,41,11,30,295,24,271,12.202380952380953,3.273809523809524,8.928571428571429,87.79761904761905,7.142857142857142,80.65476190476191
E00162228,260,51,10,41,209,22,187,19.615384615384617,3.8461538461538463,15.769230769230768,80.38461538461539,8.461538461538462,71.92307692307692
E00162229,333,31,7,24,302,35,267,9.30930930930931,2.1021021021021022,7.207207207207207,90.69069069069069,10.51051051051051,80.18018018018019
E00162230,331,50,16,34,281,27,254,15.105740181268882,4.833836858006042,10.27190332326284,84.89425981873111,8.157099697885197,76.73716012084593
E00162231,312,55,17,38,257,27,230,17.628205128205128,5.448717948717949,12.179487179487179,82.37179487179486,8.653846153846153,73.71794871794873
E00162232,332,58,21,37,274,42,232,17.46987951807229,6.325301204819277,11.144578313253012,82.53012048192771,12.650602409638553,69.87951807228916
E00162233,331,35,9,26,296,29,267,10.574018126888216,2.719033232628399,7.854984894259818,89.42598187311178,8.761329305135952,80.66465256797582
E00162234,350,44,15,29,306,29,277,12.571428571428573,4.285714285714286,8.285714285714285,87.42857142857143,8.285714285714285,79.14285714285715
E00162235,237,67,35,32,170,16,154,28.270042194092827,14.767932489451477,13.502109704641349,71.72995780590718,6.751054852320674,64.9789029535865
E00162236,294,41,18,23,253,28,225,13.945578231292515,6.122448979591836,7.8231292517006805,86.05442176870748,9.523809523809524,76.53061224489795
E00162237,239,46,16,30,193,16,177,19.246861924686193,6.694560669456067,12.552301255230125,80.75313807531381,6.694560669456067,74.05857740585773
E00162238,247,59,21,38,188,25,163,23.88663967611336,8.502024291497975,15.384615384615385,76.11336032388664,10.121457489878543,65.9919028340081
E00162239,302,95,65,30,207,22,185,31.456953642384107,21.52317880794702,9.933774834437086,68.54304635761589,7.28476821192053,61.258278145695364
E00162240,358,51,14,37,307,23,284,14.24581005586592,3.910614525139665,10.335195530726256,85.75418994413407,6.424581005586592,79.3296089385475
E00162241,291,48,17,31,243,20,223,16.49484536082474,5.841924398625429,10.652920962199312,83.50515463917526,6.872852233676976,76.6323024054983
E00162242,257,87,49,38,170,18,152,33.85214007782101,19.06614785992218,14.785992217898833,66.14785992217898,7.003891050583658,59.143968871595334
E00162243,243,38,17,21,205,22,183,15.637860082304528,6.995884773662551,8.641975308641975,84.36213991769547,9.053497942386832,75.30864197530865
E00162244,202,55,21,34,147,17,130,27.22772277227723,10.396039603960396,16.831683168316832,72.77227722772277,8.415841584158416,64.35643564356435
E00162245,253,52,15,37,201,27,174,20.55335968379447,5.928853754940711,14.624505928853754,79.44664031620553,10.67193675889328,68.77470355731225
E00162246,212,59,28,31,153,18,135,27.830188679245282,13.20754716981132,14.622641509433961,72.16981132075472,8.49056603773585,63.67924528301887
E00162247,273,33,10,23,240,21,219,12.087912087912088,3.6630036630036633,8.424908424908425,87.91208791208791,7.6923076923076925,80.21978021978022
E00162248,280,50,18,32,230,30,200,17.857142857142858,6.428571428571428,11.428571428571429,82.14285714285714,10.714285714285714,71.42857142857143
E00162249,225,49,18,31,176,22,154,21.777777777777775,8,13.777777777777779,78.22222222222223,9.777777777777779,68.44444444444444
E00162250,366,59,20,39,307,28,279,16.120218579234972,5.46448087431694,10.655737704918032,83.87978142076503,7.650273224043716,76.22950819672131
E00162251,333,56,27,29,277,31,246,16.816816816816818,8.108108108108109,8.708708708708707,83.18318318318319,9.30930930930931,73.87387387387388
E00162252,292,43,21,22,249,33,216,14.726027397260275,7.191780821917808,7.534246575342466,85.27397260273972,11.301369863013697,73.97260273972603
E00162253,256,45,20,25,211,31,180,17.578125,7.8125,9.765625,82.421875,12.109375,70.3125
E00162254,247,56,21,35,191,24,167,22.672064777327936,8.502024291497975,14.17004048582996,77.32793522267207,9.7165991902834,67.61133603238866
E00162256,349,67,27,40,282,26,256,19.197707736389685,7.736389684813753,11.461318051575931,80.80229226361033,7.4498567335243555,73.35243553008596
E00162257,321,45,16,29,276,23,253,14.018691588785046,4.984423676012461,9.034267912772584,85.98130841121495,7.165109034267912,78.81619937694704
E00162259,262,87,37,50,175,17,158,33.20610687022901,14.122137404580155,19.083969465648856,66.79389312977099,6.488549618320611,60.30534351145038
E00162260,237,30,11,19,207,21,186,12.658227848101266,4.641350210970464,8.016877637130802,87.34177215189874,8.860759493670885,78.48101265822784
E00162261,388,75,28,47,313,30,283,19.329896907216497,7.216494845360824,12.11340206185567,80.6701030927835,7.731958762886598,72.9381443298969
E00162262,339,88,43,45,251,19,232,25.958702064896755,12.684365781710916,13.274336283185843,74.04129793510324,5.604719764011799,68.43657817109144
E00162263,313,37,13,24,276,40,236,11.821086261980831,4.15335463258786,7.667731629392971,88.17891373801918,12.779552715654951,75.39936102236422
E00162264,255,53,22,31,202,19,183,20.784313725490197,8.627450980392156,12.156862745098039,79.2156862745098,7.450980392156863,71.76470588235294
E00162265,522,81,27,54,441,39,402,15.517241379310345,5.172413793103448,10.344827586206897,84.48275862068965,7.471264367816093,77.01149425287356
E00162266,319,72,26,46,247,32,215,22.570532915360502,8.150470219435736,14.420062695924765,77.4294670846395,10.031347962382444,67.39811912225704
E00162267,322,65,22,43,257,26,231,20.18633540372671,6.832298136645963,13.354037267080745,79.8136645962733,8.074534161490684,71.73913043478261
E00162268,340,54,28,26,286,20,266,15.88235294117647,8.235294117647058,7.647058823529412,84.11764705882354,5.88235294117647,78.23529411764706
E00162269,387,86,40,46,301,41,260,22.22222222222222,10.335917312661499,11.886304909560723,77.77777777777779,10.594315245478036,67.18346253229974
E00162270,394,41,16,25,353,22,331,10.406091370558377,4.060913705583756,6.345177664974619,89.59390862944161,5.583756345177665,84.01015228426397
E00162271,317,50,19,31,267,19,248,15.772870662460567,5.993690851735016,9.779179810725552,84.22712933753942,5.993690851735016,78.23343848580441
E00162272,470,55,11,44,415,37,378,11.702127659574469,2.3404255319148937,9.361702127659575,88.29787234042553,7.872340425531915,80.42553191489363
E00162273,372,48,18,30,324,30,294,12.903225806451612,4.838709677419355,8.064516129032258,87.09677419354838,8.064516129032258,79.03225806451613
E00162274,265,42,9,33,223,24,199,15.849056603773585,3.3962264150943398,12.452830188679245,84.15094339622642,9.056603773584905,75.09433962264151
E00162275,312,45,14,31,267,34,233,14.423076923076922,4.487179487179487,9.935897435897436,85.57692307692307,10.897435897435898,74.67948717948718
E00162276,350,69,23,46,281,24,257,19.714285714285715,6.571428571428571,13.142857142857142,80.28571428571428,6.857142857142858,73.42857142857143
E00162277,302,43,15,28,259,28,231,14.23841059602649,4.966887417218543,9.271523178807946,85.76158940397352,9.271523178807946,76.49006622516556
E00162278,322,41,12,29,281,28,253,12.732919254658384,3.7267080745341614,9.006211180124224,87.26708074534162,8.695652173913043,78.57142857142857
E00162279,295,41,13,28,254,24,230,13.898305084745763,4.406779661016949,9.491525423728813,86.10169491525423,8.135593220338983,77.96610169491525
E00162280,338,48,9,39,290,29,261,14.201183431952662,2.6627218934911245,11.538461538461538,85.79881656804734,8.579881656804734,77.2189349112426
E00162281,255,47,17,30,208,20,188,18.43137254901961,6.666666666666667,11.76470588235294,81.56862745098039,7.8431372549019605,73.72549019607844
E00162282,262,50,23,27,212,18,194,19.083969465648856,8.778625954198473,10.305343511450381,80.91603053435115,6.870229007633588,74.04580152671755
E00162283,260,56,23,33,204,19,185,21.53846153846154,8.846153846153847,12.692307692307692,78.46153846153847,7.307692307692308,71.15384615384616
E00162284,329,37,10,27,292,22,270,11.246200607902736,3.0395136778115504,8.206686930091186,88.75379939209726,6.68693009118541,82.06686930091185
E00162285,291,57,21,36,234,22,212,19.587628865979383,7.216494845360824,12.371134020618557,80.41237113402062,7.560137457044673,72.85223367697594
E00162286,378,55,19,36,323,20,303,14.550264550264549,5.026455026455026,9.523809523809524,85.44973544973546,5.291005291005291,80.15873015873017
E00162287,286,44,14,30,242,24,218,15.384615384615385,4.895104895104895,10.48951048951049,84.61538461538461,8.391608391608392,76.22377622377621
E00162288,262,45,18,27,217,31,186,17.17557251908397,6.870229007633588,10.305343511450381,82.82442748091603,11.83206106870229,70.99236641221374
E00162289,280,54,23,31,226,21,205,19.28571428571429,8.214285714285714,11.071428571428571,80.71428571428572,7.5,73.21428571428571
E00162290,371,61,25,36,310,35,275,16.442048517520217,6.738544474393531,9.703504043126685,83.55795148247978,9.433962264150944,74.12398921832884
E00162291,338,51,18,33,287,28,259,15.088757396449704,5.325443786982249,9.763313609467456,84.91124260355029,8.284023668639055,76.62721893491124
E00162292,158,55,24,31,103,16,87,34.810126582278485,15.18987341772152,19.62025316455696,65.18987341772153,10.126582278481013,55.06329113924051
E00162293,371,41,13,28,330,42,288,11.05121293800539,3.5040431266846364,7.547169811320755,88.94878706199461,11.320754716981133,77.62803234501348
E00162294,397,42,13,29,355,26,329,10.579345088161208,3.27455919395466,7.304785894206549,89.4206549118388,6.54911838790932,82.87153652392946
E00162295,222,75,33,42,147,22,125,33.78378378378378,14.864864864864865,18.91891891891892,66.21621621621621,9.90990990990991,56.30630630630631
E00162296,312,77,43,34,235,23,212,24.679487179487182,13.782051282051283,10.897435897435898,75.32051282051282,7.371794871794872,67.94871794871796
E00162297,345,85,49,36,260,25,235,24.637681159420293,14.202898550724639,10.434782608695652,75.36231884057972,7.246376811594203,68.11594202898551
E00162298,383,60,21,39,323,32,291,15.66579634464752,5.483028720626632,10.182767624020887,84.33420365535248,8.355091383812011,75.97911227154047
E00162299,344,72,21,51,272,34,238,20.930232558139537,6.104651162790697,14.825581395348838,79.06976744186046,9.883720930232558,69.18604651162791
E00162300,311,65,28,37,246,22,224,20.90032154340836,9.003215434083602,11.89710610932476,79.09967845659163,7.07395498392283,72.02572347266882
E00162301,280,63,20,43,217,29,188,22.5,7.142857142857142,15.357142857142858,77.5,10.357142857142858,67.14285714285714
E00162302,349,74,33,41,275,30,245,21.20343839541547,9.455587392550143,11.74785100286533,78.79656160458453,8.595988538681947,70.20057306590259
E00162303,288,52,21,31,236,24,212,18.055555555555554,7.291666666666667,10.76388888888889,81.94444444444444,8.333333333333332,73.61111111111111
E00162304,336,52,24,28,284,20,264,15.476190476190476,7.142857142857142,8.333333333333332,84.52380952380952,5.952380952380952,78.57142857142857
E00162305,267,61,33,28,206,34,172,22.846441947565545,12.359550561797752,10.486891385767791,77.15355805243446,12.734082397003746,64.41947565543072
E00162306,330,83,36,47,247,31,216,25.151515151515152,10.909090909090908,14.242424242424242,74.84848484848486,9.393939393939393,65.45454545454545
E00162307,297,59,18,41,238,25,213,19.865319865319865,6.0606060606060606,13.804713804713806,80.13468013468014,8.417508417508419,71.71717171717171
E00162308,276,66,33,33,210,21,189,23.91304347826087,11.956521739130435,11.956521739130435,76.08695652173914,7.608695652173914,68.47826086956522
E00162309,286,64,21,43,222,15,207,22.377622377622377,7.3426573426573425,15.034965034965033,77.62237762237763,5.244755244755245,72.37762237762237
E00162310,319,74,32,42,245,18,227,23.197492163009404,10.031347962382444,13.166144200626958,76.8025078369906,5.6426332288401255,71.15987460815047
E00162311,288,51,23,28,237,23,214,17.708333333333336,7.986111111111111,9.722222222222223,82.29166666666666,7.986111111111111,74.30555555555556
E00162312,298,41,13,28,257,23,234,13.758389261744966,4.3624161073825505,9.395973154362416,86.24161073825503,7.718120805369128,78.52348993288591
E00162313,264,57,22,35,207,13,194,21.59090909090909,8.333333333333332,13.257575757575758,78.4090909090909,4.924242424242424,73.48484848484848
E00162314,316,45,10,35,271,32,239,14.240506329113925,3.1645569620253164,11.075949367088606,85.75949367088607,10.126582278481013,75.63291139240506
E00162315,312,60,31,29,252,26,226,19.230769230769234,9.935897435897436,9.294871794871796,80.76923076923077,8.333333333333332,72.43589743589743
E00162316,300,49,21,28,251,31,220,16.333333333333332,7.000000000000001,9.333333333333334,83.66666666666667,10.333333333333334,73.33333333333333
E00162317,307,71,26,45,236,31,205,23.12703583061889,8.469055374592834,14.65798045602606,76.8729641693811,10.097719869706841,66.77524429967427
E00162318,266,54,25,29,212,17,195,20.30075187969925,9.398496240601503,10.902255639097744,79.69924812030075,6.390977443609022,73.30827067669173
E00162319,286,71,24,47,215,28,187,24.825174825174827,8.391608391608392,16.433566433566433,75.17482517482517,9.79020979020979,65.38461538461539
E00162320,314,69,23,46,245,30,215,21.97452229299363,7.32484076433121,14.64968152866242,78.02547770700637,9.554140127388536,68.47133757961782
E00162321,280,40,11,29,240,26,214,14.285714285714285,3.9285714285714284,10.357142857142858,85.71428571428571,9.285714285714286,76.42857142857142
E00162322,285,34,17,17,251,31,220,11.929824561403509,5.964912280701754,5.964912280701754,88.0701754385965,10.87719298245614,77.19298245614034
E00162323,268,58,18,40,210,25,185,21.641791044776117,6.7164179104477615,14.925373134328357,78.35820895522389,9.328358208955224,69.02985074626866
E00162324,355,97,70,27,258,20,238,27.323943661971832,19.718309859154928,7.605633802816901,72.67605633802818,5.633802816901409,67.04225352112675
E00162325,340,113,52,61,227,8,219,33.23529411764706,15.294117647058824,17.941176470588236,66.76470588235294,2.3529411764705883,64.41176470588236
E00162326,317,88,36,52,229,20,209,27.760252365930597,11.35646687697161,16.40378548895899,72.2397476340694,6.309148264984227,65.93059936908517
E00162327,366,51,19,32,315,25,290,13.934426229508196,5.191256830601093,8.743169398907105,86.0655737704918,6.830601092896176,79.23497267759562
E00162328,327,81,39,42,246,30,216,24.770642201834864,11.926605504587156,12.844036697247708,75.22935779816514,9.174311926605505,66.05504587155964
E00162329,319,58,23,35,261,30,231,18.181818181818183,7.210031347962382,10.9717868338558,81.81818181818183,9.404388714733543,72.41379310344827
E00162330,314,58,24,34,256,23,233,18.471337579617835,7.643312101910828,10.828025477707007,81.52866242038218,7.32484076433121,74.20382165605095
E00162331,328,68,53,15,260,19,241,20.73170731707317,16.158536585365855,4.573170731707317,79.26829268292683,5.7926829268292686,73.47560975609755
E00162332,386,57,14,43,329,28,301,14.766839378238341,3.6269430051813467,11.139896373056994,85.23316062176166,7.253886010362693,77.97927461139896
E00162333,272,49,18,31,223,19,204,18.014705882352942,6.61764705882353,11.397058823529411,81.98529411764706,6.985294117647059,75
E00162334,214,46,27,19,168,22,146,21.49532710280374,12.616822429906541,8.878504672897195,78.50467289719626,10.2803738317757,68.22429906542055
E00162335,320,53,29,24,267,25,242,16.5625,9.0625,7.5,83.4375,7.8125,75.625
E00162336,290,58,21,37,232,26,206,20,7.241379310344828,12.758620689655173,80,8.96551724137931,71.03448275862068
E00162337,356,49,18,31,307,35,272,13.764044943820226,5.056179775280898,8.707865168539326,86.23595505617978,9.831460674157304,76.40449438202246
E00162338,322,55,24,31,267,22,245,17.080745341614907,7.453416149068323,9.627329192546584,82.91925465838509,6.832298136645963,76.08695652173914
E00162339,275,50,20,30,225,21,204,18.181818181818183,7.2727272727272725,10.909090909090908,81.81818181818183,7.636363636363637,74.18181818181819
E00162340,200,43,19,24,157,17,140,21.5,9.5,12,78.5,8.5,70
E00162341,125,73,32,41,52,7,45,58.4,25.6,32.800000000000004,41.6,5.6000000000000005,36
E00162342,393,85,26,59,308,38,270,21.62849872773537,6.615776081424936,15.012722646310433,78.37150127226464,9.669211195928753,68.70229007633588
E00162343,226,50,17,33,176,17,159,22.123893805309734,7.52212389380531,14.601769911504425,77.87610619469027,7.52212389380531,70.35398230088495
E00162344,300,42,15,27,258,26,232,14.000000000000002,5,9,86,8.666666666666668,77.33333333333333
E00162345,313,37,14,23,276,22,254,11.821086261980831,4.472843450479233,7.348242811501597,88.17891373801918,7.0287539936102235,81.15015974440894
E00162346,268,46,13,33,222,22,200,17.16417910447761,4.850746268656716,12.313432835820896,82.83582089552239,8.208955223880597,74.6268656716418
E00162347,263,50,25,25,213,28,185,19.011406844106464,9.505703422053232,9.505703422053232,80.98859315589354,10.646387832699618,70.34220532319392
E00162348,327,57,27,30,270,15,255,17.431192660550458,8.256880733944955,9.174311926605505,82.56880733944955,4.587155963302752,77.98165137614679
E00162349,343,90,43,47,253,28,225,26.239067055393583,12.536443148688047,13.702623906705538,73.76093294460642,8.16326530612245,65.59766763848397
E00162350,322,46,13,33,276,31,245,14.285714285714285,4.037267080745342,10.248447204968944,85.71428571428571,9.627329192546584,76.08695652173914
E00162351,262,37,14,23,225,26,199,14.122137404580155,5.343511450381679,8.778625954198473,85.87786259541986,9.923664122137405,75.95419847328245
E00162352,328,61,20,41,267,31,236,18.597560975609756,6.097560975609756,12.5,81.40243902439023,9.451219512195122,71.95121951219512
E00162353,329,47,17,30,282,21,261,14.285714285714285,5.167173252279635,9.118541033434651,85.71428571428571,6.382978723404255,79.33130699088146
E00162354,271,89,47,42,182,28,154,32.84132841328413,17.343173431734318,15.498154981549817,67.15867158671587,10.33210332103321,56.82656826568265
E00162355,345,52,21,31,293,36,257,15.072463768115943,6.086956521739131,8.985507246376812,84.92753623188406,10.434782608695652,74.4927536231884
E00162356,279,46,23,23,233,24,209,16.48745519713262,8.24372759856631,8.24372759856631,83.51254480286738,8.60215053763441,74.91039426523297
E00162357,233,69,32,37,164,19,145,29.613733905579398,13.733905579399142,15.879828326180256,70.3862660944206,8.15450643776824,62.231759656652365
E00162358,311,40,15,25,271,19,252,12.861736334405144,4.823151125401929,8.038585209003216,87.13826366559485,6.109324758842444,81.02893890675242
E00162359,255,47,20,27,208,21,187,18.43137254901961,7.8431372549019605,10.588235294117647,81.56862745098039,8.235294117647058,73.33333333333333
E00162360,245,55,32,23,190,8,182,22.448979591836736,13.061224489795919,9.387755102040817,77.55102040816327,3.2653061224489797,74.28571428571429
E00162361,324,48,14,34,276,33,243,14.814814814814813,4.320987654320987,10.493827160493826,85.18518518518519,10.185185185185185,75
E00162362,314,46,21,25,268,28,240,14.64968152866242,6.687898089171974,7.961783439490445,85.35031847133759,8.9171974522293,76.43312101910828
E00162363,290,47,17,30,243,15,228,16.206896551724135,5.862068965517241,10.344827586206897,83.79310344827586,5.172413793103448,78.62068965517241
E00162364,222,57,30,27,165,19,146,25.675675675675674,13.513513513513514,12.162162162162163,74.32432432432432,8.558558558558559,65.76576576576578
E00162365,217,43,12,31,174,19,155,19.81566820276498,5.529953917050691,14.285714285714285,80.18433179723502,8.755760368663594,71.42857142857143
E00162366,271,44,14,30,227,28,199,16.236162361623617,5.166051660516605,11.07011070110701,83.76383763837639,10.33210332103321,73.43173431734317
E00162367,328,52,18,34,276,28,248,15.853658536585366,5.487804878048781,10.365853658536585,84.14634146341463,8.536585365853659,75.60975609756098
E00162368,294,57,22,35,237,20,217,19.387755102040817,7.482993197278912,11.904761904761903,80.61224489795919,6.802721088435375,73.80952380952381
E00162369,254,62,21,41,192,24,168,24.409448818897637,8.267716535433072,16.141732283464567,75.59055118110236,9.448818897637794,66.14173228346458
E00162370,295,47,16,31,248,20,228,15.932203389830507,5.423728813559322,10.508474576271185,84.06779661016948,6.779661016949152,77.28813559322035
E00162371,297,55,19,36,242,28,214,18.51851851851852,6.397306397306397,12.121212121212121,81.48148148148148,9.427609427609427,72.05387205387206
E00162372,336,44,16,28,292,30,262,13.095238095238097,4.761904761904762,8.333333333333332,86.90476190476191,8.928571428571429,77.97619047619048
E00162373,218,84,39,45,134,21,113,38.53211009174312,17.889908256880734,20.642201834862387,61.46788990825688,9.63302752293578,51.8348623853211
E00162374,317,59,31,28,258,34,224,18.61198738170347,9.779179810725552,8.832807570977918,81.38801261829653,10.725552050473187,70.66246056782335
E00162375,274,38,14,24,236,30,206,13.86861313868613,5.109489051094891,8.75912408759124,86.13138686131386,10.948905109489052,75.18248175182481
E00162376,331,75,34,41,256,23,233,22.658610271903324,10.27190332326284,12.386706948640484,77.34138972809667,6.948640483383686,70.39274924471299
E00162377,289,43,5,38,246,26,220,14.878892733564014,1.7301038062283738,13.148788927335639,85.12110726643598,8.996539792387544,76.12456747404845
E00162378,350,55,21,34,295,23,272,15.714285714285714,6,9.714285714285714,84.28571428571429,6.571428571428571,77.71428571428571
E00162379,335,50,17,33,285,32,253,14.925373134328357,5.074626865671641,9.850746268656717,85.07462686567165,9.55223880597015,75.5223880597015
E00162380,276,45,20,25,231,24,207,16.304347826086957,7.246376811594203,9.057971014492754,83.69565217391305,8.695652173913043,75
E00162381,364,40,11,29,324,25,299,10.989010989010989,3.021978021978022,7.967032967032966,89.01098901098901,6.868131868131869,82.14285714285714
E00184737,180,21,7,14,159,15,144,11.666666666666666,3.888888888888889,7.777777777777778,88.33333333333333,8.333333333333332,80
E00184739,330,60,19,41,270,34,236,18.181818181818183,5.757575757575758,12.424242424242424,81.81818181818183,10.303030303030303,71.51515151515152
E00184740,160,28,15,13,132,16,116,17.5,9.375,8.125,82.5,10,72.5
E00184746,301,44,16,28,257,24,233,14.61794019933555,5.3156146179401995,9.30232558139535,85.38205980066445,7.973421926910299,77.40863787375415
E00184747,219,43,18,25,176,18,158,19.63470319634703,8.21917808219178,11.415525114155251,80.36529680365297,8.21917808219178,72.14611872146118
E00184749,141,17,4,13,124,12,112,12.056737588652481,2.8368794326241136,9.219858156028367,87.94326241134752,8.51063829787234,79.43262411347519
E00184755,265,80,48,32,185,17,168,30.18867924528302,18.11320754716981,12.075471698113208,69.81132075471697,6.415094339622642,63.39622641509434
E00184756,144,20,7,13,124,17,107,13.88888888888889,4.861111111111112,9.027777777777777,86.11111111111111,11.805555555555555,74.30555555555556
E00184760,234,30,7,23,204,15,189,12.82051282051282,2.9914529914529915,9.82905982905983,87.17948717948718,6.41025641025641,80.76923076923077
E00184767,205,34,11,23,171,15,156,16.585365853658537,5.365853658536586,11.219512195121952,83.41463414634146,7.317073170731707,76.09756097560975
E00184768,405,57,23,34,348,39,309,14.074074074074074,5.679012345679013,8.395061728395062,85.92592592592592,9.62962962962963,76.29629629629629
E00184778,406,55,26,29,351,21,330,13.546798029556651,6.403940886699508,7.142857142857142,86.45320197044335,5.172413793103448,81.2807881773399
E00184785,274,59,30,29,215,24,191,21.532846715328464,10.948905109489052,10.583941605839415,78.46715328467153,8.75912408759124,69.7080291970803
E00184791,276,46,15,31,230,21,209,16.666666666666664,5.434782608695652,11.231884057971014,83.33333333333334,7.608695652173914,75.72463768115942
E00184794,513,69,27,42,444,29,415,13.450292397660817,5.263157894736842,8.187134502923977,86.54970760233918,5.653021442495127,80.89668615984405
E00184797,593,52,15,37,541,42,499,8.768971332209107,2.5295109612141653,6.239460370994941,91.2310286677909,7.082630691399664,84.14839797639124
E00184801,342,84,42,42,258,32,226,24.561403508771928,12.280701754385964,12.280701754385964,75.43859649122807,9.35672514619883,66.08187134502924
E00184807,233,18,0,18,215,15,200,7.725321888412018,0,7.725321888412018,92.27467811158799,6.437768240343347,85.83690987124464
E00184809,371,41,11,30,330,19,311,11.05121293800539,2.964959568733154,8.086253369272237,88.94878706199461,5.121293800539084,83.82749326145552
E00184811,294,30,10,20,264,14,250,10.204081632653061,3.4013605442176873,6.802721088435375,89.79591836734694,4.761904761904762,85.03401360544217
E00184823,288,15,5,10,273,11,262,5.208333333333334,1.7361111111111112,3.4722222222222223,94.79166666666666,3.8194444444444446,90.97222222222221
E00184825,232,32,15,17,200,18,182,13.793103448275861,6.4655172413793105,7.327586206896551,86.20689655172413,7.758620689655173,78.44827586206897
E00184826,385,20,3,17,365,24,341,5.194805194805195,0.7792207792207793,4.415584415584416,94.8051948051948,6.233766233766234,88.57142857142857
