OA,ts0590001,ts0590002,ts0590003,ts0590004,ts0590005,ts0590006,ts0590007,ts0590002_PCT,ts0590003_PCT,ts0590004_PCT,ts0590005_PCT,ts0590006_PCT,ts0590007_PCT
E00045077,154,49,22,27,105,89,16,31.818181818181817,14.285714285714285,17.532467532467532,68.18181818181817,57.7922077922078,10.38961038961039
E00045078,193,51,17,34,142,123,19,26.42487046632124,8.808290155440414,17.616580310880828,73.57512953367875,63.730569948186535,9.844559585492227
E00045079,124,41,14,27,83,73,10,33.064516129032256,11.29032258064516,21.774193548387096,66.93548387096774,58.87096774193549,8.064516129032258
E00045080,165,53,20,33,112,99,13,32.121212121212125,12.121212121212121,20,67.87878787878789,60,7.878787878787878
E00045081,60,22,14,8,38,38,0,36.666666666666664,23.333333333333332,13.333333333333334,63.33333333333333,63.33333333333333,0
E00045082,163,54,20,34,109,96,13,33.12883435582822,12.269938650306749,20.858895705521473,66.87116564417178,58.895705521472394,7.975460122699387
E00045083,178,59,22,37,119,104,15,33.146067415730336,12.359550561797752,20.786516853932586,66.85393258426966,58.42696629213483,8.426966292134832
E00045084,142,47,15,32,95,78,17,33.098591549295776,10.56338028169014,22.535211267605636,66.90140845070422,54.929577464788736,11.971830985915492
E00045085,101,29,9,20,72,66,6,28.71287128712871,8.91089108910891,19.801980198019802,71.28712871287128,65.34653465346535,5.9405940594059405
E00045086,183,58,15,43,125,106,19,31.693989071038253,8.19672131147541,23.497267759562842,68.30601092896174,57.92349726775956,10.382513661202186
E00045087,110,33,8,25,77,69,8,30,7.2727272727272725,22.727272727272727,70,62.727272727272734,7.2727272727272725
E00045088,159,40,16,24,119,105,14,25.157232704402517,10.062893081761008,15.09433962264151,74.84276729559748,66.0377358490566,8.80503144654088
E00045090,157,40,15,25,117,106,11,25.477707006369428,9.554140127388536,15.92356687898089,74.52229299363057,67.51592356687898,7.006369426751593
E00045091,144,42,15,27,102,87,15,29.166666666666668,10.416666666666668,18.75,70.83333333333334,60.416666666666664,10.416666666666668
E00045092,183,50,15,35,133,119,14,27.322404371584703,8.19672131147541,19.12568306010929,72.6775956284153,65.02732240437157,7.650273224043716
E00045093,148,41,16,25,107,88,19,27.7027027027027,10.81081081081081,16.89189189189189,72.2972972972973,59.45945945945946,12.837837837837837
E00045094,201,59,19,40,142,129,13,29.35323383084577,9.45273631840796,19.900497512437813,70.64676616915423,64.17910447761194,6.467661691542288
E00045095,143,46,16,30,97,89,8,32.16783216783217,11.188811188811188,20.97902097902098,67.83216783216784,62.23776223776224,5.594405594405594
E00045096,75,29,9,20,46,41,5,38.666666666666664,12,26.666666666666668,61.33333333333333,54.666666666666664,6.666666666666667
E00045097,163,50,15,35,113,103,10,30.67484662576687,9.202453987730062,21.472392638036812,69.32515337423312,63.190184049079754,6.134969325153374
E00045098,116,42,11,31,74,69,5,36.206896551724135,9.482758620689655,26.72413793103448,63.793103448275865,59.48275862068966,4.310344827586207
E00045099,85,33,5,28,52,50,2,38.82352941176471,5.88235294117647,32.94117647058823,61.1764705882353,58.82352941176471,2.3529411764705883
E00045100,131,50,12,38,81,75,6,38.16793893129771,9.16030534351145,29.00763358778626,61.832061068702295,57.25190839694656,4.580152671755725
E00045101,121,44,13,31,77,68,9,36.36363636363637,10.743801652892563,25.6198347107438,63.63636363636363,56.19834710743802,7.43801652892562
E00045102,154,54,9,45,100,84,16,35.064935064935064,5.844155844155844,29.22077922077922,64.93506493506493,54.54545454545454,10.38961038961039
E00045103,119,41,15,26,78,72,6,34.45378151260504,12.605042016806722,21.84873949579832,65.54621848739495,60.50420168067227,5.042016806722689
E00045104,120,62,11,51,58,52,6,51.66666666666667,9.166666666666666,42.5,48.333333333333336,43.333333333333336,5
E00045105,132,57,31,26,75,71,4,43.18181818181818,23.484848484848484,19.696969696969695,56.81818181818182,53.78787878787878,3.0303030303030303
E00045106,107,37,11,26,70,66,4,34.57943925233645,10.2803738317757,24.299065420560748,65.42056074766354,61.6822429906542,3.7383177570093453
E00045107,121,53,16,37,68,58,10,43.80165289256198,13.223140495867769,30.57851239669421,56.19834710743802,47.93388429752066,8.264462809917356
E00045108,96,36,8,28,60,53,7,37.5,8.333333333333332,29.166666666666668,62.5,55.208333333333336,7.291666666666667
E00045109,143,70,24,46,73,63,10,48.95104895104895,16.783216783216783,32.16783216783217,51.048951048951054,44.05594405594406,6.993006993006993
E00045110,126,44,13,31,82,79,3,34.92063492063492,10.317460317460316,24.6031746031746,65.07936507936508,62.698412698412696,2.380952380952381
E00045111,106,45,15,30,61,55,6,42.45283018867924,14.150943396226415,28.30188679245283,57.54716981132076,51.886792452830186,5.660377358490567
E00045112,145,61,18,43,84,77,7,42.06896551724138,12.413793103448276,29.655172413793103,57.931034482758626,53.103448275862064,4.827586206896552
E00045113,136,51,17,34,85,78,7,37.5,12.5,25,62.5,57.35294117647059,5.147058823529411
E00045114,108,45,15,30,63,57,6,41.66666666666667,13.88888888888889,27.77777777777778,58.333333333333336,52.77777777777778,5.555555555555555
E00045115,121,50,18,32,71,66,5,41.32231404958678,14.87603305785124,26.446280991735538,58.67768595041323,54.54545454545454,4.132231404958678
E00045116,159,65,25,40,94,86,8,40.88050314465409,15.723270440251572,25.157232704402517,59.11949685534591,54.088050314465406,5.031446540880504
E00045117,101,37,12,25,64,59,5,36.633663366336634,11.881188118811881,24.752475247524753,63.366336633663366,58.415841584158414,4.9504950495049505
E00045118,161,66,28,38,95,87,8,40.993788819875775,17.391304347826086,23.60248447204969,59.006211180124225,54.037267080745345,4.968944099378882
E00045119,150,64,19,45,86,80,6,42.66666666666667,12.666666666666668,30,57.333333333333336,53.333333333333336,4
E00045120,136,67,20,47,69,64,5,49.26470588235294,14.705882352941178,34.55882352941176,50.73529411764706,47.05882352941176,3.6764705882352944
E00045121,131,49,10,39,82,70,12,37.404580152671755,7.633587786259542,29.770992366412212,62.59541984732825,53.43511450381679,9.16030534351145
E00045122,84,38,15,23,46,43,3,45.23809523809524,17.857142857142858,27.380952380952383,54.761904761904766,51.19047619047619,3.571428571428571
E00045123,95,30,7,23,65,53,12,31.57894736842105,7.368421052631578,24.210526315789473,68.42105263157895,55.78947368421052,12.631578947368421
E00045124,126,59,21,38,67,63,4,46.82539682539682,16.666666666666664,30.158730158730158,53.17460317460318,50,3.1746031746031744
E00045125,129,59,22,37,70,62,8,45.73643410852713,17.05426356589147,28.68217054263566,54.263565891472865,48.06201550387597,6.2015503875969
E00045126,163,78,28,50,85,79,6,47.85276073619632,17.177914110429448,30.67484662576687,52.14723926380368,48.466257668711656,3.6809815950920246
E00045127,134,57,23,34,77,69,8,42.53731343283582,17.16417910447761,25.37313432835821,57.46268656716418,51.49253731343284,5.970149253731343
E00045128,195,90,28,62,105,87,18,46.15384615384615,14.358974358974358,31.794871794871792,53.84615384615385,44.61538461538462,9.230769230769232
E00045129,162,58,16,42,104,94,10,35.80246913580247,9.876543209876543,25.925925925925924,64.19753086419753,58.0246913580247,6.172839506172839
E00045130,120,45,13,32,75,67,8,37.5,10.833333333333334,26.666666666666668,62.5,55.833333333333336,6.666666666666667
E00045131,138,66,21,45,72,59,13,47.82608695652174,15.217391304347828,32.608695652173914,52.17391304347826,42.7536231884058,9.420289855072465
E00045132,79,29,7,22,50,48,2,36.708860759493675,8.860759493670885,27.848101265822784,63.29113924050633,60.75949367088608,2.5316455696202533
E00045133,128,33,10,23,95,88,7,25.78125,7.8125,17.96875,74.21875,68.75,5.46875
E00045134,121,61,13,48,60,52,8,50.413223140495866,10.743801652892563,39.66942148760331,49.586776859504134,42.97520661157025,6.6115702479338845
E00045135,110,48,10,38,62,55,7,43.63636363636363,9.090909090909092,34.54545454545455,56.36363636363636,50,6.363636363636363
E00045136,130,42,12,30,88,79,9,32.30769230769231,9.230769230769232,23.076923076923077,67.6923076923077,60.76923076923077,6.923076923076923
E00045137,181,63,17,46,118,110,8,34.806629834254146,9.392265193370166,25.41436464088398,65.19337016574586,60.773480662983424,4.41988950276243
E00045138,154,55,16,39,99,87,12,35.714285714285715,10.38961038961039,25.324675324675322,64.28571428571429,56.493506493506494,7.792207792207792
E00045139,27,8,2,6,19,12,7,29.629629629629626,7.4074074074074066,22.22222222222222,70.37037037037037,44.44444444444444,25.925925925925924
E00045140,118,63,15,48,55,53,2,53.38983050847458,12.711864406779661,40.67796610169492,46.61016949152542,44.91525423728814,1.694915254237288
E00045141,137,38,13,25,99,84,15,27.73722627737226,9.48905109489051,18.248175182481752,72.26277372262774,61.31386861313869,10.948905109489052
E00045142,143,54,12,42,89,81,8,37.76223776223776,8.391608391608392,29.37062937062937,62.23776223776224,56.64335664335665,5.594405594405594
E00045143,152,52,16,36,100,92,8,34.21052631578947,10.526315789473683,23.684210526315788,65.78947368421053,60.526315789473685,5.263157894736842
E00045144,173,53,13,40,120,109,11,30.63583815028902,7.514450867052023,23.121387283236995,69.36416184971098,63.005780346820806,6.358381502890173
E00045145,183,49,16,33,134,126,8,26.775956284153008,8.743169398907105,18.0327868852459,73.224043715847,68.85245901639344,4.371584699453552
E00045146,180,44,11,33,136,128,8,24.444444444444443,6.111111111111111,18.333333333333332,75.55555555555556,71.11111111111111,4.444444444444445
E00045147,108,41,9,32,67,60,7,37.96296296296296,8.333333333333332,29.629629629629626,62.03703703703704,55.55555555555556,6.481481481481481
E00045148,139,49,25,24,90,85,5,35.25179856115108,17.985611510791365,17.26618705035971,64.74820143884892,61.15107913669065,3.5971223021582732
E00045149,133,39,9,30,94,84,10,29.32330827067669,6.7669172932330826,22.55639097744361,70.67669172932331,63.1578947368421,7.518796992481203
E00045150,159,50,14,36,109,101,8,31.446540880503143,8.80503144654088,22.641509433962266,68.55345911949685,63.52201257861635,5.031446540880504
E00045151,158,46,17,29,112,99,13,29.11392405063291,10.759493670886076,18.354430379746837,70.88607594936708,62.65822784810127,8.227848101265822
E00045152,126,33,11,22,93,81,12,26.190476190476193,8.73015873015873,17.46031746031746,73.80952380952381,64.28571428571429,9.523809523809524
E00045153,144,57,24,33,87,79,8,39.58333333333333,16.666666666666664,22.916666666666664,60.416666666666664,54.861111111111114,5.555555555555555
E00045154,161,46,12,34,115,109,6,28.57142857142857,7.453416149068323,21.11801242236025,71.42857142857143,67.70186335403726,3.7267080745341614
E00045155,217,65,28,37,152,143,9,29.953917050691242,12.903225806451612,17.050691244239633,70.04608294930875,65.89861751152074,4.147465437788019
E00045156,137,32,11,21,105,98,7,23.357664233576642,8.02919708029197,15.328467153284672,76.64233576642336,71.53284671532847,5.109489051094891
E00045157,161,57,20,37,104,94,10,35.40372670807454,12.422360248447205,22.981366459627328,64.59627329192547,58.38509316770186,6.211180124223603
E00045158,166,51,13,38,115,99,16,30.72289156626506,7.83132530120482,22.89156626506024,69.27710843373494,59.63855421686747,9.63855421686747
E00045159,170,40,15,25,130,117,13,23.52941176470588,8.823529411764707,14.705882352941178,76.47058823529412,68.82352941176471,7.647058823529412
E00045160,138,51,22,29,87,79,8,36.95652173913043,15.942028985507244,21.014492753623188,63.04347826086957,57.2463768115942,5.797101449275362
E00045161,92,38,15,23,54,50,4,41.30434782608695,16.304347826086957,25,58.69565217391305,54.347826086956516,4.3478260869565215
E00045162,157,61,23,38,96,87,9,38.853503184713375,14.64968152866242,24.203821656050955,61.146496815286625,55.4140127388535,5.7324840764331215
E00045163,159,39,13,26,120,111,9,24.528301886792452,8.176100628930817,16.352201257861633,75.47169811320755,69.81132075471697,5.660377358490567
E00045164,86,21,6,15,65,57,8,24.418604651162788,6.976744186046512,17.441860465116278,75.5813953488372,66.27906976744185,9.30232558139535
E00045165,141,51,11,40,90,81,9,36.17021276595745,7.801418439716312,28.368794326241137,63.829787234042556,57.446808510638306,6.382978723404255
E00045166,114,49,17,32,65,59,6,42.98245614035088,14.912280701754385,28.07017543859649,57.01754385964912,51.75438596491229,5.263157894736842
E00045167,119,70,33,37,49,43,6,58.82352941176471,27.73109243697479,31.092436974789916,41.17647058823529,36.134453781512605,5.042016806722689
E00045168,125,68,17,51,57,48,9,54.400000000000006,13.600000000000001,40.8,45.6,38.4,7.199999999999999
E00045169,136,57,20,37,79,72,7,41.911764705882355,14.705882352941178,27.205882352941174,58.08823529411765,52.94117647058824,5.147058823529411
E00045171,148,76,27,49,72,67,5,51.35135135135135,18.243243243243242,33.108108108108105,48.64864864864865,45.27027027027027,3.3783783783783785
E00045172,126,70,19,51,56,53,3,55.55555555555556,15.079365079365079,40.476190476190474,44.44444444444444,42.06349206349206,2.380952380952381
E00045173,174,81,23,58,93,83,10,46.55172413793103,13.218390804597702,33.33333333333333,53.44827586206896,47.701149425287355,5.747126436781609
E00045174,120,44,18,26,76,70,6,36.666666666666664,15,21.666666666666668,63.33333333333333,58.333333333333336,5
E00045175,139,56,15,41,83,76,7,40.28776978417266,10.79136690647482,29.496402877697843,59.71223021582733,54.67625899280576,5.0359712230215825
E00045176,104,55,18,37,49,42,7,52.88461538461539,17.307692307692307,35.57692307692308,47.11538461538461,40.38461538461539,6.730769230769231
E00045178,140,57,12,45,83,76,7,40.714285714285715,8.571428571428571,32.142857142857146,59.285714285714285,54.285714285714285,5
E00045180,73,38,14,24,35,31,4,52.054794520547944,19.17808219178082,32.87671232876712,47.94520547945205,42.465753424657535,5.47945205479452
E00045181,110,58,23,35,52,52,0,52.72727272727272,20.909090909090907,31.818181818181817,47.27272727272727,47.27272727272727,0
E00045182,94,34,10,24,60,50,10,36.17021276595745,10.638297872340425,25.53191489361702,63.829787234042556,53.191489361702125,10.638297872340425
E00045183,147,54,19,35,93,84,9,36.734693877551024,12.925170068027212,23.809523809523807,63.26530612244898,57.14285714285714,6.122448979591836
E00045184,78,49,14,35,29,29,0,62.82051282051282,17.94871794871795,44.871794871794876,37.17948717948718,37.17948717948718,0
E00045186,114,53,13,40,61,60,1,46.49122807017544,11.403508771929824,35.08771929824561,53.50877192982456,52.63157894736842,0.8771929824561403
E00045187,98,58,24,34,40,40,0,59.183673469387756,24.489795918367346,34.69387755102041,40.816326530612244,40.816326530612244,0
E00045188,67,32,13,19,35,34,1,47.76119402985074,19.402985074626866,28.35820895522388,52.23880597014925,50.74626865671642,1.4925373134328357
E00045189,97,39,12,27,58,53,5,40.20618556701031,12.371134020618557,27.835051546391753,59.79381443298969,54.63917525773196,5.154639175257731
E00045190,176,93,36,57,83,73,10,52.84090909090909,20.454545454545457,32.38636363636363,47.159090909090914,41.47727272727273,5.681818181818182
E00045191,70,44,14,30,26,23,3,62.857142857142854,20,42.857142857142854,37.142857142857146,32.857142857142854,4.285714285714286
E00045193,164,73,21,52,91,84,7,44.51219512195122,12.804878048780488,31.70731707317073,55.487804878048784,51.21951219512195,4.2682926829268295
E00045196,65,32,11,21,33,31,2,49.23076923076923,16.923076923076923,32.30769230769231,50.76923076923077,47.69230769230769,3.076923076923077
E00045197,124,70,31,39,54,52,2,56.451612903225815,25,31.451612903225808,43.54838709677419,41.935483870967744,1.6129032258064515
E00045198,32,11,6,5,21,20,1,34.375,18.75,15.625,65.625,62.5,3.125
E00045199,128,61,13,48,67,63,4,47.65625,10.15625,37.5,52.34375,49.21875,3.125
E00045200,140,64,24,40,76,66,10,45.714285714285715,17.142857142857142,28.57142857142857,54.285714285714285,47.14285714285714,7.142857142857142
E00045201,96,42,14,28,54,43,11,43.75,14.583333333333334,29.166666666666668,56.25,44.79166666666667,11.458333333333332
E00045202,131,57,21,36,74,64,10,43.51145038167939,16.030534351145036,27.480916030534353,56.48854961832062,48.854961832061065,7.633587786259542
E00045204,145,84,20,64,61,56,5,57.931034482758626,13.793103448275861,44.13793103448276,42.06896551724138,38.62068965517241,3.4482758620689653
E00045205,80,44,17,27,36,32,4,55.00000000000001,21.25,33.75,45,40,5
E00045206,130,68,28,40,62,58,4,52.307692307692314,21.53846153846154,30.76923076923077,47.69230769230769,44.61538461538462,3.076923076923077
E00045207,85,37,11,26,48,43,5,43.529411764705884,12.941176470588237,30.58823529411765,56.470588235294116,50.588235294117645,5.88235294117647
E00045208,136,68,16,52,68,58,10,50,11.76470588235294,38.23529411764706,50,42.64705882352941,7.352941176470589
E00045210,107,65,19,46,42,41,1,60.747663551401864,17.75700934579439,42.99065420560748,39.25233644859813,38.31775700934579,0.9345794392523363
E00045212,161,92,22,70,69,61,8,57.14285714285714,13.664596273291925,43.47826086956522,42.857142857142854,37.88819875776397,4.968944099378882
E00045213,149,63,20,43,86,78,8,42.281879194630875,13.422818791946309,28.859060402684566,57.71812080536913,52.348993288590606,5.369127516778524
E00045214,112,43,15,28,69,66,3,38.392857142857146,13.392857142857142,25,61.60714285714286,58.92857142857143,2.6785714285714284
E00045215,174,82,31,51,92,85,7,47.12643678160919,17.81609195402299,29.310344827586203,52.87356321839081,48.85057471264368,4.022988505747127
E00045216,116,59,21,38,57,52,5,50.86206896551724,18.103448275862068,32.758620689655174,49.137931034482754,44.827586206896555,4.310344827586207
E00045217,126,72,31,41,54,45,9,57.14285714285714,24.6031746031746,32.53968253968254,42.857142857142854,35.714285714285715,7.142857142857142
E00045218,132,46,15,31,86,78,8,34.84848484848485,11.363636363636363,23.484848484848484,65.15151515151516,59.09090909090909,6.0606060606060606
E00045219,138,65,21,44,73,64,9,47.10144927536232,15.217391304347828,31.88405797101449,52.89855072463768,46.3768115942029,6.521739130434782
E00045220,119,45,10,35,74,66,8,37.81512605042017,8.403361344537815,29.411764705882355,62.18487394957983,55.46218487394958,6.722689075630252
E00045221,109,51,13,38,58,53,5,46.788990825688074,11.926605504587156,34.862385321100916,53.21100917431193,48.62385321100918,4.587155963302752
E00045222,55,17,4,13,38,38,0,30.909090909090907,7.2727272727272725,23.636363636363637,69.0909090909091,69.0909090909091,0
E00045223,101,44,13,31,57,50,7,43.56435643564357,12.871287128712872,30.693069306930692,56.43564356435643,49.504950495049506,6.9306930693069315
E00045224,101,54,22,32,47,43,4,53.46534653465347,21.782178217821784,31.683168316831683,46.53465346534654,42.57425742574257,3.9603960396039604
E00045225,88,47,15,32,41,41,0,53.40909090909091,17.045454545454543,36.36363636363637,46.590909090909086,46.590909090909086,0
E00045226,59,31,15,16,28,28,0,52.54237288135594,25.423728813559322,27.11864406779661,47.45762711864407,47.45762711864407,0
E00045227,100,43,12,31,57,53,4,43,12,31,56.99999999999999,53,4
E00045228,128,52,15,37,76,71,5,40.625,11.71875,28.90625,59.375,55.46875,3.90625
E00045231,111,52,17,35,59,54,5,46.846846846846844,15.315315315315313,31.53153153153153,53.153153153153156,48.64864864864865,4.504504504504505
E00045232,141,75,22,53,66,61,5,53.191489361702125,15.602836879432624,37.5886524822695,46.808510638297875,43.262411347517734,3.546099290780142
E00045233,71,32,6,26,39,38,1,45.07042253521127,8.450704225352112,36.61971830985916,54.929577464788736,53.52112676056338,1.4084507042253522
E00045234,112,48,15,33,64,58,6,42.857142857142854,13.392857142857142,29.464285714285715,57.14285714285714,51.78571428571429,5.357142857142857
E00045235,134,72,20,52,62,54,8,53.73134328358209,14.925373134328357,38.80597014925373,46.26865671641791,40.298507462686565,5.970149253731343
E00045236,141,54,19,35,87,75,12,38.297872340425535,13.47517730496454,24.822695035460992,61.702127659574465,53.191489361702125,8.51063829787234
E00045237,136,54,15,39,82,74,8,39.705882352941174,11.029411764705882,28.676470588235293,60.29411764705882,54.41176470588235,5.88235294117647
E00045238,111,51,10,41,60,55,5,45.94594594594595,9.00900900900901,36.93693693693694,54.054054054054056,49.549549549549546,4.504504504504505
E00045239,112,58,13,45,54,54,0,51.78571428571429,11.607142857142858,40.17857142857143,48.214285714285715,48.214285714285715,0
E00045240,92,43,10,33,49,49,0,46.73913043478261,10.869565217391305,35.869565217391305,53.2608695652174,53.2608695652174,0
E00045241,161,80,24,56,81,70,11,49.68944099378882,14.906832298136646,34.78260869565217,50.31055900621118,43.47826086956522,6.832298136645963
E00045242,76,45,10,35,31,31,0,59.210526315789465,13.157894736842104,46.05263157894737,40.78947368421053,40.78947368421053,0
E00045244,92,50,13,37,42,35,7,54.347826086956516,14.130434782608695,40.21739130434783,45.65217391304348,38.04347826086957,7.608695652173914
E00045245,139,61,17,44,78,71,7,43.884892086330936,12.23021582733813,31.654676258992804,56.11510791366906,51.07913669064749,5.0359712230215825
E00045247,89,50,15,35,39,36,3,56.17977528089888,16.853932584269664,39.325842696629216,43.82022471910113,40.44943820224719,3.3707865168539324
E00045249,113,28,9,19,85,77,8,24.778761061946902,7.964601769911504,16.8141592920354,75.22123893805309,68.14159292035397,7.079646017699115
E00045250,90,22,5,17,68,58,10,24.444444444444443,5.555555555555555,18.88888888888889,75.55555555555556,64.44444444444444,11.11111111111111
E00045251,114,42,17,25,72,65,7,36.84210526315789,14.912280701754385,21.929824561403507,63.1578947368421,57.01754385964912,6.140350877192982
E00045252,77,29,9,20,48,41,7,37.66233766233766,11.688311688311687,25.97402597402597,62.33766233766234,53.246753246753244,9.090909090909092
E00045253,132,35,15,20,97,87,10,26.515151515151516,11.363636363636363,15.151515151515152,73.48484848484848,65.9090909090909,7.575757575757576
E00045254,88,29,8,21,59,50,9,32.95454545454545,9.090909090909092,23.863636363636363,67.04545454545455,56.81818181818182,10.227272727272728
E00045255,158,44,18,26,114,101,13,27.848101265822784,11.39240506329114,16.455696202531644,72.15189873417721,63.92405063291139,8.227848101265822
E00045256,102,34,9,25,68,68,0,33.33333333333333,8.823529411764707,24.509803921568626,66.66666666666666,66.66666666666666,0
E00045257,137,41,10,31,96,88,8,29.927007299270077,7.2992700729927,22.62773722627737,70.07299270072993,64.23357664233576,5.839416058394161
E00045258,138,36,10,26,102,95,7,26.08695652173913,7.246376811594203,18.84057971014493,73.91304347826086,68.84057971014492,5.072463768115942
E00045259,107,33,9,24,74,65,9,30.8411214953271,8.411214953271028,22.429906542056074,69.1588785046729,60.747663551401864,8.411214953271028
E00045260,145,31,9,22,114,103,11,21.379310344827587,6.206896551724138,15.172413793103448,78.62068965517241,71.03448275862068,7.586206896551724
E00045261,75,21,5,16,54,53,1,28.000000000000004,6.666666666666667,21.333333333333336,72,70.66666666666667,1.3333333333333335
E00045262,96,34,9,25,62,54,8,35.41666666666667,9.375,26.041666666666668,64.58333333333334,56.25,8.333333333333332
E00045263,67,26,7,19,41,37,4,38.80597014925373,10.44776119402985,28.35820895522388,61.19402985074627,55.223880597014926,5.970149253731343
E00045264,122,48,13,35,74,65,9,39.34426229508197,10.655737704918032,28.688524590163933,60.65573770491803,53.278688524590166,7.377049180327869
E00045265,123,44,15,29,79,72,7,35.77235772357724,12.195121951219512,23.577235772357724,64.22764227642277,58.536585365853654,5.691056910569105
E00045266,83,25,5,20,58,51,7,30.120481927710845,6.024096385542169,24.096385542168676,69.87951807228916,61.44578313253012,8.433734939759036
E00045267,68,20,4,16,48,38,10,29.411764705882355,5.88235294117647,23.52941176470588,70.58823529411765,55.88235294117647,14.705882352941178
E00045269,149,38,10,28,111,104,7,25.503355704697988,6.7114093959731544,18.79194630872483,74.49664429530202,69.79865771812081,4.697986577181208
E00045271,60,22,5,17,38,37,1,36.666666666666664,8.333333333333332,28.333333333333332,63.33333333333333,61.66666666666667,1.6666666666666667
E00045272,115,22,8,14,93,85,8,19.130434782608695,6.956521739130435,12.173913043478262,80.8695652173913,73.91304347826086,6.956521739130435
E00045273,219,57,14,43,162,138,24,26.027397260273972,6.392694063926941,19.63470319634703,73.97260273972603,63.013698630136986,10.95890410958904
E00045274,191,55,17,38,136,123,13,28.79581151832461,8.900523560209423,19.895287958115183,71.20418848167539,64.3979057591623,6.806282722513089
E00045275,128,28,7,21,100,83,17,21.875,5.46875,16.40625,78.125,64.84375,13.28125
E00045276,121,32,10,22,89,77,12,26.446280991735538,8.264462809917356,18.181818181818183,73.55371900826447,63.63636363636363,9.917355371900827
E00045277,110,30,9,21,80,68,12,27.27272727272727,8.181818181818182,19.090909090909093,72.72727272727273,61.81818181818181,10.909090909090908
E00045278,150,43,16,27,107,94,13,28.666666666666668,10.666666666666668,18,71.33333333333334,62.66666666666667,8.666666666666668
E00045279,65,14,5,9,51,43,8,21.53846153846154,7.6923076923076925,13.846153846153847,78.46153846153847,66.15384615384615,12.307692307692308
E00045280,72,15,4,11,57,52,5,20.833333333333336,5.555555555555555,15.277777777777779,79.16666666666666,72.22222222222221,6.944444444444445
E00045281,118,36,14,22,82,73,9,30.508474576271187,11.864406779661017,18.64406779661017,69.49152542372882,61.86440677966102,7.627118644067797
E00045282,104,33,11,22,71,65,6,31.73076923076923,10.576923076923077,21.153846153846153,68.26923076923077,62.5,5.769230769230769
E00045283,112,41,9,32,71,65,6,36.607142857142854,8.035714285714286,28.57142857142857,63.39285714285714,58.03571428571429,5.357142857142857
E00045284,98,32,8,24,66,61,5,32.6530612244898,8.16326530612245,24.489795918367346,67.3469387755102,62.244897959183675,5.1020408163265305
E00045285,101,29,2,27,72,60,12,28.71287128712871,1.9801980198019802,26.732673267326735,71.28712871287128,59.4059405940594,11.881188118811881
E00045286,143,52,15,37,91,79,12,36.36363636363637,10.48951048951049,25.874125874125873,63.63636363636363,55.24475524475524,8.391608391608392
E00045287,128,38,5,33,90,76,14,29.6875,3.90625,25.78125,70.3125,59.375,10.9375
E00045288,121,40,12,28,81,71,10,33.057851239669425,9.917355371900827,23.140495867768596,66.94214876033058,58.67768595041323,8.264462809917356
E00045289,85,28,7,21,57,49,8,32.94117647058823,8.235294117647058,24.705882352941178,67.05882352941175,57.647058823529406,9.411764705882353
E00045290,85,34,6,28,51,48,3,40,7.0588235294117645,32.94117647058823,60,56.470588235294116,3.5294117647058822
E00045292,97,26,10,16,71,60,11,26.804123711340207,10.309278350515463,16.49484536082474,73.19587628865979,61.855670103092784,11.34020618556701
E00045293,186,57,11,46,129,113,16,30.64516129032258,5.913978494623656,24.731182795698924,69.35483870967742,60.752688172043015,8.60215053763441
E00045294,90,27,6,21,63,54,9,30,6.666666666666667,23.333333333333332,70,60,10
E00045295,128,35,11,24,93,87,6,27.34375,8.59375,18.75,72.65625,67.96875,4.6875
E00045296,169,52,9,43,117,101,16,30.76923076923077,5.325443786982249,25.443786982248522,69.23076923076923,59.76331360946746,9.467455621301776
E00045297,146,46,14,32,100,89,11,31.506849315068493,9.58904109589041,21.91780821917808,68.4931506849315,60.95890410958904,7.534246575342466
E00045298,150,43,14,29,107,98,9,28.666666666666668,9.333333333333334,19.333333333333332,71.33333333333334,65.33333333333333,6
E00045299,166,53,16,37,113,102,11,31.92771084337349,9.63855421686747,22.289156626506024,68.07228915662651,61.44578313253012,6.626506024096386
E00045300,141,36,10,26,105,96,9,25.53191489361702,7.092198581560284,18.439716312056735,74.46808510638297,68.08510638297872,6.382978723404255
E00045301,118,42,9,33,76,68,8,35.59322033898305,7.627118644067797,27.966101694915253,64.40677966101694,57.6271186440678,6.779661016949152
E00045302,92,24,5,19,68,63,5,26.08695652173913,5.434782608695652,20.652173913043477,73.91304347826086,68.47826086956522,5.434782608695652
E00045303,167,59,21,38,108,99,9,35.32934131736527,12.574850299401197,22.75449101796407,64.67065868263472,59.281437125748504,5.389221556886228
E00045304,86,32,8,24,54,49,5,37.2093023255814,9.30232558139535,27.906976744186046,62.7906976744186,56.97674418604651,5.813953488372093
E00045305,136,45,14,31,91,79,12,33.088235294117645,10.294117647058822,22.794117647058822,66.91176470588235,58.08823529411765,8.823529411764707
E00045306,157,43,11,32,114,101,13,27.388535031847134,7.006369426751593,20.382165605095544,72.61146496815286,64.3312101910828,8.280254777070063
E00045307,88,26,13,13,62,52,10,29.545454545454547,14.772727272727273,14.772727272727273,70.45454545454545,59.09090909090909,11.363636363636363
E00045308,115,40,11,29,75,63,12,34.78260869565217,9.565217391304348,25.217391304347824,65.21739130434783,54.78260869565217,10.434782608695652
E00045309,125,41,16,25,84,76,8,32.800000000000004,12.8,20,67.2,60.8,6.4
E00045310,79,24,7,17,55,50,5,30.37974683544304,8.860759493670885,21.518987341772153,69.62025316455697,63.29113924050633,6.329113924050633
E00045311,102,22,0,22,80,76,4,21.568627450980394,0,21.568627450980394,78.43137254901961,74.50980392156863,3.9215686274509802
E00045312,133,45,17,28,88,78,10,33.83458646616541,12.781954887218044,21.052631578947366,66.16541353383458,58.64661654135338,7.518796992481203
E00045313,137,42,15,27,95,77,18,30.656934306569344,10.948905109489052,19.708029197080293,69.34306569343066,56.20437956204379,13.138686131386862
E00045315,114,40,13,27,74,70,4,35.08771929824561,11.403508771929824,23.684210526315788,64.91228070175438,61.40350877192983,3.508771929824561
E00045317,111,35,15,20,76,65,11,31.53153153153153,13.513513513513514,18.01801801801802,68.46846846846847,58.55855855855856,9.90990990990991
E00045318,95,22,11,11,73,66,7,23.157894736842106,11.578947368421053,11.578947368421053,76.84210526315789,69.47368421052632,7.368421052631578
E00045320,113,37,13,24,76,66,10,32.743362831858406,11.504424778761061,21.238938053097346,67.2566371681416,58.4070796460177,8.849557522123893
E00045321,84,29,11,18,55,50,5,34.523809523809526,13.095238095238097,21.428571428571427,65.47619047619048,59.523809523809526,5.952380952380952
E00045322,89,32,8,24,57,45,12,35.95505617977528,8.98876404494382,26.96629213483146,64.04494382022472,50.56179775280899,13.48314606741573
E00045323,77,36,9,27,41,35,6,46.75324675324675,11.688311688311687,35.064935064935064,53.246753246753244,45.45454545454545,7.792207792207792
E00045324,162,58,22,36,104,98,6,35.80246913580247,13.580246913580247,22.22222222222222,64.19753086419753,60.49382716049383,3.7037037037037033
E00045325,90,33,10,23,57,54,3,36.666666666666664,11.11111111111111,25.555555555555554,63.33333333333333,60,3.3333333333333335
E00045326,167,46,17,29,121,109,12,27.54491017964072,10.179640718562874,17.365269461077844,72.45508982035929,65.26946107784431,7.18562874251497
E00045327,119,40,11,29,79,66,13,33.61344537815126,9.243697478991598,24.369747899159663,66.38655462184873,55.46218487394958,10.92436974789916
E00045328,159,49,14,35,110,99,11,30.81761006289308,8.80503144654088,22.0125786163522,69.18238993710692,62.264150943396224,6.918238993710692
E00045329,125,49,6,43,76,72,4,39.2,4.8,34.4,60.8,57.599999999999994,3.2
E00045330,123,35,12,23,88,79,9,28.455284552845526,9.75609756097561,18.69918699186992,71.54471544715447,64.22764227642277,7.317073170731707
E00045331,150,54,18,36,96,86,10,36,12,24,64,57.333333333333336,6.666666666666667
E00045332,132,32,7,25,100,89,11,24.242424242424242,5.303030303030303,18.939393939393938,75.75757575757575,67.42424242424242,8.333333333333332
E00045333,122,34,4,30,88,78,10,27.86885245901639,3.278688524590164,24.59016393442623,72.1311475409836,63.934426229508205,8.19672131147541
E00045334,213,52,15,37,161,145,16,24.413145539906104,7.042253521126761,17.370892018779344,75.5868544600939,68.07511737089203,7.511737089201878
E00045335,113,28,15,13,85,78,7,24.778761061946902,13.274336283185843,11.504424778761061,75.22123893805309,69.02654867256636,6.1946902654867255
E00045336,142,48,17,31,94,82,12,33.80281690140845,11.971830985915492,21.830985915492956,66.19718309859155,57.74647887323944,8.450704225352112
E00045337,108,38,9,29,70,61,9,35.18518518518518,8.333333333333332,26.851851851851855,64.81481481481481,56.481481481481474,8.333333333333332
E00045338,116,48,17,31,68,59,9,41.37931034482759,14.655172413793101,26.72413793103448,58.620689655172406,50.86206896551724,7.758620689655173
E00045339,113,49,16,33,64,61,3,43.36283185840708,14.15929203539823,29.20353982300885,56.63716814159292,53.98230088495575,2.6548672566371683
E00045340,102,28,10,18,74,66,8,27.450980392156865,9.803921568627452,17.647058823529413,72.54901960784314,64.70588235294117,7.8431372549019605
E00045341,122,41,8,33,81,72,9,33.60655737704918,6.557377049180328,27.049180327868854,66.39344262295081,59.01639344262295,7.377049180327869
E00045342,303,78,23,55,225,198,27,25.742574257425744,7.590759075907591,18.151815181518153,74.25742574257426,65.34653465346535,8.91089108910891
E00045343,139,40,8,32,99,91,8,28.776978417266186,5.755395683453238,23.021582733812952,71.22302158273382,65.46762589928058,5.755395683453238
E00045344,79,35,9,26,44,43,1,44.303797468354425,11.39240506329114,32.91139240506329,55.69620253164557,54.43037974683544,1.2658227848101267
E00045345,147,51,16,35,96,88,8,34.69387755102041,10.884353741496598,23.809523809523807,65.3061224489796,59.863945578231295,5.442176870748299
E00045346,144,41,9,32,103,94,9,28.47222222222222,6.25,22.22222222222222,71.52777777777779,65.27777777777779,6.25
E00045347,132,30,9,21,102,93,9,22.727272727272727,6.8181818181818175,15.909090909090908,77.27272727272727,70.45454545454545,6.8181818181818175
E00045348,178,56,13,43,122,112,10,31.46067415730337,7.303370786516854,24.15730337078652,68.53932584269663,62.92134831460674,5.617977528089887
E00045349,121,32,8,24,89,79,10,26.446280991735538,6.6115702479338845,19.834710743801654,73.55371900826447,65.28925619834712,8.264462809917356
E00045350,152,41,18,23,111,96,15,26.973684210526315,11.842105263157894,15.131578947368421,73.02631578947368,63.1578947368421,9.868421052631579
E00045351,140,40,10,30,100,90,10,28.57142857142857,7.142857142857142,21.428571428571427,71.42857142857143,64.28571428571429,7.142857142857142
E00045352,155,50,13,37,105,97,8,32.25806451612903,8.38709677419355,23.870967741935484,67.74193548387096,62.58064516129033,5.161290322580645
E00045353,135,40,9,31,95,84,11,29.629629629629626,6.666666666666667,22.962962962962962,70.37037037037037,62.22222222222222,8.148148148148149
E00045354,149,37,10,27,112,102,10,24.832214765100673,6.7114093959731544,18.120805369127517,75.16778523489933,68.45637583892618,6.7114093959731544
E00045355,148,55,23,32,93,86,7,37.16216216216216,15.54054054054054,21.62162162162162,62.83783783783784,58.108108108108105,4.72972972972973
E00045356,116,34,15,19,82,70,12,29.310344827586203,12.931034482758621,16.379310344827587,70.6896551724138,60.3448275862069,10.344827586206897
E00045357,143,49,15,34,94,83,11,34.26573426573427,10.48951048951049,23.776223776223777,65.73426573426573,58.04195804195804,7.6923076923076925
E00045358,107,42,15,27,65,60,5,39.25233644859813,14.018691588785046,25.233644859813083,60.747663551401864,56.074766355140184,4.672897196261682
E00045359,182,62,20,42,120,108,12,34.065934065934066,10.989010989010989,23.076923076923077,65.93406593406593,59.34065934065934,6.593406593406594
E00045360,167,53,11,42,114,104,10,31.736526946107784,6.58682634730539,25.149700598802394,68.26347305389223,62.27544910179641,5.9880239520958085
E00045361,142,44,13,31,98,97,1,30.985915492957744,9.15492957746479,21.830985915492956,69.01408450704226,68.30985915492957,0.7042253521126761
E00045362,133,45,21,24,88,77,11,33.83458646616541,15.789473684210526,18.045112781954884,66.16541353383458,57.89473684210527,8.270676691729323
E00045363,162,56,13,43,106,93,13,34.5679012345679,8.024691358024691,26.543209876543212,65.4320987654321,57.407407407407405,8.024691358024691
E00045364,156,49,20,29,107,95,12,31.41025641025641,12.82051282051282,18.58974358974359,68.58974358974359,60.89743589743589,7.6923076923076925
E00045365,170,46,10,36,124,105,19,27.058823529411764,5.88235294117647,21.176470588235293,72.94117647058823,61.76470588235294,11.176470588235295
E00045366,133,32,9,23,101,88,13,24.06015037593985,6.7669172932330826,17.293233082706767,75.93984962406014,66.16541353383458,9.774436090225564
E00045367,74,22,6,16,52,48,4,29.72972972972973,8.108108108108109,21.62162162162162,70.27027027027027,64.86486486486487,5.405405405405405
E00045368,153,41,9,32,112,101,11,26.797385620915033,5.88235294117647,20.915032679738562,73.20261437908496,66.01307189542483,7.18954248366013
E00045369,159,45,11,34,114,106,8,28.30188679245283,6.918238993710692,21.38364779874214,71.69811320754717,66.66666666666666,5.031446540880504
E00045370,152,38,12,26,114,105,9,25,7.894736842105263,17.105263157894736,75,69.07894736842105,5.921052631578947
E00045371,138,38,11,27,100,88,12,27.536231884057973,7.971014492753622,19.565217391304348,72.46376811594203,63.76811594202898,8.695652173913043
E00045372,163,37,12,25,126,120,6,22.699386503067483,7.361963190184049,15.337423312883436,77.30061349693251,73.61963190184049,3.6809815950920246
E00045373,143,35,11,24,108,94,14,24.475524475524477,7.6923076923076925,16.783216783216783,75.52447552447552,65.73426573426573,9.79020979020979
E00045374,186,60,24,36,126,113,13,32.25806451612903,12.903225806451612,19.35483870967742,67.74193548387096,60.752688172043015,6.989247311827956
E00045375,136,55,14,41,81,75,6,40.44117647058824,10.294117647058822,30.14705882352941,59.55882352941176,55.14705882352941,4.411764705882353
E00045376,144,42,9,33,102,89,13,29.166666666666668,6.25,22.916666666666664,70.83333333333334,61.80555555555556,9.027777777777777
E00045377,161,63,28,35,98,85,13,39.130434782608695,17.391304347826086,21.73913043478261,60.86956521739131,52.79503105590062,8.074534161490684
E00045378,110,38,17,21,72,63,9,34.54545454545455,15.454545454545453,19.090909090909093,65.45454545454545,57.27272727272727,8.181818181818182
E00045379,143,51,13,38,92,84,8,35.66433566433567,9.090909090909092,26.573426573426573,64.33566433566433,58.74125874125874,5.594405594405594
E00045380,121,29,10,19,92,83,9,23.96694214876033,8.264462809917356,15.702479338842975,76.03305785123968,68.59504132231406,7.43801652892562
E00045381,127,50,16,34,77,70,7,39.37007874015748,12.598425196850393,26.77165354330709,60.629921259842526,55.118110236220474,5.511811023622047
E00045382,140,34,8,26,106,99,7,24.285714285714285,5.714285714285714,18.571428571428573,75.71428571428571,70.71428571428572,5
E00045383,156,51,17,34,105,96,9,32.69230769230769,10.897435897435898,21.794871794871796,67.3076923076923,61.53846153846154,5.769230769230769
E00045384,115,45,10,35,70,66,4,39.130434782608695,8.695652173913043,30.434782608695656,60.86956521739131,57.391304347826086,3.4782608695652173
E00045385,81,30,15,15,51,41,10,37.03703703703704,18.51851851851852,18.51851851851852,62.96296296296296,50.617283950617285,12.345679012345679
E00045386,152,38,11,27,114,96,18,25,7.236842105263158,17.763157894736842,75,63.1578947368421,11.842105263157894
E00045387,141,38,9,29,103,83,20,26.95035460992908,6.382978723404255,20.56737588652482,73.04964539007092,58.86524822695035,14.184397163120568
E00045388,147,65,17,48,82,71,11,44.21768707482993,11.564625850340136,32.6530612244898,55.78231292517006,48.29931972789115,7.482993197278912
E00045389,51,27,8,19,24,24,0,52.94117647058824,15.686274509803921,37.254901960784316,47.05882352941176,47.05882352941176,0
E00045390,137,54,15,39,83,72,11,39.416058394160586,10.948905109489052,28.467153284671532,60.58394160583942,52.55474452554745,8.02919708029197
E00045391,149,42,20,22,107,95,12,28.187919463087248,13.422818791946309,14.76510067114094,71.81208053691275,63.758389261744966,8.053691275167784
E00045392,94,30,11,19,64,64,0,31.914893617021278,11.702127659574469,20.212765957446805,68.08510638297872,68.08510638297872,0
E00045393,86,33,10,23,53,45,8,38.372093023255815,11.627906976744185,26.744186046511626,61.627906976744185,52.32558139534884,9.30232558139535
E00045394,137,48,18,30,89,87,2,35.03649635036496,13.138686131386862,21.897810218978105,64.96350364963503,63.503649635036496,1.4598540145985401
E00045395,129,48,15,33,81,75,6,37.2093023255814,11.627906976744185,25.581395348837212,62.7906976744186,58.139534883720934,4.651162790697675
E00045396,129,39,10,29,90,84,6,30.23255813953488,7.751937984496124,22.48062015503876,69.76744186046511,65.11627906976744,4.651162790697675
E00045397,152,53,16,37,99,85,14,34.868421052631575,10.526315789473683,24.342105263157894,65.13157894736842,55.92105263157895,9.210526315789473
E00045398,81,27,11,16,54,47,7,33.33333333333333,13.580246913580247,19.753086419753085,66.66666666666666,58.0246913580247,8.641975308641975
E00045399,124,46,10,36,78,73,5,37.096774193548384,8.064516129032258,29.03225806451613,62.903225806451616,58.87096774193549,4.032258064516129
E00045400,108,43,11,32,65,55,10,39.81481481481482,10.185185185185185,29.629629629629626,60.18518518518518,50.92592592592593,9.25925925925926
E00045401,110,42,21,21,68,61,7,38.18181818181819,19.090909090909093,19.090909090909093,61.81818181818181,55.45454545454545,6.363636363636363
E00045402,142,66,25,41,76,65,11,46.478873239436616,17.6056338028169,28.87323943661972,53.52112676056338,45.774647887323944,7.746478873239436
E00045403,128,49,14,35,79,75,4,38.28125,10.9375,27.34375,61.71875,58.59375,3.125
E00045404,17,7,5,2,10,9,1,41.17647058823529,29.411764705882355,11.76470588235294,58.82352941176471,52.94117647058824,5.88235294117647
E00045405,89,27,7,20,62,58,4,30.337078651685395,7.865168539325842,22.47191011235955,69.66292134831461,65.1685393258427,4.49438202247191
E00045406,146,49,19,30,97,89,8,33.56164383561644,13.013698630136986,20.54794520547945,66.43835616438356,60.95890410958904,5.47945205479452
E00045407,131,32,14,18,99,86,13,24.427480916030532,10.687022900763358,13.740458015267176,75.57251908396947,65.64885496183206,9.923664122137405
E00045408,98,23,8,15,75,65,10,23.46938775510204,8.16326530612245,15.306122448979592,76.53061224489795,66.3265306122449,10.204081632653061
E00045409,110,31,4,27,79,70,9,28.18181818181818,3.6363636363636362,24.545454545454547,71.81818181818181,63.63636363636363,8.181818181818182
E00045410,120,38,13,25,82,73,9,31.666666666666664,10.833333333333334,20.833333333333336,68.33333333333333,60.83333333333333,7.5
E00045411,144,44,12,32,100,91,9,30.555555555555557,8.333333333333332,22.22222222222222,69.44444444444444,63.19444444444444,6.25
E00045412,134,35,11,24,99,90,9,26.119402985074625,8.208955223880597,17.91044776119403,73.88059701492537,67.16417910447761,6.7164179104477615
E00045413,14,4,1,3,10,9,1,28.57142857142857,7.142857142857142,21.428571428571427,71.42857142857143,64.28571428571429,7.142857142857142
E00045414,132,48,15,33,84,78,6,36.36363636363637,11.363636363636363,25,63.63636363636363,59.09090909090909,4.545454545454546
E00045415,158,34,10,24,124,108,16,21.518987341772153,6.329113924050633,15.18987341772152,78.48101265822784,68.35443037974683,10.126582278481013
E00045416,120,33,10,23,87,76,11,27.500000000000004,8.333333333333332,19.166666666666668,72.5,63.33333333333333,9.166666666666666
E00045417,132,36,10,26,96,81,15,27.27272727272727,7.575757575757576,19.696969696969695,72.72727272727273,61.36363636363637,11.363636363636363
E00045418,72,20,9,11,52,48,4,27.77777777777778,12.5,15.277777777777779,72.22222222222221,66.66666666666666,5.555555555555555
E00045419,114,32,4,28,82,81,1,28.07017543859649,3.508771929824561,24.561403508771928,71.9298245614035,71.05263157894737,0.8771929824561403
E00045420,190,46,18,28,144,129,15,24.210526315789473,9.473684210526317,14.736842105263156,75.78947368421053,67.89473684210526,7.894736842105263
E00045421,178,55,16,39,123,106,17,30.89887640449438,8.98876404494382,21.910112359550563,69.10112359550563,59.55056179775281,9.550561797752808
E00045422,186,39,15,24,147,132,15,20.967741935483872,8.064516129032258,12.903225806451612,79.03225806451613,70.96774193548387,8.064516129032258
E00045423,164,50,15,35,114,99,15,30.48780487804878,9.146341463414634,21.341463414634145,69.51219512195121,60.36585365853659,9.146341463414634
E00045424,178,38,13,25,140,110,30,21.34831460674157,7.303370786516854,14.04494382022472,78.65168539325843,61.79775280898876,16.853932584269664
E00045425,107,38,18,20,69,58,11,35.51401869158878,16.822429906542055,18.69158878504673,64.48598130841121,54.20560747663551,10.2803738317757
E00045426,94,28,6,22,66,61,5,29.78723404255319,6.382978723404255,23.404255319148938,70.2127659574468,64.8936170212766,5.319148936170213
E00045427,171,53,20,33,118,109,9,30.994152046783626,11.695906432748536,19.298245614035086,69.00584795321637,63.74269005847953,5.263157894736842
E00045428,163,43,9,34,120,112,8,26.380368098159508,5.521472392638037,20.858895705521473,73.61963190184049,68.71165644171779,4.9079754601226995
E00045429,161,38,15,23,123,109,14,23.60248447204969,9.316770186335404,14.285714285714285,76.3975155279503,67.70186335403726,8.695652173913043
E00045430,119,36,12,24,83,75,8,30.252100840336134,10.084033613445378,20.168067226890756,69.74789915966386,63.02521008403361,6.722689075630252
E00045431,166,32,8,24,134,113,21,19.27710843373494,4.819277108433735,14.457831325301203,80.72289156626506,68.07228915662651,12.650602409638553
E00045432,93,23,6,17,70,65,5,24.731182795698924,6.451612903225806,18.27956989247312,75.26881720430107,69.89247311827957,5.376344086021505
E00045433,145,47,22,25,98,86,12,32.41379310344827,15.172413793103448,17.24137931034483,67.58620689655173,59.310344827586206,8.275862068965518
E00045434,97,32,9,23,65,57,8,32.98969072164948,9.278350515463918,23.711340206185564,67.0103092783505,58.76288659793815,8.24742268041237
E00045435,100,37,14,23,63,56,7,37,14.000000000000002,23,63,56.00000000000001,7.000000000000001
E00045436,135,44,17,27,91,77,14,32.592592592592595,12.592592592592592,20,67.4074074074074,57.03703703703704,10.37037037037037
E00045437,53,18,4,14,35,30,5,33.9622641509434,7.547169811320755,26.41509433962264,66.0377358490566,56.60377358490566,9.433962264150944
E00045438,115,41,18,23,74,61,13,35.65217391304348,15.65217391304348,20,64.34782608695652,53.04347826086957,11.304347826086957
E00045439,169,30,12,18,139,126,13,17.75147928994083,7.100591715976331,10.650887573964498,82.24852071005917,74.55621301775149,7.6923076923076925
E00045440,60,17,6,11,43,41,2,28.333333333333332,10,18.333333333333332,71.66666666666667,68.33333333333333,3.3333333333333335
E00045441,146,43,12,31,103,94,9,29.45205479452055,8.21917808219178,21.232876712328768,70.54794520547945,64.38356164383562,6.164383561643835
E00045442,179,46,14,32,133,103,30,25.69832402234637,7.82122905027933,17.877094972067038,74.30167597765363,57.54189944134078,16.75977653631285
E00045443,174,41,9,32,133,112,21,23.563218390804597,5.172413793103448,18.39080459770115,76.4367816091954,64.36781609195403,12.068965517241379
E00045444,166,40,14,26,126,110,16,24.096385542168676,8.433734939759036,15.66265060240964,75.90361445783132,66.26506024096386,9.63855421686747
E00045445,196,57,19,38,139,123,16,29.081632653061224,9.693877551020408,19.387755102040817,70.91836734693877,62.755102040816325,8.16326530612245
E00045446,146,46,11,35,100,84,16,31.506849315068493,7.534246575342466,23.972602739726025,68.4931506849315,57.534246575342465,10.95890410958904
E00045447,127,30,10,20,97,85,12,23.62204724409449,7.874015748031496,15.748031496062993,76.37795275590551,66.92913385826772,9.448818897637794
E00045448,94,17,6,11,77,67,10,18.085106382978726,6.382978723404255,11.702127659574469,81.91489361702128,71.27659574468085,10.638297872340425
E00045449,149,42,14,28,107,87,20,28.187919463087248,9.395973154362416,18.79194630872483,71.81208053691275,58.38926174496645,13.422818791946309
E00045450,158,44,14,30,114,95,19,27.848101265822784,8.860759493670885,18.9873417721519,72.15189873417721,60.12658227848101,12.025316455696203
E00045451,167,30,6,24,137,122,15,17.964071856287426,3.592814371257485,14.37125748502994,82.03592814371258,73.05389221556887,8.982035928143713
E00045452,143,51,15,36,92,83,9,35.66433566433567,10.48951048951049,25.174825174825177,64.33566433566433,58.04195804195804,6.293706293706294
E00045453,139,37,12,25,102,93,9,26.618705035971225,8.633093525179856,17.985611510791365,73.38129496402878,66.90647482014388,6.474820143884892
E00045454,144,44,18,26,100,83,17,30.555555555555557,12.5,18.055555555555554,69.44444444444444,57.638888888888886,11.805555555555555
E00045455,106,54,18,36,52,52,0,50.943396226415096,16.9811320754717,33.9622641509434,49.056603773584904,49.056603773584904,0
E00045456,75,22,7,15,53,44,9,29.333333333333332,9.333333333333334,20,70.66666666666667,58.666666666666664,12
E00045457,144,71,27,44,73,67,6,49.30555555555556,18.75,30.555555555555557,50.69444444444444,46.52777777777778,4.166666666666666
E00045458,117,34,6,28,83,76,7,29.059829059829063,5.128205128205128,23.931623931623932,70.94017094017094,64.95726495726495,5.982905982905983
E00045459,140,49,13,36,91,83,8,35,9.285714285714286,25.71428571428571,65,59.285714285714285,5.714285714285714
E00045460,171,52,18,34,119,84,35,30.409356725146196,10.526315789473683,19.883040935672515,69.5906432748538,49.122807017543856,20.46783625730994
E00045461,118,33,8,25,85,74,11,27.966101694915253,6.779661016949152,21.1864406779661,72.03389830508475,62.71186440677966,9.322033898305085
E00045462,153,48,18,30,105,100,5,31.372549019607842,11.76470588235294,19.607843137254903,68.62745098039215,65.359477124183,3.2679738562091507
E00045463,131,50,16,34,81,71,10,38.16793893129771,12.213740458015266,25.954198473282442,61.832061068702295,54.19847328244275,7.633587786259542
E00045464,127,43,6,37,84,72,12,33.85826771653544,4.724409448818897,29.133858267716533,66.14173228346458,56.69291338582677,9.448818897637794
E00045465,117,42,6,36,75,66,9,35.8974358974359,5.128205128205128,30.76923076923077,64.1025641025641,56.41025641025641,7.6923076923076925
E00045466,128,31,8,23,97,87,10,24.21875,6.25,17.96875,75.78125,67.96875,7.8125
E00045467,122,44,15,29,78,74,4,36.0655737704918,12.295081967213115,23.770491803278688,63.934426229508205,60.65573770491803,3.278688524590164
E00045468,151,50,14,36,101,86,15,33.11258278145696,9.271523178807946,23.841059602649008,66.88741721854305,56.95364238410596,9.933774834437086
E00045469,199,52,19,33,147,132,15,26.13065326633166,9.547738693467336,16.582914572864322,73.86934673366834,66.33165829145729,7.537688442211055
E00045470,204,46,15,31,158,142,16,22.54901960784314,7.352941176470589,15.196078431372548,77.45098039215686,69.6078431372549,7.8431372549019605
E00045471,188,63,29,34,125,107,18,33.51063829787234,15.425531914893616,18.085106382978726,66.48936170212765,56.91489361702128,9.574468085106384
E00045472,110,34,5,29,76,66,10,30.909090909090907,4.545454545454546,26.36363636363636,69.0909090909091,60,9.090909090909092
E00045473,167,42,10,32,125,106,19,25.149700598802394,5.9880239520958085,19.16167664670659,74.8502994011976,63.47305389221557,11.377245508982035
E00045474,123,37,9,28,86,73,13,30.081300813008134,7.317073170731707,22.76422764227642,69.91869918699187,59.34959349593496,10.569105691056912
E00045475,123,27,8,19,96,85,11,21.951219512195124,6.504065040650407,15.447154471544716,78.04878048780488,69.10569105691057,8.94308943089431
E00045476,142,38,9,29,104,93,11,26.76056338028169,6.338028169014084,20.422535211267608,73.23943661971832,65.49295774647888,7.746478873239436
E00045477,91,29,9,20,62,55,7,31.868131868131865,9.89010989010989,21.978021978021978,68.13186813186813,60.43956043956044,7.6923076923076925
E00045478,218,56,13,43,162,145,17,25.688073394495415,5.963302752293578,19.724770642201836,74.31192660550458,66.5137614678899,7.79816513761468
E00045479,93,34,15,19,59,49,10,36.55913978494624,16.129032258064516,20.43010752688172,63.44086021505376,52.68817204301075,10.75268817204301
E00045480,167,49,14,35,118,106,12,29.34131736526946,8.383233532934131,20.958083832335326,70.65868263473054,63.47305389221557,7.18562874251497
E00045481,173,37,14,23,136,126,10,21.38728323699422,8.092485549132949,13.294797687861271,78.61271676300578,72.83236994219652,5.780346820809249
E00045482,88,24,6,18,64,51,13,27.27272727272727,6.8181818181818175,20.454545454545457,72.72727272727273,57.95454545454546,14.772727272727273
E00045483,163,45,11,34,118,106,12,27.607361963190186,6.748466257668712,20.858895705521473,72.39263803680981,65.03067484662577,7.361963190184049
E00045484,134,31,7,24,103,90,13,23.134328358208954,5.223880597014925,17.91044776119403,76.86567164179104,67.16417910447761,9.701492537313433
E00045485,52,15,5,10,37,34,3,28.846153846153843,9.615384615384617,19.230769230769234,71.15384615384616,65.38461538461539,5.769230769230769
E00045486,150,49,20,29,101,89,12,32.666666666666664,13.333333333333334,19.333333333333332,67.33333333333333,59.333333333333336,8
E00045487,100,28,7,21,72,66,6,28.000000000000004,7.000000000000001,21,72,66,6
E00045488,233,51,14,37,182,151,31,21.888412017167383,6.008583690987124,15.879828326180256,78.11158798283262,64.8068669527897,13.304721030042918
E00045489,30,8,6,2,22,17,5,26.666666666666668,20,6.666666666666667,73.33333333333333,56.666666666666664,16.666666666666664
E00045490,109,29,5,24,80,66,14,26.605504587155966,4.587155963302752,22.018348623853214,73.39449541284404,60.550458715596335,12.844036697247708
E00045491,149,47,19,28,102,89,13,31.543624161073826,12.751677852348994,18.79194630872483,68.45637583892618,59.73154362416108,8.724832214765101
E00045492,211,44,14,30,167,137,30,20.85308056872038,6.6350710900473935,14.218009478672986,79.14691943127961,64.92890995260665,14.218009478672986
E00045493,170,51,16,35,119,107,12,30,9.411764705882353,20.588235294117645,70,62.94117647058823,7.0588235294117645
E00045494,173,41,14,27,132,118,14,23.699421965317917,8.092485549132949,15.606936416184972,76.30057803468208,68.20809248554913,8.092485549132949
E00045495,73,17,12,5,56,47,9,23.28767123287671,16.43835616438356,6.8493150684931505,76.71232876712328,64.38356164383562,12.32876712328767
E00045496,115,41,15,26,74,67,7,35.65217391304348,13.043478260869565,22.608695652173914,64.34782608695652,58.26086956521739,6.086956521739131
E00045497,140,48,14,34,92,85,7,34.285714285714285,10,24.285714285714285,65.71428571428571,60.71428571428571,5
E00045498,175,50,17,33,125,105,20,28.57142857142857,9.714285714285714,18.857142857142858,71.42857142857143,60,11.428571428571429
E00045499,135,52,18,34,83,73,10,38.51851851851852,13.333333333333334,25.185185185185183,61.48148148148148,54.074074074074076,7.4074074074074066
E00045500,177,62,17,45,115,100,15,35.02824858757062,9.6045197740113,25.423728813559322,64.97175141242938,56.49717514124294,8.47457627118644
E00045501,120,47,20,27,73,61,12,39.166666666666664,16.666666666666664,22.5,60.83333333333333,50.83333333333333,10
E00045502,94,30,9,21,64,59,5,31.914893617021278,9.574468085106384,22.340425531914892,68.08510638297872,62.76595744680851,5.319148936170213
E00045503,101,30,8,22,71,61,10,29.7029702970297,7.920792079207921,21.782178217821784,70.29702970297029,60.396039603960396,9.900990099009901
E00045504,115,31,0,31,84,77,7,26.956521739130434,0,26.956521739130434,73.04347826086956,66.95652173913044,6.086956521739131
E00045505,129,49,15,34,80,70,10,37.98449612403101,11.627906976744185,26.356589147286826,62.01550387596899,54.263565891472865,7.751937984496124
E00045506,135,33,16,17,102,87,15,24.444444444444443,11.851851851851853,12.592592592592592,75.55555555555556,64.44444444444444,11.11111111111111
E00045507,105,39,7,32,66,66,0,37.142857142857146,6.666666666666667,30.476190476190478,62.857142857142854,62.857142857142854,0
E00045508,132,36,11,25,96,90,6,27.27272727272727,8.333333333333332,18.939393939393938,72.72727272727273,68.18181818181817,4.545454545454546
E00045509,44,18,6,12,26,23,3,40.909090909090914,13.636363636363635,27.27272727272727,59.09090909090909,52.27272727272727,6.8181818181818175
E00045510,66,19,7,12,47,43,4,28.78787878787879,10.606060606060606,18.181818181818183,71.21212121212122,65.15151515151516,6.0606060606060606
E00045511,90,37,14,23,53,48,5,41.11111111111111,15.555555555555555,25.555555555555554,58.88888888888889,53.333333333333336,5.555555555555555
E00045512,79,23,13,10,56,53,3,29.11392405063291,16.455696202531644,12.658227848101266,70.88607594936708,67.08860759493672,3.79746835443038
E00045513,42,21,3,18,21,20,1,50,7.142857142857142,42.857142857142854,50,47.61904761904761,2.380952380952381
E00045514,52,19,4,15,33,30,3,36.53846153846153,7.6923076923076925,28.846153846153843,63.46153846153846,57.692307692307686,5.769230769230769
E00045515,51,21,7,14,30,28,2,41.17647058823529,13.725490196078432,27.450980392156865,58.82352941176471,54.90196078431373,3.9215686274509802
E00045516,75,29,5,24,46,38,8,38.666666666666664,6.666666666666667,32,61.33333333333333,50.66666666666667,10.666666666666668
E00045517,80,26,5,21,54,44,10,32.5,6.25,26.25,67.5,55.00000000000001,12.5
E00045518,116,47,10,37,69,60,9,40.51724137931034,8.620689655172415,31.896551724137932,59.48275862068966,51.724137931034484,7.758620689655173
E00045519,76,36,17,19,40,33,7,47.368421052631575,22.36842105263158,25,52.63157894736842,43.42105263157895,9.210526315789473
E00045520,163,53,20,33,110,94,16,32.515337423312886,12.269938650306749,20.245398773006134,67.48466257668711,57.668711656441715,9.815950920245399
E00045521,111,32,11,21,79,65,14,28.82882882882883,9.90990990990991,18.91891891891892,71.17117117117117,58.55855855855856,12.612612612612612
E00045522,151,38,20,18,113,96,17,25.165562913907287,13.245033112582782,11.920529801324504,74.83443708609272,63.576158940397356,11.258278145695364
E00045523,144,42,12,30,102,89,13,29.166666666666668,8.333333333333332,20.833333333333336,70.83333333333334,61.80555555555556,9.027777777777777
E00045524,139,43,12,31,96,79,17,30.935251798561154,8.633093525179856,22.302158273381295,69.06474820143885,56.83453237410072,12.23021582733813
E00045525,137,37,10,27,100,86,14,27.00729927007299,7.2992700729927,19.708029197080293,72.99270072992701,62.77372262773723,10.218978102189782
E00045526,187,52,18,34,135,104,31,27.807486631016044,9.62566844919786,18.181818181818183,72.19251336898395,55.61497326203209,16.577540106951872
E00045527,138,52,20,32,86,69,17,37.68115942028986,14.492753623188406,23.18840579710145,62.31884057971014,50,12.318840579710146
E00045528,119,32,7,25,87,78,9,26.89075630252101,5.88235294117647,21.008403361344538,73.10924369747899,65.54621848739495,7.563025210084033
E00045529,119,29,9,20,90,70,20,24.369747899159663,7.563025210084033,16.80672268907563,75.63025210084034,58.82352941176471,16.80672268907563
E00045530,104,24,6,18,80,63,17,23.076923076923077,5.769230769230769,17.307692307692307,76.92307692307693,60.57692307692307,16.346153846153847
E00045531,140,44,17,27,96,74,22,31.428571428571427,12.142857142857142,19.28571428571429,68.57142857142857,52.85714285714286,15.714285714285714
E00045532,101,35,12,23,66,58,8,34.65346534653465,11.881188118811881,22.772277227722775,65.34653465346535,57.42574257425742,7.920792079207921
E00045533,62,30,13,17,32,29,3,48.38709677419355,20.967741935483872,27.419354838709676,51.61290322580645,46.774193548387096,4.838709677419355
E00045534,114,37,12,25,77,68,9,32.45614035087719,10.526315789473683,21.929824561403507,67.54385964912281,59.64912280701754,7.894736842105263
E00045535,132,43,15,28,89,77,12,32.57575757575758,11.363636363636363,21.21212121212121,67.42424242424242,58.333333333333336,9.090909090909092
E00045536,143,43,7,36,100,86,14,30.069930069930066,4.895104895104895,25.174825174825177,69.93006993006993,60.13986013986013,9.79020979020979
E00045537,193,49,9,40,144,127,17,25.38860103626943,4.66321243523316,20.72538860103627,74.61139896373057,65.80310880829016,8.808290155440414
E00045538,153,50,12,38,103,97,6,32.6797385620915,7.8431372549019605,24.836601307189543,67.3202614379085,63.39869281045751,3.9215686274509802
E00045539,154,34,9,25,120,101,19,22.07792207792208,5.844155844155844,16.233766233766232,77.92207792207793,65.5844155844156,12.337662337662337
E00045540,131,36,6,30,95,88,7,27.480916030534353,4.580152671755725,22.900763358778626,72.51908396946564,67.17557251908397,5.343511450381679
E00045541,163,49,12,37,114,97,17,30.061349693251532,7.361963190184049,22.699386503067483,69.93865030674846,59.50920245398773,10.429447852760736
E00045542,124,33,9,24,91,82,9,26.61290322580645,7.258064516129033,19.35483870967742,73.38709677419355,66.12903225806451,7.258064516129033
E00045543,151,46,18,28,105,95,10,30.4635761589404,11.920529801324504,18.543046357615893,69.5364238410596,62.913907284768214,6.622516556291391
E00045544,149,42,18,24,107,91,16,28.187919463087248,12.080536912751679,16.10738255033557,71.81208053691275,61.07382550335571,10.738255033557047
E00045545,117,43,10,33,74,69,5,36.75213675213676,8.547008547008547,28.205128205128204,63.24786324786324,58.97435897435898,4.273504273504273
E00045546,121,38,15,23,83,72,11,31.40495867768595,12.396694214876034,19.00826446280992,68.59504132231406,59.50413223140496,9.090909090909092
E00045547,189,53,16,37,136,119,17,28.04232804232804,8.465608465608465,19.576719576719576,71.95767195767195,62.96296296296296,8.994708994708994
E00045548,158,56,23,33,102,91,11,35.44303797468354,14.556962025316455,20.88607594936709,64.55696202531645,57.59493670886076,6.962025316455696
E00045549,192,58,20,38,134,123,11,30.208333333333332,10.416666666666668,19.791666666666664,69.79166666666666,64.0625,5.729166666666666
E00045550,110,29,5,24,81,72,9,26.36363636363636,4.545454545454546,21.818181818181817,73.63636363636363,65.45454545454545,8.181818181818182
E00045551,117,32,14,18,85,71,14,27.350427350427353,11.965811965811966,15.384615384615385,72.64957264957265,60.68376068376068,11.965811965811966
E00045552,123,47,15,32,76,69,7,38.21138211382114,12.195121951219512,26.01626016260163,61.78861788617886,56.09756097560976,5.691056910569105
E00045553,86,28,10,18,58,55,3,32.55813953488372,11.627906976744185,20.930232558139537,67.44186046511628,63.95348837209303,3.488372093023256
E00045554,125,35,7,28,90,84,6,28.000000000000004,5.6000000000000005,22.400000000000002,72,67.2,4.8
E00045555,165,53,16,37,112,93,19,32.121212121212125,9.696969696969697,22.424242424242426,67.87878787878789,56.36363636363636,11.515151515151516
E00045556,80,31,10,21,49,45,4,38.75,12.5,26.25,61.25000000000001,56.25,5
E00045557,114,34,7,27,80,73,7,29.82456140350877,6.140350877192982,23.684210526315788,70.17543859649122,64.03508771929825,6.140350877192982
E00045558,108,27,9,18,81,72,9,25,8.333333333333332,16.666666666666664,75,66.66666666666666,8.333333333333332
E00045559,156,44,11,33,112,98,14,28.205128205128204,7.051282051282051,21.153846153846153,71.7948717948718,62.82051282051282,8.974358974358974
E00045560,132,31,9,22,101,93,8,23.484848484848484,6.8181818181818175,16.666666666666664,76.51515151515152,70.45454545454545,6.0606060606060606
E00045561,129,46,20,26,83,74,9,35.65891472868217,15.503875968992247,20.155038759689923,64.34108527131784,57.36434108527132,6.976744186046512
E00045562,226,60,20,40,166,148,18,26.548672566371685,8.849557522123893,17.699115044247787,73.45132743362832,65.48672566371681,7.964601769911504
E00045563,125,33,13,20,92,82,10,26.400000000000002,10.4,16,73.6,65.60000000000001,8
E00045564,131,30,7,23,101,87,14,22.900763358778626,5.343511450381679,17.557251908396946,77.09923664122137,66.41221374045801,10.687022900763358
E00045566,190,63,26,37,127,114,13,33.1578947368421,13.684210526315791,19.473684210526315,66.84210526315789,60,6.842105263157896
E00045568,138,38,9,29,100,83,17,27.536231884057973,6.521739130434782,21.014492753623188,72.46376811594203,60.14492753623188,12.318840579710146
E00045569,74,33,7,26,41,36,5,44.5945945945946,9.45945945945946,35.13513513513514,55.4054054054054,48.64864864864865,6.756756756756757
E00045570,150,38,13,25,112,102,10,25.333333333333336,8.666666666666668,16.666666666666664,74.66666666666667,68,6.666666666666667
E00045571,130,40,10,30,90,79,11,30.76923076923077,7.6923076923076925,23.076923076923077,69.23076923076923,60.76923076923077,8.461538461538462
E00045572,167,46,14,32,121,104,17,27.54491017964072,8.383233532934131,19.16167664670659,72.45508982035929,62.27544910179641,10.179640718562874
E00045573,179,44,9,35,135,123,12,24.581005586592177,5.027932960893855,19.553072625698324,75.41899441340783,68.71508379888269,6.70391061452514
E00045574,168,36,13,23,132,109,23,21.428571428571427,7.738095238095238,13.690476190476192,78.57142857142857,64.88095238095238,13.690476190476192
E00045575,160,35,13,22,125,112,13,21.875,8.125,13.750000000000002,78.125,70,8.125
E00045576,161,65,20,45,96,83,13,40.37267080745342,12.422360248447205,27.95031055900621,59.62732919254658,51.5527950310559,8.074534161490684
E00045577,127,34,11,23,93,89,4,26.77165354330709,8.661417322834646,18.11023622047244,73.22834645669292,70.07874015748031,3.149606299212598
E00045578,58,8,4,4,50,44,6,13.793103448275861,6.896551724137931,6.896551724137931,86.20689655172413,75.86206896551724,10.344827586206897
E00045579,105,31,7,24,74,66,8,29.523809523809526,6.666666666666667,22.857142857142858,70.47619047619048,62.857142857142854,7.6190476190476195
E00045580,122,32,9,23,90,79,11,26.229508196721312,7.377049180327869,18.852459016393443,73.77049180327869,64.75409836065575,9.01639344262295
E00045581,42,22,6,16,20,19,1,52.38095238095239,14.285714285714285,38.095238095238095,47.61904761904761,45.23809523809524,2.380952380952381
E00045582,80,22,6,16,58,47,11,27.500000000000004,7.5,20,72.5,58.75,13.750000000000002
E00045583,69,35,10,25,34,32,2,50.72463768115942,14.492753623188406,36.231884057971016,49.275362318840585,46.3768115942029,2.898550724637681
E00045585,154,37,23,14,117,91,26,24.025974025974026,14.935064935064934,9.090909090909092,75.97402597402598,59.09090909090909,16.883116883116884
E00045586,92,27,10,17,65,50,15,29.347826086956523,10.869565217391305,18.478260869565215,70.65217391304348,54.347826086956516,16.304347826086957
E00045587,155,36,18,18,119,88,31,23.225806451612904,11.612903225806452,11.612903225806452,76.77419354838709,56.774193548387096,20
E00045588,119,62,25,37,57,50,7,52.10084033613446,21.008403361344538,31.092436974789916,47.89915966386555,42.016806722689076,5.88235294117647
E00045589,167,45,17,28,122,90,32,26.94610778443114,10.179640718562874,16.766467065868262,73.05389221556887,53.89221556886228,19.16167664670659
E00045590,197,45,25,20,152,124,28,22.84263959390863,12.690355329949238,10.152284263959391,77.15736040609137,62.944162436548226,14.213197969543149
E00045592,219,62,33,29,157,116,41,28.31050228310502,15.068493150684931,13.24200913242009,71.68949771689498,52.96803652968036,18.72146118721461
E00045593,135,60,24,36,75,60,15,44.44444444444444,17.77777777777778,26.666666666666668,55.55555555555556,44.44444444444444,11.11111111111111
E00045594,129,56,29,27,73,70,3,43.41085271317829,22.48062015503876,20.930232558139537,56.58914728682171,54.263565891472865,2.3255813953488373
E00045595,177,30,13,17,147,114,33,16.94915254237288,7.344632768361582,9.6045197740113,83.05084745762711,64.40677966101694,18.64406779661017
E00045596,191,44,22,22,147,131,16,23.036649214659686,11.518324607329843,11.518324607329843,76.96335078534031,68.58638743455498,8.37696335078534
E00045597,218,40,19,21,178,149,29,18.34862385321101,8.715596330275229,9.63302752293578,81.65137614678899,68.34862385321101,13.302752293577983
E00045598,166,50,17,33,116,103,13,30.120481927710845,10.240963855421686,19.879518072289155,69.87951807228916,62.048192771084345,7.83132530120482
E00045599,157,44,18,26,113,96,17,28.02547770700637,11.464968152866243,16.560509554140125,71.97452229299363,61.146496815286625,10.828025477707007
E00045600,164,40,15,25,124,109,15,24.390243902439025,9.146341463414634,15.24390243902439,75.60975609756098,66.46341463414635,9.146341463414634
E00045601,118,34,16,18,84,75,9,28.8135593220339,13.559322033898304,15.254237288135593,71.1864406779661,63.559322033898304,7.627118644067797
E00045602,179,51,23,28,128,116,12,28.49162011173184,12.849162011173185,15.64245810055866,71.50837988826815,64.80446927374301,6.70391061452514
E00045603,187,33,17,16,154,118,36,17.647058823529413,9.090909090909092,8.55614973262032,82.35294117647058,63.101604278074866,19.25133689839572
E00045604,140,26,11,15,114,92,22,18.571428571428573,7.857142857142857,10.714285714285714,81.42857142857143,65.71428571428571,15.714285714285714
E00045605,134,38,16,22,96,76,20,28.35820895522388,11.940298507462686,16.417910447761194,71.64179104477611,56.71641791044776,14.925373134328357
E00045606,107,20,5,15,87,71,16,18.69158878504673,4.672897196261682,14.018691588785046,81.30841121495327,66.35514018691589,14.953271028037381
E00045607,117,32,15,17,85,75,10,27.350427350427353,12.82051282051282,14.529914529914532,72.64957264957265,64.1025641025641,8.547008547008547
E00045608,127,31,15,16,96,69,27,24.409448818897637,11.811023622047244,12.598425196850393,75.59055118110236,54.330708661417326,21.25984251968504
E00045609,213,48,22,26,165,134,31,22.535211267605636,10.328638497652582,12.206572769953052,77.46478873239437,62.91079812206573,14.553990610328638
E00045610,187,50,27,23,137,117,20,26.737967914438503,14.43850267379679,12.299465240641712,73.2620320855615,62.56684491978609,10.695187165775401
E00045611,80,30,11,19,50,41,9,37.5,13.750000000000002,23.75,62.5,51.24999999999999,11.25
E00045612,194,45,11,34,149,128,21,23.195876288659793,5.670103092783505,17.525773195876287,76.80412371134021,65.97938144329896,10.824742268041238
E00045613,150,48,19,29,102,78,24,32,12.666666666666668,19.333333333333332,68,52,16
E00045614,140,35,16,19,105,69,36,25,11.428571428571429,13.571428571428571,75,49.28571428571429,25.71428571428571
E00045615,112,34,12,22,78,62,16,30.357142857142854,10.714285714285714,19.642857142857142,69.64285714285714,55.35714285714286,14.285714285714285
E00045616,144,38,13,25,106,90,16,26.38888888888889,9.027777777777777,17.36111111111111,73.61111111111111,62.5,11.11111111111111
E00045618,75,25,11,14,50,48,2,33.33333333333333,14.666666666666666,18.666666666666668,66.66666666666666,64,2.666666666666667
E00045620,121,50,31,19,71,54,17,41.32231404958678,25.6198347107438,15.702479338842975,58.67768595041323,44.62809917355372,14.049586776859504
E00045621,130,29,12,17,101,86,15,22.30769230769231,9.230769230769232,13.076923076923078,77.6923076923077,66.15384615384615,11.538461538461538
E00045622,151,35,19,16,116,101,15,23.178807947019866,12.582781456953644,10.596026490066226,76.82119205298014,66.88741721854305,9.933774834437086
E00045623,182,59,14,45,123,111,12,32.417582417582416,7.6923076923076925,24.725274725274726,67.58241758241759,60.98901098901099,6.593406593406594
E00045624,128,30,10,20,98,75,23,23.4375,7.8125,15.625,76.5625,58.59375,17.96875
E00045625,110,52,21,31,58,57,1,47.27272727272727,19.090909090909093,28.18181818181818,52.72727272727272,51.81818181818182,0.9090909090909091
E00045627,188,53,22,31,135,105,30,28.191489361702125,11.702127659574469,16.48936170212766,71.80851063829788,55.85106382978723,15.957446808510639
E00045628,88,21,7,14,67,53,14,23.863636363636363,7.954545454545454,15.909090909090908,76.13636363636364,60.22727272727273,15.909090909090908
E00045629,122,26,8,18,96,75,21,21.311475409836063,6.557377049180328,14.754098360655737,78.68852459016394,61.47540983606557,17.21311475409836
E00045630,140,50,16,34,90,83,7,35.714285714285715,11.428571428571429,24.285714285714285,64.28571428571429,59.285714285714285,5
E00045631,89,42,15,27,47,43,4,47.19101123595505,16.853932584269664,30.337078651685395,52.80898876404494,48.31460674157304,4.49438202247191
E00045632,124,27,8,19,97,79,18,21.774193548387096,6.451612903225806,15.32258064516129,78.2258064516129,63.70967741935484,14.516129032258066
E00045633,82,44,9,35,38,38,0,53.65853658536586,10.975609756097562,42.68292682926829,46.34146341463415,46.34146341463415,0
E00045635,97,43,19,24,54,50,4,44.329896907216494,19.587628865979383,24.742268041237114,55.670103092783506,51.546391752577314,4.123711340206185
E00045636,137,47,21,26,90,68,22,34.306569343065696,15.328467153284672,18.97810218978102,65.69343065693431,49.63503649635037,16.05839416058394
E00045637,103,29,13,16,74,51,23,28.155339805825243,12.62135922330097,15.53398058252427,71.84466019417476,49.51456310679612,22.330097087378643
E00045638,78,37,9,28,41,38,3,47.43589743589743,11.538461538461538,35.8974358974359,52.56410256410257,48.717948717948715,3.8461538461538463
E00045639,139,57,15,42,82,68,14,41.007194244604314,10.79136690647482,30.215827338129497,58.992805755395686,48.92086330935252,10.071942446043165
E00045640,64,26,13,13,38,33,5,40.625,20.3125,20.3125,59.375,51.5625,7.8125
E00045641,166,50,24,26,116,89,27,30.120481927710845,14.457831325301203,15.66265060240964,69.87951807228916,53.6144578313253,16.265060240963855
E00045643,139,49,23,26,90,81,9,35.25179856115108,16.546762589928058,18.705035971223023,64.74820143884892,58.27338129496403,6.474820143884892
E00045644,115,48,14,34,67,63,4,41.73913043478261,12.173913043478262,29.565217391304348,58.26086956521739,54.78260869565217,3.4782608695652173
E00045645,151,42,15,27,109,81,28,27.81456953642384,9.933774834437086,17.880794701986755,72.18543046357617,53.64238410596026,18.543046357615893
E00045646,141,36,15,21,105,77,28,25.53191489361702,10.638297872340425,14.893617021276595,74.46808510638297,54.60992907801418,19.858156028368796
E00045647,130,46,25,21,84,76,8,35.38461538461539,19.230769230769234,16.153846153846153,64.61538461538461,58.46153846153847,6.153846153846154
E00045649,72,20,15,5,52,48,4,27.77777777777778,20.833333333333336,6.944444444444445,72.22222222222221,66.66666666666666,5.555555555555555
E00045651,122,50,23,27,72,62,10,40.98360655737705,18.852459016393443,22.131147540983605,59.01639344262295,50.81967213114754,8.19672131147541
E00045652,51,22,7,15,29,23,6,43.13725490196079,13.725490196078432,29.411764705882355,56.86274509803921,45.09803921568628,11.76470588235294
E00045653,64,23,11,12,41,40,1,35.9375,17.1875,18.75,64.0625,62.5,1.5625
E00045654,60,28,7,21,32,28,4,46.666666666666664,11.666666666666666,35,53.333333333333336,46.666666666666664,6.666666666666667
E00045655,145,41,11,30,104,93,11,28.27586206896552,7.586206896551724,20.689655172413794,71.72413793103448,64.13793103448275,7.586206896551724
E00045658,128,41,23,18,87,75,12,32.03125,17.96875,14.0625,67.96875,58.59375,9.375
E00045659,92,26,15,11,66,63,3,28.26086956521739,16.304347826086957,11.956521739130435,71.73913043478261,68.47826086956522,3.260869565217391
E00045660,88,37,18,19,51,45,6,42.04545454545455,20.454545454545457,21.59090909090909,57.95454545454546,51.13636363636363,6.8181818181818175
E00045661,108,57,34,23,51,43,8,52.77777777777778,31.48148148148148,21.296296296296298,47.22222222222222,39.81481481481482,7.4074074074074066
E00045662,144,48,18,30,96,85,11,33.33333333333333,12.5,20.833333333333336,66.66666666666666,59.02777777777778,7.638888888888889
E00045663,175,38,8,30,137,122,15,21.714285714285715,4.571428571428571,17.142857142857142,78.28571428571428,69.71428571428572,8.571428571428571
E00045664,171,37,11,26,134,127,7,21.637426900584796,6.432748538011696,15.204678362573098,78.3625730994152,74.26900584795322,4.093567251461988
E00045665,125,35,13,22,90,90,0,28.000000000000004,10.4,17.599999999999998,72,72,0
E00045666,81,15,3,12,66,56,10,18.51851851851852,3.7037037037037033,14.814814814814813,81.48148148148148,69.1358024691358,12.345679012345679
E00045667,212,53,13,40,159,145,14,25,6.132075471698113,18.867924528301888,75,68.39622641509435,6.60377358490566
E00045668,229,76,26,50,153,135,18,33.18777292576419,11.353711790393014,21.83406113537118,66.8122270742358,58.951965065502186,7.860262008733625
E00045670,152,56,18,38,96,92,4,36.84210526315789,11.842105263157894,25,63.1578947368421,60.526315789473685,2.631578947368421
E00045671,124,58,14,44,66,62,4,46.774193548387096,11.29032258064516,35.483870967741936,53.2258064516129,50,3.225806451612903
E00045672,122,30,8,22,92,80,12,24.59016393442623,6.557377049180328,18.0327868852459,75.40983606557377,65.57377049180327,9.836065573770492
E00045673,73,18,6,12,55,50,5,24.65753424657534,8.21917808219178,16.43835616438356,75.34246575342466,68.4931506849315,6.8493150684931505
E00045674,117,40,15,25,77,61,16,34.18803418803419,12.82051282051282,21.367521367521366,65.8119658119658,52.13675213675214,13.675213675213676
E00045675,129,34,18,16,95,79,16,26.356589147286826,13.953488372093023,12.4031007751938,73.64341085271317,61.240310077519375,12.4031007751938
E00045676,172,43,14,29,129,112,17,25,8.13953488372093,16.86046511627907,75,65.11627906976744,9.883720930232558
E00045677,144,48,21,27,96,83,13,33.33333333333333,14.583333333333334,18.75,66.66666666666666,57.638888888888886,9.027777777777777
E00045678,143,38,9,29,105,101,4,26.573426573426573,6.293706293706294,20.27972027972028,73.42657342657343,70.62937062937063,2.797202797202797
E00045679,141,51,11,40,90,74,16,36.17021276595745,7.801418439716312,28.368794326241137,63.829787234042556,52.4822695035461,11.347517730496454
E00045680,165,52,12,40,113,104,9,31.515151515151512,7.2727272727272725,24.242424242424242,68.48484848484848,63.030303030303024,5.454545454545454
E00045681,171,35,4,31,136,132,4,20.46783625730994,2.3391812865497075,18.128654970760234,79.53216374269006,77.19298245614034,2.3391812865497075
E00045682,103,30,9,21,73,66,7,29.126213592233007,8.737864077669903,20.388349514563107,70.87378640776699,64.07766990291263,6.796116504854369
E00045683,162,48,15,33,114,99,15,29.629629629629626,9.25925925925926,20.37037037037037,70.37037037037037,61.111111111111114,9.25925925925926
E00045684,93,28,4,24,65,60,5,30.107526881720432,4.301075268817205,25.806451612903224,69.89247311827957,64.51612903225806,5.376344086021505
E00045685,130,37,14,23,93,83,10,28.46153846153846,10.76923076923077,17.692307692307693,71.53846153846153,63.84615384615384,7.6923076923076925
E00045686,84,28,9,19,56,49,7,33.33333333333333,10.714285714285714,22.61904761904762,66.66666666666666,58.333333333333336,8.333333333333332
E00045687,260,56,21,35,204,186,18,21.53846153846154,8.076923076923077,13.461538461538462,78.46153846153847,71.53846153846153,6.923076923076923
E00045688,166,31,5,26,135,119,16,18.67469879518072,3.0120481927710845,15.66265060240964,81.32530120481928,71.6867469879518,9.63855421686747
E00045689,156,31,7,24,125,110,15,19.871794871794872,4.487179487179487,15.384615384615385,80.12820512820514,70.51282051282051,9.615384615384617
E00045690,258,64,16,48,194,167,27,24.8062015503876,6.2015503875969,18.6046511627907,75.1937984496124,64.72868217054264,10.465116279069768
E00045691,154,43,9,34,111,102,9,27.92207792207792,5.844155844155844,22.07792207792208,72.07792207792207,66.23376623376623,5.844155844155844
E00045692,62,21,7,14,41,38,3,33.87096774193548,11.29032258064516,22.58064516129032,66.12903225806451,61.29032258064516,4.838709677419355
E00045693,135,38,12,26,97,86,11,28.14814814814815,8.88888888888889,19.25925925925926,71.85185185185186,63.70370370370371,8.148148148148149
E00045694,168,45,17,28,123,108,15,26.785714285714285,10.119047619047619,16.666666666666664,73.21428571428571,64.28571428571429,8.928571428571429
E00045695,155,48,16,32,107,94,13,30.967741935483872,10.32258064516129,20.64516129032258,69.03225806451613,60.64516129032258,8.38709677419355
E00045696,89,16,2,14,73,60,13,17.97752808988764,2.247191011235955,15.730337078651685,82.02247191011236,67.41573033707866,14.606741573033707
E00045697,104,18,4,14,86,60,26,17.307692307692307,3.8461538461538463,13.461538461538462,82.6923076923077,57.692307692307686,25
E00045698,122,33,14,19,89,83,6,27.049180327868854,11.475409836065573,15.573770491803279,72.95081967213115,68.0327868852459,4.918032786885246
E00045699,143,44,16,28,99,88,11,30.76923076923077,11.188811188811188,19.58041958041958,69.23076923076923,61.53846153846154,7.6923076923076925
E00045700,110,28,9,19,82,73,9,25.454545454545453,8.181818181818182,17.272727272727273,74.54545454545455,66.36363636363637,8.181818181818182
E00045701,124,36,10,26,88,76,12,29.03225806451613,8.064516129032258,20.967741935483872,70.96774193548387,61.29032258064516,9.67741935483871
E00045702,142,34,9,25,108,97,11,23.943661971830984,6.338028169014084,17.6056338028169,76.05633802816901,68.30985915492957,7.746478873239436
E00045703,100,25,9,16,75,65,10,25,9,16,75,65,10
E00045704,78,26,8,18,52,45,7,33.33333333333333,10.256410256410255,23.076923076923077,66.66666666666666,57.692307692307686,8.974358974358974
E00045705,171,56,16,40,115,101,14,32.748538011695906,9.35672514619883,23.391812865497073,67.2514619883041,59.06432748538012,8.187134502923977
E00045706,203,55,18,37,148,137,11,27.093596059113302,8.866995073891626,18.226600985221676,72.9064039408867,67.48768472906403,5.41871921182266
E00045707,103,30,12,18,73,64,9,29.126213592233007,11.650485436893204,17.475728155339805,70.87378640776699,62.13592233009708,8.737864077669903
E00045708,120,44,11,33,76,67,9,36.666666666666664,9.166666666666666,27.500000000000004,63.33333333333333,55.833333333333336,7.5
E00045709,95,25,10,15,70,60,10,26.31578947368421,10.526315789473683,15.789473684210526,73.68421052631578,63.1578947368421,10.526315789473683
E00045710,154,60,10,50,94,85,9,38.961038961038966,6.493506493506493,32.467532467532465,61.038961038961034,55.1948051948052,5.844155844155844
E00045711,165,56,18,38,109,92,17,33.939393939393945,10.909090909090908,23.03030303030303,66.06060606060606,55.757575757575765,10.303030303030303
E00045712,136,57,20,37,79,75,4,41.911764705882355,14.705882352941178,27.205882352941174,58.08823529411765,55.14705882352941,2.941176470588235
E00045713,115,41,14,27,74,62,12,35.65217391304348,12.173913043478262,23.47826086956522,64.34782608695652,53.91304347826087,10.434782608695652
E00045714,108,30,9,21,78,63,15,27.77777777777778,8.333333333333332,19.444444444444446,72.22222222222221,58.333333333333336,13.88888888888889
E00045715,136,41,12,29,95,87,8,30.14705882352941,8.823529411764707,21.323529411764707,69.85294117647058,63.970588235294116,5.88235294117647
E00045716,116,43,10,33,73,73,0,37.06896551724138,8.620689655172415,28.448275862068968,62.93103448275862,62.93103448275862,0
E00045717,188,45,12,33,143,128,15,23.93617021276596,6.382978723404255,17.5531914893617,76.06382978723404,68.08510638297872,7.9787234042553195
E00045718,162,44,15,29,118,111,7,27.160493827160494,9.25925925925926,17.901234567901234,72.8395061728395,68.51851851851852,4.320987654320987
E00045719,93,40,14,26,53,49,4,43.01075268817204,15.053763440860216,27.956989247311824,56.98924731182796,52.68817204301075,4.301075268817205
E00045720,193,52,16,36,141,122,19,26.94300518134715,8.290155440414509,18.65284974093264,73.05699481865285,63.212435233160626,9.844559585492227
E00045721,143,45,16,29,98,87,11,31.46853146853147,11.188811188811188,20.27972027972028,68.53146853146853,60.83916083916085,7.6923076923076925
E00045722,97,28,14,14,69,63,6,28.865979381443296,14.432989690721648,14.432989690721648,71.1340206185567,64.94845360824742,6.185567010309279
E00045724,183,53,16,37,130,108,22,28.96174863387978,8.743169398907105,20.21857923497268,71.03825136612022,59.01639344262295,12.021857923497267
E00045726,30,16,4,12,14,14,0,53.333333333333336,13.333333333333334,40,46.666666666666664,46.666666666666664,0
E00045727,43,26,6,20,17,14,3,60.46511627906976,13.953488372093023,46.51162790697674,39.53488372093023,32.55813953488372,6.976744186046512
E00045728,163,53,13,40,110,99,11,32.515337423312886,7.975460122699387,24.539877300613497,67.48466257668711,60.73619631901841,6.748466257668712
E00045729,249,95,24,71,154,136,18,38.152610441767074,9.63855421686747,28.514056224899598,61.84738955823293,54.61847389558233,7.228915662650602
E00045730,224,60,21,39,164,147,17,26.785714285714285,9.375,17.410714285714285,73.21428571428571,65.625,7.5892857142857135
E00045731,135,40,15,25,95,82,13,29.629629629629626,11.11111111111111,18.51851851851852,70.37037037037037,60.74074074074074,9.62962962962963
E00045732,155,32,11,21,123,108,15,20.64516129032258,7.096774193548387,13.548387096774196,79.35483870967742,69.6774193548387,9.67741935483871
E00045734,185,46,17,29,139,125,14,24.864864864864867,9.18918918918919,15.675675675675677,75.13513513513513,67.56756756756756,7.567567567567568
E00045735,78,39,7,32,39,39,0,50,8.974358974358974,41.02564102564102,50,50,0
E00045736,127,37,16,21,90,75,15,29.133858267716533,12.598425196850393,16.535433070866144,70.86614173228347,59.055118110236215,11.811023622047244
E00045737,137,38,18,20,99,86,13,27.73722627737226,13.138686131386862,14.5985401459854,72.26277372262774,62.77372262773723,9.48905109489051
E00045739,137,31,13,18,106,93,13,22.62773722627737,9.48905109489051,13.138686131386862,77.37226277372264,67.88321167883211,9.48905109489051
E00045740,122,40,15,25,82,76,6,32.78688524590164,12.295081967213115,20.491803278688526,67.21311475409836,62.295081967213115,4.918032786885246
E00045741,134,40,11,29,94,75,19,29.850746268656714,8.208955223880597,21.641791044776117,70.1492537313433,55.970149253731336,14.17910447761194
E00045742,151,42,19,23,109,98,11,27.81456953642384,12.582781456953644,15.2317880794702,72.18543046357617,64.90066225165563,7.28476821192053
E00045743,138,30,8,22,108,92,16,21.73913043478261,5.797101449275362,15.942028985507244,78.26086956521739,66.66666666666666,11.594202898550725
E00045744,88,18,5,13,70,68,2,20.454545454545457,5.681818181818182,14.772727272727273,79.54545454545455,77.27272727272727,2.272727272727273
E00045745,125,39,20,19,86,81,5,31.2,16,15.2,68.8,64.8,4
E00045746,166,64,23,41,102,92,10,38.55421686746988,13.855421686746988,24.69879518072289,61.44578313253012,55.42168674698795,6.024096385542169
E00045748,119,41,14,27,78,65,13,34.45378151260504,11.76470588235294,22.689075630252102,65.54621848739495,54.621848739495796,10.92436974789916
E00045749,182,72,42,30,110,92,18,39.56043956043956,23.076923076923077,16.483516483516482,60.43956043956044,50.54945054945055,9.89010989010989
E00045750,156,50,9,41,106,94,12,32.05128205128205,5.769230769230769,26.282051282051285,67.94871794871796,60.256410256410255,7.6923076923076925
E00045751,129,45,14,31,84,70,14,34.883720930232556,10.852713178294573,24.031007751937985,65.11627906976744,54.263565891472865,10.852713178294573
E00045752,190,57,21,36,133,122,11,30,11.052631578947368,18.947368421052634,70,64.21052631578948,5.7894736842105265
E00045753,134,45,8,37,89,86,3,33.582089552238806,5.970149253731343,27.611940298507463,66.4179104477612,64.17910447761194,2.2388059701492535
E00045754,115,37,13,24,78,68,10,32.17391304347826,11.304347826086957,20.869565217391305,67.82608695652173,59.130434782608695,8.695652173913043
E00045755,112,48,20,28,64,58,6,42.857142857142854,17.857142857142858,25,57.14285714285714,51.78571428571429,5.357142857142857
E00045756,25,11,1,10,14,14,0,44,4,40,56.00000000000001,56.00000000000001,0
E00045757,76,27,12,15,49,44,5,35.526315789473685,15.789473684210526,19.736842105263158,64.47368421052632,57.89473684210527,6.578947368421052
E00045758,148,56,15,41,92,86,6,37.83783783783784,10.135135135135135,27.7027027027027,62.16216216216216,58.108108108108105,4.054054054054054
E00045759,144,58,14,44,86,79,7,40.27777777777778,9.722222222222223,30.555555555555557,59.72222222222222,54.861111111111114,4.861111111111112
E00045760,148,55,17,38,93,84,9,37.16216216216216,11.486486486486488,25.675675675675674,62.83783783783784,56.75675675675676,6.081081081081082
E00045761,143,54,19,35,89,80,9,37.76223776223776,13.286713286713287,24.475524475524477,62.23776223776224,55.94405594405595,6.293706293706294
E00045762,155,51,22,29,104,94,10,32.903225806451616,14.193548387096774,18.70967741935484,67.0967741935484,60.64516129032258,6.451612903225806
E00045763,141,52,20,32,89,79,10,36.87943262411347,14.184397163120568,22.69503546099291,63.12056737588653,56.02836879432624,7.092198581560284
E00045764,134,46,12,34,88,82,6,34.32835820895522,8.955223880597014,25.37313432835821,65.67164179104478,61.19402985074627,4.477611940298507
E00045765,157,58,17,41,99,92,7,36.94267515923567,10.828025477707007,26.11464968152866,63.05732484076433,58.59872611464968,4.45859872611465
E00045766,118,30,13,17,88,78,10,25.423728813559322,11.016949152542372,14.40677966101695,74.57627118644068,66.10169491525424,8.47457627118644
E00045767,135,34,13,21,101,91,10,25.185185185185183,9.62962962962963,15.555555555555555,74.81481481481481,67.4074074074074,7.4074074074074066
E00045768,164,74,16,58,90,82,8,45.1219512195122,9.75609756097561,35.36585365853659,54.87804878048781,50,4.878048780487805
E00045769,147,62,16,46,85,80,5,42.17687074829932,10.884353741496598,31.292517006802722,57.82312925170068,54.421768707483,3.4013605442176873
E00045770,111,36,9,27,75,67,8,32.432432432432435,8.108108108108109,24.324324324324326,67.56756756756756,60.36036036036037,7.207207207207207
E00045771,114,48,17,31,66,63,3,42.10526315789473,14.912280701754385,27.192982456140353,57.89473684210527,55.26315789473685,2.631578947368421
E00045772,166,45,12,33,121,111,10,27.10843373493976,7.228915662650602,19.879518072289155,72.89156626506023,66.86746987951807,6.024096385542169
E00045773,148,49,19,30,99,89,10,33.108108108108105,12.837837837837837,20.27027027027027,66.8918918918919,60.13513513513513,6.756756756756757
E00045774,127,42,7,35,85,76,9,33.07086614173229,5.511811023622047,27.559055118110237,66.92913385826772,59.84251968503938,7.086614173228346
E00045775,119,39,12,27,80,69,11,32.773109243697476,10.084033613445378,22.689075630252102,67.22689075630252,57.98319327731093,9.243697478991598
E00045776,117,35,12,23,82,75,7,29.914529914529915,10.256410256410255,19.65811965811966,70.08547008547008,64.1025641025641,5.982905982905983
E00045777,121,39,16,23,82,75,7,32.231404958677686,13.223140495867769,19.00826446280992,67.76859504132231,61.98347107438017,5.785123966942149
E00045778,135,52,18,34,83,79,4,38.51851851851852,13.333333333333334,25.185185185185183,61.48148148148148,58.51851851851851,2.9629629629629632
E00045779,119,44,8,36,75,70,5,36.97478991596639,6.722689075630252,30.252100840336134,63.02521008403361,58.82352941176471,4.201680672268908
E00045780,119,48,14,34,71,68,3,40.33613445378151,11.76470588235294,28.57142857142857,59.66386554621849,57.14285714285714,2.5210084033613445
E00045781,109,37,8,29,72,70,2,33.94495412844037,7.339449541284404,26.605504587155966,66.05504587155964,64.22018348623854,1.834862385321101
E00045782,161,61,18,43,100,91,9,37.88819875776397,11.180124223602485,26.70807453416149,62.11180124223602,56.52173913043478,5.590062111801243
E00045783,124,51,13,38,73,68,5,41.12903225806452,10.483870967741936,30.64516129032258,58.87096774193549,54.83870967741935,4.032258064516129
E00045784,155,64,9,55,91,78,13,41.29032258064516,5.806451612903226,35.483870967741936,58.70967741935483,50.32258064516129,8.38709677419355
E00045785,173,64,17,47,109,98,11,36.99421965317919,9.826589595375722,27.167630057803464,63.005780346820806,56.64739884393064,6.358381502890173
E00045786,154,51,11,40,103,90,13,33.116883116883116,7.142857142857142,25.97402597402597,66.88311688311688,58.44155844155844,8.441558441558442
E00045787,102,38,7,31,64,58,6,37.254901960784316,6.862745098039216,30.392156862745097,62.745098039215684,56.86274509803921,5.88235294117647
E00045788,179,57,21,36,122,112,10,31.843575418994412,11.731843575418994,20.11173184357542,68.15642458100558,62.56983240223464,5.58659217877095
E00045789,63,24,6,18,39,38,1,38.095238095238095,9.523809523809524,28.57142857142857,61.904761904761905,60.317460317460316,1.5873015873015872
E00045790,157,56,17,39,101,93,8,35.6687898089172,10.828025477707007,24.840764331210192,64.3312101910828,59.23566878980891,5.095541401273886
E00045791,129,39,13,26,90,84,6,30.23255813953488,10.077519379844961,20.155038759689923,69.76744186046511,65.11627906976744,4.651162790697675
E00045792,96,53,13,40,43,40,3,55.208333333333336,13.541666666666666,41.66666666666667,44.79166666666667,41.66666666666667,3.125
E00045793,102,44,18,26,58,52,6,43.13725490196079,17.647058823529413,25.49019607843137,56.86274509803921,50.98039215686274,5.88235294117647
E00045794,129,46,15,31,83,74,9,35.65891472868217,11.627906976744185,24.031007751937985,64.34108527131784,57.36434108527132,6.976744186046512
E00045795,180,59,17,42,121,110,11,32.77777777777778,9.444444444444445,23.333333333333332,67.22222222222223,61.111111111111114,6.111111111111111
E00045796,120,49,17,32,71,57,14,40.833333333333336,14.166666666666666,26.666666666666668,59.166666666666664,47.5,11.666666666666666
E00045797,159,61,18,43,98,90,8,38.36477987421384,11.320754716981133,27.044025157232703,61.63522012578616,56.60377358490566,5.031446540880504
E00045798,152,44,13,31,108,94,14,28.947368421052634,8.552631578947368,20.394736842105264,71.05263157894737,61.8421052631579,9.210526315789473
E00045799,176,60,17,43,116,107,9,34.090909090909086,9.659090909090908,24.431818181818183,65.9090909090909,60.79545454545454,5.113636363636364
E00045800,115,45,15,30,70,64,6,39.130434782608695,13.043478260869565,26.08695652173913,60.86956521739131,55.65217391304348,5.217391304347826
E00045801,132,63,15,48,69,58,11,47.72727272727273,11.363636363636363,36.36363636363637,52.27272727272727,43.93939393939394,8.333333333333332
E00045802,137,48,11,37,89,84,5,35.03649635036496,8.02919708029197,27.00729927007299,64.96350364963503,61.31386861313869,3.64963503649635
E00045803,211,97,22,75,114,108,6,45.97156398104265,10.42654028436019,35.54502369668246,54.02843601895735,51.18483412322274,2.843601895734597
E00045804,114,36,10,26,78,73,5,31.57894736842105,8.771929824561402,22.807017543859647,68.42105263157895,64.03508771929825,4.385964912280701
E00045805,118,54,19,35,64,56,8,45.76271186440678,16.101694915254235,29.66101694915254,54.23728813559322,47.45762711864407,6.779661016949152
E00045806,199,59,18,41,140,122,18,29.64824120603015,9.045226130653267,20.603015075376884,70.35175879396985,61.30653266331658,9.045226130653267
E00045807,182,55,21,34,127,112,15,30.21978021978022,11.538461538461538,18.681318681318682,69.78021978021978,61.53846153846154,8.241758241758241
E00045808,136,70,25,45,66,61,5,51.470588235294116,18.38235294117647,33.088235294117645,48.529411764705884,44.85294117647059,3.6764705882352944
E00045809,101,48,11,37,53,48,5,47.524752475247524,10.891089108910892,36.633663366336634,52.475247524752476,47.524752475247524,4.9504950495049505
E00045810,153,66,19,47,87,81,6,43.13725490196079,12.418300653594772,30.718954248366014,56.86274509803921,52.94117647058824,3.9215686274509802
E00045811,189,76,36,40,113,105,8,40.21164021164021,19.047619047619047,21.164021164021165,59.78835978835979,55.55555555555556,4.232804232804233
E00045812,138,62,16,46,76,65,11,44.927536231884055,11.594202898550725,33.33333333333333,55.072463768115945,47.10144927536232,7.971014492753622
E00045813,94,18,8,10,76,75,1,19.148936170212767,8.51063829787234,10.638297872340425,80.85106382978722,79.7872340425532,1.0638297872340425
E00045814,107,33,9,24,74,61,13,30.8411214953271,8.411214953271028,22.429906542056074,69.1588785046729,57.009345794392516,12.149532710280374
E00045815,225,59,15,44,166,144,22,26.222222222222225,6.666666666666667,19.555555555555557,73.77777777777777,64,9.777777777777779
E00045816,126,55,18,37,71,64,7,43.65079365079365,14.285714285714285,29.365079365079367,56.34920634920635,50.79365079365079,5.555555555555555
E00045817,162,74,25,49,88,84,4,45.67901234567901,15.432098765432098,30.246913580246915,54.32098765432099,51.85185185185185,2.4691358024691357
E00045819,151,53,17,36,98,85,13,35.099337748344375,11.258278145695364,23.841059602649008,64.90066225165563,56.29139072847682,8.609271523178808
E00045820,176,66,18,48,110,99,11,37.5,10.227272727272728,27.27272727272727,62.5,56.25,6.25
E00045821,131,45,11,34,86,69,17,34.35114503816794,8.396946564885496,25.954198473282442,65.64885496183206,52.67175572519084,12.977099236641221
E00045822,182,49,14,35,133,127,6,26.923076923076923,7.6923076923076925,19.230769230769234,73.07692307692307,69.78021978021978,3.296703296703297
E00045823,85,30,12,18,55,49,6,35.294117647058826,14.117647058823529,21.176470588235293,64.70588235294117,57.647058823529406,7.0588235294117645
E00045825,190,53,17,36,137,117,20,27.89473684210526,8.947368421052632,18.947368421052634,72.10526315789474,61.578947368421055,10.526315789473683
E00045826,185,56,16,40,129,116,13,30.270270270270274,8.64864864864865,21.62162162162162,69.72972972972973,62.70270270270271,7.027027027027027
E00045827,152,37,14,23,115,100,15,24.342105263157894,9.210526315789473,15.131578947368421,75.6578947368421,65.78947368421053,9.868421052631579
E00045828,172,54,17,37,118,98,20,31.3953488372093,9.883720930232558,21.511627906976745,68.6046511627907,56.97674418604651,11.627906976744185
E00045829,137,42,19,23,95,84,11,30.656934306569344,13.86861313868613,16.78832116788321,69.34306569343066,61.31386861313869,8.02919708029197
E00045830,174,59,19,40,115,108,7,33.90804597701149,10.919540229885058,22.988505747126435,66.0919540229885,62.06896551724138,4.022988505747127
E00045831,179,44,20,24,135,120,15,24.581005586592177,11.1731843575419,13.40782122905028,75.41899441340783,67.0391061452514,8.379888268156424
E00045832,168,38,18,20,130,104,26,22.61904761904762,10.714285714285714,11.904761904761903,77.38095238095238,61.904761904761905,15.476190476190476
E00045833,163,43,17,26,120,108,12,26.380368098159508,10.429447852760736,15.950920245398773,73.61963190184049,66.25766871165644,7.361963190184049
E00045834,142,45,15,30,97,80,17,31.690140845070424,10.56338028169014,21.12676056338028,68.30985915492957,56.33802816901409,11.971830985915492
E00045835,154,51,20,31,103,92,11,33.116883116883116,12.987012987012985,20.12987012987013,66.88311688311688,59.74025974025974,7.142857142857142
E00045836,155,48,15,33,107,99,8,30.967741935483872,9.67741935483871,21.29032258064516,69.03225806451613,63.87096774193548,5.161290322580645
E00045837,157,48,21,27,109,94,15,30.573248407643312,13.375796178343949,17.197452229299362,69.42675159235668,59.87261146496815,9.554140127388536
E00045838,140,50,12,38,90,85,5,35.714285714285715,8.571428571428571,27.142857142857142,64.28571428571429,60.71428571428571,3.571428571428571
E00045839,177,42,13,29,135,121,14,23.728813559322035,7.344632768361582,16.38418079096045,76.27118644067797,68.36158192090396,7.909604519774012
E00045840,172,49,12,37,123,112,11,28.488372093023255,6.976744186046512,21.511627906976745,71.51162790697676,65.11627906976744,6.395348837209303
E00045841,147,50,17,33,97,89,8,34.01360544217687,11.564625850340136,22.448979591836736,65.98639455782312,60.544217687074834,5.442176870748299
E00045842,151,61,19,42,90,81,9,40.397350993377486,12.582781456953644,27.81456953642384,59.60264900662252,53.64238410596026,5.960264900662252
E00045843,130,54,24,30,76,68,8,41.53846153846154,18.461538461538463,23.076923076923077,58.46153846153847,52.307692307692314,6.153846153846154
E00045844,151,63,25,38,88,84,4,41.72185430463576,16.55629139072848,25.165562913907287,58.27814569536424,55.62913907284768,2.6490066225165565
E00045845,117,46,15,31,71,64,7,39.31623931623932,12.82051282051282,26.495726495726498,60.68376068376068,54.700854700854705,5.982905982905983
E00045846,115,49,9,40,66,61,5,42.608695652173914,7.82608695652174,34.78260869565217,57.391304347826086,53.04347826086957,4.3478260869565215
E00045847,158,71,22,49,87,75,12,44.936708860759495,13.924050632911392,31.0126582278481,55.06329113924051,47.46835443037975,7.59493670886076
E00045848,135,56,18,38,79,76,3,41.48148148148148,13.333333333333334,28.14814814814815,58.51851851851851,56.2962962962963,2.2222222222222223
E00045849,105,40,15,25,65,51,14,38.095238095238095,14.285714285714285,23.809523809523807,61.904761904761905,48.57142857142857,13.333333333333334
E00045850,134,52,19,33,82,74,8,38.80597014925373,14.17910447761194,24.62686567164179,61.19402985074627,55.223880597014926,5.970149253731343
E00045851,92,36,18,18,56,51,5,39.130434782608695,19.565217391304348,19.565217391304348,60.86956521739131,55.434782608695656,5.434782608695652
E00045853,158,68,25,43,90,85,5,43.037974683544306,15.822784810126583,27.21518987341772,56.9620253164557,53.79746835443038,3.1645569620253164
E00045854,149,51,22,29,98,85,13,34.22818791946309,14.76510067114094,19.463087248322147,65.77181208053692,57.04697986577181,8.724832214765101
E00045855,170,63,21,42,107,90,17,37.05882352941177,12.352941176470589,24.705882352941178,62.94117647058823,52.94117647058824,10
E00045856,238,66,19,47,172,155,17,27.73109243697479,7.9831932773109235,19.747899159663866,72.26890756302521,65.12605042016807,7.142857142857142
E00045857,68,22,11,11,46,39,7,32.35294117647059,16.176470588235293,16.176470588235293,67.64705882352942,57.35294117647059,10.294117647058822
E00045858,151,73,29,44,78,72,6,48.34437086092716,19.205298013245034,29.13907284768212,51.65562913907284,47.682119205298015,3.9735099337748347
E00045859,211,76,25,51,135,112,23,36.018957345971565,11.848341232227488,24.170616113744074,63.98104265402843,53.08056872037915,10.90047393364929
E00045860,184,55,20,35,129,119,10,29.891304347826086,10.869565217391305,19.021739130434785,70.1086956521739,64.67391304347827,5.434782608695652
E00045861,159,50,13,37,109,93,16,31.446540880503143,8.176100628930817,23.270440251572328,68.55345911949685,58.490566037735846,10.062893081761008
E00045862,186,59,20,39,127,116,11,31.72043010752688,10.75268817204301,20.967741935483872,68.27956989247312,62.365591397849464,5.913978494623656
E00045863,136,42,16,26,94,82,12,30.88235294117647,11.76470588235294,19.11764705882353,69.11764705882352,60.29411764705882,8.823529411764707
E00045864,209,66,27,39,143,126,17,31.57894736842105,12.918660287081341,18.660287081339714,68.42105263157895,60.28708133971292,8.133971291866029
E00045865,141,43,13,30,98,85,13,30.49645390070922,9.219858156028367,21.27659574468085,69.50354609929079,60.28368794326241,9.219858156028367
E00045866,75,17,3,14,58,50,8,22.666666666666664,4,18.666666666666668,77.33333333333333,66.66666666666666,10.666666666666668
E00045867,167,65,22,43,102,91,11,38.92215568862276,13.17365269461078,25.748502994011975,61.07784431137725,54.49101796407185,6.58682634730539
E00045868,136,37,13,24,99,86,13,27.205882352941174,9.558823529411764,17.647058823529413,72.79411764705883,63.23529411764706,9.558823529411764
E00045869,230,70,25,45,160,133,27,30.434782608695656,10.869565217391305,19.565217391304348,69.56521739130434,57.826086956521735,11.73913043478261
E00045870,168,71,23,48,97,83,14,42.26190476190476,13.690476190476192,28.57142857142857,57.738095238095234,49.404761904761905,8.333333333333332
E00045871,160,56,24,32,104,95,9,35,15,20,65,59.375,5.625
E00045872,156,56,26,30,100,79,21,35.8974358974359,16.666666666666664,19.230769230769234,64.1025641025641,50.641025641025635,13.461538461538462
E00045873,184,53,18,35,131,118,13,28.804347826086957,9.782608695652174,19.021739130434785,71.19565217391305,64.13043478260869,7.065217391304348
E00045874,174,68,30,38,106,95,11,39.08045977011494,17.24137931034483,21.839080459770116,60.91954022988506,54.59770114942529,6.321839080459771
E00045875,157,63,15,48,94,88,6,40.12738853503185,9.554140127388536,30.573248407643312,59.87261146496815,56.05095541401274,3.821656050955414
E00045876,139,43,9,34,96,86,10,30.935251798561154,6.474820143884892,24.46043165467626,69.06474820143885,61.87050359712231,7.1942446043165464
E00045877,169,66,20,46,103,91,12,39.053254437869825,11.834319526627219,27.218934911242602,60.946745562130175,53.84615384615385,7.100591715976331
E00045878,231,66,14,52,165,143,22,28.57142857142857,6.0606060606060606,22.51082251082251,71.42857142857143,61.904761904761905,9.523809523809524
E00045879,135,45,13,32,90,85,5,33.33333333333333,9.62962962962963,23.703703703703706,66.66666666666666,62.96296296296296,3.7037037037037033
E00045880,149,50,15,35,99,86,13,33.557046979865774,10.06711409395973,23.48993288590604,66.44295302013423,57.71812080536913,8.724832214765101
E00045881,195,59,13,46,136,121,15,30.256410256410255,6.666666666666667,23.589743589743588,69.74358974358974,62.05128205128205,7.6923076923076925
E00045882,188,76,25,51,112,101,11,40.42553191489361,13.297872340425531,27.127659574468083,59.57446808510638,53.72340425531915,5.851063829787234
E00045883,143,57,20,37,86,78,8,39.86013986013986,13.986013986013987,25.874125874125873,60.13986013986013,54.54545454545454,5.594405594405594
E00045884,136,59,18,41,77,70,7,43.38235294117647,13.23529411764706,30.14705882352941,56.61764705882353,51.470588235294116,5.147058823529411
E00045885,180,45,17,28,135,120,15,25,9.444444444444445,15.555555555555555,75,66.66666666666666,8.333333333333332
E00045886,156,63,17,46,93,81,12,40.38461538461539,10.897435897435898,29.48717948717949,59.61538461538461,51.92307692307693,7.6923076923076925
E00045887,161,53,13,40,108,97,11,32.91925465838509,8.074534161490684,24.84472049689441,67.08074534161491,60.24844720496895,6.832298136645963
E00045888,154,47,15,32,107,94,13,30.519480519480517,9.740259740259742,20.77922077922078,69.48051948051948,61.038961038961034,8.441558441558442
E00045889,207,68,20,48,139,129,10,32.850241545893724,9.66183574879227,23.18840579710145,67.14975845410628,62.31884057971014,4.830917874396135
E00045890,207,65,27,38,142,126,16,31.40096618357488,13.043478260869565,18.357487922705314,68.59903381642512,60.86956521739131,7.729468599033816
E00045891,148,52,13,39,96,79,17,35.13513513513514,8.783783783783784,26.351351351351347,64.86486486486487,53.37837837837838,11.486486486486488
E00045892,162,47,25,22,115,103,12,29.01234567901235,15.432098765432098,13.580246913580247,70.98765432098766,63.580246913580254,7.4074074074074066
E00045893,207,74,29,45,133,124,9,35.748792270531396,14.009661835748794,21.73913043478261,64.25120772946859,59.90338164251207,4.3478260869565215
E00045894,145,35,14,21,110,102,8,24.137931034482758,9.655172413793103,14.482758620689657,75.86206896551724,70.34482758620689,5.517241379310345
E00045895,96,22,8,14,74,66,8,22.916666666666664,8.333333333333332,14.583333333333334,77.08333333333334,68.75,8.333333333333332
E00045896,184,51,22,29,133,118,15,27.717391304347828,11.956521739130435,15.760869565217392,72.28260869565217,64.13043478260869,8.152173913043478
E00045897,153,50,25,25,103,97,6,32.6797385620915,16.33986928104575,16.33986928104575,67.3202614379085,63.39869281045751,3.9215686274509802
E00045898,170,48,11,37,122,105,17,28.235294117647058,6.470588235294119,21.764705882352942,71.76470588235294,61.76470588235294,10
E00045899,161,48,15,33,113,104,9,29.81366459627329,9.316770186335404,20.496894409937887,70.1863354037267,64.59627329192547,5.590062111801243
E00045900,153,42,8,34,111,98,13,27.450980392156865,5.228758169934641,22.22222222222222,72.54901960784314,64.05228758169935,8.49673202614379
E00045901,202,88,35,53,114,103,11,43.56435643564357,17.326732673267326,26.237623762376238,56.43564356435643,50.99009900990099,5.445544554455446
E00045902,117,70,20,50,47,40,7,59.82905982905983,17.094017094017094,42.73504273504273,40.17094017094017,34.18803418803419,5.982905982905983
E00045904,187,89,34,55,98,90,8,47.593582887700535,18.181818181818183,29.411764705882355,52.406417112299465,48.1283422459893,4.27807486631016
E00045905,152,71,22,49,81,76,5,46.71052631578947,14.473684210526317,32.23684210526316,53.289473684210535,50,3.289473684210526
E00045906,183,79,32,47,104,94,10,43.169398907103826,17.48633879781421,25.683060109289617,56.830601092896174,51.36612021857923,5.46448087431694
E00045907,101,48,11,37,53,51,2,47.524752475247524,10.891089108910892,36.633663366336634,52.475247524752476,50.495049504950494,1.9801980198019802
E00045909,160,87,24,63,73,69,4,54.37499999999999,15,39.375,45.625,43.125,2.5
E00045910,154,66,20,46,88,84,4,42.857142857142854,12.987012987012985,29.87012987012987,57.14285714285714,54.54545454545454,2.5974025974025974
E00045911,177,62,22,40,115,99,16,35.02824858757062,12.429378531073446,22.598870056497177,64.97175141242938,55.932203389830505,9.03954802259887
E00045912,86,34,6,28,52,52,0,39.53488372093023,6.976744186046512,32.55813953488372,60.46511627906976,60.46511627906976,0
E00045913,112,63,17,46,49,49,0,56.25,15.178571428571427,41.07142857142857,43.75,43.75,0
E00045914,138,71,24,47,67,64,3,51.449275362318836,17.391304347826086,34.05797101449276,48.55072463768116,46.3768115942029,2.1739130434782608
E00045915,143,64,28,36,79,73,6,44.75524475524475,19.58041958041958,25.174825174825177,55.24475524475524,51.048951048951054,4.195804195804196
E00045916,84,52,16,36,32,29,3,61.904761904761905,19.047619047619047,42.857142857142854,38.095238095238095,34.523809523809526,3.571428571428571
E00045917,194,78,29,49,116,102,14,40.20618556701031,14.948453608247423,25.257731958762886,59.79381443298969,52.57731958762887,7.216494845360824
E00045918,129,54,20,34,75,71,4,41.86046511627907,15.503875968992247,26.356589147286826,58.139534883720934,55.03875968992248,3.10077519379845
E00045919,171,67,14,53,104,94,10,39.1812865497076,8.187134502923977,30.994152046783626,60.81871345029239,54.97076023391813,5.847953216374268
E00045920,123,66,19,47,57,57,0,53.65853658536586,15.447154471544716,38.21138211382114,46.34146341463415,46.34146341463415,0
E00045921,136,73,22,51,63,58,5,53.67647058823529,16.176470588235293,37.5,46.32352941176471,42.64705882352941,3.6764705882352944
E00045922,167,60,28,32,107,97,10,35.92814371257485,16.766467065868262,19.16167664670659,64.07185628742515,58.08383233532935,5.9880239520958085
E00045923,147,73,26,47,74,66,8,49.65986394557823,17.687074829931973,31.97278911564626,50.34013605442177,44.89795918367347,5.442176870748299
E00045924,125,54,13,41,71,63,8,43.2,10.4,32.800000000000004,56.8,50.4,6.4
E00045925,144,66,21,45,78,78,0,45.83333333333333,14.583333333333334,31.25,54.166666666666664,54.166666666666664,0
E00045926,123,47,14,33,76,70,6,38.21138211382114,11.38211382113821,26.82926829268293,61.78861788617886,56.91056910569105,4.878048780487805
E00045927,107,40,17,23,67,61,6,37.38317757009346,15.887850467289718,21.49532710280374,62.616822429906534,57.009345794392516,5.607476635514018
E00045928,108,52,17,35,56,52,4,48.148148148148145,15.74074074074074,32.407407407407405,51.85185185185185,48.148148148148145,3.7037037037037033
E00045929,139,52,20,32,87,77,10,37.410071942446045,14.388489208633093,23.021582733812952,62.589928057553955,55.39568345323741,7.1942446043165464
E00045930,159,75,19,56,84,81,3,47.16981132075472,11.949685534591195,35.22012578616352,52.83018867924528,50.943396226415096,1.8867924528301887
E00045931,135,61,23,38,74,65,9,45.18518518518518,17.037037037037038,28.14814814814815,54.81481481481482,48.148148148148145,6.666666666666667
E00045932,115,61,22,39,54,51,3,53.04347826086957,19.130434782608695,33.91304347826087,46.95652173913044,44.34782608695652,2.608695652173913
E00045935,130,56,19,37,74,67,7,43.07692307692308,14.615384615384617,28.46153846153846,56.92307692307692,51.53846153846153,5.384615384615385
E00045937,191,91,23,68,100,92,8,47.64397905759162,12.041884816753926,35.602094240837694,52.35602094240838,48.167539267015705,4.18848167539267
E00045939,147,84,25,59,63,60,3,57.14285714285714,17.006802721088434,40.136054421768705,42.857142857142854,40.816326530612244,2.0408163265306123
E00045940,174,71,25,46,103,96,7,40.804597701149426,14.367816091954023,26.436781609195403,59.195402298850574,55.172413793103445,4.022988505747127
E00045941,134,59,28,31,75,65,10,44.02985074626866,20.8955223880597,23.134328358208954,55.970149253731336,48.507462686567166,7.462686567164178
E00045943,136,63,22,41,73,67,6,46.32352941176471,16.176470588235293,30.14705882352941,53.67647058823529,49.26470588235294,4.411764705882353
E00045944,134,75,16,59,59,55,4,55.970149253731336,11.940298507462686,44.02985074626866,44.02985074626866,41.04477611940299,2.9850746268656714
E00045945,115,54,23,31,61,61,0,46.95652173913044,20,26.956521739130434,53.04347826086957,53.04347826086957,0
E00045948,172,80,28,52,92,85,7,46.51162790697674,16.27906976744186,30.23255813953488,53.48837209302325,49.41860465116279,4.069767441860465
E00045949,270,81,34,47,189,166,23,30,12.592592592592592,17.40740740740741,70,61.48148148148148,8.518518518518519
E00045950,147,62,21,41,85,74,11,42.17687074829932,14.285714285714285,27.89115646258503,57.82312925170068,50.34013605442177,7.482993197278912
E00045951,114,32,12,20,82,72,10,28.07017543859649,10.526315789473683,17.543859649122805,71.9298245614035,63.1578947368421,8.771929824561402
E00045952,108,48,14,34,60,56,4,44.44444444444444,12.962962962962962,31.48148148148148,55.55555555555556,51.85185185185185,3.7037037037037033
E00045953,100,53,17,36,47,39,8,53,17,36,47,39,8
E00045954,155,49,17,32,106,96,10,31.61290322580645,10.967741935483872,20.64516129032258,68.38709677419355,61.935483870967744,6.451612903225806
E00045955,152,66,23,43,86,79,7,43.42105263157895,15.131578947368421,28.289473684210524,56.57894736842105,51.973684210526315,4.605263157894736
E00045956,119,53,13,40,66,65,1,44.537815126050425,10.92436974789916,33.61344537815126,55.46218487394958,54.621848739495796,0.8403361344537815
E00045957,151,42,17,25,109,100,9,27.81456953642384,11.258278145695364,16.55629139072848,72.18543046357617,66.22516556291392,5.960264900662252
E00045959,84,41,8,33,43,38,5,48.80952380952381,9.523809523809524,39.285714285714285,51.19047619047619,45.23809523809524,5.952380952380952
E00045960,130,45,20,25,85,72,13,34.61538461538461,15.384615384615385,19.230769230769234,65.38461538461539,55.38461538461539,10
E00045961,118,48,17,31,70,58,12,40.67796610169492,14.40677966101695,26.27118644067797,59.32203389830508,49.152542372881356,10.16949152542373
E00045962,164,61,24,37,103,91,12,37.19512195121951,14.634146341463413,22.5609756097561,62.80487804878049,55.487804878048784,7.317073170731707
E00045963,193,80,25,55,113,98,15,41.45077720207254,12.953367875647666,28.497409326424872,58.549222797927456,50.77720207253886,7.772020725388601
E00045964,98,39,14,25,59,59,0,39.795918367346935,14.285714285714285,25.510204081632654,60.204081632653065,60.204081632653065,0
E00045965,159,65,24,41,94,85,9,40.88050314465409,15.09433962264151,25.78616352201258,59.11949685534591,53.459119496855344,5.660377358490567
E00045966,206,89,26,63,117,113,4,43.203883495145625,12.62135922330097,30.582524271844658,56.79611650485437,54.85436893203883,1.9417475728155338
E00045967,150,75,18,57,75,75,0,50,12,38,50,50,0
E00045969,144,64,9,55,80,75,5,44.44444444444444,6.25,38.19444444444444,55.55555555555556,52.083333333333336,3.4722222222222223
E00045970,111,31,13,18,80,68,12,27.927927927927925,11.711711711711711,16.216216216216218,72.07207207207207,61.261261261261254,10.81081081081081
E00045971,181,36,13,23,145,107,38,19.88950276243094,7.18232044198895,12.70718232044199,80.11049723756905,59.11602209944752,20.994475138121548
E00045972,135,30,6,24,105,87,18,22.22222222222222,4.444444444444445,17.77777777777778,77.77777777777779,64.44444444444444,13.333333333333334
E00045973,121,21,7,14,100,81,19,17.355371900826448,5.785123966942149,11.570247933884298,82.64462809917356,66.94214876033058,15.702479338842975
E00045974,136,22,9,13,114,95,19,16.176470588235293,6.61764705882353,9.558823529411764,83.82352941176471,69.85294117647058,13.970588235294118
E00045975,148,34,12,22,114,79,35,22.972972972972975,8.108108108108109,14.864864864864865,77.02702702702703,53.37837837837838,23.64864864864865
E00045976,148,31,8,23,117,81,36,20.945945945945947,5.405405405405405,15.54054054054054,79.05405405405406,54.729729729729726,24.324324324324326
E00045977,168,48,21,27,120,87,33,28.57142857142857,12.5,16.071428571428573,71.42857142857143,51.78571428571429,19.642857142857142
E00045978,191,34,14,20,157,135,22,17.801047120418847,7.329842931937172,10.471204188481675,82.19895287958116,70.68062827225131,11.518324607329843
E00045979,144,38,19,19,106,86,20,26.38888888888889,13.194444444444445,13.194444444444445,73.61111111111111,59.72222222222222,13.88888888888889
E00045980,187,46,18,28,141,110,31,24.598930481283425,9.62566844919786,14.973262032085561,75.40106951871658,58.82352941176471,16.577540106951872
E00045981,157,35,16,19,122,99,23,22.29299363057325,10.191082802547772,12.101910828025478,77.70700636942675,63.05732484076433,14.64968152866242
E00045982,131,24,6,18,107,78,29,18.3206106870229,4.580152671755725,13.740458015267176,81.67938931297711,59.541984732824424,22.137404580152673
E00045983,89,28,13,15,61,45,16,31.46067415730337,14.606741573033707,16.853932584269664,68.53932584269663,50.56179775280899,17.97752808988764
E00045984,179,40,14,26,139,111,28,22.3463687150838,7.82122905027933,14.52513966480447,77.6536312849162,62.01117318435754,15.64245810055866
E00045985,205,44,20,24,161,131,30,21.463414634146343,9.75609756097561,11.707317073170733,78.53658536585367,63.90243902439025,14.634146341463413
E00045986,236,49,10,39,187,157,30,20.76271186440678,4.23728813559322,16.52542372881356,79.23728813559322,66.52542372881356,12.711864406779661
E00045987,151,39,8,31,112,89,23,25.82781456953642,5.298013245033113,20.52980132450331,74.17218543046357,58.94039735099338,15.2317880794702
E00045988,155,42,24,18,113,92,21,27.09677419354839,15.483870967741936,11.612903225806452,72.90322580645162,59.354838709677416,13.548387096774196
E00045989,153,38,19,19,115,93,22,24.836601307189543,12.418300653594772,12.418300653594772,75.16339869281046,60.78431372549019,14.37908496732026
E00045990,153,34,21,13,119,96,23,22.22222222222222,13.725490196078432,8.49673202614379,77.77777777777779,62.745098039215684,15.032679738562091
E00045991,163,33,14,19,130,98,32,20.245398773006134,8.588957055214724,11.65644171779141,79.75460122699386,60.122699386503065,19.631901840490798
E00045992,47,9,5,4,38,33,5,19.148936170212767,10.638297872340425,8.51063829787234,80.85106382978722,70.2127659574468,10.638297872340425
E00045993,185,48,20,28,137,113,24,25.945945945945947,10.81081081081081,15.135135135135137,74.05405405405405,61.08108108108108,12.972972972972974
E00045994,144,40,13,27,104,89,15,27.77777777777778,9.027777777777777,18.75,72.22222222222221,61.80555555555556,10.416666666666668
E00045995,147,31,11,20,116,86,30,21.08843537414966,7.482993197278912,13.60544217687075,78.91156462585033,58.50340136054422,20.408163265306122
E00045996,55,28,8,20,27,27,0,50.90909090909091,14.545454545454545,36.36363636363637,49.09090909090909,49.09090909090909,0
E00045997,157,50,20,30,107,81,26,31.84713375796178,12.738853503184714,19.10828025477707,68.15286624203821,51.59235668789809,16.560509554140125
E00045998,112,39,14,25,73,73,0,34.82142857142857,12.5,22.321428571428573,65.17857142857143,65.17857142857143,0
E00045999,79,26,14,12,53,37,16,32.91139240506329,17.72151898734177,15.18987341772152,67.08860759493672,46.835443037974684,20.253164556962027
E00046000,180,25,14,11,155,129,26,13.88888888888889,7.777777777777778,6.111111111111111,86.11111111111111,71.66666666666667,14.444444444444443
E00046001,132,40,9,31,92,69,23,30.303030303030305,6.8181818181818175,23.484848484848484,69.6969696969697,52.27272727272727,17.424242424242426
E00046002,84,31,10,21,53,45,8,36.904761904761905,11.904761904761903,25,63.095238095238095,53.57142857142857,9.523809523809524
E00046003,114,44,12,32,70,63,7,38.59649122807017,10.526315789473683,28.07017543859649,61.40350877192983,55.26315789473685,6.140350877192982
E00046004,83,17,3,14,66,62,4,20.481927710843372,3.614457831325301,16.867469879518072,79.51807228915662,74.69879518072288,4.819277108433735
E00046005,107,24,10,14,83,67,16,22.429906542056074,9.345794392523365,13.084112149532709,77.57009345794393,62.616822429906534,14.953271028037381
E00046006,169,28,10,18,141,121,20,16.56804733727811,5.9171597633136095,10.650887573964498,83.4319526627219,71.59763313609467,11.834319526627219
E00046007,128,50,22,28,78,70,8,39.0625,17.1875,21.875,60.9375,54.6875,6.25
E00046008,121,42,13,29,79,68,11,34.710743801652896,10.743801652892563,23.96694214876033,65.28925619834712,56.19834710743802,9.090909090909092
E00046009,32,14,6,8,18,18,0,43.75,18.75,25,56.25,56.25,0
E00046010,105,31,6,25,74,60,14,29.523809523809526,5.714285714285714,23.809523809523807,70.47619047619048,57.14285714285714,13.333333333333334
E00046011,119,39,16,23,80,63,17,32.773109243697476,13.445378151260504,19.327731092436977,67.22689075630252,52.94117647058824,14.285714285714285
E00046012,79,40,17,23,39,35,4,50.63291139240506,21.518987341772153,29.11392405063291,49.36708860759494,44.303797468354425,5.063291139240507
E00046013,116,39,15,24,77,70,7,33.62068965517241,12.931034482758621,20.689655172413794,66.37931034482759,60.3448275862069,6.0344827586206895
E00046014,148,69,19,50,79,70,9,46.62162162162162,12.837837837837837,33.78378378378378,53.37837837837838,47.2972972972973,6.081081081081082
E00046015,105,36,13,23,69,58,11,34.285714285714285,12.380952380952381,21.904761904761905,65.71428571428571,55.23809523809524,10.476190476190476
E00046016,131,30,15,15,101,86,15,22.900763358778626,11.450381679389313,11.450381679389313,77.09923664122137,65.64885496183206,11.450381679389313
E00046017,93,39,16,23,54,46,8,41.935483870967744,17.20430107526882,24.731182795698924,58.06451612903226,49.46236559139785,8.60215053763441
E00046018,127,38,11,27,89,82,7,29.92125984251969,8.661417322834646,21.25984251968504,70.07874015748031,64.56692913385827,5.511811023622047
E00046019,95,35,14,21,60,50,10,36.84210526315789,14.736842105263156,22.105263157894736,63.1578947368421,52.63157894736842,10.526315789473683
E00046020,113,28,5,23,85,73,12,24.778761061946902,4.424778761061947,20.353982300884958,75.22123893805309,64.60176991150442,10.619469026548673
E00046021,160,37,17,20,123,116,7,23.125,10.625,12.5,76.875,72.5,4.375
E00046022,85,38,18,20,47,41,6,44.70588235294118,21.176470588235293,23.52941176470588,55.294117647058826,48.23529411764706,7.0588235294117645
E00046023,144,67,33,34,77,64,13,46.52777777777778,22.916666666666664,23.61111111111111,53.47222222222222,44.44444444444444,9.027777777777777
E00046024,128,48,24,24,80,69,11,37.5,18.75,18.75,62.5,53.90625,8.59375
E00046025,140,41,11,30,99,80,19,29.28571428571429,7.857142857142857,21.428571428571427,70.71428571428572,57.14285714285714,13.571428571428571
E00046026,132,60,28,32,72,60,12,45.45454545454545,21.21212121212121,24.242424242424242,54.54545454545454,45.45454545454545,9.090909090909092
E00046027,124,39,11,28,85,70,15,31.451612903225808,8.870967741935484,22.58064516129032,68.54838709677419,56.451612903225815,12.096774193548388
E00046028,160,46,21,25,114,97,17,28.749999999999996,13.125,15.625,71.25,60.62499999999999,10.625
E00046029,109,21,11,10,88,78,10,19.26605504587156,10.091743119266056,9.174311926605505,80.73394495412845,71.55963302752293,9.174311926605505
E00046030,121,28,9,19,93,83,10,23.140495867768596,7.43801652892562,15.702479338842975,76.85950413223141,68.59504132231406,8.264462809917356
E00046031,143,42,19,23,101,91,10,29.37062937062937,13.286713286713287,16.083916083916083,70.62937062937063,63.63636363636363,6.993006993006993
E00046032,106,37,6,31,69,64,5,34.90566037735849,5.660377358490567,29.245283018867923,65.09433962264151,60.37735849056604,4.716981132075472
E00046033,92,35,18,17,57,53,4,38.04347826086957,19.565217391304348,18.478260869565215,61.95652173913043,57.608695652173914,4.3478260869565215
E00046034,115,40,24,16,75,60,15,34.78260869565217,20.869565217391305,13.91304347826087,65.21739130434783,52.17391304347826,13.043478260869565
E00046035,111,39,15,24,72,64,8,35.13513513513514,13.513513513513514,21.62162162162162,64.86486486486487,57.65765765765766,7.207207207207207
E00046036,103,21,12,9,82,69,13,20.388349514563107,11.650485436893204,8.737864077669903,79.6116504854369,66.99029126213593,12.62135922330097
E00046037,117,31,11,20,86,75,11,26.495726495726498,9.401709401709402,17.094017094017094,73.50427350427351,64.1025641025641,9.401709401709402
E00046039,153,49,15,34,104,81,23,32.02614379084967,9.803921568627452,22.22222222222222,67.97385620915033,52.94117647058824,15.032679738562091
E00046040,186,53,19,34,133,101,32,28.49462365591398,10.21505376344086,18.27956989247312,71.50537634408603,54.3010752688172,17.20430107526882
E00046041,200,51,10,41,149,116,33,25.5,5,20.5,74.5,57.99999999999999,16.5
E00046042,122,28,14,14,94,78,16,22.950819672131146,11.475409836065573,11.475409836065573,77.04918032786885,63.934426229508205,13.114754098360656
E00046043,184,50,21,29,134,100,34,27.173913043478258,11.41304347826087,15.760869565217392,72.82608695652173,54.347826086956516,18.478260869565215
E00046044,189,63,26,37,126,98,28,33.33333333333333,13.756613756613756,19.576719576719576,66.66666666666666,51.85185185185185,14.814814814814813
E00046045,162,44,10,34,118,90,28,27.160493827160494,6.172839506172839,20.98765432098765,72.8395061728395,55.55555555555556,17.28395061728395
E00046046,114,25,12,13,89,71,18,21.929824561403507,10.526315789473683,11.403508771929824,78.0701754385965,62.28070175438597,15.789473684210526
E00046047,168,32,7,25,136,105,31,19.047619047619047,4.166666666666666,14.880952380952381,80.95238095238095,62.5,18.452380952380953
E00046048,143,21,9,12,122,82,40,14.685314685314685,6.293706293706294,8.391608391608392,85.3146853146853,57.34265734265735,27.972027972027973
E00046049,91,25,6,19,66,55,11,27.472527472527474,6.593406593406594,20.87912087912088,72.52747252747253,60.43956043956044,12.087912087912088
E00046050,159,25,9,16,134,108,26,15.723270440251572,5.660377358490567,10.062893081761008,84.27672955974843,67.9245283018868,16.352201257861633
E00046051,169,55,11,44,114,103,11,32.544378698224854,6.508875739644971,26.035502958579883,67.45562130177515,60.946745562130175,6.508875739644971
E00046052,143,44,17,27,99,91,8,30.76923076923077,11.888111888111888,18.88111888111888,69.23076923076923,63.63636363636363,5.594405594405594
E00046053,154,51,14,37,103,92,11,33.116883116883116,9.090909090909092,24.025974025974026,66.88311688311688,59.74025974025974,7.142857142857142
E00046056,111,46,8,38,65,62,3,41.44144144144144,7.207207207207207,34.234234234234236,58.55855855855856,55.85585585585585,2.7027027027027026
E00046057,172,69,21,48,103,92,11,40.116279069767444,12.209302325581394,27.906976744186046,59.883720930232556,53.48837209302325,6.395348837209303
E00046058,141,49,9,40,92,85,7,34.751773049645394,6.382978723404255,28.368794326241137,65.24822695035462,60.28368794326241,4.964539007092199
E00046059,134,41,10,31,93,81,12,30.597014925373134,7.462686567164178,23.134328358208954,69.40298507462687,60.447761194029844,8.955223880597014
E00046060,107,37,12,25,70,67,3,34.57943925233645,11.214953271028037,23.364485981308412,65.42056074766354,62.616822429906534,2.803738317757009
E00046061,161,64,26,38,97,85,12,39.75155279503105,16.149068322981368,23.60248447204969,60.24844720496895,52.79503105590062,7.453416149068323
E00046062,123,37,8,29,86,74,12,30.081300813008134,6.504065040650407,23.577235772357724,69.91869918699187,60.16260162601627,9.75609756097561
E00046063,133,37,11,26,96,89,7,27.819548872180448,8.270676691729323,19.548872180451127,72.18045112781954,66.9172932330827,5.263157894736842
E00046064,134,45,9,36,89,83,6,33.582089552238806,6.7164179104477615,26.865671641791046,66.4179104477612,61.940298507462686,4.477611940298507
E00046065,141,42,12,30,99,89,10,29.78723404255319,8.51063829787234,21.27659574468085,70.2127659574468,63.12056737588653,7.092198581560284
E00046066,102,43,13,30,59,52,7,42.15686274509804,12.745098039215685,29.411764705882355,57.84313725490197,50.98039215686274,6.862745098039216
E00046067,130,35,7,28,95,87,8,26.923076923076923,5.384615384615385,21.53846153846154,73.07692307692307,66.92307692307692,6.153846153846154
E00046068,116,48,13,35,68,64,4,41.37931034482759,11.206896551724139,30.17241379310345,58.620689655172406,55.172413793103445,3.4482758620689653
E00046069,167,72,28,44,95,89,6,43.11377245508982,16.766467065868262,26.34730538922156,56.886227544910184,53.293413173652695,3.592814371257485
E00046070,117,36,8,28,81,76,5,30.76923076923077,6.837606837606838,23.931623931623932,69.23076923076923,64.95726495726495,4.273504273504273
E00046071,142,42,13,29,100,89,11,29.577464788732392,9.15492957746479,20.422535211267608,70.4225352112676,62.676056338028175,7.746478873239436
E00046073,123,49,11,38,74,67,7,39.83739837398374,8.94308943089431,30.89430894308943,60.16260162601627,54.47154471544715,5.691056910569105
E00046074,81,27,8,19,54,49,5,33.33333333333333,9.876543209876543,23.456790123456788,66.66666666666666,60.49382716049383,6.172839506172839
E00046075,123,54,13,41,69,61,8,43.90243902439025,10.569105691056912,33.33333333333333,56.09756097560976,49.59349593495935,6.504065040650407
E00046080,118,38,15,23,80,72,8,32.20338983050847,12.711864406779661,19.491525423728813,67.79661016949152,61.016949152542374,6.779661016949152
E00046082,49,31,18,13,18,15,3,63.26530612244898,36.734693877551024,26.53061224489796,36.734693877551024,30.612244897959183,6.122448979591836
E00046083,143,58,22,36,85,72,13,40.55944055944056,15.384615384615385,25.174825174825177,59.44055944055944,50.349650349650354,9.090909090909092
E00046085,139,55,13,42,84,77,7,39.568345323741006,9.352517985611511,30.215827338129497,60.431654676258994,55.39568345323741,5.0359712230215825
E00046086,136,50,10,40,86,76,10,36.76470588235294,7.352941176470589,29.411764705882355,63.23529411764706,55.88235294117647,7.352941176470589
E00046087,126,58,16,42,68,63,5,46.03174603174603,12.698412698412698,33.33333333333333,53.96825396825397,50,3.968253968253968
E00046088,134,44,17,27,90,84,6,32.83582089552239,12.686567164179104,20.149253731343283,67.16417910447761,62.68656716417911,4.477611940298507
E00046089,159,66,18,48,93,82,11,41.509433962264154,11.320754716981133,30.18867924528302,58.490566037735846,51.57232704402516,6.918238993710692
E00046090,134,45,19,26,89,84,5,33.582089552238806,14.17910447761194,19.402985074626866,66.4179104477612,62.68656716417911,3.731343283582089
E00046093,104,48,12,36,56,48,8,46.15384615384615,11.538461538461538,34.61538461538461,53.84615384615385,46.15384615384615,7.6923076923076925
E00046094,132,58,12,46,74,69,5,43.93939393939394,9.090909090909092,34.84848484848485,56.060606060606055,52.27272727272727,3.787878787878788
E00046095,168,60,24,36,108,103,5,35.714285714285715,14.285714285714285,21.428571428571427,64.28571428571429,61.30952380952381,2.976190476190476
E00046096,191,70,23,47,121,102,19,36.64921465968586,12.041884816753926,24.60732984293194,63.35078534031413,53.403141361256544,9.947643979057592
E00046097,157,61,14,47,96,89,7,38.853503184713375,8.9171974522293,29.936305732484076,61.146496815286625,56.68789808917197,4.45859872611465
E00046098,46,18,8,10,28,27,1,39.130434782608695,17.391304347826086,21.73913043478261,60.86956521739131,58.69565217391305,2.1739130434782608
E00046099,157,61,15,46,96,92,4,38.853503184713375,9.554140127388536,29.29936305732484,61.146496815286625,58.59872611464968,2.547770700636943
E00046100,57,15,2,13,42,41,1,26.31578947368421,3.508771929824561,22.807017543859647,73.68421052631578,71.9298245614035,1.7543859649122806
E00046101,157,71,18,53,86,81,5,45.22292993630573,11.464968152866243,33.75796178343949,54.77707006369427,51.59235668789809,3.1847133757961785
E00046102,204,86,25,61,118,105,13,42.15686274509804,12.254901960784313,29.901960784313726,57.84313725490197,51.470588235294116,6.372549019607843
E00046103,206,68,25,43,138,124,14,33.00970873786408,12.135922330097088,20.87378640776699,66.99029126213593,60.19417475728155,6.796116504854369
E00046104,123,44,5,39,79,73,6,35.77235772357724,4.0650406504065035,31.70731707317073,64.22764227642277,59.34959349593496,4.878048780487805
E00046105,148,57,15,42,91,79,12,38.513513513513516,10.135135135135135,28.37837837837838,61.48648648648649,53.37837837837838,8.108108108108109
E00046106,137,71,34,37,66,53,13,51.82481751824818,24.817518248175183,27.00729927007299,48.175182481751825,38.68613138686132,9.48905109489051
E00046107,100,46,9,37,54,45,9,46,9,37,54,45,9
E00046108,210,90,28,62,120,104,16,42.857142857142854,13.333333333333334,29.523809523809526,57.14285714285714,49.523809523809526,7.6190476190476195
E00046109,107,30,5,25,77,71,6,28.037383177570092,4.672897196261682,23.364485981308412,71.96261682242991,66.35514018691589,5.607476635514018
E00046110,106,39,9,30,67,63,4,36.79245283018868,8.49056603773585,28.30188679245283,63.20754716981132,59.43396226415094,3.7735849056603774
E00046111,156,66,19,47,90,81,9,42.30769230769231,12.179487179487179,30.128205128205128,57.692307692307686,51.92307692307693,5.769230769230769
E00046112,172,59,21,38,113,104,9,34.30232558139535,12.209302325581394,22.093023255813954,65.69767441860465,60.46511627906976,5.232558139534884
E00046113,197,69,26,43,128,111,17,35.025380710659896,13.19796954314721,21.82741116751269,64.9746192893401,56.34517766497462,8.629441624365482
E00046114,140,45,11,34,95,80,15,32.142857142857146,7.857142857142857,24.285714285714285,67.85714285714286,57.14285714285714,10.714285714285714
E00046115,139,66,19,47,73,67,6,47.482014388489205,13.66906474820144,33.81294964028777,52.51798561151079,48.201438848920866,4.316546762589928
E00046116,197,81,27,54,116,105,11,41.11675126903553,13.705583756345177,27.411167512690355,58.88324873096447,53.299492385786806,5.583756345177665
E00046117,221,102,35,67,119,102,17,46.15384615384615,15.837104072398189,30.316742081447963,53.84615384615385,46.15384615384615,7.6923076923076925
E00046118,130,44,13,31,86,80,6,33.84615384615385,10,23.846153846153847,66.15384615384615,61.53846153846154,4.615384615384616
E00046119,179,71,23,48,108,98,10,39.66480446927375,12.849162011173185,26.81564245810056,60.33519553072626,54.7486033519553,5.58659217877095
E00046120,176,67,18,49,109,104,5,38.06818181818182,10.227272727272728,27.84090909090909,61.93181818181818,59.09090909090909,2.840909090909091
E00046121,129,39,11,28,90,87,3,30.23255813953488,8.527131782945736,21.705426356589147,69.76744186046511,67.44186046511628,2.3255813953488373
E00046122,124,35,13,22,89,79,10,28.225806451612907,10.483870967741936,17.741935483870968,71.7741935483871,63.70967741935484,8.064516129032258
E00046124,100,37,9,28,63,59,4,37,9,28.000000000000004,63,59,4
E00046125,155,50,7,43,105,96,9,32.25806451612903,4.516129032258064,27.741935483870968,67.74193548387096,61.935483870967744,5.806451612903226
E00046126,121,38,9,29,83,76,7,31.40495867768595,7.43801652892562,23.96694214876033,68.59504132231406,62.8099173553719,5.785123966942149
E00046127,127,38,10,28,89,81,8,29.92125984251969,7.874015748031496,22.04724409448819,70.07874015748031,63.77952755905512,6.299212598425196
E00046128,113,41,9,32,72,65,7,36.283185840707965,7.964601769911504,28.31858407079646,63.716814159292035,57.52212389380531,6.1946902654867255
E00046129,199,58,16,42,141,126,15,29.145728643216078,8.040201005025125,21.105527638190953,70.85427135678391,63.31658291457286,7.537688442211055
E00046130,136,45,15,30,91,80,11,33.088235294117645,11.029411764705882,22.058823529411764,66.91176470588235,58.82352941176471,8.088235294117647
E00046131,95,27,7,20,68,59,9,28.421052631578945,7.368421052631578,21.052631578947366,71.57894736842105,62.10526315789474,9.473684210526317
E00046132,106,39,14,25,67,62,5,36.79245283018868,13.20754716981132,23.58490566037736,63.20754716981132,58.490566037735846,4.716981132075472
E00046133,167,52,15,37,115,109,6,31.137724550898206,8.982035928143713,22.15568862275449,68.8622754491018,65.26946107784431,3.592814371257485
E00046134,105,31,10,21,74,61,13,29.523809523809526,9.523809523809524,20,70.47619047619048,58.0952380952381,12.380952380952381
E00046135,73,24,6,18,49,41,8,32.87671232876712,8.21917808219178,24.65753424657534,67.12328767123287,56.16438356164384,10.95890410958904
E00046136,138,38,18,20,100,83,17,27.536231884057973,13.043478260869565,14.492753623188406,72.46376811594203,60.14492753623188,12.318840579710146
E00046137,135,37,12,25,98,85,13,27.40740740740741,8.88888888888889,18.51851851851852,72.5925925925926,62.96296296296296,9.62962962962963
E00046138,106,32,7,25,74,63,11,30.18867924528302,6.60377358490566,23.58490566037736,69.81132075471697,59.43396226415094,10.377358490566039
E00046140,126,32,9,23,94,85,9,25.396825396825395,7.142857142857142,18.253968253968253,74.60317460317461,67.46031746031747,7.142857142857142
E00046141,162,48,8,40,114,102,12,29.629629629629626,4.938271604938271,24.691358024691358,70.37037037037037,62.96296296296296,7.4074074074074066
E00046142,118,30,7,23,88,83,5,25.423728813559322,5.932203389830509,19.491525423728813,74.57627118644068,70.33898305084746,4.23728813559322
E00046143,140,35,12,23,105,95,10,25,8.571428571428571,16.428571428571427,75,67.85714285714286,7.142857142857142
E00046144,117,29,8,21,88,77,11,24.786324786324787,6.837606837606838,17.94871794871795,75.21367521367522,65.8119658119658,9.401709401709402
E00046145,113,21,6,15,92,83,9,18.58407079646018,5.3097345132743365,13.274336283185843,81.41592920353983,73.45132743362832,7.964601769911504
E00046146,88,20,5,15,68,61,7,22.727272727272727,5.681818181818182,17.045454545454543,77.27272727272727,69.31818181818183,7.954545454545454
E00046147,92,26,4,22,66,60,6,28.26086956521739,4.3478260869565215,23.91304347826087,71.73913043478261,65.21739130434783,6.521739130434782
E00046148,187,48,16,32,139,130,9,25.668449197860966,8.55614973262032,17.11229946524064,74.33155080213903,69.5187165775401,4.81283422459893
E00046149,148,33,10,23,115,106,9,22.2972972972973,6.756756756756757,15.54054054054054,77.7027027027027,71.62162162162163,6.081081081081082
E00046150,161,37,8,29,124,108,16,22.981366459627328,4.968944099378882,18.012422360248447,77.01863354037268,67.08074534161491,9.937888198757763
E00046151,110,33,9,24,77,77,0,30,8.181818181818182,21.818181818181817,70,70,0
E00046152,96,35,11,24,61,56,5,36.45833333333333,11.458333333333332,25,63.541666666666664,58.333333333333336,5.208333333333334
E00046153,127,49,17,32,78,62,16,38.582677165354326,13.385826771653544,25.196850393700785,61.417322834645674,48.818897637795274,12.598425196850393
E00046154,97,32,10,22,65,59,6,32.98969072164948,10.309278350515463,22.68041237113402,67.0103092783505,60.824742268041234,6.185567010309279
E00046155,134,31,6,25,103,98,5,23.134328358208954,4.477611940298507,18.65671641791045,76.86567164179104,73.13432835820896,3.731343283582089
E00046156,91,32,10,22,59,53,6,35.16483516483517,10.989010989010989,24.175824175824175,64.83516483516483,58.24175824175825,6.593406593406594
E00046157,110,33,7,26,77,71,6,30,6.363636363636363,23.636363636363637,70,64.54545454545455,5.454545454545454
E00046158,89,29,7,22,60,56,4,32.58426966292135,7.865168539325842,24.719101123595504,67.41573033707866,62.92134831460674,4.49438202247191
E00046159,117,35,12,23,82,67,15,29.914529914529915,10.256410256410255,19.65811965811966,70.08547008547008,57.26495726495726,12.82051282051282
E00046160,67,22,7,15,45,37,8,32.83582089552239,10.44776119402985,22.388059701492537,67.16417910447761,55.223880597014926,11.940298507462686
E00046161,81,32,10,22,49,44,5,39.50617283950617,12.345679012345679,27.160493827160494,60.49382716049383,54.32098765432099,6.172839506172839
E00046162,111,37,7,30,74,69,5,33.33333333333333,6.306306306306306,27.027027027027028,66.66666666666666,62.16216216216216,4.504504504504505
E00046163,198,61,16,45,137,125,12,30.808080808080806,8.080808080808081,22.727272727272727,69.1919191919192,63.13131313131313,6.0606060606060606
E00046164,145,42,8,34,103,89,14,28.965517241379313,5.517241379310345,23.448275862068964,71.03448275862068,61.37931034482759,9.655172413793103
E00046166,122,36,11,25,86,81,5,29.508196721311474,9.01639344262295,20.491803278688526,70.49180327868852,66.39344262295081,4.098360655737705
E00046167,75,24,3,21,51,49,2,32,4,28.000000000000004,68,65.33333333333333,2.666666666666667
E00046168,114,35,5,30,79,73,6,30.701754385964914,4.385964912280701,26.31578947368421,69.2982456140351,64.03508771929825,5.263157894736842
E00046169,115,38,6,32,77,68,9,33.04347826086956,5.217391304347826,27.82608695652174,66.95652173913044,59.130434782608695,7.82608695652174
E00046170,112,25,6,19,87,80,7,22.321428571428573,5.357142857142857,16.964285714285715,77.67857142857143,71.42857142857143,6.25
E00046171,133,34,9,25,99,91,8,25.563909774436087,6.7669172932330826,18.796992481203006,74.43609022556392,68.42105263157895,6.015037593984962
E00046172,142,38,11,27,104,97,7,26.76056338028169,7.746478873239436,19.014084507042252,73.23943661971832,68.30985915492957,4.929577464788732
E00046173,114,39,11,28,75,65,10,34.21052631578947,9.649122807017543,24.561403508771928,65.78947368421053,57.01754385964912,8.771929824561402
E00046174,76,35,10,25,41,39,2,46.05263157894737,13.157894736842104,32.89473684210527,53.94736842105263,51.31578947368421,2.631578947368421
E00046175,118,36,10,26,82,74,8,30.508474576271187,8.47457627118644,22.033898305084744,69.49152542372882,62.71186440677966,6.779661016949152
E00046176,120,33,9,24,87,76,11,27.500000000000004,7.5,20,72.5,63.33333333333333,9.166666666666666
E00046177,97,38,8,30,59,53,6,39.175257731958766,8.24742268041237,30.927835051546392,60.824742268041234,54.63917525773196,6.185567010309279
E00046178,119,42,10,32,77,69,8,35.294117647058826,8.403361344537815,26.89075630252101,64.70588235294117,57.98319327731093,6.722689075630252
E00046179,162,54,15,39,108,96,12,33.33333333333333,9.25925925925926,24.074074074074073,66.66666666666666,59.25925925925925,7.4074074074074066
E00046180,126,35,9,26,91,82,9,27.77777777777778,7.142857142857142,20.634920634920633,72.22222222222221,65.07936507936508,7.142857142857142
E00046181,119,33,9,24,86,79,7,27.73109243697479,7.563025210084033,20.168067226890756,72.26890756302521,66.38655462184873,5.88235294117647
E00046182,116,35,11,24,81,74,7,30.17241379310345,9.482758620689655,20.689655172413794,69.82758620689656,63.793103448275865,6.0344827586206895
E00046183,157,45,13,32,112,103,9,28.662420382165603,8.280254777070063,20.382165605095544,71.3375796178344,65.60509554140127,5.7324840764331215
E00046184,175,42,13,29,133,110,23,24,7.428571428571429,16.57142857142857,76,62.857142857142854,13.142857142857142
E00046185,129,40,13,27,89,70,19,31.007751937984494,10.077519379844961,20.930232558139537,68.9922480620155,54.263565891472865,14.728682170542637
E00046186,175,40,13,27,135,115,20,22.857142857142858,7.428571428571429,15.428571428571427,77.14285714285715,65.71428571428571,11.428571428571429
E00046187,179,47,15,32,132,112,20,26.256983240223462,8.379888268156424,17.877094972067038,73.74301675977654,62.56983240223464,11.1731843575419
E00046188,289,71,19,52,218,189,29,24.567474048442904,6.5743944636678195,17.99307958477509,75.4325259515571,65.39792387543253,10.034602076124568
E00046189,125,39,12,27,86,83,3,31.2,9.6,21.6,68.8,66.4,2.4
E00046190,108,41,11,30,67,61,6,37.96296296296296,10.185185185185185,27.77777777777778,62.03703703703704,56.481481481481474,5.555555555555555
E00046191,181,46,11,35,135,114,21,25.41436464088398,6.077348066298343,19.337016574585636,74.58563535911603,62.98342541436463,11.602209944751381
E00046192,98,30,10,20,68,67,1,30.612244897959183,10.204081632653061,20.408163265306122,69.38775510204081,68.36734693877551,1.0204081632653061
E00046193,136,34,8,26,102,88,14,25,5.88235294117647,19.11764705882353,75,64.70588235294117,10.294117647058822
E00046194,108,38,14,24,70,61,9,35.18518518518518,12.962962962962962,22.22222222222222,64.81481481481481,56.481481481481474,8.333333333333332
E00046195,103,26,8,18,77,62,15,25.24271844660194,7.766990291262135,17.475728155339805,74.75728155339806,60.19417475728155,14.563106796116504
E00046196,149,55,12,43,94,83,11,36.91275167785235,8.053691275167784,28.859060402684566,63.08724832214765,55.70469798657718,7.38255033557047
E00046197,140,44,16,28,96,80,16,31.428571428571427,11.428571428571429,20,68.57142857142857,57.14285714285714,11.428571428571429
E00046198,78,22,4,18,56,52,4,28.205128205128204,5.128205128205128,23.076923076923077,71.7948717948718,66.66666666666666,5.128205128205128
E00046199,147,41,6,35,106,95,11,27.89115646258503,4.081632653061225,23.809523809523807,72.10884353741497,64.62585034013605,7.482993197278912
E00046200,154,41,14,27,113,100,13,26.623376623376622,9.090909090909092,17.532467532467532,73.37662337662337,64.93506493506493,8.441558441558442
E00046201,106,25,9,16,81,72,9,23.58490566037736,8.49056603773585,15.09433962264151,76.41509433962264,67.9245283018868,8.49056603773585
E00046202,59,19,4,15,40,40,0,32.20338983050847,6.779661016949152,25.423728813559322,67.79661016949152,67.79661016949152,0
E00046203,98,31,12,19,67,62,5,31.63265306122449,12.244897959183673,19.387755102040817,68.36734693877551,63.26530612244898,5.1020408163265305
E00046204,154,61,23,38,93,84,9,39.61038961038961,14.935064935064934,24.675324675324674,60.3896103896104,54.54545454545454,5.844155844155844
E00046205,133,40,16,24,93,82,11,30.075187969924812,12.030075187969924,18.045112781954884,69.92481203007519,61.65413533834586,8.270676691729323
E00046206,115,40,16,24,75,66,9,34.78260869565217,13.91304347826087,20.869565217391305,65.21739130434783,57.391304347826086,7.82608695652174
E00046207,60,16,6,10,44,38,6,26.666666666666668,10,16.666666666666664,73.33333333333333,63.33333333333333,10
E00046208,127,46,12,34,81,70,11,36.22047244094488,9.448818897637794,26.77165354330709,63.77952755905512,55.118110236220474,8.661417322834646
E00046209,64,22,7,15,42,39,3,34.375,10.9375,23.4375,65.625,60.9375,4.6875
E00046210,150,39,11,28,111,95,16,26,7.333333333333333,18.666666666666668,74,63.33333333333333,10.666666666666668
E00046211,137,29,10,19,108,92,16,21.16788321167883,7.2992700729927,13.86861313868613,78.83211678832117,67.15328467153284,11.678832116788321
E00046212,99,28,10,18,71,67,4,28.28282828282828,10.1010101010101,18.181818181818183,71.71717171717171,67.67676767676768,4.040404040404041
E00046213,117,38,10,28,79,79,0,32.47863247863248,8.547008547008547,23.931623931623932,67.52136752136752,67.52136752136752,0
E00046214,74,24,0,24,50,44,6,32.432432432432435,0,32.432432432432435,67.56756756756756,59.45945945945946,8.108108108108109
E00046215,117,33,15,18,84,64,20,28.205128205128204,12.82051282051282,15.384615384615385,71.7948717948718,54.700854700854705,17.094017094017094
E00046216,98,34,9,25,64,55,9,34.69387755102041,9.183673469387756,25.510204081632654,65.3061224489796,56.12244897959183,9.183673469387756
E00046217,75,26,7,19,49,43,6,34.66666666666667,9.333333333333334,25.333333333333336,65.33333333333333,57.333333333333336,8
E00046218,74,29,8,21,45,41,4,39.189189189189186,10.81081081081081,28.37837837837838,60.810810810810814,55.4054054054054,5.405405405405405
E00046219,70,22,6,16,48,45,3,31.428571428571427,8.571428571428571,22.857142857142858,68.57142857142857,64.28571428571429,4.285714285714286
E00046220,94,30,6,24,64,59,5,31.914893617021278,6.382978723404255,25.53191489361702,68.08510638297872,62.76595744680851,5.319148936170213
E00046221,88,29,5,24,59,55,4,32.95454545454545,5.681818181818182,27.27272727272727,67.04545454545455,62.5,4.545454545454546
E00046222,92,24,8,16,68,58,10,26.08695652173913,8.695652173913043,17.391304347826086,73.91304347826086,63.04347826086957,10.869565217391305
E00046223,108,30,10,20,78,66,12,27.77777777777778,9.25925925925926,18.51851851851852,72.22222222222221,61.111111111111114,11.11111111111111
E00046224,169,42,19,23,127,101,26,24.85207100591716,11.242603550295858,13.609467455621301,75.14792899408283,59.76331360946746,15.384615384615385
E00046225,165,48,17,31,117,111,6,29.09090909090909,10.303030303030303,18.787878787878785,70.9090909090909,67.27272727272727,3.6363636363636362
E00046226,97,58,16,42,39,36,3,59.79381443298969,16.49484536082474,43.29896907216495,40.20618556701031,37.11340206185567,3.0927835051546393
E00046227,129,48,14,34,81,74,7,37.2093023255814,10.852713178294573,26.356589147286826,62.7906976744186,57.36434108527132,5.426356589147287
E00046228,126,33,12,21,93,80,13,26.190476190476193,9.523809523809524,16.666666666666664,73.80952380952381,63.49206349206349,10.317460317460316
E00046229,137,48,18,30,89,69,20,35.03649635036496,13.138686131386862,21.897810218978105,64.96350364963503,50.36496350364964,14.5985401459854
E00046230,127,30,8,22,97,89,8,23.62204724409449,6.299212598425196,17.322834645669293,76.37795275590551,70.07874015748031,6.299212598425196
E00046231,177,66,18,48,111,99,12,37.28813559322034,10.16949152542373,27.11864406779661,62.71186440677966,55.932203389830505,6.779661016949152
E00046232,116,37,10,27,79,70,9,31.896551724137932,8.620689655172415,23.275862068965516,68.10344827586206,60.3448275862069,7.758620689655173
E00046233,173,44,22,22,129,101,28,25.43352601156069,12.716763005780345,12.716763005780345,74.56647398843931,58.38150289017341,16.184971098265898
E00046234,76,29,7,22,47,42,5,38.15789473684211,9.210526315789473,28.947368421052634,61.8421052631579,55.26315789473685,6.578947368421052
E00046235,179,45,12,33,134,122,12,25.139664804469277,6.70391061452514,18.435754189944134,74.86033519553072,68.15642458100558,6.70391061452514
E00046236,177,64,17,47,113,109,4,36.15819209039548,9.6045197740113,26.55367231638418,63.84180790960452,61.5819209039548,2.2598870056497176
E00046237,142,40,11,29,102,86,16,28.169014084507044,7.746478873239436,20.422535211267608,71.83098591549296,60.56338028169014,11.267605633802818
E00046238,136,42,19,23,94,84,10,30.88235294117647,13.970588235294118,16.911764705882355,69.11764705882352,61.76470588235294,7.352941176470589
E00046239,142,41,16,25,101,80,21,28.87323943661972,11.267605633802818,17.6056338028169,71.12676056338029,56.33802816901409,14.788732394366196
E00046240,249,37,12,25,212,190,22,14.859437751004014,4.819277108433735,10.040160642570282,85.14056224899599,76.30522088353415,8.835341365461847
E00046242,107,25,7,18,82,76,6,23.364485981308412,6.5420560747663545,16.822429906542055,76.63551401869158,71.02803738317756,5.607476635514018
E00046244,123,44,18,26,79,73,6,35.77235772357724,14.634146341463413,21.138211382113823,64.22764227642277,59.34959349593496,4.878048780487805
E00046245,158,41,11,30,117,106,11,25.949367088607595,6.962025316455696,18.9873417721519,74.0506329113924,67.08860759493672,6.962025316455696
E00046246,111,54,15,39,57,53,4,48.64864864864865,13.513513513513514,35.13513513513514,51.35135135135135,47.74774774774775,3.6036036036036037
E00046247,113,27,9,18,86,72,14,23.893805309734514,7.964601769911504,15.929203539823009,76.10619469026548,63.716814159292035,12.389380530973451
E00046248,146,62,21,41,84,78,6,42.465753424657535,14.383561643835616,28.08219178082192,57.534246575342465,53.42465753424658,4.10958904109589
E00046249,117,37,8,29,80,74,6,31.62393162393162,6.837606837606838,24.786324786324787,68.37606837606837,63.24786324786324,5.128205128205128
E00046250,70,23,8,15,47,43,4,32.857142857142854,11.428571428571429,21.428571428571427,67.14285714285714,61.42857142857143,5.714285714285714
E00046251,59,25,5,20,34,32,2,42.3728813559322,8.47457627118644,33.89830508474576,57.6271186440678,54.23728813559322,3.389830508474576
E00046252,116,36,10,26,80,74,6,31.03448275862069,8.620689655172415,22.413793103448278,68.96551724137932,63.793103448275865,5.172413793103448
E00046253,87,33,10,23,54,48,6,37.93103448275862,11.494252873563218,26.436781609195403,62.06896551724138,55.172413793103445,6.896551724137931
E00046254,96,35,9,26,61,52,9,36.45833333333333,9.375,27.083333333333332,63.541666666666664,54.166666666666664,9.375
E00046255,90,22,11,11,68,58,10,24.444444444444443,12.222222222222221,12.222222222222221,75.55555555555556,64.44444444444444,11.11111111111111
E00046256,61,21,5,16,40,35,5,34.42622950819672,8.19672131147541,26.229508196721312,65.57377049180327,57.377049180327866,8.19672131147541
E00046257,158,55,21,34,103,92,11,34.810126582278485,13.291139240506327,21.518987341772153,65.18987341772153,58.22784810126582,6.962025316455696
E00046258,102,40,10,30,62,49,13,39.21568627450981,9.803921568627452,29.411764705882355,60.78431372549019,48.03921568627451,12.745098039215685
E00046259,49,16,0,16,33,26,7,32.6530612244898,0,32.6530612244898,67.3469387755102,53.06122448979592,14.285714285714285
E00046260,116,37,16,21,79,73,6,31.896551724137932,13.793103448275861,18.103448275862068,68.10344827586206,62.93103448275862,5.172413793103448
E00046261,144,44,9,35,100,94,6,30.555555555555557,6.25,24.305555555555554,69.44444444444444,65.27777777777779,4.166666666666666
E00046262,150,37,11,26,113,102,11,24.666666666666668,7.333333333333333,17.333333333333336,75.33333333333333,68,7.333333333333333
E00046263,128,32,10,22,96,86,10,25,7.8125,17.1875,75,67.1875,7.8125
E00046264,164,49,21,28,115,102,13,29.878048780487802,12.804878048780488,17.073170731707318,70.1219512195122,62.19512195121951,7.926829268292683
E00046265,126,45,13,32,81,80,1,35.714285714285715,10.317460317460316,25.396825396825395,64.28571428571429,63.49206349206349,0.7936507936507936
E00046266,140,46,12,34,94,89,5,32.857142857142854,8.571428571428571,24.285714285714285,67.14285714285714,63.57142857142857,3.571428571428571
E00046267,72,14,3,11,58,47,11,19.444444444444446,4.166666666666666,15.277777777777779,80.55555555555556,65.27777777777779,15.277777777777779
E00046268,164,41,16,25,123,99,24,25,9.75609756097561,15.24390243902439,75,60.36585365853659,14.634146341463413
E00046269,30,8,2,6,22,12,10,26.666666666666668,6.666666666666667,20,73.33333333333333,40,33.33333333333333
E00046270,88,25,7,18,63,47,16,28.40909090909091,7.954545454545454,20.454545454545457,71.5909090909091,53.40909090909091,18.181818181818183
E00046271,146,42,17,25,104,92,12,28.767123287671232,11.643835616438356,17.123287671232877,71.23287671232876,63.013698630136986,8.21917808219178
E00046272,73,27,11,16,46,40,6,36.986301369863014,15.068493150684931,21.91780821917808,63.013698630136986,54.794520547945204,8.21917808219178
E00046273,95,31,9,22,64,60,4,32.631578947368425,9.473684210526317,23.157894736842106,67.36842105263158,63.1578947368421,4.2105263157894735
E00046274,132,49,17,32,83,78,5,37.121212121212125,12.878787878787879,24.242424242424242,62.878787878787875,59.09090909090909,3.787878787878788
E00046275,141,58,15,43,83,74,9,41.13475177304964,10.638297872340425,30.49645390070922,58.86524822695035,52.4822695035461,6.382978723404255
E00046276,220,56,18,38,164,148,16,25.454545454545453,8.181818181818182,17.272727272727273,74.54545454545455,67.27272727272727,7.2727272727272725
E00046277,136,34,12,22,102,94,8,25,8.823529411764707,16.176470588235293,75,69.11764705882352,5.88235294117647
E00046278,127,36,11,25,91,82,9,28.346456692913385,8.661417322834646,19.68503937007874,71.65354330708661,64.56692913385827,7.086614173228346
E00046279,130,37,8,29,93,82,11,28.46153846153846,6.153846153846154,22.30769230769231,71.53846153846153,63.07692307692307,8.461538461538462
E00046280,107,48,15,33,59,53,6,44.85981308411215,14.018691588785046,30.8411214953271,55.140186915887845,49.532710280373834,5.607476635514018
E00046281,99,30,9,21,69,63,6,30.303030303030305,9.090909090909092,21.21212121212121,69.6969696969697,63.63636363636363,6.0606060606060606
E00046283,135,45,14,31,90,79,11,33.33333333333333,10.37037037037037,22.962962962962962,66.66666666666666,58.51851851851851,8.148148148148149
E00046285,136,34,10,24,102,92,10,25,7.352941176470589,17.647058823529413,75,67.64705882352942,7.352941176470589
E00046286,127,38,12,26,89,81,8,29.92125984251969,9.448818897637794,20.47244094488189,70.07874015748031,63.77952755905512,6.299212598425196
E00046287,172,55,17,38,117,102,15,31.976744186046513,9.883720930232558,22.093023255813954,68.02325581395348,59.30232558139535,8.720930232558139
E00046288,154,59,23,36,95,86,9,38.311688311688314,14.935064935064934,23.376623376623375,61.68831168831169,55.84415584415584,5.844155844155844
E00046289,131,36,11,25,95,91,4,27.480916030534353,8.396946564885496,19.083969465648856,72.51908396946564,69.46564885496184,3.0534351145038165
E00046290,123,45,11,34,78,74,4,36.58536585365854,8.94308943089431,27.64227642276423,63.41463414634146,60.16260162601627,3.2520325203252036
E00046291,75,42,16,26,33,29,4,56.00000000000001,21.333333333333336,34.66666666666667,44,38.666666666666664,5.333333333333334
E00046292,114,50,22,28,64,58,6,43.859649122807014,19.298245614035086,24.561403508771928,56.14035087719298,50.877192982456144,5.263157894736842
E00046293,146,42,12,30,104,93,11,28.767123287671232,8.21917808219178,20.54794520547945,71.23287671232876,63.6986301369863,7.534246575342466
E00046294,136,45,13,32,91,80,11,33.088235294117645,9.558823529411764,23.52941176470588,66.91176470588235,58.82352941176471,8.088235294117647
E00046295,128,56,24,32,72,65,7,43.75,18.75,25,56.25,50.78125,5.46875
E00046296,166,51,18,33,115,103,12,30.72289156626506,10.843373493975903,19.879518072289155,69.27710843373494,62.048192771084345,7.228915662650602
E00046297,183,56,20,36,127,108,19,30.601092896174865,10.92896174863388,19.672131147540984,69.39890710382514,59.01639344262295,10.382513661202186
E00046298,152,42,11,31,110,98,12,27.631578947368425,7.236842105263158,20.394736842105264,72.36842105263158,64.47368421052632,7.894736842105263
E00046299,146,58,18,40,88,81,7,39.726027397260275,12.32876712328767,27.397260273972602,60.273972602739725,55.47945205479452,4.794520547945205
E00046300,99,19,7,12,80,73,7,19.19191919191919,7.07070707070707,12.121212121212121,80.8080808080808,73.73737373737373,7.07070707070707
E00046301,181,57,27,30,124,110,14,31.491712707182316,14.917127071823206,16.574585635359114,68.50828729281768,60.773480662983424,7.734806629834254
E00046302,204,73,24,49,131,126,5,35.78431372549019,11.76470588235294,24.019607843137255,64.2156862745098,61.76470588235294,2.450980392156863
E00046303,116,37,10,27,79,77,2,31.896551724137932,8.620689655172415,23.275862068965516,68.10344827586206,66.37931034482759,1.7241379310344827
E00046304,73,13,1,12,60,52,8,17.80821917808219,1.36986301369863,16.43835616438356,82.1917808219178,71.23287671232876,10.95890410958904
E00046305,111,32,11,21,79,67,12,28.82882882882883,9.90990990990991,18.91891891891892,71.17117117117117,60.36036036036037,10.81081081081081
E00046306,106,30,8,22,76,67,9,28.30188679245283,7.547169811320755,20.754716981132077,71.69811320754717,63.20754716981132,8.49056603773585
E00046307,94,26,5,21,68,63,5,27.659574468085108,5.319148936170213,22.340425531914892,72.3404255319149,67.02127659574468,5.319148936170213
E00046308,138,43,14,29,95,86,9,31.15942028985507,10.144927536231885,21.014492753623188,68.84057971014492,62.31884057971014,6.521739130434782
E00046309,121,36,14,22,85,74,11,29.75206611570248,11.570247933884298,18.181818181818183,70.24793388429752,61.15702479338842,9.090909090909092
E00046310,93,40,8,32,53,48,5,43.01075268817204,8.60215053763441,34.40860215053764,56.98924731182796,51.61290322580645,5.376344086021505
E00046311,114,38,11,27,76,71,5,33.33333333333333,9.649122807017543,23.684210526315788,66.66666666666666,62.28070175438597,4.385964912280701
E00046312,83,23,8,15,60,56,4,27.710843373493976,9.63855421686747,18.072289156626507,72.28915662650603,67.46987951807229,4.819277108433735
E00046313,131,36,6,30,95,81,14,27.480916030534353,4.580152671755725,22.900763358778626,72.51908396946564,61.832061068702295,10.687022900763358
E00046314,125,50,20,30,75,68,7,40,16,24,60,54.400000000000006,5.6000000000000005
E00046315,144,48,12,36,96,88,8,33.33333333333333,8.333333333333332,25,66.66666666666666,61.111111111111114,5.555555555555555
E00046316,102,37,13,24,65,59,6,36.27450980392157,12.745098039215685,23.52941176470588,63.725490196078425,57.84313725490197,5.88235294117647
E00046317,89,20,7,13,69,61,8,22.47191011235955,7.865168539325842,14.606741573033707,77.52808988764045,68.53932584269663,8.98876404494382
E00046318,145,43,12,31,102,98,4,29.655172413793103,8.275862068965518,21.379310344827587,70.34482758620689,67.58620689655173,2.7586206896551726
E00046319,123,32,10,22,91,82,9,26.01626016260163,8.130081300813007,17.88617886178862,73.98373983739837,66.66666666666666,7.317073170731707
E00046320,172,57,18,39,115,101,14,33.13953488372093,10.465116279069768,22.674418604651162,66.86046511627907,58.720930232558146,8.13953488372093
E00046321,115,35,7,28,80,76,4,30.434782608695656,6.086956521739131,24.347826086956523,69.56521739130434,66.08695652173913,3.4782608695652173
E00046322,114,35,9,26,79,70,9,30.701754385964914,7.894736842105263,22.807017543859647,69.2982456140351,61.40350877192983,7.894736842105263
E00046323,86,28,7,21,58,50,8,32.55813953488372,8.13953488372093,24.418604651162788,67.44186046511628,58.139534883720934,9.30232558139535
E00046324,113,45,9,36,68,64,4,39.823008849557525,7.964601769911504,31.858407079646017,60.17699115044248,56.63716814159292,3.5398230088495577
E00046325,125,48,9,39,77,71,6,38.4,7.199999999999999,31.2,61.6,56.8,4.8
E00046326,134,57,18,39,77,75,2,42.53731343283582,13.432835820895523,29.1044776119403,57.46268656716418,55.970149253731336,1.4925373134328357
E00046327,142,44,10,34,98,91,7,30.985915492957744,7.042253521126761,23.943661971830984,69.01408450704226,64.08450704225352,4.929577464788732
E00046328,149,44,13,31,105,97,8,29.53020134228188,8.724832214765101,20.80536912751678,70.46979865771812,65.1006711409396,5.369127516778524
E00046329,127,40,7,33,87,79,8,31.496062992125985,5.511811023622047,25.984251968503933,68.50393700787401,62.20472440944882,6.299212598425196
E00046330,109,31,15,16,78,60,18,28.440366972477065,13.761467889908257,14.678899082568808,71.55963302752293,55.04587155963303,16.51376146788991
E00046331,78,26,7,19,52,43,9,33.33333333333333,8.974358974358974,24.358974358974358,66.66666666666666,55.12820512820513,11.538461538461538
E00046332,80,25,9,16,55,50,5,31.25,11.25,20,68.75,62.5,6.25
E00046333,115,38,4,34,77,66,11,33.04347826086956,3.4782608695652173,29.565217391304348,66.95652173913044,57.391304347826086,9.565217391304348
E00046334,129,52,14,38,77,65,12,40.310077519379846,10.852713178294573,29.457364341085274,59.68992248062015,50.3875968992248,9.30232558139535
E00046335,100,34,7,27,66,63,3,34,7.000000000000001,27,66,63,3
E00046336,142,49,10,39,93,84,9,34.50704225352113,7.042253521126761,27.464788732394368,65.49295774647888,59.154929577464785,6.338028169014084
E00046337,132,40,11,29,92,85,7,30.303030303030305,8.333333333333332,21.96969696969697,69.6969696969697,64.39393939393939,5.303030303030303
E00046338,75,23,7,16,52,47,5,30.666666666666664,9.333333333333334,21.333333333333336,69.33333333333334,62.66666666666667,6.666666666666667
E00046339,107,35,8,27,72,67,5,32.71028037383177,7.476635514018691,25.233644859813083,67.28971962616822,62.616822429906534,4.672897196261682
E00046340,105,32,11,21,73,60,13,30.476190476190478,10.476190476190476,20,69.52380952380952,57.14285714285714,12.380952380952381
E00046341,149,46,14,32,103,94,9,30.87248322147651,9.395973154362416,21.476510067114095,69.12751677852349,63.08724832214765,6.0402684563758395
E00046342,56,12,3,9,44,38,6,21.428571428571427,5.357142857142857,16.071428571428573,78.57142857142857,67.85714285714286,10.714285714285714
E00046343,127,31,13,18,96,81,15,24.409448818897637,10.236220472440944,14.173228346456693,75.59055118110236,63.77952755905512,11.811023622047244
E00046344,90,42,13,29,48,45,3,46.666666666666664,14.444444444444443,32.22222222222222,53.333333333333336,50,3.3333333333333335
E00046347,191,52,27,25,139,113,26,27.225130890052355,14.136125654450263,13.089005235602095,72.77486910994764,59.16230366492147,13.612565445026178
E00046348,123,41,17,24,82,71,11,33.33333333333333,13.821138211382115,19.51219512195122,66.66666666666666,57.72357723577236,8.94308943089431
E00046349,130,49,17,32,81,74,7,37.69230769230769,13.076923076923078,24.615384615384617,62.30769230769231,56.92307692307692,5.384615384615385
E00046352,120,60,29,31,60,59,1,50,24.166666666666668,25.833333333333336,50,49.166666666666664,0.8333333333333334
E00046353,169,49,25,24,120,108,12,28.994082840236686,14.792899408284024,14.201183431952662,71.00591715976331,63.905325443786985,7.100591715976331
E00046357,137,57,13,44,80,77,3,41.605839416058394,9.48905109489051,32.11678832116788,58.3941605839416,56.20437956204379,2.18978102189781
E00046358,194,29,15,14,165,134,31,14.948453608247423,7.731958762886598,7.216494845360824,85.05154639175258,69.0721649484536,15.979381443298967
E00046359,93,31,11,20,62,55,7,33.33333333333333,11.827956989247312,21.50537634408602,66.66666666666666,59.13978494623656,7.526881720430108
E00046361,90,31,7,24,59,53,6,34.44444444444444,7.777777777777778,26.666666666666668,65.55555555555556,58.88888888888889,6.666666666666667
E00046362,88,28,8,20,60,52,8,31.818181818181817,9.090909090909092,22.727272727272727,68.18181818181817,59.09090909090909,9.090909090909092
E00046363,111,40,8,32,71,65,6,36.03603603603604,7.207207207207207,28.82882882882883,63.96396396396396,58.55855855855856,5.405405405405405
E00046364,112,39,11,28,73,70,3,34.82142857142857,9.821428571428571,25,65.17857142857143,62.5,2.6785714285714284
E00046365,98,36,7,29,62,58,4,36.734693877551024,7.142857142857142,29.591836734693878,63.26530612244898,59.183673469387756,4.081632653061225
E00046366,190,56,25,31,134,115,19,29.47368421052631,13.157894736842104,16.315789473684212,70.52631578947368,60.526315789473685,10
E00046368,87,30,10,20,57,43,14,34.48275862068966,11.494252873563218,22.988505747126435,65.51724137931035,49.42528735632184,16.091954022988507
E00046369,123,33,10,23,90,81,9,26.82926829268293,8.130081300813007,18.69918699186992,73.17073170731707,65.85365853658537,7.317073170731707
E00046370,90,43,17,26,47,42,5,47.77777777777778,18.88888888888889,28.888888888888886,52.22222222222223,46.666666666666664,5.555555555555555
E00046371,115,40,10,30,75,74,1,34.78260869565217,8.695652173913043,26.08695652173913,65.21739130434783,64.34782608695652,0.8695652173913043
E00046372,214,61,19,42,153,124,29,28.504672897196258,8.878504672897195,19.626168224299064,71.49532710280374,57.943925233644855,13.551401869158877
E00046373,195,59,26,33,136,121,15,30.256410256410255,13.333333333333334,16.923076923076923,69.74358974358974,62.05128205128205,7.6923076923076925
E00046374,103,48,20,28,55,51,4,46.601941747572816,19.41747572815534,27.184466019417474,53.398058252427184,49.51456310679612,3.8834951456310676
E00046376,140,41,16,25,99,80,19,29.28571428571429,11.428571428571429,17.857142857142858,70.71428571428572,57.14285714285714,13.571428571428571
E00046378,153,33,10,23,120,106,14,21.568627450980394,6.535947712418301,15.032679738562091,78.43137254901961,69.28104575163398,9.15032679738562
E00046380,159,43,22,21,116,102,14,27.044025157232703,13.836477987421384,13.20754716981132,72.95597484276729,64.15094339622641,8.80503144654088
E00046381,71,39,24,15,32,26,6,54.929577464788736,33.80281690140845,21.12676056338028,45.07042253521127,36.61971830985916,8.450704225352112
E00046382,122,30,18,12,92,77,15,24.59016393442623,14.754098360655737,9.836065573770492,75.40983606557377,63.114754098360656,12.295081967213115
E00046383,123,37,14,23,86,77,9,30.081300813008134,11.38211382113821,18.69918699186992,69.91869918699187,62.601626016260155,7.317073170731707
E00046384,195,55,13,42,140,129,11,28.205128205128204,6.666666666666667,21.53846153846154,71.7948717948718,66.15384615384615,5.641025641025641
E00046386,93,49,23,26,44,44,0,52.68817204301075,24.731182795698924,27.956989247311824,47.31182795698925,47.31182795698925,0
E00046387,71,34,16,18,37,32,5,47.88732394366197,22.535211267605636,25.352112676056336,52.112676056338024,45.07042253521127,7.042253521126761
E00046388,163,41,10,31,122,105,17,25.153374233128833,6.134969325153374,19.018404907975462,74.84662576687117,64.41717791411043,10.429447852760736
E00046390,153,48,24,24,105,99,6,31.372549019607842,15.686274509803921,15.686274509803921,68.62745098039215,64.70588235294117,3.9215686274509802
E00046391,114,46,15,31,68,62,6,40.35087719298245,13.157894736842104,27.192982456140353,59.64912280701754,54.385964912280706,5.263157894736842
E00046392,147,42,17,25,105,93,12,28.57142857142857,11.564625850340136,17.006802721088434,71.42857142857143,63.26530612244898,8.16326530612245
E00046393,144,43,23,20,101,88,13,29.86111111111111,15.972222222222221,13.88888888888889,70.13888888888889,61.111111111111114,9.027777777777777
E00046395,97,30,10,20,67,58,9,30.927835051546392,10.309278350515463,20.618556701030926,69.0721649484536,59.79381443298969,9.278350515463918
E00046396,176,51,24,27,125,112,13,28.97727272727273,13.636363636363635,15.340909090909092,71.02272727272727,63.63636363636363,7.386363636363637
E00046397,115,40,12,28,75,70,5,34.78260869565217,10.434782608695652,24.347826086956523,65.21739130434783,60.86956521739131,4.3478260869565215
E00046400,43,13,3,10,30,26,4,30.23255813953488,6.976744186046512,23.25581395348837,69.76744186046511,60.46511627906976,9.30232558139535
E00046402,178,55,31,24,123,100,23,30.89887640449438,17.415730337078653,13.48314606741573,69.10112359550563,56.17977528089888,12.921348314606742
E00046403,105,25,10,15,80,71,9,23.809523809523807,9.523809523809524,14.285714285714285,76.19047619047619,67.61904761904762,8.571428571428571
E00046406,139,39,22,17,100,77,23,28.05755395683453,15.827338129496402,12.23021582733813,71.94244604316546,55.39568345323741,16.546762589928058
E00046408,153,44,16,28,109,97,12,28.75816993464052,10.457516339869281,18.30065359477124,71.24183006535948,63.39869281045751,7.8431372549019605
E00046413,132,43,16,27,89,82,7,32.57575757575758,12.121212121212121,20.454545454545457,67.42424242424242,62.121212121212125,5.303030303030303
E00046414,105,44,19,25,61,53,8,41.904761904761905,18.095238095238095,23.809523809523807,58.0952380952381,50.476190476190474,7.6190476190476195
E00046416,126,56,26,30,70,66,4,44.44444444444444,20.634920634920633,23.809523809523807,55.55555555555556,52.38095238095239,3.1746031746031744
E00046417,188,70,34,36,118,108,10,37.234042553191486,18.085106382978726,19.148936170212767,62.76595744680851,57.446808510638306,5.319148936170213
E00046418,102,48,27,21,54,51,3,47.05882352941176,26.47058823529412,20.588235294117645,52.94117647058824,50,2.941176470588235
E00046419,129,32,9,23,97,92,5,24.8062015503876,6.976744186046512,17.829457364341085,75.1937984496124,71.31782945736434,3.875968992248062
E00046420,144,51,18,33,93,82,11,35.41666666666667,12.5,22.916666666666664,64.58333333333334,56.94444444444444,7.638888888888889
E00046421,107,42,12,30,65,60,5,39.25233644859813,11.214953271028037,28.037383177570092,60.747663551401864,56.074766355140184,4.672897196261682
E00046422,113,38,9,29,75,67,8,33.6283185840708,7.964601769911504,25.663716814159294,66.3716814159292,59.29203539823009,7.079646017699115
E00046423,132,40,22,18,92,83,9,30.303030303030305,16.666666666666664,13.636363636363635,69.6969696969697,62.878787878787875,6.8181818181818175
E00046424,151,52,16,36,99,86,13,34.437086092715234,10.596026490066226,23.841059602649008,65.56291390728477,56.95364238410596,8.609271523178808
E00046425,77,34,10,24,43,39,4,44.15584415584416,12.987012987012985,31.16883116883117,55.84415584415584,50.649350649350644,5.194805194805195
E00046426,83,39,12,27,44,37,7,46.98795180722892,14.457831325301203,32.53012048192771,53.01204819277109,44.57831325301205,8.433734939759036
E00046427,172,49,20,29,123,100,23,28.488372093023255,11.627906976744185,16.86046511627907,71.51162790697676,58.139534883720934,13.372093023255813
E00046429,139,43,21,22,96,80,16,30.935251798561154,15.107913669064748,15.827338129496402,69.06474820143885,57.55395683453237,11.510791366906476
E00046430,142,55,19,36,87,81,6,38.732394366197184,13.380281690140844,25.352112676056336,61.267605633802816,57.04225352112676,4.225352112676056
E00046431,157,43,11,32,114,110,4,27.388535031847134,7.006369426751593,20.382165605095544,72.61146496815286,70.06369426751591,2.547770700636943
E00046432,141,48,16,32,93,80,13,34.04255319148936,11.347517730496454,22.69503546099291,65.95744680851064,56.73758865248227,9.219858156028367
E00046435,57,20,11,9,37,33,4,35.08771929824561,19.298245614035086,15.789473684210526,64.91228070175438,57.89473684210527,7.017543859649122
E00046436,78,29,13,16,49,42,7,37.17948717948718,16.666666666666664,20.51282051282051,62.82051282051282,53.84615384615385,8.974358974358974
E00046437,224,39,9,30,185,170,15,17.410714285714285,4.017857142857143,13.392857142857142,82.58928571428571,75.89285714285714,6.696428571428571
E00046438,133,47,12,35,86,59,27,35.338345864661655,9.022556390977442,26.31578947368421,64.66165413533834,44.3609022556391,20.30075187969925
E00046439,162,43,15,28,119,96,23,26.543209876543212,9.25925925925926,17.28395061728395,73.4567901234568,59.25925925925925,14.19753086419753
E00046440,118,33,12,21,85,70,15,27.966101694915253,10.16949152542373,17.796610169491526,72.03389830508475,59.32203389830508,12.711864406779661
E00046442,160,36,9,27,124,116,8,22.5,5.625,16.875,77.5,72.5,5
E00046443,104,32,12,20,72,60,12,30.76923076923077,11.538461538461538,19.230769230769234,69.23076923076923,57.692307692307686,11.538461538461538
E00046444,89,35,9,26,54,47,7,39.325842696629216,10.112359550561797,29.213483146067414,60.67415730337079,52.80898876404494,7.865168539325842
E00046445,248,69,22,47,179,159,20,27.82258064516129,8.870967741935484,18.951612903225808,72.17741935483872,64.11290322580645,8.064516129032258
E00046446,87,32,13,19,55,48,7,36.7816091954023,14.942528735632186,21.839080459770116,63.2183908045977,55.172413793103445,8.045977011494253
E00046447,53,18,1,17,35,29,6,33.9622641509434,1.8867924528301887,32.075471698113205,66.0377358490566,54.71698113207547,11.320754716981133
E00046448,289,77,24,53,212,186,26,26.643598615916954,8.304498269896193,18.33910034602076,73.35640138408304,64.3598615916955,8.996539792387544
E00046449,131,30,9,21,101,84,17,22.900763358778626,6.870229007633588,16.030534351145036,77.09923664122137,64.12213740458014,12.977099236641221
E00046450,123,41,13,28,82,72,10,33.33333333333333,10.569105691056912,22.76422764227642,66.66666666666666,58.536585365853654,8.130081300813007
E00046451,105,27,8,19,78,69,9,25.71428571428571,7.6190476190476195,18.095238095238095,74.28571428571429,65.71428571428571,8.571428571428571
E00046452,146,42,13,29,104,92,12,28.767123287671232,8.904109589041095,19.863013698630137,71.23287671232876,63.013698630136986,8.21917808219178
E00046453,117,22,1,21,95,86,9,18.803418803418804,0.8547008547008548,17.94871794871795,81.19658119658119,73.50427350427351,7.6923076923076925
E00046454,121,19,7,12,102,95,7,15.702479338842975,5.785123966942149,9.917355371900827,84.29752066115702,78.51239669421489,5.785123966942149
E00046455,127,42,15,27,85,80,5,33.07086614173229,11.811023622047244,21.25984251968504,66.92913385826772,62.99212598425197,3.937007874015748
E00046456,151,48,16,32,103,93,10,31.788079470198678,10.596026490066226,21.192052980132452,68.21192052980133,61.58940397350994,6.622516556291391
E00046457,127,35,18,17,92,85,7,27.559055118110237,14.173228346456693,13.385826771653544,72.44094488188976,66.92913385826772,5.511811023622047
E00046458,157,35,3,32,122,110,12,22.29299363057325,1.910828025477707,20.382165605095544,77.70700636942675,70.06369426751591,7.643312101910828
E00046459,139,37,7,30,102,92,10,26.618705035971225,5.0359712230215825,21.58273381294964,73.38129496402878,66.18705035971223,7.1942446043165464
E00046460,168,46,14,32,122,107,15,27.380952380952383,8.333333333333332,19.047619047619047,72.61904761904762,63.69047619047619,8.928571428571429
E00046461,148,45,7,38,103,89,14,30.405405405405407,4.72972972972973,25.675675675675674,69.5945945945946,60.13513513513513,9.45945945945946
E00046462,139,35,8,27,104,94,10,25.179856115107913,5.755395683453238,19.424460431654676,74.82014388489209,67.62589928057554,7.1942446043165464
E00046463,157,42,13,29,115,103,12,26.751592356687897,8.280254777070063,18.471337579617835,73.24840764331209,65.60509554140127,7.643312101910828
E00046464,105,36,10,26,69,62,7,34.285714285714285,9.523809523809524,24.761904761904763,65.71428571428571,59.04761904761905,6.666666666666667
E00046465,139,40,11,29,99,84,15,28.776978417266186,7.913669064748201,20.863309352517987,71.22302158273382,60.431654676258994,10.79136690647482
E00046466,156,36,11,25,120,102,18,23.076923076923077,7.051282051282051,16.025641025641026,76.92307692307693,65.38461538461539,11.538461538461538
E00046467,146,60,12,48,86,86,0,41.0958904109589,8.21917808219178,32.87671232876712,58.9041095890411,58.9041095890411,0
E00046468,170,39,14,25,131,125,6,22.941176470588236,8.235294117647058,14.705882352941178,77.05882352941177,73.52941176470588,3.5294117647058822
E00046469,152,41,12,29,111,97,14,26.973684210526315,7.894736842105263,19.078947368421055,73.02631578947368,63.81578947368421,9.210526315789473
E00046470,126,29,7,22,97,86,11,23.015873015873016,5.555555555555555,17.46031746031746,76.98412698412699,68.25396825396825,8.73015873015873
E00046471,163,48,15,33,115,104,11,29.447852760736197,9.202453987730062,20.245398773006134,70.5521472392638,63.80368098159509,6.748466257668712
E00046472,145,40,16,24,105,90,15,27.586206896551722,11.03448275862069,16.551724137931036,72.41379310344827,62.06896551724138,10.344827586206897
E00046473,106,33,10,23,73,65,8,31.132075471698112,9.433962264150944,21.69811320754717,68.86792452830188,61.32075471698113,7.547169811320755
E00046474,142,42,11,31,100,89,11,29.577464788732392,7.746478873239436,21.830985915492956,70.4225352112676,62.676056338028175,7.746478873239436
E00046475,156,36,10,26,120,100,20,23.076923076923077,6.41025641025641,16.666666666666664,76.92307692307693,64.1025641025641,12.82051282051282
E00046476,167,35,9,26,132,117,15,20.958083832335326,5.389221556886228,15.568862275449103,79.04191616766467,70.05988023952095,8.982035928143713
E00046477,138,31,16,15,107,92,15,22.463768115942027,11.594202898550725,10.869565217391305,77.53623188405797,66.66666666666666,10.869565217391305
E00046478,157,45,11,34,112,100,12,28.662420382165603,7.006369426751593,21.656050955414013,71.3375796178344,63.69426751592356,7.643312101910828
E00046479,124,31,11,20,93,79,14,25,8.870967741935484,16.129032258064516,75,63.70967741935484,11.29032258064516
E00046480,127,40,10,30,87,79,8,31.496062992125985,7.874015748031496,23.62204724409449,68.50393700787401,62.20472440944882,6.299212598425196
E00046481,158,48,15,33,110,104,6,30.37974683544304,9.49367088607595,20.88607594936709,69.62025316455697,65.82278481012658,3.79746835443038
E00046482,135,42,12,30,93,89,4,31.11111111111111,8.88888888888889,22.22222222222222,68.88888888888889,65.92592592592592,2.9629629629629632
E00046483,132,31,11,20,101,84,17,23.484848484848484,8.333333333333332,15.151515151515152,76.51515151515152,63.63636363636363,12.878787878787879
E00046484,96,21,6,15,75,70,5,21.875,6.25,15.625,78.125,72.91666666666666,5.208333333333334
E00046485,117,35,11,24,82,75,7,29.914529914529915,9.401709401709402,20.51282051282051,70.08547008547008,64.1025641025641,5.982905982905983
E00046486,159,39,9,30,120,111,9,24.528301886792452,5.660377358490567,18.867924528301888,75.47169811320755,69.81132075471697,5.660377358490567
E00046487,116,34,13,21,82,76,6,29.310344827586203,11.206896551724139,18.103448275862068,70.6896551724138,65.51724137931035,5.172413793103448
E00046489,172,60,21,39,112,99,13,34.883720930232556,12.209302325581394,22.674418604651162,65.11627906976744,57.55813953488372,7.55813953488372
E00046490,131,57,16,41,74,66,8,43.51145038167939,12.213740458015266,31.297709923664126,56.48854961832062,50.38167938931297,6.106870229007633
E00046491,155,50,15,35,105,87,18,32.25806451612903,9.67741935483871,22.58064516129032,67.74193548387096,56.12903225806451,11.612903225806452
E00046492,124,50,16,34,74,69,5,40.32258064516129,12.903225806451612,27.419354838709676,59.67741935483871,55.64516129032258,4.032258064516129
E00046493,99,23,5,18,76,67,9,23.232323232323232,5.05050505050505,18.181818181818183,76.76767676767676,67.67676767676768,9.090909090909092
E00046494,156,52,17,35,104,95,9,33.33333333333333,10.897435897435898,22.435897435897438,66.66666666666666,60.89743589743589,5.769230769230769
E00046495,113,31,6,25,82,73,9,27.43362831858407,5.3097345132743365,22.123893805309734,72.56637168141593,64.60176991150442,7.964601769911504
E00046496,131,51,16,35,80,73,7,38.93129770992366,12.213740458015266,26.717557251908396,61.06870229007634,55.72519083969466,5.343511450381679
E00046497,137,46,18,28,91,78,13,33.57664233576642,13.138686131386862,20.437956204379564,66.42335766423358,56.934306569343065,9.48905109489051
E00046500,196,61,25,36,135,126,9,31.122448979591837,12.755102040816327,18.367346938775512,68.87755102040816,64.28571428571429,4.591836734693878
E00046501,201,47,9,38,154,138,16,23.383084577114428,4.477611940298507,18.90547263681592,76.61691542288557,68.65671641791045,7.960199004975125
E00046502,172,36,10,26,136,123,13,20.930232558139537,5.813953488372093,15.11627906976744,79.06976744186046,71.51162790697676,7.55813953488372
E00046503,161,39,12,27,122,96,26,24.22360248447205,7.453416149068323,16.77018633540373,75.77639751552795,59.62732919254658,16.149068322981368
E00046504,226,56,21,35,170,157,13,24.778761061946902,9.29203539823009,15.486725663716813,75.22123893805309,69.46902654867256,5.752212389380531
E00046505,138,43,17,26,95,85,10,31.15942028985507,12.318840579710146,18.84057971014493,68.84057971014492,61.59420289855072,7.246376811594203
E00046506,128,30,7,23,98,89,9,23.4375,5.46875,17.96875,76.5625,69.53125,7.03125
E00046507,115,33,6,27,82,74,8,28.695652173913043,5.217391304347826,23.47826086956522,71.30434782608695,64.34782608695652,6.956521739130435
E00046508,103,29,5,24,74,65,9,28.155339805825243,4.854368932038835,23.300970873786408,71.84466019417476,63.10679611650486,8.737864077669903
E00046509,122,41,12,29,81,72,9,33.60655737704918,9.836065573770492,23.770491803278688,66.39344262295081,59.01639344262295,7.377049180327869
E00046510,107,34,10,24,73,64,9,31.775700934579437,9.345794392523365,22.429906542056074,68.22429906542055,59.813084112149525,8.411214953271028
E00046511,127,38,14,24,89,77,12,29.92125984251969,11.023622047244094,18.89763779527559,70.07874015748031,60.629921259842526,9.448818897637794
E00046512,90,29,10,19,61,59,2,32.22222222222222,11.11111111111111,21.11111111111111,67.77777777777779,65.55555555555556,2.2222222222222223
E00046513,67,17,5,12,50,45,5,25.37313432835821,7.462686567164178,17.91044776119403,74.6268656716418,67.16417910447761,7.462686567164178
E00046514,102,30,6,24,72,70,2,29.411764705882355,5.88235294117647,23.52941176470588,70.58823529411765,68.62745098039215,1.9607843137254901
E00046515,93,26,9,17,67,59,8,27.956989247311824,9.67741935483871,18.27956989247312,72.04301075268818,63.44086021505376,8.60215053763441
E00046516,89,41,10,31,48,42,6,46.06741573033708,11.235955056179774,34.831460674157306,53.93258426966292,47.19101123595505,6.741573033707865
E00046517,113,53,14,39,60,52,8,46.902654867256636,12.389380530973451,34.51327433628318,53.09734513274337,46.017699115044245,7.079646017699115
E00046518,96,22,7,15,74,67,7,22.916666666666664,7.291666666666667,15.625,77.08333333333334,69.79166666666666,7.291666666666667
E00046519,76,21,5,16,55,52,3,27.631578947368425,6.578947368421052,21.052631578947366,72.36842105263158,68.42105263157895,3.9473684210526314
E00046520,75,30,10,20,45,44,1,40,13.333333333333334,26.666666666666668,60,58.666666666666664,1.3333333333333335
E00046521,98,29,12,17,69,62,7,29.591836734693878,12.244897959183673,17.346938775510203,70.40816326530613,63.26530612244898,7.142857142857142
E00046522,88,31,14,17,57,49,8,35.22727272727273,15.909090909090908,19.318181818181817,64.77272727272727,55.68181818181818,9.090909090909092
E00046523,111,40,14,26,71,67,4,36.03603603603604,12.612612612612612,23.423423423423422,63.96396396396396,60.36036036036037,3.6036036036036037
E00046524,114,42,18,24,72,67,5,36.84210526315789,15.789473684210526,21.052631578947366,63.1578947368421,58.77192982456141,4.385964912280701
E00046525,69,28,5,23,41,38,3,40.57971014492754,7.246376811594203,33.33333333333333,59.42028985507246,55.072463768115945,4.3478260869565215
E00046526,90,41,15,26,49,44,5,45.55555555555556,16.666666666666664,28.888888888888886,54.44444444444444,48.888888888888886,5.555555555555555
E00046527,103,27,10,17,76,68,8,26.21359223300971,9.70873786407767,16.50485436893204,73.7864077669903,66.01941747572816,7.766990291262135
E00046528,154,42,12,30,112,98,14,27.27272727272727,7.792207792207792,19.480519480519483,72.72727272727273,63.63636363636363,9.090909090909092
E00046529,182,58,18,40,124,114,10,31.868131868131865,9.89010989010989,21.978021978021978,68.13186813186813,62.637362637362635,5.4945054945054945
E00046530,98,30,5,25,68,59,9,30.612244897959183,5.1020408163265305,25.510204081632654,69.38775510204081,60.204081632653065,9.183673469387756
E00046531,104,38,15,23,66,55,11,36.53846153846153,14.423076923076922,22.115384615384613,63.46153846153846,52.88461538461539,10.576923076923077
E00046532,77,30,6,24,47,43,4,38.961038961038966,7.792207792207792,31.16883116883117,61.038961038961034,55.84415584415584,5.194805194805195
E00046533,87,34,14,20,53,48,5,39.08045977011494,16.091954022988507,22.988505747126435,60.91954022988506,55.172413793103445,5.747126436781609
E00046534,167,73,22,51,94,84,10,43.712574850299404,13.17365269461078,30.538922155688624,56.287425149700596,50.29940119760479,5.9880239520958085
E00046535,120,40,16,24,80,72,8,33.33333333333333,13.333333333333334,20,66.66666666666666,60,6.666666666666667
E00046536,205,39,15,24,166,141,25,19.024390243902438,7.317073170731707,11.707317073170733,80.97560975609757,68.78048780487805,12.195121951219512
E00046537,127,42,16,26,85,70,15,33.07086614173229,12.598425196850393,20.47244094488189,66.92913385826772,55.118110236220474,11.811023622047244
E00046538,181,42,16,26,139,126,13,23.204419889502763,8.83977900552486,14.3646408839779,76.79558011049724,69.61325966850829,7.18232044198895
E00046539,153,44,18,26,109,92,17,28.75816993464052,11.76470588235294,16.99346405228758,71.24183006535948,60.130718954248366,11.11111111111111
E00046540,164,62,23,39,102,95,7,37.80487804878049,14.02439024390244,23.78048780487805,62.19512195121951,57.92682926829268,4.2682926829268295
E00046541,152,41,16,25,111,99,12,26.973684210526315,10.526315789473683,16.447368421052634,73.02631578947368,65.13157894736842,7.894736842105263
E00046542,120,34,15,19,86,77,9,28.333333333333332,12.5,15.833333333333332,71.66666666666667,64.16666666666667,7.5
E00046543,184,54,18,36,130,105,25,29.347826086956523,9.782608695652174,19.565217391304348,70.65217391304348,57.065217391304344,13.586956521739129
E00046544,129,32,9,23,97,81,16,24.8062015503876,6.976744186046512,17.829457364341085,75.1937984496124,62.7906976744186,12.4031007751938
E00046545,159,47,8,39,112,94,18,29.559748427672954,5.031446540880504,24.528301886792452,70.44025157232704,59.11949685534591,11.320754716981133
E00046546,130,33,12,21,97,82,15,25.384615384615383,9.230769230769232,16.153846153846153,74.61538461538461,63.07692307692307,11.538461538461538
E00046547,181,59,21,38,122,111,11,32.59668508287293,11.602209944751381,20.994475138121548,67.40331491712708,61.32596685082873,6.077348066298343
E00046548,171,56,20,36,115,98,17,32.748538011695906,11.695906432748536,21.052631578947366,67.2514619883041,57.30994152046783,9.941520467836257
E00046549,135,38,18,20,97,88,9,28.14814814814815,13.333333333333334,14.814814814814813,71.85185185185186,65.18518518518519,6.666666666666667
E00046550,128,40,13,27,88,75,13,31.25,10.15625,21.09375,68.75,58.59375,10.15625
E00046551,123,54,23,31,69,63,6,43.90243902439025,18.69918699186992,25.203252032520325,56.09756097560976,51.21951219512195,4.878048780487805
E00046552,121,42,12,30,79,72,7,34.710743801652896,9.917355371900827,24.793388429752067,65.28925619834712,59.50413223140496,5.785123966942149
E00046553,142,52,11,41,90,78,12,36.61971830985916,7.746478873239436,28.87323943661972,63.38028169014085,54.929577464788736,8.450704225352112
E00046554,191,72,31,41,119,103,16,37.696335078534034,16.230366492146597,21.465968586387437,62.30366492146597,53.92670157068062,8.37696335078534
E00046555,158,74,24,50,84,76,8,46.835443037974684,15.18987341772152,31.645569620253166,53.16455696202531,48.10126582278481,5.063291139240507
E00046556,206,62,26,36,144,128,16,30.097087378640776,12.62135922330097,17.475728155339805,69.90291262135922,62.13592233009708,7.766990291262135
E00046557,106,25,12,13,81,71,10,23.58490566037736,11.320754716981133,12.264150943396226,76.41509433962264,66.98113207547169,9.433962264150944
E00046558,117,42,19,23,75,62,13,35.8974358974359,16.23931623931624,19.65811965811966,64.1025641025641,52.991452991452995,11.11111111111111
E00046559,171,61,21,40,110,102,8,35.67251461988304,12.280701754385964,23.391812865497073,64.32748538011695,59.64912280701754,4.678362573099415
E00046560,67,28,12,16,39,36,3,41.7910447761194,17.91044776119403,23.88059701492537,58.2089552238806,53.73134328358209,4.477611940298507
E00046561,148,38,13,25,110,88,22,25.675675675675674,8.783783783783784,16.89189189189189,74.32432432432432,59.45945945945946,14.864864864864865
E00046562,206,56,24,32,150,119,31,27.184466019417474,11.650485436893204,15.53398058252427,72.81553398058253,57.76699029126213,15.048543689320388
E00046563,74,24,7,17,50,41,9,32.432432432432435,9.45945945945946,22.972972972972975,67.56756756756756,55.4054054054054,12.162162162162163
E00046564,152,38,17,21,114,87,27,25,11.18421052631579,13.815789473684212,75,57.23684210526315,17.763157894736842
E00046565,268,82,35,47,186,141,45,30.597014925373134,13.059701492537313,17.537313432835823,69.40298507462687,52.61194029850746,16.791044776119403
E00046566,121,24,7,17,97,67,30,19.834710743801654,5.785123966942149,14.049586776859504,80.16528925619835,55.371900826446286,24.793388429752067
E00046567,142,34,12,22,108,81,27,23.943661971830984,8.450704225352112,15.492957746478872,76.05633802816901,57.04225352112676,19.014084507042252
E00046568,78,7,5,2,71,60,11,8.974358974358974,6.41025641025641,2.564102564102564,91.02564102564102,76.92307692307693,14.102564102564102
E00046569,175,42,12,30,133,110,23,24,6.857142857142858,17.142857142857142,76,62.857142857142854,13.142857142857142
E00046570,169,34,11,23,135,120,15,20.118343195266274,6.508875739644971,13.609467455621301,79.88165680473372,71.00591715976331,8.875739644970414
E00046571,178,67,25,42,111,76,35,37.640449438202246,14.04494382022472,23.595505617977526,62.35955056179775,42.69662921348314,19.662921348314608
E00046572,142,42,16,26,100,83,17,29.577464788732392,11.267605633802818,18.30985915492958,70.4225352112676,58.45070422535211,11.971830985915492
E00046573,82,14,5,9,68,61,7,17.073170731707318,6.097560975609756,10.975609756097562,82.92682926829268,74.39024390243902,8.536585365853659
E00046574,163,59,18,41,104,89,15,36.19631901840491,11.042944785276074,25.153374233128833,63.80368098159509,54.601226993865026,9.202453987730062
E00046575,235,74,35,39,161,120,41,31.48936170212766,14.893617021276595,16.595744680851062,68.51063829787233,51.06382978723404,17.4468085106383
E00046576,114,28,12,16,86,79,7,24.561403508771928,10.526315789473683,14.035087719298245,75.43859649122807,69.2982456140351,6.140350877192982
E00046577,116,27,14,13,89,80,9,23.275862068965516,12.068965517241379,11.206896551724139,76.72413793103449,68.96551724137932,7.758620689655173
E00046578,116,32,10,22,84,74,10,27.586206896551722,8.620689655172415,18.96551724137931,72.41379310344827,63.793103448275865,8.620689655172415
E00046579,126,23,4,19,103,85,18,18.253968253968253,3.1746031746031744,15.079365079365079,81.74603174603175,67.46031746031747,14.285714285714285
E00046580,144,50,16,34,94,75,19,34.72222222222222,11.11111111111111,23.61111111111111,65.27777777777779,52.083333333333336,13.194444444444445
E00046581,180,52,15,37,128,112,16,28.888888888888886,8.333333333333332,20.555555555555554,71.11111111111111,62.22222222222222,8.88888888888889
E00046582,150,49,24,25,101,75,26,32.666666666666664,16,16.666666666666664,67.33333333333333,50,17.333333333333336
E00046583,162,34,7,27,128,104,24,20.98765432098765,4.320987654320987,16.666666666666664,79.01234567901234,64.19753086419753,14.814814814814813
E00046584,158,46,19,27,112,88,24,29.11392405063291,12.025316455696203,17.088607594936708,70.88607594936708,55.69620253164557,15.18987341772152
E00046585,134,48,22,26,86,61,25,35.82089552238806,16.417910447761194,19.402985074626866,64.17910447761194,45.52238805970149,18.65671641791045
E00046586,145,58,21,37,87,71,16,40,14.482758620689657,25.517241379310345,60,48.96551724137931,11.03448275862069
E00046587,126,49,21,28,77,61,16,38.88888888888889,16.666666666666664,22.22222222222222,61.111111111111114,48.41269841269841,12.698412698412698
E00046588,133,27,7,20,106,92,14,20.30075187969925,5.263157894736842,15.037593984962406,79.69924812030075,69.17293233082707,10.526315789473683
E00046589,134,44,18,26,90,73,17,32.83582089552239,13.432835820895523,19.402985074626866,67.16417910447761,54.47761194029851,12.686567164179104
E00046590,113,31,16,15,82,77,5,27.43362831858407,14.15929203539823,13.274336283185843,72.56637168141593,68.14159292035397,4.424778761061947
E00046591,125,37,11,26,88,75,13,29.599999999999998,8.799999999999999,20.8,70.39999999999999,60,10.4
E00046592,170,51,17,34,119,106,13,30,10,20,70,62.35294117647059,7.647058823529412
E00046593,92,40,11,29,52,46,6,43.47826086956522,11.956521739130435,31.521739130434785,56.52173913043478,50,6.521739130434782
E00046594,125,44,7,37,81,73,8,35.199999999999996,5.6000000000000005,29.599999999999998,64.8,58.4,6.4
E00046595,158,47,13,34,111,91,20,29.746835443037973,8.227848101265822,21.518987341772153,70.25316455696202,57.59493670886076,12.658227848101266
E00046596,206,54,22,32,152,132,20,26.21359223300971,10.679611650485436,15.53398058252427,73.7864077669903,64.07766990291263,9.70873786407767
E00046597,138,49,17,32,89,69,20,35.507246376811594,12.318840579710146,23.18840579710145,64.4927536231884,50,14.492753623188406
E00046598,128,33,10,23,95,76,19,25.78125,7.8125,17.96875,74.21875,59.375,14.84375
E00046599,148,47,17,30,101,91,10,31.756756756756754,11.486486486486488,20.27027027027027,68.24324324324324,61.48648648648649,6.756756756756757
E00046600,188,44,16,28,144,117,27,23.404255319148938,8.51063829787234,14.893617021276595,76.59574468085107,62.23404255319149,14.361702127659576
E00046601,133,34,9,25,99,86,13,25.563909774436087,6.7669172932330826,18.796992481203006,74.43609022556392,64.66165413533834,9.774436090225564
E00046602,152,48,20,28,104,89,15,31.57894736842105,13.157894736842104,18.421052631578945,68.42105263157895,58.55263157894737,9.868421052631579
E00046603,131,48,11,37,83,68,15,36.6412213740458,8.396946564885496,28.24427480916031,63.358778625954194,51.908396946564885,11.450381679389313
E00046604,155,54,17,37,101,91,10,34.83870967741935,10.967741935483872,23.870967741935484,65.16129032258064,58.70967741935483,6.451612903225806
E00046605,157,47,13,34,110,101,9,29.936305732484076,8.280254777070063,21.656050955414013,70.06369426751591,64.3312101910828,5.7324840764331215
E00046606,153,37,11,26,116,105,11,24.183006535947712,7.18954248366013,16.99346405228758,75.81699346405229,68.62745098039215,7.18954248366013
E00046607,103,42,17,25,61,54,7,40.77669902912621,16.50485436893204,24.271844660194176,59.22330097087378,52.42718446601942,6.796116504854369
E00046609,158,81,17,64,77,72,5,51.26582278481012,10.759493670886076,40.50632911392405,48.734177215189874,45.56962025316456,3.1645569620253164
E00046610,84,47,18,29,37,35,2,55.952380952380956,21.428571428571427,34.523809523809526,44.047619047619044,41.66666666666667,2.380952380952381
E00046611,149,83,18,65,66,65,1,55.70469798657718,12.080536912751679,43.624161073825505,44.29530201342282,43.624161073825505,0.6711409395973155
E00046612,106,46,19,27,60,49,11,43.39622641509434,17.92452830188679,25.471698113207548,56.60377358490566,46.22641509433962,10.377358490566039
E00046613,119,57,16,41,62,53,9,47.89915966386555,13.445378151260504,34.45378151260504,52.10084033613446,44.537815126050425,7.563025210084033
E00046614,167,88,25,63,79,70,9,52.69461077844312,14.97005988023952,37.72455089820359,47.30538922155689,41.91616766467065,5.389221556886228
E00046615,130,68,27,41,62,62,0,52.307692307692314,20.76923076923077,31.538461538461537,47.69230769230769,47.69230769230769,0
E00046616,147,58,19,39,89,79,10,39.455782312925166,12.925170068027212,26.53061224489796,60.544217687074834,53.74149659863946,6.802721088435375
E00046617,120,46,9,37,74,68,6,38.333333333333336,7.5,30.833333333333336,61.66666666666667,56.666666666666664,5
E00046618,120,46,16,30,74,63,11,38.333333333333336,13.333333333333334,25,61.66666666666667,52.5,9.166666666666666
E00046619,134,46,19,27,88,77,11,34.32835820895522,14.17910447761194,20.149253731343283,65.67164179104478,57.46268656716418,8.208955223880597
E00046621,104,48,9,39,56,56,0,46.15384615384615,8.653846153846153,37.5,53.84615384615385,53.84615384615385,0
E00046622,81,37,11,26,44,40,4,45.67901234567901,13.580246913580247,32.098765432098766,54.32098765432099,49.382716049382715,4.938271604938271
E00046624,143,48,10,38,95,86,9,33.56643356643357,6.993006993006993,26.573426573426573,66.43356643356644,60.13986013986013,6.293706293706294
E00046625,154,82,22,60,72,66,6,53.246753246753244,14.285714285714285,38.961038961038966,46.75324675324675,42.857142857142854,3.896103896103896
E00046626,97,30,11,19,67,61,6,30.927835051546392,11.34020618556701,19.587628865979383,69.0721649484536,62.88659793814433,6.185567010309279
E00046627,106,57,23,34,49,44,5,53.77358490566038,21.69811320754717,32.075471698113205,46.22641509433962,41.509433962264154,4.716981132075472
E00046628,98,44,13,31,54,49,5,44.89795918367347,13.26530612244898,31.63265306122449,55.10204081632652,50,5.1020408163265305
E00046631,92,40,11,29,52,48,4,43.47826086956522,11.956521739130435,31.521739130434785,56.52173913043478,52.17391304347826,4.3478260869565215
E00046633,107,45,19,26,62,59,3,42.05607476635514,17.75700934579439,24.299065420560748,57.943925233644855,55.140186915887845,2.803738317757009
E00046635,103,36,12,24,67,63,4,34.95145631067961,11.650485436893204,23.300970873786408,65.0485436893204,61.165048543689316,3.8834951456310676
E00046636,114,61,20,41,53,50,3,53.50877192982456,17.543859649122805,35.96491228070175,46.49122807017544,43.859649122807014,2.631578947368421
E00046637,111,41,14,27,70,53,17,36.93693693693694,12.612612612612612,24.324324324324326,63.06306306306306,47.74774774774775,15.315315315315313
E00046638,83,33,12,21,50,47,3,39.75903614457831,14.457831325301203,25.301204819277107,60.24096385542169,56.62650602409639,3.614457831325301
E00046639,131,56,13,43,75,67,8,42.74809160305343,9.923664122137405,32.82442748091603,57.25190839694656,51.14503816793893,6.106870229007633
E00046640,71,39,6,33,32,26,6,54.929577464788736,8.450704225352112,46.478873239436616,45.07042253521127,36.61971830985916,8.450704225352112
E00046641,150,68,17,51,82,72,10,45.33333333333333,11.333333333333332,34,54.666666666666664,48,6.666666666666667
E00046642,125,62,22,40,63,60,3,49.6,17.599999999999998,32,50.4,48,2.4
E00046643,149,76,17,59,73,67,6,51.006711409395976,11.409395973154362,39.59731543624161,48.99328859060403,44.966442953020135,4.026845637583892
E00046644,106,49,13,36,57,50,7,46.22641509433962,12.264150943396226,33.9622641509434,53.77358490566038,47.16981132075472,6.60377358490566
E00046645,103,56,20,36,47,47,0,54.36893203883495,19.41747572815534,34.95145631067961,45.63106796116505,45.63106796116505,0
E00046647,124,55,19,36,69,64,5,44.354838709677416,15.32258064516129,29.03225806451613,55.64516129032258,51.61290322580645,4.032258064516129
E00046648,168,86,28,58,82,70,12,51.19047619047619,16.666666666666664,34.523809523809526,48.80952380952381,41.66666666666667,7.142857142857142
E00046649,138,73,25,48,65,63,2,52.89855072463768,18.115942028985508,34.78260869565217,47.10144927536232,45.65217391304348,1.4492753623188406
E00046650,140,78,15,63,62,55,7,55.714285714285715,10.714285714285714,45,44.285714285714285,39.285714285714285,5
E00046651,118,65,19,46,53,46,7,55.08474576271186,16.101694915254235,38.983050847457626,44.91525423728814,38.983050847457626,5.932203389830509
E00046652,137,72,22,50,65,59,6,52.55474452554745,16.05839416058394,36.496350364963504,47.44525547445255,43.06569343065693,4.37956204379562
E00046653,188,63,23,40,125,107,18,33.51063829787234,12.23404255319149,21.27659574468085,66.48936170212765,56.91489361702128,9.574468085106384
E00046654,126,52,19,33,74,68,6,41.269841269841265,15.079365079365079,26.190476190476193,58.730158730158735,53.96825396825397,4.761904761904762
E00046655,104,59,19,40,45,44,1,56.730769230769226,18.269230769230766,38.46153846153847,43.269230769230774,42.30769230769231,0.9615384615384616
E00046656,226,76,30,46,150,140,10,33.6283185840708,13.274336283185843,20.353982300884958,66.3716814159292,61.94690265486725,4.424778761061947
E00046657,164,80,21,59,84,83,1,48.78048780487805,12.804878048780488,35.97560975609756,51.21951219512195,50.609756097560975,0.6097560975609756
E00046659,67,28,5,23,39,33,6,41.7910447761194,7.462686567164178,34.32835820895522,58.2089552238806,49.25373134328358,8.955223880597014
E00046660,148,61,21,40,87,75,12,41.21621621621622,14.18918918918919,27.027027027027028,58.78378378378378,50.67567567567568,8.108108108108109
E00046662,156,92,29,63,64,63,1,58.97435897435898,18.58974358974359,40.38461538461539,41.02564102564102,40.38461538461539,0.641025641025641
E00046663,115,51,23,28,64,59,5,44.34782608695652,20,24.347826086956523,55.65217391304348,51.30434782608696,4.3478260869565215
E00046664,92,48,19,29,44,39,5,52.17391304347826,20.652173913043477,31.521739130434785,47.82608695652174,42.391304347826086,5.434782608695652
E00046665,109,49,23,26,60,46,14,44.95412844036697,21.100917431192663,23.853211009174313,55.04587155963303,42.201834862385326,12.844036697247708
E00046666,77,35,12,23,42,38,4,45.45454545454545,15.584415584415584,29.87012987012987,54.54545454545454,49.35064935064935,5.194805194805195
E00046667,121,56,17,39,65,61,4,46.28099173553719,14.049586776859504,32.231404958677686,53.71900826446281,50.413223140495866,3.3057851239669422
E00046668,85,43,13,30,42,41,1,50.588235294117645,15.294117647058824,35.294117647058826,49.411764705882355,48.23529411764706,1.1764705882352942
E00046669,136,66,24,42,70,65,5,48.529411764705884,17.647058823529413,30.88235294117647,51.470588235294116,47.794117647058826,3.6764705882352944
E00046670,128,72,27,45,56,54,2,56.25,21.09375,35.15625,43.75,42.1875,1.5625
E00046671,88,49,18,31,39,35,4,55.68181818181818,20.454545454545457,35.22727272727273,44.31818181818182,39.77272727272727,4.545454545454546
E00046672,153,86,27,59,67,63,4,56.209150326797385,17.647058823529413,38.56209150326798,43.790849673202615,41.17647058823529,2.6143790849673203
E00046673,101,53,17,36,48,44,4,52.475247524752476,16.831683168316832,35.64356435643564,47.524752475247524,43.56435643564357,3.9603960396039604
E00046674,68,23,6,17,45,39,6,33.82352941176471,8.823529411764707,25,66.17647058823529,57.35294117647059,8.823529411764707
E00046675,48,27,7,20,21,19,2,56.25,14.583333333333334,41.66666666666667,43.75,39.58333333333333,4.166666666666666
E00046676,152,70,26,44,82,76,6,46.05263157894737,17.105263157894736,28.947368421052634,53.94736842105263,50,3.9473684210526314
E00046677,54,30,5,25,24,19,5,55.55555555555556,9.25925925925926,46.2962962962963,44.44444444444444,35.18518518518518,9.25925925925926
E00046678,172,50,18,32,122,108,14,29.069767441860467,10.465116279069768,18.6046511627907,70.93023255813954,62.7906976744186,8.13953488372093
E00046679,191,49,14,35,142,129,13,25.654450261780106,7.329842931937172,18.32460732984293,74.3455497382199,67.5392670157068,6.806282722513089
E00046680,117,34,13,21,83,75,8,29.059829059829063,11.11111111111111,17.94871794871795,70.94017094017094,64.1025641025641,6.837606837606838
E00046681,150,41,10,31,109,93,16,27.333333333333332,6.666666666666667,20.666666666666668,72.66666666666667,62,10.666666666666668
E00046682,106,39,8,31,67,61,6,36.79245283018868,7.547169811320755,29.245283018867923,63.20754716981132,57.54716981132076,5.660377358490567
E00046683,114,33,8,25,81,75,6,28.947368421052634,7.017543859649122,21.929824561403507,71.05263157894737,65.78947368421053,5.263157894736842
E00046684,133,32,6,26,101,94,7,24.06015037593985,4.511278195488721,19.548872180451127,75.93984962406014,70.67669172932331,5.263157894736842
E00046685,137,39,18,21,98,92,6,28.467153284671532,13.138686131386862,15.328467153284672,71.53284671532847,67.15328467153284,4.37956204379562
E00046686,145,34,9,25,111,101,10,23.448275862068964,6.206896551724138,17.24137931034483,76.55172413793103,69.6551724137931,6.896551724137931
E00046687,130,47,15,32,83,74,9,36.15384615384615,11.538461538461538,24.615384615384617,63.84615384615384,56.92307692307692,6.923076923076923
E00046688,152,40,7,33,112,106,6,26.31578947368421,4.605263157894736,21.710526315789476,73.68421052631578,69.73684210526315,3.9473684210526314
E00046689,132,31,6,25,101,93,8,23.484848484848484,4.545454545454546,18.939393939393938,76.51515151515152,70.45454545454545,6.0606060606060606
E00046690,117,33,11,22,84,67,17,28.205128205128204,9.401709401709402,18.803418803418804,71.7948717948718,57.26495726495726,14.529914529914532
E00046691,91,31,11,20,60,53,7,34.065934065934066,12.087912087912088,21.978021978021978,65.93406593406593,58.24175824175825,7.6923076923076925
E00046692,132,38,10,28,94,83,11,28.78787878787879,7.575757575757576,21.21212121212121,71.21212121212122,62.878787878787875,8.333333333333332
E00046693,145,40,11,29,105,96,9,27.586206896551722,7.586206896551724,20,72.41379310344827,66.20689655172414,6.206896551724138
E00046694,134,36,14,22,98,90,8,26.865671641791046,10.44776119402985,16.417910447761194,73.13432835820896,67.16417910447761,5.970149253731343
E00046695,318,83,28,55,235,220,15,26.10062893081761,8.80503144654088,17.29559748427673,73.89937106918238,69.18238993710692,4.716981132075472
E00046696,111,43,17,26,68,64,4,38.73873873873874,15.315315315315313,23.423423423423422,61.261261261261254,57.65765765765766,3.6036036036036037
E00046697,159,28,5,23,131,122,9,17.61006289308176,3.1446540880503147,14.465408805031446,82.38993710691824,76.72955974842768,5.660377358490567
E00046698,135,47,10,37,88,77,11,34.81481481481482,7.4074074074074066,27.40740740740741,65.18518518518519,57.03703703703704,8.148148148148149
E00046699,93,31,10,21,62,59,3,33.33333333333333,10.75268817204301,22.58064516129032,66.66666666666666,63.44086021505376,3.225806451612903
E00046700,104,33,7,26,71,67,4,31.73076923076923,6.730769230769231,25,68.26923076923077,64.42307692307693,3.8461538461538463
E00046701,33,7,3,4,26,21,5,21.21212121212121,9.090909090909092,12.121212121212121,78.78787878787878,63.63636363636363,15.151515151515152
E00046702,164,44,12,32,120,104,16,26.82926829268293,7.317073170731707,19.51219512195122,73.17073170731707,63.41463414634146,9.75609756097561
E00046703,74,28,9,19,46,36,10,37.83783783783784,12.162162162162163,25.675675675675674,62.16216216216216,48.64864864864865,13.513513513513514
E00046704,71,25,16,9,46,41,5,35.2112676056338,22.535211267605636,12.676056338028168,64.7887323943662,57.74647887323944,7.042253521126761
E00046705,86,23,8,15,63,58,5,26.744186046511626,9.30232558139535,17.441860465116278,73.25581395348837,67.44186046511628,5.813953488372093
E00046706,144,34,7,27,110,101,9,23.61111111111111,4.861111111111112,18.75,76.38888888888889,70.13888888888889,6.25
E00046707,99,31,13,18,68,63,5,31.313131313131315,13.131313131313133,18.181818181818183,68.68686868686868,63.63636363636363,5.05050505050505
E00046708,86,34,8,26,52,48,4,39.53488372093023,9.30232558139535,30.23255813953488,60.46511627906976,55.81395348837209,4.651162790697675
E00046709,126,33,8,25,93,81,12,26.190476190476193,6.349206349206349,19.841269841269842,73.80952380952381,64.28571428571429,9.523809523809524
E00046710,129,43,11,32,86,86,0,33.33333333333333,8.527131782945736,24.8062015503876,66.66666666666666,66.66666666666666,0
E00046711,95,32,9,23,63,54,9,33.68421052631579,9.473684210526317,24.210526315789473,66.3157894736842,56.84210526315789,9.473684210526317
E00046712,136,51,14,37,85,76,9,37.5,10.294117647058822,27.205882352941174,62.5,55.88235294117647,6.61764705882353
E00046713,46,18,6,12,28,28,0,39.130434782608695,13.043478260869565,26.08695652173913,60.86956521739131,60.86956521739131,0
E00046714,101,39,13,26,62,55,7,38.613861386138616,12.871287128712872,25.742574257425744,61.386138613861384,54.45544554455446,6.9306930693069315
E00046715,115,44,15,29,71,64,7,38.26086956521739,13.043478260869565,25.217391304347824,61.73913043478261,55.65217391304348,6.086956521739131
E00046716,111,26,9,17,85,75,10,23.423423423423422,8.108108108108109,15.315315315315313,76.57657657657657,67.56756756756756,9.00900900900901
E00046717,118,36,7,29,82,74,8,30.508474576271187,5.932203389830509,24.576271186440678,69.49152542372882,62.71186440677966,6.779661016949152
E00046718,40,13,2,11,27,26,1,32.5,5,27.500000000000004,67.5,65,2.5
E00046719,195,60,18,42,135,124,11,30.76923076923077,9.230769230769232,21.53846153846154,69.23076923076923,63.589743589743584,5.641025641025641
E00046720,252,60,14,46,192,169,23,23.809523809523807,5.555555555555555,18.253968253968253,76.19047619047619,67.06349206349206,9.126984126984127
E00046721,227,55,25,30,172,154,18,24.229074889867842,11.013215859030836,13.215859030837004,75.77092511013215,67.84140969162996,7.929515418502203
E00046722,133,37,16,21,96,91,5,27.819548872180448,12.030075187969924,15.789473684210526,72.18045112781954,68.42105263157895,3.7593984962406015
E00046723,162,32,12,20,130,121,9,19.753086419753085,7.4074074074074066,12.345679012345679,80.24691358024691,74.69135802469135,5.555555555555555
E00046724,122,35,9,26,87,81,6,28.688524590163933,7.377049180327869,21.311475409836063,71.31147540983606,66.39344262295081,4.918032786885246
E00046725,118,51,17,34,67,60,7,43.22033898305085,14.40677966101695,28.8135593220339,56.779661016949156,50.847457627118644,5.932203389830509
E00046726,136,34,8,26,102,95,7,25,5.88235294117647,19.11764705882353,75,69.85294117647058,5.147058823529411
E00046727,140,29,8,21,111,88,23,20.714285714285715,5.714285714285714,15,79.28571428571428,62.857142857142854,16.428571428571427
E00046728,106,16,6,10,90,75,15,15.09433962264151,5.660377358490567,9.433962264150944,84.90566037735849,70.75471698113208,14.150943396226415
E00046729,115,27,10,17,88,67,21,23.47826086956522,8.695652173913043,14.782608695652174,76.52173913043478,58.26086956521739,18.26086956521739
E00046730,171,58,21,37,113,96,17,33.91812865497076,12.280701754385964,21.637426900584796,66.08187134502924,56.14035087719298,9.941520467836257
E00046731,176,39,15,24,137,108,29,22.15909090909091,8.522727272727272,13.636363636363635,77.8409090909091,61.36363636363637,16.477272727272727
E00046732,83,18,7,11,65,55,10,21.686746987951807,8.433734939759036,13.253012048192772,78.3132530120482,66.26506024096386,12.048192771084338
E00046733,89,30,9,21,59,53,6,33.70786516853933,10.112359550561797,23.595505617977526,66.29213483146067,59.55056179775281,6.741573033707865
E00046734,116,43,14,29,73,72,1,37.06896551724138,12.068965517241379,25,62.93103448275862,62.06896551724138,0.8620689655172413
E00046735,130,40,15,25,90,79,11,30.76923076923077,11.538461538461538,19.230769230769234,69.23076923076923,60.76923076923077,8.461538461538462
E00046736,155,39,12,27,116,110,6,25.161290322580644,7.741935483870968,17.419354838709676,74.83870967741936,70.96774193548387,3.870967741935484
E00046737,131,36,5,31,95,91,4,27.480916030534353,3.816793893129771,23.66412213740458,72.51908396946564,69.46564885496184,3.0534351145038165
E00046738,174,55,16,39,119,104,15,31.60919540229885,9.195402298850574,22.413793103448278,68.39080459770115,59.77011494252874,8.620689655172415
E00046739,131,36,6,30,95,83,12,27.480916030534353,4.580152671755725,22.900763358778626,72.51908396946564,63.358778625954194,9.16030534351145
E00046740,150,45,13,32,105,94,11,30,8.666666666666668,21.333333333333336,70,62.66666666666667,7.333333333333333
E00046741,89,25,9,16,64,57,7,28.08988764044944,10.112359550561797,17.97752808988764,71.91011235955057,64.04494382022472,7.865168539325842
E00046742,157,43,16,27,114,96,18,27.388535031847134,10.191082802547772,17.197452229299362,72.61146496815286,61.146496815286625,11.464968152866243
E00046743,175,52,18,34,123,111,12,29.714285714285715,10.285714285714285,19.428571428571427,70.28571428571428,63.42857142857142,6.857142857142858
E00046744,151,46,16,30,105,89,16,30.4635761589404,10.596026490066226,19.867549668874172,69.5364238410596,58.94039735099338,10.596026490066226
E00046745,163,46,9,37,117,108,9,28.22085889570552,5.521472392638037,22.699386503067483,71.77914110429448,66.25766871165644,5.521472392638037
E00046746,129,46,17,29,83,75,8,35.65891472868217,13.178294573643413,22.48062015503876,64.34108527131784,58.139534883720934,6.2015503875969
E00046747,115,30,11,19,85,83,2,26.08695652173913,9.565217391304348,16.52173913043478,73.91304347826086,72.17391304347827,1.7391304347826086
E00046748,150,33,10,23,117,105,12,22,6.666666666666667,15.333333333333332,78,70,8
E00046749,149,39,7,32,110,101,9,26.174496644295303,4.697986577181208,21.476510067114095,73.8255033557047,67.78523489932886,6.0402684563758395
E00046750,159,42,14,28,117,108,9,26.41509433962264,8.80503144654088,17.61006289308176,73.58490566037736,67.9245283018868,5.660377358490567
E00046751,189,39,9,30,150,136,14,20.634920634920633,4.761904761904762,15.873015873015872,79.36507936507937,71.95767195767195,7.4074074074074066
E00046752,157,50,15,35,107,97,10,31.84713375796178,9.554140127388536,22.29299363057325,68.15286624203821,61.78343949044586,6.369426751592357
E00046753,136,53,14,39,83,75,8,38.970588235294116,10.294117647058822,28.676470588235293,61.029411764705884,55.14705882352941,5.88235294117647
E00046754,118,36,12,24,82,72,10,30.508474576271187,10.16949152542373,20.33898305084746,69.49152542372882,61.016949152542374,8.47457627118644
E00046755,293,62,14,48,231,204,27,21.160409556313994,4.778156996587031,16.38225255972696,78.839590443686,69.6245733788396,9.215017064846416
E00046756,167,43,10,33,124,109,15,25.748502994011975,5.9880239520958085,19.760479041916167,74.25149700598801,65.26946107784431,8.982035928143713
E00046757,203,45,14,31,158,147,11,22.167487684729064,6.896551724137931,15.270935960591133,77.83251231527095,72.41379310344827,5.41871921182266
E00046758,147,34,7,27,113,101,12,23.12925170068027,4.761904761904762,18.367346938775512,76.87074829931973,68.70748299319727,8.16326530612245
E00046759,141,56,16,40,85,70,15,39.71631205673759,11.347517730496454,28.368794326241137,60.28368794326241,49.645390070921984,10.638297872340425
E00046760,140,38,11,27,102,98,4,27.142857142857142,7.857142857142857,19.28571428571429,72.85714285714285,70,2.857142857142857
E00046761,153,49,14,35,104,92,12,32.02614379084967,9.15032679738562,22.875816993464053,67.97385620915033,60.130718954248366,7.8431372549019605
E00046762,147,39,12,27,108,94,14,26.53061224489796,8.16326530612245,18.367346938775512,73.46938775510205,63.94557823129252,9.523809523809524
E00046763,234,64,22,42,170,147,23,27.350427350427353,9.401709401709402,17.94871794871795,72.64957264957265,62.82051282051282,9.82905982905983
E00046764,164,47,20,27,117,105,12,28.65853658536585,12.195121951219512,16.463414634146343,71.34146341463415,64.02439024390245,7.317073170731707
E00046765,156,44,13,31,112,107,5,28.205128205128204,8.333333333333332,19.871794871794872,71.7948717948718,68.58974358974359,3.205128205128205
E00046766,178,44,13,31,134,119,15,24.719101123595504,7.303370786516854,17.415730337078653,75.28089887640449,66.85393258426966,8.426966292134832
E00046767,121,36,11,25,85,75,10,29.75206611570248,9.090909090909092,20.66115702479339,70.24793388429752,61.98347107438017,8.264462809917356
E00046768,73,18,6,12,55,52,3,24.65753424657534,8.21917808219178,16.43835616438356,75.34246575342466,71.23287671232876,4.10958904109589
E00046769,144,46,11,35,98,91,7,31.944444444444443,7.638888888888889,24.305555555555554,68.05555555555556,63.19444444444444,4.861111111111112
E00046770,170,33,4,29,137,123,14,19.411764705882355,2.3529411764705883,17.058823529411764,80.58823529411765,72.35294117647058,8.235294117647058
E00046771,148,43,9,34,105,94,11,29.054054054054053,6.081081081081082,22.972972972972975,70.94594594594594,63.51351351351351,7.4324324324324325
E00046772,144,34,6,28,110,96,14,23.61111111111111,4.166666666666666,19.444444444444446,76.38888888888889,66.66666666666666,9.722222222222223
E00046773,67,24,7,17,43,37,6,35.82089552238806,10.44776119402985,25.37313432835821,64.17910447761194,55.223880597014926,8.955223880597014
E00046774,147,39,15,24,108,96,12,26.53061224489796,10.204081632653061,16.3265306122449,73.46938775510205,65.3061224489796,8.16326530612245
E00046775,165,45,12,33,120,109,11,27.27272727272727,7.2727272727272725,20,72.72727272727273,66.06060606060606,6.666666666666667
E00046776,165,54,21,33,111,101,10,32.72727272727273,12.727272727272727,20,67.27272727272727,61.212121212121204,6.0606060606060606
E00046777,184,47,20,27,137,112,25,25.543478260869566,10.869565217391305,14.673913043478262,74.45652173913044,60.86956521739131,13.586956521739129
E00046778,146,46,12,34,100,87,13,31.506849315068493,8.21917808219178,23.28767123287671,68.4931506849315,59.589041095890416,8.904109589041095
E00046779,146,53,19,34,93,84,9,36.3013698630137,13.013698630136986,23.28767123287671,63.6986301369863,57.534246575342465,6.164383561643835
E00046780,135,39,17,22,96,86,10,28.888888888888886,12.592592592592592,16.296296296296298,71.11111111111111,63.70370370370371,7.4074074074074066
E00046781,160,50,19,31,110,104,6,31.25,11.875,19.375,68.75,65,3.75
E00046782,95,30,12,18,65,55,10,31.57894736842105,12.631578947368421,18.947368421052634,68.42105263157895,57.89473684210527,10.526315789473683
E00046783,156,54,22,32,102,88,14,34.61538461538461,14.102564102564102,20.51282051282051,65.38461538461539,56.41025641025641,8.974358974358974
E00046784,134,47,11,36,87,83,4,35.07462686567165,8.208955223880597,26.865671641791046,64.92537313432835,61.940298507462686,2.9850746268656714
E00046785,164,56,21,35,108,99,9,34.146341463414636,12.804878048780488,21.341463414634145,65.85365853658537,60.36585365853659,5.487804878048781
E00046786,131,35,6,29,96,86,10,26.717557251908396,4.580152671755725,22.137404580152673,73.2824427480916,65.64885496183206,7.633587786259542
E00046787,131,45,16,29,86,76,10,34.35114503816794,12.213740458015266,22.137404580152673,65.64885496183206,58.01526717557252,7.633587786259542
E00046788,143,50,16,34,93,85,8,34.96503496503497,11.188811188811188,23.776223776223777,65.03496503496503,59.44055944055944,5.594405594405594
E00046789,139,49,8,41,90,75,15,35.25179856115108,5.755395683453238,29.496402877697843,64.74820143884892,53.956834532374096,10.79136690647482
E00046790,132,46,6,40,86,73,13,34.84848484848485,4.545454545454546,30.303030303030305,65.15151515151516,55.3030303030303,9.848484848484848
E00046791,106,43,10,33,63,56,7,40.56603773584906,9.433962264150944,31.132075471698112,59.43396226415094,52.83018867924528,6.60377358490566
E00046792,155,50,16,34,105,94,11,32.25806451612903,10.32258064516129,21.935483870967744,67.74193548387096,60.64516129032258,7.096774193548387
E00046793,138,32,7,25,106,93,13,23.18840579710145,5.072463768115942,18.115942028985508,76.81159420289855,67.3913043478261,9.420289855072465
E00046794,91,33,4,29,58,48,10,36.26373626373626,4.395604395604396,31.868131868131865,63.73626373626373,52.74725274725275,10.989010989010989
E00046795,102,29,10,19,73,64,9,28.431372549019606,9.803921568627452,18.627450980392158,71.56862745098039,62.745098039215684,8.823529411764707
E00046796,127,39,12,27,88,72,16,30.708661417322837,9.448818897637794,21.25984251968504,69.29133858267717,56.69291338582677,12.598425196850393
E00046797,151,50,11,39,101,87,14,33.11258278145696,7.28476821192053,25.82781456953642,66.88741721854305,57.615894039735096,9.271523178807946
E00046798,173,41,15,26,132,117,15,23.699421965317917,8.670520231213873,15.028901734104046,76.30057803468208,67.63005780346822,8.670520231213873
E00046799,107,28,5,23,79,73,6,26.168224299065418,4.672897196261682,21.49532710280374,73.83177570093457,68.22429906542055,5.607476635514018
E00046800,138,36,5,31,102,86,16,26.08695652173913,3.6231884057971016,22.463768115942027,73.91304347826086,62.31884057971014,11.594202898550725
E00046801,151,42,13,29,109,101,8,27.81456953642384,8.609271523178808,19.205298013245034,72.18543046357617,66.88741721854305,5.298013245033113
E00046802,98,31,13,18,67,54,13,31.63265306122449,13.26530612244898,18.367346938775512,68.36734693877551,55.10204081632652,13.26530612244898
E00046803,177,51,16,35,126,110,16,28.8135593220339,9.03954802259887,19.774011299435028,71.1864406779661,62.14689265536724,9.03954802259887
E00046804,113,35,15,20,78,68,10,30.973451327433626,13.274336283185843,17.699115044247787,69.02654867256636,60.17699115044248,8.849557522123893
E00046805,160,41,8,33,119,106,13,25.624999999999996,5,20.625,74.375,66.25,8.125
E00046806,163,41,13,28,122,107,15,25.153374233128833,7.975460122699387,17.177914110429448,74.84662576687117,65.6441717791411,9.202453987730062
E00046807,130,34,3,31,96,84,12,26.153846153846157,2.307692307692308,23.846153846153847,73.84615384615385,64.61538461538461,9.230769230769232
E00046808,139,39,12,27,100,93,7,28.05755395683453,8.633093525179856,19.424460431654676,71.94244604316546,66.90647482014388,5.0359712230215825
E00046809,120,30,8,22,90,81,9,25,6.666666666666667,18.333333333333332,75,67.5,7.5
E00046810,107,33,7,26,74,64,10,30.8411214953271,6.5420560747663545,24.299065420560748,69.1588785046729,59.813084112149525,9.345794392523365
E00046811,122,31,7,24,91,82,9,25.40983606557377,5.737704918032787,19.672131147540984,74.59016393442623,67.21311475409836,7.377049180327869
E00046812,104,31,8,23,73,69,4,29.807692307692307,7.6923076923076925,22.115384615384613,70.1923076923077,66.34615384615384,3.8461538461538463
E00046813,147,50,15,35,97,87,10,34.01360544217687,10.204081632653061,23.809523809523807,65.98639455782312,59.183673469387756,6.802721088435375
E00046814,165,40,13,27,125,111,14,24.242424242424242,7.878787878787878,16.363636363636363,75.75757575757575,67.27272727272727,8.484848484848486
E00046815,139,40,7,33,99,90,9,28.776978417266186,5.0359712230215825,23.741007194244602,71.22302158273382,64.74820143884892,6.474820143884892
E00046816,149,32,9,23,117,104,13,21.476510067114095,6.0402684563758395,15.436241610738255,78.52348993288591,69.79865771812081,8.724832214765101
E00046817,122,32,11,21,90,84,6,26.229508196721312,9.01639344262295,17.21311475409836,73.77049180327869,68.85245901639344,4.918032786885246
E00046818,139,35,12,23,104,87,17,25.179856115107913,8.633093525179856,16.546762589928058,74.82014388489209,62.589928057553955,12.23021582733813
E00046819,125,39,13,26,86,76,10,31.2,10.4,20.8,68.8,60.8,8
E00046820,140,39,12,27,101,89,12,27.857142857142858,8.571428571428571,19.28571428571429,72.14285714285714,63.57142857142857,8.571428571428571
E00046821,92,26,9,17,66,63,3,28.26086956521739,9.782608695652174,18.478260869565215,71.73913043478261,68.47826086956522,3.260869565217391
E00046822,53,15,3,12,38,31,7,28.30188679245283,5.660377358490567,22.641509433962266,71.69811320754717,58.490566037735846,13.20754716981132
E00046823,135,35,8,27,100,83,17,25.925925925925924,5.9259259259259265,20,74.07407407407408,61.48148148148148,12.592592592592592
E00046824,128,45,11,34,83,74,9,35.15625,8.59375,26.5625,64.84375,57.8125,7.03125
E00046825,128,45,17,28,83,77,6,35.15625,13.28125,21.875,64.84375,60.15625,4.6875
E00046826,134,30,5,25,104,91,13,22.388059701492537,3.731343283582089,18.65671641791045,77.61194029850746,67.91044776119402,9.701492537313433
E00046827,139,31,16,15,108,93,15,22.302158273381295,11.510791366906476,10.79136690647482,77.6978417266187,66.90647482014388,10.79136690647482
E00046828,143,47,11,36,96,84,12,32.86713286713287,7.6923076923076925,25.174825174825177,67.13286713286713,58.74125874125874,8.391608391608392
E00046829,145,40,12,28,105,87,18,27.586206896551722,8.275862068965518,19.310344827586206,72.41379310344827,60,12.413793103448276
E00046830,177,54,17,37,123,113,10,30.508474576271187,9.6045197740113,20.903954802259886,69.49152542372882,63.84180790960452,5.649717514124294
E00046831,178,52,14,38,126,117,9,29.213483146067414,7.865168539325842,21.34831460674157,70.78651685393258,65.73033707865169,5.056179775280898
E00046832,152,48,12,36,104,96,8,31.57894736842105,7.894736842105263,23.684210526315788,68.42105263157895,63.1578947368421,5.263157894736842
E00046833,125,40,11,29,85,78,7,32,8.799999999999999,23.200000000000003,68,62.4,5.6000000000000005
E00046834,157,37,10,27,120,112,8,23.56687898089172,6.369426751592357,17.197452229299362,76.43312101910828,71.3375796178344,5.095541401273886
E00046835,99,33,11,22,66,60,6,33.33333333333333,11.11111111111111,22.22222222222222,66.66666666666666,60.60606060606061,6.0606060606060606
E00046837,132,38,13,25,94,79,15,28.78787878787879,9.848484848484848,18.939393939393938,71.21212121212122,59.84848484848485,11.363636363636363
E00046838,144,47,15,32,97,88,9,32.63888888888889,10.416666666666668,22.22222222222222,67.36111111111111,61.111111111111114,6.25
E00046839,18,8,3,5,10,8,2,44.44444444444444,16.666666666666664,27.77777777777778,55.55555555555556,44.44444444444444,11.11111111111111
E00046840,171,44,13,31,127,114,13,25.730994152046783,7.602339181286549,18.128654970760234,74.26900584795322,66.66666666666666,7.602339181286549
E00046841,136,27,6,21,109,99,10,19.852941176470587,4.411764705882353,15.441176470588236,80.14705882352942,72.79411764705883,7.352941176470589
E00046842,173,40,9,31,133,118,15,23.121387283236995,5.202312138728324,17.91907514450867,76.878612716763,68.20809248554913,8.670520231213873
E00046843,145,40,10,30,105,94,11,27.586206896551722,6.896551724137931,20.689655172413794,72.41379310344827,64.82758620689654,7.586206896551724
E00046844,188,47,20,27,141,131,10,25,10.638297872340425,14.361702127659576,75,69.68085106382979,5.319148936170213
E00046845,102,28,15,13,74,74,0,27.450980392156865,14.705882352941178,12.745098039215685,72.54901960784314,72.54901960784314,0
E00046846,137,46,17,29,91,86,5,33.57664233576642,12.408759124087592,21.16788321167883,66.42335766423358,62.77372262773723,3.64963503649635
E00046847,145,51,12,39,94,84,10,35.172413793103445,8.275862068965518,26.89655172413793,64.82758620689654,57.931034482758626,6.896551724137931
E00046848,67,13,1,12,54,45,9,19.402985074626866,1.4925373134328357,17.91044776119403,80.59701492537313,67.16417910447761,13.432835820895523
E00046849,131,34,13,21,97,87,10,25.954198473282442,9.923664122137405,16.030534351145036,74.04580152671755,66.41221374045801,7.633587786259542
E00046850,128,42,10,32,86,81,5,32.8125,7.8125,25,67.1875,63.28125,3.90625
E00046851,165,44,13,31,121,114,7,26.666666666666668,7.878787878787878,18.787878787878785,73.33333333333333,69.0909090909091,4.242424242424243
E00046852,91,17,1,16,74,65,9,18.681318681318682,1.098901098901099,17.582417582417584,81.31868131868131,71.42857142857143,9.89010989010989
E00046853,201,65,22,43,136,124,12,32.33830845771145,10.945273631840797,21.393034825870647,67.66169154228857,61.69154228855721,5.970149253731343
E00046854,162,31,7,24,131,120,11,19.1358024691358,4.320987654320987,14.814814814814813,80.8641975308642,74.07407407407408,6.790123456790123
E00046855,272,57,19,38,215,202,13,20.955882352941178,6.985294117647059,13.970588235294118,79.04411764705883,74.26470588235294,4.779411764705882
E00046856,175,53,19,34,122,119,3,30.28571428571429,10.857142857142858,19.428571428571427,69.71428571428572,68,1.7142857142857144
E00046857,146,47,5,42,99,91,8,32.19178082191781,3.4246575342465753,28.767123287671232,67.8082191780822,62.328767123287676,5.47945205479452
E00046858,124,34,7,27,90,85,5,27.419354838709676,5.64516129032258,21.774193548387096,72.58064516129032,68.54838709677419,4.032258064516129
E00046859,131,43,19,24,88,80,8,32.82442748091603,14.50381679389313,18.3206106870229,67.17557251908397,61.06870229007634,6.106870229007633
E00046860,142,38,18,20,104,96,8,26.76056338028169,12.676056338028168,14.084507042253522,73.23943661971832,67.6056338028169,5.633802816901409
E00046861,165,62,16,46,103,96,7,37.57575757575757,9.696969696969697,27.878787878787882,62.42424242424243,58.18181818181818,4.242424242424243
E00046862,120,37,13,24,83,76,7,30.833333333333336,10.833333333333334,20,69.16666666666667,63.33333333333333,5.833333333333333
E00046863,121,38,13,25,83,70,13,31.40495867768595,10.743801652892563,20.66115702479339,68.59504132231406,57.85123966942148,10.743801652892563
E00046864,125,49,19,30,76,76,0,39.2,15.2,24,60.8,60.8,0
E00046865,158,46,18,28,112,102,10,29.11392405063291,11.39240506329114,17.72151898734177,70.88607594936708,64.55696202531645,6.329113924050633
E00046866,158,57,25,32,101,89,12,36.075949367088604,15.822784810126583,20.253164556962027,63.92405063291139,56.32911392405063,7.59493670886076
E00046867,135,41,7,34,94,83,11,30.37037037037037,5.185185185185185,25.185185185185183,69.62962962962963,61.48148148148148,8.148148148148149
E00046868,127,47,14,33,80,76,4,37.00787401574803,11.023622047244094,25.984251968503933,62.99212598425197,59.84251968503938,3.149606299212598
E00046869,198,81,37,44,117,102,15,40.909090909090914,18.68686868686869,22.22222222222222,59.09090909090909,51.515151515151516,7.575757575757576
E00046870,167,58,14,44,109,102,7,34.73053892215569,8.383233532934131,26.34730538922156,65.26946107784431,61.07784431137725,4.191616766467066
E00046871,140,43,17,26,97,85,12,30.714285714285715,12.142857142857142,18.571428571428573,69.28571428571428,60.71428571428571,8.571428571428571
E00046873,178,67,24,43,111,107,4,37.640449438202246,13.48314606741573,24.15730337078652,62.35955056179775,60.1123595505618,2.247191011235955
E00046874,202,65,14,51,137,126,11,32.17821782178218,6.9306930693069315,25.247524752475247,67.82178217821783,62.37623762376238,5.445544554455446
E00046875,145,43,12,31,102,91,11,29.655172413793103,8.275862068965518,21.379310344827587,70.34482758620689,62.758620689655174,7.586206896551724
E00046876,148,49,14,35,99,87,12,33.108108108108105,9.45945945945946,23.64864864864865,66.8918918918919,58.78378378378378,8.108108108108109
E00046877,109,37,4,33,72,61,11,33.94495412844037,3.669724770642202,30.275229357798167,66.05504587155964,55.96330275229357,10.091743119266056
E00046878,141,41,10,31,100,85,15,29.078014184397162,7.092198581560284,21.98581560283688,70.92198581560284,60.28368794326241,10.638297872340425
E00046879,145,40,13,27,105,93,12,27.586206896551722,8.96551724137931,18.620689655172416,72.41379310344827,64.13793103448275,8.275862068965518
E00046880,116,36,10,26,80,75,5,31.03448275862069,8.620689655172415,22.413793103448278,68.96551724137932,64.65517241379311,4.310344827586207
E00046881,141,36,13,23,105,88,17,25.53191489361702,9.219858156028367,16.312056737588655,74.46808510638297,62.4113475177305,12.056737588652481
E00046883,117,28,12,16,89,82,7,23.931623931623932,10.256410256410255,13.675213675213676,76.06837606837607,70.08547008547008,5.982905982905983
E00046884,176,44,12,32,132,125,7,25,6.8181818181818175,18.181818181818183,75,71.02272727272727,3.977272727272727
E00046885,172,33,16,17,139,123,16,19.186046511627907,9.30232558139535,9.883720930232558,80.81395348837209,71.51162790697676,9.30232558139535
E00046886,180,45,12,33,135,123,12,25,6.666666666666667,18.333333333333332,75,68.33333333333333,6.666666666666667
E00046887,135,43,20,23,92,84,8,31.851851851851855,14.814814814814813,17.037037037037038,68.14814814814815,62.22222222222222,5.9259259259259265
E00046888,150,53,24,29,97,89,8,35.333333333333336,16,19.333333333333332,64.66666666666666,59.333333333333336,5.333333333333334
E00046889,140,32,7,25,108,101,7,22.857142857142858,5,17.857142857142858,77.14285714285715,72.14285714285714,5
E00046890,121,44,12,32,77,70,7,36.36363636363637,9.917355371900827,26.446280991735538,63.63636363636363,57.85123966942148,5.785123966942149
E00046891,168,50,14,36,118,103,15,29.761904761904763,8.333333333333332,21.428571428571427,70.23809523809523,61.30952380952381,8.928571428571429
E00046892,156,52,10,42,104,95,9,33.33333333333333,6.41025641025641,26.923076923076923,66.66666666666666,60.89743589743589,5.769230769230769
E00046893,132,32,13,19,100,92,8,24.242424242424242,9.848484848484848,14.393939393939394,75.75757575757575,69.6969696969697,6.0606060606060606
E00046894,102,29,13,16,73,69,4,28.431372549019606,12.745098039215685,15.686274509803921,71.56862745098039,67.64705882352942,3.9215686274509802
E00046895,143,40,12,28,103,89,14,27.972027972027973,8.391608391608392,19.58041958041958,72.02797202797203,62.23776223776224,9.79020979020979
E00046896,159,47,15,32,112,101,11,29.559748427672954,9.433962264150944,20.125786163522015,70.44025157232704,63.52201257861635,6.918238993710692
E00046897,170,49,16,33,121,107,14,28.823529411764703,9.411764705882353,19.411764705882355,71.17647058823529,62.94117647058823,8.235294117647058
E00046898,136,50,23,27,86,83,3,36.76470588235294,16.911764705882355,19.852941176470587,63.23529411764706,61.029411764705884,2.2058823529411766
E00046899,132,38,13,25,94,86,8,28.78787878787879,9.848484848484848,18.939393939393938,71.21212121212122,65.15151515151516,6.0606060606060606
E00046900,144,32,7,25,112,101,11,22.22222222222222,4.861111111111112,17.36111111111111,77.77777777777779,70.13888888888889,7.638888888888889
E00046901,160,52,13,39,108,100,8,32.5,8.125,24.375,67.5,62.5,5
E00046902,156,50,9,41,106,94,12,32.05128205128205,5.769230769230769,26.282051282051285,67.94871794871796,60.256410256410255,7.6923076923076925
E00046903,148,52,18,34,96,81,15,35.13513513513514,12.162162162162163,22.972972972972975,64.86486486486487,54.729729729729726,10.135135135135135
E00046904,172,52,16,36,120,109,11,30.23255813953488,9.30232558139535,20.930232558139537,69.76744186046511,63.372093023255815,6.395348837209303
E00046905,141,40,10,30,101,88,13,28.368794326241137,7.092198581560284,21.27659574468085,71.63120567375887,62.4113475177305,9.219858156028367
E00046906,129,40,17,23,89,78,11,31.007751937984494,13.178294573643413,17.829457364341085,68.9922480620155,60.46511627906976,8.527131782945736
E00046907,99,31,8,23,68,61,7,31.313131313131315,8.080808080808081,23.232323232323232,68.68686868686868,61.61616161616161,7.07070707070707
E00046908,143,32,10,22,111,99,12,22.377622377622377,6.993006993006993,15.384615384615385,77.62237762237763,69.23076923076923,8.391608391608392
E00046909,110,38,13,25,72,66,6,34.54545454545455,11.818181818181818,22.727272727272727,65.45454545454545,60,5.454545454545454
E00046910,159,51,19,32,108,94,14,32.075471698113205,11.949685534591195,20.125786163522015,67.9245283018868,59.11949685534591,8.80503144654088
E00046911,218,67,30,37,151,110,41,30.73394495412844,13.761467889908257,16.972477064220186,69.26605504587155,50.45871559633027,18.807339449541285
E00046912,149,41,16,25,108,89,19,27.516778523489933,10.738255033557047,16.778523489932887,72.48322147651007,59.73154362416108,12.751677852348994
E00046913,133,40,18,22,93,78,15,30.075187969924812,13.533834586466165,16.541353383458645,69.92481203007519,58.64661654135338,11.278195488721805
E00046914,185,42,11,31,143,119,24,22.702702702702705,5.9459459459459465,16.756756756756758,77.29729729729729,64.32432432432432,12.972972972972974
E00046915,198,49,17,32,149,133,16,24.747474747474747,8.585858585858585,16.161616161616163,75.25252525252525,67.17171717171718,8.080808080808081
E00046916,142,41,14,27,101,80,21,28.87323943661972,9.859154929577464,19.014084507042252,71.12676056338029,56.33802816901409,14.788732394366196
E00046917,151,36,10,26,115,95,20,23.841059602649008,6.622516556291391,17.218543046357617,76.15894039735099,62.913907284768214,13.245033112582782
E00046918,156,43,17,26,113,92,21,27.564102564102566,10.897435897435898,16.666666666666664,72.43589743589743,58.97435897435898,13.461538461538462
E00046919,161,29,10,19,132,103,29,18.012422360248447,6.211180124223603,11.801242236024844,81.98757763975155,63.975155279503106,18.012422360248447
E00046920,111,25,3,22,86,79,7,22.52252252252252,2.7027027027027026,19.81981981981982,77.47747747747748,71.17117117117117,6.306306306306306
E00046921,155,35,9,26,120,112,8,22.58064516129032,5.806451612903226,16.7741935483871,77.41935483870968,72.25806451612902,5.161290322580645
E00046922,157,43,12,31,114,98,16,27.388535031847134,7.643312101910828,19.745222929936308,72.61146496815286,62.42038216560509,10.191082802547772
E00046923,173,50,15,35,123,106,17,28.901734104046245,8.670520231213873,20.23121387283237,71.09826589595376,61.27167630057804,9.826589595375722
E00046924,180,46,17,29,134,122,12,25.555555555555554,9.444444444444445,16.11111111111111,74.44444444444444,67.77777777777779,6.666666666666667
E00046925,162,33,9,24,129,110,19,20.37037037037037,5.555555555555555,14.814814814814813,79.62962962962963,67.90123456790124,11.728395061728394
E00046926,157,39,10,29,118,92,26,24.840764331210192,6.369426751592357,18.471337579617835,75.15923566878982,58.59872611464968,16.560509554140125
E00046927,138,38,10,28,100,89,11,27.536231884057973,7.246376811594203,20.28985507246377,72.46376811594203,64.4927536231884,7.971014492753622
E00046928,150,43,18,25,107,92,15,28.666666666666668,12,16.666666666666664,71.33333333333334,61.33333333333333,10
E00046929,164,50,12,38,114,104,10,30.48780487804878,7.317073170731707,23.170731707317074,69.51219512195121,63.41463414634146,6.097560975609756
E00046930,116,41,9,32,75,64,11,35.3448275862069,7.758620689655173,27.586206896551722,64.65517241379311,55.172413793103445,9.482758620689655
E00046931,142,41,13,28,101,90,11,28.87323943661972,9.15492957746479,19.718309859154928,71.12676056338029,63.38028169014085,7.746478873239436
E00046932,124,42,12,30,82,76,6,33.87096774193548,9.67741935483871,24.193548387096776,66.12903225806451,61.29032258064516,4.838709677419355
E00046933,54,21,5,16,33,28,5,38.88888888888889,9.25925925925926,29.629629629629626,61.111111111111114,51.85185185185185,9.25925925925926
E00046934,145,38,15,23,107,98,9,26.20689655172414,10.344827586206897,15.862068965517242,73.79310344827587,67.58620689655173,6.206896551724138
E00046935,181,50,15,35,131,113,18,27.624309392265197,8.287292817679557,19.337016574585636,72.37569060773481,62.430939226519335,9.94475138121547
E00046936,181,55,18,37,126,112,14,30.386740331491712,9.94475138121547,20.441988950276244,69.61325966850829,61.87845303867403,7.734806629834254
E00046937,139,33,8,25,106,101,5,23.741007194244602,5.755395683453238,17.985611510791365,76.2589928057554,72.66187050359713,3.5971223021582732
E00046938,167,44,19,25,123,113,10,26.34730538922156,11.377245508982035,14.97005988023952,73.65269461077844,67.66467065868264,5.9880239520958085
E00046939,116,42,16,26,74,62,12,36.206896551724135,13.793103448275861,22.413793103448278,63.793103448275865,53.44827586206896,10.344827586206897
E00046940,143,51,19,32,92,83,9,35.66433566433567,13.286713286713287,22.377622377622377,64.33566433566433,58.04195804195804,6.293706293706294
E00046941,143,52,19,33,91,81,10,36.36363636363637,13.286713286713287,23.076923076923077,63.63636363636363,56.64335664335665,6.993006993006993
E00046942,135,43,13,30,92,81,11,31.851851851851855,9.62962962962963,22.22222222222222,68.14814814814815,60,8.148148148148149
E00046943,155,51,15,36,104,97,7,32.903225806451616,9.67741935483871,23.225806451612904,67.0967741935484,62.58064516129033,4.516129032258064
E00046944,144,34,15,19,110,92,18,23.61111111111111,10.416666666666668,13.194444444444445,76.38888888888889,63.888888888888886,12.5
E00046945,137,42,11,31,95,80,15,30.656934306569344,8.02919708029197,22.62773722627737,69.34306569343066,58.3941605839416,10.948905109489052
E00046946,123,41,17,24,82,75,7,33.33333333333333,13.821138211382115,19.51219512195122,66.66666666666666,60.97560975609756,5.691056910569105
E00046947,135,41,16,25,94,84,10,30.37037037037037,11.851851851851853,18.51851851851852,69.62962962962963,62.22222222222222,7.4074074074074066
E00046948,148,41,9,32,107,95,12,27.7027027027027,6.081081081081082,21.62162162162162,72.2972972972973,64.1891891891892,8.108108108108109
E00046949,115,35,4,31,80,69,11,30.434782608695656,3.4782608695652173,26.956521739130434,69.56521739130434,60,9.565217391304348
E00046950,142,42,13,29,100,93,7,29.577464788732392,9.15492957746479,20.422535211267608,70.4225352112676,65.49295774647888,4.929577464788732
E00046951,126,33,9,24,93,88,5,26.190476190476193,7.142857142857142,19.047619047619047,73.80952380952381,69.84126984126983,3.968253968253968
E00046952,104,46,19,27,58,56,2,44.230769230769226,18.269230769230766,25.961538461538463,55.769230769230774,53.84615384615385,1.9230769230769231
E00046953,118,30,10,20,88,77,11,25.423728813559322,8.47457627118644,16.94915254237288,74.57627118644068,65.2542372881356,9.322033898305085
E00046954,134,49,19,30,85,79,6,36.56716417910448,14.17910447761194,22.388059701492537,63.43283582089553,58.95522388059702,4.477611940298507
E00046955,146,42,20,22,104,95,9,28.767123287671232,13.698630136986301,15.068493150684931,71.23287671232876,65.06849315068493,6.164383561643835
E00046956,95,32,10,22,63,57,6,33.68421052631579,10.526315789473683,23.157894736842106,66.3157894736842,60,6.315789473684211
E00046957,99,28,9,19,71,65,6,28.28282828282828,9.090909090909092,19.19191919191919,71.71717171717171,65.65656565656566,6.0606060606060606
E00046958,116,34,9,25,82,74,8,29.310344827586203,7.758620689655173,21.551724137931032,70.6896551724138,63.793103448275865,6.896551724137931
E00046959,79,17,4,13,62,54,8,21.518987341772153,5.063291139240507,16.455696202531644,78.48101265822784,68.35443037974683,10.126582278481013
E00046960,105,33,9,24,72,61,11,31.428571428571427,8.571428571428571,22.857142857142858,68.57142857142857,58.0952380952381,10.476190476190476
E00046961,174,52,11,41,122,103,19,29.88505747126437,6.321839080459771,23.563218390804597,70.11494252873564,59.195402298850574,10.919540229885058
E00046962,95,36,10,26,59,54,5,37.89473684210527,10.526315789473683,27.368421052631582,62.10526315789474,56.84210526315789,5.263157894736842
E00046963,107,27,6,21,80,69,11,25.233644859813083,5.607476635514018,19.626168224299064,74.76635514018692,64.48598130841121,10.2803738317757
E00046964,103,28,8,20,75,68,7,27.184466019417474,7.766990291262135,19.41747572815534,72.81553398058253,66.01941747572816,6.796116504854369
E00046965,99,25,8,17,74,67,7,25.252525252525253,8.080808080808081,17.17171717171717,74.74747474747475,67.67676767676768,7.07070707070707
E00046966,111,24,8,16,87,75,12,21.62162162162162,7.207207207207207,14.414414414414415,78.37837837837837,67.56756756756756,10.81081081081081
E00046967,254,65,22,43,189,150,39,25.590551181102363,8.661417322834646,16.92913385826772,74.40944881889764,59.055118110236215,15.354330708661418
E00046968,107,25,5,20,82,77,5,23.364485981308412,4.672897196261682,18.69158878504673,76.63551401869158,71.96261682242991,4.672897196261682
E00046969,104,32,18,14,72,58,14,30.76923076923077,17.307692307692307,13.461538461538462,69.23076923076923,55.769230769230774,13.461538461538462
E00046970,105,28,9,19,77,70,7,26.666666666666668,8.571428571428571,18.095238095238095,73.33333333333333,66.66666666666666,6.666666666666667
E00046971,145,56,20,36,89,71,18,38.62068965517241,13.793103448275861,24.82758620689655,61.37931034482759,48.96551724137931,12.413793103448276
E00046973,86,26,6,20,60,55,5,30.23255813953488,6.976744186046512,23.25581395348837,69.76744186046511,63.95348837209303,5.813953488372093
E00046974,91,48,15,33,43,40,3,52.74725274725275,16.483516483516482,36.26373626373626,47.25274725274725,43.956043956043956,3.296703296703297
E00046975,136,76,23,53,60,48,12,55.88235294117647,16.911764705882355,38.970588235294116,44.11764705882353,35.294117647058826,8.823529411764707
E00046976,89,44,19,25,45,42,3,49.43820224719101,21.34831460674157,28.08988764044944,50.56179775280899,47.19101123595505,3.3707865168539324
E00046977,140,60,23,37,80,65,15,42.857142857142854,16.428571428571427,26.42857142857143,57.14285714285714,46.42857142857143,10.714285714285714
E00046978,160,45,12,33,115,105,10,28.125,7.5,20.625,71.875,65.625,6.25
E00046979,226,73,20,53,153,142,11,32.30088495575221,8.849557522123893,23.451327433628318,67.69911504424779,62.83185840707964,4.867256637168142
E00046980,157,67,29,38,90,84,6,42.675159235668794,18.471337579617835,24.203821656050955,57.324840764331206,53.503184713375795,3.821656050955414
E00046981,146,62,27,35,84,78,6,42.465753424657535,18.493150684931507,23.972602739726025,57.534246575342465,53.42465753424658,4.10958904109589
E00046982,119,59,24,35,60,54,6,49.57983193277311,20.168067226890756,29.411764705882355,50.42016806722689,45.378151260504204,5.042016806722689
E00046983,117,37,12,25,80,80,0,31.62393162393162,10.256410256410255,21.367521367521366,68.37606837606837,68.37606837606837,0
E00046984,128,56,16,40,72,67,5,43.75,12.5,31.25,56.25,52.34375,3.90625
E00046985,121,53,17,36,68,63,5,43.80165289256198,14.049586776859504,29.75206611570248,56.19834710743802,52.066115702479344,4.132231404958678
E00046986,146,72,23,49,74,67,7,49.31506849315068,15.753424657534246,33.56164383561644,50.68493150684932,45.89041095890411,4.794520547945205
E00046987,111,41,10,31,70,67,3,36.93693693693694,9.00900900900901,27.927927927927925,63.06306306306306,60.36036036036037,2.7027027027027026
E00046988,142,46,17,29,96,83,13,32.3943661971831,11.971830985915492,20.422535211267608,67.6056338028169,58.45070422535211,9.15492957746479
E00046989,160,54,11,43,106,91,15,33.75,6.875000000000001,26.875,66.25,56.875,9.375
E00046990,182,56,16,40,126,111,15,30.76923076923077,8.791208791208792,21.978021978021978,69.23076923076923,60.98901098901099,8.241758241758241
E00046991,172,53,20,33,119,112,7,30.813953488372093,11.627906976744185,19.186046511627907,69.18604651162791,65.11627906976744,4.069767441860465
E00046993,162,51,14,37,111,98,13,31.48148148148148,8.641975308641975,22.839506172839506,68.51851851851852,60.49382716049383,8.024691358024691
E00046994,177,52,18,34,125,110,15,29.37853107344633,10.16949152542373,19.2090395480226,70.62146892655367,62.14689265536724,8.47457627118644
E00046995,156,48,9,39,108,100,8,30.76923076923077,5.769230769230769,25,69.23076923076923,64.1025641025641,5.128205128205128
E00046996,191,63,30,33,128,112,16,32.98429319371728,15.706806282722512,17.277486910994764,67.01570680628272,58.63874345549738,8.37696335078534
E00046997,56,16,7,9,40,35,5,28.57142857142857,12.5,16.071428571428573,71.42857142857143,62.5,8.928571428571429
E00046998,214,56,13,43,158,150,8,26.168224299065418,6.074766355140187,20.093457943925234,73.83177570093457,70.09345794392523,3.7383177570093453
E00046999,197,52,19,33,145,130,15,26.39593908629442,9.644670050761421,16.751269035532996,73.60406091370558,65.98984771573603,7.614213197969544
E00047000,217,61,24,37,156,130,26,28.110599078341014,11.059907834101383,17.050691244239633,71.88940092165899,59.907834101382484,11.981566820276496
E00047001,185,44,11,33,141,124,17,23.783783783783786,5.9459459459459465,17.83783783783784,76.21621621621621,67.02702702702703,9.18918918918919
E00047002,262,73,20,53,189,173,16,27.86259541984733,7.633587786259542,20.229007633587788,72.13740458015268,66.03053435114504,6.106870229007633
E00047003,185,47,20,27,138,119,19,25.405405405405407,10.81081081081081,14.594594594594595,74.5945945945946,64.32432432432432,10.27027027027027
E00047004,193,45,12,33,148,130,18,23.316062176165804,6.217616580310881,17.098445595854923,76.68393782383419,67.35751295336787,9.32642487046632
E00047005,89,20,11,9,69,62,7,22.47191011235955,12.359550561797752,10.112359550561797,77.52808988764045,69.66292134831461,7.865168539325842
E00047006,96,28,14,14,68,56,12,29.166666666666668,14.583333333333334,14.583333333333334,70.83333333333334,58.333333333333336,12.5
E00047007,190,53,17,36,137,123,14,27.89473684210526,8.947368421052632,18.947368421052634,72.10526315789474,64.73684210526316,7.368421052631578
E00047009,190,63,28,35,127,114,13,33.1578947368421,14.736842105263156,18.421052631578945,66.84210526315789,60,6.842105263157896
E00047010,136,32,12,20,104,95,9,23.52941176470588,8.823529411764707,14.705882352941178,76.47058823529412,69.85294117647058,6.61764705882353
E00047011,224,31,8,23,193,176,17,13.839285714285715,3.571428571428571,10.267857142857142,86.16071428571429,78.57142857142857,7.5892857142857135
E00047012,121,31,5,26,90,82,8,25.6198347107438,4.132231404958678,21.487603305785125,74.3801652892562,67.76859504132231,6.6115702479338845
E00047013,161,49,17,32,112,103,9,30.434782608695656,10.559006211180124,19.875776397515526,69.56521739130434,63.975155279503106,5.590062111801243
E00047014,118,34,16,18,84,71,13,28.8135593220339,13.559322033898304,15.254237288135593,71.1864406779661,60.16949152542372,11.016949152542372
E00047015,132,46,14,32,86,81,5,34.84848484848485,10.606060606060606,24.242424242424242,65.15151515151516,61.36363636363637,3.787878787878788
E00047016,133,50,18,32,83,77,6,37.59398496240601,13.533834586466165,24.06015037593985,62.40601503759399,57.89473684210527,4.511278195488721
E00047017,165,32,14,18,133,126,7,19.393939393939394,8.484848484848486,10.909090909090908,80.60606060606061,76.36363636363637,4.242424242424243
E00047019,135,50,17,33,85,71,14,37.03703703703704,12.592592592592592,24.444444444444443,62.96296296296296,52.59259259259259,10.37037037037037
E00047020,131,43,17,26,88,85,3,32.82442748091603,12.977099236641221,19.84732824427481,67.17557251908397,64.8854961832061,2.2900763358778624
E00047021,98,31,14,17,67,59,8,31.63265306122449,14.285714285714285,17.346938775510203,68.36734693877551,60.204081632653065,8.16326530612245
E00047022,146,54,23,31,92,76,16,36.986301369863014,15.753424657534246,21.232876712328768,63.013698630136986,52.054794520547944,10.95890410958904
E00047024,103,34,6,28,69,60,9,33.00970873786408,5.825242718446602,27.184466019417474,66.99029126213593,58.252427184466015,8.737864077669903
E00047025,206,65,19,46,141,123,18,31.55339805825243,9.223300970873787,22.330097087378643,68.44660194174757,59.70873786407766,8.737864077669903
E00047026,129,59,29,30,70,63,7,45.73643410852713,22.48062015503876,23.25581395348837,54.263565891472865,48.837209302325576,5.426356589147287
E00047027,225,58,24,34,167,145,22,25.77777777777778,10.666666666666668,15.11111111111111,74.22222222222223,64.44444444444444,9.777777777777779
E00047028,127,48,14,34,79,72,7,37.79527559055118,11.023622047244094,26.77165354330709,62.20472440944882,56.69291338582677,5.511811023622047
E00047030,103,29,7,22,74,67,7,28.155339805825243,6.796116504854369,21.35922330097087,71.84466019417476,65.0485436893204,6.796116504854369
E00047031,154,45,10,35,109,101,8,29.22077922077922,6.493506493506493,22.727272727272727,70.77922077922078,65.5844155844156,5.194805194805195
E00047032,142,37,13,24,105,98,7,26.056338028169012,9.15492957746479,16.901408450704224,73.94366197183099,69.01408450704226,4.929577464788732
E00047033,140,54,13,41,86,81,5,38.57142857142858,9.285714285714286,29.28571428571429,61.42857142857143,57.85714285714286,3.571428571428571
E00047034,112,43,6,37,69,65,4,38.392857142857146,5.357142857142857,33.035714285714285,61.60714285714286,58.03571428571429,3.571428571428571
E00047035,183,54,15,39,129,117,12,29.508196721311474,8.19672131147541,21.311475409836063,70.49180327868852,63.934426229508205,6.557377049180328
E00047036,116,50,14,36,66,61,5,43.103448275862064,12.068965517241379,31.03448275862069,56.896551724137936,52.58620689655172,4.310344827586207
E00047037,164,34,7,27,130,117,13,20.73170731707317,4.2682926829268295,16.463414634146343,79.26829268292683,71.34146341463415,7.926829268292683
E00047038,92,30,8,22,62,59,3,32.608695652173914,8.695652173913043,23.91304347826087,67.3913043478261,64.13043478260869,3.260869565217391
E00047039,101,45,18,27,56,52,4,44.554455445544555,17.82178217821782,26.732673267326735,55.44554455445545,51.48514851485149,3.9603960396039604
E00047040,152,61,20,41,91,84,7,40.131578947368425,13.157894736842104,26.973684210526315,59.86842105263158,55.26315789473685,4.605263157894736
E00047041,133,45,20,25,88,76,12,33.83458646616541,15.037593984962406,18.796992481203006,66.16541353383458,57.14285714285714,9.022556390977442
E00047042,88,37,9,28,51,50,1,42.04545454545455,10.227272727272728,31.818181818181817,57.95454545454546,56.81818181818182,1.1363636363636365
E00047043,210,53,19,34,157,140,17,25.238095238095237,9.047619047619047,16.19047619047619,74.76190476190476,66.66666666666666,8.095238095238095
E00047044,91,32,15,17,59,53,6,35.16483516483517,16.483516483516482,18.681318681318682,64.83516483516483,58.24175824175825,6.593406593406594
E00047045,122,40,12,28,82,72,10,32.78688524590164,9.836065573770492,22.950819672131146,67.21311475409836,59.01639344262295,8.19672131147541
E00047047,116,40,16,24,76,71,5,34.48275862068966,13.793103448275861,20.689655172413794,65.51724137931035,61.206896551724135,4.310344827586207
E00047048,150,54,15,39,96,85,11,36,10,26,64,56.666666666666664,7.333333333333333
E00047049,145,54,15,39,91,85,6,37.24137931034483,10.344827586206897,26.89655172413793,62.758620689655174,58.620689655172406,4.137931034482759
E00047050,138,65,21,44,73,62,11,47.10144927536232,15.217391304347828,31.88405797101449,52.89855072463768,44.927536231884055,7.971014492753622
E00047051,154,57,19,38,97,85,12,37.01298701298701,12.337662337662337,24.675324675324674,62.98701298701299,55.1948051948052,7.792207792207792
E00047052,135,45,11,34,90,79,11,33.33333333333333,8.148148148148149,25.185185185185183,66.66666666666666,58.51851851851851,8.148148148148149
E00047053,181,66,28,38,115,103,12,36.46408839779006,15.469613259668508,20.994475138121548,63.53591160220995,56.9060773480663,6.629834254143646
E00047054,145,69,30,39,76,71,5,47.58620689655172,20.689655172413794,26.89655172413793,52.41379310344828,48.96551724137931,3.4482758620689653
E00047055,110,54,17,37,56,49,7,49.09090909090909,15.454545454545453,33.63636363636363,50.90909090909091,44.54545454545455,6.363636363636363
E00047056,159,62,32,30,97,85,12,38.9937106918239,20.125786163522015,18.867924528301888,61.0062893081761,53.459119496855344,7.547169811320755
E00047057,106,69,52,17,37,33,4,65.09433962264151,49.056603773584904,16.037735849056602,34.90566037735849,31.132075471698112,3.7735849056603774
E00047058,82,57,49,8,25,19,6,69.51219512195121,59.756097560975604,9.75609756097561,30.48780487804878,23.170731707317074,7.317073170731707
E00047059,92,39,16,23,53,47,6,42.391304347826086,17.391304347826086,25,57.608695652173914,51.08695652173913,6.521739130434782
E00047060,77,66,52,14,11,10,1,85.71428571428571,67.53246753246754,18.181818181818183,14.285714285714285,12.987012987012985,1.2987012987012987
E00047061,74,19,7,12,55,43,12,25.675675675675674,9.45945945945946,16.216216216216218,74.32432432432432,58.108108108108105,16.216216216216218
E00047062,157,38,13,25,119,102,17,24.203821656050955,8.280254777070063,15.92356687898089,75.79617834394905,64.96815286624204,10.828025477707007
E00047063,105,71,52,19,34,34,0,67.61904761904762,49.523809523809526,18.095238095238095,32.38095238095238,32.38095238095238,0
E00047064,99,28,14,14,71,65,6,28.28282828282828,14.14141414141414,14.14141414141414,71.71717171717171,65.65656565656566,6.0606060606060606
E00047065,115,45,17,28,70,62,8,39.130434782608695,14.782608695652174,24.347826086956523,60.86956521739131,53.91304347826087,6.956521739130435
E00047066,112,42,16,26,70,60,10,37.5,14.285714285714285,23.214285714285715,62.5,53.57142857142857,8.928571428571429
E00047067,118,88,70,18,30,27,3,74.57627118644068,59.32203389830508,15.254237288135593,25.423728813559322,22.88135593220339,2.5423728813559325
E00047068,136,68,38,30,68,68,0,50,27.941176470588236,22.058823529411764,50,50,0
E00047069,108,26,13,13,82,68,14,24.074074074074073,12.037037037037036,12.037037037037036,75.92592592592592,62.96296296296296,12.962962962962962
E00047070,160,40,10,30,120,114,6,25,6.25,18.75,75,71.25,3.75
E00047071,129,41,16,25,88,79,9,31.782945736434108,12.4031007751938,19.379844961240313,68.21705426356588,61.240310077519375,6.976744186046512
E00047072,121,40,17,23,81,69,12,33.057851239669425,14.049586776859504,19.00826446280992,66.94214876033058,57.02479338842975,9.917355371900827
E00047073,164,48,12,36,116,95,21,29.268292682926827,7.317073170731707,21.951219512195124,70.73170731707317,57.92682926829268,12.804878048780488
E00047074,98,75,67,8,23,21,2,76.53061224489795,68.36734693877551,8.16326530612245,23.46938775510204,21.428571428571427,2.0408163265306123
E00047075,117,61,34,27,56,51,5,52.13675213675214,29.059829059829063,23.076923076923077,47.863247863247864,43.58974358974359,4.273504273504273
E00047076,123,87,63,24,36,30,6,70.73170731707317,51.21951219512195,19.51219512195122,29.268292682926827,24.390243902439025,4.878048780487805
E00047077,188,74,39,35,114,102,12,39.361702127659576,20.74468085106383,18.617021276595743,60.63829787234043,54.25531914893617,6.382978723404255
E00047078,174,72,19,53,102,85,17,41.37931034482759,10.919540229885058,30.45977011494253,58.620689655172406,48.85057471264368,9.770114942528735
E00047079,125,47,22,25,78,69,9,37.6,17.599999999999998,20,62.4,55.2,7.199999999999999
E00047080,100,30,12,18,70,61,9,30,12,18,70,61,9
E00047081,144,52,32,20,92,78,14,36.11111111111111,22.22222222222222,13.88888888888889,63.888888888888886,54.166666666666664,9.722222222222223
E00047082,178,54,19,35,124,113,11,30.337078651685395,10.674157303370785,19.662921348314608,69.66292134831461,63.48314606741573,6.179775280898876
E00047083,117,31,11,20,86,73,13,26.495726495726498,9.401709401709402,17.094017094017094,73.50427350427351,62.39316239316239,11.11111111111111
E00047084,59,17,6,11,42,40,2,28.8135593220339,10.16949152542373,18.64406779661017,71.1864406779661,67.79661016949152,3.389830508474576
E00047085,168,51,23,28,117,106,11,30.357142857142854,13.690476190476192,16.666666666666664,69.64285714285714,63.095238095238095,6.547619047619048
E00047086,182,67,21,46,115,107,8,36.81318681318682,11.538461538461538,25.274725274725274,63.18681318681318,58.791208791208796,4.395604395604396
E00047087,170,53,26,27,117,107,10,31.176470588235293,15.294117647058824,15.88235294117647,68.82352941176471,62.94117647058823,5.88235294117647
E00047089,60,26,10,16,34,30,4,43.333333333333336,16.666666666666664,26.666666666666668,56.666666666666664,50,6.666666666666667
E00047090,178,60,22,38,118,111,7,33.70786516853933,12.359550561797752,21.34831460674157,66.29213483146067,62.35955056179775,3.932584269662921
E00047091,179,54,25,29,125,111,14,30.16759776536313,13.966480446927374,16.201117318435752,69.83240223463687,62.01117318435754,7.82122905027933
E00047092,135,50,22,28,85,75,10,37.03703703703704,16.296296296296298,20.74074074074074,62.96296296296296,55.55555555555556,7.4074074074074066
E00047093,138,53,25,28,85,73,12,38.405797101449274,18.115942028985508,20.28985507246377,61.59420289855072,52.89855072463768,8.695652173913043
E00047094,178,49,26,23,129,102,27,27.52808988764045,14.606741573033707,12.921348314606742,72.47191011235955,57.30337078651685,15.168539325842698
E00047095,142,52,20,32,90,71,19,36.61971830985916,14.084507042253522,22.535211267605636,63.38028169014085,50,13.380281690140844
E00047096,132,45,21,24,87,64,23,34.090909090909086,15.909090909090908,18.181818181818183,65.9090909090909,48.484848484848484,17.424242424242426
E00047097,143,47,24,23,96,87,9,32.86713286713287,16.783216783216783,16.083916083916083,67.13286713286713,60.83916083916085,6.293706293706294
E00047098,123,41,17,24,82,65,17,33.33333333333333,13.821138211382115,19.51219512195122,66.66666666666666,52.84552845528455,13.821138211382115
E00047099,142,48,21,27,94,79,15,33.80281690140845,14.788732394366196,19.014084507042252,66.19718309859155,55.633802816901415,10.56338028169014
E00047100,177,52,18,34,125,111,14,29.37853107344633,10.16949152542373,19.2090395480226,70.62146892655367,62.71186440677966,7.909604519774012
E00047101,126,21,8,13,105,96,9,16.666666666666664,6.349206349206349,10.317460317460316,83.33333333333334,76.19047619047619,7.142857142857142
E00047102,101,33,13,20,68,62,6,32.67326732673268,12.871287128712872,19.801980198019802,67.32673267326733,61.386138613861384,5.9405940594059405
E00047103,132,42,13,29,90,69,21,31.818181818181817,9.848484848484848,21.96969696969697,68.18181818181817,52.27272727272727,15.909090909090908
E00047104,129,32,12,20,97,77,20,24.8062015503876,9.30232558139535,15.503875968992247,75.1937984496124,59.68992248062015,15.503875968992247
E00047105,101,36,18,18,65,46,19,35.64356435643564,17.82178217821782,17.82178217821782,64.35643564356435,45.54455445544555,18.81188118811881
E00047107,183,67,30,37,116,96,20,36.6120218579235,16.39344262295082,20.21857923497268,63.387978142076506,52.459016393442624,10.92896174863388
E00047109,104,85,73,12,19,17,2,81.73076923076923,70.1923076923077,11.538461538461538,18.269230769230766,16.346153846153847,1.9230769230769231
E00047110,133,43,23,20,90,70,20,32.33082706766917,17.293233082706767,15.037593984962406,67.66917293233082,52.63157894736842,15.037593984962406
E00047112,139,35,11,24,104,85,19,25.179856115107913,7.913669064748201,17.26618705035971,74.82014388489209,61.15107913669065,13.66906474820144
E00047113,114,35,14,21,79,57,22,30.701754385964914,12.280701754385964,18.421052631578945,69.2982456140351,50,19.298245614035086
E00047116,69,54,41,13,15,13,2,78.26086956521739,59.42028985507246,18.84057971014493,21.73913043478261,18.84057971014493,2.898550724637681
E00047117,117,88,73,15,29,26,3,75.21367521367522,62.39316239316239,12.82051282051282,24.786324786324787,22.22222222222222,2.564102564102564
E00047118,121,35,9,26,86,77,9,28.92561983471074,7.43801652892562,21.487603305785125,71.07438016528926,63.63636363636363,7.43801652892562
E00047119,139,29,13,16,110,94,16,20.863309352517987,9.352517985611511,11.510791366906476,79.13669064748201,67.62589928057554,11.510791366906476
E00047120,105,25,13,12,80,68,12,23.809523809523807,12.380952380952381,11.428571428571429,76.19047619047619,64.76190476190476,11.428571428571429
E00047121,116,64,42,22,52,41,11,55.172413793103445,36.206896551724135,18.96551724137931,44.827586206896555,35.3448275862069,9.482758620689655
E00047123,131,29,8,21,102,92,10,22.137404580152673,6.106870229007633,16.030534351145036,77.86259541984732,70.22900763358778,7.633587786259542
E00047124,86,68,53,15,18,16,2,79.06976744186046,61.627906976744185,17.441860465116278,20.930232558139537,18.6046511627907,2.3255813953488373
E00047125,35,25,16,9,10,10,0,71.42857142857143,45.714285714285715,25.71428571428571,28.57142857142857,28.57142857142857,0
E00047126,153,44,18,26,109,96,13,28.75816993464052,11.76470588235294,16.99346405228758,71.24183006535948,62.745098039215684,8.49673202614379
E00047127,187,43,10,33,144,132,12,22.994652406417114,5.347593582887701,17.647058823529413,77.00534759358288,70.58823529411765,6.417112299465241
E00047128,161,43,13,30,118,102,16,26.70807453416149,8.074534161490684,18.633540372670808,73.29192546583852,63.35403726708074,9.937888198757763
E00047129,126,37,18,19,89,72,17,29.365079365079367,14.285714285714285,15.079365079365079,70.63492063492063,57.14285714285714,13.492063492063492
E00047130,122,35,9,26,87,79,8,28.688524590163933,7.377049180327869,21.311475409836063,71.31147540983606,64.75409836065575,6.557377049180328
E00047134,132,37,6,31,95,86,9,28.030303030303028,4.545454545454546,23.484848484848484,71.96969696969697,65.15151515151516,6.8181818181818175
E00047136,137,38,10,28,99,89,10,27.73722627737226,7.2992700729927,20.437956204379564,72.26277372262774,64.96350364963503,7.2992700729927
E00047137,122,39,14,25,83,78,5,31.967213114754102,11.475409836065573,20.491803278688526,68.0327868852459,63.934426229508205,4.098360655737705
E00047138,168,41,18,23,127,118,9,24.404761904761905,10.714285714285714,13.690476190476192,75.59523809523809,70.23809523809523,5.357142857142857
E00047139,107,38,10,28,69,60,9,35.51401869158878,9.345794392523365,26.168224299065418,64.48598130841121,56.074766355140184,8.411214953271028
E00047140,109,22,4,18,87,80,7,20.18348623853211,3.669724770642202,16.51376146788991,79.81651376146789,73.39449541284404,6.422018348623854
E00047141,138,37,10,27,101,89,12,26.811594202898554,7.246376811594203,19.565217391304348,73.18840579710145,64.4927536231884,8.695652173913043
E00047142,81,23,8,15,58,55,3,28.39506172839506,9.876543209876543,18.51851851851852,71.60493827160494,67.90123456790124,3.7037037037037033
E00047143,123,29,9,20,94,78,16,23.577235772357724,7.317073170731707,16.260162601626014,76.42276422764228,63.41463414634146,13.008130081300814
E00047144,101,30,7,23,71,66,5,29.7029702970297,6.9306930693069315,22.772277227722775,70.29702970297029,65.34653465346535,4.9504950495049505
E00047145,170,51,15,36,119,100,19,30,8.823529411764707,21.176470588235293,70,58.82352941176471,11.176470588235295
E00047146,92,24,7,17,68,57,11,26.08695652173913,7.608695652173914,18.478260869565215,73.91304347826086,61.95652173913043,11.956521739130435
E00047147,100,30,4,26,70,62,8,30,4,26,70,62,8
E00047148,126,37,13,24,89,85,4,29.365079365079367,10.317460317460316,19.047619047619047,70.63492063492063,67.46031746031747,3.1746031746031744
E00047149,82,26,11,15,56,46,10,31.70731707317073,13.414634146341465,18.29268292682927,68.29268292682927,56.09756097560976,12.195121951219512
E00047150,136,38,14,24,98,93,5,27.941176470588236,10.294117647058822,17.647058823529413,72.05882352941177,68.38235294117648,3.6764705882352944
E00047151,131,37,15,22,94,91,3,28.24427480916031,11.450381679389313,16.793893129770993,71.7557251908397,69.46564885496184,2.2900763358778624
E00047152,143,37,15,22,106,99,7,25.874125874125873,10.48951048951049,15.384615384615385,74.12587412587412,69.23076923076923,4.895104895104895
E00047153,110,38,7,31,72,64,8,34.54545454545455,6.363636363636363,28.18181818181818,65.45454545454545,58.18181818181818,7.2727272727272725
E00047154,109,31,8,23,78,68,10,28.440366972477065,7.339449541284404,21.100917431192663,71.55963302752293,62.38532110091744,9.174311926605505
E00047155,129,33,8,25,96,85,11,25.581395348837212,6.2015503875969,19.379844961240313,74.4186046511628,65.89147286821705,8.527131782945736
E00047156,102,35,11,24,67,56,11,34.31372549019608,10.784313725490197,23.52941176470588,65.68627450980392,54.90196078431373,10.784313725490197
E00047157,97,40,10,30,57,49,8,41.23711340206185,10.309278350515463,30.927835051546392,58.76288659793815,50.51546391752577,8.24742268041237
E00047158,96,36,11,25,60,50,10,37.5,11.458333333333332,26.041666666666668,62.5,52.083333333333336,10.416666666666668
E00047159,106,41,9,32,65,60,5,38.67924528301887,8.49056603773585,30.18867924528302,61.32075471698113,56.60377358490566,4.716981132075472
E00047160,135,43,13,30,92,81,11,31.851851851851855,9.62962962962963,22.22222222222222,68.14814814814815,60,8.148148148148149
E00047161,112,35,12,23,77,70,7,31.25,10.714285714285714,20.535714285714285,68.75,62.5,6.25
E00047162,107,43,11,32,64,60,4,40.18691588785047,10.2803738317757,29.906542056074763,59.813084112149525,56.074766355140184,3.7383177570093453
E00047163,94,30,11,19,64,61,3,31.914893617021278,11.702127659574469,20.212765957446805,68.08510638297872,64.8936170212766,3.1914893617021276
E00047164,141,37,6,31,104,94,10,26.24113475177305,4.25531914893617,21.98581560283688,73.75886524822694,66.66666666666666,7.092198581560284
E00047165,123,40,13,27,83,71,12,32.52032520325203,10.569105691056912,21.951219512195124,67.47967479674797,57.72357723577236,9.75609756097561
E00047166,111,28,12,16,83,78,5,25.225225225225223,10.81081081081081,14.414414414414415,74.77477477477478,70.27027027027027,4.504504504504505
E00047167,91,33,8,25,58,54,4,36.26373626373626,8.791208791208792,27.472527472527474,63.73626373626373,59.34065934065934,4.395604395604396
E00047168,110,32,9,23,78,68,10,29.09090909090909,8.181818181818182,20.909090909090907,70.9090909090909,61.81818181818181,9.090909090909092
E00047169,59,19,0,19,40,39,1,32.20338983050847,0,32.20338983050847,67.79661016949152,66.10169491525424,1.694915254237288
E00047170,113,31,5,26,82,73,9,27.43362831858407,4.424778761061947,23.008849557522122,72.56637168141593,64.60176991150442,7.964601769911504
E00047171,87,26,9,17,61,51,10,29.88505747126437,10.344827586206897,19.54022988505747,70.11494252873564,58.620689655172406,11.494252873563218
E00047172,105,27,10,17,78,66,12,25.71428571428571,9.523809523809524,16.19047619047619,74.28571428571429,62.857142857142854,11.428571428571429
E00047173,98,34,11,23,64,61,3,34.69387755102041,11.224489795918368,23.46938775510204,65.3061224489796,62.244897959183675,3.061224489795918
E00047174,126,38,13,25,88,81,7,30.158730158730158,10.317460317460316,19.841269841269842,69.84126984126983,64.28571428571429,5.555555555555555
E00047175,80,17,5,12,63,53,10,21.25,6.25,15,78.75,66.25,12.5
E00047176,119,35,14,21,84,78,6,29.411764705882355,11.76470588235294,17.647058823529413,70.58823529411765,65.54621848739495,5.042016806722689
E00047177,139,47,12,35,92,85,7,33.81294964028777,8.633093525179856,25.179856115107913,66.18705035971223,61.15107913669065,5.0359712230215825
E00047178,108,29,10,19,79,70,9,26.851851851851855,9.25925925925926,17.59259259259259,73.14814814814815,64.81481481481481,8.333333333333332
E00047179,45,22,9,13,23,19,4,48.888888888888886,20,28.888888888888886,51.11111111111111,42.22222222222222,8.88888888888889
E00047180,131,30,8,22,101,89,12,22.900763358778626,6.106870229007633,16.793893129770993,77.09923664122137,67.93893129770993,9.16030534351145
E00047181,124,32,7,25,92,87,5,25.806451612903224,5.64516129032258,20.161290322580644,74.19354838709677,70.16129032258065,4.032258064516129
E00047182,133,42,10,32,91,83,8,31.57894736842105,7.518796992481203,24.06015037593985,68.42105263157895,62.40601503759399,6.015037593984962
E00047183,140,36,13,23,104,95,9,25.71428571428571,9.285714285714286,16.428571428571427,74.28571428571429,67.85714285714286,6.428571428571428
E00047184,84,28,6,22,56,49,7,33.33333333333333,7.142857142857142,26.190476190476193,66.66666666666666,58.333333333333336,8.333333333333332
E00047185,137,26,8,18,111,99,12,18.97810218978102,5.839416058394161,13.138686131386862,81.02189781021897,72.26277372262774,8.75912408759124
E00047186,95,24,0,24,71,63,8,25.263157894736842,0,25.263157894736842,74.73684210526315,66.3157894736842,8.421052631578947
E00047187,136,40,7,33,96,85,11,29.411764705882355,5.147058823529411,24.264705882352942,70.58823529411765,62.5,8.088235294117647
E00047188,86,20,5,15,66,57,9,23.25581395348837,5.813953488372093,17.441860465116278,76.74418604651163,66.27906976744185,10.465116279069768
E00047189,127,35,15,20,92,78,14,27.559055118110237,11.811023622047244,15.748031496062993,72.44094488188976,61.417322834645674,11.023622047244094
E00047190,122,34,9,25,88,83,5,27.86885245901639,7.377049180327869,20.491803278688526,72.1311475409836,68.0327868852459,4.098360655737705
E00047191,86,23,7,16,63,56,7,26.744186046511626,8.13953488372093,18.6046511627907,73.25581395348837,65.11627906976744,8.13953488372093
E00047192,95,28,7,21,67,63,4,29.47368421052631,7.368421052631578,22.105263157894736,70.52631578947368,66.3157894736842,4.2105263157894735
E00047193,146,49,17,32,97,84,13,33.56164383561644,11.643835616438356,21.91780821917808,66.43835616438356,57.534246575342465,8.904109589041095
E00047194,217,55,12,43,162,140,22,25.34562211981567,5.529953917050691,19.81566820276498,74.65437788018433,64.51612903225806,10.138248847926267
E00047195,92,42,10,32,50,45,5,45.65217391304348,10.869565217391305,34.78260869565217,54.347826086956516,48.91304347826087,5.434782608695652
E00047196,52,13,1,12,39,36,3,25,1.9230769230769231,23.076923076923077,75,69.23076923076923,5.769230769230769
E00047198,103,39,8,31,64,57,7,37.86407766990291,7.766990291262135,30.097087378640776,62.13592233009708,55.33980582524271,6.796116504854369
E00047199,159,41,14,27,118,103,15,25.78616352201258,8.80503144654088,16.9811320754717,74.21383647798741,64.77987421383648,9.433962264150944
E00047200,112,28,5,23,84,75,9,25,4.464285714285714,20.535714285714285,75,66.96428571428571,8.035714285714286
E00047201,125,38,6,32,87,79,8,30.4,4.8,25.6,69.6,63.2,6.4
E00047202,123,30,9,21,93,84,9,24.390243902439025,7.317073170731707,17.073170731707318,75.60975609756098,68.29268292682927,7.317073170731707
E00047203,88,30,8,22,58,52,6,34.090909090909086,9.090909090909092,25,65.9090909090909,59.09090909090909,6.8181818181818175
E00047204,86,28,6,22,58,52,6,32.55813953488372,6.976744186046512,25.581395348837212,67.44186046511628,60.46511627906976,6.976744186046512
E00047205,157,48,17,31,109,98,11,30.573248407643312,10.828025477707007,19.745222929936308,69.42675159235668,62.42038216560509,7.006369426751593
E00047206,85,29,6,23,56,45,11,34.11764705882353,7.0588235294117645,27.058823529411764,65.88235294117646,52.94117647058824,12.941176470588237
E00047208,150,40,11,29,110,98,12,26.666666666666668,7.333333333333333,19.333333333333332,73.33333333333333,65.33333333333333,8
E00047209,106,31,7,24,75,66,9,29.245283018867923,6.60377358490566,22.641509433962266,70.75471698113208,62.264150943396224,8.49056603773585
E00047210,96,31,7,24,65,65,0,32.29166666666667,7.291666666666667,25,67.70833333333334,67.70833333333334,0
E00047211,126,38,11,27,88,80,8,30.158730158730158,8.73015873015873,21.428571428571427,69.84126984126983,63.49206349206349,6.349206349206349
E00047212,75,18,6,12,57,57,0,24,8,16,76,76,0
E00047213,96,32,13,19,64,60,4,33.33333333333333,13.541666666666666,19.791666666666664,66.66666666666666,62.5,4.166666666666666
E00047214,155,45,20,25,110,101,9,29.03225806451613,12.903225806451612,16.129032258064516,70.96774193548387,65.16129032258064,5.806451612903226
E00047215,124,33,9,24,91,78,13,26.61290322580645,7.258064516129033,19.35483870967742,73.38709677419355,62.903225806451616,10.483870967741936
E00047216,125,36,13,23,89,82,7,28.799999999999997,10.4,18.4,71.2,65.60000000000001,5.6000000000000005
E00047217,123,47,14,33,76,69,7,38.21138211382114,11.38211382113821,26.82926829268293,61.78861788617886,56.09756097560976,5.691056910569105
E00047218,121,48,16,32,73,66,7,39.66942148760331,13.223140495867769,26.446280991735538,60.33057851239669,54.54545454545454,5.785123966942149
E00047219,131,38,10,28,93,86,7,29.00763358778626,7.633587786259542,21.374045801526716,70.99236641221374,65.64885496183206,5.343511450381679
E00047220,125,34,16,18,91,80,11,27.200000000000003,12.8,14.399999999999999,72.8,64,8.799999999999999
E00047221,107,37,10,27,70,67,3,34.57943925233645,9.345794392523365,25.233644859813083,65.42056074766354,62.616822429906534,2.803738317757009
E00047222,206,59,26,33,147,140,7,28.640776699029125,12.62135922330097,16.019417475728158,71.35922330097088,67.96116504854369,3.3980582524271843
E00047223,168,44,13,31,124,111,13,26.190476190476193,7.738095238095238,18.452380952380953,73.80952380952381,66.07142857142857,7.738095238095238
E00047224,158,52,12,40,106,90,16,32.91139240506329,7.59493670886076,25.31645569620253,67.08860759493672,56.9620253164557,10.126582278481013
E00047225,191,59,23,36,132,120,12,30.89005235602094,12.041884816753926,18.848167539267017,69.10994764397905,62.82722513089005,6.282722513089005
E00047227,111,36,7,29,75,67,8,32.432432432432435,6.306306306306306,26.126126126126124,67.56756756756756,60.36036036036037,7.207207207207207
E00047228,178,54,11,43,124,103,21,30.337078651685395,6.179775280898876,24.15730337078652,69.66292134831461,57.865168539325836,11.797752808988763
E00047229,145,41,9,32,104,97,7,28.27586206896552,6.206896551724138,22.06896551724138,71.72413793103448,66.89655172413794,4.827586206896552
E00047230,92,43,5,38,49,44,5,46.73913043478261,5.434782608695652,41.30434782608695,53.2608695652174,47.82608695652174,5.434782608695652
E00047231,162,50,11,39,112,100,12,30.864197530864196,6.790123456790123,24.074074074074073,69.1358024691358,61.72839506172839,7.4074074074074066
E00047232,183,55,17,38,128,115,13,30.05464480874317,9.289617486338798,20.76502732240437,69.94535519125684,62.841530054644814,7.103825136612022
E00047233,133,34,12,22,99,92,7,25.563909774436087,9.022556390977442,16.541353383458645,74.43609022556392,69.17293233082707,5.263157894736842
E00047234,188,33,15,18,155,141,14,17.5531914893617,7.9787234042553195,9.574468085106384,82.4468085106383,75,7.446808510638298
E00047235,118,33,14,19,85,69,16,27.966101694915253,11.864406779661017,16.101694915254235,72.03389830508475,58.47457627118644,13.559322033898304
E00047236,134,35,13,22,99,85,14,26.119402985074625,9.701492537313433,16.417910447761194,73.88059701492537,63.43283582089553,10.44776119402985
E00047237,177,51,15,36,126,109,17,28.8135593220339,8.47457627118644,20.33898305084746,71.1864406779661,61.5819209039548,9.6045197740113
E00047238,116,25,8,17,91,81,10,21.551724137931032,6.896551724137931,14.655172413793101,78.44827586206897,69.82758620689656,8.620689655172415
E00047239,152,49,14,35,103,96,7,32.23684210526316,9.210526315789473,23.026315789473685,67.76315789473685,63.1578947368421,4.605263157894736
E00047240,173,46,13,33,127,114,13,26.589595375722542,7.514450867052023,19.07514450867052,73.41040462427746,65.89595375722543,7.514450867052023
E00047241,118,33,17,16,85,79,6,27.966101694915253,14.40677966101695,13.559322033898304,72.03389830508475,66.94915254237289,5.084745762711865
E00047242,170,41,10,31,129,117,12,24.11764705882353,5.88235294117647,18.235294117647058,75.88235294117646,68.82352941176471,7.0588235294117645
E00047243,118,33,9,24,85,77,8,27.966101694915253,7.627118644067797,20.33898305084746,72.03389830508475,65.2542372881356,6.779661016949152
E00047244,76,26,7,19,50,46,4,34.21052631578947,9.210526315789473,25,65.78947368421053,60.526315789473685,5.263157894736842
E00047245,123,50,13,37,73,65,8,40.65040650406504,10.569105691056912,30.081300813008134,59.34959349593496,52.84552845528455,6.504065040650407
E00047246,128,34,14,20,94,82,12,26.5625,10.9375,15.625,73.4375,64.0625,9.375
E00047247,125,30,11,19,95,87,8,24,8.799999999999999,15.2,76,69.6,6.4
E00047248,136,39,12,27,97,82,15,28.676470588235293,8.823529411764707,19.852941176470587,71.32352941176471,60.29411764705882,11.029411764705882
E00047249,116,33,11,22,83,76,7,28.448275862068968,9.482758620689655,18.96551724137931,71.55172413793103,65.51724137931035,6.0344827586206895
E00047250,133,42,17,25,91,80,11,31.57894736842105,12.781954887218044,18.796992481203006,68.42105263157895,60.150375939849624,8.270676691729323
E00047251,118,39,16,23,79,72,7,33.05084745762712,13.559322033898304,19.491525423728813,66.94915254237289,61.016949152542374,5.932203389830509
E00047252,160,51,16,35,109,105,4,31.874999999999996,10,21.875,68.125,65.625,2.5
E00047253,111,33,4,29,78,70,8,29.72972972972973,3.6036036036036037,26.126126126126124,70.27027027027027,63.06306306306306,7.207207207207207
E00047254,167,44,8,36,123,110,13,26.34730538922156,4.790419161676647,21.55688622754491,73.65269461077844,65.86826347305389,7.784431137724551
E00047255,104,42,10,32,62,54,8,40.38461538461539,9.615384615384617,30.76923076923077,59.61538461538461,51.92307692307693,7.6923076923076925
E00047256,138,36,17,19,102,98,4,26.08695652173913,12.318840579710146,13.768115942028986,73.91304347826086,71.01449275362319,2.898550724637681
E00047257,105,36,9,27,69,63,6,34.285714285714285,8.571428571428571,25.71428571428571,65.71428571428571,60,5.714285714285714
E00047258,67,19,10,9,48,42,6,28.35820895522388,14.925373134328357,13.432835820895523,71.64179104477611,62.68656716417911,8.955223880597014
E00047259,99,30,7,23,69,63,6,30.303030303030305,7.07070707070707,23.232323232323232,69.6969696969697,63.63636363636363,6.0606060606060606
E00047260,166,44,6,38,122,108,14,26.506024096385545,3.614457831325301,22.89156626506024,73.49397590361446,65.06024096385542,8.433734939759036
E00047261,158,50,16,34,108,93,15,31.645569620253166,10.126582278481013,21.518987341772153,68.35443037974683,58.86075949367089,9.49367088607595
E00047262,114,29,4,25,85,79,6,25.438596491228072,3.508771929824561,21.929824561403507,74.56140350877193,69.2982456140351,5.263157894736842
E00047263,140,36,5,31,104,92,12,25.71428571428571,3.571428571428571,22.142857142857142,74.28571428571429,65.71428571428571,8.571428571428571
E00047264,150,31,4,27,119,93,26,20.666666666666668,2.666666666666667,18,79.33333333333333,62,17.333333333333336
E00047265,192,58,24,34,134,111,23,30.208333333333332,12.5,17.708333333333336,69.79166666666666,57.8125,11.979166666666668
E00047266,133,49,24,25,84,76,8,36.84210526315789,18.045112781954884,18.796992481203006,63.1578947368421,57.14285714285714,6.015037593984962
E00047267,139,45,14,31,94,81,13,32.37410071942446,10.071942446043165,22.302158273381295,67.62589928057554,58.27338129496403,9.352517985611511
E00047269,136,44,19,25,92,80,12,32.35294117647059,13.970588235294118,18.38235294117647,67.64705882352942,58.82352941176471,8.823529411764707
E00047270,125,43,19,24,82,72,10,34.4,15.2,19.2,65.60000000000001,57.599999999999994,8
E00047271,156,48,12,36,108,98,10,30.76923076923077,7.6923076923076925,23.076923076923077,69.23076923076923,62.82051282051282,6.41025641025641
E00047272,175,62,26,36,113,102,11,35.42857142857142,14.857142857142858,20.57142857142857,64.57142857142857,58.285714285714285,6.2857142857142865
E00047273,170,32,13,19,138,124,14,18.823529411764707,7.647058823529412,11.176470588235295,81.17647058823529,72.94117647058823,8.235294117647058
E00047274,153,50,18,32,103,92,11,32.6797385620915,11.76470588235294,20.915032679738562,67.3202614379085,60.130718954248366,7.18954248366013
E00047275,146,51,15,36,95,87,8,34.93150684931507,10.273972602739725,24.65753424657534,65.06849315068493,59.589041095890416,5.47945205479452
E00047276,123,51,13,38,72,70,2,41.46341463414634,10.569105691056912,30.89430894308943,58.536585365853654,56.91056910569105,1.6260162601626018
E00047277,137,35,6,29,102,92,10,25.547445255474454,4.37956204379562,21.16788321167883,74.45255474452554,67.15328467153284,7.2992700729927
E00047278,252,66,12,54,186,165,21,26.190476190476193,4.761904761904762,21.428571428571427,73.80952380952381,65.47619047619048,8.333333333333332
E00047279,142,36,10,26,106,91,15,25.352112676056336,7.042253521126761,18.30985915492958,74.64788732394366,64.08450704225352,10.56338028169014
E00047280,136,42,11,31,94,85,9,30.88235294117647,8.088235294117647,22.794117647058822,69.11764705882352,62.5,6.61764705882353
E00047281,80,24,9,15,56,52,4,30,11.25,18.75,70,65,5
E00047282,160,57,26,31,103,94,9,35.625,16.25,19.375,64.375,58.75,5.625
E00047283,130,39,12,27,91,85,6,30,9.230769230769232,20.76923076923077,70,65.38461538461539,4.615384615384616
E00047284,140,54,12,42,86,76,10,38.57142857142858,8.571428571428571,30,61.42857142857143,54.285714285714285,7.142857142857142
E00047285,102,32,9,23,70,59,11,31.372549019607842,8.823529411764707,22.54901960784314,68.62745098039215,57.84313725490197,10.784313725490197
E00047286,137,43,24,19,94,83,11,31.386861313868614,17.51824817518248,13.86861313868613,68.61313868613139,60.58394160583942,8.02919708029197
E00047287,115,44,14,30,71,67,4,38.26086956521739,12.173913043478262,26.08695652173913,61.73913043478261,58.26086956521739,3.4782608695652173
E00047288,178,38,10,28,140,131,9,21.34831460674157,5.617977528089887,15.730337078651685,78.65168539325843,73.59550561797754,5.056179775280898
E00047289,107,65,21,44,42,35,7,60.747663551401864,19.626168224299064,41.1214953271028,39.25233644859813,32.71028037383177,6.5420560747663545
E00047292,155,69,18,51,86,76,10,44.516129032258064,11.612903225806452,32.903225806451616,55.483870967741936,49.03225806451613,6.451612903225806
E00047293,115,53,20,33,62,55,7,46.08695652173913,17.391304347826086,28.695652173913043,53.91304347826087,47.82608695652174,6.086956521739131
E00047294,124,64,14,50,60,55,5,51.61290322580645,11.29032258064516,40.32258064516129,48.38709677419355,44.354838709677416,4.032258064516129
E00047295,105,56,21,35,49,39,10,53.333333333333336,20,33.33333333333333,46.666666666666664,37.142857142857146,9.523809523809524
E00047296,149,72,22,50,77,72,5,48.322147651006716,14.76510067114094,33.557046979865774,51.67785234899329,48.322147651006716,3.3557046979865772
E00047298,191,99,28,71,92,85,7,51.832460732984295,14.659685863874344,37.17277486910995,48.167539267015705,44.50261780104712,3.664921465968586
E00047299,108,43,10,33,65,57,8,39.81481481481482,9.25925925925926,30.555555555555557,60.18518518518518,52.77777777777778,7.4074074074074066
E00047300,171,89,36,53,82,78,4,52.046783625730995,21.052631578947366,30.994152046783626,47.953216374269005,45.614035087719294,2.3391812865497075
E00047301,165,89,25,64,76,69,7,53.939393939393945,15.151515151515152,38.78787878787879,46.06060606060606,41.81818181818181,4.242424242424243
E00047302,169,78,24,54,91,78,13,46.15384615384615,14.201183431952662,31.952662721893493,53.84615384615385,46.15384615384615,7.6923076923076925
E00047303,111,29,10,19,82,74,8,26.126126126126124,9.00900900900901,17.117117117117118,73.87387387387388,66.66666666666666,7.207207207207207
E00047304,169,66,17,49,103,91,12,39.053254437869825,10.059171597633137,28.994082840236686,60.946745562130175,53.84615384615385,7.100591715976331
E00047305,152,80,34,46,72,63,9,52.63157894736842,22.36842105263158,30.263157894736842,47.368421052631575,41.44736842105263,5.921052631578947
E00047306,164,69,27,42,95,88,7,42.073170731707314,16.463414634146343,25.609756097560975,57.92682926829268,53.65853658536586,4.2682926829268295
E00047307,162,64,20,44,98,91,7,39.50617283950617,12.345679012345679,27.160493827160494,60.49382716049383,56.17283950617284,4.320987654320987
E00047308,171,99,28,71,72,69,3,57.89473684210527,16.374269005847953,41.52046783625731,42.10526315789473,40.35087719298245,1.7543859649122806
E00047309,128,70,15,55,58,53,5,54.6875,11.71875,42.96875,45.3125,41.40625,3.90625
E00047310,140,70,24,46,70,64,6,50,17.142857142857142,32.857142857142854,50,45.714285714285715,4.285714285714286
E00047311,118,61,25,36,57,54,3,51.69491525423729,21.1864406779661,30.508474576271187,48.30508474576271,45.76271186440678,2.5423728813559325
E00047312,171,84,26,58,87,82,5,49.122807017543856,15.204678362573098,33.91812865497076,50.877192982456144,47.953216374269005,2.923976608187134
E00047313,169,96,35,61,73,70,3,56.80473372781065,20.710059171597635,36.09467455621302,43.19526627218935,41.42011834319527,1.7751479289940828
E00047314,137,64,11,53,73,69,4,46.715328467153284,8.02919708029197,38.68613138686132,53.284671532846716,50.36496350364964,2.9197080291970803
E00047315,143,60,17,43,83,78,5,41.95804195804196,11.888111888111888,30.069930069930066,58.04195804195804,54.54545454545454,3.4965034965034967
E00047316,142,81,24,57,61,54,7,57.04225352112676,16.901408450704224,40.140845070422536,42.95774647887324,38.028169014084504,4.929577464788732
E00047317,118,72,36,36,46,39,7,61.016949152542374,30.508474576271187,30.508474576271187,38.983050847457626,33.05084745762712,5.932203389830509
E00047318,157,83,17,66,74,66,8,52.86624203821656,10.828025477707007,42.038216560509554,47.13375796178344,42.038216560509554,5.095541401273886
E00047319,126,60,22,38,66,64,2,47.61904761904761,17.46031746031746,30.158730158730158,52.38095238095239,50.79365079365079,1.5873015873015872
E00047320,163,66,17,49,97,91,6,40.49079754601227,10.429447852760736,30.061349693251532,59.50920245398773,55.828220858895705,3.6809815950920246
E00047321,91,59,9,50,32,32,0,64.83516483516483,9.89010989010989,54.94505494505495,35.16483516483517,35.16483516483517,0
E00047322,112,49,18,31,63,55,8,43.75,16.071428571428573,27.67857142857143,56.25,49.107142857142854,7.142857142857142
E00047323,141,81,26,55,60,51,9,57.446808510638306,18.439716312056735,39.00709219858156,42.5531914893617,36.17021276595745,6.382978723404255
E00047324,81,46,12,34,35,28,7,56.79012345679012,14.814814814814813,41.9753086419753,43.20987654320987,34.5679012345679,8.641975308641975
E00047325,109,51,14,37,58,51,7,46.788990825688074,12.844036697247708,33.94495412844037,53.21100917431193,46.788990825688074,6.422018348623854
E00047326,138,57,23,34,81,74,7,41.30434782608695,16.666666666666664,24.637681159420293,58.69565217391305,53.62318840579711,5.072463768115942
E00047327,91,43,8,35,48,43,5,47.25274725274725,8.791208791208792,38.46153846153847,52.74725274725275,47.25274725274725,5.4945054945054945
E00047328,127,62,18,44,65,60,5,48.818897637795274,14.173228346456693,34.645669291338585,51.181102362204726,47.24409448818898,3.937007874015748
E00047329,114,62,17,45,52,46,6,54.385964912280706,14.912280701754385,39.473684210526315,45.614035087719294,40.35087719298245,5.263157894736842
E00047330,151,64,20,44,87,79,8,42.384105960264904,13.245033112582782,29.13907284768212,57.615894039735096,52.317880794701985,5.298013245033113
E00047332,147,65,8,57,82,76,6,44.21768707482993,5.442176870748299,38.775510204081634,55.78231292517006,51.70068027210885,4.081632653061225
E00047333,177,77,21,56,100,90,10,43.50282485875706,11.864406779661017,31.63841807909605,56.49717514124294,50.847457627118644,5.649717514124294
E00047334,118,65,21,44,53,52,1,55.08474576271186,17.796610169491526,37.28813559322034,44.91525423728814,44.06779661016949,0.847457627118644
E00047335,106,46,12,34,60,52,8,43.39622641509434,11.320754716981133,32.075471698113205,56.60377358490566,49.056603773584904,7.547169811320755
E00047336,193,97,34,63,96,92,4,50.259067357512954,17.616580310880828,32.64248704663213,49.740932642487046,47.66839378238342,2.072538860103627
E00047337,125,60,21,39,65,57,8,48,16.8,31.2,52,45.6,6.4
E00047338,173,75,30,45,98,86,12,43.35260115606936,17.341040462427745,26.011560693641616,56.64739884393064,49.71098265895954,6.9364161849710975
E00047339,163,84,25,59,79,70,9,51.533742331288344,15.337423312883436,36.19631901840491,48.466257668711656,42.944785276073624,5.521472392638037
E00047340,100,48,15,33,52,52,0,48,15,33,52,52,0
E00047341,111,54,12,42,57,52,5,48.64864864864865,10.81081081081081,37.83783783783784,51.35135135135135,46.846846846846844,4.504504504504505
E00047342,133,69,21,48,64,53,11,51.8796992481203,15.789473684210526,36.09022556390977,48.1203007518797,39.849624060150376,8.270676691729323
E00047343,114,60,10,50,54,51,3,52.63157894736842,8.771929824561402,43.859649122807014,47.368421052631575,44.73684210526316,2.631578947368421
E00047344,117,75,19,56,42,38,4,64.1025641025641,16.23931623931624,47.863247863247864,35.8974358974359,32.47863247863248,3.418803418803419
E00047345,110,55,18,37,55,54,1,50,16.363636363636363,33.63636363636363,50,49.09090909090909,0.9090909090909091
E00047346,116,62,21,41,54,53,1,53.44827586206896,18.103448275862068,35.3448275862069,46.55172413793103,45.689655172413794,0.8620689655172413
E00047347,106,35,8,27,71,63,8,33.0188679245283,7.547169811320755,25.471698113207548,66.98113207547169,59.43396226415094,7.547169811320755
E00047348,164,79,13,66,85,79,6,48.170731707317074,7.926829268292683,40.243902439024396,51.829268292682926,48.170731707317074,3.6585365853658534
E00047349,156,78,38,40,78,67,11,50,24.358974358974358,25.64102564102564,50,42.94871794871795,7.051282051282051
E00047350,107,52,9,43,55,51,4,48.598130841121495,8.411214953271028,40.18691588785047,51.4018691588785,47.66355140186916,3.7383177570093453
E00047351,142,83,35,48,59,54,5,58.45070422535211,24.647887323943664,33.80281690140845,41.54929577464789,38.028169014084504,3.5211267605633805
E00047353,143,83,23,60,60,60,0,58.04195804195804,16.083916083916083,41.95804195804196,41.95804195804196,41.95804195804196,0
E00047354,70,36,12,24,34,31,3,51.42857142857142,17.142857142857142,34.285714285714285,48.57142857142857,44.285714285714285,4.285714285714286
E00047355,129,67,24,43,62,55,7,51.93798449612403,18.6046511627907,33.33333333333333,48.06201550387597,42.63565891472868,5.426356589147287
E00047356,120,55,11,44,65,61,4,45.83333333333333,9.166666666666666,36.666666666666664,54.166666666666664,50.83333333333333,3.3333333333333335
E00047357,123,60,22,38,63,51,12,48.78048780487805,17.88617886178862,30.89430894308943,51.21951219512195,41.46341463414634,9.75609756097561
E00047358,139,60,20,40,79,71,8,43.16546762589928,14.388489208633093,28.776978417266186,56.83453237410072,51.07913669064749,5.755395683453238
E00047359,175,67,19,48,108,102,6,38.285714285714285,10.857142857142858,27.42857142857143,61.71428571428571,58.285714285714285,3.428571428571429
E00047360,113,53,15,38,60,54,6,46.902654867256636,13.274336283185843,33.6283185840708,53.09734513274337,47.78761061946903,5.3097345132743365
E00047361,147,73,18,55,74,71,3,49.65986394557823,12.244897959183673,37.41496598639456,50.34013605442177,48.29931972789115,2.0408163265306123
E00047362,111,62,15,47,49,45,4,55.85585585585585,13.513513513513514,42.34234234234234,44.14414414414414,40.54054054054054,3.6036036036036037
E00047363,111,66,30,36,45,37,8,59.45945945945946,27.027027027027028,32.432432432432435,40.54054054054054,33.33333333333333,7.207207207207207
E00047364,114,52,12,40,62,62,0,45.614035087719294,10.526315789473683,35.08771929824561,54.385964912280706,54.385964912280706,0
E00047365,138,72,25,47,66,59,7,52.17391304347826,18.115942028985508,34.05797101449276,47.82608695652174,42.7536231884058,5.072463768115942
E00047366,125,66,20,46,59,54,5,52.800000000000004,16,36.8,47.199999999999996,43.2,4
E00047367,139,64,17,47,75,68,7,46.043165467625904,12.23021582733813,33.81294964028777,53.956834532374096,48.92086330935252,5.0359712230215825
E00047368,113,48,14,34,65,60,5,42.47787610619469,12.389380530973451,30.08849557522124,57.52212389380531,53.09734513274337,4.424778761061947
E00047369,122,65,28,37,57,50,7,53.278688524590166,22.950819672131146,30.327868852459016,46.72131147540984,40.98360655737705,5.737704918032787
E00047370,139,65,21,44,74,70,4,46.76258992805755,15.107913669064748,31.654676258992804,53.23741007194245,50.35971223021583,2.877697841726619
E00047371,131,60,26,34,71,71,0,45.80152671755725,19.84732824427481,25.954198473282442,54.19847328244275,54.19847328244275,0
E00047372,117,55,27,28,62,61,1,47.008547008547005,23.076923076923077,23.931623931623932,52.991452991452995,52.13675213675214,0.8547008547008548
E00047373,54,22,9,13,32,32,0,40.74074074074074,16.666666666666664,24.074074074074073,59.25925925925925,59.25925925925925,0
E00047374,103,42,13,29,61,56,5,40.77669902912621,12.62135922330097,28.155339805825243,59.22330097087378,54.36893203883495,4.854368932038835
E00047375,121,51,19,32,70,63,7,42.14876033057851,15.702479338842975,26.446280991735538,57.85123966942148,52.066115702479344,5.785123966942149
E00047376,144,57,18,39,87,81,6,39.58333333333333,12.5,27.083333333333332,60.416666666666664,56.25,4.166666666666666
E00047377,113,44,17,27,69,60,9,38.93805309734513,15.04424778761062,23.893805309734514,61.06194690265486,53.09734513274337,7.964601769911504
E00047378,119,53,16,37,66,62,4,44.537815126050425,13.445378151260504,31.092436974789916,55.46218487394958,52.10084033613446,3.361344537815126
E00047379,129,50,19,31,79,76,3,38.759689922480625,14.728682170542637,24.031007751937985,61.240310077519375,58.91472868217055,2.3255813953488373
E00047380,135,45,17,28,90,82,8,33.33333333333333,12.592592592592592,20.74074074074074,66.66666666666666,60.74074074074074,5.9259259259259265
E00047381,199,74,27,47,125,116,9,37.185929648241206,13.5678391959799,23.618090452261306,62.8140703517588,58.291457286432156,4.522613065326634
E00047382,200,81,24,57,119,101,18,40.5,12,28.499999999999996,59.5,50.5,9
E00047383,119,44,9,35,75,69,6,36.97478991596639,7.563025210084033,29.411764705882355,63.02521008403361,57.98319327731093,5.042016806722689
E00047384,141,53,19,34,88,83,5,37.5886524822695,13.47517730496454,24.113475177304963,62.4113475177305,58.86524822695035,3.546099290780142
E00047385,120,50,23,27,70,66,4,41.66666666666667,19.166666666666668,22.5,58.333333333333336,55.00000000000001,3.3333333333333335
E00047387,122,61,22,39,61,55,6,50,18.0327868852459,31.967213114754102,50,45.08196721311475,4.918032786885246
E00047388,105,54,17,37,51,42,9,51.42857142857142,16.19047619047619,35.23809523809524,48.57142857142857,40,8.571428571428571
E00047389,214,63,31,32,151,134,17,29.439252336448597,14.485981308411214,14.953271028037381,70.56074766355141,62.616822429906534,7.943925233644859
E00047390,76,43,20,23,33,29,4,56.57894736842105,26.31578947368421,30.263157894736842,43.42105263157895,38.15789473684211,5.263157894736842
E00047391,109,64,28,36,45,45,0,58.71559633027523,25.688073394495415,33.02752293577982,41.284403669724774,41.284403669724774,0
E00047392,158,55,16,39,103,88,15,34.810126582278485,10.126582278481013,24.68354430379747,65.18987341772153,55.69620253164557,9.49367088607595
E00047393,114,48,15,33,66,55,11,42.10526315789473,13.157894736842104,28.947368421052634,57.89473684210527,48.24561403508772,9.649122807017543
E00047394,140,54,15,39,86,80,6,38.57142857142858,10.714285714285714,27.857142857142858,61.42857142857143,57.14285714285714,4.285714285714286
E00047396,133,57,19,38,76,69,7,42.857142857142854,14.285714285714285,28.57142857142857,57.14285714285714,51.8796992481203,5.263157894736842
E00047397,109,35,11,24,74,67,7,32.11009174311927,10.091743119266056,22.018348623853214,67.88990825688074,61.46788990825688,6.422018348623854
E00047398,131,60,16,44,71,63,8,45.80152671755725,12.213740458015266,33.587786259541986,54.19847328244275,48.091603053435115,6.106870229007633
E00047399,131,40,15,25,91,84,7,30.53435114503817,11.450381679389313,19.083969465648856,69.46564885496184,64.12213740458014,5.343511450381679
E00047400,160,67,12,55,93,86,7,41.875,7.5,34.375,58.12500000000001,53.75,4.375
E00047401,134,64,26,38,70,63,7,47.76119402985074,19.402985074626866,28.35820895522388,52.23880597014925,47.01492537313433,5.223880597014925
E00047402,178,73,16,57,105,91,14,41.01123595505618,8.98876404494382,32.02247191011236,58.98876404494382,51.12359550561798,7.865168539325842
E00047403,127,43,19,24,84,74,10,33.85826771653544,14.960629921259844,18.89763779527559,66.14173228346458,58.26771653543307,7.874015748031496
E00047404,103,53,20,33,50,45,5,51.45631067961165,19.41747572815534,32.038834951456316,48.54368932038835,43.689320388349515,4.854368932038835
E00047405,171,64,24,40,107,96,11,37.42690058479532,14.035087719298245,23.391812865497073,62.57309941520468,56.14035087719298,6.432748538011696
E00047406,95,41,14,27,54,46,8,43.15789473684211,14.736842105263156,28.421052631578945,56.84210526315789,48.421052631578945,8.421052631578947
E00047407,133,51,11,40,82,72,10,38.34586466165413,8.270676691729323,30.075187969924812,61.65413533834586,54.13533834586466,7.518796992481203
E00047408,109,47,17,30,62,53,9,43.11926605504588,15.59633027522936,27.522935779816514,56.88073394495413,48.62385321100918,8.256880733944955
E00047409,146,55,17,38,91,81,10,37.67123287671233,11.643835616438356,26.027397260273972,62.328767123287676,55.47945205479452,6.8493150684931505
E00047410,145,57,15,42,88,80,8,39.310344827586206,10.344827586206897,28.965517241379313,60.689655172413794,55.172413793103445,5.517241379310345
E00047411,107,43,16,27,64,58,6,40.18691588785047,14.953271028037381,25.233644859813083,59.813084112149525,54.20560747663551,5.607476635514018
E00047412,95,35,8,27,60,52,8,36.84210526315789,8.421052631578947,28.421052631578945,63.1578947368421,54.736842105263165,8.421052631578947
E00047413,139,52,17,35,87,82,5,37.410071942446045,12.23021582733813,25.179856115107913,62.589928057553955,58.992805755395686,3.5971223021582732
E00047414,149,60,19,41,89,73,16,40.26845637583892,12.751677852348994,27.516778523489933,59.73154362416108,48.99328859060403,10.738255033557047
E00047415,133,49,12,37,84,79,5,36.84210526315789,9.022556390977442,27.819548872180448,63.1578947368421,59.3984962406015,3.7593984962406015
E00047416,124,73,22,51,51,45,6,58.87096774193549,17.741935483870968,41.12903225806452,41.12903225806452,36.29032258064516,4.838709677419355
E00047417,106,34,10,24,72,67,5,32.075471698113205,9.433962264150944,22.641509433962266,67.9245283018868,63.20754716981132,4.716981132075472
E00047418,84,34,6,28,50,46,4,40.476190476190474,7.142857142857142,33.33333333333333,59.523809523809526,54.761904761904766,4.761904761904762
E00047419,156,62,24,38,94,86,8,39.743589743589745,15.384615384615385,24.358974358974358,60.256410256410255,55.12820512820513,5.128205128205128
E00047420,166,66,37,29,100,93,7,39.75903614457831,22.289156626506024,17.46987951807229,60.24096385542169,56.024096385542165,4.216867469879518
E00047421,99,41,10,31,58,53,5,41.41414141414141,10.1010101010101,31.313131313131315,58.58585858585859,53.535353535353536,5.05050505050505
E00047423,155,81,35,46,74,68,6,52.25806451612903,22.58064516129032,29.677419354838708,47.74193548387097,43.87096774193549,3.870967741935484
E00047424,102,37,11,26,65,61,4,36.27450980392157,10.784313725490197,25.49019607843137,63.725490196078425,59.80392156862745,3.9215686274509802
E00047425,146,64,26,38,82,67,15,43.83561643835616,17.80821917808219,26.027397260273972,56.16438356164384,45.89041095890411,10.273972602739725
E00047426,123,54,16,38,69,56,13,43.90243902439025,13.008130081300814,30.89430894308943,56.09756097560976,45.52845528455284,10.569105691056912
E00047427,127,57,14,43,70,65,5,44.881889763779526,11.023622047244094,33.85826771653544,55.118110236220474,51.181102362204726,3.937007874015748
E00047428,133,47,13,34,86,81,5,35.338345864661655,9.774436090225564,25.563909774436087,64.66165413533834,60.902255639097746,3.7593984962406015
E00047429,115,46,14,32,69,61,8,40,12.173913043478262,27.82608695652174,60,53.04347826086957,6.956521739130435
E00047430,115,49,15,34,66,59,7,42.608695652173914,13.043478260869565,29.565217391304348,57.391304347826086,51.30434782608696,6.086956521739131
E00047431,114,46,14,32,68,61,7,40.35087719298245,12.280701754385964,28.07017543859649,59.64912280701754,53.50877192982456,6.140350877192982
E00047433,107,39,8,31,68,64,4,36.44859813084112,7.476635514018691,28.971962616822427,63.55140186915887,59.813084112149525,3.7383177570093453
E00047434,131,52,17,35,79,70,9,39.69465648854962,12.977099236641221,26.717557251908396,60.30534351145038,53.43511450381679,6.870229007633588
E00047435,142,62,21,41,80,75,5,43.66197183098591,14.788732394366196,28.87323943661972,56.33802816901409,52.816901408450704,3.5211267605633805
E00047437,133,45,18,27,88,76,12,33.83458646616541,13.533834586466165,20.30075187969925,66.16541353383458,57.14285714285714,9.022556390977442
E00047438,121,46,16,30,75,69,6,38.01652892561984,13.223140495867769,24.793388429752067,61.98347107438017,57.02479338842975,4.958677685950414
E00047439,122,56,14,42,66,62,4,45.90163934426229,11.475409836065573,34.42622950819672,54.09836065573771,50.81967213114754,3.278688524590164
E00047440,105,37,12,25,68,60,8,35.23809523809524,11.428571428571429,23.809523809523807,64.76190476190476,57.14285714285714,7.6190476190476195
E00047441,96,36,14,22,60,52,8,37.5,14.583333333333334,22.916666666666664,62.5,54.166666666666664,8.333333333333332
E00047442,150,71,29,42,79,72,7,47.333333333333336,19.333333333333332,28.000000000000004,52.666666666666664,48,4.666666666666667
E00047443,120,46,13,33,74,70,4,38.333333333333336,10.833333333333334,27.500000000000004,61.66666666666667,58.333333333333336,3.3333333333333335
E00047444,99,35,11,24,64,60,4,35.35353535353536,11.11111111111111,24.242424242424242,64.64646464646465,60.60606060606061,4.040404040404041
E00047445,179,76,37,39,103,86,17,42.45810055865922,20.670391061452513,21.787709497206702,57.54189944134078,48.04469273743017,9.497206703910614
E00047446,107,54,23,31,53,50,3,50.467289719626166,21.49532710280374,28.971962616822427,49.532710280373834,46.728971962616825,2.803738317757009
E00047447,137,47,23,24,90,84,6,34.306569343065696,16.78832116788321,17.51824817518248,65.69343065693431,61.31386861313869,4.37956204379562
E00047450,148,73,26,47,75,71,4,49.32432432432432,17.56756756756757,31.756756756756754,50.67567567567568,47.97297297297297,2.7027027027027026
E00047451,102,39,12,27,63,59,4,38.23529411764706,11.76470588235294,26.47058823529412,61.76470588235294,57.84313725490197,3.9215686274509802
E00047452,122,60,21,39,62,53,9,49.18032786885246,17.21311475409836,31.967213114754102,50.81967213114754,43.44262295081967,7.377049180327869
E00047453,102,59,15,44,43,42,1,57.84313725490197,14.705882352941178,43.13725490196079,42.15686274509804,41.17647058823529,0.9803921568627451
E00047454,147,68,17,51,79,76,3,46.25850340136054,11.564625850340136,34.69387755102041,53.74149659863946,51.70068027210885,2.0408163265306123
E00047456,85,36,11,25,49,46,3,42.35294117647059,12.941176470588237,29.411764705882355,57.647058823529406,54.11764705882353,3.5294117647058822
E00047457,65,41,14,27,24,22,2,63.07692307692307,21.53846153846154,41.53846153846154,36.92307692307693,33.84615384615385,3.076923076923077
E00047458,107,38,10,28,69,59,10,35.51401869158878,9.345794392523365,26.168224299065418,64.48598130841121,55.140186915887845,9.345794392523365
E00047462,84,30,9,21,54,50,4,35.714285714285715,10.714285714285714,25,64.28571428571429,59.523809523809526,4.761904761904762
E00047464,86,46,16,30,40,33,7,53.48837209302325,18.6046511627907,34.883720930232556,46.51162790697674,38.372093023255815,8.13953488372093
E00047465,123,83,21,62,40,33,7,67.47967479674797,17.073170731707318,50.40650406504065,32.52032520325203,26.82926829268293,5.691056910569105
E00047466,97,54,8,46,43,43,0,55.670103092783506,8.24742268041237,47.42268041237113,44.329896907216494,44.329896907216494,0
E00047467,131,59,18,41,72,65,7,45.038167938931295,13.740458015267176,31.297709923664126,54.961832061068705,49.61832061068702,5.343511450381679
E00047468,93,27,4,23,66,56,10,29.03225806451613,4.301075268817205,24.731182795698924,70.96774193548387,60.215053763440864,10.75268817204301
E00047470,166,74,28,46,92,82,10,44.57831325301205,16.867469879518072,27.710843373493976,55.42168674698795,49.39759036144578,6.024096385542169
E00047471,116,53,23,30,63,60,3,45.689655172413794,19.82758620689655,25.862068965517242,54.310344827586206,51.724137931034484,2.586206896551724
E00047472,106,48,17,31,58,54,4,45.28301886792453,16.037735849056602,29.245283018867923,54.71698113207547,50.943396226415096,3.7735849056603774
E00047473,44,20,6,14,24,24,0,45.45454545454545,13.636363636363635,31.818181818181817,54.54545454545454,54.54545454545454,0
E00047474,91,41,13,28,50,47,3,45.05494505494506,14.285714285714285,30.76923076923077,54.94505494505495,51.64835164835166,3.296703296703297
E00047476,111,54,17,37,57,56,1,48.64864864864865,15.315315315315313,33.33333333333333,51.35135135135135,50.45045045045045,0.9009009009009009
E00047477,109,48,26,22,61,54,7,44.03669724770643,23.853211009174313,20.18348623853211,55.96330275229357,49.54128440366973,6.422018348623854
E00047478,151,70,18,52,81,72,9,46.35761589403973,11.920529801324504,34.437086092715234,53.64238410596026,47.682119205298015,5.960264900662252
E00047479,50,25,6,19,25,24,1,50,12,38,50,48,2
E00047480,126,55,20,35,71,67,4,43.65079365079365,15.873015873015872,27.77777777777778,56.34920634920635,53.17460317460318,3.1746031746031744
E00047481,69,35,17,18,34,31,3,50.72463768115942,24.637681159420293,26.08695652173913,49.275362318840585,44.927536231884055,4.3478260869565215
E00047482,126,51,12,39,75,70,5,40.476190476190474,9.523809523809524,30.952380952380953,59.523809523809526,55.55555555555556,3.968253968253968
E00047483,111,59,11,48,52,49,3,53.153153153153156,9.90990990990991,43.24324324324324,46.846846846846844,44.14414414414414,2.7027027027027026
E00047484,77,47,12,35,30,30,0,61.038961038961034,15.584415584415584,45.45454545454545,38.961038961038966,38.961038961038966,0
E00047485,137,46,14,32,91,83,8,33.57664233576642,10.218978102189782,23.357664233576642,66.42335766423358,60.58394160583942,5.839416058394161
E00047486,59,24,5,19,35,35,0,40.67796610169492,8.47457627118644,32.20338983050847,59.32203389830508,59.32203389830508,0
E00047487,111,55,23,32,56,52,4,49.549549549549546,20.72072072072072,28.82882882882883,50.45045045045045,46.846846846846844,3.6036036036036037
E00047488,136,52,21,31,84,79,5,38.23529411764706,15.441176470588236,22.794117647058822,61.76470588235294,58.08823529411765,3.6764705882352944
E00047489,103,47,14,33,56,52,4,45.63106796116505,13.592233009708737,32.038834951456316,54.36893203883495,50.48543689320388,3.8834951456310676
E00047490,118,67,26,41,51,42,9,56.779661016949156,22.033898305084744,34.74576271186441,43.22033898305085,35.59322033898305,7.627118644067797
E00047491,60,32,14,18,28,22,6,53.333333333333336,23.333333333333332,30,46.666666666666664,36.666666666666664,10
E00047492,67,31,9,22,36,35,1,46.26865671641791,13.432835820895523,32.83582089552239,53.73134328358209,52.23880597014925,1.4925373134328357
E00047493,142,69,29,40,73,72,1,48.59154929577465,20.422535211267608,28.169014084507044,51.40845070422535,50.70422535211267,0.7042253521126761
E00047494,137,56,18,38,81,76,5,40.87591240875913,13.138686131386862,27.73722627737226,59.12408759124088,55.47445255474452,3.64963503649635
E00047495,100,47,25,22,53,52,1,47,25,22,53,52,1
E00047496,87,47,14,33,40,40,0,54.02298850574713,16.091954022988507,37.93103448275862,45.97701149425287,45.97701149425287,0
E00047497,102,37,7,30,65,52,13,36.27450980392157,6.862745098039216,29.411764705882355,63.725490196078425,50.98039215686274,12.745098039215685
E00047498,104,54,16,38,50,43,7,51.92307692307693,15.384615384615385,36.53846153846153,48.07692307692308,41.34615384615385,6.730769230769231
E00047499,162,83,21,62,79,74,5,51.23456790123457,12.962962962962962,38.2716049382716,48.76543209876543,45.67901234567901,3.0864197530864197
E00047500,91,43,9,34,48,42,6,47.25274725274725,9.89010989010989,37.362637362637365,52.74725274725275,46.15384615384615,6.593406593406594
E00047501,93,37,13,24,56,52,4,39.784946236559136,13.978494623655912,25.806451612903224,60.215053763440864,55.91397849462365,4.301075268817205
E00047502,132,62,25,37,70,66,4,46.96969696969697,18.939393939393938,28.030303030303028,53.03030303030303,50,3.0303030303030303
E00047503,102,51,13,38,51,47,4,50,12.745098039215685,37.254901960784316,50,46.07843137254902,3.9215686274509802
E00047504,125,52,16,36,73,68,5,41.6,12.8,28.799999999999997,58.4,54.400000000000006,4
E00047505,134,61,16,45,73,73,0,45.52238805970149,11.940298507462686,33.582089552238806,54.47761194029851,54.47761194029851,0
E00047506,106,47,18,29,59,53,6,44.339622641509436,16.9811320754717,27.358490566037734,55.660377358490564,50,5.660377358490567
E00047507,120,52,18,34,68,58,10,43.333333333333336,15,28.333333333333332,56.666666666666664,48.333333333333336,8.333333333333332
E00047508,106,41,9,32,65,65,0,38.67924528301887,8.49056603773585,30.18867924528302,61.32075471698113,61.32075471698113,0
E00047509,106,51,15,36,55,53,2,48.113207547169814,14.150943396226415,33.9622641509434,51.886792452830186,50,1.8867924528301887
E00047510,96,36,10,26,60,55,5,37.5,10.416666666666668,27.083333333333332,62.5,57.291666666666664,5.208333333333334
E00047511,103,60,17,43,43,43,0,58.252427184466015,16.50485436893204,41.74757281553398,41.74757281553398,41.74757281553398,0
E00047512,115,53,19,34,62,58,4,46.08695652173913,16.52173913043478,29.565217391304348,53.91304347826087,50.43478260869565,3.4782608695652173
E00047513,49,20,9,11,29,29,0,40.816326530612244,18.367346938775512,22.448979591836736,59.183673469387756,59.183673469387756,0
E00047514,112,54,21,33,58,58,0,48.214285714285715,18.75,29.464285714285715,51.78571428571429,51.78571428571429,0
E00047515,151,54,15,39,97,89,8,35.76158940397351,9.933774834437086,25.82781456953642,64.23841059602648,58.94039735099338,5.298013245033113
E00047516,92,48,18,30,44,41,3,52.17391304347826,19.565217391304348,32.608695652173914,47.82608695652174,44.565217391304344,3.260869565217391
E00047517,86,39,9,30,47,43,4,45.348837209302324,10.465116279069768,34.883720930232556,54.65116279069767,50,4.651162790697675
E00047518,110,52,17,35,58,50,8,47.27272727272727,15.454545454545453,31.818181818181817,52.72727272727272,45.45454545454545,7.2727272727272725
E00047519,75,43,19,24,32,29,3,57.333333333333336,25.333333333333336,32,42.66666666666667,38.666666666666664,4
E00047520,137,69,25,44,68,64,4,50.36496350364964,18.248175182481752,32.11678832116788,49.63503649635037,46.715328467153284,2.9197080291970803
E00047521,108,49,13,36,59,52,7,45.370370370370374,12.037037037037036,33.33333333333333,54.629629629629626,48.148148148148145,6.481481481481481
E00047522,71,34,9,25,37,32,5,47.88732394366197,12.676056338028168,35.2112676056338,52.112676056338024,45.07042253521127,7.042253521126761
E00047523,90,47,9,38,43,40,3,52.22222222222223,10,42.22222222222222,47.77777777777778,44.44444444444444,3.3333333333333335
E00047524,109,51,15,36,58,55,3,46.788990825688074,13.761467889908257,33.02752293577982,53.21100917431193,50.45871559633027,2.7522935779816518
E00047525,111,56,20,36,55,47,8,50.45045045045045,18.01801801801802,32.432432432432435,49.549549549549546,42.34234234234234,7.207207207207207
E00047526,96,43,13,30,53,46,7,44.79166666666667,13.541666666666666,31.25,55.208333333333336,47.91666666666667,7.291666666666667
E00047527,68,34,14,20,34,33,1,50,20.588235294117645,29.411764705882355,50,48.529411764705884,1.4705882352941175
E00047528,125,61,14,47,64,64,0,48.8,11.200000000000001,37.6,51.2,51.2,0
E00047529,120,69,13,56,51,48,3,57.49999999999999,10.833333333333334,46.666666666666664,42.5,40,2.5
E00047530,74,31,12,19,43,36,7,41.891891891891895,16.216216216216218,25.675675675675674,58.108108108108105,48.64864864864865,9.45945945945946
E00047531,134,21,10,11,113,102,11,15.671641791044777,7.462686567164178,8.208955223880597,84.32835820895522,76.11940298507463,8.208955223880597
E00047532,183,59,23,36,124,93,31,32.240437158469945,12.568306010928962,19.672131147540984,67.75956284153006,50.81967213114754,16.939890710382514
E00047533,114,51,15,36,63,55,8,44.73684210526316,13.157894736842104,31.57894736842105,55.26315789473685,48.24561403508772,7.017543859649122
E00047534,163,83,23,60,80,73,7,50.920245398773,14.11042944785276,36.809815950920246,49.079754601226995,44.785276073619634,4.294478527607362
E00047535,115,44,14,30,71,69,2,38.26086956521739,12.173913043478262,26.08695652173913,61.73913043478261,60,1.7391304347826086
E00047536,168,59,26,33,109,89,20,35.11904761904761,15.476190476190476,19.642857142857142,64.88095238095238,52.976190476190474,11.904761904761903
E00047537,138,61,20,41,77,76,1,44.20289855072464,14.492753623188406,29.71014492753623,55.79710144927537,55.072463768115945,0.7246376811594203
E00047538,146,39,12,27,107,76,31,26.71232876712329,8.21917808219178,18.493150684931507,73.28767123287672,52.054794520547944,21.232876712328768
E00047539,113,50,13,37,63,53,10,44.24778761061947,11.504424778761061,32.743362831858406,55.75221238938053,46.902654867256636,8.849557522123893
E00047540,144,57,17,40,87,77,10,39.58333333333333,11.805555555555555,27.77777777777778,60.416666666666664,53.47222222222222,6.944444444444445
E00047541,144,53,15,38,91,84,7,36.80555555555556,10.416666666666668,26.38888888888889,63.19444444444444,58.333333333333336,4.861111111111112
E00047542,156,66,23,43,90,79,11,42.30769230769231,14.743589743589745,27.564102564102566,57.692307692307686,50.641025641025635,7.051282051282051
E00047543,101,44,9,35,57,54,3,43.56435643564357,8.91089108910891,34.65346534653465,56.43564356435643,53.46534653465347,2.9702970297029703
E00047544,189,81,35,46,108,96,12,42.857142857142854,18.51851851851852,24.33862433862434,57.14285714285714,50.79365079365079,6.349206349206349
E00047546,240,53,23,30,187,163,24,22.083333333333332,9.583333333333334,12.5,77.91666666666667,67.91666666666667,10
E00047547,144,50,9,41,94,86,8,34.72222222222222,6.25,28.47222222222222,65.27777777777779,59.72222222222222,5.555555555555555
E00047548,126,71,16,55,55,50,5,56.34920634920635,12.698412698412698,43.65079365079365,43.65079365079365,39.682539682539684,3.968253968253968
E00047549,126,25,9,16,101,85,16,19.841269841269842,7.142857142857142,12.698412698412698,80.15873015873017,67.46031746031747,12.698412698412698
E00047550,170,68,22,46,102,93,9,40,12.941176470588237,27.058823529411764,60,54.70588235294118,5.294117647058823
E00047551,112,36,19,17,76,67,9,32.142857142857146,16.964285714285715,15.178571428571427,67.85714285714286,59.82142857142857,8.035714285714286
E00047552,126,50,20,30,76,68,8,39.682539682539684,15.873015873015872,23.809523809523807,60.317460317460316,53.96825396825397,6.349206349206349
E00047553,139,54,16,38,85,85,0,38.84892086330935,11.510791366906476,27.33812949640288,61.15107913669065,61.15107913669065,0
E00047554,108,35,8,27,73,68,5,32.407407407407405,7.4074074074074066,25,67.5925925925926,62.96296296296296,4.62962962962963
E00047555,109,46,15,31,63,59,4,42.201834862385326,13.761467889908257,28.440366972477065,57.798165137614674,54.12844036697248,3.669724770642202
E00047556,103,53,14,39,50,50,0,51.45631067961165,13.592233009708737,37.86407766990291,48.54368932038835,48.54368932038835,0
E00047557,134,60,11,49,74,67,7,44.776119402985074,8.208955223880597,36.56716417910448,55.223880597014926,50,5.223880597014925
E00047558,115,57,21,36,58,51,7,49.56521739130435,18.26086956521739,31.30434782608696,50.43478260869565,44.34782608695652,6.086956521739131
E00047559,115,69,14,55,46,46,0,60,12.173913043478262,47.82608695652174,40,40,0
E00047560,106,41,15,26,65,63,2,38.67924528301887,14.150943396226415,24.528301886792452,61.32075471698113,59.43396226415094,1.8867924528301887
E00047561,82,49,16,33,33,31,2,59.756097560975604,19.51219512195122,40.243902439024396,40.243902439024396,37.80487804878049,2.4390243902439024
E00047562,119,56,21,35,63,60,3,47.05882352941176,17.647058823529413,29.411764705882355,52.94117647058824,50.42016806722689,2.5210084033613445
E00047563,126,58,15,43,68,63,5,46.03174603174603,11.904761904761903,34.12698412698413,53.96825396825397,50,3.968253968253968
E00047564,88,41,11,30,47,43,4,46.590909090909086,12.5,34.090909090909086,53.40909090909091,48.86363636363637,4.545454545454546
E00047565,133,65,22,43,68,66,2,48.87218045112782,16.541353383458645,32.33082706766917,51.127819548872175,49.62406015037594,1.5037593984962405
E00047566,127,55,13,42,72,69,3,43.30708661417323,10.236220472440944,33.07086614173229,56.69291338582677,54.330708661417326,2.3622047244094486
E00047567,97,40,14,26,57,53,4,41.23711340206185,14.432989690721648,26.804123711340207,58.76288659793815,54.63917525773196,4.123711340206185
E00047568,119,42,19,23,77,66,11,35.294117647058826,15.966386554621847,19.327731092436977,64.70588235294117,55.46218487394958,9.243697478991598
E00047569,183,73,31,42,110,102,8,39.89071038251366,16.939890710382514,22.950819672131146,60.10928961748634,55.73770491803278,4.371584699453552
E00047570,172,79,21,58,93,84,9,45.93023255813954,12.209302325581394,33.72093023255814,54.06976744186046,48.837209302325576,5.232558139534884
E00047571,92,40,10,30,52,47,5,43.47826086956522,10.869565217391305,32.608695652173914,56.52173913043478,51.08695652173913,5.434782608695652
E00047573,130,63,22,41,67,61,6,48.46153846153846,16.923076923076923,31.538461538461537,51.53846153846153,46.92307692307692,4.615384615384616
E00047574,167,52,18,34,115,103,12,31.137724550898206,10.778443113772456,20.359281437125748,68.8622754491018,61.67664670658682,7.18562874251497
E00047575,155,53,14,39,102,86,16,34.193548387096776,9.032258064516128,25.161290322580644,65.80645161290323,55.483870967741936,10.32258064516129
E00047576,165,67,21,46,98,90,8,40.60606060606061,12.727272727272727,27.878787878787882,59.3939393939394,54.54545454545454,4.848484848484849
E00047577,131,26,12,14,105,99,6,19.84732824427481,9.16030534351145,10.687022900763358,80.1526717557252,75.57251908396947,4.580152671755725
E00047578,100,42,8,34,58,52,6,42,8,34,57.99999999999999,52,6
E00047579,164,79,26,53,85,82,3,48.170731707317074,15.853658536585366,32.31707317073171,51.829268292682926,50,1.8292682926829267
E00047580,181,64,27,37,117,109,8,35.35911602209944,14.917127071823206,20.441988950276244,64.64088397790056,60.22099447513812,4.41988950276243
E00047581,121,59,21,38,62,57,5,48.760330578512395,17.355371900826448,31.40495867768595,51.2396694214876,47.107438016528924,4.132231404958678
E00047582,140,69,22,47,71,70,1,49.28571428571429,15.714285714285714,33.57142857142857,50.71428571428571,50,0.7142857142857143
E00047583,118,26,10,16,92,80,12,22.033898305084744,8.47457627118644,13.559322033898304,77.96610169491525,67.79661016949152,10.16949152542373
E00047584,88,52,19,33,36,36,0,59.09090909090909,21.59090909090909,37.5,40.909090909090914,40.909090909090914,0
E00047586,106,40,12,28,66,64,2,37.735849056603776,11.320754716981133,26.41509433962264,62.264150943396224,60.37735849056604,1.8867924528301887
E00047587,99,37,11,26,62,56,6,37.37373737373738,11.11111111111111,26.262626262626267,62.62626262626263,56.56565656565656,6.0606060606060606
E00047588,145,44,17,27,101,82,19,30.344827586206897,11.724137931034482,18.620689655172416,69.6551724137931,56.55172413793104,13.10344827586207
E00047589,112,32,16,16,80,64,16,28.57142857142857,14.285714285714285,14.285714285714285,71.42857142857143,57.14285714285714,14.285714285714285
E00047590,139,46,14,32,93,84,9,33.093525179856115,10.071942446043165,23.021582733812952,66.90647482014388,60.431654676258994,6.474820143884892
E00047591,135,39,14,25,96,79,17,28.888888888888886,10.37037037037037,18.51851851851852,71.11111111111111,58.51851851851851,12.592592592592592
E00047592,148,82,34,48,66,61,5,55.4054054054054,22.972972972972975,32.432432432432435,44.5945945945946,41.21621621621622,3.3783783783783785
E00047593,90,50,13,37,40,38,2,55.55555555555556,14.444444444444443,41.11111111111111,44.44444444444444,42.22222222222222,2.2222222222222223
E00047594,93,49,14,35,44,44,0,52.68817204301075,15.053763440860216,37.634408602150536,47.31182795698925,47.31182795698925,0
E00047595,143,48,22,26,95,84,11,33.56643356643357,15.384615384615385,18.181818181818183,66.43356643356644,58.74125874125874,7.6923076923076925
E00047596,126,47,21,26,79,71,8,37.301587301587304,16.666666666666664,20.634920634920633,62.698412698412696,56.34920634920635,6.349206349206349
E00047597,171,64,14,50,107,97,10,37.42690058479532,8.187134502923977,29.239766081871345,62.57309941520468,56.72514619883041,5.847953216374268
E00047598,176,40,19,21,136,115,21,22.727272727272727,10.795454545454545,11.931818181818182,77.27272727272727,65.3409090909091,11.931818181818182
E00047599,181,52,8,44,129,120,9,28.7292817679558,4.41988950276243,24.30939226519337,71.27071823204419,66.29834254143645,4.972375690607735
E00047600,120,42,19,23,78,76,2,35,15.833333333333332,19.166666666666668,65,63.33333333333333,1.6666666666666667
E00047601,131,36,10,26,95,88,7,27.480916030534353,7.633587786259542,19.84732824427481,72.51908396946564,67.17557251908397,5.343511450381679
E00047602,164,42,15,27,122,108,14,25.609756097560975,9.146341463414634,16.463414634146343,74.39024390243902,65.85365853658537,8.536585365853659
E00047603,162,49,14,35,113,103,10,30.246913580246915,8.641975308641975,21.604938271604937,69.75308641975309,63.580246913580254,6.172839506172839
E00047604,129,42,8,34,87,81,6,32.55813953488372,6.2015503875969,26.356589147286826,67.44186046511628,62.7906976744186,4.651162790697675
E00047605,183,46,13,33,137,117,20,25.136612021857925,7.103825136612022,18.0327868852459,74.86338797814209,63.934426229508205,10.92896174863388
E00047606,146,54,14,40,92,85,7,36.986301369863014,9.58904109589041,27.397260273972602,63.013698630136986,58.21917808219178,4.794520547945205
E00047607,171,65,13,52,106,99,7,38.01169590643275,7.602339181286549,30.409356725146196,61.98830409356725,57.89473684210527,4.093567251461988
E00047608,107,33,11,22,74,65,9,30.8411214953271,10.2803738317757,20.5607476635514,69.1588785046729,60.747663551401864,8.411214953271028
E00047609,110,38,10,28,72,67,5,34.54545454545455,9.090909090909092,25.454545454545453,65.45454545454545,60.909090909090914,4.545454545454546
E00047610,149,45,16,29,104,91,13,30.201342281879196,10.738255033557047,19.463087248322147,69.79865771812081,61.07382550335571,8.724832214765101
E00047611,190,43,16,27,147,127,20,22.63157894736842,8.421052631578947,14.210526315789473,77.36842105263158,66.84210526315789,10.526315789473683
E00047612,194,43,14,29,151,134,17,22.164948453608247,7.216494845360824,14.948453608247423,77.83505154639175,69.0721649484536,8.762886597938143
E00047614,104,31,6,25,73,64,9,29.807692307692307,5.769230769230769,24.03846153846154,70.1923076923077,61.53846153846154,8.653846153846153
E00047616,93,35,13,22,58,51,7,37.634408602150536,13.978494623655912,23.655913978494624,62.365591397849464,54.83870967741935,7.526881720430108
E00047617,112,44,16,28,68,62,6,39.285714285714285,14.285714285714285,25,60.71428571428571,55.35714285714286,5.357142857142857
E00047618,106,38,16,22,68,58,10,35.84905660377358,15.09433962264151,20.754716981132077,64.15094339622641,54.71698113207547,9.433962264150944
E00047619,182,47,25,22,135,127,8,25.82417582417583,13.736263736263737,12.087912087912088,74.17582417582418,69.78021978021978,4.395604395604396
E00047620,125,36,11,25,89,81,8,28.799999999999997,8.799999999999999,20,71.2,64.8,6.4
E00047621,87,34,7,27,53,45,8,39.08045977011494,8.045977011494253,31.03448275862069,60.91954022988506,51.724137931034484,9.195402298850574
E00047622,142,35,9,26,107,96,11,24.647887323943664,6.338028169014084,18.30985915492958,75.35211267605634,67.6056338028169,7.746478873239436
E00047623,40,21,8,13,19,16,3,52.5,20,32.5,47.5,40,7.5
E00047624,147,38,16,22,109,99,10,25.850340136054424,10.884353741496598,14.965986394557824,74.14965986394559,67.3469387755102,6.802721088435375
E00047625,173,57,25,32,116,105,11,32.947976878612714,14.450867052023122,18.497109826589593,67.05202312138728,60.69364161849711,6.358381502890173
E00047626,148,28,10,18,120,114,6,18.91891891891892,6.756756756756757,12.162162162162163,81.08108108108108,77.02702702702703,4.054054054054054
E00047627,160,47,14,33,113,95,18,29.375,8.75,20.625,70.625,59.375,11.25
E00047628,124,31,7,24,93,85,8,25,5.64516129032258,19.35483870967742,75,68.54838709677419,6.451612903225806
E00047629,125,41,12,29,84,80,4,32.800000000000004,9.6,23.200000000000003,67.2,64,3.2
E00047630,193,49,13,36,144,132,12,25.38860103626943,6.7357512953367875,18.65284974093264,74.61139896373057,68.39378238341969,6.217616580310881
E00047631,263,80,24,56,183,163,20,30.418250950570343,9.125475285171103,21.292775665399237,69.58174904942965,61.97718631178707,7.604562737642586
E00047632,171,58,21,37,113,101,12,33.91812865497076,12.280701754385964,21.637426900584796,66.08187134502924,59.06432748538012,7.017543859649122
E00047633,157,45,15,30,112,99,13,28.662420382165603,9.554140127388536,19.10828025477707,71.3375796178344,63.05732484076433,8.280254777070063
E00047634,167,44,16,28,123,111,12,26.34730538922156,9.580838323353294,16.766467065868262,73.65269461077844,66.46706586826348,7.18562874251497
E00047635,102,25,13,12,77,68,9,24.509803921568626,12.745098039215685,11.76470588235294,75.49019607843137,66.66666666666666,8.823529411764707
E00047636,147,31,7,24,116,107,9,21.08843537414966,4.761904761904762,16.3265306122449,78.91156462585033,72.78911564625851,6.122448979591836
E00047637,153,65,28,37,88,79,9,42.48366013071895,18.30065359477124,24.183006535947712,57.51633986928104,51.633986928104584,5.88235294117647
E00047639,136,37,15,22,99,88,11,27.205882352941174,11.029411764705882,16.176470588235293,72.79411764705883,64.70588235294117,8.088235294117647
E00047640,101,28,11,17,73,66,7,27.722772277227726,10.891089108910892,16.831683168316832,72.27722772277228,65.34653465346535,6.9306930693069315
E00047641,150,59,19,40,91,76,15,39.33333333333333,12.666666666666668,26.666666666666668,60.66666666666667,50.66666666666667,10
E00047642,76,24,11,13,52,46,6,31.57894736842105,14.473684210526317,17.105263157894736,68.42105263157895,60.526315789473685,7.894736842105263
E00047643,118,32,12,20,86,79,7,27.11864406779661,10.16949152542373,16.94915254237288,72.88135593220339,66.94915254237289,5.932203389830509
E00047644,136,39,15,24,97,88,9,28.676470588235293,11.029411764705882,17.647058823529413,71.32352941176471,64.70588235294117,6.61764705882353
E00047645,157,58,20,38,99,91,8,36.94267515923567,12.738853503184714,24.203821656050955,63.05732484076433,57.961783439490446,5.095541401273886
E00047646,117,43,12,31,74,67,7,36.75213675213676,10.256410256410255,26.495726495726498,63.24786324786324,57.26495726495726,5.982905982905983
E00047647,130,37,9,28,93,79,14,28.46153846153846,6.923076923076923,21.53846153846154,71.53846153846153,60.76923076923077,10.76923076923077
E00047648,134,49,15,34,85,73,12,36.56716417910448,11.194029850746269,25.37313432835821,63.43283582089553,54.47761194029851,8.955223880597014
E00047649,160,52,17,35,108,92,16,32.5,10.625,21.875,67.5,57.49999999999999,10
E00047650,141,50,14,36,91,85,6,35.46099290780142,9.929078014184398,25.53191489361702,64.53900709219859,60.28368794326241,4.25531914893617
E00047651,107,37,19,18,70,57,13,34.57943925233645,17.75700934579439,16.822429906542055,65.42056074766354,53.271028037383175,12.149532710280374
E00047652,113,35,6,29,78,65,13,30.973451327433626,5.3097345132743365,25.663716814159294,69.02654867256636,57.52212389380531,11.504424778761061
E00047653,162,77,22,55,85,76,9,47.53086419753087,13.580246913580247,33.95061728395062,52.46913580246913,46.913580246913575,5.555555555555555
E00047654,106,33,9,24,73,60,13,31.132075471698112,8.49056603773585,22.641509433962266,68.86792452830188,56.60377358490566,12.264150943396226
E00047655,136,45,17,28,91,84,7,33.088235294117645,12.5,20.588235294117645,66.91176470588235,61.76470588235294,5.147058823529411
E00047656,126,44,16,28,82,71,11,34.92063492063492,12.698412698412698,22.22222222222222,65.07936507936508,56.34920634920635,8.73015873015873
E00047657,71,21,7,14,50,44,6,29.577464788732392,9.859154929577464,19.718309859154928,70.4225352112676,61.97183098591549,8.450704225352112
E00047658,135,45,7,38,90,78,12,33.33333333333333,5.185185185185185,28.14814814814815,66.66666666666666,57.77777777777777,8.88888888888889
E00047659,112,41,12,29,71,60,11,36.607142857142854,10.714285714285714,25.892857142857146,63.39285714285714,53.57142857142857,9.821428571428571
E00047660,145,62,17,45,83,73,10,42.758620689655174,11.724137931034482,31.03448275862069,57.24137931034483,50.3448275862069,6.896551724137931
E00047661,155,54,19,35,101,90,11,34.83870967741935,12.258064516129032,22.58064516129032,65.16129032258064,58.06451612903226,7.096774193548387
E00047662,111,32,10,22,79,72,7,28.82882882882883,9.00900900900901,19.81981981981982,71.17117117117117,64.86486486486487,6.306306306306306
E00047663,145,44,6,38,101,97,4,30.344827586206897,4.137931034482759,26.20689655172414,69.6551724137931,66.89655172413794,2.7586206896551726
E00047664,147,36,7,29,111,102,9,24.489795918367346,4.761904761904762,19.727891156462583,75.51020408163265,69.38775510204081,6.122448979591836
E00047665,117,38,10,28,79,79,0,32.47863247863248,8.547008547008547,23.931623931623932,67.52136752136752,67.52136752136752,0
E00047666,126,38,8,30,88,79,9,30.158730158730158,6.349206349206349,23.809523809523807,69.84126984126983,62.698412698412696,7.142857142857142
E00047667,116,42,10,32,74,70,4,36.206896551724135,8.620689655172415,27.586206896551722,63.793103448275865,60.3448275862069,3.4482758620689653
E00047668,121,38,8,30,83,71,12,31.40495867768595,6.6115702479338845,24.793388429752067,68.59504132231406,58.67768595041323,9.917355371900827
E00047669,151,52,15,37,99,90,9,34.437086092715234,9.933774834437086,24.503311258278146,65.56291390728477,59.60264900662252,5.960264900662252
E00047670,121,31,11,20,90,78,12,25.6198347107438,9.090909090909092,16.528925619834713,74.3801652892562,64.46280991735537,9.917355371900827
E00047671,119,36,12,24,83,73,10,30.252100840336134,10.084033613445378,20.168067226890756,69.74789915966386,61.34453781512605,8.403361344537815
E00047672,132,41,18,23,91,87,4,31.060606060606062,13.636363636363635,17.424242424242426,68.93939393939394,65.9090909090909,3.0303030303030303
E00047673,178,51,21,30,127,112,15,28.651685393258425,11.797752808988763,16.853932584269664,71.34831460674157,62.92134831460674,8.426966292134832
E00047674,140,37,13,24,103,99,4,26.42857142857143,9.285714285714286,17.142857142857142,73.57142857142858,70.71428571428572,2.857142857142857
E00047675,136,41,6,35,95,80,15,30.14705882352941,4.411764705882353,25.735294117647058,69.85294117647058,58.82352941176471,11.029411764705882
E00047676,179,38,8,30,141,121,20,21.22905027932961,4.4692737430167595,16.75977653631285,78.77094972067039,67.59776536312849,11.1731843575419
E00047677,114,36,10,26,78,70,8,31.57894736842105,8.771929824561402,22.807017543859647,68.42105263157895,61.40350877192983,7.017543859649122
E00047678,132,37,14,23,95,79,16,28.030303030303028,10.606060606060606,17.424242424242426,71.96969696969697,59.84848484848485,12.121212121212121
E00047679,141,35,18,17,106,86,20,24.822695035460992,12.76595744680851,12.056737588652481,75.177304964539,60.99290780141844,14.184397163120568
E00047680,170,47,15,32,123,109,14,27.647058823529413,8.823529411764707,18.823529411764707,72.35294117647058,64.11764705882354,8.235294117647058
E00047681,180,52,23,29,128,105,23,28.888888888888886,12.777777777777777,16.11111111111111,71.11111111111111,58.333333333333336,12.777777777777777
E00047682,221,55,23,32,166,125,41,24.8868778280543,10.407239819004525,14.479638009049776,75.1131221719457,56.56108597285068,18.552036199095024
E00047683,104,26,14,12,78,66,12,25,13.461538461538462,11.538461538461538,75,63.46153846153846,11.538461538461538
E00047684,167,48,15,33,119,86,33,28.74251497005988,8.982035928143713,19.760479041916167,71.25748502994011,51.49700598802395,19.760479041916167
E00047685,136,40,18,22,96,77,19,29.411764705882355,13.23529411764706,16.176470588235293,70.58823529411765,56.61764705882353,13.970588235294118
E00047686,154,50,18,32,104,91,13,32.467532467532465,11.688311688311687,20.77922077922078,67.53246753246754,59.09090909090909,8.441558441558442
E00047687,184,48,13,35,136,106,30,26.08695652173913,7.065217391304348,19.021739130434785,73.91304347826086,57.608695652173914,16.304347826086957
E00047688,183,44,19,25,139,100,39,24.043715846994534,10.382513661202186,13.661202185792352,75.95628415300546,54.644808743169406,21.311475409836063
E00047689,143,61,18,43,82,71,11,42.65734265734265,12.587412587412588,30.069930069930066,57.34265734265735,49.65034965034965,7.6923076923076925
E00047690,116,27,13,14,89,70,19,23.275862068965516,11.206896551724139,12.068965517241379,76.72413793103449,60.3448275862069,16.379310344827587
E00047691,173,50,23,27,123,92,31,28.901734104046245,13.294797687861271,15.606936416184972,71.09826589595376,53.179190751445084,17.91907514450867
E00047692,141,51,24,27,90,76,14,36.17021276595745,17.02127659574468,19.148936170212767,63.829787234042556,53.90070921985816,9.929078014184398
E00047693,73,20,8,12,53,35,18,27.397260273972602,10.95890410958904,16.43835616438356,72.6027397260274,47.94520547945205,24.65753424657534
E00047694,168,46,14,32,122,104,18,27.380952380952383,8.333333333333332,19.047619047619047,72.61904761904762,61.904761904761905,10.714285714285714
E00047695,148,46,21,25,102,85,17,31.08108108108108,14.18918918918919,16.89189189189189,68.91891891891892,57.432432432432435,11.486486486486488
E00047696,154,48,14,34,106,80,26,31.16883116883117,9.090909090909092,22.07792207792208,68.83116883116884,51.94805194805194,16.883116883116884
E00047697,103,29,8,21,74,64,10,28.155339805825243,7.766990291262135,20.388349514563107,71.84466019417476,62.13592233009708,9.70873786407767
E00047698,166,47,12,35,119,94,25,28.313253012048197,7.228915662650602,21.084337349397593,71.6867469879518,56.62650602409639,15.060240963855422
E00047700,179,42,11,31,137,124,13,23.463687150837988,6.145251396648044,17.318435754189945,76.53631284916202,69.27374301675978,7.262569832402235
E00047701,90,26,7,19,64,55,9,28.888888888888886,7.777777777777778,21.11111111111111,71.11111111111111,61.111111111111114,10
E00047702,126,43,13,30,83,60,23,34.12698412698413,10.317460317460316,23.809523809523807,65.87301587301587,47.61904761904761,18.253968253968253
E00047703,171,43,13,30,128,111,17,25.146198830409354,7.602339181286549,17.543859649122805,74.85380116959064,64.91228070175438,9.941520467836257
E00047704,133,39,11,28,94,86,8,29.32330827067669,8.270676691729323,21.052631578947366,70.67669172932331,64.66165413533834,6.015037593984962
E00047705,179,47,20,27,132,120,12,26.256983240223462,11.1731843575419,15.083798882681565,73.74301675977654,67.0391061452514,6.70391061452514
E00047706,187,59,28,31,128,108,20,31.550802139037433,14.973262032085561,16.577540106951872,68.44919786096256,57.75401069518716,10.695187165775401
E00047707,106,35,14,21,71,64,7,33.0188679245283,13.20754716981132,19.81132075471698,66.98113207547169,60.37735849056604,6.60377358490566
E00047708,38,12,3,9,26,24,2,31.57894736842105,7.894736842105263,23.684210526315788,68.42105263157895,63.1578947368421,5.263157894736842
E00047709,127,39,15,24,88,68,20,30.708661417322837,11.811023622047244,18.89763779527559,69.29133858267717,53.54330708661418,15.748031496062993
E00047710,96,27,10,17,69,58,11,28.125,10.416666666666668,17.708333333333336,71.875,60.416666666666664,11.458333333333332
E00047711,184,50,12,38,134,115,19,27.173913043478258,6.521739130434782,20.652173913043477,72.82608695652173,62.5,10.326086956521738
E00047712,105,36,13,23,69,57,12,34.285714285714285,12.380952380952381,21.904761904761905,65.71428571428571,54.285714285714285,11.428571428571429
E00047713,155,45,16,29,110,79,31,29.03225806451613,10.32258064516129,18.70967741935484,70.96774193548387,50.967741935483865,20
E00047714,79,21,7,14,58,47,11,26.582278481012654,8.860759493670885,17.72151898734177,73.41772151898735,59.49367088607595,13.924050632911392
E00047715,145,37,17,20,108,94,14,25.517241379310345,11.724137931034482,13.793103448275861,74.48275862068967,64.82758620689654,9.655172413793103
E00047716,111,25,7,18,86,76,10,22.52252252252252,6.306306306306306,16.216216216216218,77.47747747747748,68.46846846846847,9.00900900900901
E00047717,172,63,33,30,109,82,27,36.627906976744185,19.186046511627907,17.441860465116278,63.372093023255815,47.674418604651166,15.69767441860465
E00047718,212,45,12,33,167,136,31,21.22641509433962,5.660377358490567,15.566037735849056,78.77358490566037,64.15094339622641,14.622641509433961
E00047719,103,36,15,21,67,57,10,34.95145631067961,14.563106796116504,20.388349514563107,65.0485436893204,55.33980582524271,9.70873786407767
E00047720,146,46,13,33,100,80,20,31.506849315068493,8.904109589041095,22.602739726027394,68.4931506849315,54.794520547945204,13.698630136986301
E00047721,162,52,16,36,110,98,12,32.098765432098766,9.876543209876543,22.22222222222222,67.90123456790124,60.49382716049383,7.4074074074074066
E00047722,77,19,4,15,58,53,5,24.675324675324674,5.194805194805195,19.480519480519483,75.32467532467533,68.83116883116884,6.493506493506493
E00047723,161,37,14,23,124,99,25,22.981366459627328,8.695652173913043,14.285714285714285,77.01863354037268,61.49068322981367,15.527950310559005
E00047724,142,40,15,25,102,84,18,28.169014084507044,10.56338028169014,17.6056338028169,71.83098591549296,59.154929577464785,12.676056338028168
E00047725,141,49,25,24,92,77,15,34.751773049645394,17.73049645390071,17.02127659574468,65.24822695035462,54.60992907801418,10.638297872340425
E00047726,112,32,9,23,80,60,20,28.57142857142857,8.035714285714286,20.535714285714285,71.42857142857143,53.57142857142857,17.857142857142858
E00047727,129,40,18,22,89,72,17,31.007751937984494,13.953488372093023,17.05426356589147,68.9922480620155,55.81395348837209,13.178294573643413
E00047728,191,52,17,35,139,106,33,27.225130890052355,8.900523560209423,18.32460732984293,72.77486910994764,55.497382198952884,17.277486910994764
E00047729,131,46,9,37,85,69,16,35.11450381679389,6.870229007633588,28.24427480916031,64.8854961832061,52.67175572519084,12.213740458015266
E00047730,120,39,14,25,81,62,19,32.5,11.666666666666666,20.833333333333336,67.5,51.66666666666667,15.833333333333332
E00047731,116,28,15,13,88,70,18,24.137931034482758,12.931034482758621,11.206896551724139,75.86206896551724,60.3448275862069,15.517241379310345
E00047732,101,26,11,15,75,56,19,25.742574257425744,10.891089108910892,14.85148514851485,74.25742574257426,55.44554455445545,18.81188118811881
E00047733,125,28,11,17,97,69,28,22.400000000000002,8.799999999999999,13.600000000000001,77.60000000000001,55.2,22.400000000000002
E00047734,115,39,15,24,76,59,17,33.91304347826087,13.043478260869565,20.869565217391305,66.08695652173913,51.30434782608696,14.782608695652174
E00047735,169,47,33,14,122,89,33,27.810650887573964,19.526627218934912,8.284023668639055,72.18934911242604,52.662721893491124,19.526627218934912
E00047736,127,37,12,25,90,76,14,29.133858267716533,9.448818897637794,19.68503937007874,70.86614173228347,59.84251968503938,11.023622047244094
E00047737,137,47,27,20,90,75,15,34.306569343065696,19.708029197080293,14.5985401459854,65.69343065693431,54.74452554744526,10.948905109489052
E00047738,222,46,19,27,176,152,24,20.72072072072072,8.558558558558559,12.162162162162163,79.27927927927928,68.46846846846847,10.81081081081081
E00047739,176,61,29,32,115,80,35,34.659090909090914,16.477272727272727,18.181818181818183,65.3409090909091,45.45454545454545,19.886363636363637
E00047740,127,45,17,28,82,70,12,35.43307086614173,13.385826771653544,22.04724409448819,64.56692913385827,55.118110236220474,9.448818897637794
E00047741,84,17,6,11,67,57,10,20.238095238095237,7.142857142857142,13.095238095238097,79.76190476190477,67.85714285714286,11.904761904761903
E00047742,96,30,15,15,66,55,11,31.25,15.625,15.625,68.75,57.291666666666664,11.458333333333332
E00047743,104,35,14,21,69,57,12,33.65384615384615,13.461538461538462,20.192307692307693,66.34615384615384,54.807692307692314,11.538461538461538
E00047744,138,46,16,30,92,71,21,33.33333333333333,11.594202898550725,21.73913043478261,66.66666666666666,51.449275362318836,15.217391304347828
E00047745,119,39,17,22,80,58,22,32.773109243697476,14.285714285714285,18.487394957983195,67.22689075630252,48.739495798319325,18.487394957983195
E00047746,173,63,33,30,110,80,30,36.41618497109826,19.07514450867052,17.341040462427745,63.58381502890174,46.24277456647399,17.341040462427745
E00047747,171,48,22,26,123,107,16,28.07017543859649,12.865497076023392,15.204678362573098,71.9298245614035,62.57309941520468,9.35672514619883
E00047748,164,51,12,39,113,90,23,31.097560975609756,7.317073170731707,23.78048780487805,68.90243902439023,54.87804878048781,14.02439024390244
E00047749,119,33,14,19,86,71,15,27.73109243697479,11.76470588235294,15.966386554621847,72.26890756302521,59.66386554621849,12.605042016806722
E00047750,133,33,11,22,100,85,15,24.81203007518797,8.270676691729323,16.541353383458645,75.18796992481202,63.90977443609023,11.278195488721805
E00047751,155,46,26,20,109,81,28,29.677419354838708,16.7741935483871,12.903225806451612,70.3225806451613,52.25806451612903,18.064516129032256
E00047752,151,48,13,35,103,78,25,31.788079470198678,8.609271523178808,23.178807947019866,68.21192052980133,51.65562913907284,16.55629139072848
E00047753,126,29,8,21,97,78,19,23.015873015873016,6.349206349206349,16.666666666666664,76.98412698412699,61.904761904761905,15.079365079365079
E00047754,213,60,23,37,153,125,28,28.169014084507044,10.7981220657277,17.370892018779344,71.83098591549296,58.68544600938967,13.145539906103288
E00047755,112,31,16,15,81,64,17,27.67857142857143,14.285714285714285,13.392857142857142,72.32142857142857,57.14285714285714,15.178571428571427
E00047756,171,57,21,36,114,87,27,33.33333333333333,12.280701754385964,21.052631578947366,66.66666666666666,50.877192982456144,15.789473684210526
E00047757,126,34,18,16,92,77,15,26.984126984126984,14.285714285714285,12.698412698412698,73.01587301587301,61.111111111111114,11.904761904761903
E00047758,89,18,2,16,71,59,12,20.224719101123593,2.247191011235955,17.97752808988764,79.7752808988764,66.29213483146067,13.48314606741573
E00047759,191,49,16,33,142,118,24,25.654450261780106,8.37696335078534,17.277486910994764,74.3455497382199,61.78010471204188,12.56544502617801
E00047760,187,48,13,35,139,106,33,25.668449197860966,6.951871657754011,18.71657754010695,74.33155080213903,56.68449197860963,17.647058823529413
E00047761,73,29,13,16,44,40,4,39.726027397260275,17.80821917808219,21.91780821917808,60.273972602739725,54.794520547945204,5.47945205479452
E00047762,193,44,16,28,149,118,31,22.797927461139896,8.290155440414509,14.507772020725387,77.2020725388601,61.13989637305699,16.06217616580311
E00047763,128,37,16,21,91,76,15,28.90625,12.5,16.40625,71.09375,59.375,11.71875
E00047764,212,58,18,40,154,129,25,27.358490566037734,8.49056603773585,18.867924528301888,72.64150943396226,60.84905660377359,11.79245283018868
E00047765,144,44,17,27,100,83,17,30.555555555555557,11.805555555555555,18.75,69.44444444444444,57.638888888888886,11.805555555555555
E00047766,164,44,14,30,120,95,25,26.82926829268293,8.536585365853659,18.29268292682927,73.17073170731707,57.92682926829268,15.24390243902439
E00047767,139,36,12,24,103,88,15,25.899280575539567,8.633093525179856,17.26618705035971,74.10071942446042,63.30935251798561,10.79136690647482
E00047768,111,39,16,23,72,62,10,35.13513513513514,14.414414414414415,20.72072072072072,64.86486486486487,55.85585585585585,9.00900900900901
E00047769,97,35,13,22,62,48,14,36.08247422680412,13.402061855670103,22.68041237113402,63.91752577319587,49.48453608247423,14.432989690721648
E00047770,122,31,17,14,91,65,26,25.40983606557377,13.934426229508196,11.475409836065573,74.59016393442623,53.278688524590166,21.311475409836063
E00047771,121,34,13,21,87,75,12,28.09917355371901,10.743801652892563,17.355371900826448,71.900826446281,61.98347107438017,9.917355371900827
E00047772,155,50,23,27,105,85,20,32.25806451612903,14.838709677419354,17.419354838709676,67.74193548387096,54.83870967741935,12.903225806451612
E00047773,131,31,7,24,100,85,15,23.66412213740458,5.343511450381679,18.3206106870229,76.33587786259542,64.8854961832061,11.450381679389313
E00047774,192,57,19,38,135,120,15,29.6875,9.895833333333332,19.791666666666664,70.3125,62.5,7.8125
E00047775,131,41,16,25,90,79,11,31.297709923664126,12.213740458015266,19.083969465648856,68.70229007633588,60.30534351145038,8.396946564885496
E00047776,107,26,9,17,81,68,13,24.299065420560748,8.411214953271028,15.887850467289718,75.70093457943925,63.55140186915887,12.149532710280374
E00047777,176,45,15,30,131,105,26,25.568181818181817,8.522727272727272,17.045454545454543,74.43181818181817,59.65909090909091,14.772727272727273
E00047778,183,43,18,25,140,128,12,23.497267759562842,9.836065573770492,13.661202185792352,76.50273224043715,69.94535519125684,6.557377049180328
E00047779,319,79,21,58,240,202,38,24.76489028213166,6.583072100313479,18.181818181818183,75.23510971786834,63.322884012539184,11.912225705329153
E00047780,108,31,9,22,77,69,8,28.703703703703702,8.333333333333332,20.37037037037037,71.29629629629629,63.888888888888886,7.4074074074074066
E00047781,140,45,15,30,95,80,15,32.142857142857146,10.714285714285714,21.428571428571427,67.85714285714286,57.14285714285714,10.714285714285714
E00047782,240,59,14,45,181,150,31,24.583333333333332,5.833333333333333,18.75,75.41666666666667,62.5,12.916666666666668
E00047783,293,76,24,52,217,189,28,25.938566552901023,8.19112627986348,17.747440273037544,74.06143344709898,64.50511945392492,9.556313993174061
E00047784,164,38,9,29,126,114,12,23.170731707317074,5.487804878048781,17.682926829268293,76.82926829268293,69.51219512195121,7.317073170731707
E00047785,138,31,9,22,107,101,6,22.463768115942027,6.521739130434782,15.942028985507244,77.53623188405797,73.18840579710145,4.3478260869565215
E00047786,165,64,21,43,101,79,22,38.78787878787879,12.727272727272727,26.060606060606062,61.212121212121204,47.878787878787875,13.333333333333334
E00047787,133,24,8,16,109,96,13,18.045112781954884,6.015037593984962,12.030075187969924,81.95488721804512,72.18045112781954,9.774436090225564
E00047788,151,30,10,20,121,101,20,19.867549668874172,6.622516556291391,13.245033112582782,80.13245033112582,66.88741721854305,13.245033112582782
E00047789,135,35,13,22,100,80,20,25.925925925925924,9.62962962962963,16.296296296296298,74.07407407407408,59.25925925925925,14.814814814814813
E00047790,186,53,20,33,133,110,23,28.49462365591398,10.75268817204301,17.741935483870968,71.50537634408603,59.13978494623656,12.365591397849462
E00047791,161,50,15,35,111,88,23,31.05590062111801,9.316770186335404,21.73913043478261,68.94409937888199,54.6583850931677,14.285714285714285
E00047792,147,42,10,32,105,90,15,28.57142857142857,6.802721088435375,21.768707482993197,71.42857142857143,61.224489795918366,10.204081632653061
E00047793,91,15,5,10,76,61,15,16.483516483516482,5.4945054945054945,10.989010989010989,83.51648351648352,67.03296703296702,16.483516483516482
E00047794,152,39,12,27,113,102,11,25.657894736842106,7.894736842105263,17.763157894736842,74.3421052631579,67.10526315789474,7.236842105263158
E00047795,136,44,12,32,92,78,14,32.35294117647059,8.823529411764707,23.52941176470588,67.64705882352942,57.35294117647059,10.294117647058822
E00047796,167,50,12,38,117,102,15,29.94011976047904,7.18562874251497,22.75449101796407,70.05988023952095,61.07784431137725,8.982035928143713
E00047797,106,28,7,21,78,68,10,26.41509433962264,6.60377358490566,19.81132075471698,73.58490566037736,64.15094339622641,9.433962264150944
E00047798,107,25,9,16,82,77,5,23.364485981308412,8.411214953271028,14.953271028037381,76.63551401869158,71.96261682242991,4.672897196261682
E00047799,122,29,16,13,93,79,14,23.770491803278688,13.114754098360656,10.655737704918032,76.22950819672131,64.75409836065575,11.475409836065573
E00047800,81,33,8,25,48,43,5,40.74074074074074,9.876543209876543,30.864197530864196,59.25925925925925,53.086419753086425,6.172839506172839
E00047801,137,46,16,30,91,83,8,33.57664233576642,11.678832116788321,21.897810218978105,66.42335766423358,60.58394160583942,5.839416058394161
E00047802,140,28,8,20,112,93,19,20,5.714285714285714,14.285714285714285,80,66.42857142857143,13.571428571428571
E00047803,214,55,29,26,159,127,32,25.70093457943925,13.551401869158877,12.149532710280374,74.29906542056075,59.345794392523366,14.953271028037381
E00047804,159,34,17,17,125,110,15,21.38364779874214,10.69182389937107,10.69182389937107,78.61635220125787,69.18238993710692,9.433962264150944
E00047805,79,25,11,14,54,48,6,31.645569620253166,13.924050632911392,17.72151898734177,68.35443037974683,60.75949367088608,7.59493670886076
E00047806,152,42,20,22,110,99,11,27.631578947368425,13.157894736842104,14.473684210526317,72.36842105263158,65.13157894736842,7.236842105263158
E00047807,131,28,9,19,103,87,16,21.374045801526716,6.870229007633588,14.50381679389313,78.62595419847328,66.41221374045801,12.213740458015266
E00047808,188,51,16,35,137,121,16,27.127659574468083,8.51063829787234,18.617021276595743,72.87234042553192,64.36170212765957,8.51063829787234
E00047809,157,37,9,28,120,105,15,23.56687898089172,5.7324840764331215,17.8343949044586,76.43312101910828,66.87898089171973,9.554140127388536
E00047810,204,54,29,25,150,126,24,26.47058823529412,14.215686274509803,12.254901960784313,73.52941176470588,61.76470588235294,11.76470588235294
E00047811,144,37,11,26,107,93,14,25.694444444444443,7.638888888888889,18.055555555555554,74.30555555555556,64.58333333333334,9.722222222222223
E00047812,147,39,15,24,108,93,15,26.53061224489796,10.204081632653061,16.3265306122449,73.46938775510205,63.26530612244898,10.204081632653061
E00047813,51,13,4,9,38,33,5,25.49019607843137,7.8431372549019605,17.647058823529413,74.50980392156863,64.70588235294117,9.803921568627452
E00047814,38,14,4,10,24,23,1,36.84210526315789,10.526315789473683,26.31578947368421,63.1578947368421,60.526315789473685,2.631578947368421
E00047815,165,37,12,25,128,108,20,22.424242424242426,7.2727272727272725,15.151515151515152,77.57575757575758,65.45454545454545,12.121212121212121
E00047816,214,60,17,43,154,138,16,28.037383177570092,7.943925233644859,20.093457943925234,71.96261682242991,64.48598130841121,7.476635514018691
E00047817,173,46,14,32,127,103,24,26.589595375722542,8.092485549132949,18.497109826589593,73.41040462427746,59.53757225433526,13.872832369942195
E00047818,144,38,13,25,106,93,13,26.38888888888889,9.027777777777777,17.36111111111111,73.61111111111111,64.58333333333334,9.027777777777777
E00047819,179,39,12,27,140,113,27,21.787709497206702,6.70391061452514,15.083798882681565,78.2122905027933,63.128491620111724,15.083798882681565
E00047820,167,37,17,20,130,104,26,22.15568862275449,10.179640718562874,11.976047904191617,77.84431137724552,62.27544910179641,15.568862275449103
E00047821,181,43,17,26,138,124,14,23.756906077348066,9.392265193370166,14.3646408839779,76.24309392265194,68.50828729281768,7.734806629834254
E00047823,243,65,29,36,178,134,44,26.748971193415638,11.934156378600823,14.814814814814813,73.25102880658436,55.144032921810705,18.106995884773664
E00047824,231,68,31,37,163,142,21,29.43722943722944,13.41991341991342,16.017316017316016,70.56277056277057,61.471861471861466,9.090909090909092
E00047825,70,23,6,17,47,42,5,32.857142857142854,8.571428571428571,24.285714285714285,67.14285714285714,60,7.142857142857142
E00047826,172,52,18,34,120,91,29,30.23255813953488,10.465116279069768,19.767441860465116,69.76744186046511,52.90697674418605,16.86046511627907
E00047827,139,40,16,24,99,82,17,28.776978417266186,11.510791366906476,17.26618705035971,71.22302158273382,58.992805755395686,12.23021582733813
E00047828,95,27,9,18,68,54,14,28.421052631578945,9.473684210526317,18.947368421052634,71.57894736842105,56.84210526315789,14.736842105263156
E00047829,84,25,10,15,59,48,11,29.761904761904763,11.904761904761903,17.857142857142858,70.23809523809523,57.14285714285714,13.095238095238097
E00047830,123,40,10,30,83,77,6,32.52032520325203,8.130081300813007,24.390243902439025,67.47967479674797,62.601626016260155,4.878048780487805
E00047831,112,34,10,24,78,70,8,30.357142857142854,8.928571428571429,21.428571428571427,69.64285714285714,62.5,7.142857142857142
E00047832,126,41,15,26,85,79,6,32.53968253968254,11.904761904761903,20.634920634920633,67.46031746031747,62.698412698412696,4.761904761904762
E00047833,161,55,20,35,106,84,22,34.161490683229815,12.422360248447205,21.73913043478261,65.83850931677019,52.17391304347826,13.664596273291925
E00047834,130,42,17,25,88,77,11,32.30769230769231,13.076923076923078,19.230769230769234,67.6923076923077,59.23076923076923,8.461538461538462
E00047835,135,37,9,28,98,82,16,27.40740740740741,6.666666666666667,20.74074074074074,72.5925925925926,60.74074074074074,11.851851851851853
E00047836,149,39,13,26,110,99,11,26.174496644295303,8.724832214765101,17.449664429530202,73.8255033557047,66.44295302013423,7.38255033557047
E00047837,114,40,13,27,74,67,7,35.08771929824561,11.403508771929824,23.684210526315788,64.91228070175438,58.77192982456141,6.140350877192982
E00047838,100,31,10,21,69,60,9,31,10,21,69,60,9
E00047839,149,51,15,36,98,80,18,34.22818791946309,10.06711409395973,24.161073825503358,65.77181208053692,53.691275167785236,12.080536912751679
E00047840,130,39,15,24,91,74,17,30,11.538461538461538,18.461538461538463,70,56.92307692307692,13.076923076923078
E00047841,122,40,12,28,82,67,15,32.78688524590164,9.836065573770492,22.950819672131146,67.21311475409836,54.91803278688525,12.295081967213115
E00047842,156,45,20,25,111,88,23,28.846153846153843,12.82051282051282,16.025641025641026,71.15384615384616,56.41025641025641,14.743589743589745
E00047843,128,36,14,22,92,81,11,28.125,10.9375,17.1875,71.875,63.28125,8.59375
E00047844,142,35,18,17,107,86,21,24.647887323943664,12.676056338028168,11.971830985915492,75.35211267605634,60.56338028169014,14.788732394366196
E00047845,156,38,8,30,118,106,12,24.358974358974358,5.128205128205128,19.230769230769234,75.64102564102564,67.94871794871796,7.6923076923076925
E00047846,161,37,13,24,124,110,14,22.981366459627328,8.074534161490684,14.906832298136646,77.01863354037268,68.32298136645963,8.695652173913043
E00047847,173,55,12,43,118,104,14,31.79190751445087,6.9364161849710975,24.85549132947977,68.20809248554913,60.115606936416185,8.092485549132949
E00047848,126,43,18,25,83,73,10,34.12698412698413,14.285714285714285,19.841269841269842,65.87301587301587,57.936507936507944,7.936507936507936
E00047849,156,40,12,28,116,98,18,25.64102564102564,7.6923076923076925,17.94871794871795,74.35897435897436,62.82051282051282,11.538461538461538
E00047850,152,47,13,34,105,97,8,30.92105263157895,8.552631578947368,22.36842105263158,69.07894736842105,63.81578947368421,5.263157894736842
E00047851,122,35,8,27,87,78,9,28.688524590163933,6.557377049180328,22.131147540983605,71.31147540983606,63.934426229508205,7.377049180327869
E00047852,124,44,17,27,80,66,14,35.483870967741936,13.709677419354838,21.774193548387096,64.51612903225806,53.2258064516129,11.29032258064516
E00047853,164,47,10,37,117,106,11,28.65853658536585,6.097560975609756,22.5609756097561,71.34146341463415,64.63414634146342,6.707317073170732
E00047854,152,38,15,23,114,99,15,25,9.868421052631579,15.131578947368421,75,65.13157894736842,9.868421052631579
E00047855,128,33,12,21,95,76,19,25.78125,9.375,16.40625,74.21875,59.375,14.84375
E00047856,128,32,13,19,96,85,11,25,10.15625,14.84375,75,66.40625,8.59375
E00047857,80,29,11,18,51,44,7,36.25,13.750000000000002,22.5,63.74999999999999,55.00000000000001,8.75
E00047858,137,40,19,21,97,78,19,29.1970802919708,13.86861313868613,15.328467153284672,70.8029197080292,56.934306569343065,13.86861313868613
E00047859,89,33,14,19,56,47,9,37.07865168539326,15.730337078651685,21.34831460674157,62.92134831460674,52.80898876404494,10.112359550561797
E00047860,160,38,12,26,122,109,13,23.75,7.5,16.25,76.25,68.125,8.125
E00047861,100,40,9,31,60,49,11,40,9,31,60,49,11
E00047863,165,60,25,35,105,84,21,36.36363636363637,15.151515151515152,21.21212121212121,63.63636363636363,50.90909090909091,12.727272727272727
E00047864,57,17,5,12,40,40,0,29.82456140350877,8.771929824561402,21.052631578947366,70.17543859649122,70.17543859649122,0
E00047865,134,40,14,26,94,84,10,29.850746268656714,10.44776119402985,19.402985074626866,70.1492537313433,62.68656716417911,7.462686567164178
E00047866,177,45,20,25,132,121,11,25.423728813559322,11.299435028248588,14.124293785310735,74.57627118644068,68.36158192090396,6.214689265536723
E00047867,201,49,20,29,152,133,19,24.378109452736318,9.950248756218906,14.427860696517413,75.62189054726367,66.16915422885572,9.45273631840796
E00047868,161,41,12,29,120,100,20,25.465838509316768,7.453416149068323,18.012422360248447,74.53416149068323,62.11180124223602,12.422360248447205
E00047869,112,44,9,35,68,62,6,39.285714285714285,8.035714285714286,31.25,60.71428571428571,55.35714285714286,5.357142857142857
E00047870,164,43,13,30,121,101,20,26.21951219512195,7.926829268292683,18.29268292682927,73.78048780487805,61.58536585365854,12.195121951219512
E00047871,181,57,15,42,124,104,20,31.491712707182316,8.287292817679557,23.204419889502763,68.50828729281768,57.4585635359116,11.049723756906078
E00047872,104,36,13,23,68,59,9,34.61538461538461,12.5,22.115384615384613,65.38461538461539,56.730769230769226,8.653846153846153
E00047873,179,44,18,26,135,114,21,24.581005586592177,10.05586592178771,14.52513966480447,75.41899441340783,63.687150837988824,11.731843575418994
E00047874,121,39,11,28,82,69,13,32.231404958677686,9.090909090909092,23.140495867768596,67.76859504132231,57.02479338842975,10.743801652892563
E00047875,155,52,19,33,103,97,6,33.5483870967742,12.258064516129032,21.29032258064516,66.45161290322581,62.58064516129033,3.870967741935484
E00047876,162,45,12,33,117,110,7,27.77777777777778,7.4074074074074066,20.37037037037037,72.22222222222221,67.90123456790124,4.320987654320987
E00047877,104,33,10,23,71,64,7,31.73076923076923,9.615384615384617,22.115384615384613,68.26923076923077,61.53846153846154,6.730769230769231
E00047878,106,36,9,27,70,58,12,33.9622641509434,8.49056603773585,25.471698113207548,66.0377358490566,54.71698113207547,11.320754716981133
E00047880,251,51,23,28,200,168,32,20.318725099601593,9.163346613545817,11.155378486055776,79.6812749003984,66.93227091633466,12.749003984063744
E00047881,173,45,15,30,128,109,19,26.011560693641616,8.670520231213873,17.341040462427745,73.98843930635837,63.005780346820806,10.982658959537572
E00047882,127,30,12,18,97,80,17,23.62204724409449,9.448818897637794,14.173228346456693,76.37795275590551,62.99212598425197,13.385826771653544
E00047883,147,37,10,27,110,92,18,25.170068027210885,6.802721088435375,18.367346938775512,74.82993197278913,62.585034013605444,12.244897959183673
E00047884,158,50,19,31,108,98,10,31.645569620253166,12.025316455696203,19.62025316455696,68.35443037974683,62.0253164556962,6.329113924050633
E00047885,106,29,12,17,77,71,6,27.358490566037734,11.320754716981133,16.037735849056602,72.64150943396226,66.98113207547169,5.660377358490567
E00047886,144,42,14,28,102,92,10,29.166666666666668,9.722222222222223,19.444444444444446,70.83333333333334,63.888888888888886,6.944444444444445
E00047887,151,34,9,25,117,105,12,22.516556291390728,5.960264900662252,16.55629139072848,77.48344370860927,69.5364238410596,7.9470198675496695
E00047888,173,29,8,21,144,122,22,16.76300578034682,4.624277456647398,12.138728323699421,83.23699421965318,70.52023121387283,12.716763005780345
E00047890,139,47,16,31,92,77,15,33.81294964028777,11.510791366906476,22.302158273381295,66.18705035971223,55.39568345323741,10.79136690647482
E00047891,176,53,14,39,123,104,19,30.113636363636363,7.954545454545454,22.15909090909091,69.88636363636364,59.09090909090909,10.795454545454545
E00047892,88,29,9,20,59,52,7,32.95454545454545,10.227272727272728,22.727272727272727,67.04545454545455,59.09090909090909,7.954545454545454
E00047893,101,29,11,18,72,65,7,28.71287128712871,10.891089108910892,17.82178217821782,71.28712871287128,64.35643564356435,6.9306930693069315
E00047894,159,47,21,26,112,94,18,29.559748427672954,13.20754716981132,16.352201257861633,70.44025157232704,59.11949685534591,11.320754716981133
E00047895,168,41,12,29,127,110,17,24.404761904761905,7.142857142857142,17.261904761904763,75.59523809523809,65.47619047619048,10.119047619047619
E00047896,120,30,11,19,90,77,13,25,9.166666666666666,15.833333333333332,75,64.16666666666667,10.833333333333334
E00047897,105,32,11,21,73,64,9,30.476190476190478,10.476190476190476,20,69.52380952380952,60.952380952380956,8.571428571428571
E00047898,119,32,10,22,87,73,14,26.89075630252101,8.403361344537815,18.487394957983195,73.10924369747899,61.34453781512605,11.76470588235294
E00047899,171,54,23,31,117,96,21,31.57894736842105,13.450292397660817,18.128654970760234,68.42105263157895,56.14035087719298,12.280701754385964
E00047900,126,41,8,33,85,76,9,32.53968253968254,6.349206349206349,26.190476190476193,67.46031746031747,60.317460317460316,7.142857142857142
E00047901,151,46,25,21,105,77,28,30.4635761589404,16.55629139072848,13.90728476821192,69.5364238410596,50.993377483443716,18.543046357615893
E00047902,179,65,24,41,114,103,11,36.312849162011176,13.40782122905028,22.905027932960895,63.687150837988824,57.54189944134078,6.145251396648044
E00047903,144,41,20,21,103,85,18,28.47222222222222,13.88888888888889,14.583333333333334,71.52777777777779,59.02777777777778,12.5
E00047904,157,41,20,21,116,93,23,26.11464968152866,12.738853503184714,13.375796178343949,73.88535031847134,59.23566878980891,14.64968152866242
E00047905,103,38,14,24,65,59,6,36.89320388349515,13.592233009708737,23.300970873786408,63.10679611650486,57.28155339805825,5.825242718446602
E00047906,106,24,12,12,82,70,12,22.641509433962266,11.320754716981133,11.320754716981133,77.35849056603774,66.0377358490566,11.320754716981133
E00047907,173,53,16,37,120,104,16,30.63583815028902,9.248554913294797,21.38728323699422,69.36416184971098,60.115606936416185,9.248554913294797
E00047908,173,44,13,31,129,110,19,25.43352601156069,7.514450867052023,17.91907514450867,74.56647398843931,63.58381502890174,10.982658959537572
E00047909,113,30,11,19,83,78,5,26.548672566371685,9.734513274336283,16.8141592920354,73.45132743362832,69.02654867256636,4.424778761061947
E00047910,193,54,22,32,139,120,19,27.979274611398964,11.398963730569948,16.580310880829018,72.02072538860104,62.17616580310881,9.844559585492227
E00047911,167,59,20,39,108,89,19,35.32934131736527,11.976047904191617,23.353293413173652,64.67065868263472,53.293413173652695,11.377245508982035
E00047912,138,36,13,23,102,85,17,26.08695652173913,9.420289855072465,16.666666666666664,73.91304347826086,61.59420289855072,12.318840579710146
E00047913,163,40,15,25,123,100,23,24.539877300613497,9.202453987730062,15.337423312883436,75.4601226993865,61.34969325153374,14.11042944785276
E00047914,140,43,16,27,97,85,12,30.714285714285715,11.428571428571429,19.28571428571429,69.28571428571428,60.71428571428571,8.571428571428571
E00047915,204,35,9,26,169,129,40,17.15686274509804,4.411764705882353,12.745098039215685,82.84313725490196,63.23529411764706,19.607843137254903
E00047916,108,27,10,17,81,70,11,25,9.25925925925926,15.74074074074074,75,64.81481481481481,10.185185185185185
E00047917,151,30,5,25,121,103,18,19.867549668874172,3.3112582781456954,16.55629139072848,80.13245033112582,68.21192052980133,11.920529801324504
E00047918,101,36,12,24,65,51,14,35.64356435643564,11.881188118811881,23.762376237623762,64.35643564356435,50.495049504950494,13.861386138613863
E00047919,137,38,14,24,99,86,13,27.73722627737226,10.218978102189782,17.51824817518248,72.26277372262774,62.77372262773723,9.48905109489051
E00047920,172,56,15,41,116,100,16,32.55813953488372,8.720930232558139,23.837209302325583,67.44186046511628,58.139534883720934,9.30232558139535
E00047921,168,44,19,25,124,107,17,26.190476190476193,11.30952380952381,14.880952380952381,73.80952380952381,63.69047619047619,10.119047619047619
E00047922,94,22,10,12,72,62,10,23.404255319148938,10.638297872340425,12.76595744680851,76.59574468085107,65.95744680851064,10.638297872340425
E00047923,89,29,10,19,60,49,11,32.58426966292135,11.235955056179774,21.34831460674157,67.41573033707866,55.0561797752809,12.359550561797752
E00047924,135,33,11,22,102,85,17,24.444444444444443,8.148148148148149,16.296296296296298,75.55555555555556,62.96296296296296,12.592592592592592
E00047925,155,39,13,26,116,104,12,25.161290322580644,8.38709677419355,16.7741935483871,74.83870967741936,67.0967741935484,7.741935483870968
E00047926,167,43,9,34,124,106,18,25.748502994011975,5.389221556886228,20.359281437125748,74.25149700598801,63.47305389221557,10.778443113772456
E00047927,189,55,17,38,134,115,19,29.100529100529098,8.994708994708994,20.105820105820104,70.8994708994709,60.84656084656085,10.052910052910052
E00047928,198,65,25,40,133,102,31,32.82828282828283,12.626262626262626,20.2020202020202,67.17171717171718,51.515151515151516,15.656565656565657
E00047929,159,45,18,27,114,101,13,28.30188679245283,11.320754716981133,16.9811320754717,71.69811320754717,63.52201257861635,8.176100628930817
E00047930,133,36,17,19,97,79,18,27.06766917293233,12.781954887218044,14.285714285714285,72.93233082706767,59.3984962406015,13.533834586466165
E00047931,156,39,17,22,117,101,16,25,10.897435897435898,14.102564102564102,75,64.74358974358975,10.256410256410255
E00047932,152,46,15,31,106,91,15,30.263157894736842,9.868421052631579,20.394736842105264,69.73684210526315,59.86842105263158,9.868421052631579
E00047933,171,43,14,29,128,110,18,25.146198830409354,8.187134502923977,16.95906432748538,74.85380116959064,64.32748538011695,10.526315789473683
E00047934,132,41,24,17,91,74,17,31.060606060606062,18.181818181818183,12.878787878787879,68.93939393939394,56.060606060606055,12.878787878787879
E00047935,180,56,24,32,124,94,30,31.11111111111111,13.333333333333334,17.77777777777778,68.88888888888889,52.22222222222223,16.666666666666664
E00047936,186,54,19,35,132,111,21,29.03225806451613,10.21505376344086,18.817204301075268,70.96774193548387,59.67741935483871,11.29032258064516
E00047937,177,41,15,26,136,118,18,23.163841807909606,8.47457627118644,14.689265536723164,76.8361581920904,66.66666666666666,10.16949152542373
E00047938,193,60,21,39,133,119,14,31.088082901554404,10.880829015544041,20.207253886010363,68.9119170984456,61.6580310880829,7.253886010362693
E00047939,163,52,24,28,111,89,22,31.901840490797547,14.723926380368098,17.177914110429448,68.09815950920245,54.601226993865026,13.496932515337424
E00047940,201,48,11,37,153,128,25,23.88059701492537,5.472636815920398,18.407960199004975,76.11940298507463,63.681592039801,12.437810945273633
E00047941,120,29,7,22,91,83,8,24.166666666666668,5.833333333333333,18.333333333333332,75.83333333333333,69.16666666666667,6.666666666666667
E00047942,146,43,17,26,103,94,9,29.45205479452055,11.643835616438356,17.80821917808219,70.54794520547945,64.38356164383562,6.164383561643835
E00047943,156,36,9,27,120,94,26,23.076923076923077,5.769230769230769,17.307692307692307,76.92307692307693,60.256410256410255,16.666666666666664
E00047944,145,39,18,21,106,89,17,26.89655172413793,12.413793103448276,14.482758620689657,73.10344827586206,61.37931034482759,11.724137931034482
E00047945,165,44,12,32,121,95,26,26.666666666666668,7.2727272727272725,19.393939393939394,73.33333333333333,57.57575757575758,15.757575757575756
E00047946,171,32,15,17,139,114,25,18.71345029239766,8.771929824561402,9.941520467836257,81.28654970760235,66.66666666666666,14.619883040935672
E00047947,99,31,11,20,68,58,10,31.313131313131315,11.11111111111111,20.2020202020202,68.68686868686868,58.58585858585859,10.1010101010101
E00047948,116,28,9,19,88,71,17,24.137931034482758,7.758620689655173,16.379310344827587,75.86206896551724,61.206896551724135,14.655172413793101
E00047949,125,36,8,28,89,81,8,28.799999999999997,6.4,22.400000000000002,71.2,64.8,6.4
E00047951,145,40,13,27,105,89,16,27.586206896551722,8.96551724137931,18.620689655172416,72.41379310344827,61.37931034482759,11.03448275862069
E00047952,68,23,16,7,45,38,7,33.82352941176471,23.52941176470588,10.294117647058822,66.17647058823529,55.88235294117647,10.294117647058822
E00047953,146,32,15,17,114,96,18,21.91780821917808,10.273972602739725,11.643835616438356,78.08219178082192,65.75342465753424,12.32876712328767
E00047954,114,31,15,16,83,72,11,27.192982456140353,13.157894736842104,14.035087719298245,72.80701754385966,63.1578947368421,9.649122807017543
E00047955,157,40,9,31,117,100,17,25.477707006369428,5.7324840764331215,19.745222929936308,74.52229299363057,63.69426751592356,10.828025477707007
E00047956,148,37,8,29,111,97,14,25,5.405405405405405,19.594594594594593,75,65.54054054054053,9.45945945945946
E00047957,141,35,11,24,106,94,12,24.822695035460992,7.801418439716312,17.02127659574468,75.177304964539,66.66666666666666,8.51063829787234
E00047958,165,36,12,24,129,108,21,21.818181818181817,7.2727272727272725,14.545454545454545,78.18181818181819,65.45454545454545,12.727272727272727
E00047959,154,43,13,30,111,91,20,27.92207792207792,8.441558441558442,19.480519480519483,72.07792207792207,59.09090909090909,12.987012987012985
E00047960,140,31,6,25,109,98,11,22.142857142857142,4.285714285714286,17.857142857142858,77.85714285714286,70,7.857142857142857
E00047961,127,40,13,27,87,64,23,31.496062992125985,10.236220472440944,21.25984251968504,68.50393700787401,50.39370078740157,18.11023622047244
E00047962,187,48,16,32,139,111,28,25.668449197860966,8.55614973262032,17.11229946524064,74.33155080213903,59.35828877005348,14.973262032085561
E00047963,97,24,4,20,73,61,12,24.742268041237114,4.123711340206185,20.618556701030926,75.25773195876289,62.88659793814433,12.371134020618557
E00047964,140,45,18,27,95,85,10,32.142857142857146,12.857142857142856,19.28571428571429,67.85714285714286,60.71428571428571,7.142857142857142
E00047965,60,29,10,19,31,31,0,48.333333333333336,16.666666666666664,31.666666666666664,51.66666666666667,51.66666666666667,0
E00047966,98,29,8,21,69,57,12,29.591836734693878,8.16326530612245,21.428571428571427,70.40816326530613,58.16326530612245,12.244897959183673
E00047967,163,32,8,24,131,118,13,19.631901840490798,4.9079754601226995,14.723926380368098,80.3680981595092,72.39263803680981,7.975460122699387
E00047968,182,43,14,29,139,114,25,23.626373626373624,7.6923076923076925,15.934065934065933,76.37362637362637,62.637362637362635,13.736263736263737
E00047969,132,24,10,14,108,97,11,18.181818181818183,7.575757575757576,10.606060606060606,81.81818181818183,73.48484848484848,8.333333333333332
E00047970,193,52,19,33,141,115,26,26.94300518134715,9.844559585492227,17.098445595854923,73.05699481865285,59.58549222797927,13.471502590673575
E00047971,176,40,19,21,136,119,17,22.727272727272727,10.795454545454545,11.931818181818182,77.27272727272727,67.61363636363636,9.659090909090908
E00047972,159,39,11,28,120,104,16,24.528301886792452,6.918238993710692,17.61006289308176,75.47169811320755,65.40880503144653,10.062893081761008
E00047973,174,49,16,33,125,101,24,28.160919540229884,9.195402298850574,18.96551724137931,71.83908045977012,58.04597701149425,13.793103448275861
E00047974,161,46,15,31,115,94,21,28.57142857142857,9.316770186335404,19.25465838509317,71.42857142857143,58.38509316770186,13.043478260869565
E00047975,127,34,12,22,93,82,11,26.77165354330709,9.448818897637794,17.322834645669293,73.22834645669292,64.56692913385827,8.661417322834646
E00047976,131,31,9,22,100,88,12,23.66412213740458,6.870229007633588,16.793893129770993,76.33587786259542,67.17557251908397,9.16030534351145
E00047977,162,39,12,27,123,114,9,24.074074074074073,7.4074074074074066,16.666666666666664,75.92592592592592,70.37037037037037,5.555555555555555
E00047978,181,48,18,30,133,110,23,26.519337016574585,9.94475138121547,16.574585635359114,73.48066298342542,60.773480662983424,12.70718232044199
E00047979,200,45,19,26,155,130,25,22.5,9.5,13,77.5,65,12.5
E00047980,164,48,21,27,116,103,13,29.268292682926827,12.804878048780488,16.463414634146343,70.73170731707317,62.80487804878049,7.926829268292683
E00047981,159,76,25,51,83,75,8,47.79874213836478,15.723270440251572,32.075471698113205,52.20125786163522,47.16981132075472,5.031446540880504
E00047982,145,61,30,31,84,72,12,42.06896551724138,20.689655172413794,21.379310344827587,57.931034482758626,49.6551724137931,8.275862068965518
E00047983,149,77,25,52,72,71,1,51.67785234899329,16.778523489932887,34.899328859060404,48.322147651006716,47.651006711409394,0.6711409395973155
E00047984,191,88,28,60,103,96,7,46.07329842931937,14.659685863874344,31.413612565445025,53.92670157068062,50.26178010471204,3.664921465968586
E00047985,146,59,24,35,87,76,11,40.41095890410959,16.43835616438356,23.972602739726025,59.589041095890416,52.054794520547944,7.534246575342466
E00047986,156,75,21,54,81,78,3,48.07692307692308,13.461538461538462,34.61538461538461,51.92307692307693,50,1.9230769230769231
E00047987,177,71,26,45,106,94,12,40.11299435028249,14.689265536723164,25.423728813559322,59.887005649717516,53.10734463276836,6.779661016949152
E00047988,143,71,17,54,72,67,5,49.65034965034965,11.888111888111888,37.76223776223776,50.349650349650354,46.85314685314685,3.4965034965034967
E00047989,170,86,24,62,84,77,7,50.588235294117645,14.117647058823529,36.470588235294116,49.411764705882355,45.294117647058826,4.117647058823529
E00047990,170,65,19,46,105,96,9,38.23529411764706,11.176470588235295,27.058823529411764,61.76470588235294,56.470588235294116,5.294117647058823
E00047991,144,65,21,44,79,78,1,45.13888888888889,14.583333333333334,30.555555555555557,54.861111111111114,54.166666666666664,0.6944444444444444
E00047992,94,46,18,28,48,41,7,48.93617021276596,19.148936170212767,29.78723404255319,51.06382978723404,43.61702127659575,7.446808510638298
E00047993,103,40,8,32,63,61,2,38.83495145631068,7.766990291262135,31.06796116504854,61.165048543689316,59.22330097087378,1.9417475728155338
E00047995,146,58,16,42,88,81,7,39.726027397260275,10.95890410958904,28.767123287671232,60.273972602739725,55.47945205479452,4.794520547945205
E00047996,124,55,23,32,69,68,1,44.354838709677416,18.548387096774192,25.806451612903224,55.64516129032258,54.83870967741935,0.8064516129032258
E00047997,60,19,3,16,41,36,5,31.666666666666664,5,26.666666666666668,68.33333333333333,60,8.333333333333332
E00047998,98,53,23,30,45,38,7,54.08163265306123,23.46938775510204,30.612244897959183,45.91836734693878,38.775510204081634,7.142857142857142
E00047999,155,71,21,50,84,77,7,45.806451612903224,13.548387096774196,32.25806451612903,54.19354838709678,49.67741935483871,4.516129032258064
E00048001,79,28,10,18,51,43,8,35.44303797468354,12.658227848101266,22.78481012658228,64.55696202531645,54.43037974683544,10.126582278481013
E00048002,153,68,24,44,85,78,7,44.44444444444444,15.686274509803921,28.75816993464052,55.55555555555556,50.98039215686274,4.57516339869281
E00048003,74,32,12,20,42,36,6,43.24324324324324,16.216216216216218,27.027027027027028,56.75675675675676,48.64864864864865,8.108108108108109
E00048005,134,68,23,45,66,62,4,50.74626865671642,17.16417910447761,33.582089552238806,49.25373134328358,46.26865671641791,2.9850746268656714
E00048006,136,96,48,48,40,40,0,70.58823529411765,35.294117647058826,35.294117647058826,29.411764705882355,29.411764705882355,0
E00048007,135,57,20,37,78,73,5,42.22222222222222,14.814814814814813,27.40740740740741,57.77777777777777,54.074074074074076,3.7037037037037033
E00048008,90,39,15,24,51,49,2,43.333333333333336,16.666666666666664,26.666666666666668,56.666666666666664,54.44444444444444,2.2222222222222223
E00048010,115,58,11,47,57,49,8,50.43478260869565,9.565217391304348,40.869565217391305,49.56521739130435,42.608695652173914,6.956521739130435
E00048011,168,93,39,54,75,66,9,55.35714285714286,23.214285714285715,32.142857142857146,44.642857142857146,39.285714285714285,5.357142857142857
E00048012,111,60,10,50,51,46,5,54.054054054054056,9.00900900900901,45.04504504504504,45.94594594594595,41.44144144144144,4.504504504504505
E00048013,118,59,29,30,59,55,4,50,24.576271186440678,25.423728813559322,50,46.61016949152542,3.389830508474576
E00048014,145,62,14,48,83,77,6,42.758620689655174,9.655172413793103,33.10344827586207,57.24137931034483,53.103448275862064,4.137931034482759
E00048015,124,67,19,48,57,54,3,54.03225806451613,15.32258064516129,38.70967741935484,45.96774193548387,43.54838709677419,2.4193548387096775
E00048016,120,52,13,39,68,60,8,43.333333333333336,10.833333333333334,32.5,56.666666666666664,50,6.666666666666667
E00048018,183,81,35,46,102,94,8,44.26229508196721,19.12568306010929,25.136612021857925,55.73770491803278,51.36612021857923,4.371584699453552
E00048019,135,66,30,36,69,69,0,48.888888888888886,22.22222222222222,26.666666666666668,51.11111111111111,51.11111111111111,0
E00048020,109,57,17,40,52,49,3,52.293577981651374,15.59633027522936,36.69724770642202,47.706422018348626,44.95412844036697,2.7522935779816518
E00048021,102,49,17,32,53,50,3,48.03921568627451,16.666666666666664,31.372549019607842,51.9607843137255,49.01960784313725,2.941176470588235
E00048022,167,77,25,52,90,81,9,46.10778443113773,14.97005988023952,31.137724550898206,53.89221556886228,48.50299401197605,5.389221556886228
E00048023,155,82,25,57,73,67,6,52.903225806451616,16.129032258064516,36.774193548387096,47.096774193548384,43.225806451612904,3.870967741935484
E00048024,166,87,37,50,79,72,7,52.40963855421686,22.289156626506024,30.120481927710845,47.59036144578313,43.373493975903614,4.216867469879518
E00048025,107,52,15,37,55,52,3,48.598130841121495,14.018691588785046,34.57943925233645,51.4018691588785,48.598130841121495,2.803738317757009
E00048026,135,64,21,43,71,66,5,47.40740740740741,15.555555555555555,31.851851851851855,52.59259259259259,48.888888888888886,3.7037037037037033
E00048028,178,77,24,53,101,95,6,43.258426966292134,13.48314606741573,29.775280898876407,56.74157303370787,53.37078651685393,3.3707865168539324
E00048029,169,74,22,52,95,85,10,43.786982248520715,13.017751479289942,30.76923076923077,56.213017751479285,50.29585798816568,5.9171597633136095
E00048030,150,79,22,57,71,66,5,52.666666666666664,14.666666666666666,38,47.333333333333336,44,3.3333333333333335
E00048031,104,62,19,43,42,40,2,59.61538461538461,18.269230769230766,41.34615384615385,40.38461538461539,38.46153846153847,1.9230769230769231
E00048033,68,22,10,12,46,44,2,32.35294117647059,14.705882352941178,17.647058823529413,67.64705882352942,64.70588235294117,2.941176470588235
E00048034,133,60,26,34,73,61,12,45.11278195488722,19.548872180451127,25.563909774436087,54.88721804511278,45.86466165413533,9.022556390977442
E00048035,154,75,31,44,79,74,5,48.701298701298704,20.12987012987013,28.57142857142857,51.298701298701296,48.05194805194805,3.2467532467532463
E00048037,145,65,24,41,80,69,11,44.827586206896555,16.551724137931036,28.27586206896552,55.172413793103445,47.58620689655172,7.586206896551724
E00048039,89,42,10,32,47,37,10,47.19101123595505,11.235955056179774,35.95505617977528,52.80898876404494,41.57303370786517,11.235955056179774
E00048040,82,46,18,28,36,31,5,56.09756097560976,21.951219512195124,34.146341463414636,43.90243902439025,37.80487804878049,6.097560975609756
E00048041,169,84,35,49,85,77,8,49.70414201183432,20.710059171597635,28.994082840236686,50.29585798816568,45.562130177514796,4.733727810650888
E00048043,116,51,15,36,65,54,11,43.96551724137931,12.931034482758621,31.03448275862069,56.03448275862068,46.55172413793103,9.482758620689655
E00048044,121,58,18,40,63,55,8,47.93388429752066,14.87603305785124,33.057851239669425,52.066115702479344,45.45454545454545,6.6115702479338845
E00048045,121,43,15,28,78,72,6,35.53719008264463,12.396694214876034,23.140495867768596,64.46280991735537,59.50413223140496,4.958677685950414
E00048047,159,85,33,52,74,74,0,53.459119496855344,20.754716981132077,32.70440251572327,46.540880503144656,46.540880503144656,0
E00048048,113,59,21,38,54,50,4,52.21238938053098,18.58407079646018,33.6283185840708,47.78761061946903,44.24778761061947,3.5398230088495577
E00048049,123,58,21,37,65,52,13,47.15447154471545,17.073170731707318,30.081300813008134,52.84552845528455,42.27642276422765,10.569105691056912
E00048050,119,46,15,31,73,68,5,38.655462184873954,12.605042016806722,26.05042016806723,61.34453781512605,57.14285714285714,4.201680672268908
E00048051,136,56,18,38,80,76,4,41.17647058823529,13.23529411764706,27.941176470588236,58.82352941176471,55.88235294117647,2.941176470588235
E00048052,121,58,24,34,63,59,4,47.93388429752066,19.834710743801654,28.09917355371901,52.066115702479344,48.760330578512395,3.3057851239669422
E00048053,113,57,20,37,56,53,3,50.442477876106196,17.699115044247787,32.743362831858406,49.557522123893804,46.902654867256636,2.6548672566371683
E00048054,171,67,20,47,104,95,9,39.1812865497076,11.695906432748536,27.485380116959064,60.81871345029239,55.55555555555556,5.263157894736842
E00048055,154,53,12,41,101,93,8,34.41558441558442,7.792207792207792,26.623376623376622,65.5844155844156,60.3896103896104,5.194805194805195
E00048056,169,70,20,50,99,92,7,41.42011834319527,11.834319526627219,29.585798816568047,58.57988165680473,54.437869822485204,4.142011834319527
E00048057,89,27,7,20,62,60,2,30.337078651685395,7.865168539325842,22.47191011235955,69.66292134831461,67.41573033707866,2.247191011235955
E00048058,143,45,18,27,98,91,7,31.46853146853147,12.587412587412588,18.88111888111888,68.53146853146853,63.63636363636363,4.895104895104895
E00048059,98,29,10,19,69,63,6,29.591836734693878,10.204081632653061,19.387755102040817,70.40816326530613,64.28571428571429,6.122448979591836
E00048060,144,57,15,42,87,79,8,39.58333333333333,10.416666666666668,29.166666666666668,60.416666666666664,54.861111111111114,5.555555555555555
E00048061,53,23,6,17,30,27,3,43.39622641509434,11.320754716981133,32.075471698113205,56.60377358490566,50.943396226415096,5.660377358490567
E00048063,80,21,10,11,59,51,8,26.25,12.5,13.750000000000002,73.75,63.74999999999999,10
E00048064,142,36,17,19,106,93,13,25.352112676056336,11.971830985915492,13.380281690140844,74.64788732394366,65.49295774647888,9.15492957746479
E00048065,104,30,8,22,74,65,9,28.846153846153843,7.6923076923076925,21.153846153846153,71.15384615384616,62.5,8.653846153846153
E00048066,63,29,7,22,34,34,0,46.03174603174603,11.11111111111111,34.92063492063492,53.96825396825397,53.96825396825397,0
E00048067,108,36,8,28,72,57,15,33.33333333333333,7.4074074074074066,25.925925925925924,66.66666666666666,52.77777777777778,13.88888888888889
E00048068,83,26,7,19,57,52,5,31.32530120481928,8.433734939759036,22.89156626506024,68.67469879518072,62.65060240963856,6.024096385542169
E00048069,111,31,11,20,80,67,13,27.927927927927925,9.90990990990991,18.01801801801802,72.07207207207207,60.36036036036037,11.711711711711711
E00048070,87,26,9,17,61,50,11,29.88505747126437,10.344827586206897,19.54022988505747,70.11494252873564,57.47126436781609,12.643678160919542
E00048071,130,34,10,24,96,79,17,26.153846153846157,7.6923076923076925,18.461538461538463,73.84615384615385,60.76923076923077,13.076923076923078
E00048072,81,14,5,9,67,50,17,17.28395061728395,6.172839506172839,11.11111111111111,82.71604938271605,61.72839506172839,20.98765432098765
E00048073,199,42,18,24,157,137,20,21.105527638190953,9.045226130653267,12.060301507537687,78.89447236180904,68.84422110552764,10.050251256281408
E00048074,116,34,10,24,82,75,7,29.310344827586203,8.620689655172415,20.689655172413794,70.6896551724138,64.65517241379311,6.0344827586206895
E00048075,118,36,9,27,82,71,11,30.508474576271187,7.627118644067797,22.88135593220339,69.49152542372882,60.16949152542372,9.322033898305085
E00048076,131,33,6,27,98,81,17,25.190839694656486,4.580152671755725,20.610687022900763,74.80916030534351,61.832061068702295,12.977099236641221
E00048077,92,33,13,20,59,51,8,35.869565217391305,14.130434782608695,21.73913043478261,64.13043478260869,55.434782608695656,8.695652173913043
E00048078,120,30,11,19,90,69,21,25,9.166666666666666,15.833333333333332,75,57.49999999999999,17.5
E00048079,152,36,6,30,116,103,13,23.684210526315788,3.9473684210526314,19.736842105263158,76.31578947368422,67.76315789473685,8.552631578947368
E00048080,115,37,10,27,78,65,13,32.17391304347826,8.695652173913043,23.47826086956522,67.82608695652173,56.52173913043478,11.304347826086957
E00048081,150,41,8,33,109,94,15,27.333333333333332,5.333333333333334,22,72.66666666666667,62.66666666666667,10
E00048082,215,61,22,39,154,138,16,28.37209302325581,10.232558139534884,18.13953488372093,71.62790697674419,64.18604651162791,7.441860465116279
E00048083,165,60,20,40,105,92,13,36.36363636363637,12.121212121212121,24.242424242424242,63.63636363636363,55.757575757575765,7.878787878787878
E00048084,243,73,24,49,170,161,9,30.04115226337449,9.876543209876543,20.16460905349794,69.95884773662551,66.2551440329218,3.7037037037037033
E00048085,97,29,5,24,68,61,7,29.896907216494846,5.154639175257731,24.742268041237114,70.10309278350515,62.88659793814433,7.216494845360824
E00048086,101,27,8,19,74,69,5,26.732673267326735,7.920792079207921,18.81188118811881,73.26732673267327,68.31683168316832,4.9504950495049505
E00048087,138,43,8,35,95,88,7,31.15942028985507,5.797101449275362,25.36231884057971,68.84057971014492,63.76811594202898,5.072463768115942
E00048088,108,29,8,21,79,61,18,26.851851851851855,7.4074074074074066,19.444444444444446,73.14814814814815,56.481481481481474,16.666666666666664
E00048089,116,37,11,26,79,60,19,31.896551724137932,9.482758620689655,22.413793103448278,68.10344827586206,51.724137931034484,16.379310344827587
E00048090,133,33,15,18,100,90,10,24.81203007518797,11.278195488721805,13.533834586466165,75.18796992481202,67.66917293233082,7.518796992481203
E00048091,202,62,25,37,140,126,14,30.693069306930692,12.376237623762377,18.316831683168317,69.3069306930693,62.37623762376238,6.9306930693069315
E00048092,177,41,16,25,136,119,17,23.163841807909606,9.03954802259887,14.124293785310735,76.8361581920904,67.2316384180791,9.6045197740113
E00048093,90,29,4,25,61,58,3,32.22222222222222,4.444444444444445,27.77777777777778,67.77777777777779,64.44444444444444,3.3333333333333335
E00048094,139,48,15,33,91,86,5,34.53237410071942,10.79136690647482,23.741007194244602,65.46762589928058,61.87050359712231,3.5971223021582732
E00048095,124,35,11,24,89,78,11,28.225806451612907,8.870967741935484,19.35483870967742,71.7741935483871,62.903225806451616,8.870967741935484
E00048096,121,49,16,33,72,71,1,40.49586776859504,13.223140495867769,27.27272727272727,59.50413223140496,58.67768595041323,0.8264462809917356
E00048097,74,34,14,20,40,35,5,45.94594594594595,18.91891891891892,27.027027027027028,54.054054054054056,47.2972972972973,6.756756756756757
E00048098,121,28,8,20,93,85,8,23.140495867768596,6.6115702479338845,16.528925619834713,76.85950413223141,70.24793388429752,6.6115702479338845
E00048099,128,48,13,35,80,76,4,37.5,10.15625,27.34375,62.5,59.375,3.125
E00048100,112,33,5,28,79,73,6,29.464285714285715,4.464285714285714,25,70.53571428571429,65.17857142857143,5.357142857142857
E00048101,78,20,5,15,58,50,8,25.64102564102564,6.41025641025641,19.230769230769234,74.35897435897436,64.1025641025641,10.256410256410255
E00048102,112,38,11,27,74,69,5,33.92857142857143,9.821428571428571,24.107142857142858,66.07142857142857,61.60714285714286,4.464285714285714
E00048103,111,30,9,21,81,76,5,27.027027027027028,8.108108108108109,18.91891891891892,72.97297297297297,68.46846846846847,4.504504504504505
E00048104,132,51,16,35,81,72,9,38.63636363636363,12.121212121212121,26.515151515151516,61.36363636363637,54.54545454545454,6.8181818181818175
E00048105,90,34,12,22,56,52,4,37.77777777777778,13.333333333333334,24.444444444444443,62.22222222222222,57.77777777777777,4.444444444444445
E00048106,112,36,14,22,76,69,7,32.142857142857146,12.5,19.642857142857142,67.85714285714286,61.60714285714286,6.25
E00048107,127,41,11,30,86,80,6,32.28346456692913,8.661417322834646,23.62204724409449,67.71653543307087,62.99212598425197,4.724409448818897
E00048108,124,37,11,26,87,82,5,29.838709677419356,8.870967741935484,20.967741935483872,70.16129032258065,66.12903225806451,4.032258064516129
E00048109,134,47,10,37,87,80,7,35.07462686567165,7.462686567164178,27.611940298507463,64.92537313432835,59.70149253731343,5.223880597014925
E00048110,133,40,10,30,93,85,8,30.075187969924812,7.518796992481203,22.55639097744361,69.92481203007519,63.90977443609023,6.015037593984962
E00048111,122,45,11,34,77,66,11,36.885245901639344,9.01639344262295,27.86885245901639,63.114754098360656,54.09836065573771,9.01639344262295
E00048112,120,32,10,22,88,76,12,26.666666666666668,8.333333333333332,18.333333333333332,73.33333333333333,63.33333333333333,10
E00048113,109,34,10,24,75,64,11,31.19266055045872,9.174311926605505,22.018348623853214,68.80733944954129,58.71559633027523,10.091743119266056
E00048114,124,47,17,30,77,70,7,37.903225806451616,13.709677419354838,24.193548387096776,62.096774193548384,56.451612903225815,5.64516129032258
E00048115,129,44,8,36,85,72,13,34.10852713178294,6.2015503875969,27.906976744186046,65.89147286821705,55.81395348837209,10.077519379844961
E00048116,114,27,10,17,87,74,13,23.684210526315788,8.771929824561402,14.912280701754385,76.31578947368422,64.91228070175438,11.403508771929824
E00048117,118,33,7,26,85,79,6,27.966101694915253,5.932203389830509,22.033898305084744,72.03389830508475,66.94915254237289,5.084745762711865
E00048118,137,31,14,17,106,85,21,22.62773722627737,10.218978102189782,12.408759124087592,77.37226277372264,62.04379562043796,15.328467153284672
E00048119,136,46,13,33,90,82,8,33.82352941176471,9.558823529411764,24.264705882352942,66.17647058823529,60.29411764705882,5.88235294117647
E00048120,122,40,9,31,82,68,14,32.78688524590164,7.377049180327869,25.40983606557377,67.21311475409836,55.73770491803278,11.475409836065573
E00048121,135,48,18,30,87,79,8,35.55555555555556,13.333333333333334,22.22222222222222,64.44444444444444,58.51851851851851,5.9259259259259265
E00048122,145,43,10,33,102,93,9,29.655172413793103,6.896551724137931,22.758620689655174,70.34482758620689,64.13793103448275,6.206896551724138
E00048123,139,48,16,32,91,77,14,34.53237410071942,11.510791366906476,23.021582733812952,65.46762589928058,55.39568345323741,10.071942446043165
E00048124,120,44,14,30,76,67,9,36.666666666666664,11.666666666666666,25,63.33333333333333,55.833333333333336,7.5
E00048125,114,44,10,34,70,60,10,38.59649122807017,8.771929824561402,29.82456140350877,61.40350877192983,52.63157894736842,8.771929824561402
E00048126,66,33,11,22,33,31,2,50,16.666666666666664,33.33333333333333,50,46.96969696969697,3.0303030303030303
E00048127,95,25,6,19,70,61,9,26.31578947368421,6.315789473684211,20,73.68421052631578,64.21052631578948,9.473684210526317
E00048128,119,33,11,22,86,70,16,27.73109243697479,9.243697478991598,18.487394957983195,72.26890756302521,58.82352941176471,13.445378151260504
E00048129,90,28,10,18,62,53,9,31.11111111111111,11.11111111111111,20,68.88888888888889,58.88888888888889,10
E00048130,130,45,15,30,85,74,11,34.61538461538461,11.538461538461538,23.076923076923077,65.38461538461539,56.92307692307692,8.461538461538462
E00048131,127,41,9,32,86,81,5,32.28346456692913,7.086614173228346,25.196850393700785,67.71653543307087,63.77952755905512,3.937007874015748
E00048132,134,30,10,20,104,87,17,22.388059701492537,7.462686567164178,14.925373134328357,77.61194029850746,64.92537313432835,12.686567164179104
E00048133,134,54,18,36,80,71,9,40.298507462686565,13.432835820895523,26.865671641791046,59.70149253731343,52.98507462686567,6.7164179104477615
E00048134,106,35,5,30,71,68,3,33.0188679245283,4.716981132075472,28.30188679245283,66.98113207547169,64.15094339622641,2.8301886792452833
E00048135,156,58,19,39,98,83,15,37.17948717948718,12.179487179487179,25,62.82051282051282,53.205128205128204,9.615384615384617
E00048136,156,88,30,58,68,60,8,56.41025641025641,19.230769230769234,37.17948717948718,43.58974358974359,38.46153846153847,5.128205128205128
E00048137,128,57,13,44,71,67,4,44.53125,10.15625,34.375,55.46875,52.34375,3.125
E00048138,85,29,11,18,56,53,3,34.11764705882353,12.941176470588237,21.176470588235293,65.88235294117646,62.35294117647059,3.5294117647058822
E00048139,115,35,9,26,80,68,12,30.434782608695656,7.82608695652174,22.608695652173914,69.56521739130434,59.130434782608695,10.434782608695652
E00048140,149,52,24,28,97,94,3,34.899328859060404,16.10738255033557,18.79194630872483,65.1006711409396,63.08724832214765,2.013422818791946
E00048141,104,45,19,26,59,52,7,43.269230769230774,18.269230769230766,25,56.730769230769226,50,6.730769230769231
E00048142,185,88,22,66,97,92,5,47.56756756756757,11.891891891891893,35.67567567567568,52.43243243243243,49.72972972972973,2.7027027027027026
E00048143,114,42,14,28,72,66,6,36.84210526315789,12.280701754385964,24.561403508771928,63.1578947368421,57.89473684210527,5.263157894736842
E00048144,144,29,7,22,115,109,6,20.13888888888889,4.861111111111112,15.277777777777779,79.86111111111111,75.69444444444444,4.166666666666666
E00048146,121,45,19,26,76,68,8,37.1900826446281,15.702479338842975,21.487603305785125,62.8099173553719,56.19834710743802,6.6115702479338845
E00048147,117,46,21,25,71,62,9,39.31623931623932,17.94871794871795,21.367521367521366,60.68376068376068,52.991452991452995,7.6923076923076925
E00048148,139,41,16,25,98,89,9,29.496402877697843,11.510791366906476,17.985611510791365,70.50359712230215,64.02877697841727,6.474820143884892
E00048149,110,38,14,24,72,63,9,34.54545454545455,12.727272727272727,21.818181818181817,65.45454545454545,57.27272727272727,8.181818181818182
E00048150,160,49,12,37,111,103,8,30.625000000000004,7.5,23.125,69.375,64.375,5
E00048152,125,22,4,18,103,100,3,17.599999999999998,3.2,14.399999999999999,82.39999999999999,80,2.4
E00048153,118,43,16,27,75,70,5,36.440677966101696,13.559322033898304,22.88135593220339,63.559322033898304,59.32203389830508,4.23728813559322
E00048154,135,40,12,28,95,86,9,29.629629629629626,8.88888888888889,20.74074074074074,70.37037037037037,63.70370370370371,6.666666666666667
E00048155,118,35,12,23,83,73,10,29.66101694915254,10.16949152542373,19.491525423728813,70.33898305084746,61.86440677966102,8.47457627118644
E00048156,116,48,16,32,68,63,5,41.37931034482759,13.793103448275861,27.586206896551722,58.620689655172406,54.310344827586206,4.310344827586207
E00048158,135,29,12,17,106,94,12,21.48148148148148,8.88888888888889,12.592592592592592,78.51851851851852,69.62962962962963,8.88888888888889
E00048159,149,39,9,30,110,98,12,26.174496644295303,6.0402684563758395,20.13422818791946,73.8255033557047,65.77181208053692,8.053691275167784
E00048161,138,48,15,33,90,80,10,34.78260869565217,10.869565217391305,23.91304347826087,65.21739130434783,57.971014492753625,7.246376811594203
E00048162,149,43,14,29,106,96,10,28.859060402684566,9.395973154362416,19.463087248322147,71.14093959731544,64.42953020134227,6.7114093959731544
E00048163,131,29,8,21,102,93,9,22.137404580152673,6.106870229007633,16.030534351145036,77.86259541984732,70.99236641221374,6.870229007633588
E00048164,169,48,13,35,121,113,8,28.402366863905325,7.6923076923076925,20.710059171597635,71.59763313609467,66.86390532544378,4.733727810650888
E00048165,113,40,19,21,73,65,8,35.39823008849557,16.8141592920354,18.58407079646018,64.60176991150442,57.52212389380531,7.079646017699115
E00048166,142,44,15,29,98,89,9,30.985915492957744,10.56338028169014,20.422535211267608,69.01408450704226,62.676056338028175,6.338028169014084
E00048167,123,37,7,30,86,78,8,30.081300813008134,5.691056910569105,24.390243902439025,69.91869918699187,63.41463414634146,6.504065040650407
E00048168,123,33,14,19,90,82,8,26.82926829268293,11.38211382113821,15.447154471544716,73.17073170731707,66.66666666666666,6.504065040650407
E00048169,155,53,13,40,102,94,8,34.193548387096776,8.38709677419355,25.806451612903224,65.80645161290323,60.64516129032258,5.161290322580645
E00048170,168,54,22,32,114,105,9,32.142857142857146,13.095238095238097,19.047619047619047,67.85714285714286,62.5,5.357142857142857
E00048171,153,42,11,31,111,98,13,27.450980392156865,7.18954248366013,20.26143790849673,72.54901960784314,64.05228758169935,8.49673202614379
E00048172,120,39,10,29,81,72,9,32.5,8.333333333333332,24.166666666666668,67.5,60,7.5
E00048173,171,54,15,39,117,111,6,31.57894736842105,8.771929824561402,22.807017543859647,68.42105263157895,64.91228070175438,3.508771929824561
E00048174,160,50,16,34,110,95,15,31.25,10,21.25,68.75,59.375,9.375
E00048175,155,52,15,37,103,96,7,33.5483870967742,9.67741935483871,23.870967741935484,66.45161290322581,61.935483870967744,4.516129032258064
E00048176,77,26,7,19,51,49,2,33.76623376623377,9.090909090909092,24.675324675324674,66.23376623376623,63.63636363636363,2.5974025974025974
E00048177,136,45,16,29,91,77,14,33.088235294117645,11.76470588235294,21.323529411764707,66.91176470588235,56.61764705882353,10.294117647058822
E00048178,153,47,22,25,106,95,11,30.718954248366014,14.37908496732026,16.33986928104575,69.28104575163398,62.091503267973856,7.18954248366013
E00048179,143,33,8,25,110,101,9,23.076923076923077,5.594405594405594,17.482517482517483,76.92307692307693,70.62937062937063,6.293706293706294
E00048180,159,51,18,33,108,95,13,32.075471698113205,11.320754716981133,20.754716981132077,67.9245283018868,59.74842767295597,8.176100628930817
E00048181,149,44,12,32,105,96,9,29.53020134228188,8.053691275167784,21.476510067114095,70.46979865771812,64.42953020134227,6.0402684563758395
E00048182,143,40,5,35,103,89,14,27.972027972027973,3.4965034965034967,24.475524475524477,72.02797202797203,62.23776223776224,9.79020979020979
E00048183,125,50,18,32,75,71,4,40,14.399999999999999,25.6,60,56.8,3.2
E00048184,165,59,22,37,106,90,16,35.75757575757576,13.333333333333334,22.424242424242426,64.24242424242425,54.54545454545454,9.696969696969697
E00048185,139,43,16,27,96,86,10,30.935251798561154,11.510791366906476,19.424460431654676,69.06474820143885,61.87050359712231,7.1942446043165464
E00048186,75,28,8,20,47,47,0,37.333333333333336,10.666666666666668,26.666666666666668,62.66666666666667,62.66666666666667,0
E00048187,116,27,9,18,89,79,10,23.275862068965516,7.758620689655173,15.517241379310345,76.72413793103449,68.10344827586206,8.620689655172415
E00048188,119,32,15,17,87,78,9,26.89075630252101,12.605042016806722,14.285714285714285,73.10924369747899,65.54621848739495,7.563025210084033
E00048189,131,44,10,34,87,78,9,33.587786259541986,7.633587786259542,25.954198473282442,66.41221374045801,59.541984732824424,6.870229007633588
E00048190,162,55,14,41,107,93,14,33.95061728395062,8.641975308641975,25.308641975308642,66.0493827160494,57.407407407407405,8.641975308641975
E00048191,170,73,25,48,97,89,8,42.94117647058823,14.705882352941178,28.235294117647058,57.05882352941176,52.352941176470594,4.705882352941177
E00048192,102,33,11,22,69,69,0,32.35294117647059,10.784313725490197,21.568627450980394,67.64705882352942,67.64705882352942,0
E00048193,68,20,5,15,48,48,0,29.411764705882355,7.352941176470589,22.058823529411764,70.58823529411765,70.58823529411765,0
E00048194,143,58,16,42,85,73,12,40.55944055944056,11.188811188811188,29.37062937062937,59.44055944055944,51.048951048951054,8.391608391608392
E00048195,114,51,20,31,63,55,8,44.73684210526316,17.543859649122805,27.192982456140353,55.26315789473685,48.24561403508772,7.017543859649122
E00048196,162,72,26,46,90,81,9,44.44444444444444,16.049382716049383,28.39506172839506,55.55555555555556,50,5.555555555555555
E00048197,132,34,11,23,98,88,10,25.757575757575758,8.333333333333332,17.424242424242426,74.24242424242425,66.66666666666666,7.575757575757576
E00048198,214,93,18,75,121,108,13,43.45794392523364,8.411214953271028,35.046728971962615,56.54205607476636,50.467289719626166,6.074766355140187
E00048199,36,10,2,8,26,25,1,27.77777777777778,5.555555555555555,22.22222222222222,72.22222222222221,69.44444444444444,2.7777777777777777
E00048200,130,51,17,34,79,69,10,39.23076923076923,13.076923076923078,26.153846153846157,60.76923076923077,53.07692307692308,7.6923076923076925
E00048201,130,70,36,34,60,53,7,53.84615384615385,27.692307692307693,26.153846153846157,46.15384615384615,40.76923076923077,5.384615384615385
E00048202,134,53,22,31,81,74,7,39.55223880597015,16.417910447761194,23.134328358208954,60.447761194029844,55.223880597014926,5.223880597014925
E00048203,108,22,4,18,86,77,9,20.37037037037037,3.7037037037037033,16.666666666666664,79.62962962962963,71.29629629629629,8.333333333333332
E00165815,179,54,24,30,125,114,11,30.16759776536313,13.40782122905028,16.75977653631285,69.83240223463687,63.687150837988824,6.145251396648044
E00165817,148,45,13,32,103,89,14,30.405405405405407,8.783783783783784,21.62162162162162,69.5945945945946,60.13513513513513,9.45945945945946
E00175606,146,68,19,49,78,73,5,46.57534246575342,13.013698630136986,33.56164383561644,53.42465753424658,50,3.4246575342465753
E00175607,139,31,16,15,108,95,13,22.302158273381295,11.510791366906476,10.79136690647482,77.6978417266187,68.34532374100719,9.352517985611511
E00175608,32,11,4,7,21,16,5,34.375,12.5,21.875,65.625,50,15.625
E00175609,128,38,16,22,90,80,10,29.6875,12.5,17.1875,70.3125,62.5,7.8125
E00175611,134,43,18,25,91,82,9,32.08955223880597,13.432835820895523,18.65671641791045,67.91044776119402,61.19402985074627,6.7164179104477615
E00175612,70,29,10,19,41,37,4,41.42857142857143,14.285714285714285,27.142857142857142,58.57142857142858,52.85714285714286,5.714285714285714
E00175613,84,39,11,28,45,39,6,46.42857142857143,13.095238095238097,33.33333333333333,53.57142857142857,46.42857142857143,7.142857142857142
E00175614,162,106,75,31,56,51,5,65.4320987654321,46.2962962962963,19.1358024691358,34.5679012345679,31.48148148148148,3.0864197530864197
E00175615,103,42,21,21,61,55,6,40.77669902912621,20.388349514563107,20.388349514563107,59.22330097087378,53.398058252427184,5.825242718446602
E00175616,144,19,10,9,125,114,11,13.194444444444445,6.944444444444445,6.25,86.80555555555556,79.16666666666666,7.638888888888889
E00175618,129,20,8,12,109,96,13,15.503875968992247,6.2015503875969,9.30232558139535,84.49612403100775,74.4186046511628,10.077519379844961
E00175619,183,25,9,16,158,144,14,13.661202185792352,4.918032786885246,8.743169398907105,86.33879781420765,78.68852459016394,7.650273224043716
E00175620,130,26,8,18,104,89,15,20,6.153846153846154,13.846153846153847,80,68.46153846153847,11.538461538461538
E00175624,171,17,5,12,154,118,36,9.941520467836257,2.923976608187134,7.017543859649122,90.05847953216374,69.00584795321637,21.052631578947366
E00175625,164,27,11,16,137,115,22,16.463414634146343,6.707317073170732,9.75609756097561,83.53658536585365,70.1219512195122,13.414634146341465
E00175626,161,41,19,22,120,99,21,25.465838509316768,11.801242236024844,13.664596273291925,74.53416149068323,61.49068322981367,13.043478260869565
E00175630,112,17,7,10,95,79,16,15.178571428571427,6.25,8.928571428571429,84.82142857142857,70.53571428571429,14.285714285714285
E00175631,143,28,5,23,115,95,20,19.58041958041958,3.4965034965034967,16.083916083916083,80.41958041958041,66.43356643356644,13.986013986013987
E00175632,121,14,7,7,107,92,15,11.570247933884298,5.785123966942149,5.785123966942149,88.42975206611571,76.03305785123968,12.396694214876034
E00175634,102,7,0,7,95,82,13,6.862745098039216,0,6.862745098039216,93.13725490196079,80.3921568627451,12.745098039215685
E00175636,161,40,16,24,121,110,11,24.84472049689441,9.937888198757763,14.906832298136646,75.15527950310559,68.32298136645963,6.832298136645963
E00175638,94,22,9,13,72,62,10,23.404255319148938,9.574468085106384,13.829787234042554,76.59574468085107,65.95744680851064,10.638297872340425
E00175639,57,16,5,11,41,38,3,28.07017543859649,8.771929824561402,19.298245614035086,71.9298245614035,66.66666666666666,5.263157894736842
E00175640,137,16,8,8,121,103,18,11.678832116788321,5.839416058394161,5.839416058394161,88.32116788321169,75.18248175182481,13.138686131386862
E00175641,123,51,10,41,72,67,5,41.46341463414634,8.130081300813007,33.33333333333333,58.536585365853654,54.47154471544715,4.0650406504065035
E00175642,126,77,36,41,49,49,0,61.111111111111114,28.57142857142857,32.53968253968254,38.88888888888889,38.88888888888889,0
E00175643,149,21,11,10,128,108,20,14.093959731543624,7.38255033557047,6.7114093959731544,85.90604026845638,72.48322147651007,13.422818791946309
E00175645,125,17,8,9,108,90,18,13.600000000000001,6.4,7.199999999999999,86.4,72,14.399999999999999
E00175648,128,51,12,39,77,70,7,39.84375,9.375,30.46875,60.15625,54.6875,5.46875
E00175649,148,116,82,34,32,25,7,78.37837837837837,55.4054054054054,22.972972972972975,21.62162162162162,16.89189189189189,4.72972972972973
E00175650,123,47,23,24,76,60,16,38.21138211382114,18.69918699186992,19.51219512195122,61.78861788617886,48.78048780487805,13.008130081300814
E00175651,98,15,7,8,83,72,11,15.306122448979592,7.142857142857142,8.16326530612245,84.6938775510204,73.46938775510205,11.224489795918368
E00175654,252,33,15,18,219,169,50,13.095238095238097,5.952380952380952,7.142857142857142,86.90476190476191,67.06349206349206,19.841269841269842
E00175655,160,24,9,15,136,111,25,15,5.625,9.375,85,69.375,15.625
E00175657,143,28,16,12,115,106,9,19.58041958041958,11.188811188811188,8.391608391608392,80.41958041958041,74.12587412587412,6.293706293706294
E00175658,108,12,4,8,96,73,23,11.11111111111111,3.7037037037037033,7.4074074074074066,88.88888888888889,67.5925925925926,21.296296296296298
E00175659,340,46,26,20,294,232,62,13.529411764705882,7.647058823529412,5.88235294117647,86.47058823529412,68.23529411764706,18.235294117647058
E00175660,259,40,23,17,219,177,42,15.444015444015443,8.880308880308881,6.563706563706563,84.55598455598455,68.33976833976834,16.216216216216218
E00175662,90,33,9,24,57,51,6,36.666666666666664,10,26.666666666666668,63.33333333333333,56.666666666666664,6.666666666666667
E00175663,111,38,11,27,73,69,4,34.234234234234236,9.90990990990991,24.324324324324326,65.76576576576578,62.16216216216216,3.6036036036036037
E00175665,171,18,7,11,153,118,35,10.526315789473683,4.093567251461988,6.432748538011696,89.47368421052632,69.00584795321637,20.46783625730994
E00175666,125,15,9,6,110,91,19,12,7.199999999999999,4.8,88,72.8,15.2
E00175667,95,14,5,9,81,69,12,14.736842105263156,5.263157894736842,9.473684210526317,85.26315789473684,72.63157894736842,12.631578947368421
E00175668,81,28,13,15,53,47,6,34.5679012345679,16.049382716049383,18.51851851851852,65.4320987654321,58.0246913580247,7.4074074074074066
E00175669,230,47,16,31,183,169,14,20.434782608695652,6.956521739130435,13.478260869565217,79.56521739130434,73.47826086956522,6.086956521739131
E00175670,108,13,3,10,95,85,10,12.037037037037036,2.7777777777777777,9.25925925925926,87.96296296296296,78.70370370370371,9.25925925925926
E00175673,64,28,8,20,36,32,4,43.75,12.5,31.25,56.25,50,6.25
E00175674,27,7,2,5,20,19,1,25.925925925925924,7.4074074074074066,18.51851851851852,74.07407407407408,70.37037037037037,3.7037037037037033
E00175675,170,24,10,14,146,133,13,14.117647058823529,5.88235294117647,8.235294117647058,85.88235294117646,78.23529411764706,7.647058823529412
E00175676,168,30,6,24,138,127,11,17.857142857142858,3.571428571428571,14.285714285714285,82.14285714285714,75.59523809523809,6.547619047619048
E00175677,79,33,11,22,46,41,5,41.77215189873418,13.924050632911392,27.848101265822784,58.22784810126582,51.89873417721519,6.329113924050633
E00175678,230,59,24,35,171,144,27,25.65217391304348,10.434782608695652,15.217391304347828,74.34782608695653,62.60869565217392,11.73913043478261
E00175679,151,35,18,17,116,106,10,23.178807947019866,11.920529801324504,11.258278145695364,76.82119205298014,70.19867549668875,6.622516556291391
E00175680,83,20,7,13,63,53,10,24.096385542168676,8.433734939759036,15.66265060240964,75.90361445783132,63.85542168674698,12.048192771084338
E00175684,213,36,15,21,177,156,21,16.901408450704224,7.042253521126761,9.859154929577464,83.09859154929578,73.23943661971832,9.859154929577464
E00175685,112,25,10,15,87,80,7,22.321428571428573,8.928571428571429,13.392857142857142,77.67857142857143,71.42857142857143,6.25
E00175686,108,28,7,21,80,68,12,25.925925925925924,6.481481481481481,19.444444444444446,74.07407407407408,62.96296296296296,11.11111111111111
E00175687,437,96,45,51,341,309,32,21.96796338672769,10.297482837528605,11.670480549199084,78.03203661327231,70.70938215102976,7.322654462242563
E00175688,125,41,11,30,84,81,3,32.800000000000004,8.799999999999999,24,67.2,64.8,2.4
E00175689,236,73,26,47,163,128,35,30.93220338983051,11.016949152542372,19.915254237288135,69.0677966101695,54.23728813559322,14.83050847457627
E00175690,151,30,10,20,121,107,14,19.867549668874172,6.622516556291391,13.245033112582782,80.13245033112582,70.86092715231787,9.271523178807946
E00175691,118,24,5,19,94,86,8,20.33898305084746,4.23728813559322,16.101694915254235,79.66101694915254,72.88135593220339,6.779661016949152
E00175692,140,43,17,26,97,89,8,30.714285714285715,12.142857142857142,18.571428571428573,69.28571428571428,63.57142857142857,5.714285714285714
E00175693,128,30,5,25,98,84,14,23.4375,3.90625,19.53125,76.5625,65.625,10.9375
E00175694,154,36,8,28,118,102,16,23.376623376623375,5.194805194805195,18.181818181818183,76.62337662337663,66.23376623376623,10.38961038961039
E00175695,201,47,12,35,154,132,22,23.383084577114428,5.970149253731343,17.412935323383085,76.61691542288557,65.67164179104478,10.945273631840797
E00175696,150,44,13,31,106,92,14,29.333333333333332,8.666666666666668,20.666666666666668,70.66666666666667,61.33333333333333,9.333333333333334
E00175697,137,26,7,19,111,90,21,18.97810218978102,5.109489051094891,13.86861313868613,81.02189781021897,65.69343065693431,15.328467153284672
E00175698,106,22,8,14,84,73,11,20.754716981132077,7.547169811320755,13.20754716981132,79.24528301886792,68.86792452830188,10.377358490566039
E00175699,156,28,11,17,128,115,13,17.94871794871795,7.051282051282051,10.897435897435898,82.05128205128204,73.71794871794873,8.333333333333332
E00175700,56,19,4,15,37,35,2,33.92857142857143,7.142857142857142,26.785714285714285,66.07142857142857,62.5,3.571428571428571
E00175701,96,31,8,23,65,57,8,32.29166666666667,8.333333333333332,23.958333333333336,67.70833333333334,59.375,8.333333333333332
E00175703,61,10,2,8,51,47,4,16.39344262295082,3.278688524590164,13.114754098360656,83.60655737704919,77.04918032786885,6.557377049180328
E00175704,144,41,15,26,103,91,12,28.47222222222222,10.416666666666668,18.055555555555554,71.52777777777779,63.19444444444444,8.333333333333332
E00175705,177,37,13,24,140,128,12,20.903954802259886,7.344632768361582,13.559322033898304,79.09604519774011,72.31638418079096,6.779661016949152
E00175706,201,26,13,13,175,157,18,12.935323383084576,6.467661691542288,6.467661691542288,87.06467661691542,78.1094527363184,8.955223880597014
E00175708,131,19,9,10,112,90,22,14.50381679389313,6.870229007633588,7.633587786259542,85.49618320610686,68.70229007633588,16.793893129770993
E00175709,91,12,3,9,79,63,16,13.186813186813188,3.296703296703297,9.89010989010989,86.81318681318682,69.23076923076923,17.582417582417584
E00175710,93,31,8,23,62,55,7,33.33333333333333,8.60215053763441,24.731182795698924,66.66666666666666,59.13978494623656,7.526881720430108
E00175711,155,47,22,25,108,90,18,30.32258064516129,14.193548387096774,16.129032258064516,69.6774193548387,58.06451612903226,11.612903225806452
E00175712,139,37,9,28,102,85,17,26.618705035971225,6.474820143884892,20.14388489208633,73.38129496402878,61.15107913669065,12.23021582733813
E00175713,183,109,85,24,74,61,13,59.56284153005464,46.44808743169399,13.114754098360656,40.43715846994536,33.33333333333333,7.103825136612022
E00175714,106,42,10,32,64,57,7,39.62264150943396,9.433962264150944,30.18867924528302,60.37735849056604,53.77358490566038,6.60377358490566
E00175715,163,31,6,25,132,111,21,19.018404907975462,3.6809815950920246,15.337423312883436,80.98159509202453,68.09815950920245,12.883435582822086
E00175717,202,62,18,44,140,127,13,30.693069306930692,8.91089108910891,21.782178217821784,69.3069306930693,62.87128712871287,6.435643564356436
E00175718,219,104,61,43,115,108,7,47.48858447488584,27.85388127853881,19.63470319634703,52.51141552511416,49.31506849315068,3.1963470319634704
E00175720,200,52,16,36,148,131,17,26,8,18,74,65.5,8.5
E00175721,129,62,22,40,67,65,2,48.06201550387597,17.05426356589147,31.007751937984494,51.93798449612403,50.3875968992248,1.550387596899225
E00175722,268,27,17,10,241,217,24,10.074626865671641,6.343283582089552,3.731343283582089,89.92537313432835,80.97014925373134,8.955223880597014
E00175723,50,17,10,7,33,25,8,34,20,14.000000000000002,66,50,16
E00175724,187,45,16,29,142,121,21,24.06417112299465,8.55614973262032,15.508021390374333,75.93582887700535,64.70588235294117,11.229946524064172
E00175725,178,43,14,29,135,117,18,24.15730337078652,7.865168539325842,16.292134831460675,75.84269662921348,65.73033707865169,10.112359550561797
E00175726,82,64,55,9,18,15,3,78.04878048780488,67.07317073170732,10.975609756097562,21.951219512195124,18.29268292682927,3.6585365853658534
E00175727,210,44,9,35,166,156,10,20.952380952380953,4.285714285714286,16.666666666666664,79.04761904761905,74.28571428571429,4.761904761904762
E00175728,183,32,12,20,151,126,25,17.48633879781421,6.557377049180328,10.92896174863388,82.5136612021858,68.85245901639344,13.661202185792352
E00175729,177,97,25,72,80,75,5,54.80225988700565,14.124293785310735,40.67796610169492,45.19774011299435,42.3728813559322,2.824858757062147
E00175730,184,35,13,22,149,135,14,19.021739130434785,7.065217391304348,11.956521739130435,80.97826086956522,73.36956521739131,7.608695652173914
E00175731,167,85,27,58,82,76,6,50.898203592814376,16.16766467065868,34.73053892215569,49.101796407185624,45.50898203592814,3.592814371257485
E00175732,142,33,9,24,109,91,18,23.239436619718308,6.338028169014084,16.901408450704224,76.76056338028168,64.08450704225352,12.676056338028168
E00175733,92,18,10,8,74,66,8,19.565217391304348,10.869565217391305,8.695652173913043,80.43478260869566,71.73913043478261,8.695652173913043
E00175734,164,57,23,34,107,92,15,34.756097560975604,14.02439024390244,20.73170731707317,65.2439024390244,56.09756097560976,9.146341463414634
E00175735,138,29,15,14,109,98,11,21.014492753623188,10.869565217391305,10.144927536231885,78.98550724637681,71.01449275362319,7.971014492753622
E00175736,72,29,15,14,43,38,5,40.27777777777778,20.833333333333336,19.444444444444446,59.72222222222222,52.77777777777778,6.944444444444445
E00175737,130,33,15,18,97,86,11,25.384615384615383,11.538461538461538,13.846153846153847,74.61538461538461,66.15384615384615,8.461538461538462
E00175740,138,38,15,23,100,87,13,27.536231884057973,10.869565217391305,16.666666666666664,72.46376811594203,63.04347826086957,9.420289855072465
E00175741,155,39,12,27,116,100,16,25.161290322580644,7.741935483870968,17.419354838709676,74.83870967741936,64.51612903225806,10.32258064516129
E00175742,145,32,11,21,113,97,16,22.06896551724138,7.586206896551724,14.482758620689657,77.93103448275862,66.89655172413794,11.03448275862069
E00175743,168,44,12,32,124,110,14,26.190476190476193,7.142857142857142,19.047619047619047,73.80952380952381,65.47619047619048,8.333333333333332
E00175744,113,44,19,25,69,69,0,38.93805309734513,16.8141592920354,22.123893805309734,61.06194690265486,61.06194690265486,0
E00175745,59,25,4,21,34,30,4,42.3728813559322,6.779661016949152,35.59322033898305,57.6271186440678,50.847457627118644,6.779661016949152
E00175746,156,72,23,49,84,79,5,46.15384615384615,14.743589743589745,31.41025641025641,53.84615384615385,50.641025641025635,3.205128205128205
E00175747,116,30,12,18,86,73,13,25.862068965517242,10.344827586206897,15.517241379310345,74.13793103448276,62.93103448275862,11.206896551724139
E00175748,129,27,6,21,102,88,14,20.930232558139537,4.651162790697675,16.27906976744186,79.06976744186046,68.21705426356588,10.852713178294573
E00175749,89,43,15,28,46,45,1,48.31460674157304,16.853932584269664,31.46067415730337,51.68539325842697,50.56179775280899,1.1235955056179776
E00175750,209,56,14,42,153,139,14,26.794258373205743,6.698564593301436,20.095693779904305,73.20574162679426,66.50717703349282,6.698564593301436
E00175751,88,27,9,18,61,53,8,30.681818181818183,10.227272727272728,20.454545454545457,69.31818181818183,60.22727272727273,9.090909090909092
E00175752,118,37,22,15,81,64,17,31.35593220338983,18.64406779661017,12.711864406779661,68.64406779661016,54.23728813559322,14.40677966101695
E00175754,103,33,12,21,70,66,4,32.038834951456316,11.650485436893204,20.388349514563107,67.96116504854369,64.07766990291263,3.8834951456310676
E00175755,99,39,18,21,60,53,7,39.39393939393939,18.181818181818183,21.21212121212121,60.60606060606061,53.535353535353536,7.07070707070707
E00175756,58,19,10,9,39,33,6,32.758620689655174,17.24137931034483,15.517241379310345,67.24137931034483,56.896551724137936,10.344827586206897
E00175758,75,35,23,12,40,36,4,46.666666666666664,30.666666666666664,16,53.333333333333336,48,5.333333333333334
E00175760,117,24,9,15,93,78,15,20.51282051282051,7.6923076923076925,12.82051282051282,79.48717948717949,66.66666666666666,12.82051282051282
E00175761,191,100,48,52,91,81,10,52.35602094240838,25.13089005235602,27.225130890052355,47.64397905759162,42.40837696335078,5.2356020942408374
E00175764,87,42,16,26,45,38,7,48.275862068965516,18.39080459770115,29.88505747126437,51.724137931034484,43.67816091954023,8.045977011494253
E00175765,115,43,14,29,72,70,2,37.391304347826086,12.173913043478262,25.217391304347824,62.60869565217392,60.86956521739131,1.7391304347826086
E00175766,145,52,22,30,93,88,5,35.86206896551724,15.172413793103448,20.689655172413794,64.13793103448275,60.689655172413794,3.4482758620689653
E00175767,351,68,31,37,283,241,42,19.37321937321937,8.831908831908832,10.541310541310542,80.62678062678063,68.66096866096866,11.965811965811966
E00175768,121,88,46,42,33,30,3,72.72727272727273,38.01652892561984,34.710743801652896,27.27272727272727,24.793388429752067,2.479338842975207
E00175770,36,17,10,7,19,17,2,47.22222222222222,27.77777777777778,19.444444444444446,52.77777777777778,47.22222222222222,5.555555555555555
E00175771,185,24,13,11,161,129,32,12.972972972972974,7.027027027027027,5.9459459459459465,87.02702702702703,69.72972972972973,17.2972972972973
E00175772,125,40,14,26,85,78,7,32,11.200000000000001,20.8,68,62.4,5.6000000000000005
E00175773,150,47,23,24,103,92,11,31.333333333333336,15.333333333333332,16,68.66666666666667,61.33333333333333,7.333333333333333
E00175774,138,43,14,29,95,88,7,31.15942028985507,10.144927536231885,21.014492753623188,68.84057971014492,63.76811594202898,5.072463768115942
E00175776,147,73,23,50,74,66,8,49.65986394557823,15.646258503401361,34.01360544217687,50.34013605442177,44.89795918367347,5.442176870748299
E00175777,152,53,25,28,99,86,13,34.868421052631575,16.447368421052634,18.421052631578945,65.13157894736842,56.57894736842105,8.552631578947368
E00175778,169,25,15,10,144,109,35,14.792899408284024,8.875739644970414,5.9171597633136095,85.20710059171599,64.49704142011834,20.710059171597635
E00175779,143,12,4,8,131,104,27,8.391608391608392,2.797202797202797,5.594405594405594,91.6083916083916,72.72727272727273,18.88111888111888
E00175780,167,21,8,13,146,131,15,12.574850299401197,4.790419161676647,7.784431137724551,87.42514970059881,78.44311377245509,8.982035928143713
E00175782,57,12,7,5,45,41,4,21.052631578947366,12.280701754385964,8.771929824561402,78.94736842105263,71.9298245614035,7.017543859649122
E00175783,131,74,50,24,57,37,20,56.48854961832062,38.16793893129771,18.3206106870229,43.51145038167939,28.24427480916031,15.267175572519085
E00175784,76,35,7,28,41,37,4,46.05263157894737,9.210526315789473,36.84210526315789,53.94736842105263,48.68421052631579,5.263157894736842
E00175785,203,54,16,38,149,127,22,26.60098522167488,7.8817733990147785,18.7192118226601,73.39901477832512,62.5615763546798,10.83743842364532
E00175788,63,32,10,22,31,25,6,50.79365079365079,15.873015873015872,34.92063492063492,49.2063492063492,39.682539682539684,9.523809523809524
E00175789,94,30,11,19,64,54,10,31.914893617021278,11.702127659574469,20.212765957446805,68.08510638297872,57.446808510638306,10.638297872340425
E00175790,166,35,10,25,131,114,17,21.084337349397593,6.024096385542169,15.060240963855422,78.91566265060241,68.67469879518072,10.240963855421686
E00175791,86,21,7,14,65,56,9,24.418604651162788,8.13953488372093,16.27906976744186,75.5813953488372,65.11627906976744,10.465116279069768
E00175792,54,20,6,14,34,32,2,37.03703703703704,11.11111111111111,25.925925925925924,62.96296296296296,59.25925925925925,3.7037037037037033
E00175793,91,44,16,28,47,41,6,48.35164835164835,17.582417582417584,30.76923076923077,51.64835164835166,45.05494505494506,6.593406593406594
E00175795,147,41,4,37,106,98,8,27.89115646258503,2.7210884353741496,25.170068027210885,72.10884353741497,66.66666666666666,5.442176870748299
E00175796,253,69,27,42,184,164,20,27.27272727272727,10.67193675889328,16.600790513833992,72.72727272727273,64.82213438735178,7.905138339920949
E00175798,123,52,14,38,71,64,7,42.27642276422765,11.38211382113821,30.89430894308943,57.72357723577236,52.03252032520326,5.691056910569105
E00175799,126,38,7,31,88,74,14,30.158730158730158,5.555555555555555,24.6031746031746,69.84126984126983,58.730158730158735,11.11111111111111
E00175800,214,171,128,43,43,37,6,79.90654205607477,59.813084112149525,20.093457943925234,20.093457943925234,17.289719626168225,2.803738317757009
E00175801,97,39,19,20,58,56,2,40.20618556701031,19.587628865979383,20.618556701030926,59.79381443298969,57.73195876288659,2.0618556701030926
E00175802,51,28,23,5,23,20,3,54.90196078431373,45.09803921568628,9.803921568627452,45.09803921568628,39.21568627450981,5.88235294117647
E00175803,262,66,20,46,196,179,17,25.190839694656486,7.633587786259542,17.557251908396946,74.80916030534351,68.32061068702289,6.488549618320611
E00186085,184,111,43,68,73,72,1,60.32608695652174,23.369565217391305,36.95652173913043,39.67391304347826,39.130434782608695,0.5434782608695652
E00186089,179,74,18,56,105,95,10,41.340782122905026,10.05586592178771,31.28491620111732,58.659217877094974,53.072625698324025,5.58659217877095
E00186091,42,13,3,10,29,25,4,30.952380952380953,7.142857142857142,23.809523809523807,69.04761904761905,59.523809523809526,9.523809523809524
E00186093,115,55,18,37,60,52,8,47.82608695652174,15.65217391304348,32.17391304347826,52.17391304347826,45.21739130434783,6.956521739130435
E00186094,115,46,17,29,69,61,8,40,14.782608695652174,25.217391304347824,60,53.04347826086957,6.956521739130435
E00186095,78,18,6,12,60,55,5,23.076923076923077,7.6923076923076925,15.384615384615385,76.92307692307693,70.51282051282051,6.41025641025641
E00186096,191,32,13,19,159,135,24,16.75392670157068,6.806282722513089,9.947643979057592,83.24607329842932,70.68062827225131,12.56544502617801
E00186098,271,73,36,37,198,165,33,26.937269372693727,13.284132841328415,13.653136531365314,73.06273062730627,60.88560885608856,12.177121771217712
E00186099,285,86,36,50,199,168,31,30.175438596491226,12.631578947368421,17.543859649122805,69.82456140350877,58.94736842105262,10.87719298245614
E00186100,119,28,9,19,91,79,12,23.52941176470588,7.563025210084033,15.966386554621847,76.47058823529412,66.38655462184873,10.084033613445378
E00186101,275,29,13,16,246,193,53,10.545454545454545,4.7272727272727275,5.818181818181818,89.45454545454545,70.18181818181817,19.272727272727273
E00186102,103,50,20,30,53,53,0,48.54368932038835,19.41747572815534,29.126213592233007,51.45631067961165,51.45631067961165,0
E00186103,132,68,32,36,64,61,3,51.515151515151516,24.242424242424242,27.27272727272727,48.484848484848484,46.21212121212121,2.272727272727273
E00186104,101,41,16,25,60,53,7,40.5940594059406,15.841584158415841,24.752475247524753,59.4059405940594,52.475247524752476,6.9306930693069315
E00186105,226,64,32,32,162,142,20,28.31858407079646,14.15929203539823,14.15929203539823,71.68141592920354,62.83185840707964,8.849557522123893
E00186106,237,95,69,26,142,120,22,40.08438818565401,29.11392405063291,10.970464135021098,59.91561181434599,50.63291139240506,9.282700421940929
E00186107,117,83,57,26,34,30,4,70.94017094017094,48.717948717948715,22.22222222222222,29.059829059829063,25.64102564102564,3.418803418803419
E00186108,92,23,10,13,69,58,11,25,10.869565217391305,14.130434782608695,75,63.04347826086957,11.956521739130435
E00186109,133,52,14,38,81,75,6,39.097744360902254,10.526315789473683,28.57142857142857,60.902255639097746,56.390977443609025,4.511278195488721
E00186110,65,28,7,21,37,37,0,43.07692307692308,10.76923076923077,32.30769230769231,56.92307692307692,56.92307692307692,0
E00186111,262,54,7,47,208,176,32,20.610687022900763,2.6717557251908395,17.938931297709924,79.38931297709924,67.17557251908397,12.213740458015266
E00186112,159,30,12,18,129,114,15,18.867924528301888,7.547169811320755,11.320754716981133,81.13207547169812,71.69811320754717,9.433962264150944
E00186113,57,7,5,2,50,42,8,12.280701754385964,8.771929824561402,3.508771929824561,87.71929824561403,73.68421052631578,14.035087719298245
E00186114,78,36,17,19,42,38,4,46.15384615384615,21.794871794871796,24.358974358974358,53.84615384615385,48.717948717948715,5.128205128205128
E00186115,116,50,12,38,66,63,3,43.103448275862064,10.344827586206897,32.758620689655174,56.896551724137936,54.310344827586206,2.586206896551724
E00186116,65,27,12,15,38,31,7,41.53846153846154,18.461538461538463,23.076923076923077,58.46153846153847,47.69230769230769,10.76923076923077
E00186117,67,32,5,27,35,32,3,47.76119402985074,7.462686567164178,40.298507462686565,52.23880597014925,47.76119402985074,4.477611940298507
E00186118,8,4,1,3,4,4,0,50,12.5,37.5,50,50,0
E00186119,155,41,17,24,114,103,11,26.451612903225808,10.967741935483872,15.483870967741936,73.54838709677419,66.45161290322581,7.096774193548387
E00186120,201,75,16,59,126,115,11,37.3134328358209,7.960199004975125,29.35323383084577,62.68656716417911,57.2139303482587,5.472636815920398
E00186121,247,45,19,26,202,180,22,18.218623481781375,7.6923076923076925,10.526315789473683,81.78137651821862,72.8744939271255,8.906882591093117
E00186122,49,25,9,16,24,24,0,51.02040816326531,18.367346938775512,32.6530612244898,48.97959183673469,48.97959183673469,0
E00186123,152,29,10,19,123,99,24,19.078947368421055,6.578947368421052,12.5,80.92105263157895,65.13157894736842,15.789473684210526
E00186124,254,50,19,31,204,182,22,19.68503937007874,7.480314960629922,12.204724409448819,80.31496062992126,71.65354330708661,8.661417322834646
E00186125,85,66,61,5,19,17,2,77.64705882352942,71.76470588235294,5.88235294117647,22.35294117647059,20,2.3529411764705883
E00186126,12,4,1,3,8,7,1,33.33333333333333,8.333333333333332,25,66.66666666666666,58.333333333333336,8.333333333333332
E00186127,159,41,15,26,118,107,11,25.78616352201258,9.433962264150944,16.352201257861633,74.21383647798741,67.29559748427673,6.918238993710692
E00186128,137,66,19,47,71,64,7,48.175182481751825,13.86861313868613,34.306569343065696,51.82481751824818,46.715328467153284,5.109489051094891
E00186129,146,54,19,35,92,87,5,36.986301369863014,13.013698630136986,23.972602739726025,63.013698630136986,59.589041095890416,3.4246575342465753
E00186130,145,23,10,13,122,109,13,15.862068965517242,6.896551724137931,8.96551724137931,84.13793103448276,75.17241379310344,8.96551724137931
E00186131,82,28,13,15,54,48,6,34.146341463414636,15.853658536585366,18.29268292682927,65.85365853658537,58.536585365853654,7.317073170731707
E00186132,47,15,9,6,32,31,1,31.914893617021278,19.148936170212767,12.76595744680851,68.08510638297872,65.95744680851064,2.127659574468085
E00186133,83,35,14,21,48,45,3,42.168674698795186,16.867469879518072,25.301204819277107,57.831325301204814,54.21686746987952,3.614457831325301
E00186134,78,42,11,31,36,32,4,53.84615384615385,14.102564102564102,39.743589743589745,46.15384615384615,41.02564102564102,5.128205128205128
E00186135,70,34,7,27,36,33,3,48.57142857142857,10,38.57142857142858,51.42857142857142,47.14285714285714,4.285714285714286
E00186136,126,13,5,8,113,85,28,10.317460317460316,3.968253968253968,6.349206349206349,89.68253968253968,67.46031746031747,22.22222222222222
E00186137,85,41,9,32,44,40,4,48.23529411764706,10.588235294117647,37.64705882352941,51.76470588235295,47.05882352941176,4.705882352941177
E00186138,77,9,0,9,68,57,11,11.688311688311687,0,11.688311688311687,88.31168831168831,74.02597402597402,14.285714285714285
E00186139,136,70,19,51,66,59,7,51.470588235294116,13.970588235294118,37.5,48.529411764705884,43.38235294117647,5.147058823529411
E00186140,148,65,24,41,83,76,7,43.91891891891892,16.216216216216218,27.7027027027027,56.08108108108109,51.35135135135135,4.72972972972973
E00186141,84,21,5,16,63,51,12,25,5.952380952380952,19.047619047619047,75,60.71428571428571,14.285714285714285
E00186142,50,30,17,13,20,19,1,60,34,26,40,38,2
E00186143,40,16,7,9,24,23,1,40,17.5,22.5,60,57.49999999999999,2.5
E00186144,117,50,18,32,67,62,5,42.73504273504273,15.384615384615385,27.350427350427353,57.26495726495726,52.991452991452995,4.273504273504273
E00186145,179,63,20,43,116,106,10,35.19553072625698,11.1731843575419,24.022346368715084,64.80446927374301,59.217877094972074,5.58659217877095
E00186146,46,17,4,13,29,29,0,36.95652173913043,8.695652173913043,28.26086956521739,63.04347826086957,63.04347826086957,0
E00186147,185,29,12,17,156,134,22,15.675675675675677,6.486486486486487,9.18918918918919,84.32432432432432,72.43243243243244,11.891891891891893
E00186148,236,43,19,24,193,179,14,18.220338983050848,8.050847457627118,10.16949152542373,81.77966101694916,75.84745762711864,5.932203389830509
E00186149,56,32,20,12,24,21,3,57.14285714285714,35.714285714285715,21.428571428571427,42.857142857142854,37.5,5.357142857142857
E00186150,171,44,18,26,127,118,9,25.730994152046783,10.526315789473683,15.204678362573098,74.26900584795322,69.00584795321637,5.263157894736842
E00186151,113,25,9,16,88,77,11,22.123893805309734,7.964601769911504,14.15929203539823,77.87610619469027,68.14159292035397,9.734513274336283
E00186152,110,47,17,30,63,57,6,42.72727272727273,15.454545454545453,27.27272727272727,57.27272727272727,51.81818181818182,5.454545454545454
E00186153,91,41,19,22,50,46,4,45.05494505494506,20.87912087912088,24.175824175824175,54.94505494505495,50.54945054945055,4.395604395604396
E00186154,113,25,14,11,88,73,15,22.123893805309734,12.389380530973451,9.734513274336283,77.87610619469027,64.60176991150442,13.274336283185843
E00186155,165,98,75,23,67,53,14,59.3939393939394,45.45454545454545,13.939393939393941,40.60606060606061,32.121212121212125,8.484848484848486
E00186156,82,15,3,12,67,54,13,18.29268292682927,3.6585365853658534,14.634146341463413,81.70731707317073,65.85365853658537,15.853658536585366
E00186157,103,14,3,11,89,76,13,13.592233009708737,2.912621359223301,10.679611650485436,86.40776699029125,73.7864077669903,12.62135922330097
E00186158,142,34,11,23,108,89,19,23.943661971830984,7.746478873239436,16.19718309859155,76.05633802816901,62.676056338028175,13.380281690140844
E00186159,181,37,26,11,144,127,17,20.441988950276244,14.3646408839779,6.077348066298343,79.55801104972376,70.1657458563536,9.392265193370166
E00186160,178,32,8,24,146,130,16,17.97752808988764,4.49438202247191,13.48314606741573,82.02247191011236,73.03370786516854,8.98876404494382
E00186161,166,55,19,36,111,90,21,33.13253012048193,11.44578313253012,21.686746987951807,66.86746987951807,54.21686746987952,12.650602409638553
E00186162,56,28,11,17,28,27,1,50,19.642857142857142,30.357142857142854,50,48.214285714285715,1.7857142857142856
E00186163,77,51,39,12,26,23,3,66.23376623376623,50.649350649350644,15.584415584415584,33.76623376623377,29.87012987012987,3.896103896103896
E00186164,97,36,10,26,61,55,6,37.11340206185567,10.309278350515463,26.804123711340207,62.88659793814433,56.70103092783505,6.185567010309279
E00186165,174,65,33,32,109,94,15,37.35632183908046,18.96551724137931,18.39080459770115,62.643678160919535,54.02298850574713,8.620689655172415
E00186166,133,55,16,39,78,72,6,41.35338345864661,12.030075187969924,29.32330827067669,58.64661654135338,54.13533834586466,4.511278195488721
E00186167,136,46,17,29,90,79,11,33.82352941176471,12.5,21.323529411764707,66.17647058823529,58.08823529411765,8.088235294117647
E00186168,202,91,34,57,111,104,7,45.04950495049505,16.831683168316832,28.217821782178216,54.95049504950495,51.48514851485149,3.4653465346534658
E00186169,36,17,4,13,19,18,1,47.22222222222222,11.11111111111111,36.11111111111111,52.77777777777778,50,2.7777777777777777
E00186170,168,56,22,34,112,104,8,33.33333333333333,13.095238095238097,20.238095238095237,66.66666666666666,61.904761904761905,4.761904761904762
E00186171,33,17,9,8,16,16,0,51.515151515151516,27.27272727272727,24.242424242424242,48.484848484848484,48.484848484848484,0
E00186172,191,80,28,52,111,94,17,41.8848167539267,14.659685863874344,27.225130890052355,58.1151832460733,49.21465968586388,8.900523560209423
E00186173,193,62,21,41,131,112,19,32.12435233160622,10.880829015544041,21.243523316062177,67.87564766839378,58.03108808290155,9.844559585492227
E00186174,90,46,13,33,44,42,2,51.11111111111111,14.444444444444443,36.666666666666664,48.888888888888886,46.666666666666664,2.2222222222222223
E00186175,108,54,25,29,54,49,5,50,23.14814814814815,26.851851851851855,50,45.370370370370374,4.62962962962963
E00186176,33,18,4,14,15,13,2,54.54545454545454,12.121212121212121,42.42424242424242,45.45454545454545,39.39393939393939,6.0606060606060606
E00186177,68,16,7,9,52,44,8,23.52941176470588,10.294117647058822,13.23529411764706,76.47058823529412,64.70588235294117,11.76470588235294
E00186178,55,42,28,14,13,10,3,76.36363636363637,50.90909090909091,25.454545454545453,23.636363636363637,18.181818181818183,5.454545454545454
E00186179,113,54,26,28,59,50,9,47.78761061946903,23.008849557522122,24.778761061946902,52.21238938053098,44.24778761061947,7.964601769911504
E00186180,137,43,10,33,94,84,10,31.386861313868614,7.2992700729927,24.087591240875913,68.61313868613139,61.31386861313869,7.2992700729927
E00186181,146,20,5,15,126,111,15,13.698630136986301,3.4246575342465753,10.273972602739725,86.3013698630137,76.02739726027397,10.273972602739725
E00186182,71,30,11,19,41,36,5,42.25352112676056,15.492957746478872,26.76056338028169,57.74647887323944,50.70422535211267,7.042253521126761
E00186183,203,55,17,38,148,135,13,27.093596059113302,8.374384236453201,18.7192118226601,72.9064039408867,66.50246305418719,6.403940886699508
E00186184,71,24,8,16,47,42,5,33.80281690140845,11.267605633802818,22.535211267605636,66.19718309859155,59.154929577464785,7.042253521126761
E00186185,192,42,14,28,150,141,9,21.875,7.291666666666667,14.583333333333334,78.125,73.4375,4.6875
E00186186,228,67,18,49,161,137,24,29.385964912280706,7.894736842105263,21.49122807017544,70.6140350877193,60.08771929824561,10.526315789473683
E00186187,114,66,22,44,48,48,0,57.89473684210527,19.298245614035086,38.59649122807017,42.10526315789473,42.10526315789473,0
E00186188,78,23,14,9,55,46,9,29.48717948717949,17.94871794871795,11.538461538461538,70.51282051282051,58.97435897435898,11.538461538461538
E00186189,281,84,23,61,197,167,30,29.8932384341637,8.185053380782918,21.70818505338078,70.1067615658363,59.430604982206404,10.676156583629894
E00186190,100,57,13,44,43,39,4,56.99999999999999,13,44,43,39,4
E00186191,102,18,10,8,84,68,16,17.647058823529413,9.803921568627452,7.8431372549019605,82.35294117647058,66.66666666666666,15.686274509803921
E00186192,140,61,19,42,79,74,5,43.57142857142857,13.571428571428571,30,56.42857142857143,52.85714285714286,3.571428571428571
E00186193,66,23,3,20,43,40,3,34.84848484848485,4.545454545454546,30.303030303030305,65.15151515151516,60.60606060606061,4.545454545454546
E00186194,114,23,10,13,91,85,6,20.175438596491226,8.771929824561402,11.403508771929824,79.82456140350878,74.56140350877193,5.263157894736842
E00186195,87,36,13,23,51,48,3,41.37931034482759,14.942528735632186,26.436781609195403,58.620689655172406,55.172413793103445,3.4482758620689653
E00186196,152,46,8,38,106,90,16,30.263157894736842,5.263157894736842,25,69.73684210526315,59.210526315789465,10.526315789473683
E00186197,195,77,35,42,118,104,14,39.48717948717949,17.94871794871795,21.53846153846154,60.51282051282051,53.333333333333336,7.179487179487179
E00186198,148,66,27,39,82,76,6,44.5945945945946,18.243243243243242,26.351351351351347,55.4054054054054,51.35135135135135,4.054054054054054
E00186199,70,16,10,6,54,44,10,22.857142857142858,14.285714285714285,8.571428571428571,77.14285714285715,62.857142857142854,14.285714285714285
E00186200,43,20,5,15,23,21,2,46.51162790697674,11.627906976744185,34.883720930232556,53.48837209302325,48.837209302325576,4.651162790697675
E00186201,116,35,11,24,81,70,11,30.17241379310345,9.482758620689655,20.689655172413794,69.82758620689656,60.3448275862069,9.482758620689655
E00186202,70,22,4,18,48,39,9,31.428571428571427,5.714285714285714,25.71428571428571,68.57142857142857,55.714285714285715,12.857142857142856
E00186203,73,31,13,18,42,41,1,42.465753424657535,17.80821917808219,24.65753424657534,57.534246575342465,56.16438356164384,1.36986301369863
E00186204,140,60,22,38,80,79,1,42.857142857142854,15.714285714285714,27.142857142857142,57.14285714285714,56.42857142857143,0.7142857142857143
E00186205,18,12,2,10,6,5,1,66.66666666666666,11.11111111111111,55.55555555555556,33.33333333333333,27.77777777777778,5.555555555555555
E00186206,66,19,8,11,47,34,13,28.78787878787879,12.121212121212121,16.666666666666664,71.21212121212122,51.515151515151516,19.696969696969695
E00186207,141,56,19,37,85,76,9,39.71631205673759,13.47517730496454,26.24113475177305,60.28368794326241,53.90070921985816,6.382978723404255
E00186208,93,25,9,16,68,59,9,26.881720430107524,9.67741935483871,17.20430107526882,73.11827956989248,63.44086021505376,9.67741935483871
E00186209,201,33,17,16,168,142,26,16.417910447761194,8.45771144278607,7.960199004975125,83.5820895522388,70.64676616915423,12.935323383084576
E00186210,143,24,10,14,119,99,20,16.783216783216783,6.993006993006993,9.79020979020979,83.21678321678321,69.23076923076923,13.986013986013987
E00186211,239,37,16,21,202,178,24,15.481171548117153,6.694560669456067,8.786610878661087,84.51882845188284,74.47698744769873,10.0418410041841
E00186212,87,52,21,31,35,35,0,59.77011494252874,24.137931034482758,35.63218390804598,40.229885057471265,40.229885057471265,0
E00186213,76,59,48,11,17,14,3,77.63157894736842,63.1578947368421,14.473684210526317,22.36842105263158,18.421052631578945,3.9473684210526314
E00186214,90,11,5,6,79,62,17,12.222222222222221,5.555555555555555,6.666666666666667,87.77777777777777,68.88888888888889,18.88888888888889
E00186215,180,37,17,20,143,119,24,20.555555555555554,9.444444444444445,11.11111111111111,79.44444444444444,66.11111111111111,13.333333333333334
E00186216,53,8,1,7,45,36,9,15.09433962264151,1.8867924528301887,13.20754716981132,84.90566037735849,67.9245283018868,16.9811320754717
E00186217,129,27,2,25,102,96,6,20.930232558139537,1.550387596899225,19.379844961240313,79.06976744186046,74.4186046511628,4.651162790697675
E00186218,153,39,17,22,114,97,17,25.49019607843137,11.11111111111111,14.37908496732026,74.50980392156863,63.39869281045751,11.11111111111111
E00186219,99,23,9,14,76,68,8,23.232323232323232,9.090909090909092,14.14141414141414,76.76767676767676,68.68686868686868,8.080808080808081
E00186220,91,19,8,11,72,68,4,20.87912087912088,8.791208791208792,12.087912087912088,79.12087912087912,74.72527472527473,4.395604395604396
E00186221,149,72,24,48,77,71,6,48.322147651006716,16.10738255033557,32.21476510067114,51.67785234899329,47.651006711409394,4.026845637583892
E00186222,80,23,7,16,57,50,7,28.749999999999996,8.75,20,71.25,62.5,8.75
E00186223,87,35,11,24,52,44,8,40.229885057471265,12.643678160919542,27.586206896551722,59.77011494252874,50.57471264367817,9.195402298850574
E00186224,91,44,9,35,47,42,5,48.35164835164835,9.89010989010989,38.46153846153847,51.64835164835166,46.15384615384615,5.4945054945054945
E00186225,64,23,11,12,41,38,3,35.9375,17.1875,18.75,64.0625,59.375,4.6875
E00186226,275,51,12,39,224,202,22,18.545454545454547,4.363636363636364,14.181818181818182,81.45454545454545,73.45454545454545,8
E00186227,147,52,16,36,95,84,11,35.374149659863946,10.884353741496598,24.489795918367346,64.62585034013605,57.14285714285714,7.482993197278912
E00186228,106,39,17,22,67,61,6,36.79245283018868,16.037735849056602,20.754716981132077,63.20754716981132,57.54716981132076,5.660377358490567
E00186229,93,47,14,33,46,41,5,50.53763440860215,15.053763440860216,35.483870967741936,49.46236559139785,44.086021505376344,5.376344086021505
E00186230,77,35,8,27,42,37,5,45.45454545454545,10.38961038961039,35.064935064935064,54.54545454545454,48.05194805194805,6.493506493506493
E00186231,207,66,17,49,141,129,12,31.88405797101449,8.212560386473431,23.67149758454106,68.11594202898551,62.31884057971014,5.797101449275362
E00186232,164,27,11,16,137,118,19,16.463414634146343,6.707317073170732,9.75609756097561,83.53658536585365,71.95121951219512,11.585365853658537
E00186233,100,48,34,14,52,51,1,48,34,14.000000000000002,52,51,1
E00186234,119,22,9,13,97,82,15,18.487394957983195,7.563025210084033,10.92436974789916,81.5126050420168,68.90756302521008,12.605042016806722
E00186235,121,82,63,19,39,28,11,67.76859504132231,52.066115702479344,15.702479338842975,32.231404958677686,23.140495867768596,9.090909090909092
E00186236,74,34,14,20,40,40,0,45.94594594594595,18.91891891891892,27.027027027027028,54.054054054054056,54.054054054054056,0
E00186237,304,38,16,22,266,221,45,12.5,5.263157894736842,7.236842105263158,87.5,72.69736842105263,14.802631578947366
E00186238,112,31,18,13,81,75,6,27.67857142857143,16.071428571428573,11.607142857142858,72.32142857142857,66.96428571428571,5.357142857142857
E00186239,155,44,15,29,111,97,14,28.387096774193548,9.67741935483871,18.70967741935484,71.61290322580646,62.58064516129033,9.032258064516128
E00186240,143,22,15,7,121,106,15,15.384615384615385,10.48951048951049,4.895104895104895,84.61538461538461,74.12587412587412,10.48951048951049
E00186241,129,16,7,9,113,98,15,12.4031007751938,5.426356589147287,6.976744186046512,87.59689922480621,75.96899224806202,11.627906976744185
E00186242,68,28,11,17,40,37,3,41.17647058823529,16.176470588235293,25,58.82352941176471,54.41176470588235,4.411764705882353
E00186243,122,59,18,41,63,60,3,48.36065573770492,14.754098360655737,33.60655737704918,51.63934426229508,49.18032786885246,2.459016393442623
E00186244,134,49,16,33,85,74,11,36.56716417910448,11.940298507462686,24.62686567164179,63.43283582089553,55.223880597014926,8.208955223880597
E00186245,58,33,11,22,25,24,1,56.896551724137936,18.96551724137931,37.93103448275862,43.103448275862064,41.37931034482759,1.7241379310344827
E00186246,140,26,15,11,114,101,13,18.571428571428573,10.714285714285714,7.857142857142857,81.42857142857143,72.14285714285714,9.285714285714286
E00186247,182,20,4,16,162,137,25,10.989010989010989,2.197802197802198,8.791208791208792,89.01098901098901,75.27472527472527,13.736263736263737
E00186248,167,76,23,53,91,77,14,45.50898203592814,13.77245508982036,31.736526946107784,54.49101796407185,46.10778443113773,8.383233532934131
E00186249,259,49,16,33,210,177,33,18.91891891891892,6.177606177606178,12.741312741312742,81.08108108108108,68.33976833976834,12.741312741312742
E00186250,53,20,11,9,33,30,3,37.735849056603776,20.754716981132077,16.9811320754717,62.264150943396224,56.60377358490566,5.660377358490567
E00186251,259,25,12,13,234,201,33,9.652509652509652,4.633204633204633,5.019305019305019,90.34749034749035,77.60617760617761,12.741312741312742
E00186252,112,48,20,28,64,59,5,42.857142857142854,17.857142857142858,25,57.14285714285714,52.67857142857143,4.464285714285714
E00186253,125,57,23,34,68,62,6,45.6,18.4,27.200000000000003,54.400000000000006,49.6,4.8
E00186254,155,28,12,16,127,103,24,18.064516129032256,7.741935483870968,10.32258064516129,81.93548387096774,66.45161290322581,15.483870967741936
E00186255,47,16,4,12,31,24,7,34.04255319148936,8.51063829787234,25.53191489361702,65.95744680851064,51.06382978723404,14.893617021276595
E00186256,203,108,63,45,95,83,12,53.20197044334976,31.03448275862069,22.167487684729064,46.79802955665024,40.88669950738916,5.911330049261084
E00186257,476,58,16,42,418,360,58,12.184873949579831,3.361344537815126,8.823529411764707,87.81512605042016,75.63025210084034,12.184873949579831
E00186258,72,38,25,13,34,30,4,52.77777777777778,34.72222222222222,18.055555555555554,47.22222222222222,41.66666666666667,5.555555555555555
E00186259,95,37,16,21,58,53,5,38.94736842105263,16.842105263157894,22.105263157894736,61.05263157894737,55.78947368421052,5.263157894736842
E00186260,58,18,8,10,40,35,5,31.03448275862069,13.793103448275861,17.24137931034483,68.96551724137932,60.3448275862069,8.620689655172415
E00186261,79,22,8,14,57,50,7,27.848101265822784,10.126582278481013,17.72151898734177,72.15189873417721,63.29113924050633,8.860759493670885
E00186262,41,32,22,10,9,9,0,78.04878048780488,53.65853658536586,24.390243902439025,21.951219512195124,21.951219512195124,0
E00186263,129,61,30,31,68,61,7,47.286821705426355,23.25581395348837,24.031007751937985,52.71317829457365,47.286821705426355,5.426356589147287
E00186264,105,26,7,19,79,67,12,24.761904761904763,6.666666666666667,18.095238095238095,75.23809523809524,63.8095238095238,11.428571428571429
E00186265,86,21,10,11,65,57,8,24.418604651162788,11.627906976744185,12.790697674418606,75.5813953488372,66.27906976744185,9.30232558139535
E00186266,90,38,11,27,52,46,6,42.22222222222222,12.222222222222221,30,57.77777777777777,51.11111111111111,6.666666666666667
E00186267,174,11,6,5,163,136,27,6.321839080459771,3.4482758620689653,2.8735632183908044,93.67816091954023,78.16091954022988,15.517241379310345
E00186268,125,68,25,43,57,56,1,54.400000000000006,20,34.4,45.6,44.800000000000004,0.8
E00186269,138,33,12,21,105,93,12,23.91304347826087,8.695652173913043,15.217391304347828,76.08695652173914,67.3913043478261,8.695652173913043
E00186270,159,36,12,24,123,113,10,22.641509433962266,7.547169811320755,15.09433962264151,77.35849056603774,71.0691823899371,6.289308176100629
E00186271,178,53,19,34,125,115,10,29.775280898876407,10.674157303370785,19.101123595505616,70.2247191011236,64.60674157303372,5.617977528089887
E00186272,53,12,0,12,41,32,9,22.641509433962266,0,22.641509433962266,77.35849056603774,60.37735849056604,16.9811320754717
E00186273,174,38,13,25,136,128,8,21.839080459770116,7.471264367816093,14.367816091954023,78.16091954022988,73.5632183908046,4.597701149425287
E00186274,145,22,16,6,123,105,18,15.172413793103448,11.03448275862069,4.137931034482759,84.82758620689656,72.41379310344827,12.413793103448276
E00186275,162,39,11,28,123,109,14,24.074074074074073,6.790123456790123,17.28395061728395,75.92592592592592,67.28395061728395,8.641975308641975
E00186276,89,25,10,15,64,58,6,28.08988764044944,11.235955056179774,16.853932584269664,71.91011235955057,65.1685393258427,6.741573033707865
E00186277,99,44,13,31,55,51,4,44.44444444444444,13.131313131313133,31.313131313131315,55.55555555555556,51.515151515151516,4.040404040404041
E00186278,60,30,7,23,30,22,8,50,11.666666666666666,38.333333333333336,50,36.666666666666664,13.333333333333334
E00186279,140,13,7,6,127,115,12,9.285714285714286,5,4.285714285714286,90.71428571428571,82.14285714285714,8.571428571428571
E00186280,32,13,2,11,19,18,1,40.625,6.25,34.375,59.375,56.25,3.125
E00186281,9,5,2,3,4,4,0,55.55555555555556,22.22222222222222,33.33333333333333,44.44444444444444,44.44444444444444,0
E00186282,58,25,12,13,33,27,6,43.103448275862064,20.689655172413794,22.413793103448278,56.896551724137936,46.55172413793103,10.344827586206897
E00186283,230,77,32,45,153,138,15,33.47826086956522,13.91304347826087,19.565217391304348,66.52173913043478,60,6.521739130434782
E00186284,178,45,11,34,133,116,17,25.280898876404496,6.179775280898876,19.101123595505616,74.71910112359551,65.1685393258427,9.550561797752808
E00186285,51,13,8,5,38,31,7,25.49019607843137,15.686274509803921,9.803921568627452,74.50980392156863,60.78431372549019,13.725490196078432
E00186286,109,49,13,36,60,56,4,44.95412844036697,11.926605504587156,33.02752293577982,55.04587155963303,51.37614678899083,3.669724770642202
E00186287,104,41,12,29,63,63,0,39.42307692307692,11.538461538461538,27.884615384615387,60.57692307692307,60.57692307692307,0
E00186288,135,74,20,54,61,61,0,54.81481481481482,14.814814814814813,40,45.18518518518518,45.18518518518518,0
E00186289,69,33,7,26,36,36,0,47.82608695652174,10.144927536231885,37.68115942028986,52.17391304347826,52.17391304347826,0
E00186290,89,48,14,34,41,39,2,53.93258426966292,15.730337078651685,38.20224719101123,46.06741573033708,43.82022471910113,2.247191011235955
E00186291,122,52,11,41,70,69,1,42.62295081967213,9.01639344262295,33.60655737704918,57.377049180327866,56.557377049180324,0.819672131147541
E00186292,35,16,4,12,19,19,0,45.714285714285715,11.428571428571429,34.285714285714285,54.285714285714285,54.285714285714285,0
E00186293,59,30,12,18,29,26,3,50.847457627118644,20.33898305084746,30.508474576271187,49.152542372881356,44.06779661016949,5.084745762711865
E00186294,131,63,16,47,68,61,7,48.091603053435115,12.213740458015266,35.87786259541985,51.908396946564885,46.56488549618321,5.343511450381679
E00186295,162,49,19,30,113,101,12,30.246913580246915,11.728395061728394,18.51851851851852,69.75308641975309,62.34567901234568,7.4074074074074066
E00186296,93,10,3,7,83,72,11,10.75268817204301,3.225806451612903,7.526881720430108,89.24731182795699,77.41935483870968,11.827956989247312
E00186297,153,84,51,33,69,68,1,54.90196078431373,33.33333333333333,21.568627450980394,45.09803921568628,44.44444444444444,0.6535947712418301
E00186298,104,41,17,24,63,63,0,39.42307692307692,16.346153846153847,23.076923076923077,60.57692307692307,60.57692307692307,0
E00186299,56,27,20,7,29,26,3,48.214285714285715,35.714285714285715,12.5,51.78571428571429,46.42857142857143,5.357142857142857
E00186300,185,67,21,46,118,103,15,36.21621621621622,11.351351351351353,24.864864864864867,63.78378378378379,55.67567567567567,8.108108108108109
E00186301,64,27,12,15,37,35,2,42.1875,18.75,23.4375,57.8125,54.6875,3.125
E00186302,66,28,5,23,38,37,1,42.42424242424242,7.575757575757576,34.84848484848485,57.57575757575758,56.060606060606055,1.5151515151515151
E00186303,95,48,19,29,47,45,2,50.526315789473685,20,30.526315789473685,49.473684210526315,47.368421052631575,2.1052631578947367
E00186304,10,2,1,1,8,7,1,20,10,10,80,70,10
E00186305,114,82,26,56,32,32,0,71.9298245614035,22.807017543859647,49.122807017543856,28.07017543859649,28.07017543859649,0
E00186306,102,36,19,17,66,61,5,35.294117647058826,18.627450980392158,16.666666666666664,64.70588235294117,59.80392156862745,4.901960784313726
E00186307,117,50,13,37,67,61,6,42.73504273504273,11.11111111111111,31.62393162393162,57.26495726495726,52.13675213675214,5.128205128205128
E00186308,337,128,93,35,209,181,28,37.98219584569733,27.596439169139465,10.385756676557865,62.01780415430267,53.70919881305638,8.30860534124629
E00186309,408,345,225,120,63,53,10,84.55882352941177,55.14705882352941,29.411764705882355,15.441176470588236,12.990196078431374,2.450980392156863
E00186310,84,37,13,24,47,44,3,44.047619047619044,15.476190476190476,28.57142857142857,55.952380952380956,52.38095238095239,3.571428571428571
E00186311,169,81,31,50,88,82,6,47.928994082840234,18.34319526627219,29.585798816568047,52.071005917159766,48.5207100591716,3.5502958579881656
E00186312,64,24,7,17,40,34,6,37.5,10.9375,26.5625,62.5,53.125,9.375
E00186313,70,41,17,24,29,29,0,58.57142857142858,24.285714285714285,34.285714285714285,41.42857142857143,41.42857142857143,0
E00186314,98,38,12,26,60,55,5,38.775510204081634,12.244897959183673,26.53061224489796,61.224489795918366,56.12244897959183,5.1020408163265305
E00186315,51,27,4,23,24,18,6,52.94117647058824,7.8431372549019605,45.09803921568628,47.05882352941176,35.294117647058826,11.76470588235294
E00186316,73,19,10,9,54,45,9,26.027397260273972,13.698630136986301,12.32876712328767,73.97260273972603,61.64383561643836,12.32876712328767
E00186317,71,52,40,12,19,19,0,73.23943661971832,56.33802816901409,16.901408450704224,26.76056338028169,26.76056338028169,0
E00186318,74,26,10,16,48,42,6,35.13513513513514,13.513513513513514,21.62162162162162,64.86486486486487,56.75675675675676,8.108108108108109
E00186319,56,27,6,21,29,24,5,48.214285714285715,10.714285714285714,37.5,51.78571428571429,42.857142857142854,8.928571428571429
