OA,ts0590001,ts0590002,ts0590003,ts0590004,ts0590005,ts0590006,ts0590007,ts0590002_PCT,ts0590003_PCT,ts0590004_PCT,ts0590005_PCT,ts0590006_PCT,ts0590007_PCT
E00146810,113,39,17,22,74,59,15,34.51327433628318,15.04424778761062,19.469026548672566,65.48672566371681,52.21238938053098,13.274336283185843
E00146811,198,42,11,31,156,150,6,21.21212121212121,5.555555555555555,15.656565656565657,78.78787878787878,75.75757575757575,3.0303030303030303
E00146812,99,33,19,14,66,57,9,33.33333333333333,19.19191919191919,14.14141414141414,66.66666666666666,57.57575757575758,9.090909090909092
E00146813,124,41,21,20,83,67,16,33.064516129032256,16.93548387096774,16.129032258064516,66.93548387096774,54.03225806451613,12.903225806451612
E00146814,101,34,10,24,67,61,6,33.663366336633665,9.900990099009901,23.762376237623762,66.33663366336634,60.396039603960396,5.9405940594059405
E00146815,129,55,17,38,74,63,11,42.63565891472868,13.178294573643413,29.457364341085274,57.36434108527132,48.837209302325576,8.527131782945736
E00146816,156,52,17,35,104,84,20,33.33333333333333,10.897435897435898,22.435897435897438,66.66666666666666,53.84615384615385,12.82051282051282
E00146817,153,41,16,25,112,95,17,26.797385620915033,10.457516339869281,16.33986928104575,73.20261437908496,62.091503267973856,11.11111111111111
E00146818,143,47,17,30,96,87,9,32.86713286713287,11.888111888111888,20.97902097902098,67.13286713286713,60.83916083916085,6.293706293706294
E00146819,140,45,12,33,95,81,14,32.142857142857146,8.571428571428571,23.57142857142857,67.85714285714286,57.85714285714286,10
E00146820,147,37,12,25,110,78,32,25.170068027210885,8.16326530612245,17.006802721088434,74.82993197278913,53.06122448979592,21.768707482993197
E00146821,94,32,8,24,62,53,9,34.04255319148936,8.51063829787234,25.53191489361702,65.95744680851064,56.38297872340425,9.574468085106384
E00146822,255,92,36,56,163,112,51,36.07843137254902,14.117647058823529,21.96078431372549,63.921568627450974,43.92156862745098,20
E00146823,103,37,14,23,66,50,16,35.92233009708738,13.592233009708737,22.330097087378643,64.07766990291263,48.54368932038835,15.53398058252427
E00146824,86,28,5,23,58,37,21,32.55813953488372,5.813953488372093,26.744186046511626,67.44186046511628,43.02325581395349,24.418604651162788
E00146825,108,27,4,23,81,66,15,25,3.7037037037037033,21.296296296296298,75,61.111111111111114,13.88888888888889
E00146826,94,33,12,21,61,46,15,35.1063829787234,12.76595744680851,22.340425531914892,64.8936170212766,48.93617021276596,15.957446808510639
E00146827,124,45,20,25,79,70,9,36.29032258064516,16.129032258064516,20.161290322580644,63.70967741935484,56.451612903225815,7.258064516129033
E00146828,127,34,19,15,93,73,20,26.77165354330709,14.960629921259844,11.811023622047244,73.22834645669292,57.48031496062992,15.748031496062993
E00146829,59,21,8,13,38,22,16,35.59322033898305,13.559322033898304,22.033898305084744,64.40677966101694,37.28813559322034,27.11864406779661
E00146830,121,36,16,20,85,70,15,29.75206611570248,13.223140495867769,16.528925619834713,70.24793388429752,57.85123966942148,12.396694214876034
E00146831,146,41,5,36,105,84,21,28.08219178082192,3.4246575342465753,24.65753424657534,71.91780821917808,57.534246575342465,14.383561643835616
E00146832,115,35,12,23,80,58,22,30.434782608695656,10.434782608695652,20,69.56521739130434,50.43478260869565,19.130434782608695
E00146833,122,47,19,28,75,69,6,38.52459016393443,15.573770491803279,22.950819672131146,61.47540983606557,56.557377049180324,4.918032786885246
E00146834,78,21,5,16,57,46,11,26.923076923076923,6.41025641025641,20.51282051282051,73.07692307692307,58.97435897435898,14.102564102564102
E00146835,122,38,13,25,84,75,9,31.147540983606557,10.655737704918032,20.491803278688526,68.85245901639344,61.47540983606557,7.377049180327869
E00146836,109,35,8,27,74,60,14,32.11009174311927,7.339449541284404,24.770642201834864,67.88990825688074,55.04587155963303,12.844036697247708
E00146837,95,32,15,17,63,51,12,33.68421052631579,15.789473684210526,17.894736842105264,66.3157894736842,53.68421052631579,12.631578947368421
E00146838,119,37,14,23,82,64,18,31.092436974789916,11.76470588235294,19.327731092436977,68.90756302521008,53.78151260504202,15.126050420168067
E00146839,142,53,19,34,89,66,23,37.32394366197183,13.380281690140844,23.943661971830984,62.676056338028175,46.478873239436616,16.19718309859155
E00146840,144,53,20,33,91,71,20,36.80555555555556,13.88888888888889,22.916666666666664,63.19444444444444,49.30555555555556,13.88888888888889
E00146841,181,51,19,32,130,112,18,28.176795580110497,10.497237569060774,17.67955801104972,71.8232044198895,61.87845303867403,9.94475138121547
E00146842,91,29,9,20,62,44,18,31.868131868131865,9.89010989010989,21.978021978021978,68.13186813186813,48.35164835164835,19.78021978021978
E00146843,149,51,18,33,98,84,14,34.22818791946309,12.080536912751679,22.14765100671141,65.77181208053692,56.375838926174495,9.395973154362416
E00146844,150,49,14,35,101,82,19,32.666666666666664,9.333333333333334,23.333333333333332,67.33333333333333,54.666666666666664,12.666666666666668
E00146845,125,39,11,28,86,69,17,31.2,8.799999999999999,22.400000000000002,68.8,55.2,13.600000000000001
E00146846,133,49,21,28,84,70,14,36.84210526315789,15.789473684210526,21.052631578947366,63.1578947368421,52.63157894736842,10.526315789473683
E00146847,119,41,13,28,78,61,17,34.45378151260504,10.92436974789916,23.52941176470588,65.54621848739495,51.26050420168067,14.285714285714285
E00146848,75,21,8,13,54,47,7,28.000000000000004,10.666666666666668,17.333333333333336,72,62.66666666666667,9.333333333333334
E00146849,126,47,15,32,79,64,15,37.301587301587304,11.904761904761903,25.396825396825395,62.698412698412696,50.79365079365079,11.904761904761903
E00146850,99,30,12,18,69,59,10,30.303030303030305,12.121212121212121,18.181818181818183,69.6969696969697,59.59595959595959,10.1010101010101
E00146851,135,42,16,26,93,73,20,31.11111111111111,11.851851851851853,19.25925925925926,68.88888888888889,54.074074074074076,14.814814814814813
E00146852,140,44,24,20,96,78,18,31.428571428571427,17.142857142857142,14.285714285714285,68.57142857142857,55.714285714285715,12.857142857142856
E00146853,178,58,19,39,120,104,16,32.58426966292135,10.674157303370785,21.910112359550563,67.41573033707866,58.42696629213483,8.98876404494382
E00146854,131,43,14,29,88,72,16,32.82442748091603,10.687022900763358,22.137404580152673,67.17557251908397,54.961832061068705,12.213740458015266
E00146855,150,57,25,32,93,82,11,38,16.666666666666664,21.333333333333336,62,54.666666666666664,7.333333333333333
E00146856,185,67,29,38,118,98,20,36.21621621621622,15.675675675675677,20.54054054054054,63.78378378378379,52.972972972972975,10.81081081081081
E00146857,158,54,27,27,104,85,19,34.177215189873415,17.088607594936708,17.088607594936708,65.82278481012658,53.79746835443038,12.025316455696203
E00146858,146,44,10,34,102,92,10,30.136986301369863,6.8493150684931505,23.28767123287671,69.86301369863014,63.013698630136986,6.8493150684931505
E00146859,133,34,14,20,99,83,16,25.563909774436087,10.526315789473683,15.037593984962406,74.43609022556392,62.40601503759399,12.030075187969924
E00146860,125,45,11,34,80,66,14,36,8.799999999999999,27.200000000000003,64,52.800000000000004,11.200000000000001
E00146861,147,46,13,33,101,84,17,31.292517006802722,8.843537414965986,22.448979591836736,68.70748299319727,57.14285714285714,11.564625850340136
E00146862,122,41,13,28,81,66,15,33.60655737704918,10.655737704918032,22.950819672131146,66.39344262295081,54.09836065573771,12.295081967213115
E00146863,157,43,15,28,114,96,18,27.388535031847134,9.554140127388536,17.8343949044586,72.61146496815286,61.146496815286625,11.464968152866243
E00146864,135,45,23,22,90,78,12,33.33333333333333,17.037037037037038,16.296296296296298,66.66666666666666,57.77777777777777,8.88888888888889
E00146865,168,50,14,36,118,97,21,29.761904761904763,8.333333333333332,21.428571428571427,70.23809523809523,57.738095238095234,12.5
E00146866,85,24,11,13,61,53,8,28.235294117647058,12.941176470588237,15.294117647058824,71.76470588235294,62.35294117647059,9.411764705882353
E00146867,89,27,10,17,62,52,10,30.337078651685395,11.235955056179774,19.101123595505616,69.66292134831461,58.42696629213483,11.235955056179774
E00146868,142,47,17,30,95,81,14,33.098591549295776,11.971830985915492,21.12676056338028,66.90140845070422,57.04225352112676,9.859154929577464
E00146869,146,48,16,32,98,82,16,32.87671232876712,10.95890410958904,21.91780821917808,67.12328767123287,56.16438356164384,10.95890410958904
E00146870,92,28,6,22,64,58,6,30.434782608695656,6.521739130434782,23.91304347826087,69.56521739130434,63.04347826086957,6.521739130434782
E00146871,97,29,10,19,68,55,13,29.896907216494846,10.309278350515463,19.587628865979383,70.10309278350515,56.70103092783505,13.402061855670103
E00146872,103,23,6,17,80,70,10,22.330097087378643,5.825242718446602,16.50485436893204,77.66990291262135,67.96116504854369,9.70873786407767
E00146873,190,56,20,36,134,109,25,29.47368421052631,10.526315789473683,18.947368421052634,70.52631578947368,57.36842105263158,13.157894736842104
E00146874,259,81,19,62,178,142,36,31.27413127413127,7.335907335907336,23.93822393822394,68.72586872586872,54.826254826254825,13.8996138996139
E00146875,120,36,6,30,84,68,16,30,5,25,70,56.666666666666664,13.333333333333334
E00146876,67,24,5,19,43,39,4,35.82089552238806,7.462686567164178,28.35820895522388,64.17910447761194,58.2089552238806,5.970149253731343
E00146877,106,32,12,20,74,60,14,30.18867924528302,11.320754716981133,18.867924528301888,69.81132075471697,56.60377358490566,13.20754716981132
E00146878,172,42,11,31,130,117,13,24.418604651162788,6.395348837209303,18.023255813953487,75.5813953488372,68.02325581395348,7.55813953488372
E00146879,151,45,12,33,106,88,18,29.80132450331126,7.9470198675496695,21.85430463576159,70.19867549668875,58.27814569536424,11.920529801324504
E00146880,99,36,17,19,63,52,11,36.36363636363637,17.17171717171717,19.19191919191919,63.63636363636363,52.52525252525253,11.11111111111111
E00146881,145,54,20,34,91,78,13,37.24137931034483,13.793103448275861,23.448275862068964,62.758620689655174,53.79310344827586,8.96551724137931
E00146882,216,68,19,49,148,101,47,31.48148148148148,8.796296296296296,22.685185185185187,68.51851851851852,46.75925925925926,21.75925925925926
E00146883,203,68,29,39,135,103,32,33.497536945812804,14.285714285714285,19.21182266009852,66.50246305418719,50.73891625615764,15.763546798029557
E00146884,155,45,16,29,110,93,17,29.03225806451613,10.32258064516129,18.70967741935484,70.96774193548387,60,10.967741935483872
E00146885,106,36,12,24,70,58,12,33.9622641509434,11.320754716981133,22.641509433962266,66.0377358490566,54.71698113207547,11.320754716981133
E00146886,156,42,11,31,114,104,10,26.923076923076923,7.051282051282051,19.871794871794872,73.07692307692307,66.66666666666666,6.41025641025641
E00146887,119,39,15,24,80,63,17,32.773109243697476,12.605042016806722,20.168067226890756,67.22689075630252,52.94117647058824,14.285714285714285
E00146888,124,34,13,21,90,69,21,27.419354838709676,10.483870967741936,16.93548387096774,72.58064516129032,55.64516129032258,16.93548387096774
E00146889,164,48,14,34,116,101,15,29.268292682926827,8.536585365853659,20.73170731707317,70.73170731707317,61.58536585365854,9.146341463414634
E00146890,146,43,17,26,103,78,25,29.45205479452055,11.643835616438356,17.80821917808219,70.54794520547945,53.42465753424658,17.123287671232877
E00146891,217,72,29,43,145,108,37,33.17972350230415,13.36405529953917,19.81566820276498,66.82027649769586,49.76958525345622,17.050691244239633
E00146892,100,28,4,24,72,54,18,28.000000000000004,4,24,72,54,18
E00146893,172,63,27,36,109,87,22,36.627906976744185,15.69767441860465,20.930232558139537,63.372093023255815,50.58139534883721,12.790697674418606
E00146894,196,62,23,39,134,100,34,31.63265306122449,11.73469387755102,19.897959183673468,68.36734693877551,51.02040816326531,17.346938775510203
E00146895,190,64,28,36,126,78,48,33.68421052631579,14.736842105263156,18.947368421052634,66.3157894736842,41.05263157894737,25.263157894736842
E00146896,131,43,16,27,88,66,22,32.82442748091603,12.213740458015266,20.610687022900763,67.17557251908397,50.38167938931297,16.793893129770993
E00146897,198,84,44,40,114,79,35,42.42424242424242,22.22222222222222,20.2020202020202,57.57575757575758,39.8989898989899,17.67676767676768
E00146898,161,62,20,42,99,80,19,38.50931677018634,12.422360248447205,26.08695652173913,61.49068322981367,49.68944099378882,11.801242236024844
E00146899,241,79,29,50,162,108,54,32.780082987551864,12.033195020746888,20.74688796680498,67.21991701244814,44.81327800829876,22.40663900414938
E00146900,117,38,19,19,79,49,30,32.47863247863248,16.23931623931624,16.23931623931624,67.52136752136752,41.88034188034188,25.64102564102564
E00146901,90,29,10,19,61,57,4,32.22222222222222,11.11111111111111,21.11111111111111,67.77777777777779,63.33333333333333,4.444444444444445
E00146902,102,36,10,26,66,57,9,35.294117647058826,9.803921568627452,25.49019607843137,64.70588235294117,55.88235294117647,8.823529411764707
E00146903,176,54,21,33,122,79,43,30.681818181818183,11.931818181818182,18.75,69.31818181818183,44.88636363636363,24.431818181818183
E00146904,118,27,5,22,91,72,19,22.88135593220339,4.23728813559322,18.64406779661017,77.11864406779661,61.016949152542374,16.101694915254235
E00146905,126,37,13,24,89,80,9,29.365079365079367,10.317460317460316,19.047619047619047,70.63492063492063,63.49206349206349,7.142857142857142
E00146906,162,38,17,21,124,104,20,23.456790123456788,10.493827160493826,12.962962962962962,76.5432098765432,64.19753086419753,12.345679012345679
E00146907,174,21,5,16,153,126,27,12.068965517241379,2.8735632183908044,9.195402298850574,87.93103448275862,72.41379310344827,15.517241379310345
E00146909,96,29,10,19,67,56,11,30.208333333333332,10.416666666666668,19.791666666666664,69.79166666666666,58.333333333333336,11.458333333333332
E00146910,110,46,15,31,64,58,6,41.81818181818181,13.636363636363635,28.18181818181818,58.18181818181818,52.72727272727272,5.454545454545454
E00146911,161,44,13,31,117,95,22,27.32919254658385,8.074534161490684,19.25465838509317,72.67080745341616,59.006211180124225,13.664596273291925
E00146912,123,53,25,28,70,52,18,43.08943089430895,20.32520325203252,22.76422764227642,56.91056910569105,42.27642276422765,14.634146341463413
E00146913,114,34,15,19,80,55,25,29.82456140350877,13.157894736842104,16.666666666666664,70.17543859649122,48.24561403508772,21.929824561403507
E00146914,127,34,10,24,93,69,24,26.77165354330709,7.874015748031496,18.89763779527559,73.22834645669292,54.330708661417326,18.89763779527559
E00146917,112,35,20,15,77,49,28,31.25,17.857142857142858,13.392857142857142,68.75,43.75,25
E00146918,60,18,6,12,42,35,7,30,10,20,70,58.333333333333336,11.666666666666666
E00146919,173,48,19,29,125,99,26,27.74566473988439,10.982658959537572,16.76300578034682,72.25433526011561,57.22543352601156,15.028901734104046
E00146920,100,28,8,20,72,47,25,28.000000000000004,8,20,72,47,25
E00146921,76,20,12,8,56,44,12,26.31578947368421,15.789473684210526,10.526315789473683,73.68421052631578,57.89473684210527,15.789473684210526
E00146922,184,53,15,38,131,98,33,28.804347826086957,8.152173913043478,20.652173913043477,71.19565217391305,53.2608695652174,17.934782608695652
E00146923,125,39,13,26,86,61,25,31.2,10.4,20.8,68.8,48.8,20
E00146924,127,53,18,35,74,64,10,41.732283464566926,14.173228346456693,27.559055118110237,58.26771653543307,50.39370078740157,7.874015748031496
E00146925,161,41,13,28,120,96,24,25.465838509316768,8.074534161490684,17.391304347826086,74.53416149068323,59.62732919254658,14.906832298136646
E00146926,120,35,14,21,85,69,16,29.166666666666668,11.666666666666666,17.5,70.83333333333334,57.49999999999999,13.333333333333334
E00146927,144,44,13,31,100,86,14,30.555555555555557,9.027777777777777,21.52777777777778,69.44444444444444,59.72222222222222,9.722222222222223
E00146928,158,47,11,36,111,93,18,29.746835443037973,6.962025316455696,22.78481012658228,70.25316455696202,58.86075949367089,11.39240506329114
E00146929,120,43,13,30,77,65,12,35.833333333333336,10.833333333333334,25,64.16666666666667,54.166666666666664,10
E00146930,173,46,17,29,127,108,19,26.589595375722542,9.826589595375722,16.76300578034682,73.41040462427746,62.42774566473989,10.982658959537572
E00146931,166,50,17,33,116,95,21,30.120481927710845,10.240963855421686,19.879518072289155,69.87951807228916,57.22891566265061,12.650602409638553
E00146932,138,38,9,29,100,80,20,27.536231884057973,6.521739130434782,21.014492753623188,72.46376811594203,57.971014492753625,14.492753623188406
E00146933,132,40,15,25,92,67,25,30.303030303030305,11.363636363636363,18.939393939393938,69.6969696969697,50.75757575757576,18.939393939393938
E00146934,137,39,12,27,98,89,9,28.467153284671532,8.75912408759124,19.708029197080293,71.53284671532847,64.96350364963503,6.569343065693431
E00146935,147,43,11,32,104,71,33,29.25170068027211,7.482993197278912,21.768707482993197,70.74829931972789,48.29931972789115,22.448979591836736
E00146936,230,88,32,56,142,118,24,38.26086956521739,13.91304347826087,24.347826086956523,61.73913043478261,51.30434782608696,10.434782608695652
E00146937,106,23,5,18,83,66,17,21.69811320754717,4.716981132075472,16.9811320754717,78.30188679245283,62.264150943396224,16.037735849056602
E00146938,217,72,26,46,145,106,39,33.17972350230415,11.981566820276496,21.19815668202765,66.82027649769586,48.8479262672811,17.972350230414747
E00146940,123,42,21,21,81,63,18,34.146341463414636,17.073170731707318,17.073170731707318,65.85365853658537,51.21951219512195,14.634146341463413
E00146941,123,52,20,32,71,56,15,42.27642276422765,16.260162601626014,26.01626016260163,57.72357723577236,45.52845528455284,12.195121951219512
E00146942,185,51,24,27,134,109,25,27.56756756756757,12.972972972972974,14.594594594594595,72.43243243243244,58.91891891891892,13.513513513513514
E00146943,113,40,14,26,73,64,9,35.39823008849557,12.389380530973451,23.008849557522122,64.60176991150442,56.63716814159292,7.964601769911504
E00146944,86,26,12,14,60,52,8,30.23255813953488,13.953488372093023,16.27906976744186,69.76744186046511,60.46511627906976,9.30232558139535
E00146945,102,37,13,24,65,41,24,36.27450980392157,12.745098039215685,23.52941176470588,63.725490196078425,40.19607843137255,23.52941176470588
E00146946,125,47,19,28,78,72,6,37.6,15.2,22.400000000000002,62.4,57.599999999999994,4.8
E00146947,141,49,10,39,92,70,22,34.751773049645394,7.092198581560284,27.659574468085108,65.24822695035462,49.645390070921984,15.602836879432624
E00146948,163,60,25,35,103,66,37,36.809815950920246,15.337423312883436,21.472392638036812,63.190184049079754,40.49079754601227,22.699386503067483
E00146949,89,18,7,11,71,45,26,20.224719101123593,7.865168539325842,12.359550561797752,79.7752808988764,50.56179775280899,29.213483146067414
E00146950,152,39,13,26,113,74,39,25.657894736842106,8.552631578947368,17.105263157894736,74.3421052631579,48.68421052631579,25.657894736842106
E00146951,143,50,20,30,93,82,11,34.96503496503497,13.986013986013987,20.97902097902098,65.03496503496503,57.34265734265735,7.6923076923076925
E00146952,151,31,14,17,120,103,17,20.52980132450331,9.271523178807946,11.258278145695364,79.47019867549669,68.21192052980133,11.258278145695364
E00146953,120,40,12,28,80,71,9,33.33333333333333,10,23.333333333333332,66.66666666666666,59.166666666666664,7.5
E00146954,127,43,13,30,84,78,6,33.85826771653544,10.236220472440944,23.62204724409449,66.14173228346458,61.417322834645674,4.724409448818897
E00146955,140,39,12,27,101,92,9,27.857142857142858,8.571428571428571,19.28571428571429,72.14285714285714,65.71428571428571,6.428571428571428
E00146956,92,27,10,17,65,57,8,29.347826086956523,10.869565217391305,18.478260869565215,70.65217391304348,61.95652173913043,8.695652173913043
E00146957,70,18,8,10,52,38,14,25.71428571428571,11.428571428571429,14.285714285714285,74.28571428571429,54.285714285714285,20
E00146958,84,15,2,13,69,62,7,17.857142857142858,2.380952380952381,15.476190476190476,82.14285714285714,73.80952380952381,8.333333333333332
E00146959,152,42,16,26,110,97,13,27.631578947368425,10.526315789473683,17.105263157894736,72.36842105263158,63.81578947368421,8.552631578947368
E00146960,156,44,25,19,112,92,20,28.205128205128204,16.025641025641026,12.179487179487179,71.7948717948718,58.97435897435898,12.82051282051282
E00146961,153,36,13,23,117,105,12,23.52941176470588,8.49673202614379,15.032679738562091,76.47058823529412,68.62745098039215,7.8431372549019605
E00146962,343,98,39,59,245,198,47,28.57142857142857,11.370262390670554,17.20116618075802,71.42857142857143,57.7259475218659,13.702623906705538
E00146964,113,27,11,16,86,71,15,23.893805309734514,9.734513274336283,14.15929203539823,76.10619469026548,62.83185840707964,13.274336283185843
E00146966,110,33,9,24,77,62,15,30,8.181818181818182,21.818181818181817,70,56.36363636363636,13.636363636363635
E00146967,178,51,16,35,127,105,22,28.651685393258425,8.98876404494382,19.662921348314608,71.34831460674157,58.98876404494382,12.359550561797752
E00146968,149,29,10,19,120,93,27,19.463087248322147,6.7114093959731544,12.751677852348994,80.53691275167785,62.41610738255034,18.120805369127517
E00146969,174,38,10,28,136,111,25,21.839080459770116,5.747126436781609,16.091954022988507,78.16091954022988,63.793103448275865,14.367816091954023
E00146970,184,58,28,30,126,103,23,31.521739130434785,15.217391304347828,16.304347826086957,68.47826086956522,55.97826086956522,12.5
E00146971,185,55,20,35,130,96,34,29.72972972972973,10.81081081081081,18.91891891891892,70.27027027027027,51.891891891891895,18.37837837837838
E00146972,138,40,9,31,98,82,16,28.985507246376812,6.521739130434782,22.463768115942027,71.01449275362319,59.42028985507246,11.594202898550725
E00146974,99,28,12,16,71,58,13,28.28282828282828,12.121212121212121,16.161616161616163,71.71717171717171,58.58585858585859,13.131313131313133
E00146976,175,60,28,32,115,76,39,34.285714285714285,16,18.285714285714285,65.71428571428571,43.42857142857143,22.285714285714285
E00146978,185,54,14,40,131,95,36,29.18918918918919,7.567567567567568,21.62162162162162,70.8108108108108,51.35135135135135,19.45945945945946
E00146979,160,54,20,34,106,73,33,33.75,12.5,21.25,66.25,45.625,20.625
E00146980,202,59,24,35,143,93,50,29.207920792079207,11.881188118811881,17.326732673267326,70.79207920792079,46.03960396039604,24.752475247524753
E00146981,174,60,31,29,114,84,30,34.48275862068966,17.81609195402299,16.666666666666664,65.51724137931035,48.275862068965516,17.24137931034483
E00146982,171,53,29,24,118,83,35,30.994152046783626,16.95906432748538,14.035087719298245,69.00584795321637,48.53801169590643,20.46783625730994
E00146983,163,48,20,28,115,89,26,29.447852760736197,12.269938650306749,17.177914110429448,70.5521472392638,54.601226993865026,15.950920245398773
E00146984,191,51,19,32,140,107,33,26.701570680628272,9.947643979057592,16.75392670157068,73.29842931937172,56.02094240837696,17.277486910994764
E00146985,114,37,14,23,77,59,18,32.45614035087719,12.280701754385964,20.175438596491226,67.54385964912281,51.75438596491229,15.789473684210526
E00146986,193,59,20,39,134,114,20,30.569948186528496,10.362694300518134,20.207253886010363,69.43005181347151,59.067357512953365,10.362694300518134
E00146987,231,73,26,47,158,126,32,31.601731601731604,11.255411255411255,20.346320346320347,68.3982683982684,54.54545454545454,13.852813852813853
E00146989,189,50,19,31,139,103,36,26.455026455026452,10.052910052910052,16.402116402116402,73.54497354497354,54.4973544973545,19.047619047619047
E00146990,193,49,11,38,144,115,29,25.38860103626943,5.699481865284974,19.689119170984455,74.61139896373057,59.58549222797927,15.025906735751295
E00146991,131,45,21,24,86,69,17,34.35114503816794,16.030534351145036,18.3206106870229,65.64885496183206,52.67175572519084,12.977099236641221
E00146992,112,34,12,22,78,63,15,30.357142857142854,10.714285714285714,19.642857142857142,69.64285714285714,56.25,13.392857142857142
E00146993,137,45,18,27,92,73,19,32.846715328467155,13.138686131386862,19.708029197080293,67.15328467153284,53.284671532846716,13.86861313868613
E00146994,173,57,18,39,116,90,26,32.947976878612714,10.404624277456648,22.54335260115607,67.05202312138728,52.02312138728323,15.028901734104046
E00146995,259,72,19,53,187,141,46,27.7992277992278,7.335907335907336,20.463320463320464,72.2007722007722,54.440154440154444,17.760617760617762
E00146996,173,61,21,40,112,97,15,35.26011560693642,12.138728323699421,23.121387283236995,64.73988439306359,56.06936416184971,8.670520231213873
E00146997,164,55,24,31,109,93,16,33.53658536585366,14.634146341463413,18.902439024390244,66.46341463414635,56.70731707317073,9.75609756097561
E00146998,170,57,18,39,113,84,29,33.52941176470588,10.588235294117647,22.941176470588236,66.47058823529412,49.411764705882355,17.058823529411764
E00146999,223,62,26,36,161,110,51,27.802690582959645,11.659192825112108,16.143497757847534,72.19730941704036,49.327354260089685,22.869955156950674
E00147000,259,86,40,46,173,132,41,33.204633204633204,15.444015444015443,17.760617760617762,66.79536679536679,50.965250965250966,15.83011583011583
E00147001,221,72,29,43,149,119,30,32.57918552036199,13.122171945701359,19.457013574660635,67.42081447963801,53.84615384615385,13.574660633484163
E00147002,188,58,16,42,130,97,33,30.851063829787233,8.51063829787234,22.340425531914892,69.14893617021278,51.59574468085106,17.5531914893617
E00147003,74,14,4,10,60,52,8,18.91891891891892,5.405405405405405,13.513513513513514,81.08108108108108,70.27027027027027,10.81081081081081
E00147004,126,42,13,29,84,57,27,33.33333333333333,10.317460317460316,23.015873015873016,66.66666666666666,45.23809523809524,21.428571428571427
E00147005,154,51,16,35,103,85,18,33.116883116883116,10.38961038961039,22.727272727272727,66.88311688311688,55.1948051948052,11.688311688311687
E00147006,177,54,21,33,123,84,39,30.508474576271187,11.864406779661017,18.64406779661017,69.49152542372882,47.45762711864407,22.033898305084744
E00147007,170,46,18,28,124,83,41,27.058823529411764,10.588235294117647,16.470588235294116,72.94117647058823,48.8235294117647,24.11764705882353
E00147008,151,43,18,25,108,84,24,28.47682119205298,11.920529801324504,16.55629139072848,71.52317880794702,55.62913907284768,15.894039735099339
E00147009,107,30,9,21,77,60,17,28.037383177570092,8.411214953271028,19.626168224299064,71.96261682242991,56.074766355140184,15.887850467289718
E00147010,171,50,14,36,121,96,25,29.239766081871345,8.187134502923977,21.052631578947366,70.76023391812866,56.14035087719298,14.619883040935672
E00147011,187,62,26,36,125,101,24,33.155080213903744,13.903743315508022,19.25133689839572,66.84491978609626,54.01069518716578,12.834224598930483
E00147012,80,26,8,18,54,46,8,32.5,10,22.5,67.5,57.49999999999999,10
E00147013,69,19,5,14,50,42,8,27.536231884057973,7.246376811594203,20.28985507246377,72.46376811594203,60.86956521739131,11.594202898550725
E00147014,146,40,11,29,106,92,14,27.397260273972602,7.534246575342466,19.863013698630137,72.6027397260274,63.013698630136986,9.58904109589041
E00147015,174,40,11,29,134,109,25,22.988505747126435,6.321839080459771,16.666666666666664,77.01149425287356,62.643678160919535,14.367816091954023
E00147016,109,36,10,26,73,60,13,33.02752293577982,9.174311926605505,23.853211009174313,66.97247706422019,55.04587155963303,11.926605504587156
E00147018,76,24,10,14,52,38,14,31.57894736842105,13.157894736842104,18.421052631578945,68.42105263157895,50,18.421052631578945
E00147019,148,45,14,31,103,89,14,30.405405405405407,9.45945945945946,20.945945945945947,69.5945945945946,60.13513513513513,9.45945945945946
E00147020,127,42,19,23,85,58,27,33.07086614173229,14.960629921259844,18.11023622047244,66.92913385826772,45.66929133858268,21.25984251968504
E00147021,153,53,25,28,100,71,29,34.64052287581699,16.33986928104575,18.30065359477124,65.359477124183,46.40522875816993,18.954248366013072
E00147022,116,42,19,23,74,52,22,36.206896551724135,16.379310344827587,19.82758620689655,63.793103448275865,44.827586206896555,18.96551724137931
E00147023,135,30,12,18,105,78,27,22.22222222222222,8.88888888888889,13.333333333333334,77.77777777777779,57.77777777777777,20
E00147024,186,63,27,36,123,85,38,33.87096774193548,14.516129032258066,19.35483870967742,66.12903225806451,45.69892473118279,20.43010752688172
E00147025,128,47,18,29,81,62,19,36.71875,14.0625,22.65625,63.28125,48.4375,14.84375
E00147026,226,55,17,38,171,125,46,24.336283185840706,7.52212389380531,16.8141592920354,75.66371681415929,55.309734513274336,20.353982300884958
E00147027,171,49,14,35,122,97,25,28.654970760233915,8.187134502923977,20.46783625730994,71.34502923976608,56.72514619883041,14.619883040935672
E00147028,272,78,27,51,194,146,48,28.676470588235293,9.926470588235293,18.75,71.32352941176471,53.67647058823529,17.647058823529413
E00147029,211,56,18,38,155,120,35,26.540284360189574,8.530805687203792,18.009478672985782,73.45971563981043,56.872037914691944,16.587677725118482
E00147030,237,58,15,43,179,141,38,24.47257383966245,6.329113924050633,18.143459915611814,75.52742616033755,59.49367088607595,16.033755274261605
E00147031,128,45,13,32,83,67,16,35.15625,10.15625,25,64.84375,52.34375,12.5
E00147032,83,29,14,15,54,42,12,34.93975903614458,16.867469879518072,18.072289156626507,65.06024096385542,50.602409638554214,14.457831325301203
E00147033,173,51,19,32,122,81,41,29.47976878612717,10.982658959537572,18.497109826589593,70.52023121387283,46.82080924855491,23.699421965317917
E00147034,171,51,19,32,120,94,26,29.82456140350877,11.11111111111111,18.71345029239766,70.17543859649122,54.97076023391813,15.204678362573098
E00147035,151,65,33,32,86,57,29,43.04635761589404,21.85430463576159,21.192052980132452,56.95364238410596,37.74834437086093,19.205298013245034
E00147036,176,61,24,37,115,86,29,34.659090909090914,13.636363636363635,21.022727272727273,65.3409090909091,48.86363636363637,16.477272727272727
E00147037,144,37,13,24,107,73,34,25.694444444444443,9.027777777777777,16.666666666666664,74.30555555555556,50.69444444444444,23.61111111111111
E00147038,270,79,48,31,191,147,44,29.259259259259256,17.77777777777778,11.481481481481481,70.74074074074073,54.44444444444444,16.296296296296298
E00147039,123,35,11,24,88,71,17,28.455284552845526,8.94308943089431,19.51219512195122,71.54471544715447,57.72357723577236,13.821138211382115
E00147040,214,63,27,36,151,96,55,29.439252336448597,12.616822429906541,16.822429906542055,70.56074766355141,44.85981308411215,25.70093457943925
E00147041,243,83,30,53,160,106,54,34.15637860082305,12.345679012345679,21.810699588477366,65.84362139917695,43.62139917695473,22.22222222222222
E00147042,115,28,7,21,87,59,28,24.347826086956523,6.086956521739131,18.26086956521739,75.65217391304347,51.30434782608696,24.347826086956523
E00147043,154,53,23,30,101,74,27,34.41558441558442,14.935064935064934,19.480519480519483,65.5844155844156,48.05194805194805,17.532467532467532
E00147044,82,23,3,20,59,52,7,28.04878048780488,3.6585365853658534,24.390243902439025,71.95121951219512,63.41463414634146,8.536585365853659
E00147045,117,47,12,35,70,56,14,40.17094017094017,10.256410256410255,29.914529914529915,59.82905982905983,47.863247863247864,11.965811965811966
E00147046,74,33,9,24,41,40,1,44.5945945945946,12.162162162162163,32.432432432432435,55.4054054054054,54.054054054054056,1.3513513513513513
E00147047,179,31,6,25,148,138,10,17.318435754189945,3.35195530726257,13.966480446927374,82.68156424581005,77.09497206703911,5.58659217877095
E00147048,149,44,7,37,105,86,19,29.53020134228188,4.697986577181208,24.832214765100673,70.46979865771812,57.71812080536913,12.751677852348994
E00147049,121,41,14,27,80,69,11,33.88429752066116,11.570247933884298,22.31404958677686,66.11570247933885,57.02479338842975,9.090909090909092
E00147051,107,35,12,23,72,60,12,32.71028037383177,11.214953271028037,21.49532710280374,67.28971962616822,56.074766355140184,11.214953271028037
E00147052,138,50,19,31,88,70,18,36.231884057971016,13.768115942028986,22.463768115942027,63.76811594202898,50.72463768115942,13.043478260869565
E00147053,98,34,12,22,64,54,10,34.69387755102041,12.244897959183673,22.448979591836736,65.3061224489796,55.10204081632652,10.204081632653061
E00147054,154,39,12,27,115,96,19,25.324675324675322,7.792207792207792,17.532467532467532,74.67532467532467,62.33766233766234,12.337662337662337
E00147055,144,35,7,28,109,90,19,24.305555555555554,4.861111111111112,19.444444444444446,75.69444444444444,62.5,13.194444444444445
E00147056,131,41,9,32,90,66,24,31.297709923664126,6.870229007633588,24.427480916030532,68.70229007633588,50.38167938931297,18.3206106870229
E00147057,156,48,10,38,108,91,17,30.76923076923077,6.41025641025641,24.358974358974358,69.23076923076923,58.333333333333336,10.897435897435898
E00147058,88,24,6,18,64,48,16,27.27272727272727,6.8181818181818175,20.454545454545457,72.72727272727273,54.54545454545454,18.181818181818183
E00147059,166,50,14,36,116,99,17,30.120481927710845,8.433734939759036,21.686746987951807,69.87951807228916,59.63855421686747,10.240963855421686
E00147060,121,36,11,25,85,63,22,29.75206611570248,9.090909090909092,20.66115702479339,70.24793388429752,52.066115702479344,18.181818181818183
E00147062,207,46,14,32,161,128,33,22.22222222222222,6.763285024154589,15.458937198067632,77.77777777777779,61.83574879227053,15.942028985507244
E00147063,230,64,23,41,166,137,29,27.82608695652174,10,17.82608695652174,72.17391304347827,59.56521739130435,12.608695652173912
E00147064,83,30,9,21,53,39,14,36.144578313253014,10.843373493975903,25.301204819277107,63.85542168674698,46.98795180722892,16.867469879518072
E00147065,95,26,4,22,69,59,10,27.368421052631582,4.2105263157894735,23.157894736842106,72.63157894736842,62.10526315789474,10.526315789473683
E00147066,246,69,23,46,177,145,32,28.04878048780488,9.34959349593496,18.69918699186992,71.95121951219512,58.94308943089431,13.008130081300814
E00147067,169,52,8,44,117,94,23,30.76923076923077,4.733727810650888,26.035502958579883,69.23076923076923,55.62130177514793,13.609467455621301
E00147068,129,30,10,20,99,79,20,23.25581395348837,7.751937984496124,15.503875968992247,76.74418604651163,61.240310077519375,15.503875968992247
E00147069,172,46,13,33,126,96,30,26.744186046511626,7.55813953488372,19.186046511627907,73.25581395348837,55.81395348837209,17.441860465116278
E00147070,113,23,11,12,90,67,23,20.353982300884958,9.734513274336283,10.619469026548673,79.64601769911505,59.29203539823009,20.353982300884958
E00147071,141,45,14,31,96,82,14,31.914893617021278,9.929078014184398,21.98581560283688,68.08510638297872,58.156028368794324,9.929078014184398
E00147072,170,52,16,36,118,100,18,30.58823529411765,9.411764705882353,21.176470588235293,69.41176470588235,58.82352941176471,10.588235294117647
E00147073,113,40,15,25,73,62,11,35.39823008849557,13.274336283185843,22.123893805309734,64.60176991150442,54.86725663716814,9.734513274336283
E00147074,111,32,12,20,79,67,12,28.82882882882883,10.81081081081081,18.01801801801802,71.17117117117117,60.36036036036037,10.81081081081081
E00147075,140,39,12,27,101,85,16,27.857142857142858,8.571428571428571,19.28571428571429,72.14285714285714,60.71428571428571,11.428571428571429
E00147076,132,56,21,35,76,67,9,42.42424242424242,15.909090909090908,26.515151515151516,57.57575757575758,50.75757575757576,6.8181818181818175
E00147077,149,53,19,34,96,79,17,35.57046979865772,12.751677852348994,22.818791946308725,64.42953020134227,53.02013422818792,11.409395973154362
E00147078,186,52,25,27,134,97,37,27.956989247311824,13.440860215053762,14.516129032258066,72.04301075268818,52.1505376344086,19.892473118279568
E00147079,131,36,12,24,95,75,20,27.480916030534353,9.16030534351145,18.3206106870229,72.51908396946564,57.25190839694656,15.267175572519085
E00147080,109,30,9,21,79,68,11,27.522935779816514,8.256880733944955,19.26605504587156,72.47706422018348,62.38532110091744,10.091743119266056
E00147081,147,47,19,28,100,74,26,31.97278911564626,12.925170068027212,19.047619047619047,68.02721088435374,50.34013605442177,17.687074829931973
E00147082,224,76,30,46,148,102,46,33.92857142857143,13.392857142857142,20.535714285714285,66.07142857142857,45.535714285714285,20.535714285714285
E00147083,132,42,14,28,90,70,20,31.818181818181817,10.606060606060606,21.21212121212121,68.18181818181817,53.03030303030303,15.151515151515152
E00147084,213,69,20,49,144,116,28,32.3943661971831,9.389671361502346,23.004694835680752,67.6056338028169,54.460093896713616,13.145539906103288
E00147085,131,34,15,19,97,73,24,25.954198473282442,11.450381679389313,14.50381679389313,74.04580152671755,55.72519083969466,18.3206106870229
E00147086,192,62,15,47,130,95,35,32.29166666666667,7.8125,24.479166666666664,67.70833333333334,49.47916666666667,18.229166666666664
E00147087,147,40,12,28,107,80,27,27.2108843537415,8.16326530612245,19.047619047619047,72.78911564625851,54.421768707483,18.367346938775512
E00147088,119,37,10,27,82,61,21,31.092436974789916,8.403361344537815,22.689075630252102,68.90756302521008,51.26050420168067,17.647058823529413
E00147089,205,75,24,51,130,80,50,36.58536585365854,11.707317073170733,24.878048780487806,63.41463414634146,39.02439024390244,24.390243902439025
E00147090,257,75,22,53,182,138,44,29.18287937743191,8.560311284046692,20.622568093385212,70.8171206225681,53.69649805447471,17.120622568093385
E00147091,256,85,38,47,171,111,60,33.203125,14.84375,18.359375,66.796875,43.359375,23.4375
E00147092,80,23,10,13,57,31,26,28.749999999999996,12.5,16.25,71.25,38.75,32.5
E00147093,168,60,25,35,108,76,32,35.714285714285715,14.880952380952381,20.833333333333336,64.28571428571429,45.23809523809524,19.047619047619047
E00147094,105,33,14,19,72,63,9,31.428571428571427,13.333333333333334,18.095238095238095,68.57142857142857,60,8.571428571428571
E00147095,106,31,11,20,75,63,12,29.245283018867923,10.377358490566039,18.867924528301888,70.75471698113208,59.43396226415094,11.320754716981133
E00147096,133,32,6,26,101,87,14,24.06015037593985,4.511278195488721,19.548872180451127,75.93984962406014,65.41353383458647,10.526315789473683
E00147097,177,49,14,35,128,101,27,27.683615819209038,7.909604519774012,19.774011299435028,72.31638418079096,57.06214689265536,15.254237288135593
E00147098,281,80,24,56,201,162,39,28.46975088967972,8.540925266903916,19.9288256227758,71.53024911032028,57.65124555160143,13.87900355871886
E00147100,191,54,12,42,137,106,31,28.272251308900525,6.282722513089005,21.98952879581152,71.72774869109948,55.497382198952884,16.230366492146597
E00147101,123,42,14,28,81,64,17,34.146341463414636,11.38211382113821,22.76422764227642,65.85365853658537,52.03252032520326,13.821138211382115
E00147104,152,34,7,27,118,85,33,22.36842105263158,4.605263157894736,17.763157894736842,77.63157894736842,55.92105263157895,21.710526315789476
E00147105,262,83,36,47,179,126,53,31.679389312977097,13.740458015267176,17.938931297709924,68.32061068702289,48.091603053435115,20.229007633587788
E00147106,153,51,16,35,102,70,32,33.33333333333333,10.457516339869281,22.875816993464053,66.66666666666666,45.751633986928105,20.915032679738562
E00147107,117,29,10,19,88,73,15,24.786324786324787,8.547008547008547,16.23931623931624,75.21367521367522,62.39316239316239,12.82051282051282
E00147109,98,34,12,22,64,53,11,34.69387755102041,12.244897959183673,22.448979591836736,65.3061224489796,54.08163265306123,11.224489795918368
E00147110,121,36,7,29,85,73,12,29.75206611570248,5.785123966942149,23.96694214876033,70.24793388429752,60.33057851239669,9.917355371900827
E00147111,105,30,8,22,75,60,15,28.57142857142857,7.6190476190476195,20.952380952380953,71.42857142857143,57.14285714285714,14.285714285714285
E00147112,252,84,23,61,168,141,27,33.33333333333333,9.126984126984127,24.206349206349206,66.66666666666666,55.952380952380956,10.714285714285714
E00147113,183,57,19,38,126,102,24,31.147540983606557,10.382513661202186,20.76502732240437,68.85245901639344,55.73770491803278,13.114754098360656
E00147114,83,24,10,14,59,52,7,28.915662650602407,12.048192771084338,16.867469879518072,71.08433734939759,62.65060240963856,8.433734939759036
E00147115,114,40,11,29,74,56,18,35.08771929824561,9.649122807017543,25.438596491228072,64.91228070175438,49.122807017543856,15.789473684210526
E00147116,202,67,24,43,135,102,33,33.16831683168317,11.881188118811881,21.287128712871286,66.83168316831683,50.495049504950494,16.33663366336634
E00147117,182,58,23,35,124,88,36,31.868131868131865,12.637362637362637,19.230769230769234,68.13186813186813,48.35164835164835,19.78021978021978
E00147118,185,63,15,48,122,71,51,34.054054054054056,8.108108108108109,25.945945945945947,65.94594594594595,38.37837837837838,27.56756756756757
E00147119,184,59,23,36,125,87,38,32.065217391304344,12.5,19.565217391304348,67.93478260869566,47.28260869565217,20.652173913043477
E00147120,149,49,23,26,100,75,25,32.88590604026846,15.436241610738255,17.449664429530202,67.11409395973155,50.33557046979866,16.778523489932887
E00147121,130,40,9,31,90,75,15,30.76923076923077,6.923076923076923,23.846153846153847,69.23076923076923,57.692307692307686,11.538461538461538
E00147122,127,35,12,23,92,75,17,27.559055118110237,9.448818897637794,18.11023622047244,72.44094488188976,59.055118110236215,13.385826771653544
E00147123,302,102,48,54,200,165,35,33.77483443708609,15.894039735099339,17.880794701986755,66.22516556291392,54.63576158940398,11.589403973509933
E00147124,77,25,7,18,52,44,8,32.467532467532465,9.090909090909092,23.376623376623375,67.53246753246754,57.14285714285714,10.38961038961039
E00147125,113,37,18,19,76,67,9,32.743362831858406,15.929203539823009,16.8141592920354,67.2566371681416,59.29203539823009,7.964601769911504
E00147126,136,40,12,28,96,77,19,29.411764705882355,8.823529411764707,20.588235294117645,70.58823529411765,56.61764705882353,13.970588235294118
E00147127,102,42,14,28,60,45,15,41.17647058823529,13.725490196078432,27.450980392156865,58.82352941176471,44.11764705882353,14.705882352941178
E00147128,93,29,12,17,64,53,11,31.182795698924732,12.903225806451612,18.27956989247312,68.81720430107528,56.98924731182796,11.827956989247312
E00147129,185,71,32,39,114,93,21,38.37837837837838,17.2972972972973,21.08108108108108,61.62162162162163,50.27027027027027,11.351351351351353
E00147130,85,18,5,13,67,55,12,21.176470588235293,5.88235294117647,15.294117647058824,78.82352941176471,64.70588235294117,14.117647058823529
E00147131,91,27,8,19,64,55,9,29.67032967032967,8.791208791208792,20.87912087912088,70.32967032967034,60.43956043956044,9.89010989010989
E00147132,167,46,15,31,121,97,24,27.54491017964072,8.982035928143713,18.562874251497004,72.45508982035929,58.08383233532935,14.37125748502994
E00147133,197,65,21,44,132,104,28,32.99492385786802,10.65989847715736,22.33502538071066,67.00507614213198,52.79187817258884,14.213197969543149
E00147134,126,37,18,19,89,58,31,29.365079365079367,14.285714285714285,15.079365079365079,70.63492063492063,46.03174603174603,24.6031746031746
E00147135,243,79,34,45,164,120,44,32.510288065843625,13.991769547325102,18.51851851851852,67.48971193415639,49.382716049382715,18.106995884773664
E00147136,102,27,10,17,75,61,14,26.47058823529412,9.803921568627452,16.666666666666664,73.52941176470588,59.80392156862745,13.725490196078432
E00147137,183,49,16,33,134,117,17,26.775956284153008,8.743169398907105,18.0327868852459,73.224043715847,63.934426229508205,9.289617486338798
E00147138,161,55,15,40,106,89,17,34.161490683229815,9.316770186335404,24.84472049689441,65.83850931677019,55.27950310559007,10.559006211180124
E00147139,116,45,16,29,71,54,17,38.793103448275865,13.793103448275861,25,61.206896551724135,46.55172413793103,14.655172413793101
E00147140,147,46,13,33,101,79,22,31.292517006802722,8.843537414965986,22.448979591836736,68.70748299319727,53.74149659863946,14.965986394557824
E00147141,105,35,13,22,70,59,11,33.33333333333333,12.380952380952381,20.952380952380953,66.66666666666666,56.19047619047619,10.476190476190476
E00147142,165,52,21,31,113,82,31,31.515151515151512,12.727272727272727,18.787878787878785,68.48484848484848,49.696969696969695,18.787878787878785
E00147143,210,62,31,31,148,102,46,29.523809523809526,14.761904761904763,14.761904761904763,70.47619047619048,48.57142857142857,21.904761904761905
E00147144,212,62,28,34,150,113,37,29.245283018867923,13.20754716981132,16.037735849056602,70.75471698113208,53.301886792452834,17.452830188679243
E00147145,171,55,22,33,116,95,21,32.16374269005848,12.865497076023392,19.298245614035086,67.83625730994152,55.55555555555556,12.280701754385964
E00147146,149,48,14,34,101,90,11,32.21476510067114,9.395973154362416,22.818791946308725,67.78523489932886,60.40268456375839,7.38255033557047
E00147147,179,56,19,37,123,93,30,31.28491620111732,10.614525139664805,20.670391061452513,68.71508379888269,51.955307262569825,16.75977653631285
E00147148,102,36,12,24,66,60,6,35.294117647058826,11.76470588235294,23.52941176470588,64.70588235294117,58.82352941176471,5.88235294117647
E00147149,155,47,15,32,108,87,21,30.32258064516129,9.67741935483871,20.64516129032258,69.6774193548387,56.12903225806451,13.548387096774196
E00147150,120,40,12,28,80,67,13,33.33333333333333,10,23.333333333333332,66.66666666666666,55.833333333333336,10.833333333333334
E00147151,124,42,14,28,82,71,11,33.87096774193548,11.29032258064516,22.58064516129032,66.12903225806451,57.25806451612904,8.870967741935484
E00147152,54,13,4,9,41,30,11,24.074074074074073,7.4074074074074066,16.666666666666664,75.92592592592592,55.55555555555556,20.37037037037037
E00147153,166,58,20,38,108,82,26,34.93975903614458,12.048192771084338,22.89156626506024,65.06024096385542,49.39759036144578,15.66265060240964
E00147154,256,87,35,52,169,135,34,33.984375,13.671875,20.3125,66.015625,52.734375,13.28125
E00147155,113,20,5,15,93,82,11,17.699115044247787,4.424778761061947,13.274336283185843,82.30088495575221,72.56637168141593,9.734513274336283
E00147156,139,51,17,34,88,70,18,36.69064748201439,12.23021582733813,24.46043165467626,63.30935251798561,50.35971223021583,12.949640287769784
E00147157,143,43,15,28,100,85,15,30.069930069930066,10.48951048951049,19.58041958041958,69.93006993006993,59.44055944055944,10.48951048951049
E00147158,179,63,19,44,116,99,17,35.19553072625698,10.614525139664805,24.581005586592177,64.80446927374301,55.3072625698324,9.497206703910614
E00147159,92,37,9,28,55,43,12,40.21739130434783,9.782608695652174,30.434782608695656,59.78260869565217,46.73913043478261,13.043478260869565
E00147160,133,46,14,32,87,70,17,34.58646616541353,10.526315789473683,24.06015037593985,65.41353383458647,52.63157894736842,12.781954887218044
E00147161,187,58,19,39,129,112,17,31.016042780748666,10.16042780748663,20.855614973262032,68.98395721925134,59.893048128342244,9.090909090909092
E00147162,190,53,13,40,137,113,24,27.89473684210526,6.842105263157896,21.052631578947366,72.10526315789474,59.473684210526315,12.631578947368421
E00147163,160,52,14,38,108,93,15,32.5,8.75,23.75,67.5,58.12500000000001,9.375
E00147164,162,52,18,34,110,80,30,32.098765432098766,11.11111111111111,20.98765432098765,67.90123456790124,49.382716049382715,18.51851851851852
E00147165,226,61,15,46,165,128,37,26.991150442477874,6.637168141592921,20.353982300884958,73.00884955752213,56.63716814159292,16.371681415929203
E00147166,117,43,11,32,74,62,12,36.75213675213676,9.401709401709402,27.350427350427353,63.24786324786324,52.991452991452995,10.256410256410255
E00147167,201,67,29,38,134,86,48,33.33333333333333,14.427860696517413,18.90547263681592,66.66666666666666,42.78606965174129,23.88059701492537
E00147168,162,50,14,36,112,83,29,30.864197530864196,8.641975308641975,22.22222222222222,69.1358024691358,51.23456790123457,17.901234567901234
E00147169,141,50,17,33,91,69,22,35.46099290780142,12.056737588652481,23.404255319148938,64.53900709219859,48.93617021276596,15.602836879432624
E00147170,158,48,27,21,110,82,28,30.37974683544304,17.088607594936708,13.291139240506327,69.62025316455697,51.89873417721519,17.72151898734177
E00147171,122,44,14,30,78,56,22,36.0655737704918,11.475409836065573,24.59016393442623,63.934426229508205,45.90163934426229,18.0327868852459
E00147172,245,69,30,39,176,130,46,28.163265306122447,12.244897959183673,15.918367346938775,71.83673469387755,53.06122448979592,18.775510204081634
E00147173,163,49,18,31,114,84,30,30.061349693251532,11.042944785276074,19.018404907975462,69.93865030674846,51.533742331288344,18.404907975460123
E00147174,203,74,30,44,129,108,21,36.45320197044335,14.77832512315271,21.67487684729064,63.54679802955665,53.20197044334976,10.344827586206897
E00147175,285,84,36,48,201,147,54,29.47368421052631,12.631578947368421,16.842105263157894,70.52631578947368,51.578947368421055,18.947368421052634
E00147176,167,42,18,24,125,104,21,25.149700598802394,10.778443113772456,14.37125748502994,74.8502994011976,62.27544910179641,12.574850299401197
E00147177,169,49,9,40,120,107,13,28.994082840236686,5.325443786982249,23.668639053254438,71.00591715976331,63.31360946745562,7.6923076923076925
E00147178,170,44,16,28,126,112,14,25.882352941176475,9.411764705882353,16.470588235294116,74.11764705882354,65.88235294117646,8.235294117647058
E00147179,143,43,15,28,100,81,19,30.069930069930066,10.48951048951049,19.58041958041958,69.93006993006993,56.64335664335665,13.286713286713287
E00147180,134,37,7,30,97,86,11,27.611940298507463,5.223880597014925,22.388059701492537,72.38805970149254,64.17910447761194,8.208955223880597
E00147181,102,33,12,21,69,57,12,32.35294117647059,11.76470588235294,20.588235294117645,67.64705882352942,55.88235294117647,11.76470588235294
E00147182,324,86,19,67,238,204,34,26.543209876543212,5.864197530864197,20.679012345679013,73.4567901234568,62.96296296296296,10.493827160493826
E00147183,117,28,7,21,89,82,7,23.931623931623932,5.982905982905983,17.94871794871795,76.06837606837607,70.08547008547008,5.982905982905983
E00147184,113,33,9,24,80,67,13,29.20353982300885,7.964601769911504,21.238938053097346,70.79646017699115,59.29203539823009,11.504424778761061
E00147185,150,66,16,50,84,71,13,44,10.666666666666668,33.33333333333333,56.00000000000001,47.333333333333336,8.666666666666668
E00147186,62,18,6,12,44,41,3,29.03225806451613,9.67741935483871,19.35483870967742,70.96774193548387,66.12903225806451,4.838709677419355
E00147187,105,25,3,22,80,62,18,23.809523809523807,2.857142857142857,20.952380952380953,76.19047619047619,59.04761904761905,17.142857142857142
E00147188,118,38,16,22,80,68,12,32.20338983050847,13.559322033898304,18.64406779661017,67.79661016949152,57.6271186440678,10.16949152542373
E00147189,101,33,9,24,68,54,14,32.67326732673268,8.91089108910891,23.762376237623762,67.32673267326733,53.46534653465347,13.861386138613863
E00147190,120,41,10,31,79,67,12,34.166666666666664,8.333333333333332,25.833333333333336,65.83333333333333,55.833333333333336,10
E00147191,102,38,9,29,64,54,10,37.254901960784316,8.823529411764707,28.431372549019606,62.745098039215684,52.94117647058824,9.803921568627452
E00147192,107,33,13,20,74,67,7,30.8411214953271,12.149532710280374,18.69158878504673,69.1588785046729,62.616822429906534,6.5420560747663545
E00147193,214,65,24,41,149,135,14,30.373831775700932,11.214953271028037,19.158878504672895,69.62616822429906,63.084112149532714,6.5420560747663545
E00147194,131,36,12,24,95,84,11,27.480916030534353,9.16030534351145,18.3206106870229,72.51908396946564,64.12213740458014,8.396946564885496
E00147195,172,51,16,35,121,111,10,29.651162790697676,9.30232558139535,20.348837209302324,70.34883720930233,64.53488372093024,5.813953488372093
E00147196,179,51,11,40,128,105,23,28.49162011173184,6.145251396648044,22.3463687150838,71.50837988826815,58.659217877094974,12.849162011173185
E00147197,269,87,20,67,182,159,23,32.342007434944236,7.434944237918216,24.907063197026023,67.65799256505576,59.10780669144982,8.550185873605948
E00147198,159,41,10,31,118,99,19,25.78616352201258,6.289308176100629,19.49685534591195,74.21383647798741,62.264150943396224,11.949685534591195
E00147199,207,66,19,47,141,104,37,31.88405797101449,9.178743961352657,22.705314009661837,68.11594202898551,50.24154589371981,17.874396135265698
E00147200,168,47,15,32,121,105,16,27.976190476190478,8.928571428571429,19.047619047619047,72.02380952380952,62.5,9.523809523809524
E00147201,233,66,16,50,167,135,32,28.32618025751073,6.866952789699571,21.45922746781116,71.67381974248927,57.93991416309014,13.733905579399142
E00147202,143,50,18,32,93,74,19,34.96503496503497,12.587412587412588,22.377622377622377,65.03496503496503,51.74825174825175,13.286713286713287
E00147203,218,44,15,29,174,164,10,20.18348623853211,6.8807339449541285,13.302752293577983,79.81651376146789,75.22935779816514,4.587155963302752
E00147204,156,45,8,37,111,87,24,28.846153846153843,5.128205128205128,23.717948717948715,71.15384615384616,55.769230769230774,15.384615384615385
E00147205,84,23,10,13,61,48,13,27.380952380952383,11.904761904761903,15.476190476190476,72.61904761904762,57.14285714285714,15.476190476190476
E00147206,84,30,11,19,54,46,8,35.714285714285715,13.095238095238097,22.61904761904762,64.28571428571429,54.761904761904766,9.523809523809524
E00147207,195,62,19,43,133,111,22,31.794871794871792,9.7435897435897445,22.05128205128205,68.2051282051282,56.92307692307692,11.282051282051283
E00147208,138,35,9,26,103,88,15,25.36231884057971,6.521739130434782,18.84057971014493,74.63768115942028,63.76811594202898,10.869565217391305
E00147209,167,44,16,28,123,104,19,26.34730538922156,9.580838323353294,16.766467065868262,73.65269461077844,62.27544910179641,11.377245508982035
E00147211,215,59,30,29,156,121,35,27.44186046511628,13.953488372093023,13.488372093023257,72.55813953488372,56.27906976744186,16.27906976744186
E00147212,159,41,11,30,118,108,10,25.78616352201258,6.918238993710692,18.867924528301888,74.21383647798741,67.9245283018868,6.289308176100629
E00147213,147,50,14,36,97,82,15,34.01360544217687,9.523809523809524,24.489795918367346,65.98639455782312,55.78231292517006,10.204081632653061
E00147214,164,40,8,32,124,110,14,24.390243902439025,4.878048780487805,19.51219512195122,75.60975609756098,67.07317073170732,8.536585365853659
E00147215,92,24,6,18,68,61,7,26.08695652173913,6.521739130434782,19.565217391304348,73.91304347826086,66.30434782608695,7.608695652173914
E00147216,96,24,10,14,72,64,8,25,10.416666666666668,14.583333333333334,75,66.66666666666666,8.333333333333332
E00147217,123,31,8,23,92,83,9,25.203252032520325,6.504065040650407,18.69918699186992,74.79674796747967,67.47967479674797,7.317073170731707
E00147218,140,36,10,26,104,94,10,25.71428571428571,7.142857142857142,18.571428571428573,74.28571428571429,67.14285714285714,7.142857142857142
E00147219,166,51,16,35,115,108,7,30.72289156626506,9.63855421686747,21.084337349397593,69.27710843373494,65.06024096385542,4.216867469879518
E00147220,116,25,7,18,91,82,9,21.551724137931032,6.0344827586206895,15.517241379310345,78.44827586206897,70.6896551724138,7.758620689655173
E00147221,192,70,14,56,122,100,22,36.45833333333333,7.291666666666667,29.166666666666668,63.541666666666664,52.083333333333336,11.458333333333332
E00147222,140,41,12,29,99,84,15,29.28571428571429,8.571428571428571,20.714285714285715,70.71428571428572,60,10.714285714285714
E00147223,97,29,11,18,68,46,22,29.896907216494846,11.34020618556701,18.556701030927837,70.10309278350515,47.42268041237113,22.68041237113402
E00147224,116,37,13,24,79,72,7,31.896551724137932,11.206896551724139,20.689655172413794,68.10344827586206,62.06896551724138,6.0344827586206895
E00147225,127,42,14,28,85,74,11,33.07086614173229,11.023622047244094,22.04724409448819,66.92913385826772,58.26771653543307,8.661417322834646
E00147226,152,43,15,28,109,96,13,28.289473684210524,9.868421052631579,18.421052631578945,71.71052631578947,63.1578947368421,8.552631578947368
E00147227,126,44,13,31,82,72,10,34.92063492063492,10.317460317460316,24.6031746031746,65.07936507936508,57.14285714285714,7.936507936507936
E00147228,190,75,32,43,115,78,37,39.473684210526315,16.842105263157894,22.63157894736842,60.526315789473685,41.05263157894737,19.473684210526315
E00147229,168,55,25,30,113,94,19,32.73809523809524,14.880952380952381,17.857142857142858,67.26190476190477,55.952380952380956,11.30952380952381
E00147230,174,62,23,39,112,94,18,35.63218390804598,13.218390804597702,22.413793103448278,64.36781609195403,54.02298850574713,10.344827586206897
E00147231,234,75,19,56,159,133,26,32.05128205128205,8.11965811965812,23.931623931623932,67.94871794871796,56.837606837606835,11.11111111111111
E00147232,167,50,15,35,117,95,22,29.94011976047904,8.982035928143713,20.958083832335326,70.05988023952095,56.886227544910184,13.17365269461078
E00147233,176,56,23,33,120,99,21,31.818181818181817,13.068181818181818,18.75,68.18181818181817,56.25,11.931818181818182
E00147234,155,49,8,41,106,87,19,31.61290322580645,5.161290322580645,26.451612903225808,68.38709677419355,56.12903225806451,12.258064516129032
E00147235,164,55,18,37,109,75,34,33.53658536585366,10.975609756097562,22.5609756097561,66.46341463414635,45.73170731707317,20.73170731707317
E00147236,194,55,16,39,139,100,39,28.350515463917525,8.24742268041237,20.103092783505154,71.64948453608247,51.546391752577314,20.103092783505154
E00147237,200,63,26,37,137,101,36,31.5,13,18.5,68.5,50.5,18
E00147238,159,52,18,34,107,73,34,32.70440251572327,11.320754716981133,21.38364779874214,67.29559748427673,45.911949685534594,21.38364779874214
E00147239,82,25,12,13,57,42,15,30.48780487804878,14.634146341463413,15.853658536585366,69.51219512195121,51.21951219512195,18.29268292682927
E00147240,121,46,19,27,75,56,19,38.01652892561984,15.702479338842975,22.31404958677686,61.98347107438017,46.28099173553719,15.702479338842975
E00147241,114,35,12,23,79,46,33,30.701754385964914,10.526315789473683,20.175438596491226,69.2982456140351,40.35087719298245,28.947368421052634
E00147242,107,33,7,26,74,60,14,30.8411214953271,6.5420560747663545,24.299065420560748,69.1588785046729,56.074766355140184,13.084112149532709
E00147243,116,36,13,23,80,64,16,31.03448275862069,11.206896551724139,19.82758620689655,68.96551724137932,55.172413793103445,13.793103448275861
E00147244,135,47,22,25,88,63,25,34.81481481481482,16.296296296296298,18.51851851851852,65.18518518518519,46.666666666666664,18.51851851851852
E00147245,136,45,18,27,91,77,14,33.088235294117645,13.23529411764706,19.852941176470587,66.91176470588235,56.61764705882353,10.294117647058822
E00147246,110,45,17,28,65,45,20,40.909090909090914,15.454545454545453,25.454545454545453,59.09090909090909,40.909090909090914,18.181818181818183
E00147248,104,42,17,25,62,49,13,40.38461538461539,16.346153846153847,24.03846153846154,59.61538461538461,47.11538461538461,12.5
E00147249,124,41,10,31,83,70,13,33.064516129032256,8.064516129032258,25,66.93548387096774,56.451612903225815,10.483870967741936
E00147250,99,41,12,29,58,45,13,41.41414141414141,12.121212121212121,29.292929292929294,58.58585858585859,45.45454545454545,13.131313131313133
E00147251,70,19,8,11,51,39,12,27.142857142857142,11.428571428571429,15.714285714285714,72.85714285714285,55.714285714285715,17.142857142857142
E00147252,155,57,16,41,98,86,12,36.774193548387096,10.32258064516129,26.451612903225808,63.2258064516129,55.483870967741936,7.741935483870968
E00147253,169,36,11,25,133,119,14,21.301775147928996,6.508875739644971,14.792899408284024,78.69822485207101,70.41420118343196,8.284023668639055
E00147254,157,52,13,39,105,93,12,33.12101910828025,8.280254777070063,24.840764331210192,66.87898089171973,59.23566878980891,7.643312101910828
E00147255,205,71,25,46,134,111,23,34.63414634146341,12.195121951219512,22.439024390243905,65.3658536585366,54.146341463414636,11.219512195121952
E00147256,191,67,23,44,124,97,27,35.07853403141361,12.041884816753926,23.036649214659686,64.92146596858639,50.78534031413613,14.136125654450263
E00147257,177,60,28,32,117,80,37,33.89830508474576,15.819209039548024,18.07909604519774,66.10169491525424,45.19774011299435,20.903954802259886
E00147258,257,83,22,61,174,132,42,32.295719844357976,8.560311284046692,23.73540856031128,67.70428015564202,51.36186770428015,16.342412451361866
E00147259,151,39,22,17,112,74,38,25.82781456953642,14.56953642384106,11.258278145695364,74.17218543046357,49.00662251655629,25.165562913907287
E00147260,155,55,17,38,100,71,29,35.483870967741936,10.967741935483872,24.516129032258064,64.51612903225806,45.806451612903224,18.70967741935484
E00147261,146,49,13,36,97,82,15,33.56164383561644,8.904109589041095,24.65753424657534,66.43835616438356,56.16438356164384,10.273972602739725
E00147262,230,61,20,41,169,116,53,26.521739130434785,8.695652173913043,17.82608695652174,73.47826086956522,50.43478260869565,23.043478260869566
E00147263,218,55,13,42,163,131,32,25.229357798165136,5.963302752293578,19.26605504587156,74.77064220183486,60.09174311926605,14.678899082568808
E00147264,117,34,8,26,83,61,22,29.059829059829063,6.837606837606838,22.22222222222222,70.94017094017094,52.13675213675214,18.803418803418804
E00147266,165,56,14,42,109,98,11,33.939393939393945,8.484848484848486,25.454545454545453,66.06060606060606,59.3939393939394,6.666666666666667
E00147267,146,36,12,24,110,84,26,24.65753424657534,8.21917808219178,16.43835616438356,75.34246575342466,57.534246575342465,17.80821917808219
E00147268,112,33,6,27,79,70,9,29.464285714285715,5.357142857142857,24.107142857142858,70.53571428571429,62.5,8.035714285714286
E00147269,112,36,6,30,76,63,13,32.142857142857146,5.357142857142857,26.785714285714285,67.85714285714286,56.25,11.607142857142858
E00147270,139,49,18,31,90,68,22,35.25179856115108,12.949640287769784,22.302158273381295,64.74820143884892,48.92086330935252,15.827338129496402
E00147271,229,69,24,45,160,131,29,30.131004366812224,10.480349344978166,19.65065502183406,69.86899563318777,57.20524017467249,12.663755458515283
E00147272,119,40,10,30,79,61,18,33.61344537815126,8.403361344537815,25.210084033613445,66.38655462184873,51.26050420168067,15.126050420168067
E00147273,131,51,19,32,80,50,30,38.93129770992366,14.50381679389313,24.427480916030532,61.06870229007634,38.16793893129771,22.900763358778626
E00147274,286,90,28,62,196,161,35,31.46853146853147,9.79020979020979,21.678321678321677,68.53146853146853,56.29370629370629,12.237762237762238
E00147275,139,60,25,35,79,61,18,43.16546762589928,17.985611510791365,25.179856115107913,56.83453237410072,43.884892086330936,12.949640287769784
E00147276,144,40,15,25,104,88,16,27.77777777777778,10.416666666666668,17.36111111111111,72.22222222222221,61.111111111111114,11.11111111111111
E00147277,203,86,26,60,117,98,19,42.364532019704434,12.807881773399016,29.55665024630542,57.635467980295566,48.275862068965516,9.35960591133005
E00147278,176,58,21,37,118,88,30,32.95454545454545,11.931818181818182,21.022727272727273,67.04545454545455,50,17.045454545454543
E00147279,181,59,19,40,122,89,33,32.59668508287293,10.497237569060774,22.099447513812155,67.40331491712708,49.171270718232044,18.23204419889503
E00147280,137,47,13,34,90,61,29,34.306569343065696,9.48905109489051,24.817518248175183,65.69343065693431,44.52554744525548,21.16788321167883
E00147281,138,49,22,27,89,68,21,35.507246376811594,15.942028985507244,19.565217391304348,64.4927536231884,49.275362318840585,15.217391304347828
E00147282,147,48,20,28,99,61,38,32.6530612244898,13.60544217687075,19.047619047619047,67.3469387755102,41.49659863945578,25.850340136054424
E00147284,220,79,23,56,141,113,28,35.90909090909091,10.454545454545453,25.454545454545453,64.0909090909091,51.36363636363637,12.727272727272727
E00147285,276,82,21,61,194,170,24,29.71014492753623,7.608695652173914,22.10144927536232,70.28985507246377,61.59420289855072,8.695652173913043
E00147286,118,36,12,24,82,69,13,30.508474576271187,10.16949152542373,20.33898305084746,69.49152542372882,58.47457627118644,11.016949152542372
E00147287,169,61,25,36,108,75,33,36.09467455621302,14.792899408284024,21.301775147928996,63.905325443786985,44.37869822485207,19.526627218934912
E00147288,90,32,9,23,58,43,15,35.55555555555556,10,25.555555555555554,64.44444444444444,47.77777777777778,16.666666666666664
E00147289,171,53,25,28,118,94,24,30.994152046783626,14.619883040935672,16.374269005847953,69.00584795321637,54.97076023391813,14.035087719298245
E00147290,157,57,17,40,100,80,20,36.30573248407643,10.828025477707007,25.477707006369428,63.69426751592356,50.955414012738856,12.738853503184714
E00147291,121,39,15,24,82,68,14,32.231404958677686,12.396694214876034,19.834710743801654,67.76859504132231,56.19834710743802,11.570247933884298
E00147292,154,44,15,29,110,99,11,28.57142857142857,9.740259740259742,18.83116883116883,71.42857142857143,64.28571428571429,7.142857142857142
E00147293,117,35,7,28,82,60,22,29.914529914529915,5.982905982905983,23.931623931623932,70.08547008547008,51.28205128205128,18.803418803418804
E00147295,141,44,12,32,97,80,17,31.20567375886525,8.51063829787234,22.69503546099291,68.79432624113475,56.73758865248227,12.056737588652481
E00147296,118,30,7,23,88,76,12,25.423728813559322,5.932203389830509,19.491525423728813,74.57627118644068,64.40677966101694,10.16949152542373
E00147298,137,38,10,28,99,79,20,27.73722627737226,7.2992700729927,20.437956204379564,72.26277372262774,57.66423357664233,14.5985401459854
E00147299,198,57,13,44,141,117,24,28.78787878787879,6.565656565656567,22.22222222222222,71.21212121212122,59.09090909090909,12.121212121212121
E00147300,216,61,27,34,155,117,38,28.240740740740737,12.5,15.74074074074074,71.75925925925925,54.166666666666664,17.59259259259259
E00147301,153,38,14,24,115,101,14,24.836601307189543,9.15032679738562,15.686274509803921,75.16339869281046,66.01307189542483,9.15032679738562
E00147302,155,48,12,36,107,91,16,30.967741935483872,7.741935483870968,23.225806451612904,69.03225806451613,58.70967741935483,10.32258064516129
E00147303,119,30,9,21,89,75,14,25.210084033613445,7.563025210084033,17.647058823529413,74.78991596638656,63.02521008403361,11.76470588235294
E00147304,180,53,14,39,127,105,22,29.444444444444446,7.777777777777778,21.666666666666668,70.55555555555556,58.333333333333336,12.222222222222221
E00147305,228,64,18,46,164,132,32,28.07017543859649,7.894736842105263,20.175438596491226,71.9298245614035,57.89473684210527,14.035087719298245
E00147306,168,50,12,38,118,105,13,29.761904761904763,7.142857142857142,22.61904761904762,70.23809523809523,62.5,7.738095238095238
E00147307,149,36,9,27,113,98,15,24.161073825503358,6.0402684563758395,18.120805369127517,75.83892617449665,65.77181208053692,10.06711409395973
E00147308,115,34,13,21,81,71,10,29.565217391304348,11.304347826086957,18.26086956521739,70.43478260869566,61.73913043478261,8.695652173913043
E00147309,309,101,28,73,208,179,29,32.68608414239482,9.06148867313916,23.624595469255663,67.31391585760518,57.92880258899677,9.385113268608414
E00147310,184,56,18,38,128,108,20,30.434782608695656,9.782608695652174,20.652173913043477,69.56521739130434,58.69565217391305,10.869565217391305
E00147312,146,48,19,29,98,86,12,32.87671232876712,13.013698630136986,19.863013698630137,67.12328767123287,58.9041095890411,8.21917808219178
E00147313,144,57,18,39,87,75,12,39.58333333333333,12.5,27.083333333333332,60.416666666666664,52.083333333333336,8.333333333333332
E00147314,121,41,12,29,80,63,17,33.88429752066116,9.917355371900827,23.96694214876033,66.11570247933885,52.066115702479344,14.049586776859504
E00147316,147,56,20,36,91,77,14,38.095238095238095,13.60544217687075,24.489795918367346,61.904761904761905,52.38095238095239,9.523809523809524
E00147317,191,66,23,43,125,115,10,34.55497382198953,12.041884816753926,22.5130890052356,65.44502617801047,60.20942408376963,5.2356020942408374
E00147318,147,43,19,24,104,96,8,29.25170068027211,12.925170068027212,16.3265306122449,70.74829931972789,65.3061224489796,5.442176870748299
E00147319,151,61,12,49,90,86,4,40.397350993377486,7.9470198675496695,32.450331125827816,59.60264900662252,56.95364238410596,2.6490066225165565
E00147320,149,53,16,37,96,79,17,35.57046979865772,10.738255033557047,24.832214765100673,64.42953020134227,53.02013422818792,11.409395973154362
E00147321,127,47,17,30,80,70,10,37.00787401574803,13.385826771653544,23.62204724409449,62.99212598425197,55.118110236220474,7.874015748031496
E00147322,107,43,12,31,64,55,9,40.18691588785047,11.214953271028037,28.971962616822427,59.813084112149525,51.4018691588785,8.411214953271028
E00147323,164,65,21,44,99,92,7,39.63414634146341,12.804878048780488,26.82926829268293,60.36585365853659,56.09756097560976,4.2682926829268295
E00147324,181,53,12,41,128,105,23,29.2817679558011,6.629834254143646,22.65193370165746,70.71823204419888,58.011049723756905,12.70718232044199
E00147327,230,53,15,38,177,158,19,23.043478260869566,6.521739130434782,16.52173913043478,76.95652173913044,68.69565217391305,8.26086956521739
E00147328,204,62,16,46,142,125,17,30.392156862745097,7.8431372549019605,22.54901960784314,69.6078431372549,61.274509803921575,8.333333333333332
E00147329,167,50,12,38,117,105,12,29.94011976047904,7.18562874251497,22.75449101796407,70.05988023952095,62.874251497005986,7.18562874251497
E00147330,154,44,9,35,110,91,19,28.57142857142857,5.844155844155844,22.727272727272727,71.42857142857143,59.09090909090909,12.337662337662337
E00147331,158,50,19,31,108,98,10,31.645569620253166,12.025316455696203,19.62025316455696,68.35443037974683,62.0253164556962,6.329113924050633
E00147332,144,48,15,33,96,80,16,33.33333333333333,10.416666666666668,22.916666666666664,66.66666666666666,55.55555555555556,11.11111111111111
E00147333,155,61,19,42,94,75,19,39.35483870967742,12.258064516129032,27.09677419354839,60.64516129032258,48.38709677419355,12.258064516129032
E00147334,115,37,10,27,78,65,13,32.17391304347826,8.695652173913043,23.47826086956522,67.82608695652173,56.52173913043478,11.304347826086957
E00147335,140,51,14,37,89,77,12,36.42857142857142,10,26.42857142857143,63.57142857142857,55.00000000000001,8.571428571428571
E00147336,153,42,13,29,111,94,17,27.450980392156865,8.49673202614379,18.954248366013072,72.54901960784314,61.43790849673203,11.11111111111111
E00147337,146,54,23,31,92,73,19,36.986301369863014,15.753424657534246,21.232876712328768,63.013698630136986,50,13.013698630136986
E00147338,105,38,11,27,67,51,16,36.19047619047619,10.476190476190476,25.71428571428571,63.8095238095238,48.57142857142857,15.238095238095239
E00147339,162,47,10,37,115,100,15,29.01234567901235,6.172839506172839,22.839506172839506,70.98765432098766,61.72839506172839,9.25925925925926
E00147340,152,54,12,42,98,84,14,35.526315789473685,7.894736842105263,27.631578947368425,64.47368421052632,55.26315789473685,9.210526315789473
E00147341,110,38,16,22,72,60,12,34.54545454545455,14.545454545454545,20,65.45454545454545,54.54545454545454,10.909090909090908
E00147342,168,62,27,35,106,94,12,36.904761904761905,16.071428571428573,20.833333333333336,63.095238095238095,55.952380952380956,7.142857142857142
E00147343,145,52,20,32,93,82,11,35.86206896551724,13.793103448275861,22.06896551724138,64.13793103448275,56.55172413793104,7.586206896551724
E00147344,143,50,22,28,93,78,15,34.96503496503497,15.384615384615385,19.58041958041958,65.03496503496503,54.54545454545454,10.48951048951049
E00147345,125,33,10,23,92,72,20,26.400000000000002,8,18.4,73.6,57.599999999999994,16
E00147346,115,45,18,27,70,59,11,39.130434782608695,15.65217391304348,23.47826086956522,60.86956521739131,51.30434782608696,9.565217391304348
E00147347,171,64,21,43,107,94,13,37.42690058479532,12.280701754385964,25.146198830409354,62.57309941520468,54.97076023391813,7.602339181286549
E00147348,145,48,9,39,97,88,9,33.10344827586207,6.206896551724138,26.89655172413793,66.89655172413794,60.689655172413794,6.206896551724138
E00147349,130,44,13,31,86,76,10,33.84615384615385,10,23.846153846153847,66.15384615384615,58.46153846153847,7.6923076923076925
E00147350,63,22,10,12,41,37,4,34.92063492063492,15.873015873015872,19.047619047619047,65.07936507936508,58.730158730158735,6.349206349206349
E00147351,148,51,13,38,97,83,14,34.45945945945946,8.783783783783784,25.675675675675674,65.54054054054053,56.08108108108109,9.45945945945946
E00147352,146,44,13,31,102,85,17,30.136986301369863,8.904109589041095,21.232876712328768,69.86301369863014,58.21917808219178,11.643835616438356
E00147353,234,70,20,50,164,136,28,29.914529914529915,8.547008547008547,21.367521367521366,70.08547008547008,58.119658119658126,11.965811965811966
E00147354,123,42,12,30,81,59,22,34.146341463414636,9.75609756097561,24.390243902439025,65.85365853658537,47.96747967479675,17.88617886178862
E00147355,101,35,14,21,66,51,15,34.65346534653465,13.861386138613863,20.792079207920793,65.34653465346535,50.495049504950494,14.85148514851485
E00147356,126,49,21,28,77,69,8,38.88888888888889,16.666666666666664,22.22222222222222,61.111111111111114,54.761904761904766,6.349206349206349
E00147357,162,57,20,37,105,89,16,35.18518518518518,12.345679012345679,22.839506172839506,64.81481481481481,54.93827160493827,9.876543209876543
E00147358,112,28,11,17,84,68,16,25,9.821428571428571,15.178571428571427,75,60.71428571428571,14.285714285714285
E00147359,128,47,11,36,81,69,12,36.71875,8.59375,28.125,63.28125,53.90625,9.375
E00147360,117,36,15,21,81,67,14,30.76923076923077,12.82051282051282,17.94871794871795,69.23076923076923,57.26495726495726,11.965811965811966
E00147361,169,58,16,42,111,81,30,34.319526627218934,9.467455621301776,24.85207100591716,65.68047337278107,47.928994082840234,17.75147928994083
E00147362,150,58,16,42,92,78,14,38.666666666666664,10.666666666666668,28.000000000000004,61.33333333333333,52,9.333333333333334
E00147363,173,54,17,37,119,94,25,31.213872832369944,9.826589595375722,21.38728323699422,68.78612716763006,54.33526011560693,14.450867052023122
E00147364,108,33,9,24,75,62,13,30.555555555555557,8.333333333333332,22.22222222222222,69.44444444444444,57.407407407407405,12.037037037037036
E00147365,139,37,17,20,102,87,15,26.618705035971225,12.23021582733813,14.388489208633093,73.38129496402878,62.589928057553955,10.79136690647482
E00147366,266,73,28,45,193,168,25,27.44360902255639,10.526315789473683,16.917293233082706,72.55639097744361,63.1578947368421,9.398496240601503
E00147367,201,61,17,44,140,115,25,30.34825870646766,8.45771144278607,21.890547263681594,69.65174129353234,57.2139303482587,12.437810945273633
E00147368,147,46,10,36,101,89,12,31.292517006802722,6.802721088435375,24.489795918367346,68.70748299319727,60.544217687074834,8.16326530612245
E00147369,191,55,21,34,136,111,25,28.79581151832461,10.99476439790576,17.801047120418847,71.20418848167539,58.1151832460733,13.089005235602095
E00147370,200,58,18,40,142,111,31,28.999999999999996,9,20,71,55.50000000000001,15.5
E00147371,127,44,13,31,83,68,15,34.645669291338585,10.236220472440944,24.409448818897637,65.35433070866141,53.54330708661418,11.811023622047244
E00147373,196,63,18,45,133,111,22,32.142857142857146,9.183673469387756,22.95918367346939,67.85714285714286,56.63265306122449,11.224489795918368
E00147374,119,33,13,20,86,72,14,27.73109243697479,10.92436974789916,16.80672268907563,72.26890756302521,60.50420168067227,11.76470588235294
E00147375,166,47,12,35,119,106,13,28.313253012048197,7.228915662650602,21.084337349397593,71.6867469879518,63.85542168674698,7.83132530120482
E00147376,142,34,7,27,108,96,12,23.943661971830984,4.929577464788732,19.014084507042252,76.05633802816901,67.6056338028169,8.450704225352112
E00147377,145,52,14,38,93,77,16,35.86206896551724,9.655172413793103,26.20689655172414,64.13793103448275,53.103448275862064,11.03448275862069
E00147379,127,32,10,22,95,79,16,25.196850393700785,7.874015748031496,17.322834645669293,74.80314960629921,62.20472440944882,12.598425196850393
E00147380,157,49,19,30,108,96,12,31.210191082802545,12.101910828025478,19.10828025477707,68.78980891719745,61.146496815286625,7.643312101910828
E00147381,81,36,11,25,45,38,7,44.44444444444444,13.580246913580247,30.864197530864196,55.55555555555556,46.913580246913575,8.641975308641975
E00147383,245,68,16,52,177,152,25,27.755102040816325,6.530612244897959,21.224489795918366,72.24489795918367,62.04081632653061,10.204081632653061
E00147384,317,72,26,46,245,221,24,22.71293375394322,8.201892744479496,14.511041009463725,77.28706624605678,69.71608832807571,7.570977917981073
E00147385,76,26,10,16,50,44,6,34.21052631578947,13.157894736842104,21.052631578947366,65.78947368421053,57.89473684210527,7.894736842105263
E00147386,111,46,13,33,65,57,8,41.44144144144144,11.711711711711711,29.72972972972973,58.55855855855856,51.35135135135135,7.207207207207207
E00147387,104,40,10,30,64,59,5,38.46153846153847,9.615384615384617,28.846153846153843,61.53846153846154,56.730769230769226,4.807692307692308
E00147388,165,56,16,40,109,101,8,33.939393939393945,9.696969696969697,24.242424242424242,66.06060606060606,61.212121212121204,4.848484848484849
E00147389,87,38,14,24,49,45,4,43.67816091954023,16.091954022988507,27.586206896551722,56.32183908045977,51.724137931034484,4.597701149425287
E00147390,125,34,8,26,91,77,14,27.200000000000003,6.4,20.8,72.8,61.6,11.200000000000001
E00147391,118,38,13,25,80,65,15,32.20338983050847,11.016949152542372,21.1864406779661,67.79661016949152,55.08474576271186,12.711864406779661
E00147393,124,50,20,30,74,66,8,40.32258064516129,16.129032258064516,24.193548387096776,59.67741935483871,53.2258064516129,6.451612903225806
E00147394,154,55,22,33,99,86,13,35.714285714285715,14.285714285714285,21.428571428571427,64.28571428571429,55.84415584415584,8.441558441558442
E00147395,213,49,19,30,164,143,21,23.004694835680752,8.92018779342723,14.084507042253522,76.99530516431925,67.13615023474179,9.859154929577464
E00147396,177,49,18,31,128,111,17,27.683615819209038,10.16949152542373,17.51412429378531,72.31638418079096,62.71186440677966,9.6045197740113
E00147397,198,67,32,35,131,98,33,33.83838383838384,16.161616161616163,17.67676767676768,66.16161616161617,49.494949494949495,16.666666666666664
E00147399,128,36,19,17,92,54,38,28.125,14.84375,13.28125,71.875,42.1875,29.6875
E00147401,144,47,16,31,97,84,13,32.63888888888889,11.11111111111111,21.52777777777778,67.36111111111111,58.333333333333336,9.027777777777777
E00147402,191,76,24,52,115,100,15,39.79057591623037,12.56544502617801,27.225130890052355,60.20942408376963,52.35602094240838,7.853403141361256
E00147403,94,27,14,13,67,56,11,28.723404255319153,14.893617021276595,13.829787234042554,71.27659574468085,59.57446808510638,11.702127659574469
E00147404,120,50,21,29,70,56,14,41.66666666666667,17.5,24.166666666666668,58.333333333333336,46.666666666666664,11.666666666666666
E00147405,123,49,22,27,74,52,22,39.83739837398374,17.88617886178862,21.951219512195124,60.16260162601627,42.27642276422765,17.88617886178862
E00147406,129,40,10,30,89,78,11,31.007751937984494,7.751937984496124,23.25581395348837,68.9922480620155,60.46511627906976,8.527131782945736
E00147407,157,53,18,35,104,80,24,33.75796178343949,11.464968152866243,22.29299363057325,66.2420382165605,50.955414012738856,15.286624203821656
E00147408,118,50,18,32,68,58,10,42.3728813559322,15.254237288135593,27.11864406779661,57.6271186440678,49.152542372881356,8.47457627118644
E00147409,98,40,13,27,58,51,7,40.816326530612244,13.26530612244898,27.55102040816326,59.183673469387756,52.04081632653062,7.142857142857142
E00147410,89,33,8,25,56,47,9,37.07865168539326,8.98876404494382,28.08988764044944,62.92134831460674,52.80898876404494,10.112359550561797
E00147411,111,36,21,15,75,52,23,32.432432432432435,18.91891891891892,13.513513513513514,67.56756756756756,46.846846846846844,20.72072072072072
E00147412,91,21,5,16,70,62,8,23.076923076923077,5.4945054945054945,17.582417582417584,76.92307692307693,68.13186813186813,8.791208791208792
E00147413,263,67,19,48,196,171,25,25.475285171102662,7.224334600760455,18.250950570342205,74.52471482889734,65.0190114068441,9.505703422053232
E00147414,91,29,10,19,62,52,10,31.868131868131865,10.989010989010989,20.87912087912088,68.13186813186813,57.14285714285714,10.989010989010989
E00147415,161,56,18,38,105,81,24,34.78260869565217,11.180124223602485,23.60248447204969,65.21739130434783,50.31055900621118,14.906832298136646
E00147416,120,43,11,32,77,64,13,35.833333333333336,9.166666666666666,26.666666666666668,64.16666666666667,53.333333333333336,10.833333333333334
E00147417,99,31,10,21,68,56,12,31.313131313131315,10.1010101010101,21.21212121212121,68.68686868686868,56.56565656565656,12.121212121212121
E00147418,215,70,25,45,145,85,60,32.55813953488372,11.627906976744185,20.930232558139537,67.44186046511628,39.53488372093023,27.906976744186046
E00147419,279,85,32,53,194,154,40,30.46594982078853,11.469534050179211,18.996415770609318,69.53405017921148,55.19713261648745,14.336917562724013
E00147420,155,50,21,29,105,71,34,32.25806451612903,13.548387096774196,18.70967741935484,67.74193548387096,45.806451612903224,21.935483870967744
E00147421,141,49,20,29,92,73,19,34.751773049645394,14.184397163120568,20.56737588652482,65.24822695035462,51.77304964539007,13.47517730496454
E00147422,223,65,31,34,158,120,38,29.14798206278027,13.901345291479823,15.246636771300448,70.85201793721974,53.81165919282511,17.040358744394617
E00147423,133,46,13,33,87,74,13,34.58646616541353,9.774436090225564,24.81203007518797,65.41353383458647,55.639097744360896,9.774436090225564
E00147424,166,56,35,21,110,76,34,33.734939759036145,21.084337349397593,12.650602409638553,66.26506024096386,45.78313253012048,20.481927710843372
E00147425,113,31,12,19,82,72,10,27.43362831858407,10.619469026548673,16.8141592920354,72.56637168141593,63.716814159292035,8.849557522123893
E00147426,115,36,8,28,79,69,10,31.30434782608696,6.956521739130435,24.347826086956523,68.69565217391305,60,8.695652173913043
E00147427,144,42,10,32,102,87,15,29.166666666666668,6.944444444444445,22.22222222222222,70.83333333333334,60.416666666666664,10.416666666666668
E00147428,96,37,14,23,59,54,5,38.54166666666667,14.583333333333334,23.958333333333336,61.458333333333336,56.25,5.208333333333334
E00147429,169,71,20,51,98,80,18,42.01183431952663,11.834319526627219,30.17751479289941,57.98816568047337,47.337278106508876,10.650887573964498
E00147430,187,49,13,36,138,118,20,26.203208556149733,6.951871657754011,19.25133689839572,73.79679144385027,63.101604278074866,10.695187165775401
E00147431,83,36,11,25,47,36,11,43.373493975903614,13.253012048192772,30.120481927710845,56.62650602409639,43.373493975903614,13.253012048192772
E00147432,169,61,18,43,108,89,19,36.09467455621302,10.650887573964498,25.443786982248522,63.905325443786985,52.662721893491124,11.242603550295858
E00147433,178,56,24,32,122,87,35,31.46067415730337,13.48314606741573,17.97752808988764,68.53932584269663,48.87640449438202,19.662921348314608
E00147434,96,34,14,20,62,55,7,35.41666666666667,14.583333333333334,20.833333333333336,64.58333333333334,57.291666666666664,7.291666666666667
E00147435,148,54,14,40,94,78,16,36.486486486486484,9.45945945945946,27.027027027027028,63.51351351351351,52.702702702702695,10.81081081081081
E00147436,106,42,20,22,64,50,14,39.62264150943396,18.867924528301888,20.754716981132077,60.37735849056604,47.16981132075472,13.20754716981132
E00147437,137,54,20,34,83,71,12,39.416058394160586,14.5985401459854,24.817518248175183,60.58394160583942,51.82481751824818,8.75912408759124
E00147439,140,46,23,23,94,77,17,32.857142857142854,16.428571428571427,16.428571428571427,67.14285714285714,55.00000000000001,12.142857142857142
E00147440,122,32,13,19,90,82,8,26.229508196721312,10.655737704918032,15.573770491803279,73.77049180327869,67.21311475409836,6.557377049180328
E00147441,262,89,24,65,173,131,42,33.969465648854964,9.16030534351145,24.80916030534351,66.03053435114504,50,16.030534351145036
E00147442,95,38,15,23,57,45,12,40,15.789473684210526,24.210526315789473,60,47.368421052631575,12.631578947368421
E00147443,113,37,7,30,76,65,11,32.743362831858406,6.1946902654867255,26.548672566371685,67.2566371681416,57.52212389380531,9.734513274336283
E00147444,81,27,10,17,54,47,7,33.33333333333333,12.345679012345679,20.98765432098765,66.66666666666666,58.0246913580247,8.641975308641975
E00147445,149,46,13,33,103,80,23,30.87248322147651,8.724832214765101,22.14765100671141,69.12751677852349,53.691275167785236,15.436241610738255
E00147446,166,59,29,30,107,80,27,35.54216867469879,17.46987951807229,18.072289156626507,64.45783132530121,48.19277108433735,16.265060240963855
E00147447,153,39,19,20,114,83,31,25.49019607843137,12.418300653594772,13.071895424836603,74.50980392156863,54.248366013071895,20.26143790849673
E00147448,138,41,22,19,97,70,27,29.71014492753623,15.942028985507244,13.768115942028986,70.28985507246377,50.72463768115942,19.565217391304348
E00147449,149,59,19,40,90,78,12,39.59731543624161,12.751677852348994,26.845637583892618,60.40268456375839,52.348993288590606,8.053691275167784
E00147450,76,32,8,24,44,36,8,42.10526315789473,10.526315789473683,31.57894736842105,57.89473684210527,47.368421052631575,10.526315789473683
E00147451,141,54,14,40,87,75,12,38.297872340425535,9.929078014184398,28.368794326241137,61.702127659574465,53.191489361702125,8.51063829787234
E00147452,124,44,11,33,80,65,15,35.483870967741936,8.870967741935484,26.61290322580645,64.51612903225806,52.41935483870967,12.096774193548388
E00147453,149,47,16,31,102,87,15,31.543624161073826,10.738255033557047,20.80536912751678,68.45637583892618,58.38926174496645,10.06711409395973
E00147454,136,34,4,30,102,88,14,25,2.941176470588235,22.058823529411764,75,64.70588235294117,10.294117647058822
E00147455,172,54,14,40,118,104,14,31.3953488372093,8.13953488372093,23.25581395348837,68.6046511627907,60.46511627906976,8.13953488372093
E00147456,146,44,14,30,102,94,8,30.136986301369863,9.58904109589041,20.54794520547945,69.86301369863014,64.38356164383562,5.47945205479452
E00147457,130,36,7,29,94,84,10,27.692307692307693,5.384615384615385,22.30769230769231,72.3076923076923,64.61538461538461,7.6923076923076925
E00147458,175,45,10,35,130,118,12,25.71428571428571,5.714285714285714,20,74.28571428571429,67.42857142857143,6.857142857142858
E00147459,122,49,15,34,73,63,10,40.16393442622951,12.295081967213115,27.86885245901639,59.83606557377049,51.63934426229508,8.19672131147541
E00147460,162,49,14,35,113,96,17,30.246913580246915,8.641975308641975,21.604938271604937,69.75308641975309,59.25925925925925,10.493827160493826
E00147461,101,30,7,23,71,59,12,29.7029702970297,6.9306930693069315,22.772277227722775,70.29702970297029,58.415841584158414,11.881188118811881
E00147462,123,32,4,28,91,79,12,26.01626016260163,3.2520325203252036,22.76422764227642,73.98373983739837,64.22764227642277,9.75609756097561
E00147463,88,30,10,20,58,50,8,34.090909090909086,11.363636363636363,22.727272727272727,65.9090909090909,56.81818181818182,9.090909090909092
E00147464,159,49,11,38,110,92,18,30.81761006289308,6.918238993710692,23.89937106918239,69.18238993710692,57.861635220125784,11.320754716981133
E00147465,125,49,17,32,76,56,20,39.2,13.600000000000001,25.6,60.8,44.800000000000004,16
E00147466,83,22,8,14,61,49,12,26.506024096385545,9.63855421686747,16.867469879518072,73.49397590361446,59.036144578313255,14.457831325301203
E00147468,188,65,24,41,123,100,23,34.57446808510639,12.76595744680851,21.808510638297875,65.42553191489363,53.191489361702125,12.23404255319149
E00147469,206,67,35,32,139,98,41,32.5242718446602,16.990291262135923,15.53398058252427,67.47572815533981,47.57281553398058,19.902912621359224
E00147470,214,61,17,44,153,127,26,28.504672897196258,7.943925233644859,20.5607476635514,71.49532710280374,59.345794392523366,12.149532710280374
E00147471,162,43,19,24,119,91,28,26.543209876543212,11.728395061728394,14.814814814814813,73.4567901234568,56.17283950617284,17.28395061728395
E00147472,211,70,28,42,141,101,40,33.175355450236964,13.270142180094787,19.90521327014218,66.82464454976304,47.867298578199055,18.95734597156398
E00147473,95,32,13,19,63,47,16,33.68421052631579,13.684210526315791,20,66.3157894736842,49.473684210526315,16.842105263157894
E00147474,155,44,18,26,111,72,39,28.387096774193548,11.612903225806452,16.7741935483871,71.61290322580646,46.45161290322581,25.161290322580644
E00147475,62,26,14,12,36,23,13,41.935483870967744,22.58064516129032,19.35483870967742,58.06451612903226,37.096774193548384,20.967741935483872
E00147476,225,77,38,39,148,99,49,34.22222222222222,16.88888888888889,17.333333333333336,65.77777777777779,44,21.777777777777775
E00147477,236,68,25,43,168,123,45,28.8135593220339,10.59322033898305,18.220338983050848,71.1864406779661,52.118644067796616,19.06779661016949
E00147478,125,40,18,22,85,55,30,32,14.399999999999999,17.599999999999998,68,44,24
E00147479,237,64,39,25,173,113,60,27.004219409282697,16.455696202531644,10.548523206751055,72.9957805907173,47.67932489451477,25.31645569620253
E00147480,125,43,14,29,82,50,32,34.4,11.200000000000001,23.200000000000003,65.60000000000001,40,25.6
E00147481,132,47,24,23,85,60,25,35.60606060606061,18.181818181818183,17.424242424242426,64.39393939393939,45.45454545454545,18.939393939393938
E00147482,62,20,5,15,42,27,15,32.25806451612903,8.064516129032258,24.193548387096776,67.74193548387096,43.54838709677419,24.193548387096776
E00147483,128,44,16,28,84,54,30,34.375,12.5,21.875,65.625,42.1875,23.4375
E00147484,125,41,19,22,84,69,15,32.800000000000004,15.2,17.599999999999998,67.2,55.2,12
E00147485,153,63,17,46,90,78,12,41.17647058823529,11.11111111111111,30.065359477124183,58.82352941176471,50.98039215686274,7.8431372549019605
E00147486,215,73,25,48,142,119,23,33.95348837209302,11.627906976744185,22.325581395348838,66.04651162790698,55.348837209302324,10.69767441860465
E00147487,110,35,7,28,75,60,15,31.818181818181817,6.363636363636363,25.454545454545453,68.18181818181817,54.54545454545454,13.636363636363635
E00147489,155,48,10,38,107,86,21,30.967741935483872,6.451612903225806,24.516129032258064,69.03225806451613,55.483870967741936,13.548387096774196
E00147490,136,45,8,37,91,78,13,33.088235294117645,5.88235294117647,27.205882352941174,66.91176470588235,57.35294117647059,9.558823529411764
E00147491,150,48,15,33,102,92,10,32,10,22,68,61.33333333333333,6.666666666666667
E00147492,179,56,16,40,123,108,15,31.28491620111732,8.938547486033519,22.3463687150838,68.71508379888269,60.33519553072626,8.379888268156424
E00147493,162,59,14,45,103,81,22,36.41975308641975,8.641975308641975,27.77777777777778,63.580246913580254,50,13.580246913580247
E00147494,120,44,17,27,76,60,16,36.666666666666664,14.166666666666666,22.5,63.33333333333333,50,13.333333333333334
E00147495,164,54,15,39,110,90,20,32.926829268292686,9.146341463414634,23.78048780487805,67.07317073170732,54.87804878048781,12.195121951219512
E00147496,175,66,30,36,109,86,23,37.714285714285715,17.142857142857142,20.57142857142857,62.28571428571429,49.142857142857146,13.142857142857142
E00147497,131,48,16,32,83,70,13,36.6412213740458,12.213740458015266,24.427480916030532,63.358778625954194,53.43511450381679,9.923664122137405
E00147498,158,57,18,39,101,88,13,36.075949367088604,11.39240506329114,24.68354430379747,63.92405063291139,55.69620253164557,8.227848101265822
E00147499,130,49,13,36,81,67,14,37.69230769230769,10,27.692307692307693,62.30769230769231,51.53846153846153,10.76923076923077
E00147500,143,47,22,25,96,90,6,32.86713286713287,15.384615384615385,17.482517482517483,67.13286713286713,62.93706293706294,4.195804195804196
E00147501,144,44,9,35,100,89,11,30.555555555555557,6.25,24.305555555555554,69.44444444444444,61.80555555555556,7.638888888888889
E00147502,132,44,10,34,88,77,11,33.33333333333333,7.575757575757576,25.757575757575758,66.66666666666666,58.333333333333336,8.333333333333332
E00147503,159,45,11,34,114,94,20,28.30188679245283,6.918238993710692,21.38364779874214,71.69811320754717,59.11949685534591,12.578616352201259
E00147504,176,61,17,44,115,96,19,34.659090909090914,9.659090909090908,25,65.3409090909091,54.54545454545454,10.795454545454545
E00147505,147,52,18,34,95,83,12,35.374149659863946,12.244897959183673,23.12925170068027,64.62585034013605,56.4625850340136,8.16326530612245
E00147506,166,54,19,35,112,90,22,32.53012048192771,11.44578313253012,21.084337349397593,67.46987951807229,54.21686746987952,13.253012048192772
E00147507,83,28,9,19,55,47,8,33.734939759036145,10.843373493975903,22.89156626506024,66.26506024096386,56.62650602409639,9.63855421686747
E00147508,129,43,15,28,86,76,10,33.33333333333333,11.627906976744185,21.705426356589147,66.66666666666666,58.91472868217055,7.751937984496124
E00147509,49,17,4,13,32,25,7,34.69387755102041,8.16326530612245,26.53061224489796,65.3061224489796,51.02040816326531,14.285714285714285
E00147510,153,54,18,36,99,84,15,35.294117647058826,11.76470588235294,23.52941176470588,64.70588235294117,54.90196078431373,9.803921568627452
E00147511,86,25,3,22,61,52,9,29.069767441860467,3.488372093023256,25.581395348837212,70.93023255813954,60.46511627906976,10.465116279069768
E00147512,96,30,10,20,66,52,14,31.25,10.416666666666668,20.833333333333336,68.75,54.166666666666664,14.583333333333334
E00147513,148,57,13,44,91,86,5,38.513513513513516,8.783783783783784,29.72972972972973,61.48648648648649,58.108108108108105,3.3783783783783785
E00147514,143,50,15,35,93,83,10,34.96503496503497,10.48951048951049,24.475524475524477,65.03496503496503,58.04195804195804,6.993006993006993
E00147515,230,82,30,52,148,121,27,35.65217391304348,13.043478260869565,22.608695652173914,64.34782608695652,52.60869565217391,11.73913043478261
E00147516,129,49,10,39,80,71,9,37.98449612403101,7.751937984496124,30.23255813953488,62.01550387596899,55.03875968992248,6.976744186046512
E00147517,161,44,9,35,117,88,29,27.32919254658385,5.590062111801243,21.73913043478261,72.67080745341616,54.6583850931677,18.012422360248447
E00147518,167,54,15,39,113,86,27,32.33532934131736,8.982035928143713,23.353293413173652,67.66467065868264,51.49700598802395,16.16766467065868
E00147519,132,47,17,30,85,71,14,35.60606060606061,12.878787878787879,22.727272727272727,64.39393939393939,53.78787878787878,10.606060606060606
E00147520,106,35,11,24,71,61,10,33.0188679245283,10.377358490566039,22.641509433962266,66.98113207547169,57.54716981132076,9.433962264150944
E00147521,277,74,25,49,203,151,52,26.714801444043324,9.025270758122744,17.689530685920577,73.28519855595668,54.51263537906137,18.772563176895307
E00147522,145,50,16,34,95,65,30,34.48275862068966,11.03448275862069,23.448275862068964,65.51724137931035,44.827586206896555,20.689655172413794
E00147523,124,43,15,28,81,58,23,34.67741935483871,12.096774193548388,22.58064516129032,65.32258064516128,46.774193548387096,18.548387096774192
E00147524,130,48,19,29,82,57,25,36.92307692307693,14.615384615384617,22.30769230769231,63.07692307692307,43.84615384615385,19.230769230769234
E00147525,159,47,22,25,112,86,26,29.559748427672954,13.836477987421384,15.723270440251572,70.44025157232704,54.088050314465406,16.352201257861633
E00147526,171,54,23,31,117,89,28,31.57894736842105,13.450292397660817,18.128654970760234,68.42105263157895,52.046783625730995,16.374269005847953
E00147527,166,51,21,30,115,78,37,30.72289156626506,12.650602409638553,18.072289156626507,69.27710843373494,46.98795180722892,22.289156626506024
E00147528,170,59,19,40,111,78,33,34.705882352941174,11.176470588235295,23.52941176470588,65.29411764705883,45.88235294117647,19.411764705882355
E00147529,159,41,10,31,118,89,29,25.78616352201258,6.289308176100629,19.49685534591195,74.21383647798741,55.9748427672956,18.238993710691823
E00147530,163,64,25,39,99,86,13,39.263803680981596,15.337423312883436,23.92638036809816,60.73619631901841,52.760736196319016,7.975460122699387
E00147531,148,50,21,29,98,85,13,33.78378378378378,14.18918918918919,19.594594594594593,66.21621621621621,57.432432432432435,8.783783783783784
E00147532,139,40,17,23,99,80,19,28.776978417266186,12.23021582733813,16.546762589928058,71.22302158273382,57.55395683453237,13.66906474820144
E00147533,146,57,25,32,89,74,15,39.04109589041096,17.123287671232877,21.91780821917808,60.95890410958904,50.68493150684932,10.273972602739725
E00147534,157,57,23,34,100,84,16,36.30573248407643,14.64968152866242,21.656050955414013,63.69426751592356,53.503184713375795,10.191082802547772
E00147535,117,37,16,21,80,66,14,31.62393162393162,13.675213675213676,17.94871794871795,68.37606837606837,56.41025641025641,11.965811965811966
E00147536,152,58,22,36,94,78,16,38.15789473684211,14.473684210526317,23.684210526315788,61.8421052631579,51.31578947368421,10.526315789473683
E00147537,137,55,21,34,82,61,21,40.14598540145985,15.328467153284672,24.817518248175183,59.854014598540154,44.52554744525548,15.328467153284672
E00147538,122,46,13,33,76,66,10,37.704918032786885,10.655737704918032,27.049180327868854,62.295081967213115,54.09836065573771,8.19672131147541
E00147539,185,57,20,37,128,103,25,30.810810810810814,10.81081081081081,20,69.1891891891892,55.67567567567567,13.513513513513514
E00147540,115,42,6,36,73,63,10,36.52173913043478,5.217391304347826,31.30434782608696,63.47826086956522,54.78260869565217,8.695652173913043
E00147541,210,62,15,47,148,127,21,29.523809523809526,7.142857142857142,22.380952380952383,70.47619047619048,60.476190476190474,10
E00147542,150,53,12,41,97,83,14,35.333333333333336,8,27.333333333333332,64.66666666666666,55.333333333333336,9.333333333333334
E00147543,128,40,23,17,88,68,20,31.25,17.96875,13.28125,68.75,53.125,15.625
E00147544,130,34,7,27,96,81,15,26.153846153846157,5.384615384615385,20.76923076923077,73.84615384615385,62.30769230769231,11.538461538461538
E00147545,150,55,24,31,95,79,16,36.666666666666664,16,20.666666666666668,63.33333333333333,52.666666666666664,10.666666666666668
E00147546,144,46,17,29,98,79,19,31.944444444444443,11.805555555555555,20.13888888888889,68.05555555555556,54.861111111111114,13.194444444444445
E00147547,138,40,16,24,98,78,20,28.985507246376812,11.594202898550725,17.391304347826086,71.01449275362319,56.52173913043478,14.492753623188406
E00147549,137,46,20,26,91,70,21,33.57664233576642,14.5985401459854,18.97810218978102,66.42335766423358,51.09489051094891,15.328467153284672
E00147550,189,49,11,38,140,112,28,25.925925925925924,5.82010582010582,20.105820105820104,74.07407407407408,59.25925925925925,14.814814814814813
E00147551,157,50,19,31,107,88,19,31.84713375796178,12.101910828025478,19.745222929936308,68.15286624203821,56.05095541401274,12.101910828025478
E00147552,216,58,10,48,158,136,22,26.851851851851855,4.62962962962963,22.22222222222222,73.14814814814815,62.96296296296296,10.185185185185185
E00147553,106,32,14,18,74,56,18,30.18867924528302,13.20754716981132,16.9811320754717,69.81132075471697,52.83018867924528,16.9811320754717
E00147554,225,92,29,63,133,108,25,40.88888888888889,12.88888888888889,28.000000000000004,59.111111111111114,48,11.11111111111111
E00147555,43,14,6,8,29,21,8,32.55813953488372,13.953488372093023,18.6046511627907,67.44186046511628,48.837209302325576,18.6046511627907
E00147556,170,65,13,52,105,87,18,38.23529411764706,7.647058823529412,30.58823529411765,61.76470588235294,51.17647058823529,10.588235294117647
E00147557,195,65,23,42,130,96,34,33.33333333333333,11.794871794871794,21.53846153846154,66.66666666666666,49.23076923076923,17.435897435897434
E00147558,223,60,12,48,163,135,28,26.905829596412556,5.381165919282512,21.524663677130047,73.09417040358744,60.53811659192825,12.556053811659194
E00147559,144,48,25,23,96,70,26,33.33333333333333,17.36111111111111,15.972222222222221,66.66666666666666,48.61111111111111,18.055555555555554
E00147560,159,47,20,27,112,82,30,29.559748427672954,12.578616352201259,16.9811320754717,70.44025157232704,51.57232704402516,18.867924528301888
E00147561,76,24,14,10,52,42,10,31.57894736842105,18.421052631578945,13.157894736842104,68.42105263157895,55.26315789473685,13.157894736842104
E00147562,65,22,5,17,43,32,11,33.84615384615385,7.6923076923076925,26.153846153846157,66.15384615384615,49.23076923076923,16.923076923076923
E00147563,146,40,11,29,106,83,23,27.397260273972602,7.534246575342466,19.863013698630137,72.6027397260274,56.849315068493155,15.753424657534246
E00147564,154,40,7,33,114,88,26,25.97402597402597,4.545454545454546,21.428571428571427,74.02597402597402,57.14285714285714,16.883116883116884
E00147565,134,56,17,39,78,71,7,41.7910447761194,12.686567164179104,29.1044776119403,58.2089552238806,52.98507462686567,5.223880597014925
E00147566,199,72,20,52,127,83,44,36.18090452261307,10.050251256281408,26.13065326633166,63.81909547738693,41.70854271356784,22.110552763819097
E00147567,159,57,24,33,102,66,36,35.84905660377358,15.09433962264151,20.754716981132077,64.15094339622641,41.509433962264154,22.641509433962266
E00147568,291,92,40,52,199,138,61,31.615120274914087,13.745704467353953,17.869415807560138,68.38487972508591,47.42268041237113,20.962199312714777
E00147569,91,33,13,20,58,40,18,36.26373626373626,14.285714285714285,21.978021978021978,63.73626373626373,43.956043956043956,19.78021978021978
E00147570,194,62,27,35,132,102,30,31.958762886597935,13.917525773195877,18.04123711340206,68.04123711340206,52.57731958762887,15.463917525773196
E00147571,173,62,27,35,111,86,25,35.83815028901734,15.606936416184972,20.23121387283237,64.16184971098265,49.71098265895954,14.450867052023122
E00147572,117,44,15,29,73,53,20,37.60683760683761,12.82051282051282,24.786324786324787,62.39316239316239,45.2991452991453,17.094017094017094
E00147573,233,60,16,44,173,144,29,25.75107296137339,6.866952789699571,18.88412017167382,74.2489270386266,61.80257510729614,12.446351931330472
E00147574,190,64,15,49,126,97,29,33.68421052631579,7.894736842105263,25.789473684210527,66.3157894736842,51.05263157894737,15.263157894736842
E00147575,123,36,16,20,87,58,29,29.268292682926827,13.008130081300814,16.260162601626014,70.73170731707317,47.15447154471545,23.577235772357724
E00147576,154,51,24,27,103,73,30,33.116883116883116,15.584415584415584,17.532467532467532,66.88311688311688,47.4025974025974,19.480519480519483
E00147577,131,49,14,35,82,68,14,37.404580152671755,10.687022900763358,26.717557251908396,62.59541984732825,51.908396946564885,10.687022900763358
E00147578,116,40,16,24,76,59,17,34.48275862068966,13.793103448275861,20.689655172413794,65.51724137931035,50.86206896551724,14.655172413793101
E00147579,77,33,10,23,44,37,7,42.857142857142854,12.987012987012985,29.87012987012987,57.14285714285714,48.05194805194805,9.090909090909092
E00147580,74,24,12,12,50,37,13,32.432432432432435,16.216216216216218,16.216216216216218,67.56756756756756,50,17.56756756756757
E00147581,71,23,8,15,48,32,16,32.3943661971831,11.267605633802818,21.12676056338028,67.6056338028169,45.07042253521127,22.535211267605636
E00147582,225,73,28,45,152,99,53,32.44444444444444,12.444444444444445,20,67.55555555555556,44,23.555555555555554
E00147583,189,52,15,37,137,108,29,27.513227513227513,7.936507936507936,19.576719576719576,72.4867724867725,57.14285714285714,15.343915343915343
E00147584,172,71,16,55,101,85,16,41.27906976744186,9.30232558139535,31.976744186046513,58.720930232558146,49.41860465116279,9.30232558139535
E00147585,136,59,18,41,77,67,10,43.38235294117647,13.23529411764706,30.14705882352941,56.61764705882353,49.26470588235294,7.352941176470589
E00147586,177,57,11,46,120,109,11,32.20338983050847,6.214689265536723,25.98870056497175,67.79661016949152,61.5819209039548,6.214689265536723
E00147587,155,41,8,33,114,101,13,26.451612903225808,5.161290322580645,21.29032258064516,73.54838709677419,65.16129032258064,8.38709677419355
E00147588,179,55,12,43,124,115,9,30.726256983240223,6.70391061452514,24.022346368715084,69.27374301675978,64.24581005586593,5.027932960893855
E00147589,168,60,18,42,108,90,18,35.714285714285715,10.714285714285714,25,64.28571428571429,53.57142857142857,10.714285714285714
E00147590,111,37,11,26,74,63,11,33.33333333333333,9.90990990990991,23.423423423423422,66.66666666666666,56.75675675675676,9.90990990990991
E00147591,162,48,13,35,114,103,11,29.629629629629626,8.024691358024691,21.604938271604937,70.37037037037037,63.580246913580254,6.790123456790123
E00147592,155,41,8,33,114,99,15,26.451612903225808,5.161290322580645,21.29032258064516,73.54838709677419,63.87096774193548,9.67741935483871
E00147593,164,52,12,40,112,95,17,31.70731707317073,7.317073170731707,24.390243902439025,68.29268292682927,57.92682926829268,10.365853658536585
E00147594,185,60,26,34,125,103,22,32.432432432432435,14.054054054054054,18.37837837837838,67.56756756756756,55.67567567567567,11.891891891891893
E00147595,166,63,19,44,103,90,13,37.95180722891566,11.44578313253012,26.506024096385545,62.048192771084345,54.21686746987952,7.83132530120482
E00147596,206,62,11,51,144,125,19,30.097087378640776,5.339805825242718,24.75728155339806,69.90291262135922,60.679611650485434,9.223300970873787
E00147597,133,48,6,42,85,74,11,36.09022556390977,4.511278195488721,31.57894736842105,63.90977443609023,55.639097744360896,8.270676691729323
E00147598,172,54,16,38,118,108,10,31.3953488372093,9.30232558139535,22.093023255813954,68.6046511627907,62.7906976744186,5.813953488372093
E00147599,151,56,21,35,95,86,9,37.086092715231786,13.90728476821192,23.178807947019866,62.913907284768214,56.95364238410596,5.960264900662252
E00147600,93,22,4,18,71,70,1,23.655913978494624,4.301075268817205,19.35483870967742,76.34408602150538,75.26881720430107,1.0752688172043012
E00147601,105,34,5,29,71,64,7,32.38095238095238,4.761904761904762,27.61904761904762,67.61904761904762,60.952380952380956,6.666666666666667
E00147602,102,41,14,27,61,54,7,40.19607843137255,13.725490196078432,26.47058823529412,59.80392156862745,52.94117647058824,6.862745098039216
E00147603,156,44,16,28,112,97,15,28.205128205128204,10.256410256410255,17.94871794871795,71.7948717948718,62.17948717948718,9.615384615384617
E00147604,135,41,14,27,94,81,13,30.37037037037037,10.37037037037037,20,69.62962962962963,60,9.62962962962963
E00147605,133,43,12,31,90,79,11,32.33082706766917,9.022556390977442,23.308270676691727,67.66917293233082,59.3984962406015,8.270676691729323
E00147606,102,34,5,29,68,56,12,33.33333333333333,4.901960784313726,28.431372549019606,66.66666666666666,54.90196078431373,11.76470588235294
E00147608,159,59,21,38,100,85,15,37.10691823899371,13.20754716981132,23.89937106918239,62.893081761006286,53.459119496855344,9.433962264150944
E00147609,131,52,19,33,79,70,9,39.69465648854962,14.50381679389313,25.190839694656486,60.30534351145038,53.43511450381679,6.870229007633588
E00147610,159,50,16,34,109,95,14,31.446540880503143,10.062893081761008,21.38364779874214,68.55345911949685,59.74842767295597,8.80503144654088
E00147611,122,27,7,20,95,81,14,22.131147540983605,5.737704918032787,16.39344262295082,77.8688524590164,66.39344262295081,11.475409836065573
E00147612,84,33,6,27,51,36,15,39.285714285714285,7.142857142857142,32.142857142857146,60.71428571428571,42.857142857142854,17.857142857142858
E00147613,83,26,9,17,57,47,10,31.32530120481928,10.843373493975903,20.481927710843372,68.67469879518072,56.62650602409639,12.048192771084338
E00147614,145,45,7,38,100,89,11,31.03448275862069,4.827586206896552,26.20689655172414,68.96551724137932,61.37931034482759,7.586206896551724
E00147615,144,48,10,38,96,77,19,33.33333333333333,6.944444444444445,26.38888888888889,66.66666666666666,53.47222222222222,13.194444444444445
E00147616,154,38,19,19,116,87,29,24.675324675324674,12.337662337662337,12.337662337662337,75.32467532467533,56.493506493506494,18.83116883116883
E00147617,120,49,15,34,71,62,9,40.833333333333336,12.5,28.333333333333332,59.166666666666664,51.66666666666667,7.5
E00147618,159,53,13,40,106,88,18,33.33333333333333,8.176100628930817,25.157232704402517,66.66666666666666,55.34591194968554,11.320754716981133
E00147619,134,40,15,25,94,82,12,29.850746268656714,11.194029850746269,18.65671641791045,70.1492537313433,61.19402985074627,8.955223880597014
E00147620,171,64,15,49,107,95,12,37.42690058479532,8.771929824561402,28.654970760233915,62.57309941520468,55.55555555555556,7.017543859649122
E00147621,110,38,12,26,72,61,11,34.54545454545455,10.909090909090908,23.636363636363637,65.45454545454545,55.45454545454545,10
E00147622,145,52,16,36,93,83,10,35.86206896551724,11.03448275862069,24.82758620689655,64.13793103448275,57.24137931034483,6.896551724137931
E00147623,143,51,17,34,92,76,16,35.66433566433567,11.888111888111888,23.776223776223777,64.33566433566433,53.14685314685315,11.188811188811188
E00147625,230,69,23,46,161,134,27,30,10,20,70,58.26086956521739,11.73913043478261
E00147626,164,53,17,36,111,96,15,32.31707317073171,10.365853658536585,21.951219512195124,67.6829268292683,58.536585365853654,9.146341463414634
E00147627,210,51,18,33,159,138,21,24.285714285714285,8.571428571428571,15.714285714285714,75.71428571428571,65.71428571428571,10
E00147628,70,18,7,11,52,39,13,25.71428571428571,10,15.714285714285714,74.28571428571429,55.714285714285715,18.571428571428573
E00147629,66,16,3,13,50,42,8,24.242424242424242,4.545454545454546,19.696969696969695,75.75757575757575,63.63636363636363,12.121212121212121
E00147630,180,50,15,35,130,105,25,27.77777777777778,8.333333333333332,19.444444444444446,72.22222222222221,58.333333333333336,13.88888888888889
E00147631,121,49,9,40,72,61,11,40.49586776859504,7.43801652892562,33.057851239669425,59.50413223140496,50.413223140495866,9.090909090909092
E00147632,147,53,9,44,94,77,17,36.054421768707485,6.122448979591836,29.931972789115648,63.94557823129252,52.38095238095239,11.564625850340136
E00147633,62,18,9,9,44,35,9,29.03225806451613,14.516129032258066,14.516129032258066,70.96774193548387,56.451612903225815,14.516129032258066
E00147634,93,27,9,18,66,43,23,29.03225806451613,9.67741935483871,19.35483870967742,70.96774193548387,46.236559139784944,24.731182795698924
E00147635,105,40,17,23,65,42,23,38.095238095238095,16.19047619047619,21.904761904761905,61.904761904761905,40,21.904761904761905
E00147636,189,58,19,39,131,88,43,30.687830687830687,10.052910052910052,20.634920634920633,69.31216931216932,46.56084656084656,22.75132275132275
E00147637,136,55,20,35,81,62,19,40.44117647058824,14.705882352941178,25.735294117647058,59.55882352941176,45.588235294117645,13.970588235294118
E00147638,128,56,14,42,72,58,14,43.75,10.9375,32.8125,56.25,45.3125,10.9375
E00147639,130,54,22,32,76,67,9,41.53846153846154,16.923076923076923,24.615384615384617,58.46153846153847,51.53846153846153,6.923076923076923
E00147640,115,32,11,21,83,59,24,27.82608695652174,9.565217391304348,18.26086956521739,72.17391304347827,51.30434782608696,20.869565217391305
E00147641,143,52,9,43,91,79,12,36.36363636363637,6.293706293706294,30.069930069930066,63.63636363636363,55.24475524475524,8.391608391608392
E00147642,111,39,19,20,72,56,16,35.13513513513514,17.117117117117118,18.01801801801802,64.86486486486487,50.45045045045045,14.414414414414415
E00147643,158,69,30,39,89,65,24,43.67088607594937,18.9873417721519,24.68354430379747,56.32911392405063,41.139240506329116,15.18987341772152
E00147644,101,45,14,31,56,42,14,44.554455445544555,13.861386138613863,30.693069306930692,55.44554455445545,41.584158415841586,13.861386138613863
E00147645,65,23,7,16,42,35,7,35.38461538461539,10.76923076923077,24.615384615384617,64.61538461538461,53.84615384615385,10.76923076923077
E00147646,57,22,13,9,35,27,8,38.59649122807017,22.807017543859647,15.789473684210526,61.40350877192983,47.368421052631575,14.035087719298245
E00147647,72,29,10,19,43,24,19,40.27777777777778,13.88888888888889,26.38888888888889,59.72222222222222,33.33333333333333,26.38888888888889
E00147648,161,63,27,36,98,70,28,39.130434782608695,16.77018633540373,22.36024844720497,60.86956521739131,43.47826086956522,17.391304347826086
E00147649,153,45,13,32,108,81,27,29.411764705882355,8.49673202614379,20.915032679738562,70.58823529411765,52.94117647058824,17.647058823529413
E00147650,136,52,15,37,84,63,21,38.23529411764706,11.029411764705882,27.205882352941174,61.76470588235294,46.32352941176471,15.441176470588236
E00147651,152,48,24,24,104,66,38,31.57894736842105,15.789473684210526,15.789473684210526,68.42105263157895,43.42105263157895,25
E00147652,208,79,29,50,129,81,48,37.980769230769226,13.942307692307693,24.03846153846154,62.019230769230774,38.94230769230769,23.076923076923077
E00147653,98,28,8,20,70,46,24,28.57142857142857,8.16326530612245,20.408163265306122,71.42857142857143,46.93877551020408,24.489795918367346
E00147654,215,76,22,54,139,110,29,35.348837209302324,10.232558139534884,25.116279069767444,64.65116279069767,51.162790697674424,13.488372093023257
E00147655,112,29,9,20,83,58,25,25.892857142857146,8.035714285714286,17.857142857142858,74.10714285714286,51.78571428571429,22.321428571428573
E00147656,135,46,10,36,89,65,24,34.074074074074076,7.4074074074074066,26.666666666666668,65.92592592592592,48.148148148148145,17.77777777777778
E00147657,71,15,4,11,56,33,23,21.12676056338028,5.633802816901409,15.492957746478872,78.87323943661971,46.478873239436616,32.3943661971831
E00147658,69,17,9,8,52,35,17,24.637681159420293,13.043478260869565,11.594202898550725,75.36231884057972,50.72463768115942,24.637681159420293
E00147659,142,44,16,28,98,77,21,30.985915492957744,11.267605633802818,19.718309859154928,69.01408450704226,54.22535211267606,14.788732394366196
E00147660,125,53,22,31,72,60,12,42.4,17.599999999999998,24.8,57.599999999999994,48,9.6
E00147661,188,69,24,45,119,99,20,36.702127659574465,12.76595744680851,23.93617021276596,63.297872340425535,52.659574468085104,10.638297872340425
E00147662,153,47,11,36,106,92,14,30.718954248366014,7.18954248366013,23.52941176470588,69.28104575163398,60.130718954248366,9.15032679738562
E00147663,133,53,25,28,80,63,17,39.849624060150376,18.796992481203006,21.052631578947366,60.150375939849624,47.368421052631575,12.781954887218044
E00147664,124,33,18,15,91,65,26,26.61290322580645,14.516129032258066,12.096774193548388,73.38709677419355,52.41935483870967,20.967741935483872
E00147665,140,51,25,26,89,63,26,36.42857142857142,17.857142857142858,18.571428571428573,63.57142857142857,45,18.571428571428573
E00147666,208,79,34,45,129,88,41,37.980769230769226,16.346153846153847,21.634615384615387,62.019230769230774,42.30769230769231,19.71153846153846
E00147667,170,51,12,39,119,81,38,30,7.0588235294117645,22.941176470588236,70,47.647058823529406,22.35294117647059
E00147668,131,51,19,32,80,52,28,38.93129770992366,14.50381679389313,24.427480916030532,61.06870229007634,39.69465648854962,21.374045801526716
E00147669,149,48,15,33,101,64,37,32.21476510067114,10.06711409395973,22.14765100671141,67.78523489932886,42.95302013422819,24.832214765100673
E00147670,110,53,21,32,57,42,15,48.18181818181818,19.090909090909093,29.09090909090909,51.81818181818182,38.18181818181819,13.636363636363635
E00147671,83,30,12,18,53,37,16,36.144578313253014,14.457831325301203,21.686746987951807,63.85542168674698,44.57831325301205,19.27710843373494
E00147672,73,24,7,17,49,38,11,32.87671232876712,9.58904109589041,23.28767123287671,67.12328767123287,52.054794520547944,15.068493150684931
E00147673,105,43,19,24,62,52,10,40.95238095238095,18.095238095238095,22.857142857142858,59.04761904761905,49.523809523809526,9.523809523809524
E00147674,75,30,7,23,45,40,5,40,9.333333333333334,30.666666666666664,60,53.333333333333336,6.666666666666667
E00147675,141,57,17,40,84,62,22,40.42553191489361,12.056737588652481,28.368794326241137,59.57446808510638,43.97163120567376,15.602836879432624
E00147676,109,43,16,27,66,54,12,39.44954128440367,14.678899082568808,24.770642201834864,60.550458715596335,49.54128440366973,11.009174311926607
E00147677,100,38,23,15,62,55,7,38,23,15,62,55.00000000000001,7.000000000000001
E00147678,80,34,9,25,46,38,8,42.5,11.25,31.25,57.49999999999999,47.5,10
E00147679,109,38,11,27,71,62,9,34.862385321100916,10.091743119266056,24.770642201834864,65.13761467889908,56.88073394495413,8.256880733944955
E00147680,52,21,11,10,31,24,7,40.38461538461539,21.153846153846153,19.230769230769234,59.61538461538461,46.15384615384615,13.461538461538462
E00147681,119,41,12,29,78,63,15,34.45378151260504,10.084033613445378,24.369747899159663,65.54621848739495,52.94117647058824,12.605042016806722
E00147682,65,26,15,11,39,30,9,40,23.076923076923077,16.923076923076923,60,46.15384615384615,13.846153846153847
E00147683,165,52,16,36,113,97,16,31.515151515151512,9.696969696969697,21.818181818181817,68.48484848484848,58.78787878787879,9.696969696969697
E00147684,129,58,31,27,71,53,18,44.96124031007752,24.031007751937985,20.930232558139537,55.03875968992248,41.08527131782946,13.953488372093023
E00147685,139,42,13,29,97,70,27,30.215827338129497,9.352517985611511,20.863309352517987,69.7841726618705,50.35971223021583,19.424460431654676
E00147686,124,46,17,29,78,59,19,37.096774193548384,13.709677419354838,23.387096774193548,62.903225806451616,47.58064516129033,15.32258064516129
E00147689,92,28,9,19,64,44,20,30.434782608695656,9.782608695652174,20.652173913043477,69.56521739130434,47.82608695652174,21.73913043478261
E00147690,193,72,33,39,121,93,28,37.30569948186528,17.098445595854923,20.207253886010363,62.69430051813472,48.18652849740933,14.507772020725387
E00147691,96,30,10,20,66,46,20,31.25,10.416666666666668,20.833333333333336,68.75,47.91666666666667,20.833333333333336
E00147692,119,50,18,32,69,50,19,42.016806722689076,15.126050420168067,26.89075630252101,57.98319327731093,42.016806722689076,15.966386554621847
E00147693,215,68,28,40,147,122,25,31.627906976744185,13.023255813953488,18.6046511627907,68.37209302325581,56.74418604651162,11.627906976744185
E00147694,187,53,17,36,134,84,50,28.342245989304814,9.090909090909092,19.25133689839572,71.65775401069519,44.919786096256686,26.737967914438503
E00147695,241,71,29,42,170,147,23,29.460580912863072,12.033195020746888,17.42738589211618,70.53941908713693,60.99585062240664,9.54356846473029
E00147696,164,56,23,33,108,74,34,34.146341463414636,14.02439024390244,20.121951219512198,65.85365853658537,45.1219512195122,20.73170731707317
E00147697,163,56,17,39,107,86,21,34.355828220858896,10.429447852760736,23.92638036809816,65.6441717791411,52.760736196319016,12.883435582822086
E00147698,105,51,22,29,54,46,8,48.57142857142857,20.952380952380953,27.61904761904762,51.42857142857142,43.80952380952381,7.6190476190476195
E00147699,155,54,13,41,101,82,19,34.83870967741935,8.38709677419355,26.451612903225808,65.16129032258064,52.903225806451616,12.258064516129032
E00147700,214,80,27,53,134,115,19,37.38317757009346,12.616822429906541,24.766355140186917,62.616822429906534,53.73831775700935,8.878504672897195
E00147701,200,62,20,42,138,106,32,31,10,21,69,53,16
E00147703,104,39,17,22,65,46,19,37.5,16.346153846153847,21.153846153846153,62.5,44.230769230769226,18.269230769230766
E00147704,152,50,13,37,102,56,46,32.89473684210527,8.552631578947368,24.342105263157894,67.10526315789474,36.84210526315789,30.263157894736842
E00147705,111,50,27,23,61,38,23,45.04504504504504,24.324324324324326,20.72072072072072,54.95495495495496,34.234234234234236,20.72072072072072
E00147706,135,53,24,29,82,58,24,39.25925925925926,17.77777777777778,21.48148148148148,60.74074074074074,42.96296296296296,17.77777777777778
E00147707,192,71,19,52,121,96,25,36.97916666666667,9.895833333333332,27.083333333333332,63.020833333333336,50,13.020833333333334
E00147708,83,32,11,21,51,36,15,38.55421686746988,13.253012048192772,25.301204819277107,61.44578313253012,43.373493975903614,18.072289156626507
E00147709,99,34,13,21,65,37,28,34.34343434343434,13.131313131313133,21.21212121212121,65.65656565656566,37.37373737373738,28.28282828282828
E00147710,99,37,17,20,62,42,20,37.37373737373738,17.17171717171717,20.2020202020202,62.62626262626263,42.42424242424242,20.2020202020202
E00147711,122,49,24,25,73,46,27,40.16393442622951,19.672131147540984,20.491803278688526,59.83606557377049,37.704918032786885,22.131147540983605
E00147712,68,27,8,19,41,25,16,39.705882352941174,11.76470588235294,27.941176470588236,60.29411764705882,36.76470588235294,23.52941176470588
E00147713,138,41,15,26,97,71,26,29.71014492753623,10.869565217391305,18.84057971014493,70.28985507246377,51.449275362318836,18.84057971014493
E00147714,155,47,16,31,108,82,26,30.32258064516129,10.32258064516129,20,69.6774193548387,52.903225806451616,16.7741935483871
E00147715,171,56,26,30,115,77,38,32.748538011695906,15.204678362573098,17.543859649122805,67.2514619883041,45.02923976608187,22.22222222222222
E00147716,117,38,13,25,79,59,20,32.47863247863248,11.11111111111111,21.367521367521366,67.52136752136752,50.427350427350426,17.094017094017094
E00147717,132,53,23,30,79,62,17,40.15151515151515,17.424242424242426,22.727272727272727,59.84848484848485,46.96969696969697,12.878787878787879
E00147718,135,48,23,25,87,61,26,35.55555555555556,17.037037037037038,18.51851851851852,64.44444444444444,45.18518518518518,19.25925925925926
E00147719,161,61,28,33,100,68,32,37.88819875776397,17.391304347826086,20.496894409937887,62.11180124223602,42.2360248447205,19.875776397515526
E00147720,85,31,10,21,54,46,8,36.470588235294116,11.76470588235294,24.705882352941178,63.52941176470588,54.11764705882353,9.411764705882353
E00147721,108,31,8,23,77,64,13,28.703703703703702,7.4074074074074066,21.296296296296298,71.29629629629629,59.25925925925925,12.037037037037036
E00147722,120,42,10,32,78,68,10,35,8.333333333333332,26.666666666666668,65,56.666666666666664,8.333333333333332
E00147723,83,30,12,18,53,49,4,36.144578313253014,14.457831325301203,21.686746987951807,63.85542168674698,59.036144578313255,4.819277108433735
E00147724,140,60,19,41,80,73,7,42.857142857142854,13.571428571428571,29.28571428571429,57.14285714285714,52.142857142857146,5
E00147725,232,86,32,54,146,128,18,37.06896551724138,13.793103448275861,23.275862068965516,62.93103448275862,55.172413793103445,7.758620689655173
E00147726,70,31,11,20,39,36,3,44.285714285714285,15.714285714285714,28.57142857142857,55.714285714285715,51.42857142857142,4.285714285714286
E00147727,116,36,10,26,80,69,11,31.03448275862069,8.620689655172415,22.413793103448278,68.96551724137932,59.48275862068966,9.482758620689655
E00147728,99,35,12,23,64,58,6,35.35353535353536,12.121212121212121,23.232323232323232,64.64646464646465,58.58585858585859,6.0606060606060606
E00147729,121,46,20,26,75,62,13,38.01652892561984,16.528925619834713,21.487603305785125,61.98347107438017,51.2396694214876,10.743801652892563
E00147730,65,25,17,8,40,33,7,38.46153846153847,26.153846153846157,12.307692307692308,61.53846153846154,50.76923076923077,10.76923076923077
E00147731,73,29,18,11,44,33,11,39.726027397260275,24.65753424657534,15.068493150684931,60.273972602739725,45.20547945205479,15.068493150684931
E00147732,133,67,26,41,66,51,15,50.37593984962406,19.548872180451127,30.82706766917293,49.62406015037594,38.34586466165413,11.278195488721805
E00147733,54,21,9,12,33,24,9,38.88888888888889,16.666666666666664,22.22222222222222,61.111111111111114,44.44444444444444,16.666666666666664
E00147734,90,35,21,14,55,46,9,38.88888888888889,23.333333333333332,15.555555555555555,61.111111111111114,51.11111111111111,10
E00147735,141,53,21,32,88,66,22,37.5886524822695,14.893617021276595,22.69503546099291,62.4113475177305,46.808510638297875,15.602836879432624
E00147736,78,32,7,25,46,41,5,41.02564102564102,8.974358974358974,32.05128205128205,58.97435897435898,52.56410256410257,6.41025641025641
E00147737,63,20,2,18,43,33,10,31.746031746031743,3.1746031746031744,28.57142857142857,68.25396825396825,52.38095238095239,15.873015873015872
E00147738,104,37,13,24,67,55,12,35.57692307692308,12.5,23.076923076923077,64.42307692307693,52.88461538461539,11.538461538461538
E00147739,111,41,7,34,70,59,11,36.93693693693694,6.306306306306306,30.630630630630627,63.06306306306306,53.153153153153156,9.90990990990991
E00147740,115,45,15,30,70,58,12,39.130434782608695,13.043478260869565,26.08695652173913,60.86956521739131,50.43478260869565,10.434782608695652
E00147741,163,53,18,35,110,89,21,32.515337423312886,11.042944785276074,21.472392638036812,67.48466257668711,54.601226993865026,12.883435582822086
E00147742,140,46,14,32,94,80,14,32.857142857142854,10,22.857142857142858,67.14285714285714,57.14285714285714,10
E00147743,164,52,17,35,112,99,13,31.70731707317073,10.365853658536585,21.341463414634145,68.29268292682927,60.36585365853659,7.926829268292683
E00147744,159,69,21,48,90,81,9,43.39622641509434,13.20754716981132,30.18867924528302,56.60377358490566,50.943396226415096,5.660377358490567
E00147745,178,69,24,45,109,94,15,38.764044943820224,13.48314606741573,25.280898876404496,61.23595505617978,52.80898876404494,8.426966292134832
E00147747,319,114,36,78,205,169,36,35.73667711598746,11.285266457680251,24.45141065830721,64.26332288401254,52.97805642633229,11.285266457680251
E00147748,107,39,12,27,68,58,10,36.44859813084112,11.214953271028037,25.233644859813083,63.55140186915887,54.20560747663551,9.345794392523365
E00147749,209,72,22,50,137,116,21,34.44976076555024,10.526315789473683,23.923444976076556,65.55023923444976,55.50239234449761,10.047846889952153
E00147750,121,41,15,26,80,70,10,33.88429752066116,12.396694214876034,21.487603305785125,66.11570247933885,57.85123966942148,8.264462809917356
E00147751,134,54,20,34,80,69,11,40.298507462686565,14.925373134328357,25.37313432835821,59.70149253731343,51.49253731343284,8.208955223880597
E00147752,99,36,13,23,63,52,11,36.36363636363637,13.131313131313133,23.232323232323232,63.63636363636363,52.52525252525253,11.11111111111111
E00147753,146,50,19,31,96,86,10,34.24657534246575,13.013698630136986,21.232876712328768,65.75342465753424,58.9041095890411,6.8493150684931505
E00147754,113,42,15,27,71,63,8,37.16814159292036,13.274336283185843,23.893805309734514,62.83185840707964,55.75221238938053,7.079646017699115
E00147755,161,51,8,43,110,89,21,31.67701863354037,4.968944099378882,26.70807453416149,68.32298136645963,55.27950310559007,13.043478260869565
E00147756,157,48,17,31,109,92,17,30.573248407643312,10.828025477707007,19.745222929936308,69.42675159235668,58.59872611464968,10.828025477707007
E00147757,173,48,11,37,125,109,16,27.74566473988439,6.358381502890173,21.38728323699422,72.25433526011561,63.005780346820806,9.248554913294797
E00147758,121,38,7,31,83,65,18,31.40495867768595,5.785123966942149,25.6198347107438,68.59504132231406,53.71900826446281,14.87603305785124
E00147759,152,53,13,40,99,69,30,34.868421052631575,8.552631578947368,26.31578947368421,65.13157894736842,45.39473684210527,19.736842105263158
E00147760,108,35,7,28,73,58,15,32.407407407407405,6.481481481481481,25.925925925925924,67.5925925925926,53.70370370370371,13.88888888888889
E00147761,166,43,12,31,123,95,28,25.903614457831324,7.228915662650602,18.67469879518072,74.09638554216868,57.22891566265061,16.867469879518072
E00147762,128,51,21,30,77,68,9,39.84375,16.40625,23.4375,60.15625,53.125,7.03125
E00147763,148,55,11,44,93,62,31,37.16216216216216,7.4324324324324325,29.72972972972973,62.83783783783784,41.891891891891895,20.945945945945947
E00147764,107,38,19,19,69,48,21,35.51401869158878,17.75700934579439,17.75700934579439,64.48598130841121,44.85981308411215,19.626168224299064
E00147765,74,31,11,20,43,31,12,41.891891891891895,14.864864864864865,27.027027027027028,58.108108108108105,41.891891891891895,16.216216216216218
E00147766,163,60,24,36,103,61,42,36.809815950920246,14.723926380368098,22.085889570552148,63.190184049079754,37.423312883435585,25.766871165644172
E00147767,145,60,27,33,85,59,26,41.37931034482759,18.620689655172416,22.758620689655174,58.620689655172406,40.689655172413794,17.93103448275862
E00147768,171,62,25,37,109,76,33,36.25730994152047,14.619883040935672,21.637426900584796,63.74269005847953,44.44444444444444,19.298245614035086
E00147769,133,53,14,39,80,66,14,39.849624060150376,10.526315789473683,29.32330827067669,60.150375939849624,49.62406015037594,10.526315789473683
E00147770,141,53,27,26,88,63,25,37.5886524822695,19.148936170212767,18.439716312056735,62.4113475177305,44.680851063829785,17.73049645390071
E00147771,206,80,27,53,126,92,34,38.83495145631068,13.106796116504855,25.728155339805824,61.165048543689316,44.66019417475729,16.50485436893204
E00147772,164,62,15,47,102,68,34,37.80487804878049,9.146341463414634,28.65853658536585,62.19512195121951,41.46341463414634,20.73170731707317
E00147773,144,55,15,40,89,71,18,38.19444444444444,10.416666666666668,27.77777777777778,61.80555555555556,49.30555555555556,12.5
E00147774,145,50,15,35,95,77,18,34.48275862068966,10.344827586206897,24.137931034482758,65.51724137931035,53.103448275862064,12.413793103448276
E00147775,153,47,17,30,106,72,34,30.718954248366014,11.11111111111111,19.607843137254903,69.28104575163398,47.05882352941176,22.22222222222222
E00147776,162,48,16,32,114,84,30,29.629629629629626,9.876543209876543,19.753086419753085,70.37037037037037,51.85185185185185,18.51851851851852
E00147777,188,58,20,38,130,87,43,30.851063829787233,10.638297872340425,20.212765957446805,69.14893617021278,46.27659574468085,22.872340425531913
E00147778,184,65,29,36,119,79,40,35.32608695652174,15.760869565217392,19.565217391304348,64.67391304347827,42.934782608695656,21.73913043478261
E00174559,135,40,19,21,95,69,26,29.629629629629626,14.074074074074074,15.555555555555555,70.37037037037037,51.11111111111111,19.25925925925926
E00174561,473,80,32,48,393,257,136,16.913319238900634,6.765327695560254,10.14799154334038,83.08668076109936,54.33403805496829,28.752642706131077
E00174562,114,41,22,19,73,53,20,35.96491228070175,19.298245614035086,16.666666666666664,64.03508771929825,46.49122807017544,17.543859649122805
E00174563,49,11,5,6,38,35,3,22.448979591836736,10.204081632653061,12.244897959183673,77.55102040816327,71.42857142857143,6.122448979591836
E00174565,141,45,12,33,96,79,17,31.914893617021278,8.51063829787234,23.404255319148938,68.08510638297872,56.02836879432624,12.056737588652481
E00174566,293,84,23,61,209,167,42,28.668941979522184,7.849829351535837,20.819112627986346,71.33105802047781,56.996587030716725,14.334470989761092
E00174567,197,59,14,45,138,112,26,29.949238578680205,7.1065989847715745,22.84263959390863,70.05076142131979,56.852791878172596,13.19796954314721
E00174568,155,55,13,42,100,85,15,35.483870967741936,8.38709677419355,27.09677419354839,64.51612903225806,54.83870967741935,9.67741935483871
E00174569,280,73,21,52,207,172,35,26.071428571428573,7.5,18.571428571428573,73.92857142857143,61.42857142857143,12.5
E00174570,224,68,23,45,156,140,16,30.357142857142854,10.267857142857142,20.089285714285715,69.64285714285714,62.5,7.142857142857142
E00174571,140,33,12,21,107,92,15,23.57142857142857,8.571428571428571,15,76.42857142857142,65.71428571428571,10.714285714285714
E00174572,243,72,28,44,171,143,28,29.629629629629626,11.522633744855968,18.106995884773664,70.37037037037037,58.8477366255144,11.522633744855968
E00174573,95,24,6,18,71,63,8,25.263157894736842,6.315789473684211,18.947368421052634,74.73684210526315,66.3157894736842,8.421052631578947
E00174575,177,40,13,27,137,120,17,22.598870056497177,7.344632768361582,15.254237288135593,77.40112994350282,67.79661016949152,9.6045197740113
E00174576,133,26,7,19,107,90,17,19.548872180451127,5.263157894736842,14.285714285714285,80.45112781954887,67.66917293233082,12.781954887218044
E00174577,109,30,11,19,79,57,22,27.522935779816514,10.091743119266056,17.431192660550458,72.47706422018348,52.293577981651374,20.18348623853211
E00174578,178,36,8,28,142,127,15,20.224719101123593,4.49438202247191,15.730337078651685,79.7752808988764,71.34831460674157,8.426966292134832
E00174579,1360,121,34,87,1239,1095,144,8.897058823529411,2.5,6.397058823529411,91.10294117647058,80.51470588235294,10.588235294117647
E00174581,43,17,6,11,26,18,8,39.53488372093023,13.953488372093023,25.581395348837212,60.46511627906976,41.86046511627907,18.6046511627907
E00174582,79,36,20,16,43,28,15,45.56962025316456,25.31645569620253,20.253164556962027,54.43037974683544,35.44303797468354,18.9873417721519
E00174583,108,35,10,25,73,59,14,32.407407407407405,9.25925925925926,23.14814814814815,67.5925925925926,54.629629629629626,12.962962962962962
E00174584,87,32,16,16,55,41,14,36.7816091954023,18.39080459770115,18.39080459770115,63.2183908045977,47.12643678160919,16.091954022988507
E00174585,38,17,5,12,21,18,3,44.73684210526316,13.157894736842104,31.57894736842105,55.26315789473685,47.368421052631575,7.894736842105263
E00174586,153,42,14,28,111,93,18,27.450980392156865,9.15032679738562,18.30065359477124,72.54901960784314,60.78431372549019,11.76470588235294
E00187158,327,48,9,39,279,239,40,14.678899082568808,2.7522935779816518,11.926605504587156,85.3211009174312,73.08868501529052,12.232415902140673
E00187159,241,84,27,57,157,132,25,34.85477178423236,11.20331950207469,23.651452282157674,65.14522821576763,54.77178423236515,10.37344398340249
E00187160,169,41,13,28,128,60,68,24.2603550295858,7.6923076923076925,16.56804733727811,75.7396449704142,35.50295857988166,40.23668639053255
E00187161,244,71,22,49,173,140,33,29.098360655737704,9.01639344262295,20.081967213114755,70.90163934426229,57.377049180327866,13.524590163934427
E00187166,325,98,42,56,227,182,45,30.153846153846153,12.923076923076923,17.23076923076923,69.84615384615384,56.00000000000001,13.846153846153847
E00187167,101,30,12,18,71,56,15,29.7029702970297,11.881188118811881,17.82178217821782,70.29702970297029,55.44554455445545,14.85148514851485
E00187169,103,32,8,24,71,59,12,31.06796116504854,7.766990291262135,23.300970873786408,68.93203883495146,57.28155339805825,11.650485436893204
E00187170,114,20,3,17,94,79,15,17.543859649122805,2.631578947368421,14.912280701754385,82.45614035087719,69.2982456140351,13.157894736842104
E00187172,213,66,27,39,147,114,33,30.985915492957744,12.676056338028168,18.30985915492958,69.01408450704226,53.52112676056338,15.492957746478872
E00187174,67,24,9,15,43,37,6,35.82089552238806,13.432835820895523,22.388059701492537,64.17910447761194,55.223880597014926,8.955223880597014
E00187179,139,32,5,27,107,91,16,23.021582733812952,3.5971223021582732,19.424460431654676,76.97841726618705,65.46762589928058,11.510791366906476
E00187181,131,35,10,25,96,73,23,26.717557251908396,7.633587786259542,19.083969465648856,73.2824427480916,55.72519083969466,17.557251908396946
E00187189,180,47,12,35,133,119,14,26.111111111111114,6.666666666666667,19.444444444444446,73.88888888888889,66.11111111111111,7.777777777777778
E00187191,102,15,4,11,87,74,13,14.705882352941178,3.9215686274509802,10.784313725490197,85.29411764705883,72.54901960784314,12.745098039215685
E00187192,192,59,21,38,133,120,13,30.729166666666668,10.9375,19.791666666666664,69.27083333333334,62.5,6.770833333333333
E00187193,38,12,7,5,26,21,5,31.57894736842105,18.421052631578945,13.157894736842104,68.42105263157895,55.26315789473685,13.157894736842104
E00187195,76,25,10,15,51,41,10,32.89473684210527,13.157894736842104,19.736842105263158,67.10526315789474,53.94736842105263,13.157894736842104
E00187196,138,45,9,36,93,78,15,32.608695652173914,6.521739130434782,26.08695652173913,67.3913043478261,56.52173913043478,10.869565217391305
E00187199,144,52,22,30,92,78,14,36.11111111111111,15.277777777777779,20.833333333333336,63.888888888888886,54.166666666666664,9.722222222222223
E00187200,188,56,18,38,132,105,27,29.78723404255319,9.574468085106384,20.212765957446805,70.2127659574468,55.85106382978723,14.361702127659576
E00187205,147,28,12,16,119,107,12,19.047619047619047,8.16326530612245,10.884353741496598,80.95238095238095,72.78911564625851,8.16326530612245
E00187206,287,70,15,55,217,186,31,24.390243902439025,5.2264808362369335,19.16376306620209,75.60975609756098,64.80836236933798,10.801393728222997
E00187207,367,73,24,49,294,241,53,19.891008174386922,6.539509536784741,13.35149863760218,80.10899182561307,65.66757493188011,14.441416893732969
E00187209,324,89,23,66,235,197,38,27.469135802469136,7.098765432098765,20.37037037037037,72.53086419753086,60.802469135802475,11.728395061728394
E00187212,104,27,6,21,77,51,26,25.961538461538463,5.769230769230769,20.192307692307693,74.03846153846155,49.03846153846153,25
E00187213,63,13,1,12,50,41,9,20.634920634920633,1.5873015873015872,19.047619047619047,79.36507936507937,65.07936507936508,14.285714285714285
E00187216,78,23,9,14,55,48,7,29.48717948717949,11.538461538461538,17.94871794871795,70.51282051282051,61.53846153846154,8.974358974358974
E00187218,224,49,15,34,175,147,28,21.875,6.696428571428571,15.178571428571427,78.125,65.625,12.5
E00187221,43,21,5,16,22,16,6,48.837209302325576,11.627906976744185,37.2093023255814,51.162790697674424,37.2093023255814,13.953488372093023
E00187225,102,42,14,28,60,49,11,41.17647058823529,13.725490196078432,27.450980392156865,58.82352941176471,48.03921568627451,10.784313725490197
E00187226,287,67,18,49,220,181,39,23.34494773519164,6.2717770034843205,17.073170731707318,76.65505226480836,63.06620209059234,13.588850174216027
E00187229,91,29,8,21,62,47,15,31.868131868131865,8.791208791208792,23.076923076923077,68.13186813186813,51.64835164835166,16.483516483516482
E00187230,254,72,22,50,182,140,42,28.346456692913385,8.661417322834646,19.68503937007874,71.65354330708661,55.118110236220474,16.535433070866144
E00187231,34,3,1,2,31,30,1,8.823529411764707,2.941176470588235,5.88235294117647,91.17647058823529,88.23529411764706,2.941176470588235
E00187237,55,21,7,14,34,22,12,38.18181818181819,12.727272727272727,25.454545454545453,61.81818181818181,40,21.818181818181817
E00187240,350,68,16,52,282,233,49,19.428571428571427,4.571428571428571,14.857142857142858,80.57142857142857,66.57142857142857,14.000000000000002
E00187243,74,20,8,12,54,49,5,27.027027027027028,10.81081081081081,16.216216216216218,72.97297297297297,66.21621621621621,6.756756756756757
E00187250,157,42,13,29,115,100,15,26.751592356687897,8.280254777070063,18.471337579617835,73.24840764331209,63.69426751592356,9.554140127388536
E00187251,233,64,17,47,169,150,19,27.467811158798284,7.296137339055794,20.171673819742487,72.53218884120172,64.37768240343348,8.15450643776824
E00187253,161,48,12,36,113,97,16,29.81366459627329,7.453416149068323,22.36024844720497,70.1863354037267,60.24844720496895,9.937888198757763
E00187256,165,57,29,28,108,67,41,34.54545454545455,17.575757575757574,16.969696969696972,65.45454545454545,40.60606060606061,24.848484848484848
E00187261,260,38,7,31,222,183,39,14.615384615384617,2.6923076923076925,11.923076923076923,85.38461538461539,70.38461538461539,15
E00187269,117,38,16,22,79,59,20,32.47863247863248,13.675213675213676,18.803418803418804,67.52136752136752,50.427350427350426,17.094017094017094
E00187270,186,47,10,37,139,109,30,25.268817204301076,5.376344086021505,19.892473118279568,74.73118279569893,58.602150537634415,16.129032258064516
E00187271,137,31,16,15,106,83,23,22.62773722627737,11.678832116788321,10.948905109489052,77.37226277372264,60.58394160583942,16.78832116788321
E00187274,93,24,9,15,69,58,11,25.806451612903224,9.67741935483871,16.129032258064516,74.19354838709677,62.365591397849464,11.827956989247312
E00187275,55,14,1,13,41,29,12,25.454545454545453,1.8181818181818181,23.636363636363637,74.54545454545455,52.72727272727272,21.818181818181817
E00187279,271,72,26,46,199,163,36,26.56826568265683,9.59409594095941,16.974169741697416,73.43173431734317,60.147601476014756,13.284132841328415
E00187281,217,72,20,52,145,112,33,33.17972350230415,9.216589861751153,23.963133640552993,66.82027649769586,51.61290322580645,15.207373271889402
E00187282,282,76,23,53,206,160,46,26.95035460992908,8.156028368794328,18.79432624113475,73.04964539007092,56.73758865248227,16.312056737588655
E00187283,186,55,20,35,131,108,23,29.56989247311828,10.75268817204301,18.817204301075268,70.43010752688173,58.06451612903226,12.365591397849462
E00187286,178,40,12,28,138,123,15,22.47191011235955,6.741573033707865,15.730337078651685,77.52808988764045,69.10112359550563,8.426966292134832
E00187288,187,39,11,28,148,129,19,20.855614973262032,5.88235294117647,14.973262032085561,79.14438502673798,68.98395721925134,10.16042780748663
E00187289,39,12,3,9,27,22,5,30.76923076923077,7.6923076923076925,23.076923076923077,69.23076923076923,56.41025641025641,12.82051282051282
E00187296,149,30,14,16,119,102,17,20.13422818791946,9.395973154362416,10.738255033557047,79.86577181208054,68.45637583892618,11.409395973154362
E00187297,229,71,15,56,158,141,17,31.004366812227076,6.550218340611353,24.45414847161572,68.99563318777294,61.572052401746724,7.423580786026202
E00187299,284,63,13,50,221,182,39,22.183098591549296,4.577464788732395,17.6056338028169,77.8169014084507,64.08450704225352,13.732394366197184
E00187306,146,27,12,15,119,96,23,18.493150684931507,8.21917808219178,10.273972602739725,81.5068493150685,65.75342465753424,15.753424657534246
E00187309,148,47,11,36,101,89,12,31.756756756756754,7.4324324324324325,24.324324324324326,68.24324324324324,60.13513513513513,8.108108108108109
E00187310,380,88,26,62,292,257,35,23.157894736842106,6.842105263157896,16.315789473684212,76.84210526315789,67.63157894736842,9.210526315789473
E00187317,153,50,22,28,103,79,24,32.6797385620915,14.37908496732026,18.30065359477124,67.3202614379085,51.633986928104584,15.686274509803921
E00187319,132,38,18,20,94,70,24,28.78787878787879,13.636363636363635,15.151515151515152,71.21212121212122,53.03030303030303,18.181818181818183
E00187320,143,48,18,30,95,76,19,33.56643356643357,12.587412587412588,20.97902097902098,66.43356643356644,53.14685314685315,13.286713286713287
E00187323,46,8,0,8,38,38,0,17.391304347826086,0,17.391304347826086,82.6086956521739,82.6086956521739,0
E00187325,44,16,10,6,28,21,7,36.36363636363637,22.727272727272727,13.636363636363635,63.63636363636363,47.72727272727273,15.909090909090908
E00187326,71,27,19,8,44,40,4,38.028169014084504,26.76056338028169,11.267605633802818,61.97183098591549,56.33802816901409,5.633802816901409
E00187327,60,24,9,15,36,36,0,40,15,25,60,60,0
E00187328,227,77,29,48,150,126,24,33.92070484581498,12.77533039647577,21.145374449339208,66.07929515418502,55.50660792951542,10.572687224669604
E00187329,76,15,4,11,61,48,13,19.736842105263158,5.263157894736842,14.473684210526317,80.26315789473685,63.1578947368421,17.105263157894736
E00187330,173,53,16,37,120,98,22,30.63583815028902,9.248554913294797,21.38728323699422,69.36416184971098,56.64739884393064,12.716763005780345
E00187334,209,71,24,47,138,105,33,33.97129186602871,11.483253588516746,22.48803827751196,66.02870813397129,50.23923444976076,15.789473684210526
