OA,ts0380001,ts0380002,ts0380003,ts0380004,ts0380005,ts0380006,ts0380007,ts0380002_PCT,ts0380003_PCT,ts0380004_PCT,ts0380005_PCT,ts0380006_PCT,ts0380007_PCT
E00146810,305,60,22,38,245,23,222,19.672131147540984,7.213114754098362,12.459016393442624,80.32786885245902,7.540983606557377,72.78688524590164
E00146811,419,91,50,41,328,24,304,21.71837708830549,11.933174224343675,9.785202863961814,78.28162291169451,5.727923627684964,72.55369928400954
E00146812,216,73,29,44,143,13,130,33.7962962962963,13.425925925925927,20.37037037037037,66.20370370370371,6.018518518518518,60.18518518518518
E00146813,290,73,30,43,217,27,190,25.17241379310345,10.344827586206897,14.827586206896552,74.82758620689656,9.310344827586208,65.51724137931035
E00146814,269,78,28,50,191,22,169,28.99628252788104,10.408921933085502,18.587360594795538,71.00371747211895,8.178438661710038,62.825278810408925
E00146815,275,60,39,21,215,20,195,21.818181818181817,14.181818181818182,7.636363636363637,78.18181818181819,7.2727272727272725,70.9090909090909
E00146816,295,56,20,36,239,17,222,18.983050847457626,6.779661016949152,12.203389830508476,81.01694915254237,5.762711864406779,75.2542372881356
E00146817,337,60,25,35,277,21,256,17.804154302670625,7.418397626112759,10.385756676557865,82.19584569732937,6.231454005934718,75.96439169139467
E00146818,288,65,24,41,223,16,207,22.569444444444446,8.333333333333332,14.23611111111111,77.43055555555556,5.555555555555555,71.875
E00146819,319,56,29,27,263,17,246,17.55485893416928,9.090909090909092,8.463949843260188,82.44514106583071,5.329153605015674,77.11598746081505
E00146820,299,41,14,27,258,32,226,13.712374581939798,4.682274247491638,9.03010033444816,86.2876254180602,10.702341137123746,75.58528428093646
E00146821,230,43,14,29,187,22,165,18.695652173913043,6.086956521739131,12.608695652173912,81.30434782608695,9.565217391304348,71.73913043478261
E00146822,579,130,65,65,449,28,421,22.452504317789295,11.226252158894647,11.226252158894647,77.54749568221071,4.8359240069084635,72.71157167530224
E00146823,257,48,20,28,209,16,193,18.67704280155642,7.782101167315175,10.894941634241246,81.32295719844358,6.22568093385214,75.09727626459144
E00146824,255,48,13,35,207,20,187,18.823529411764707,5.098039215686274,13.725490196078432,81.17647058823529,7.8431372549019605,73.33333333333333
E00146825,263,55,16,39,208,20,188,20.912547528517113,6.083650190114068,14.82889733840304,79.08745247148289,7.604562737642586,71.48288973384031
E00146826,253,66,29,37,187,20,167,26.08695652173913,11.462450592885375,14.624505928853754,73.91304347826086,7.905138339920949,66.00790513833992
E00146827,251,48,18,30,203,18,185,19.12350597609562,7.171314741035857,11.952191235059761,80.87649402390437,7.171314741035857,73.70517928286853
E00146828,244,41,16,25,203,24,179,16.80327868852459,6.557377049180328,10.245901639344263,83.19672131147541,9.836065573770492,73.36065573770492
E00146829,106,13,6,7,93,6,87,12.264150943396226,5.660377358490567,6.60377358490566,87.73584905660378,5.660377358490567,82.0754716981132
E00146830,235,31,10,21,204,16,188,13.191489361702127,4.25531914893617,8.936170212765958,86.80851063829788,6.808510638297872,80
E00146831,284,55,20,35,229,20,209,19.366197183098592,7.042253521126761,12.323943661971832,80.63380281690141,7.042253521126761,73.59154929577466
E00146832,376,101,64,37,275,29,246,26.861702127659576,17.02127659574468,9.840425531914894,73.13829787234043,7.712765957446808,65.42553191489363
E00146833,290,42,11,31,248,22,226,14.482758620689657,3.793103448275862,10.689655172413794,85.51724137931035,7.586206896551724,77.93103448275862
E00146834,210,73,35,38,137,17,120,34.76190476190476,16.666666666666664,18.095238095238095,65.23809523809524,8.095238095238095,57.14285714285714
E00146835,280,60,24,36,220,32,188,21.428571428571427,8.571428571428571,12.857142857142856,78.57142857142857,11.428571428571429,67.14285714285714
E00146836,278,55,13,42,223,17,206,19.784172661870503,4.676258992805756,15.107913669064748,80.2158273381295,6.115107913669065,74.10071942446042
E00146837,201,39,9,30,162,15,147,19.402985074626866,4.477611940298507,14.925373134328357,80.59701492537313,7.462686567164178,73.13432835820896
E00146838,312,58,20,38,254,27,227,18.58974358974359,6.41025641025641,12.179487179487179,81.41025641025641,8.653846153846153,72.75641025641025
E00146839,321,46,18,28,275,23,252,14.330218068535824,5.607476635514018,8.722741433021806,85.66978193146417,7.165109034267912,78.50467289719626
E00146840,348,55,14,41,293,28,265,15.804597701149426,4.022988505747127,11.781609195402298,84.19540229885058,8.045977011494253,76.14942528735632
E00146841,318,33,13,20,285,25,260,10.377358490566039,4.088050314465408,6.289308176100629,89.62264150943396,7.861635220125786,81.76100628930818
E00146842,206,43,18,25,163,23,140,20.87378640776699,8.737864077669903,12.135922330097088,79.12621359223301,11.165048543689322,67.96116504854369
E00146843,318,54,19,35,264,26,238,16.9811320754717,5.9748427672955975,11.0062893081761,83.01886792452831,8.176100628930817,74.84276729559748
E00146844,299,57,21,36,242,22,220,19.063545150501675,7.023411371237458,12.040133779264215,80.93645484949833,7.357859531772576,73.57859531772574
E00146845,289,44,17,27,245,29,216,15.22491349480969,5.88235294117647,9.342560553633218,84.77508650519032,10.034602076124568,74.74048442906575
E00146846,274,53,20,33,221,28,193,19.34306569343066,7.2992700729927,12.043795620437956,80.65693430656934,10.218978102189782,70.43795620437956
E00146847,258,57,23,34,201,19,182,22.093023255813954,8.914728682170542,13.178294573643413,77.90697674418605,7.3643410852713185,70.54263565891473
E00146848,214,49,13,36,165,23,142,22.897196261682243,6.074766355140187,16.822429906542055,77.10280373831776,10.74766355140187,66.35514018691589
E00146849,278,43,18,25,235,37,198,15.467625899280577,6.474820143884892,8.992805755395683,84.53237410071942,13.309352517985612,71.22302158273382
E00146850,256,54,30,24,202,19,183,21.09375,11.71875,9.375,78.90625,7.421875,71.484375
E00146851,366,130,84,46,236,22,214,35.51912568306011,22.950819672131146,12.568306010928962,64.48087431693989,6.0109289617486334,58.46994535519126
E00146852,248,42,11,31,206,29,177,16.93548387096774,4.435483870967742,12.5,83.06451612903226,11.693548387096774,71.37096774193549
E00146853,342,52,13,39,290,16,274,15.204678362573098,3.8011695906432745,11.403508771929824,84.7953216374269,4.678362573099415,80.11695906432749
E00146854,267,38,16,22,229,20,209,14.232209737827715,5.992509363295881,8.239700374531834,85.76779026217228,7.490636704119851,78.27715355805243
E00146855,429,105,57,48,324,35,289,24.475524475524477,13.286713286713287,11.188811188811188,75.52447552447552,8.158508158508159,67.36596736596736
E00146856,377,53,20,33,324,33,291,14.058355437665782,5.305039787798409,8.753315649867375,85.94164456233422,8.753315649867375,77.18832891246684
E00146857,316,72,28,44,244,19,225,22.78481012658228,8.860759493670885,13.924050632911392,77.21518987341773,6.012658227848101,71.20253164556962
E00146858,307,62,23,39,245,23,222,20.195439739413683,7.491856677524431,12.703583061889251,79.80456026058633,7.491856677524431,72.31270358306189
E00146859,297,49,18,31,248,25,223,16.4983164983165,6.0606060606060606,10.437710437710438,83.5016835016835,8.417508417508419,75.08417508417509
E00146860,305,75,38,37,230,21,209,24.59016393442623,12.459016393442624,12.131147540983607,75.40983606557377,6.885245901639345,68.52459016393443
E00146861,268,47,16,31,221,18,203,17.537313432835823,5.970149253731343,11.567164179104477,82.46268656716418,6.7164179104477615,75.74626865671642
E00146862,282,47,21,26,235,23,212,16.666666666666664,7.446808510638298,9.219858156028367,83.33333333333334,8.156028368794328,75.177304964539
E00146863,335,66,36,30,269,18,251,19.701492537313435,10.746268656716417,8.955223880597014,80.29850746268656,5.3731343283582085,74.92537313432835
E00146864,301,50,16,34,251,23,228,16.611295681063122,5.3156146179401995,11.295681063122924,83.38870431893687,7.641196013289036,75.74750830564784
E00146865,378,49,15,34,329,22,307,12.962962962962962,3.968253968253968,8.994708994708994,87.03703703703704,5.82010582010582,81.21693121693121
E00146866,204,48,24,24,156,17,139,23.52941176470588,11.76470588235294,11.76470588235294,76.47058823529412,8.333333333333332,68.13725490196079
E00146867,179,33,10,23,146,14,132,18.435754189944134,5.58659217877095,12.849162011173185,81.56424581005587,7.82122905027933,73.74301675977654
E00146868,304,48,18,30,256,25,231,15.789473684210526,5.921052631578947,9.868421052631579,84.21052631578947,8.223684210526317,75.98684210526315
E00146869,316,56,23,33,260,29,231,17.72151898734177,7.2784810126582276,10.443037974683545,82.27848101265823,9.177215189873419,73.10126582278481
E00146870,222,39,13,26,183,19,164,17.56756756756757,5.8558558558558556,11.711711711711711,82.43243243243244,8.558558558558559,73.87387387387388
E00146871,227,53,30,23,174,15,159,23.348017621145374,13.215859030837004,10.13215859030837,76.65198237885463,6.607929515418502,70.04405286343612
E00146872,254,62,29,33,192,16,176,24.409448818897637,11.41732283464567,12.992125984251967,75.59055118110236,6.299212598425196,69.29133858267717
E00146873,415,91,35,56,324,32,292,21.927710843373493,8.433734939759036,13.493975903614459,78.07228915662651,7.710843373493977,70.36144578313252
E00146874,556,97,39,58,459,36,423,17.446043165467625,7.014388489208632,10.431654676258994,82.55395683453237,6.474820143884892,76.07913669064749
E00146875,321,79,43,36,242,19,223,24.610591900311526,13.395638629283487,11.214953271028037,75.38940809968847,5.919003115264798,69.47040498442367
E00146876,230,68,34,34,162,21,141,29.565217391304348,14.782608695652174,14.782608695652174,70.43478260869566,9.130434782608695,61.30434782608696
E00146877,301,67,32,35,234,24,210,22.259136212624583,10.631229235880399,11.627906976744185,77.74086378737542,7.973421926910299,69.76744186046511
E00146878,348,51,23,28,297,36,261,14.655172413793101,6.609195402298851,8.045977011494253,85.34482758620689,10.344827586206897,75
E00146879,348,63,24,39,285,33,252,18.103448275862068,6.896551724137931,11.206896551724139,81.89655172413794,9.482758620689655,72.41379310344827
E00146880,257,61,29,32,196,15,181,23.73540856031128,11.284046692607005,12.45136186770428,76.26459143968872,5.836575875486381,70.42801556420234
E00146881,283,66,20,46,217,14,203,23.32155477031802,7.06713780918728,16.25441696113074,76.67844522968198,4.946996466431095,71.73144876325088
E00146882,385,60,18,42,325,23,302,15.584415584415584,4.675324675324675,10.909090909090908,84.4155844155844,5.974025974025974,78.44155844155844
E00146883,501,110,43,67,391,33,358,21.956087824351297,8.582834331337326,13.373253493013973,78.0439121756487,6.58682634730539,71.45708582834331
E00146884,284,50,27,23,234,21,213,17.6056338028169,9.507042253521126,8.098591549295776,82.3943661971831,7.394366197183098,75
E00146885,258,64,28,36,194,31,163,24.8062015503876,10.852713178294573,13.953488372093023,75.1937984496124,12.015503875968992,63.17829457364341
E00146886,332,71,28,43,261,18,243,21.385542168674696,8.433734939759036,12.951807228915662,78.6144578313253,5.421686746987952,73.19277108433735
E00146887,293,65,30,35,228,25,203,22.18430034129693,10.238907849829351,11.945392491467576,77.81569965870307,8.532423208191126,69.28327645051195
E00146888,259,81,37,44,178,13,165,31.27413127413127,14.285714285714285,16.988416988416986,68.72586872586872,5.019305019305019,63.7065637065637
E00146889,308,58,25,33,250,15,235,18.83116883116883,8.116883116883116,10.714285714285714,81.16883116883116,4.870129870129871,76.2987012987013
E00146890,303,48,18,30,255,24,231,15.841584158415841,5.9405940594059405,9.900990099009901,84.15841584158416,7.920792079207921,76.23762376237624
E00146891,418,70,27,43,348,24,324,16.74641148325359,6.4593301435406705,10.287081339712918,83.25358851674642,5.741626794258373,77.51196172248804
E00146892,274,50,20,30,224,20,204,18.248175182481752,7.2992700729927,10.948905109489052,81.75182481751825,7.2992700729927,74.45255474452554
E00146893,330,32,11,21,298,27,271,9.696969696969697,3.3333333333333335,6.363636363636363,90.30303030303031,8.181818181818182,82.12121212121211
E00146894,383,44,12,32,339,35,304,11.488250652741515,3.1331592689295036,8.355091383812011,88.51174934725849,9.138381201044385,79.37336814621409
E00146895,337,40,13,27,297,25,272,11.869436201780417,3.857566765578635,8.011869436201781,88.13056379821958,7.418397626112759,80.71216617210682
E00146896,245,37,12,25,208,11,197,15.10204081632653,4.8979591836734695,10.204081632653061,84.89795918367346,4.489795918367347,80.40816326530611
E00146897,439,101,44,57,338,40,298,23.006833712984054,10.022779043280181,12.984054669703873,76.99316628701595,9.111617312072893,67.88154897494306
E00146898,359,76,30,46,283,29,254,21.16991643454039,8.356545961002785,12.813370473537605,78.8300835654596,8.07799442896936,70.75208913649024
E00146899,434,62,24,38,372,30,342,14.285714285714285,5.529953917050691,8.755760368663594,85.71428571428571,6.912442396313365,78.80184331797236
E00146900,228,27,12,15,201,23,178,11.842105263157894,5.263157894736842,6.578947368421052,88.1578947368421,10.087719298245613,78.0701754385965
E00146901,238,52,23,29,186,23,163,21.84873949579832,9.663865546218489,12.184873949579831,78.15126050420169,9.663865546218489,68.4873949579832
E00146902,245,54,20,34,191,37,154,22.040816326530614,8.16326530612245,13.877551020408163,77.9591836734694,15.10204081632653,62.857142857142854
E00146903,427,104,49,55,323,38,285,24.355971896955502,11.475409836065573,12.88056206088993,75.64402810304449,8.899297423887589,66.7447306791569
E00146904,237,42,16,26,195,22,173,17.72151898734177,6.751054852320674,10.970464135021098,82.27848101265823,9.282700421940929,72.9957805907173
E00146905,280,36,10,26,244,31,213,12.857142857142856,3.571428571428571,9.285714285714286,87.14285714285714,11.071428571428571,76.07142857142857
E00146906,333,45,8,37,288,16,272,13.513513513513514,2.4024024024024024,11.11111111111111,86.48648648648648,4.804804804804805,81.68168168168168
E00146907,233,56,4,52,177,19,158,24.034334763948497,1.7167381974248928,22.317596566523605,75.9656652360515,8.15450643776824,67.81115879828327
E00146909,235,52,14,38,183,33,150,22.127659574468083,5.957446808510639,16.170212765957448,77.87234042553192,14.042553191489363,63.829787234042556
E00146910,269,75,31,44,194,22,172,27.881040892193308,11.524163568773234,16.356877323420075,72.11895910780669,8.178438661710038,63.94052044609665
E00146911,255,39,11,28,216,26,190,15.294117647058824,4.313725490196078,10.980392156862745,84.70588235294117,10.196078431372548,74.50980392156863
E00146912,210,27,10,17,183,15,168,12.857142857142856,4.761904761904762,8.095238095238095,87.14285714285714,7.142857142857142,80
E00146913,237,39,11,28,198,23,175,16.455696202531644,4.641350210970464,11.814345991561181,83.54430379746836,9.70464135021097,73.83966244725738
E00146914,282,48,19,29,234,30,204,17.02127659574468,6.73758865248227,10.28368794326241,82.97872340425532,10.638297872340425,72.3404255319149
E00146917,218,25,11,14,193,13,180,11.46788990825688,5.045871559633028,6.422018348623854,88.53211009174312,5.963302752293578,82.56880733944955
E00146918,127,29,12,17,98,7,91,22.83464566929134,9.448818897637794,13.385826771653544,77.16535433070865,5.511811023622047,71.65354330708661
E00146919,354,60,23,37,294,25,269,16.94915254237288,6.497175141242938,10.451977401129943,83.05084745762711,7.062146892655368,75.98870056497175
E00146920,220,40,22,18,180,16,164,18.181818181818183,10,8.181818181818182,81.81818181818183,7.2727272727272725,74.54545454545455
E00146921,151,26,14,12,125,6,119,17.218543046357617,9.271523178807946,7.9470198675496695,82.78145695364239,3.9735099337748347,78.80794701986756
E00146922,368,70,40,30,298,21,277,19.021739130434785,10.869565217391305,8.152173913043478,80.97826086956522,5.706521739130435,75.27173913043478
E00146923,260,48,25,23,212,29,183,18.461538461538463,9.615384615384617,8.846153846153847,81.53846153846153,11.153846153846155,70.38461538461539
E00146924,428,115,57,58,313,34,279,26.869158878504674,13.317757009345794,13.551401869158877,73.13084112149532,7.943925233644859,65.18691588785047
E00146925,366,96,37,59,270,23,247,26.229508196721312,10.10928961748634,16.120218579234972,73.77049180327869,6.284153005464481,67.4863387978142
E00146926,295,54,29,25,241,27,214,18.305084745762713,9.830508474576272,8.47457627118644,81.69491525423729,9.152542372881356,72.54237288135593
E00146927,323,74,29,45,249,19,230,22.910216718266255,8.978328173374612,13.93188854489164,77.08978328173374,5.88235294117647,71.20743034055728
E00146928,315,44,12,32,271,17,254,13.968253968253968,3.8095238095238098,10.158730158730158,86.03174603174604,5.396825396825397,80.63492063492063
E00146929,279,50,15,35,229,19,210,17.921146953405017,5.376344086021505,12.544802867383511,82.07885304659499,6.810035842293908,75.26881720430107
E00146930,363,59,23,36,304,31,273,16.2534435261708,6.336088154269973,9.917355371900827,83.7465564738292,8.539944903581267,75.20661157024794
E00146931,404,72,22,50,332,35,297,17.82178217821782,5.445544554455446,12.376237623762377,82.17821782178217,8.663366336633663,73.51485148514851
E00146932,299,62,21,41,237,30,207,20.735785953177256,7.023411371237458,13.712374581939798,79.26421404682274,10.033444816053512,69.23076923076923
E00146933,311,89,45,44,222,15,207,28.617363344051448,14.469453376205788,14.14790996784566,71.38263665594855,4.823151125401929,66.55948553054662
E00146934,350,66,34,32,284,19,265,18.857142857142858,9.714285714285714,9.142857142857142,81.14285714285714,5.428571428571429,75.71428571428571
E00146935,253,49,13,36,204,15,189,19.367588932806324,5.138339920948617,14.229249011857709,80.63241106719367,5.928853754940711,74.70355731225297
E00146936,485,53,23,30,432,36,396,10.927835051546392,4.742268041237113,6.185567010309279,89.07216494845362,7.422680412371134,81.64948453608247
E00146937,197,30,9,21,167,13,154,15.228426395939088,4.568527918781726,10.65989847715736,84.77157360406092,6.598984771573605,78.1725888324873
E00146938,404,62,29,33,342,25,317,15.346534653465346,7.1782178217821775,8.16831683168317,84.65346534653465,6.188118811881188,78.46534653465346
E00146940,270,54,20,34,216,26,190,20,7.4074074074074066,12.592592592592592,80,9.62962962962963,70.37037037037037
E00146941,389,103,49,54,286,38,248,26.47814910025707,12.596401028277635,13.881748071979436,73.52185089974293,9.768637532133676,63.75321336760925
E00146942,432,66,10,56,366,27,339,15.277777777777779,2.314814814814815,12.962962962962962,84.72222222222221,6.25,78.47222222222221
E00146943,278,59,26,33,219,16,203,21.223021582733814,9.352517985611511,11.870503597122301,78.77697841726618,5.755395683453238,73.02158273381295
E00146944,234,59,20,39,175,17,158,25.213675213675213,8.547008547008547,16.666666666666664,74.78632478632478,7.264957264957266,67.52136752136752
E00146945,356,75,25,50,281,27,254,21.06741573033708,7.02247191011236,14.04494382022472,78.93258426966293,7.584269662921349,71.34831460674157
E00146946,282,55,19,36,227,16,211,19.50354609929078,6.73758865248227,12.76595744680851,80.49645390070921,5.673758865248227,74.822695035461
E00146947,348,65,31,34,283,29,254,18.67816091954023,8.908045977011495,9.770114942528735,81.32183908045977,8.333333333333332,72.98850574712644
E00146948,319,39,13,26,280,20,260,12.225705329153605,4.075235109717868,8.150470219435736,87.7742946708464,6.269592476489027,81.50470219435736
E00146949,218,62,30,32,156,8,148,28.440366972477065,13.761467889908257,14.678899082568808,71.55963302752293,3.669724770642202,67.88990825688074
E00146950,310,42,8,34,268,18,250,13.548387096774196,2.5806451612903225,10.967741935483872,86.45161290322581,5.806451612903226,80.64516129032258
E00146951,313,65,26,39,248,18,230,20.766773162939298,8.30670926517572,12.460063897763577,79.2332268370607,5.7507987220447285,73.48242811501598
E00146952,360,73,34,39,287,28,259,20.27777777777778,9.444444444444445,10.833333333333334,79.72222222222223,7.777777777777778,71.94444444444444
E00146953,277,52,20,32,225,15,210,18.772563176895307,7.2202166064981945,11.552346570397113,81.2274368231047,5.415162454873646,75.81227436823104
E00146954,297,78,41,37,219,13,206,26.262626262626267,13.804713804713806,12.457912457912458,73.73737373737373,4.377104377104377,69.36026936026936
E00146955,268,34,12,22,234,17,217,12.686567164179104,4.477611940298507,8.208955223880597,87.31343283582089,6.343283582089552,80.97014925373134
E00146956,204,60,30,30,144,24,120,29.411764705882355,14.705882352941178,14.705882352941178,70.58823529411765,11.76470588235294,58.82352941176471
E00146957,178,48,18,30,130,15,115,26.96629213483146,10.112359550561797,16.853932584269664,73.03370786516854,8.426966292134832,64.60674157303372
E00146958,273,93,56,37,180,17,163,34.065934065934066,20.51282051282051,13.553113553113553,65.93406593406593,6.227106227106227,59.70695970695971
E00146959,284,35,9,26,249,33,216,12.323943661971832,3.169014084507042,9.15492957746479,87.67605633802818,11.619718309859154,76.05633802816901
E00146960,311,55,17,38,256,31,225,17.684887459807076,5.466237942122187,12.218649517684888,82.31511254019293,9.967845659163988,72.34726688102894
E00146961,296,36,8,28,260,29,231,12.162162162162163,2.7027027027027026,9.45945945945946,87.83783783783784,9.797297297297296,78.04054054054053
E00146962,569,70,26,44,499,30,469,12.302284710017574,4.569420035149385,7.732864674868189,87.69771528998243,5.272407732864675,82.42530755711776
E00146964,242,42,15,27,200,20,180,17.355371900826448,6.198347107438017,11.15702479338843,82.64462809917356,8.264462809917356,74.3801652892562
E00146966,255,52,12,40,203,30,173,20.392156862745097,4.705882352941177,15.686274509803921,79.6078431372549,11.76470588235294,67.84313725490196
E00146967,390,105,42,63,285,36,249,26.923076923076923,10.76923076923077,16.153846153846153,73.07692307692307,9.230769230769232,63.84615384615384
E00146968,327,57,20,37,270,17,253,17.431192660550458,6.116207951070336,11.314984709480122,82.56880733944955,5.198776758409786,77.37003058103976
E00146969,355,48,14,34,307,30,277,13.521126760563378,3.943661971830986,9.577464788732394,86.47887323943661,8.450704225352112,78.0281690140845
E00146970,358,48,18,30,310,19,291,13.40782122905028,5.027932960893855,8.379888268156424,86.59217877094973,5.307262569832402,81.28491620111731
E00146971,373,65,29,36,308,24,284,17.426273458445042,7.774798927613941,9.651474530831099,82.57372654155496,6.434316353887399,76.13941018766755
E00146972,266,55,23,32,211,14,197,20.676691729323306,8.646616541353383,12.030075187969924,79.32330827067669,5.263157894736842,74.06015037593986
E00146974,231,50,23,27,181,22,159,21.645021645021643,9.956709956709958,11.688311688311687,78.35497835497836,9.523809523809524,68.83116883116884
E00146976,417,122,62,60,295,20,275,29.256594724220626,14.86810551558753,14.388489208633093,70.74340527577938,4.796163069544365,65.94724220623502
E00146978,347,47,15,32,300,34,266,13.544668587896252,4.322766570605188,9.221902017291066,86.45533141210375,9.798270893371757,76.657060518732
E00146979,335,65,31,34,270,27,243,19.402985074626866,9.253731343283581,10.149253731343283,80.59701492537313,8.059701492537313,72.53731343283583
E00146980,472,83,22,61,389,36,353,17.584745762711865,4.661016949152542,12.923728813559322,82.41525423728814,7.627118644067797,74.78813559322035
E00146981,470,169,104,65,301,22,279,35.95744680851064,22.127659574468083,13.829787234042554,64.04255319148936,4.680851063829787,59.361702127659576
E00146982,324,25,8,17,299,19,280,7.716049382716049,2.4691358024691357,5.246913580246913,92.28395061728395,5.864197530864197,86.41975308641975
E00146983,295,49,17,32,246,28,218,16.610169491525422,5.762711864406779,10.847457627118644,83.38983050847457,9.491525423728813,73.89830508474576
E00146984,344,47,20,27,297,21,276,13.662790697674417,5.813953488372093,7.848837209302325,86.33720930232558,6.104651162790697,80.23255813953489
E00146985,275,63,27,36,212,16,196,22.90909090909091,9.818181818181818,13.090909090909092,77.0909090909091,5.818181818181818,71.27272727272728
E00146986,395,51,11,40,344,30,314,12.91139240506329,2.7848101265822782,10.126582278481013,87.0886075949367,7.59493670886076,79.49367088607595
E00146987,496,117,46,71,379,32,347,23.588709677419356,9.274193548387096,14.31451612903226,76.41129032258065,6.451612903225806,69.95967741935483
E00146989,325,40,11,29,285,35,250,12.307692307692308,3.3846153846153846,8.923076923076923,87.6923076923077,10.76923076923077,76.92307692307693
E00146990,425,63,13,50,362,44,318,14.823529411764705,3.058823529411765,11.76470588235294,85.1764705882353,10.352941176470589,74.82352941176471
E00146991,286,58,15,43,228,19,209,20.27972027972028,5.244755244755245,15.034965034965033,79.72027972027972,6.643356643356643,73.07692307692307
E00146992,259,51,13,38,208,22,186,19.69111969111969,5.019305019305019,14.671814671814673,80.3088803088803,8.494208494208493,71.81467181467181
E00146993,259,39,12,27,220,26,194,15.057915057915059,4.633204633204633,10.424710424710424,84.94208494208493,10.038610038610038,74.9034749034749
E00146994,469,77,27,50,392,23,369,16.417910447761194,5.756929637526652,10.660980810234541,83.5820895522388,4.904051172707889,78.67803837953092
E00146995,457,56,19,37,401,29,372,12.25382932166302,4.157549234135667,8.096280087527353,87.74617067833698,6.3457330415754925,81.4004376367615
E00146996,348,64,32,32,284,31,253,18.39080459770115,9.195402298850574,9.195402298850574,81.60919540229885,8.908045977011495,72.70114942528735
E00146997,339,60,22,38,279,30,249,17.699115044247787,6.489675516224189,11.209439528023598,82.30088495575221,8.849557522123893,73.45132743362832
E00146998,352,55,28,27,297,44,253,15.625,7.954545454545454,7.670454545454546,84.375,12.5,71.875
E00146999,430,54,17,37,376,34,342,12.558139534883722,3.953488372093023,8.604651162790699,87.44186046511628,7.906976744186046,79.53488372093022
E00147000,522,90,34,56,432,39,393,17.24137931034483,6.513409961685824,10.727969348659004,82.75862068965517,7.471264367816093,75.28735632183908
E00147001,483,89,33,56,394,49,345,18.426501035196686,6.832298136645963,11.594202898550725,81.57349896480332,10.144927536231885,71.42857142857143
E00147002,366,56,29,27,310,37,273,15.300546448087433,7.923497267759563,7.377049180327869,84.69945355191257,10.10928961748634,74.59016393442623
E00147003,218,70,32,38,148,19,129,32.11009174311927,14.678899082568808,17.431192660550458,67.88990825688074,8.715596330275229,59.174311926605505
E00147004,308,50,17,33,258,28,230,16.233766233766232,5.51948051948052,10.714285714285714,83.76623376623377,9.090909090909092,74.67532467532467
E00147005,316,72,34,38,244,20,224,22.78481012658228,10.759493670886076,12.025316455696203,77.21518987341773,6.329113924050633,70.88607594936708
E00147006,342,43,18,25,299,26,273,12.573099415204677,5.263157894736842,7.309941520467836,87.42690058479532,7.602339181286549,79.82456140350878
E00147007,325,42,14,28,283,25,258,12.923076923076923,4.3076923076923075,8.615384615384615,87.07692307692308,7.6923076923076925,79.38461538461539
E00147008,333,75,32,43,258,32,226,22.52252252252252,9.60960960960961,12.912912912912914,77.47747747747748,9.60960960960961,67.86786786786787
E00147009,398,84,30,54,314,36,278,21.105527638190953,7.537688442211055,13.5678391959799,78.89447236180904,9.045226130653267,69.84924623115577
E00147010,354,50,19,31,304,25,279,14.124293785310735,5.367231638418079,8.757062146892656,85.87570621468926,7.062146892655368,78.8135593220339
E00147011,392,82,31,51,310,30,280,20.918367346938776,7.908163265306123,13.010204081632654,79.08163265306123,7.653061224489796,71.42857142857143
E00147012,211,48,19,29,163,11,152,22.748815165876778,9.004739336492891,13.744075829383887,77.25118483412322,5.213270142180095,72.03791469194313
E00147013,218,60,29,31,158,11,147,27.522935779816514,13.302752293577983,14.220183486238533,72.47706422018348,5.045871559633028,67.43119266055045
E00147014,296,64,27,37,232,19,213,21.62162162162162,9.121621621621621,12.5,78.37837837837837,6.418918918918918,71.95945945945947
E00147015,357,87,36,51,270,25,245,24.369747899159663,10.084033613445378,14.285714285714285,75.63025210084034,7.002801120448179,68.62745098039215
E00147016,262,55,27,28,207,19,188,20.99236641221374,10.305343511450381,10.687022900763358,79.00763358778626,7.251908396946565,71.7557251908397
E00147018,147,29,10,19,118,7,111,19.727891156462583,6.802721088435375,12.925170068027212,80.27210884353741,4.761904761904762,75.51020408163265
E00147019,382,81,39,42,301,32,269,21.20418848167539,10.209424083769633,10.99476439790576,78.79581151832461,8.37696335078534,70.41884816753927
E00147020,297,49,15,34,248,19,229,16.4983164983165,5.05050505050505,11.447811447811448,83.5016835016835,6.397306397306397,77.10437710437711
E00147021,292,35,12,23,257,23,234,11.986301369863012,4.10958904109589,7.876712328767123,88.01369863013699,7.876712328767123,80.13698630136986
E00147022,263,52,16,36,211,23,188,19.771863117870723,6.083650190114068,13.688212927756654,80.22813688212928,8.745247148288973,71.48288973384031
E00147023,307,92,42,50,215,19,196,29.967426710097723,13.680781758957655,16.286644951140065,70.03257328990227,6.188925081433225,63.84364820846905
E00147024,358,39,10,29,319,34,285,10.893854748603351,2.793296089385475,8.100558659217876,89.10614525139665,9.497206703910614,79.60893854748603
E00147025,340,75,45,30,265,23,242,22.058823529411764,13.23529411764706,8.823529411764707,77.94117647058823,6.764705882352941,71.17647058823529
E00147026,448,45,16,29,403,37,366,10.044642857142858,3.571428571428571,6.4732142857142865,89.95535714285714,8.258928571428571,81.69642857142857
E00147027,321,60,32,28,261,29,232,18.69158878504673,9.968847352024921,8.722741433021806,81.30841121495327,9.034267912772584,72.27414330218068
E00147028,527,109,70,39,418,34,384,20.683111954459203,13.282732447817835,7.400379506641366,79.31688804554081,6.451612903225806,72.86527514231499
E00147029,420,61,23,38,359,40,319,14.523809523809526,5.476190476190476,9.047619047619047,85.47619047619047,9.523809523809524,75.95238095238095
E00147030,434,46,20,26,388,30,358,10.599078341013826,4.6082949308755765,5.990783410138248,89.40092165898618,6.912442396313365,82.48847926267281
E00147031,270,45,19,26,225,14,211,16.666666666666664,7.037037037037037,9.62962962962963,83.33333333333334,5.185185185185185,78.14814814814814
E00147032,208,46,28,18,162,19,143,22.115384615384613,13.461538461538462,8.653846153846153,77.88461538461539,9.134615384615383,68.75
E00147033,350,69,28,41,281,30,251,19.714285714285715,8,11.714285714285715,80.28571428571428,8.571428571428571,71.71428571428572
E00147034,349,64,26,38,285,23,262,18.33810888252149,7.4498567335243555,10.888252148997136,81.66189111747852,6.59025787965616,75.07163323782235
E00147035,279,49,18,31,230,23,207,17.562724014336915,6.451612903225806,11.11111111111111,82.43727598566308,8.24372759856631,74.19354838709677
E00147036,321,44,18,26,277,22,255,13.707165109034266,5.607476635514018,8.09968847352025,86.29283489096574,6.853582554517133,79.43925233644859
E00147037,252,28,8,20,224,12,212,11.11111111111111,3.1746031746031744,7.936507936507936,88.88888888888889,4.761904761904762,84.12698412698413
E00147038,557,84,41,43,473,31,442,15.080789946140035,7.360861759425494,7.719928186714542,84.91921005385996,5.565529622980251,79.35368043087972
E00147039,265,44,11,33,221,16,205,16.60377358490566,4.150943396226415,12.452830188679245,83.39622641509435,6.037735849056604,77.35849056603774
E00147040,544,59,24,35,485,44,441,10.845588235294118,4.411764705882353,6.4338235294117645,89.15441176470588,8.088235294117647,81.06617647058823
E00147041,466,81,28,53,385,40,345,17.381974248927037,6.008583690987124,11.373390557939913,82.61802575107296,8.583690987124463,74.0343347639485
E00147042,247,38,7,31,209,17,192,15.384615384615385,2.834008097165992,12.550607287449392,84.61538461538461,6.882591093117409,77.7327935222672
E00147043,326,49,23,26,277,34,243,15.030674846625766,7.05521472392638,7.975460122699387,84.96932515337423,10.429447852760736,74.5398773006135
E00147044,237,51,24,27,186,24,162,21.518987341772153,10.126582278481013,11.39240506329114,78.48101265822784,10.126582278481013,68.35443037974683
E00147045,313,57,16,41,256,38,218,18.210862619808307,5.111821086261981,13.099041533546327,81.78913738019169,12.140575079872203,69.6485623003195
E00147046,293,91,53,38,202,13,189,31.058020477815703,18.088737201365188,12.969283276450511,68.94197952218431,4.436860068259386,64.50511945392492
E00147047,489,130,63,67,359,11,348,26.58486707566462,12.883435582822086,13.701431492842536,73.41513292433538,2.2494887525562373,71.16564417177914
E00147048,300,52,22,30,248,15,233,17.333333333333336,7.333333333333333,10,82.66666666666667,5,77.66666666666666
E00147049,287,57,20,37,230,21,209,19.860627177700348,6.968641114982578,12.89198606271777,80.13937282229965,7.317073170731707,72.82229965156795
E00147051,261,38,16,22,223,24,199,14.559386973180077,6.130268199233716,8.42911877394636,85.44061302681992,9.195402298850574,76.24521072796935
E00147052,412,77,42,35,335,25,310,18.689320388349515,10.194174757281553,8.495145631067961,81.31067961165049,6.067961165048544,75.24271844660194
E00147053,230,41,21,20,189,18,171,17.82608695652174,9.130434782608695,8.695652173913043,82.17391304347827,7.82608695652174,74.34782608695653
E00147054,308,65,28,37,243,19,224,21.1038961038961,9.090909090909092,12.012987012987013,78.8961038961039,6.1688311688311686,72.72727272727273
E00147055,351,80,38,42,271,15,256,22.79202279202279,10.826210826210826,11.965811965811966,77.20797720797721,4.273504273504273,72.93447293447294
E00147056,305,67,24,43,238,19,219,21.9672131147541,7.868852459016394,14.098360655737704,78.0327868852459,6.229508196721312,71.80327868852459
E00147057,300,48,20,28,252,21,231,16,6.666666666666667,9.333333333333334,84,7.000000000000001,77
E00147058,242,50,29,21,192,6,186,20.66115702479339,11.983471074380166,8.677685950413224,79.33884297520662,2.479338842975207,76.85950413223141
E00147059,357,62,22,40,295,22,273,17.366946778711483,6.162464985994398,11.204481792717088,82.6330532212885,6.162464985994398,76.47058823529412
E00147060,297,73,29,44,224,23,201,24.579124579124578,9.764309764309765,14.814814814814813,75.42087542087542,7.744107744107744,67.67676767676768
E00147062,358,38,9,29,320,25,295,10.614525139664805,2.5139664804469275,8.100558659217876,89.3854748603352,6.983240223463687,82.40223463687151
E00147063,454,54,24,30,400,37,363,11.894273127753303,5.286343612334802,6.607929515418502,88.10572687224669,8.149779735682818,79.95594713656388
E00147064,218,80,38,42,138,11,127,36.69724770642202,17.431192660550458,19.26605504587156,63.30275229357798,5.045871559633028,58.256880733944946
E00147065,223,63,27,36,160,20,140,28.251121076233183,12.10762331838565,16.143497757847534,71.74887892376681,8.968609865470851,62.78026905829597
E00147066,532,104,43,61,428,50,378,19.548872180451127,8.082706766917292,11.466165413533833,80.45112781954887,9.398496240601503,71.05263157894737
E00147067,366,54,19,35,312,13,299,14.754098360655737,5.191256830601093,9.562841530054644,85.24590163934425,3.551912568306011,81.69398907103826
E00147068,293,64,27,37,229,20,209,21.843003412969285,9.215017064846416,12.627986348122866,78.15699658703072,6.825938566552901,71.33105802047781
E00147069,306,41,16,25,265,28,237,13.398692810457517,5.228758169934641,8.169934640522875,86.60130718954248,9.15032679738562,77.45098039215686
E00147070,228,30,16,14,198,16,182,13.157894736842104,7.017543859649122,6.140350877192982,86.8421052631579,7.017543859649122,79.82456140350878
E00147071,298,73,35,38,225,19,206,24.496644295302016,11.74496644295302,12.751677852348994,75.50335570469798,6.375838926174497,69.12751677852349
E00147072,383,71,29,42,312,22,290,18.5378590078329,7.5718015665796345,10.966057441253264,81.4621409921671,5.7441253263707575,75.71801566579634
E00147073,270,63,35,28,207,7,200,23.333333333333332,12.962962962962962,10.37037037037037,76.66666666666667,2.5925925925925926,74.07407407407408
E00147074,251,47,26,21,204,26,178,18.725099601593627,10.358565737051793,8.366533864541832,81.27490039840637,10.358565737051793,70.91633466135458
E00147075,287,59,28,31,228,20,208,20.557491289198605,9.75609756097561,10.801393728222997,79.44250871080139,6.968641114982578,72.47386759581882
E00147076,331,70,28,42,261,20,241,21.148036253776432,8.459214501510575,12.688821752265861,78.85196374622356,6.042296072507553,72.80966767371602
E00147077,309,79,35,44,230,23,207,25.5663430420712,11.326860841423949,14.239482200647249,74.4336569579288,7.443365695792881,66.99029126213593
E00147078,399,59,16,43,340,34,306,14.786967418546364,4.010025062656641,10.776942355889723,85.21303258145363,8.521303258145362,76.69172932330827
E00147079,310,69,21,48,241,18,223,22.258064516129032,6.774193548387098,15.483870967741936,77.74193548387098,5.806451612903226,71.93548387096774
E00147080,303,77,41,36,226,21,205,25.412541254125415,13.531353135313532,11.881188118811881,74.58745874587459,6.9306930693069315,67.65676567656766
E00147081,319,55,14,41,264,32,232,17.24137931034483,4.38871473354232,12.852664576802509,82.75862068965517,10.031347962382444,72.72727272727273
E00147082,425,88,35,53,337,24,313,20.705882352941178,8.235294117647058,12.470588235294118,79.29411764705883,5.647058823529412,73.6470588235294
E00147083,299,64,27,37,235,20,215,21.40468227424749,9.03010033444816,12.37458193979933,78.59531772575251,6.688963210702341,71.90635451505017
E00147084,431,65,21,44,366,27,339,15.081206496519723,4.872389791183294,10.208816705336426,84.91879350348029,6.2645011600928076,78.65429234338747
E00147085,280,67,28,39,213,19,194,23.92857142857143,10,13.928571428571429,76.07142857142857,6.785714285714286,69.28571428571428
E00147086,397,74,47,27,323,26,297,18.639798488664987,11.838790931989925,6.801007556675064,81.36020151133502,6.54911838790932,74.81108312342569
E00147087,315,58,24,34,257,29,228,18.412698412698415,7.6190476190476195,10.793650793650794,81.58730158730158,9.206349206349207,72.38095238095238
E00147088,290,85,36,49,205,19,186,29.310344827586203,12.413793103448276,16.896551724137932,70.6896551724138,6.551724137931035,64.13793103448275
E00147089,451,77,31,46,374,25,349,17.073170731707318,6.873614190687362,10.199556541019955,82.92682926829268,5.543237250554324,77.38359201773835
E00147090,486,91,39,52,395,52,343,18.72427983539095,8.024691358024691,10.699588477366255,81.27572016460906,10.699588477366255,70.57613168724279
E00147091,520,91,45,46,429,36,393,17.5,8.653846153846153,8.846153846153847,82.5,6.923076923076923,75.57692307692308
E00147092,171,27,13,14,144,6,138,15.789473684210526,7.602339181286549,8.187134502923977,84.21052631578947,3.508771929824561,80.7017543859649
E00147093,318,58,20,38,260,28,232,18.238993710691823,6.289308176100629,11.949685534591195,81.76100628930818,8.80503144654088,72.95597484276729
E00147094,226,54,27,27,172,20,152,23.893805309734514,11.946902654867257,11.946902654867257,76.10619469026548,8.849557522123893,67.2566371681416
E00147095,229,43,13,30,186,14,172,18.777292576419214,5.676855895196507,13.100436681222707,81.22270742358079,6.11353711790393,75.10917030567686
E00147096,285,57,22,35,228,16,212,20,7.719298245614035,12.280701754385964,80,5.614035087719298,74.3859649122807
E00147097,346,66,29,37,280,26,254,19.07514450867052,8.38150289017341,10.69364161849711,80.92485549132948,7.514450867052023,73.41040462427746
E00147098,590,119,65,54,471,39,432,20.16949152542373,11.016949152542372,9.152542372881356,79.83050847457626,6.610169491525424,73.22033898305085
E00147100,359,48,16,32,311,26,285,13.370473537604457,4.456824512534819,8.913649025069638,86.62952646239555,7.242339832869081,79.38718662952647
E00147101,286,44,14,30,242,23,219,15.384615384615385,4.895104895104895,10.48951048951049,84.61538461538461,8.041958041958042,76.57342657342657
E00147104,350,19,13,6,331,13,318,5.428571428571429,3.7142857142857144,1.7142857142857144,94.57142857142857,3.7142857142857144,90.85714285714286
E00147105,459,68,22,46,391,32,359,14.814814814814813,4.793028322440087,10.021786492374728,85.18518518518519,6.971677559912854,78.21350762527233
E00147106,351,50,17,33,301,22,279,14.245014245014245,4.843304843304843,9.401709401709402,85.75498575498575,6.267806267806268,79.48717948717949
E00147107,293,69,26,43,224,25,199,23.549488054607508,8.873720136518772,14.675767918088736,76.45051194539249,8.532423208191126,67.91808873720136
E00147109,263,87,38,49,176,12,164,33.07984790874524,14.44866920152091,18.631178707224336,66.92015209125475,4.562737642585551,62.3574144486692
E00147110,296,83,45,38,213,23,190,28.040540540540544,15.202702702702704,12.837837837837837,71.95945945945947,7.77027027027027,64.1891891891892
E00147111,278,59,29,30,219,17,202,21.223021582733814,10.431654676258994,10.79136690647482,78.77697841726618,6.115107913669065,72.66187050359713
E00147112,477,77,27,50,400,41,359,16.142557651991616,5.660377358490567,10.482180293501047,83.85744234800838,8.59538784067086,75.26205450733752
E00147113,377,89,43,46,288,20,268,23.607427055702917,11.405835543766578,12.20159151193634,76.39257294429707,5.305039787798409,71.08753315649867
E00147114,240,69,32,37,171,15,156,28.749999999999996,13.333333333333334,15.416666666666668,71.25,6.25,65
E00147115,303,71,31,40,232,22,210,23.432343234323433,10.231023102310232,13.2013201320132,76.56765676567657,7.2607260726072615,69.3069306930693
E00147116,368,49,19,30,319,37,282,13.31521739130435,5.163043478260869,8.152173913043478,86.68478260869566,10.054347826086957,76.63043478260869
E00147117,323,53,20,33,270,23,247,16.408668730650156,6.191950464396285,10.21671826625387,83.59133126934985,7.120743034055728,76.47058823529412
E00147118,371,52,20,32,319,33,286,14.016172506738545,5.3908355795148255,8.62533692722372,85.98382749326146,8.89487870619946,77.088948787062
E00147119,359,49,18,31,310,22,288,13.649025069637883,5.013927576601671,8.635097493036211,86.35097493036211,6.128133704735376,80.22284122562674
E00147120,321,55,20,35,266,29,237,17.133956386292834,6.230529595015576,10.903426791277258,82.86604361370716,9.034267912772584,73.83177570093457
E00147121,295,54,16,38,241,18,223,18.305084745762713,5.423728813559322,12.88135593220339,81.69491525423729,6.101694915254238,75.59322033898304
E00147122,236,46,14,32,190,24,166,19.491525423728813,5.932203389830509,13.559322033898304,80.50847457627118,10.16949152542373,70.33898305084746
E00147123,571,107,46,61,464,23,441,18.739054290718038,8.056042031523642,10.683012259194395,81.26094570928196,4.028021015761821,77.23292469352015
E00147124,188,54,18,36,134,6,128,28.723404255319153,9.574468085106384,19.148936170212767,71.27659574468085,3.1914893617021276,68.08510638297872
E00147125,236,48,14,34,188,19,169,20.33898305084746,5.932203389830509,14.40677966101695,79.66101694915254,8.050847457627118,71.61016949152543
E00147126,295,64,26,38,231,24,207,21.694915254237287,8.813559322033898,12.88135593220339,78.30508474576271,8.135593220338983,70.16949152542374
E00147127,282,71,21,50,211,18,193,25.177304964539005,7.446808510638298,17.73049645390071,74.822695035461,6.382978723404255,68.43971631205675
E00147128,251,52,22,30,199,16,183,20.717131474103585,8.764940239043826,11.952191235059761,79.2828685258964,6.374501992031872,72.90836653386454
E00147129,389,77,28,49,312,39,273,19.794344473007712,7.197943444730077,12.596401028277635,80.20565552699229,10.025706940874036,70.17994858611826
E00147130,215,69,31,38,146,13,133,32.093023255813954,14.418604651162791,17.674418604651162,67.90697674418604,6.046511627906977,61.86046511627907
E00147131,230,66,27,39,164,13,151,28.695652173913043,11.73913043478261,16.956521739130434,71.30434782608695,5.6521739130434785,65.65217391304347
E00147132,311,55,19,36,256,19,237,17.684887459807076,6.109324758842444,11.57556270096463,82.31511254019293,6.109324758842444,76.20578778135048
E00147133,466,66,27,39,400,39,361,14.163090128755366,5.793991416309012,8.369098712446352,85.83690987124464,8.369098712446352,77.46781115879828
E00147134,287,53,15,38,234,22,212,18.466898954703833,5.2264808362369335,13.240418118466899,81.53310104529616,7.665505226480835,73.86759581881533
E00147135,537,63,19,44,474,52,422,11.731843575418994,3.5381750465549344,8.193668528864059,88.26815642458101,9.683426443202979,78.58472998137802
E00147136,249,55,21,34,194,13,181,22.08835341365462,8.433734939759036,13.654618473895583,77.91164658634538,5.220883534136546,72.69076305220884
E00147137,347,75,19,56,272,28,244,21.613832853025936,5.475504322766571,16.138328530259365,78.38616714697406,8.069164265129682,70.31700288184439
E00147138,342,62,30,32,280,20,260,18.128654970760234,8.771929824561402,9.35672514619883,81.87134502923976,5.847953216374268,76.0233918128655
E00147139,211,42,17,25,169,20,149,19.90521327014218,8.056872037914692,11.848341232227488,80.09478672985783,9.47867298578199,70.61611374407583
E00147140,258,61,28,33,197,22,175,23.643410852713178,10.852713178294573,12.790697674418606,76.35658914728683,8.527131782945736,67.82945736434108
E00147141,228,40,21,19,188,19,169,17.543859649122805,9.210526315789473,8.333333333333332,82.45614035087719,8.333333333333332,74.12280701754386
E00147142,347,56,27,29,291,21,270,16.138328530259365,7.780979827089338,8.357348703170029,83.86167146974063,6.051873198847262,77.80979827089337
E00147143,433,71,26,45,362,26,336,16.397228637413395,6.0046189376443415,10.392609699769054,83.60277136258661,6.0046189376443415,77.59815242494227
E00147144,469,67,23,44,402,37,365,14.285714285714285,4.904051172707889,9.381663113006397,85.71428571428571,7.889125799573561,77.82515991471215
E00147145,362,71,37,34,291,30,261,19.613259668508288,10.220994475138122,9.392265193370166,80.38674033149171,8.287292817679557,72.09944751381215
E00147146,297,52,19,33,245,20,225,17.50841750841751,6.397306397306397,11.11111111111111,82.49158249158249,6.7340067340067336,75.75757575757575
E00147147,341,69,23,46,272,20,252,20.234604105571847,6.744868035190615,13.48973607038123,79.76539589442815,5.865102639296188,73.90029325513197
E00147148,264,51,23,28,213,12,201,19.318181818181817,8.712121212121213,10.606060606060606,80.68181818181817,4.545454545454546,76.13636363636364
E00147149,313,56,20,36,257,15,242,17.89137380191693,6.3897763578274756,11.501597444089457,82.10862619808307,4.792332268370607,77.31629392971246
E00147150,283,56,35,21,227,16,211,19.78798586572438,12.36749116607774,7.420494699646643,80.21201413427562,5.6537102473498235,74.55830388692578
E00147151,288,66,32,34,222,14,208,22.916666666666664,11.11111111111111,11.805555555555555,77.08333333333334,4.861111111111112,72.22222222222221
E00147152,127,37,10,27,90,8,82,29.133858267716533,7.874015748031496,21.25984251968504,70.86614173228347,6.299212598425196,64.56692913385827
E00147153,353,64,36,28,289,31,258,18.13031161473088,10.198300283286118,7.932011331444759,81.86968838526913,8.78186968838527,73.08781869688386
E00147154,518,118,53,65,400,29,371,22.779922779922778,10.231660231660232,12.548262548262548,77.22007722007721,5.598455598455598,71.62162162162163
E00147155,270,64,25,39,206,22,184,23.703703703703706,9.25925925925926,14.444444444444443,76.29629629629629,8.148148148148149,68.14814814814815
E00147156,297,50,13,37,247,19,228,16.835016835016837,4.377104377104377,12.457912457912458,83.16498316498317,6.397306397306397,76.76767676767676
E00147157,257,39,16,23,218,19,199,15.17509727626459,6.22568093385214,8.949416342412452,84.8249027237354,7.392996108949417,77.431906614786
E00147158,378,76,29,47,302,28,274,20.105820105820104,7.671957671957672,12.433862433862434,79.8941798941799,7.4074074074074066,72.4867724867725
E00147159,261,61,29,32,200,9,191,23.371647509578544,11.11111111111111,12.260536398467432,76.62835249042146,3.4482758620689653,73.18007662835248
E00147160,259,39,11,28,220,16,204,15.057915057915059,4.247104247104247,10.81081081081081,84.94208494208493,6.177606177606178,78.76447876447877
E00147161,415,57,24,33,358,35,323,13.734939759036143,5.783132530120482,7.951807228915662,86.26506024096385,8.433734939759036,77.83132530120483
E00147162,465,121,72,49,344,19,325,26.021505376344084,15.483870967741936,10.53763440860215,73.9784946236559,4.086021505376344,69.89247311827957
E00147163,311,73,25,48,238,15,223,23.47266881028939,8.038585209003216,15.434083601286176,76.52733118971061,4.823151125401929,71.70418006430869
E00147164,331,55,18,37,276,25,251,16.61631419939577,5.438066465256798,11.178247734138973,83.38368580060424,7.552870090634441,75.83081570996978
E00147165,411,67,26,41,344,35,309,16.30170316301703,6.326034063260341,9.975669099756692,83.69829683698296,8.51581508515815,75.18248175182481
E00147166,238,43,12,31,195,14,181,18.067226890756302,5.042016806722689,13.025210084033615,81.9327731092437,5.88235294117647,76.05042016806722
E00147167,380,39,15,24,341,30,311,10.263157894736842,3.9473684210526314,6.315789473684211,89.73684210526316,7.894736842105263,81.84210526315789
E00147168,314,55,20,35,259,28,231,17.51592356687898,6.369426751592357,11.146496815286625,82.48407643312102,8.9171974522293,73.56687898089172
E00147169,296,49,15,34,247,23,224,16.554054054054053,5.0675675675675675,11.486486486486488,83.44594594594594,7.77027027027027,75.67567567567568
E00147170,307,61,19,42,246,19,227,19.86970684039088,6.188925081433225,13.680781758957655,80.13029315960912,6.188925081433225,73.9413680781759
E00147171,261,51,17,34,210,17,193,19.54022988505747,6.513409961685824,13.026819923371647,80.45977011494253,6.513409961685824,73.9463601532567
E00147172,505,74,36,38,431,40,391,14.653465346534652,7.128712871287128,7.524752475247524,85.34653465346534,7.920792079207921,77.42574257425743
E00147173,374,89,44,45,285,27,258,23.796791443850267,11.76470588235294,12.032085561497325,76.20320855614973,7.219251336898395,68.98395721925134
E00147174,451,59,16,43,392,53,339,13.082039911308204,3.5476718403547673,9.534368070953436,86.91796008869179,11.751662971175167,75.16629711751663
E00147175,523,70,33,37,453,35,418,13.38432122370937,6.309751434034416,7.0745697896749515,86.61567877629062,6.692160611854685,79.92351816443595
E00147176,354,91,50,41,263,20,243,25.70621468926554,14.124293785310735,11.581920903954803,74.29378531073446,5.649717514124294,68.64406779661016
E00147177,282,44,14,30,238,26,212,15.602836879432624,4.964539007092199,10.638297872340425,84.39716312056737,9.219858156028367,75.177304964539
E00147178,285,49,16,33,236,15,221,17.192982456140353,5.614035087719298,11.578947368421053,82.80701754385966,5.263157894736842,77.54385964912281
E00147179,263,36,17,19,227,24,203,13.688212927756654,6.4638783269961975,7.224334600760455,86.31178707224335,9.125475285171103,77.18631178707224
E00147180,219,32,13,19,187,15,172,14.61187214611872,5.93607305936073,8.67579908675799,85.38812785388129,6.8493150684931505,78.53881278538812
E00147181,213,60,34,26,153,15,138,28.169014084507044,15.96244131455399,12.206572769953052,71.83098591549296,7.042253521126761,64.7887323943662
E00147182,523,62,23,39,461,34,427,11.854684512428298,4.397705544933078,7.45697896749522,88.14531548757171,6.5009560229445515,81.64435946462714
E00147183,217,37,16,21,180,14,166,17.050691244239633,7.373271889400922,9.67741935483871,82.94930875576037,6.451612903225806,76.49769585253456
E00147184,257,47,22,25,210,15,195,18.28793774319066,8.560311284046692,9.72762645914397,81.71206225680933,5.836575875486381,75.87548638132296
E00147185,419,92,41,51,327,33,294,21.957040572792362,9.785202863961814,12.17183770883055,78.04295942720763,7.875894988066825,70.16706443914082
E00147186,189,71,32,39,118,9,109,37.56613756613756,16.93121693121693,20.634920634920633,62.43386243386243,4.761904761904762,57.67195767195767
E00147187,246,53,22,31,193,13,180,21.544715447154474,8.94308943089431,12.601626016260163,78.45528455284553,5.284552845528456,73.17073170731707
E00147188,267,60,22,38,207,18,189,22.47191011235955,8.239700374531834,14.232209737827715,77.52808988764045,6.741573033707865,70.78651685393258
E00147189,243,57,30,27,186,17,169,23.456790123456788,12.345679012345679,11.11111111111111,76.5432098765432,6.995884773662551,69.54732510288066
E00147190,300,65,29,36,235,16,219,21.666666666666668,9.666666666666666,12,78.33333333333333,5.333333333333334,73
E00147191,250,61,31,30,189,9,180,24.4,12.4,12,75.6,3.5999999999999996,72
E00147192,280,78,35,43,202,25,177,27.857142857142858,12.5,15.357142857142858,72.14285714285714,8.928571428571429,63.21428571428571
E00147193,399,84,41,43,315,16,299,21.052631578947366,10.275689223057643,10.776942355889723,78.94736842105263,4.010025062656641,74.93734335839599
E00147194,250,51,17,34,199,15,184,20.4,6.800000000000001,13.600000000000001,79.60000000000001,6,73.6
E00147195,303,50,16,34,253,12,241,16.5016501650165,5.2805280528052805,11.221122112211221,83.4983498349835,3.9603960396039604,79.53795379537954
E00147196,375,65,24,41,310,27,283,17.333333333333336,6.4,10.933333333333334,82.66666666666667,7.199999999999999,75.46666666666667
E00147197,593,84,26,58,509,17,492,14.165261382799327,4.3844856661045535,9.780775716694773,85.83473861720068,2.866779089376054,82.96795952782462
E00147198,402,138,95,43,264,25,239,34.32835820895522,23.6318407960199,10.696517412935323,65.67164179104478,6.218905472636816,59.452736318407965
E00147199,431,76,26,50,355,25,330,17.633410672853827,6.0324825986078885,11.600928074245939,82.36658932714617,5.800464037122969,76.5661252900232
E00147200,384,60,26,34,324,30,294,15.625,6.770833333333333,8.854166666666668,84.375,7.8125,76.5625
E00147201,548,120,55,65,428,35,393,21.897810218978105,10.036496350364963,11.861313868613138,78.1021897810219,6.3868613138686134,71.71532846715328
E00147202,347,53,17,36,294,22,272,15.273775216138327,4.899135446685879,10.37463976945245,84.72622478386167,6.340057636887608,78.38616714697406
E00147203,337,49,24,25,288,17,271,14.540059347181009,7.121661721068249,7.418397626112759,85.45994065281899,5.044510385756676,80.41543026706232
E00147204,251,46,18,28,205,13,192,18.326693227091635,7.171314741035857,11.155378486055776,81.67330677290838,5.179282868525896,76.49402390438247
E00147205,194,69,31,38,125,20,105,35.56701030927835,15.979381443298967,19.587628865979383,64.43298969072166,10.309278350515463,54.123711340206185
E00147206,207,72,45,27,135,9,126,34.78260869565217,21.73913043478261,13.043478260869565,65.21739130434783,4.3478260869565215,60.86956521739131
E00147207,336,54,17,37,282,24,258,16.071428571428573,5.059523809523809,11.011904761904761,83.92857142857143,7.142857142857142,76.78571428571429
E00147208,277,43,22,21,234,17,217,15.523465703971121,7.9422382671480145,7.581227436823104,84.47653429602889,6.137184115523466,78.33935018050542
E00147209,312,47,15,32,265,28,237,15.064102564102564,4.807692307692308,10.256410256410255,84.93589743589743,8.974358974358974,75.96153846153845
E00147211,468,68,19,49,400,26,374,14.529914529914532,4.05982905982906,10.47008547008547,85.47008547008546,5.555555555555555,79.91452991452992
E00147212,292,54,29,25,238,13,225,18.493150684931507,9.931506849315069,8.561643835616438,81.5068493150685,4.4520547945205475,77.05479452054794
E00147213,301,64,22,42,237,25,212,21.262458471760798,7.308970099667775,13.953488372093023,78.7375415282392,8.305647840531561,70.43189368770764
E00147214,277,42,20,22,235,15,220,15.162454873646208,7.2202166064981945,7.9422382671480145,84.83754512635379,5.415162454873646,79.42238267148014
E00147215,209,64,38,26,145,13,132,30.62200956937799,18.181818181818183,12.440191387559809,69.377990430622,6.220095693779904,63.1578947368421
E00147216,203,30,12,18,173,5,168,14.77832512315271,5.911330049261084,8.866995073891626,85.22167487684729,2.4630541871921183,82.75862068965517
E00147217,225,56,23,33,169,15,154,24.88888888888889,10.222222222222223,14.666666666666666,75.1111111111111,6.666666666666667,68.44444444444444
E00147218,292,81,33,48,211,13,198,27.73972602739726,11.301369863013697,16.43835616438356,72.26027397260275,4.4520547945205475,67.8082191780822
E00147219,283,47,19,28,236,24,212,16.607773851590103,6.713780918727916,9.89399293286219,83.3922261484099,8.480565371024735,74.91166077738515
E00147220,214,37,18,19,177,13,164,17.289719626168225,8.411214953271028,8.878504672897195,82.71028037383178,6.074766355140187,76.63551401869158
E00147221,351,54,12,42,297,19,278,15.384615384615385,3.418803418803419,11.965811965811966,84.61538461538461,5.413105413105413,79.2022792022792
E00147222,288,63,34,29,225,10,215,21.875,11.805555555555555,10.069444444444445,78.125,3.4722222222222223,74.65277777777779
E00147223,369,184,99,85,185,14,171,49.86449864498645,26.82926829268293,23.035230352303522,50.135501355013545,3.7940379403794036,46.34146341463415
E00147224,306,72,31,41,234,21,213,23.52941176470588,10.130718954248366,13.398692810457517,76.47058823529412,6.862745098039216,69.6078431372549
E00147225,286,56,27,29,230,31,199,19.58041958041958,9.44055944055944,10.13986013986014,80.41958041958041,10.839160839160838,69.58041958041959
E00147226,311,53,15,38,258,22,236,17.041800643086816,4.823151125401929,12.218649517684888,82.95819935691318,7.07395498392283,75.88424437299035
E00147227,289,62,31,31,227,24,203,21.453287197231834,10.726643598615917,10.726643598615917,78.54671280276817,8.304498269896193,70.24221453287197
E00147228,380,60,14,46,320,31,289,15.789473684210526,3.684210526315789,12.105263157894736,84.21052631578947,8.157894736842106,76.05263157894737
E00147229,350,99,53,46,251,22,229,28.285714285714285,15.142857142857144,13.142857142857142,71.71428571428572,6.2857142857142865,65.42857142857143
E00147230,332,48,16,32,284,30,254,14.457831325301203,4.819277108433735,9.63855421686747,85.54216867469879,9.036144578313253,76.50602409638554
E00147231,509,101,38,63,408,36,372,19.842829076620824,7.465618860510806,12.37721021611002,80.15717092337917,7.072691552062868,73.0844793713163
E00147232,323,52,17,35,271,25,246,16.09907120743034,5.263157894736842,10.8359133126935,83.90092879256966,7.739938080495357,76.16099071207431
E00147233,356,63,25,38,293,33,260,17.696629213483146,7.02247191011236,10.674157303370785,82.30337078651685,9.269662921348315,73.03370786516854
E00147234,305,69,31,38,236,14,222,22.62295081967213,10.163934426229508,12.459016393442624,77.37704918032787,4.590163934426229,72.78688524590164
E00147235,320,57,22,35,263,25,238,17.8125,6.875000000000001,10.9375,82.1875,7.8125,74.375
E00147236,430,90,35,55,340,27,313,20.930232558139537,8.13953488372093,12.790697674418606,79.06976744186046,6.279069767441861,72.79069767441861
E00147237,467,66,25,41,401,25,376,14.132762312633835,5.353319057815846,8.779443254817988,85.86723768736617,5.353319057815846,80.51391862955032
E00147238,304,43,17,26,261,18,243,14.144736842105262,5.592105263157895,8.552631578947368,85.85526315789474,5.921052631578947,79.93421052631578
E00147239,149,24,6,18,125,10,115,16.10738255033557,4.026845637583892,12.080536912751679,83.89261744966443,6.7114093959731544,77.18120805369128
E00147240,241,52,23,29,189,20,169,21.57676348547718,9.54356846473029,12.033195020746888,78.42323651452283,8.29875518672199,70.12448132780082
E00147241,247,38,13,25,209,16,193,15.384615384615385,5.263157894736842,10.121457489878543,84.61538461538461,6.477732793522267,78.13765182186235
E00147242,266,63,31,32,203,23,180,23.684210526315788,11.654135338345863,12.030075187969924,76.31578947368422,8.646616541353383,67.66917293233082
E00147243,284,61,25,36,223,19,204,21.47887323943662,8.80281690140845,12.676056338028168,78.52112676056338,6.690140845070422,71.83098591549296
E00147244,293,59,22,37,234,22,212,20.13651877133106,7.508532423208192,12.627986348122866,79.86348122866895,7.508532423208192,72.35494880546075
E00147245,304,53,20,33,251,23,228,17.434210526315788,6.578947368421052,10.855263157894738,82.56578947368422,7.565789473684211,75
E00147246,292,58,18,40,234,14,220,19.863013698630137,6.164383561643835,13.698630136986301,80.13698630136986,4.794520547945205,75.34246575342466
E00147248,270,56,24,32,214,16,198,20.74074074074074,8.88888888888889,11.851851851851853,79.25925925925927,5.9259259259259265,73.33333333333333
E00147249,278,62,24,38,216,21,195,22.302158273381295,8.633093525179856,13.66906474820144,77.6978417266187,7.553956834532374,70.14388489208633
E00147250,254,59,19,40,195,14,181,23.228346456692915,7.480314960629922,15.748031496062993,76.77165354330708,5.511811023622047,71.25984251968504
E00147251,287,84,33,51,203,20,183,29.268292682926827,11.498257839721255,17.770034843205575,70.73170731707317,6.968641114982578,63.76306620209059
E00147252,382,76,32,44,306,33,273,19.895287958115183,8.37696335078534,11.518324607329843,80.10471204188482,8.638743455497382,71.46596858638743
E00147253,292,61,23,38,231,15,216,20.89041095890411,7.876712328767123,13.013698630136986,79.1095890410959,5.136986301369863,73.97260273972603
E00147254,289,48,11,37,241,19,222,16.608996539792386,3.8062283737024223,12.802768166089965,83.39100346020761,6.5743944636678195,76.8166089965398
E00147255,394,73,22,51,321,29,292,18.527918781725887,5.583756345177665,12.944162436548224,81.47208121827411,7.3604060913705585,74.11167512690355
E00147256,449,80,21,59,369,37,332,17.817371937639198,4.67706013363029,13.140311804008908,82.18262806236079,8.240534521158128,73.94209354120267
E00147257,453,84,41,43,369,35,334,18.543046357615893,9.050772626931568,9.492273730684326,81.45695364238411,7.72626931567329,73.73068432671081
E00147258,499,69,21,48,430,53,377,13.827655310621243,4.208416833667335,9.619238476953909,86.17234468937876,10.62124248496994,75.55110220440882
E00147259,312,34,17,17,278,31,247,10.897435897435898,5.448717948717949,5.448717948717949,89.1025641025641,9.935897435897436,79.16666666666666
E00147260,317,63,22,41,254,21,233,19.873817034700316,6.940063091482649,12.933753943217665,80.12618296529969,6.624605678233439,73.50157728706624
E00147261,328,62,27,35,266,23,243,18.902439024390244,8.231707317073171,10.670731707317072,81.09756097560977,7.01219512195122,74.08536585365853
E00147262,489,93,33,60,396,26,370,19.018404907975462,6.748466257668712,12.269938650306749,80.98159509202453,5.316973415132924,75.66462167689161
E00147263,463,65,14,51,398,31,367,14.038876889848812,3.023758099352052,11.01511879049676,85.96112311015118,6.695464362850973,79.26565874730022
E00147264,310,71,34,37,239,32,207,22.903225806451612,10.967741935483872,11.935483870967742,77.09677419354838,10.32258064516129,66.77419354838709
E00147266,274,30,11,19,244,15,229,10.948905109489052,4.014598540145985,6.934306569343065,89.05109489051095,5.474452554744526,83.57664233576642
E00147267,268,48,16,32,220,21,199,17.91044776119403,5.970149253731343,11.940298507462686,82.08955223880598,7.835820895522389,74.25373134328358
E00147268,264,62,30,32,202,19,183,23.484848484848484,11.363636363636363,12.121212121212121,76.51515151515152,7.196969696969697,69.31818181818183
E00147269,281,66,27,39,215,11,204,23.487544483985765,9.608540925266903,13.87900355871886,76.51245551601423,3.9145907473309607,72.59786476868328
E00147270,313,50,29,21,263,27,236,15.974440894568689,9.26517571884984,6.7092651757188495,84.02555910543131,8.626198083067091,75.39936102236422
E00147271,404,49,13,36,355,34,321,12.128712871287128,3.217821782178218,8.91089108910891,87.87128712871286,8.415841584158416,79.45544554455446
E00147272,298,53,27,26,245,21,224,17.78523489932886,9.060402684563758,8.724832214765101,82.21476510067114,7.046979865771812,75.16778523489933
E00147273,275,42,22,20,233,21,212,15.272727272727273,8,7.2727272727272725,84.72727272727273,7.636363636363637,77.0909090909091
E00147274,581,89,26,63,492,41,451,15.3184165232358,4.475043029259897,10.843373493975903,84.6815834767642,7.056798623063683,77.62478485370052
E00147275,301,60,21,39,241,21,220,19.93355481727575,6.976744186046512,12.956810631229235,80.06644518272425,6.976744186046512,73.08970099667775
E00147276,265,56,19,37,209,20,189,21.132075471698116,7.169811320754717,13.962264150943396,78.8679245283019,7.547169811320755,71.32075471698113
E00147277,441,60,18,42,381,34,347,13.60544217687075,4.081632653061225,9.523809523809524,86.39455782312925,7.709750566893423,78.68480725623583
E00147278,331,55,22,33,276,29,247,16.61631419939577,6.646525679758309,9.969788519637463,83.38368580060424,8.761329305135952,74.62235649546828
E00147279,369,59,26,33,310,32,278,15.989159891598916,7.046070460704606,8.94308943089431,84.01084010840108,8.672086720867208,75.33875338753387
E00147280,283,51,28,23,232,20,212,18.021201413427562,9.89399293286219,8.12720848056537,81.97879858657244,7.06713780918728,74.91166077738515
E00147281,296,52,9,43,244,27,217,17.56756756756757,3.040540540540541,14.527027027027026,82.43243243243244,9.121621621621621,73.3108108108108
E00147282,288,57,32,25,231,24,207,19.791666666666664,11.11111111111111,8.680555555555555,80.20833333333334,8.333333333333332,71.875
E00147284,483,100,49,51,383,31,352,20.70393374741201,10.144927536231885,10.559006211180124,79.29606625258799,6.418219461697723,72.87784679089026
E00147285,517,78,25,53,439,40,399,15.087040618955513,4.835589941972921,10.251450676982591,84.91295938104449,7.7369439071566735,77.17601547388782
E00147286,292,86,33,53,206,11,195,29.45205479452055,11.301369863013697,18.15068493150685,70.54794520547945,3.767123287671233,66.78082191780823
E00147287,368,71,26,45,297,22,275,19.293478260869566,7.065217391304348,12.228260869565217,80.70652173913044,5.978260869565218,74.72826086956522
E00147288,198,39,15,24,159,14,145,19.696969696969695,7.575757575757576,12.121212121212121,80.3030303030303,7.07070707070707,73.23232323232324
E00147289,502,82,26,56,420,42,378,16.334661354581673,5.179282868525896,11.155378486055776,83.66533864541833,8.366533864541832,75.2988047808765
E00147290,372,65,21,44,307,20,287,17.473118279569892,5.64516129032258,11.827956989247312,82.52688172043011,5.376344086021505,77.15053763440861
E00147291,261,55,17,38,206,16,190,21.0727969348659,6.513409961685824,14.559386973180077,78.9272030651341,6.130268199233716,72.79693486590038
E00147292,316,64,24,40,252,20,232,20.253164556962027,7.59493670886076,12.658227848101266,79.74683544303798,6.329113924050633,73.41772151898735
E00147293,280,57,20,37,223,13,210,20.357142857142858,7.142857142857142,13.214285714285715,79.64285714285714,4.642857142857143,75
E00147295,361,89,40,49,272,9,263,24.653739612188367,11.080332409972298,13.573407202216067,75.34626038781164,2.4930747922437675,72.85318559556787
E00147296,269,41,15,26,228,25,203,15.241635687732341,5.5762081784386615,9.66542750929368,84.75836431226766,9.293680297397769,75.46468401486989
E00147298,294,57,23,34,237,15,222,19.387755102040817,7.8231292517006805,11.564625850340136,80.61224489795919,5.1020408163265305,75.51020408163265
E00147299,433,80,34,46,353,30,323,18.475750577367204,7.852193995381063,10.623556581986143,81.5242494226328,6.928406466512701,74.5958429561201
E00147300,395,57,23,34,338,33,305,14.430379746835442,5.822784810126582,8.60759493670886,85.56962025316456,8.354430379746836,77.21518987341773
E00147301,299,53,22,31,246,19,227,17.725752508361204,7.357859531772576,10.367892976588628,82.2742474916388,6.354515050167224,75.91973244147158
E00147302,250,32,10,22,218,17,201,12.8,4,8.799999999999999,87.2,6.800000000000001,80.4
E00147303,245,46,18,28,199,13,186,18.775510204081634,7.346938775510205,11.428571428571429,81.22448979591836,5.3061224489795915,75.91836734693878
E00147304,320,46,18,28,274,17,257,14.374999999999998,5.625,8.75,85.625,5.3125,80.3125
E00147305,477,89,42,47,388,19,369,18.658280922431867,8.80503144654088,9.853249475890985,81.34171907756813,3.9832285115303985,77.35849056603774
E00147306,334,80,49,31,254,35,219,23.952095808383234,14.67065868263473,9.281437125748502,76.04790419161677,10.479041916167663,65.5688622754491
E00147307,239,30,9,21,209,24,185,12.552301255230125,3.765690376569038,8.786610878661087,87.44769874476988,10.0418410041841,77.40585774058577
E00147308,258,45,18,27,213,13,200,17.441860465116278,6.976744186046512,10.465116279069768,82.55813953488372,5.038759689922481,77.51937984496125
E00147309,516,63,19,44,453,45,408,12.209302325581394,3.6821705426356592,8.527131782945736,87.79069767441861,8.720930232558139,79.06976744186046
E00147310,290,27,11,16,263,27,236,9.310344827586208,3.793103448275862,5.517241379310345,90.6896551724138,9.310344827586208,81.37931034482759
E00147312,248,45,19,26,203,23,180,18.14516129032258,7.661290322580645,10.483870967741936,81.85483870967742,9.274193548387096,72.58064516129032
E00147313,338,60,36,24,278,21,257,17.75147928994083,10.650887573964498,7.100591715976331,82.24852071005917,6.21301775147929,76.03550295857988
E00147314,239,58,35,23,181,12,169,24.267782426778243,14.644351464435147,9.623430962343097,75.73221757322176,5.02092050209205,70.7112970711297
E00147316,285,28,19,9,257,29,228,9.824561403508772,6.666666666666667,3.1578947368421053,90.17543859649123,10.175438596491228,80
E00147317,375,75,21,54,300,35,265,20,5.6000000000000005,14.399999999999999,80,9.333333333333334,70.66666666666667
E00147318,278,48,15,33,230,17,213,17.26618705035971,5.39568345323741,11.870503597122301,82.73381294964028,6.115107913669065,76.61870503597122
E00147319,349,62,29,33,287,23,264,17.765042979942695,8.30945558739255,9.455587392550143,82.23495702005731,6.59025787965616,75.64469914040114
E00147320,278,53,19,34,225,10,215,19.06474820143885,6.83453237410072,12.23021582733813,80.93525179856115,3.5971223021582732,77.33812949640287
E00147321,301,51,21,30,250,13,237,16.943521594684384,6.976744186046512,9.966777408637874,83.05647840531562,4.318936877076411,78.7375415282392
E00147322,310,57,32,25,253,11,242,18.387096774193548,10.32258064516129,8.064516129032258,81.61290322580645,3.5483870967741935,78.06451612903226
E00147323,385,74,26,48,311,15,296,19.22077922077922,6.753246753246753,12.467532467532468,80.77922077922078,3.896103896103896,76.88311688311688
E00147324,333,55,23,32,278,28,250,16.516516516516518,6.906906906906906,9.60960960960961,83.48348348348348,8.408408408408409,75.07507507507508
E00147327,402,60,26,34,342,30,312,14.925373134328357,6.467661691542288,8.45771144278607,85.07462686567165,7.462686567164178,77.61194029850746
E00147328,328,64,23,41,264,23,241,19.51219512195122,7.01219512195122,12.5,80.48780487804879,7.01219512195122,73.47560975609755
E00147329,326,50,12,38,276,26,250,15.337423312883436,3.6809815950920246,11.65644171779141,84.66257668711657,7.975460122699387,76.68711656441718
E00147330,258,39,12,27,219,19,200,15.11627906976744,4.651162790697675,10.465116279069768,84.88372093023256,7.3643410852713185,77.51937984496125
E00147331,297,49,20,29,248,15,233,16.4983164983165,6.7340067340067336,9.764309764309765,83.5016835016835,5.05050505050505,78.45117845117845
E00147332,303,46,12,34,257,31,226,15.181518151815181,3.9603960396039604,11.221122112211221,84.81848184818482,10.231023102310232,74.58745874587459
E00147333,343,45,16,29,298,30,268,13.119533527696792,4.664723032069971,8.454810495626822,86.88046647230321,8.746355685131196,78.134110787172
E00147334,271,47,14,33,224,20,204,17.343173431734318,5.166051660516605,12.177121771217712,82.65682656826569,7.380073800738007,75.27675276752768
E00147335,296,64,22,42,232,25,207,21.62162162162162,7.4324324324324325,14.18918918918919,78.37837837837837,8.445945945945946,69.93243243243244
E00147336,292,47,18,29,245,26,219,16.095890410958905,6.164383561643835,9.931506849315069,83.9041095890411,8.904109589041095,75
E00147337,285,63,14,49,222,31,191,22.105263157894736,4.912280701754386,17.192982456140353,77.89473684210526,10.87719298245614,67.01754385964912
E00147338,284,92,61,31,192,28,164,32.3943661971831,21.47887323943662,10.915492957746478,67.6056338028169,9.859154929577464,57.74647887323944
E00147339,317,54,23,31,263,25,238,17.034700315457414,7.255520504731862,9.779179810725552,82.96529968454259,7.886435331230284,75.0788643533123
E00147340,306,37,18,19,269,35,234,12.091503267973856,5.88235294117647,6.209150326797386,87.90849673202614,11.437908496732026,76.47058823529412
E00147341,252,43,9,34,209,24,185,17.063492063492063,3.571428571428571,13.492063492063492,82.93650793650794,9.523809523809524,73.4126984126984
E00147342,384,82,34,48,302,30,272,21.354166666666664,8.854166666666668,12.5,78.64583333333334,7.8125,70.83333333333334
E00147343,324,59,20,39,265,33,232,18.209876543209877,6.172839506172839,12.037037037037036,81.79012345679013,10.185185185185185,71.60493827160494
E00147344,291,55,23,32,236,11,225,18.900343642611684,7.903780068728522,10.996563573883162,81.09965635738831,3.7800687285223367,77.31958762886599
E00147345,288,47,16,31,241,29,212,16.319444444444446,5.555555555555555,10.76388888888889,83.68055555555556,10.069444444444445,73.61111111111111
E00147346,256,52,28,24,204,15,189,20.3125,10.9375,9.375,79.6875,5.859375,73.828125
E00147347,413,77,34,43,336,26,310,18.64406779661017,8.232445520581114,10.411622276029057,81.35593220338984,6.2953995157385,75.06053268765133
E00147348,319,54,19,35,265,30,235,16.927899686520377,5.956112852664576,10.9717868338558,83.07210031347962,9.404388714733543,73.66771159874608
E00147349,249,60,23,37,189,19,170,24.096385542168676,9.236947791164658,14.859437751004014,75.90361445783132,7.630522088353414,68.27309236947792
E00147350,190,57,30,27,133,16,117,30,15.789473684210526,14.210526315789473,70,8.421052631578947,61.578947368421055
E00147351,275,63,23,40,212,34,178,22.90909090909091,8.363636363636363,14.545454545454545,77.0909090909091,12.363636363636363,64.72727272727272
E00147352,261,44,19,25,217,15,202,16.85823754789272,7.2796934865900385,9.578544061302683,83.14176245210729,5.747126436781609,77.39463601532567
E00147353,344,49,9,40,295,37,258,14.244186046511627,2.616279069767442,11.627906976744185,85.75581395348837,10.755813953488373,75
E00147354,298,67,39,28,231,23,208,22.483221476510067,13.087248322147651,9.395973154362416,77.51677852348993,7.718120805369128,69.79865771812081
E00147355,255,53,19,34,202,16,186,20.784313725490197,7.450980392156863,13.333333333333334,79.2156862745098,6.2745098039215685,72.94117647058823
E00147356,264,30,8,22,234,23,211,11.363636363636363,3.0303030303030303,8.333333333333332,88.63636363636364,8.712121212121213,79.92424242424242
E00147357,316,63,20,43,253,28,225,19.936708860759495,6.329113924050633,13.60759493670886,80.0632911392405,8.860759493670885,71.20253164556962
E00147358,198,48,20,28,150,24,126,24.242424242424242,10.1010101010101,14.14141414141414,75.75757575757575,12.121212121212121,63.63636363636363
E00147359,283,47,24,23,236,23,213,16.607773851590103,8.480565371024735,8.12720848056537,83.3922261484099,8.12720848056537,75.26501766784452
E00147360,233,41,15,26,192,19,173,17.59656652360515,6.437768240343347,11.158798283261802,82.40343347639485,8.15450643776824,74.2489270386266
E00147361,343,41,12,29,302,21,281,11.9533527696793,3.498542274052478,8.454810495626822,88.0466472303207,6.122448979591836,81.92419825072886
E00147362,345,46,16,30,299,34,265,13.333333333333334,4.63768115942029,8.695652173913043,86.66666666666667,9.855072463768117,76.81159420289855
E00147363,327,76,27,49,251,19,232,23.24159021406728,8.256880733944955,14.984709480122325,76.75840978593273,5.81039755351682,70.9480122324159
E00147364,228,34,12,22,194,24,170,14.912280701754385,5.263157894736842,9.649122807017543,85.08771929824562,10.526315789473683,74.56140350877193
E00147365,245,48,12,36,197,22,175,19.591836734693878,4.8979591836734695,14.69387755102041,80.40816326530611,8.979591836734693,71.42857142857143
E00147366,569,86,35,51,483,42,441,15.114235500878733,6.151142355008787,8.963093145869948,84.88576449912127,7.381370826010544,77.50439367311071
E00147367,351,33,10,23,318,40,278,9.401709401709402,2.849002849002849,6.552706552706552,90.5982905982906,11.396011396011396,79.2022792022792
E00147368,246,37,13,24,209,20,189,15.040650406504067,5.284552845528456,9.75609756097561,84.95934959349594,8.130081300813007,76.82926829268293
E00147369,342,36,10,26,306,33,273,10.526315789473683,2.923976608187134,7.602339181286549,89.47368421052632,9.649122807017543,79.82456140350878
E00147370,377,34,10,24,343,34,309,9.018567639257293,2.6525198938992043,6.36604774535809,90.98143236074272,9.018567639257293,81.9628647214854
E00147371,282,54,26,28,228,30,198,19.148936170212767,9.219858156028367,9.929078014184398,80.85106382978722,10.638297872340425,70.2127659574468
E00147373,359,39,8,31,320,27,293,10.86350974930362,2.2284122562674096,8.635097493036211,89.13649025069638,7.520891364902507,81.61559888579387
E00147374,250,72,49,23,178,23,155,28.799999999999997,19.6,9.2,71.2,9.2,62
E00147375,301,58,18,40,243,16,227,19.269102990033225,5.980066445182724,13.2890365448505,80.73089700996677,5.3156146179401995,75.41528239202658
E00147376,243,54,18,36,189,26,163,22.22222222222222,7.4074074074074066,14.814814814814813,77.77777777777779,10.699588477366255,67.07818930041152
E00147377,333,51,21,30,282,31,251,15.315315315315313,6.306306306306306,9.00900900900901,84.68468468468468,9.30930930930931,75.37537537537537
E00147379,240,33,12,21,207,15,192,13.750000000000002,5,8.75,86.25,6.25,80
E00147380,256,41,10,31,215,25,190,16.015625,3.90625,12.109375,83.984375,9.765625,74.21875
E00147381,249,74,45,29,175,15,160,29.71887550200803,18.072289156626507,11.646586345381527,70.28112449799197,6.024096385542169,64.2570281124498
E00147383,485,53,20,33,432,39,393,10.927835051546392,4.123711340206185,6.804123711340206,89.07216494845362,8.041237113402062,81.03092783505154
E00147384,473,70,12,58,403,29,374,14.799154334038056,2.536997885835095,12.26215644820296,85.20084566596195,6.13107822410148,79.06976744186046
E00147385,183,47,13,34,136,14,122,25.683060109289617,7.103825136612022,18.579234972677597,74.31693989071039,7.650273224043716,66.66666666666666
E00147386,234,65,29,36,169,21,148,27.77777777777778,12.393162393162394,15.384615384615385,72.22222222222221,8.974358974358974,63.24786324786324
E00147387,250,56,25,31,194,16,178,22.400000000000002,10,12.4,77.60000000000001,6.4,71.2
E00147388,333,61,31,30,272,40,232,18.31831831831832,9.30930930930931,9.00900900900901,81.68168168168168,12.012012012012011,69.66966966966966
E00147389,225,53,17,36,172,16,156,23.555555555555554,7.555555555555555,16,76.44444444444444,7.111111111111111,69.33333333333334
E00147390,230,42,15,27,188,20,168,18.26086956521739,6.521739130434782,11.73913043478261,81.73913043478261,8.695652173913043,73.04347826086956
E00147391,217,49,26,23,168,13,155,22.58064516129032,11.981566820276496,10.599078341013826,77.41935483870968,5.990783410138248,71.42857142857143
E00147393,218,38,14,24,180,27,153,17.431192660550458,6.422018348623854,11.009174311926607,82.56880733944955,12.385321100917432,70.18348623853211
E00147394,268,37,9,28,231,23,208,13.805970149253731,3.3582089552238807,10.44776119402985,86.19402985074626,8.582089552238806,77.61194029850746
E00147395,304,43,9,34,261,20,241,14.144736842105262,2.9605263157894735,11.18421052631579,85.85526315789474,6.578947368421052,79.27631578947368
E00147396,320,53,19,34,267,29,238,16.5625,5.9375,10.625,83.4375,9.0625,74.375
E00147397,369,58,17,41,311,45,266,15.718157181571815,4.607046070460704,11.11111111111111,84.28184281842819,12.195121951219512,72.08672086720867
E00147399,324,90,44,46,234,24,210,27.77777777777778,13.580246913580247,14.19753086419753,72.22222222222221,7.4074074074074066,64.81481481481481
E00147401,275,61,29,32,214,14,200,22.181818181818183,10.545454545454545,11.636363636363637,77.81818181818181,5.090909090909091,72.72727272727273
E00147402,402,74,39,35,328,20,308,18.407960199004975,9.701492537313433,8.706467661691542,81.59203980099502,4.975124378109453,76.61691542288557
E00147403,240,30,10,20,210,11,199,12.5,4.166666666666666,8.333333333333332,87.5,4.583333333333333,82.91666666666667
E00147404,282,46,16,30,236,30,206,16.312056737588655,5.673758865248227,10.638297872340425,83.68794326241135,10.638297872340425,73.04964539007092
E00147405,287,35,13,22,252,37,215,12.195121951219512,4.529616724738676,7.665505226480835,87.8048780487805,12.89198606271777,74.91289198606272
E00147406,280,65,32,33,215,24,191,23.214285714285715,11.428571428571429,11.785714285714285,76.78571428571429,8.571428571428571,68.21428571428572
E00147407,346,56,22,34,290,32,258,16.184971098265898,6.358381502890173,9.826589595375722,83.8150289017341,9.248554913294797,74.56647398843931
E00147408,330,90,38,52,240,28,212,27.27272727272727,11.515151515151516,15.757575757575756,72.72727272727273,8.484848484848486,64.24242424242425
E00147409,235,77,44,33,158,16,142,32.76595744680851,18.72340425531915,14.042553191489363,67.23404255319149,6.808510638297872,60.42553191489362
E00147410,228,55,28,27,173,14,159,24.12280701754386,12.280701754385964,11.842105263157894,75.87719298245614,6.140350877192982,69.73684210526315
E00147411,307,64,25,39,243,24,219,20.846905537459286,8.143322475570033,12.703583061889251,79.15309446254072,7.81758957654723,71.33550488599349
E00147412,324,59,20,39,265,35,230,18.209876543209877,6.172839506172839,12.037037037037036,81.79012345679013,10.802469135802468,70.98765432098766
E00147413,543,79,24,55,464,39,425,14.548802946593002,4.41988950276243,10.128913443830571,85.451197053407,7.18232044198895,78.26887661141805
E00147414,276,78,45,33,198,20,178,28.26086956521739,16.304347826086957,11.956521739130435,71.73913043478261,7.246376811594203,64.4927536231884
E00147415,352,58,24,34,294,29,265,16.477272727272727,6.8181818181818175,9.659090909090908,83.52272727272727,8.238636363636363,75.2840909090909
E00147416,276,59,11,48,217,20,197,21.3768115942029,3.985507246376811,17.391304347826086,78.62318840579711,7.246376811594203,71.37681159420289
E00147417,293,56,19,37,237,20,217,19.112627986348123,6.484641638225256,12.627986348122866,80.88737201365188,6.825938566552901,74.06143344709898
E00147418,391,51,15,36,340,35,305,13.043478260869565,3.8363171355498724,9.207161125319693,86.95652173913044,8.951406649616368,78.00511508951406
E00147419,522,72,23,49,450,34,416,13.793103448275861,4.406130268199234,9.386973180076629,86.20689655172413,6.513409961685824,79.6934865900383
E00147420,320,47,21,26,273,30,243,14.6875,6.5625,8.125,85.3125,9.375,75.9375
E00147421,268,46,19,27,222,29,193,17.16417910447761,7.08955223880597,10.074626865671641,82.83582089552239,10.820895522388058,72.01492537313433
E00147422,477,73,31,42,404,36,368,15.30398322851153,6.498951781970649,8.80503144654088,84.69601677148847,7.547169811320755,77.14884696016772
E00147423,318,79,37,42,239,22,217,24.842767295597483,11.635220125786164,13.20754716981132,75.15723270440252,6.918238993710692,68.23899371069182
E00147424,325,45,16,29,280,19,261,13.846153846153847,4.923076923076923,8.923076923076923,86.15384615384616,5.846153846153846,80.3076923076923
E00147425,267,65,33,32,202,15,187,24.344569288389515,12.359550561797752,11.985018726591761,75.65543071161048,5.617977528089887,70.0374531835206
E00147426,215,31,10,21,184,31,153,14.418604651162791,4.651162790697675,9.767441860465116,85.5813953488372,14.418604651162791,71.16279069767441
E00147427,253,37,12,25,216,24,192,14.624505928853754,4.743083003952568,9.881422924901186,85.37549407114624,9.486166007905137,75.8893280632411
E00147428,295,59,21,38,236,39,197,20,7.118644067796611,12.88135593220339,80,13.220338983050848,66.77966101694915
E00147429,324,47,16,31,277,19,258,14.506172839506174,4.938271604938271,9.5679012345679,85.49382716049382,5.864197530864197,79.62962962962963
E00147430,368,32,16,16,336,22,314,8.695652173913043,4.3478260869565215,4.3478260869565215,91.30434782608695,5.978260869565218,85.32608695652173
E00147431,257,62,28,34,195,20,175,24.124513618677042,10.894941634241246,13.229571984435799,75.87548638132296,7.782101167315175,68.09338521400778
E00147432,319,34,9,25,285,20,265,10.658307210031348,2.8213166144200628,7.836990595611286,89.34169278996865,6.269592476489027,83.07210031347962
E00147433,394,46,12,34,348,35,313,11.6751269035533,3.0456852791878175,8.629441624365482,88.3248730964467,8.883248730964468,79.44162436548223
E00147434,245,77,32,45,168,17,151,31.428571428571427,13.061224489795919,18.367346938775512,68.57142857142857,6.938775510204081,61.63265306122449
E00147435,302,36,15,21,266,32,234,11.920529801324504,4.966887417218543,6.95364238410596,88.0794701986755,10.596026490066226,77.48344370860927
E00147436,302,76,29,47,226,25,201,25.165562913907287,9.602649006622517,15.562913907284766,74.83443708609272,8.27814569536424,66.55629139072848
E00147437,333,59,19,40,274,21,253,17.71771771771772,5.7057057057057055,12.012012012012011,82.28228228228228,6.306306306306306,75.97597597597597
E00147439,279,42,17,25,237,24,213,15.053763440860216,6.093189964157706,8.960573476702509,84.94623655913979,8.60215053763441,76.34408602150538
E00147440,245,38,16,22,207,25,182,15.510204081632653,6.530612244897959,8.979591836734693,84.48979591836735,10.204081632653061,74.28571428571429
E00147441,528,84,38,46,444,47,397,15.909090909090908,7.196969696969697,8.712121212121213,84.0909090909091,8.901515151515152,75.18939393939394
E00147442,238,64,23,41,174,18,156,26.89075630252101,9.663865546218489,17.22689075630252,73.10924369747899,7.563025210084033,65.54621848739495
E00147443,289,68,34,34,221,24,197,23.52941176470588,11.76470588235294,11.76470588235294,76.47058823529412,8.304498269896193,68.16608996539793
E00147444,202,42,18,24,160,16,144,20.792079207920793,8.91089108910891,11.881188118811881,79.20792079207921,7.920792079207921,71.28712871287128
E00147445,317,48,21,27,269,25,244,15.141955835962145,6.624605678233439,8.517350157728707,84.85804416403786,7.886435331230284,76.97160883280758
E00147446,356,63,22,41,293,26,267,17.696629213483146,6.179775280898876,11.51685393258427,82.30337078651685,7.303370786516854,75
E00147447,309,42,15,27,267,21,246,13.592233009708737,4.854368932038835,8.737864077669903,86.40776699029125,6.796116504854369,79.6116504854369
E00147448,316,56,22,34,260,39,221,17.72151898734177,6.962025316455696,10.759493670886076,82.27848101265823,12.341772151898734,69.9367088607595
E00147449,304,67,30,37,237,15,222,22.039473684210524,9.868421052631579,12.171052631578947,77.96052631578947,4.934210526315789,73.02631578947368
E00147450,239,84,47,37,155,17,138,35.146443514644346,19.665271966527197,15.481171548117153,64.85355648535564,7.112970711297072,57.74058577405857
E00147451,315,62,27,35,253,21,232,19.682539682539684,8.571428571428571,11.11111111111111,80.31746031746032,6.666666666666667,73.65079365079366
E00147452,300,68,36,32,232,24,208,22.666666666666664,12,10.666666666666668,77.33333333333333,8,69.33333333333334
E00147453,318,49,14,35,269,19,250,15.40880503144654,4.40251572327044,11.0062893081761,84.59119496855347,5.9748427672955975,78.61635220125787
E00147454,291,41,12,29,250,23,227,14.0893470790378,4.123711340206185,9.965635738831615,85.91065292096219,7.903780068728522,78.00687285223368
E00147455,319,57,18,39,262,24,238,17.86833855799373,5.6426332288401255,12.225705329153605,82.13166144200626,7.523510971786834,74.60815047021944
E00147456,297,55,25,30,242,28,214,18.51851851851852,8.417508417508419,10.1010101010101,81.48148148148148,9.427609427609427,72.05387205387206
E00147457,309,56,25,31,253,16,237,18.12297734627832,8.090614886731391,10.032362459546926,81.87702265372168,5.177993527508091,76.69902912621359
E00147458,616,123,54,69,493,28,465,19.967532467532468,8.766233766233766,11.2012987012987,80.03246753246754,4.545454545454546,75.48701298701299
E00147459,276,62,30,32,214,18,196,22.463768115942027,10.869565217391305,11.594202898550725,77.53623188405797,6.521739130434782,71.01449275362319
E00147460,297,53,24,29,244,23,221,17.845117845117844,8.080808080808081,9.764309764309765,82.15488215488216,7.744107744107744,74.41077441077442
E00147461,304,71,30,41,233,17,216,23.355263157894736,9.868421052631579,13.486842105263158,76.64473684210526,5.592105263157895,71.05263157894737
E00147462,337,81,29,52,256,12,244,24.03560830860534,8.605341246290802,15.43026706231454,75.96439169139467,3.5608308605341246,72.40356083086054
E00147463,258,77,44,33,181,6,175,29.844961240310074,17.05426356589147,12.790697674418606,70.15503875968993,2.3255813953488373,67.82945736434108
E00147464,289,57,23,34,232,24,208,19.72318339100346,7.958477508650519,11.76470588235294,80.27681660899654,8.304498269896193,71.97231833910035
E00147465,295,64,25,39,231,24,207,21.694915254237287,8.47457627118644,13.220338983050848,78.30508474576271,8.135593220338983,70.16949152542374
E00147466,197,54,24,30,143,14,129,27.411167512690355,12.18274111675127,15.228426395939088,72.58883248730965,7.1065989847715745,65.48223350253807
E00147468,419,88,40,48,331,32,299,21.002386634844868,9.54653937947494,11.455847255369928,78.99761336515513,7.637231503579953,71.36038186157518
E00147469,374,57,18,39,317,46,271,15.240641711229946,4.81283422459893,10.427807486631016,84.75935828877004,12.299465240641712,72.45989304812835
E00147470,402,67,28,39,335,31,304,16.666666666666664,6.965174129353234,9.701492537313433,83.33333333333334,7.711442786069651,75.62189054726367
E00147471,289,44,12,32,245,18,227,15.22491349480969,4.1522491349480966,11.072664359861593,84.77508650519032,6.228373702422145,78.54671280276817
E00147472,418,64,27,37,354,23,331,15.311004784688995,6.4593301435406705,8.851674641148326,84.688995215311,5.502392344497608,79.18660287081339
E00147473,203,36,6,30,167,13,154,17.733990147783253,2.955665024630542,14.77832512315271,82.26600985221675,6.403940886699508,75.86206896551724
E00147474,406,41,13,28,365,23,342,10.098522167487685,3.201970443349754,6.896551724137931,89.90147783251231,5.665024630541872,84.23645320197043
E00147475,125,23,7,16,102,17,85,18.4,5.6000000000000005,12.8,81.6,13.600000000000001,68
E00147476,426,64,19,45,362,34,328,15.023474178403756,4.460093896713615,10.56338028169014,84.97652582159625,7.981220657276995,76.99530516431925
E00147477,474,56,18,38,418,45,373,11.814345991561181,3.79746835443038,8.016877637130802,88.18565400843882,9.49367088607595,78.69198312236287
E00147478,223,29,7,22,194,16,178,13.004484304932735,3.1390134529147984,9.865470852017937,86.99551569506725,7.174887892376682,79.82062780269058
E00147479,438,39,11,28,399,19,380,8.904109589041095,2.5114155251141552,6.392694063926941,91.0958904109589,4.337899543378995,86.7579908675799
E00147480,245,47,15,32,198,21,177,19.183673469387756,6.122448979591836,13.061224489795919,80.81632653061224,8.571428571428571,72.24489795918367
E00147481,260,60,30,30,200,17,183,23.076923076923077,11.538461538461538,11.538461538461538,76.92307692307693,6.538461538461539,70.38461538461539
E00147482,121,24,9,15,97,12,85,19.834710743801654,7.43801652892562,12.396694214876034,80.16528925619835,9.917355371900827,70.24793388429752
E00147483,256,46,14,32,210,12,198,17.96875,5.46875,12.5,82.03125,4.6875,77.34375
E00147484,374,67,30,37,307,40,267,17.914438502673796,8.0213903743315509,9.893048128342247,82.0855614973262,10.695187165775401,71.3903743315508
E00147485,316,33,9,24,283,31,252,10.443037974683545,2.848101265822785,7.59493670886076,89.55696202531645,9.81012658227848,79.74683544303798
E00147486,374,46,11,35,328,35,293,12.299465240641712,2.941176470588235,9.358288770053475,87.70053475935828,9.358288770053475,78.34224598930481
E00147487,265,64,29,35,201,18,183,24.150943396226417,10.943396226415095,13.20754716981132,75.84905660377359,6.7924528301886795,69.0566037735849
E00147489,330,72,33,39,258,21,237,21.818181818181817,10,11.818181818181818,78.18181818181819,6.363636363636363,71.81818181818181
E00147490,313,72,30,42,241,19,222,23.003194888178914,9.584664536741213,13.418530351437699,76.99680511182109,6.070287539936102,70.92651757188499
E00147491,312,94,43,51,218,25,193,30.128205128205128,13.782051282051283,16.346153846153847,69.87179487179486,8.012820512820513,61.858974358974365
E00147492,356,73,29,44,283,24,259,20.50561797752809,8.146067415730338,12.359550561797752,79.49438202247191,6.741573033707865,72.75280898876404
E00147493,328,46,13,33,282,34,248,14.02439024390244,3.9634146341463414,10.060975609756099,85.97560975609755,10.365853658536585,75.60975609756098
E00147494,324,82,27,55,242,27,215,25.308641975308642,8.333333333333332,16.97530864197531,74.69135802469135,8.333333333333332,66.35802469135803
E00147495,310,45,11,34,265,26,239,14.516129032258066,3.5483870967741935,10.967741935483872,85.48387096774194,8.38709677419355,77.09677419354838
E00147496,326,30,8,22,296,26,270,9.202453987730062,2.4539877300613497,6.748466257668712,90.79754601226993,7.975460122699387,82.82208588957054
E00147497,273,38,15,23,235,27,208,13.91941391941392,5.4945054945054945,8.424908424908425,86.08058608058609,9.89010989010989,76.19047619047619
E00147498,313,30,7,23,283,25,258,9.584664536741213,2.2364217252396164,7.348242811501597,90.41533546325878,7.987220447284344,82.42811501597444
E00147499,296,73,33,40,223,9,214,24.66216216216216,11.14864864864865,13.513513513513514,75.33783783783784,3.040540540540541,72.2972972972973
E00147500,291,55,20,35,236,15,221,18.900343642611684,6.872852233676976,12.027491408934708,81.09965635738831,5.154639175257731,75.94501718213058
E00147501,316,53,26,27,263,26,237,16.77215189873418,8.227848101265822,8.544303797468354,83.22784810126582,8.227848101265822,75
E00147502,268,42,15,27,226,17,209,15.671641791044777,5.597014925373134,10.074626865671641,84.32835820895522,6.343283582089552,77.98507462686567
E00147503,312,50,17,33,262,34,228,16.025641025641026,5.448717948717949,10.576923076923077,83.97435897435898,10.897435897435898,73.07692307692307
E00147504,360,75,31,44,285,25,260,20.833333333333336,8.61111111111111,12.222222222222221,79.16666666666666,6.944444444444445,72.22222222222221
E00147505,297,65,30,35,232,21,211,21.885521885521886,10.1010101010101,11.784511784511785,78.11447811447812,7.07070707070707,71.04377104377105
E00147506,355,50,16,34,305,34,271,14.084507042253522,4.507042253521127,9.577464788732394,85.91549295774648,9.577464788732394,76.33802816901408
E00147507,197,69,40,29,128,14,114,35.025380710659896,20.304568527918782,14.720812182741117,64.9746192893401,7.1065989847715745,57.868020304568525
E00147508,263,54,17,37,209,21,188,20.53231939163498,6.4638783269961975,14.068441064638785,79.46768060836501,7.984790874524715,71.48288973384031
E00147509,215,88,43,45,127,11,116,40.93023255813954,20,20.930232558139537,59.06976744186046,5.116279069767442,53.95348837209303
E00147510,357,68,29,39,289,13,276,19.047619047619047,8.123249299719888,10.92436974789916,80.95238095238095,3.6414565826330536,77.31092436974791
E00147511,225,61,23,38,164,22,142,27.111111111111114,10.222222222222223,16.88888888888889,72.88888888888889,9.777777777777779,63.11111111111111
E00147512,271,82,39,43,189,14,175,30.25830258302583,14.391143911439114,15.867158671586715,69.74169741697416,5.166051660516605,64.57564575645756
E00147513,339,62,28,34,277,22,255,18.289085545722713,8.259587020648967,10.029498525073747,81.71091445427729,6.489675516224189,75.22123893805309
E00147514,315,72,31,41,243,19,224,22.857142857142858,9.841269841269842,13.015873015873018,77.14285714285715,6.031746031746032,71.11111111111111
E00147515,401,54,22,32,347,25,322,13.466334164588527,5.486284289276807,7.98004987531172,86.53366583541147,6.234413965087282,80.29925187032418
E00147516,388,75,35,40,313,21,292,19.329896907216497,9.02061855670103,10.309278350515463,80.6701030927835,5.412371134020619,75.25773195876289
E00147517,540,257,193,64,283,23,260,47.592592592592595,35.74074074074074,11.851851851851853,52.407407407407405,4.2592592592592595,48.148148148148145
E00147518,339,57,29,28,282,23,259,16.8141592920354,8.55457227138643,8.259587020648967,83.1858407079646,6.784660766961652,76.40117994100295
E00147519,301,62,19,43,239,23,216,20.59800664451827,6.312292358803987,14.285714285714285,79.40199335548172,7.641196013289036,71.76079734219269
E00147520,210,41,15,26,169,18,151,19.523809523809526,7.142857142857142,12.380952380952381,80.47619047619048,8.571428571428571,71.9047619047619
E00147521,478,56,19,37,422,35,387,11.715481171548117,3.9748953974895396,7.740585774058577,88.28451882845188,7.322175732217573,80.9623430962343
E00147522,306,57,27,30,249,16,233,18.627450980392158,8.823529411764707,9.803921568627452,81.37254901960785,5.228758169934641,76.1437908496732
E00147523,292,45,23,22,247,22,225,15.41095890410959,7.876712328767123,7.534246575342466,84.58904109589042,7.534246575342466,77.05479452054794
E00147524,251,48,16,32,203,21,182,19.12350597609562,6.374501992031872,12.749003984063744,80.87649402390437,8.366533864541832,72.50996015936255
E00147525,313,56,23,33,257,29,228,17.89137380191693,7.348242811501597,10.543130990415335,82.10862619808307,9.26517571884984,72.84345047923323
E00147526,385,56,17,39,329,33,296,14.545454545454545,4.415584415584416,10.129870129870131,85.45454545454545,8.571428571428571,76.88311688311688
E00147527,354,54,20,34,300,23,277,15.254237288135593,5.649717514124294,9.6045197740113,84.7457627118644,6.497175141242938,78.24858757062147
E00147528,289,46,9,37,243,26,217,15.916955017301039,3.1141868512110724,12.802768166089965,84.08304498269896,8.996539792387544,75.08650519031141
E00147529,317,46,14,32,271,21,250,14.511041009463725,4.416403785488959,10.094637223974763,85.48895899053628,6.624605678233439,78.86435331230284
E00147530,332,36,11,25,296,37,259,10.843373493975903,3.313253012048193,7.530120481927711,89.1566265060241,11.144578313253012,78.01204819277109
E00147531,313,46,19,27,267,23,244,14.696485623003195,6.070287539936102,8.626198083067091,85.3035143769968,7.348242811501597,77.95527156549521
E00147532,330,94,37,57,236,28,208,28.484848484848484,11.212121212121213,17.272727272727273,71.51515151515152,8.484848484848486,63.030303030303024
E00147533,280,49,15,34,231,26,205,17.5,5.357142857142857,12.142857142857142,82.5,9.285714285714286,73.21428571428571
E00147534,351,55,20,35,296,27,269,15.669515669515668,5.698005698005698,9.971509971509972,84.33048433048434,7.6923076923076925,76.63817663817663
E00147535,276,51,23,28,225,13,212,18.478260869565215,8.333333333333332,10.144927536231885,81.52173913043478,4.710144927536232,76.81159420289855
E00147536,277,40,14,26,237,23,214,14.440433212996389,5.054151624548736,9.386281588447654,85.5595667870036,8.303249097472925,77.25631768953069
E00147537,270,47,17,30,223,24,199,17.40740740740741,6.296296296296296,11.11111111111111,82.5925925925926,8.88888888888889,73.70370370370371
E00147538,230,32,7,25,198,23,175,13.91304347826087,3.0434782608695654,10.869565217391305,86.08695652173914,10,76.08695652173914
E00147539,370,75,29,46,295,28,267,20.27027027027027,7.837837837837839,12.432432432432433,79.72972972972973,7.567567567567568,72.16216216216216
E00147540,242,47,24,23,195,18,177,19.421487603305785,9.917355371900827,9.50413223140496,80.57851239669421,7.43801652892562,73.14049586776859
E00147541,419,61,9,52,358,26,332,14.558472553699284,2.1479713603818613,12.410501193317423,85.44152744630071,6.205250596658711,79.23627684964201
E00147542,326,71,33,38,255,21,234,21.779141104294478,10.122699386503067,11.65644171779141,78.22085889570552,6.441717791411043,71.77914110429448
E00147543,257,62,24,38,195,19,176,24.124513618677042,9.33852140077821,14.785992217898833,75.87548638132296,7.392996108949417,68.48249027237354
E00147544,252,37,10,27,215,29,186,14.682539682539684,3.968253968253968,10.714285714285714,85.31746031746032,11.507936507936508,73.80952380952381
E00147545,319,41,11,30,278,28,250,12.852664576802509,3.4482758620689653,9.404388714733543,87.14733542319749,8.77742946708464,78.36990595611285
E00147546,300,48,13,35,252,30,222,16,4.333333333333334,11.666666666666666,84,10,74
E00147547,321,33,12,21,288,28,260,10.2803738317757,3.7383177570093453,6.5420560747663545,89.7196261682243,8.722741433021806,80.99688473520249
E00147549,290,40,18,22,250,17,233,13.793103448275861,6.206896551724138,7.586206896551724,86.20689655172413,5.862068965517241,80.3448275862069
E00147550,388,56,26,30,332,16,316,14.432989690721648,6.701030927835052,7.731958762886598,85.56701030927834,4.123711340206185,81.44329896907216
E00147551,305,58,30,28,247,28,219,19.01639344262295,9.836065573770492,9.180327868852459,80.98360655737706,9.180327868852459,71.80327868852459
E00147552,391,68,28,40,323,37,286,17.391304347826086,7.161125319693094,10.230179028132993,82.6086956521739,9.462915601023019,73.1457800511509
E00147553,256,89,51,38,167,20,147,34.765625,19.921875,14.84375,65.234375,7.8125,57.421875
E00147554,478,91,34,57,387,28,359,19.03765690376569,7.112970711297072,11.92468619246862,80.9623430962343,5.857740585774058,75.10460251046025
E00147555,161,65,29,36,96,8,88,40.37267080745342,18.012422360248447,22.36024844720497,59.62732919254658,4.968944099378882,54.6583850931677
E00147556,368,58,21,37,310,20,290,15.760869565217392,5.706521739130435,10.054347826086957,84.23913043478261,5.434782608695652,78.80434782608695
E00147557,413,59,16,43,354,27,327,14.285714285714285,3.87409200968523,10.411622276029057,85.71428571428571,6.5375302663438255,79.1767554479419
E00147558,482,97,46,51,385,38,347,20.12448132780083,9.54356846473029,10.58091286307054,79.87551867219918,7.883817427385892,71.99170124481327
E00147559,293,49,18,31,244,22,222,16.723549488054605,6.143344709897611,10.580204778156997,83.27645051194538,7.508532423208192,75.76791808873719
E00147560,336,46,13,33,290,22,268,13.690476190476192,3.869047619047619,9.821428571428571,86.30952380952381,6.547619047619048,79.76190476190477
E00147561,248,56,29,27,192,19,173,22.58064516129032,11.693548387096774,10.887096774193548,77.41935483870968,7.661290322580645,69.75806451612904
E00147562,170,57,26,31,113,11,102,33.52941176470588,15.294117647058824,18.235294117647058,66.47058823529412,6.470588235294119,60
E00147563,272,55,16,39,217,14,203,20.22058823529412,5.88235294117647,14.338235294117647,79.77941176470588,5.147058823529411,74.63235294117648
E00147564,391,78,31,47,313,20,293,19.948849104859335,7.928388746803069,12.020460358056265,80.05115089514067,5.115089514066496,74.93606138107417
E00147565,306,52,20,32,254,18,236,16.99346405228758,6.535947712418301,10.457516339869281,83.00653594771242,5.88235294117647,77.12418300653596
E00147566,416,56,24,32,360,44,316,13.461538461538462,5.769230769230769,7.6923076923076925,86.53846153846155,10.576923076923077,75.96153846153845
E00147567,299,49,13,36,250,16,234,16.387959866220736,4.3478260869565215,12.040133779264215,83.61204013377926,5.351170568561873,78.26086956521739
E00147568,564,60,27,33,504,31,473,10.638297872340425,4.787234042553192,5.851063829787234,89.36170212765957,5.49645390070922,83.86524822695036
E00147569,172,28,11,17,144,12,132,16.27906976744186,6.395348837209303,9.883720930232558,83.72093023255815,6.976744186046512,76.74418604651163
E00147570,330,43,13,30,287,22,265,13.030303030303031,3.939393939393939,9.090909090909092,86.96969696969697,6.666666666666667,80.3030303030303
E00147571,360,72,29,43,288,21,267,20,8.055555555555555,11.944444444444445,80,5.833333333333333,74.16666666666667
E00147572,278,67,34,33,211,19,192,24.100719424460433,12.23021582733813,11.870503597122301,75.89928057553958,6.83453237410072,69.06474820143885
E00147573,480,70,42,28,410,36,374,14.583333333333334,8.75,5.833333333333333,85.41666666666666,7.5,77.91666666666667
E00147574,349,42,17,25,307,28,279,12.034383954154727,4.871060171919771,7.163323782234957,87.96561604584528,8.022922636103152,79.94269340974212
E00147575,258,35,16,19,223,21,202,13.565891472868216,6.2015503875969,7.3643410852713185,86.43410852713178,8.13953488372093,78.29457364341084
E00147576,309,70,32,38,239,20,219,22.653721682847898,10.355987055016183,12.297734627831716,77.34627831715211,6.472491909385113,70.87378640776699
E00147577,284,50,21,29,234,23,211,17.6056338028169,7.394366197183098,10.211267605633804,82.3943661971831,8.098591549295776,74.29577464788733
E00147578,277,44,20,24,233,39,194,15.884476534296029,7.2202166064981945,8.664259927797833,84.11552346570397,14.079422382671481,70.03610108303249
E00147579,170,45,21,24,125,10,115,26.47058823529412,12.352941176470589,14.117647058823529,73.52941176470588,5.88235294117647,67.64705882352942
E00147580,135,17,6,11,118,8,110,12.592592592592592,4.444444444444445,8.148148148148149,87.4074074074074,5.9259259259259265,81.48148148148148
E00147581,170,32,14,18,138,13,125,18.823529411764707,8.235294117647058,10.588235294117647,81.17647058823529,7.647058823529412,73.52941176470588
E00147582,452,73,31,42,379,32,347,16.150442477876105,6.8584070796460175,9.29203539823009,83.8495575221239,7.079646017699115,76.76991150442478
E00147583,389,77,34,43,312,29,283,19.794344473007712,8.740359897172237,11.053984575835475,80.20565552699229,7.455012853470437,72.75064267352185
E00147584,393,99,53,46,294,30,264,25.190839694656486,13.486005089058525,11.704834605597965,74.80916030534351,7.633587786259542,67.17557251908397
E00147585,350,68,30,38,282,23,259,19.428571428571427,8.571428571428571,10.857142857142858,80.57142857142857,6.571428571428571,74
E00147586,361,72,32,40,289,17,272,19.94459833795014,8.86426592797784,11.080332409972298,80.05540166204986,4.7091412742382275,75.34626038781164
E00147587,298,51,22,29,247,18,229,17.114093959731544,7.38255033557047,9.731543624161073,82.88590604026845,6.0402684563758395,76.84563758389261
E00147588,357,52,17,35,305,24,281,14.565826330532214,4.761904761904762,9.803921568627452,85.43417366946778,6.722689075630252,78.71148459383754
E00147589,345,71,30,41,274,30,244,20.579710144927535,8.695652173913043,11.884057971014492,79.42028985507247,8.695652173913043,70.72463768115942
E00147590,233,66,33,33,167,12,155,28.32618025751073,14.163090128755366,14.163090128755366,71.67381974248927,5.150214592274678,66.52360515021459
E00147591,309,47,14,33,262,20,242,15.210355987055015,4.53074433656958,10.679611650485436,84.78964401294499,6.472491909385113,78.31715210355988
E00147592,296,54,16,38,242,14,228,18.243243243243242,5.405405405405405,12.837837837837837,81.75675675675676,4.72972972972973,77.02702702702703
E00147593,289,45,12,33,244,26,218,15.570934256055363,4.1522491349480966,11.418685121107266,84.42906574394463,8.996539792387544,75.4325259515571
E00147594,392,77,35,42,315,29,286,19.642857142857142,8.928571428571429,10.714285714285714,80.35714285714286,7.3979591836734695,72.95918367346938
E00147595,429,129,61,68,300,22,278,30.069930069930066,14.219114219114218,15.85081585081585,69.93006993006993,5.128205128205128,64.80186480186481
E00147596,361,49,22,27,312,35,277,13.573407202216067,6.094182825484765,7.479224376731302,86.42659279778393,9.695290858725762,76.73130193905817
E00147597,313,81,36,45,232,17,215,25.878594249201274,11.501597444089457,14.376996805111823,74.12140575079871,5.431309904153355,68.69009584664538
E00147598,367,57,28,29,310,15,295,15.531335149863759,7.629427792915531,7.901907356948229,84.46866485013625,4.087193460490464,80.38147138964578
E00147599,276,47,13,34,229,22,207,17.02898550724638,4.710144927536232,12.318840579710146,82.97101449275362,7.971014492753622,75
E00147600,197,35,14,21,162,27,135,17.766497461928935,7.1065989847715745,10.65989847715736,82.23350253807106,13.705583756345177,68.52791878172589
E00147601,243,51,28,23,192,23,169,20.98765432098765,11.522633744855968,9.465020576131687,79.01234567901234,9.465020576131687,69.54732510288066
E00147602,268,72,31,41,196,19,177,26.865671641791046,11.567164179104477,15.298507462686567,73.13432835820896,7.08955223880597,66.04477611940298
E00147603,320,58,18,40,262,30,232,18.125,5.625,12.5,81.875,9.375,72.5
E00147604,305,48,13,35,257,33,224,15.737704918032788,4.2622950819672125,11.475409836065573,84.26229508196721,10.819672131147541,73.44262295081967
E00147605,281,58,30,28,223,30,193,20.640569395017792,10.676156583629894,9.9644128113879,79.35943060498221,10.676156583629894,68.68327402135232
E00147606,255,45,24,21,210,19,191,17.647058823529413,9.411764705882353,8.235294117647058,82.35294117647058,7.450980392156863,74.90196078431373
E00147608,303,42,21,21,261,22,239,13.861386138613863,6.9306930693069315,6.9306930693069315,86.13861386138613,7.2607260726072615,78.87788778877888
E00147609,273,56,16,40,217,25,192,20.51282051282051,5.86080586080586,14.652014652014653,79.48717948717949,9.157509157509157,70.32967032967034
E00147610,310,39,7,32,271,22,249,12.580645161290322,2.258064516129032,10.32258064516129,87.41935483870968,7.096774193548387,80.3225806451613
E00147611,226,60,21,39,166,13,153,26.548672566371685,9.29203539823009,17.25663716814159,73.45132743362832,5.752212389380531,67.69911504424779
E00147612,203,79,41,38,124,8,116,38.91625615763547,20.19704433497537,18.7192118226601,61.083743842364534,3.9408866995073892,57.14285714285714
E00147613,242,57,28,29,185,25,160,23.553719008264462,11.570247933884298,11.983471074380166,76.44628099173553,10.330578512396695,66.11570247933885
E00147614,271,35,10,25,236,26,210,12.915129151291513,3.6900369003690034,9.22509225092251,87.08487084870849,9.59409594095941,77.49077490774908
E00147615,314,83,27,56,231,24,207,26.43312101910828,8.598726114649681,17.8343949044586,73.56687898089172,7.643312101910828,65.92356687898089
E00147616,296,36,12,24,260,31,229,12.162162162162163,4.054054054054054,8.108108108108109,87.83783783783784,10.472972972972974,77.36486486486487
E00147617,220,31,11,20,189,18,171,14.09090909090909,5,9.090909090909092,85.9090909090909,8.181818181818182,77.72727272727272
E00147618,301,61,16,45,240,25,215,20.26578073089701,5.3156146179401995,14.950166112956811,79.734219269103,8.305647840531561,71.42857142857143
E00147619,270,41,16,25,229,17,212,15.185185185185185,5.9259259259259265,9.25925925925926,84.81481481481481,6.296296296296296,78.51851851851852
E00147620,351,58,25,33,293,33,260,16.524216524216524,7.122507122507122,9.401709401709402,83.47578347578347,9.401709401709402,74.07407407407408
E00147621,211,42,21,21,169,25,144,19.90521327014218,9.95260663507109,9.95260663507109,80.09478672985783,11.848341232227488,68.24644549763033
E00147622,267,30,8,22,237,21,216,11.235955056179774,2.9962546816479403,8.239700374531834,88.76404494382022,7.865168539325842,80.89887640449437
E00147623,266,53,19,34,213,20,193,19.924812030075188,7.142857142857142,12.781954887218044,80.07518796992481,7.518796992481203,72.55639097744361
E00147625,431,78,27,51,353,50,303,18.097447795823665,6.2645011600928076,11.832946635730858,81.90255220417633,11.600928074245939,70.30162412993039
E00147626,300,41,10,31,259,25,234,13.666666666666666,3.3333333333333335,10.333333333333334,86.33333333333333,8.333333333333332,78
E00147627,407,111,41,70,296,23,273,27.27272727272727,10.073710073710075,17.1990171990172,72.72727272727273,5.651105651105651,67.07616707616708
E00147628,230,88,38,50,142,14,128,38.26086956521739,16.52173913043478,21.73913043478261,61.73913043478261,6.086956521739131,55.65217391304348
E00147629,183,53,21,32,130,15,115,28.96174863387978,11.475409836065573,17.48633879781421,71.03825136612022,8.19672131147541,62.841530054644814
E00147630,319,45,17,28,274,25,249,14.106583072100312,5.329153605015674,8.77742946708464,85.8934169278997,7.836990595611286,78.0564263322884
E00147631,333,89,39,50,244,19,225,26.726726726726728,11.711711711711711,15.015015015015015,73.27327327327328,5.7057057057057055,67.56756756756756
E00147632,320,56,31,25,264,15,249,17.5,9.6875,7.8125,82.5,4.6875,77.8125
E00147633,109,18,8,10,91,10,81,16.51376146788991,7.339449541284404,9.174311926605505,83.4862385321101,9.174311926605505,74.31192660550458
E00147634,185,29,7,22,156,18,138,15.675675675675677,3.783783783783784,11.891891891891893,84.32432432432432,9.72972972972973,74.5945945945946
E00147635,228,37,18,19,191,17,174,16.228070175438596,7.894736842105263,8.333333333333332,83.77192982456141,7.456140350877193,76.31578947368422
E00147636,353,54,22,32,299,22,277,15.29745042492918,6.232294617563739,9.06515580736544,84.70254957507082,6.232294617563739,78.47025495750708
E00147637,284,49,17,32,235,28,207,17.253521126760564,5.985915492957746,11.267605633802818,82.74647887323944,9.859154929577464,72.88732394366197
E00147638,333,63,31,32,270,15,255,18.91891891891892,9.30930930930931,9.60960960960961,81.08108108108108,4.504504504504505,76.57657657657657
E00147639,320,74,31,43,246,35,211,23.125,9.6875,13.4375,76.875,10.9375,65.9375
E00147640,220,44,26,18,176,16,160,20,11.818181818181818,8.181818181818182,80,7.2727272727272725,72.72727272727273
E00147641,329,76,34,42,253,21,232,23.10030395136778,10.33434650455927,12.76595744680851,76.89969604863222,6.382978723404255,70.51671732522796
E00147642,299,68,26,42,231,26,205,22.74247491638796,8.695652173913043,14.046822742474916,77.25752508361204,8.695652173913043,68.56187290969899
E00147643,344,71,38,33,273,28,245,20.63953488372093,11.046511627906977,9.593023255813954,79.36046511627907,8.13953488372093,71.22093023255815
E00147644,222,48,23,25,174,14,160,21.62162162162162,10.36036036036036,11.26126126126126,78.37837837837837,6.306306306306306,72.07207207207207
E00147645,108,24,9,15,84,7,77,22.22222222222222,8.333333333333332,13.88888888888889,77.77777777777779,6.481481481481481,71.29629629629629
E00147646,124,19,5,14,105,13,92,15.32258064516129,4.032258064516129,11.29032258064516,84.67741935483872,10.483870967741936,74.19354838709677
E00147647,130,17,5,12,113,11,102,13.076923076923078,3.8461538461538463,9.230769230769232,86.92307692307692,8.461538461538462,78.46153846153847
E00147648,328,43,13,30,285,22,263,13.109756097560975,3.9634146341463414,9.146341463414634,86.89024390243902,6.707317073170732,80.1829268292683
E00147649,290,52,19,33,238,26,212,17.93103448275862,6.551724137931035,11.379310344827587,82.06896551724138,8.96551724137931,73.10344827586206
E00147650,270,48,8,40,222,33,189,17.77777777777778,2.9629629629629632,14.814814814814813,82.22222222222221,12.222222222222221,70
E00147651,318,48,19,29,270,17,253,15.09433962264151,5.9748427672955975,9.119496855345911,84.90566037735849,5.345911949685535,79.55974842767296
E00147652,426,71,18,53,355,30,325,16.666666666666664,4.225352112676056,12.44131455399061,83.33333333333334,7.042253521126761,76.29107981220658
E00147653,183,29,10,19,154,15,139,15.846994535519126,5.46448087431694,10.382513661202186,84.15300546448088,8.19672131147541,75.95628415300546
E00147654,490,99,41,58,391,31,360,20.20408163265306,8.36734693877551,11.83673469387755,79.79591836734694,6.326530612244897,73.46938775510205
E00147655,250,39,10,29,211,21,190,15.6,4,11.600000000000001,84.39999999999999,8.4,76
E00147656,315,58,21,37,257,32,225,18.412698412698415,6.666666666666667,11.746031746031745,81.58730158730158,10.158730158730158,71.42857142857143
E00147657,175,32,8,24,143,12,131,18.285714285714285,4.571428571428571,13.714285714285715,81.71428571428572,6.857142857142858,74.85714285714286
E00147658,159,32,14,18,127,18,109,20.125786163522015,8.80503144654088,11.320754716981133,79.87421383647799,11.320754716981133,68.55345911949685
E00147659,291,47,23,24,244,26,218,16.151202749140893,7.903780068728522,8.24742268041237,83.8487972508591,8.934707903780069,74.91408934707904
E00147660,290,66,40,26,224,17,207,22.758620689655174,13.793103448275861,8.96551724137931,77.24137931034483,5.862068965517241,71.37931034482759
E00147661,423,70,24,46,353,34,319,16.548463356973993,5.673758865248227,10.874704491725769,83.451536643026,8.037825059101655,75.41371158392435
E00147662,281,55,21,34,226,13,213,19.572953736654807,7.473309608540925,12.099644128113878,80.42704626334519,4.6263345195729535,75.80071174377224
E00147663,316,54,13,41,262,39,223,17.088607594936708,4.113924050632911,12.974683544303797,82.91139240506328,12.341772151898734,70.56962025316456
E00147664,247,32,11,21,215,20,195,12.955465587044534,4.4534412955465585,8.502024291497975,87.04453441295547,8.097165991902834,78.94736842105263
E00147665,316,70,24,46,246,20,226,22.151898734177212,7.59493670886076,14.556962025316455,77.84810126582279,6.329113924050633,71.51898734177216
E00147666,408,76,23,53,332,41,291,18.627450980392158,5.637254901960785,12.990196078431374,81.37254901960785,10.049019607843137,71.32352941176471
E00147667,285,56,21,35,229,20,209,19.649122807017545,7.368421052631578,12.280701754385964,80.35087719298247,7.017543859649122,73.33333333333333
E00147668,283,49,25,24,234,12,222,17.314487632508836,8.8339222614841,8.480565371024735,82.68551236749117,4.240282685512367,78.4452296819788
E00147669,323,55,21,34,268,27,241,17.027863777089784,6.5015479876160995,10.526315789473683,82.97213622291022,8.359133126934983,74.61300309597523
E00147670,364,87,28,59,277,31,246,23.9010989010989,7.6923076923076925,16.208791208791208,76.0989010989011,8.516483516483516,67.58241758241759
E00147671,248,42,14,28,206,20,186,16.93548387096774,5.64516129032258,11.29032258064516,83.06451612903226,8.064516129032258,75
E00147672,277,78,36,42,199,33,166,28.158844765342963,12.996389891696749,15.162454873646208,71.84115523465704,11.913357400722022,59.92779783393502
E00147673,337,74,23,51,263,37,226,21.958456973293767,6.824925816023739,15.133531157270031,78.04154302670622,10.979228486646884,67.06231454005935
E00147674,201,50,23,27,151,17,134,24.875621890547265,11.442786069651742,13.432835820895523,75.12437810945273,8.45771144278607,66.66666666666666
E00147675,402,111,51,60,291,28,263,27.611940298507463,12.686567164179104,14.925373134328357,72.38805970149254,6.965174129353234,65.4228855721393
E00147676,242,52,19,33,190,14,176,21.487603305785125,7.851239669421488,13.636363636363635,78.51239669421489,5.785123966942149,72.72727272727273
E00147677,272,49,18,31,223,31,192,18.014705882352942,6.61764705882353,11.397058823529411,81.98529411764706,11.397058823529411,70.58823529411765
E00147678,230,57,27,30,173,15,158,24.782608695652176,11.73913043478261,13.043478260869565,75.21739130434783,6.521739130434782,68.69565217391305
E00147679,269,57,27,30,212,22,190,21.189591078066915,10.037174721189592,11.152416356877323,78.81040892193309,8.178438661710038,70.63197026022306
E00147680,220,65,28,37,155,28,127,29.545454545454547,12.727272727272727,16.818181818181817,70.45454545454545,12.727272727272727,57.72727272727273
E00147681,304,63,21,42,241,37,204,20.723684210526315,6.907894736842106,13.815789473684212,79.27631578947368,12.171052631578947,67.10526315789474
E00147682,275,81,52,29,194,29,165,29.454545454545457,18.90909090909091,10.545454545454545,70.54545454545455,10.545454545454545,60
E00147683,286,55,23,32,231,27,204,19.230769230769234,8.041958041958042,11.188811188811188,80.76923076923077,9.44055944055944,71.32867132867133
E00147684,319,45,5,40,274,30,244,14.106583072100312,1.5673981191222568,12.539184952978054,85.8934169278997,9.404388714733543,76.48902821316614
E00147685,344,74,33,41,270,21,249,21.511627906976745,9.593023255813954,11.918604651162791,78.48837209302324,6.104651162790697,72.38372093023256
E00147686,334,65,33,32,269,28,241,19.46107784431138,9.880239520958083,9.580838323353294,80.53892215568862,8.383233532934131,72.15568862275448
E00147689,239,59,25,34,180,12,168,24.686192468619247,10.460251046025103,14.225941422594143,75.31380753138075,5.02092050209205,70.29288702928869
E00147690,385,74,31,43,311,24,287,19.22077922077922,8.051948051948052,11.168831168831169,80.77922077922078,6.233766233766234,74.54545454545455
E00147691,213,36,16,20,177,14,163,16.901408450704224,7.511737089201878,9.389671361502346,83.09859154929578,6.572769953051644,76.52582159624414
E00147692,342,77,23,54,265,33,232,22.514619883040936,6.725146198830409,15.789473684210526,77.48538011695906,9.649122807017543,67.83625730994152
E00147693,432,86,49,37,346,36,310,19.90740740740741,11.342592592592593,8.564814814814815,80.0925925925926,8.333333333333332,71.75925925925925
E00147694,393,76,29,47,317,22,295,19.338422391857506,7.37913486005089,11.959287531806616,80.6615776081425,5.597964376590331,75.06361323155217
E00147695,482,73,31,42,409,47,362,15.145228215767634,6.431535269709543,8.71369294605809,84.85477178423237,9.751037344398341,75.10373443983403
E00147696,301,49,18,31,252,19,233,16.27906976744186,5.980066445182724,10.299003322259136,83.72093023255815,6.312292358803987,77.40863787375415
E00147697,345,71,24,47,274,35,239,20.579710144927535,6.956521739130435,13.623188405797102,79.42028985507247,10.144927536231885,69.27536231884058
E00147698,321,96,53,43,225,16,209,29.906542056074763,16.510903426791277,13.395638629283487,70.09345794392523,4.984423676012461,65.10903426791276
E00147699,315,63,22,41,252,31,221,20,6.984126984126984,13.015873015873018,80,9.841269841269842,70.15873015873015
E00147700,428,77,29,48,351,31,320,17.990654205607477,6.775700934579438,11.214953271028037,82.00934579439252,7.242990654205607,74.76635514018692
E00147701,417,80,22,58,337,38,299,19.18465227817746,5.275779376498801,13.908872901678656,80.81534772182253,9.112709832134293,71.70263788968825
E00147703,235,36,12,24,199,19,180,15.319148936170212,5.106382978723404,10.212765957446807,84.68085106382979,8.085106382978724,76.59574468085107
E00147704,296,49,16,33,247,25,222,16.554054054054053,5.405405405405405,11.14864864864865,83.44594594594594,8.445945945945946,75
E00147705,299,67,26,41,232,20,212,22.40802675585284,8.695652173913043,13.712374581939798,77.59197324414716,6.688963210702341,70.903010033444815
E00147706,355,70,18,52,285,26,259,19.718309859154928,5.070422535211268,14.647887323943662,80.28169014084507,7.323943661971831,72.95774647887325
E00147707,283,42,24,18,241,15,226,14.840989399293287,8.480565371024735,6.36042402826855,85.15901060070671,5.30035335689046,79.85865724381625
E00147708,197,36,12,24,161,9,152,18.274111675126903,6.091370558375635,12.18274111675127,81.7258883248731,4.568527918781726,77.15736040609137
E00147709,166,31,5,26,135,17,118,18.67469879518072,3.0120481927710845,15.66265060240964,81.32530120481928,10.240963855421686,71.08433734939759
E00147710,213,42,17,25,171,11,160,19.718309859154928,7.981220657276995,11.737089201877934,80.28169014084507,5.164319248826291,75.11737089201877
E00147711,276,39,13,26,237,27,210,14.130434782608695,4.710144927536232,9.420289855072465,85.86956521739131,9.782608695652174,76.08695652173914
E00147712,115,18,3,15,97,10,87,15.65217391304348,2.608695652173913,13.043478260869565,84.34782608695653,8.695652173913043,75.65217391304347
E00147713,271,45,14,31,226,20,206,16.605166051660518,5.166051660516605,11.439114391143912,83.39483394833948,7.380073800738007,76.01476014760148
E00147714,358,61,23,38,297,25,272,17.039106145251395,6.424581005586592,10.614525139664805,82.9608938547486,6.983240223463687,75.97765363128491
E00147715,337,43,13,30,294,21,273,12.759643916913946,3.857566765578635,8.902077151335313,87.24035608308606,6.231454005934718,81.00890207715133
E00147716,271,46,14,32,225,23,202,16.974169741697416,5.166051660516605,11.808118081180812,83.02583025830258,8.487084870848708,74.53874538745387
E00147717,299,54,14,40,245,18,227,18.06020066889632,4.682274247491638,13.377926421404682,81.93979933110369,6.0200668896321075,75.91973244147158
E00147718,295,53,19,34,242,28,214,17.966101694915253,6.440677966101695,11.525423728813559,82.03389830508473,9.491525423728813,72.54237288135593
E00147719,343,70,27,43,273,39,234,20.408163265306122,7.871720116618077,12.536443148688047,79.59183673469387,11.370262390670554,68.22157434402332
E00147720,241,94,49,45,147,17,130,39.004149377593365,20.33195020746888,18.672199170124482,60.99585062240664,7.053941908713693,53.941908713692946
E00147721,259,60,24,36,199,27,172,23.166023166023166,9.266409266409266,13.8996138996139,76.83397683397683,10.424710424710424,66.40926640926641
E00147722,269,51,15,36,218,16,202,18.95910780669145,5.5762081784386615,13.382899628252787,81.04089219330855,5.947955390334572,75.09293680297398
E00147723,249,80,44,36,169,8,161,32.1285140562249,17.670682730923694,14.457831325301203,67.8714859437751,3.2128514056224895,64.65863453815261
E00147724,327,64,22,42,263,17,246,19.571865443425075,6.727828746177369,12.844036697247708,80.42813455657493,5.198776758409786,75.22935779816514
E00147725,445,65,24,41,380,35,345,14.606741573033707,5.393258426966292,9.213483146067416,85.39325842696628,7.865168539325842,77.52808988764045
E00147726,248,82,49,33,166,13,153,33.064516129032256,19.758064516129032,13.306451612903224,66.93548387096774,5.241935483870968,61.693548387096776
E00147727,285,67,35,32,218,17,201,23.50877192982456,12.280701754385964,11.228070175438596,76.49122807017544,5.964912280701754,70.52631578947368
E00147728,329,93,47,46,236,29,207,28.267477203647417,14.285714285714285,13.98176291793313,71.73252279635258,8.814589665653495,62.91793313069909
E00147729,285,75,35,40,210,22,188,26.31578947368421,12.280701754385964,14.035087719298245,73.68421052631578,7.719298245614035,65.96491228070175
E00147730,196,42,16,26,154,24,130,21.428571428571427,8.16326530612245,13.26530612244898,78.57142857142857,12.244897959183673,66.3265306122449
E00147731,205,50,17,33,155,20,135,24.390243902439025,8.292682926829269,16.097560975609756,75.60975609756098,9.75609756097561,65.85365853658537
E00147732,381,131,102,29,250,29,221,34.38320209973753,26.77165354330709,7.611548556430446,65.61679790026247,7.611548556430446,58.00524934383202
E00147733,221,60,20,40,161,29,132,27.149321266968325,9.049773755656108,18.099547511312217,72.85067873303167,13.122171945701359,59.72850678733032
E00147734,258,65,25,40,193,21,172,25.1937984496124,9.689922480620156,15.503875968992247,74.8062015503876,8.13953488372093,66.66666666666666
E00147735,270,67,19,48,203,17,186,24.814814814814813,7.037037037037037,17.77777777777778,75.18518518518519,6.296296296296296,68.88888888888889
E00147736,256,85,42,43,171,19,152,33.203125,16.40625,16.796875,66.796875,7.421875,59.375
E00147737,234,66,30,36,168,27,141,28.205128205128204,12.82051282051282,15.384615384615385,71.7948717948718,11.538461538461538,60.256410256410255
E00147738,274,59,28,31,215,18,197,21.532846715328464,10.218978102189782,11.313868613138686,78.46715328467153,6.569343065693431,71.8978102189781
E00147739,404,96,45,51,308,25,283,23.762376237623762,11.138613861386139,12.623762376237623,76.23762376237624,6.188118811881188,70.04950495049505
E00147740,269,50,18,32,219,20,199,18.587360594795538,6.691449814126393,11.895910780669144,81.41263940520446,7.434944237918216,73.97769516728626
E00147741,282,40,12,28,242,14,228,14.184397163120568,4.25531914893617,9.929078014184398,85.81560283687944,4.964539007092199,80.85106382978722
E00147742,298,64,14,50,234,26,208,21.476510067114095,4.697986577181208,16.778523489932887,78.52348993288591,8.724832214765101,69.79865771812081
E00147743,314,57,21,36,257,30,227,18.152866242038215,6.687898089171974,11.464968152866243,81.84713375796179,9.554140127388536,72.29299363057325
E00147744,351,89,41,48,262,20,242,25.356125356125357,11.68091168091168,13.675213675213676,74.64387464387464,5.698005698005698,68.94586894586895
E00147745,309,58,22,36,251,25,226,18.77022653721683,7.119741100323624,11.650485436893204,81.22977346278317,8.090614886731391,73.13915857605178
E00147747,597,81,33,48,516,45,471,13.5678391959799,5.527638190954774,8.040201005025125,86.4321608040201,7.537688442211055,78.89447236180904
E00147748,262,62,27,35,200,19,181,23.66412213740458,10.305343511450381,13.358778625954198,76.33587786259542,7.251908396946565,69.08396946564885
E00147749,369,37,13,24,332,32,300,10.02710027100271,3.523035230352303,6.504065040650407,89.97289972899729,8.672086720867208,81.30081300813008
E00147750,240,43,13,30,197,10,187,17.916666666666668,5.416666666666667,12.5,82.08333333333333,4.166666666666666,77.91666666666667
E00147751,302,66,27,39,236,27,209,21.85430463576159,8.940397350993377,12.91390728476821,78.1456953642384,8.940397350993377,69.20529801324503
E00147752,252,52,28,24,200,21,179,20.634920634920633,11.11111111111111,9.523809523809524,79.36507936507937,8.333333333333332,71.03174603174604
E00147753,303,68,29,39,235,15,220,22.442244224422442,9.570957095709572,12.871287128712872,77.55775577557755,4.9504950495049505,72.60726072607261
E00147754,262,72,33,39,190,21,169,27.480916030534353,12.595419847328243,14.885496183206106,72.51908396946564,8.015267175572518,64.50381679389314
E00147755,449,118,49,69,331,33,298,26.280623608017816,10.913140311804009,15.367483296213807,73.71937639198218,7.349665924276169,66.36971046770601
E00147756,310,61,28,33,249,22,227,19.67741935483871,9.032258064516128,10.64516129032258,80.3225806451613,7.096774193548387,73.22580645161291
E00147757,299,37,11,26,262,18,244,12.37458193979933,3.678929765886288,8.695652173913043,87.62541806020067,6.0200668896321075,81.60535117056857
E00147758,299,85,48,37,214,8,206,28.428093645484946,16.05351170568562,12.37458193979933,71.57190635451505,2.6755852842809364,68.89632107023411
E00147759,322,61,26,35,261,31,230,18.944099378881987,8.074534161490684,10.869565217391305,81.05590062111801,9.627329192546584,71.42857142857143
E00147760,264,87,43,44,177,12,165,32.95454545454545,16.28787878787879,16.666666666666664,67.04545454545455,4.545454545454546,62.5
E00147761,303,53,21,32,250,20,230,17.491749174917494,6.9306930693069315,10.561056105610561,82.50825082508251,6.6006600660066,75.9075907590759
E00147762,322,61,26,35,261,19,242,18.944099378881987,8.074534161490684,10.869565217391305,81.05590062111801,5.900621118012422,75.15527950310559
E00147763,309,64,19,45,245,21,224,20.711974110032365,6.148867313915858,14.563106796116504,79.28802588996764,6.796116504854369,72.49190938511327
E00147764,202,32,12,20,170,18,152,15.841584158415841,5.9405940594059405,9.900990099009901,84.15841584158416,8.91089108910891,75.24752475247524
E00147765,172,35,13,22,137,13,124,20.348837209302324,7.55813953488372,12.790697674418606,79.65116279069767,7.55813953488372,72.09302325581395
E00147766,330,53,20,33,277,27,250,16.060606060606062,6.0606060606060606,10,83.93939393939394,8.181818181818182,75.75757575757575
E00147767,333,47,14,33,286,34,252,14.114114114114114,4.2042042042042045,9.90990990990991,85.88588588588588,10.21021021021021,75.67567567567568
E00147768,355,63,19,44,292,29,263,17.74647887323944,5.352112676056338,12.394366197183098,82.25352112676056,8.169014084507042,74.08450704225352
E00147769,378,72,32,40,306,43,263,19.047619047619047,8.465608465608465,10.582010582010582,80.95238095238095,11.375661375661375,69.57671957671958
E00147770,300,46,15,31,254,24,230,15.333333333333332,5,10.333333333333334,84.66666666666667,8,76.66666666666667
E00147771,404,57,19,38,347,29,318,14.108910891089108,4.702970297029703,9.405940594059405,85.89108910891089,7.1782178217821775,78.71287128712872
E00147772,387,58,20,38,329,19,310,14.987080103359174,5.167958656330749,9.819121447028424,85.01291989664082,4.909560723514212,80.10335917312662
E00147773,297,55,17,38,242,20,222,18.51851851851852,5.723905723905724,12.794612794612794,81.48148148148148,6.7340067340067336,74.74747474747475
E00147774,295,44,12,32,251,16,235,14.915254237288137,4.067796610169491,10.847457627118644,85.08474576271186,5.423728813559322,79.66101694915254
E00147775,334,57,21,36,277,34,243,17.065868263473057,6.287425149700598,10.778443113772456,82.93413173652695,10.179640718562874,72.75449101796407
E00147776,331,57,23,34,274,30,244,17.220543806646525,6.948640483383686,10.27190332326284,82.77945619335347,9.06344410876133,73.71601208459214
E00147777,369,57,21,36,312,21,291,15.447154471544716,5.691056910569105,9.75609756097561,84.5528455284553,5.691056910569105,78.86178861788618
E00147778,379,58,22,36,321,32,289,15.303430079155673,5.804749340369393,9.498680738786279,84.69656992084433,8.443271767810026,76.2532981530343
E00174559,344,71,29,42,273,23,250,20.63953488372093,8.430232558139535,12.209302325581394,79.36046511627907,6.686046511627906,72.67441860465115
E00174561,709,87,30,57,622,27,595,12.270803949224259,4.231311706629055,8.039492242595205,87.72919605077574,3.80818053596615,83.9210155148096
E00174562,270,73,40,33,197,18,179,27.037037037037038,14.814814814814813,12.222222222222221,72.96296296296296,6.666666666666667,66.2962962962963
E00174563,107,19,7,12,88,6,82,17.75700934579439,6.5420560747663545,11.214953271028037,82.2429906542056,5.607476635514018,76.63551401869158
E00174565,293,50,22,28,243,17,226,17.064846416382252,7.508532423208192,9.556313993174061,82.93515358361775,5.802047781569966,77.13310580204778
E00174566,530,73,24,49,457,40,417,13.773584905660377,4.528301886792453,9.245283018867925,86.22641509433963,7.547169811320755,78.67924528301887
E00174567,358,52,14,38,306,15,291,14.52513966480447,3.910614525139665,10.614525139664805,85.47486033519553,4.189944134078212,81.28491620111731
E00174568,326,62,25,37,264,21,243,19.018404907975462,7.668711656441718,11.349693251533742,80.98159509202453,6.441717791411043,74.5398773006135
E00174569,585,110,45,65,475,43,432,18.803418803418804,7.6923076923076925,11.11111111111111,81.19658119658119,7.350427350427351,73.84615384615385
E00174570,416,40,10,30,376,25,351,9.615384615384617,2.403846153846154,7.211538461538461,90.38461538461539,6.009615384615385,84.375
E00174571,281,42,17,25,239,25,214,14.94661921708185,6.049822064056939,8.896797153024911,85.05338078291815,8.896797153024911,76.15658362989323
E00174572,428,63,13,50,365,32,333,14.719626168224298,3.0373831775700935,11.682242990654206,85.2803738317757,7.476635514018691,77.80373831775701
E00174573,171,36,14,22,135,16,119,21.052631578947366,8.187134502923977,12.865497076023392,78.94736842105263,9.35672514619883,69.5906432748538
E00174575,256,26,7,19,230,26,204,10.15625,2.734375,7.421875,89.84375,10.15625,79.6875
E00174576,210,29,5,24,181,15,166,13.80952380952381,2.380952380952381,11.428571428571429,86.19047619047619,7.142857142857142,79.04761904761905
E00174577,207,37,16,21,170,12,158,17.874396135265698,7.729468599033816,10.144927536231885,82.1256038647343,5.797101449275362,76.32850241545893
E00174578,273,44,13,31,229,31,198,16.117216117216117,4.761904761904762,11.355311355311356,83.88278388278388,11.355311355311356,72.52747252747253
E00174579,1765,87,20,67,1678,63,1615,4.929178470254957,1.13314447592068,3.7960339943342776,95.07082152974505,3.569405099150141,91.5014164305949
E00174581,234,76,32,44,158,19,139,32.47863247863248,13.675213675213676,18.803418803418804,67.52136752136752,8.11965811965812,59.401709401709404
E00174582,256,88,61,27,168,16,152,34.375,23.828125,10.546875,65.625,6.25,59.375
E00174583,244,51,23,28,193,19,174,20.901639344262296,9.426229508196721,11.475409836065573,79.09836065573771,7.786885245901639,71.31147540983606
E00174584,175,37,16,21,138,18,120,21.142857142857142,9.142857142857142,12,78.85714285714286,10.285714285714285,68.57142857142857
E00174585,101,28,14,14,73,8,65,27.722772277227726,13.861386138613863,13.861386138613863,72.27722772277228,7.920792079207921,64.35643564356435
E00174586,348,46,22,24,302,21,281,13.218390804597702,6.321839080459771,6.896551724137931,86.7816091954023,6.0344827586206895,80.74712643678161
E00187158,515,35,10,25,480,19,461,6.796116504854369,1.9417475728155338,4.854368932038835,93.20388349514563,3.6893203883495143,89.51456310679612
E00187159,510,94,32,62,416,38,378,18.43137254901961,6.2745098039215685,12.156862745098039,81.56862745098039,7.450980392156863,74.11764705882354
E00187160,836,55,9,46,781,55,726,6.578947368421052,1.076555023923445,5.502392344497608,93.42105263157895,6.578947368421052,86.8421052631579
E00187161,513,73,30,43,440,40,400,14.230019493177387,5.847953216374268,8.382066276803119,85.7699805068226,7.797270955165692,77.97270955165692
E00187166,580,60,17,43,520,35,485,10.344827586206897,2.9310344827586206,7.413793103448276,89.65517241379311,6.0344827586206895,83.62068965517241
E00187167,176,24,5,19,152,9,143,13.636363636363635,2.840909090909091,10.795454545454545,86.36363636363636,5.113636363636364,81.25
E00187169,193,20,6,14,173,12,161,10.362694300518134,3.1088082901554404,7.253886010362693,89.63730569948186,6.217616580310881,83.41968911917098
E00187170,167,15,5,10,152,19,133,8.982035928143713,2.9940119760479043,5.9880239520958085,91.01796407185628,11.377245508982035,79.64071856287424
E00187172,447,75,27,48,372,29,343,16.778523489932887,6.0402684563758395,10.738255033557047,83.22147651006712,6.487695749440715,76.7337807606264
E00187174,118,14,5,9,104,16,88,11.864406779661017,4.23728813559322,7.627118644067797,88.13559322033898,13.559322033898304,74.57627118644068
E00187179,216,24,9,15,192,16,176,11.11111111111111,4.166666666666666,6.944444444444445,88.88888888888889,7.4074074074074066,81.48148148148148
E00187181,230,42,15,27,188,20,168,18.26086956521739,6.521739130434782,11.73913043478261,81.73913043478261,8.695652173913043,73.04347826086956
E00187189,393,78,37,41,315,17,298,19.84732824427481,9.414758269720101,10.432569974554708,80.1526717557252,4.325699745547073,75.82697201017811
E00187191,185,48,22,26,137,11,126,25.945945945945947,11.891891891891893,14.054054054054054,74.05405405405405,5.9459459459459465,68.10810810810811
E00187192,382,67,29,38,315,21,294,17.539267015706805,7.591623036649215,9.947643979057592,82.4607329842932,5.49738219895288,76.96335078534031
E00187193,99,20,9,11,79,7,72,20.2020202020202,9.090909090909092,11.11111111111111,79.7979797979798,7.07070707070707,72.72727272727273
E00187195,191,38,13,25,153,7,146,19.895287958115183,6.806282722513089,13.089005235602095,80.10471204188482,3.664921465968586,76.43979057591623
E00187196,238,35,18,17,203,5,198,14.705882352941178,7.563025210084033,7.142857142857142,85.29411764705883,2.100840336134454,83.19327731092437
E00187199,301,46,25,21,255,25,230,15.282392026578073,8.305647840531561,6.976744186046512,84.71760797342192,8.305647840531561,76.41196013289037
E00187200,349,47,11,36,302,37,265,13.46704871060172,3.151862464183381,10.315186246418339,86.53295128939828,10.601719197707736,75.93123209169055
E00187205,279,43,20,23,236,24,212,15.412186379928317,7.168458781362006,8.24372759856631,84.58781362007169,8.60215053763441,75.98566308243727
E00187206,486,35,10,25,451,43,408,7.20164609053498,2.05761316872428,5.1440329218107,92.79835390946502,8.847736625514404,83.9506172839506
E00187207,619,47,11,36,572,44,528,7.592891760904685,1.7770597738287561,5.815831987075929,92.40710823909531,7.1082390953150245,85.29886914378028
E00187209,571,60,10,50,511,46,465,10.507880910683012,1.7513134851138354,8.756567425569177,89.49211908931699,8.056042031523642,81.43607705779334
E00187212,220,25,11,14,195,10,185,11.363636363636363,5,6.363636363636363,88.63636363636364,4.545454545454546,84.0909090909091
E00187213,157,20,2,18,137,11,126,12.738853503184714,1.2738853503184715,11.464968152866243,87.26114649681529,7.006369426751593,80.2547770700637
E00187216,160,38,16,22,122,13,109,23.75,10,13.750000000000002,76.25,8.125,68.125
E00187218,366,46,17,29,320,19,301,12.568306010928962,4.644808743169399,7.923497267759563,87.43169398907104,5.191256830601093,82.24043715846994
E00187221,114,26,12,14,88,11,77,22.807017543859647,10.526315789473683,12.280701754385964,77.19298245614034,9.649122807017543,67.54385964912281
E00187225,274,37,15,22,237,34,203,13.503649635036496,5.474452554744526,8.02919708029197,86.4963503649635,12.408759124087592,74.08759124087592
E00187226,534,53,19,34,481,30,451,9.925093632958802,3.5580524344569286,6.367041198501873,90.0749063670412,5.617977528089887,84.45692883895131
E00187229,192,22,4,18,170,16,154,11.458333333333332,2.083333333333333,9.375,88.54166666666666,8.333333333333332,80.20833333333334
E00187230,485,77,23,54,408,55,353,15.876288659793813,4.742268041237113,11.134020618556702,84.12371134020619,11.34020618556701,72.78350515463917
E00187231,117,41,15,26,76,11,65,35.04273504273504,12.82051282051282,22.22222222222222,64.95726495726495,9.401709401709402,55.55555555555556
E00187237,138,21,5,16,117,12,105,15.217391304347828,3.6231884057971016,11.594202898550725,84.78260869565217,8.695652173913043,76.08695652173914
E00187240,611,26,1,25,585,36,549,4.25531914893617,0.16366612111292964,4.091653027823241,95.74468085106383,5.8919803600654665,89.85270049099836
E00187243,180,36,14,22,144,12,132,20,7.777777777777778,12.222222222222221,80,6.666666666666667,73.33333333333333
E00187250,288,34,11,23,254,26,228,11.805555555555555,3.8194444444444446,7.986111111111111,88.19444444444444,9.027777777777777,79.16666666666666
E00187251,330,37,15,22,293,22,271,11.212121212121213,4.545454545454546,6.666666666666667,88.7878787878788,6.666666666666667,82.12121212121211
E00187253,299,49,18,31,250,17,233,16.387959866220736,6.0200668896321075,10.367892976588628,83.61204013377926,5.68561872909699,77.92642140468227
E00187256,837,333,135,198,504,64,440,39.784946236559136,16.129032258064516,23.655913978494624,60.215053763440864,7.646356033452808,52.56869772998806
E00187261,377,15,0,15,362,24,338,3.978779840848806,0,3.978779840848806,96.02122015915118,6.36604774535809,89.65517241379311
E00187269,191,46,11,35,145,22,123,24.083769633507853,5.7591623036649215,18.32460732984293,75.91623036649214,11.518324607329843,64.3979057591623
E00187270,318,29,10,19,289,24,265,9.119496855345911,3.1446540880503147,5.9748427672955975,90.88050314465409,7.547169811320755,83.33333333333334
E00187271,243,37,13,24,206,26,180,15.22633744855967,5.349794238683128,9.876543209876543,84.77366255144034,10.699588477366255,74.07407407407408
E00187274,231,46,25,21,185,11,174,19.913419913419915,10.822510822510822,9.090909090909092,80.08658008658008,4.761904761904762,75.32467532467533
E00187275,101,14,5,9,87,6,81,13.861386138613863,4.9504950495049505,8.91089108910891,86.13861386138613,5.9405940594059405,80.19801980198021
E00187279,491,34,4,30,457,29,428,6.924643584521386,0.8146639511201629,6.109979633401222,93.07535641547861,5.906313645621181,87.16904276985743
E00187281,488,78,30,48,410,34,376,15.983606557377051,6.147540983606557,9.836065573770492,84.01639344262296,6.967213114754098,77.04918032786885
E00187282,552,77,30,47,475,39,436,13.949275362318842,5.434782608695652,8.51449275362319,86.05072463768117,7.065217391304348,78.98550724637681
E00187283,374,35,8,27,339,24,315,9.358288770053475,2.13903743315508,7.219251336898395,90.64171122994652,6.417112299465241,84.22459893048129
E00187286,296,30,10,20,266,29,237,10.135135135135135,3.3783783783783785,6.756756756756757,89.86486486486487,9.797297297297296,80.06756756756756
E00187288,301,25,5,20,276,17,259,8.305647840531561,1.6611295681063125,6.64451827242525,91.69435215946844,5.647840531561462,86.04651162790698
E00187289,118,28,9,19,90,10,80,23.728813559322035,7.627118644067797,16.101694915254235,76.27118644067797,8.47457627118644,67.79661016949152
E00187296,255,42,13,29,213,16,197,16.470588235294116,5.098039215686274,11.372549019607844,83.52941176470588,6.2745098039215685,77.25490196078432
E00187297,566,102,46,56,464,25,439,18.021201413427562,8.12720848056537,9.89399293286219,81.97879858657244,4.41696113074205,77.56183745583039
E00187299,494,46,16,30,448,44,404,9.31174089068826,3.2388663967611335,6.0728744939271255,90.68825910931174,8.906882591093117,81.78137651821862
E00187306,239,33,8,25,206,20,186,13.807531380753138,3.3472803347280333,10.460251046025103,86.19246861924687,8.368200836820083,77.82426778242679
E00187309,335,79,24,55,256,18,238,23.582089552238806,7.164179104477612,16.417910447761194,76.4179104477612,5.3731343283582085,71.04477611940298
E00187310,612,53,20,33,559,47,512,8.660130718954248,3.2679738562091507,5.392156862745098,91.33986928104575,7.6797385620915035,83.66013071895425
E00187317,305,53,16,37,252,22,230,17.37704918032787,5.245901639344262,12.131147540983607,82.62295081967214,7.213114754098362,75.40983606557377
E00187319,267,58,25,33,209,27,182,21.722846441947567,9.363295880149813,12.359550561797752,78.27715355805243,10.112359550561797,68.16479400749064
E00187320,617,167,82,85,450,16,434,27.06645056726094,13.290113452188008,13.776337115072934,72.93354943273907,2.593192868719611,70.34035656401944
E00187323,140,59,35,24,81,12,69,42.142857142857146,25,17.142857142857142,57.85714285714286,8.571428571428571,49.28571428571429
E00187325,121,23,10,13,98,13,85,19.00826446280992,8.264462809917356,10.743801652892563,80.99173553719008,10.743801652892563,70.24793388429752
E00187326,175,28,6,22,147,17,130,16,3.428571428571429,12.571428571428573,84,9.714285714285714,74.28571428571429
E00187327,142,28,15,13,114,7,107,19.718309859154928,10.56338028169014,9.15492957746479,80.28169014084507,4.929577464788732,75.35211267605634
E00187328,489,153,93,60,336,23,313,31.28834355828221,19.018404907975462,12.269938650306749,68.71165644171779,4.703476482617587,64.0081799591002
E00187329,152,31,13,18,121,12,109,20.394736842105264,8.552631578947368,11.842105263157894,79.60526315789474,7.894736842105263,71.71052631578947
E00187330,347,31,4,27,316,32,284,8.93371757925072,1.1527377521613833,7.780979827089338,91.06628242074927,9.221902017291066,81.84438040345822
E00187334,446,47,19,28,399,23,376,10.538116591928251,4.260089686098654,6.278026905829597,89.46188340807176,5.15695067264574,84.30493273542601
