OA,ts0380001,ts0380002,ts0380003,ts0380004,ts0380005,ts0380006,ts0380007,ts0380002_PCT,ts0380003_PCT,ts0380004_PCT,ts0380005_PCT,ts0380006_PCT,ts0380007_PCT
E00071738,314,88,34,54,226,18,208,28.02547770700637,10.828025477707007,17.197452229299362,71.97452229299363,5.7324840764331215,66.2420382165605
E00071739,371,75,32,43,296,15,281,20.21563342318059,8.62533692722372,11.590296495956872,79.78436657681941,4.0431266846361185,75.74123989218329
E00071740,359,87,42,45,272,18,254,24.233983286908078,11.699164345403899,12.534818941504177,75.76601671309191,5.013927576601671,70.75208913649024
E00071741,327,69,38,31,258,19,239,21.100917431192663,11.62079510703364,9.480122324159021,78.89908256880734,5.81039755351682,73.08868501529052
E00071742,374,118,57,61,256,20,236,31.550802139037433,15.240641711229946,16.31016042780749,68.44919786096256,5.347593582887701,63.101604278074866
E00071743,367,87,42,45,280,20,260,23.705722070844686,11.444141689373296,12.26158038147139,76.29427792915531,5.449591280653951,70.84468664850137
E00071744,410,88,41,47,322,18,304,21.463414634146343,10,11.463414634146343,78.53658536585367,4.390243902439024,74.14634146341463
E00071745,253,56,22,34,197,17,180,22.134387351778656,8.695652173913043,13.438735177865613,77.86561264822134,6.719367588932807,71.14624505928853
E00071746,394,77,32,45,317,28,289,19.543147208121827,8.121827411167512,11.421319796954315,80.45685279187818,7.1065989847715745,73.3502538071066
E00071747,300,73,29,44,227,18,209,24.333333333333336,9.666666666666666,14.666666666666666,75.66666666666667,6,69.66666666666667
E00071748,276,62,31,31,214,23,191,22.463768115942027,11.231884057971014,11.231884057971014,77.53623188405797,8.333333333333332,69.20289855072464
E00071749,349,61,28,33,288,28,260,17.478510028653297,8.022922636103152,9.455587392550143,82.52148997134671,8.022922636103152,74.49856733524355
E00071750,330,55,25,30,275,27,248,16.666666666666664,7.575757575757576,9.090909090909092,83.33333333333334,8.181818181818182,75.15151515151514
E00071751,316,67,25,42,249,20,229,21.202531645569618,7.9113924050632916,13.291139240506327,78.79746835443038,6.329113924050633,72.46835443037975
E00071752,295,58,28,30,237,21,216,19.661016949152543,9.491525423728813,10.16949152542373,80.33898305084746,7.118644067796611,73.22033898305085
E00071753,297,41,16,25,256,28,228,13.804713804713806,5.387205387205387,8.417508417508419,86.19528619528619,9.427609427609427,76.76767676767676
E00071754,227,48,13,35,179,16,163,21.145374449339208,5.726872246696035,15.418502202643172,78.8546255506608,7.048458149779736,71.80616740088107
E00071755,286,48,17,31,238,29,209,16.783216783216783,5.944055944055944,10.839160839160838,83.21678321678321,10.13986013986014,73.07692307692307
E00071756,278,91,43,48,187,17,170,32.73381294964029,15.467625899280577,17.26618705035971,67.26618705035972,6.115107913669065,61.15107913669065
E00071757,201,59,37,22,142,3,139,29.35323383084577,18.407960199004975,10.945273631840797,70.64676616915423,1.4925373134328357,69.15422885572139
E00071758,290,61,31,30,229,16,213,21.03448275862069,10.689655172413794,10.344827586206897,78.96551724137932,5.517241379310345,73.44827586206897
E00071759,248,60,25,35,188,23,165,24.193548387096776,10.080645161290322,14.112903225806454,75.80645161290323,9.274193548387096,66.53225806451613
E00071760,280,66,30,36,214,14,200,23.57142857142857,10.714285714285714,12.857142857142856,76.42857142857142,5,71.42857142857143
E00071761,282,75,38,37,207,16,191,26.595744680851062,13.47517730496454,13.120567375886525,73.40425531914893,5.673758865248227,67.73049645390071
E00071762,249,67,33,34,182,14,168,26.907630522088354,13.253012048192772,13.654618473895583,73.09236947791165,5.622489959839357,67.46987951807229
E00071763,305,82,45,37,223,19,204,26.885245901639344,14.754098360655737,12.131147540983607,73.11475409836066,6.229508196721312,66.88524590163935
E00071764,296,94,44,50,202,14,188,31.756756756756754,14.864864864864865,16.89189189189189,68.24324324324324,4.72972972972973,63.51351351351351
E00071765,308,67,27,40,241,22,219,21.753246753246753,8.766233766233766,12.987012987012985,78.24675324675324,7.142857142857142,71.1038961038961
E00071766,269,63,30,33,206,17,189,23.42007434944238,11.152416356877323,12.267657992565056,76.57992565055763,6.319702602230483,70.26022304832715
E00071767,191,68,27,41,123,12,111,35.602094240837694,14.136125654450263,21.465968586387437,64.3979057591623,6.282722513089005,58.1151832460733
E00071769,262,54,21,33,208,26,182,20.610687022900763,8.015267175572518,12.595419847328243,79.38931297709924,9.923664122137405,69.46564885496184
E00071770,353,83,33,50,270,33,237,23.512747875354105,9.34844192634561,14.164305949008499,76.48725212464589,9.34844192634561,67.13881019830028
E00071771,610,104,45,59,506,36,470,17.04918032786885,7.377049180327869,9.672131147540984,82.95081967213115,5.901639344262295,77.04918032786885
E00071772,296,79,45,34,217,10,207,26.68918918918919,15.202702702702704,11.486486486486488,73.3108108108108,3.3783783783783785,69.93243243243244
E00071773,229,35,12,23,194,18,176,15.283842794759824,5.240174672489083,10.043668122270741,84.71615720524017,7.860262008733625,76.85589519650655
E00071774,201,46,20,26,155,12,143,22.885572139303484,9.950248756218906,12.935323383084576,77.11442786069652,5.970149253731343,71.14427860696517
E00071775,308,71,22,49,237,20,217,23.051948051948052,7.142857142857142,15.909090909090908,76.94805194805194,6.493506493506493,70.45454545454545
E00071776,257,43,22,21,214,13,201,16.731517509727624,8.560311284046692,8.171206225680933,83.26848249027238,5.058365758754864,78.21011673151752
E00071777,344,85,35,50,259,10,249,24.709302325581394,10.174418604651162,14.534883720930234,75.29069767441861,2.9069767441860463,72.38372093023256
E00071778,269,67,29,38,202,18,184,24.907063197026023,10.780669144981413,14.12639405204461,75.09293680297398,6.691449814126393,68.40148698884758
E00071779,352,122,78,44,230,21,209,34.659090909090914,22.15909090909091,12.5,65.3409090909091,5.965909090909091,59.375
E00071780,221,48,26,22,173,26,147,21.71945701357466,11.76470588235294,9.95475113122172,78.28054298642535,11.76470588235294,66.51583710407239
E00071781,418,82,25,57,336,26,310,19.617224880382775,5.980861244019139,13.636363636363635,80.38277511961722,6.220095693779904,74.16267942583733
E00071782,342,87,44,43,255,23,232,25.438596491228072,12.865497076023392,12.573099415204677,74.56140350877193,6.725146198830409,67.83625730994152
E00071783,330,92,42,50,238,21,217,27.878787878787882,12.727272727272727,15.151515151515152,72.12121212121212,6.363636363636363,65.75757575757576
E00071784,360,65,34,31,295,11,284,18.055555555555554,9.444444444444445,8.61111111111111,81.94444444444444,3.0555555555555554,78.88888888888889
E00071785,300,84,49,35,216,16,200,28.000000000000004,16.333333333333332,11.666666666666666,72,5.333333333333334,66.66666666666666
E00071786,343,107,67,40,236,18,218,31.195335276967928,19.533527696793,11.661807580174926,68.80466472303208,5.247813411078718,63.55685131195335
E00071787,261,68,27,41,193,17,176,26.053639846743295,10.344827586206897,15.708812260536398,73.9463601532567,6.513409961685824,67.43295019157088
E00071788,242,49,21,28,193,21,172,20.24793388429752,8.677685950413224,11.570247933884298,79.75206611570248,8.677685950413224,71.07438016528926
E00071789,236,51,20,31,185,8,177,21.610169491525426,8.47457627118644,13.135593220338984,78.38983050847457,3.389830508474576,75
E00071790,275,46,22,24,229,23,206,16.727272727272727,8,8.727272727272728,83.27272727272728,8.363636363636363,74.90909090909092
E00071791,226,58,30,28,168,15,153,25.663716814159294,13.274336283185843,12.389380530973451,74.33628318584071,6.637168141592921,67.69911504424779
E00071792,262,58,28,30,204,19,185,22.137404580152673,10.687022900763358,11.450381679389313,77.86259541984732,7.251908396946565,70.61068702290076
E00071793,265,43,28,15,222,13,209,16.22641509433962,10.566037735849058,5.660377358490567,83.77358490566039,4.905660377358491,78.8679245283019
E00071794,253,63,23,40,190,26,164,24.90118577075099,9.090909090909092,15.810276679841898,75.09881422924902,10.276679841897234,64.82213438735178
E00071795,304,51,20,31,253,32,221,16.776315789473685,6.578947368421052,10.197368421052632,83.22368421052632,10.526315789473683,72.69736842105263
E00071796,279,69,29,40,210,10,200,24.731182795698924,10.39426523297491,14.336917562724013,75.26881720430107,3.584229390681003,71.68458781362007
E00071797,292,123,51,72,169,15,154,42.12328767123288,17.465753424657535,24.65753424657534,57.87671232876712,5.136986301369863,52.73972602739726
E00071798,303,70,37,33,233,17,216,23.1023102310231,12.211221122112212,10.891089108910892,76.89768976897689,5.6105610561056105,71.28712871287128
E00071799,356,97,48,49,259,10,249,27.247191011235955,13.48314606741573,13.764044943820226,72.75280898876404,2.8089887640449436,69.9438202247191
E00071800,211,57,30,27,154,17,137,27.014218009478675,14.218009478672986,12.796208530805686,72.98578199052133,8.056872037914692,64.92890995260665
E00071801,263,49,21,28,214,37,177,18.631178707224336,7.984790874524715,10.646387832699618,81.36882129277566,14.068441064638785,67.30038022813687
E00071802,360,79,34,45,281,16,265,21.944444444444443,9.444444444444445,12.5,78.05555555555556,4.444444444444445,73.61111111111111
E00071803,327,72,30,42,255,12,243,22.018348623853214,9.174311926605505,12.844036697247708,77.98165137614679,3.669724770642202,74.31192660550458
E00071804,314,92,43,49,222,16,206,29.29936305732484,13.694267515923567,15.605095541401273,70.70063694267516,5.095541401273886,65.60509554140127
E00071805,312,86,35,51,226,12,214,27.564102564102566,11.217948717948719,16.346153846153847,72.43589743589743,3.8461538461538463,68.58974358974359
E00071806,348,80,37,43,268,13,255,22.988505747126435,10.632183908045976,12.35632183908046,77.01149425287356,3.7356321839080464,73.27586206896551
E00071807,344,85,34,51,259,16,243,24.709302325581394,9.883720930232558,14.825581395348838,75.29069767441861,4.651162790697675,70.63953488372093
E00071808,293,78,36,42,215,14,201,26.621160409556317,12.286689419795222,14.334470989761092,73.37883959044369,4.778156996587031,68.60068259385666
E00071809,320,66,37,29,254,12,242,20.625,11.5625,9.0625,79.375,3.75,75.625
E00071810,373,78,39,39,295,11,284,20.91152815013405,10.455764075067025,10.455764075067025,79.08847184986595,2.949061662198391,76.13941018766755
E00071811,321,69,36,33,252,17,235,21.49532710280374,11.214953271028037,10.2803738317757,78.50467289719626,5.29595015576324,73.20872274143302
E00071812,319,86,47,39,233,8,225,26.959247648902824,14.733542319749215,12.225705329153605,73.04075235109718,2.507836990595611,70.53291536050156
E00071813,264,83,35,48,181,14,167,31.439393939393938,13.257575757575758,18.181818181818183,68.56060606060606,5.303030303030303,63.25757575757576
E00071814,308,67,29,38,241,13,228,21.753246753246753,9.415584415584416,12.337662337662337,78.24675324675324,4.220779220779221,74.02597402597402
E00071815,318,70,33,37,248,13,235,22.0125786163522,10.377358490566039,11.635220125786164,77.9874213836478,4.088050314465408,73.89937106918238
E00071816,293,74,34,40,219,7,212,25.25597269624573,11.604095563139932,13.651877133105803,74.74402730375427,2.3890784982935154,72.35494880546075
E00071817,343,78,36,42,265,14,251,22.740524781341108,10.495626822157435,12.244897959183673,77.25947521865889,4.081632653061225,73.17784256559767
E00071818,386,82,30,52,304,26,278,21.243523316062177,7.772020725388601,13.471502590673575,78.75647668393782,6.7357512953367875,72.02072538860104
E00071820,173,35,21,14,138,7,131,20.23121387283237,12.138728323699421,8.092485549132949,79.76878612716763,4.046242774566474,75.72254335260115
E00071821,328,62,27,35,266,16,250,18.902439024390244,8.231707317073171,10.670731707317072,81.09756097560977,4.878048780487805,76.21951219512195
E00071824,244,52,19,33,192,21,171,21.311475409836063,7.786885245901639,13.524590163934427,78.68852459016394,8.60655737704918,70.08196721311475
E00071825,302,59,26,33,243,19,224,19.5364238410596,8.609271523178808,10.927152317880795,80.4635761589404,6.291390728476822,74.17218543046357
E00071826,284,64,26,38,220,17,203,22.535211267605636,9.15492957746479,13.380281690140844,77.46478873239437,5.985915492957746,71.47887323943662
E00071827,183,97,61,36,86,5,81,53.00546448087432,33.33333333333333,19.672131147540984,46.994535519125684,2.73224043715847,44.26229508196721
E00071828,254,87,51,36,167,12,155,34.25196850393701,20.078740157480315,14.173228346456693,65.74803149606299,4.724409448818897,61.023622047244096
E00071829,397,72,30,42,325,15,310,18.1360201511335,7.5566750629722925,10.579345088161208,81.86397984886649,3.7783375314861463,78.08564231738035
E00071831,248,51,28,23,197,8,189,20.56451612903226,11.29032258064516,9.274193548387096,79.43548387096774,3.225806451612903,76.20967741935483
E00071832,265,69,38,31,196,13,183,26.037735849056602,14.339622641509434,11.69811320754717,73.9622641509434,4.905660377358491,69.0566037735849
E00071833,241,53,25,28,188,19,169,21.991701244813278,10.37344398340249,11.618257261410788,78.00829875518673,7.883817427385892,70.12448132780082
E00071835,304,88,45,43,216,17,199,28.947368421052634,14.802631578947366,14.144736842105262,71.05263157894737,5.592105263157895,65.46052631578947
E00071836,295,63,29,34,232,20,212,21.35593220338983,9.830508474576272,11.525423728813559,78.64406779661017,6.779661016949152,71.86440677966101
E00071837,233,67,28,39,166,15,151,28.75536480686695,12.017167381974248,16.738197424892704,71.24463519313305,6.437768240343347,64.8068669527897
E00071838,253,61,20,41,192,18,174,24.110671936758894,7.905138339920949,16.205533596837945,75.8893280632411,7.114624505928854,68.77470355731225
E00071839,240,44,22,22,196,17,179,18.333333333333332,9.166666666666666,9.166666666666666,81.66666666666667,7.083333333333333,74.58333333333333
E00071840,263,68,37,31,195,12,183,25.85551330798479,14.068441064638785,11.787072243346007,74.1444866920152,4.562737642585551,69.58174904942965
E00071841,235,40,16,24,195,12,183,17.02127659574468,6.808510638297872,10.212765957446807,82.97872340425532,5.106382978723404,77.87234042553192
E00071842,232,50,25,25,182,6,176,21.551724137931032,10.775862068965516,10.775862068965516,78.44827586206897,2.586206896551724,75.86206896551724
E00071843,143,52,23,29,91,11,80,36.36363636363637,16.083916083916083,20.27972027972028,63.63636363636363,7.6923076923076925,55.94405594405595
E00071844,257,61,34,27,196,13,183,23.73540856031128,13.229571984435799,10.505836575875486,76.26459143968872,5.058365758754864,71.20622568093385
E00071845,406,83,31,52,323,23,300,20.44334975369458,7.635467980295567,12.807881773399016,79.55665024630541,5.665024630541872,73.89162561576354
E00071846,194,58,32,26,136,9,127,29.896907216494846,16.49484536082474,13.402061855670103,70.10309278350515,4.639175257731959,65.4639175257732
E00071847,237,56,22,34,181,20,161,23.628691983122362,9.282700421940929,14.345991561181433,76.37130801687763,8.438818565400844,67.9324894514768
E00071848,246,49,22,27,197,23,174,19.91869918699187,8.94308943089431,10.975609756097562,80.08130081300813,9.34959349593496,70.73170731707317
E00071849,359,65,39,26,294,7,287,18.105849582172702,10.86350974930362,7.242339832869081,81.89415041782729,1.9498607242339834,79.94428969359332
E00071850,201,42,16,26,159,7,152,20.8955223880597,7.960199004975125,12.935323383084576,79.1044776119403,3.482587064676617,75.62189054726367
E00071851,237,55,22,33,182,15,167,23.20675105485232,9.282700421940929,13.924050632911392,76.79324894514767,6.329113924050633,70.46413502109705
E00071852,287,70,32,38,217,16,201,24.390243902439025,11.149825783972126,13.240418118466899,75.60975609756098,5.574912891986063,70.03484320557492
E00071853,246,76,39,37,170,15,155,30.89430894308943,15.853658536585366,15.040650406504067,69.10569105691057,6.097560975609756,63.00813008130082
E00071855,303,60,25,35,243,13,230,19.801980198019802,8.25082508250825,11.55115511551155,80.19801980198021,4.29042904290429,75.9075907590759
E00071856,250,50,24,26,200,16,184,20,9.6,10.4,80,6.4,73.6
E00071859,364,79,31,48,285,17,268,21.703296703296704,8.516483516483516,13.186813186813188,78.2967032967033,4.670329670329671,73.62637362637363
E00071860,308,58,28,30,250,17,233,18.83116883116883,9.090909090909092,9.740259740259742,81.16883116883116,5.51948051948052,75.64935064935064
E00071861,179,74,37,37,105,13,92,41.340782122905026,20.670391061452513,20.670391061452513,58.659217877094974,7.262569832402235,51.39664804469274
E00071862,234,67,31,36,167,11,156,28.63247863247863,13.247863247863249,15.384615384615385,71.36752136752136,4.700854700854701,66.66666666666666
E00071863,281,85,30,55,196,21,175,30.2491103202847,10.676156583629894,19.572953736654807,69.7508896797153,7.473309608540925,62.27758007117438
E00071864,300,87,46,41,213,12,201,28.999999999999996,15.333333333333332,13.666666666666666,71,4,67
E00071865,268,74,41,33,194,26,168,27.611940298507463,15.298507462686567,12.313432835820896,72.38805970149254,9.701492537313433,62.68656716417911
E00071866,477,162,91,71,315,14,301,33.9622641509434,19.07756813417191,14.884696016771489,66.0377358490566,2.9350104821802936,63.102725366876314
E00071867,319,71,32,39,248,16,232,22.25705329153605,10.031347962382444,12.225705329153605,77.74294670846395,5.015673981191222,72.72727272727273
E00071868,319,79,36,43,240,26,214,24.76489028213166,11.285266457680251,13.479623824451412,75.23510971786834,8.150470219435736,67.0846394984326
E00071869,325,112,59,53,213,14,199,34.46153846153846,18.153846153846153,16.307692307692307,65.53846153846153,4.3076923076923075,61.23076923076923
E00071870,294,69,34,35,225,19,206,23.46938775510204,11.564625850340136,11.904761904761903,76.53061224489795,6.462585034013606,70.06802721088435
E00071871,211,51,24,27,160,19,141,24.170616113744074,11.374407582938389,12.796208530805686,75.82938388625593,9.004739336492891,66.82464454976304
E00071872,270,61,29,32,209,14,195,22.59259259259259,10.74074074074074,11.851851851851853,77.4074074074074,5.185185185185185,72.22222222222221
E00071873,337,63,26,37,274,23,251,18.694362017804153,7.71513353115727,10.979228486646884,81.30563798219585,6.824925816023739,74.4807121661721
E00071874,273,54,36,18,219,19,200,19.78021978021978,13.186813186813188,6.593406593406594,80.21978021978022,6.95970695970696,73.26007326007326
E00071875,384,96,42,54,288,19,269,25,10.9375,14.0625,75,4.947916666666666,70.05208333333334
E00071876,282,48,18,30,234,27,207,17.02127659574468,6.382978723404255,10.638297872340425,82.97872340425532,9.574468085106384,73.40425531914893
E00071877,353,75,31,44,278,32,246,21.246458923512748,8.78186968838527,12.464589235127479,78.75354107648725,9.06515580736544,69.68838526912181
E00071878,314,74,30,44,240,22,218,23.56687898089172,9.554140127388536,14.012738853503185,76.43312101910828,7.006369426751593,69.42675159235668
E00071879,353,69,32,37,284,28,256,19.54674220963173,9.06515580736544,10.48158640226629,80.45325779036827,7.932011331444759,72.52124645892351
E00071880,230,58,18,40,172,11,161,25.217391304347824,7.82608695652174,17.391304347826086,74.78260869565217,4.782608695652174,70
E00071881,388,69,30,39,319,31,288,17.783505154639176,7.731958762886598,10.051546391752577,82.21649484536083,7.989690721649484,74.22680412371135
E00071882,295,62,27,35,233,14,219,21.01694915254237,9.152542372881356,11.864406779661017,78.98305084745762,4.745762711864407,74.23728813559322
E00071883,312,61,32,29,251,23,228,19.55128205128205,10.256410256410255,9.294871794871796,80.44871794871796,7.371794871794872,73.07692307692307
E00071884,292,85,37,48,207,19,188,29.10958904109589,12.67123287671233,16.43835616438356,70.8904109589041,6.506849315068493,64.38356164383562
E00071885,284,66,34,32,218,19,199,23.239436619718308,11.971830985915492,11.267605633802818,76.76056338028168,6.690140845070422,70.07042253521126
E00071886,420,97,44,53,323,16,307,23.095238095238095,10.476190476190476,12.619047619047619,76.90476190476191,3.8095238095238098,73.09523809523809
E00071887,249,72,24,48,177,13,164,28.915662650602407,9.63855421686747,19.27710843373494,71.08433734939759,5.220883534136546,65.86345381526104
E00071888,214,49,21,28,165,13,152,22.897196261682243,9.813084112149532,13.084112149532709,77.10280373831776,6.074766355140187,71.02803738317756
E00071889,328,77,39,38,251,14,237,23.47560975609756,11.890243902439025,11.585365853658537,76.52439024390245,4.2682926829268295,72.2560975609756
E00071890,331,76,46,30,255,22,233,22.9607250755287,13.897280966767372,9.06344410876133,77.0392749244713,6.646525679758309,70.39274924471299
E00071891,314,59,22,37,255,27,228,18.789808917197455,7.006369426751593,11.78343949044586,81.21019108280255,8.598726114649681,72.61146496815286
E00071892,212,46,19,27,166,22,144,21.69811320754717,8.962264150943396,12.735849056603774,78.30188679245283,10.377358490566039,67.9245283018868
E00071893,338,86,47,39,252,16,236,25.443786982248522,13.905325443786982,11.538461538461538,74.55621301775149,4.733727810650888,69.8224852071006
E00071894,457,138,95,43,319,31,288,30.196936542669583,20.787746170678336,9.409190371991247,69.80306345733041,6.783369803063458,63.01969365426696
E00071895,344,89,43,46,255,19,236,25.872093023255815,12.5,13.372093023255813,74.12790697674419,5.523255813953488,68.6046511627907
E00071896,303,81,29,52,222,23,199,26.732673267326735,9.570957095709572,17.16171617161716,73.26732673267327,7.590759075907591,65.67656765676567
E00071897,252,53,26,27,199,14,185,21.03174603174603,10.317460317460316,10.714285714285714,78.96825396825396,5.555555555555555,73.4126984126984
E00071898,306,84,37,47,222,15,207,27.450980392156865,12.091503267973856,15.359477124183007,72.54901960784314,4.901960784313726,67.64705882352942
E00071900,326,65,30,35,261,24,237,19.938650306748464,9.202453987730062,10.736196319018406,80.06134969325154,7.361963190184049,72.69938650306749
E00071901,323,62,26,36,261,24,237,19.195046439628484,8.04953560371517,11.145510835913312,80.80495356037152,7.430340557275541,73.37461300309597
E00071902,259,46,15,31,213,15,198,17.760617760617762,5.7915057915057915,11.96911196911197,82.23938223938224,5.7915057915057915,76.44787644787645
E00071903,250,53,32,21,197,19,178,21.2,12.8,8.4,78.8,7.6,71.2
E00071904,330,110,72,38,220,29,191,33.33333333333333,21.818181818181817,11.515151515151516,66.66666666666666,8.787878787878787,57.878787878787875
E00071905,332,74,34,40,258,12,246,22.289156626506024,10.240963855421686,12.048192771084338,77.71084337349397,3.614457831325301,74.09638554216868
E00071906,324,51,29,22,273,12,261,15.74074074074074,8.950617283950617,6.790123456790123,84.25925925925925,3.7037037037037033,80.55555555555556
E00071907,232,87,42,45,145,11,134,37.5,18.103448275862068,19.396551724137932,62.5,4.741379310344827,57.758620689655174
E00071908,259,80,37,43,179,22,157,30.888030888030887,14.285714285714285,16.602316602316602,69.1119691119691,8.494208494208493,60.61776061776062
E00071909,264,58,17,41,206,13,193,21.96969696969697,6.4393939393939394,15.530303030303031,78.03030303030303,4.924242424242424,73.10606060606061
E00071910,323,66,26,40,257,20,237,20.43343653250774,8.04953560371517,12.38390092879257,79.56656346749226,6.191950464396285,73.37461300309597
E00071911,369,70,29,41,299,18,281,18.97018970189702,7.8590785907859075,11.11111111111111,81.02981029810297,4.878048780487805,76.15176151761518
E00071912,278,67,38,29,211,11,200,24.100719424460433,13.66906474820144,10.431654676258994,75.89928057553958,3.9568345323741005,71.94244604316546
E00071913,294,62,33,29,232,23,209,21.08843537414966,11.224489795918368,9.863945578231291,78.91156462585033,7.8231292517006805,71.08843537414967
E00071914,294,76,37,39,218,10,208,25.850340136054424,12.585034013605442,13.26530612244898,74.14965986394559,3.4013605442176873,70.74829931972789
E00071915,322,63,31,32,259,36,223,19.565217391304348,9.627329192546584,9.937888198757763,80.43478260869566,11.180124223602485,69.25465838509317
E00071916,310,60,25,35,250,8,242,19.35483870967742,8.064516129032258,11.29032258064516,80.64516129032258,2.5806451612903225,78.06451612903226
E00071917,506,81,38,43,425,32,393,16.007905138339922,7.5098814229249005,8.49802371541502,83.99209486166008,6.324110671936759,77.66798418972331
E00071918,400,136,99,37,264,12,252,34,24.75,9.25,66,3,63
E00071919,221,57,29,28,164,13,151,25.791855203619914,13.122171945701359,12.669683257918551,74.2081447963801,5.88235294117647,68.32579185520362
E00071920,214,55,29,26,159,23,136,25.70093457943925,13.551401869158877,12.149532710280374,74.29906542056075,10.74766355140187,63.55140186915887
E00071921,313,50,26,24,263,23,240,15.974440894568689,8.30670926517572,7.667731629392971,84.02555910543131,7.348242811501597,76.6773162939297
E00071922,361,73,36,37,288,19,269,20.221606648199447,9.97229916897507,10.249307479224377,79.77839335180056,5.263157894736842,74.51523545706371
E00071923,339,60,26,34,279,17,262,17.699115044247787,7.669616519174041,10.029498525073747,82.30088495575221,5.014749262536873,77.28613569321534
E00071924,308,64,26,38,244,14,230,20.77922077922078,8.441558441558442,12.337662337662337,79.22077922077922,4.545454545454546,74.67532467532467
E00071925,232,48,23,25,184,13,171,20.689655172413794,9.913793103448276,10.775862068965516,79.3103448275862,5.603448275862069,73.70689655172413
E00071926,268,72,35,37,196,12,184,26.865671641791046,13.059701492537313,13.805970149253731,73.13432835820896,4.477611940298507,68.65671641791045
E00071927,214,40,17,23,174,14,160,18.69158878504673,7.943925233644859,10.74766355140187,81.30841121495327,6.5420560747663545,74.76635514018692
E00071928,246,61,35,26,185,15,170,24.796747967479675,14.227642276422763,10.569105691056912,75.20325203252033,6.097560975609756,69.10569105691057
E00071929,112,38,24,14,74,7,67,33.92857142857143,21.428571428571427,12.5,66.07142857142857,6.25,59.82142857142857
E00071930,347,74,38,36,273,12,261,21.32564841498559,10.951008645533141,10.37463976945245,78.6743515850144,3.45821325648415,75.21613832853026
E00071931,300,40,16,24,260,20,240,13.333333333333334,5.333333333333334,8,86.66666666666667,6.666666666666667,80
E00071932,291,63,27,36,228,25,203,21.649484536082475,9.278350515463918,12.371134020618557,78.35051546391753,8.59106529209622,69.7594501718213
E00071933,266,72,27,45,194,20,174,27.06766917293233,10.150375939849624,16.917293233082706,72.93233082706767,7.518796992481203,65.41353383458647
E00071934,325,88,42,46,237,17,220,27.076923076923077,12.923076923076923,14.153846153846153,72.92307692307692,5.230769230769231,67.6923076923077
E00071935,377,99,51,48,278,24,254,26.25994694960212,13.527851458885943,12.73209549071618,73.74005305039788,6.36604774535809,67.37400530503979
E00071936,321,76,36,40,245,20,225,23.67601246105919,11.214953271028037,12.461059190031152,76.32398753894081,6.230529595015576,70.09345794392523
E00071937,292,82,42,40,210,18,192,28.08219178082192,14.383561643835616,13.698630136986301,71.91780821917808,6.164383561643835,65.75342465753424
E00071938,248,45,14,31,203,18,185,18.14516129032258,5.64516129032258,12.5,81.85483870967742,7.258064516129033,74.59677419354838
E00071939,280,65,26,39,215,13,202,23.214285714285715,9.285714285714286,13.928571428571429,76.78571428571429,4.642857142857143,72.14285714285714
E00071940,277,57,15,42,220,22,198,20.577617328519857,5.415162454873646,15.162454873646208,79.42238267148014,7.9422382671480145,71.48014440433214
E00071941,300,62,35,27,238,17,221,20.666666666666668,11.666666666666666,9,79.33333333333333,5.666666666666666,73.66666666666667
E00071942,270,60,25,35,210,11,199,22.22222222222222,9.25925925925926,12.962962962962962,77.77777777777779,4.074074074074074,73.70370370370371
E00071943,355,60,21,39,295,25,270,16.901408450704224,5.915492957746479,10.985915492957748,83.09859154929578,7.042253521126761,76.05633802816901
E00071944,306,59,20,39,247,20,227,19.28104575163399,6.535947712418301,12.745098039215685,80.71895424836602,6.535947712418301,74.18300653594771
E00071946,388,78,45,33,310,13,297,20.103092783505154,11.597938144329897,8.505154639175258,79.89690721649485,3.350515463917526,76.5463917525773
E00071947,410,62,27,35,348,6,342,15.121951219512194,6.585365853658537,8.536585365853659,84.8780487804878,1.4634146341463417,83.41463414634146
E00071948,461,68,34,34,393,11,382,14.75054229934924,7.37527114967462,7.37527114967462,85.24945770065075,2.386117136659436,82.86334056399133
E00071949,540,78,34,44,462,27,435,14.444444444444443,6.296296296296296,8.148148148148149,85.55555555555556,5,80.55555555555556
E00071950,308,53,20,33,255,17,238,17.20779220779221,6.493506493506493,10.714285714285714,82.79220779220779,5.51948051948052,77.27272727272727
E00071952,270,71,38,33,199,9,190,26.296296296296294,14.074074074074074,12.222222222222221,73.70370370370371,3.3333333333333335,70.37037037037037
E00071953,167,33,19,14,134,12,122,19.760479041916167,11.377245508982035,8.383233532934131,80.23952095808383,7.18562874251497,73.05389221556887
E00071954,252,87,49,38,165,14,151,34.523809523809526,19.444444444444446,15.079365079365079,65.47619047619048,5.555555555555555,59.92063492063492
E00071955,169,53,26,27,116,6,110,31.360946745562128,15.384615384615385,15.976331360946746,68.63905325443787,3.5502958579881656,65.08875739644971
E00071956,284,49,26,23,235,6,229,17.253521126760564,9.15492957746479,8.098591549295776,82.74647887323944,2.112676056338028,80.63380281690141
E00071957,324,39,13,26,285,27,258,12.037037037037036,4.012345679012346,8.024691358024691,87.96296296296296,8.333333333333332,79.62962962962963
E00071958,481,109,51,58,372,25,347,22.66112266112266,10.602910602910603,12.058212058212058,77.33887733887734,5.197505197505198,72.14137214137214
E00071959,299,77,31,46,222,17,205,25.75250836120401,10.367892976588628,15.384615384615385,74.24749163879598,5.68561872909699,68.56187290969899
E00071960,306,66,30,36,240,24,216,21.568627450980394,9.803921568627452,11.76470588235294,78.43137254901961,7.8431372549019605,70.58823529411765
E00071961,309,48,21,27,261,24,237,15.53398058252427,6.796116504854369,8.737864077669903,84.46601941747572,7.766990291262135,76.69902912621359
E00071962,267,54,29,25,213,14,199,20.224719101123593,10.861423220973784,9.363295880149813,79.7752808988764,5.2434456928838955,74.53183520599251
E00071963,256,73,37,36,183,11,172,28.515625,14.453125,14.0625,71.484375,4.296875,67.1875
E00071964,158,30,15,15,128,8,120,18.9873417721519,9.49367088607595,9.49367088607595,81.0126582278481,5.063291139240507,75.9493670886076
E00071965,253,52,24,28,201,18,183,20.55335968379447,9.486166007905137,11.067193675889328,79.44664031620553,7.114624505928854,72.33201581027669
E00071966,389,68,43,25,321,7,314,17.480719794344473,11.053984575835475,6.426735218508997,82.51928020565553,1.7994858611825193,80.719794344473
E00071967,339,57,24,33,282,13,269,16.8141592920354,7.079646017699115,9.734513274336283,83.1858407079646,3.8348082595870205,79.35103244837758
E00071968,288,44,13,31,244,14,230,15.277777777777779,4.513888888888888,10.76388888888889,84.72222222222221,4.861111111111112,79.86111111111111
E00071969,373,115,61,54,258,23,235,30.831099195710454,16.353887399463808,14.47721179624665,69.16890080428955,6.166219839142091,63.00268096514745
E00071970,373,67,42,25,306,16,290,17.962466487935657,11.26005361930295,6.702412868632708,82.03753351206434,4.289544235924933,77.7479892761394
E00071971,561,76,37,39,485,7,478,13.547237076648841,6.59536541889483,6.951871657754011,86.45276292335116,1.2477718360071302,85.20499108734403
E00071972,456,120,82,38,336,10,326,26.31578947368421,17.982456140350877,8.333333333333332,73.68421052631578,2.1929824561403506,71.49122807017544
E00071973,247,51,26,25,196,12,184,20.647773279352226,10.526315789473683,10.121457489878543,79.35222672064778,4.8582995951417,74.49392712550608
E00071974,419,71,24,47,348,32,316,16.94510739856802,5.727923627684964,11.217183770883054,83.05489260143199,7.637231503579953,75.41766109785203
E00071975,239,64,41,23,175,12,163,26.778242677824267,17.154811715481173,9.623430962343097,73.22175732217573,5.02092050209205,68.20083682008368
E00071976,388,72,31,41,316,16,300,18.556701030927837,7.989690721649484,10.56701030927835,81.44329896907216,4.123711340206185,77.31958762886599
E00071977,283,88,57,31,195,15,180,31.09540636042403,20.141342756183743,10.954063604240282,68.90459363957598,5.30035335689046,63.60424028268551
E00071978,276,49,14,35,227,18,209,17.753623188405797,5.072463768115942,12.681159420289855,82.2463768115942,6.521739130434782,75.72463768115942
E00071979,331,50,22,28,281,16,265,15.105740181268882,6.646525679758309,8.459214501510575,84.89425981873111,4.833836858006042,80.06042296072508
E00071980,229,40,15,25,189,22,167,17.46724890829694,6.550218340611353,10.91703056768559,82.53275109170306,9.606986899563319,72.92576419213974
E00071981,313,49,21,28,264,23,241,15.654952076677317,6.7092651757188495,8.945686900958465,84.34504792332268,7.348242811501597,76.99680511182109
E00071984,385,108,57,51,277,11,266,28.05194805194805,14.805194805194805,13.246753246753245,71.94805194805195,2.857142857142857,69.0909090909091
E00071985,259,56,23,33,203,24,179,21.62162162162162,8.880308880308881,12.741312741312742,78.37837837837837,9.266409266409266,69.1119691119691
E00071986,403,107,54,53,296,27,269,26.550868486352357,13.399503722084367,13.151364764267989,73.44913151364764,6.699751861042183,66.74937965260546
E00071987,249,96,62,34,153,19,134,38.55421686746988,24.899598393574294,13.654618473895583,61.44578313253012,7.630522088353414,53.81526104417671
E00071988,287,74,26,48,213,28,185,25.78397212543554,9.059233449477352,16.72473867595819,74.21602787456446,9.75609756097561,64.45993031358886
E00071989,334,73,37,36,261,27,234,21.856287425149702,11.077844311377245,10.778443113772456,78.1437125748503,8.08383233532934,70.05988023952095
E00071990,367,53,25,28,314,29,285,14.441416893732969,6.811989100817439,7.629427792915531,85.55858310626702,7.901907356948229,77.65667574931881
E00071991,253,67,35,32,186,14,172,26.48221343873518,13.83399209486166,12.648221343873518,73.51778656126481,5.533596837944664,67.98418972332016
E00071992,265,66,29,37,199,23,176,24.90566037735849,10.943396226415095,13.962264150943396,75.09433962264151,8.679245283018867,66.41509433962264
E00071993,336,58,23,35,278,25,253,17.261904761904763,6.845238095238096,10.416666666666668,82.73809523809523,7.440476190476191,75.29761904761905
E00071994,363,86,55,31,277,16,261,23.69146005509642,15.151515151515152,8.539944903581267,76.30853994490359,4.40771349862259,71.900826446281
E00071995,234,83,39,44,151,14,137,35.47008547008547,16.666666666666664,18.803418803418804,64.52991452991454,5.982905982905983,58.54700854700855
E00071996,374,38,17,21,336,25,311,10.16042780748663,4.545454545454546,5.614973262032086,89.83957219251337,6.684491978609626,83.15508021390374
E00071997,228,46,21,25,182,20,162,20.175438596491226,9.210526315789473,10.964912280701753,79.82456140350878,8.771929824561402,71.05263157894737
E00071998,284,62,25,37,222,16,206,21.830985915492956,8.80281690140845,13.028169014084506,78.16901408450704,5.633802816901409,72.53521126760563
E00071999,334,69,39,30,265,9,256,20.65868263473054,11.676646706586826,8.982035928143713,79.34131736526946,2.694610778443114,76.64670658682635
E00072000,256,56,23,33,200,25,175,21.875,8.984375,12.890625,78.125,9.765625,68.359375
E00072002,289,53,28,25,236,17,219,18.33910034602076,9.688581314878892,8.650519031141869,81.66089965397923,5.88235294117647,75.77854671280276
E00072003,291,94,47,47,197,16,181,32.302405498281786,16.151202749140893,16.151202749140893,67.69759450171821,5.498281786941581,62.19931271477663
E00072004,346,84,39,45,262,23,239,24.277456647398843,11.271676300578035,13.005780346820808,75.72254335260115,6.6473988439306355,69.07514450867052
E00072005,330,82,42,40,248,13,235,24.848484848484848,12.727272727272727,12.121212121212121,75.15151515151514,3.939393939393939,71.21212121212122
E00072006,264,52,23,29,212,16,196,19.696969696969695,8.712121212121213,10.984848484848484,80.3030303030303,6.0606060606060606,74.24242424242425
E00072007,233,56,25,31,177,22,155,24.034334763948497,10.72961373390558,13.304721030042918,75.9656652360515,9.44206008583691,66.52360515021459
E00072008,307,70,26,44,237,17,220,22.80130293159609,8.469055374592834,14.332247557003258,77.19869706840392,5.537459283387622,71.66123778501628
E00072009,333,76,45,31,257,20,237,22.822822822822822,13.513513513513514,9.30930930930931,77.17717717717719,6.006006006006006,71.17117117117117
E00072010,248,67,34,33,181,12,169,27.016129032258064,13.709677419354838,13.306451612903224,72.98387096774194,4.838709677419355,68.14516129032258
E00072011,301,71,32,39,230,18,212,23.588039867109632,10.631229235880399,12.956810631229235,76.41196013289037,5.980066445182724,70.43189368770764
E00072012,291,44,20,24,247,17,230,15.120274914089347,6.872852233676976,8.24742268041237,84.87972508591065,5.841924398625429,79.03780068728523
E00072013,414,79,40,39,335,17,318,19.082125603864732,9.66183574879227,9.420289855072465,80.91787439613528,4.1062801932367154,76.81159420289855
E00072014,393,90,40,50,303,20,283,22.900763358778626,10.178117048346055,12.72264631043257,77.09923664122137,5.089058524173027,72.01017811704835
E00072015,408,113,60,53,295,19,276,27.696078431372552,14.705882352941178,12.990196078431374,72.30392156862744,4.6568627450980395,67.64705882352942
E00072016,336,54,25,29,282,30,252,16.071428571428573,7.440476190476191,8.630952380952381,83.92857142857143,8.928571428571429,75
E00072017,260,49,26,23,211,22,189,18.846153846153847,10,8.846153846153847,81.15384615384616,8.461538461538462,72.6923076923077
E00072018,280,45,17,28,235,23,212,16.071428571428573,6.071428571428571,10,83.92857142857143,8.214285714285714,75.71428571428571
E00072019,255,50,22,28,205,18,187,19.607843137254903,8.627450980392156,10.980392156862745,80.3921568627451,7.0588235294117645,73.33333333333333
E00072021,262,66,28,38,196,23,173,25.190839694656486,10.687022900763358,14.50381679389313,74.80916030534351,8.778625954198473,66.03053435114504
E00072022,536,49,9,40,487,48,439,9.14179104477612,1.6791044776119404,7.462686567164178,90.85820895522389,8.955223880597014,81.90298507462687
E00072023,312,84,41,43,228,8,220,26.923076923076923,13.141025641025642,13.782051282051283,73.07692307692307,2.564102564102564,70.51282051282051
E00072024,225,39,19,20,186,18,168,17.333333333333336,8.444444444444445,8.88888888888889,82.66666666666667,8,74.66666666666667
E00072025,278,58,23,35,220,20,200,20.863309352517987,8.273381294964029,12.589928057553957,79.13669064748201,7.1942446043165464,71.94244604316546
E00072027,256,81,35,46,175,8,167,31.640625,13.671875,17.96875,68.359375,3.125,65.234375
E00072028,279,58,25,33,221,25,196,20.78853046594982,8.960573476702509,11.827956989247312,79.21146953405018,8.960573476702509,70.25089605734766
E00072029,314,60,26,34,254,26,228,19.10828025477707,8.280254777070063,10.828025477707007,80.89171974522293,8.280254777070063,72.61146496815286
E00072030,361,71,35,36,290,17,273,19.667590027700832,9.695290858725762,9.97229916897507,80.33240997229917,4.7091412742382275,75.62326869806094
E00072031,300,55,29,26,245,18,227,18.333333333333332,9.666666666666666,8.666666666666668,81.66666666666667,6,75.66666666666667
E00072033,223,56,18,38,167,18,149,25.112107623318387,8.071748878923767,17.040358744394617,74.88789237668162,8.071748878923767,66.81614349775785
E00072034,192,22,9,13,170,16,154,11.458333333333332,4.6875,6.770833333333333,88.54166666666666,8.333333333333332,80.20833333333334
E00072035,532,68,22,46,464,29,435,12.781954887218044,4.135338345864661,8.646616541353383,87.21804511278195,5.451127819548872,81.76691729323309
E00072036,252,52,24,28,200,18,182,20.634920634920633,9.523809523809524,11.11111111111111,79.36507936507937,7.142857142857142,72.22222222222221
E00072037,323,78,46,32,245,19,226,24.148606811145513,14.241486068111456,9.907120743034056,75.85139318885449,5.88235294117647,69.96904024767801
E00072038,231,50,22,28,181,11,170,21.645021645021643,9.523809523809524,12.121212121212121,78.35497835497836,4.761904761904762,73.59307359307358
E00072039,188,78,45,33,110,19,91,41.48936170212766,23.93617021276596,17.5531914893617,58.51063829787234,10.106382978723403,48.40425531914894
E00072040,272,78,35,43,194,14,180,28.676470588235293,12.867647058823529,15.808823529411764,71.32352941176471,5.147058823529411,66.17647058823529
E00072041,322,61,27,34,261,21,240,18.944099378881987,8.385093167701864,10.559006211180124,81.05590062111801,6.521739130434782,74.53416149068323
E00072042,248,55,28,27,193,23,170,22.177419354838708,11.29032258064516,10.887096774193548,77.82258064516128,9.274193548387096,68.54838709677419
E00072043,244,55,21,34,189,18,171,22.540983606557376,8.60655737704918,13.934426229508196,77.45901639344262,7.377049180327869,70.08196721311475
E00072044,350,104,49,55,246,20,226,29.714285714285715,14.000000000000002,15.714285714285714,70.28571428571428,5.714285714285714,64.57142857142857
E00072045,227,50,20,30,177,10,167,22.026431718061673,8.81057268722467,13.215859030837004,77.97356828193833,4.405286343612335,73.568281938326
E00072046,297,53,28,25,244,17,227,17.845117845117844,9.427609427609427,8.417508417508419,82.15488215488216,5.723905723905724,76.43097643097643
E00072047,248,73,33,40,175,14,161,29.435483870967744,13.306451612903224,16.129032258064516,70.56451612903226,5.64516129032258,64.91935483870968
E00072048,364,43,19,24,321,28,293,11.813186813186812,5.21978021978022,6.593406593406594,88.18681318681318,7.6923076923076925,80.4945054945055
E00072049,310,69,38,31,241,17,224,22.258064516129032,12.258064516129032,10,77.74193548387098,5.483870967741936,72.25806451612902
E00072050,342,72,33,39,270,17,253,21.052631578947366,9.649122807017543,11.403508771929824,78.94736842105263,4.970760233918129,73.9766081871345
E00072051,282,40,23,17,242,19,223,14.184397163120568,8.156028368794328,6.028368794326241,85.81560283687944,6.73758865248227,79.07801418439716
E00072052,312,73,35,38,239,12,227,23.397435897435898,11.217948717948719,12.179487179487179,76.6025641025641,3.8461538461538463,72.75641025641025
E00072053,313,60,23,37,253,17,236,19.169329073482427,7.348242811501597,11.821086261980831,80.83067092651757,5.431309904153355,75.39936102236422
E00072054,281,45,21,24,236,25,211,16.014234875444842,7.473309608540925,8.540925266903916,83.98576512455516,8.896797153024911,75.08896797153025
E00072055,218,30,11,19,188,17,171,13.761467889908257,5.045871559633028,8.715596330275229,86.23853211009175,7.79816513761468,78.44036697247707
E00072056,371,67,28,39,304,15,289,18.059299191374663,7.547169811320755,10.512129380053908,81.94070080862534,4.0431266846361185,77.89757412398922
E00072057,253,56,22,34,197,19,178,22.134387351778656,8.695652173913043,13.438735177865613,77.86561264822134,7.5098814229249005,70.35573122529645
E00072058,233,35,13,22,198,15,183,15.021459227467812,5.579399141630901,9.44206008583691,84.97854077253218,6.437768240343347,78.54077253218884
E00072059,540,67,20,47,473,21,452,12.407407407407407,3.7037037037037033,8.703703703703704,87.5925925925926,3.888888888888889,83.7037037037037
E00072060,209,34,8,26,175,14,161,16.267942583732058,3.827751196172249,12.440191387559809,83.73205741626795,6.698564593301436,77.03349282296651
E00072061,273,60,24,36,213,27,186,21.978021978021978,8.791208791208792,13.186813186813188,78.02197802197803,9.89010989010989,68.13186813186813
E00072062,194,29,7,22,165,25,140,14.948453608247423,3.608247422680412,11.34020618556701,85.05154639175258,12.886597938144329,72.16494845360825
E00072063,232,53,25,28,179,16,163,22.844827586206897,10.775862068965516,12.068965517241379,77.15517241379311,6.896551724137931,70.25862068965517
E00072064,269,57,23,34,212,16,196,21.189591078066915,8.550185873605948,12.639405204460965,78.81040892193309,5.947955390334572,72.86245353159852
E00072065,263,49,22,27,214,17,197,18.631178707224336,8.365019011406844,10.26615969581749,81.36882129277566,6.4638783269961975,74.90494296577947
E00072066,549,88,37,51,461,43,418,16.029143897996356,6.739526411657559,9.289617486338798,83.97085610200364,7.832422586520947,76.13843351548269
E00072067,242,47,18,29,195,28,167,19.421487603305785,7.43801652892562,11.983471074380166,80.57851239669421,11.570247933884298,69.00826446280992
E00072068,318,75,39,36,243,20,223,23.58490566037736,12.264150943396226,11.320754716981133,76.41509433962264,6.289308176100629,70.12578616352201
E00072069,256,43,19,24,213,20,193,16.796875,7.421875,9.375,83.203125,7.8125,75.390625
E00072070,253,50,26,24,203,14,189,19.76284584980237,10.276679841897234,9.486166007905137,80.23715415019763,5.533596837944664,74.70355731225297
E00072071,281,56,25,31,225,15,210,19.9288256227758,8.896797153024911,11.032028469750891,80.0711743772242,5.338078291814947,74.73309608540926
E00072072,248,39,20,19,209,22,187,15.725806451612904,8.064516129032258,7.661290322580645,84.2741935483871,8.870967741935484,75.40322580645162
E00072073,298,58,21,37,240,13,227,19.463087248322147,7.046979865771812,12.416107382550337,80.53691275167785,4.3624161073825505,76.1744966442953
E00072074,285,62,34,28,223,24,199,21.75438596491228,11.929824561403509,9.824561403508772,78.24561403508771,8.421052631578947,69.82456140350877
E00072075,330,66,30,36,264,19,245,20,9.090909090909092,10.909090909090908,80,5.757575757575758,74.24242424242425
E00072076,256,60,26,34,196,17,179,23.4375,10.15625,13.28125,76.5625,6.640625,69.921875
E00072077,226,48,11,37,178,13,165,21.238938053097346,4.867256637168142,16.371681415929203,78.76106194690266,5.752212389380531,73.00884955752213
E00072078,206,61,31,30,145,17,128,29.61165048543689,15.048543689320388,14.563106796116504,70.3883495145631,8.25242718446602,62.13592233009708
E00072079,266,72,35,37,194,20,174,27.06766917293233,13.157894736842104,13.909774436090224,72.93233082706767,7.518796992481203,65.41353383458647
E00072080,231,66,35,31,165,12,153,28.57142857142857,15.151515151515152,13.41991341991342,71.42857142857143,5.194805194805195,66.23376623376623
E00072081,253,73,36,37,180,15,165,28.85375494071146,14.229249011857709,14.624505928853754,71.14624505928853,5.928853754940711,65.21739130434783
E00072082,209,45,18,27,164,16,148,21.5311004784689,8.61244019138756,12.918660287081341,78.4688995215311,7.655502392344498,70.81339712918661
E00072083,193,82,45,37,111,9,102,42.487046632124354,23.316062176165804,19.170984455958546,57.51295336787565,4.66321243523316,52.84974093264248
E00072084,248,60,27,33,188,22,166,24.193548387096776,10.887096774193548,13.306451612903224,75.80645161290323,8.870967741935484,66.93548387096774
E00072085,282,61,27,34,221,21,200,21.631205673758867,9.574468085106384,12.056737588652481,78.36879432624113,7.446808510638298,70.92198581560284
E00072086,282,53,27,26,229,16,213,18.79432624113475,9.574468085106384,9.219858156028367,81.20567375886525,5.673758865248227,75.53191489361703
E00072087,298,84,34,50,214,17,197,28.187919463087248,11.409395973154362,16.778523489932887,71.81208053691275,5.704697986577181,66.10738255033557
E00072088,251,67,32,35,184,18,166,26.693227091633464,12.749003984063744,13.94422310756972,73.30677290836654,7.171314741035857,66.13545816733067
E00072089,224,83,39,44,141,17,124,37.05357142857143,17.410714285714285,19.642857142857142,62.94642857142857,7.5892857142857135,55.35714285714286
E00072090,265,66,30,36,199,16,183,24.90566037735849,11.320754716981133,13.584905660377359,75.09433962264151,6.037735849056604,69.0566037735849
E00072091,214,55,27,28,159,12,147,25.70093457943925,12.616822429906541,13.084112149532709,74.29906542056075,5.607476635514018,68.69158878504673
E00072092,271,61,32,29,210,32,178,22.509225092250922,11.808118081180812,10.70110701107011,77.49077490774908,11.808118081180812,65.68265682656826
E00072093,416,117,53,64,299,15,284,28.125,12.740384615384615,15.384615384615385,71.875,3.6057692307692304,68.26923076923077
E00072094,247,57,27,30,190,17,173,23.076923076923077,10.931174089068826,12.145748987854251,76.92307692307693,6.882591093117409,70.04048582995951
E00072095,260,55,15,40,205,24,181,21.153846153846153,5.769230769230769,15.384615384615385,78.84615384615384,9.230769230769232,69.61538461538461
E00072096,263,59,27,32,204,19,185,22.433460076045627,10.26615969581749,12.167300380228136,77.56653992395437,7.224334600760455,70.34220532319392
E00072097,208,28,15,13,180,20,160,13.461538461538462,7.211538461538461,6.25,86.53846153846155,9.615384615384617,76.92307692307693
E00072098,230,39,15,24,191,19,172,16.956521739130434,6.521739130434782,10.434782608695652,83.04347826086956,8.26086956521739,74.78260869565217
E00072099,251,45,27,18,206,27,179,17.928286852589643,10.756972111553784,7.171314741035857,82.07171314741036,10.756972111553784,71.31474103585657
E00072100,242,57,29,28,185,8,177,23.553719008264462,11.983471074380166,11.570247933884298,76.44628099173553,3.3057851239669422,73.14049586776859
E00072101,183,41,18,23,142,13,129,22.404371584699454,9.836065573770492,12.568306010928962,77.59562841530054,7.103825136612022,70.49180327868852
E00072102,276,56,15,41,220,15,205,20.28985507246377,5.434782608695652,14.855072463768115,79.71014492753623,5.434782608695652,74.27536231884058
E00072103,234,61,31,30,173,10,163,26.06837606837607,13.247863247863249,12.82051282051282,73.93162393162393,4.273504273504273,69.65811965811966
E00072104,290,81,34,47,209,15,194,27.93103448275862,11.724137931034482,16.206896551724135,72.06896551724138,5.172413793103448,66.89655172413794
E00072105,242,51,18,33,191,15,176,21.074380165289256,7.43801652892562,13.636363636363635,78.92561983471074,6.198347107438017,72.72727272727273
E00072106,272,62,31,31,210,17,193,22.794117647058822,11.397058823529411,11.397058823529411,77.20588235294117,6.25,70.95588235294117
E00072108,456,54,23,31,402,14,388,11.842105263157894,5.0438596491228065,6.798245614035088,88.1578947368421,3.070175438596491,85.08771929824562
E00072109,435,63,37,26,372,16,356,14.482758620689657,8.505747126436782,5.977011494252873,85.51724137931035,3.67816091954023,81.83908045977012
E00072110,417,75,16,59,342,37,305,17.985611510791365,3.8369304556354913,14.148681055155876,82.01438848920863,8.872901678657074,73.14148681055156
E00072112,370,56,23,33,314,17,297,15.135135135135137,6.216216216216217,8.91891891891892,84.86486486486487,4.594594594594595,80.27027027027027
E00072114,407,60,26,34,347,9,338,14.742014742014742,6.388206388206388,8.353808353808354,85.25798525798525,2.211302211302211,83.04668304668304
E00072115,258,73,36,37,185,16,169,28.294573643410853,13.953488372093023,14.34108527131783,71.70542635658916,6.2015503875969,65.50387596899225
E00072117,421,65,28,37,356,18,338,15.439429928741092,6.65083135391924,8.788598574821853,84.56057007125891,4.275534441805226,80.28503562945369
E00072118,330,40,10,30,290,20,270,12.121212121212121,3.0303030303030303,9.090909090909092,87.87878787878788,6.0606060606060606,81.81818181818183
E00072120,418,68,11,57,350,29,321,16.267942583732058,2.631578947368421,13.636363636363635,83.73205741626795,6.937799043062201,76.79425837320574
E00072121,330,50,12,38,280,22,258,15.151515151515152,3.6363636363636362,11.515151515151516,84.84848484848484,6.666666666666667,78.18181818181819
E00072122,349,69,14,55,280,16,264,19.770773638968482,4.011461318051576,15.759312320916905,80.22922636103151,4.584527220630372,75.64469914040114
E00072123,201,30,6,24,171,12,159,14.925373134328357,2.9850746268656714,11.940298507462686,85.07462686567165,5.970149253731343,79.1044776119403
E00072124,312,68,36,32,244,14,230,21.794871794871796,11.538461538461538,10.256410256410255,78.2051282051282,4.487179487179487,73.71794871794873
E00072126,333,43,22,21,290,13,277,12.912912912912914,6.606606606606606,6.306306306306306,87.08708708708708,3.903903903903904,83.18318318318319
E00072127,474,62,26,36,412,17,395,13.080168776371309,5.485232067510549,7.59493670886076,86.91983122362869,3.5864978902953584,83.33333333333334
E00072128,611,150,84,66,461,21,440,24.549918166939445,13.747954173486088,10.801963993453354,75.45008183306055,3.436988543371522,72.01309328968904
E00072129,295,86,44,42,209,22,187,29.152542372881356,14.915254237288137,14.237288135593221,70.84745762711864,7.457627118644068,63.389830508474574
E00072130,349,27,7,20,322,8,314,7.736389684813753,2.005730659025788,5.730659025787966,92.26361031518626,2.292263610315186,89.97134670487105
E00072131,377,56,28,28,321,16,305,14.854111405835543,7.427055702917771,7.427055702917771,85.14588859416446,4.244031830238726,80.90185676392572
E00072132,406,69,34,35,337,7,330,16.995073891625616,8.374384236453201,8.620689655172415,83.00492610837439,1.7241379310344827,81.2807881773399
E00072133,552,121,54,67,431,20,411,21.920289855072465,9.782608695652174,12.13768115942029,78.07971014492753,3.6231884057971016,74.45652173913044
E00072134,508,148,100,48,360,20,340,29.133858267716533,19.68503937007874,9.448818897637794,70.86614173228347,3.937007874015748,66.92913385826772
E00072135,115,45,25,20,70,7,63,39.130434782608695,21.73913043478261,17.391304347826086,60.86956521739131,6.086956521739131,54.78260869565217
E00072136,423,55,24,31,368,28,340,13.002364066193852,5.673758865248227,7.328605200945626,86.99763593380615,6.619385342789598,80.37825059101655
E00072137,339,57,30,27,282,6,276,16.8141592920354,8.849557522123893,7.964601769911504,83.1858407079646,1.7699115044247788,81.41592920353983
E00072138,405,110,50,60,295,23,272,27.160493827160494,12.345679012345679,14.814814814814813,72.8395061728395,5.679012345679013,67.1604938271605
E00072139,206,42,16,26,164,15,149,20.388349514563107,7.766990291262135,12.62135922330097,79.6116504854369,7.281553398058252,72.33009708737865
E00072140,251,47,16,31,204,11,193,18.725099601593627,6.374501992031872,12.350597609561753,81.27490039840637,4.382470119521913,76.89243027888446
E00072141,272,41,16,25,231,23,208,15.073529411764705,5.88235294117647,9.191176470588236,84.92647058823529,8.455882352941178,76.47058823529412
E00072142,276,48,11,37,228,26,202,17.391304347826086,3.985507246376811,13.405797101449277,82.6086956521739,9.420289855072465,73.18840579710145
E00072143,302,45,15,30,257,20,237,14.90066225165563,4.966887417218543,9.933774834437086,85.09933774834437,6.622516556291391,78.47682119205298
E00072144,297,47,14,33,250,29,221,15.824915824915825,4.713804713804714,11.11111111111111,84.17508417508418,9.764309764309765,74.41077441077442
E00072145,326,65,22,43,261,23,238,19.938650306748464,6.748466257668712,13.190184049079754,80.06134969325154,7.05521472392638,73.00613496932516
E00072146,268,58,25,33,210,19,191,21.641791044776117,9.328358208955224,12.313432835820896,78.35820895522389,7.08955223880597,71.26865671641791
E00072147,264,65,42,23,199,21,178,24.62121212121212,15.909090909090908,8.712121212121213,75.37878787878788,7.954545454545454,67.42424242424242
E00072148,322,78,32,46,244,29,215,24.22360248447205,9.937888198757763,14.285714285714285,75.77639751552795,9.006211180124224,66.77018633540372
E00072149,271,48,19,29,223,23,200,17.712177121771216,7.011070110701106,10.70110701107011,82.28782287822878,8.487084870848708,73.80073800738008
E00072150,206,53,29,24,153,11,142,25.728155339805824,14.077669902912621,11.650485436893204,74.27184466019418,5.339805825242718,68.93203883495146
E00072151,258,36,18,18,222,9,213,13.953488372093023,6.976744186046512,6.976744186046512,86.04651162790698,3.488372093023256,82.55813953488372
E00072152,223,49,25,24,174,24,150,21.973094170403588,11.210762331838566,10.762331838565023,78.02690582959642,10.762331838565023,67.2645739910314
E00072153,249,46,15,31,203,21,182,18.473895582329316,6.024096385542169,12.449799196787147,81.52610441767068,8.433734939759036,73.09236947791165
E00072154,263,50,26,24,213,19,194,19.011406844106464,9.885931558935361,9.125475285171103,80.98859315589354,7.224334600760455,73.76425855513308
E00072155,571,63,18,45,508,37,471,11.033274956217163,3.1523642732049035,7.880910683012258,88.96672504378283,6.47985989492119,82.48686514886164
E00072156,258,37,14,23,221,22,199,14.34108527131783,5.426356589147287,8.914728682170542,85.65891472868216,8.527131782945736,77.13178294573643
E00072157,290,59,21,38,231,14,217,20.344827586206897,7.241379310344828,13.10344827586207,79.65517241379311,4.827586206896552,74.82758620689656
E00072158,304,42,16,26,262,14,248,13.815789473684212,5.263157894736842,8.552631578947368,86.18421052631578,4.605263157894736,81.57894736842105
E00072159,342,59,22,37,283,24,259,17.251461988304094,6.432748538011696,10.818713450292398,82.7485380116959,7.017543859649122,75.73099415204678
E00072160,280,52,26,26,228,21,207,18.571428571428573,9.285714285714286,9.285714285714286,81.42857142857143,7.5,73.92857142857143
E00072161,286,44,12,32,242,22,220,15.384615384615385,4.195804195804196,11.188811188811188,84.61538461538461,7.6923076923076925,76.92307692307693
E00072162,451,85,37,48,366,21,345,18.8470066518847,8.2039911308204,10.643015521064301,81.1529933481153,4.656319290465632,76.49667405764967
E00072163,294,40,18,22,254,16,238,13.60544217687075,6.122448979591836,7.482993197278912,86.39455782312925,5.442176870748299,80.95238095238095
E00072164,364,64,20,44,300,20,280,17.582417582417584,5.4945054945054945,12.087912087912088,82.41758241758241,5.4945054945054945,76.92307692307693
E00072165,293,36,10,26,257,24,233,12.286689419795222,3.4129692832764507,8.873720136518772,87.71331058020478,8.19112627986348,79.5221843003413
E00072166,386,69,23,46,317,23,294,17.875647668393782,5.958549222797927,11.917098445595855,82.12435233160622,5.958549222797927,76.16580310880829
E00072167,411,74,33,41,337,36,301,18.004866180048662,8.02919708029197,9.975669099756692,81.99513381995133,8.75912408759124,73.2360097323601
E00072168,316,52,17,35,264,29,235,16.455696202531644,5.379746835443038,11.075949367088606,83.54430379746836,9.177215189873419,74.36708860759494
E00072169,255,53,21,32,202,20,182,20.784313725490197,8.235294117647058,12.549019607843137,79.2156862745098,7.8431372549019605,71.37254901960785
E00072170,321,53,18,35,268,19,249,16.510903426791277,5.607476635514018,10.903426791277258,83.48909657320873,5.919003115264798,77.57009345794393
E00072171,196,62,32,30,134,12,122,31.63265306122449,16.3265306122449,15.306122448979592,68.36734693877551,6.122448979591836,62.244897959183675
E00072172,268,56,20,36,212,20,192,20.8955223880597,7.462686567164178,13.432835820895523,79.1044776119403,7.462686567164178,71.64179104477611
E00072173,331,49,21,28,282,28,254,14.803625377643503,6.3444108761329305,8.459214501510575,85.1963746223565,8.459214501510575,76.73716012084593
E00072174,258,55,24,31,203,20,183,21.31782945736434,9.30232558139535,12.015503875968992,78.68217054263566,7.751937984496124,70.93023255813954
E00072175,309,57,16,41,252,28,224,18.446601941747574,5.177993527508091,13.268608414239482,81.55339805825243,9.06148867313916,72.49190938511327
E00072176,203,41,22,19,162,23,139,20.19704433497537,10.83743842364532,9.35960591133005,79.80295566502463,11.330049261083744,68.4729064039409
E00072177,271,40,15,25,231,22,209,14.760147601476014,5.535055350553505,9.22509225092251,85.23985239852398,8.118081180811808,77.12177121771218
E00072178,272,63,34,29,209,19,190,23.161764705882355,12.5,10.661764705882353,76.83823529411765,6.985294117647059,69.85294117647058
E00072179,243,57,24,33,186,11,175,23.456790123456788,9.876543209876543,13.580246913580247,76.5432098765432,4.526748971193416,72.0164609053498
E00072180,307,65,32,33,242,22,220,21.172638436482085,10.423452768729643,10.749185667752444,78.82736156351791,7.166123778501629,71.66123778501628
E00072181,274,64,28,36,210,13,197,23.357664233576642,10.218978102189782,13.138686131386862,76.64233576642336,4.744525547445255,71.8978102189781
E00072182,235,36,11,25,199,9,190,15.319148936170212,4.680851063829787,10.638297872340425,84.68085106382979,3.829787234042553,80.85106382978722
E00072183,278,64,27,37,214,13,201,23.021582733812952,9.712230215827338,13.309352517985612,76.97841726618705,4.676258992805756,72.3021582733813
E00072184,289,62,30,32,227,20,207,21.453287197231834,10.380622837370241,11.072664359861593,78.54671280276817,6.920415224913495,71.62629757785467
E00072185,260,53,22,31,207,15,192,20.384615384615383,8.461538461538462,11.923076923076923,79.61538461538461,5.769230769230769,73.84615384615385
E00072186,277,59,28,31,218,21,197,21.299638989169676,10.108303249097473,11.191335740072201,78.70036101083032,7.581227436823104,71.11913357400722
E00072187,267,49,22,27,218,25,193,18.352059925093634,8.239700374531834,10.112359550561797,81.64794007490637,9.363295880149813,72.28464419475655
E00072188,259,68,33,35,191,13,178,26.254826254826252,12.741312741312742,13.513513513513514,73.74517374517374,5.019305019305019,68.72586872586872
E00072189,270,47,15,32,223,22,201,17.40740740740741,5.555555555555555,11.851851851851853,82.5925925925926,8.148148148148149,74.44444444444444
E00072190,341,59,36,23,282,29,253,17.302052785923756,10.557184750733137,6.744868035190615,82.69794721407625,8.504398826979472,74.19354838709677
E00072191,233,51,25,26,182,16,166,21.888412017167383,10.72961373390558,11.158798283261802,78.11158798283262,6.866952789699571,71.24463519313305
E00072192,347,75,32,43,272,32,240,21.613832853025936,9.221902017291066,12.39193083573487,78.38616714697406,9.221902017291066,69.164265129683
E00072193,269,52,26,26,217,25,192,19.33085501858736,9.66542750929368,9.66542750929368,80.66914498141264,9.293680297397769,71.37546468401487
E00072194,315,67,28,39,248,13,235,21.26984126984127,8.88888888888889,12.380952380952381,78.73015873015873,4.1269841269841265,74.60317460317461
E00072195,279,61,22,39,218,25,193,21.863799283154123,7.885304659498208,13.978494623655912,78.13620071684588,8.960573476702509,69.17562724014337
E00072196,239,45,13,32,194,21,173,18.828451882845187,5.439330543933055,13.389121338912133,81.17154811715481,8.786610878661087,72.38493723849372
E00072197,257,61,32,29,196,19,177,23.73540856031128,12.45136186770428,11.284046692607005,76.26459143968872,7.392996108949417,68.8715953307393
E00072198,331,82,43,39,249,17,232,24.773413897280967,12.990936555891238,11.782477341389729,75.22658610271903,5.13595166163142,70.09063444108762
E00072199,252,75,39,36,177,13,164,29.761904761904763,15.476190476190476,14.285714285714285,70.23809523809523,5.158730158730158,65.07936507936508
E00072200,271,83,44,39,188,14,174,30.627306273062732,16.236162361623617,14.391143911439114,69.37269372693727,5.166051660516605,64.20664206642066
E00072201,392,69,26,43,323,25,298,17.602040816326532,6.63265306122449,10.96938775510204,82.39795918367348,6.377551020408164,76.0204081632653
E00072202,254,85,48,37,169,20,149,33.46456692913386,18.89763779527559,14.566929133858267,66.53543307086615,7.874015748031496,58.661417322834644
E00072203,375,110,55,55,265,18,247,29.333333333333332,14.666666666666666,14.666666666666666,70.66666666666667,4.8,65.86666666666666
E00072205,326,88,47,41,238,22,216,26.993865030674847,14.417177914110429,12.576687116564417,73.00613496932516,6.748466257668712,66.25766871165644
E00072206,243,46,24,22,197,15,182,18.930041152263374,9.876543209876543,9.053497942386832,81.06995884773663,6.172839506172839,74.8971193415638
E00072207,268,53,18,35,215,21,194,19.776119402985074,6.7164179104477615,13.059701492537313,80.22388059701493,7.835820895522389,72.38805970149254
E00072208,250,28,9,19,222,15,207,11.200000000000001,3.5999999999999996,7.6,88.8,6,82.8
E00072209,419,125,73,52,294,21,273,29.832935560859188,17.42243436754177,12.410501193317423,70.16706443914082,5.011933174224343,65.15513126491646
E00072210,288,84,45,39,204,18,186,29.166666666666668,15.625,13.541666666666666,70.83333333333334,6.25,64.58333333333334
E00072211,271,50,22,28,221,25,196,18.45018450184502,8.118081180811808,10.33210332103321,81.54981549815497,9.22509225092251,72.32472324723247
E00072212,280,34,14,20,246,26,220,12.142857142857142,5,7.142857142857142,87.85714285714286,9.285714285714286,78.57142857142857
E00072213,293,58,22,36,235,22,213,19.795221843003414,7.508532423208192,12.286689419795222,80.2047781569966,7.508532423208192,72.6962457337884
E00072214,283,50,23,27,233,33,200,17.6678445229682,8.12720848056537,9.540636042402827,82.3321554770318,11.66077738515901,70.6713780918728
E00072215,302,43,16,27,259,19,240,14.23841059602649,5.298013245033113,8.940397350993377,85.76158940397352,6.291390728476822,79.47019867549669
E00072216,257,41,18,23,216,11,205,15.953307392996107,7.003891050583658,8.949416342412452,84.04669260700389,4.280155642023346,79.76653696498055
E00072217,329,64,31,33,265,15,250,19.45288753799392,9.422492401215806,10.030395136778116,80.54711246200608,4.5592705167173255,75.98784194528876
E00072218,283,90,49,41,193,10,183,31.802120141342755,17.314487632508836,14.487632508833922,68.19787985865725,3.53356890459364,64.66431095406361
E00072219,256,59,22,37,197,15,182,23.046875,8.59375,14.453125,76.953125,5.859375,71.09375
E00072220,268,59,33,26,209,15,194,22.01492537313433,12.313432835820896,9.701492537313433,77.98507462686567,5.597014925373134,72.38805970149254
E00072221,264,54,27,27,210,21,189,20.454545454545457,10.227272727272728,10.227272727272728,79.54545454545455,7.954545454545454,71.5909090909091
E00072222,295,48,18,30,247,33,214,16.271186440677965,6.101694915254238,10.16949152542373,83.72881355932203,11.186440677966102,72.54237288135593
E00072223,343,74,29,45,269,34,235,21.574344023323615,8.454810495626822,13.119533527696792,78.4256559766764,9.912536443148689,68.5131195335277
E00072224,220,47,30,17,173,15,158,21.363636363636363,13.636363636363635,7.727272727272727,78.63636363636364,6.8181818181818175,71.81818181818181
E00072225,252,66,33,33,186,10,176,26.190476190476193,13.095238095238097,13.095238095238097,73.80952380952381,3.968253968253968,69.84126984126983
E00072226,307,68,31,37,239,16,223,22.149837133550488,10.097719869706841,12.052117263843648,77.85016286644951,5.211726384364821,72.63843648208469
E00072228,212,70,42,28,142,15,127,33.0188679245283,19.81132075471698,13.20754716981132,66.98113207547169,7.0754716981132075,59.905660377358494
E00072229,275,73,43,30,202,24,178,26.545454545454543,15.636363636363637,10.909090909090908,73.45454545454545,8.727272727272728,64.72727272727272
E00072230,410,52,18,34,358,10,348,12.682926829268293,4.390243902439024,8.292682926829269,87.3170731707317,2.4390243902439024,84.8780487804878
E00072231,357,54,17,37,303,19,284,15.126050420168067,4.761904761904762,10.364145658263306,84.87394957983193,5.322128851540616,79.55182072829132
E00072232,330,93,48,45,237,20,217,28.18181818181818,14.545454545454545,13.636363636363635,71.81818181818181,6.0606060606060606,65.75757575757576
E00072233,239,57,17,40,182,17,165,23.84937238493724,7.112970711297072,16.736401673640167,76.15062761506276,7.112970711297072,69.0376569037657
E00072234,322,63,29,34,259,17,242,19.565217391304348,9.006211180124224,10.559006211180124,80.43478260869566,5.279503105590062,75.15527950310559
E00072235,272,74,40,34,198,17,181,27.205882352941174,14.705882352941178,12.5,72.79411764705883,6.25,66.54411764705883
E00072236,466,122,68,54,344,18,326,26.180257510729614,14.592274678111588,11.587982832618025,73.8197424892704,3.862660944206009,69.95708154506438
E00072237,397,50,27,23,347,12,335,12.594458438287154,6.801007556675064,5.793450881612091,87.40554156171285,3.022670025188917,84.38287153652394
E00072238,341,53,19,34,288,12,276,15.542521994134898,5.571847507331378,9.970674486803519,84.4574780058651,3.519061583577713,80.93841642228739
E00072239,405,58,29,29,347,10,337,14.320987654320987,7.160493827160494,7.160493827160494,85.67901234567901,2.4691358024691357,83.20987654320989
E00072240,321,30,10,20,291,6,285,9.345794392523365,3.115264797507788,6.230529595015576,90.65420560747664,1.8691588785046727,88.78504672897196
E00072241,425,52,22,30,373,9,364,12.23529411764706,5.176470588235294,7.0588235294117645,87.76470588235294,2.1176470588235294,85.6470588235294
E00072242,284,65,31,34,219,15,204,22.887323943661972,10.915492957746478,11.971830985915492,77.11267605633803,5.28169014084507,71.83098591549296
E00072243,332,58,24,34,274,14,260,17.46987951807229,7.228915662650602,10.240963855421686,82.53012048192771,4.216867469879518,78.3132530120482
E00072244,391,87,32,55,304,17,287,22.25063938618926,8.184143222506394,14.066496163682865,77.74936061381074,4.3478260869565215,73.40153452685422
E00072245,202,60,24,36,142,6,136,29.7029702970297,11.881188118811881,17.82178217821782,70.29702970297029,2.9702970297029703,67.32673267326733
E00072246,272,57,26,31,215,15,200,20.955882352941178,9.558823529411764,11.397058823529411,79.04411764705883,5.514705882352941,73.52941176470588
E00072247,208,57,33,24,151,12,139,27.403846153846157,15.865384615384615,11.538461538461538,72.59615384615384,5.769230769230769,66.82692307692307
E00072248,220,55,27,28,165,11,154,25,12.272727272727273,12.727272727272727,75,5,70
E00072249,401,63,27,36,338,15,323,15.710723192019952,6.733167082294264,8.977556109725686,84.28927680798004,3.7406483790523692,80.54862842892769
E00072250,387,30,5,25,357,28,329,7.751937984496124,1.2919896640826873,6.459948320413436,92.24806201550388,7.235142118863049,85.01291989664082
E00072251,297,79,42,37,218,18,200,26.599326599326602,14.14141414141414,12.457912457912458,73.4006734006734,6.0606060606060606,67.34006734006735
E00072252,242,69,29,40,173,17,156,28.512396694214875,11.983471074380166,16.528925619834713,71.48760330578511,7.024793388429752,64.46280991735537
E00072253,262,73,36,37,189,21,168,27.86259541984733,13.740458015267176,14.122137404580155,72.13740458015268,8.015267175572518,64.12213740458014
E00072254,363,75,36,39,288,28,260,20.66115702479339,9.917355371900827,10.743801652892563,79.33884297520662,7.7134986225895315,71.62534435261708
E00072255,246,76,38,38,170,17,153,30.89430894308943,15.447154471544716,15.447154471544716,69.10569105691057,6.910569105691057,62.19512195121951
E00072256,254,77,47,30,177,9,168,30.314960629921263,18.503937007874015,11.811023622047244,69.68503937007874,3.543307086614173,66.14173228346458
E00072257,323,87,41,46,236,13,223,26.93498452012384,12.693498452012383,14.241486068111456,73.06501547987617,4.024767801857585,69.04024767801857
E00072258,226,81,45,36,145,10,135,35.84070796460177,19.911504424778762,15.929203539823009,64.15929203539822,4.424778761061947,59.73451327433629
E00072259,255,88,52,36,167,13,154,34.509803921568626,20.392156862745097,14.117647058823529,65.49019607843137,5.098039215686274,60.3921568627451
E00072260,195,72,39,33,123,9,114,36.92307692307693,20,16.923076923076923,63.07692307692307,4.615384615384616,58.46153846153847
E00072261,289,41,22,19,248,17,231,14.186851211072666,7.612456747404845,6.5743944636678195,85.81314878892734,5.88235294117647,79.93079584775087
E00072262,259,61,34,27,198,21,177,23.552123552123554,13.127413127413126,10.424710424710424,76.44787644787645,8.108108108108109,68.33976833976834
E00072263,182,59,34,25,123,17,106,32.417582417582416,18.681318681318682,13.736263736263737,67.58241758241759,9.340659340659341,58.24175824175825
E00072264,267,53,31,22,214,7,207,19.850187265917604,11.610486891385769,8.239700374531834,80.14981273408239,2.6217228464419478,77.52808988764045
E00072265,196,51,19,32,145,19,126,26.02040816326531,9.693877551020408,16.3265306122449,73.9795918367347,9.693877551020408,64.28571428571429
E00072266,286,57,28,29,229,20,209,19.93006993006993,9.79020979020979,10.13986013986014,80.06993006993007,6.993006993006993,73.07692307692307
E00072267,237,44,24,20,193,14,179,18.565400843881857,10.126582278481013,8.438818565400844,81.43459915611815,5.9071729957805905,75.52742616033755
E00072268,257,62,33,29,195,18,177,24.124513618677042,12.840466926070038,11.284046692607005,75.87548638132296,7.003891050583658,68.8715953307393
E00072269,418,33,14,19,385,16,369,7.894736842105263,3.349282296650718,4.545454545454546,92.10526315789474,3.827751196172249,88.27751196172248
E00072270,293,89,52,37,204,14,190,30.37542662116041,17.747440273037544,12.627986348122866,69.6245733788396,4.778156996587031,64.84641638225256
E00072271,367,51,20,31,316,18,298,13.896457765667575,5.449591280653951,8.446866485013624,86.10354223433242,4.904632152588556,81.19891008174388
E00072272,440,91,45,46,349,23,326,20.681818181818183,10.227272727272728,10.454545454545453,79.31818181818183,5.227272727272727,74.0909090909091
E00072273,264,44,23,21,220,14,206,16.666666666666664,8.712121212121213,7.954545454545454,83.33333333333334,5.303030303030303,78.03030303030303
E00072274,296,54,19,35,242,22,220,18.243243243243242,6.418918918918918,11.824324324324325,81.75675675675676,7.4324324324324325,74.32432432432432
E00072275,403,71,29,42,332,26,306,17.617866004962778,7.196029776674938,10.421836228287841,82.38213399503722,6.451612903225806,75.93052109181141
E00072276,292,63,25,38,229,33,196,21.575342465753426,8.561643835616438,13.013698630136986,78.42465753424658,11.301369863013697,67.12328767123287
E00072277,374,54,14,40,320,24,296,14.43850267379679,3.7433155080213902,10.695187165775401,85.56149732620321,6.417112299465241,79.14438502673798
E00072278,340,53,17,36,287,22,265,15.588235294117647,5,10.588235294117647,84.41176470588235,6.470588235294119,77.94117647058823
E00072279,375,58,22,36,317,14,303,15.466666666666667,5.866666666666666,9.6,84.53333333333333,3.733333333333334,80.80000000000001
E00072280,249,59,25,34,190,18,172,23.694779116465863,10.040160642570282,13.654618473895583,76.30522088353415,7.228915662650602,69.07630522088354
E00072281,197,31,13,18,166,16,150,15.736040609137056,6.598984771573605,9.137055837563452,84.26395939086294,8.121827411167512,76.14213197969542
E00072282,267,84,49,35,183,14,169,31.46067415730337,18.352059925093634,13.108614232209737,68.53932584269663,5.2434456928838955,63.29588014981273
E00072283,274,50,19,31,224,19,205,18.248175182481752,6.934306569343065,11.313868613138686,81.75182481751825,6.934306569343065,74.81751824817519
E00072284,305,59,20,39,246,31,215,19.34426229508197,6.557377049180328,12.786885245901638,80.65573770491802,10.163934426229508,70.49180327868852
E00072285,347,75,39,36,272,35,237,21.613832853025936,11.239193083573488,10.37463976945245,78.38616714697406,10.086455331412104,68.29971181556196
E00072286,268,34,13,21,234,17,217,12.686567164179104,4.850746268656716,7.835820895522389,87.31343283582089,6.343283582089552,80.97014925373134
E00072287,241,54,18,36,187,17,170,22.40663900414938,7.468879668049793,14.937759336099585,77.59336099585063,7.053941908713693,70.53941908713693
E00072288,289,44,12,32,245,17,228,15.22491349480969,4.1522491349480966,11.072664359861593,84.77508650519032,5.88235294117647,78.89273356401384
E00072289,337,59,22,37,278,18,260,17.50741839762611,6.528189910979229,10.979228486646884,82.49258160237389,5.341246290801187,77.1513353115727
E00072290,273,67,30,37,206,12,194,24.54212454212454,10.989010989010989,13.553113553113553,75.45787545787546,4.395604395604396,71.06227106227107
E00072291,238,54,23,31,184,14,170,22.689075630252102,9.663865546218489,13.025210084033615,77.31092436974791,5.88235294117647,71.42857142857143
E00072292,307,64,26,38,243,24,219,20.846905537459286,8.469055374592834,12.37785016286645,79.15309446254072,7.81758957654723,71.33550488599349
E00072293,309,59,25,34,250,18,232,19.093851132686083,8.090614886731391,11.003236245954692,80.90614886731392,5.825242718446602,75.08090614886731
E00072294,230,57,29,28,173,16,157,24.782608695652176,12.608695652173912,12.173913043478262,75.21739130434783,6.956521739130435,68.26086956521739
E00072295,383,61,21,40,322,18,304,15.926892950391643,5.483028720626632,10.443864229765012,84.07310704960835,4.699738903394255,79.37336814621409
E00072296,301,42,19,23,259,20,239,13.953488372093023,6.312292358803987,7.641196013289036,86.04651162790698,6.64451827242525,79.40199335548172
E00072297,291,66,31,35,225,21,204,22.68041237113402,10.652920962199312,12.027491408934708,77.31958762886599,7.216494845360824,70.10309278350515
E00072298,211,43,17,26,168,21,147,20.379146919431278,8.056872037914692,12.322274881516588,79.62085308056872,9.95260663507109,69.66824644549763
E00072299,368,77,34,43,291,16,275,20.92391304347826,9.239130434782608,11.684782608695652,79.07608695652173,4.3478260869565215,74.72826086956522
E00072300,371,81,35,46,290,21,269,21.83288409703504,9.433962264150944,12.398921832884097,78.16711590296495,5.660377358490567,72.50673854447439
E00072301,284,68,30,38,216,14,202,23.943661971830984,10.56338028169014,13.380281690140844,76.05633802816901,4.929577464788732,71.12676056338029
E00072302,338,81,41,40,257,15,242,23.964497041420117,12.1301775147929,11.834319526627219,76.03550295857988,4.437869822485207,71.59763313609467
E00072303,352,87,44,43,265,19,246,24.71590909090909,12.5,12.215909090909092,75.2840909090909,5.3977272727272725,69.88636363636364
E00072304,227,27,11,16,200,13,187,11.894273127753303,4.845814977973569,7.048458149779736,88.10572687224669,5.726872246696035,82.37885462555066
E00072305,334,42,16,26,292,24,268,12.574850299401197,4.790419161676647,7.784431137724551,87.42514970059881,7.18562874251497,80.23952095808383
E00072306,247,65,25,40,182,17,165,26.31578947368421,10.121457489878543,16.194331983805668,73.68421052631578,6.882591093117409,66.80161943319838
E00072307,334,93,57,36,241,17,224,27.844311377245507,17.065868263473057,10.778443113772456,72.15568862275448,5.089820359281437,67.06586826347305
E00072308,380,82,40,42,298,16,282,21.578947368421055,10.526315789473683,11.052631578947368,78.42105263157895,4.2105263157894735,74.21052631578947
E00072309,309,50,17,33,259,42,217,16.181229773462782,5.501618122977346,10.679611650485436,83.81877022653723,13.592233009708737,70.22653721682848
E00072310,289,73,38,35,216,29,187,25.259515570934255,13.148788927335639,12.110726643598616,74.74048442906575,10.034602076124568,64.70588235294117
E00072311,280,73,41,32,207,14,193,26.071428571428573,14.642857142857144,11.428571428571429,73.92857142857143,5,68.92857142857143
E00072312,312,88,46,42,224,8,216,28.205128205128204,14.743589743589745,13.461538461538462,71.7948717948718,2.564102564102564,69.23076923076923
E00072313,269,49,17,32,220,19,201,18.21561338289963,6.319702602230483,11.895910780669144,81.78438661710037,7.063197026022305,74.72118959107806
E00072314,172,30,14,16,142,8,134,17.441860465116278,8.13953488372093,9.30232558139535,82.55813953488372,4.651162790697675,77.90697674418605
E00072315,304,46,20,26,258,31,227,15.131578947368421,6.578947368421052,8.552631578947368,84.86842105263158,10.197368421052632,74.67105263157895
E00072316,456,65,22,43,391,40,351,14.25438596491228,4.824561403508771,9.429824561403509,85.74561403508771,8.771929824561402,76.97368421052632
E00072317,333,58,22,36,275,26,249,17.417417417417415,6.606606606606606,10.81081081081081,82.58258258258259,7.807807807807808,74.77477477477478
E00072318,256,40,18,22,216,20,196,15.625,7.03125,8.59375,84.375,7.8125,76.5625
E00072319,300,71,35,36,229,17,212,23.666666666666668,11.666666666666666,12,76.33333333333333,5.666666666666666,70.66666666666667
E00072320,262,61,26,35,201,10,191,23.282442748091604,9.923664122137405,13.358778625954198,76.7175572519084,3.816793893129771,72.90076335877863
E00072321,265,60,22,38,205,10,195,22.641509433962266,8.30188679245283,14.339622641509434,77.35849056603774,3.7735849056603774,73.58490566037736
E00072322,308,61,27,34,247,16,231,19.805194805194805,8.766233766233766,11.03896103896104,80.1948051948052,5.194805194805195,75
E00072323,254,37,16,21,217,14,203,14.566929133858267,6.299212598425196,8.267716535433072,85.43307086614173,5.511811023622047,79.92125984251969
E00072324,207,48,21,27,159,18,141,23.18840579710145,10.144927536231885,13.043478260869565,76.81159420289855,8.695652173913043,68.11594202898551
E00072325,244,73,31,42,171,15,156,29.918032786885245,12.704918032786885,17.21311475409836,70.08196721311475,6.147540983606557,63.934426229508205
E00072326,217,34,9,25,183,18,165,15.668202764976957,4.147465437788019,11.52073732718894,84.33179723502305,8.294930875576037,76.036866359447
E00072327,242,58,26,32,184,22,162,23.96694214876033,10.743801652892563,13.223140495867769,76.03305785123968,9.090909090909092,66.94214876033058
E00072328,218,35,17,18,183,25,158,16.055045871559635,7.79816513761468,8.256880733944955,83.94495412844036,11.46788990825688,72.47706422018348
E00072329,247,65,27,38,182,15,167,26.31578947368421,10.931174089068826,15.384615384615385,73.68421052631578,6.0728744939271255,67.61133603238866
E00072330,249,41,13,28,208,18,190,16.46586345381526,5.220883534136546,11.244979919678714,83.53413654618474,7.228915662650602,76.30522088353415
E00072331,297,46,28,18,251,20,231,15.488215488215488,9.427609427609427,6.0606060606060606,84.51178451178451,6.7340067340067336,77.77777777777779
E00072332,246,48,17,31,198,22,176,19.51219512195122,6.910569105691057,12.601626016260163,80.48780487804879,8.94308943089431,71.54471544715447
E00072333,197,48,30,18,149,12,137,24.36548223350254,15.228426395939088,9.137055837563452,75.63451776649747,6.091370558375635,69.54314720812182
E00072334,278,48,23,25,230,21,209,17.26618705035971,8.273381294964029,8.992805755395683,82.73381294964028,7.553956834532374,75.17985611510791
E00072335,229,45,11,34,184,12,172,19.65065502183406,4.8034934497816595,14.847161572052403,80.34934497816593,5.240174672489083,75.10917030567686
E00072336,249,44,13,31,205,20,185,17.670682730923694,5.220883534136546,12.449799196787147,82.32931726907631,8.032128514056225,74.29718875502009
E00072337,241,41,18,23,200,13,187,17.012448132780083,7.468879668049793,9.54356846473029,82.98755186721992,5.394190871369295,77.59336099585063
E00072338,214,32,11,21,182,13,169,14.953271028037381,5.14018691588785,9.813084112149532,85.04672897196261,6.074766355140187,78.97196261682244
E00072339,340,40,10,30,300,25,275,11.76470588235294,2.941176470588235,8.823529411764707,88.23529411764706,7.352941176470589,80.88235294117648
E00072340,298,64,25,39,234,29,205,21.476510067114095,8.389261744966444,13.087248322147651,78.52348993288591,9.731543624161073,68.79194630872483
E00072341,227,39,16,23,188,13,175,17.180616740088105,7.048458149779736,10.13215859030837,82.81938325991189,5.726872246696035,77.09251101321586
E00072342,277,65,30,35,212,12,200,23.465703971119133,10.830324909747292,12.63537906137184,76.53429602888086,4.332129963898916,72.20216606498195
E00072343,254,52,27,25,202,16,186,20.47244094488189,10.62992125984252,9.84251968503937,79.52755905511812,6.299212598425196,73.22834645669292
E00072344,206,32,11,21,174,15,159,15.53398058252427,5.339805825242718,10.194174757281553,84.46601941747572,7.281553398058252,77.18446601941747
E00072345,224,47,26,21,177,18,159,20.982142857142858,11.607142857142858,9.375,79.01785714285714,8.035714285714286,70.98214285714286
E00072346,281,78,47,31,203,9,194,27.75800711743772,16.72597864768683,11.032028469750891,72.24199288256227,3.202846975088968,69.03914590747331
E00072347,126,38,17,21,88,8,80,30.158730158730158,13.492063492063492,16.666666666666664,69.84126984126983,6.349206349206349,63.49206349206349
E00072348,249,53,26,27,196,23,173,21.285140562248998,10.441767068273093,10.843373493975903,78.714859437751,9.236947791164658,69.47791164658635
E00072349,325,70,26,44,255,15,240,21.53846153846154,8,13.538461538461538,78.46153846153847,4.615384615384616,73.84615384615385
E00072350,317,70,29,41,247,17,230,22.082018927444793,9.14826498422713,12.933753943217665,77.91798107255521,5.3627760252365935,72.55520504731862
E00072351,256,56,27,29,200,18,182,21.875,10.546875,11.328125,78.125,7.03125,71.09375
E00072352,276,68,26,42,208,7,201,24.637681159420293,9.420289855072465,15.217391304347828,75.36231884057972,2.536231884057971,72.82608695652173
E00072353,315,65,33,32,250,16,234,20.634920634920633,10.476190476190476,10.158730158730158,79.36507936507937,5.079365079365079,74.28571428571429
E00072354,127,48,30,18,79,5,74,37.79527559055118,23.62204724409449,14.173228346456693,62.20472440944882,3.937007874015748,58.26771653543307
E00072355,316,97,58,39,219,19,200,30.69620253164557,18.354430379746837,12.341772151898734,69.30379746835443,6.012658227848101,63.29113924050633
E00072356,260,47,14,33,213,19,194,18.076923076923077,5.384615384615385,12.692307692307692,81.92307692307692,7.307692307692308,74.61538461538461
E00072357,271,58,26,32,213,23,190,21.40221402214022,9.59409594095941,11.808118081180812,78.59778597785979,8.487084870848708,70.11070110701108
E00072358,291,62,22,40,229,18,211,21.305841924398624,7.560137457044673,13.745704467353953,78.69415807560138,6.185567010309279,72.5085910652921
E00072359,251,58,23,35,193,27,166,23.107569721115535,9.163346613545817,13.94422310756972,76.89243027888446,10.756972111553784,66.13545816733067
E00072360,247,71,39,32,176,21,155,28.74493927125506,15.789473684210526,12.955465587044534,71.25506072874494,8.502024291497975,62.75303643724697
E00072361,246,57,30,27,189,13,176,23.170731707317074,12.195121951219512,10.975609756097562,76.82926829268293,5.284552845528456,71.54471544715447
E00072363,263,66,32,34,197,14,183,25.09505703422053,12.167300380228136,12.927756653992395,74.90494296577947,5.323193916349809,69.58174904942965
E00072364,315,101,51,50,214,17,197,32.06349206349206,16.19047619047619,15.873015873015872,67.93650793650794,5.396825396825397,62.53968253968254
E00072365,235,51,28,23,184,13,171,21.70212765957447,11.914893617021278,9.787234042553191,78.29787234042553,5.531914893617021,72.76595744680851
E00072366,238,49,23,26,189,25,164,20.588235294117645,9.663865546218489,10.92436974789916,79.41176470588235,10.504201680672269,68.90756302521008
E00072367,274,88,56,32,186,11,175,32.11678832116788,20.437956204379564,11.678832116788321,67.88321167883211,4.014598540145985,63.868613138686136
E00072368,283,51,20,31,232,17,215,18.021201413427562,7.06713780918728,10.954063604240282,81.97879858657244,6.007067137809187,75.97173144876325
E00072369,199,62,30,32,137,10,127,31.155778894472363,15.07537688442211,16.08040201005025,68.84422110552764,5.025125628140704,63.81909547738693
E00072370,311,74,35,39,237,12,225,23.79421221864952,11.254019292604502,12.540192926045016,76.20578778135048,3.858520900321544,72.34726688102894
E00072371,240,39,17,22,201,11,190,16.25,7.083333333333333,9.166666666666666,83.75,4.583333333333333,79.16666666666666
E00072372,257,67,37,30,190,12,178,26.07003891050584,14.396887159533073,11.673151750972762,73.92996108949417,4.669260700389105,69.26070038910505
E00072373,253,53,22,31,200,16,184,20.948616600790515,8.695652173913043,12.25296442687747,79.05138339920948,6.324110671936759,72.72727272727273
E00072374,307,67,36,31,240,16,224,21.824104234527688,11.726384364820847,10.097719869706841,78.17589576547232,5.211726384364821,72.9641693811075
E00072375,270,49,22,27,221,28,193,18.14814814814815,8.148148148148149,10,81.85185185185185,10.37037037037037,71.48148148148148
E00072376,177,80,45,35,97,11,86,45.19774011299435,25.423728813559322,19.774011299435028,54.80225988700565,6.214689265536723,48.58757062146893
E00072377,304,84,39,45,220,19,201,27.631578947368425,12.828947368421053,14.802631578947366,72.36842105263158,6.25,66.11842105263158
E00072378,326,78,28,50,248,16,232,23.92638036809816,8.588957055214724,15.337423312883436,76.07361963190185,4.9079754601226995,71.16564417177914
E00072379,400,101,45,56,299,15,284,25.25,11.25,14.000000000000002,74.75,3.75,71
E00072380,256,43,20,23,213,19,194,16.796875,7.8125,8.984375,83.203125,7.421875,75.78125
E00072381,361,79,54,25,282,21,261,21.88365650969529,14.958448753462603,6.9252077562326875,78.1163434903047,5.8171745152354575,72.29916897506925
E00072382,246,63,29,34,183,16,167,25.609756097560975,11.788617886178862,13.821138211382115,74.39024390243902,6.504065040650407,67.88617886178862
E00072383,258,63,26,37,195,16,179,24.418604651162788,10.077519379844961,14.34108527131783,75.5813953488372,6.2015503875969,69.37984496124031
E00072384,198,107,64,43,91,9,82,54.04040404040404,32.323232323232325,21.71717171717172,45.95959595959596,4.545454545454546,41.41414141414141
E00072385,309,73,34,39,236,16,220,23.624595469255663,11.003236245954692,12.62135922330097,76.37540453074433,5.177993527508091,71.19741100323624
E00072386,308,61,26,35,247,21,226,19.805194805194805,8.441558441558442,11.363636363636363,80.1948051948052,6.8181818181818175,73.37662337662337
E00072387,275,55,23,32,220,19,201,20,8.363636363636363,11.636363636363637,80,6.909090909090909,73.0909090909091
E00072388,184,55,19,36,129,12,117,29.891304347826086,10.326086956521738,19.565217391304348,70.1086956521739,6.521739130434782,63.58695652173913
E00072389,250,68,36,32,182,11,171,27.200000000000003,14.399999999999999,12.8,72.8,4.3999999999999995,68.4
E00072390,300,60,23,37,240,20,220,20,7.666666666666666,12.333333333333334,80,6.666666666666667,73.33333333333333
E00072391,217,83,42,41,134,20,114,38.24884792626728,19.35483870967742,18.89400921658986,61.75115207373272,9.216589861751153,52.53456221198156
E00072392,252,59,20,39,193,14,179,23.41269841269841,7.936507936507936,15.476190476190476,76.5873015873016,5.555555555555555,71.03174603174604
E00072393,310,74,39,35,236,22,214,23.870967741935484,12.580645161290322,11.29032258064516,76.12903225806451,7.096774193548387,69.03225806451613
E00072394,317,75,36,39,242,17,225,23.65930599369085,11.35646687697161,12.302839116719243,76.34069400630915,5.3627760252365935,70.97791798107255
E00072395,347,68,29,39,279,20,259,19.596541786743515,8.357348703170029,11.239193083573488,80.403458213256485,5.763688760806916,74.63976945244957
E00072397,297,55,22,33,242,28,214,18.51851851851852,7.4074074074074066,11.11111111111111,81.48148148148148,9.427609427609427,72.05387205387206
E00072398,358,73,34,39,285,24,261,20.391061452513966,9.497206703910614,10.893854748603351,79.60893854748603,6.70391061452514,72.90502793296089
E00072399,281,48,19,29,233,24,209,17.08185053380783,6.761565836298933,10.320284697508896,82.91814946619218,8.540925266903916,74.37722419928826
E00072400,293,56,14,42,237,19,218,19.112627986348123,4.778156996587031,14.334470989761092,80.88737201365188,6.484641638225256,74.40273037542661
E00072401,304,58,27,31,246,22,224,19.078947368421055,8.881578947368421,10.197368421052632,80.92105263157895,7.236842105263158,73.68421052631578
E00072402,270,56,20,36,214,25,189,20.74074074074074,7.4074074074074066,13.333333333333334,79.25925925925927,9.25925925925926,70
E00072403,255,62,29,33,193,12,181,24.313725490196077,11.372549019607844,12.941176470588237,75.68627450980392,4.705882352941177,70.98039215686275
E00072404,295,53,23,30,242,14,228,17.966101694915253,7.796610169491526,10.16949152542373,82.03389830508473,4.745762711864407,77.28813559322035
E00072406,277,73,29,44,204,14,190,26.353790613718413,10.469314079422382,15.884476534296029,73.6462093862816,5.054151624548736,68.59205776173285
E00072407,248,55,16,39,193,13,180,22.177419354838708,6.451612903225806,15.725806451612904,77.82258064516128,5.241935483870968,72.58064516129032
E00072408,324,95,48,47,229,17,212,29.32098765432099,14.814814814814813,14.506172839506174,70.67901234567901,5.246913580246913,65.4320987654321
E00072409,236,40,14,26,196,26,170,16.94915254237288,5.932203389830509,11.016949152542372,83.05084745762711,11.016949152542372,72.03389830508475
E00072410,307,77,34,43,230,22,208,25.0814332247557,11.074918566775244,14.006514657980457,74.9185667752443,7.166123778501629,67.75244299674267
E00072411,216,62,30,32,154,20,134,28.703703703703702,13.88888888888889,14.814814814814813,71.29629629629629,9.25925925925926,62.03703703703704
E00072412,344,57,27,30,287,28,259,16.569767441860463,7.848837209302325,8.720930232558139,83.43023255813954,8.13953488372093,75.29069767441861
E00072413,327,56,26,30,271,18,253,17.12538226299694,7.951070336391437,9.174311926605505,82.87461773700305,5.5045871559633035,77.37003058103976
E00072414,344,76,32,44,268,32,236,22.093023255813954,9.30232558139535,12.790697674418606,77.90697674418605,9.30232558139535,68.6046511627907
E00072415,420,111,55,56,309,25,284,26.42857142857143,13.095238095238097,13.333333333333334,73.57142857142858,5.952380952380952,67.61904761904762
E00072416,358,63,23,40,295,19,276,17.59776536312849,6.424581005586592,11.1731843575419,82.40223463687151,5.307262569832402,77.09497206703911
E00072417,523,94,32,62,429,36,393,17.97323135755258,6.118546845124283,11.854684512428298,82.02676864244742,6.8833652007648185,75.1434034416826
E00072418,188,50,26,24,138,24,114,26.595744680851062,13.829787234042554,12.76595744680851,73.40425531914893,12.76595744680851,60.63829787234043
E00072419,256,59,30,29,197,23,174,23.046875,11.71875,11.328125,76.953125,8.984375,67.96875
E00072420,287,57,22,35,230,13,217,19.860627177700348,7.665505226480835,12.195121951219512,80.13937282229965,4.529616724738676,75.60975609756098
E00072421,271,57,22,35,214,18,196,21.033210332103323,8.118081180811808,12.915129151291513,78.96678966789668,6.642066420664207,72.32472324723247
E00072422,191,40,19,21,151,11,140,20.94240837696335,9.947643979057592,10.99476439790576,79.05759162303664,5.7591623036649215,73.29842931937172
E00072423,561,89,43,46,472,35,437,15.86452762923351,7.66488413547237,8.19964349376114,84.13547237076648,6.23885918003565,77.89661319073083
E00072424,311,57,22,35,254,24,230,18.327974276527332,7.07395498392283,11.254019292604502,81.67202572347267,7.717041800643088,73.95498392282958
E00072425,248,44,19,25,204,19,185,17.741935483870968,7.661290322580645,10.080645161290322,82.25806451612904,7.661290322580645,74.59677419354838
E00072426,225,61,15,46,164,13,151,27.111111111111114,6.666666666666667,20.444444444444446,72.88888888888889,5.777777777777778,67.11111111111111
E00072427,314,52,20,32,262,21,241,16.560509554140125,6.369426751592357,10.191082802547772,83.43949044585987,6.687898089171974,76.75159235668791
E00072428,350,73,36,37,277,21,256,20.857142857142858,10.285714285714285,10.571428571428571,79.14285714285715,6,73.14285714285714
E00072429,308,59,17,42,249,37,212,19.155844155844157,5.51948051948052,13.636363636363635,80.84415584415584,12.012987012987013,68.83116883116884
E00072430,221,59,29,30,162,19,143,26.69683257918552,13.122171945701359,13.574660633484163,73.303167420814475,8.597285067873303,64.70588235294117
E00072432,475,75,27,48,400,26,374,15.789473684210526,5.684210526315789,10.105263157894736,84.21052631578947,5.473684210526316,78.73684210526316
E00072433,302,35,9,26,267,34,233,11.589403973509933,2.980132450331126,8.609271523178808,88.41059602649007,11.258278145695364,77.15231788079471
E00072434,319,81,49,32,238,16,222,25.391849529780565,15.360501567398119,10.031347962382444,74.60815047021944,5.015673981191222,69.59247648902821
E00072435,305,67,32,35,238,24,214,21.9672131147541,10.491803278688524,11.475409836065573,78.0327868852459,7.868852459016394,70.16393442622952
E00072436,287,56,24,32,231,16,215,19.51219512195122,8.362369337979095,11.149825783972126,80.48780487804879,5.574912891986063,74.91289198606272
E00072437,322,48,21,27,274,20,254,14.906832298136646,6.521739130434782,8.385093167701864,85.09316770186336,6.211180124223603,78.88198757763976
E00072438,264,38,13,25,226,18,208,14.393939393939394,4.924242424242424,9.469696969696969,85.60606060606061,6.8181818181818175,78.78787878787878
E00072439,262,68,24,44,194,16,178,25.954198473282442,9.16030534351145,16.793893129770993,74.04580152671755,6.106870229007633,67.93893129770993
E00072440,301,47,9,38,254,18,236,15.614617940199334,2.990033222591362,12.624584717607974,84.38538205980066,5.980066445182724,78.40531561461795
E00072441,295,45,21,24,250,21,229,15.254237288135593,7.118644067796611,8.135593220338983,84.7457627118644,7.118644067796611,77.62711864406779
E00072442,279,41,11,30,238,23,215,14.695340501792115,3.942652329749104,10.75268817204301,85.30465949820788,8.24372759856631,77.06093189964157
E00072443,497,86,25,61,411,49,362,17.303822937625753,5.030181086519115,12.273641851106639,82.69617706237425,9.859154929577464,72.83702213279678
E00072444,319,42,17,25,277,33,244,13.166144200626958,5.329153605015674,7.836990595611286,86.83385579937304,10.344827586206897,76.48902821316614
E00072445,318,45,14,31,273,23,250,14.150943396226415,4.40251572327044,9.748427672955975,85.84905660377359,7.232704402515723,78.61635220125787
E00072446,274,47,22,25,227,23,204,17.153284671532848,8.02919708029197,9.124087591240876,82.84671532846716,8.394160583941606,74.45255474452554
E00072447,438,68,30,38,370,28,342,15.52511415525114,6.8493150684931505,8.67579908675799,84.47488584474885,6.392694063926941,78.08219178082192
E00072448,343,73,30,43,270,25,245,21.282798833819243,8.746355685131196,12.536443148688047,78.71720116618076,7.288629737609329,71.42857142857143
E00072449,274,39,11,28,235,35,200,14.233576642335766,4.014598540145985,10.218978102189782,85.76642335766424,12.773722627737227,72.99270072992701
E00072450,241,45,13,32,196,18,178,18.672199170124482,5.394190871369295,13.278008298755188,81.32780082987551,7.468879668049793,73.85892116182573
E00072451,289,51,21,30,238,29,209,17.647058823529413,7.26643598615917,10.380622837370241,82.35294117647058,10.034602076124568,72.31833910034602
E00072452,211,57,30,27,154,18,136,27.014218009478675,14.218009478672986,12.796208530805686,72.98578199052133,8.530805687203792,64.45497630331754
E00072453,236,55,28,27,181,20,161,23.30508474576271,11.864406779661017,11.440677966101696,76.69491525423729,8.47457627118644,68.22033898305084
E00072454,317,61,26,35,256,23,233,19.242902208201894,8.201892744479496,11.041009463722396,80.7570977917981,7.255520504731862,73.50157728706624
E00072455,363,72,30,42,291,26,265,19.834710743801654,8.264462809917356,11.570247933884298,80.16528925619835,7.162534435261708,73.00275482093664
E00072456,227,71,36,35,156,15,141,31.277533039647576,15.859030837004406,15.418502202643172,68.72246696035242,6.607929515418502,62.11453744493392
E00072457,340,88,44,44,252,26,226,25.882352941176475,12.941176470588237,12.941176470588237,74.11764705882354,7.647058823529412,66.47058823529412
E00072458,338,69,41,28,269,26,243,20.414201183431953,12.1301775147929,8.284023668639055,79.58579881656804,7.6923076923076925,71.89349112426035
E00072459,282,53,24,29,229,25,204,18.79432624113475,8.51063829787234,10.28368794326241,81.20567375886525,8.865248226950355,72.3404255319149
E00072460,238,56,23,33,182,16,166,23.52941176470588,9.663865546218489,13.865546218487395,76.47058823529412,6.722689075630252,69.74789915966386
E00072461,261,55,28,27,206,22,184,21.0727969348659,10.727969348659004,10.344827586206897,78.9272030651341,8.42911877394636,70.49808429118774
E00072462,214,22,7,15,192,19,173,10.2803738317757,3.2710280373831773,7.009345794392523,89.7196261682243,8.878504672897195,80.8411214953271
E00072463,315,52,22,30,263,26,237,16.507936507936506,6.984126984126984,9.523809523809524,83.4920634920635,8.253968253968253,75.23809523809524
E00072464,277,35,8,27,242,31,211,12.63537906137184,2.888086642599278,9.747292418772563,87.36462093862815,11.191335740072201,76.17328519855594
E00072465,261,31,8,23,230,19,211,11.877394636015326,3.065134099616858,8.812260536398467,88.12260536398468,7.2796934865900385,80.84291187739464
E00072466,219,26,10,16,193,16,177,11.87214611872146,4.5662100456621,7.30593607305936,88.12785388127854,7.30593607305936,80.82191780821918
E00072467,233,33,14,19,200,20,180,14.163090128755366,6.008583690987124,8.15450643776824,85.83690987124464,8.583690987124463,77.25321888412017
E00072468,242,32,13,19,210,25,185,13.223140495867769,5.371900826446281,7.851239669421488,86.77685950413223,10.330578512396695,76.44628099173553
E00072469,227,69,21,48,158,19,139,30.396475770925107,9.251101321585903,21.145374449339208,69.60352422907489,8.370044052863436,61.23348017621145
E00072470,263,55,21,34,208,20,188,20.912547528517113,7.984790874524715,12.927756653992395,79.08745247148289,7.604562737642586,71.48288973384031
E00072471,303,39,19,20,264,28,236,12.871287128712872,6.270627062706271,6.6006600660066,87.12871287128714,9.24092409240924,77.88778877887789
E00072472,253,66,30,36,187,15,172,26.08695652173913,11.857707509881422,14.229249011857709,73.91304347826086,5.928853754940711,67.98418972332016
E00072473,403,186,153,33,217,33,184,46.15384615384615,37.96526054590571,8.188585607940446,53.84615384615385,8.188585607940446,45.6575682382134
E00072474,250,59,23,36,191,23,168,23.599999999999998,9.2,14.399999999999999,76.4,9.2,67.2
E00072475,327,44,15,29,283,34,249,13.455657492354739,4.587155963302752,8.868501529051988,86.54434250764525,10.397553516819572,76.14678899082568
E00072476,414,49,23,26,365,34,331,11.83574879227053,5.555555555555555,6.280193236714976,88.16425120772948,8.212560386473431,79.95169082125604
E00072477,290,35,10,25,255,30,225,12.068965517241379,3.4482758620689653,8.620689655172415,87.93103448275862,10.344827586206897,77.58620689655173
E00072478,299,51,17,34,248,25,223,17.05685618729097,5.68561872909699,11.37123745819398,82.94314381270902,8.361204013377927,74.5819397993311
E00072479,341,62,29,33,279,15,264,18.181818181818183,8.504398826979472,9.67741935483871,81.81818181818183,4.398826979472141,77.41935483870968
E00072480,312,59,29,30,253,8,245,18.91025641025641,9.294871794871796,9.615384615384617,81.08974358974359,2.564102564102564,78.52564102564102
E00072481,385,160,95,65,225,22,203,41.55844155844156,24.675324675324674,16.883116883116884,58.44155844155844,5.714285714285714,52.72727272727272
E00072483,282,80,37,43,202,11,191,28.368794326241137,13.120567375886525,15.24822695035461,71.63120567375887,3.900709219858156,67.73049645390071
E00072485,289,64,22,42,225,7,218,22.145328719723185,7.612456747404845,14.53287197231834,77.85467128027682,2.422145328719723,75.4325259515571
E00072486,451,87,37,50,364,23,341,19.290465631929045,8.2039911308204,11.086474501108649,80.70953436807096,5.099778270509978,75.60975609756098
E00072487,295,87,41,46,208,12,196,29.491525423728817,13.898305084745763,15.593220338983052,70.50847457627118,4.067796610169491,66.44067796610169
E00072488,293,77,41,36,216,15,201,26.27986348122867,13.993174061433447,12.286689419795222,73.72013651877133,5.1194539249146755,68.60068259385666
E00072489,389,74,26,48,315,14,301,19.02313624678663,6.683804627249357,12.339331619537274,80.97686375321337,3.5989717223650386,77.37789203084833
E00072490,547,88,41,47,459,30,429,16.087751371115175,7.495429616087751,8.592321755027422,83.91224862888483,5.484460694698354,78.42778793418648
E00072491,257,48,29,19,209,3,206,18.67704280155642,11.284046692607005,7.392996108949417,81.32295719844358,1.1673151750972763,80.1556420233463
E00072492,236,53,32,21,183,8,175,22.45762711864407,13.559322033898304,8.898305084745763,77.54237288135593,3.389830508474576,74.15254237288136
E00072493,225,44,20,24,181,12,169,19.555555555555557,8.88888888888889,10.666666666666668,80.44444444444444,5.333333333333334,75.1111111111111
E00072494,265,48,19,29,217,7,210,18.11320754716981,7.169811320754717,10.943396226415095,81.88679245283019,2.6415094339622645,79.24528301886792
E00072495,236,80,38,42,156,18,138,33.89830508474576,16.101694915254235,17.796610169491526,66.10169491525424,7.627118644067797,58.47457627118644
E00072496,106,36,17,19,70,5,65,33.9622641509434,16.037735849056602,17.92452830188679,66.0377358490566,4.716981132075472,61.32075471698113
E00072497,280,68,41,27,212,19,193,24.285714285714285,14.642857142857144,9.642857142857144,75.71428571428571,6.785714285714286,68.92857142857143
E00072498,322,67,35,32,255,18,237,20.80745341614907,10.869565217391305,9.937888198757763,79.19254658385093,5.590062111801243,73.6024844720497
E00072499,322,108,66,42,214,19,195,33.54037267080746,20.496894409937887,13.043478260869565,66.45962732919256,5.900621118012422,60.55900621118012
E00072500,258,65,35,30,193,19,174,25.1937984496124,13.565891472868216,11.627906976744185,74.8062015503876,7.3643410852713185,67.44186046511628
E00072501,301,70,35,35,231,8,223,23.25581395348837,11.627906976744185,11.627906976744185,76.74418604651163,2.6578073089700998,74.08637873754152
E00072502,249,43,19,24,206,20,186,17.269076305220885,7.630522088353414,9.63855421686747,82.73092369477911,8.032128514056225,74.69879518072288
E00072503,324,72,33,39,252,22,230,22.22222222222222,10.185185185185185,12.037037037037036,77.77777777777779,6.790123456790123,70.98765432098766
E00072504,275,40,16,24,235,13,222,14.545454545454545,5.818181818181818,8.727272727272728,85.45454545454545,4.7272727272727275,80.72727272727272
E00072505,313,56,21,35,257,14,243,17.89137380191693,6.7092651757188495,11.182108626198083,82.10862619808307,4.472843450479233,77.63578274760383
E00072506,436,76,39,37,360,24,336,17.431192660550458,8.944954128440367,8.486238532110093,82.56880733944955,5.5045871559633035,77.06422018348624
E00072507,306,54,24,30,252,12,240,17.647058823529413,7.8431372549019605,9.803921568627452,82.35294117647058,3.9215686274509802,78.43137254901961
E00072508,366,70,29,41,296,16,280,19.12568306010929,7.923497267759563,11.202185792349727,80.87431693989072,4.371584699453552,76.50273224043715
E00072509,242,59,20,39,183,22,161,24.380165289256198,8.264462809917356,16.115702479338843,75.6198347107438,9.090909090909092,66.52892561983471
E00072510,297,52,19,33,245,20,225,17.50841750841751,6.397306397306397,11.11111111111111,82.49158249158249,6.7340067340067336,75.75757575757575
E00072511,292,49,22,27,243,15,228,16.78082191780822,7.534246575342466,9.246575342465754,83.21917808219177,5.136986301369863,78.08219178082192
E00072512,216,52,17,35,164,16,148,24.074074074074073,7.87037037037037,16.203703703703702,75.92592592592592,7.4074074074074066,68.51851851851852
E00072513,237,54,19,35,183,5,178,22.78481012658228,8.016877637130802,14.767932489451477,77.21518987341773,2.109704641350211,75.10548523206751
E00072514,425,76,34,42,349,21,328,17.88235294117647,8,9.88235294117647,82.11764705882352,4.941176470588235,77.17647058823529
E00072515,438,52,17,35,386,15,371,11.87214611872146,3.881278538812785,7.9908675799086755,88.12785388127854,3.4246575342465753,84.70319634703196
E00072516,515,84,35,49,431,25,406,16.310679611650485,6.796116504854369,9.514563106796116,83.68932038834951,4.854368932038835,78.83495145631068
E00072517,296,82,47,35,214,12,202,27.7027027027027,15.878378378378377,11.824324324324325,72.2972972972973,4.054054054054054,68.24324324324324
E00072518,383,73,36,37,310,23,287,19.06005221932115,9.39947780678851,9.660574412532636,80.93994778067885,6.005221932114883,74.93472584856397
E00072519,439,84,45,39,355,12,343,19.134396355353076,10.250569476082005,8.88382687927107,80.86560364464692,2.733485193621868,78.13211845102505
E00072520,236,57,28,29,179,6,173,24.152542372881356,11.864406779661017,12.288135593220339,75.84745762711864,2.5423728813559325,73.30508474576271
E00072521,293,80,41,39,213,14,199,27.303754266211605,13.993174061433447,13.310580204778159,72.6962457337884,4.778156996587031,67.91808873720136
E00072522,356,64,33,31,292,17,275,17.97752808988764,9.269662921348315,8.707865168539326,82.02247191011236,4.775280898876404,77.24719101123596
E00072523,377,94,40,54,283,14,269,24.93368700265252,10.610079575596817,14.323607427055704,75.06631299734748,3.7135278514588856,71.3527851458886
E00072524,285,66,32,34,219,22,197,23.157894736842106,11.228070175438596,11.929824561403509,76.84210526315789,7.719298245614035,69.12280701754386
E00072525,347,36,13,23,311,29,282,10.37463976945245,3.7463976945244957,6.628242074927954,89.62536023054754,8.357348703170029,81.26801152737752
E00072526,357,72,31,41,285,23,262,20.168067226890756,8.683473389355742,11.484593837535014,79.83193277310924,6.442577030812324,73.38935574229691
E00072527,285,77,38,39,208,16,192,27.017543859649123,13.333333333333334,13.684210526315791,72.98245614035088,5.614035087719298,67.36842105263158
E00072528,427,108,60,48,319,29,290,25.292740046838407,14.05152224824356,11.241217798594848,74.7072599531616,6.791569086651054,67.91569086651053
E00072529,311,65,34,31,246,11,235,20.90032154340836,10.932475884244374,9.967845659163988,79.09967845659163,3.536977491961415,75.56270096463022
E00072530,288,42,17,25,246,9,237,14.583333333333334,5.902777777777778,8.680555555555555,85.41666666666666,3.125,82.29166666666666
E00072531,311,85,47,38,226,11,215,27.331189710610932,15.112540192926044,12.218649517684888,72.66881028938906,3.536977491961415,69.13183279742765
E00072532,372,61,26,35,311,18,293,16.397849462365592,6.989247311827956,9.408602150537634,83.60215053763442,4.838709677419355,78.76344086021506
E00072533,280,102,56,46,178,28,150,36.42857142857142,20,16.428571428571427,63.57142857142857,10,53.57142857142857
E00072534,357,82,37,45,275,8,267,22.969187675070028,10.364145658263306,12.605042016806722,77.03081232492998,2.2408963585434174,74.78991596638656
E00072535,300,70,37,33,230,17,213,23.333333333333332,12.333333333333334,11,76.66666666666667,5.666666666666666,71
E00072536,350,93,41,52,257,17,240,26.571428571428573,11.714285714285715,14.857142857142858,73.42857142857143,4.857142857142857,68.57142857142857
E00072537,456,144,77,67,312,26,286,31.57894736842105,16.885964912280702,14.692982456140353,68.42105263157895,5.701754385964912,62.71929824561403
E00072538,287,68,38,30,219,18,201,23.693379790940767,13.240418118466899,10.452961672473867,76.30662020905923,6.2717770034843205,70.03484320557492
E00072539,237,87,53,34,150,10,140,36.708860759493675,22.362869198312236,14.345991561181433,63.29113924050633,4.219409282700422,59.07172995780591
E00072540,356,66,32,34,290,29,261,18.53932584269663,8.98876404494382,9.550561797752808,81.46067415730337,8.146067415730338,73.31460674157303
E00072541,270,63,29,34,207,19,188,23.333333333333332,10.74074074074074,12.592592592592592,76.66666666666667,7.037037037037037,69.62962962962963
E00072542,518,100,42,58,418,31,387,19.305019305019304,8.108108108108109,11.196911196911197,80.6949806949807,5.984555984555985,74.7104247104247
E00072543,295,69,28,41,226,27,199,23.389830508474578,9.491525423728813,13.898305084745763,76.61016949152543,9.152542372881356,67.45762711864407
E00072544,271,51,13,38,220,17,203,18.81918819188192,4.797047970479705,14.022140221402212,81.18081180811808,6.273062730627306,74.90774907749078
E00072545,387,48,25,23,339,14,325,12.4031007751938,6.459948320413436,5.943152454780361,87.59689922480621,3.6175710594315245,83.97932816537468
E00072546,283,47,26,21,236,18,218,16.607773851590103,9.187279151943462,7.420494699646643,83.3922261484099,6.36042402826855,77.03180212014135
E00072547,229,71,30,41,158,21,137,31.004366812227076,13.100436681222707,17.903930131004365,68.99563318777294,9.170305676855897,59.82532751091703
E00072548,348,65,28,37,283,24,259,18.67816091954023,8.045977011494253,10.632183908045976,81.32183908045977,6.896551724137931,74.42528735632183
E00072549,233,59,37,22,174,15,159,25.321888412017167,15.879828326180256,9.44206008583691,74.67811158798283,6.437768240343347,68.24034334763948
E00072550,256,80,39,41,176,12,164,31.25,15.234375,16.015625,68.75,4.6875,64.0625
E00072551,318,83,47,36,235,22,213,26.10062893081761,14.779874213836477,11.320754716981133,73.89937106918238,6.918238993710692,66.98113207547169
E00072552,325,90,26,64,235,15,220,27.692307692307693,8,19.692307692307693,72.3076923076923,4.615384615384616,67.6923076923077
E00072553,222,51,23,28,171,15,156,22.972972972972975,10.36036036036036,12.612612612612612,77.02702702702703,6.756756756756757,70.27027027027027
E00072554,204,35,8,27,169,11,158,17.15686274509804,3.9215686274509802,13.23529411764706,82.84313725490196,5.392156862745098,77.45098039215686
E00072555,301,103,63,40,198,16,182,34.21926910299003,20.930232558139537,13.2890365448505,65.78073089700996,5.3156146179401995,60.46511627906976
E00072556,285,73,29,44,212,17,195,25.6140350877193,10.175438596491228,15.43859649122807,74.3859649122807,5.964912280701754,68.42105263157895
E00072557,337,76,42,34,261,21,240,22.551928783382788,12.462908011869436,10.089020771513352,77.44807121661721,6.231454005934718,71.2166172106825
E00072558,257,75,39,36,182,19,163,29.18287937743191,15.17509727626459,14.007782101167315,70.8171206225681,7.392996108949417,63.42412451361867
E00072559,269,45,21,24,224,15,209,16.728624535315987,7.806691449814126,8.921933085501859,83.27137546468401,5.5762081784386615,77.69516728624535
E00072560,293,52,21,31,241,18,223,17.747440273037544,7.167235494880546,10.580204778156997,82.25255972696246,6.143344709897611,76.10921501706484
E00072561,334,70,32,38,264,18,246,20.958083832335326,9.580838323353294,11.377245508982035,79.04191616766467,5.389221556886228,73.65269461077844
E00072562,273,72,28,44,201,14,187,26.373626373626376,10.256410256410255,16.117216117216117,73.62637362637363,5.128205128205128,68.4981684981685
E00171625,250,59,36,23,191,12,179,23.599999999999998,14.399999999999999,9.2,76.4,4.8,71.6
E00171626,414,33,11,22,381,25,356,7.971014492753622,2.657004830917874,5.314009661835748,92.02898550724638,6.038647342995169,85.99033816425121
E00171627,347,39,9,30,308,16,292,11.239193083573488,2.5936599423631126,8.645533141210375,88.76080691642652,4.610951008645533,84.14985590778097
E00171628,343,50,18,32,293,19,274,14.577259475218659,5.247813411078718,9.329446064139942,85.42274052478133,5.539358600583091,79.88338192419825
E00171629,245,52,27,25,193,19,174,21.224489795918366,11.020408163265307,10.204081632653061,78.77551020408163,7.755102040816326,71.0204081632653
E00171630,354,26,5,21,328,23,305,7.344632768361582,1.4124293785310735,5.932203389830509,92.65536723163842,6.497175141242938,86.15819209039547
E00171631,399,136,101,35,263,20,243,34.08521303258145,25.31328320802005,8.771929824561402,65.91478696741855,5.012531328320802,60.902255639097746
E00171632,225,72,45,27,153,11,142,32,20,12,68,4.888888888888889,63.11111111111111
E00171633,292,50,21,29,242,22,220,17.123287671232877,7.191780821917808,9.931506849315069,82.87671232876713,7.534246575342466,75.34246575342466
E00171634,257,62,30,32,195,12,183,24.124513618677042,11.673151750972762,12.45136186770428,75.87548638132296,4.669260700389105,71.20622568093385
E00171635,190,33,11,22,157,8,149,17.36842105263158,5.7894736842105265,11.578947368421053,82.63157894736842,4.2105263157894735,78.42105263157895
E00171636,257,51,22,29,206,8,198,19.844357976653697,8.560311284046692,11.284046692607005,80.1556420233463,3.11284046692607,77.04280155642024
E00171637,365,48,26,22,317,18,299,13.150684931506849,7.123287671232877,6.027397260273973,86.84931506849315,4.931506849315069,81.91780821917808
E00171638,269,30,12,18,239,14,225,11.152416356877323,4.4609665427509295,6.691449814126393,88.84758364312268,5.204460966542751,83.64312267657994
E00171639,344,24,9,15,320,15,305,6.976744186046512,2.616279069767442,4.3604651162790695,93.02325581395348,4.3604651162790695,88.66279069767442
E00171640,375,131,69,62,244,18,226,34.93333333333333,18.4,16.53333333333333,65.06666666666666,4.8,60.266666666666666
E00171641,174,25,5,20,149,19,130,14.367816091954023,2.8735632183908044,11.494252873563218,85.63218390804597,10.919540229885058,74.71264367816092
E00171643,130,28,8,20,102,7,95,21.53846153846154,6.153846153846154,15.384615384615385,78.46153846153847,5.384615384615385,73.07692307692307
E00171644,135,8,4,4,127,13,114,5.9259259259259265,2.9629629629629632,2.9629629629629632,94.07407407407408,9.62962962962963,84.44444444444444
E00171645,327,46,14,32,281,17,264,14.067278287461773,4.281345565749235,9.785932721712538,85.93272171253822,5.198776758409786,80.73394495412845
E00171646,211,54,17,37,157,17,140,25.59241706161137,8.056872037914692,17.535545023696685,74.40758293838863,8.056872037914692,66.35071090047393
E00171647,283,29,14,15,254,15,239,10.247349823321555,4.946996466431095,5.30035335689046,89.75265017667844,5.30035335689046,84.45229681978799
E00171648,309,32,11,21,277,22,255,10.355987055016183,3.559870550161812,6.796116504854369,89.64401294498381,7.119741100323624,82.52427184466019
E00171649,387,33,8,25,354,18,336,8.527131782945736,2.0671834625323,6.459948320413436,91.47286821705426,4.651162790697675,86.82170542635659
E00171650,126,18,6,12,108,12,96,14.285714285714285,4.761904761904762,9.523809523809524,85.71428571428571,9.523809523809524,76.19047619047619
E00171652,222,23,10,13,199,7,192,10.36036036036036,4.504504504504505,5.8558558558558556,89.63963963963964,3.153153153153153,86.48648648648648
E00171653,296,87,63,24,209,11,198,29.39189189189189,21.283783783783782,8.108108108108109,70.6081081081081,3.7162162162162162,66.8918918918919
E00171654,372,38,11,27,334,29,305,10.21505376344086,2.956989247311828,7.258064516129033,89.78494623655914,7.795698924731183,81.98924731182797
E00171655,288,44,16,28,244,23,221,15.277777777777779,5.555555555555555,9.722222222222223,84.72222222222221,7.986111111111111,76.73611111111111
E00171656,193,25,9,16,168,15,153,12.953367875647666,4.66321243523316,8.290155440414509,87.04663212435233,7.772020725388601,79.27461139896373
E00171657,209,21,9,12,188,17,171,10.047846889952153,4.30622009569378,5.741626794258373,89.95215311004785,8.133971291866029,81.81818181818183
E00171659,319,76,33,43,243,16,227,23.824451410658305,10.344827586206897,13.479623824451412,76.17554858934169,5.015673981191222,71.15987460815047
E00171660,515,41,13,28,474,29,445,7.961165048543689,2.524271844660194,5.436893203883495,92.03883495145631,5.631067961165048,86.40776699029125
E00171661,471,71,27,44,400,24,376,15.074309978768577,5.7324840764331215,9.341825902335456,84.92569002123143,5.095541401273886,79.83014861995754
E00171662,164,33,12,21,131,8,123,20.121951219512198,7.317073170731707,12.804878048780488,79.8780487804878,4.878048780487805,75
E00171664,158,22,4,18,136,13,123,13.924050632911392,2.5316455696202533,11.39240506329114,86.07594936708861,8.227848101265822,77.84810126582279
E00171666,557,90,36,54,467,32,435,16.15798922800718,6.463195691202872,9.694793536804308,83.84201077199282,5.745062836624776,78.09694793536805
E00171667,340,48,17,31,292,24,268,14.117647058823529,5,9.117647058823529,85.88235294117646,7.0588235294117645,78.82352941176471
E00171669,269,43,23,20,226,22,204,15.985130111524162,8.550185873605948,7.434944237918216,84.01486988847584,8.178438661710038,75.8364312267658
E00171670,316,126,62,64,190,12,178,39.87341772151899,19.62025316455696,20.253164556962027,60.12658227848101,3.79746835443038,56.32911392405063
E00171671,310,40,10,30,270,18,252,12.903225806451612,3.225806451612903,9.67741935483871,87.09677419354838,5.806451612903226,81.29032258064515
E00171672,286,32,14,18,254,23,231,11.188811188811188,4.895104895104895,6.293706293706294,88.81118881118881,8.041958041958042,80.76923076923077
E00179349,867,166,66,100,701,43,658,19.146482122260668,7.612456747404845,11.534025374855824,80.85351787773934,4.959630911188005,75.89388696655132
E00179350,901,170,36,134,731,52,679,18.867924528301888,3.9955604883462823,14.872364039955604,81.13207547169812,5.771365149833518,75.3607103218646
E00179357,192,21,7,14,171,22,149,10.9375,3.6458333333333335,7.291666666666667,89.0625,11.458333333333332,77.60416666666666
E00179358,348,69,36,33,279,33,246,19.82758620689655,10.344827586206897,9.482758620689655,80.17241379310344,9.482758620689655,70.6896551724138
E00179361,271,20,5,15,251,14,237,7.380073800738007,1.8450184501845017,5.535055350553505,92.619926199262,5.166051660516605,87.4538745387454
E00179362,353,80,31,49,273,13,260,22.6628895184136,8.78186968838527,13.881019830028329,77.33711048158641,3.6827195467422094,73.65439093484419
E00179364,243,30,9,21,213,16,197,12.345679012345679,3.7037037037037033,8.641975308641975,87.65432098765432,6.584362139917696,81.06995884773663
E00179368,540,79,35,44,461,25,436,14.629629629629628,6.481481481481481,8.148148148148149,85.37037037037038,4.62962962962963,80.74074074074075
E00179374,354,35,14,21,319,22,297,9.887005649717514,3.954802259887006,5.932203389830509,90.11299435028248,6.214689265536723,83.89830508474576
E00179375,162,23,4,19,139,15,124,14.19753086419753,2.4691358024691357,11.728395061728394,85.80246913580247,9.25925925925926,76.5432098765432
E00179376,521,28,8,20,493,35,458,5.3742802303262955,1.5355086372360844,3.8387715930902107,94.6257197696737,6.71785028790787,87.90786948176583
E00179377,205,150,123,27,55,10,45,73.17073170731707,60,13.170731707317074,26.82926829268293,4.878048780487805,21.951219512195124
E00179378,439,107,50,57,332,21,311,24.373576309794988,11.389521640091116,12.984054669703873,75.62642369020502,4.783599088838269,70.84282460136674
E00179382,275,80,31,49,195,29,166,29.09090909090909,11.272727272727273,17.81818181818182,70.9090909090909,10.545454545454545,60.36363636363637
E00179384,245,41,19,22,204,20,184,16.73469387755102,7.755102040816326,8.979591836734693,83.26530612244898,8.16326530612245,75.10204081632654
E00179387,335,20,0,20,315,19,296,5.970149253731343,0,5.970149253731343,94.02985074626866,5.6716417910447765,88.35820895522389
E00179393,351,31,7,24,320,23,297,8.831908831908832,1.9943019943019942,6.837606837606838,91.16809116809117,6.552706552706552,84.61538461538461
E00179397,165,10,4,6,155,3,152,6.0606060606060606,2.4242424242424243,3.6363636363636362,93.93939393939394,1.8181818181818181,92.12121212121212
E00179406,229,34,20,14,195,14,181,14.847161572052403,8.73362445414847,6.11353711790393,85.1528384279476,6.11353711790393,79.03930131004367
E00179410,259,51,24,27,208,19,189,19.69111969111969,9.266409266409266,10.424710424710424,80.3088803088803,7.335907335907336,72.97297297297297
E00179413,594,43,5,38,551,51,500,7.23905723905724,0.8417508417508417,6.397306397306397,92.76094276094277,8.585858585858585,84.17508417508418
E00179418,319,49,18,31,270,23,247,15.360501567398119,5.6426332288401255,9.717868338557993,84.63949843260188,7.210031347962382,77.4294670846395
E00179420,411,45,17,28,366,21,345,10.948905109489052,4.13625304136253,6.81265206812652,89.05109489051095,5.109489051094891,83.94160583941606
E00179425,108,76,47,29,32,4,28,70.37037037037037,43.51851851851852,26.851851851851855,29.629629629629626,3.7037037037037033,25.925925925925924
E00179426,304,28,9,19,276,23,253,9.210526315789473,2.9605263157894735,6.25,90.78947368421053,7.565789473684211,83.22368421052632
E00179427,117,6,1,5,111,13,98,5.128205128205128,0.8547008547008548,4.273504273504273,94.87179487179486,11.11111111111111,83.76068376068376
E00179429,200,149,103,46,51,4,47,74.5,51.5,23,25.5,2,23.5
E00179431,288,27,8,19,261,18,243,9.375,2.7777777777777777,6.597222222222222,90.625,6.25,84.375
