OA,ts0590001,ts0590002,ts0590003,ts0590004,ts0590005,ts0590006,ts0590007,ts0590002_PCT,ts0590003_PCT,ts0590004_PCT,ts0590005_PCT,ts0590006_PCT,ts0590007_PCT
E00145264,159,44,18,26,115,97,18,27.67295597484277,11.320754716981133,16.352201257861633,72.32704402515722,61.0062893081761,11.320754716981133
E00145265,204,64,20,44,140,125,15,31.372549019607842,9.803921568627452,21.568627450980394,68.62745098039215,61.274509803921575,7.352941176470589
E00145266,339,62,9,53,277,243,34,18.289085545722713,2.6548672566371683,15.634218289085547,81.71091445427729,71.68141592920354,10.029498525073747
E00145267,179,35,11,24,144,134,10,19.553072625698324,6.145251396648044,13.40782122905028,80.44692737430168,74.86033519553072,5.58659217877095
E00145268,272,77,9,68,195,174,21,28.308823529411764,3.308823529411765,25,71.69117647058823,63.970588235294116,7.720588235294118
E00145269,159,32,9,23,127,117,10,20.125786163522015,5.660377358490567,14.465408805031446,79.87421383647799,73.58490566037736,6.289308176100629
E00145270,240,63,21,42,177,164,13,26.25,8.75,17.5,73.75,68.33333333333333,5.416666666666667
E00145271,161,49,13,36,112,107,5,30.434782608695656,8.074534161490684,22.36024844720497,69.56521739130434,66.45962732919256,3.1055900621118013
E00145272,200,71,20,51,129,119,10,35.5,10,25.5,64.5,59.5,5
E00145273,188,56,15,41,132,119,13,29.78723404255319,7.9787234042553195,21.808510638297875,70.2127659574468,63.297872340425535,6.914893617021277
E00145274,184,54,16,38,130,124,6,29.347826086956523,8.695652173913043,20.652173913043477,70.65217391304348,67.3913043478261,3.260869565217391
E00145275,190,28,11,17,162,143,19,14.736842105263156,5.7894736842105265,8.947368421052632,85.26315789473684,75.26315789473685,10
E00145278,198,43,11,32,155,132,23,21.71717171717172,5.555555555555555,16.161616161616163,78.28282828282829,66.66666666666666,11.616161616161616
E00145279,210,61,22,39,149,130,19,29.04761904761905,10.476190476190476,18.571428571428573,70.95238095238095,61.904761904761905,9.047619047619047
E00145280,174,41,10,31,133,114,19,23.563218390804597,5.747126436781609,17.81609195402299,76.4367816091954,65.51724137931035,10.919540229885058
E00145281,279,60,22,38,219,190,29,21.50537634408602,7.885304659498208,13.620071684587815,78.49462365591397,68.10035842293907,10.39426523297491
E00145282,103,20,7,13,83,69,14,19.41747572815534,6.796116504854369,12.62135922330097,80.58252427184466,66.99029126213593,13.592233009708737
E00145283,116,34,15,19,82,77,5,29.310344827586203,12.931034482758621,16.379310344827587,70.6896551724138,66.37931034482759,4.310344827586207
E00145284,185,53,9,44,132,119,13,28.64864864864865,4.864864864864865,23.783783783783786,71.35135135135135,64.32432432432432,7.027027027027027
E00145285,134,51,12,39,83,75,8,38.059701492537314,8.955223880597014,29.1044776119403,61.940298507462686,55.970149253731336,5.970149253731343
E00145286,226,82,22,60,144,135,9,36.283185840707965,9.734513274336283,26.548672566371685,63.716814159292035,59.73451327433629,3.982300884955752
E00145287,234,67,22,45,167,154,13,28.63247863247863,9.401709401709402,19.230769230769234,71.36752136752136,65.8119658119658,5.555555555555555
E00145288,157,63,22,41,94,88,6,40.12738853503185,14.012738853503185,26.11464968152866,59.87261146496815,56.05095541401274,3.821656050955414
E00145289,57,26,11,15,31,30,1,45.614035087719294,19.298245614035086,26.31578947368421,54.385964912280706,52.63157894736842,1.7543859649122806
E00145290,206,54,14,40,152,143,9,26.21359223300971,6.796116504854369,19.41747572815534,73.7864077669903,69.41747572815534,4.368932038834951
E00145291,95,35,14,21,60,54,6,36.84210526315789,14.736842105263156,22.105263157894736,63.1578947368421,56.84210526315789,6.315789473684211
E00145292,119,37,11,26,82,75,7,31.092436974789916,9.243697478991598,21.84873949579832,68.90756302521008,63.02521008403361,5.88235294117647
E00145293,144,44,14,30,100,98,2,30.555555555555557,9.722222222222223,20.833333333333336,69.44444444444444,68.05555555555556,1.3888888888888888
E00145294,149,48,6,42,101,91,10,32.21476510067114,4.026845637583892,28.187919463087248,67.78523489932886,61.07382550335571,6.7114093959731544
E00145295,146,43,16,27,103,92,11,29.45205479452055,10.95890410958904,18.493150684931507,70.54794520547945,63.013698630136986,7.534246575342466
E00145296,180,60,17,43,120,115,5,33.33333333333333,9.444444444444445,23.88888888888889,66.66666666666666,63.888888888888886,2.7777777777777777
E00145297,172,44,14,30,128,118,10,25.581395348837212,8.13953488372093,17.441860465116278,74.4186046511628,68.6046511627907,5.813953488372093
E00145298,246,66,21,45,180,166,14,26.82926829268293,8.536585365853659,18.29268292682927,73.17073170731707,67.47967479674797,5.691056910569105
E00145299,175,57,14,43,118,109,9,32.57142857142858,8,24.571428571428573,67.42857142857143,62.28571428571429,5.142857142857142
E00145300,154,64,26,38,90,85,5,41.55844155844156,16.883116883116884,24.675324675324674,58.44155844155844,55.1948051948052,3.2467532467532463
E00145302,310,128,93,35,182,136,46,41.29032258064516,30,11.29032258064516,58.70967741935483,43.87096774193549,14.838709677419354
E00145303,376,235,194,41,141,92,49,62.5,51.59574468085106,10.904255319148938,37.5,24.46808510638298,13.031914893617023
E00145308,101,38,19,19,63,51,12,37.62376237623762,18.81188118811881,18.81188118811881,62.37623762376238,50.495049504950494,11.881188118811881
E00145309,162,42,15,27,120,109,11,25.925925925925924,9.25925925925926,16.666666666666664,74.07407407407408,67.28395061728395,6.790123456790123
E00145310,119,36,11,25,83,79,4,30.252100840336134,9.243697478991598,21.008403361344538,69.74789915966386,66.38655462184873,3.361344537815126
E00145311,147,52,31,21,95,79,16,35.374149659863946,21.08843537414966,14.285714285714285,64.62585034013605,53.74149659863946,10.884353741496598
E00145312,181,74,37,37,107,95,12,40.88397790055249,20.441988950276244,20.441988950276244,59.11602209944752,52.48618784530387,6.629834254143646
E00145313,164,73,43,30,91,83,8,44.51219512195122,26.21951219512195,18.29268292682927,55.487804878048784,50.609756097560975,4.878048780487805
E00145314,159,60,31,29,99,90,9,37.735849056603776,19.49685534591195,18.238993710691823,62.264150943396224,56.60377358490566,5.660377358490567
E00145315,83,46,34,12,37,34,3,55.42168674698795,40.963855421686745,14.457831325301203,44.57831325301205,40.963855421686745,3.614457831325301
E00145316,122,34,12,22,88,68,20,27.86885245901639,9.836065573770492,18.0327868852459,72.1311475409836,55.73770491803278,16.39344262295082
E00145317,181,47,17,30,134,120,14,25.96685082872928,9.392265193370166,16.574585635359114,74.03314917127072,66.29834254143645,7.734806629834254
E00145318,272,43,20,23,229,208,21,15.808823529411764,7.352941176470589,8.455882352941178,84.19117647058823,76.47058823529412,7.720588235294118
E00145319,146,55,13,42,91,87,4,37.67123287671233,8.904109589041095,28.767123287671232,62.328767123287676,59.589041095890416,2.73972602739726
E00145321,188,58,17,41,130,117,13,30.851063829787233,9.042553191489363,21.808510638297875,69.14893617021278,62.23404255319149,6.914893617021277
E00145322,125,32,11,21,93,82,11,25.6,8.799999999999999,16.8,74.4,65.60000000000001,8.799999999999999
E00145323,143,38,13,25,105,96,9,26.573426573426573,9.090909090909092,17.482517482517483,73.42657342657343,67.13286713286713,6.293706293706294
E00145324,232,60,19,41,172,154,18,25.862068965517242,8.189655172413794,17.67241379310345,74.13793103448276,66.37931034482759,7.758620689655173
E00145325,148,56,17,39,92,88,4,37.83783783783784,11.486486486486488,26.351351351351347,62.16216216216216,59.45945945945946,2.7027027027027026
E00145326,157,54,15,39,103,99,4,34.394904458598724,9.554140127388536,24.840764331210192,65.60509554140127,63.05732484076433,2.547770700636943
E00145327,158,31,10,21,127,121,6,19.62025316455696,6.329113924050633,13.291139240506327,80.37974683544303,76.58227848101265,3.79746835443038
E00145328,227,70,18,52,157,140,17,30.837004405286343,7.929515418502203,22.90748898678414,69.16299559471366,61.67400881057269,7.488986784140969
E00145329,184,63,22,41,121,107,14,34.23913043478261,11.956521739130435,22.282608695652172,65.76086956521739,58.152173913043484,7.608695652173914
E00145330,231,74,25,49,157,146,11,32.03463203463203,10.822510822510822,21.21212121212121,67.96536796536796,63.20346320346321,4.761904761904762
E00145331,61,19,6,13,42,39,3,31.147540983606557,9.836065573770492,21.311475409836063,68.85245901639344,63.934426229508205,4.918032786885246
E00145332,197,49,13,36,148,127,21,24.873096446700508,6.598984771573605,18.274111675126903,75.1269035532995,64.46700507614213,10.65989847715736
E00145333,162,44,16,28,118,109,9,27.160493827160494,9.876543209876543,17.28395061728395,72.8395061728395,67.28395061728395,5.555555555555555
E00145334,158,56,15,41,102,93,9,35.44303797468354,9.49367088607595,25.949367088607595,64.55696202531645,58.86075949367089,5.69620253164557
E00145335,224,65,25,40,159,142,17,29.017857142857146,11.160714285714286,17.857142857142858,70.98214285714286,63.39285714285714,7.5892857142857135
E00145336,224,65,28,37,159,154,5,29.017857142857146,12.5,16.517857142857142,70.98214285714286,68.75,2.232142857142857
E00145338,190,70,23,47,120,107,13,36.84210526315789,12.105263157894736,24.736842105263158,63.1578947368421,56.315789473684205,6.842105263157896
E00145339,106,37,14,23,69,61,8,34.90566037735849,13.20754716981132,21.69811320754717,65.09433962264151,57.54716981132076,7.547169811320755
E00145340,189,57,24,33,132,116,16,30.158730158730158,12.698412698412698,17.46031746031746,69.84126984126983,61.37566137566137,8.465608465608465
E00145341,224,82,30,52,142,124,18,36.607142857142854,13.392857142857142,23.214285714285715,63.39285714285714,55.35714285714286,8.035714285714286
E00145342,211,68,28,40,143,129,14,32.22748815165877,13.270142180094787,18.95734597156398,67.77251184834124,61.137440758293835,6.6350710900473935
E00145343,208,56,16,40,152,134,18,26.923076923076923,7.6923076923076925,19.230769230769234,73.07692307692307,64.42307692307693,8.653846153846153
E00145344,172,49,14,35,123,112,11,28.488372093023255,8.13953488372093,20.348837209302324,71.51162790697676,65.11627906976744,6.395348837209303
E00145345,305,74,26,48,231,204,27,24.262295081967213,8.524590163934425,15.737704918032788,75.73770491803279,66.88524590163935,8.852459016393443
E00145346,179,44,17,27,135,127,8,24.581005586592177,9.497206703910614,15.083798882681565,75.41899441340783,70.94972067039106,4.4692737430167595
E00145349,161,25,10,15,136,123,13,15.527950310559005,6.211180124223603,9.316770186335404,84.472049689441,76.3975155279503,8.074534161490684
E00145350,102,30,13,17,72,60,12,29.411764705882355,12.745098039215685,16.666666666666664,70.58823529411765,58.82352941176471,11.76470588235294
E00145351,151,44,17,27,107,96,11,29.13907284768212,11.258278145695364,17.880794701986755,70.86092715231787,63.576158940397356,7.28476821192053
E00145352,151,50,28,22,101,89,12,33.11258278145696,18.543046357615893,14.56953642384106,66.88741721854305,58.94039735099338,7.9470198675496695
E00145356,203,56,23,33,147,135,12,27.586206896551722,11.330049261083744,16.25615763546798,72.41379310344827,66.50246305418719,5.911330049261084
E00145357,129,40,15,25,89,84,5,31.007751937984494,11.627906976744185,19.379844961240313,68.9922480620155,65.11627906976744,3.875968992248062
E00145359,209,57,28,29,152,132,20,27.27272727272727,13.397129186602871,13.875598086124402,72.72727272727273,63.1578947368421,9.569377990430622
E00145360,193,52,21,31,141,122,19,26.94300518134715,10.880829015544041,16.06217616580311,73.05699481865285,63.212435233160626,9.844559585492227
E00145361,198,63,31,32,135,116,19,31.818181818181817,15.656565656565657,16.161616161616163,68.18181818181817,58.58585858585859,9.595959595959595
E00145362,150,43,18,25,107,92,15,28.666666666666668,12,16.666666666666664,71.33333333333334,61.33333333333333,10
E00145363,135,23,9,14,112,104,8,17.037037037037038,6.666666666666667,10.37037037037037,82.96296296296296,77.03703703703704,5.9259259259259265
E00145364,95,32,11,21,63,47,16,33.68421052631579,11.578947368421053,22.105263157894736,66.3157894736842,49.473684210526315,16.842105263157894
E00145365,192,54,27,27,138,115,23,28.125,14.0625,14.0625,71.875,59.895833333333336,11.979166666666668
E00145366,207,49,22,27,158,134,24,23.67149758454106,10.628019323671497,13.043478260869565,76.32850241545893,64.73429951690821,11.594202898550725
E00145367,147,32,17,15,115,102,13,21.768707482993197,11.564625850340136,10.204081632653061,78.2312925170068,69.38775510204081,8.843537414965986
E00145368,157,36,14,22,121,99,22,22.929936305732486,8.9171974522293,14.012738853503185,77.07006369426752,63.05732484076433,14.012738853503185
E00145369,153,40,10,30,113,95,18,26.143790849673206,6.535947712418301,19.607843137254903,73.8562091503268,62.091503267973856,11.76470588235294
E00145370,150,43,19,24,107,84,23,28.666666666666668,12.666666666666668,16,71.33333333333334,56.00000000000001,15.333333333333332
E00145371,151,34,12,22,117,84,33,22.516556291390728,7.9470198675496695,14.56953642384106,77.48344370860927,55.62913907284768,21.85430463576159
E00145372,190,53,20,33,137,101,36,27.89473684210526,10.526315789473683,17.36842105263158,72.10526315789474,53.1578947368421,18.947368421052634
E00145373,228,13,5,8,215,206,9,5.701754385964912,2.1929824561403506,3.508771929824561,94.2982456140351,90.35087719298247,3.9473684210526314
E00145374,207,51,27,24,156,125,31,24.637681159420293,13.043478260869565,11.594202898550725,75.36231884057972,60.38647342995169,14.975845410628018
E00145375,111,19,8,11,92,76,16,17.117117117117118,7.207207207207207,9.90990990990991,82.88288288288288,68.46846846846847,14.414414414414415
E00145377,177,53,18,35,124,95,29,29.943502824858758,10.16949152542373,19.774011299435028,70.05649717514125,53.672316384180796,16.38418079096045
E00145378,195,49,19,30,146,118,28,25.128205128205128,9.7435897435897445,15.384615384615385,74.87179487179488,60.51282051282051,14.358974358974358
E00145379,157,35,13,22,122,92,30,22.29299363057325,8.280254777070063,14.012738853503185,77.70700636942675,58.59872611464968,19.10828025477707
E00145381,93,24,14,10,69,57,12,25.806451612903224,15.053763440860216,10.75268817204301,74.19354838709677,61.29032258064516,12.903225806451612
E00145382,158,34,12,22,124,103,21,21.518987341772153,7.59493670886076,13.924050632911392,78.48101265822784,65.18987341772153,13.291139240506327
E00145383,196,42,6,36,154,141,13,21.428571428571427,3.061224489795918,18.367346938775512,78.57142857142857,71.93877551020408,6.63265306122449
E00145384,255,70,29,41,185,164,21,27.450980392156865,11.372549019607844,16.07843137254902,72.54901960784314,64.31372549019608,8.235294117647058
E00145385,201,55,19,36,146,126,20,27.363184079601986,9.45273631840796,17.91044776119403,72.636815920398,62.68656716417911,9.950248756218906
E00145386,171,55,20,35,116,104,12,32.16374269005848,11.695906432748536,20.46783625730994,67.83625730994152,60.81871345029239,7.017543859649122
E00145387,178,62,18,44,116,98,18,34.831460674157306,10.112359550561797,24.719101123595504,65.1685393258427,55.0561797752809,10.112359550561797
E00145388,186,53,17,36,133,119,14,28.49462365591398,9.13978494623656,19.35483870967742,71.50537634408603,63.97849462365591,7.526881720430108
E00145389,232,66,23,43,166,139,27,28.448275862068968,9.913793103448276,18.53448275862069,71.55172413793103,59.91379310344828,11.637931034482758
E00145390,177,50,24,26,127,105,22,28.24858757062147,13.559322033898304,14.689265536723164,71.75141242937853,59.32203389830508,12.429378531073446
E00145391,74,16,7,9,58,45,13,21.62162162162162,9.45945945945946,12.162162162162163,78.37837837837837,60.810810810810814,17.56756756756757
E00145392,219,59,21,38,160,139,21,26.94063926940639,9.58904109589041,17.35159817351598,73.0593607305936,63.4703196347032,9.58904109589041
E00145393,199,51,25,26,148,110,38,25.628140703517587,12.562814070351758,13.06532663316583,74.37185929648241,55.27638190954774,19.09547738693467
E00145395,169,59,18,41,110,101,9,34.9112426035503,10.650887573964498,24.2603550295858,65.08875739644971,59.76331360946746,5.325443786982249
E00145396,138,40,8,32,98,95,3,28.985507246376812,5.797101449275362,23.18840579710145,71.01449275362319,68.84057971014492,2.1739130434782608
E00145397,144,44,22,22,100,82,18,30.555555555555557,15.277777777777779,15.277777777777779,69.44444444444444,56.94444444444444,12.5
E00145398,126,42,15,27,84,71,13,33.33333333333333,11.904761904761903,21.428571428571427,66.66666666666666,56.34920634920635,10.317460317460316
E00145399,182,47,23,24,135,121,14,25.82417582417583,12.637362637362637,13.186813186813188,74.17582417582418,66.48351648351648,7.6923076923076925
E00145400,176,51,15,36,125,108,17,28.97727272727273,8.522727272727272,20.454545454545457,71.02272727272727,61.36363636363637,9.659090909090908
E00145401,189,51,18,33,138,122,16,26.984126984126984,9.523809523809524,17.46031746031746,73.01587301587301,64.55026455026454,8.465608465608465
E00145402,309,94,31,63,215,182,33,30.42071197411003,10.032362459546926,20.388349514563107,69.57928802588997,58.89967637540453,10.679611650485436
E00145403,110,45,20,25,65,65,0,40.909090909090914,18.181818181818183,22.727272727272727,59.09090909090909,59.09090909090909,0
E00145404,126,36,13,23,90,66,24,28.57142857142857,10.317460317460316,18.253968253968253,71.42857142857143,52.38095238095239,19.047619047619047
E00145405,107,23,10,13,84,69,15,21.49532710280374,9.345794392523365,12.149532710280374,78.50467289719626,64.48598130841121,14.018691588785046
E00145406,49,17,6,11,32,29,3,34.69387755102041,12.244897959183673,22.448979591836736,65.3061224489796,59.183673469387756,6.122448979591836
E00145407,67,12,9,3,55,48,7,17.91044776119403,13.432835820895523,4.477611940298507,82.08955223880598,71.64179104477611,10.44776119402985
E00145408,165,38,14,24,127,110,17,23.03030303030303,8.484848484848486,14.545454545454545,76.96969696969697,66.66666666666666,10.303030303030303
E00145409,182,48,22,26,134,101,33,26.373626373626376,12.087912087912088,14.285714285714285,73.62637362637363,55.494505494505496,18.13186813186813
E00145410,90,24,12,12,66,49,17,26.666666666666668,13.333333333333334,13.333333333333334,73.33333333333333,54.44444444444444,18.88888888888889
E00145411,146,40,24,16,106,83,23,27.397260273972602,16.43835616438356,10.95890410958904,72.6027397260274,56.849315068493155,15.753424657534246
E00145412,152,47,19,28,105,87,18,30.92105263157895,12.5,18.421052631578945,69.07894736842105,57.23684210526315,11.842105263157894
E00145413,135,41,19,22,94,78,16,30.37037037037037,14.074074074074074,16.296296296296298,69.62962962962963,57.77777777777777,11.851851851851853
E00145414,207,60,15,45,147,122,25,28.985507246376812,7.246376811594203,21.73913043478261,71.01449275362319,58.93719806763285,12.077294685990339
E00145415,165,49,20,29,116,103,13,29.6969696969697,12.121212121212121,17.575757575757574,70.3030303030303,62.42424242424243,7.878787878787878
E00145416,166,40,17,23,126,111,15,24.096385542168676,10.240963855421686,13.855421686746988,75.90361445783132,66.86746987951807,9.036144578313253
E00145417,320,200,175,25,120,76,44,62.5,54.6875,7.8125,37.5,23.75,13.750000000000002
E00145420,111,34,10,24,77,59,18,30.630630630630627,9.00900900900901,21.62162162162162,69.36936936936937,53.153153153153156,16.216216216216218
E00145421,173,49,19,30,124,117,7,28.32369942196532,10.982658959537572,17.341040462427745,71.67630057803468,67.63005780346822,4.046242774566474
E00145422,128,45,15,30,83,74,9,35.15625,11.71875,23.4375,64.84375,57.8125,7.03125
E00145423,173,55,21,34,118,107,11,31.79190751445087,12.138728323699421,19.653179190751445,68.20809248554913,61.849710982658955,6.358381502890173
E00145424,138,58,21,37,80,60,20,42.028985507246375,15.217391304347828,26.811594202898554,57.971014492753625,43.47826086956522,14.492753623188406
E00145425,185,51,20,31,134,104,30,27.56756756756757,10.81081081081081,16.756756756756758,72.43243243243244,56.21621621621622,16.216216216216218
E00145426,377,72,14,58,305,268,37,19.098143236074268,3.7135278514588856,15.384615384615385,80.90185676392572,71.08753315649867,9.814323607427056
E00145427,315,103,44,59,212,193,19,32.698412698412696,13.968253968253968,18.73015873015873,67.3015873015873,61.26984126984127,6.031746031746032
E00145428,218,66,32,34,152,117,35,30.275229357798167,14.678899082568808,15.59633027522936,69.72477064220183,53.669724770642205,16.055045871559635
E00145429,200,57,25,32,143,125,18,28.499999999999996,12.5,16,71.5,62.5,9
E00145430,175,43,15,28,132,111,21,24.571428571428573,8.571428571428571,16,75.42857142857143,63.42857142857142,12
E00145431,163,38,19,19,125,102,23,23.31288343558282,11.65644171779141,11.65644171779141,76.68711656441718,62.57668711656442,14.11042944785276
E00145432,176,46,15,31,130,109,21,26.136363636363637,8.522727272727272,17.613636363636363,73.86363636363636,61.93181818181818,11.931818181818182
E00145433,202,62,28,34,140,106,34,30.693069306930692,13.861386138613863,16.831683168316832,69.3069306930693,52.475247524752476,16.831683168316832
E00145434,174,52,28,24,122,107,15,29.88505747126437,16.091954022988507,13.793103448275861,70.11494252873564,61.49425287356321,8.620689655172415
E00145435,143,49,18,31,94,83,11,34.26573426573427,12.587412587412588,21.678321678321677,65.73426573426573,58.04195804195804,7.6923076923076925
E00145436,177,47,22,25,130,104,26,26.55367231638418,12.429378531073446,14.124293785310735,73.44632768361582,58.75706214689266,14.689265536723164
E00145437,158,34,19,15,124,102,22,21.518987341772153,12.025316455696203,9.49367088607595,78.48101265822784,64.55696202531645,13.924050632911392
E00145438,123,31,15,16,92,65,27,25.203252032520325,12.195121951219512,13.008130081300814,74.79674796747967,52.84552845528455,21.951219512195124
E00145439,144,51,27,24,93,72,21,35.41666666666667,18.75,16.666666666666664,64.58333333333334,50,14.583333333333334
E00145440,133,25,9,16,108,91,17,18.796992481203006,6.7669172932330826,12.030075187969924,81.203007518797,68.42105263157895,12.781954887218044
E00145441,155,47,26,21,108,92,16,30.32258064516129,16.7741935483871,13.548387096774196,69.6774193548387,59.354838709677416,10.32258064516129
E00145442,134,41,24,17,93,72,21,30.597014925373134,17.91044776119403,12.686567164179104,69.40298507462687,53.73134328358209,15.671641791044777
E00145443,83,12,6,6,71,53,18,14.457831325301203,7.228915662650602,7.228915662650602,85.54216867469879,63.85542168674698,21.686746987951807
E00145444,169,41,16,25,128,104,24,24.2603550295858,9.467455621301776,14.792899408284024,75.7396449704142,61.53846153846154,14.201183431952662
E00145446,143,33,14,19,110,86,24,23.076923076923077,9.79020979020979,13.286713286713287,76.92307692307693,60.13986013986013,16.783216783216783
E00145447,143,28,13,15,115,88,27,19.58041958041958,9.090909090909092,10.48951048951049,80.41958041958041,61.53846153846154,18.88111888111888
E00145448,110,22,11,11,88,70,18,20,10,10,80,63.63636363636363,16.363636363636363
E00145449,149,43,18,25,106,74,32,28.859060402684566,12.080536912751679,16.778523489932887,71.14093959731544,49.664429530201346,21.476510067114095
E00145450,94,30,11,19,64,52,12,31.914893617021278,11.702127659574469,20.212765957446805,68.08510638297872,55.319148936170215,12.76595744680851
E00145451,138,40,20,20,98,78,20,28.985507246376812,14.492753623188406,14.492753623188406,71.01449275362319,56.52173913043478,14.492753623188406
E00145452,210,63,20,43,147,125,22,30,9.523809523809524,20.476190476190474,70,59.523809523809526,10.476190476190476
E00145454,66,16,3,13,50,39,11,24.242424242424242,4.545454545454546,19.696969696969695,75.75757575757575,59.09090909090909,16.666666666666664
E00145455,222,55,21,34,167,133,34,24.774774774774773,9.45945945945946,15.315315315315313,75.22522522522522,59.909909909909906,15.315315315315313
E00145456,136,41,20,21,95,70,25,30.14705882352941,14.705882352941178,15.441176470588236,69.85294117647058,51.470588235294116,18.38235294117647
E00145457,65,15,6,9,50,43,7,23.076923076923077,9.230769230769232,13.846153846153847,76.92307692307693,66.15384615384615,10.76923076923077
E00145458,169,37,16,21,132,106,26,21.893491124260358,9.467455621301776,12.42603550295858,78.10650887573965,62.721893491124256,15.384615384615385
E00145459,272,66,22,44,206,183,23,24.264705882352942,8.088235294117647,16.176470588235293,75.73529411764706,67.27941176470588,8.455882352941178
E00145460,321,99,9,90,222,159,63,30.8411214953271,2.803738317757009,28.037383177570092,69.1588785046729,49.532710280373834,19.626168224299064
E00145461,189,55,20,35,134,123,11,29.100529100529098,10.582010582010582,18.51851851851852,70.8994708994709,65.07936507936508,5.82010582010582
E00145462,289,62,21,41,227,185,42,21.453287197231834,7.26643598615917,14.186851211072666,78.54671280276817,64.01384083044984,14.53287197231834
E00145463,202,48,11,37,154,138,16,23.762376237623762,5.445544554455446,18.316831683168317,76.23762376237624,68.31683168316832,7.920792079207921
E00145464,131,33,5,28,98,95,3,25.190839694656486,3.816793893129771,21.374045801526716,74.80916030534351,72.51908396946564,2.2900763358778624
E00145465,153,61,20,41,92,83,9,39.869281045751634,13.071895424836603,26.797385620915033,60.130718954248366,54.248366013071895,5.88235294117647
E00145466,181,48,8,40,133,121,12,26.519337016574585,4.41988950276243,22.099447513812155,73.48066298342542,66.85082872928176,6.629834254143646
E00145467,211,48,17,31,163,153,10,22.748815165876778,8.056872037914692,14.691943127962084,77.25118483412322,72.51184834123224,4.739336492890995
E00145468,134,30,5,25,104,95,9,22.388059701492537,3.731343283582089,18.65671641791045,77.61194029850746,70.8955223880597,6.7164179104477615
E00145469,138,45,14,31,93,84,9,32.608695652173914,10.144927536231885,22.463768115942027,67.3913043478261,60.86956521739131,6.521739130434782
E00145470,160,54,21,33,106,95,11,33.75,13.125,20.625,66.25,59.375,6.875000000000001
E00145471,155,42,9,33,113,100,13,27.09677419354839,5.806451612903226,21.29032258064516,72.90322580645162,64.51612903225806,8.38709677419355
E00145472,216,45,14,31,171,151,20,20.833333333333336,6.481481481481481,14.351851851851851,79.16666666666666,69.9074074074074,9.25925925925926
E00145473,171,60,22,38,111,103,8,35.08771929824561,12.865497076023392,22.22222222222222,64.91228070175438,60.23391812865497,4.678362573099415
E00145474,169,66,20,46,103,95,8,39.053254437869825,11.834319526627219,27.218934911242602,60.946745562130175,56.213017751479285,4.733727810650888
E00145475,105,29,12,17,76,69,7,27.61904761904762,11.428571428571429,16.19047619047619,72.38095238095238,65.71428571428571,6.666666666666667
E00145476,173,44,20,24,129,116,13,25.43352601156069,11.560693641618498,13.872832369942195,74.56647398843931,67.05202312138728,7.514450867052023
E00145477,305,99,29,70,206,175,31,32.459016393442624,9.508196721311474,22.950819672131146,67.54098360655738,57.377049180327866,10.163934426229508
E00145478,187,48,20,28,139,122,17,25.668449197860966,10.695187165775401,14.973262032085561,74.33155080213903,65.24064171122996,9.090909090909092
E00145479,174,58,21,37,116,104,12,33.33333333333333,12.068965517241379,21.26436781609195,66.66666666666666,59.77011494252874,6.896551724137931
E00145481,198,55,15,40,143,122,21,27.77777777777778,7.575757575757576,20.2020202020202,72.22222222222221,61.61616161616161,10.606060606060606
E00145482,228,55,14,41,173,157,16,24.12280701754386,6.140350877192982,17.982456140350877,75.87719298245614,68.85964912280701,7.017543859649122
E00145483,191,53,15,38,138,122,16,27.748691099476442,7.853403141361256,19.895287958115183,72.25130890052355,63.87434554973822,8.37696335078534
E00145484,218,59,16,43,159,144,15,27.06422018348624,7.339449541284404,19.724770642201836,72.93577981651376,66.05504587155964,6.8807339449541285
E00145485,149,50,16,34,99,86,13,33.557046979865774,10.738255033557047,22.818791946308725,66.44295302013423,57.71812080536913,8.724832214765101
E00145486,239,67,26,41,172,155,17,28.03347280334728,10.87866108786611,17.154811715481173,71.96652719665272,64.85355648535564,7.112970711297072
E00145487,219,72,29,43,147,128,19,32.87671232876712,13.24200913242009,19.63470319634703,67.12328767123287,58.44748858447488,8.67579908675799
E00145488,250,63,18,45,187,169,18,25.2,7.199999999999999,18,74.8,67.60000000000001,7.199999999999999
E00145489,159,43,13,30,116,104,12,27.044025157232703,8.176100628930817,18.867924528301888,72.95597484276729,65.40880503144653,7.547169811320755
E00145490,220,55,22,33,165,153,12,25,10,15,75,69.54545454545455,5.454545454545454
E00145491,330,61,24,37,269,240,29,18.484848484848484,7.2727272727272725,11.212121212121213,81.51515151515152,72.72727272727273,8.787878787878787
E00145492,225,49,21,28,176,145,31,21.777777777777775,9.333333333333334,12.444444444444445,78.22222222222223,64.44444444444444,13.777777777777779
E00145493,168,37,12,25,131,126,5,22.023809523809522,7.142857142857142,14.880952380952381,77.97619047619048,75,2.976190476190476
E00145494,196,42,19,23,154,131,23,21.428571428571427,9.693877551020408,11.73469387755102,78.57142857142857,66.83673469387756,11.73469387755102
E00145495,204,54,20,34,150,131,19,26.47058823529412,9.803921568627452,16.666666666666664,73.52941176470588,64.2156862745098,9.313725490196079
E00145497,158,45,17,28,113,97,16,28.48101265822785,10.759493670886076,17.72151898734177,71.51898734177216,61.39240506329114,10.126582278481013
E00145498,165,50,17,33,115,105,10,30.303030303030305,10.303030303030303,20,69.6969696969697,63.63636363636363,6.0606060606060606
E00145499,175,50,17,33,125,110,15,28.57142857142857,9.714285714285714,18.857142857142858,71.42857142857143,62.857142857142854,8.571428571428571
E00145500,194,57,18,39,137,110,27,29.381443298969074,9.278350515463918,20.103092783505154,70.61855670103093,56.70103092783505,13.917525773195877
E00145501,141,37,11,26,104,91,13,26.24113475177305,7.801418439716312,18.439716312056735,73.75886524822694,64.53900709219859,9.219858156028367
E00145502,168,54,20,34,114,86,28,32.142857142857146,11.904761904761903,20.238095238095237,67.85714285714286,51.19047619047619,16.666666666666664
E00145503,162,52,25,27,110,92,18,32.098765432098766,15.432098765432098,16.666666666666664,67.90123456790124,56.79012345679012,11.11111111111111
E00145504,148,44,27,17,104,86,18,29.72972972972973,18.243243243243242,11.486486486486488,70.27027027027027,58.108108108108105,12.162162162162163
E00145506,145,41,9,32,104,93,11,28.27586206896552,6.206896551724138,22.06896551724138,71.72413793103448,64.13793103448275,7.586206896551724
E00145507,170,46,13,33,124,102,22,27.058823529411764,7.647058823529412,19.411764705882355,72.94117647058823,60,12.941176470588237
E00145508,164,43,13,30,121,109,12,26.21951219512195,7.926829268292683,18.29268292682927,73.78048780487805,66.46341463414635,7.317073170731707
E00145509,240,61,21,40,179,153,26,25.416666666666664,8.75,16.666666666666664,74.58333333333333,63.74999999999999,10.833333333333334
E00145510,128,44,16,28,84,70,14,34.375,12.5,21.875,65.625,54.6875,10.9375
E00145511,135,45,17,28,90,69,21,33.33333333333333,12.592592592592592,20.74074074074074,66.66666666666666,51.11111111111111,15.555555555555555
E00145512,173,53,24,29,120,87,33,30.63583815028902,13.872832369942195,16.76300578034682,69.36416184971098,50.28901734104046,19.07514450867052
E00145514,123,31,8,23,92,80,12,25.203252032520325,6.504065040650407,18.69918699186992,74.79674796747967,65.04065040650406,9.75609756097561
E00145515,166,33,9,24,133,124,9,19.879518072289155,5.421686746987952,14.457831325301203,80.12048192771084,74.69879518072288,5.421686746987952
E00145516,191,46,14,32,145,126,19,24.083769633507853,7.329842931937172,16.75392670157068,75.91623036649214,65.96858638743456,9.947643979057592
E00145518,172,30,12,18,142,104,38,17.441860465116278,6.976744186046512,10.465116279069768,82.55813953488372,60.46511627906976,22.093023255813954
E00145522,97,49,36,13,48,29,19,50.51546391752577,37.11340206185567,13.402061855670103,49.48453608247423,29.896907216494846,19.587628865979383
E00145523,102,26,12,14,76,58,18,25.49019607843137,11.76470588235294,13.725490196078432,74.50980392156863,56.86274509803921,17.647058823529413
E00145524,166,43,14,29,123,86,37,25.903614457831324,8.433734939759036,17.46987951807229,74.09638554216868,51.80722891566265,22.289156626506024
E00145525,64,17,6,11,47,37,10,26.5625,9.375,17.1875,73.4375,57.8125,15.625
E00145526,136,35,18,17,101,74,27,25.735294117647058,13.23529411764706,12.5,74.26470588235294,54.41176470588235,19.852941176470587
E00145527,94,34,15,19,60,41,19,36.17021276595745,15.957446808510639,20.212765957446805,63.829787234042556,43.61702127659575,20.212765957446805
E00145528,152,56,27,29,96,74,22,36.84210526315789,17.763157894736842,19.078947368421055,63.1578947368421,48.68421052631579,14.473684210526317
E00145529,214,55,32,23,159,133,26,25.70093457943925,14.953271028037381,10.74766355140187,74.29906542056075,62.149532710280376,12.149532710280374
E00145530,176,51,19,32,125,78,47,28.97727272727273,10.795454545454545,18.181818181818183,71.02272727272727,44.31818181818182,26.704545454545453
E00145531,157,34,12,22,123,114,9,21.656050955414013,7.643312101910828,14.012738853503185,78.343949044586,72.61146496815286,5.7324840764331215
E00145532,158,44,14,30,114,107,7,27.848101265822784,8.860759493670885,18.9873417721519,72.15189873417721,67.72151898734177,4.430379746835443
E00145533,127,37,9,28,90,82,8,29.133858267716533,7.086614173228346,22.04724409448819,70.86614173228347,64.56692913385827,6.299212598425196
E00145534,158,54,18,36,104,90,14,34.177215189873415,11.39240506329114,22.78481012658228,65.82278481012658,56.9620253164557,8.860759493670885
E00145535,126,34,6,28,92,81,11,26.984126984126984,4.761904761904762,22.22222222222222,73.01587301587301,64.28571428571429,8.73015873015873
E00145536,350,90,16,74,260,235,25,25.71428571428571,4.571428571428571,21.142857142857142,74.28571428571429,67.14285714285714,7.142857142857142
E00145537,175,30,9,21,145,135,10,17.142857142857142,5.142857142857142,12,82.85714285714286,77.14285714285715,5.714285714285714
E00145538,200,46,12,34,154,140,14,23,6,17,77,70,7.000000000000001
E00145539,219,46,18,28,173,159,14,21.00456621004566,8.21917808219178,12.785388127853881,78.99543378995433,72.6027397260274,6.392694063926941
E00145540,206,52,11,41,154,139,15,25.24271844660194,5.339805825242718,19.902912621359224,74.75728155339806,67.47572815533981,7.281553398058252
E00145541,190,55,16,39,135,121,14,28.947368421052634,8.421052631578947,20.526315789473685,71.05263157894737,63.68421052631579,7.368421052631578
E00145542,133,55,15,40,78,78,0,41.35338345864661,11.278195488721805,30.075187969924812,58.64661654135338,58.64661654135338,0
E00145543,188,59,14,45,129,122,7,31.382978723404253,7.446808510638298,23.93617021276596,68.61702127659575,64.8936170212766,3.723404255319149
E00145544,139,43,10,33,96,84,12,30.935251798561154,7.1942446043165464,23.741007194244602,69.06474820143885,60.431654676258994,8.633093525179856
E00145545,140,50,19,31,90,83,7,35.714285714285715,13.571428571428571,22.142857142857142,64.28571428571429,59.285714285714285,5
E00145546,205,54,19,35,151,140,11,26.34146341463415,9.268292682926829,17.073170731707318,73.65853658536585,68.29268292682927,5.365853658536586
E00145547,105,33,11,22,72,62,10,31.428571428571427,10.476190476190476,20.952380952380953,68.57142857142857,59.04761904761905,9.523809523809524
E00145548,182,50,12,38,132,118,14,27.472527472527474,6.593406593406594,20.87912087912088,72.52747252747253,64.83516483516483,7.6923076923076925
E00145549,165,52,19,33,113,101,12,31.515151515151512,11.515151515151516,20,68.48484848484848,61.212121212121204,7.2727272727272725
E00145550,110,32,9,23,78,73,5,29.09090909090909,8.181818181818182,20.909090909090907,70.9090909090909,66.36363636363637,4.545454545454546
E00145551,128,38,11,27,90,82,8,29.6875,8.59375,21.09375,70.3125,64.0625,6.25
E00145552,123,32,12,20,91,81,10,26.01626016260163,9.75609756097561,16.260162601626014,73.98373983739837,65.85365853658537,8.130081300813007
E00145553,150,44,19,25,106,85,21,29.333333333333332,12.666666666666668,16.666666666666664,70.66666666666667,56.666666666666664,14.000000000000002
E00145554,249,65,21,44,184,169,15,26.104417670682732,8.433734939759036,17.670682730923694,73.89558232931726,67.8714859437751,6.024096385542169
E00145555,190,54,22,32,136,121,15,28.421052631578945,11.578947368421053,16.842105263157894,71.57894736842105,63.68421052631579,7.894736842105263
E00145556,169,39,10,29,130,117,13,23.076923076923077,5.9171597633136095,17.159763313609467,76.92307692307693,69.23076923076923,7.6923076923076925
E00145557,151,38,13,25,113,95,18,25.165562913907287,8.609271523178808,16.55629139072848,74.83443708609272,62.913907284768214,11.920529801324504
E00145558,163,43,14,29,120,104,16,26.380368098159508,8.588957055214724,17.791411042944784,73.61963190184049,63.80368098159509,9.815950920245399
E00145559,222,50,23,27,172,141,31,22.52252252252252,10.36036036036036,12.162162162162163,77.47747747747748,63.51351351351351,13.963963963963963
E00145560,217,64,15,49,153,127,26,29.493087557603687,6.912442396313365,22.58064516129032,70.50691244239631,58.525345622119815,11.981566820276496
E00145561,81,33,13,20,48,44,4,40.74074074074074,16.049382716049383,24.691358024691358,59.25925925925925,54.32098765432099,4.938271604938271
E00145562,143,46,15,31,97,80,17,32.16783216783217,10.48951048951049,21.678321678321677,67.83216783216784,55.94405594405595,11.888111888111888
E00145563,179,44,14,30,135,119,16,24.581005586592177,7.82122905027933,16.75977653631285,75.41899441340783,66.4804469273743,8.938547486033519
E00145564,186,63,17,46,123,100,23,33.87096774193548,9.13978494623656,24.731182795698924,66.12903225806451,53.76344086021505,12.365591397849462
E00145565,164,37,7,30,127,110,17,22.5609756097561,4.2682926829268295,18.29268292682927,77.4390243902439,67.07317073170732,10.365853658536585
E00145566,317,53,18,35,264,232,32,16.7192429022082,5.678233438485805,11.041009463722396,83.2807570977918,73.18611987381703,10.094637223974763
E00145567,244,52,13,39,192,155,37,21.311475409836063,5.327868852459016,15.983606557377051,78.68852459016394,63.52459016393443,15.163934426229508
E00145568,201,57,19,38,144,122,22,28.35820895522388,9.45273631840796,18.90547263681592,71.64179104477611,60.69651741293532,10.945273631840797
E00145569,172,44,15,29,128,111,17,25.581395348837212,8.720930232558139,16.86046511627907,74.4186046511628,64.53488372093024,9.883720930232558
E00145570,128,32,12,20,96,81,15,25,9.375,15.625,75,63.28125,11.71875
E00145571,171,45,15,30,126,113,13,26.31578947368421,8.771929824561402,17.543859649122805,73.68421052631578,66.08187134502924,7.602339181286549
E00145572,214,65,20,45,149,125,24,30.373831775700932,9.345794392523365,21.02803738317757,69.62616822429906,58.41121495327103,11.214953271028037
E00145573,108,40,17,23,68,59,9,37.03703703703704,15.74074074074074,21.296296296296298,62.96296296296296,54.629629629629626,8.333333333333332
E00145574,171,52,22,30,119,110,9,30.409356725146196,12.865497076023392,17.543859649122805,69.5906432748538,64.32748538011695,5.263157894736842
E00145575,132,45,17,28,87,81,6,34.090909090909086,12.878787878787879,21.21212121212121,65.9090909090909,61.36363636363637,4.545454545454546
E00145576,194,76,22,54,118,108,10,39.175257731958766,11.34020618556701,27.835051546391753,60.824742268041234,55.670103092783506,5.154639175257731
E00145577,213,60,18,42,153,130,23,28.169014084507044,8.450704225352112,19.718309859154928,71.83098591549296,61.03286384976526,10.7981220657277
E00145578,97,26,15,11,71,61,10,26.804123711340207,15.463917525773196,11.34020618556701,73.19587628865979,62.88659793814433,10.309278350515463
E00145579,160,46,17,29,114,104,10,28.749999999999996,10.625,18.125,71.25,65,6.25
E00145580,127,44,20,24,83,64,19,34.645669291338585,15.748031496062993,18.89763779527559,65.35433070866141,50.39370078740157,14.960629921259844
E00145581,183,57,17,40,126,108,18,31.147540983606557,9.289617486338798,21.85792349726776,68.85245901639344,59.01639344262295,9.836065573770492
E00145582,155,53,22,31,102,89,13,34.193548387096776,14.193548387096774,20,65.80645161290323,57.41935483870968,8.38709677419355
E00145583,347,101,45,56,246,213,33,29.106628242074926,12.968299711815561,16.138328530259365,70.89337175792507,61.38328530259366,9.510086455331413
E00145584,191,67,12,55,124,115,9,35.07853403141361,6.282722513089005,28.79581151832461,64.92146596858639,60.20942408376963,4.712041884816754
E00145585,81,25,6,19,56,46,10,30.864197530864196,7.4074074074074066,23.456790123456788,69.1358024691358,56.79012345679012,12.345679012345679
E00145586,169,61,25,36,108,97,11,36.09467455621302,14.792899408284024,21.301775147928996,63.905325443786985,57.396449704142015,6.508875739644971
E00145587,194,64,18,46,130,117,13,32.98969072164948,9.278350515463918,23.711340206185564,67.0103092783505,60.30927835051546,6.701030927835052
E00145588,250,78,24,54,172,162,10,31.2,9.6,21.6,68.8,64.8,4
E00145590,136,56,20,36,80,76,4,41.17647058823529,14.705882352941178,26.47058823529412,58.82352941176471,55.88235294117647,2.941176470588235
E00145591,148,51,28,23,97,67,30,34.45945945945946,18.91891891891892,15.54054054054054,65.54054054054053,45.27027027027027,20.27027027027027
E00145592,190,67,27,40,123,111,12,35.26315789473684,14.210526315789473,21.052631578947366,64.73684210526316,58.42105263157895,6.315789473684211
E00145593,160,40,19,21,120,107,13,25,11.875,13.125,75,66.875,8.125
E00145594,133,45,21,24,88,79,9,33.83458646616541,15.789473684210526,18.045112781954884,66.16541353383458,59.3984962406015,6.7669172932330826
E00145595,152,50,24,26,102,84,18,32.89473684210527,15.789473684210526,17.105263157894736,67.10526315789474,55.26315789473685,11.842105263157894
E00145596,155,70,32,38,85,69,16,45.16129032258064,20.64516129032258,24.516129032258064,54.83870967741935,44.516129032258064,10.32258064516129
E00145597,156,75,40,35,81,68,13,48.07692307692308,25.64102564102564,22.435897435897438,51.92307692307693,43.58974358974359,8.333333333333332
E00145598,192,61,25,36,131,106,25,31.770833333333332,13.020833333333334,18.75,68.22916666666666,55.208333333333336,13.020833333333334
E00145599,252,57,30,27,195,179,16,22.61904761904762,11.904761904761903,10.714285714285714,77.38095238095238,71.03174603174604,6.349206349206349
E00145600,134,40,19,21,94,80,14,29.850746268656714,14.17910447761194,15.671641791044777,70.1492537313433,59.70149253731343,10.44776119402985
E00145601,162,41,25,16,121,103,18,25.308641975308642,15.432098765432098,9.876543209876543,74.69135802469135,63.580246913580254,11.11111111111111
E00145602,82,33,22,11,49,39,10,40.243902439024396,26.82926829268293,13.414634146341465,59.756097560975604,47.5609756097561,12.195121951219512
E00145603,63,20,12,8,43,39,4,31.746031746031743,19.047619047619047,12.698412698412698,68.25396825396825,61.904761904761905,6.349206349206349
E00145604,60,13,9,4,47,40,7,21.666666666666668,15,6.666666666666667,78.33333333333333,66.66666666666666,11.666666666666666
E00145605,154,45,27,18,109,87,22,29.22077922077922,17.532467532467532,11.688311688311687,70.77922077922078,56.493506493506494,14.285714285714285
E00145606,141,52,19,33,89,67,22,36.87943262411347,13.47517730496454,23.404255319148938,63.12056737588653,47.5177304964539,15.602836879432624
E00145607,159,54,29,25,105,83,22,33.9622641509434,18.238993710691823,15.723270440251572,66.0377358490566,52.20125786163522,13.836477987421384
E00145608,151,38,17,21,113,96,17,25.165562913907287,11.258278145695364,13.90728476821192,74.83443708609272,63.576158940397356,11.258278145695364
E00145609,112,35,22,13,77,48,29,31.25,19.642857142857142,11.607142857142858,68.75,42.857142857142854,25.892857142857146
E00145610,135,41,13,28,94,62,32,30.37037037037037,9.62962962962963,20.74074074074074,69.62962962962963,45.925925925925924,23.703703703703706
E00145612,135,55,35,20,80,54,26,40.74074074074074,25.925925925925924,14.814814814814813,59.25925925925925,40,19.25925925925926
E00145615,78,24,13,11,54,37,17,30.76923076923077,16.666666666666664,14.102564102564102,69.23076923076923,47.43589743589743,21.794871794871796
E00145617,82,22,10,12,60,46,14,26.82926829268293,12.195121951219512,14.634146341463413,73.17073170731707,56.09756097560976,17.073170731707318
E00145618,71,26,9,17,45,30,15,36.61971830985916,12.676056338028168,23.943661971830984,63.38028169014085,42.25352112676056,21.12676056338028
E00145619,97,28,10,18,69,48,21,28.865979381443296,10.309278350515463,18.556701030927837,71.1340206185567,49.48453608247423,21.649484536082475
E00145621,192,80,49,31,112,95,17,41.66666666666667,25.520833333333332,16.145833333333336,58.333333333333336,49.47916666666667,8.854166666666668
E00145622,129,37,21,16,92,71,21,28.68217054263566,16.27906976744186,12.4031007751938,71.31782945736434,55.03875968992248,16.27906976744186
E00145623,211,57,31,26,154,129,25,27.014218009478675,14.691943127962084,12.322274881516588,72.98578199052133,61.137440758293835,11.848341232227488
E00145624,120,44,26,18,76,66,10,36.666666666666664,21.666666666666668,15,63.33333333333333,55.00000000000001,8.333333333333332
E00145625,169,57,36,21,112,93,19,33.72781065088758,21.301775147928996,12.42603550295858,66.27218934911244,55.02958579881657,11.242603550295858
E00145626,135,40,18,22,95,76,19,29.629629629629626,13.333333333333334,16.296296296296298,70.37037037037037,56.2962962962963,14.074074074074074
E00145627,351,64,31,33,287,255,32,18.233618233618234,8.831908831908832,9.401709401709402,81.76638176638177,72.64957264957265,9.116809116809117
E00145628,147,50,20,30,97,78,19,34.01360544217687,13.60544217687075,20.408163265306122,65.98639455782312,53.06122448979592,12.925170068027212
E00145629,194,54,28,26,140,121,19,27.835051546391753,14.432989690721648,13.402061855670103,72.16494845360825,62.371134020618555,9.793814432989691
E00145630,124,44,16,28,80,67,13,35.483870967741936,12.903225806451612,22.58064516129032,64.51612903225806,54.03225806451613,10.483870967741936
E00145631,115,54,41,13,61,45,16,46.95652173913044,35.65217391304348,11.304347826086957,53.04347826086957,39.130434782608695,13.91304347826087
E00145632,137,45,27,18,92,77,15,32.846715328467155,19.708029197080293,13.138686131386862,67.15328467153284,56.20437956204379,10.948905109489052
E00145633,159,50,34,16,109,87,22,31.446540880503143,21.38364779874214,10.062893081761008,68.55345911949685,54.71698113207547,13.836477987421384
E00145634,117,35,17,18,82,74,8,29.914529914529915,14.529914529914532,15.384615384615385,70.08547008547008,63.24786324786324,6.837606837606838
E00145635,158,48,16,32,110,66,44,30.37974683544304,10.126582278481013,20.253164556962027,69.62025316455697,41.77215189873418,27.848101265822784
E00145637,129,43,18,25,86,73,13,33.33333333333333,13.953488372093023,19.379844961240313,66.66666666666666,56.58914728682171,10.077519379844961
E00145638,85,23,9,14,62,45,17,27.058823529411764,10.588235294117647,16.470588235294116,72.94117647058823,52.94117647058824,20
E00145639,133,22,4,18,111,82,29,16.541353383458645,3.007518796992481,13.533834586466165,83.45864661654136,61.65413533834586,21.804511278195488
E00145640,129,38,14,24,91,73,18,29.457364341085274,10.852713178294573,18.6046511627907,70.54263565891473,56.58914728682171,13.953488372093023
E00145641,97,32,18,14,65,48,17,32.98969072164948,18.556701030927837,14.432989690721648,67.0103092783505,49.48453608247423,17.525773195876287
E00145642,111,23,11,12,88,69,19,20.72072072072072,9.90990990990991,10.81081081081081,79.27927927927928,62.16216216216216,17.117117117117118
E00145643,146,39,13,26,107,92,15,26.71232876712329,8.904109589041095,17.80821917808219,73.28767123287672,63.013698630136986,10.273972602739725
E00145644,142,28,17,11,114,74,40,19.718309859154928,11.971830985915492,7.746478873239436,80.28169014084507,52.112676056338024,28.169014084507044
E00145645,119,39,17,22,80,58,22,32.773109243697476,14.285714285714285,18.487394957983195,67.22689075630252,48.739495798319325,18.487394957983195
E00145646,120,43,19,24,77,57,20,35.833333333333336,15.833333333333332,20,64.16666666666667,47.5,16.666666666666664
E00145647,144,30,19,11,114,84,30,20.833333333333336,13.194444444444445,7.638888888888889,79.16666666666666,58.333333333333336,20.833333333333336
E00145648,163,43,17,26,120,86,34,26.380368098159508,10.429447852760736,15.950920245398773,73.61963190184049,52.760736196319016,20.858895705521473
E00145649,147,42,15,27,105,65,40,28.57142857142857,10.204081632653061,18.367346938775512,71.42857142857143,44.21768707482993,27.2108843537415
E00145650,168,40,17,23,128,67,61,23.809523809523807,10.119047619047619,13.690476190476192,76.19047619047619,39.88095238095239,36.30952380952381
E00145652,112,36,17,19,76,59,17,32.142857142857146,15.178571428571427,16.964285714285715,67.85714285714286,52.67857142857143,15.178571428571427
E00145654,192,65,21,44,127,109,18,33.85416666666667,10.9375,22.916666666666664,66.14583333333334,56.770833333333336,9.375
E00145655,162,42,16,26,120,103,17,25.925925925925924,9.876543209876543,16.049382716049383,74.07407407407408,63.580246913580254,10.493827160493826
E00145656,136,38,15,23,98,78,20,27.941176470588236,11.029411764705882,16.911764705882355,72.05882352941177,57.35294117647059,14.705882352941178
E00145657,184,52,24,28,132,97,35,28.26086956521739,13.043478260869565,15.217391304347828,71.73913043478261,52.71739130434783,19.021739130434785
E00145658,140,53,27,26,87,64,23,37.857142857142854,19.28571428571429,18.571428571428573,62.142857142857146,45.714285714285715,16.428571428571427
E00145659,144,35,10,25,109,74,35,24.305555555555554,6.944444444444445,17.36111111111111,75.69444444444444,51.388888888888886,24.305555555555554
E00145660,137,42,16,26,95,83,12,30.656934306569344,11.678832116788321,18.97810218978102,69.34306569343066,60.58394160583942,8.75912408759124
E00145661,179,52,25,27,127,95,32,29.05027932960894,13.966480446927374,15.083798882681565,70.94972067039106,53.072625698324025,17.877094972067038
E00145662,179,57,25,32,122,103,19,31.843575418994412,13.966480446927374,17.877094972067038,68.15642458100558,57.54189944134078,10.614525139664805
E00145663,143,49,16,33,94,79,15,34.26573426573427,11.188811188811188,23.076923076923077,65.73426573426573,55.24475524475524,10.48951048951049
E00145664,126,41,18,23,85,63,22,32.53968253968254,14.285714285714285,18.253968253968253,67.46031746031747,50,17.46031746031746
E00145665,156,37,13,24,119,97,22,23.717948717948715,8.333333333333332,15.384615384615385,76.28205128205127,62.17948717948718,14.102564102564102
E00145666,187,53,23,30,134,104,30,28.342245989304814,12.299465240641712,16.042780748663102,71.65775401069519,55.61497326203209,16.042780748663102
E00145667,106,38,14,24,68,61,7,35.84905660377358,13.20754716981132,22.641509433962266,64.15094339622641,57.54716981132076,6.60377358490566
E00145668,207,68,27,41,139,112,27,32.850241545893724,13.043478260869565,19.806763285024154,67.14975845410628,54.106280193236714,13.043478260869565
E00145669,133,42,21,21,91,67,24,31.57894736842105,15.789473684210526,15.789473684210526,68.42105263157895,50.37593984962406,18.045112781954884
E00145670,158,52,18,34,106,85,21,32.91139240506329,11.39240506329114,21.518987341772153,67.08860759493672,53.79746835443038,13.291139240506327
E00145671,127,48,21,27,79,63,16,37.79527559055118,16.535433070866144,21.25984251968504,62.20472440944882,49.60629921259843,12.598425196850393
E00145672,120,32,14,18,88,56,32,26.666666666666668,11.666666666666666,15,73.33333333333333,46.666666666666664,26.666666666666668
E00145673,116,45,25,20,71,54,17,38.793103448275865,21.551724137931032,17.24137931034483,61.206896551724135,46.55172413793103,14.655172413793101
E00145674,158,57,22,35,101,74,27,36.075949367088604,13.924050632911392,22.151898734177212,63.92405063291139,46.835443037974684,17.088607594936708
E00145675,148,40,11,29,108,97,11,27.027027027027028,7.4324324324324325,19.594594594594593,72.97297297297297,65.54054054054053,7.4324324324324325
E00145676,113,37,18,19,76,52,24,32.743362831858406,15.929203539823009,16.8141592920354,67.2566371681416,46.017699115044245,21.238938053097346
E00145677,138,37,12,25,101,75,26,26.811594202898554,8.695652173913043,18.115942028985508,73.18840579710145,54.347826086956516,18.84057971014493
E00172559,223,46,35,11,177,130,47,20.62780269058296,15.695067264573993,4.932735426008969,79.37219730941703,58.29596412556054,21.076233183856502
E00172561,84,13,3,10,71,58,13,15.476190476190476,3.571428571428571,11.904761904761903,84.52380952380952,69.04761904761905,15.476190476190476
E00172564,99,29,15,14,70,32,38,29.292929292929294,15.151515151515152,14.14141414141414,70.70707070707071,32.323232323232325,38.38383838383838
E00172565,63,13,7,6,50,42,8,20.634920634920633,11.11111111111111,9.523809523809524,79.36507936507937,66.66666666666666,12.698412698412698
E00172567,450,262,221,41,188,119,69,58.22222222222222,49.111111111111114,9.11111111111111,41.77777777777778,26.444444444444443,15.333333333333332
E00172573,161,35,30,5,126,103,23,21.73913043478261,18.633540372670808,3.1055900621118013,78.26086956521739,63.975155279503106,14.285714285714285
E00172575,118,28,18,10,90,74,16,23.728813559322035,15.254237288135593,8.47457627118644,76.27118644067797,62.71186440677966,13.559322033898304
E00172576,74,20,11,9,54,39,15,27.027027027027028,14.864864864864865,12.162162162162163,72.97297297297297,52.702702702702695,20.27027027027027
E00172578,111,22,13,9,89,70,19,19.81981981981982,11.711711711711711,8.108108108108109,80.18018018018019,63.06306306306306,17.117117117117118
E00172579,153,47,16,31,106,98,8,30.718954248366014,10.457516339869281,20.26143790849673,69.28104575163398,64.05228758169935,5.228758169934641
E00172581,201,78,38,40,123,109,14,38.80597014925373,18.90547263681592,19.900497512437813,61.19402985074627,54.22885572139303,6.965174129353234
E00172582,75,28,11,17,47,37,10,37.333333333333336,14.666666666666666,22.666666666666664,62.66666666666667,49.333333333333336,13.333333333333334
E00172584,49,15,0,15,34,22,12,30.612244897959183,0,30.612244897959183,69.38775510204081,44.89795918367347,24.489795918367346
E00172585,88,27,18,9,61,58,3,30.681818181818183,20.454545454545457,10.227272727272728,69.31818181818183,65.9090909090909,3.4090909090909087
E00172587,190,47,20,27,143,105,38,24.736842105263158,10.526315789473683,14.210526315789473,75.26315789473685,55.26315789473685,20
E00172589,63,18,8,10,45,36,9,28.57142857142857,12.698412698412698,15.873015873015872,71.42857142857143,57.14285714285714,14.285714285714285
E00172590,115,34,17,17,81,70,11,29.565217391304348,14.782608695652174,14.782608695652174,70.43478260869566,60.86956521739131,9.565217391304348
E00172592,114,22,9,13,92,78,14,19.298245614035086,7.894736842105263,11.403508771929824,80.7017543859649,68.42105263157895,12.280701754385964
E00172593,124,48,21,27,76,50,26,38.70967741935484,16.93548387096774,21.774193548387096,61.29032258064516,40.32258064516129,20.967741935483872
E00172595,150,43,15,28,107,79,28,28.666666666666668,10,18.666666666666668,71.33333333333334,52.666666666666664,18.666666666666668
E00172596,172,41,16,25,131,101,30,23.837209302325583,9.30232558139535,14.534883720930234,76.16279069767442,58.720930232558146,17.441860465116278
E00172598,181,35,14,21,146,104,42,19.337016574585636,7.734806629834254,11.602209944751381,80.66298342541437,57.4585635359116,23.204419889502763
E00175315,120,30,12,18,90,83,7,25,10,15,75,69.16666666666667,5.833333333333333
E00175316,110,33,7,26,77,71,6,30,6.363636363636363,23.636363636363637,70,64.54545454545455,5.454545454545454
E00175317,117,16,8,8,101,90,11,13.675213675213676,6.837606837606838,6.837606837606838,86.32478632478633,76.92307692307693,9.401709401709402
E00175318,49,12,6,6,37,28,9,24.489795918367346,12.244897959183673,12.244897959183673,75.51020408163265,57.14285714285714,18.367346938775512
E00175319,154,30,12,18,124,112,12,19.480519480519483,7.792207792207792,11.688311688311687,80.51948051948052,72.72727272727273,7.792207792207792
E00175320,231,52,28,24,179,151,28,22.51082251082251,12.121212121212121,10.38961038961039,77.48917748917748,65.36796536796537,12.121212121212121
E00175321,114,65,46,19,49,33,16,57.01754385964912,40.35087719298245,16.666666666666664,42.98245614035088,28.947368421052634,14.035087719298245
E00175322,106,33,20,13,73,64,9,31.132075471698112,18.867924528301888,12.264150943396226,68.86792452830188,60.37735849056604,8.49056603773585
E00175323,136,48,12,36,88,79,9,35.294117647058826,8.823529411764707,26.47058823529412,64.70588235294117,58.08823529411765,6.61764705882353
E00175324,67,19,6,13,48,36,12,28.35820895522388,8.955223880597014,19.402985074626866,71.64179104477611,53.73134328358209,17.91044776119403
E00175325,148,36,11,25,112,97,15,24.324324324324326,7.4324324324324325,16.89189189189189,75.67567567567568,65.54054054054053,10.135135135135135
E00175326,116,47,19,28,69,61,8,40.51724137931034,16.379310344827587,24.137931034482758,59.48275862068966,52.58620689655172,6.896551724137931
E00175327,209,52,18,34,157,139,18,24.880382775119617,8.61244019138756,16.267942583732058,75.11961722488039,66.50717703349282,8.61244019138756
E00175328,178,43,13,30,135,124,11,24.15730337078652,7.303370786516854,16.853932584269664,75.84269662921348,69.66292134831461,6.179775280898876
E00175329,210,39,18,21,171,151,20,18.571428571428573,8.571428571428571,10,81.42857142857143,71.9047619047619,9.523809523809524
E00185846,253,149,119,30,104,75,29,58.89328063241107,47.03557312252965,11.857707509881422,41.10671936758894,29.64426877470356,11.462450592885375
E00185847,250,110,64,46,140,82,58,44,25.6,18.4,56.00000000000001,32.800000000000004,23.200000000000003
E00185852,135,45,13,32,90,75,15,33.33333333333333,9.62962962962963,23.703703703703706,66.66666666666666,55.55555555555556,11.11111111111111
E00185853,224,113,92,21,111,72,39,50.44642857142857,41.07142857142857,9.375,49.55357142857143,32.142857142857146,17.410714285714285
E00185863,66,22,7,15,44,44,0,33.33333333333333,10.606060606060606,22.727272727272727,66.66666666666666,66.66666666666666,0
E00185865,114,31,12,19,83,75,8,27.192982456140353,10.526315789473683,16.666666666666664,72.80701754385966,65.78947368421053,7.017543859649122
E00185866,117,43,26,17,74,41,33,36.75213675213676,22.22222222222222,14.529914529914532,63.24786324786324,35.04273504273504,28.205128205128204
E00185873,271,90,35,55,181,159,22,33.210332103321036,12.915129151291513,20.29520295202952,66.78966789667896,58.671586715867164,8.118081180811808
E00185875,144,44,17,27,100,85,15,30.555555555555557,11.805555555555555,18.75,69.44444444444444,59.02777777777778,10.416666666666668
E00185893,237,66,18,48,171,132,39,27.848101265822784,7.59493670886076,20.253164556962027,72.15189873417721,55.69620253164557,16.455696202531644
E00185894,60,21,6,15,39,30,9,35,10,25,65,50,15
E00185905,62,23,9,14,39,23,16,37.096774193548384,14.516129032258066,22.58064516129032,62.903225806451616,37.096774193548384,25.806451612903224
E00185907,163,56,18,38,107,88,19,34.355828220858896,11.042944785276074,23.31288343558282,65.6441717791411,53.987730061349694,11.65644171779141
E00185910,119,58,32,26,61,35,26,48.739495798319325,26.89075630252101,21.84873949579832,51.26050420168067,29.411764705882355,21.84873949579832
E00185913,279,59,15,44,220,193,27,21.14695340501792,5.376344086021505,15.770609318996415,78.85304659498208,69.17562724014337,9.67741935483871
E00185924,137,53,19,34,84,68,16,38.68613138686132,13.86861313868613,24.817518248175183,61.31386861313869,49.63503649635037,11.678832116788321
E00185926,195,51,21,30,144,134,10,26.153846153846157,10.76923076923077,15.384615384615385,73.84615384615385,68.71794871794872,5.128205128205128
E00185928,56,12,6,6,44,40,4,21.428571428571427,10.714285714285714,10.714285714285714,78.57142857142857,71.42857142857143,7.142857142857142
E00185932,90,25,7,18,65,53,12,27.77777777777778,7.777777777777778,20,72.22222222222221,58.88888888888889,13.333333333333334
E00185935,169,40,20,20,129,114,15,23.668639053254438,11.834319526627219,11.834319526627219,76.33136094674556,67.45562130177515,8.875739644970414
E00185943,142,85,55,30,57,49,8,59.859154929577464,38.732394366197184,21.12676056338028,40.140845070422536,34.50704225352113,5.633802816901409
E00185956,251,100,35,65,151,139,12,39.8406374501992,13.94422310756972,25.89641434262948,60.1593625498008,55.37848605577689,4.780876494023905
E00185959,56,25,7,18,31,27,4,44.642857142857146,12.5,32.142857142857146,55.35714285714286,48.214285714285715,7.142857142857142
E00185963,271,11,5,6,260,247,13,4.059040590405904,1.8450184501845017,2.214022140221402,95.9409594095941,91.14391143911439,4.797047970479705
E00185973,83,24,12,12,59,53,6,28.915662650602407,14.457831325301203,14.457831325301203,71.08433734939759,63.85542168674698,7.228915662650602
E00185995,228,64,31,33,164,147,17,28.07017543859649,13.596491228070176,14.473684210526317,71.9298245614035,64.47368421052632,7.456140350877193
E00186007,212,44,9,35,168,153,15,20.754716981132077,4.245283018867925,16.50943396226415,79.24528301886792,72.16981132075472,7.0754716981132075
E00186021,118,39,29,10,79,61,18,33.05084745762712,24.576271186440678,8.47457627118644,66.94915254237289,51.69491525423729,15.254237288135593
E00186036,106,25,7,18,81,73,8,23.58490566037736,6.60377358490566,16.9811320754717,76.41509433962264,68.86792452830188,7.547169811320755
E00186054,201,70,23,47,131,119,12,34.82587064676617,11.442786069651742,23.383084577114428,65.17412935323384,59.20398009950249,5.970149253731343
E00186055,160,61,24,37,99,90,9,38.125,15,23.125,61.875,56.25,5.625
E00186064,131,70,52,18,61,46,15,53.43511450381679,39.69465648854962,13.740458015267176,46.56488549618321,35.11450381679389,11.450381679389313
E00186080,207,98,68,30,109,58,51,47.34299516908212,32.850241545893724,14.492753623188406,52.65700483091788,28.019323671497588,24.637681159420293
