OA,ts0380001,ts0380002,ts0380003,ts0380004,ts0380005,ts0380006,ts0380007,ts0380002_PCT,ts0380003_PCT,ts0380004_PCT,ts0380005_PCT,ts0380006_PCT,ts0380007_PCT
E00145264,336,67,26,41,269,29,240,19.940476190476193,7.738095238095238,12.202380952380953,80.05952380952381,8.630952380952381,71.42857142857143
E00145265,390,76,33,43,314,14,300,19.48717948717949,8.461538461538462,11.025641025641026,80.51282051282051,3.5897435897435894,76.92307692307693
E00145266,577,70,34,36,507,28,479,12.131715771230503,5.892547660311958,6.239168110918544,87.8682842287695,4.852686308492201,83.0155979202773
E00145267,360,45,13,32,315,24,291,12.5,3.6111111111111107,8.88888888888889,87.5,6.666666666666667,80.83333333333333
E00145268,521,77,23,54,444,36,408,14.779270633397312,4.414587332053743,10.36468330134357,85.22072936660268,6.90978886756238,78.3109404990403
E00145269,341,65,26,39,276,18,258,19.06158357771261,7.624633431085044,11.436950146627565,80.93841642228739,5.278592375366569,75.65982404692082
E00145270,457,55,25,30,402,27,375,12.035010940919037,5.470459518599562,6.564551422319474,87.96498905908096,5.908096280087528,82.05689277899344
E00145271,362,73,30,43,289,24,265,20.165745856353592,8.287292817679557,11.878453038674033,79.8342541436464,6.629834254143646,73.20441988950276
E00145272,479,100,42,58,379,26,353,20.876826722338205,8.768267223382047,12.10855949895616,79.12317327766179,5.427974947807933,73.69519832985387
E00145273,367,51,17,34,316,24,292,13.896457765667575,4.632152588555858,9.264305177111716,86.10354223433242,6.539509536784741,79.56403269754769
E00145274,419,83,28,55,336,31,305,19.809069212410503,6.682577565632458,13.126491646778044,80.1909307875895,7.398568019093078,72.79236276849642
E00145275,309,38,13,25,271,18,253,12.297734627831716,4.207119741100324,8.090614886731391,87.70226537216828,5.825242718446602,81.87702265372168
E00145278,372,44,13,31,328,20,308,11.827956989247312,3.494623655913978,8.333333333333332,88.17204301075269,5.376344086021505,82.79569892473118
E00145279,437,67,24,43,370,21,349,15.331807780320366,5.491990846681922,9.839816933638444,84.66819221967964,4.805491990846682,79.86270022883295
E00145280,339,34,10,24,305,38,267,10.029498525073747,2.949852507374631,7.079646017699115,89.97050147492625,11.209439528023598,78.76106194690266
E00145281,508,72,24,48,436,32,404,14.173228346456693,4.724409448818897,9.448818897637794,85.8267716535433,6.299212598425196,79.52755905511812
E00145282,190,25,6,19,165,15,150,13.157894736842104,3.1578947368421053,10,86.8421052631579,7.894736842105263,78.94736842105263
E00145283,343,93,56,37,250,17,233,27.113702623906704,16.3265306122449,10.787172011661808,72.8862973760933,4.956268221574344,67.93002915451895
E00145284,357,55,23,32,302,20,282,15.406162464985995,6.442577030812324,8.96358543417367,84.593837535014,5.602240896358544,78.99159663865547
E00145285,331,71,30,41,260,15,245,21.45015105740181,9.06344410876133,12.386706948640484,78.54984894259819,4.531722054380665,74.01812688821752
E00145286,423,70,30,40,353,11,342,16.548463356973993,7.092198581560284,9.456264775413711,83.451536643026,2.6004728132387704,80.85106382978722
E00145287,496,63,31,32,433,15,418,12.701612903225806,6.25,6.451612903225806,87.29838709677419,3.024193548387097,84.2741935483871
E00145288,359,66,25,41,293,21,272,18.384401114206128,6.963788300835655,11.420612813370473,81.61559888579387,5.8495821727019495,75.76601671309191
E00145289,202,38,16,22,164,13,151,18.81188118811881,7.920792079207921,10.891089108910892,81.1881188118812,6.435643564356436,74.75247524752476
E00145290,371,58,15,43,313,29,284,15.633423180592992,4.0431266846361185,11.590296495956872,84.36657681940702,7.816711590296496,76.54986522911051
E00145291,219,59,34,25,160,14,146,26.94063926940639,15.52511415525114,11.415525114155251,73.0593607305936,6.392694063926941,66.66666666666666
E00145292,306,70,35,35,236,11,225,22.875816993464053,11.437908496732026,11.437908496732026,77.12418300653596,3.594771241830065,73.52941176470588
E00145293,356,69,26,43,287,11,276,19.382022471910112,7.303370786516854,12.07865168539326,80.6179775280899,3.089887640449438,77.52808988764045
E00145294,318,56,24,32,262,24,238,17.61006289308176,7.547169811320755,10.062893081761008,82.38993710691824,7.547169811320755,74.84276729559748
E00145295,367,51,22,29,316,19,297,13.896457765667575,5.994550408719346,7.901907356948229,86.10354223433242,5.177111716621254,80.92643051771117
E00145296,417,66,33,33,351,28,323,15.827338129496402,7.913669064748201,7.913669064748201,84.17266187050359,6.71462829736211,77.45803357314148
E00145297,351,64,24,40,287,18,269,18.233618233618234,6.837606837606838,11.396011396011396,81.76638176638177,5.128205128205128,76.63817663817663
E00145298,462,75,30,45,387,22,365,16.233766233766232,6.493506493506493,9.740259740259742,83.76623376623377,4.761904761904762,79.004329004329
E00145299,362,61,27,34,301,20,281,16.85082872928177,7.458563535911603,9.392265193370166,83.14917127071824,5.524861878453039,77.62430939226519
E00145300,345,64,30,34,281,19,262,18.55072463768116,8.695652173913043,9.855072463768117,81.44927536231884,5.507246376811594,75.94202898550725
E00145302,1023,129,18,111,894,81,813,12.609970674486803,1.7595307917888565,10.850439882697946,87.3900293255132,7.9178885630498534,79.47214076246334
E00145303,2819,410,61,349,2409,244,2165,14.544164597374957,2.163887903511884,12.380276693863072,85.45583540262504,8.655551614047535,76.8002837885775
E00145308,385,63,21,42,322,31,291,16.363636363636363,5.454545454545454,10.909090909090908,83.63636363636363,8.051948051948052,75.58441558441558
E00145309,332,50,21,29,282,17,265,15.060240963855422,6.325301204819277,8.734939759036145,84.93975903614458,5.120481927710843,79.81927710843374
E00145310,266,43,19,24,223,21,202,16.165413533834585,7.142857142857142,9.022556390977442,83.83458646616542,7.894736842105263,75.93984962406014
E00145311,333,39,11,28,294,24,270,11.711711711711711,3.303303303303303,8.408408408408409,88.28828828828829,7.207207207207207,81.08108108108108
E00145312,448,70,15,55,378,27,351,15.625,3.3482142857142856,12.276785714285714,84.375,6.026785714285714,78.34821428571429
E00145313,430,54,8,46,376,40,336,12.558139534883722,1.8604651162790697,10.69767441860465,87.44186046511628,9.30232558139535,78.13953488372093
E00145314,345,51,19,32,294,25,269,14.782608695652174,5.507246376811594,9.27536231884058,85.21739130434783,7.246376811594203,77.97101449275362
E00145315,674,66,11,55,608,55,553,9.792284866468842,1.6320474777448073,8.160237388724036,90.20771513353115,8.160237388724036,82.04747774480711
E00145316,250,54,42,12,196,9,187,21.6,16.8,4.8,78.4,3.5999999999999996,74.8
E00145317,385,59,20,39,326,14,312,15.324675324675324,5.194805194805195,10.129870129870131,84.67532467532467,3.6363636363636362,81.03896103896105
E00145318,449,65,17,48,384,28,356,14.476614699331849,3.78619153674833,10.690423162583519,85.52338530066815,6.23608017817372,79.28730512249443
E00145319,311,50,21,29,261,9,252,16.077170418006432,6.752411575562702,9.32475884244373,83.92282958199357,2.8938906752411575,81.02893890675242
E00145321,395,56,23,33,339,19,320,14.177215189873419,5.822784810126582,8.354430379746836,85.82278481012658,4.810126582278481,81.0126582278481
E00145322,285,61,33,28,224,15,209,21.403508771929825,11.578947368421053,9.824561403508772,78.59649122807018,5.263157894736842,73.33333333333333
E00145323,365,64,32,32,301,23,278,17.534246575342465,8.767123287671232,8.767123287671232,82.46575342465754,6.301369863013699,76.16438356164383
E00145324,483,92,37,55,391,25,366,19.047619047619047,7.6604554865424435,11.387163561076605,80.95238095238095,5.175983436853002,75.77639751552795
E00145325,517,126,48,78,391,28,363,24.37137330754352,9.284332688588009,15.087040618955513,75.62862669245648,5.415860735009671,70.2127659574468
E00145326,372,56,22,34,316,17,299,15.053763440860216,5.913978494623656,9.13978494623656,84.94623655913979,4.56989247311828,80.3763440860215
E00145327,335,44,18,26,291,13,278,13.134328358208954,5.3731343283582085,7.761194029850746,86.86567164179104,3.880597014925373,82.98507462686567
E00145328,405,48,11,37,357,29,328,11.851851851851853,2.7160493827160495,9.135802469135802,88.14814814814815,7.160493827160494,80.98765432098766
E00145329,342,44,15,29,298,18,280,12.865497076023392,4.385964912280701,8.47953216374269,87.13450292397661,5.263157894736842,81.87134502923976
E00145330,395,28,11,17,367,14,353,7.088607594936709,2.7848101265822782,4.30379746835443,92.91139240506328,3.5443037974683547,89.36708860759494
E00145331,161,49,21,28,112,8,104,30.434782608695656,13.043478260869565,17.391304347826086,69.56521739130434,4.968944099378882,64.59627329192547
E00145332,363,40,14,26,323,25,298,11.019283746556475,3.8567493112947657,7.162534435261708,88.98071625344353,6.887052341597796,82.09366391184572
E00145333,248,46,9,37,202,17,185,18.548387096774192,3.6290322580645165,14.919354838709678,81.45161290322581,6.854838709677419,74.59677419354838
E00145334,345,61,25,36,284,21,263,17.681159420289855,7.246376811594203,10.434782608695652,82.31884057971014,6.086956521739131,76.23188405797102
E00145335,582,40,20,20,542,31,511,6.872852233676976,3.436426116838488,3.436426116838488,93.12714776632302,5.326460481099656,87.80068728522336
E00145336,400,57,17,40,343,22,321,14.249999999999998,4.25,10,85.75,5.5,80.25
E00145338,393,52,19,33,341,12,329,13.231552162849871,4.8346055979643765,8.396946564885496,86.76844783715013,3.0534351145038165,83.7150127226463
E00145339,295,49,18,31,246,10,236,16.610169491525422,6.101694915254238,10.508474576271185,83.38983050847457,3.389830508474576,80
E00145340,342,43,17,26,299,20,279,12.573099415204677,4.970760233918129,7.602339181286549,87.42690058479532,5.847953216374268,81.57894736842105
E00145341,410,44,16,28,366,19,347,10.731707317073171,3.902439024390244,6.829268292682928,89.26829268292683,4.634146341463414,84.6341463414634
E00145342,420,54,24,30,366,30,336,12.857142857142856,5.714285714285714,7.142857142857142,87.14285714285714,7.142857142857142,80
E00145343,358,43,13,30,315,34,281,12.011173184357542,3.6312849162011176,8.379888268156424,87.98882681564247,9.497206703910614,78.49162011173185
E00145344,290,34,12,22,256,35,221,11.724137931034482,4.137931034482759,7.586206896551724,88.27586206896552,12.068965517241379,76.20689655172413
E00145345,507,59,21,38,448,30,418,11.637080867850099,4.142011834319527,7.495069033530571,88.3629191321499,5.9171597633136095,82.44575936883629
E00145346,404,120,59,61,284,24,260,29.7029702970297,14.603960396039604,15.099009900990099,70.29702970297029,5.9405940594059405,64.35643564356435
E00145349,224,22,4,18,202,9,193,9.821428571428571,1.7857142857142856,8.035714285714286,90.17857142857143,4.017857142857143,86.16071428571429
E00145350,229,41,15,26,188,16,172,17.903930131004365,6.550218340611353,11.353711790393014,82.09606986899564,6.986899563318777,75.10917030567686
E00145351,336,52,19,33,284,27,257,15.476190476190476,5.654761904761905,9.821428571428571,84.52380952380952,8.035714285714286,76.48809523809523
E00145352,336,54,11,43,282,20,262,16.071428571428573,3.273809523809524,12.797619047619047,83.92857142857143,5.952380952380952,77.97619047619048
E00145356,336,37,10,27,299,32,267,11.011904761904761,2.976190476190476,8.035714285714286,88.98809523809523,9.523809523809524,79.46428571428571
E00145357,255,33,14,19,222,11,211,12.941176470588237,5.490196078431373,7.450980392156863,87.05882352941177,4.313725490196078,82.74509803921568
E00145359,424,48,20,28,376,18,358,11.320754716981133,4.716981132075472,6.60377358490566,88.67924528301887,4.245283018867925,84.43396226415094
E00145360,337,47,18,29,290,24,266,13.94658753709199,5.341246290801187,8.605341246290802,86.05341246290801,7.121661721068249,78.93175074183976
E00145361,427,47,7,40,380,28,352,11.00702576112412,1.639344262295082,9.367681498829041,88.99297423887587,6.557377049180328,82.43559718969556
E00145362,292,69,28,41,223,16,207,23.63013698630137,9.58904109589041,14.04109589041096,76.36986301369863,5.47945205479452,70.8904109589041
E00145363,209,9,0,9,200,12,188,4.30622009569378,0,4.30622009569378,95.69377990430623,5.741626794258373,89.95215311004785
E00145364,248,70,43,27,178,15,163,28.225806451612907,17.338709677419356,10.887096774193548,71.7741935483871,6.048387096774194,65.7258064516129
E00145365,411,50,19,31,361,35,326,12.165450121654501,4.622871046228711,7.542579075425791,87.8345498783455,8.51581508515815,79.31873479318735
E00145366,401,42,16,26,359,26,333,10.473815461346634,3.99002493765586,6.483790523690773,89.52618453865337,6.483790523690773,83.0423940149626
E00145367,272,42,9,33,230,21,209,15.441176470588236,3.308823529411765,12.132352941176471,84.55882352941177,7.720588235294118,76.83823529411765
E00145368,287,39,12,27,248,18,230,13.588850174216027,4.181184668989547,9.40766550522648,86.41114982578398,6.2717770034843205,80.13937282229965
E00145369,310,48,21,27,262,18,244,15.483870967741936,6.774193548387098,8.709677419354838,84.51612903225806,5.806451612903226,78.70967741935485
E00145370,325,50,15,35,275,23,252,15.384615384615385,4.615384615384616,10.76923076923077,84.61538461538461,7.076923076923077,77.53846153846153
E00145371,374,70,24,46,304,34,270,18.71657754010695,6.417112299465241,12.299465240641712,81.28342245989305,9.090909090909092,72.19251336898395
E00145372,365,33,13,20,332,26,306,9.04109589041096,3.5616438356164384,5.47945205479452,90.95890410958904,7.123287671232877,83.83561643835617
E00145373,282,13,3,10,269,15,254,4.609929078014184,1.0638297872340425,3.546099290780142,95.39007092198581,5.319148936170213,90.0709219858156
E00145374,316,49,14,35,267,34,233,15.50632911392405,4.430379746835443,11.075949367088606,84.49367088607595,10.759493670886076,73.73417721518987
E00145375,249,62,20,42,187,28,159,24.899598393574294,8.032128514056225,16.867469879518072,75.1004016064257,11.244979919678714,63.85542168674698
E00145377,338,37,7,30,301,24,277,10.946745562130179,2.0710059171597637,8.875739644970414,89.05325443786982,7.100591715976331,81.95266272189349
E00145378,329,25,4,21,304,40,264,7.598784194528875,1.21580547112462,6.382978723404255,92.401215805471125,12.158054711246201,80.24316109422493
E00145379,308,47,16,31,261,24,237,15.259740259740258,5.194805194805195,10.064935064935066,84.74025974025975,7.792207792207792,76.94805194805194
E00145381,227,59,36,23,168,11,157,25.991189427312776,15.859030837004406,10.13215859030837,74.00881057268722,4.845814977973569,69.16299559471366
E00145382,251,33,16,17,218,22,196,13.147410358565736,6.374501992031872,6.772908366533864,86.85258964143426,8.764940239043826,78.08764940239044
E00145383,368,50,19,31,318,27,291,13.586956521739129,5.163043478260869,8.423913043478262,86.41304347826086,7.336956521739131,79.07608695652173
E00145384,552,35,11,24,517,47,470,6.340579710144928,1.9927536231884055,4.3478260869565215,93.65942028985508,8.51449275362319,85.14492753623189
E00145385,387,59,20,39,328,34,294,15.245478036175712,5.167958656330749,10.077519379844961,84.75452196382429,8.785529715762273,75.96899224806202
E00145386,345,54,26,28,291,14,277,15.65217391304348,7.536231884057972,8.115942028985506,84.34782608695653,4.057971014492753,80.28985507246377
E00145387,416,85,34,51,331,15,316,20.432692307692307,8.173076923076923,12.259615384615383,79.5673076923077,3.6057692307692304,75.96153846153845
E00145388,345,55,18,37,290,18,272,15.942028985507244,5.217391304347826,10.72463768115942,84.05797101449275,5.217391304347826,78.84057971014494
E00145389,437,56,17,39,381,29,352,12.814645308924485,3.8901601830663615,8.924485125858125,87.18535469107552,6.636155606407322,80.54919908466819
E00145390,346,49,16,33,297,17,280,14.16184971098266,4.624277456647398,9.53757225433526,85.83815028901735,4.913294797687861,80.92485549132948
E00145391,178,40,20,20,138,15,123,22.47191011235955,11.235955056179774,11.235955056179774,77.52808988764045,8.426966292134832,69.10112359550563
E00145392,411,30,6,24,381,23,358,7.2992700729927,1.4598540145985401,5.839416058394161,92.7007299270073,5.59610705596107,87.10462287104623
E00145393,384,56,16,40,328,37,291,14.583333333333334,4.166666666666666,10.416666666666668,85.41666666666666,9.635416666666668,75.78125
E00145395,345,44,19,25,301,16,285,12.753623188405797,5.507246376811594,7.246376811594203,87.2463768115942,4.63768115942029,82.6086956521739
E00145396,300,55,23,32,245,16,229,18.333333333333332,7.666666666666666,10.666666666666668,81.66666666666667,5.333333333333334,76.33333333333333
E00145397,308,51,16,35,257,33,224,16.558441558441558,5.194805194805195,11.363636363636363,83.44155844155844,10.714285714285714,72.72727272727273
E00145398,231,34,12,22,197,12,185,14.71861471861472,5.194805194805195,9.523809523809524,85.28138528138528,5.194805194805195,80.08658008658008
E00145399,331,43,15,28,288,20,268,12.990936555891238,4.531722054380665,8.459214501510575,87.00906344410876,6.042296072507553,80.96676737160121
E00145400,279,39,8,31,240,17,223,13.978494623655912,2.867383512544803,11.11111111111111,86.02150537634408,6.093189964157706,79.92831541218638
E00145401,352,55,13,42,297,25,272,15.625,3.6931818181818183,11.931818181818182,84.375,7.1022727272727275,77.27272727272727
E00145402,552,88,34,54,464,34,430,15.942028985507244,6.159420289855073,9.782608695652174,84.05797101449275,6.159420289855073,77.89855072463769
E00145403,278,64,29,35,214,13,201,23.021582733812952,10.431654676258994,12.589928057553957,76.97841726618705,4.676258992805756,72.3021582733813
E00145404,227,39,7,32,188,16,172,17.180616740088105,3.0837004405286343,14.096916299559473,82.81938325991189,7.048458149779736,75.77092511013215
E00145405,220,43,12,31,177,26,151,19.545454545454547,5.454545454545454,14.09090909090909,80.45454545454545,11.818181818181818,68.63636363636364
E00145406,148,61,31,30,87,8,79,41.21621621621622,20.945945945945947,20.27027027027027,58.78378378378378,5.405405405405405,53.37837837837838
E00145407,169,49,14,35,120,11,109,28.994082840236686,8.284023668639055,20.710059171597635,71.00591715976331,6.508875739644971,64.49704142011834
E00145408,246,28,6,22,218,17,201,11.38211382113821,2.4390243902439024,8.94308943089431,88.6178861788618,6.910569105691057,81.70731707317073
E00145409,307,26,9,17,281,15,266,8.469055374592834,2.9315960912052117,5.537459283387622,91.53094462540716,4.88599348534202,86.64495114006515
E00145410,210,32,14,18,178,18,160,15.238095238095239,6.666666666666667,8.571428571428571,84.76190476190476,8.571428571428571,76.19047619047619
E00145411,244,38,12,26,206,26,180,15.573770491803279,4.918032786885246,10.655737704918032,84.42622950819673,10.655737704918032,73.77049180327869
E00145412,284,33,9,24,251,28,223,11.619718309859154,3.169014084507042,8.450704225352112,88.38028169014085,9.859154929577464,78.52112676056338
E00145413,232,40,14,26,192,19,173,17.24137931034483,6.0344827586206895,11.206896551724139,82.75862068965517,8.189655172413794,74.56896551724138
E00145414,377,43,8,35,334,32,302,11.405835543766578,2.122015915119363,9.283819628647215,88.59416445623343,8.488063660477453,80.10610079575596
E00145415,292,46,18,28,246,21,225,15.753424657534246,6.164383561643835,9.58904109589041,84.24657534246576,7.191780821917808,77.05479452054794
E00145416,295,32,5,27,263,33,230,10.847457627118644,1.694915254237288,9.152542372881356,89.15254237288136,11.186440677966102,77.96610169491525
E00145417,2064,285,55,230,1779,194,1585,13.80813953488372,2.6647286821705425,11.14341085271318,86.19186046511628,9.39922480620155,76.79263565891473
E00145420,246,54,20,34,192,19,173,21.951219512195124,8.130081300813007,13.821138211382115,78.04878048780488,7.723577235772358,70.32520325203252
E00145421,348,49,23,26,299,24,275,14.080459770114942,6.609195402298851,7.471264367816093,85.91954022988506,6.896551724137931,79.02298850574712
E00145422,283,67,35,32,216,23,193,23.674911660777383,12.36749116607774,11.307420494699647,76.32508833922262,8.12720848056537,68.19787985865725
E00145423,327,63,29,34,264,17,247,19.26605504587156,8.868501529051988,10.397553516819572,80.73394495412845,5.198776758409786,75.53516819571865
E00145424,259,25,8,17,234,44,190,9.652509652509652,3.088803088803089,6.563706563706563,90.34749034749035,16.988416988416986,73.35907335907336
E00145425,321,45,14,31,276,34,242,14.018691588785046,4.361370716510903,9.657320872274143,85.98130841121495,10.59190031152648,75.38940809968847
E00145426,604,91,15,76,513,64,449,15.066225165562914,2.4834437086092715,12.582781456953644,84.93377483443709,10.596026490066226,74.33774834437085
E00145427,577,57,15,42,520,23,497,9.878682842287695,2.5996533795493932,7.279029462738301,90.1213171577123,3.9861351819757362,86.13518197573656
E00145428,417,48,9,39,369,34,335,11.510791366906476,2.158273381294964,9.352517985611511,88.48920863309353,8.15347721822542,80.3357314148681
E00145429,348,38,4,34,310,44,266,10.919540229885058,1.1494252873563218,9.770114942528735,89.08045977011494,12.643678160919542,76.4367816091954
E00145430,329,40,10,30,289,28,261,12.158054711246201,3.0395136778115504,9.118541033434651,87.84194528875379,8.51063829787234,79.33130699088146
E00145431,271,36,6,30,235,21,214,13.284132841328415,2.214022140221402,11.07011070110701,86.71586715867159,7.7490774907749085,78.96678966789668
E00145432,323,48,13,35,275,30,245,14.860681114551083,4.024767801857585,10.8359133126935,85.13931888544892,9.287925696594428,75.85139318885449
E00145433,356,48,10,38,308,35,273,13.48314606741573,2.8089887640449436,10.674157303370785,86.51685393258427,9.831460674157304,76.68539325842697
E00145434,339,42,8,34,297,45,252,12.389380530973451,2.359882005899705,10.029498525073747,87.61061946902655,13.274336283185843,74.33628318584071
E00145435,321,62,23,39,259,20,239,19.314641744548286,7.165109034267912,12.149532710280374,80.68535825545172,6.230529595015576,74.45482866043614
E00145436,353,35,10,25,318,26,292,9.91501416430595,2.8328611898017,7.0821529745042495,90.08498583569406,7.365439093484419,82.71954674220963
E00145437,291,48,12,36,243,23,220,16.49484536082474,4.123711340206185,12.371134020618557,83.50515463917526,7.903780068728522,75.60137457044674
E00145438,225,34,6,28,191,22,169,15.11111111111111,2.666666666666667,12.444444444444445,84.88888888888889,9.777777777777779,75.1111111111111
E00145439,294,49,18,31,245,21,224,16.666666666666664,6.122448979591836,10.54421768707483,83.33333333333334,7.142857142857142,76.19047619047619
E00145440,253,41,18,23,212,22,190,16.205533596837945,7.114624505928854,9.090909090909092,83.79446640316206,8.695652173913043,75.09881422924902
E00145441,307,49,15,34,258,36,222,15.960912052117262,4.88599348534202,11.074918566775244,84.03908794788273,11.726384364820847,72.31270358306189
E00145442,278,42,14,28,236,25,211,15.107913669064748,5.0359712230215825,10.071942446043165,84.89208633093526,8.992805755395683,75.89928057553958
E00145443,112,16,6,10,96,10,86,14.285714285714285,5.357142857142857,8.928571428571429,85.71428571428571,8.928571428571429,76.78571428571429
E00145444,337,36,6,30,301,37,264,10.682492581602373,1.7804154302670623,8.902077151335313,89.31750741839762,10.979228486646884,78.33827893175074
E00145446,267,30,7,23,237,24,213,11.235955056179774,2.6217228464419478,8.614232209737828,88.76404494382022,8.98876404494382,79.7752808988764
E00145447,260,37,10,27,223,34,189,14.23076923076923,3.8461538461538463,10.384615384615385,85.76923076923076,13.076923076923078,72.6923076923077
E00145448,212,27,6,21,185,19,166,12.735849056603774,2.8301886792452833,9.90566037735849,87.26415094339622,8.962264150943396,78.30188679245283
E00145449,257,29,4,25,228,27,201,11.284046692607005,1.556420233463035,9.72762645914397,88.715953307393,10.505836575875486,78.21011673151752
E00145450,210,48,13,35,162,15,147,22.857142857142858,6.190476190476191,16.666666666666664,77.14285714285715,7.142857142857142,70
E00145451,268,38,12,26,230,27,203,14.17910447761194,4.477611940298507,9.701492537313433,85.82089552238806,10.074626865671641,75.74626865671642
E00145452,562,71,36,35,491,52,439,12.633451957295375,6.405693950177936,6.227758007117438,87.36654804270462,9.252669039145907,78.11387900355872
E00145454,122,21,8,13,101,11,90,17.21311475409836,6.557377049180328,10.655737704918032,82.78688524590164,9.01639344262295,73.77049180327869
E00145455,378,34,5,29,344,36,308,8.994708994708994,1.3227513227513228,7.671957671957672,91.005291005291,9.523809523809524,81.48148148148148
E00145456,248,39,17,22,209,23,186,15.725806451612904,6.854838709677419,8.870967741935484,84.2741935483871,9.274193548387096,75
E00145457,171,39,12,27,132,12,120,22.807017543859647,7.017543859649122,15.789473684210526,77.19298245614034,7.017543859649122,70.17543859649122
E00145458,290,26,4,22,264,30,234,8.96551724137931,1.3793103448275863,7.586206896551724,91.0344827586207,10.344827586206897,80.6896551724138
E00145459,439,51,12,39,388,32,356,11.617312072892938,2.733485193621868,8.88382687927107,88.38268792710706,7.289293849658314,81.09339407744875
E00145460,507,42,12,30,465,23,442,8.284023668639055,2.366863905325444,5.9171597633136095,91.71597633136095,4.536489151873767,87.17948717948718
E00145461,398,68,33,35,330,18,312,17.08542713567839,8.291457286432161,8.793969849246231,82.91457286432161,4.522613065326634,78.39195979899498
E00145462,470,91,57,34,379,32,347,19.361702127659576,12.127659574468085,7.234042553191489,80.63829787234043,6.808510638297872,73.82978723404256
E00145463,366,49,11,38,317,26,291,13.387978142076504,3.0054644808743167,10.382513661202186,86.6120218579235,7.103825136612022,79.50819672131148
E00145464,282,52,20,32,230,11,219,18.439716312056735,7.092198581560284,11.347517730496454,81.56028368794325,3.900709219858156,77.6595744680851
E00145465,556,141,81,60,415,16,399,25.359712230215827,14.568345323741008,10.79136690647482,74.64028776978418,2.877697841726619,71.76258992805755
E00145466,337,44,14,30,293,17,276,13.056379821958458,4.154302670623145,8.902077151335313,86.94362017804154,5.044510385756676,81.89910979228486
E00145467,364,41,12,29,323,25,298,11.263736263736265,3.296703296703297,7.967032967032966,88.73626373626374,6.868131868131869,81.86813186813187
E00145468,290,49,26,23,241,25,216,16.896551724137932,8.96551724137931,7.931034482758621,83.10344827586206,8.620689655172415,74.48275862068967
E00145469,318,67,37,30,251,16,235,21.069182389937108,11.635220125786164,9.433962264150944,78.9308176100629,5.031446540880504,73.89937106918238
E00145470,294,39,14,25,255,17,238,13.26530612244898,4.761904761904762,8.503401360544217,86.73469387755102,5.782312925170068,80.95238095238095
E00145471,278,45,18,27,233,11,222,16.18705035971223,6.474820143884892,9.712230215827338,83.81294964028777,3.9568345323741005,79.85611510791367
E00145472,363,44,11,33,319,21,298,12.121212121212121,3.0303030303030303,9.090909090909092,87.87878787878788,5.785123966942149,82.09366391184572
E00145473,383,77,32,45,306,21,285,20.10443864229765,8.355091383812011,11.74934725848564,79.89556135770235,5.483028720626632,74.41253263707573
E00145474,380,66,30,36,314,16,298,17.36842105263158,7.894736842105263,9.473684210526317,82.63157894736842,4.2105263157894735,78.42105263157895
E00145475,268,50,29,21,218,15,203,18.65671641791045,10.820895522388058,7.835820895522389,81.34328358208955,5.597014925373134,75.74626865671642
E00145476,337,39,9,30,298,41,257,11.572700296735905,2.6706231454005933,8.902077151335313,88.4272997032641,12.166172106824925,76.26112759643917
E00145477,593,109,48,61,484,45,439,18.381112984822934,8.094435075885329,10.286677908937605,81.61888701517707,7.588532883642496,74.03035413153457
E00145478,353,43,16,27,310,24,286,12.181303116147308,4.53257790368272,7.64872521246459,87.81869688385268,6.79886685552408,81.01983002832861
E00145479,303,35,8,27,268,27,241,11.55115511551155,2.6402640264026402,8.91089108910891,88.44884488448845,8.91089108910891,79.53795379537954
E00145481,381,40,13,27,341,16,325,10.498687664041995,3.4120734908136483,7.086614173228346,89.501312335958,4.199475065616798,85.30183727034121
E00145482,408,67,12,55,341,24,317,16.42156862745098,2.941176470588235,13.480392156862745,83.57843137254902,5.88235294117647,77.69607843137256
E00145483,397,68,30,38,329,32,297,17.12846347607053,7.5566750629722925,9.571788413098236,82.87153652392946,8.060453400503778,74.81108312342569
E00145484,395,49,24,25,346,33,313,12.405063291139239,6.075949367088607,6.329113924050633,87.59493670886076,8.354430379746836,79.24050632911393
E00145485,415,92,49,43,323,15,308,22.16867469879518,11.80722891566265,10.361445783132531,77.83132530120483,3.614457831325301,74.21686746987952
E00145486,445,44,20,24,401,27,374,9.887640449438202,4.49438202247191,5.393258426966292,90.11235955056179,6.067415730337078,84.04494382022472
E00145487,416,60,28,32,356,22,334,14.423076923076922,6.730769230769231,7.6923076923076925,85.57692307692307,5.288461538461538,80.28846153846155
E00145488,456,56,23,33,400,18,382,12.280701754385964,5.0438596491228065,7.236842105263158,87.71929824561403,3.9473684210526314,83.77192982456141
E00145489,322,65,28,37,257,12,245,20.18633540372671,8.695652173913043,11.490683229813664,79.8136645962733,3.7267080745341614,76.08695652173914
E00145490,448,73,32,41,375,21,354,16.294642857142858,7.142857142857142,9.151785714285714,83.70535714285714,4.6875,79.01785714285714
E00145491,540,70,33,37,470,29,441,12.962962962962962,6.111111111111111,6.851851851851852,87.03703703703704,5.37037037037037,81.66666666666667
E00145492,375,41,12,29,334,23,311,10.933333333333334,3.2,7.733333333333333,89.06666666666668,6.133333333333333,82.93333333333334
E00145493,370,79,46,33,291,12,279,21.35135135135135,12.432432432432433,8.91891891891892,78.64864864864865,3.2432432432432434,75.4054054054054
E00145494,289,13,0,13,276,22,254,4.498269896193772,0,4.498269896193772,95.50173010380622,7.612456747404845,87.88927335640139
E00145495,347,40,13,27,307,15,292,11.527377521613833,3.7463976945244957,7.780979827089338,88.47262247838617,4.322766570605188,84.14985590778097
E00145497,353,46,22,24,307,27,280,13.031161473087819,6.232294617563739,6.79886685552408,86.96883852691218,7.64872521246459,79.3201133144476
E00145498,376,51,15,36,325,30,295,13.563829787234042,3.9893617021276597,9.574468085106384,86.43617021276596,7.9787234042553195,78.45744680851064
E00145499,359,43,15,28,316,20,296,11.977715877437326,4.178272980501393,7.7994428969359335,88.02228412256268,5.571030640668524,82.45125348189416
E00145500,319,27,4,23,292,23,269,8.463949843260188,1.2539184952978055,7.210031347962382,91.53605015673982,7.210031347962382,84.32601880877742
E00145501,268,32,10,22,236,20,216,11.940298507462686,3.731343283582089,8.208955223880597,88.05970149253731,7.462686567164178,80.59701492537313
E00145502,311,58,16,42,253,23,230,18.64951768488746,5.144694533762058,13.504823151125404,81.35048231511254,7.395498392282958,73.95498392282958
E00145503,320,83,33,50,237,29,208,25.937500000000004,10.3125,15.625,74.0625,9.0625,65
E00145504,259,22,7,15,237,29,208,8.494208494208493,2.7027027027027026,5.7915057915057915,91.5057915057915,11.196911196911197,80.3088803088803
E00145506,303,53,22,31,250,25,225,17.491749174917494,7.2607260726072615,10.231023102310232,82.50825082508251,8.25082508250825,74.25742574257426
E00145507,341,38,15,23,303,27,276,11.143695014662756,4.398826979472141,6.744868035190615,88.85630498533725,7.9178885630498534,80.93841642228739
E00145508,327,55,8,47,272,28,244,16.819571865443425,2.4464831804281344,14.37308868501529,83.18042813455658,8.56269113149847,74.61773700305811
E00145509,604,43,21,22,561,27,534,7.119205298013245,3.47682119205298,3.642384105960265,92.88079470198676,4.470198675496689,88.41059602649007
E00145510,219,45,21,24,174,19,155,20.54794520547945,9.58904109589041,10.95890410958904,79.45205479452055,8.67579908675799,70.77625570776256
E00145511,321,39,13,26,282,22,260,12.149532710280374,4.049844236760125,8.09968847352025,87.85046728971963,6.853582554517133,80.99688473520249
E00145512,353,42,13,29,311,32,279,11.89801699716714,3.6827195467422094,8.21529745042493,88.10198300283287,9.06515580736544,79.03682719546742
E00145514,295,50,16,34,245,23,222,16.94915254237288,5.423728813559322,11.525423728813559,83.05084745762711,7.796610169491526,75.2542372881356
E00145515,364,39,11,28,325,20,305,10.714285714285714,3.021978021978022,7.6923076923076925,89.28571428571429,5.4945054945054945,83.79120879120879
E00145516,366,40,22,18,326,21,305,10.92896174863388,6.0109289617486334,4.918032786885246,89.07103825136612,5.737704918032787,83.33333333333334
E00145518,302,32,11,21,270,32,238,10.596026490066226,3.642384105960265,6.95364238410596,89.40397350993378,10.596026490066226,78.80794701986756
E00145522,543,75,15,60,468,40,428,13.812154696132598,2.7624309392265194,11.049723756906078,86.1878453038674,7.366482504604052,78.82136279926335
E00145523,216,20,3,17,196,20,176,9.25925925925926,1.3888888888888888,7.87037037037037,90.74074074074075,9.25925925925926,81.48148148148148
E00145524,317,29,4,25,288,25,263,9.14826498422713,1.2618296529968454,7.886435331230284,90.85173501577287,7.886435331230284,82.96529968454259
E00145525,125,24,7,17,101,10,91,19.2,5.6000000000000005,13.600000000000001,80.80000000000001,8,72.8
E00145526,285,32,8,24,253,31,222,11.228070175438596,2.807017543859649,8.421052631578947,88.7719298245614,10.87719298245614,77.89473684210526
E00145527,198,30,14,16,168,17,151,15.151515151515152,7.07070707070707,8.080808080808081,84.84848484848484,8.585858585858585,76.26262626262627
E00145528,330,35,10,25,295,27,268,10.606060606060606,3.0303030303030303,7.575757575757576,89.39393939393939,8.181818181818182,81.21212121212122
E00145529,422,28,5,23,394,29,365,6.6350710900473935,1.1848341232227488,5.450236966824645,93.36492890995261,6.872037914691943,86.49289099526067
E00145530,356,29,5,24,327,31,296,8.146067415730338,1.4044943820224718,6.741573033707865,91.85393258426966,8.707865168539326,83.14606741573034
E00145531,293,38,15,23,255,13,242,12.969283276450511,5.1194539249146755,7.849829351535837,87.03071672354949,4.436860068259386,82.5938566552901
E00145532,354,83,37,46,271,14,257,23.44632768361582,10.451977401129943,12.994350282485875,76.55367231638418,3.954802259887006,72.59887005649718
E00145533,380,128,82,46,252,17,235,33.68421052631579,21.578947368421055,12.105263157894736,66.3157894736842,4.473684210526316,61.8421052631579
E00145534,275,49,21,28,226,15,211,17.81818181818182,7.636363636363637,10.181818181818182,82.18181818181817,5.454545454545454,76.72727272727272
E00145535,294,75,39,36,219,18,201,25.510204081632654,13.26530612244898,12.244897959183673,74.48979591836735,6.122448979591836,68.36734693877551
E00145536,583,29,7,22,554,24,530,4.974271012006861,1.2006861063464835,3.7735849056603774,95.02572898799315,4.1166380789022305,90.9090909090909
E00145537,285,24,10,14,261,14,247,8.421052631578947,3.508771929824561,4.912280701754386,91.57894736842105,4.912280701754386,86.66666666666667
E00145538,322,25,6,19,297,35,262,7.763975155279502,1.8633540372670807,5.900621118012422,92.2360248447205,10.869565217391305,81.36645962732919
E00145539,354,36,16,20,318,30,288,10.16949152542373,4.519774011299435,5.649717514124294,89.83050847457628,8.47457627118644,81.35593220338984
E00145540,343,48,12,36,295,17,278,13.994169096209912,3.498542274052478,10.495626822157435,86.0058309037901,4.956268221574344,81.04956268221575
E00145541,388,59,24,35,329,22,307,15.206185567010309,6.185567010309279,9.02061855670103,84.79381443298969,5.670103092783505,79.12371134020619
E00145542,319,48,25,23,271,8,263,15.047021943573668,7.836990595611286,7.210031347962382,84.95297805642633,2.507836990595611,82.44514106583071
E00145543,372,64,24,40,308,12,296,17.20430107526882,6.451612903225806,10.75268817204301,82.79569892473118,3.225806451612903,79.56989247311827
E00145544,333,81,34,47,252,15,237,24.324324324324326,10.21021021021021,14.114114114114114,75.67567567567568,4.504504504504505,71.17117117117117
E00145545,287,58,28,30,229,14,215,20.209059233449477,9.75609756097561,10.452961672473867,79.79094076655052,4.878048780487805,74.91289198606272
E00145546,434,69,35,34,365,18,347,15.898617511520738,8.064516129032258,7.834101382488479,84.10138248847926,4.147465437788019,79.95391705069125
E00145547,242,71,36,35,171,12,159,29.338842975206614,14.87603305785124,14.46280991735537,70.66115702479338,4.958677685950414,65.70247933884298
E00145548,303,51,16,35,252,21,231,16.831683168316832,5.2805280528052805,11.55115511551155,83.16831683168317,6.9306930693069315,76.23762376237624
E00145549,339,85,25,60,254,28,226,25.073746312684364,7.374631268436578,17.699115044247787,74.92625368731564,8.259587020648967,66.66666666666666
E00145550,220,49,22,27,171,22,149,22.272727272727273,10,12.272727272727273,77.72727272727272,10,67.72727272727272
E00145551,366,80,35,45,286,27,259,21.85792349726776,9.562841530054644,12.295081967213115,78.14207650273224,7.377049180327869,70.76502732240438
E00145552,241,34,11,23,207,16,191,14.107883817427386,4.564315352697095,9.54356846473029,85.89211618257261,6.639004149377594,79.25311203319502
E00145553,318,32,7,25,286,29,257,10.062893081761008,2.20125786163522,7.861635220125786,89.937106918239,9.119496855345911,80.81761006289308
E00145554,435,43,8,35,392,38,354,9.885057471264368,1.839080459770115,8.045977011494253,90.11494252873563,8.735632183908045,81.37931034482759
E00145555,362,49,12,37,313,40,273,13.535911602209943,3.314917127071823,10.220994475138122,86.46408839779005,11.049723756906078,75.41436464088397
E00145556,333,48,11,37,285,27,258,14.414414414414415,3.303303303303303,11.11111111111111,85.58558558558559,8.108108108108109,77.47747747747748
E00145557,307,46,10,36,261,22,239,14.983713355048861,3.257328990228013,11.726384364820847,85.01628664495115,7.166123778501629,77.85016286644951
E00145558,326,30,5,25,296,34,262,9.202453987730062,1.5337423312883436,7.668711656441718,90.79754601226993,10.429447852760736,80.3680981595092
E00145559,388,58,18,40,330,42,288,14.948453608247423,4.639175257731959,10.309278350515463,85.05154639175258,10.824742268041238,74.22680412371135
E00145560,379,48,12,36,331,24,307,12.66490765171504,3.16622691292876,9.498680738786279,87.33509234828496,6.33245382585752,81.00263852242745
E00145561,232,52,24,28,180,10,170,22.413793103448278,10.344827586206897,12.068965517241379,77.58620689655173,4.310344827586207,73.27586206896551
E00145562,333,65,35,30,268,29,239,19.51951951951952,10.51051051051051,9.00900900900901,80.48048048048048,8.708708708708707,71.77177177177178
E00145563,310,27,5,22,283,33,250,8.709677419354838,1.6129032258064515,7.096774193548387,91.29032258064517,10.64516129032258,80.64516129032258
E00145564,357,65,33,32,292,32,260,18.207282913165265,9.243697478991598,8.96358543417367,81.79271708683473,8.96358543417367,72.82913165266106
E00145565,322,69,24,45,253,21,232,21.428571428571427,7.453416149068323,13.975155279503104,78.57142857142857,6.521739130434782,72.04968944099379
E00145566,451,29,7,22,422,47,375,6.430155210643015,1.5521064301552108,4.878048780487805,93.56984478935698,10.42128603104213,83.14855875831486
E00145567,401,52,19,33,349,38,311,12.967581047381547,4.738154613466334,8.229426433915211,87.03241895261846,9.476309226932669,77.55610972568579
E00145568,348,38,12,26,310,24,286,10.919540229885058,3.4482758620689653,7.471264367816093,89.08045977011494,6.896551724137931,82.18390804597702
E00145569,330,53,21,32,277,17,260,16.060606060606062,6.363636363636363,9.696969696969697,83.93939393939394,5.151515151515151,78.78787878787878
E00145570,241,38,20,18,203,13,190,15.767634854771783,8.29875518672199,7.468879668049793,84.23236514522821,5.394190871369295,78.83817427385893
E00145571,318,50,15,35,268,16,252,15.723270440251572,4.716981132075472,11.0062893081761,84.27672955974843,5.031446540880504,79.24528301886792
E00145572,333,45,19,26,288,15,273,13.513513513513514,5.7057057057057055,7.807807807807808,86.48648648648648,4.504504504504505,81.98198198198197
E00145573,253,57,19,38,196,25,171,22.529644268774703,7.5098814229249005,15.019762845849801,77.4703557312253,9.881422924901186,67.58893280632411
E00145574,288,45,12,33,243,24,219,15.625,4.166666666666666,11.458333333333332,84.375,8.333333333333332,76.04166666666666
E00145575,318,44,21,23,274,16,258,13.836477987421384,6.60377358490566,7.232704402515723,86.16352201257862,5.031446540880504,81.13207547169812
E00145576,464,78,32,46,386,25,361,16.810344827586206,6.896551724137931,9.913793103448276,83.1896551724138,5.387931034482758,77.80172413793103
E00145577,424,66,24,42,358,36,322,15.566037735849056,5.660377358490567,9.90566037735849,84.43396226415094,8.49056603773585,75.94339622641509
E00145578,280,98,63,35,182,15,167,35,22.5,12.5,65,5.357142857142857,59.64285714285714
E00145579,307,34,13,21,273,25,248,11.074918566775244,4.234527687296417,6.840390879478828,88.92508143322475,8.143322475570033,80.78175895765473
E00145580,276,53,18,35,223,25,198,19.202898550724637,6.521739130434782,12.681159420289855,80.79710144927536,9.057971014492754,71.73913043478261
E00145581,309,42,9,33,267,28,239,13.592233009708737,2.912621359223301,10.679611650485436,86.40776699029125,9.06148867313916,77.34627831715211
E00145582,297,53,19,34,244,24,220,17.845117845117844,6.397306397306397,11.447811447811448,82.15488215488216,8.080808080808081,74.07407407407408
E00145583,615,77,32,45,538,16,522,12.520325203252034,5.203252032520325,7.317073170731707,87.47967479674796,2.6016260162601625,84.8780487804878
E00145584,439,85,38,47,354,25,329,19.362186788154897,8.656036446469248,10.70615034168565,80.6378132118451,5.694760820045558,74.94305239179954
E00145585,197,44,18,26,153,11,142,22.33502538071066,9.137055837563452,13.19796954314721,77.66497461928934,5.583756345177665,72.08121827411168
E00145586,372,54,25,29,318,24,294,14.516129032258066,6.720430107526881,7.795698924731183,85.48387096774194,6.451612903225806,79.03225806451613
E00145587,427,68,35,33,359,25,334,15.92505854800937,8.19672131147541,7.728337236533958,84.07494145199064,5.85480093676815,78.22014051522248
E00145588,550,77,34,43,473,16,457,14.000000000000002,6.181818181818182,7.818181818181818,86,2.909090909090909,83.0909090909091
E00145590,312,56,24,32,256,19,237,17.94871794871795,7.6923076923076925,10.256410256410255,82.05128205128204,6.089743589743589,75.96153846153845
E00145591,342,48,13,35,294,32,262,14.035087719298245,3.8011695906432745,10.23391812865497,85.96491228070175,9.35672514619883,76.60818713450293
E00145592,397,66,33,33,331,33,298,16.624685138539043,8.312342569269521,8.312342569269521,83.37531486146096,8.312342569269521,75.06297229219143
E00145593,282,47,13,34,235,29,206,16.666666666666664,4.609929078014184,12.056737588652481,83.33333333333334,10.28368794326241,73.04964539007092
E00145594,337,52,15,37,285,28,257,15.43026706231454,4.451038575667656,10.979228486646884,84.56973293768546,8.30860534124629,76.26112759643917
E00145595,353,44,12,32,309,26,283,12.464589235127479,3.39943342776204,9.06515580736544,87.53541076487252,7.365439093484419,80.16997167138811
E00145596,513,61,10,51,452,62,390,11.890838206627679,1.949317738791423,9.941520467836257,88.10916179337231,12.085769980506821,76.0233918128655
E00145597,426,41,9,32,385,19,366,9.624413145539906,2.112676056338028,7.511737089201878,90.3755868544601,4.460093896713615,85.91549295774648
E00145598,412,60,20,40,352,27,325,14.563106796116504,4.854368932038835,9.70873786407767,85.43689320388349,6.553398058252427,78.88349514563106
E00145599,453,58,23,35,395,25,370,12.803532008830022,5.077262693156733,7.72626931567329,87.19646799116998,5.518763796909492,81.67770419426049
E00145600,296,58,19,39,238,18,220,19.594594594594593,6.418918918918918,13.175675675675674,80.4054054054054,6.081081081081082,74.32432432432432
E00145601,351,53,13,40,298,29,269,15.0997150997151,3.7037037037037033,11.396011396011396,84.9002849002849,8.262108262108262,76.63817663817663
E00145602,267,25,5,20,242,29,213,9.363295880149813,1.8726591760299627,7.490636704119851,90.63670411985018,10.861423220973784,79.7752808988764
E00145603,166,41,17,24,125,19,106,24.69879518072289,10.240963855421686,14.457831325301203,75.30120481927712,11.44578313253012,63.85542168674698
E00145604,146,28,13,15,118,15,103,19.17808219178082,8.904109589041095,10.273972602739725,80.82191780821918,10.273972602739725,70.54794520547945
E00145605,366,55,16,39,311,29,282,15.027322404371585,4.371584699453552,10.655737704918032,84.97267759562843,7.923497267759563,77.04918032786885
E00145606,304,35,8,27,269,24,245,11.513157894736842,2.631578947368421,8.881578947368421,88.48684210526315,7.894736842105263,80.5921052631579
E00145607,351,52,13,39,299,37,262,14.814814814814813,3.7037037037037033,11.11111111111111,85.18518518518519,10.541310541310542,74.64387464387464
E00145608,269,31,12,19,238,21,217,11.524163568773234,4.4609665427509295,7.063197026022305,88.47583643122677,7.806691449814126,80.66914498141264
E00145609,270,45,20,25,225,31,194,16.666666666666664,7.4074074074074066,9.25925925925926,83.33333333333334,11.481481481481481,71.85185185185186
E00145610,245,23,5,18,222,23,199,9.387755102040817,2.0408163265306123,7.346938775510205,90.61224489795919,9.387755102040817,81.22448979591836
E00145612,397,50,11,39,347,27,320,12.594458438287154,2.770780856423174,9.82367758186398,87.40554156171285,6.801007556675064,80.60453400503779
E00145615,299,51,21,30,248,16,232,17.05685618729097,7.023411371237458,10.033444816053512,82.94314381270902,5.351170568561873,77.59197324414716
E00145617,221,31,9,22,190,33,157,14.027149321266968,4.072398190045249,9.95475113122172,85.97285067873304,14.93212669683258,71.04072398190046
E00145618,167,25,3,22,142,18,124,14.97005988023952,1.7964071856287425,13.17365269461078,85.02994011976048,10.778443113772456,74.25149700598801
E00145619,232,63,22,41,169,29,140,27.155172413793103,9.482758620689655,17.67241379310345,72.84482758620689,12.5,60.3448275862069
E00145621,552,71,9,62,481,39,442,12.862318840579709,1.6304347826086956,11.231884057971014,87.13768115942028,7.065217391304348,80.07246376811594
E00145622,373,53,11,42,320,30,290,14.209115281501342,2.949061662198391,11.26005361930295,85.79088471849866,8.04289544235925,77.7479892761394
E00145623,438,57,16,41,381,28,353,13.013698630136986,3.65296803652968,9.360730593607306,86.98630136986301,6.392694063926941,80.59360730593608
E00145624,241,40,12,28,201,19,182,16.59751037344398,4.979253112033195,11.618257261410788,83.40248962655602,7.883817427385892,75.51867219917013
E00145625,422,81,31,50,341,27,314,19.194312796208532,7.345971563981042,11.848341232227488,80.80568720379146,6.398104265402843,74.40758293838863
E00145626,311,35,8,27,276,33,243,11.254019292604502,2.572347266881029,8.681672025723474,88.7459807073955,10.610932475884244,78.13504823151125
E00145627,542,53,18,35,489,30,459,9.778597785977858,3.3210332103321036,6.4575645756457565,90.22140221402213,5.535055350553505,84.68634686346863
E00145628,309,41,11,30,268,29,239,13.268608414239482,3.559870550161812,9.70873786407767,86.73139158576052,9.385113268608414,77.34627831715211
E00145629,380,42,8,34,338,37,301,11.052631578947368,2.1052631578947367,8.947368421052632,88.94736842105263,9.736842105263158,79.21052631578948
E00145630,244,37,10,27,207,18,189,15.163934426229508,4.098360655737705,11.065573770491802,84.8360655737705,7.377049180327869,77.45901639344262
E00145631,521,100,24,76,421,48,373,19.193857965451055,4.606525911708253,14.587332053742802,80.80614203454894,9.213051823416507,71.59309021113243
E00145632,295,44,16,28,251,27,224,14.915254237288137,5.423728813559322,9.491525423728813,85.08474576271186,9.152542372881356,75.9322033898305
E00145633,410,59,10,49,351,25,326,14.390243902439023,2.4390243902439024,11.951219512195122,85.60975609756098,6.097560975609756,79.51219512195122
E00145634,334,56,25,31,278,22,256,16.766467065868262,7.48502994011976,9.281437125748502,83.23353293413174,6.58682634730539,76.64670658682635
E00145635,358,54,11,43,304,20,284,15.083798882681565,3.072625698324022,12.011173184357542,84.91620111731844,5.58659217877095,79.3296089385475
E00145637,241,35,6,29,206,21,185,14.522821576763487,2.4896265560165975,12.033195020746888,85.47717842323651,8.71369294605809,76.76348547717843
E00145638,235,33,9,24,202,17,185,14.042553191489363,3.829787234042553,10.212765957446807,85.95744680851064,7.234042553191489,78.72340425531915
E00145639,244,32,10,22,212,24,188,13.114754098360656,4.098360655737705,9.01639344262295,86.88524590163934,9.836065573770492,77.04918032786885
E00145640,332,28,10,18,304,35,269,8.433734939759036,3.0120481927710845,5.421686746987952,91.56626506024097,10.542168674698797,81.02409638554217
E00145641,201,32,6,26,169,16,153,15.92039800995025,2.9850746268656714,12.935323383084576,84.07960199004975,7.960199004975125,76.11940298507463
E00145642,252,44,25,19,208,18,190,17.46031746031746,9.920634920634921,7.5396825396825395,82.53968253968253,7.142857142857142,75.39682539682539
E00145643,267,43,10,33,224,18,206,16.10486891385768,3.7453183520599254,12.359550561797752,83.89513108614233,6.741573033707865,77.15355805243446
E00145644,287,33,9,24,254,25,229,11.498257839721255,3.1358885017421603,8.362369337979095,88.50174216027874,8.710801393728223,79.79094076655052
E00145645,267,32,3,29,235,36,199,11.985018726591761,1.1235955056179776,10.861423220973784,88.01498127340824,13.48314606741573,74.53183520599251
E00145646,265,29,11,18,236,30,206,10.943396226415095,4.150943396226415,6.7924528301886795,89.05660377358491,11.320754716981133,77.73584905660378
E00145647,269,36,14,22,233,22,211,13.382899628252787,5.204460966542751,8.178438661710038,86.61710037174721,8.178438661710038,78.43866171003717
E00145648,304,37,9,28,267,29,238,12.171052631578947,2.9605263157894735,9.210526315789473,87.82894736842105,9.539473684210527,78.28947368421053
E00145649,287,42,19,23,245,23,222,14.634146341463413,6.620209059233449,8.013937282229964,85.36585365853658,8.013937282229964,77.35191637630662
E00145650,435,38,15,23,397,25,372,8.735632183908045,3.4482758620689653,5.287356321839081,91.26436781609195,5.747126436781609,85.51724137931035
E00145652,247,33,10,23,214,29,185,13.360323886639677,4.048582995951417,9.31174089068826,86.63967611336032,11.740890688259109,74.89878542510121
E00145654,416,62,23,39,354,22,332,14.903846153846153,5.528846153846153,9.375,85.09615384615384,5.288461538461538,79.8076923076923
E00145655,348,59,21,38,289,25,264,16.954022988505745,6.0344827586206895,10.919540229885058,83.04597701149426,7.183908045977011,75.86206896551724
E00145656,301,56,22,34,245,15,230,18.6046511627907,7.308970099667775,11.295681063122924,81.3953488372093,4.983388704318937,76.41196013289037
E00145657,312,39,16,23,273,25,248,12.5,5.128205128205128,7.371794871794872,87.5,8.012820512820513,79.48717948717949
E00145658,296,41,16,25,255,28,227,13.85135135135135,5.405405405405405,8.445945945945946,86.14864864864865,9.45945945945946,76.6891891891892
E00145659,327,44,7,37,283,39,244,13.455657492354739,2.1406727828746175,11.314984709480122,86.54434250764525,11.926605504587156,74.61773700305811
E00145660,260,62,25,37,198,19,179,23.846153846153847,9.615384615384617,14.23076923076923,76.15384615384615,7.307692307692308,68.84615384615384
E00145661,353,44,14,30,309,27,282,12.464589235127479,3.9660056657223794,8.498583569405099,87.53541076487252,7.64872521246459,79.88668555240793
E00145662,347,30,11,19,317,30,287,8.645533141210375,3.170028818443804,5.475504322766571,91.35446685878964,8.645533141210375,82.70893371757924
E00145663,314,53,26,27,261,21,240,16.878980891719745,8.280254777070063,8.598726114649681,83.12101910828027,6.687898089171974,76.43312101910828
E00145664,263,35,8,27,228,30,198,13.307984790874524,3.041825095057034,10.26615969581749,86.69201520912547,11.406844106463879,75.2851711026616
E00145665,289,53,16,37,236,25,211,18.33910034602076,5.536332179930796,12.802768166089965,81.66089965397923,8.650519031141869,73.01038062283737
E00145666,346,42,12,30,304,24,280,12.138728323699421,3.4682080924855487,8.670520231213873,87.861271676300575,6.9364161849710975,80.92485549132948
E00145667,279,75,33,42,204,18,186,26.881720430107524,11.827956989247312,15.053763440860216,73.11827956989248,6.451612903225806,66.66666666666666
E00145668,423,59,19,40,364,28,336,13.947990543735225,4.491725768321513,9.456264775413711,86.05200945626478,6.619385342789598,79.43262411347519
E00145669,270,35,7,28,235,27,208,12.962962962962962,2.5925925925925926,10.37037037037037,87.03703703703704,10,77.03703703703704
E00145670,340,32,10,22,308,34,274,9.411764705882353,2.941176470588235,6.470588235294119,90.58823529411765,10,80.58823529411765
E00145671,234,30,5,25,204,29,175,12.82051282051282,2.1367521367521367,10.683760683760683,87.17948717948718,12.393162393162394,74.78632478632478
E00145672,293,39,14,25,254,24,230,13.310580204778159,4.778156996587031,8.532423208191126,86.68941979522185,8.19112627986348,78.49829351535837
E00145673,261,47,12,35,214,17,197,18.007662835249043,4.597701149425287,13.409961685823754,81.99233716475096,6.513409961685824,75.47892720306514
E00145674,364,45,6,39,319,34,285,12.362637362637363,1.6483516483516485,10.714285714285714,87.63736263736264,9.340659340659341,78.2967032967033
E00145675,294,70,33,37,224,14,210,23.809523809523807,11.224489795918368,12.585034013605442,76.19047619047619,4.761904761904762,71.42857142857143
E00145676,283,41,11,30,242,26,216,14.487632508833922,3.8869257950530036,10.60070671378092,85.51236749116607,9.187279151943462,76.32508833922262
E00145677,320,62,19,43,258,28,230,19.375,5.9375,13.4375,80.625,8.75,71.875
E00172559,445,81,40,41,364,51,313,18.202247191011235,8.98876404494382,9.213483146067416,81.79775280898876,11.46067415730337,70.33707865168539
E00172561,155,24,5,19,131,11,120,15.483870967741936,3.225806451612903,12.258064516129032,84.51612903225806,7.096774193548387,77.41935483870968
E00172564,747,64,6,58,683,32,651,8.56760374832664,0.8032128514056224,7.764390896921017,91.43239625167337,4.28380187416332,87.14859437751004
E00172565,121,11,1,10,110,14,96,9.090909090909092,0.8264462809917356,8.264462809917356,90.9090909090909,11.570247933884298,79.33884297520662
E00172567,3981,596,45,551,3385,397,2988,14.971112785732227,1.1303692539562924,13.840743531775937,85.02888721426777,9.972368751569958,75.05651846269782
E00172573,428,44,11,33,384,32,352,10.2803738317757,2.570093457943925,7.710280373831775,89.7196261682243,7.476635514018691,82.2429906542056
E00172575,227,32,5,27,195,15,180,14.096916299559473,2.2026431718061676,11.894273127753303,85.90308370044053,6.607929515418502,79.29515418502203
E00172576,144,9,3,6,135,8,127,6.25,2.083333333333333,4.166666666666666,93.75,5.555555555555555,88.19444444444444
E00172578,189,21,4,17,168,12,156,11.11111111111111,2.1164021164021163,8.994708994708994,88.88888888888889,6.349206349206349,82.53968253968253
E00172579,296,42,19,23,254,19,235,14.18918918918919,6.418918918918918,7.77027027027027,85.8108108108108,6.418918918918918,79.3918918918919
E00172581,288,27,6,21,261,21,240,9.375,2.083333333333333,7.291666666666667,90.625,7.291666666666667,83.33333333333334
E00172582,197,34,18,16,163,13,150,17.258883248730964,9.137055837563452,8.121827411167512,82.74111675126903,6.598984771573605,76.14213197969542
E00172584,110,7,3,4,103,10,93,6.363636363636363,2.727272727272727,3.6363636363636362,93.63636363636364,9.090909090909092,84.54545454545455
E00172585,183,23,3,20,160,27,133,12.568306010928962,1.639344262295082,10.92896174863388,87.43169398907104,14.754098360655737,72.6775956284153
E00172587,361,27,8,19,334,24,310,7.479224376731302,2.21606648199446,5.263157894736842,92.5207756232687,6.64819944598338,85.87257617728532
E00172589,111,12,2,10,99,8,91,10.81081081081081,1.8018018018018018,9.00900900900901,89.1891891891892,7.207207207207207,81.98198198198197
E00172590,241,28,10,18,213,26,187,11.618257261410788,4.149377593360995,7.468879668049793,88.38174273858921,10.78838174273859,77.59336099585063
E00172592,234,38,13,25,196,18,178,16.23931623931624,5.555555555555555,10.683760683760683,83.76068376068376,7.6923076923076925,76.06837606837607
E00172593,255,24,3,21,231,21,210,9.411764705882353,1.1764705882352942,8.235294117647058,90.58823529411765,8.235294117647058,82.35294117647058
E00172595,308,41,12,29,267,35,232,13.311688311688311,3.896103896103896,9.415584415584416,86.68831168831169,11.363636363636363,75.32467532467533
E00172596,371,45,13,32,326,38,288,12.129380053908356,3.5040431266846364,8.62533692722372,87.87061994609164,10.242587601078167,77.62803234501348
E00172598,357,29,4,25,328,30,298,8.123249299719888,1.1204481792717087,7.002801120448179,91.87675070028011,8.403361344537815,83.4733893557423
E00175315,223,43,21,22,180,8,172,19.282511210762333,9.417040358744394,9.865470852017937,80.71748878923766,3.587443946188341,77.13004484304933
E00175316,226,39,20,19,187,9,178,17.25663716814159,8.849557522123893,8.4070796460177,82.7433628318584,3.982300884955752,78.76106194690266
E00175317,166,18,3,15,148,9,139,10.843373493975903,1.8072289156626504,9.036144578313253,89.1566265060241,5.421686746987952,83.73493975903614
E00175318,104,20,11,9,84,8,76,19.230769230769234,10.576923076923077,8.653846153846153,80.76923076923077,7.6923076923076925,73.07692307692307
E00175319,253,19,5,14,234,15,219,7.5098814229249005,1.9762845849802373,5.533596837944664,92.4901185770751,5.928853754940711,86.56126482213439
E00175320,448,63,18,45,385,27,358,14.0625,4.017857142857143,10.044642857142858,85.9375,6.026785714285714,79.91071428571429
E00175321,622,119,23,96,503,67,436,19.131832797427652,3.697749196141479,15.434083601286176,80.86816720257235,10.77170418006431,70.09646302250803
E00175322,304,26,7,19,278,19,259,8.552631578947368,2.302631578947368,6.25,91.44736842105263,6.25,85.19736842105263
E00175323,246,43,16,27,203,17,186,17.479674796747968,6.504065040650407,10.975609756097562,82.52032520325203,6.910569105691057,75.60975609756098
E00175324,112,16,3,13,96,19,77,14.285714285714285,2.6785714285714284,11.607142857142858,85.71428571428571,16.964285714285715,68.75
E00175325,237,23,1,22,214,15,199,9.70464135021097,0.42194092827004215,9.282700421940929,90.29535864978902,6.329113924050633,83.96624472573839
E00175326,265,34,9,25,231,12,219,12.830188679245284,3.3962264150943398,9.433962264150944,87.16981132075472,4.528301886792453,82.64150943396227
E00175327,380,64,28,36,316,26,290,16.842105263157894,7.368421052631578,9.473684210526317,83.15789473684211,6.842105263157896,76.31578947368422
E00175328,307,42,12,30,265,24,241,13.680781758957655,3.908794788273615,9.77198697068404,86.31921824104235,7.81758957654723,78.50162866449512
E00175329,370,47,14,33,323,30,293,12.702702702702704,3.783783783783784,8.91891891891892,87.29729729729729,8.108108108108109,79.1891891891892
E00185846,1661,231,24,207,1430,190,1240,13.90728476821192,1.4449127031908489,12.462372065021071,86.09271523178808,11.43889223359422,74.65382299819386
E00185847,991,134,24,110,857,87,770,13.521695257315844,2.4217961654894045,11.099899091826437,86.47830474268416,8.779011099899092,77.69929364278507
E00185852,345,44,18,26,301,34,267,12.753623188405797,5.217391304347826,7.536231884057972,87.2463768115942,9.855072463768117,77.39130434782608
E00185853,1218,182,31,151,1036,107,929,14.942528735632186,2.5451559934318557,12.397372742200329,85.0574712643678,8.784893267651888,76.27257799671592
E00185863,156,31,12,19,125,10,115,19.871794871794872,7.6923076923076925,12.179487179487179,80.12820512820514,6.41025641025641,73.71794871794873
E00185865,257,55,29,26,202,15,187,21.40077821011673,11.284046692607005,10.116731517509727,78.59922178988327,5.836575875486381,72.76264591439688
E00185866,426,46,9,37,380,28,352,10.7981220657277,2.112676056338028,8.685446009389672,89.2018779342723,6.572769953051644,82.62910798122066
E00185873,561,62,25,37,499,51,448,11.051693404634582,4.45632798573975,6.59536541889483,88.94830659536542,9.090909090909092,79.85739750445633
E00185875,440,51,9,42,389,28,361,11.59090909090909,2.0454545454545454,9.545454545454547,88.4090909090909,6.363636363636363,82.04545454545455
E00185893,509,43,10,33,466,24,442,8.447937131630647,1.9646365422396856,6.4833005893909625,91.55206286836936,4.715127701375246,86.83693516699411
E00185894,127,19,10,9,108,18,90,14.960629921259844,7.874015748031496,7.086614173228346,85.03937007874016,14.173228346456693,70.86614173228347
E00185905,170,23,8,15,147,5,142,13.529411764705882,4.705882352941177,8.823529411764707,86.47058823529412,2.941176470588235,83.52941176470588
E00185907,355,29,8,21,326,25,301,8.169014084507042,2.2535211267605635,5.915492957746479,91.83098591549296,7.042253521126761,84.78873239436619
E00185910,837,94,16,78,743,46,697,11.230585424133812,1.911589008363202,9.31899641577061,88.7694145758662,5.4958183990442055,83.27359617682198
E00185913,429,38,16,22,391,14,377,8.857808857808857,3.7296037296037294,5.128205128205128,91.14219114219114,3.263403263403263,87.87878787878788
E00185924,325,54,22,32,271,10,261,16.615384615384617,6.769230769230769,9.846153846153847,83.38461538461537,3.076923076923077,80.3076923076923
E00185926,576,110,48,62,466,12,454,19.09722222222222,8.333333333333332,10.76388888888889,80.90277777777779,2.083333333333333,78.81944444444444
E00185928,103,12,6,6,91,0,91,11.650485436893204,5.825242718446602,5.825242718446602,88.3495145631068,0,88.3495145631068
E00185932,192,30,5,25,162,17,145,15.625,2.604166666666667,13.020833333333334,84.375,8.854166666666668,75.52083333333334
E00185935,266,35,11,24,231,10,221,13.157894736842104,4.135338345864661,9.022556390977442,86.8421052631579,3.7593984962406015,83.0827067669173
E00185943,1065,158,19,139,907,57,850,14.835680751173708,1.784037558685446,13.051643192488264,85.16431924882629,5.352112676056338,79.81220657276995
E00185956,597,47,14,33,550,62,488,7.872696817420436,2.3450586264656614,5.527638190954774,92.12730318257957,10.385259631490786,81.74204355108877
E00185959,167,30,10,20,137,6,131,17.964071856287426,5.9880239520958085,11.976047904191617,82.03592814371258,3.592814371257485,78.44311377245509
E00185963,307,10,2,8,297,12,285,3.257328990228013,0.6514657980456027,2.6058631921824107,96.74267100977198,3.908794788273615,92.83387622149837
E00185973,179,35,15,20,144,12,132,19.553072625698324,8.379888268156424,11.1731843575419,80.44692737430168,6.70391061452514,73.74301675977654
E00185995,375,36,11,25,339,27,312,9.6,2.933333333333333,6.666666666666667,90.4,7.199999999999999,83.2
E00186007,312,12,7,5,300,14,286,3.8461538461538463,2.2435897435897436,1.6025641025641024,96.15384615384616,4.487179487179487,91.66666666666666
E00186021,581,57,13,44,524,54,470,9.81067125645439,2.2375215146299485,7.573149741824441,90.18932874354562,9.294320137693632,80.89500860585198
E00186036,206,32,15,17,174,7,167,15.53398058252427,7.281553398058252,8.25242718446602,84.46601941747572,3.3980582524271843,81.06796116504854
E00186054,471,68,38,30,403,24,379,14.437367303609342,8.067940552016985,6.369426751592357,85.56263269639066,5.095541401273886,80.46709129511677
E00186055,335,45,13,32,290,21,269,13.432835820895523,3.880597014925373,9.55223880597015,86.56716417910447,6.26865671641791,80.29850746268656
E00186064,649,82,11,71,567,73,494,12.63482280431433,1.694915254237288,10.939907550077042,87.36517719568567,11.248073959938367,76.11710323574731
E00186080,745,85,18,67,660,49,611,11.409395973154362,2.4161073825503356,8.993288590604028,88.59060402684564,6.577181208053691,82.01342281879195
