OA,ts0590001,ts0590002,ts0590003,ts0590004,ts0590005,ts0590006,ts0590007,ts0590002_PCT,ts0590003_PCT,ts0590004_PCT,ts0590005_PCT,ts0590006_PCT,ts0590007_PCT
E00141633,50,21,7,14,29,25,4,42,14.000000000000002,28.000000000000004,57.99999999999999,50,8
E00141634,99,48,19,29,51,46,5,48.484848484848484,19.19191919191919,29.292929292929294,51.515151515151516,46.464646464646464,5.05050505050505
E00141635,138,49,14,35,89,77,12,35.507246376811594,10.144927536231885,25.36231884057971,64.4927536231884,55.79710144927537,8.695652173913043
E00141636,79,34,13,21,45,32,13,43.037974683544306,16.455696202531644,26.582278481012654,56.9620253164557,40.50632911392405,16.455696202531644
E00141637,65,27,13,14,38,30,8,41.53846153846154,20,21.53846153846154,58.46153846153847,46.15384615384615,12.307692307692308
E00141638,140,57,26,31,83,66,17,40.714285714285715,18.571428571428573,22.142857142857142,59.285714285714285,47.14285714285714,12.142857142857142
E00141639,126,41,14,27,85,71,14,32.53968253968254,11.11111111111111,21.428571428571427,67.46031746031747,56.34920634920635,11.11111111111111
E00141640,110,38,12,26,72,65,7,34.54545454545455,10.909090909090908,23.636363636363637,65.45454545454545,59.09090909090909,6.363636363636363
E00141641,142,49,16,33,93,81,12,34.50704225352113,11.267605633802818,23.239436619718308,65.49295774647888,57.04225352112676,8.450704225352112
E00141642,115,39,14,25,76,65,11,33.91304347826087,12.173913043478262,21.73913043478261,66.08695652173913,56.52173913043478,9.565217391304348
E00141643,110,37,9,28,73,53,20,33.63636363636363,8.181818181818182,25.454545454545453,66.36363636363637,48.18181818181818,18.181818181818183
E00141644,166,63,27,36,103,88,15,37.95180722891566,16.265060240963855,21.686746987951807,62.048192771084345,53.01204819277109,9.036144578313253
E00141645,84,32,10,22,52,44,8,38.095238095238095,11.904761904761903,26.190476190476193,61.904761904761905,52.38095238095239,9.523809523809524
E00141646,89,27,13,14,62,50,12,30.337078651685395,14.606741573033707,15.730337078651685,69.66292134831461,56.17977528089888,13.48314606741573
E00141647,111,50,16,34,61,57,4,45.04504504504504,14.414414414414415,30.630630630630627,54.95495495495496,51.35135135135135,3.6036036036036037
E00141648,84,30,8,22,54,44,10,35.714285714285715,9.523809523809524,26.190476190476193,64.28571428571429,52.38095238095239,11.904761904761903
E00141649,94,37,13,24,57,46,11,39.361702127659576,13.829787234042554,25.53191489361702,60.63829787234043,48.93617021276596,11.702127659574469
E00141650,76,29,10,19,47,36,11,38.15789473684211,13.157894736842104,25,61.8421052631579,47.368421052631575,14.473684210526317
E00141651,244,81,25,56,163,131,32,33.19672131147541,10.245901639344263,22.950819672131146,66.80327868852459,53.68852459016394,13.114754098360656
E00141652,123,50,17,33,73,61,12,40.65040650406504,13.821138211382115,26.82926829268293,59.34959349593496,49.59349593495935,9.75609756097561
E00141653,104,32,13,19,72,62,10,30.76923076923077,12.5,18.269230769230766,69.23076923076923,59.61538461538461,9.615384615384617
E00141654,112,30,6,24,82,69,13,26.785714285714285,5.357142857142857,21.428571428571427,73.21428571428571,61.60714285714286,11.607142857142858
E00141655,109,38,11,27,71,61,10,34.862385321100916,10.091743119266056,24.770642201834864,65.13761467889908,55.96330275229357,9.174311926605505
E00141656,185,61,24,37,124,87,37,32.972972972972975,12.972972972972974,20,67.02702702702703,47.02702702702703,20
E00141657,117,30,6,24,87,77,10,25.64102564102564,5.128205128205128,20.51282051282051,74.35897435897436,65.8119658119658,8.547008547008547
E00141658,115,41,14,27,74,65,9,35.65217391304348,12.173913043478262,23.47826086956522,64.34782608695652,56.52173913043478,7.82608695652174
E00141659,204,75,27,48,129,98,31,36.76470588235294,13.23529411764706,23.52941176470588,63.23529411764706,48.03921568627451,15.196078431372548
E00141660,73,25,8,17,48,36,12,34.24657534246575,10.95890410958904,23.28767123287671,65.75342465753424,49.31506849315068,16.43835616438356
E00141661,131,50,17,33,81,68,13,38.16793893129771,12.977099236641221,25.190839694656486,61.832061068702295,51.908396946564885,9.923664122137405
E00141662,107,37,11,26,70,56,14,34.57943925233645,10.2803738317757,24.299065420560748,65.42056074766354,52.336448598130836,13.084112149532709
E00141663,87,31,3,28,56,49,7,35.63218390804598,3.4482758620689653,32.18390804597701,64.36781609195403,56.32183908045977,8.045977011494253
E00141664,112,42,13,29,70,60,10,37.5,11.607142857142858,25.892857142857146,62.5,53.57142857142857,8.928571428571429
E00141665,73,24,11,13,49,41,8,32.87671232876712,15.068493150684931,17.80821917808219,67.12328767123287,56.16438356164384,10.95890410958904
E00141666,146,47,14,33,99,89,10,32.19178082191781,9.58904109589041,22.602739726027394,67.8082191780822,60.95890410958904,6.8493150684931505
E00141667,82,35,15,20,47,42,5,42.68292682926829,18.29268292682927,24.390243902439025,57.3170731707317,51.21951219512195,6.097560975609756
E00141668,180,55,11,44,125,112,13,30.555555555555557,6.111111111111111,24.444444444444443,69.44444444444444,62.22222222222222,7.222222222222221
E00141669,166,60,21,39,106,99,7,36.144578313253014,12.650602409638553,23.49397590361446,63.85542168674698,59.63855421686747,4.216867469879518
E00141670,144,48,14,34,96,91,5,33.33333333333333,9.722222222222223,23.61111111111111,66.66666666666666,63.19444444444444,3.4722222222222223
E00141671,189,64,21,43,125,115,10,33.86243386243386,11.11111111111111,22.75132275132275,66.13756613756614,60.84656084656085,5.291005291005291
E00141672,125,45,17,28,80,69,11,36,13.600000000000001,22.400000000000002,64,55.2,8.799999999999999
E00141673,107,44,8,36,63,56,7,41.1214953271028,7.476635514018691,33.64485981308411,58.87850467289719,52.336448598130836,6.5420560747663545
E00141674,110,39,10,29,71,64,7,35.45454545454545,9.090909090909092,26.36363636363636,64.54545454545455,58.18181818181818,6.363636363636363
E00141675,179,70,23,47,109,93,16,39.10614525139665,12.849162011173185,26.256983240223462,60.893854748603346,51.955307262569825,8.938547486033519
E00141676,147,54,20,34,93,86,7,36.734693877551024,13.60544217687075,23.12925170068027,63.26530612244898,58.50340136054422,4.761904761904762
E00141677,150,50,21,29,100,91,9,33.33333333333333,14.000000000000002,19.333333333333332,66.66666666666666,60.66666666666667,6
E00141678,146,53,13,40,93,78,15,36.3013698630137,8.904109589041095,27.397260273972602,63.6986301369863,53.42465753424658,10.273972602739725
E00141679,124,43,15,28,81,68,13,34.67741935483871,12.096774193548388,22.58064516129032,65.32258064516128,54.83870967741935,10.483870967741936
E00141680,159,54,13,41,105,95,10,33.9622641509434,8.176100628930817,25.78616352201258,66.0377358490566,59.74842767295597,6.289308176100629
E00141681,168,67,15,52,101,93,8,39.88095238095239,8.928571428571429,30.952380952380953,60.11904761904761,55.35714285714286,4.761904761904762
E00141682,63,20,9,11,43,27,16,31.746031746031743,14.285714285714285,17.46031746031746,68.25396825396825,42.857142857142854,25.396825396825395
E00141683,115,50,17,33,65,47,18,43.47826086956522,14.782608695652174,28.695652173913043,56.52173913043478,40.869565217391305,15.65217391304348
E00141684,175,54,20,34,121,75,46,30.857142857142854,11.428571428571429,19.428571428571427,69.14285714285714,42.857142857142854,26.285714285714285
E00141685,111,43,18,25,68,52,16,38.73873873873874,16.216216216216218,22.52252252252252,61.261261261261254,46.846846846846844,14.414414414414415
E00141686,118,40,9,31,78,61,17,33.89830508474576,7.627118644067797,26.27118644067797,66.10169491525424,51.69491525423729,14.40677966101695
E00141687,171,49,18,31,122,70,52,28.654970760233915,10.526315789473683,18.128654970760234,71.34502923976608,40.93567251461988,30.409356725146196
E00141688,76,35,12,23,41,24,17,46.05263157894737,15.789473684210526,30.263157894736842,53.94736842105263,31.57894736842105,22.36842105263158
E00141689,140,46,14,32,94,67,27,32.857142857142854,10,22.857142857142858,67.14285714285714,47.85714285714286,19.28571428571429
E00141691,148,49,18,31,99,81,18,33.108108108108105,12.162162162162163,20.945945945945947,66.8918918918919,54.729729729729726,12.162162162162163
E00141692,115,41,10,31,74,61,13,35.65217391304348,8.695652173913043,26.956521739130434,64.34782608695652,53.04347826086957,11.304347826086957
E00141693,135,52,14,38,83,71,12,38.51851851851852,10.37037037037037,28.14814814814815,61.48148148148148,52.59259259259259,8.88888888888889
E00141694,94,41,10,31,53,46,7,43.61702127659575,10.638297872340425,32.97872340425532,56.38297872340425,48.93617021276596,7.446808510638298
E00141695,138,47,16,31,91,77,14,34.05797101449276,11.594202898550725,22.463768115942027,65.94202898550725,55.79710144927537,10.144927536231885
E00141696,107,30,5,25,77,64,13,28.037383177570092,4.672897196261682,23.364485981308412,71.96261682242991,59.813084112149525,12.149532710280374
E00141697,123,46,19,27,77,69,8,37.39837398373984,15.447154471544716,21.951219512195124,62.601626016260155,56.09756097560976,6.504065040650407
E00141698,106,39,17,22,67,58,9,36.79245283018868,16.037735849056602,20.754716981132077,63.20754716981132,54.71698113207547,8.49056603773585
E00141699,143,48,17,31,95,70,25,33.56643356643357,11.888111888111888,21.678321678321677,66.43356643356644,48.95104895104895,17.482517482517483
E00141700,72,22,3,19,50,38,12,30.555555555555557,4.166666666666666,26.38888888888889,69.44444444444444,52.77777777777778,16.666666666666664
E00141702,182,60,17,43,122,102,20,32.967032967032964,9.340659340659341,23.626373626373624,67.03296703296702,56.043956043956044,10.989010989010989
E00141703,112,40,19,21,72,63,9,35.714285714285715,16.964285714285715,18.75,64.28571428571429,56.25,8.035714285714286
E00141704,142,69,20,49,73,56,17,48.59154929577465,14.084507042253522,34.50704225352113,51.40845070422535,39.436619718309856,11.971830985915492
E00141708,150,64,14,50,86,78,8,42.66666666666667,9.333333333333334,33.33333333333333,57.333333333333336,52,5.333333333333334
E00141710,123,47,11,36,76,69,7,38.21138211382114,8.94308943089431,29.268292682926827,61.78861788617886,56.09756097560976,5.691056910569105
E00141711,125,45,13,32,80,72,8,36,10.4,25.6,64,57.599999999999994,6.4
E00141712,130,47,15,32,83,78,5,36.15384615384615,11.538461538461538,24.615384615384617,63.84615384615384,60,3.8461538461538463
E00141713,118,36,12,24,82,72,10,30.508474576271187,10.16949152542373,20.33898305084746,69.49152542372882,61.016949152542374,8.47457627118644
E00141716,84,30,9,21,54,47,7,35.714285714285715,10.714285714285714,25,64.28571428571429,55.952380952380956,8.333333333333332
E00141717,146,41,12,29,105,91,14,28.08219178082192,8.21917808219178,19.863013698630137,71.91780821917808,62.328767123287676,9.58904109589041
E00141719,96,38,10,28,58,46,12,39.58333333333333,10.416666666666668,29.166666666666668,60.416666666666664,47.91666666666667,12.5
E00141720,86,30,8,22,56,44,12,34.883720930232556,9.30232558139535,25.581395348837212,65.11627906976744,51.162790697674424,13.953488372093023
E00141721,115,47,13,34,68,59,9,40.869565217391305,11.304347826086957,29.565217391304348,59.130434782608695,51.30434782608696,7.82608695652174
E00141723,107,46,16,30,61,57,4,42.99065420560748,14.953271028037381,28.037383177570092,57.009345794392516,53.271028037383175,3.7383177570093453
E00141724,119,40,10,30,79,65,14,33.61344537815126,8.403361344537815,25.210084033613445,66.38655462184873,54.621848739495796,11.76470588235294
E00141725,154,46,13,33,108,96,12,29.87012987012987,8.441558441558442,21.428571428571427,70.12987012987013,62.33766233766234,7.792207792207792
E00141726,113,41,17,24,72,42,30,36.283185840707965,15.04424778761062,21.238938053097346,63.716814159292035,37.16814159292036,26.548672566371685
E00141727,113,39,17,22,74,54,20,34.51327433628318,15.04424778761062,19.469026548672566,65.48672566371681,47.78761061946903,17.699115044247787
E00141728,103,47,10,37,56,40,16,45.63106796116505,9.70873786407767,35.92233009708738,54.36893203883495,38.83495145631068,15.53398058252427
E00141729,101,44,14,30,57,49,8,43.56435643564357,13.861386138613863,29.7029702970297,56.43564356435643,48.51485148514851,7.920792079207921
E00141730,114,37,22,15,77,52,25,32.45614035087719,19.298245614035086,13.157894736842104,67.54385964912281,45.614035087719294,21.929824561403507
E00141731,141,57,22,35,84,61,23,40.42553191489361,15.602836879432624,24.822695035460992,59.57446808510638,43.262411347517734,16.312056737588655
E00141732,130,58,31,27,72,56,16,44.61538461538462,23.846153846153847,20.76923076923077,55.38461538461539,43.07692307692308,12.307692307692308
E00141733,112,49,25,24,63,38,25,43.75,22.321428571428573,21.428571428571427,56.25,33.92857142857143,22.321428571428573
E00141734,86,35,17,18,51,38,13,40.69767441860465,19.767441860465116,20.930232558139537,59.30232558139535,44.18604651162791,15.11627906976744
E00141735,89,37,15,22,52,43,9,41.57303370786517,16.853932584269664,24.719101123595504,58.42696629213483,48.31460674157304,10.112359550561797
E00141736,163,63,24,39,100,76,24,38.65030674846626,14.723926380368098,23.92638036809816,61.34969325153374,46.62576687116564,14.723926380368098
E00141737,147,59,24,35,88,67,21,40.136054421768705,16.3265306122449,23.809523809523807,59.863945578231295,45.57823129251701,14.285714285714285
E00141738,73,27,5,22,46,22,24,36.986301369863014,6.8493150684931505,30.136986301369863,63.013698630136986,30.136986301369863,32.87671232876712
E00141739,110,46,28,18,64,46,18,41.81818181818181,25.454545454545453,16.363636363636363,58.18181818181818,41.81818181818181,16.363636363636363
E00141740,142,49,17,32,93,73,20,34.50704225352113,11.971830985915492,22.535211267605636,65.49295774647888,51.40845070422535,14.084507042253522
E00141741,106,34,14,20,72,47,25,32.075471698113205,13.20754716981132,18.867924528301888,67.9245283018868,44.339622641509436,23.58490566037736
E00141742,87,34,11,23,53,41,12,39.08045977011494,12.643678160919542,26.436781609195403,60.91954022988506,47.12643678160919,13.793103448275861
E00141744,144,49,25,24,95,87,8,34.02777777777778,17.36111111111111,16.666666666666664,65.97222222222221,60.416666666666664,5.555555555555555
E00141745,145,57,21,36,88,74,14,39.310344827586206,14.482758620689657,24.82758620689655,60.689655172413794,51.03448275862069,9.655172413793103
E00141746,178,65,15,50,113,103,10,36.51685393258427,8.426966292134832,28.08988764044944,63.48314606741573,57.865168539325836,5.617977528089887
E00141747,137,48,14,34,89,77,12,35.03649635036496,10.218978102189782,24.817518248175183,64.96350364963503,56.20437956204379,8.75912408759124
E00141748,188,67,21,46,121,110,11,35.638297872340424,11.170212765957446,24.46808510638298,64.36170212765957,58.51063829787234,5.851063829787234
E00141749,79,33,11,22,46,42,4,41.77215189873418,13.924050632911392,27.848101265822784,58.22784810126582,53.16455696202531,5.063291139240507
E00141750,153,57,23,34,96,81,15,37.254901960784316,15.032679738562091,22.22222222222222,62.745098039215684,52.94117647058824,9.803921568627452
E00141751,153,49,16,33,104,96,8,32.02614379084967,10.457516339869281,21.568627450980394,67.97385620915033,62.745098039215684,5.228758169934641
E00141752,149,42,8,34,107,95,12,28.187919463087248,5.369127516778524,22.818791946308725,71.81208053691275,63.758389261744966,8.053691275167784
E00141753,68,31,9,22,37,30,7,45.588235294117645,13.23529411764706,32.35294117647059,54.41176470588235,44.11764705882353,10.294117647058822
E00141754,111,42,13,29,69,69,0,37.83783783783784,11.711711711711711,26.126126126126124,62.16216216216216,62.16216216216216,0
E00141755,142,43,14,29,99,91,8,30.28169014084507,9.859154929577464,20.422535211267608,69.71830985915493,64.08450704225352,5.633802816901409
E00141756,151,45,12,33,106,93,13,29.80132450331126,7.9470198675496695,21.85430463576159,70.19867549668875,61.58940397350994,8.609271523178808
E00141757,68,34,8,26,34,31,3,50,11.76470588235294,38.23529411764706,50,45.588235294117645,4.411764705882353
E00141758,75,21,10,11,54,46,8,28.000000000000004,13.333333333333334,14.666666666666666,72,61.33333333333333,10.666666666666668
E00141759,112,50,15,35,62,56,6,44.642857142857146,13.392857142857142,31.25,55.35714285714286,50,5.357142857142857
E00141760,77,29,7,22,48,39,9,37.66233766233766,9.090909090909092,28.57142857142857,62.33766233766234,50.649350649350644,11.688311688311687
E00141761,146,42,11,31,104,87,17,28.767123287671232,7.534246575342466,21.232876712328768,71.23287671232876,59.589041095890416,11.643835616438356
E00141762,66,27,13,14,39,29,10,40.909090909090914,19.696969696969695,21.21212121212121,59.09090909090909,43.93939393939394,15.151515151515152
E00141763,103,43,16,27,60,54,6,41.74757281553398,15.53398058252427,26.21359223300971,58.252427184466015,52.42718446601942,5.825242718446602
E00141764,65,24,9,15,41,31,10,36.92307692307693,13.846153846153847,23.076923076923077,63.07692307692307,47.69230769230769,15.384615384615385
E00141765,62,19,8,11,43,33,10,30.64516129032258,12.903225806451612,17.741935483870968,69.35483870967742,53.2258064516129,16.129032258064516
E00141766,82,35,20,15,47,31,16,42.68292682926829,24.390243902439025,18.29268292682927,57.3170731707317,37.80487804878049,19.51219512195122
E00141768,52,22,13,9,30,23,7,42.30769230769231,25,17.307692307692307,57.692307692307686,44.230769230769226,13.461538461538462
E00141769,110,42,8,34,68,60,8,38.18181818181819,7.2727272727272725,30.909090909090907,61.81818181818181,54.54545454545454,7.2727272727272725
E00141770,43,26,9,17,17,15,2,60.46511627906976,20.930232558139537,39.53488372093023,39.53488372093023,34.883720930232556,4.651162790697675
E00141771,83,33,10,23,50,41,9,39.75903614457831,12.048192771084338,27.710843373493976,60.24096385542169,49.39759036144578,10.843373493975903
E00141772,88,28,8,20,60,50,10,31.818181818181817,9.090909090909092,22.727272727272727,68.18181818181817,56.81818181818182,11.363636363636363
E00141773,58,17,6,11,41,38,3,29.310344827586203,10.344827586206897,18.96551724137931,70.6896551724138,65.51724137931035,5.172413793103448
E00141774,230,91,26,65,139,122,17,39.565217391304344,11.304347826086957,28.26086956521739,60.43478260869565,53.04347826086957,7.391304347826087
E00141775,123,46,18,28,77,69,8,37.39837398373984,14.634146341463413,22.76422764227642,62.601626016260155,56.09756097560976,6.504065040650407
E00141776,114,45,14,31,69,60,9,39.473684210526315,12.280701754385964,27.192982456140353,60.526315789473685,52.63157894736842,7.894736842105263
E00141777,32,13,9,4,19,18,1,40.625,28.125,12.5,59.375,56.25,3.125
E00141778,117,41,17,24,76,57,19,35.04273504273504,14.529914529914532,20.51282051282051,64.95726495726495,48.717948717948715,16.23931623931624
E00141779,82,38,18,20,44,39,5,46.34146341463415,21.951219512195124,24.390243902439025,53.65853658536586,47.5609756097561,6.097560975609756
E00141780,59,29,12,17,30,25,5,49.152542372881356,20.33898305084746,28.8135593220339,50.847457627118644,42.3728813559322,8.47457627118644
E00141781,120,40,17,23,80,65,15,33.33333333333333,14.166666666666666,19.166666666666668,66.66666666666666,54.166666666666664,12.5
E00141782,97,44,26,18,53,36,17,45.36082474226804,26.804123711340207,18.556701030927837,54.63917525773196,37.11340206185567,17.525773195876287
E00141783,63,26,13,13,37,33,4,41.269841269841265,20.634920634920633,20.634920634920633,58.730158730158735,52.38095238095239,6.349206349206349
E00141784,116,59,30,29,57,38,19,50.86206896551724,25.862068965517242,25,49.137931034482754,32.758620689655174,16.379310344827587
E00141785,109,43,17,26,66,34,32,39.44954128440367,15.59633027522936,23.853211009174313,60.550458715596335,31.19266055045872,29.357798165137616
E00141786,111,33,10,23,78,55,23,29.72972972972973,9.00900900900901,20.72072072072072,70.27027027027027,49.549549549549546,20.72072072072072
E00141787,105,37,12,25,68,49,19,35.23809523809524,11.428571428571429,23.809523809523807,64.76190476190476,46.666666666666664,18.095238095238095
E00141788,106,37,18,19,69,54,15,34.90566037735849,16.9811320754717,17.92452830188679,65.09433962264151,50.943396226415096,14.150943396226415
E00141789,158,67,30,37,91,62,29,42.405063291139236,18.9873417721519,23.417721518987342,57.59493670886076,39.24050632911392,18.354430379746837
E00141790,238,64,26,38,174,119,55,26.89075630252101,10.92436974789916,15.966386554621847,73.10924369747899,50,23.10924369747899
E00141791,61,22,9,13,39,39,0,36.0655737704918,14.754098360655737,21.311475409836063,63.934426229508205,63.934426229508205,0
E00141792,122,44,13,31,78,63,15,36.0655737704918,10.655737704918032,25.40983606557377,63.934426229508205,51.63934426229508,12.295081967213115
E00141793,146,49,10,39,97,80,17,33.56164383561644,6.8493150684931505,26.71232876712329,66.43835616438356,54.794520547945204,11.643835616438356
E00141794,133,36,15,21,97,78,19,27.06766917293233,11.278195488721805,15.789473684210526,72.93233082706767,58.64661654135338,14.285714285714285
E00141795,97,27,12,15,70,56,14,27.835051546391753,12.371134020618557,15.463917525773196,72.16494845360825,57.73195876288659,14.432989690721648
E00141796,128,51,17,34,77,60,17,39.84375,13.28125,26.5625,60.15625,46.875,13.28125
E00141797,76,28,3,25,48,38,10,36.84210526315789,3.9473684210526314,32.89473684210527,63.1578947368421,50,13.157894736842104
E00141798,112,35,11,24,77,60,17,31.25,9.821428571428571,21.428571428571427,68.75,53.57142857142857,15.178571428571427
E00141799,92,40,12,28,52,43,9,43.47826086956522,13.043478260869565,30.434782608695656,56.52173913043478,46.73913043478261,9.782608695652174
E00141800,92,32,7,25,60,45,15,34.78260869565217,7.608695652173914,27.173913043478258,65.21739130434783,48.91304347826087,16.304347826086957
E00141801,79,26,10,16,53,46,7,32.91139240506329,12.658227848101266,20.253164556962027,67.08860759493672,58.22784810126582,8.860759493670885
E00141802,118,44,20,24,74,50,24,37.28813559322034,16.94915254237288,20.33898305084746,62.71186440677966,42.3728813559322,20.33898305084746
E00141803,148,55,22,33,93,70,23,37.16216216216216,14.864864864864865,22.2972972972973,62.83783783783784,47.2972972972973,15.54054054054054
E00141804,162,58,20,38,104,76,28,35.80246913580247,12.345679012345679,23.456790123456788,64.19753086419753,46.913580246913575,17.28395061728395
E00141805,129,44,12,32,85,72,13,34.10852713178294,9.30232558139535,24.8062015503876,65.89147286821705,55.81395348837209,10.077519379844961
E00141806,131,54,26,28,77,60,17,41.221374045801525,19.84732824427481,21.374045801526716,58.778625954198475,45.80152671755725,12.977099236641221
E00141807,109,35,17,18,74,59,15,32.11009174311927,15.59633027522936,16.51376146788991,67.88990825688074,54.12844036697248,13.761467889908257
E00141808,192,78,29,49,114,96,18,40.625,15.104166666666666,25.520833333333332,59.375,50,9.375
E00141809,130,51,21,30,79,68,11,39.23076923076923,16.153846153846153,23.076923076923077,60.76923076923077,52.307692307692314,8.461538461538462
E00141810,177,59,18,41,118,98,20,33.33333333333333,10.16949152542373,23.163841807909606,66.66666666666666,55.367231638418076,11.299435028248588
E00141811,145,58,27,31,87,59,28,40,18.620689655172416,21.379310344827587,60,40.689655172413794,19.310344827586206
E00141812,151,58,18,40,93,68,25,38.41059602649007,11.920529801324504,26.490066225165563,61.58940397350994,45.033112582781456,16.55629139072848
E00141813,120,44,12,32,76,67,9,36.666666666666664,10,26.666666666666668,63.33333333333333,55.833333333333336,7.5
E00141814,213,85,34,51,128,105,23,39.906103286384976,15.96244131455399,23.943661971830984,60.093896713615024,49.29577464788733,10.7981220657277
E00141815,132,53,17,36,79,67,12,40.15151515151515,12.878787878787879,27.27272727272727,59.84848484848485,50.75757575757576,9.090909090909092
E00141816,90,35,6,29,55,41,14,38.88888888888889,6.666666666666667,32.22222222222222,61.111111111111114,45.55555555555556,15.555555555555555
E00141817,181,72,24,48,109,95,14,39.77900552486188,13.259668508287293,26.519337016574585,60.22099447513812,52.48618784530387,7.734806629834254
E00141818,113,40,14,26,73,62,11,35.39823008849557,12.389380530973451,23.008849557522122,64.60176991150442,54.86725663716814,9.734513274336283
E00141819,106,43,13,30,63,52,11,40.56603773584906,12.264150943396226,28.30188679245283,59.43396226415094,49.056603773584904,10.377358490566039
E00141821,109,40,13,27,69,56,13,36.69724770642202,11.926605504587156,24.770642201834864,63.30275229357798,51.37614678899083,11.926605504587156
E00141822,190,61,21,40,129,97,32,32.10526315789474,11.052631578947368,21.052631578947366,67.89473684210526,51.05263157894737,16.842105263157894
E00141823,43,12,5,7,31,26,5,27.906976744186046,11.627906976744185,16.27906976744186,72.09302325581395,60.46511627906976,11.627906976744185
E00141824,108,46,16,30,62,43,19,42.592592592592595,14.814814814814813,27.77777777777778,57.407407407407405,39.81481481481482,17.59259259259259
E00141825,130,50,25,25,80,56,24,38.46153846153847,19.230769230769234,19.230769230769234,61.53846153846154,43.07692307692308,18.461538461538463
E00141826,121,50,20,30,71,47,24,41.32231404958678,16.528925619834713,24.793388429752067,58.67768595041323,38.84297520661157,19.834710743801654
E00141827,121,38,15,23,83,60,23,31.40495867768595,12.396694214876034,19.00826446280992,68.59504132231406,49.586776859504134,19.00826446280992
E00141828,114,48,10,38,66,55,11,42.10526315789473,8.771929824561402,33.33333333333333,57.89473684210527,48.24561403508772,9.649122807017543
E00141829,118,38,12,26,80,65,15,32.20338983050847,10.16949152542373,22.033898305084744,67.79661016949152,55.08474576271186,12.711864406779661
E00141830,92,30,18,12,62,43,19,32.608695652173914,19.565217391304348,13.043478260869565,67.3913043478261,46.73913043478261,20.652173913043477
E00141831,82,26,6,20,56,45,11,31.70731707317073,7.317073170731707,24.390243902439025,68.29268292682927,54.87804878048781,13.414634146341465
E00141832,81,32,11,21,49,35,14,39.50617283950617,13.580246913580247,25.925925925925924,60.49382716049383,43.20987654320987,17.28395061728395
E00141833,62,28,7,21,34,25,9,45.16129032258064,11.29032258064516,33.87096774193548,54.83870967741935,40.32258064516129,14.516129032258066
E00141834,147,60,19,41,87,71,16,40.816326530612244,12.925170068027212,27.89115646258503,59.183673469387756,48.29931972789115,10.884353741496598
E00141835,101,29,14,15,72,40,32,28.71287128712871,13.861386138613863,14.85148514851485,71.28712871287128,39.603960396039604,31.683168316831683
E00141836,39,15,7,8,24,16,8,38.46153846153847,17.94871794871795,20.51282051282051,61.53846153846154,41.02564102564102,20.51282051282051
E00141837,111,37,16,21,74,47,27,33.33333333333333,14.414414414414415,18.91891891891892,66.66666666666666,42.34234234234234,24.324324324324326
E00141838,103,44,14,30,59,44,15,42.71844660194174,13.592233009708737,29.126213592233007,57.28155339805825,42.71844660194174,14.563106796116504
E00141839,96,36,12,24,60,32,28,37.5,12.5,25,62.5,33.33333333333333,29.166666666666668
E00141840,129,41,8,33,88,56,32,31.782945736434108,6.2015503875969,25.581395348837212,68.21705426356588,43.41085271317829,24.8062015503876
E00141841,126,47,21,26,79,69,10,37.301587301587304,16.666666666666664,20.634920634920633,62.698412698412696,54.761904761904766,7.936507936507936
E00141842,131,50,13,37,81,75,6,38.16793893129771,9.923664122137405,28.24427480916031,61.832061068702295,57.25190839694656,4.580152671755725
E00141843,88,33,9,24,55,52,3,37.5,10.227272727272728,27.27272727272727,62.5,59.09090909090909,3.4090909090909087
E00141844,97,41,14,27,56,50,6,42.2680412371134,14.432989690721648,27.835051546391753,57.73195876288659,51.546391752577314,6.185567010309279
E00141845,183,68,21,47,115,99,16,37.15846994535519,11.475409836065573,25.683060109289617,62.841530054644814,54.09836065573771,8.743169398907105
E00141846,131,48,10,38,83,75,8,36.6412213740458,7.633587786259542,29.00763358778626,63.358778625954194,57.25190839694656,6.106870229007633
E00141847,83,32,11,21,51,43,8,38.55421686746988,13.253012048192772,25.301204819277107,61.44578313253012,51.80722891566265,9.63855421686747
E00141848,53,22,5,17,31,24,7,41.509433962264154,9.433962264150944,32.075471698113205,58.490566037735846,45.28301886792453,13.20754716981132
E00141849,143,43,10,33,100,90,10,30.069930069930066,6.993006993006993,23.076923076923077,69.93006993006993,62.93706293706294,6.993006993006993
E00141850,130,51,14,37,79,68,11,39.23076923076923,10.76923076923077,28.46153846153846,60.76923076923077,52.307692307692314,8.461538461538462
E00141851,132,43,16,27,89,70,19,32.57575757575758,12.121212121212121,20.454545454545457,67.42424242424242,53.03030303030303,14.393939393939394
E00141852,131,44,15,29,87,75,12,33.587786259541986,11.450381679389313,22.137404580152673,66.41221374045801,57.25190839694656,9.16030534351145
E00141853,148,58,13,45,90,78,12,39.189189189189186,8.783783783783784,30.405405405405407,60.810810810810814,52.702702702702695,8.108108108108109
E00141854,149,47,15,32,102,86,16,31.543624161073826,10.06711409395973,21.476510067114095,68.45637583892618,57.71812080536913,10.738255033557047
E00141855,123,56,18,38,67,60,7,45.52845528455284,14.634146341463413,30.89430894308943,54.47154471544715,48.78048780487805,5.691056910569105
E00141856,122,35,9,26,87,74,13,28.688524590163933,7.377049180327869,21.311475409836063,71.31147540983606,60.65573770491803,10.655737704918032
E00141857,113,39,14,25,74,64,10,34.51327433628318,12.389380530973451,22.123893805309734,65.48672566371681,56.63716814159292,8.849557522123893
E00141858,115,35,6,29,80,71,9,30.434782608695656,5.217391304347826,25.217391304347824,69.56521739130434,61.73913043478261,7.82608695652174
E00141859,159,55,11,44,104,96,8,34.59119496855346,6.918238993710692,27.67295597484277,65.40880503144653,60.37735849056604,5.031446540880504
E00141860,131,47,16,31,84,80,4,35.87786259541985,12.213740458015266,23.66412213740458,64.12213740458014,61.06870229007634,3.0534351145038165
E00141861,130,36,13,23,94,82,12,27.692307692307693,10,17.692307692307693,72.3076923076923,63.07692307692307,9.230769230769232
E00141862,161,50,18,32,111,98,13,31.05590062111801,11.180124223602485,19.875776397515526,68.94409937888199,60.86956521739131,8.074534161490684
E00141863,138,53,18,35,85,75,10,38.405797101449274,13.043478260869565,25.36231884057971,61.59420289855072,54.347826086956516,7.246376811594203
E00141864,183,54,27,27,129,105,24,29.508196721311474,14.754098360655737,14.754098360655737,70.49180327868852,57.377049180327866,13.114754098360656
E00141865,161,59,18,41,102,95,7,36.64596273291926,11.180124223602485,25.465838509316768,63.35403726708074,59.006211180124225,4.3478260869565215
E00141866,175,63,30,33,112,90,22,36,17.142857142857142,18.857142857142858,64,51.42857142857142,12.571428571428573
E00141867,137,54,20,34,83,69,14,39.416058394160586,14.5985401459854,24.817518248175183,60.58394160583942,50.36496350364964,10.218978102189782
E00141868,108,42,8,34,66,56,10,38.88888888888889,7.4074074074074066,31.48148148148148,61.111111111111114,51.85185185185185,9.25925925925926
E00141869,89,29,13,16,60,45,15,32.58426966292135,14.606741573033707,17.97752808988764,67.41573033707866,50.56179775280899,16.853932584269664
E00141870,117,38,10,28,79,65,14,32.47863247863248,8.547008547008547,23.931623931623932,67.52136752136752,55.55555555555556,11.965811965811966
E00141871,81,24,7,17,57,43,14,29.629629629629626,8.641975308641975,20.98765432098765,70.37037037037037,53.086419753086425,17.28395061728395
E00141872,139,44,17,27,95,81,14,31.654676258992804,12.23021582733813,19.424460431654676,68.34532374100719,58.27338129496403,10.071942446043165
E00141873,65,24,6,18,41,36,5,36.92307692307693,9.230769230769232,27.692307692307693,63.07692307692307,55.38461538461539,7.6923076923076925
E00141874,106,35,13,22,71,59,12,33.0188679245283,12.264150943396226,20.754716981132077,66.98113207547169,55.660377358490564,11.320754716981133
E00141875,198,75,15,60,123,101,22,37.878787878787875,7.575757575757576,30.303030303030305,62.121212121212125,51.010101010101,11.11111111111111
E00141876,118,45,11,34,73,62,11,38.13559322033898,9.322033898305085,28.8135593220339,61.86440677966102,52.54237288135594,9.322033898305085
E00141877,113,32,15,17,81,68,13,28.31858407079646,13.274336283185843,15.04424778761062,71.68141592920354,60.17699115044248,11.504424778761061
E00141878,134,50,14,36,84,72,12,37.3134328358209,10.44776119402985,26.865671641791046,62.68656716417911,53.73134328358209,8.955223880597014
E00141879,134,54,14,40,80,70,10,40.298507462686565,10.44776119402985,29.850746268656714,59.70149253731343,52.23880597014925,7.462686567164178
E00141880,136,44,16,28,92,76,16,32.35294117647059,11.76470588235294,20.588235294117645,67.64705882352942,55.88235294117647,11.76470588235294
E00141881,89,30,6,24,59,53,6,33.70786516853933,6.741573033707865,26.96629213483146,66.29213483146067,59.55056179775281,6.741573033707865
E00141882,135,48,14,34,87,71,16,35.55555555555556,10.37037037037037,25.185185185185183,64.44444444444444,52.59259259259259,11.851851851851853
E00141883,114,37,7,30,77,63,14,32.45614035087719,6.140350877192982,26.31578947368421,67.54385964912281,55.26315789473685,12.280701754385964
E00141884,113,37,11,26,76,56,20,32.743362831858406,9.734513274336283,23.008849557522122,67.2566371681416,49.557522123893804,17.699115044247787
E00141885,102,39,16,23,63,49,14,38.23529411764706,15.686274509803921,22.54901960784314,61.76470588235294,48.03921568627451,13.725490196078432
E00141886,118,52,15,37,66,63,3,44.06779661016949,12.711864406779661,31.35593220338983,55.932203389830505,53.38983050847458,2.5423728813559325
E00141887,112,37,14,23,75,67,8,33.035714285714285,12.5,20.535714285714285,66.96428571428571,59.82142857142857,7.142857142857142
E00141888,95,28,7,21,67,58,9,29.47368421052631,7.368421052631578,22.105263157894736,70.52631578947368,61.05263157894737,9.473684210526317
E00141889,144,62,24,38,82,74,8,43.05555555555556,16.666666666666664,26.38888888888889,56.94444444444444,51.388888888888886,5.555555555555555
E00141890,137,52,11,41,85,76,9,37.95620437956204,8.02919708029197,29.927007299270077,62.04379562043796,55.47445255474452,6.569343065693431
E00141891,157,47,16,31,110,96,14,29.936305732484076,10.191082802547772,19.745222929936308,70.06369426751591,61.146496815286625,8.9171974522293
E00141892,143,50,21,29,93,83,10,34.96503496503497,14.685314685314685,20.27972027972028,65.03496503496503,58.04195804195804,6.993006993006993
E00141893,81,25,12,13,56,48,8,30.864197530864196,14.814814814814813,16.049382716049383,69.1358024691358,59.25925925925925,9.876543209876543
E00141894,71,23,6,17,48,41,7,32.3943661971831,8.450704225352112,23.943661971830984,67.6056338028169,57.74647887323944,9.859154929577464
E00141895,156,53,18,35,103,94,9,33.97435897435898,11.538461538461538,22.435897435897438,66.02564102564102,60.256410256410255,5.769230769230769
E00141896,107,37,13,24,70,64,6,34.57943925233645,12.149532710280374,22.429906542056074,65.42056074766354,59.813084112149525,5.607476635514018
E00141897,95,22,6,16,73,63,10,23.157894736842106,6.315789473684211,16.842105263157894,76.84210526315789,66.3157894736842,10.526315789473683
E00141898,109,32,5,27,77,69,8,29.357798165137616,4.587155963302752,24.770642201834864,70.64220183486239,63.30275229357798,7.339449541284404
E00141899,87,36,10,26,51,43,8,41.37931034482759,11.494252873563218,29.88505747126437,58.620689655172406,49.42528735632184,9.195402298850574
E00141900,117,36,12,24,81,70,11,30.76923076923077,10.256410256410255,20.51282051282051,69.23076923076923,59.82905982905983,9.401709401709402
E00141901,114,32,6,26,82,73,9,28.07017543859649,5.263157894736842,22.807017543859647,71.9298245614035,64.03508771929825,7.894736842105263
E00141902,88,26,17,9,62,55,7,29.545454545454547,19.318181818181817,10.227272727272728,70.45454545454545,62.5,7.954545454545454
E00141903,171,43,17,26,128,120,8,25.146198830409354,9.941520467836257,15.204678362573098,74.85380116959064,70.17543859649122,4.678362573099415
E00141904,95,33,8,25,62,53,9,34.73684210526316,8.421052631578947,26.31578947368421,65.26315789473685,55.78947368421052,9.473684210526317
E00141905,118,36,16,20,82,73,9,30.508474576271187,13.559322033898304,16.94915254237288,69.49152542372882,61.86440677966102,7.627118644067797
E00141906,68,31,16,15,37,33,4,45.588235294117645,23.52941176470588,22.058823529411764,54.41176470588235,48.529411764705884,5.88235294117647
E00141907,86,33,5,28,53,53,0,38.372093023255815,5.813953488372093,32.55813953488372,61.627906976744185,61.627906976744185,0
E00141908,129,35,9,26,94,76,18,27.131782945736433,6.976744186046512,20.155038759689923,72.86821705426357,58.91472868217055,13.953488372093023
E00141909,105,41,13,28,64,56,8,39.04761904761905,12.380952380952381,26.666666666666668,60.952380952380956,53.333333333333336,7.6190476190476195
E00141910,112,43,19,24,69,43,26,38.392857142857146,16.964285714285715,21.428571428571427,61.60714285714286,38.392857142857146,23.214285714285715
E00141911,129,53,26,27,76,50,26,41.08527131782946,20.155038759689923,20.930232558139537,58.91472868217055,38.759689922480625,20.155038759689923
E00141912,90,34,15,19,56,39,17,37.77777777777778,16.666666666666664,21.11111111111111,62.22222222222222,43.333333333333336,18.88888888888889
E00141913,108,48,20,28,60,51,9,44.44444444444444,18.51851851851852,25.925925925925924,55.55555555555556,47.22222222222222,8.333333333333332
E00141915,127,48,18,30,79,64,15,37.79527559055118,14.173228346456693,23.62204724409449,62.20472440944882,50.39370078740157,11.811023622047244
E00141916,96,36,17,19,60,54,6,37.5,17.708333333333336,19.791666666666664,62.5,56.25,6.25
E00141917,84,35,16,19,49,39,10,41.66666666666667,19.047619047619047,22.61904761904762,58.333333333333336,46.42857142857143,11.904761904761903
E00141918,95,33,8,25,62,54,8,34.73684210526316,8.421052631578947,26.31578947368421,65.26315789473685,56.84210526315789,8.421052631578947
E00141919,52,18,8,10,34,29,5,34.61538461538461,15.384615384615385,19.230769230769234,65.38461538461539,55.769230769230774,9.615384615384617
E00141920,85,33,13,20,52,40,12,38.82352941176471,15.294117647058824,23.52941176470588,61.1764705882353,47.05882352941176,14.117647058823529
E00141921,97,29,5,24,68,58,10,29.896907216494846,5.154639175257731,24.742268041237114,70.10309278350515,59.79381443298969,10.309278350515463
E00141922,83,28,6,22,55,41,14,33.734939759036145,7.228915662650602,26.506024096385545,66.26506024096386,49.39759036144578,16.867469879518072
E00141923,80,30,12,18,50,29,21,37.5,15,22.5,62.5,36.25,26.25
E00141924,141,60,29,31,81,50,31,42.5531914893617,20.56737588652482,21.98581560283688,57.446808510638306,35.46099290780142,21.98581560283688
E00141925,160,46,24,22,114,96,18,28.749999999999996,15,13.750000000000002,71.25,60,11.25
E00141926,99,44,16,28,55,46,9,44.44444444444444,16.161616161616163,28.28282828282828,55.55555555555556,46.464646464646464,9.090909090909092
E00141927,135,46,10,36,89,74,15,34.074074074074076,7.4074074074074066,26.666666666666668,65.92592592592592,54.81481481481482,11.11111111111111
E00141928,174,61,17,44,113,98,15,35.05747126436782,9.770114942528735,25.287356321839084,64.9425287356322,56.32183908045977,8.620689655172415
E00141929,125,43,10,33,82,70,12,34.4,8,26.400000000000002,65.60000000000001,56.00000000000001,9.6
E00141930,282,85,24,61,197,169,28,30.141843971631204,8.51063829787234,21.631205673758867,69.8581560283688,59.9290780141844,9.929078014184398
E00141931,85,24,11,13,61,50,11,28.235294117647058,12.941176470588237,15.294117647058824,71.76470588235294,58.82352941176471,12.941176470588237
E00141932,150,44,11,33,106,83,23,29.333333333333332,7.333333333333333,22,70.66666666666667,55.333333333333336,15.333333333333332
E00141933,132,36,8,28,96,79,17,27.27272727272727,6.0606060606060606,21.21212121212121,72.72727272727273,59.84848484848485,12.878787878787879
E00141934,145,51,15,36,94,77,17,35.172413793103445,10.344827586206897,24.82758620689655,64.82758620689654,53.103448275862064,11.724137931034482
E00141935,142,51,15,36,91,66,25,35.91549295774648,10.56338028169014,25.352112676056336,64.08450704225352,46.478873239436616,17.6056338028169
E00141936,102,37,9,28,65,62,3,36.27450980392157,8.823529411764707,27.450980392156865,63.725490196078425,60.78431372549019,2.941176470588235
E00141938,121,41,14,27,80,71,9,33.88429752066116,11.570247933884298,22.31404958677686,66.11570247933885,58.67768595041323,7.43801652892562
E00141939,182,79,29,50,103,93,10,43.40659340659341,15.934065934065933,27.472527472527474,56.59340659340659,51.098901098901095,5.4945054945054945
E00141940,134,52,17,35,82,72,10,38.80597014925373,12.686567164179104,26.119402985074625,61.19402985074627,53.73134328358209,7.462686567164178
E00141941,135,43,14,29,92,82,10,31.851851851851855,10.37037037037037,21.48148148148148,68.14814814814815,60.74074074074074,7.4074074074074066
E00141942,99,34,19,15,65,51,14,34.34343434343434,19.19191919191919,15.151515151515152,65.65656565656566,51.515151515151516,14.14141414141414
E00141943,141,45,15,30,96,83,13,31.914893617021278,10.638297872340425,21.27659574468085,68.08510638297872,58.86524822695035,9.219858156028367
E00141944,149,55,12,43,94,84,10,36.91275167785235,8.053691275167784,28.859060402684566,63.08724832214765,56.375838926174495,6.7114093959731544
E00141945,91,33,10,23,58,50,8,36.26373626373626,10.989010989010989,25.274725274725274,63.73626373626373,54.94505494505495,8.791208791208792
E00141946,88,32,11,21,56,44,12,36.36363636363637,12.5,23.863636363636363,63.63636363636363,50,13.636363636363635
E00141947,139,47,13,34,92,81,11,33.81294964028777,9.352517985611511,24.46043165467626,66.18705035971223,58.27338129496403,7.913669064748201
E00141948,130,44,14,30,86,72,14,33.84615384615385,10.76923076923077,23.076923076923077,66.15384615384615,55.38461538461539,10.76923076923077
E00141949,131,47,14,33,84,75,9,35.87786259541985,10.687022900763358,25.190839694656486,64.12213740458014,57.25190839694656,6.870229007633588
E00141950,87,33,12,21,54,42,12,37.93103448275862,13.793103448275861,24.137931034482758,62.06896551724138,48.275862068965516,13.793103448275861
E00141951,125,45,16,29,80,71,9,36,12.8,23.200000000000003,64,56.8,7.199999999999999
E00141952,143,51,17,34,92,82,10,35.66433566433567,11.888111888111888,23.776223776223777,64.33566433566433,57.34265734265735,6.993006993006993
E00141953,161,67,23,44,94,88,6,41.61490683229814,14.285714285714285,27.32919254658385,58.38509316770186,54.6583850931677,3.7267080745341614
E00141954,105,38,13,25,67,51,16,36.19047619047619,12.380952380952381,23.809523809523807,63.8095238095238,48.57142857142857,15.238095238095239
E00141955,226,93,17,76,133,108,25,41.150442477876105,7.52212389380531,33.6283185840708,58.849557522123895,47.78761061946903,11.061946902654867
E00141956,152,76,19,57,76,60,16,50,12.5,37.5,50,39.473684210526315,10.526315789473683
E00141957,270,102,31,71,168,132,36,37.77777777777778,11.481481481481481,26.296296296296294,62.22222222222222,48.888888888888886,13.333333333333334
E00141958,115,46,9,37,69,55,14,40,7.82608695652174,32.17391304347826,60,47.82608695652174,12.173913043478262
E00141959,104,42,12,30,62,53,9,40.38461538461539,11.538461538461538,28.846153846153843,59.61538461538461,50.96153846153846,8.653846153846153
E00141960,141,73,25,48,68,56,12,51.77304964539007,17.73049645390071,34.04255319148936,48.226950354609926,39.71631205673759,8.51063829787234
E00141961,111,43,8,35,68,59,9,38.73873873873874,7.207207207207207,31.53153153153153,61.261261261261254,53.153153153153156,8.108108108108109
E00141962,144,57,16,41,87,67,20,39.58333333333333,11.11111111111111,28.47222222222222,60.416666666666664,46.52777777777778,13.88888888888889
E00141963,148,58,21,37,90,79,11,39.189189189189186,14.18918918918919,25,60.810810810810814,53.37837837837838,7.4324324324324325
E00141964,122,43,10,33,79,66,13,35.24590163934426,8.19672131147541,27.049180327868854,64.75409836065575,54.09836065573771,10.655737704918032
E00141965,44,18,9,9,26,23,3,40.909090909090914,20.454545454545457,20.454545454545457,59.09090909090909,52.27272727272727,6.8181818181818175
E00141966,76,39,11,28,37,28,9,51.31578947368421,14.473684210526317,36.84210526315789,48.68421052631579,36.84210526315789,11.842105263157894
E00141967,115,47,18,29,68,55,13,40.869565217391305,15.65217391304348,25.217391304347824,59.130434782608695,47.82608695652174,11.304347826086957
E00141968,90,30,14,16,60,33,27,33.33333333333333,15.555555555555555,17.77777777777778,66.66666666666666,36.666666666666664,30
E00141969,84,40,13,27,44,30,14,47.61904761904761,15.476190476190476,32.142857142857146,52.38095238095239,35.714285714285715,16.666666666666664
E00141970,75,30,8,22,45,35,10,40,10.666666666666668,29.333333333333332,60,46.666666666666664,13.333333333333334
E00141971,180,56,20,36,124,101,23,31.11111111111111,11.11111111111111,20,68.88888888888889,56.111111111111114,12.777777777777777
E00141972,121,45,14,31,76,65,11,37.1900826446281,11.570247933884298,25.6198347107438,62.8099173553719,53.71900826446281,9.090909090909092
E00141973,78,23,14,9,55,44,11,29.48717948717949,17.94871794871795,11.538461538461538,70.51282051282051,56.41025641025641,14.102564102564102
E00141974,51,27,11,16,24,23,1,52.94117647058824,21.568627450980394,31.372549019607842,47.05882352941176,45.09803921568628,1.9607843137254901
E00141975,104,42,17,25,62,35,27,40.38461538461539,16.346153846153847,24.03846153846154,59.61538461538461,33.65384615384615,25.961538461538463
E00141976,122,55,20,35,67,59,8,45.08196721311475,16.39344262295082,28.688524590163933,54.91803278688525,48.36065573770492,6.557377049180328
E00141977,105,33,11,22,72,52,20,31.428571428571427,10.476190476190476,20.952380952380953,68.57142857142857,49.523809523809526,19.047619047619047
E00141978,130,50,18,32,80,70,10,38.46153846153847,13.846153846153847,24.615384615384617,61.53846153846154,53.84615384615385,7.6923076923076925
E00141979,91,36,11,25,55,47,8,39.56043956043956,12.087912087912088,27.472527472527474,60.43956043956044,51.64835164835166,8.791208791208792
E00141980,149,41,13,28,108,87,21,27.516778523489933,8.724832214765101,18.79194630872483,72.48322147651007,58.38926174496645,14.093959731543624
E00141981,100,30,7,23,70,57,13,30,7.000000000000001,23,70,56.99999999999999,13
E00141982,72,25,10,15,47,37,10,34.72222222222222,13.88888888888889,20.833333333333336,65.27777777777779,51.388888888888886,13.88888888888889
E00141983,121,48,19,29,73,60,13,39.66942148760331,15.702479338842975,23.96694214876033,60.33057851239669,49.586776859504134,10.743801652892563
E00141984,103,28,15,13,75,56,19,27.184466019417474,14.563106796116504,12.62135922330097,72.81553398058253,54.36893203883495,18.446601941747574
E00141985,200,72,24,48,128,106,22,36,12,24,64,53,11
E00141986,166,64,21,43,102,81,21,38.55421686746988,12.650602409638553,25.903614457831324,61.44578313253012,48.795180722891565,12.650602409638553
E00141987,104,39,15,24,65,57,8,37.5,14.423076923076922,23.076923076923077,62.5,54.807692307692314,7.6923076923076925
E00141988,85,30,11,19,55,42,13,35.294117647058826,12.941176470588237,22.35294117647059,64.70588235294117,49.411764705882355,15.294117647058824
E00141989,56,23,9,14,33,24,9,41.07142857142857,16.071428571428573,25,58.92857142857143,42.857142857142854,16.071428571428573
E00141990,67,26,10,16,41,35,6,38.80597014925373,14.925373134328357,23.88059701492537,61.19402985074627,52.23880597014925,8.955223880597014
E00141991,45,14,3,11,31,24,7,31.11111111111111,6.666666666666667,24.444444444444443,68.88888888888889,53.333333333333336,15.555555555555555
E00141992,90,28,17,11,62,37,25,31.11111111111111,18.88888888888889,12.222222222222221,68.88888888888889,41.11111111111111,27.77777777777778
E00141993,103,35,17,18,68,47,21,33.980582524271846,16.50485436893204,17.475728155339805,66.01941747572816,45.63106796116505,20.388349514563107
E00141994,84,34,9,25,50,42,8,40.476190476190474,10.714285714285714,29.761904761904763,59.523809523809526,50,9.523809523809524
E00141995,57,22,8,14,35,25,10,38.59649122807017,14.035087719298245,24.561403508771928,61.40350877192983,43.859649122807014,17.543859649122805
E00141996,96,47,17,30,49,38,11,48.95833333333333,17.708333333333336,31.25,51.041666666666664,39.58333333333333,11.458333333333332
E00141997,83,40,21,19,43,35,8,48.19277108433735,25.301204819277107,22.89156626506024,51.80722891566265,42.168674698795186,9.63855421686747
E00141998,61,24,9,15,37,23,14,39.34426229508197,14.754098360655737,24.59016393442623,60.65573770491803,37.704918032786885,22.950819672131146
E00141999,159,53,18,35,106,95,11,33.33333333333333,11.320754716981133,22.0125786163522,66.66666666666666,59.74842767295597,6.918238993710692
E00142000,117,58,14,44,59,51,8,49.572649572649574,11.965811965811966,37.60683760683761,50.427350427350426,43.58974358974359,6.837606837606838
E00142001,104,39,12,27,65,57,8,37.5,11.538461538461538,25.961538461538463,62.5,54.807692307692314,7.6923076923076925
E00142002,105,45,15,30,60,55,5,42.857142857142854,14.285714285714285,28.57142857142857,57.14285714285714,52.38095238095239,4.761904761904762
E00142003,86,31,8,23,55,48,7,36.04651162790697,9.30232558139535,26.744186046511626,63.95348837209303,55.81395348837209,8.13953488372093
E00142004,70,31,8,23,39,32,7,44.285714285714285,11.428571428571429,32.857142857142854,55.714285714285715,45.714285714285715,10
E00142005,134,57,19,38,77,68,9,42.53731343283582,14.17910447761194,28.35820895522388,57.46268656716418,50.74626865671642,6.7164179104477615
E00142006,104,34,9,25,70,64,6,32.69230769230769,8.653846153846153,24.03846153846154,67.3076923076923,61.53846153846154,5.769230769230769
E00142007,128,34,9,25,94,89,5,26.5625,7.03125,19.53125,73.4375,69.53125,3.90625
E00142008,102,28,6,22,74,56,18,27.450980392156865,5.88235294117647,21.568627450980394,72.54901960784314,54.90196078431373,17.647058823529413
E00142009,98,46,18,28,52,48,4,46.93877551020408,18.367346938775512,28.57142857142857,53.06122448979592,48.97959183673469,4.081632653061225
E00142010,138,55,13,42,83,78,5,39.85507246376812,9.420289855072465,30.434782608695656,60.14492753623188,56.52173913043478,3.6231884057971016
E00142011,122,41,5,36,81,68,13,33.60655737704918,4.098360655737705,29.508196721311474,66.39344262295081,55.73770491803278,10.655737704918032
E00142012,89,39,8,31,50,44,6,43.82022471910113,8.98876404494382,34.831460674157306,56.17977528089888,49.43820224719101,6.741573033707865
E00142013,118,46,24,22,72,61,11,38.983050847457626,20.33898305084746,18.64406779661017,61.016949152542374,51.69491525423729,9.322033898305085
E00171029,125,64,27,37,61,57,4,51.2,21.6,29.599999999999998,48.8,45.6,3.2
E00171030,54,23,10,13,31,28,3,42.592592592592595,18.51851851851852,24.074074074074073,57.407407407407405,51.85185185185185,5.555555555555555
E00171031,198,53,12,41,145,128,17,26.767676767676768,6.0606060606060606,20.707070707070706,73.23232323232324,64.64646464646465,8.585858585858585
E00171032,102,35,9,26,67,57,10,34.31372549019608,8.823529411764707,25.49019607843137,65.68627450980392,55.88235294117647,9.803921568627452
E00171033,144,44,22,22,100,64,36,30.555555555555557,15.277777777777779,15.277777777777779,69.44444444444444,44.44444444444444,25
E00171034,106,28,7,21,78,51,27,26.41509433962264,6.60377358490566,19.81132075471698,73.58490566037736,48.113207547169814,25.471698113207548
E00171035,166,43,15,28,123,115,8,25.903614457831324,9.036144578313253,16.867469879518072,74.09638554216868,69.27710843373494,4.819277108433735
E00171036,52,19,3,16,33,30,3,36.53846153846153,5.769230769230769,30.76923076923077,63.46153846153846,57.692307692307686,5.769230769230769
E00189806,145,55,22,33,90,67,23,37.93103448275862,15.172413793103448,22.758620689655174,62.06896551724138,46.206896551724135,15.862068965517242
E00189809,192,55,15,40,137,121,16,28.645833333333332,7.8125,20.833333333333336,71.35416666666666,63.020833333333336,8.333333333333332
E00189811,50,14,4,10,36,30,6,28.000000000000004,8,20,72,60,12
E00189820,236,71,19,52,165,150,15,30.08474576271186,8.050847457627118,22.033898305084744,69.91525423728814,63.559322033898304,6.3559322033898304
E00189827,207,86,21,65,121,99,22,41.54589371980676,10.144927536231885,31.40096618357488,58.454106280193244,47.82608695652174,10.628019323671497
E00189838,83,32,8,24,51,46,5,38.55421686746988,9.63855421686747,28.915662650602407,61.44578313253012,55.42168674698795,6.024096385542169
E00189842,103,37,15,22,66,47,19,35.92233009708738,14.563106796116504,21.35922330097087,64.07766990291263,45.63106796116505,18.446601941747574
E00189846,81,29,8,21,52,47,5,35.80246913580247,9.876543209876543,25.925925925925924,64.19753086419753,58.0246913580247,6.172839506172839
E00189858,94,37,14,23,57,53,4,39.361702127659576,14.893617021276595,24.46808510638298,60.63829787234043,56.38297872340425,4.25531914893617
E00189863,211,75,22,53,136,112,24,35.54502369668246,10.42654028436019,25.118483412322274,64.45497630331754,53.08056872037915,11.374407582938389
E00189882,195,77,26,51,118,97,21,39.48717948717949,13.333333333333334,26.153846153846157,60.51282051282051,49.743589743589745,10.76923076923077
E00189883,127,34,8,26,93,77,16,26.77165354330709,6.299212598425196,20.47244094488189,73.22834645669292,60.629921259842526,12.598425196850393
E00189893,129,42,18,24,87,79,8,32.55813953488372,13.953488372093023,18.6046511627907,67.44186046511628,61.240310077519375,6.2015503875969
E00189895,226,68,13,55,158,147,11,30.08849557522124,5.752212389380531,24.336283185840706,69.91150442477876,65.04424778761062,4.867256637168142
E00189900,206,51,10,41,155,143,12,24.75728155339806,4.854368932038835,19.902912621359224,75.24271844660194,69.41747572815534,5.825242718446602
E00189910,101,38,13,25,63,47,16,37.62376237623762,12.871287128712872,24.752475247524753,62.37623762376238,46.53465346534654,15.841584158415841
E00189911,57,22,5,17,35,28,7,38.59649122807017,8.771929824561402,29.82456140350877,61.40350877192983,49.122807017543856,12.280701754385964
