OA,ts0380001,ts0380002,ts0380003,ts0380004,ts0380005,ts0380006,ts0380007,ts0380002_PCT,ts0380003_PCT,ts0380004_PCT,ts0380005_PCT,ts0380006_PCT,ts0380007_PCT
E00141633,224,72,42,30,152,13,139,32.142857142857146,18.75,13.392857142857142,67.85714285714286,5.803571428571429,62.05357142857143
E00141634,261,69,37,32,192,13,179,26.436781609195403,14.17624521072797,12.260536398467432,73.5632183908046,4.980842911877394,68.5823754789272
E00141635,312,66,28,38,246,12,234,21.153846153846153,8.974358974358974,12.179487179487179,78.84615384615384,3.8461538461538463,75
E00141636,228,82,45,37,146,12,134,35.96491228070175,19.736842105263158,16.228070175438596,64.03508771929825,5.263157894736842,58.77192982456141
E00141637,226,79,34,45,147,10,137,34.95575221238938,15.04424778761062,19.911504424778762,65.04424778761062,4.424778761061947,60.61946902654868
E00141638,343,113,46,67,230,28,202,32.94460641399417,13.411078717201166,19.533527696793,67.05539358600583,8.16326530612245,58.89212827988338
E00141639,310,86,31,55,224,17,207,27.741935483870968,10,17.741935483870968,72.25806451612902,5.483870967741936,66.77419354838709
E00141640,259,78,36,42,181,21,160,30.115830115830118,13.8996138996139,16.216216216216218,69.88416988416989,8.108108108108109,61.77606177606177
E00141641,265,76,45,31,189,19,170,28.67924528301887,16.9811320754717,11.69811320754717,71.32075471698113,7.169811320754717,64.15094339622641
E00141642,208,45,18,27,163,16,147,21.634615384615387,8.653846153846153,12.980769230769232,78.36538461538461,7.6923076923076925,70.67307692307693
E00141643,205,53,20,33,152,14,138,25.853658536585368,9.75609756097561,16.097560975609756,74.14634146341463,6.829268292682928,67.31707317073172
E00141644,332,71,27,44,261,20,241,21.385542168674696,8.132530120481928,13.253012048192772,78.6144578313253,6.024096385542169,72.59036144578313
E00141645,198,50,20,30,148,11,137,25.252525252525253,10.1010101010101,15.151515151515152,74.74747474747475,5.555555555555555,69.1919191919192
E00141646,186,46,21,25,140,15,125,24.731182795698924,11.29032258064516,13.440860215053762,75.26881720430107,8.064516129032258,67.20430107526882
E00141647,205,53,20,33,152,22,130,25.853658536585368,9.75609756097561,16.097560975609756,74.14634146341463,10.731707317073171,63.41463414634146
E00141648,201,57,27,30,144,19,125,28.35820895522388,13.432835820895523,14.925373134328357,71.64179104477611,9.45273631840796,62.189054726368155
E00141649,251,67,31,36,184,15,169,26.693227091633464,12.350597609561753,14.342629482071715,73.30677290836654,5.9760956175298805,67.33067729083665
E00141650,195,54,23,31,141,10,131,27.692307692307693,11.794871794871794,15.897435897435896,72.3076923076923,5.128205128205128,67.17948717948717
E00141651,547,101,40,61,446,35,411,18.46435100548446,7.312614259597806,11.151736745886655,81.53564899451554,6.39853747714808,75.13711151736746
E00141652,249,61,25,36,188,25,163,24.497991967871485,10.040160642570282,14.457831325301203,75.50200803212851,10.040160642570282,65.46184738955823
E00141653,266,86,42,44,180,12,168,32.33082706766917,15.789473684210526,16.541353383458645,67.66917293233082,4.511278195488721,63.1578947368421
E00141654,260,38,13,25,222,21,201,14.615384615384617,5,9.615384615384617,85.38461538461539,8.076923076923077,77.3076923076923
E00141655,284,58,20,38,226,31,195,20.422535211267608,7.042253521126761,13.380281690140844,79.5774647887324,10.915492957746478,68.66197183098592
E00141656,406,80,28,52,326,28,298,19.704433497536947,6.896551724137931,12.807881773399016,80.29556650246306,6.896551724137931,73.39901477832512
E00141657,284,59,18,41,225,22,203,20.774647887323944,6.338028169014084,14.43661971830986,79.22535211267606,7.746478873239436,71.47887323943662
E00141658,253,57,22,35,196,19,177,22.529644268774703,8.695652173913043,13.83399209486166,77.4703557312253,7.5098814229249005,69.96047430830039
E00141659,419,75,27,48,344,41,303,17.899761336515514,6.443914081145586,11.455847255369928,82.10023866348448,9.785202863961814,72.31503579952268
E00141660,178,42,22,20,136,10,126,23.595505617977526,12.359550561797752,11.235955056179774,76.40449438202246,5.617977528089887,70.78651685393258
E00141661,325,78,35,43,247,26,221,24,10.76923076923077,13.230769230769232,76,8,68
E00141662,259,62,26,36,197,19,178,23.93822393822394,10.038610038610038,13.8996138996139,76.06177606177607,7.335907335907336,68.72586872586872
E00141663,172,34,16,18,138,10,128,19.767441860465116,9.30232558139535,10.465116279069768,80.23255813953489,5.813953488372093,74.4186046511628
E00141664,254,50,20,30,204,19,185,19.68503937007874,7.874015748031496,11.811023622047244,80.31496062992126,7.480314960629922,72.83464566929135
E00141665,211,53,20,33,158,15,143,25.118483412322274,9.47867298578199,15.639810426540285,74.88151658767772,7.109004739336493,67.77251184834124
E00141666,299,51,24,27,248,16,232,17.05685618729097,8.02675585284281,9.03010033444816,82.94314381270902,5.351170568561873,77.59197324414716
E00141667,221,40,22,18,181,15,166,18.099547511312217,9.95475113122172,8.144796380090497,81.90045248868778,6.787330316742081,75.1131221719457
E00141668,360,64,25,39,296,26,270,17.77777777777778,6.944444444444445,10.833333333333334,82.22222222222221,7.222222222222221,75
E00141669,299,57,27,30,242,21,221,19.063545150501675,9.03010033444816,10.033444816053512,80.93645484949833,7.023411371237458,73.91304347826086
E00141670,279,47,16,31,232,20,212,16.845878136200717,5.734767025089606,11.11111111111111,83.15412186379928,7.168458781362006,75.98566308243727
E00141671,365,80,30,50,285,27,258,21.91780821917808,8.21917808219178,13.698630136986301,78.08219178082192,7.397260273972603,70.68493150684931
E00141672,257,53,24,29,204,16,188,20.622568093385212,9.33852140077821,11.284046692607005,79.37743190661479,6.22568093385214,73.15175097276264
E00141673,315,104,64,40,211,11,200,33.01587301587301,20.317460317460316,12.698412698412698,66.98412698412697,3.492063492063492,63.49206349206349
E00141674,215,44,13,31,171,16,155,20.46511627906977,6.046511627906977,14.418604651162791,79.53488372093022,7.441860465116279,72.09302325581395
E00141675,352,60,18,42,292,30,262,17.045454545454543,5.113636363636364,11.931818181818182,82.95454545454545,8.522727272727272,74.43181818181817
E00141676,292,47,16,31,245,22,223,16.095890410958905,5.47945205479452,10.616438356164384,83.9041095890411,7.534246575342466,76.36986301369863
E00141677,305,57,19,38,248,18,230,18.688524590163937,6.229508196721312,12.459016393442624,81.31147540983606,5.901639344262295,75.40983606557377
E00141678,308,53,22,31,255,17,238,17.20779220779221,7.142857142857142,10.064935064935066,82.79220779220779,5.51948051948052,77.27272727272727
E00141679,253,47,14,33,206,22,184,18.57707509881423,5.533596837944664,13.043478260869565,81.42292490118577,8.695652173913043,72.72727272727273
E00141680,334,64,21,43,270,29,241,19.16167664670659,6.287425149700598,12.874251497005988,80.83832335329342,8.682634730538922,72.15568862275448
E00141681,338,64,29,35,274,18,256,18.93491124260355,8.579881656804734,10.355029585798817,81.06508875739645,5.325443786982249,75.7396449704142
E00141682,126,20,8,12,106,15,91,15.873015873015872,6.349206349206349,9.523809523809524,84.12698412698413,11.904761904761903,72.22222222222221
E00141683,292,62,24,38,230,21,209,21.232876712328768,8.21917808219178,13.013698630136986,78.76712328767124,7.191780821917808,71.57534246575342
E00141684,424,135,66,69,289,22,267,31.839622641509436,15.566037735849056,16.27358490566038,68.16037735849056,5.188679245283019,62.97169811320755
E00141685,284,53,23,30,231,38,193,18.661971830985916,8.098591549295776,10.56338028169014,81.33802816901408,13.380281690140844,67.95774647887323
E00141686,252,49,23,26,203,14,189,19.444444444444446,9.126984126984127,10.317460317460316,80.55555555555556,5.555555555555555,75
E00141687,362,50,19,31,312,25,287,13.812154696132598,5.248618784530387,8.56353591160221,86.1878453038674,6.906077348066299,79.28176795580112
E00141688,150,36,12,24,114,12,102,24,8,16,76,8,68
E00141689,339,60,29,31,279,36,243,17.699115044247787,8.55457227138643,9.144542772861357,82.30088495575221,10.619469026548673,71.68141592920354
E00141691,359,88,28,60,271,29,242,24.512534818941504,7.7994428969359335,16.71309192200557,75.4874651810585,8.07799442896936,67.40947075208913
E00141692,282,44,18,26,238,34,204,15.602836879432624,6.382978723404255,9.219858156028367,84.39716312056737,12.056737588652481,72.3404255319149
E00141693,275,61,21,40,214,19,195,22.181818181818183,7.636363636363637,14.545454545454545,77.81818181818181,6.909090909090909,70.9090909090909
E00141694,292,90,48,42,202,21,181,30.82191780821918,16.43835616438356,14.383561643835616,69.17808219178082,7.191780821917808,61.986301369863014
E00141695,319,64,28,36,255,33,222,20.06269592476489,8.77742946708464,11.285266457680251,79.9373040752351,10.344827586206897,69.59247648902821
E00141696,252,61,21,40,191,17,174,24.206349206349206,8.333333333333332,15.873015873015872,75.79365079365078,6.746031746031746,69.04761904761905
E00141697,315,81,40,41,234,20,214,25.71428571428571,12.698412698412698,13.015873015873018,74.28571428571429,6.349206349206349,67.93650793650794
E00141698,253,29,8,21,224,20,204,11.462450592885375,3.1620553359683794,8.300395256916996,88.53754940711462,7.905138339920949,80.63241106719367
E00141699,287,46,15,31,241,30,211,16.02787456445993,5.2264808362369335,10.801393728222997,83.97212543554006,10.452961672473867,73.5191637630662
E00141700,217,49,21,28,168,17,151,22.58064516129032,9.67741935483871,12.903225806451612,77.41935483870968,7.834101382488479,69.5852534562212
E00141702,423,79,41,38,344,36,308,18.67612293144208,9.692671394799055,8.983451536643026,81.32387706855792,8.51063829787234,72.81323877068559
E00141703,284,46,19,27,238,29,209,16.19718309859155,6.690140845070422,9.507042253521126,83.80281690140845,10.211267605633804,73.59154929577466
E00141704,317,70,18,52,247,12,235,22.082018927444793,5.678233438485805,16.40378548895899,77.91798107255521,3.7854889589905363,74.13249211356468
E00141708,385,82,32,50,303,25,278,21.298701298701296,8.311688311688311,12.987012987012985,78.70129870129871,6.493506493506493,72.20779220779221
E00141710,322,80,37,43,242,25,217,24.84472049689441,11.490683229813664,13.354037267080745,75.15527950310559,7.763975155279502,67.3913043478261
E00141711,306,74,23,51,232,18,214,24.183006535947712,7.516339869281046,16.666666666666664,75.81699346405229,5.88235294117647,69.93464052287581
E00141712,368,82,30,52,286,19,267,22.282608695652172,8.152173913043478,14.130434782608695,77.71739130434783,5.163043478260869,72.55434782608695
E00141713,238,42,22,20,196,19,177,17.647058823529413,9.243697478991598,8.403361344537815,82.35294117647058,7.9831932773109235,74.36974789915966
E00141716,188,54,27,27,134,11,123,28.723404255319153,14.361702127659576,14.361702127659576,71.27659574468085,5.851063829787234,65.42553191489363
E00141717,331,67,40,27,264,18,246,20.241691842900302,12.084592145015106,8.157099697885197,79.7583081570997,5.438066465256798,74.32024169184291
E00141719,264,75,40,35,189,14,175,28.40909090909091,15.151515151515152,13.257575757575758,71.5909090909091,5.303030303030303,66.28787878787878
E00141720,243,79,51,28,164,15,149,32.510288065843625,20.98765432098765,11.522633744855968,67.48971193415639,6.172839506172839,61.31687242798354
E00141721,257,62,26,36,195,21,174,24.124513618677042,10.116731517509727,14.007782101167315,75.87548638132296,8.171206225680933,67.70428015564202
E00141723,289,71,34,37,218,17,201,24.567474048442904,11.76470588235294,12.802768166089965,75.4325259515571,5.88235294117647,69.55017301038062
E00141724,341,80,34,46,261,21,240,23.46041055718475,9.970674486803519,13.48973607038123,76.53958944281524,6.158357771260997,70.38123167155426
E00141725,431,94,40,54,337,17,320,21.809744779582367,9.280742459396752,12.529002320185615,78.19025522041764,3.944315545243619,74.24593967517401
E00141726,233,27,8,19,206,19,187,11.587982832618025,3.4334763948497855,8.15450643776824,88.41201716738198,8.15450643776824,80.25751072961373
E00141727,230,34,8,26,196,15,181,14.782608695652174,3.4782608695652173,11.304347826086957,85.21739130434783,6.521739130434782,78.69565217391305
E00141728,302,69,25,44,233,29,204,22.8476821192053,8.27814569536424,14.56953642384106,77.15231788079471,9.602649006622517,67.54966887417218
E00141729,278,68,35,33,210,20,190,24.46043165467626,12.589928057553957,11.870503597122301,75.53956834532374,7.1942446043165464,68.34532374100719
E00141730,261,39,15,24,222,20,202,14.942528735632186,5.747126436781609,9.195402298850574,85.0574712643678,7.662835249042145,77.39463601532567
E00141731,324,47,17,30,277,11,266,14.506172839506174,5.246913580246913,9.25925925925926,85.49382716049382,3.3950617283950617,82.09876543209876
E00141732,300,65,28,37,235,22,213,21.666666666666668,9.333333333333334,12.333333333333334,78.33333333333333,7.333333333333333,71
E00141733,279,49,18,31,230,22,208,17.562724014336915,6.451612903225806,11.11111111111111,82.43727598566308,7.885304659498208,74.55197132616487
E00141734,249,64,22,42,185,25,160,25.702811244979916,8.835341365461847,16.867469879518072,74.29718875502009,10.040160642570282,64.2570281124498
E00141735,258,84,50,34,174,9,165,32.55813953488372,19.379844961240313,13.178294573643413,67.44186046511628,3.488372093023256,63.95348837209303
E00141736,340,49,13,36,291,21,270,14.411764705882351,3.823529411764706,10.588235294117647,85.58823529411764,6.176470588235294,79.41176470588235
E00141737,289,55,15,40,234,22,212,19.031141868512112,5.190311418685121,13.84083044982699,80.96885813148789,7.612456747404845,73.35640138408304
E00141738,156,24,8,16,132,12,120,15.384615384615385,5.128205128205128,10.256410256410255,84.61538461538461,7.6923076923076925,76.92307692307693
E00141739,227,43,12,31,184,21,163,18.94273127753304,5.286343612334802,13.656387665198238,81.05726872246696,9.251101321585903,71.80616740088107
E00141740,293,47,21,26,246,32,214,16.040955631399317,7.167235494880546,8.873720136518772,83.95904436860067,10.921501706484642,73.03754266211604
E00141741,190,41,14,27,149,10,139,21.578947368421055,7.368421052631578,14.210526315789473,78.42105263157895,5.263157894736842,73.15789473684211
E00141742,302,99,55,44,203,20,183,32.78145695364238,18.211920529801322,14.56953642384106,67.21854304635761,6.622516556291391,60.59602649006622
E00141744,282,69,25,44,213,17,196,24.46808510638298,8.865248226950355,15.602836879432624,75.53191489361703,6.028368794326241,69.50354609929079
E00141745,333,98,53,45,235,25,210,29.429429429429426,15.915915915915916,13.513513513513514,70.57057057057057,7.5075075075075075,63.06306306306306
E00141746,323,58,22,36,265,24,241,17.956656346749224,6.811145510835913,11.145510835913312,82.04334365325077,7.430340557275541,74.61300309597523
E00141747,338,78,41,37,260,26,234,23.076923076923077,12.1301775147929,10.946745562130179,76.92307692307693,7.6923076923076925,69.23076923076923
E00141748,433,97,47,50,336,24,312,22.401847575057737,10.854503464203233,11.547344110854503,77.59815242494227,5.542725173210162,72.05542725173211
E00141749,280,117,68,49,163,12,151,41.785714285714285,24.285714285714285,17.5,58.214285714285715,4.285714285714286,53.92857142857142
E00141750,297,55,15,40,242,32,210,18.51851851851852,5.05050505050505,13.468013468013467,81.48148148148148,10.774410774410773,70.70707070707071
E00141751,300,55,22,33,245,25,220,18.333333333333332,7.333333333333333,11,81.66666666666667,8.333333333333332,73.33333333333333
E00141752,278,49,11,38,229,26,203,17.62589928057554,3.9568345323741005,13.66906474820144,82.37410071942446,9.352517985611511,73.02158273381295
E00141753,309,105,50,55,204,30,174,33.980582524271846,16.181229773462782,17.79935275080906,66.01941747572816,9.70873786407767,56.310679611650485
E00141754,261,74,32,42,187,16,171,28.35249042145594,12.260536398467432,16.091954022988507,71.64750957854406,6.130268199233716,65.51724137931035
E00141755,276,58,26,32,218,20,198,21.014492753623188,9.420289855072465,11.594202898550725,78.98550724637681,7.246376811594203,71.73913043478261
E00141756,271,62,25,37,209,19,190,22.878228782287824,9.22509225092251,13.653136531365314,77.12177121771218,7.011070110701106,70.11070110701108
E00141757,213,57,28,29,156,20,136,26.76056338028169,13.145539906103288,13.615023474178404,73.23943661971832,9.389671361502346,63.84976525821596
E00141758,257,72,31,41,185,19,166,28.01556420233463,12.062256809338521,15.953307392996107,71.98443579766537,7.392996108949417,64.59143968871595
E00141759,281,73,36,37,208,24,184,25.97864768683274,12.811387900355871,13.167259786476867,74.02135231316726,8.540925266903916,65.48042704626334
E00141760,228,63,33,30,165,17,148,27.631578947368425,14.473684210526317,13.157894736842104,72.36842105263158,7.456140350877193,64.91228070175438
E00141761,386,83,36,47,303,31,272,21.502590673575128,9.32642487046632,12.176165803108809,78.49740932642487,8.031088082901555,70.46632124352331
E00141762,214,57,24,33,157,11,146,26.635514018691588,11.214953271028037,15.42056074766355,73.36448598130842,5.14018691588785,68.22429906542055
E00141763,269,75,37,38,194,17,177,27.881040892193308,13.754646840148698,14.12639405204461,72.11895910780669,6.319702602230483,65.79925650557621
E00141764,236,83,37,46,153,23,130,35.16949152542373,15.677966101694915,19.491525423728813,64.83050847457628,9.745762711864407,55.08474576271186
E00141765,260,76,30,46,184,24,160,29.230769230769234,11.538461538461538,17.692307692307693,70.76923076923077,9.230769230769232,61.53846153846154
E00141766,190,41,18,23,149,21,128,21.578947368421055,9.473684210526317,12.105263157894736,78.42105263157895,11.052631578947368,67.36842105263158
E00141768,227,90,52,38,137,10,127,39.647577092511014,22.90748898678414,16.740088105726873,60.352422907488986,4.405286343612335,55.947136563876654
E00141769,302,71,36,35,231,24,207,23.509933774834437,11.920529801324504,11.589403973509933,76.49006622516556,7.9470198675496695,68.54304635761589
E00141770,222,67,26,41,155,21,134,30.180180180180184,11.711711711711711,18.46846846846847,69.81981981981981,9.45945945945946,60.36036036036037
E00141771,258,65,26,39,193,27,166,25.1937984496124,10.077519379844961,15.11627906976744,74.8062015503876,10.465116279069768,64.34108527131784
E00141772,184,42,8,34,142,15,127,22.82608695652174,4.3478260869565215,18.478260869565215,77.17391304347827,8.152173913043478,69.02173913043478
E00141773,223,54,24,30,169,21,148,24.2152466367713,10.762331838565023,13.452914798206278,75.7847533632287,9.417040358744394,66.3677130044843
E00141774,453,103,50,53,350,26,324,22.737306843267106,11.037527593818984,11.699779249448124,77.2626931567329,5.739514348785872,71.52317880794702
E00141775,304,74,31,43,230,21,209,24.342105263157894,10.197368421052632,14.144736842105262,75.6578947368421,6.907894736842106,68.75
E00141776,251,52,27,25,199,23,176,20.717131474103585,10.756972111553784,9.9601593625498,79.2828685258964,9.163346613545817,70.1195219123506
E00141777,222,74,23,51,148,15,133,33.33333333333333,10.36036036036036,22.972972972972975,66.66666666666666,6.756756756756757,59.909909909909906
E00141778,279,72,31,41,207,14,193,25.806451612903224,11.11111111111111,14.695340501792115,74.19354838709677,5.017921146953405,69.17562724014337
E00141779,263,57,31,26,206,17,189,21.673003802281368,11.787072243346007,9.885931558935361,78.32699619771863,6.4638783269961975,71.86311787072243
E00141780,174,56,24,32,118,7,111,32.18390804597701,13.793103448275861,18.39080459770115,67.81609195402298,4.022988505747127,63.793103448275865
E00141781,316,71,23,48,245,18,227,22.468354430379748,7.2784810126582276,15.18987341772152,77.53164556962025,5.69620253164557,71.83544303797468
E00141782,236,40,13,27,196,24,172,16.94915254237288,5.508474576271186,11.440677966101696,83.05084745762711,10.16949152542373,72.88135593220339
E00141783,172,32,12,20,140,20,120,18.6046511627907,6.976744186046512,11.627906976744185,81.3953488372093,11.627906976744185,69.76744186046511
E00141784,268,51,17,34,217,18,199,19.029850746268657,6.343283582089552,12.686567164179104,80.97014925373134,6.7164179104477615,74.25373134328358
E00141785,247,51,23,28,196,23,173,20.647773279352226,9.31174089068826,11.336032388663968,79.35222672064778,9.31174089068826,70.04048582995951
E00141786,243,50,22,28,193,18,175,20.5761316872428,9.053497942386832,11.522633744855968,79.42386831275721,7.4074074074074066,72.0164609053498
E00141787,245,54,26,28,191,15,176,22.040816326530614,10.612244897959183,11.428571428571429,77.9591836734694,6.122448979591836,71.83673469387755
E00141788,219,51,14,37,168,23,145,23.28767123287671,6.392694063926941,16.894977168949772,76.71232876712328,10.50228310502283,66.21004566210046
E00141789,418,107,62,45,311,31,280,25.598086124401913,14.832535885167463,10.76555023923445,74.4019138755981,7.4162679425837315,66.98564593301435
E00141790,526,115,36,79,411,39,372,21.863117870722434,6.844106463878327,15.019011406844108,78.13688212927757,7.41444866920152,70.72243346007605
E00141791,219,56,24,32,163,16,147,25.570776255707763,10.95890410958904,14.61187214611872,74.42922374429224,7.30593607305936,67.12328767123287
E00141792,277,52,23,29,225,26,199,18.772563176895307,8.303249097472925,10.469314079422382,81.2274368231047,9.386281588447654,71.84115523465704
E00141793,336,74,35,39,262,18,244,22.023809523809522,10.416666666666668,11.607142857142858,77.97619047619048,5.357142857142857,72.61904761904762
E00141794,265,49,17,32,216,24,192,18.49056603773585,6.415094339622642,12.075471698113208,81.50943396226415,9.056603773584905,72.45283018867924
E00141795,315,75,26,49,240,43,197,23.809523809523807,8.253968253968253,15.555555555555555,76.19047619047619,13.65079365079365,62.53968253968254
E00141796,302,72,34,38,230,29,201,23.841059602649008,11.258278145695364,12.582781456953644,76.15894039735099,9.602649006622517,66.55629139072848
E00141797,223,80,40,40,143,11,132,35.874439461883405,17.937219730941703,17.937219730941703,64.12556053811659,4.932735426008969,59.19282511210763
E00141798,242,42,19,23,200,27,173,17.355371900826448,7.851239669421488,9.50413223140496,82.64462809917356,11.15702479338843,71.48760330578511
E00141799,306,93,58,35,213,25,188,30.392156862745097,18.954248366013072,11.437908496732026,69.6078431372549,8.169934640522875,61.43790849673203
E00141800,238,59,30,29,179,15,164,24.789915966386555,12.605042016806722,12.184873949579831,75.21008403361344,6.302521008403361,68.90756302521008
E00141801,224,53,26,27,171,17,154,23.660714285714285,11.607142857142858,12.053571428571429,76.33928571428571,7.5892857142857135,68.75
E00141802,268,57,26,31,211,13,198,21.26865671641791,9.701492537313433,11.567164179104477,78.73134328358209,4.850746268656716,73.88059701492537
E00141803,334,70,30,40,264,24,240,20.958083832335326,8.982035928143713,11.976047904191617,79.04191616766467,7.18562874251497,71.8562874251497
E00141804,393,106,43,63,287,31,256,26.97201017811705,10.941475826972011,16.030534351145036,73.02798982188295,7.888040712468193,65.13994910941476
E00141805,292,58,18,40,234,22,212,19.863013698630137,6.164383561643835,13.698630136986301,80.13698630136986,7.534246575342466,72.6027397260274
E00141806,277,59,28,31,218,16,202,21.299638989169676,10.108303249097473,11.191335740072201,78.70036101083032,5.776173285198556,72.92418772563177
E00141807,274,60,23,37,214,20,194,21.897810218978105,8.394160583941606,13.503649635036496,78.1021897810219,7.2992700729927,70.8029197080292
E00141808,368,69,21,48,299,37,262,18.75,5.706521739130435,13.043478260869565,81.25,10.054347826086957,71.19565217391305
E00141809,258,44,9,35,214,20,194,17.05426356589147,3.488372093023256,13.565891472868216,82.94573643410853,7.751937984496124,75.1937984496124
E00141810,369,70,27,43,299,34,265,18.97018970189702,7.317073170731707,11.653116531165312,81.02981029810297,9.214092140921409,71.81571815718158
E00141811,344,60,26,34,284,35,249,17.441860465116278,7.55813953488372,9.883720930232558,82.55813953488372,10.174418604651162,72.38372093023256
E00141812,352,57,17,40,295,37,258,16.193181818181817,4.829545454545454,11.363636363636363,83.80681818181817,10.511363636363637,73.29545454545455
E00141813,276,56,34,22,220,20,200,20.28985507246377,12.318840579710146,7.971014492753622,79.71014492753623,7.246376811594203,72.46376811594203
E00141814,403,59,22,37,344,31,313,14.640198511166252,5.459057071960298,9.181141439205955,85.35980148883374,7.6923076923076925,77.66749379652606
E00141815,298,48,19,29,250,35,215,16.10738255033557,6.375838926174497,9.731543624161073,83.89261744966443,11.74496644295302,72.14765100671141
E00141816,261,65,29,36,196,10,186,24.904214559386972,11.11111111111111,13.793103448275861,75.09578544061303,3.8314176245210727,71.26436781609196
E00141817,332,44,19,25,288,22,266,13.253012048192772,5.72289156626506,7.530120481927711,86.74698795180723,6.626506024096386,80.12048192771084
E00141818,264,57,21,36,207,26,181,21.59090909090909,7.954545454545454,13.636363636363635,78.4090909090909,9.848484848484848,68.56060606060606
E00141819,281,73,30,43,208,13,195,25.97864768683274,10.676156583629894,15.302491103202847,74.02135231316726,4.6263345195729535,69.3950177935943
E00141821,285,62,22,40,223,21,202,21.75438596491228,7.719298245614035,14.035087719298245,78.24561403508771,7.368421052631578,70.87719298245614
E00141822,393,53,19,34,340,30,310,13.486005089058525,4.8346055979643765,8.651399491094146,86.51399491094148,7.633587786259542,78.88040712468194
E00141823,203,96,56,40,107,9,98,47.29064039408867,27.586206896551722,19.704433497536947,52.70935960591133,4.433497536945813,48.275862068965516
E00141824,261,54,20,34,207,15,192,20.689655172413794,7.662835249042145,13.026819923371647,79.3103448275862,5.747126436781609,73.5632183908046
E00141825,297,44,16,28,253,24,229,14.814814814814813,5.387205387205387,9.427609427609427,85.18518518518519,8.080808080808081,77.10437710437711
E00141826,282,58,21,37,224,24,200,20.56737588652482,7.446808510638298,13.120567375886525,79.43262411347519,8.51063829787234,70.92198581560284
E00141827,248,43,17,26,205,21,184,17.338709677419356,6.854838709677419,10.483870967741936,82.66129032258065,8.46774193548387,74.19354838709677
E00141828,317,74,31,43,243,16,227,23.34384858044164,9.779179810725552,13.564668769716087,76.65615141955836,5.047318611987381,71.60883280757098
E00141829,268,59,21,38,209,24,185,22.01492537313433,7.835820895522389,14.17910447761194,77.98507462686567,8.955223880597014,69.02985074626866
E00141830,195,34,15,19,161,16,145,17.435897435897434,7.6923076923076925,9.7435897435897445,82.564102564102555,8.205128205128204,74.35897435897436
E00141831,231,61,22,39,170,25,145,26.406926406926406,9.523809523809524,16.883116883116884,73.59307359307358,10.822510822510822,62.77056277056276
E00141832,262,76,36,40,186,18,168,29.00763358778626,13.740458015267176,15.267175572519085,70.99236641221374,6.870229007633588,64.12213740458014
E00141833,148,38,13,25,110,12,98,25.675675675675674,8.783783783783784,16.89189189189189,74.32432432432432,8.108108108108109,66.21621621621621
E00141834,349,73,39,34,276,25,251,20.916905444126073,11.174785100286533,9.742120343839542,79.08309455587393,7.163323782234957,71.91977077363897
E00141835,218,34,9,25,184,11,173,15.59633027522936,4.128440366972478,11.46788990825688,84.40366972477065,5.045871559633028,79.35779816513761
E00141836,123,22,4,18,101,15,86,17.88617886178862,3.2520325203252036,14.634146341463413,82.11382113821138,12.195121951219512,69.91869918699187
E00141837,254,58,23,35,196,15,181,22.83464566929134,9.05511811023622,13.779527559055119,77.16535433070865,5.905511811023622,71.25984251968504
E00141838,196,23,9,14,173,21,152,11.73469387755102,4.591836734693878,7.142857142857142,88.26530612244898,10.714285714285714,77.55102040816327
E00141839,195,42,14,28,153,9,144,21.53846153846154,7.179487179487179,14.358974358974358,78.46153846153847,4.615384615384616,73.84615384615385
E00141840,245,26,9,17,219,20,199,10.612244897959183,3.6734693877551026,6.938775510204081,89.38775510204081,8.16326530612245,81.22448979591836
E00141841,276,47,22,25,229,26,203,17.02898550724638,7.971014492753622,9.057971014492754,82.97101449275362,9.420289855072465,73.55072463768117
E00141842,282,46,20,26,236,18,218,16.312056737588655,7.092198581560284,9.219858156028367,83.68794326241135,6.382978723404255,77.30496453900709
E00141843,217,60,32,28,157,11,146,27.64976958525346,14.746543778801843,12.903225806451612,72.35023041474655,5.0691244239631335,67.2811059907834
E00141844,204,42,18,24,162,18,144,20.588235294117645,8.823529411764707,11.76470588235294,79.41176470588235,8.823529411764707,70.58823529411765
E00141845,360,59,20,39,301,26,275,16.38888888888889,5.555555555555555,10.833333333333334,83.61111111111111,7.222222222222221,76.38888888888889
E00141846,319,60,22,38,259,24,235,18.808777429467085,6.896551724137931,11.912225705329153,81.19122257053291,7.523510971786834,73.66771159874608
E00141847,213,43,11,32,170,23,147,20.187793427230048,5.164319248826291,15.023474178403756,79.81220657276995,10.7981220657277,69.01408450704226
E00141848,205,50,18,32,155,16,139,24.390243902439025,8.780487804878048,15.609756097560975,75.60975609756098,7.804878048780488,67.8048780487805
E00141849,293,51,17,34,242,27,215,17.4061433447099,5.802047781569966,11.604095563139932,82.5938566552901,9.215017064846416,73.37883959044369
E00141850,355,106,46,60,249,30,219,29.859154929577464,12.957746478873238,16.901408450704224,70.14084507042253,8.450704225352112,61.69014084507042
E00141851,249,37,13,24,212,14,198,14.859437751004014,5.220883534136546,9.63855421686747,85.14056224899599,5.622489959839357,79.51807228915662
E00141852,288,50,19,31,238,21,217,17.36111111111111,6.597222222222222,10.76388888888889,82.63888888888889,7.291666666666667,75.34722222222221
E00141853,299,55,26,29,244,15,229,18.394648829431436,8.695652173913043,9.698996655518394,81.60535117056857,5.016722408026756,76.58862876254182
E00141854,330,48,22,26,282,27,255,14.545454545454545,6.666666666666667,7.878787878787878,85.45454545454545,8.181818181818182,77.27272727272727
E00141855,305,78,29,49,227,17,210,25.573770491803277,9.508196721311474,16.065573770491802,74.42622950819671,5.573770491803279,68.85245901639344
E00141856,291,64,29,35,227,20,207,21.993127147766323,9.965635738831615,12.027491408934708,78.00687285223368,6.872852233676976,71.1340206185567
E00141857,252,50,20,30,202,16,186,19.841269841269842,7.936507936507936,11.904761904761903,80.15873015873017,6.349206349206349,73.80952380952381
E00141858,256,62,37,25,194,11,183,24.21875,14.453125,9.765625,75.78125,4.296875,71.484375
E00141859,347,62,27,35,285,35,250,17.86743515850144,7.780979827089338,10.086455331412104,82.13256484149855,10.086455331412104,72.04610951008645
E00141860,338,81,36,45,257,23,234,23.964497041420117,10.650887573964498,13.313609467455622,76.03550295857988,6.8047337278106506,69.23076923076923
E00141861,287,53,23,30,234,27,207,18.466898954703833,8.013937282229964,10.452961672473867,81.53310104529616,9.40766550522648,72.12543554006969
E00141862,325,57,24,33,268,23,245,17.53846153846154,7.384615384615385,10.153846153846153,82.46153846153847,7.076923076923077,75.38461538461539
E00141863,253,44,7,37,209,20,189,17.391304347826086,2.766798418972332,14.624505928853754,82.6086956521739,7.905138339920949,74.70355731225297
E00141864,391,106,43,63,285,42,243,27.10997442455243,10.997442455242968,16.11253196930946,72.89002557544757,10.741687979539643,62.14833759590793
E00141865,337,61,20,41,276,28,248,18.100890207715135,5.934718100890208,12.166172106824925,81.89910979228486,8.30860534124629,73.59050445103857
E00141866,307,82,32,50,225,25,200,26.710097719869708,10.423452768729643,16.286644951140065,73.28990228013029,8.143322475570033,65.14657980456026
E00141867,309,64,25,39,245,24,221,20.711974110032365,8.090614886731391,12.62135922330097,79.28802588996764,7.766990291262135,71.52103559870551
E00141868,232,58,24,34,174,26,148,25,10.344827586206897,14.655172413793101,75,11.206896551724139,63.793103448275865
E00141869,203,31,5,26,172,17,155,15.270935960591133,2.4630541871921183,12.807881773399016,84.72906403940887,8.374384236453201,76.35467980295566
E00141870,254,49,21,28,205,14,191,19.291338582677163,8.267716535433072,11.023622047244094,80.70866141732283,5.511811023622047,75.19685039370079
E00141871,224,61,33,28,163,19,144,27.232142857142854,14.732142857142858,12.5,72.76785714285714,8.482142857142858,64.28571428571429
E00141872,289,91,47,44,198,22,176,31.4878892733564,16.26297577854671,15.22491349480969,68.5121107266436,7.612456747404845,60.89965397923876
E00141873,215,76,38,38,139,9,130,35.348837209302324,17.674418604651162,17.674418604651162,64.65116279069767,4.186046511627907,60.46511627906976
E00141874,286,92,52,40,194,11,183,32.16783216783217,18.181818181818183,13.986013986013987,67.83216783216784,3.8461538461538463,63.98601398601399
E00141875,390,62,25,37,328,35,293,15.897435897435896,6.41025641025641,9.487179487179487,84.1025641025641,8.974358974358974,75.12820512820512
E00141876,256,58,24,34,198,15,183,22.65625,9.375,13.28125,77.34375,5.859375,71.484375
E00141877,246,34,11,23,212,21,191,13.821138211382115,4.471544715447155,9.34959349593496,86.1788617886179,8.536585365853659,77.64227642276423
E00141878,278,52,13,39,226,16,210,18.705035971223023,4.676258992805756,14.028776978417264,81.29496402877699,5.755395683453238,75.53956834532374
E00141879,300,59,18,41,241,21,220,19.666666666666664,6,13.666666666666666,80.33333333333333,7.000000000000001,73.33333333333333
E00141880,285,47,26,21,238,20,218,16.49122807017544,9.12280701754386,7.368421052631578,83.50877192982456,7.017543859649122,76.49122807017544
E00141881,245,70,41,29,175,21,154,28.57142857142857,16.73469387755102,11.83673469387755,71.42857142857143,8.571428571428571,62.857142857142854
E00141882,279,52,11,41,227,20,207,18.63799283154122,3.942652329749104,14.695340501792115,81.36200716845879,7.168458781362006,74.19354838709677
E00141883,265,61,34,27,204,19,185,23.0188679245283,12.830188679245284,10.18867924528302,76.9811320754717,7.169811320754717,69.81132075471697
E00141884,316,88,53,35,228,28,200,27.848101265822784,16.77215189873418,11.075949367088606,72.15189873417721,8.860759493670885,63.29113924050633
E00141885,264,52,22,30,212,20,192,19.696969696969695,8.333333333333332,11.363636363636363,80.3030303030303,7.575757575757576,72.72727272727273
E00141886,289,62,32,30,227,22,205,21.453287197231834,11.072664359861593,10.380622837370241,78.54671280276817,7.612456747404845,70.93425605536332
E00141887,240,55,23,32,185,14,171,22.916666666666664,9.583333333333334,13.333333333333334,77.08333333333334,5.833333333333333,71.25
E00141888,202,51,23,28,151,13,138,25.247524752475247,11.386138613861387,13.861386138613863,74.75247524752476,6.435643564356436,68.31683168316832
E00141889,276,60,22,38,216,22,194,21.73913043478261,7.971014492753622,13.768115942028986,78.26086956521739,7.971014492753622,70.28985507246377
E00141890,272,57,20,37,215,14,201,20.955882352941178,7.352941176470589,13.602941176470587,79.04411764705883,5.147058823529411,73.89705882352942
E00141891,298,57,19,38,241,21,220,19.12751677852349,6.375838926174497,12.751677852348994,80.87248322147651,7.046979865771812,73.8255033557047
E00141892,309,55,21,34,254,35,219,17.79935275080906,6.796116504854369,11.003236245954692,82.20064724919094,11.326860841423949,70.87378640776699
E00141893,215,45,21,24,170,19,151,20.930232558139537,9.767441860465116,11.162790697674419,79.06976744186046,8.837209302325581,70.23255813953489
E00141894,150,49,20,29,101,11,90,32.666666666666664,13.333333333333334,19.333333333333332,67.33333333333333,7.333333333333333,60
E00141895,302,80,31,49,222,32,190,26.490066225165563,10.264900662251655,16.225165562913908,73.50993377483444,10.596026490066226,62.913907284768214
E00141896,248,69,31,38,179,22,157,27.82258064516129,12.5,15.32258064516129,72.17741935483872,8.870967741935484,63.306451612903224
E00141897,203,48,19,29,155,11,144,23.645320197044335,9.35960591133005,14.285714285714285,76.35467980295566,5.41871921182266,70.93596059113301
E00141898,239,58,22,36,181,14,167,24.267782426778243,9.205020920502092,15.062761506276152,75.73221757322176,5.857740585774058,69.8744769874477
E00141899,239,76,44,32,163,19,144,31.799163179916317,18.410041841004183,13.389121338912133,68.20083682008368,7.949790794979079,60.25104602510461
E00141900,207,55,22,33,152,18,134,26.570048309178745,10.628019323671497,15.942028985507244,73.42995169082126,8.695652173913043,64.73429951690821
E00141901,216,55,26,29,161,9,152,25.462962962962965,12.037037037037036,13.425925925925927,74.53703703703704,4.166666666666666,70.37037037037037
E00141902,200,61,27,34,139,12,127,30.5,13.5,17,69.5,6,63.5
E00141903,352,111,63,48,241,26,215,31.53409090909091,17.897727272727273,13.636363636363635,68.4659090909091,7.386363636363637,61.07954545454546
E00141904,217,47,23,24,170,24,146,21.658986175115206,10.599078341013826,11.059907834101383,78.3410138248848,11.059907834101383,67.2811059907834
E00141905,280,92,49,43,188,18,170,32.857142857142854,17.5,15.357142857142858,67.14285714285714,6.428571428571428,60.71428571428571
E00141906,177,35,19,16,142,21,121,19.774011299435028,10.734463276836157,9.03954802259887,80.22598870056498,11.864406779661017,68.36158192090396
E00141907,205,53,23,30,152,19,133,25.853658536585368,11.219512195121952,14.634146341463413,74.14634146341463,9.268292682926829,64.8780487804878
E00141908,257,74,28,46,183,8,175,28.793774319066145,10.894941634241246,17.898832684824903,71.20622568093385,3.11284046692607,68.09338521400778
E00141909,216,44,20,24,172,18,154,20.37037037037037,9.25925925925926,11.11111111111111,79.62962962962963,8.333333333333332,71.29629629629629
E00141910,221,26,10,16,195,24,171,11.76470588235294,4.524886877828054,7.239819004524888,88.23529411764706,10.85972850678733,77.37556561085974
E00141911,239,41,17,24,198,17,181,17.154811715481173,7.112970711297072,10.0418410041841,82.84518828451883,7.112970711297072,75.73221757322176
E00141912,273,47,15,32,226,24,202,17.216117216117215,5.4945054945054945,11.72161172161172,82.78388278388277,8.791208791208792,73.992673992674
E00141913,332,68,23,45,264,30,234,20.481927710843372,6.927710843373494,13.55421686746988,79.51807228915662,9.036144578313253,70.48192771084338
E00141915,308,57,23,34,251,18,233,18.506493506493506,7.467532467532467,11.03896103896104,81.4935064935065,5.844155844155844,75.64935064935064
E00141916,246,47,15,32,199,20,179,19.10569105691057,6.097560975609756,13.008130081300814,80.89430894308943,8.130081300813007,72.76422764227642
E00141917,244,50,18,32,194,19,175,20.491803278688526,7.377049180327869,13.114754098360656,79.50819672131148,7.786885245901639,71.72131147540983
E00141918,212,31,13,18,181,18,163,14.622641509433961,6.132075471698113,8.49056603773585,85.37735849056604,8.49056603773585,76.88679245283019
E00141919,257,122,66,56,135,23,112,47.47081712062256,25.680933852140075,21.78988326848249,52.52918287937744,8.949416342412452,43.57976653696498
E00141920,235,59,20,39,176,21,155,25.106382978723403,8.51063829787234,16.595744680851062,74.8936170212766,8.936170212765958,65.95744680851064
E00141921,208,32,20,12,176,14,162,15.384615384615385,9.615384615384617,5.769230769230769,84.61538461538461,6.730769230769231,77.88461538461539
E00141922,240,38,16,22,202,24,178,15.833333333333332,6.666666666666667,9.166666666666666,84.16666666666667,10,74.16666666666667
E00141923,261,54,21,33,207,21,186,20.689655172413794,8.045977011494253,12.643678160919542,79.3103448275862,8.045977011494253,71.26436781609196
E00141924,305,53,14,39,252,18,234,17.37704918032787,4.590163934426229,12.786885245901638,82.62295081967214,5.901639344262295,76.72131147540983
E00141925,335,52,15,37,283,26,257,15.522388059701491,4.477611940298507,11.044776119402986,84.4776119402985,7.761194029850746,76.71641791044776
E00141926,281,84,48,36,197,19,178,29.8932384341637,17.08185053380783,12.811387900355871,70.1067615658363,6.761565836298933,63.345195729537366
E00141927,295,64,26,38,231,17,214,21.694915254237287,8.813559322033898,12.88135593220339,78.30508474576271,5.762711864406779,72.54237288135593
E00141928,351,40,12,28,311,36,275,11.396011396011396,3.418803418803419,7.977207977207977,88.6039886039886,10.256410256410255,78.34757834757835
E00141929,271,51,20,31,220,25,195,18.81918819188192,7.380073800738007,11.439114391143912,81.18081180811808,9.22509225092251,71.95571955719558
E00141930,507,66,20,46,441,53,388,13.017751479289942,3.9447731755424065,9.072978303747535,86.98224852071006,10.453648915187378,76.52859960552269
E00141931,234,57,26,31,177,18,159,24.358974358974358,11.11111111111111,13.247863247863249,75.64102564102564,7.6923076923076925,67.94871794871796
E00141932,284,29,11,18,255,21,234,10.211267605633804,3.873239436619718,6.338028169014084,89.7887323943662,7.394366197183098,82.3943661971831
E00141933,283,54,20,34,229,14,215,19.081272084805654,7.06713780918728,12.014134275618375,80.91872791519434,4.946996466431095,75.97173144876325
E00141934,300,42,18,24,258,29,229,14.000000000000002,6,8,86,9.666666666666666,76.33333333333333
E00141935,303,56,17,39,247,22,225,18.48184818481848,5.6105610561056105,12.871287128712872,81.51815181518151,7.2607260726072615,74.25742574257426
E00141936,260,58,19,39,202,27,175,22.30769230769231,7.307692307692308,15,77.6923076923077,10.384615384615385,67.3076923076923
E00141938,265,52,23,29,213,22,191,19.622641509433965,8.679245283018867,10.943396226415095,80.37735849056604,8.30188679245283,72.0754716981132
E00141939,379,77,32,45,302,37,265,20.316622691292878,8.443271767810026,11.87335092348285,79.68337730870712,9.762532981530343,69.92084432717678
E00141940,291,61,27,34,230,15,215,20.962199312714777,9.278350515463918,11.683848797250858,79.03780068728523,5.154639175257731,73.8831615120275
E00141941,277,70,32,38,207,20,187,25.27075812274368,11.552346570397113,13.718411552346572,74.72924187725631,7.2202166064981945,67.50902527075813
E00141942,315,77,27,50,238,28,210,24.444444444444443,8.571428571428571,15.873015873015872,75.55555555555556,8.88888888888889,66.66666666666666
E00141943,305,45,19,26,260,34,226,14.754098360655737,6.229508196721312,8.524590163934425,85.24590163934425,11.147540983606557,74.09836065573771
E00141944,264,56,19,37,208,25,183,21.21212121212121,7.196969696969697,14.015151515151514,78.78787878787878,9.469696969696969,69.31818181818183
E00141945,243,41,12,29,202,19,183,16.872427983539097,4.938271604938271,11.934156378600823,83.1275720164609,7.818930041152264,75.30864197530865
E00141946,217,56,35,21,161,16,145,25.806451612903224,16.129032258064516,9.67741935483871,74.19354838709677,7.373271889400922,66.82027649769586
E00141947,293,55,21,34,238,13,225,18.771331058020476,7.167235494880546,11.604095563139932,81.22866894197952,4.436860068259386,76.79180887372013
E00141948,333,110,48,62,223,25,198,33.033033033033036,14.414414414414415,18.61861861861862,66.96696696696696,7.5075075075075075,59.45945945945946
E00141949,267,71,34,37,196,16,180,26.591760299625467,12.734082397003746,13.857677902621724,73.40823970037454,5.992509363295881,67.41573033707866
E00141950,227,55,29,26,172,23,149,24.229074889867842,12.77533039647577,11.45374449339207,75.77092511013215,10.13215859030837,65.63876651982379
E00141951,273,46,13,33,227,24,203,16.84981684981685,4.761904761904762,12.087912087912088,83.15018315018315,8.791208791208792,74.35897435897436
E00141952,287,56,20,36,231,26,205,19.51219512195122,6.968641114982578,12.543554006968641,80.48780487804879,9.059233449477352,71.42857142857143
E00141953,291,55,20,35,236,25,211,18.900343642611684,6.872852233676976,12.027491408934708,81.09965635738831,8.59106529209622,72.5085910652921
E00141954,192,31,9,22,161,12,149,16.145833333333336,4.6875,11.458333333333332,83.85416666666666,6.25,77.60416666666666
E00141955,558,131,73,58,427,29,398,23.476702508960575,13.082437275985665,10.39426523297491,76.52329749103941,5.197132616487455,71.32616487455196
E00141956,328,71,33,38,257,17,240,21.646341463414632,10.060975609756099,11.585365853658537,78.35365853658537,5.182926829268292,73.17073170731707
E00141957,596,95,33,62,501,46,455,15.939597315436242,5.5369127516778525,10.40268456375839,84.06040268456377,7.718120805369128,76.34228187919463
E00141958,223,41,10,31,182,18,164,18.385650224215247,4.484304932735426,13.901345291479823,81.61434977578476,8.071748878923767,73.54260089686099
E00141959,250,57,28,29,193,13,180,22.8,11.200000000000001,11.600000000000001,77.2,5.2,72
E00141960,330,66,31,35,264,19,245,20,9.393939393939393,10.606060606060606,80,5.757575757575758,74.24242424242425
E00141961,282,74,37,37,208,21,187,26.24113475177305,13.120567375886525,13.120567375886525,73.75886524822694,7.446808510638298,66.31205673758865
E00141962,322,58,22,36,264,14,250,18.012422360248447,6.832298136645963,11.180124223602485,81.98757763975155,4.3478260869565215,77.63975155279503
E00141963,335,73,31,42,262,19,243,21.791044776119403,9.253731343283581,12.53731343283582,78.2089552238806,5.6716417910447765,72.53731343283583
E00141964,256,41,21,20,215,21,194,16.015625,8.203125,7.8125,83.984375,8.203125,75.78125
E00141965,133,39,14,25,94,14,80,29.32330827067669,10.526315789473683,18.796992481203006,70.67669172932331,10.526315789473683,60.150375939849624
E00141966,183,52,16,36,131,15,116,28.415300546448087,8.743169398907105,19.672131147540984,71.58469945355192,8.19672131147541,63.387978142076506
E00141967,279,60,31,29,219,27,192,21.50537634408602,11.11111111111111,10.39426523297491,78.49462365591397,9.67741935483871,68.81720430107528
E00141968,201,47,22,25,154,12,142,23.383084577114428,10.945273631840797,12.437810945273633,76.61691542288557,5.970149253731343,70.64676616915423
E00141969,176,27,10,17,149,19,130,15.340909090909092,5.681818181818182,9.659090909090908,84.6590909090909,10.795454545454545,73.86363636363636
E00141970,211,51,23,28,160,24,136,24.170616113744074,10.90047393364929,13.270142180094787,75.82938388625593,11.374407582938389,64.45497630331754
E00141971,455,160,72,88,295,39,256,35.16483516483517,15.824175824175823,19.340659340659343,64.83516483516483,8.571428571428571,56.26373626373626
E00141972,398,133,54,79,265,37,228,33.41708542713568,13.5678391959799,19.849246231155778,66.58291457286433,9.296482412060302,57.286432160804026
E00141973,219,51,17,34,168,19,149,23.28767123287671,7.76255707762557,15.52511415525114,76.71232876712328,8.67579908675799,68.0365296803653
E00141974,179,56,23,33,123,21,102,31.28491620111732,12.849162011173185,18.435754189944134,68.71508379888269,11.731843575418994,56.98324022346368
E00141975,290,27,8,19,263,24,239,9.310344827586208,2.7586206896551726,6.551724137931035,90.6896551724138,8.275862068965518,82.41379310344827
E00141976,294,64,16,48,230,20,210,21.768707482993197,5.442176870748299,16.3265306122449,78.2312925170068,6.802721088435375,71.42857142857143
E00141977,285,57,21,36,228,24,204,20,7.368421052631578,12.631578947368421,80,8.421052631578947,71.57894736842105
E00141978,298,57,23,34,241,27,214,19.12751677852349,7.718120805369128,11.409395973154362,80.87248322147651,9.060402684563758,71.81208053691275
E00141979,248,55,25,30,193,20,173,22.177419354838708,10.080645161290322,12.096774193548388,77.82258064516128,8.064516129032258,69.75806451612904
E00141980,341,57,19,38,284,33,251,16.715542521994134,5.571847507331378,11.143695014662756,83.28445747800586,9.67741935483871,73.60703812316716
E00141981,223,50,20,30,173,16,157,22.421524663677133,8.968609865470851,13.452914798206278,77.57847533632287,7.174887892376682,70.4035874439462
E00141982,195,70,43,27,125,20,105,35.8974358974359,22.05128205128205,13.846153846153847,64.1025641025641,10.256410256410255,53.84615384615385
E00141983,345,113,50,63,232,27,205,32.7536231884058,14.492753623188406,18.26086956521739,67.2463768115942,7.82608695652174,59.42028985507246
E00141984,263,39,16,23,224,20,204,14.82889733840304,6.083650190114068,8.745247148288973,85.17110266159695,7.604562737642586,77.56653992395437
E00141985,447,72,36,36,375,31,344,16.10738255033557,8.053691275167784,8.053691275167784,83.89261744966443,6.935123042505594,76.95749440715883
E00141986,336,67,27,40,269,30,239,19.940476190476193,8.035714285714286,11.904761904761903,80.05952380952381,8.928571428571429,71.13095238095238
E00141987,272,65,27,38,207,21,186,23.897058823529413,9.926470588235293,13.970588235294118,76.10294117647058,7.720588235294118,68.38235294117648
E00141988,322,123,65,58,199,36,163,38.19875776397515,20.18633540372671,18.012422360248447,61.80124223602485,11.180124223602485,50.621118012422365
E00141989,136,39,18,21,97,9,88,28.676470588235293,13.23529411764706,15.441176470588236,71.32352941176471,6.61764705882353,64.70588235294117
E00141990,130,45,17,28,85,10,75,34.61538461538461,13.076923076923078,21.53846153846154,65.38461538461539,7.6923076923076925,57.692307692307686
E00141991,126,32,15,17,94,14,80,25.396825396825395,11.904761904761903,13.492063492063492,74.60317460317461,11.11111111111111,63.49206349206349
E00141992,188,51,27,24,137,15,122,27.127659574468083,14.361702127659576,12.76595744680851,72.87234042553192,7.9787234042553195,64.8936170212766
E00141993,209,69,28,41,140,21,119,33.014354066985646,13.397129186602871,19.617224880382775,66.98564593301435,10.047846889952153,56.9377990430622
E00141994,138,31,11,20,107,18,89,22.463768115942027,7.971014492753622,14.492753623188406,77.53623188405797,13.043478260869565,64.4927536231884
E00141995,131,25,9,16,106,10,96,19.083969465648856,6.870229007633588,12.213740458015266,80.91603053435115,7.633587786259542,73.2824427480916
E00141996,234,72,32,40,162,23,139,30.76923076923077,13.675213675213676,17.094017094017094,69.23076923076923,9.82905982905983,59.401709401709404
E00141997,199,57,36,21,142,21,121,28.643216080402013,18.090452261306535,10.552763819095476,71.35678391959799,10.552763819095476,60.80402010050251
E00141998,185,43,20,23,142,16,126,23.243243243243246,10.81081081081081,12.432432432432433,76.75675675675676,8.64864864864865,68.10810810810811
E00141999,365,78,29,49,287,35,252,21.36986301369863,7.9452054794520555,13.424657534246576,78.63013698630137,9.58904109589041,69.04109589041096
E00142000,420,102,44,58,318,21,297,24.285714285714285,10.476190476190476,13.80952380952381,75.71428571428571,5,70.71428571428572
E00142001,257,55,24,31,202,22,180,21.40077821011673,9.33852140077821,12.062256809338521,78.59922178988327,8.560311284046692,70.03891050583657
E00142002,312,73,36,37,239,17,222,23.397435897435898,11.538461538461538,11.858974358974358,76.6025641025641,5.448717948717949,71.15384615384616
E00142003,263,91,54,37,172,15,157,34.60076045627377,20.53231939163498,14.068441064638785,65.39923954372624,5.7034220532319395,59.6958174904943
E00142004,200,52,20,32,148,13,135,26,10,16,74,6.5,67.5
E00142005,284,52,21,31,232,18,214,18.30985915492958,7.394366197183098,10.915492957746478,81.69014084507043,6.338028169014084,75.35211267605634
E00142006,267,43,18,25,224,33,191,16.10486891385768,6.741573033707865,9.363295880149813,83.89513108614233,12.359550561797752,71.53558052434457
E00142007,267,51,14,37,216,24,192,19.101123595505616,5.2434456928838955,13.857677902621724,80.89887640449437,8.98876404494382,71.91011235955057
E00142008,294,63,26,37,231,26,205,21.428571428571427,8.843537414965986,12.585034013605442,78.57142857142857,8.843537414965986,69.72789115646259
E00142009,297,76,37,39,221,8,213,25.589225589225588,12.457912457912458,13.131313131313133,74.41077441077442,2.6936026936026933,71.71717171717171
E00142010,445,85,44,41,360,16,344,19.101123595505616,9.887640449438202,9.213483146067416,80.89887640449437,3.5955056179775284,77.30337078651685
E00142011,312,68,30,38,244,21,223,21.794871794871796,9.615384615384617,12.179487179487179,78.2051282051282,6.730769230769231,71.47435897435898
E00142012,311,113,66,47,198,11,187,36.33440514469453,21.221864951768488,15.112540192926044,63.665594855305464,3.536977491961415,60.12861736334405
E00142013,258,62,30,32,196,25,171,24.031007751937985,11.627906976744185,12.4031007751938,75.96899224806202,9.689922480620156,66.27906976744185
E00171029,348,116,66,50,232,23,209,33.33333333333333,18.96551724137931,14.367816091954023,66.66666666666666,6.609195402298851,60.05747126436781
E00171030,118,33,19,14,85,6,79,27.966101694915253,16.101694915254235,11.864406779661017,72.03389830508475,5.084745762711865,66.94915254237289
E00171031,368,33,9,24,335,18,317,8.967391304347826,2.4456521739130435,6.521739130434782,91.03260869565217,4.891304347826087,86.1413043478261
E00171032,209,35,17,18,174,17,157,16.74641148325359,8.133971291866029,8.61244019138756,83.25358851674642,8.133971291866029,75.11961722488039
E00171033,292,43,18,25,249,17,232,14.726027397260275,6.164383561643835,8.561643835616438,85.27397260273972,5.821917808219178,79.45205479452055
E00171034,214,33,14,19,181,21,160,15.42056074766355,6.5420560747663545,8.878504672897195,84.57943925233646,9.813084112149532,74.76635514018692
E00171035,260,29,11,18,231,13,218,11.153846153846155,4.230769230769231,6.923076923076923,88.84615384615384,5,83.84615384615385
E00171036,144,22,2,20,122,12,110,15.277777777777779,1.3888888888888888,13.88888888888889,84.72222222222221,8.333333333333332,76.38888888888889
E00189806,271,60,21,39,211,17,194,22.14022140221402,7.7490774907749085,14.391143911439114,77.85977859778598,6.273062730627306,71.58671586715867
E00189809,471,110,54,56,361,29,332,23.35456475583864,11.464968152866243,11.8895966029724,76.64543524416136,6.1571125265392785,70.48832271762208
E00189811,171,81,57,24,90,6,84,47.368421052631575,33.33333333333333,14.035087719298245,52.63157894736842,3.508771929824561,49.122807017543856
E00189820,522,80,35,45,442,40,402,15.32567049808429,6.704980842911877,8.620689655172415,84.67432950191571,7.662835249042145,77.01149425287356
E00189827,406,62,19,43,344,27,317,15.270935960591133,4.679802955665025,10.591133004926109,84.72906403940887,6.65024630541872,78.07881773399015
E00189838,317,77,29,48,240,38,202,24.290220820189273,9.14826498422713,15.141955835962145,75.70977917981072,11.987381703470032,63.722397476340696
E00189842,274,48,8,40,226,22,204,17.51824817518248,2.9197080291970803,14.5985401459854,82.48175182481752,8.02919708029197,74.45255474452554
E00189846,188,32,14,18,156,7,149,17.02127659574468,7.446808510638298,9.574468085106384,82.97872340425532,3.723404255319149,79.25531914893617
E00189858,248,55,29,26,193,16,177,22.177419354838708,11.693548387096774,10.483870967741936,77.82258064516128,6.451612903225806,71.37096774193549
E00189863,463,53,22,31,410,28,382,11.447084233261338,4.751619870410368,6.695464362850973,88.55291576673866,6.047516198704104,82.50539956803455
E00189882,458,68,29,39,390,37,353,14.847161572052403,6.331877729257641,8.51528384279476,85.1528384279476,8.078602620087336,77.07423580786026
E00189883,261,57,23,34,204,14,190,21.839080459770116,8.812260536398467,13.026819923371647,78.16091954022988,5.363984674329502,72.79693486590038
E00189893,290,45,15,30,245,27,218,15.517241379310345,5.172413793103448,10.344827586206897,84.48275862068965,9.310344827586208,75.17241379310344
E00189895,433,87,45,42,346,26,320,20.092378752886837,10.392609699769054,9.699769053117784,79.90762124711316,6.0046189376443415,73.90300230946882
E00189900,374,43,19,24,331,24,307,11.497326203208557,5.080213903743315,6.417112299465241,88.50267379679144,6.417112299465241,82.0855614973262
E00189910,228,36,18,18,192,19,173,15.789473684210526,7.894736842105263,7.894736842105263,84.21052631578947,8.333333333333332,75.87719298245614
E00189911,116,26,9,17,90,17,73,22.413793103448278,7.758620689655173,14.655172413793101,77.58620689655173,14.655172413793101,62.93103448275862
