OA,ts0380001,ts0380002,ts0380003,ts0380004,ts0380005,ts0380006,ts0380007,ts0380002_PCT,ts0380003_PCT,ts0380004_PCT,ts0380005_PCT,ts0380006_PCT,ts0380007_PCT
E00149825,248,47,16,31,201,17,184,18.951612903225808,6.451612903225806,12.5,81.04838709677419,6.854838709677419,74.19354838709677
E00149826,343,47,17,30,296,33,263,13.702623906705538,4.956268221574344,8.746355685131196,86.29737609329446,9.620991253644315,76.67638483965014
E00149827,362,56,16,40,306,27,279,15.469613259668508,4.41988950276243,11.049723756906078,84.5303867403315,7.458563535911603,77.07182320441989
E00149828,324,38,16,22,286,27,259,11.728395061728394,4.938271604938271,6.790123456790123,88.27160493827161,8.333333333333332,79.93827160493827
E00149829,268,45,16,29,223,24,199,16.791044776119403,5.970149253731343,10.820895522388058,83.2089552238806,8.955223880597014,74.25373134328358
E00149830,305,60,27,33,245,28,217,19.672131147540984,8.852459016393443,10.819672131147541,80.32786885245902,9.180327868852459,71.14754098360656
E00149831,331,56,25,31,275,22,253,16.91842900302115,7.552870090634441,9.365558912386707,83.08157099697885,6.646525679758309,76.43504531722054
E00149832,338,48,21,27,290,33,257,14.201183431952662,6.21301775147929,7.988165680473373,85.79881656804734,9.763313609467456,76.03550295857988
E00149833,376,52,21,31,324,28,296,13.829787234042554,5.585106382978723,8.24468085106383,86.17021276595744,7.446808510638298,78.72340425531915
E00149834,428,54,22,32,374,17,357,12.616822429906541,5.14018691588785,7.476635514018691,87.38317757009347,3.9719626168224296,83.41121495327103
E00149835,416,68,34,34,348,18,330,16.346153846153847,8.173076923076923,8.173076923076923,83.65384615384616,4.326923076923077,79.32692307692307
E00149836,483,62,30,32,421,13,408,12.836438923395447,6.211180124223603,6.625258799171843,87.16356107660455,2.691511387163561,84.472049689441
E00149837,283,61,39,22,222,12,210,21.554770318021202,13.780918727915195,7.773851590106007,78.4452296819788,4.240282685512367,74.20494699646643
E00149838,545,72,33,39,473,23,450,13.211009174311927,6.055045871559633,7.155963302752294,86.78899082568807,4.220183486238533,82.56880733944955
E00149839,449,54,26,28,395,26,369,12.026726057906458,5.79064587973274,6.23608017817372,87.97327394209354,5.79064587973274,82.18262806236079
E00149840,370,27,9,18,343,10,333,7.297297297297297,2.4324324324324325,4.864864864864865,92.7027027027027,2.7027027027027026,90
E00149841,354,37,14,23,317,11,306,10.451977401129943,3.954802259887006,6.497175141242938,89.54802259887006,3.1073446327683616,86.4406779661017
E00149842,422,49,18,31,373,14,359,11.61137440758294,4.265402843601896,7.345971563981042,88.38862559241706,3.3175355450236967,85.07109004739335
E00149843,487,68,29,39,419,26,393,13.963039014373715,5.95482546201232,8.008213552361395,86.0369609856263,5.338809034907597,80.69815195071868
E00149844,399,39,17,22,360,12,348,9.774436090225564,4.260651629072681,5.513784461152882,90.22556390977444,3.007518796992481,87.21804511278195
E00149845,442,50,17,33,392,17,375,11.312217194570136,3.8461538461538463,7.46606334841629,88.68778280542986,3.8461538461538463,84.84162895927602
E00149846,368,49,17,32,319,15,304,13.31521739130435,4.619565217391304,8.695652173913043,86.68478260869566,4.076086956521739,82.6086956521739
E00149847,318,47,21,26,271,6,265,14.779874213836477,6.60377358490566,8.176100628930817,85.22012578616352,1.8867924528301887,83.33333333333334
E00149848,447,46,15,31,401,11,390,10.290827740492169,3.3557046979865772,6.935123042505594,89.70917225950782,2.460850111856823,87.24832214765101
E00149849,415,54,23,31,361,15,346,13.012048192771083,5.542168674698795,7.46987951807229,86.98795180722891,3.614457831325301,83.37349397590361
E00149850,391,61,21,40,330,26,304,15.601023017902813,5.3708439897698215,10.230179028132993,84.39897698209718,6.649616368286446,77.74936061381074
E00149852,321,40,8,32,281,21,260,12.461059190031152,2.4922118380062304,9.968847352024921,87.53894080996885,6.5420560747663545,80.99688473520249
E00149853,345,43,23,20,302,21,281,12.46376811594203,6.666666666666667,5.797101449275362,87.53623188405797,6.086956521739131,81.44927536231884
E00149854,323,44,11,33,279,27,252,13.622291021671826,3.4055727554179565,10.21671826625387,86.37770897832817,8.359133126934983,78.0185758513932
E00149855,537,70,21,49,467,29,438,13.03538175046555,3.910614525139665,9.124767225325884,86.96461824953445,5.400372439478584,81.56424581005587
E00149856,341,45,11,34,296,27,269,13.196480938416421,3.225806451612903,9.970674486803519,86.80351906158357,7.9178885630498534,78.88563049853371
E00149857,256,42,15,27,214,22,192,16.40625,5.859375,10.546875,83.59375,8.59375,75
E00149858,307,52,19,33,255,18,237,16.938110749185668,6.188925081433225,10.749185667752444,83.06188925081433,5.863192182410423,77.19869706840392
E00149859,340,51,10,41,289,31,258,15,2.941176470588235,12.058823529411764,85,9.117647058823529,75.88235294117646
E00149860,347,48,15,33,299,21,278,13.8328530259366,4.322766570605188,9.510086455331413,86.1671469740634,6.051873198847262,80.11527377521614
E00149861,286,41,21,20,245,16,229,14.335664335664337,7.3426573426573425,6.993006993006993,85.66433566433567,5.594405594405594,80.06993006993007
E00149862,256,52,28,24,204,26,178,20.3125,10.9375,9.375,79.6875,10.15625,69.53125
E00149863,350,47,20,27,303,45,258,13.428571428571429,5.714285714285714,7.7142857142857135,86.57142857142858,12.857142857142856,73.71428571428571
E00149864,272,46,17,29,226,25,201,16.911764705882355,6.25,10.661764705882353,83.08823529411765,9.191176470588236,73.89705882352942
E00149865,302,35,14,21,267,19,248,11.589403973509933,4.635761589403973,6.95364238410596,88.41059602649007,6.291390728476822,82.11920529801324
E00149867,393,50,17,33,343,32,311,12.72264631043257,4.325699745547073,8.396946564885496,87.27735368956743,8.142493638676845,79.13486005089058
E00149868,380,80,39,41,300,20,280,21.052631578947366,10.263157894736842,10.789473684210527,78.94736842105263,5.263157894736842,73.68421052631578
E00149869,292,44,19,25,248,15,233,15.068493150684931,6.506849315068493,8.561643835616438,84.93150684931507,5.136986301369863,79.7945205479452
E00149870,270,67,27,40,203,18,185,24.814814814814813,10,14.814814814814813,75.18518518518519,6.666666666666667,68.51851851851852
E00149871,309,37,10,27,272,20,252,11.974110032362459,3.2362459546925564,8.737864077669903,88.02588996763754,6.472491909385113,81.55339805825243
E00149872,324,63,20,43,261,19,242,19.444444444444446,6.172839506172839,13.271604938271606,80.55555555555556,5.864197530864197,74.69135802469135
E00149874,293,55,15,40,238,23,215,18.771331058020476,5.1194539249146755,13.651877133105803,81.22866894197952,7.849829351535837,73.37883959044369
E00149876,250,46,22,24,204,27,177,18.4,8.799999999999999,9.6,81.6,10.8,70.8
E00149877,232,31,10,21,201,17,184,13.36206896551724,4.310344827586207,9.051724137931034,86.63793103448276,7.327586206896551,79.3103448275862
E00149878,324,21,6,15,303,18,285,6.481481481481481,1.8518518518518516,4.62962962962963,93.51851851851852,5.555555555555555,87.96296296296296
E00149879,331,32,7,25,299,21,278,9.667673716012084,2.1148036253776437,7.552870090634441,90.33232628398792,6.3444108761329305,83.98791540785498
E00149880,342,47,15,32,295,18,277,13.742690058479532,4.385964912280701,9.35672514619883,86.25730994152046,5.263157894736842,80.99415204678363
E00149881,356,40,11,29,316,32,284,11.235955056179774,3.089887640449438,8.146067415730338,88.76404494382022,8.98876404494382,79.7752808988764
E00149882,431,51,12,39,380,43,337,11.832946635730858,2.784222737819025,9.048723897911833,88.16705336426914,9.976798143851507,78.19025522041764
E00149883,161,23,9,14,138,14,124,14.285714285714285,5.590062111801243,8.695652173913043,85.71428571428571,8.695652173913043,77.01863354037268
E00149884,293,45,9,36,248,17,231,15.358361774744028,3.0716723549488054,12.286689419795222,84.64163822525597,5.802047781569966,78.839590443686
E00149885,418,58,18,40,360,20,340,13.875598086124402,4.30622009569378,9.569377990430622,86.1244019138756,4.784688995215311,81.3397129186603
E00149886,245,46,15,31,199,25,174,18.775510204081634,6.122448979591836,12.653061224489795,81.22448979591836,10.204081632653061,71.0204081632653
E00149887,310,87,47,40,223,18,205,28.064516129032256,15.161290322580644,12.903225806451612,71.93548387096774,5.806451612903226,66.12903225806451
E00149888,384,67,26,41,317,29,288,17.447916666666664,6.770833333333333,10.677083333333332,82.55208333333334,7.552083333333333,75
E00149889,326,52,18,34,274,28,246,15.950920245398773,5.521472392638037,10.429447852760736,84.04907975460122,8.588957055214724,75.4601226993865
E00149891,317,47,14,33,270,28,242,14.826498422712934,4.416403785488959,10.410094637223976,85.17350157728707,8.832807570977918,76.34069400630915
E00149892,333,45,12,33,288,27,261,13.513513513513514,3.6036036036036037,9.90990990990991,86.48648648648648,8.108108108108109,78.37837837837837
E00149893,327,43,12,31,284,33,251,13.149847094801222,3.669724770642202,9.480122324159021,86.85015290519877,10.091743119266056,76.75840978593273
E00149894,242,57,26,31,185,24,161,23.553719008264462,10.743801652892563,12.8099173553719,76.44628099173553,9.917355371900827,66.52892561983471
E00149895,357,50,19,31,307,34,273,14.005602240896359,5.322128851540616,8.683473389355742,85.99439775910365,9.523809523809524,76.47058823529412
E00149896,218,62,34,28,156,16,140,28.440366972477065,15.59633027522936,12.844036697247708,71.55963302752293,7.339449541284404,64.22018348623854
E00149897,263,59,25,34,204,27,177,22.433460076045627,9.505703422053232,12.927756653992395,77.56653992395437,10.26615969581749,67.30038022813687
E00149898,287,48,15,33,239,20,219,16.72473867595819,5.2264808362369335,11.498257839721255,83.27526132404182,6.968641114982578,76.30662020905923
E00149899,279,37,12,25,242,21,221,13.261648745519713,4.301075268817205,8.960573476702509,86.73835125448028,7.526881720430108,79.21146953405018
E00149900,386,56,20,36,330,17,313,14.507772020725387,5.181347150259067,9.32642487046632,85.49222797927462,4.404145077720207,81.0880829015544
E00149903,181,79,33,46,102,12,90,43.646408839779006,18.23204419889503,25.41436464088398,56.353591160220994,6.629834254143646,49.72375690607735
E00149904,269,59,29,30,210,12,198,21.933085501858738,10.780669144981413,11.152416356877323,78.06691449814126,4.4609665427509295,73.60594795539033
E00149905,437,61,28,33,376,9,367,13.958810068649885,6.407322654462242,7.551487414187644,86.04118993135012,2.059496567505721,83.98169336384439
E00149908,301,51,14,37,250,14,236,16.943521594684384,4.651162790697675,12.29235880398671,83.05647840531562,4.651162790697675,78.40531561461795
E00149909,325,53,16,37,272,25,247,16.307692307692307,4.923076923076923,11.384615384615385,83.6923076923077,7.6923076923076925,76
E00149910,498,140,77,63,358,26,332,28.11244979919679,15.461847389558233,12.650602409638553,71.8875502008032,5.220883534136546,66.66666666666666
E00149911,331,65,19,46,266,28,238,19.637462235649547,5.740181268882175,13.897280966767372,80.36253776435045,8.459214501510575,71.90332326283988
E00149912,138,16,7,9,122,10,112,11.594202898550725,5.072463768115942,6.521739130434782,88.40579710144928,7.246376811594203,81.15942028985508
E00149913,261,49,22,27,212,16,196,18.773946360153257,8.42911877394636,10.344827586206897,81.22605363984674,6.130268199233716,75.09578544061303
E00149914,246,66,32,34,180,23,157,26.82926829268293,13.008130081300814,13.821138211382115,73.17073170731707,9.34959349593496,63.82113821138211
E00149915,313,51,25,26,262,15,247,16.293929712460063,7.987220447284344,8.30670926517572,83.70607028753993,4.792332268370607,78.91373801916933
E00149916,397,52,15,37,345,31,314,13.09823677581864,3.7783375314861463,9.319899244332493,86.90176322418137,7.8085642317380355,79.09319899244332
E00149917,325,67,23,44,258,20,238,20.615384615384617,7.076923076923077,13.538461538461538,79.38461538461539,6.153846153846154,73.23076923076923
E00149918,267,41,11,30,226,19,207,15.355805243445692,4.119850187265917,11.235955056179774,84.6441947565543,7.116104868913857,77.52808988764045
E00149919,345,67,25,42,278,31,247,19.420289855072465,7.246376811594203,12.173913043478262,80.57971014492755,8.985507246376812,71.59420289855073
E00149920,235,41,16,25,194,15,179,17.4468085106383,6.808510638297872,10.638297872340425,82.5531914893617,6.382978723404255,76.17021276595744
E00149921,297,51,25,26,246,29,217,17.17171717171717,8.417508417508419,8.754208754208754,82.82828282828282,9.764309764309765,73.06397306397307
E00149922,233,62,39,23,171,26,145,26.609442060085836,16.738197424892704,9.871244635193133,73.39055793991416,11.158798283261802,62.231759656652365
E00149923,310,37,12,25,273,26,247,11.935483870967742,3.870967741935484,8.064516129032258,88.06451612903226,8.38709677419355,79.6774193548387
E00149924,274,50,20,30,224,23,201,18.248175182481752,7.2992700729927,10.948905109489052,81.75182481751825,8.394160583941606,73.35766423357664
E00149925,278,37,12,25,241,17,224,13.309352517985612,4.316546762589928,8.992805755395683,86.6906474820144,6.115107913669065,80.57553956834532
E00149930,374,67,30,37,307,14,293,17.914438502673796,8.0213903743315509,9.893048128342247,82.0855614973262,3.7433155080213902,78.34224598930481
E00149931,266,74,40,34,192,10,182,27.819548872180448,15.037593984962406,12.781954887218044,72.18045112781954,3.7593984962406015,68.42105263157895
E00149932,334,62,22,40,272,18,254,18.562874251497004,6.58682634730539,11.976047904191617,81.437125748502993,5.389221556886228,76.04790419161677
E00149933,291,60,35,25,231,9,222,20.618556701030926,12.027491408934708,8.59106529209622,79.38144329896907,3.0927835051546393,76.28865979381443
E00149934,385,59,26,33,326,23,303,15.324675324675324,6.753246753246753,8.571428571428571,84.67532467532467,5.974025974025974,78.70129870129871
E00149935,605,70,26,44,535,33,502,11.570247933884298,4.297520661157025,7.2727272727272725,88.42975206611571,5.454545454545454,82.97520661157026
E00149936,561,85,35,50,476,17,459,15.151515151515152,6.23885918003565,8.9126559714795,84.84848484848484,3.0303030303030303,81.81818181818183
E00149937,417,74,31,43,343,16,327,17.74580335731415,7.434052757793765,10.311750599520384,82.25419664268586,3.8369304556354913,78.41726618705036
E00149938,356,65,30,35,291,9,282,18.258426966292134,8.426966292134832,9.831460674157304,81.74157303370787,2.528089887640449,79.21348314606742
E00149939,500,86,36,50,414,27,387,17.2,7.199999999999999,10,82.8,5.4,77.4
E00149940,367,46,18,28,321,18,303,12.534059945504087,4.904632152588556,7.629427792915531,87.46594005449592,4.904632152588556,82.56130790190736
E00149941,355,62,31,31,293,17,276,17.464788732394364,8.732394366197182,8.732394366197182,82.53521126760563,4.788732394366197,77.74647887323944
E00149942,348,49,22,27,299,11,288,14.080459770114942,6.321839080459771,7.758620689655173,85.91954022988506,3.1609195402298855,82.75862068965517
E00149943,382,48,21,27,334,17,317,12.56544502617801,5.49738219895288,7.068062827225131,87.43455497382199,4.450261780104712,82.98429319371728
E00149944,304,59,26,33,245,16,229,19.407894736842106,8.552631578947368,10.855263157894738,80.5921052631579,5.263157894736842,75.32894736842105
E00149945,372,83,41,42,289,32,257,22.311827956989248,11.021505376344086,11.29032258064516,77.68817204301075,8.60215053763441,69.08602150537635
E00149946,305,57,24,33,248,26,222,18.688524590163937,7.868852459016394,10.819672131147541,81.31147540983606,8.524590163934425,72.78688524590164
E00149948,286,43,14,29,243,12,231,15.034965034965033,4.895104895104895,10.13986013986014,84.96503496503497,4.195804195804196,80.76923076923077
E00149949,457,50,8,42,407,28,379,10.940919037199125,1.75054704595186,9.190371991247265,89.05908096280088,6.12691466083151,82.93216630196937
E00149950,346,39,11,28,307,30,277,11.271676300578035,3.1791907514450863,8.092485549132949,88.72832369942196,8.670520231213873,80.05780346820809
E00149951,336,63,31,32,273,19,254,18.75,9.226190476190476,9.523809523809524,81.25,5.654761904761905,75.59523809523809
E00149952,347,96,47,49,251,29,222,27.6657060518732,13.544668587896252,14.121037463976945,72.3342939481268,8.357348703170029,63.976945244956774
E00149953,325,63,27,36,262,27,235,19.384615384615383,8.307692307692308,11.076923076923077,80.61538461538461,8.307692307692308,72.3076923076923
E00149954,317,59,30,29,258,21,237,18.61198738170347,9.46372239747634,9.14826498422713,81.38801261829653,6.624605678233439,74.76340694006309
E00149955,220,43,20,23,177,16,161,19.545454545454547,9.090909090909092,10.454545454545453,80.45454545454545,7.2727272727272725,73.18181818181819
E00149956,308,51,20,31,257,23,234,16.558441558441558,6.493506493506493,10.064935064935066,83.44155844155844,7.467532467532467,75.97402597402598
E00149957,343,59,28,31,284,25,259,17.20116618075802,8.16326530612245,9.037900874635568,82.79883381924198,7.288629737609329,75.51020408163265
E00149958,307,59,22,37,248,18,230,19.218241042345277,7.166123778501629,12.052117263843648,80.78175895765473,5.863192182410423,74.9185667752443
E00149959,270,58,14,44,212,20,192,21.48148148148148,5.185185185185185,16.296296296296298,78.51851851851852,7.4074074074074066,71.11111111111111
E00149960,265,41,24,17,224,17,207,15.471698113207546,9.056603773584905,6.415094339622642,84.52830188679246,6.415094339622642,78.11320754716982
E00149961,319,59,18,41,260,23,237,18.495297805642632,5.6426332288401255,12.852664576802509,81.50470219435736,7.210031347962382,74.29467084639498
E00149962,210,45,18,27,165,21,144,21.428571428571427,8.571428571428571,12.857142857142856,78.57142857142857,10,68.57142857142857
E00149963,285,48,13,35,237,14,223,16.842105263157894,4.56140350877193,12.280701754385964,83.15789473684211,4.912280701754386,78.24561403508771
E00149964,293,60,22,38,233,26,207,20.477815699658702,7.508532423208192,12.969283276450511,79.5221843003413,8.873720136518772,70.64846416382252
E00149965,405,142,91,51,263,23,240,35.06172839506173,22.469135802469136,12.592592592592592,64.93827160493827,5.679012345679013,59.25925925925925
E00149966,353,105,63,42,248,26,222,29.745042492917843,17.847025495750707,11.89801699716714,70.25495750708215,7.365439093484419,62.889518413597735
E00149967,304,71,38,33,233,19,214,23.355263157894736,12.5,10.855263157894738,76.64473684210526,6.25,70.39473684210526
E00149968,264,82,43,39,182,13,169,31.060606060606062,16.28787878787879,14.772727272727273,68.93939393939394,4.924242424242424,64.01515151515152
E00149969,284,45,20,25,239,16,223,15.845070422535212,7.042253521126761,8.80281690140845,84.15492957746478,5.633802816901409,78.52112676056338
E00149971,234,45,19,26,189,21,168,19.230769230769234,8.11965811965812,11.11111111111111,80.76923076923077,8.974358974358974,71.7948717948718
E00149972,289,53,25,28,236,22,214,18.33910034602076,8.650519031141869,9.688581314878892,81.66089965397923,7.612456747404845,74.0484429065744
E00149973,255,43,18,25,212,14,198,16.862745098039216,7.0588235294117645,9.803921568627452,83.13725490196079,5.490196078431373,77.64705882352942
E00149974,333,52,20,32,281,21,260,15.615615615615615,6.006006006006006,9.60960960960961,84.38438438438438,6.306306306306306,78.07807807807808
E00149975,290,61,26,35,229,16,213,21.03448275862069,8.96551724137931,12.068965517241379,78.96551724137932,5.517241379310345,73.44827586206897
E00149976,194,69,37,32,125,10,115,35.56701030927835,19.072164948453608,16.49484536082474,64.43298969072166,5.154639175257731,59.27835051546392
E00149977,389,100,45,55,289,30,259,25.70694087403599,11.568123393316196,14.138817480719796,74.293059125964,7.712082262210797,66.58097686375322
E00149978,331,51,19,32,280,22,258,15.407854984894259,5.740181268882175,9.667673716012084,84.59214501510573,6.646525679758309,77.94561933534743
E00149979,332,52,20,32,280,29,251,15.66265060240964,6.024096385542169,9.63855421686747,84.33734939759037,8.734939759036145,75.6024096385542
E00149980,219,78,39,39,141,16,125,35.61643835616438,17.80821917808219,17.80821917808219,64.38356164383562,7.30593607305936,57.077625570776256
E00149981,381,71,24,47,310,31,279,18.635170603674542,6.299212598425196,12.335958005249344,81.36482939632546,8.136482939632545,73.22834645669292
E00149982,330,38,17,21,292,26,266,11.515151515151516,5.151515151515151,6.363636363636363,88.48484848484848,7.878787878787878,80.60606060606061
E00149983,334,56,23,33,278,14,264,16.766467065868262,6.88622754491018,9.880239520958083,83.23353293413174,4.191616766467066,79.04191616766467
E00149984,364,59,18,41,305,16,289,16.208791208791208,4.945054945054945,11.263736263736265,83.79120879120879,4.395604395604396,79.3956043956044
E00149985,299,47,14,33,252,19,233,15.719063545150503,4.682274247491638,11.036789297658862,84.2809364548495,6.354515050167224,77.92642140468227
E00149986,268,59,34,25,209,19,190,22.01492537313433,12.686567164179104,9.328358208955224,77.98507462686567,7.08955223880597,70.8955223880597
E00149987,292,63,32,31,229,16,213,21.575342465753426,10.95890410958904,10.616438356164384,78.42465753424658,5.47945205479452,72.94520547945206
E00149988,363,53,28,25,310,22,288,14.600550964187327,7.7134986225895315,6.887052341597796,85.39944903581267,6.0606060606060606,79.33884297520662
E00149989,322,57,20,37,265,27,238,17.70186335403727,6.211180124223603,11.490683229813664,82.29813664596274,8.385093167701864,73.91304347826086
E00149990,284,56,26,30,228,21,207,19.718309859154928,9.15492957746479,10.56338028169014,80.28169014084507,7.394366197183098,72.88732394366197
E00149991,341,33,9,24,308,35,273,9.67741935483871,2.6392961876832843,7.038123167155426,90.32258064516128,10.263929618768328,80.05865102639295
E00149992,576,101,31,70,475,49,426,17.53472222222222,5.381944444444445,12.152777777777777,82.46527777777779,8.506944444444445,73.95833333333334
E00149993,483,84,23,61,399,40,359,17.391304347826086,4.761904761904762,12.629399585921325,82.6086956521739,8.281573498964804,74.32712215320912
E00149994,253,55,23,32,198,14,184,21.73913043478261,9.090909090909092,12.648221343873518,78.26086956521739,5.533596837944664,72.72727272727273
E00149995,267,76,33,43,191,14,177,28.46441947565543,12.359550561797752,16.10486891385768,71.53558052434457,5.2434456928838955,66.29213483146067
E00149996,262,31,10,21,231,19,212,11.83206106870229,3.816793893129771,8.015267175572518,88.16793893129771,7.251908396946565,80.91603053435115
E00149997,301,36,8,28,265,48,217,11.960132890365449,2.6578073089700998,9.30232558139535,88.03986710963456,15.946843853820598,72.09302325581395
E00149998,304,43,11,32,261,27,234,14.144736842105262,3.618421052631579,10.526315789473683,85.85526315789474,8.881578947368421,76.97368421052632
E00149999,253,60,22,38,193,20,173,23.715415019762844,8.695652173913043,15.019762845849801,76.28458498023716,7.905138339920949,68.37944664031622
E00150000,325,39,12,27,286,24,262,12,3.6923076923076925,8.307692307692308,88,7.384615384615385,80.61538461538461
E00150001,283,48,20,28,235,26,209,16.96113074204947,7.06713780918728,9.89399293286219,83.03886925795054,9.187279151943462,73.85159010600707
E00150002,235,53,13,40,182,15,167,22.5531914893617,5.531914893617021,17.02127659574468,77.4468085106383,6.382978723404255,71.06382978723404
E00150003,283,50,16,34,233,21,212,17.6678445229682,5.6537102473498235,12.014134275618375,82.3321554770318,7.420494699646643,74.91166077738515
E00150004,317,49,19,30,268,36,232,15.457413249211358,5.993690851735016,9.46372239747634,84.54258675078864,11.35646687697161,73.18611987381703
E00150005,535,65,18,47,470,34,436,12.149532710280374,3.364485981308411,8.785046728971963,87.85046728971963,6.355140186915888,81.49532710280374
E00150008,306,49,19,30,257,28,229,16.013071895424837,6.209150326797386,9.803921568627452,83.98692810457517,9.15032679738562,74.83660130718954
E00150009,421,58,18,40,363,41,322,13.77672209026128,4.275534441805226,9.501187648456057,86.22327790973871,9.73871733966746,76.48456057007125
E00150010,281,35,6,29,246,28,218,12.455516014234876,2.135231316725979,10.320284697508896,87.54448398576513,9.9644128113879,77.58007117437722
E00150011,245,64,29,35,181,19,162,26.122448979591837,11.83673469387755,14.285714285714285,73.87755102040816,7.755102040816326,66.12244897959184
E00150012,301,52,15,37,249,17,232,17.275747508305646,4.983388704318937,12.29235880398671,82.72425249169434,5.647840531561462,77.0764119601329
E00150013,174,38,12,26,136,5,131,21.839080459770116,6.896551724137931,14.942528735632186,78.16091954022988,2.8735632183908044,75.28735632183908
E00150014,318,59,21,38,259,21,238,18.553459119496853,6.60377358490566,11.949685534591195,81.44654088050315,6.60377358490566,74.84276729559748
E00150015,280,42,17,25,238,27,211,15,6.071428571428571,8.928571428571429,85,9.642857142857144,75.35714285714286
E00150016,450,54,14,40,396,48,348,12,3.111111111111111,8.88888888888889,88,10.666666666666668,77.33333333333333
E00150017,351,60,20,40,291,30,261,17.094017094017094,5.698005698005698,11.396011396011396,82.90598290598291,8.547008547008547,74.35897435897436
E00150018,243,64,27,37,179,13,166,26.337448559670783,11.11111111111111,15.22633744855967,73.66255144032921,5.349794238683128,68.3127572016461
E00150019,259,39,16,23,220,27,193,15.057915057915059,6.177606177606178,8.880308880308881,84.94208494208493,10.424710424710424,74.5173745173745
E00150020,314,42,19,23,272,26,246,13.375796178343949,6.050955414012739,7.32484076433121,86.62420382165605,8.280254777070063,78.343949044586
E00150021,466,65,19,46,401,25,376,13.948497854077251,4.07725321888412,9.871244635193133,86.05150214592274,5.36480686695279,80.68669527896995
E00150022,432,66,33,33,366,8,358,15.277777777777779,7.638888888888889,7.638888888888889,84.72222222222221,1.8518518518518516,82.87037037037037
E00150023,277,42,16,26,235,14,221,15.162454873646208,5.776173285198556,9.386281588447654,84.83754512635379,5.054151624548736,79.78339350180505
E00150024,389,38,13,25,351,11,340,9.768637532133676,3.3419023136246784,6.426735218508997,90.23136246786633,2.827763496143959,87.40359897172236
E00150025,331,60,35,25,271,15,256,18.12688821752266,10.574018126888216,7.552870090634441,81.87311178247734,4.531722054380665,77.34138972809667
E00150027,482,56,34,22,426,11,415,11.618257261410788,7.053941908713693,4.564315352697095,88.38174273858921,2.2821576763485476,86.09958506224066
E00150028,217,67,31,36,150,14,136,30.87557603686636,14.285714285714285,16.589861751152075,69.12442396313364,6.451612903225806,62.67281105990783
E00150029,352,50,16,34,302,24,278,14.204545454545455,4.545454545454546,9.659090909090908,85.79545454545455,6.8181818181818175,78.97727272727273
E00150030,234,65,23,42,169,16,153,27.77777777777778,9.82905982905983,17.94871794871795,72.22222222222221,6.837606837606838,65.38461538461539
E00150031,435,69,27,42,366,34,332,15.862068965517242,6.206896551724138,9.655172413793103,84.13793103448276,7.816091954022989,76.32183908045977
E00150033,368,56,23,33,312,24,288,15.217391304347828,6.25,8.967391304347826,84.78260869565217,6.521739130434782,78.26086956521739
E00150034,391,44,20,24,347,17,330,11.253196930946292,5.115089514066496,6.138107416879795,88.7468030690537,4.3478260869565215,84.39897698209718
E00150035,471,67,32,35,404,26,378,14.225053078556263,6.794055201698514,7.43099787685775,85.77494692144374,5.520169851380043,80.2547770700637
E00150036,402,61,24,37,341,19,322,15.17412935323383,5.970149253731343,9.203980099502488,84.82587064676616,4.72636815920398,80.09950248756219
E00150037,618,69,28,41,549,30,519,11.165048543689322,4.53074433656958,6.634304207119741,88.83495145631069,4.854368932038835,83.98058252427184
E00150038,425,48,25,23,377,16,361,11.294117647058824,5.88235294117647,5.411764705882352,88.70588235294117,3.7647058823529407,84.94117647058823
E00150039,314,59,31,28,255,17,238,18.789808917197455,9.872611464968154,8.9171974522293,81.21019108280255,5.414012738853503,75.79617834394905
E00150040,437,65,31,34,372,10,362,14.874141876430205,7.093821510297483,7.780320366132723,85.1258581235698,2.2883295194508007,82.83752860411899
E00150041,384,90,41,49,294,28,266,23.4375,10.677083333333332,12.760416666666666,76.5625,7.291666666666667,69.27083333333334
E00150042,367,74,26,48,293,15,278,20.16348773841962,7.084468664850137,13.079019073569482,79.83651226158038,4.087193460490464,75.74931880108991
E00150043,323,59,21,38,264,22,242,18.26625386996904,6.5015479876160995,11.76470588235294,81.73374613003097,6.811145510835913,74.92260061919505
E00150044,337,83,36,47,254,16,238,24.629080118694365,10.682492581602373,13.94658753709199,75.37091988130564,4.747774480712167,70.62314540059347
E00150045,251,75,33,42,176,15,161,29.880478087649404,13.147410358565736,16.733067729083665,70.1195219123506,5.9760956175298805,64.14342629482071
E00150046,204,70,33,37,134,17,117,34.31372549019608,16.176470588235293,18.137254901960784,65.68627450980392,8.333333333333332,57.35294117647059
E00150047,251,82,46,36,169,13,156,32.669322709163346,18.326693227091635,14.342629482071715,67.33067729083665,5.179282868525896,62.15139442231076
E00150048,229,42,15,27,187,20,167,18.340611353711793,6.550218340611353,11.790393013100436,81.6593886462882,8.73362445414847,72.92576419213974
E00150049,343,57,23,34,286,15,271,16.61807580174927,6.705539358600583,9.912536443148689,83.38192419825073,4.373177842565598,79.00874635568513
E00150050,344,60,21,39,284,30,254,17.441860465116278,6.104651162790697,11.337209302325581,82.55813953488372,8.720930232558139,73.83720930232558
E00150051,254,46,22,24,208,13,195,18.11023622047244,8.661417322834646,9.448818897637794,81.88976377952756,5.118110236220472,76.77165354330708
E00150052,352,70,27,43,282,15,267,19.886363636363637,7.670454545454546,12.215909090909092,80.11363636363636,4.261363636363636,75.85227272727273
E00150053,340,81,32,49,259,26,233,23.823529411764703,9.411764705882353,14.411764705882351,76.17647058823529,7.647058823529412,68.52941176470588
E00150054,281,37,8,29,244,26,218,13.167259786476867,2.8469750889679712,10.320284697508896,86.83274021352312,9.252669039145907,77.58007117437722
E00150055,273,72,29,43,201,20,181,26.373626373626376,10.622710622710622,15.75091575091575,73.62637362637363,7.326007326007327,66.30036630036629
E00150056,330,71,27,44,259,18,241,21.515151515151516,8.181818181818182,13.333333333333334,78.48484848484848,5.454545454545454,73.03030303030303
E00150057,350,75,36,39,275,22,253,21.428571428571427,10.285714285714285,11.142857142857142,78.57142857142857,6.2857142857142865,72.28571428571429
E00150058,272,64,34,30,208,21,187,23.52941176470588,12.5,11.029411764705882,76.47058823529412,7.720588235294118,68.75
E00150059,317,64,16,48,253,20,233,20.189274447949526,5.047318611987381,15.141955835962145,79.81072555205047,6.309148264984227,73.50157728706624
E00150060,255,71,34,37,184,12,172,27.84313725490196,13.333333333333334,14.50980392156863,72.15686274509804,4.705882352941177,67.45098039215686
E00150061,325,65,28,37,260,29,231,20,8.615384615384615,11.384615384615385,80,8.923076923076923,71.07692307692308
E00150062,373,70,34,36,303,18,285,18.766756032171582,9.115281501340483,9.651474530831099,81.23324396782841,4.825737265415549,76.40750670241286
E00150063,338,76,41,35,262,22,240,22.485207100591715,12.1301775147929,10.355029585798817,77.51479289940828,6.508875739644971,71.00591715976331
E00150064,323,54,18,36,269,25,244,16.718266253869967,5.572755417956656,11.145510835913312,83.28173374613003,7.739938080495357,75.54179566563467
E00150065,239,43,19,24,196,13,183,17.99163179916318,7.949790794979079,10.0418410041841,82.00836820083683,5.439330543933055,76.56903765690377
E00150066,301,78,48,30,223,13,210,25.91362126245847,15.946843853820598,9.966777408637874,74.08637873754152,4.318936877076411,69.76744186046511
E00150067,244,50,24,26,194,16,178,20.491803278688526,9.836065573770492,10.655737704918032,79.50819672131148,6.557377049180328,72.95081967213115
E00150068,300,46,15,31,254,26,228,15.333333333333332,5,10.333333333333334,84.66666666666667,8.666666666666668,76
E00150069,269,59,30,29,210,29,181,21.933085501858738,11.152416356877323,10.780669144981413,78.06691449814126,10.780669144981413,67.28624535315984
E00150070,438,67,13,54,371,26,345,15.296803652968036,2.968036529680365,12.32876712328767,84.70319634703196,5.93607305936073,78.76712328767124
E00150071,326,58,28,30,268,26,242,17.791411042944784,8.588957055214724,9.202453987730062,82.20858895705521,7.975460122699387,74.23312883435584
E00150072,453,45,16,29,408,27,381,9.933774834437086,3.532008830022075,6.401766004415011,90.06622516556291,5.960264900662252,84.10596026490066
E00150073,308,42,15,27,266,32,234,13.636363636363635,4.870129870129871,8.766233766233766,86.36363636363636,10.38961038961039,75.97402597402598
E00150074,295,42,15,27,253,26,227,14.237288135593221,5.084745762711865,9.152542372881356,85.76271186440678,8.813559322033898,76.94915254237287
E00150075,511,59,15,44,452,38,414,11.545988258317024,2.935420743639922,8.610567514677104,88.45401174168298,7.436399217221135,81.01761252446184
E00150076,264,40,12,28,224,37,187,15.151515151515152,4.545454545454546,10.606060606060606,84.84848484848484,14.015151515151514,70.83333333333334
E00150077,178,58,20,38,120,15,105,32.58426966292135,11.235955056179774,21.34831460674157,67.41573033707866,8.426966292134832,58.98876404494382
E00150078,305,53,14,39,252,24,228,17.37704918032787,4.590163934426229,12.786885245901638,82.62295081967214,7.868852459016394,74.75409836065575
E00150079,417,43,16,27,374,34,340,10.311750599520384,3.8369304556354913,6.474820143884892,89.68824940047962,8.15347721822542,81.5347721822542
E00150080,248,69,32,37,179,15,164,27.82258064516129,12.903225806451612,14.919354838709678,72.17741935483872,6.048387096774194,66.12903225806451
E00150081,260,48,28,20,212,21,191,18.461538461538463,10.76923076923077,7.6923076923076925,81.53846153846153,8.076923076923077,73.46153846153847
E00150082,264,42,14,28,222,25,197,15.909090909090908,5.303030303030303,10.606060606060606,84.0909090909091,9.469696969696969,74.62121212121212
E00150083,241,43,14,29,198,12,186,17.842323651452283,5.809128630705394,12.033195020746888,82.15767634854771,4.979253112033195,77.17842323651453
E00150084,181,31,15,16,150,21,129,17.12707182320442,8.287292817679557,8.83977900552486,82.87292817679558,11.602209944751381,71.27071823204419
E00150085,275,47,12,35,228,23,205,17.09090909090909,4.363636363636364,12.727272727272727,82.9090909090909,8.363636363636363,74.54545454545455
E00150086,184,44,18,26,140,19,121,23.91304347826087,9.782608695652174,14.130434782608695,76.08695652173914,10.326086956521738,65.76086956521739
E00150087,312,52,22,30,260,22,238,16.666666666666664,7.051282051282051,9.615384615384617,83.33333333333334,7.051282051282051,76.28205128205127
E00150089,253,60,18,42,193,20,173,23.715415019762844,7.114624505928854,16.600790513833992,76.28458498023716,7.905138339920949,68.37944664031622
E00150090,268,53,22,31,215,15,200,19.776119402985074,8.208955223880597,11.567164179104477,80.22388059701493,5.597014925373134,74.6268656716418
E00150091,314,59,23,36,255,30,225,18.789808917197455,7.32484076433121,11.464968152866243,81.21019108280255,9.554140127388536,71.656050955414
E00150092,277,43,10,33,234,22,212,15.523465703971121,3.6101083032490973,11.913357400722022,84.47653429602889,7.9422382671480145,76.53429602888086
E00150093,386,125,21,104,261,24,237,32.38341968911917,5.4404145077720205,26.94300518134715,67.61658031088082,6.217616580310881,61.398963730569946
E00150094,319,33,8,25,286,20,266,10.344827586206897,2.507836990595611,7.836990595611286,89.65517241379311,6.269592476489027,83.38557993730407
E00150095,339,64,21,43,275,23,252,18.87905604719764,6.1946902654867255,12.684365781710916,81.12094395280236,6.784660766961652,74.33628318584071
E00150096,352,67,21,46,285,31,254,19.03409090909091,5.965909090909091,13.068181818181818,80.9659090909091,8.806818181818182,72.1590909090909
E00150097,263,58,22,36,205,21,184,22.0532319391635,8.365019011406844,13.688212927756654,77.9467680608365,7.984790874524715,69.96197718631178
E00150098,281,57,26,31,224,30,194,20.284697508896798,9.252669039145907,11.032028469750891,79.7153024911032,10.676156583629894,69.03914590747331
E00150101,395,92,49,43,303,31,272,23.29113924050633,12.405063291139239,10.886075949367088,76.70886075949367,7.848101265822785,68.86075949367088
E00150102,292,41,5,36,251,37,214,14.04109589041096,1.7123287671232876,12.32876712328767,85.95890410958904,12.67123287671233,73.28767123287672
E00150103,228,37,11,26,191,19,172,16.228070175438596,4.824561403508771,11.403508771929824,83.77192982456141,8.333333333333332,75.43859649122807
E00150104,335,40,8,32,295,31,264,11.940298507462686,2.3880597014925375,9.55223880597015,88.05970149253731,9.253731343283581,78.80597014925374
E00150105,240,31,12,19,209,16,193,12.916666666666668,5,7.916666666666666,87.08333333333333,6.666666666666667,80.41666666666667
E00150106,435,44,13,31,391,37,354,10.114942528735632,2.9885057471264367,7.126436781609195,89.88505747126436,8.505747126436782,81.37931034482759
E00150107,431,61,10,51,370,34,336,14.153132250580047,2.320185614849188,11.832946635730858,85.84686774941996,7.888631090487238,77.9582366589327
E00150108,217,69,35,34,148,8,140,31.797235023041477,16.129032258064516,15.668202764976957,68.20276497695853,3.686635944700461,64.51612903225806
E00150109,307,40,11,29,267,27,240,13.029315960912053,3.5830618892508146,9.446254071661238,86.97068403908796,8.794788273615636,78.17589576547232
E00150110,425,96,34,62,329,29,300,22.58823529411765,8,14.588235294117647,77.41176470588236,6.8235294117647065,70.58823529411765
E00150111,335,61,22,39,274,24,250,18.208955223880597,6.567164179104477,11.641791044776118,81.7910447761194,7.164179104477612,74.6268656716418
E00150112,255,73,36,37,182,15,167,28.627450980392155,14.117647058823529,14.50980392156863,71.37254901960785,5.88235294117647,65.49019607843137
E00150113,499,48,18,30,451,34,417,9.619238476953909,3.6072144288577155,6.012024048096192,90.38076152304609,6.813627254509018,83.56713426853707
E00150114,284,50,18,32,234,20,214,17.6056338028169,6.338028169014084,11.267605633802818,82.3943661971831,7.042253521126761,75.35211267605634
E00150117,269,40,12,28,229,19,210,14.869888475836431,4.4609665427509295,10.408921933085502,85.13011152416357,7.063197026022305,78.06691449814126
E00150118,378,68,26,42,310,24,286,17.989417989417987,6.878306878306878,11.11111111111111,82.01058201058201,6.349206349206349,75.66137566137566
E00150119,443,73,22,51,370,37,333,16.478555304740404,4.966139954853273,11.512415349887133,83.52144469525959,8.35214446952596,75.16930022573364
E00150120,340,111,49,62,229,21,208,32.64705882352941,14.411764705882351,18.235294117647058,67.3529411764706,6.176470588235294,61.1764705882353
E00150121,281,63,30,33,218,24,194,22.419928825622776,10.676156583629894,11.743772241992882,77.58007117437722,8.540925266903916,69.03914590747331
E00150122,372,73,27,46,299,27,272,19.623655913978492,7.258064516129033,12.365591397849462,80.3763440860215,7.258064516129033,73.11827956989248
E00150123,305,50,15,35,255,29,226,16.39344262295082,4.918032786885246,11.475409836065573,83.60655737704919,9.508196721311474,74.09836065573771
E00150124,190,27,12,15,163,15,148,14.210526315789473,6.315789473684211,7.894736842105263,85.78947368421052,7.894736842105263,77.89473684210526
E00150125,310,54,16,38,256,33,223,17.419354838709676,5.161290322580645,12.258064516129032,82.58064516129032,10.64516129032258,71.93548387096774
E00150126,306,37,16,21,269,15,254,12.091503267973856,5.228758169934641,6.862745098039216,87.90849673202614,4.901960784313726,83.00653594771242
E00150127,237,47,23,24,190,23,167,19.831223628691983,9.70464135021097,10.126582278481013,80.16877637130801,9.70464135021097,70.46413502109705
E00150128,464,72,24,48,392,49,343,15.517241379310345,5.172413793103448,10.344827586206897,84.48275862068965,10.560344827586206,73.92241379310344
E00150130,192,28,9,19,164,17,147,14.583333333333334,4.6875,9.895833333333332,85.41666666666666,8.854166666666668,76.5625
E00150131,300,54,23,31,246,21,225,18,7.666666666666666,10.333333333333334,82,7.000000000000001,75
E00150132,283,58,17,41,225,29,196,20.49469964664311,6.007067137809187,14.487632508833922,79.50530035335689,10.247349823321555,69.25795053003534
E00150133,276,58,23,35,218,24,194,21.014492753623188,8.333333333333332,12.681159420289855,78.98550724637681,8.695652173913043,70.28985507246377
E00150134,262,45,15,30,217,20,197,17.17557251908397,5.7251908396946565,11.450381679389313,82.82442748091603,7.633587786259542,75.19083969465649
E00150135,225,42,7,35,183,22,161,18.666666666666668,3.111111111111111,15.555555555555555,81.33333333333333,9.777777777777779,71.55555555555554
E00150136,277,50,22,28,227,22,205,18.050541516245488,7.9422382671480145,10.108303249097473,81.94945848375451,7.9422382671480145,74.0072202166065
E00150137,239,46,20,26,193,24,169,19.246861924686193,8.368200836820083,10.87866108786611,80.75313807531381,10.0418410041841,70.7112970711297
E00150138,155,16,2,14,139,11,128,10.32258064516129,1.2903225806451613,9.032258064516128,89.6774193548387,7.096774193548387,82.58064516129032
E00150139,397,69,31,38,328,21,307,17.38035264483627,7.8085642317380355,9.571788413098236,82.61964735516372,5.289672544080604,77.32997481108312
E00150140,272,83,42,41,189,12,177,30.514705882352942,15.441176470588236,15.073529411764705,69.48529411764706,4.411764705882353,65.07352941176471
E00150141,423,71,27,44,352,25,327,16.78486997635934,6.382978723404255,10.401891252955082,83.21513002364065,5.91016548463357,77.30496453900709
E00150142,296,68,28,40,228,14,214,22.972972972972975,9.45945945945946,13.513513513513514,77.02702702702703,4.72972972972973,72.2972972972973
E00150143,263,66,29,37,197,24,173,25.09505703422053,11.02661596958175,14.068441064638785,74.90494296577947,9.125475285171103,65.77946768060836
E00150144,275,59,21,38,216,19,197,21.454545454545453,7.636363636363637,13.818181818181818,78.54545454545455,6.909090909090909,71.63636363636363
E00150145,323,84,39,45,239,15,224,26.006191950464398,12.074303405572756,13.93188854489164,73.9938080495356,4.643962848297214,69.3498452012384
E00150146,285,56,26,30,229,24,205,19.649122807017545,9.12280701754386,10.526315789473683,80.35087719298247,8.421052631578947,71.9298245614035
E00150147,435,89,45,44,346,26,320,20.45977011494253,10.344827586206897,10.114942528735632,79.54022988505747,5.977011494252873,73.5632183908046
E00150148,367,49,24,25,318,31,287,13.35149863760218,6.539509536784741,6.811989100817439,86.64850136239782,8.446866485013624,78.2016348773842
E00150149,394,66,31,35,328,33,295,16.751269035532996,7.868020304568528,8.883248730964468,83.24873096446701,8.375634517766498,74.8730964467005
E00150150,362,62,23,39,300,32,268,17.12707182320442,6.353591160220995,10.773480662983426,82.87292817679558,8.83977900552486,74.03314917127072
E00150151,364,60,27,33,304,42,262,16.483516483516482,7.417582417582418,9.065934065934066,83.51648351648352,11.538461538461538,71.97802197802197
E00150152,306,71,35,36,235,15,220,23.202614379084967,11.437908496732026,11.76470588235294,76.79738562091504,4.901960784313726,71.89542483660131
E00150153,354,73,34,39,281,17,264,20.62146892655367,9.6045197740113,11.016949152542372,79.37853107344633,4.80225988700565,74.57627118644068
E00150154,351,43,14,29,308,34,274,12.250712250712251,3.9886039886039883,8.262108262108262,87.74928774928775,9.686609686609685,78.06267806267806
E00150155,370,110,65,45,260,20,240,29.72972972972973,17.56756756756757,12.162162162162163,70.27027027027027,5.405405405405405,64.86486486486487
E00150156,307,45,20,25,262,29,233,14.65798045602606,6.514657980456026,8.143322475570033,85.34201954397395,9.446254071661238,75.8957654723127
E00150157,302,59,22,37,243,21,222,19.5364238410596,7.28476821192053,12.251655629139073,80.4635761589404,6.95364238410596,73.50993377483444
E00150158,251,69,30,39,182,22,160,27.490039840637447,11.952191235059761,15.53784860557769,72.50996015936255,8.764940239043826,63.745019920318725
E00150159,217,36,14,22,181,25,156,16.589861751152075,6.451612903225806,10.138248847926267,83.41013824884793,11.52073732718894,71.88940092165899
E00150160,270,54,26,28,216,20,196,20,9.62962962962963,10.37037037037037,80,7.4074074074074066,72.5925925925926
E00150161,288,53,17,36,235,26,209,18.40277777777778,5.902777777777778,12.5,81.59722222222221,9.027777777777777,72.56944444444444
E00150162,307,62,22,40,245,23,222,20.195439739413683,7.166123778501629,13.029315960912053,79.80456026058633,7.491856677524431,72.31270358306189
E00150163,329,46,13,33,283,21,262,13.98176291793313,3.951367781155015,10.030395136778116,86.01823708206688,6.382978723404255,79.63525835866263
E00150164,286,59,20,39,227,25,202,20.62937062937063,6.993006993006993,13.636363636363635,79.37062937062937,8.741258741258742,70.62937062937063
E00150165,212,47,31,16,165,17,148,22.169811320754718,14.622641509433961,7.547169811320755,77.83018867924528,8.018867924528301,69.81132075471697
E00150166,502,64,22,42,438,39,399,12.749003984063744,4.382470119521913,8.366533864541832,87.25099601593625,7.768924302788845,79.4820717131474
E00150167,549,68,22,46,481,41,440,12.386156648451731,4.007285974499089,8.378870673952642,87.61384335154827,7.468123861566485,80.14571948998179
E00150168,314,52,20,32,262,27,235,16.560509554140125,6.369426751592357,10.191082802547772,83.43949044585987,8.598726114649681,74.84076433121018
E00150169,266,45,11,34,221,32,189,16.917293233082706,4.135338345864661,12.781954887218044,83.0827067669173,12.030075187969924,71.05263157894737
E00150170,399,49,18,31,350,25,325,12.280701754385964,4.511278195488721,7.769423558897243,87.71929824561403,6.265664160401002,81.45363408521304
E00150171,271,33,7,26,238,21,217,12.177121771217712,2.5830258302583027,9.59409594095941,87.82287822878229,7.7490774907749085,80.07380073800738
E00150172,244,56,22,34,188,26,162,22.950819672131146,9.01639344262295,13.934426229508196,77.04918032786885,10.655737704918032,66.39344262295081
E00168346,105,21,7,14,84,7,77,20,6.666666666666667,13.333333333333334,80,6.666666666666667,73.33333333333333
E00168347,141,32,11,21,109,11,98,22.69503546099291,7.801418439716312,14.893617021276595,77.30496453900709,7.801418439716312,69.50354609929079
E00168348,370,56,22,34,314,19,295,15.135135135135137,5.9459459459459465,9.18918918918919,84.86486486486487,5.135135135135135,79.72972972972973
E00168349,158,17,12,5,141,6,135,10.759493670886076,7.59493670886076,3.1645569620253164,89.24050632911393,3.79746835443038,85.44303797468355
E00168350,401,53,26,27,348,29,319,13.216957605985039,6.483790523690773,6.733167082294264,86.78304239401497,7.231920199501247,79.55112219451371
E00168352,264,41,20,21,223,10,213,15.530303030303031,7.575757575757576,7.954545454545454,84.46969696969697,3.787878787878788,80.68181818181817
E00168353,162,37,9,28,125,11,114,22.839506172839506,5.555555555555555,17.28395061728395,77.1604938271605,6.790123456790123,70.37037037037037
E00168354,309,35,14,21,274,13,261,11.326860841423949,4.53074433656958,6.796116504854369,88.67313915857605,4.207119741100324,84.46601941747572
E00168355,199,22,11,11,177,14,163,11.055276381909549,5.527638190954774,5.527638190954774,88.94472361809045,7.035175879396985,81.90954773869346
E00168356,499,85,41,44,414,28,386,17.034068136272545,8.216432865731463,8.817635270541082,82.96593186372746,5.61122244488978,77.35470941883767
E00168357,250,36,8,28,214,18,196,14.399999999999999,3.2,11.200000000000001,85.6,7.199999999999999,78.4
E00168358,281,29,9,20,252,15,237,10.320284697508896,3.202846975088968,7.11743772241993,89.6797153024911,5.338078291814947,84.34163701067615
E00168359,322,34,12,22,288,10,278,10.559006211180124,3.7267080745341614,6.832298136645963,89.44099378881988,3.1055900621118013,86.33540372670807
E00168360,217,21,8,13,196,16,180,9.67741935483871,3.686635944700461,5.990783410138248,90.32258064516128,7.373271889400922,82.94930875576037
E00168361,310,46,13,33,264,25,239,14.838709677419354,4.193548387096775,10.64516129032258,85.16129032258064,8.064516129032258,77.09677419354838
E00168362,214,21,5,16,193,14,179,9.813084112149532,2.336448598130841,7.476635514018691,90.18691588785047,6.5420560747663545,83.64485981308411
E00168363,163,24,7,17,139,8,131,14.723926380368098,4.294478527607362,10.429447852760736,85.2760736196319,4.9079754601226995,80.3680981595092
E00168364,381,52,24,28,329,25,304,13.648293963254593,6.299212598425196,7.349081364829396,86.3517060367454,6.561679790026247,79.79002624671917
E00168365,1102,367,120,247,735,78,657,33.30308529945554,10.88929219600726,22.413793103448278,66.69691470054447,7.078039927404718,59.61887477313974
E00168367,355,34,11,23,321,27,294,9.577464788732394,3.0985915492957745,6.478873239436619,90.4225352112676,7.605633802816901,82.8169014084507
E00168368,223,36,17,19,187,13,174,16.143497757847534,7.623318385650224,8.520179372197308,83.85650224215246,5.829596412556054,78.02690582959642
E00180658,334,63,24,39,271,25,246,18.862275449101794,7.18562874251497,11.676646706586826,81.1377245508982,7.48502994011976,73.65269461077844
E00180660,149,10,0,10,139,7,132,6.7114093959731544,0,6.7114093959731544,93.28859060402685,4.697986577181208,88.59060402684564
E00180663,202,24,12,12,178,11,167,11.881188118811881,5.9405940594059405,5.9405940594059405,88.11881188118812,5.445544554455446,82.67326732673267
E00180666,537,53,6,47,484,36,448,9.869646182495345,1.1173184357541899,8.752327746741155,90.13035381750466,6.70391061452514,83.42644320297951
E00180674,262,41,16,25,221,14,207,15.648854961832063,6.106870229007633,9.541984732824428,84.35114503816794,5.343511450381679,79.00763358778626
E00180675,604,56,11,45,548,35,513,9.271523178807946,1.8211920529801324,7.450331125827815,90.72847682119205,5.7947019867549665,84.93377483443709
E00180676,134,18,9,9,116,7,109,13.432835820895523,6.7164179104477615,6.7164179104477615,86.56716417910447,5.223880597014925,81.34328358208955
E00180677,469,45,17,28,424,26,398,9.594882729211088,3.624733475479744,5.970149253731343,90.40511727078892,5.543710021321962,84.86140724946695
E00180678,311,39,16,23,272,29,243,12.540192926045016,5.144694533762058,7.395498392282958,87.45980707395499,9.32475884244373,78.13504823151125
E00180680,213,49,31,18,164,15,149,23.004694835680752,14.553990610328638,8.450704225352112,76.99530516431925,7.042253521126761,69.95305164319248
E00180684,381,36,13,23,345,26,319,9.448818897637794,3.4120734908136483,6.036745406824147,90.5511811023622,6.824146981627297,83.72703412073491
E00180690,177,48,22,26,129,13,116,27.11864406779661,12.429378531073446,14.689265536723164,72.88135593220339,7.344632768361582,65.5367231638418
E00180692,341,31,9,22,310,27,283,9.090909090909092,2.6392961876832843,6.451612903225806,90.9090909090909,7.9178885630498534,82.99120234604106
E00180694,354,36,17,19,318,33,285,10.16949152542373,4.80225988700565,5.367231638418079,89.83050847457628,9.322033898305085,80.50847457627118
E00180699,177,18,3,15,159,5,154,10.16949152542373,1.694915254237288,8.47457627118644,89.83050847457628,2.824858757062147,87.00564971751412
E00180707,413,62,23,39,351,30,321,15.012106537530268,5.569007263922518,9.443099273607748,84.98789346246973,7.263922518159806,77.72397094430993
E00180713,295,24,5,19,271,16,255,8.135593220338983,1.694915254237288,6.440677966101695,91.86440677966101,5.423728813559322,86.4406779661017
E00180714,293,42,8,34,251,23,228,14.334470989761092,2.7303754266211606,11.604095563139932,85.6655290102389,7.849829351535837,77.81569965870307
E00180718,279,51,19,32,228,17,211,18.27956989247312,6.810035842293908,11.469534050179211,81.72043010752688,6.093189964157706,75.62724014336918
E00180719,103,36,16,20,67,6,61,34.95145631067961,15.53398058252427,19.41747572815534,65.0485436893204,5.825242718446602,59.22330097087378
E00180722,448,72,25,47,376,33,343,16.071428571428573,5.580357142857143,10.491071428571429,83.92857142857143,7.366071428571429,76.5625
E00180723,359,52,22,30,307,15,292,14.484679665738161,6.128133704735376,8.356545961002785,85.51532033426183,4.178272980501393,81.33704735376045
E00180725,553,51,13,38,502,28,474,9.22242314647378,2.3508137432188065,6.871609403254973,90.77757685352623,5.063291139240507,85.71428571428571
E00180726,200,22,13,9,178,6,172,11,6.5,4.5,89,3,86
E00180727,208,29,9,20,179,13,166,13.942307692307693,4.326923076923077,9.615384615384617,86.0576923076923,6.25,79.8076923076923
E00180731,264,38,16,22,226,24,202,14.393939393939394,6.0606060606060606,8.333333333333332,85.60606060606061,9.090909090909092,76.51515151515152
E00180734,349,31,5,26,318,19,299,8.882521489971348,1.4326647564469914,7.4498567335243555,91.11747851002865,5.444126074498568,85.67335243553008
E00180736,369,62,20,42,307,40,267,16.802168021680217,5.420054200542006,11.38211382113821,83.19783197831978,10.840108401084011,72.35772357723577
E00180737,249,37,17,20,212,14,198,14.859437751004014,6.827309236947792,8.032128514056225,85.14056224899599,5.622489959839357,79.51807228915662
E00180743,364,36,10,26,328,27,301,9.89010989010989,2.7472527472527473,7.142857142857142,90.10989010989012,7.417582417582418,82.6923076923077
E00180749,528,49,10,39,479,31,448,9.280303030303031,1.893939393939394,7.386363636363637,90.71969696969697,5.871212121212121,84.84848484848484
E00180752,562,80,30,50,482,27,455,14.23487544483986,5.338078291814947,8.896797153024911,85.76512455516014,4.804270462633451,80.96085409252669
E00180758,318,32,8,24,286,28,258,10.062893081761008,2.515723270440252,7.547169811320755,89.937106918239,8.80503144654088,81.13207547169812
E00180759,252,22,5,17,230,18,212,8.73015873015873,1.984126984126984,6.746031746031746,91.26984126984127,7.142857142857142,84.12698412698413
E00180763,604,48,14,34,556,45,511,7.9470198675496695,2.3178807947019866,5.629139072847682,92.05298013245033,7.450331125827815,84.60264900662253
E00180766,102,36,17,19,66,11,55,35.294117647058826,16.666666666666664,18.627450980392158,64.70588235294117,10.784313725490197,53.92156862745098
E00180769,181,38,16,22,143,19,124,20.994475138121548,8.83977900552486,12.154696132596685,79.00552486187846,10.497237569060774,68.50828729281768
E00180770,149,20,5,15,129,7,122,13.422818791946309,3.3557046979865772,10.06711409395973,86.57718120805369,4.697986577181208,81.87919463087249
E00180771,145,13,4,9,132,12,120,8.96551724137931,2.7586206896551726,6.206896551724138,91.0344827586207,8.275862068965518,82.75862068965517
E00180772,283,31,10,21,252,16,236,10.954063604240282,3.53356890459364,7.420494699646643,89.04593639575971,5.6537102473498235,83.3922261484099
