OA,ts0380001,ts0380002,ts0380003,ts0380004,ts0380005,ts0380006,ts0380007,ts0380002_PCT,ts0380003_PCT,ts0380004_PCT,ts0380005_PCT,ts0380006_PCT,ts0380007_PCT
E00111573,355,69,21,48,286,22,264,19.43661971830986,5.915492957746479,13.521126760563378,80.56338028169014,6.197183098591549,74.36619718309859
E00111575,280,55,23,32,225,23,202,19.642857142857142,8.214285714285714,11.428571428571429,80.35714285714286,8.214285714285714,72.14285714285714
E00111576,338,76,18,58,262,22,240,22.485207100591715,5.325443786982249,17.159763313609467,77.51479289940828,6.508875739644971,71.00591715976331
E00111577,251,39,16,23,212,18,194,15.53784860557769,6.374501992031872,9.163346613545817,84.4621513944223,7.171314741035857,77.29083665338645
E00111578,315,66,22,44,249,27,222,20.952380952380953,6.984126984126984,13.968253968253968,79.04761904761905,8.571428571428571,70.47619047619048
E00111579,314,56,27,29,258,32,226,17.8343949044586,8.598726114649681,9.235668789808917,82.16560509554141,10.191082802547772,71.97452229299363
E00111580,249,72,31,41,177,20,157,28.915662650602407,12.449799196787147,16.46586345381526,71.08433734939759,8.032128514056225,63.05220883534136
E00111581,271,81,35,46,190,18,172,29.88929889298893,12.915129151291513,16.974169741697416,70.11070110701108,6.642066420664207,63.46863468634686
E00111582,323,90,37,53,233,14,219,27.86377708978328,11.455108359133128,16.408668730650156,72.13622291021672,4.3343653250774,67.80185758513932
E00111583,282,61,25,36,221,20,201,21.631205673758867,8.865248226950355,12.76595744680851,78.36879432624113,7.092198581560284,71.27659574468085
E00111584,274,65,34,31,209,17,192,23.722627737226276,12.408759124087592,11.313868613138686,76.27737226277372,6.204379562043796,70.07299270072993
E00111585,291,106,47,59,185,10,175,36.42611683848797,16.151202749140893,20.274914089347078,63.57388316151202,3.436426116838488,60.13745704467354
E00111586,309,94,39,55,215,15,200,30.42071197411003,12.62135922330097,17.79935275080906,69.57928802588997,4.854368932038835,64.72491909385113
E00111587,293,58,21,37,235,18,217,19.795221843003414,7.167235494880546,12.627986348122866,80.2047781569966,6.143344709897611,74.06143344709898
E00111588,171,70,40,30,101,9,92,40.93567251461988,23.391812865497073,17.543859649122805,59.06432748538012,5.263157894736842,53.80116959064327
E00111589,229,69,37,32,160,9,151,30.131004366812224,16.157205240174672,13.973799126637553,69.86899563318777,3.9301310043668125,65.93886462882097
E00111590,306,79,36,43,227,18,209,25.816993464052292,11.76470588235294,14.052287581699346,74.18300653594771,5.88235294117647,68.30065359477125
E00111591,273,65,28,37,208,15,193,23.809523809523807,10.256410256410255,13.553113553113553,76.19047619047619,5.4945054945054945,70.6959706959707
E00111592,375,97,42,55,278,30,248,25.866666666666667,11.200000000000001,14.666666666666666,74.13333333333333,8,66.13333333333333
E00111593,296,77,41,36,219,18,201,26.013513513513516,13.85135135135135,12.162162162162163,73.98648648648648,6.081081081081082,67.9054054054054
E00111594,416,124,62,62,292,15,277,29.807692307692307,14.903846153846153,14.903846153846153,70.1923076923077,3.6057692307692304,66.58653846153845
E00111595,344,60,26,34,284,29,255,17.441860465116278,7.55813953488372,9.883720930232558,82.55813953488372,8.430232558139535,74.12790697674419
E00111596,228,62,39,23,166,18,148,27.192982456140353,17.105263157894736,10.087719298245613,72.80701754385966,7.894736842105263,64.91228070175438
E00111597,300,94,52,42,206,16,190,31.333333333333336,17.333333333333336,14.000000000000002,68.66666666666667,5.333333333333334,63.33333333333333
E00111598,358,54,16,38,304,23,281,15.083798882681565,4.4692737430167595,10.614525139664805,84.91620111731844,6.424581005586592,78.49162011173185
E00111599,363,59,25,34,304,29,275,16.2534435261708,6.887052341597796,9.366391184573002,83.7465564738292,7.988980716253444,75.75757575757575
E00111600,441,66,29,37,375,27,348,14.965986394557824,6.575963718820861,8.390022675736962,85.03401360544217,6.122448979591836,78.91156462585033
E00111601,355,66,39,27,289,26,263,18.591549295774648,10.985915492957748,7.605633802816901,81.40845070422536,7.323943661971831,74.08450704225352
E00111602,325,65,33,32,260,20,240,20,10.153846153846153,9.846153846153847,80,6.153846153846154,73.84615384615385
E00111604,255,35,11,24,220,21,199,13.725490196078432,4.313725490196078,9.411764705882353,86.27450980392157,8.235294117647058,78.03921568627452
E00111605,340,60,23,37,280,19,261,17.647058823529413,6.764705882352941,10.882352941176471,82.35294117647058,5.588235294117648,76.76470588235294
E00111606,364,76,36,40,288,26,262,20.87912087912088,9.89010989010989,10.989010989010989,79.12087912087912,7.142857142857142,71.97802197802197
E00111607,319,51,18,33,268,20,248,15.987460815047022,5.6426332288401255,10.344827586206897,84.01253918495298,6.269592476489027,77.74294670846395
E00111608,404,57,20,37,347,37,310,14.108910891089108,4.9504950495049505,9.158415841584159,85.89108910891089,9.158415841584159,76.73267326732673
E00111609,261,45,21,24,216,18,198,17.24137931034483,8.045977011494253,9.195402298850574,82.75862068965517,6.896551724137931,75.86206896551724
E00111610,290,41,11,30,249,18,231,14.13793103448276,3.793103448275862,10.344827586206897,85.86206896551725,6.206896551724138,79.65517241379311
E00111611,286,52,22,30,234,27,207,18.181818181818183,7.6923076923076925,10.48951048951049,81.81818181818183,9.44055944055944,72.37762237762237
E00111612,351,79,32,47,272,24,248,22.507122507122507,9.116809116809117,13.390313390313391,77.49287749287748,6.837606837606838,70.65527065527066
E00111613,237,77,36,41,160,18,142,32.48945147679325,15.18987341772152,17.29957805907173,67.51054852320675,7.59493670886076,59.91561181434599
E00111614,245,95,51,44,150,17,133,38.775510204081634,20.816326530612244,17.959183673469386,61.224489795918366,6.938775510204081,54.285714285714285
E00111615,289,51,24,27,238,24,214,17.647058823529413,8.304498269896193,9.342560553633218,82.35294117647058,8.304498269896193,74.0484429065744
E00111616,315,83,44,39,232,26,206,26.34920634920635,13.968253968253968,12.380952380952381,73.65079365079366,8.253968253968253,65.39682539682539
E00111617,319,60,24,36,259,17,242,18.808777429467085,7.523510971786834,11.285266457680251,81.19122257053291,5.329153605015674,75.86206896551724
E00111618,304,75,40,35,229,16,213,24.671052631578945,13.157894736842104,11.513157894736842,75.32894736842105,5.263157894736842,70.06578947368422
E00111619,294,77,38,39,217,17,200,26.190476190476193,12.925170068027212,13.26530612244898,73.80952380952381,5.782312925170068,68.02721088435374
E00111622,269,69,30,39,200,30,170,25.650557620817843,11.152416356877323,14.49814126394052,74.34944237918215,11.152416356877323,63.19702602230484
E00111624,328,70,28,42,258,27,231,21.341463414634145,8.536585365853659,12.804878048780488,78.65853658536585,8.231707317073171,70.42682926829268
E00111625,350,71,37,34,279,17,262,20.285714285714285,10.571428571428571,9.714285714285714,79.71428571428572,4.857142857142857,74.85714285714286
E00111626,316,40,14,26,276,28,248,12.658227848101266,4.430379746835443,8.227848101265822,87.34177215189874,8.860759493670885,78.48101265822784
E00111627,336,70,31,39,266,29,237,20.833333333333336,9.226190476190476,11.607142857142858,79.16666666666666,8.630952380952381,70.53571428571429
E00111628,481,99,39,60,382,41,341,20.582120582120584,8.108108108108109,12.474012474012476,79.41787941787942,8.523908523908524,70.89397089397089
E00111629,440,76,22,54,364,41,323,17.272727272727273,5,12.272727272727273,82.72727272727273,9.318181818181818,73.4090909090909
E00111630,333,55,13,42,278,37,241,16.516516516516518,3.903903903903904,12.612612612612612,83.48348348348348,11.11111111111111,72.37237237237237
E00111631,254,35,16,19,219,22,197,13.779527559055119,6.299212598425196,7.480314960629922,86.22047244094489,8.661417322834646,77.55905511811024
E00111632,254,50,19,31,204,19,185,19.68503937007874,7.480314960629922,12.204724409448819,80.31496062992126,7.480314960629922,72.83464566929135
E00111633,297,63,18,45,234,21,213,21.21212121212121,6.0606060606060606,15.151515151515152,78.78787878787878,7.07070707070707,71.71717171717171
E00111634,370,58,17,41,312,32,280,15.675675675675677,4.594594594594595,11.081081081081082,84.32432432432432,8.64864864864865,75.67567567567568
E00111635,295,67,29,38,228,23,205,22.71186440677966,9.830508474576272,12.88135593220339,77.28813559322035,7.796610169491526,69.49152542372882
E00111636,363,51,14,37,312,37,275,14.049586776859504,3.8567493112947657,10.192837465564738,85.9504132231405,10.192837465564738,75.75757575757575
E00111637,218,81,36,45,137,17,120,37.15596330275229,16.51376146788991,20.642201834862387,62.84403669724771,7.79816513761468,55.04587155963303
E00111638,358,53,16,37,305,21,284,14.804469273743019,4.4692737430167595,10.335195530726256,85.19553072625699,5.865921787709497,79.3296089385475
E00111639,578,74,27,47,504,41,463,12.802768166089965,4.671280276816609,8.131487889273355,87.19723183391004,7.093425605536333,80.1038062283737
E00111640,278,65,24,41,213,22,191,23.381294964028775,8.633093525179856,14.748201438848922,76.61870503597122,7.913669064748201,68.70503597122301
E00111641,287,91,46,45,196,18,178,31.70731707317073,16.02787456445993,15.6794425087108,68.29268292682927,6.2717770034843205,62.02090592334495
E00111642,278,90,43,47,188,16,172,32.37410071942446,15.467625899280577,16.906474820143885,67.62589928057554,5.755395683453238,61.87050359712231
E00111643,321,64,26,38,257,14,243,19.937694704049843,8.09968847352025,11.838006230529595,80.06230529595015,4.361370716510903,75.70093457943925
E00111644,330,65,32,33,265,31,234,19.696969696969695,9.696969696969697,10,80.3030303030303,9.393939393939393,70.9090909090909
E00111645,286,52,21,31,234,17,217,18.181818181818183,7.3426573426573425,10.839160839160838,81.81818181818183,5.944055944055944,75.87412587412588
E00111646,247,70,32,38,177,18,159,28.34008097165992,12.955465587044534,15.384615384615385,71.65991902834008,7.28744939271255,64.37246963562752
E00111647,243,51,21,30,192,14,178,20.98765432098765,8.641975308641975,12.345679012345679,79.01234567901234,5.761316872427984,73.25102880658436
E00111648,287,52,26,26,235,26,209,18.118466898954704,9.059233449477352,9.059233449477352,81.8815331010453,9.059233449477352,72.82229965156795
E00111649,303,54,18,36,249,20,229,17.82178217821782,5.9405940594059405,11.881188118811881,82.17821782178217,6.6006600660066,75.57755775577559
E00111650,253,50,19,31,203,29,174,19.76284584980237,7.5098814229249005,12.25296442687747,80.23715415019763,11.462450592885375,68.77470355731225
E00111651,243,71,32,39,172,12,160,29.218106995884774,13.168724279835391,16.049382716049383,70.78189300411523,4.938271604938271,65.84362139917695
E00111652,305,59,25,34,246,30,216,19.34426229508197,8.19672131147541,11.147540983606557,80.65573770491802,9.836065573770492,70.81967213114754
E00111653,296,74,37,37,222,21,201,25,12.5,12.5,75,7.094594594594595,67.9054054054054
E00111654,290,65,19,46,225,27,198,22.413793103448278,6.551724137931035,15.862068965517242,77.58620689655173,9.310344827586208,68.27586206896552
E00111655,248,62,25,37,186,21,165,25,10.080645161290322,14.919354838709678,75,8.46774193548387,66.53225806451613
E00111656,454,94,36,58,360,38,322,20.704845814977972,7.929515418502203,12.77533039647577,79.29515418502203,8.370044052863436,70.92511013215858
E00111657,236,42,15,27,194,22,172,17.796610169491526,6.3559322033898304,11.440677966101696,82.20338983050848,9.322033898305085,72.88135593220339
E00111658,290,64,20,44,226,24,202,22.06896551724138,6.896551724137931,15.172413793103448,77.93103448275862,8.275862068965518,69.6551724137931
E00111660,260,60,25,35,200,21,179,23.076923076923077,9.615384615384617,13.461538461538462,76.92307692307693,8.076923076923077,68.84615384615384
E00111661,317,68,27,41,249,22,227,21.451104100946374,8.517350157728707,12.933753943217665,78.54889589905363,6.940063091482649,71.60883280757098
E00111662,283,51,19,32,232,17,215,18.021201413427562,6.713780918727916,11.307420494699647,81.97879858657244,6.007067137809187,75.97173144876325
E00111663,243,88,48,40,155,28,127,36.21399176954733,19.753086419753085,16.46090534979424,63.78600823045267,11.522633744855968,52.2633744855967
E00111664,245,68,33,35,177,17,160,27.755102040816325,13.46938775510204,14.285714285714285,72.24489795918367,6.938775510204081,65.3061224489796
E00111665,281,83,42,41,198,17,181,29.537366548042705,14.94661921708185,14.590747330960854,70.46263345195729,6.049822064056939,64.41281138790036
E00111666,278,87,44,43,191,16,175,31.294964028776977,15.827338129496402,15.467625899280577,68.70503597122301,5.755395683453238,62.94964028776978
E00111667,325,85,55,30,240,21,219,26.153846153846157,16.923076923076923,9.230769230769232,73.84615384615385,6.461538461538462,67.38461538461539
E00111668,263,44,19,25,219,18,201,16.730038022813687,7.224334600760455,9.505703422053232,83.26996197718631,6.844106463878327,76.42585551330798
E00111669,230,57,30,27,173,18,155,24.782608695652176,13.043478260869565,11.73913043478261,75.21739130434783,7.82608695652174,67.3913043478261
E00111670,310,86,49,37,224,17,207,27.741935483870968,15.806451612903224,11.935483870967742,72.25806451612902,5.483870967741936,66.77419354838709
E00111671,230,45,17,28,185,16,169,19.565217391304348,7.391304347826087,12.173913043478262,80.43478260869566,6.956521739130435,73.47826086956522
E00111672,294,52,20,32,242,26,216,17.687074829931973,6.802721088435375,10.884353741496598,82.31292517006803,8.843537414965986,73.46938775510205
E00111673,269,48,19,29,221,22,199,17.843866171003718,7.063197026022305,10.780669144981413,82.15613382899627,8.178438661710038,73.97769516728626
E00111674,274,54,27,27,220,19,201,19.708029197080293,9.854014598540147,9.854014598540147,80.2919708029197,6.934306569343065,73.35766423357664
E00111675,271,82,30,52,189,24,165,30.25830258302583,11.07011070110701,19.18819188191882,69.74169741697416,8.856088560885608,60.88560885608856
E00111676,224,71,43,28,153,9,144,31.69642857142857,19.196428571428573,12.5,68.30357142857143,4.017857142857143,64.28571428571429
E00111677,200,61,23,38,139,23,116,30.5,11.5,19,69.5,11.5,57.99999999999999
E00111678,201,55,22,33,146,17,129,27.363184079601986,10.945273631840797,16.417910447761194,72.636815920398,8.45771144278607,64.17910447761194
E00111679,189,52,13,39,137,13,124,27.513227513227513,6.878306878306878,20.634920634920633,72.4867724867725,6.878306878306878,65.60846560846561
E00111680,367,78,27,51,289,35,254,21.25340599455041,7.3569482288828345,13.896457765667575,78.7465940054496,9.536784741144414,69.20980926430518
E00111681,252,57,22,35,195,21,174,22.61904761904762,8.73015873015873,13.88888888888889,77.38095238095238,8.333333333333332,69.04761904761905
E00111682,333,63,26,37,270,34,236,18.91891891891892,7.807807807807808,11.11111111111111,81.08108108108108,10.21021021021021,70.87087087087087
E00111683,248,60,22,38,188,17,171,24.193548387096776,8.870967741935484,15.32258064516129,75.80645161290323,6.854838709677419,68.95161290322581
E00111684,302,50,24,26,252,34,218,16.55629139072848,7.9470198675496695,8.609271523178808,83.44370860927152,11.258278145695364,72.18543046357617
E00111685,272,61,25,36,211,23,188,22.426470588235293,9.191176470588236,13.23529411764706,77.57352941176471,8.455882352941178,69.11764705882352
E00111686,189,52,27,25,137,15,122,27.513227513227513,14.285714285714285,13.227513227513226,72.4867724867725,7.936507936507936,64.55026455026454
E00111687,275,102,45,57,173,19,154,37.09090909090909,16.363636363636363,20.727272727272727,62.909090909090914,6.909090909090909,56.00000000000001
E00111688,236,76,41,35,160,12,148,32.20338983050847,17.372881355932204,14.83050847457627,67.79661016949152,5.084745762711865,62.71186440677966
E00111689,205,73,39,34,132,14,118,35.609756097560975,19.024390243902438,16.585365853658537,64.39024390243902,6.829268292682928,57.56097560975609
E00111690,232,72,40,32,160,16,144,31.03448275862069,17.24137931034483,13.793103448275861,68.96551724137932,6.896551724137931,62.06896551724138
E00111691,304,151,87,64,153,10,143,49.67105263157895,28.618421052631575,21.052631578947366,50.32894736842105,3.289473684210526,47.03947368421053
E00111692,368,161,89,72,207,15,192,43.75,24.184782608695652,19.565217391304348,56.25,4.076086956521739,52.17391304347826
E00111693,264,135,94,41,129,13,116,51.13636363636363,35.60606060606061,15.530303030303031,48.86363636363637,4.924242424242424,43.93939393939394
E00111694,253,131,62,69,122,14,108,51.77865612648221,24.50592885375494,27.27272727272727,48.22134387351779,5.533596837944664,42.68774703557312
E00111695,287,120,60,60,167,13,154,41.81184668989547,20.905923344947734,20.905923344947734,58.18815331010453,4.529616724738676,53.65853658536586
E00111696,279,115,71,44,164,21,143,41.21863799283154,25.448028673835125,15.770609318996415,58.78136200716846,7.526881720430108,51.25448028673835
E00111697,243,76,37,39,167,21,146,31.275720164609055,15.22633744855967,16.049382716049383,68.72427983539094,8.641975308641975,60.08230452674898
E00111698,236,73,41,32,163,19,144,30.93220338983051,17.372881355932204,13.559322033898304,69.0677966101695,8.050847457627118,61.016949152542374
E00111699,238,79,37,42,159,12,147,33.193277310924366,15.546218487394958,17.647058823529413,66.80672268907563,5.042016806722689,61.76470588235294
E00111700,239,76,44,32,163,16,147,31.799163179916317,18.410041841004183,13.389121338912133,68.20083682008368,6.694560669456067,61.50627615062761
E00111701,250,61,29,32,189,13,176,24.4,11.600000000000001,12.8,75.6,5.2,70.39999999999999
E00111702,227,72,38,34,155,22,133,31.718061674008812,16.740088105726873,14.977973568281937,68.28193832599119,9.691629955947137,58.590308370044056
E00111703,240,73,40,33,167,9,158,30.416666666666664,16.666666666666664,13.750000000000002,69.58333333333333,3.75,65.83333333333333
E00111704,241,72,39,33,169,13,156,29.87551867219917,16.182572614107883,13.692946058091287,70.12448132780082,5.394190871369295,64.73029045643153
E00111705,261,94,51,43,167,11,156,36.015325670498086,19.54022988505747,16.47509578544061,63.984674329501914,4.21455938697318,59.77011494252874
E00111706,204,73,41,32,131,18,113,35.78431372549019,20.098039215686274,15.686274509803921,64.2156862745098,8.823529411764707,55.392156862745104
E00111707,374,98,42,56,276,33,243,26.203208556149733,11.229946524064172,14.973262032085561,73.79679144385027,8.823529411764707,64.97326203208557
E00111708,334,61,15,46,273,29,244,18.263473053892216,4.491017964071856,13.77245508982036,81.73652694610777,8.682634730538922,73.05389221556887
E00111709,345,83,35,48,262,28,234,24.057971014492754,10.144927536231885,13.91304347826087,75.94202898550725,8.115942028985506,67.82608695652173
E00111710,246,66,33,33,180,17,163,26.82926829268293,13.414634146341465,13.414634146341465,73.17073170731707,6.910569105691057,66.26016260162602
E00111711,288,55,21,34,233,20,213,19.09722222222222,7.291666666666667,11.805555555555555,80.90277777777779,6.944444444444445,73.95833333333334
E00111712,308,54,23,31,254,24,230,17.532467532467532,7.467532467532467,10.064935064935066,82.46753246753246,7.792207792207792,74.67532467532467
E00111713,347,62,35,27,285,18,267,17.86743515850144,10.086455331412104,7.780979827089338,82.13256484149855,5.187319884726225,76.94524495677233
E00111714,302,55,25,30,247,33,214,18.211920529801322,8.27814569536424,9.933774834437086,81.78807947019867,10.927152317880795,70.86092715231787
E00111715,420,86,32,54,334,34,300,20.476190476190474,7.6190476190476195,12.857142857142856,79.52380952380952,8.095238095238095,71.42857142857143
E00111716,381,60,20,40,321,42,279,15.748031496062993,5.2493438320209975,10.498687664041995,84.25196850393701,11.023622047244094,73.22834645669292
E00111717,472,72,28,44,400,36,364,15.254237288135593,5.932203389830509,9.322033898305085,84.7457627118644,7.627118644067797,77.11864406779661
E00111718,275,81,40,41,194,21,173,29.454545454545457,14.545454545454545,14.909090909090908,70.54545454545455,7.636363636363637,62.909090909090914
E00111719,313,56,16,40,257,36,221,17.89137380191693,5.111821086261981,12.779552715654951,82.10862619808307,11.501597444089457,70.6070287539936
E00111720,352,64,23,41,288,26,262,18.181818181818183,6.534090909090909,11.647727272727272,81.81818181818183,7.386363636363637,74.43181818181817
E00111721,292,66,29,37,226,30,196,22.602739726027394,9.931506849315069,12.67123287671233,77.3972602739726,10.273972602739725,67.12328767123287
E00111722,308,58,26,32,250,27,223,18.83116883116883,8.441558441558442,10.38961038961039,81.16883116883116,8.766233766233766,72.40259740259741
E00111723,286,69,26,43,217,26,191,24.125874125874127,9.090909090909092,15.034965034965033,75.87412587412588,9.090909090909092,66.78321678321679
E00111724,218,65,26,39,153,10,143,29.81651376146789,11.926605504587156,17.889908256880734,70.18348623853211,4.587155963302752,65.59633027522935
E00111725,209,48,19,29,161,21,140,22.966507177033492,9.090909090909092,13.875598086124402,77.03349282296651,10.047846889952153,66.98564593301435
E00111726,270,74,33,41,196,27,169,27.40740740740741,12.222222222222221,15.185185185185185,72.5925925925926,10,62.59259259259259
E00111727,251,61,25,36,190,23,167,24.302788844621514,9.9601593625498,14.342629482071715,75.69721115537848,9.163346613545817,66.53386454183267
E00111728,246,62,26,36,184,18,166,25.203252032520325,10.569105691056912,14.634146341463413,74.79674796747967,7.317073170731707,67.47967479674797
E00111729,240,66,33,33,174,13,161,27.500000000000004,13.750000000000002,13.750000000000002,72.5,5.416666666666667,67.08333333333333
E00111730,261,48,26,22,213,24,189,18.39080459770115,9.961685823754788,8.42911877394636,81.60919540229885,9.195402298850574,72.41379310344827
E00111731,185,63,28,35,122,8,114,34.054054054054056,15.135135135135137,18.91891891891892,65.94594594594595,4.324324324324325,61.62162162162163
E00111732,279,76,40,36,203,20,183,27.24014336917563,14.336917562724013,12.903225806451612,72.75985663082437,7.168458781362006,65.59139784946237
E00111733,199,54,29,25,145,21,124,27.1356783919598,14.572864321608039,12.562814070351758,72.8643216080402,10.552763819095476,62.311557788944725
E00111734,316,124,57,67,192,25,167,39.24050632911392,18.037974683544302,21.202531645569618,60.75949367088608,7.9113924050632916,52.84810126582279
E00111735,259,53,18,35,206,26,180,20.463320463320464,6.94980694980695,13.513513513513514,79.53667953667953,10.038610038610038,69.4980694980695
E00111736,305,78,42,36,227,19,208,25.573770491803277,13.77049180327869,11.80327868852459,74.42622950819671,6.229508196721312,68.1967213114754
E00111737,350,72,23,49,278,16,262,20.57142857142857,6.571428571428571,14.000000000000002,79.42857142857143,4.571428571428571,74.85714285714286
E00111738,259,61,30,31,198,12,186,23.552123552123554,11.583011583011583,11.96911196911197,76.44787644787645,4.633204633204633,71.81467181467181
E00111739,284,60,24,36,224,18,206,21.12676056338028,8.450704225352112,12.676056338028168,78.87323943661971,6.338028169014084,72.53521126760563
E00111740,259,65,29,36,194,17,177,25.096525096525095,11.196911196911197,13.8996138996139,74.9034749034749,6.563706563706563,68.33976833976834
E00111741,189,53,28,25,136,11,125,28.04232804232804,14.814814814814813,13.227513227513226,71.95767195767195,5.82010582010582,66.13756613756614
E00111742,225,79,33,46,146,14,132,35.11111111111111,14.666666666666666,20.444444444444446,64.88888888888889,6.222222222222222,58.666666666666664
E00111743,236,61,30,31,175,15,160,25.847457627118644,12.711864406779661,13.135593220338984,74.15254237288136,6.3559322033898304,67.79661016949152
E00111744,372,86,30,56,286,20,266,23.118279569892472,8.064516129032258,15.053763440860216,76.88172043010752,5.376344086021505,71.50537634408603
E00111745,301,76,34,42,225,29,196,25.249169435215947,11.295681063122924,13.953488372093023,74.75083056478405,9.634551495016613,65.11627906976744
E00111746,325,53,20,33,272,25,247,16.307692307692307,6.153846153846154,10.153846153846153,83.6923076923077,7.6923076923076925,76
E00111747,335,48,19,29,287,22,265,14.328358208955224,5.6716417910447765,8.656716417910449,85.67164179104478,6.567164179104477,79.1044776119403
E00111748,297,42,15,27,255,26,229,14.14141414141414,5.05050505050505,9.090909090909092,85.85858585858585,8.754208754208754,77.10437710437711
E00111749,270,79,41,38,191,10,181,29.259259259259256,15.185185185185185,14.074074074074074,70.74074074074073,3.7037037037037033,67.03703703703704
E00111750,485,100,49,51,385,38,347,20.618556701030926,10.103092783505154,10.515463917525773,79.38144329896907,7.835051546391752,71.54639175257732
E00111751,330,91,37,54,239,17,222,27.575757575757574,11.212121212121213,16.363636363636363,72.42424242424242,5.151515151515151,67.27272727272727
E00111752,284,74,36,38,210,15,195,26.056338028169012,12.676056338028168,13.380281690140844,73.94366197183099,5.28169014084507,68.66197183098592
E00111753,262,65,34,31,197,14,183,24.80916030534351,12.977099236641221,11.83206106870229,75.19083969465649,5.343511450381679,69.8473282442748
E00111754,355,45,21,24,310,34,276,12.676056338028168,5.915492957746479,6.760563380281689,87.32394366197182,9.577464788732394,77.74647887323944
E00111755,484,77,31,46,407,44,363,15.909090909090908,6.40495867768595,9.50413223140496,84.0909090909091,9.090909090909092,75
E00111756,304,96,40,56,208,21,187,31.57894736842105,13.157894736842104,18.421052631578945,68.42105263157895,6.907894736842106,61.51315789473685
E00111757,248,42,21,21,206,22,184,16.93548387096774,8.46774193548387,8.46774193548387,83.06451612903226,8.870967741935484,74.19354838709677
E00111758,264,104,62,42,160,25,135,39.39393939393939,23.484848484848484,15.909090909090908,60.60606060606061,9.469696969696969,51.13636363636363
E00111759,330,44,13,31,286,29,257,13.333333333333334,3.939393939393939,9.393939393939393,86.66666666666667,8.787878787878787,77.87878787878788
E00111760,199,80,42,38,119,13,106,40.20100502512563,21.105527638190953,19.09547738693467,59.798994974874375,6.532663316582915,53.266331658291456
E00111761,263,78,33,45,185,17,168,29.65779467680608,12.547528517110266,17.110266159695815,70.34220532319392,6.4638783269961975,63.87832699619772
E00111762,250,54,31,23,196,15,181,21.6,12.4,9.2,78.4,6,72.39999999999999
E00111763,358,127,65,62,231,21,210,35.47486033519553,18.156424581005588,17.318435754189945,64.52513966480447,5.865921787709497,58.659217877094974
E00111764,254,74,35,39,180,21,159,29.133858267716533,13.779527559055119,15.354330708661418,70.86614173228347,8.267716535433072,62.59842519685039
E00111765,291,76,33,43,215,20,195,26.11683848797251,11.34020618556701,14.776632302405499,73.8831615120275,6.872852233676976,67.0103092783505
E00111766,404,100,52,48,304,19,285,24.752475247524753,12.871287128712872,11.881188118811881,75.24752475247524,4.702970297029703,70.54455445544554
E00111767,229,40,14,26,189,15,174,17.46724890829694,6.11353711790393,11.353711790393014,82.53275109170306,6.550218340611353,75.9825327510917
E00111769,145,51,22,29,94,10,84,35.172413793103445,15.172413793103448,20,64.82758620689654,6.896551724137931,57.931034482758626
E00111770,354,64,22,42,290,20,270,18.07909604519774,6.214689265536723,11.864406779661017,81.92090395480226,5.649717514124294,76.27118644067797
E00111771,241,67,25,42,174,13,161,27.800829875518673,10.37344398340249,17.42738589211618,72.19917012448133,5.394190871369295,66.80497925311202
E00111772,468,82,27,55,386,35,351,17.52136752136752,5.769230769230769,11.752136752136751,82.47863247863248,7.478632478632479,75
E00111773,285,90,42,48,195,9,186,31.57894736842105,14.736842105263156,16.842105263157894,68.42105263157895,3.1578947368421053,65.26315789473685
E00111774,218,29,14,15,189,11,178,13.302752293577983,6.422018348623854,6.8807339449541285,86.69724770642202,5.045871559633028,81.65137614678899
E00111775,262,69,23,46,193,18,175,26.33587786259542,8.778625954198473,17.557251908396946,73.66412213740458,6.870229007633588,66.79389312977099
E00111776,255,59,22,37,196,21,175,23.137254901960784,8.627450980392156,14.50980392156863,76.86274509803923,8.235294117647058,68.62745098039215
E00111777,226,69,34,35,157,14,143,30.53097345132743,15.04424778761062,15.486725663716813,69.46902654867256,6.1946902654867255,63.27433628318584
E00111778,289,55,21,34,234,20,214,19.031141868512112,7.26643598615917,11.76470588235294,80.96885813148789,6.920415224913495,74.0484429065744
E00111779,222,54,29,25,168,15,153,24.324324324324326,13.063063063063062,11.26126126126126,75.67567567567568,6.756756756756757,68.91891891891892
E00111780,231,65,31,34,166,11,155,28.13852813852814,13.41991341991342,14.71861471861472,71.86147186147186,4.761904761904762,67.09956709956711
E00111781,283,70,31,39,213,16,197,24.73498233215548,10.954063604240282,13.780918727915195,75.26501766784452,5.6537102473498235,69.6113074204947
E00111782,320,44,19,25,276,21,255,13.750000000000002,5.9375,7.8125,86.25,6.5625,79.6875
E00111783,302,80,29,51,222,14,208,26.490066225165563,9.602649006622517,16.887417218543046,73.50993377483444,4.635761589403973,68.87417218543047
E00111784,323,74,32,42,249,27,222,22.910216718266255,9.907120743034056,13.003095975232199,77.08978328173374,8.359133126934983,68.73065015479877
E00111785,285,48,21,27,237,24,213,16.842105263157894,7.368421052631578,9.473684210526317,83.15789473684211,8.421052631578947,74.73684210526315
E00111786,288,49,14,35,239,26,213,17.01388888888889,4.861111111111112,12.152777777777777,82.98611111111111,9.027777777777777,73.95833333333334
E00111787,268,36,20,16,232,26,206,13.432835820895523,7.462686567164178,5.970149253731343,86.56716417910447,9.701492537313433,76.86567164179104
E00111788,321,52,20,32,269,32,237,16.1993769470405,6.230529595015576,9.968847352024921,83.8006230529595,9.968847352024921,73.83177570093457
E00111789,543,115,50,65,428,37,391,21.178637200736645,9.208103130755065,11.970534069981584,78.82136279926335,6.8139963167587485,72.00736648250461
E00111790,307,61,29,32,246,27,219,19.86970684039088,9.446254071661238,10.423452768729643,80.13029315960912,8.794788273615636,71.33550488599349
E00111791,349,88,43,45,261,18,243,25.214899713467048,12.320916905444127,12.893982808022923,74.78510028653295,5.157593123209169,69.62750716332378
E00111792,354,128,73,55,226,10,216,36.15819209039548,20.62146892655367,15.53672316384181,63.84180790960452,2.824858757062147,61.016949152542374
E00111793,352,71,25,46,281,20,261,20.170454545454543,7.1022727272727275,13.068181818181818,79.82954545454545,5.681818181818182,74.14772727272727
E00111794,315,36,13,23,279,30,249,11.428571428571429,4.1269841269841265,7.301587301587302,88.57142857142857,9.523809523809524,79.04761904761905
E00111795,362,89,37,52,273,33,240,24.585635359116022,10.220994475138122,14.3646408839779,75.41436464088397,9.116022099447514,66.29834254143645
E00111796,265,61,28,33,204,7,197,23.0188679245283,10.566037735849058,12.452830188679245,76.9811320754717,2.6415094339622645,74.33962264150942
E00111797,278,69,35,34,209,17,192,24.820143884892087,12.589928057553957,12.23021582733813,75.17985611510791,6.115107913669065,69.06474820143885
E00111798,266,63,31,32,203,20,183,23.684210526315788,11.654135338345863,12.030075187969924,76.31578947368422,7.518796992481203,68.796992481203
E00111799,246,73,32,41,173,18,155,29.67479674796748,13.008130081300814,16.666666666666664,70.32520325203252,7.317073170731707,63.00813008130082
E00111800,244,70,41,29,174,15,159,28.688524590163933,16.80327868852459,11.885245901639344,71.31147540983606,6.147540983606557,65.1639344262295
E00111801,252,50,29,21,202,17,185,19.841269841269842,11.507936507936508,8.333333333333332,80.15873015873017,6.746031746031746,73.4126984126984
E00111802,281,100,64,36,181,24,157,35.587188612099645,22.77580071174377,12.811387900355871,64.41281138790036,8.540925266903916,55.871886120996436
E00111803,241,72,33,39,169,16,153,29.87551867219917,13.692946058091287,16.182572614107883,70.12448132780082,6.639004149377594,63.48547717842323
E00111804,318,71,37,34,247,24,223,22.32704402515723,11.635220125786164,10.69182389937107,77.67295597484278,7.547169811320755,70.12578616352201
E00111805,294,88,46,42,206,21,185,29.931972789115648,15.646258503401361,14.285714285714285,70.06802721088435,7.142857142857142,62.925170068027214
E00111806,302,56,31,25,246,23,223,18.543046357615893,10.264900662251655,8.27814569536424,81.45695364238411,7.6158940397351,73.84105960264901
E00111807,319,92,46,46,227,20,207,28.84012539184953,14.420062695924765,14.420062695924765,71.15987460815047,6.269592476489027,64.89028213166145
E00111808,242,57,23,34,185,19,166,23.553719008264462,9.50413223140496,14.049586776859504,76.44628099173553,7.851239669421488,68.59504132231406
E00111809,258,57,27,30,201,17,184,22.093023255813954,10.465116279069768,11.627906976744185,77.90697674418605,6.5891472868217065,71.31782945736434
E00111810,316,62,26,36,254,24,230,19.62025316455696,8.227848101265822,11.39240506329114,80.37974683544303,7.59493670886076,72.78481012658227
E00111811,306,67,27,40,239,21,218,21.895424836601308,8.823529411764707,13.071895424836603,78.10457516339869,6.862745098039216,71.24183006535948
E00111812,282,68,26,42,214,27,187,24.113475177304963,9.219858156028367,14.893617021276595,75.88652482269504,9.574468085106384,66.31205673758865
E00111813,315,68,25,43,247,21,226,21.58730158730159,7.936507936507936,13.65079365079365,78.41269841269842,6.666666666666667,71.74603174603175
E00111814,502,110,48,62,392,39,353,21.91235059760956,9.56175298804781,12.350597609561753,78.08764940239044,7.768924302788845,70.3187250996016
E00111815,274,62,27,35,212,22,190,22.62773722627737,9.854014598540147,12.773722627737227,77.37226277372264,8.02919708029197,69.34306569343066
E00111816,485,89,35,54,396,33,363,18.350515463917525,7.216494845360824,11.134020618556702,81.64948453608247,6.804123711340206,74.84536082474227
E00111817,278,69,25,44,209,28,181,24.820143884892087,8.992805755395683,15.827338129496402,75.17985611510791,10.071942446043165,65.10791366906474
E00111818,294,74,39,35,220,16,204,25.170068027210885,13.26530612244898,11.904761904761903,74.82993197278913,5.442176870748299,69.38775510204081
E00111819,317,46,16,30,271,17,254,14.511041009463725,5.047318611987381,9.46372239747634,85.48895899053628,5.3627760252365935,80.12618296529969
E00111820,408,90,44,46,318,25,293,22.058823529411764,10.784313725490197,11.27450980392157,77.94117647058823,6.127450980392156,71.81372549019608
E00111821,241,83,34,49,158,31,127,34.439834024896264,14.107883817427386,20.33195020746888,65.56016597510373,12.863070539419086,52.69709543568465
E00111822,206,72,34,38,134,5,129,34.95145631067961,16.50485436893204,18.446601941747574,65.0485436893204,2.4271844660194173,62.62135922330098
E00111823,259,58,23,35,201,26,175,22.393822393822393,8.880308880308881,13.513513513513514,77.60617760617761,10.038610038610038,67.56756756756756
E00111824,236,61,27,34,175,15,160,25.847457627118644,11.440677966101696,14.40677966101695,74.15254237288136,6.3559322033898304,67.79661016949152
E00111825,230,90,50,40,140,14,126,39.130434782608695,21.73913043478261,17.391304347826086,60.86956521739131,6.086956521739131,54.78260869565217
E00111826,302,67,26,41,235,28,207,22.185430463576157,8.609271523178808,13.57615894039735,77.81456953642383,9.271523178807946,68.54304635761589
E00111827,253,74,29,45,179,14,165,29.249011857707508,11.462450592885375,17.786561264822133,70.7509881422925,5.533596837944664,65.21739130434783
E00111828,248,60,25,35,188,25,163,24.193548387096776,10.080645161290322,14.112903225806454,75.80645161290323,10.080645161290322,65.7258064516129
E00111829,414,73,25,48,341,29,312,17.632850241545896,6.038647342995169,11.594202898550725,82.3671497584541,7.004830917874397,75.36231884057972
E00111830,318,37,14,23,281,29,252,11.635220125786164,4.40251572327044,7.232704402515723,88.36477987421384,9.119496855345911,79.24528301886792
E00111831,277,37,11,26,240,19,221,13.357400722021662,3.9711191335740073,9.386281588447654,86.64259927797833,6.859205776173286,79.78339350180505
E00111832,309,36,15,21,273,27,246,11.650485436893204,4.854368932038835,6.796116504854369,88.3495145631068,8.737864077669903,79.6116504854369
E00111833,258,38,15,23,220,23,197,14.728682170542637,5.813953488372093,8.914728682170542,85.27131782945736,8.914728682170542,76.35658914728683
E00111834,280,50,17,33,230,17,213,17.857142857142858,6.071428571428571,11.785714285714285,82.14285714285714,6.071428571428571,76.07142857142857
E00111835,255,65,20,45,190,16,174,25.49019607843137,7.8431372549019605,17.647058823529413,74.50980392156863,6.2745098039215685,68.23529411764706
E00111837,240,67,37,30,173,21,152,27.916666666666668,15.416666666666668,12.5,72.08333333333333,8.75,63.33333333333333
E00111838,344,65,30,35,279,29,250,18.8953488372093,8.720930232558139,10.174418604651162,81.1046511627907,8.430232558139535,72.67441860465115
E00111839,302,54,21,33,248,30,218,17.880794701986755,6.95364238410596,10.927152317880795,82.11920529801324,9.933774834437086,72.18543046357617
E00111840,222,52,20,32,170,16,154,23.423423423423422,9.00900900900901,14.414414414414415,76.57657657657657,7.207207207207207,69.36936936936937
E00111841,255,51,15,36,204,17,187,20,5.88235294117647,14.117647058823529,80,6.666666666666667,73.33333333333333
E00111842,284,60,32,28,224,31,193,21.12676056338028,11.267605633802818,9.859154929577464,78.87323943661971,10.915492957746478,67.95774647887323
E00111843,243,40,16,24,203,25,178,16.46090534979424,6.584362139917696,9.876543209876543,83.53909465020575,10.2880658436214,73.25102880658436
E00111844,326,80,31,49,246,28,218,24.539877300613497,9.509202453987731,15.030674846625766,75.4601226993865,8.588957055214724,66.87116564417178
E00111845,286,44,17,27,242,23,219,15.384615384615385,5.944055944055944,9.44055944055944,84.61538461538461,8.041958041958042,76.57342657342657
E00111846,282,50,23,27,232,13,219,17.73049645390071,8.156028368794328,9.574468085106384,82.26950354609929,4.609929078014184,77.6595744680851
E00111847,354,67,41,26,287,31,256,18.926553672316384,11.581920903954803,7.344632768361582,81.07344632768361,8.757062146892656,72.31638418079096
E00111848,282,108,48,60,174,26,148,38.297872340425535,17.02127659574468,21.27659574468085,61.702127659574465,9.219858156028367,52.4822695035461
E00111849,281,69,29,40,212,21,191,24.555160142348754,10.320284697508896,14.23487544483986,75.44483985765125,7.473309608540925,67.97153024911033
E00111850,369,83,45,38,286,22,264,22.493224932249323,12.195121951219512,10.29810298102981,77.50677506775068,5.9620596205962055,71.54471544715447
E00111851,339,68,35,33,271,22,249,20.058997050147493,10.32448377581121,9.734513274336283,79.9410029498525,6.489675516224189,73.45132743362832
E00111852,274,65,21,44,209,20,189,23.722627737226276,7.664233576642336,16.05839416058394,76.27737226277372,7.2992700729927,68.97810218978103
E00111853,271,72,35,37,199,14,185,26.56826568265683,12.915129151291513,13.653136531365314,73.43173431734317,5.166051660516605,68.26568265682657
E00111854,493,86,31,55,407,33,374,17.44421906693712,6.288032454361055,11.156186612576064,82.55578093306288,6.693711967545639,75.86206896551724
E00111855,457,83,33,50,374,29,345,18.161925601750546,7.2210065645514225,10.940919037199125,81.83807439824945,6.3457330415754925,75.49234135667396
E00111856,398,74,25,49,324,36,288,18.592964824120603,6.281407035175879,12.311557788944723,81.4070351758794,9.045226130653267,72.36180904522614
E00111857,198,76,44,32,122,11,111,38.38383838383838,22.22222222222222,16.161616161616163,61.61616161616161,5.555555555555555,56.060606060606055
E00111858,278,63,27,36,215,26,189,22.66187050359712,9.712230215827338,12.949640287769784,77.33812949640287,9.352517985611511,67.98561151079137
E00111859,410,68,30,38,342,29,313,16.585365853658537,7.317073170731707,9.268292682926829,83.41463414634146,7.073170731707316,76.34146341463415
E00111860,294,50,20,30,244,23,221,17.006802721088434,6.802721088435375,10.204081632653061,82.99319727891157,7.8231292517006805,75.17006802721087
E00111861,183,67,29,38,116,12,104,36.6120218579235,15.846994535519126,20.76502732240437,63.387978142076506,6.557377049180328,56.830601092896174
E00111862,230,76,37,39,154,16,138,33.04347826086956,16.08695652173913,16.956521739130434,66.95652173913044,6.956521739130435,60
E00111863,219,37,16,21,182,21,161,16.894977168949772,7.30593607305936,9.58904109589041,83.10502283105022,9.58904109589041,73.51598173515981
E00111864,241,54,14,40,187,18,169,22.40663900414938,5.809128630705394,16.59751037344398,77.59336099585063,7.468879668049793,70.12448132780082
E00111865,278,48,13,35,230,24,206,17.26618705035971,4.676258992805756,12.589928057553957,82.73381294964028,8.633093525179856,74.10071942446042
E00111866,258,66,25,41,192,21,171,25.581395348837212,9.689922480620156,15.891472868217054,74.4186046511628,8.13953488372093,66.27906976744185
E00111867,333,100,72,28,233,26,207,30.03003003003003,21.62162162162162,8.408408408408409,69.96996996996997,7.807807807807808,62.16216216216216
E00111868,314,41,10,31,273,19,254,13.05732484076433,3.1847133757961785,9.872611464968154,86.94267515923568,6.050955414012739,80.89171974522293
E00111869,237,45,22,23,192,14,178,18.9873417721519,9.282700421940929,9.70464135021097,81.0126582278481,5.9071729957805905,75.10548523206751
E00111870,326,90,54,36,236,14,222,27.607361963190186,16.56441717791411,11.042944785276074,72.39263803680981,4.294478527607362,68.09815950920245
E00111871,405,85,44,41,320,32,288,20.98765432098765,10.864197530864198,10.123456790123457,79.01234567901234,7.901234567901234,71.11111111111111
E00111873,264,43,13,30,221,29,192,16.28787878787879,4.924242424242424,11.363636363636363,83.71212121212122,10.984848484848484,72.72727272727273
E00111874,406,90,41,49,316,26,290,22.167487684729064,10.098522167487685,12.068965517241379,77.83251231527095,6.403940886699508,71.42857142857143
E00111875,340,54,23,31,286,25,261,15.88235294117647,6.764705882352941,9.117647058823529,84.11764705882354,7.352941176470589,76.76470588235294
E00111876,351,47,19,28,304,18,286,13.390313390313391,5.413105413105413,7.977207977207977,86.6096866096866,5.128205128205128,81.48148148148148
E00111877,294,84,41,43,210,18,192,28.57142857142857,13.945578231292515,14.625850340136054,71.42857142857143,6.122448979591836,65.3061224489796
E00111878,334,81,41,40,253,28,225,24.251497005988025,12.275449101796406,11.976047904191617,75.74850299401199,8.383233532934131,67.36526946107784
E00111879,307,67,35,32,240,28,212,21.824104234527688,11.400651465798045,10.423452768729643,78.17589576547232,9.120521172638437,69.05537459283387
E00111880,269,72,28,44,197,24,173,26.765799256505574,10.408921933085502,16.356877323420075,73.23420074349443,8.921933085501859,64.31226765799256
E00111881,205,43,15,28,162,10,152,20.975609756097562,7.317073170731707,13.658536585365855,79.02439024390245,4.878048780487805,74.14634146341463
E00111882,332,76,37,39,256,27,229,22.89156626506024,11.144578313253012,11.74698795180723,77.10843373493977,8.132530120481928,68.97590361445783
E00111883,328,79,37,42,249,24,225,24.085365853658537,11.28048780487805,12.804878048780488,75.91463414634147,7.317073170731707,68.59756097560977
E00111884,117,66,33,33,51,8,43,56.41025641025641,28.205128205128204,28.205128205128204,43.58974358974359,6.837606837606838,36.75213675213676
E00111885,275,51,27,24,224,20,204,18.545454545454547,9.818181818181818,8.727272727272728,81.45454545454545,7.2727272727272725,74.18181818181819
E00111886,291,56,33,23,235,19,216,19.243986254295535,11.34020618556701,7.903780068728522,80.75601374570446,6.529209621993128,74.22680412371135
E00111887,302,49,17,32,253,19,234,16.225165562913908,5.629139072847682,10.596026490066226,83.77483443708608,6.291390728476822,77.48344370860927
E00111888,294,53,24,29,241,12,229,18.027210884353742,8.16326530612245,9.863945578231291,81.97278911564626,4.081632653061225,77.89115646258503
E00111889,272,68,35,33,204,27,177,25,12.867647058823529,12.132352941176471,75,9.926470588235293,65.07352941176471
E00111890,270,60,32,28,210,18,192,22.22222222222222,11.851851851851853,10.37037037037037,77.77777777777779,6.666666666666667,71.11111111111111
E00111891,251,65,29,36,186,21,165,25.89641434262948,11.553784860557768,14.342629482071715,74.10358565737052,8.366533864541832,65.73705179282868
E00111892,290,77,46,31,213,16,197,26.551724137931032,15.862068965517242,10.689655172413794,73.44827586206897,5.517241379310345,67.93103448275862
E00111893,262,84,48,36,178,11,167,32.06106870229007,18.3206106870229,13.740458015267176,67.93893129770993,4.198473282442748,63.74045801526718
E00111894,296,109,41,68,187,15,172,36.82432432432432,13.85135135135135,22.972972972972975,63.17567567567568,5.0675675675675675,58.108108108108105
E00111895,397,133,75,58,264,29,235,33.50125944584383,18.89168765743073,14.609571788413097,66.49874055415617,7.304785894206549,59.19395465994962
E00111896,408,164,92,72,244,11,233,40.19607843137255,22.54901960784314,17.647058823529413,59.80392156862745,2.696078431372549,57.107843137254896
E00111897,212,94,69,25,118,14,104,44.339622641509436,32.54716981132076,11.79245283018868,55.660377358490564,6.60377358490566,49.056603773584904
E00111898,372,128,65,63,244,25,219,34.40860215053764,17.473118279569892,16.93548387096774,65.59139784946237,6.720430107526881,58.87096774193549
E00111899,300,135,78,57,165,15,150,45,26,19,55.00000000000001,5,50
E00111900,323,98,47,51,225,18,207,30.340557275541798,14.551083591331269,15.789473684210526,69.65944272445822,5.572755417956656,64.08668730650155
E00111901,315,74,36,38,241,23,218,23.49206349206349,11.428571428571429,12.063492063492063,76.5079365079365,7.301587301587302,69.2063492063492
E00111902,315,78,45,33,237,16,221,24.761904761904763,14.285714285714285,10.476190476190476,75.23809523809524,5.079365079365079,70.15873015873015
E00111903,361,102,55,47,259,17,242,28.254847645429365,15.23545706371191,13.019390581717452,71.74515235457064,4.7091412742382275,67.03601108033241
E00111904,268,84,38,46,184,26,158,31.343283582089555,14.17910447761194,17.16417910447761,68.65671641791045,9.701492537313433,58.95522388059702
E00111905,369,119,55,64,250,23,227,32.24932249322493,14.905149051490515,17.344173441734416,67.75067750677508,6.233062330623306,61.517615176151764
E00111906,274,78,29,49,196,16,180,28.467153284671532,10.583941605839415,17.88321167883212,71.53284671532847,5.839416058394161,65.69343065693431
E00111907,224,66,32,34,158,10,148,29.464285714285715,14.285714285714285,15.178571428571427,70.53571428571429,4.464285714285714,66.07142857142857
E00111908,387,157,104,53,230,15,215,40.56847545219638,26.873385012919897,13.695090439276486,59.43152454780362,3.875968992248062,55.55555555555556
E00111909,293,69,33,36,224,12,212,23.549488054607508,11.262798634812286,12.286689419795222,76.45051194539249,4.09556313993174,72.35494880546075
E00111910,243,42,12,30,201,9,192,17.28395061728395,4.938271604938271,12.345679012345679,82.71604938271605,3.7037037037037033,79.01234567901234
E00111911,310,64,29,35,246,29,217,20.64516129032258,9.35483870967742,11.29032258064516,79.35483870967742,9.35483870967742,70
E00111912,333,79,36,43,254,22,232,23.723723723723726,10.81081081081081,12.912912912912914,76.27627627627628,6.606606606606606,69.66966966966966
E00111913,339,63,28,35,276,23,253,18.58407079646018,8.259587020648967,10.32448377581121,81.41592920353983,6.784660766961652,74.63126843657817
E00111914,303,62,19,43,241,24,217,20.462046204620464,6.270627062706271,14.19141914191419,79.53795379537954,7.920792079207921,71.61716171617162
E00111915,281,74,31,43,207,28,179,26.334519572953734,11.032028469750891,15.302491103202847,73.66548042704626,9.9644128113879,63.70106761565836
E00111916,282,47,14,33,235,21,214,16.666666666666664,4.964539007092199,11.702127659574469,83.33333333333334,7.446808510638298,75.88652482269504
E00111917,222,83,43,40,139,7,132,37.38738738738739,19.36936936936937,18.01801801801802,62.612612612612615,3.153153153153153,59.45945945945946
E00111918,265,69,25,44,196,16,180,26.037735849056602,9.433962264150944,16.60377358490566,73.9622641509434,6.037735849056604,67.9245283018868
E00111919,361,135,69,66,226,18,208,37.396121883656505,19.113573407202217,18.282548476454295,62.603878116343495,4.986149584487535,57.61772853185596
E00111920,280,90,57,33,190,18,172,32.142857142857146,20.357142857142858,11.785714285714285,67.85714285714286,6.428571428571428,61.42857142857143
E00111921,321,71,29,42,250,17,233,22.118380062305295,9.034267912772584,13.084112149532709,77.88161993769471,5.29595015576324,72.58566978193146
E00111922,357,71,26,45,286,24,262,19.88795518207283,7.282913165266107,12.605042016806722,80.11204481792717,6.722689075630252,73.38935574229691
E00111923,249,70,42,28,179,20,159,28.11244979919679,16.867469879518072,11.244979919678714,71.8875502008032,8.032128514056225,63.85542168674698
E00111924,265,88,39,49,177,13,164,33.20754716981132,14.716981132075471,18.49056603773585,66.79245283018868,4.905660377358491,61.886792452830186
E00111925,247,78,49,29,169,16,153,31.57894736842105,19.838056680161944,11.740890688259109,68.42105263157895,6.477732793522267,61.943319838056674
E00111926,275,103,56,47,172,17,155,37.45454545454546,20.363636363636363,17.09090909090909,62.54545454545455,6.181818181818182,56.36363636363636
E00111927,257,90,50,40,167,10,157,35.019455252918284,19.45525291828794,15.56420233463035,64.98054474708171,3.8910505836575875,61.08949416342413
E00111928,314,109,56,53,205,17,188,34.71337579617834,17.8343949044586,16.878980891719745,65.28662420382165,5.414012738853503,59.87261146496815
E00111929,265,65,21,44,200,17,183,24.528301886792452,7.9245283018867925,16.60377358490566,75.47169811320755,6.415094339622642,69.0566037735849
E00111930,307,80,43,37,227,19,208,26.058631921824105,14.006514657980457,12.052117263843648,73.9413680781759,6.188925081433225,67.75244299674267
E00111931,284,92,56,36,192,10,182,32.3943661971831,19.718309859154928,12.676056338028168,67.6056338028169,3.5211267605633805,64.08450704225352
E00111932,276,74,45,29,202,10,192,26.811594202898554,16.304347826086957,10.507246376811594,73.18840579710145,3.6231884057971016,69.56521739130434
E00111933,214,56,30,26,158,9,149,26.168224299065418,14.018691588785046,12.149532710280374,73.83177570093457,4.205607476635514,69.62616822429906
E00111934,255,70,23,47,185,29,156,27.450980392156865,9.019607843137255,18.43137254901961,72.54901960784314,11.372549019607844,61.1764705882353
E00111935,260,79,39,40,181,12,169,30.384615384615383,15,15.384615384615385,69.61538461538461,4.615384615384616,65
E00111936,224,59,26,33,165,21,144,26.339285714285715,11.607142857142858,14.732142857142858,73.66071428571429,9.375,64.28571428571429
E00111937,235,43,25,18,192,18,174,18.29787234042553,10.638297872340425,7.659574468085106,81.70212765957446,7.659574468085106,74.04255319148936
E00111938,230,56,25,31,174,18,156,24.347826086956523,10.869565217391305,13.478260869565217,75.65217391304347,7.82608695652174,67.82608695652173
E00111939,240,61,26,35,179,9,170,25.416666666666664,10.833333333333334,14.583333333333334,74.58333333333333,3.75,70.83333333333334
E00111940,260,68,32,36,192,17,175,26.153846153846157,12.307692307692308,13.846153846153847,73.84615384615385,6.538461538461539,67.3076923076923
E00111941,232,69,34,35,163,7,156,29.74137931034483,14.655172413793101,15.086206896551724,70.25862068965517,3.0172413793103448,67.24137931034483
E00111942,288,74,35,39,214,26,188,25.694444444444443,12.152777777777777,13.541666666666666,74.30555555555556,9.027777777777777,65.27777777777779
E00111943,238,60,21,39,178,13,165,25.210084033613445,8.823529411764707,16.386554621848738,74.78991596638656,5.46218487394958,69.32773109243698
E00111944,267,60,23,37,207,21,186,22.47191011235955,8.614232209737828,13.857677902621724,77.52808988764045,7.865168539325842,69.66292134831461
E00111945,245,51,23,28,194,20,174,20.816326530612244,9.387755102040817,11.428571428571429,79.18367346938776,8.16326530612245,71.0204081632653
E00111946,257,58,32,26,199,20,179,22.56809338521401,12.45136186770428,10.116731517509727,77.431906614786,7.782101167315175,69.64980544747081
E00111947,243,52,23,29,191,20,171,21.39917695473251,9.465020576131687,11.934156378600823,78.60082304526749,8.23045267489712,70.37037037037037
E00111948,247,69,26,43,178,25,153,27.93522267206478,10.526315789473683,17.408906882591094,72.06477732793523,10.121457489878543,61.943319838056674
E00111949,239,65,33,32,174,22,152,27.19665271966527,13.807531380753138,13.389121338912133,72.80334728033473,9.205020920502092,63.59832635983263
E00111950,257,65,40,25,192,24,168,25.291828793774318,15.56420233463035,9.72762645914397,74.70817120622569,9.33852140077821,65.36964980544747
E00111951,238,59,25,34,179,21,158,24.789915966386555,10.504201680672269,14.285714285714285,75.21008403361344,8.823529411764707,66.38655462184873
E00111952,286,71,22,49,215,25,190,24.825174825174827,7.6923076923076925,17.132867132867133,75.17482517482517,8.741258741258742,66.43356643356644
E00111953,218,50,17,33,168,24,144,22.93577981651376,7.79816513761468,15.137614678899084,77.06422018348624,11.009174311926607,66.05504587155964
E00111954,284,41,20,21,243,26,217,14.43661971830986,7.042253521126761,7.394366197183098,85.56338028169014,9.15492957746479,76.40845070422534
E00111955,173,37,20,17,136,17,119,21.38728323699422,11.560693641618498,9.826589595375722,78.61271676300578,9.826589595375722,68.78612716763006
E00111956,298,60,30,30,238,18,220,20.13422818791946,10.06711409395973,10.06711409395973,79.86577181208054,6.0402684563758395,73.8255033557047
E00111957,322,87,47,40,235,33,202,27.018633540372672,14.596273291925465,12.422360248447205,72.98136645962732,10.248447204968944,62.732919254658384
E00111958,303,107,62,45,196,20,176,35.31353135313531,20.462046204620464,14.85148514851485,64.68646864686468,6.6006600660066,58.08580858085809
E00111959,267,85,46,39,182,16,166,31.835205992509362,17.228464419475657,14.606741573033707,68.16479400749064,5.992509363295881,62.172284644194754
E00111960,234,59,30,29,175,18,157,25.213675213675213,12.82051282051282,12.393162393162394,74.78632478632478,7.6923076923076925,67.09401709401709
E00111961,312,97,37,60,215,25,190,31.08974358974359,11.858974358974358,19.230769230769234,68.91025641025641,8.012820512820513,60.89743589743589
E00111962,240,63,31,32,177,16,161,26.25,12.916666666666668,13.333333333333334,73.75,6.666666666666667,67.08333333333333
E00111963,299,71,28,43,228,23,205,23.745819397993312,9.364548494983277,14.381270903010032,76.2541806020067,7.6923076923076925,68.56187290969899
E00111964,264,98,68,30,166,20,146,37.121212121212125,25.757575757575758,11.363636363636363,62.878787878787875,7.575757575757576,55.3030303030303
E00111965,288,103,61,42,185,28,157,35.76388888888889,21.180555555555554,14.583333333333334,64.23611111111111,9.722222222222223,54.513888888888886
E00111966,218,60,26,34,158,7,151,27.522935779816514,11.926605504587156,15.59633027522936,72.47706422018348,3.211009174311927,69.26605504587155
E00111967,307,81,35,46,226,18,208,26.384364820846905,11.400651465798045,14.983713355048861,73.61563517915309,5.863192182410423,67.75244299674267
E00111968,403,110,41,69,293,26,267,27.29528535980149,10.173697270471465,17.121588089330025,72.7047146401985,6.451612903225806,66.25310173697271
E00111969,288,64,23,41,224,16,208,22.22222222222222,7.986111111111111,14.23611111111111,77.77777777777779,5.555555555555555,72.22222222222221
E00111970,259,75,41,34,184,17,167,28.957528957528954,15.83011583011583,13.127413127413126,71.04247104247105,6.563706563706563,64.47876447876449
E00111971,288,64,35,29,224,14,210,22.22222222222222,12.152777777777777,10.069444444444445,77.77777777777779,4.861111111111112,72.91666666666666
E00111972,317,59,31,28,258,24,234,18.61198738170347,9.779179810725552,8.832807570977918,81.38801261829653,7.570977917981073,73.81703470031546
E00111973,260,63,29,34,197,17,180,24.23076923076923,11.153846153846155,13.076923076923078,75.76923076923077,6.538461538461539,69.23076923076923
E00111974,258,55,27,28,203,21,182,21.31782945736434,10.465116279069768,10.852713178294573,78.68217054263566,8.13953488372093,70.54263565891473
E00111975,275,66,36,30,209,13,196,24,13.090909090909092,10.909090909090908,76,4.7272727272727275,71.27272727272728
E00111976,189,68,38,30,121,14,107,35.978835978835974,20.105820105820104,15.873015873015872,64.02116402116403,7.4074074074074066,56.613756613756614
E00111977,216,69,34,35,147,16,131,31.944444444444443,15.74074074074074,16.203703703703702,68.05555555555556,7.4074074074074066,60.64814814814815
E00111978,236,101,59,42,135,13,122,42.79661016949153,25,17.796610169491526,57.20338983050848,5.508474576271186,51.69491525423729
E00111979,315,79,40,39,236,22,214,25.07936507936508,12.698412698412698,12.380952380952381,74.92063492063492,6.984126984126984,67.93650793650794
E00111980,217,79,48,31,138,17,121,36.405529953917046,22.119815668202765,14.285714285714285,63.594470046082954,7.834101382488479,55.76036866359447
E00111981,226,63,29,34,163,16,147,27.876106194690266,12.831858407079647,15.04424778761062,72.12389380530973,7.079646017699115,65.04424778761062
E00111982,254,59,28,31,195,23,172,23.228346456692915,11.023622047244094,12.204724409448819,76.77165354330708,9.05511811023622,67.71653543307087
E00111983,208,63,27,36,145,17,128,30.288461538461537,12.980769230769232,17.307692307692307,69.71153846153845,8.173076923076923,61.53846153846154
E00111984,280,88,46,42,192,25,167,31.428571428571427,16.428571428571427,15,68.57142857142857,8.928571428571429,59.64285714285714
E00111985,297,72,35,37,225,20,205,24.242424242424242,11.784511784511785,12.457912457912458,75.75757575757575,6.7340067340067336,69.02356902356902
E00111986,267,77,38,39,190,19,171,28.83895131086142,14.232209737827715,14.606741573033707,71.16104868913857,7.116104868913857,64.04494382022472
E00111987,169,59,27,32,110,8,102,34.9112426035503,15.976331360946746,18.93491124260355,65.08875739644971,4.733727810650888,60.35502958579882
E00111988,346,72,30,42,274,31,243,20.809248554913296,8.670520231213873,12.138728323699421,79.1907514450867,8.959537572254336,70.23121387283237
E00111989,274,69,35,34,205,17,188,25.18248175182482,12.773722627737227,12.408759124087592,74.81751824817519,6.204379562043796,68.61313868613139
E00111990,352,104,38,66,248,21,227,29.545454545454547,10.795454545454545,18.75,70.45454545454545,5.965909090909091,64.48863636363636
E00111991,264,80,40,40,184,16,168,30.303030303030305,15.151515151515152,15.151515151515152,69.6969696969697,6.0606060606060606,63.63636363636363
E00111992,231,79,42,37,152,27,125,34.1991341991342,18.181818181818183,16.017316017316016,65.80086580086581,11.688311688311687,54.112554112554115
E00111993,315,69,31,38,246,21,225,21.904761904761905,9.841269841269842,12.063492063492063,78.0952380952381,6.666666666666667,71.42857142857143
E00111994,264,58,24,34,206,16,190,21.96969696969697,9.090909090909092,12.878787878787879,78.03030303030303,6.0606060606060606,71.96969696969697
E00111995,247,62,28,34,185,19,166,25.101214574898783,11.336032388663968,13.765182186234817,74.89878542510121,7.6923076923076925,67.20647773279353
E00111996,317,93,44,49,224,17,207,29.33753943217666,13.880126182965299,15.457413249211358,70.66246056782335,5.3627760252365935,65.29968454258676
E00111997,336,97,39,58,239,19,220,28.869047619047617,11.607142857142858,17.261904761904763,71.13095238095238,5.654761904761905,65.47619047619048
E00111998,249,54,19,35,195,13,182,21.686746987951807,7.630522088353414,14.056224899598394,78.3132530120482,5.220883534136546,73.09236947791165
E00111999,352,70,35,35,282,31,251,19.886363636363637,9.943181818181818,9.943181818181818,80.11363636363636,8.806818181818182,71.30681818181817
E00112000,274,80,36,44,194,17,177,29.1970802919708,13.138686131386862,16.05839416058394,70.8029197080292,6.204379562043796,64.59854014598541
E00112001,212,58,22,36,154,13,141,27.358490566037734,10.377358490566039,16.9811320754717,72.64150943396226,6.132075471698113,66.50943396226415
E00112002,306,61,30,31,245,8,237,19.934640522875817,9.803921568627452,10.130718954248366,80.06535947712419,2.6143790849673203,77.45098039215686
E00112003,318,91,44,47,227,21,206,28.61635220125786,13.836477987421384,14.779874213836477,71.38364779874213,6.60377358490566,64.77987421383648
E00112005,379,79,28,51,300,21,279,20.844327176781004,7.387862796833773,13.456464379947231,79.15567282321899,5.540897097625329,73.61477572559367
E00112006,374,131,68,63,243,21,222,35.02673796791444,18.181818181818183,16.844919786096256,64.97326203208557,5.614973262032086,59.35828877005348
E00112007,167,71,45,26,96,7,89,42.51497005988024,26.94610778443114,15.568862275449103,57.48502994011976,4.191616766467066,53.293413173652695
E00112008,290,63,19,44,227,22,205,21.72413793103448,6.551724137931035,15.172413793103448,78.27586206896552,7.586206896551724,70.6896551724138
E00112009,285,56,26,30,229,26,203,19.649122807017545,9.12280701754386,10.526315789473683,80.35087719298247,9.12280701754386,71.2280701754386
E00112010,260,66,43,23,194,25,169,25.384615384615383,16.538461538461537,8.846153846153847,74.61538461538461,9.615384615384617,65
E00112011,247,78,41,37,169,17,152,31.57894736842105,16.599190283400812,14.979757085020243,68.42105263157895,6.882591093117409,61.53846153846154
E00112012,249,52,24,28,197,17,180,20.883534136546185,9.63855421686747,11.244979919678714,79.11646586345381,6.827309236947792,72.28915662650603
E00112013,371,97,38,59,274,26,248,26.1455525606469,10.242587601078167,15.902964959568733,73.8544474393531,7.008086253369273,66.84636118598382
E00112014,362,121,75,46,241,20,221,33.42541436464088,20.718232044198896,12.70718232044199,66.57458563535911,5.524861878453039,61.04972375690608
E00112015,382,95,48,47,287,20,267,24.86910994764398,12.56544502617801,12.30366492146597,75.13089005235602,5.2356020942408374,69.89528795811518
E00112016,314,70,26,44,244,25,219,22.29299363057325,8.280254777070063,14.012738853503185,77.70700636942675,7.961783439490445,69.7452229299363
E00112017,337,93,42,51,244,19,225,27.596439169139465,12.462908011869436,15.133531157270031,72.40356083086054,5.637982195845697,66.76557863501483
E00112018,293,62,25,37,231,20,211,21.160409556313994,8.532423208191126,12.627986348122866,78.839590443686,6.825938566552901,72.01365187713311
E00112019,266,86,48,38,180,17,163,32.33082706766917,18.045112781954884,14.285714285714285,67.66917293233082,6.390977443609022,61.278195488721806
E00112020,348,96,56,40,252,23,229,27.586206896551722,16.091954022988507,11.494252873563218,72.41379310344827,6.609195402298851,65.80459770114942
E00112021,300,77,25,52,223,21,202,25.666666666666664,8.333333333333332,17.333333333333336,74.33333333333333,7.000000000000001,67.33333333333333
E00112022,319,102,42,60,217,31,186,31.974921630094045,13.166144200626958,18.808777429467085,68.02507836990596,9.717868338557993,58.307210031347964
E00112023,306,74,28,46,232,18,214,24.183006535947712,9.15032679738562,15.032679738562091,75.81699346405229,5.88235294117647,69.93464052287581
E00112024,355,119,74,45,236,24,212,33.52112676056338,20.845070422535212,12.676056338028168,66.47887323943662,6.760563380281689,59.71830985915493
E00112025,301,74,36,38,227,20,207,24.58471760797342,11.960132890365449,12.624584717607974,75.41528239202658,6.64451827242525,68.77076411960132
E00112026,288,65,28,37,223,21,202,22.569444444444446,9.722222222222223,12.847222222222221,77.43055555555556,7.291666666666667,70.13888888888889
E00112027,273,53,29,24,220,22,198,19.413919413919416,10.622710622710622,8.791208791208792,80.58608058608058,8.058608058608058,72.52747252747253
E00112028,340,71,25,46,269,17,252,20.88235294117647,7.352941176470589,13.529411764705882,79.11764705882352,5,74.11764705882354
E00112029,244,66,30,36,178,7,171,27.049180327868854,12.295081967213115,14.754098360655737,72.95081967213115,2.8688524590163933,70.08196721311475
E00112030,262,61,34,27,201,27,174,23.282442748091604,12.977099236641221,10.305343511450381,76.7175572519084,10.305343511450381,66.41221374045801
E00112031,385,84,34,50,301,34,267,21.818181818181817,8.831168831168831,12.987012987012985,78.18181818181819,8.831168831168831,69.35064935064935
E00112032,287,56,21,35,231,30,201,19.51219512195122,7.317073170731707,12.195121951219512,80.48780487804879,10.452961672473867,70.03484320557492
E00112033,240,62,33,29,178,15,163,25.833333333333336,13.750000000000002,12.083333333333334,74.16666666666667,6.25,67.91666666666667
E00112034,258,59,24,35,199,19,180,22.868217054263564,9.30232558139535,13.565891472868216,77.13178294573643,7.3643410852713185,69.76744186046511
E00112035,218,46,24,22,172,15,157,21.100917431192663,11.009174311926607,10.091743119266056,78.89908256880734,6.8807339449541285,72.01834862385321
E00112036,309,50,21,29,259,24,235,16.181229773462782,6.796116504854369,9.385113268608414,83.81877022653723,7.766990291262135,76.05177993527508
E00112037,454,86,42,44,368,31,337,18.94273127753304,9.251101321585903,9.691629955947137,81.05726872246696,6.828193832599119,74.22907488986785
E00112038,268,50,20,30,218,25,193,18.65671641791045,7.462686567164178,11.194029850746269,81.34328358208955,9.328358208955224,72.01492537313433
E00112039,262,47,21,26,215,23,192,17.938931297709924,8.015267175572518,9.923664122137405,82.06106870229007,8.778625954198473,73.2824427480916
E00112040,213,55,21,34,158,21,137,25.821596244131456,9.859154929577464,15.96244131455399,74.17840375586854,9.859154929577464,64.31924882629107
E00112041,256,51,21,30,205,24,181,19.921875,8.203125,11.71875,80.078125,9.375,70.703125
E00112042,365,60,17,43,305,30,275,16.43835616438356,4.657534246575342,11.78082191780822,83.56164383561644,8.21917808219178,75.34246575342466
E00112043,372,57,27,30,315,36,279,15.32258064516129,7.258064516129033,8.064516129032258,84.67741935483872,9.67741935483871,75
E00112044,431,95,48,47,336,26,310,22.041763341067284,11.1368909512761,10.904872389791183,77.9582366589327,6.0324825986078885,71.92575406032483
E00112045,308,58,24,34,250,29,221,18.83116883116883,7.792207792207792,11.03896103896104,81.16883116883116,9.415584415584416,71.75324675324676
E00112046,504,91,44,47,413,43,370,18.055555555555554,8.73015873015873,9.325396825396826,81.94444444444444,8.531746031746032,73.4126984126984
E00112047,502,120,74,46,382,33,349,23.904382470119522,14.741035856573706,9.163346613545817,76.09561752988047,6.573705179282868,69.52191235059762
E00112048,423,71,34,37,352,33,319,16.78486997635934,8.037825059101655,8.747044917257684,83.21513002364065,7.801418439716312,75.41371158392435
E00112049,452,82,38,44,370,43,327,18.141592920353983,8.4070796460177,9.734513274336283,81.85840707964603,9.513274336283185,72.34513274336283
E00112050,386,127,77,50,259,10,249,32.90155440414508,19.94818652849741,12.953367875647666,67.09844559585493,2.5906735751295336,64.50777202072538
E00112051,242,66,28,38,176,18,158,27.27272727272727,11.570247933884298,15.702479338842975,72.72727272727273,7.43801652892562,65.28925619834712
E00112052,250,71,26,45,179,19,160,28.4,10.4,18,71.6,7.6,64
E00112053,235,73,26,47,162,14,148,31.06382978723404,11.063829787234042,20,68.93617021276596,5.957446808510639,62.97872340425532
E00112054,270,64,28,36,206,11,195,23.703703703703706,10.37037037037037,13.333333333333334,76.29629629629629,4.074074074074074,72.22222222222221
E00112055,239,69,36,33,170,18,152,28.870292887029287,15.062761506276152,13.807531380753138,71.1297071129707,7.531380753138076,63.59832635983263
E00112056,236,70,42,28,166,19,147,29.66101694915254,17.796610169491526,11.864406779661017,70.33898305084746,8.050847457627118,62.28813559322034
E00112057,265,67,34,33,198,14,184,25.28301886792453,12.830188679245284,12.452830188679245,74.71698113207546,5.283018867924529,69.43396226415094
E00112058,535,140,82,58,395,27,368,26.168224299065418,15.327102803738319,10.841121495327103,73.83177570093457,5.046728971962617,68.78504672897196
E00112059,288,88,38,50,200,22,178,30.555555555555557,13.194444444444445,17.36111111111111,69.44444444444444,7.638888888888889,61.80555555555556
E00112060,219,51,30,21,168,23,145,23.28767123287671,13.698630136986301,9.58904109589041,76.71232876712328,10.50228310502283,66.21004566210046
E00112061,270,77,36,41,193,11,182,28.51851851851852,13.333333333333334,15.185185185185185,71.48148148148148,4.074074074074074,67.4074074074074
E00112062,293,88,40,48,205,18,187,30.034129692832767,13.651877133105803,16.38225255972696,69.96587030716724,6.143344709897611,63.82252559726962
E00112063,355,96,45,51,259,31,228,27.042253521126757,12.676056338028168,14.366197183098592,72.95774647887325,8.732394366197182,64.22535211267606
E00112064,279,88,38,50,191,18,173,31.54121863799283,13.620071684587815,17.921146953405017,68.45878136200717,6.451612903225806,62.00716845878136
E00169956,197,33,13,20,164,23,141,16.751269035532996,6.598984771573605,10.152284263959391,83.24873096446701,11.6751269035533,71.57360406091371
E00169957,204,31,10,21,173,23,150,15.196078431372548,4.901960784313726,10.294117647058822,84.80392156862744,11.27450980392157,73.52941176470588
E00169958,305,46,16,30,259,23,236,15.081967213114755,5.245901639344262,9.836065573770492,84.91803278688525,7.540983606557377,77.37704918032787
E00169959,142,18,6,12,124,18,106,12.676056338028168,4.225352112676056,8.450704225352112,87.32394366197182,12.676056338028168,74.64788732394366
E00169960,211,45,10,35,166,18,148,21.32701421800948,4.739336492890995,16.587677725118482,78.67298578199052,8.530805687203792,70.14218009478674
E00169961,256,29,9,20,227,27,200,11.328125,3.515625,7.8125,88.671875,10.546875,78.125
E00188023,309,51,19,32,258,29,229,16.50485436893204,6.148867313915858,10.355987055016183,83.49514563106796,9.385113268608414,74.11003236245955
E00188028,340,26,10,16,314,18,296,7.647058823529412,2.941176470588235,4.705882352941177,92.3529411764706,5.294117647058823,87.05882352941177
E00188051,232,41,17,24,191,13,178,17.67241379310345,7.327586206896551,10.344827586206897,82.32758620689656,5.603448275862069,76.72413793103449
E00188053,336,90,48,42,246,18,228,26.785714285714285,14.285714285714285,12.5,73.21428571428571,5.357142857142857,67.85714285714286
E00188062,300,59,17,42,241,21,220,19.666666666666664,5.666666666666666,14.000000000000002,80.33333333333333,7.000000000000001,73.33333333333333
E00188069,391,54,15,39,337,29,308,13.810741687979538,3.8363171355498724,9.974424552429667,86.18925831202046,7.41687979539642,78.77237851662404
E00188079,375,71,31,40,304,25,279,18.933333333333334,8.266666666666666,10.666666666666668,81.06666666666666,6.666666666666667,74.4
E00188087,266,71,36,35,195,13,182,26.691729323308273,13.533834586466165,13.157894736842104,73.30827067669173,4.887218045112782,68.42105263157895
E00188099,278,59,24,35,219,11,208,21.223021582733814,8.633093525179856,12.589928057553957,78.77697841726618,3.9568345323741005,74.82014388489209
E00188103,246,33,7,26,213,11,202,13.414634146341465,2.8455284552845526,10.569105691056912,86.58536585365853,4.471544715447155,82.11382113821138
E00188124,366,76,32,44,290,12,278,20.76502732240437,8.743169398907105,12.021857923497267,79.23497267759562,3.278688524590164,75.95628415300546
E00188126,314,81,38,43,233,22,211,25.796178343949045,12.101910828025478,13.694267515923567,74.20382165605095,7.006369426751593,67.19745222929936
E00188135,267,38,18,20,229,16,213,14.232209737827715,6.741573033707865,7.490636704119851,85.76779026217228,5.992509363295881,79.7752808988764
E00188142,258,25,6,19,233,19,214,9.689922480620156,2.3255813953488373,7.3643410852713185,90.31007751937985,7.3643410852713185,82.94573643410853
E00188154,301,35,16,19,266,27,239,11.627906976744185,5.3156146179401995,6.312292358803987,88.37209302325581,8.970099667774086,79.40199335548172
E00188155,260,61,34,27,199,14,185,23.46153846153846,13.076923076923078,10.384615384615385,76.53846153846153,5.384615384615385,71.15384615384616
E00188158,312,47,14,33,265,25,240,15.064102564102564,4.487179487179487,10.576923076923077,84.93589743589743,8.012820512820513,76.92307692307693
E00188161,282,37,6,31,245,16,229,13.120567375886525,2.127659574468085,10.99290780141844,86.87943262411348,5.673758865248227,81.20567375886525
E00188163,224,62,32,30,162,17,145,27.67857142857143,14.285714285714285,13.392857142857142,72.32142857142857,7.5892857142857135,64.73214285714286
