OA,ts0380001,ts0380002,ts0380003,ts0380004,ts0380005,ts0380006,ts0380007,ts0380002_PCT,ts0380003_PCT,ts0380004_PCT,ts0380005_PCT,ts0380006_PCT,ts0380007_PCT
E00016112,303,46,14,32,257,9,248,15.181518151815181,4.62046204620462,10.561056105610561,84.81848184818482,2.9702970297029703,81.84818481848185
E00016113,378,84,42,42,294,20,274,22.22222222222222,11.11111111111111,11.11111111111111,77.77777777777779,5.291005291005291,72.4867724867725
E00016114,292,50,19,31,242,17,225,17.123287671232877,6.506849315068493,10.616438356164384,82.87671232876713,5.821917808219178,77.05479452054794
E00016115,327,74,44,30,253,15,238,22.629969418960243,13.455657492354739,9.174311926605505,77.37003058103976,4.587155963302752,72.78287461773701
E00016116,361,32,10,22,329,24,305,8.86426592797784,2.7700831024930745,6.094182825484765,91.13573407202216,6.64819944598338,84.48753462603878
E00016117,320,41,17,24,279,23,256,12.812499999999998,5.3125,7.5,87.1875,7.187499999999999,80
E00016118,356,54,18,36,302,26,276,15.168539325842698,5.056179775280898,10.112359550561797,84.8314606741573,7.303370786516854,77.52808988764045
E00016119,327,36,17,19,291,23,268,11.009174311926607,5.198776758409786,5.81039755351682,88.9908256880734,7.033639143730887,81.9571865443425
E00016120,298,48,27,21,250,14,236,16.10738255033557,9.060402684563758,7.046979865771812,83.89261744966443,4.697986577181208,79.19463087248322
E00016121,259,44,25,19,215,19,196,16.988416988416986,9.652509652509652,7.335907335907336,83.01158301158301,7.335907335907336,75.67567567567568
E00016122,354,64,28,36,290,18,272,18.07909604519774,7.909604519774012,10.16949152542373,81.92090395480226,5.084745762711865,76.8361581920904
E00016123,292,31,20,11,261,22,239,10.616438356164384,6.8493150684931505,3.767123287671233,89.38356164383562,7.534246575342466,81.84931506849315
E00016124,348,55,31,24,293,8,285,15.804597701149426,8.908045977011495,6.896551724137931,84.19540229885058,2.2988505747126435,81.89655172413794
E00016125,383,65,27,38,318,17,301,16.971279373368144,7.049608355091384,9.921671018276761,83.02872062663185,4.43864229765013,78.59007832898173
E00016126,384,48,22,26,336,21,315,12.5,5.729166666666666,6.770833333333333,87.5,5.46875,82.03125
E00016127,424,45,20,25,379,34,345,10.61320754716981,4.716981132075472,5.89622641509434,89.38679245283019,8.018867924528301,81.36792452830188
E00016128,352,63,33,30,289,23,266,17.897727272727273,9.375,8.522727272727272,82.10227272727273,6.534090909090909,75.56818181818183
E00016129,335,34,14,20,301,24,277,10.149253731343283,4.179104477611941,5.970149253731343,89.8507462686567,7.164179104477612,82.68656716417911
E00016130,335,65,23,42,270,18,252,19.402985074626866,6.865671641791045,12.53731343283582,80.59701492537313,5.3731343283582085,75.22388059701493
E00016131,415,68,33,35,347,18,329,16.3855421686747,7.951807228915662,8.433734939759036,83.61445783132531,4.337349397590361,79.27710843373494
E00016132,310,37,17,20,273,25,248,11.935483870967742,5.483870967741936,6.451612903225806,88.06451612903226,8.064516129032258,80
E00016133,358,63,29,34,295,10,285,17.59776536312849,8.100558659217876,9.497206703910614,82.40223463687151,2.793296089385475,79.60893854748603
E00016134,277,57,29,28,220,13,207,20.577617328519857,10.469314079422382,10.108303249097473,79.42238267148014,4.693140794223827,74.72924187725631
E00016135,320,77,42,35,243,14,229,24.0625,13.125,10.9375,75.9375,4.375,71.5625
E00016136,338,57,25,32,281,14,267,16.86390532544379,7.396449704142012,9.467455621301776,83.13609467455622,4.142011834319527,78.99408284023669
E00016137,420,66,36,30,354,20,334,15.714285714285714,8.571428571428571,7.142857142857142,84.28571428571429,4.761904761904762,79.52380952380952
E00016138,288,50,20,30,238,17,221,17.36111111111111,6.944444444444445,10.416666666666668,82.63888888888889,5.902777777777778,76.73611111111111
E00016139,397,66,37,29,331,26,305,16.624685138539043,9.319899244332493,7.304785894206549,83.37531486146096,6.54911838790932,76.82619647355163
E00016140,302,43,25,18,259,10,249,14.23841059602649,8.27814569536424,5.960264900662252,85.76158940397352,3.3112582781456954,82.45033112582782
E00016141,331,60,36,24,271,14,257,18.12688821752266,10.876132930513595,7.250755287009064,81.87311178247734,4.229607250755287,77.64350453172206
E00016143,419,63,25,38,356,13,343,15.035799522673033,5.966587112171838,9.069212410501192,84.96420047732697,3.1026252983293556,81.86157517899761
E00016144,319,66,32,34,253,14,239,20.689655172413794,10.031347962382444,10.658307210031348,79.3103448275862,4.38871473354232,74.92163009404389
E00016145,292,50,23,27,242,15,227,17.123287671232877,7.876712328767123,9.246575342465754,82.87671232876713,5.136986301369863,77.73972602739725
E00016146,326,50,24,26,276,10,266,15.337423312883436,7.361963190184049,7.975460122699387,84.66257668711657,3.067484662576687,81.59509202453987
E00016147,348,62,33,29,286,18,268,17.81609195402299,9.482758620689655,8.333333333333332,82.18390804597702,5.172413793103448,77.01149425287356
E00016148,308,64,25,39,244,17,227,20.77922077922078,8.116883116883116,12.662337662337661,79.22077922077922,5.51948051948052,73.7012987012987
E00016149,303,46,20,26,257,18,239,15.181518151815181,6.6006600660066,8.58085808580858,84.81848184818482,5.9405940594059405,78.87788778877888
E00016150,361,47,22,25,314,22,292,13.019390581717452,6.094182825484765,6.9252077562326875,86.98060941828255,6.094182825484765,80.88642659279779
E00016151,272,54,26,28,218,10,208,19.852941176470587,9.558823529411764,10.294117647058822,80.14705882352942,3.6764705882352944,76.47058823529412
E00016152,252,47,25,22,205,8,197,18.650793650793652,9.920634920634921,8.73015873015873,81.34920634920636,3.1746031746031744,78.17460317460318
E00016153,264,66,33,33,198,21,177,25,12.5,12.5,75,7.954545454545454,67.04545454545455
E00016154,296,55,21,34,241,22,219,18.58108108108108,7.094594594594595,11.486486486486488,81.41891891891892,7.4324324324324325,73.98648648648648
E00016155,411,46,14,32,365,13,352,11.19221411192214,3.40632603406326,7.785888077858881,88.80778588807786,3.1630170316301705,85.64476885644768
E00016156,333,73,39,34,260,22,238,21.92192192192192,11.711711711711711,10.21021021021021,78.07807807807808,6.606606606606606,71.47147147147147
E00016157,369,73,29,44,296,11,285,19.78319783197832,7.8590785907859075,11.924119241192411,80.21680216802169,2.9810298102981028,77.23577235772358
E00016158,305,24,6,18,281,25,256,7.868852459016394,1.9672131147540985,5.901639344262295,92.1311475409836,8.19672131147541,83.93442622950819
E00016159,391,39,9,30,352,24,328,9.974424552429667,2.3017902813299234,7.672634271099745,90.02557544757033,6.138107416879795,83.88746803069054
E00016160,277,24,9,15,253,26,227,8.664259927797833,3.2490974729241873,5.415162454873646,91.33574007220217,9.386281588447654,81.94945848375451
E00016161,328,53,19,34,275,19,256,16.158536585365855,5.7926829268292686,10.365853658536585,83.84146341463415,5.7926829268292686,78.04878048780488
E00016162,250,26,7,19,224,19,205,10.4,2.8000000000000003,7.6,89.60000000000001,7.6,82
E00016163,281,35,10,25,246,33,213,12.455516014234876,3.558718861209965,8.896797153024911,87.54448398576513,11.743772241992882,75.80071174377224
E00016164,321,75,36,39,246,20,226,23.364485981308412,11.214953271028037,12.149532710280374,76.63551401869158,6.230529595015576,70.40498442367601
E00016165,259,28,11,17,231,23,208,10.81081081081081,4.247104247104247,6.563706563706563,89.1891891891892,8.880308880308881,80.3088803088803
E00016166,165,18,2,16,147,9,138,10.909090909090908,1.2121212121212122,9.696969696969697,89.0909090909091,5.454545454545454,83.63636363636363
E00016167,253,35,9,26,218,23,195,13.83399209486166,3.557312252964427,10.276679841897234,86.16600790513834,9.090909090909092,77.07509881422925
E00016168,141,19,9,10,122,16,106,13.47517730496454,6.382978723404255,7.092198581560284,86.52482269503547,11.347517730496454,75.177304964539
E00016169,260,37,15,22,223,16,207,14.23076923076923,5.769230769230769,8.461538461538462,85.76923076923076,6.153846153846154,79.61538461538461
E00016170,398,54,22,32,344,15,329,13.5678391959799,5.527638190954774,8.040201005025125,86.4321608040201,3.7688442211055273,82.66331658291458
E00016171,255,16,7,9,239,13,226,6.2745098039215685,2.7450980392156863,3.5294117647058822,93.72549019607843,5.098039215686274,88.62745098039215
E00016172,218,36,19,17,182,18,164,16.51376146788991,8.715596330275229,7.79816513761468,83.4862385321101,8.256880733944955,75.22935779816514
E00016173,285,56,24,32,229,20,209,19.649122807017545,8.421052631578947,11.228070175438596,80.35087719298247,7.017543859649122,73.33333333333333
E00016174,275,29,12,17,246,25,221,10.545454545454545,4.363636363636364,6.181818181818182,89.45454545454545,9.090909090909092,80.36363636363636
E00016175,330,74,33,41,256,16,240,22.424242424242426,10,12.424242424242424,77.57575757575758,4.848484848484849,72.72727272727273
E00016176,318,22,3,19,296,23,273,6.918238993710692,0.9433962264150944,5.9748427672955975,93.08176100628931,7.232704402515723,85.84905660377359
E00016177,251,36,10,26,215,15,200,14.342629482071715,3.9840637450199203,10.358565737051793,85.65737051792829,5.9760956175298805,79.6812749003984
E00016178,260,54,27,27,206,11,195,20.76923076923077,10.384615384615385,10.384615384615385,79.23076923076923,4.230769230769231,75
E00016179,331,45,21,24,286,14,272,13.595166163141995,6.3444108761329305,7.250755287009064,86.404833836858,4.229607250755287,82.17522658610272
E00016180,261,40,16,24,221,13,208,15.32567049808429,6.130268199233716,9.195402298850574,84.67432950191571,4.980842911877394,79.6934865900383
E00016181,295,47,20,27,248,13,235,15.932203389830507,6.779661016949152,9.152542372881356,84.06779661016948,4.406779661016949,79.66101694915254
E00016182,336,42,13,29,294,24,270,12.5,3.869047619047619,8.630952380952381,87.5,7.142857142857142,80.35714285714286
E00016183,216,27,10,17,189,18,171,12.5,4.62962962962963,7.87037037037037,87.5,8.333333333333332,79.16666666666666
E00016184,239,34,8,26,205,19,186,14.225941422594143,3.3472803347280333,10.87866108786611,85.77405857740585,7.949790794979079,77.82426778242679
E00016185,227,26,10,16,201,26,175,11.45374449339207,4.405286343612335,7.048458149779736,88.54625550660793,11.45374449339207,77.09251101321586
E00016186,459,48,17,31,411,30,381,10.457516339869281,3.7037037037037033,6.753812636165578,89.54248366013073,6.535947712418301,83.00653594771242
E00016187,322,47,18,29,275,20,255,14.596273291925465,5.590062111801243,9.006211180124224,85.40372670807453,6.211180124223603,79.19254658385093
E00016188,282,39,20,19,243,24,219,13.829787234042554,7.092198581560284,6.73758865248227,86.17021276595744,8.51063829787234,77.6595744680851
E00016189,319,23,6,17,296,21,275,7.210031347962382,1.8808777429467085,5.329153605015674,92.78996865203762,6.583072100313479,86.20689655172413
E00016190,242,49,20,29,193,25,168,20.24793388429752,8.264462809917356,11.983471074380166,79.75206611570248,10.330578512396695,69.42148760330579
E00016191,262,34,5,29,228,20,208,12.977099236641221,1.9083969465648856,11.068702290076336,87.02290076335878,7.633587786259542,79.38931297709924
E00016192,358,50,18,32,308,30,278,13.966480446927374,5.027932960893855,8.938547486033519,86.03351955307262,8.379888268156424,77.6536312849162
E00016193,291,35,13,22,256,16,240,12.027491408934708,4.4673539518900345,7.560137457044673,87.97250859106529,5.498281786941581,82.4742268041237
E00016194,304,33,9,24,271,18,253,10.855263157894738,2.9605263157894735,7.894736842105263,89.14473684210526,5.921052631578947,83.22368421052632
E00016195,256,43,19,24,213,23,190,16.796875,7.421875,9.375,83.203125,8.984375,74.21875
E00016196,447,76,35,41,371,20,351,17.002237136465325,7.829977628635347,9.172259507829978,82.99776286353467,4.47427293064877,78.52348993288591
E00016197,319,32,11,21,287,25,262,10.031347962382444,3.4482758620689653,6.583072100313479,89.96865203761756,7.836990595611286,82.13166144200626
E00016198,412,68,34,34,344,12,332,16.50485436893204,8.25242718446602,8.25242718446602,83.49514563106796,2.912621359223301,80.58252427184466
E00016200,366,57,22,35,309,10,299,15.573770491803279,6.0109289617486334,9.562841530054644,84.42622950819673,2.73224043715847,81.69398907103826
E00016202,448,55,23,32,393,32,361,12.276785714285714,5.133928571428571,7.142857142857142,87.72321428571429,7.142857142857142,80.58035714285714
E00016204,261,43,18,25,218,22,196,16.47509578544061,6.896551724137931,9.578544061302683,83.5249042145594,8.42911877394636,75.09578544061303
E00016205,231,27,6,21,204,24,180,11.688311688311687,2.5974025974025974,9.090909090909092,88.31168831168831,10.38961038961039,77.92207792207793
E00016206,269,43,11,32,226,26,200,15.985130111524162,4.089219330855019,11.895910780669144,84.01486988847584,9.66542750929368,74.34944237918215
E00016208,271,57,21,36,214,14,200,21.033210332103323,7.7490774907749085,13.284132841328415,78.96678966789668,5.166051660516605,73.80073800738008
E00016209,463,76,39,37,387,33,354,16.414686825053995,8.423326133909287,7.991360691144708,83.58531317494601,7.127429805615551,76.45788336933045
E00016210,459,99,52,47,360,38,322,21.568627450980394,11.328976034858387,10.239651416122005,78.43137254901961,8.278867102396514,70.1525054466231
E00016211,280,38,19,19,242,12,230,13.571428571428571,6.785714285714286,6.785714285714286,86.42857142857143,4.285714285714286,82.14285714285714
E00016212,322,56,26,30,266,23,243,17.391304347826086,8.074534161490684,9.316770186335404,82.6086956521739,7.142857142857142,75.46583850931677
E00016213,375,56,22,34,319,30,289,14.933333333333335,5.866666666666666,9.066666666666666,85.06666666666666,8,77.06666666666668
E00016214,380,40,13,27,340,23,317,10.526315789473683,3.421052631578948,7.105263157894736,89.47368421052632,6.052631578947368,83.42105263157895
E00016215,348,51,21,30,297,27,270,14.655172413793101,6.0344827586206895,8.620689655172415,85.34482758620689,7.758620689655173,77.58620689655173
E00016216,349,40,11,29,309,29,280,11.461318051575931,3.151862464183381,8.30945558739255,88.53868194842407,8.30945558739255,80.22922636103151
E00016217,369,58,27,31,311,30,281,15.718157181571815,7.317073170731707,8.401084010840108,84.28184281842819,8.130081300813007,76.15176151761518
E00016218,232,17,2,15,215,20,195,7.327586206896551,0.8620689655172413,6.4655172413793105,92.67241379310344,8.620689655172415,84.05172413793103
E00016219,312,42,14,28,270,30,240,13.461538461538462,4.487179487179487,8.974358974358974,86.53846153846155,9.615384615384617,76.92307692307693
E00016220,237,27,8,19,210,14,196,11.39240506329114,3.375527426160337,8.016877637130802,88.60759493670885,5.9071729957805905,82.70042194092827
E00016221,321,50,17,33,271,23,248,15.57632398753894,5.29595015576324,10.2803738317757,84.42367601246106,7.165109034267912,77.25856697819314
E00016222,372,42,15,27,330,40,290,11.29032258064516,4.032258064516129,7.258064516129033,88.70967741935483,10.75268817204301,77.95698924731182
E00016223,212,28,12,16,184,12,172,13.20754716981132,5.660377358490567,7.547169811320755,86.79245283018868,5.660377358490567,81.13207547169812
E00016224,300,34,6,28,266,29,237,11.333333333333332,2,9.333333333333334,88.66666666666667,9.666666666666666,79
E00016225,253,34,10,24,219,18,201,13.438735177865613,3.9525691699604746,9.486166007905137,86.56126482213439,7.114624505928854,79.44664031620553
E00016226,340,34,10,24,306,28,278,10,2.941176470588235,7.0588235294117645,90,8.235294117647058,81.76470588235294
E00016227,411,57,12,45,354,21,333,13.86861313868613,2.9197080291970803,10.948905109489052,86.13138686131386,5.109489051094891,81.02189781021897
E00016228,307,32,9,23,275,22,253,10.423452768729643,2.9315960912052117,7.491856677524431,89.57654723127035,7.166123778501629,82.41042345276874
E00016229,412,58,27,31,354,34,320,14.077669902912621,6.553398058252427,7.524271844660194,85.92233009708737,8.25242718446602,77.66990291262135
E00016230,371,60,22,38,311,19,292,16.172506738544474,5.929919137466308,10.242587601078167,83.82749326145552,5.121293800539084,78.70619946091644
E00016231,325,60,31,29,265,25,240,18.461538461538463,9.538461538461538,8.923076923076923,81.53846153846153,7.6923076923076925,73.84615384615385
E00016232,326,50,21,29,276,14,262,15.337423312883436,6.441717791411043,8.895705521472392,84.66257668711657,4.294478527607362,80.3680981595092
E00016233,347,65,18,47,282,27,255,18.73198847262248,5.187319884726225,13.544668587896252,81.26801152737752,7.780979827089338,73.48703170028818
E00016235,311,34,11,23,277,20,257,10.932475884244374,3.536977491961415,7.395498392282958,89.06752411575563,6.430868167202572,82.63665594855306
E00016237,298,45,12,33,253,20,233,15.100671140939598,4.026845637583892,11.073825503355705,84.8993288590604,6.7114093959731544,78.18791946308725
E00016238,403,63,23,40,340,28,312,15.632754342431761,5.707196029776675,9.925558312655088,84.36724565756823,6.9478908188585615,77.41935483870968
E00016239,385,80,39,41,305,27,278,20.77922077922078,10.129870129870131,10.649350649350648,79.22077922077922,7.012987012987012,72.20779220779221
E00016241,229,37,15,22,192,12,180,16.157205240174672,6.550218340611353,9.606986899563319,83.84279475982532,5.240174672489083,78.60262008733623
E00016244,321,32,12,20,289,21,268,9.968847352024921,3.7383177570093453,6.230529595015576,90.03115264797508,6.5420560747663545,83.48909657320873
E00016245,475,91,46,45,384,20,364,19.157894736842103,9.68421052631579,9.473684210526317,80.84210526315789,4.2105263157894735,76.63157894736841
E00016246,175,28,14,14,147,9,138,16,8,8,84,5.142857142857142,78.85714285714286
E00016247,322,40,15,25,282,28,254,12.422360248447205,4.658385093167702,7.763975155279502,87.5776397515528,8.695652173913043,78.88198757763976
E00016248,326,30,9,21,296,26,270,9.202453987730062,2.7607361963190185,6.441717791411043,90.79754601226993,7.975460122699387,82.82208588957054
E00016249,239,67,31,36,172,9,163,28.03347280334728,12.97071129707113,15.062761506276152,71.96652719665272,3.765690376569038,68.20083682008368
E00016250,280,50,25,25,230,16,214,17.857142857142858,8.928571428571429,8.928571428571429,82.14285714285714,5.714285714285714,76.42857142857142
E00016252,333,34,10,24,299,26,273,10.21021021021021,3.003003003003003,7.207207207207207,89.7897897897898,7.807807807807808,81.98198198198197
E00016253,297,23,7,16,274,16,258,7.744107744107744,2.356902356902357,5.387205387205387,92.25589225589226,5.387205387205387,86.86868686868688
E00016254,283,48,23,25,235,27,208,16.96113074204947,8.12720848056537,8.8339222614841,83.03886925795054,9.540636042402827,73.4982332155477
E00016255,224,18,3,15,206,21,185,8.035714285714286,1.3392857142857142,6.696428571428571,91.96428571428571,9.375,82.58928571428571
E00016256,275,55,22,33,220,19,201,20,8,12,80,6.909090909090909,73.0909090909091
E00016257,390,58,32,26,332,26,306,14.871794871794872,8.205128205128204,6.666666666666667,85.12820512820512,6.666666666666667,78.46153846153847
E00016258,405,47,16,31,358,16,342,11.604938271604938,3.950617283950617,7.654320987654321,88.39506172839506,3.950617283950617,84.44444444444444
E00016259,319,49,18,31,270,22,248,15.360501567398119,5.6426332288401255,9.717868338557993,84.63949843260188,6.896551724137931,77.74294670846395
E00016260,352,46,26,20,306,33,273,13.068181818181818,7.386363636363637,5.681818181818182,86.93181818181817,9.375,77.55681818181817
E00016261,340,68,32,36,272,26,246,20,9.411764705882353,10.588235294117647,80,7.647058823529412,72.35294117647058
E00016262,289,54,32,22,235,18,217,18.685121107266436,11.072664359861593,7.612456747404845,81.31487889273356,6.228373702422145,75.08650519031141
E00016263,242,37,17,20,205,13,192,15.289256198347106,7.024793388429752,8.264462809917356,84.71074380165288,5.371900826446281,79.33884297520662
E00016264,306,42,17,25,264,18,246,13.725490196078432,5.555555555555555,8.169934640522875,86.27450980392157,5.88235294117647,80.3921568627451
E00016265,526,71,31,40,455,32,423,13.498098859315588,5.893536121673003,7.604562737642586,86.50190114068441,6.083650190114068,80.41825095057035
E00016266,415,62,35,27,353,21,332,14.93975903614458,8.433734939759036,6.506024096385541,85.06024096385542,5.0602409638554215,80
E00016267,295,42,19,23,253,12,241,14.237288135593221,6.440677966101695,7.796610169491526,85.76271186440678,4.067796610169491,81.69491525423729
E00016268,464,83,32,51,381,29,352,17.887931034482758,6.896551724137931,10.991379310344827,82.11206896551724,6.25,75.86206896551724
E00016269,348,53,25,28,295,20,275,15.229885057471265,7.183908045977011,8.045977011494253,84.77011494252874,5.747126436781609,79.02298850574712
E00016270,291,44,17,27,247,10,237,15.120274914089347,5.841924398625429,9.278350515463918,84.87972508591065,3.436426116838488,81.44329896907216
E00016271,376,54,33,21,322,20,302,14.361702127659576,8.77659574468085,5.585106382978723,85.63829787234043,5.319148936170213,80.31914893617021
E00016272,331,48,20,28,283,17,266,14.501510574018129,6.042296072507553,8.459214501510575,85.49848942598187,5.13595166163142,80.36253776435045
E00016273,377,50,17,33,327,23,304,13.262599469496022,4.509283819628647,8.753315649867375,86.73740053050398,6.10079575596817,80.63660477453581
E00016274,380,68,40,28,312,16,296,17.894736842105264,10.526315789473683,7.368421052631578,82.10526315789474,4.2105263157894735,77.89473684210526
E00016275,437,59,25,34,378,21,357,13.501144164759726,5.720823798627003,7.780320366132723,86.49885583524028,4.805491990846682,81.6933638443936
E00016276,388,100,72,28,288,25,263,25.773195876288657,18.556701030927837,7.216494845360824,74.22680412371135,6.443298969072164,67.78350515463917
E00016277,330,54,30,24,276,22,254,16.363636363636363,9.090909090909092,7.2727272727272725,83.63636363636363,6.666666666666667,76.96969696969697
E00016278,305,36,12,24,269,13,256,11.80327868852459,3.934426229508197,7.868852459016394,88.19672131147541,4.2622950819672125,83.93442622950819
E00016279,314,34,12,22,280,20,260,10.828025477707007,3.821656050955414,7.006369426751593,89.171974522293,6.369426751592357,82.80254777070064
E00016280,285,49,25,24,236,20,216,17.192982456140353,8.771929824561402,8.421052631578947,82.80701754385966,7.017543859649122,75.78947368421053
E00016281,441,45,14,31,396,14,382,10.204081632653061,3.1746031746031744,7.029478458049887,89.79591836734694,3.1746031746031744,86.621315192743765
E00016282,354,42,15,27,312,20,292,11.864406779661017,4.23728813559322,7.627118644067797,88.13559322033898,5.649717514124294,82.485875706214685
E00016283,355,49,23,26,306,23,283,13.802816901408452,6.478873239436619,7.323943661971831,86.19718309859155,6.478873239436619,79.71830985915493
E00016284,303,44,17,27,259,25,234,14.521452145214523,5.6105610561056105,8.91089108910891,85.47854785478548,8.25082508250825,77.22772277227723
E00016285,266,61,35,26,205,19,186,22.932330827067666,13.157894736842104,9.774436090225564,77.06766917293233,7.142857142857142,69.92481203007519
E00016286,380,51,24,27,329,23,306,13.421052631578947,6.315789473684211,7.105263157894736,86.57894736842105,6.052631578947368,80.52631578947368
E00016287,343,50,15,35,293,24,269,14.577259475218659,4.373177842565598,10.204081632653061,85.42274052478133,6.997084548104956,78.4256559766764
E00016288,369,41,19,22,328,17,311,11.11111111111111,5.149051490514905,5.9620596205962055,88.88888888888889,4.607046070460704,84.28184281842819
E00016289,312,38,20,18,274,19,255,12.179487179487179,6.41025641025641,5.769230769230769,87.82051282051282,6.089743589743589,81.73076923076923
E00016290,369,45,20,25,324,12,312,12.195121951219512,5.420054200542006,6.775067750677506,87.8048780487805,3.2520325203252036,84.5528455284553
E00016291,535,87,44,43,448,36,412,16.261682242990656,8.224299065420562,8.037383177570094,83.73831775700936,6.728971962616822,77.00934579439253
E00016292,333,47,18,29,286,20,266,14.114114114114114,5.405405405405405,8.708708708708707,85.88588588588588,6.006006006006006,79.87987987987988
E00016293,412,49,24,25,363,27,336,11.893203883495145,5.825242718446602,6.067961165048544,88.10679611650485,6.553398058252427,81.55339805825243
E00016294,297,43,22,21,254,24,230,14.47811447811448,7.4074074074074066,7.07070707070707,85.52188552188552,8.080808080808081,77.44107744107744
E00016295,376,36,12,24,340,23,317,9.574468085106384,3.1914893617021276,6.382978723404255,90.42553191489363,6.117021276595745,84.30851063829788
E00016296,282,41,13,28,241,18,223,14.539007092198581,4.609929078014184,9.929078014184398,85.46099290780141,6.382978723404255,79.07801418439716
E00016297,331,38,19,19,293,20,273,11.48036253776435,5.740181268882175,5.740181268882175,88.51963746223565,6.042296072507553,82.4773413897281
E00016298,439,53,26,27,386,24,362,12.072892938496583,5.922551252847381,6.150341685649203,87.92710706150342,5.466970387243736,82.46013667425967
E00016299,388,35,15,20,353,26,327,9.02061855670103,3.865979381443299,5.154639175257731,90.97938144329896,6.701030927835052,84.27835051546391
E00016300,373,39,16,23,334,30,304,10.455764075067025,4.289544235924933,6.166219839142091,89.54423592493298,8.04289544235925,81.50134048257372
E00016301,402,41,17,24,361,33,328,10.199004975124378,4.228855721393035,5.970149253731343,89.80099502487562,8.208955223880597,81.59203980099502
E00016302,292,38,11,27,254,27,227,13.013698630136986,3.767123287671233,9.246575342465754,86.98630136986301,9.246575342465754,77.73972602739725
E00016303,397,63,18,45,334,30,304,15.869017632241814,4.534005037783375,11.335012594458437,84.1309823677582,7.5566750629722925,76.57430730478589
E00016304,328,45,16,29,283,30,253,13.719512195121952,4.878048780487805,8.841463414634147,86.28048780487805,9.146341463414634,77.13414634146342
E00016305,275,46,22,24,229,17,212,16.727272727272727,8,8.727272727272728,83.27272727272728,6.181818181818182,77.0909090909091
E00016306,315,51,24,27,264,14,250,16.19047619047619,7.6190476190476195,8.571428571428571,83.80952380952381,4.444444444444445,79.36507936507937
E00016307,380,78,43,35,302,19,283,20.526315789473685,11.31578947368421,9.210526315789473,79.47368421052632,5,74.47368421052632
E00016308,369,35,14,21,334,27,307,9.48509485094851,3.7940379403794036,5.691056910569105,90.5149051490515,7.317073170731707,83.19783197831978
E00016309,282,51,15,36,231,21,210,18.085106382978726,5.319148936170213,12.76595744680851,81.91489361702128,7.446808510638298,74.46808510638297
E00016310,256,21,3,18,235,13,222,8.203125,1.171875,7.03125,91.796875,5.078125,86.71875
E00016311,333,40,14,26,293,22,271,12.012012012012011,4.2042042042042045,7.807807807807808,87.98798798798799,6.606606606606606,81.38138138138137
E00016312,368,35,13,22,333,27,306,9.510869565217392,3.532608695652174,5.978260869565218,90.48913043478261,7.336956521739131,83.15217391304348
E00016313,261,27,1,26,234,13,221,10.344827586206897,0.38314176245210724,9.961685823754788,89.65517241379311,4.980842911877394,84.67432950191571
E00016314,279,54,21,33,225,15,210,19.35483870967742,7.526881720430108,11.827956989247312,80.64516129032258,5.376344086021505,75.26881720430107
E00016315,408,57,27,30,351,36,315,13.970588235294118,6.61764705882353,7.352941176470589,86.02941176470588,8.823529411764707,77.20588235294117
E00016316,308,52,15,37,256,24,232,16.883116883116884,4.870129870129871,12.012987012987013,83.11688311688312,7.792207792207792,75.32467532467533
E00016317,328,28,6,22,300,14,286,8.536585365853659,1.8292682926829267,6.707317073170732,91.46341463414635,4.2682926829268295,87.1951219512195
E00016318,312,39,12,27,273,14,259,12.5,3.8461538461538463,8.653846153846153,87.5,4.487179487179487,83.01282051282051
E00016319,245,44,21,23,201,13,188,17.959183673469386,8.571428571428571,9.387755102040817,82.0408163265306,5.3061224489795915,76.73469387755102
E00016320,297,38,13,25,259,17,242,12.794612794612794,4.377104377104377,8.417508417508419,87.20538720538721,5.723905723905724,81.48148148148148
E00016321,343,52,24,28,291,21,270,15.160349854227405,6.997084548104956,8.16326530612245,84.8396501457726,6.122448979591836,78.71720116618076
E00016322,440,66,27,39,374,21,353,15,6.136363636363637,8.863636363636363,85,4.772727272727273,80.22727272727272
E00016323,253,43,16,27,210,15,195,16.99604743083004,6.324110671936759,10.67193675889328,83.00395256916995,5.928853754940711,77.07509881422925
E00016324,391,61,21,40,330,28,302,15.601023017902813,5.3708439897698215,10.230179028132993,84.39897698209718,7.161125319693094,77.23785166240408
E00016325,300,40,6,34,260,23,237,13.333333333333334,2,11.333333333333332,86.66666666666667,7.666666666666666,79
E00016326,313,30,7,23,283,18,265,9.584664536741213,2.2364217252396164,7.348242811501597,90.41533546325878,5.7507987220447285,84.66453674121406
E00016327,323,39,13,26,284,17,267,12.074303405572756,4.024767801857585,8.04953560371517,87.92569659442725,5.263157894736842,82.6625386996904
E00016328,292,32,12,20,260,19,241,10.95890410958904,4.10958904109589,6.8493150684931505,89.04109589041096,6.506849315068493,82.53424657534246
E00016329,370,42,10,32,328,20,308,11.351351351351353,2.7027027027027026,8.64864864864865,88.64864864864866,5.405405405405405,83.24324324324324
E00016330,279,46,19,27,233,15,218,16.48745519713262,6.810035842293908,9.67741935483871,83.51254480286738,5.376344086021505,78.13620071684588
E00016331,387,40,17,23,347,23,324,10.335917312661499,4.3927648578811365,5.943152454780361,89.66408268733849,5.943152454780361,83.72093023255815
E00016332,415,55,19,36,360,25,335,13.253012048192772,4.578313253012048,8.674698795180722,86.74698795180723,6.024096385542169,80.72289156626506
E00016333,265,31,6,25,234,27,207,11.69811320754717,2.2641509433962264,9.433962264150944,88.30188679245283,10.18867924528302,78.11320754716982
E00016334,546,71,25,46,475,23,452,13.003663003663005,4.5787545787545785,8.424908424908425,86.99633699633699,4.212454212454213,82.78388278388277
E00016335,221,26,13,13,195,26,169,11.76470588235294,5.88235294117647,5.88235294117647,88.23529411764706,11.76470588235294,76.47058823529412
E00016336,359,46,18,28,313,17,296,12.813370473537605,5.013927576601671,7.7994428969359335,87.1866295264624,4.735376044568245,82.45125348189416
E00016337,339,33,9,24,306,26,280,9.734513274336283,2.6548672566371683,7.079646017699115,90.2654867256637,7.669616519174041,82.59587020648968
E00016338,359,39,18,21,320,35,285,10.86350974930362,5.013927576601671,5.8495821727019495,89.13649025069638,9.749303621169917,79.38718662952647
E00016339,340,30,6,24,310,18,292,8.823529411764707,1.7647058823529411,7.0588235294117645,91.17647058823529,5.294117647058823,85.88235294117646
E00016340,337,44,13,31,293,32,261,13.056379821958458,3.857566765578635,9.198813056379821,86.94362017804154,9.495548961424333,77.44807121661721
E00016341,341,33,15,18,308,29,279,9.67741935483871,4.398826979472141,5.278592375366569,90.32258064516128,8.504398826979472,81.81818181818183
E00016342,277,33,14,19,244,21,223,11.913357400722022,5.054151624548736,6.859205776173286,88.08664259927798,7.581227436823104,80.50541516245488
E00016343,367,39,15,24,328,39,289,10.626702997275205,4.087193460490464,6.539509536784741,89.3732970027248,10.626702997275205,78.7465940054496
E00016344,477,46,11,35,431,38,393,9.643605870020965,2.3060796645702304,7.337526205450734,90.35639412997904,7.966457023060797,82.38993710691824
E00016345,278,44,14,30,234,15,219,15.827338129496402,5.0359712230215825,10.79136690647482,84.17266187050359,5.39568345323741,78.77697841726618
E00016346,294,46,19,27,248,16,232,15.646258503401361,6.462585034013606,9.183673469387756,84.35374149659864,5.442176870748299,78.91156462585033
E00016348,222,33,16,17,189,11,178,14.864864864864865,7.207207207207207,7.657657657657657,85.13513513513513,4.954954954954955,80.18018018018019
E00016349,372,49,24,25,323,16,307,13.172043010752688,6.451612903225806,6.720430107526881,86.82795698924731,4.301075268817205,82.52688172043011
E00016350,345,63,28,35,282,14,268,18.26086956521739,8.115942028985506,10.144927536231885,81.73913043478261,4.057971014492753,77.68115942028986
E00016351,518,84,33,51,434,35,399,16.216216216216218,6.370656370656371,9.845559845559846,83.78378378378379,6.756756756756757,77.02702702702703
E00016352,299,44,22,22,255,14,241,14.715719063545151,7.357859531772576,7.357859531772576,85.28428093645485,4.682274247491638,80.60200668896321
E00016353,328,56,23,33,272,13,259,17.073170731707318,7.01219512195122,10.060975609756099,82.92682926829268,3.9634146341463414,78.96341463414635
E00016354,233,35,18,17,198,12,186,15.021459227467812,7.725321888412018,7.296137339055794,84.97854077253218,5.150214592274678,79.82832618025752
E00016356,365,68,32,36,297,16,281,18.63013698630137,8.767123287671232,9.863013698630137,81.36986301369863,4.383561643835616,76.98630136986301
E00016357,352,59,25,34,293,14,279,16.761363636363637,7.1022727272727275,9.659090909090908,83.23863636363636,3.977272727272727,79.26136363636364
E00016358,299,37,17,20,262,8,254,12.37458193979933,5.68561872909699,6.688963210702341,87.62541806020067,2.6755852842809364,84.94983277591973
E00016359,323,48,21,27,275,21,254,14.860681114551083,6.5015479876160995,8.359133126934983,85.13931888544892,6.5015479876160995,78.63777089783281
E00016360,466,67,29,38,399,19,380,14.377682403433475,6.223175965665236,8.15450643776824,85.62231759656652,4.07725321888412,81.54506437768241
E00016361,274,55,28,27,219,22,197,20.072992700729927,10.218978102189782,9.854014598540147,79.92700729927007,8.02919708029197,71.8978102189781
E00016362,351,47,27,20,304,11,293,13.390313390313391,7.6923076923076925,5.698005698005698,86.6096866096866,3.133903133903134,83.47578347578347
E00016363,398,64,34,30,334,27,307,16.08040201005025,8.542713567839195,7.537688442211055,83.91959798994975,6.78391959798995,77.1356783919598
E00016364,311,56,29,27,255,18,237,18.006430868167204,9.32475884244373,8.681672025723474,81.9935691318328,5.787781350482315,76.20578778135048
E00016365,225,48,27,21,177,8,169,21.333333333333336,12,9.333333333333334,78.66666666666666,3.5555555555555554,75.1111111111111
E00016366,267,37,10,27,230,8,222,13.857677902621724,3.7453183520599254,10.112359550561797,86.14232209737828,2.9962546816479403,83.14606741573034
E00016367,191,39,15,24,152,19,133,20.418848167539267,7.853403141361256,12.56544502617801,79.58115183246073,9.947643979057592,69.63350785340315
E00016368,290,41,18,23,249,11,238,14.13793103448276,6.206896551724138,7.931034482758621,85.86206896551725,3.793103448275862,82.06896551724138
E00016369,330,60,33,27,270,26,244,18.181818181818183,10,8.181818181818182,81.81818181818183,7.878787878787878,73.93939393939394
E00016370,436,49,21,28,387,36,351,11.238532110091743,4.81651376146789,6.422018348623854,88.76146788990825,8.256880733944955,80.5045871559633
E00016371,315,53,24,29,262,19,243,16.825396825396826,7.6190476190476195,9.206349206349207,83.17460317460318,6.031746031746032,77.14285714285715
E00016372,319,47,17,30,272,11,261,14.733542319749215,5.329153605015674,9.404388714733543,85.26645768025078,3.4482758620689653,81.81818181818183
E00016373,366,68,30,38,298,13,285,18.579234972677597,8.19672131147541,10.382513661202186,81.4207650273224,3.551912568306011,77.8688524590164
E00016374,264,50,26,24,214,16,198,18.939393939393938,9.848484848484848,9.090909090909092,81.06060606060606,6.0606060606060606,75
E00016375,308,42,18,24,266,16,250,13.636363636363635,5.844155844155844,7.792207792207792,86.36363636363636,5.194805194805195,81.16883116883116
E00016376,340,42,20,22,298,17,281,12.352941176470589,5.88235294117647,6.470588235294119,87.6470588235294,5,82.6470588235294
E00016377,296,51,25,26,245,21,224,17.22972972972973,8.445945945945946,8.783783783783784,82.77027027027027,7.094594594594595,75.67567567567568
E00016378,329,52,28,24,277,13,264,15.80547112462006,8.51063829787234,7.29483282674772,84.19452887537993,3.951367781155015,80.24316109422493
E00016379,339,50,29,21,289,18,271,14.749262536873156,8.55457227138643,6.1946902654867255,85.25073746312685,5.3097345132743365,79.9410029498525
E00016380,296,31,11,20,265,17,248,10.472972972972974,3.7162162162162162,6.756756756756757,89.52702702702703,5.743243243243244,83.78378378378379
E00016381,399,65,31,34,334,16,318,16.290726817042607,7.769423558897243,8.521303258145362,83.70927318295739,4.010025062656641,79.69924812030075
E00016382,293,38,22,16,255,12,243,12.969283276450511,7.508532423208192,5.460750853242321,87.03071672354949,4.09556313993174,82.93515358361775
E00016383,379,58,28,30,321,21,300,15.303430079155673,7.387862796833773,7.9155672823219,84.69656992084433,5.540897097625329,79.15567282321899
E00016384,311,45,19,26,266,14,252,14.469453376205788,6.109324758842444,8.360128617363344,85.53054662379421,4.501607717041801,81.02893890675242
E00016385,411,103,64,39,308,32,276,25.060827250608277,15.571776155717762,9.48905109489051,74.93917274939173,7.785888077858881,67.15328467153284
E00016386,222,76,40,36,146,19,127,34.234234234234236,18.01801801801802,16.216216216216218,65.76576576576578,8.558558558558559,57.20720720720721
E00016387,347,63,34,29,284,20,264,18.155619596541786,9.798270893371757,8.357348703170029,81.84438040345822,5.763688760806916,76.0806916426513
E00016388,322,56,25,31,266,19,247,17.391304347826086,7.763975155279502,9.627329192546584,82.6086956521739,5.900621118012422,76.70807453416148
E00016389,341,49,16,33,292,19,273,14.369501466275661,4.69208211143695,9.67741935483871,85.63049853372434,5.571847507331378,80.05865102639295
E00016390,226,39,17,22,187,9,178,17.25663716814159,7.52212389380531,9.734513274336283,82.7433628318584,3.982300884955752,78.76106194690266
E00016391,333,48,27,21,285,9,276,14.414414414414415,8.108108108108109,6.306306306306306,85.58558558558559,2.7027027027027026,82.88288288288288
E00016392,338,65,36,29,273,15,258,19.230769230769234,10.650887573964498,8.579881656804734,80.76923076923077,4.437869822485207,76.33136094674556
E00016393,315,73,30,43,242,18,224,23.174603174603174,9.523809523809524,13.65079365079365,76.82539682539684,5.714285714285714,71.11111111111111
E00016394,330,55,22,33,275,13,262,16.666666666666664,6.666666666666667,10,83.33333333333334,3.939393939393939,79.39393939393939
E00016396,238,63,36,27,175,10,165,26.47058823529412,15.126050420168067,11.344537815126051,73.52941176470588,4.201680672268908,69.32773109243698
E00016398,265,56,21,35,209,11,198,21.132075471698116,7.9245283018867925,13.20754716981132,78.8679245283019,4.150943396226415,74.71698113207546
E00016399,550,92,48,44,458,23,435,16.727272727272727,8.727272727272728,8,83.27272727272728,4.181818181818182,79.0909090909091
E00016401,601,80,32,48,521,35,486,13.311148086522461,5.324459234608985,7.9866888519134775,86.68885191347754,5.823627287853577,80.86522462562395
E00016402,315,55,21,34,260,7,253,17.46031746031746,6.666666666666667,10.793650793650794,82.53968253968253,2.2222222222222223,80.31746031746032
E00016403,378,37,16,21,341,16,325,9.788359788359788,4.232804232804233,5.555555555555555,90.21164021164022,4.232804232804233,85.97883597883597
E00016404,353,42,22,20,311,21,290,11.89801699716714,6.232294617563739,5.6657223796034,88.10198300283287,5.94900849858357,82.15297450424929
E00016405,333,40,16,24,293,19,274,12.012012012012011,4.804804804804805,7.207207207207207,87.98798798798799,5.7057057057057055,82.28228228228228
E00016406,354,58,31,27,296,19,277,16.38418079096045,8.757062146892656,7.627118644067797,83.61581920903954,5.367231638418079,78.24858757062147
E00016407,258,28,10,18,230,14,216,10.852713178294573,3.875968992248062,6.976744186046512,89.14728682170544,5.426356589147287,83.72093023255815
E00016408,317,25,10,15,292,16,276,7.886435331230284,3.1545741324921135,4.73186119873817,92.11356466876973,5.047318611987381,87.06624605678233
E00016409,384,67,29,38,317,13,304,17.447916666666664,7.552083333333333,9.895833333333332,82.55208333333334,3.3854166666666665,79.16666666666666
E00016410,308,40,18,22,268,15,253,12.987012987012985,5.844155844155844,7.142857142857142,87.01298701298701,4.870129870129871,82.14285714285714
E00016411,361,45,19,26,316,21,295,12.465373961218837,5.263157894736842,7.202216066481995,87.53462603878116,5.8171745152354575,81.7174515235457
E00016412,482,82,43,39,400,22,378,17.012448132780083,8.921161825726141,8.091286307053942,82.98755186721992,4.564315352697095,78.42323651452283
E00016413,323,54,18,36,269,18,251,16.718266253869967,5.572755417956656,11.145510835913312,83.28173374613003,5.572755417956656,77.70897832817337
E00016414,352,74,37,37,278,25,253,21.022727272727273,10.511363636363637,10.511363636363637,78.97727272727273,7.1022727272727275,71.875
E00016415,335,55,26,29,280,14,266,16.417910447761194,7.761194029850746,8.656716417910449,83.5820895522388,4.179104477611941,79.40298507462687
E00016416,267,40,14,26,227,9,218,14.981273408239701,5.2434456928838955,9.737827715355806,85.0187265917603,3.3707865168539324,81.64794007490637
E00016417,347,61,26,35,286,15,271,17.579250720461097,7.492795389048991,10.086455331412104,82.42074927953891,4.322766570605188,78.09798270893373
E00016419,385,41,24,17,344,11,333,10.649350649350648,6.233766233766234,4.415584415584416,89.35064935064935,2.857142857142857,86.49350649350649
E00016420,373,43,19,24,330,23,307,11.528150134048257,5.093833780160858,6.434316353887399,88.47184986595174,6.166219839142091,82.30563002680965
E00016421,281,45,22,23,236,10,226,16.014234875444842,7.829181494661921,8.185053380782918,83.98576512455516,3.558718861209965,80.42704626334519
E00016422,510,77,46,31,433,22,411,15.098039215686274,9.019607843137255,6.078431372549019,84.90196078431373,4.313725490196078,80.58823529411765
E00016423,322,49,24,25,273,23,250,15.217391304347828,7.453416149068323,7.763975155279502,84.78260869565217,7.142857142857142,77.63975155279503
E00016424,321,47,18,29,274,11,263,14.641744548286603,5.607476635514018,9.034267912772584,85.35825545171339,3.4267912772585665,81.93146417445483
E00016426,305,53,21,32,252,15,237,17.37704918032787,6.885245901639345,10.491803278688524,82.62295081967214,4.918032786885246,77.70491803278688
E00016427,306,37,16,21,269,18,251,12.091503267973856,5.228758169934641,6.862745098039216,87.90849673202614,5.88235294117647,82.02614379084967
E00016428,362,49,13,36,313,32,281,13.535911602209943,3.591160220994475,9.94475138121547,86.46408839779005,8.83977900552486,77.62430939226519
E00016429,245,42,15,27,203,23,180,17.142857142857142,6.122448979591836,11.020408163265307,82.85714285714286,9.387755102040817,73.46938775510205
E00016430,271,48,23,25,223,6,217,17.712177121771216,8.487084870848708,9.22509225092251,82.28782287822878,2.214022140221402,80.07380073800738
E00016431,538,71,30,41,467,34,433,13.197026022304833,5.5762081784386615,7.6208178438661704,86.80297397769516,6.319702602230483,80.48327137546468
E00016432,427,60,26,34,367,24,343,14.05152224824356,6.0889929742388755,7.962529274004685,85.94847775175644,5.620608899297424,80.32786885245902
E00016435,486,73,33,40,413,25,388,15.020576131687244,6.790123456790123,8.23045267489712,84.97942386831275,5.1440329218107,79.83539094650206
E00016436,441,54,25,29,387,17,370,12.244897959183673,5.6689342403628125,6.575963718820861,87.75510204081633,3.8548752834467117,83.90022675736961
E00016437,510,67,29,38,443,20,423,13.137254901960786,5.686274509803922,7.450980392156863,86.86274509803921,3.9215686274509802,82.94117647058825
E00016438,266,17,6,11,249,21,228,6.390977443609022,2.2556390977443606,4.135338345864661,93.60902255639097,7.894736842105263,85.71428571428571
E00016440,275,37,15,22,238,11,227,13.454545454545455,5.454545454545454,8,86.54545454545455,4,82.54545454545455
E00016441,405,67,31,36,338,9,329,16.543209876543212,7.654320987654321,8.88888888888889,83.4567901234568,2.2222222222222223,81.23456790123457
E00016442,384,47,23,24,337,20,317,12.239583333333332,5.989583333333334,6.25,87.76041666666666,5.208333333333334,82.55208333333334
E00016443,306,26,12,14,280,25,255,8.49673202614379,3.9215686274509802,4.57516339869281,91.50326797385621,8.169934640522875,83.33333333333334
E00016444,347,39,14,25,308,27,281,11.239193083573488,4.034582132564841,7.204610951008646,88.76080691642652,7.780979827089338,80.97982708933718
E00016445,319,40,12,28,279,24,255,12.539184952978054,3.761755485893417,8.77742946708464,87.46081504702194,7.523510971786834,79.9373040752351
E00016446,353,38,15,23,315,29,286,10.764872521246458,4.2492917847025495,6.515580736543909,89.23512747875354,8.21529745042493,81.01983002832861
E00016447,278,40,14,26,238,15,223,14.388489208633093,5.0359712230215825,9.352517985611511,85.61151079136691,5.39568345323741,80.2158273381295
E00016448,337,31,0,31,306,30,276,9.198813056379821,0,9.198813056379821,90.80118694362018,8.902077151335313,81.89910979228486
E00016449,293,39,19,20,254,22,232,13.310580204778159,6.484641638225256,6.825938566552901,86.68941979522185,7.508532423208192,79.18088737201366
E00016450,252,38,12,26,214,19,195,15.079365079365079,4.761904761904762,10.317460317460316,84.92063492063492,7.5396825396825395,77.38095238095238
E00016451,321,40,14,26,281,21,260,12.461059190031152,4.361370716510903,8.09968847352025,87.53894080996885,6.5420560747663545,80.99688473520249
E00016452,295,43,14,29,252,23,229,14.576271186440678,4.745762711864407,9.830508474576272,85.42372881355932,7.796610169491526,77.62711864406779
E00016453,202,27,8,19,175,16,159,13.366336633663368,3.9603960396039604,9.405940594059405,86.63366336633663,7.920792079207921,78.71287128712872
E00016454,254,29,8,21,225,16,209,11.41732283464567,3.149606299212598,8.267716535433072,88.58267716535433,6.299212598425196,82.28346456692913
E00016455,234,27,10,17,207,22,185,11.538461538461538,4.273504273504273,7.264957264957266,88.46153846153845,9.401709401709402,79.05982905982906
E00016456,286,42,14,28,244,13,231,14.685314685314685,4.895104895104895,9.79020979020979,85.3146853146853,4.545454545454546,80.76923076923077
E00016457,303,32,16,16,271,17,254,10.561056105610561,5.2805280528052805,5.2805280528052805,89.43894389438944,5.6105610561056105,83.82838283828383
E00016458,276,23,8,15,253,26,227,8.333333333333332,2.898550724637681,5.434782608695652,91.66666666666666,9.420289855072465,82.2463768115942
E00016459,270,27,4,23,243,17,226,10,1.4814814814814816,8.518518518518519,90,6.296296296296296,83.7037037037037
E00016460,380,34,16,18,346,26,320,8.947368421052632,4.2105263157894735,4.736842105263158,91.05263157894737,6.842105263157896,84.21052631578947
E00016462,306,37,5,32,269,30,239,12.091503267973856,1.6339869281045754,10.457516339869281,87.90849673202614,9.803921568627452,78.10457516339869
E00016464,277,56,23,33,221,15,206,20.216606498194945,8.303249097472925,11.913357400722022,79.78339350180505,5.415162454873646,74.36823104693141
E00016465,236,67,19,48,169,10,159,28.389830508474578,8.050847457627118,20.33898305084746,71.61016949152543,4.23728813559322,67.37288135593221
E00016466,264,40,19,21,224,21,203,15.151515151515152,7.196969696969697,7.954545454545454,84.84848484848484,7.954545454545454,76.89393939393939
E00016467,316,50,13,37,266,26,240,15.822784810126583,4.113924050632911,11.708860759493671,84.17721518987342,8.227848101265822,75.9493670886076
E00016468,252,34,8,26,218,20,198,13.492063492063492,3.1746031746031744,10.317460317460316,86.5079365079365,7.936507936507936,78.57142857142857
E00016469,352,49,27,22,303,16,287,13.920454545454545,7.670454545454546,6.25,86.07954545454545,4.545454545454546,81.5340909090909
E00016470,270,38,8,30,232,18,214,14.074074074074074,2.9629629629629632,11.11111111111111,85.92592592592592,6.666666666666667,79.25925925925927
E00016471,250,33,13,20,217,15,202,13.200000000000001,5.2,8,86.8,6,80.80000000000001
E00016472,267,65,36,29,202,20,182,24.344569288389515,13.48314606741573,10.861423220973784,75.65543071161048,7.490636704119851,68.16479400749064
E00016473,318,37,14,23,281,23,258,11.635220125786164,4.40251572327044,7.232704402515723,88.36477987421384,7.232704402515723,81.13207547169812
E00016474,276,41,23,18,235,14,221,14.855072463768115,8.333333333333332,6.521739130434782,85.14492753623189,5.072463768115942,80.07246376811594
E00016475,237,38,18,20,199,18,181,16.033755274261605,7.59493670886076,8.438818565400844,83.96624472573839,7.59493670886076,76.37130801687763
E00016476,334,49,24,25,285,16,269,14.67065868263473,7.18562874251497,7.48502994011976,85.32934131736528,4.790419161676647,80.53892215568862
E00016477,259,37,18,19,222,17,205,14.285714285714285,6.94980694980695,7.335907335907336,85.71428571428571,6.563706563706563,79.15057915057915
E00016478,189,30,12,18,159,13,146,15.873015873015872,6.349206349206349,9.523809523809524,84.12698412698413,6.878306878306878,77.24867724867724
E00016479,248,57,29,28,191,11,180,22.983870967741936,11.693548387096774,11.29032258064516,77.01612903225806,4.435483870967742,72.58064516129032
E00016480,273,54,23,31,219,10,209,19.78021978021978,8.424908424908425,11.355311355311356,80.21978021978022,3.6630036630036633,76.55677655677655
E00016481,381,32,10,22,349,18,331,8.398950131233596,2.6246719160104988,5.774278215223097,91.60104986876641,4.724409448818897,86.8766404199475
E00016482,269,34,11,23,235,17,218,12.639405204460965,4.089219330855019,8.550185873605948,87.36059479553904,6.319702602230483,81.04089219330855
E00016483,276,44,10,34,232,15,217,15.942028985507244,3.6231884057971016,12.318840579710146,84.05797101449275,5.434782608695652,78.62318840579711
E00016484,363,46,18,28,317,31,286,12.672176308539946,4.958677685950414,7.7134986225895315,87.32782369146005,8.539944903581267,78.78787878787878
E00016485,287,51,20,31,236,20,216,17.770034843205575,6.968641114982578,10.801393728222997,82.22996515679442,6.968641114982578,75.26132404181185
E00016486,427,52,18,34,375,44,331,12.177985948477751,4.215456674473068,7.962529274004685,87.82201405152225,10.304449648711945,77.51756440281031
E00016487,273,33,12,21,240,22,218,12.087912087912088,4.395604395604396,7.6923076923076925,87.91208791208791,8.058608058608058,79.85347985347985
E00016488,320,36,10,26,284,24,260,11.25,3.125,8.125,88.75,7.5,81.25
E00016489,339,37,15,22,302,24,278,10.914454277286136,4.424778761061947,6.489675516224189,89.08554572271386,7.079646017699115,82.00589970501476
E00016490,380,34,7,27,346,30,316,8.947368421052632,1.8421052631578945,7.105263157894736,91.05263157894737,7.894736842105263,83.15789473684211
E00016491,243,38,9,29,205,15,190,15.637860082304528,3.7037037037037033,11.934156378600823,84.36213991769547,6.172839506172839,78.18930041152264
E00016492,278,47,21,26,231,21,210,16.906474820143885,7.553956834532374,9.352517985611511,83.09352517985612,7.553956834532374,75.53956834532374
E00016493,375,56,26,30,319,21,298,14.933333333333335,6.933333333333333,8,85.06666666666666,5.6000000000000005,79.46666666666667
E00016494,349,31,11,20,318,24,294,8.882521489971348,3.151862464183381,5.730659025787966,91.11747851002865,6.876790830945559,84.2406876790831
E00016495,205,12,0,12,193,14,179,5.853658536585367,0,5.853658536585367,94.14634146341463,6.829268292682928,87.3170731707317
E00016496,277,40,14,26,237,14,223,14.440433212996389,5.054151624548736,9.386281588447654,85.5595667870036,5.054151624548736,80.50541516245488
E00016497,290,26,9,17,264,19,245,8.96551724137931,3.103448275862069,5.862068965517241,91.0344827586207,6.551724137931035,84.48275862068965
E00016498,564,76,38,38,488,34,454,13.47517730496454,6.73758865248227,6.73758865248227,86.52482269503547,6.028368794326241,80.49645390070921
E00016499,478,64,24,40,414,15,399,13.389121338912133,5.02092050209205,8.368200836820083,86.61087866108787,3.1380753138075312,83.47280334728033
E00016500,336,51,26,25,285,12,273,15.178571428571427,7.738095238095238,7.440476190476191,84.82142857142857,3.571428571428571,81.25
E00016501,402,44,20,24,358,28,330,10.945273631840797,4.975124378109453,5.970149253731343,89.05472636815921,6.965174129353234,82.08955223880598
E00016502,250,31,13,18,219,11,208,12.4,5.2,7.199999999999999,87.6,4.3999999999999995,83.2
E00016503,196,29,9,20,167,19,148,14.795918367346939,4.591836734693878,10.204081632653061,85.20408163265306,9.693877551020408,75.51020408163265
E00016504,295,39,19,20,256,24,232,13.220338983050848,6.440677966101695,6.779661016949152,86.77966101694915,8.135593220338983,78.64406779661017
E00016505,338,59,26,33,279,21,258,17.45562130177515,7.6923076923076925,9.763313609467456,82.54437869822485,6.21301775147929,76.33136094674556
E00016506,337,50,11,39,287,17,270,14.836795252225517,3.2640949554896146,11.572700296735905,85.16320474777447,5.044510385756676,80.1186943620178
E00016507,237,26,12,14,211,19,192,10.970464135021098,5.063291139240507,5.9071729957805905,89.0295358649789,8.016877637130802,81.0126582278481
E00016508,336,36,15,21,300,16,284,10.714285714285714,4.464285714285714,6.25,89.28571428571429,4.761904761904762,84.52380952380952
E00016509,430,65,18,47,365,31,334,15.11627906976744,4.186046511627907,10.930232558139535,84.88372093023256,7.209302325581396,77.67441860465117
E00016510,259,37,16,21,222,21,201,14.285714285714285,6.177606177606178,8.108108108108109,85.71428571428571,8.108108108108109,77.60617760617761
E00016511,351,36,12,24,315,21,294,10.256410256410255,3.418803418803419,6.837606837606838,89.74358974358975,5.982905982905983,83.76068376068376
E00016512,304,35,13,22,269,17,252,11.513157894736842,4.276315789473684,7.236842105263158,88.48684210526315,5.592105263157895,82.89473684210526
E00016513,339,29,10,19,310,8,302,8.55457227138643,2.949852507374631,5.604719764011799,91.44542772861357,2.359882005899705,89.08554572271386
E00016514,299,63,27,36,236,11,225,21.070234113712374,9.03010033444816,12.040133779264215,78.92976588628763,3.678929765886288,75.25083612040135
E00016515,345,96,56,40,249,20,229,27.82608695652174,16.231884057971012,11.594202898550725,72.17391304347827,5.797101449275362,66.3768115942029
E00016516,306,49,15,34,257,15,242,16.013071895424837,4.901960784313726,11.11111111111111,83.98692810457517,4.901960784313726,79.08496732026144
E00016517,213,49,20,29,164,9,155,23.004694835680752,9.389671361502346,13.615023474178404,76.99530516431925,4.225352112676056,72.76995305164318
E00016518,345,65,36,29,280,17,263,18.84057971014493,10.434782608695652,8.405797101449275,81.15942028985508,4.9275362318840585,76.23188405797102
E00016519,251,31,12,19,220,13,207,12.350597609561753,4.780876494023905,7.569721115537849,87.64940239043824,5.179282868525896,82.47011952191235
E00016520,304,49,28,21,255,12,243,16.11842105263158,9.210526315789473,6.907894736842106,83.88157894736842,3.9473684210526314,79.93421052631578
E00016521,258,44,18,26,214,11,203,17.05426356589147,6.976744186046512,10.077519379844961,82.94573643410853,4.263565891472868,78.68217054263566
E00016522,282,55,35,20,227,17,210,19.50354609929078,12.411347517730496,7.092198581560284,80.49645390070921,6.028368794326241,74.46808510638297
E00016523,218,36,19,17,182,15,167,16.51376146788991,8.715596330275229,7.79816513761468,83.4862385321101,6.8807339449541285,76.60550458715596
E00016524,361,49,22,27,312,25,287,13.573407202216067,6.094182825484765,7.479224376731302,86.42659279778393,6.9252077562326875,79.50138504155125
E00016525,226,44,21,23,182,13,169,19.469026548672566,9.29203539823009,10.176991150442479,80.53097345132744,5.752212389380531,74.77876106194691
E00016526,274,66,32,34,208,12,196,24.087591240875913,11.678832116788321,12.408759124087592,75.91240875912408,4.37956204379562,71.53284671532847
E00016527,240,20,8,12,220,15,205,8.333333333333332,3.3333333333333335,5,91.66666666666666,6.25,85.41666666666666
E00016528,245,23,5,18,222,9,213,9.387755102040817,2.0408163265306123,7.346938775510205,90.61224489795919,3.6734693877551026,86.93877551020408
E00016529,258,45,27,18,213,7,206,17.441860465116278,10.465116279069768,6.976744186046512,82.55813953488372,2.7131782945736433,79.84496124031007
E00016530,294,48,26,22,246,17,229,16.3265306122449,8.843537414965986,7.482993197278912,83.6734693877551,5.782312925170068,77.89115646258503
E00016531,369,75,39,36,294,18,276,20.32520325203252,10.569105691056912,9.75609756097561,79.67479674796748,4.878048780487805,74.79674796747967
E00016532,235,21,10,11,214,16,198,8.936170212765958,4.25531914893617,4.680851063829787,91.06382978723404,6.808510638297872,84.25531914893617
E00016533,309,42,18,24,267,12,255,13.592233009708737,5.825242718446602,7.766990291262135,86.40776699029125,3.8834951456310676,82.52427184466019
E00016534,370,61,23,38,309,14,295,16.486486486486488,6.216216216216217,10.27027027027027,83.51351351351352,3.783783783783784,79.72972972972973
E00016535,269,44,24,20,225,15,210,16.356877323420075,8.921933085501859,7.434944237918216,83.64312267657994,5.5762081784386615,78.06691449814126
E00016536,331,62,30,32,269,16,253,18.731117824773413,9.06344410876133,9.667673716012084,81.2688821752266,4.833836858006042,76.43504531722054
E00016537,300,55,32,23,245,16,229,18.333333333333332,10.666666666666668,7.666666666666666,81.66666666666667,5.333333333333334,76.33333333333333
E00016538,353,61,28,33,292,21,271,17.280453257790366,7.932011331444759,9.34844192634561,82.71954674220963,5.94900849858357,76.77053824362606
E00016539,404,79,43,36,325,19,306,19.554455445544555,10.643564356435643,8.91089108910891,80.44554455445545,4.702970297029703,75.74257425742574
E00016540,315,49,16,33,266,21,245,15.555555555555555,5.079365079365079,10.476190476190476,84.44444444444444,6.666666666666667,77.77777777777779
E00016541,361,49,20,29,312,23,289,13.573407202216067,5.540166204986149,8.033240997229916,86.42659279778393,6.3711911357340725,80.05540166204986
E00016542,385,44,14,30,341,25,316,11.428571428571429,3.6363636363636362,7.792207792207792,88.57142857142857,6.493506493506493,82.07792207792208
E00016543,333,50,17,33,283,26,257,15.015015015015015,5.105105105105105,9.90990990990991,84.98498498498499,7.807807807807808,77.17717717717719
E00016544,323,49,15,34,274,23,251,15.170278637770899,4.643962848297214,10.526315789473683,84.82972136222911,7.120743034055728,77.70897832817337
E00016545,380,50,20,30,330,19,311,13.157894736842104,5.263157894736842,7.894736842105263,86.8421052631579,5,81.84210526315789
E00016546,306,45,16,29,261,23,238,14.705882352941178,5.228758169934641,9.477124183006536,85.29411764705883,7.516339869281046,77.77777777777779
E00016547,365,50,24,26,315,33,282,13.698630136986301,6.575342465753424,7.123287671232877,86.3013698630137,9.04109589041096,77.26027397260275
E00016548,344,48,9,39,296,20,276,13.953488372093023,2.616279069767442,11.337209302325581,86.04651162790698,5.813953488372093,80.23255813953489
E00016549,389,48,14,34,341,36,305,12.339331619537274,3.5989717223650386,8.740359897172237,87.66066838046272,9.254498714652955,78.40616966580977
E00016550,312,40,11,29,272,17,255,12.82051282051282,3.5256410256410255,9.294871794871796,87.17948717948718,5.448717948717949,81.73076923076923
E00016551,439,66,27,39,373,29,344,15.034168564920272,6.150341685649203,8.88382687927107,84.96583143507974,6.605922551252847,78.35990888382688
E00016552,312,82,37,45,230,16,214,26.282051282051285,11.858974358974358,14.423076923076922,73.71794871794873,5.128205128205128,68.58974358974359
E00016553,365,36,17,19,329,22,307,9.863013698630137,4.657534246575342,5.205479452054795,90.13698630136986,6.027397260273973,84.10958904109589
E00016554,293,37,14,23,256,18,238,12.627986348122866,4.778156996587031,7.849829351535837,87.37201365187714,6.143344709897611,81.22866894197952
E00016555,372,115,83,32,257,19,238,30.913978494623656,22.311827956989248,8.60215053763441,69.08602150537635,5.10752688172043,63.97849462365591
E00016556,334,47,18,29,287,12,275,14.071856287425149,5.389221556886228,8.682634730538922,85.92814371257485,3.592814371257485,82.33532934131736
E00016557,225,38,9,29,187,11,176,16.88888888888889,4,12.88888888888889,83.11111111111111,4.888888888888889,78.22222222222223
E00016559,334,42,15,27,292,24,268,12.574850299401197,4.491017964071856,8.08383233532934,87.42514970059881,7.18562874251497,80.23952095808383
E00016560,358,47,10,37,311,16,295,13.128491620111731,2.793296089385475,10.335195530726256,86.87150837988827,4.4692737430167595,82.40223463687151
E00016562,340,54,16,38,286,29,257,15.88235294117647,4.705882352941177,11.176470588235295,84.11764705882354,8.529411764705882,75.58823529411765
E00016563,523,90,33,57,433,25,408,17.208413001912046,6.309751434034416,10.89866156787763,82.79158699808795,4.780114722753346,78.0114722753346
E00016564,350,52,21,31,298,26,272,14.857142857142858,6,8.857142857142856,85.14285714285714,7.428571428571429,77.71428571428571
E00016565,308,45,18,27,263,12,251,14.61038961038961,5.844155844155844,8.766233766233766,85.3896103896104,3.896103896103896,81.4935064935065
E00016566,293,42,17,25,251,18,233,14.334470989761092,5.802047781569966,8.532423208191126,85.6655290102389,6.143344709897611,79.5221843003413
E00016567,192,23,6,17,169,3,166,11.979166666666668,3.125,8.854166666666668,88.02083333333334,1.5625,86.45833333333334
E00016569,306,37,7,30,269,20,249,12.091503267973856,2.287581699346405,9.803921568627452,87.90849673202614,6.535947712418301,81.37254901960785
E00016571,311,39,13,26,272,20,252,12.540192926045016,4.180064308681672,8.360128617363344,87.45980707395499,6.430868167202572,81.02893890675242
E00016572,300,45,19,26,255,26,229,15,6.333333333333334,8.666666666666668,85,8.666666666666668,76.33333333333333
E00016573,344,48,10,38,296,25,271,13.953488372093023,2.9069767441860463,11.046511627906977,86.04651162790698,7.267441860465117,78.77906976744185
E00016574,302,42,16,26,260,19,241,13.90728476821192,5.298013245033113,8.609271523178808,86.09271523178808,6.291390728476822,79.80132450331125
E00016575,244,36,6,30,208,21,187,14.754098360655737,2.459016393442623,12.295081967213115,85.24590163934425,8.60655737704918,76.63934426229508
E00016576,286,34,11,23,252,22,230,11.888111888111888,3.8461538461538463,8.041958041958042,88.11188811188812,7.6923076923076925,80.41958041958041
E00016577,367,44,11,33,323,35,288,11.989100817438691,2.997275204359673,8.991825613079019,88.0108991825613,9.536784741144414,78.4741144414169
E00016578,252,24,12,12,228,17,211,9.523809523809524,4.761904761904762,4.761904761904762,90.47619047619048,6.746031746031746,83.73015873015873
E00016580,373,52,17,35,321,27,294,13.941018766756033,4.557640750670242,9.383378016085791,86.05898123324397,7.238605898123325,78.82037533512064
E00016583,263,43,20,23,220,21,199,16.34980988593156,7.604562737642586,8.745247148288973,83.65019011406845,7.984790874524715,75.66539923954373
E00016584,595,79,28,51,516,22,494,13.277310924369749,4.705882352941177,8.571428571428571,86.72268907563026,3.697478991596639,83.02521008403362
E00016585,318,33,8,25,285,31,254,10.377358490566039,2.515723270440252,7.861635220125786,89.62264150943396,9.748427672955975,79.87421383647799
E00016587,449,69,33,36,380,38,342,15.367483296213807,7.349665924276169,8.017817371937639,84.63251670378618,8.463251670378618,76.16926503340757
E00016588,352,42,8,34,310,31,279,11.931818181818182,2.272727272727273,9.659090909090908,88.06818181818183,8.806818181818182,79.26136363636364
E00016589,297,57,18,39,240,25,215,19.19191919191919,6.0606060606060606,13.131313131313133,80.8080808080808,8.417508417508419,72.39057239057239
E00016590,370,47,14,33,323,25,298,12.702702702702704,3.783783783783784,8.91891891891892,87.29729729729729,6.756756756756757,80.54054054054053
E00016591,311,36,11,25,275,25,250,11.57556270096463,3.536977491961415,8.038585209003216,88.42443729903538,8.038585209003216,80.38585209003215
E00016592,420,45,8,37,375,36,339,10.714285714285714,1.9047619047619049,8.80952380952381,89.28571428571429,8.571428571428571,80.71428571428572
E00016593,478,46,10,36,432,32,400,9.623430962343097,2.092050209205021,7.531380753138076,90.3765690376569,6.694560669456067,83.68200836820083
E00016594,351,24,6,18,327,25,302,6.837606837606838,1.7094017094017095,5.128205128205128,93.16239316239316,7.122507122507122,86.03988603988604
E00016595,295,45,21,24,250,12,238,15.254237288135593,7.118644067796611,8.135593220338983,84.7457627118644,4.067796610169491,80.67796610169492
E00016596,346,33,14,19,313,18,295,9.53757225433526,4.046242774566474,5.491329479768786,90.46242774566474,5.202312138728324,85.26011560693641
E00016597,282,66,31,35,216,10,206,23.404255319148938,10.99290780141844,12.411347517730496,76.59574468085107,3.546099290780142,73.04964539007092
E00016598,563,73,29,44,490,34,456,12.966252220248666,5.1509769094138544,7.8152753108348145,87.03374777975134,6.039076376554174,80.99467140319716
E00016599,314,64,28,36,250,21,229,20.382165605095544,8.9171974522293,11.464968152866243,79.61783439490446,6.687898089171974,72.92993630573248
E00016600,384,41,18,23,343,32,311,10.677083333333332,4.6875,5.989583333333334,89.32291666666666,8.333333333333332,80.98958333333334
E00016601,340,79,41,38,261,16,245,23.235294117647058,12.058823529411764,11.176470588235295,76.76470588235294,4.705882352941177,72.05882352941177
E00016602,335,32,9,23,303,17,286,9.55223880597015,2.6865671641791042,6.865671641791045,90.44776119402985,5.074626865671641,85.37313432835822
E00016603,489,59,12,47,430,40,390,12.065439672801636,2.4539877300613497,9.611451942740286,87.93456032719837,8.1799591002045,79.75460122699386
E00016604,256,24,7,17,232,16,216,9.375,2.734375,6.640625,90.625,6.25,84.375
E00016605,511,68,31,37,443,30,413,13.307240704500977,6.066536203522505,7.240704500978473,86.69275929549902,5.870841487279844,80.82191780821918
E00016606,449,33,13,20,416,34,382,7.349665924276169,2.89532293986637,4.4543429844097995,92.65033407572383,7.57238307349666,85.07795100222717
E00016607,209,43,21,22,166,15,151,20.574162679425836,10.047846889952153,10.526315789473683,79.42583732057416,7.177033492822966,72.24880382775119
E00016608,207,26,19,7,181,23,158,12.560386473429952,9.178743961352657,3.3816425120772946,87.43961352657004,11.11111111111111,76.32850241545893
E00016609,269,31,16,15,238,24,214,11.524163568773234,5.947955390334572,5.5762081784386615,88.47583643122677,8.921933085501859,79.5539033457249
E00016610,349,33,17,16,316,20,296,9.455587392550143,4.871060171919771,4.584527220630372,90.54441260744986,5.730659025787966,84.81375358166189
E00016611,208,25,5,20,183,12,171,12.01923076923077,2.403846153846154,9.615384615384617,87.98076923076923,5.769230769230769,82.21153846153845
E00016612,230,18,5,13,212,19,193,7.82608695652174,2.1739130434782608,5.6521739130434785,92.17391304347827,8.26086956521739,83.91304347826087
E00016613,417,46,19,27,371,22,349,11.031175059952037,4.556354916067146,6.474820143884892,88.96882494004797,5.275779376498801,83.69304556354916
E00016614,372,69,31,38,303,15,288,18.548387096774192,8.333333333333332,10.21505376344086,81.45161290322581,4.032258064516129,77.41935483870968
E00016615,358,32,12,20,326,34,292,8.938547486033519,3.35195530726257,5.58659217877095,91.06145251396647,9.497206703910614,81.56424581005587
E00016616,281,25,6,19,256,17,239,8.896797153024911,2.135231316725979,6.761565836298933,91.10320284697508,6.049822064056939,85.05338078291815
E00016617,350,43,23,20,307,18,289,12.285714285714286,6.571428571428571,5.714285714285714,87.71428571428571,5.142857142857142,82.57142857142857
E00016618,250,57,34,23,193,10,183,22.8,13.600000000000001,9.2,77.2,4,73.2
E00016619,303,42,18,24,261,31,230,13.861386138613863,5.9405940594059405,7.920792079207921,86.13861386138613,10.231023102310232,75.9075907590759
E00016620,295,28,12,16,267,20,247,9.491525423728813,4.067796610169491,5.423728813559322,90.5084745762712,6.779661016949152,83.72881355932203
E00016621,248,42,20,22,206,16,190,16.93548387096774,8.064516129032258,8.870967741935484,83.06451612903226,6.451612903225806,76.61290322580645
E00016622,279,46,18,28,233,13,220,16.48745519713262,6.451612903225806,10.03584229390681,83.51254480286738,4.659498207885305,78.85304659498208
E00016623,323,53,15,38,270,32,238,16.408668730650156,4.643962848297214,11.76470588235294,83.59133126934985,9.907120743034056,73.68421052631578
E00016624,280,32,6,26,248,24,224,11.428571428571429,2.142857142857143,9.285714285714286,88.57142857142857,8.571428571428571,80
E00016625,336,36,16,20,300,26,274,10.714285714285714,4.761904761904762,5.952380952380952,89.28571428571429,7.738095238095238,81.54761904761905
E00016626,359,43,16,27,316,29,287,11.977715877437326,4.456824512534819,7.520891364902507,88.02228412256268,8.07799442896936,79.94428969359332
E00016628,396,46,15,31,350,33,317,11.616161616161616,3.787878787878788,7.828282828282829,88.38383838383838,8.333333333333332,80.05050505050505
E00016629,443,88,42,46,355,17,338,19.864559819413092,9.480812641083523,10.383747178329571,80.1354401805869,3.837471783295711,76.2979683972912
E00016630,343,40,14,26,303,29,274,11.661807580174926,4.081632653061225,7.580174927113703,88.33819241982506,8.454810495626822,79.88338192419825
E00016631,364,40,19,21,324,23,301,10.989010989010989,5.21978021978022,5.769230769230769,89.01098901098901,6.318681318681318,82.6923076923077
E00016632,530,70,26,44,460,27,433,13.20754716981132,4.905660377358491,8.30188679245283,86.79245283018868,5.09433962264151,81.69811320754718
E00016633,294,48,20,28,246,17,229,16.3265306122449,6.802721088435375,9.523809523809524,83.6734693877551,5.782312925170068,77.89115646258503
E00016640,370,83,44,39,287,22,265,22.432432432432435,11.891891891891893,10.54054054054054,77.56756756756756,5.9459459459459465,71.62162162162163
E00016641,399,51,23,28,348,14,334,12.781954887218044,5.764411027568922,7.017543859649122,87.21804511278195,3.508771929824561,83.70927318295739
E00016642,478,70,28,42,408,29,379,14.644351464435147,5.857740585774058,8.786610878661087,85.35564853556485,6.066945606694561,79.2887029288703
E00016643,283,60,25,35,223,15,208,21.20141342756184,8.8339222614841,12.36749116607774,78.79858657243817,5.30035335689046,73.4982332155477
E00016645,336,56,24,32,280,29,251,16.666666666666664,7.142857142857142,9.523809523809524,83.33333333333334,8.630952380952381,74.70238095238095
E00016646,364,60,18,42,304,10,294,16.483516483516482,4.945054945054945,11.538461538461538,83.51648351648352,2.7472527472527473,80.76923076923077
E00016647,379,57,24,33,322,19,303,15.03957783641161,6.33245382585752,8.70712401055409,84.96042216358839,5.013192612137203,79.94722955145119
E00016648,320,43,17,26,277,17,260,13.4375,5.3125,8.125,86.5625,5.3125,81.25
E00016649,301,61,29,32,240,16,224,20.26578073089701,9.634551495016613,10.631229235880399,79.734219269103,5.3156146179401995,74.4186046511628
E00016650,312,75,50,25,237,8,229,24.03846153846154,16.025641025641026,8.012820512820513,75.96153846153845,2.564102564102564,73.3974358974359
E00016651,563,116,85,31,447,35,412,20.603907637655418,15.097690941385435,5.506216696269982,79.39609236234459,6.216696269982238,73.17939609236235
E00016652,317,67,33,34,250,13,237,21.13564668769716,10.410094637223976,10.725552050473187,78.86435331230284,4.100946372239748,74.76340694006309
E00016653,294,27,7,20,267,22,245,9.183673469387756,2.380952380952381,6.802721088435375,90.81632653061224,7.482993197278912,83.33333333333334
E00016654,231,50,34,16,181,10,171,21.645021645021643,14.71861471861472,6.926406926406926,78.35497835497836,4.329004329004329,74.02597402597402
E00016655,343,45,13,32,298,20,278,13.119533527696792,3.7900874635568513,9.329446064139942,86.88046647230321,5.830903790087463,81.04956268221575
E00016656,448,68,28,40,380,17,363,15.178571428571427,6.25,8.928571428571429,84.82142857142857,3.7946428571428568,81.02678571428571
E00016657,242,41,21,20,201,5,196,16.94214876033058,8.677685950413224,8.264462809917356,83.05785123966942,2.066115702479339,80.99173553719008
E00016658,226,34,8,26,192,15,177,15.04424778761062,3.5398230088495577,11.504424778761061,84.95575221238938,6.637168141592921,78.31858407079646
E00016659,256,41,17,24,215,21,194,16.015625,6.640625,9.375,83.984375,8.203125,75.78125
E00016660,375,54,16,38,321,17,304,14.399999999999999,4.266666666666667,10.133333333333333,85.6,4.533333333333333,81.06666666666666
E00016661,296,52,31,21,244,25,219,17.56756756756757,10.472972972972974,7.094594594594595,82.43243243243244,8.445945945945946,73.98648648648648
E00016662,317,34,13,21,283,14,269,10.725552050473187,4.100946372239748,6.624605678233439,89.27444794952682,4.416403785488959,84.85804416403786
E00016663,348,49,24,25,299,20,279,14.080459770114942,6.896551724137931,7.183908045977011,85.91954022988506,5.747126436781609,80.17241379310344
E00016664,389,34,9,25,355,22,333,8.740359897172237,2.313624678663239,6.426735218508997,91.25964010282776,5.655526992287918,85.60411311053984
E00016666,309,51,17,34,258,24,234,16.50485436893204,5.501618122977346,11.003236245954692,83.49514563106796,7.766990291262135,75.72815533980582
E00016667,376,62,32,30,314,25,289,16.48936170212766,8.51063829787234,7.9787234042553195,83.51063829787235,6.648936170212766,76.86170212765957
E00016668,222,42,12,30,180,17,163,18.91891891891892,5.405405405405405,13.513513513513514,81.08108108108108,7.657657657657657,73.42342342342343
E00016669,233,39,22,17,194,14,180,16.738197424892704,9.44206008583691,7.296137339055794,83.2618025751073,6.008583690987124,77.25321888412017
E00016670,304,35,16,19,269,32,237,11.513157894736842,5.263157894736842,6.25,88.48684210526315,10.526315789473683,77.96052631578947
E00016671,137,27,15,12,110,6,104,19.708029197080293,10.948905109489052,8.75912408759124,80.2919708029197,4.37956204379562,75.91240875912408
E00016672,354,35,14,21,319,19,300,9.887005649717514,3.954802259887006,5.932203389830509,90.11299435028248,5.367231638418079,84.7457627118644
E00016673,341,115,61,54,226,22,204,33.724340175953074,17.888563049853374,15.835777126099707,66.27565982404691,6.451612903225806,59.82404692082112
E00016674,583,82,27,55,501,32,469,14.065180102915953,4.631217838765009,9.433962264150944,85.93481989708405,5.4888507718696395,80.44596912521442
E00016675,248,25,11,14,223,15,208,10.080645161290322,4.435483870967742,5.64516129032258,89.91935483870968,6.048387096774194,83.87096774193549
E00016676,286,29,13,16,257,18,239,10.13986013986014,4.545454545454546,5.594405594405594,89.86013986013987,6.293706293706294,83.56643356643356
E00016678,297,45,21,24,252,14,238,15.151515151515152,7.07070707070707,8.080808080808081,84.84848484848484,4.713804713804714,80.13468013468014
E00016679,242,50,20,30,192,11,181,20.66115702479339,8.264462809917356,12.396694214876034,79.33884297520662,4.545454545454546,74.79338842975206
E00016680,275,86,71,15,189,16,173,31.272727272727273,25.818181818181817,5.454545454545454,68.72727272727272,5.818181818181818,62.909090909090914
E00016682,185,16,5,11,169,14,155,8.64864864864865,2.7027027027027026,5.9459459459459465,91.35135135135135,7.567567567567568,83.78378378378379
E00016683,329,34,7,27,295,21,274,10.33434650455927,2.127659574468085,8.206686930091186,89.66565349544074,6.382978723404255,83.28267477203647
E00016684,212,18,8,10,194,17,177,8.49056603773585,3.7735849056603774,4.716981132075472,91.50943396226415,8.018867924528301,83.49056603773585
E00016685,340,50,31,19,290,14,276,14.705882352941178,9.117647058823529,5.588235294117648,85.29411764705883,4.117647058823529,81.17647058823529
E00016686,362,67,34,33,295,11,284,18.50828729281768,9.392265193370166,9.116022099447514,81.49171270718232,3.0386740331491713,78.45303867403315
E00016687,193,23,3,20,170,11,159,11.917098445595855,1.5544041450777202,10.362694300518134,88.08290155440415,5.699481865284974,82.38341968911918
E00016688,320,61,28,33,259,12,247,19.0625,8.75,10.3125,80.9375,3.75,77.1875
E00016689,300,57,19,38,243,22,221,19,6.333333333333334,12.666666666666668,81,7.333333333333333,73.66666666666667
E00016690,312,55,26,29,257,11,246,17.628205128205128,8.333333333333332,9.294871794871796,82.37179487179486,3.5256410256410255,78.84615384615384
E00016691,333,47,25,22,286,11,275,14.114114114114114,7.5075075075075075,6.606606606606606,85.88588588588588,3.303303303303303,82.58258258258259
E00016693,495,46,24,22,449,19,430,9.292929292929292,4.848484848484849,4.444444444444445,90.7070707070707,3.8383838383838382,86.86868686868688
E00016695,258,45,21,24,213,21,192,17.441860465116278,8.13953488372093,9.30232558139535,82.55813953488372,8.13953488372093,74.4186046511628
E00016696,258,25,10,15,233,15,218,9.689922480620156,3.875968992248062,5.813953488372093,90.31007751937985,5.813953488372093,84.49612403100775
E00016697,330,42,17,25,288,13,275,12.727272727272727,5.151515151515151,7.575757575757576,87.27272727272727,3.939393939393939,83.33333333333334
E00016699,270,34,23,11,236,12,224,12.592592592592592,8.518518518518519,4.074074074074074,87.4074074074074,4.444444444444445,82.96296296296296
E00016701,444,65,30,35,379,26,353,14.63963963963964,6.756756756756757,7.882882882882883,85.36036036036036,5.8558558558558556,79.5045045045045
E00016703,315,46,23,23,269,19,250,14.603174603174605,7.301587301587302,7.301587301587302,85.39682539682539,6.031746031746032,79.36507936507937
E00016705,394,53,15,38,341,25,316,13.451776649746192,3.807106598984772,9.644670050761421,86.5482233502538,6.345177664974619,80.20304568527918
E00016706,300,39,18,21,261,11,250,13,6,7.000000000000001,87,3.6666666666666665,83.33333333333334
E00016708,363,53,28,25,310,25,285,14.600550964187327,7.7134986225895315,6.887052341597796,85.39944903581267,6.887052341597796,78.51239669421489
E00016709,439,73,29,44,366,20,346,16.62870159453303,6.605922551252847,10.022779043280181,83.37129840546697,4.555808656036446,78.81548974943053
E00016710,411,43,16,27,368,14,354,10.46228710462287,3.8929440389294405,6.569343065693431,89.53771289537713,3.40632603406326,86.13138686131386
E00016711,456,56,18,38,400,28,372,12.280701754385964,3.9473684210526314,8.333333333333332,87.71929824561403,6.140350877192982,81.57894736842105
E00016712,337,50,12,38,287,15,272,14.836795252225517,3.5608308605341246,11.275964391691394,85.16320474777447,4.451038575667656,80.71216617210682
E00016713,391,66,29,37,325,29,296,16.879795396419436,7.41687979539642,9.462915601023019,83.12020460358056,7.41687979539642,75.70332480818415
E00016714,370,54,19,35,316,20,296,14.594594594594595,5.135135135135135,9.45945945945946,85.4054054054054,5.405405405405405,80
E00016715,320,48,15,33,272,25,247,15,4.6875,10.3125,85,7.8125,77.1875
E00016716,320,25,9,16,295,19,276,7.8125,2.8125,5,92.1875,5.9375,86.25
E00016717,220,26,6,20,194,8,186,11.818181818181818,2.727272727272727,9.090909090909092,88.18181818181819,3.6363636363636362,84.54545454545455
E00016718,264,47,21,26,217,11,206,17.803030303030305,7.954545454545454,9.848484848484848,82.1969696969697,4.166666666666666,78.03030303030303
E00016719,342,39,13,26,303,11,292,11.403508771929824,3.8011695906432745,7.602339181286549,88.59649122807018,3.216374269005848,85.38011695906432
E00016720,327,23,6,17,304,18,286,7.033639143730887,1.834862385321101,5.198776758409786,92.96636085626912,5.5045871559633035,87.46177370030581
E00016721,294,45,19,26,249,13,236,15.306122448979592,6.462585034013606,8.843537414965986,84.6938775510204,4.421768707482993,80.27210884353741
E00016722,388,54,19,35,334,18,316,13.917525773195877,4.896907216494846,9.02061855670103,86.08247422680412,4.639175257731959,81.44329896907216
E00016723,259,38,16,22,221,14,207,14.671814671814673,6.177606177606178,8.494208494208493,85.32818532818533,5.405405405405405,79.92277992277992
E00016724,282,38,15,23,244,18,226,13.47517730496454,5.319148936170213,8.156028368794328,86.52482269503547,6.382978723404255,80.1418439716312
E00016725,221,12,3,9,209,12,197,5.429864253393665,1.3574660633484164,4.072398190045249,94.57013574660633,5.429864253393665,89.14027149321268
E00016726,219,34,19,15,185,8,177,15.52511415525114,8.67579908675799,6.8493150684931505,84.47488584474885,3.65296803652968,80.82191780821918
E00016727,311,56,31,25,255,19,236,18.006430868167204,9.967845659163988,8.038585209003216,81.9935691318328,6.109324758842444,75.88424437299035
E00016728,266,47,20,27,219,8,211,17.669172932330827,7.518796992481203,10.150375939849624,82.33082706766918,3.007518796992481,79.32330827067669
E00016729,275,36,12,24,239,30,209,13.090909090909092,4.363636363636364,8.727272727272728,86.9090909090909,10.909090909090908,76
E00016730,333,51,18,33,282,24,258,15.315315315315313,5.405405405405405,9.90990990990991,84.68468468468468,7.207207207207207,77.47747747747748
E00016731,335,45,21,24,290,15,275,13.432835820895523,6.26865671641791,7.164179104477612,86.56716417910447,4.477611940298507,82.08955223880598
E00016732,317,50,22,28,267,21,246,15.772870662460567,6.940063091482649,8.832807570977918,84.22712933753942,6.624605678233439,77.60252365930599
E00016733,310,28,6,22,282,26,256,9.032258064516128,1.935483870967742,7.096774193548387,90.96774193548387,8.38709677419355,82.58064516129032
E00016734,289,28,7,21,261,24,237,9.688581314878892,2.422145328719723,7.26643598615917,90.3114186851211,8.304498269896193,82.00692041522491
E00016735,370,42,10,32,328,24,304,11.351351351351353,2.7027027027027026,8.64864864864865,88.64864864864866,6.486486486486487,82.16216216216216
E00016737,276,63,29,34,213,19,194,22.82608695652174,10.507246376811594,12.318840579710146,77.17391304347827,6.884057971014493,70.28985507246377
E00016738,423,57,20,37,366,28,338,13.47517730496454,4.7281323877068555,8.747044917257684,86.52482269503547,6.619385342789598,79.90543735224587
E00016739,312,41,13,28,271,23,248,13.141025641025642,4.166666666666666,8.974358974358974,86.85897435897436,7.371794871794872,79.48717948717949
E00016740,307,45,11,34,262,25,237,14.65798045602606,3.5830618892508146,11.074918566775244,85.34201954397395,8.143322475570033,77.19869706840392
E00016741,268,62,26,36,206,19,187,23.134328358208954,9.701492537313433,13.432835820895523,76.86567164179104,7.08955223880597,69.77611940298507
E00016742,353,32,9,23,321,25,296,9.06515580736544,2.5495750708215295,6.515580736543909,90.93484419263456,7.0821529745042495,83.85269121813032
E00016743,268,25,7,18,243,23,220,9.328358208955224,2.6119402985074625,6.7164179104477615,90.67164179104478,8.582089552238806,82.08955223880598
E00016744,348,40,16,24,308,32,276,11.494252873563218,4.597701149425287,6.896551724137931,88.50574712643679,9.195402298850574,79.3103448275862
E00016745,407,60,22,38,347,31,316,14.742014742014742,5.405405405405405,9.336609336609335,85.25798525798525,7.616707616707617,77.64127764127764
E00016746,359,43,14,29,316,27,289,11.977715877437326,3.8997214484679668,8.07799442896936,88.02228412256268,7.520891364902507,80.50139275766016
E00016747,258,43,13,30,215,17,198,16.666666666666664,5.038759689922481,11.627906976744185,83.33333333333334,6.5891472868217065,76.74418604651163
E00016748,283,41,27,14,242,11,231,14.487632508833922,9.540636042402827,4.946996466431095,85.51236749116607,3.8869257950530036,81.62544169611307
E00016749,297,41,21,20,256,18,238,13.804713804713806,7.07070707070707,6.7340067340067336,86.19528619528619,6.0606060606060606,80.13468013468014
E00016750,271,27,7,20,244,23,221,9.96309963099631,2.5830258302583027,7.380073800738007,90.03690036900369,8.487084870848708,81.54981549815497
E00016751,300,31,11,20,269,22,247,10.333333333333334,3.6666666666666665,6.666666666666667,89.66666666666666,7.333333333333333,82.33333333333334
E00016752,388,51,20,31,337,25,312,13.144329896907218,5.154639175257731,7.989690721649484,86.85567010309279,6.443298969072164,80.41237113402062
E00016753,310,44,15,29,266,14,252,14.193548387096774,4.838709677419355,9.35483870967742,85.80645161290322,4.516129032258064,81.29032258064515
E00016754,283,27,5,22,256,17,239,9.540636042402827,1.76678445229682,7.773851590106007,90.45936395759718,6.007067137809187,84.45229681978799
E00016755,448,72,36,36,376,24,352,16.071428571428573,8.035714285714286,8.035714285714286,83.92857142857143,5.357142857142857,78.57142857142857
E00016756,308,54,23,31,254,15,239,17.532467532467532,7.467532467532467,10.064935064935066,82.46753246753246,4.870129870129871,77.59740259740259
E00016757,294,26,3,23,268,26,242,8.843537414965986,1.0204081632653061,7.8231292517006805,91.15646258503402,8.843537414965986,82.31292517006803
E00016758,315,48,25,23,267,14,253,15.238095238095239,7.936507936507936,7.301587301587302,84.76190476190476,4.444444444444445,80.31746031746032
E00016759,321,36,16,20,285,21,264,11.214953271028037,4.984423676012461,6.230529595015576,88.78504672897196,6.5420560747663545,82.2429906542056
E00016760,246,43,13,30,203,16,187,17.479674796747968,5.284552845528456,12.195121951219512,82.52032520325203,6.504065040650407,76.01626016260163
E00016761,318,38,11,27,280,26,254,11.949685534591195,3.459119496855346,8.49056603773585,88.0503144654088,8.176100628930817,79.87421383647799
E00016762,350,49,26,23,301,22,279,14.000000000000002,7.428571428571429,6.571428571428571,86,6.2857142857142865,79.71428571428572
E00016763,318,40,14,26,278,24,254,12.578616352201259,4.40251572327044,8.176100628930817,87.42138364779875,7.547169811320755,79.87421383647799
E00016764,273,46,13,33,227,13,214,16.84981684981685,4.761904761904762,12.087912087912088,83.15018315018315,4.761904761904762,78.3882783882784
E00016765,244,30,13,17,214,28,186,12.295081967213115,5.327868852459016,6.967213114754098,87.70491803278688,11.475409836065573,76.22950819672131
E00016766,379,67,30,37,312,18,294,17.678100263852244,7.9155672823219,9.762532981530343,82.32189973614776,4.749340369393139,77.57255936675462
E00016767,249,46,19,27,203,20,183,18.473895582329316,7.630522088353414,10.843373493975903,81.52610441767068,8.032128514056225,73.49397590361446
E00016768,333,78,25,53,255,16,239,23.423423423423422,7.5075075075075075,15.915915915915916,76.57657657657657,4.804804804804805,71.77177177177178
E00016769,386,46,15,31,340,20,320,11.917098445595855,3.8860103626943006,8.031088082901555,88.08290155440415,5.181347150259067,82.90155440414507
E00016770,147,21,2,19,126,16,110,14.285714285714285,1.3605442176870748,12.925170068027212,85.71428571428571,10.884353741496598,74.82993197278913
E00016771,381,40,20,20,341,33,308,10.498687664041995,5.2493438320209975,5.2493438320209975,89.501312335958,8.661417322834646,80.83989501312337
E00016772,368,50,20,30,318,30,288,13.586956521739129,5.434782608695652,8.152173913043478,86.41304347826086,8.152173913043478,78.26086956521739
E00016773,255,45,19,26,210,9,201,17.647058823529413,7.450980392156863,10.196078431372548,82.35294117647058,3.5294117647058822,78.82352941176471
E00016774,379,49,22,27,330,31,299,12.928759894459102,5.804749340369393,7.12401055408971,87.0712401055409,8.179419525065963,78.89182058047494
E00016775,275,35,16,19,240,13,227,12.727272727272727,5.818181818181818,6.909090909090909,87.27272727272727,4.7272727272727275,82.54545454545455
E00016776,319,56,24,32,263,28,235,17.55485893416928,7.523510971786834,10.031347962382444,82.44514106583071,8.77742946708464,73.66771159874608
E00016777,359,45,10,35,314,30,284,12.534818941504177,2.785515320334262,9.749303621169917,87.46518105849582,8.356545961002785,79.10863509749304
E00016778,308,58,26,32,250,12,238,18.83116883116883,8.441558441558442,10.38961038961039,81.16883116883116,3.896103896103896,77.27272727272727
E00016779,226,47,19,28,179,11,168,20.79646017699115,8.4070796460177,12.389380530973451,79.20353982300885,4.867256637168142,74.33628318584071
E00016780,482,132,75,57,350,24,326,27.385892116182575,15.560165975103734,11.825726141078837,72.61410788381743,4.979253112033195,67.63485477178423
E00016781,303,32,15,17,271,16,255,10.561056105610561,4.9504950495049505,5.6105610561056105,89.43894389438944,5.2805280528052805,84.15841584158416
E00016782,581,136,77,59,445,21,424,23.407917383820998,13.253012048192772,10.154905335628227,76.592082616179,3.614457831325301,72.9776247848537
E00016783,313,54,24,30,259,18,241,17.252396166134183,7.667731629392971,9.584664536741213,82.74760383386581,5.7507987220447285,76.99680511182109
E00016784,315,42,19,23,273,20,253,13.333333333333334,6.031746031746032,7.301587301587302,86.66666666666667,6.349206349206349,80.31746031746032
E00016785,257,48,24,24,209,11,198,18.67704280155642,9.33852140077821,9.33852140077821,81.32295719844358,4.280155642023346,77.04280155642024
E00016786,251,43,19,24,208,18,190,17.131474103585656,7.569721115537849,9.56175298804781,82.86852589641434,7.171314741035857,75.69721115537848
E00016787,534,66,36,30,468,24,444,12.359550561797752,6.741573033707865,5.617977528089887,87.64044943820225,4.49438202247191,83.14606741573034
E00016788,282,44,25,19,238,13,225,15.602836879432624,8.865248226950355,6.73758865248227,84.39716312056737,4.609929078014184,79.7872340425532
E00016789,399,52,23,29,347,30,317,13.032581453634084,5.764411027568922,7.268170426065162,86.96741854636592,7.518796992481203,79.4486215538847
E00016790,232,26,15,11,206,13,193,11.206896551724139,6.4655172413793105,4.741379310344827,88.79310344827587,5.603448275862069,83.1896551724138
E00016791,308,30,15,15,278,18,260,9.740259740259742,4.870129870129871,4.870129870129871,90.25974025974025,5.844155844155844,84.4155844155844
E00016792,508,50,15,35,458,18,440,9.84251968503937,2.952755905511811,6.889763779527559,90.15748031496062,3.543307086614173,86.61417322834646
E00016793,227,49,19,30,178,6,172,21.58590308370044,8.370044052863436,13.215859030837004,78.41409691629956,2.643171806167401,75.77092511013215
E00016794,222,31,18,13,191,9,182,13.963963963963963,8.108108108108109,5.8558558558558556,86.03603603603604,4.054054054054054,81.98198198198197
E00016795,274,47,19,28,227,24,203,17.153284671532848,6.934306569343065,10.218978102189782,82.84671532846716,8.75912408759124,74.08759124087592
E00016796,478,67,31,36,411,26,385,14.01673640167364,6.485355648535565,7.531380753138076,85.98326359832636,5.439330543933055,80.5439330543933
E00016797,372,52,17,35,320,31,289,13.978494623655912,4.56989247311828,9.408602150537634,86.02150537634408,8.333333333333332,77.68817204301075
E00016799,338,53,26,27,285,20,265,15.680473372781064,7.6923076923076925,7.988165680473373,84.31952662721893,5.9171597633136095,78.40236686390533
E00016800,309,33,15,18,276,16,260,10.679611650485436,4.854368932038835,5.825242718446602,89.32038834951457,5.177993527508091,84.14239482200647
E00016801,336,50,14,36,286,17,269,14.880952380952381,4.166666666666666,10.714285714285714,85.11904761904762,5.059523809523809,80.05952380952381
E00016802,392,67,28,39,325,10,315,17.091836734693878,7.142857142857142,9.948979591836734,82.90816326530613,2.5510204081632653,80.35714285714286
E00016803,251,31,20,11,220,7,213,12.350597609561753,7.968127490039841,4.382470119521913,87.64940239043824,2.788844621513944,84.86055776892431
E00016804,368,55,27,28,313,27,286,14.945652173913043,7.336956521739131,7.608695652173914,85.05434782608695,7.336956521739131,77.71739130434783
E00016805,368,36,17,19,332,14,318,9.782608695652174,4.619565217391304,5.163043478260869,90.21739130434783,3.804347826086957,86.41304347826086
E00016806,244,36,16,20,208,13,195,14.754098360655737,6.557377049180328,8.19672131147541,85.24590163934425,5.327868852459016,79.91803278688525
E00016807,375,51,19,32,324,25,299,13.600000000000001,5.066666666666666,8.533333333333333,86.4,6.666666666666667,79.73333333333333
E00016808,246,23,5,18,223,10,213,9.34959349593496,2.0325203252032518,7.317073170731707,90.65040650406505,4.0650406504065035,86.58536585365853
E00016809,311,58,21,37,253,20,233,18.64951768488746,6.752411575562702,11.89710610932476,81.35048231511254,6.430868167202572,74.91961414790997
E00016810,350,48,15,33,302,19,283,13.714285714285715,4.285714285714286,9.428571428571429,86.28571428571429,5.428571428571429,80.85714285714286
E00016811,358,28,10,18,330,13,317,7.82122905027933,2.793296089385475,5.027932960893855,92.17877094972067,3.6312849162011176,88.54748603351955
E00016812,332,39,16,23,293,17,276,11.74698795180723,4.819277108433735,6.927710843373494,88.25301204819277,5.120481927710843,83.13253012048193
E00016813,318,52,27,25,266,20,246,16.352201257861633,8.49056603773585,7.861635220125786,83.64779874213836,6.289308176100629,77.35849056603774
E00016814,296,44,13,31,252,21,231,14.864864864864865,4.391891891891892,10.472972972972974,85.13513513513513,7.094594594594595,78.04054054054053
E00016815,315,42,18,24,273,23,250,13.333333333333334,5.714285714285714,7.6190476190476195,86.66666666666667,7.301587301587302,79.36507936507937
E00016816,269,55,23,32,214,11,203,20.44609665427509,8.550185873605948,11.895910780669144,79.5539033457249,4.089219330855019,75.46468401486989
E00016817,361,48,24,24,313,18,295,13.29639889196676,6.64819944598338,6.64819944598338,86.70360110803324,4.986149584487535,81.7174515235457
E00016818,324,46,17,29,278,19,259,14.19753086419753,5.246913580246913,8.950617283950617,85.80246913580247,5.864197530864197,79.93827160493827
E00016819,260,42,17,25,218,21,197,16.153846153846153,6.538461538461539,9.615384615384617,83.84615384615385,8.076923076923077,75.76923076923077
E00016820,314,29,14,15,285,13,272,9.235668789808917,4.45859872611465,4.777070063694268,90.76433121019109,4.140127388535031,86.62420382165605
E00016822,372,63,40,23,309,10,299,16.93548387096774,10.75268817204301,6.182795698924731,83.06451612903226,2.6881720430107525,80.3763440860215
E00016823,293,40,18,22,253,17,236,13.651877133105803,6.143344709897611,7.508532423208192,86.3481228668942,5.802047781569966,80.54607508532423
E00016824,270,46,25,21,224,13,211,17.037037037037038,9.25925925925926,7.777777777777778,82.96296296296296,4.814814814814815,78.14814814814814
E00016825,184,29,10,19,155,11,144,15.760869565217392,5.434782608695652,10.326086956521738,84.23913043478261,5.978260869565218,78.26086956521739
E00016826,390,88,50,38,302,22,280,22.564102564102566,12.82051282051282,9.7435897435897445,77.435897435897445,5.641025641025641,71.7948717948718
E00016827,324,69,29,40,255,15,240,21.296296296296298,8.950617283950617,12.345679012345679,78.70370370370371,4.62962962962963,74.07407407407408
E00016828,255,40,13,27,215,22,193,15.686274509803921,5.098039215686274,10.588235294117647,84.31372549019608,8.627450980392156,75.68627450980392
E00016829,270,53,24,29,217,14,203,19.62962962962963,8.88888888888889,10.74074074074074,80.37037037037037,5.185185185185185,75.18518518518519
E00016830,348,42,14,28,306,28,278,12.068965517241379,4.022988505747127,8.045977011494253,87.93103448275862,8.045977011494253,79.88505747126436
E00016831,268,39,14,25,229,18,211,14.55223880597015,5.223880597014925,9.328358208955224,85.44776119402985,6.7164179104477615,78.73134328358209
E00016832,247,56,20,36,191,25,166,22.672064777327936,8.097165991902834,14.5748987854251,77.32793522267207,10.121457489878543,67.20647773279353
E00016833,374,43,21,22,331,25,306,11.497326203208557,5.614973262032086,5.88235294117647,88.50267379679144,6.684491978609626,81.81818181818183
E00016834,436,62,26,36,374,30,344,14.220183486238533,5.963302752293578,8.256880733944955,85.77981651376146,6.8807339449541285,78.89908256880734
E00016835,315,44,12,32,271,26,245,13.968253968253968,3.8095238095238098,10.158730158730158,86.03174603174604,8.253968253968253,77.77777777777779
E00016836,284,58,24,34,226,13,213,20.422535211267608,8.450704225352112,11.971830985915492,79.5774647887324,4.577464788732395,75
E00016837,284,44,19,25,240,19,221,15.492957746478872,6.690140845070422,8.80281690140845,84.50704225352112,6.690140845070422,77.8169014084507
E00016838,249,38,21,17,211,13,198,15.261044176706829,8.433734939759036,6.827309236947792,84.73895582329317,5.220883534136546,79.51807228915662
E00016839,284,29,16,13,255,19,236,10.211267605633804,5.633802816901409,4.577464788732395,89.7887323943662,6.690140845070422,83.09859154929578
E00016840,348,47,17,30,301,18,283,13.505747126436782,4.885057471264368,8.620689655172415,86.49425287356321,5.172413793103448,81.32183908045977
E00016841,352,60,25,35,292,11,281,17.045454545454543,7.1022727272727275,9.943181818181818,82.95454545454545,3.125,79.82954545454545
E00016842,232,20,5,15,212,21,191,8.620689655172415,2.1551724137931036,6.4655172413793105,91.37931034482759,9.051724137931034,82.32758620689656
E00016843,339,37,17,20,302,15,287,10.914454277286136,5.014749262536873,5.899705014749262,89.08554572271386,4.424778761061947,84.66076696165192
E00016844,239,43,10,33,196,28,168,17.99163179916318,4.184100418410042,13.807531380753138,82.00836820083683,11.715481171548117,70.29288702928869
E00016845,321,50,16,34,271,31,240,15.57632398753894,4.984423676012461,10.59190031152648,84.42367601246106,9.657320872274143,74.76635514018692
E00016846,293,36,11,25,257,25,232,12.286689419795222,3.754266211604096,8.532423208191126,87.71331058020478,8.532423208191126,79.18088737201366
E00016847,233,42,25,17,191,7,184,18.025751072961373,10.72961373390558,7.296137339055794,81.97424892703863,3.004291845493562,78.96995708154506
E00016848,242,28,7,21,214,25,189,11.570247933884298,2.8925619834710745,8.677685950413224,88.42975206611571,10.330578512396695,78.099173553719
E00016849,288,48,24,24,240,10,230,16.666666666666664,8.333333333333332,8.333333333333332,83.33333333333334,3.4722222222222223,79.86111111111111
E00016850,246,42,21,21,204,18,186,17.073170731707318,8.536585365853659,8.536585365853659,82.92682926829268,7.317073170731707,75.60975609756098
E00016851,341,53,17,36,288,26,262,15.542521994134898,4.9853372434017595,10.557184750733137,84.4574780058651,7.624633431085044,76.83284457478005
E00016852,219,23,7,16,196,18,178,10.50228310502283,3.1963470319634704,7.30593607305936,89.49771689497716,8.21917808219178,81.27853881278538
E00016853,454,90,41,49,364,15,349,19.823788546255507,9.030837004405285,10.79295154185022,80.1762114537445,3.303964757709251,76.87224669603523
E00016854,277,38,12,26,239,14,225,13.718411552346572,4.332129963898916,9.386281588447654,86.28158844765343,5.054151624548736,81.2274368231047
E00016855,215,22,4,18,193,16,177,10.232558139534884,1.8604651162790697,8.372093023255815,89.76744186046511,7.441860465116279,82.32558139534883
E00016856,353,39,9,30,314,12,302,11.048158640226628,2.5495750708215295,8.498583569405099,88.95184135977338,3.39943342776204,85.55240793201133
E00016857,301,52,18,34,249,15,234,17.275747508305646,5.980066445182724,11.295681063122924,82.72425249169434,4.983388704318937,77.74086378737542
E00016858,234,39,21,18,195,12,183,16.666666666666664,8.974358974358974,7.6923076923076925,83.33333333333334,5.128205128205128,78.2051282051282
E00016859,321,57,18,39,264,22,242,17.75700934579439,5.607476635514018,12.149532710280374,82.2429906542056,6.853582554517133,75.38940809968847
E00016860,350,49,15,34,301,24,277,14.000000000000002,4.285714285714286,9.714285714285714,86,6.857142857142858,79.14285714285715
E00016861,417,67,23,44,350,24,326,16.06714628297362,5.515587529976019,10.551558752997602,83.93285371702638,5.755395683453238,78.17745803357315
E00016862,310,33,14,19,277,17,260,10.64516129032258,4.516129032258064,6.129032258064516,89.35483870967742,5.483870967741936,83.87096774193549
E00016863,502,116,70,46,386,14,372,23.107569721115535,13.94422310756972,9.163346613545817,76.89243027888446,2.788844621513944,74.10358565737052
E00016864,312,50,21,29,262,9,253,16.025641025641026,6.730769230769231,9.294871794871796,83.97435897435898,2.8846153846153846,81.08974358974359
E00016865,355,67,23,44,288,12,276,18.87323943661972,6.478873239436619,12.394366197183098,81.12676056338029,3.3802816901408446,77.74647887323944
E00016866,340,38,9,29,302,28,274,11.176470588235295,2.6470588235294117,8.529411764705882,88.8235294117647,8.235294117647058,80.58823529411765
E00016867,261,40,21,19,221,32,189,15.32567049808429,8.045977011494253,7.2796934865900385,84.67432950191571,12.260536398467432,72.41379310344827
E00016868,285,45,22,23,240,24,216,15.789473684210526,7.719298245614035,8.070175438596491,84.21052631578947,8.421052631578947,75.78947368421053
E00016869,241,51,21,30,190,10,180,21.16182572614108,8.71369294605809,12.448132780082988,78.83817427385893,4.149377593360995,74.68879668049793
E00016870,339,27,11,16,312,25,287,7.964601769911504,3.2448377581120944,4.71976401179941,92.03539823008849,7.374631268436578,84.66076696165192
E00016871,349,53,24,29,296,22,274,15.18624641833811,6.876790830945559,8.30945558739255,84.81375358166189,6.303724928366762,78.51002865329512
E00016872,344,52,22,30,292,18,274,15.11627906976744,6.395348837209303,8.720930232558139,84.88372093023256,5.232558139534884,79.65116279069767
E00016873,345,63,22,41,282,13,269,18.26086956521739,6.3768115942028984,11.884057971014492,81.73913043478261,3.768115942028986,77.97101449275362
E00016874,308,62,25,37,246,18,228,20.12987012987013,8.116883116883116,12.012987012987013,79.87012987012987,5.844155844155844,74.02597402597402
E00016875,246,51,20,31,195,8,187,20.73170731707317,8.130081300813007,12.601626016260163,79.26829268292683,3.2520325203252036,76.01626016260163
E00016876,214,41,22,19,173,21,152,19.158878504672895,10.2803738317757,8.878504672897195,80.8411214953271,9.813084112149532,71.02803738317756
E00016877,224,35,11,24,189,14,175,15.625,4.910714285714286,10.714285714285714,84.375,6.25,78.125
E00016878,296,59,28,31,237,11,226,19.93243243243243,9.45945945945946,10.472972972972974,80.06756756756756,3.7162162162162162,76.35135135135135
E00016879,422,63,27,36,359,44,315,14.928909952606634,6.398104265402843,8.530805687203792,85.07109004739335,10.42654028436019,74.64454976303317
E00016880,534,82,45,37,452,24,428,15.355805243445692,8.426966292134832,6.928838951310862,84.6441947565543,4.49438202247191,80.14981273408239
E00016881,394,42,16,26,352,19,333,10.65989847715736,4.060913705583756,6.598984771573605,89.34010152284264,4.822335025380711,84.51776649746193
E00016883,360,48,15,33,312,18,294,13.333333333333334,4.166666666666666,9.166666666666666,86.66666666666667,5,81.66666666666667
E00016884,322,53,19,34,269,23,246,16.459627329192546,5.900621118012422,10.559006211180124,83.54037267080744,7.142857142857142,76.3975155279503
E00016885,320,53,19,34,267,25,242,16.5625,5.9375,10.625,83.4375,7.8125,75.625
E00016886,331,41,15,26,290,26,264,12.386706948640484,4.531722054380665,7.854984894259818,87.61329305135952,7.854984894259818,79.7583081570997
E00016887,248,36,14,22,212,27,185,14.516129032258066,5.64516129032258,8.870967741935484,85.48387096774194,10.887096774193548,74.59677419354838
E00016888,314,58,28,30,256,26,230,18.471337579617835,8.9171974522293,9.554140127388536,81.52866242038218,8.280254777070063,73.24840764331209
E00016889,293,32,12,20,261,24,237,10.921501706484642,4.09556313993174,6.825938566552901,89.07849829351537,8.19112627986348,80.88737201365188
E00016890,301,47,15,32,254,27,227,15.614617940199334,4.983388704318937,10.631229235880399,84.38538205980066,8.970099667774086,75.41528239202658
E00016891,356,48,16,32,308,27,281,13.48314606741573,4.49438202247191,8.98876404494382,86.51685393258427,7.584269662921349,78.93258426966293
E00016892,306,39,10,29,267,23,244,12.745098039215685,3.2679738562091507,9.477124183006536,87.25490196078431,7.516339869281046,79.73856209150327
E00016893,308,50,22,28,258,20,238,16.233766233766232,7.142857142857142,9.090909090909092,83.76623376623377,6.493506493506493,77.27272727272727
E00016894,339,60,20,40,279,29,250,17.699115044247787,5.899705014749262,11.799410029498524,82.30088495575221,8.55457227138643,73.74631268436578
E00016895,291,55,20,35,236,30,206,18.900343642611684,6.872852233676976,12.027491408934708,81.09965635738831,10.309278350515463,70.79037800687286
E00016896,290,37,12,25,253,22,231,12.758620689655173,4.137931034482759,8.620689655172415,87.24137931034483,7.586206896551724,79.65517241379311
E00016897,534,65,24,41,469,37,432,12.172284644194757,4.49438202247191,7.677902621722846,87.82771535580525,6.928838951310862,80.89887640449437
E00016898,276,38,15,23,238,22,216,13.768115942028986,5.434782608695652,8.333333333333332,86.23188405797102,7.971014492753622,78.26086956521739
E00016899,227,34,11,23,193,15,178,14.977973568281937,4.845814977973569,10.13215859030837,85.02202643171806,6.607929515418502,78.41409691629956
E00016900,370,39,14,25,331,34,297,10.54054054054054,3.783783783783784,6.756756756756757,89.45945945945945,9.18918918918919,80.27027027027027
E00016901,245,35,11,24,210,22,188,14.285714285714285,4.489795918367347,9.795918367346939,85.71428571428571,8.979591836734693,76.73469387755102
E00016902,327,48,21,27,279,14,265,14.678899082568808,6.422018348623854,8.256880733944955,85.3211009174312,4.281345565749235,81.03975535168195
E00016903,339,38,11,27,301,19,282,11.209439528023598,3.2448377581120944,7.964601769911504,88.79056047197639,5.604719764011799,83.1858407079646
E00016904,237,27,6,21,210,21,189,11.39240506329114,2.5316455696202533,8.860759493670885,88.60759493670885,8.860759493670885,79.74683544303798
E00016905,284,52,17,35,232,10,222,18.30985915492958,5.985915492957746,12.323943661971832,81.69014084507043,3.5211267605633805,78.16901408450704
E00016906,276,30,10,20,246,16,230,10.869565217391305,3.6231884057971016,7.246376811594203,89.13043478260869,5.797101449275362,83.33333333333334
E00016907,347,52,27,25,295,24,271,14.985590778097983,7.780979827089338,7.204610951008646,85.01440922190201,6.9164265129683,78.09798270893373
E00016908,244,56,26,30,188,12,176,22.950819672131146,10.655737704918032,12.295081967213115,77.04918032786885,4.918032786885246,72.1311475409836
E00016909,373,61,29,32,312,19,293,16.353887399463808,7.774798927613941,8.579088471849866,83.6461126005362,5.093833780160858,78.55227882037534
E00016910,363,49,23,26,314,8,306,13.498622589531681,6.336088154269973,7.162534435261708,86.50137741046832,2.203856749311295,84.29752066115702
E00016911,394,73,35,38,321,9,312,18.527918781725887,8.883248730964468,9.644670050761421,81.47208121827411,2.284263959390863,79.18781725888326
E00016912,296,55,24,31,241,8,233,18.58108108108108,8.108108108108109,10.472972972972974,81.41891891891892,2.7027027027027026,78.71621621621621
E00016913,410,61,27,34,349,21,328,14.878048780487804,6.585365853658537,8.292682926829269,85.1219512195122,5.121951219512195,80
E00016914,256,43,27,16,213,11,202,16.796875,10.546875,6.25,83.203125,4.296875,78.90625
E00016915,283,39,16,23,244,13,231,13.780918727915195,5.6537102473498235,8.12720848056537,86.21908127208481,4.593639575971731,81.62544169611307
E00016916,378,53,22,31,325,19,306,14.02116402116402,5.82010582010582,8.201058201058201,85.97883597883597,5.026455026455026,80.95238095238095
E00016917,469,70,26,44,399,37,362,14.925373134328357,5.543710021321962,9.381663113006397,85.07462686567165,7.889125799573561,77.18550106609808
E00016918,528,66,17,49,462,45,417,12.5,3.2196969696969697,9.280303030303031,87.5,8.522727272727272,78.97727272727273
E00016919,347,52,19,33,295,23,272,14.985590778097983,5.475504322766571,9.510086455331413,85.01440922190201,6.628242074927954,78.38616714697406
E00016920,324,55,18,37,269,12,257,16.97530864197531,5.555555555555555,11.419753086419753,83.0246913580247,3.7037037037037033,79.32098765432099
E00016921,281,54,23,31,227,18,209,19.217081850533805,8.185053380782918,11.032028469750891,80.78291814946618,6.405693950177936,74.37722419928826
E00016922,275,39,14,25,236,16,220,14.181818181818182,5.090909090909091,9.090909090909092,85.81818181818181,5.818181818181818,80
E00016923,355,49,18,31,306,30,276,13.802816901408452,5.070422535211268,8.732394366197182,86.19718309859155,8.450704225352112,77.74647887323944
E00016924,437,58,21,37,379,32,347,13.272311212814644,4.805491990846682,8.466819221967963,86.72768878718536,7.322654462242563,79.40503432494279
E00016925,407,37,13,24,370,22,348,9.090909090909092,3.194103194103194,5.896805896805897,90.9090909090909,5.405405405405405,85.5036855036855
E00016926,373,62,34,28,311,19,292,16.621983914209114,9.115281501340483,7.506702412868632,83.37801608579089,5.093833780160858,78.28418230563003
E00016927,285,49,12,37,236,15,221,17.192982456140353,4.2105263157894735,12.982456140350877,82.80701754385966,5.263157894736842,77.54385964912281
E00016928,439,55,25,30,384,20,364,12.52847380410023,5.694760820045558,6.83371298405467,87.47152619589977,4.555808656036446,82.91571753986332
E00016929,289,47,14,33,242,15,227,16.26297577854671,4.844290657439446,11.418685121107266,83.73702422145328,5.190311418685121,78.54671280276817
E00016930,612,82,36,46,530,30,500,13.398692810457517,5.88235294117647,7.516339869281046,86.60130718954248,4.901960784313726,81.69934640522875
E00016931,279,44,19,25,235,12,223,15.770609318996415,6.810035842293908,8.960573476702509,84.22939068100358,4.301075268817205,79.92831541218638
E00016932,320,59,24,35,261,13,248,18.4375,7.5,10.9375,81.5625,4.0625,77.5
E00016933,565,81,41,40,484,23,461,14.33628318584071,7.256637168141593,7.079646017699115,85.6637168141593,4.070796460176991,81.59292035398231
E00016934,380,47,18,29,333,21,312,12.368421052631579,4.736842105263158,7.631578947368421,87.63157894736841,5.526315789473684,82.10526315789474
E00016935,418,51,18,33,367,25,342,12.200956937799043,4.30622009569378,7.894736842105263,87.79904306220095,5.980861244019139,81.81818181818183
E00016936,359,35,11,24,324,19,305,9.749303621169917,3.064066852367688,6.685236768802229,90.25069637883009,5.2924791086350975,84.958217270195
E00016937,459,73,36,37,386,20,366,15.904139433551197,7.8431372549019605,8.061002178649238,84.0958605664488,4.357298474945534,79.73856209150327
E00016938,307,41,11,30,266,14,252,13.355048859934854,3.5830618892508146,9.77198697068404,86.64495114006515,4.5602605863192185,82.08469055374593
E00016939,322,31,19,12,291,9,282,9.627329192546584,5.900621118012422,3.7267080745341614,90.37267080745342,2.7950310559006213,87.5776397515528
E00016940,277,30,13,17,247,12,235,10.830324909747292,4.693140794223827,6.137184115523466,89.16967509025271,4.332129963898916,84.83754512635379
E00016941,413,40,14,26,373,12,361,9.685230024213075,3.389830508474576,6.2953995157385,90.31476997578693,2.9055690072639226,87.40920096852301
E00016942,337,36,14,22,301,17,284,10.682492581602373,4.154302670623145,6.528189910979229,89.31750741839762,5.044510385756676,84.27299703264094
E00016943,290,38,12,26,252,9,243,13.10344827586207,4.137931034482759,8.96551724137931,86.89655172413792,3.103448275862069,83.79310344827586
E00016944,343,52,19,33,291,15,276,15.160349854227405,5.539358600583091,9.620991253644315,84.8396501457726,4.373177842565598,80.466472303207
E00016945,397,56,23,33,341,16,325,14.105793450881613,5.793450881612091,8.312342569269521,85.8942065491184,4.030226700251889,81.86397984886649
E00016946,446,95,45,50,351,33,318,21.300448430493272,10.089686098654708,11.210762331838566,78.69955156950674,7.399103139013453,71.30044843049326
E00016947,166,39,18,21,127,9,118,23.49397590361446,10.843373493975903,12.650602409638553,76.50602409638554,5.421686746987952,71.08433734939759
E00016948,392,57,27,30,335,11,324,14.540816326530612,6.887755102040815,7.653061224489796,85.45918367346938,2.806122448979592,82.6530612244898
E00016949,389,71,34,37,318,13,305,18.251928020565554,8.740359897172237,9.511568123393316,81.74807197943444,3.3419023136246784,78.40616966580977
E00016950,311,33,12,21,278,14,264,10.610932475884244,3.858520900321544,6.752411575562702,89.38906752411575,4.501607717041801,84.88745980707395
E00016951,315,50,29,21,265,15,250,15.873015873015872,9.206349206349207,6.666666666666667,84.12698412698413,4.761904761904762,79.36507936507937
E00016952,257,65,30,35,192,11,181,25.291828793774318,11.673151750972762,13.618677042801556,74.70817120622569,4.280155642023346,70.42801556420234
E00016953,269,59,24,35,210,14,196,21.933085501858738,8.921933085501859,13.011152416356877,78.06691449814126,5.204460966542751,72.86245353159852
E00016954,291,49,26,23,242,13,229,16.83848797250859,8.934707903780069,7.903780068728522,83.16151202749141,4.4673539518900345,78.69415807560138
E00016955,367,65,32,33,302,11,291,17.71117166212534,8.71934604904632,8.991825613079019,82.28882833787466,2.997275204359673,79.291553133515
E00016956,288,57,22,35,231,17,214,19.791666666666664,7.638888888888889,12.152777777777777,80.20833333333334,5.902777777777778,74.30555555555556
E00016957,353,50,26,24,303,21,282,14.164305949008499,7.365439093484419,6.79886685552408,85.8356940509915,5.94900849858357,79.88668555240793
E00016958,357,59,31,28,298,9,289,16.5266106442577,8.683473389355742,7.8431372549019605,83.4733893557423,2.5210084033613445,80.95238095238095
E00016959,310,56,27,29,254,11,243,18.064516129032256,8.709677419354838,9.35483870967742,81.93548387096774,3.5483870967741935,78.38709677419354
E00016960,273,61,32,29,212,13,199,22.344322344322347,11.72161172161172,10.622710622710622,77.65567765567766,4.761904761904762,72.89377289377289
E00016961,368,77,37,40,291,19,272,20.92391304347826,10.054347826086957,10.869565217391305,79.07608695652173,5.163043478260869,73.91304347826086
E00016962,470,62,26,36,408,12,396,13.191489361702127,5.531914893617021,7.659574468085106,86.80851063829788,2.553191489361702,84.25531914893617
E00016963,359,44,21,23,315,16,299,12.256267409470752,5.8495821727019495,6.406685236768802,87.74373259052925,4.456824512534819,83.28690807799443
E00016964,352,86,33,53,266,23,243,24.431818181818183,9.375,15.056818181818182,75.56818181818183,6.534090909090909,69.0340909090909
E00016965,387,68,32,36,319,15,304,17.571059431524546,8.2687338501292,9.30232558139535,82.42894056847545,3.875968992248062,78.55297157622739
E00016966,229,34,15,19,195,12,183,14.847161572052403,6.550218340611353,8.296943231441048,85.1528384279476,5.240174672489083,79.91266375545851
E00016967,392,49,20,29,343,17,326,12.5,5.1020408163265305,7.3979591836734695,87.5,4.336734693877551,83.16326530612244
E00016968,314,39,12,27,275,12,263,12.420382165605096,3.821656050955414,8.598726114649681,87.57961783439491,3.821656050955414,83.7579617834395
E00016969,411,62,28,34,349,27,322,15.085158150851582,6.81265206812652,8.27250608272506,84.91484184914842,6.569343065693431,78.34549878345499
E00016971,360,54,23,31,306,22,284,15,6.388888888888888,8.61111111111111,85,6.111111111111111,78.88888888888889
E00165789,236,66,29,37,170,14,156,27.966101694915253,12.288135593220339,15.677966101694915,72.03389830508475,5.932203389830509,66.10169491525424
E00165790,274,50,24,26,224,15,209,18.248175182481752,8.75912408759124,9.48905109489051,81.75182481751825,5.474452554744526,76.27737226277372
E00173700,164,24,8,16,140,11,129,14.634146341463413,4.878048780487805,9.75609756097561,85.36585365853658,6.707317073170732,78.65853658536585
E00173702,188,30,8,22,158,23,135,15.957446808510639,4.25531914893617,11.702127659574469,84.04255319148936,12.23404255319149,71.80851063829788
E00173705,118,15,3,12,103,7,96,12.711864406779661,2.5423728813559325,10.16949152542373,87.28813559322035,5.932203389830509,81.35593220338984
E00173708,171,15,4,11,156,8,148,8.771929824561402,2.3391812865497075,6.432748538011696,91.22807017543859,4.678362573099415,86.54970760233918
E00173710,378,60,27,33,318,29,289,15.873015873015872,7.142857142857142,8.73015873015873,84.12698412698413,7.671957671957672,76.45502645502646
E00173936,264,54,25,29,210,14,196,20.454545454545457,9.469696969696969,10.984848484848484,79.54545454545455,5.303030303030303,74.24242424242425
E00173937,190,11,1,10,179,20,159,5.7894736842105265,0.5263157894736842,5.263157894736842,94.21052631578948,10.526315789473683,83.6842105263158
E00173938,317,13,4,9,304,14,290,4.100946372239748,1.2618296529968454,2.8391167192429023,95.89905362776025,4.416403785488959,91.48264984227129
E00173940,402,99,39,60,303,9,294,24.62686567164179,9.701492537313433,14.925373134328357,75.3731343283582,2.2388059701492535,73.13432835820896
E00173941,475,97,18,79,378,34,344,20.42105263157895,3.7894736842105265,16.63157894736842,79.57894736842105,7.157894736842104,72.42105263157896
E00173942,238,25,7,18,213,10,203,10.504201680672269,2.941176470588235,7.563025210084033,89.49579831932773,4.201680672268908,85.29411764705883
E00173943,366,49,27,22,317,23,294,13.387978142076504,7.377049180327869,6.0109289617486334,86.6120218579235,6.284153005464481,80.32786885245902
E00173944,245,18,9,9,227,19,208,7.346938775510205,3.6734693877551026,3.6734693877551026,92.65306122448979,7.755102040816326,84.89795918367346
E00173945,290,44,13,31,246,21,225,15.172413793103448,4.482758620689655,10.689655172413794,84.82758620689656,7.241379310344828,77.58620689655173
E00173947,221,27,10,17,194,18,176,12.217194570135746,4.524886877828054,7.6923076923076925,87.78280542986425,8.144796380090497,79.63800904977376
E00173948,155,5,3,2,150,10,140,3.225806451612903,1.935483870967742,1.2903225806451613,96.7741935483871,6.451612903225806,90.32258064516128
E00173949,465,46,11,35,419,19,400,9.89247311827957,2.3655913978494625,7.526881720430108,90.10752688172043,4.086021505376344,86.02150537634408
E00173950,332,60,27,33,272,18,254,18.072289156626507,8.132530120481928,9.939759036144578,81.92771084337349,5.421686746987952,76.50602409638554
E00173951,317,51,22,29,266,15,251,16.08832807570978,6.940063091482649,9.14826498422713,83.91167192429022,4.73186119873817,79.17981072555204
E00173952,234,50,22,28,184,16,168,21.367521367521366,9.401709401709402,11.965811965811966,78.63247863247864,6.837606837606838,71.7948717948718
E00174008,265,29,11,18,236,14,222,10.943396226415095,4.150943396226415,6.7924528301886795,89.05660377358491,5.283018867924529,83.77358490566039
E00174010,210,9,0,9,201,19,182,4.285714285714286,0,4.285714285714286,95.71428571428572,9.047619047619047,86.66666666666667
E00174011,109,10,3,7,99,7,92,9.174311926605505,2.7522935779816518,6.422018348623854,90.82568807339449,6.422018348623854,84.40366972477065
E00174013,216,13,3,10,203,18,185,6.018518518518518,1.3888888888888888,4.62962962962963,93.98148148148148,8.333333333333332,85.64814814814815
E00174015,283,23,5,18,260,18,242,8.12720848056537,1.76678445229682,6.36042402826855,91.87279151943463,6.36042402826855,85.51236749116607
E00174016,257,50,13,37,207,22,185,19.45525291828794,5.058365758754864,14.396887159533073,80.54474708171206,8.560311284046692,71.98443579766537
E00174019,297,36,15,21,261,20,241,12.121212121212121,5.05050505050505,7.07070707070707,87.87878787878788,6.7340067340067336,81.14478114478115
E00174022,202,28,10,18,174,13,161,13.861386138613863,4.9504950495049505,8.91089108910891,86.13861386138613,6.435643564356436,79.70297029702971
E00174024,590,71,12,59,519,28,491,12.033898305084746,2.0338983050847457,10,87.96610169491525,4.745762711864407,83.22033898305085
E00174025,214,12,0,12,202,16,186,5.607476635514018,0,5.607476635514018,94.39252336448598,7.476635514018691,86.91588785046729
E00174027,172,16,6,10,156,12,144,9.30232558139535,3.488372093023256,5.813953488372093,90.69767441860465,6.976744186046512,83.72093023255815
E00174029,273,52,23,29,221,21,200,19.047619047619047,8.424908424908425,10.622710622710622,80.95238095238095,7.6923076923076925,73.26007326007326
E00174030,216,44,11,33,172,10,162,20.37037037037037,5.092592592592593,15.277777777777779,79.62962962962963,4.62962962962963,75
E00174035,191,11,0,11,180,10,170,5.7591623036649215,0,5.7591623036649215,94.24083769633508,5.2356020942408374,89.00523560209425
E00174036,230,32,10,22,198,14,184,13.91304347826087,4.3478260869565215,9.565217391304348,86.08695652173914,6.086956521739131,80
E00174038,358,55,13,42,303,22,281,15.363128491620111,3.6312849162011176,11.731843575418994,84.63687150837988,6.145251396648044,78.49162011173185
E00182529,262,28,13,15,234,12,222,10.687022900763358,4.961832061068702,5.7251908396946565,89.31297709923665,4.580152671755725,84.7328244274809
E00182530,234,20,8,12,214,16,198,8.547008547008547,3.418803418803419,5.128205128205128,91.45299145299145,6.837606837606838,84.61538461538461
E00182531,209,30,15,15,179,25,154,14.354066985645932,7.177033492822966,7.177033492822966,85.64593301435407,11.961722488038278,73.68421052631578
E00182532,175,32,14,18,143,18,125,18.285714285714285,8,10.285714285714285,81.71428571428572,10.285714285714285,71.42857142857143
E00182533,128,19,8,11,109,12,97,14.84375,6.25,8.59375,85.15625,9.375,75.78125
E00182534,366,24,7,17,342,21,321,6.557377049180328,1.912568306010929,4.644808743169399,93.44262295081968,5.737704918032787,87.70491803278688
E00182535,363,44,12,32,319,15,304,12.121212121212121,3.3057851239669422,8.81542699724518,87.87878787878788,4.132231404958678,83.7465564738292
E00182536,486,79,44,35,407,29,378,16.255144032921812,9.053497942386832,7.20164609053498,83.7448559670782,5.967078189300412,77.77777777777779
E00182537,531,122,36,86,409,36,373,22.975517890772128,6.779661016949152,16.195856873822976,77.02448210922788,6.779661016949152,70.24482109227873
E00182538,459,50,25,25,409,19,390,10.893246187363834,5.446623093681917,5.446623093681917,89.10675381263616,4.139433551198257,84.9673202614379
E00182539,573,82,25,57,491,41,450,14.31064572425829,4.363001745200698,9.947643979057592,85.68935427574172,7.155322862129145,78.53403141361257
E00182540,535,68,27,41,467,36,431,12.710280373831775,5.046728971962617,7.663551401869159,87.28971962616822,6.728971962616822,80.5607476635514
E00182541,553,50,17,33,503,39,464,9.041591320072333,3.074141048824593,5.967450271247739,90.95840867992767,7.05244122965642,83.90596745027125
E00182542,358,58,31,27,300,32,268,16.201117318435752,8.659217877094973,7.5418994413407825,83.79888268156425,8.938547486033519,74.86033519553072
E00182544,344,46,25,21,298,15,283,13.372093023255813,7.267441860465117,6.104651162790697,86.62790697674419,4.3604651162790695,82.26744186046511
E00182546,186,18,7,11,168,7,161,9.67741935483871,3.763440860215054,5.913978494623656,90.32258064516128,3.763440860215054,86.55913978494624
E00182548,149,17,2,15,132,13,119,11.409395973154362,1.342281879194631,10.06711409395973,88.59060402684564,8.724832214765101,79.86577181208054
E00182550,302,42,15,27,260,15,245,13.90728476821192,4.966887417218543,8.940397350993377,86.09271523178808,4.966887417218543,81.12582781456953
E00182551,354,45,17,28,309,16,293,12.711864406779661,4.80225988700565,7.909604519774012,87.28813559322035,4.519774011299435,82.7683615819209
E00182552,209,7,2,5,202,15,187,3.349282296650718,0.9569377990430622,2.3923444976076556,96.65071770334929,7.177033492822966,89.47368421052632
E00182553,351,44,20,24,307,14,293,12.535612535612536,5.698005698005698,6.837606837606838,87.46438746438746,3.9886039886039883,83.47578347578347
E00182555,625,70,28,42,555,30,525,11.200000000000001,4.4799999999999995,6.72,88.8,4.8,84
E00182556,166,13,4,9,153,9,144,7.83132530120482,2.4096385542168677,5.421686746987952,92.16867469879519,5.421686746987952,86.74698795180723
E00182557,305,31,13,18,274,15,259,10.163934426229508,4.2622950819672125,5.901639344262295,89.8360655737705,4.918032786885246,84.91803278688525
E00182558,195,15,4,11,180,18,162,7.6923076923076925,2.051282051282051,5.641025641025641,92.3076923076923,9.230769230769232,83.07692307692308
E00182559,320,55,24,31,265,16,249,17.1875,7.5,9.6875,82.8125,5,77.8125
E00182560,365,16,5,11,349,25,324,4.383561643835616,1.36986301369863,3.0136986301369864,95.61643835616438,6.8493150684931505,88.76712328767124
E00182561,224,29,9,20,195,23,172,12.946428571428573,4.017857142857143,8.928571428571429,87.05357142857143,10.267857142857142,76.78571428571429
E00182563,292,17,1,16,275,11,264,5.821917808219178,0.3424657534246575,5.47945205479452,94.17808219178082,3.767123287671233,90.41095890410958
E00182565,184,27,13,14,157,10,147,14.673913043478262,7.065217391304348,7.608695652173914,85.32608695652173,5.434782608695652,79.8913043478261
E00182566,348,54,25,29,294,25,269,15.517241379310345,7.183908045977011,8.333333333333332,84.48275862068965,7.183908045977011,77.29885057471265
E00182567,231,15,3,12,216,17,199,6.493506493506493,1.2987012987012987,5.194805194805195,93.5064935064935,7.35930735930736,86.14718614718615
E00182570,319,35,13,22,284,10,274,10.9717868338558,4.075235109717868,6.896551724137931,89.0282131661442,3.1347962382445136,85.8934169278997
E00182573,255,46,24,22,209,17,192,18.03921568627451,9.411764705882353,8.627450980392156,81.96078431372548,6.666666666666667,75.29411764705883
E00182574,292,47,26,21,245,19,226,16.095890410958905,8.904109589041095,7.191780821917808,83.9041095890411,6.506849315068493,77.3972602739726
E00182575,274,38,11,27,236,20,216,13.86861313868613,4.014598540145985,9.854014598540147,86.13138686131386,7.2992700729927,78.83211678832117
E00182576,305,52,20,32,253,30,223,17.04918032786885,6.557377049180328,10.491803278688524,82.95081967213115,9.836065573770492,73.11475409836066
E00182577,267,45,18,27,222,13,209,16.853932584269664,6.741573033707865,10.112359550561797,83.14606741573034,4.868913857677903,78.27715355805243
E00182579,500,65,26,39,435,28,407,13,5.2,7.8,87,5.6000000000000005,81.39999999999999
E00182580,173,12,0,12,161,10,151,6.9364161849710975,0,6.9364161849710975,93.0635838150289,5.780346820809249,87.28323699421965
E00182581,248,25,9,16,223,15,208,10.080645161290322,3.6290322580645165,6.451612903225806,89.91935483870968,6.048387096774194,83.87096774193549
E00182582,100,7,1,6,93,10,83,7.000000000000001,1,6,93,10,83
E00182583,329,20,3,17,309,18,291,6.079027355623101,0.911854103343465,5.167173252279635,93.9209726443769,5.47112462006079,88.44984802431611
E00182584,144,11,5,6,133,2,131,7.638888888888889,3.4722222222222223,4.166666666666666,92.36111111111111,1.3888888888888888,90.97222222222221
E00182585,191,37,21,16,154,3,151,19.3717277486911,10.99476439790576,8.37696335078534,80.6282722513089,1.5706806282722512,79.05759162303664
E00182586,101,14,6,8,87,6,81,13.861386138613863,5.9405940594059405,7.920792079207921,86.13861386138613,5.9405940594059405,80.19801980198021
E00182587,497,35,12,23,462,23,439,7.042253521126761,2.414486921529175,4.627766599597585,92.95774647887323,4.627766599597585,88.32997987927565
E00182588,193,23,9,14,170,15,155,11.917098445595855,4.66321243523316,7.253886010362693,88.08290155440415,7.772020725388601,80.31088082901555
E00182589,307,62,28,34,245,13,232,20.195439739413683,9.120521172638437,11.074918566775244,79.80456026058633,4.234527687296417,75.57003257328991
E00182590,271,19,2,17,252,10,242,7.011070110701106,0.7380073800738007,6.273062730627306,92.98892988929889,3.6900369003690034,89.2988929889299
E00182591,220,15,2,13,205,12,193,6.8181818181818175,0.9090909090909091,5.909090909090909,93.18181818181817,5.454545454545454,87.72727272727273
E00182593,266,11,0,11,255,9,246,4.135338345864661,0,4.135338345864661,95.86466165413535,3.3834586466165413,92.4812030075188
E00182594,285,43,21,22,242,21,221,15.087719298245613,7.368421052631578,7.719298245614035,84.91228070175438,7.368421052631578,77.54385964912281
E00182595,189,10,2,8,179,12,167,5.291005291005291,1.0582010582010581,4.232804232804233,94.70899470899471,6.349206349206349,88.35978835978835
E00182598,243,43,21,22,200,17,183,17.695473251028808,8.641975308641975,9.053497942386832,82.3045267489712,6.995884773662551,75.30864197530865
E00182599,498,78,17,61,420,33,387,15.66265060240964,3.413654618473896,12.248995983935743,84.33734939759037,6.626506024096386,77.71084337349397
E00182603,266,57,29,28,209,10,199,21.428571428571427,10.902255639097744,10.526315789473683,78.57142857142857,3.7593984962406015,74.81203007518798
E00182604,356,30,6,24,326,19,307,8.426966292134832,1.6853932584269662,6.741573033707865,91.57303370786516,5.337078651685393,86.23595505617978
E00182605,152,17,5,12,135,12,123,11.18421052631579,3.289473684210526,7.894736842105263,88.81578947368422,7.894736842105263,80.92105263157895
E00182607,261,33,13,20,228,5,223,12.643678160919542,4.980842911877394,7.662835249042145,87.356321839080465,1.9157088122605364,85.44061302681992
E00182608,211,35,13,22,176,14,162,16.587677725118482,6.161137440758294,10.42654028436019,83.41232227488152,6.6350710900473935,76.77725118483413
E00182609,364,60,24,36,304,18,286,16.483516483516482,6.593406593406594,9.89010989010989,83.51648351648352,4.945054945054945,78.57142857142857
E00182610,417,25,4,21,392,20,372,5.995203836930456,0.9592326139088728,5.0359712230215825,94.00479616306954,4.796163069544365,89.20863309352518
E00182611,211,9,2,7,202,18,184,4.265402843601896,0.9478672985781991,3.3175355450236967,95.73459715639811,8.530805687203792,87.20379146919431
E00182612,257,45,31,14,212,10,202,17.509727626459142,12.062256809338521,5.447470817120623,82.49027237354085,3.8910505836575875,78.59922178988327
E00182613,142,7,0,7,135,7,128,4.929577464788732,0,4.929577464788732,95.07042253521126,4.929577464788732,90.14084507042254
E00182614,293,44,14,30,249,23,226,15.017064846416384,4.778156996587031,10.238907849829351,84.98293515358361,7.849829351535837,77.13310580204778
E00182615,352,50,14,36,302,11,291,14.204545454545455,3.977272727272727,10.227272727272728,85.79545454545455,3.125,82.67045454545455
E00182616,135,13,7,6,122,6,116,9.62962962962963,5.185185185185185,4.444444444444445,90.37037037037037,4.444444444444445,85.92592592592592
E00182617,243,19,3,16,224,24,200,7.818930041152264,1.2345679012345678,6.584362139917696,92.18106995884774,9.876543209876543,82.3045267489712
E00182619,288,32,4,28,256,24,232,11.11111111111111,1.3888888888888888,9.722222222222223,88.88888888888889,8.333333333333332,80.55555555555556
E00182622,341,26,14,12,315,20,295,7.624633431085044,4.105571847507331,3.519061583577713,92.37536656891496,5.865102639296188,86.51026392961877
E00182623,295,65,39,26,230,22,208,22.033898305084744,13.220338983050848,8.813559322033898,77.96610169491525,7.457627118644068,70.50847457627118
E00182624,472,35,8,27,437,25,412,7.415254237288135,1.694915254237288,5.720338983050848,92.58474576271186,5.296610169491525,87.28813559322035
E00182625,267,16,1,15,251,11,240,5.992509363295881,0.37453183520599254,5.617977528089887,94.00749063670412,4.119850187265917,89.8876404494382
E00182626,171,19,5,14,152,9,143,11.11111111111111,2.923976608187134,8.187134502923977,88.88888888888889,5.263157894736842,83.62573099415205
E00182627,443,31,9,22,412,31,381,6.997742663656885,2.0316027088036117,4.966139954853273,93.00225733634312,6.997742663656885,86.00451467268623
E00182629,230,22,2,20,208,15,193,9.565217391304348,0.8695652173913043,8.695652173913043,90.43478260869566,6.521739130434782,83.91304347826087
E00182630,318,59,35,24,259,25,234,18.553459119496853,11.0062893081761,7.547169811320755,81.44654088050315,7.861635220125786,73.58490566037736
E00182632,367,57,26,31,310,22,288,15.531335149863759,7.084468664850137,8.446866485013624,84.46866485013625,5.994550408719346,78.4741144414169
E00182633,346,14,1,13,332,26,306,4.046242774566474,0.2890173410404624,3.7572254335260116,95.95375722543352,7.514450867052023,88.4393063583815
E00182634,194,23,3,20,171,14,157,11.855670103092782,1.5463917525773196,10.309278350515463,88.14432989690721,7.216494845360824,80.9278350515464
E00182635,313,18,5,13,295,28,267,5.7507987220447285,1.5974440894568689,4.15335463258786,94.24920127795528,8.945686900958465,85.3035143769968
E00182638,179,15,4,11,164,26,138,8.379888268156424,2.2346368715083798,6.145251396648044,91.62011173184358,14.52513966480447,77.09497206703911
E00182640,365,28,8,20,337,22,315,7.671232876712329,2.191780821917808,5.47945205479452,92.32876712328768,6.027397260273973,86.3013698630137
E00182641,334,21,4,17,313,18,295,6.287425149700598,1.1976047904191618,5.089820359281437,93.7125748502994,5.389221556886228,88.32335329341318
E00182643,496,40,14,26,456,17,439,8.064516129032258,2.82258064516129,5.241935483870968,91.93548387096774,3.4274193548387095,88.50806451612904
E00182644,168,13,1,12,155,20,135,7.738095238095238,0.5952380952380952,7.142857142857142,92.26190476190477,11.904761904761903,80.35714285714286
E00182645,193,16,1,15,177,10,167,8.290155440414509,0.5181347150259068,7.772020725388601,91.70984455958549,5.181347150259067,86.52849740932642
E00182646,302,55,23,32,247,18,229,18.211920529801322,7.6158940397351,10.596026490066226,81.78807947019867,5.960264900662252,75.82781456953643
