OA,ts0590001,ts0590002,ts0590003,ts0590004,ts0590005,ts0590006,ts0590007,ts0590002_PCT,ts0590003_PCT,ts0590004_PCT,ts0590005_PCT,ts0590006_PCT,ts0590007_PCT
E00016112,154,55,16,39,99,86,13,35.714285714285715,10.38961038961039,25.324675324675322,64.28571428571429,55.84415584415584,8.441558441558442
E00016113,174,57,14,43,117,102,15,32.758620689655174,8.045977011494253,24.71264367816092,67.24137931034483,58.620689655172406,8.620689655172415
E00016114,139,59,18,41,80,79,1,42.44604316546763,12.949640287769784,29.496402877697843,57.55395683453237,56.83453237410072,0.7194244604316548
E00016115,138,43,16,27,95,89,6,31.15942028985507,11.594202898550725,19.565217391304348,68.84057971014492,64.4927536231884,4.3478260869565215
E00016116,192,57,18,39,135,120,15,29.6875,9.375,20.3125,70.3125,62.5,7.8125
E00016117,147,56,19,37,91,85,6,38.095238095238095,12.925170068027212,25.170068027210885,61.904761904761905,57.82312925170068,4.081632653061225
E00016118,178,53,26,27,125,108,17,29.775280898876407,14.606741573033707,15.168539325842698,70.2247191011236,60.67415730337079,9.550561797752808
E00016119,182,59,27,32,123,109,14,32.417582417582416,14.835164835164836,17.582417582417584,67.58241758241759,59.89010989010989,7.6923076923076925
E00016120,154,54,20,34,100,90,10,35.064935064935064,12.987012987012985,22.07792207792208,64.93506493506493,58.44155844155844,6.493506493506493
E00016121,150,40,13,27,110,97,13,26.666666666666668,8.666666666666668,18,73.33333333333333,64.66666666666666,8.666666666666668
E00016122,153,40,13,27,113,96,17,26.143790849673206,8.49673202614379,17.647058823529413,73.8562091503268,62.745098039215684,11.11111111111111
E00016123,156,48,16,32,108,91,17,30.76923076923077,10.256410256410255,20.51282051282051,69.23076923076923,58.333333333333336,10.897435897435898
E00016124,136,46,18,28,90,81,9,33.82352941176471,13.23529411764706,20.588235294117645,66.17647058823529,59.55882352941176,6.61764705882353
E00016125,166,43,18,25,123,108,15,25.903614457831324,10.843373493975903,15.060240963855422,74.09638554216868,65.06024096385542,9.036144578313253
E00016126,162,50,19,31,112,83,29,30.864197530864196,11.728395061728394,19.1358024691358,69.1358024691358,51.23456790123457,17.901234567901234
E00016127,225,63,20,43,162,146,16,28.000000000000004,8.88888888888889,19.11111111111111,72,64.88888888888889,7.111111111111111
E00016128,150,53,12,41,97,92,5,35.333333333333336,8,27.333333333333332,64.66666666666666,61.33333333333333,3.3333333333333335
E00016129,156,59,16,43,97,91,6,37.82051282051282,10.256410256410255,27.564102564102566,62.17948717948718,58.333333333333336,3.8461538461538463
E00016130,142,52,16,36,90,78,12,36.61971830985916,11.267605633802818,25.352112676056336,63.38028169014085,54.929577464788736,8.450704225352112
E00016131,178,48,11,37,130,107,23,26.96629213483146,6.179775280898876,20.786516853932586,73.03370786516854,60.1123595505618,12.921348314606742
E00016132,164,71,21,50,93,83,10,43.292682926829265,12.804878048780488,30.48780487804878,56.70731707317073,50.609756097560975,6.097560975609756
E00016133,150,63,22,41,87,74,13,42,14.666666666666666,27.333333333333332,57.99999999999999,49.333333333333336,8.666666666666668
E00016134,114,33,19,14,81,63,18,28.947368421052634,16.666666666666664,12.280701754385964,71.05263157894737,55.26315789473685,15.789473684210526
E00016135,124,41,9,32,83,70,13,33.064516129032256,7.258064516129033,25.806451612903224,66.93548387096774,56.451612903225815,10.483870967741936
E00016136,138,40,8,32,98,84,14,28.985507246376812,5.797101449275362,23.18840579710145,71.01449275362319,60.86956521739131,10.144927536231885
E00016137,182,48,20,28,134,112,22,26.373626373626376,10.989010989010989,15.384615384615385,73.62637362637363,61.53846153846154,12.087912087912088
E00016138,128,50,12,38,78,76,2,39.0625,9.375,29.6875,60.9375,59.375,1.5625
E00016139,167,45,12,33,122,102,20,26.94610778443114,7.18562874251497,19.760479041916167,73.05389221556887,61.07784431137725,11.976047904191617
E00016140,133,38,6,32,95,86,9,28.57142857142857,4.511278195488721,24.06015037593985,71.42857142857143,64.66165413533834,6.7669172932330826
E00016141,123,41,8,33,82,76,6,33.33333333333333,6.504065040650407,26.82926829268293,66.66666666666666,61.78861788617886,4.878048780487805
E00016143,210,55,19,36,155,128,27,26.190476190476193,9.047619047619047,17.142857142857142,73.80952380952381,60.952380952380956,12.857142857142856
E00016144,115,44,8,36,71,66,5,38.26086956521739,6.956521739130435,31.30434782608696,61.73913043478261,57.391304347826086,4.3478260869565215
E00016145,115,58,23,35,57,53,4,50.43478260869565,20,30.434782608695656,49.56521739130435,46.08695652173913,3.4782608695652173
E00016146,155,48,16,32,107,88,19,30.967741935483872,10.32258064516129,20.64516129032258,69.03225806451613,56.774193548387096,12.258064516129032
E00016147,168,61,23,38,107,96,11,36.30952380952381,13.690476190476192,22.61904761904762,63.69047619047619,57.14285714285714,6.547619047619048
E00016148,148,48,18,30,100,93,7,32.432432432432435,12.162162162162163,20.27027027027027,67.56756756756756,62.83783783783784,4.72972972972973
E00016149,143,40,17,23,103,92,11,27.972027972027973,11.888111888111888,16.083916083916083,72.02797202797203,64.33566433566433,7.6923076923076925
E00016150,128,50,20,30,78,69,9,39.0625,15.625,23.4375,60.9375,53.90625,7.03125
E00016151,106,41,10,31,65,56,9,38.67924528301887,9.433962264150944,29.245283018867923,61.32075471698113,52.83018867924528,8.49056603773585
E00016152,113,33,12,21,80,67,13,29.20353982300885,10.619469026548673,18.58407079646018,70.79646017699115,59.29203539823009,11.504424778761061
E00016153,121,50,21,29,71,65,6,41.32231404958678,17.355371900826448,23.96694214876033,58.67768595041323,53.71900826446281,4.958677685950414
E00016154,120,32,14,18,88,81,7,26.666666666666668,11.666666666666666,15,73.33333333333333,67.5,5.833333333333333
E00016155,234,59,23,36,175,158,17,25.213675213675213,9.82905982905983,15.384615384615385,74.78632478632478,67.52136752136752,7.264957264957266
E00016156,136,44,13,31,92,84,8,32.35294117647059,9.558823529411764,22.794117647058822,67.64705882352942,61.76470588235294,5.88235294117647
E00016157,143,47,14,33,96,88,8,32.86713286713287,9.79020979020979,23.076923076923077,67.13286713286713,61.53846153846154,5.594405594405594
E00016158,178,52,12,40,126,114,12,29.213483146067414,6.741573033707865,22.47191011235955,70.78651685393258,64.04494382022472,6.741573033707865
E00016159,192,31,11,20,161,113,48,16.145833333333336,5.729166666666666,10.416666666666668,83.85416666666666,58.854166666666664,25
E00016160,127,31,12,19,96,78,18,24.409448818897637,9.448818897637794,14.960629921259844,75.59055118110236,61.417322834645674,14.173228346456693
E00016161,183,41,10,31,142,116,26,22.404371584699454,5.46448087431694,16.939890710382514,77.59562841530054,63.387978142076506,14.207650273224044
E00016162,143,32,12,20,111,83,28,22.377622377622377,8.391608391608392,13.986013986013987,77.62237762237763,58.04195804195804,19.58041958041958
E00016163,152,32,16,16,120,88,32,21.052631578947366,10.526315789473683,10.526315789473683,78.94736842105263,57.89473684210527,21.052631578947366
E00016164,142,44,17,27,98,87,11,30.985915492957744,11.971830985915492,19.014084507042252,69.01408450704226,61.267605633802816,7.746478873239436
E00016165,161,26,10,16,135,106,29,16.149068322981368,6.211180124223603,9.937888198757763,83.85093167701864,65.83850931677019,18.012422360248447
E00016166,98,20,6,14,78,58,20,20.408163265306122,6.122448979591836,14.285714285714285,79.59183673469387,59.183673469387756,20.408163265306122
E00016167,124,36,21,15,88,62,26,29.03225806451613,16.93548387096774,12.096774193548388,70.96774193548387,50,20.967741935483872
E00016168,100,19,12,7,81,66,15,19,12,7.000000000000001,81,66,15
E00016169,128,47,18,29,81,56,25,36.71875,14.0625,22.65625,63.28125,43.75,19.53125
E00016170,220,70,20,50,150,135,15,31.818181818181817,9.090909090909092,22.727272727272727,68.18181818181817,61.36363636363637,6.8181818181818175
E00016171,178,32,16,16,146,114,32,17.97752808988764,8.98876404494382,8.98876404494382,82.02247191011236,64.04494382022472,17.97752808988764
E00016172,130,29,12,17,101,81,20,22.30769230769231,9.230769230769232,13.076923076923078,77.6923076923077,62.30769230769231,15.384615384615385
E00016173,153,46,20,26,107,80,27,30.065359477124183,13.071895424836603,16.99346405228758,69.93464052287581,52.28758169934641,17.647058823529413
E00016174,156,37,12,25,119,91,28,23.717948717948715,7.6923076923076925,16.025641025641026,76.28205128205127,58.333333333333336,17.94871794871795
E00016175,179,51,18,33,128,110,18,28.49162011173184,10.05586592178771,18.435754189944134,71.50837988826815,61.452513966480446,10.05586592178771
E00016176,181,35,15,20,146,110,36,19.337016574585636,8.287292817679557,11.049723756906078,80.66298342541437,60.773480662983424,19.88950276243094
E00016177,133,28,11,17,105,80,25,21.052631578947366,8.270676691729323,12.781954887218044,78.94736842105263,60.150375939849624,18.796992481203006
E00016178,131,54,19,35,77,63,14,41.221374045801525,14.50381679389313,26.717557251908396,58.778625954198475,48.091603053435115,10.687022900763358
E00016179,174,38,16,22,136,114,22,21.839080459770116,9.195402298850574,12.643678160919542,78.16091954022988,65.51724137931035,12.643678160919542
E00016180,139,39,20,19,100,72,28,28.05755395683453,14.388489208633093,13.66906474820144,71.94244604316546,51.798561151079134,20.14388489208633
E00016181,138,52,18,34,86,75,11,37.68115942028986,13.043478260869565,24.637681159420293,62.31884057971014,54.347826086956516,7.971014492753622
E00016182,195,50,17,33,145,119,26,25.64102564102564,8.717948717948717,16.923076923076923,74.35897435897436,61.02564102564103,13.333333333333334
E00016183,123,30,10,20,93,71,22,24.390243902439025,8.130081300813007,16.260162601626014,75.60975609756098,57.72357723577236,17.88617886178862
E00016184,172,33,11,22,139,116,23,19.186046511627907,6.395348837209303,12.790697674418606,80.81395348837209,67.44186046511628,13.372093023255813
E00016185,114,21,7,14,93,77,16,18.421052631578945,6.140350877192982,12.280701754385964,81.57894736842105,67.54385964912281,14.035087719298245
E00016186,313,52,26,26,261,214,47,16.61341853035144,8.30670926517572,8.30670926517572,83.38658146964856,68.370607028754,15.015974440894569
E00016187,179,43,21,22,136,99,37,24.022346368715084,11.731843575418994,12.290502793296088,75.97765363128491,55.3072625698324,20.670391061452513
E00016188,146,34,14,20,112,88,24,23.28767123287671,9.58904109589041,13.698630136986301,76.71232876712328,60.273972602739725,16.43835616438356
E00016189,184,40,16,24,144,100,44,21.73913043478261,8.695652173913043,13.043478260869565,78.26086956521739,54.347826086956516,23.91304347826087
E00016190,103,39,13,26,64,57,7,37.86407766990291,12.62135922330097,25.24271844660194,62.13592233009708,55.33980582524271,6.796116504854369
E00016191,155,29,16,13,126,100,26,18.70967741935484,10.32258064516129,8.38709677419355,81.29032258064515,64.51612903225806,16.7741935483871
E00016192,213,62,27,35,151,136,15,29.107981220657276,12.676056338028168,16.431924882629108,70.89201877934272,63.84976525821596,7.042253521126761
E00016193,163,44,17,27,119,105,14,26.993865030674847,10.429447852760736,16.56441717791411,73.00613496932516,64.41717791411043,8.588957055214724
E00016194,155,46,21,25,109,101,8,29.677419354838708,13.548387096774196,16.129032258064516,70.3225806451613,65.16129032258064,5.161290322580645
E00016195,134,24,8,16,110,82,28,17.91044776119403,5.970149253731343,11.940298507462686,82.08955223880598,61.19402985074627,20.8955223880597
E00016196,189,58,17,41,131,109,22,30.687830687830687,8.994708994708994,21.693121693121693,69.31216931216932,57.67195767195767,11.64021164021164
E00016197,225,47,12,35,178,139,39,20.88888888888889,5.333333333333334,15.555555555555555,79.11111111111111,61.77777777777778,17.333333333333336
E00016198,158,50,19,31,108,87,21,31.645569620253166,12.025316455696203,19.62025316455696,68.35443037974683,55.06329113924051,13.291139240506327
E00016200,148,49,21,28,99,88,11,33.108108108108105,14.18918918918919,18.91891891891892,66.8918918918919,59.45945945945946,7.4324324324324325
E00016202,263,53,19,34,210,171,39,20.15209125475285,7.224334600760455,12.927756653992395,79.84790874524715,65.0190114068441,14.82889733840304
E00016204,152,24,10,14,128,105,23,15.789473684210526,6.578947368421052,9.210526315789473,84.21052631578947,69.07894736842105,15.131578947368421
E00016205,153,30,15,15,123,87,36,19.607843137254903,9.803921568627452,9.803921568627452,80.3921568627451,56.86274509803921,23.52941176470588
E00016206,156,38,14,24,118,91,27,24.358974358974358,8.974358974358974,15.384615384615385,75.64102564102564,58.333333333333336,17.307692307692307
E00016208,145,36,9,27,109,86,23,24.82758620689655,6.206896551724138,18.620689655172416,75.17241379310344,59.310344827586206,15.862068965517242
E00016209,256,94,39,55,162,139,23,36.71875,15.234375,21.484375,63.28125,54.296875,8.984375
E00016210,190,72,23,49,118,108,10,37.89473684210527,12.105263157894736,25.789473684210527,62.10526315789474,56.84210526315789,5.263157894736842
E00016211,147,48,18,30,99,79,20,32.6530612244898,12.244897959183673,20.408163265306122,67.3469387755102,53.74149659863946,13.60544217687075
E00016212,164,60,22,38,104,81,23,36.58536585365854,13.414634146341465,23.170731707317074,63.41463414634146,49.390243902439025,14.02439024390244
E00016213,186,57,22,35,129,106,23,30.64516129032258,11.827956989247312,18.817204301075268,69.35483870967742,56.98924731182796,12.365591397849462
E00016214,211,57,27,30,154,127,27,27.014218009478675,12.796208530805686,14.218009478672986,72.98578199052133,60.18957345971564,12.796208530805686
E00016215,188,53,17,36,135,99,36,28.191489361702125,9.042553191489363,19.148936170212767,71.80851063829788,52.659574468085104,19.148936170212767
E00016216,211,57,19,38,154,128,26,27.014218009478675,9.004739336492891,18.009478672985782,72.98578199052133,60.66350710900474,12.322274881516588
E00016217,201,53,17,36,148,121,27,26.368159203980102,8.45771144278607,17.91044776119403,73.6318407960199,60.19900497512438,13.432835820895523
E00016218,180,36,17,19,144,116,28,20,9.444444444444445,10.555555555555555,80,64.44444444444444,15.555555555555555
E00016219,179,45,15,30,134,118,16,25.139664804469277,8.379888268156424,16.75977653631285,74.86033519553072,65.92178770949721,8.938547486033519
E00016220,156,31,12,19,125,108,17,19.871794871794872,7.6923076923076925,12.179487179487179,80.12820512820514,69.23076923076923,10.897435897435898
E00016221,200,55,22,33,145,125,20,27.500000000000004,11,16.5,72.5,62.5,10
E00016222,220,63,19,44,157,137,20,28.636363636363637,8.636363636363637,20,71.36363636363636,62.272727272727266,9.090909090909092
E00016223,146,35,12,23,111,85,26,23.972602739726025,8.21917808219178,15.753424657534246,76.02739726027397,58.21917808219178,17.80821917808219
E00016224,210,45,16,29,165,142,23,21.428571428571427,7.6190476190476195,13.80952380952381,78.57142857142857,67.61904761904762,10.952380952380953
E00016225,152,40,16,24,112,86,26,26.31578947368421,10.526315789473683,15.789473684210526,73.68421052631578,56.57894736842105,17.105263157894736
E00016226,174,48,21,27,126,98,28,27.586206896551722,12.068965517241379,15.517241379310345,72.41379310344827,56.32183908045977,16.091954022988507
E00016227,213,71,34,37,142,115,27,33.33333333333333,15.96244131455399,17.370892018779344,66.66666666666666,53.990610328638496,12.676056338028168
E00016228,169,47,15,32,122,99,23,27.810650887573964,8.875739644970414,18.93491124260355,72.18934911242604,58.57988165680473,13.609467455621301
E00016229,267,79,23,56,188,160,28,29.588014981273407,8.614232209737828,20.973782771535582,70.4119850187266,59.925093632958806,10.486891385767791
E00016230,217,55,24,31,162,134,28,25.34562211981567,11.059907834101383,14.285714285714285,74.65437788018433,61.75115207373272,12.903225806451612
E00016231,178,54,14,40,124,106,18,30.337078651685395,7.865168539325842,22.47191011235955,69.66292134831461,59.55056179775281,10.112359550561797
E00016232,172,59,14,45,113,98,15,34.30232558139535,8.13953488372093,26.16279069767442,65.69767441860465,56.97674418604651,8.720930232558139
E00016233,178,79,29,50,99,89,10,44.38202247191011,16.292134831460675,28.08988764044944,55.61797752808989,50,5.617977528089887
E00016235,162,56,24,32,106,90,16,34.5679012345679,14.814814814814813,19.753086419753085,65.4320987654321,55.55555555555556,9.876543209876543
E00016237,155,55,26,29,100,78,22,35.483870967741936,16.7741935483871,18.70967741935484,64.51612903225806,50.32258064516129,14.193548387096774
E00016238,214,60,25,35,154,128,26,28.037383177570092,11.682242990654206,16.355140186915886,71.96261682242991,59.813084112149525,12.149532710280374
E00016239,207,87,32,55,120,99,21,42.028985507246375,15.458937198067632,26.570048309178745,57.971014492753625,47.82608695652174,10.144927536231885
E00016241,99,30,7,23,69,65,4,30.303030303030305,7.07070707070707,23.232323232323232,69.6969696969697,65.65656565656566,4.040404040404041
E00016244,177,50,19,31,127,105,22,28.24858757062147,10.734463276836157,17.51412429378531,71.75141242937853,59.32203389830508,12.429378531073446
E00016245,189,67,22,45,122,109,13,35.44973544973545,11.64021164021164,23.809523809523807,64.55026455026454,57.67195767195767,6.878306878306878
E00016246,87,19,3,16,68,58,10,21.839080459770116,3.4482758620689653,18.39080459770115,78.16091954022988,66.66666666666666,11.494252873563218
E00016247,192,43,17,26,149,130,19,22.395833333333336,8.854166666666668,13.541666666666666,77.60416666666666,67.70833333333334,9.895833333333332
E00016248,221,76,26,50,145,107,38,34.38914027149321,11.76470588235294,22.624434389140273,65.61085972850678,48.41628959276018,17.194570135746606
E00016249,96,30,9,21,66,53,13,31.25,9.375,21.875,68.75,55.208333333333336,13.541666666666666
E00016250,135,45,22,23,90,69,21,33.33333333333333,16.296296296296298,17.037037037037038,66.66666666666666,51.11111111111111,15.555555555555555
E00016252,196,36,11,25,160,124,36,18.367346938775512,5.612244897959184,12.755102040816327,81.63265306122449,63.26530612244898,18.367346938775512
E00016253,181,47,20,27,134,111,23,25.96685082872928,11.049723756906078,14.917127071823206,74.03314917127072,61.32596685082873,12.70718232044199
E00016254,157,51,19,32,106,81,25,32.48407643312102,12.101910828025478,20.382165605095544,67.51592356687898,51.59235668789809,15.92356687898089
E00016255,152,26,7,19,126,106,20,17.105263157894736,4.605263157894736,12.5,82.89473684210526,69.73684210526315,13.157894736842104
E00016256,136,36,11,25,100,85,15,26.47058823529412,8.088235294117647,18.38235294117647,73.52941176470588,62.5,11.029411764705882
E00016257,195,55,18,37,140,112,28,28.205128205128204,9.230769230769232,18.974358974358974,71.7948717948718,57.43589743589743,14.358974358974358
E00016258,196,50,24,26,146,135,11,25.510204081632654,12.244897959183673,13.26530612244898,74.48979591836735,68.87755102040816,5.612244897959184
E00016259,146,42,15,27,104,90,14,28.767123287671232,10.273972602739725,18.493150684931507,71.23287671232876,61.64383561643836,9.58904109589041
E00016260,184,54,23,31,130,109,21,29.347826086956523,12.5,16.847826086956523,70.65217391304348,59.2391304347826,11.41304347826087
E00016261,177,60,25,35,117,103,14,33.89830508474576,14.124293785310735,19.774011299435028,66.10169491525424,58.19209039548022,7.909604519774012
E00016262,139,36,8,28,103,90,13,25.899280575539567,5.755395683453238,20.14388489208633,74.10071942446042,64.74820143884892,9.352517985611511
E00016263,123,39,7,32,84,77,7,31.70731707317073,5.691056910569105,26.01626016260163,68.29268292682927,62.601626016260155,5.691056910569105
E00016264,142,29,6,23,113,102,11,20.422535211267608,4.225352112676056,16.19718309859155,79.5774647887324,71.83098591549296,7.746478873239436
E00016265,255,56,23,33,199,176,23,21.96078431372549,9.019607843137255,12.941176470588237,78.03921568627452,69.01960784313725,9.019607843137255
E00016266,191,65,20,45,126,110,16,34.031413612565444,10.471204188481675,23.56020942408377,65.96858638743456,57.59162303664922,8.37696335078534
E00016267,152,44,16,28,108,99,9,28.947368421052634,10.526315789473683,18.421052631578945,71.05263157894737,65.13157894736842,5.921052631578947
E00016268,218,80,23,57,138,125,13,36.69724770642202,10.550458715596331,26.146788990825687,63.30275229357798,57.3394495412844,5.963302752293578
E00016269,172,51,23,28,121,103,18,29.651162790697676,13.372093023255813,16.27906976744186,70.34883720930233,59.883720930232556,10.465116279069768
E00016270,136,40,20,20,96,87,9,29.411764705882355,14.705882352941178,14.705882352941178,70.58823529411765,63.970588235294116,6.61764705882353
E00016271,197,69,32,37,128,117,11,35.025380710659896,16.243654822335024,18.781725888324875,64.9746192893401,59.390862944162436,5.583756345177665
E00016272,161,59,26,33,102,83,19,36.64596273291926,16.149068322981368,20.496894409937887,63.35403726708074,51.5527950310559,11.801242236024844
E00016273,209,57,23,34,152,125,27,27.27272727272727,11.004784688995215,16.267942583732058,72.72727272727273,59.80861244019139,12.918660287081341
E00016274,185,61,21,40,124,102,22,32.972972972972975,11.351351351351353,21.62162162162162,67.02702702702703,55.13513513513514,11.891891891891893
E00016275,193,64,22,42,129,109,20,33.160621761658035,11.398963730569948,21.761658031088082,66.83937823834198,56.476683937823836,10.362694300518134
E00016276,180,42,16,26,138,112,26,23.333333333333332,8.88888888888889,14.444444444444443,76.66666666666667,62.22222222222222,14.444444444444443
E00016277,154,44,15,29,110,94,16,28.57142857142857,9.740259740259742,18.83116883116883,71.42857142857143,61.038961038961034,10.38961038961039
E00016278,147,46,15,31,101,89,12,31.292517006802722,10.204081632653061,21.08843537414966,68.70748299319727,60.544217687074834,8.16326530612245
E00016279,161,40,20,20,121,100,21,24.84472049689441,12.422360248447205,12.422360248447205,75.15527950310559,62.11180124223602,13.043478260869565
E00016280,151,44,16,28,107,85,22,29.13907284768212,10.596026490066226,18.543046357615893,70.86092715231787,56.29139072847682,14.56953642384106
E00016281,221,66,26,40,155,127,28,29.86425339366516,11.76470588235294,18.099547511312217,70.13574660633483,57.466063348416284,12.669683257918551
E00016282,209,64,25,39,145,120,25,30.62200956937799,11.961722488038278,18.660287081339714,69.377990430622,57.41626794258373,11.961722488038278
E00016283,197,45,15,30,152,129,23,22.84263959390863,7.614213197969544,15.228426395939088,77.15736040609137,65.48223350253807,11.6751269035533
E00016284,165,47,24,23,118,99,19,28.484848484848484,14.545454545454545,13.939393939393941,71.51515151515152,60,11.515151515151516
E00016285,140,40,16,24,100,85,15,28.57142857142857,11.428571428571429,17.142857142857142,71.42857142857143,60.71428571428571,10.714285714285714
E00016286,219,58,23,35,161,132,29,26.48401826484018,10.50228310502283,15.981735159817351,73.51598173515981,60.273972602739725,13.24200913242009
E00016287,157,45,18,27,112,103,9,28.662420382165603,11.464968152866243,17.197452229299362,71.3375796178344,65.60509554140127,5.7324840764331215
E00016288,189,63,23,40,126,111,15,33.33333333333333,12.16931216931217,21.164021164021165,66.66666666666666,58.730158730158735,7.936507936507936
E00016289,180,43,18,25,137,119,18,23.88888888888889,10,13.88888888888889,76.11111111111111,66.11111111111111,10
E00016290,190,54,16,38,136,125,11,28.421052631578945,8.421052631578947,20,71.57894736842105,65.78947368421053,5.7894736842105265
E00016291,226,51,22,29,175,138,37,22.566371681415927,9.734513274336283,12.831858407079647,77.43362831858407,61.06194690265486,16.371681415929203
E00016292,151,52,12,40,99,86,13,34.437086092715234,7.9470198675496695,26.490066225165563,65.56291390728477,56.95364238410596,8.609271523178808
E00016293,212,53,18,35,159,147,12,25,8.49056603773585,16.50943396226415,75,69.33962264150944,5.660377358490567
E00016294,131,33,14,19,98,73,25,25.190839694656486,10.687022900763358,14.50381679389313,74.80916030534351,55.72519083969466,19.083969465648856
E00016295,185,53,22,31,132,115,17,28.64864864864865,11.891891891891893,16.756756756756758,71.35135135135135,62.16216216216216,9.18918918918919
E00016296,137,51,24,27,86,71,15,37.22627737226277,17.51824817518248,19.708029197080293,62.77372262773723,51.82481751824818,10.948905109489052
E00016297,178,54,16,38,124,105,19,30.337078651685395,8.98876404494382,21.34831460674157,69.66292134831461,58.98876404494382,10.674157303370785
E00016298,223,72,19,53,151,127,24,32.28699551569507,8.520179372197308,23.766816143497756,67.71300448430493,56.95067264573991,10.762331838565023
E00016299,188,47,22,25,141,116,25,25,11.702127659574469,13.297872340425531,75,61.702127659574465,13.297872340425531
E00016300,220,61,25,36,159,136,23,27.727272727272727,11.363636363636363,16.363636363636363,72.27272727272728,61.81818181818181,10.454545454545453
E00016301,231,59,24,35,172,138,34,25.541125541125542,10.38961038961039,15.151515151515152,74.45887445887446,59.74025974025974,14.71861471861472
E00016302,178,50,19,31,128,103,25,28.08988764044944,10.674157303370785,17.415730337078653,71.91011235955057,57.865168539325836,14.04494382022472
E00016303,226,49,15,34,177,143,34,21.68141592920354,6.637168141592921,15.04424778761062,78.31858407079646,63.27433628318584,15.04424778761062
E00016304,203,42,14,28,161,125,36,20.689655172413794,6.896551724137931,13.793103448275861,79.3103448275862,61.57635467980296,17.733990147783253
E00016305,136,49,16,33,87,77,10,36.029411764705884,11.76470588235294,24.264705882352942,63.970588235294116,56.61764705882353,7.352941176470589
E00016306,160,51,16,35,109,97,12,31.874999999999996,10,21.875,68.125,60.62499999999999,7.5
E00016307,165,64,26,38,101,86,15,38.78787878787879,15.757575757575756,23.03030303030303,61.212121212121204,52.121212121212125,9.090909090909092
E00016308,199,50,19,31,149,123,26,25.125628140703515,9.547738693467336,15.577889447236181,74.87437185929649,61.80904522613066,13.06532663316583
E00016309,167,53,22,31,114,95,19,31.736526946107784,13.17365269461078,18.562874251497004,68.26347305389223,56.886227544910184,11.377245508982035
E00016310,134,38,14,24,96,76,20,28.35820895522388,10.44776119402985,17.91044776119403,71.64179104477611,56.71641791044776,14.925373134328357
E00016311,189,49,19,30,140,115,25,25.925925925925924,10.052910052910052,15.873015873015872,74.07407407407408,60.84656084656085,13.227513227513226
E00016312,197,55,23,32,142,111,31,27.918781725888326,11.6751269035533,16.243654822335024,72.08121827411168,56.34517766497462,15.736040609137056
E00016313,163,30,9,21,133,93,40,18.404907975460123,5.521472392638037,12.883435582822086,81.59509202453987,57.05521472392638,24.539877300613497
E00016314,142,43,8,35,99,82,17,30.28169014084507,5.633802816901409,24.647887323943664,69.71830985915493,57.74647887323944,11.971830985915492
E00016315,239,61,22,39,178,156,22,25.523012552301257,9.205020920502092,16.317991631799163,74.47698744769873,65.27196652719665,9.205020920502092
E00016316,181,49,18,31,132,104,28,27.071823204419886,9.94475138121547,17.12707182320442,72.92817679558011,57.4585635359116,15.469613259668508
E00016317,190,54,23,31,136,125,11,28.421052631578945,12.105263157894736,16.315789473684212,71.57894736842105,65.78947368421053,5.7894736842105265
E00016318,182,48,16,32,134,108,26,26.373626373626376,8.791208791208792,17.582417582417584,73.62637362637363,59.34065934065934,14.285714285714285
E00016319,109,36,13,23,73,64,9,33.02752293577982,11.926605504587156,21.100917431192663,66.97247706422019,58.71559633027523,8.256880733944955
E00016320,163,46,18,28,117,105,12,28.22085889570552,11.042944785276074,17.177914110429448,71.77914110429448,64.41717791411043,7.361963190184049
E00016321,198,53,23,30,145,131,14,26.767676767676768,11.616161616161616,15.151515151515152,73.23232323232324,66.16161616161617,7.07070707070707
E00016322,247,60,19,41,187,170,17,24.291497975708502,7.6923076923076925,16.599190283400812,75.7085020242915,68.82591093117408,6.882591093117409
E00016323,146,48,17,31,98,81,17,32.87671232876712,11.643835616438356,21.232876712328768,67.12328767123287,55.47945205479452,11.643835616438356
E00016324,209,56,19,37,153,132,21,26.794258373205743,9.090909090909092,17.703349282296653,73.20574162679426,63.1578947368421,10.047846889952153
E00016325,195,66,32,34,129,100,29,33.84615384615385,16.41025641025641,17.435897435897434,66.15384615384615,51.28205128205128,14.871794871794872
E00016326,164,44,11,33,120,93,27,26.82926829268293,6.707317073170732,20.121951219512198,73.17073170731707,56.70731707317073,16.463414634146343
E00016327,192,41,8,33,151,115,36,21.354166666666664,4.166666666666666,17.1875,78.64583333333334,59.895833333333336,18.75
E00016328,170,41,14,27,129,107,22,24.11764705882353,8.235294117647058,15.88235294117647,75.88235294117646,62.94117647058823,12.941176470588237
E00016329,207,55,26,29,152,123,29,26.570048309178745,12.560386473429952,14.009661835748794,73.42995169082126,59.42028985507246,14.009661835748794
E00016330,140,34,16,18,106,80,26,24.285714285714285,11.428571428571429,12.857142857142856,75.71428571428571,57.14285714285714,18.571428571428573
E00016331,187,67,19,48,120,101,19,35.82887700534759,10.16042780748663,25.668449197860966,64.171122994652407,54.01069518716578,10.16042780748663
E00016332,217,54,17,37,163,139,24,24.88479262672811,7.834101382488479,17.050691244239633,75.11520737327189,64.0552995391705,11.059907834101383
E00016333,157,39,14,25,118,94,24,24.840764331210192,8.9171974522293,15.92356687898089,75.15923566878982,59.87261146496815,15.286624203821656
E00016334,262,68,16,52,194,164,30,25.954198473282442,6.106870229007633,19.84732824427481,74.04580152671755,62.59541984732825,11.450381679389313
E00016335,125,27,10,17,98,82,16,21.6,8,13.600000000000001,78.4,65.60000000000001,12.8
E00016336,210,45,16,29,165,141,24,21.428571428571427,7.6190476190476195,13.80952380952381,78.57142857142857,67.14285714285714,11.428571428571429
E00016337,178,44,12,32,134,102,32,24.719101123595504,6.741573033707865,17.97752808988764,75.28089887640449,57.30337078651685,17.97752808988764
E00016338,204,46,12,34,158,138,20,22.54901960784314,5.88235294117647,16.666666666666664,77.45098039215686,67.64705882352942,9.803921568627452
E00016339,175,56,22,34,119,85,34,32,12.571428571428573,19.428571428571427,68,48.57142857142857,19.428571428571427
E00016340,201,55,19,36,146,119,27,27.363184079601986,9.45273631840796,17.91044776119403,72.636815920398,59.20398009950249,13.432835820895523
E00016341,180,46,13,33,134,112,22,25.555555555555554,7.222222222222221,18.333333333333332,74.44444444444444,62.22222222222222,12.222222222222221
E00016342,160,48,23,25,112,95,17,30,14.374999999999998,15.625,70,59.375,10.625
E00016343,187,47,25,22,140,113,27,25.13368983957219,13.368983957219251,11.76470588235294,74.8663101604278,60.42780748663101,14.43850267379679
E00016344,302,61,20,41,241,196,45,20.198675496688743,6.622516556291391,13.57615894039735,79.80132450331125,64.90066225165563,14.90066225165563
E00016345,174,31,12,19,143,112,31,17.81609195402299,6.896551724137931,10.919540229885058,82.18390804597702,64.36781609195403,17.81609195402299
E00016346,133,41,12,29,92,80,12,30.82706766917293,9.022556390977442,21.804511278195488,69.17293233082707,60.150375939849624,9.022556390977442
E00016348,90,27,9,18,63,57,6,30,10,20,70,63.33333333333333,6.666666666666667
E00016349,156,46,15,31,110,96,14,29.48717948717949,9.615384615384617,19.871794871794872,70.51282051282051,61.53846153846154,8.974358974358974
E00016350,163,60,25,35,103,91,12,36.809815950920246,15.337423312883436,21.472392638036812,63.190184049079754,55.828220858895705,7.361963190184049
E00016351,226,68,14,54,158,133,25,30.08849557522124,6.1946902654867255,23.893805309734514,69.91150442477876,58.849557522123895,11.061946902654867
E00016352,114,34,8,26,80,68,12,29.82456140350877,7.017543859649122,22.807017543859647,70.17543859649122,59.64912280701754,10.526315789473683
E00016353,148,56,17,39,92,77,15,37.83783783783784,11.486486486486488,26.351351351351347,62.16216216216216,52.02702702702703,10.135135135135135
E00016354,97,46,14,32,51,41,10,47.42268041237113,14.432989690721648,32.98969072164948,52.57731958762887,42.2680412371134,10.309278350515463
E00016356,151,57,25,32,94,85,9,37.74834437086093,16.55629139072848,21.192052980132452,62.251655629139066,56.29139072847682,5.960264900662252
E00016357,161,58,23,35,103,86,17,36.024844720496894,14.285714285714285,21.73913043478261,63.975155279503106,53.41614906832298,10.559006211180124
E00016358,141,46,16,30,95,85,10,32.62411347517731,11.347517730496454,21.27659574468085,67.37588652482269,60.28368794326241,7.092198581560284
E00016359,154,48,19,29,106,95,11,31.16883116883117,12.337662337662337,18.83116883116883,68.83116883116884,61.68831168831169,7.142857142857142
E00016360,216,69,25,44,147,127,20,31.944444444444443,11.574074074074074,20.37037037037037,68.05555555555556,58.79629629629629,9.25925925925926
E00016361,119,40,12,28,79,61,18,33.61344537815126,10.084033613445378,23.52941176470588,66.38655462184873,51.26050420168067,15.126050420168067
E00016362,150,51,13,38,99,88,11,34,8.666666666666668,25.333333333333336,66,58.666666666666664,7.333333333333333
E00016363,180,58,17,41,122,100,22,32.22222222222222,9.444444444444445,22.77777777777778,67.77777777777779,55.55555555555556,12.222222222222221
E00016364,153,40,9,31,113,104,9,26.143790849673206,5.88235294117647,20.26143790849673,73.8562091503268,67.97385620915033,5.88235294117647
E00016365,112,21,7,14,91,78,13,18.75,6.25,12.5,81.25,69.64285714285714,11.607142857142858
E00016366,140,41,16,25,99,86,13,29.28571428571429,11.428571428571429,17.857142857142858,70.71428571428572,61.42857142857143,9.285714285714286
E00016367,91,34,8,26,57,47,10,37.362637362637365,8.791208791208792,28.57142857142857,62.637362637362635,51.64835164835166,10.989010989010989
E00016368,155,36,13,23,119,101,18,23.225806451612904,8.38709677419355,14.838709677419354,76.77419354838709,65.16129032258064,11.612903225806452
E00016369,149,47,17,30,102,82,20,31.543624161073826,11.409395973154362,20.13422818791946,68.45637583892618,55.033557046979865,13.422818791946309
E00016370,201,67,25,42,134,115,19,33.33333333333333,12.437810945273633,20.8955223880597,66.66666666666666,57.2139303482587,9.45273631840796
E00016371,145,41,14,27,104,91,13,28.27586206896552,9.655172413793103,18.620689655172416,71.72413793103448,62.758620689655174,8.96551724137931
E00016372,145,43,11,32,102,86,16,29.655172413793103,7.586206896551724,22.06896551724138,70.34482758620689,59.310344827586206,11.03448275862069
E00016373,161,38,20,18,123,113,10,23.60248447204969,12.422360248447205,11.180124223602485,76.3975155279503,70.1863354037267,6.211180124223603
E00016374,131,36,9,27,95,84,11,27.480916030534353,6.870229007633588,20.610687022900763,72.51908396946564,64.12213740458014,8.396946564885496
E00016375,131,49,16,33,82,71,11,37.404580152671755,12.213740458015266,25.190839694656486,62.59541984732825,54.19847328244275,8.396946564885496
E00016376,135,47,10,37,88,83,5,34.81481481481482,7.4074074074074066,27.40740740740741,65.18518518518519,61.48148148148148,3.7037037037037033
E00016377,128,49,18,31,79,74,5,38.28125,14.0625,24.21875,61.71875,57.8125,3.90625
E00016378,157,53,26,27,104,90,14,33.75796178343949,16.560509554140125,17.197452229299362,66.2420382165605,57.324840764331206,8.9171974522293
E00016379,137,45,14,31,92,84,8,32.846715328467155,10.218978102189782,22.62773722627737,67.15328467153284,61.31386861313869,5.839416058394161
E00016380,120,44,15,29,76,64,12,36.666666666666664,12.5,24.166666666666668,63.33333333333333,53.333333333333336,10
E00016381,180,62,24,38,118,101,17,34.44444444444444,13.333333333333334,21.11111111111111,65.55555555555556,56.111111111111114,9.444444444444445
E00016382,136,40,10,30,96,75,21,29.411764705882355,7.352941176470589,22.058823529411764,70.58823529411765,55.14705882352941,15.441176470588236
E00016383,180,60,16,44,120,103,17,33.33333333333333,8.88888888888889,24.444444444444443,66.66666666666666,57.22222222222222,9.444444444444445
E00016384,155,49,23,26,106,91,15,31.61290322580645,14.838709677419354,16.7741935483871,68.38709677419355,58.70967741935483,9.67741935483871
E00016385,165,53,16,37,112,91,21,32.121212121212125,9.696969696969697,22.424242424242426,67.87878787878789,55.15151515151515,12.727272727272727
E00016386,92,22,6,16,70,57,13,23.91304347826087,6.521739130434782,17.391304347826086,76.08695652173914,61.95652173913043,14.130434782608695
E00016387,176,55,14,41,121,101,20,31.25,7.954545454545454,23.295454545454543,68.75,57.38636363636363,11.363636363636363
E00016388,169,48,14,34,121,106,15,28.402366863905325,8.284023668639055,20.118343195266274,71.59763313609467,62.721893491124256,8.875739644970414
E00016389,123,36,9,27,87,72,15,29.268292682926827,7.317073170731707,21.951219512195124,70.73170731707317,58.536585365853654,12.195121951219512
E00016390,97,31,9,22,66,54,12,31.958762886597935,9.278350515463918,22.68041237113402,68.04123711340206,55.670103092783506,12.371134020618557
E00016391,181,59,28,31,122,107,15,32.59668508287293,15.469613259668508,17.12707182320442,67.40331491712708,59.11602209944752,8.287292817679557
E00016392,138,49,12,37,89,81,8,35.507246376811594,8.695652173913043,26.811594202898554,64.4927536231884,58.69565217391305,5.797101449275362
E00016393,145,60,18,42,85,76,9,41.37931034482759,12.413793103448276,28.965517241379313,58.620689655172406,52.41379310344828,6.206896551724138
E00016394,149,54,15,39,95,89,6,36.241610738255034,10.06711409395973,26.174496644295303,63.758389261744966,59.73154362416108,4.026845637583892
E00016396,114,37,13,24,77,65,12,32.45614035087719,11.403508771929824,21.052631578947366,67.54385964912281,57.01754385964912,10.526315789473683
E00016398,145,35,11,24,110,102,8,24.137931034482758,7.586206896551724,16.551724137931036,75.86206896551724,70.34482758620689,5.517241379310345
E00016399,205,60,23,37,145,129,16,29.268292682926827,11.219512195121952,18.048780487804876,70.73170731707317,62.926829268292686,7.804878048780488
E00016401,226,74,28,46,152,140,12,32.743362831858406,12.389380530973451,20.353982300884958,67.2566371681416,61.94690265486725,5.3097345132743365
E00016402,126,41,19,22,85,74,11,32.53968253968254,15.079365079365079,17.46031746031746,67.46031746031747,58.730158730158735,8.73015873015873
E00016403,146,63,22,41,83,66,17,43.15068493150685,15.068493150684931,28.08219178082192,56.849315068493155,45.20547945205479,11.643835616438356
E00016404,230,48,19,29,182,148,34,20.869565217391305,8.26086956521739,12.608695652173912,79.13043478260869,64.34782608695652,14.782608695652174
E00016405,215,59,27,32,156,130,26,27.44186046511628,12.558139534883722,14.883720930232558,72.55813953488372,60.46511627906976,12.093023255813954
E00016406,153,62,22,40,91,83,8,40.52287581699346,14.37908496732026,26.143790849673206,59.47712418300654,54.248366013071895,5.228758169934641
E00016407,150,36,15,21,114,97,17,24,10,14.000000000000002,76,64.66666666666666,11.333333333333332
E00016408,184,34,20,14,150,132,18,18.478260869565215,10.869565217391305,7.608695652173914,81.52173913043478,71.73913043478261,9.782608695652174
E00016409,164,62,21,41,102,92,10,37.80487804878049,12.804878048780488,25,62.19512195121951,56.09756097560976,6.097560975609756
E00016410,194,38,23,15,156,133,23,19.587628865979383,11.855670103092782,7.731958762886598,80.41237113402062,68.55670103092784,11.855670103092782
E00016411,191,44,26,18,147,133,14,23.036649214659686,13.612565445026178,9.424083769633508,76.96335078534031,69.63350785340315,7.329842931937172
E00016412,235,64,21,43,171,153,18,27.23404255319149,8.936170212765958,18.29787234042553,72.76595744680851,65.1063829787234,7.659574468085106
E00016413,136,40,14,26,96,75,21,29.411764705882355,10.294117647058822,19.11764705882353,70.58823529411765,55.14705882352941,15.441176470588236
E00016414,163,50,22,28,113,104,9,30.67484662576687,13.496932515337424,17.177914110429448,69.32515337423312,63.80368098159509,5.521472392638037
E00016415,138,63,31,32,75,67,8,45.65217391304348,22.463768115942027,23.18840579710145,54.347826086956516,48.55072463768116,5.797101449275362
E00016416,124,50,15,35,74,67,7,40.32258064516129,12.096774193548388,28.225806451612907,59.67741935483871,54.03225806451613,5.64516129032258
E00016417,127,58,12,46,69,61,8,45.66929133858268,9.448818897637794,36.22047244094488,54.330708661417326,48.031496062992126,6.299212598425196
E00016419,172,74,26,48,98,84,14,43.02325581395349,15.11627906976744,27.906976744186046,56.97674418604651,48.837209302325576,8.13953488372093
E00016420,135,65,17,48,70,58,12,48.148148148148145,12.592592592592592,35.55555555555556,51.85185185185185,42.96296296296296,8.88888888888889
E00016421,117,47,20,27,70,67,3,40.17094017094017,17.094017094017094,23.076923076923077,59.82905982905983,57.26495726495726,2.564102564102564
E00016422,198,81,35,46,117,106,11,40.909090909090914,17.67676767676768,23.232323232323232,59.09090909090909,53.535353535353536,5.555555555555555
E00016423,140,54,15,39,86,77,9,38.57142857142858,10.714285714285714,27.857142857142858,61.42857142857143,55.00000000000001,6.428571428571428
E00016424,122,60,21,39,62,59,3,49.18032786885246,17.21311475409836,31.967213114754102,50.81967213114754,48.36065573770492,2.459016393442623
E00016426,152,54,21,33,98,87,11,35.526315789473685,13.815789473684212,21.710526315789476,64.47368421052632,57.23684210526315,7.236842105263158
E00016427,114,43,12,31,71,66,5,37.719298245614034,10.526315789473683,27.192982456140353,62.28070175438597,57.89473684210527,4.385964912280701
E00016428,227,68,29,39,159,141,18,29.955947136563875,12.77533039647577,17.180616740088105,70.04405286343612,62.11453744493392,7.929515418502203
E00016429,132,44,16,28,88,76,12,33.33333333333333,12.121212121212121,21.21212121212121,66.66666666666666,57.57575757575758,9.090909090909092
E00016430,114,49,27,22,65,55,10,42.98245614035088,23.684210526315788,19.298245614035086,57.01754385964912,48.24561403508772,8.771929824561402
E00016431,353,83,34,49,270,221,49,23.512747875354105,9.631728045325778,13.881019830028329,76.48725212464589,62.606232294617556,13.881019830028329
E00016432,240,62,25,37,178,163,15,25.833333333333336,10.416666666666668,15.416666666666668,74.16666666666667,67.91666666666667,6.25
E00016435,202,76,21,55,126,115,11,37.62376237623762,10.396039603960396,27.22772277227723,62.37623762376238,56.930693069306926,5.445544554455446
E00016436,233,49,14,35,184,157,27,21.030042918454935,6.008583690987124,15.021459227467812,78.96995708154506,67.38197424892704,11.587982832618025
E00016437,243,90,31,59,153,132,21,37.03703703703704,12.757201646090536,24.279835390946502,62.96296296296296,54.32098765432099,8.641975308641975
E00016438,158,24,9,15,134,114,20,15.18987341772152,5.69620253164557,9.49367088607595,84.81012658227847,72.15189873417721,12.658227848101266
E00016440,120,53,18,35,67,61,6,44.166666666666664,15,29.166666666666668,55.833333333333336,50.83333333333333,5
E00016441,175,52,20,32,123,104,19,29.714285714285715,11.428571428571429,18.285714285714285,70.28571428571428,59.42857142857143,10.857142857142858
E00016442,139,63,23,40,76,70,6,45.32374100719424,16.546762589928058,28.776978417266186,54.67625899280576,50.35971223021583,4.316546762589928
E00016443,160,55,22,33,105,75,30,34.375,13.750000000000002,20.625,65.625,46.875,18.75
E00016444,208,45,17,28,163,132,31,21.634615384615387,8.173076923076923,13.461538461538462,78.36538461538461,63.46153846153846,14.903846153846153
E00016445,180,59,17,42,121,98,23,32.77777777777778,9.444444444444445,23.333333333333332,67.22222222222223,54.44444444444444,12.777777777777777
E00016446,228,49,12,37,179,139,40,21.49122807017544,5.263157894736842,16.228070175438596,78.50877192982456,60.96491228070175,17.543859649122805
E00016447,163,36,11,25,127,109,18,22.085889570552148,6.748466257668712,15.337423312883436,77.91411042944786,66.87116564417178,11.042944785276074
E00016448,178,47,20,27,131,113,18,26.40449438202247,11.235955056179774,15.168539325842698,73.59550561797754,63.48314606741573,10.112359550561797
E00016449,160,30,13,17,130,111,19,18.75,8.125,10.625,81.25,69.375,11.875
E00016450,153,30,6,24,123,94,29,19.607843137254903,3.9215686274509802,15.686274509803921,80.3921568627451,61.43790849673203,18.954248366013072
E00016451,185,43,17,26,142,114,28,23.243243243243246,9.18918918918919,14.054054054054054,76.75675675675676,61.62162162162163,15.135135135135137
E00016452,139,50,14,36,89,69,20,35.97122302158273,10.071942446043165,25.899280575539567,64.02877697841727,49.64028776978417,14.388489208633093
E00016453,133,29,10,19,104,94,10,21.804511278195488,7.518796992481203,14.285714285714285,78.19548872180451,70.67669172932331,7.518796992481203
E00016454,148,37,14,23,111,90,21,25,9.45945945945946,15.54054054054054,75,60.810810810810814,14.18918918918919
E00016455,111,26,9,17,85,64,21,23.423423423423422,8.108108108108109,15.315315315315313,76.57657657657657,57.65765765765766,18.91891891891892
E00016456,162,48,18,30,114,101,13,29.629629629629626,11.11111111111111,18.51851851851852,70.37037037037037,62.34567901234568,8.024691358024691
E00016457,211,49,20,29,162,127,35,23.22274881516588,9.47867298578199,13.744075829383887,76.77725118483413,60.18957345971564,16.587677725118482
E00016458,164,50,18,32,114,99,15,30.48780487804878,10.975609756097562,19.51219512195122,69.51219512195121,60.36585365853659,9.146341463414634
E00016459,142,35,18,17,107,80,27,24.647887323943664,12.676056338028168,11.971830985915492,75.35211267605634,56.33802816901409,19.014084507042252
E00016460,194,39,11,28,155,131,24,20.103092783505154,5.670103092783505,14.432989690721648,79.89690721649485,67.5257731958763,12.371134020618557
E00016462,209,39,10,29,170,148,22,18.660287081339714,4.784688995215311,13.875598086124402,81.3397129186603,70.81339712918661,10.526315789473683
E00016464,121,56,13,43,65,53,12,46.28099173553719,10.743801652892563,35.53719008264463,53.71900826446281,43.80165289256198,9.917355371900827
E00016465,94,30,11,19,64,55,9,31.914893617021278,11.702127659574469,20.212765957446805,68.08510638297872,58.51063829787234,9.574468085106384
E00016466,133,39,17,22,94,75,19,29.32330827067669,12.781954887218044,16.541353383458645,70.67669172932331,56.390977443609025,14.285714285714285
E00016467,171,34,15,19,137,112,25,19.883040935672515,8.771929824561402,11.11111111111111,80.11695906432749,65.49707602339181,14.619883040935672
E00016468,136,42,19,23,94,79,15,30.88235294117647,13.970588235294118,16.911764705882355,69.11764705882352,58.08823529411765,11.029411764705882
E00016469,192,38,16,22,154,127,27,19.791666666666664,8.333333333333332,11.458333333333332,80.20833333333334,66.14583333333334,14.0625
E00016470,153,32,9,23,121,97,24,20.915032679738562,5.88235294117647,15.032679738562091,79.08496732026144,63.39869281045751,15.686274509803921
E00016471,110,43,16,27,67,57,10,39.09090909090909,14.545454545454545,24.545454545454547,60.909090909090914,51.81818181818182,9.090909090909092
E00016472,105,32,10,22,73,65,8,30.476190476190478,9.523809523809524,20.952380952380953,69.52380952380952,61.904761904761905,7.6190476190476195
E00016473,162,38,13,25,124,106,18,23.456790123456788,8.024691358024691,15.432098765432098,76.5432098765432,65.4320987654321,11.11111111111111
E00016474,139,42,22,20,97,82,15,30.215827338129497,15.827338129496402,14.388489208633093,69.7841726618705,58.992805755395686,10.79136690647482
E00016475,96,33,8,25,63,59,4,34.375,8.333333333333332,26.041666666666668,65.625,61.458333333333336,4.166666666666666
E00016476,167,59,19,40,108,91,17,35.32934131736527,11.377245508982035,23.952095808383234,64.67065868263472,54.49101796407185,10.179640718562874
E00016477,148,31,13,18,117,86,31,20.945945945945947,8.783783783783784,12.162162162162163,79.05405405405406,58.108108108108105,20.945945945945947
E00016478,101,24,12,12,77,62,15,23.762376237623762,11.881188118811881,11.881188118811881,76.23762376237624,61.386138613861384,14.85148514851485
E00016479,98,44,17,27,54,49,5,44.89795918367347,17.346938775510203,27.55102040816326,55.10204081632652,50,5.1020408163265305
E00016480,104,30,6,24,74,65,9,28.846153846153843,5.769230769230769,23.076923076923077,71.15384615384616,62.5,8.653846153846153
E00016481,230,68,25,43,162,133,29,29.565217391304348,10.869565217391305,18.695652173913043,70.43478260869566,57.826086956521735,12.608695652173912
E00016482,119,46,16,30,73,62,11,38.655462184873954,13.445378151260504,25.210084033613445,61.34453781512605,52.10084033613446,9.243697478991598
E00016483,172,31,9,22,141,128,13,18.023255813953487,5.232558139534884,12.790697674418606,81.97674418604652,74.4186046511628,7.55813953488372
E00016484,184,56,20,36,128,91,37,30.434782608695656,10.869565217391305,19.565217391304348,69.56521739130434,49.45652173913043,20.108695652173914
E00016485,125,53,28,25,72,67,5,42.4,22.400000000000002,20,57.599999999999994,53.6,4
E00016486,255,62,30,32,193,162,31,24.313725490196077,11.76470588235294,12.549019607843137,75.68627450980392,63.52941176470588,12.156862745098039
E00016487,150,38,22,16,112,89,23,25.333333333333336,14.666666666666666,10.666666666666668,74.66666666666667,59.333333333333336,15.333333333333332
E00016488,177,56,14,42,121,90,31,31.63841807909605,7.909604519774012,23.728813559322035,68.36158192090396,50.847457627118644,17.51412429378531
E00016489,176,37,12,25,139,104,35,21.022727272727273,6.8181818181818175,14.204545454545455,78.97727272727273,59.09090909090909,19.886363636363637
E00016490,241,54,26,28,187,151,36,22.40663900414938,10.78838174273859,11.618257261410788,77.59336099585063,62.655601659751035,14.937759336099585
E00016491,142,26,13,13,116,95,21,18.30985915492958,9.15492957746479,9.15492957746479,81.69014084507043,66.90140845070422,14.788732394366196
E00016492,144,52,22,30,92,76,16,36.11111111111111,15.277777777777779,20.833333333333336,63.888888888888886,52.77777777777778,11.11111111111111
E00016493,187,48,18,30,139,116,23,25.668449197860966,9.62566844919786,16.042780748663102,74.33155080213903,62.03208556149733,12.299465240641712
E00016494,206,46,21,25,160,143,17,22.330097087378643,10.194174757281553,12.135922330097088,77.66990291262135,69.41747572815534,8.25242718446602
E00016495,133,33,7,26,100,90,10,24.81203007518797,5.263157894736842,19.548872180451127,75.18796992481202,67.66917293233082,7.518796992481203
E00016496,148,33,12,21,115,93,22,22.2972972972973,8.108108108108109,14.18918918918919,77.7027027027027,62.83783783783784,14.864864864864865
E00016497,147,44,7,37,103,91,12,29.931972789115648,4.761904761904762,25.170068027210885,70.06802721088435,61.904761904761905,8.16326530612245
E00016498,292,98,32,66,194,159,35,33.56164383561644,10.95890410958904,22.602739726027394,66.43835616438356,54.45205479452054,11.986301369863012
E00016499,205,64,26,38,141,114,27,31.21951219512195,12.682926829268293,18.536585365853657,68.78048780487805,55.60975609756098,13.170731707317074
E00016500,131,50,14,36,81,71,10,38.16793893129771,10.687022900763358,27.480916030534353,61.832061068702295,54.19847328244275,7.633587786259542
E00016501,213,72,23,49,141,117,24,33.80281690140845,10.7981220657277,23.004694835680752,66.19718309859155,54.929577464788736,11.267605633802818
E00016502,143,20,8,12,123,107,16,13.986013986013987,5.594405594405594,8.391608391608392,86.01398601398601,74.82517482517483,11.188811188811188
E00016503,118,19,9,10,99,84,15,16.101694915254235,7.627118644067797,8.47457627118644,83.89830508474576,71.1864406779661,12.711864406779661
E00016504,138,46,16,30,92,75,17,33.33333333333333,11.594202898550725,21.73913043478261,66.66666666666666,54.347826086956516,12.318840579710146
E00016505,172,46,14,32,126,112,14,26.744186046511626,8.13953488372093,18.6046511627907,73.25581395348837,65.11627906976744,8.13953488372093
E00016506,157,37,14,23,120,97,23,23.56687898089172,8.9171974522293,14.64968152866242,76.43312101910828,61.78343949044586,14.64968152866242
E00016507,134,43,10,33,91,79,12,32.08955223880597,7.462686567164178,24.62686567164179,67.91044776119402,58.95522388059702,8.955223880597014
E00016508,187,48,14,34,139,114,25,25.668449197860966,7.4866310160427805,18.181818181818183,74.33155080213903,60.962566844919785,13.368983957219251
E00016509,200,62,16,46,138,121,17,31,8,23,69,60.5,8.5
E00016510,137,35,15,20,102,91,11,25.547445255474454,10.948905109489052,14.5985401459854,74.45255474452554,66.42335766423358,8.02919708029197
E00016511,188,56,23,33,132,109,23,29.78723404255319,12.23404255319149,17.5531914893617,70.2127659574468,57.97872340425532,12.23404255319149
E00016512,162,38,15,23,124,107,17,23.456790123456788,9.25925925925926,14.19753086419753,76.5432098765432,66.0493827160494,10.493827160493826
E00016513,178,61,23,38,117,106,11,34.26966292134831,12.921348314606742,21.34831460674157,65.73033707865169,59.55056179775281,6.179775280898876
E00016514,121,29,12,17,92,82,10,23.96694214876033,9.917355371900827,14.049586776859504,76.03305785123968,67.76859504132231,8.264462809917356
E00016515,157,52,16,36,105,79,26,33.12101910828025,10.191082802547772,22.929936305732486,66.87898089171973,50.318471337579616,16.560509554140125
E00016516,143,54,20,34,89,76,13,37.76223776223776,13.986013986013987,23.776223776223777,62.23776223776224,53.14685314685315,9.090909090909092
E00016517,117,41,16,25,76,69,7,35.04273504273504,13.675213675213676,21.367521367521366,64.95726495726495,58.97435897435898,5.982905982905983
E00016518,172,38,10,28,134,96,38,22.093023255813954,5.813953488372093,16.27906976744186,77.90697674418605,55.81395348837209,22.093023255813954
E00016519,137,33,10,23,104,87,17,24.087591240875913,7.2992700729927,16.78832116788321,75.91240875912408,63.503649635036496,12.408759124087592
E00016520,128,46,21,25,82,74,8,35.9375,16.40625,19.53125,64.0625,57.8125,6.25
E00016521,115,35,11,24,80,71,9,30.434782608695656,9.565217391304348,20.869565217391305,69.56521739130434,61.73913043478261,7.82608695652174
E00016522,108,27,5,22,81,69,12,25,4.62962962962963,20.37037037037037,75,63.888888888888886,11.11111111111111
E00016523,107,34,10,24,73,56,17,31.775700934579437,9.345794392523365,22.429906542056074,68.22429906542055,52.336448598130836,15.887850467289718
E00016524,173,47,13,34,126,106,20,27.167630057803464,7.514450867052023,19.653179190751445,72.83236994219652,61.27167630057804,11.560693641618498
E00016525,103,31,13,18,72,54,18,30.097087378640776,12.62135922330097,17.475728155339805,69.90291262135922,52.42718446601942,17.475728155339805
E00016526,118,46,15,31,72,55,17,38.983050847457626,12.711864406779661,26.27118644067797,61.016949152542374,46.61016949152542,14.40677966101695
E00016527,130,38,18,20,92,77,15,29.230769230769234,13.846153846153847,15.384615384615385,70.76923076923077,59.23076923076923,11.538461538461538
E00016528,146,41,16,25,105,94,11,28.08219178082192,10.95890410958904,17.123287671232877,71.91780821917808,64.38356164383562,7.534246575342466
E00016529,124,40,15,25,84,69,15,32.25806451612903,12.096774193548388,20.161290322580644,67.74193548387096,55.64516129032258,12.096774193548388
E00016530,122,50,17,33,72,66,6,40.98360655737705,13.934426229508196,27.049180327868854,59.01639344262295,54.09836065573771,4.918032786885246
E00016531,153,58,23,35,95,79,16,37.908496732026144,15.032679738562091,22.875816993464053,62.091503267973856,51.633986928104584,10.457516339869281
E00016532,132,32,12,20,100,95,5,24.242424242424242,9.090909090909092,15.151515151515152,75.75757575757575,71.96969696969697,3.787878787878788
E00016533,156,63,14,49,93,80,13,40.38461538461539,8.974358974358974,31.41025641025641,59.61538461538461,51.28205128205128,8.333333333333332
E00016534,186,52,17,35,134,123,11,27.956989247311824,9.13978494623656,18.817204301075268,72.04301075268818,66.12903225806451,5.913978494623656
E00016535,130,45,18,27,85,68,17,34.61538461538461,13.846153846153847,20.76923076923077,65.38461538461539,52.307692307692314,13.076923076923078
E00016536,162,51,18,33,111,101,10,31.48148148148148,11.11111111111111,20.37037037037037,68.51851851851852,62.34567901234568,6.172839506172839
E00016537,133,33,14,19,100,91,9,24.81203007518797,10.526315789473683,14.285714285714285,75.18796992481202,68.42105263157895,6.7669172932330826
E00016538,176,59,18,41,117,113,4,33.52272727272727,10.227272727272728,23.295454545454543,66.47727272727273,64.20454545454545,2.272727272727273
E00016539,151,58,17,41,93,82,11,38.41059602649007,11.258278145695364,27.1523178807947,61.58940397350994,54.3046357615894,7.28476821192053
E00016540,136,35,13,22,101,83,18,25.735294117647058,9.558823529411764,16.176470588235293,74.26470588235294,61.029411764705884,13.23529411764706
E00016541,195,40,19,21,155,125,30,20.51282051282051,9.7435897435897445,10.76923076923077,79.48717948717949,64.1025641025641,15.384615384615385
E00016542,191,57,26,31,134,121,13,29.84293193717277,13.612565445026178,16.230366492146597,70.15706806282722,63.35078534031413,6.806282722513089
E00016543,195,61,26,35,134,118,16,31.28205128205128,13.333333333333334,17.94871794871795,68.71794871794872,60.51282051282051,8.205128205128204
E00016544,165,42,10,32,123,101,22,25.454545454545453,6.0606060606060606,19.393939393939394,74.54545454545455,61.212121212121204,13.333333333333334
E00016545,170,71,21,50,99,77,22,41.76470588235294,12.352941176470589,29.411764705882355,58.235294117647065,45.294117647058826,12.941176470588237
E00016546,173,64,25,39,109,91,18,36.99421965317919,14.450867052023122,22.54335260115607,63.005780346820806,52.601156069364166,10.404624277456648
E00016547,219,61,18,43,158,135,23,27.85388127853881,8.21917808219178,19.63470319634703,72.14611872146118,61.64383561643836,10.50228310502283
E00016548,213,80,32,48,133,114,19,37.558685446009385,15.023474178403756,22.535211267605636,62.441314553990615,53.52112676056338,8.92018779342723
E00016549,209,61,28,33,148,130,18,29.1866028708134,13.397129186602871,15.789473684210526,70.81339712918661,62.20095693779905,8.61244019138756
E00016550,172,47,17,30,125,105,20,27.325581395348834,9.883720930232558,17.441860465116278,72.67441860465115,61.04651162790697,11.627906976744185
E00016551,212,56,22,34,156,128,28,26.41509433962264,10.377358490566039,16.037735849056602,73.58490566037736,60.37735849056604,13.20754716981132
E00016552,131,43,21,22,88,81,7,32.82442748091603,16.030534351145036,16.793893129770993,67.17557251908397,61.832061068702295,5.343511450381679
E00016553,191,50,16,34,141,115,26,26.17801047120419,8.37696335078534,17.801047120418847,73.82198952879581,60.20942408376963,13.612565445026178
E00016554,174,49,15,34,125,108,17,28.160919540229884,8.620689655172415,19.54022988505747,71.83908045977012,62.06896551724138,9.770114942528735
E00016555,117,31,12,19,86,60,26,26.495726495726498,10.256410256410255,16.23931623931624,73.50427350427351,51.28205128205128,22.22222222222222
E00016556,178,42,15,27,136,123,13,23.595505617977526,8.426966292134832,15.168539325842698,76.40449438202246,69.10112359550563,7.303370786516854
E00016557,121,37,11,26,84,68,16,30.57851239669421,9.090909090909092,21.487603305785125,69.42148760330579,56.19834710743802,13.223140495867769
E00016559,189,51,19,32,138,116,22,26.984126984126984,10.052910052910052,16.93121693121693,73.01587301587301,61.37566137566137,11.64021164021164
E00016560,185,47,16,31,138,119,19,25.405405405405407,8.64864864864865,16.756756756756758,74.5945945945946,64.32432432432432,10.27027027027027
E00016562,194,40,13,27,154,128,26,20.618556701030926,6.701030927835052,13.917525773195877,79.38144329896907,65.97938144329896,13.402061855670103
E00016563,240,78,29,49,162,132,30,32.5,12.083333333333334,20.416666666666668,67.5,55.00000000000001,12.5
E00016564,194,52,25,27,142,113,29,26.804123711340207,12.886597938144329,13.917525773195877,73.19587628865979,58.24742268041238,14.948453608247423
E00016565,172,41,19,22,131,104,27,23.837209302325583,11.046511627906977,12.790697674418606,76.16279069767442,60.46511627906976,15.69767441860465
E00016566,181,52,16,36,129,94,35,28.7292817679558,8.83977900552486,19.88950276243094,71.27071823204419,51.93370165745856,19.337016574585636
E00016567,92,26,11,15,66,60,6,28.26086956521739,11.956521739130435,16.304347826086957,71.73913043478261,65.21739130434783,6.521739130434782
E00016569,167,39,7,32,128,105,23,23.353293413173652,4.191616766467066,19.16167664670659,76.64670658682635,62.874251497005986,13.77245508982036
E00016571,179,53,20,33,126,112,14,29.608938547486037,11.1731843575419,18.435754189944134,70.39106145251397,62.56983240223464,7.82122905027933
E00016572,170,45,12,33,125,103,22,26.47058823529412,7.0588235294117645,19.411764705882355,73.52941176470588,60.588235294117645,12.941176470588237
E00016573,202,49,21,28,153,114,39,24.257425742574256,10.396039603960396,13.861386138613863,75.74257425742574,56.43564356435643,19.306930693069308
E00016574,153,35,11,24,118,102,16,22.875816993464053,7.18954248366013,15.686274509803921,77.12418300653596,66.66666666666666,10.457516339869281
E00016575,157,37,12,25,120,93,27,23.56687898089172,7.643312101910828,15.92356687898089,76.43312101910828,59.23566878980891,17.197452229299362
E00016576,159,40,13,27,119,103,16,25.157232704402517,8.176100628930817,16.9811320754717,74.84276729559748,64.77987421383648,10.062893081761008
E00016577,195,54,27,27,141,119,22,27.692307692307693,13.846153846153847,13.846153846153847,72.3076923076923,61.02564102564103,11.282051282051283
E00016578,137,37,10,27,100,88,12,27.00729927007299,7.2992700729927,19.708029197080293,72.99270072992701,64.23357664233576,8.75912408759124
E00016580,214,51,32,19,163,133,30,23.83177570093458,14.953271028037381,8.878504672897195,76.16822429906543,62.149532710280376,14.018691588785046
E00016583,127,28,7,21,99,85,14,22.04724409448819,5.511811023622047,16.535433070866144,77.95275590551181,66.92913385826772,11.023622047244094
E00016584,355,101,43,58,254,211,43,28.450704225352112,12.112676056338028,16.338028169014084,71.54929577464789,59.436619718309856,12.112676056338028
E00016585,167,53,19,34,114,98,16,31.736526946107784,11.377245508982035,20.359281437125748,68.26347305389223,58.68263473053892,9.580838323353294
E00016587,218,63,25,38,155,121,34,28.899082568807337,11.46788990825688,17.431192660550458,71.10091743119266,55.5045871559633,15.59633027522936
E00016588,190,56,29,27,134,114,20,29.47368421052631,15.263157894736842,14.210526315789473,70.52631578947368,60,10.526315789473683
E00016589,125,39,19,20,86,71,15,31.2,15.2,16,68.8,56.8,12
E00016590,221,43,21,22,178,148,30,19.457013574660635,9.502262443438914,9.95475113122172,80.54298642533936,66.9683257918552,13.574660633484163
E00016591,153,33,16,17,120,90,30,21.568627450980394,10.457516339869281,11.11111111111111,78.43137254901961,58.82352941176471,19.607843137254903
E00016592,226,64,28,36,162,140,22,28.31858407079646,12.389380530973451,15.929203539823009,71.68141592920354,61.94690265486725,9.734513274336283
E00016593,232,56,16,40,176,130,46,24.137931034482758,6.896551724137931,17.24137931034483,75.86206896551724,56.03448275862068,19.82758620689655
E00016594,205,57,14,43,148,109,39,27.80487804878049,6.829268292682928,20.975609756097562,72.1951219512195,53.170731707317074,19.024390243902438
E00016595,112,39,10,29,73,64,9,34.82142857142857,8.928571428571429,25.892857142857146,65.17857142857143,57.14285714285714,8.035714285714286
E00016596,187,57,24,33,130,102,28,30.481283422459892,12.834224598930483,17.647058823529413,69.5187165775401,54.54545454545454,14.973262032085561
E00016597,115,36,10,26,79,67,12,31.30434782608696,8.695652173913043,22.608695652173914,68.69565217391305,58.26086956521739,10.434782608695652
E00016598,291,68,18,50,223,170,53,23.367697594501717,6.185567010309279,17.18213058419244,76.6323024054983,58.4192439862543,18.213058419243985
E00016599,155,37,17,20,118,97,21,23.870967741935484,10.967741935483872,12.903225806451612,76.12903225806451,62.58064516129033,13.548387096774196
E00016600,189,50,13,37,139,109,30,26.455026455026452,6.878306878306878,19.576719576719576,73.54497354497354,57.67195767195767,15.873015873015872
E00016601,142,48,14,34,94,84,10,33.80281690140845,9.859154929577464,23.943661971830984,66.19718309859155,59.154929577464785,7.042253521126761
E00016602,174,51,17,34,123,90,33,29.310344827586203,9.770114942528735,19.54022988505747,70.6896551724138,51.724137931034484,18.96551724137931
E00016603,237,65,33,32,172,131,41,27.42616033755274,13.924050632911392,13.502109704641349,72.57383966244726,55.27426160337553,17.29957805907173
E00016604,127,50,20,30,77,69,8,39.37007874015748,15.748031496062993,23.62204724409449,60.629921259842526,54.330708661417326,6.299212598425196
E00016605,298,69,22,47,229,181,48,23.154362416107382,7.38255033557047,15.771812080536913,76.84563758389261,60.738255033557046,16.10738255033557
E00016606,233,62,25,37,171,134,37,26.609442060085836,10.72961373390558,15.879828326180256,73.39055793991416,57.5107296137339,15.879828326180256
E00016607,111,35,12,23,76,64,12,31.53153153153153,10.81081081081081,20.72072072072072,68.46846846846847,57.65765765765766,10.81081081081081
E00016608,119,27,12,15,92,72,20,22.689075630252102,10.084033613445378,12.605042016806722,77.31092436974791,60.50420168067227,16.80672268907563
E00016609,132,28,5,23,104,82,22,21.21212121212121,3.787878787878788,17.424242424242426,78.78787878787878,62.121212121212125,16.666666666666664
E00016610,170,38,15,23,132,111,21,22.35294117647059,8.823529411764707,13.529411764705882,77.64705882352942,65.29411764705883,12.352941176470589
E00016611,125,33,20,13,92,80,12,26.400000000000002,16,10.4,73.6,64,9.6
E00016612,107,30,11,19,77,63,14,28.037383177570092,10.2803738317757,17.75700934579439,71.96261682242991,58.87850467289719,13.084112149532709
E00016613,211,62,19,43,149,114,35,29.383886255924168,9.004739336492891,20.379146919431278,70.61611374407583,54.02843601895735,16.587677725118482
E00016614,156,51,24,27,105,86,19,32.69230769230769,15.384615384615385,17.307692307692307,67.3076923076923,55.12820512820513,12.179487179487179
E00016615,177,44,22,22,133,111,22,24.858757062146893,12.429378531073446,12.429378531073446,75.14124293785311,62.71186440677966,12.429378531073446
E00016616,158,41,20,21,117,106,11,25.949367088607595,12.658227848101266,13.291139240506327,74.0506329113924,67.08860759493672,6.962025316455696
E00016617,182,41,15,26,141,116,25,22.52747252747253,8.241758241758241,14.285714285714285,77.47252747252747,63.73626373626373,13.736263736263737
E00016618,85,32,14,18,53,49,4,37.64705882352941,16.470588235294116,21.176470588235293,62.35294117647059,57.647058823529406,4.705882352941177
E00016619,140,39,14,25,101,85,16,27.857142857142858,10,17.857142857142858,72.14285714285714,60.71428571428571,11.428571428571429
E00016620,140,37,13,24,103,83,20,26.42857142857143,9.285714285714286,17.142857142857142,73.57142857142858,59.285714285714285,14.285714285714285
E00016621,98,46,12,34,52,43,9,46.93877551020408,12.244897959183673,34.69387755102041,53.06122448979592,43.87755102040816,9.183673469387756
E00016622,132,37,10,27,95,81,14,28.030303030303028,7.575757575757576,20.454545454545457,71.96969696969697,61.36363636363637,10.606060606060606
E00016623,209,35,15,20,174,143,31,16.74641148325359,7.177033492822966,9.569377990430622,83.25358851674642,68.42105263157895,14.832535885167463
E00016624,193,49,16,33,144,125,19,25.38860103626943,8.290155440414509,17.098445595854923,74.61139896373057,64.76683937823834,9.844559585492227
E00016625,199,45,22,23,154,116,38,22.613065326633166,11.055276381909549,11.557788944723619,77.38693467336684,58.291457286432156,19.09547738693467
E00016626,179,53,24,29,126,90,36,29.608938547486037,13.40782122905028,16.201117318435752,70.39106145251397,50.27932960893855,20.11173184357542
E00016628,252,57,18,39,195,162,33,22.61904761904762,7.142857142857142,15.476190476190476,77.38095238095238,64.28571428571429,13.095238095238097
E00016629,217,64,23,41,153,131,22,29.493087557603687,10.599078341013826,18.89400921658986,70.50691244239631,60.36866359447005,10.138248847926267
E00016630,219,48,17,31,171,136,35,21.91780821917808,7.76255707762557,14.15525114155251,78.08219178082192,62.10045662100456,15.981735159817351
E00016631,210,47,9,38,163,131,32,22.380952380952383,4.285714285714286,18.095238095238095,77.61904761904762,62.38095238095238,15.238095238095239
E00016632,256,78,29,49,178,145,33,30.46875,11.328125,19.140625,69.53125,56.640625,12.890625
E00016633,146,47,12,35,99,81,18,32.19178082191781,8.21917808219178,23.972602739726025,67.8082191780822,55.47945205479452,12.32876712328767
E00016640,155,33,15,18,122,107,15,21.29032258064516,9.67741935483871,11.612903225806452,78.70967741935485,69.03225806451613,9.67741935483871
E00016641,181,83,21,62,98,83,15,45.85635359116022,11.602209944751381,34.25414364640884,54.14364640883977,45.85635359116022,8.287292817679557
E00016642,239,69,22,47,170,151,19,28.870292887029287,9.205020920502092,19.665271966527197,71.1297071129707,63.17991631799163,7.949790794979079
E00016643,120,35,12,23,85,73,12,29.166666666666668,10,19.166666666666668,70.83333333333334,60.83333333333333,10
E00016645,198,66,23,43,132,111,21,33.33333333333333,11.616161616161616,21.71717171717172,66.66666666666666,56.060606060606055,10.606060606060606
E00016646,177,51,15,36,126,111,15,28.8135593220339,8.47457627118644,20.33898305084746,71.1864406779661,62.71186440677966,8.47457627118644
E00016647,184,58,27,31,126,104,22,31.521739130434785,14.673913043478262,16.847826086956523,68.47826086956522,56.52173913043478,11.956521739130435
E00016648,196,59,20,39,137,109,28,30.102040816326532,10.204081632653061,19.897959183673468,69.89795918367348,55.61224489795919,14.285714285714285
E00016649,152,50,17,33,102,73,29,32.89473684210527,11.18421052631579,21.710526315789476,67.10526315789474,48.026315789473685,19.078947368421055
E00016650,165,45,20,25,120,73,47,27.27272727272727,12.121212121212121,15.151515151515152,72.72727272727273,44.24242424242424,28.484848484848484
E00016651,291,77,31,46,214,195,19,26.46048109965636,10.652920962199312,15.807560137457044,73.53951890034365,67.0103092783505,6.529209621993128
E00016652,137,62,17,45,75,67,8,45.25547445255474,12.408759124087592,32.846715328467155,54.74452554744526,48.9051094890511,5.839416058394161
E00016653,150,35,13,22,115,101,14,23.333333333333332,8.666666666666668,14.666666666666666,76.66666666666667,67.33333333333333,9.333333333333334
E00016654,84,38,13,25,46,38,8,45.23809523809524,15.476190476190476,29.761904761904763,54.761904761904766,45.23809523809524,9.523809523809524
E00016655,203,69,21,48,134,108,26,33.99014778325123,10.344827586206897,23.645320197044335,66.00985221674877,53.20197044334976,12.807881773399016
E00016656,225,65,20,45,160,140,20,28.888888888888886,8.88888888888889,20,71.11111111111111,62.22222222222222,8.88888888888889
E00016657,101,39,16,23,62,55,7,38.613861386138616,15.841584158415841,22.772277227722775,61.386138613861384,54.45544554455446,6.9306930693069315
E00016658,121,39,14,25,82,70,12,32.231404958677686,11.570247933884298,20.66115702479339,67.76859504132231,57.85123966942148,9.917355371900827
E00016659,138,48,20,28,90,80,10,34.78260869565217,14.492753623188406,20.28985507246377,65.21739130434783,57.971014492753625,7.246376811594203
E00016660,185,43,16,27,142,133,9,23.243243243243246,8.64864864864865,14.594594594594595,76.75675675675676,71.89189189189189,4.864864864864865
E00016661,159,44,18,26,115,94,21,27.67295597484277,11.320754716981133,16.352201257861633,72.32704402515722,59.11949685534591,13.20754716981132
E00016662,174,50,17,33,124,92,32,28.735632183908045,9.770114942528735,18.96551724137931,71.26436781609196,52.87356321839081,18.39080459770115
E00016663,176,53,22,31,123,96,27,30.113636363636363,12.5,17.613636363636363,69.88636363636364,54.54545454545454,15.340909090909092
E00016664,231,55,21,34,176,151,25,23.809523809523807,9.090909090909092,14.71861471861472,76.19047619047619,65.36796536796537,10.822510822510822
E00016666,180,47,18,29,133,122,11,26.111111111111114,10,16.11111111111111,73.88888888888889,67.77777777777779,6.111111111111111
E00016667,204,41,12,29,163,133,30,20.098039215686274,5.88235294117647,14.215686274509803,79.90196078431373,65.19607843137256,14.705882352941178
E00016668,103,23,8,15,80,60,20,22.330097087378643,7.766990291262135,14.563106796116504,77.66990291262135,58.252427184466015,19.41747572815534
E00016669,128,44,19,25,84,69,15,34.375,14.84375,19.53125,65.625,53.90625,11.71875
E00016670,160,40,15,25,120,107,13,25,9.375,15.625,75,66.875,8.125
E00016671,71,17,4,13,54,50,4,23.943661971830984,5.633802816901409,18.30985915492958,76.05633802816901,70.4225352112676,5.633802816901409
E00016672,178,56,12,44,122,101,21,31.46067415730337,6.741573033707865,24.719101123595504,68.53932584269663,56.74157303370787,11.797752808988763
E00016673,141,44,24,20,97,84,13,31.20567375886525,17.02127659574468,14.184397163120568,68.79432624113475,59.57446808510638,9.219858156028367
E00016674,322,90,41,49,232,198,34,27.95031055900621,12.732919254658384,15.217391304347828,72.04968944099379,61.49068322981367,10.559006211180124
E00016675,133,42,13,29,91,82,9,31.57894736842105,9.774436090225564,21.804511278195488,68.42105263157895,61.65413533834586,6.7669172932330826
E00016676,142,54,23,31,88,76,12,38.028169014084504,16.19718309859155,21.830985915492956,61.97183098591549,53.52112676056338,8.450704225352112
E00016678,134,58,15,43,76,73,3,43.28358208955223,11.194029850746269,32.08955223880597,56.71641791044776,54.47761194029851,2.2388059701492535
E00016679,114,40,17,23,74,65,9,35.08771929824561,14.912280701754385,20.175438596491226,64.91228070175438,57.01754385964912,7.894736842105263
E00016680,144,36,18,18,108,98,10,25,12.5,12.5,75,68.05555555555556,6.944444444444445
E00016682,144,33,18,15,111,103,8,22.916666666666664,12.5,10.416666666666668,77.08333333333334,71.52777777777779,5.555555555555555
E00016683,194,37,17,20,157,130,27,19.072164948453608,8.762886597938143,10.309278350515463,80.9278350515464,67.0103092783505,13.917525773195877
E00016684,135,34,13,21,101,85,16,25.185185185185183,9.62962962962963,15.555555555555555,74.81481481481481,62.96296296296296,11.851851851851853
E00016685,157,65,31,34,92,74,18,41.40127388535032,19.745222929936308,21.656050955414013,58.59872611464968,47.13375796178344,11.464968152866243
E00016686,162,58,18,40,104,92,12,35.80246913580247,11.11111111111111,24.691358024691358,64.19753086419753,56.79012345679012,7.4074074074074066
E00016687,126,21,7,14,105,94,11,16.666666666666664,5.555555555555555,11.11111111111111,83.33333333333334,74.60317460317461,8.73015873015873
E00016688,152,47,14,33,105,89,16,30.92105263157895,9.210526315789473,21.710526315789476,69.07894736842105,58.55263157894737,10.526315789473683
E00016689,179,47,16,31,132,110,22,26.256983240223462,8.938547486033519,17.318435754189945,73.74301675977654,61.452513966480446,12.290502793296088
E00016690,131,48,18,30,83,71,12,36.6412213740458,13.740458015267176,22.900763358778626,63.358778625954194,54.19847328244275,9.16030534351145
E00016691,184,67,22,45,117,89,28,36.41304347826087,11.956521739130435,24.456521739130434,63.58695652173913,48.369565217391305,15.217391304347828
E00016693,188,59,24,35,129,110,19,31.382978723404253,12.76595744680851,18.617021276595743,68.61702127659575,58.51063829787234,10.106382978723403
E00016695,122,37,13,24,85,80,5,30.327868852459016,10.655737704918032,19.672131147540984,69.67213114754098,65.57377049180327,4.098360655737705
E00016696,124,45,20,25,79,70,9,36.29032258064516,16.129032258064516,20.161290322580644,63.70967741935484,56.451612903225815,7.258064516129033
E00016697,153,46,16,30,107,93,14,30.065359477124183,10.457516339869281,19.607843137254903,69.93464052287581,60.78431372549019,9.15032679738562
E00016699,117,33,11,22,84,74,10,28.205128205128204,9.401709401709402,18.803418803418804,71.7948717948718,63.24786324786324,8.547008547008547
E00016701,197,62,31,31,135,117,18,31.472081218274113,15.736040609137056,15.736040609137056,68.52791878172589,59.390862944162436,9.137055837563452
E00016703,149,66,18,48,83,72,11,44.29530201342282,12.080536912751679,32.21476510067114,55.70469798657718,48.322147651006716,7.38255033557047
E00016705,249,67,24,43,182,150,32,26.907630522088354,9.63855421686747,17.269076305220885,73.09236947791165,60.24096385542169,12.851405622489958
E00016706,166,70,25,45,96,81,15,42.168674698795186,15.060240963855422,27.10843373493976,57.831325301204814,48.795180722891565,9.036144578313253
E00016708,196,45,25,20,151,125,26,22.95918367346939,12.755102040816327,10.204081632653061,77.04081632653062,63.775510204081634,13.26530612244898
E00016709,213,64,23,41,149,130,19,30.046948356807512,10.7981220657277,19.248826291079812,69.95305164319248,61.03286384976526,8.92018779342723
E00016710,184,87,38,49,97,86,11,47.28260869565217,20.652173913043477,26.6304347826087,52.71739130434783,46.73913043478261,5.978260869565218
E00016711,261,72,34,38,189,159,30,27.586206896551722,13.026819923371647,14.559386973180077,72.41379310344827,60.91954022988506,11.494252873563218
E00016712,182,82,37,45,100,89,11,45.05494505494506,20.32967032967033,24.725274725274726,54.94505494505495,48.9010989010989,6.043956043956044
E00016713,202,62,26,36,140,117,23,30.693069306930692,12.871287128712872,17.82178217821782,69.3069306930693,57.920792079207914,11.386138613861387
E00016714,216,64,24,40,152,135,17,29.629629629629626,11.11111111111111,18.51851851851852,70.37037037037037,62.5,7.87037037037037
E00016715,192,58,22,36,134,110,24,30.208333333333332,11.458333333333332,18.75,69.79166666666666,57.291666666666664,12.5
E00016716,187,50,17,33,137,115,22,26.737967914438503,9.090909090909092,17.647058823529413,73.2620320855615,61.49732620320856,11.76470588235294
E00016717,124,21,6,15,103,89,14,16.93548387096774,4.838709677419355,12.096774193548388,83.06451612903226,71.7741935483871,11.29032258064516
E00016718,111,36,13,23,75,66,9,32.432432432432435,11.711711711711711,20.72072072072072,67.56756756756756,59.45945945945946,8.108108108108109
E00016719,151,61,19,42,90,79,11,40.397350993377486,12.582781456953644,27.81456953642384,59.60264900662252,52.317880794701985,7.28476821192053
E00016720,205,59,21,38,146,136,10,28.780487804878046,10.24390243902439,18.536585365853657,71.21951219512195,66.34146341463415,4.878048780487805
E00016721,120,46,19,27,74,71,3,38.333333333333336,15.833333333333332,22.5,61.66666666666667,59.166666666666664,2.5
E00016722,174,70,30,40,104,93,11,40.229885057471265,17.24137931034483,22.988505747126435,59.77011494252874,53.44827586206896,6.321839080459771
E00016723,122,42,13,29,80,75,5,34.42622950819672,10.655737704918032,23.770491803278688,65.57377049180327,61.47540983606557,4.098360655737705
E00016724,170,65,22,43,105,90,15,38.23529411764706,12.941176470588237,25.294117647058822,61.76470588235294,52.94117647058824,8.823529411764707
E00016725,139,48,19,29,91,73,18,34.53237410071942,13.66906474820144,20.863309352517987,65.46762589928058,52.51798561151079,12.949640287769784
E00016726,87,27,15,12,60,48,12,31.03448275862069,17.24137931034483,13.793103448275861,68.96551724137932,55.172413793103445,13.793103448275861
E00016727,143,48,14,34,95,86,9,33.56643356643357,9.79020979020979,23.776223776223777,66.43356643356644,60.13986013986013,6.293706293706294
E00016728,115,37,11,26,78,70,8,32.17391304347826,9.565217391304348,22.608695652173914,67.82608695652173,60.86956521739131,6.956521739130435
E00016729,136,40,23,17,96,69,27,29.411764705882355,16.911764705882355,12.5,70.58823529411765,50.73529411764706,19.852941176470587
E00016730,161,38,17,21,123,103,20,23.60248447204969,10.559006211180124,13.043478260869565,76.3975155279503,63.975155279503106,12.422360248447205
E00016731,166,50,11,39,116,98,18,30.120481927710845,6.626506024096386,23.49397590361446,69.87951807228916,59.036144578313255,10.843373493975903
E00016732,186,64,29,35,122,96,26,34.40860215053764,15.591397849462366,18.817204301075268,65.59139784946237,51.61290322580645,13.978494623655912
E00016733,183,43,19,24,140,112,28,23.497267759562842,10.382513661202186,13.114754098360656,76.50273224043715,61.20218579234973,15.300546448087433
E00016734,177,41,15,26,136,108,28,23.163841807909606,8.47457627118644,14.689265536723164,76.8361581920904,61.016949152542374,15.819209039548024
E00016735,213,45,19,26,168,145,23,21.12676056338028,8.92018779342723,12.206572769953052,78.87323943661971,68.07511737089203,10.7981220657277
E00016737,166,47,17,30,119,98,21,28.313253012048197,10.240963855421686,18.072289156626507,71.6867469879518,59.036144578313255,12.650602409638553
E00016738,225,67,22,45,158,132,26,29.777777777777775,9.777777777777779,20,70.22222222222221,58.666666666666664,11.555555555555555
E00016739,165,49,14,35,116,89,27,29.6969696969697,8.484848484848486,21.21212121212121,70.3030303030303,53.939393939393945,16.363636363636363
E00016740,186,50,15,35,136,104,32,26.881720430107524,8.064516129032258,18.817204301075268,73.11827956989248,55.91397849462365,17.20430107526882
E00016741,165,34,14,20,131,102,29,20.606060606060606,8.484848484848486,12.121212121212121,79.39393939393939,61.81818181818181,17.575757575757574
E00016742,203,45,13,32,158,139,19,22.167487684729064,6.403940886699508,15.763546798029557,77.83251231527095,68.4729064039409,9.35960591133005
E00016743,154,39,13,26,115,98,17,25.324675324675322,8.441558441558442,16.883116883116884,74.67532467532467,63.63636363636363,11.03896103896104
E00016744,210,52,18,34,158,134,24,24.761904761904763,8.571428571428571,16.19047619047619,75.23809523809524,63.8095238095238,11.428571428571429
E00016745,228,70,20,50,158,131,27,30.701754385964914,8.771929824561402,21.929824561403507,69.2982456140351,57.45614035087719,11.842105263157894
E00016746,202,53,12,41,149,121,28,26.237623762376238,5.9405940594059405,20.2970297029703,73.76237623762376,59.900990099009896,13.861386138613863
E00016747,142,38,15,23,104,87,17,26.76056338028169,10.56338028169014,16.19718309859155,73.23943661971832,61.267605633802816,11.971830985915492
E00016748,149,23,9,14,126,105,21,15.436241610738255,6.0402684563758395,9.395973154362416,84.56375838926175,70.46979865771812,14.093959731543624
E00016749,168,43,15,28,125,102,23,25.595238095238095,8.928571428571429,16.666666666666664,74.40476190476191,60.71428571428571,13.690476190476192
E00016750,174,37,15,22,137,114,23,21.26436781609195,8.620689655172415,12.643678160919542,78.73563218390804,65.51724137931035,13.218390804597702
E00016751,161,48,21,27,113,104,9,29.81366459627329,13.043478260869565,16.77018633540373,70.1863354037267,64.59627329192547,5.590062111801243
E00016752,191,50,13,37,141,116,25,26.17801047120419,6.806282722513089,19.3717277486911,73.82198952879581,60.73298429319372,13.089005235602095
E00016753,172,38,8,30,134,120,14,22.093023255813954,4.651162790697675,17.441860465116278,77.90697674418605,69.76744186046511,8.13953488372093
E00016754,165,37,11,26,128,107,21,22.424242424242426,6.666666666666667,15.757575757575756,77.57575757575758,64.84848484848484,12.727272727272727
E00016755,205,63,30,33,142,124,18,30.73170731707317,14.634146341463413,16.097560975609756,69.26829268292683,60.48780487804878,8.780487804878048
E00016756,150,55,21,34,95,83,12,36.666666666666664,14.000000000000002,22.666666666666664,63.33333333333333,55.333333333333336,8
E00016757,159,40,14,26,119,95,24,25.157232704402517,8.80503144654088,16.352201257861633,74.84276729559748,59.74842767295597,15.09433962264151
E00016758,144,56,16,40,88,73,15,38.88888888888889,11.11111111111111,27.77777777777778,61.111111111111114,50.69444444444444,10.416666666666668
E00016759,150,48,12,36,102,87,15,32,8,24,68,57.99999999999999,10
E00016760,145,33,8,25,112,100,12,22.758620689655174,5.517241379310345,17.24137931034483,77.24137931034483,68.96551724137932,8.275862068965518
E00016761,158,42,14,28,116,98,18,26.582278481012654,8.860759493670885,17.72151898734177,73.41772151898735,62.0253164556962,11.39240506329114
E00016762,178,47,19,28,131,112,19,26.40449438202247,10.674157303370785,15.730337078651685,73.59550561797754,62.92134831460674,10.674157303370785
E00016763,186,38,13,25,148,128,20,20.43010752688172,6.989247311827956,13.440860215053762,79.56989247311827,68.81720430107528,10.75268817204301
E00016764,134,47,13,34,87,77,10,35.07462686567165,9.701492537313433,25.37313432835821,64.92537313432835,57.46268656716418,7.462686567164178
E00016765,138,38,19,19,100,85,15,27.536231884057973,13.768115942028986,13.768115942028986,72.46376811594203,61.59420289855072,10.869565217391305
E00016766,149,60,19,41,89,83,6,40.26845637583892,12.751677852348994,27.516778523489933,59.73154362416108,55.70469798657718,4.026845637583892
E00016767,121,43,20,23,78,61,17,35.53719008264463,16.528925619834713,19.00826446280992,64.46280991735537,50.413223140495866,14.049586776859504
E00016768,146,44,19,25,102,95,7,30.136986301369863,13.013698630136986,17.123287671232877,69.86301369863014,65.06849315068493,4.794520547945205
E00016769,185,61,9,52,124,106,18,32.972972972972975,4.864864864864865,28.10810810810811,67.02702702702703,57.2972972972973,9.72972972972973
E00016770,96,19,11,8,77,65,12,19.791666666666664,11.458333333333332,8.333333333333332,80.20833333333334,67.70833333333334,12.5
E00016771,187,46,17,29,141,118,23,24.598930481283425,9.090909090909092,15.508021390374333,75.40106951871658,63.101604278074866,12.299465240641712
E00016772,207,52,19,33,155,131,24,25.120772946859905,9.178743961352657,15.942028985507244,74.8792270531401,63.28502415458937,11.594202898550725
E00016773,124,48,20,28,76,63,13,38.70967741935484,16.129032258064516,22.58064516129032,61.29032258064516,50.806451612903224,10.483870967741936
E00016774,192,57,17,40,135,116,19,29.6875,8.854166666666668,20.833333333333336,70.3125,60.416666666666664,9.895833333333332
E00016775,105,48,15,33,57,49,8,45.714285714285715,14.285714285714285,31.428571428571427,54.285714285714285,46.666666666666664,7.6190476190476195
E00016776,169,30,6,24,139,120,19,17.75147928994083,3.5502958579881656,14.201183431952662,82.24852071005917,71.00591715976331,11.242603550295858
E00016777,182,58,25,33,124,98,26,31.868131868131865,13.736263736263737,18.13186813186813,68.13186813186813,53.84615384615385,14.285714285714285
E00016778,149,52,18,34,97,81,16,34.899328859060404,12.080536912751679,22.818791946308725,65.1006711409396,54.36241610738255,10.738255033557047
E00016779,129,39,17,22,90,77,13,30.23255813953488,13.178294573643413,17.05426356589147,69.76744186046511,59.68992248062015,10.077519379844961
E00016780,210,76,27,49,134,119,15,36.19047619047619,12.857142857142856,23.333333333333332,63.8095238095238,56.666666666666664,7.142857142857142
E00016781,160,35,11,24,125,110,15,21.875,6.875000000000001,15,78.125,68.75,9.375
E00016782,273,92,28,64,181,160,21,33.6996336996337,10.256410256410255,23.44322344322344,66.30036630036629,58.60805860805861,7.6923076923076925
E00016783,170,30,15,15,140,117,23,17.647058823529413,8.823529411764707,8.823529411764707,82.35294117647058,68.82352941176471,13.529411764705882
E00016784,169,46,12,34,123,109,14,27.218934911242602,7.100591715976331,20.118343195266274,72.7810650887574,64.49704142011834,8.284023668639055
E00016785,119,48,22,26,71,62,9,40.33613445378151,18.487394957983195,21.84873949579832,59.66386554621849,52.10084033613446,7.563025210084033
E00016786,128,30,13,17,98,91,7,23.4375,10.15625,13.28125,76.5625,71.09375,5.46875
E00016787,212,103,42,61,109,92,17,48.58490566037736,19.81132075471698,28.77358490566038,51.41509433962265,43.39622641509434,8.018867924528301
E00016788,137,36,10,26,101,93,8,26.277372262773724,7.2992700729927,18.97810218978102,73.72262773722628,67.88321167883211,5.839416058394161
E00016789,197,53,17,36,144,116,28,26.903553299492383,8.629441624365482,18.274111675126903,73.09644670050761,58.88324873096447,14.213197969543149
E00016790,131,60,11,49,71,61,10,45.80152671755725,8.396946564885496,37.404580152671755,54.19847328244275,46.56488549618321,7.633587786259542
E00016791,158,48,16,32,110,95,15,30.37974683544304,10.126582278481013,20.253164556962027,69.62025316455697,60.12658227848101,9.49367088607595
E00016792,194,80,28,52,114,98,16,41.23711340206185,14.432989690721648,26.804123711340207,58.76288659793815,50.51546391752577,8.24742268041237
E00016793,118,36,14,22,82,71,11,30.508474576271187,11.864406779661017,18.64406779661017,69.49152542372882,60.16949152542372,9.322033898305085
E00016794,121,34,16,18,87,79,8,28.09917355371901,13.223140495867769,14.87603305785124,71.900826446281,65.28925619834712,6.6115702479338845
E00016795,139,42,16,26,97,90,7,30.215827338129497,11.510791366906476,18.705035971223023,69.7841726618705,64.74820143884892,5.0359712230215825
E00016796,218,82,32,50,136,116,20,37.61467889908257,14.678899082568808,22.93577981651376,62.38532110091744,53.21100917431193,9.174311926605505
E00016797,205,62,23,39,143,126,17,30.24390243902439,11.219512195121952,19.024390243902438,69.7560975609756,61.46341463414634,8.292682926829269
E00016799,160,56,16,40,104,83,21,35,10,25,65,51.87500000000001,13.125
E00016800,144,48,9,39,96,78,18,33.33333333333333,6.25,27.083333333333332,66.66666666666666,54.166666666666664,12.5
E00016801,203,89,33,56,114,87,27,43.84236453201971,16.25615763546798,27.586206896551722,56.15763546798029,42.857142857142854,13.30049261083744
E00016802,202,62,23,39,140,123,17,30.693069306930692,11.386138613861387,19.306930693069308,69.3069306930693,60.89108910891089,8.415841584158416
E00016803,127,24,8,16,103,84,19,18.89763779527559,6.299212598425196,12.598425196850393,81.10236220472441,66.14173228346458,14.960629921259844
E00016804,147,53,19,34,94,76,18,36.054421768707485,12.925170068027212,23.12925170068027,63.94557823129252,51.70068027210885,12.244897959183673
E00016805,203,72,27,45,131,108,23,35.467980295566505,13.30049261083744,22.167487684729064,64.5320197044335,53.20197044334976,11.330049261083744
E00016806,133,39,8,31,94,84,10,29.32330827067669,6.015037593984962,23.308270676691727,70.67669172932331,63.1578947368421,7.518796992481203
E00016807,188,60,29,31,128,113,15,31.914893617021278,15.425531914893616,16.48936170212766,68.08510638297872,60.1063829787234,7.9787234042553195
E00016808,105,33,12,21,72,63,9,31.428571428571427,11.428571428571429,20,68.57142857142857,60,8.571428571428571
E00016809,175,51,20,31,124,105,19,29.142857142857142,11.428571428571429,17.71428571428571,70.85714285714285,60,10.857142857142858
E00016810,200,56,19,37,144,127,17,28.000000000000004,9.5,18.5,72,63.5,8.5
E00016811,227,71,29,42,156,123,33,31.277533039647576,12.77533039647577,18.502202643171806,68.72246696035242,54.18502202643172,14.537444933920703
E00016812,178,38,13,25,140,115,25,21.34831460674157,7.303370786516854,14.04494382022472,78.65168539325843,64.60674157303372,14.04494382022472
E00016813,178,48,17,31,130,117,13,26.96629213483146,9.550561797752808,17.415730337078653,73.03370786516854,65.73033707865169,7.303370786516854
E00016814,177,40,16,24,137,110,27,22.598870056497177,9.03954802259887,13.559322033898304,77.40112994350282,62.14689265536724,15.254237288135593
E00016815,155,38,16,22,117,99,18,24.516129032258064,10.32258064516129,14.193548387096774,75.48387096774194,63.87096774193548,11.612903225806452
E00016816,140,40,8,32,100,83,17,28.57142857142857,5.714285714285714,22.857142857142858,71.42857142857143,59.285714285714285,12.142857142857142
E00016817,185,38,18,20,147,105,42,20.54054054054054,9.72972972972973,10.81081081081081,79.45945945945945,56.75675675675676,22.702702702702705
E00016818,148,40,18,22,108,93,15,27.027027027027028,12.162162162162163,14.864864864864865,72.97297297297297,62.83783783783784,10.135135135135135
E00016819,139,38,17,21,101,86,15,27.33812949640288,12.23021582733813,15.107913669064748,72.66187050359713,61.87050359712231,10.79136690647482
E00016820,164,69,20,49,95,79,16,42.073170731707314,12.195121951219512,29.878048780487802,57.92682926829268,48.170731707317074,9.75609756097561
E00016822,178,60,16,44,118,108,10,33.70786516853933,8.98876404494382,24.719101123595504,66.29213483146067,60.67415730337079,5.617977528089887
E00016823,159,59,28,31,100,82,18,37.10691823899371,17.61006289308176,19.49685534591195,62.893081761006286,51.57232704402516,11.320754716981133
E00016824,133,37,12,25,96,84,12,27.819548872180448,9.022556390977442,18.796992481203006,72.18045112781954,63.1578947368421,9.022556390977442
E00016825,76,21,8,13,55,45,10,27.631578947368425,10.526315789473683,17.105263157894736,72.36842105263158,59.210526315789465,13.157894736842104
E00016826,171,64,22,42,107,94,13,37.42690058479532,12.865497076023392,24.561403508771928,62.57309941520468,54.97076023391813,7.602339181286549
E00016827,161,50,19,31,111,85,26,31.05590062111801,11.801242236024844,19.25465838509317,68.94409937888199,52.79503105590062,16.149068322981368
E00016828,147,34,11,23,113,96,17,23.12925170068027,7.482993197278912,15.646258503401361,76.87074829931973,65.3061224489796,11.564625850340136
E00016829,144,37,13,24,107,91,16,25.694444444444443,9.027777777777777,16.666666666666664,74.30555555555556,63.19444444444444,11.11111111111111
E00016830,200,63,24,39,137,117,20,31.5,12,19.5,68.5,58.5,10
E00016831,116,35,7,28,81,70,11,30.17241379310345,6.0344827586206895,24.137931034482758,69.82758620689656,60.3448275862069,9.482758620689655
E00016832,98,33,12,21,65,55,10,33.6734693877551,12.244897959183673,21.428571428571427,66.3265306122449,56.12244897959183,10.204081632653061
E00016833,176,45,16,29,131,105,26,25.568181818181817,9.090909090909092,16.477272727272727,74.43181818181817,59.65909090909091,14.772727272727273
E00016834,221,63,22,41,158,135,23,28.50678733031674,9.95475113122172,18.552036199095024,71.49321266968326,61.085972850678736,10.407239819004525
E00016835,170,52,18,34,118,104,14,30.58823529411765,10.588235294117647,20,69.41176470588235,61.1764705882353,8.235294117647058
E00016836,127,28,15,13,99,82,17,22.04724409448819,11.811023622047244,10.236220472440944,77.95275590551181,64.56692913385827,13.385826771653544
E00016837,149,36,16,20,113,93,20,24.161073825503358,10.738255033557047,13.422818791946309,75.83892617449665,62.41610738255034,13.422818791946309
E00016838,95,28,9,19,67,57,10,29.47368421052631,9.473684210526317,20,70.52631578947368,60,10.526315789473683
E00016839,176,41,16,25,135,120,15,23.295454545454543,9.090909090909092,14.204545454545455,76.70454545454545,68.18181818181817,8.522727272727272
E00016840,167,53,23,30,114,91,23,31.736526946107784,13.77245508982036,17.964071856287426,68.26347305389223,54.49101796407185,13.77245508982036
E00016841,153,73,20,53,80,71,9,47.712418300653596,13.071895424836603,34.64052287581699,52.28758169934641,46.40522875816993,5.88235294117647
E00016842,121,32,8,24,89,75,14,26.446280991735538,6.6115702479338845,19.834710743801654,73.55371900826447,61.98347107438017,11.570247933884298
E00016843,156,52,15,37,104,91,13,33.33333333333333,9.615384615384617,23.717948717948715,66.66666666666666,58.333333333333336,8.333333333333332
E00016844,128,39,23,16,89,64,25,30.46875,17.96875,12.5,69.53125,50,19.53125
E00016845,182,31,11,20,151,134,17,17.032967032967033,6.043956043956044,10.989010989010989,82.96703296703298,73.62637362637363,9.340659340659341
E00016846,164,38,14,24,126,107,19,23.170731707317074,8.536585365853659,14.634146341463413,76.82926829268293,65.2439024390244,11.585365853658537
E00016847,91,38,14,24,53,46,7,41.75824175824176,15.384615384615385,26.373626373626376,58.24175824175825,50.54945054945055,7.6923076923076925
E00016848,104,28,14,14,76,56,20,26.923076923076923,13.461538461538462,13.461538461538462,73.07692307692307,53.84615384615385,19.230769230769234
E00016849,145,55,13,42,90,78,12,37.93103448275862,8.96551724137931,28.965517241379313,62.06896551724138,53.79310344827586,8.275862068965518
E00016850,124,38,15,23,86,73,13,30.64516129032258,12.096774193548388,18.548387096774192,69.35483870967742,58.87096774193549,10.483870967741936
E00016851,194,63,25,38,131,112,19,32.47422680412371,12.886597938144329,19.587628865979383,67.5257731958763,57.73195876288659,9.793814432989691
E00016852,119,36,10,26,83,70,13,30.252100840336134,8.403361344537815,21.84873949579832,69.74789915966386,58.82352941176471,10.92436974789916
E00016853,213,65,25,40,148,141,7,30.51643192488263,11.737089201877934,18.779342723004692,69.48356807511738,66.19718309859155,3.286384976525822
E00016854,130,38,15,23,92,76,16,29.230769230769234,11.538461538461538,17.692307692307693,70.76923076923077,58.46153846153847,12.307692307692308
E00016855,137,28,18,10,109,96,13,20.437956204379564,13.138686131386862,7.2992700729927,79.56204379562044,70.07299270072993,9.48905109489051
E00016856,237,66,30,36,171,146,25,27.848101265822784,12.658227848101266,15.18987341772152,72.15189873417721,61.60337552742617,10.548523206751055
E00016857,149,44,18,26,105,91,14,29.53020134228188,12.080536912751679,17.449664429530202,70.46979865771812,61.07382550335571,9.395973154362416
E00016858,89,45,17,28,44,40,4,50.56179775280899,19.101123595505616,31.46067415730337,49.43820224719101,44.9438202247191,4.49438202247191
E00016859,180,48,19,29,132,111,21,26.666666666666668,10.555555555555555,16.11111111111111,73.33333333333333,61.66666666666667,11.666666666666666
E00016860,217,48,21,27,169,150,19,22.119815668202765,9.67741935483871,12.442396313364055,77.88018433179722,69.12442396313364,8.755760368663594
E00016861,244,74,30,44,170,149,21,30.327868852459016,12.295081967213115,18.0327868852459,69.67213114754098,61.065573770491795,8.60655737704918
E00016862,181,47,12,35,134,118,16,25.96685082872928,6.629834254143646,19.337016574585636,74.03314917127072,65.19337016574586,8.83977900552486
E00016863,222,61,23,38,161,139,22,27.47747747747748,10.36036036036036,17.117117117117118,72.52252252252252,62.612612612612615,9.90990990990991
E00016864,178,54,21,33,124,117,7,30.337078651685395,11.797752808988763,18.53932584269663,69.66292134831461,65.73033707865169,3.932584269662921
E00016865,158,40,11,29,118,106,12,25.31645569620253,6.962025316455696,18.354430379746837,74.68354430379746,67.08860759493672,7.59493670886076
E00016866,181,58,17,41,123,111,12,32.04419889502763,9.392265193370166,22.65193370165746,67.95580110497238,61.32596685082873,6.629834254143646
E00016867,150,39,18,21,111,95,16,26,12,14.000000000000002,74,63.33333333333333,10.666666666666668
E00016868,139,30,10,20,109,93,16,21.58273381294964,7.1942446043165464,14.388489208633093,78.41726618705036,66.90647482014388,11.510791366906476
E00016869,111,34,8,26,77,67,10,30.630630630630627,7.207207207207207,23.423423423423422,69.36936936936937,60.36036036036037,9.00900900900901
E00016870,180,53,24,29,127,109,18,29.444444444444446,13.333333333333334,16.11111111111111,70.55555555555556,60.55555555555555,10
E00016871,163,47,15,32,116,102,14,28.834355828220858,9.202453987730062,19.631901840490798,71.16564417177914,62.57668711656442,8.588957055214724
E00016872,166,47,18,29,119,94,25,28.313253012048197,10.843373493975903,17.46987951807229,71.6867469879518,56.62650602409639,15.060240963855422
E00016873,156,58,15,43,98,86,12,37.17948717948718,9.615384615384617,27.564102564102566,62.82051282051282,55.12820512820513,7.6923076923076925
E00016874,152,38,14,24,114,92,22,25,9.210526315789473,15.789473684210526,75,60.526315789473685,14.473684210526317
E00016875,107,31,9,22,76,70,6,28.971962616822427,8.411214953271028,20.5607476635514,71.02803738317756,65.42056074766354,5.607476635514018
E00016876,112,38,11,27,74,65,9,33.92857142857143,9.821428571428571,24.107142857142858,66.07142857142857,58.03571428571429,8.035714285714286
E00016877,134,38,18,20,96,77,19,28.35820895522388,13.432835820895523,14.925373134328357,71.64179104477611,57.46268656716418,14.17910447761194
E00016878,115,42,17,25,73,65,8,36.52173913043478,14.782608695652174,21.73913043478261,63.47826086956522,56.52173913043478,6.956521739130435
E00016879,235,59,32,27,176,146,30,25.106382978723403,13.617021276595745,11.48936170212766,74.8936170212766,62.12765957446808,12.76595744680851
E00016880,237,68,24,44,169,152,17,28.691983122362867,10.126582278481013,18.565400843881857,71.30801687763713,64.13502109704642,7.172995780590717
E00016881,188,61,27,34,127,108,19,32.4468085106383,14.361702127659576,18.085106382978726,67.5531914893617,57.446808510638306,10.106382978723403
E00016883,204,59,26,33,145,124,21,28.921568627450984,12.745098039215685,16.176470588235293,71.07843137254902,60.78431372549019,10.294117647058822
E00016884,183,60,22,38,123,100,23,32.78688524590164,12.021857923497267,20.76502732240437,67.21311475409836,54.644808743169406,12.568306010928962
E00016885,209,64,26,38,145,115,30,30.62200956937799,12.440191387559809,18.181818181818183,69.377990430622,55.02392344497608,14.354066985645932
E00016886,205,58,25,33,147,122,25,28.292682926829265,12.195121951219512,16.097560975609756,71.70731707317073,59.512195121951216,12.195121951219512
E00016887,140,48,17,31,92,73,19,34.285714285714285,12.142857142857142,22.142857142857142,65.71428571428571,52.142857142857146,13.571428571428571
E00016888,157,50,20,30,107,83,24,31.84713375796178,12.738853503184714,19.10828025477707,68.15286624203821,52.86624203821656,15.286624203821656
E00016889,144,47,20,27,97,82,15,32.63888888888889,13.88888888888889,18.75,67.36111111111111,56.94444444444444,10.416666666666668
E00016890,149,44,17,27,105,92,13,29.53020134228188,11.409395973154362,18.120805369127517,70.46979865771812,61.74496644295302,8.724832214765101
E00016891,219,64,21,43,155,135,20,29.22374429223744,9.58904109589041,19.63470319634703,70.77625570776256,61.64383561643836,9.1324200913242
E00016892,181,55,21,34,126,105,21,30.386740331491712,11.602209944751381,18.784530386740332,69.61325966850829,58.011049723756905,11.602209944751381
E00016893,177,54,21,33,123,106,17,30.508474576271187,11.864406779661017,18.64406779661017,69.49152542372882,59.887005649717516,9.6045197740113
E00016894,178,57,21,36,121,102,19,32.02247191011236,11.797752808988763,20.224719101123593,67.97752808988764,57.30337078651685,10.674157303370785
E00016895,168,51,20,31,117,96,21,30.357142857142854,11.904761904761903,18.452380952380953,69.64285714285714,57.14285714285714,12.5
E00016896,181,57,22,35,124,103,21,31.491712707182316,12.154696132596685,19.337016574585636,68.50828729281768,56.9060773480663,11.602209944751381
E00016897,331,98,27,71,233,199,34,29.607250755287005,8.157099697885197,21.45015105740181,70.39274924471299,60.12084592145015,10.27190332326284
E00016898,161,39,11,28,122,104,18,24.22360248447205,6.832298136645963,17.391304347826086,75.77639751552795,64.59627329192547,11.180124223602485
E00016899,155,30,9,21,125,102,23,19.35483870967742,5.806451612903226,13.548387096774196,80.64516129032258,65.80645161290323,14.838709677419354
E00016900,230,54,15,39,176,141,35,23.47826086956522,6.521739130434782,16.956521739130434,76.52173913043478,61.30434782608696,15.217391304347828
E00016901,128,37,14,23,91,75,16,28.90625,10.9375,17.96875,71.09375,58.59375,12.5
E00016902,191,46,17,29,145,129,16,24.083769633507853,8.900523560209423,15.18324607329843,75.91623036649214,67.5392670157068,8.37696335078534
E00016903,227,57,19,38,170,141,29,25.11013215859031,8.370044052863436,16.740088105726873,74.8898678414097,62.11453744493392,12.77533039647577
E00016904,142,33,10,23,109,94,15,23.239436619718308,7.042253521126761,16.19718309859155,76.76056338028168,66.19718309859155,10.56338028169014
E00016905,147,49,26,23,98,83,15,33.33333333333333,17.687074829931973,15.646258503401361,66.66666666666666,56.4625850340136,10.204081632653061
E00016906,173,32,9,23,141,115,26,18.497109826589593,5.202312138728324,13.294797687861271,81.5028901734104,66.47398843930635,15.028901734104046
E00016907,156,56,13,43,100,90,10,35.8974358974359,8.333333333333332,27.564102564102566,64.1025641025641,57.692307692307686,6.41025641025641
E00016908,107,28,5,23,79,62,17,26.168224299065418,4.672897196261682,21.49532710280374,73.83177570093457,57.943925233644855,15.887850467289718
E00016909,156,60,23,37,96,84,12,38.46153846153847,14.743589743589745,23.717948717948715,61.53846153846154,53.84615384615385,7.6923076923076925
E00016910,154,67,16,51,87,74,13,43.506493506493506,10.38961038961039,33.116883116883116,56.493506493506494,48.05194805194805,8.441558441558442
E00016911,181,64,23,41,117,105,12,35.35911602209944,12.70718232044199,22.65193370165746,64.64088397790056,58.011049723756905,6.629834254143646
E00016912,144,39,10,29,105,74,31,27.083333333333332,6.944444444444445,20.13888888888889,72.91666666666666,51.388888888888886,21.52777777777778
E00016913,168,62,21,41,106,99,7,36.904761904761905,12.5,24.404761904761905,63.095238095238095,58.92857142857143,4.166666666666666
E00016914,109,44,13,31,65,61,4,40.36697247706422,11.926605504587156,28.440366972477065,59.63302752293578,55.96330275229357,3.669724770642202
E00016915,150,51,23,28,99,88,11,34,15.333333333333332,18.666666666666668,66,58.666666666666664,7.333333333333333
E00016916,192,67,25,42,125,112,13,34.89583333333333,13.020833333333334,21.875,65.10416666666666,58.333333333333336,6.770833333333333
E00016917,274,91,44,47,183,154,29,33.21167883211679,16.05839416058394,17.153284671532848,66.78832116788321,56.20437956204379,10.583941605839415
E00016918,368,65,29,36,303,278,25,17.66304347826087,7.880434782608696,9.782608695652174,82.33695652173914,75.54347826086956,6.7934782608695645
E00016919,219,60,24,36,159,131,28,27.397260273972602,10.95890410958904,16.43835616438356,72.6027397260274,59.817351598173516,12.785388127853881
E00016920,131,47,17,30,84,74,10,35.87786259541985,12.977099236641221,22.900763358778626,64.12213740458014,56.48854961832062,7.633587786259542
E00016921,161,46,16,30,115,98,17,28.57142857142857,9.937888198757763,18.633540372670808,71.42857142857143,60.86956521739131,10.559006211180124
E00016922,142,42,21,21,100,80,20,29.577464788732392,14.788732394366196,14.788732394366196,70.4225352112676,56.33802816901409,14.084507042253522
E00016923,193,71,36,35,122,105,17,36.787564766839374,18.65284974093264,18.134715025906736,63.212435233160626,54.40414507772021,8.808290155440414
E00016924,280,71,26,45,209,178,31,25.357142857142854,9.285714285714286,16.071428571428573,74.64285714285714,63.57142857142857,11.071428571428571
E00016925,277,103,41,62,174,137,37,37.18411552346571,14.801444043321299,22.382671480144403,62.8158844765343,49.458483754512635,13.357400722021662
E00016926,158,44,21,23,114,98,16,27.848101265822784,13.291139240506327,14.556962025316455,72.15189873417721,62.0253164556962,10.126582278481013
E00016927,180,43,16,27,137,117,20,23.88888888888889,8.88888888888889,15,76.11111111111111,65,11.11111111111111
E00016928,198,69,25,44,129,111,18,34.84848484848485,12.626262626262626,22.22222222222222,65.15151515151516,56.060606060606055,9.090909090909092
E00016929,135,56,17,39,79,66,13,41.48148148148148,12.592592592592592,28.888888888888886,58.51851851851851,48.888888888888886,9.62962962962963
E00016930,303,93,27,66,210,191,19,30.693069306930692,8.91089108910891,21.782178217821784,69.3069306930693,63.03630363036304,6.270627062706271
E00016931,130,48,17,31,82,65,17,36.92307692307693,13.076923076923078,23.846153846153847,63.07692307692307,50,13.076923076923078
E00016932,134,48,25,23,86,74,12,35.82089552238806,18.65671641791045,17.16417910447761,64.17910447761194,55.223880597014926,8.955223880597014
E00016933,241,76,22,54,165,137,28,31.535269709543567,9.12863070539419,22.40663900414938,68.46473029045643,56.84647302904564,11.618257261410788
E00016934,187,70,28,42,117,100,17,37.4331550802139,14.973262032085561,22.459893048128343,62.56684491978609,53.475935828877006,9.090909090909092
E00016935,216,61,24,37,155,137,18,28.240740740740737,11.11111111111111,17.12962962962963,71.75925925925925,63.42592592592593,8.333333333333332
E00016936,185,54,22,32,131,113,18,29.18918918918919,11.891891891891893,17.2972972972973,70.8108108108108,61.08108108108108,9.72972972972973
E00016937,196,73,21,52,123,108,15,37.244897959183675,10.714285714285714,26.53061224489796,62.755102040816325,55.10204081632652,7.653061224489796
E00016938,153,42,20,22,111,98,13,27.450980392156865,13.071895424836603,14.37908496732026,72.54901960784314,64.05228758169935,8.49673202614379
E00016939,147,36,16,20,111,92,19,24.489795918367346,10.884353741496598,13.60544217687075,75.51020408163265,62.585034013605444,12.925170068027212
E00016940,135,29,10,19,106,89,17,21.48148148148148,7.4074074074074066,14.074074074074074,78.51851851851852,65.92592592592592,12.592592592592592
E00016941,212,67,19,48,145,124,21,31.60377358490566,8.962264150943396,22.641509433962266,68.39622641509435,58.490566037735846,9.90566037735849
E00016942,164,50,17,33,114,97,17,30.48780487804878,10.365853658536585,20.121951219512198,69.51219512195121,59.14634146341463,10.365853658536585
E00016943,134,28,15,13,106,95,11,20.8955223880597,11.194029850746269,9.701492537313433,79.1044776119403,70.8955223880597,8.208955223880597
E00016944,166,59,17,42,107,91,16,35.54216867469879,10.240963855421686,25.301204819277107,64.45783132530121,54.81927710843374,9.63855421686747
E00016945,180,52,12,40,128,114,14,28.888888888888886,6.666666666666667,22.22222222222222,71.11111111111111,63.33333333333333,7.777777777777778
E00016946,204,68,17,51,136,119,17,33.33333333333333,8.333333333333332,25,66.66666666666666,58.333333333333336,8.333333333333332
E00016947,76,30,5,25,46,42,4,39.473684210526315,6.578947368421052,32.89473684210527,60.526315789473685,55.26315789473685,5.263157894736842
E00016948,135,61,16,45,74,71,3,45.18518518518518,11.851851851851853,33.33333333333333,54.81481481481482,52.59259259259259,2.2222222222222223
E00016949,138,60,14,46,78,66,12,43.47826086956522,10.144927536231885,33.33333333333333,56.52173913043478,47.82608695652174,8.695652173913043
E00016950,143,44,10,34,99,83,16,30.76923076923077,6.993006993006993,23.776223776223777,69.23076923076923,58.04195804195804,11.188811188811188
E00016951,115,54,16,38,61,59,2,46.95652173913044,13.91304347826087,33.04347826086956,53.04347826086957,51.30434782608696,1.7391304347826086
E00016952,111,42,13,29,69,66,3,37.83783783783784,11.711711711711711,26.126126126126124,62.16216216216216,59.45945945945946,2.7027027027027026
E00016953,103,34,12,22,69,61,8,33.00970873786408,11.650485436893204,21.35922330097087,66.99029126213593,59.22330097087378,7.766990291262135
E00016954,116,41,13,28,75,65,10,35.3448275862069,11.206896551724139,24.137931034482758,64.65517241379311,56.03448275862068,8.620689655172415
E00016955,107,46,14,32,61,54,7,42.99065420560748,13.084112149532709,29.906542056074763,57.009345794392516,50.467289719626166,6.5420560747663545
E00016956,112,47,18,29,65,57,8,41.964285714285715,16.071428571428573,25.892857142857146,58.03571428571429,50.89285714285714,7.142857142857142
E00016957,168,51,17,34,117,100,17,30.357142857142854,10.119047619047619,20.238095238095237,69.64285714285714,59.523809523809526,10.119047619047619
E00016958,146,50,19,31,96,88,8,34.24657534246575,13.013698630136986,21.232876712328768,65.75342465753424,60.273972602739725,5.47945205479452
E00016959,127,47,16,31,80,66,14,37.00787401574803,12.598425196850393,24.409448818897637,62.99212598425197,51.96850393700787,11.023622047244094
E00016960,93,31,12,19,62,54,8,33.33333333333333,12.903225806451612,20.43010752688172,66.66666666666666,58.06451612903226,8.60215053763441
E00016961,156,48,16,32,108,92,16,30.76923076923077,10.256410256410255,20.51282051282051,69.23076923076923,58.97435897435898,10.256410256410255
E00016962,181,76,25,51,105,95,10,41.988950276243095,13.812154696132598,28.176795580110497,58.011049723756905,52.48618784530387,5.524861878453039
E00016963,162,55,18,37,107,99,8,33.95061728395062,11.11111111111111,22.839506172839506,66.0493827160494,61.111111111111114,4.938271604938271
E00016964,149,57,17,40,92,82,10,38.25503355704698,11.409395973154362,26.845637583892618,61.74496644295302,55.033557046979865,6.7114093959731544
E00016965,150,65,22,43,85,73,12,43.333333333333336,14.666666666666666,28.666666666666668,56.666666666666664,48.66666666666667,8
E00016966,102,25,5,20,77,69,8,24.509803921568626,4.901960784313726,19.607843137254903,75.49019607843137,67.64705882352942,7.8431372549019605
E00016967,160,69,19,50,91,77,14,43.125,11.875,31.25,56.875,48.125,8.75
E00016968,158,59,18,41,99,82,17,37.34177215189873,11.39240506329114,25.949367088607595,62.65822784810127,51.89873417721519,10.759493670886076
E00016969,186,55,19,36,131,121,10,29.56989247311828,10.21505376344086,19.35483870967742,70.43010752688173,65.05376344086021,5.376344086021505
E00016971,171,48,10,38,123,108,15,28.07017543859649,5.847953216374268,22.22222222222222,71.9298245614035,63.1578947368421,8.771929824561402
E00165789,108,37,14,23,71,62,9,34.25925925925926,12.962962962962962,21.296296296296298,65.74074074074075,57.407407407407405,8.333333333333332
E00165790,122,36,13,23,86,67,19,29.508196721311474,10.655737704918032,18.852459016393443,70.49180327868852,54.91803278688525,15.573770491803279
E00173700,93,22,8,14,71,59,12,23.655913978494624,8.60215053763441,15.053763440860216,76.34408602150538,63.44086021505376,12.903225806451612
E00173702,102,30,12,18,72,59,13,29.411764705882355,11.76470588235294,17.647058823529413,70.58823529411765,57.84313725490197,12.745098039215685
E00173705,74,20,8,12,54,50,4,27.027027027027028,10.81081081081081,16.216216216216218,72.97297297297297,67.56756756756756,5.405405405405405
E00173708,115,24,15,9,91,74,17,20.869565217391305,13.043478260869565,7.82608695652174,79.13043478260869,64.34782608695652,14.782608695652174
E00173710,188,48,11,37,140,121,19,25.53191489361702,5.851063829787234,19.680851063829788,74.46808510638297,64.36170212765957,10.106382978723403
E00173936,111,33,11,22,78,64,14,29.72972972972973,9.90990990990991,19.81981981981982,70.27027027027027,57.65765765765766,12.612612612612612
E00173937,136,24,11,13,112,93,19,17.647058823529413,8.088235294117647,9.558823529411764,82.35294117647058,68.38235294117648,13.970588235294118
E00173938,228,46,21,25,182,141,41,20.175438596491226,9.210526315789473,10.964912280701753,79.82456140350878,61.8421052631579,17.982456140350877
E00173940,231,58,14,44,173,157,16,25.108225108225106,6.0606060606060606,19.047619047619047,74.89177489177489,67.96536796536796,6.926406926406926
E00173941,139,60,35,25,79,69,10,43.16546762589928,25.179856115107913,17.985611510791365,56.83453237410072,49.64028776978417,7.1942446043165464
E00173942,98,43,11,32,55,44,11,43.87755102040816,11.224489795918368,32.6530612244898,56.12244897959183,44.89795918367347,11.224489795918368
E00173943,191,61,20,41,130,111,19,31.93717277486911,10.471204188481675,21.465968586387437,68.06282722513089,58.1151832460733,9.947643979057592
E00173944,156,42,15,27,114,99,15,26.923076923076923,9.615384615384617,17.307692307692307,73.07692307692307,63.46153846153846,9.615384615384617
E00173945,201,44,20,24,157,123,34,21.890547263681594,9.950248756218906,11.940298507462686,78.1094527363184,61.19402985074627,16.91542288557214
E00173947,96,32,8,24,64,57,7,33.33333333333333,8.333333333333332,25,66.66666666666666,59.375,7.291666666666667
E00173948,106,21,11,10,85,77,8,19.81132075471698,10.377358490566039,9.433962264150944,80.18867924528303,72.64150943396226,7.547169811320755
E00173949,247,65,28,37,182,158,24,26.31578947368421,11.336032388663968,14.979757085020243,73.68421052631578,63.96761133603239,9.7165991902834
E00173950,167,51,25,26,116,105,11,30.538922155688624,14.97005988023952,15.568862275449103,69.46107784431138,62.874251497005986,6.58682634730539
E00173951,139,39,15,24,100,89,11,28.05755395683453,10.79136690647482,17.26618705035971,71.94244604316546,64.02877697841727,7.913669064748201
E00173952,115,35,16,19,80,72,8,30.434782608695656,13.91304347826087,16.52173913043478,69.56521739130434,62.60869565217392,6.956521739130435
E00174008,194,39,20,19,155,138,17,20.103092783505154,10.309278350515463,9.793814432989691,79.89690721649485,71.1340206185567,8.762886597938143
E00174010,156,22,10,12,134,121,13,14.102564102564102,6.41025641025641,7.6923076923076925,85.8974358974359,77.56410256410257,8.333333333333332
E00174011,80,20,8,12,60,49,11,25,10,15,75,61.25000000000001,13.750000000000002
E00174013,163,47,17,30,116,101,15,28.834355828220858,10.429447852760736,18.404907975460123,71.16564417177914,61.963190184049076,9.202453987730062
E00174015,197,36,13,23,161,124,37,18.274111675126903,6.598984771573605,11.6751269035533,81.7258883248731,62.944162436548226,18.781725888324875
E00174016,135,40,14,26,95,75,20,29.629629629629626,10.37037037037037,19.25925925925926,70.37037037037037,55.55555555555556,14.814814814814813
E00174019,163,47,15,32,116,102,14,28.834355828220858,9.202453987730062,19.631901840490798,71.16564417177914,62.57668711656442,8.588957055214724
E00174022,114,30,15,15,84,66,18,26.31578947368421,13.157894736842104,13.157894736842104,73.68421052631578,57.89473684210527,15.789473684210526
E00174024,306,88,36,52,218,185,33,28.75816993464052,11.76470588235294,16.99346405228758,71.24183006535948,60.45751633986928,10.784313725490197
E00174025,176,24,8,16,152,133,19,13.636363636363635,4.545454545454546,9.090909090909092,86.36363636363636,75.56818181818183,10.795454545454545
E00174027,135,14,3,11,121,99,22,10.37037037037037,2.2222222222222223,8.148148148148149,89.62962962962962,73.33333333333333,16.296296296296298
E00174029,166,39,15,24,127,104,23,23.49397590361446,9.036144578313253,14.457831325301203,76.50602409638554,62.65060240963856,13.855421686746988
E00174030,127,35,18,17,92,80,12,27.559055118110237,14.173228346456693,13.385826771653544,72.44094488188976,62.99212598425197,9.448818897637794
E00174035,124,22,6,16,102,78,24,17.741935483870968,4.838709677419355,12.903225806451612,82.25806451612904,62.903225806451616,19.35483870967742
E00174036,137,33,16,17,104,94,10,24.087591240875913,11.678832116788321,12.408759124087592,75.91240875912408,68.61313868613139,7.2992700729927
E00174038,211,42,16,26,169,143,26,19.90521327014218,7.5829383886255926,12.322274881516588,80.09478672985783,67.77251184834124,12.322274881516588
E00182529,153,33,10,23,120,94,26,21.568627450980394,6.535947712418301,15.032679738562091,78.43137254901961,61.43790849673203,16.99346405228758
E00182530,123,53,25,28,70,63,7,43.08943089430895,20.32520325203252,22.76422764227642,56.91056910569105,51.21951219512195,5.691056910569105
E00182531,121,32,14,18,89,80,9,26.446280991735538,11.570247933884298,14.87603305785124,73.55371900826447,66.11570247933885,7.43801652892562
E00182532,106,24,11,13,82,64,18,22.641509433962266,10.377358490566039,12.264150943396226,77.35849056603774,60.37735849056604,16.9811320754717
E00182533,68,20,8,12,48,40,8,29.411764705882355,11.76470588235294,17.647058823529413,70.58823529411765,58.82352941176471,11.76470588235294
E00182534,263,44,23,21,219,186,33,16.730038022813687,8.745247148288973,7.984790874524715,83.26996197718631,70.72243346007605,12.547528517110266
E00182535,192,43,15,28,149,117,32,22.395833333333336,7.8125,14.583333333333334,77.60416666666666,60.9375,16.666666666666664
E00182536,201,63,19,44,138,122,16,31.343283582089555,9.45273631840796,21.890547263681594,68.65671641791045,60.69651741293532,7.960199004975125
E00182537,208,75,35,40,133,105,28,36.05769230769231,16.826923076923077,19.230769230769234,63.942307692307686,50.480769230769226,13.461538461538462
E00182538,219,67,25,42,152,136,16,30.59360730593607,11.415525114155251,19.17808219178082,69.40639269406392,62.10045662100456,7.30593607305936
E00182539,331,77,32,45,254,210,44,23.26283987915408,9.667673716012084,13.595166163141995,76.73716012084593,63.44410876132931,13.293051359516618
E00182540,360,78,27,51,282,229,53,21.666666666666668,7.5,14.166666666666666,78.33333333333333,63.61111111111111,14.722222222222223
E00182541,209,61,32,29,148,130,18,29.1866028708134,15.311004784688995,13.875598086124402,70.81339712918661,62.20095693779905,8.61244019138756
E00182542,240,43,21,22,197,154,43,17.916666666666668,8.75,9.166666666666666,82.08333333333333,64.16666666666667,17.916666666666668
E00182544,147,62,26,36,85,72,13,42.17687074829932,17.687074829931973,24.489795918367346,57.82312925170068,48.97959183673469,8.843537414965986
E00182546,115,34,11,23,81,70,11,29.565217391304348,9.565217391304348,20,70.43478260869566,60.86956521739131,9.565217391304348
E00182548,131,19,9,10,112,89,23,14.50381679389313,6.870229007633588,7.633587786259542,85.49618320610686,67.93893129770993,17.557251908396946
E00182550,161,44,11,33,117,100,17,27.32919254658385,6.832298136645963,20.496894409937887,72.67080745341616,62.11180124223602,10.559006211180124
E00182551,210,38,14,24,172,150,22,18.095238095238095,6.666666666666667,11.428571428571429,81.9047619047619,71.42857142857143,10.476190476190476
E00182552,166,15,6,9,151,121,30,9.036144578313253,3.614457831325301,5.421686746987952,90.96385542168674,72.89156626506023,18.072289156626507
E00182553,137,46,13,33,91,82,9,33.57664233576642,9.48905109489051,24.087591240875913,66.42335766423358,59.854014598540154,6.569343065693431
E00182555,292,115,44,71,177,160,17,39.38356164383562,15.068493150684931,24.315068493150687,60.61643835616438,54.794520547945204,5.821917808219178
E00182556,127,21,8,13,106,89,17,16.535433070866144,6.299212598425196,10.236220472440944,83.46456692913385,70.07874015748031,13.385826771653544
E00182557,203,42,20,22,161,124,37,20.689655172413794,9.852216748768473,10.83743842364532,79.3103448275862,61.083743842364534,18.226600985221676
E00182558,148,20,9,11,128,101,27,13.513513513513514,6.081081081081082,7.4324324324324325,86.48648648648648,68.24324324324324,18.243243243243242
E00182559,180,42,13,29,138,110,28,23.333333333333332,7.222222222222221,16.11111111111111,76.66666666666667,61.111111111111114,15.555555555555555
E00182560,282,28,13,15,254,212,42,9.929078014184398,4.609929078014184,5.319148936170213,90.0709219858156,75.177304964539,14.893617021276595
E00182561,134,23,4,19,111,90,21,17.16417910447761,2.9850746268656714,14.17910447761194,82.83582089552239,67.16417910447761,15.671641791044777
E00182563,230,22,9,13,208,164,44,9.565217391304348,3.91304347826087,5.6521739130434785,90.43478260869566,71.30434782608695,19.130434782608695
E00182565,93,25,9,16,68,56,12,26.881720430107524,9.67741935483871,17.20430107526882,73.11827956989248,60.215053763440864,12.903225806451612
E00182566,212,45,20,25,167,131,36,21.22641509433962,9.433962264150944,11.79245283018868,78.77358490566037,61.79245283018868,16.9811320754717
E00182567,200,29,14,15,171,143,28,14.499999999999998,7.000000000000001,7.5,85.5,71.5,14.000000000000002
E00182570,148,47,16,31,101,94,7,31.756756756756754,10.81081081081081,20.945945945945947,68.24324324324324,63.51351351351351,4.72972972972973
E00182573,123,36,18,18,87,72,15,29.268292682926827,14.634146341463413,14.634146341463413,70.73170731707317,58.536585365853654,12.195121951219512
E00182574,132,34,9,25,98,86,12,25.757575757575758,6.8181818181818175,18.939393939393938,74.24242424242425,65.15151515151516,9.090909090909092
E00182575,153,36,11,25,117,98,19,23.52941176470588,7.18954248366013,16.33986928104575,76.47058823529412,64.05228758169935,12.418300653594772
E00182576,156,45,12,33,111,99,12,28.846153846153843,7.6923076923076925,21.153846153846153,71.15384615384616,63.46153846153846,7.6923076923076925
E00182577,122,45,13,32,77,69,8,36.885245901639344,10.655737704918032,26.229508196721312,63.114754098360656,56.557377049180324,6.557377049180328
E00182579,231,66,16,50,165,156,9,28.57142857142857,6.926406926406926,21.645021645021643,71.42857142857143,67.53246753246754,3.896103896103896
E00182580,135,9,4,5,126,110,16,6.666666666666667,2.9629629629629632,3.7037037037037033,93.33333333333333,81.48148148148148,11.851851851851853
E00182581,174,36,12,24,138,117,21,20.689655172413794,6.896551724137931,13.793103448275861,79.3103448275862,67.24137931034483,12.068965517241379
E00182582,76,18,9,9,58,52,6,23.684210526315788,11.842105263157894,11.842105263157894,76.31578947368422,68.42105263157895,7.894736842105263
E00182583,253,23,11,12,230,197,33,9.090909090909092,4.3478260869565215,4.743083003952568,90.9090909090909,77.86561264822134,13.043478260869565
E00182584,92,39,23,16,53,43,10,42.391304347826086,25,17.391304347826086,57.608695652173914,46.73913043478261,10.869565217391305
E00182585,71,34,11,23,37,29,8,47.88732394366197,15.492957746478872,32.3943661971831,52.112676056338024,40.845070422535215,11.267605633802818
E00182586,52,14,6,8,38,34,4,26.923076923076923,11.538461538461538,15.384615384615385,73.07692307692307,65.38461538461539,7.6923076923076925
E00182587,311,56,40,16,255,197,58,18.006430868167204,12.861736334405144,5.144694533762058,81.9935691318328,63.344051446945336,18.64951768488746
E00182588,121,35,15,20,86,66,20,28.92561983471074,12.396694214876034,16.528925619834713,71.07438016528926,54.54545454545454,16.528925619834713
E00182589,150,55,17,38,95,89,6,36.666666666666664,11.333333333333332,25.333333333333336,63.33333333333333,59.333333333333336,4
E00182590,225,28,10,18,197,172,25,12.444444444444445,4.444444444444445,8,87.55555555555556,76.44444444444444,11.11111111111111
E00182591,183,15,2,13,168,124,44,8.19672131147541,1.092896174863388,7.103825136612022,91.80327868852459,67.75956284153006,24.043715846994534
E00182593,223,33,8,25,190,158,32,14.798206278026907,3.587443946188341,11.210762331838566,85.20179372197309,70.85201793721974,14.349775784753364
E00182594,171,42,20,22,129,106,23,24.561403508771928,11.695906432748536,12.865497076023392,75.43859649122807,61.98830409356725,13.450292397660817
E00182595,134,11,3,8,123,93,30,8.208955223880597,2.2388059701492535,5.970149253731343,91.7910447761194,69.40298507462687,22.388059701492537
E00182598,112,39,15,24,73,66,7,34.82142857142857,13.392857142857142,21.428571428571427,65.17857142857143,58.92857142857143,6.25
E00182599,171,58,27,31,113,100,13,33.91812865497076,15.789473684210526,18.128654970760234,66.08187134502924,58.47953216374269,7.602339181286549
E00182603,136,50,16,34,86,81,5,36.76470588235294,11.76470588235294,25,63.23529411764706,59.55882352941176,3.6764705882352944
E00182604,266,34,10,24,232,201,31,12.781954887218044,3.7593984962406015,9.022556390977442,87.21804511278195,75.56390977443608,11.654135338345863
E00182605,117,24,11,13,93,79,14,20.51282051282051,9.401709401709402,11.11111111111111,79.48717948717949,67.52136752136752,11.965811965811966
E00182607,118,40,11,29,78,68,10,33.89830508474576,9.322033898305085,24.576271186440678,66.10169491525424,57.6271186440678,8.47457627118644
E00182608,104,35,12,23,69,54,15,33.65384615384615,11.538461538461538,22.115384615384613,66.34615384615384,51.92307692307693,14.423076923076922
E00182609,184,60,25,35,124,102,22,32.608695652173914,13.586956521739129,19.021739130434785,67.3913043478261,55.434782608695656,11.956521739130435
E00182610,340,41,14,27,299,255,44,12.058823529411764,4.117647058823529,7.941176470588235,87.94117647058823,75,12.941176470588237
E00182611,167,14,3,11,153,118,35,8.383233532934131,1.7964071856287425,6.58682634730539,91.61676646706587,70.65868263473054,20.958083832335326
E00182612,91,35,11,24,56,49,7,38.46153846153847,12.087912087912088,26.373626373626376,61.53846153846154,53.84615384615385,7.6923076923076925
E00182613,113,9,9,0,104,89,15,7.964601769911504,7.964601769911504,0,92.03539823008849,78.76106194690266,13.274336283185843
E00182614,168,45,21,24,123,103,20,26.785714285714285,12.5,14.285714285714285,73.21428571428571,61.30952380952381,11.904761904761903
E00182615,137,54,14,40,83,77,6,39.416058394160586,10.218978102189782,29.1970802919708,60.58394160583942,56.20437956204379,4.37956204379562
E00182616,72,31,10,21,41,34,7,43.05555555555556,13.88888888888889,29.166666666666668,56.94444444444444,47.22222222222222,9.722222222222223
E00182617,177,29,14,15,148,116,32,16.38418079096045,7.909604519774012,8.47457627118644,83.61581920903954,65.5367231638418,18.07909604519774
E00182619,259,28,10,18,231,189,42,10.81081081081081,3.861003861003861,6.94980694980695,89.1891891891892,72.97297297297297,16.216216216216218
E00182622,196,66,20,46,130,114,16,33.6734693877551,10.204081632653061,23.46938775510204,66.3265306122449,58.16326530612245,8.16326530612245
E00182623,173,17,8,9,156,121,35,9.826589595375722,4.624277456647398,5.202312138728324,90.17341040462428,69.94219653179191,20.23121387283237
E00182624,331,35,15,20,296,237,59,10.574018126888216,4.531722054380665,6.042296072507553,89.42598187311178,71.6012084592145,17.82477341389728
E00182625,233,11,1,10,222,180,42,4.721030042918455,0.4291845493562232,4.291845493562231,95.27896995708154,77.25321888412017,18.025751072961373
E00182626,94,29,5,24,65,56,9,30.851063829787233,5.319148936170213,25.53191489361702,69.14893617021278,59.57446808510638,9.574468085106384
E00182627,332,46,15,31,286,238,48,13.855421686746988,4.518072289156627,9.33734939759036,86.14457831325302,71.6867469879518,14.457831325301203
E00182629,201,22,12,10,179,129,50,10.945273631840797,5.970149253731343,4.975124378109453,89.05472636815921,64.17910447761194,24.875621890547265
E00182630,176,33,6,27,143,127,16,18.75,3.4090909090909087,15.340909090909092,81.25,72.1590909090909,9.090909090909092
E00182632,170,57,23,34,113,97,16,33.52941176470588,13.529411764705882,20,66.47058823529412,57.05882352941176,9.411764705882353
E00182633,282,23,12,11,259,185,74,8.156028368794328,4.25531914893617,3.900709219858156,91.84397163120568,65.60283687943263,26.24113475177305
E00182634,132,24,8,16,108,87,21,18.181818181818183,6.0606060606060606,12.121212121212121,81.81818181818183,65.9090909090909,15.909090909090908
E00182635,257,23,11,12,234,192,42,8.949416342412452,4.280155642023346,4.669260700389105,91.05058365758755,74.70817120622569,16.342412451361866
E00182638,89,17,7,10,72,63,9,19.101123595505616,7.865168539325842,11.235955056179774,80.89887640449437,70.78651685393258,10.112359550561797
E00182640,262,38,13,25,224,192,32,14.50381679389313,4.961832061068702,9.541984732824428,85.49618320610686,73.2824427480916,12.213740458015266
E00182641,279,34,18,16,245,212,33,12.186379928315413,6.451612903225806,5.734767025089606,87.81362007168458,75.98566308243727,11.827956989247312
E00182643,211,62,16,46,149,131,18,29.383886255924168,7.5829383886255926,21.80094786729858,70.61611374407583,62.08530805687204,8.530805687203792
E00182644,136,17,6,11,119,102,17,12.5,4.411764705882353,8.088235294117647,87.5,75,12.5
E00182645,146,23,8,15,123,97,26,15.753424657534246,5.47945205479452,10.273972602739725,84.24657534246576,66.43835616438356,17.80821917808219
E00182646,139,40,14,26,99,86,13,28.776978417266186,10.071942446043165,18.705035971223023,71.22302158273382,61.87050359712231,9.352517985611511
