OA,ts0590001,ts0590002,ts0590003,ts0590004,ts0590005,ts0590006,ts0590007,ts0590002_PCT,ts0590003_PCT,ts0590004_PCT,ts0590005_PCT,ts0590006_PCT,ts0590007_PCT
E00136668,138,51,18,33,87,67,20,36.95652173913043,13.043478260869565,23.91304347826087,63.04347826086957,48.55072463768116,14.492753623188406
E00136669,74,29,14,15,45,38,7,39.189189189189186,18.91891891891892,20.27027027027027,60.810810810810814,51.35135135135135,9.45945945945946
E00136670,107,44,12,32,63,50,13,41.1214953271028,11.214953271028037,29.906542056074763,58.87850467289719,46.728971962616825,12.149532710280374
E00136671,118,36,19,17,82,74,8,30.508474576271187,16.101694915254235,14.40677966101695,69.49152542372882,62.71186440677966,6.779661016949152
E00136672,152,49,18,31,103,70,33,32.23684210526316,11.842105263157894,20.394736842105264,67.76315789473685,46.05263157894737,21.710526315789476
E00136673,128,34,11,23,94,82,12,26.5625,8.59375,17.96875,73.4375,64.0625,9.375
E00136674,53,15,4,11,38,29,9,28.30188679245283,7.547169811320755,20.754716981132077,71.69811320754717,54.71698113207547,16.9811320754717
E00136675,127,31,8,23,96,83,13,24.409448818897637,6.299212598425196,18.11023622047244,75.59055118110236,65.35433070866141,10.236220472440944
E00136676,140,31,11,20,109,84,25,22.142857142857142,7.857142857142857,14.285714285714285,77.85714285714286,60,17.857142857142858
E00136677,91,32,12,20,59,49,10,35.16483516483517,13.186813186813188,21.978021978021978,64.83516483516483,53.84615384615385,10.989010989010989
E00136678,98,31,13,18,67,56,11,31.63265306122449,13.26530612244898,18.367346938775512,68.36734693877551,57.14285714285714,11.224489795918368
E00136679,123,46,17,29,77,60,17,37.39837398373984,13.821138211382115,23.577235772357724,62.601626016260155,48.78048780487805,13.821138211382115
E00136680,92,31,14,17,61,46,15,33.69565217391305,15.217391304347828,18.478260869565215,66.30434782608695,50,16.304347826086957
E00136681,144,38,13,25,106,81,25,26.38888888888889,9.027777777777777,17.36111111111111,73.61111111111111,56.25,17.36111111111111
E00136682,121,47,16,31,74,52,22,38.84297520661157,13.223140495867769,25.6198347107438,61.15702479338842,42.97520661157025,18.181818181818183
E00136683,119,36,18,18,83,71,12,30.252100840336134,15.126050420168067,15.126050420168067,69.74789915966386,59.66386554621849,10.084033613445378
E00136684,148,54,20,34,94,71,23,36.486486486486484,13.513513513513514,22.972972972972975,63.51351351351351,47.97297297297297,15.54054054054054
E00136685,53,16,9,7,37,31,6,30.18867924528302,16.9811320754717,13.20754716981132,69.81132075471697,58.490566037735846,11.320754716981133
E00136686,87,31,11,20,56,48,8,35.63218390804598,12.643678160919542,22.988505747126435,64.36781609195403,55.172413793103445,9.195402298850574
E00136687,146,57,26,31,89,59,30,39.04109589041096,17.80821917808219,21.232876712328768,60.95890410958904,40.41095890410959,20.54794520547945
E00136688,106,33,17,16,73,59,14,31.132075471698112,16.037735849056602,15.09433962264151,68.86792452830188,55.660377358490564,13.20754716981132
E00136689,136,47,17,30,89,63,26,34.55882352941176,12.5,22.058823529411764,65.44117647058823,46.32352941176471,19.11764705882353
E00136690,154,55,28,27,99,70,29,35.714285714285715,18.181818181818183,17.532467532467532,64.28571428571429,45.45454545454545,18.83116883116883
E00136691,117,42,19,23,75,52,23,35.8974358974359,16.23931623931624,19.65811965811966,64.1025641025641,44.44444444444444,19.65811965811966
E00136692,137,53,19,34,84,65,19,38.68613138686132,13.86861313868613,24.817518248175183,61.31386861313869,47.44525547445255,13.86861313868613
E00136693,114,32,15,17,82,62,20,28.07017543859649,13.157894736842104,14.912280701754385,71.9298245614035,54.385964912280706,17.543859649122805
E00136694,113,39,17,22,74,54,20,34.51327433628318,15.04424778761062,19.469026548672566,65.48672566371681,47.78761061946903,17.699115044247787
E00136695,184,69,24,45,115,89,26,37.5,13.043478260869565,24.456521739130434,62.5,48.369565217391305,14.130434782608695
E00136696,257,94,40,54,163,123,40,36.57587548638132,15.56420233463035,21.011673151750973,63.42412451361867,47.85992217898833,15.56420233463035
E00136697,238,82,26,56,156,122,34,34.45378151260504,10.92436974789916,23.52941176470588,65.54621848739495,51.26050420168067,14.285714285714285
E00136698,114,37,13,24,77,55,22,32.45614035087719,11.403508771929824,21.052631578947366,67.54385964912281,48.24561403508772,19.298245614035086
E00136699,141,38,17,21,103,88,15,26.95035460992908,12.056737588652481,14.893617021276595,73.04964539007092,62.4113475177305,10.638297872340425
E00136700,132,48,14,34,84,70,14,36.36363636363637,10.606060606060606,25.757575757575758,63.63636363636363,53.03030303030303,10.606060606060606
E00136701,60,31,12,19,29,24,5,51.66666666666667,20,31.666666666666664,48.333333333333336,40,8.333333333333332
E00136702,159,40,14,26,119,99,20,25.157232704402517,8.80503144654088,16.352201257861633,74.84276729559748,62.264150943396224,12.578616352201259
E00136703,126,39,18,21,87,64,23,30.952380952380953,14.285714285714285,16.666666666666664,69.04761904761905,50.79365079365079,18.253968253968253
E00136704,63,30,8,22,33,24,9,47.61904761904761,12.698412698412698,34.92063492063492,52.38095238095239,38.095238095238095,14.285714285714285
E00136705,166,53,19,34,113,83,30,31.92771084337349,11.44578313253012,20.481927710843372,68.07228915662651,50,18.072289156626507
E00136706,203,72,29,43,131,94,37,35.467980295566505,14.285714285714285,21.182266009852217,64.5320197044335,46.30541871921182,18.226600985221676
E00136707,122,47,13,34,75,57,18,38.52459016393443,10.655737704918032,27.86885245901639,61.47540983606557,46.72131147540984,14.754098360655737
E00136708,127,35,8,27,92,75,17,27.559055118110237,6.299212598425196,21.25984251968504,72.44094488188976,59.055118110236215,13.385826771653544
E00136709,237,90,34,56,147,111,36,37.9746835443038,14.345991561181433,23.628691983122362,62.0253164556962,46.835443037974684,15.18987341772152
E00136710,111,43,14,29,68,55,13,38.73873873873874,12.612612612612612,26.126126126126124,61.261261261261254,49.549549549549546,11.711711711711711
E00136711,171,59,26,33,112,88,24,34.50292397660819,15.204678362573098,19.298245614035086,65.49707602339181,51.461988304093566,14.035087719298245
E00136712,136,40,9,31,96,75,21,29.411764705882355,6.61764705882353,22.794117647058822,70.58823529411765,55.14705882352941,15.441176470588236
E00136713,245,85,26,59,160,112,48,34.69387755102041,10.612244897959183,24.081632653061224,65.3061224489796,45.714285714285715,19.591836734693878
E00136714,123,40,11,29,83,63,20,32.52032520325203,8.94308943089431,23.577235772357724,67.47967479674797,51.21951219512195,16.260162601626014
E00136715,70,26,11,15,44,35,9,37.142857142857146,15.714285714285714,21.428571428571427,62.857142857142854,50,12.857142857142856
E00136716,146,46,12,34,100,84,16,31.506849315068493,8.21917808219178,23.28767123287671,68.4931506849315,57.534246575342465,10.95890410958904
E00136717,141,50,21,29,91,74,17,35.46099290780142,14.893617021276595,20.56737588652482,64.53900709219859,52.4822695035461,12.056737588652481
E00136718,127,49,21,28,78,56,22,38.582677165354326,16.535433070866144,22.04724409448819,61.417322834645674,44.09448818897638,17.322834645669293
E00136719,214,73,17,56,141,106,35,34.112149532710276,7.943925233644859,26.168224299065418,65.88785046728972,49.532710280373834,16.355140186915886
E00136720,118,42,14,28,76,60,16,35.59322033898305,11.864406779661017,23.728813559322035,64.40677966101694,50.847457627118644,13.559322033898304
E00136721,147,55,24,31,92,83,9,37.41496598639456,16.3265306122449,21.08843537414966,62.585034013605444,56.4625850340136,6.122448979591836
E00136723,118,46,13,33,72,59,13,38.983050847457626,11.016949152542372,27.966101694915253,61.016949152542374,50,11.016949152542372
E00136724,138,38,20,18,100,77,23,27.536231884057973,14.492753623188406,13.043478260869565,72.46376811594203,55.79710144927537,16.666666666666664
E00136725,135,45,16,29,90,71,19,33.33333333333333,11.851851851851853,21.48148148148148,66.66666666666666,52.59259259259259,14.074074074074074
E00136727,119,43,17,26,76,59,17,36.134453781512605,14.285714285714285,21.84873949579832,63.86554621848739,49.57983193277311,14.285714285714285
E00136728,120,39,14,25,81,63,18,32.5,11.666666666666666,20.833333333333336,67.5,52.5,15
E00136729,127,22,13,9,105,78,27,17.322834645669293,10.236220472440944,7.086614173228346,82.67716535433071,61.417322834645674,21.25984251968504
E00136731,214,64,23,41,150,110,40,29.906542056074763,10.74766355140187,19.158878504672895,70.09345794392523,51.4018691588785,18.69158878504673
E00136732,141,53,16,37,88,63,25,37.5886524822695,11.347517730496454,26.24113475177305,62.4113475177305,44.680851063829785,17.73049645390071
E00136733,135,38,10,28,97,82,15,28.14814814814815,7.4074074074074066,20.74074074074074,71.85185185185186,60.74074074074074,11.11111111111111
E00136734,104,46,18,28,58,48,10,44.230769230769226,17.307692307692307,26.923076923076923,55.769230769230774,46.15384615384615,9.615384615384617
E00136735,221,68,19,49,153,127,26,30.76923076923077,8.597285067873303,22.171945701357465,69.23076923076923,57.466063348416284,11.76470588235294
E00136736,132,46,12,34,86,68,18,34.84848484848485,9.090909090909092,25.757575757575758,65.15151515151516,51.515151515151516,13.636363636363635
E00136737,153,48,17,31,105,93,12,31.372549019607842,11.11111111111111,20.26143790849673,68.62745098039215,60.78431372549019,7.8431372549019605
E00136739,117,32,5,27,85,75,10,27.350427350427353,4.273504273504273,23.076923076923077,72.64957264957265,64.1025641025641,8.547008547008547
E00136740,286,81,32,49,205,155,50,28.321678321678323,11.188811188811188,17.132867132867133,71.67832167832168,54.1958041958042,17.482517482517483
E00136741,138,53,16,37,85,75,10,38.405797101449274,11.594202898550725,26.811594202898554,61.59420289855072,54.347826086956516,7.246376811594203
E00136742,207,76,37,39,131,106,25,36.71497584541063,17.874396135265698,18.84057971014493,63.28502415458937,51.20772946859904,12.077294685990339
E00136743,221,70,24,46,151,121,30,31.674208144796378,10.85972850678733,20.81447963800905,68.32579185520362,54.75113122171946,13.574660633484163
E00136744,130,45,12,33,85,71,14,34.61538461538461,9.230769230769232,25.384615384615383,65.38461538461539,54.61538461538461,10.76923076923077
E00136745,150,51,16,35,99,83,16,34,10.666666666666668,23.333333333333332,66,55.333333333333336,10.666666666666668
E00136746,150,50,23,27,100,71,29,33.33333333333333,15.333333333333332,18,66.66666666666666,47.333333333333336,19.333333333333332
E00136747,138,36,9,27,102,82,20,26.08695652173913,6.521739130434782,19.565217391304348,73.91304347826086,59.42028985507246,14.492753623188406
E00136748,177,67,24,43,110,86,24,37.85310734463277,13.559322033898304,24.293785310734464,62.14689265536724,48.58757062146893,13.559322033898304
E00136749,125,37,9,28,88,68,20,29.599999999999998,7.199999999999999,22.400000000000002,70.39999999999999,54.400000000000006,16
E00136750,186,67,21,46,119,95,24,36.02150537634409,11.29032258064516,24.731182795698924,63.97849462365591,51.075268817204304,12.903225806451612
E00136751,175,57,20,37,118,86,32,32.57142857142858,11.428571428571429,21.142857142857142,67.42857142857143,49.142857142857146,18.285714285714285
E00136752,137,50,19,31,87,70,17,36.496350364963504,13.86861313868613,22.62773722627737,63.503649635036496,51.09489051094891,12.408759124087592
E00136753,134,47,21,26,87,66,21,35.07462686567165,15.671641791044777,19.402985074626866,64.92537313432835,49.25373134328358,15.671641791044777
E00136754,149,40,14,26,109,94,15,26.845637583892618,9.395973154362416,17.449664429530202,73.15436241610739,63.08724832214765,10.06711409395973
E00136757,124,33,15,18,91,74,17,26.61290322580645,12.096774193548388,14.516129032258066,73.38709677419355,59.67741935483871,13.709677419354838
E00136758,146,49,15,34,97,77,20,33.56164383561644,10.273972602739725,23.28767123287671,66.43835616438356,52.73972602739726,13.698630136986301
E00136760,84,31,16,15,53,43,10,36.904761904761905,19.047619047619047,17.857142857142858,63.095238095238095,51.19047619047619,11.904761904761903
E00136761,126,42,19,23,84,72,12,33.33333333333333,15.079365079365079,18.253968253968253,66.66666666666666,57.14285714285714,9.523809523809524
E00136762,122,31,13,18,91,73,18,25.40983606557377,10.655737704918032,14.754098360655737,74.59016393442623,59.83606557377049,14.754098360655737
E00136763,84,28,12,16,56,41,15,33.33333333333333,14.285714285714285,19.047619047619047,66.66666666666666,48.80952380952381,17.857142857142858
E00136764,82,27,12,15,55,48,7,32.926829268292686,14.634146341463413,18.29268292682927,67.07317073170732,58.536585365853654,8.536585365853659
E00136765,275,81,28,53,194,167,27,29.454545454545457,10.181818181818182,19.272727272727273,70.54545454545455,60.72727272727273,9.818181818181818
E00136766,130,43,15,28,87,76,11,33.07692307692307,11.538461538461538,21.53846153846154,66.92307692307692,58.46153846153847,8.461538461538462
E00136767,131,52,18,34,79,64,15,39.69465648854962,13.740458015267176,25.954198473282442,60.30534351145038,48.854961832061065,11.450381679389313
E00136768,72,25,10,15,47,43,4,34.72222222222222,13.88888888888889,20.833333333333336,65.27777777777779,59.72222222222222,5.555555555555555
E00136769,66,20,8,12,46,40,6,30.303030303030305,12.121212121212121,18.181818181818183,69.6969696969697,60.60606060606061,9.090909090909092
E00136770,108,26,16,10,82,63,19,24.074074074074073,14.814814814814813,9.25925925925926,75.92592592592592,58.333333333333336,17.59259259259259
E00136771,183,52,15,37,131,109,22,28.415300546448087,8.19672131147541,20.21857923497268,71.58469945355192,59.56284153005464,12.021857923497267
E00136772,100,42,21,21,58,47,11,42,21,21,57.99999999999999,47,11
E00136773,89,24,7,17,65,56,9,26.96629213483146,7.865168539325842,19.101123595505616,73.03370786516854,62.92134831460674,10.112359550561797
E00136774,151,56,15,41,95,83,12,37.086092715231786,9.933774834437086,27.1523178807947,62.913907284768214,54.966887417218544,7.9470198675496695
E00136775,146,42,13,29,104,80,24,28.767123287671232,8.904109589041095,19.863013698630137,71.23287671232876,54.794520547945204,16.43835616438356
E00136776,166,52,24,28,114,92,22,31.32530120481928,14.457831325301203,16.867469879518072,68.67469879518072,55.42168674698795,13.253012048192772
E00136777,141,50,18,32,91,66,25,35.46099290780142,12.76595744680851,22.69503546099291,64.53900709219859,46.808510638297875,17.73049645390071
E00136778,151,42,12,30,109,88,21,27.81456953642384,7.9470198675496695,19.867549668874172,72.18543046357617,58.27814569536424,13.90728476821192
E00136779,133,53,15,38,80,68,12,39.849624060150376,11.278195488721805,28.57142857142857,60.150375939849624,51.127819548872175,9.022556390977442
E00136780,60,19,7,12,41,31,10,31.666666666666664,11.666666666666666,20,68.33333333333333,51.66666666666667,16.666666666666664
E00136781,154,58,21,37,96,83,13,37.66233766233766,13.636363636363635,24.025974025974026,62.33766233766234,53.896103896103895,8.441558441558442
E00136782,113,42,20,22,71,59,12,37.16814159292036,17.699115044247787,19.469026548672566,62.83185840707964,52.21238938053098,10.619469026548673
E00136783,104,29,7,22,75,61,14,27.884615384615387,6.730769230769231,21.153846153846153,72.11538461538461,58.65384615384615,13.461538461538462
E00136784,266,81,34,47,185,156,29,30.451127819548873,12.781954887218044,17.669172932330827,69.54887218045113,58.64661654135338,10.902255639097744
E00136785,86,34,14,20,52,45,7,39.53488372093023,16.27906976744186,23.25581395348837,60.46511627906976,52.32558139534884,8.13953488372093
E00136786,110,40,15,25,70,59,11,36.36363636363637,13.636363636363635,22.727272727272727,63.63636363636363,53.63636363636364,10
E00136787,151,55,16,39,96,78,18,36.423841059602644,10.596026490066226,25.82781456953642,63.576158940397356,51.65562913907284,11.920529801324504
E00136788,119,49,20,29,70,50,20,41.17647058823529,16.80672268907563,24.369747899159663,58.82352941176471,42.016806722689076,16.80672268907563
E00136789,204,60,27,33,144,106,38,29.411764705882355,13.23529411764706,16.176470588235293,70.58823529411765,51.9607843137255,18.627450980392158
E00136790,162,55,26,29,107,82,25,33.95061728395062,16.049382716049383,17.901234567901234,66.0493827160494,50.617283950617285,15.432098765432098
E00136791,149,49,18,31,100,83,17,32.88590604026846,12.080536912751679,20.80536912751678,67.11409395973155,55.70469798657718,11.409395973154362
E00136792,121,42,19,23,79,57,22,34.710743801652896,15.702479338842975,19.00826446280992,65.28925619834712,47.107438016528924,18.181818181818183
E00136793,116,34,10,24,82,68,14,29.310344827586203,8.620689655172415,20.689655172413794,70.6896551724138,58.620689655172406,12.068965517241379
E00136794,138,52,21,31,86,59,27,37.68115942028986,15.217391304347828,22.463768115942027,62.31884057971014,42.7536231884058,19.565217391304348
E00136795,122,47,15,32,75,59,16,38.52459016393443,12.295081967213115,26.229508196721312,61.47540983606557,48.36065573770492,13.114754098360656
E00136796,124,51,17,34,73,48,25,41.12903225806452,13.709677419354838,27.419354838709676,58.87096774193549,38.70967741935484,20.161290322580644
E00136797,141,53,25,28,88,68,20,37.5886524822695,17.73049645390071,19.858156028368796,62.4113475177305,48.226950354609926,14.184397163120568
E00136798,93,31,11,20,62,55,7,33.33333333333333,11.827956989247312,21.50537634408602,66.66666666666666,59.13978494623656,7.526881720430108
E00136799,120,45,17,28,75,64,11,37.5,14.166666666666666,23.333333333333332,62.5,53.333333333333336,9.166666666666666
E00136800,150,63,23,40,87,72,15,42,15.333333333333332,26.666666666666668,57.99999999999999,48,10
E00136801,267,67,21,46,200,170,30,25.0936329588015,7.865168539325842,17.228464419475657,74.90636704119851,63.670411985018724,11.235955056179774
E00136802,171,66,18,48,105,87,18,38.59649122807017,10.526315789473683,28.07017543859649,61.40350877192983,50.877192982456144,10.526315789473683
E00136803,72,23,6,17,49,38,11,31.944444444444443,8.333333333333332,23.61111111111111,68.05555555555556,52.77777777777778,15.277777777777779
E00136804,186,58,20,38,128,92,36,31.182795698924732,10.75268817204301,20.43010752688172,68.81720430107528,49.46236559139785,19.35483870967742
E00136805,52,18,4,14,34,29,5,34.61538461538461,7.6923076923076925,26.923076923076923,65.38461538461539,55.769230769230774,9.615384615384617
E00136806,145,48,15,33,97,66,31,33.10344827586207,10.344827586206897,22.758620689655174,66.89655172413794,45.51724137931035,21.379310344827587
E00136808,48,15,6,9,33,27,6,31.25,12.5,18.75,68.75,56.25,12.5
E00136810,203,82,33,49,121,90,31,40.39408866995074,16.25615763546798,24.137931034482758,59.60591133004927,44.33497536945813,15.270935960591133
E00136811,190,73,24,49,117,92,25,38.421052631578945,12.631578947368421,25.789473684210527,61.578947368421055,48.421052631578945,13.157894736842104
E00136812,202,69,22,47,133,109,24,34.15841584158416,10.891089108910892,23.26732673267327,65.84158415841584,53.960396039603964,11.881188118811881
E00136813,116,43,15,28,73,58,15,37.06896551724138,12.931034482758621,24.137931034482758,62.93103448275862,50,12.931034482758621
E00136814,70,32,13,19,38,38,0,45.714285714285715,18.571428571428573,27.142857142857142,54.285714285714285,54.285714285714285,0
E00136815,87,33,9,24,54,44,10,37.93103448275862,10.344827586206897,27.586206896551722,62.06896551724138,50.57471264367817,11.494252873563218
E00136816,195,66,22,44,129,90,39,33.84615384615385,11.282051282051283,22.564102564102566,66.15384615384615,46.15384615384615,20
E00136817,171,56,26,30,115,94,21,32.748538011695906,15.204678362573098,17.543859649122805,67.2514619883041,54.97076023391813,12.280701754385964
E00136818,152,52,24,28,100,82,18,34.21052631578947,15.789473684210526,18.421052631578945,65.78947368421053,53.94736842105263,11.842105263157894
E00136819,150,45,12,33,105,93,12,30,8,22,70,62,8
E00136820,120,32,12,20,88,70,18,26.666666666666668,10,16.666666666666664,73.33333333333333,58.333333333333336,15
E00136821,125,35,9,26,90,65,25,28.000000000000004,7.199999999999999,20.8,72,52,20
E00136822,110,40,15,25,70,50,20,36.36363636363637,13.636363636363635,22.727272727272727,63.63636363636363,45.45454545454545,18.181818181818183
E00136823,86,31,12,19,55,41,14,36.04651162790697,13.953488372093023,22.093023255813954,63.95348837209303,47.674418604651166,16.27906976744186
E00136824,78,30,9,21,48,32,16,38.46153846153847,11.538461538461538,26.923076923076923,61.53846153846154,41.02564102564102,20.51282051282051
E00136825,87,23,10,13,64,54,10,26.436781609195403,11.494252873563218,14.942528735632186,73.5632183908046,62.06896551724138,11.494252873563218
E00136826,151,56,22,34,95,73,22,37.086092715231786,14.56953642384106,22.516556291390728,62.913907284768214,48.34437086092716,14.56953642384106
E00136827,152,40,16,24,112,86,26,26.31578947368421,10.526315789473683,15.789473684210526,73.68421052631578,56.57894736842105,17.105263157894736
E00136829,122,42,17,25,80,65,15,34.42622950819672,13.934426229508196,20.491803278688526,65.57377049180327,53.278688524590166,12.295081967213115
E00136830,164,45,17,28,119,96,23,27.439024390243905,10.365853658536585,17.073170731707318,72.5609756097561,58.536585365853654,14.02439024390244
E00136831,163,53,16,37,110,96,14,32.515337423312886,9.815950920245399,22.699386503067483,67.48466257668711,58.895705521472394,8.588957055214724
E00136832,77,25,8,17,52,45,7,32.467532467532465,10.38961038961039,22.07792207792208,67.53246753246754,58.44155844155844,9.090909090909092
E00136833,104,31,13,18,73,63,10,29.807692307692307,12.5,17.307692307692307,70.1923076923077,60.57692307692307,9.615384615384617
E00136834,89,24,17,7,65,43,22,26.96629213483146,19.101123595505616,7.865168539325842,73.03370786516854,48.31460674157304,24.719101123595504
E00136835,126,38,12,26,88,66,22,30.158730158730158,9.523809523809524,20.634920634920633,69.84126984126983,52.38095238095239,17.46031746031746
E00136836,125,37,13,24,88,75,13,29.599999999999998,10.4,19.2,70.39999999999999,60,10.4
E00136837,118,41,16,25,77,62,15,34.74576271186441,13.559322033898304,21.1864406779661,65.2542372881356,52.54237288135594,12.711864406779661
E00136838,139,35,11,24,104,77,27,25.179856115107913,7.913669064748201,17.26618705035971,74.82014388489209,55.39568345323741,19.424460431654676
E00136839,179,55,20,35,124,100,24,30.726256983240223,11.1731843575419,19.553072625698324,69.27374301675978,55.865921787709496,13.40782122905028
E00136840,169,53,18,35,116,101,15,31.360946745562128,10.650887573964498,20.710059171597635,68.63905325443787,59.76331360946746,8.875739644970414
E00136841,106,31,13,18,75,60,15,29.245283018867923,12.264150943396226,16.9811320754717,70.75471698113208,56.60377358490566,14.150943396226415
E00136842,149,59,18,41,90,68,22,39.59731543624161,12.080536912751679,27.516778523489933,60.40268456375839,45.63758389261745,14.76510067114094
E00136843,132,41,19,22,91,74,17,31.060606060606062,14.393939393939394,16.666666666666664,68.93939393939394,56.060606060606055,12.878787878787879
E00136844,139,53,23,30,86,68,18,38.1294964028777,16.546762589928058,21.58273381294964,61.87050359712231,48.92086330935252,12.949640287769784
E00136845,145,53,20,33,92,76,16,36.55172413793103,13.793103448275861,22.758620689655174,63.44827586206897,52.41379310344828,11.03448275862069
E00136846,140,43,12,31,97,79,18,30.714285714285715,8.571428571428571,22.142857142857142,69.28571428571428,56.42857142857143,12.857142857142856
E00136847,143,66,23,43,77,58,19,46.15384615384615,16.083916083916083,30.069930069930066,53.84615384615385,40.55944055944056,13.286713286713287
E00136848,142,40,11,29,102,82,20,28.169014084507044,7.746478873239436,20.422535211267608,71.83098591549296,57.74647887323944,14.084507042253522
E00136849,98,33,11,22,65,54,11,33.6734693877551,11.224489795918368,22.448979591836736,66.3265306122449,55.10204081632652,11.224489795918368
E00136850,239,64,23,41,175,149,26,26.778242677824267,9.623430962343097,17.154811715481173,73.22175732217573,62.34309623430963,10.87866108786611
E00136851,110,33,7,26,77,62,15,30,6.363636363636363,23.636363636363637,70,56.36363636363636,13.636363636363635
E00136852,142,39,6,33,103,86,17,27.464788732394368,4.225352112676056,23.239436619718308,72.53521126760563,60.56338028169014,11.971830985915492
E00136853,149,47,17,30,102,93,9,31.543624161073826,11.409395973154362,20.13422818791946,68.45637583892618,62.41610738255034,6.0402684563758395
E00136854,156,46,13,33,110,86,24,29.48717948717949,8.333333333333332,21.153846153846153,70.51282051282051,55.12820512820513,15.384615384615385
E00136855,160,46,15,31,114,99,15,28.749999999999996,9.375,19.375,71.25,61.875,9.375
E00136856,169,42,17,25,127,106,21,24.85207100591716,10.059171597633137,14.792899408284024,75.14792899408283,62.721893491124256,12.42603550295858
E00136859,146,48,13,35,98,74,24,32.87671232876712,8.904109589041095,23.972602739726025,67.12328767123287,50.68493150684932,16.43835616438356
E00136860,104,36,13,23,68,57,11,34.61538461538461,12.5,22.115384615384613,65.38461538461539,54.807692307692314,10.576923076923077
E00136861,46,17,6,11,29,29,0,36.95652173913043,13.043478260869565,23.91304347826087,63.04347826086957,63.04347826086957,0
E00136862,134,49,19,30,85,71,14,36.56716417910448,14.17910447761194,22.388059701492537,63.43283582089553,52.98507462686567,10.44776119402985
E00136863,95,28,9,19,67,58,9,29.47368421052631,9.473684210526317,20,70.52631578947368,61.05263157894737,9.473684210526317
E00136864,157,54,23,31,103,88,15,34.394904458598724,14.64968152866242,19.745222929936308,65.60509554140127,56.05095541401274,9.554140127388536
E00136865,114,45,16,29,69,53,16,39.473684210526315,14.035087719298245,25.438596491228072,60.526315789473685,46.49122807017544,14.035087719298245
E00136866,30,13,2,11,17,13,4,43.333333333333336,6.666666666666667,36.666666666666664,56.666666666666664,43.333333333333336,13.333333333333334
E00136867,77,26,6,20,51,45,6,33.76623376623377,7.792207792207792,25.97402597402597,66.23376623376623,58.44155844155844,7.792207792207792
E00136868,121,33,11,22,88,73,15,27.27272727272727,9.090909090909092,18.181818181818183,72.72727272727273,60.33057851239669,12.396694214876034
E00136869,256,83,25,58,173,150,23,32.421875,9.765625,22.65625,67.578125,58.59375,8.984375
E00136870,130,46,22,24,84,61,23,35.38461538461539,16.923076923076923,18.461538461538463,64.61538461538461,46.92307692307692,17.692307692307693
E00136871,119,44,19,25,75,60,15,36.97478991596639,15.966386554621847,21.008403361344538,63.02521008403361,50.42016806722689,12.605042016806722
E00136872,152,58,22,36,94,67,27,38.15789473684211,14.473684210526317,23.684210526315788,61.8421052631579,44.07894736842105,17.763157894736842
E00136873,117,42,11,31,75,56,19,35.8974358974359,9.401709401709402,26.495726495726498,64.1025641025641,47.863247863247864,16.23931623931624
E00136874,111,32,16,16,79,57,22,28.82882882882883,14.414414414414415,14.414414414414415,71.17117117117117,51.35135135135135,19.81981981981982
E00136875,178,55,27,28,123,94,29,30.89887640449438,15.168539325842698,15.730337078651685,69.10112359550563,52.80898876404494,16.292134831460675
E00136876,215,63,21,42,152,115,37,29.30232558139535,9.767441860465116,19.53488372093023,70.69767441860465,53.48837209302325,17.209302325581397
E00136877,98,35,14,21,63,46,17,35.714285714285715,14.285714285714285,21.428571428571427,64.28571428571429,46.93877551020408,17.346938775510203
E00136878,108,32,11,21,76,55,21,29.629629629629626,10.185185185185185,19.444444444444446,70.37037037037037,50.92592592592593,19.444444444444446
E00136879,86,37,15,22,49,40,9,43.02325581395349,17.441860465116278,25.581395348837212,56.97674418604651,46.51162790697674,10.465116279069768
E00136880,138,40,13,27,98,80,18,28.985507246376812,9.420289855072465,19.565217391304348,71.01449275362319,57.971014492753625,13.043478260869565
E00136881,124,40,15,25,84,66,18,32.25806451612903,12.096774193548388,20.161290322580644,67.74193548387096,53.2258064516129,14.516129032258066
E00136882,143,40,12,28,103,82,21,27.972027972027973,8.391608391608392,19.58041958041958,72.02797202797203,57.34265734265735,14.685314685314685
E00136883,77,28,13,15,49,35,14,36.36363636363637,16.883116883116884,19.480519480519483,63.63636363636363,45.45454545454545,18.181818181818183
E00136884,180,70,31,39,110,90,20,38.88888888888889,17.22222222222222,21.666666666666668,61.111111111111114,50,11.11111111111111
E00136886,179,56,20,36,123,106,17,31.28491620111732,11.1731843575419,20.11173184357542,68.71508379888269,59.217877094972074,9.497206703910614
E00136887,73,30,12,18,43,39,4,41.0958904109589,16.43835616438356,24.65753424657534,58.9041095890411,53.42465753424658,5.47945205479452
E00136888,137,50,23,27,87,77,10,36.496350364963504,16.78832116788321,19.708029197080293,63.503649635036496,56.20437956204379,7.2992700729927
E00136889,155,42,9,33,113,97,16,27.09677419354839,5.806451612903226,21.29032258064516,72.90322580645162,62.58064516129033,10.32258064516129
E00136890,217,74,27,47,143,118,25,34.10138248847927,12.442396313364055,21.658986175115206,65.89861751152074,54.377880184331794,11.52073732718894
E00136891,138,52,22,30,86,60,26,37.68115942028986,15.942028985507244,21.73913043478261,62.31884057971014,43.47826086956522,18.84057971014493
E00136892,107,36,18,18,71,50,21,33.64485981308411,16.822429906542055,16.822429906542055,66.35514018691589,46.728971962616825,19.626168224299064
E00136893,148,56,16,40,92,82,10,37.83783783783784,10.81081081081081,27.027027027027028,62.16216216216216,55.4054054054054,6.756756756756757
E00136894,279,87,29,58,192,153,39,31.182795698924732,10.39426523297491,20.78853046594982,68.81720430107528,54.83870967741935,13.978494623655912
E00136895,116,49,14,35,67,55,12,42.241379310344826,12.068965517241379,30.17241379310345,57.758620689655174,47.41379310344828,10.344827586206897
E00136897,183,55,18,37,128,112,16,30.05464480874317,9.836065573770492,20.21857923497268,69.94535519125684,61.20218579234973,8.743169398907105
E00136899,137,41,10,31,96,78,18,29.927007299270077,7.2992700729927,22.62773722627737,70.07299270072993,56.934306569343065,13.138686131386862
E00136900,149,46,12,34,103,85,18,30.87248322147651,8.053691275167784,22.818791946308725,69.12751677852349,57.04697986577181,12.080536912751679
E00136901,109,42,17,25,67,57,10,38.53211009174312,15.59633027522936,22.93577981651376,61.46788990825688,52.293577981651374,9.174311926605505
E00136902,153,58,18,40,95,73,22,37.908496732026144,11.76470588235294,26.143790849673206,62.091503267973856,47.712418300653596,14.37908496732026
E00136903,152,60,23,37,92,69,23,39.473684210526315,15.131578947368421,24.342105263157894,60.526315789473685,45.39473684210527,15.131578947368421
E00136904,128,48,17,31,80,67,13,37.5,13.28125,24.21875,62.5,52.34375,10.15625
E00136905,139,48,14,34,91,82,9,34.53237410071942,10.071942446043165,24.46043165467626,65.46762589928058,58.992805755395686,6.474820143884892
E00136906,138,50,22,28,88,74,14,36.231884057971016,15.942028985507244,20.28985507246377,63.76811594202898,53.62318840579711,10.144927536231885
E00136907,133,41,11,30,92,78,14,30.82706766917293,8.270676691729323,22.55639097744361,69.17293233082707,58.64661654135338,10.526315789473683
E00136908,112,30,5,25,82,65,17,26.785714285714285,4.464285714285714,22.321428571428573,73.21428571428571,58.03571428571429,15.178571428571427
E00136909,149,57,22,35,92,75,17,38.25503355704698,14.76510067114094,23.48993288590604,61.74496644295302,50.33557046979866,11.409395973154362
E00136910,128,49,13,36,79,63,16,38.28125,10.15625,28.125,61.71875,49.21875,12.5
E00136911,141,53,21,32,88,71,17,37.5886524822695,14.893617021276595,22.69503546099291,62.4113475177305,50.35460992907801,12.056737588652481
E00136912,147,44,16,28,103,85,18,29.931972789115648,10.884353741496598,19.047619047619047,70.06802721088435,57.82312925170068,12.244897959183673
E00136913,137,51,29,22,86,76,10,37.22627737226277,21.16788321167883,16.05839416058394,62.77372262773723,55.47445255474452,7.2992700729927
E00136914,154,50,16,34,104,90,14,32.467532467532465,10.38961038961039,22.07792207792208,67.53246753246754,58.44155844155844,9.090909090909092
E00136915,59,16,3,13,43,37,6,27.11864406779661,5.084745762711865,22.033898305084744,72.88135593220339,62.71186440677966,10.16949152542373
E00136916,126,43,15,28,83,68,15,34.12698412698413,11.904761904761903,22.22222222222222,65.87301587301587,53.96825396825397,11.904761904761903
E00136917,148,53,17,36,95,77,18,35.810810810810814,11.486486486486488,24.324324324324326,64.1891891891892,52.02702702702703,12.162162162162163
E00136918,136,37,12,25,99,81,18,27.205882352941174,8.823529411764707,18.38235294117647,72.79411764705883,59.55882352941176,13.23529411764706
E00136919,133,40,15,25,93,78,15,30.075187969924812,11.278195488721805,18.796992481203006,69.92481203007519,58.64661654135338,11.278195488721805
E00136920,136,47,11,36,89,70,19,34.55882352941176,8.088235294117647,26.47058823529412,65.44117647058823,51.470588235294116,13.970588235294118
E00136921,107,35,17,18,72,61,11,32.71028037383177,15.887850467289718,16.822429906542055,67.28971962616822,57.009345794392516,10.2803738317757
E00136922,135,37,19,18,98,70,28,27.40740740740741,14.074074074074074,13.333333333333334,72.5925925925926,51.85185185185185,20.74074074074074
E00136923,166,66,26,40,100,82,18,39.75903614457831,15.66265060240964,24.096385542168676,60.24096385542169,49.39759036144578,10.843373493975903
E00136924,107,45,15,30,62,49,13,42.05607476635514,14.018691588785046,28.037383177570092,57.943925233644855,45.794392523364486,12.149532710280374
E00136925,236,70,15,55,166,138,28,29.66101694915254,6.3559322033898304,23.30508474576271,70.33898305084746,58.47457627118644,11.864406779661017
E00136926,135,42,13,29,93,76,17,31.11111111111111,9.62962962962963,21.48148148148148,68.88888888888889,56.2962962962963,12.592592592592592
E00136927,207,75,23,52,132,106,26,36.231884057971016,11.11111111111111,25.120772946859905,63.76811594202898,51.20772946859904,12.560386473429952
E00136928,149,49,16,33,100,80,20,32.88590604026846,10.738255033557047,22.14765100671141,67.11409395973155,53.691275167785236,13.422818791946309
E00136929,132,50,21,29,82,76,6,37.878787878787875,15.909090909090908,21.96969696969697,62.121212121212125,57.57575757575758,4.545454545454546
E00136930,119,30,11,19,89,75,14,25.210084033613445,9.243697478991598,15.966386554621847,74.78991596638656,63.02521008403361,11.76470588235294
E00136931,146,44,13,31,102,84,18,30.136986301369863,8.904109589041095,21.232876712328768,69.86301369863014,57.534246575342465,12.32876712328767
E00136932,103,49,18,31,54,46,8,47.57281553398058,17.475728155339805,30.097087378640776,52.42718446601942,44.66019417475729,7.766990291262135
E00136933,90,30,16,14,60,50,10,33.33333333333333,17.77777777777778,15.555555555555555,66.66666666666666,55.55555555555556,11.11111111111111
E00136934,72,24,7,17,48,40,8,33.33333333333333,9.722222222222223,23.61111111111111,66.66666666666666,55.55555555555556,11.11111111111111
E00136935,124,52,15,37,72,59,13,41.935483870967744,12.096774193548388,29.838709677419356,58.06451612903226,47.58064516129033,10.483870967741936
E00136936,145,48,14,34,97,87,10,33.10344827586207,9.655172413793103,23.448275862068964,66.89655172413794,60,6.896551724137931
E00136937,67,19,5,14,48,35,13,28.35820895522388,7.462686567164178,20.8955223880597,71.64179104477611,52.23880597014925,19.402985074626866
E00136938,80,28,6,22,52,46,6,35,7.5,27.500000000000004,65,57.49999999999999,7.5
E00136939,107,39,17,22,68,57,11,36.44859813084112,15.887850467289718,20.5607476635514,63.55140186915887,53.271028037383175,10.2803738317757
E00136940,119,38,13,25,81,68,13,31.932773109243694,10.92436974789916,21.008403361344538,68.0672268907563,57.14285714285714,10.92436974789916
E00136941,130,50,20,30,80,64,16,38.46153846153847,15.384615384615385,23.076923076923077,61.53846153846154,49.23076923076923,12.307692307692308
E00136942,97,30,17,13,67,58,9,30.927835051546392,17.525773195876287,13.402061855670103,69.0721649484536,59.79381443298969,9.278350515463918
E00136943,155,51,21,30,104,90,14,32.903225806451616,13.548387096774196,19.35483870967742,67.0967741935484,58.06451612903226,9.032258064516128
E00136945,119,44,16,28,75,59,16,36.97478991596639,13.445378151260504,23.52941176470588,63.02521008403361,49.57983193277311,13.445378151260504
E00136946,79,23,6,17,56,48,8,29.11392405063291,7.59493670886076,21.518987341772153,70.88607594936708,60.75949367088608,10.126582278481013
E00136947,162,51,16,35,111,106,5,31.48148148148148,9.876543209876543,21.604938271604937,68.51851851851852,65.4320987654321,3.0864197530864197
E00136949,86,30,4,26,56,51,5,34.883720930232556,4.651162790697675,30.23255813953488,65.11627906976744,59.30232558139535,5.813953488372093
E00136950,156,55,16,39,101,93,8,35.256410256410255,10.256410256410255,25,64.74358974358975,59.61538461538461,5.128205128205128
E00136951,130,35,20,15,95,83,12,26.923076923076923,15.384615384615385,11.538461538461538,73.07692307692307,63.84615384615384,9.230769230769232
E00136952,217,65,28,37,152,117,35,29.953917050691242,12.903225806451612,17.050691244239633,70.04608294930875,53.91705069124424,16.129032258064516
E00136953,183,45,12,33,138,118,20,24.59016393442623,6.557377049180328,18.0327868852459,75.40983606557377,64.48087431693989,10.92896174863388
E00136954,114,35,13,22,79,64,15,30.701754385964914,11.403508771929824,19.298245614035086,69.2982456140351,56.14035087719298,13.157894736842104
E00136955,111,42,10,32,69,61,8,37.83783783783784,9.00900900900901,28.82882882882883,62.16216216216216,54.95495495495496,7.207207207207207
E00136956,155,56,23,33,99,79,20,36.12903225806451,14.838709677419354,21.29032258064516,63.87096774193548,50.967741935483865,12.903225806451612
E00136957,160,58,22,36,102,83,19,36.25,13.750000000000002,22.5,63.74999999999999,51.87500000000001,11.875
E00136958,167,52,18,34,115,96,19,31.137724550898206,10.778443113772456,20.359281437125748,68.8622754491018,57.48502994011976,11.377245508982035
E00136959,274,95,32,63,179,147,32,34.67153284671533,11.678832116788321,22.99270072992701,65.32846715328468,53.64963503649635,11.678832116788321
E00136960,73,24,9,15,49,40,9,32.87671232876712,12.32876712328767,20.54794520547945,67.12328767123287,54.794520547945204,12.32876712328767
E00136961,87,39,17,22,48,38,10,44.827586206896555,19.54022988505747,25.287356321839084,55.172413793103445,43.67816091954023,11.494252873563218
E00136962,215,76,16,60,139,122,17,35.348837209302324,7.441860465116279,27.906976744186046,64.65116279069767,56.74418604651162,7.906976744186046
E00136963,176,57,17,40,119,93,26,32.38636363636363,9.659090909090908,22.727272727272727,67.61363636363636,52.84090909090909,14.772727272727273
E00136964,137,47,15,32,90,76,14,34.306569343065696,10.948905109489052,23.357664233576642,65.69343065693431,55.47445255474452,10.218978102189782
E00136965,136,47,16,31,89,72,17,34.55882352941176,11.76470588235294,22.794117647058822,65.44117647058823,52.94117647058824,12.5
E00136967,223,66,22,44,157,130,27,29.596412556053814,9.865470852017937,19.730941704035875,70.4035874439462,58.29596412556054,12.10762331838565
E00136969,280,89,25,64,191,156,35,31.785714285714285,8.928571428571429,22.857142857142858,68.21428571428572,55.714285714285715,12.5
E00136972,99,34,14,20,65,54,11,34.34343434343434,14.14141414141414,20.2020202020202,65.65656565656566,54.54545454545454,11.11111111111111
E00136973,159,52,15,37,107,81,26,32.70440251572327,9.433962264150944,23.270440251572328,67.29559748427673,50.943396226415096,16.352201257861633
E00136974,106,29,7,22,77,56,21,27.358490566037734,6.60377358490566,20.754716981132077,72.64150943396226,52.83018867924528,19.81132075471698
E00136975,66,18,9,9,48,35,13,27.27272727272727,13.636363636363635,13.636363636363635,72.72727272727273,53.03030303030303,19.696969696969695
E00136976,149,57,24,33,92,68,24,38.25503355704698,16.10738255033557,22.14765100671141,61.74496644295302,45.63758389261745,16.10738255033557
E00136977,98,34,10,24,64,51,13,34.69387755102041,10.204081632653061,24.489795918367346,65.3061224489796,52.04081632653062,13.26530612244898
E00136978,59,26,5,21,33,23,10,44.06779661016949,8.47457627118644,35.59322033898305,55.932203389830505,38.983050847457626,16.94915254237288
E00136979,215,74,29,45,141,115,26,34.418604651162795,13.488372093023257,20.930232558139537,65.58139534883722,53.48837209302325,12.093023255813954
E00136980,136,43,12,31,93,75,18,31.61764705882353,8.823529411764707,22.794117647058822,68.38235294117648,55.14705882352941,13.23529411764706
E00136981,168,49,22,27,119,90,29,29.166666666666668,13.095238095238097,16.071428571428573,70.83333333333334,53.57142857142857,17.261904761904763
E00136982,91,34,12,22,57,44,13,37.362637362637365,13.186813186813188,24.175824175824175,62.637362637362635,48.35164835164835,14.285714285714285
E00136983,86,31,11,20,55,41,14,36.04651162790697,12.790697674418606,23.25581395348837,63.95348837209303,47.674418604651166,16.27906976744186
E00136984,88,32,19,13,56,48,8,36.36363636363637,21.59090909090909,14.772727272727273,63.63636363636363,54.54545454545454,9.090909090909092
E00136985,108,34,14,20,74,57,17,31.48148148148148,12.962962962962962,18.51851851851852,68.51851851851852,52.77777777777778,15.74074074074074
E00136986,183,61,24,37,122,90,32,33.33333333333333,13.114754098360656,20.21857923497268,66.66666666666666,49.18032786885246,17.48633879781421
E00136987,205,60,18,42,145,117,28,29.268292682926827,8.780487804878048,20.48780487804878,70.73170731707317,57.073170731707314,13.658536585365855
E00136988,184,59,17,42,125,107,18,32.065217391304344,9.239130434782608,22.82608695652174,67.93478260869566,58.152173913043484,9.782608695652174
E00136989,89,36,18,18,53,40,13,40.44943820224719,20.224719101123593,20.224719101123593,59.55056179775281,44.9438202247191,14.606741573033707
E00136990,143,53,13,40,90,73,17,37.06293706293706,9.090909090909092,27.972027972027973,62.93706293706294,51.048951048951054,11.888111888111888
E00136991,172,52,17,35,120,97,23,30.23255813953488,9.883720930232558,20.348837209302324,69.76744186046511,56.395348837209305,13.372093023255813
E00136992,131,34,11,23,97,78,19,25.954198473282442,8.396946564885496,17.557251908396946,74.04580152671755,59.541984732824424,14.50381679389313
E00136993,128,48,17,31,80,71,9,37.5,13.28125,24.21875,62.5,55.46875,7.03125
E00136995,158,51,19,32,107,96,11,32.278481012658226,12.025316455696203,20.253164556962027,67.72151898734177,60.75949367088608,6.962025316455696
E00136996,119,44,14,30,75,66,9,36.97478991596639,11.76470588235294,25.210084033613445,63.02521008403361,55.46218487394958,7.563025210084033
E00136997,137,47,13,34,90,86,4,34.306569343065696,9.48905109489051,24.817518248175183,65.69343065693431,62.77372262773723,2.9197080291970803
E00136998,131,40,12,28,91,81,10,30.53435114503817,9.16030534351145,21.374045801526716,69.46564885496184,61.832061068702295,7.633587786259542
E00136999,120,32,12,20,88,77,11,26.666666666666668,10,16.666666666666664,73.33333333333333,64.16666666666667,9.166666666666666
E00137000,224,76,21,55,148,106,42,33.92857142857143,9.375,24.553571428571427,66.07142857142857,47.32142857142857,18.75
E00137001,110,35,19,16,75,59,16,31.818181818181817,17.272727272727273,14.545454545454545,68.18181818181817,53.63636363636364,14.545454545454545
E00137002,148,46,14,32,102,83,19,31.08108108108108,9.45945945945946,21.62162162162162,68.91891891891892,56.08108108108109,12.837837837837837
E00137003,119,44,21,23,75,55,20,36.97478991596639,17.647058823529413,19.327731092436977,63.02521008403361,46.21848739495798,16.80672268907563
E00137004,153,43,13,30,110,89,21,28.104575163398692,8.49673202614379,19.607843137254903,71.89542483660131,58.16993464052288,13.725490196078432
E00137005,118,61,18,43,57,49,8,51.69491525423729,15.254237288135593,36.440677966101696,48.30508474576271,41.52542372881356,6.779661016949152
E00137006,149,44,15,29,105,75,30,29.53020134228188,10.06711409395973,19.463087248322147,70.46979865771812,50.33557046979866,20.13422818791946
E00137007,118,40,12,28,78,64,14,33.89830508474576,10.16949152542373,23.728813559322035,66.10169491525424,54.23728813559322,11.864406779661017
E00137008,93,33,14,19,60,54,6,35.483870967741936,15.053763440860216,20.43010752688172,64.51612903225806,58.06451612903226,6.451612903225806
E00137009,62,25,17,8,37,28,9,40.32258064516129,27.419354838709676,12.903225806451612,59.67741935483871,45.16129032258064,14.516129032258066
E00137010,75,29,11,18,46,39,7,38.666666666666664,14.666666666666666,24,61.33333333333333,52,9.333333333333334
E00137011,240,89,28,61,151,127,24,37.083333333333336,11.666666666666666,25.416666666666664,62.916666666666664,52.916666666666664,10
E00137012,152,62,24,38,90,67,23,40.78947368421053,15.789473684210526,25,59.210526315789465,44.07894736842105,15.131578947368421
E00137013,157,62,22,40,95,78,17,39.490445859872615,14.012738853503185,25.477707006369428,60.509554140127385,49.681528662420384,10.828025477707007
E00137014,206,66,17,49,140,116,24,32.038834951456316,8.25242718446602,23.78640776699029,67.96116504854369,56.310679611650485,11.650485436893204
E00137015,146,55,20,35,91,73,18,37.67123287671233,13.698630136986301,23.972602739726025,62.328767123287676,50,12.32876712328767
E00137016,241,80,31,49,161,125,36,33.19502074688796,12.863070539419086,20.33195020746888,66.80497925311202,51.867219917012456,14.937759336099585
E00137017,242,68,28,40,174,143,31,28.09917355371901,11.570247933884298,16.528925619834713,71.900826446281,59.09090909090909,12.8099173553719
E00137018,147,43,12,31,104,82,22,29.25170068027211,8.16326530612245,21.08843537414966,70.74829931972789,55.78231292517006,14.965986394557824
E00137019,163,47,13,34,116,93,23,28.834355828220858,7.975460122699387,20.858895705521473,71.16564417177914,57.05521472392638,14.11042944785276
E00137020,162,46,17,29,116,99,17,28.39506172839506,10.493827160493826,17.901234567901234,71.60493827160494,61.111111111111114,10.493827160493826
E00137021,89,33,11,22,56,46,10,37.07865168539326,12.359550561797752,24.719101123595504,62.92134831460674,51.68539325842697,11.235955056179774
E00137022,145,51,19,32,94,81,13,35.172413793103445,13.10344827586207,22.06896551724138,64.82758620689654,55.86206896551724,8.96551724137931
E00137023,154,56,15,41,98,88,10,36.36363636363637,9.740259740259742,26.623376623376622,63.63636363636363,57.14285714285714,6.493506493506493
E00137024,93,29,10,19,64,46,18,31.182795698924732,10.75268817204301,20.43010752688172,68.81720430107528,49.46236559139785,19.35483870967742
E00137025,156,44,13,31,112,100,12,28.205128205128204,8.333333333333332,19.871794871794872,71.7948717948718,64.1025641025641,7.6923076923076925
E00137026,112,35,11,24,77,66,11,31.25,9.821428571428571,21.428571428571427,68.75,58.92857142857143,9.821428571428571
E00137027,280,88,25,63,192,155,37,31.428571428571427,8.928571428571429,22.5,68.57142857142857,55.35714285714286,13.214285714285715
E00137029,210,74,22,52,136,117,19,35.23809523809524,10.476190476190476,24.761904761904763,64.76190476190476,55.714285714285715,9.047619047619047
E00137030,157,59,17,42,98,83,15,37.57961783439491,10.828025477707007,26.751592356687897,62.42038216560509,52.86624203821656,9.554140127388536
E00137031,107,33,13,20,74,58,16,30.8411214953271,12.149532710280374,18.69158878504673,69.1588785046729,54.20560747663551,14.953271028037381
E00137033,119,37,13,24,82,72,10,31.092436974789916,10.92436974789916,20.168067226890756,68.90756302521008,60.50420168067227,8.403361344537815
E00137034,148,53,18,35,95,78,17,35.810810810810814,12.162162162162163,23.64864864864865,64.1891891891892,52.702702702702695,11.486486486486488
E00137035,157,57,19,38,100,75,25,36.30573248407643,12.101910828025478,24.203821656050955,63.69426751592356,47.77070063694268,15.92356687898089
E00137036,142,60,28,32,82,74,8,42.25352112676056,19.718309859154928,22.535211267605636,57.74647887323944,52.112676056338024,5.633802816901409
E00137037,144,51,17,34,93,72,21,35.41666666666667,11.805555555555555,23.61111111111111,64.58333333333334,50,14.583333333333334
E00137038,124,41,25,16,83,66,17,33.064516129032256,20.161290322580644,12.903225806451612,66.93548387096774,53.2258064516129,13.709677419354838
E00137039,121,37,15,22,84,72,12,30.57851239669421,12.396694214876034,18.181818181818183,69.42148760330579,59.50413223140496,9.917355371900827
E00137040,150,37,9,28,113,87,26,24.666666666666668,6,18.666666666666668,75.33333333333333,57.99999999999999,17.333333333333336
E00137041,129,46,18,28,83,62,21,35.65891472868217,13.953488372093023,21.705426356589147,64.34108527131784,48.06201550387597,16.27906976744186
E00137042,154,62,30,32,92,82,10,40.25974025974026,19.480519480519483,20.77922077922078,59.74025974025974,53.246753246753244,6.493506493506493
E00137043,67,20,7,13,47,32,15,29.850746268656714,10.44776119402985,19.402985074626866,70.1492537313433,47.76119402985074,22.388059701492537
E00137044,146,53,16,37,93,68,25,36.3013698630137,10.95890410958904,25.34246575342466,63.6986301369863,46.57534246575342,17.123287671232877
E00137045,140,51,16,35,89,65,24,36.42857142857142,11.428571428571429,25,63.57142857142857,46.42857142857143,17.142857142857142
E00137046,192,66,21,45,126,102,24,34.375,10.9375,23.4375,65.625,53.125,12.5
E00137047,47,20,12,8,27,22,5,42.5531914893617,25.53191489361702,17.02127659574468,57.446808510638306,46.808510638297875,10.638297872340425
E00137048,133,41,14,27,92,72,20,30.82706766917293,10.526315789473683,20.30075187969925,69.17293233082707,54.13533834586466,15.037593984962406
E00137049,197,62,24,38,135,120,15,31.472081218274113,12.18274111675127,19.289340101522843,68.52791878172589,60.913705583756354,7.614213197969544
E00137050,228,78,35,43,150,116,34,34.21052631578947,15.350877192982457,18.859649122807017,65.78947368421053,50.877192982456144,14.912280701754385
E00137051,173,54,23,31,119,93,26,31.213872832369944,13.294797687861271,17.91907514450867,68.78612716763006,53.75722543352601,15.028901734104046
E00137052,68,25,7,18,43,35,8,36.76470588235294,10.294117647058822,26.47058823529412,63.23529411764706,51.470588235294116,11.76470588235294
E00137053,113,36,12,24,77,62,15,31.858407079646017,10.619469026548673,21.238938053097346,68.14159292035397,54.86725663716814,13.274336283185843
E00137054,240,81,31,50,159,131,28,33.75,12.916666666666668,20.833333333333336,66.25,54.58333333333333,11.666666666666666
E00137055,208,66,30,36,142,116,26,31.73076923076923,14.423076923076922,17.307692307692307,68.26923076923077,55.769230769230774,12.5
E00137057,176,59,20,39,117,103,14,33.52272727272727,11.363636363636363,22.15909090909091,66.47727272727273,58.52272727272727,7.954545454545454
E00137058,100,33,9,24,67,58,9,33,9,24,67,57.99999999999999,9
E00137059,109,47,16,31,62,55,7,43.11926605504588,14.678899082568808,28.440366972477065,56.88073394495413,50.45871559633027,6.422018348623854
E00137060,103,39,14,25,64,54,10,37.86407766990291,13.592233009708737,24.271844660194176,62.13592233009708,52.42718446601942,9.70873786407767
E00137061,187,54,18,36,133,109,24,28.87700534759358,9.62566844919786,19.25133689839572,71.12299465240642,58.288770053475936,12.834224598930483
E00137062,140,41,15,26,99,76,23,29.28571428571429,10.714285714285714,18.571428571428573,70.71428571428572,54.285714285714285,16.428571428571427
E00137063,190,60,25,35,130,106,24,31.57894736842105,13.157894736842104,18.421052631578945,68.42105263157895,55.78947368421052,12.631578947368421
E00137064,87,32,14,18,55,39,16,36.7816091954023,16.091954022988507,20.689655172413794,63.2183908045977,44.827586206896555,18.39080459770115
E00137066,178,52,12,40,126,86,40,29.213483146067414,6.741573033707865,22.47191011235955,70.78651685393258,48.31460674157304,22.47191011235955
E00137067,136,63,26,37,73,50,23,46.32352941176471,19.11764705882353,27.205882352941174,53.67647058823529,36.76470588235294,16.911764705882355
E00137068,89,32,13,19,57,46,11,35.95505617977528,14.606741573033707,21.34831460674157,64.04494382022472,51.68539325842697,12.359550561797752
E00137069,265,94,45,49,171,138,33,35.471698113207545,16.9811320754717,18.49056603773585,64.52830188679245,52.075471698113205,12.452830188679245
E00174622,292,68,26,42,224,185,39,23.28767123287671,8.904109589041095,14.383561643835616,76.71232876712328,63.35616438356164,13.356164383561644
E00174624,157,43,10,33,114,99,15,27.388535031847134,6.369426751592357,21.019108280254777,72.61146496815286,63.05732484076433,9.554140127388536
E00174627,262,73,26,47,189,172,17,27.86259541984733,9.923664122137405,17.938931297709924,72.13740458015268,65.64885496183206,6.488549618320611
E00174628,165,49,15,34,116,89,27,29.6969696969697,9.090909090909092,20.606060606060606,70.3030303030303,53.939393939393945,16.363636363636363
E00174629,255,87,23,64,168,151,17,34.11764705882353,9.019607843137255,25.098039215686274,65.88235294117646,59.21568627450981,6.666666666666667
E00174631,204,45,10,35,159,133,26,22.058823529411764,4.901960784313726,17.15686274509804,77.94117647058823,65.19607843137256,12.745098039215685
E00174632,221,71,24,47,150,132,18,32.126696832579185,10.85972850678733,21.266968325791854,67.87330316742081,59.72850678733032,8.144796380090497
E00174633,266,70,24,46,196,160,36,26.31578947368421,9.022556390977442,17.293233082706767,73.68421052631578,60.150375939849624,13.533834586466165
E00174634,220,55,21,34,165,138,27,25,9.545454545454547,15.454545454545453,75,62.727272727272734,12.272727272727273
E00174635,83,31,10,21,52,46,6,37.34939759036144,12.048192771084338,25.301204819277107,62.65060240963856,55.42168674698795,7.228915662650602
E00174636,179,44,10,34,135,116,19,24.581005586592177,5.58659217877095,18.994413407821227,75.41899441340783,64.80446927374301,10.614525139664805
E00174637,274,60,24,36,214,187,27,21.897810218978105,8.75912408759124,13.138686131386862,78.1021897810219,68.24817518248175,9.854014598540147
E00174638,185,49,14,35,136,107,29,26.486486486486488,7.567567567567568,18.91891891891892,73.51351351351352,57.83783783783784,15.675675675675677
E00174639,155,35,8,27,120,102,18,22.58064516129032,5.161290322580645,17.419354838709676,77.41935483870968,65.80645161290323,11.612903225806452
E00174641,164,57,23,34,107,86,21,34.756097560975604,14.02439024390244,20.73170731707317,65.2439024390244,52.4390243902439,12.804878048780488
E00174642,169,43,11,32,126,97,29,25.443786982248522,6.508875739644971,18.93491124260355,74.55621301775149,57.396449704142015,17.159763313609467
E00174644,213,53,27,26,160,128,32,24.88262910798122,12.676056338028168,12.206572769953052,75.11737089201877,60.093896713615024,15.023474178403756
E00174645,240,59,16,43,181,145,36,24.583333333333332,6.666666666666667,17.916666666666668,75.41666666666667,60.416666666666664,15
E00174646,142,54,16,38,88,68,20,38.028169014084504,11.267605633802818,26.76056338028169,61.97183098591549,47.88732394366197,14.084507042253522
E00174647,123,39,18,21,84,66,18,31.70731707317073,14.634146341463413,17.073170731707318,68.29268292682927,53.65853658536586,14.634146341463413
E00174648,158,47,14,33,111,97,14,29.746835443037973,8.860759493670885,20.88607594936709,70.25316455696202,61.39240506329114,8.860759493670885
E00187876,196,39,10,29,157,134,23,19.897959183673468,5.1020408163265305,14.795918367346939,80.10204081632652,68.36734693877551,11.73469387755102
E00187878,164,54,20,34,110,93,17,32.926829268292686,12.195121951219512,20.73170731707317,67.07317073170732,56.70731707317073,10.365853658536585
E00187880,199,55,22,33,144,117,27,27.63819095477387,11.055276381909549,16.582914572864322,72.36180904522614,58.79396984924623,13.5678391959799
E00187882,210,36,10,26,174,148,26,17.142857142857142,4.761904761904762,12.380952380952381,82.85714285714286,70.47619047619048,12.380952380952381
E00187883,118,29,8,21,89,70,19,24.576271186440678,6.779661016949152,17.796610169491526,75.42372881355932,59.32203389830508,16.101694915254235
E00187886,255,71,22,49,184,148,36,27.84313725490196,8.627450980392156,19.215686274509807,72.15686274509804,58.03921568627452,14.117647058823529
E00187887,219,64,24,40,155,137,18,29.22374429223744,10.95890410958904,18.2648401826484,70.77625570776256,62.55707762557078,8.21917808219178
E00187889,48,21,8,13,27,22,5,43.75,16.666666666666664,27.083333333333332,56.25,45.83333333333333,10.416666666666668
E00187890,87,23,9,14,64,55,9,26.436781609195403,10.344827586206897,16.091954022988507,73.5632183908046,63.2183908045977,10.344827586206897
E00187892,115,37,15,22,78,66,12,32.17391304347826,13.043478260869565,19.130434782608695,67.82608695652173,57.391304347826086,10.434782608695652
E00187893,130,38,15,23,92,78,14,29.230769230769234,11.538461538461538,17.692307692307693,70.76923076923077,60,10.76923076923077
E00187894,170,45,14,31,125,108,17,26.47058823529412,8.235294117647058,18.235294117647058,73.52941176470588,63.52941176470588,10
E00187897,184,60,18,42,124,92,32,32.608695652173914,9.782608695652174,22.82608695652174,67.3913043478261,50,17.391304347826086
E00187903,174,47,20,27,127,111,16,27.011494252873565,11.494252873563218,15.517241379310345,72.98850574712644,63.793103448275865,9.195402298850574
E00187905,156,39,11,28,117,93,24,25,7.051282051282051,17.94871794871795,75,59.61538461538461,15.384615384615385
E00187906,248,54,14,40,194,170,24,21.774193548387096,5.64516129032258,16.129032258064516,78.2258064516129,68.54838709677419,9.67741935483871
E00187908,236,63,19,44,173,148,25,26.69491525423729,8.050847457627118,18.64406779661017,73.30508474576271,62.71186440677966,10.59322033898305
E00187909,73,16,5,11,57,49,8,21.91780821917808,6.8493150684931505,15.068493150684931,78.08219178082192,67.12328767123287,10.95890410958904
E00187910,221,53,15,38,168,145,23,23.981900452488688,6.787330316742081,17.194570135746606,76.01809954751131,65.61085972850678,10.407239819004525
E00187915,243,96,36,60,147,124,23,39.50617283950617,14.814814814814813,24.691358024691358,60.49382716049383,51.028806584362144,9.465020576131687
E00187923,234,61,16,45,173,147,26,26.06837606837607,6.837606837606838,19.230769230769234,73.93162393162393,62.82051282051282,11.11111111111111
E00187926,35,7,2,5,28,24,4,20,5.714285714285714,14.285714285714285,80,68.57142857142857,11.428571428571429
E00187928,210,64,20,44,146,118,28,30.476190476190478,9.523809523809524,20.952380952380953,69.52380952380952,56.19047619047619,13.333333333333334
E00187929,151,44,12,32,107,84,23,29.13907284768212,7.9470198675496695,21.192052980132452,70.86092715231787,55.62913907284768,15.2317880794702
E00187932,109,28,10,18,81,69,12,25.688073394495415,9.174311926605505,16.51376146788991,74.31192660550458,63.30275229357798,11.009174311926607
E00187933,76,14,4,10,62,51,11,18.421052631578945,5.263157894736842,13.157894736842104,81.57894736842105,67.10526315789474,14.473684210526317
E00187937,359,83,21,62,276,218,58,23.119777158774372,5.8495821727019495,17.270194986072422,76.88022284122563,60.724233983286915,16.15598885793872
E00187938,107,29,9,20,78,64,14,27.102803738317753,8.411214953271028,18.69158878504673,72.89719626168224,59.813084112149525,13.084112149532709
E00187939,347,73,15,58,274,242,32,21.037463976945244,4.322766570605188,16.714697406340058,78.96253602305475,69.7406340057637,9.221902017291066
E00187942,304,61,13,48,243,219,24,20.065789473684212,4.276315789473684,15.789473684210526,79.93421052631578,72.03947368421053,7.894736842105263
E00187944,78,25,9,16,53,48,5,32.05128205128205,11.538461538461538,20.51282051282051,67.94871794871796,61.53846153846154,6.41025641025641
E00187946,126,48,16,32,78,57,21,38.095238095238095,12.698412698412698,25.396825396825395,61.904761904761905,45.23809523809524,16.666666666666664
E00187948,183,49,7,42,134,114,20,26.775956284153008,3.825136612021858,22.950819672131146,73.224043715847,62.295081967213115,10.92896174863388
E00187950,175,64,26,38,111,87,24,36.57142857142857,14.857142857142858,21.714285714285715,63.42857142857142,49.714285714285715,13.714285714285715
E00187954,163,49,19,30,114,95,19,30.061349693251532,11.65644171779141,18.404907975460123,69.93865030674846,58.282208588957054,11.65644171779141
E00187955,91,35,8,27,56,47,9,38.46153846153847,8.791208791208792,29.67032967032967,61.53846153846154,51.64835164835166,9.89010989010989
E00187956,349,99,29,70,250,210,40,28.36676217765043,8.30945558739255,20.057306590257877,71.63323782234957,60.17191977077364,11.461318051575931
E00187959,240,52,21,31,188,148,40,21.666666666666668,8.75,12.916666666666668,78.33333333333333,61.66666666666667,16.666666666666664
E00187961,47,9,3,6,38,30,8,19.148936170212767,6.382978723404255,12.76595744680851,80.85106382978722,63.829787234042556,17.02127659574468
E00187962,134,40,11,29,94,75,19,29.850746268656714,8.208955223880597,21.641791044776117,70.1492537313433,55.970149253731336,14.17910447761194
E00187963,108,36,17,19,72,46,26,33.33333333333333,15.74074074074074,17.59259259259259,66.66666666666666,42.592592592592595,24.074074074074073
E00187964,159,40,21,19,119,113,6,25.157232704402517,13.20754716981132,11.949685534591195,74.84276729559748,71.0691823899371,3.7735849056603774
E00187965,359,77,25,52,282,248,34,21.448467966573816,6.963788300835655,14.484679665738161,78.55153203342618,69.08077994428969,9.47075208913649
E00187968,319,79,34,45,240,188,52,24.76489028213166,10.658307210031348,14.106583072100312,75.23510971786834,58.93416927899686,16.30094043887147
E00187970,273,66,21,45,207,179,28,24.175824175824175,7.6923076923076925,16.483516483516482,75.82417582417582,65.56776556776556,10.256410256410255
E00187975,228,47,12,35,181,150,31,20.614035087719298,5.263157894736842,15.350877192982457,79.3859649122807,65.78947368421053,13.596491228070176
E00187978,56,11,3,8,45,37,8,19.642857142857142,5.357142857142857,14.285714285714285,80.35714285714286,66.07142857142857,14.285714285714285
E00187981,208,71,24,47,137,126,11,34.13461538461539,11.538461538461538,22.596153846153847,65.86538461538461,60.57692307692307,5.288461538461538
E00187983,121,42,15,27,79,62,17,34.710743801652896,12.396694214876034,22.31404958677686,65.28925619834712,51.2396694214876,14.049586776859504
E00187984,97,33,12,21,64,55,9,34.02061855670103,12.371134020618557,21.649484536082475,65.97938144329896,56.70103092783505,9.278350515463918
E00187986,166,41,10,31,125,107,18,24.69879518072289,6.024096385542169,18.67469879518072,75.30120481927712,64.45783132530121,10.843373493975903
E00187987,208,44,10,34,164,134,30,21.153846153846153,4.807692307692308,16.346153846153847,78.84615384615384,64.42307692307693,14.423076923076922
E00187988,169,51,17,34,118,98,20,30.17751479289941,10.059171597633137,20.118343195266274,69.8224852071006,57.98816568047337,11.834319526627219
E00187990,85,30,13,17,55,46,9,35.294117647058826,15.294117647058824,20,64.70588235294117,54.11764705882353,10.588235294117647
E00187996,58,28,7,21,30,23,7,48.275862068965516,12.068965517241379,36.206896551724135,51.724137931034484,39.6551724137931,12.068965517241379
E00187998,159,46,16,30,113,85,28,28.930817610062892,10.062893081761008,18.867924528301888,71.0691823899371,53.459119496855344,17.61006289308176
E00188000,101,31,11,20,70,51,19,30.693069306930692,10.891089108910892,19.801980198019802,69.3069306930693,50.495049504950494,18.81188118811881
E00188001,100,41,19,22,59,54,5,41,19,22,59,54,5
E00188002,179,50,11,39,129,114,15,27.932960893854748,6.145251396648044,21.787709497206702,72.06703910614524,63.687150837988824,8.379888268156424
E00188003,276,80,21,59,196,162,34,28.985507246376812,7.608695652173914,21.3768115942029,71.01449275362319,58.69565217391305,12.318840579710146
E00188006,182,50,12,38,132,115,17,27.472527472527474,6.593406593406594,20.87912087912088,72.52747252747253,63.18681318681318,9.340659340659341
E00188008,104,28,6,22,76,61,15,26.923076923076923,5.769230769230769,21.153846153846153,73.07692307692307,58.65384615384615,14.423076923076922
E00188009,267,74,21,53,193,164,29,27.715355805243448,7.865168539325842,19.850187265917604,72.28464419475655,61.42322097378277,10.861423220973784
E00188010,99,36,10,26,63,42,21,36.36363636363637,10.1010101010101,26.262626262626267,63.63636363636363,42.42424242424242,21.21212121212121
E00188012,149,47,15,32,102,90,12,31.543624161073826,10.06711409395973,21.476510067114095,68.45637583892618,60.40268456375839,8.053691275167784
E00188015,133,47,11,36,86,71,15,35.338345864661655,8.270676691729323,27.06766917293233,64.66165413533834,53.383458646616546,11.278195488721805
E00188017,61,23,8,15,38,33,5,37.704918032786885,13.114754098360656,24.59016393442623,62.295081967213115,54.09836065573771,8.19672131147541
