OA,ts0380001,ts0380002,ts0380003,ts0380004,ts0380005,ts0380006,ts0380007,ts0380002_PCT,ts0380003_PCT,ts0380004_PCT,ts0380005_PCT,ts0380006_PCT,ts0380007_PCT
E00136668,285,53,19,34,232,29,203,18.596491228070175,6.666666666666667,11.929824561403509,81.40350877192982,10.175438596491228,71.2280701754386
E00136669,227,59,21,38,168,29,139,25.991189427312776,9.251101321585903,16.740088105726873,74.00881057268722,12.77533039647577,61.23348017621145
E00136670,259,48,14,34,211,11,200,18.53281853281853,5.405405405405405,13.127413127413126,81.46718146718148,4.247104247104247,77.22007722007721
E00136671,232,41,11,30,191,21,170,17.67241379310345,4.741379310344827,12.931034482758621,82.32758620689656,9.051724137931034,73.27586206896551
E00136672,292,51,12,39,241,36,205,17.465753424657535,4.10958904109589,13.356164383561644,82.53424657534246,12.32876712328767,70.2054794520548
E00136673,291,71,34,37,220,27,193,24.398625429553263,11.683848797250858,12.714776632302405,75.60137457044674,9.278350515463918,66.32302405498281
E00136674,197,76,43,33,121,16,105,38.578680203045685,21.82741116751269,16.751269035532996,61.42131979695431,8.121827411167512,53.299492385786806
E00136675,282,89,29,60,193,22,171,31.560283687943265,10.28368794326241,21.27659574468085,68.43971631205675,7.801418439716312,60.63829787234043
E00136676,263,54,21,33,209,26,183,20.53231939163498,7.984790874524715,12.547528517110266,79.46768060836501,9.885931558935361,69.58174904942965
E00136677,210,40,20,20,170,25,145,19.047619047619047,9.523809523809524,9.523809523809524,80.95238095238095,11.904761904761903,69.04761904761905
E00136678,208,48,16,32,160,13,147,23.076923076923077,7.6923076923076925,15.384615384615385,76.92307692307693,6.25,70.67307692307693
E00136679,281,51,12,39,230,18,212,18.14946619217082,4.270462633451958,13.87900355871886,81.85053380782918,6.405693950177936,75.44483985765125
E00136680,243,65,28,37,178,12,166,26.748971193415638,11.522633744855968,15.22633744855967,73.25102880658436,4.938271604938271,68.3127572016461
E00136681,239,44,12,32,195,20,175,18.410041841004183,5.02092050209205,13.389121338912133,81.58995815899581,8.368200836820083,73.22175732217573
E00136682,295,59,24,35,236,21,215,20,8.135593220338983,11.864406779661017,80,7.118644067796611,72.88135593220339
E00136683,279,60,21,39,219,30,189,21.50537634408602,7.526881720430108,13.978494623655912,78.49462365591397,10.75268817204301,67.74193548387096
E00136684,306,39,14,25,267,33,234,12.745098039215685,4.57516339869281,8.169934640522875,87.25490196078431,10.784313725490197,76.47058823529412
E00136685,112,27,9,18,85,13,72,24.107142857142858,8.035714285714286,16.071428571428573,75.89285714285714,11.607142857142858,64.28571428571429
E00136686,211,43,18,25,168,10,158,20.379146919431278,8.530805687203792,11.848341232227488,79.62085308056872,4.739336492890995,74.88151658767772
E00136687,329,72,22,50,257,24,233,21.88449848024316,6.68693009118541,15.19756838905775,78.11550151975683,7.29483282674772,70.82066869300911
E00136688,258,48,22,26,210,26,184,18.6046511627907,8.527131782945736,10.077519379844961,81.3953488372093,10.077519379844961,71.31782945736434
E00136689,299,62,29,33,237,23,214,20.735785953177256,9.698996655518394,11.036789297658862,79.26421404682274,7.6923076923076925,71.57190635451505
E00136690,314,51,24,27,263,32,231,16.24203821656051,7.643312101910828,8.598726114649681,83.7579617834395,10.191082802547772,73.56687898089172
E00136691,248,31,12,19,217,25,192,12.5,4.838709677419355,7.661290322580645,87.5,10.080645161290322,77.41935483870968
E00136692,331,83,36,47,248,32,216,25.075528700906347,10.876132930513595,14.19939577039275,74.92447129909365,9.667673716012084,65.25679758308158
E00136693,215,34,13,21,181,21,160,15.813953488372093,6.046511627906977,9.767441860465116,84.18604651162791,9.767441860465116,74.4186046511628
E00136694,258,76,39,37,182,19,163,29.457364341085274,15.11627906976744,14.34108527131783,70.54263565891473,7.3643410852713185,63.17829457364341
E00136695,365,57,19,38,308,41,267,15.616438356164384,5.205479452054795,10.41095890410959,84.38356164383562,11.232876712328768,73.15068493150685
E00136696,494,89,37,52,405,30,375,18.016194331983808,7.489878542510121,10.526315789473683,81.9838056680162,6.0728744939271255,75.91093117408907
E00136697,471,59,21,38,412,29,383,12.526539278131635,4.45859872611465,8.067940552016985,87.47346072186836,6.1571125265392785,81.31634819532908
E00136698,208,26,13,13,182,15,167,12.5,6.25,6.25,87.5,7.211538461538461,80.28846153846155
E00136699,333,77,44,33,256,23,233,23.123123123123122,13.213213213213212,9.90990990990991,76.87687687687688,6.906906906906906,69.96996996996997
E00136700,320,48,19,29,272,26,246,15,5.9375,9.0625,85,8.125,76.875
E00136701,195,58,33,25,137,14,123,29.743589743589745,16.923076923076923,12.82051282051282,70.25641025641025,7.179487179487179,63.07692307692307
E00136702,335,44,18,26,291,26,265,13.134328358208954,5.3731343283582085,7.761194029850746,86.86567164179104,7.761194029850746,79.1044776119403
E00136703,243,35,11,24,208,15,193,14.40329218106996,4.526748971193416,9.876543209876543,85.59670781893004,6.172839506172839,79.42386831275721
E00136704,145,27,13,14,118,17,101,18.620689655172416,8.96551724137931,9.655172413793103,81.37931034482759,11.724137931034482,69.6551724137931
E00136705,385,60,27,33,325,23,302,15.584415584415584,7.012987012987012,8.571428571428571,84.4155844155844,5.974025974025974,78.44155844155844
E00136706,445,87,42,45,358,31,327,19.550561797752806,9.438202247191011,10.112359550561797,80.4494382022472,6.96629213483146,73.48314606741573
E00136707,263,53,23,30,210,28,182,20.15209125475285,8.745247148288973,11.406844106463879,79.84790874524715,10.646387832699618,69.20152091254754
E00136708,274,49,20,29,225,23,202,17.88321167883212,7.2992700729927,10.583941605839415,82.11678832116789,8.394160583941606,73.72262773722628
E00136709,466,75,29,46,391,35,356,16.09442060085837,6.223175965665236,9.871244635193133,83.90557939914163,7.510729613733906,76.39484978540773
E00136710,226,35,8,27,191,17,174,15.486725663716813,3.5398230088495577,11.946902654867257,84.51327433628319,7.52212389380531,76.99115044247787
E00136711,334,49,18,31,285,23,262,14.67065868263473,5.389221556886228,9.281437125748502,85.32934131736528,6.88622754491018,78.44311377245509
E00136712,277,53,24,29,224,11,213,19.133574007220215,8.664259927797833,10.469314079422382,80.86642599277978,3.9711191335740073,76.89530685920577
E00136713,513,87,34,53,426,51,375,16.95906432748538,6.627680311890838,10.33138401559454,83.04093567251462,9.941520467836257,73.09941520467837
E00136714,282,49,17,32,233,28,205,17.375886524822697,6.028368794326241,11.347517730496454,82.62411347517731,9.929078014184398,72.69503546099291
E00136715,295,100,51,49,195,21,174,33.89830508474576,17.28813559322034,16.610169491525422,66.10169491525424,7.118644067796611,58.98305084745763
E00136716,400,92,38,54,308,30,278,23,9.5,13.5,77,7.5,69.5
E00136717,356,78,28,50,278,38,240,21.910112359550563,7.865168539325842,14.04494382022472,78.08988764044943,10.674157303370785,67.41573033707866
E00136718,298,54,24,30,244,26,218,18.120805369127517,8.053691275167784,10.06711409395973,81.87919463087249,8.724832214765101,73.15436241610739
E00136719,491,81,31,50,410,28,382,16.4969450101833,6.313645621181263,10.183299389002038,83.5030549898167,5.7026476578411405,77.80040733197556
E00136720,268,52,18,34,216,18,198,19.402985074626866,6.7164179104477615,12.686567164179104,80.59701492537313,6.7164179104477615,73.88059701492537
E00136721,299,49,17,32,250,29,221,16.387959866220736,5.68561872909699,10.702341137123746,83.61204013377926,9.698996655518394,73.91304347826086
E00136723,264,43,13,30,221,23,198,16.28787878787879,4.924242424242424,11.363636363636363,83.71212121212122,8.712121212121213,75
E00136724,326,60,15,45,266,33,233,18.404907975460123,4.601226993865031,13.803680981595093,81.59509202453987,10.122699386503067,71.47239263803681
E00136725,344,47,18,29,297,33,264,13.662790697674417,5.232558139534884,8.430232558139535,86.33720930232558,9.593023255813954,76.74418604651163
E00136727,327,50,15,35,277,29,248,15.29051987767584,4.587155963302752,10.703363914373089,84.70948012232415,8.868501529051988,75.84097859327217
E00136728,299,40,17,23,259,26,233,13.377926421404682,5.68561872909699,7.6923076923076925,86.62207357859532,8.695652173913043,77.92642140468227
E00136729,215,39,24,15,176,15,161,18.13953488372093,11.162790697674419,6.976744186046512,81.86046511627907,6.976744186046512,74.88372093023256
E00136731,494,78,43,35,416,27,389,15.789473684210526,8.704453441295547,7.08502024291498,84.21052631578947,5.465587044534413,78.74493927125506
E00136732,262,42,12,30,220,15,205,16.030534351145036,4.580152671755725,11.450381679389313,83.96946564885496,5.7251908396946565,78.2442748091603
E00136733,224,42,10,32,182,23,159,18.75,4.464285714285714,14.285714285714285,81.25,10.267857142857142,70.98214285714286
E00136734,279,59,23,36,220,18,202,21.14695340501792,8.24372759856631,12.903225806451612,78.85304659498208,6.451612903225806,72.40143369175627
E00136735,480,72,25,47,408,42,366,15,5.208333333333334,9.791666666666666,85,8.75,76.25
E00136736,290,39,8,31,251,15,236,13.448275862068964,2.7586206896551726,10.689655172413794,86.55172413793103,5.172413793103448,81.37931034482759
E00136737,365,90,49,41,275,16,259,24.65753424657534,13.424657534246576,11.232876712328768,75.34246575342466,4.383561643835616,70.95890410958904
E00136739,227,39,15,24,188,26,162,17.180616740088105,6.607929515418502,10.572687224669604,82.81938325991189,11.45374449339207,71.36563876651982
E00136740,549,81,26,55,468,44,424,14.754098360655737,4.735883424408015,10.018214936247723,85.24590163934425,8.014571948998178,77.23132969034609
E00136741,323,69,22,47,254,41,213,21.36222910216718,6.811145510835913,14.551083591331269,78.63777089783281,12.693498452012383,65.94427244582043
E00136742,377,54,8,46,323,31,292,14.323607427055704,2.122015915119363,12.20159151193634,85.6763925729443,8.222811671087534,77.45358090185677
E00136743,415,42,17,25,373,44,329,10.120481927710843,4.096385542168675,6.024096385542169,89.87951807228916,10.602409638554217,79.27710843373494
E00136744,262,40,17,23,222,23,199,15.267175572519085,6.488549618320611,8.778625954198473,84.7328244274809,8.778625954198473,75.95419847328245
E00136745,302,43,17,26,259,31,228,14.23841059602649,5.629139072847682,8.609271523178808,85.76158940397352,10.264900662251655,75.49668874172185
E00136746,310,41,16,25,269,23,246,13.225806451612904,5.161290322580645,8.064516129032258,86.7741935483871,7.419354838709677,79.35483870967742
E00136747,270,44,15,29,226,20,206,16.296296296296298,5.555555555555555,10.74074074074074,83.7037037037037,7.4074074074074066,76.29629629629629
E00136748,434,87,39,48,347,29,318,20.046082949308754,8.986175115207374,11.059907834101383,79.95391705069125,6.682027649769585,73.27188940092167
E00136749,286,51,18,33,235,21,214,17.832167832167833,6.293706293706294,11.538461538461538,82.16783216783216,7.3426573426573425,74.82517482517483
E00136750,378,62,22,40,316,34,282,16.402116402116402,5.82010582010582,10.582010582010582,83.5978835978836,8.994708994708994,74.60317460317461
E00136751,379,96,40,56,283,34,249,25.32981530343008,10.554089709762533,14.775725593667547,74.67018469656992,8.970976253298153,65.69920844327177
E00136752,268,55,16,39,213,19,194,20.522388059701495,5.970149253731343,14.55223880597015,79.47761194029852,7.08955223880597,72.38805970149254
E00136753,298,58,24,34,240,26,214,19.463087248322147,8.053691275167784,11.409395973154362,80.53691275167785,8.724832214765101,71.81208053691275
E00136754,311,60,21,39,251,29,222,19.292604501607716,6.752411575562702,12.540192926045016,80.70739549839229,9.32475884244373,71.38263665594855
E00136757,341,94,53,41,247,22,225,27.56598240469208,15.542521994134898,12.023460410557185,72.43401759530792,6.451612903225806,65.98240469208211
E00136758,297,72,24,48,225,28,197,24.242424242424242,8.080808080808081,16.161616161616163,75.75757575757575,9.427609427609427,66.32996632996633
E00136760,255,42,18,24,213,17,196,16.470588235294116,7.0588235294117645,9.411764705882353,83.52941176470588,6.666666666666667,76.86274509803923
E00136761,241,43,13,30,198,15,183,17.842323651452283,5.394190871369295,12.448132780082988,82.15767634854771,6.224066390041494,75.93360995850622
E00136762,238,43,13,30,195,15,180,18.067226890756302,5.46218487394958,12.605042016806722,81.9327731092437,6.302521008403361,75.63025210084034
E00136763,197,41,16,25,156,20,136,20.812182741116754,8.121827411167512,12.690355329949238,79.18781725888326,10.152284263959391,69.03553299492386
E00136764,240,42,14,28,198,24,174,17.5,5.833333333333333,11.666666666666666,82.5,10,72.5
E00136765,560,102,36,66,458,39,419,18.21428571428571,6.428571428571428,11.785714285714285,81.78571428571428,6.964285714285714,74.82142857142857
E00136766,303,86,46,40,217,20,197,28.38283828382838,15.181518151815181,13.2013201320132,71.61716171617162,6.6006600660066,65.01650165016501
E00136767,309,54,17,37,255,19,236,17.475728155339805,5.501618122977346,11.974110032362459,82.52427184466019,6.148867313915858,76.37540453074433
E00136768,220,62,29,33,158,17,141,28.18181818181818,13.18181818181818,15,71.81818181818181,7.727272727272727,64.0909090909091
E00136769,204,54,23,31,150,17,133,26.47058823529412,11.27450980392157,15.196078431372548,73.52941176470588,8.333333333333332,65.19607843137256
E00136770,298,90,43,47,208,12,196,30.201342281879196,14.429530201342283,15.771812080536913,69.79865771812081,4.026845637583892,65.77181208053692
E00136771,370,56,13,43,314,21,293,15.135135135135137,3.5135135135135136,11.621621621621623,84.86486486486487,5.675675675675676,79.1891891891892
E00136772,276,62,24,38,214,17,197,22.463768115942027,8.695652173913043,13.768115942028986,77.53623188405797,6.159420289855073,71.37681159420289
E00136773,216,62,23,39,154,14,140,28.703703703703702,10.648148148148149,18.055555555555554,71.29629629629629,6.481481481481481,64.81481481481481
E00136774,307,53,25,28,254,16,238,17.263843648208468,8.143322475570033,9.120521172638437,82.73615635179154,5.211726384364821,77.52442996742671
E00136775,288,56,25,31,232,30,202,19.444444444444446,8.680555555555555,10.76388888888889,80.55555555555556,10.416666666666668,70.13888888888889
E00136776,332,48,8,40,284,27,257,14.457831325301203,2.4096385542168677,12.048192771084338,85.54216867469879,8.132530120481928,77.40963855421687
E00136777,304,54,18,36,250,22,228,17.763157894736842,5.921052631578947,11.842105263157894,82.23684210526315,7.236842105263158,75
E00136778,232,30,12,18,202,21,181,12.931034482758621,5.172413793103448,7.758620689655173,87.06896551724138,9.051724137931034,78.01724137931035
E00136779,278,42,18,24,236,14,222,15.107913669064748,6.474820143884892,8.633093525179856,84.89208633093526,5.0359712230215825,79.85611510791367
E00136780,138,32,16,16,106,15,91,23.18840579710145,11.594202898550725,11.594202898550725,76.81159420289855,10.869565217391305,65.94202898550725
E00136781,349,83,37,46,266,29,237,23.78223495702006,10.601719197707736,13.18051575931232,76.21776504297995,8.30945558739255,67.90830945558739
E00136782,260,54,20,34,206,25,181,20.76923076923077,7.6923076923076925,13.076923076923078,79.23076923076923,9.615384615384617,69.61538461538461
E00136783,304,80,44,36,224,14,210,26.31578947368421,14.473684210526317,11.842105263157894,73.68421052631578,4.605263157894736,69.07894736842105
E00136784,513,81,33,48,432,58,374,15.789473684210526,6.432748538011696,9.35672514619883,84.21052631578947,11.306042884990253,72.90448343079922
E00136785,173,22,5,17,151,16,135,12.716763005780345,2.8901734104046244,9.826589595375722,87.28323699421965,9.248554913294797,78.03468208092485
E00136786,278,60,33,27,218,25,193,21.58273381294964,11.870503597122301,9.712230215827338,78.41726618705036,8.992805755395683,69.42446043165468
E00136787,296,64,22,42,232,16,216,21.62162162162162,7.4324324324324325,14.18918918918919,78.37837837837837,5.405405405405405,72.97297297297297
E00136788,237,44,12,32,193,19,174,18.565400843881857,5.063291139240507,13.502109704641349,81.43459915611815,8.016877637130802,73.41772151898735
E00136789,409,76,21,55,333,41,292,18.581907090464547,5.134474327628362,13.447432762836186,81.41809290953546,10.024449877750612,71.39364303178483
E00136790,356,83,25,58,273,23,250,23.314606741573034,7.02247191011236,16.292134831460675,76.68539325842697,6.460674157303371,70.2247191011236
E00136791,333,81,53,28,252,33,219,24.324324324324326,15.915915915915916,8.408408408408409,75.67567567567568,9.90990990990991,65.76576576576578
E00136792,289,65,27,38,224,30,194,22.491349480968857,9.342560553633218,13.148788927335639,77.50865051903114,10.380622837370241,67.1280276816609
E00136793,311,80,39,41,231,23,208,25.723472668810288,12.540192926045016,13.183279742765272,74.27652733118971,7.395498392282958,66.88102893890675
E00136794,281,32,9,23,249,14,235,11.387900355871885,3.202846975088968,8.185053380782918,88.61209964412812,4.98220640569395,83.62989323843416
E00136795,273,63,24,39,210,21,189,23.076923076923077,8.791208791208792,14.285714285714285,76.92307692307693,7.6923076923076925,69.23076923076923
E00136796,286,65,20,45,221,21,200,22.727272727272727,6.993006993006993,15.734265734265735,77.27272727272727,7.3426573426573425,69.93006993006993
E00136797,316,57,15,42,259,29,230,18.037974683544302,4.746835443037975,13.291139240506327,81.9620253164557,9.177215189873419,72.78481012658227
E00136798,198,48,19,29,150,11,139,24.242424242424242,9.595959595959595,14.646464646464647,75.75757575757575,5.555555555555555,70.2020202020202
E00136799,280,42,24,18,238,23,215,15,8.571428571428571,6.428571428571428,85,8.214285714285714,76.78571428571429
E00136800,292,48,18,30,244,29,215,16.43835616438356,6.164383561643835,10.273972602739725,83.56164383561644,9.931506849315069,73.63013698630137
E00136801,519,68,30,38,451,38,413,13.102119460500964,5.780346820809249,7.321772639691715,86.89788053949904,7.321772639691715,79.57610789980733
E00136802,347,65,23,42,282,31,251,18.73198847262248,6.628242074927954,12.103746397694524,81.26801152737752,8.93371757925072,72.3342939481268
E00136803,146,27,7,20,119,9,110,18.493150684931507,4.794520547945205,13.698630136986301,81.5068493150685,6.164383561643835,75.34246575342466
E00136804,379,68,21,47,311,39,272,17.941952506596305,5.540897097625329,12.401055408970976,82.05804749340369,10.29023746701847,71.76781002638522
E00136805,113,18,8,10,95,15,80,15.929203539823009,7.079646017699115,8.849557522123893,84.070796460177,13.274336283185843,70.79646017699115
E00136806,302,61,12,49,241,25,216,20.198675496688743,3.9735099337748347,16.225165562913908,79.80132450331125,8.27814569536424,71.52317880794702
E00136808,130,34,15,19,96,9,87,26.153846153846157,11.538461538461538,14.615384615384617,73.84615384615385,6.923076923076923,66.92307692307692
E00136810,400,63,19,44,337,39,298,15.75,4.75,11,84.25,9.75,74.5
E00136811,392,72,30,42,320,37,283,18.367346938775512,7.653061224489796,10.714285714285714,81.63265306122449,9.438775510204081,72.1938775510204
E00136812,429,82,29,53,347,35,312,19.114219114219114,6.75990675990676,12.354312354312354,80.88578088578089,8.158508158508159,72.72727272727273
E00136813,241,42,12,30,199,21,178,17.42738589211618,4.979253112033195,12.448132780082988,82.57261410788381,8.71369294605809,73.85892116182573
E00136814,185,53,28,25,132,17,115,28.64864864864865,15.135135135135137,13.513513513513514,71.35135135135135,9.18918918918919,62.16216216216216
E00136815,174,23,9,14,151,19,132,13.218390804597702,5.172413793103448,8.045977011494253,86.7816091954023,10.919540229885058,75.86206896551724
E00136816,408,72,33,39,336,31,305,17.647058823529413,8.088235294117647,9.558823529411764,82.35294117647058,7.598039215686274,74.75490196078431
E00136817,383,68,22,46,315,39,276,17.75456919060052,5.7441253263707575,12.010443864229766,82.24543080939948,10.182767624020887,72.0626631853786
E00136818,315,67,29,38,248,15,233,21.26984126984127,9.206349206349207,12.063492063492063,78.73015873015873,4.761904761904762,73.96825396825398
E00136819,270,44,11,33,226,18,208,16.296296296296298,4.074074074074074,12.222222222222221,83.7037037037037,6.666666666666667,77.03703703703704
E00136820,255,46,19,27,209,20,189,18.03921568627451,7.450980392156863,10.588235294117647,81.96078431372548,7.8431372549019605,74.11764705882354
E00136821,244,50,26,24,194,13,181,20.491803278688526,10.655737704918032,9.836065573770492,79.50819672131148,5.327868852459016,74.18032786885246
E00136822,254,51,21,30,203,31,172,20.078740157480315,8.267716535433072,11.811023622047244,79.92125984251969,12.204724409448819,67.71653543307087
E00136823,195,38,10,28,157,25,132,19.48717948717949,5.128205128205128,14.358974358974358,80.51282051282051,12.82051282051282,67.6923076923077
E00136824,149,15,4,11,134,13,121,10.06711409395973,2.684563758389262,7.38255033557047,89.93288590604027,8.724832214765101,81.20805369127517
E00136825,259,46,15,31,213,22,191,17.760617760617762,5.7915057915057915,11.96911196911197,82.23938223938224,8.494208494208493,73.74517374517374
E00136826,316,68,23,45,248,30,218,21.518987341772153,7.2784810126582276,14.240506329113925,78.48101265822784,9.49367088607595,68.9873417721519
E00136827,329,59,22,37,270,20,250,17.933130699088146,6.68693009118541,11.246200607902736,82.06686930091185,6.079027355623101,75.98784194528876
E00136829,337,76,32,44,261,25,236,22.551928783382788,9.495548961424333,13.056379821958458,77.44807121661721,7.418397626112759,70.02967359050444
E00136830,345,54,19,35,291,22,269,15.65217391304348,5.507246376811594,10.144927536231885,84.34782608695653,6.3768115942028984,77.97101449275362
E00136831,439,82,22,60,357,46,311,18.678815489749432,5.0113895216400905,13.66742596810934,81.32118451025056,10.478359908883828,70.84282460136674
E00136832,237,61,30,31,176,19,157,25.738396624472575,12.658227848101266,13.080168776371309,74.26160337552743,8.016877637130802,66.24472573839662
E00136833,213,50,23,27,163,15,148,23.474178403755868,10.7981220657277,12.676056338028168,76.52582159624414,7.042253521126761,69.48356807511738
E00136834,181,22,3,19,159,18,141,12.154696132596685,1.6574585635359116,10.497237569060774,87.84530386740332,9.94475138121547,77.90055248618785
E00136835,294,59,23,36,235,26,209,20.068027210884352,7.8231292517006805,12.244897959183673,79.93197278911565,8.843537414965986,71.08843537414967
E00136836,252,43,16,27,209,16,193,17.063492063492063,6.349206349206349,10.714285714285714,82.93650793650794,6.349206349206349,76.5873015873016
E00136837,282,75,31,44,207,25,182,26.595744680851062,10.99290780141844,15.602836879432624,73.40425531914893,8.865248226950355,64.53900709219859
E00136838,285,42,13,29,243,26,217,14.736842105263156,4.56140350877193,10.175438596491228,85.26315789473684,9.12280701754386,76.14035087719299
E00136839,379,65,28,37,314,29,285,17.150395778364118,7.387862796833773,9.762532981530343,82.84960422163589,7.651715039577836,75.19788918205805
E00136840,377,86,27,59,291,27,264,22.811671087533156,7.161803713527852,15.649867374005305,77.18832891246684,7.161803713527852,70.026525198939
E00136841,201,38,13,25,163,17,146,18.90547263681592,6.467661691542288,12.437810945273633,81.09452736318407,8.45771144278607,72.636815920398
E00136842,319,57,21,36,262,31,231,17.86833855799373,6.583072100313479,11.285266457680251,82.13166144200626,9.717868338557993,72.41379310344827
E00136843,291,57,29,28,234,28,206,19.587628865979383,9.965635738831615,9.621993127147768,80.41237113402062,9.621993127147768,70.79037800687286
E00136844,295,63,19,44,232,18,214,21.35593220338983,6.440677966101695,14.915254237288137,78.64406779661017,6.101694915254238,72.54237288135593
E00136845,338,66,33,33,272,26,246,19.526627218934912,9.763313609467456,9.763313609467456,80.4733727810651,7.6923076923076925,72.7810650887574
E00136846,318,55,18,37,263,21,242,17.29559748427673,5.660377358490567,11.635220125786164,82.70440251572327,6.60377358490566,76.10062893081762
E00136847,257,40,18,22,217,23,194,15.56420233463035,7.003891050583658,8.560311284046692,84.43579766536965,8.949416342412452,75.4863813229572
E00136848,284,47,15,32,237,24,213,16.549295774647888,5.28169014084507,11.267605633802818,83.45070422535211,8.450704225352112,75
E00136849,231,43,15,28,188,13,175,18.614718614718615,6.493506493506493,12.121212121212121,81.38528138528139,5.627705627705628,75.75757575757575
E00136850,482,115,48,67,367,36,331,23.858921161825727,9.95850622406639,13.900414937759336,76.14107883817427,7.468879668049793,68.67219917012449
E00136851,260,40,20,20,220,20,200,15.384615384615385,7.6923076923076925,7.6923076923076925,84.61538461538461,7.6923076923076925,76.92307692307693
E00136852,249,43,10,33,206,14,192,17.269076305220885,4.016064257028113,13.253012048192772,82.73092369477911,5.622489959839357,77.10843373493977
E00136853,266,40,12,28,226,21,205,15.037593984962406,4.511278195488721,10.526315789473683,84.9624060150376,7.894736842105263,77.06766917293233
E00136854,303,40,14,26,263,30,233,13.2013201320132,4.62046204620462,8.58085808580858,86.79867986798679,9.900990099009901,76.89768976897689
E00136855,264,25,7,18,239,30,209,9.469696969696969,2.6515151515151514,6.8181818181818175,90.53030303030303,11.363636363636363,79.16666666666666
E00136856,330,50,17,33,280,34,246,15.151515151515152,5.151515151515151,10,84.84848484848484,10.303030303030303,74.54545454545455
E00136859,357,67,29,38,290,22,268,18.76750700280112,8.123249299719888,10.644257703081232,81.23249299719888,6.162464985994398,75.07002801120449
E00136860,259,43,11,32,216,25,191,16.602316602316602,4.247104247104247,12.355212355212355,83.3976833976834,9.652509652509652,73.74517374517374
E00136861,172,42,21,21,130,17,113,24.418604651162788,12.209302325581394,12.209302325581394,75.5813953488372,9.883720930232558,65.69767441860465
E00136862,313,57,20,37,256,31,225,18.210862619808307,6.3897763578274756,11.821086261980831,81.78913738019169,9.904153354632587,71.8849840255591
E00136863,265,61,33,28,204,14,190,23.0188679245283,12.452830188679245,10.566037735849058,76.9811320754717,5.283018867924529,71.69811320754717
E00136864,315,66,21,45,249,32,217,20.952380952380953,6.666666666666667,14.285714285714285,79.04761904761905,10.158730158730158,68.88888888888889
E00136865,296,55,16,39,241,35,206,18.58108108108108,5.405405405405405,13.175675675675674,81.41891891891892,11.824324324324325,69.5945945945946
E00136866,117,49,30,19,68,8,60,41.88034188034188,25.64102564102564,16.23931623931624,58.119658119658126,6.837606837606838,51.28205128205128
E00136867,211,62,26,36,149,14,135,29.383886255924168,12.322274881516588,17.061611374407583,70.61611374407583,6.6350710900473935,63.98104265402843
E00136868,285,52,23,29,233,29,204,18.24561403508772,8.070175438596491,10.175438596491228,81.75438596491227,10.175438596491228,71.57894736842105
E00136869,599,107,34,73,492,51,441,17.863105175292155,5.676126878130217,12.186978297161936,82.13689482470785,8.514190317195327,73.62270450751252
E00136870,291,45,20,25,246,22,224,15.463917525773196,6.872852233676976,8.59106529209622,84.5360824742268,7.560137457044673,76.97594501718214
E00136871,249,31,15,16,218,19,199,12.449799196787147,6.024096385542169,6.425702811244979,87.55020080321285,7.630522088353414,79.91967871485943
E00136872,375,121,62,59,254,26,228,32.266666666666666,16.53333333333333,15.733333333333333,67.73333333333333,6.933333333333333,60.8
E00136873,325,107,38,69,218,23,195,32.92307692307692,11.692307692307692,21.23076923076923,67.07692307692308,7.076923076923077,60
E00136874,239,40,18,22,199,13,186,16.736401673640167,7.531380753138076,9.205020920502092,83.26359832635984,5.439330543933055,77.82426778242679
E00136875,426,80,28,52,346,34,312,18.779342723004692,6.572769953051644,12.206572769953052,81.2206572769953,7.981220657276995,73.23943661971832
E00136876,415,76,24,52,339,36,303,18.313253012048193,5.783132530120482,12.530120481927712,81.6867469879518,8.674698795180722,73.01204819277109
E00136877,290,81,35,46,209,22,187,27.93103448275862,12.068965517241379,15.862068965517242,72.06896551724138,7.586206896551724,64.48275862068965
E00136878,236,44,11,33,192,34,158,18.64406779661017,4.661016949152542,13.983050847457626,81.35593220338984,14.40677966101695,66.94915254237289
E00136879,236,44,16,28,192,22,170,18.64406779661017,6.779661016949152,11.864406779661017,81.35593220338984,9.322033898305085,72.03389830508475
E00136880,254,33,9,24,221,17,204,12.992125984251967,3.543307086614173,9.448818897637794,87.00787401574803,6.692913385826772,80.31496062992126
E00136881,283,50,25,25,233,20,213,17.6678445229682,8.8339222614841,8.8339222614841,82.3321554770318,7.06713780918728,75.26501766784452
E00136882,348,58,17,41,290,27,263,16.666666666666664,4.885057471264368,11.781609195402298,83.33333333333334,7.758620689655173,75.57471264367817
E00136883,153,24,10,14,129,18,111,15.686274509803921,6.535947712418301,9.15032679738562,84.31372549019608,11.76470588235294,72.54901960784314
E00136884,337,59,17,42,278,24,254,17.50741839762611,5.044510385756676,12.462908011869436,82.49258160237389,7.121661721068249,75.37091988130564
E00136886,430,84,35,49,346,29,317,19.53488372093023,8.13953488372093,11.395348837209303,80.46511627906978,6.744186046511628,73.72093023255813
E00136887,259,92,50,42,167,13,154,35.521235521235525,19.305019305019304,16.216216216216218,64.47876447876449,5.019305019305019,59.45945945945946
E00136888,258,44,18,26,214,23,191,17.05426356589147,6.976744186046512,10.077519379844961,82.94573643410853,8.914728682170542,74.03100775193798
E00136889,258,44,14,30,214,23,191,17.05426356589147,5.426356589147287,11.627906976744185,82.94573643410853,8.914728682170542,74.03100775193798
E00136890,477,76,23,53,401,45,356,15.932914046121594,4.821802935010482,11.11111111111111,84.0670859538784,9.433962264150944,74.63312368972747
E00136891,342,98,58,40,244,28,216,28.654970760233915,16.95906432748538,11.695906432748536,71.34502923976608,8.187134502923977,63.1578947368421
E00136892,180,31,9,22,149,14,135,17.22222222222222,5,12.222222222222221,82.77777777777777,7.777777777777778,75
E00136893,309,37,12,25,272,40,232,11.974110032362459,3.8834951456310676,8.090614886731391,88.02588996763754,12.944983818770226,75.08090614886731
E00136894,485,68,26,42,417,30,387,14.02061855670103,5.360824742268041,8.65979381443299,85.97938144329898,6.185567010309279,79.79381443298969
E00136895,308,69,22,47,239,25,214,22.4025974025974,7.142857142857142,15.259740259740258,77.59740259740259,8.116883116883116,69.48051948051948
E00136897,325,49,12,37,276,22,254,15.076923076923077,3.6923076923076925,11.384615384615385,84.92307692307692,6.769230769230769,78.15384615384615
E00136899,288,56,21,35,232,31,201,19.444444444444446,7.291666666666667,12.152777777777777,80.55555555555556,10.76388888888889,69.79166666666666
E00136900,369,110,54,56,259,26,233,29.81029810298103,14.634146341463413,15.176151761517614,70.18970189701898,7.046070460704606,63.143631436314365
E00136901,211,45,9,36,166,18,148,21.32701421800948,4.265402843601896,17.061611374407583,78.67298578199052,8.530805687203792,70.14218009478674
E00136902,308,42,18,24,266,29,237,13.636363636363635,5.844155844155844,7.792207792207792,86.36363636363636,9.415584415584416,76.94805194805194
E00136903,330,66,31,35,264,31,233,20,9.393939393939393,10.606060606060606,80,9.393939393939393,70.60606060606061
E00136904,287,69,27,42,218,20,198,24.041811846689896,9.40766550522648,14.634146341463413,75.9581881533101,6.968641114982578,68.98954703832753
E00136905,287,50,18,32,237,19,218,17.421602787456447,6.2717770034843205,11.149825783972126,82.57839721254355,6.620209059233449,75.9581881533101
E00136906,327,69,27,42,258,20,238,21.100917431192663,8.256880733944955,12.844036697247708,78.89908256880734,6.116207951070336,72.78287461773701
E00136907,263,58,25,33,205,13,192,22.0532319391635,9.505703422053232,12.547528517110266,77.9467680608365,4.942965779467681,73.00380228136882
E00136908,234,38,16,22,196,22,174,16.23931623931624,6.837606837606838,9.401709401709402,83.76068376068376,9.401709401709402,74.35897435897436
E00136909,289,53,18,35,236,22,214,18.33910034602076,6.228373702422145,12.110726643598616,81.66089965397923,7.612456747404845,74.0484429065744
E00136910,290,53,17,36,237,28,209,18.275862068965516,5.862068965517241,12.413793103448276,81.72413793103448,9.655172413793103,72.06896551724138
E00136911,289,56,16,40,233,25,208,19.377162629757784,5.536332179930796,13.84083044982699,80.62283737024222,8.650519031141869,71.97231833910035
E00136912,279,42,19,23,237,20,217,15.053763440860216,6.810035842293908,8.24372759856631,84.94623655913979,7.168458781362006,77.77777777777779
E00136913,271,52,16,36,219,32,187,19.18819188191882,5.904059040590406,13.284132841328415,80.81180811808119,11.808118081180812,69.00369003690037
E00136914,325,59,24,35,266,24,242,18.153846153846153,7.384615384615385,10.76923076923077,81.84615384615384,7.384615384615385,74.46153846153845
E00136915,229,93,47,46,136,14,122,40.61135371179039,20.52401746724891,20.087336244541483,59.388646288209614,6.11353711790393,53.275109170305676
E00136916,285,59,28,31,226,32,194,20.701754385964914,9.824561403508772,10.87719298245614,79.2982456140351,11.228070175438596,68.0701754385965
E00136917,294,47,16,31,247,16,231,15.98639455782313,5.442176870748299,10.54421768707483,84.01360544217688,5.442176870748299,78.57142857142857
E00136918,290,56,24,32,234,22,212,19.310344827586206,8.275862068965518,11.03448275862069,80.6896551724138,7.586206896551724,73.10344827586206
E00136919,271,45,18,27,226,19,207,16.605166051660518,6.642066420664207,9.96309963099631,83.39483394833948,7.011070110701106,76.38376383763837
E00136920,290,50,12,38,240,30,210,17.24137931034483,4.137931034482759,13.10344827586207,82.75862068965517,10.344827586206897,72.41379310344827
E00136921,266,64,29,35,202,19,183,24.06015037593985,10.902255639097744,13.157894736842104,75.93984962406014,7.142857142857142,68.796992481203
E00136922,298,68,33,35,230,19,211,22.818791946308725,11.073825503355705,11.74496644295302,77.18120805369128,6.375838926174497,70.80536912751678
E00136923,316,51,18,33,265,43,222,16.139240506329113,5.69620253164557,10.443037974683545,83.86075949367088,13.60759493670886,70.25316455696202
E00136924,282,47,18,29,235,24,211,16.666666666666664,6.382978723404255,10.28368794326241,83.33333333333334,8.51063829787234,74.822695035461
E00136925,501,101,36,65,400,42,358,20.159680638722556,7.18562874251497,12.974051896207584,79.84031936127745,8.383233532934131,71.45708582834331
E00136926,318,70,32,38,248,25,223,22.0125786163522,10.062893081761008,11.949685534591195,77.9874213836478,7.861635220125786,70.12578616352201
E00136927,391,57,22,35,334,26,308,14.578005115089516,5.626598465473146,8.951406649616368,85.42199488491049,6.649616368286446,78.77237851662404
E00136928,306,40,9,31,266,35,231,13.071895424836603,2.941176470588235,10.130718954248366,86.9281045751634,11.437908496732026,75.49019607843137
E00136929,278,45,16,29,233,29,204,16.18705035971223,5.755395683453238,10.431654676258994,83.81294964028777,10.431654676258994,73.38129496402878
E00136930,206,37,16,21,169,17,152,17.96116504854369,7.766990291262135,10.194174757281553,82.03883495145631,8.25242718446602,73.7864077669903
E00136931,293,57,17,40,236,29,207,19.453924914675767,5.802047781569966,13.651877133105803,80.54607508532423,9.897610921501707,70.64846416382252
E00136932,279,51,13,38,228,35,193,18.27956989247312,4.659498207885305,13.620071684587815,81.72043010752688,12.544802867383511,69.17562724014337
E00136933,198,52,23,29,146,20,126,26.262626262626267,11.616161616161616,14.646464646464647,73.73737373737373,10.1010101010101,63.63636363636363
E00136934,201,63,29,34,138,12,126,31.343283582089555,14.427860696517413,16.91542288557214,68.65671641791045,5.970149253731343,62.68656716417911
E00136935,312,84,44,40,228,18,210,26.923076923076923,14.102564102564102,12.82051282051282,73.07692307692307,5.769230769230769,67.3076923076923
E00136936,356,107,58,49,249,22,227,30.0561797752809,16.292134831460675,13.764044943820226,69.9438202247191,6.179775280898876,63.76404494382022
E00136937,131,22,5,17,109,13,96,16.793893129770993,3.816793893129771,12.977099236641221,83.20610687022901,9.923664122137405,73.2824427480916
E00136938,241,48,14,34,193,32,161,19.91701244813278,5.809128630705394,14.107883817427386,80.08298755186722,13.278008298755188,66.80497925311202
E00136939,261,38,10,28,223,26,197,14.559386973180077,3.8314176245210727,10.727969348659004,85.44061302681992,9.961685823754788,75.47892720306514
E00136940,236,49,15,34,187,28,159,20.76271186440678,6.3559322033898304,14.40677966101695,79.23728813559322,11.864406779661017,67.37288135593221
E00136941,283,56,30,26,227,30,197,19.78798586572438,10.60070671378092,9.187279151943462,80.21201413427562,10.60070671378092,69.6113074204947
E00136942,269,82,40,42,187,21,166,30.483271375464682,14.869888475836431,15.613382899628252,69.51672862453532,7.806691449814126,61.71003717472119
E00136943,308,46,9,37,262,35,227,14.935064935064934,2.922077922077922,12.012987012987013,85.06493506493507,11.363636363636363,73.7012987012987
E00136945,270,55,20,35,215,23,192,20.37037037037037,7.4074074074074066,12.962962962962962,79.62962962962963,8.518518518518519,71.11111111111111
E00136946,192,49,23,26,143,10,133,25.520833333333332,11.979166666666668,13.541666666666666,74.47916666666666,5.208333333333334,69.27083333333334
E00136947,280,43,14,29,237,24,213,15.357142857142858,5,10.357142857142858,84.64285714285714,8.571428571428571,76.07142857142857
E00136949,198,71,24,47,127,18,109,35.858585858585855,12.121212121212121,23.737373737373737,64.14141414141415,9.090909090909092,55.05050505050505
E00136950,304,62,23,39,242,23,219,20.394736842105264,7.565789473684211,12.828947368421053,79.60526315789474,7.565789473684211,72.03947368421053
E00136951,226,40,11,29,186,15,171,17.699115044247787,4.867256637168142,12.831858407079647,82.30088495575221,6.637168141592921,75.66371681415929
E00136952,475,69,23,46,406,37,369,14.526315789473685,4.842105263157895,9.68421052631579,85.47368421052632,7.7894736842105265,77.6842105263158
E00136953,376,82,26,56,294,30,264,21.808510638297875,6.914893617021277,14.893617021276595,78.19148936170212,7.9787234042553195,70.2127659574468
E00136954,271,52,21,31,219,24,195,19.18819188191882,7.7490774907749085,11.439114391143912,80.81180811808119,8.856088560885608,71.95571955719558
E00136955,230,55,24,31,175,18,157,23.91304347826087,10.434782608695652,13.478260869565217,76.08695652173914,7.82608695652174,68.26086956521739
E00136956,336,57,26,31,279,40,239,16.964285714285715,7.738095238095238,9.226190476190476,83.03571428571429,11.904761904761903,71.13095238095238
E00136957,331,52,18,34,279,32,247,15.709969788519636,5.438066465256798,10.27190332326284,84.29003021148036,9.667673716012084,74.62235649546828
E00136958,363,45,12,33,318,37,281,12.396694214876034,3.3057851239669422,9.090909090909092,87.60330578512396,10.192837465564738,77.41046831955923
E00136959,590,74,18,56,516,47,469,12.54237288135593,3.050847457627119,9.491525423728813,87.45762711864407,7.966101694915253,79.49152542372882
E00136960,156,32,15,17,124,19,105,20.51282051282051,9.615384615384617,10.897435897435898,79.48717948717949,12.179487179487179,67.3076923076923
E00136961,169,28,9,19,141,9,132,16.56804733727811,5.325443786982249,11.242603550295858,83.4319526627219,5.325443786982249,78.10650887573965
E00136962,444,91,35,56,353,28,325,20.495495495495494,7.882882882882883,12.612612612612612,79.5045045045045,6.306306306306306,73.1981981981982
E00136963,284,34,6,28,250,38,212,11.971830985915492,2.112676056338028,9.859154929577464,88.02816901408451,13.380281690140844,74.64788732394366
E00136964,291,33,9,24,258,25,233,11.34020618556701,3.0927835051546393,8.24742268041237,88.65979381443299,8.59106529209622,80.06872852233677
E00136965,290,54,22,32,236,21,215,18.620689655172416,7.586206896551724,11.03448275862069,81.37931034482759,7.241379310344828,74.13793103448276
E00136967,464,106,55,51,358,30,328,22.844827586206897,11.85344827586207,10.991379310344827,77.15517241379311,6.4655172413793105,70.6896551724138
E00136969,580,96,38,58,484,31,453,16.551724137931036,6.551724137931035,10,83.44827586206897,5.344827586206897,78.10344827586206
E00136972,255,54,23,31,201,24,177,21.176470588235293,9.019607843137255,12.156862745098039,78.82352941176471,9.411764705882353,69.41176470588235
E00136973,311,57,20,37,254,25,229,18.327974276527332,6.430868167202572,11.89710610932476,81.67202572347267,8.038585209003216,73.63344051446946
E00136974,226,31,8,23,195,23,172,13.716814159292035,3.5398230088495577,10.176991150442479,86.28318584070797,10.176991150442479,76.10619469026548
E00136975,155,27,16,11,128,13,115,17.419354838709676,10.32258064516129,7.096774193548387,82.58064516129032,8.38709677419355,74.19354838709677
E00136976,325,59,16,43,266,39,227,18.153846153846153,4.923076923076923,13.230769230769232,81.84615384615384,12,69.84615384615384
E00136977,194,39,16,23,155,23,132,20.103092783505154,8.24742268041237,11.855670103092782,79.89690721649485,11.855670103092782,68.04123711340206
E00136978,139,23,8,15,116,7,109,16.546762589928058,5.755395683453238,10.79136690647482,83.45323741007195,5.0359712230215825,78.41726618705036
E00136979,426,62,22,40,364,33,331,14.553990610328638,5.164319248826291,9.389671361502346,85.44600938967136,7.746478873239436,77.69953051643192
E00136980,281,49,18,31,232,25,207,17.437722419928825,6.405693950177936,11.032028469750891,82.56227758007117,8.896797153024911,73.66548042704626
E00136981,352,46,12,34,306,42,264,13.068181818181818,3.4090909090909087,9.659090909090908,86.93181818181817,11.931818181818182,75
E00136982,220,38,14,24,182,19,163,17.272727272727273,6.363636363636363,10.909090909090908,82.72727272727273,8.636363636363637,74.0909090909091
E00136983,174,36,16,20,138,18,120,20.689655172413794,9.195402298850574,11.494252873563218,79.3103448275862,10.344827586206897,68.96551724137932
E00136984,189,24,10,14,165,16,149,12.698412698412698,5.291005291005291,7.4074074074074066,87.3015873015873,8.465608465608465,78.83597883597884
E00136985,257,58,25,33,199,23,176,22.56809338521401,9.72762645914397,12.840466926070038,77.431906614786,8.949416342412452,68.48249027237354
E00136986,319,38,11,27,281,32,249,11.912225705329153,3.4482758620689653,8.463949843260188,88.08777429467085,10.031347962382444,78.0564263322884
E00136987,360,54,16,38,306,38,268,15,4.444444444444445,10.555555555555555,85,10.555555555555555,74.44444444444444
E00136988,346,41,15,26,305,37,268,11.849710982658959,4.335260115606936,7.514450867052023,88.15028901734104,10.69364161849711,77.45664739884393
E00136989,208,31,12,19,177,12,165,14.903846153846153,5.769230769230769,9.134615384615383,85.09615384615384,5.769230769230769,79.32692307692307
E00136990,299,39,19,20,260,19,241,13.043478260869565,6.354515050167224,6.688963210702341,86.95652173913044,6.354515050167224,80.60200668896321
E00136991,388,86,39,47,302,22,280,22.164948453608247,10.051546391752577,12.11340206185567,77.83505154639175,5.670103092783505,72.16494845360825
E00136992,241,31,10,21,210,19,191,12.863070539419086,4.149377593360995,8.71369294605809,87.13692946058092,7.883817427385892,79.25311203319502
E00136993,386,88,45,43,298,31,267,22.797927461139896,11.658031088082902,11.139896373056994,77.2020725388601,8.031088082901555,69.17098445595855
E00136995,270,47,14,33,223,25,198,17.40740740740741,5.185185185185185,12.222222222222221,82.5925925925926,9.25925925925926,73.33333333333333
E00136996,250,67,31,36,183,23,160,26.8,12.4,14.399999999999999,73.2,9.2,64
E00136997,278,50,18,32,228,19,209,17.985611510791365,6.474820143884892,11.510791366906476,82.01438848920863,6.83453237410072,75.17985611510791
E00136998,293,47,19,28,246,35,211,16.040955631399317,6.484641638225256,9.556313993174061,83.95904436860067,11.945392491467576,72.01365187713311
E00136999,214,39,10,29,175,20,155,18.22429906542056,4.672897196261682,13.551401869158877,81.77570093457945,9.345794392523365,72.42990654205607
E00137000,493,92,39,53,401,40,361,18.66125760649087,7.910750507099391,10.75050709939148,81.33874239350912,8.113590263691684,73.22515212981745
E00137001,207,22,11,11,185,23,162,10.628019323671497,5.314009661835748,5.314009661835748,89.3719806763285,11.11111111111111,78.26086956521739
E00137002,315,71,25,46,244,28,216,22.53968253968254,7.936507936507936,14.603174603174605,77.46031746031747,8.88888888888889,68.57142857142857
E00137003,263,52,17,35,211,21,190,19.771863117870723,6.4638783269961975,13.307984790874524,80.22813688212928,7.984790874524715,72.24334600760456
E00137004,341,84,52,32,257,31,226,24.633431085043988,15.249266862170089,9.3841642228739,75.366568914956,9.090909090909092,66.27565982404691
E00137005,256,49,29,20,207,15,192,19.140625,11.328125,7.8125,80.859375,5.859375,75
E00137006,277,47,17,30,230,24,206,16.967509025270758,6.137184115523466,10.830324909747292,83.03249097472924,8.664259927797833,74.36823104693141
E00137007,244,41,18,23,203,20,183,16.80327868852459,7.377049180327869,9.426229508196721,83.19672131147541,8.19672131147541,75
E00137008,194,34,14,20,160,24,136,17.525773195876287,7.216494845360824,10.309278350515463,82.4742268041237,12.371134020618557,70.10309278350515
E00137009,137,13,2,11,124,11,113,9.48905109489051,1.4598540145985401,8.02919708029197,90.51094890510949,8.02919708029197,82.48175182481752
E00137010,166,30,9,21,136,17,119,18.072289156626507,5.421686746987952,12.650602409638553,81.92771084337349,10.240963855421686,71.6867469879518
E00137011,505,86,34,52,419,37,382,17.02970297029703,6.732673267326733,10.297029702970297,82.97029702970296,7.326732673267326,75.64356435643565
E00137012,350,67,24,43,283,24,259,19.142857142857142,6.857142857142858,12.285714285714286,80.85714285714286,6.857142857142858,74
E00137013,340,55,20,35,285,32,253,16.176470588235293,5.88235294117647,10.294117647058822,83.82352941176471,9.411764705882353,74.41176470588235
E00137014,391,53,18,35,338,28,310,13.554987212276215,4.603580562659847,8.951406649616368,86.44501278772378,7.161125319693094,79.28388746803068
E00137015,336,88,36,52,248,39,209,26.190476190476193,10.714285714285714,15.476190476190476,73.80952380952381,11.607142857142858,62.202380952380956
E00137016,461,55,20,35,406,32,374,11.930585683297181,4.3383947939262475,7.592190889370933,88.06941431670282,6.941431670281996,81.12798264642083
E00137017,422,57,14,43,365,29,336,13.507109004739338,3.3175355450236967,10.189573459715639,86.49289099526067,6.872037914691943,79.62085308056872
E00137018,338,84,49,35,254,43,211,24.85207100591716,14.497041420118343,10.355029585798817,75.14792899408283,12.721893491124261,62.42603550295858
E00137019,319,71,22,49,248,24,224,22.25705329153605,6.896551724137931,15.360501567398119,77.74294670846395,7.523510971786834,70.21943573667711
E00137020,336,62,22,40,274,28,246,18.452380952380953,6.547619047619048,11.904761904761903,81.54761904761905,8.333333333333332,73.21428571428571
E00137021,259,86,41,45,173,12,161,33.204633204633204,15.83011583011583,17.374517374517374,66.79536679536679,4.633204633204633,62.16216216216216
E00137022,257,58,28,30,199,15,184,22.56809338521401,10.894941634241246,11.673151750972762,77.431906614786,5.836575875486381,71.59533073929961
E00137023,369,71,23,48,298,35,263,19.241192411924118,6.233062330623306,13.008130081300814,80.75880758807588,9.48509485094851,71.27371273712737
E00137024,188,35,15,20,153,15,138,18.617021276595743,7.9787234042553195,10.638297872340425,81.38297872340425,7.9787234042553195,73.40425531914893
E00137025,334,60,21,39,274,33,241,17.964071856287426,6.287425149700598,11.676646706586826,82.03592814371258,9.880239520958083,72.15568862275448
E00137026,263,66,29,37,197,33,164,25.09505703422053,11.02661596958175,14.068441064638785,74.90494296577947,12.547528517110266,62.3574144486692
E00137027,514,60,15,45,454,41,413,11.673151750972762,2.9182879377431905,8.754863813229571,88.32684824902724,7.976653696498054,80.35019455252919
E00137029,347,50,13,37,297,27,270,14.409221902017292,3.7463976945244957,10.662824207492795,85.5907780979827,7.780979827089338,77.80979827089337
E00137030,284,54,17,37,230,22,208,19.014084507042252,5.985915492957746,13.028169014084506,80.98591549295774,7.746478873239436,73.23943661971832
E00137031,210,22,6,16,188,12,176,10.476190476190476,2.857142857142857,7.6190476190476195,89.52380952380953,5.714285714285714,83.80952380952381
E00137033,207,25,4,21,182,14,168,12.077294685990339,1.932367149758454,10.144927536231885,87.92270531400966,6.763285024154589,81.15942028985508
E00137034,346,68,31,37,278,19,259,19.653179190751445,8.959537572254336,10.69364161849711,80.34682080924856,5.491329479768786,74.85549132947978
E00137035,395,89,41,48,306,41,265,22.531645569620252,10.379746835443038,12.151898734177214,77.46835443037975,10.379746835443038,67.08860759493672
E00137036,305,55,18,37,250,21,229,18.0327868852459,5.901639344262295,12.131147540983607,81.9672131147541,6.885245901639345,75.08196721311475
E00137037,296,38,13,25,258,19,239,12.837837837837837,4.391891891891892,8.445945945945946,87.16216216216216,6.418918918918918,80.74324324324324
E00137038,239,30,4,26,209,26,183,12.552301255230125,1.6736401673640167,10.87866108786611,87.44769874476988,10.87866108786611,76.56903765690377
E00137039,282,53,17,36,229,27,202,18.79432624113475,6.028368794326241,12.76595744680851,81.20567375886525,9.574468085106384,71.63120567375887
E00137040,272,38,8,30,234,23,211,13.970588235294118,2.941176470588235,11.029411764705882,86.02941176470588,8.455882352941178,77.57352941176471
E00137041,251,54,18,36,197,32,165,21.51394422310757,7.171314741035857,14.342629482071715,78.48605577689243,12.749003984063744,65.73705179282868
E00137042,297,30,8,22,267,37,230,10.1010101010101,2.6936026936026933,7.4074074074074066,89.8989898989899,12.457912457912458,77.44107744107744
E00137043,124,29,14,15,95,7,88,23.387096774193548,11.29032258064516,12.096774193548388,76.61290322580645,5.64516129032258,70.96774193548387
E00137044,282,45,26,19,237,29,208,15.957446808510639,9.219858156028367,6.73758865248227,84.04255319148936,10.28368794326241,73.75886524822694
E00137045,290,48,15,33,242,26,216,16.551724137931036,5.172413793103448,11.379310344827587,83.44827586206897,8.96551724137931,74.48275862068967
E00137046,352,77,27,50,275,28,247,21.875,7.670454545454546,14.204545454545455,78.125,7.954545454545454,70.17045454545455
E00137047,109,25,10,15,84,12,72,22.93577981651376,9.174311926605505,13.761467889908257,77.06422018348624,11.009174311926607,66.05504587155964
E00137048,308,55,23,32,253,30,223,17.857142857142858,7.467532467532467,10.38961038961039,82.14285714285714,9.740259740259742,72.40259740259741
E00137049,362,65,19,46,297,40,257,17.955801104972377,5.248618784530387,12.70718232044199,82.04419889502762,11.049723756906078,70.99447513812154
E00137050,476,81,33,48,395,54,341,17.016806722689076,6.932773109243698,10.084033613445378,82.98319327731093,11.344537815126051,71.63865546218487
E00137051,340,53,15,38,287,25,262,15.588235294117647,4.411764705882353,11.176470588235295,84.41176470588235,7.352941176470589,77.05882352941177
E00137052,126,29,17,12,97,12,85,23.015873015873016,13.492063492063492,9.523809523809524,76.98412698412699,9.523809523809524,67.46031746031747
E00137053,252,52,20,32,200,21,179,20.634920634920633,7.936507936507936,12.698412698412698,79.36507936507937,8.333333333333332,71.03174603174604
E00137054,500,123,55,68,377,38,339,24.6,11,13.600000000000001,75.4,7.6,67.80000000000001
E00137055,395,43,13,30,352,42,310,10.886075949367088,3.2911392405063293,7.59493670886076,89.1139240506329,10.632911392405063,78.48101265822784
E00137057,305,28,12,16,277,34,243,9.180327868852459,3.934426229508197,5.245901639344262,90.81967213114754,11.147540983606557,79.67213114754098
E00137058,251,55,17,38,196,24,172,21.91235059760956,6.772908366533864,15.139442231075698,78.08764940239044,9.56175298804781,68.52589641434263
E00137059,261,56,17,39,205,21,184,21.455938697318008,6.513409961685824,14.942528735632186,78.544061302682,8.045977011494253,70.49808429118774
E00137060,229,40,18,22,189,24,165,17.46724890829694,7.860262008733625,9.606986899563319,82.53275109170306,10.480349344978166,72.0524017467249
E00137061,392,59,20,39,333,37,296,15.051020408163266,5.1020408163265305,9.948979591836734,84.94897959183673,9.438775510204081,75.51020408163265
E00137062,308,52,14,38,256,28,228,16.883116883116884,4.545454545454546,12.337662337662337,83.11688311688312,9.090909090909092,74.02597402597402
E00137063,359,58,20,38,301,23,278,16.15598885793872,5.571030640668524,10.584958217270195,83.84401114206128,6.406685236768802,77.43732590529248
E00137064,152,30,8,22,122,24,98,19.736842105263158,5.263157894736842,14.473684210526317,80.26315789473685,15.789473684210526,64.47368421052632
E00137066,432,93,47,46,339,33,306,21.52777777777778,10.87962962962963,10.648148148148149,78.47222222222221,7.638888888888889,70.83333333333334
E00137067,265,44,16,28,221,25,196,16.60377358490566,6.037735849056604,10.566037735849058,83.39622641509435,9.433962264150944,73.9622641509434
E00137068,173,31,11,20,142,17,125,17.91907514450867,6.358381502890173,11.560693641618498,82.08092485549133,9.826589595375722,72.25433526011561
E00137069,572,88,32,56,484,57,427,15.384615384615385,5.594405594405594,9.79020979020979,84.61538461538461,9.965034965034965,74.65034965034964
E00174622,471,46,15,31,425,49,376,9.766454352441615,3.1847133757961785,6.581740976645436,90.23354564755839,10.40339702760085,79.83014861995754
E00174624,341,86,37,49,255,24,231,25.219941348973606,10.850439882697946,14.369501466275661,74.7800586510264,7.038123167155426,67.74193548387096
E00174627,443,64,25,39,379,43,336,14.446952595936793,5.643340857787811,8.803611738148984,85.55304740406321,9.706546275395034,75.84650112866818
E00174628,279,30,10,20,249,30,219,10.75268817204301,3.584229390681003,7.168458781362006,89.24731182795699,10.75268817204301,78.49462365591397
E00174629,453,75,17,58,378,35,343,16.55629139072848,3.7527593818984544,12.803532008830022,83.44370860927152,7.72626931567329,75.71743929359823
E00174631,369,64,22,42,305,24,281,17.344173441734416,5.9620596205962055,11.38211382113821,82.65582655826557,6.504065040650407,76.15176151761518
E00174632,389,45,17,28,344,41,303,11.568123393316196,4.370179948586118,7.197943444730077,88.4318766066838,10.539845758354756,77.89203084832906
E00174633,542,94,40,54,448,50,398,17.343173431734318,7.380073800738007,9.96309963099631,82.65682656826569,9.22509225092251,73.43173431734317
E00174634,435,32,8,24,403,31,372,7.35632183908046,1.839080459770115,5.517241379310345,92.643678160919535,7.126436781609195,85.51724137931035
E00174635,217,48,17,31,169,20,149,22.119815668202765,7.834101382488479,14.285714285714285,77.88018433179722,9.216589861751153,68.66359447004609
E00174636,354,52,17,35,302,35,267,14.689265536723164,4.80225988700565,9.887005649717514,85.31073446327684,9.887005649717514,75.42372881355932
E00174637,504,52,23,29,452,42,410,10.317460317460316,4.563492063492063,5.753968253968254,89.68253968253968,8.333333333333332,81.34920634920636
E00174638,307,52,14,38,255,25,230,16.938110749185668,4.5602605863192185,12.37785016286645,83.06188925081433,8.143322475570033,74.9185667752443
E00174639,311,38,7,31,273,24,249,12.218649517684888,2.2508038585209005,9.967845659163988,87.78135048231512,7.717041800643088,80.06430868167203
E00174641,349,54,19,35,295,26,269,15.472779369627506,5.444126074498568,10.028653295128938,84.5272206303725,7.4498567335243555,77.07736389684814
E00174642,314,40,12,28,274,28,246,12.738853503184714,3.821656050955414,8.9171974522293,87.26114649681529,8.9171974522293,78.343949044586
E00174644,399,86,56,30,313,40,273,21.553884711779446,14.035087719298245,7.518796992481203,78.44611528822055,10.025062656641603,68.42105263157895
E00174645,402,38,12,26,364,24,340,9.45273631840796,2.9850746268656714,6.467661691542288,90.54726368159204,5.970149253731343,84.5771144278607
E00174646,272,35,16,19,237,24,213,12.867647058823529,5.88235294117647,6.985294117647059,87.13235294117648,8.823529411764707,78.30882352941177
E00174647,280,62,23,39,218,25,193,22.142857142857142,8.214285714285714,13.928571428571429,77.85714285714286,8.928571428571429,68.92857142857143
E00174648,308,48,15,33,260,32,228,15.584415584415584,4.870129870129871,10.714285714285714,84.4155844155844,10.38961038961039,74.02597402597402
E00187876,350,50,16,34,300,27,273,14.285714285714285,4.571428571428571,9.714285714285714,85.71428571428571,7.7142857142857135,78
E00187878,363,58,21,37,305,28,277,15.977961432506888,5.785123966942149,10.192837465564738,84.02203856749311,7.7134986225895315,76.30853994490359
E00187880,389,44,12,32,345,25,320,11.311053984575835,3.0848329048843186,8.226221079691516,88.68894601542416,6.426735218508997,82.26221079691517
E00187882,305,26,9,17,279,25,254,8.524590163934425,2.9508196721311477,5.573770491803279,91.47540983606557,8.19672131147541,83.27868852459017
E00187883,209,24,9,15,185,16,169,11.483253588516746,4.30622009569378,7.177033492822966,88.51674641148325,7.655502392344498,80.86124401913875
E00187886,447,36,20,16,411,50,361,8.053691275167784,4.47427293064877,3.5794183445190155,91.94630872483222,11.185682326621924,80.76062639821029
E00187887,383,47,16,31,336,35,301,12.27154046997389,4.177545691906006,8.093994778067886,87.72845953002611,9.138381201044385,78.59007832898173
E00187889,112,16,6,10,96,11,85,14.285714285714285,5.357142857142857,8.928571428571429,85.71428571428571,9.821428571428571,75.89285714285714
E00187890,140,16,4,12,124,8,116,11.428571428571429,2.857142857142857,8.571428571428571,88.57142857142857,5.714285714285714,82.85714285714286
E00187892,256,43,15,28,213,27,186,16.796875,5.859375,10.9375,83.203125,10.546875,72.65625
E00187893,274,30,12,18,244,21,223,10.948905109489052,4.37956204379562,6.569343065693431,89.05109489051095,7.664233576642336,81.38686131386861
E00187894,321,44,16,28,277,13,264,13.707165109034266,4.984423676012461,8.722741433021806,86.29283489096574,4.049844236760125,82.2429906542056
E00187897,394,57,23,34,337,33,304,14.467005076142131,5.83756345177665,8.629441624365482,85.53299492385787,8.375634517766498,77.15736040609137
E00187903,321,40,13,27,281,22,259,12.461059190031152,4.049844236760125,8.411214953271028,87.53894080996885,6.853582554517133,80.68535825545172
E00187905,294,51,17,34,243,28,215,17.346938775510203,5.782312925170068,11.564625850340136,82.6530612244898,9.523809523809524,73.12925170068027
E00187906,421,30,7,23,391,35,356,7.1258907363420425,1.66270783847981,5.463182897862233,92.87410926365796,8.31353919239905,84.56057007125891
E00187908,410,51,18,33,359,30,329,12.439024390243903,4.390243902439024,8.048780487804878,87.5609756097561,7.317073170731707,80.2439024390244
E00187909,133,9,3,6,124,11,113,6.7669172932330826,2.2556390977443606,4.511278195488721,93.23308270676691,8.270676691729323,84.9624060150376
E00187910,439,46,16,30,393,24,369,10.478359908883828,3.644646924829157,6.83371298405467,89.52164009111617,5.466970387243736,84.05466970387245
E00187915,480,70,27,43,410,39,371,14.583333333333334,5.625,8.958333333333334,85.41666666666666,8.125,77.29166666666667
E00187923,396,33,5,28,363,31,332,8.333333333333332,1.2626262626262625,7.07070707070707,91.66666666666666,7.828282828282829,83.83838383838383
E00187926,126,35,21,14,91,6,85,27.77777777777778,16.666666666666664,11.11111111111111,72.22222222222221,4.761904761904762,67.46031746031747
E00187928,398,59,17,42,339,28,311,14.824120603015075,4.271356783919598,10.552763819095476,85.17587939698493,7.035175879396985,78.14070351758794
E00187929,348,76,29,47,272,44,228,21.839080459770116,8.333333333333332,13.505747126436782,78.16091954022988,12.643678160919542,65.51724137931035
E00187932,204,35,6,29,169,14,155,17.15686274509804,2.941176470588235,14.215686274509803,82.84313725490196,6.862745098039216,75.98039215686273
E00187933,187,69,52,17,118,13,105,36.898395721925134,27.807486631016044,9.090909090909092,63.101604278074866,6.951871657754011,56.14973262032086
E00187937,612,51,16,35,561,42,519,8.333333333333332,2.6143790849673203,5.718954248366013,91.66666666666666,6.862745098039216,84.80392156862744
E00187938,181,30,10,20,151,16,135,16.574585635359114,5.524861878453039,11.049723756906078,83.42541436464089,8.83977900552486,74.58563535911603
E00187939,619,49,9,40,570,48,522,7.915993537964459,1.4539579967689822,6.462035541195476,92.08400646203555,7.754442649434572,84.32956381260097
E00187942,437,35,8,27,402,33,369,8.009153318077804,1.8306636155606408,6.178489702517163,91.9908466819222,7.551487414187644,84.43935926773455
E00187944,127,12,5,7,115,14,101,9.448818897637794,3.937007874015748,5.511811023622047,90.5511811023622,11.023622047244094,79.52755905511812
E00187946,269,43,14,29,226,21,205,15.985130111524162,5.204460966542751,10.780669144981413,84.01486988847584,7.806691449814126,76.2081784386617
E00187948,304,25,11,14,279,22,257,8.223684210526317,3.618421052631579,4.605263157894736,91.77631578947368,7.236842105263158,84.53947368421053
E00187950,389,56,21,35,333,27,306,14.395886889460154,5.3984575835475574,8.997429305912597,85.60411311053984,6.940874035989718,78.66323907455013
E00187954,397,50,11,39,347,31,316,12.594458438287154,2.770780856423174,9.82367758186398,87.40554156171285,7.8085642317380355,79.59697732997482
E00187955,166,12,6,6,154,14,140,7.228915662650602,3.614457831325301,3.614457831325301,92.7710843373494,8.433734939759036,84.33734939759037
E00187956,589,52,18,34,537,56,481,8.828522920203735,3.0560271646859083,5.772495755517826,91.17147707979628,9.507640067911714,81.66383701188455
E00187959,455,59,23,36,396,43,353,12.967032967032969,5.054945054945055,7.9120879120879115,87.03296703296704,9.45054945054945,77.58241758241759
E00187961,115,31,11,20,84,5,79,26.956521739130434,9.565217391304348,17.391304347826086,73.04347826086956,4.3478260869565215,68.69565217391305
E00187962,302,46,19,27,256,26,230,15.2317880794702,6.291390728476822,8.940397350993377,84.76821192052981,8.609271523178808,76.15894039735099
E00187963,679,75,13,62,604,51,553,11.045655375552283,1.914580265095729,9.131075110456553,88.95434462444771,7.511045655375552,81.44329896907216
E00187964,288,44,13,31,244,18,226,15.277777777777779,4.513888888888888,10.76388888888889,84.72222222222221,6.25,78.47222222222221
E00187965,599,58,21,37,541,56,485,9.68280467445743,3.5058430717863103,6.176961602671119,90.31719532554257,9.348914858096828,80.96828046744574
E00187968,571,63,19,44,508,40,468,11.033274956217163,3.327495621716287,7.705779334500876,88.96672504378283,7.005253940455342,81.9614711033275
E00187970,460,33,7,26,427,36,391,7.173913043478261,1.5217391304347827,5.6521739130434785,92.82608695652173,7.82608695652174,85
E00187975,390,31,6,25,359,32,327,7.948717948717948,1.5384615384615385,6.41025641025641,92.05128205128204,8.205128205128204,83.84615384615385
E00187978,162,79,61,18,83,8,75,48.76543209876543,37.65432098765432,11.11111111111111,51.23456790123457,4.938271604938271,46.2962962962963
E00187981,420,75,31,44,345,37,308,17.857142857142858,7.380952380952381,10.476190476190476,82.14285714285714,8.80952380952381,73.33333333333333
E00187983,273,41,19,22,232,27,205,15.018315018315018,6.95970695970696,8.058608058608058,84.98168498168498,9.89010989010989,75.0915750915751
E00187984,180,26,6,20,154,21,133,14.444444444444443,3.3333333333333335,11.11111111111111,85.55555555555556,11.666666666666666,73.88888888888889
E00187986,301,47,13,34,254,25,229,15.614617940199334,4.318936877076411,11.295681063122924,84.38538205980066,8.305647840531561,76.0797342192691
E00187987,349,28,8,20,321,28,293,8.022922636103152,2.292263610315186,5.730659025787966,91.97707736389685,8.022922636103152,83.95415472779369
E00187988,293,45,13,32,248,26,222,15.358361774744028,4.436860068259386,10.921501706484642,84.64163822525597,8.873720136518772,75.76791808873719
E00187990,168,24,13,11,144,14,130,14.285714285714285,7.738095238095238,6.547619047619048,85.71428571428571,8.333333333333332,77.38095238095238
E00187996,158,33,6,27,125,14,111,20.88607594936709,3.79746835443038,17.088607594936708,79.11392405063292,8.860759493670885,70.25316455696202
E00187998,339,70,26,44,269,25,244,20.64896755162242,7.669616519174041,12.979351032448378,79.35103244837758,7.374631268436578,71.976401179941
E00188000,233,38,17,21,195,21,174,16.30901287553648,7.296137339055794,9.012875536480687,83.69098712446352,9.012875536480687,74.67811158798283
E00188001,268,82,33,49,186,23,163,30.597014925373134,12.313432835820896,18.28358208955224,69.40298507462687,8.582089552238806,60.820895522388064
E00188002,323,52,13,39,271,27,244,16.09907120743034,4.024767801857585,12.074303405572756,83.90092879256966,8.359133126934983,75.54179566563467
E00188003,538,77,27,50,461,35,426,14.312267657992564,5.018587360594796,9.293680297397769,85.68773234200744,6.5055762081784385,79.182156133829
E00188006,389,59,25,34,330,29,301,15.167095115681233,6.426735218508997,8.740359897172237,84.83290488431876,7.455012853470437,77.37789203084833
E00188008,189,21,8,13,168,17,151,11.11111111111111,4.232804232804233,6.878306878306878,88.88888888888889,8.994708994708994,79.8941798941799
E00188009,479,33,10,23,446,34,412,6.8893528183716075,2.0876826722338206,4.801670146137787,93.1106471816284,7.09812108559499,86.0125260960334
E00188010,219,50,14,36,169,7,162,22.831050228310502,6.392694063926941,16.43835616438356,77.1689497716895,3.1963470319634704,73.97260273972603
E00188012,327,46,11,35,281,27,254,14.067278287461773,3.3639143730886847,10.703363914373089,85.93272171253822,8.256880733944955,77.67584097859327
E00188015,246,26,6,20,220,17,203,10.569105691056912,2.4390243902439024,8.130081300813007,89.43089430894308,6.910569105691057,82.52032520325203
E00188017,101,13,4,9,88,14,74,12.871287128712872,3.9603960396039604,8.91089108910891,87.12871287128714,13.861386138613863,73.26732673267327
