OA,ts0590001,ts0590002,ts0590003,ts0590004,ts0590005,ts0590006,ts0590007,ts0590002_PCT,ts0590003_PCT,ts0590004_PCT,ts0590005_PCT,ts0590006_PCT,ts0590007_PCT
E00150173,130,40,17,23,90,77,13,30.76923076923077,13.076923076923078,17.692307692307693,69.23076923076923,59.23076923076923,10
E00150174,108,32,20,12,76,71,5,29.629629629629626,18.51851851851852,11.11111111111111,70.37037037037037,65.74074074074075,4.62962962962963
E00150175,186,47,14,33,139,112,27,25.268817204301076,7.526881720430108,17.741935483870968,74.73118279569893,60.215053763440864,14.516129032258066
E00150176,133,37,11,26,96,81,15,27.819548872180448,8.270676691729323,19.548872180451127,72.18045112781954,60.902255639097746,11.278195488721805
E00150177,148,37,8,29,111,97,14,25,5.405405405405405,19.594594594594593,75,65.54054054054053,9.45945945945946
E00150178,190,53,22,31,137,116,21,27.89473684210526,11.578947368421053,16.315789473684212,72.10526315789474,61.05263157894737,11.052631578947368
E00150179,135,48,19,29,87,70,17,35.55555555555556,14.074074074074074,21.48148148148148,64.44444444444444,51.85185185185185,12.592592592592592
E00150180,183,61,22,39,122,108,14,33.33333333333333,12.021857923497267,21.311475409836063,66.66666666666666,59.01639344262295,7.650273224043716
E00150181,126,26,9,17,100,85,15,20.634920634920633,7.142857142857142,13.492063492063492,79.36507936507937,67.46031746031747,11.904761904761903
E00150182,167,60,22,38,107,94,13,35.92814371257485,13.17365269461078,22.75449101796407,64.07185628742515,56.287425149700596,7.784431137724551
E00150183,98,32,9,23,66,54,12,32.6530612244898,9.183673469387756,23.46938775510204,67.3469387755102,55.10204081632652,12.244897959183673
E00150184,233,73,22,51,160,122,38,31.330472103004293,9.44206008583691,21.888412017167383,68.6695278969957,52.36051502145923,16.30901287553648
E00150186,76,29,10,19,47,40,7,38.15789473684211,13.157894736842104,25,61.8421052631579,52.63157894736842,9.210526315789473
E00150187,159,48,19,29,111,83,28,30.18867924528302,11.949685534591195,18.238993710691823,69.81132075471697,52.20125786163522,17.61006289308176
E00150188,145,59,27,32,86,65,21,40.689655172413794,18.620689655172416,22.06896551724138,59.310344827586206,44.827586206896555,14.482758620689657
E00150189,198,57,22,35,141,109,32,28.78787878787879,11.11111111111111,17.67676767676768,71.21212121212122,55.05050505050505,16.161616161616163
E00150190,145,39,18,21,106,83,23,26.89655172413793,12.413793103448276,14.482758620689657,73.10344827586206,57.24137931034483,15.862068965517242
E00150191,140,53,15,38,87,72,15,37.857142857142854,10.714285714285714,27.142857142857142,62.142857142857146,51.42857142857142,10.714285714285714
E00150192,148,47,17,30,101,80,21,31.756756756756754,11.486486486486488,20.27027027027027,68.24324324324324,54.054054054054056,14.18918918918919
E00150193,130,44,20,24,86,71,15,33.84615384615385,15.384615384615385,18.461538461538463,66.15384615384615,54.61538461538461,11.538461538461538
E00150194,110,38,14,24,72,56,16,34.54545454545455,12.727272727272727,21.818181818181817,65.45454545454545,50.90909090909091,14.545454545454545
E00150195,145,43,18,25,102,79,23,29.655172413793103,12.413793103448276,17.24137931034483,70.34482758620689,54.48275862068965,15.862068965517242
E00150196,167,61,20,41,106,86,20,36.52694610778443,11.976047904191617,24.550898203592812,63.47305389221557,51.49700598802395,11.976047904191617
E00150198,175,46,11,35,129,106,23,26.285714285714285,6.2857142857142865,20,73.71428571428571,60.57142857142858,13.142857142857142
E00150199,168,54,17,37,114,86,28,32.142857142857146,10.119047619047619,22.023809523809522,67.85714285714286,51.19047619047619,16.666666666666664
E00150200,165,47,17,30,118,96,22,28.484848484848484,10.303030303030303,18.181818181818183,71.51515151515152,58.18181818181818,13.333333333333334
E00150201,134,38,17,21,96,81,15,28.35820895522388,12.686567164179104,15.671641791044777,71.64179104477611,60.447761194029844,11.194029850746269
E00150202,149,52,12,40,97,83,14,34.899328859060404,8.053691275167784,26.845637583892618,65.1006711409396,55.70469798657718,9.395973154362416
E00150203,33,16,7,9,17,9,8,48.484848484848484,21.21212121212121,27.27272727272727,51.515151515151516,27.27272727272727,24.242424242424242
E00150205,182,53,20,33,129,104,25,29.120879120879124,10.989010989010989,18.13186813186813,70.87912087912088,57.14285714285714,13.736263736263737
E00150206,137,36,9,27,101,85,16,26.277372262773724,6.569343065693431,19.708029197080293,73.72262773722628,62.04379562043796,11.678832116788321
E00150207,179,56,16,40,123,103,20,31.28491620111732,8.938547486033519,22.3463687150838,68.71508379888269,57.54189944134078,11.1731843575419
E00150208,87,19,6,13,68,59,9,21.839080459770116,6.896551724137931,14.942528735632186,78.16091954022988,67.81609195402298,10.344827586206897
E00150209,185,44,14,30,141,120,21,23.783783783783786,7.567567567567568,16.216216216216218,76.21621621621621,64.86486486486487,11.351351351351353
E00150210,168,52,14,38,116,93,23,30.952380952380953,8.333333333333332,22.61904761904762,69.04761904761905,55.35714285714286,13.690476190476192
E00150211,157,39,15,24,118,102,16,24.840764331210192,9.554140127388536,15.286624203821656,75.15923566878982,64.96815286624204,10.191082802547772
E00150212,142,39,9,30,103,88,15,27.464788732394368,6.338028169014084,21.12676056338028,72.53521126760563,61.97183098591549,10.56338028169014
E00150213,144,40,11,29,104,88,16,27.77777777777778,7.638888888888889,20.13888888888889,72.22222222222221,61.111111111111114,11.11111111111111
E00150214,152,42,12,30,110,91,19,27.631578947368425,7.894736842105263,19.736842105263158,72.36842105263158,59.86842105263158,12.5
E00150215,148,57,19,38,91,76,15,38.513513513513516,12.837837837837837,25.675675675675674,61.48648648648649,51.35135135135135,10.135135135135135
E00150216,146,43,12,31,103,80,23,29.45205479452055,8.21917808219178,21.232876712328768,70.54794520547945,54.794520547945204,15.753424657534246
E00150217,132,38,11,27,94,72,22,28.78787878787879,8.333333333333332,20.454545454545457,71.21212121212122,54.54545454545454,16.666666666666664
E00150218,167,51,16,35,116,98,18,30.538922155688624,9.580838323353294,20.958083832335326,69.46107784431138,58.68263473053892,10.778443113772456
E00150219,105,30,13,17,75,61,14,28.57142857142857,12.380952380952381,16.19047619047619,71.42857142857143,58.0952380952381,13.333333333333334
E00150220,122,55,21,34,67,62,5,45.08196721311475,17.21311475409836,27.86885245901639,54.91803278688525,50.81967213114754,4.098360655737705
E00150221,100,18,7,11,82,70,12,18,7.000000000000001,11,82,70,12
E00150222,85,26,11,15,59,51,8,30.58823529411765,12.941176470588237,17.647058823529413,69.41176470588235,60,9.411764705882353
E00150223,139,44,15,29,95,83,12,31.654676258992804,10.79136690647482,20.863309352517987,68.34532374100719,59.71223021582733,8.633093525179856
E00150224,124,37,15,22,87,69,18,29.838709677419356,12.096774193548388,17.741935483870968,70.16129032258065,55.64516129032258,14.516129032258066
E00150225,126,26,5,21,100,91,9,20.634920634920633,3.968253968253968,16.666666666666664,79.36507936507937,72.22222222222221,7.142857142857142
E00150226,141,36,13,23,105,94,11,25.53191489361702,9.219858156028367,16.312056737588655,74.46808510638297,66.66666666666666,7.801418439716312
E00150227,109,51,22,29,58,45,13,46.788990825688074,20.18348623853211,26.605504587155966,53.21100917431193,41.284403669724774,11.926605504587156
E00150228,146,31,11,20,115,98,17,21.232876712328768,7.534246575342466,13.698630136986301,78.76712328767124,67.12328767123287,11.643835616438356
E00150229,261,68,22,46,193,157,36,26.053639846743295,8.42911877394636,17.624521072796934,73.9463601532567,60.15325670498084,13.793103448275861
E00150230,166,45,16,29,121,97,24,27.10843373493976,9.63855421686747,17.46987951807229,72.89156626506023,58.43373493975904,14.457831325301203
E00150231,57,17,9,8,40,30,10,29.82456140350877,15.789473684210526,14.035087719298245,70.17543859649122,52.63157894736842,17.543859649122805
E00150232,110,38,12,26,72,62,10,34.54545454545455,10.909090909090908,23.636363636363637,65.45454545454545,56.36363636363636,9.090909090909092
E00150233,104,31,10,21,73,65,8,29.807692307692307,9.615384615384617,20.192307692307693,70.1923076923077,62.5,7.6923076923076925
E00150234,151,36,8,28,115,101,14,23.841059602649008,5.298013245033113,18.543046357615893,76.15894039735099,66.88741721854305,9.271523178807946
E00150235,74,22,9,13,52,40,12,29.72972972972973,12.162162162162163,17.56756756756757,70.27027027027027,54.054054054054056,16.216216216216218
E00150236,111,36,7,29,75,60,15,32.432432432432435,6.306306306306306,26.126126126126124,67.56756756756756,54.054054054054056,13.513513513513514
E00150237,64,14,4,10,50,44,6,21.875,6.25,15.625,78.125,68.75,9.375
E00150238,118,35,7,28,83,71,12,29.66101694915254,5.932203389830509,23.728813559322035,70.33898305084746,60.16949152542372,10.16949152542373
E00150239,170,55,16,39,115,96,19,32.35294117647059,9.411764705882353,22.941176470588236,67.64705882352942,56.470588235294116,11.176470588235295
E00150240,147,45,10,35,102,81,21,30.612244897959183,6.802721088435375,23.809523809523807,69.38775510204081,55.10204081632652,14.285714285714285
E00150241,155,43,14,29,112,100,12,27.741935483870968,9.032258064516128,18.70967741935484,72.25806451612902,64.51612903225806,7.741935483870968
E00150242,72,18,6,12,54,52,2,25,8.333333333333332,16.666666666666664,75,72.22222222222221,2.7777777777777777
E00150243,188,61,20,41,127,100,27,32.4468085106383,10.638297872340425,21.808510638297875,67.5531914893617,53.191489361702125,14.361702127659576
E00150244,222,72,28,44,150,131,19,32.432432432432435,12.612612612612612,19.81981981981982,67.56756756756756,59.009009009009006,8.558558558558559
E00150245,191,59,28,31,132,107,25,30.89005235602094,14.659685863874344,16.230366492146597,69.10994764397905,56.02094240837696,13.089005235602095
E00150247,106,28,11,17,78,55,23,26.41509433962264,10.377358490566039,16.037735849056602,73.58490566037736,51.886792452830186,21.69811320754717
E00150248,128,43,15,28,85,68,17,33.59375,11.71875,21.875,66.40625,53.125,13.28125
E00150249,156,42,15,27,114,102,12,26.923076923076923,9.615384615384617,17.307692307692307,73.07692307692307,65.38461538461539,7.6923076923076925
E00150250,136,36,15,21,100,86,14,26.47058823529412,11.029411764705882,15.441176470588236,73.52941176470588,63.23529411764706,10.294117647058822
E00150251,120,36,14,22,84,63,21,30,11.666666666666666,18.333333333333332,70,52.5,17.5
E00150252,111,32,6,26,79,65,14,28.82882882882883,5.405405405405405,23.423423423423422,71.17117117117117,58.55855855855856,12.612612612612612
E00150253,139,42,15,27,97,79,18,30.215827338129497,10.79136690647482,19.424460431654676,69.7841726618705,56.83453237410072,12.949640287769784
E00150254,144,35,8,27,109,94,15,24.305555555555554,5.555555555555555,18.75,75.69444444444444,65.27777777777779,10.416666666666668
E00150255,159,45,14,31,114,102,12,28.30188679245283,8.80503144654088,19.49685534591195,71.69811320754717,64.15094339622641,7.547169811320755
E00150256,133,43,10,33,90,81,9,32.33082706766917,7.518796992481203,24.81203007518797,67.66917293233082,60.902255639097746,6.7669172932330826
E00150257,99,36,15,21,63,47,16,36.36363636363637,15.151515151515152,21.21212121212121,63.63636363636363,47.474747474747474,16.161616161616163
E00150258,102,38,16,22,64,54,10,37.254901960784316,15.686274509803921,21.568627450980394,62.745098039215684,52.94117647058824,9.803921568627452
E00150259,135,41,18,23,94,78,16,30.37037037037037,13.333333333333334,17.037037037037038,69.62962962962963,57.77777777777777,11.851851851851853
E00150260,128,53,18,35,75,61,14,41.40625,14.0625,27.34375,58.59375,47.65625,10.9375
E00150261,139,41,14,27,98,82,16,29.496402877697843,10.071942446043165,19.424460431654676,70.50359712230215,58.992805755395686,11.510791366906476
E00150262,134,35,10,25,99,84,15,26.119402985074625,7.462686567164178,18.65671641791045,73.88059701492537,62.68656716417911,11.194029850746269
E00150263,120,40,14,26,80,77,3,33.33333333333333,11.666666666666666,21.666666666666668,66.66666666666666,64.16666666666667,2.5
E00150264,165,56,16,40,109,94,15,33.939393939393945,9.696969696969697,24.242424242424242,66.06060606060606,56.96969696969697,9.090909090909092
E00150265,127,36,12,24,91,77,14,28.346456692913385,9.448818897637794,18.89763779527559,71.65354330708661,60.629921259842526,11.023622047244094
E00150266,132,39,11,28,93,77,16,29.545454545454547,8.333333333333332,21.21212121212121,70.45454545454545,58.333333333333336,12.121212121212121
E00150267,120,46,18,28,74,67,7,38.333333333333336,15,23.333333333333332,61.66666666666667,55.833333333333336,5.833333333333333
E00150268,107,37,12,25,70,63,7,34.57943925233645,11.214953271028037,23.364485981308412,65.42056074766354,58.87850467289719,6.5420560747663545
E00150269,150,35,15,20,115,102,13,23.333333333333332,10,13.333333333333334,76.66666666666667,68,8.666666666666668
E00150270,126,30,11,19,96,81,15,23.809523809523807,8.73015873015873,15.079365079365079,76.19047619047619,64.28571428571429,11.904761904761903
E00150271,215,73,19,54,142,111,31,33.95348837209302,8.837209302325581,25.116279069767444,66.04651162790698,51.627906976744185,14.418604651162791
E00150272,186,65,24,41,121,109,12,34.946236559139784,12.903225806451612,22.043010752688172,65.05376344086021,58.602150537634415,6.451612903225806
E00150273,136,41,11,30,95,82,13,30.14705882352941,8.088235294117647,22.058823529411764,69.85294117647058,60.29411764705882,9.558823529411764
E00150274,109,29,8,21,80,66,14,26.605504587155966,7.339449541284404,19.26605504587156,73.39449541284404,60.550458715596335,12.844036697247708
E00150275,126,33,14,19,93,74,19,26.190476190476193,11.11111111111111,15.079365079365079,73.80952380952381,58.730158730158735,15.079365079365079
E00150276,172,50,19,31,122,102,20,29.069767441860467,11.046511627906977,18.023255813953487,70.93023255813954,59.30232558139535,11.627906976744185
E00150277,159,56,15,41,103,86,17,35.22012578616352,9.433962264150944,25.78616352201258,64.77987421383648,54.088050314465406,10.69182389937107
E00150278,143,42,14,28,101,88,13,29.37062937062937,9.79020979020979,19.58041958041958,70.62937062937063,61.53846153846154,9.090909090909092
E00150279,182,46,15,31,136,115,21,25.274725274725274,8.241758241758241,17.032967032967033,74.72527472527473,63.18681318681318,11.538461538461538
E00150280,254,61,18,43,193,171,22,24.015748031496063,7.086614173228346,16.92913385826772,75.98425196850394,67.32283464566929,8.661417322834646
E00150281,178,42,13,29,136,117,19,23.595505617977526,7.303370786516854,16.292134831460675,76.40449438202246,65.73033707865169,10.674157303370785
E00150282,97,24,4,20,73,60,13,24.742268041237114,4.123711340206185,20.618556701030926,75.25773195876289,61.855670103092784,13.402061855670103
E00150283,140,42,16,26,98,82,16,30,11.428571428571429,18.571428571428573,70,58.57142857142858,11.428571428571429
E00150284,96,24,8,16,72,63,9,25,8.333333333333332,16.666666666666664,75,65.625,9.375
E00150285,191,57,14,43,134,117,17,29.84293193717277,7.329842931937172,22.5130890052356,70.15706806282722,61.25654450261781,8.900523560209423
E00150287,183,51,19,32,132,108,24,27.86885245901639,10.382513661202186,17.48633879781421,72.1311475409836,59.01639344262295,13.114754098360656
E00150288,174,46,17,29,128,109,19,26.436781609195403,9.770114942528735,16.666666666666664,73.5632183908046,62.643678160919535,10.919540229885058
E00150289,270,75,20,55,195,175,20,27.77777777777778,7.4074074074074066,20.37037037037037,72.22222222222221,64.81481481481481,7.4074074074074066
E00150290,128,44,17,27,84,71,13,34.375,13.28125,21.09375,65.625,55.46875,10.15625
E00150291,98,34,8,26,64,55,9,34.69387755102041,8.16326530612245,26.53061224489796,65.3061224489796,56.12244897959183,9.183673469387756
E00150292,123,32,6,26,91,80,11,26.01626016260163,4.878048780487805,21.138211382113823,73.98373983739837,65.04065040650406,8.94308943089431
E00150293,129,43,12,31,86,72,14,33.33333333333333,9.30232558139535,24.031007751937985,66.66666666666666,55.81395348837209,10.852713178294573
E00150294,141,38,11,27,103,95,8,26.95035460992908,7.801418439716312,19.148936170212767,73.04964539007092,67.37588652482269,5.673758865248227
E00150296,107,32,9,23,75,72,3,29.906542056074763,8.411214953271028,21.49532710280374,70.09345794392523,67.28971962616822,2.803738317757009
E00150297,215,69,29,40,146,123,23,32.093023255813954,13.488372093023257,18.6046511627907,67.90697674418604,57.20930232558139,10.69767441860465
E00150298,166,50,17,33,116,84,32,30.120481927710845,10.240963855421686,19.879518072289155,69.87951807228916,50.602409638554214,19.27710843373494
E00150299,191,67,28,39,124,98,26,35.07853403141361,14.659685863874344,20.418848167539267,64.92146596858639,51.30890052356021,13.612565445026178
E00150300,201,64,16,48,137,104,33,31.8407960199005,7.960199004975125,23.88059701492537,68.1592039800995,51.741293532338304,16.417910447761194
E00150301,290,90,29,61,200,158,42,31.03448275862069,10,21.03448275862069,68.96551724137932,54.48275862068965,14.482758620689657
E00150302,148,48,23,25,100,65,35,32.432432432432435,15.54054054054054,16.89189189189189,67.56756756756756,43.91891891891892,23.64864864864865
E00150303,103,37,15,22,66,50,16,35.92233009708738,14.563106796116504,21.35922330097087,64.07766990291263,48.54368932038835,15.53398058252427
E00150304,105,29,9,20,76,66,10,27.61904761904762,8.571428571428571,19.047619047619047,72.38095238095238,62.857142857142854,9.523809523809524
E00150305,182,63,29,34,119,102,17,34.61538461538461,15.934065934065933,18.681318681318682,65.38461538461539,56.043956043956044,9.340659340659341
E00150306,131,40,11,29,91,81,10,30.53435114503817,8.396946564885496,22.137404580152673,69.46564885496184,61.832061068702295,7.633587786259542
E00150307,164,59,14,45,105,92,13,35.97560975609756,8.536585365853659,27.439024390243905,64.02439024390245,56.09756097560976,7.926829268292683
E00150308,126,40,14,26,86,73,13,31.746031746031743,11.11111111111111,20.634920634920633,68.25396825396825,57.936507936507944,10.317460317460316
E00150309,136,44,20,24,92,65,27,32.35294117647059,14.705882352941178,17.647058823529413,67.64705882352942,47.794117647058826,19.852941176470587
E00150310,141,43,13,30,98,79,19,30.49645390070922,9.219858156028367,21.27659574468085,69.50354609929079,56.02836879432624,13.47517730496454
E00150311,113,39,10,29,74,62,12,34.51327433628318,8.849557522123893,25.663716814159294,65.48672566371681,54.86725663716814,10.619469026548673
E00150312,104,28,9,19,76,64,12,26.923076923076923,8.653846153846153,18.269230769230766,73.07692307692307,61.53846153846154,11.538461538461538
E00150313,69,15,1,14,54,48,6,21.73913043478261,1.4492753623188406,20.28985507246377,78.26086956521739,69.56521739130434,8.695652173913043
E00150314,142,41,10,31,101,83,18,28.87323943661972,7.042253521126761,21.830985915492956,71.12676056338029,58.45070422535211,12.676056338028168
E00150315,136,40,13,27,96,85,11,29.411764705882355,9.558823529411764,19.852941176470587,70.58823529411765,62.5,8.088235294117647
E00150316,64,30,13,17,34,28,6,46.875,20.3125,26.5625,53.125,43.75,9.375
E00150317,132,49,27,22,83,65,18,37.121212121212125,20.454545454545457,16.666666666666664,62.878787878787875,49.24242424242424,13.636363636363635
E00150318,127,51,26,25,76,68,8,40.15748031496063,20.47244094488189,19.68503937007874,59.84251968503938,53.54330708661418,6.299212598425196
E00150319,128,46,16,30,82,66,16,35.9375,12.5,23.4375,64.0625,51.5625,12.5
E00150320,164,54,23,31,110,90,20,32.926829268292686,14.02439024390244,18.902439024390244,67.07317073170732,54.87804878048781,12.195121951219512
E00150321,162,56,23,33,106,80,26,34.5679012345679,14.19753086419753,20.37037037037037,65.4320987654321,49.382716049382715,16.049382716049383
E00150322,179,59,20,39,120,101,19,32.960893854748605,11.1731843575419,21.787709497206702,67.0391061452514,56.424581005586596,10.614525139664805
E00150323,215,67,17,50,148,123,25,31.16279069767442,7.906976744186046,23.25581395348837,68.83720930232559,57.20930232558139,11.627906976744185
E00150324,107,34,13,21,73,62,11,31.775700934579437,12.149532710280374,19.626168224299064,68.22429906542055,57.943925233644855,10.2803738317757
E00150325,124,34,14,20,90,77,13,27.419354838709676,11.29032258064516,16.129032258064516,72.58064516129032,62.096774193548384,10.483870967741936
E00150326,149,43,15,28,106,90,16,28.859060402684566,10.06711409395973,18.79194630872483,71.14093959731544,60.40268456375839,10.738255033557047
E00150327,135,42,13,29,93,79,14,31.11111111111111,9.62962962962963,21.48148148148148,68.88888888888889,58.51851851851851,10.37037037037037
E00150328,113,31,11,20,82,70,12,27.43362831858407,9.734513274336283,17.699115044247787,72.56637168141593,61.94690265486725,10.619469026548673
E00150329,216,38,16,22,178,142,36,17.59259259259259,7.4074074074074066,10.185185185185185,82.4074074074074,65.74074074074075,16.666666666666664
E00150330,131,38,14,24,93,79,14,29.00763358778626,10.687022900763358,18.3206106870229,70.99236641221374,60.30534351145038,10.687022900763358
E00150331,157,53,23,30,104,81,23,33.75796178343949,14.64968152866242,19.10828025477707,66.2420382165605,51.59235668789809,14.64968152866242
E00150332,75,31,13,18,44,38,6,41.333333333333336,17.333333333333336,24,58.666666666666664,50.66666666666667,8
E00150333,114,30,11,19,84,72,12,26.31578947368421,9.649122807017543,16.666666666666664,73.68421052631578,63.1578947368421,10.526315789473683
E00150334,114,25,6,19,89,77,12,21.929824561403507,5.263157894736842,16.666666666666664,78.0701754385965,67.54385964912281,10.526315789473683
E00150335,115,34,11,23,81,70,11,29.565217391304348,9.565217391304348,20,70.43478260869566,60.86956521739131,9.565217391304348
E00150336,145,37,13,24,108,91,17,25.517241379310345,8.96551724137931,16.551724137931036,74.48275862068967,62.758620689655174,11.724137931034482
E00150337,179,52,22,30,127,93,34,29.05027932960894,12.290502793296088,16.75977653631285,70.94972067039106,51.955307262569825,18.994413407821227
E00150338,114,25,8,17,89,79,10,21.929824561403507,7.017543859649122,14.912280701754385,78.0701754385965,69.2982456140351,8.771929824561402
E00150339,80,31,9,22,49,42,7,38.75,11.25,27.500000000000004,61.25000000000001,52.5,8.75
E00150340,190,47,14,33,143,112,31,24.736842105263158,7.368421052631578,17.36842105263158,75.26315789473685,58.94736842105262,16.315789473684212
E00150341,168,44,11,33,124,101,23,26.190476190476193,6.547619047619048,19.642857142857142,73.80952380952381,60.11904761904761,13.690476190476192
E00150342,103,40,17,23,63,58,5,38.83495145631068,16.50485436893204,22.330097087378643,61.165048543689316,56.310679611650485,4.854368932038835
E00150343,126,38,20,18,88,77,11,30.158730158730158,15.873015873015872,14.285714285714285,69.84126984126983,61.111111111111114,8.73015873015873
E00150344,126,43,25,18,83,60,23,34.12698412698413,19.841269841269842,14.285714285714285,65.87301587301587,47.61904761904761,18.253968253968253
E00150345,111,43,11,32,68,60,8,38.73873873873874,9.90990990990991,28.82882882882883,61.261261261261254,54.054054054054056,7.207207207207207
E00150346,128,46,12,34,82,70,12,35.9375,9.375,26.5625,64.0625,54.6875,9.375
E00150347,191,57,20,37,134,103,31,29.84293193717277,10.471204188481675,19.3717277486911,70.15706806282722,53.92670157068062,16.230366492146597
E00150348,227,74,26,48,153,127,26,32.59911894273127,11.45374449339207,21.145374449339208,67.40088105726872,55.947136563876654,11.45374449339207
E00150350,118,34,11,23,84,64,20,28.8135593220339,9.322033898305085,19.491525423728813,71.1864406779661,54.23728813559322,16.94915254237288
E00150352,137,54,18,36,83,68,15,39.416058394160586,13.138686131386862,26.277372262773724,60.58394160583942,49.63503649635037,10.948905109489052
E00150353,116,40,9,31,76,60,16,34.48275862068966,7.758620689655173,26.72413793103448,65.51724137931035,51.724137931034484,13.793103448275861
E00150354,107,38,14,24,69,58,11,35.51401869158878,13.084112149532709,22.429906542056074,64.48598130841121,54.20560747663551,10.2803738317757
E00150355,79,23,10,13,56,50,6,29.11392405063291,12.658227848101266,16.455696202531644,70.88607594936708,63.29113924050633,7.59493670886076
E00150356,136,43,19,24,93,64,29,31.61764705882353,13.970588235294118,17.647058823529413,68.38235294117648,47.05882352941176,21.323529411764707
E00150357,96,32,11,21,64,51,13,33.33333333333333,11.458333333333332,21.875,66.66666666666666,53.125,13.541666666666666
E00150358,176,66,19,47,110,76,34,37.5,10.795454545454545,26.704545454545453,62.5,43.18181818181818,19.318181818181817
E00150359,100,38,18,20,62,46,16,38,18,20,62,46,16
E00150360,77,25,14,11,52,40,12,32.467532467532465,18.181818181818183,14.285714285714285,67.53246753246754,51.94805194805194,15.584415584415584
E00150361,121,34,8,26,87,66,21,28.09917355371901,6.6115702479338845,21.487603305785125,71.900826446281,54.54545454545454,17.355371900826448
E00150362,159,60,25,35,99,60,39,37.735849056603776,15.723270440251572,22.0125786163522,62.264150943396224,37.735849056603776,24.528301886792452
E00150363,37,14,5,9,23,11,12,37.83783783783784,13.513513513513514,24.324324324324326,62.16216216216216,29.72972972972973,32.432432432432435
E00150364,299,87,34,53,212,161,51,29.09698996655518,11.37123745819398,17.725752508361204,70.903010033444815,53.84615384615385,17.05685618729097
E00150366,146,39,12,27,107,85,22,26.71232876712329,8.21917808219178,18.493150684931507,73.28767123287672,58.21917808219178,15.068493150684931
E00150367,78,17,6,11,61,52,9,21.794871794871796,7.6923076923076925,14.102564102564102,78.2051282051282,66.66666666666666,11.538461538461538
E00150368,103,23,12,11,80,68,12,22.330097087378643,11.650485436893204,10.679611650485436,77.66990291262135,66.01941747572816,11.650485436893204
E00150369,127,40,12,28,87,70,17,31.496062992125985,9.448818897637794,22.04724409448819,68.50393700787401,55.118110236220474,13.385826771653544
E00150370,120,43,12,31,77,67,10,35.833333333333336,10,25.833333333333336,64.16666666666667,55.833333333333336,8.333333333333332
E00150373,158,60,27,33,98,79,19,37.9746835443038,17.088607594936708,20.88607594936709,62.0253164556962,50,12.025316455696203
E00150374,222,56,19,37,166,127,39,25.225225225225223,8.558558558558559,16.666666666666664,74.77477477477478,57.20720720720721,17.56756756756757
E00150375,112,34,11,23,78,63,15,30.357142857142854,9.821428571428571,20.535714285714285,69.64285714285714,56.25,13.392857142857142
E00150376,118,33,14,19,85,69,16,27.966101694915253,11.864406779661017,16.101694915254235,72.03389830508475,58.47457627118644,13.559322033898304
E00150377,116,36,16,20,80,71,9,31.03448275862069,13.793103448275861,17.24137931034483,68.96551724137932,61.206896551724135,7.758620689655173
E00150378,128,45,20,25,83,62,21,35.15625,15.625,19.53125,64.84375,48.4375,16.40625
E00150379,205,60,23,37,145,108,37,29.268292682926827,11.219512195121952,18.048780487804876,70.73170731707317,52.6829268292683,18.048780487804876
E00150380,189,51,27,24,138,97,41,26.984126984126984,14.285714285714285,12.698412698412698,73.01587301587301,51.32275132275132,21.693121693121693
E00150381,103,37,10,27,66,55,11,35.92233009708738,9.70873786407767,26.21359223300971,64.07766990291263,53.398058252427184,10.679611650485436
E00150382,207,65,28,37,142,100,42,31.40096618357488,13.526570048309178,17.874396135265698,68.59903381642512,48.309178743961354,20.28985507246377
E00150383,180,63,33,30,117,83,34,35,18.333333333333332,16.666666666666664,65,46.111111111111114,18.88888888888889
E00150384,107,37,15,22,70,57,13,34.57943925233645,14.018691588785046,20.5607476635514,65.42056074766354,53.271028037383175,12.149532710280374
E00150385,137,38,13,25,99,74,25,27.73722627737226,9.48905109489051,18.248175182481752,72.26277372262774,54.01459854014598,18.248175182481752
E00150386,185,59,22,37,126,104,22,31.891891891891895,11.891891891891893,20,68.10810810810811,56.21621621621622,11.891891891891893
E00150387,177,60,25,35,117,77,40,33.89830508474576,14.124293785310735,19.774011299435028,66.10169491525424,43.50282485875706,22.598870056497177
E00150388,102,36,12,24,66,54,12,35.294117647058826,11.76470588235294,23.52941176470588,64.70588235294117,52.94117647058824,11.76470588235294
E00150389,117,35,13,22,82,67,15,29.914529914529915,11.11111111111111,18.803418803418804,70.08547008547008,57.26495726495726,12.82051282051282
E00150390,173,57,23,34,116,89,27,32.947976878612714,13.294797687861271,19.653179190751445,67.05202312138728,51.445086705202314,15.606936416184972
E00150391,157,50,29,21,107,71,36,31.84713375796178,18.471337579617835,13.375796178343949,68.15286624203821,45.22292993630573,22.929936305732486
E00150392,181,71,34,37,110,82,28,39.226519337016576,18.784530386740332,20.441988950276244,60.773480662983424,45.30386740331492,15.469613259668508
E00150393,132,38,17,21,94,70,24,28.78787878787879,12.878787878787879,15.909090909090908,71.21212121212122,53.03030303030303,18.181818181818183
E00150394,184,55,26,29,129,95,34,29.891304347826086,14.130434782608695,15.760869565217392,70.1086956521739,51.63043478260869,18.478260869565215
E00150395,124,36,12,24,88,74,14,29.03225806451613,9.67741935483871,19.35483870967742,70.96774193548387,59.67741935483871,11.29032258064516
E00150396,189,51,28,23,138,94,44,26.984126984126984,14.814814814814813,12.16931216931217,73.01587301587301,49.735449735449734,23.28042328042328
E00150397,120,35,17,18,85,65,20,29.166666666666668,14.166666666666666,15,70.83333333333334,54.166666666666664,16.666666666666664
E00150398,157,54,25,29,103,75,28,34.394904458598724,15.92356687898089,18.471337579617835,65.60509554140127,47.77070063694268,17.8343949044586
E00150399,131,41,16,25,90,67,23,31.297709923664126,12.213740458015266,19.083969465648856,68.70229007633588,51.14503816793893,17.557251908396946
E00150400,208,64,24,40,144,114,30,30.76923076923077,11.538461538461538,19.230769230769234,69.23076923076923,54.807692307692314,14.423076923076922
E00150401,169,56,20,36,113,91,22,33.13609467455622,11.834319526627219,21.301775147928996,66.86390532544378,53.84615384615385,13.017751479289942
E00150402,61,17,7,10,44,31,13,27.86885245901639,11.475409836065573,16.39344262295082,72.1311475409836,50.81967213114754,21.311475409836063
E00150404,156,53,16,37,103,77,26,33.97435897435898,10.256410256410255,23.717948717948715,66.02564102564102,49.358974358974365,16.666666666666664
E00150405,104,35,15,20,69,51,18,33.65384615384615,14.423076923076922,19.230769230769234,66.34615384615384,49.03846153846153,17.307692307692307
E00150406,112,36,20,16,76,61,15,32.142857142857146,17.857142857142858,14.285714285714285,67.85714285714286,54.46428571428571,13.392857142857142
E00150407,213,62,22,40,151,132,19,29.107981220657276,10.328638497652582,18.779342723004692,70.89201877934272,61.97183098591549,8.92018779342723
E00150408,146,46,14,32,100,78,22,31.506849315068493,9.58904109589041,21.91780821917808,68.4931506849315,53.42465753424658,15.068493150684931
E00150409,174,60,27,33,114,88,26,34.48275862068966,15.517241379310345,18.96551724137931,65.51724137931035,50.57471264367817,14.942528735632186
E00150410,112,33,12,21,79,49,30,29.464285714285715,10.714285714285714,18.75,70.53571428571429,43.75,26.785714285714285
E00150412,133,47,14,33,86,61,25,35.338345864661655,10.526315789473683,24.81203007518797,64.66165413533834,45.86466165413533,18.796992481203006
E00150414,241,57,13,44,184,159,25,23.651452282157674,5.394190871369295,18.25726141078838,76.34854771784232,65.97510373443983,10.37344398340249
E00150415,225,67,26,41,158,134,24,29.777777777777775,11.555555555555555,18.22222222222222,70.22222222222221,59.55555555555555,10.666666666666668
E00150416,249,62,22,40,187,158,29,24.899598393574294,8.835341365461847,16.06425702811245,75.1004016064257,63.45381526104418,11.646586345381527
E00150417,134,46,14,32,88,74,14,34.32835820895522,10.44776119402985,23.88059701492537,65.67164179104478,55.223880597014926,10.44776119402985
E00150418,151,52,25,27,99,81,18,34.437086092715234,16.55629139072848,17.880794701986755,65.56291390728477,53.64238410596026,11.920529801324504
E00150419,103,28,12,16,75,65,10,27.184466019417474,11.650485436893204,15.53398058252427,72.81553398058253,63.10679611650486,9.70873786407767
E00150420,130,41,10,31,89,74,15,31.538461538461537,7.6923076923076925,23.846153846153847,68.46153846153847,56.92307692307692,11.538461538461538
E00150421,121,30,12,18,91,81,10,24.793388429752067,9.917355371900827,14.87603305785124,75.20661157024794,66.94214876033058,8.264462809917356
E00150422,184,55,24,31,129,90,39,29.891304347826086,13.043478260869565,16.847826086956523,70.1086956521739,48.91304347826087,21.195652173913043
E00150423,121,29,10,19,92,73,19,23.96694214876033,8.264462809917356,15.702479338842975,76.03305785123968,60.33057851239669,15.702479338842975
E00150424,159,52,25,27,107,79,28,32.70440251572327,15.723270440251572,16.9811320754717,67.29559748427673,49.685534591194966,17.61006289308176
E00150425,132,38,13,25,94,62,32,28.78787878787879,9.848484848484848,18.939393939393938,71.21212121212122,46.96969696969697,24.242424242424242
E00150426,132,52,25,27,80,63,17,39.39393939393939,18.939393939393938,20.454545454545457,60.60606060606061,47.72727272727273,12.878787878787879
E00150427,113,30,12,18,83,67,16,26.548672566371685,10.619469026548673,15.929203539823009,73.45132743362832,59.29203539823009,14.15929203539823
E00150428,135,42,8,34,93,81,12,31.11111111111111,5.9259259259259265,25.185185185185183,68.88888888888889,60,8.88888888888889
E00150429,162,61,26,35,101,77,24,37.65432098765432,16.049382716049383,21.604938271604937,62.34567901234568,47.53086419753087,14.814814814814813
E00150430,146,44,14,30,102,80,22,30.136986301369863,9.58904109589041,20.54794520547945,69.86301369863014,54.794520547945204,15.068493150684931
E00150431,233,88,42,46,145,105,40,37.76824034334764,18.025751072961373,19.742489270386265,62.231759656652365,45.06437768240343,17.167381974248926
E00150432,104,34,12,22,70,58,12,32.69230769230769,11.538461538461538,21.153846153846153,67.3076923076923,55.769230769230774,11.538461538461538
E00150433,126,41,24,17,85,64,21,32.53968253968254,19.047619047619047,13.492063492063492,67.46031746031747,50.79365079365079,16.666666666666664
E00150434,132,45,15,30,87,73,14,34.090909090909086,11.363636363636363,22.727272727272727,65.9090909090909,55.3030303030303,10.606060606060606
E00150435,150,53,24,29,97,76,21,35.333333333333336,16,19.333333333333332,64.66666666666666,50.66666666666667,14.000000000000002
E00150436,110,39,14,25,71,58,13,35.45454545454545,12.727272727272727,22.727272727272727,64.54545454545455,52.72727272727272,11.818181818181818
E00150437,107,37,12,25,70,57,13,34.57943925233645,11.214953271028037,23.364485981308412,65.42056074766354,53.271028037383175,12.149532710280374
E00150438,118,38,15,23,80,74,6,32.20338983050847,12.711864406779661,19.491525423728813,67.79661016949152,62.71186440677966,5.084745762711865
E00150439,138,37,13,24,101,81,20,26.811594202898554,9.420289855072465,17.391304347826086,73.18840579710145,58.69565217391305,14.492753623188406
E00150440,75,22,9,13,53,40,13,29.333333333333332,12,17.333333333333336,70.66666666666667,53.333333333333336,17.333333333333336
E00150442,291,60,17,43,231,184,47,20.618556701030926,5.841924398625429,14.776632302405499,79.38144329896907,63.230240549828174,16.151202749140893
E00150443,119,29,12,17,90,73,17,24.369747899159663,10.084033613445378,14.285714285714285,75.63025210084034,61.34453781512605,14.285714285714285
E00150444,112,34,18,16,78,68,10,30.357142857142854,16.071428571428573,14.285714285714285,69.64285714285714,60.71428571428571,8.928571428571429
E00150445,130,36,8,28,94,88,6,27.692307692307693,6.153846153846154,21.53846153846154,72.3076923076923,67.6923076923077,4.615384615384616
E00150446,147,37,12,25,110,96,14,25.170068027210885,8.16326530612245,17.006802721088434,74.82993197278913,65.3061224489796,9.523809523809524
E00150447,139,34,9,25,105,90,15,24.46043165467626,6.474820143884892,17.985611510791365,75.53956834532374,64.74820143884892,10.79136690647482
E00150448,105,26,12,14,79,67,12,24.761904761904763,11.428571428571429,13.333333333333334,75.23809523809524,63.8095238095238,11.428571428571429
E00150449,69,27,13,14,42,36,6,39.130434782608695,18.84057971014493,20.28985507246377,60.86956521739131,52.17391304347826,8.695652173913043
E00150450,122,39,20,19,83,77,6,31.967213114754102,16.39344262295082,15.573770491803279,68.0327868852459,63.114754098360656,4.918032786885246
E00150451,142,43,14,29,99,75,24,30.28169014084507,9.859154929577464,20.422535211267608,69.71830985915493,52.816901408450704,16.901408450704224
E00150452,109,36,15,21,73,59,14,33.02752293577982,13.761467889908257,19.26605504587156,66.97247706422019,54.12844036697248,12.844036697247708
E00150453,173,34,12,22,139,119,20,19.653179190751445,6.9364161849710975,12.716763005780345,80.34682080924856,68.78612716763006,11.560693641618498
E00150454,119,33,12,21,86,73,13,27.73109243697479,10.084033613445378,17.647058823529413,72.26890756302521,61.34453781512605,10.92436974789916
E00150455,136,29,11,18,107,90,17,21.323529411764707,8.088235294117647,13.23529411764706,78.67647058823529,66.17647058823529,12.5
E00150456,146,40,11,29,106,89,17,27.397260273972602,7.534246575342466,19.863013698630137,72.6027397260274,60.95890410958904,11.643835616438356
E00150457,159,46,15,31,113,91,22,28.930817610062892,9.433962264150944,19.49685534591195,71.0691823899371,57.23270440251572,13.836477987421384
E00150458,170,41,12,29,129,109,20,24.11764705882353,7.0588235294117645,17.058823529411764,75.88235294117646,64.11764705882354,11.76470588235294
E00150459,160,42,11,31,118,99,19,26.25,6.875000000000001,19.375,73.75,61.875,11.875
E00150460,79,27,13,14,52,48,4,34.177215189873415,16.455696202531644,17.72151898734177,65.82278481012658,60.75949367088608,5.063291139240507
E00150461,185,53,14,39,132,110,22,28.64864864864865,7.567567567567568,21.08108108108108,71.35135135135135,59.45945945945946,11.891891891891893
E00150462,143,37,11,26,106,98,8,25.874125874125873,7.6923076923076925,18.181818181818183,74.12587412587412,68.53146853146853,5.594405594405594
E00150463,146,38,10,28,108,94,14,26.027397260273972,6.8493150684931505,19.17808219178082,73.97260273972603,64.38356164383562,9.58904109589041
E00150464,170,55,18,37,115,94,21,32.35294117647059,10.588235294117647,21.764705882352942,67.64705882352942,55.294117647058826,12.352941176470589
E00150465,131,39,14,25,92,69,23,29.770992366412212,10.687022900763358,19.083969465648856,70.22900763358778,52.67175572519084,17.557251908396946
E00150466,147,44,14,30,103,86,17,29.931972789115648,9.523809523809524,20.408163265306122,70.06802721088435,58.50340136054422,11.564625850340136
E00150467,116,40,12,28,76,65,11,34.48275862068966,10.344827586206897,24.137931034482758,65.51724137931035,56.03448275862068,9.482758620689655
E00150468,97,33,15,18,64,52,12,34.02061855670103,15.463917525773196,18.556701030927837,65.97938144329896,53.608247422680414,12.371134020618557
E00150471,131,43,19,24,88,72,16,32.82442748091603,14.50381679389313,18.3206106870229,67.17557251908397,54.961832061068705,12.213740458015266
E00150472,160,56,30,26,104,82,22,35,18.75,16.25,65,51.24999999999999,13.750000000000002
E00150473,117,27,11,16,90,80,10,23.076923076923077,9.401709401709402,13.675213675213676,76.92307692307693,68.37606837606837,8.547008547008547
E00150474,122,40,11,29,82,61,21,32.78688524590164,9.01639344262295,23.770491803278688,67.21311475409836,50,17.21311475409836
E00150475,265,32,15,17,233,178,55,12.075471698113208,5.660377358490567,6.415094339622642,87.9245283018868,67.16981132075472,20.754716981132077
E00150476,157,45,17,28,112,95,17,28.662420382165603,10.828025477707007,17.8343949044586,71.3375796178344,60.509554140127385,10.828025477707007
E00150477,119,36,17,19,83,74,9,30.252100840336134,14.285714285714285,15.966386554621847,69.74789915966386,62.18487394957983,7.563025210084033
E00150478,122,43,15,28,79,70,9,35.24590163934426,12.295081967213115,22.950819672131146,64.75409836065575,57.377049180327866,7.377049180327869
E00150479,139,42,20,22,97,67,30,30.215827338129497,14.388489208633093,15.827338129496402,69.7841726618705,48.201438848920866,21.58273381294964
E00168369,144,36,10,26,108,94,14,25,6.944444444444445,18.055555555555554,75,65.27777777777779,9.722222222222223
E00168370,130,36,15,21,94,78,16,27.692307692307693,11.538461538461538,16.153846153846153,72.3076923076923,60,12.307692307692308
E00168372,137,46,19,27,91,78,13,33.57664233576642,13.86861313868613,19.708029197080293,66.42335766423358,56.934306569343065,9.48905109489051
E00168373,172,65,25,40,107,84,23,37.7906976744186,14.534883720930234,23.25581395348837,62.2093023255814,48.837209302325576,13.372093023255813
E00168374,145,30,10,20,115,96,19,20.689655172413794,6.896551724137931,13.793103448275861,79.3103448275862,66.20689655172414,13.10344827586207
E00168376,158,42,18,24,116,93,23,26.582278481012654,11.39240506329114,15.18987341772152,73.41772151898735,58.86075949367089,14.556962025316455
E00168377,172,47,19,28,125,104,21,27.325581395348834,11.046511627906977,16.27906976744186,72.67441860465115,60.46511627906976,12.209302325581394
E00168378,204,42,14,28,162,130,32,20.588235294117645,6.862745098039216,13.725490196078432,79.41176470588235,63.725490196078425,15.686274509803921
E00168379,91,31,8,23,60,51,9,34.065934065934066,8.791208791208792,25.274725274725274,65.93406593406593,56.043956043956044,9.89010989010989
E00168380,204,54,19,35,150,121,29,26.47058823529412,9.313725490196079,17.15686274509804,73.52941176470588,59.31372549019608,14.215686274509803
E00168381,182,46,18,28,136,109,27,25.274725274725274,9.89010989010989,15.384615384615385,74.72527472527473,59.89010989010989,14.835164835164836
E00168382,204,52,12,40,152,129,23,25.49019607843137,5.88235294117647,19.607843137254903,74.50980392156863,63.23529411764706,11.27450980392157
E00168383,246,68,28,40,178,128,50,27.64227642276423,11.38211382113821,16.260162601626014,72.35772357723577,52.03252032520326,20.32520325203252
E00168384,181,44,20,24,137,109,28,24.30939226519337,11.049723756906078,13.259668508287293,75.69060773480662,60.22099447513812,15.469613259668508
E00168385,179,42,15,27,137,116,21,23.463687150837988,8.379888268156424,15.083798882681565,76.53631284916202,64.80446927374301,11.731843575418994
E00168386,149,27,9,18,122,100,22,18.120805369127517,6.0402684563758395,12.080536912751679,81.87919463087249,67.11409395973155,14.76510067114094
E00168387,174,44,22,22,130,106,24,25.287356321839084,12.643678160919542,12.643678160919542,74.71264367816092,60.91954022988506,13.793103448275861
E00168388,112,25,6,19,87,77,10,22.321428571428573,5.357142857142857,16.964285714285715,77.67857142857143,68.75,8.928571428571429
E00168389,143,39,20,19,104,82,22,27.27272727272727,13.986013986013987,13.286713286713287,72.72727272727273,57.34265734265735,15.384615384615385
E00168390,160,49,16,33,111,91,20,30.625000000000004,10,20.625,69.375,56.875,12.5
E00168391,206,57,20,37,149,113,36,27.669902912621357,9.70873786407767,17.96116504854369,72.33009708737865,54.85436893203883,17.475728155339805
E00168392,111,20,6,14,91,76,15,18.01801801801802,5.405405405405405,12.612612612612612,81.98198198198197,68.46846846846847,13.513513513513514
E00168393,273,61,15,46,212,177,35,22.344322344322347,5.4945054945054945,16.84981684981685,77.65567765567766,64.83516483516483,12.82051282051282
E00168394,55,19,9,10,36,27,9,34.54545454545455,16.363636363636363,18.181818181818183,65.45454545454545,49.09090909090909,16.363636363636363
E00180659,146,33,7,26,113,85,28,22.602739726027394,4.794520547945205,17.80821917808219,77.3972602739726,58.21917808219178,19.17808219178082
E00180661,352,73,20,53,279,234,45,20.738636363636363,5.681818181818182,15.056818181818182,79.26136363636364,66.47727272727273,12.784090909090908
E00180664,164,41,16,25,123,96,27,25,9.75609756097561,15.24390243902439,75,58.536585365853654,16.463414634146343
E00180665,92,22,5,17,70,57,13,23.91304347826087,5.434782608695652,18.478260869565215,76.08695652173914,61.95652173913043,14.130434782608695
E00180669,103,19,6,13,84,74,10,18.446601941747574,5.825242718446602,12.62135922330097,81.55339805825243,71.84466019417476,9.70873786407767
E00180671,110,31,8,23,79,66,13,28.18181818181818,7.2727272727272725,20.909090909090907,71.81818181818181,60,11.818181818181818
E00180672,62,16,7,9,46,40,6,25.806451612903224,11.29032258064516,14.516129032258066,74.19354838709677,64.51612903225806,9.67741935483871
E00180673,183,36,9,27,147,122,25,19.672131147540984,4.918032786885246,14.754098360655737,80.32786885245902,66.66666666666666,13.661202185792352
E00180679,53,19,8,11,34,28,6,35.84905660377358,15.09433962264151,20.754716981132077,64.15094339622641,52.83018867924528,11.320754716981133
E00180681,89,20,8,12,69,61,8,22.47191011235955,8.98876404494382,13.48314606741573,77.52808988764045,68.53932584269663,8.98876404494382
E00180683,216,34,13,21,182,163,19,15.74074074074074,6.018518518518518,9.722222222222223,84.25925925925925,75.46296296296296,8.796296296296296
E00180686,366,91,28,63,275,230,45,24.863387978142075,7.650273224043716,17.21311475409836,75.13661202185791,62.841530054644814,12.295081967213115
E00180688,241,36,10,26,205,168,37,14.937759336099585,4.149377593360995,10.78838174273859,85.06224066390041,69.70954356846472,15.352697095435685
E00180696,240,57,15,42,183,150,33,23.75,6.25,17.5,76.25,62.5,13.750000000000002
E00180700,254,44,8,36,210,180,30,17.322834645669293,3.149606299212598,14.173228346456693,82.67716535433071,70.86614173228347,11.811023622047244
E00180705,77,21,8,13,56,41,15,27.27272727272727,10.38961038961039,16.883116883116884,72.72727272727273,53.246753246753244,19.480519480519483
E00180706,319,90,33,57,229,186,43,28.213166144200624,10.344827586206897,17.86833855799373,71.78683385579937,58.307210031347964,13.479623824451412
E00180710,131,18,8,10,113,98,15,13.740458015267176,6.106870229007633,7.633587786259542,86.25954198473282,74.80916030534351,11.450381679389313
E00180717,241,44,11,33,197,148,49,18.25726141078838,4.564315352697095,13.692946058091287,81.74273858921161,61.41078838174274,20.33195020746888
E00180721,256,43,14,29,213,172,41,16.796875,5.46875,11.328125,83.203125,67.1875,16.015625
E00180729,78,15,5,10,63,52,11,19.230769230769234,6.41025641025641,12.82051282051282,80.76923076923077,66.66666666666666,14.102564102564102
E00180730,248,59,29,30,189,143,46,23.790322580645164,11.693548387096774,12.096774193548388,76.20967741935483,57.66129032258065,18.548387096774192
E00180735,168,40,8,32,128,112,16,23.809523809523807,4.761904761904762,19.047619047619047,76.19047619047619,66.66666666666666,9.523809523809524
E00180741,109,26,9,17,83,70,13,23.853211009174313,8.256880733944955,15.59633027522936,76.14678899082568,64.22018348623854,11.926605504587156
E00180742,187,38,9,29,149,123,26,20.32085561497326,4.81283422459893,15.508021390374333,79.67914438502673,65.77540106951871,13.903743315508022
E00180751,141,38,13,25,103,79,24,26.95035460992908,9.219858156028367,17.73049645390071,73.04964539007092,56.02836879432624,17.02127659574468
E00180753,191,80,34,46,111,86,25,41.8848167539267,17.801047120418847,24.083769633507853,58.1151832460733,45.0261780104712,13.089005235602095
E00180757,74,24,8,16,50,43,7,32.432432432432435,10.81081081081081,21.62162162162162,67.56756756756756,58.108108108108105,9.45945945945946
E00180761,247,38,13,25,209,177,32,15.384615384615385,5.263157894736842,10.121457489878543,84.61538461538461,71.65991902834008,12.955465587044534
E00180774,52,13,13,0,39,33,6,25,25,0,75,63.46153846153846,11.538461538461538
E00180775,70,16,0,16,54,43,11,22.857142857142858,0,22.857142857142858,77.14285714285715,61.42857142857143,15.714285714285714
