OA,ts0380001,ts0380002,ts0380003,ts0380004,ts0380005,ts0380006,ts0380007,ts0380002_PCT,ts0380003_PCT,ts0380004_PCT,ts0380005_PCT,ts0380006_PCT,ts0380007_PCT
E00042931,275,57,19,38,218,17,201,20.727272727272727,6.909090909090909,13.818181818181818,79.27272727272727,6.181818181818182,73.0909090909091
E00042932,278,51,15,36,227,25,202,18.345323741007196,5.39568345323741,12.949640287769784,81.65467625899281,8.992805755395683,72.66187050359713
E00042934,281,55,16,39,226,24,202,19.572953736654807,5.6939501779359425,13.87900355871886,80.42704626334519,8.540925266903916,71.88612099644128
E00042935,247,50,28,22,197,27,170,20.242914979757085,11.336032388663968,8.906882591093117,79.75708502024291,10.931174089068826,68.82591093117408
E00042937,216,46,12,34,170,12,158,21.296296296296298,5.555555555555555,15.74074074074074,78.70370370370371,5.555555555555555,73.14814814814815
E00042939,293,81,35,46,212,23,189,27.64505119453925,11.945392491467576,15.699658703071673,72.35494880546075,7.849829351535837,64.50511945392492
E00042940,261,43,17,26,218,20,198,16.47509578544061,6.513409961685824,9.961685823754788,83.5249042145594,7.662835249042145,75.86206896551724
E00042941,290,54,20,34,236,16,220,18.620689655172416,6.896551724137931,11.724137931034482,81.37931034482759,5.517241379310345,75.86206896551724
E00042942,267,81,40,41,186,14,172,30.337078651685395,14.981273408239701,15.355805243445692,69.66292134831461,5.2434456928838955,64.41947565543072
E00042943,317,58,19,39,259,23,236,18.29652996845426,5.993690851735016,12.302839116719243,81.70347003154575,7.255520504731862,74.44794952681389
E00042944,248,45,15,30,203,23,180,18.14516129032258,6.048387096774194,12.096774193548388,81.85483870967742,9.274193548387096,72.58064516129032
E00042945,221,39,17,22,182,23,159,17.647058823529413,7.6923076923076925,9.95475113122172,82.35294117647058,10.407239819004525,71.94570135746606
E00042946,341,80,33,47,261,21,240,23.46041055718475,9.67741935483871,13.78299120234604,76.53958944281524,6.158357771260997,70.38123167155426
E00042947,221,55,21,34,166,15,151,24.8868778280543,9.502262443438914,15.384615384615385,75.1131221719457,6.787330316742081,68.32579185520362
E00042948,361,51,19,32,310,26,284,14.127423822714682,5.263157894736842,8.86426592797784,85.87257617728532,7.202216066481995,78.67036011080333
E00042949,263,37,12,25,226,27,199,14.068441064638785,4.562737642585551,9.505703422053232,85.93155893536122,10.26615969581749,75.66539923954373
E00042950,225,48,20,28,177,7,170,21.333333333333336,8.88888888888889,12.444444444444445,78.66666666666666,3.111111111111111,75.55555555555556
E00042951,411,61,20,41,350,32,318,14.841849148418493,4.866180048661801,9.975669099756692,85.15815085158151,7.785888077858881,77.37226277372264
E00042952,284,55,20,35,229,29,200,19.366197183098592,7.042253521126761,12.323943661971832,80.63380281690141,10.211267605633804,70.4225352112676
E00042953,309,67,23,44,242,25,217,21.68284789644013,7.443365695792881,14.239482200647249,78.31715210355988,8.090614886731391,70.22653721682848
E00042954,213,33,9,24,180,14,166,15.492957746478872,4.225352112676056,11.267605633802818,84.50704225352112,6.572769953051644,77.93427230046949
E00042955,254,84,53,31,170,14,156,33.07086614173229,20.866141732283463,12.204724409448819,66.92913385826772,5.511811023622047,61.417322834645674
E00042956,267,43,21,22,224,27,197,16.10486891385768,7.865168539325842,8.239700374531834,83.89513108614233,10.112359550561797,73.78277153558052
E00042957,249,35,9,26,214,19,195,14.056224899598394,3.614457831325301,10.441767068273093,85.94377510040161,7.630522088353414,78.3132530120482
E00042958,271,34,9,25,237,19,218,12.546125461254611,3.3210332103321036,9.22509225092251,87.4538745387454,7.011070110701106,80.44280442804428
E00042959,289,58,26,32,231,24,207,20.069204152249135,8.996539792387544,11.072664359861593,79.93079584775087,8.304498269896193,71.62629757785467
E00042960,302,60,31,29,242,29,213,19.867549668874172,10.264900662251655,9.602649006622517,80.13245033112582,9.602649006622517,70.52980132450331
E00042961,332,78,37,41,254,16,238,23.49397590361446,11.144578313253012,12.349397590361445,76.50602409638554,4.819277108433735,71.6867469879518
E00042962,272,68,36,32,204,19,185,25,13.23529411764706,11.76470588235294,75,6.985294117647059,68.01470588235294
E00042963,197,79,37,42,118,9,109,40.10152284263959,18.781725888324875,21.31979695431472,59.89847715736041,4.568527918781726,55.32994923857868
E00042964,271,73,33,40,198,16,182,26.937269372693727,12.177121771217712,14.760147601476014,73.06273062730627,5.904059040590406,67.15867158671587
E00042965,301,75,46,29,226,22,204,24.916943521594686,15.282392026578073,9.634551495016613,75.08305647840533,7.308970099667775,67.77408637873754
E00042966,260,43,20,23,217,17,200,16.538461538461537,7.6923076923076925,8.846153846153847,83.46153846153847,6.538461538461539,76.92307692307693
E00042967,297,65,25,40,232,13,219,21.885521885521886,8.417508417508419,13.468013468013467,78.11447811447812,4.377104377104377,73.73737373737373
E00042968,267,50,23,27,217,22,195,18.726591760299627,8.614232209737828,10.112359550561797,81.27340823970037,8.239700374531834,73.03370786516854
E00042969,254,56,25,31,198,20,178,22.04724409448819,9.84251968503937,12.204724409448819,77.95275590551181,7.874015748031496,70.07874015748031
E00042970,259,56,24,32,203,19,184,21.62162162162162,9.266409266409266,12.355212355212355,78.37837837837837,7.335907335907336,71.04247104247105
E00042971,385,118,70,48,267,25,242,30.649350649350648,18.181818181818183,12.467532467532468,69.35064935064935,6.493506493506493,62.857142857142854
E00042972,320,54,24,30,266,28,238,16.875,7.5,9.375,83.125,8.75,74.375
E00042974,375,119,70,49,256,15,241,31.733333333333334,18.666666666666668,13.066666666666665,68.26666666666667,4,64.26666666666667
E00042975,324,72,27,45,252,24,228,22.22222222222222,8.333333333333332,13.88888888888889,77.77777777777779,7.4074074074074066,70.37037037037037
E00042976,286,60,30,30,226,24,202,20.97902097902098,10.48951048951049,10.48951048951049,79.02097902097903,8.391608391608392,70.62937062937063
E00042977,208,53,25,28,155,15,140,25.48076923076923,12.01923076923077,13.461538461538462,74.51923076923077,7.211538461538461,67.3076923076923
E00042978,294,80,41,39,214,22,192,27.2108843537415,13.945578231292515,13.26530612244898,72.78911564625851,7.482993197278912,65.3061224489796
E00042979,260,64,28,36,196,18,178,24.615384615384617,10.76923076923077,13.846153846153847,75.38461538461539,6.923076923076923,68.46153846153847
E00042980,290,63,21,42,227,32,195,21.72413793103448,7.241379310344828,14.482758620689657,78.27586206896552,11.03448275862069,67.24137931034483
E00042981,256,67,26,41,189,16,173,26.171875,10.15625,16.015625,73.828125,6.25,67.578125
E00042982,268,44,16,28,224,15,209,16.417910447761194,5.970149253731343,10.44776119402985,83.5820895522388,5.597014925373134,77.98507462686567
E00042983,294,53,19,34,241,23,218,18.027210884353742,6.462585034013606,11.564625850340136,81.97278911564626,7.8231292517006805,74.14965986394559
E00042984,256,60,26,34,196,21,175,23.4375,10.15625,13.28125,76.5625,8.203125,68.359375
E00042985,223,66,32,34,157,23,134,29.596412556053814,14.349775784753364,15.246636771300448,70.4035874439462,10.31390134529148,60.0896860986547
E00042986,361,73,38,35,288,27,261,20.221606648199447,10.526315789473683,9.695290858725762,79.77839335180056,7.479224376731302,72.29916897506925
E00042987,295,75,37,38,220,19,201,25.423728813559322,12.54237288135593,12.88135593220339,74.57627118644068,6.440677966101695,68.13559322033899
E00042988,311,42,14,28,269,26,243,13.504823151125404,4.501607717041801,9.003215434083602,86.49517684887459,8.360128617363344,78.13504823151125
E00042989,285,32,13,19,253,31,222,11.228070175438596,4.56140350877193,6.666666666666667,88.7719298245614,10.87719298245614,77.89473684210526
E00042990,320,58,23,35,262,33,229,18.125,7.187499999999999,10.9375,81.875,10.3125,71.5625
E00042991,347,89,40,49,258,28,230,25.64841498559078,11.527377521613833,14.121037463976945,74.35158501440922,8.069164265129682,66.28242074927954
E00042992,276,67,32,35,209,20,189,24.27536231884058,11.594202898550725,12.681159420289855,75.72463768115942,7.246376811594203,68.47826086956522
E00042993,307,74,37,37,233,10,223,24.104234527687296,12.052117263843648,12.052117263843648,75.8957654723127,3.257328990228013,72.63843648208469
E00042994,339,92,51,41,247,20,227,27.13864306784661,15.04424778761062,12.094395280235988,72.86135693215338,5.899705014749262,66.96165191740413
E00042995,252,66,32,34,186,25,161,26.190476190476193,12.698412698412698,13.492063492063492,73.80952380952381,9.920634920634921,63.888888888888886
E00042996,131,27,9,18,104,11,93,20.610687022900763,6.870229007633588,13.740458015267176,79.38931297709924,8.396946564885496,70.99236641221374
E00042997,315,66,27,39,249,15,234,20.952380952380953,8.571428571428571,12.380952380952381,79.04761904761905,4.761904761904762,74.28571428571429
E00042998,230,43,11,32,187,25,162,18.695652173913043,4.782608695652174,13.91304347826087,81.30434782608695,10.869565217391305,70.43478260869566
E00042999,340,52,24,28,288,28,260,15.294117647058824,7.0588235294117645,8.235294117647058,84.70588235294117,8.235294117647058,76.47058823529412
E00043000,293,53,13,40,240,34,206,18.088737201365188,4.436860068259386,13.651877133105803,81.91126279863481,11.604095563139932,70.30716723549489
E00043001,472,66,16,50,406,42,364,13.983050847457626,3.389830508474576,10.59322033898305,86.01694915254238,8.898305084745763,77.11864406779661
E00043002,268,55,24,31,213,19,194,20.522388059701495,8.955223880597014,11.567164179104477,79.47761194029852,7.08955223880597,72.38805970149254
E00043003,199,47,32,15,152,18,134,23.618090452261306,16.08040201005025,7.537688442211055,76.38190954773869,9.045226130653267,67.33668341708542
E00043004,231,62,26,36,169,17,152,26.83982683982684,11.255411255411255,15.584415584415584,73.16017316017316,7.35930735930736,65.80086580086581
E00043005,213,62,30,32,151,16,135,29.107981220657276,14.084507042253522,15.023474178403756,70.89201877934272,7.511737089201878,63.38028169014085
E00043006,296,72,33,39,224,33,191,24.324324324324326,11.14864864864865,13.175675675675674,75.67567567567568,11.14864864864865,64.52702702702703
E00043007,285,79,37,42,206,23,183,27.719298245614034,12.982456140350877,14.736842105263156,72.28070175438597,8.070175438596491,64.21052631578948
E00043008,214,69,38,31,145,20,125,32.242990654205606,17.75700934579439,14.485981308411214,67.7570093457944,9.345794392523365,58.41121495327103
E00043009,240,42,15,27,198,14,184,17.5,6.25,11.25,82.5,5.833333333333333,76.66666666666667
E00043010,296,74,36,38,222,21,201,25,12.162162162162163,12.837837837837837,75,7.094594594594595,67.9054054054054
E00043011,201,57,23,34,144,19,125,28.35820895522388,11.442786069651742,16.91542288557214,71.64179104477611,9.45273631840796,62.189054726368155
E00043012,267,41,9,32,226,22,204,15.355805243445692,3.3707865168539324,11.985018726591761,84.6441947565543,8.239700374531834,76.40449438202246
E00043013,304,87,47,40,217,18,199,28.618421052631575,15.460526315789474,13.157894736842104,71.38157894736842,5.921052631578947,65.46052631578947
E00043014,298,73,34,39,225,20,205,24.496644295302016,11.409395973154362,13.087248322147651,75.50335570469798,6.7114093959731544,68.79194630872483
E00043015,263,67,39,28,196,16,180,25.475285171102662,14.82889733840304,10.646387832699618,74.52471482889734,6.083650190114068,68.44106463878326
E00043016,263,41,14,27,222,30,192,15.5893536121673,5.323193916349809,10.26615969581749,84.4106463878327,11.406844106463879,73.00380228136882
E00043017,308,71,30,41,237,24,213,23.051948051948052,9.740259740259742,13.311688311688311,76.94805194805194,7.792207792207792,69.15584415584416
E00043018,250,46,18,28,204,27,177,18.4,7.199999999999999,11.200000000000001,81.6,10.8,70.8
E00043019,308,40,14,26,268,33,235,12.987012987012985,4.545454545454546,8.441558441558442,87.01298701298701,10.714285714285714,76.2987012987013
E00043020,280,45,18,27,235,29,206,16.071428571428573,6.428571428571428,9.642857142857144,83.92857142857143,10.357142857142858,73.57142857142858
E00043021,306,67,26,41,239,23,216,21.895424836601308,8.49673202614379,13.398692810457517,78.10457516339869,7.516339869281046,70.58823529411765
E00043022,295,74,35,39,221,12,209,25.08474576271186,11.864406779661017,13.220338983050848,74.91525423728814,4.067796610169491,70.84745762711864
E00043023,266,32,12,20,234,21,213,12.030075187969924,4.511278195488721,7.518796992481203,87.96992481203007,7.894736842105263,80.07518796992481
E00043024,310,69,29,40,241,22,219,22.258064516129032,9.35483870967742,12.903225806451612,77.74193548387098,7.096774193548387,70.64516129032258
E00043025,294,38,12,26,256,34,222,12.925170068027212,4.081632653061225,8.843537414965986,87.07482993197279,11.564625850340136,75.51020408163265
E00043026,239,57,25,32,182,20,162,23.84937238493724,10.460251046025103,13.389121338912133,76.15062761506276,8.368200836820083,67.78242677824268
E00043027,307,74,38,36,233,20,213,24.104234527687296,12.37785016286645,11.726384364820847,75.8957654723127,6.514657980456026,69.38110749185668
E00043028,384,85,27,58,299,27,272,22.135416666666664,7.03125,15.104166666666666,77.86458333333334,7.03125,70.83333333333334
E00043029,516,93,36,57,423,50,373,18.023255813953487,6.976744186046512,11.046511627906977,81.97674418604652,9.689922480620156,72.28682170542635
E00043030,469,66,19,47,403,45,358,14.072494669509595,4.051172707889126,10.021321961620469,85.9275053304904,9.594882729211088,76.33262260127933
E00043031,314,112,77,35,202,21,181,35.6687898089172,24.522292993630572,11.146496815286625,64.3312101910828,6.687898089171974,57.64331210191082
E00043032,273,67,36,31,206,26,180,24.54212454212454,13.186813186813188,11.355311355311356,75.45787545787546,9.523809523809524,65.93406593406593
E00043033,238,74,45,29,164,14,150,31.092436974789916,18.907563025210084,12.184873949579831,68.90756302521008,5.88235294117647,63.02521008403361
E00043034,346,71,33,38,275,31,244,20.520231213872833,9.53757225433526,10.982658959537572,79.47976878612717,8.959537572254336,70.52023121387283
E00043035,386,130,75,55,256,16,240,33.67875647668394,19.4300518134715,14.248704663212436,66.32124352331607,4.145077720207254,62.17616580310881
E00043036,259,59,21,38,200,23,177,22.779922779922778,8.108108108108109,14.671814671814673,77.22007722007721,8.880308880308881,68.33976833976834
E00043037,357,61,22,39,296,31,265,17.086834733893557,6.162464985994398,10.92436974789916,82.91316526610645,8.683473389355742,74.2296918767507
E00043038,481,126,48,78,355,18,337,26.195426195426197,9.97920997920998,16.216216216216218,73.8045738045738,3.7422037422037424,70.06237006237006
E00043039,249,50,23,27,199,19,180,20.080321285140563,9.236947791164658,10.843373493975903,79.91967871485943,7.630522088353414,72.28915662650603
E00043040,313,73,29,44,240,23,217,23.322683706070286,9.26517571884984,14.057507987220447,76.6773162939297,7.348242811501597,69.32907348242811
E00043041,224,59,23,36,165,20,145,26.339285714285715,10.267857142857142,16.071428571428573,73.66071428571429,8.928571428571429,64.73214285714286
E00043042,215,51,32,19,164,14,150,23.72093023255814,14.883720930232558,8.837209302325581,76.27906976744187,6.511627906976744,69.76744186046511
E00043043,241,46,19,27,195,13,182,19.08713692946058,7.883817427385892,11.20331950207469,80.91286307053942,5.394190871369295,75.51867219917013
E00043044,284,45,12,33,239,28,211,15.845070422535212,4.225352112676056,11.619718309859154,84.15492957746478,9.859154929577464,74.29577464788733
E00043045,277,70,28,42,207,23,184,25.27075812274368,10.108303249097473,15.162454873646208,74.72924187725631,8.303249097472925,66.4259927797834
E00043046,334,98,45,53,236,19,217,29.34131736526946,13.47305389221557,15.868263473053892,70.65868263473054,5.688622754491018,64.97005988023952
E00043047,400,84,39,45,316,15,301,21,9.75,11.25,79,3.75,75.25
E00043048,282,62,35,27,220,18,202,21.98581560283688,12.411347517730496,9.574468085106384,78.01418439716312,6.382978723404255,71.63120567375887
E00043049,216,50,18,32,166,15,151,23.14814814814815,8.333333333333332,14.814814814814813,76.85185185185185,6.944444444444445,69.9074074074074
E00043050,230,87,51,36,143,8,135,37.826086956521735,22.17391304347826,15.65217391304348,62.17391304347826,3.4782608695652173,58.69565217391305
E00043051,272,57,19,38,215,24,191,20.955882352941178,6.985294117647059,13.970588235294118,79.04411764705883,8.823529411764707,70.22058823529412
E00043052,242,49,26,23,193,15,178,20.24793388429752,10.743801652892563,9.50413223140496,79.75206611570248,6.198347107438017,73.55371900826447
E00043053,258,54,17,37,204,15,189,20.930232558139537,6.5891472868217065,14.34108527131783,79.06976744186046,5.813953488372093,73.25581395348837
E00043054,256,48,22,26,208,14,194,18.75,8.59375,10.15625,81.25,5.46875,75.78125
E00043055,355,93,43,50,262,23,239,26.197183098591548,12.112676056338028,14.084507042253522,73.80281690140845,6.478873239436619,67.32394366197182
E00043056,303,82,39,43,221,14,207,27.062706270627064,12.871287128712872,14.19141914191419,72.93729372937293,4.62046204620462,68.31683168316832
E00043057,294,74,29,45,220,17,203,25.170068027210885,9.863945578231291,15.306122448979592,74.82993197278913,5.782312925170068,69.04761904761905
E00043058,341,92,46,46,249,18,231,26.97947214076246,13.48973607038123,13.48973607038123,73.02052785923753,5.278592375366569,67.74193548387096
E00043059,294,73,33,40,221,12,209,24.829931972789115,11.224489795918368,13.60544217687075,75.17006802721087,4.081632653061225,71.08843537414967
E00043060,307,78,34,44,229,26,203,25.407166123778502,11.074918566775244,14.332247557003258,74.5928338762215,8.469055374592834,66.12377850162866
E00043061,351,65,34,31,286,15,271,18.51851851851852,9.686609686609685,8.831908831908832,81.48148148148148,4.273504273504273,77.20797720797721
E00043062,253,45,28,17,208,20,188,17.786561264822133,11.067193675889328,6.719367588932807,82.21343873517787,7.905138339920949,74.30830039525692
E00043063,241,54,20,34,187,26,161,22.40663900414938,8.29875518672199,14.107883817427386,77.59336099585063,10.78838174273859,66.80497925311202
E00043064,280,44,24,20,236,27,209,15.714285714285714,8.571428571428571,7.142857142857142,84.28571428571429,9.642857142857144,74.64285714285714
E00043065,195,40,13,27,155,14,141,20.51282051282051,6.666666666666667,13.846153846153847,79.48717948717949,7.179487179487179,72.3076923076923
E00043066,392,103,52,51,289,25,264,26.27551020408163,13.26530612244898,13.010204081632654,73.72448979591837,6.377551020408164,67.3469387755102
E00043067,279,73,37,36,206,16,190,26.16487455197133,13.261648745519713,12.903225806451612,73.83512544802868,5.734767025089606,68.10035842293907
E00043068,233,41,21,20,192,16,176,17.59656652360515,9.012875536480687,8.583690987124463,82.40343347639485,6.866952789699571,75.53648068669528
E00043069,264,41,17,24,223,24,199,15.530303030303031,6.4393939393939394,9.090909090909092,84.46969696969697,9.090909090909092,75.37878787878788
E00043070,333,58,22,36,275,21,254,17.417417417417415,6.606606606606606,10.81081081081081,82.58258258258259,6.306306306306306,76.27627627627628
E00043071,297,58,25,33,239,18,221,19.52861952861953,8.417508417508419,11.11111111111111,80.47138047138047,6.0606060606060606,74.41077441077442
E00043072,259,81,53,28,178,17,161,31.27413127413127,20.463320463320464,10.81081081081081,68.72586872586872,6.563706563706563,62.16216216216216
E00043073,288,77,39,38,211,18,193,26.73611111111111,13.541666666666666,13.194444444444445,73.26388888888889,6.25,67.01388888888889
E00043074,286,75,37,38,211,16,195,26.223776223776223,12.937062937062937,13.286713286713287,73.77622377622379,5.594405594405594,68.18181818181817
E00043075,200,36,15,21,164,19,145,18,7.5,10.5,82,9.5,72.5
E00043076,293,55,26,29,238,16,222,18.771331058020476,8.873720136518772,9.897610921501707,81.22866894197952,5.460750853242321,75.76791808873719
E00043077,318,79,37,42,239,27,212,24.842767295597483,11.635220125786164,13.20754716981132,75.15723270440252,8.49056603773585,66.66666666666666
E00043078,279,68,31,37,211,19,192,24.372759856630825,11.11111111111111,13.261648745519713,75.62724014336918,6.810035842293908,68.81720430107528
E00043079,331,70,32,38,261,20,241,21.148036253776432,9.667673716012084,11.48036253776435,78.85196374622356,6.042296072507553,72.80966767371602
E00043080,353,71,30,41,282,26,256,20.113314447592067,8.498583569405099,11.614730878186968,79.88668555240793,7.365439093484419,72.52124645892351
E00043081,334,83,38,45,251,16,235,24.850299401197603,11.377245508982035,13.47305389221557,75.1497005988024,4.790419161676647,70.35928143712576
E00043082,305,43,15,28,262,25,237,14.098360655737704,4.918032786885246,9.180327868852459,85.90163934426229,8.19672131147541,77.70491803278688
E00043083,215,72,36,36,143,13,130,33.48837209302326,16.74418604651163,16.74418604651163,66.51162790697674,6.046511627906977,60.46511627906976
E00043084,229,72,34,38,157,21,136,31.4410480349345,14.847161572052403,16.593886462882097,68.5589519650655,9.170305676855897,59.388646288209614
E00043085,262,47,19,28,215,17,198,17.938931297709924,7.251908396946565,10.687022900763358,82.06106870229007,6.488549618320611,75.57251908396947
E00043086,303,61,34,27,242,10,232,20.13201320132013,11.221122112211221,8.91089108910891,79.86798679867987,3.3003300330033,76.56765676567657
E00043087,299,53,22,31,246,22,224,17.725752508361204,7.357859531772576,10.367892976588628,82.2742474916388,7.357859531772576,74.91638795986621
E00043088,324,70,34,36,254,20,234,21.604938271604937,10.493827160493826,11.11111111111111,78.39506172839506,6.172839506172839,72.22222222222221
E00043089,288,77,32,45,211,16,195,26.73611111111111,11.11111111111111,15.625,73.26388888888889,5.555555555555555,67.70833333333334
E00043090,326,55,18,37,271,24,247,16.87116564417178,5.521472392638037,11.349693251533742,83.12883435582822,7.361963190184049,75.76687116564416
E00043091,249,43,20,23,206,16,190,17.269076305220885,8.032128514056225,9.236947791164658,82.73092369477911,6.425702811244979,76.30522088353415
E00043092,276,71,34,37,205,18,187,25.724637681159418,12.318840579710146,13.405797101449277,74.27536231884058,6.521739130434782,67.7536231884058
E00043093,332,90,58,32,242,19,223,27.10843373493976,17.46987951807229,9.63855421686747,72.89156626506023,5.72289156626506,67.16867469879519
E00043094,356,69,37,32,287,17,270,19.382022471910112,10.393258426966293,8.98876404494382,80.6179775280899,4.775280898876404,75.84269662921348
E00043095,298,77,40,37,221,18,203,25.838926174496645,13.422818791946309,12.416107382550337,74.16107382550335,6.0402684563758395,68.12080536912751
E00043096,325,63,31,32,262,21,241,19.384615384615383,9.538461538461538,9.846153846153847,80.61538461538461,6.461538461538462,74.15384615384616
E00043097,327,34,9,25,293,24,269,10.397553516819572,2.7522935779816518,7.64525993883792,89.60244648318043,7.339449541284404,82.26299694189603
E00043098,279,53,13,40,226,27,199,18.996415770609318,4.659498207885305,14.336917562724013,81.00358422939068,9.67741935483871,71.32616487455196
E00043099,355,46,14,32,309,28,281,12.957746478873238,3.943661971830986,9.014084507042254,87.04225352112675,7.887323943661972,79.15492957746478
E00043100,279,50,20,30,229,18,211,17.921146953405017,7.168458781362006,10.75268817204301,82.07885304659499,6.451612903225806,75.62724014336918
E00043101,275,45,13,32,230,21,209,16.363636363636363,4.7272727272727275,11.636363636363637,83.63636363636363,7.636363636363637,76
E00043102,297,45,13,32,252,16,236,15.151515151515152,4.377104377104377,10.774410774410773,84.84848484848484,5.387205387205387,79.46127946127946
E00043103,241,57,19,38,184,17,167,23.651452282157674,7.883817427385892,15.767634854771783,76.34854771784232,7.053941908713693,69.29460580912863
E00043104,246,62,37,25,184,11,173,25.203252032520325,15.040650406504067,10.16260162601626,74.79674796747967,4.471544715447155,70.32520325203252
E00043105,307,50,19,31,257,25,232,16.286644951140065,6.188925081433225,10.097719869706841,83.71335504885994,8.143322475570033,75.57003257328991
E00043106,209,61,33,28,148,17,131,29.1866028708134,15.789473684210526,13.397129186602871,70.81339712918661,8.133971291866029,62.67942583732058
E00043107,343,55,19,36,288,28,260,16.034985422740526,5.539358600583091,10.495626822157435,83.96501457725948,8.16326530612245,75.80174927113703
E00043108,265,101,56,45,164,19,145,38.113207547169814,21.132075471698116,16.9811320754717,61.886792452830186,7.169811320754717,54.71698113207547
E00043109,182,51,23,28,131,15,116,28.021978021978022,12.637362637362637,15.384615384615385,71.97802197802197,8.241758241758241,63.73626373626373
E00043110,256,30,10,20,226,31,195,11.71875,3.90625,7.8125,88.28125,12.109375,76.171875
E00043111,240,62,24,38,178,17,161,25.833333333333336,10,15.833333333333332,74.16666666666667,7.083333333333333,67.08333333333333
E00043112,278,45,16,29,233,21,212,16.18705035971223,5.755395683453238,10.431654676258994,83.81294964028777,7.553956834532374,76.2589928057554
E00043113,294,38,17,21,256,32,224,12.925170068027212,5.782312925170068,7.142857142857142,87.07482993197279,10.884353741496598,76.19047619047619
E00043114,245,51,22,29,194,24,170,20.816326530612244,8.979591836734693,11.83673469387755,79.18367346938776,9.795918367346939,69.38775510204081
E00043115,301,30,13,17,271,20,251,9.966777408637874,4.318936877076411,5.647840531561462,90.03322259136213,6.64451827242525,83.38870431893687
E00043116,253,49,26,23,204,26,178,19.367588932806324,10.276679841897234,9.090909090909092,80.63241106719367,10.276679841897234,70.35573122529645
E00043117,256,44,19,25,212,20,192,17.1875,7.421875,9.765625,82.8125,7.8125,75
E00043118,261,36,13,23,225,27,198,13.793103448275861,4.980842911877394,8.812260536398467,86.20689655172413,10.344827586206897,75.86206896551724
E00043119,230,53,33,20,177,15,162,23.043478260869566,14.347826086956522,8.695652173913043,76.95652173913044,6.521739130434782,70.43478260869566
E00043120,290,41,12,29,249,30,219,14.13793103448276,4.137931034482759,10,85.86206896551725,10.344827586206897,75.51724137931033
E00043121,254,63,24,39,191,21,170,24.803149606299215,9.448818897637794,15.354330708661418,75.19685039370079,8.267716535433072,66.92913385826772
E00043122,243,44,20,24,199,29,170,18.106995884773664,8.23045267489712,9.876543209876543,81.89300411522635,11.934156378600823,69.95884773662551
E00043123,311,57,27,30,254,24,230,18.327974276527332,8.681672025723474,9.646302250803858,81.67202572347267,7.717041800643088,73.95498392282958
E00043124,282,58,25,33,224,16,208,20.56737588652482,8.865248226950355,11.702127659574469,79.43262411347519,5.673758865248227,73.75886524822694
E00043125,223,45,22,23,178,25,153,20.179372197309416,9.865470852017937,10.31390134529148,79.82062780269058,11.210762331838566,68.60986547085201
E00043126,373,63,33,30,310,33,277,16.890080428954423,8.847184986595174,8.04289544235925,83.10991957104558,8.847184986595174,74.26273458445041
E00043127,320,39,16,23,281,22,259,12.1875,5,7.187499999999999,87.8125,6.875000000000001,80.9375
E00043128,254,79,47,32,175,23,152,31.10236220472441,18.503937007874015,12.598425196850393,68.89763779527559,9.05511811023622,59.84251968503938
E00043129,281,43,16,27,238,25,213,15.302491103202847,5.6939501779359425,9.608540925266903,84.69750889679716,8.896797153024911,75.80071174377224
E00043130,297,52,25,27,245,21,224,17.50841750841751,8.417508417508419,9.090909090909092,82.49158249158249,7.07070707070707,75.42087542087542
E00043131,396,72,33,39,324,20,304,18.181818181818183,8.333333333333332,9.848484848484848,81.81818181818183,5.05050505050505,76.76767676767676
E00043132,493,117,63,54,376,43,333,23.732251521298174,12.778904665314403,10.953346855983773,76.26774847870182,8.72210953346856,67.54563894523326
E00043134,322,113,45,68,209,19,190,35.09316770186335,13.975155279503104,21.11801242236025,64.90683229813664,5.900621118012422,59.006211180124225
E00043136,378,65,30,35,313,25,288,17.195767195767196,7.936507936507936,9.25925925925926,82.8042328042328,6.613756613756613,76.19047619047619
E00043138,301,72,35,37,229,24,205,23.920265780730897,11.627906976744185,12.29235880398671,76.0797342192691,7.973421926910299,68.10631229235881
E00043139,282,49,19,30,233,24,209,17.375886524822697,6.73758865248227,10.638297872340425,82.62411347517731,8.51063829787234,74.11347517730496
E00043140,235,36,9,27,199,23,176,15.319148936170212,3.829787234042553,11.48936170212766,84.68085106382979,9.787234042553191,74.8936170212766
E00043141,300,54,20,34,246,23,223,18,6.666666666666667,11.333333333333332,82,7.666666666666666,74.33333333333333
E00043143,273,42,9,33,231,20,211,15.384615384615385,3.296703296703297,12.087912087912088,84.61538461538461,7.326007326007327,77.2893772893773
E00043144,274,36,15,21,238,30,208,13.138686131386862,5.474452554744526,7.664233576642336,86.86131386861314,10.948905109489052,75.91240875912408
E00043145,278,86,47,39,192,20,172,30.935251798561154,16.906474820143885,14.028776978417264,69.06474820143885,7.1942446043165464,61.87050359712231
E00043146,332,69,36,33,263,23,240,20.783132530120483,10.843373493975903,9.939759036144578,79.21686746987952,6.927710843373494,72.28915662650603
E00043147,350,45,20,25,305,32,273,12.857142857142856,5.714285714285714,7.142857142857142,87.14285714285714,9.142857142857142,78
E00043149,299,46,25,21,253,29,224,15.384615384615385,8.361204013377927,7.023411371237458,84.61538461538461,9.698996655518394,74.91638795986621
E00043150,251,55,19,36,196,16,180,21.91235059760956,7.569721115537849,14.342629482071715,78.08764940239044,6.374501992031872,71.71314741035857
E00043151,269,54,23,31,215,21,194,20.074349442379184,8.550185873605948,11.524163568773234,79.92565055762083,7.806691449814126,72.11895910780669
E00043152,244,36,18,18,208,19,189,14.754098360655737,7.377049180327869,7.377049180327869,85.24590163934425,7.786885245901639,77.45901639344262
E00043153,298,85,39,46,213,22,191,28.523489932885905,13.087248322147651,15.436241610738255,71.47651006711409,7.38255033557047,64.09395973154362
E00043154,291,53,30,23,238,18,220,18.213058419243985,10.309278350515463,7.903780068728522,81.78694158075601,6.185567010309279,75.60137457044674
E00043155,387,66,22,44,321,30,291,17.05426356589147,5.684754521963824,11.369509043927648,82.94573643410853,7.751937984496124,75.1937984496124
E00043156,263,57,30,27,206,18,188,21.673003802281368,11.406844106463879,10.26615969581749,78.32699619771863,6.844106463878327,71.48288973384031
E00043157,236,45,20,25,191,22,169,19.06779661016949,8.47457627118644,10.59322033898305,80.9322033898305,9.322033898305085,71.61016949152543
E00043158,336,71,25,46,265,21,244,21.13095238095238,7.440476190476191,13.690476190476192,78.86904761904762,6.25,72.61904761904762
E00043159,238,69,30,39,169,14,155,28.991596638655466,12.605042016806722,16.386554621848738,71.00840336134453,5.88235294117647,65.12605042016807
E00043160,262,65,30,35,197,20,177,24.80916030534351,11.450381679389313,13.358778625954198,75.19083969465649,7.633587786259542,67.55725190839695
E00043161,444,96,44,52,348,14,334,21.62162162162162,9.90990990990991,11.711711711711711,78.37837837837837,3.153153153153153,75.22522522522522
E00043163,381,83,36,47,298,22,276,21.784776902887142,9.448818897637794,12.335958005249344,78.21522309711287,5.774278215223097,72.44094488188976
E00043164,353,78,28,50,275,24,251,22.096317280453256,7.932011331444759,14.164305949008499,77.90368271954674,6.79886685552408,71.10481586402267
E00043165,203,57,22,35,146,14,132,28.078817733990146,10.83743842364532,17.24137931034483,71.92118226600985,6.896551724137931,65.02463054187191
E00043166,237,53,20,33,184,19,165,22.362869198312236,8.438818565400844,13.924050632911392,77.63713080168776,8.016877637130802,69.62025316455697
E00043167,237,44,21,23,193,22,171,18.565400843881857,8.860759493670885,9.70464135021097,81.43459915611815,9.282700421940929,72.15189873417721
E00043168,295,26,7,19,269,23,246,8.813559322033898,2.3728813559322033,6.440677966101695,91.18644067796609,7.796610169491526,83.38983050847457
E00043169,213,40,22,18,173,25,148,18.779342723004692,10.328638497652582,8.450704225352112,81.2206572769953,11.737089201877934,69.48356807511738
E00043170,295,39,15,24,256,18,238,13.220338983050848,5.084745762711865,8.135593220338983,86.77966101694915,6.101694915254238,80.67796610169492
E00043171,255,43,12,31,212,25,187,16.862745098039216,4.705882352941177,12.156862745098039,83.13725490196079,9.803921568627452,73.33333333333333
E00043172,235,44,18,26,191,20,171,18.72340425531915,7.659574468085106,11.063829787234042,81.27659574468085,8.51063829787234,72.76595744680851
E00043173,215,37,12,25,178,18,160,17.209302325581397,5.5813953488372094,11.627906976744185,82.7906976744186,8.372093023255815,74.4186046511628
E00043174,264,65,32,33,199,26,173,24.62121212121212,12.121212121212121,12.5,75.37878787878788,9.848484848484848,65.53030303030303
E00043175,244,54,22,32,190,17,173,22.131147540983605,9.01639344262295,13.114754098360656,77.8688524590164,6.967213114754098,70.90163934426229
E00043176,265,74,32,42,191,31,160,27.92452830188679,12.075471698113208,15.849056603773585,72.0754716981132,11.69811320754717,60.37735849056604
E00043177,234,77,53,24,157,19,138,32.9059829059829,22.64957264957265,10.256410256410255,67.09401709401709,8.11965811965812,58.97435897435898
E00043178,243,61,33,28,182,16,166,25.102880658436217,13.580246913580247,11.522633744855968,74.8971193415638,6.584362139917696,68.3127572016461
E00043179,306,77,41,36,229,17,212,25.163398692810457,13.398692810457517,11.76470588235294,74.83660130718954,5.555555555555555,69.28104575163398
E00043180,270,68,27,41,202,22,180,25.185185185185183,10,15.185185185185185,74.81481481481481,8.148148148148149,66.66666666666666
E00043181,241,59,26,33,182,17,165,24.481327800829874,10.78838174273859,13.692946058091287,75.51867219917013,7.053941908713693,68.46473029045643
E00043182,255,58,23,35,197,12,185,22.745098039215687,9.019607843137255,13.725490196078432,77.25490196078432,4.705882352941177,72.54901960784314
E00043183,334,57,32,25,277,22,255,17.065868263473057,9.580838323353294,7.48502994011976,82.93413173652695,6.58682634730539,76.34730538922156
E00043184,258,57,29,28,201,30,171,22.093023255813954,11.24031007751938,10.852713178294573,77.90697674418605,11.627906976744185,66.27906976744185
E00043185,199,82,31,51,117,14,103,41.20603015075377,15.577889447236181,25.628140703517587,58.79396984924623,7.035175879396985,51.75879396984925
E00043186,283,63,22,41,220,13,207,22.261484098939928,7.773851590106007,14.487632508833922,77.73851590106007,4.593639575971731,73.14487632508833
E00043187,318,58,20,38,260,22,238,18.238993710691823,6.289308176100629,11.949685534591195,81.76100628930818,6.918238993710692,74.84276729559748
E00043188,256,73,39,34,183,14,169,28.515625,15.234375,13.28125,71.484375,5.46875,66.015625
E00043189,322,79,38,41,243,28,215,24.53416149068323,11.801242236024844,12.732919254658384,75.46583850931677,8.695652173913043,66.77018633540372
E00043190,298,56,24,32,242,21,221,18.79194630872483,8.053691275167784,10.738255033557047,81.20805369127517,7.046979865771812,74.16107382550335
E00043191,310,73,35,38,237,22,215,23.548387096774192,11.29032258064516,12.258064516129032,76.45161290322581,7.096774193548387,69.35483870967742
E00043192,236,98,47,51,138,18,120,41.52542372881356,19.915254237288135,21.610169491525426,58.47457627118644,7.627118644067797,50.847457627118644
E00043193,348,75,34,41,273,18,255,21.551724137931032,9.770114942528735,11.781609195402298,78.44827586206897,5.172413793103448,73.27586206896551
E00043194,269,68,31,37,201,17,184,25.27881040892193,11.524163568773234,13.754646840148698,74.72118959107806,6.319702602230483,68.40148698884758
E00043195,269,62,28,34,207,20,187,23.04832713754647,10.408921933085502,12.639405204460965,76.95167286245353,7.434944237918216,69.51672862453532
E00043196,275,101,67,34,174,21,153,36.72727272727273,24.363636363636363,12.363636363636363,63.272727272727266,7.636363636363637,55.63636363636364
E00043197,326,80,32,48,246,28,218,24.539877300613497,9.815950920245399,14.723926380368098,75.4601226993865,8.588957055214724,66.87116564417178
E00043198,371,71,29,42,300,34,266,19.137466307277627,7.816711590296496,11.320754716981133,80.86253369272237,9.164420485175203,71.69811320754717
E00043199,287,68,39,29,219,16,203,23.693379790940767,13.588850174216027,10.104529616724738,76.30662020905923,5.574912891986063,70.73170731707317
E00043200,308,60,29,31,248,20,228,19.480519480519483,9.415584415584416,10.064935064935066,80.51948051948052,6.493506493506493,74.02597402597402
E00043201,280,82,47,35,198,14,184,29.28571428571429,16.785714285714285,12.5,70.71428571428572,5,65.71428571428571
E00043202,245,49,19,30,196,14,182,20,7.755102040816326,12.244897959183673,80,5.714285714285714,74.28571428571429
E00043203,228,65,30,35,163,13,150,28.50877192982456,13.157894736842104,15.350877192982457,71.49122807017544,5.701754385964912,65.78947368421053
E00043204,233,54,19,35,179,15,164,23.17596566523605,8.15450643776824,15.021459227467812,76.82403433476395,6.437768240343347,70.3862660944206
E00043205,256,67,29,38,189,17,172,26.171875,11.328125,14.84375,73.828125,6.640625,67.1875
E00043206,252,75,36,39,177,15,162,29.761904761904763,14.285714285714285,15.476190476190476,70.23809523809523,5.952380952380952,64.28571428571429
E00043207,266,53,23,30,213,22,191,19.924812030075188,8.646616541353383,11.278195488721805,80.07518796992481,8.270676691729323,71.80451127819549
E00043208,230,65,31,34,165,17,148,28.26086956521739,13.478260869565217,14.782608695652174,71.73913043478261,7.391304347826087,64.34782608695652
E00043209,282,61,22,39,221,24,197,21.631205673758867,7.801418439716312,13.829787234042554,78.36879432624113,8.51063829787234,69.8581560283688
E00043210,367,90,44,46,277,29,248,24.52316076294278,11.989100817438691,12.534059945504087,75.47683923705722,7.901907356948229,67.57493188010899
E00043211,217,56,27,29,161,11,150,25.806451612903224,12.442396313364055,13.36405529953917,74.19354838709677,5.0691244239631335,69.12442396313364
E00043212,366,108,61,47,258,16,242,29.508196721311474,16.666666666666664,12.841530054644808,70.49180327868852,4.371584699453552,66.12021857923497
E00043213,347,68,31,37,279,32,247,19.596541786743515,8.93371757925072,10.662824207492795,80.403458213256485,9.221902017291066,71.18155619596543
E00043214,210,70,39,31,140,22,118,33.33333333333333,18.571428571428573,14.761904761904763,66.66666666666666,10.476190476190476,56.19047619047619
E00043215,429,101,37,64,328,39,289,23.543123543123542,8.624708624708624,14.918414918414918,76.45687645687646,9.090909090909092,67.36596736596736
E00043216,418,100,55,45,318,36,282,23.923444976076556,13.157894736842104,10.76555023923445,76.07655502392345,8.61244019138756,67.46411483253588
E00043218,208,67,30,37,141,14,127,32.21153846153847,14.423076923076922,17.78846153846154,67.78846153846155,6.730769230769231,61.057692307692314
E00043220,331,57,21,36,274,30,244,17.220543806646525,6.3444108761329305,10.876132930513595,82.77945619335347,9.06344410876133,73.71601208459214
E00043221,210,68,37,31,142,18,124,32.38095238095238,17.61904761904762,14.761904761904763,67.61904761904762,8.571428571428571,59.04761904761905
E00043222,297,81,40,41,216,20,196,27.27272727272727,13.468013468013467,13.804713804713806,72.72727272727273,6.7340067340067336,65.993265993266
E00043224,318,37,19,18,281,27,254,11.635220125786164,5.9748427672955975,5.660377358490567,88.36477987421384,8.49056603773585,79.87421383647799
E00043225,242,65,34,31,177,12,165,26.859504132231404,14.049586776859504,12.8099173553719,73.14049586776859,4.958677685950414,68.18181818181817
E00043226,471,75,29,46,396,47,349,15.92356687898089,6.1571125265392785,9.766454352441615,84.07643312101911,9.978768577494693,74.09766454352442
E00043227,268,49,24,25,219,20,199,18.28358208955224,8.955223880597014,9.328358208955224,81.71641791044776,7.462686567164178,74.25373134328358
E00043228,355,80,44,36,275,31,244,22.535211267605636,12.394366197183098,10.140845070422536,77.46478873239437,8.732394366197182,68.73239436619718
E00043229,304,120,74,46,184,19,165,39.473684210526315,24.342105263157894,15.131578947368421,60.526315789473685,6.25,54.276315789473685
E00043230,307,51,22,29,256,31,225,16.612377850162865,7.166123778501629,9.446254071661238,83.38762214983714,10.097719869706841,73.28990228013029
E00043231,250,53,24,29,197,32,165,21.2,9.6,11.600000000000001,78.8,12.8,66
E00043232,315,53,22,31,262,27,235,16.825396825396826,6.984126984126984,9.841269841269842,83.17460317460318,8.571428571428571,74.60317460317461
E00043233,280,50,18,32,230,25,205,17.857142857142858,6.428571428571428,11.428571428571429,82.14285714285714,8.928571428571429,73.21428571428571
E00043234,320,96,61,35,224,23,201,30,19.0625,10.9375,70,7.187499999999999,62.81250000000001
E00043235,260,40,15,25,220,29,191,15.384615384615385,5.769230769230769,9.615384615384617,84.61538461538461,11.153846153846155,73.46153846153847
E00043236,219,62,28,34,157,26,131,28.31050228310502,12.785388127853881,15.52511415525114,71.68949771689498,11.87214611872146,59.817351598173516
E00043237,325,47,13,34,278,29,249,14.461538461538462,4,10.461538461538462,85.53846153846155,8.923076923076923,76.61538461538461
E00043238,207,54,24,30,153,17,136,26.08695652173913,11.594202898550725,14.492753623188406,73.91304347826086,8.212560386473431,65.70048309178745
E00043239,315,44,17,27,271,29,242,13.968253968253968,5.396825396825397,8.571428571428571,86.03174603174604,9.206349206349207,76.82539682539684
E00043240,361,33,9,24,328,42,286,9.141274238227147,2.4930747922437675,6.64819944598338,90.85872576177285,11.634349030470915,79.22437673130193
E00043241,354,39,9,30,315,33,282,11.016949152542372,2.5423728813559325,8.47457627118644,88.98305084745762,9.322033898305085,79.66101694915254
E00043242,271,34,13,21,237,25,212,12.546125461254611,4.797047970479705,7.7490774907749085,87.4538745387454,9.22509225092251,78.22878228782287
E00043243,299,27,10,17,272,26,246,9.03010033444816,3.3444816053511706,5.68561872909699,90.96989966555184,8.695652173913043,82.2742474916388
E00043244,343,46,11,35,297,26,271,13.411078717201166,3.206997084548105,10.204081632653061,86.58892128279884,7.580174927113703,79.00874635568513
E00043245,282,33,15,18,249,15,234,11.702127659574469,5.319148936170213,6.382978723404255,88.29787234042553,5.319148936170213,82.97872340425532
E00043246,370,41,16,25,329,34,295,11.081081081081082,4.324324324324325,6.756756756756757,88.91891891891892,9.18918918918919,79.72972972972973
E00043247,230,27,7,20,203,20,183,11.73913043478261,3.0434782608695654,8.695652173913043,88.26086956521739,8.695652173913043,79.56521739130434
E00043248,233,37,13,24,196,25,171,15.879828326180256,5.579399141630901,10.300429184549357,84.12017167381974,10.72961373390558,73.39055793991416
E00043249,374,42,9,33,332,30,302,11.229946524064172,2.406417112299465,8.823529411764707,88.77005347593582,8.0213903743315509,80.74866310160428
E00043250,182,47,24,23,135,15,120,25.82417582417583,13.186813186813188,12.637362637362637,74.17582417582418,8.241758241758241,65.93406593406593
E00043251,224,51,17,34,173,22,151,22.767857142857142,7.5892857142857135,15.178571428571427,77.23214285714286,9.821428571428571,67.41071428571429
E00043252,286,49,22,27,237,30,207,17.132867132867133,7.6923076923076925,9.44055944055944,82.86713286713287,10.48951048951049,72.37762237762237
E00043253,315,49,14,35,266,26,240,15.555555555555555,4.444444444444445,11.11111111111111,84.44444444444444,8.253968253968253,76.19047619047619
E00043254,296,55,22,33,241,27,214,18.58108108108108,7.4324324324324325,11.14864864864865,81.41891891891892,9.121621621621621,72.2972972972973
E00043255,197,34,13,21,163,20,143,17.258883248730964,6.598984771573605,10.65989847715736,82.74111675126903,10.152284263959391,72.58883248730965
E00043256,288,44,16,28,244,26,218,15.277777777777779,5.555555555555555,9.722222222222223,84.72222222222221,9.027777777777777,75.69444444444444
E00043257,205,58,27,31,147,18,129,28.292682926829265,13.170731707317074,15.121951219512194,71.70731707317073,8.780487804878048,62.926829268292686
E00043258,292,45,14,31,247,27,220,15.41095890410959,4.794520547945205,10.616438356164384,84.58904109589042,9.246575342465754,75.34246575342466
E00043259,322,47,19,28,275,21,254,14.596273291925465,5.900621118012422,8.695652173913043,85.40372670807453,6.521739130434782,78.88198757763976
E00043260,284,34,11,23,250,22,228,11.971830985915492,3.873239436619718,8.098591549295776,88.02816901408451,7.746478873239436,80.28169014084507
E00043261,353,41,7,34,312,31,281,11.614730878186968,1.9830028328611897,9.631728045325778,88.38526912181302,8.78186968838527,79.60339943342775
E00043262,295,41,12,29,254,24,230,13.898305084745763,4.067796610169491,9.830508474576272,86.10169491525423,8.135593220338983,77.96610169491525
E00043263,291,56,17,39,235,25,210,19.243986254295535,5.841924398625429,13.402061855670103,80.75601374570446,8.59106529209622,72.16494845360825
E00043264,302,103,68,35,199,23,176,34.105960264900666,22.516556291390728,11.589403973509933,65.89403973509934,7.6158940397351,58.27814569536424
E00043265,280,52,19,33,228,20,208,18.571428571428573,6.785714285714286,11.785714285714285,81.42857142857143,7.142857142857142,74.28571428571429
E00043266,212,50,24,26,162,21,141,23.58490566037736,11.320754716981133,12.264150943396226,76.41509433962264,9.90566037735849,66.50943396226415
E00043267,313,81,27,54,232,25,207,25.878594249201274,8.626198083067091,17.252396166134183,74.12140575079871,7.987220447284344,66.13418530351439
E00043268,272,50,14,36,222,18,204,18.38235294117647,5.147058823529411,13.23529411764706,81.61764705882352,6.61764705882353,75
E00043269,275,79,42,37,196,16,180,28.72727272727273,15.272727272727273,13.454545454545455,71.27272727272728,5.818181818181818,65.45454545454545
E00043270,215,58,28,30,157,17,140,26.976744186046513,13.023255813953488,13.953488372093023,73.0232558139535,7.906976744186046,65.11627906976744
E00043271,227,61,26,35,166,25,141,26.87224669603524,11.45374449339207,15.418502202643172,73.12775330396477,11.013215859030836,62.11453744493392
E00043272,244,90,42,48,154,22,132,36.885245901639344,17.21311475409836,19.672131147540984,63.114754098360656,9.01639344262295,54.09836065573771
E00043273,358,99,41,58,259,31,228,27.6536312849162,11.452513966480447,16.201117318435752,72.3463687150838,8.659217877094973,63.687150837988824
E00043274,259,67,37,30,192,17,175,25.868725868725868,14.285714285714285,11.583011583011583,74.13127413127413,6.563706563706563,67.56756756756756
E00043275,244,39,20,19,205,26,179,15.983606557377051,8.19672131147541,7.786885245901639,84.01639344262296,10.655737704918032,73.36065573770492
E00043276,322,43,13,30,279,27,252,13.354037267080745,4.037267080745342,9.316770186335404,86.64596273291926,8.385093167701864,78.26086956521739
E00043277,321,45,20,25,276,26,250,14.018691588785046,6.230529595015576,7.78816199376947,85.98130841121495,8.09968847352025,77.88161993769471
E00043278,251,48,17,31,203,24,179,19.12350597609562,6.772908366533864,12.350597609561753,80.87649402390437,9.56175298804781,71.31474103585657
E00043279,182,31,10,21,151,20,131,17.032967032967033,5.4945054945054945,11.538461538461538,82.96703296703298,10.989010989010989,71.97802197802197
E00043280,267,49,14,35,218,27,191,18.352059925093634,5.2434456928838955,13.108614232209737,81.64794007490637,10.112359550561797,71.53558052434457
E00043281,204,42,19,23,162,17,145,20.588235294117645,9.313725490196079,11.27450980392157,79.41176470588235,8.333333333333332,71.07843137254902
E00043282,294,49,15,34,245,25,220,16.666666666666664,5.1020408163265305,11.564625850340136,83.33333333333334,8.503401360544217,74.82993197278913
E00043283,256,41,16,25,215,12,203,16.015625,6.25,9.765625,83.984375,4.6875,79.296875
E00043284,242,29,13,16,213,24,189,11.983471074380166,5.371900826446281,6.6115702479338845,88.01652892561982,9.917355371900827,78.099173553719
E00043285,231,34,8,26,197,19,178,14.71861471861472,3.463203463203463,11.255411255411255,85.28138528138528,8.225108225108226,77.05627705627705
E00043286,175,40,16,24,135,14,121,22.857142857142858,9.142857142857142,13.714285714285715,77.14285714285715,8,69.14285714285714
E00043287,272,40,14,26,232,31,201,14.705882352941178,5.147058823529411,9.558823529411764,85.29411764705883,11.397058823529411,73.89705882352942
E00043288,247,39,12,27,208,28,180,15.789473684210526,4.8582995951417,10.931174089068826,84.21052631578947,11.336032388663968,72.8744939271255
E00043289,173,31,7,24,142,17,125,17.91907514450867,4.046242774566474,13.872832369942195,82.08092485549133,9.826589595375722,72.25433526011561
E00043290,293,34,14,20,259,23,236,11.604095563139932,4.778156996587031,6.825938566552901,88.39590443686008,7.849829351535837,80.54607508532423
E00043291,219,31,14,17,188,27,161,14.15525114155251,6.392694063926941,7.76255707762557,85.84474885844749,12.32876712328767,73.51598173515981
E00043292,220,47,18,29,173,24,149,21.363636363636363,8.181818181818182,13.18181818181818,78.63636363636364,10.909090909090908,67.72727272727272
E00043293,232,43,17,26,189,20,169,18.53448275862069,7.327586206896551,11.206896551724139,81.46551724137932,8.620689655172415,72.84482758620689
E00043294,245,48,22,26,197,18,179,19.591836734693878,8.979591836734693,10.612244897959183,80.40816326530611,7.346938775510205,73.06122448979592
E00043295,330,49,15,34,281,35,246,14.84848484848485,4.545454545454546,10.303030303030303,85.15151515151516,10.606060606060606,74.54545454545455
E00043296,293,70,47,23,223,27,196,23.890784982935152,16.040955631399317,7.849829351535837,76.10921501706484,9.215017064846416,66.89419795221842
E00043297,254,47,15,32,207,15,192,18.503937007874015,5.905511811023622,12.598425196850393,81.49606299212599,5.905511811023622,75.59055118110236
E00043298,267,64,26,38,203,27,176,23.970037453183522,9.737827715355806,14.232209737827715,76.02996254681648,10.112359550561797,65.91760299625467
E00043299,258,54,21,33,204,32,172,20.930232558139537,8.13953488372093,12.790697674418606,79.06976744186046,12.4031007751938,66.66666666666666
E00043300,275,57,32,25,218,41,177,20.727272727272727,11.636363636363637,9.090909090909092,79.27272727272727,14.909090909090908,64.36363636363637
E00043301,282,53,20,33,229,20,209,18.79432624113475,7.092198581560284,11.702127659574469,81.20567375886525,7.092198581560284,74.11347517730496
E00043302,227,54,24,30,173,15,158,23.788546255506606,10.572687224669604,13.215859030837004,76.2114537444934,6.607929515418502,69.60352422907489
E00043303,242,53,13,40,189,15,174,21.90082644628099,5.371900826446281,16.528925619834713,78.099173553719,6.198347107438017,71.900826446281
E00043304,269,83,39,44,186,32,154,30.855018587360593,14.49814126394052,16.356877323420075,69.14498141263941,11.895910780669144,57.249070631970255
E00043305,300,44,16,28,256,26,230,14.666666666666666,5.333333333333334,9.333333333333334,85.33333333333334,8.666666666666668,76.66666666666667
E00043306,257,77,45,32,180,15,165,29.961089494163424,17.509727626459142,12.45136186770428,70.03891050583657,5.836575875486381,64.2023346303502
E00043307,217,50,22,28,167,17,150,23.04147465437788,10.138248847926267,12.903225806451612,76.95852534562212,7.834101382488479,69.12442396313364
E00043308,299,46,18,28,253,19,234,15.384615384615385,6.0200668896321075,9.364548494983277,84.61538461538461,6.354515050167224,78.26086956521739
E00043309,381,59,23,36,322,34,288,15.485564304461944,6.036745406824147,9.448818897637794,84.51443569553805,8.923884514435695,75.59055118110236
E00043310,474,87,28,59,387,29,358,18.354430379746837,5.9071729957805905,12.447257383966246,81.64556962025317,6.118143459915612,75.52742616033755
E00043311,330,74,31,43,256,18,238,22.424242424242426,9.393939393939393,13.030303030303031,77.57575757575758,5.454545454545454,72.12121212121212
E00043312,315,66,19,47,249,33,216,20.952380952380953,6.031746031746032,14.920634920634921,79.04761904761905,10.476190476190476,68.57142857142857
E00043313,216,56,22,34,160,18,142,25.925925925925924,10.185185185185185,15.74074074074074,74.07407407407408,8.333333333333332,65.74074074074075
E00043314,293,51,20,31,242,27,215,17.4061433447099,6.825938566552901,10.580204778156997,82.5938566552901,9.215017064846416,73.37883959044369
E00043315,246,58,23,35,188,22,166,23.577235772357724,9.34959349593496,14.227642276422763,76.42276422764228,8.94308943089431,67.47967479674797
E00043316,264,78,28,50,186,17,169,29.545454545454547,10.606060606060606,18.939393939393938,70.45454545454545,6.4393939393939394,64.01515151515152
E00043317,267,49,23,26,218,25,193,18.352059925093634,8.614232209737828,9.737827715355806,81.64794007490637,9.363295880149813,72.28464419475655
E00043318,111,41,21,20,70,7,63,36.93693693693694,18.91891891891892,18.01801801801802,63.06306306306306,6.306306306306306,56.75675675675676
E00043319,248,51,18,33,197,12,185,20.56451612903226,7.258064516129033,13.306451612903224,79.43548387096774,4.838709677419355,74.59677419354838
E00043320,257,63,29,34,194,19,175,24.5136186770428,11.284046692607005,13.229571984435799,75.4863813229572,7.392996108949417,68.09338521400778
E00043321,161,51,30,21,110,10,100,31.67701863354037,18.633540372670808,13.043478260869565,68.32298136645963,6.211180124223603,62.11180124223602
E00043322,306,52,18,34,254,25,229,16.99346405228758,5.88235294117647,11.11111111111111,83.00653594771242,8.169934640522875,74.83660130718954
E00043325,288,53,23,30,235,21,214,18.40277777777778,7.986111111111111,10.416666666666668,81.59722222222221,7.291666666666667,74.30555555555556
E00043326,224,34,17,17,190,28,162,15.178571428571427,7.5892857142857135,7.5892857142857135,84.82142857142857,12.5,72.32142857142857
E00043327,233,25,7,18,208,19,189,10.72961373390558,3.004291845493562,7.725321888412018,89.27038626609442,8.15450643776824,81.11587982832617
E00043328,279,42,17,25,237,17,220,15.053763440860216,6.093189964157706,8.960573476702509,84.94623655913979,6.093189964157706,78.85304659498208
E00043329,242,49,16,33,193,21,172,20.24793388429752,6.6115702479338845,13.636363636363635,79.75206611570248,8.677685950413224,71.07438016528926
E00043330,261,34,12,22,227,24,203,13.026819923371647,4.597701149425287,8.42911877394636,86.97318007662835,9.195402298850574,77.77777777777779
E00043331,250,71,37,34,179,11,168,28.4,14.799999999999999,13.600000000000001,71.6,4.3999999999999995,67.2
E00043332,281,53,20,33,228,19,209,18.86120996441281,7.11743772241993,11.743772241992882,81.13879003558719,6.761565836298933,74.37722419928826
E00043333,331,48,18,30,283,19,264,14.501510574018129,5.438066465256798,9.06344410876133,85.49848942598187,5.740181268882175,79.7583081570997
E00043334,314,87,36,51,227,21,206,27.70700636942675,11.464968152866243,16.24203821656051,72.29299363057325,6.687898089171974,65.60509554140127
E00043335,308,58,32,26,250,22,228,18.83116883116883,10.38961038961039,8.441558441558442,81.16883116883116,7.142857142857142,74.02597402597402
E00043336,232,53,19,34,179,16,163,22.844827586206897,8.189655172413794,14.655172413793101,77.15517241379311,6.896551724137931,70.25862068965517
E00043337,235,85,46,39,150,15,135,36.17021276595745,19.574468085106382,16.595744680851062,63.829787234042556,6.382978723404255,57.446808510638306
E00043338,219,38,14,24,181,19,162,17.35159817351598,6.392694063926941,10.95890410958904,82.64840182648402,8.67579908675799,73.97260273972603
E00043339,321,64,38,26,257,15,242,19.937694704049843,11.838006230529595,8.09968847352025,80.06230529595015,4.672897196261682,75.38940809968847
E00043340,269,47,21,26,222,24,198,17.472118959107807,7.806691449814126,9.66542750929368,82.5278810408922,8.921933085501859,73.60594795539033
E00043341,219,49,20,29,170,24,146,22.37442922374429,9.1324200913242,13.24200913242009,77.6255707762557,10.95890410958904,66.66666666666666
E00043342,299,54,28,26,245,25,220,18.06020066889632,9.364548494983277,8.695652173913043,81.93979933110369,8.361204013377927,73.57859531772574
E00043343,286,61,31,30,225,17,208,21.328671328671327,10.839160839160838,10.48951048951049,78.67132867132867,5.944055944055944,72.72727272727273
E00043344,306,113,76,37,193,21,172,36.9281045751634,24.836601307189543,12.091503267973856,63.0718954248366,6.862745098039216,56.209150326797385
E00043345,336,64,27,37,272,20,252,19.047619047619047,8.035714285714286,11.011904761904761,80.95238095238095,5.952380952380952,75
E00043347,405,85,35,50,320,36,284,20.98765432098765,8.641975308641975,12.345679012345679,79.01234567901234,8.88888888888889,70.12345679012346
E00043348,219,76,39,37,143,14,129,34.70319634703196,17.80821917808219,16.894977168949772,65.29680365296804,6.392694063926941,58.9041095890411
E00043349,214,44,19,25,170,19,151,20.5607476635514,8.878504672897195,11.682242990654206,79.43925233644859,8.878504672897195,70.56074766355141
E00043350,246,61,27,34,185,14,171,24.796747967479675,10.975609756097562,13.821138211382115,75.20325203252033,5.691056910569105,69.51219512195121
E00043351,222,75,40,35,147,15,132,33.78378378378378,18.01801801801802,15.765765765765765,66.21621621621621,6.756756756756757,59.45945945945946
E00043352,379,89,48,41,290,28,262,23.482849604221638,12.66490765171504,10.817941952506596,76.51715039577837,7.387862796833773,69.12928759894459
E00043353,426,107,53,54,319,28,291,25.11737089201878,12.44131455399061,12.676056338028168,74.88262910798123,6.572769953051644,68.30985915492957
E00043354,321,134,69,65,187,13,174,41.74454828660436,21.49532710280374,20.24922118380062,58.25545171339564,4.049844236760125,54.20560747663551
E00043355,246,53,21,32,193,25,168,21.544715447154474,8.536585365853659,13.008130081300814,78.45528455284553,10.16260162601626,68.29268292682927
E00043356,323,87,48,39,236,13,223,26.93498452012384,14.860681114551083,12.074303405572756,73.06501547987617,4.024767801857585,69.04024767801857
E00043357,301,80,40,40,221,22,199,26.578073089701,13.2890365448505,13.2890365448505,73.421926910299,7.308970099667775,66.11295681063123
E00043358,252,65,28,37,187,15,172,25.793650793650798,11.11111111111111,14.682539682539684,74.20634920634922,5.952380952380952,68.25396825396825
E00043359,253,60,30,30,193,19,174,23.715415019762844,11.857707509881422,11.857707509881422,76.28458498023716,7.5098814229249005,68.77470355731225
E00043360,226,62,30,32,164,21,143,27.43362831858407,13.274336283185843,14.15929203539823,72.56637168141593,9.29203539823009,63.27433628318584
E00043361,340,65,28,37,275,31,244,19.11764705882353,8.235294117647058,10.882352941176471,80.88235294117648,9.117647058823529,71.76470588235294
E00043362,265,57,32,25,208,19,189,21.50943396226415,12.075471698113208,9.433962264150944,78.49056603773586,7.169811320754717,71.32075471698113
E00043363,323,93,43,50,230,7,223,28.792569659442723,13.312693498452013,15.479876160990713,71.20743034055728,2.1671826625387,69.04024767801857
E00043364,271,83,40,43,188,13,175,30.627306273062732,14.760147601476014,15.867158671586715,69.37269372693727,4.797047970479705,64.57564575645756
E00043365,450,70,27,43,380,40,340,15.555555555555555,6,9.555555555555555,84.44444444444444,8.88888888888889,75.55555555555556
E00043366,330,71,35,36,259,18,241,21.515151515151516,10.606060606060606,10.909090909090908,78.48484848484848,5.454545454545454,73.03030303030303
E00043367,293,85,34,51,208,21,187,29.01023890784983,11.604095563139932,17.4061433447099,70.98976109215018,7.167235494880546,63.82252559726962
E00043368,431,75,21,54,356,26,330,17.40139211136891,4.872389791183294,12.529002320185615,82.5986078886311,6.0324825986078885,76.5661252900232
E00043369,265,58,28,30,207,17,190,21.88679245283019,10.566037735849058,11.320754716981133,78.11320754716982,6.415094339622642,71.69811320754717
E00043370,264,73,33,40,191,12,179,27.65151515151515,12.5,15.151515151515152,72.34848484848484,4.545454545454546,67.8030303030303
E00043371,152,59,33,26,93,18,75,38.81578947368421,21.710526315789476,17.105263157894736,61.18421052631579,11.842105263157894,49.34210526315789
E00043373,167,41,22,19,126,16,110,24.550898203592812,13.17365269461078,11.377245508982035,75.44910179640718,9.580838323353294,65.86826347305389
E00043374,356,76,31,45,280,14,266,21.34831460674157,8.707865168539326,12.640449438202248,78.65168539325843,3.932584269662921,74.71910112359551
E00043375,194,70,42,28,124,6,118,36.08247422680412,21.649484536082475,14.432989690721648,63.91752577319587,3.0927835051546393,60.824742268041234
E00043376,241,88,43,45,153,7,146,36.51452282157676,17.842323651452283,18.672199170124482,63.48547717842323,2.904564315352697,60.58091286307054
E00043377,169,53,30,23,116,13,103,31.360946745562128,17.75147928994083,13.609467455621301,68.63905325443787,7.6923076923076925,60.946745562130175
E00043378,262,68,32,36,194,26,168,25.954198473282442,12.213740458015266,13.740458015267176,74.04580152671755,9.923664122137405,64.12213740458014
E00043379,291,90,44,46,201,23,178,30.927835051546392,15.120274914089347,15.807560137457044,69.0721649484536,7.903780068728522,61.16838487972509
E00043380,401,154,103,51,247,16,231,38.403990024937656,25.6857855361596,12.718204488778055,61.59600997506235,3.99002493765586,57.605985037406484
E00043381,325,102,52,50,223,18,205,31.384615384615383,16,15.384615384615385,68.61538461538461,5.538461538461538,63.07692307692307
E00043382,269,47,17,30,222,24,198,17.472118959107807,6.319702602230483,11.152416356877323,82.5278810408922,8.921933085501859,73.60594795539033
E00043384,301,53,24,29,248,28,220,17.60797342192691,7.973421926910299,9.634551495016613,82.39202657807309,9.30232558139535,73.08970099667775
E00043385,347,52,17,35,295,32,263,14.985590778097983,4.899135446685879,10.086455331412104,85.01440922190201,9.221902017291066,75.79250720461094
E00043386,280,35,19,16,245,21,224,12.5,6.785714285714286,5.714285714285714,87.5,7.5,80
E00043387,305,29,7,22,276,29,247,9.508196721311474,2.2950819672131146,7.213114754098362,90.49180327868852,9.508196721311474,80.98360655737706
E00043388,306,38,15,23,268,24,244,12.418300653594772,4.901960784313726,7.516339869281046,87.58169934640523,7.8431372549019605,79.73856209150327
E00043389,311,50,20,30,261,22,239,16.077170418006432,6.430868167202572,9.646302250803858,83.92282958199357,7.07395498392283,76.84887459807074
E00043390,277,50,20,30,227,20,207,18.050541516245488,7.2202166064981945,10.830324909747292,81.94945848375451,7.2202166064981945,74.72924187725631
E00043391,284,55,14,41,229,22,207,19.366197183098592,4.929577464788732,14.43661971830986,80.63380281690141,7.746478873239436,72.88732394366197
E00043392,332,45,16,29,287,30,257,13.55421686746988,4.819277108433735,8.734939759036145,86.44578313253012,9.036144578313253,77.40963855421687
E00043393,263,51,13,38,212,15,197,19.39163498098859,4.942965779467681,14.44866920152091,80.6083650190114,5.7034220532319395,74.90494296577947
E00043394,270,52,15,37,218,23,195,19.25925925925926,5.555555555555555,13.703703703703704,80.74074074074075,8.518518518518519,72.22222222222221
E00043395,318,39,17,22,279,18,261,12.264150943396226,5.345911949685535,6.918238993710692,87.73584905660378,5.660377358490567,82.0754716981132
E00043396,287,53,16,37,234,21,213,18.466898954703833,5.574912891986063,12.89198606271777,81.53310104529616,7.317073170731707,74.21602787456446
E00043397,301,69,29,40,232,20,212,22.92358803986711,9.634551495016613,13.2890365448505,77.0764119601329,6.64451827242525,70.43189368770764
E00043398,258,58,28,30,200,19,181,22.48062015503876,10.852713178294573,11.627906976744185,77.51937984496125,7.3643410852713185,70.15503875968993
E00043399,352,41,14,27,311,28,283,11.647727272727272,3.977272727272727,7.670454545454546,88.35227272727273,7.954545454545454,80.39772727272727
E00043400,312,52,16,36,260,25,235,16.666666666666664,5.128205128205128,11.538461538461538,83.33333333333334,8.012820512820513,75.32051282051282
E00043401,342,36,10,26,306,29,277,10.526315789473683,2.923976608187134,7.602339181286549,89.47368421052632,8.47953216374269,80.99415204678363
E00043402,300,36,14,22,264,30,234,12,4.666666666666667,7.333333333333333,88,10,78
E00043403,296,39,11,28,257,24,233,13.175675675675674,3.7162162162162162,9.45945945945946,86.82432432432432,8.108108108108109,78.71621621621621
E00043404,303,37,10,27,266,25,241,12.211221122112212,3.3003300330033,8.91089108910891,87.78877887788778,8.25082508250825,79.53795379537954
E00043405,207,32,14,18,175,16,159,15.458937198067632,6.763285024154589,8.695652173913043,84.54106280193237,7.729468599033816,76.81159420289855
E00043406,305,34,6,28,271,35,236,11.147540983606557,1.9672131147540985,9.180327868852459,88.85245901639345,11.475409836065573,77.37704918032787
E00043407,321,54,24,30,267,19,248,16.822429906542055,7.476635514018691,9.345794392523365,83.17757009345794,5.919003115264798,77.25856697819314
E00043408,285,35,7,28,250,17,233,12.280701754385964,2.456140350877193,9.824561403508772,87.71929824561403,5.964912280701754,81.75438596491227
E00043409,347,43,13,30,304,30,274,12.39193083573487,3.7463976945244957,8.645533141210375,87.60806916426513,8.645533141210375,78.96253602305475
E00043410,415,83,42,41,332,25,307,20,10.120481927710843,9.879518072289157,80,6.024096385542169,73.97590361445782
E00043411,327,85,41,44,242,30,212,25.993883792048926,12.538226299694188,13.455657492354739,74.00611620795107,9.174311926605505,64.83180428134557
E00043412,495,64,25,39,431,38,393,12.929292929292929,5.05050505050505,7.878787878787878,87.07070707070706,7.6767676767676765,79.39393939393939
E00043413,355,38,11,27,317,23,294,10.704225352112676,3.0985915492957745,7.605633802816901,89.29577464788733,6.478873239436619,82.8169014084507
E00043414,297,51,23,28,246,22,224,17.17171717171717,7.744107744107744,9.427609427609427,82.82828282828282,7.4074074074074066,75.42087542087542
E00043415,162,42,22,20,120,13,107,25.925925925925924,13.580246913580247,12.345679012345679,74.07407407407408,8.024691358024691,66.0493827160494
E00043416,382,116,78,38,266,25,241,30.36649214659686,20.418848167539267,9.947643979057592,69.63350785340315,6.544502617801047,63.089005235602095
E00043417,284,37,19,18,247,33,214,13.028169014084506,6.690140845070422,6.338028169014084,86.97183098591549,11.619718309859154,75.35211267605634
E00043418,357,80,35,45,277,21,256,22.408963585434176,9.803921568627452,12.605042016806722,77.59103641456583,5.88235294117647,71.70868347338936
E00043419,295,59,29,30,236,16,220,20,9.830508474576272,10.16949152542373,80,5.423728813559322,74.57627118644068
E00043421,391,40,15,25,351,30,321,10.230179028132993,3.8363171355498724,6.3938618925831205,89.769820971867,7.672634271099745,82.09718670076727
E00043422,303,45,12,33,258,20,238,14.85148514851485,3.9603960396039604,10.891089108910892,85.14851485148515,6.6006600660066,78.54785478547855
E00043423,281,43,13,30,238,25,213,15.302491103202847,4.6263345195729535,10.676156583629894,84.69750889679716,8.896797153024911,75.80071174377224
E00043424,314,47,22,25,267,24,243,14.968152866242038,7.006369426751593,7.961783439490445,85.03184713375796,7.643312101910828,77.38853503184714
E00043425,331,44,16,28,287,30,257,13.293051359516618,4.833836858006042,8.459214501510575,86.70694864048339,9.06344410876133,77.64350453172206
E00043426,277,42,20,22,235,29,206,15.162454873646208,7.2202166064981945,7.9422382671480145,84.83754512635379,10.469314079422382,74.36823104693141
E00043427,277,75,35,40,202,19,183,27.075812274368232,12.63537906137184,14.440433212996389,72.92418772563177,6.859205776173286,66.06498194945848
E00043428,260,84,33,51,176,25,151,32.30769230769231,12.692307692307692,19.615384615384617,67.6923076923077,9.615384615384617,58.07692307692308
E00043429,327,73,29,44,254,23,231,22.32415902140673,8.868501529051988,13.455657492354739,77.67584097859327,7.033639143730887,70.64220183486239
E00043430,294,36,6,30,258,39,219,12.244897959183673,2.0408163265306123,10.204081632653061,87.75510204081633,13.26530612244898,74.48979591836735
E00043431,324,56,17,39,268,25,243,17.28395061728395,5.246913580246913,12.037037037037036,82.71604938271605,7.716049382716049,75
E00043432,357,59,26,33,298,29,269,16.5266106442577,7.282913165266107,9.243697478991598,83.4733893557423,8.123249299719888,75.35014005602241
E00043433,342,66,28,38,276,27,249,19.298245614035086,8.187134502923977,11.11111111111111,80.7017543859649,7.894736842105263,72.80701754385966
E00043434,370,93,45,48,277,13,264,25.135135135135133,12.162162162162163,12.972972972972974,74.86486486486487,3.5135135135135136,71.35135135135135
E00043435,263,51,21,30,212,23,189,19.39163498098859,7.984790874524715,11.406844106463879,80.6083650190114,8.745247148288973,71.86311787072243
E00043436,247,35,11,24,212,26,186,14.17004048582996,4.4534412955465585,9.7165991902834,85.82995951417004,10.526315789473683,75.30364372469636
E00043437,329,44,19,25,285,20,265,13.37386018237082,5.775075987841945,7.598784194528875,86.62613981762918,6.079027355623101,80.54711246200608
E00043438,359,79,32,47,280,22,258,22.00557103064067,8.913649025069638,13.09192200557103,77.99442896935933,6.128133704735376,71.86629526462396
E00043439,243,39,12,27,204,24,180,16.049382716049383,4.938271604938271,11.11111111111111,83.9506172839506,9.876543209876543,74.07407407407408
E00043440,259,34,13,21,225,23,202,13.127413127413126,5.019305019305019,8.108108108108109,86.87258687258688,8.880308880308881,77.99227799227799
E00043441,299,95,41,54,204,17,187,31.77257525083612,13.712374581939798,18.06020066889632,68.22742474916387,5.68561872909699,62.54180602006689
E00043442,365,88,48,40,277,25,252,24.10958904109589,13.150684931506849,10.95890410958904,75.89041095890411,6.8493150684931505,69.04109589041096
E00043443,245,43,13,30,202,15,187,17.551020408163264,5.3061224489795915,12.244897959183673,82.44897959183673,6.122448979591836,76.32653061224491
E00043444,228,64,37,27,164,9,155,28.07017543859649,16.228070175438596,11.842105263157894,71.9298245614035,3.9473684210526314,67.98245614035088
E00043445,265,37,11,26,228,23,205,13.962264150943396,4.150943396226415,9.811320754716983,86.0377358490566,8.679245283018867,77.35849056603774
E00043446,243,29,17,12,214,21,193,11.934156378600823,6.995884773662551,4.938271604938271,88.06584362139918,8.641975308641975,79.42386831275721
E00043447,342,46,13,33,296,24,272,13.450292397660817,3.8011695906432745,9.649122807017543,86.54970760233918,7.017543859649122,79.53216374269006
E00043448,225,32,11,21,193,20,173,14.222222222222221,4.888888888888889,9.333333333333334,85.77777777777777,8.88888888888889,76.88888888888889
E00043449,281,42,19,23,239,24,215,14.94661921708185,6.761565836298933,8.185053380782918,85.05338078291815,8.540925266903916,76.51245551601423
E00043450,240,52,24,28,188,13,175,21.666666666666668,10,11.666666666666666,78.33333333333333,5.416666666666667,72.91666666666666
E00043451,297,30,11,19,267,24,243,10.1010101010101,3.7037037037037033,6.397306397306397,89.8989898989899,8.080808080808081,81.81818181818183
E00043452,267,39,12,27,228,26,202,14.606741573033707,4.49438202247191,10.112359550561797,85.39325842696628,9.737827715355806,75.65543071161048
E00043453,340,32,6,26,308,30,278,9.411764705882353,1.7647058823529411,7.647058823529412,90.58823529411765,8.823529411764707,81.76470588235294
E00043454,261,37,19,18,224,23,201,14.17624521072797,7.2796934865900385,6.896551724137931,85.82375478927203,8.812260536398467,77.01149425287356
E00043455,323,36,9,27,287,31,256,11.145510835913312,2.786377708978328,8.359133126934983,88.85448916408669,9.597523219814242,79.25696594427245
E00043456,435,100,61,39,335,38,297,22.988505747126435,14.022988505747128,8.96551724137931,77.01149425287356,8.735632183908045,68.27586206896552
E00043457,240,43,20,23,197,13,184,17.916666666666668,8.333333333333332,9.583333333333334,82.08333333333333,5.416666666666667,76.66666666666667
E00043458,219,30,13,17,189,21,168,13.698630136986301,5.93607305936073,7.76255707762557,86.3013698630137,9.58904109589041,76.71232876712328
E00043459,208,52,24,28,156,24,132,25,11.538461538461538,13.461538461538462,75,11.538461538461538,63.46153846153846
E00043460,280,32,8,24,248,14,234,11.428571428571429,2.857142857142857,8.571428571428571,88.57142857142857,5,83.57142857142857
E00043461,285,37,9,28,248,22,226,12.982456140350877,3.1578947368421053,9.824561403508772,87.01754385964912,7.719298245614035,79.2982456140351
E00043462,271,23,5,18,248,23,225,8.487084870848708,1.8450184501845017,6.642066420664207,91.5129151291513,8.487084870848708,83.02583025830258
E00043463,207,53,26,27,154,23,131,25.60386473429952,12.560386473429952,13.043478260869565,74.39613526570048,11.11111111111111,63.28502415458937
E00043464,244,49,23,26,195,21,174,20.081967213114755,9.426229508196721,10.655737704918032,79.91803278688525,8.60655737704918,71.31147540983606
E00043465,219,69,27,42,150,18,132,31.506849315068493,12.32876712328767,19.17808219178082,68.4931506849315,8.21917808219178,60.273972602739725
E00043466,282,37,7,30,245,22,223,13.120567375886525,2.4822695035460995,10.638297872340425,86.87943262411348,7.801418439716312,79.07801418439716
E00043467,262,51,19,32,211,27,184,19.46564885496183,7.251908396946565,12.213740458015266,80.53435114503816,10.305343511450381,70.22900763358778
E00043468,234,60,22,38,174,18,156,25.64102564102564,9.401709401709402,16.23931623931624,74.35897435897436,7.6923076923076925,66.66666666666666
E00043469,263,68,40,28,195,18,177,25.85551330798479,15.209125475285171,10.646387832699618,74.1444866920152,6.844106463878327,67.30038022813687
E00043470,452,107,47,60,345,37,308,23.672566371681416,10.398230088495575,13.274336283185843,76.32743362831859,8.185840707964601,68.14159292035397
E00043471,259,56,27,29,203,27,176,21.62162162162162,10.424710424710424,11.196911196911197,78.37837837837837,10.424710424710424,67.95366795366795
E00043472,287,46,17,29,241,21,220,16.02787456445993,5.923344947735192,10.104529616724738,83.97212543554006,7.317073170731707,76.65505226480836
E00043473,312,55,25,30,257,20,237,17.628205128205128,8.012820512820513,9.615384615384617,82.37179487179486,6.41025641025641,75.96153846153845
E00043474,254,38,8,30,216,24,192,14.960629921259844,3.149606299212598,11.811023622047244,85.03937007874016,9.448818897637794,75.59055118110236
E00043475,269,41,13,28,228,23,205,15.241635687732341,4.83271375464684,10.408921933085502,84.75836431226766,8.550185873605948,76.2081784386617
E00043476,274,38,19,19,236,21,215,13.86861313868613,6.934306569343065,6.934306569343065,86.13138686131386,7.664233576642336,78.46715328467153
E00043477,345,44,12,32,301,33,268,12.753623188405797,3.4782608695652173,9.27536231884058,87.2463768115942,9.565217391304348,77.68115942028986
E00043478,266,41,13,28,225,19,206,15.413533834586465,4.887218045112782,10.526315789473683,84.58646616541353,7.142857142857142,77.44360902255639
E00043479,212,65,37,28,147,20,127,30.660377358490564,17.452830188679243,13.20754716981132,69.33962264150944,9.433962264150944,59.905660377358494
E00043480,280,46,16,30,234,20,214,16.428571428571427,5.714285714285714,10.714285714285714,83.57142857142857,7.142857142857142,76.42857142857142
E00043481,299,45,16,29,254,24,230,15.050167224080269,5.351170568561873,9.698996655518394,84.94983277591973,8.02675585284281,76.92307692307693
E00043482,345,58,23,35,287,22,265,16.81159420289855,6.666666666666667,10.144927536231885,83.18840579710145,6.3768115942028984,76.81159420289855
E00043483,282,58,17,41,224,28,196,20.56737588652482,6.028368794326241,14.539007092198581,79.43262411347519,9.929078014184398,69.50354609929079
E00043485,260,48,15,33,212,25,187,18.461538461538463,5.769230769230769,12.692307692307692,81.53846153846153,9.615384615384617,71.92307692307692
E00043486,193,55,32,23,138,21,117,28.497409326424872,16.580310880829018,11.917098445595855,71.50259067357513,10.880829015544041,60.62176165803109
E00043487,220,40,22,18,180,28,152,18.181818181818183,10,8.181818181818182,81.81818181818183,12.727272727272727,69.0909090909091
E00043490,354,101,46,55,253,17,236,28.53107344632768,12.994350282485875,15.53672316384181,71.46892655367232,4.80225988700565,66.66666666666666
E00043491,295,70,35,35,225,21,204,23.728813559322035,11.864406779661017,11.864406779661017,76.27118644067797,7.118644067796611,69.15254237288136
E00043492,206,58,25,33,148,13,135,28.155339805825243,12.135922330097088,16.019417475728158,71.84466019417476,6.310679611650485,65.53398058252428
E00043493,504,87,29,58,417,42,375,17.261904761904763,5.753968253968254,11.507936507936508,82.73809523809523,8.333333333333332,74.40476190476191
E00043494,321,69,39,30,252,21,231,21.49532710280374,12.149532710280374,9.345794392523365,78.50467289719626,6.5420560747663545,71.96261682242991
E00043495,259,75,36,39,184,15,169,28.957528957528954,13.8996138996139,15.057915057915059,71.04247104247105,5.7915057915057915,65.25096525096525
E00043496,300,77,33,44,223,19,204,25.666666666666664,11,14.666666666666666,74.33333333333333,6.333333333333334,68
E00043497,269,52,25,27,217,14,203,19.33085501858736,9.293680297397769,10.037174721189592,80.66914498141264,5.204460966542751,75.46468401486989
E00043498,272,53,30,23,219,14,205,19.485294117647058,11.029411764705882,8.455882352941178,80.51470588235294,5.147058823529411,75.36764705882352
E00043499,252,78,45,33,174,18,156,30.952380952380953,17.857142857142858,13.095238095238097,69.04761904761905,7.142857142857142,61.904761904761905
E00043500,256,80,45,35,176,19,157,31.25,17.578125,13.671875,68.75,7.421875,61.328125
E00043501,226,56,23,33,170,15,155,24.778761061946902,10.176991150442479,14.601769911504425,75.22123893805309,6.637168141592921,68.58407079646017
E00043502,213,52,25,27,161,19,142,24.413145539906104,11.737089201877934,12.676056338028168,75.5868544600939,8.92018779342723,66.66666666666666
E00043503,256,70,31,39,186,20,166,27.34375,12.109375,15.234375,72.65625,7.8125,64.84375
E00043504,390,82,31,51,308,29,279,21.025641025641026,7.948717948717948,13.076923076923078,78.97435897435898,7.435897435897436,71.53846153846153
E00043505,268,59,27,32,209,24,185,22.01492537313433,10.074626865671641,11.940298507462686,77.98507462686567,8.955223880597014,69.02985074626866
E00043506,287,66,34,32,221,34,187,22.99651567944251,11.846689895470384,11.149825783972126,77.00348432055749,11.846689895470384,65.1567944250871
E00043507,363,69,29,40,294,29,265,19.00826446280992,7.988980716253444,11.019283746556475,80.99173553719008,7.988980716253444,73.00275482093664
E00043508,279,49,20,29,230,17,213,17.562724014336915,7.168458781362006,10.39426523297491,82.43727598566308,6.093189964157706,76.34408602150538
E00043509,303,62,23,39,241,31,210,20.462046204620464,7.590759075907591,12.871287128712872,79.53795379537954,10.231023102310232,69.3069306930693
E00043510,305,57,19,38,248,20,228,18.688524590163937,6.229508196721312,12.459016393442624,81.31147540983606,6.557377049180328,74.75409836065575
E00043511,240,67,33,34,173,18,155,27.916666666666668,13.750000000000002,14.166666666666666,72.08333333333333,7.5,64.58333333333334
E00043513,306,110,54,56,196,10,186,35.947712418300654,17.647058823529413,18.30065359477124,64.05228758169935,3.2679738562091507,60.78431372549019
E00043514,197,62,38,24,135,15,120,31.472081218274113,19.289340101522843,12.18274111675127,68.52791878172589,7.614213197969544,60.913705583756354
E00043515,304,61,26,35,243,26,217,20.065789473684212,8.552631578947368,11.513157894736842,79.93421052631578,8.552631578947368,71.38157894736842
E00043516,277,59,22,37,218,15,203,21.299638989169676,7.9422382671480145,13.357400722021662,78.70036101083032,5.415162454873646,73.28519855595668
E00043517,221,61,40,21,160,13,147,27.601809954751133,18.099547511312217,9.502262443438914,72.39819004524887,5.88235294117647,66.51583710407239
E00043518,248,51,17,34,197,19,178,20.56451612903226,6.854838709677419,13.709677419354838,79.43548387096774,7.661290322580645,71.7741935483871
E00043519,263,52,18,34,211,17,194,19.771863117870723,6.844106463878327,12.927756653992395,80.22813688212928,6.4638783269961975,73.76425855513308
E00043520,238,66,29,37,172,24,148,27.73109243697479,12.184873949579831,15.546218487394958,72.26890756302521,10.084033613445378,62.18487394957983
E00043521,198,42,20,22,156,21,135,21.21212121212121,10.1010101010101,11.11111111111111,78.78787878787878,10.606060606060606,68.18181818181817
E00043522,506,88,30,58,418,38,380,17.391304347826086,5.928853754940711,11.462450592885375,82.6086956521739,7.5098814229249005,75.09881422924902
E00043523,270,59,16,43,211,25,186,21.85185185185185,5.9259259259259265,15.925925925925927,78.14814814814814,9.25925925925926,68.88888888888889
E00043524,251,72,33,39,179,10,169,28.68525896414343,13.147410358565736,15.53784860557769,71.31474103585657,3.9840637450199203,67.33067729083665
E00043525,310,76,39,37,234,17,217,24.516129032258064,12.580645161290322,11.935483870967742,75.48387096774194,5.483870967741936,70
E00043526,253,66,34,32,187,16,171,26.08695652173913,13.438735177865613,12.648221343873518,73.91304347826086,6.324110671936759,67.58893280632411
E00043527,315,78,34,44,237,17,220,24.761904761904763,10.793650793650794,13.968253968253968,75.23809523809524,5.396825396825397,69.84126984126983
E00043528,254,49,16,33,205,28,177,19.291338582677163,6.299212598425196,12.992125984251967,80.70866141732283,11.023622047244094,69.68503937007874
E00043529,273,65,35,30,208,11,197,23.809523809523807,12.82051282051282,10.989010989010989,76.19047619047619,4.029304029304029,72.16117216117216
E00043530,311,75,39,36,236,15,221,24.115755627009648,12.540192926045016,11.57556270096463,75.88424437299035,4.823151125401929,71.06109324758843
E00043531,242,76,45,31,166,16,150,31.40495867768595,18.59504132231405,12.8099173553719,68.59504132231406,6.6115702479338845,61.98347107438017
E00043532,276,102,54,48,174,13,161,36.95652173913043,19.565217391304348,17.391304347826086,63.04347826086957,4.710144927536232,58.333333333333336
E00043533,256,65,28,37,191,21,170,25.390625,10.9375,14.453125,74.609375,8.203125,66.40625
E00043534,307,72,28,44,235,22,213,23.452768729641694,9.120521172638437,14.332247557003258,76.54723127035831,7.166123778501629,69.38110749185668
E00043536,347,64,19,45,283,35,248,18.443804034582133,5.475504322766571,12.968299711815561,81.55619596541787,10.086455331412104,71.46974063400576
E00043537,331,77,33,44,254,23,231,23.26283987915408,9.969788519637463,13.293051359516618,76.73716012084593,6.948640483383686,69.78851963746223
E00043538,327,89,54,35,238,24,214,27.217125382262996,16.51376146788991,10.703363914373089,72.78287461773701,7.339449541284404,65.4434250764526
E00043539,226,64,27,37,162,10,152,28.31858407079646,11.946902654867257,16.371681415929203,71.68141592920354,4.424778761061947,67.2566371681416
E00043540,243,109,64,45,134,3,131,44.8559670781893,26.337448559670783,18.51851851851852,55.144032921810705,1.2345679012345678,53.90946502057613
E00043541,295,58,23,35,237,20,217,19.661016949152543,7.796610169491526,11.864406779661017,80.33898305084746,6.779661016949152,73.5593220338983
E00043542,329,78,46,32,251,20,231,23.70820668693009,13.98176291793313,9.72644376899696,76.29179331306992,6.079027355623101,70.2127659574468
E00043543,307,61,28,33,246,29,217,19.86970684039088,9.120521172638437,10.749185667752444,80.13029315960912,9.446254071661238,70.68403908794788
E00043544,241,57,24,33,184,11,173,23.651452282157674,9.95850622406639,13.692946058091287,76.34854771784232,4.564315352697095,71.78423236514523
E00043545,261,46,16,30,215,21,194,17.624521072796934,6.130268199233716,11.494252873563218,82.37547892720306,8.045977011494253,74.32950191570882
E00043546,273,62,24,38,211,18,193,22.71062271062271,8.791208791208792,13.91941391941392,77.2893772893773,6.593406593406594,70.6959706959707
E00043547,368,67,22,45,301,31,270,18.206521739130434,5.978260869565218,12.228260869565217,81.79347826086956,8.423913043478262,73.36956521739131
E00043548,216,41,19,22,175,23,152,18.98148148148148,8.796296296296296,10.185185185185185,81.01851851851852,10.648148148148149,70.37037037037037
E00043550,194,45,18,27,149,10,139,23.195876288659793,9.278350515463918,13.917525773195877,76.80412371134021,5.154639175257731,71.64948453608247
E00043551,335,40,15,25,295,19,276,11.940298507462686,4.477611940298507,7.462686567164178,88.05970149253731,5.6716417910447765,82.38805970149254
E00043552,211,49,19,30,162,18,144,23.22274881516588,9.004739336492891,14.218009478672986,76.77725118483413,8.530805687203792,68.24644549763033
E00043553,213,37,19,18,176,20,156,17.370892018779344,8.92018779342723,8.450704225352112,82.62910798122066,9.389671361502346,73.23943661971832
E00043554,367,62,33,29,305,24,281,16.893732970027248,8.991825613079019,7.901907356948229,83.10626702997274,6.539509536784741,76.566757493188
E00043555,311,57,23,34,254,23,231,18.327974276527332,7.395498392282958,10.932475884244374,81.67202572347267,7.395498392282958,74.27652733118971
E00043556,226,47,15,32,179,25,154,20.79646017699115,6.637168141592921,14.15929203539823,79.20353982300885,11.061946902654867,68.14159292035397
E00043557,257,36,9,27,221,26,195,14.007782101167315,3.501945525291829,10.505836575875486,85.99221789883269,10.116731517509727,75.87548638132296
E00043558,251,61,23,38,190,19,171,24.302788844621514,9.163346613545817,15.139442231075698,75.69721115537848,7.569721115537849,68.12749003984064
E00043559,337,61,21,40,276,24,252,18.100890207715135,6.231454005934718,11.869436201780417,81.89910979228486,7.121661721068249,74.77744807121661
E00043560,299,73,25,48,226,18,208,24.414715719063544,8.361204013377927,16.05351170568562,75.58528428093646,6.0200668896321075,69.56521739130434
E00043561,250,49,18,31,201,21,180,19.6,7.199999999999999,12.4,80.4,8.4,72
E00043562,326,63,29,34,263,18,245,19.32515337423313,8.895705521472392,10.429447852760736,80.67484662576688,5.521472392638037,75.15337423312883
E00043563,279,69,41,28,210,15,195,24.731182795698924,14.695340501792115,10.03584229390681,75.26881720430107,5.376344086021505,69.89247311827957
E00043564,242,53,12,41,189,18,171,21.90082644628099,4.958677685950414,16.94214876033058,78.099173553719,7.43801652892562,70.66115702479338
E00043565,281,56,22,34,225,20,205,19.9288256227758,7.829181494661921,12.099644128113878,80.0711743772242,7.11743772241993,72.95373665480427
E00043566,237,45,15,30,192,20,172,18.9873417721519,6.329113924050633,12.658227848101266,81.0126582278481,8.438818565400844,72.57383966244726
E00043568,246,53,24,29,193,23,170,21.544715447154474,9.75609756097561,11.788617886178862,78.45528455284553,9.34959349593496,69.10569105691057
E00043569,224,43,12,31,181,23,158,19.196428571428573,5.357142857142857,13.839285714285715,80.80357142857143,10.267857142857142,70.53571428571429
E00043570,258,42,13,29,216,21,195,16.27906976744186,5.038759689922481,11.24031007751938,83.72093023255815,8.13953488372093,75.5813953488372
E00043571,240,45,18,27,195,28,167,18.75,7.5,11.25,81.25,11.666666666666666,69.58333333333333
E00043572,184,38,19,19,146,17,129,20.652173913043477,10.326086956521738,10.326086956521738,79.34782608695652,9.239130434782608,70.1086956521739
E00043573,259,23,7,16,236,27,209,8.880308880308881,2.7027027027027026,6.177606177606178,91.11969111969111,10.424710424710424,80.6949806949807
E00043574,251,83,43,40,168,25,143,33.067729083665334,17.131474103585656,15.936254980079681,66.93227091633466,9.9601593625498,56.97211155378486
E00043575,245,45,11,34,200,26,174,18.367346938775512,4.489795918367347,13.877551020408163,81.63265306122449,10.612244897959183,71.0204081632653
E00043576,244,66,20,46,178,14,164,27.049180327868854,8.19672131147541,18.852459016393443,72.95081967213115,5.737704918032787,67.21311475409836
E00043577,215,38,17,21,177,25,152,17.674418604651162,7.906976744186046,9.767441860465116,82.32558139534883,11.627906976744185,70.69767441860465
E00043578,289,55,18,37,234,26,208,19.031141868512112,6.228373702422145,12.802768166089965,80.96885813148789,8.996539792387544,71.97231833910035
E00043579,223,31,11,20,192,10,182,13.901345291479823,4.932735426008969,8.968609865470851,86.09865470852019,4.484304932735426,81.61434977578476
E00043580,491,59,15,44,432,44,388,12.016293279022404,3.054989816700611,8.961303462321792,87.9837067209776,8.961303462321792,79.0224032586558
E00043581,309,43,18,25,266,38,228,13.915857605177994,5.825242718446602,8.090614886731391,86.08414239482201,12.297734627831716,73.7864077669903
E00043582,308,37,8,29,271,28,243,12.012987012987013,2.5974025974025974,9.415584415584416,87.98701298701299,9.090909090909092,78.8961038961039
E00043583,383,43,10,33,340,32,308,11.22715404699739,2.610966057441253,8.616187989556137,88.77284595300262,8.355091383812011,80.4177545691906
E00043584,322,80,48,32,242,25,217,24.84472049689441,14.906832298136646,9.937888198757763,75.15527950310559,7.763975155279502,67.3913043478261
E00043585,331,47,21,26,284,25,259,14.19939577039275,6.3444108761329305,7.854984894259818,85.80060422960725,7.552870090634441,78.24773413897282
E00043586,229,57,27,30,172,20,152,24.890829694323145,11.790393013100436,13.100436681222707,75.10917030567686,8.73362445414847,66.37554585152839
E00043587,299,38,9,29,261,36,225,12.709030100334449,3.0100334448160537,9.698996655518394,87.29096989966555,12.040133779264215,75.25083612040135
E00043588,236,39,17,22,197,25,172,16.52542372881356,7.203389830508475,9.322033898305085,83.47457627118644,10.59322033898305,72.88135593220339
E00043589,314,94,54,40,220,36,184,29.936305732484076,17.197452229299362,12.738853503184714,70.06369426751591,11.464968152866243,58.59872611464968
E00043590,262,52,17,35,210,17,193,19.84732824427481,6.488549618320611,13.358778625954198,80.1526717557252,6.488549618320611,73.66412213740458
E00043591,348,46,15,31,302,35,267,13.218390804597702,4.310344827586207,8.908045977011495,86.7816091954023,10.057471264367816,76.72413793103449
E00043592,250,20,7,13,230,18,212,8,2.8000000000000003,5.2,92,7.199999999999999,84.8
E00043593,370,73,22,51,297,25,272,19.72972972972973,5.9459459459459465,13.783783783783784,80.27027027027027,6.756756756756757,73.51351351351352
E00043594,281,37,13,24,244,23,221,13.167259786476867,4.6263345195729535,8.540925266903916,86.83274021352312,8.185053380782918,78.64768683274022
E00043595,435,81,29,52,354,31,323,18.620689655172416,6.666666666666667,11.954022988505747,81.37931034482759,7.126436781609195,74.25287356321839
E00043596,288,36,15,21,252,28,224,12.5,5.208333333333334,7.291666666666667,87.5,9.722222222222223,77.77777777777779
E00043597,256,56,28,28,200,16,184,21.875,10.9375,10.9375,78.125,6.25,71.875
E00043598,254,45,15,30,209,23,186,17.716535433070867,5.905511811023622,11.811023622047244,82.28346456692913,9.05511811023622,73.22834645669292
E00043599,407,56,16,40,351,31,320,13.75921375921376,3.9312039312039313,9.828009828009828,86.24078624078624,7.616707616707617,78.62407862407862
E00043600,298,48,11,37,250,28,222,16.10738255033557,3.691275167785235,12.416107382550337,83.89261744966443,9.395973154362416,74.49664429530202
E00043601,234,58,17,41,176,17,159,24.786324786324787,7.264957264957266,17.52136752136752,75.21367521367522,7.264957264957266,67.94871794871796
E00043602,359,76,25,51,283,18,265,21.16991643454039,6.963788300835655,14.206128133704734,78.8300835654596,5.013927576601671,73.81615598885793
E00043603,250,50,17,33,200,21,179,20,6.800000000000001,13.200000000000001,80,8.4,71.6
E00043604,240,44,15,29,196,24,172,18.333333333333332,6.25,12.083333333333334,81.66666666666667,10,71.66666666666667
E00043605,295,71,17,54,224,22,202,24.06779661016949,5.762711864406779,18.305084745762713,75.9322033898305,7.457627118644068,68.47457627118644
E00043606,352,74,36,38,278,32,246,21.022727272727273,10.227272727272728,10.795454545454545,78.97727272727273,9.090909090909092,69.88636363636364
E00043607,307,75,27,48,232,29,203,24.429967426710096,8.794788273615636,15.63517915309446,75.57003257328991,9.446254071661238,66.12377850162866
E00043608,368,42,18,24,326,39,287,11.41304347826087,4.891304347826087,6.521739130434782,88.58695652173914,10.597826086956522,77.98913043478261
E00166120,235,41,19,22,194,20,174,17.4468085106383,8.085106382978724,9.361702127659575,82.5531914893617,8.51063829787234,74.04255319148936
E00166122,274,47,27,20,227,16,211,17.153284671532848,9.854014598540147,7.2992700729927,82.84671532846716,5.839416058394161,77.00729927007299
E00166123,199,23,14,9,176,13,163,11.557788944723619,7.035175879396985,4.522613065326634,88.44221105527639,6.532663316582915,81.90954773869346
E00166125,387,46,16,30,341,22,319,11.886304909560723,4.1343669250646,7.751937984496124,88.11369509043928,5.684754521963824,82.42894056847545
E00166128,359,20,4,16,339,34,305,5.571030640668524,1.1142061281337048,4.456824512534819,94.42896935933148,9.47075208913649,84.958217270195
E00166130,298,30,10,20,268,22,246,10.06711409395973,3.3557046979865772,6.7114093959731544,89.93288590604027,7.38255033557047,82.5503355704698
E00166131,369,37,13,24,332,30,302,10.02710027100271,3.523035230352303,6.504065040650407,89.97289972899729,8.130081300813007,81.84281842818429
E00166133,246,47,20,27,199,14,185,19.10569105691057,8.130081300813007,10.975609756097562,80.89430894308943,5.691056910569105,75.20325203252033
E00166135,201,30,9,21,171,18,153,14.925373134328357,4.477611940298507,10.44776119402985,85.07462686567165,8.955223880597014,76.11940298507463
E00166136,250,10,2,8,240,37,203,4,0.8,3.2,96,14.799999999999999,81.2
E00166138,265,29,15,14,236,19,217,10.943396226415095,5.660377358490567,5.283018867924529,89.05660377358491,7.169811320754717,81.88679245283019
E00166140,263,47,23,24,216,28,188,17.870722433460077,8.745247148288973,9.125475285171103,82.12927756653993,10.646387832699618,71.48288973384031
E00166141,276,59,29,30,217,20,197,21.3768115942029,10.507246376811594,10.869565217391305,78.62318840579711,7.246376811594203,71.37681159420289
E00166143,444,62,27,35,382,22,360,13.963963963963963,6.081081081081082,7.882882882882883,86.03603603603604,4.954954954954955,81.08108108108108
E00166144,297,82,43,39,215,13,202,27.609427609427613,14.47811447811448,13.131313131313133,72.39057239057239,4.377104377104377,68.01346801346801
E00166146,290,125,96,29,165,12,153,43.103448275862064,33.10344827586207,10,56.896551724137936,4.137931034482759,52.758620689655174
E00166148,223,34,11,23,189,31,158,15.246636771300448,4.932735426008969,10.31390134529148,84.75336322869956,13.901345291479823,70.85201793721974
E00166149,203,21,3,18,182,21,161,10.344827586206897,1.477832512315271,8.866995073891626,89.65517241379311,10.344827586206897,79.3103448275862
E00166151,234,19,8,11,215,14,201,8.11965811965812,3.418803418803419,4.700854700854701,91.88034188034187,5.982905982905983,85.8974358974359
E00166153,169,30,12,18,139,15,124,17.75147928994083,7.100591715976331,10.650887573964498,82.24852071005917,8.875739644970414,73.37278106508876
E00166154,103,24,9,15,79,9,70,23.300970873786408,8.737864077669903,14.563106796116504,76.69902912621359,8.737864077669903,67.96116504854369
E00166156,310,44,19,25,266,23,243,14.193548387096774,6.129032258064516,8.064516129032258,85.80645161290322,7.419354838709677,78.38709677419354
E00166157,485,37,11,26,448,42,406,7.628865979381444,2.268041237113402,5.360824742268041,92.37113402061856,8.65979381443299,83.71134020618557
E00166161,233,44,18,26,189,20,169,18.88412017167382,7.725321888412018,11.158798283261802,81.11587982832617,8.583690987124463,72.53218884120172
E00166162,399,44,11,33,355,32,323,11.027568922305765,2.756892230576441,8.270676691729323,88.97243107769424,8.020050125313283,80.95238095238095
E00166164,239,26,9,17,213,14,199,10.87866108786611,3.765690376569038,7.112970711297072,89.1213389121339,5.857740585774058,83.26359832635984
E00166166,406,38,3,35,368,40,328,9.35960591133005,0.7389162561576355,8.620689655172415,90.64039408866995,9.852216748768473,80.78817733990148
E00166167,329,65,27,38,264,29,235,19.756838905775076,8.206686930091186,11.55015197568389,80.24316109422493,8.814589665653495,71.42857142857143
E00190019,326,28,7,21,298,28,270,8.588957055214724,2.147239263803681,6.441717791411043,91.41104294478528,8.588957055214724,82.82208588957054
E00190020,246,62,40,22,184,16,168,25.203252032520325,16.260162601626014,8.94308943089431,74.79674796747967,6.504065040650407,68.29268292682927
E00190024,243,60,26,34,183,11,172,24.691358024691358,10.699588477366255,13.991769547325102,75.30864197530865,4.526748971193416,70.78189300411523
E00190025,331,38,14,24,293,18,275,11.48036253776435,4.229607250755287,7.250755287009064,88.51963746223565,5.438066465256798,83.08157099697885
E00190030,391,46,23,23,345,42,303,11.76470588235294,5.88235294117647,5.88235294117647,88.23529411764706,10.741687979539643,77.49360613810742
E00190034,336,12,1,11,324,30,294,3.571428571428571,0.2976190476190476,3.273809523809524,96.42857142857143,8.928571428571429,87.5
E00190036,316,28,9,19,288,21,267,8.860759493670885,2.848101265822785,6.012658227848101,91.13924050632912,6.6455696202531636,84.49367088607595
E00190037,308,43,10,33,265,24,241,13.96103896103896,3.2467532467532463,10.714285714285714,86.03896103896103,7.792207792207792,78.24675324675324
E00190039,293,61,23,38,232,28,204,20.819112627986346,7.849829351535837,12.969283276450511,79.18088737201366,9.556313993174061,69.6245733788396
E00190045,224,27,6,21,197,19,178,12.053571428571429,2.6785714285714284,9.375,87.94642857142857,8.482142857142858,79.46428571428571
E00190046,220,26,13,13,194,13,181,11.818181818181818,5.909090909090909,5.909090909090909,88.18181818181819,5.909090909090909,82.27272727272728
E00190047,357,18,6,12,339,29,310,5.042016806722689,1.680672268907563,3.361344537815126,94.9579831932773,8.123249299719888,86.83473389355743
E00190048,281,41,10,31,240,22,218,14.590747330960854,3.558718861209965,11.032028469750891,85.40925266903915,7.829181494661921,77.58007117437722
E00190049,260,42,11,31,218,16,202,16.153846153846153,4.230769230769231,11.923076923076923,83.84615384615385,6.153846153846154,77.6923076923077
E00190050,399,24,7,17,375,16,359,6.015037593984962,1.7543859649122806,4.260651629072681,93.98496240601504,4.010025062656641,89.97493734335839
E00190052,232,34,15,19,198,13,185,14.655172413793101,6.4655172413793105,8.189655172413794,85.34482758620689,5.603448275862069,79.74137931034483
E00190053,277,17,7,10,260,15,245,6.137184115523466,2.527075812274368,3.6101083032490973,93.86281588447653,5.415162454873646,88.4476534296029
E00190055,371,136,87,49,235,24,211,36.65768194070081,23.450134770889488,13.20754716981132,63.342318059299195,6.46900269541779,56.8733153638814
E00190056,352,44,17,27,308,23,285,12.5,4.829545454545454,7.670454545454546,87.5,6.534090909090909,80.9659090909091
E00190058,213,43,18,25,170,23,147,20.187793427230048,8.450704225352112,11.737089201877934,79.81220657276995,10.7981220657277,69.01408450704226
E00190061,324,32,14,18,292,13,279,9.876543209876543,4.320987654320987,5.555555555555555,90.12345679012346,4.012345679012346,86.11111111111111
E00190062,433,34,11,23,399,23,376,7.852193995381063,2.5404157043879905,5.311778290993072,92.14780600461894,5.311778290993072,86.83602771362587
E00190063,281,34,14,20,247,18,229,12.099644128113878,4.98220640569395,7.11743772241993,87.90035587188612,6.405693950177936,81.49466192170819
E00190073,179,27,12,15,152,19,133,15.083798882681565,6.70391061452514,8.379888268156424,84.91620111731844,10.614525139664805,74.30167597765363
E00190075,338,35,8,27,303,20,283,10.355029585798817,2.366863905325444,7.988165680473373,89.64497041420118,5.9171597633136095,83.72781065088756
E00190076,341,40,13,27,301,25,276,11.730205278592376,3.812316715542522,7.9178885630498534,88.26979472140762,7.331378299120235,80.93841642228739
E00190078,248,39,14,25,209,27,182,15.725806451612904,5.64516129032258,10.080645161290322,84.2741935483871,10.887096774193548,73.38709677419355
E00190081,292,17,2,15,275,20,255,5.821917808219178,0.684931506849315,5.136986301369863,94.17808219178082,6.8493150684931505,87.32876712328768
E00190083,309,91,43,48,218,19,199,29.449838187702266,13.915857605177994,15.53398058252427,70.55016181229773,6.148867313915858,64.40129449838187
E00190084,301,31,8,23,270,25,245,10.299003322259136,2.6578073089700998,7.641196013289036,89.70099667774086,8.305647840531561,81.3953488372093
E00190085,385,68,26,42,317,26,291,17.662337662337663,6.753246753246753,10.909090909090908,82.33766233766234,6.753246753246753,75.58441558441558
E00190086,292,56,29,27,236,27,209,19.17808219178082,9.931506849315069,9.246575342465754,80.82191780821918,9.246575342465754,71.57534246575342
E00190087,299,12,0,12,287,23,264,4.013377926421405,0,4.013377926421405,95.9866220735786,7.6923076923076925,88.2943143812709
E00190088,296,67,34,33,229,25,204,22.635135135135133,11.486486486486488,11.14864864864865,77.36486486486487,8.445945945945946,68.91891891891892
E00190090,248,25,11,14,223,26,197,10.080645161290322,4.435483870967742,5.64516129032258,89.91935483870968,10.483870967741936,79.43548387096774
E00190092,211,28,6,22,183,10,173,13.270142180094787,2.843601895734597,10.42654028436019,86.7298578199052,4.739336492890995,81.99052132701422
E00190094,316,27,3,24,289,18,271,8.544303797468354,0.949367088607595,7.59493670886076,91.45569620253164,5.69620253164557,85.75949367088607
E00190098,316,25,7,18,291,25,266,7.9113924050632916,2.2151898734177213,5.69620253164557,92.08860759493672,7.9113924050632916,84.17721518987342
E00190099,320,23,7,16,297,15,282,7.187499999999999,2.1875,5,92.8125,4.6875,88.125
E00190110,299,32,10,22,267,23,244,10.702341137123746,3.3444816053511706,7.357859531772576,89.29765886287625,7.6923076923076925,81.60535117056857
E00190112,290,16,3,13,274,28,246,5.517241379310345,1.0344827586206897,4.482758620689655,94.48275862068965,9.655172413793103,84.82758620689656
E00190113,360,34,8,26,326,18,308,9.444444444444445,2.2222222222222223,7.222222222222221,90.55555555555556,5,85.55555555555556
E00190116,372,17,5,12,355,20,335,4.56989247311828,1.3440860215053763,3.225806451612903,95.43010752688173,5.376344086021505,90.05376344086021
E00190122,246,87,44,43,159,24,135,35.36585365853659,17.88617886178862,17.479674796747968,64.63414634146342,9.75609756097561,54.87804878048781
E00190123,247,28,11,17,219,12,207,11.336032388663968,4.4534412955465585,6.882591093117409,88.66396761133603,4.8582995951417,83.80566801619433
E00190124,399,28,7,21,371,24,347,7.017543859649122,1.7543859649122806,5.263157894736842,92.98245614035088,6.015037593984962,86.96741854636592
E00190127,356,48,20,28,308,22,286,13.48314606741573,5.617977528089887,7.865168539325842,86.51685393258427,6.179775280898876,80.33707865168539
E00190128,171,19,8,11,152,18,134,11.11111111111111,4.678362573099415,6.432748538011696,88.88888888888889,10.526315789473683,78.3625730994152
E00190133,380,35,6,29,345,26,319,9.210526315789473,1.5789473684210527,7.631578947368421,90.78947368421053,6.842105263157896,83.94736842105263
