OA,ts0590001,ts0590002,ts0590003,ts0590004,ts0590005,ts0590006,ts0590007,ts0590002_PCT,ts0590003_PCT,ts0590004_PCT,ts0590005_PCT,ts0590006_PCT,ts0590007_PCT
E00042931,115,38,10,28,77,70,7,33.04347826086956,8.695652173913043,24.347826086956523,66.95652173913044,60.86956521739131,6.086956521739131
E00042932,127,37,9,28,90,79,11,29.133858267716533,7.086614173228346,22.04724409448819,70.86614173228347,62.20472440944882,8.661417322834646
E00042934,153,45,10,35,108,101,7,29.411764705882355,6.535947712418301,22.875816993464053,70.58823529411765,66.01307189542483,4.57516339869281
E00042935,93,21,3,18,72,67,5,22.58064516129032,3.225806451612903,19.35483870967742,77.41935483870968,72.04301075268818,5.376344086021505
E00042937,118,31,10,21,87,80,7,26.27118644067797,8.47457627118644,17.796610169491526,73.72881355932203,67.79661016949152,5.932203389830509
E00042939,139,49,9,40,90,85,5,35.25179856115108,6.474820143884892,28.776978417266186,64.74820143884892,61.15107913669065,3.5971223021582732
E00042940,127,31,8,23,96,92,4,24.409448818897637,6.299212598425196,18.11023622047244,75.59055118110236,72.44094488188976,3.149606299212598
E00042941,160,51,15,36,109,98,11,31.874999999999996,9.375,22.5,68.125,61.25000000000001,6.875000000000001
E00042942,100,33,10,23,67,62,5,33,10,23,67,62,5
E00042943,152,38,8,30,114,100,14,25,5.263157894736842,19.736842105263158,75,65.78947368421053,9.210526315789473
E00042944,129,35,9,26,94,82,12,27.131782945736433,6.976744186046512,20.155038759689923,72.86821705426357,63.565891472868216,9.30232558139535
E00042945,79,22,6,16,57,57,0,27.848101265822784,7.59493670886076,20.253164556962027,72.15189873417721,72.15189873417721,0
E00042946,140,43,12,31,97,84,13,30.714285714285715,8.571428571428571,22.142857142857142,69.28571428571428,60,9.285714285714286
E00042947,133,45,14,31,88,82,6,33.83458646616541,10.526315789473683,23.308270676691727,66.16541353383458,61.65413533834586,4.511278195488721
E00042948,160,43,8,35,117,103,14,26.875,5,21.875,73.125,64.375,8.75
E00042949,132,41,6,35,91,81,10,31.060606060606062,4.545454545454546,26.515151515151516,68.93939393939394,61.36363636363637,7.575757575757576
E00042950,103,43,10,33,60,50,10,41.74757281553398,9.70873786407767,32.038834951456316,58.252427184466015,48.54368932038835,9.70873786407767
E00042951,210,56,14,42,154,137,17,26.666666666666668,6.666666666666667,20,73.33333333333333,65.23809523809524,8.095238095238095
E00042952,141,42,14,28,99,90,9,29.78723404255319,9.929078014184398,19.858156028368796,70.2127659574468,63.829787234042556,6.382978723404255
E00042953,147,43,13,30,104,96,8,29.25170068027211,8.843537414965986,20.408163265306122,70.74829931972789,65.3061224489796,5.442176870748299
E00042954,111,29,7,22,82,77,5,26.126126126126124,6.306306306306306,19.81981981981982,73.87387387387388,69.36936936936937,4.504504504504505
E00042955,94,40,8,32,54,52,2,42.5531914893617,8.51063829787234,34.04255319148936,57.446808510638306,55.319148936170215,2.127659574468085
E00042956,126,34,9,25,92,82,10,26.984126984126984,7.142857142857142,19.841269841269842,73.01587301587301,65.07936507936508,7.936507936507936
E00042957,118,33,10,23,85,79,6,27.966101694915253,8.47457627118644,19.491525423728813,72.03389830508475,66.94915254237289,5.084745762711865
E00042958,168,45,8,37,123,113,10,26.785714285714285,4.761904761904762,22.023809523809522,73.21428571428571,67.26190476190477,5.952380952380952
E00042959,119,41,15,26,78,71,7,34.45378151260504,12.605042016806722,21.84873949579832,65.54621848739495,59.66386554621849,5.88235294117647
E00042960,147,43,10,33,104,89,15,29.25170068027211,6.802721088435375,22.448979591836736,70.74829931972789,60.544217687074834,10.204081632653061
E00042961,119,50,9,41,69,63,6,42.016806722689076,7.563025210084033,34.45378151260504,57.98319327731093,52.94117647058824,5.042016806722689
E00042962,76,32,5,27,44,43,1,42.10526315789473,6.578947368421052,35.526315789473685,57.89473684210527,56.57894736842105,1.3157894736842104
E00042963,62,21,4,17,41,34,7,33.87096774193548,6.451612903225806,27.419354838709676,66.12903225806451,54.83870967741935,11.29032258064516
E00042964,115,33,8,25,82,75,7,28.695652173913043,6.956521739130435,21.73913043478261,71.30434782608695,65.21739130434783,6.086956521739131
E00042965,105,32,4,28,73,67,6,30.476190476190478,3.8095238095238098,26.666666666666668,69.52380952380952,63.8095238095238,5.714285714285714
E00042966,126,36,9,27,90,78,12,28.57142857142857,7.142857142857142,21.428571428571427,71.42857142857143,61.904761904761905,9.523809523809524
E00042967,137,48,13,35,89,82,7,35.03649635036496,9.48905109489051,25.547445255474454,64.96350364963503,59.854014598540154,5.109489051094891
E00042968,129,43,9,34,86,78,8,33.33333333333333,6.976744186046512,26.356589147286826,66.66666666666666,60.46511627906976,6.2015503875969
E00042969,105,31,12,19,74,70,4,29.523809523809526,11.428571428571429,18.095238095238095,70.47619047619048,66.66666666666666,3.8095238095238098
E00042970,125,36,6,30,89,80,9,28.799999999999997,4.8,24,71.2,64,7.199999999999999
E00042971,164,48,13,35,116,97,19,29.268292682926827,7.926829268292683,21.341463414634145,70.73170731707317,59.14634146341463,11.585365853658537
E00042972,171,39,7,32,132,122,10,22.807017543859647,4.093567251461988,18.71345029239766,77.19298245614034,71.34502923976608,5.847953216374268
E00042974,170,40,10,30,130,119,11,23.52941176470588,5.88235294117647,17.647058823529413,76.47058823529412,70,6.470588235294119
E00042975,141,31,12,19,110,87,23,21.98581560283688,8.51063829787234,13.47517730496454,78.01418439716312,61.702127659574465,16.312056737588655
E00042976,139,32,10,22,107,94,13,23.021582733812952,7.1942446043165464,15.827338129496402,76.97841726618705,67.62589928057554,9.352517985611511
E00042977,80,20,6,14,60,54,6,25,7.5,17.5,75,67.5,7.5
E00042978,132,34,9,25,98,88,10,25.757575757575758,6.8181818181818175,18.939393939393938,74.24242424242425,66.66666666666666,7.575757575757576
E00042979,116,44,11,33,72,67,5,37.93103448275862,9.482758620689655,28.448275862068968,62.06896551724138,57.758620689655174,4.310344827586207
E00042980,168,36,8,28,132,115,17,21.428571428571427,4.761904761904762,16.666666666666664,78.57142857142857,68.45238095238095,10.119047619047619
E00042981,96,38,7,31,58,57,1,39.58333333333333,7.291666666666667,32.29166666666667,60.416666666666664,59.375,1.0416666666666665
E00042982,114,27,7,20,87,78,9,23.684210526315788,6.140350877192982,17.543859649122805,76.31578947368422,68.42105263157895,7.894736842105263
E00042983,139,36,12,24,103,88,15,25.899280575539567,8.633093525179856,17.26618705035971,74.10071942446042,63.30935251798561,10.79136690647482
E00042984,118,27,4,23,91,81,10,22.88135593220339,3.389830508474576,19.491525423728813,77.11864406779661,68.64406779661016,8.47457627118644
E00042985,100,28,9,19,72,64,8,28.000000000000004,9,19,72,64,8
E00042986,158,46,6,40,112,102,10,29.11392405063291,3.79746835443038,25.31645569620253,70.88607594936708,64.55696202531645,6.329113924050633
E00042987,139,50,16,34,89,78,11,35.97122302158273,11.510791366906476,24.46043165467626,64.02877697841727,56.11510791366906,7.913669064748201
E00042988,150,45,7,38,105,92,13,30,4.666666666666667,25.333333333333336,70,61.33333333333333,8.666666666666668
E00042989,133,36,10,26,97,83,14,27.06766917293233,7.518796992481203,19.548872180451127,72.93233082706767,62.40601503759399,10.526315789473683
E00042990,155,52,20,32,103,86,17,33.5483870967742,12.903225806451612,20.64516129032258,66.45161290322581,55.483870967741936,10.967741935483872
E00042991,171,51,13,38,120,110,10,29.82456140350877,7.602339181286549,22.22222222222222,70.17543859649122,64.32748538011695,5.847953216374268
E00042992,123,30,6,24,93,83,10,24.390243902439025,4.878048780487805,19.51219512195122,75.60975609756098,67.47967479674797,8.130081300813007
E00042993,119,34,13,21,85,79,6,28.57142857142857,10.92436974789916,17.647058823529413,71.42857142857143,66.38655462184873,5.042016806722689
E00042994,122,44,12,32,78,70,8,36.0655737704918,9.836065573770492,26.229508196721312,63.934426229508205,57.377049180327866,6.557377049180328
E00042995,124,43,11,32,81,73,8,34.67741935483871,8.870967741935484,25.806451612903224,65.32258064516128,58.87096774193549,6.451612903225806
E00042996,82,18,6,12,64,58,6,21.951219512195124,7.317073170731707,14.634146341463413,78.04878048780488,70.73170731707317,7.317073170731707
E00042997,142,46,11,35,96,88,8,32.3943661971831,7.746478873239436,24.647887323943664,67.6056338028169,61.97183098591549,5.633802816901409
E00042998,105,23,6,17,82,71,11,21.904761904761905,5.714285714285714,16.19047619047619,78.0952380952381,67.61904761904762,10.476190476190476
E00042999,163,38,13,25,125,114,11,23.31288343558282,7.975460122699387,15.337423312883436,76.68711656441718,69.93865030674846,6.748466257668712
E00043000,142,32,9,23,110,95,15,22.535211267605636,6.338028169014084,16.19718309859155,77.46478873239437,66.90140845070422,10.56338028169014
E00043001,282,73,18,55,209,182,27,25.886524822695034,6.382978723404255,19.50354609929078,74.11347517730496,64.53900709219859,9.574468085106384
E00043002,110,34,4,30,76,64,12,30.909090909090907,3.6363636363636362,27.27272727272727,69.0909090909091,58.18181818181818,10.909090909090908
E00043003,97,27,11,16,70,61,9,27.835051546391753,11.34020618556701,16.49484536082474,72.16494845360825,62.88659793814433,9.278350515463918
E00043004,90,22,4,18,68,58,10,24.444444444444443,4.444444444444445,20,75.55555555555556,64.44444444444444,11.11111111111111
E00043005,73,25,6,19,48,43,5,34.24657534246575,8.21917808219178,26.027397260273972,65.75342465753424,58.9041095890411,6.8493150684931505
E00043006,118,38,7,31,80,73,7,32.20338983050847,5.932203389830509,26.27118644067797,67.79661016949152,61.86440677966102,5.932203389830509
E00043007,134,42,14,28,92,87,5,31.343283582089555,10.44776119402985,20.8955223880597,68.65671641791045,64.92537313432835,3.731343283582089
E00043008,75,24,10,14,51,45,6,32,13.333333333333334,18.666666666666668,68,60,8
E00043009,121,32,10,22,89,85,4,26.446280991735538,8.264462809917356,18.181818181818183,73.55371900826447,70.24793388429752,3.3057851239669422
E00043010,113,27,6,21,86,80,6,23.893805309734514,5.3097345132743365,18.58407079646018,76.10619469026548,70.79646017699115,5.3097345132743365
E00043011,101,30,7,23,71,67,4,29.7029702970297,6.9306930693069315,22.772277227722775,70.29702970297029,66.33663366336634,3.9603960396039604
E00043012,153,43,17,26,110,102,8,28.104575163398692,11.11111111111111,16.99346405228758,71.89542483660131,66.66666666666666,5.228758169934641
E00043013,101,50,14,36,51,50,1,49.504950495049506,13.861386138613863,35.64356435643564,50.495049504950494,49.504950495049506,0.9900990099009901
E00043014,132,47,19,28,85,80,5,35.60606060606061,14.393939393939394,21.21212121212121,64.39393939393939,60.60606060606061,3.787878787878788
E00043015,106,36,7,29,70,61,9,33.9622641509434,6.60377358490566,27.358490566037734,66.0377358490566,57.54716981132076,8.49056603773585
E00043016,152,38,4,34,114,106,8,25,2.631578947368421,22.36842105263158,75,69.73684210526315,5.263157894736842
E00043017,164,41,9,32,123,112,11,25,5.487804878048781,19.51219512195122,75,68.29268292682927,6.707317073170732
E00043018,119,38,10,28,81,70,11,31.932773109243694,8.403361344537815,23.52941176470588,68.0672268907563,58.82352941176471,9.243697478991598
E00043019,154,48,8,40,106,96,10,31.16883116883117,5.194805194805195,25.97402597402597,68.83116883116884,62.33766233766234,6.493506493506493
E00043020,134,25,9,16,109,97,12,18.65671641791045,6.7164179104477615,11.940298507462686,81.34328358208955,72.38805970149254,8.955223880597014
E00043021,161,45,14,31,116,104,12,27.95031055900621,8.695652173913043,19.25465838509317,72.04968944099379,64.59627329192547,7.453416149068323
E00043022,136,53,17,36,83,76,7,38.970588235294116,12.5,26.47058823529412,61.029411764705884,55.88235294117647,5.147058823529411
E00043023,108,35,7,28,73,67,6,32.407407407407405,6.481481481481481,25.925925925925924,67.5925925925926,62.03703703703704,5.555555555555555
E00043024,118,43,7,36,75,66,9,36.440677966101696,5.932203389830509,30.508474576271187,63.559322033898304,55.932203389830505,7.627118644067797
E00043025,168,47,12,35,121,105,16,27.976190476190478,7.142857142857142,20.833333333333336,72.02380952380952,62.5,9.523809523809524
E00043026,114,36,8,28,78,73,5,31.57894736842105,7.017543859649122,24.561403508771928,68.42105263157895,64.03508771929825,4.385964912280701
E00043027,141,45,11,34,96,91,5,31.914893617021278,7.801418439716312,24.113475177304963,68.08510638297872,64.53900709219859,3.546099290780142
E00043028,157,61,22,39,96,91,5,38.853503184713375,14.012738853503185,24.840764331210192,61.146496815286625,57.961783439490446,3.1847133757961785
E00043029,286,60,11,49,226,206,20,20.97902097902098,3.8461538461538463,17.132867132867133,79.02097902097903,72.02797202797203,6.993006993006993
E00043030,277,63,14,49,214,189,25,22.743682310469314,5.054151624548736,17.689530685920577,77.25631768953069,68.23104693140795,9.025270758122744
E00043031,128,43,16,27,85,80,5,33.59375,12.5,21.09375,66.40625,62.5,3.90625
E00043032,103,31,6,25,72,67,5,30.097087378640776,5.825242718446602,24.271844660194176,69.90291262135922,65.0485436893204,4.854368932038835
E00043033,101,28,4,24,73,66,7,27.722772277227726,3.9603960396039604,23.762376237623762,72.27722772277228,65.34653465346535,6.9306930693069315
E00043034,158,61,16,45,97,85,12,38.607594936708864,10.126582278481013,28.48101265822785,61.39240506329114,53.79746835443038,7.59493670886076
E00043035,111,45,14,31,66,59,7,40.54054054054054,12.612612612612612,27.927927927927925,59.45945945945946,53.153153153153156,6.306306306306306
E00043036,142,47,16,31,95,86,9,33.098591549295776,11.267605633802818,21.830985915492956,66.90140845070422,60.56338028169014,6.338028169014084
E00043037,194,55,13,42,139,130,9,28.350515463917525,6.701030927835052,21.649484536082475,71.64948453608247,67.0103092783505,4.639175257731959
E00043038,151,74,28,46,77,70,7,49.00662251655629,18.543046357615893,30.4635761589404,50.993377483443716,46.35761589403973,4.635761589403973
E00043039,102,32,8,24,70,64,6,31.372549019607842,7.8431372549019605,23.52941176470588,68.62745098039215,62.745098039215684,5.88235294117647
E00043040,106,39,9,30,67,54,13,36.79245283018868,8.49056603773585,28.30188679245283,63.20754716981132,50.943396226415096,12.264150943396226
E00043041,102,40,6,34,62,58,4,39.21568627450981,5.88235294117647,33.33333333333333,60.78431372549019,56.86274509803921,3.9215686274509802
E00043042,72,27,9,18,45,44,1,37.5,12.5,25,62.5,61.111111111111114,1.3888888888888888
E00043043,119,36,9,27,83,77,6,30.252100840336134,7.563025210084033,22.689075630252102,69.74789915966386,64.70588235294117,5.042016806722689
E00043044,160,41,11,30,119,110,9,25.624999999999996,6.875000000000001,18.75,74.375,68.75,5.625
E00043045,136,39,11,28,97,86,11,28.676470588235293,8.088235294117647,20.588235294117645,71.32352941176471,63.23529411764706,8.088235294117647
E00043046,136,52,15,37,84,80,4,38.23529411764706,11.029411764705882,27.205882352941174,61.76470588235294,58.82352941176471,2.941176470588235
E00043047,184,69,16,53,115,111,4,37.5,8.695652173913043,28.804347826086957,62.5,60.32608695652174,2.1739130434782608
E00043048,117,41,13,28,76,69,7,35.04273504273504,11.11111111111111,23.931623931623932,64.95726495726495,58.97435897435898,5.982905982905983
E00043049,109,33,8,25,76,66,10,30.275229357798167,7.339449541284404,22.93577981651376,69.72477064220183,60.550458715596335,9.174311926605505
E00043050,71,26,7,19,45,41,4,36.61971830985916,9.859154929577464,26.76056338028169,63.38028169014085,57.74647887323944,5.633802816901409
E00043051,147,33,9,24,114,104,10,22.448979591836736,6.122448979591836,16.3265306122449,77.55102040816327,70.74829931972789,6.802721088435375
E00043052,122,40,15,25,82,74,8,32.78688524590164,12.295081967213115,20.491803278688526,67.21311475409836,60.65573770491803,6.557377049180328
E00043053,135,36,8,28,99,90,9,26.666666666666668,5.9259259259259265,20.74074074074074,73.33333333333333,66.66666666666666,6.666666666666667
E00043054,123,43,12,31,80,72,8,34.959349593495936,9.75609756097561,25.203252032520325,65.04065040650406,58.536585365853654,6.504065040650407
E00043055,108,46,11,35,62,51,11,42.592592592592595,10.185185185185185,32.407407407407405,57.407407407407405,47.22222222222222,10.185185185185185
E00043056,106,50,12,38,56,51,5,47.16981132075472,11.320754716981133,35.84905660377358,52.83018867924528,48.113207547169814,4.716981132075472
E00043057,108,35,14,21,73,63,10,32.407407407407405,12.962962962962962,19.444444444444446,67.5925925925926,58.333333333333336,9.25925925925926
E00043058,128,68,15,53,60,53,7,53.125,11.71875,41.40625,46.875,41.40625,5.46875
E00043059,111,42,8,34,69,63,6,37.83783783783784,7.207207207207207,30.630630630630627,62.16216216216216,56.75675675675676,5.405405405405405
E00043060,143,42,9,33,101,91,10,29.37062937062937,6.293706293706294,23.076923076923077,70.62937062937063,63.63636363636363,6.993006993006993
E00043061,102,45,17,28,57,52,5,44.11764705882353,16.666666666666664,27.450980392156865,55.88235294117647,50.98039215686274,4.901960784313726
E00043062,117,27,6,21,90,84,6,23.076923076923077,5.128205128205128,17.94871794871795,76.92307692307693,71.7948717948718,5.128205128205128
E00043063,123,39,10,29,84,71,13,31.70731707317073,8.130081300813007,23.577235772357724,68.29268292682927,57.72357723577236,10.569105691056912
E00043064,119,35,8,27,84,75,9,29.411764705882355,6.722689075630252,22.689075630252102,70.58823529411765,63.02521008403361,7.563025210084033
E00043065,108,37,10,27,71,65,6,34.25925925925926,9.25925925925926,25,65.74074074074075,60.18518518518518,5.555555555555555
E00043066,140,58,13,45,82,77,5,41.42857142857143,9.285714285714286,32.142857142857146,58.57142857142858,55.00000000000001,3.571428571428571
E00043067,105,45,12,33,60,55,5,42.857142857142854,11.428571428571429,31.428571428571427,57.14285714285714,52.38095238095239,4.761904761904762
E00043068,113,29,6,23,84,73,11,25.663716814159294,5.3097345132743365,20.353982300884958,74.33628318584071,64.60176991150442,9.734513274336283
E00043069,121,35,8,27,86,82,4,28.92561983471074,6.6115702479338845,22.31404958677686,71.07438016528926,67.76859504132231,3.3057851239669422
E00043070,147,55,15,40,92,85,7,37.41496598639456,10.204081632653061,27.2108843537415,62.585034013605444,57.82312925170068,4.761904761904762
E00043071,136,44,10,34,92,81,11,32.35294117647059,7.352941176470589,25,67.64705882352942,59.55882352941176,8.088235294117647
E00043072,85,37,8,29,48,41,7,43.529411764705884,9.411764705882353,34.11764705882353,56.470588235294116,48.23529411764706,8.235294117647058
E00043073,129,42,10,32,87,78,9,32.55813953488372,7.751937984496124,24.8062015503876,67.44186046511628,60.46511627906976,6.976744186046512
E00043074,114,40,5,35,74,70,4,35.08771929824561,4.385964912280701,30.701754385964914,64.91228070175438,61.40350877192983,3.508771929824561
E00043075,93,21,7,14,72,60,12,22.58064516129032,7.526881720430108,15.053763440860216,77.41935483870968,64.51612903225806,12.903225806451612
E00043076,127,36,11,25,91,84,7,28.346456692913385,8.661417322834646,19.68503937007874,71.65354330708661,66.14173228346458,5.511811023622047
E00043077,132,55,12,43,77,70,7,41.66666666666667,9.090909090909092,32.57575757575758,58.333333333333336,53.03030303030303,5.303030303030303
E00043078,104,41,11,30,63,58,5,39.42307692307692,10.576923076923077,28.846153846153843,60.57692307692307,55.769230769230774,4.807692307692308
E00043079,133,40,19,21,93,86,7,30.075187969924812,14.285714285714285,15.789473684210526,69.92481203007519,64.66165413533834,5.263157894736842
E00043080,161,55,18,37,106,92,14,34.161490683229815,11.180124223602485,22.981366459627328,65.83850931677019,57.14285714285714,8.695652173913043
E00043081,113,43,11,32,70,66,4,38.05309734513274,9.734513274336283,28.31858407079646,61.94690265486725,58.4070796460177,3.5398230088495577
E00043082,141,22,6,16,119,110,9,15.602836879432624,4.25531914893617,11.347517730496454,84.39716312056737,78.01418439716312,6.382978723404255
E00043083,89,26,11,15,63,51,12,29.213483146067414,12.359550561797752,16.853932584269664,70.78651685393258,57.30337078651685,13.48314606741573
E00043084,93,30,10,20,63,56,7,32.25806451612903,10.75268817204301,21.50537634408602,67.74193548387096,60.215053763440864,7.526881720430108
E00043085,125,41,8,33,84,71,13,32.800000000000004,6.4,26.400000000000002,67.2,56.8,10.4
E00043086,145,29,10,19,116,104,12,20,6.896551724137931,13.10344827586207,80,71.72413793103448,8.275862068965518
E00043087,140,47,18,29,93,85,8,33.57142857142857,12.857142857142856,20.714285714285715,66.42857142857143,60.71428571428571,5.714285714285714
E00043088,135,36,10,26,99,85,14,26.666666666666668,7.4074074074074066,19.25925925925926,73.33333333333333,62.96296296296296,10.37037037037037
E00043089,114,35,6,29,79,74,5,30.701754385964914,5.263157894736842,25.438596491228072,69.2982456140351,64.91228070175438,4.385964912280701
E00043090,158,46,20,26,112,99,13,29.11392405063291,12.658227848101266,16.455696202531644,70.88607594936708,62.65822784810127,8.227848101265822
E00043091,130,32,6,26,98,89,9,24.615384615384617,4.615384615384616,20,75.38461538461539,68.46153846153847,6.923076923076923
E00043092,120,37,7,30,83,73,10,30.833333333333336,5.833333333333333,25,69.16666666666667,60.83333333333333,8.333333333333332
E00043093,116,46,15,31,70,56,14,39.6551724137931,12.931034482758621,26.72413793103448,60.3448275862069,48.275862068965516,12.068965517241379
E00043094,150,44,12,32,106,91,15,29.333333333333332,8,21.333333333333336,70.66666666666667,60.66666666666667,10
E00043095,135,47,12,35,88,84,4,34.81481481481482,8.88888888888889,25.925925925925924,65.18518518518519,62.22222222222222,2.9629629629629632
E00043096,150,41,11,30,109,101,8,27.333333333333332,7.333333333333333,20,72.66666666666667,67.33333333333333,5.333333333333334
E00043097,152,43,15,28,109,84,25,28.289473684210524,9.868421052631579,18.421052631578945,71.71052631578947,55.26315789473685,16.447368421052634
E00043098,146,35,10,25,111,98,13,23.972602739726025,6.8493150684931505,17.123287671232877,76.02739726027397,67.12328767123287,8.904109589041095
E00043099,184,54,19,35,130,108,22,29.347826086956523,10.326086956521738,19.021739130434785,70.65217391304348,58.69565217391305,11.956521739130435
E00043100,127,44,16,28,83,73,10,34.645669291338585,12.598425196850393,22.04724409448819,65.35433070866141,57.48031496062992,7.874015748031496
E00043101,127,40,10,30,87,71,16,31.496062992125985,7.874015748031496,23.62204724409449,68.50393700787401,55.90551181102362,12.598425196850393
E00043102,122,42,11,31,80,67,13,34.42622950819672,9.01639344262295,25.40983606557377,65.57377049180327,54.91803278688525,10.655737704918032
E00043103,108,26,7,19,82,66,16,24.074074074074073,6.481481481481481,17.59259259259259,75.92592592592592,61.111111111111114,14.814814814814813
E00043104,109,30,6,24,79,72,7,27.522935779816514,5.5045871559633035,22.018348623853214,72.47706422018348,66.05504587155964,6.422018348623854
E00043105,132,33,12,21,99,93,6,25,9.090909090909092,15.909090909090908,75,70.45454545454545,4.545454545454546
E00043106,91,27,7,20,64,55,9,29.67032967032967,7.6923076923076925,21.978021978021978,70.32967032967034,60.43956043956044,9.89010989010989
E00043107,180,50,6,44,130,111,19,27.77777777777778,3.3333333333333335,24.444444444444443,72.22222222222221,61.66666666666667,10.555555555555555
E00043108,80,25,10,15,55,46,9,31.25,12.5,18.75,68.75,57.49999999999999,11.25
E00043109,77,22,9,13,55,45,10,28.57142857142857,11.688311688311687,16.883116883116884,71.42857142857143,58.44155844155844,12.987012987012985
E00043110,144,47,16,31,97,86,11,32.63888888888889,11.11111111111111,21.52777777777778,67.36111111111111,59.72222222222222,7.638888888888889
E00043111,82,30,5,25,52,42,10,36.58536585365854,6.097560975609756,30.48780487804878,63.41463414634146,51.21951219512195,12.195121951219512
E00043112,136,32,5,27,104,93,11,23.52941176470588,3.6764705882352944,19.852941176470587,76.47058823529412,68.38235294117648,8.088235294117647
E00043113,136,43,10,33,93,82,11,31.61764705882353,7.352941176470589,24.264705882352942,68.38235294117648,60.29411764705882,8.088235294117647
E00043114,81,20,0,20,61,55,6,24.691358024691358,0,24.691358024691358,75.30864197530865,67.90123456790124,7.4074074074074066
E00043115,143,34,9,25,109,96,13,23.776223776223777,6.293706293706294,17.482517482517483,76.22377622377621,67.13286713286713,9.090909090909092
E00043116,88,17,3,14,71,64,7,19.318181818181817,3.4090909090909087,15.909090909090908,80.68181818181817,72.72727272727273,7.954545454545454
E00043117,97,31,7,24,66,60,6,31.958762886597935,7.216494845360824,24.742268041237114,68.04123711340206,61.855670103092784,6.185567010309279
E00043118,119,41,7,34,78,74,4,34.45378151260504,5.88235294117647,28.57142857142857,65.54621848739495,62.18487394957983,3.361344537815126
E00043119,88,23,3,20,65,53,12,26.136363636363637,3.4090909090909087,22.727272727272727,73.86363636363636,60.22727272727273,13.636363636363635
E00043120,148,43,9,34,105,93,12,29.054054054054053,6.081081081081082,22.972972972972975,70.94594594594594,62.83783783783784,8.108108108108109
E00043121,79,24,4,20,55,48,7,30.37974683544304,5.063291139240507,25.31645569620253,69.62025316455697,60.75949367088608,8.860759493670885
E00043122,84,27,11,16,57,49,8,32.142857142857146,13.095238095238097,19.047619047619047,67.85714285714286,58.333333333333336,9.523809523809524
E00043123,122,40,14,26,82,69,13,32.78688524590164,11.475409836065573,21.311475409836063,67.21311475409836,56.557377049180324,10.655737704918032
E00043124,126,41,6,35,85,75,10,32.53968253968254,4.761904761904762,27.77777777777778,67.46031746031747,59.523809523809526,7.936507936507936
E00043125,101,28,5,23,73,65,8,27.722772277227726,4.9504950495049505,22.772277227722775,72.27722772277228,64.35643564356435,7.920792079207921
E00043126,184,57,23,34,127,108,19,30.978260869565215,12.5,18.478260869565215,69.02173913043478,58.69565217391305,10.326086956521738
E00043127,134,37,10,27,97,83,14,27.611940298507463,7.462686567164178,20.149253731343283,72.38805970149254,61.940298507462686,10.44776119402985
E00043128,99,28,7,21,71,64,7,28.28282828282828,7.07070707070707,21.21212121212121,71.71717171717171,64.64646464646465,7.07070707070707
E00043129,131,34,13,21,97,86,11,25.954198473282442,9.923664122137405,16.030534351145036,74.04580152671755,65.64885496183206,8.396946564885496
E00043130,145,30,8,22,115,102,13,20.689655172413794,5.517241379310345,15.172413793103448,79.3103448275862,70.34482758620689,8.96551724137931
E00043131,200,70,16,54,130,118,12,35,8,27,65,59,6
E00043132,235,55,12,43,180,157,23,23.404255319148938,5.106382978723404,18.29787234042553,76.59574468085107,66.80851063829788,9.787234042553191
E00043134,146,30,10,20,116,104,12,20.54794520547945,6.8493150684931505,13.698630136986301,79.45205479452055,71.23287671232876,8.21917808219178
E00043136,159,44,19,25,115,88,27,27.67295597484277,11.949685534591195,15.723270440251572,72.32704402515722,55.34591194968554,16.9811320754717
E00043138,132,43,9,34,89,77,12,32.57575757575758,6.8181818181818175,25.757575757575758,67.42424242424242,58.333333333333336,9.090909090909092
E00043139,117,34,9,25,83,71,12,29.059829059829063,7.6923076923076925,21.367521367521366,70.94017094017094,60.68376068376068,10.256410256410255
E00043140,113,30,6,24,83,77,6,26.548672566371685,5.3097345132743365,21.238938053097346,73.45132743362832,68.14159292035397,5.3097345132743365
E00043141,135,43,5,38,92,82,10,31.851851851851855,3.7037037037037033,28.14814814814815,68.14814814814815,60.74074074074074,7.4074074074074066
E00043143,159,41,13,28,118,102,16,25.78616352201258,8.176100628930817,17.61006289308176,74.21383647798741,64.15094339622641,10.062893081761008
E00043144,154,37,9,28,117,106,11,24.025974025974026,5.844155844155844,18.181818181818183,75.97402597402598,68.83116883116884,7.142857142857142
E00043145,108,32,7,25,76,65,11,29.629629629629626,6.481481481481481,23.14814814814815,70.37037037037037,60.18518518518518,10.185185185185185
E00043146,170,49,15,34,121,104,17,28.823529411764703,8.823529411764707,20,71.17647058823529,61.1764705882353,10
E00043147,195,43,14,29,152,134,18,22.05128205128205,7.179487179487179,14.871794871794872,77.94871794871796,68.71794871794872,9.230769230769232
E00043149,103,26,13,13,77,64,13,25.24271844660194,12.62135922330097,12.62135922330097,74.75728155339806,62.13592233009708,12.62135922330097
E00043150,108,36,9,27,72,64,8,33.33333333333333,8.333333333333332,25,66.66666666666666,59.25925925925925,7.4074074074074066
E00043151,133,35,8,27,98,84,14,26.31578947368421,6.015037593984962,20.30075187969925,73.68421052631578,63.1578947368421,10.526315789473683
E00043152,143,52,12,40,91,81,10,36.36363636363637,8.391608391608392,27.972027972027973,63.63636363636363,56.64335664335665,6.993006993006993
E00043153,135,34,6,28,101,96,5,25.185185185185183,4.444444444444445,20.74074074074074,74.81481481481481,71.11111111111111,3.7037037037037033
E00043154,143,36,6,30,107,93,14,25.174825174825177,4.195804195804196,20.97902097902098,74.82517482517483,65.03496503496503,9.79020979020979
E00043155,241,56,17,39,185,167,18,23.236514522821576,7.053941908713693,16.182572614107883,76.76348547717843,69.29460580912863,7.468879668049793
E00043156,125,24,4,20,101,94,7,19.2,3.2,16,80.80000000000001,75.2,5.6000000000000005
E00043157,120,37,7,30,83,73,10,30.833333333333336,5.833333333333333,25,69.16666666666667,60.83333333333333,8.333333333333332
E00043158,163,40,10,30,123,113,10,24.539877300613497,6.134969325153374,18.404907975460123,75.4601226993865,69.32515337423312,6.134969325153374
E00043159,96,37,12,25,59,53,6,38.54166666666667,12.5,26.041666666666668,61.458333333333336,55.208333333333336,6.25
E00043160,133,48,10,38,85,78,7,36.09022556390977,7.518796992481203,28.57142857142857,63.90977443609023,58.64661654135338,5.263157894736842
E00043161,207,65,21,44,142,120,22,31.40096618357488,10.144927536231885,21.256038647342994,68.59903381642512,57.971014492753625,10.628019323671497
E00043163,119,51,18,33,68,56,12,42.857142857142854,15.126050420168067,27.73109243697479,57.14285714285714,47.05882352941176,10.084033613445378
E00043164,143,33,10,23,110,97,13,23.076923076923077,6.993006993006993,16.083916083916083,76.92307692307693,67.83216783216784,9.090909090909092
E00043165,98,25,4,21,73,63,10,25.510204081632654,4.081632653061225,21.428571428571427,74.48979591836735,64.28571428571429,10.204081632653061
E00043166,139,39,7,32,100,93,7,28.05755395683453,5.0359712230215825,23.021582733812952,71.94244604316546,66.90647482014388,5.0359712230215825
E00043167,111,29,7,22,82,71,11,26.126126126126124,6.306306306306306,19.81981981981982,73.87387387387388,63.96396396396396,9.90990990990991
E00043168,182,49,15,34,133,121,12,26.923076923076923,8.241758241758241,18.681318681318682,73.07692307692307,66.48351648351648,6.593406593406594
E00043169,93,23,5,18,70,66,4,24.731182795698924,5.376344086021505,19.35483870967742,75.26881720430107,70.96774193548387,4.301075268817205
E00043170,164,41,11,30,123,106,17,25,6.707317073170732,18.29268292682927,75,64.63414634146342,10.365853658536585
E00043171,140,38,17,21,102,89,13,27.142857142857142,12.142857142857142,15,72.85714285714285,63.57142857142857,9.285714285714286
E00043172,78,23,6,17,55,50,5,29.48717948717949,7.6923076923076925,21.794871794871796,70.51282051282051,64.1025641025641,6.41025641025641
E00043173,79,16,9,7,63,50,13,20.253164556962027,11.39240506329114,8.860759493670885,79.74683544303798,63.29113924050633,16.455696202531644
E00043174,97,36,12,24,61,54,7,37.11340206185567,12.371134020618557,24.742268041237114,62.88659793814433,55.670103092783506,7.216494845360824
E00043175,101,36,7,29,65,60,5,35.64356435643564,6.9306930693069315,28.71287128712871,64.35643564356435,59.4059405940594,4.9504950495049505
E00043176,85,37,6,31,48,45,3,43.529411764705884,7.0588235294117645,36.470588235294116,56.470588235294116,52.94117647058824,3.5294117647058822
E00043177,64,26,10,16,38,35,3,40.625,15.625,25,59.375,54.6875,4.6875
E00043178,89,23,6,17,66,61,5,25.842696629213485,6.741573033707865,19.101123595505616,74.15730337078652,68.53932584269663,5.617977528089887
E00043179,138,52,11,41,86,78,8,37.68115942028986,7.971014492753622,29.71014492753623,62.31884057971014,56.52173913043478,5.797101449275362
E00043180,118,34,11,23,84,75,9,28.8135593220339,9.322033898305085,19.491525423728813,71.1864406779661,63.559322033898304,7.627118644067797
E00043181,122,27,8,19,95,87,8,22.131147540983605,6.557377049180328,15.573770491803279,77.8688524590164,71.31147540983606,6.557377049180328
E00043182,110,41,13,28,69,60,9,37.27272727272727,11.818181818181818,25.454545454545453,62.727272727272734,54.54545454545454,8.181818181818182
E00043183,148,52,13,39,96,83,13,35.13513513513514,8.783783783783784,26.351351351351347,64.86486486486487,56.08108108108109,8.783783783783784
E00043184,120,27,5,22,93,88,5,22.5,4.166666666666666,18.333333333333332,77.5,73.33333333333333,4.166666666666666
E00043185,79,24,3,21,55,51,4,30.37974683544304,3.79746835443038,26.582278481012654,69.62025316455697,64.55696202531645,5.063291139240507
E00043186,147,41,13,28,106,99,7,27.89115646258503,8.843537414965986,19.047619047619047,72.10884353741497,67.3469387755102,4.761904761904762
E00043187,136,41,9,32,95,90,5,30.14705882352941,6.61764705882353,23.52941176470588,69.85294117647058,66.17647058823529,3.6764705882352944
E00043188,107,19,3,16,88,80,8,17.75700934579439,2.803738317757009,14.953271028037381,82.2429906542056,74.76635514018692,7.476635514018691
E00043189,145,43,11,32,102,94,8,29.655172413793103,7.586206896551724,22.06896551724138,70.34482758620689,64.82758620689654,5.517241379310345
E00043190,149,42,10,32,107,93,14,28.187919463087248,6.7114093959731544,21.476510067114095,71.81208053691275,62.41610738255034,9.395973154362416
E00043191,146,41,10,31,105,92,13,28.08219178082192,6.8493150684931505,21.232876712328768,71.91780821917808,63.013698630136986,8.904109589041095
E00043192,51,12,2,10,39,33,6,23.52941176470588,3.9215686274509802,19.607843137254903,76.47058823529412,64.70588235294117,11.76470588235294
E00043193,173,60,19,41,113,101,12,34.68208092485549,10.982658959537572,23.699421965317917,65.3179190751445,58.38150289017341,6.9364161849710975
E00043194,111,35,13,22,76,70,6,31.53153153153153,11.711711711711711,19.81981981981982,68.46846846846847,63.06306306306306,5.405405405405405
E00043195,123,36,9,27,87,82,5,29.268292682926827,7.317073170731707,21.951219512195124,70.73170731707317,66.66666666666666,4.0650406504065035
E00043196,106,26,9,17,80,77,3,24.528301886792452,8.49056603773585,16.037735849056602,75.47169811320755,72.64150943396226,2.8301886792452833
E00043197,160,54,16,38,106,94,12,33.75,10,23.75,66.25,58.75,7.5
E00043198,165,55,21,34,110,101,9,33.33333333333333,12.727272727272727,20.606060606060606,66.66666666666666,61.212121212121204,5.454545454545454
E00043199,127,37,7,30,90,85,5,29.133858267716533,5.511811023622047,23.62204724409449,70.86614173228347,66.92913385826772,3.937007874015748
E00043200,149,57,11,46,92,85,7,38.25503355704698,7.38255033557047,30.87248322147651,61.74496644295302,57.04697986577181,4.697986577181208
E00043201,106,32,10,22,74,68,6,30.18867924528302,9.433962264150944,20.754716981132077,69.81132075471697,64.15094339622641,5.660377358490567
E00043202,122,34,5,29,88,80,8,27.86885245901639,4.098360655737705,23.770491803278688,72.1311475409836,65.57377049180327,6.557377049180328
E00043203,91,29,9,20,62,54,8,31.868131868131865,9.89010989010989,21.978021978021978,68.13186813186813,59.34065934065934,8.791208791208792
E00043204,137,37,12,25,100,96,4,27.00729927007299,8.75912408759124,18.248175182481752,72.99270072992701,70.07299270072993,2.9197080291970803
E00043205,107,35,10,25,72,65,7,32.71028037383177,9.345794392523365,23.364485981308412,67.28971962616822,60.747663551401864,6.5420560747663545
E00043206,93,31,9,22,62,57,5,33.33333333333333,9.67741935483871,23.655913978494624,66.66666666666666,61.29032258064516,5.376344086021505
E00043207,126,36,9,27,90,76,14,28.57142857142857,7.142857142857142,21.428571428571427,71.42857142857143,60.317460317460316,11.11111111111111
E00043208,106,31,9,22,75,64,11,29.245283018867923,8.49056603773585,20.754716981132077,70.75471698113208,60.37735849056604,10.377358490566039
E00043209,147,41,9,32,106,94,12,27.89115646258503,6.122448979591836,21.768707482993197,72.10884353741497,63.94557823129252,8.16326530612245
E00043210,149,47,13,34,102,91,11,31.543624161073826,8.724832214765101,22.818791946308725,68.45637583892618,61.07382550335571,7.38255033557047
E00043211,89,27,10,17,62,57,5,30.337078651685395,11.235955056179774,19.101123595505616,69.66292134831461,64.04494382022472,5.617977528089887
E00043212,167,46,10,36,121,109,12,27.54491017964072,5.9880239520958085,21.55688622754491,72.45508982035929,65.26946107784431,7.18562874251497
E00043213,164,47,14,33,117,107,10,28.65853658536585,8.536585365853659,20.121951219512198,71.34146341463415,65.2439024390244,6.097560975609756
E00043214,61,22,6,16,39,38,1,36.0655737704918,9.836065573770492,26.229508196721312,63.934426229508205,62.295081967213115,1.639344262295082
E00043215,227,55,14,41,172,156,16,24.229074889867842,6.167400881057269,18.06167400881057,75.77092511013215,68.72246696035242,7.048458149779736
E00043216,237,53,21,32,184,166,18,22.362869198312236,8.860759493670885,13.502109704641349,77.63713080168776,70.042194092827,7.59493670886076
E00043218,93,25,6,19,68,68,0,26.881720430107524,6.451612903225806,20.43010752688172,73.11827956989248,73.11827956989248,0
E00043220,183,44,8,36,139,126,13,24.043715846994534,4.371584699453552,19.672131147540984,75.95628415300546,68.85245901639344,7.103825136612022
E00043221,96,33,9,24,63,58,5,34.375,9.375,25,65.625,60.416666666666664,5.208333333333334
E00043222,134,43,10,33,91,84,7,32.08955223880597,7.462686567164178,24.62686567164179,67.91044776119402,62.68656716417911,5.223880597014925
E00043224,153,40,10,30,113,96,17,26.143790849673206,6.535947712418301,19.607843137254903,73.8562091503268,62.745098039215684,11.11111111111111
E00043225,97,33,12,21,64,59,5,34.02061855670103,12.371134020618557,21.649484536082475,65.97938144329896,60.824742268041234,5.154639175257731
E00043226,265,66,25,41,199,174,25,24.90566037735849,9.433962264150944,15.471698113207546,75.09433962264151,65.66037735849056,9.433962264150944
E00043227,126,32,10,22,94,88,6,25.396825396825395,7.936507936507936,17.46031746031746,74.60317460317461,69.84126984126983,4.761904761904762
E00043228,152,48,11,37,104,94,10,31.57894736842105,7.236842105263158,24.342105263157894,68.42105263157895,61.8421052631579,6.578947368421052
E00043229,104,39,7,32,65,57,8,37.5,6.730769230769231,30.76923076923077,62.5,54.807692307692314,7.6923076923076925
E00043230,141,43,11,32,98,95,3,30.49645390070922,7.801418439716312,22.69503546099291,69.50354609929079,67.37588652482269,2.127659574468085
E00043231,88,32,7,25,56,51,5,36.36363636363637,7.954545454545454,28.40909090909091,63.63636363636363,57.95454545454546,5.681818181818182
E00043232,149,44,16,28,105,86,19,29.53020134228188,10.738255033557047,18.79194630872483,70.46979865771812,57.71812080536913,12.751677852348994
E00043233,135,38,21,17,97,84,13,28.14814814814815,15.555555555555555,12.592592592592592,71.85185185185186,62.22222222222222,9.62962962962963
E00043234,117,34,13,21,83,75,8,29.059829059829063,11.11111111111111,17.94871794871795,70.94017094017094,64.1025641025641,6.837606837606838
E00043235,111,27,6,21,84,72,12,24.324324324324326,5.405405405405405,18.91891891891892,75.67567567567568,64.86486486486487,10.81081081081081
E00043236,72,15,2,13,57,51,6,20.833333333333336,2.7777777777777777,18.055555555555554,79.16666666666666,70.83333333333334,8.333333333333332
E00043237,174,61,7,54,113,98,15,35.05747126436782,4.022988505747127,31.03448275862069,64.9425287356322,56.32183908045977,8.620689655172415
E00043238,93,26,6,20,67,55,12,27.956989247311824,6.451612903225806,21.50537634408602,72.04301075268818,59.13978494623656,12.903225806451612
E00043239,138,50,17,33,88,67,21,36.231884057971016,12.318840579710146,23.91304347826087,63.76811594202898,48.55072463768116,15.217391304347828
E00043240,172,63,26,37,109,91,18,36.627906976744185,15.11627906976744,21.511627906976745,63.372093023255815,52.90697674418605,10.465116279069768
E00043241,157,51,14,37,106,85,21,32.48407643312102,8.9171974522293,23.56687898089172,67.51592356687898,54.14012738853503,13.375796178343949
E00043242,139,44,18,26,95,81,14,31.654676258992804,12.949640287769784,18.705035971223023,68.34532374100719,58.27338129496403,10.071942446043165
E00043243,151,36,9,27,115,104,11,23.841059602649008,5.960264900662252,17.880794701986755,76.15894039735099,68.87417218543047,7.28476821192053
E00043244,176,55,24,31,121,100,21,31.25,13.636363636363635,17.613636363636363,68.75,56.81818181818182,11.931818181818182
E00043245,108,34,15,19,74,57,17,31.48148148148148,13.88888888888889,17.59259259259259,68.51851851851852,52.77777777777778,15.74074074074074
E00043246,193,56,14,42,137,122,15,29.015544041450774,7.253886010362693,21.761658031088082,70.98445595854922,63.212435233160626,7.772020725388601
E00043247,112,41,17,24,71,56,15,36.607142857142854,15.178571428571427,21.428571428571427,63.39285714285714,50,13.392857142857142
E00043248,120,36,14,22,84,74,10,30,11.666666666666666,18.333333333333332,70,61.66666666666667,8.333333333333332
E00043249,192,54,17,37,138,124,14,28.125,8.854166666666668,19.270833333333336,71.875,64.58333333333334,7.291666666666667
E00043250,66,17,7,10,49,43,6,25.757575757575758,10.606060606060606,15.151515151515152,74.24242424242425,65.15151515151516,9.090909090909092
E00043251,94,29,8,21,65,54,11,30.851063829787233,8.51063829787234,22.340425531914892,69.14893617021278,57.446808510638306,11.702127659574469
E00043252,135,42,11,31,93,82,11,31.11111111111111,8.148148148148149,22.962962962962962,68.88888888888889,60.74074074074074,8.148148148148149
E00043253,165,50,17,33,115,102,13,30.303030303030305,10.303030303030303,20,69.6969696969697,61.81818181818181,7.878787878787878
E00043254,150,45,9,36,105,89,16,30,6,24,70,59.333333333333336,10.666666666666668
E00043255,95,18,7,11,77,67,10,18.947368421052634,7.368421052631578,11.578947368421053,81.05263157894737,70.52631578947368,10.526315789473683
E00043256,138,38,11,27,100,87,13,27.536231884057973,7.971014492753622,19.565217391304348,72.46376811594203,63.04347826086957,9.420289855072465
E00043257,92,24,5,19,68,58,10,26.08695652173913,5.434782608695652,20.652173913043477,73.91304347826086,63.04347826086957,10.869565217391305
E00043258,120,39,12,27,81,62,19,32.5,10,22.5,67.5,51.66666666666667,15.833333333333332
E00043259,162,33,9,24,129,119,10,20.37037037037037,5.555555555555555,14.814814814814813,79.62962962962963,73.4567901234568,6.172839506172839
E00043260,147,44,15,29,103,91,12,29.931972789115648,10.204081632653061,19.727891156462583,70.06802721088435,61.904761904761905,8.16326530612245
E00043261,181,54,11,43,127,113,14,29.83425414364641,6.077348066298343,23.756906077348066,70.1657458563536,62.430939226519335,7.734806629834254
E00043262,143,41,11,30,102,80,22,28.671328671328673,7.6923076923076925,20.97902097902098,71.32867132867133,55.94405594405595,15.384615384615385
E00043263,143,37,7,30,106,99,7,25.874125874125873,4.895104895104895,20.97902097902098,74.12587412587412,69.23076923076923,4.895104895104895
E00043264,120,32,8,24,88,78,10,26.666666666666668,6.666666666666667,20,73.33333333333333,65,8.333333333333332
E00043265,145,44,16,28,101,88,13,30.344827586206897,11.03448275862069,19.310344827586206,69.6551724137931,60.689655172413794,8.96551724137931
E00043266,121,23,8,15,98,88,10,19.00826446280992,6.6115702479338845,12.396694214876034,80.99173553719008,72.72727272727273,8.264462809917356
E00043267,139,42,16,26,97,85,12,30.215827338129497,11.510791366906476,18.705035971223023,69.7841726618705,61.15107913669065,8.633093525179856
E00043268,140,32,17,15,108,92,16,22.857142857142858,12.142857142857142,10.714285714285714,77.14285714285715,65.71428571428571,11.428571428571429
E00043269,99,26,12,14,73,66,7,26.262626262626267,12.121212121212121,14.14141414141414,73.73737373737373,66.66666666666666,7.07070707070707
E00043270,106,31,8,23,75,65,10,29.245283018867923,7.547169811320755,21.69811320754717,70.75471698113208,61.32075471698113,9.433962264150944
E00043271,83,24,8,16,59,49,10,28.915662650602407,9.63855421686747,19.27710843373494,71.08433734939759,59.036144578313255,12.048192771084338
E00043272,93,26,12,14,67,60,7,27.956989247311824,12.903225806451612,15.053763440860216,72.04301075268818,64.51612903225806,7.526881720430108
E00043273,127,36,16,20,91,79,12,28.346456692913385,12.598425196850393,15.748031496062993,71.65354330708661,62.20472440944882,9.448818897637794
E00043274,114,34,13,21,80,61,19,29.82456140350877,11.403508771929824,18.421052631578945,70.17543859649122,53.50877192982456,16.666666666666664
E00043275,82,31,7,24,51,44,7,37.80487804878049,8.536585365853659,29.268292682926827,62.19512195121951,53.65853658536586,8.536585365853659
E00043276,174,45,15,30,129,98,31,25.862068965517242,8.620689655172415,17.24137931034483,74.13793103448276,56.32183908045977,17.81609195402299
E00043277,145,43,15,28,102,77,25,29.655172413793103,10.344827586206897,19.310344827586206,70.34482758620689,53.103448275862064,17.24137931034483
E00043278,117,43,15,28,74,64,10,36.75213675213676,12.82051282051282,23.931623931623932,63.24786324786324,54.700854700854705,8.547008547008547
E00043279,102,22,6,16,80,72,8,21.568627450980394,5.88235294117647,15.686274509803921,78.43137254901961,70.58823529411765,7.8431372549019605
E00043280,121,38,10,28,83,70,13,31.40495867768595,8.264462809917356,23.140495867768596,68.59504132231406,57.85123966942148,10.743801652892563
E00043281,78,27,7,20,51,45,6,34.61538461538461,8.974358974358974,25.64102564102564,65.38461538461539,57.692307692307686,7.6923076923076925
E00043282,137,39,10,29,98,87,11,28.467153284671532,7.2992700729927,21.16788321167883,71.53284671532847,63.503649635036496,8.02919708029197
E00043283,124,42,16,26,82,67,15,33.87096774193548,12.903225806451612,20.967741935483872,66.12903225806451,54.03225806451613,12.096774193548388
E00043284,139,28,11,17,111,95,16,20.14388489208633,7.913669064748201,12.23021582733813,79.85611510791367,68.34532374100719,11.510791366906476
E00043285,144,44,10,34,100,90,10,30.555555555555557,6.944444444444445,23.61111111111111,69.44444444444444,62.5,6.944444444444445
E00043286,106,31,3,28,75,64,11,29.245283018867923,2.8301886792452833,26.41509433962264,70.75471698113208,60.37735849056604,10.377358490566039
E00043287,141,31,11,20,110,96,14,21.98581560283688,7.801418439716312,14.184397163120568,78.01418439716312,68.08510638297872,9.929078014184398
E00043288,151,43,12,31,108,95,13,28.47682119205298,7.9470198675496695,20.52980132450331,71.52317880794702,62.913907284768214,8.609271523178808
E00043289,114,38,13,25,76,65,11,33.33333333333333,11.403508771929824,21.929824561403507,66.66666666666666,57.01754385964912,9.649122807017543
E00043290,131,38,12,26,93,77,16,29.00763358778626,9.16030534351145,19.84732824427481,70.99236641221374,58.778625954198475,12.213740458015266
E00043291,127,37,4,33,90,82,8,29.133858267716533,3.149606299212598,25.984251968503933,70.86614173228347,64.56692913385827,6.299212598425196
E00043292,101,32,10,22,69,63,6,31.683168316831683,9.900990099009901,21.782178217821784,68.31683168316832,62.37623762376238,5.9405940594059405
E00043293,155,26,11,15,129,118,11,16.7741935483871,7.096774193548387,9.67741935483871,83.22580645161291,76.12903225806451,7.096774193548387
E00043294,100,31,12,19,69,63,6,31,12,19,69,63,6
E00043295,173,36,9,27,137,114,23,20.809248554913296,5.202312138728324,15.606936416184972,79.1907514450867,65.89595375722543,13.294797687861271
E00043296,150,37,17,20,113,102,11,24.666666666666668,11.333333333333332,13.333333333333334,75.33333333333333,68,7.333333333333333
E00043297,131,29,6,23,102,89,13,22.137404580152673,4.580152671755725,17.557251908396946,77.86259541984732,67.93893129770993,9.923664122137405
E00043298,135,28,7,21,107,93,14,20.74074074074074,5.185185185185185,15.555555555555555,79.25925925925927,68.88888888888889,10.37037037037037
E00043299,134,39,11,28,95,79,16,29.1044776119403,8.208955223880597,20.8955223880597,70.8955223880597,58.95522388059702,11.940298507462686
E00043300,116,30,11,19,86,79,7,25.862068965517242,9.482758620689655,16.379310344827587,74.13793103448276,68.10344827586206,6.0344827586206895
E00043301,125,38,8,30,87,78,9,30.4,6.4,24,69.6,62.4,7.199999999999999
E00043302,84,38,8,30,46,37,9,45.23809523809524,9.523809523809524,35.714285714285715,54.761904761904766,44.047619047619044,10.714285714285714
E00043303,133,42,6,36,91,78,13,31.57894736842105,4.511278195488721,27.06766917293233,68.42105263157895,58.64661654135338,9.774436090225564
E00043304,115,42,10,32,73,63,10,36.52173913043478,8.695652173913043,27.82608695652174,63.47826086956522,54.78260869565217,8.695652173913043
E00043305,140,49,18,31,91,82,9,35,12.857142857142856,22.142857142857142,65,58.57142857142858,6.428571428571428
E00043306,114,27,8,19,87,74,13,23.684210526315788,7.017543859649122,16.666666666666664,76.31578947368422,64.91228070175438,11.403508771929824
E00043307,117,34,13,21,83,78,5,29.059829059829063,11.11111111111111,17.94871794871795,70.94017094017094,66.66666666666666,4.273504273504273
E00043308,154,31,8,23,123,116,7,20.12987012987013,5.194805194805195,14.935064935064934,79.87012987012987,75.32467532467533,4.545454545454546
E00043309,223,66,18,48,157,138,19,29.596412556053814,8.071748878923767,21.524663677130047,70.4035874439462,61.88340807174888,8.520179372197308
E00043310,263,66,20,46,197,175,22,25.09505703422053,7.604562737642586,17.490494296577946,74.90494296577947,66.53992395437263,8.365019011406844
E00043311,133,51,13,38,82,76,6,38.34586466165413,9.774436090225564,28.57142857142857,61.65413533834586,57.14285714285714,4.511278195488721
E00043312,151,50,12,38,101,87,14,33.11258278145696,7.9470198675496695,25.165562913907287,66.88741721854305,57.615894039735096,9.271523178807946
E00043313,109,36,9,27,73,66,7,33.02752293577982,8.256880733944955,24.770642201834864,66.97247706422019,60.550458715596335,6.422018348623854
E00043314,155,51,20,31,104,94,10,32.903225806451616,12.903225806451612,20,67.0967741935484,60.64516129032258,6.451612903225806
E00043315,120,38,16,22,82,72,10,31.666666666666664,13.333333333333334,18.333333333333332,68.33333333333333,60,8.333333333333332
E00043316,107,27,9,18,80,74,6,25.233644859813083,8.411214953271028,16.822429906542055,74.76635514018692,69.1588785046729,5.607476635514018
E00043317,139,37,12,25,102,96,6,26.618705035971225,8.633093525179856,17.985611510791365,73.38129496402878,69.06474820143885,4.316546762589928
E00043318,42,16,5,11,26,23,3,38.095238095238095,11.904761904761903,26.190476190476193,61.904761904761905,54.761904761904766,7.142857142857142
E00043319,133,35,13,22,98,87,11,26.31578947368421,9.774436090225564,16.541353383458645,73.68421052631578,65.41353383458647,8.270676691729323
E00043320,115,36,13,23,79,71,8,31.30434782608696,11.304347826086957,20,68.69565217391305,61.73913043478261,6.956521739130435
E00043321,41,15,2,13,26,25,1,36.58536585365854,4.878048780487805,31.70731707317073,63.41463414634146,60.97560975609756,2.4390243902439024
E00043322,166,51,17,34,115,106,9,30.72289156626506,10.240963855421686,20.481927710843372,69.27710843373494,63.85542168674698,5.421686746987952
E00043325,141,46,15,31,95,86,9,32.62411347517731,10.638297872340425,21.98581560283688,67.37588652482269,60.99290780141844,6.382978723404255
E00043326,135,37,9,28,98,91,7,27.40740740740741,6.666666666666667,20.74074074074074,72.5925925925926,67.4074074074074,5.185185185185185
E00043327,111,39,10,29,72,66,6,35.13513513513514,9.00900900900901,26.126126126126124,64.86486486486487,59.45945945945946,5.405405405405405
E00043328,128,27,7,20,101,91,10,21.09375,5.46875,15.625,78.90625,71.09375,7.8125
E00043329,110,31,4,27,79,71,8,28.18181818181818,3.6363636363636362,24.545454545454547,71.81818181818181,64.54545454545455,7.2727272727272725
E00043330,139,39,8,31,100,90,10,28.05755395683453,5.755395683453238,22.302158273381295,71.94244604316546,64.74820143884892,7.1942446043165464
E00043331,98,41,8,33,57,49,8,41.83673469387755,8.16326530612245,33.6734693877551,58.16326530612245,50,8.16326530612245
E00043332,137,45,11,34,92,81,11,32.846715328467155,8.02919708029197,24.817518248175183,67.15328467153284,59.12408759124088,8.02919708029197
E00043333,179,47,13,34,132,123,9,26.256983240223462,7.262569832402235,18.994413407821227,73.74301675977654,68.71508379888269,5.027932960893855
E00043334,113,39,7,32,74,65,9,34.51327433628318,6.1946902654867255,28.31858407079646,65.48672566371681,57.52212389380531,7.964601769911504
E00043335,153,50,13,37,103,90,13,32.6797385620915,8.49673202614379,24.183006535947712,67.3202614379085,58.82352941176471,8.49673202614379
E00043336,102,21,4,17,81,75,6,20.588235294117645,3.9215686274509802,16.666666666666664,79.41176470588235,73.52941176470588,5.88235294117647
E00043337,76,28,5,23,48,43,5,36.84210526315789,6.578947368421052,30.263157894736842,63.1578947368421,56.57894736842105,6.578947368421052
E00043338,110,33,8,25,77,72,5,30,7.2727272727272725,22.727272727272727,70,65.45454545454545,4.545454545454546
E00043339,156,48,10,38,108,92,16,30.76923076923077,6.41025641025641,24.358974358974358,69.23076923076923,58.97435897435898,10.256410256410255
E00043340,136,34,7,27,102,95,7,25,5.147058823529411,19.852941176470587,75,69.85294117647058,5.147058823529411
E00043341,65,19,9,10,46,41,5,29.230769230769234,13.846153846153847,15.384615384615385,70.76923076923077,63.07692307692307,7.6923076923076925
E00043342,153,54,12,42,99,93,6,35.294117647058826,7.8431372549019605,27.450980392156865,64.70588235294117,60.78431372549019,3.9215686274509802
E00043343,152,45,11,34,107,99,8,29.605263157894733,7.236842105263158,22.36842105263158,70.39473684210526,65.13157894736842,5.263157894736842
E00043344,99,29,7,22,70,62,8,29.292929292929294,7.07070707070707,22.22222222222222,70.70707070707071,62.62626262626263,8.080808080808081
E00043345,170,48,11,37,122,112,10,28.235294117647058,6.470588235294119,21.764705882352942,71.76470588235294,65.88235294117646,5.88235294117647
E00043347,145,41,10,31,104,93,11,28.27586206896552,6.896551724137931,21.379310344827587,71.72413793103448,64.13793103448275,7.586206896551724
E00043348,94,32,11,21,62,46,16,34.04255319148936,11.702127659574469,22.340425531914892,65.95744680851064,48.93617021276596,17.02127659574468
E00043349,93,27,8,19,66,60,6,29.03225806451613,8.60215053763441,20.43010752688172,70.96774193548387,64.51612903225806,6.451612903225806
E00043350,72,15,4,11,57,50,7,20.833333333333336,5.555555555555555,15.277777777777779,79.16666666666666,69.44444444444444,9.722222222222223
E00043351,76,22,11,11,54,52,2,28.947368421052634,14.473684210526317,14.473684210526317,71.05263157894737,68.42105263157895,2.631578947368421
E00043352,185,50,13,37,135,127,8,27.027027027027028,7.027027027027027,20,72.97297297297297,68.64864864864865,4.324324324324325
E00043353,167,55,15,40,112,97,15,32.93413173652694,8.982035928143713,23.952095808383234,67.06586826347305,58.08383233532935,8.982035928143713
E00043354,86,41,11,30,45,37,8,47.674418604651166,12.790697674418606,34.883720930232556,52.32558139534884,43.02325581395349,9.30232558139535
E00043355,136,36,8,28,100,92,8,26.47058823529412,5.88235294117647,20.588235294117645,73.52941176470588,67.64705882352942,5.88235294117647
E00043356,120,37,7,30,83,77,6,30.833333333333336,5.833333333333333,25,69.16666666666667,64.16666666666667,5
E00043357,104,44,10,34,60,53,7,42.30769230769231,9.615384615384617,32.69230769230769,57.692307692307686,50.96153846153846,6.730769230769231
E00043358,124,36,9,27,88,77,11,29.03225806451613,7.258064516129033,21.774193548387096,70.96774193548387,62.096774193548384,8.870967741935484
E00043359,126,41,10,31,85,76,9,32.53968253968254,7.936507936507936,24.6031746031746,67.46031746031747,60.317460317460316,7.142857142857142
E00043360,113,36,16,20,77,68,9,31.858407079646017,14.15929203539823,17.699115044247787,68.14159292035397,60.17699115044248,7.964601769911504
E00043361,188,47,16,31,141,110,31,25,8.51063829787234,16.48936170212766,75,58.51063829787234,16.48936170212766
E00043362,143,40,13,27,103,94,9,27.972027972027973,9.090909090909092,18.88111888111888,72.02797202797203,65.73426573426573,6.293706293706294
E00043363,91,34,7,27,57,53,4,37.362637362637365,7.6923076923076925,29.67032967032967,62.637362637362635,58.24175824175825,4.395604395604396
E00043364,95,35,7,28,60,53,7,36.84210526315789,7.368421052631578,29.47368421052631,63.1578947368421,55.78947368421052,7.368421052631578
E00043365,251,61,26,35,190,152,38,24.302788844621514,10.358565737051793,13.94422310756972,75.69721115537848,60.55776892430279,15.139442231075698
E00043366,104,44,11,33,60,53,7,42.30769230769231,10.576923076923077,31.73076923076923,57.692307692307686,50.96153846153846,6.730769230769231
E00043367,122,30,8,22,92,82,10,24.59016393442623,6.557377049180328,18.0327868852459,75.40983606557377,67.21311475409836,8.19672131147541
E00043368,195,59,16,43,136,119,17,30.256410256410255,8.205128205128204,22.05128205128205,69.74358974358974,61.02564102564103,8.717948717948717
E00043369,91,39,9,30,52,47,5,42.857142857142854,9.89010989010989,32.967032967032964,57.14285714285714,51.64835164835166,5.4945054945054945
E00043370,85,31,3,28,54,50,4,36.470588235294116,3.5294117647058822,32.94117647058823,63.52941176470588,58.82352941176471,4.705882352941177
E00043371,37,8,1,7,29,27,2,21.62162162162162,2.7027027027027026,18.91891891891892,78.37837837837837,72.97297297297297,5.405405405405405
E00043373,79,30,7,23,49,49,0,37.9746835443038,8.860759493670885,29.11392405063291,62.0253164556962,62.0253164556962,0
E00043374,138,41,11,30,97,83,14,29.71014492753623,7.971014492753622,21.73913043478261,70.28985507246377,60.14492753623188,10.144927536231885
E00043375,66,17,2,15,49,43,6,25.757575757575758,3.0303030303030303,22.727272727272727,74.24242424242425,65.15151515151516,9.090909090909092
E00043376,83,40,14,26,43,43,0,48.19277108433735,16.867469879518072,31.32530120481928,51.80722891566265,51.80722891566265,0
E00043377,65,21,9,12,44,44,0,32.30769230769231,13.846153846153847,18.461538461538463,67.6923076923077,67.6923076923077,0
E00043378,121,28,7,21,93,77,16,23.140495867768596,5.785123966942149,17.355371900826448,76.85950413223141,63.63636363636363,13.223140495867769
E00043379,120,35,11,24,85,76,9,29.166666666666668,9.166666666666666,20,70.83333333333334,63.33333333333333,7.5
E00043380,190,60,26,34,130,123,7,31.57894736842105,13.684210526315791,17.894736842105264,68.42105263157895,64.73684210526316,3.684210526315789
E00043381,90,38,13,25,52,47,5,42.22222222222222,14.444444444444443,27.77777777777778,57.77777777777777,52.22222222222223,5.555555555555555
E00043382,122,40,8,32,82,69,13,32.78688524590164,6.557377049180328,26.229508196721312,67.21311475409836,56.557377049180324,10.655737704918032
E00043384,107,38,14,24,69,58,11,35.51401869158878,13.084112149532709,22.429906542056074,64.48598130841121,54.20560747663551,10.2803738317757
E00043385,149,39,8,31,110,96,14,26.174496644295303,5.369127516778524,20.80536912751678,73.8255033557047,64.42953020134227,9.395973154362416
E00043386,144,34,8,26,110,92,18,23.61111111111111,5.555555555555555,18.055555555555554,76.38888888888889,63.888888888888886,12.5
E00043387,145,40,9,31,105,93,12,27.586206896551722,6.206896551724138,21.379310344827587,72.41379310344827,64.13793103448275,8.275862068965518
E00043388,126,33,11,22,93,75,18,26.190476190476193,8.73015873015873,17.46031746031746,73.80952380952381,59.523809523809526,14.285714285714285
E00043389,129,39,18,21,90,72,18,30.23255813953488,13.953488372093023,16.27906976744186,69.76744186046511,55.81395348837209,13.953488372093023
E00043390,132,36,19,17,96,81,15,27.27272727272727,14.393939393939394,12.878787878787879,72.72727272727273,61.36363636363637,11.363636363636363
E00043391,103,32,10,22,71,58,13,31.06796116504854,9.70873786407767,21.35922330097087,68.93203883495146,56.310679611650485,12.62135922330097
E00043392,122,33,12,21,89,74,15,27.049180327868854,9.836065573770492,17.21311475409836,72.95081967213115,60.65573770491803,12.295081967213115
E00043393,88,38,10,28,50,37,13,43.18181818181818,11.363636363636363,31.818181818181817,56.81818181818182,42.04545454545455,14.772727272727273
E00043394,109,34,7,27,75,63,12,31.19266055045872,6.422018348623854,24.770642201834864,68.80733944954129,57.798165137614674,11.009174311926607
E00043395,131,35,11,24,96,84,12,26.717557251908396,8.396946564885496,18.3206106870229,73.2824427480916,64.12213740458014,9.16030534351145
E00043396,108,36,9,27,72,58,14,33.33333333333333,8.333333333333332,25,66.66666666666666,53.70370370370371,12.962962962962962
E00043397,112,42,19,23,70,53,17,37.5,16.964285714285715,20.535714285714285,62.5,47.32142857142857,15.178571428571427
E00043398,94,36,9,27,58,55,3,38.297872340425535,9.574468085106384,28.723404255319153,61.702127659574465,58.51063829787234,3.1914893617021276
E00043399,164,51,16,35,113,94,19,31.097560975609756,9.75609756097561,21.341463414634145,68.90243902439023,57.3170731707317,11.585365853658537
E00043400,123,41,16,25,82,61,21,33.33333333333333,13.008130081300814,20.32520325203252,66.66666666666666,49.59349593495935,17.073170731707318
E00043401,151,41,16,25,110,86,24,27.1523178807947,10.596026490066226,16.55629139072848,72.84768211920529,56.95364238410596,15.894039735099339
E00043402,123,43,12,31,80,62,18,34.959349593495936,9.75609756097561,25.203252032520325,65.04065040650406,50.40650406504065,14.634146341463413
E00043403,122,32,14,18,90,75,15,26.229508196721312,11.475409836065573,14.754098360655737,73.77049180327869,61.47540983606557,12.295081967213115
E00043404,105,24,4,20,81,67,14,22.857142857142858,3.8095238095238098,19.047619047619047,77.14285714285715,63.8095238095238,13.333333333333334
E00043405,71,27,10,17,44,37,7,38.028169014084504,14.084507042253522,23.943661971830984,61.97183098591549,52.112676056338024,9.859154929577464
E00043406,136,46,13,33,90,81,9,33.82352941176471,9.558823529411764,24.264705882352942,66.17647058823529,59.55882352941176,6.61764705882353
E00043407,133,43,16,27,90,70,20,32.33082706766917,12.030075187969924,20.30075187969925,67.66917293233082,52.63157894736842,15.037593984962406
E00043408,128,35,11,24,93,81,12,27.34375,8.59375,18.75,72.65625,63.28125,9.375
E00043409,168,55,23,32,113,90,23,32.73809523809524,13.690476190476192,19.047619047619047,67.26190476190477,53.57142857142857,13.690476190476192
E00043410,182,53,19,34,129,109,20,29.120879120879124,10.43956043956044,18.681318681318682,70.87912087912088,59.89010989010989,10.989010989010989
E00043411,131,46,11,35,85,81,4,35.11450381679389,8.396946564885496,26.717557251908396,64.8854961832061,61.832061068702295,3.0534351145038165
E00043412,223,74,25,49,149,123,26,33.18385650224215,11.210762331838566,21.973094170403588,66.81614349775785,55.15695067264574,11.659192825112108
E00043413,181,46,12,34,135,117,18,25.41436464088398,6.629834254143646,18.784530386740332,74.58563535911603,64.64088397790056,9.94475138121547
E00043414,150,41,20,21,109,97,12,27.333333333333332,13.333333333333334,14.000000000000002,72.66666666666667,64.66666666666666,8
E00043415,54,15,6,9,39,33,6,27.77777777777778,11.11111111111111,16.666666666666664,72.22222222222221,61.111111111111114,11.11111111111111
E00043416,211,72,33,39,139,120,19,34.12322274881517,15.639810426540285,18.48341232227488,65.87677725118483,56.872037914691944,9.004739336492891
E00043417,136,37,17,20,99,83,16,27.205882352941174,12.5,14.705882352941178,72.79411764705883,61.029411764705884,11.76470588235294
E00043418,197,59,7,52,138,125,13,29.949238578680205,3.5532994923857872,26.39593908629442,70.05076142131979,63.45177664974619,6.598984771573605
E00043419,120,30,10,20,90,75,15,25,8.333333333333332,16.666666666666664,75,62.5,12.5
E00043421,228,53,15,38,175,152,23,23.24561403508772,6.578947368421052,16.666666666666664,76.75438596491229,66.66666666666666,10.087719298245613
E00043422,146,44,14,30,102,87,15,30.136986301369863,9.58904109589041,20.54794520547945,69.86301369863014,59.589041095890416,10.273972602739725
E00043423,117,41,18,23,76,67,9,35.04273504273504,15.384615384615385,19.65811965811966,64.95726495726495,57.26495726495726,7.6923076923076925
E00043424,139,36,9,27,103,86,17,25.899280575539567,6.474820143884892,19.424460431654676,74.10071942446042,61.87050359712231,12.23021582733813
E00043425,158,48,14,34,110,91,19,30.37974683544304,8.860759493670885,21.518987341772153,69.62025316455697,57.59493670886076,12.025316455696203
E00043426,144,32,12,20,112,97,15,22.22222222222222,8.333333333333332,13.88888888888889,77.77777777777779,67.36111111111111,10.416666666666668
E00043427,130,47,18,29,83,74,9,36.15384615384615,13.846153846153847,22.30769230769231,63.84615384615384,56.92307692307692,6.923076923076923
E00043428,92,27,9,18,65,61,4,29.347826086956523,9.782608695652174,19.565217391304348,70.65217391304348,66.30434782608695,4.3478260869565215
E00043429,145,56,20,36,89,78,11,38.62068965517241,13.793103448275861,24.82758620689655,61.37931034482759,53.79310344827586,7.586206896551724
E00043430,163,48,10,38,115,104,11,29.447852760736197,6.134969325153374,23.31288343558282,70.5521472392638,63.80368098159509,6.748466257668712
E00043431,163,59,20,39,104,93,11,36.19631901840491,12.269938650306749,23.92638036809816,63.80368098159509,57.05521472392638,6.748466257668712
E00043432,165,55,17,38,110,100,10,33.33333333333333,10.303030303030303,23.03030303030303,66.66666666666666,60.60606060606061,6.0606060606060606
E00043433,162,47,24,23,115,101,14,29.01234567901235,14.814814814814813,14.19753086419753,70.98765432098766,62.34567901234568,8.641975308641975
E00043434,137,56,15,41,81,72,9,40.87591240875913,10.948905109489052,29.927007299270077,59.12408759124088,52.55474452554745,6.569343065693431
E00043435,134,33,10,23,101,94,7,24.62686567164179,7.462686567164178,17.16417910447761,75.3731343283582,70.1492537313433,5.223880597014925
E00043436,114,36,6,30,78,68,10,31.57894736842105,5.263157894736842,26.31578947368421,68.42105263157895,59.64912280701754,8.771929824561402
E00043437,156,51,15,36,105,90,15,32.69230769230769,9.615384615384617,23.076923076923077,67.3076923076923,57.692307692307686,9.615384615384617
E00043438,176,57,11,46,119,107,12,32.38636363636363,6.25,26.136363636363637,67.61363636363636,60.79545454545454,6.8181818181818175
E00043439,123,31,10,21,92,81,11,25.203252032520325,8.130081300813007,17.073170731707318,74.79674796747967,65.85365853658537,8.94308943089431
E00043440,131,41,9,32,90,78,12,31.297709923664126,6.870229007633588,24.427480916030532,68.70229007633588,59.541984732824424,9.16030534351145
E00043441,98,26,8,18,72,66,6,26.53061224489796,8.16326530612245,18.367346938775512,73.46938775510205,67.3469387755102,6.122448979591836
E00043442,162,61,15,46,101,88,13,37.65432098765432,9.25925925925926,28.39506172839506,62.34567901234568,54.32098765432099,8.024691358024691
E00043443,145,32,9,23,113,99,14,22.06896551724138,6.206896551724138,15.862068965517242,77.93103448275862,68.27586206896552,9.655172413793103
E00043444,88,41,5,36,47,46,1,46.590909090909086,5.681818181818182,40.909090909090914,53.40909090909091,52.27272727272727,1.1363636363636365
E00043445,149,42,20,22,107,90,17,28.187919463087248,13.422818791946309,14.76510067114094,71.81208053691275,60.40268456375839,11.409395973154362
E00043446,110,27,11,16,83,64,19,24.545454545454547,10,14.545454545454545,75.45454545454545,58.18181818181818,17.272727272727273
E00043447,162,55,16,39,107,88,19,33.95061728395062,9.876543209876543,24.074074074074073,66.0493827160494,54.32098765432099,11.728395061728394
E00043448,82,28,6,22,54,36,18,34.146341463414636,7.317073170731707,26.82926829268293,65.85365853658537,43.90243902439025,21.951219512195124
E00043449,123,39,14,25,84,72,12,31.70731707317073,11.38211382113821,20.32520325203252,68.29268292682927,58.536585365853654,9.75609756097561
E00043450,114,32,12,20,82,61,21,28.07017543859649,10.526315789473683,17.543859649122805,71.9298245614035,53.50877192982456,18.421052631578945
E00043451,136,43,11,32,93,77,16,31.61764705882353,8.088235294117647,23.52941176470588,68.38235294117648,56.61764705882353,11.76470588235294
E00043452,119,36,10,26,83,72,11,30.252100840336134,8.403361344537815,21.84873949579832,69.74789915966386,60.50420168067227,9.243697478991598
E00043453,140,46,15,31,94,73,21,32.857142857142854,10.714285714285714,22.142857142857142,67.14285714285714,52.142857142857146,15
E00043454,122,24,9,15,98,77,21,19.672131147540984,7.377049180327869,12.295081967213115,80.32786885245902,63.114754098360656,17.21311475409836
E00043455,141,51,18,33,90,75,15,36.17021276595745,12.76595744680851,23.404255319148938,63.829787234042556,53.191489361702125,10.638297872340425
E00043456,205,47,16,31,158,133,25,22.926829268292686,7.804878048780488,15.121951219512194,77.07317073170732,64.8780487804878,12.195121951219512
E00043457,127,31,16,15,96,80,16,24.409448818897637,12.598425196850393,11.811023622047244,75.59055118110236,62.99212598425197,12.598425196850393
E00043458,91,27,14,13,64,52,12,29.67032967032967,15.384615384615385,14.285714285714285,70.32967032967034,57.14285714285714,13.186813186813188
E00043459,61,18,5,13,43,38,5,29.508196721311474,8.19672131147541,21.311475409836063,70.49180327868852,62.295081967213115,8.19672131147541
E00043460,141,42,15,27,99,80,19,29.78723404255319,10.638297872340425,19.148936170212767,70.2127659574468,56.73758865248227,13.47517730496454
E00043461,154,31,7,24,123,105,18,20.12987012987013,4.545454545454546,15.584415584415584,79.87012987012987,68.18181818181817,11.688311688311687
E00043462,172,43,16,27,129,111,18,25,9.30232558139535,15.69767441860465,75,64.53488372093024,10.465116279069768
E00043463,104,27,8,19,77,68,9,25.961538461538463,7.6923076923076925,18.269230769230766,74.03846153846155,65.38461538461539,8.653846153846153
E00043464,141,30,4,26,111,103,8,21.27659574468085,2.8368794326241136,18.439716312056735,78.72340425531915,73.04964539007092,5.673758865248227
E00043465,106,33,13,20,73,61,12,31.132075471698112,12.264150943396226,18.867924528301888,68.86792452830188,57.54716981132076,11.320754716981133
E00043466,184,45,10,35,139,122,17,24.456521739130434,5.434782608695652,19.021739130434785,75.54347826086956,66.30434782608695,9.239130434782608
E00043467,154,47,14,33,107,101,6,30.519480519480517,9.090909090909092,21.428571428571427,69.48051948051948,65.5844155844156,3.896103896103896
E00043468,92,22,9,13,70,58,12,23.91304347826087,9.782608695652174,14.130434782608695,76.08695652173914,63.04347826086957,13.043478260869565
E00043469,106,38,10,28,68,60,8,35.84905660377358,9.433962264150944,26.41509433962264,64.15094339622641,56.60377358490566,7.547169811320755
E00043470,225,53,12,41,172,143,29,23.555555555555554,5.333333333333334,18.22222222222222,76.44444444444444,63.55555555555556,12.88888888888889
E00043471,124,39,10,29,85,78,7,31.451612903225808,8.064516129032258,23.387096774193548,68.54838709677419,62.903225806451616,5.64516129032258
E00043472,117,45,15,30,72,62,10,38.46153846153847,12.82051282051282,25.64102564102564,61.53846153846154,52.991452991452995,8.547008547008547
E00043473,153,60,15,45,93,86,7,39.21568627450981,9.803921568627452,29.411764705882355,60.78431372549019,56.209150326797385,4.57516339869281
E00043474,103,39,10,29,64,55,9,37.86407766990291,9.70873786407767,28.155339805825243,62.13592233009708,53.398058252427184,8.737864077669903
E00043475,138,41,12,29,97,76,21,29.71014492753623,8.695652173913043,21.014492753623188,70.28985507246377,55.072463768115945,15.217391304347828
E00043476,152,35,10,25,117,101,16,23.026315789473685,6.578947368421052,16.447368421052634,76.97368421052632,66.44736842105263,10.526315789473683
E00043477,198,55,17,38,143,124,19,27.77777777777778,8.585858585858585,19.19191919191919,72.22222222222221,62.62626262626263,9.595959595959595
E00043478,149,40,13,27,109,94,15,26.845637583892618,8.724832214765101,18.120805369127517,73.15436241610739,63.08724832214765,10.06711409395973
E00043479,71,22,6,16,49,46,3,30.985915492957744,8.450704225352112,22.535211267605636,69.01408450704226,64.7887323943662,4.225352112676056
E00043480,140,38,11,27,102,86,16,27.142857142857142,7.857142857142857,19.28571428571429,72.85714285714285,61.42857142857143,11.428571428571429
E00043481,162,48,14,34,114,98,16,29.629629629629626,8.641975308641975,20.98765432098765,70.37037037037037,60.49382716049383,9.876543209876543
E00043482,157,53,13,40,104,94,10,33.75796178343949,8.280254777070063,25.477707006369428,66.2420382165605,59.87261146496815,6.369426751592357
E00043483,136,43,9,34,93,85,8,31.61764705882353,6.61764705882353,25,68.38235294117648,62.5,5.88235294117647
E00043485,136,40,10,30,96,86,10,29.411764705882355,7.352941176470589,22.058823529411764,70.58823529411765,63.23529411764706,7.352941176470589
E00043486,88,26,9,17,62,57,5,29.545454545454547,10.227272727272728,19.318181818181817,70.45454545454545,64.77272727272727,5.681818181818182
E00043487,123,31,9,22,92,82,10,25.203252032520325,7.317073170731707,17.88617886178862,74.79674796747967,66.66666666666666,8.130081300813007
E00043490,144,64,24,40,80,67,13,44.44444444444444,16.666666666666664,27.77777777777778,55.55555555555556,46.52777777777778,9.027777777777777
E00043491,128,47,13,34,81,73,8,36.71875,10.15625,26.5625,63.28125,57.03125,6.25
E00043492,63,25,6,19,38,35,3,39.682539682539684,9.523809523809524,30.158730158730158,60.317460317460316,55.55555555555556,4.761904761904762
E00043493,279,73,19,54,206,177,29,26.16487455197133,6.810035842293908,19.35483870967742,73.83512544802868,63.44086021505376,10.39426523297491
E00043494,147,51,12,39,96,83,13,34.69387755102041,8.16326530612245,26.53061224489796,65.3061224489796,56.4625850340136,8.843537414965986
E00043495,107,21,6,15,86,79,7,19.626168224299064,5.607476635514018,14.018691588785046,80.37383177570094,73.83177570093457,6.5420560747663545
E00043496,127,42,14,28,85,80,5,33.07086614173229,11.023622047244094,22.04724409448819,66.92913385826772,62.99212598425197,3.937007874015748
E00043497,115,48,11,37,67,57,10,41.73913043478261,9.565217391304348,32.17391304347826,58.26086956521739,49.56521739130435,8.695652173913043
E00043498,141,55,10,45,86,79,7,39.00709219858156,7.092198581560284,31.914893617021278,60.99290780141844,56.02836879432624,4.964539007092199
E00043499,93,33,10,23,60,51,9,35.483870967741936,10.75268817204301,24.731182795698924,64.51612903225806,54.83870967741935,9.67741935483871
E00043500,89,31,6,25,58,52,6,34.831460674157306,6.741573033707865,28.08988764044944,65.1685393258427,58.42696629213483,6.741573033707865
E00043501,98,20,8,12,78,68,10,20.408163265306122,8.16326530612245,12.244897959183673,79.59183673469387,69.38775510204081,10.204081632653061
E00043502,79,28,10,18,51,47,4,35.44303797468354,12.658227848101266,22.78481012658228,64.55696202531645,59.49367088607595,5.063291139240507
E00043503,89,28,6,22,61,57,4,31.46067415730337,6.741573033707865,24.719101123595504,68.53932584269663,64.04494382022472,4.49438202247191
E00043504,181,53,18,35,128,118,10,29.2817679558011,9.94475138121547,19.337016574585636,70.71823204419888,65.19337016574586,5.524861878453039
E00043505,132,33,9,24,99,91,8,25,6.8181818181818175,18.181818181818183,75,68.93939393939394,6.0606060606060606
E00043506,110,33,11,22,77,67,10,30,10,20,70,60.909090909090914,9.090909090909092
E00043507,198,57,17,40,141,128,13,28.78787878787879,8.585858585858585,20.2020202020202,71.21212121212122,64.64646464646465,6.565656565656567
E00043508,148,46,4,42,102,93,9,31.08108108108108,2.7027027027027026,28.37837837837838,68.91891891891892,62.83783783783784,6.081081081081082
E00043509,143,42,11,31,101,94,7,29.37062937062937,7.6923076923076925,21.678321678321677,70.62937062937063,65.73426573426573,4.895104895104895
E00043510,145,48,11,37,97,80,17,33.10344827586207,7.586206896551724,25.517241379310345,66.89655172413794,55.172413793103445,11.724137931034482
E00043511,111,25,4,21,86,76,10,22.52252252252252,3.6036036036036037,18.91891891891892,77.47747747747748,68.46846846846847,9.00900900900901
E00043513,94,31,6,25,63,56,7,32.97872340425532,6.382978723404255,26.595744680851062,67.02127659574468,59.57446808510638,7.446808510638298
E00043514,64,20,6,14,44,37,7,31.25,9.375,21.875,68.75,57.8125,10.9375
E00043515,136,37,10,27,99,85,14,27.205882352941174,7.352941176470589,19.852941176470587,72.79411764705883,62.5,10.294117647058822
E00043516,131,45,10,35,86,79,7,34.35114503816794,7.633587786259542,26.717557251908396,65.64885496183206,60.30534351145038,5.343511450381679
E00043517,76,21,8,13,55,48,7,27.631578947368425,10.526315789473683,17.105263157894736,72.36842105263158,63.1578947368421,9.210526315789473
E00043518,132,28,12,16,104,94,10,21.21212121212121,9.090909090909092,12.121212121212121,78.78787878787878,71.21212121212122,7.575757575757576
E00043519,163,47,6,41,116,108,8,28.834355828220858,3.6809815950920246,25.153374233128833,71.16564417177914,66.25766871165644,4.9079754601226995
E00043520,120,28,9,19,92,84,8,23.333333333333332,7.5,15.833333333333332,76.66666666666667,70,6.666666666666667
E00043521,82,23,4,19,59,54,5,28.04878048780488,4.878048780487805,23.170731707317074,71.95121951219512,65.85365853658537,6.097560975609756
E00043522,270,69,13,56,201,183,18,25.555555555555554,4.814814814814815,20.74074074074074,74.44444444444444,67.77777777777779,6.666666666666667
E00043523,160,50,16,34,110,99,11,31.25,10,21.25,68.75,61.875,6.875000000000001
E00043524,125,38,4,34,87,83,4,30.4,3.2,27.200000000000003,69.6,66.4,3.2
E00043525,127,41,13,28,86,71,15,32.28346456692913,10.236220472440944,22.04724409448819,67.71653543307087,55.90551181102362,11.811023622047244
E00043526,112,36,16,20,76,71,5,32.142857142857146,14.285714285714285,17.857142857142858,67.85714285714286,63.39285714285714,4.464285714285714
E00043527,112,53,16,37,59,53,6,47.32142857142857,14.285714285714285,33.035714285714285,52.67857142857143,47.32142857142857,5.357142857142857
E00043528,139,41,13,28,98,92,6,29.496402877697843,9.352517985611511,20.14388489208633,70.50359712230215,66.18705035971223,4.316546762589928
E00043529,118,33,11,22,85,81,4,27.966101694915253,9.322033898305085,18.64406779661017,72.03389830508475,68.64406779661016,3.389830508474576
E00043530,130,45,9,36,85,75,10,34.61538461538461,6.923076923076923,27.692307692307693,65.38461538461539,57.692307692307686,7.6923076923076925
E00043531,91,34,11,23,57,49,8,37.362637362637365,12.087912087912088,25.274725274725274,62.637362637362635,53.84615384615385,8.791208791208792
E00043532,93,28,3,25,65,59,6,30.107526881720432,3.225806451612903,26.881720430107524,69.89247311827957,63.44086021505376,6.451612903225806
E00043533,112,34,11,23,78,69,9,30.357142857142854,9.821428571428571,20.535714285714285,69.64285714285714,61.60714285714286,8.035714285714286
E00043534,136,40,14,26,96,91,5,29.411764705882355,10.294117647058822,19.11764705882353,70.58823529411765,66.91176470588235,3.6764705882352944
E00043536,185,42,13,29,143,129,14,22.702702702702705,7.027027027027027,15.675675675675677,77.29729729729729,69.72972972972973,7.567567567567568
E00043537,130,39,8,31,91,85,6,30,6.153846153846154,23.846153846153847,70,65.38461538461539,4.615384615384616
E00043538,115,43,12,31,72,65,7,37.391304347826086,10.434782608695652,26.956521739130434,62.60869565217392,56.52173913043478,6.086956521739131
E00043539,97,21,7,14,76,71,5,21.649484536082475,7.216494845360824,14.432989690721648,78.35051546391753,73.19587628865979,5.154639175257731
E00043540,68,24,9,15,44,37,7,35.294117647058826,13.23529411764706,22.058823529411764,64.70588235294117,54.41176470588235,10.294117647058822
E00043541,140,53,15,38,87,79,8,37.857142857142854,10.714285714285714,27.142857142857142,62.142857142857146,56.42857142857143,5.714285714285714
E00043542,116,42,13,29,74,60,14,36.206896551724135,11.206896551724139,25,63.793103448275865,51.724137931034484,12.068965517241379
E00043543,142,36,9,27,106,94,12,25.352112676056336,6.338028169014084,19.014084507042252,74.64788732394366,66.19718309859155,8.450704225352112
E00043544,114,32,10,22,82,73,9,28.07017543859649,8.771929824561402,19.298245614035086,71.9298245614035,64.03508771929825,7.894736842105263
E00043545,116,39,10,29,77,63,14,33.62068965517241,8.620689655172415,25,66.37931034482759,54.310344827586206,12.068965517241379
E00043546,117,39,10,29,78,68,10,33.33333333333333,8.547008547008547,24.786324786324787,66.66666666666666,58.119658119658126,8.547008547008547
E00043547,178,48,9,39,130,116,14,26.96629213483146,5.056179775280898,21.910112359550563,73.03370786516854,65.1685393258427,7.865168539325842
E00043548,65,14,0,14,51,45,6,21.53846153846154,0,21.53846153846154,78.46153846153847,69.23076923076923,9.230769230769232
E00043550,99,27,4,23,72,66,6,27.27272727272727,4.040404040404041,23.232323232323232,72.72727272727273,66.66666666666666,6.0606060606060606
E00043551,204,59,11,48,145,128,17,28.921568627450984,5.392156862745098,23.52941176470588,71.07843137254902,62.745098039215684,8.333333333333332
E00043552,101,31,10,21,70,69,1,30.693069306930692,9.900990099009901,20.792079207920793,69.3069306930693,68.31683168316832,0.9900990099009901
E00043553,123,43,13,30,80,74,6,34.959349593495936,10.569105691056912,24.390243902439025,65.04065040650406,60.16260162601627,4.878048780487805
E00043554,157,43,13,30,114,104,10,27.388535031847134,8.280254777070063,19.10828025477707,72.61146496815286,66.2420382165605,6.369426751592357
E00043555,130,37,9,28,93,80,13,28.46153846153846,6.923076923076923,21.53846153846154,71.53846153846153,61.53846153846154,10
E00043556,80,37,11,26,43,36,7,46.25,13.750000000000002,32.5,53.75,45,8.75
E00043557,140,39,11,28,101,86,15,27.857142857142858,7.857142857142857,20,72.14285714285714,61.42857142857143,10.714285714285714
E00043558,107,34,10,24,73,66,7,31.775700934579437,9.345794392523365,22.429906542056074,68.22429906542055,61.6822429906542,6.5420560747663545
E00043559,163,45,15,30,118,111,7,27.607361963190186,9.202453987730062,18.404907975460123,72.39263803680981,68.09815950920245,4.294478527607362
E00043560,155,46,15,31,109,97,12,29.677419354838708,9.67741935483871,20,70.3225806451613,62.58064516129033,7.741935483870968
E00043561,105,41,11,30,64,57,7,39.04761904761905,10.476190476190476,28.57142857142857,60.952380952380956,54.285714285714285,6.666666666666667
E00043562,147,47,10,37,100,95,5,31.97278911564626,6.802721088435375,25.170068027210885,68.02721088435374,64.62585034013605,3.4013605442176873
E00043563,128,38,9,29,90,82,8,29.6875,7.03125,22.65625,70.3125,64.0625,6.25
E00043564,107,32,12,20,75,68,7,29.906542056074763,11.214953271028037,18.69158878504673,70.09345794392523,63.55140186915887,6.5420560747663545
E00043565,146,52,7,45,94,88,6,35.61643835616438,4.794520547945205,30.82191780821918,64.38356164383562,60.273972602739725,4.10958904109589
E00043566,124,28,5,23,96,79,17,22.58064516129032,4.032258064516129,18.548387096774192,77.41935483870968,63.70967741935484,13.709677419354838
E00043568,93,27,5,22,66,59,7,29.03225806451613,5.376344086021505,23.655913978494624,70.96774193548387,63.44086021505376,7.526881720430108
E00043569,87,35,7,28,52,47,5,40.229885057471265,8.045977011494253,32.18390804597701,59.77011494252874,54.02298850574713,5.747126436781609
E00043570,119,35,14,21,84,70,14,29.411764705882355,11.76470588235294,17.647058823529413,70.58823529411765,58.82352941176471,11.76470588235294
E00043571,113,32,8,24,81,78,3,28.31858407079646,7.079646017699115,21.238938053097346,71.68141592920354,69.02654867256636,2.6548672566371683
E00043572,74,26,8,18,48,42,6,35.13513513513514,10.81081081081081,24.324324324324326,64.86486486486487,56.75675675675676,8.108108108108109
E00043573,138,35,9,26,103,87,16,25.36231884057971,6.521739130434782,18.84057971014493,74.63768115942028,63.04347826086957,11.594202898550725
E00043574,62,19,3,16,43,39,4,30.64516129032258,4.838709677419355,25.806451612903224,69.35483870967742,62.903225806451616,6.451612903225806
E00043575,102,32,6,26,70,63,7,31.372549019607842,5.88235294117647,25.49019607843137,68.62745098039215,61.76470588235294,6.862745098039216
E00043576,95,32,12,20,63,54,9,33.68421052631579,12.631578947368421,21.052631578947366,66.3157894736842,56.84210526315789,9.473684210526317
E00043577,83,16,3,13,67,59,8,19.27710843373494,3.614457831325301,15.66265060240964,80.72289156626506,71.08433734939759,9.63855421686747
E00043578,139,41,11,30,98,89,9,29.496402877697843,7.913669064748201,21.58273381294964,70.50359712230215,64.02877697841727,6.474820143884892
E00043579,115,31,8,23,84,79,5,26.956521739130434,6.956521739130435,20,73.04347826086956,68.69565217391305,4.3478260869565215
E00043580,236,59,21,38,177,152,25,25,8.898305084745763,16.101694915254235,75,64.40677966101694,10.59322033898305
E00043581,177,46,9,37,131,115,16,25.98870056497175,5.084745762711865,20.903954802259886,74.01129943502825,64.97175141242938,9.03954802259887
E00043582,183,51,11,40,132,114,18,27.86885245901639,6.0109289617486334,21.85792349726776,72.1311475409836,62.295081967213115,9.836065573770492
E00043583,177,39,9,30,138,117,21,22.033898305084744,5.084745762711865,16.94915254237288,77.96610169491525,66.10169491525424,11.864406779661017
E00043584,136,38,16,22,98,81,17,27.941176470588236,11.76470588235294,16.176470588235293,72.05882352941177,59.55882352941176,12.5
E00043585,167,49,14,35,118,97,21,29.34131736526946,8.383233532934131,20.958083832335326,70.65868263473054,58.08383233532935,12.574850299401197
E00043586,97,41,12,29,56,49,7,42.2680412371134,12.371134020618557,29.896907216494846,57.73195876288659,50.51546391752577,7.216494845360824
E00043587,160,49,10,39,111,100,11,30.625000000000004,6.25,24.375,69.375,62.5,6.875000000000001
E00043588,117,35,15,20,82,66,16,29.914529914529915,12.82051282051282,17.094017094017094,70.08547008547008,56.41025641025641,13.675213675213676
E00043589,146,44,15,29,102,90,12,30.136986301369863,10.273972602739725,19.863013698630137,69.86301369863014,61.64383561643836,8.21917808219178
E00043590,132,37,12,25,95,84,11,28.030303030303028,9.090909090909092,18.939393939393938,71.96969696969697,63.63636363636363,8.333333333333332
E00043591,183,39,11,28,144,125,19,21.311475409836063,6.0109289617486334,15.300546448087433,78.68852459016394,68.30601092896174,10.382513661202186
E00043592,119,29,10,19,90,81,9,24.369747899159663,8.403361344537815,15.966386554621847,75.63025210084034,68.0672268907563,7.563025210084033
E00043593,181,50,12,38,131,115,16,27.624309392265197,6.629834254143646,20.994475138121548,72.37569060773481,63.53591160220995,8.83977900552486
E00043594,148,42,15,27,106,93,13,28.37837837837838,10.135135135135135,18.243243243243242,71.62162162162163,62.83783783783784,8.783783783783784
E00043595,202,64,19,45,138,113,25,31.683168316831683,9.405940594059405,22.277227722772277,68.31683168316832,55.940594059405946,12.376237623762377
E00043596,129,37,16,21,92,76,16,28.68217054263566,12.4031007751938,16.27906976744186,71.31782945736434,58.91472868217055,12.4031007751938
E00043597,132,38,14,24,94,76,18,28.78787878787879,10.606060606060606,18.181818181818183,71.21212121212122,57.57575757575758,13.636363636363635
E00043598,127,47,4,43,80,74,6,37.00787401574803,3.149606299212598,33.85826771653544,62.99212598425197,58.26771653543307,4.724409448818897
E00043599,220,67,20,47,153,128,25,30.454545454545457,9.090909090909092,21.363636363636363,69.54545454545455,58.18181818181818,11.363636363636363
E00043600,154,50,13,37,104,91,13,32.467532467532465,8.441558441558442,24.025974025974026,67.53246753246754,59.09090909090909,8.441558441558442
E00043601,79,24,9,15,55,48,7,30.37974683544304,11.39240506329114,18.9873417721519,69.62025316455697,60.75949367088608,8.860759493670885
E00043602,163,45,14,31,118,99,19,27.607361963190186,8.588957055214724,19.018404907975462,72.39263803680981,60.73619631901841,11.65644171779141
E00043603,130,34,13,21,96,89,7,26.153846153846157,10,16.153846153846153,73.84615384615385,68.46153846153847,5.384615384615385
E00043604,115,36,9,27,79,66,13,31.30434782608696,7.82608695652174,23.47826086956522,68.69565217391305,57.391304347826086,11.304347826086957
E00043605,160,44,13,31,116,108,8,27.500000000000004,8.125,19.375,72.5,67.5,5
E00043606,165,50,15,35,115,102,13,30.303030303030305,9.090909090909092,21.21212121212121,69.6969696969697,61.81818181818181,7.878787878787878
E00043607,154,44,10,34,110,97,13,28.57142857142857,6.493506493506493,22.07792207792208,71.42857142857143,62.98701298701299,8.441558441558442
E00043608,175,43,13,30,132,112,20,24.571428571428573,7.428571428571429,17.142857142857142,75.42857142857143,64,11.428571428571429
E00166120,118,28,8,20,90,80,10,23.728813559322035,6.779661016949152,16.94915254237288,76.27118644067797,67.79661016949152,8.47457627118644
E00166122,140,33,8,25,107,89,18,23.57142857142857,5.714285714285714,17.857142857142858,76.42857142857142,63.57142857142857,12.857142857142856
E00166123,105,25,6,19,80,73,7,23.809523809523807,5.714285714285714,18.095238095238095,76.19047619047619,69.52380952380952,6.666666666666667
E00166125,219,58,13,45,161,137,24,26.48401826484018,5.93607305936073,20.54794520547945,73.51598173515981,62.55707762557078,10.95890410958904
E00166128,216,41,15,26,175,155,20,18.98148148148148,6.944444444444445,12.037037037037036,81.01851851851852,71.75925925925925,9.25925925925926
E00166130,180,39,15,24,141,119,22,21.666666666666668,8.333333333333332,13.333333333333334,78.33333333333333,66.11111111111111,12.222222222222221
E00166131,209,27,3,24,182,165,17,12.918660287081341,1.4354066985645932,11.483253588516746,87.08133971291866,78.94736842105263,8.133971291866029
E00166133,140,35,12,23,105,97,8,25,8.571428571428571,16.428571428571427,75,69.28571428571428,5.714285714285714
E00166135,104,25,8,17,79,73,6,24.03846153846154,7.6923076923076925,16.346153846153847,75.96153846153845,70.1923076923077,5.769230769230769
E00166136,177,25,8,17,152,132,20,14.124293785310735,4.519774011299435,9.6045197740113,85.87570621468926,74.57627118644068,11.299435028248588
E00166138,188,20,6,14,168,149,19,10.638297872340425,3.1914893617021276,7.446808510638298,89.36170212765957,79.25531914893617,10.106382978723403
E00166140,142,30,11,19,112,97,15,21.12676056338028,7.746478873239436,13.380281690140844,78.87323943661971,68.30985915492957,10.56338028169014
E00166141,128,40,13,27,88,72,16,31.25,10.15625,21.09375,68.75,56.25,12.5
E00166143,246,59,19,40,187,172,15,23.983739837398375,7.723577235772358,16.260162601626014,76.01626016260163,69.91869918699187,6.097560975609756
E00166144,116,40,8,32,76,65,11,34.48275862068966,6.896551724137931,27.586206896551722,65.51724137931035,56.03448275862068,9.482758620689655
E00166146,84,41,13,28,43,41,2,48.80952380952381,15.476190476190476,33.33333333333333,51.19047619047619,48.80952380952381,2.380952380952381
E00166148,139,31,9,22,108,99,9,22.302158273381295,6.474820143884892,15.827338129496402,77.6978417266187,71.22302158273382,6.474820143884892
E00166149,121,30,7,23,91,73,18,24.793388429752067,5.785123966942149,19.00826446280992,75.20661157024794,60.33057851239669,14.87603305785124
E00166151,156,38,8,30,118,108,10,24.358974358974358,5.128205128205128,19.230769230769234,75.64102564102564,69.23076923076923,6.41025641025641
E00166153,95,38,12,26,57,52,5,40,12.631578947368421,27.368421052631582,60,54.736842105263165,5.263157894736842
E00166154,41,13,3,10,28,27,1,31.70731707317073,7.317073170731707,24.390243902439025,68.29268292682927,65.85365853658537,2.4390243902439024
E00166156,148,37,8,29,111,92,19,25,5.405405405405405,19.594594594594593,75,62.16216216216216,12.837837837837837
E00166157,284,74,23,51,210,170,40,26.056338028169012,8.098591549295776,17.95774647887324,73.94366197183099,59.859154929577464,14.084507042253522
E00166161,125,28,10,18,97,82,15,22.400000000000002,8,14.399999999999999,77.60000000000001,65.60000000000001,12
E00166162,217,48,15,33,169,148,21,22.119815668202765,6.912442396313365,15.207373271889402,77.88018433179722,68.20276497695853,9.67741935483871
E00166164,145,31,10,21,114,98,16,21.379310344827587,6.896551724137931,14.482758620689657,78.62068965517241,67.58620689655173,11.03448275862069
E00166166,228,65,23,42,163,138,25,28.50877192982456,10.087719298245613,18.421052631578945,71.49122807017544,60.526315789473685,10.964912280701753
E00166167,182,53,21,32,129,118,11,29.120879120879124,11.538461538461538,17.582417582417584,70.87912087912088,64.83516483516483,6.043956043956044
E00190019,182,43,13,30,139,122,17,23.626373626373624,7.142857142857142,16.483516483516482,76.37362637362637,67.03296703296702,9.340659340659341
E00190020,111,27,4,23,84,71,13,24.324324324324326,3.6036036036036037,20.72072072072072,75.67567567567568,63.96396396396396,11.711711711711711
E00190024,98,28,10,18,70,59,11,28.57142857142857,10.204081632653061,18.367346938775512,71.42857142857143,60.204081632653065,11.224489795918368
E00190025,188,45,15,30,143,124,19,23.93617021276596,7.9787234042553195,15.957446808510639,76.06382978723404,65.95744680851064,10.106382978723403
E00190030,223,53,13,40,170,145,25,23.766816143497756,5.829596412556054,17.937219730941703,76.23318385650224,65.02242152466367,11.210762331838566
E00190034,204,43,14,29,161,131,30,21.07843137254902,6.862745098039216,14.215686274509803,78.92156862745098,64.2156862745098,14.705882352941178
E00190036,182,31,5,26,151,136,15,17.032967032967033,2.7472527472527473,14.285714285714285,82.96703296703298,74.72527472527473,8.241758241758241
E00190037,137,33,7,26,104,96,8,24.087591240875913,5.109489051094891,18.97810218978102,75.91240875912408,70.07299270072993,5.839416058394161
E00190039,134,38,9,29,96,81,15,28.35820895522388,6.7164179104477615,21.641791044776117,71.64179104477611,60.447761194029844,11.194029850746269
E00190045,127,24,5,19,103,95,8,18.89763779527559,3.937007874015748,14.960629921259844,81.10236220472441,74.80314960629921,6.299212598425196
E00190046,113,22,5,17,91,87,4,19.469026548672566,4.424778761061947,15.04424778761062,80.53097345132744,76.99115044247787,3.5398230088495577
E00190047,228,43,11,32,185,151,34,18.859649122807017,4.824561403508771,14.035087719298245,81.14035087719299,66.22807017543859,14.912280701754385
E00190048,146,54,13,41,92,81,11,36.986301369863014,8.904109589041095,28.08219178082192,63.013698630136986,55.47945205479452,7.534246575342466
E00190049,116,29,11,18,87,78,9,25,9.482758620689655,15.517241379310345,75,67.24137931034483,7.758620689655173
E00190050,232,42,11,31,190,159,31,18.103448275862068,4.741379310344827,13.36206896551724,81.89655172413794,68.53448275862068,13.36206896551724
E00190052,126,30,10,20,96,86,10,23.809523809523807,7.936507936507936,15.873015873015872,76.19047619047619,68.25396825396825,7.936507936507936
E00190053,169,38,13,25,131,113,18,22.485207100591715,7.6923076923076925,14.792899408284024,77.51479289940828,66.86390532544378,10.650887573964498
E00190055,110,40,10,30,70,62,8,36.36363636363637,9.090909090909092,27.27272727272727,63.63636363636363,56.36363636363636,7.2727272727272725
E00190056,214,42,8,34,172,146,26,19.626168224299064,3.7383177570093453,15.887850467289718,80.37383177570094,68.22429906542055,12.149532710280374
E00190058,67,26,12,14,41,31,10,38.80597014925373,17.91044776119403,20.8955223880597,61.19402985074627,46.26865671641791,14.925373134328357
E00190061,191,44,11,33,147,125,22,23.036649214659686,5.7591623036649215,17.277486910994764,76.96335078534031,65.44502617801047,11.518324607329843
E00190062,241,57,10,47,184,165,19,23.651452282157674,4.149377593360995,19.502074688796682,76.34854771784232,68.46473029045643,7.883817427385892
E00190063,149,43,9,34,106,90,16,28.859060402684566,6.0402684563758395,22.818791946308725,71.14093959731544,60.40268456375839,10.738255033557047
E00190073,131,11,4,7,120,107,13,8.396946564885496,3.0534351145038165,5.343511450381679,91.6030534351145,81.67938931297711,9.923664122137405
E00190075,192,55,19,36,137,113,24,28.645833333333332,9.895833333333332,18.75,71.35416666666666,58.854166666666664,12.5
E00190076,194,39,12,27,155,133,22,20.103092783505154,6.185567010309279,13.917525773195877,79.89690721649485,68.55670103092784,11.34020618556701
E00190078,97,34,9,25,63,47,16,35.051546391752574,9.278350515463918,25.773195876288657,64.94845360824742,48.45360824742268,16.49484536082474
E00190081,154,37,14,23,117,92,25,24.025974025974026,9.090909090909092,14.935064935064934,75.97402597402598,59.74025974025974,16.233766233766232
E00190083,103,37,8,29,66,65,1,35.92233009708738,7.766990291262135,28.155339805825243,64.07766990291263,63.10679611650486,0.9708737864077669
E00190084,195,28,7,21,167,141,26,14.358974358974358,3.5897435897435894,10.76923076923077,85.64102564102564,72.3076923076923,13.333333333333334
E00190085,194,49,18,31,145,124,21,25.257731958762886,9.278350515463918,15.979381443298967,74.74226804123711,63.91752577319587,10.824742268041238
E00190086,143,35,3,32,108,93,15,24.475524475524477,2.097902097902098,22.377622377622377,75.52447552447552,65.03496503496503,10.48951048951049
E00190087,194,24,3,21,170,148,22,12.371134020618557,1.5463917525773196,10.824742268041238,87.62886597938144,76.28865979381443,11.34020618556701
E00190088,138,44,16,28,94,82,12,31.88405797101449,11.594202898550725,20.28985507246377,68.11594202898551,59.42028985507246,8.695652173913043
E00190090,156,32,7,25,124,112,12,20.51282051282051,4.487179487179487,16.025641025641026,79.48717948717949,71.7948717948718,7.6923076923076925
E00190092,128,28,13,15,100,83,17,21.875,10.15625,11.71875,78.125,64.84375,13.28125
E00190094,194,23,9,14,171,136,35,11.855670103092782,4.639175257731959,7.216494845360824,88.14432989690721,70.10309278350515,18.04123711340206
E00190098,182,45,10,35,137,116,21,24.725274725274726,5.4945054945054945,19.230769230769234,75.27472527472527,63.73626373626373,11.538461538461538
E00190099,202,34,8,26,168,148,20,16.831683168316832,3.9603960396039604,12.871287128712872,83.16831683168317,73.26732673267327,9.900990099009901
E00190110,180,42,11,31,138,118,20,23.333333333333332,6.111111111111111,17.22222222222222,76.66666666666667,65.55555555555556,11.11111111111111
E00190112,175,32,14,18,143,120,23,18.285714285714285,8,10.285714285714285,81.71428571428572,68.57142857142857,13.142857142857142
E00190113,208,34,8,26,174,157,17,16.346153846153847,3.8461538461538463,12.5,83.65384615384616,75.48076923076923,8.173076923076923
E00190116,206,53,17,36,153,121,32,25.728155339805824,8.25242718446602,17.475728155339805,74.27184466019418,58.7378640776699,15.53398058252427
E00190122,136,37,8,29,99,85,14,27.205882352941174,5.88235294117647,21.323529411764707,72.79411764705883,62.5,10.294117647058822
E00190123,137,31,8,23,106,97,9,22.62773722627737,5.839416058394161,16.78832116788321,77.37226277372264,70.8029197080292,6.569343065693431
E00190124,260,56,18,38,204,163,41,21.53846153846154,6.923076923076923,14.615384615384617,78.46153846153847,62.69230769230769,15.769230769230768
E00190127,209,42,6,36,167,146,21,20.095693779904305,2.8708133971291865,17.22488038277512,79.90430622009569,69.85645933014354,10.047846889952153
E00190128,93,17,0,17,76,63,13,18.27956989247312,0,18.27956989247312,81.72043010752688,67.74193548387096,13.978494623655912
E00190133,249,26,8,18,223,202,21,10.441767068273093,3.2128514056224895,7.228915662650602,89.5582329317269,81.12449799196787,8.433734939759036
