OA,ts0380001,ts0380002,ts0380003,ts0380004,ts0380005,ts0380006,ts0380007,ts0380002_PCT,ts0380003_PCT,ts0380004_PCT,ts0380005_PCT,ts0380006_PCT,ts0380007_PCT
E00135861,112,22,6,16,90,11,79,19.642857142857142,5.357142857142857,14.285714285714285,80.35714285714286,9.821428571428571,70.53571428571429
E00135862,282,53,14,39,229,24,205,18.79432624113475,4.964539007092199,13.829787234042554,81.20567375886525,8.51063829787234,72.69503546099291
E00135863,140,27,12,15,113,9,104,19.28571428571429,8.571428571428571,10.714285714285714,80.71428571428572,6.428571428571428,74.28571428571429
E00135864,336,72,36,36,264,31,233,21.428571428571427,10.714285714285714,10.714285714285714,78.57142857142857,9.226190476190476,69.34523809523809
E00135867,281,49,16,33,232,20,212,17.437722419928825,5.6939501779359425,11.743772241992882,82.56227758007117,7.11743772241993,75.44483985765125
E00135868,329,50,22,28,279,31,248,15.19756838905775,6.68693009118541,8.51063829787234,84.80243161094225,9.422492401215806,75.37993920972644
E00135869,230,76,44,32,154,16,138,33.04347826086956,19.130434782608695,13.91304347826087,66.95652173913044,6.956521739130435,60
E00135870,213,31,10,21,182,16,166,14.553990610328638,4.694835680751173,9.859154929577464,85.44600938967136,7.511737089201878,77.93427230046949
E00135871,296,42,17,25,254,35,219,14.18918918918919,5.743243243243244,8.445945945945946,85.8108108108108,11.824324324324325,73.98648648648648
E00135872,319,60,13,47,259,17,242,18.808777429467085,4.075235109717868,14.733542319749215,81.19122257053291,5.329153605015674,75.86206896551724
E00135873,383,70,26,44,313,30,283,18.27676240208877,6.7885117493472595,11.488250652741515,81.72323759791122,7.83289817232376,73.89033942558747
E00135874,387,53,16,37,334,36,298,13.695090439276486,4.1343669250646,9.560723514211885,86.30490956072352,9.30232558139535,77.00258397932816
E00135875,563,143,59,84,420,43,377,25.399644760213143,10.479573712255773,14.92007104795737,74.60035523978685,7.63765541740675,66.96269982238012
E00135876,360,85,40,45,275,28,247,23.61111111111111,11.11111111111111,12.5,76.38888888888889,7.777777777777778,68.61111111111111
E00135877,239,77,45,32,162,15,147,32.21757322175732,18.828451882845187,13.389121338912133,67.78242677824268,6.2761506276150625,61.50627615062761
E00135878,244,62,31,31,182,19,163,25.40983606557377,12.704918032786885,12.704918032786885,74.59016393442623,7.786885245901639,66.80327868852459
E00135879,261,55,17,38,206,30,176,21.0727969348659,6.513409961685824,14.559386973180077,78.9272030651341,11.494252873563218,67.43295019157088
E00135880,233,49,19,30,184,30,154,21.030042918454935,8.15450643776824,12.875536480686694,78.96995708154506,12.875536480686694,66.09442060085837
E00135881,218,61,18,43,157,16,141,27.981651376146786,8.256880733944955,19.724770642201836,72.01834862385321,7.339449541284404,64.6788990825688
E00135882,451,91,35,56,360,41,319,20.17738359201774,7.760532150776053,12.416851441241686,79.82261640798227,9.090909090909092,70.73170731707317
E00135883,127,24,9,15,103,13,90,18.89763779527559,7.086614173228346,11.811023622047244,81.10236220472441,10.236220472440944,70.86614173228347
E00135884,191,29,10,19,162,27,135,15.18324607329843,5.2356020942408374,9.947643979057592,84.81675392670157,14.136125654450263,70.68062827225131
E00135885,269,57,20,37,212,23,189,21.189591078066915,7.434944237918216,13.754646840148698,78.81040892193309,8.550185873605948,70.26022304832715
E00135886,264,53,19,34,211,27,184,20.075757575757574,7.196969696969697,12.878787878787879,79.92424242424242,10.227272727272728,69.6969696969697
E00135887,204,43,20,23,161,16,145,21.07843137254902,9.803921568627452,11.27450980392157,78.92156862745098,7.8431372549019605,71.07843137254902
E00135888,480,102,45,57,378,25,353,21.25,9.375,11.875,78.75,5.208333333333334,73.54166666666667
E00135889,266,49,19,30,217,23,194,18.421052631578945,7.142857142857142,11.278195488721805,81.57894736842105,8.646616541353383,72.93233082706767
E00135890,248,44,16,28,204,23,181,17.741935483870968,6.451612903225806,11.29032258064516,82.25806451612904,9.274193548387096,72.98387096774194
E00135891,206,22,6,16,184,16,168,10.679611650485436,2.912621359223301,7.766990291262135,89.32038834951457,7.766990291262135,81.55339805825243
E00135892,436,76,26,50,360,34,326,17.431192660550458,5.963302752293578,11.46788990825688,82.56880733944955,7.79816513761468,74.77064220183486
E00135893,173,38,12,26,135,12,123,21.965317919075144,6.9364161849710975,15.028901734104046,78.03468208092485,6.9364161849710975,71.09826589595376
E00135894,120,24,9,15,96,14,82,20,7.5,12.5,80,11.666666666666666,68.33333333333333
E00135895,126,18,5,13,108,7,101,14.285714285714285,3.968253968253968,10.317460317460316,85.71428571428571,5.555555555555555,80.15873015873017
E00135896,126,24,11,13,102,11,91,19.047619047619047,8.73015873015873,10.317460317460316,80.95238095238095,8.73015873015873,72.22222222222221
E00135897,299,69,28,41,230,26,204,23.076923076923077,9.364548494983277,13.712374581939798,76.92307692307693,8.695652173913043,68.22742474916387
E00135898,231,40,15,25,191,26,165,17.316017316017316,6.493506493506493,10.822510822510822,82.68398268398268,11.255411255411255,71.42857142857143
E00135899,195,51,27,24,144,12,132,26.153846153846157,13.846153846153847,12.307692307692308,73.84615384615385,6.153846153846154,67.6923076923077
E00135900,232,43,24,19,189,23,166,18.53448275862069,10.344827586206897,8.189655172413794,81.46551724137932,9.913793103448276,71.55172413793103
E00135901,183,76,36,40,107,7,100,41.53005464480874,19.672131147540984,21.85792349726776,58.46994535519126,3.825136612021858,54.644808743169406
E00135902,293,62,27,35,231,22,209,21.160409556313994,9.215017064846416,11.945392491467576,78.839590443686,7.508532423208192,71.33105802047781
E00135903,234,60,30,30,174,20,154,25.64102564102564,12.82051282051282,12.82051282051282,74.35897435897436,8.547008547008547,65.8119658119658
E00135904,286,100,39,61,186,21,165,34.96503496503497,13.636363636363635,21.328671328671327,65.03496503496503,7.3426573426573425,57.692307692307686
E00135905,158,38,11,27,120,16,104,24.050632911392405,6.962025316455696,17.088607594936708,75.9493670886076,10.126582278481013,65.82278481012658
E00135906,276,84,30,54,192,29,163,30.434782608695656,10.869565217391305,19.565217391304348,69.56521739130434,10.507246376811594,59.05797101449275
E00135907,236,55,20,35,181,22,159,23.30508474576271,8.47457627118644,14.83050847457627,76.69491525423729,9.322033898305085,67.37288135593221
E00135908,193,60,21,39,133,15,118,31.088082901554404,10.880829015544041,20.207253886010363,68.9119170984456,7.772020725388601,61.13989637305699
E00135909,243,67,31,36,176,24,152,27.572016460905353,12.757201646090536,14.814814814814813,72.42798353909465,9.876543209876543,62.55144032921811
E00135910,212,72,34,38,140,14,126,33.9622641509434,16.037735849056602,17.92452830188679,66.0377358490566,6.60377358490566,59.43396226415094
E00135911,199,48,17,31,151,14,137,24.120603015075375,8.542713567839195,15.577889447236181,75.87939698492463,7.035175879396985,68.84422110552764
E00135912,216,31,10,21,185,13,172,14.351851851851851,4.62962962962963,9.722222222222223,85.64814814814815,6.018518518518518,79.62962962962963
E00135913,334,58,12,46,276,26,250,17.365269461077844,3.592814371257485,13.77245508982036,82.63473053892216,7.784431137724551,74.8502994011976
E00135914,273,69,26,43,204,22,182,25.274725274725274,9.523809523809524,15.75091575091575,74.72527472527473,8.058608058608058,66.66666666666666
E00135915,235,38,15,23,197,16,181,16.170212765957448,6.382978723404255,9.787234042553191,83.82978723404256,6.808510638297872,77.02127659574468
E00135916,257,53,12,41,204,24,180,20.622568093385212,4.669260700389105,15.953307392996107,79.37743190661479,9.33852140077821,70.03891050583657
E00135917,412,66,22,44,346,34,312,16.019417475728158,5.339805825242718,10.679611650485436,83.98058252427184,8.25242718446602,75.72815533980582
E00135918,322,56,19,37,266,32,234,17.391304347826086,5.900621118012422,11.490683229813664,82.6086956521739,9.937888198757763,72.67080745341616
E00135919,160,27,15,12,133,11,122,16.875,9.375,7.5,83.125,6.875000000000001,76.25
E00135920,132,26,8,18,106,11,95,19.696969696969695,6.0606060606060606,13.636363636363635,80.3030303030303,8.333333333333332,71.96969696969697
E00135921,341,64,20,44,277,24,253,18.7683284457478,5.865102639296188,12.903225806451612,81.23167155425219,7.038123167155426,74.19354838709677
E00135922,461,117,43,74,344,39,305,25.379609544468547,9.327548806941431,16.052060737527114,74.62039045553145,8.459869848156181,66.16052060737528
E00135923,387,83,35,48,304,38,266,21.44702842377261,9.043927648578812,12.4031007751938,78.55297157622739,9.819121447028424,68.73385012919897
E00135924,289,47,13,34,242,22,220,16.26297577854671,4.498269896193772,11.76470588235294,83.73702422145328,7.612456747404845,76.12456747404845
E00135925,306,91,35,56,215,28,187,29.73856209150327,11.437908496732026,18.30065359477124,70.26143790849673,9.15032679738562,61.111111111111114
E00135926,286,76,27,49,210,31,179,26.573426573426573,9.44055944055944,17.132867132867133,73.42657342657343,10.839160839160838,62.58741258741259
E00135927,304,79,38,41,225,22,203,25.986842105263158,12.5,13.486842105263158,74.01315789473685,7.236842105263158,66.77631578947368
E00135928,220,62,30,32,158,10,148,28.18181818181818,13.636363636363635,14.545454545454545,71.81818181818181,4.545454545454546,67.27272727272727
E00135929,168,38,19,19,130,12,118,22.61904761904762,11.30952380952381,11.30952380952381,77.38095238095238,7.142857142857142,70.23809523809523
E00135930,127,22,10,12,105,9,96,17.322834645669293,7.874015748031496,9.448818897637794,82.67716535433071,7.086614173228346,75.59055118110236
E00135931,210,46,17,29,164,23,141,21.904761904761905,8.095238095238095,13.80952380952381,78.0952380952381,10.952380952380953,67.14285714285714
E00135932,178,28,9,19,150,14,136,15.730337078651685,5.056179775280898,10.674157303370785,84.26966292134831,7.865168539325842,76.40449438202246
E00135933,299,50,18,32,249,17,232,16.722408026755854,6.0200668896321075,10.702341137123746,83.27759197324414,5.68561872909699,77.59197324414716
E00135934,221,47,18,29,174,13,161,21.266968325791854,8.144796380090497,13.122171945701359,78.73303167420815,5.88235294117647,72.85067873303167
E00135935,186,44,17,27,142,14,128,23.655913978494624,9.13978494623656,14.516129032258066,76.34408602150538,7.526881720430108,68.81720430107528
E00135936,196,61,28,33,135,15,120,31.122448979591837,14.285714285714285,16.83673469387755,68.87755102040816,7.653061224489796,61.224489795918366
E00135937,109,19,6,13,90,10,80,17.431192660550458,5.5045871559633035,11.926605504587156,82.56880733944955,9.174311926605505,73.39449541284404
E00135938,329,68,22,46,261,22,239,20.66869300911854,6.68693009118541,13.98176291793313,79.33130699088146,6.68693009118541,72.64437689969606
E00135939,270,83,35,48,187,13,174,30.74074074074074,12.962962962962962,17.77777777777778,69.25925925925925,4.814814814814815,64.44444444444444
E00135940,341,71,22,49,270,41,229,20.821114369501466,6.451612903225806,14.369501466275661,79.17888563049853,12.023460410557185,67.15542521994135
E00135941,341,92,40,52,249,19,230,26.97947214076246,11.730205278592376,15.249266862170089,73.02052785923753,5.571847507331378,67.44868035190615
E00135942,187,23,12,11,164,17,147,12.299465240641712,6.417112299465241,5.88235294117647,87.70053475935828,9.090909090909092,78.6096256684492
E00135943,252,72,34,38,180,25,155,28.57142857142857,13.492063492063492,15.079365079365079,71.42857142857143,9.920634920634921,61.50793650793651
E00135944,310,49,21,28,261,27,234,15.806451612903224,6.774193548387098,9.032258064516128,84.19354838709677,8.709677419354838,75.48387096774194
E00135945,328,64,24,40,264,33,231,19.51219512195122,7.317073170731707,12.195121951219512,80.48780487804879,10.060975609756099,70.42682926829268
E00135946,198,37,15,22,161,17,144,18.68686868686869,7.575757575757576,11.11111111111111,81.31313131313132,8.585858585858585,72.72727272727273
E00135947,203,46,20,26,157,21,136,22.660098522167488,9.852216748768473,12.807881773399016,77.33990147783251,10.344827586206897,66.99507389162561
E00135948,225,55,24,31,170,18,152,24.444444444444443,10.666666666666668,13.777777777777779,75.55555555555556,8,67.55555555555556
E00135949,266,79,29,50,187,32,155,29.69924812030075,10.902255639097744,18.796992481203006,70.30075187969925,12.030075187969924,58.27067669172933
E00135950,173,35,11,24,138,18,120,20.23121387283237,6.358381502890173,13.872832369942195,79.76878612716763,10.404624277456648,69.36416184971098
E00135951,155,24,9,15,131,12,119,15.483870967741936,5.806451612903226,9.67741935483871,84.51612903225806,7.741935483870968,76.77419354838709
E00135952,252,59,30,29,193,23,170,23.41269841269841,11.904761904761903,11.507936507936508,76.5873015873016,9.126984126984127,67.46031746031747
E00135953,263,57,21,36,206,18,188,21.673003802281368,7.984790874524715,13.688212927756654,78.32699619771863,6.844106463878327,71.48288973384031
E00135954,203,53,23,30,150,17,133,26.108374384236456,11.330049261083744,14.77832512315271,73.89162561576354,8.374384236453201,65.51724137931035
E00135956,205,63,23,40,142,16,126,30.73170731707317,11.219512195121952,19.51219512195122,69.26829268292683,7.804878048780488,61.46341463414634
E00135957,479,133,64,69,346,29,317,27.766179540709814,13.361169102296449,14.40501043841336,72.23382045929019,6.05427974947808,66.17954070981212
E00135958,206,51,22,29,155,18,137,24.75728155339806,10.679611650485436,14.077669902912621,75.24271844660194,8.737864077669903,66.50485436893204
E00135959,293,51,12,39,242,17,225,17.4061433447099,4.09556313993174,13.310580204778159,82.5938566552901,5.802047781569966,76.79180887372013
E00135960,292,78,36,42,214,16,198,26.71232876712329,12.32876712328767,14.383561643835616,73.28767123287672,5.47945205479452,67.8082191780822
E00135961,324,81,32,49,243,23,220,25,9.876543209876543,15.123456790123457,75,7.098765432098765,67.90123456790124
E00135963,221,75,34,41,146,10,136,33.93665158371041,15.384615384615385,18.552036199095024,66.06334841628959,4.524886877828054,61.53846153846154
E00135964,216,48,17,31,168,23,145,22.22222222222222,7.87037037037037,14.351851851851851,77.77777777777779,10.648148148148149,67.12962962962963
E00135965,274,63,19,44,211,18,193,22.99270072992701,6.934306569343065,16.05839416058394,77.00729927007299,6.569343065693431,70.43795620437956
E00135966,176,46,22,24,130,14,116,26.136363636363637,12.5,13.636363636363635,73.86363636363636,7.954545454545454,65.9090909090909
E00135967,171,41,19,22,130,12,118,23.976608187134502,11.11111111111111,12.865497076023392,76.0233918128655,7.017543859649122,69.00584795321637
E00135968,246,68,30,38,178,16,162,27.64227642276423,12.195121951219512,15.447154471544716,72.35772357723577,6.504065040650407,65.85365853658537
E00135969,201,37,12,25,164,10,154,18.407960199004975,5.970149253731343,12.437810945273633,81.59203980099502,4.975124378109453,76.61691542288557
E00135970,241,64,25,39,177,24,153,26.556016597510375,10.37344398340249,16.182572614107883,73.44398340248964,9.95850622406639,63.48547717842323
E00135971,310,75,32,43,235,27,208,24.193548387096776,10.32258064516129,13.870967741935484,75.80645161290323,8.709677419354838,67.0967741935484
E00135972,248,50,24,26,198,23,175,20.161290322580644,9.67741935483871,10.483870967741936,79.83870967741935,9.274193548387096,70.56451612903226
E00135973,589,133,70,63,456,39,417,22.58064516129032,11.884550084889643,10.69609507640068,77.41935483870968,6.621392190152801,70.79796264855688
E00135974,290,65,26,39,225,19,206,22.413793103448278,8.96551724137931,13.448275862068964,77.58620689655173,6.551724137931035,71.03448275862068
E00135975,406,82,27,55,324,34,290,20.19704433497537,6.65024630541872,13.546798029556651,79.80295566502463,8.374384236453201,71.42857142857143
E00135976,269,45,14,31,224,23,201,16.728624535315987,5.204460966542751,11.524163568773234,83.27137546468401,8.550185873605948,74.72118959107806
E00135977,305,58,18,40,247,22,225,19.01639344262295,5.901639344262295,13.114754098360656,80.98360655737706,7.213114754098362,73.77049180327869
E00135978,327,53,19,34,274,28,246,16.207951070336392,5.81039755351682,10.397553516819572,83.79204892966361,8.56269113149847,75.22935779816514
E00135979,302,86,44,42,216,17,199,28.47682119205298,14.56953642384106,13.90728476821192,71.52317880794702,5.629139072847682,65.89403973509934
E00135980,264,53,12,41,211,25,186,20.075757575757574,4.545454545454546,15.530303030303031,79.92424242424242,9.469696969696969,70.45454545454545
E00135981,277,59,22,37,218,24,194,21.299638989169676,7.9422382671480145,13.357400722021662,78.70036101083032,8.664259927797833,70.03610108303249
E00135982,290,41,22,19,249,36,213,14.13793103448276,7.586206896551724,6.551724137931035,85.86206896551725,12.413793103448276,73.44827586206897
E00135983,276,47,19,28,229,23,206,17.02898550724638,6.884057971014493,10.144927536231885,82.97101449275362,8.333333333333332,74.63768115942028
E00135984,273,55,20,35,218,26,192,20.146520146520146,7.326007326007327,12.82051282051282,79.85347985347985,9.523809523809524,70.32967032967034
E00135985,295,56,16,40,239,23,216,18.983050847457626,5.423728813559322,13.559322033898304,81.01694915254237,7.796610169491526,73.22033898305085
E00135986,283,44,23,21,239,28,211,15.547703180212014,8.12720848056537,7.420494699646643,84.45229681978799,9.89399293286219,74.55830388692578
E00135987,281,36,7,29,245,16,229,12.811387900355871,2.491103202846975,10.320284697508896,87.18861209964413,5.6939501779359425,81.49466192170819
E00135988,302,61,26,35,241,24,217,20.198675496688743,8.609271523178808,11.589403973509933,79.80132450331125,7.9470198675496695,71.8543046357616
E00135989,239,46,15,31,193,21,172,19.246861924686193,6.2761506276150625,12.97071129707113,80.75313807531381,8.786610878661087,71.96652719665272
E00135990,287,63,25,38,224,25,199,21.951219512195124,8.710801393728223,13.240418118466899,78.04878048780488,8.710801393728223,69.33797909407666
E00135991,282,70,39,31,212,20,192,24.822695035460992,13.829787234042554,10.99290780141844,75.177304964539,7.092198581560284,68.08510638297872
E00135992,281,70,31,39,211,28,183,24.91103202846975,11.032028469750891,13.87900355871886,75.08896797153025,9.9644128113879,65.12455516014235
E00135993,264,64,25,39,200,12,188,24.242424242424242,9.469696969696969,14.772727272727273,75.75757575757575,4.545454545454546,71.21212121212122
E00135994,288,85,39,46,203,23,180,29.51388888888889,13.541666666666666,15.972222222222221,70.48611111111111,7.986111111111111,62.5
E00135995,352,63,25,38,289,25,264,17.897727272727273,7.1022727272727275,10.795454545454545,82.10227272727273,7.1022727272727275,75
E00135996,313,70,31,39,243,23,220,22.364217252396166,9.904153354632587,12.460063897763577,77.63578274760383,7.348242811501597,70.28753993610223
E00135997,258,53,17,36,205,20,185,20.54263565891473,6.5891472868217065,13.953488372093023,79.45736434108527,7.751937984496124,71.70542635658916
E00135998,339,74,41,33,265,24,241,21.828908554572273,12.094395280235988,9.734513274336283,78.17109144542773,7.079646017699115,71.09144542772862
E00135999,293,80,30,50,213,31,182,27.303754266211605,10.238907849829351,17.064846416382252,72.6962457337884,10.580204778156997,62.116040955631405
E00136000,206,62,28,34,144,10,134,30.097087378640776,13.592233009708737,16.50485436893204,69.90291262135922,4.854368932038835,65.0485436893204
E00136001,461,142,80,62,319,30,289,30.80260303687636,17.35357917570499,13.449023861171366,69.19739696312365,6.507592190889371,62.68980477223427
E00136002,247,61,23,38,186,15,171,24.696356275303643,9.31174089068826,15.384615384615385,75.30364372469636,6.0728744939271255,69.23076923076923
E00136003,265,77,32,45,188,26,162,29.056603773584904,12.075471698113208,16.9811320754717,70.94339622641509,9.811320754716983,61.13207547169811
E00136004,383,93,35,58,290,30,260,24.281984334203656,9.138381201044385,15.143603133159269,75.71801566579634,7.83289817232376,67.88511749347258
E00136005,343,99,36,63,244,31,213,28.86297376093295,10.495626822157435,18.367346938775512,71.13702623906705,9.037900874635568,62.09912536443149
E00136006,290,56,20,36,234,36,198,19.310344827586206,6.896551724137931,12.413793103448276,80.6896551724138,12.413793103448276,68.27586206896552
E00136007,250,92,51,41,158,16,142,36.8,20.4,16.400000000000002,63.2,6.4,56.8
E00136008,358,98,36,62,260,31,229,27.37430167597765,10.05586592178771,17.318435754189945,72.62569832402235,8.659217877094973,63.96648044692738
E00136009,274,70,28,42,204,27,177,25.547445255474454,10.218978102189782,15.328467153284672,74.45255474452554,9.854014598540147,64.59854014598541
E00136010,335,93,50,43,242,24,218,27.761194029850746,14.925373134328357,12.835820895522387,72.23880597014926,7.164179104477612,65.07462686567163
E00136011,230,57,20,37,173,18,155,24.782608695652176,8.695652173913043,16.08695652173913,75.21739130434783,7.82608695652174,67.3913043478261
E00136012,256,82,32,50,174,17,157,32.03125,12.5,19.53125,67.96875,6.640625,61.328125
E00136013,308,83,33,50,225,23,202,26.948051948051948,10.714285714285714,16.233766233766232,73.05194805194806,7.467532467532467,65.5844155844156
E00136014,286,63,20,43,223,30,193,22.02797202797203,6.993006993006993,15.034965034965033,77.97202797202797,10.48951048951049,67.48251748251748
E00136015,192,57,25,32,135,14,121,29.6875,13.020833333333334,16.666666666666664,70.3125,7.291666666666667,63.020833333333336
E00136016,263,65,26,39,198,20,178,24.714828897338403,9.885931558935361,14.82889733840304,75.2851711026616,7.604562737642586,67.68060836501901
E00136017,247,53,26,27,194,19,175,21.45748987854251,10.526315789473683,10.931174089068826,78.54251012145748,7.6923076923076925,70.8502024291498
E00136018,258,63,24,39,195,8,187,24.418604651162788,9.30232558139535,15.11627906976744,75.5813953488372,3.10077519379845,72.48062015503875
E00136019,304,45,13,32,259,36,223,14.802631578947366,4.276315789473684,10.526315789473683,85.19736842105263,11.842105263157894,73.35526315789474
E00136020,266,82,25,57,184,18,166,30.82706766917293,9.398496240601503,21.428571428571427,69.17293233082707,6.7669172932330826,62.40601503759399
E00136021,183,32,11,21,151,16,135,17.48633879781421,6.0109289617486334,11.475409836065573,82.5136612021858,8.743169398907105,73.77049180327869
E00136022,253,86,35,51,167,27,140,33.99209486166008,13.83399209486166,20.158102766798418,66.00790513833992,10.67193675889328,55.33596837944664
E00136023,223,55,23,32,168,22,146,24.663677130044842,10.31390134529148,14.349775784753364,75.33632286995515,9.865470852017937,65.47085201793722
E00136024,115,41,25,16,74,7,67,35.65217391304348,21.73913043478261,13.91304347826087,64.34782608695652,6.086956521739131,58.26086956521739
E00136025,269,73,26,47,196,21,175,27.137546468401485,9.66542750929368,17.472118959107807,72.86245353159852,7.806691449814126,65.05576208178438
E00136026,237,77,30,47,160,14,146,32.48945147679325,12.658227848101266,19.831223628691983,67.51054852320675,5.9071729957805905,61.60337552742617
E00136027,268,63,32,31,205,22,183,23.507462686567166,11.940298507462686,11.567164179104477,76.49253731343283,8.208955223880597,68.28358208955224
E00136028,220,38,11,27,182,26,156,17.272727272727273,5,12.272727272727273,82.72727272727273,11.818181818181818,70.9090909090909
E00136029,319,85,43,42,234,16,218,26.64576802507837,13.479623824451412,13.166144200626958,73.35423197492163,5.015673981191222,68.3385579937304
E00136030,303,73,24,49,230,19,211,24.09240924092409,7.920792079207921,16.17161716171617,75.9075907590759,6.270627062706271,69.63696369636963
E00136031,348,114,53,61,234,21,213,32.758620689655174,15.229885057471265,17.52873563218391,67.24137931034483,6.0344827586206895,61.206896551724135
E00136032,276,45,14,31,231,24,207,16.304347826086957,5.072463768115942,11.231884057971014,83.69565217391305,8.695652173913043,75
E00136033,392,90,32,58,302,30,272,22.95918367346939,8.16326530612245,14.795918367346939,77.04081632653062,7.653061224489796,69.38775510204081
E00136034,278,60,18,42,218,19,199,21.58273381294964,6.474820143884892,15.107913669064748,78.41726618705036,6.83453237410072,71.58273381294964
E00136035,264,71,23,48,193,21,172,26.89393939393939,8.712121212121213,18.181818181818183,73.10606060606061,7.954545454545454,65.15151515151516
E00136036,334,88,19,69,246,25,221,26.34730538922156,5.688622754491018,20.65868263473054,73.65269461077844,7.48502994011976,66.1676646706587
E00136037,314,61,20,41,253,16,237,19.426751592356688,6.369426751592357,13.05732484076433,80.57324840764332,5.095541401273886,75.47770700636943
E00136038,368,96,36,60,272,21,251,26.08695652173913,9.782608695652174,16.304347826086957,73.91304347826086,5.706521739130435,68.20652173913044
E00136039,206,69,26,43,137,18,119,33.49514563106796,12.62135922330097,20.87378640776699,66.50485436893204,8.737864077669903,57.76699029126213
E00136040,240,78,37,41,162,11,151,32.5,15.416666666666668,17.083333333333332,67.5,4.583333333333333,62.916666666666664
E00136041,244,65,22,43,179,15,164,26.639344262295083,9.01639344262295,17.62295081967213,73.36065573770492,6.147540983606557,67.21311475409836
E00136042,257,49,9,40,208,18,190,19.06614785992218,3.501945525291829,15.56420233463035,80.93385214007782,7.003891050583658,73.92996108949417
E00136043,288,49,15,34,239,31,208,17.01388888888889,5.208333333333334,11.805555555555555,82.98611111111111,10.76388888888889,72.22222222222221
E00136044,274,50,14,36,224,26,198,18.248175182481752,5.109489051094891,13.138686131386862,81.75182481751825,9.48905109489051,72.26277372262774
E00136045,273,49,14,35,224,28,196,17.94871794871795,5.128205128205128,12.82051282051282,82.05128205128204,10.256410256410255,71.7948717948718
E00136046,310,54,28,26,256,30,226,17.419354838709676,9.032258064516128,8.38709677419355,82.58064516129032,9.67741935483871,72.90322580645162
E00136047,353,85,33,52,268,21,247,24.07932011331445,9.34844192634561,14.730878186968837,75.92067988668555,5.94900849858357,69.97167138810198
E00136048,267,60,20,40,207,31,176,22.47191011235955,7.490636704119851,14.981273408239701,77.52808988764045,11.610486891385769,65.91760299625467
E00136049,345,75,24,51,270,19,251,21.73913043478261,6.956521739130435,14.782608695652174,78.26086956521739,5.507246376811594,72.7536231884058
E00136051,332,83,31,52,249,40,209,25,9.33734939759036,15.66265060240964,75,12.048192771084338,62.951807228915655
E00136052,420,110,71,39,310,23,287,26.190476190476193,16.904761904761905,9.285714285714286,73.80952380952381,5.476190476190476,68.33333333333333
E00136053,262,71,32,39,191,15,176,27.099236641221374,12.213740458015266,14.885496183206106,72.90076335877863,5.7251908396946565,67.17557251908397
E00136054,300,90,49,41,210,15,195,30,16.333333333333332,13.666666666666666,70,5,65
E00136055,304,59,26,33,245,34,211,19.407894736842106,8.552631578947368,10.855263157894738,80.5921052631579,11.18421052631579,69.4078947368421
E00136056,353,100,52,48,253,24,229,28.328611898016998,14.730878186968837,13.59773371104816,71.671388101983,6.79886685552408,64.87252124645893
E00136057,509,127,90,37,382,42,340,24.95088408644401,17.68172888015717,7.269155206286837,75.049115913556,8.25147347740668,66.7976424361493
E00136058,350,60,21,39,290,31,259,17.142857142857142,6,11.142857142857142,82.85714285714286,8.857142857142856,74
E00136059,305,63,23,40,242,20,222,20.655737704918035,7.540983606557377,13.114754098360656,79.34426229508198,6.557377049180328,72.78688524590164
E00136060,428,95,42,53,333,33,300,22.19626168224299,9.813084112149532,12.383177570093459,77.80373831775701,7.710280373831775,70.09345794392523
E00136062,163,41,12,29,122,16,106,25.153374233128833,7.361963190184049,17.791411042944784,74.84662576687117,9.815950920245399,65.03067484662577
E00136063,231,42,15,27,189,37,152,18.181818181818183,6.493506493506493,11.688311688311687,81.81818181818183,16.017316017316016,65.80086580086581
E00136064,279,90,44,46,189,33,156,32.25806451612903,15.770609318996415,16.48745519713262,67.74193548387096,11.827956989247312,55.91397849462365
E00136065,187,38,18,20,149,14,135,20.32085561497326,9.62566844919786,10.695187165775401,79.67914438502673,7.4866310160427805,72.19251336898395
E00136066,300,88,40,48,212,21,191,29.333333333333332,13.333333333333334,16,70.66666666666667,7.000000000000001,63.66666666666667
E00136067,214,48,14,34,166,23,143,22.429906542056074,6.5420560747663545,15.887850467289718,77.57009345794393,10.74766355140187,66.82242990654206
E00136068,213,60,27,33,153,19,134,28.169014084507044,12.676056338028168,15.492957746478872,71.83098591549296,8.92018779342723,62.91079812206573
E00136069,320,73,35,38,247,16,231,22.8125,10.9375,11.875,77.1875,5,72.1875
E00136070,466,91,32,59,375,47,328,19.527896995708154,6.866952789699571,12.660944206008583,80.47210300429185,10.085836909871244,70.3862660944206
E00136071,216,26,7,19,190,12,178,12.037037037037036,3.2407407407407405,8.796296296296296,87.96296296296296,5.555555555555555,82.4074074074074
E00136072,354,67,23,44,287,40,247,18.926553672316384,6.497175141242938,12.429378531073446,81.07344632768361,11.299435028248588,69.77401129943502
E00136073,210,38,10,28,172,10,162,18.095238095238095,4.761904761904762,13.333333333333334,81.9047619047619,4.761904761904762,77.14285714285715
E00136074,204,25,11,14,179,20,159,12.254901960784313,5.392156862745098,6.862745098039216,87.74509803921569,9.803921568627452,77.94117647058823
E00136075,130,31,14,17,99,6,93,23.846153846153847,10.76923076923077,13.076923076923078,76.15384615384615,4.615384615384616,71.53846153846153
E00136076,217,63,29,34,154,25,129,29.03225806451613,13.36405529953917,15.668202764976957,70.96774193548387,11.52073732718894,59.44700460829493
E00136077,318,64,23,41,254,33,221,20.125786163522015,7.232704402515723,12.89308176100629,79.87421383647799,10.377358490566039,69.49685534591194
E00136078,179,37,14,23,142,17,125,20.670391061452513,7.82122905027933,12.849162011173185,79.3296089385475,9.497206703910614,69.83240223463687
E00136079,276,51,23,28,225,31,194,18.478260869565215,8.333333333333332,10.144927536231885,81.52173913043478,11.231884057971014,70.28985507246377
E00136080,232,70,45,25,162,17,145,30.17241379310345,19.396551724137932,10.775862068965516,69.82758620689656,7.327586206896551,62.5
E00136081,213,70,35,35,143,16,127,32.863849765258216,16.431924882629108,16.431924882629108,67.13615023474179,7.511737089201878,59.624413145539904
E00136082,200,53,25,28,147,20,127,26.5,12.5,14.000000000000002,73.5,10,63.5
E00136083,237,59,27,32,178,13,165,24.894514767932492,11.39240506329114,13.502109704641349,75.10548523206751,5.485232067510549,69.62025316455697
E00136084,158,31,9,22,127,13,114,19.62025316455696,5.69620253164557,13.924050632911392,80.37974683544303,8.227848101265822,72.15189873417721
E00136085,201,52,28,24,149,17,132,25.870646766169152,13.930348258706468,11.940298507462686,74.12935323383084,8.45771144278607,65.67164179104478
E00136086,429,103,42,61,326,30,296,24.00932400932401,9.79020979020979,14.219114219114218,75.990675990676,6.993006993006993,68.997668997669
E00136087,168,36,17,19,132,12,120,21.428571428571427,10.119047619047619,11.30952380952381,78.57142857142857,7.142857142857142,71.42857142857143
E00136088,144,38,9,29,106,15,91,26.38888888888889,6.25,20.13888888888889,73.61111111111111,10.416666666666668,63.19444444444444
E00136089,253,42,20,22,211,19,192,16.600790513833992,7.905138339920949,8.695652173913043,83.399209486166,7.5098814229249005,75.8893280632411
E00136090,250,65,21,44,185,24,161,26,8.4,17.599999999999998,74,9.6,64.4
E00136091,349,65,20,45,284,29,255,18.624641833810887,5.730659025787966,12.893982808022923,81.37535816618912,8.30945558739255,73.06590257879655
E00136092,241,41,10,31,200,23,177,17.012448132780083,4.149377593360995,12.863070539419086,82.98755186721992,9.54356846473029,73.44398340248964
E00136093,322,51,18,33,271,32,239,15.838509316770185,5.590062111801243,10.248447204968944,84.16149068322981,9.937888198757763,74.22360248447205
E00136095,160,30,13,17,130,18,112,18.75,8.125,10.625,81.25,11.25,70
E00136096,320,48,10,38,272,27,245,15,3.125,11.875,85,8.4375,76.5625
E00136097,375,65,15,50,310,33,277,17.333333333333336,4,13.333333333333334,82.66666666666667,8.799999999999999,73.86666666666667
E00136098,258,52,14,38,206,18,188,20.155038759689923,5.426356589147287,14.728682170542637,79.84496124031007,6.976744186046512,72.86821705426357
E00136099,264,71,24,47,193,21,172,26.89393939393939,9.090909090909092,17.803030303030305,73.10606060606061,7.954545454545454,65.15151515151516
E00136100,243,48,15,33,195,17,178,19.753086419753085,6.172839506172839,13.580246913580247,80.24691358024691,6.995884773662551,73.25102880658436
E00136101,351,75,31,44,276,32,244,21.367521367521366,8.831908831908832,12.535612535612536,78.63247863247864,9.116809116809117,69.51566951566952
E00136102,364,53,20,33,311,31,280,14.560439560439562,5.4945054945054945,9.065934065934066,85.43956043956044,8.516483516483516,76.92307692307693
E00136103,448,114,33,81,334,40,294,25.44642857142857,7.366071428571429,18.080357142857142,74.55357142857143,8.928571428571429,65.625
E00136104,230,62,30,32,168,26,142,26.956521739130434,13.043478260869565,13.91304347826087,73.04347826086956,11.304347826086957,61.73913043478261
E00136105,238,63,23,40,175,23,152,26.47058823529412,9.663865546218489,16.80672268907563,73.52941176470588,9.663865546218489,63.86554621848739
E00136106,284,59,22,37,225,27,198,20.774647887323944,7.746478873239436,13.028169014084506,79.22535211267606,9.507042253521126,69.71830985915493
E00136107,314,63,20,43,251,31,220,20.063694267515924,6.369426751592357,13.694267515923567,79.93630573248409,9.872611464968154,70.06369426751591
E00136108,282,52,14,38,230,43,187,18.439716312056735,4.964539007092199,13.47517730496454,81.56028368794325,15.24822695035461,66.31205673758865
E00136109,264,49,17,32,215,23,192,18.560606060606062,6.4393939393939394,12.121212121212121,81.43939393939394,8.712121212121213,72.72727272727273
E00136110,205,37,15,22,168,20,148,18.048780487804876,7.317073170731707,10.731707317073171,81.95121951219512,9.75609756097561,72.1951219512195
E00136111,201,73,34,39,128,17,111,36.318407960199,16.91542288557214,19.402985074626866,63.681592039801,8.45771144278607,55.223880597014926
E00136112,196,61,28,33,135,12,123,31.122448979591837,14.285714285714285,16.83673469387755,68.87755102040816,6.122448979591836,62.755102040816325
E00136113,315,112,62,50,203,21,182,35.55555555555556,19.682539682539684,15.873015873015872,64.44444444444444,6.666666666666667,57.77777777777777
E00136114,235,49,27,22,186,13,173,20.851063829787233,11.48936170212766,9.361702127659575,79.14893617021276,5.531914893617021,73.61702127659574
E00136115,230,38,5,33,192,32,160,16.52173913043478,2.1739130434782608,14.347826086956522,83.47826086956522,13.91304347826087,69.56521739130434
E00136116,251,58,20,38,193,18,175,23.107569721115535,7.968127490039841,15.139442231075698,76.89243027888446,7.171314741035857,69.7211155378486
E00136117,272,65,22,43,207,18,189,23.897058823529413,8.088235294117647,15.808823529411764,76.10294117647058,6.61764705882353,69.48529411764706
E00136118,204,48,17,31,156,18,138,23.52941176470588,8.333333333333332,15.196078431372548,76.47058823529412,8.823529411764707,67.64705882352942
E00136119,276,56,18,38,220,25,195,20.28985507246377,6.521739130434782,13.768115942028986,79.71014492753623,9.057971014492754,70.65217391304348
E00136120,275,83,40,43,192,18,174,30.181818181818183,14.545454545454545,15.636363636363637,69.81818181818183,6.545454545454546,63.272727272727266
E00136121,155,48,27,21,107,15,92,30.967741935483872,17.419354838709676,13.548387096774196,69.03225806451613,9.67741935483871,59.354838709677416
E00136122,286,61,22,39,225,14,211,21.328671328671327,7.6923076923076925,13.636363636363635,78.67132867132867,4.895104895104895,73.77622377622379
E00136123,159,39,18,21,120,16,104,24.528301886792452,11.320754716981133,13.20754716981132,75.47169811320755,10.062893081761008,65.40880503144653
E00136124,431,94,21,73,337,54,283,21.809744779582367,4.872389791183294,16.937354988399072,78.19025522041764,12.529002320185615,65.66125290023201
E00136125,221,41,14,27,180,20,160,18.552036199095024,6.334841628959276,12.217194570135746,81.44796380090497,9.049773755656108,72.39819004524887
E00136126,273,66,30,36,207,33,174,24.175824175824175,10.989010989010989,13.186813186813188,75.82417582417582,12.087912087912088,63.73626373626373
E00136127,291,76,36,40,215,25,190,26.11683848797251,12.371134020618557,13.745704467353953,73.8831615120275,8.59106529209622,65.29209621993127
E00136128,256,49,25,24,207,20,187,19.140625,9.765625,9.375,80.859375,7.8125,73.046875
E00136129,249,49,19,30,200,22,178,19.67871485943775,7.630522088353414,12.048192771084338,80.32128514056225,8.835341365461847,71.4859437751004
E00136130,242,50,17,33,192,26,166,20.66115702479339,7.024793388429752,13.636363636363635,79.33884297520662,10.743801652892563,68.59504132231406
E00136131,312,77,46,31,235,21,214,24.679487179487182,14.743589743589745,9.935897435897436,75.32051282051282,6.730769230769231,68.58974358974359
E00136132,293,78,32,46,215,36,179,26.621160409556317,10.921501706484642,15.699658703071673,73.37883959044369,12.286689419795222,61.092150170648466
E00136133,329,70,34,36,259,18,241,21.27659574468085,10.33434650455927,10.94224924012158,78.72340425531915,5.47112462006079,73.25227963525836
E00136134,315,58,21,37,257,22,235,18.412698412698415,6.666666666666667,11.746031746031745,81.58730158730158,6.984126984126984,74.60317460317461
E00136135,368,68,16,52,300,32,268,18.478260869565215,4.3478260869565215,14.130434782608695,81.52173913043478,8.695652173913043,72.82608695652173
E00136136,255,66,22,44,189,34,155,25.882352941176475,8.627450980392156,17.254901960784313,74.11764705882354,13.333333333333334,60.78431372549019
E00136137,253,58,26,32,195,17,178,22.92490118577075,10.276679841897234,12.648221343873518,77.07509881422925,6.719367588932807,70.35573122529645
E00136138,320,64,16,48,256,18,238,20,5,15,80,5.625,74.375
E00136139,292,67,30,37,225,29,196,22.945205479452056,10.273972602739725,12.67123287671233,77.05479452054794,9.931506849315069,67.12328767123287
E00136140,493,95,25,70,398,46,352,19.26977687626775,5.070993914807302,14.198782961460447,80.73022312373224,9.330628803245435,71.39959432048681
E00136141,423,96,42,54,327,36,291,22.69503546099291,9.929078014184398,12.76595744680851,77.30496453900709,8.51063829787234,68.79432624113475
E00136142,192,32,8,24,160,18,142,16.666666666666664,4.166666666666666,12.5,83.33333333333334,9.375,73.95833333333334
E00136143,182,68,25,43,114,17,97,37.362637362637365,13.736263736263737,23.626373626373624,62.637362637362635,9.340659340659341,53.2967032967033
E00136144,243,65,28,37,178,28,150,26.748971193415638,11.522633744855968,15.22633744855967,73.25102880658436,11.522633744855968,61.72839506172839
E00136145,184,66,41,25,118,8,110,35.869565217391305,22.282608695652172,13.586956521739129,64.13043478260869,4.3478260869565215,59.78260869565217
E00136146,265,50,21,29,215,26,189,18.867924528301888,7.9245283018867925,10.943396226415095,81.13207547169812,9.811320754716983,71.32075471698113
E00136148,311,77,37,40,234,26,208,24.758842443729904,11.89710610932476,12.861736334405144,75.2411575562701,8.360128617363344,66.88102893890675
E00136149,332,66,35,31,266,39,227,19.879518072289155,10.542168674698797,9.33734939759036,80.12048192771084,11.74698795180723,68.37349397590361
E00136150,187,41,14,27,146,19,127,21.92513368983957,7.4866310160427805,14.43850267379679,78.07486631016043,10.16042780748663,67.9144385026738
E00136151,281,53,20,33,228,23,205,18.86120996441281,7.11743772241993,11.743772241992882,81.13879003558719,8.185053380782918,72.95373665480427
E00136152,410,81,31,50,329,38,291,19.75609756097561,7.560975609756097,12.195121951219512,80.2439024390244,9.268292682926829,70.97560975609755
E00136154,179,62,34,28,117,15,102,34.63687150837989,18.994413407821227,15.64245810055866,65.36312849162012,8.379888268156424,56.98324022346368
E00136155,276,73,33,40,203,15,188,26.44927536231884,11.956521739130435,14.492753623188406,73.55072463768117,5.434782608695652,68.11594202898551
E00136156,394,102,54,48,292,23,269,25.888324873096447,13.705583756345177,12.18274111675127,74.11167512690355,5.83756345177665,68.2741116751269
E00136157,305,67,19,48,238,29,209,21.9672131147541,6.229508196721312,15.737704918032788,78.0327868852459,9.508196721311474,68.52459016393443
E00136158,202,45,17,28,157,14,143,22.277227722772277,8.415841584158416,13.861386138613863,77.72277227722772,6.9306930693069315,70.79207920792079
E00136159,270,78,33,45,192,17,175,28.888888888888886,12.222222222222221,16.666666666666664,71.11111111111111,6.296296296296296,64.81481481481481
E00136160,202,51,22,29,151,18,133,25.247524752475247,10.891089108910892,14.356435643564355,74.75247524752476,8.91089108910891,65.84158415841584
E00136161,309,70,30,40,239,27,212,22.653721682847898,9.70873786407767,12.944983818770226,77.34627831715211,8.737864077669903,68.6084142394822
E00136162,284,54,10,44,230,20,210,19.014084507042252,3.5211267605633805,15.492957746478872,80.98591549295774,7.042253521126761,73.94366197183099
E00136163,324,70,17,53,254,41,213,21.604938271604937,5.246913580246913,16.358024691358025,78.39506172839506,12.654320987654321,65.74074074074075
E00136164,282,40,13,27,242,29,213,14.184397163120568,4.609929078014184,9.574468085106384,85.81560283687944,10.28368794326241,75.53191489361703
E00136165,266,52,17,35,214,33,181,19.548872180451127,6.390977443609022,13.157894736842104,80.45112781954887,12.406015037593985,68.04511278195488
E00136166,167,53,23,30,114,12,102,31.736526946107784,13.77245508982036,17.964071856287426,68.26347305389223,7.18562874251497,61.07784431137725
E00136167,113,14,4,10,99,13,86,12.389380530973451,3.5398230088495577,8.849557522123893,87.61061946902655,11.504424778761061,76.10619469026548
E00136168,503,113,36,77,390,39,351,22.46520874751491,7.157057654075547,15.308151093439365,77.53479125248509,7.75347912524851,69.78131212723659
E00136169,301,58,18,40,243,29,214,19.269102990033225,5.980066445182724,13.2890365448505,80.73089700996677,9.634551495016613,71.09634551495017
E00136170,221,60,24,36,161,16,145,27.149321266968325,10.85972850678733,16.289592760180994,72.85067873303167,7.239819004524888,65.61085972850678
E00136171,242,58,21,37,184,19,165,23.96694214876033,8.677685950413224,15.289256198347106,76.03305785123968,7.851239669421488,68.18181818181817
E00136172,366,54,14,40,312,29,283,14.754098360655737,3.825136612021858,10.92896174863388,85.24590163934425,7.923497267759563,77.3224043715847
E00136173,229,68,27,41,161,17,144,29.694323144104807,11.790393013100436,17.903930131004365,70.3056768558952,7.423580786026202,62.882096069869
E00136174,193,28,6,22,165,17,148,14.507772020725387,3.1088082901554404,11.398963730569948,85.49222797927462,8.808290155440414,76.68393782383419
E00136175,334,48,17,31,286,26,260,14.37125748502994,5.089820359281437,9.281437125748502,85.62874251497006,7.784431137724551,77.84431137724552
E00136176,231,56,23,33,175,21,154,24.242424242424242,9.956709956709958,14.285714285714285,75.75757575757575,9.090909090909092,66.66666666666666
E00136177,248,40,11,29,208,20,188,16.129032258064516,4.435483870967742,11.693548387096774,83.87096774193549,8.064516129032258,75.80645161290323
E00136178,242,43,19,24,199,16,183,17.768595041322314,7.851239669421488,9.917355371900827,82.23140495867769,6.6115702479338845,75.6198347107438
E00136179,256,69,31,38,187,26,161,26.953125,12.109375,14.84375,73.046875,10.15625,62.890625
E00136180,276,72,23,49,204,23,181,26.08695652173913,8.333333333333332,17.753623188405797,73.91304347826086,8.333333333333332,65.57971014492753
E00136181,205,49,14,35,156,16,140,23.902439024390244,6.829268292682928,17.073170731707318,76.09756097560975,7.804878048780488,68.29268292682927
E00136182,255,53,21,32,202,30,172,20.784313725490197,8.235294117647058,12.549019607843137,79.2156862745098,11.76470588235294,67.45098039215686
E00136183,296,80,42,38,216,19,197,27.027027027027028,14.18918918918919,12.837837837837837,72.97297297297297,6.418918918918918,66.55405405405406
E00136184,233,60,17,43,173,28,145,25.75107296137339,7.296137339055794,18.4549356223176,74.2489270386266,12.017167381974248,62.231759656652365
E00136185,233,35,11,24,198,19,179,15.021459227467812,4.721030042918455,10.300429184549357,84.97854077253218,8.15450643776824,76.82403433476395
E00136186,166,36,13,23,130,10,120,21.686746987951807,7.83132530120482,13.855421686746988,78.3132530120482,6.024096385542169,72.28915662650603
E00136187,150,18,6,12,132,9,123,12,4,8,88,6,82
E00136188,270,49,15,34,221,17,204,18.14814814814815,5.555555555555555,12.592592592592592,81.85185185185185,6.296296296296296,75.55555555555556
E00136189,293,70,27,43,223,27,196,23.890784982935152,9.215017064846416,14.675767918088736,76.10921501706484,9.215017064846416,66.89419795221842
E00136190,255,56,23,33,199,25,174,21.96078431372549,9.019607843137255,12.941176470588237,78.03921568627452,9.803921568627452,68.23529411764706
E00136191,186,28,10,18,158,10,148,15.053763440860216,5.376344086021505,9.67741935483871,84.94623655913979,5.376344086021505,79.56989247311827
E00136192,342,76,34,42,266,23,243,22.22222222222222,9.941520467836257,12.280701754385964,77.77777777777779,6.725146198830409,71.05263157894737
E00136193,213,33,10,23,180,27,153,15.492957746478872,4.694835680751173,10.7981220657277,84.50704225352112,12.676056338028168,71.83098591549296
E00136194,406,87,39,48,319,31,288,21.428571428571427,9.60591133004926,11.822660098522167,78.57142857142857,7.635467980295567,70.93596059113301
E00136195,273,47,15,32,226,25,201,17.216117216117215,5.4945054945054945,11.72161172161172,82.78388278388277,9.157509157509157,73.62637362637363
E00136196,304,76,27,49,228,23,205,25,8.881578947368421,16.11842105263158,75,7.565789473684211,67.43421052631578
E00136197,267,82,38,44,185,20,165,30.711610486891384,14.232209737827715,16.479400749063668,69.28838951310861,7.490636704119851,61.79775280898876
E00136198,345,66,21,45,279,37,242,19.130434782608695,6.086956521739131,13.043478260869565,80.8695652173913,10.72463768115942,70.14492753623188
E00136199,333,89,40,49,244,22,222,26.726726726726728,12.012012012012011,14.714714714714713,73.27327327327328,6.606606606606606,66.66666666666666
E00136200,207,67,37,30,140,19,121,32.367149758454104,17.874396135265698,14.492753623188406,67.6328502415459,9.178743961352657,58.454106280193244
E00136201,279,88,34,54,191,16,175,31.54121863799283,12.186379928315413,19.35483870967742,68.45878136200717,5.734767025089606,62.72401433691756
E00136202,293,59,21,38,234,19,215,20.13651877133106,7.167235494880546,12.969283276450511,79.86348122866895,6.484641638225256,73.37883959044369
E00136203,234,35,16,19,199,21,178,14.957264957264957,6.837606837606838,8.11965811965812,85.04273504273505,8.974358974358974,76.06837606837607
E00136204,269,63,26,37,206,31,175,23.42007434944238,9.66542750929368,13.754646840148698,76.57992565055763,11.524163568773234,65.05576208178438
E00136205,257,81,41,40,176,26,150,31.517509727626457,15.953307392996107,15.56420233463035,68.48249027237354,10.116731517509727,58.36575875486382
E00136206,211,53,20,33,158,27,131,25.118483412322274,9.47867298578199,15.639810426540285,74.88151658767772,12.796208530805686,62.08530805687204
E00136207,319,69,25,44,250,33,217,21.630094043887148,7.836990595611286,13.793103448275861,78.36990595611285,10.344827586206897,68.02507836990596
E00136208,246,77,42,35,169,17,152,31.300813008130078,17.073170731707318,14.227642276422763,68.69918699186992,6.910569105691057,61.78861788617886
E00136209,253,62,18,44,191,27,164,24.50592885375494,7.114624505928854,17.391304347826086,75.49407114624506,10.67193675889328,64.82213438735178
E00136210,343,53,24,29,290,24,266,15.451895043731778,6.997084548104956,8.454810495626822,84.54810495626822,6.997084548104956,77.55102040816327
E00136211,362,94,44,50,268,26,242,25.96685082872928,12.154696132596685,13.812154696132598,74.03314917127072,7.18232044198895,66.85082872928176
E00136212,279,94,42,52,185,26,159,33.691756272401435,15.053763440860216,18.63799283154122,66.30824372759857,9.31899641577061,56.98924731182796
E00136213,227,37,13,24,190,15,175,16.299559471365637,5.726872246696035,10.572687224669604,83.70044052863436,6.607929515418502,77.09251101321586
E00136214,166,35,13,22,131,15,116,21.084337349397593,7.83132530120482,13.253012048192772,78.91566265060241,9.036144578313253,69.87951807228916
E00136215,388,98,41,57,290,35,255,25.257731958762886,10.56701030927835,14.690721649484537,74.74226804123711,9.02061855670103,65.72164948453609
E00136216,233,41,9,32,192,27,165,17.59656652360515,3.862660944206009,13.733905579399142,82.40343347639485,11.587982832618025,70.81545064377683
E00136217,193,35,12,23,158,19,139,18.134715025906736,6.217616580310881,11.917098445595855,81.86528497409327,9.844559585492227,72.02072538860104
E00136218,331,60,27,33,271,25,246,18.12688821752266,8.157099697885197,9.969788519637463,81.87311178247734,7.552870090634441,74.32024169184291
E00136219,305,51,19,32,254,22,232,16.721311475409838,6.229508196721312,10.491803278688524,83.27868852459017,7.213114754098362,76.0655737704918
E00136220,381,68,24,44,313,27,286,17.84776902887139,6.299212598425196,11.548556430446194,82.1522309711286,7.086614173228346,75.06561679790026
E00136221,337,94,44,50,243,31,212,27.89317507418398,13.056379821958458,14.836795252225517,72.10682492581603,9.198813056379821,62.908011869436194
E00136222,358,54,20,34,304,26,278,15.083798882681565,5.58659217877095,9.497206703910614,84.91620111731844,7.262569832402235,77.6536312849162
E00136223,179,39,18,21,140,10,130,21.787709497206702,10.05586592178771,11.731843575418994,78.2122905027933,5.58659217877095,72.62569832402235
E00136224,314,60,15,45,254,31,223,19.10828025477707,4.777070063694268,14.331210191082802,80.89171974522293,9.872611464968154,71.01910828025477
E00136225,202,46,15,31,156,21,135,22.772277227722775,7.425742574257425,15.346534653465346,77.22772277227723,10.396039603960396,66.83168316831683
E00136226,229,36,12,24,193,21,172,15.72052401746725,5.240174672489083,10.480349344978166,84.27947598253274,9.170305676855897,75.10917030567686
E00136227,141,25,8,17,116,15,101,17.73049645390071,5.673758865248227,12.056737588652481,82.26950354609929,10.638297872340425,71.63120567375887
E00136228,274,44,9,35,230,17,213,16.05839416058394,3.2846715328467155,12.773722627737227,83.94160583941606,6.204379562043796,77.73722627737226
E00136229,213,57,27,30,156,19,137,26.76056338028169,12.676056338028168,14.084507042253522,73.23943661971832,8.92018779342723,64.31924882629107
E00136230,304,57,30,27,247,26,221,18.75,9.868421052631579,8.881578947368421,81.25,8.552631578947368,72.69736842105263
E00136231,330,50,16,34,280,23,257,15.151515151515152,4.848484848484849,10.303030303030303,84.84848484848484,6.969696969696971,77.87878787878788
E00136232,347,54,11,43,293,32,261,15.561959654178676,3.170028818443804,12.39193083573487,84.43804034582134,9.221902017291066,75.21613832853026
E00169869,247,74,52,22,173,24,149,29.959514170040485,21.052631578947366,8.906882591093117,70.04048582995951,9.7165991902834,60.32388663967612
E00169870,214,65,34,31,149,18,131,30.373831775700932,15.887850467289718,14.485981308411214,69.62616822429906,8.411214953271028,61.21495327102804
E00169871,150,49,20,29,101,10,91,32.666666666666664,13.333333333333334,19.333333333333332,67.33333333333333,6.666666666666667,60.66666666666667
E00169872,679,252,92,160,427,80,347,37.11340206185567,13.549337260677467,23.5640648011782,62.88659793814433,11.7820324005891,51.104565537555224
E00169873,116,17,4,13,99,9,90,14.655172413793101,3.4482758620689653,11.206896551724139,85.34482758620689,7.758620689655173,77.58620689655173
E00169874,264,48,18,30,216,12,204,18.181818181818183,6.8181818181818175,11.363636363636363,81.81818181818183,4.545454545454546,77.27272727272727
E00184648,462,107,43,64,355,39,316,23.160173160173162,9.307359307359308,13.852813852813853,76.83982683982684,8.441558441558442,68.3982683982684
E00184652,279,40,11,29,239,26,213,14.336917562724013,3.942652329749104,10.39426523297491,85.66308243727599,9.31899641577061,76.34408602150538
E00184661,102,27,7,20,75,6,69,26.47058823529412,6.862745098039216,19.607843137254903,73.52941176470588,5.88235294117647,67.64705882352942
E00184667,172,28,7,21,144,18,126,16.27906976744186,4.069767441860465,12.209302325581394,83.72093023255815,10.465116279069768,73.25581395348837
E00184672,379,47,14,33,332,30,302,12.401055408970976,3.6939313984168867,8.70712401055409,87.59894459102902,7.9155672823219,79.68337730870712
E00184674,288,58,27,31,230,14,216,20.13888888888889,9.375,10.76388888888889,79.86111111111111,4.861111111111112,75
E00184680,156,29,14,15,127,17,110,18.58974358974359,8.974358974358974,9.615384615384617,81.41025641025641,10.897435897435898,70.51282051282051
E00184692,212,56,18,38,156,22,134,26.41509433962264,8.49056603773585,17.92452830188679,73.58490566037736,10.377358490566039,63.20754716981132
E00184695,107,29,15,14,78,9,69,27.102803738317753,14.018691588785046,13.084112149532709,72.89719626168224,8.411214953271028,64.48598130841121
E00184724,256,58,21,37,198,23,175,22.65625,8.203125,14.453125,77.34375,8.984375,68.359375
E00184727,466,64,13,51,402,29,373,13.733905579399142,2.7896995708154506,10.944206008583691,86.26609442060087,6.223175965665236,80.04291845493562
