OA,ts0590001,ts0590002,ts0590003,ts0590004,ts0590005,ts0590006,ts0590007,ts0590002_PCT,ts0590003_PCT,ts0590004_PCT,ts0590005_PCT,ts0590006_PCT,ts0590007_PCT
E00135861,48,14,7,7,34,27,7,29.166666666666668,14.583333333333334,14.583333333333334,70.83333333333334,56.25,14.583333333333334
E00135862,127,37,18,19,90,58,32,29.133858267716533,14.173228346456693,14.960629921259844,70.86614173228347,45.66929133858268,25.196850393700785
E00135863,64,21,6,15,43,39,4,32.8125,9.375,23.4375,67.1875,60.9375,6.25
E00135864,127,53,27,26,74,51,23,41.732283464566926,21.25984251968504,20.47244094488189,58.26771653543307,40.15748031496063,18.11023622047244
E00135867,148,43,16,27,105,87,18,29.054054054054053,10.81081081081081,18.243243243243242,70.94594594594594,58.78378378378378,12.162162162162163
E00135868,172,57,21,36,115,98,17,33.13953488372093,12.209302325581394,20.930232558139537,66.86046511627907,56.97674418604651,9.883720930232558
E00135869,76,33,14,19,43,30,13,43.42105263157895,18.421052631578945,25,56.57894736842105,39.473684210526315,17.105263157894736
E00135870,98,39,15,24,59,39,20,39.795918367346935,15.306122448979592,24.489795918367346,60.204081632653065,39.795918367346935,20.408163265306122
E00135871,135,43,11,32,92,82,10,31.851851851851855,8.148148148148149,23.703703703703706,68.14814814814815,60.74074074074074,7.4074074074074066
E00135872,157,60,31,29,97,81,16,38.21656050955414,19.745222929936308,18.471337579617835,61.78343949044586,51.59235668789809,10.191082802547772
E00135873,166,63,26,37,103,76,27,37.95180722891566,15.66265060240964,22.289156626506024,62.048192771084345,45.78313253012048,16.265060240963855
E00135874,176,67,21,46,109,83,26,38.06818181818182,11.931818181818182,26.136363636363637,61.93181818181818,47.159090909090914,14.772727272727273
E00135875,259,103,40,63,156,131,25,39.768339768339764,15.444015444015443,24.324324324324326,60.231660231660236,50.57915057915058,9.652509652509652
E00135876,145,61,32,29,84,66,18,42.06896551724138,22.06896551724138,20,57.931034482758626,45.51724137931035,12.413793103448276
E00135877,84,35,11,24,49,43,6,41.66666666666667,13.095238095238097,28.57142857142857,58.333333333333336,51.19047619047619,7.142857142857142
E00135878,98,37,11,26,61,49,12,37.755102040816325,11.224489795918368,26.53061224489796,62.244897959183675,50,12.244897959183673
E00135879,87,33,12,21,54,48,6,37.93103448275862,13.793103448275861,24.137931034482758,62.06896551724138,55.172413793103445,6.896551724137931
E00135880,60,29,8,21,31,22,9,48.333333333333336,13.333333333333334,35,51.66666666666667,36.666666666666664,15
E00135881,44,18,6,12,26,25,1,40.909090909090914,13.636363636363635,27.27272727272727,59.09090909090909,56.81818181818182,2.272727272727273
E00135882,196,72,29,43,124,102,22,36.734693877551024,14.795918367346939,21.93877551020408,63.26530612244898,52.04081632653062,11.224489795918368
E00135883,61,27,13,14,34,22,12,44.26229508196721,21.311475409836063,22.950819672131146,55.73770491803278,36.0655737704918,19.672131147540984
E00135884,89,38,17,21,51,38,13,42.69662921348314,19.101123595505616,23.595505617977526,57.30337078651685,42.69662921348314,14.606741573033707
E00135885,137,51,19,32,86,77,9,37.22627737226277,13.86861313868613,23.357664233576642,62.77372262773723,56.20437956204379,6.569343065693431
E00135886,116,65,25,40,51,38,13,56.03448275862068,21.551724137931032,34.48275862068966,43.96551724137931,32.758620689655174,11.206896551724139
E00135887,81,38,18,20,43,37,6,46.913580246913575,22.22222222222222,24.691358024691358,53.086419753086425,45.67901234567901,7.4074074074074066
E00135888,187,84,30,54,103,83,20,44.919786096256686,16.042780748663102,28.87700534759358,55.080213903743314,44.38502673796791,10.695187165775401
E00135889,107,47,19,28,60,45,15,43.925233644859816,17.75700934579439,26.168224299065418,56.074766355140184,42.05607476635514,14.018691588785046
E00135890,114,41,17,24,73,59,14,35.96491228070175,14.912280701754385,21.052631578947366,64.03508771929825,51.75438596491229,12.280701754385964
E00135891,88,37,9,28,51,32,19,42.04545454545455,10.227272727272728,31.818181818181817,57.95454545454546,36.36363636363637,21.59090909090909
E00135892,187,65,26,39,122,87,35,34.75935828877005,13.903743315508022,20.855614973262032,65.24064171122996,46.524064171122994,18.71657754010695
E00135893,71,34,16,18,37,29,8,47.88732394366197,22.535211267605636,25.352112676056336,52.112676056338024,40.845070422535215,11.267605633802818
E00135894,43,19,13,6,24,15,9,44.18604651162791,30.23255813953488,13.953488372093023,55.81395348837209,34.883720930232556,20.930232558139537
E00135895,64,29,13,16,35,27,8,45.3125,20.3125,25,54.6875,42.1875,12.5
E00135896,52,20,8,12,32,25,7,38.46153846153847,15.384615384615385,23.076923076923077,61.53846153846154,48.07692307692308,13.461538461538462
E00135897,85,42,21,21,43,37,6,49.411764705882355,24.705882352941178,24.705882352941178,50.588235294117645,43.529411764705884,7.0588235294117645
E00135898,135,43,15,28,92,81,11,31.851851851851855,11.11111111111111,20.74074074074074,68.14814814814815,60,8.148148148148149
E00135899,58,17,4,13,41,34,7,29.310344827586203,6.896551724137931,22.413793103448278,70.6896551724138,58.620689655172406,12.068965517241379
E00135900,104,36,14,22,68,55,13,34.61538461538461,13.461538461538462,21.153846153846153,65.38461538461539,52.88461538461539,12.5
E00135901,51,23,4,19,28,24,4,45.09803921568628,7.8431372549019605,37.254901960784316,54.90196078431373,47.05882352941176,7.8431372549019605
E00135902,121,40,14,26,81,65,16,33.057851239669425,11.570247933884298,21.487603305785125,66.94214876033058,53.71900826446281,13.223140495867769
E00135903,48,26,11,15,22,18,4,54.166666666666664,22.916666666666664,31.25,45.83333333333333,37.5,8.333333333333332
E00135904,117,48,15,33,69,58,11,41.02564102564102,12.82051282051282,28.205128205128204,58.97435897435898,49.572649572649574,9.401709401709402
E00135905,81,32,19,13,49,45,4,39.50617283950617,23.456790123456788,16.049382716049383,60.49382716049383,55.55555555555556,4.938271604938271
E00135906,89,41,18,23,48,40,8,46.06741573033708,20.224719101123593,25.842696629213485,53.93258426966292,44.9438202247191,8.98876404494382
E00135907,107,40,20,20,67,55,12,37.38317757009346,18.69158878504673,18.69158878504673,62.616822429906534,51.4018691588785,11.214953271028037
E00135908,90,28,10,18,62,48,14,31.11111111111111,11.11111111111111,20,68.88888888888889,53.333333333333336,15.555555555555555
E00135909,98,41,14,27,57,53,4,41.83673469387755,14.285714285714285,27.55102040816326,58.16326530612245,54.08163265306123,4.081632653061225
E00135910,85,43,15,28,42,36,6,50.588235294117645,17.647058823529413,32.94117647058823,49.411764705882355,42.35294117647059,7.0588235294117645
E00135911,95,36,15,21,59,52,7,37.89473684210527,15.789473684210526,22.105263157894736,62.10526315789474,54.736842105263165,7.368421052631578
E00135912,106,54,20,34,52,39,13,50.943396226415096,18.867924528301888,32.075471698113205,49.056603773584904,36.79245283018868,12.264150943396226
E00135913,172,77,33,44,95,80,15,44.76744186046512,19.186046511627907,25.581395348837212,55.23255813953488,46.51162790697674,8.720930232558139
E00135914,107,40,15,25,67,50,17,37.38317757009346,14.018691588785046,23.364485981308412,62.616822429906534,46.728971962616825,15.887850467289718
E00135915,109,42,20,22,67,56,11,38.53211009174312,18.34862385321101,20.18348623853211,61.46788990825688,51.37614678899083,10.091743119266056
E00135916,128,50,21,29,78,53,25,39.0625,16.40625,22.65625,60.9375,41.40625,19.53125
E00135917,194,68,28,40,126,97,29,35.051546391752574,14.432989690721648,20.618556701030926,64.94845360824742,50,14.948453608247423
E00135918,168,70,27,43,98,76,22,41.66666666666667,16.071428571428573,25.595238095238095,58.333333333333336,45.23809523809524,13.095238095238097
E00135919,68,28,14,14,40,34,6,41.17647058823529,20.588235294117645,20.588235294117645,58.82352941176471,50,8.823529411764707
E00135920,55,21,8,13,34,25,9,38.18181818181819,14.545454545454545,23.636363636363637,61.81818181818181,45.45454545454545,16.363636363636363
E00135921,155,48,15,33,107,87,20,30.967741935483872,9.67741935483871,21.29032258064516,69.03225806451613,56.12903225806451,12.903225806451612
E00135922,215,75,31,44,140,119,21,34.883720930232556,14.418604651162791,20.46511627906977,65.11627906976744,55.348837209302324,9.767441860465116
E00135923,154,58,22,36,96,76,20,37.66233766233766,14.285714285714285,23.376623376623375,62.33766233766234,49.35064935064935,12.987012987012985
E00135924,147,62,24,38,85,62,23,42.17687074829932,16.3265306122449,25.850340136054424,57.82312925170068,42.17687074829932,15.646258503401361
E00135925,99,39,20,19,60,48,12,39.39393939393939,20.2020202020202,19.19191919191919,60.60606060606061,48.484848484848484,12.121212121212121
E00135926,90,30,14,16,60,49,11,33.33333333333333,15.555555555555555,17.77777777777778,66.66666666666666,54.44444444444444,12.222222222222221
E00135927,102,35,11,24,67,51,16,34.31372549019608,10.784313725490197,23.52941176470588,65.68627450980392,50,15.686274509803921
E00135928,82,35,14,21,47,38,9,42.68292682926829,17.073170731707318,25.609756097560975,57.3170731707317,46.34146341463415,10.975609756097562
E00135929,52,24,11,13,28,23,5,46.15384615384615,21.153846153846153,25,53.84615384615385,44.230769230769226,9.615384615384617
E00135930,37,13,4,9,24,17,7,35.13513513513514,10.81081081081081,24.324324324324326,64.86486486486487,45.94594594594595,18.91891891891892
E00135931,64,32,12,20,32,25,7,50,18.75,31.25,50,39.0625,10.9375
E00135932,69,31,15,16,38,29,9,44.927536231884055,21.73913043478261,23.18840579710145,55.072463768115945,42.028985507246375,13.043478260869565
E00135933,127,49,22,27,78,50,28,38.582677165354326,17.322834645669293,21.25984251968504,61.417322834645674,39.37007874015748,22.04724409448819
E00135934,94,36,15,21,58,43,15,38.297872340425535,15.957446808510639,22.340425531914892,61.702127659574465,45.744680851063826,15.957446808510639
E00135935,93,37,20,17,56,34,22,39.784946236559136,21.50537634408602,18.27956989247312,60.215053763440864,36.55913978494624,23.655913978494624
E00135936,75,26,12,14,49,41,8,34.66666666666667,16,18.666666666666668,65.33333333333333,54.666666666666664,10.666666666666668
E00135937,40,19,7,12,21,15,6,47.5,17.5,30,52.5,37.5,15
E00135938,149,50,23,27,99,71,28,33.557046979865774,15.436241610738255,18.120805369127517,66.44295302013423,47.651006711409394,18.79194630872483
E00135939,86,38,16,22,48,39,9,44.18604651162791,18.6046511627907,25.581395348837212,55.81395348837209,45.348837209302324,10.465116279069768
E00135940,142,54,22,32,88,68,20,38.028169014084504,15.492957746478872,22.535211267605636,61.97183098591549,47.88732394366197,14.084507042253522
E00135941,121,41,14,27,80,61,19,33.88429752066116,11.570247933884298,22.31404958677686,66.11570247933885,50.413223140495866,15.702479338842975
E00135942,78,26,10,16,52,41,11,33.33333333333333,12.82051282051282,20.51282051282051,66.66666666666666,52.56410256410257,14.102564102564102
E00135943,87,39,18,21,48,39,9,44.827586206896555,20.689655172413794,24.137931034482758,55.172413793103445,44.827586206896555,10.344827586206897
E00135944,142,48,23,25,94,68,26,33.80281690140845,16.19718309859155,17.6056338028169,66.19718309859155,47.88732394366197,18.30985915492958
E00135945,144,59,21,38,85,68,17,40.97222222222222,14.583333333333334,26.38888888888889,59.02777777777778,47.22222222222222,11.805555555555555
E00135946,87,36,22,14,51,37,14,41.37931034482759,25.287356321839084,16.091954022988507,58.620689655172406,42.5287356321839,16.091954022988507
E00135947,86,36,12,24,50,42,8,41.86046511627907,13.953488372093023,27.906976744186046,58.139534883720934,48.837209302325576,9.30232558139535
E00135948,33,13,8,5,20,17,3,39.39393939393939,24.242424242424242,15.151515151515152,60.60606060606061,51.515151515151516,9.090909090909092
E00135949,71,34,16,18,37,31,6,47.88732394366197,22.535211267605636,25.352112676056336,52.112676056338024,43.66197183098591,8.450704225352112
E00135950,83,31,14,17,52,46,6,37.34939759036144,16.867469879518072,20.481927710843372,62.65060240963856,55.42168674698795,7.228915662650602
E00135951,56,24,11,13,32,25,7,42.857142857142854,19.642857142857142,23.214285714285715,57.14285714285714,44.642857142857146,12.5
E00135952,106,47,17,30,59,50,9,44.339622641509436,16.037735849056602,28.30188679245283,55.660377358490564,47.16981132075472,8.49056603773585
E00135953,85,32,12,20,53,40,13,37.64705882352941,14.117647058823529,23.52941176470588,62.35294117647059,47.05882352941176,15.294117647058824
E00135954,25,9,4,5,16,14,2,36,16,20,64,56.00000000000001,8
E00135956,59,25,6,19,34,27,7,42.3728813559322,10.16949152542373,32.20338983050847,57.6271186440678,45.76271186440678,11.864406779661017
E00135957,169,75,36,39,94,80,14,44.37869822485207,21.301775147928996,23.076923076923077,55.62130177514793,47.337278106508876,8.284023668639055
E00135958,78,43,19,24,35,32,3,55.12820512820513,24.358974358974358,30.76923076923077,44.871794871794876,41.02564102564102,3.8461538461538463
E00135959,128,45,16,29,83,69,14,35.15625,12.5,22.65625,64.84375,53.90625,10.9375
E00135960,95,45,17,28,50,41,9,47.368421052631575,17.894736842105264,29.47368421052631,52.63157894736842,43.15789473684211,9.473684210526317
E00135961,117,46,20,26,71,63,8,39.31623931623932,17.094017094017094,22.22222222222222,60.68376068376068,53.84615384615385,6.837606837606838
E00135963,37,18,8,10,19,11,8,48.64864864864865,21.62162162162162,27.027027027027028,51.35135135135135,29.72972972972973,21.62162162162162
E00135964,54,29,15,14,25,17,8,53.70370370370371,27.77777777777778,25.925925925925924,46.2962962962963,31.48148148148148,14.814814814814813
E00135965,90,30,12,18,60,39,21,33.33333333333333,13.333333333333334,20,66.66666666666666,43.333333333333336,23.333333333333332
E00135966,76,26,11,15,50,42,8,34.21052631578947,14.473684210526317,19.736842105263158,65.78947368421053,55.26315789473685,10.526315789473683
E00135967,85,41,16,25,44,32,12,48.23529411764706,18.823529411764707,29.411764705882355,51.76470588235295,37.64705882352941,14.117647058823529
E00135968,78,36,19,17,42,34,8,46.15384615384615,24.358974358974358,21.794871794871796,53.84615384615385,43.58974358974359,10.256410256410255
E00135969,94,32,13,19,62,43,19,34.04255319148936,13.829787234042554,20.212765957446805,65.95744680851064,45.744680851063826,20.212765957446805
E00135970,75,30,15,15,45,35,10,40,20,20,60,46.666666666666664,13.333333333333334
E00135971,129,41,17,24,88,75,13,31.782945736434108,13.178294573643413,18.6046511627907,68.21705426356588,58.139534883720934,10.077519379844961
E00135972,69,27,8,19,42,36,6,39.130434782608695,11.594202898550725,27.536231884057973,60.86956521739131,52.17391304347826,8.695652173913043
E00135973,212,85,28,57,127,116,11,40.09433962264151,13.20754716981132,26.88679245283019,59.905660377358494,54.71698113207547,5.188679245283019
E00135974,97,35,12,23,62,50,12,36.08247422680412,12.371134020618557,23.711340206185564,63.91752577319587,51.546391752577314,12.371134020618557
E00135975,180,70,27,43,110,97,13,38.88888888888889,15,23.88888888888889,61.111111111111114,53.888888888888886,7.222222222222221
E00135976,135,47,18,29,88,69,19,34.81481481481482,13.333333333333334,21.48148148148148,65.18518518518519,51.11111111111111,14.074074074074074
E00135977,160,53,29,24,107,86,21,33.125,18.125,15,66.875,53.75,13.125
E00135978,154,59,20,39,95,79,16,38.311688311688314,12.987012987012985,25.324675324675322,61.68831168831169,51.298701298701296,10.38961038961039
E00135979,130,41,8,33,89,80,9,31.538461538461537,6.153846153846154,25.384615384615383,68.46153846153847,61.53846153846154,6.923076923076923
E00135980,94,30,1,29,64,55,9,31.914893617021278,1.0638297872340425,30.851063829787233,68.08510638297872,58.51063829787234,9.574468085106384
E00135981,130,47,15,32,83,68,15,36.15384615384615,11.538461538461538,24.615384615384617,63.84615384615384,52.307692307692314,11.538461538461538
E00135982,134,40,12,28,94,76,18,29.850746268656714,8.955223880597014,20.8955223880597,70.1492537313433,56.71641791044776,13.432835820895523
E00135983,133,47,11,36,86,77,9,35.338345864661655,8.270676691729323,27.06766917293233,64.66165413533834,57.89473684210527,6.7669172932330826
E00135984,115,36,11,25,79,73,6,31.30434782608696,9.565217391304348,21.73913043478261,68.69565217391305,63.47826086956522,5.217391304347826
E00135985,143,40,12,28,103,82,21,27.972027972027973,8.391608391608392,19.58041958041958,72.02797202797203,57.34265734265735,14.685314685314685
E00135986,124,47,16,31,77,58,19,37.903225806451616,12.903225806451612,25,62.096774193548384,46.774193548387096,15.32258064516129
E00135987,131,48,13,35,83,66,17,36.6412213740458,9.923664122137405,26.717557251908396,63.358778625954194,50.38167938931297,12.977099236641221
E00135988,120,51,19,32,69,56,13,42.5,15.833333333333332,26.666666666666668,57.49999999999999,46.666666666666664,10.833333333333334
E00135989,83,22,8,14,61,53,8,26.506024096385545,9.63855421686747,16.867469879518072,73.49397590361446,63.85542168674698,9.63855421686747
E00135990,125,44,16,28,81,70,11,35.199999999999996,12.8,22.400000000000002,64.8,56.00000000000001,8.799999999999999
E00135991,119,41,13,28,78,58,20,34.45378151260504,10.92436974789916,23.52941176470588,65.54621848739495,48.739495798319325,16.80672268907563
E00135992,108,39,14,25,69,57,12,36.11111111111111,12.962962962962962,23.14814814814815,63.888888888888886,52.77777777777778,11.11111111111111
E00135993,108,50,11,39,58,50,8,46.2962962962963,10.185185185185185,36.11111111111111,53.70370370370371,46.2962962962963,7.4074074074074066
E00135994,107,34,9,25,73,59,14,31.775700934579437,8.411214953271028,23.364485981308412,68.22429906542055,55.140186915887845,13.084112149532709
E00135995,164,58,24,34,106,91,15,35.36585365853659,14.634146341463413,20.73170731707317,64.63414634146342,55.487804878048784,9.146341463414634
E00135996,110,41,19,22,69,53,16,37.27272727272727,17.272727272727273,20,62.727272727272734,48.18181818181818,14.545454545454545
E00135997,116,36,15,21,80,65,15,31.03448275862069,12.931034482758621,18.103448275862068,68.96551724137932,56.03448275862068,12.931034482758621
E00135998,134,43,11,32,91,73,18,32.08955223880597,8.208955223880597,23.88059701492537,67.91044776119402,54.47761194029851,13.432835820895523
E00135999,150,38,13,25,112,94,18,25.333333333333336,8.666666666666668,16.666666666666664,74.66666666666667,62.66666666666667,12
E00136000,95,24,13,11,71,62,9,25.263157894736842,13.684210526315791,11.578947368421053,74.73684210526315,65.26315789473685,9.473684210526317
E00136001,176,44,10,34,132,116,16,25,5.681818181818182,19.318181818181817,75,65.9090909090909,9.090909090909092
E00136002,97,39,8,31,58,47,11,40.20618556701031,8.24742268041237,31.958762886597935,59.79381443298969,48.45360824742268,11.34020618556701
E00136003,106,45,19,26,61,46,15,42.45283018867924,17.92452830188679,24.528301886792452,57.54716981132076,43.39622641509434,14.150943396226415
E00136004,129,45,15,30,84,69,15,34.883720930232556,11.627906976744185,23.25581395348837,65.11627906976744,53.48837209302325,11.627906976744185
E00136005,117,50,17,33,67,49,18,42.73504273504273,14.529914529914532,28.205128205128204,57.26495726495726,41.88034188034188,15.384615384615385
E00136006,85,35,16,19,50,43,7,41.17647058823529,18.823529411764707,22.35294117647059,58.82352941176471,50.588235294117645,8.235294117647058
E00136007,79,39,13,26,40,35,5,49.36708860759494,16.455696202531644,32.91139240506329,50.63291139240506,44.303797468354425,6.329113924050633
E00136008,95,45,20,25,50,39,11,47.368421052631575,21.052631578947366,26.31578947368421,52.63157894736842,41.05263157894737,11.578947368421053
E00136009,77,22,11,11,55,43,12,28.57142857142857,14.285714285714285,14.285714285714285,71.42857142857143,55.84415584415584,15.584415584415584
E00136010,103,36,19,17,67,43,24,34.95145631067961,18.446601941747574,16.50485436893204,65.0485436893204,41.74757281553398,23.300970873786408
E00136011,72,26,8,18,46,36,10,36.11111111111111,11.11111111111111,25,63.888888888888886,50,13.88888888888889
E00136012,86,35,11,24,51,39,12,40.69767441860465,12.790697674418606,27.906976744186046,59.30232558139535,45.348837209302324,13.953488372093023
E00136013,111,47,23,24,64,61,3,42.34234234234234,20.72072072072072,21.62162162162162,57.65765765765766,54.95495495495496,2.7027027027027026
E00136014,119,38,13,25,81,66,15,31.932773109243694,10.92436974789916,21.008403361344538,68.0672268907563,55.46218487394958,12.605042016806722
E00136015,53,19,7,12,34,27,7,35.84905660377358,13.20754716981132,22.641509433962266,64.15094339622641,50.943396226415096,13.20754716981132
E00136016,105,39,12,27,66,42,24,37.142857142857146,11.428571428571429,25.71428571428571,62.857142857142854,40,22.857142857142858
E00136017,104,34,14,20,70,64,6,32.69230769230769,13.461538461538462,19.230769230769234,67.3076923076923,61.53846153846154,5.769230769230769
E00136018,85,27,8,19,58,49,9,31.76470588235294,9.411764705882353,22.35294117647059,68.23529411764706,57.647058823529406,10.588235294117647
E00136019,152,55,20,35,97,83,14,36.18421052631579,13.157894736842104,23.026315789473685,63.81578947368421,54.60526315789473,9.210526315789473
E00136020,67,26,3,23,41,34,7,38.80597014925373,4.477611940298507,34.32835820895522,61.19402985074627,50.74626865671642,10.44776119402985
E00136021,87,21,8,13,66,50,16,24.137931034482758,9.195402298850574,14.942528735632186,75.86206896551724,57.47126436781609,18.39080459770115
E00136022,51,24,10,14,27,22,5,47.05882352941176,19.607843137254903,27.450980392156865,52.94117647058824,43.13725490196079,9.803921568627452
E00136023,71,26,10,16,45,33,12,36.61971830985916,14.084507042253522,22.535211267605636,63.38028169014085,46.478873239436616,16.901408450704224
E00136024,27,12,5,7,15,10,5,44.44444444444444,18.51851851851852,25.925925925925924,55.55555555555556,37.03703703703704,18.51851851851852
E00136025,112,47,15,32,65,56,9,41.964285714285715,13.392857142857142,28.57142857142857,58.03571428571429,50,8.035714285714286
E00136026,101,41,12,29,60,55,5,40.5940594059406,11.881188118811881,28.71287128712871,59.4059405940594,54.45544554455446,4.9504950495049505
E00136027,100,26,7,19,74,61,13,26,7.000000000000001,19,74,61,13
E00136028,97,32,9,23,65,60,5,32.98969072164948,9.278350515463918,23.711340206185564,67.0103092783505,61.855670103092784,5.154639175257731
E00136029,128,50,16,34,78,65,13,39.0625,12.5,26.5625,60.9375,50.78125,10.15625
E00136030,161,70,36,34,91,78,13,43.47826086956522,22.36024844720497,21.11801242236025,56.52173913043478,48.4472049689441,8.074534161490684
E00136031,110,44,16,28,66,59,7,40,14.545454545454545,25.454545454545453,60,53.63636363636364,6.363636363636363
E00136032,163,60,16,44,103,89,14,36.809815950920246,9.815950920245399,26.993865030674847,63.190184049079754,54.601226993865026,8.588957055214724
E00136033,179,58,17,41,121,99,22,32.402234636871505,9.497206703910614,22.905027932960895,67.59776536312849,55.3072625698324,12.290502793296088
E00136034,129,47,16,31,82,73,9,36.434108527131784,12.4031007751938,24.031007751937985,63.565891472868216,56.58914728682171,6.976744186046512
E00136035,112,42,15,27,70,56,14,37.5,13.392857142857142,24.107142857142858,62.5,50,12.5
E00136036,131,56,14,42,75,67,8,42.74809160305343,10.687022900763358,32.06106870229007,57.25190839694656,51.14503816793893,6.106870229007633
E00136037,150,52,11,41,98,88,10,34.66666666666667,7.333333333333333,27.333333333333332,65.33333333333333,58.666666666666664,6.666666666666667
E00136038,108,37,12,25,71,60,11,34.25925925925926,11.11111111111111,23.14814814814815,65.74074074074075,55.55555555555556,10.185185185185185
E00136039,60,24,7,17,36,33,3,40,11.666666666666666,28.333333333333332,60,55.00000000000001,5
E00136040,73,29,10,19,44,41,3,39.726027397260275,13.698630136986301,26.027397260273972,60.273972602739725,56.16438356164384,4.10958904109589
E00136041,122,41,11,30,81,69,12,33.60655737704918,9.01639344262295,24.59016393442623,66.39344262295081,56.557377049180324,9.836065573770492
E00136042,90,37,15,22,53,41,12,41.11111111111111,16.666666666666664,24.444444444444443,58.88888888888889,45.55555555555556,13.333333333333334
E00136043,171,69,25,44,102,83,19,40.35087719298245,14.619883040935672,25.730994152046783,59.64912280701754,48.53801169590643,11.11111111111111
E00136044,153,42,8,34,111,94,17,27.450980392156865,5.228758169934641,22.22222222222222,72.54901960784314,61.43790849673203,11.11111111111111
E00136045,152,51,25,26,101,93,8,33.55263157894737,16.447368421052634,17.105263157894736,66.44736842105263,61.18421052631579,5.263157894736842
E00136046,139,51,10,41,88,73,15,36.69064748201439,7.1942446043165464,29.496402877697843,63.30935251798561,52.51798561151079,10.79136690647482
E00136047,123,47,20,27,76,61,15,38.21138211382114,16.260162601626014,21.951219512195124,61.78861788617886,49.59349593495935,12.195121951219512
E00136048,130,36,10,26,94,77,17,27.692307692307693,7.6923076923076925,20,72.3076923076923,59.23076923076923,13.076923076923078
E00136049,146,53,9,44,93,79,14,36.3013698630137,6.164383561643835,30.136986301369863,63.6986301369863,54.109589041095894,9.58904109589041
E00136051,150,45,18,27,105,92,13,30,12,18,70,61.33333333333333,8.666666666666668
E00136052,134,39,12,27,95,68,27,29.1044776119403,8.955223880597014,20.149253731343283,70.8955223880597,50.74626865671642,20.149253731343283
E00136053,102,38,12,26,64,57,7,37.254901960784316,11.76470588235294,25.49019607843137,62.745098039215684,55.88235294117647,6.862745098039216
E00136054,128,48,18,30,80,68,12,37.5,14.0625,23.4375,62.5,53.125,9.375
E00136055,145,54,17,37,91,73,18,37.24137931034483,11.724137931034482,25.517241379310345,62.758620689655174,50.3448275862069,12.413793103448276
E00136056,122,52,20,32,70,62,8,42.62295081967213,16.39344262295082,26.229508196721312,57.377049180327866,50.81967213114754,6.557377049180328
E00136057,243,82,26,56,161,136,25,33.744855967078195,10.699588477366255,23.045267489711936,66.2551440329218,55.96707818930041,10.2880658436214
E00136058,159,66,24,42,93,68,25,41.509433962264154,15.09433962264151,26.41509433962264,58.490566037735846,42.76729559748428,15.723270440251572
E00136059,107,32,8,24,75,58,17,29.906542056074763,7.476635514018691,22.429906542056074,70.09345794392523,54.20560747663551,15.887850467289718
E00136060,172,63,22,41,109,88,21,36.627906976744185,12.790697674418606,23.837209302325583,63.372093023255815,51.162790697674424,12.209302325581394
E00136062,59,29,11,18,30,27,3,49.152542372881356,18.64406779661017,30.508474576271187,50.847457627118644,45.76271186440678,5.084745762711865
E00136063,86,39,14,25,47,30,17,45.348837209302324,16.27906976744186,29.069767441860467,54.65116279069767,34.883720930232556,19.767441860465116
E00136064,72,29,12,17,43,32,11,40.27777777777778,16.666666666666664,23.61111111111111,59.72222222222222,44.44444444444444,15.277777777777779
E00136065,74,31,16,15,43,34,9,41.891891891891895,21.62162162162162,20.27027027027027,58.108108108108105,45.94594594594595,12.162162162162163
E00136066,71,24,9,15,47,39,8,33.80281690140845,12.676056338028168,21.12676056338028,66.19718309859155,54.929577464788736,11.267605633802818
E00136067,73,27,9,18,46,37,9,36.986301369863014,12.32876712328767,24.65753424657534,63.013698630136986,50.68493150684932,12.32876712328767
E00136068,76,30,14,16,46,33,13,39.473684210526315,18.421052631578945,21.052631578947366,60.526315789473685,43.42105263157895,17.105263157894736
E00136069,123,48,19,29,75,59,16,39.02439024390244,15.447154471544716,23.577235772357724,60.97560975609756,47.96747967479675,13.008130081300814
E00136070,200,83,31,52,117,90,27,41.5,15.5,26,58.5,45,13.5
E00136071,119,33,12,21,86,77,9,27.73109243697479,10.084033613445378,17.647058823529413,72.26890756302521,64.70588235294117,7.563025210084033
E00136072,139,63,29,34,76,52,24,45.32374100719424,20.863309352517987,24.46043165467626,54.67625899280576,37.410071942446045,17.26618705035971
E00136073,101,39,17,22,62,48,14,38.613861386138616,16.831683168316832,21.782178217821784,61.386138613861384,47.524752475247524,13.861386138613863
E00136074,114,42,13,29,72,59,13,36.84210526315789,11.403508771929824,25.438596491228072,63.1578947368421,51.75438596491229,11.403508771929824
E00136075,43,18,12,6,25,17,8,41.86046511627907,27.906976744186046,13.953488372093023,58.139534883720934,39.53488372093023,18.6046511627907
E00136076,82,33,8,25,49,42,7,40.243902439024396,9.75609756097561,30.48780487804878,59.756097560975604,51.21951219512195,8.536585365853659
E00136077,112,53,22,31,59,46,13,47.32142857142857,19.642857142857142,27.67857142857143,52.67857142857143,41.07142857142857,11.607142857142858
E00136078,57,28,16,12,29,20,9,49.122807017543856,28.07017543859649,21.052631578947366,50.877192982456144,35.08771929824561,15.789473684210526
E00136079,97,44,20,24,53,40,13,45.36082474226804,20.618556701030926,24.742268041237114,54.63917525773196,41.23711340206185,13.402061855670103
E00136080,79,32,12,20,47,39,8,40.50632911392405,15.18987341772152,25.31645569620253,59.49367088607595,49.36708860759494,10.126582278481013
E00136081,65,19,11,8,46,30,16,29.230769230769234,16.923076923076923,12.307692307692308,70.76923076923077,46.15384615384615,24.615384615384617
E00136082,72,30,12,18,42,36,6,41.66666666666667,16.666666666666664,25,58.333333333333336,50,8.333333333333332
E00136083,90,40,15,25,50,38,12,44.44444444444444,16.666666666666664,27.77777777777778,55.55555555555556,42.22222222222222,13.333333333333334
E00136084,73,27,7,20,46,35,11,36.986301369863014,9.58904109589041,27.397260273972602,63.013698630136986,47.94520547945205,15.068493150684931
E00136085,93,34,16,18,59,47,12,36.55913978494624,17.20430107526882,19.35483870967742,63.44086021505376,50.53763440860215,12.903225806451612
E00136086,179,72,24,48,107,87,20,40.22346368715084,13.40782122905028,26.81564245810056,59.77653631284916,48.60335195530726,11.1731843575419
E00136087,65,22,5,17,43,33,10,33.84615384615385,7.6923076923076925,26.153846153846157,66.15384615384615,50.76923076923077,15.384615384615385
E00136088,58,20,12,8,38,29,9,34.48275862068966,20.689655172413794,13.793103448275861,65.51724137931035,50,15.517241379310345
E00136089,115,49,10,39,66,48,18,42.608695652173914,8.695652173913043,33.91304347826087,57.391304347826086,41.73913043478261,15.65217391304348
E00136090,115,42,24,18,73,55,18,36.52173913043478,20.869565217391305,15.65217391304348,63.47826086956522,47.82608695652174,15.65217391304348
E00136091,150,69,27,42,81,68,13,46,18,28.000000000000004,54,45.33333333333333,8.666666666666668
E00136092,99,31,14,17,68,46,22,31.313131313131315,14.14141414141414,17.17171717171717,68.68686868686868,46.464646464646464,22.22222222222222
E00136093,160,54,19,35,106,81,25,33.75,11.875,21.875,66.25,50.625,15.625
E00136095,83,32,14,18,51,42,9,38.55421686746988,16.867469879518072,21.686746987951807,61.44578313253012,50.602409638554214,10.843373493975903
E00136096,185,53,21,32,132,110,22,28.64864864864865,11.351351351351353,17.2972972972973,71.35135135135135,59.45945945945946,11.891891891891893
E00136097,201,45,14,31,156,133,23,22.388059701492537,6.965174129353234,15.422885572139302,77.61194029850746,66.16915422885572,11.442786069651742
E00136098,117,40,14,26,77,60,17,34.18803418803419,11.965811965811966,22.22222222222222,65.8119658119658,51.28205128205128,14.529914529914532
E00136099,99,35,19,16,64,47,17,35.35353535353536,19.19191919191919,16.161616161616163,64.64646464646465,47.474747474747474,17.17171717171717
E00136100,121,57,20,37,64,51,13,47.107438016528924,16.528925619834713,30.57851239669421,52.892561983471076,42.14876033057851,10.743801652892563
E00136101,158,51,13,38,107,84,23,32.278481012658226,8.227848101265822,24.050632911392405,67.72151898734177,53.16455696202531,14.556962025316455
E00136102,166,54,18,36,112,86,26,32.53012048192771,10.843373493975903,21.686746987951807,67.46987951807229,51.80722891566265,15.66265060240964
E00136103,176,77,38,39,99,75,24,43.75,21.59090909090909,22.15909090909091,56.25,42.61363636363637,13.636363636363635
E00136104,82,41,18,23,41,26,15,50,21.951219512195124,28.04878048780488,50,31.70731707317073,18.29268292682927
E00136105,86,33,17,16,53,47,6,38.372093023255815,19.767441860465116,18.6046511627907,61.627906976744185,54.65116279069767,6.976744186046512
E00136106,94,35,12,23,59,51,8,37.234042553191486,12.76595744680851,24.46808510638298,62.76595744680851,54.25531914893617,8.51063829787234
E00136107,128,53,25,28,75,53,22,41.40625,19.53125,21.875,58.59375,41.40625,17.1875
E00136108,130,54,19,35,76,62,14,41.53846153846154,14.615384615384617,26.923076923076923,58.46153846153847,47.69230769230769,10.76923076923077
E00136109,129,57,29,28,72,60,12,44.18604651162791,22.48062015503876,21.705426356589147,55.81395348837209,46.51162790697674,9.30232558139535
E00136110,100,30,12,18,70,62,8,30,12,18,70,62,8
E00136111,61,17,7,10,44,32,12,27.86885245901639,11.475409836065573,16.39344262295082,72.1311475409836,52.459016393442624,19.672131147540984
E00136112,75,30,10,20,45,34,11,40,13.333333333333334,26.666666666666668,60,45.33333333333333,14.666666666666666
E00136113,81,40,19,21,41,35,6,49.382716049382715,23.456790123456788,25.925925925925924,50.617283950617285,43.20987654320987,7.4074074074074066
E00136114,78,26,15,11,52,47,5,33.33333333333333,19.230769230769234,14.102564102564102,66.66666666666666,60.256410256410255,6.41025641025641
E00136115,99,46,12,34,53,42,11,46.464646464646464,12.121212121212121,34.34343434343434,53.535353535353536,42.42424242424242,11.11111111111111
E00136116,91,42,13,29,49,40,9,46.15384615384615,14.285714285714285,31.868131868131865,53.84615384615385,43.956043956043956,9.89010989010989
E00136117,100,39,9,30,61,52,9,39,9,30,61,52,9
E00136118,82,33,15,18,49,44,5,40.243902439024396,18.29268292682927,21.951219512195124,59.756097560975604,53.65853658536586,6.097560975609756
E00136119,137,41,11,30,96,79,17,29.927007299270077,8.02919708029197,21.897810218978105,70.07299270072993,57.66423357664233,12.408759124087592
E00136120,83,34,8,26,49,38,11,40.963855421686745,9.63855421686747,31.32530120481928,59.036144578313255,45.78313253012048,13.253012048192772
E00136121,49,15,8,7,34,23,11,30.612244897959183,16.3265306122449,14.285714285714285,69.38775510204081,46.93877551020408,22.448979591836736
E00136122,131,54,13,41,77,64,13,41.221374045801525,9.923664122137405,31.297709923664126,58.778625954198475,48.854961832061065,9.923664122137405
E00136123,61,25,5,20,36,30,6,40.98360655737705,8.19672131147541,32.78688524590164,59.01639344262295,49.18032786885246,9.836065573770492
E00136124,135,50,20,30,85,69,16,37.03703703703704,14.814814814814813,22.22222222222222,62.96296296296296,51.11111111111111,11.851851851851853
E00136125,96,39,19,20,57,47,10,40.625,19.791666666666664,20.833333333333336,59.375,48.95833333333333,10.416666666666668
E00136126,52,22,15,7,30,27,3,42.30769230769231,28.846153846153843,13.461538461538462,57.692307692307686,51.92307692307693,5.769230769230769
E00136127,86,32,12,20,54,43,11,37.2093023255814,13.953488372093023,23.25581395348837,62.7906976744186,50,12.790697674418606
E00136128,76,33,15,18,43,35,8,43.42105263157895,19.736842105263158,23.684210526315788,56.57894736842105,46.05263157894737,10.526315789473683
E00136129,95,43,13,30,52,40,12,45.26315789473684,13.684210526315791,31.57894736842105,54.736842105263165,42.10526315789473,12.631578947368421
E00136130,95,36,15,21,59,52,7,37.89473684210527,15.789473684210526,22.105263157894736,62.10526315789474,54.736842105263165,7.368421052631578
E00136131,121,61,19,42,60,53,7,50.413223140495866,15.702479338842975,34.710743801652896,49.586776859504134,43.80165289256198,5.785123966942149
E00136132,97,49,20,29,48,41,7,50.51546391752577,20.618556701030926,29.896907216494846,49.48453608247423,42.2680412371134,7.216494845360824
E00136133,106,51,15,36,55,49,6,48.113207547169814,14.150943396226415,33.9622641509434,51.886792452830186,46.22641509433962,5.660377358490567
E00136134,117,54,27,27,63,55,8,46.15384615384615,23.076923076923077,23.076923076923077,53.84615384615385,47.008547008547005,6.837606837606838
E00136135,137,65,22,43,72,64,8,47.44525547445255,16.05839416058394,31.386861313868614,52.55474452554745,46.715328467153284,5.839416058394161
E00136136,91,50,26,24,41,31,10,54.94505494505495,28.57142857142857,26.373626373626376,45.05494505494506,34.065934065934066,10.989010989010989
E00136137,113,39,14,25,74,66,8,34.51327433628318,12.389380530973451,22.123893805309734,65.48672566371681,58.4070796460177,7.079646017699115
E00136138,162,55,24,31,107,90,17,33.95061728395062,14.814814814814813,19.1358024691358,66.0493827160494,55.55555555555556,10.493827160493826
E00136139,99,42,17,25,57,48,9,42.42424242424242,17.17171717171717,25.252525252525253,57.57575757575758,48.484848484848484,9.090909090909092
E00136140,215,80,29,51,135,102,33,37.2093023255814,13.488372093023257,23.72093023255814,62.7906976744186,47.44186046511628,15.348837209302326
E00136141,159,58,22,36,101,79,22,36.477987421383645,13.836477987421384,22.641509433962266,63.52201257861635,49.685534591194966,13.836477987421384
E00136142,118,70,51,19,48,33,15,59.32203389830508,43.22033898305085,16.101694915254235,40.67796610169492,27.966101694915253,12.711864406779661
E00136143,70,25,7,18,45,39,6,35.714285714285715,10,25.71428571428571,64.28571428571429,55.714285714285715,8.571428571428571
E00136144,90,35,12,23,55,48,7,38.88888888888889,13.333333333333334,25.555555555555554,61.111111111111114,53.333333333333336,7.777777777777778
E00136145,51,19,5,14,32,26,6,37.254901960784316,9.803921568627452,27.450980392156865,62.745098039215684,50.98039215686274,11.76470588235294
E00136146,95,42,21,21,53,45,8,44.21052631578947,22.105263157894736,22.105263157894736,55.78947368421052,47.368421052631575,8.421052631578947
E00136148,122,54,17,37,68,59,9,44.26229508196721,13.934426229508196,30.327868852459016,55.73770491803278,48.36065573770492,7.377049180327869
E00136149,119,43,15,28,76,63,13,36.134453781512605,12.605042016806722,23.52941176470588,63.86554621848739,52.94117647058824,10.92436974789916
E00136150,93,31,10,21,62,53,9,33.33333333333333,10.75268817204301,22.58064516129032,66.66666666666666,56.98924731182796,9.67741935483871
E00136151,96,37,12,25,59,51,8,38.54166666666667,12.5,26.041666666666668,61.458333333333336,53.125,8.333333333333332
E00136152,202,71,27,44,131,106,25,35.148514851485146,13.366336633663368,21.782178217821784,64.85148514851485,52.475247524752476,12.376237623762377
E00136154,51,22,5,17,29,24,5,43.13725490196079,9.803921568627452,33.33333333333333,56.86274509803921,47.05882352941176,9.803921568627452
E00136155,98,45,15,30,53,53,0,45.91836734693878,15.306122448979592,30.612244897959183,54.08163265306123,54.08163265306123,0
E00136156,163,52,25,27,111,96,15,31.901840490797547,15.337423312883436,16.56441717791411,68.09815950920245,58.895705521472394,9.202453987730062
E00136157,114,44,13,31,70,65,5,38.59649122807017,11.403508771929824,27.192982456140353,61.40350877192983,57.01754385964912,4.385964912280701
E00136158,50,27,14,13,23,22,1,54,28.000000000000004,26,46,44,2
E00136159,61,17,5,12,44,38,6,27.86885245901639,8.19672131147541,19.672131147540984,72.1311475409836,62.295081967213115,9.836065573770492
E00136160,56,21,2,19,35,32,3,37.5,3.571428571428571,33.92857142857143,62.5,57.14285714285714,5.357142857142857
E00136161,123,51,20,31,72,61,11,41.46341463414634,16.260162601626014,25.203252032520325,58.536585365853654,49.59349593495935,8.94308943089431
E00136162,129,49,20,29,80,65,15,37.98449612403101,15.503875968992247,22.48062015503876,62.01550387596899,50.3875968992248,11.627906976744185
E00136163,103,39,14,25,64,56,8,37.86407766990291,13.592233009708737,24.271844660194176,62.13592233009708,54.36893203883495,7.766990291262135
E00136164,126,48,26,22,78,67,11,38.095238095238095,20.634920634920633,17.46031746031746,61.904761904761905,53.17460317460318,8.73015873015873
E00136165,115,40,10,30,75,66,9,34.78260869565217,8.695652173913043,26.08695652173913,65.21739130434783,57.391304347826086,7.82608695652174
E00136166,61,33,13,20,28,26,2,54.09836065573771,21.311475409836063,32.78688524590164,45.90163934426229,42.62295081967213,3.278688524590164
E00136167,61,20,9,11,41,34,7,32.78688524590164,14.754098360655737,18.0327868852459,67.21311475409836,55.73770491803278,11.475409836065573
E00136168,238,66,27,39,172,144,28,27.73109243697479,11.344537815126051,16.386554621848738,72.26890756302521,60.50420168067227,11.76470588235294
E00136169,134,44,15,29,90,72,18,32.83582089552239,11.194029850746269,21.641791044776117,67.16417910447761,53.73134328358209,13.432835820895523
E00136170,114,45,27,18,69,56,13,39.473684210526315,23.684210526315788,15.789473684210526,60.526315789473685,49.122807017543856,11.403508771929824
E00136171,116,48,17,31,68,53,15,41.37931034482759,14.655172413793101,26.72413793103448,58.620689655172406,45.689655172413794,12.931034482758621
E00136172,208,70,27,43,138,99,39,33.65384615384615,12.980769230769232,20.673076923076923,66.34615384615384,47.59615384615385,18.75
E00136173,88,20,9,11,68,55,13,22.727272727272727,10.227272727272728,12.5,77.27272727272727,62.5,14.772727272727273
E00136174,96,41,17,24,55,42,13,42.70833333333333,17.708333333333336,25,57.291666666666664,43.75,13.541666666666666
E00136175,190,58,19,39,132,101,31,30.526315789473685,10,20.526315789473685,69.47368421052632,53.1578947368421,16.315789473684212
E00136176,93,31,6,25,62,54,8,33.33333333333333,6.451612903225806,26.881720430107524,66.66666666666666,58.06451612903226,8.60215053763441
E00136177,107,38,16,22,69,56,13,35.51401869158878,14.953271028037381,20.5607476635514,64.48598130841121,52.336448598130836,12.149532710280374
E00136178,116,49,18,31,67,44,23,42.241379310344826,15.517241379310345,26.72413793103448,57.758620689655174,37.93103448275862,19.82758620689655
E00136179,106,43,21,22,63,53,10,40.56603773584906,19.81132075471698,20.754716981132077,59.43396226415094,50,9.433962264150944
E00136180,126,62,23,39,64,48,16,49.2063492063492,18.253968253968253,30.952380952380953,50.79365079365079,38.095238095238095,12.698412698412698
E00136181,71,29,10,19,42,34,8,40.845070422535215,14.084507042253522,26.76056338028169,59.154929577464785,47.88732394366197,11.267605633802818
E00136182,91,42,18,24,49,37,12,46.15384615384615,19.78021978021978,26.373626373626376,53.84615384615385,40.65934065934066,13.186813186813188
E00136183,75,30,16,14,45,34,11,40,21.333333333333336,18.666666666666668,60,45.33333333333333,14.666666666666666
E00136184,99,33,14,19,66,55,11,33.33333333333333,14.14141414141414,19.19191919191919,66.66666666666666,55.55555555555556,11.11111111111111
E00136185,100,27,7,20,73,55,18,27,7.000000000000001,20,73,55.00000000000001,18
E00136186,73,22,7,15,51,39,12,30.136986301369863,9.58904109589041,20.54794520547945,69.86301369863014,53.42465753424658,16.43835616438356
E00136187,72,28,10,18,44,38,6,38.88888888888889,13.88888888888889,25,61.111111111111114,52.77777777777778,8.333333333333332
E00136188,137,51,14,37,86,66,20,37.22627737226277,10.218978102189782,27.00729927007299,62.77372262773723,48.175182481751825,14.5985401459854
E00136189,122,48,16,32,74,62,12,39.34426229508197,13.114754098360656,26.229508196721312,60.65573770491803,50.81967213114754,9.836065573770492
E00136190,113,42,18,24,71,49,22,37.16814159292036,15.929203539823009,21.238938053097346,62.83185840707964,43.36283185840708,19.469026548672566
E00136191,92,27,8,19,65,46,19,29.347826086956523,8.695652173913043,20.652173913043477,70.65217391304348,50,20.652173913043477
E00136192,127,49,18,31,78,67,11,38.582677165354326,14.173228346456693,24.409448818897637,61.417322834645674,52.75590551181102,8.661417322834646
E00136193,110,48,18,30,62,49,13,43.63636363636363,16.363636363636363,27.27272727272727,56.36363636363636,44.54545454545455,11.818181818181818
E00136194,179,71,26,45,108,85,23,39.66480446927375,14.52513966480447,25.139664804469277,60.33519553072626,47.486033519553075,12.849162011173185
E00136195,132,47,10,37,85,59,26,35.60606060606061,7.575757575757576,28.030303030303028,64.39393939393939,44.696969696969695,19.696969696969695
E00136196,111,46,16,30,65,54,11,41.44144144144144,14.414414414414415,27.027027027027028,58.55855855855856,48.64864864864865,9.90990990990991
E00136197,111,42,18,24,69,53,16,37.83783783783784,16.216216216216218,21.62162162162162,62.16216216216216,47.74774774774775,14.414414414414415
E00136198,138,60,20,40,78,62,16,43.47826086956522,14.492753623188406,28.985507246376812,56.52173913043478,44.927536231884055,11.594202898550725
E00136199,105,42,17,25,63,44,19,40,16.19047619047619,23.809523809523807,60,41.904761904761905,18.095238095238095
E00136200,66,21,6,15,45,41,4,31.818181818181817,9.090909090909092,22.727272727272727,68.18181818181817,62.121212121212125,6.0606060606060606
E00136201,104,39,12,27,65,55,10,37.5,11.538461538461538,25.961538461538463,62.5,52.88461538461539,9.615384615384617
E00136202,128,49,15,34,79,64,15,38.28125,11.71875,26.5625,61.71875,50,11.71875
E00136203,82,26,8,18,56,46,10,31.70731707317073,9.75609756097561,21.951219512195124,68.29268292682927,56.09756097560976,12.195121951219512
E00136204,89,31,16,15,58,41,17,34.831460674157306,17.97752808988764,16.853932584269664,65.1685393258427,46.06741573033708,19.101123595505616
E00136205,63,30,15,15,33,27,6,47.61904761904761,23.809523809523807,23.809523809523807,52.38095238095239,42.857142857142854,9.523809523809524
E00136206,100,28,13,15,72,58,14,28.000000000000004,13,15,72,57.99999999999999,14.000000000000002
E00136207,130,47,11,36,83,61,22,36.15384615384615,8.461538461538462,27.692307692307693,63.84615384615384,46.92307692307692,16.923076923076923
E00136208,95,32,15,17,63,52,11,33.68421052631579,15.789473684210526,17.894736842105264,66.3157894736842,54.736842105263165,11.578947368421053
E00136209,128,48,23,25,80,60,20,37.5,17.96875,19.53125,62.5,46.875,15.625
E00136210,175,55,18,37,120,86,34,31.428571428571427,10.285714285714285,21.142857142857142,68.57142857142857,49.142857142857146,19.428571428571427
E00136211,132,51,20,31,81,68,13,38.63636363636363,15.151515151515152,23.484848484848484,61.36363636363637,51.515151515151516,9.848484848484848
E00136212,98,52,13,39,46,38,8,53.06122448979592,13.26530612244898,39.795918367346935,46.93877551020408,38.775510204081634,8.16326530612245
E00136213,118,47,14,33,71,50,21,39.83050847457627,11.864406779661017,27.966101694915253,60.16949152542372,42.3728813559322,17.796610169491526
E00136214,67,22,14,8,45,31,14,32.83582089552239,20.8955223880597,11.940298507462686,67.16417910447761,46.26865671641791,20.8955223880597
E00136215,172,67,25,42,105,85,20,38.95348837209303,14.534883720930234,24.418604651162788,61.04651162790697,49.41860465116279,11.627906976744185
E00136216,110,53,25,28,57,44,13,48.18181818181818,22.727272727272727,25.454545454545453,51.81818181818182,40,11.818181818181818
E00136217,81,28,13,15,53,39,14,34.5679012345679,16.049382716049383,18.51851851851852,65.4320987654321,48.148148148148145,17.28395061728395
E00136218,155,53,23,30,102,72,30,34.193548387096776,14.838709677419354,19.35483870967742,65.80645161290323,46.45161290322581,19.35483870967742
E00136219,116,53,17,36,63,51,12,45.689655172413794,14.655172413793101,31.03448275862069,54.310344827586206,43.96551724137931,10.344827586206897
E00136220,179,61,25,36,118,98,20,34.07821229050279,13.966480446927374,20.11173184357542,65.92178770949721,54.7486033519553,11.1731843575419
E00136221,138,53,23,30,85,70,15,38.405797101449274,16.666666666666664,21.73913043478261,61.59420289855072,50.72463768115942,10.869565217391305
E00136222,178,57,31,26,121,97,24,32.02247191011236,17.415730337078653,14.606741573033707,67.97752808988764,54.49438202247191,13.48314606741573
E00136223,72,26,11,15,46,36,10,36.11111111111111,15.277777777777779,20.833333333333336,63.888888888888886,50,13.88888888888889
E00136224,155,56,23,33,99,81,18,36.12903225806451,14.838709677419354,21.29032258064516,63.87096774193548,52.25806451612903,11.612903225806452
E00136225,93,36,16,20,57,44,13,38.70967741935484,17.20430107526882,21.50537634408602,61.29032258064516,47.31182795698925,13.978494623655912
E00136226,108,43,18,25,65,48,17,39.81481481481482,16.666666666666664,23.14814814814815,60.18518518518518,44.44444444444444,15.74074074074074
E00136227,81,29,9,20,52,46,6,35.80246913580247,11.11111111111111,24.691358024691358,64.19753086419753,56.79012345679012,7.4074074074074066
E00136228,131,49,22,27,82,57,25,37.404580152671755,16.793893129770993,20.610687022900763,62.59541984732825,43.51145038167939,19.083969465648856
E00136229,109,38,19,19,71,58,13,34.862385321100916,17.431192660550458,17.431192660550458,65.13761467889908,53.21100917431193,11.926605504587156
E00136230,138,42,16,26,96,77,19,30.434782608695656,11.594202898550725,18.84057971014493,69.56521739130434,55.79710144927537,13.768115942028986
E00136231,139,56,27,29,83,64,19,40.28776978417266,19.424460431654676,20.863309352517987,59.71223021582733,46.043165467625904,13.66906474820144
E00136232,161,65,32,33,96,78,18,40.37267080745342,19.875776397515526,20.496894409937887,59.62732919254658,48.4472049689441,11.180124223602485
E00169869,73,21,5,16,52,43,9,28.767123287671232,6.8493150684931505,21.91780821917808,71.23287671232876,58.9041095890411,12.32876712328767
E00169870,59,27,10,17,32,24,8,45.76271186440678,16.94915254237288,28.8135593220339,54.23728813559322,40.67796610169492,13.559322033898304
E00169871,34,10,6,4,24,21,3,29.411764705882355,17.647058823529413,11.76470588235294,70.58823529411765,61.76470588235294,8.823529411764707
E00169872,132,55,19,36,77,48,29,41.66666666666667,14.393939393939394,27.27272727272727,58.333333333333336,36.36363636363637,21.96969696969697
E00169873,63,20,5,15,43,36,7,31.746031746031743,7.936507936507936,23.809523809523807,68.25396825396825,57.14285714285714,11.11111111111111
E00169874,119,42,22,20,77,51,26,35.294117647058826,18.487394957983195,16.80672268907563,64.70588235294117,42.857142857142854,21.84873949579832
E00184648,226,82,18,64,144,114,30,36.283185840707965,7.964601769911504,28.31858407079646,63.716814159292035,50.442477876106196,13.274336283185843
E00184652,119,34,9,25,85,78,7,28.57142857142857,7.563025210084033,21.008403361344538,71.42857142857143,65.54621848739495,5.88235294117647
E00184661,41,15,8,7,26,23,3,36.58536585365854,19.51219512195122,17.073170731707318,63.41463414634146,56.09756097560976,7.317073170731707
E00184667,71,19,7,12,52,38,14,26.76056338028169,9.859154929577464,16.901408450704224,73.23943661971832,53.52112676056338,19.718309859154928
E00184672,222,53,20,33,169,143,26,23.873873873873876,9.00900900900901,14.864864864864865,76.12612612612612,64.41441441441441,11.711711711711711
E00184674,137,47,24,23,90,75,15,34.306569343065696,17.51824817518248,16.78832116788321,65.69343065693431,54.74452554744526,10.948905109489052
E00184680,72,20,9,11,52,43,9,27.77777777777778,12.5,15.277777777777779,72.22222222222221,59.72222222222222,12.5
E00184692,34,18,7,11,16,10,6,52.94117647058824,20.588235294117645,32.35294117647059,47.05882352941176,29.411764705882355,17.647058823529413
E00184695,46,10,2,8,36,31,5,21.73913043478261,4.3478260869565215,17.391304347826086,78.26086956521739,67.3913043478261,10.869565217391305
E00184724,160,49,14,35,111,91,20,30.625000000000004,8.75,21.875,69.375,56.875,12.5
E00184727,95,27,11,16,68,31,37,28.421052631578945,11.578947368421053,16.842105263157894,71.57894736842105,32.631578947368425,38.94736842105263
