OA,ts0590001,ts0590002,ts0590003,ts0590004,ts0590005,ts0590006,ts0590007,ts0590002_PCT,ts0590003_PCT,ts0590004_PCT,ts0590005_PCT,ts0590006_PCT,ts0590007_PCT
E00090512,169,43,14,29,126,116,10,25.443786982248522,8.284023668639055,17.159763313609467,74.55621301775149,68.63905325443787,5.9171597633136095
E00090514,186,53,25,28,133,106,27,28.49462365591398,13.440860215053762,15.053763440860216,71.50537634408603,56.98924731182796,14.516129032258066
E00090515,161,64,23,41,97,86,11,39.75155279503105,14.285714285714285,25.465838509316768,60.24844720496895,53.41614906832298,6.832298136645963
E00090516,178,59,19,40,119,106,13,33.146067415730336,10.674157303370785,22.47191011235955,66.85393258426966,59.55056179775281,7.303370786516854
E00090517,230,74,33,41,156,140,16,32.17391304347826,14.347826086956522,17.82608695652174,67.82608695652173,60.86956521739131,6.956521739130435
E00090518,267,76,31,45,191,163,28,28.46441947565543,11.610486891385769,16.853932584269664,71.53558052434457,61.04868913857678,10.486891385767791
E00090519,192,68,25,43,124,106,18,35.41666666666667,13.020833333333334,22.395833333333336,64.58333333333334,55.208333333333336,9.375
E00090520,311,61,24,37,250,221,29,19.614147909967848,7.717041800643088,11.89710610932476,80.38585209003215,71.06109324758843,9.32475884244373
E00090521,208,53,16,37,155,123,32,25.48076923076923,7.6923076923076925,17.78846153846154,74.51923076923077,59.13461538461539,15.384615384615385
E00090522,167,55,17,38,112,101,11,32.93413173652694,10.179640718562874,22.75449101796407,67.06586826347305,60.47904191616767,6.58682634730539
E00090523,104,27,10,17,77,71,6,25.961538461538463,9.615384615384617,16.346153846153847,74.03846153846155,68.26923076923077,5.769230769230769
E00090524,123,34,14,20,89,80,9,27.64227642276423,11.38211382113821,16.260162601626014,72.35772357723577,65.04065040650406,7.317073170731707
E00090525,149,58,24,34,91,79,12,38.92617449664429,16.10738255033557,22.818791946308725,61.07382550335571,53.02013422818792,8.053691275167784
E00090526,130,28,11,17,102,93,9,21.53846153846154,8.461538461538462,13.076923076923078,78.46153846153847,71.53846153846153,6.923076923076923
E00090527,128,57,15,42,71,66,5,44.53125,11.71875,32.8125,55.46875,51.5625,3.90625
E00090528,203,50,13,37,153,138,15,24.63054187192118,6.403940886699508,18.226600985221676,75.36945812807882,67.98029556650246,7.389162561576355
E00090529,161,57,16,41,104,94,10,35.40372670807454,9.937888198757763,25.465838509316768,64.59627329192547,58.38509316770186,6.211180124223603
E00090530,148,35,13,22,113,106,7,23.64864864864865,8.783783783783784,14.864864864864865,76.35135135135135,71.62162162162163,4.72972972972973
E00090531,240,75,20,55,165,147,18,31.25,8.333333333333332,22.916666666666664,68.75,61.25000000000001,7.5
E00090532,87,22,5,17,65,62,3,25.287356321839084,5.747126436781609,19.54022988505747,74.71264367816092,71.26436781609196,3.4482758620689653
E00090533,182,60,25,35,122,104,18,32.967032967032964,13.736263736263737,19.230769230769234,67.03296703296702,57.14285714285714,9.89010989010989
E00090534,193,69,26,43,124,102,22,35.751295336787564,13.471502590673575,22.279792746113987,64.24870466321244,52.84974093264248,11.398963730569948
E00090535,96,32,13,19,64,60,4,33.33333333333333,13.541666666666666,19.791666666666664,66.66666666666666,62.5,4.166666666666666
E00090536,277,50,20,30,227,164,63,18.050541516245488,7.2202166064981945,10.830324909747292,81.94945848375451,59.205776173285194,22.743682310469314
E00090537,209,66,20,46,143,125,18,31.57894736842105,9.569377990430622,22.00956937799043,68.42105263157895,59.80861244019139,8.61244019138756
E00090539,81,34,18,16,47,42,5,41.9753086419753,22.22222222222222,19.753086419753085,58.0246913580247,51.85185185185185,6.172839506172839
E00090540,107,24,10,14,83,74,9,22.429906542056074,9.345794392523365,13.084112149532709,77.57009345794393,69.1588785046729,8.411214953271028
E00090541,155,46,14,32,109,101,8,29.677419354838708,9.032258064516128,20.64516129032258,70.3225806451613,65.16129032258064,5.161290322580645
E00090542,161,50,16,34,111,98,13,31.05590062111801,9.937888198757763,21.11801242236025,68.94409937888199,60.86956521739131,8.074534161490684
E00090543,147,34,18,16,113,93,20,23.12925170068027,12.244897959183673,10.884353741496598,76.87074829931973,63.26530612244898,13.60544217687075
E00090545,178,62,21,41,116,98,18,34.831460674157306,11.797752808988763,23.03370786516854,65.1685393258427,55.0561797752809,10.112359550561797
E00090546,173,43,20,23,130,112,18,24.85549132947977,11.560693641618498,13.294797687861271,75.14450867052022,64.73988439306359,10.404624277456648
E00090547,149,38,13,25,111,99,12,25.503355704697988,8.724832214765101,16.778523489932887,74.49664429530202,66.44295302013423,8.053691275167784
E00090548,155,38,25,13,117,100,17,24.516129032258064,16.129032258064516,8.38709677419355,75.48387096774194,64.51612903225806,10.967741935483872
E00090549,161,41,17,24,120,89,31,25.465838509316768,10.559006211180124,14.906832298136646,74.53416149068323,55.27950310559007,19.25465838509317
E00090550,95,33,20,13,62,48,14,34.73684210526316,21.052631578947366,13.684210526315791,65.26315789473685,50.526315789473685,14.736842105263156
E00090551,200,64,21,43,136,127,9,32,10.5,21.5,68,63.5,4.5
E00090552,174,46,15,31,128,111,17,26.436781609195403,8.620689655172415,17.81609195402299,73.5632183908046,63.793103448275865,9.770114942528735
E00090553,115,37,17,20,78,66,12,32.17391304347826,14.782608695652174,17.391304347826086,67.82608695652173,57.391304347826086,10.434782608695652
E00090554,146,44,13,31,102,91,11,30.136986301369863,8.904109589041095,21.232876712328768,69.86301369863014,62.328767123287676,7.534246575342466
E00090555,147,48,21,27,99,89,10,32.6530612244898,14.285714285714285,18.367346938775512,67.3469387755102,60.544217687074834,6.802721088435375
E00090556,200,50,18,32,150,131,19,25,9,16,75,65.5,9.5
E00090557,128,39,17,22,89,73,16,30.46875,13.28125,17.1875,69.53125,57.03125,12.5
E00090558,90,24,8,16,66,59,7,26.666666666666668,8.88888888888889,17.77777777777778,73.33333333333333,65.55555555555556,7.777777777777778
E00090559,172,38,11,27,134,117,17,22.093023255813954,6.395348837209303,15.69767441860465,77.90697674418605,68.02325581395348,9.883720930232558
E00090560,126,32,10,22,94,88,6,25.396825396825395,7.936507936507936,17.46031746031746,74.60317460317461,69.84126984126983,4.761904761904762
E00090561,159,42,17,25,117,103,14,26.41509433962264,10.69182389937107,15.723270440251572,73.58490566037736,64.77987421383648,8.80503144654088
E00090562,207,41,14,27,166,135,31,19.806763285024154,6.763285024154589,13.043478260869565,80.19323671497585,65.21739130434783,14.975845410628018
E00090563,118,24,7,17,94,88,6,20.33898305084746,5.932203389830509,14.40677966101695,79.66101694915254,74.57627118644068,5.084745762711865
E00090564,123,37,18,19,86,74,12,30.081300813008134,14.634146341463413,15.447154471544716,69.91869918699187,60.16260162601627,9.75609756097561
E00090565,123,33,11,22,90,73,17,26.82926829268293,8.94308943089431,17.88617886178862,73.17073170731707,59.34959349593496,13.821138211382115
E00090566,158,34,11,23,124,95,29,21.518987341772153,6.962025316455696,14.556962025316455,78.48101265822784,60.12658227848101,18.354430379746837
E00090567,118,38,17,21,80,63,17,32.20338983050847,14.40677966101695,17.796610169491526,67.79661016949152,53.38983050847458,14.40677966101695
E00090568,166,49,15,34,117,102,15,29.518072289156628,9.036144578313253,20.481927710843372,70.48192771084338,61.44578313253012,9.036144578313253
E00090569,153,37,18,19,116,101,15,24.183006535947712,11.76470588235294,12.418300653594772,75.81699346405229,66.01307189542483,9.803921568627452
E00090570,123,27,11,16,96,83,13,21.951219512195124,8.94308943089431,13.008130081300814,78.04878048780488,67.47967479674797,10.569105691056912
E00090571,178,57,15,42,121,109,12,32.02247191011236,8.426966292134832,23.595505617977526,67.97752808988764,61.23595505617978,6.741573033707865
E00090574,101,40,29,11,61,52,9,39.603960396039604,28.71287128712871,10.891089108910892,60.396039603960396,51.48514851485149,8.91089108910891
E00090575,126,25,13,12,101,84,17,19.841269841269842,10.317460317460316,9.523809523809524,80.15873015873017,66.66666666666666,13.492063492063492
E00090576,131,22,8,14,109,96,13,16.793893129770993,6.106870229007633,10.687022900763358,83.20610687022901,73.2824427480916,9.923664122137405
E00090577,220,100,88,12,120,93,27,45.45454545454545,40,5.454545454545454,54.54545454545454,42.27272727272727,12.272727272727273
E00090580,128,37,20,17,91,78,13,28.90625,15.625,13.28125,71.09375,60.9375,10.15625
E00090581,134,33,18,15,101,87,14,24.62686567164179,13.432835820895523,11.194029850746269,75.3731343283582,64.92537313432835,10.44776119402985
E00090582,154,42,18,24,112,98,14,27.27272727272727,11.688311688311687,15.584415584415584,72.72727272727273,63.63636363636363,9.090909090909092
E00090583,150,58,31,27,92,75,17,38.666666666666664,20.666666666666668,18,61.33333333333333,50,11.333333333333332
E00090584,149,41,11,30,108,90,18,27.516778523489933,7.38255033557047,20.13422818791946,72.48322147651007,60.40268456375839,12.080536912751679
E00090586,176,48,24,24,128,104,24,27.27272727272727,13.636363636363635,13.636363636363635,72.72727272727273,59.09090909090909,13.636363636363635
E00090587,156,35,14,21,121,96,25,22.435897435897438,8.974358974358974,13.461538461538462,77.56410256410257,61.53846153846154,16.025641025641026
E00090588,165,40,16,24,125,105,20,24.242424242424242,9.696969696969697,14.545454545454545,75.75757575757575,63.63636363636363,12.121212121212121
E00090589,163,55,18,37,108,96,12,33.74233128834356,11.042944785276074,22.699386503067483,66.25766871165644,58.895705521472394,7.361963190184049
E00090590,104,38,18,20,66,53,13,36.53846153846153,17.307692307692307,19.230769230769234,63.46153846153846,50.96153846153846,12.5
E00090591,161,39,19,20,122,109,13,24.22360248447205,11.801242236024844,12.422360248447205,75.77639751552795,67.70186335403726,8.074534161490684
E00090592,132,31,15,16,101,91,10,23.484848484848484,11.363636363636363,12.121212121212121,76.51515151515152,68.93939393939394,7.575757575757576
E00090593,186,50,13,37,136,116,20,26.881720430107524,6.989247311827956,19.892473118279568,73.11827956989248,62.365591397849464,10.75268817204301
E00090594,214,69,31,38,145,133,12,32.242990654205606,14.485981308411214,17.75700934579439,67.7570093457944,62.149532710280376,5.607476635514018
E00090595,178,47,19,28,131,120,11,26.40449438202247,10.674157303370785,15.730337078651685,73.59550561797754,67.41573033707866,6.179775280898876
E00090596,169,38,12,26,131,118,13,22.485207100591715,7.100591715976331,15.384615384615385,77.51479289940828,69.8224852071006,7.6923076923076925
E00090597,165,59,16,43,106,92,14,35.75757575757576,9.696969696969697,26.060606060606062,64.24242424242425,55.757575757575765,8.484848484848486
E00090598,179,36,15,21,143,130,13,20.11173184357542,8.379888268156424,11.731843575418994,79.88826815642457,72.62569832402235,7.262569832402235
E00090599,203,44,14,30,159,141,18,21.67487684729064,6.896551724137931,14.77832512315271,78.32512315270937,69.45812807881774,8.866995073891626
E00090600,148,52,22,30,96,89,7,35.13513513513514,14.864864864864865,20.27027027027027,64.86486486486487,60.13513513513513,4.72972972972973
E00090601,206,49,17,32,157,135,22,23.78640776699029,8.25242718446602,15.53398058252427,76.2135922330097,65.53398058252428,10.679611650485436
E00090602,165,39,12,27,126,107,19,23.636363636363637,7.2727272727272725,16.363636363636363,76.36363636363637,64.84848484848484,11.515151515151516
E00090603,144,39,17,22,105,97,8,27.083333333333332,11.805555555555555,15.277777777777779,72.91666666666666,67.36111111111111,5.555555555555555
E00090604,125,31,12,19,94,83,11,24.8,9.6,15.2,75.2,66.4,8.799999999999999
E00090605,122,39,16,23,83,78,5,31.967213114754102,13.114754098360656,18.852459016393443,68.0327868852459,63.934426229508205,4.098360655737705
E00090606,183,41,15,26,142,131,11,22.404371584699454,8.19672131147541,14.207650273224044,77.59562841530054,71.58469945355192,6.0109289617486334
E00090607,178,35,9,26,143,127,16,19.662921348314608,5.056179775280898,14.606741573033707,80.33707865168539,71.34831460674157,8.98876404494382
E00090608,219,59,21,38,160,146,14,26.94063926940639,9.58904109589041,17.35159817351598,73.0593607305936,66.66666666666666,6.392694063926941
E00090609,115,31,14,17,84,76,8,26.956521739130434,12.173913043478262,14.782608695652174,73.04347826086956,66.08695652173913,6.956521739130435
E00090610,127,30,11,19,97,83,14,23.62204724409449,8.661417322834646,14.960629921259844,76.37795275590551,65.35433070866141,11.023622047244094
E00090611,244,61,18,43,183,163,20,25,7.377049180327869,17.62295081967213,75,66.80327868852459,8.19672131147541
E00090612,198,55,14,41,143,128,15,27.77777777777778,7.07070707070707,20.707070707070706,72.22222222222221,64.64646464646465,7.575757575757576
E00090613,165,30,7,23,135,125,10,18.181818181818183,4.242424242424243,13.939393939393941,81.81818181818183,75.75757575757575,6.0606060606060606
E00090614,337,83,23,60,254,219,35,24.629080118694365,6.824925816023739,17.804154302670625,75.37091988130564,64.98516320474778,10.385756676557865
E00090615,145,52,16,36,93,86,7,35.86206896551724,11.03448275862069,24.82758620689655,64.13793103448275,59.310344827586206,4.827586206896552
E00090616,156,38,8,30,118,110,8,24.358974358974358,5.128205128205128,19.230769230769234,75.64102564102564,70.51282051282051,5.128205128205128
E00090617,148,37,15,22,111,94,17,25,10.135135135135135,14.864864864864865,75,63.51351351351351,11.486486486486488
E00090618,202,43,21,22,159,133,26,21.287128712871286,10.396039603960396,10.891089108910892,78.71287128712872,65.84158415841584,12.871287128712872
E00090619,214,58,19,39,156,143,13,27.102803738317753,8.878504672897195,18.22429906542056,72.89719626168224,66.82242990654206,6.074766355140187
E00090620,199,56,29,27,143,117,26,28.14070351758794,14.572864321608039,13.5678391959799,71.85929648241206,58.79396984924623,13.06532663316583
E00090621,195,55,18,37,140,117,23,28.205128205128204,9.230769230769232,18.974358974358974,71.7948717948718,60,11.794871794871794
E00090622,235,50,19,31,185,131,54,21.27659574468085,8.085106382978724,13.191489361702127,78.72340425531915,55.74468085106383,22.97872340425532
E00090623,61,21,10,11,40,34,6,34.42622950819672,16.39344262295082,18.0327868852459,65.57377049180327,55.73770491803278,9.836065573770492
E00090624,190,51,22,29,139,122,17,26.842105263157894,11.578947368421053,15.263157894736842,73.15789473684211,64.21052631578948,8.947368421052632
E00090627,171,48,16,32,123,112,11,28.07017543859649,9.35672514619883,18.71345029239766,71.9298245614035,65.49707602339181,6.432748538011696
E00090628,123,22,9,13,101,78,23,17.88617886178862,7.317073170731707,10.569105691056912,82.11382113821138,63.41463414634146,18.69918699186992
E00090629,245,63,30,33,182,155,27,25.71428571428571,12.244897959183673,13.46938775510204,74.28571428571429,63.26530612244898,11.020408163265307
E00090630,154,34,13,21,120,105,15,22.07792207792208,8.441558441558442,13.636363636363635,77.92207792207793,68.18181818181817,9.740259740259742
E00090631,137,37,12,25,100,85,15,27.00729927007299,8.75912408759124,18.248175182481752,72.99270072992701,62.04379562043796,10.948905109489052
E00090632,248,91,44,47,157,137,20,36.693548387096776,17.741935483870968,18.951612903225808,63.306451612903224,55.24193548387096,8.064516129032258
E00090633,204,84,23,61,120,110,10,41.17647058823529,11.27450980392157,29.901960784313726,58.82352941176471,53.92156862745098,4.901960784313726
E00090634,170,67,34,33,103,87,16,39.411764705882355,20,19.411764705882355,60.588235294117645,51.17647058823529,9.411764705882353
E00090635,82,24,10,14,58,52,6,29.268292682926827,12.195121951219512,17.073170731707318,70.73170731707317,63.41463414634146,7.317073170731707
E00090636,149,46,14,32,103,99,4,30.87248322147651,9.395973154362416,21.476510067114095,69.12751677852349,66.44295302013423,2.684563758389262
E00090637,104,22,6,16,82,76,6,21.153846153846153,5.769230769230769,15.384615384615385,78.84615384615384,73.07692307692307,5.769230769230769
E00090638,203,55,14,41,148,135,13,27.093596059113302,6.896551724137931,20.19704433497537,72.9064039408867,66.50246305418719,6.403940886699508
E00090639,121,52,22,30,69,61,8,42.97520661157025,18.181818181818183,24.793388429752067,57.02479338842975,50.413223140495866,6.6115702479338845
E00090640,176,45,12,33,131,113,18,25.568181818181817,6.8181818181818175,18.75,74.43181818181817,64.20454545454545,10.227272727272728
E00090642,164,34,12,22,130,116,14,20.73170731707317,7.317073170731707,13.414634146341465,79.26829268292683,70.73170731707317,8.536585365853659
E00090643,205,42,12,30,163,150,13,20.48780487804878,5.853658536585367,14.634146341463413,79.51219512195122,73.17073170731707,6.341463414634147
E00090644,219,46,20,26,173,159,14,21.00456621004566,9.1324200913242,11.87214611872146,78.99543378995433,72.6027397260274,6.392694063926941
E00090645,162,37,12,25,125,108,17,22.839506172839506,7.4074074074074066,15.432098765432098,77.1604938271605,66.66666666666666,10.493827160493826
E00090646,200,42,20,22,158,130,28,21,10,11,79,65,14.000000000000002
E00090647,222,72,17,55,150,138,12,32.432432432432435,7.657657657657657,24.774774774774773,67.56756756756756,62.16216216216216,5.405405405405405
E00090648,156,41,13,28,115,107,8,26.282051282051285,8.333333333333332,17.94871794871795,73.71794871794873,68.58974358974359,5.128205128205128
E00090649,179,58,26,32,121,100,21,32.402234636871505,14.52513966480447,17.877094972067038,67.59776536312849,55.865921787709496,11.731843575418994
E00090650,182,56,23,33,126,111,15,30.76923076923077,12.637362637362637,18.13186813186813,69.23076923076923,60.98901098901099,8.241758241758241
E00090651,159,32,9,23,127,111,16,20.125786163522015,5.660377358490567,14.465408805031446,79.87421383647799,69.81132075471697,10.062893081761008
E00090653,229,62,23,39,167,135,32,27.074235807860266,10.043668122270741,17.03056768558952,72.92576419213974,58.951965065502186,13.973799126637553
E00090654,98,30,6,24,68,59,9,30.612244897959183,6.122448979591836,24.489795918367346,69.38775510204081,60.204081632653065,9.183673469387756
E00090655,245,49,18,31,196,175,21,20,7.346938775510205,12.653061224489795,80,71.42857142857143,8.571428571428571
E00090656,223,67,24,43,156,140,16,30.04484304932735,10.762331838565023,19.282511210762333,69.95515695067265,62.78026905829597,7.174887892376682
E00090657,147,48,17,31,99,94,5,32.6530612244898,11.564625850340136,21.08843537414966,67.3469387755102,63.94557823129252,3.4013605442176873
E00090658,178,49,19,30,129,108,21,27.52808988764045,10.674157303370785,16.853932584269664,72.47191011235955,60.67415730337079,11.797752808988763
E00090659,133,37,14,23,96,84,12,27.819548872180448,10.526315789473683,17.293233082706767,72.18045112781954,63.1578947368421,9.022556390977442
E00090660,157,47,20,27,110,94,16,29.936305732484076,12.738853503184714,17.197452229299362,70.06369426751591,59.87261146496815,10.191082802547772
E00090661,175,53,25,28,122,113,9,30.28571428571429,14.285714285714285,16,69.71428571428572,64.57142857142857,5.142857142857142
E00090662,157,36,13,23,121,106,15,22.929936305732486,8.280254777070063,14.64968152866242,77.07006369426752,67.51592356687898,9.554140127388536
E00090663,186,48,14,34,138,122,16,25.806451612903224,7.526881720430108,18.27956989247312,74.19354838709677,65.59139784946237,8.60215053763441
E00090664,132,46,14,32,86,83,3,34.84848484848485,10.606060606060606,24.242424242424242,65.15151515151516,62.878787878787875,2.272727272727273
E00090665,289,61,18,43,228,186,42,21.10726643598616,6.228373702422145,14.878892733564014,78.89273356401384,64.3598615916955,14.53287197231834
E00090666,209,53,21,32,156,136,20,25.358851674641148,10.047846889952153,15.311004784688995,74.64114832535886,65.07177033492823,9.569377990430622
E00090667,134,50,16,34,84,78,6,37.3134328358209,11.940298507462686,25.37313432835821,62.68656716417911,58.2089552238806,4.477611940298507
E00090668,179,51,15,36,128,118,10,28.49162011173184,8.379888268156424,20.11173184357542,71.50837988826815,65.92178770949721,5.58659217877095
E00090669,164,58,14,44,106,95,11,35.36585365853659,8.536585365853659,26.82926829268293,64.63414634146342,57.92682926829268,6.707317073170732
E00090670,209,45,14,31,164,140,24,21.5311004784689,6.698564593301436,14.832535885167463,78.4688995215311,66.98564593301435,11.483253588516746
E00090671,140,43,17,26,97,82,15,30.714285714285715,12.142857142857142,18.571428571428573,69.28571428571428,58.57142857142858,10.714285714285714
E00090672,154,56,22,34,98,90,8,36.36363636363637,14.285714285714285,22.07792207792208,63.63636363636363,58.44155844155844,5.194805194805195
E00090673,202,61,26,35,141,124,17,30.198019801980198,12.871287128712872,17.326732673267326,69.80198019801979,61.386138613861384,8.415841584158416
E00090674,122,43,13,30,79,73,6,35.24590163934426,10.655737704918032,24.59016393442623,64.75409836065575,59.83606557377049,4.918032786885246
E00090675,180,57,19,38,123,103,20,31.666666666666664,10.555555555555555,21.11111111111111,68.33333333333333,57.22222222222222,11.11111111111111
E00090676,132,47,22,25,85,76,9,35.60606060606061,16.666666666666664,18.939393939393938,64.39393939393939,57.57575757575758,6.8181818181818175
E00090677,177,55,13,42,122,110,12,31.07344632768362,7.344632768361582,23.728813559322035,68.92655367231639,62.14689265536724,6.779661016949152
E00090678,123,35,12,23,88,78,10,28.455284552845526,9.75609756097561,18.69918699186992,71.54471544715447,63.41463414634146,8.130081300813007
E00090679,182,26,10,16,156,143,13,14.285714285714285,5.4945054945054945,8.791208791208792,85.71428571428571,78.57142857142857,7.142857142857142
E00090680,182,70,22,48,112,106,6,38.46153846153847,12.087912087912088,26.373626373626376,61.53846153846154,58.24175824175825,3.296703296703297
E00090681,170,55,20,35,115,107,8,32.35294117647059,11.76470588235294,20.588235294117645,67.64705882352942,62.94117647058823,4.705882352941177
E00090682,193,55,14,41,138,123,15,28.497409326424872,7.253886010362693,21.243523316062177,71.50259067357513,63.730569948186535,7.772020725388601
E00090683,131,43,12,31,88,75,13,32.82442748091603,9.16030534351145,23.66412213740458,67.17557251908397,57.25190839694656,9.923664122137405
E00090684,153,53,18,35,100,91,9,34.64052287581699,11.76470588235294,22.875816993464053,65.359477124183,59.47712418300654,5.88235294117647
E00090685,116,34,3,31,82,76,6,29.310344827586203,2.586206896551724,26.72413793103448,70.6896551724138,65.51724137931035,5.172413793103448
E00090686,212,51,22,29,161,131,30,24.056603773584907,10.377358490566039,13.679245283018867,75.94339622641509,61.79245283018868,14.150943396226415
E00090688,170,40,12,28,130,117,13,23.52941176470588,7.0588235294117645,16.470588235294116,76.47058823529412,68.82352941176471,7.647058823529412
E00090689,165,28,7,21,137,124,13,16.969696969696972,4.242424242424243,12.727272727272727,83.03030303030303,75.15151515151514,7.878787878787878
E00090691,161,49,13,36,112,94,18,30.434782608695656,8.074534161490684,22.36024844720497,69.56521739130434,58.38509316770186,11.180124223602485
E00090692,162,46,12,34,116,103,13,28.39506172839506,7.4074074074074066,20.98765432098765,71.60493827160494,63.580246913580254,8.024691358024691
E00090694,140,34,11,23,106,98,8,24.285714285714285,7.857142857142857,16.428571428571427,75.71428571428571,70,5.714285714285714
E00090695,151,43,18,25,108,98,10,28.47682119205298,11.920529801324504,16.55629139072848,71.52317880794702,64.90066225165563,6.622516556291391
E00090696,148,31,6,25,117,105,12,20.945945945945947,4.054054054054054,16.89189189189189,79.05405405405406,70.94594594594594,8.108108108108109
E00090697,152,57,13,44,95,87,8,37.5,8.552631578947368,28.947368421052634,62.5,57.23684210526315,5.263157894736842
E00090700,142,34,16,18,108,77,31,23.943661971830984,11.267605633802818,12.676056338028168,76.05633802816901,54.22535211267606,21.830985915492956
E00090701,148,37,16,21,111,91,20,25,10.81081081081081,14.18918918918919,75,61.48648648648649,13.513513513513514
E00090702,77,26,14,12,51,43,8,33.76623376623377,18.181818181818183,15.584415584415584,66.23376623376623,55.84415584415584,10.38961038961039
E00090703,77,15,8,7,62,54,8,19.480519480519483,10.38961038961039,9.090909090909092,80.51948051948052,70.12987012987013,10.38961038961039
E00090704,170,38,13,25,132,94,38,22.35294117647059,7.647058823529412,14.705882352941178,77.64705882352942,55.294117647058826,22.35294117647059
E00090705,136,40,24,16,96,71,25,29.411764705882355,17.647058823529413,11.76470588235294,70.58823529411765,52.20588235294118,18.38235294117647
E00090707,156,41,18,23,115,93,22,26.282051282051285,11.538461538461538,14.743589743589745,73.71794871794873,59.61538461538461,14.102564102564102
E00090708,145,39,21,18,106,84,22,26.89655172413793,14.482758620689657,12.413793103448276,73.10344827586206,57.931034482758626,15.172413793103448
E00090710,270,137,118,19,133,89,44,50.74074074074074,43.7037037037037,7.037037037037037,49.25925925925926,32.96296296296296,16.296296296296298
E00090712,196,82,66,16,114,72,42,41.83673469387755,33.6734693877551,8.16326530612245,58.16326530612245,36.734693877551024,21.428571428571427
E00090714,78,29,12,17,49,38,11,37.17948717948718,15.384615384615385,21.794871794871796,62.82051282051282,48.717948717948715,14.102564102564102
E00090715,128,54,46,8,74,48,26,42.1875,35.9375,6.25,57.8125,37.5,20.3125
E00090716,135,37,18,19,98,70,28,27.40740740740741,13.333333333333334,14.074074074074074,72.5925925925926,51.85185185185185,20.74074074074074
E00090717,135,44,14,30,91,70,21,32.592592592592595,10.37037037037037,22.22222222222222,67.4074074074074,51.85185185185185,15.555555555555555
E00090719,170,41,17,24,129,108,21,24.11764705882353,10,14.117647058823529,75.88235294117646,63.52941176470588,12.352941176470589
E00090720,125,29,14,15,96,69,27,23.200000000000003,11.200000000000001,12,76.8,55.2,21.6
E00090721,114,38,17,21,76,54,22,33.33333333333333,14.912280701754385,18.421052631578945,66.66666666666666,47.368421052631575,19.298245614035086
E00090723,309,170,139,31,139,98,41,55.016181229773466,44.983818770226534,10.032362459546926,44.983818770226534,31.715210355987054,13.268608414239482
E00090724,81,20,7,13,61,45,16,24.691358024691358,8.641975308641975,16.049382716049383,75.30864197530865,55.55555555555556,19.753086419753085
E00090726,108,38,19,19,70,49,21,35.18518518518518,17.59259259259259,17.59259259259259,64.81481481481481,45.370370370370374,19.444444444444446
E00090727,192,40,24,16,152,126,26,20.833333333333336,12.5,8.333333333333332,79.16666666666666,65.625,13.541666666666666
E00090728,185,46,17,29,139,121,18,24.864864864864867,9.18918918918919,15.675675675675677,75.13513513513513,65.4054054054054,9.72972972972973
E00090729,243,54,26,28,189,153,36,22.22222222222222,10.699588477366255,11.522633744855968,77.77777777777779,62.96296296296296,14.814814814814813
E00090730,91,26,11,15,65,54,11,28.57142857142857,12.087912087912088,16.483516483516482,71.42857142857143,59.34065934065934,12.087912087912088
E00090731,162,46,24,22,116,78,38,28.39506172839506,14.814814814814813,13.580246913580247,71.60493827160494,48.148148148148145,23.456790123456788
E00090733,190,55,22,33,135,117,18,28.947368421052634,11.578947368421053,17.36842105263158,71.05263157894737,61.578947368421055,9.473684210526317
E00090734,133,48,25,23,85,56,29,36.09022556390977,18.796992481203006,17.293233082706767,63.90977443609023,42.10526315789473,21.804511278195488
E00090736,120,19,11,8,101,74,27,15.833333333333332,9.166666666666666,6.666666666666667,84.16666666666667,61.66666666666667,22.5
E00090737,145,38,12,26,107,77,30,26.20689655172414,8.275862068965518,17.93103448275862,73.79310344827587,53.103448275862064,20.689655172413794
E00090738,190,72,27,45,118,96,22,37.89473684210527,14.210526315789473,23.684210526315788,62.10526315789474,50.526315789473685,11.578947368421053
E00090739,132,26,14,12,106,90,16,19.696969696969695,10.606060606060606,9.090909090909092,80.3030303030303,68.18181818181817,12.121212121212121
E00090740,108,32,9,23,76,62,14,29.629629629629626,8.333333333333332,21.296296296296298,70.37037037037037,57.407407407407405,12.962962962962962
E00090741,194,73,35,38,121,100,21,37.628865979381445,18.04123711340206,19.587628865979383,62.371134020618555,51.546391752577314,10.824742268041238
E00090742,134,26,5,21,108,91,17,19.402985074626866,3.731343283582089,15.671641791044777,80.59701492537313,67.91044776119402,12.686567164179104
E00090743,123,29,15,14,94,68,26,23.577235772357724,12.195121951219512,11.38211382113821,76.42276422764228,55.28455284552846,21.138211382113823
E00090744,159,60,28,32,99,82,17,37.735849056603776,17.61006289308176,20.125786163522015,62.264150943396224,51.57232704402516,10.69182389937107
E00090745,106,41,30,11,65,46,19,38.67924528301887,28.30188679245283,10.377358490566039,61.32075471698113,43.39622641509434,17.92452830188679
E00090746,198,35,16,19,163,125,38,17.67676767676768,8.080808080808081,9.595959595959595,82.32323232323232,63.13131313131313,19.19191919191919
E00090747,86,23,12,11,63,46,17,26.744186046511626,13.953488372093023,12.790697674418606,73.25581395348837,53.48837209302325,19.767441860465116
E00090748,207,56,26,30,151,117,34,27.053140096618357,12.560386473429952,14.492753623188406,72.94685990338165,56.52173913043478,16.425120772946862
E00090749,205,45,20,25,160,114,46,21.951219512195124,9.75609756097561,12.195121951219512,78.04878048780488,55.60975609756098,22.439024390243905
E00090750,187,48,16,32,139,118,21,25.668449197860966,8.55614973262032,17.11229946524064,74.33155080213903,63.101604278074866,11.229946524064172
E00090751,170,49,13,36,121,107,14,28.823529411764703,7.647058823529412,21.176470588235293,71.17647058823529,62.94117647058823,8.235294117647058
E00090752,161,44,12,32,117,104,13,27.32919254658385,7.453416149068323,19.875776397515526,72.67080745341616,64.59627329192547,8.074534161490684
E00090753,212,59,21,38,153,112,41,27.830188679245282,9.90566037735849,17.92452830188679,72.16981132075472,52.83018867924528,19.339622641509436
E00090754,195,49,16,33,146,113,33,25.128205128205128,8.205128205128204,16.923076923076923,74.87179487179488,57.948717948717956,16.923076923076923
E00090755,226,62,15,47,164,137,27,27.43362831858407,6.637168141592921,20.79646017699115,72.56637168141593,60.61946902654868,11.946902654867257
E00090756,162,52,15,37,110,88,22,32.098765432098766,9.25925925925926,22.839506172839506,67.90123456790124,54.32098765432099,13.580246913580247
E00090757,132,32,8,24,100,84,16,24.242424242424242,6.0606060606060606,18.181818181818183,75.75757575757575,63.63636363636363,12.121212121212121
E00090758,158,35,11,24,123,106,17,22.151898734177212,6.962025316455696,15.18987341772152,77.84810126582279,67.08860759493672,10.759493670886076
E00090759,302,46,15,31,256,212,44,15.2317880794702,4.966887417218543,10.264900662251655,84.76821192052981,70.19867549668875,14.56953642384106
E00090760,143,46,20,26,97,73,24,32.16783216783217,13.986013986013987,18.181818181818183,67.83216783216784,51.048951048951054,16.783216783216783
E00090762,124,40,26,14,84,63,21,32.25806451612903,20.967741935483872,11.29032258064516,67.74193548387096,50.806451612903224,16.93548387096774
E00090763,199,49,17,32,150,117,33,24.623115577889447,8.542713567839195,16.08040201005025,75.37688442211056,58.79396984924623,16.582914572864322
E00090765,167,40,16,24,127,98,29,23.952095808383234,9.580838323353294,14.37125748502994,76.04790419161677,58.68263473053892,17.365269461077844
E00090766,171,35,11,24,136,108,28,20.46783625730994,6.432748538011696,14.035087719298245,79.53216374269006,63.1578947368421,16.374269005847953
E00090767,149,17,4,13,132,119,13,11.409395973154362,2.684563758389262,8.724832214765101,88.59060402684564,79.86577181208054,8.724832214765101
E00090768,243,71,24,47,172,134,38,29.218106995884774,9.876543209876543,19.34156378600823,70.78189300411523,55.144032921810705,15.637860082304528
E00090771,236,62,24,38,174,152,22,26.27118644067797,10.16949152542373,16.101694915254235,73.72881355932203,64.40677966101694,9.322033898305085
E00090772,178,61,19,42,117,99,18,34.26966292134831,10.674157303370785,23.595505617977526,65.73033707865169,55.61797752808989,10.112359550561797
E00090773,234,43,18,25,191,167,24,18.37606837606838,7.6923076923076925,10.683760683760683,81.62393162393163,71.36752136752136,10.256410256410255
E00090774,218,55,20,35,163,135,28,25.229357798165136,9.174311926605505,16.055045871559635,74.77064220183486,61.92660550458715,12.844036697247708
E00090775,173,52,19,33,121,109,12,30.057803468208093,10.982658959537572,19.07514450867052,69.94219653179191,63.005780346820806,6.9364161849710975
E00090777,191,29,14,15,162,137,25,15.18324607329843,7.329842931937172,7.853403141361256,84.81675392670157,71.72774869109948,13.089005235602095
E00090778,283,137,67,70,146,129,17,48.409893992932865,23.674911660777383,24.73498233215548,51.590106007067135,45.583038869257955,6.007067137809187
E00090779,178,44,21,23,134,113,21,24.719101123595504,11.797752808988763,12.921348314606742,75.28089887640449,63.48314606741573,11.797752808988763
E00090780,243,63,27,36,180,154,26,25.925925925925924,11.11111111111111,14.814814814814813,74.07407407407408,63.37448559670782,10.699588477366255
E00090781,284,72,27,45,212,192,20,25.352112676056336,9.507042253521126,15.845070422535212,74.64788732394366,67.6056338028169,7.042253521126761
E00090782,121,28,7,21,93,77,16,23.140495867768596,5.785123966942149,17.355371900826448,76.85950413223141,63.63636363636363,13.223140495867769
E00090783,124,37,16,21,87,71,16,29.838709677419356,12.903225806451612,16.93548387096774,70.16129032258065,57.25806451612904,12.903225806451612
E00090785,176,55,18,37,121,103,18,31.25,10.227272727272728,21.022727272727273,68.75,58.52272727272727,10.227272727272728
E00090786,203,36,11,25,167,146,21,17.733990147783253,5.41871921182266,12.31527093596059,82.26600985221675,71.92118226600985,10.344827586206897
E00090788,163,41,17,24,122,104,18,25.153374233128833,10.429447852760736,14.723926380368098,74.84662576687117,63.80368098159509,11.042944785276074
E00090789,186,50,11,39,136,115,21,26.881720430107524,5.913978494623656,20.967741935483872,73.11827956989248,61.82795698924731,11.29032258064516
E00090790,226,59,16,43,167,153,14,26.10619469026549,7.079646017699115,19.02654867256637,73.89380530973452,67.69911504424779,6.1946902654867255
E00090791,128,34,13,21,94,80,14,26.5625,10.15625,16.40625,73.4375,62.5,10.9375
E00090792,143,29,9,20,114,101,13,20.27972027972028,6.293706293706294,13.986013986013987,79.72027972027972,70.62937062937063,9.090909090909092
E00090793,177,44,21,23,133,114,19,24.858757062146893,11.864406779661017,12.994350282485875,75.14124293785311,64.40677966101694,10.734463276836157
E00090794,108,18,9,9,90,76,14,16.666666666666664,8.333333333333332,8.333333333333332,83.33333333333334,70.37037037037037,12.962962962962962
E00090795,229,45,21,24,184,142,42,19.65065502183406,9.170305676855897,10.480349344978166,80.34934497816593,62.00873362445415,18.340611353711793
E00090796,144,32,16,16,112,102,10,22.22222222222222,11.11111111111111,11.11111111111111,77.77777777777779,70.83333333333334,6.944444444444445
E00090797,148,35,12,23,113,97,16,23.64864864864865,8.108108108108109,15.54054054054054,76.35135135135135,65.54054054054053,10.81081081081081
E00090798,49,10,8,2,39,31,8,20.408163265306122,16.3265306122449,4.081632653061225,79.59183673469387,63.26530612244898,16.3265306122449
E00090799,177,51,19,32,126,117,9,28.8135593220339,10.734463276836157,18.07909604519774,71.1864406779661,66.10169491525424,5.084745762711865
E00090800,198,47,10,37,151,131,20,23.737373737373737,5.05050505050505,18.68686868686869,76.26262626262627,66.16161616161617,10.1010101010101
E00090801,151,48,25,23,103,87,16,31.788079470198678,16.55629139072848,15.2317880794702,68.21192052980133,57.615894039735096,10.596026490066226
E00090802,52,15,8,7,37,34,3,28.846153846153843,15.384615384615385,13.461538461538462,71.15384615384616,65.38461538461539,5.769230769230769
E00090803,114,25,6,19,89,65,24,21.929824561403507,5.263157894736842,16.666666666666664,78.0701754385965,57.01754385964912,21.052631578947366
E00090804,216,30,14,16,186,144,42,13.88888888888889,6.481481481481481,7.4074074074074066,86.11111111111111,66.66666666666666,19.444444444444446
E00090805,82,31,7,24,51,33,18,37.80487804878049,8.536585365853659,29.268292682926827,62.19512195121951,40.243902439024396,21.951219512195124
E00090806,96,19,11,8,77,70,7,19.791666666666664,11.458333333333332,8.333333333333332,80.20833333333334,72.91666666666666,7.291666666666667
E00090808,154,43,22,21,111,95,16,27.92207792207792,14.285714285714285,13.636363636363635,72.07792207792207,61.68831168831169,10.38961038961039
E00090809,169,36,18,18,133,100,33,21.301775147928996,10.650887573964498,10.650887573964498,78.69822485207101,59.171597633136095,19.526627218934912
E00090811,99,33,13,20,66,51,15,33.33333333333333,13.131313131313133,20.2020202020202,66.66666666666666,51.515151515151516,15.151515151515152
E00090816,175,43,15,28,132,106,26,24.571428571428573,8.571428571428571,16,75.42857142857143,60.57142857142858,14.857142857142858
E00090817,75,25,7,18,50,40,10,33.33333333333333,9.333333333333334,24,66.66666666666666,53.333333333333336,13.333333333333334
E00090820,161,37,12,25,124,111,13,22.981366459627328,7.453416149068323,15.527950310559005,77.01863354037268,68.94409937888199,8.074534161490684
E00090822,129,29,14,15,100,79,21,22.48062015503876,10.852713178294573,11.627906976744185,77.51937984496125,61.240310077519375,16.27906976744186
E00090824,150,37,20,17,113,93,20,24.666666666666668,13.333333333333334,11.333333333333332,75.33333333333333,62,13.333333333333334
E00090825,158,24,7,17,134,125,9,15.18987341772152,4.430379746835443,10.759493670886076,84.81012658227847,79.11392405063292,5.69620253164557
E00090826,199,62,21,41,137,123,14,31.155778894472363,10.552763819095476,20.603015075376884,68.84422110552764,61.80904522613066,7.035175879396985
E00090827,189,50,21,29,139,106,33,26.455026455026452,11.11111111111111,15.343915343915343,73.54497354497354,56.08465608465608,17.46031746031746
E00090828,173,49,12,37,124,104,20,28.32369942196532,6.9364161849710975,21.38728323699422,71.67630057803468,60.115606936416185,11.560693641618498
E00090829,154,48,25,23,106,87,19,31.16883116883117,16.233766233766232,14.935064935064934,68.83116883116884,56.493506493506494,12.337662337662337
E00090830,194,31,14,17,163,132,31,15.979381443298967,7.216494845360824,8.762886597938143,84.02061855670104,68.04123711340206,15.979381443298967
E00090831,122,35,16,19,87,72,15,28.688524590163933,13.114754098360656,15.573770491803279,71.31147540983606,59.01639344262295,12.295081967213115
E00090832,152,50,19,31,102,78,24,32.89473684210527,12.5,20.394736842105264,67.10526315789474,51.31578947368421,15.789473684210526
E00090833,171,55,23,32,116,92,24,32.16374269005848,13.450292397660817,18.71345029239766,67.83625730994152,53.80116959064327,14.035087719298245
E00090834,175,51,17,34,124,108,16,29.142857142857142,9.714285714285714,19.428571428571427,70.85714285714285,61.71428571428571,9.142857142857142
E00090835,181,49,16,33,132,109,23,27.071823204419886,8.83977900552486,18.23204419889503,72.92817679558011,60.22099447513812,12.70718232044199
E00090836,149,44,20,24,105,79,26,29.53020134228188,13.422818791946309,16.10738255033557,70.46979865771812,53.02013422818792,17.449664429530202
E00090837,155,45,21,24,110,81,29,29.03225806451613,13.548387096774196,15.483870967741936,70.96774193548387,52.25806451612903,18.70967741935484
E00090838,181,56,20,36,125,108,17,30.939226519337016,11.049723756906078,19.88950276243094,69.06077348066299,59.66850828729282,9.392265193370166
E00090839,253,52,20,32,201,167,34,20.55335968379447,7.905138339920949,12.648221343873518,79.44664031620553,66.00790513833992,13.438735177865613
E00090840,198,73,32,41,125,92,33,36.868686868686865,16.161616161616163,20.707070707070706,63.13131313131313,46.464646464646464,16.666666666666664
E00090841,184,64,29,35,120,93,27,34.78260869565217,15.760869565217392,19.021739130434785,65.21739130434783,50.54347826086957,14.673913043478262
E00090842,153,46,18,28,107,81,26,30.065359477124183,11.76470588235294,18.30065359477124,69.93464052287581,52.94117647058824,16.99346405228758
E00090843,225,83,48,35,142,112,30,36.888888888888886,21.333333333333336,15.555555555555555,63.11111111111111,49.77777777777778,13.333333333333334
E00090844,148,41,19,22,107,81,26,27.7027027027027,12.837837837837837,14.864864864864865,72.2972972972973,54.729729729729726,17.56756756756757
E00090845,80,18,12,6,62,47,15,22.5,15,7.5,77.5,58.75,18.75
E00090846,108,9,3,6,99,87,12,8.333333333333332,2.7777777777777777,5.555555555555555,91.66666666666666,80.55555555555556,11.11111111111111
E00090847,121,26,9,17,95,88,7,21.487603305785125,7.43801652892562,14.049586776859504,78.51239669421489,72.72727272727273,5.785123966942149
E00090848,150,26,14,12,124,110,14,17.333333333333336,9.333333333333334,8,82.66666666666667,73.33333333333333,9.333333333333334
E00090849,117,33,17,16,84,76,8,28.205128205128204,14.529914529914532,13.675213675213676,71.7948717948718,64.95726495726495,6.837606837606838
E00090850,152,14,4,10,138,112,26,9.210526315789473,2.631578947368421,6.578947368421052,90.78947368421053,73.68421052631578,17.105263157894736
E00090851,113,43,18,25,70,61,9,38.05309734513274,15.929203539823009,22.123893805309734,61.94690265486725,53.98230088495575,7.964601769911504
E00090852,132,49,17,32,83,70,13,37.121212121212125,12.878787878787879,24.242424242424242,62.878787878787875,53.03030303030303,9.848484848484848
E00167050,183,26,8,18,157,132,25,14.207650273224044,4.371584699453552,9.836065573770492,85.79234972677595,72.1311475409836,13.661202185792352
E00167051,191,60,36,24,131,103,28,31.413612565445025,18.848167539267017,12.56544502617801,68.58638743455498,53.92670157068062,14.659685863874344
E00167052,134,18,8,10,116,97,19,13.432835820895523,5.970149253731343,7.462686567164178,86.56716417910447,72.38805970149254,14.17910447761194
E00167053,194,37,12,25,157,142,15,19.072164948453608,6.185567010309279,12.886597938144329,80.9278350515464,73.19587628865979,7.731958762886598
E00167054,130,31,12,19,99,89,10,23.846153846153847,9.230769230769232,14.615384615384617,76.15384615384615,68.46153846153847,7.6923076923076925
E00167055,139,28,7,21,111,90,21,20.14388489208633,5.0359712230215825,15.107913669064748,79.85611510791367,64.74820143884892,15.107913669064748
E00167056,94,24,9,15,70,56,14,25.53191489361702,9.574468085106384,15.957446808510639,74.46808510638297,59.57446808510638,14.893617021276595
E00167057,92,28,9,19,64,50,14,30.434782608695656,9.782608695652174,20.652173913043477,69.56521739130434,54.347826086956516,15.217391304347828
E00167058,181,52,18,34,129,106,23,28.7292817679558,9.94475138121547,18.784530386740332,71.27071823204419,58.5635359116022,12.70718232044199
E00167060,139,47,29,18,92,54,38,33.81294964028777,20.863309352517987,12.949640287769784,66.18705035971223,38.84892086330935,27.33812949640288
E00167061,128,19,10,9,109,92,17,14.84375,7.8125,7.03125,85.15625,71.875,13.28125
E00167062,101,42,22,20,59,30,29,41.584158415841586,21.782178217821784,19.801980198019802,58.415841584158414,29.7029702970297,28.71287128712871
E00167063,85,10,3,7,75,64,11,11.76470588235294,3.5294117647058822,8.235294117647058,88.23529411764706,75.29411764705883,12.941176470588237
E00167064,81,19,10,9,62,52,10,23.456790123456788,12.345679012345679,11.11111111111111,76.5432098765432,64.19753086419753,12.345679012345679
E00167065,143,44,18,26,99,79,20,30.76923076923077,12.587412587412588,18.181818181818183,69.23076923076923,55.24475524475524,13.986013986013987
E00167066,167,40,16,24,127,101,26,23.952095808383234,9.580838323353294,14.37125748502994,76.04790419161677,60.47904191616767,15.568862275449103
E00167068,126,15,4,11,111,94,17,11.904761904761903,3.1746031746031744,8.73015873015873,88.09523809523809,74.60317460317461,13.492063492063492
E00167069,136,23,14,9,113,95,18,16.911764705882355,10.294117647058822,6.61764705882353,83.08823529411765,69.85294117647058,13.23529411764706
E00167070,281,51,21,30,230,180,50,18.14946619217082,7.473309608540925,10.676156583629894,81.85053380782918,64.05693950177937,17.793594306049823
E00167071,169,30,9,21,139,107,32,17.75147928994083,5.325443786982249,12.42603550295858,82.24852071005917,63.31360946745562,18.93491124260355
E00167072,164,34,12,22,130,113,17,20.73170731707317,7.317073170731707,13.414634146341465,79.26829268292683,68.90243902439023,10.365853658536585
E00167075,416,220,188,32,196,121,75,52.88461538461539,45.19230769230769,7.6923076923076925,47.11538461538461,29.086538461538463,18.028846153846153
E00167076,72,31,26,5,41,34,7,43.05555555555556,36.11111111111111,6.944444444444445,56.94444444444444,47.22222222222222,9.722222222222223
E00167077,112,39,24,15,73,43,30,34.82142857142857,21.428571428571427,13.392857142857142,65.17857142857143,38.392857142857146,26.785714285714285
E00167349,225,57,24,33,168,136,32,25.333333333333336,10.666666666666668,14.666666666666666,74.66666666666667,60.44444444444444,14.222222222222221
E00167351,278,57,21,36,221,195,26,20.503597122302157,7.553956834532374,12.949640287769784,79.49640287769785,70.14388489208633,9.352517985611511
E00167353,181,70,36,34,111,88,23,38.67403314917127,19.88950276243094,18.784530386740332,61.32596685082873,48.61878453038674,12.70718232044199
E00167354,101,23,9,14,78,55,23,22.772277227722775,8.91089108910891,13.861386138613863,77.22772277227723,54.45544554455446,22.772277227722775
E00167356,177,66,54,12,111,93,18,37.28813559322034,30.508474576271187,6.779661016949152,62.71186440677966,52.54237288135594,10.16949152542373
E00167357,91,22,11,11,69,51,18,24.175824175824175,12.087912087912088,12.087912087912088,75.82417582417582,56.043956043956044,19.78021978021978
E00167359,103,24,13,11,79,44,35,23.300970873786408,12.62135922330097,10.679611650485436,76.69902912621359,42.71844660194174,33.980582524271846
E00167360,167,21,7,14,146,111,35,12.574850299401197,4.191616766467066,8.383233532934131,87.42514970059881,66.46706586826348,20.958083832335326
E00167362,108,27,8,19,81,59,22,25,7.4074074074074066,17.59259259259259,75,54.629629629629626,20.37037037037037
E00167363,100,13,5,8,87,71,16,13,5,8,87,71,16
E00167365,151,41,28,13,110,94,16,27.1523178807947,18.543046357615893,8.609271523178808,72.84768211920529,62.251655629139066,10.596026490066226
E00167367,276,51,19,32,225,182,43,18.478260869565215,6.884057971014493,11.594202898550725,81.52173913043478,65.94202898550725,15.579710144927535
E00167368,120,27,13,14,93,73,20,22.5,10.833333333333334,11.666666666666666,77.5,60.83333333333333,16.666666666666664
E00167371,138,23,12,11,115,90,25,16.666666666666664,8.695652173913043,7.971014492753622,83.33333333333334,65.21739130434783,18.115942028985508
E00167373,97,27,14,13,70,48,22,27.835051546391753,14.432989690721648,13.402061855670103,72.16494845360825,49.48453608247423,22.68041237113402
E00167374,467,103,56,47,364,297,67,22.055674518201286,11.991434689507495,10.06423982869379,77.94432548179871,63.597430406852254,14.346895074946467
E00167379,180,33,16,17,147,127,20,18.333333333333332,8.88888888888889,9.444444444444445,81.66666666666667,70.55555555555556,11.11111111111111
E00167381,135,45,20,25,90,69,21,33.33333333333333,14.814814814814813,18.51851851851852,66.66666666666666,51.11111111111111,15.555555555555555
E00167476,67,21,8,13,46,34,12,31.343283582089555,11.940298507462686,19.402985074626866,68.65671641791045,50.74626865671642,17.91044776119403
E00187609,93,24,11,13,69,51,18,25.806451612903224,11.827956989247312,13.978494623655912,74.19354838709677,54.83870967741935,19.35483870967742
E00187610,132,34,13,21,98,81,17,25.757575757575758,9.848484848484848,15.909090909090908,74.24242424242425,61.36363636363637,12.878787878787879
E00187619,379,106,25,81,273,242,31,27.96833773087071,6.596306068601583,21.372031662269126,72.0316622691293,63.852242744063325,8.179419525065963
E00187632,194,52,26,26,142,135,7,26.804123711340207,13.402061855670103,13.402061855670103,73.19587628865979,69.58762886597938,3.608247422680412
E00187634,116,66,28,38,50,50,0,56.896551724137936,24.137931034482758,32.758620689655174,43.103448275862064,43.103448275862064,0
E00187636,128,30,17,13,98,95,3,23.4375,13.28125,10.15625,76.5625,74.21875,2.34375
E00187642,140,49,20,29,91,83,8,35,14.285714285714285,20.714285714285715,65,59.285714285714285,5.714285714285714
E00187645,242,37,28,9,205,197,8,15.289256198347106,11.570247933884298,3.71900826446281,84.71074380165288,81.40495867768594,3.3057851239669422
E00187649,104,23,18,5,81,65,16,22.115384615384613,17.307692307692307,4.807692307692308,77.88461538461539,62.5,15.384615384615385
E00187652,273,71,13,58,202,184,18,26.00732600732601,4.761904761904762,21.245421245421245,73.992673992674,67.3992673992674,6.593406593406594
E00187653,138,33,8,25,105,92,13,23.91304347826087,5.797101449275362,18.115942028985508,76.08695652173914,66.66666666666666,9.420289855072465
E00187655,315,70,21,49,245,190,55,22.22222222222222,6.666666666666667,15.555555555555555,77.77777777777779,60.317460317460316,17.46031746031746
E00187656,314,106,54,52,208,190,18,33.75796178343949,17.197452229299362,16.560509554140125,66.2420382165605,60.509554140127385,5.7324840764331215
E00187659,276,85,16,69,191,177,14,30.79710144927536,5.797101449275362,25,69.20289855072464,64.13043478260869,5.072463768115942
E00187660,224,68,18,50,156,137,19,30.357142857142854,8.035714285714286,22.321428571428573,69.64285714285714,61.16071428571429,8.482142857142858
E00187661,321,63,19,44,258,205,53,19.626168224299064,5.919003115264798,13.707165109034266,80.37383177570094,63.862928348909655,16.510903426791277
E00187668,102,16,5,11,86,65,21,15.686274509803921,4.901960784313726,10.784313725490197,84.31372549019608,63.725490196078425,20.588235294117645
E00187669,148,31,9,22,117,106,11,20.945945945945947,6.081081081081082,14.864864864864865,79.05405405405406,71.62162162162163,7.4324324324324325
E00187673,153,37,4,33,116,90,26,24.183006535947712,2.6143790849673203,21.568627450980394,75.81699346405229,58.82352941176471,16.99346405228758
E00187678,145,42,13,29,103,69,34,28.965517241379313,8.96551724137931,20,71.03448275862068,47.58620689655172,23.448275862068964
E00187679,79,25,10,15,54,51,3,31.645569620253166,12.658227848101266,18.9873417721519,68.35443037974683,64.55696202531645,3.79746835443038
E00187681,96,40,18,22,56,43,13,41.66666666666667,18.75,22.916666666666664,58.333333333333336,44.79166666666667,13.541666666666666
E00187682,143,49,30,19,94,78,16,34.26573426573427,20.97902097902098,13.286713286713287,65.73426573426573,54.54545454545454,11.188811188811188
E00187684,69,19,8,11,50,42,8,27.536231884057973,11.594202898550725,15.942028985507244,72.46376811594203,60.86956521739131,11.594202898550725
E00187692,49,13,5,8,36,36,0,26.53061224489796,10.204081632653061,16.3265306122449,73.46938775510205,73.46938775510205,0
E00187699,67,16,4,12,51,38,13,23.88059701492537,5.970149253731343,17.91044776119403,76.11940298507463,56.71641791044776,19.402985074626866
E00187702,191,30,13,17,161,144,17,15.706806282722512,6.806282722513089,8.900523560209423,84.29319371727748,75.39267015706807,8.900523560209423
E00187703,98,9,1,8,89,78,11,9.183673469387756,1.0204081632653061,8.16326530612245,90.81632653061224,79.59183673469387,11.224489795918368
E00187705,162,18,9,9,144,110,34,11.11111111111111,5.555555555555555,5.555555555555555,88.88888888888889,67.90123456790124,20.98765432098765
E00187708,171,45,25,20,126,106,20,26.31578947368421,14.619883040935672,11.695906432748536,73.68421052631578,61.98830409356725,11.695906432748536
E00187712,139,51,32,19,88,63,25,36.69064748201439,23.021582733812952,13.66906474820144,63.30935251798561,45.32374100719424,17.985611510791365
E00187713,60,7,3,4,53,44,9,11.666666666666666,5,6.666666666666667,88.33333333333333,73.33333333333333,15
E00187715,268,57,24,33,211,167,44,21.26865671641791,8.955223880597014,12.313432835820896,78.73134328358209,62.31343283582089,16.417910447761194
E00187718,127,22,7,15,105,85,20,17.322834645669293,5.511811023622047,11.811023622047244,82.67716535433071,66.92913385826772,15.748031496062993
E00187721,186,63,28,35,123,108,15,33.87096774193548,15.053763440860216,18.817204301075268,66.12903225806451,58.06451612903226,8.064516129032258
E00187722,303,45,21,24,258,239,19,14.85148514851485,6.9306930693069315,7.920792079207921,85.14851485148515,78.87788778877888,6.270627062706271
E00187725,131,46,18,28,85,77,8,35.11450381679389,13.740458015267176,21.374045801526716,64.8854961832061,58.778625954198475,6.106870229007633
E00187726,288,61,20,41,227,185,42,21.180555555555554,6.944444444444445,14.23611111111111,78.81944444444444,64.23611111111111,14.583333333333334
E00187729,163,44,15,29,119,87,32,26.993865030674847,9.202453987730062,17.791411042944784,73.00613496932516,53.37423312883436,19.631901840490798
E00187732,257,76,48,28,181,139,42,29.571984435797667,18.67704280155642,10.894941634241246,70.42801556420234,54.08560311284047,16.342412451361866
E00187741,63,12,5,7,51,42,9,19.047619047619047,7.936507936507936,11.11111111111111,80.95238095238095,66.66666666666666,14.285714285714285
E00187746,67,13,4,9,54,44,10,19.402985074626866,5.970149253731343,13.432835820895523,80.59701492537313,65.67164179104478,14.925373134328357
E00187751,220,15,4,11,205,175,30,6.8181818181818175,1.8181818181818181,5,93.18181818181817,79.54545454545455,13.636363636363635
E00187753,60,27,12,15,33,33,0,45,20,25,55.00000000000001,55.00000000000001,0
E00187754,284,50,16,34,234,202,32,17.6056338028169,5.633802816901409,11.971830985915492,82.3943661971831,71.12676056338029,11.267605633802818
E00187757,216,15,5,10,201,166,35,6.944444444444445,2.314814814814815,4.62962962962963,93.05555555555556,76.85185185185185,16.203703703703702
E00187759,328,62,18,44,266,229,37,18.902439024390244,5.487804878048781,13.414634146341465,81.09756097560977,69.8170731707317,11.28048780487805
E00187764,83,15,7,8,68,60,8,18.072289156626507,8.433734939759036,9.63855421686747,81.92771084337349,72.28915662650603,9.63855421686747
E00187766,303,64,30,34,239,201,38,21.122112211221122,9.900990099009901,11.221122112211221,78.87788778877888,66.33663366336634,12.541254125412541
E00187768,114,47,42,5,67,51,16,41.228070175438596,36.84210526315789,4.385964912280701,58.77192982456141,44.73684210526316,14.035087719298245
E00187769,194,48,18,30,146,111,35,24.742268041237114,9.278350515463918,15.463917525773196,75.25773195876289,57.21649484536082,18.04123711340206
E00187770,323,43,21,22,280,226,54,13.312693498452013,6.5015479876160995,6.811145510835913,86.687306501548,69.96904024767801,16.718266253869967
E00187771,111,25,13,12,86,84,2,22.52252252252252,11.711711711711711,10.81081081081081,77.47747747747748,75.67567567567568,1.8018018018018018
E00187776,270,68,32,36,202,161,41,25.185185185185183,11.851851851851853,13.333333333333334,74.81481481481481,59.62962962962963,15.185185185185185
E00187777,142,32,17,15,110,80,30,22.535211267605636,11.971830985915492,10.56338028169014,77.46478873239437,56.33802816901409,21.12676056338028
E00187780,133,23,4,19,110,98,12,17.293233082706767,3.007518796992481,14.285714285714285,82.70676691729322,73.68421052631578,9.022556390977442
E00187781,235,80,53,27,155,121,34,34.04255319148936,22.5531914893617,11.48936170212766,65.95744680851064,51.48936170212765,14.468085106382977
E00187782,152,35,16,19,117,108,9,23.026315789473685,10.526315789473683,12.5,76.97368421052632,71.05263157894737,5.921052631578947
E00187785,121,41,16,25,80,65,15,33.88429752066116,13.223140495867769,20.66115702479339,66.11570247933885,53.71900826446281,12.396694214876034
E00187791,391,86,34,52,305,265,40,21.994884910485936,8.695652173913043,13.299232736572892,78.00511508951406,67.77493606138107,10.230179028132993
E00187793,124,12,5,7,112,94,18,9.67741935483871,4.032258064516129,5.64516129032258,90.32258064516128,75.80645161290323,14.516129032258066
E00187796,104,47,35,12,57,42,15,45.19230769230769,33.65384615384615,11.538461538461538,54.807692307692314,40.38461538461539,14.423076923076922
E00187797,62,11,3,8,51,42,9,17.741935483870968,4.838709677419355,12.903225806451612,82.25806451612904,67.74193548387096,14.516129032258066
E00187801,272,56,26,30,216,200,16,20.588235294117645,9.558823529411764,11.029411764705882,79.41176470588235,73.52941176470588,5.88235294117647
E00187802,124,16,8,8,108,100,8,12.903225806451612,6.451612903225806,6.451612903225806,87.09677419354838,80.64516129032258,6.451612903225806
E00187803,332,64,28,36,268,236,32,19.27710843373494,8.433734939759036,10.843373493975903,80.72289156626506,71.08433734939759,9.63855421686747
E00187805,206,36,26,10,170,156,14,17.475728155339805,12.62135922330097,4.854368932038835,82.52427184466019,75.72815533980582,6.796116504854369
E00187807,60,23,16,7,37,36,1,38.333333333333336,26.666666666666668,11.666666666666666,61.66666666666667,60,1.6666666666666667
E00187816,147,33,13,20,114,72,42,22.448979591836736,8.843537414965986,13.60544217687075,77.55102040816327,48.97959183673469,28.57142857142857
E00187820,208,49,18,31,159,148,11,23.557692307692307,8.653846153846153,14.903846153846153,76.4423076923077,71.15384615384616,5.288461538461538
E00187821,251,54,14,40,197,179,18,21.51394422310757,5.577689243027888,15.936254980079681,78.48605577689243,71.31474103585657,7.171314741035857
E00187822,55,16,10,6,39,29,10,29.09090909090909,18.181818181818183,10.909090909090908,70.9090909090909,52.72727272727272,18.181818181818183
E00187823,93,24,6,18,69,54,15,25.806451612903224,6.451612903225806,19.35483870967742,74.19354838709677,58.06451612903226,16.129032258064516
E00187825,78,26,12,14,52,39,13,33.33333333333333,15.384615384615385,17.94871794871795,66.66666666666666,50,16.666666666666664
E00187829,198,45,23,22,153,115,38,22.727272727272727,11.616161616161616,11.11111111111111,77.27272727272727,58.080808080808076,19.19191919191919
E00187833,277,59,22,37,218,195,23,21.299638989169676,7.9422382671480145,13.357400722021662,78.70036101083032,70.3971119133574,8.303249097472925
E00187834,52,34,22,12,18,16,2,65.38461538461539,42.30769230769231,23.076923076923077,34.61538461538461,30.76923076923077,3.8461538461538463
E00187837,183,37,13,24,146,117,29,20.21857923497268,7.103825136612022,13.114754098360656,79.78142076502732,63.934426229508205,15.846994535519126
E00187840,289,66,21,45,223,192,31,22.837370242214533,7.26643598615917,15.570934256055363,77.16262975778547,66.43598615916954,10.726643598615917
E00187841,233,43,16,27,190,159,31,18.4549356223176,6.866952789699571,11.587982832618025,81.54506437768241,68.24034334763948,13.304721030042918
E00187842,157,61,54,7,96,67,29,38.853503184713375,34.394904458598724,4.45859872611465,61.146496815286625,42.675159235668794,18.471337579617835
E00187848,88,26,7,19,62,49,13,29.545454545454547,7.954545454545454,21.59090909090909,70.45454545454545,55.68181818181818,14.772727272727273
E00187849,88,10,2,8,78,67,11,11.363636363636363,2.272727272727273,9.090909090909092,88.63636363636364,76.13636363636364,12.5
E00187850,220,43,12,31,177,149,28,19.545454545454547,5.454545454545454,14.09090909090909,80.45454545454545,67.72727272727272,12.727272727272727
E00187852,127,28,12,16,99,80,19,22.04724409448819,9.448818897637794,12.598425196850393,77.95275590551181,62.99212598425197,14.960629921259844
