OA,ts0590001,ts0590002,ts0590003,ts0590004,ts0590005,ts0590006,ts0590007,ts0590002_PCT,ts0590003_PCT,ts0590004_PCT,ts0590005_PCT,ts0590006_PCT,ts0590007_PCT
E00162029,168,45,17,28,123,102,21,26.785714285714285,10.119047619047619,16.666666666666664,73.21428571428571,60.71428571428571,12.5
E00162030,205,68,30,38,137,118,19,33.170731707317074,14.634146341463413,18.536585365853657,66.82926829268293,57.56097560975609,9.268292682926829
E00162031,134,54,18,36,80,74,6,40.298507462686565,13.432835820895523,26.865671641791046,59.70149253731343,55.223880597014926,4.477611940298507
E00162032,186,55,18,37,131,117,14,29.56989247311828,9.67741935483871,19.892473118279568,70.43010752688173,62.903225806451616,7.526881720430108
E00162033,208,57,14,43,151,126,25,27.403846153846157,6.730769230769231,20.673076923076923,72.59615384615384,60.57692307692307,12.01923076923077
E00162034,166,59,21,38,107,98,9,35.54216867469879,12.650602409638553,22.89156626506024,64.45783132530121,59.036144578313255,5.421686746987952
E00162035,200,69,16,53,131,115,16,34.5,8,26.5,65.5,57.49999999999999,8
E00162036,177,60,21,39,117,106,11,33.89830508474576,11.864406779661017,22.033898305084744,66.10169491525424,59.887005649717516,6.214689265536723
E00162037,183,56,20,36,127,106,21,30.601092896174865,10.92896174863388,19.672131147540984,69.39890710382514,57.92349726775956,11.475409836065573
E00162038,188,64,22,42,124,103,21,34.04255319148936,11.702127659574469,22.340425531914892,65.95744680851064,54.78723404255319,11.170212765957446
E00162039,157,36,11,25,121,109,12,22.929936305732486,7.006369426751593,15.92356687898089,77.07006369426752,69.42675159235668,7.643312101910828
E00162040,148,43,13,30,105,93,12,29.054054054054053,8.783783783783784,20.27027027027027,70.94594594594594,62.83783783783784,8.108108108108109
E00162041,110,42,18,24,68,63,5,38.18181818181819,16.363636363636363,21.818181818181817,61.81818181818181,57.27272727272727,4.545454545454546
E00162042,186,67,21,46,119,106,13,36.02150537634409,11.29032258064516,24.731182795698924,63.97849462365591,56.98924731182796,6.989247311827956
E00162043,163,60,26,34,103,92,11,36.809815950920246,15.950920245398773,20.858895705521473,63.190184049079754,56.44171779141104,6.748466257668712
E00162044,148,44,13,31,104,92,12,29.72972972972973,8.783783783783784,20.945945945945947,70.27027027027027,62.16216216216216,8.108108108108109
E00162045,225,61,14,47,164,148,16,27.111111111111114,6.222222222222222,20.88888888888889,72.88888888888889,65.77777777777779,7.111111111111111
E00162046,103,34,13,21,69,57,12,33.00970873786408,12.62135922330097,20.388349514563107,66.99029126213593,55.33980582524271,11.650485436893204
E00162047,138,49,19,30,89,78,11,35.507246376811594,13.768115942028986,21.73913043478261,64.4927536231884,56.52173913043478,7.971014492753622
E00162048,187,61,19,42,126,108,18,32.62032085561498,10.16042780748663,22.459893048128343,67.37967914438502,57.75401069518716,9.62566844919786
E00162049,252,71,20,51,181,159,22,28.174603174603174,7.936507936507936,20.238095238095237,71.82539682539682,63.095238095238095,8.73015873015873
E00162050,202,66,25,41,136,115,21,32.67326732673268,12.376237623762377,20.2970297029703,67.32673267326733,56.930693069306926,10.396039603960396
E00162051,178,60,20,40,118,106,12,33.70786516853933,11.235955056179774,22.47191011235955,66.29213483146067,59.55056179775281,6.741573033707865
E00162052,183,65,25,40,118,110,8,35.51912568306011,13.661202185792352,21.85792349726776,64.48087431693989,60.10928961748634,4.371584699453552
E00162053,211,74,31,43,137,122,15,35.07109004739337,14.691943127962084,20.379146919431278,64.92890995260665,57.81990521327014,7.109004739336493
E00162054,87,27,8,19,60,55,5,31.03448275862069,9.195402298850574,21.839080459770116,68.96551724137932,63.2183908045977,5.747126436781609
E00162055,170,66,16,50,104,97,7,38.82352941176471,9.411764705882353,29.411764705882355,61.1764705882353,57.05882352941176,4.117647058823529
E00162056,141,42,12,30,99,90,9,29.78723404255319,8.51063829787234,21.27659574468085,70.2127659574468,63.829787234042556,6.382978723404255
E00162057,176,56,13,43,120,102,18,31.818181818181817,7.386363636363637,24.431818181818183,68.18181818181817,57.95454545454546,10.227272727272728
E00162059,143,45,14,31,98,90,8,31.46853146853147,9.79020979020979,21.678321678321677,68.53146853146853,62.93706293706294,5.594405594405594
E00162060,173,57,17,40,116,100,16,32.947976878612714,9.826589595375722,23.121387283236995,67.05202312138728,57.80346820809249,9.248554913294797
E00162061,146,53,19,34,93,81,12,36.3013698630137,13.013698630136986,23.28767123287671,63.6986301369863,55.47945205479452,8.21917808219178
E00162062,150,58,22,36,92,82,10,38.666666666666664,14.666666666666666,24,61.33333333333333,54.666666666666664,6.666666666666667
E00162063,120,43,12,31,77,66,11,35.833333333333336,10,25.833333333333336,64.16666666666667,55.00000000000001,9.166666666666666
E00162064,283,81,20,61,202,181,21,28.621908127208478,7.06713780918728,21.554770318021202,71.37809187279152,63.957597173144876,7.420494699646643
E00162065,154,59,15,44,95,87,8,38.311688311688314,9.740259740259742,28.57142857142857,61.68831168831169,56.493506493506494,5.194805194805195
E00162066,150,65,26,39,85,75,10,43.333333333333336,17.333333333333336,26,56.666666666666664,50,6.666666666666667
E00162067,162,49,11,38,113,98,15,30.246913580246915,6.790123456790123,23.456790123456788,69.75308641975309,60.49382716049383,9.25925925925926
E00162068,156,50,15,35,106,88,18,32.05128205128205,9.615384615384617,22.435897435897438,67.94871794871796,56.41025641025641,11.538461538461538
E00162069,111,42,11,31,69,58,11,37.83783783783784,9.90990990990991,27.927927927927925,62.16216216216216,52.25225225225225,9.90990990990991
E00162070,114,47,16,31,67,59,8,41.228070175438596,14.035087719298245,27.192982456140353,58.77192982456141,51.75438596491229,7.017543859649122
E00162071,128,52,14,38,76,68,8,40.625,10.9375,29.6875,59.375,53.125,6.25
E00162072,135,40,10,30,95,82,13,29.629629629629626,7.4074074074074066,22.22222222222222,70.37037037037037,60.74074074074074,9.62962962962963
E00162073,153,46,13,33,107,93,14,30.065359477124183,8.49673202614379,21.568627450980394,69.93464052287581,60.78431372549019,9.15032679738562
E00162074,104,37,17,20,67,54,13,35.57692307692308,16.346153846153847,19.230769230769234,64.42307692307693,51.92307692307693,12.5
E00162075,146,56,13,43,90,83,7,38.35616438356164,8.904109589041095,29.45205479452055,61.64383561643836,56.849315068493155,4.794520547945205
E00162076,139,54,14,40,85,74,11,38.84892086330935,10.071942446043165,28.776978417266186,61.15107913669065,53.23741007194245,7.913669064748201
E00162077,102,41,21,20,61,51,10,40.19607843137255,20.588235294117645,19.607843137254903,59.80392156862745,50,9.803921568627452
E00162078,113,40,9,31,73,67,6,35.39823008849557,7.964601769911504,27.43362831858407,64.60176991150442,59.29203539823009,5.3097345132743365
E00162079,144,56,25,31,88,69,19,38.88888888888889,17.36111111111111,21.52777777777778,61.111111111111114,47.91666666666667,13.194444444444445
E00162080,139,50,17,33,89,80,9,35.97122302158273,12.23021582733813,23.741007194244602,64.02877697841727,57.55395683453237,6.474820143884892
E00162081,127,45,10,35,82,69,13,35.43307086614173,7.874015748031496,27.559055118110237,64.56692913385827,54.330708661417326,10.236220472440944
E00162083,134,31,9,22,103,83,20,23.134328358208954,6.7164179104477615,16.417910447761194,76.86567164179104,61.940298507462686,14.925373134328357
E00162084,125,44,16,28,81,71,10,35.199999999999996,12.8,22.400000000000002,64.8,56.8,8
E00162085,114,24,4,20,90,78,12,21.052631578947366,3.508771929824561,17.543859649122805,78.94736842105263,68.42105263157895,10.526315789473683
E00162086,123,35,10,25,88,74,14,28.455284552845526,8.130081300813007,20.32520325203252,71.54471544715447,60.16260162601627,11.38211382113821
E00162087,150,44,13,31,106,97,9,29.333333333333332,8.666666666666668,20.666666666666668,70.66666666666667,64.66666666666666,6
E00162088,119,28,8,20,91,76,15,23.52941176470588,6.722689075630252,16.80672268907563,76.47058823529412,63.86554621848739,12.605042016806722
E00162091,150,46,17,29,104,94,10,30.666666666666664,11.333333333333332,19.333333333333332,69.33333333333334,62.66666666666667,6.666666666666667
E00162092,139,43,13,30,96,84,12,30.935251798561154,9.352517985611511,21.58273381294964,69.06474820143885,60.431654676258994,8.633093525179856
E00162093,44,19,9,10,25,24,1,43.18181818181818,20.454545454545457,22.727272727272727,56.81818181818182,54.54545454545454,2.272727272727273
E00162094,218,66,21,45,152,138,14,30.275229357798167,9.63302752293578,20.642201834862387,69.72477064220183,63.30275229357798,6.422018348623854
E00162095,175,49,15,34,126,116,10,28.000000000000004,8.571428571428571,19.428571428571427,72,66.28571428571428,5.714285714285714
E00162097,77,21,9,12,56,48,8,27.27272727272727,11.688311688311687,15.584415584415584,72.72727272727273,62.33766233766234,10.38961038961039
E00162098,181,56,23,33,125,114,11,30.939226519337016,12.70718232044199,18.23204419889503,69.06077348066299,62.98342541436463,6.077348066298343
E00162099,196,67,24,43,129,111,18,34.183673469387756,12.244897959183673,21.93877551020408,65.81632653061224,56.63265306122449,9.183673469387756
E00162100,255,74,17,57,181,151,30,29.01960784313726,6.666666666666667,22.35294117647059,70.98039215686275,59.21568627450981,11.76470588235294
E00162101,182,60,18,42,122,106,16,32.967032967032964,9.89010989010989,23.076923076923077,67.03296703296702,58.24175824175825,8.791208791208792
E00162102,155,61,29,32,94,87,7,39.35483870967742,18.70967741935484,20.64516129032258,60.64516129032258,56.12903225806451,4.516129032258064
E00162103,177,57,19,38,120,105,15,32.20338983050847,10.734463276836157,21.468926553672315,67.79661016949152,59.32203389830508,8.47457627118644
E00162104,145,45,15,30,100,87,13,31.03448275862069,10.344827586206897,20.689655172413794,68.96551724137932,60,8.96551724137931
E00162105,143,55,20,35,88,79,9,38.46153846153847,13.986013986013987,24.475524475524477,61.53846153846154,55.24475524475524,6.293706293706294
E00162107,164,47,22,25,117,109,8,28.65853658536585,13.414634146341465,15.24390243902439,71.34146341463415,66.46341463414635,4.878048780487805
E00162108,121,32,11,21,89,75,14,26.446280991735538,9.090909090909092,17.355371900826448,73.55371900826447,61.98347107438017,11.570247933884298
E00162109,131,40,17,23,91,77,14,30.53435114503817,12.977099236641221,17.557251908396946,69.46564885496184,58.778625954198475,10.687022900763358
E00162110,164,59,17,42,105,85,20,35.97560975609756,10.365853658536585,25.609756097560975,64.02439024390245,51.829268292682926,12.195121951219512
E00162111,169,61,20,41,108,92,16,36.09467455621302,11.834319526627219,24.2603550295858,63.905325443786985,54.437869822485204,9.467455621301776
E00162112,132,40,14,26,92,76,16,30.303030303030305,10.606060606060606,19.696969696969695,69.6969696969697,57.57575757575758,12.121212121212121
E00162113,125,42,13,29,83,75,8,33.6,10.4,23.200000000000003,66.4,60,6.4
E00162114,136,38,17,21,98,87,11,27.941176470588236,12.5,15.441176470588236,72.05882352941177,63.970588235294116,8.088235294117647
E00162115,156,42,16,26,114,100,14,26.923076923076923,10.256410256410255,16.666666666666664,73.07692307692307,64.1025641025641,8.974358974358974
E00162116,107,34,10,24,73,63,10,31.775700934579437,9.345794392523365,22.429906542056074,68.22429906542055,58.87850467289719,9.345794392523365
E00162117,133,51,21,30,82,71,11,38.34586466165413,15.789473684210526,22.55639097744361,61.65413533834586,53.383458646616546,8.270676691729323
E00162118,161,55,23,32,106,98,8,34.161490683229815,14.285714285714285,19.875776397515526,65.83850931677019,60.86956521739131,4.968944099378882
E00162119,140,43,15,28,97,88,9,30.714285714285715,10.714285714285714,20,69.28571428571428,62.857142857142854,6.428571428571428
E00162120,84,32,9,23,52,45,7,38.095238095238095,10.714285714285714,27.380952380952383,61.904761904761905,53.57142857142857,8.333333333333332
E00162121,127,37,15,22,90,80,10,29.133858267716533,11.811023622047244,17.322834645669293,70.86614173228347,62.99212598425197,7.874015748031496
E00162122,183,60,18,42,123,108,15,32.78688524590164,9.836065573770492,22.950819672131146,67.21311475409836,59.01639344262295,8.19672131147541
E00162123,193,68,17,51,125,111,14,35.233160621761655,8.808290155440414,26.42487046632124,64.76683937823834,57.51295336787565,7.253886010362693
E00162124,80,33,14,19,47,40,7,41.25,17.5,23.75,58.75,50,8.75
E00162125,191,64,20,44,127,109,18,33.50785340314136,10.471204188481675,23.036649214659686,66.49214659685863,57.06806282722513,9.424083769633508
E00162126,135,55,17,38,80,70,10,40.74074074074074,12.592592592592592,28.14814814814815,59.25925925925925,51.85185185185185,7.4074074074074066
E00162127,129,38,14,24,91,73,18,29.457364341085274,10.852713178294573,18.6046511627907,70.54263565891473,56.58914728682171,13.953488372093023
E00162128,74,26,8,18,48,41,7,35.13513513513514,10.81081081081081,24.324324324324326,64.86486486486487,55.4054054054054,9.45945945945946
E00162129,114,36,13,23,78,60,18,31.57894736842105,11.403508771929824,20.175438596491226,68.42105263157895,52.63157894736842,15.789473684210526
E00162130,186,65,15,50,121,108,13,34.946236559139784,8.064516129032258,26.881720430107524,65.05376344086021,58.06451612903226,6.989247311827956
E00162131,84,31,8,23,53,48,5,36.904761904761905,9.523809523809524,27.380952380952383,63.095238095238095,57.14285714285714,5.952380952380952
E00162132,141,44,18,26,97,85,12,31.20567375886525,12.76595744680851,18.439716312056735,68.79432624113475,60.28368794326241,8.51063829787234
E00162133,112,41,12,29,71,59,12,36.607142857142854,10.714285714285714,25.892857142857146,63.39285714285714,52.67857142857143,10.714285714285714
E00162134,136,44,15,29,92,72,20,32.35294117647059,11.029411764705882,21.323529411764707,67.64705882352942,52.94117647058824,14.705882352941178
E00162135,120,38,12,26,82,74,8,31.666666666666664,10,21.666666666666668,68.33333333333333,61.66666666666667,6.666666666666667
E00162136,141,50,20,30,91,86,5,35.46099290780142,14.184397163120568,21.27659574468085,64.53900709219859,60.99290780141844,3.546099290780142
E00162137,220,71,22,49,149,130,19,32.27272727272727,10,22.272727272727273,67.72727272727272,59.09090909090909,8.636363636363637
E00162138,146,41,14,27,105,91,14,28.08219178082192,9.58904109589041,18.493150684931507,71.91780821917808,62.328767123287676,9.58904109589041
E00162139,214,56,14,42,158,140,18,26.168224299065418,6.5420560747663545,19.626168224299064,73.83177570093457,65.42056074766354,8.411214953271028
E00162140,167,56,19,37,111,90,21,33.532934131736525,11.377245508982035,22.15568862275449,66.46706586826348,53.89221556886228,12.574850299401197
E00162141,152,55,17,38,97,90,7,36.18421052631579,11.18421052631579,25,63.81578947368421,59.210526315789465,4.605263157894736
E00162142,132,43,12,31,89,78,11,32.57575757575758,9.090909090909092,23.484848484848484,67.42424242424242,59.09090909090909,8.333333333333332
E00162143,109,41,12,29,68,58,10,37.61467889908257,11.009174311926607,26.605504587155966,62.38532110091744,53.21100917431193,9.174311926605505
E00162144,163,45,16,29,118,102,16,27.607361963190186,9.815950920245399,17.791411042944784,72.39263803680981,62.57668711656442,9.815950920245399
E00162145,116,33,15,18,83,70,13,28.448275862068968,12.931034482758621,15.517241379310345,71.55172413793103,60.3448275862069,11.206896551724139
E00162146,179,61,24,37,118,102,16,34.07821229050279,13.40782122905028,20.670391061452513,65.92178770949721,56.98324022346368,8.938547486033519
E00162147,172,58,18,40,114,99,15,33.72093023255814,10.465116279069768,23.25581395348837,66.27906976744185,57.55813953488372,8.720930232558139
E00162148,173,54,21,33,119,101,18,31.213872832369944,12.138728323699421,19.07514450867052,68.78612716763006,58.38150289017341,10.404624277456648
E00162149,185,58,14,44,127,114,13,31.351351351351354,7.567567567567568,23.783783783783786,68.64864864864865,61.62162162162163,7.027027027027027
E00162150,158,63,19,44,95,89,6,39.87341772151899,12.025316455696203,27.848101265822784,60.12658227848101,56.32911392405063,3.79746835443038
E00162151,171,62,21,41,109,92,17,36.25730994152047,12.280701754385964,23.976608187134502,63.74269005847953,53.80116959064327,9.941520467836257
E00162152,192,64,19,45,128,111,17,33.33333333333333,9.895833333333332,23.4375,66.66666666666666,57.8125,8.854166666666668
E00162153,185,60,16,44,125,106,19,32.432432432432435,8.64864864864865,23.783783783783786,67.56756756756756,57.2972972972973,10.27027027027027
E00162154,187,70,30,40,117,104,13,37.4331550802139,16.042780748663102,21.390374331550802,62.56684491978609,55.61497326203209,6.951871657754011
E00162155,161,63,16,47,98,80,18,39.130434782608695,9.937888198757763,29.19254658385093,60.86956521739131,49.68944099378882,11.180124223602485
E00162156,161,65,24,41,96,86,10,40.37267080745342,14.906832298136646,25.465838509316768,59.62732919254658,53.41614906832298,6.211180124223603
E00162157,178,65,18,47,113,98,15,36.51685393258427,10.112359550561797,26.40449438202247,63.48314606741573,55.0561797752809,8.426966292134832
E00162158,169,52,16,36,117,103,14,30.76923076923077,9.467455621301776,21.301775147928996,69.23076923076923,60.946745562130175,8.284023668639055
E00162159,146,39,13,26,107,97,10,26.71232876712329,8.904109589041095,17.80821917808219,73.28767123287672,66.43835616438356,6.8493150684931505
E00162160,156,57,18,39,99,89,10,36.53846153846153,11.538461538461538,25,63.46153846153846,57.05128205128205,6.41025641025641
E00162161,175,57,22,35,118,105,13,32.57142857142858,12.571428571428573,20,67.42857142857143,60,7.428571428571429
E00162162,100,19,6,13,81,71,10,19,6,13,81,71,10
E00162163,204,51,16,35,153,130,23,25,7.8431372549019605,17.15686274509804,75,63.725490196078425,11.27450980392157
E00162164,142,36,14,22,106,97,9,25.352112676056336,9.859154929577464,15.492957746478872,74.64788732394366,68.30985915492957,6.338028169014084
E00162165,179,62,20,42,117,93,24,34.63687150837989,11.1731843575419,23.463687150837988,65.36312849162012,51.955307262569825,13.40782122905028
E00162166,116,42,14,28,74,60,14,36.206896551724135,12.068965517241379,24.137931034482758,63.793103448275865,51.724137931034484,12.068965517241379
E00162167,99,32,12,20,67,54,13,32.323232323232325,12.121212121212121,20.2020202020202,67.67676767676768,54.54545454545454,13.131313131313133
E00162168,118,40,16,24,78,62,16,33.89830508474576,13.559322033898304,20.33898305084746,66.10169491525424,52.54237288135594,13.559322033898304
E00162169,173,45,15,30,128,119,9,26.011560693641616,8.670520231213873,17.341040462427745,73.98843930635837,68.78612716763006,5.202312138728324
E00162170,183,70,27,43,113,90,23,38.25136612021858,14.754098360655737,23.497267759562842,61.74863387978142,49.18032786885246,12.568306010928962
E00162171,125,53,20,33,72,56,16,42.4,16,26.400000000000002,57.599999999999994,44.800000000000004,12.8
E00162172,115,45,18,27,70,56,14,39.130434782608695,15.65217391304348,23.47826086956522,60.86956521739131,48.69565217391305,12.173913043478262
E00162173,128,47,20,27,81,70,11,36.71875,15.625,21.09375,63.28125,54.6875,8.59375
E00162174,117,46,19,27,71,55,16,39.31623931623932,16.23931623931624,23.076923076923077,60.68376068376068,47.008547008547005,13.675213675213676
E00162175,77,24,10,14,53,44,9,31.16883116883117,12.987012987012985,18.181818181818183,68.83116883116884,57.14285714285714,11.688311688311687
E00162176,147,62,25,37,85,73,12,42.17687074829932,17.006802721088434,25.170068027210885,57.82312925170068,49.65986394557823,8.16326530612245
E00162177,107,42,17,25,65,55,10,39.25233644859813,15.887850467289718,23.364485981308412,60.747663551401864,51.4018691588785,9.345794392523365
E00162178,111,41,20,21,70,63,7,36.93693693693694,18.01801801801802,18.91891891891892,63.06306306306306,56.75675675675676,6.306306306306306
E00162179,146,49,15,34,97,81,16,33.56164383561644,10.273972602739725,23.28767123287671,66.43835616438356,55.47945205479452,10.95890410958904
E00162180,78,30,11,19,48,37,11,38.46153846153847,14.102564102564102,24.358974358974358,61.53846153846154,47.43589743589743,14.102564102564102
E00162181,128,49,16,33,79,70,9,38.28125,12.5,25.78125,61.71875,54.6875,7.03125
E00162182,172,42,13,29,130,117,13,24.418604651162788,7.55813953488372,16.86046511627907,75.5813953488372,68.02325581395348,7.55813953488372
E00162183,129,45,14,31,84,77,7,34.883720930232556,10.852713178294573,24.031007751937985,65.11627906976744,59.68992248062015,5.426356589147287
E00162184,115,51,10,41,64,56,8,44.34782608695652,8.695652173913043,35.65217391304348,55.65217391304348,48.69565217391305,6.956521739130435
E00162185,75,33,14,19,42,38,4,44,18.666666666666668,25.333333333333336,56.00000000000001,50.66666666666667,5.333333333333334
E00162186,118,44,16,28,74,63,11,37.28813559322034,13.559322033898304,23.728813559322035,62.71186440677966,53.38983050847458,9.322033898305085
E00162187,111,40,16,24,71,64,7,36.03603603603604,14.414414414414415,21.62162162162162,63.96396396396396,57.65765765765766,6.306306306306306
E00162188,122,38,11,27,84,69,15,31.147540983606557,9.01639344262295,22.131147540983605,68.85245901639344,56.557377049180324,12.295081967213115
E00162189,44,16,9,7,28,26,2,36.36363636363637,20.454545454545457,15.909090909090908,63.63636363636363,59.09090909090909,4.545454545454546
E00162190,118,45,19,26,73,68,5,38.13559322033898,16.101694915254235,22.033898305084744,61.86440677966102,57.6271186440678,4.23728813559322
E00162191,158,65,22,43,93,78,15,41.139240506329116,13.924050632911392,27.21518987341772,58.86075949367089,49.36708860759494,9.49367088607595
E00162192,78,26,7,19,52,46,6,33.33333333333333,8.974358974358974,24.358974358974358,66.66666666666666,58.97435897435898,7.6923076923076925
E00162193,40,24,11,13,16,13,3,60,27.500000000000004,32.5,40,32.5,7.5
E00162194,105,42,14,28,63,56,7,40,13.333333333333334,26.666666666666668,60,53.333333333333336,6.666666666666667
E00162195,90,27,14,13,63,57,6,30,15.555555555555555,14.444444444444443,70,63.33333333333333,6.666666666666667
E00162196,198,55,18,37,143,124,19,27.77777777777778,9.090909090909092,18.68686868686869,72.22222222222221,62.62626262626263,9.595959595959595
E00162197,138,50,15,35,88,78,10,36.231884057971016,10.869565217391305,25.36231884057971,63.76811594202898,56.52173913043478,7.246376811594203
E00162198,135,31,10,21,104,94,10,22.962962962962962,7.4074074074074066,15.555555555555555,77.03703703703704,69.62962962962963,7.4074074074074066
E00162199,157,41,8,33,116,103,13,26.11464968152866,5.095541401273886,21.019108280254777,73.88535031847134,65.60509554140127,8.280254777070063
E00162200,115,32,8,24,83,66,17,27.82608695652174,6.956521739130435,20.869565217391305,72.17391304347827,57.391304347826086,14.782608695652174
E00162201,130,25,6,19,105,97,8,19.230769230769234,4.615384615384616,14.615384615384617,80.76923076923077,74.61538461538461,6.153846153846154
E00162202,165,49,21,28,116,96,20,29.6969696969697,12.727272727272727,16.969696969696972,70.3030303030303,58.18181818181818,12.121212121212121
E00162203,167,60,19,41,107,91,16,35.92814371257485,11.377245508982035,24.550898203592812,64.07185628742515,54.49101796407185,9.580838323353294
E00162204,53,18,10,8,35,32,3,33.9622641509434,18.867924528301888,15.09433962264151,66.0377358490566,60.37735849056604,5.660377358490567
E00162205,148,38,15,23,110,100,10,25.675675675675674,10.135135135135135,15.54054054054054,74.32432432432432,67.56756756756756,6.756756756756757
E00162206,156,50,15,35,106,90,16,32.05128205128205,9.615384615384617,22.435897435897438,67.94871794871796,57.692307692307686,10.256410256410255
E00162207,156,44,18,26,112,98,14,28.205128205128204,11.538461538461538,16.666666666666664,71.7948717948718,62.82051282051282,8.974358974358974
E00162208,150,42,15,27,108,93,15,28.000000000000004,10,18,72,62,10
E00162209,102,31,11,20,71,61,10,30.392156862745097,10.784313725490197,19.607843137254903,69.6078431372549,59.80392156862745,9.803921568627452
E00162210,155,44,20,24,111,85,26,28.387096774193548,12.903225806451612,15.483870967741936,71.61290322580646,54.83870967741935,16.7741935483871
E00162211,178,55,20,35,123,106,17,30.89887640449438,11.235955056179774,19.662921348314608,69.10112359550563,59.55056179775281,9.550561797752808
E00162212,205,66,16,50,139,118,21,32.19512195121951,7.804878048780488,24.390243902439025,67.8048780487805,57.56097560975609,10.24390243902439
E00162213,118,38,13,25,80,69,11,32.20338983050847,11.016949152542372,21.1864406779661,67.79661016949152,58.47457627118644,9.322033898305085
E00162214,156,41,11,30,115,95,20,26.282051282051285,7.051282051282051,19.230769230769234,73.71794871794873,60.89743589743589,12.82051282051282
E00162215,150,48,17,31,102,76,26,32,11.333333333333332,20.666666666666668,68,50.66666666666667,17.333333333333336
E00162216,96,30,10,20,66,53,13,31.25,10.416666666666668,20.833333333333336,68.75,55.208333333333336,13.541666666666666
E00162217,113,37,14,23,76,62,14,32.743362831858406,12.389380530973451,20.353982300884958,67.2566371681416,54.86725663716814,12.389380530973451
E00162218,56,14,4,10,42,37,5,25,7.142857142857142,17.857142857142858,75,66.07142857142857,8.928571428571429
E00162219,125,39,17,22,86,71,15,31.2,13.600000000000001,17.599999999999998,68.8,56.8,12
E00162220,77,18,3,15,59,52,7,23.376623376623375,3.896103896103896,19.480519480519483,76.62337662337663,67.53246753246754,9.090909090909092
E00162221,147,29,10,19,118,107,11,19.727891156462583,6.802721088435375,12.925170068027212,80.27210884353741,72.78911564625851,7.482993197278912
E00162222,146,55,29,26,91,79,12,37.67123287671233,19.863013698630137,17.80821917808219,62.328767123287676,54.109589041095894,8.21917808219178
E00162223,167,44,19,25,123,113,10,26.34730538922156,11.377245508982035,14.97005988023952,73.65269461077844,67.66467065868264,5.9880239520958085
E00162224,122,46,16,30,76,71,5,37.704918032786885,13.114754098360656,24.59016393442623,62.295081967213115,58.19672131147541,4.098360655737705
E00162225,154,40,22,18,114,99,15,25.97402597402597,14.285714285714285,11.688311688311687,74.02597402597402,64.28571428571429,9.740259740259742
E00162226,107,27,9,18,80,70,10,25.233644859813083,8.411214953271028,16.822429906542055,74.76635514018692,65.42056074766354,9.345794392523365
E00162227,172,54,17,37,118,104,14,31.3953488372093,9.883720930232558,21.511627906976745,68.6046511627907,60.46511627906976,8.13953488372093
E00162228,117,36,13,23,81,72,9,30.76923076923077,11.11111111111111,19.65811965811966,69.23076923076923,61.53846153846154,7.6923076923076925
E00162229,181,55,21,34,126,113,13,30.386740331491712,11.602209944751381,18.784530386740332,69.61325966850829,62.430939226519335,7.18232044198895
E00162230,155,50,11,39,105,86,19,32.25806451612903,7.096774193548387,25.161290322580644,67.74193548387096,55.483870967741936,12.258064516129032
E00162231,168,60,19,41,108,97,11,35.714285714285715,11.30952380952381,24.404761904761905,64.28571428571429,57.738095238095234,6.547619047619048
E00162232,174,41,17,24,133,116,17,23.563218390804597,9.770114942528735,13.793103448275861,76.4367816091954,66.66666666666666,9.770114942528735
E00162233,189,76,16,60,113,96,17,40.21164021164021,8.465608465608465,31.746031746031743,59.78835978835979,50.79365079365079,8.994708994708994
E00162234,163,73,26,47,90,73,17,44.785276073619634,15.950920245398773,28.834355828220858,55.21472392638037,44.785276073619634,10.429447852760736
E00162235,112,33,8,25,79,65,14,29.464285714285715,7.142857142857142,22.321428571428573,70.53571428571429,58.03571428571429,12.5
E00162236,155,51,18,33,104,89,15,32.903225806451616,11.612903225806452,21.29032258064516,67.0967741935484,57.41935483870968,9.67741935483871
E00162237,110,38,11,27,72,67,5,34.54545454545455,10,24.545454545454547,65.45454545454545,60.909090909090914,4.545454545454546
E00162238,95,29,9,20,66,51,15,30.526315789473685,9.473684210526317,21.052631578947366,69.47368421052632,53.68421052631579,15.789473684210526
E00162239,119,31,15,16,88,78,10,26.05042016806723,12.605042016806722,13.445378151260504,73.94957983193278,65.54621848739495,8.403361344537815
E00162240,186,66,18,48,120,100,20,35.483870967741936,9.67741935483871,25.806451612903224,64.51612903225806,53.76344086021505,10.75268817204301
E00162241,149,45,19,26,104,87,17,30.201342281879196,12.751677852348994,17.449664429530202,69.79865771812081,58.38926174496645,11.409395973154362
E00162242,89,24,10,14,65,58,7,26.96629213483146,11.235955056179774,15.730337078651685,73.03370786516854,65.1685393258427,7.865168539325842
E00162243,135,38,12,26,97,85,12,28.14814814814815,8.88888888888889,19.25925925925926,71.85185185185186,62.96296296296296,8.88888888888889
E00162244,68,21,11,10,47,42,5,30.88235294117647,16.176470588235293,14.705882352941178,69.11764705882352,61.76470588235294,7.352941176470589
E00162245,123,46,20,26,77,66,11,37.39837398373984,16.260162601626014,21.138211382113823,62.601626016260155,53.65853658536586,8.94308943089431
E00162246,73,24,12,12,49,44,5,32.87671232876712,16.43835616438356,16.43835616438356,67.12328767123287,60.273972602739725,6.8493150684931505
E00162247,129,41,20,21,88,77,11,31.782945736434108,15.503875968992247,16.27906976744186,68.21705426356588,59.68992248062015,8.527131782945736
E00162248,119,32,10,22,87,69,18,26.89075630252101,8.403361344537815,18.487394957983195,73.10924369747899,57.98319327731093,15.126050420168067
E00162249,73,31,11,20,42,32,10,42.465753424657535,15.068493150684931,27.397260273972602,57.534246575342465,43.83561643835616,13.698630136986301
E00162250,166,48,20,28,118,99,19,28.915662650602407,12.048192771084338,16.867469879518072,71.08433734939759,59.63855421686747,11.44578313253012
E00162251,143,49,20,29,94,77,17,34.26573426573427,13.986013986013987,20.27972027972028,65.73426573426573,53.84615384615385,11.888111888111888
E00162252,158,41,11,30,117,99,18,25.949367088607595,6.962025316455696,18.9873417721519,74.0506329113924,62.65822784810127,11.39240506329114
E00162253,116,42,20,22,74,64,10,36.206896551724135,17.24137931034483,18.96551724137931,63.793103448275865,55.172413793103445,8.620689655172415
E00162254,124,35,15,20,89,81,8,28.225806451612907,12.096774193548388,16.129032258064516,71.7741935483871,65.32258064516128,6.451612903225806
E00162256,186,73,24,49,113,102,11,39.247311827956985,12.903225806451612,26.344086021505376,60.752688172043015,54.83870967741935,5.913978494623656
E00162257,173,49,11,38,124,107,17,28.32369942196532,6.358381502890173,21.965317919075144,71.67630057803468,61.849710982658955,9.826589595375722
E00162259,106,39,12,27,67,56,11,36.79245283018868,11.320754716981133,25.471698113207548,63.20754716981132,52.83018867924528,10.377358490566039
E00162260,126,38,13,25,88,79,9,30.158730158730158,10.317460317460316,19.841269841269842,69.84126984126983,62.698412698412696,7.142857142857142
E00162261,175,61,22,39,114,102,12,34.85714285714286,12.571428571428573,22.285714285714285,65.14285714285715,58.285714285714285,6.857142857142858
E00162262,141,49,19,30,92,81,11,34.751773049645394,13.47517730496454,21.27659574468085,65.24822695035462,57.446808510638306,7.801418439716312
E00162263,179,58,26,32,121,97,24,32.402234636871505,14.52513966480447,17.877094972067038,67.59776536312849,54.18994413407822,13.40782122905028
E00162264,139,48,20,28,91,75,16,34.53237410071942,14.388489208633093,20.14388489208633,65.46762589928058,53.956834532374096,11.510791366906476
E00162265,250,84,35,49,166,146,20,33.6,14.000000000000002,19.6,66.4,58.4,8
E00162266,163,58,18,40,105,91,14,35.58282208588957,11.042944785276074,24.539877300613497,64.41717791411043,55.828220858895705,8.588957055214724
E00162267,158,62,18,44,96,84,12,39.24050632911392,11.39240506329114,27.848101265822784,60.75949367088608,53.16455696202531,7.59493670886076
E00162268,176,59,21,38,117,103,14,33.52272727272727,11.931818181818182,21.59090909090909,66.47727272727273,58.52272727272727,7.954545454545454
E00162269,163,64,26,38,99,86,13,39.263803680981596,15.950920245398773,23.31288343558282,60.73619631901841,52.760736196319016,7.975460122699387
E00162270,207,79,32,47,128,100,28,38.164251207729464,15.458937198067632,22.705314009661837,61.83574879227053,48.309178743961354,13.526570048309178
E00162271,144,45,18,27,99,84,15,31.25,12.5,18.75,68.75,58.333333333333336,10.416666666666668
E00162272,244,78,33,45,166,135,31,31.967213114754102,13.524590163934427,18.442622950819672,68.0327868852459,55.32786885245902,12.704918032786885
E00162273,171,58,19,39,113,96,17,33.91812865497076,11.11111111111111,22.807017543859647,66.08187134502924,56.14035087719298,9.941520467836257
E00162274,100,36,16,20,64,53,11,36,16,20,64,53,11
E00162275,159,47,11,36,112,95,17,29.559748427672954,6.918238993710692,22.641509433962266,70.44025157232704,59.74842767295597,10.69182389937107
E00162276,163,63,30,33,100,85,15,38.65030674846626,18.404907975460123,20.245398773006134,61.34969325153374,52.14723926380368,9.202453987730062
E00162277,170,56,23,33,114,94,20,32.94117647058823,13.529411764705882,19.411764705882355,67.05882352941175,55.294117647058826,11.76470588235294
E00162278,165,61,26,35,104,89,15,36.96969696969697,15.757575757575756,21.21212121212121,63.030303030303024,53.939393939393945,9.090909090909092
E00162279,159,55,15,40,104,84,20,34.59119496855346,9.433962264150944,25.157232704402517,65.40880503144653,52.83018867924528,12.578616352201259
E00162280,164,61,21,40,103,90,13,37.19512195121951,12.804878048780488,24.390243902439025,62.80487804878049,54.87804878048781,7.926829268292683
E00162281,124,45,21,24,79,72,7,36.29032258064516,16.93548387096774,19.35483870967742,63.70967741935484,58.06451612903226,5.64516129032258
E00162282,112,51,22,29,61,50,11,45.535714285714285,19.642857142857142,25.892857142857146,54.46428571428571,44.642857142857146,9.821428571428571
E00162283,88,29,13,16,59,53,6,32.95454545454545,14.772727272727273,18.181818181818183,67.04545454545455,60.22727272727273,6.8181818181818175
E00162284,156,54,16,38,102,89,13,34.61538461538461,10.256410256410255,24.358974358974358,65.38461538461539,57.05128205128205,8.333333333333332
E00162285,133,66,28,38,67,51,16,49.62406015037594,21.052631578947366,28.57142857142857,50.37593984962406,38.34586466165413,12.030075187969924
E00162286,174,61,16,45,113,97,16,35.05747126436782,9.195402298850574,25.862068965517242,64.9425287356322,55.74712643678161,9.195402298850574
E00162287,112,38,15,23,74,58,16,33.92857142857143,13.392857142857142,20.535714285714285,66.07142857142857,51.78571428571429,14.285714285714285
E00162288,136,46,19,27,90,80,10,33.82352941176471,13.970588235294118,19.852941176470587,66.17647058823529,58.82352941176471,7.352941176470589
E00162289,110,37,14,23,73,65,8,33.63636363636363,12.727272727272727,20.909090909090907,66.36363636363637,59.09090909090909,7.2727272727272725
E00162290,158,64,29,35,94,79,15,40.50632911392405,18.354430379746837,22.151898734177212,59.49367088607595,50,9.49367088607595
E00162291,171,58,15,43,113,105,8,33.91812865497076,8.771929824561402,25.146198830409354,66.08187134502924,61.40350877192983,4.678362573099415
E00162292,55,23,7,16,32,30,2,41.81818181818181,12.727272727272727,29.09090909090909,58.18181818181818,54.54545454545454,3.6363636363636362
E00162293,173,62,26,36,111,90,21,35.83815028901734,15.028901734104046,20.809248554913296,64.16184971098265,52.02312138728323,12.138728323699421
E00162294,181,51,20,31,130,98,32,28.176795580110497,11.049723756906078,17.12707182320442,71.8232044198895,54.14364640883977,17.67955801104972
E00162295,75,24,10,14,51,42,9,32,13.333333333333334,18.666666666666668,68,56.00000000000001,12
E00162296,128,40,13,27,88,78,10,31.25,10.15625,21.09375,68.75,60.9375,7.8125
E00162297,122,45,15,30,77,62,15,36.885245901639344,12.295081967213115,24.59016393442623,63.114754098360656,50.81967213114754,12.295081967213115
E00162298,177,65,26,39,112,91,21,36.72316384180791,14.689265536723164,22.033898305084744,63.2768361581921,51.41242937853108,11.864406779661017
E00162299,171,72,32,40,99,86,13,42.10526315789473,18.71345029239766,23.391812865497073,57.89473684210527,50.29239766081871,7.602339181286549
E00162300,135,47,16,31,88,75,13,34.81481481481482,11.851851851851853,22.962962962962962,65.18518518518519,55.55555555555556,9.62962962962963
E00162301,115,48,19,29,67,58,9,41.73913043478261,16.52173913043478,25.217391304347824,58.26086956521739,50.43478260869565,7.82608695652174
E00162302,151,61,21,40,90,81,9,40.397350993377486,13.90728476821192,26.490066225165563,59.60264900662252,53.64238410596026,5.960264900662252
E00162303,126,45,21,24,81,68,13,35.714285714285715,16.666666666666664,19.047619047619047,64.28571428571429,53.96825396825397,10.317460317460316
E00162304,161,50,14,36,111,96,15,31.05590062111801,8.695652173913043,22.36024844720497,68.94409937888199,59.62732919254658,9.316770186335404
E00162305,103,35,11,24,68,60,8,33.980582524271846,10.679611650485436,23.300970873786408,66.01941747572816,58.252427184466015,7.766990291262135
E00162306,137,49,15,34,88,74,14,35.76642335766424,10.948905109489052,24.817518248175183,64.23357664233576,54.01459854014598,10.218978102189782
E00162307,146,40,19,21,106,94,12,27.397260273972602,13.013698630136986,14.383561643835616,72.6027397260274,64.38356164383562,8.21917808219178
E00162308,125,43,15,28,82,74,8,34.4,12,22.400000000000002,65.60000000000001,59.199999999999996,6.4
E00162309,135,37,15,22,98,81,17,27.40740740740741,11.11111111111111,16.296296296296298,72.5925925925926,60,12.592592592592592
E00162310,125,37,10,27,88,79,9,29.599999999999998,8,21.6,70.39999999999999,63.2,7.199999999999999
E00162311,143,47,21,26,96,70,26,32.86713286713287,14.685314685314685,18.181818181818183,67.13286713286713,48.95104895104895,18.181818181818183
E00162312,138,34,13,21,104,87,17,24.637681159420293,9.420289855072465,15.217391304347828,75.36231884057972,63.04347826086957,12.318840579710146
E00162313,114,34,13,21,80,72,8,29.82456140350877,11.403508771929824,18.421052631578945,70.17543859649122,63.1578947368421,7.017543859649122
E00162314,155,49,14,35,106,91,15,31.61290322580645,9.032258064516128,22.58064516129032,68.38709677419355,58.70967741935483,9.67741935483871
E00162315,154,55,19,36,99,87,12,35.714285714285715,12.337662337662337,23.376623376623375,64.28571428571429,56.493506493506494,7.792207792207792
E00162316,154,47,16,31,107,93,14,30.519480519480517,10.38961038961039,20.12987012987013,69.48051948051948,60.3896103896104,9.090909090909092
E00162317,138,48,21,27,90,75,15,34.78260869565217,15.217391304347828,19.565217391304348,65.21739130434783,54.347826086956516,10.869565217391305
E00162318,122,47,18,29,75,67,8,38.52459016393443,14.754098360655737,23.770491803278688,61.47540983606557,54.91803278688525,6.557377049180328
E00162319,137,53,19,34,84,75,9,38.68613138686132,13.86861313868613,24.817518248175183,61.31386861313869,54.74452554744526,6.569343065693431
E00162320,136,38,11,27,98,92,6,27.941176470588236,8.088235294117647,19.852941176470587,72.05882352941177,67.64705882352942,4.411764705882353
E00162321,126,43,20,23,83,65,18,34.12698412698413,15.873015873015872,18.253968253968253,65.87301587301587,51.587301587301596,14.285714285714285
E00162322,125,47,20,27,78,65,13,37.6,16,21.6,62.4,52,10.4
E00162323,99,40,16,24,59,48,11,40.4040404040404,16.161616161616163,24.242424242424242,59.59595959595959,48.484848484848484,11.11111111111111
E00162324,119,39,19,20,80,57,23,32.773109243697476,15.966386554621847,16.80672268907563,67.22689075630252,47.89915966386555,19.327731092436977
E00162325,139,45,15,30,94,82,12,32.37410071942446,10.79136690647482,21.58273381294964,67.62589928057554,58.992805755395686,8.633093525179856
E00162326,121,45,23,22,76,65,11,37.1900826446281,19.00826446280992,18.181818181818183,62.8099173553719,53.71900826446281,9.090909090909092
E00162327,213,69,24,45,144,127,17,32.3943661971831,11.267605633802818,21.12676056338028,67.6056338028169,59.624413145539904,7.981220657276995
E00162328,143,47,16,31,96,86,10,32.86713286713287,11.188811188811188,21.678321678321677,67.13286713286713,60.13986013986013,6.993006993006993
E00162329,153,55,19,36,98,90,8,35.947712418300654,12.418300653594772,23.52941176470588,64.05228758169935,58.82352941176471,5.228758169934641
E00162330,158,52,24,28,106,90,16,32.91139240506329,15.18987341772152,17.72151898734177,67.08860759493672,56.9620253164557,10.126582278481013
E00162331,176,39,13,26,137,120,17,22.15909090909091,7.386363636363637,14.772727272727273,77.8409090909091,68.18181818181817,9.659090909090908
E00162332,198,69,20,49,129,116,13,34.84848484848485,10.1010101010101,24.747474747474747,65.15151515151516,58.58585858585859,6.565656565656567
E00162333,136,38,11,27,98,84,14,27.941176470588236,8.088235294117647,19.852941176470587,72.05882352941177,61.76470588235294,10.294117647058822
E00162334,72,30,15,15,42,38,4,41.66666666666667,20.833333333333336,20.833333333333336,58.333333333333336,52.77777777777778,5.555555555555555
E00162335,147,63,16,47,84,73,11,42.857142857142854,10.884353741496598,31.97278911564626,57.14285714285714,49.65986394557823,7.482993197278912
E00162336,141,50,15,35,91,85,6,35.46099290780142,10.638297872340425,24.822695035460992,64.53900709219859,60.28368794326241,4.25531914893617
E00162337,195,73,23,50,122,109,13,37.43589743589744,11.794871794871794,25.64102564102564,62.56410256410256,55.8974358974359,6.666666666666667
E00162338,168,34,10,24,134,122,12,20.238095238095237,5.952380952380952,14.285714285714285,79.76190476190477,72.61904761904762,7.142857142857142
E00162339,149,54,15,39,95,87,8,36.241610738255034,10.06711409395973,26.174496644295303,63.758389261744966,58.38926174496645,5.369127516778524
E00162340,112,36,13,23,76,65,11,32.142857142857146,11.607142857142858,20.535714285714285,67.85714285714286,58.03571428571429,9.821428571428571
E00162341,12,8,0,8,4,4,0,66.66666666666666,0,66.66666666666666,33.33333333333333,33.33333333333333,0
E00162342,221,50,19,31,171,144,27,22.624434389140273,8.597285067873303,14.027149321266968,77.37556561085974,65.15837104072398,12.217194570135746
E00162343,95,30,13,17,65,48,17,31.57894736842105,13.684210526315791,17.894736842105264,68.42105263157895,50.526315789473685,17.894736842105264
E00162344,169,64,17,47,105,94,11,37.8698224852071,10.059171597633137,27.810650887573964,62.1301775147929,55.62130177514793,6.508875739644971
E00162345,172,51,18,33,121,103,18,29.651162790697676,10.465116279069768,19.186046511627907,70.34883720930233,59.883720930232556,10.465116279069768
E00162346,132,55,18,37,77,70,7,41.66666666666667,13.636363636363635,28.030303030303028,58.333333333333336,53.03030303030303,5.303030303030303
E00162347,131,41,17,24,90,78,12,31.297709923664126,12.977099236641221,18.3206106870229,68.70229007633588,59.541984732824424,9.16030534351145
E00162348,189,51,25,26,138,120,18,26.984126984126984,13.227513227513226,13.756613756613756,73.01587301587301,63.49206349206349,9.523809523809524
E00162349,157,54,29,25,103,82,21,34.394904458598724,18.471337579617835,15.92356687898089,65.60509554140127,52.22929936305732,13.375796178343949
E00162350,192,51,16,35,141,122,19,26.5625,8.333333333333332,18.229166666666664,73.4375,63.541666666666664,9.895833333333332
E00162351,163,49,22,27,114,104,10,30.061349693251532,13.496932515337424,16.56441717791411,69.93865030674846,63.80368098159509,6.134969325153374
E00162352,172,41,9,32,131,116,15,23.837209302325583,5.232558139534884,18.6046511627907,76.16279069767442,67.44186046511628,8.720930232558139
E00162353,159,53,17,36,106,87,19,33.33333333333333,10.69182389937107,22.641509433962266,66.66666666666666,54.71698113207547,11.949685534591195
E00162354,105,32,10,22,73,69,4,30.476190476190478,9.523809523809524,20.952380952380953,69.52380952380952,65.71428571428571,3.8095238095238098
E00162355,163,50,11,39,113,101,12,30.67484662576687,6.748466257668712,23.92638036809816,69.32515337423312,61.963190184049076,7.361963190184049
E00162356,119,39,13,26,80,70,10,32.773109243697476,10.92436974789916,21.84873949579832,67.22689075630252,58.82352941176471,8.403361344537815
E00162357,104,29,14,15,75,72,3,27.884615384615387,13.461538461538462,14.423076923076922,72.11538461538461,69.23076923076923,2.8846153846153846
E00162358,173,59,14,45,114,102,12,34.104046242774565,8.092485549132949,26.011560693641616,65.89595375722543,58.95953757225434,6.9364161849710975
E00162359,142,37,15,22,105,97,8,26.056338028169012,10.56338028169014,15.492957746478872,73.94366197183099,68.30985915492957,5.633802816901409
E00162360,122,44,18,26,78,68,10,36.0655737704918,14.754098360655737,21.311475409836063,63.934426229508205,55.73770491803278,8.19672131147541
E00162361,177,58,19,39,119,106,13,32.7683615819209,10.734463276836157,22.033898305084744,67.2316384180791,59.887005649717516,7.344632768361582
E00162362,179,55,18,37,124,110,14,30.726256983240223,10.05586592178771,20.670391061452513,69.27374301675978,61.452513966480446,7.82122905027933
E00162363,161,48,23,25,113,99,14,29.81366459627329,14.285714285714285,15.527950310559005,70.1863354037267,61.49068322981367,8.695652173913043
E00162364,86,36,13,23,50,46,4,41.86046511627907,15.11627906976744,26.744186046511626,58.139534883720934,53.48837209302325,4.651162790697675
E00162365,130,38,11,27,92,83,9,29.230769230769234,8.461538461538462,20.76923076923077,70.76923076923077,63.84615384615384,6.923076923076923
E00162366,125,50,12,38,75,65,10,40,9.6,30.4,60,52,8
E00162367,144,52,22,30,92,78,14,36.11111111111111,15.277777777777779,20.833333333333336,63.888888888888886,54.166666666666664,9.722222222222223
E00162368,123,45,14,31,78,72,6,36.58536585365854,11.38211382113821,25.203252032520325,63.41463414634146,58.536585365853654,4.878048780487805
E00162369,127,49,16,33,78,65,13,38.582677165354326,12.598425196850393,25.984251968503933,61.417322834645674,51.181102362204726,10.236220472440944
E00162370,152,54,23,31,98,86,12,35.526315789473685,15.131578947368421,20.394736842105264,64.47368421052632,56.57894736842105,7.894736842105263
E00162371,150,47,19,28,103,95,8,31.333333333333336,12.666666666666668,18.666666666666668,68.66666666666667,63.33333333333333,5.333333333333334
E00162372,184,59,17,42,125,116,9,32.065217391304344,9.239130434782608,22.82608695652174,67.93478260869566,63.04347826086957,4.891304347826087
E00162373,77,28,7,21,49,44,5,36.36363636363637,9.090909090909092,27.27272727272727,63.63636363636363,57.14285714285714,6.493506493506493
E00162374,152,46,13,33,106,95,11,30.263157894736842,8.552631578947368,21.710526315789476,69.73684210526315,62.5,7.236842105263158
E00162375,145,55,22,33,90,76,14,37.93103448275862,15.172413793103448,22.758620689655174,62.06896551724138,52.41379310344828,9.655172413793103
E00162376,161,55,18,37,106,95,11,34.161490683229815,11.180124223602485,22.981366459627328,65.83850931677019,59.006211180124225,6.832298136645963
E00162377,155,41,16,25,114,106,8,26.451612903225808,10.32258064516129,16.129032258064516,73.54838709677419,68.38709677419355,5.161290322580645
E00162378,185,54,11,43,131,111,20,29.18918918918919,5.9459459459459465,23.243243243243246,70.8108108108108,60,10.81081081081081
E00162379,190,54,24,30,136,116,20,28.421052631578945,12.631578947368421,15.789473684210526,71.57894736842105,61.05263157894737,10.526315789473683
E00162380,147,57,22,35,90,76,14,38.775510204081634,14.965986394557824,23.809523809523807,61.224489795918366,51.70068027210885,9.523809523809524
E00162381,188,63,22,41,125,119,6,33.51063829787234,11.702127659574469,21.808510638297875,66.48936170212765,63.297872340425535,3.1914893617021276
E00184737,113,30,6,24,83,72,11,26.548672566371685,5.3097345132743365,21.238938053097346,73.45132743362832,63.716814159292035,9.734513274336283
E00184739,138,59,22,37,79,72,7,42.7536231884058,15.942028985507244,26.811594202898554,57.2463768115942,52.17391304347826,5.072463768115942
E00184740,89,35,12,23,54,46,8,39.325842696629216,13.48314606741573,25.842696629213485,60.67415730337079,51.68539325842697,8.98876404494382
E00184746,181,32,13,19,149,127,22,17.67955801104972,7.18232044198895,10.497237569060774,82.32044198895028,70.1657458563536,12.154696132596685
E00184747,104,35,17,18,69,57,12,33.65384615384615,16.346153846153847,17.307692307692307,66.34615384615384,54.807692307692314,11.538461538461538
E00184749,71,30,9,21,41,32,9,42.25352112676056,12.676056338028168,29.577464788732392,57.74647887323944,45.07042253521127,12.676056338028168
E00184755,133,36,14,22,97,90,7,27.06766917293233,10.526315789473683,16.541353383458645,72.93233082706767,67.66917293233082,5.263157894736842
E00184756,115,22,5,17,93,88,5,19.130434782608695,4.3478260869565215,14.782608695652174,80.8695652173913,76.52173913043478,4.3478260869565215
E00184760,165,26,11,15,139,126,13,15.757575757575756,6.666666666666667,9.090909090909092,84.24242424242424,76.36363636363637,7.878787878787878
E00184767,133,36,16,20,97,83,14,27.06766917293233,12.030075187969924,15.037593984962406,72.93233082706767,62.40601503759399,10.526315789473683
E00184768,218,71,19,52,147,132,15,32.56880733944954,8.715596330275229,23.853211009174313,67.43119266055045,60.550458715596335,6.8807339449541285
E00184778,209,52,16,36,157,143,14,24.880382775119617,7.655502392344498,17.22488038277512,75.11961722488039,68.42105263157895,6.698564593301436
E00184785,112,39,16,23,73,60,13,34.82142857142857,14.285714285714285,20.535714285714285,65.17857142857143,53.57142857142857,11.607142857142858
E00184791,199,40,12,28,159,135,24,20.100502512562816,6.030150753768844,14.07035175879397,79.89949748743719,67.8391959798995,12.060301507537687
E00184794,255,79,21,58,176,155,21,30.980392156862745,8.235294117647058,22.745098039215687,69.01960784313725,60.78431372549019,8.235294117647058
E00184797,311,79,27,52,232,203,29,25.401929260450164,8.681672025723474,16.720257234726688,74.59807073954984,65.27331189710611,9.32475884244373
E00184801,120,39,15,24,81,73,8,32.5,12.5,20,67.5,60.83333333333333,6.666666666666667
E00184807,138,35,7,28,103,88,15,25.36231884057971,5.072463768115942,20.28985507246377,74.63768115942028,63.76811594202898,10.869565217391305
E00184809,213,54,9,45,159,140,19,25.352112676056336,4.225352112676056,21.12676056338028,74.64788732394366,65.72769953051643,8.92018779342723
E00184811,178,45,15,30,133,119,14,25.280898876404496,8.426966292134832,16.853932584269664,74.71910112359551,66.85393258426966,7.865168539325842
E00184823,155,47,15,32,108,97,11,30.32258064516129,9.67741935483871,20.64516129032258,69.6774193548387,62.58064516129033,7.096774193548387
E00184825,105,25,7,18,80,69,11,23.809523809523807,6.666666666666667,17.142857142857142,76.19047619047619,65.71428571428571,10.476190476190476
E00184826,229,65,17,48,164,139,25,28.38427947598253,7.423580786026202,20.96069868995633,71.61572052401746,60.698689956331876,10.91703056768559
