OA,ts0380001,ts0380002,ts0380003,ts0380004,ts0380005,ts0380006,ts0380007,ts0380002_PCT,ts0380003_PCT,ts0380004_PCT,ts0380005_PCT,ts0380006_PCT,ts0380007_PCT
E00122515,289,39,17,22,250,15,235,13.494809688581316,5.88235294117647,7.612456747404845,86.50519031141869,5.190311418685121,81.31487889273356
E00122517,459,81,38,43,378,18,360,17.647058823529413,8.278867102396514,9.368191721132897,82.35294117647058,3.9215686274509802,78.43137254901961
E00122518,300,44,17,27,256,13,243,14.666666666666666,5.666666666666666,9,85.33333333333334,4.333333333333334,81
E00122519,271,44,22,22,227,14,213,16.236162361623617,8.118081180811808,8.118081180811808,83.76383763837639,5.166051660516605,78.59778597785979
E00122521,316,42,15,27,274,20,254,13.291139240506327,4.746835443037975,8.544303797468354,86.70886075949366,6.329113924050633,80.37974683544303
E00122522,513,125,78,47,388,33,355,24.366471734892787,15.204678362573098,9.161793372319687,75.6335282651072,6.432748538011696,69.20077972709552
E00122523,299,48,25,23,251,30,221,16.05351170568562,8.361204013377927,7.6923076923076925,83.94648829431438,10.033444816053512,73.91304347826086
E00122524,331,52,19,33,279,25,254,15.709969788519636,5.740181268882175,9.969788519637463,84.29003021148036,7.552870090634441,76.73716012084593
E00122525,372,61,31,30,311,22,289,16.397849462365592,8.333333333333332,8.064516129032258,83.60215053763442,5.913978494623656,77.68817204301075
E00122526,333,39,17,22,294,17,277,11.711711711711711,5.105105105105105,6.606606606606606,88.28828828828829,5.105105105105105,83.18318318318319
E00122527,300,47,24,23,253,15,238,15.666666666666668,8,7.666666666666666,84.33333333333334,5,79.33333333333333
E00122528,318,64,27,37,254,23,231,20.125786163522015,8.49056603773585,11.635220125786164,79.87421383647799,7.232704402515723,72.64150943396226
E00122529,314,64,31,33,250,22,228,20.382165605095544,9.872611464968154,10.509554140127388,79.61783439490446,7.006369426751593,72.61146496815286
E00122530,335,42,13,29,293,24,269,12.53731343283582,3.880597014925373,8.656716417910449,87.46268656716418,7.164179104477612,80.29850746268656
E00122531,442,47,18,29,395,23,372,10.633484162895927,4.072398190045249,6.561085972850679,89.36651583710407,5.203619909502263,84.16289592760181
E00122532,273,37,11,26,236,12,224,13.553113553113553,4.029304029304029,9.523809523809524,86.44688644688645,4.395604395604396,82.05128205128204
E00122533,306,54,20,34,252,21,231,17.647058823529413,6.535947712418301,11.11111111111111,82.35294117647058,6.862745098039216,75.49019607843137
E00122534,451,53,16,37,398,21,377,11.751662971175167,3.5476718403547673,8.2039911308204,88.24833702882484,4.656319290465632,83.5920177383592
E00122535,365,35,13,22,330,28,302,9.58904109589041,3.5616438356164384,6.027397260273973,90.41095890410958,7.671232876712329,82.73972602739727
E00122536,293,37,14,23,256,16,240,12.627986348122866,4.778156996587031,7.849829351535837,87.37201365187714,5.460750853242321,81.91126279863481
E00122538,346,49,17,32,297,24,273,14.16184971098266,4.913294797687861,9.248554913294797,85.83815028901735,6.9364161849710975,78.90173410404624
E00122539,327,29,5,24,298,29,269,8.868501529051988,1.529051987767584,7.339449541284404,91.13149847094802,8.868501529051988,82.26299694189603
E00122540,268,41,20,21,227,21,206,15.298507462686567,7.462686567164178,7.835820895522389,84.70149253731343,7.835820895522389,76.86567164179104
E00122541,180,13,3,10,167,14,153,7.222222222222221,1.6666666666666667,5.555555555555555,92.77777777777779,7.777777777777778,85
E00122542,390,51,21,30,339,26,313,13.076923076923078,5.384615384615385,7.6923076923076925,86.92307692307692,6.666666666666667,80.25641025641026
E00122543,315,41,16,25,274,21,253,13.015873015873018,5.079365079365079,7.936507936507936,86.98412698412699,6.666666666666667,80.31746031746032
E00122545,359,50,13,37,309,25,284,13.92757660167131,3.6211699164345403,10.30640668523677,86.0724233983287,6.963788300835655,79.10863509749304
E00122546,289,41,8,33,248,23,225,14.186851211072666,2.768166089965398,11.418685121107266,85.81314878892734,7.958477508650519,77.85467128027682
E00122547,324,40,16,24,284,22,262,12.345679012345679,4.938271604938271,7.4074074074074066,87.65432098765432,6.790123456790123,80.8641975308642
E00122548,311,31,7,24,280,27,253,9.967845659163988,2.2508038585209005,7.717041800643088,90.03215434083602,8.681672025723474,81.35048231511254
E00122549,325,52,17,35,273,28,245,16,5.230769230769231,10.76923076923077,84,8.615384615384615,75.38461538461539
E00122550,325,47,12,35,278,22,256,14.461538461538462,3.6923076923076925,10.76923076923077,85.53846153846155,6.769230769230769,78.76923076923077
E00122551,201,43,25,18,158,12,146,21.393034825870647,12.437810945273633,8.955223880597014,78.60696517412936,5.970149253731343,72.636815920398
E00122552,276,27,10,17,249,20,229,9.782608695652174,3.6231884057971016,6.159420289855073,90.21739130434783,7.246376811594203,82.97101449275362
E00122553,318,35,15,20,283,21,262,11.0062893081761,4.716981132075472,6.289308176100629,88.9937106918239,6.60377358490566,82.38993710691824
E00122554,294,34,11,23,260,28,232,11.564625850340136,3.741496598639456,7.8231292517006805,88.43537414965986,9.523809523809524,78.91156462585033
E00122555,297,15,3,12,282,19,263,5.05050505050505,1.0101010101010102,4.040404040404041,94.94949494949495,6.397306397306397,88.55218855218855
E00122556,265,37,14,23,228,18,210,13.962264150943396,5.283018867924529,8.679245283018867,86.0377358490566,6.7924528301886795,79.24528301886792
E00122558,421,63,27,36,358,37,321,14.964370546318289,6.413301662707839,8.551068883610451,85.03562945368171,8.788598574821853,76.24703087885986
E00122560,369,94,64,30,275,23,252,25.474254742547426,17.344173441734416,8.130081300813007,74.52574525745257,6.233062330623306,68.29268292682927
E00122562,266,29,10,19,237,19,218,10.902255639097744,3.7593984962406015,7.142857142857142,89.09774436090225,7.142857142857142,81.95488721804512
E00122564,281,69,36,33,212,19,193,24.555160142348754,12.811387900355871,11.743772241992882,75.44483985765125,6.761565836298933,68.68327402135232
E00122566,234,36,13,23,198,15,183,15.384615384615385,5.555555555555555,9.82905982905983,84.61538461538461,6.41025641025641,78.2051282051282
E00122567,424,50,22,28,374,36,338,11.79245283018868,5.188679245283019,6.60377358490566,88.20754716981132,8.49056603773585,79.71698113207547
E00122568,311,57,23,34,254,13,241,18.327974276527332,7.395498392282958,10.932475884244374,81.67202572347267,4.180064308681672,77.491961414791
E00122570,328,34,8,26,294,27,267,10.365853658536585,2.4390243902439024,7.926829268292683,89.63414634146342,8.231707317073171,81.40243902439023
E00122571,304,29,7,22,275,20,255,9.539473684210527,2.302631578947368,7.236842105263158,90.46052631578947,6.578947368421052,83.88157894736842
E00122572,383,36,11,25,347,32,315,9.39947780678851,2.8720626631853787,6.527415143603134,90.60052219321149,8.355091383812011,82.24543080939948
E00122573,381,42,14,28,339,28,311,11.023622047244094,3.674540682414698,7.349081364829396,88.9763779527559,7.349081364829396,81.62729658792651
E00122574,374,54,13,41,320,35,285,14.43850267379679,3.4759358288770055,10.962566844919785,85.56149732620321,9.358288770053475,76.20320855614973
E00122575,345,50,18,32,295,26,269,14.492753623188406,5.217391304347826,9.27536231884058,85.5072463768116,7.536231884057972,77.97101449275362
E00122576,401,66,25,41,335,27,308,16.458852867830423,6.234413965087282,10.224438902743142,83.54114713216958,6.733167082294264,76.80798004987531
E00122577,284,55,26,29,229,18,211,19.366197183098592,9.15492957746479,10.211267605633804,80.63380281690141,6.338028169014084,74.29577464788733
E00122578,322,41,10,31,281,15,266,12.732919254658384,3.1055900621118013,9.627329192546584,87.26708074534162,4.658385093167702,82.6086956521739
E00122579,405,42,17,25,363,21,342,10.37037037037037,4.197530864197531,6.172839506172839,89.62962962962962,5.185185185185185,84.44444444444444
E00122580,354,43,12,31,311,25,286,12.146892655367232,3.389830508474576,8.757062146892656,87.85310734463276,7.062146892655368,80.7909604519774
E00122581,391,44,16,28,347,41,306,11.253196930946292,4.092071611253197,7.161125319693094,88.7468030690537,10.485933503836318,78.26086956521739
E00122582,361,43,7,36,318,34,284,11.911357340720222,1.9390581717451523,9.97229916897507,88.08864265927978,9.418282548476455,78.67036011080333
E00122583,306,44,16,28,262,20,242,14.37908496732026,5.228758169934641,9.15032679738562,85.62091503267973,6.535947712418301,79.08496732026144
E00122584,406,57,14,43,349,29,320,14.039408866995073,3.4482758620689653,10.591133004926109,85.96059113300493,7.142857142857142,78.81773399014779
E00122585,340,39,12,27,301,27,274,11.470588235294118,3.5294117647058822,7.941176470588235,88.52941176470588,7.941176470588235,80.58823529411765
E00122586,274,29,10,19,245,21,224,10.583941605839415,3.64963503649635,6.934306569343065,89.41605839416059,7.664233576642336,81.75182481751825
E00122587,319,41,11,30,278,17,261,12.852664576802509,3.4482758620689653,9.404388714733543,87.14733542319749,5.329153605015674,81.81818181818183
E00122588,363,66,27,39,297,25,272,18.181818181818183,7.43801652892562,10.743801652892563,81.81818181818183,6.887052341597796,74.93112947658402
E00122589,357,54,16,38,303,32,271,15.126050420168067,4.481792717086835,10.644257703081232,84.87394957983193,8.96358543417367,75.91036414565826
E00122590,345,89,42,47,256,21,235,25.79710144927536,12.173913043478262,13.623188405797102,74.20289855072464,6.086956521739131,68.11594202898551
E00122593,332,59,28,31,273,16,257,17.771084337349397,8.433734939759036,9.33734939759036,82.2289156626506,4.819277108433735,77.40963855421687
E00122595,562,77,36,41,485,28,457,13.701067615658364,6.405693950177936,7.295373665480427,86.29893238434164,4.98220640569395,81.31672597864768
E00122596,550,82,33,49,468,19,449,14.909090909090908,6,8.90909090909091,85.0909090909091,3.4545454545454546,81.63636363636364
E00122597,313,70,28,42,243,21,222,22.364217252396166,8.945686900958465,13.418530351437699,77.63578274760383,6.7092651757188495,70.92651757188499
E00122598,283,59,31,28,224,17,207,20.848056537102476,10.954063604240282,9.89399293286219,79.15194346289752,6.007067137809187,73.14487632508833
E00122599,249,46,19,27,203,12,191,18.473895582329316,7.630522088353414,10.843373493975903,81.52610441767068,4.819277108433735,76.70682730923694
E00122600,410,65,25,40,345,21,324,15.853658536585366,6.097560975609756,9.75609756097561,84.14634146341463,5.121951219512195,79.02439024390245
E00122601,181,33,12,21,148,8,140,18.23204419889503,6.629834254143646,11.602209944751381,81.76795580110497,4.41988950276243,77.34806629834254
E00122602,234,76,42,34,158,11,147,32.47863247863248,17.94871794871795,14.529914529914532,67.52136752136752,4.700854700854701,62.82051282051282
E00122603,258,57,26,31,201,10,191,22.093023255813954,10.077519379844961,12.015503875968992,77.90697674418605,3.875968992248062,74.03100775193798
E00122604,462,89,42,47,373,43,330,19.264069264069263,9.090909090909092,10.173160173160174,80.73593073593074,9.307359307359308,71.42857142857143
E00122605,363,59,19,40,304,22,282,16.2534435261708,5.234159779614325,11.019283746556475,83.7465564738292,6.0606060606060606,77.68595041322314
E00122606,292,51,21,30,241,15,226,17.465753424657535,7.191780821917808,10.273972602739725,82.53424657534246,5.136986301369863,77.3972602739726
E00122607,334,45,13,32,289,27,262,13.47305389221557,3.8922155688622757,9.580838323353294,86.52694610778443,8.08383233532934,78.44311377245509
E00122608,339,37,14,23,302,29,273,10.914454277286136,4.129793510324483,6.784660766961652,89.08554572271386,8.55457227138643,80.53097345132744
E00122609,307,42,17,25,265,20,245,13.680781758957655,5.537459283387622,8.143322475570033,86.31921824104235,6.514657980456026,79.80456026058633
E00122610,213,74,35,39,139,17,122,34.74178403755869,16.431924882629108,18.30985915492958,65.25821596244131,7.981220657276995,57.27699530516433
E00122611,336,29,10,19,307,20,287,8.630952380952381,2.976190476190476,5.654761904761905,91.36904761904762,5.952380952380952,85.41666666666666
E00122613,306,65,23,42,241,23,218,21.241830065359476,7.516339869281046,13.725490196078432,78.75816993464052,7.516339869281046,71.24183006535948
E00122614,302,50,17,33,252,12,240,16.55629139072848,5.629139072847682,10.927152317880795,83.44370860927152,3.9735099337748347,79.47019867549669
E00122615,288,57,23,34,231,18,213,19.791666666666664,7.986111111111111,11.805555555555555,80.20833333333334,6.25,73.95833333333334
E00122616,358,53,16,37,305,22,283,14.804469273743019,4.4692737430167595,10.335195530726256,85.19553072625699,6.145251396648044,79.05027932960894
E00122617,343,48,19,29,295,21,274,13.994169096209912,5.539358600583091,8.454810495626822,86.0058309037901,6.122448979591836,79.88338192419825
E00122618,415,38,9,29,377,26,351,9.156626506024097,2.1686746987951806,6.987951807228916,90.8433734939759,6.265060240963856,84.57831325301206
E00122619,270,50,17,33,220,23,197,18.51851851851852,6.296296296296296,12.222222222222221,81.48148148148148,8.518518518518519,72.96296296296296
E00122620,277,46,17,29,231,15,216,16.60649819494585,6.137184115523466,10.469314079422382,83.39350180505414,5.415162454873646,77.9783393501805
E00122621,253,46,17,29,207,20,187,18.181818181818183,6.719367588932807,11.462450592885375,81.81818181818183,7.905138339920949,73.91304347826086
E00122622,354,71,31,40,283,27,256,20.056497175141246,8.757062146892656,11.299435028248588,79.94350282485875,7.627118644067797,72.31638418079096
E00122623,266,29,10,19,237,20,217,10.902255639097744,3.7593984962406015,7.142857142857142,89.09774436090225,7.518796992481203,81.57894736842105
E00122624,218,21,12,9,197,11,186,9.63302752293578,5.5045871559633035,4.128440366972478,90.36697247706422,5.045871559633028,85.3211009174312
E00122625,239,30,10,20,209,18,191,12.552301255230125,4.184100418410042,8.368200836820083,87.44769874476988,7.531380753138076,79.9163179916318
E00122626,218,25,10,15,193,18,175,11.46788990825688,4.587155963302752,6.8807339449541285,88.53211009174312,8.256880733944955,80.27522935779817
E00122629,303,58,23,35,245,25,220,19.141914191419144,7.590759075907591,11.55115511551155,80.85808580858085,8.25082508250825,72.60726072607261
E00122630,286,61,31,30,225,16,209,21.328671328671327,10.839160839160838,10.48951048951049,78.67132867132867,5.594405594405594,73.07692307692307
E00122631,291,73,39,34,218,13,205,25.085910652920962,13.402061855670103,11.683848797250858,74.91408934707904,4.4673539518900345,70.44673539518901
E00122632,337,52,21,31,285,20,265,15.43026706231454,6.231454005934718,9.198813056379821,84.56973293768546,5.934718100890208,78.63501483679525
E00122633,325,71,36,35,254,16,238,21.846153846153847,11.076923076923077,10.76923076923077,78.15384615384615,4.923076923076923,73.23076923076923
E00122634,333,58,28,30,275,15,260,17.417417417417415,8.408408408408409,9.00900900900901,82.58258258258259,4.504504504504505,78.07807807807808
E00122635,406,70,30,40,336,27,309,17.24137931034483,7.389162561576355,9.852216748768473,82.75862068965517,6.65024630541872,76.10837438423646
E00122636,331,57,25,32,274,18,256,17.220543806646525,7.552870090634441,9.667673716012084,82.77945619335347,5.438066465256798,77.34138972809667
E00122637,372,54,20,34,318,26,292,14.516129032258066,5.376344086021505,9.13978494623656,85.48387096774194,6.989247311827956,78.49462365591397
E00122638,330,54,24,30,276,26,250,16.363636363636363,7.2727272727272725,9.090909090909092,83.63636363636363,7.878787878787878,75.75757575757575
E00122639,321,34,8,26,287,28,259,10.59190031152648,2.4922118380062304,8.09968847352025,89.40809968847351,8.722741433021806,80.68535825545172
E00122640,316,54,21,33,262,18,244,17.088607594936708,6.6455696202531636,10.443037974683545,82.91139240506328,5.69620253164557,77.21518987341773
E00122641,313,68,28,40,245,35,210,21.72523961661342,8.945686900958465,12.779552715654951,78.27476038338658,11.182108626198083,67.0926517571885
E00122642,339,36,18,18,303,21,282,10.619469026548673,5.3097345132743365,5.3097345132743365,89.38053097345133,6.1946902654867255,83.1858407079646
E00122643,353,47,18,29,306,34,272,13.314447592067987,5.099150141643059,8.21529745042493,86.68555240793201,9.631728045325778,77.05382436260622
E00122644,370,57,23,34,313,36,277,15.405405405405407,6.216216216216217,9.18918918918919,84.5945945945946,9.72972972972973,74.86486486486487
E00122646,332,41,21,20,291,28,263,12.349397590361445,6.325301204819277,6.024096385542169,87.65060240963855,8.433734939759036,79.21686746987952
E00122647,469,66,23,43,403,24,379,14.072494669509595,4.904051172707889,9.168443496801707,85.9275053304904,5.11727078891258,80.81023454157783
E00122648,354,46,19,27,308,30,278,12.994350282485875,5.367231638418079,7.627118644067797,87.00564971751412,8.47457627118644,78.53107344632768
E00122649,256,36,9,27,220,23,197,14.0625,3.515625,10.546875,85.9375,8.984375,76.953125
E00122650,233,32,14,18,201,12,189,13.733905579399142,6.008583690987124,7.725321888412018,86.26609442060087,5.150214592274678,81.11587982832617
E00122651,298,66,27,39,232,33,199,22.14765100671141,9.060402684563758,13.087248322147651,77.85234899328859,11.073825503355705,66.77852348993288
E00122652,403,51,27,24,352,32,320,12.655086848635236,6.699751861042183,5.955334987593052,87.34491315136476,7.94044665012407,79.4044665012407
E00122653,289,70,42,28,219,19,200,24.22145328719723,14.53287197231834,9.688581314878892,75.77854671280276,6.5743944636678195,69.20415224913495
E00122654,468,69,22,47,399,44,355,14.743589743589745,4.700854700854701,10.042735042735043,85.25641025641025,9.401709401709402,75.85470085470085
E00122655,313,77,42,35,236,21,215,24.600638977635782,13.418530351437699,11.182108626198083,75.39936102236422,6.7092651757188495,68.69009584664538
E00122656,227,46,20,26,181,20,161,20.26431718061674,8.81057268722467,11.45374449339207,79.73568281938326,8.81057268722467,70.92511013215858
E00122657,272,48,17,31,224,21,203,17.647058823529413,6.25,11.397058823529411,82.35294117647058,7.720588235294118,74.63235294117648
E00122658,410,43,13,30,367,15,352,10.487804878048781,3.1707317073170733,7.317073170731707,89.51219512195122,3.6585365853658534,85.85365853658537
E00122659,341,40,16,24,301,21,280,11.730205278592376,4.69208211143695,7.038123167155426,88.26979472140762,6.158357771260997,82.11143695014663
E00122660,309,57,26,31,252,19,233,18.446601941747574,8.414239482200648,10.032362459546926,81.55339805825243,6.148867313915858,75.40453074433657
E00122661,299,42,10,32,257,25,232,14.046822742474916,3.3444816053511706,10.702341137123746,85.95317725752508,8.361204013377927,77.59197324414716
E00122662,180,38,13,25,142,16,126,21.11111111111111,7.222222222222221,13.88888888888889,78.88888888888889,8.88888888888889,70
E00122663,453,69,21,48,384,30,354,15.2317880794702,4.635761589403973,10.596026490066226,84.76821192052981,6.622516556291391,78.1456953642384
E00122664,339,42,15,27,297,21,276,12.389380530973451,4.424778761061947,7.964601769911504,87.61061946902655,6.1946902654867255,81.41592920353983
E00122665,196,28,12,16,168,9,159,14.285714285714285,6.122448979591836,8.16326530612245,85.71428571428571,4.591836734693878,81.12244897959184
E00122666,314,34,8,26,280,21,259,10.828025477707007,2.547770700636943,8.280254777070063,89.171974522293,6.687898089171974,82.48407643312102
E00122667,278,39,21,18,239,21,218,14.028776978417264,7.553956834532374,6.474820143884892,85.97122302158273,7.553956834532374,78.41726618705036
E00122668,310,40,16,24,270,20,250,12.903225806451612,5.161290322580645,7.741935483870968,87.09677419354838,6.451612903225806,80.64516129032258
E00122669,333,40,17,23,293,12,281,12.012012012012011,5.105105105105105,6.906906906906906,87.98798798798799,3.6036036036036037,84.38438438438438
E00122670,310,39,19,20,271,26,245,12.580645161290322,6.129032258064516,6.451612903225806,87.41935483870968,8.38709677419355,79.03225806451613
E00122671,321,38,11,27,283,16,267,11.838006230529595,3.4267912772585665,8.411214953271028,88.1619937694704,4.984423676012461,83.17757009345794
E00122672,360,57,27,30,303,26,277,15.833333333333332,7.5,8.333333333333332,84.16666666666667,7.222222222222221,76.94444444444444
E00122673,355,36,10,26,319,24,295,10.140845070422536,2.8169014084507045,7.323943661971831,89.85915492957747,6.760563380281689,83.09859154929578
E00122674,363,35,11,24,328,22,306,9.641873278236915,3.0303030303030303,6.6115702479338845,90.35812672176309,6.0606060606060606,84.29752066115702
E00122675,348,64,26,38,284,29,255,18.39080459770115,7.471264367816093,10.919540229885058,81.60919540229885,8.333333333333332,73.27586206896551
E00122676,452,62,15,47,390,30,360,13.716814159292035,3.3185840707964607,10.398230088495575,86.28318584070797,6.637168141592921,79.64601769911505
E00122678,357,54,15,39,303,15,288,15.126050420168067,4.201680672268908,10.92436974789916,84.87394957983193,4.201680672268908,80.67226890756302
E00122679,281,43,16,27,238,16,222,15.302491103202847,5.6939501779359425,9.608540925266903,84.69750889679716,5.6939501779359425,79.00355871886121
E00122680,352,75,33,42,277,21,256,21.306818181818183,9.375,11.931818181818182,78.69318181818183,5.965909090909091,72.72727272727273
E00122681,424,70,27,43,354,30,324,16.50943396226415,6.367924528301887,10.141509433962264,83.49056603773585,7.0754716981132075,76.41509433962264
E00122682,373,67,32,35,306,26,280,17.962466487935657,8.579088471849866,9.383378016085791,82.03753351206434,6.970509383378016,75.06702412868633
E00122683,414,71,34,37,343,22,321,17.14975845410628,8.212560386473431,8.937198067632849,82.85024154589372,5.314009661835748,77.53623188405797
E00122684,404,74,40,34,330,21,309,18.316831683168317,9.900990099009901,8.415841584158416,81.68316831683168,5.198019801980198,76.48514851485149
E00122685,229,59,31,28,170,16,154,25.76419213973799,13.537117903930133,12.22707423580786,74.235807860262,6.986899563318777,67.24890829694323
E00122686,294,54,20,34,240,9,231,18.367346938775512,6.802721088435375,11.564625850340136,81.63265306122449,3.061224489795918,78.57142857142857
E00122687,242,67,32,35,175,15,160,27.685950413223143,13.223140495867769,14.46280991735537,72.31404958677686,6.198347107438017,66.11570247933885
E00122688,315,85,37,48,230,16,214,26.984126984126984,11.746031746031745,15.238095238095239,73.01587301587301,5.079365079365079,67.93650793650794
E00122689,343,83,40,43,260,9,251,24.198250728862973,11.661807580174926,12.536443148688047,75.80174927113703,2.623906705539359,73.17784256559767
E00122690,288,49,25,24,239,22,217,17.01388888888889,8.680555555555555,8.333333333333332,82.98611111111111,7.638888888888889,75.34722222222221
E00122691,355,78,39,39,277,25,252,21.971830985915496,10.985915492957748,10.985915492957748,78.0281690140845,7.042253521126761,70.98591549295776
E00122692,392,69,30,39,323,26,297,17.602040816326532,7.653061224489796,9.948979591836734,82.39795918367348,6.63265306122449,75.76530612244898
E00122693,274,52,17,35,222,14,208,18.97810218978102,6.204379562043796,12.773722627737227,81.02189781021897,5.109489051094891,75.91240875912408
E00122694,382,44,18,26,338,26,312,11.518324607329843,4.712041884816754,6.806282722513089,88.48167539267016,6.806282722513089,81.67539267015707
E00122695,255,48,18,30,207,11,196,18.823529411764707,7.0588235294117645,11.76470588235294,81.17647058823529,4.313725490196078,76.86274509803923
E00122696,415,51,18,33,364,21,343,12.289156626506024,4.337349397590361,7.951807228915662,87.71084337349397,5.0602409638554215,82.65060240963855
E00122697,319,31,8,23,288,15,273,9.717868338557993,2.507836990595611,7.210031347962382,90.28213166144201,4.702194357366771,85.57993730407524
E00122698,384,65,22,43,319,24,295,16.927083333333336,5.729166666666666,11.197916666666668,83.07291666666666,6.25,76.82291666666666
E00122699,443,40,7,33,403,26,377,9.029345372460497,1.580135440180587,7.44920993227991,90.9706546275395,5.8690744920993225,85.10158013544017
E00122700,377,71,32,39,306,17,289,18.83289124668435,8.488063660477453,10.344827586206897,81.16710875331566,4.509283819628647,76.657824933687
E00122701,413,77,34,43,336,24,312,18.64406779661017,8.232445520581114,10.411622276029057,81.35593220338984,5.811138014527845,75.54479418886199
E00122702,338,51,23,28,287,18,269,15.088757396449704,6.8047337278106506,8.284023668639055,84.91124260355029,5.325443786982249,79.58579881656804
E00122703,247,50,30,20,197,15,182,20.242914979757085,12.145748987854251,8.097165991902834,79.75708502024291,6.0728744939271255,73.68421052631578
E00122704,332,55,30,25,277,18,259,16.566265060240966,9.036144578313253,7.530120481927711,83.43373493975903,5.421686746987952,78.01204819277109
E00122706,276,75,40,35,201,12,189,27.173913043478258,14.492753623188406,12.681159420289855,72.82608695652173,4.3478260869565215,68.47826086956522
E00122707,247,65,33,32,182,15,167,26.31578947368421,13.360323886639677,12.955465587044534,73.68421052631578,6.0728744939271255,67.61133603238866
E00122708,382,75,31,44,307,16,291,19.63350785340314,8.115183246073299,11.518324607329843,80.36649214659685,4.18848167539267,76.17801047120419
E00122709,287,80,28,52,207,16,191,27.874564459930312,9.75609756097561,18.118466898954704,72.12543554006969,5.574912891986063,66.55052264808361
E00122710,344,63,28,35,281,21,260,18.313953488372093,8.13953488372093,10.174418604651162,81.68604651162791,6.104651162790697,75.5813953488372
E00122711,314,81,31,50,233,28,205,25.796178343949045,9.872611464968154,15.92356687898089,74.20382165605095,8.9171974522293,65.28662420382165
E00122712,264,44,15,29,220,14,206,16.666666666666664,5.681818181818182,10.984848484848484,83.33333333333334,5.303030303030303,78.03030303030303
E00122713,302,43,10,33,259,23,236,14.23841059602649,3.3112582781456954,10.927152317880795,85.76158940397352,7.6158940397351,78.1456953642384
E00122714,461,62,30,32,399,27,372,13.449023861171366,6.507592190889371,6.941431670281996,86.55097613882863,5.856832971800434,80.6941431670282
E00122715,267,47,19,28,220,22,198,17.60299625468165,7.116104868913857,10.486891385767791,82.39700374531836,8.239700374531834,74.15730337078652
E00122716,327,51,22,29,276,13,263,15.59633027522936,6.727828746177369,8.868501529051988,84.40366972477065,3.9755351681957185,80.42813455657493
E00122717,204,31,12,19,173,6,167,15.196078431372548,5.88235294117647,9.313725490196079,84.80392156862744,2.941176470588235,81.86274509803921
E00122718,178,18,5,13,160,17,143,10.112359550561797,2.8089887640449436,7.303370786516854,89.8876404494382,9.550561797752808,80.33707865168539
E00122719,334,44,19,25,290,25,265,13.17365269461078,5.688622754491018,7.48502994011976,86.82634730538922,7.48502994011976,79.34131736526946
E00122720,257,34,16,18,223,16,207,13.229571984435799,6.22568093385214,7.003891050583658,86.7704280155642,6.22568093385214,80.54474708171206
E00122721,361,40,15,25,321,25,296,11.080332409972298,4.1551246537396125,6.9252077562326875,88.9196675900277,6.9252077562326875,81.99445983379502
E00122722,327,44,12,32,283,25,258,13.455657492354739,3.669724770642202,9.785932721712538,86.54434250764525,7.64525993883792,78.89908256880734
E00122723,275,57,28,29,218,22,196,20.727272727272727,10.181818181818182,10.545454545454545,79.27272727272727,8,71.27272727272728
E00122724,444,57,30,27,387,24,363,12.837837837837837,6.756756756756757,6.081081081081082,87.16216216216216,5.405405405405405,81.75675675675676
E00122725,385,47,10,37,338,37,301,12.207792207792208,2.5974025974025974,9.61038961038961,87.79220779220779,9.61038961038961,78.18181818181819
E00122726,216,49,23,26,167,11,156,22.685185185185187,10.648148148148149,12.037037037037036,77.31481481481481,5.092592592592593,72.22222222222221
E00122727,340,39,9,30,301,26,275,11.470588235294118,2.6470588235294117,8.823529411764707,88.52941176470588,7.647058823529412,80.88235294117648
E00122728,424,62,28,34,362,36,326,14.622641509433961,6.60377358490566,8.018867924528301,85.37735849056604,8.49056603773585,76.88679245283019
E00122729,297,43,15,28,254,24,230,14.47811447811448,5.05050505050505,9.427609427609427,85.52188552188552,8.080808080808081,77.44107744107744
E00122730,283,51,25,26,232,18,214,18.021201413427562,8.8339222614841,9.187279151943462,81.97879858657244,6.36042402826855,75.61837455830388
E00122731,346,35,10,25,311,20,291,10.115606936416185,2.8901734104046244,7.225433526011561,89.88439306358381,5.780346820809249,84.10404624277457
E00122732,286,49,20,29,237,13,224,17.132867132867133,6.993006993006993,10.13986013986014,82.86713286713287,4.545454545454546,78.32167832167832
E00122733,284,34,10,24,250,10,240,11.971830985915492,3.5211267605633805,8.450704225352112,88.02816901408451,3.5211267605633805,84.50704225352112
E00122734,375,39,11,28,336,25,311,10.4,2.933333333333333,7.466666666666668,89.60000000000001,6.666666666666667,82.93333333333334
E00122735,375,54,23,31,321,19,302,14.399999999999999,6.133333333333333,8.266666666666666,85.6,5.066666666666666,80.53333333333333
E00122736,321,56,22,34,265,9,256,17.445482866043612,6.853582554517133,10.59190031152648,82.55451713395638,2.803738317757009,79.75077881619937
E00122737,285,57,31,26,228,21,207,20,10.87719298245614,9.12280701754386,80,7.368421052631578,72.63157894736842
E00122739,261,50,17,33,211,31,180,19.157088122605366,6.513409961685824,12.643678160919542,80.84291187739464,11.877394636015326,68.96551724137932
E00122740,248,49,24,25,199,22,177,19.758064516129032,9.67741935483871,10.080645161290322,80.24193548387096,8.870967741935484,71.37096774193549
E00122742,355,72,37,35,283,19,264,20.281690140845072,10.422535211267606,9.859154929577464,79.71830985915493,5.352112676056338,74.36619718309859
E00122743,345,63,25,38,282,24,258,18.26086956521739,7.246376811594203,11.014492753623188,81.73913043478261,6.956521739130435,74.78260869565217
E00122744,334,60,21,39,274,22,252,17.964071856287426,6.287425149700598,11.676646706586826,82.03592814371258,6.58682634730539,75.44910179640718
E00122745,318,45,18,27,273,20,253,14.150943396226415,5.660377358490567,8.49056603773585,85.84905660377359,6.289308176100629,79.55974842767296
E00122746,304,54,18,36,250,17,233,17.763157894736842,5.921052631578947,11.842105263157894,82.23684210526315,5.592105263157895,76.64473684210526
E00122747,323,59,22,37,264,17,247,18.26625386996904,6.811145510835913,11.455108359133128,81.73374613003097,5.263157894736842,76.47058823529412
E00122748,311,56,14,42,255,31,224,18.006430868167204,4.501607717041801,13.504823151125404,81.9935691318328,9.967845659163988,72.02572347266882
E00122749,334,53,20,33,281,22,259,15.868263473053892,5.9880239520958085,9.880239520958083,84.13173652694611,6.58682634730539,77.54491017964071
E00122750,301,67,37,30,234,19,215,22.259136212624583,12.29235880398671,9.966777408637874,77.74086378737542,6.312292358803987,71.42857142857143
E00122751,295,70,34,36,225,13,212,23.728813559322035,11.525423728813559,12.203389830508476,76.27118644067797,4.406779661016949,71.86440677966101
E00122752,317,68,31,37,249,16,233,21.451104100946374,9.779179810725552,11.67192429022082,78.54889589905363,5.047318611987381,73.50157728706624
E00122753,233,73,38,35,160,16,144,31.330472103004293,16.30901287553648,15.021459227467812,68.6695278969957,6.866952789699571,61.80257510729614
E00122755,333,54,24,30,279,18,261,16.216216216216218,7.207207207207207,9.00900900900901,83.78378378378379,5.405405405405405,78.37837837837837
E00122756,298,28,12,16,270,22,248,9.395973154362416,4.026845637583892,5.369127516778524,90.60402684563759,7.38255033557047,83.22147651006712
E00122757,527,69,30,39,458,22,436,13.092979127134724,5.692599620493358,7.400379506641366,86.90702087286527,4.174573055028463,82.73244781783681
E00122758,363,40,14,26,323,21,302,11.019283746556475,3.8567493112947657,7.162534435261708,88.98071625344353,5.785123966942149,83.19559228650138
E00122759,271,25,10,15,246,23,223,9.22509225092251,3.6900369003690034,5.535055350553505,90.7749077490775,8.487084870848708,82.28782287822878
E00122760,368,35,12,23,333,21,312,9.510869565217392,3.260869565217391,6.25,90.48913043478261,5.706521739130435,84.78260869565217
E00122766,275,57,17,40,218,14,204,20.727272727272727,6.181818181818182,14.545454545454545,79.27272727272727,5.090909090909091,74.18181818181819
E00122768,279,33,13,20,246,8,238,11.827956989247312,4.659498207885305,7.168458781362006,88.17204301075269,2.867383512544803,85.30465949820788
E00122769,366,33,15,18,333,22,311,9.01639344262295,4.098360655737705,4.918032786885246,90.98360655737704,6.0109289617486334,84.97267759562843
E00122771,326,43,15,28,283,21,262,13.190184049079754,4.601226993865031,8.588957055214724,86.80981595092024,6.441717791411043,80.3680981595092
E00122772,348,50,19,31,298,18,280,14.367816091954023,5.459770114942529,8.908045977011495,85.63218390804597,5.172413793103448,80.45977011494253
E00122773,358,37,16,21,321,18,303,10.335195530726256,4.4692737430167595,5.865921787709497,89.66480446927375,5.027932960893855,84.63687150837988
E00122774,298,45,11,34,253,22,231,15.100671140939598,3.691275167785235,11.409395973154362,84.8993288590604,7.38255033557047,77.51677852348993
E00122776,377,44,18,26,333,26,307,11.671087533156498,4.774535809018567,6.896551724137931,88.3289124668435,6.896551724137931,81.43236074270557
E00122777,333,46,21,25,287,21,266,13.813813813813812,6.306306306306306,7.5075075075075075,86.18618618618619,6.306306306306306,79.87987987987988
E00122778,380,43,19,24,337,29,308,11.31578947368421,5,6.315789473684211,88.68421052631578,7.631578947368421,81.05263157894737
E00122779,324,39,15,24,285,13,272,12.037037037037036,4.62962962962963,7.4074074074074066,87.96296296296296,4.012345679012346,83.9506172839506
E00122780,313,51,26,25,262,26,236,16.293929712460063,8.30670926517572,7.987220447284344,83.70607028753993,8.30670926517572,75.39936102236422
E00122781,320,44,18,26,276,26,250,13.750000000000002,5.625,8.125,86.25,8.125,78.125
E00122783,398,48,17,31,350,21,329,12.060301507537687,4.271356783919598,7.788944723618091,87.93969849246231,5.276381909547738,82.66331658291458
E00122784,331,37,20,17,294,29,265,11.178247734138973,6.042296072507553,5.13595166163142,88.82175226586104,8.761329305135952,80.06042296072508
E00122785,331,36,15,21,295,30,265,10.876132930513595,4.531722054380665,6.3444108761329305,89.12386706948641,9.06344410876133,80.06042296072508
E00122786,378,54,13,41,324,38,286,14.285714285714285,3.439153439153439,10.846560846560847,85.71428571428571,10.052910052910052,75.66137566137566
E00122787,260,55,27,28,205,20,185,21.153846153846153,10.384615384615385,10.76923076923077,78.84615384615384,7.6923076923076925,71.15384615384616
E00122788,276,35,10,25,241,25,216,12.681159420289855,3.6231884057971016,9.057971014492754,87.31884057971014,9.057971014492754,78.26086956521739
E00122789,336,51,21,30,285,19,266,15.178571428571427,6.25,8.928571428571429,84.82142857142857,5.654761904761905,79.16666666666666
E00122790,291,51,19,32,240,23,217,17.525773195876287,6.529209621993128,10.996563573883162,82.4742268041237,7.903780068728522,74.5704467353952
E00122791,378,98,44,54,280,24,256,25.925925925925924,11.64021164021164,14.285714285714285,74.07407407407408,6.349206349206349,67.72486772486772
E00122792,361,61,30,31,300,36,264,16.897506925207757,8.310249307479225,8.587257617728532,83.10249307479224,9.97229916897507,73.13019390581718
E00122793,430,77,44,33,353,23,330,17.906976744186046,10.232558139534884,7.674418604651163,82.09302325581396,5.348837209302325,76.74418604651163
E00122794,360,42,14,28,318,26,292,11.666666666666666,3.888888888888889,7.777777777777778,88.33333333333333,7.222222222222221,81.11111111111111
E00122795,338,43,15,28,295,22,273,12.721893491124261,4.437869822485207,8.284023668639055,87.27810650887574,6.508875739644971,80.76923076923077
E00122796,362,44,21,23,318,19,299,12.154696132596685,5.801104972375691,6.353591160220995,87.84530386740332,5.248618784530387,82.59668508287292
E00122797,480,78,50,28,402,26,376,16.25,10.416666666666668,5.833333333333333,83.75,5.416666666666667,78.33333333333333
E00122798,315,53,22,31,262,14,248,16.825396825396826,6.984126984126984,9.841269841269842,83.17460317460318,4.444444444444445,78.73015873015873
E00167421,319,28,10,18,291,13,278,8.77742946708464,3.1347962382445136,5.6426332288401255,91.22257053291536,4.075235109717868,87.14733542319749
E00167422,370,51,22,29,319,22,297,13.783783783783784,5.9459459459459465,7.837837837837839,86.21621621621621,5.9459459459459465,80.27027027027027
E00167423,264,41,16,25,223,10,213,15.530303030303031,6.0606060606060606,9.469696969696969,84.46969696969697,3.787878787878788,80.68181818181817
E00167424,314,39,16,23,275,28,247,12.420382165605096,5.095541401273886,7.32484076433121,87.57961783439491,8.9171974522293,78.6624203821656
E00167425,426,69,29,40,357,26,331,16.19718309859155,6.807511737089202,9.389671361502346,83.80281690140845,6.103286384976526,77.69953051643192
E00167426,266,31,11,20,235,22,213,11.654135338345863,4.135338345864661,7.518796992481203,88.34586466165413,8.270676691729323,80.07518796992481
E00167427,242,16,6,10,226,9,217,6.6115702479338845,2.479338842975207,4.132231404958678,93.38842975206612,3.71900826446281,89.6694214876033
E00167428,372,75,42,33,297,15,282,20.161290322580644,11.29032258064516,8.870967741935484,79.83870967741935,4.032258064516129,75.80645161290323
E00167429,267,38,19,19,229,5,224,14.232209737827715,7.116104868913857,7.116104868913857,85.76779026217228,1.8726591760299627,83.89513108614233
E00167430,312,40,12,28,272,12,260,12.82051282051282,3.8461538461538463,8.974358974358974,87.17948717948718,3.8461538461538463,83.33333333333334
E00167431,340,30,11,19,310,15,295,8.823529411764707,3.2352941176470593,5.588235294117648,91.17647058823529,4.411764705882353,86.76470588235294
E00167432,222,11,3,8,211,10,201,4.954954954954955,1.3513513513513513,3.6036036036036037,95.04504504504504,4.504504504504505,90.54054054054053
E00167433,294,29,8,21,265,21,244,9.863945578231291,2.7210884353741496,7.142857142857142,90.1360544217687,7.142857142857142,82.99319727891157
E00167435,271,16,8,8,255,11,244,5.904059040590406,2.952029520295203,2.952029520295203,94.0959409594096,4.059040590405904,90.03690036900369
E00167436,518,50,20,30,468,33,435,9.652509652509652,3.861003861003861,5.7915057915057915,90.34749034749035,6.370656370656371,83.97683397683397
E00167437,285,21,8,13,264,13,251,7.368421052631578,2.807017543859649,4.56140350877193,92.63157894736842,4.56140350877193,88.0701754385965
E00167438,303,31,13,18,272,16,256,10.231023102310232,4.29042904290429,5.9405940594059405,89.76897689768977,5.2805280528052805,84.48844884488449
E00167439,187,26,8,18,161,9,152,13.903743315508022,4.27807486631016,9.62566844919786,86.09625668449198,4.81283422459893,81.28342245989305
E00167440,247,10,5,5,237,17,220,4.048582995951417,2.0242914979757085,2.0242914979757085,95.95141700404858,6.882591093117409,89.06882591093117
E00167441,273,23,9,14,250,18,232,8.424908424908425,3.296703296703297,5.128205128205128,91.57509157509158,6.593406593406594,84.98168498168498
E00167442,287,63,21,42,224,12,212,21.951219512195124,7.317073170731707,14.634146341463413,78.04878048780488,4.181184668989547,73.86759581881533
E00167443,264,22,10,12,242,19,223,8.333333333333332,3.787878787878788,4.545454545454546,91.66666666666666,7.196969696969697,84.46969696969697
E00167444,267,20,6,14,247,8,239,7.490636704119851,2.247191011235955,5.2434456928838955,92.50936329588015,2.9962546816479403,89.51310861423221
E00167446,337,37,7,30,300,18,282,10.979228486646884,2.0771513353115725,8.902077151335313,89.02077151335311,5.341246290801187,83.67952522255193
E00167447,354,64,28,36,290,26,264,18.07909604519774,7.909604519774012,10.16949152542373,81.92090395480226,7.344632768361582,74.57627118644068
E00167448,217,28,12,16,189,13,176,12.903225806451612,5.529953917050691,7.373271889400922,87.09677419354838,5.990783410138248,81.10599078341014
E00167449,418,138,109,29,280,18,262,33.014354066985646,26.076555023923444,6.937799043062201,66.98564593301435,4.30622009569378,62.67942583732058
E00167450,361,33,15,18,328,17,311,9.141274238227147,4.1551246537396125,4.986149584487535,90.85872576177285,4.7091412742382275,86.14958448753463
E00167451,388,56,29,27,332,26,306,14.432989690721648,7.474226804123711,6.958762886597938,85.56701030927834,6.701030927835052,78.8659793814433
E00167452,228,35,12,23,193,14,179,15.350877192982457,5.263157894736842,10.087719298245613,84.64912280701753,6.140350877192982,78.50877192982456
E00167453,308,34,12,22,274,18,256,11.03896103896104,3.896103896103896,7.142857142857142,88.96103896103897,5.844155844155844,83.11688311688312
E00167454,360,27,5,22,333,20,313,7.5,1.3888888888888888,6.111111111111111,92.5,5.555555555555555,86.94444444444444
E00167455,336,30,7,23,306,18,288,8.928571428571429,2.083333333333333,6.845238095238096,91.07142857142857,5.357142857142857,85.71428571428571
E00167456,621,46,10,36,575,21,554,7.4074074074074066,1.610305958132045,5.797101449275362,92.5925925925926,3.3816425120772946,89.21095008051529
E00167458,248,20,7,13,228,20,208,8.064516129032258,2.82258064516129,5.241935483870968,91.93548387096774,8.064516129032258,83.87096774193549
E00167459,298,30,7,23,268,20,248,10.06711409395973,2.348993288590604,7.718120805369128,89.93288590604027,6.7114093959731544,83.22147651006712
E00189615,303,35,15,20,268,19,249,11.55115511551155,4.9504950495049505,6.6006600660066,88.44884488448845,6.270627062706271,82.17821782178217
E00189616,180,27,8,19,153,7,146,15,4.444444444444445,10.555555555555555,85,3.888888888888889,81.11111111111111
E00189617,175,53,20,33,122,4,118,30.28571428571429,11.428571428571429,18.857142857142858,69.71428571428572,2.2857142857142856,67.42857142857143
E00189618,248,59,31,28,189,20,169,23.790322580645164,12.5,11.29032258064516,76.20967741935483,8.064516129032258,68.14516129032258
E00189619,310,19,4,15,291,16,275,6.129032258064516,1.2903225806451613,4.838709677419355,93.87096774193549,5.161290322580645,88.70967741935483
E00189620,254,12,0,12,242,8,234,4.724409448818897,0,4.724409448818897,95.2755905511811,3.149606299212598,92.1259842519685
E00189621,443,60,19,41,383,24,359,13.544018058690746,4.288939051918736,9.255079006772009,86.45598194130926,5.417607223476298,81.03837471783297
E00189623,317,52,25,27,265,17,248,16.40378548895899,7.886435331230284,8.517350157728707,83.59621451104101,5.3627760252365935,78.23343848580441
E00189624,353,43,17,26,310,16,294,12.181303116147308,4.815864022662889,7.365439093484419,87.81869688385268,4.53257790368272,83.28611898016997
E00189626,305,38,14,24,267,21,246,12.459016393442624,4.590163934426229,7.868852459016394,87.54098360655738,6.885245901639345,80.65573770491802
E00189627,457,52,21,31,405,25,380,11.37855579868709,4.595185995623632,6.783369803063458,88.62144420131291,5.470459518599562,83.15098468271334
E00189628,245,42,18,24,203,17,186,17.142857142857142,7.346938775510205,9.795918367346939,82.85714285714286,6.938775510204081,75.91836734693878
E00189634,339,23,9,14,316,10,306,6.784660766961652,2.6548672566371683,4.129793510324483,93.21533923303835,2.949852507374631,90.2654867256637
E00189639,374,24,13,11,350,12,338,6.417112299465241,3.4759358288770055,2.941176470588235,93.58288770053476,3.2085561497326207,90.37433155080214
E00189646,395,27,6,21,368,9,359,6.8354430379746836,1.5189873417721518,5.3164556962025316,93.16455696202532,2.278481012658228,90.88607594936708
E00189647,305,13,6,7,292,9,283,4.2622950819672125,1.9672131147540985,2.2950819672131146,95.73770491803279,2.9508196721311477,92.78688524590164
E00189653,332,22,7,15,310,16,294,6.626506024096386,2.108433734939759,4.518072289156627,93.37349397590361,4.819277108433735,88.55421686746988
E00189663,192,19,3,16,173,13,160,9.895833333333332,1.5625,8.333333333333332,90.10416666666666,6.770833333333333,83.33333333333334
E00189664,355,49,17,32,306,11,295,13.802816901408452,4.788732394366197,9.014084507042254,86.19718309859155,3.0985915492957745,83.09859154929578
E00189666,418,95,44,51,323,20,303,22.727272727272727,10.526315789473683,12.200956937799043,77.27272727272727,4.784688995215311,72.48803827751196
E00189670,188,12,4,8,176,11,165,6.382978723404255,2.127659574468085,4.25531914893617,93.61702127659575,5.851063829787234,87.7659574468085
E00189672,387,81,37,44,306,23,283,20.930232558139537,9.560723514211885,11.369509043927648,79.06976744186046,5.943152454780361,73.1266149870801
E00189673,238,6,0,6,232,15,217,2.5210084033613445,0,2.5210084033613445,97.47899159663865,6.302521008403361,91.17647058823529
E00189675,312,18,3,15,294,13,281,5.769230769230769,0.9615384615384616,4.807692307692308,94.23076923076923,4.166666666666666,90.06410256410257
E00189676,353,30,11,19,323,22,301,8.498583569405099,3.1161473087818696,5.382436260623229,91.5014164305949,6.232294617563739,85.26912181303116
E00189680,252,31,8,23,221,14,207,12.3015873015873,3.1746031746031744,9.126984126984127,87.6984126984127,5.555555555555555,82.14285714285714
E00189683,275,18,4,14,257,8,249,6.545454545454546,1.4545454545454546,5.090909090909091,93.45454545454545,2.909090909090909,90.54545454545455
E00189684,354,11,5,6,343,12,331,3.1073446327683616,1.4124293785310735,1.694915254237288,96.89265536723164,3.389830508474576,93.50282485875707
E00189686,237,9,4,5,228,17,211,3.79746835443038,1.6877637130801686,2.109704641350211,96.20253164556962,7.172995780590717,89.0295358649789
E00189689,365,33,11,22,332,20,312,9.04109589041096,3.0136986301369864,6.027397260273973,90.95890410958904,5.47945205479452,85.47945205479452
E00189691,301,37,9,28,264,10,254,12.29235880398671,2.990033222591362,9.30232558139535,87.70764119601328,3.322259136212625,84.38538205980066
E00189692,336,18,7,11,318,16,302,5.357142857142857,2.083333333333333,3.273809523809524,94.64285714285714,4.761904761904762,89.88095238095238
E00189699,300,49,25,24,251,20,231,16.333333333333332,8.333333333333332,8,83.66666666666667,6.666666666666667,77
E00189702,280,12,4,8,268,20,248,4.285714285714286,1.4285714285714286,2.857142857142857,95.71428571428572,7.142857142857142,88.57142857142857
E00189705,330,23,6,17,307,12,295,6.969696969696971,1.8181818181818181,5.151515151515151,93.03030303030303,3.6363636363636362,89.39393939393939
E00189707,112,12,6,6,100,5,95,10.714285714285714,5.357142857142857,5.357142857142857,89.28571428571429,4.464285714285714,84.82142857142857
E00189708,378,34,8,26,344,17,327,8.994708994708994,2.1164021164021163,6.878306878306878,91.005291005291,4.497354497354497,86.5079365079365
E00189709,374,18,5,13,356,13,343,4.81283422459893,1.3368983957219251,3.4759358288770055,95.18716577540107,3.4759358288770055,91.71122994652407
E00189710,345,114,81,33,231,26,205,33.04347826086956,23.47826086956522,9.565217391304348,66.95652173913044,7.536231884057972,59.42028985507246
E00189711,226,14,3,11,212,12,200,6.1946902654867255,1.3274336283185841,4.867256637168142,93.80530973451327,5.3097345132743365,88.49557522123894
E00189714,137,6,2,4,131,7,124,4.37956204379562,1.4598540145985401,2.9197080291970803,95.62043795620438,5.109489051094891,90.51094890510949
E00189715,317,62,33,29,255,17,238,19.558359621451103,10.410094637223976,9.14826498422713,80.4416403785489,5.3627760252365935,75.0788643533123
E00189718,327,25,10,15,302,12,290,7.64525993883792,3.058103975535168,4.587155963302752,92.35474006116208,3.669724770642202,88.68501529051987
E00189719,342,30,9,21,312,16,296,8.771929824561402,2.631578947368421,6.140350877192982,91.22807017543859,4.678362573099415,86.54970760233918
E00189721,146,14,4,10,132,4,128,9.58904109589041,2.73972602739726,6.8493150684931505,90.41095890410958,2.73972602739726,87.67123287671232
E00189722,216,27,5,22,189,18,171,12.5,2.314814814814815,10.185185185185185,87.5,8.333333333333332,79.16666666666666
E00189726,375,21,3,18,354,14,340,5.6000000000000005,0.8,4.8,94.39999999999999,3.733333333333334,90.66666666666666
E00189729,271,6,1,5,265,16,249,2.214022140221402,0.36900369003690037,1.8450184501845017,97.7859778597786,5.904059040590406,91.88191881918819
E00189731,373,12,0,12,361,13,348,3.2171581769436997,0,3.2171581769436997,96.7828418230563,3.485254691689008,93.2975871313673
E00189739,319,18,6,12,301,29,272,5.6426332288401255,1.8808777429467085,3.761755485893417,94.35736677115987,9.090909090909092,85.26645768025078
E00189744,396,46,14,32,350,26,324,11.616161616161616,3.535353535353535,8.080808080808081,88.38383838383838,6.565656565656567,81.81818181818183
E00189747,383,18,9,9,365,13,352,4.699738903394255,2.3498694516971277,2.3498694516971277,95.30026109660574,3.3942558746736298,91.90600522193212
E00189749,310,25,10,15,285,17,268,8.064516129032258,3.225806451612903,4.838709677419355,91.93548387096774,5.483870967741936,86.45161290322581
E00189750,374,13,1,12,361,13,348,3.4759358288770055,0.267379679144385,3.2085561497326207,96.52406417112299,3.4759358288770055,93.04812834224599
E00189751,427,43,15,28,384,10,374,10.070257611241217,3.51288056206089,6.557377049180328,89.92974238875878,2.3419203747072603,87.58782201405153
E00189759,352,18,5,13,334,21,313,5.113636363636364,1.4204545454545454,3.6931818181818183,94.88636363636364,5.965909090909091,88.92045454545455
E00189761,443,27,3,24,416,18,398,6.094808126410835,0.6772009029345373,5.417607223476298,93.90519187358916,4.063205417607223,89.84198645598194
E00189764,286,15,7,8,271,9,262,5.244755244755245,2.4475524475524475,2.797202797202797,94.75524475524476,3.146853146853147,91.6083916083916
E00189765,342,43,13,30,299,31,268,12.573099415204677,3.8011695906432745,8.771929824561402,87.42690058479532,9.064327485380117,78.3625730994152
E00189770,395,18,8,10,377,8,369,4.556962025316456,2.0253164556962027,2.5316455696202533,95.44303797468355,2.0253164556962027,93.41772151898734
E00189773,296,21,4,17,275,19,256,7.094594594594595,1.3513513513513513,5.743243243243244,92.9054054054054,6.418918918918918,86.48648648648648
E00189774,359,5,0,5,354,17,337,1.392757660167131,0,1.392757660167131,98.60724233983287,4.735376044568245,93.87186629526462
E00189775,265,30,11,19,235,14,221,11.320754716981133,4.150943396226415,7.169811320754717,88.67924528301887,5.283018867924529,83.39622641509435
E00189777,332,12,3,9,320,11,309,3.614457831325301,0.9036144578313252,2.710843373493976,96.3855421686747,3.313253012048193,93.07228915662651
E00189778,469,14,4,10,455,23,432,2.9850746268656714,0.8528784648187633,2.1321961620469083,97.01492537313433,4.904051172707889,92.11087420042644
E00189781,273,20,4,16,253,12,241,7.326007326007327,1.465201465201465,5.86080586080586,92.67399267399267,4.395604395604396,88.27838827838828
E00189785,334,28,9,19,306,13,293,8.383233532934131,2.694610778443114,5.688622754491018,91.61676646706587,3.8922155688622757,87.72455089820359
E00189788,145,9,3,6,136,4,132,6.206896551724138,2.0689655172413794,4.137931034482759,93.79310344827586,2.7586206896551726,91.0344827586207
E00189790,270,24,3,21,246,15,231,8.88888888888889,1.1111111111111112,7.777777777777778,91.11111111111111,5.555555555555555,85.55555555555556
E00189793,219,16,5,11,203,14,189,7.30593607305936,2.28310502283105,5.0228310502283104,92.69406392694064,6.392694063926941,86.3013698630137
E00189794,373,18,7,11,355,13,342,4.825737265415549,1.876675603217158,2.949061662198391,95.17426273458445,3.485254691689008,91.68900804289544
