OA,ts0380001,ts0380002,ts0380003,ts0380004,ts0380005,ts0380006,ts0380007,ts0380002_PCT,ts0380003_PCT,ts0380004_PCT,ts0380005_PCT,ts0380006_PCT,ts0380007_PCT
E00043609,275,64,27,37,211,16,195,23.272727272727273,9.818181818181818,13.454545454545455,76.72727272727272,5.818181818181818,70.9090909090909
E00043610,184,48,21,27,136,17,119,26.08695652173913,11.41304347826087,14.673913043478262,73.91304347826086,9.239130434782608,64.67391304347827
E00043611,237,54,30,24,183,14,169,22.78481012658228,12.658227848101266,10.126582278481013,77.21518987341773,5.9071729957805905,71.30801687763713
E00043612,288,69,39,30,219,17,202,23.958333333333336,13.541666666666666,10.416666666666668,76.04166666666666,5.902777777777778,70.13888888888889
E00043613,231,82,43,39,149,12,137,35.4978354978355,18.614718614718615,16.883116883116884,64.5021645021645,5.194805194805195,59.307359307359306
E00043614,258,34,10,24,224,17,207,13.178294573643413,3.875968992248062,9.30232558139535,86.82170542635659,6.5891472868217065,80.23255813953489
E00043615,266,61,31,30,205,18,187,22.932330827067666,11.654135338345863,11.278195488721805,77.06766917293233,6.7669172932330826,70.30075187969925
E00043616,235,63,36,27,172,14,158,26.80851063829787,15.319148936170212,11.48936170212766,73.19148936170212,5.957446808510639,67.23404255319149
E00043617,234,67,46,21,167,13,154,28.63247863247863,19.65811965811966,8.974358974358974,71.36752136752136,5.555555555555555,65.8119658119658
E00043618,217,65,41,24,152,11,141,29.953917050691242,18.89400921658986,11.059907834101383,70.04608294930875,5.0691244239631335,64.97695852534562
E00043619,195,43,19,24,152,15,137,22.05128205128205,9.7435897435897445,12.307692307692308,77.94871794871796,7.6923076923076925,70.25641025641025
E00043620,179,61,31,30,118,15,103,34.07821229050279,17.318435754189945,16.75977653631285,65.92178770949721,8.379888268156424,57.54189944134078
E00043621,177,40,20,20,137,9,128,22.598870056497177,11.299435028248588,11.299435028248588,77.40112994350282,5.084745762711865,72.31638418079096
E00043622,226,57,27,30,169,19,150,25.221238938053098,11.946902654867257,13.274336283185843,74.77876106194691,8.4070796460177,66.3716814159292
E00043623,222,46,20,26,176,11,165,20.72072072072072,9.00900900900901,11.711711711711711,79.27927927927928,4.954954954954955,74.32432432432432
E00043624,192,38,15,23,154,14,140,19.791666666666664,7.8125,11.979166666666668,80.20833333333334,7.291666666666667,72.91666666666666
E00043625,208,49,28,21,159,19,140,23.557692307692307,13.461538461538462,10.096153846153847,76.4423076923077,9.134615384615383,67.3076923076923
E00043626,198,56,24,32,142,13,129,28.28282828282828,12.121212121212121,16.161616161616163,71.71717171717171,6.565656565656567,65.15151515151516
E00043627,242,59,30,29,183,9,174,24.380165289256198,12.396694214876034,11.983471074380166,75.6198347107438,3.71900826446281,71.900826446281
E00043628,195,49,19,30,146,15,131,25.128205128205128,9.7435897435897445,15.384615384615385,74.87179487179488,7.6923076923076925,67.17948717948717
E00043629,181,55,26,29,126,14,112,30.386740331491712,14.3646408839779,16.022099447513813,69.61325966850829,7.734806629834254,61.87845303867403
E00043630,204,43,22,21,161,12,149,21.07843137254902,10.784313725490197,10.294117647058822,78.92156862745098,5.88235294117647,73.0392156862745
E00043631,259,74,37,37,185,17,168,28.57142857142857,14.285714285714285,14.285714285714285,71.42857142857143,6.563706563706563,64.86486486486487
E00043632,218,56,22,34,162,16,146,25.688073394495415,10.091743119266056,15.59633027522936,74.31192660550458,7.339449541284404,66.97247706422019
E00043633,303,89,58,31,214,18,196,29.372937293729372,19.141914191419144,10.231023102310232,70.62706270627062,5.9405940594059405,64.68646864686468
E00043634,352,82,40,42,270,4,266,23.295454545454543,11.363636363636363,11.931818181818182,76.70454545454545,1.1363636363636365,75.56818181818183
E00043636,305,78,39,39,227,21,206,25.573770491803277,12.786885245901638,12.786885245901638,74.42622950819671,6.885245901639345,67.54098360655738
E00043637,299,61,22,39,238,17,221,20.401337792642142,7.357859531772576,13.043478260869565,79.59866220735786,5.68561872909699,73.91304347826086
E00043638,327,56,21,35,271,25,246,17.12538226299694,6.422018348623854,10.703363914373089,82.87461773700305,7.64525993883792,75.22935779816514
E00043640,234,45,12,33,189,10,179,19.230769230769234,5.128205128205128,14.102564102564102,80.76923076923077,4.273504273504273,76.49572649572649
E00043641,264,62,29,33,202,12,190,23.484848484848484,10.984848484848484,12.5,76.51515151515152,4.545454545454546,71.96969696969697
E00043642,332,59,25,34,273,25,248,17.771084337349397,7.530120481927711,10.240963855421686,82.2289156626506,7.530120481927711,74.69879518072288
E00043643,233,62,33,29,171,10,161,26.609442060085836,14.163090128755366,12.446351931330472,73.39055793991416,4.291845493562231,69.09871244635193
E00043644,164,66,34,32,98,7,91,40.243902439024396,20.73170731707317,19.51219512195122,59.756097560975604,4.2682926829268295,55.487804878048784
E00043645,283,62,31,31,221,19,202,21.908127208480565,10.954063604240282,10.954063604240282,78.09187279151944,6.713780918727916,71.37809187279152
E00043646,263,54,22,32,209,8,201,20.53231939163498,8.365019011406844,12.167300380228136,79.46768060836501,3.041825095057034,76.42585551330798
E00043647,222,61,38,23,161,6,155,27.47747747747748,17.117117117117118,10.36036036036036,72.52252252252252,2.7027027027027026,69.81981981981981
E00043648,315,57,26,31,258,11,247,18.095238095238095,8.253968253968253,9.841269841269842,81.9047619047619,3.492063492063492,78.41269841269842
E00043649,282,60,23,37,222,15,207,21.27659574468085,8.156028368794328,13.120567375886525,78.72340425531915,5.319148936170213,73.40425531914893
E00043650,253,72,32,40,181,14,167,28.458498023715418,12.648221343873518,15.810276679841898,71.54150197628458,5.533596837944664,66.00790513833992
E00043651,229,59,32,27,170,8,162,25.76419213973799,13.973799126637553,11.790393013100436,74.235807860262,3.4934497816593884,70.74235807860262
E00043652,221,39,14,25,182,11,171,17.647058823529413,6.334841628959276,11.312217194570136,82.35294117647058,4.97737556561086,77.37556561085974
E00043653,346,49,23,26,297,15,282,14.16184971098266,6.6473988439306355,7.514450867052023,85.83815028901735,4.335260115606936,81.5028901734104
E00043654,246,59,35,24,187,14,173,23.983739837398375,14.227642276422763,9.75609756097561,76.01626016260163,5.691056910569105,70.32520325203252
E00043655,236,33,11,22,203,18,185,13.983050847457626,4.661016949152542,9.322033898305085,86.01694915254238,7.627118644067797,78.38983050847457
E00043656,228,53,23,30,175,20,155,23.24561403508772,10.087719298245613,13.157894736842104,76.75438596491229,8.771929824561402,67.98245614035088
E00043657,320,63,32,31,257,20,237,19.6875,10,9.6875,80.3125,6.25,74.0625
E00043658,325,66,29,37,259,24,235,20.307692307692307,8.923076923076923,11.384615384615385,79.6923076923077,7.384615384615385,72.3076923076923
E00043659,268,66,44,22,202,8,194,24.62686567164179,16.417910447761194,8.208955223880597,75.3731343283582,2.9850746268656714,72.38805970149254
E00043660,209,43,17,26,166,17,149,20.574162679425836,8.133971291866029,12.440191387559809,79.42583732057416,8.133971291866029,71.29186602870813
E00043661,333,56,24,32,277,21,256,16.816816816816818,7.207207207207207,9.60960960960961,83.18318318318319,6.306306306306306,76.87687687687688
E00043662,251,59,33,26,192,10,182,23.50597609561753,13.147410358565736,10.358565737051793,76.49402390438247,3.9840637450199203,72.50996015936255
E00043663,313,74,38,36,239,26,213,23.642172523961662,12.140575079872203,11.501597444089457,76.35782747603834,8.30670926517572,68.05111821086261
E00043664,253,59,31,28,194,13,181,23.3201581027668,12.25296442687747,11.067193675889328,76.6798418972332,5.138339920948617,71.54150197628458
E00043665,280,65,28,37,215,15,200,23.214285714285715,10,13.214285714285715,76.78571428571429,5.357142857142857,71.42857142857143
E00043666,274,69,32,37,205,17,188,25.18248175182482,11.678832116788321,13.503649635036496,74.81751824817519,6.204379562043796,68.61313868613139
E00043667,286,81,32,49,205,17,188,28.321678321678323,11.188811188811188,17.132867132867133,71.67832167832168,5.944055944055944,65.73426573426573
E00043668,258,57,26,31,201,16,185,22.093023255813954,10.077519379844961,12.015503875968992,77.90697674418605,6.2015503875969,71.70542635658916
E00043669,212,36,12,24,176,20,156,16.9811320754717,5.660377358490567,11.320754716981133,83.01886792452831,9.433962264150944,73.58490566037736
E00043670,376,104,48,56,272,29,243,27.659574468085108,12.76595744680851,14.893617021276595,72.3404255319149,7.712765957446808,64.62765957446808
E00043671,309,79,47,32,230,19,211,25.5663430420712,15.210355987055015,10.355987055016183,74.4336569579288,6.148867313915858,68.28478964401295
E00043672,332,71,41,30,261,20,241,21.385542168674696,12.349397590361445,9.036144578313253,78.6144578313253,6.024096385542169,72.59036144578313
E00043673,299,110,55,55,189,14,175,36.78929765886287,18.394648829431436,18.394648829431436,63.21070234113713,4.682274247491638,58.52842809364549
E00043674,225,61,26,35,164,16,148,27.111111111111114,11.555555555555555,15.555555555555555,72.88888888888889,7.111111111111111,65.77777777777779
E00043675,382,140,87,53,242,26,216,36.64921465968586,22.774869109947645,13.874345549738221,63.35078534031413,6.806282722513089,56.54450261780105
E00043676,208,70,43,27,138,12,126,33.65384615384615,20.673076923076923,12.980769230769232,66.34615384615384,5.769230769230769,60.57692307692307
E00043677,222,68,34,34,154,13,141,30.630630630630627,15.315315315315313,15.315315315315313,69.36936936936937,5.8558558558558556,63.51351351351351
E00043678,248,84,49,35,164,12,152,33.87096774193548,19.758064516129032,14.112903225806454,66.12903225806451,4.838709677419355,61.29032258064516
E00043679,369,135,76,59,234,17,217,36.58536585365854,20.59620596205962,15.989159891598916,63.41463414634146,4.607046070460704,58.80758807588076
E00043680,312,80,33,47,232,22,210,25.64102564102564,10.576923076923077,15.064102564102564,74.35897435897436,7.051282051282051,67.3076923076923
E00043681,255,82,56,26,173,7,166,32.15686274509804,21.96078431372549,10.196078431372548,67.84313725490196,2.7450980392156863,65.09803921568627
E00043682,316,74,39,35,242,12,230,23.417721518987342,12.341772151898734,11.075949367088606,76.58227848101265,3.79746835443038,72.78481012658227
E00043683,287,59,34,25,228,21,207,20.557491289198605,11.846689895470384,8.710801393728223,79.44250871080139,7.317073170731707,72.12543554006969
E00043684,244,73,39,34,171,16,155,29.918032786885245,15.983606557377051,13.934426229508196,70.08196721311475,6.557377049180328,63.52459016393443
E00043685,297,64,23,41,233,13,220,21.548821548821547,7.744107744107744,13.804713804713806,78.45117845117845,4.377104377104377,74.07407407407408
E00043686,293,80,43,37,213,14,199,27.303754266211605,14.675767918088736,12.627986348122866,72.6962457337884,4.778156996587031,67.91808873720136
E00043687,274,67,37,30,207,14,193,24.45255474452555,13.503649635036496,10.948905109489052,75.54744525547446,5.109489051094891,70.43795620437956
E00043688,242,55,21,34,187,16,171,22.727272727272727,8.677685950413224,14.049586776859504,77.27272727272727,6.6115702479338845,70.66115702479338
E00043689,299,62,28,34,237,17,220,20.735785953177256,9.364548494983277,11.37123745819398,79.26421404682274,5.68561872909699,73.57859531772574
E00043691,246,64,26,38,182,19,163,26.01626016260163,10.569105691056912,15.447154471544716,73.98373983739837,7.723577235772358,66.26016260162602
E00043692,297,92,44,48,205,18,187,30.976430976430976,14.814814814814813,16.161616161616163,69.02356902356902,6.0606060606060606,62.96296296296296
E00043693,288,57,26,31,231,22,209,19.791666666666664,9.027777777777777,10.76388888888889,80.20833333333334,7.638888888888889,72.56944444444444
E00043694,175,38,23,15,137,9,128,21.714285714285715,13.142857142857142,8.571428571428571,78.28571428571428,5.142857142857142,73.14285714285714
E00043695,263,75,34,41,188,19,169,28.517110266159694,12.927756653992395,15.5893536121673,71.48288973384031,7.224334600760455,64.25855513307985
E00043696,296,61,36,25,235,12,223,20.60810810810811,12.162162162162163,8.445945945945946,79.3918918918919,4.054054054054054,75.33783783783784
E00043697,254,71,33,38,183,11,172,27.95275590551181,12.992125984251967,14.960629921259844,72.04724409448819,4.330708661417323,67.71653543307087
E00043698,298,76,39,37,222,19,203,25.503355704697988,13.087248322147651,12.416107382550337,74.49664429530202,6.375838926174497,68.12080536912751
E00043699,271,82,41,41,189,16,173,30.25830258302583,15.129151291512915,15.129151291512915,69.74169741697416,5.904059040590406,63.837638376383765
E00043700,266,81,35,46,185,16,169,30.451127819548873,13.157894736842104,17.293233082706767,69.54887218045113,6.015037593984962,63.53383458646616
E00043701,312,70,42,28,242,18,224,22.435897435897438,13.461538461538462,8.974358974358974,77.56410256410257,5.769230769230769,71.7948717948718
E00043702,135,68,46,22,67,6,61,50.37037037037037,34.074074074074076,16.296296296296298,49.629629629629626,4.444444444444445,45.18518518518518
E00043703,313,57,23,34,256,18,238,18.210862619808307,7.348242811501597,10.86261980830671,81.78913738019169,5.7507987220447285,76.03833865814697
E00043704,262,29,10,19,233,25,208,11.068702290076336,3.816793893129771,7.251908396946565,88.93129770992367,9.541984732824428,79.38931297709924
E00043705,241,46,26,20,195,13,182,19.08713692946058,10.78838174273859,8.29875518672199,80.91286307053942,5.394190871369295,75.51867219917013
E00043706,277,63,34,29,214,11,203,22.743682310469314,12.274368231046932,10.469314079422382,77.25631768953069,3.9711191335740073,73.28519855595668
E00043707,367,76,31,45,291,24,267,20.708446866485016,8.446866485013624,12.26158038147139,79.291553133515,6.539509536784741,72.75204359673025
E00043708,259,62,36,26,197,14,183,23.93822393822394,13.8996138996139,10.038610038610038,76.06177606177607,5.405405405405405,70.65637065637065
E00043709,300,83,48,35,217,14,203,27.666666666666668,16,11.666666666666666,72.33333333333334,4.666666666666667,67.66666666666666
E00043710,306,69,38,31,237,19,218,22.54901960784314,12.418300653594772,10.130718954248366,77.45098039215686,6.209150326797386,71.24183006535948
E00043711,272,41,21,20,231,18,213,15.073529411764705,7.720588235294118,7.352941176470589,84.92647058823529,6.61764705882353,78.30882352941177
E00043712,294,40,18,22,254,27,227,13.60544217687075,6.122448979591836,7.482993197278912,86.39455782312925,9.183673469387756,77.21088435374149
E00043713,261,62,34,28,199,21,178,23.754789272030653,13.026819923371647,10.727969348659004,76.24521072796935,8.045977011494253,68.19923371647509
E00043714,245,44,17,27,201,19,182,17.959183673469386,6.938775510204081,11.020408163265307,82.0408163265306,7.755102040816326,74.28571428571429
E00043715,285,35,13,22,250,21,229,12.280701754385964,4.56140350877193,7.719298245614035,87.71929824561403,7.368421052631578,80.35087719298247
E00043716,243,60,31,29,183,9,174,24.691358024691358,12.757201646090536,11.934156378600823,75.30864197530865,3.7037037037037033,71.60493827160494
E00043717,271,65,32,33,206,13,193,23.985239852398525,11.808118081180812,12.177121771217712,76.01476014760148,4.797047970479705,71.21771217712177
E00043718,272,66,29,37,206,16,190,24.264705882352942,10.661764705882353,13.602941176470587,75.73529411764706,5.88235294117647,69.85294117647058
E00043719,356,68,39,29,288,19,269,19.101123595505616,10.955056179775282,8.146067415730338,80.89887640449437,5.337078651685393,75.56179775280899
E00043720,218,41,19,22,177,14,163,18.807339449541285,8.715596330275229,10.091743119266056,81.19266055045871,6.422018348623854,74.77064220183486
E00043721,247,25,11,14,222,18,204,10.121457489878543,4.4534412955465585,5.668016194331984,89.87854251012146,7.28744939271255,82.5910931174089
E00043722,260,71,37,34,189,15,174,27.307692307692307,14.23076923076923,13.076923076923078,72.6923076923077,5.769230769230769,66.92307692307692
E00043723,355,57,24,33,298,18,280,16.056338028169016,6.760563380281689,9.295774647887324,83.94366197183099,5.070422535211268,78.87323943661971
E00043724,214,75,42,33,139,10,129,35.046728971962615,19.626168224299064,15.42056074766355,64.95327102803739,4.672897196261682,60.280373831775705
E00043725,282,77,34,43,205,12,193,27.30496453900709,12.056737588652481,15.24822695035461,72.69503546099291,4.25531914893617,68.43971631205675
E00043726,558,84,38,46,474,36,438,15.053763440860216,6.810035842293908,8.24372759856631,84.94623655913979,6.451612903225806,78.49462365591397
E00043727,381,96,65,31,285,28,257,25.196850393700785,17.060367454068242,8.136482939632545,74.80314960629921,7.349081364829396,67.45406824146981
E00043728,215,71,35,36,144,12,132,33.02325581395349,16.27906976744186,16.74418604651163,66.97674418604652,5.5813953488372094,61.395348837209305
E00043729,312,63,31,32,249,22,227,20.192307692307693,9.935897435897436,10.256410256410255,79.8076923076923,7.051282051282051,72.75641025641025
E00043730,299,70,31,39,229,10,219,23.411371237458194,10.367892976588628,13.043478260869565,76.58862876254182,3.3444816053511706,73.24414715719062
E00043731,355,74,33,41,281,16,265,20.845070422535212,9.295774647887324,11.549295774647888,79.15492957746478,4.507042253521127,74.64788732394366
E00043732,233,61,34,27,172,15,157,26.180257510729614,14.592274678111588,11.587982832618025,73.8197424892704,6.437768240343347,67.38197424892704
E00043733,232,55,22,33,177,21,156,23.70689655172414,9.482758620689655,14.224137931034484,76.29310344827587,9.051724137931034,67.24137931034483
E00043734,278,56,25,31,222,14,208,20.14388489208633,8.992805755395683,11.151079136690647,79.85611510791367,5.0359712230215825,74.82014388489209
E00043735,264,77,38,39,187,13,174,29.166666666666668,14.393939393939394,14.772727272727273,70.83333333333334,4.924242424242424,65.9090909090909
E00043736,230,56,27,29,174,19,155,24.347826086956523,11.73913043478261,12.608695652173912,75.65217391304347,8.26086956521739,67.3913043478261
E00043737,316,77,40,37,239,27,212,24.367088607594937,12.658227848101266,11.708860759493671,75.63291139240506,8.544303797468354,67.08860759493672
E00043738,336,61,25,36,275,24,251,18.154761904761905,7.440476190476191,10.714285714285714,81.84523809523809,7.142857142857142,74.70238095238095
E00043739,199,65,32,33,134,12,122,32.663316582914575,16.08040201005025,16.582914572864322,67.33668341708542,6.030150753768844,61.30653266331658
E00043740,303,56,27,29,247,22,225,18.48184818481848,8.91089108910891,9.570957095709572,81.51815181518151,7.2607260726072615,74.25742574257426
E00043741,295,32,10,22,263,11,252,10.847457627118644,3.389830508474576,7.457627118644068,89.15254237288136,3.728813559322034,85.42372881355932
E00043742,234,50,23,27,184,11,173,21.367521367521366,9.82905982905983,11.538461538461538,78.63247863247864,4.700854700854701,73.93162393162393
E00043743,322,43,18,25,279,34,245,13.354037267080745,5.590062111801243,7.763975155279502,86.64596273291926,10.559006211180124,76.08695652173914
E00043744,263,34,18,16,229,18,211,12.927756653992395,6.844106463878327,6.083650190114068,87.07224334600761,6.844106463878327,80.22813688212928
E00043745,273,54,18,36,219,27,192,19.78021978021978,6.593406593406594,13.186813186813188,80.21978021978022,9.89010989010989,70.32967032967034
E00043746,284,51,23,28,233,24,209,17.95774647887324,8.098591549295776,9.859154929577464,82.04225352112677,8.450704225352112,73.59154929577466
E00043747,323,60,29,31,263,25,238,18.575851393188856,8.978328173374612,9.597523219814242,81.42414860681114,7.739938080495357,73.68421052631578
E00043748,284,45,13,32,239,20,219,15.845070422535212,4.577464788732395,11.267605633802818,84.15492957746478,7.042253521126761,77.11267605633803
E00043749,267,57,24,33,210,18,192,21.34831460674157,8.98876404494382,12.359550561797752,78.65168539325843,6.741573033707865,71.91011235955057
E00043750,278,39,12,27,239,25,214,14.028776978417264,4.316546762589928,9.712230215827338,85.97122302158273,8.992805755395683,76.97841726618705
E00043751,246,33,12,21,213,17,196,13.414634146341465,4.878048780487805,8.536585365853659,86.58536585365853,6.910569105691057,79.67479674796748
E00043752,344,55,17,38,289,24,265,15.988372093023257,4.941860465116279,11.046511627906977,84.01162790697676,6.976744186046512,77.03488372093024
E00043753,308,51,19,32,257,18,239,16.558441558441558,6.1688311688311686,10.38961038961039,83.44155844155844,5.844155844155844,77.59740259740259
E00043754,336,46,12,34,290,29,261,13.690476190476192,3.571428571428571,10.119047619047619,86.30952380952381,8.630952380952381,77.67857142857143
E00043755,298,33,8,25,265,24,241,11.073825503355705,2.684563758389262,8.389261744966444,88.9261744966443,8.053691275167784,80.87248322147651
E00043756,352,46,15,31,306,24,282,13.068181818181818,4.261363636363636,8.806818181818182,86.93181818181817,6.8181818181818175,80.11363636363636
E00043757,287,48,15,33,239,27,212,16.72473867595819,5.2264808362369335,11.498257839721255,83.27526132404182,9.40766550522648,73.86759581881533
E00043758,244,63,32,31,181,30,151,25.81967213114754,13.114754098360656,12.704918032786885,74.18032786885246,12.295081967213115,61.885245901639344
E00043759,297,38,10,28,259,19,240,12.794612794612794,3.3670033670033668,9.427609427609427,87.20538720538721,6.397306397306397,80.8080808080808
E00043760,320,39,11,28,281,37,244,12.1875,3.4375000000000004,8.75,87.8125,11.5625,76.25
E00043761,291,37,13,24,254,36,218,12.714776632302405,4.4673539518900345,8.24742268041237,87.2852233676976,12.371134020618557,74.91408934707904
E00043762,287,46,12,34,241,30,211,16.02787456445993,4.181184668989547,11.846689895470384,83.97212543554006,10.452961672473867,73.5191637630662
E00043763,241,41,16,25,200,20,180,17.012448132780083,6.639004149377594,10.37344398340249,82.98755186721992,8.29875518672199,74.68879668049793
E00043764,351,55,24,31,296,33,263,15.669515669515668,6.837606837606838,8.831908831908832,84.33048433048434,9.401709401709402,74.92877492877493
E00043765,214,46,12,34,168,17,151,21.49532710280374,5.607476635514018,15.887850467289718,78.50467289719626,7.943925233644859,70.56074766355141
E00043766,291,46,17,29,245,38,207,15.807560137457044,5.841924398625429,9.965635738831615,84.19243986254295,13.058419243986256,71.1340206185567
E00043767,313,43,14,29,270,26,244,13.738019169329075,4.472843450479233,9.26517571884984,86.26198083067092,8.30670926517572,77.95527156549521
E00043768,357,49,14,35,308,19,289,13.725490196078432,3.9215686274509802,9.803921568627452,86.27450980392157,5.322128851540616,80.95238095238095
E00043769,274,55,28,27,219,17,202,20.072992700729927,10.218978102189782,9.854014598540147,79.92700729927007,6.204379562043796,73.72262773722628
E00043770,312,42,20,22,270,20,250,13.461538461538462,6.41025641025641,7.051282051282051,86.53846153846155,6.41025641025641,80.12820512820514
E00043771,363,74,22,52,289,28,261,20.385674931129476,6.0606060606060606,14.325068870523417,79.61432506887053,7.7134986225895315,71.900826446281
E00043772,287,57,36,21,230,21,209,19.860627177700348,12.543554006968641,7.317073170731707,80.13937282229965,7.317073170731707,72.82229965156795
E00043773,162,62,37,25,100,15,85,38.2716049382716,22.839506172839506,15.432098765432098,61.72839506172839,9.25925925925926,52.46913580246913
E00043774,334,80,38,42,254,24,230,23.952095808383234,11.377245508982035,12.574850299401197,76.04790419161677,7.18562874251497,68.8622754491018
E00043776,405,90,37,53,315,21,294,22.22222222222222,9.135802469135802,13.086419753086421,77.77777777777779,5.185185185185185,72.5925925925926
E00043777,314,59,22,37,255,22,233,18.789808917197455,7.006369426751593,11.78343949044586,81.21019108280255,7.006369426751593,74.20382165605095
E00043779,301,36,10,26,265,24,241,11.960132890365449,3.322259136212625,8.637873754152823,88.03986710963456,7.973421926910299,80.06644518272425
E00043780,226,71,44,27,155,27,128,31.41592920353982,19.469026548672566,11.946902654867257,68.58407079646017,11.946902654867257,56.63716814159292
E00043781,277,84,32,52,193,22,171,30.324909747292416,11.552346570397113,18.772563176895307,69.67509025270758,7.9422382671480145,61.73285198555957
E00043783,317,76,40,36,241,18,223,23.974763406940063,12.618296529968454,11.35646687697161,76.02523659305994,5.678233438485805,70.347003154574125
E00043784,275,55,25,30,220,24,196,20,9.090909090909092,10.909090909090908,80,8.727272727272728,71.27272727272728
E00043785,247,61,30,31,186,18,168,24.696356275303643,12.145748987854251,12.550607287449392,75.30364372469636,7.28744939271255,68.0161943319838
E00043786,247,50,23,27,197,17,180,20.242914979757085,9.31174089068826,10.931174089068826,79.75708502024291,6.882591093117409,72.8744939271255
E00043787,266,35,17,18,231,14,217,13.157894736842104,6.390977443609022,6.7669172932330826,86.8421052631579,5.263157894736842,81.57894736842105
E00043788,261,36,15,21,225,20,205,13.793103448275861,5.747126436781609,8.045977011494253,86.20689655172413,7.662835249042145,78.544061302682
E00043789,170,68,34,34,102,4,98,40,20,20,60,2.3529411764705883,57.647058823529406
E00043790,367,65,28,37,302,17,285,17.71117166212534,7.629427792915531,10.08174386920981,82.28882833787466,4.632152588555858,77.65667574931881
E00043791,251,58,31,27,193,17,176,23.107569721115535,12.350597609561753,10.756972111553784,76.89243027888446,6.772908366533864,70.1195219123506
E00043792,241,76,48,28,165,11,154,31.535269709543567,19.91701244813278,11.618257261410788,68.46473029045643,4.564315352697095,63.90041493775933
E00043793,232,48,28,20,184,18,166,20.689655172413794,12.068965517241379,8.620689655172415,79.3103448275862,7.758620689655173,71.55172413793103
E00043794,195,48,23,25,147,13,134,24.615384615384617,11.794871794871794,12.82051282051282,75.38461538461539,6.666666666666667,68.71794871794872
E00043795,318,77,39,38,241,12,229,24.21383647798742,12.264150943396226,11.949685534591195,75.78616352201259,3.7735849056603774,72.0125786163522
E00043796,278,63,31,32,215,13,202,22.66187050359712,11.151079136690647,11.510791366906476,77.33812949640287,4.676258992805756,72.66187050359713
E00043797,255,57,27,30,198,17,181,22.35294117647059,10.588235294117647,11.76470588235294,77.64705882352942,6.666666666666667,70.98039215686275
E00043798,364,86,34,52,278,15,263,23.626373626373624,9.340659340659341,14.285714285714285,76.37362637362637,4.1208791208791204,72.25274725274726
E00043799,245,64,32,32,181,12,169,26.122448979591837,13.061224489795919,13.061224489795919,73.87755102040816,4.8979591836734695,68.9795918367347
E00043800,253,57,30,27,196,20,176,22.529644268774703,11.857707509881422,10.67193675889328,77.4703557312253,7.905138339920949,69.56521739130434
E00043801,271,74,37,37,197,16,181,27.30627306273063,13.653136531365314,13.653136531365314,72.69372693726937,5.904059040590406,66.78966789667896
E00043802,247,65,29,36,182,18,164,26.31578947368421,11.740890688259109,14.5748987854251,73.68421052631578,7.28744939271255,66.39676113360325
E00043803,264,60,34,26,204,14,190,22.727272727272727,12.878787878787879,9.848484848484848,77.27272727272727,5.303030303030303,71.96969696969697
E00043804,317,121,68,53,196,12,184,38.170347003154575,21.451104100946374,16.7192429022082,61.82965299684543,3.7854889589905363,58.0441640378549
E00043805,257,49,19,30,208,23,185,19.06614785992218,7.392996108949417,11.673151750972762,80.93385214007782,8.949416342412452,71.98443579766537
E00043806,104,15,5,10,89,6,83,14.423076923076922,4.807692307692308,9.615384615384617,85.57692307692307,5.769230769230769,79.8076923076923
E00043807,298,67,36,31,231,13,218,22.483221476510067,12.080536912751679,10.40268456375839,77.51677852348993,4.3624161073825505,73.15436241610739
E00043808,238,35,17,18,203,25,178,14.705882352941178,7.142857142857142,7.563025210084033,85.29411764705883,10.504201680672269,74.78991596638656
E00043809,357,64,29,35,293,17,276,17.92717086834734,8.123249299719888,9.803921568627452,82.07282913165265,4.761904761904762,77.31092436974791
E00043810,234,59,26,33,175,19,156,25.213675213675213,11.11111111111111,14.102564102564102,74.78632478632478,8.11965811965812,66.66666666666666
E00043811,177,38,14,24,139,19,120,21.468926553672315,7.909604519774012,13.559322033898304,78.53107344632768,10.734463276836157,67.79661016949152
E00043812,223,69,36,33,154,25,129,30.94170403587444,16.143497757847534,14.798206278026907,69.05829596412556,11.210762331838566,57.847533632286996
E00043813,284,65,19,46,219,26,193,22.887323943661972,6.690140845070422,16.19718309859155,77.11267605633803,9.15492957746479,67.95774647887323
E00043814,246,85,31,54,161,17,144,34.552845528455286,12.601626016260163,21.951219512195124,65.4471544715447,6.910569105691057,58.536585365853654
E00043815,338,88,38,50,250,19,231,26.035502958579883,11.242603550295858,14.792899408284024,73.96449704142012,5.621301775147929,68.34319526627219
E00043816,261,47,22,25,214,32,182,18.007662835249043,8.42911877394636,9.578544061302683,81.99233716475096,12.260536398467432,69.73180076628353
E00043817,490,93,51,42,397,36,361,18.979591836734695,10.408163265306122,8.571428571428571,81.0204081632653,7.346938775510205,73.67346938775509
E00043818,255,60,27,33,195,15,180,23.52941176470588,10.588235294117647,12.941176470588237,76.47058823529412,5.88235294117647,70.58823529411765
E00043819,410,72,33,39,338,36,302,17.560975609756095,8.048780487804878,9.512195121951219,82.4390243902439,8.780487804878048,73.65853658536585
E00043820,218,52,22,30,166,15,151,23.853211009174313,10.091743119266056,13.761467889908257,76.14678899082568,6.8807339449541285,69.26605504587155
E00043821,319,74,35,39,245,14,231,23.197492163009404,10.9717868338558,12.225705329153605,76.8025078369906,4.38871473354232,72.41379310344827
E00043822,181,64,38,26,117,12,105,35.35911602209944,20.994475138121548,14.3646408839779,64.64088397790056,6.629834254143646,58.011049723756905
E00043823,282,70,33,37,212,14,198,24.822695035460992,11.702127659574469,13.120567375886525,75.177304964539,4.964539007092199,70.2127659574468
E00043824,230,46,19,27,184,20,164,20,8.26086956521739,11.73913043478261,80,8.695652173913043,71.30434782608695
E00043825,294,47,15,32,247,30,217,15.98639455782313,5.1020408163265305,10.884353741496598,84.01360544217688,10.204081632653061,73.80952380952381
E00043826,255,71,32,39,184,15,169,27.84313725490196,12.549019607843137,15.294117647058824,72.15686274509804,5.88235294117647,66.27450980392156
E00043827,266,59,28,31,207,20,187,22.18045112781955,10.526315789473683,11.654135338345863,77.81954887218046,7.518796992481203,70.30075187969925
E00043828,299,83,35,48,216,22,194,27.759197324414714,11.705685618729097,16.05351170568562,72.24080267558529,7.357859531772576,64.88294314381271
E00043829,254,57,22,35,197,24,173,22.440944881889763,8.661417322834646,13.779527559055119,77.55905511811024,9.448818897637794,68.11023622047244
E00043830,337,77,34,43,260,22,238,22.8486646884273,10.089020771513352,12.759643916913946,77.1513353115727,6.528189910979229,70.62314540059347
E00043831,318,80,31,49,238,12,226,25.157232704402517,9.748427672955975,15.40880503144654,74.84276729559748,3.7735849056603774,71.0691823899371
E00043832,247,55,27,28,192,24,168,22.267206477732792,10.931174089068826,11.336032388663968,77.7327935222672,9.7165991902834,68.0161943319838
E00043833,244,48,20,28,196,19,177,19.672131147540984,8.19672131147541,11.475409836065573,80.32786885245902,7.786885245901639,72.54098360655738
E00043834,291,86,43,43,205,15,190,29.553264604810998,14.776632302405499,14.776632302405499,70.44673539518901,5.154639175257731,65.29209621993127
E00043835,250,66,34,32,184,18,166,26.400000000000002,13.600000000000001,12.8,73.6,7.199999999999999,66.4
E00043836,291,72,34,38,219,27,192,24.742268041237114,11.683848797250858,13.058419243986256,75.25773195876289,9.278350515463918,65.97938144329896
E00043837,209,69,31,38,140,15,125,33.014354066985646,14.832535885167463,18.181818181818183,66.98564593301435,7.177033492822966,59.80861244019139
E00043838,289,56,22,34,233,22,211,19.377162629757784,7.612456747404845,11.76470588235294,80.62283737024222,7.612456747404845,73.01038062283737
E00043839,275,57,25,32,218,18,200,20.727272727272727,9.090909090909092,11.636363636363637,79.27272727272727,6.545454545454546,72.72727272727273
E00043840,227,62,41,21,165,19,146,27.312775330396477,18.06167400881057,9.251101321585903,72.68722466960352,8.370044052863436,64.31718061674009
E00043841,308,88,46,42,220,17,203,28.57142857142857,14.935064935064934,13.636363636363635,71.42857142857143,5.51948051948052,65.9090909090909
E00043842,145,59,33,26,86,9,77,40.689655172413794,22.758620689655174,17.93103448275862,59.310344827586206,6.206896551724138,53.103448275862064
E00043843,334,62,29,33,272,18,254,18.562874251497004,8.682634730538922,9.880239520958083,81.437125748502993,5.389221556886228,76.04790419161677
E00043844,202,54,24,30,148,12,136,26.732673267326735,11.881188118811881,14.85148514851485,73.26732673267327,5.9405940594059405,67.32673267326733
E00043845,280,60,34,26,220,26,194,21.428571428571427,12.142857142857142,9.285714285714286,78.57142857142857,9.285714285714286,69.28571428571428
E00043846,277,51,25,26,226,27,199,18.4115523465704,9.025270758122744,9.386281588447654,81.58844765342961,9.747292418772563,71.84115523465704
E00043847,294,64,33,31,230,21,209,21.768707482993197,11.224489795918368,10.54421768707483,78.2312925170068,7.142857142857142,71.08843537414967
E00043848,274,59,25,34,215,15,200,21.532846715328464,9.124087591240876,12.408759124087592,78.46715328467153,5.474452554744526,72.99270072992701
E00043849,322,94,38,56,228,15,213,29.19254658385093,11.801242236024844,17.391304347826086,70.80745341614907,4.658385093167702,66.14906832298136
E00043850,280,57,27,30,223,12,211,20.357142857142858,9.642857142857144,10.714285714285714,79.64285714285714,4.285714285714286,75.35714285714286
E00043851,277,55,24,31,222,24,198,19.855595667870034,8.664259927797833,11.191335740072201,80.14440433212997,8.664259927797833,71.48014440433214
E00043852,280,36,13,23,244,25,219,12.857142857142856,4.642857142857143,8.214285714285714,87.14285714285714,8.928571428571429,78.21428571428571
E00043853,311,87,46,41,224,18,206,27.974276527331188,14.790996784565916,13.183279742765272,72.02572347266882,5.787781350482315,66.2379421221865
E00043855,340,65,29,36,275,18,257,19.11764705882353,8.529411764705882,10.588235294117647,80.88235294117648,5.294117647058823,75.58823529411765
E00043856,226,49,18,31,177,22,155,21.68141592920354,7.964601769911504,13.716814159292035,78.31858407079646,9.734513274336283,68.58407079646017
E00043857,205,71,30,41,134,13,121,34.63414634146341,14.634146341463413,20,65.3658536585366,6.341463414634147,59.02439024390244
E00043859,256,55,25,30,201,14,187,21.484375,9.765625,11.71875,78.515625,5.46875,73.046875
E00043862,263,42,12,30,221,31,190,15.96958174904943,4.562737642585551,11.406844106463879,84.03041825095056,11.787072243346007,72.24334600760456
E00043864,306,106,70,36,200,23,177,34.64052287581699,22.875816993464053,11.76470588235294,65.359477124183,7.516339869281046,57.84313725490197
E00043866,148,26,10,16,122,9,113,17.56756756756757,6.756756756756757,10.81081081081081,82.43243243243244,6.081081081081082,76.35135135135135
E00043867,276,54,28,26,222,19,203,19.565217391304348,10.144927536231885,9.420289855072465,80.43478260869566,6.884057971014493,73.55072463768117
E00043868,336,104,59,45,232,9,223,30.952380952380953,17.559523809523807,13.392857142857142,69.04761904761905,2.6785714285714284,66.36904761904762
E00043869,211,31,11,20,180,15,165,14.691943127962084,5.213270142180095,9.47867298578199,85.30805687203792,7.109004739336493,78.19905213270142
E00043871,274,35,13,22,239,19,220,12.773722627737227,4.744525547445255,8.02919708029197,87.22627737226277,6.934306569343065,80.2919708029197
E00043872,292,31,12,19,261,9,252,10.616438356164384,4.10958904109589,6.506849315068493,89.38356164383562,3.0821917808219177,86.3013698630137
E00043873,229,44,19,25,185,19,166,19.213973799126638,8.296943231441048,10.91703056768559,80.78602620087337,8.296943231441048,72.48908296943232
E00043874,240,46,21,25,194,11,183,19.166666666666668,8.75,10.416666666666668,80.83333333333333,4.583333333333333,76.25
E00043875,288,112,55,57,176,17,159,38.88888888888889,19.09722222222222,19.791666666666664,61.111111111111114,5.902777777777778,55.208333333333336
E00043876,273,78,34,44,195,18,177,28.57142857142857,12.454212454212454,16.117216117216117,71.42857142857143,6.593406593406594,64.83516483516483
E00043877,456,66,29,37,390,35,355,14.473684210526317,6.359649122807018,8.114035087719298,85.52631578947368,7.675438596491229,77.85087719298247
E00043878,281,65,32,33,216,13,203,23.131672597864767,11.387900355871885,11.743772241992882,76.86832740213522,4.6263345195729535,72.24199288256227
E00043879,282,59,24,35,223,17,206,20.921985815602838,8.51063829787234,12.411347517730496,79.07801418439716,6.028368794326241,73.04964539007092
E00043880,246,63,46,17,183,21,162,25.609756097560975,18.69918699186992,6.910569105691057,74.39024390243902,8.536585365853659,65.85365853658537
E00043881,268,58,22,36,210,18,192,21.641791044776117,8.208955223880597,13.432835820895523,78.35820895522389,6.7164179104477615,71.64179104477611
E00043882,604,76,41,35,528,30,498,12.582781456953644,6.788079470198675,5.7947019867549665,87.41721854304636,4.966887417218543,82.45033112582782
E00043883,296,47,16,31,249,26,223,15.878378378378377,5.405405405405405,10.472972972972974,84.12162162162163,8.783783783783784,75.33783783783784
E00043884,293,37,16,21,256,23,233,12.627986348122866,5.460750853242321,7.167235494880546,87.37201365187714,7.849829351535837,79.5221843003413
E00043886,228,83,44,39,145,10,135,36.40350877192983,19.298245614035086,17.105263157894736,63.59649122807017,4.385964912280701,59.210526315789465
E00043888,291,72,34,38,219,15,204,24.742268041237114,11.683848797250858,13.058419243986256,75.25773195876289,5.154639175257731,70.10309278350515
E00043889,224,75,40,35,149,11,138,33.482142857142854,17.857142857142858,15.625,66.51785714285714,4.910714285714286,61.60714285714286
E00043890,299,63,33,30,236,21,215,21.070234113712374,11.036789297658862,10.033444816053512,78.92976588628763,7.023411371237458,71.90635451505017
E00043891,276,69,32,37,207,12,195,25,11.594202898550725,13.405797101449277,75,4.3478260869565215,70.65217391304348
E00043892,264,72,33,39,192,13,179,27.27272727272727,12.5,14.772727272727273,72.72727272727273,4.924242424242424,67.8030303030303
E00043893,270,69,38,31,201,20,181,25.555555555555554,14.074074074074074,11.481481481481481,74.44444444444444,7.4074074074074066,67.03703703703704
E00043894,281,57,27,30,224,20,204,20.284697508896798,9.608540925266903,10.676156583629894,79.7153024911032,7.11743772241993,72.59786476868328
E00043895,263,61,27,34,202,15,187,23.193916349809886,10.26615969581749,12.927756653992395,76.80608365019012,5.7034220532319395,71.10266159695817
E00043896,232,55,18,37,177,20,157,23.70689655172414,7.758620689655173,15.948275862068966,76.29310344827587,8.620689655172415,67.67241379310344
E00043897,253,67,38,29,186,9,177,26.48221343873518,15.019762845849801,11.462450592885375,73.51778656126481,3.557312252964427,69.96047430830039
E00043898,300,82,34,48,218,19,199,27.333333333333332,11.333333333333332,16,72.66666666666667,6.333333333333334,66.33333333333333
E00043899,251,53,20,33,198,7,191,21.115537848605577,7.968127490039841,13.147410358565736,78.88446215139442,2.788844621513944,76.09561752988047
E00043900,295,85,50,35,210,20,190,28.8135593220339,16.94915254237288,11.864406779661017,71.1864406779661,6.779661016949152,64.40677966101694
E00043901,321,76,40,36,245,24,221,23.67601246105919,12.461059190031152,11.214953271028037,76.32398753894081,7.476635514018691,68.84735202492212
E00043902,278,106,61,45,172,15,157,38.1294964028777,21.942446043165468,16.18705035971223,61.87050359712231,5.39568345323741,56.4748201438849
E00043903,269,58,29,29,211,10,201,21.561338289962826,10.780669144981413,10.780669144981413,78.43866171003717,3.717472118959108,74.72118959107806
E00043904,346,88,51,37,258,17,241,25.43352601156069,14.739884393063585,10.69364161849711,74.56647398843931,4.913294797687861,69.65317919075144
E00043905,261,68,36,32,193,30,163,26.053639846743295,13.793103448275861,12.260536398467432,73.9463601532567,11.494252873563218,62.45210727969349
E00043906,255,62,24,38,193,19,174,24.313725490196077,9.411764705882353,14.901960784313726,75.68627450980392,7.450980392156863,68.23529411764706
E00043907,223,63,38,25,160,11,149,28.251121076233183,17.040358744394617,11.210762331838566,71.74887892376681,4.932735426008969,66.81614349775785
E00043908,228,55,21,34,173,10,163,24.12280701754386,9.210526315789473,14.912280701754385,75.87719298245614,4.385964912280701,71.49122807017544
E00043909,306,55,26,29,251,21,230,17.973856209150327,8.49673202614379,9.477124183006536,82.02614379084967,6.862745098039216,75.16339869281046
E00043910,300,55,27,28,245,19,226,18.333333333333332,9,9.333333333333334,81.66666666666667,6.333333333333334,75.33333333333333
E00043911,288,66,25,41,222,19,203,22.916666666666664,8.680555555555555,14.23611111111111,77.08333333333334,6.597222222222222,70.48611111111111
E00043912,254,42,13,29,212,24,188,16.535433070866144,5.118110236220472,11.41732283464567,83.46456692913385,9.448818897637794,74.01574803149606
E00043913,150,42,20,22,108,9,99,28.000000000000004,13.333333333333334,14.666666666666666,72,6,66
E00043914,249,61,35,26,188,18,170,24.497991967871485,14.056224899598394,10.441767068273093,75.50200803212851,7.228915662650602,68.27309236947792
E00043915,256,45,23,22,211,14,197,17.578125,8.984375,8.59375,82.421875,5.46875,76.953125
E00043916,236,37,10,27,199,21,178,15.677966101694915,4.23728813559322,11.440677966101696,84.32203389830508,8.898305084745763,75.42372881355932
E00043917,312,66,23,43,246,12,234,21.153846153846153,7.371794871794872,13.782051282051283,78.84615384615384,3.8461538461538463,75
E00043918,335,66,22,44,269,10,259,19.701492537313435,6.567164179104477,13.134328358208954,80.29850746268656,2.9850746268656714,77.31343283582089
E00043919,365,75,38,37,290,29,261,20.54794520547945,10.41095890410959,10.136986301369863,79.45205479452055,7.9452054794520555,71.5068493150685
E00043920,244,59,35,24,185,16,169,24.18032786885246,14.344262295081966,9.836065573770492,75.81967213114754,6.557377049180328,69.26229508196722
E00043921,312,109,73,36,203,17,186,34.93589743589743,23.397435897435898,11.538461538461538,65.06410256410257,5.448717948717949,59.61538461538461
E00043922,290,40,16,24,250,29,221,13.793103448275861,5.517241379310345,8.275862068965518,86.20689655172413,10,76.20689655172413
E00043923,270,59,27,32,211,29,182,21.85185185185185,10,11.851851851851853,78.14814814814814,10.74074074074074,67.4074074074074
E00043924,248,77,34,43,171,22,149,31.048387096774192,13.709677419354838,17.338709677419356,68.95161290322581,8.870967741935484,60.08064516129033
E00043925,391,104,41,63,287,26,261,26.598465473145783,10.485933503836318,16.11253196930946,73.40153452685422,6.649616368286446,66.75191815856778
E00043926,264,65,28,37,199,17,182,24.62121212121212,10.606060606060606,14.015151515151514,75.37878787878788,6.4393939393939394,68.93939393939394
E00043927,250,49,23,26,201,17,184,19.6,9.2,10.4,80.4,6.800000000000001,73.6
E00043928,335,82,33,49,253,19,234,24.47761194029851,9.850746268656717,14.626865671641792,75.5223880597015,5.6716417910447765,69.85074626865672
E00043929,248,63,31,32,185,25,160,25.403225806451612,12.5,12.903225806451612,74.59677419354838,10.080645161290322,64.51612903225806
E00043930,305,99,54,45,206,13,193,32.459016393442624,17.704918032786885,14.754098360655737,67.54098360655738,4.2622950819672125,63.278688524590166
E00043931,343,95,44,51,248,31,217,27.696793002915456,12.82798833819242,14.868804664723031,72.30320699708454,9.037900874635568,63.26530612244898
E00043932,239,46,14,32,193,16,177,19.246861924686193,5.857740585774058,13.389121338912133,80.75313807531381,6.694560669456067,74.05857740585773
E00043933,399,81,28,53,318,29,289,20.30075187969925,7.017543859649122,13.283208020050125,79.69924812030075,7.268170426065162,72.4310776942356
E00043934,268,66,33,33,202,21,181,24.62686567164179,12.313432835820896,12.313432835820896,75.3731343283582,7.835820895522389,67.53731343283582
E00043935,264,99,48,51,165,15,150,37.5,18.181818181818183,19.318181818181817,62.5,5.681818181818182,56.81818181818182
E00043936,282,47,22,25,235,20,215,16.666666666666664,7.801418439716312,8.865248226950355,83.33333333333334,7.092198581560284,76.24113475177306
E00043937,172,50,28,22,122,9,113,29.069767441860467,16.27906976744186,12.790697674418606,70.93023255813954,5.232558139534884,65.69767441860465
E00043938,329,91,42,49,238,14,224,27.659574468085108,12.76595744680851,14.893617021276595,72.3404255319149,4.25531914893617,68.08510638297872
E00043939,259,51,28,23,208,9,199,19.69111969111969,10.81081081081081,8.880308880308881,80.3088803088803,3.474903474903475,76.83397683397683
E00043940,208,44,18,26,164,17,147,21.153846153846153,8.653846153846153,12.5,78.84615384615384,8.173076923076923,70.67307692307693
E00043941,296,71,33,38,225,18,207,23.986486486486484,11.14864864864865,12.837837837837837,76.01351351351352,6.081081081081082,69.93243243243244
E00043942,216,48,22,26,168,20,148,22.22222222222222,10.185185185185185,12.037037037037036,77.77777777777779,9.25925925925926,68.51851851851852
E00043943,324,52,25,27,272,20,252,16.049382716049383,7.716049382716049,8.333333333333332,83.9506172839506,6.172839506172839,77.77777777777779
E00043945,281,53,22,31,228,27,201,18.86120996441281,7.829181494661921,11.032028469750891,81.13879003558719,9.608540925266903,71.53024911032028
E00043946,271,81,45,36,190,18,172,29.88929889298893,16.605166051660518,13.284132841328415,70.11070110701108,6.642066420664207,63.46863468634686
E00043947,311,103,67,36,208,16,192,33.11897106109325,21.54340836012862,11.57556270096463,66.88102893890675,5.144694533762058,61.7363344051447
E00043948,224,62,33,29,162,14,148,27.67857142857143,14.732142857142858,12.946428571428573,72.32142857142857,6.25,66.07142857142857
E00043949,216,60,18,42,156,17,139,27.77777777777778,8.333333333333332,19.444444444444446,72.22222222222221,7.87037037037037,64.35185185185185
E00043950,224,56,31,25,168,24,144,25,13.839285714285715,11.160714285714286,75,10.714285714285714,64.28571428571429
E00043951,287,72,30,42,215,21,194,25.087108013937282,10.452961672473867,14.634146341463413,74.91289198606272,7.317073170731707,67.59581881533101
E00043952,259,55,29,26,204,21,183,21.235521235521233,11.196911196911197,10.038610038610038,78.76447876447877,8.108108108108109,70.65637065637065
E00043953,293,85,57,28,208,10,198,29.01023890784983,19.453924914675767,9.556313993174061,70.98976109215018,3.4129692832764507,67.57679180887372
E00043954,256,72,39,33,184,21,163,28.125,15.234375,12.890625,71.875,8.203125,63.671875
E00043955,323,66,30,36,257,27,230,20.43343653250774,9.287925696594428,11.145510835913312,79.56656346749226,8.359133126934983,71.20743034055728
E00043956,263,69,23,46,194,21,173,26.23574144486692,8.745247148288973,17.490494296577946,73.76425855513308,7.984790874524715,65.77946768060836
E00043957,323,91,54,37,232,29,203,28.173374613003094,16.718266253869967,11.455108359133128,71.8266253869969,8.978328173374612,62.848297213622295
E00043958,307,61,29,32,246,20,226,19.86970684039088,9.446254071661238,10.423452768729643,80.13029315960912,6.514657980456026,73.61563517915309
E00043959,269,81,44,37,188,9,179,30.111524163568777,16.356877323420075,13.754646840148698,69.88847583643123,3.3457249070631967,66.54275092936803
E00043960,284,60,29,31,224,31,193,21.12676056338028,10.211267605633804,10.915492957746478,78.87323943661971,10.915492957746478,67.95774647887323
E00043961,325,71,44,27,254,17,237,21.846153846153847,13.538461538461538,8.307692307692308,78.15384615384615,5.230769230769231,72.92307692307692
E00043962,265,70,34,36,195,19,176,26.41509433962264,12.830188679245284,13.584905660377359,73.58490566037736,7.169811320754717,66.41509433962264
E00043963,278,71,37,34,207,21,186,25.539568345323744,13.309352517985612,12.23021582733813,74.46043165467626,7.553956834532374,66.90647482014388
E00043964,298,110,55,55,188,21,167,36.91275167785235,18.456375838926174,18.456375838926174,63.08724832214765,7.046979865771812,56.04026845637584
E00043965,303,65,29,36,238,21,217,21.45214521452145,9.570957095709572,11.881188118811881,78.54785478547855,6.9306930693069315,71.61716171617162
E00043966,283,56,27,29,227,28,199,19.78798586572438,9.540636042402827,10.247349823321555,80.21201413427562,9.89399293286219,70.31802120141343
E00043967,240,65,36,29,175,23,152,27.083333333333332,15,12.083333333333334,72.91666666666666,9.583333333333334,63.33333333333333
E00043968,291,69,32,37,222,25,197,23.711340206185564,10.996563573883162,12.714776632302405,76.28865979381443,8.59106529209622,67.69759450171821
E00043969,284,79,38,41,205,17,188,27.816901408450708,13.380281690140844,14.43661971830986,72.1830985915493,5.985915492957746,66.19718309859155
E00043970,303,84,38,46,219,13,206,27.722772277227726,12.541254125412541,15.181518151815181,72.27722772277228,4.29042904290429,67.98679867986799
E00043971,277,63,34,29,214,17,197,22.743682310469314,12.274368231046932,10.469314079422382,77.25631768953069,6.137184115523466,71.11913357400722
E00043972,322,68,33,35,254,17,237,21.11801242236025,10.248447204968944,10.869565217391305,78.88198757763976,5.279503105590062,73.6024844720497
E00043973,295,60,31,29,235,26,209,20.33898305084746,10.508474576271185,9.830508474576272,79.66101694915254,8.813559322033898,70.84745762711864
E00043974,361,81,34,47,280,18,262,22.437673130193904,9.418282548476455,13.019390581717452,77.5623268698061,4.986149584487535,72.57617728531855
E00043975,264,69,29,40,195,17,178,26.136363636363637,10.984848484848484,15.151515151515152,73.86363636363636,6.4393939393939394,67.42424242424242
E00043976,289,72,34,38,217,13,204,24.91349480968858,11.76470588235294,13.148788927335639,75.08650519031141,4.498269896193772,70.58823529411765
E00043977,306,83,43,40,223,17,206,27.124183006535947,14.052287581699346,13.071895424836603,72.87581699346404,5.555555555555555,67.3202614379085
E00043978,248,74,43,31,174,13,161,29.838709677419356,17.338709677419356,12.5,70.16129032258065,5.241935483870968,64.91935483870968
E00043979,250,47,20,27,203,26,177,18.8,8,10.8,81.2,10.4,70.8
E00043980,265,63,31,32,202,21,181,23.77358490566038,11.69811320754717,12.075471698113208,76.22641509433963,7.9245283018867925,68.30188679245282
E00043981,170,42,28,14,128,7,121,24.705882352941178,16.470588235294116,8.235294117647058,75.29411764705883,4.117647058823529,71.17647058823529
E00043982,226,56,29,27,170,20,150,24.778761061946902,12.831858407079647,11.946902654867257,75.22123893805309,8.849557522123893,66.3716814159292
E00043983,325,70,29,41,255,20,235,21.53846153846154,8.923076923076923,12.615384615384615,78.46153846153847,6.153846153846154,72.3076923076923
E00043984,347,102,39,63,245,21,224,29.394812680115272,11.239193083573488,18.155619596541786,70.60518731988472,6.051873198847262,64.55331412103746
E00043985,269,51,27,24,218,13,205,18.95910780669145,10.037174721189592,8.921933085501859,81.04089219330855,4.83271375464684,76.2081784386617
E00043986,188,71,42,29,117,5,112,37.765957446808514,22.340425531914892,15.425531914893616,62.23404255319149,2.6595744680851063,59.57446808510638
E00043987,198,38,17,21,160,15,145,19.19191919191919,8.585858585858585,10.606060606060606,80.8080808080808,7.575757575757576,73.23232323232324
E00043988,278,93,46,47,185,12,173,33.45323741007194,16.546762589928058,16.906474820143885,66.54676258992805,4.316546762589928,62.23021582733813
E00043989,237,68,37,31,169,13,156,28.691983122362867,15.611814345991561,13.080168776371309,71.30801687763713,5.485232067510549,65.82278481012658
E00043990,182,32,23,9,150,15,135,17.582417582417584,12.637362637362637,4.945054945054945,82.41758241758241,8.241758241758241,74.17582417582418
E00043991,208,79,47,32,129,11,118,37.980769230769226,22.596153846153847,15.384615384615385,62.019230769230774,5.288461538461538,56.730769230769226
E00043992,193,54,20,34,139,12,127,27.979274611398964,10.362694300518134,17.616580310880828,72.02072538860104,6.217616580310881,65.80310880829016
E00043993,216,60,27,33,156,9,147,27.77777777777778,12.5,15.277777777777779,72.22222222222221,4.166666666666666,68.05555555555556
E00043995,239,60,37,23,179,22,157,25.10460251046025,15.481171548117153,9.623430962343097,74.89539748953975,9.205020920502092,65.69037656903765
E00043996,211,45,18,27,166,26,140,21.32701421800948,8.530805687203792,12.796208530805686,78.67298578199052,12.322274881516588,66.35071090047393
E00043997,205,53,26,27,152,7,145,25.853658536585368,12.682926829268293,13.170731707317074,74.14634146341463,3.414634146341464,70.73170731707317
E00043998,209,80,43,37,129,12,117,38.27751196172249,20.574162679425836,17.703349282296653,61.72248803827751,5.741626794258373,55.980861244019145
E00043999,186,54,27,27,132,14,118,29.03225806451613,14.516129032258066,14.516129032258066,70.96774193548387,7.526881720430108,63.44086021505376
E00044000,200,71,38,33,129,8,121,35.5,19,16.5,64.5,4,60.5
E00044001,236,50,21,29,186,10,176,21.1864406779661,8.898305084745763,12.288135593220339,78.8135593220339,4.23728813559322,74.57627118644068
E00044002,197,51,22,29,146,18,128,25.888324873096447,11.16751269035533,14.720812182741117,74.11167512690355,9.137055837563452,64.9746192893401
E00044003,332,119,64,55,213,10,203,35.8433734939759,19.27710843373494,16.566265060240966,64.1566265060241,3.0120481927710845,61.14457831325302
E00044004,179,52,39,13,127,3,124,29.05027932960894,21.787709497206702,7.262569832402235,70.94972067039106,1.675977653631285,69.27374301675978
E00044005,340,64,34,30,276,19,257,18.823529411764707,10,8.823529411764707,81.17647058823529,5.588235294117648,75.58823529411765
E00044007,232,65,43,22,167,13,154,28.01724137931034,18.53448275862069,9.482758620689655,71.98275862068965,5.603448275862069,66.37931034482759
E00044008,283,62,31,31,221,7,214,21.908127208480565,10.954063604240282,10.954063604240282,78.09187279151944,2.4734982332155475,75.61837455830388
E00044009,173,47,30,17,126,11,115,27.167630057803464,17.341040462427745,9.826589595375722,72.83236994219652,6.358381502890173,66.47398843930635
E00044010,271,68,43,25,203,11,192,25.092250922509223,15.867158671586715,9.22509225092251,74.90774907749078,4.059040590405904,70.84870848708486
E00044011,301,56,24,32,245,23,222,18.6046511627907,7.973421926910299,10.631229235880399,81.3953488372093,7.641196013289036,73.75415282392026
E00044013,210,58,29,29,152,8,144,27.61904761904762,13.80952380952381,13.80952380952381,72.38095238095238,3.8095238095238098,68.57142857142857
E00044014,199,49,27,22,150,17,133,24.623115577889447,13.5678391959799,11.055276381909549,75.37688442211056,8.542713567839195,66.83417085427136
E00044015,227,97,50,47,130,6,124,42.731277533039645,22.026431718061673,20.704845814977972,57.268722466960355,2.643171806167401,54.62555066079295
E00044016,342,62,36,26,280,26,254,18.128654970760234,10.526315789473683,7.602339181286549,81.87134502923976,7.602339181286549,74.26900584795322
E00044017,273,49,19,30,224,20,204,17.94871794871795,6.95970695970696,10.989010989010989,82.05128205128204,7.326007326007327,74.72527472527473
E00044018,281,67,25,42,214,23,191,23.843416370106763,8.896797153024911,14.94661921708185,76.15658362989323,8.185053380782918,67.97153024911033
E00044019,218,58,23,35,160,9,151,26.605504587155966,10.550458715596331,16.055045871559635,73.39449541284404,4.128440366972478,69.26605504587155
E00044020,262,53,19,34,209,18,191,20.229007633587788,7.251908396946565,12.977099236641221,79.77099236641222,6.870229007633588,72.90076335877863
E00044021,282,70,35,35,212,20,192,24.822695035460992,12.411347517730496,12.411347517730496,75.177304964539,7.092198581560284,68.08510638297872
E00044022,258,54,27,27,204,22,182,20.930232558139537,10.465116279069768,10.465116279069768,79.06976744186046,8.527131782945736,70.54263565891473
E00044023,219,69,44,25,150,12,138,31.506849315068493,20.091324200913242,11.415525114155251,68.4931506849315,5.47945205479452,63.013698630136986
E00044024,268,65,39,26,203,19,184,24.253731343283583,14.55223880597015,9.701492537313433,75.74626865671642,7.08955223880597,68.65671641791045
E00044025,260,61,28,33,199,15,184,23.46153846153846,10.76923076923077,12.692307692307692,76.53846153846153,5.769230769230769,70.76923076923077
E00044026,246,59,34,25,187,16,171,23.983739837398375,13.821138211382115,10.16260162601626,76.01626016260163,6.504065040650407,69.51219512195121
E00044027,243,65,33,32,178,12,166,26.748971193415638,13.580246913580247,13.168724279835391,73.25102880658436,4.938271604938271,68.3127572016461
E00044028,246,55,31,24,191,17,174,22.35772357723577,12.601626016260163,9.75609756097561,77.64227642276423,6.910569105691057,70.73170731707317
E00044029,257,70,33,37,187,18,169,27.237354085603112,12.840466926070038,14.396887159533073,72.76264591439688,7.003891050583658,65.75875486381322
E00044030,216,60,25,35,156,12,144,27.77777777777778,11.574074074074074,16.203703703703702,72.22222222222221,5.555555555555555,66.66666666666666
E00044031,148,77,42,35,71,6,65,52.02702702702703,28.37837837837838,23.64864864864865,47.97297297297297,4.054054054054054,43.91891891891892
E00044032,224,51,25,26,173,14,159,22.767857142857142,11.160714285714286,11.607142857142858,77.23214285714286,6.25,70.98214285714286
E00044033,159,57,30,27,102,7,95,35.84905660377358,18.867924528301888,16.9811320754717,64.15094339622641,4.40251572327044,59.74842767295597
E00044034,231,73,28,45,158,11,147,31.601731601731604,12.121212121212121,19.480519480519483,68.3982683982684,4.761904761904762,63.63636363636363
E00044035,235,50,25,25,185,18,167,21.27659574468085,10.638297872340425,10.638297872340425,78.72340425531915,7.659574468085106,71.06382978723404
E00044036,209,42,17,25,167,16,151,20.095693779904305,8.133971291866029,11.961722488038278,79.90430622009569,7.655502392344498,72.24880382775119
E00044037,245,85,47,38,160,11,149,34.69387755102041,19.183673469387756,15.510204081632653,65.3061224489796,4.489795918367347,60.816326530612244
E00044038,240,30,15,15,210,17,193,12.5,6.25,6.25,87.5,7.083333333333333,80.41666666666667
E00044039,365,47,14,33,318,31,287,12.876712328767123,3.8356164383561646,9.04109589041096,87.12328767123287,8.493150684931507,78.63013698630137
E00044040,249,35,11,24,214,20,194,14.056224899598394,4.417670682730924,9.63855421686747,85.94377510040161,8.032128514056225,77.91164658634538
E00044041,310,54,23,31,256,22,234,17.419354838709676,7.419354838709677,10,82.58064516129032,7.096774193548387,75.48387096774194
E00044042,305,53,27,26,252,21,231,17.37704918032787,8.852459016393443,8.524590163934425,82.62295081967214,6.885245901639345,75.73770491803279
E00044043,237,44,18,26,193,20,173,18.565400843881857,7.59493670886076,10.970464135021098,81.43459915611815,8.438818565400844,72.9957805907173
E00044044,275,56,31,25,219,13,206,20.363636363636363,11.272727272727273,9.090909090909092,79.63636363636364,4.7272727272727275,74.90909090909092
E00044045,267,86,46,40,181,19,162,32.20973782771536,17.228464419475657,14.981273408239701,67.79026217228464,7.116104868913857,60.67415730337079
E00044046,202,49,22,27,153,16,137,24.257425742574256,10.891089108910892,13.366336633663368,75.74257425742574,7.920792079207921,67.82178217821783
E00044047,209,51,22,29,158,13,145,24.401913875598087,10.526315789473683,13.875598086124402,75.5980861244019,6.220095693779904,69.377990430622
E00044048,318,38,9,29,280,33,247,11.949685534591195,2.8301886792452833,9.119496855345911,88.0503144654088,10.377358490566039,77.67295597484278
E00044049,188,49,25,24,139,12,127,26.063829787234045,13.297872340425531,12.76595744680851,73.93617021276596,6.382978723404255,67.5531914893617
E00044050,245,40,14,26,205,29,176,16.3265306122449,5.714285714285714,10.612244897959183,83.6734693877551,11.83673469387755,71.83673469387755
E00044051,301,45,19,26,256,26,230,14.950166112956811,6.312292358803987,8.637873754152823,85.04983388704319,8.637873754152823,76.41196013289037
E00044052,245,41,20,21,204,15,189,16.73469387755102,8.16326530612245,8.571428571428571,83.26530612244898,6.122448979591836,77.14285714285715
E00044053,319,34,16,18,285,32,253,10.658307210031348,5.015673981191222,5.6426332288401255,89.34169278996865,10.031347962382444,79.3103448275862
E00044054,199,52,24,28,147,20,127,26.13065326633166,12.060301507537687,14.07035175879397,73.86934673366834,10.050251256281408,63.81909547738693
E00044055,208,57,21,36,151,11,140,27.403846153846157,10.096153846153847,17.307692307692307,72.59615384615384,5.288461538461538,67.3076923076923
E00044056,206,37,21,16,169,18,151,17.96116504854369,10.194174757281553,7.766990291262135,82.03883495145631,8.737864077669903,73.30097087378641
E00044057,264,39,19,20,225,20,205,14.772727272727273,7.196969696969697,7.575757575757576,85.22727272727273,7.575757575757576,77.65151515151516
E00044058,176,43,18,25,133,12,121,24.431818181818183,10.227272727272728,14.204545454545455,75.56818181818183,6.8181818181818175,68.75
E00044059,208,38,16,22,170,20,150,18.269230769230766,7.6923076923076925,10.576923076923077,81.73076923076923,9.615384615384617,72.11538461538461
E00044060,344,54,24,30,290,27,263,15.69767441860465,6.976744186046512,8.720930232558139,84.30232558139535,7.848837209302325,76.45348837209302
E00044061,244,41,10,31,203,22,181,16.80327868852459,4.098360655737705,12.704918032786885,83.19672131147541,9.01639344262295,74.18032786885246
E00044062,234,37,14,23,197,19,178,15.81196581196581,5.982905982905983,9.82905982905983,84.1880341880342,8.11965811965812,76.06837606837607
E00044063,321,74,34,40,247,8,239,23.05295950155763,10.59190031152648,12.461059190031152,76.94704049844236,2.4922118380062304,74.45482866043614
E00044064,216,54,24,30,162,8,154,25,11.11111111111111,13.88888888888889,75,3.7037037037037033,71.29629629629629
E00044065,205,47,20,27,158,16,142,22.926829268292686,9.75609756097561,13.170731707317074,77.07317073170732,7.804878048780488,69.26829268292683
E00044066,292,47,17,30,245,29,216,16.095890410958905,5.821917808219178,10.273972602739725,83.9041095890411,9.931506849315069,73.97260273972603
E00044067,208,76,48,28,132,12,120,36.53846153846153,23.076923076923077,13.461538461538462,63.46153846153846,5.769230769230769,57.692307692307686
E00044068,185,49,22,27,136,17,119,26.486486486486488,11.891891891891893,14.594594594594595,73.51351351351352,9.18918918918919,64.32432432432432
E00044069,206,53,24,29,153,20,133,25.728155339805824,11.650485436893204,14.077669902912621,74.27184466019418,9.70873786407767,64.56310679611651
E00044070,334,56,19,37,278,25,253,16.766467065868262,5.688622754491018,11.077844311377245,83.23353293413174,7.48502994011976,75.74850299401199
E00044071,268,42,18,24,226,17,209,15.671641791044777,6.7164179104477615,8.955223880597014,84.32835820895522,6.343283582089552,77.98507462686567
E00044072,254,67,40,27,187,20,167,26.37795275590551,15.748031496062993,10.62992125984252,73.62204724409449,7.874015748031496,65.74803149606299
E00044073,251,44,16,28,207,21,186,17.52988047808765,6.374501992031872,11.155378486055776,82.47011952191235,8.366533864541832,74.10358565737052
E00044074,258,48,19,29,210,23,187,18.6046511627907,7.3643410852713185,11.24031007751938,81.3953488372093,8.914728682170542,72.48062015503875
E00044075,240,69,43,26,171,10,161,28.749999999999996,17.916666666666668,10.833333333333334,71.25,4.166666666666666,67.08333333333333
E00044076,212,51,29,22,161,11,150,24.056603773584907,13.679245283018867,10.377358490566039,75.94339622641509,5.188679245283019,70.75471698113208
E00044077,260,40,18,22,220,22,198,15.384615384615385,6.923076923076923,8.461538461538462,84.61538461538461,8.461538461538462,76.15384615384615
E00044078,302,54,21,33,248,18,230,17.880794701986755,6.95364238410596,10.927152317880795,82.11920529801324,5.960264900662252,76.15894039735099
E00044079,359,64,21,43,295,26,269,17.827298050139277,5.8495821727019495,11.977715877437326,82.17270194986072,7.242339832869081,74.93036211699165
E00044080,295,46,17,29,249,23,226,15.593220338983052,5.762711864406779,9.830508474576272,84.40677966101696,7.796610169491526,76.61016949152543
E00044081,259,74,42,32,185,13,172,28.57142857142857,16.216216216216218,12.355212355212355,71.42857142857143,5.019305019305019,66.40926640926641
E00044082,223,62,25,37,161,19,142,27.802690582959645,11.210762331838566,16.591928251121075,72.19730941704036,8.520179372197308,63.67713004484305
E00044083,288,46,21,25,242,22,220,15.972222222222221,7.291666666666667,8.680555555555555,84.02777777777779,7.638888888888889,76.38888888888889
E00044084,284,70,35,35,214,14,200,24.647887323943664,12.323943661971832,12.323943661971832,75.35211267605634,4.929577464788732,70.4225352112676
E00044085,268,68,37,31,200,9,191,25.37313432835821,13.805970149253731,11.567164179104477,74.6268656716418,3.3582089552238807,71.26865671641791
E00044086,341,86,39,47,255,21,234,25.219941348973606,11.436950146627565,13.78299120234604,74.7800586510264,6.158357771260997,68.62170087976538
E00044087,256,50,22,28,206,23,183,19.53125,8.59375,10.9375,80.46875,8.984375,71.484375
E00044088,167,28,10,18,139,25,114,16.766467065868262,5.9880239520958085,10.778443113772456,83.23353293413174,14.97005988023952,68.26347305389223
E00044089,258,82,48,34,176,17,159,31.782945736434108,18.6046511627907,13.178294573643413,68.21705426356588,6.5891472868217065,61.627906976744185
E00044090,227,81,35,46,146,15,131,35.68281938325991,15.418502202643172,20.26431718061674,64.31718061674009,6.607929515418502,57.70925110132159
E00044091,284,67,30,37,217,15,202,23.591549295774648,10.56338028169014,13.028169014084506,76.40845070422534,5.28169014084507,71.12676056338029
E00044092,403,76,33,43,327,25,302,18.858560794044664,8.188585607940446,10.669975186104217,81.14143920595534,6.20347394540943,74.93796526054591
E00044093,297,43,16,27,254,15,239,14.47811447811448,5.387205387205387,9.090909090909092,85.52188552188552,5.05050505050505,80.47138047138047
E00044094,327,108,55,53,219,16,203,33.02752293577982,16.819571865443425,16.207951070336392,66.97247706422019,4.892966360856269,62.079510703363916
E00044095,210,51,25,26,159,19,140,24.285714285714285,11.904761904761903,12.380952380952381,75.71428571428571,9.047619047619047,66.66666666666666
E00044096,210,40,16,24,170,15,155,19.047619047619047,7.6190476190476195,11.428571428571429,80.95238095238095,7.142857142857142,73.80952380952381
E00044097,209,51,22,29,158,16,142,24.401913875598087,10.526315789473683,13.875598086124402,75.5980861244019,7.655502392344498,67.94258373205741
E00044098,280,70,26,44,210,13,197,25,9.285714285714286,15.714285714285714,75,4.642857142857143,70.35714285714286
E00044099,230,57,31,26,173,10,163,24.782608695652176,13.478260869565217,11.304347826086957,75.21739130434783,4.3478260869565215,70.86956521739131
E00044100,280,45,24,21,235,21,214,16.071428571428573,8.571428571428571,7.5,83.92857142857143,7.5,76.42857142857142
E00044101,288,54,21,33,234,15,219,18.75,7.291666666666667,11.458333333333332,81.25,5.208333333333334,76.04166666666666
E00044102,336,84,48,36,252,24,228,25,14.285714285714285,10.714285714285714,75,7.142857142857142,67.85714285714286
E00044103,184,69,38,31,115,10,105,37.5,20.652173913043477,16.847826086956523,62.5,5.434782608695652,57.065217391304344
E00044104,236,39,18,21,197,14,183,16.52542372881356,7.627118644067797,8.898305084745763,83.47457627118644,5.932203389830509,77.54237288135593
E00044105,208,57,26,31,151,18,133,27.403846153846157,12.5,14.903846153846153,72.59615384615384,8.653846153846153,63.942307692307686
E00044106,296,51,16,35,245,18,227,17.22972972972973,5.405405405405405,11.824324324324325,82.77027027027027,6.081081081081082,76.6891891891892
E00044107,218,54,31,23,164,19,145,24.770642201834864,14.220183486238533,10.550458715596331,75.22935779816514,8.715596330275229,66.5137614678899
E00044109,228,73,30,43,155,20,135,32.01754385964912,13.157894736842104,18.859649122807017,67.98245614035088,8.771929824561402,59.210526315789465
E00044111,164,30,12,18,134,17,117,18.29268292682927,7.317073170731707,10.975609756097562,81.70731707317073,10.365853658536585,71.34146341463415
E00044112,273,55,24,31,218,17,201,20.146520146520146,8.791208791208792,11.355311355311356,79.85347985347985,6.227106227106227,73.62637362637363
E00044113,308,61,29,32,247,35,212,19.805194805194805,9.415584415584416,10.38961038961039,80.1948051948052,11.363636363636363,68.83116883116884
E00044114,290,87,44,43,203,16,187,30,15.172413793103448,14.827586206896552,70,5.517241379310345,64.48275862068965
E00044115,283,91,50,41,192,19,173,32.15547703180212,17.6678445229682,14.487632508833922,67.84452296819788,6.713780918727916,61.130742049469966
E00044116,258,59,33,26,199,12,187,22.868217054263564,12.790697674418606,10.077519379844961,77.13178294573643,4.651162790697675,72.48062015503875
E00044117,304,56,26,30,248,20,228,18.421052631578945,8.552631578947368,9.868421052631579,81.57894736842105,6.578947368421052,75
E00044118,256,69,38,31,187,28,159,26.953125,14.84375,12.109375,73.046875,10.9375,62.109375
E00044119,265,75,44,31,190,24,166,28.30188679245283,16.60377358490566,11.69811320754717,71.69811320754717,9.056603773584905,62.64150943396226
E00044120,294,54,28,26,240,24,216,18.367346938775512,9.523809523809524,8.843537414965986,81.63265306122449,8.16326530612245,73.46938775510205
E00044121,238,49,27,22,189,7,182,20.588235294117645,11.344537815126051,9.243697478991598,79.41176470588235,2.941176470588235,76.47058823529412
E00044122,228,69,33,36,159,15,144,30.263157894736842,14.473684210526317,15.789473684210526,69.73684210526315,6.578947368421052,63.1578947368421
E00044123,311,60,36,24,251,25,226,19.292604501607716,11.57556270096463,7.717041800643088,80.70739549839229,8.038585209003216,72.66881028938906
E00044124,266,42,14,28,224,21,203,15.789473684210526,5.263157894736842,10.526315789473683,84.21052631578947,7.894736842105263,76.31578947368422
E00044125,279,48,22,26,231,19,212,17.20430107526882,7.885304659498208,9.31899641577061,82.79569892473118,6.810035842293908,75.98566308243727
E00044126,216,90,61,29,126,15,111,41.66666666666667,28.240740740740737,13.425925925925927,58.333333333333336,6.944444444444445,51.388888888888886
E00044127,296,50,17,33,246,25,221,16.89189189189189,5.743243243243244,11.14864864864865,83.1081081081081,8.445945945945946,74.66216216216216
E00044128,266,75,34,41,191,17,174,28.195488721804512,12.781954887218044,15.413533834586465,71.80451127819549,6.390977443609022,65.41353383458647
E00044129,203,67,32,35,136,15,121,33.004926108374384,15.763546798029557,17.24137931034483,66.99507389162561,7.389162561576355,59.60591133004927
E00044130,279,69,25,44,210,19,191,24.731182795698924,8.960573476702509,15.770609318996415,75.26881720430107,6.810035842293908,68.45878136200717
E00044131,268,64,34,30,204,12,192,23.88059701492537,12.686567164179104,11.194029850746269,76.11940298507463,4.477611940298507,71.64179104477611
E00044132,226,63,32,31,163,10,153,27.876106194690266,14.15929203539823,13.716814159292035,72.12389380530973,4.424778761061947,67.69911504424779
E00044133,243,47,23,24,196,18,178,19.34156378600823,9.465020576131687,9.876543209876543,80.65843621399176,7.4074074074074066,73.25102880658436
E00044134,223,97,62,35,126,11,115,43.49775784753363,27.802690582959645,15.695067264573993,56.502242152466366,4.932735426008969,51.569506726457405
E00044135,255,56,30,26,199,12,187,21.96078431372549,11.76470588235294,10.196078431372548,78.03921568627452,4.705882352941177,73.33333333333333
E00044136,266,77,41,36,189,22,167,28.947368421052634,15.413533834586465,13.533834586466165,71.05263157894737,8.270676691729323,62.78195488721805
E00044137,291,55,27,28,236,21,215,18.900343642611684,9.278350515463918,9.621993127147768,81.09965635738831,7.216494845360824,73.8831615120275
E00044138,306,79,39,40,227,14,213,25.816993464052292,12.745098039215685,13.071895424836603,74.18300653594771,4.57516339869281,69.6078431372549
E00170186,256,62,39,23,194,17,177,24.21875,15.234375,8.984375,75.78125,6.640625,69.140625
E00170187,380,51,22,29,329,22,307,13.421052631578947,5.7894736842105265,7.631578947368421,86.57894736842105,5.7894736842105265,80.78947368421052
E00170188,317,27,8,19,290,28,262,8.517350157728707,2.5236593059936907,5.993690851735016,91.48264984227129,8.832807570977918,82.64984227129337
E00170189,494,64,26,38,430,28,402,12.955465587044534,5.263157894736842,7.6923076923076925,87.04453441295547,5.668016194331984,81.37651821862349
E00170190,301,62,21,41,239,21,218,20.59800664451827,6.976744186046512,13.621262458471762,79.40199335548172,6.976744186046512,72.42524916943522
E00170191,290,51,20,31,239,33,206,17.586206896551722,6.896551724137931,10.689655172413794,82.41379310344827,11.379310344827587,71.03448275862068
E00170192,229,39,12,27,190,20,170,17.03056768558952,5.240174672489083,11.790393013100436,82.96943231441048,8.73362445414847,74.235807860262
E00170193,430,63,23,40,367,20,347,14.651162790697676,5.348837209302325,9.30232558139535,85.34883720930233,4.651162790697675,80.69767441860465
E00170194,309,46,17,29,263,26,237,14.886731391585762,5.501618122977346,9.385113268608414,85.11326860841424,8.414239482200648,76.69902912621359
E00170195,268,49,24,25,219,13,206,18.28358208955224,8.955223880597014,9.328358208955224,81.71641791044776,4.850746268656716,76.86567164179104
E00170196,354,94,52,42,260,19,241,26.55367231638418,14.689265536723164,11.864406779661017,73.44632768361582,5.367231638418079,68.07909604519774
E00182862,127,67,36,31,60,9,51,52.75590551181102,28.346456692913385,24.409448818897637,47.24409448818898,7.086614173228346,40.15748031496063
E00182863,149,33,18,15,116,14,102,22.14765100671141,12.080536912751679,10.06711409395973,77.85234899328859,9.395973154362416,68.45637583892618
E00182864,325,88,57,31,237,26,211,27.076923076923077,17.53846153846154,9.538461538461538,72.92307692307692,8,64.92307692307693
E00182872,430,48,21,27,382,32,350,11.162790697674419,4.883720930232558,6.279069767441861,88.83720930232558,7.441860465116279,81.3953488372093
E00182876,267,39,20,19,228,21,207,14.606741573033707,7.490636704119851,7.116104868913857,85.39325842696628,7.865168539325842,77.52808988764045
E00182877,531,32,12,20,499,33,466,6.0263653483992465,2.2598870056497176,3.766478342749529,93.97363465160076,6.214689265536723,87.75894538606404
E00182882,483,87,48,39,396,35,361,18.012422360248447,9.937888198757763,8.074534161490684,81.98757763975155,7.246376811594203,74.74120082815735
E00182885,329,87,37,50,242,17,225,26.443768996960486,11.246200607902736,15.19756838905775,73.55623100303951,5.167173252279635,68.38905775075987
E00182886,306,63,23,40,243,24,219,20.588235294117645,7.516339869281046,13.071895424836603,79.41176470588235,7.8431372549019605,71.56862745098039
E00182887,328,81,49,32,247,13,234,24.695121951219512,14.939024390243901,9.75609756097561,75.3048780487805,3.9634146341463414,71.34146341463415
E00182889,392,33,11,22,359,38,321,8.418367346938775,2.806122448979592,5.612244897959184,91.58163265306123,9.693877551020408,81.88775510204081
E00182893,264,67,38,29,197,22,175,25.37878787878788,14.393939393939394,10.984848484848484,74.62121212121212,8.333333333333332,66.28787878787878
E00182895,356,45,9,36,311,25,286,12.640449438202248,2.528089887640449,10.112359550561797,87.35955056179775,7.02247191011236,80.33707865168539
E00182896,578,134,69,65,444,21,423,23.18339100346021,11.937716262975778,11.245674740484429,76.8166089965398,3.633217993079585,73.1833910034602
E00182897,379,53,21,32,326,40,286,13.984168865435356,5.540897097625329,8.443271767810026,86.01583113456465,10.554089709762533,75.46174142480211
E00182898,472,46,14,32,426,35,391,9.745762711864407,2.9661016949152543,6.779661016949152,90.2542372881356,7.415254237288135,82.83898305084746
E00182900,177,26,12,14,151,6,145,14.689265536723164,6.779661016949152,7.909604519774012,85.31073446327684,3.389830508474576,81.92090395480226
E00182907,135,9,1,8,126,20,106,6.666666666666667,0.7407407407407408,5.9259259259259265,93.33333333333333,14.814814814814813,78.51851851851852
E00182911,196,89,54,35,107,7,100,45.40816326530612,27.55102040816326,17.857142857142858,54.59183673469388,3.571428571428571,51.02040816326531
E00182913,245,64,39,25,181,16,165,26.122448979591837,15.918367346938775,10.204081632653061,73.87755102040816,6.530612244897959,67.3469387755102
E00182914,596,45,3,42,551,36,515,7.550335570469799,0.5033557046979865,7.046979865771812,92.4496644295302,6.0402684563758395,86.40939597315436
E00182915,376,44,16,28,332,25,307,11.702127659574469,4.25531914893617,7.446808510638298,88.29787234042553,6.648936170212766,81.64893617021278
E00182916,232,14,0,14,218,16,202,6.0344827586206895,0,6.0344827586206895,93.96551724137932,6.896551724137931,87.06896551724138
