OA,ts0590001,ts0590002,ts0590003,ts0590004,ts0590005,ts0590006,ts0590007,ts0590002_PCT,ts0590003_PCT,ts0590004_PCT,ts0590005_PCT,ts0590006_PCT,ts0590007_PCT
E00043609,82,37,9,28,45,37,8,45.1219512195122,10.975609756097562,34.146341463414636,54.87804878048781,45.1219512195122,9.75609756097561
E00043610,81,21,8,13,60,54,6,25.925925925925924,9.876543209876543,16.049382716049383,74.07407407407408,66.66666666666666,7.4074074074074066
E00043611,108,30,9,21,78,68,10,27.77777777777778,8.333333333333332,19.444444444444446,72.22222222222221,62.96296296296296,9.25925925925926
E00043612,120,36,11,25,84,79,5,30,9.166666666666666,20.833333333333336,70,65.83333333333333,4.166666666666666
E00043613,67,22,9,13,45,39,6,32.83582089552239,13.432835820895523,19.402985074626866,67.16417910447761,58.2089552238806,8.955223880597014
E00043614,129,40,7,33,89,79,10,31.007751937984494,5.426356589147287,25.581395348837212,68.9922480620155,61.240310077519375,7.751937984496124
E00043615,124,46,11,35,78,65,13,37.096774193548384,8.870967741935484,28.225806451612907,62.903225806451616,52.41935483870967,10.483870967741936
E00043616,87,28,6,22,59,45,14,32.18390804597701,6.896551724137931,25.287356321839084,67.81609195402298,51.724137931034484,16.091954022988507
E00043617,76,30,5,25,46,39,7,39.473684210526315,6.578947368421052,32.89473684210527,60.526315789473685,51.31578947368421,9.210526315789473
E00043618,82,23,7,16,59,52,7,28.04878048780488,8.536585365853659,19.51219512195122,71.95121951219512,63.41463414634146,8.536585365853659
E00043619,95,28,11,17,67,62,5,29.47368421052631,11.578947368421053,17.894736842105264,70.52631578947368,65.26315789473685,5.263157894736842
E00043620,68,22,4,18,46,40,6,32.35294117647059,5.88235294117647,26.47058823529412,67.64705882352942,58.82352941176471,8.823529411764707
E00043621,92,24,8,16,68,57,11,26.08695652173913,8.695652173913043,17.391304347826086,73.91304347826086,61.95652173913043,11.956521739130435
E00043622,104,36,11,25,68,58,10,34.61538461538461,10.576923076923077,24.03846153846154,65.38461538461539,55.769230769230774,9.615384615384617
E00043623,113,27,6,21,86,76,10,23.893805309734514,5.3097345132743365,18.58407079646018,76.10619469026548,67.2566371681416,8.849557522123893
E00043624,86,24,7,17,62,60,2,27.906976744186046,8.13953488372093,19.767441860465116,72.09302325581395,69.76744186046511,2.3255813953488373
E00043625,99,30,9,21,69,65,4,30.303030303030305,9.090909090909092,21.21212121212121,69.6969696969697,65.65656565656566,4.040404040404041
E00043626,85,25,4,21,60,54,6,29.411764705882355,4.705882352941177,24.705882352941178,70.58823529411765,63.52941176470588,7.0588235294117645
E00043627,98,35,8,27,63,55,8,35.714285714285715,8.16326530612245,27.55102040816326,64.28571428571429,56.12244897959183,8.16326530612245
E00043628,77,19,6,13,58,49,9,24.675324675324674,7.792207792207792,16.883116883116884,75.32467532467533,63.63636363636363,11.688311688311687
E00043629,78,26,7,19,52,46,6,33.33333333333333,8.974358974358974,24.358974358974358,66.66666666666666,58.97435897435898,7.6923076923076925
E00043630,90,30,5,25,60,50,10,33.33333333333333,5.555555555555555,27.77777777777778,66.66666666666666,55.55555555555556,11.11111111111111
E00043631,110,39,7,32,71,67,4,35.45454545454545,6.363636363636363,29.09090909090909,64.54545454545455,60.909090909090914,3.6363636363636362
E00043632,83,23,8,15,60,57,3,27.710843373493976,9.63855421686747,18.072289156626507,72.28915662650603,68.67469879518072,3.614457831325301
E00043633,113,32,16,16,81,74,7,28.31858407079646,14.15929203539823,14.15929203539823,71.68141592920354,65.48672566371681,6.1946902654867255
E00043634,99,41,16,25,58,53,5,41.41414141414141,16.161616161616163,25.252525252525253,58.58585858585859,53.535353535353536,5.05050505050505
E00043636,134,29,8,21,105,92,13,21.641791044776117,5.970149253731343,15.671641791044777,78.35820895522389,68.65671641791045,9.701492537313433
E00043637,122,40,11,29,82,65,17,32.78688524590164,9.01639344262295,23.770491803278688,67.21311475409836,53.278688524590166,13.934426229508196
E00043638,146,54,21,33,92,80,12,36.986301369863014,14.383561643835616,22.602739726027394,63.013698630136986,54.794520547945204,8.21917808219178
E00043640,116,39,8,31,77,69,8,33.62068965517241,6.896551724137931,26.72413793103448,66.37931034482759,59.48275862068966,6.896551724137931
E00043641,122,39,11,28,83,71,12,31.967213114754102,9.01639344262295,22.950819672131146,68.0327868852459,58.19672131147541,9.836065573770492
E00043642,135,48,11,37,87,71,16,35.55555555555556,8.148148148148149,27.40740740740741,64.44444444444444,52.59259259259259,11.851851851851853
E00043643,80,28,8,20,52,43,9,35,10,25,65,53.75,11.25
E00043644,55,20,6,14,35,32,3,36.36363636363637,10.909090909090908,25.454545454545453,63.63636363636363,58.18181818181818,5.454545454545454
E00043645,126,34,9,25,92,75,17,26.984126984126984,7.142857142857142,19.841269841269842,73.01587301587301,59.523809523809526,13.492063492063492
E00043646,90,32,8,24,58,52,6,35.55555555555556,8.88888888888889,26.666666666666668,64.44444444444444,57.77777777777777,6.666666666666667
E00043647,67,25,8,17,42,38,4,37.3134328358209,11.940298507462686,25.37313432835821,62.68656716417911,56.71641791044776,5.970149253731343
E00043648,79,51,5,46,28,23,5,64.55696202531645,6.329113924050633,58.22784810126582,35.44303797468354,29.11392405063291,6.329113924050633
E00043649,147,53,17,36,94,80,14,36.054421768707485,11.564625850340136,24.489795918367346,63.94557823129252,54.421768707483,9.523809523809524
E00043650,84,26,10,16,58,51,7,30.952380952380953,11.904761904761903,19.047619047619047,69.04761904761905,60.71428571428571,8.333333333333332
E00043651,54,34,7,27,20,17,3,62.96296296296296,12.962962962962962,50,37.03703703703704,31.48148148148148,5.555555555555555
E00043652,106,28,13,15,78,66,12,26.41509433962264,12.264150943396226,14.150943396226415,73.58490566037736,62.264150943396224,11.320754716981133
E00043653,94,53,12,41,41,32,9,56.38297872340425,12.76595744680851,43.61702127659575,43.61702127659575,34.04255319148936,9.574468085106384
E00043654,69,23,6,17,46,42,4,33.33333333333333,8.695652173913043,24.637681159420293,66.66666666666666,60.86956521739131,5.797101449275362
E00043655,124,31,9,22,93,81,12,25,7.258064516129033,17.741935483870968,75,65.32258064516128,9.67741935483871
E00043656,112,35,7,28,77,68,9,31.25,6.25,25,68.75,60.71428571428571,8.035714285714286
E00043657,163,36,6,30,127,114,13,22.085889570552148,3.6809815950920246,18.404907975460123,77.91411042944786,69.93865030674846,7.975460122699387
E00043658,168,41,8,33,127,111,16,24.404761904761905,4.761904761904762,19.642857142857142,75.59523809523809,66.07142857142857,9.523809523809524
E00043659,123,43,15,28,80,75,5,34.959349593495936,12.195121951219512,22.76422764227642,65.04065040650406,60.97560975609756,4.0650406504065035
E00043660,98,28,10,18,70,60,10,28.57142857142857,10.204081632653061,18.367346938775512,71.42857142857143,61.224489795918366,10.204081632653061
E00043661,146,46,15,31,100,89,11,31.506849315068493,10.273972602739725,21.232876712328768,68.4931506849315,60.95890410958904,7.534246575342466
E00043662,73,26,8,18,47,39,8,35.61643835616438,10.95890410958904,24.65753424657534,64.38356164383562,53.42465753424658,10.95890410958904
E00043663,131,51,12,39,80,70,10,38.93129770992366,9.16030534351145,29.770992366412212,61.06870229007634,53.43511450381679,7.633587786259542
E00043664,101,17,4,13,84,73,11,16.831683168316832,3.9603960396039604,12.871287128712872,83.16831683168317,72.27722772277228,10.891089108910892
E00043665,146,40,14,26,106,91,15,27.397260273972602,9.58904109589041,17.80821917808219,72.6027397260274,62.328767123287676,10.273972602739725
E00043666,105,34,12,22,71,62,9,32.38095238095238,11.428571428571429,20.952380952380953,67.61904761904762,59.04761904761905,8.571428571428571
E00043667,117,30,7,23,87,77,10,25.64102564102564,5.982905982905983,19.65811965811966,74.35897435897436,65.8119658119658,8.547008547008547
E00043668,99,35,6,29,64,58,6,35.35353535353536,6.0606060606060606,29.292929292929294,64.64646464646465,58.58585858585859,6.0606060606060606
E00043669,128,42,10,32,86,76,10,32.8125,7.8125,25,67.1875,59.375,7.8125
E00043670,198,48,16,32,150,128,22,24.242424242424242,8.080808080808081,16.161616161616163,75.75757575757575,64.64646464646465,11.11111111111111
E00043671,108,43,10,33,65,64,1,39.81481481481482,9.25925925925926,30.555555555555557,60.18518518518518,59.25925925925925,0.9259259259259258
E00043672,114,46,13,33,68,61,7,40.35087719298245,11.403508771929824,28.947368421052634,59.64912280701754,53.50877192982456,6.140350877192982
E00043673,72,26,7,19,46,41,5,36.11111111111111,9.722222222222223,26.38888888888889,63.888888888888886,56.94444444444444,6.944444444444445
E00043674,102,38,14,24,64,59,5,37.254901960784316,13.725490196078432,23.52941176470588,62.745098039215684,57.84313725490197,4.901960784313726
E00043675,136,41,11,30,95,83,12,30.14705882352941,8.088235294117647,22.058823529411764,69.85294117647058,61.029411764705884,8.823529411764707
E00043676,84,21,3,18,63,53,10,25,3.571428571428571,21.428571428571427,75,63.095238095238095,11.904761904761903
E00043677,72,23,6,17,49,39,10,31.944444444444443,8.333333333333332,23.61111111111111,68.05555555555556,54.166666666666664,13.88888888888889
E00043678,56,20,6,14,36,32,4,35.714285714285715,10.714285714285714,25,64.28571428571429,57.14285714285714,7.142857142857142
E00043679,126,51,18,33,75,74,1,40.476190476190474,14.285714285714285,26.190476190476193,59.523809523809526,58.730158730158735,0.7936507936507936
E00043680,112,29,9,20,83,71,12,25.892857142857146,8.035714285714286,17.857142857142858,74.10714285714286,63.39285714285714,10.714285714285714
E00043681,97,31,5,26,66,55,11,31.958762886597935,5.154639175257731,26.804123711340207,68.04123711340206,56.70103092783505,11.34020618556701
E00043682,97,34,8,26,63,53,10,35.051546391752574,8.24742268041237,26.804123711340207,64.94845360824742,54.63917525773196,10.309278350515463
E00043683,112,35,10,25,77,69,8,31.25,8.928571428571429,22.321428571428573,68.75,61.60714285714286,7.142857142857142
E00043684,101,25,5,20,76,67,9,24.752475247524753,4.9504950495049505,19.801980198019802,75.24752475247524,66.33663366336634,8.91089108910891
E00043685,125,46,16,30,79,72,7,36.8,12.8,24,63.2,57.599999999999994,5.6000000000000005
E00043686,113,35,5,30,78,67,11,30.973451327433626,4.424778761061947,26.548672566371685,69.02654867256636,59.29203539823009,9.734513274336283
E00043687,100,31,9,22,69,56,13,31,9,22,69,56.00000000000001,13
E00043688,86,20,5,15,66,54,12,23.25581395348837,5.813953488372093,17.441860465116278,76.74418604651163,62.7906976744186,13.953488372093023
E00043689,102,38,9,29,64,56,8,37.254901960784316,8.823529411764707,28.431372549019606,62.745098039215684,54.90196078431373,7.8431372549019605
E00043691,98,42,3,39,56,50,6,42.857142857142854,3.061224489795918,39.795918367346935,57.14285714285714,51.02040816326531,6.122448979591836
E00043692,106,43,12,31,63,57,6,40.56603773584906,11.320754716981133,29.245283018867923,59.43396226415094,53.77358490566038,5.660377358490567
E00043693,81,35,10,25,46,41,5,43.20987654320987,12.345679012345679,30.864197530864196,56.79012345679012,50.617283950617285,6.172839506172839
E00043694,74,21,5,16,53,47,6,28.37837837837838,6.756756756756757,21.62162162162162,71.62162162162163,63.51351351351351,8.108108108108109
E00043695,76,37,7,30,39,34,5,48.68421052631579,9.210526315789473,39.473684210526315,51.31578947368421,44.73684210526316,6.578947368421052
E00043696,113,30,7,23,83,72,11,26.548672566371685,6.1946902654867255,20.353982300884958,73.45132743362832,63.716814159292035,9.734513274336283
E00043697,94,29,8,21,65,59,6,30.851063829787233,8.51063829787234,22.340425531914892,69.14893617021278,62.76595744680851,6.382978723404255
E00043698,117,37,10,27,80,68,12,31.62393162393162,8.547008547008547,23.076923076923077,68.37606837606837,58.119658119658126,10.256410256410255
E00043699,99,33,12,21,66,57,9,33.33333333333333,12.121212121212121,21.21212121212121,66.66666666666666,57.57575757575758,9.090909090909092
E00043700,84,35,8,27,49,42,7,41.66666666666667,9.523809523809524,32.142857142857146,58.333333333333336,50,8.333333333333332
E00043701,96,37,7,30,59,56,3,38.54166666666667,7.291666666666667,31.25,61.458333333333336,58.333333333333336,3.125
E00043702,30,13,4,9,17,12,5,43.333333333333336,13.333333333333334,30,56.666666666666664,40,16.666666666666664
E00043703,123,45,11,34,78,73,5,36.58536585365854,8.94308943089431,27.64227642276423,63.41463414634146,59.34959349593496,4.0650406504065035
E00043704,120,34,10,24,86,68,18,28.333333333333332,8.333333333333332,20,71.66666666666667,56.666666666666664,15
E00043705,80,25,10,15,55,49,6,31.25,12.5,18.75,68.75,61.25000000000001,7.5
E00043706,109,36,6,30,73,65,8,33.02752293577982,5.5045871559633035,27.522935779816514,66.97247706422019,59.63302752293578,7.339449541284404
E00043707,130,39,5,34,91,82,9,30,3.8461538461538463,26.153846153846157,70,63.07692307692307,6.923076923076923
E00043708,99,36,8,28,63,56,7,36.36363636363637,8.080808080808081,28.28282828282828,63.63636363636363,56.56565656565656,7.07070707070707
E00043709,80,24,9,15,56,46,10,30,11.25,18.75,70,57.49999999999999,12.5
E00043710,90,42,8,34,48,42,6,46.666666666666664,8.88888888888889,37.77777777777778,53.333333333333336,46.666666666666664,6.666666666666667
E00043711,134,31,8,23,103,83,20,23.134328358208954,5.970149253731343,17.16417910447761,76.86567164179104,61.940298507462686,14.925373134328357
E00043712,141,29,4,25,112,98,14,20.56737588652482,2.8368794326241136,17.73049645390071,79.43262411347519,69.50354609929079,9.929078014184398
E00043713,113,34,10,24,79,75,4,30.08849557522124,8.849557522123893,21.238938053097346,69.91150442477876,66.3716814159292,3.5398230088495577
E00043714,129,29,8,21,100,78,22,22.48062015503876,6.2015503875969,16.27906976744186,77.51937984496125,60.46511627906976,17.05426356589147
E00043715,131,30,8,22,101,75,26,22.900763358778626,6.106870229007633,16.793893129770993,77.09923664122137,57.25190839694656,19.84732824427481
E00043716,115,39,14,25,76,68,8,33.91304347826087,12.173913043478262,21.73913043478261,66.08695652173913,59.130434782608695,6.956521739130435
E00043717,114,35,10,25,79,74,5,30.701754385964914,8.771929824561402,21.929824561403507,69.2982456140351,64.91228070175438,4.385964912280701
E00043718,142,32,8,24,110,99,11,22.535211267605636,5.633802816901409,16.901408450704224,77.46478873239437,69.71830985915493,7.746478873239436
E00043719,165,53,16,37,112,89,23,32.121212121212125,9.696969696969697,22.424242424242426,67.87878787878789,53.939393939393945,13.939393939393941
E00043720,117,38,6,32,79,78,1,32.47863247863248,5.128205128205128,27.350427350427353,67.52136752136752,66.66666666666666,0.8547008547008548
E00043721,144,32,9,23,112,94,18,22.22222222222222,6.25,15.972222222222221,77.77777777777779,65.27777777777779,12.5
E00043722,116,36,9,27,80,74,6,31.03448275862069,7.758620689655173,23.275862068965516,68.96551724137932,63.793103448275865,5.172413793103448
E00043723,168,52,13,39,116,91,25,30.952380952380953,7.738095238095238,23.214285714285715,69.04761904761905,54.166666666666664,14.880952380952381
E00043724,69,17,7,10,52,45,7,24.637681159420293,10.144927536231885,14.492753623188406,75.36231884057972,65.21739130434783,10.144927536231885
E00043725,99,31,12,19,68,61,7,31.313131313131315,12.121212121212121,19.19191919191919,68.68686868686868,61.61616161616161,7.07070707070707
E00043726,284,62,22,40,222,194,28,21.830985915492956,7.746478873239436,14.084507042253522,78.16901408450704,68.30985915492957,9.859154929577464
E00043727,121,42,9,33,79,69,10,34.710743801652896,7.43801652892562,27.27272727272727,65.28925619834712,57.02479338842975,8.264462809917356
E00043728,77,22,6,16,55,49,6,28.57142857142857,7.792207792207792,20.77922077922078,71.42857142857143,63.63636363636363,7.792207792207792
E00043729,148,42,18,24,106,95,11,28.37837837837838,12.162162162162163,16.216216216216218,71.62162162162163,64.1891891891892,7.4324324324324325
E00043730,99,35,9,26,64,61,3,35.35353535353536,9.090909090909092,26.262626262626267,64.64646464646465,61.61616161616161,3.0303030303030303
E00043731,163,54,15,39,109,89,20,33.12883435582822,9.202453987730062,23.92638036809816,66.87116564417178,54.601226993865026,12.269938650306749
E00043732,72,14,3,11,58,52,6,19.444444444444446,4.166666666666666,15.277777777777779,80.55555555555556,72.22222222222221,8.333333333333332
E00043733,118,26,3,23,92,82,10,22.033898305084744,2.5423728813559325,19.491525423728813,77.96610169491525,69.49152542372882,8.47457627118644
E00043734,124,32,10,22,92,83,9,25.806451612903224,8.064516129032258,17.741935483870968,74.19354838709677,66.93548387096774,7.258064516129033
E00043735,108,37,11,26,71,57,14,34.25925925925926,10.185185185185185,24.074074074074073,65.74074074074075,52.77777777777778,12.962962962962962
E00043736,100,30,8,22,70,64,6,30,8,22,70,64,6
E00043737,152,52,15,37,100,89,11,34.21052631578947,9.868421052631579,24.342105263157894,65.78947368421053,58.55263157894737,7.236842105263158
E00043738,146,40,17,23,106,91,15,27.397260273972602,11.643835616438356,15.753424657534246,72.6027397260274,62.328767123287676,10.273972602739725
E00043739,62,10,2,8,52,46,6,16.129032258064516,3.225806451612903,12.903225806451612,83.87096774193549,74.19354838709677,9.67741935483871
E00043740,132,41,11,30,91,71,20,31.060606060606062,8.333333333333332,22.727272727272727,68.93939393939394,53.78787878787878,15.151515151515152
E00043741,153,42,14,28,111,101,10,27.450980392156865,9.15032679738562,18.30065359477124,72.54901960784314,66.01307189542483,6.535947712418301
E00043742,111,41,11,30,70,64,6,36.93693693693694,9.90990990990991,27.027027027027028,63.06306306306306,57.65765765765766,5.405405405405405
E00043743,123,32,8,24,91,73,18,26.01626016260163,6.504065040650407,19.51219512195122,73.98373983739837,59.34959349593496,14.634146341463413
E00043744,126,44,17,27,82,64,18,34.92063492063492,13.492063492063492,21.428571428571427,65.07936507936508,50.79365079365079,14.285714285714285
E00043745,108,39,14,25,69,55,14,36.11111111111111,12.962962962962962,23.14814814814815,63.888888888888886,50.92592592592593,12.962962962962962
E00043746,131,44,10,34,87,73,14,33.587786259541986,7.633587786259542,25.954198473282442,66.41221374045801,55.72519083969466,10.687022900763358
E00043747,139,51,21,30,88,59,29,36.69064748201439,15.107913669064748,21.58273381294964,63.30935251798561,42.44604316546763,20.863309352517987
E00043748,147,55,17,38,92,79,13,37.41496598639456,11.564625850340136,25.850340136054424,62.585034013605444,53.74149659863946,8.843537414965986
E00043749,116,31,8,23,85,81,4,26.72413793103448,6.896551724137931,19.82758620689655,73.27586206896551,69.82758620689656,3.4482758620689653
E00043750,118,29,19,10,89,65,24,24.576271186440678,16.101694915254235,8.47457627118644,75.42372881355932,55.08474576271186,20.33898305084746
E00043751,134,39,10,29,95,78,17,29.1044776119403,7.462686567164178,21.641791044776117,70.8955223880597,58.2089552238806,12.686567164179104
E00043752,169,45,14,31,124,95,29,26.627218934911244,8.284023668639055,18.34319526627219,73.37278106508876,56.213017751479285,17.159763313609467
E00043753,141,30,9,21,111,94,17,21.27659574468085,6.382978723404255,14.893617021276595,78.72340425531915,66.66666666666666,12.056737588652481
E00043754,166,48,15,33,118,90,28,28.915662650602407,9.036144578313253,19.879518072289155,71.08433734939759,54.21686746987952,16.867469879518072
E00043755,133,46,13,33,87,68,19,34.58646616541353,9.774436090225564,24.81203007518797,65.41353383458647,51.127819548872175,14.285714285714285
E00043756,162,57,16,41,105,82,23,35.18518518518518,9.876543209876543,25.308641975308642,64.81481481481481,50.617283950617285,14.19753086419753
E00043757,136,42,15,27,94,76,18,30.88235294117647,11.029411764705882,19.852941176470587,69.11764705882352,55.88235294117647,13.23529411764706
E00043758,91,28,11,17,63,53,10,30.76923076923077,12.087912087912088,18.681318681318682,69.23076923076923,58.24175824175825,10.989010989010989
E00043759,136,31,13,18,105,87,18,22.794117647058822,9.558823529411764,13.23529411764706,77.20588235294117,63.970588235294116,13.23529411764706
E00043760,177,47,15,32,130,108,22,26.55367231638418,8.47457627118644,18.07909604519774,73.44632768361582,61.016949152542374,12.429378531073446
E00043761,133,40,12,28,93,73,20,30.075187969924812,9.022556390977442,21.052631578947366,69.92481203007519,54.88721804511278,15.037593984962406
E00043762,148,41,10,31,107,95,12,27.7027027027027,6.756756756756757,20.945945945945947,72.2972972972973,64.1891891891892,8.108108108108109
E00043763,83,16,8,8,67,52,15,19.27710843373494,9.63855421686747,9.63855421686747,80.72289156626506,62.65060240963856,18.072289156626507
E00043764,166,49,19,30,117,96,21,29.518072289156628,11.44578313253012,18.072289156626507,70.48192771084338,57.831325301204814,12.650602409638553
E00043765,87,25,16,9,62,46,16,28.735632183908045,18.39080459770115,10.344827586206897,71.26436781609196,52.87356321839081,18.39080459770115
E00043766,153,33,11,22,120,102,18,21.568627450980394,7.18954248366013,14.37908496732026,78.43137254901961,66.66666666666666,11.76470588235294
E00043767,150,50,13,37,100,82,18,33.33333333333333,8.666666666666668,24.666666666666668,66.66666666666666,54.666666666666664,12
E00043768,168,47,14,33,121,95,26,27.976190476190478,8.333333333333332,19.642857142857142,72.02380952380952,56.547619047619044,15.476190476190476
E00043769,90,31,13,18,59,48,11,34.44444444444444,14.444444444444443,20,65.55555555555556,53.333333333333336,12.222222222222221
E00043770,131,37,8,29,94,76,18,28.24427480916031,6.106870229007633,22.137404580152673,71.7557251908397,58.01526717557252,13.740458015267176
E00043771,127,36,12,24,91,74,17,28.346456692913385,9.448818897637794,18.89763779527559,71.65354330708661,58.26771653543307,13.385826771653544
E00043772,108,37,10,27,71,63,8,34.25925925925926,9.25925925925926,25,65.74074074074075,58.333333333333336,7.4074074074074066
E00043773,40,15,1,14,25,21,4,37.5,2.5,35,62.5,52.5,10
E00043774,156,35,10,25,121,106,15,22.435897435897438,6.41025641025641,16.025641025641026,77.56410256410257,67.94871794871796,9.615384615384617
E00043776,173,50,16,34,123,103,20,28.901734104046245,9.248554913294797,19.653179190751445,71.09826589595376,59.53757225433526,11.560693641618498
E00043777,143,46,13,33,97,90,7,32.16783216783217,9.090909090909092,23.076923076923077,67.83216783216784,62.93706293706294,4.895104895104895
E00043779,124,37,17,20,87,67,20,29.838709677419356,13.709677419354838,16.129032258064516,70.16129032258065,54.03225806451613,16.129032258064516
E00043780,65,26,7,19,39,31,8,40,10.76923076923077,29.230769230769234,60,47.69230769230769,12.307692307692308
E00043781,112,27,10,17,85,74,11,24.107142857142858,8.928571428571429,15.178571428571427,75.89285714285714,66.07142857142857,9.821428571428571
E00043783,121,38,11,27,83,71,12,31.40495867768595,9.090909090909092,22.31404958677686,68.59504132231406,58.67768595041323,9.917355371900827
E00043784,96,35,7,28,61,52,9,36.45833333333333,7.291666666666667,29.166666666666668,63.541666666666664,54.166666666666664,9.375
E00043785,95,35,10,25,60,53,7,36.84210526315789,10.526315789473683,26.31578947368421,63.1578947368421,55.78947368421052,7.368421052631578
E00043786,95,28,7,21,67,53,14,29.47368421052631,7.368421052631578,22.105263157894736,70.52631578947368,55.78947368421052,14.736842105263156
E00043787,133,44,11,33,89,78,11,33.08270676691729,8.270676691729323,24.81203007518797,66.9172932330827,58.64661654135338,8.270676691729323
E00043788,144,40,12,28,104,83,21,27.77777777777778,8.333333333333332,19.444444444444446,72.22222222222221,57.638888888888886,14.583333333333334
E00043789,43,20,4,16,23,22,1,46.51162790697674,9.30232558139535,37.2093023255814,53.48837209302325,51.162790697674424,2.3255813953488373
E00043790,153,41,10,31,112,95,17,26.797385620915033,6.535947712418301,20.26143790849673,73.20261437908496,62.091503267973856,11.11111111111111
E00043791,91,36,12,24,55,53,2,39.56043956043956,13.186813186813188,26.373626373626376,60.43956043956044,58.24175824175825,2.197802197802198
E00043792,77,31,12,19,46,42,4,40.25974025974026,15.584415584415584,24.675324675324674,59.74025974025974,54.54545454545454,5.194805194805195
E00043793,60,19,3,16,41,39,2,31.666666666666664,5,26.666666666666668,68.33333333333333,65,3.3333333333333335
E00043794,56,17,0,17,39,36,3,30.357142857142854,0,30.357142857142854,69.64285714285714,64.28571428571429,5.357142857142857
E00043795,125,43,7,36,82,71,11,34.4,5.6000000000000005,28.799999999999997,65.60000000000001,56.8,8.799999999999999
E00043796,122,39,7,32,83,74,9,31.967213114754102,5.737704918032787,26.229508196721312,68.0327868852459,60.65573770491803,7.377049180327869
E00043797,110,27,6,21,83,73,10,24.545454545454547,5.454545454545454,19.090909090909093,75.45454545454545,66.36363636363637,9.090909090909092
E00043798,143,54,12,42,89,79,10,37.76223776223776,8.391608391608392,29.37062937062937,62.23776223776224,55.24475524475524,6.993006993006993
E00043799,108,36,8,28,72,59,13,33.33333333333333,7.4074074074074066,25.925925925925924,66.66666666666666,54.629629629629626,12.037037037037036
E00043800,101,28,6,22,73,68,5,27.722772277227726,5.9405940594059405,21.782178217821784,72.27722772277228,67.32673267326733,4.9504950495049505
E00043801,111,36,10,26,75,69,6,32.432432432432435,9.00900900900901,23.423423423423422,67.56756756756756,62.16216216216216,5.405405405405405
E00043802,101,29,10,19,72,65,7,28.71287128712871,9.900990099009901,18.81188118811881,71.28712871287128,64.35643564356435,6.9306930693069315
E00043803,111,39,7,32,72,67,5,35.13513513513514,6.306306306306306,28.82882882882883,64.86486486486487,60.36036036036037,4.504504504504505
E00043804,103,36,11,25,67,62,5,34.95145631067961,10.679611650485436,24.271844660194176,65.0485436893204,60.19417475728155,4.854368932038835
E00043805,110,29,9,20,81,74,7,26.36363636363636,8.181818181818182,18.181818181818183,73.63636363636363,67.27272727272727,6.363636363636363
E00043806,52,18,7,11,34,23,11,34.61538461538461,13.461538461538462,21.153846153846153,65.38461538461539,44.230769230769226,21.153846153846153
E00043807,95,40,14,26,55,50,5,42.10526315789473,14.736842105263156,27.368421052631582,57.89473684210527,52.63157894736842,5.263157894736842
E00043808,118,44,21,23,74,71,3,37.28813559322034,17.796610169491526,19.491525423728813,62.71186440677966,60.16949152542372,2.5423728813559325
E00043809,119,41,14,27,78,68,10,34.45378151260504,11.76470588235294,22.689075630252102,65.54621848739495,57.14285714285714,8.403361344537815
E00043810,84,21,5,16,63,56,7,25,5.952380952380952,19.047619047619047,75,66.66666666666666,8.333333333333332
E00043811,74,13,1,12,61,53,8,17.56756756756757,1.3513513513513513,16.216216216216218,82.43243243243244,71.62162162162163,10.81081081081081
E00043812,91,24,5,19,67,59,8,26.373626373626376,5.4945054945054945,20.87912087912088,73.62637362637363,64.83516483516483,8.791208791208792
E00043813,137,40,12,28,97,86,11,29.1970802919708,8.75912408759124,20.437956204379564,70.8029197080292,62.77372262773723,8.02919708029197
E00043814,88,23,9,14,65,63,2,26.136363636363637,10.227272727272728,15.909090909090908,73.86363636363636,71.5909090909091,2.272727272727273
E00043815,135,39,11,28,96,85,11,28.888888888888886,8.148148148148149,20.74074074074074,71.11111111111111,62.96296296296296,8.148148148148149
E00043816,106,30,8,22,76,71,5,28.30188679245283,7.547169811320755,20.754716981132077,71.69811320754717,66.98113207547169,4.716981132075472
E00043817,237,60,6,54,177,154,23,25.31645569620253,2.5316455696202533,22.78481012658228,74.68354430379746,64.9789029535865,9.70464135021097
E00043818,126,38,10,28,88,78,10,30.158730158730158,7.936507936507936,22.22222222222222,69.84126984126983,61.904761904761905,7.936507936507936
E00043819,205,50,12,38,155,143,12,24.390243902439025,5.853658536585367,18.536585365853657,75.60975609756098,69.7560975609756,5.853658536585367
E00043820,85,30,0,30,55,47,8,35.294117647058826,0,35.294117647058826,64.70588235294117,55.294117647058826,9.411764705882353
E00043821,134,36,5,31,98,92,6,26.865671641791046,3.731343283582089,23.134328358208954,73.13432835820896,68.65671641791045,4.477611940298507
E00043822,57,11,3,8,46,39,7,19.298245614035086,5.263157894736842,14.035087719298245,80.7017543859649,68.42105263157895,12.280701754385964
E00043823,126,41,9,32,85,78,7,32.53968253968254,7.142857142857142,25.396825396825395,67.46031746031747,61.904761904761905,5.555555555555555
E00043824,121,38,9,29,83,75,8,31.40495867768595,7.43801652892562,23.96694214876033,68.59504132231406,61.98347107438017,6.6115702479338845
E00043825,129,37,13,24,92,75,17,28.68217054263566,10.077519379844961,18.6046511627907,71.31782945736434,58.139534883720934,13.178294573643413
E00043826,104,39,16,23,65,64,1,37.5,15.384615384615385,22.115384615384613,62.5,61.53846153846154,0.9615384615384616
E00043827,98,42,11,31,56,47,9,42.857142857142854,11.224489795918368,31.63265306122449,57.14285714285714,47.95918367346938,9.183673469387756
E00043828,103,33,13,20,70,60,10,32.038834951456316,12.62135922330097,19.41747572815534,67.96116504854369,58.252427184466015,9.70873786407767
E00043829,109,30,8,22,79,60,19,27.522935779816514,7.339449541284404,20.18348623853211,72.47706422018348,55.04587155963303,17.431192660550458
E00043830,85,37,8,29,48,42,6,43.529411764705884,9.411764705882353,34.11764705882353,56.470588235294116,49.411764705882355,7.0588235294117645
E00043831,127,45,5,40,82,73,9,35.43307086614173,3.937007874015748,31.496062992125985,64.56692913385827,57.48031496062992,7.086614173228346
E00043832,102,34,9,25,68,54,14,33.33333333333333,8.823529411764707,24.509803921568626,66.66666666666666,52.94117647058824,13.725490196078432
E00043833,107,30,8,22,77,67,10,28.037383177570092,7.476635514018691,20.5607476635514,71.96261682242991,62.616822429906534,9.345794392523365
E00043834,76,28,7,21,48,42,6,36.84210526315789,9.210526315789473,27.631578947368425,63.1578947368421,55.26315789473685,7.894736842105263
E00043835,95,31,7,24,64,55,9,32.631578947368425,7.368421052631578,25.263157894736842,67.36842105263158,57.89473684210527,9.473684210526317
E00043836,109,32,5,27,77,65,12,29.357798165137616,4.587155963302752,24.770642201834864,70.64220183486239,59.63302752293578,11.009174311926607
E00043837,53,17,5,12,36,31,5,32.075471698113205,9.433962264150944,22.641509433962266,67.9245283018868,58.490566037735846,9.433962264150944
E00043838,147,49,14,35,98,89,9,33.33333333333333,9.523809523809524,23.809523809523807,66.66666666666666,60.544217687074834,6.122448979591836
E00043839,117,36,12,24,81,72,9,30.76923076923077,10.256410256410255,20.51282051282051,69.23076923076923,61.53846153846154,7.6923076923076925
E00043840,60,17,5,12,43,37,6,28.333333333333332,8.333333333333332,20,71.66666666666667,61.66666666666667,10
E00043841,113,31,5,26,82,75,7,27.43362831858407,4.424778761061947,23.008849557522122,72.56637168141593,66.3716814159292,6.1946902654867255
E00043842,27,5,2,3,22,20,2,18.51851851851852,7.4074074074074066,11.11111111111111,81.48148148148148,74.07407407407408,7.4074074074074066
E00043843,166,56,11,45,110,101,9,33.734939759036145,6.626506024096386,27.10843373493976,66.26506024096386,60.8433734939759,5.421686746987952
E00043844,94,30,11,19,64,57,7,31.914893617021278,11.702127659574469,20.212765957446805,68.08510638297872,60.63829787234043,7.446808510638298
E00043845,111,31,9,22,80,63,17,27.927927927927925,8.108108108108109,19.81981981981982,72.07207207207207,56.75675675675676,15.315315315315313
E00043846,122,48,22,26,74,59,15,39.34426229508197,18.0327868852459,21.311475409836063,60.65573770491803,48.36065573770492,12.295081967213115
E00043847,151,49,15,34,102,83,19,32.450331125827816,9.933774834437086,22.516556291390728,67.54966887417218,54.966887417218544,12.582781456953644
E00043848,125,39,10,29,86,68,18,31.2,8,23.200000000000003,68.8,54.400000000000006,14.399999999999999
E00043849,132,42,11,31,90,81,9,31.818181818181817,8.333333333333332,23.484848484848484,68.18181818181817,61.36363636363637,6.8181818181818175
E00043850,118,40,12,28,78,70,8,33.89830508474576,10.16949152542373,23.728813559322035,66.10169491525424,59.32203389830508,6.779661016949152
E00043851,116,40,16,24,76,65,11,34.48275862068966,13.793103448275861,20.689655172413794,65.51724137931035,56.03448275862068,9.482758620689655
E00043852,139,48,19,29,91,82,9,34.53237410071942,13.66906474820144,20.863309352517987,65.46762589928058,58.992805755395686,6.474820143884892
E00043853,76,22,7,15,54,44,10,28.947368421052634,9.210526315789473,19.736842105263158,71.05263157894737,57.89473684210527,13.157894736842104
E00043855,148,55,23,32,93,88,5,37.16216216216216,15.54054054054054,21.62162162162162,62.83783783783784,59.45945945945946,3.3783783783783785
E00043856,111,27,7,20,84,71,13,24.324324324324326,6.306306306306306,18.01801801801802,75.67567567567568,63.96396396396396,11.711711711711711
E00043857,91,28,7,21,63,58,5,30.76923076923077,7.6923076923076925,23.076923076923077,69.23076923076923,63.73626373626373,5.4945054945054945
E00043859,104,23,6,17,81,74,7,22.115384615384613,5.769230769230769,16.346153846153847,77.88461538461539,71.15384615384616,6.730769230769231
E00043862,144,36,9,27,108,99,9,25,6.25,18.75,75,68.75,6.25
E00043864,115,24,11,13,91,79,12,20.869565217391305,9.565217391304348,11.304347826086957,79.13043478260869,68.69565217391305,10.434782608695652
E00043866,73,20,3,17,53,50,3,27.397260273972602,4.10958904109589,23.28767123287671,72.6027397260274,68.4931506849315,4.10958904109589
E00043867,111,31,7,24,80,77,3,27.927927927927925,6.306306306306306,21.62162162162162,72.07207207207207,69.36936936936937,2.7027027027027026
E00043868,115,34,7,27,81,71,10,29.565217391304348,6.086956521739131,23.47826086956522,70.43478260869566,61.73913043478261,8.695652173913043
E00043869,136,30,11,19,106,99,7,22.058823529411764,8.088235294117647,13.970588235294118,77.94117647058823,72.79411764705883,5.147058823529411
E00043871,181,41,17,24,140,128,12,22.65193370165746,9.392265193370166,13.259668508287293,77.34806629834254,70.71823204419888,6.629834254143646
E00043872,187,42,6,36,145,125,20,22.459893048128343,3.2085561497326207,19.25133689839572,77.54010695187165,66.84491978609626,10.695187165775401
E00043873,125,25,10,15,100,90,10,20,8,12,80,72,8
E00043874,125,23,4,19,102,84,18,18.4,3.2,15.2,81.6,67.2,14.399999999999999
E00043875,78,24,3,21,54,48,6,30.76923076923077,3.8461538461538463,26.923076923076923,69.23076923076923,61.53846153846154,7.6923076923076925
E00043876,113,39,12,27,74,70,4,34.51327433628318,10.619469026548673,23.893805309734514,65.48672566371681,61.94690265486725,3.5398230088495577
E00043877,269,49,19,30,220,186,34,18.21561338289963,7.063197026022305,11.152416356877323,81.78438661710037,69.14498141263941,12.639405204460965
E00043878,113,39,9,30,74,62,12,34.51327433628318,7.964601769911504,26.548672566371685,65.48672566371681,54.86725663716814,10.619469026548673
E00043879,140,28,6,22,112,108,4,20,4.285714285714286,15.714285714285714,80,77.14285714285715,2.857142857142857
E00043880,92,31,5,26,61,51,10,33.69565217391305,5.434782608695652,28.26086956521739,66.30434782608695,55.434782608695656,10.869565217391305
E00043881,97,38,5,33,59,56,3,39.175257731958766,5.154639175257731,34.02061855670103,60.824742268041234,57.73195876288659,3.0927835051546393
E00043882,327,76,16,60,251,221,30,23.24159021406728,4.892966360856269,18.34862385321101,76.75840978593273,67.58409785932722,9.174311926605505
E00043883,164,44,17,27,120,105,15,26.82926829268293,10.365853658536585,16.463414634146343,73.17073170731707,64.02439024390245,9.146341463414634
E00043884,148,37,8,29,111,97,14,25,5.405405405405405,19.594594594594593,75,65.54054054054053,9.45945945945946
E00043886,75,22,3,19,53,47,6,29.333333333333332,4,25.333333333333336,70.66666666666667,62.66666666666667,8
E00043888,117,35,13,22,82,70,12,29.914529914529915,11.11111111111111,18.803418803418804,70.08547008547008,59.82905982905983,10.256410256410255
E00043889,95,31,7,24,64,54,10,32.631578947368425,7.368421052631578,25.263157894736842,67.36842105263158,56.84210526315789,10.526315789473683
E00043890,115,27,6,21,88,74,14,23.47826086956522,5.217391304347826,18.26086956521739,76.52173913043478,64.34782608695652,12.173913043478262
E00043891,117,35,9,26,82,73,9,29.914529914529915,7.6923076923076925,22.22222222222222,70.08547008547008,62.39316239316239,7.6923076923076925
E00043892,108,38,12,26,70,65,5,35.18518518518518,11.11111111111111,24.074074074074073,64.81481481481481,60.18518518518518,4.62962962962963
E00043893,115,31,7,24,84,78,6,26.956521739130434,6.086956521739131,20.869565217391305,73.04347826086956,67.82608695652173,5.217391304347826
E00043894,129,40,11,29,89,85,4,31.007751937984494,8.527131782945736,22.48062015503876,68.9922480620155,65.89147286821705,3.10077519379845
E00043895,114,46,13,33,68,52,16,40.35087719298245,11.403508771929824,28.947368421052634,59.64912280701754,45.614035087719294,14.035087719298245
E00043896,92,25,3,22,67,56,11,27.173913043478258,3.260869565217391,23.91304347826087,72.82608695652173,60.86956521739131,11.956521739130435
E00043897,95,28,8,20,67,59,8,29.47368421052631,8.421052631578947,21.052631578947366,70.52631578947368,62.10526315789474,8.421052631578947
E00043898,116,43,8,35,73,61,12,37.06896551724138,6.896551724137931,30.17241379310345,62.93103448275862,52.58620689655172,10.344827586206897
E00043899,94,20,5,15,74,69,5,21.27659574468085,5.319148936170213,15.957446808510639,78.72340425531915,73.40425531914893,5.319148936170213
E00043900,110,33,6,27,77,71,6,30,5.454545454545454,24.545454545454547,70,64.54545454545455,5.454545454545454
E00043901,124,43,11,32,81,68,13,34.67741935483871,8.870967741935484,25.806451612903224,65.32258064516128,54.83870967741935,10.483870967741936
E00043902,90,35,15,20,55,52,3,38.88888888888889,16.666666666666664,22.22222222222222,61.111111111111114,57.77777777777777,3.3333333333333335
E00043903,123,38,9,29,85,72,13,30.89430894308943,7.317073170731707,23.577235772357724,69.10569105691057,58.536585365853654,10.569105691056912
E00043904,167,52,17,35,115,104,11,31.137724550898206,10.179640718562874,20.958083832335326,68.8622754491018,62.27544910179641,6.58682634730539
E00043905,73,21,5,16,52,43,9,28.767123287671232,6.8493150684931505,21.91780821917808,71.23287671232876,58.9041095890411,12.32876712328767
E00043906,94,37,15,22,57,47,10,39.361702127659576,15.957446808510639,23.404255319148938,60.63829787234043,50,10.638297872340425
E00043907,70,20,7,13,50,40,10,28.57142857142857,10,18.571428571428573,71.42857142857143,57.14285714285714,14.285714285714285
E00043908,93,20,5,15,73,67,6,21.50537634408602,5.376344086021505,16.129032258064516,78.49462365591397,72.04301075268818,6.451612903225806
E00043909,134,39,14,25,95,78,17,29.1044776119403,10.44776119402985,18.65671641791045,70.8955223880597,58.2089552238806,12.686567164179104
E00043910,147,35,8,27,112,101,11,23.809523809523807,5.442176870748299,18.367346938775512,76.19047619047619,68.70748299319727,7.482993197278912
E00043911,125,38,14,24,87,77,10,30.4,11.200000000000001,19.2,69.6,61.6,8
E00043912,115,43,18,25,72,62,10,37.391304347826086,15.65217391304348,21.73913043478261,62.60869565217392,53.91304347826087,8.695652173913043
E00043913,60,20,3,17,40,35,5,33.33333333333333,5,28.333333333333332,66.66666666666666,58.333333333333336,8.333333333333332
E00043914,83,36,9,27,47,43,4,43.373493975903614,10.843373493975903,32.53012048192771,56.62650602409639,51.80722891566265,4.819277108433735
E00043915,123,42,11,31,81,72,9,34.146341463414636,8.94308943089431,25.203252032520325,65.85365853658537,58.536585365853654,7.317073170731707
E00043916,114,35,13,22,79,68,11,30.701754385964914,11.403508771929824,19.298245614035086,69.2982456140351,59.64912280701754,9.649122807017543
E00043917,105,58,16,42,47,40,7,55.23809523809524,15.238095238095239,40,44.761904761904766,38.095238095238095,6.666666666666667
E00043918,95,28,9,19,67,66,1,29.47368421052631,9.473684210526317,20,70.52631578947368,69.47368421052632,1.0526315789473684
E00043919,145,49,14,35,96,85,11,33.793103448275865,9.655172413793103,24.137931034482758,66.20689655172414,58.620689655172406,7.586206896551724
E00043920,88,44,12,32,44,39,5,50,13.636363636363635,36.36363636363637,50,44.31818181818182,5.681818181818182
E00043921,89,33,6,27,56,49,7,37.07865168539326,6.741573033707865,30.337078651685395,62.92134831460674,55.0561797752809,7.865168539325842
E00043922,151,44,19,25,107,87,20,29.13907284768212,12.582781456953644,16.55629139072848,70.86092715231787,57.615894039735096,13.245033112582782
E00043923,129,38,14,24,91,80,11,29.457364341085274,10.852713178294573,18.6046511627907,70.54263565891473,62.01550387596899,8.527131782945736
E00043924,96,35,9,26,61,54,7,36.45833333333333,9.375,27.083333333333332,63.541666666666664,56.25,7.291666666666667
E00043925,139,54,13,41,85,77,8,38.84892086330935,9.352517985611511,29.496402877697843,61.15107913669065,55.39568345323741,5.755395683453238
E00043926,122,23,4,19,99,91,8,18.852459016393443,3.278688524590164,15.573770491803279,81.14754098360656,74.59016393442623,6.557377049180328
E00043927,104,31,6,25,73,62,11,29.807692307692307,5.769230769230769,24.03846153846154,70.1923076923077,59.61538461538461,10.576923076923077
E00043928,158,40,8,32,118,108,10,25.31645569620253,5.063291139240507,20.253164556962027,74.68354430379746,68.35443037974683,6.329113924050633
E00043929,105,29,8,21,76,68,8,27.61904761904762,7.6190476190476195,20,72.38095238095238,64.76190476190476,7.6190476190476195
E00043930,94,27,9,18,67,58,9,28.723404255319153,9.574468085106384,19.148936170212767,71.27659574468085,61.702127659574465,9.574468085106384
E00043931,127,42,9,33,85,72,13,33.07086614173229,7.086614173228346,25.984251968503933,66.92913385826772,56.69291338582677,10.236220472440944
E00043932,118,34,13,21,84,72,12,28.8135593220339,11.016949152542372,17.796610169491526,71.1864406779661,61.016949152542374,10.16949152542373
E00043933,193,57,14,43,136,114,22,29.533678756476682,7.253886010362693,22.279792746113987,70.46632124352331,59.067357512953365,11.398963730569948
E00043934,125,40,13,27,85,80,5,32,10.4,21.6,68,64,4
E00043935,83,26,7,19,57,54,3,31.32530120481928,8.433734939759036,22.89156626506024,68.67469879518072,65.06024096385542,3.614457831325301
E00043936,111,44,12,32,67,60,7,39.63963963963964,10.81081081081081,28.82882882882883,60.36036036036037,54.054054054054056,6.306306306306306
E00043937,77,17,7,10,60,54,6,22.07792207792208,9.090909090909092,12.987012987012985,77.92207792207793,70.12987012987013,7.792207792207792
E00043938,129,47,11,36,82,76,6,36.434108527131784,8.527131782945736,27.906976744186046,63.565891472868216,58.91472868217055,4.651162790697675
E00043939,100,31,7,24,69,65,4,31,7.000000000000001,24,69,65,4
E00043940,115,27,4,23,88,79,9,23.47826086956522,3.4782608695652173,20,76.52173913043478,68.69565217391305,7.82608695652174
E00043941,106,32,6,26,74,65,9,30.18867924528302,5.660377358490567,24.528301886792452,69.81132075471697,61.32075471698113,8.49056603773585
E00043942,107,31,7,24,76,68,8,28.971962616822427,6.5420560747663545,22.429906542056074,71.02803738317756,63.55140186915887,7.476635514018691
E00043943,166,42,12,30,124,110,14,25.301204819277107,7.228915662650602,18.072289156626507,74.69879518072288,66.26506024096386,8.433734939759036
E00043945,146,46,10,36,100,85,15,31.506849315068493,6.8493150684931505,24.65753424657534,68.4931506849315,58.21917808219178,10.273972602739725
E00043946,93,25,4,21,68,60,8,26.881720430107524,4.301075268817205,22.58064516129032,73.11827956989248,64.51612903225806,8.60215053763441
E00043947,117,28,8,20,89,81,8,23.931623931623932,6.837606837606838,17.094017094017094,76.06837606837607,69.23076923076923,6.837606837606838
E00043948,79,15,2,13,64,49,15,18.9873417721519,2.5316455696202533,16.455696202531644,81.0126582278481,62.0253164556962,18.9873417721519
E00043949,102,31,11,20,71,62,9,30.392156862745097,10.784313725490197,19.607843137254903,69.6078431372549,60.78431372549019,8.823529411764707
E00043950,85,21,9,12,64,51,13,24.705882352941178,10.588235294117647,14.117647058823529,75.29411764705883,60,15.294117647058824
E00043951,121,40,6,34,81,74,7,33.057851239669425,4.958677685950414,28.09917355371901,66.94214876033058,61.15702479338842,5.785123966942149
E00043952,111,27,8,19,84,77,7,24.324324324324326,7.207207207207207,17.117117117117118,75.67567567567568,69.36936936936937,6.306306306306306
E00043953,108,33,4,29,75,67,8,30.555555555555557,3.7037037037037033,26.851851851851855,69.44444444444444,62.03703703703704,7.4074074074074066
E00043954,99,31,9,22,68,57,11,31.313131313131315,9.090909090909092,22.22222222222222,68.68686868686868,57.57575757575758,11.11111111111111
E00043955,155,40,11,29,115,92,23,25.806451612903224,7.096774193548387,18.70967741935484,74.19354838709677,59.354838709677416,14.838709677419354
E00043956,116,39,13,26,77,73,4,33.62068965517241,11.206896551724139,22.413793103448278,66.37931034482759,62.93103448275862,3.4482758620689653
E00043957,128,36,14,22,92,82,10,28.125,10.9375,17.1875,71.875,64.0625,7.8125
E00043958,159,35,7,28,124,114,10,22.0125786163522,4.40251572327044,17.61006289308176,77.9874213836478,71.69811320754717,6.289308176100629
E00043959,74,22,5,17,52,42,10,29.72972972972973,6.756756756756757,22.972972972972975,70.27027027027027,56.75675675675676,13.513513513513514
E00043960,148,36,10,26,112,97,15,24.324324324324326,6.756756756756757,17.56756756756757,75.67567567567568,65.54054054054053,10.135135135135135
E00043961,115,29,5,24,86,76,10,25.217391304347824,4.3478260869565215,20.869565217391305,74.78260869565217,66.08695652173913,8.695652173913043
E00043962,111,29,10,19,82,71,11,26.126126126126124,9.00900900900901,17.117117117117118,73.87387387387388,63.96396396396396,9.90990990990991
E00043963,123,34,4,30,89,78,11,27.64227642276423,3.2520325203252036,24.390243902439025,72.35772357723577,63.41463414634146,8.94308943089431
E00043964,109,37,11,26,72,67,5,33.94495412844037,10.091743119266056,23.853211009174313,66.05504587155964,61.46788990825688,4.587155963302752
E00043965,141,31,9,22,110,99,11,21.98581560283688,6.382978723404255,15.602836879432624,78.01418439716312,70.2127659574468,7.801418439716312
E00043966,131,40,7,33,91,80,11,30.53435114503817,5.343511450381679,25.190839694656486,69.46564885496184,61.06870229007634,8.396946564885496
E00043967,81,22,4,18,59,49,10,27.160493827160494,4.938271604938271,22.22222222222222,72.8395061728395,60.49382716049383,12.345679012345679
E00043968,136,46,10,36,90,78,12,33.82352941176471,7.352941176470589,26.47058823529412,66.17647058823529,57.35294117647059,8.823529411764707
E00043969,94,32,11,21,62,59,3,34.04255319148936,11.702127659574469,22.340425531914892,65.95744680851064,62.76595744680851,3.1914893617021276
E00043970,138,42,12,30,96,89,7,30.434782608695656,8.695652173913043,21.73913043478261,69.56521739130434,64.4927536231884,5.072463768115942
E00043971,106,25,4,21,81,66,15,23.58490566037736,3.7735849056603774,19.81132075471698,76.41509433962264,62.264150943396224,14.150943396226415
E00043972,127,37,8,29,90,76,14,29.133858267716533,6.299212598425196,22.83464566929134,70.86614173228347,59.84251968503938,11.023622047244094
E00043973,127,36,9,27,91,75,16,28.346456692913385,7.086614173228346,21.25984251968504,71.65354330708661,59.055118110236215,12.598425196850393
E00043974,123,43,11,32,80,70,10,34.959349593495936,8.94308943089431,26.01626016260163,65.04065040650406,56.91056910569105,8.130081300813007
E00043975,98,38,9,29,60,54,6,38.775510204081634,9.183673469387756,29.591836734693878,61.224489795918366,55.10204081632652,6.122448979591836
E00043976,117,30,6,24,87,76,11,25.64102564102564,5.128205128205128,20.51282051282051,74.35897435897436,64.95726495726495,9.401709401709402
E00043977,119,37,7,30,82,71,11,31.092436974789916,5.88235294117647,25.210084033613445,68.90756302521008,59.66386554621849,9.243697478991598
E00043978,68,23,9,14,45,39,6,33.82352941176471,13.23529411764706,20.588235294117645,66.17647058823529,57.35294117647059,8.823529411764707
E00043979,124,39,8,31,85,77,8,31.451612903225808,6.451612903225806,25,68.54838709677419,62.096774193548384,6.451612903225806
E00043980,109,35,8,27,74,63,11,32.11009174311927,7.339449541284404,24.770642201834864,67.88990825688074,57.798165137614674,10.091743119266056
E00043981,50,16,3,13,34,34,0,32,6,26,68,68,0
E00043982,114,26,7,19,88,79,9,22.807017543859647,6.140350877192982,16.666666666666664,77.19298245614034,69.2982456140351,7.894736842105263
E00043983,129,39,10,29,90,80,10,30.23255813953488,7.751937984496124,22.48062015503876,69.76744186046511,62.01550387596899,7.751937984496124
E00043984,114,43,10,33,71,63,8,37.719298245614034,8.771929824561402,28.947368421052634,62.28070175438597,55.26315789473685,7.017543859649122
E00043985,98,27,10,17,71,56,15,27.55102040816326,10.204081632653061,17.346938775510203,72.44897959183673,57.14285714285714,15.306122448979592
E00043986,44,16,7,9,28,23,5,36.36363636363637,15.909090909090908,20.454545454545457,63.63636363636363,52.27272727272727,11.363636363636363
E00043987,86,23,7,16,63,57,6,26.744186046511626,8.13953488372093,18.6046511627907,73.25581395348837,66.27906976744185,6.976744186046512
E00043988,90,44,11,33,46,39,7,48.888888888888886,12.222222222222221,36.666666666666664,51.11111111111111,43.333333333333336,7.777777777777778
E00043989,88,33,10,23,55,50,5,37.5,11.363636363636363,26.136363636363637,62.5,56.81818181818182,5.681818181818182
E00043990,82,23,7,16,59,49,10,28.04878048780488,8.536585365853659,19.51219512195122,71.95121951219512,59.756097560975604,12.195121951219512
E00043991,64,22,7,15,42,35,7,34.375,10.9375,23.4375,65.625,54.6875,10.9375
E00043992,92,22,16,6,70,60,10,23.91304347826087,17.391304347826086,6.521739130434782,76.08695652173914,65.21739130434783,10.869565217391305
E00043993,71,24,7,17,47,43,4,33.80281690140845,9.859154929577464,23.943661971830984,66.19718309859155,60.56338028169014,5.633802816901409
E00043995,117,33,12,21,84,69,15,28.205128205128204,10.256410256410255,17.94871794871795,71.7948717948718,58.97435897435898,12.82051282051282
E00043996,64,22,6,16,42,37,5,34.375,9.375,25,65.625,57.8125,7.8125
E00043997,75,28,10,18,47,41,6,37.333333333333336,13.333333333333334,24,62.66666666666667,54.666666666666664,8
E00043998,69,21,6,15,48,48,0,30.434782608695656,8.695652173913043,21.73913043478261,69.56521739130434,69.56521739130434,0
E00043999,84,20,8,12,64,53,11,23.809523809523807,9.523809523809524,14.285714285714285,76.19047619047619,63.095238095238095,13.095238095238097
E00044000,58,20,0,20,38,36,2,34.48275862068966,0,34.48275862068966,65.51724137931035,62.06896551724138,3.4482758620689653
E00044001,103,25,1,24,78,68,10,24.271844660194176,0.9708737864077669,23.300970873786408,75.72815533980582,66.01941747572816,9.70873786407767
E00044002,77,28,8,20,49,46,3,36.36363636363637,10.38961038961039,25.97402597402597,63.63636363636363,59.74025974025974,3.896103896103896
E00044003,124,26,3,23,98,88,10,20.967741935483872,2.4193548387096775,18.548387096774192,79.03225806451613,70.96774193548387,8.064516129032258
E00044004,58,19,4,15,39,33,6,32.758620689655174,6.896551724137931,25.862068965517242,67.24137931034483,56.896551724137936,10.344827586206897
E00044005,175,45,4,41,130,104,26,25.71428571428571,2.2857142857142856,23.42857142857143,74.28571428571429,59.42857142857143,14.857142857142858
E00044007,80,29,11,18,51,46,5,36.25,13.750000000000002,22.5,63.74999999999999,57.49999999999999,6.25
E00044008,81,37,10,27,44,42,2,45.67901234567901,12.345679012345679,33.33333333333333,54.32098765432099,51.85185185185185,2.4691358024691357
E00044009,45,18,8,10,27,23,4,40,17.77777777777778,22.22222222222222,60,51.11111111111111,8.88888888888889
E00044010,85,38,9,29,47,40,7,44.70588235294118,10.588235294117647,34.11764705882353,55.294117647058826,47.05882352941176,8.235294117647058
E00044011,134,46,15,31,88,81,7,34.32835820895522,11.194029850746269,23.134328358208954,65.67164179104478,60.447761194029844,5.223880597014925
E00044013,62,26,5,21,36,31,5,41.935483870967744,8.064516129032258,33.87096774193548,58.06451612903226,50,8.064516129032258
E00044014,68,21,5,16,47,40,7,30.88235294117647,7.352941176470589,23.52941176470588,69.11764705882352,58.82352941176471,10.294117647058822
E00044015,53,18,3,15,35,32,3,33.9622641509434,5.660377358490567,28.30188679245283,66.0377358490566,60.37735849056604,5.660377358490567
E00044016,162,39,6,33,123,109,14,24.074074074074073,3.7037037037037033,20.37037037037037,75.92592592592592,67.28395061728395,8.641975308641975
E00044017,135,36,16,20,99,90,9,26.666666666666668,11.851851851851853,14.814814814814813,73.33333333333333,66.66666666666666,6.666666666666667
E00044018,131,46,14,32,85,78,7,35.11450381679389,10.687022900763358,24.427480916030532,64.8854961832061,59.541984732824424,5.343511450381679
E00044019,77,26,7,19,51,38,13,33.76623376623377,9.090909090909092,24.675324675324674,66.23376623376623,49.35064935064935,16.883116883116884
E00044020,104,24,5,19,80,71,9,23.076923076923077,4.807692307692308,18.269230769230766,76.92307692307693,68.26923076923077,8.653846153846153
E00044021,121,41,13,28,80,71,9,33.88429752066116,10.743801652892563,23.140495867768596,66.11570247933885,58.67768595041323,7.43801652892562
E00044022,112,33,14,19,79,71,8,29.464285714285715,12.5,16.964285714285715,70.53571428571429,63.39285714285714,7.142857142857142
E00044023,72,30,8,22,42,37,5,41.66666666666667,11.11111111111111,30.555555555555557,58.333333333333336,51.388888888888886,6.944444444444445
E00044024,104,30,7,23,74,65,9,28.846153846153843,6.730769230769231,22.115384615384613,71.15384615384616,62.5,8.653846153846153
E00044025,107,34,12,22,73,62,11,31.775700934579437,11.214953271028037,20.5607476635514,68.22429906542055,57.943925233644855,10.2803738317757
E00044026,111,37,15,22,74,60,14,33.33333333333333,13.513513513513514,19.81981981981982,66.66666666666666,54.054054054054056,12.612612612612612
E00044027,81,32,8,24,49,48,1,39.50617283950617,9.876543209876543,29.629629629629626,60.49382716049383,59.25925925925925,1.2345679012345678
E00044028,95,37,5,32,58,56,2,38.94736842105263,5.263157894736842,33.68421052631579,61.05263157894737,58.94736842105262,2.1052631578947367
E00044029,99,36,13,23,63,58,5,36.36363636363637,13.131313131313133,23.232323232323232,63.63636363636363,58.58585858585859,5.05050505050505
E00044030,102,32,9,23,70,65,5,31.372549019607842,8.823529411764707,22.54901960784314,68.62745098039215,63.725490196078425,4.901960784313726
E00044031,35,14,6,8,21,18,3,40,17.142857142857142,22.857142857142858,60,51.42857142857142,8.571428571428571
E00044032,65,17,3,14,48,42,6,26.153846153846157,4.615384615384616,21.53846153846154,73.84615384615385,64.61538461538461,9.230769230769232
E00044033,67,18,11,7,49,48,1,26.865671641791046,16.417910447761194,10.44776119402985,73.13432835820896,71.64179104477611,1.4925373134328357
E00044034,81,21,8,13,60,46,14,25.925925925925924,9.876543209876543,16.049382716049383,74.07407407407408,56.79012345679012,17.28395061728395
E00044035,102,30,9,21,72,63,9,29.411764705882355,8.823529411764707,20.588235294117645,70.58823529411765,61.76470588235294,8.823529411764707
E00044036,126,31,9,22,95,92,3,24.6031746031746,7.142857142857142,17.46031746031746,75.39682539682539,73.01587301587301,2.380952380952381
E00044037,84,20,6,14,64,57,7,23.809523809523807,7.142857142857142,16.666666666666664,76.19047619047619,67.85714285714286,8.333333333333332
E00044038,118,29,7,22,89,81,8,24.576271186440678,5.932203389830509,18.64406779661017,75.42372881355932,68.64406779661016,6.779661016949152
E00044039,199,57,20,37,142,124,18,28.643216080402013,10.050251256281408,18.592964824120603,71.35678391959799,62.311557788944725,9.045226130653267
E00044040,122,34,8,26,88,76,12,27.86885245901639,6.557377049180328,21.311475409836063,72.1311475409836,62.295081967213115,9.836065573770492
E00044041,123,34,11,23,89,68,21,27.64227642276423,8.94308943089431,18.69918699186992,72.35772357723577,55.28455284552846,17.073170731707318
E00044042,118,30,12,18,88,79,9,25.423728813559322,10.16949152542373,15.254237288135593,74.57627118644068,66.94915254237289,7.627118644067797
E00044043,101,21,7,14,80,69,11,20.792079207920793,6.9306930693069315,13.861386138613863,79.20792079207921,68.31683168316832,10.891089108910892
E00044044,111,28,9,19,83,67,16,25.225225225225223,8.108108108108109,17.117117117117118,74.77477477477478,60.36036036036037,14.414414414414415
E00044045,113,30,12,18,83,67,16,26.548672566371685,10.619469026548673,15.929203539823009,73.45132743362832,59.29203539823009,14.15929203539823
E00044046,87,27,5,22,60,56,4,31.03448275862069,5.747126436781609,25.287356321839084,68.96551724137932,64.36781609195403,4.597701149425287
E00044047,109,32,9,23,77,68,9,29.357798165137616,8.256880733944955,21.100917431192663,70.64220183486239,62.38532110091744,8.256880733944955
E00044048,142,35,6,29,107,85,22,24.647887323943664,4.225352112676056,20.422535211267608,75.35211267605634,59.859154929577464,15.492957746478872
E00044049,88,29,5,24,59,53,6,32.95454545454545,5.681818181818182,27.27272727272727,67.04545454545455,60.22727272727273,6.8181818181818175
E00044050,140,34,9,25,106,94,12,24.285714285714285,6.428571428571428,17.857142857142858,75.71428571428571,67.14285714285714,8.571428571428571
E00044051,119,36,10,26,83,69,14,30.252100840336134,8.403361344537815,21.84873949579832,69.74789915966386,57.98319327731093,11.76470588235294
E00044052,118,34,10,24,84,76,8,28.8135593220339,8.47457627118644,20.33898305084746,71.1864406779661,64.40677966101694,6.779661016949152
E00044053,150,42,16,26,108,91,17,28.000000000000004,10.666666666666668,17.333333333333336,72,60.66666666666667,11.333333333333332
E00044054,89,18,4,14,71,58,13,20.224719101123593,4.49438202247191,15.730337078651685,79.7752808988764,65.1685393258427,14.606741573033707
E00044055,111,31,4,27,80,68,12,27.927927927927925,3.6036036036036037,24.324324324324326,72.07207207207207,61.261261261261254,10.81081081081081
E00044056,111,31,10,21,80,64,16,27.927927927927925,9.00900900900901,18.91891891891892,72.07207207207207,57.65765765765766,14.414414414414415
E00044057,145,47,17,30,98,87,11,32.41379310344827,11.724137931034482,20.689655172413794,67.58620689655173,60,7.586206896551724
E00044058,98,25,10,15,73,63,10,25.510204081632654,10.204081632653061,15.306122448979592,74.48979591836735,64.28571428571429,10.204081632653061
E00044059,109,29,9,20,80,75,5,26.605504587155966,8.256880733944955,18.34862385321101,73.39449541284404,68.80733944954129,4.587155963302752
E00044060,170,51,18,33,119,110,9,30,10.588235294117647,19.411764705882355,70,64.70588235294117,5.294117647058823
E00044061,118,38,11,27,80,73,7,32.20338983050847,9.322033898305085,22.88135593220339,67.79661016949152,61.86440677966102,5.932203389830509
E00044062,135,37,8,29,98,90,8,27.40740740740741,5.9259259259259265,21.48148148148148,72.5925925925926,66.66666666666666,5.9259259259259265
E00044063,160,44,18,26,116,96,20,27.500000000000004,11.25,16.25,72.5,60,12.5
E00044064,100,30,8,22,70,64,6,30,8,22,70,64,6
E00044065,108,27,5,22,81,75,6,25,4.62962962962963,20.37037037037037,75,69.44444444444444,5.555555555555555
E00044066,139,50,17,33,89,75,14,35.97122302158273,12.23021582733813,23.741007194244602,64.02877697841727,53.956834532374096,10.071942446043165
E00044067,88,15,0,15,73,67,6,17.045454545454543,0,17.045454545454543,82.95454545454545,76.13636363636364,6.8181818181818175
E00044068,83,20,7,13,63,57,6,24.096385542168676,8.433734939759036,15.66265060240964,75.90361445783132,68.67469879518072,7.228915662650602
E00044069,114,26,6,20,88,81,7,22.807017543859647,5.263157894736842,17.543859649122805,77.19298245614034,71.05263157894737,6.140350877192982
E00044070,155,41,12,29,114,94,20,26.451612903225808,7.741935483870968,18.70967741935484,73.54838709677419,60.64516129032258,12.903225806451612
E00044071,147,45,16,29,102,90,12,30.612244897959183,10.884353741496598,19.727891156462583,69.38775510204081,61.224489795918366,8.16326530612245
E00044072,95,27,12,15,68,60,8,28.421052631578945,12.631578947368421,15.789473684210526,71.57894736842105,63.1578947368421,8.421052631578947
E00044073,110,34,12,22,76,63,13,30.909090909090907,10.909090909090908,20,69.0909090909091,57.27272727272727,11.818181818181818
E00044074,134,47,14,33,87,72,15,35.07462686567165,10.44776119402985,24.62686567164179,64.92537313432835,53.73134328358209,11.194029850746269
E00044075,78,19,5,14,59,42,17,24.358974358974358,6.41025641025641,17.94871794871795,75.64102564102564,53.84615384615385,21.794871794871796
E00044076,87,21,5,16,66,63,3,24.137931034482758,5.747126436781609,18.39080459770115,75.86206896551724,72.41379310344827,3.4482758620689653
E00044077,128,38,7,31,90,76,14,29.6875,5.46875,24.21875,70.3125,59.375,10.9375
E00044078,119,30,7,23,89,71,18,25.210084033613445,5.88235294117647,19.327731092436977,74.78991596638656,59.66386554621849,15.126050420168067
E00044079,138,49,11,38,89,77,12,35.507246376811594,7.971014492753622,27.536231884057973,64.4927536231884,55.79710144927537,8.695652173913043
E00044080,110,26,7,19,84,71,13,23.636363636363637,6.363636363636363,17.272727272727273,76.36363636363637,64.54545454545455,11.818181818181818
E00044081,101,29,8,21,72,62,10,28.71287128712871,7.920792079207921,20.792079207920793,71.28712871287128,61.386138613861384,9.900990099009901
E00044082,73,11,1,10,62,47,15,15.068493150684931,1.36986301369863,13.698630136986301,84.93150684931507,64.38356164383562,20.54794520547945
E00044083,100,23,8,15,77,65,12,23,8,15,77,65,12
E00044084,83,26,10,16,57,53,4,31.32530120481928,12.048192771084338,19.27710843373494,68.67469879518072,63.85542168674698,4.819277108433735
E00044085,80,33,9,24,47,44,3,41.25,11.25,30,58.75,55.00000000000001,3.75
E00044086,98,35,8,27,63,59,4,35.714285714285715,8.16326530612245,27.55102040816326,64.28571428571429,60.204081632653065,4.081632653061225
E00044087,131,45,13,32,86,73,13,34.35114503816794,9.923664122137405,24.427480916030532,65.64885496183206,55.72519083969466,9.923664122137405
E00044088,90,19,5,14,71,67,4,21.11111111111111,5.555555555555555,15.555555555555555,78.88888888888889,74.44444444444444,4.444444444444445
E00044089,72,22,7,15,50,44,6,30.555555555555557,9.722222222222223,20.833333333333336,69.44444444444444,61.111111111111114,8.333333333333332
E00044090,79,25,7,18,54,49,5,31.645569620253166,8.860759493670885,22.78481012658228,68.35443037974683,62.0253164556962,6.329113924050633
E00044091,140,42,14,28,98,81,17,30,10,20,70,57.85714285714286,12.142857142857142
E00044092,178,57,14,43,121,100,21,32.02247191011236,7.865168539325842,24.15730337078652,67.97752808988764,56.17977528089888,11.797752808988763
E00044093,140,40,10,30,100,75,25,28.57142857142857,7.142857142857142,21.428571428571427,71.42857142857143,53.57142857142857,17.857142857142858
E00044094,127,37,18,19,90,79,11,29.133858267716533,14.173228346456693,14.960629921259844,70.86614173228347,62.20472440944882,8.661417322834646
E00044095,86,28,7,21,58,53,5,32.55813953488372,8.13953488372093,24.418604651162788,67.44186046511628,61.627906976744185,5.813953488372093
E00044096,77,26,13,13,51,34,17,33.76623376623377,16.883116883116884,16.883116883116884,66.23376623376623,44.15584415584416,22.07792207792208
E00044097,91,26,10,16,65,56,9,28.57142857142857,10.989010989010989,17.582417582417584,71.42857142857143,61.53846153846154,9.89010989010989
E00044098,119,32,8,24,87,72,15,26.89075630252101,6.722689075630252,20.168067226890756,73.10924369747899,60.50420168067227,12.605042016806722
E00044099,104,29,7,22,75,67,8,27.884615384615387,6.730769230769231,21.153846153846153,72.11538461538461,64.42307692307693,7.6923076923076925
E00044100,106,22,7,15,84,79,5,20.754716981132077,6.60377358490566,14.150943396226415,79.24528301886792,74.52830188679245,4.716981132075472
E00044101,129,42,8,34,87,74,13,32.55813953488372,6.2015503875969,26.356589147286826,67.44186046511628,57.36434108527132,10.077519379844961
E00044102,124,43,17,26,81,73,8,34.67741935483871,13.709677419354838,20.967741935483872,65.32258064516128,58.87096774193549,6.451612903225806
E00044103,61,15,3,12,46,41,5,24.59016393442623,4.918032786885246,19.672131147540984,75.40983606557377,67.21311475409836,8.19672131147541
E00044104,91,23,7,16,68,47,21,25.274725274725274,7.6923076923076925,17.582417582417584,74.72527472527473,51.64835164835166,23.076923076923077
E00044105,83,19,6,13,64,51,13,22.89156626506024,7.228915662650602,15.66265060240964,77.10843373493977,61.44578313253012,15.66265060240964
E00044106,121,44,9,35,77,58,19,36.36363636363637,7.43801652892562,28.92561983471074,63.63636363636363,47.93388429752066,15.702479338842975
E00044107,78,25,9,16,53,46,7,32.05128205128205,11.538461538461538,20.51282051282051,67.94871794871796,58.97435897435898,8.974358974358974
E00044109,98,30,8,22,68,61,7,30.612244897959183,8.16326530612245,22.448979591836736,69.38775510204081,62.244897959183675,7.142857142857142
E00044111,88,26,5,21,62,53,9,29.545454545454547,5.681818181818182,23.863636363636363,70.45454545454545,60.22727272727273,10.227272727272728
E00044112,112,34,16,18,78,65,13,30.357142857142854,14.285714285714285,16.071428571428573,69.64285714285714,58.03571428571429,11.607142857142858
E00044113,145,37,11,26,108,81,27,25.517241379310345,7.586206896551724,17.93103448275862,74.48275862068967,55.86206896551724,18.620689655172416
E00044114,123,38,10,28,85,72,13,30.89430894308943,8.130081300813007,22.76422764227642,69.10569105691057,58.536585365853654,10.569105691056912
E00044115,95,38,3,35,57,48,9,40,3.1578947368421053,36.84210526315789,60,50.526315789473685,9.473684210526317
E00044116,103,29,7,22,74,68,6,28.155339805825243,6.796116504854369,21.35922330097087,71.84466019417476,66.01941747572816,5.825242718446602
E00044117,153,44,12,32,109,98,11,28.75816993464052,7.8431372549019605,20.915032679738562,71.24183006535948,64.05228758169935,7.18954248366013
E00044118,108,32,8,24,76,67,9,29.629629629629626,7.4074074074074066,22.22222222222222,70.37037037037037,62.03703703703704,8.333333333333332
E00044119,97,19,4,15,78,64,14,19.587628865979383,4.123711340206185,15.463917525773196,80.41237113402062,65.97938144329896,14.432989690721648
E00044120,134,42,15,27,92,84,8,31.343283582089555,11.194029850746269,20.149253731343283,68.65671641791045,62.68656716417911,5.970149253731343
E00044121,105,24,2,22,81,73,8,22.857142857142858,1.9047619047619049,20.952380952380953,77.14285714285715,69.52380952380952,7.6190476190476195
E00044122,109,25,8,17,84,77,7,22.93577981651376,7.339449541284404,15.59633027522936,77.06422018348624,70.64220183486239,6.422018348623854
E00044123,134,44,16,28,90,82,8,32.83582089552239,11.940298507462686,20.8955223880597,67.16417910447761,61.19402985074627,5.970149253731343
E00044124,139,44,12,32,95,81,14,31.654676258992804,8.633093525179856,23.021582733812952,68.34532374100719,58.27338129496403,10.071942446043165
E00044125,124,36,10,26,88,72,16,29.03225806451613,8.064516129032258,20.967741935483872,70.96774193548387,58.06451612903226,12.903225806451612
E00044126,76,25,5,20,51,46,5,32.89473684210527,6.578947368421052,26.31578947368421,67.10526315789474,60.526315789473685,6.578947368421052
E00044127,161,50,13,37,111,95,16,31.05590062111801,8.074534161490684,22.981366459627328,68.94409937888199,59.006211180124225,9.937888198757763
E00044128,92,31,10,21,61,61,0,33.69565217391305,10.869565217391305,22.82608695652174,66.30434782608695,66.30434782608695,0
E00044129,68,29,11,18,39,35,4,42.64705882352941,16.176470588235293,26.47058823529412,57.35294117647059,51.470588235294116,5.88235294117647
E00044130,113,39,12,27,74,66,8,34.51327433628318,10.619469026548673,23.893805309734514,65.48672566371681,58.4070796460177,7.079646017699115
E00044131,117,42,10,32,75,66,9,35.8974358974359,8.547008547008547,27.350427350427353,64.1025641025641,56.41025641025641,7.6923076923076925
E00044132,101,36,3,33,65,59,6,35.64356435643564,2.9702970297029703,32.67326732673268,64.35643564356435,58.415841584158414,5.9405940594059405
E00044133,103,30,8,22,73,66,7,29.126213592233007,7.766990291262135,21.35922330097087,70.87378640776699,64.07766990291263,6.796116504854369
E00044134,75,27,5,22,48,42,6,36,6.666666666666667,29.333333333333332,64,56.00000000000001,8
E00044135,102,40,12,28,62,55,7,39.21568627450981,11.76470588235294,27.450980392156865,60.78431372549019,53.92156862745098,6.862745098039216
E00044136,95,33,10,23,62,58,4,34.73684210526316,10.526315789473683,24.210526315789473,65.26315789473685,61.05263157894737,4.2105263157894735
E00044137,123,41,12,29,82,74,8,33.33333333333333,9.75609756097561,23.577235772357724,66.66666666666666,60.16260162601627,6.504065040650407
E00044138,130,40,11,29,90,83,7,30.76923076923077,8.461538461538462,22.30769230769231,69.23076923076923,63.84615384615384,5.384615384615385
E00170186,96,36,8,28,60,58,2,37.5,8.333333333333332,29.166666666666668,62.5,60.416666666666664,2.083333333333333
E00170187,216,51,16,35,165,139,26,23.61111111111111,7.4074074074074066,16.203703703703702,76.38888888888889,64.35185185185185,12.037037037037036
E00170188,212,44,7,37,168,150,18,20.754716981132077,3.30188679245283,17.452830188679243,79.24528301886792,70.75471698113208,8.49056603773585
E00170189,286,57,9,48,229,197,32,19.93006993006993,3.146853146853147,16.783216783216783,80.06993006993007,68.88111888111888,11.188811188811188
E00170190,126,41,16,25,85,69,16,32.53968253968254,12.698412698412698,19.841269841269842,67.46031746031747,54.761904761904766,12.698412698412698
E00170191,167,43,15,28,124,101,23,25.748502994011975,8.982035928143713,16.766467065868262,74.25149700598801,60.47904191616767,13.77245508982036
E00170192,113,30,5,25,83,74,9,26.548672566371685,4.424778761061947,22.123893805309734,73.45132743362832,65.48672566371681,7.964601769911504
E00170193,197,44,12,32,153,137,16,22.33502538071066,6.091370558375635,16.243654822335024,77.66497461928934,69.54314720812182,8.121827411167512
E00170194,159,32,10,22,127,116,11,20.125786163522015,6.289308176100629,13.836477987421384,79.87421383647799,72.95597484276729,6.918238993710692
E00170195,138,33,10,23,105,86,19,23.91304347826087,7.246376811594203,16.666666666666664,76.08695652173914,62.31884057971014,13.768115942028986
E00170196,143,44,12,32,99,80,19,30.76923076923077,8.391608391608392,22.377622377622377,69.23076923076923,55.94405594405595,13.286713286713287
E00182862,20,11,4,7,9,8,1,55.00000000000001,20,35,45,40,5
E00182863,82,23,8,15,59,51,8,28.04878048780488,9.75609756097561,18.29268292682927,71.95121951219512,62.19512195121951,9.75609756097561
E00182864,147,41,8,33,106,87,19,27.89115646258503,5.442176870748299,22.448979591836736,72.10884353741497,59.183673469387756,12.925170068027212
E00182872,237,51,11,40,186,158,28,21.518987341772153,4.641350210970464,16.877637130801688,78.48101265822784,66.66666666666666,11.814345991561181
E00182876,140,23,5,18,117,101,16,16.428571428571427,3.571428571428571,12.857142857142856,83.57142857142857,72.14285714285714,11.428571428571429
E00182877,338,58,17,41,280,244,36,17.159763313609467,5.029585798816568,12.1301775147929,82.84023668639054,72.18934911242604,10.650887573964498
E00182882,188,55,9,46,133,120,13,29.25531914893617,4.787234042553192,24.46808510638298,70.74468085106383,63.829787234042556,6.914893617021277
E00182885,133,46,9,37,87,76,11,34.58646616541353,6.7669172932330826,27.819548872180448,65.41353383458647,57.14285714285714,8.270676691729323
E00182886,144,41,12,29,103,82,21,28.47222222222222,8.333333333333332,20.13888888888889,71.52777777777779,56.94444444444444,14.583333333333334
E00182887,148,50,15,35,98,87,11,33.78378378378378,10.135135135135135,23.64864864864865,66.21621621621621,58.78378378378378,7.4324324324324325
E00182889,273,37,8,29,236,213,23,13.553113553113553,2.93040293040293,10.622710622710622,86.44688644688645,78.02197802197803,8.424908424908425
E00182893,112,38,9,29,74,69,5,33.92857142857143,8.035714285714286,25.892857142857146,66.07142857142857,61.60714285714286,4.464285714285714
E00182895,224,33,9,24,191,167,24,14.732142857142858,4.017857142857143,10.714285714285714,85.26785714285714,74.55357142857143,10.714285714285714
E00182896,294,55,10,45,239,213,26,18.70748299319728,3.4013605442176873,15.306122448979592,81.29251700680273,72.44897959183673,8.843537414965986
E00182897,208,54,14,40,154,133,21,25.961538461538463,6.730769230769231,19.230769230769234,74.03846153846155,63.942307692307686,10.096153846153847
E00182898,276,62,14,48,214,195,19,22.463768115942027,5.072463768115942,17.391304347826086,77.53623188405797,70.65217391304348,6.884057971014493
E00182900,91,34,4,30,57,52,5,37.362637362637365,4.395604395604396,32.967032967032964,62.637362637362635,57.14285714285714,5.4945054945054945
E00182907,94,17,2,15,77,73,4,18.085106382978726,2.127659574468085,15.957446808510639,81.91489361702128,77.6595744680851,4.25531914893617
E00182911,36,18,8,10,18,16,2,50,22.22222222222222,27.77777777777778,50,44.44444444444444,5.555555555555555
E00182913,102,30,10,20,72,63,9,29.411764705882355,9.803921568627452,19.607843137254903,70.58823529411765,61.76470588235294,8.823529411764707
E00182914,387,72,9,63,315,259,56,18.6046511627907,2.3255813953488373,16.27906976744186,81.3953488372093,66.9250645994832,14.470284237726098
E00182915,240,41,7,34,199,181,18,17.083333333333332,2.9166666666666665,14.166666666666666,82.91666666666667,75.41666666666667,7.5
E00182916,150,25,2,23,125,106,19,16.666666666666664,1.3333333333333335,15.333333333333332,83.33333333333334,70.66666666666667,12.666666666666668
