OA,ts0380001,ts0380002,ts0380003,ts0380004,ts0380005,ts0380006,ts0380007,ts0380002_PCT,ts0380003_PCT,ts0380004_PCT,ts0380005_PCT,ts0380006_PCT,ts0380007_PCT
E00113608,326,30,7,23,296,25,271,9.202453987730062,2.147239263803681,7.05521472392638,90.79754601226993,7.668711656441718,83.12883435582822
E00113609,283,39,9,30,244,22,222,13.780918727915195,3.180212014134275,10.60070671378092,86.21908127208481,7.773851590106007,78.4452296819788
E00113610,302,39,11,28,263,29,234,12.91390728476821,3.642384105960265,9.271523178807946,87.08609271523179,9.602649006622517,77.48344370860927
E00113611,331,50,20,30,281,33,248,15.105740181268882,6.042296072507553,9.06344410876133,84.89425981873111,9.969788519637463,74.92447129909365
E00113612,335,61,18,43,274,27,247,18.208955223880597,5.3731343283582085,12.835820895522387,81.7910447761194,8.059701492537313,73.73134328358208
E00113613,301,58,19,39,243,24,219,19.269102990033225,6.312292358803987,12.956810631229235,80.73089700996677,7.973421926910299,72.75747508305648
E00113614,282,52,16,36,230,21,209,18.439716312056735,5.673758865248227,12.76595744680851,81.56028368794325,7.446808510638298,74.11347517730496
E00113615,279,38,16,22,241,17,224,13.620071684587815,5.734767025089606,7.885304659498208,86.37992831541219,6.093189964157706,80.28673835125448
E00113616,206,46,19,27,160,21,139,22.330097087378643,9.223300970873787,13.106796116504855,77.66990291262135,10.194174757281553,67.47572815533981
E00113617,295,45,16,29,250,21,229,15.254237288135593,5.423728813559322,9.830508474576272,84.7457627118644,7.118644067796611,77.62711864406779
E00113618,278,51,21,30,227,16,211,18.345323741007196,7.553956834532374,10.79136690647482,81.65467625899281,5.755395683453238,75.89928057553958
E00113620,533,71,23,48,462,40,422,13.320825515947469,4.315196998123827,9.00562851782364,86.67917448405254,7.5046904315197,79.17448405253283
E00113621,318,50,12,38,268,17,251,15.723270440251572,3.7735849056603774,11.949685534591195,84.27672955974843,5.345911949685535,78.9308176100629
E00113623,330,74,41,33,256,20,236,22.424242424242426,12.424242424242424,10,77.57575757575758,6.0606060606060606,71.51515151515152
E00113624,347,58,24,34,289,30,259,16.714697406340058,6.9164265129683,9.798270893371757,83.28530259365994,8.645533141210375,74.63976945244957
E00113625,333,94,49,45,239,22,217,28.22822822822823,14.714714714714713,13.513513513513514,71.77177177177178,6.606606606606606,65.16516516516516
E00113626,163,38,13,25,125,14,111,23.31288343558282,7.975460122699387,15.337423312883436,76.68711656441718,8.588957055214724,68.09815950920245
E00113627,215,28,10,18,187,23,164,13.023255813953488,4.651162790697675,8.372093023255815,86.9767441860465,10.69767441860465,76.27906976744187
E00113628,519,89,29,60,430,46,384,17.148362235067438,5.5876685934489405,11.560693641618498,82.85163776493256,8.863198458574182,73.98843930635837
E00113629,381,53,24,29,328,30,298,13.910761154855644,6.299212598425196,7.611548556430446,86.08923884514435,7.874015748031496,78.21522309711287
E00113630,390,69,23,46,321,29,292,17.692307692307693,5.897435897435897,11.794871794871794,82.3076923076923,7.435897435897436,74.87179487179488
E00113631,284,58,25,33,226,23,203,20.422535211267608,8.80281690140845,11.619718309859154,79.5774647887324,8.098591549295776,71.47887323943662
E00113632,391,68,25,43,323,26,297,17.391304347826086,6.3938618925831205,10.997442455242968,82.6086956521739,6.649616368286446,75.95907928388746
E00113633,272,38,10,28,234,31,203,13.970588235294118,3.6764705882352944,10.294117647058822,86.02941176470588,11.397058823529411,74.63235294117648
E00113634,316,47,12,35,269,24,245,14.873417721518987,3.79746835443038,11.075949367088606,85.12658227848101,7.59493670886076,77.53164556962025
E00113635,320,52,15,37,268,24,244,16.25,4.6875,11.5625,83.75,7.5,76.25
E00113636,249,42,14,28,207,28,179,16.867469879518072,5.622489959839357,11.244979919678714,83.13253012048193,11.244979919678714,71.8875502008032
E00113637,296,25,7,18,271,40,231,8.445945945945946,2.364864864864865,6.081081081081082,91.55405405405406,13.513513513513514,78.04054054054053
E00113638,316,47,21,26,269,22,247,14.873417721518987,6.6455696202531636,8.227848101265822,85.12658227848101,6.962025316455696,78.16455696202532
E00113639,458,78,19,59,380,31,349,17.03056768558952,4.148471615720524,12.882096069868995,82.96943231441048,6.768558951965066,76.2008733624454
E00113640,302,39,17,22,263,26,237,12.91390728476821,5.629139072847682,7.28476821192053,87.08609271523179,8.609271523178808,78.47682119205298
E00113641,450,101,59,42,349,31,318,22.444444444444443,13.111111111111112,9.333333333333334,77.55555555555556,6.888888888888889,70.66666666666667
E00113642,581,145,80,65,436,46,390,24.95697074010327,13.769363166953527,11.187607573149743,75.04302925989673,7.917383820998279,67.12564543889845
E00113643,427,77,21,56,350,31,319,18.0327868852459,4.918032786885246,13.114754098360656,81.9672131147541,7.259953161592506,74.7072599531616
E00113644,455,88,36,52,367,33,334,19.340659340659343,7.9120879120879115,11.428571428571429,80.65934065934066,7.252747252747254,73.4065934065934
E00113646,312,68,28,40,244,22,222,21.794871794871796,8.974358974358974,12.82051282051282,78.2051282051282,7.051282051282051,71.15384615384616
E00113647,358,75,24,51,283,22,261,20.949720670391063,6.70391061452514,14.24581005586592,79.05027932960894,6.145251396648044,72.90502793296089
E00113648,428,62,21,41,366,38,328,14.485981308411214,4.906542056074766,9.579439252336448,85.51401869158879,8.878504672897195,76.63551401869158
E00113649,300,47,10,37,253,26,227,15.666666666666668,3.3333333333333335,12.333333333333334,84.33333333333334,8.666666666666668,75.66666666666667
E00113650,219,66,30,36,153,22,131,30.136986301369863,13.698630136986301,16.43835616438356,69.86301369863014,10.045662100456621,59.817351598173516
E00113651,345,73,31,42,272,25,247,21.15942028985507,8.985507246376812,12.173913043478262,78.84057971014494,7.246376811594203,71.59420289855073
E00113652,334,83,47,36,251,33,218,24.850299401197603,14.071856287425149,10.778443113772456,75.1497005988024,9.880239520958083,65.26946107784431
E00113653,292,40,13,27,252,20,232,13.698630136986301,4.4520547945205475,9.246575342465754,86.3013698630137,6.8493150684931505,79.45205479452055
E00113654,333,42,15,27,291,22,269,12.612612612612612,4.504504504504505,8.108108108108109,87.38738738738738,6.606606606606606,80.78078078078079
E00113655,300,61,28,33,239,23,216,20.333333333333332,9.333333333333334,11,79.66666666666666,7.666666666666666,72
E00113656,206,36,21,15,170,13,157,17.475728155339805,10.194174757281553,7.281553398058252,82.52427184466019,6.310679611650485,76.2135922330097
E00113657,371,67,20,47,304,29,275,18.059299191374663,5.3908355795148255,12.668463611859837,81.94070080862534,7.816711590296496,74.12398921832884
E00113658,230,78,32,46,152,12,140,33.91304347826087,13.91304347826087,20,66.08695652173913,5.217391304347826,60.86956521739131
E00113659,216,34,12,22,182,19,163,15.74074074074074,5.555555555555555,10.185185185185185,84.25925925925925,8.796296296296296,75.46296296296296
E00113660,293,44,16,28,249,32,217,15.017064846416384,5.460750853242321,9.556313993174061,84.98293515358361,10.921501706484642,74.06143344709898
E00113661,272,41,19,22,231,25,206,15.073529411764705,6.985294117647059,8.088235294117647,84.92647058823529,9.191176470588236,75.73529411764706
E00113662,229,45,20,25,184,17,167,19.65065502183406,8.73362445414847,10.91703056768559,80.34934497816593,7.423580786026202,72.92576419213974
E00113663,277,49,15,34,228,29,199,17.689530685920577,5.415162454873646,12.274368231046932,82.31046931407943,10.469314079422382,71.84115523465704
E00113664,444,65,26,39,379,43,336,14.63963963963964,5.8558558558558556,8.783783783783784,85.36036036036036,9.684684684684685,75.67567567567568
E00113665,301,52,25,27,249,31,218,17.275747508305646,8.305647840531561,8.970099667774086,82.72425249169434,10.299003322259136,72.42524916943522
E00113666,288,54,18,36,234,33,201,18.75,6.25,12.5,81.25,11.458333333333332,69.79166666666666
E00113667,359,70,28,42,289,29,260,19.498607242339833,7.7994428969359335,11.699164345403899,80.50139275766016,8.07799442896936,72.42339832869081
E00113668,472,74,25,49,398,55,343,15.677966101694915,5.296610169491525,10.38135593220339,84.32203389830508,11.652542372881355,72.66949152542372
E00113669,351,66,16,50,285,25,260,18.803418803418804,4.5584045584045585,14.245014245014245,81.19658119658119,7.122507122507122,74.07407407407408
E00113670,308,49,6,43,259,36,223,15.909090909090908,1.948051948051948,13.96103896103896,84.0909090909091,11.688311688311687,72.40259740259741
E00113671,173,48,19,29,125,14,111,27.74566473988439,10.982658959537572,16.76300578034682,72.25433526011561,8.092485549132949,64.16184971098265
E00113672,302,56,15,41,246,31,215,18.543046357615893,4.966887417218543,13.57615894039735,81.45695364238411,10.264900662251655,71.19205298013244
E00113673,238,35,11,24,203,28,175,14.705882352941178,4.621848739495799,10.084033613445378,85.29411764705883,11.76470588235294,73.52941176470588
E00113674,336,49,15,34,287,30,257,14.583333333333334,4.464285714285714,10.119047619047619,85.41666666666666,8.928571428571429,76.48809523809523
E00113675,297,38,13,25,259,43,216,12.794612794612794,4.377104377104377,8.417508417508419,87.20538720538721,14.47811447811448,72.72727272727273
E00113676,262,91,55,36,171,21,150,34.73282442748092,20.99236641221374,13.740458015267176,65.2671755725191,8.015267175572518,57.25190839694656
E00113677,316,54,17,37,262,32,230,17.088607594936708,5.379746835443038,11.708860759493671,82.91139240506328,10.126582278481013,72.78481012658227
E00113678,281,59,25,34,222,20,202,20.99644128113879,8.896797153024911,12.099644128113878,79.00355871886121,7.11743772241993,71.88612099644128
E00113679,292,58,27,31,234,16,218,19.863013698630137,9.246575342465754,10.616438356164384,80.13698630136986,5.47945205479452,74.65753424657534
E00113680,356,73,32,41,283,25,258,20.50561797752809,8.98876404494382,11.51685393258427,79.49438202247191,7.02247191011236,72.47191011235955
E00113681,219,62,24,38,157,18,139,28.31050228310502,10.95890410958904,17.35159817351598,71.68949771689498,8.21917808219178,63.4703196347032
E00113682,239,55,31,24,184,16,168,23.01255230125523,12.97071129707113,10.0418410041841,76.98744769874477,6.694560669456067,70.29288702928869
E00113683,589,88,23,65,501,52,449,14.94057724957555,3.904923599320883,11.03565365025467,85.05942275042445,8.828522920203735,76.23089983022071
E00113684,233,51,17,34,182,16,166,21.888412017167383,7.296137339055794,14.592274678111588,78.11158798283262,6.866952789699571,71.24463519313305
E00113685,349,53,15,38,296,31,265,15.18624641833811,4.297994269340974,10.888252148997136,84.81375358166189,8.882521489971348,75.93123209169055
E00113687,231,39,14,25,192,19,173,16.883116883116884,6.0606060606060606,10.822510822510822,83.11688311688312,8.225108225108226,74.89177489177489
E00113688,369,82,25,57,287,25,262,22.22222222222222,6.775067750677506,15.447154471544716,77.77777777777779,6.775067750677506,71.00271002710026
E00113690,351,60,21,39,291,28,263,17.094017094017094,5.982905982905983,11.11111111111111,82.90598290598291,7.977207977207977,74.92877492877493
E00113691,351,67,22,45,284,25,259,19.08831908831909,6.267806267806268,12.82051282051282,80.91168091168092,7.122507122507122,73.78917378917379
E00113692,395,81,28,53,314,40,274,20.506329113924053,7.088607594936709,13.41772151898734,79.49367088607595,10.126582278481013,69.36708860759494
E00113693,343,40,13,27,303,21,282,11.661807580174926,3.7900874635568513,7.871720116618077,88.33819241982506,6.122448979591836,82.21574344023324
E00113694,252,34,19,15,218,15,203,13.492063492063492,7.5396825396825395,5.952380952380952,86.5079365079365,5.952380952380952,80.55555555555556
E00113695,357,33,9,24,324,36,288,9.243697478991598,2.5210084033613445,6.722689075630252,90.75630252100841,10.084033613445378,80.67226890756302
E00113696,304,39,13,26,265,26,239,12.828947368421053,4.276315789473684,8.552631578947368,87.17105263157895,8.552631578947368,78.61842105263158
E00113697,271,51,17,34,220,22,198,18.81918819188192,6.273062730627306,12.546125461254611,81.18081180811808,8.118081180811808,73.06273062730627
E00113698,349,48,7,41,301,42,259,13.753581661891118,2.005730659025788,11.74785100286533,86.24641833810888,12.034383954154727,74.21203438395415
E00113699,320,36,7,29,284,28,256,11.25,2.1875,9.0625,88.75,8.75,80
E00113700,250,29,5,24,221,29,192,11.600000000000001,2,9.6,88.4,11.600000000000001,76.8
E00113701,433,69,16,53,364,40,324,15.935334872979215,3.695150115473441,12.240184757505773,84.06466512702079,9.237875288683602,74.82678983833718
E00113702,217,26,8,18,191,20,171,11.981566820276496,3.686635944700461,8.294930875576037,88.0184331797235,9.216589861751153,78.80184331797236
E00113703,348,44,18,26,304,33,271,12.643678160919542,5.172413793103448,7.471264367816093,87.356321839080465,9.482758620689655,77.87356321839081
E00113704,340,38,12,26,302,30,272,11.176470588235295,3.5294117647058822,7.647058823529412,88.8235294117647,8.823529411764707,80
E00113705,216,49,19,30,167,22,145,22.685185185185187,8.796296296296296,13.88888888888889,77.31481481481481,10.185185185185185,67.12962962962963
E00113706,321,48,15,33,273,32,241,14.953271028037381,4.672897196261682,10.2803738317757,85.04672897196261,9.968847352024921,75.0778816199377
E00113707,263,42,17,25,221,17,204,15.96958174904943,6.4638783269961975,9.505703422053232,84.03041825095056,6.4638783269961975,77.56653992395437
E00113708,274,32,10,22,242,23,219,11.678832116788321,3.64963503649635,8.02919708029197,88.32116788321169,8.394160583941606,79.92700729927007
E00113709,245,44,18,26,201,19,182,17.959183673469386,7.346938775510205,10.612244897959183,82.0408163265306,7.755102040816326,74.28571428571429
E00113710,337,58,26,32,279,26,253,17.210682492581604,7.71513353115727,9.495548961424333,82.7893175074184,7.71513353115727,75.07418397626114
E00113711,155,36,16,20,119,11,108,23.225806451612904,10.32258064516129,12.903225806451612,76.77419354838709,7.096774193548387,69.6774193548387
E00113712,300,27,7,20,273,25,248,9,2.3333333333333335,6.666666666666667,91,8.333333333333332,82.66666666666667
E00113713,454,53,7,46,401,47,354,11.674008810572687,1.5418502202643172,10.13215859030837,88.32599118942731,10.352422907488986,77.97356828193833
E00113714,374,63,34,29,311,31,280,16.844919786096256,9.090909090909092,7.754010695187167,83.15508021390374,8.288770053475936,74.8663101604278
E00113715,461,72,19,53,389,36,353,15.61822125813449,4.121475054229935,11.496746203904555,84.3817787418655,7.809110629067245,76.57266811279827
E00113716,241,47,18,29,194,19,175,19.502074688796682,7.468879668049793,12.033195020746888,80.49792531120332,7.883817427385892,72.61410788381743
E00113717,274,36,12,24,238,18,220,13.138686131386862,4.37956204379562,8.75912408759124,86.86131386861314,6.569343065693431,80.2919708029197
E00113718,212,43,17,26,169,16,153,20.28301886792453,8.018867924528301,12.264150943396226,79.71698113207547,7.547169811320755,72.16981132075472
E00113719,264,31,10,21,233,23,210,11.742424242424242,3.787878787878788,7.954545454545454,88.25757575757575,8.712121212121213,79.54545454545455
E00113720,153,11,3,8,142,13,129,7.18954248366013,1.9607843137254901,5.228758169934641,92.81045751633987,8.49673202614379,84.31372549019608
E00113721,321,64,18,46,257,22,235,19.937694704049843,5.607476635514018,14.330218068535824,80.06230529595015,6.853582554517133,73.20872274143302
E00113722,308,53,21,32,255,54,201,17.20779220779221,6.8181818181818175,10.38961038961039,82.79220779220779,17.532467532467532,65.25974025974025
E00113723,423,63,18,45,360,54,306,14.893617021276595,4.25531914893617,10.638297872340425,85.1063829787234,12.76595744680851,72.3404255319149
E00113724,248,81,46,35,167,27,140,32.66129032258064,18.548387096774192,14.112903225806454,67.33870967741935,10.887096774193548,56.451612903225815
E00113725,387,65,26,39,322,24,298,16.795865633074936,6.718346253229974,10.077519379844961,83.20413436692506,6.2015503875969,77.00258397932816
E00113726,263,50,16,34,213,18,195,19.011406844106464,6.083650190114068,12.927756653992395,80.98859315589354,6.844106463878327,74.1444866920152
E00113727,500,83,33,50,417,49,368,16.6,6.6000000000000005,10,83.39999999999999,9.8,73.6
E00113728,251,45,18,27,206,31,175,17.928286852589643,7.171314741035857,10.756972111553784,82.07171314741036,12.350597609561753,69.7211155378486
E00113729,261,59,21,38,202,27,175,22.60536398467433,8.045977011494253,14.559386973180077,77.39463601532567,10.344827586206897,67.04980842911877
E00113730,286,52,26,26,234,28,206,18.181818181818183,9.090909090909092,9.090909090909092,81.81818181818183,9.79020979020979,72.02797202797203
E00113731,252,68,29,39,184,24,160,26.984126984126984,11.507936507936508,15.476190476190476,73.01587301587301,9.523809523809524,63.49206349206349
E00113732,323,68,23,45,255,19,236,21.052631578947366,7.120743034055728,13.93188854489164,78.94736842105263,5.88235294117647,73.06501547987617
E00113733,308,74,23,51,234,20,214,24.025974025974026,7.467532467532467,16.558441558441558,75.97402597402598,6.493506493506493,69.48051948051948
E00113734,365,69,26,43,296,19,277,18.904109589041095,7.123287671232877,11.78082191780822,81.0958904109589,5.205479452054795,75.89041095890411
E00113735,271,49,19,30,222,20,202,18.081180811808117,7.011070110701106,11.07011070110701,81.91881918819189,7.380073800738007,74.53874538745387
E00113737,321,59,23,36,262,26,236,18.38006230529595,7.165109034267912,11.214953271028037,81.61993769470405,8.09968847352025,73.5202492211838
E00113738,401,103,38,65,298,33,265,25.6857855361596,9.476309226932669,16.209476309226932,74.3142144638404,8.229426433915211,66.08478802992519
E00113740,523,80,42,38,443,52,391,15.296367112810708,8.030592734225621,7.265774378585086,84.7036328871893,9.94263862332696,74.76099426386233
E00113741,448,75,37,38,373,30,343,16.741071428571427,8.258928571428571,8.482142857142858,83.25892857142857,6.696428571428571,76.5625
E00113742,313,59,17,42,254,18,236,18.849840255591054,5.431309904153355,13.418530351437699,81.15015974440894,5.7507987220447285,75.39936102236422
E00113743,456,82,30,52,374,42,332,17.982456140350877,6.578947368421052,11.403508771929824,82.01754385964912,9.210526315789473,72.80701754385966
E00113745,513,87,40,47,426,42,384,16.95906432748538,7.797270955165692,9.161793372319687,83.04093567251462,8.187134502923977,74.85380116959064
E00113746,341,81,52,29,260,22,238,23.75366568914956,15.249266862170089,8.504398826979472,76.24633431085044,6.451612903225806,69.79472140762464
E00113747,306,48,17,31,258,22,236,15.686274509803921,5.555555555555555,10.130718954248366,84.31372549019608,7.18954248366013,77.12418300653596
E00113748,329,59,22,37,270,31,239,17.933130699088146,6.68693009118541,11.246200607902736,82.06686930091185,9.422492401215806,72.64437689969606
E00113749,193,47,19,28,146,15,131,24.352331606217618,9.844559585492227,14.507772020725387,75.64766839378238,7.772020725388601,67.87564766839378
E00113750,203,67,33,34,136,14,122,33.004926108374384,16.25615763546798,16.748768472906402,66.99507389162561,6.896551724137931,60.09852216748769
E00113751,212,59,22,37,153,25,128,27.830188679245282,10.377358490566039,17.452830188679243,72.16981132075472,11.79245283018868,60.37735849056604
E00113752,320,35,13,22,285,28,257,10.9375,4.0625,6.875000000000001,89.0625,8.75,80.3125
E00113753,284,51,17,34,233,20,213,17.95774647887324,5.985915492957746,11.971830985915492,82.04225352112677,7.042253521126761,75
E00113754,278,45,13,32,233,27,206,16.18705035971223,4.676258992805756,11.510791366906476,83.81294964028777,9.712230215827338,74.10071942446042
E00113755,213,20,8,12,193,16,177,9.389671361502346,3.755868544600939,5.633802816901409,90.61032863849765,7.511737089201878,83.09859154929578
E00113756,198,27,9,18,171,22,149,13.636363636363635,4.545454545454546,9.090909090909092,86.36363636363636,11.11111111111111,75.25252525252525
E00113757,184,29,10,19,155,12,143,15.760869565217392,5.434782608695652,10.326086956521738,84.23913043478261,6.521739130434782,77.71739130434783
E00113758,269,63,39,24,206,20,186,23.42007434944238,14.49814126394052,8.921933085501859,76.57992565055763,7.434944237918216,69.14498141263941
E00113759,263,52,16,36,211,21,190,19.771863117870723,6.083650190114068,13.688212927756654,80.22813688212928,7.984790874524715,72.24334600760456
E00113760,478,79,34,45,399,26,373,16.527196652719663,7.112970711297072,9.414225941422593,83.47280334728033,5.439330543933055,78.03347280334728
E00113762,307,58,24,34,249,21,228,18.892508143322477,7.81758957654723,11.074918566775244,81.10749185667753,6.840390879478828,74.2671009771987
E00113763,279,45,14,31,234,26,208,16.129032258064516,5.017921146953405,11.11111111111111,83.87096774193549,9.31899641577061,74.55197132616487
E00113764,152,26,9,17,126,11,115,17.105263157894736,5.921052631578947,11.18421052631579,82.89473684210526,7.236842105263158,75.6578947368421
E00113766,409,34,10,24,375,25,350,8.312958435207824,2.444987775061125,5.8679706601467,91.68704156479217,6.112469437652812,85.57457212713936
E00113767,394,34,7,27,360,34,326,8.629441624365482,1.7766497461928936,6.852791878172589,91.37055837563452,8.629441624365482,82.74111675126903
E00113768,191,27,10,17,164,13,151,14.136125654450263,5.2356020942408374,8.900523560209423,85.86387434554975,6.806282722513089,79.05759162303664
E00113769,174,27,15,12,147,12,135,15.517241379310345,8.620689655172415,6.896551724137931,84.48275862068965,6.896551724137931,77.58620689655173
E00113771,292,34,12,22,258,22,236,11.643835616438356,4.10958904109589,7.534246575342466,88.35616438356165,7.534246575342466,80.82191780821918
E00113772,310,47,11,36,263,22,241,15.161290322580644,3.5483870967741935,11.612903225806452,84.83870967741936,7.096774193548387,77.74193548387098
E00113773,347,34,11,23,313,40,273,9.798270893371757,3.170028818443804,6.628242074927954,90.20172910662824,11.527377521613833,78.6743515850144
E00113774,322,40,13,27,282,25,257,12.422360248447205,4.037267080745342,8.385093167701864,87.5776397515528,7.763975155279502,79.8136645962733
E00113775,305,51,11,40,254,29,225,16.721311475409838,3.606557377049181,13.114754098360656,83.27868852459017,9.508196721311474,73.77049180327869
E00113776,245,30,7,23,215,27,188,12.244897959183673,2.857142857142857,9.387755102040817,87.75510204081633,11.020408163265307,76.73469387755102
E00113777,154,13,3,10,141,10,131,8.441558441558442,1.948051948051948,6.493506493506493,91.55844155844156,6.493506493506493,85.06493506493507
E00113778,537,59,24,35,478,51,427,10.986964618249534,4.4692737430167595,6.517690875232775,89.01303538175046,9.497206703910614,79.51582867783985
E00113779,309,31,13,18,278,26,252,10.032362459546926,4.207119741100324,5.825242718446602,89.96763754045307,8.414239482200648,81.55339805825243
E00113780,472,107,53,54,365,42,323,22.66949152542373,11.228813559322035,11.440677966101696,77.33050847457628,8.898305084745763,68.4322033898305
E00113781,307,33,12,21,274,34,240,10.749185667752444,3.908794788273615,6.840390879478828,89.25081433224756,11.074918566775244,78.17589576547232
E00113782,306,67,22,45,239,32,207,21.895424836601308,7.18954248366013,14.705882352941178,78.10457516339869,10.457516339869281,67.64705882352942
E00113783,330,42,19,23,288,24,264,12.727272727272727,5.757575757575758,6.969696969696971,87.27272727272727,7.2727272727272725,80
E00113784,335,48,21,27,287,25,262,14.328358208955224,6.26865671641791,8.059701492537313,85.67164179104478,7.462686567164178,78.2089552238806
E00113785,313,52,13,39,261,24,237,16.61341853035144,4.15335463258786,12.460063897763577,83.38658146964856,7.667731629392971,75.71884984025559
E00113786,213,53,27,26,160,15,145,24.88262910798122,12.676056338028168,12.206572769953052,75.11737089201877,7.042253521126761,68.07511737089203
E00113787,389,82,39,43,307,36,271,21.079691516709513,10.025706940874036,11.053984575835475,78.9203084832905,9.254498714652955,69.66580976863753
E00113788,360,59,22,37,301,43,258,16.38888888888889,6.111111111111111,10.277777777777777,83.61111111111111,11.944444444444445,71.66666666666667
E00113789,251,53,26,27,198,17,181,21.115537848605577,10.358565737051793,10.756972111553784,78.88446215139442,6.772908366533864,72.11155378486056
E00113790,333,76,38,38,257,26,231,22.822822822822822,11.411411411411411,11.411411411411411,77.17717717717719,7.807807807807808,69.36936936936937
E00113791,316,84,48,36,232,32,200,26.582278481012654,15.18987341772152,11.39240506329114,73.41772151898735,10.126582278481013,63.29113924050633
E00113792,286,47,11,36,239,36,203,16.433566433566433,3.8461538461538463,12.587412587412588,83.56643356643356,12.587412587412588,70.97902097902097
E00113793,393,57,16,41,336,44,292,14.50381679389313,4.071246819338422,10.432569974554708,85.49618320610686,11.195928753180661,74.30025445292621
E00113794,441,42,12,30,399,30,369,9.523809523809524,2.7210884353741496,6.802721088435375,90.47619047619048,6.802721088435375,83.6734693877551
E00113795,273,51,13,38,222,15,207,18.681318681318682,4.761904761904762,13.91941391941392,81.31868131868131,5.4945054945054945,75.82417582417582
E00113796,216,39,16,23,177,9,168,18.055555555555554,7.4074074074074066,10.648148148148149,81.94444444444444,4.166666666666666,77.77777777777779
E00113797,355,42,5,37,313,36,277,11.830985915492958,1.4084507042253522,10.422535211267606,88.16901408450704,10.140845070422536,78.0281690140845
E00113798,441,90,31,59,351,36,315,20.408163265306122,7.029478458049887,13.378684807256235,79.59183673469387,8.16326530612245,71.42857142857143
E00113799,444,81,19,62,363,38,325,18.243243243243242,4.2792792792792795,13.963963963963963,81.75675675675676,8.558558558558559,73.1981981981982
E00113800,292,41,13,28,251,34,217,14.04109589041096,4.4520547945205475,9.58904109589041,85.95890410958904,11.643835616438356,74.31506849315068
E00113801,224,45,16,29,179,24,155,20.089285714285715,7.142857142857142,12.946428571428573,79.91071428571429,10.714285714285714,69.19642857142857
E00113802,280,52,5,47,228,36,192,18.571428571428573,1.7857142857142856,16.785714285714285,81.42857142857143,12.857142857142856,68.57142857142857
E00113803,254,52,22,30,202,16,186,20.47244094488189,8.661417322834646,11.811023622047244,79.52755905511812,6.299212598425196,73.22834645669292
E00113804,205,34,12,22,171,15,156,16.585365853658537,5.853658536585367,10.731707317073171,83.41463414634146,7.317073170731707,76.09756097560975
E00113805,310,65,24,41,245,27,218,20.967741935483872,7.741935483870968,13.225806451612904,79.03225806451613,8.709677419354838,70.3225806451613
E00113806,311,41,13,28,270,40,230,13.183279742765272,4.180064308681672,9.003215434083602,86.81672025723472,12.861736334405144,73.95498392282958
E00113807,294,56,23,33,238,27,211,19.047619047619047,7.8231292517006805,11.224489795918368,80.95238095238095,9.183673469387756,71.7687074829932
E00113808,467,95,39,56,372,31,341,20.342612419700217,8.35117773019272,11.991434689507495,79.65738758029978,6.638115631691649,73.01927194860814
E00113809,295,49,13,36,246,34,212,16.610169491525422,4.406779661016949,12.203389830508476,83.38983050847457,11.525423728813559,71.86440677966101
E00113810,303,46,18,28,257,24,233,15.181518151815181,5.9405940594059405,9.24092409240924,84.81848184818482,7.920792079207921,76.89768976897689
E00113811,283,99,40,59,184,15,169,34.98233215547703,14.13427561837456,20.848056537102476,65.01766784452296,5.30035335689046,59.717314487632514
E00113812,417,93,43,50,324,35,289,22.302158273381295,10.311750599520384,11.990407673860911,77.6978417266187,8.393285371702639,69.30455635491607
E00113813,277,43,12,31,234,25,209,15.523465703971121,4.332129963898916,11.191335740072201,84.47653429602889,9.025270758122744,75.45126353790613
E00113814,295,48,13,35,247,22,225,16.271186440677965,4.406779661016949,11.864406779661017,83.72881355932203,7.457627118644068,76.27118644067797
E00113815,288,55,16,39,233,33,200,19.09722222222222,5.555555555555555,13.541666666666666,80.90277777777779,11.458333333333332,69.44444444444444
E00113816,293,54,13,41,239,22,217,18.43003412969283,4.436860068259386,13.993174061433447,81.56996587030717,7.508532423208192,74.06143344709898
E00113817,292,41,16,25,251,32,219,14.04109589041096,5.47945205479452,8.561643835616438,85.95890410958904,10.95890410958904,75
E00113818,268,48,12,36,220,24,196,17.91044776119403,4.477611940298507,13.432835820895523,82.08955223880598,8.955223880597014,73.13432835820896
E00113819,499,60,14,46,439,37,402,12.024048096192384,2.80561122244489,9.218436873747494,87.97595190380761,7.414829659318638,80.56112224448898
E00113820,463,80,27,53,383,40,343,17.278617710583152,5.831533477321814,11.447084233261338,82.72138228941685,8.639308855291576,74.08207343412528
E00113821,272,35,13,22,237,22,215,12.867647058823529,4.779411764705882,8.088235294117647,87.13235294117648,8.088235294117647,79.04411764705883
E00113822,265,49,19,30,216,23,193,18.49056603773585,7.169811320754717,11.320754716981133,81.50943396226415,8.679245283018867,72.83018867924528
E00113823,412,49,10,39,363,38,325,11.893203883495145,2.4271844660194173,9.466019417475728,88.10679611650485,9.223300970873787,78.88349514563106
E00113824,320,43,9,34,277,31,246,13.4375,2.8125,10.625,86.5625,9.6875,76.875
E00113825,310,75,45,30,235,24,211,24.193548387096776,14.516129032258066,9.67741935483871,75.80645161290323,7.741935483870968,68.06451612903226
E00113826,338,55,24,31,283,21,262,16.272189349112427,7.100591715976331,9.171597633136095,83.72781065088756,6.21301775147929,77.51479289940828
E00113827,292,64,23,41,228,20,208,21.91780821917808,7.876712328767123,14.04109589041096,78.08219178082192,6.8493150684931505,71.23287671232876
E00113828,188,43,18,25,145,16,129,22.872340425531913,9.574468085106384,13.297872340425531,77.12765957446808,8.51063829787234,68.61702127659575
E00113829,209,39,13,26,170,19,151,18.660287081339714,6.220095693779904,12.440191387559809,81.3397129186603,9.090909090909092,72.24880382775119
E00113830,354,70,29,41,284,23,261,19.774011299435028,8.192090395480225,11.581920903954803,80.22598870056498,6.497175141242938,73.72881355932203
E00113831,255,37,9,28,218,20,198,14.50980392156863,3.5294117647058822,10.980392156862745,85.49019607843137,7.8431372549019605,77.64705882352942
E00113832,275,61,32,29,214,24,190,22.181818181818183,11.636363636363637,10.545454545454545,77.81818181818181,8.727272727272728,69.0909090909091
E00113833,263,44,18,26,219,24,195,16.730038022813687,6.844106463878327,9.885931558935361,83.26996197718631,9.125475285171103,74.1444866920152
E00113834,278,41,16,25,237,30,207,14.748201438848922,5.755395683453238,8.992805755395683,85.25179856115108,10.79136690647482,74.46043165467626
E00113835,293,47,15,32,246,22,224,16.040955631399317,5.1194539249146755,10.921501706484642,83.95904436860067,7.508532423208192,76.45051194539249
E00113836,276,49,11,38,227,25,202,17.753623188405797,3.985507246376811,13.768115942028986,82.2463768115942,9.057971014492754,73.18840579710145
E00113837,313,48,15,33,265,32,233,15.335463258785943,4.792332268370607,10.543130990415335,84.66453674121406,10.223642172523961,74.4408945686901
E00113838,321,52,11,41,269,25,244,16.1993769470405,3.4267912772585665,12.77258566978193,83.8006230529595,7.78816199376947,76.01246105919003
E00113839,315,49,10,39,266,18,248,15.555555555555555,3.1746031746031744,12.380952380952381,84.44444444444444,5.714285714285714,78.73015873015873
E00113840,293,43,9,34,250,27,223,14.675767918088736,3.0716723549488054,11.604095563139932,85.32423208191126,9.215017064846416,76.10921501706484
E00113841,325,60,12,48,265,18,247,18.461538461538463,3.6923076923076925,14.76923076923077,81.53846153846153,5.538461538461538,76
E00113842,323,43,6,37,280,28,252,13.312693498452013,1.8575851393188854,11.455108359133128,86.687306501548,8.6687306501548,78.0185758513932
E00113843,271,52,20,32,219,17,202,19.18819188191882,7.380073800738007,11.808118081180812,80.81180811808119,6.273062730627306,74.53874538745387
E00113844,271,44,21,23,227,15,212,16.236162361623617,7.7490774907749085,8.487084870848708,83.76383763837639,5.535055350553505,78.22878228782287
E00113845,299,40,11,29,259,17,242,13.377926421404682,3.678929765886288,9.698996655518394,86.62207357859532,5.68561872909699,80.93645484949833
E00113846,257,47,17,30,210,27,183,18.28793774319066,6.614785992217899,11.673151750972762,81.71206225680933,10.505836575875486,71.20622568093385
E00113847,311,43,15,28,268,40,228,13.826366559485532,4.823151125401929,9.003215434083602,86.17363344051448,12.861736334405144,73.31189710610933
E00113848,531,48,13,35,483,31,452,9.03954802259887,2.4482109227871938,6.591337099811676,90.96045197740112,5.83804143126177,85.12241054613936
E00113849,301,61,16,45,240,32,208,20.26578073089701,5.3156146179401995,14.950166112956811,79.734219269103,10.631229235880399,69.10299003322258
E00113850,394,66,25,41,328,34,294,16.751269035532996,6.345177664974619,10.406091370558377,83.24873096446701,8.629441624365482,74.61928934010153
E00113851,405,59,17,42,346,32,314,14.5679012345679,4.197530864197531,10.37037037037037,85.4320987654321,7.901234567901234,77.53086419753087
E00113852,360,52,22,30,308,13,295,14.444444444444443,6.111111111111111,8.333333333333332,85.55555555555556,3.6111111111111107,81.94444444444444
E00113853,398,63,16,47,335,32,303,15.829145728643216,4.0201005025125625,11.809045226130653,84.17085427135679,8.040201005025125,76.13065326633166
E00113854,349,43,13,30,306,19,287,12.320916905444127,3.7249283667621778,8.595988538681947,87.67908309455588,5.444126074498568,82.23495702005731
E00113855,166,34,10,24,132,14,118,20.481927710843372,6.024096385542169,14.457831325301203,79.51807228915662,8.433734939759036,71.08433734939759
E00113856,357,68,29,39,289,37,252,19.047619047619047,8.123249299719888,10.92436974789916,80.95238095238095,10.364145658263306,70.58823529411765
E00113857,464,86,39,47,378,39,339,18.53448275862069,8.405172413793103,10.129310344827585,81.46551724137932,8.405172413793103,73.0603448275862
E00113858,356,71,34,37,285,22,263,19.9438202247191,9.550561797752808,10.393258426966293,80.0561797752809,6.179775280898876,73.87640449438202
E00113859,341,67,25,42,274,24,250,19.64809384164223,7.331378299120235,12.316715542521994,80.35190615835776,7.038123167155426,73.31378299120234
E00113860,594,66,19,47,528,51,477,11.11111111111111,3.1986531986531985,7.912457912457913,88.88888888888889,8.585858585858585,80.3030303030303
E00113861,281,46,14,32,235,25,210,16.370106761565836,4.98220640569395,11.387900355871885,83.62989323843416,8.896797153024911,74.73309608540926
E00113862,313,49,16,33,264,19,245,15.654952076677317,5.111821086261981,10.543130990415335,84.34504792332268,6.070287539936102,78.27476038338658
E00113863,345,88,26,62,257,28,229,25.507246376811594,7.536231884057972,17.971014492753625,74.4927536231884,8.115942028985506,66.3768115942029
E00113864,257,51,19,32,206,31,175,19.844357976653697,7.392996108949417,12.45136186770428,80.1556420233463,12.062256809338521,68.09338521400778
E00113865,362,77,30,47,285,17,268,21.2707182320442,8.287292817679557,12.98342541436464,78.72928176795581,4.696132596685083,74.03314917127072
E00113866,237,64,35,29,173,22,151,27.004219409282697,14.767932489451477,12.236286919831224,72.9957805907173,9.282700421940929,63.71308016877637
E00113867,352,65,20,45,287,23,264,18.46590909090909,5.681818181818182,12.784090909090908,81.5340909090909,6.534090909090909,75
E00113868,374,47,17,30,327,31,296,12.566844919786096,4.545454545454546,8.0213903743315509,87.43315508021391,8.288770053475936,79.14438502673798
E00113869,308,52,25,27,256,28,228,16.883116883116884,8.116883116883116,8.766233766233766,83.11688311688312,9.090909090909092,74.02597402597402
E00113870,216,70,37,33,146,18,128,32.407407407407405,17.12962962962963,15.277777777777779,67.5925925925926,8.333333333333332,59.25925925925925
E00113871,201,48,25,23,153,10,143,23.88059701492537,12.437810945273633,11.442786069651742,76.11940298507463,4.975124378109453,71.14427860696517
E00113872,262,51,18,33,211,22,189,19.46564885496183,6.870229007633588,12.595419847328243,80.53435114503816,8.396946564885496,72.13740458015268
E00113873,300,46,15,31,254,25,229,15.333333333333332,5,10.333333333333334,84.66666666666667,8.333333333333332,76.33333333333333
E00113874,457,79,32,47,378,32,346,17.286652078774615,7.00218818380744,10.284463894967178,82.71334792122538,7.00218818380744,75.71115973741794
E00113875,398,63,33,30,335,24,311,15.829145728643216,8.291457286432161,7.537688442211055,84.17085427135679,6.030150753768844,78.14070351758794
E00113876,316,61,21,40,255,15,240,19.303797468354432,6.6455696202531636,12.658227848101266,80.69620253164557,4.746835443037975,75.9493670886076
E00113877,286,47,18,29,239,22,217,16.433566433566433,6.293706293706294,10.13986013986014,83.56643356643356,7.6923076923076925,75.87412587412588
E00113878,224,45,13,32,179,18,161,20.089285714285715,5.803571428571429,14.285714285714285,79.91071428571429,8.035714285714286,71.875
E00113879,342,66,31,35,276,15,261,19.298245614035086,9.064327485380117,10.23391812865497,80.7017543859649,4.385964912280701,76.31578947368422
E00113880,279,71,33,38,208,13,195,25.448028673835125,11.827956989247312,13.620071684587815,74.55197132616487,4.659498207885305,69.89247311827957
E00113881,543,71,16,55,472,45,427,13.075506445672191,2.9465930018416207,10.128913443830571,86.92449355432781,8.287292817679557,78.63720073664825
E00113882,243,60,27,33,183,14,169,24.691358024691358,11.11111111111111,13.580246913580247,75.30864197530865,5.761316872427984,69.54732510288066
E00113883,181,44,23,21,137,14,123,24.30939226519337,12.70718232044199,11.602209944751381,75.69060773480662,7.734806629834254,67.95580110497238
E00113884,266,37,13,24,229,16,213,13.909774436090224,4.887218045112782,9.022556390977442,86.09022556390977,6.015037593984962,80.07518796992481
E00113885,357,109,56,53,248,15,233,30.532212885154063,15.686274509803921,14.84593837535014,69.46778711484593,4.201680672268908,65.26610644257703
E00113886,313,66,28,38,247,21,226,21.08626198083067,8.945686900958465,12.140575079872203,78.91373801916933,6.7092651757188495,72.20447284345049
E00113888,341,63,22,41,278,29,249,18.475073313782993,6.451612903225806,12.023460410557185,81.52492668621701,8.504398826979472,73.02052785923753
E00113889,461,78,26,52,383,37,346,16.919739696312362,5.639913232104121,11.279826464208242,83.08026030368764,8.026030368763557,75.05422993492408
E00113890,289,49,17,32,240,18,222,16.955017301038062,5.88235294117647,11.072664359861593,83.04498269896193,6.228373702422145,76.8166089965398
E00113891,454,59,24,35,395,36,359,12.995594713656388,5.286343612334802,7.709251101321586,87.00440528634361,7.929515418502203,79.07488986784142
E00113892,157,17,7,10,140,15,125,10.828025477707007,4.45859872611465,6.369426751592357,89.171974522293,9.554140127388536,79.61783439490446
E00113893,356,46,12,34,310,24,286,12.921348314606742,3.3707865168539324,9.550561797752808,87.07865168539325,6.741573033707865,80.33707865168539
E00113894,296,48,15,33,248,32,216,16.216216216216218,5.0675675675675675,11.14864864864865,83.78378378378379,10.81081081081081,72.97297297297297
E00113895,338,55,23,32,283,25,258,16.272189349112427,6.8047337278106506,9.467455621301776,83.72781065088756,7.396449704142012,76.33136094674556
E00113896,303,37,9,28,266,28,238,12.211221122112212,2.9702970297029703,9.24092409240924,87.78877887788778,9.24092409240924,78.54785478547855
E00113897,345,73,36,37,272,25,247,21.15942028985507,10.434782608695652,10.72463768115942,78.84057971014494,7.246376811594203,71.59420289855073
E00113898,300,42,13,29,258,33,225,14.000000000000002,4.333333333333334,9.666666666666666,86,11,75
E00113899,324,47,18,29,277,38,239,14.506172839506174,5.555555555555555,8.950617283950617,85.49382716049382,11.728395061728394,73.76543209876543
E00113900,280,71,32,39,209,22,187,25.357142857142854,11.428571428571429,13.928571428571429,74.64285714285714,7.857142857142857,66.78571428571428
E00113901,289,42,18,24,247,32,215,14.53287197231834,6.228373702422145,8.304498269896193,85.46712802768167,11.072664359861593,74.39446366782006
E00113902,368,67,29,38,301,23,278,18.206521739130434,7.880434782608696,10.326086956521738,81.79347826086956,6.25,75.54347826086956
E00113904,319,66,26,40,253,30,223,20.689655172413794,8.150470219435736,12.539184952978054,79.3103448275862,9.404388714733543,69.90595611285266
E00113905,243,64,31,33,179,9,170,26.337448559670783,12.757201646090536,13.580246913580247,73.66255144032921,3.7037037037037033,69.95884773662551
E00113906,370,40,11,29,330,36,294,10.81081081081081,2.9729729729729732,7.837837837837839,89.1891891891892,9.72972972972973,79.45945945945945
E00113907,390,52,19,33,338,54,284,13.333333333333334,4.871794871794872,8.461538461538462,86.66666666666667,13.846153846153847,72.82051282051282
E00113908,268,41,14,27,227,14,213,15.298507462686567,5.223880597014925,10.074626865671641,84.70149253731343,5.223880597014925,79.47761194029852
E00113909,371,40,6,34,331,27,304,10.781671159029651,1.6172506738544474,9.164420485175203,89.21832884097036,7.277628032345014,81.94070080862534
E00113910,304,62,30,32,242,32,210,20.394736842105264,9.868421052631579,10.526315789473683,79.60526315789474,10.526315789473683,69.07894736842105
E00113911,314,36,13,23,278,25,253,11.464968152866243,4.140127388535031,7.32484076433121,88.53503184713377,7.961783439490445,80.57324840764332
E00113912,298,47,19,28,251,29,222,15.771812080536913,6.375838926174497,9.395973154362416,84.22818791946308,9.731543624161073,74.49664429530202
E00113913,289,70,26,44,219,22,197,24.22145328719723,8.996539792387544,15.22491349480969,75.77854671280276,7.612456747404845,68.16608996539793
E00113914,236,44,11,33,192,20,172,18.64406779661017,4.661016949152542,13.983050847457626,81.35593220338984,8.47457627118644,72.88135593220339
E00113915,305,47,19,28,258,34,224,15.40983606557377,6.229508196721312,9.180327868852459,84.59016393442623,11.147540983606557,73.44262295081967
E00113916,304,56,19,37,248,21,227,18.421052631578945,6.25,12.171052631578947,81.57894736842105,6.907894736842106,74.67105263157895
E00113917,324,58,22,36,266,28,238,17.901234567901234,6.790123456790123,11.11111111111111,82.09876543209876,8.641975308641975,73.4567901234568
E00113918,290,47,19,28,243,32,211,16.206896551724135,6.551724137931035,9.655172413793103,83.79310344827586,11.03448275862069,72.75862068965517
E00113919,428,75,28,47,353,30,323,17.523364485981308,6.5420560747663545,10.981308411214954,82.4766355140187,7.009345794392523,75.46728971962617
E00113920,264,38,11,27,226,25,201,14.393939393939394,4.166666666666666,10.227272727272728,85.60606060606061,9.469696969696969,76.13636363636364
E00113921,346,54,16,38,292,39,253,15.606936416184972,4.624277456647398,10.982658959537572,84.39306358381504,11.271676300578035,73.121387283237
E00113922,307,55,22,33,252,31,221,17.91530944625407,7.166123778501629,10.749185667752444,82.08469055374593,10.097719869706841,71.9869706840391
E00113923,332,67,22,45,265,33,232,20.180722891566266,6.626506024096386,13.55421686746988,79.81927710843374,9.939759036144578,69.87951807228916
E00113924,310,65,25,40,245,34,211,20.967741935483872,8.064516129032258,12.903225806451612,79.03225806451613,10.967741935483872,68.06451612903226
E00113925,218,77,46,31,141,9,132,35.321100917431195,21.100917431192663,14.220183486238533,64.6788990825688,4.128440366972478,60.550458715596335
E00113926,294,52,17,35,242,27,215,17.687074829931973,5.782312925170068,11.904761904761903,82.31292517006803,9.183673469387756,73.12925170068027
E00113927,364,50,26,24,314,20,294,13.736263736263737,7.142857142857142,6.593406593406594,86.26373626373626,5.4945054945054945,80.76923076923077
E00113928,209,29,13,16,180,10,170,13.875598086124402,6.220095693779904,7.655502392344498,86.1244019138756,4.784688995215311,81.3397129186603
E00113929,299,59,27,32,240,25,215,19.732441471571907,9.03010033444816,10.702341137123746,80.2675585284281,8.361204013377927,71.90635451505017
E00113930,295,47,11,36,248,32,216,15.932203389830507,3.728813559322034,12.203389830508476,84.06779661016948,10.847457627118644,73.22033898305085
E00113932,265,39,10,29,226,26,200,14.716981132075471,3.7735849056603774,10.943396226415095,85.28301886792453,9.811320754716983,75.47169811320755
E00113933,340,58,22,36,282,25,257,17.058823529411764,6.470588235294119,10.588235294117647,82.94117647058825,7.352941176470589,75.58823529411765
E00113934,414,57,15,42,357,46,311,13.768115942028986,3.6231884057971016,10.144927536231885,86.23188405797102,11.11111111111111,75.1207729468599
E00113935,329,49,27,22,280,29,251,14.893617021276595,8.206686930091186,6.68693009118541,85.1063829787234,8.814589665653495,76.29179331306992
E00113936,538,61,22,39,477,46,431,11.338289962825279,4.089219330855019,7.24907063197026,88.66171003717473,8.550185873605948,80.11152416356877
E00113937,265,31,7,24,234,19,215,11.69811320754717,2.6415094339622645,9.056603773584905,88.30188679245283,7.169811320754717,81.13207547169812
E00113938,359,72,40,32,287,32,255,20.055710306406684,11.142061281337048,8.913649025069638,79.94428969359332,8.913649025069638,71.03064066852369
E00113939,125,29,6,23,96,9,87,23.200000000000003,4.8,18.4,76.8,7.199999999999999,69.6
E00113940,321,65,21,44,256,25,231,20.24922118380062,6.5420560747663545,13.707165109034266,79.75077881619937,7.78816199376947,71.96261682242991
E00113941,306,47,24,23,259,23,236,15.359477124183007,7.8431372549019605,7.516339869281046,84.640522875817,7.516339869281046,77.12418300653596
E00113942,524,90,25,65,434,49,385,17.17557251908397,4.770992366412214,12.404580152671755,82.82442748091603,9.351145038167939,73.47328244274809
E00113943,433,61,15,46,372,32,340,14.087759815242496,3.4642032332563506,10.623556581986143,85.91224018475751,7.390300230946882,78.52193995381063
E00113944,352,64,23,41,288,37,251,18.181818181818183,6.534090909090909,11.647727272727272,81.81818181818183,10.511363636363637,71.30681818181817
E00113945,287,71,35,36,216,27,189,24.738675958188153,12.195121951219512,12.543554006968641,75.26132404181185,9.40766550522648,65.85365853658537
E00113946,245,72,30,42,173,23,150,29.38775510204082,12.244897959183673,17.142857142857142,70.61224489795919,9.387755102040817,61.224489795918366
E00113947,398,61,17,44,337,43,294,15.326633165829145,4.271356783919598,11.055276381909549,84.67336683417085,10.804020100502512,73.86934673366834
E00113948,442,55,10,45,387,50,337,12.44343891402715,2.262443438914027,10.180995475113122,87.55656108597285,11.312217194570136,76.2443438914027
E00113949,268,43,22,21,225,21,204,16.044776119402986,8.208955223880597,7.835820895522389,83.95522388059702,7.835820895522389,76.11940298507463
E00113950,310,44,11,33,266,29,237,14.193548387096774,3.5483870967741935,10.64516129032258,85.80645161290322,9.35483870967742,76.45161290322581
E00113951,286,25,10,15,261,28,233,8.741258741258742,3.4965034965034967,5.244755244755245,91.25874125874127,9.79020979020979,81.46853146853147
E00113952,316,53,18,35,263,21,242,16.77215189873418,5.69620253164557,11.075949367088606,83.22784810126582,6.6455696202531636,76.58227848101265
E00113953,317,53,11,42,264,34,230,16.7192429022082,3.4700315457413247,13.249211356466878,83.2807570977918,10.725552050473187,72.55520504731862
E00113954,301,64,17,47,237,32,205,21.262458471760798,5.647840531561462,15.614617940199334,78.7375415282392,10.631229235880399,68.10631229235881
E00113955,404,80,47,33,324,33,291,19.801980198019802,11.633663366336634,8.16831683168317,80.19801980198021,8.16831683168317,72.02970297029702
E00113956,259,29,7,22,230,19,211,11.196911196911197,2.7027027027027026,8.494208494208493,88.8030888030888,7.335907335907336,81.46718146718148
E00113957,153,57,25,32,96,17,79,37.254901960784316,16.33986928104575,20.915032679738562,62.745098039215684,11.11111111111111,51.633986928104584
E00113958,288,47,15,32,241,22,219,16.319444444444446,5.208333333333334,11.11111111111111,83.68055555555556,7.638888888888889,76.04166666666666
E00113959,239,34,9,25,205,23,182,14.225941422594143,3.765690376569038,10.460251046025103,85.77405857740585,9.623430962343097,76.15062761506276
E00113960,307,59,25,34,248,28,220,19.218241042345277,8.143322475570033,11.074918566775244,80.78175895765473,9.120521172638437,71.66123778501628
E00113961,306,56,20,36,250,23,227,18.30065359477124,6.535947712418301,11.76470588235294,81.69934640522875,7.516339869281046,74.18300653594771
E00113962,304,46,10,36,258,29,229,15.131578947368421,3.289473684210526,11.842105263157894,84.86842105263158,9.539473684210527,75.32894736842105
E00113963,304,52,8,44,252,24,228,17.105263157894736,2.631578947368421,14.473684210526317,82.89473684210526,7.894736842105263,75
E00113964,365,53,18,35,312,20,292,14.520547945205479,4.931506849315069,9.58904109589041,85.47945205479452,5.47945205479452,80
E00113965,321,35,12,23,286,25,261,10.903426791277258,3.7383177570093453,7.165109034267912,89.09657320872275,7.78816199376947,81.30841121495327
E00113966,270,47,20,27,223,17,206,17.40740740740741,7.4074074074074066,10,82.5925925925926,6.296296296296296,76.29629629629629
E00113967,313,62,23,39,251,30,221,19.808306709265175,7.348242811501597,12.460063897763577,80.19169329073482,9.584664536741213,70.6070287539936
E00168980,317,45,18,27,272,27,245,14.195583596214512,5.678233438485805,8.517350157728707,85.8044164037855,8.517350157728707,77.28706624605678
E00168981,268,47,9,38,221,33,188,17.537313432835823,3.3582089552238807,14.17910447761194,82.46268656716418,12.313432835820896,70.1492537313433
E00168982,525,60,21,39,465,34,431,11.428571428571429,4,7.428571428571429,88.57142857142857,6.476190476190475,82.0952380952381
E00168983,369,52,14,38,317,12,305,14.092140921409213,3.7940379403794036,10.29810298102981,85.90785907859079,3.2520325203252036,82.65582655826557
E00168985,230,46,16,30,184,22,162,20,6.956521739130435,13.043478260869565,80,9.565217391304348,70.43478260869566
E00168986,344,54,26,28,290,40,250,15.69767441860465,7.55813953488372,8.13953488372093,84.30232558139535,11.627906976744185,72.67441860465115
E00186331,310,66,23,43,244,30,214,21.29032258064516,7.419354838709677,13.870967741935484,78.70967741935485,9.67741935483871,69.03225806451613
E00186338,232,17,1,16,215,17,198,7.327586206896551,0.43103448275862066,6.896551724137931,92.67241379310344,7.327586206896551,85.34482758620689
E00186341,474,89,27,62,385,41,344,18.776371308016877,5.69620253164557,13.080168776371309,81.22362869198312,8.649789029535865,72.57383966244726
E00186345,244,26,5,21,218,16,202,10.655737704918032,2.0491803278688523,8.60655737704918,89.34426229508196,6.557377049180328,82.78688524590164
E00186349,539,61,16,45,478,46,432,11.317254174397032,2.9684601113172544,8.348794063079778,88.68274582560296,8.534322820037106,80.14842300556586
E00186358,300,45,10,35,255,30,225,15,3.3333333333333335,11.666666666666666,85,10,75
E00186364,304,36,7,29,268,20,248,11.842105263157894,2.302631578947368,9.539473684210527,88.1578947368421,6.578947368421052,81.57894736842105
E00186370,460,72,31,41,388,31,357,15.65217391304348,6.739130434782608,8.91304347826087,84.34782608695653,6.739130434782608,77.6086956521739
E00186375,390,39,10,29,351,28,323,10,2.564102564102564,7.435897435897436,90,7.179487179487179,82.82051282051283
E00186377,143,19,10,9,124,10,114,13.286713286713287,6.993006993006993,6.293706293706294,86.7132867132867,6.993006993006993,79.72027972027972
E00186380,142,36,13,23,106,21,85,25.352112676056336,9.15492957746479,16.19718309859155,74.64788732394366,14.788732394366196,59.859154929577464
E00186389,179,39,18,21,140,17,123,21.787709497206702,10.05586592178771,11.731843575418994,78.2122905027933,9.497206703910614,68.71508379888269
E00186392,336,34,11,23,302,35,267,10.119047619047619,3.273809523809524,6.845238095238096,89.88095238095238,10.416666666666668,79.46428571428571
E00186396,329,111,74,37,218,30,188,33.73860182370821,22.492401215805472,11.246200607902736,66.26139817629179,9.118541033434651,57.14285714285714
E00186404,381,51,11,40,330,23,307,13.385826771653544,2.8871391076115485,10.498687664041995,86.61417322834646,6.036745406824147,80.5774278215223
E00186405,161,15,1,14,146,22,124,9.316770186335404,0.6211180124223602,8.695652173913043,90.6832298136646,13.664596273291925,77.01863354037268
E00186417,353,45,15,30,308,22,286,12.747875354107649,4.2492917847025495,8.498583569405099,87.25212464589235,6.232294617563739,81.01983002832861
E00186418,273,16,6,10,257,20,237,5.86080586080586,2.197802197802198,3.6630036630036633,94.13919413919413,7.326007326007327,86.81318681318682
E00186435,283,41,11,30,242,20,222,14.487632508833922,3.8869257950530036,10.60070671378092,85.51236749116607,7.06713780918728,78.4452296819788
E00186445,378,31,8,23,347,25,322,8.201058201058201,2.1164021164021163,6.084656084656085,91.7989417989418,6.613756613756613,85.18518518518519
E00186450,401,59,28,31,342,21,321,14.713216957605985,6.982543640897755,7.73067331670823,85.286783042394,5.236907730673317,80.0498753117207
E00186456,235,46,19,27,189,28,161,19.574468085106382,8.085106382978724,11.48936170212766,80.42553191489363,11.914893617021278,68.51063829787233
E00186461,106,10,4,6,96,6,90,9.433962264150944,3.7735849056603774,5.660377358490567,90.56603773584906,5.660377358490567,84.90566037735849
E00186466,352,40,13,27,312,28,284,11.363636363636363,3.6931818181818183,7.670454545454546,88.63636363636364,7.954545454545454,80.68181818181817
E00186467,145,19,7,12,126,9,117,13.10344827586207,4.827586206896552,8.275862068965518,86.89655172413792,6.206896551724138,80.6896551724138
E00186491,621,69,19,50,552,34,518,11.11111111111111,3.059581320450886,8.051529790660226,88.88888888888889,5.475040257648954,83.41384863123994
E00186494,218,49,23,26,169,17,152,22.477064220183486,10.550458715596331,11.926605504587156,77.52293577981652,7.79816513761468,69.72477064220183
E00186497,410,38,8,30,372,28,344,9.268292682926829,1.951219512195122,7.317073170731707,90.73170731707317,6.829268292682928,83.90243902439025
E00186503,506,59,16,43,447,48,399,11.6600790513834,3.1620553359683794,8.49802371541502,88.3399209486166,9.486166007905137,78.85375494071147
