OA,ts0590001,ts0590002,ts0590003,ts0590004,ts0590005,ts0590006,ts0590007,ts0590002_PCT,ts0590003_PCT,ts0590004_PCT,ts0590005_PCT,ts0590006_PCT,ts0590007_PCT
E00019077,155,48,12,36,107,76,31,30.967741935483872,7.741935483870968,23.225806451612904,69.03225806451613,49.03225806451613,20
E00019078,228,42,20,22,186,128,58,18.421052631578945,8.771929824561402,9.649122807017543,81.57894736842105,56.14035087719298,25.438596491228072
E00019079,154,41,24,17,113,72,41,26.623376623376622,15.584415584415584,11.03896103896104,73.37662337662337,46.75324675324675,26.623376623376622
E00019080,89,30,17,13,59,41,18,33.70786516853933,19.101123595505616,14.606741573033707,66.29213483146067,46.06741573033708,20.224719101123593
E00019081,110,27,10,17,83,54,29,24.545454545454547,9.090909090909092,15.454545454545453,75.45454545454545,49.09090909090909,26.36363636363636
E00019082,146,52,18,34,94,77,17,35.61643835616438,12.32876712328767,23.28767123287671,64.38356164383562,52.73972602739726,11.643835616438356
E00019083,147,39,16,23,108,69,39,26.53061224489796,10.884353741496598,15.646258503401361,73.46938775510205,46.93877551020408,26.53061224489796
E00019084,126,40,28,12,86,49,37,31.746031746031743,22.22222222222222,9.523809523809524,68.25396825396825,38.88888888888889,29.365079365079367
E00019085,126,43,13,30,83,61,22,34.12698412698413,10.317460317460316,23.809523809523807,65.87301587301587,48.41269841269841,17.46031746031746
E00019086,175,55,21,34,120,103,17,31.428571428571427,12,19.428571428571427,68.57142857142857,58.857142857142854,9.714285714285714
E00019087,179,46,21,25,133,92,41,25.69832402234637,11.731843575418994,13.966480446927374,74.30167597765363,51.39664804469274,22.905027932960895
E00019088,131,40,12,28,91,75,16,30.53435114503817,9.16030534351145,21.374045801526716,69.46564885496184,57.25190839694656,12.213740458015266
E00019089,121,38,17,21,83,58,25,31.40495867768595,14.049586776859504,17.355371900826448,68.59504132231406,47.93388429752066,20.66115702479339
E00019090,120,44,12,32,76,56,20,36.666666666666664,10,26.666666666666668,63.33333333333333,46.666666666666664,16.666666666666664
E00019091,94,17,5,12,77,52,25,18.085106382978726,5.319148936170213,12.76595744680851,81.91489361702128,55.319148936170215,26.595744680851062
E00019092,132,28,11,17,104,80,24,21.21212121212121,8.333333333333332,12.878787878787879,78.78787878787878,60.60606060606061,18.181818181818183
E00019093,51,13,6,7,38,28,10,25.49019607843137,11.76470588235294,13.725490196078432,74.50980392156863,54.90196078431373,19.607843137254903
E00019094,126,34,22,12,92,48,44,26.984126984126984,17.46031746031746,9.523809523809524,73.01587301587301,38.095238095238095,34.92063492063492
E00019095,126,37,15,22,89,63,26,29.365079365079367,11.904761904761903,17.46031746031746,70.63492063492063,50,20.634920634920633
E00019096,164,51,16,35,113,59,54,31.097560975609756,9.75609756097561,21.341463414634145,68.90243902439023,35.97560975609756,32.926829268292686
E00019097,152,50,31,19,102,44,58,32.89473684210527,20.394736842105264,12.5,67.10526315789474,28.947368421052634,38.15789473684211
E00019098,160,45,26,19,115,71,44,28.125,16.25,11.875,71.875,44.375,27.500000000000004
E00019099,114,33,21,12,81,52,29,28.947368421052634,18.421052631578945,10.526315789473683,71.05263157894737,45.614035087719294,25.438596491228072
E00019100,152,48,20,28,104,51,53,31.57894736842105,13.157894736842104,18.421052631578945,68.42105263157895,33.55263157894737,34.868421052631575
E00019101,178,54,23,31,124,76,48,30.337078651685395,12.921348314606742,17.415730337078653,69.66292134831461,42.69662921348314,26.96629213483146
E00019102,128,42,23,19,86,57,29,32.8125,17.96875,14.84375,67.1875,44.53125,22.65625
E00019103,134,35,16,19,99,66,33,26.119402985074625,11.940298507462686,14.17910447761194,73.88059701492537,49.25373134328358,24.62686567164179
E00019104,184,48,17,31,136,93,43,26.08695652173913,9.239130434782608,16.847826086956523,73.91304347826086,50.54347826086957,23.369565217391305
E00019105,150,30,16,14,120,78,42,20,10.666666666666668,9.333333333333334,80,52,28.000000000000004
E00019106,166,49,23,26,117,71,46,29.518072289156628,13.855421686746988,15.66265060240964,70.48192771084338,42.77108433734939,27.710843373493976
E00019107,158,33,15,18,125,68,57,20.88607594936709,9.49367088607595,11.39240506329114,79.11392405063292,43.037974683544306,36.075949367088604
E00019108,177,58,30,28,119,78,41,32.7683615819209,16.94915254237288,15.819209039548024,67.2316384180791,44.06779661016949,23.163841807909606
E00019109,165,36,15,21,129,85,44,21.818181818181817,9.090909090909092,12.727272727272727,78.18181818181819,51.515151515151516,26.666666666666668
E00019110,137,48,28,20,89,54,35,35.03649635036496,20.437956204379564,14.5985401459854,64.96350364963503,39.416058394160586,25.547445255474454
E00019111,143,49,13,36,94,69,25,34.26573426573427,9.090909090909092,25.174825174825177,65.73426573426573,48.25174825174825,17.482517482517483
E00019112,174,46,14,32,128,79,49,26.436781609195403,8.045977011494253,18.39080459770115,73.5632183908046,45.40229885057471,28.160919540229884
E00019113,147,36,12,24,111,84,27,24.489795918367346,8.16326530612245,16.3265306122449,75.51020408163265,57.14285714285714,18.367346938775512
E00019114,176,55,16,39,121,100,21,31.25,9.090909090909092,22.15909090909091,68.75,56.81818181818182,11.931818181818182
E00019115,151,44,20,24,107,87,20,29.13907284768212,13.245033112582782,15.894039735099339,70.86092715231787,57.615894039735096,13.245033112582782
E00019116,168,55,24,31,113,75,38,32.73809523809524,14.285714285714285,18.452380952380953,67.26190476190477,44.642857142857146,22.61904761904762
E00019117,156,36,16,20,120,79,41,23.076923076923077,10.256410256410255,12.82051282051282,76.92307692307693,50.641025641025635,26.282051282051285
E00019118,180,49,17,32,131,90,41,27.22222222222222,9.444444444444445,17.77777777777778,72.77777777777777,50,22.77777777777778
E00019119,129,34,16,18,95,61,34,26.356589147286826,12.4031007751938,13.953488372093023,73.64341085271317,47.286821705426355,26.356589147286826
E00019120,158,36,16,20,122,77,45,22.78481012658228,10.126582278481013,12.658227848101266,77.21518987341773,48.734177215189874,28.48101265822785
E00019121,173,33,12,21,140,100,40,19.07514450867052,6.9364161849710975,12.138728323699421,80.92485549132948,57.80346820809249,23.121387283236995
E00019122,157,46,24,22,111,85,26,29.29936305732484,15.286624203821656,14.012738853503185,70.70063694267516,54.14012738853503,16.560509554140125
E00019123,164,45,21,24,119,86,33,27.439024390243905,12.804878048780488,14.634146341463413,72.5609756097561,52.4390243902439,20.121951219512198
E00019124,158,43,22,21,115,67,48,27.21518987341772,13.924050632911392,13.291139240506327,72.78481012658227,42.405063291139236,30.37974683544304
E00019125,173,40,14,26,133,94,39,23.121387283236995,8.092485549132949,15.028901734104046,76.878612716763,54.33526011560693,22.54335260115607
E00019126,296,73,32,41,223,180,43,24.66216216216216,10.81081081081081,13.85135135135135,75.33783783783784,60.810810810810814,14.527027027027026
E00019127,167,48,22,26,119,79,40,28.74251497005988,13.17365269461078,15.568862275449103,71.25748502994011,47.30538922155689,23.952095808383234
E00019128,166,49,18,31,117,77,40,29.518072289156628,10.843373493975903,18.67469879518072,70.48192771084338,46.3855421686747,24.096385542168676
E00019129,142,35,20,15,107,92,15,24.647887323943664,14.084507042253522,10.56338028169014,75.35211267605634,64.7887323943662,10.56338028169014
E00019130,170,38,17,21,132,99,33,22.35294117647059,10,12.352941176470589,77.64705882352942,58.235294117647065,19.411764705882355
E00019131,170,48,17,31,122,83,39,28.235294117647058,10,18.235294117647058,71.76470588235294,48.8235294117647,22.941176470588236
E00019132,134,34,23,11,100,63,37,25.37313432835821,17.16417910447761,8.208955223880597,74.6268656716418,47.01492537313433,27.611940298507463
E00019133,191,46,15,31,145,103,42,24.083769633507853,7.853403141361256,16.230366492146597,75.91623036649214,53.92670157068062,21.98952879581152
E00019134,167,39,23,16,128,78,50,23.353293413173652,13.77245508982036,9.580838323353294,76.64670658682635,46.706586826347305,29.94011976047904
E00019135,182,38,18,20,144,93,51,20.87912087912088,9.89010989010989,10.989010989010989,79.12087912087912,51.098901098901095,28.021978021978022
E00019136,191,53,29,24,138,98,40,27.748691099476442,15.18324607329843,12.56544502617801,72.25130890052355,51.30890052356021,20.94240837696335
E00019137,148,56,29,27,92,45,47,37.83783783783784,19.594594594594593,18.243243243243242,62.16216216216216,30.405405405405407,31.756756756756754
E00019138,130,42,24,18,88,52,36,32.30769230769231,18.461538461538463,13.846153846153847,67.6923076923077,40,27.692307692307693
E00019139,171,46,17,29,125,78,47,26.900584795321635,9.941520467836257,16.95906432748538,73.09941520467837,45.614035087719294,27.485380116959064
E00019140,122,36,15,21,86,49,37,29.508196721311474,12.295081967213115,17.21311475409836,70.49180327868852,40.16393442622951,30.327868852459016
E00019141,130,45,21,24,85,54,31,34.61538461538461,16.153846153846153,18.461538461538463,65.38461538461539,41.53846153846154,23.846153846153847
E00019142,150,43,15,28,107,92,15,28.666666666666668,10,18.666666666666668,71.33333333333334,61.33333333333333,10
E00019143,153,54,28,26,99,75,24,35.294117647058826,18.30065359477124,16.99346405228758,64.70588235294117,49.01960784313725,15.686274509803921
E00019144,168,37,13,24,131,95,36,22.023809523809522,7.738095238095238,14.285714285714285,77.97619047619048,56.547619047619044,21.428571428571427
E00019145,226,68,31,37,158,117,41,30.08849557522124,13.716814159292035,16.371681415929203,69.91150442477876,51.76991150442478,18.141592920353983
E00019146,187,52,24,28,135,106,29,27.807486631016044,12.834224598930483,14.973262032085561,72.19251336898395,56.68449197860963,15.508021390374333
E00019147,196,53,27,26,143,111,32,27.040816326530614,13.77551020408163,13.26530612244898,72.95918367346938,56.63265306122449,16.3265306122449
E00019148,142,46,15,31,96,74,22,32.3943661971831,10.56338028169014,21.830985915492956,67.6056338028169,52.112676056338024,15.492957746478872
E00019149,154,36,12,24,118,85,33,23.376623376623375,7.792207792207792,15.584415584415584,76.62337662337663,55.1948051948052,21.428571428571427
E00019150,153,46,16,30,107,94,13,30.065359477124183,10.457516339869281,19.607843137254903,69.93464052287581,61.43790849673203,8.49673202614379
E00019151,151,38,19,19,113,88,25,25.165562913907287,12.582781456953644,12.582781456953644,74.83443708609272,58.27814569536424,16.55629139072848
E00019152,144,42,19,23,102,72,30,29.166666666666668,13.194444444444445,15.972222222222221,70.83333333333334,50,20.833333333333336
E00019153,209,63,20,43,146,114,32,30.14354066985646,9.569377990430622,20.574162679425836,69.85645933014354,54.54545454545454,15.311004784688995
E00019154,165,44,20,24,121,88,33,26.666666666666668,12.121212121212121,14.545454545454545,73.33333333333333,53.333333333333336,20
E00019155,142,24,8,16,118,101,17,16.901408450704224,5.633802816901409,11.267605633802818,83.09859154929578,71.12676056338029,11.971830985915492
E00019156,185,63,26,37,122,89,33,34.054054054054056,14.054054054054054,20,65.94594594594595,48.10810810810811,17.83783783783784
E00019157,152,32,14,18,120,103,17,21.052631578947366,9.210526315789473,11.842105263157894,78.94736842105263,67.76315789473685,11.18421052631579
E00019158,106,21,6,15,85,74,11,19.81132075471698,5.660377358490567,14.150943396226415,80.18867924528303,69.81132075471697,10.377358490566039
E00019159,172,38,18,20,134,109,25,22.093023255813954,10.465116279069768,11.627906976744185,77.90697674418605,63.372093023255815,14.534883720930234
E00019160,184,43,11,32,141,111,30,23.369565217391305,5.978260869565218,17.391304347826086,76.63043478260869,60.32608695652174,16.304347826086957
E00019161,107,39,14,25,68,53,15,36.44859813084112,13.084112149532709,23.364485981308412,63.55140186915887,49.532710280373834,14.018691588785046
E00019162,157,44,15,29,113,86,27,28.02547770700637,9.554140127388536,18.471337579617835,71.97452229299363,54.77707006369427,17.197452229299362
E00019163,279,74,29,45,205,164,41,26.523297491039425,10.39426523297491,16.129032258064516,73.47670250896059,58.78136200716846,14.695340501792115
E00019164,148,40,13,27,108,78,30,27.027027027027028,8.783783783783784,18.243243243243242,72.97297297297297,52.702702702702695,20.27027027027027
E00019165,230,65,28,37,165,130,35,28.26086956521739,12.173913043478262,16.08695652173913,71.73913043478261,56.52173913043478,15.217391304347828
E00019166,153,35,13,22,118,100,18,22.875816993464053,8.49673202614379,14.37908496732026,77.12418300653596,65.359477124183,11.76470588235294
E00019167,178,49,14,35,129,113,16,27.52808988764045,7.865168539325842,19.662921348314608,72.47191011235955,63.48314606741573,8.98876404494382
E00019168,199,69,32,37,130,103,27,34.67336683417086,16.08040201005025,18.592964824120603,65.32663316582915,51.75879396984925,13.5678391959799
E00019169,147,32,8,24,115,84,31,21.768707482993197,5.442176870748299,16.3265306122449,78.2312925170068,57.14285714285714,21.08843537414966
E00019170,148,37,12,25,111,83,28,25,8.108108108108109,16.89189189189189,75,56.08108108108109,18.91891891891892
E00019171,189,59,32,27,130,100,30,31.216931216931215,16.93121693121693,14.285714285714285,68.78306878306879,52.910052910052904,15.873015873015872
E00019172,154,37,12,25,117,83,34,24.025974025974026,7.792207792207792,16.233766233766232,75.97402597402598,53.896103896103895,22.07792207792208
E00019173,194,52,17,35,142,109,33,26.804123711340207,8.762886597938143,18.04123711340206,73.19587628865979,56.18556701030928,17.010309278350515
E00019174,152,47,16,31,105,68,37,30.92105263157895,10.526315789473683,20.394736842105264,69.07894736842105,44.73684210526316,24.342105263157894
E00019175,147,31,15,16,116,88,28,21.08843537414966,10.204081632653061,10.884353741496598,78.91156462585033,59.863945578231295,19.047619047619047
E00019176,149,26,11,15,123,62,61,17.449664429530202,7.38255033557047,10.06711409395973,82.5503355704698,41.61073825503356,40.939597315436245
E00019177,126,37,18,19,89,69,20,29.365079365079367,14.285714285714285,15.079365079365079,70.63492063492063,54.761904761904766,15.873015873015872
E00019178,140,48,21,27,92,64,28,34.285714285714285,15,19.28571428571429,65.71428571428571,45.714285714285715,20
E00019179,167,55,19,36,112,89,23,32.93413173652694,11.377245508982035,21.55688622754491,67.06586826347305,53.293413173652695,13.77245508982036
E00019180,175,53,20,33,122,104,18,30.28571428571429,11.428571428571429,18.857142857142858,69.71428571428572,59.42857142857143,10.285714285714285
E00019181,127,41,19,22,86,67,19,32.28346456692913,14.960629921259844,17.322834645669293,67.71653543307087,52.75590551181102,14.960629921259844
E00019182,154,53,19,34,101,83,18,34.41558441558442,12.337662337662337,22.07792207792208,65.5844155844156,53.896103896103895,11.688311688311687
E00019183,112,26,11,15,86,64,22,23.214285714285715,9.821428571428571,13.392857142857142,76.78571428571429,57.14285714285714,19.642857142857142
E00019184,159,59,28,31,100,87,13,37.10691823899371,17.61006289308176,19.49685534591195,62.893081761006286,54.71698113207547,8.176100628930817
E00019185,175,58,26,32,117,82,35,33.14285714285714,14.857142857142858,18.285714285714285,66.85714285714286,46.85714285714286,20
E00019186,158,51,16,35,107,91,16,32.278481012658226,10.126582278481013,22.151898734177212,67.72151898734177,57.59493670886076,10.126582278481013
E00019187,135,48,17,31,87,73,14,35.55555555555556,12.592592592592592,22.962962962962962,64.44444444444444,54.074074074074076,10.37037037037037
E00019188,127,40,17,23,87,64,23,31.496062992125985,13.385826771653544,18.11023622047244,68.50393700787401,50.39370078740157,18.11023622047244
E00019189,152,49,16,33,103,91,12,32.23684210526316,10.526315789473683,21.710526315789476,67.76315789473685,59.86842105263158,7.894736842105263
E00019190,120,34,13,21,86,72,14,28.333333333333332,10.833333333333334,17.5,71.66666666666667,60,11.666666666666666
E00019191,158,67,26,41,91,73,18,42.405063291139236,16.455696202531644,25.949367088607595,57.59493670886076,46.20253164556962,11.39240506329114
E00019192,209,75,26,49,134,117,17,35.88516746411483,12.440191387559809,23.444976076555022,64.11483253588517,55.980861244019145,8.133971291866029
E00019193,141,34,16,18,107,77,30,24.113475177304963,11.347517730496454,12.76595744680851,75.88652482269504,54.60992907801418,21.27659574468085
E00019194,124,24,7,17,100,72,28,19.35483870967742,5.64516129032258,13.709677419354838,80.64516129032258,58.06451612903226,22.58064516129032
E00019195,212,33,15,18,179,125,54,15.566037735849056,7.0754716981132075,8.49056603773585,84.43396226415094,58.9622641509434,25.471698113207548
E00019196,118,20,9,11,98,68,30,16.94915254237288,7.627118644067797,9.322033898305085,83.05084745762711,57.6271186440678,25.423728813559322
E00019197,167,52,21,31,115,93,22,31.137724550898206,12.574850299401197,18.562874251497004,68.8622754491018,55.688622754491014,13.17365269461078
E00019198,144,37,13,24,107,89,18,25.694444444444443,9.027777777777777,16.666666666666664,74.30555555555556,61.80555555555556,12.5
E00019199,166,59,31,28,107,68,39,35.54216867469879,18.67469879518072,16.867469879518072,64.45783132530121,40.963855421686745,23.49397590361446
E00019200,151,42,18,24,109,87,22,27.81456953642384,11.920529801324504,15.894039735099339,72.18543046357617,57.615894039735096,14.56953642384106
E00019201,137,56,21,35,81,63,18,40.87591240875913,15.328467153284672,25.547445255474454,59.12408759124088,45.98540145985402,13.138686131386862
E00019202,130,44,14,30,86,51,35,33.84615384615385,10.76923076923077,23.076923076923077,66.15384615384615,39.23076923076923,26.923076923076923
E00019203,125,38,18,20,87,75,12,30.4,14.399999999999999,16,69.6,60,9.6
E00019204,135,49,16,33,86,72,14,36.2962962962963,11.851851851851853,24.444444444444443,63.70370370370371,53.333333333333336,10.37037037037037
E00019205,158,38,14,24,120,77,43,24.050632911392405,8.860759493670885,15.18987341772152,75.9493670886076,48.734177215189874,27.21518987341772
E00019206,150,54,21,33,96,78,18,36,14.000000000000002,22,64,52,12
E00019207,119,45,17,28,74,66,8,37.81512605042017,14.285714285714285,23.52941176470588,62.18487394957983,55.46218487394958,6.722689075630252
E00019208,109,43,13,30,66,56,10,39.44954128440367,11.926605504587156,27.522935779816514,60.550458715596335,51.37614678899083,9.174311926605505
E00019209,94,35,11,24,59,54,5,37.234042553191486,11.702127659574469,25.53191489361702,62.76595744680851,57.446808510638306,5.319148936170213
E00019210,158,38,15,23,120,90,30,24.050632911392405,9.49367088607595,14.556962025316455,75.9493670886076,56.9620253164557,18.9873417721519
E00019211,155,49,19,30,106,85,21,31.61290322580645,12.258064516129032,19.35483870967742,68.38709677419355,54.83870967741935,13.548387096774196
E00019212,206,42,17,25,164,126,38,20.388349514563107,8.25242718446602,12.135922330097088,79.6116504854369,61.165048543689316,18.446601941747574
E00019213,142,53,18,35,89,70,19,37.32394366197183,12.676056338028168,24.647887323943664,62.676056338028175,49.29577464788733,13.380281690140844
E00019214,204,54,27,27,150,119,31,26.47058823529412,13.23529411764706,13.23529411764706,73.52941176470588,58.333333333333336,15.196078431372548
E00019215,181,46,12,34,135,106,29,25.41436464088398,6.629834254143646,18.784530386740332,74.58563535911603,58.5635359116022,16.022099447513813
E00019216,169,48,20,28,121,97,24,28.402366863905325,11.834319526627219,16.56804733727811,71.59763313609467,57.396449704142015,14.201183431952662
E00019217,130,35,11,24,95,66,29,26.923076923076923,8.461538461538462,18.461538461538463,73.07692307692307,50.76923076923077,22.30769230769231
E00019218,195,52,15,37,143,110,33,26.666666666666668,7.6923076923076925,18.974358974358974,73.33333333333333,56.41025641025641,16.923076923076923
E00019219,149,35,16,19,114,85,29,23.48993288590604,10.738255033557047,12.751677852348994,76.51006711409396,57.04697986577181,19.463087248322147
E00019220,166,48,19,29,118,91,27,28.915662650602407,11.44578313253012,17.46987951807229,71.08433734939759,54.81927710843374,16.265060240963855
E00019221,129,26,13,13,103,78,25,20.155038759689923,10.077519379844961,10.077519379844961,79.84496124031007,60.46511627906976,19.379844961240313
E00019222,165,50,20,30,115,77,38,30.303030303030305,12.121212121212121,18.181818181818183,69.6969696969697,46.666666666666664,23.03030303030303
E00019223,194,50,19,31,144,101,43,25.773195876288657,9.793814432989691,15.979381443298967,74.22680412371135,52.0618556701031,22.164948453608247
E00019224,144,51,23,28,93,72,21,35.41666666666667,15.972222222222221,19.444444444444446,64.58333333333334,50,14.583333333333334
E00019225,163,43,15,28,120,94,26,26.380368098159508,9.202453987730062,17.177914110429448,73.61963190184049,57.668711656441715,15.950920245398773
E00019226,145,45,17,28,100,64,36,31.03448275862069,11.724137931034482,19.310344827586206,68.96551724137932,44.13793103448276,24.82758620689655
E00019227,166,43,20,23,123,99,24,25.903614457831324,12.048192771084338,13.855421686746988,74.09638554216868,59.63855421686747,14.457831325301203
E00019228,136,25,8,17,111,87,24,18.38235294117647,5.88235294117647,12.5,81.61764705882352,63.970588235294116,17.647058823529413
E00019229,160,36,11,25,124,99,25,22.5,6.875000000000001,15.625,77.5,61.875,15.625
E00019230,159,45,16,29,114,91,23,28.30188679245283,10.062893081761008,18.238993710691823,71.69811320754717,57.23270440251572,14.465408805031446
E00019231,135,38,17,21,97,72,25,28.14814814814815,12.592592592592592,15.555555555555555,71.85185185185186,53.333333333333336,18.51851851851852
E00019232,173,44,16,28,129,109,20,25.43352601156069,9.248554913294797,16.184971098265898,74.56647398843931,63.005780346820806,11.560693641618498
E00019233,75,36,14,22,39,34,5,48,18.666666666666668,29.333333333333332,52,45.33333333333333,6.666666666666667
E00019234,176,49,20,29,127,99,28,27.84090909090909,11.363636363636363,16.477272727272727,72.1590909090909,56.25,15.909090909090908
E00019235,189,61,24,37,128,100,28,32.27513227513227,12.698412698412698,19.576719576719576,67.72486772486772,52.910052910052904,14.814814814814813
E00019236,152,57,16,41,95,77,18,37.5,10.526315789473683,26.973684210526315,62.5,50.6578947368421,11.842105263157894
E00019237,139,41,18,23,98,75,23,29.496402877697843,12.949640287769784,16.546762589928058,70.50359712230215,53.956834532374096,16.546762589928058
E00019238,117,41,17,24,76,58,18,35.04273504273504,14.529914529914532,20.51282051282051,64.95726495726495,49.572649572649574,15.384615384615385
E00019239,178,36,15,21,142,99,43,20.224719101123593,8.426966292134832,11.797752808988763,79.7752808988764,55.61797752808989,24.15730337078652
E00019240,186,63,26,37,123,90,33,33.87096774193548,13.978494623655912,19.892473118279568,66.12903225806451,48.38709677419355,17.741935483870968
E00019241,145,41,13,28,104,88,16,28.27586206896552,8.96551724137931,19.310344827586206,71.72413793103448,60.689655172413794,11.03448275862069
E00019242,127,21,9,12,106,92,14,16.535433070866144,7.086614173228346,9.448818897637794,83.46456692913385,72.44094488188976,11.023622047244094
E00019243,163,60,26,34,103,90,13,36.809815950920246,15.950920245398773,20.858895705521473,63.190184049079754,55.21472392638037,7.975460122699387
E00019244,175,54,16,38,121,100,21,30.857142857142854,9.142857142857142,21.714285714285715,69.14285714285714,57.14285714285714,12
E00019245,159,41,15,26,118,99,19,25.78616352201258,9.433962264150944,16.352201257861633,74.21383647798741,62.264150943396224,11.949685534591195
E00019246,109,36,10,26,73,60,13,33.02752293577982,9.174311926605505,23.853211009174313,66.97247706422019,55.04587155963303,11.926605504587156
E00019247,161,63,26,37,98,85,13,39.130434782608695,16.149068322981368,22.981366459627328,60.86956521739131,52.79503105590062,8.074534161490684
E00019248,163,52,26,26,111,90,21,31.901840490797547,15.950920245398773,15.950920245398773,68.09815950920245,55.21472392638037,12.883435582822086
E00019249,154,47,18,29,107,88,19,30.519480519480517,11.688311688311687,18.83116883116883,69.48051948051948,57.14285714285714,12.337662337662337
E00019250,160,50,20,30,110,87,23,31.25,12.5,18.75,68.75,54.37499999999999,14.374999999999998
E00019251,158,33,9,24,125,93,32,20.88607594936709,5.69620253164557,15.18987341772152,79.11392405063292,58.86075949367089,20.253164556962027
E00019252,139,34,14,20,105,96,9,24.46043165467626,10.071942446043165,14.388489208633093,75.53956834532374,69.06474820143885,6.474820143884892
E00019253,105,42,17,25,63,53,10,40,16.19047619047619,23.809523809523807,60,50.476190476190474,9.523809523809524
E00019254,144,53,30,23,91,69,22,36.80555555555556,20.833333333333336,15.972222222222221,63.19444444444444,47.91666666666667,15.277777777777779
E00019255,117,41,19,22,76,60,16,35.04273504273504,16.23931623931624,18.803418803418804,64.95726495726495,51.28205128205128,13.675213675213676
E00019256,126,38,16,22,88,67,21,30.158730158730158,12.698412698412698,17.46031746031746,69.84126984126983,53.17460317460318,16.666666666666664
E00019257,155,44,14,30,111,87,24,28.387096774193548,9.032258064516128,19.35483870967742,71.61290322580646,56.12903225806451,15.483870967741936
E00019258,110,28,10,18,82,71,11,25.454545454545453,9.090909090909092,16.363636363636363,74.54545454545455,64.54545454545455,10
E00019259,162,44,14,30,118,103,15,27.160493827160494,8.641975308641975,18.51851851851852,72.8395061728395,63.580246913580254,9.25925925925926
E00019260,84,28,10,18,56,51,5,33.33333333333333,11.904761904761903,21.428571428571427,66.66666666666666,60.71428571428571,5.952380952380952
E00019261,110,35,10,25,75,53,22,31.818181818181817,9.090909090909092,22.727272727272727,68.18181818181817,48.18181818181818,20
E00019262,170,48,19,29,122,102,20,28.235294117647058,11.176470588235295,17.058823529411764,71.76470588235294,60,11.76470588235294
E00019263,156,36,23,13,120,92,28,23.076923076923077,14.743589743589745,8.333333333333332,76.92307692307693,58.97435897435898,17.94871794871795
E00019264,120,42,27,15,78,60,18,35,22.5,12.5,65,50,15
E00019265,113,28,12,16,85,60,25,24.778761061946902,10.619469026548673,14.15929203539823,75.22123893805309,53.09734513274337,22.123893805309734
E00019266,78,22,6,16,56,47,9,28.205128205128204,7.6923076923076925,20.51282051282051,71.7948717948718,60.256410256410255,11.538461538461538
E00019267,99,30,11,19,69,58,11,30.303030303030305,11.11111111111111,19.19191919191919,69.6969696969697,58.58585858585859,11.11111111111111
E00019268,130,45,18,27,85,69,16,34.61538461538461,13.846153846153847,20.76923076923077,65.38461538461539,53.07692307692308,12.307692307692308
E00019269,173,50,18,32,123,107,16,28.901734104046245,10.404624277456648,18.497109826589593,71.09826589595376,61.849710982658955,9.248554913294797
E00019270,156,44,20,24,112,90,22,28.205128205128204,12.82051282051282,15.384615384615385,71.7948717948718,57.692307692307686,14.102564102564102
E00019271,162,50,18,32,112,87,25,30.864197530864196,11.11111111111111,19.753086419753085,69.1358024691358,53.70370370370371,15.432098765432098
E00019272,195,66,25,41,129,111,18,33.84615384615385,12.82051282051282,21.025641025641026,66.15384615384615,56.92307692307692,9.230769230769232
E00019273,147,34,14,20,113,87,26,23.12925170068027,9.523809523809524,13.60544217687075,76.87074829931973,59.183673469387756,17.687074829931973
E00019274,118,33,19,14,85,75,10,27.966101694915253,16.101694915254235,11.864406779661017,72.03389830508475,63.559322033898304,8.47457627118644
E00019275,115,31,9,22,84,72,12,26.956521739130434,7.82608695652174,19.130434782608695,73.04347826086956,62.60869565217392,10.434782608695652
E00019276,200,56,22,34,144,110,34,28.000000000000004,11,17,72,55.00000000000001,17
E00019277,208,59,29,30,149,119,30,28.365384615384613,13.942307692307693,14.423076923076922,71.63461538461539,57.21153846153846,14.423076923076922
E00019278,165,51,17,34,114,87,27,30.909090909090907,10.303030303030303,20.606060606060606,69.0909090909091,52.72727272727272,16.363636363636363
E00019279,128,38,21,17,90,82,8,29.6875,16.40625,13.28125,70.3125,64.0625,6.25
E00019280,97,27,10,17,70,50,20,27.835051546391753,10.309278350515463,17.525773195876287,72.16494845360825,51.546391752577314,20.618556701030926
E00019281,133,35,19,16,98,64,34,26.31578947368421,14.285714285714285,12.030075187969924,73.68421052631578,48.1203007518797,25.563909774436087
E00019282,126,45,26,19,81,65,16,35.714285714285715,20.634920634920633,15.079365079365079,64.28571428571429,51.587301587301596,12.698412698412698
E00019283,144,41,13,28,103,75,28,28.47222222222222,9.027777777777777,19.444444444444446,71.52777777777779,52.083333333333336,19.444444444444446
E00019284,142,44,28,16,98,76,22,30.985915492957744,19.718309859154928,11.267605633802818,69.01408450704226,53.52112676056338,15.492957746478872
E00019285,57,13,8,5,44,27,17,22.807017543859647,14.035087719298245,8.771929824561402,77.19298245614034,47.368421052631575,29.82456140350877
E00019286,136,38,21,17,98,68,30,27.941176470588236,15.441176470588236,12.5,72.05882352941177,50,22.058823529411764
E00019287,101,34,12,22,67,51,16,33.663366336633665,11.881188118811881,21.782178217821784,66.33663366336634,50.495049504950494,15.841584158415841
E00019288,157,51,18,33,106,85,21,32.48407643312102,11.464968152866243,21.019108280254777,67.51592356687898,54.14012738853503,13.375796178343949
E00019289,172,41,15,26,131,99,32,23.837209302325583,8.720930232558139,15.11627906976744,76.16279069767442,57.55813953488372,18.6046511627907
E00019290,154,42,25,17,112,79,33,27.27272727272727,16.233766233766232,11.03896103896104,72.72727272727273,51.298701298701296,21.428571428571427
E00019291,202,78,38,40,124,82,42,38.613861386138616,18.81188118811881,19.801980198019802,61.386138613861384,40.5940594059406,20.792079207920793
E00019293,157,55,19,36,102,85,17,35.03184713375796,12.101910828025478,22.929936305732486,64.96815286624204,54.14012738853503,10.828025477707007
E00019294,171,58,28,30,113,80,33,33.91812865497076,16.374269005847953,17.543859649122805,66.08187134502924,46.783625730994146,19.298245614035086
E00019295,132,35,18,17,97,73,24,26.515151515151516,13.636363636363635,12.878787878787879,73.48484848484848,55.3030303030303,18.181818181818183
E00019296,314,90,34,56,224,170,54,28.662420382165603,10.828025477707007,17.8343949044586,71.3375796178344,54.14012738853503,17.197452229299362
E00019297,109,37,7,30,72,52,20,33.94495412844037,6.422018348623854,27.522935779816514,66.05504587155964,47.706422018348626,18.34862385321101
E00019298,149,56,23,33,93,80,13,37.58389261744966,15.436241610738255,22.14765100671141,62.41610738255034,53.691275167785236,8.724832214765101
E00019299,160,39,17,22,121,92,29,24.375,10.625,13.750000000000002,75.625,57.49999999999999,18.125
E00019300,173,48,16,32,125,91,34,27.74566473988439,9.248554913294797,18.497109826589593,72.25433526011561,52.601156069364166,19.653179190751445
E00019301,82,24,10,14,58,43,15,29.268292682926827,12.195121951219512,17.073170731707318,70.73170731707317,52.4390243902439,18.29268292682927
E00019303,150,33,15,18,117,93,24,22,10,12,78,62,16
E00019304,172,34,19,15,138,103,35,19.767441860465116,11.046511627906977,8.720930232558139,80.23255813953489,59.883720930232556,20.348837209302324
E00019305,176,47,27,20,129,112,17,26.704545454545453,15.340909090909092,11.363636363636363,73.29545454545455,63.63636363636363,9.659090909090908
E00019306,150,43,16,27,107,84,23,28.666666666666668,10.666666666666668,18,71.33333333333334,56.00000000000001,15.333333333333332
E00019307,151,42,11,31,109,100,9,27.81456953642384,7.28476821192053,20.52980132450331,72.18543046357617,66.22516556291392,5.960264900662252
E00019308,139,32,5,27,107,95,12,23.021582733812952,3.5971223021582732,19.424460431654676,76.97841726618705,68.34532374100719,8.633093525179856
E00019309,137,41,14,27,96,85,11,29.927007299270077,10.218978102189782,19.708029197080293,70.07299270072993,62.04379562043796,8.02919708029197
E00019310,160,60,26,34,100,75,25,37.5,16.25,21.25,62.5,46.875,15.625
E00019311,159,41,23,18,118,98,20,25.78616352201258,14.465408805031446,11.320754716981133,74.21383647798741,61.63522012578616,12.578616352201259
E00019312,190,48,18,30,142,125,17,25.263157894736842,9.473684210526317,15.789473684210526,74.73684210526315,65.78947368421053,8.947368421052632
E00019313,134,44,13,31,90,79,11,32.83582089552239,9.701492537313433,23.134328358208954,67.16417910447761,58.95522388059702,8.208955223880597
E00019314,158,47,21,26,111,98,13,29.746835443037973,13.291139240506327,16.455696202531644,70.25316455696202,62.0253164556962,8.227848101265822
E00019315,188,62,16,46,126,108,18,32.97872340425532,8.51063829787234,24.46808510638298,67.02127659574468,57.446808510638306,9.574468085106384
E00019316,188,63,21,42,125,103,22,33.51063829787234,11.170212765957446,22.340425531914892,66.48936170212765,54.78723404255319,11.702127659574469
E00019317,176,51,23,28,125,106,19,28.97727272727273,13.068181818181818,15.909090909090908,71.02272727272727,60.22727272727273,10.795454545454545
E00019318,184,52,17,35,132,114,18,28.26086956521739,9.239130434782608,19.021739130434785,71.73913043478261,61.95652173913043,9.782608695652174
E00019319,65,17,9,8,48,38,10,26.153846153846157,13.846153846153847,12.307692307692308,73.84615384615385,58.46153846153847,15.384615384615385
E00019320,188,86,24,62,102,94,8,45.744680851063826,12.76595744680851,32.97872340425532,54.25531914893617,50,4.25531914893617
E00019321,204,78,26,52,126,114,12,38.23529411764706,12.745098039215685,25.49019607843137,61.76470588235294,55.88235294117647,5.88235294117647
E00019322,163,54,17,37,109,88,21,33.12883435582822,10.429447852760736,22.699386503067483,66.87116564417178,53.987730061349694,12.883435582822086
E00019323,170,48,24,24,122,98,24,28.235294117647058,14.117647058823529,14.117647058823529,71.76470588235294,57.647058823529406,14.117647058823529
E00019324,169,55,19,36,114,93,21,32.544378698224854,11.242603550295858,21.301775147928996,67.45562130177515,55.02958579881657,12.42603550295858
E00019325,186,68,27,41,118,99,19,36.55913978494624,14.516129032258066,22.043010752688172,63.44086021505376,53.2258064516129,10.21505376344086
E00019326,159,40,10,30,119,98,21,25.157232704402517,6.289308176100629,18.867924528301888,74.84276729559748,61.63522012578616,13.20754716981132
E00019327,157,47,18,29,110,96,14,29.936305732484076,11.464968152866243,18.471337579617835,70.06369426751591,61.146496815286625,8.9171974522293
E00019328,181,47,12,35,134,116,18,25.96685082872928,6.629834254143646,19.337016574585636,74.03314917127072,64.08839779005525,9.94475138121547
E00019330,164,56,19,37,108,87,21,34.146341463414636,11.585365853658537,22.5609756097561,65.85365853658537,53.04878048780488,12.804878048780488
E00019331,183,44,17,27,139,111,28,24.043715846994534,9.289617486338798,14.754098360655737,75.95628415300546,60.65573770491803,15.300546448087433
E00019332,146,41,20,21,105,92,13,28.08219178082192,13.698630136986301,14.383561643835616,71.91780821917808,63.013698630136986,8.904109589041095
E00019333,154,41,17,24,113,95,18,26.623376623376622,11.03896103896104,15.584415584415584,73.37662337662337,61.68831168831169,11.688311688311687
E00019334,190,67,25,42,123,93,30,35.26315789473684,13.157894736842104,22.105263157894736,64.73684210526316,48.94736842105264,15.789473684210526
E00019335,172,56,26,30,116,99,17,32.55813953488372,15.11627906976744,17.441860465116278,67.44186046511628,57.55813953488372,9.883720930232558
E00019336,145,43,21,22,102,77,25,29.655172413793103,14.482758620689657,15.172413793103448,70.34482758620689,53.103448275862064,17.24137931034483
E00019337,192,45,13,32,147,127,20,23.4375,6.770833333333333,16.666666666666664,76.5625,66.14583333333334,10.416666666666668
E00019338,203,43,17,26,160,117,43,21.182266009852217,8.374384236453201,12.807881773399016,78.81773399014779,57.635467980295566,21.182266009852217
E00019339,151,32,14,18,119,91,28,21.192052980132452,9.271523178807946,11.920529801324504,78.80794701986756,60.264900662251655,18.543046357615893
E00019340,125,32,16,16,93,49,44,25.6,12.8,12.8,74.4,39.2,35.199999999999996
E00019341,129,27,6,21,102,73,29,20.930232558139537,4.651162790697675,16.27906976744186,79.06976744186046,56.58914728682171,22.48062015503876
E00019342,171,47,22,25,124,89,35,27.485380116959064,12.865497076023392,14.619883040935672,72.51461988304094,52.046783625730995,20.46783625730994
E00019343,109,23,11,12,86,69,17,21.100917431192663,10.091743119266056,11.009174311926607,78.89908256880734,63.30275229357798,15.59633027522936
E00019344,141,44,22,22,97,69,28,31.20567375886525,15.602836879432624,15.602836879432624,68.79432624113475,48.93617021276596,19.858156028368796
E00019345,184,45,18,27,139,91,48,24.456521739130434,9.782608695652174,14.673913043478262,75.54347826086956,49.45652173913043,26.08695652173913
E00019346,154,39,18,21,115,69,46,25.324675324675322,11.688311688311687,13.636363636363635,74.67532467532467,44.8051948051948,29.87012987012987
E00019347,103,26,13,13,77,64,13,25.24271844660194,12.62135922330097,12.62135922330097,74.75728155339806,62.13592233009708,12.62135922330097
E00019348,114,18,12,6,96,82,14,15.789473684210526,10.526315789473683,5.263157894736842,84.21052631578947,71.9298245614035,12.280701754385964
E00019349,191,43,26,17,148,99,49,22.5130890052356,13.612565445026178,8.900523560209423,77.4869109947644,51.832460732984295,25.654450261780106
E00019350,101,22,7,15,79,62,17,21.782178217821784,6.9306930693069315,14.85148514851485,78.21782178217822,61.386138613861384,16.831683168316832
E00019351,139,29,20,9,110,68,42,20.863309352517987,14.388489208633093,6.474820143884892,79.13669064748201,48.92086330935252,30.215827338129497
E00019352,141,26,17,9,115,89,26,18.439716312056735,12.056737588652481,6.382978723404255,81.56028368794325,63.12056737588653,18.439716312056735
E00019353,155,40,17,23,115,84,31,25.806451612903224,10.967741935483872,14.838709677419354,74.19354838709677,54.19354838709678,20
E00019354,169,44,24,20,125,86,39,26.035502958579883,14.201183431952662,11.834319526627219,73.96449704142012,50.887573964497044,23.076923076923077
E00019355,157,39,21,18,118,77,41,24.840764331210192,13.375796178343949,11.464968152866243,75.15923566878982,49.044585987261144,26.11464968152866
E00019356,140,26,12,14,114,76,38,18.571428571428573,8.571428571428571,10,81.42857142857143,54.285714285714285,27.142857142857142
E00019358,151,26,9,17,125,85,40,17.218543046357617,5.960264900662252,11.258278145695364,82.78145695364239,56.29139072847682,26.490066225165563
E00019359,185,52,28,24,133,103,30,28.10810810810811,15.135135135135137,12.972972972972974,71.89189189189189,55.67567567567567,16.216216216216218
E00019360,159,39,17,22,120,83,37,24.528301886792452,10.69182389937107,13.836477987421384,75.47169811320755,52.20125786163522,23.270440251572328
E00019361,166,40,14,26,126,105,21,24.096385542168676,8.433734939759036,15.66265060240964,75.90361445783132,63.25301204819277,12.650602409638553
E00019362,175,36,16,20,139,103,36,20.57142857142857,9.142857142857142,11.428571428571429,79.42857142857143,58.857142857142854,20.57142857142857
E00019363,159,35,15,20,124,93,31,22.0125786163522,9.433962264150944,12.578616352201259,77.9874213836478,58.490566037735846,19.49685534591195
E00019364,124,28,14,14,96,61,35,22.58064516129032,11.29032258064516,11.29032258064516,77.41935483870968,49.193548387096776,28.225806451612907
E00019365,167,36,17,19,131,97,34,21.55688622754491,10.179640718562874,11.377245508982035,78.44311377245509,58.08383233532935,20.359281437125748
E00019366,132,33,13,20,99,57,42,25,9.848484848484848,15.151515151515152,75,43.18181818181818,31.818181818181817
E00019367,137,31,11,20,106,75,31,22.62773722627737,8.02919708029197,14.5985401459854,77.37226277372264,54.74452554744526,22.62773722627737
E00019368,119,20,10,10,99,69,30,16.80672268907563,8.403361344537815,8.403361344537815,83.19327731092437,57.98319327731093,25.210084033613445
E00019369,145,30,16,14,115,86,29,20.689655172413794,11.03448275862069,9.655172413793103,79.3103448275862,59.310344827586206,20
E00019370,169,29,17,12,140,93,47,17.159763313609467,10.059171597633137,7.100591715976331,82.84023668639054,55.02958579881657,27.810650887573964
E00019371,179,38,17,21,141,84,57,21.22905027932961,9.497206703910614,11.731843575418994,78.77094972067039,46.927374301675975,31.843575418994412
E00019372,146,52,21,31,94,59,35,35.61643835616438,14.383561643835616,21.232876712328768,64.38356164383562,40.41095890410959,23.972602739726025
E00019373,195,45,24,21,150,107,43,23.076923076923077,12.307692307692308,10.76923076923077,76.92307692307693,54.871794871794876,22.05128205128205
E00019374,130,40,23,17,90,53,37,30.76923076923077,17.692307692307693,13.076923076923078,69.23076923076923,40.76923076923077,28.46153846153846
E00019375,193,48,20,28,145,91,54,24.870466321243523,10.362694300518134,14.507772020725387,75.12953367875647,47.15025906735752,27.979274611398964
E00019376,139,36,15,21,103,79,24,25.899280575539567,10.79136690647482,15.107913669064748,74.10071942446042,56.83453237410072,17.26618705035971
E00019377,198,34,12,22,164,99,65,17.17171717171717,6.0606060606060606,11.11111111111111,82.82828282828282,50,32.82828282828283
E00019378,170,41,24,17,129,104,25,24.11764705882353,14.117647058823529,10,75.88235294117646,61.1764705882353,14.705882352941178
E00019379,148,25,12,13,123,72,51,16.89189189189189,8.108108108108109,8.783783783783784,83.1081081081081,48.64864864864865,34.45945945945946
E00019380,183,44,21,23,139,111,28,24.043715846994534,11.475409836065573,12.568306010928962,75.95628415300546,60.65573770491803,15.300546448087433
E00019381,104,34,11,23,70,55,15,32.69230769230769,10.576923076923077,22.115384615384613,67.3076923076923,52.88461538461539,14.423076923076922
E00019382,165,35,15,20,130,101,29,21.21212121212121,9.090909090909092,12.121212121212121,78.78787878787878,61.212121212121204,17.575757575757574
E00019383,181,38,11,27,143,106,37,20.994475138121548,6.077348066298343,14.917127071823206,79.00552486187846,58.5635359116022,20.441988950276244
E00019384,158,49,12,37,109,85,24,31.0126582278481,7.59493670886076,23.417721518987342,68.9873417721519,53.79746835443038,15.18987341772152
E00019385,179,47,22,25,132,107,25,26.256983240223462,12.290502793296088,13.966480446927374,73.74301675977654,59.77653631284916,13.966480446927374
E00019386,169,38,24,14,131,91,40,22.485207100591715,14.201183431952662,8.284023668639055,77.51479289940828,53.84615384615385,23.668639053254438
E00019387,128,33,13,20,95,70,25,25.78125,10.15625,15.625,74.21875,54.6875,19.53125
E00019388,193,47,18,29,146,118,28,24.352331606217618,9.32642487046632,15.025906735751295,75.64766839378238,61.13989637305699,14.507772020725387
E00019389,164,39,23,16,125,94,31,23.78048780487805,14.02439024390244,9.75609756097561,76.21951219512195,57.3170731707317,18.902439024390244
E00019390,122,34,13,21,88,68,20,27.86885245901639,10.655737704918032,17.21311475409836,72.1311475409836,55.73770491803278,16.39344262295082
E00019391,110,35,16,19,75,67,8,31.818181818181817,14.545454545454545,17.272727272727273,68.18181818181817,60.909090909090914,7.2727272727272725
E00019392,110,29,16,13,81,48,33,26.36363636363636,14.545454545454545,11.818181818181818,73.63636363636363,43.63636363636363,30
E00019393,161,41,15,26,120,104,16,25.465838509316768,9.316770186335404,16.149068322981368,74.53416149068323,64.59627329192547,9.937888198757763
E00019394,162,41,15,26,121,88,33,25.308641975308642,9.25925925925926,16.049382716049383,74.69135802469135,54.32098765432099,20.37037037037037
E00019395,162,39,20,19,123,79,44,24.074074074074073,12.345679012345679,11.728395061728394,75.92592592592592,48.76543209876543,27.160493827160494
E00019396,154,28,12,16,126,101,25,18.181818181818183,7.792207792207792,10.38961038961039,81.81818181818183,65.5844155844156,16.233766233766232
E00019397,138,32,12,20,106,82,24,23.18840579710145,8.695652173913043,14.492753623188406,76.81159420289855,59.42028985507246,17.391304347826086
E00019398,130,37,11,26,93,63,30,28.46153846153846,8.461538461538462,20,71.53846153846153,48.46153846153846,23.076923076923077
E00019399,131,34,15,19,97,72,25,25.954198473282442,11.450381679389313,14.50381679389313,74.04580152671755,54.961832061068705,19.083969465648856
E00019400,130,39,21,18,91,42,49,30,16.153846153846153,13.846153846153847,70,32.30769230769231,37.69230769230769
E00019401,139,41,14,27,98,58,40,29.496402877697843,10.071942446043165,19.424460431654676,70.50359712230215,41.726618705035975,28.776978417266186
E00019402,145,40,18,22,105,77,28,27.586206896551722,12.413793103448276,15.172413793103448,72.41379310344827,53.103448275862064,19.310344827586206
E00019403,140,26,13,13,114,71,43,18.571428571428573,9.285714285714286,9.285714285714286,81.42857142857143,50.71428571428571,30.714285714285715
E00019404,211,57,27,30,154,120,34,27.014218009478675,12.796208530805686,14.218009478672986,72.98578199052133,56.872037914691944,16.113744075829384
E00019405,184,52,24,28,132,88,44,28.26086956521739,13.043478260869565,15.217391304347828,71.73913043478261,47.82608695652174,23.91304347826087
E00019406,160,36,15,21,124,75,49,22.5,9.375,13.125,77.5,46.875,30.625000000000004
E00019407,204,58,19,39,146,114,32,28.431372549019606,9.313725490196079,19.11764705882353,71.56862745098039,55.88235294117647,15.686274509803921
E00019408,265,50,25,25,215,168,47,18.867924528301888,9.433962264150944,9.433962264150944,81.13207547169812,63.39622641509434,17.735849056603772
E00019409,169,58,20,38,111,89,22,34.319526627218934,11.834319526627219,22.485207100591715,65.68047337278107,52.662721893491124,13.017751479289942
E00019410,177,32,16,16,145,106,39,18.07909604519774,9.03954802259887,9.03954802259887,81.92090395480226,59.887005649717516,22.033898305084744
E00019411,111,42,18,24,69,48,21,37.83783783783784,16.216216216216218,21.62162162162162,62.16216216216216,43.24324324324324,18.91891891891892
E00019412,261,61,29,32,200,154,46,23.371647509578544,11.11111111111111,12.260536398467432,76.62835249042146,59.00383141762452,17.624521072796934
E00019413,108,34,17,17,74,52,22,31.48148148148148,15.74074074074074,15.74074074074074,68.51851851851852,48.148148148148145,20.37037037037037
E00019414,208,52,20,32,156,111,45,25,9.615384615384617,15.384615384615385,75,53.36538461538461,21.634615384615387
E00019415,280,51,21,30,229,185,44,18.21428571428571,7.5,10.714285714285714,81.78571428571428,66.07142857142857,15.714285714285714
E00019416,152,49,23,26,103,80,23,32.23684210526316,15.131578947368421,17.105263157894736,67.76315789473685,52.63157894736842,15.131578947368421
E00019417,142,31,9,22,111,81,30,21.830985915492956,6.338028169014084,15.492957746478872,78.16901408450704,57.04225352112676,21.12676056338028
E00019418,159,47,10,37,112,88,24,29.559748427672954,6.289308176100629,23.270440251572328,70.44025157232704,55.34591194968554,15.09433962264151
E00019419,230,62,24,38,168,127,41,26.956521739130434,10.434782608695652,16.52173913043478,73.04347826086956,55.21739130434783,17.82608695652174
E00019420,165,35,16,19,130,83,47,21.21212121212121,9.696969696969697,11.515151515151516,78.78787878787878,50.303030303030305,28.484848484848484
E00019421,155,45,20,25,110,96,14,29.03225806451613,12.903225806451612,16.129032258064516,70.96774193548387,61.935483870967744,9.032258064516128
E00019422,135,41,17,24,94,61,33,30.37037037037037,12.592592592592592,17.77777777777778,69.62962962962963,45.18518518518518,24.444444444444443
E00019423,164,38,15,23,126,88,38,23.170731707317074,9.146341463414634,14.02439024390244,76.82926829268293,53.65853658536586,23.170731707317074
E00019424,144,36,15,21,108,70,38,25,10.416666666666668,14.583333333333334,75,48.61111111111111,26.38888888888889
E00019425,163,23,7,16,140,107,33,14.11042944785276,4.294478527607362,9.815950920245399,85.88957055214725,65.6441717791411,20.245398773006134
E00019426,269,62,29,33,207,181,26,23.04832713754647,10.780669144981413,12.267657992565056,76.95167286245353,67.28624535315984,9.66542750929368
E00019427,176,35,11,24,141,111,30,19.886363636363637,6.25,13.636363636363635,80.11363636363636,63.06818181818182,17.045454545454543
E00019428,142,47,21,26,95,68,27,33.098591549295776,14.788732394366196,18.30985915492958,66.90140845070422,47.88732394366197,19.014084507042252
E00019429,182,56,17,39,126,100,26,30.76923076923077,9.340659340659341,21.428571428571427,69.23076923076923,54.94505494505495,14.285714285714285
E00019430,184,56,29,27,128,91,37,30.434782608695656,15.760869565217392,14.673913043478262,69.56521739130434,49.45652173913043,20.108695652173914
E00019431,132,39,15,24,93,63,30,29.545454545454547,11.363636363636363,18.181818181818183,70.45454545454545,47.72727272727273,22.727272727272727
E00019432,221,31,20,11,190,156,34,14.027149321266968,9.049773755656108,4.97737556561086,85.97285067873304,70.58823529411765,15.384615384615385
E00019433,148,33,13,20,115,94,21,22.2972972972973,8.783783783783784,13.513513513513514,77.7027027027027,63.51351351351351,14.18918918918919
E00019434,123,31,15,16,92,56,36,25.203252032520325,12.195121951219512,13.008130081300814,74.79674796747967,45.52845528455284,29.268292682926827
E00019435,154,28,16,12,126,92,34,18.181818181818183,10.38961038961039,7.792207792207792,81.81818181818183,59.74025974025974,22.07792207792208
E00019436,180,41,17,24,139,94,45,22.77777777777778,9.444444444444445,13.333333333333334,77.22222222222223,52.22222222222223,25
E00019437,81,21,7,14,60,47,13,25.925925925925924,8.641975308641975,17.28395061728395,74.07407407407408,58.0246913580247,16.049382716049383
E00019438,142,36,12,24,106,89,17,25.352112676056336,8.450704225352112,16.901408450704224,74.64788732394366,62.676056338028175,11.971830985915492
E00019439,71,23,6,17,48,43,5,32.3943661971831,8.450704225352112,23.943661971830984,67.6056338028169,60.56338028169014,7.042253521126761
E00019440,142,32,16,16,110,88,22,22.535211267605636,11.267605633802818,11.267605633802818,77.46478873239437,61.97183098591549,15.492957746478872
E00019441,136,21,13,8,115,86,29,15.441176470588236,9.558823529411764,5.88235294117647,84.55882352941177,63.23529411764706,21.323529411764707
E00019442,152,33,10,23,119,89,30,21.710526315789476,6.578947368421052,15.131578947368421,78.28947368421053,58.55263157894737,19.736842105263158
E00019443,165,40,17,23,125,94,31,24.242424242424242,10.303030303030303,13.939393939393941,75.75757575757575,56.96969696969697,18.787878787878785
E00019444,237,54,20,34,183,141,42,22.78481012658228,8.438818565400844,14.345991561181433,77.21518987341773,59.49367088607595,17.72151898734177
E00019445,209,40,14,26,169,132,37,19.138755980861244,6.698564593301436,12.440191387559809,80.86124401913875,63.1578947368421,17.703349282296653
E00019446,156,29,10,19,127,96,31,18.58974358974359,6.41025641025641,12.179487179487179,81.41025641025641,61.53846153846154,19.871794871794872
E00019447,180,39,20,19,141,93,48,21.666666666666668,11.11111111111111,10.555555555555555,78.33333333333333,51.66666666666667,26.666666666666668
E00019448,321,48,17,31,273,203,70,14.953271028037381,5.29595015576324,9.657320872274143,85.04672897196261,63.2398753894081,21.806853582554517
E00019449,217,45,19,26,172,119,53,20.737327188940093,8.755760368663594,11.981566820276496,79.26267281105991,54.83870967741935,24.42396313364055
E00019450,166,32,13,19,134,101,33,19.27710843373494,7.83132530120482,11.44578313253012,80.72289156626506,60.8433734939759,19.879518072289155
E00019451,147,43,21,22,104,84,20,29.25170068027211,14.285714285714285,14.965986394557824,70.74829931972789,57.14285714285714,13.60544217687075
E00019452,193,58,27,31,135,98,37,30.05181347150259,13.989637305699482,16.06217616580311,69.94818652849742,50.77720207253886,19.170984455958546
E00019453,206,48,22,26,158,113,45,23.300970873786408,10.679611650485436,12.62135922330097,76.69902912621359,54.85436893203883,21.844660194174757
E00019454,186,48,21,27,138,115,23,25.806451612903224,11.29032258064516,14.516129032258066,74.19354838709677,61.82795698924731,12.365591397849462
E00019455,166,45,17,28,121,98,23,27.10843373493976,10.240963855421686,16.867469879518072,72.89156626506023,59.036144578313255,13.855421686746988
E00019456,216,50,16,34,166,115,51,23.14814814814815,7.4074074074074066,15.74074074074074,76.85185185185185,53.24074074074075,23.61111111111111
E00019457,177,35,8,27,142,98,44,19.774011299435028,4.519774011299435,15.254237288135593,80.22598870056498,55.367231638418076,24.858757062146893
E00019458,159,44,19,25,115,77,38,27.67295597484277,11.949685534591195,15.723270440251572,72.32704402515722,48.42767295597484,23.89937106918239
E00019459,207,42,12,30,165,124,41,20.28985507246377,5.797101449275362,14.492753623188406,79.71014492753623,59.90338164251207,19.806763285024154
E00019460,200,39,16,23,161,131,30,19.5,8,11.5,80.5,65.5,15
E00019461,196,36,13,23,160,129,31,18.367346938775512,6.63265306122449,11.73469387755102,81.63265306122449,65.81632653061224,15.816326530612246
E00019462,191,39,16,23,152,121,31,20.418848167539267,8.37696335078534,12.041884816753926,79.58115183246073,63.35078534031413,16.230366492146597
E00019463,174,47,22,25,127,101,26,27.011494252873565,12.643678160919542,14.367816091954023,72.98850574712644,58.04597701149425,14.942528735632186
E00019464,163,44,21,23,119,98,21,26.993865030674847,12.883435582822086,14.11042944785276,73.00613496932516,60.122699386503065,12.883435582822086
E00019465,145,35,18,17,110,81,29,24.137931034482758,12.413793103448276,11.724137931034482,75.86206896551724,55.86206896551724,20
E00019466,133,32,16,16,101,77,24,24.06015037593985,12.030075187969924,12.030075187969924,75.93984962406014,57.89473684210527,18.045112781954884
E00019467,162,46,27,19,116,90,26,28.39506172839506,16.666666666666664,11.728395061728394,71.60493827160494,55.55555555555556,16.049382716049383
E00019468,138,39,18,21,99,71,28,28.26086956521739,13.043478260869565,15.217391304347828,71.73913043478261,51.449275362318836,20.28985507246377
E00019469,179,35,19,16,144,105,39,19.553072625698324,10.614525139664805,8.938547486033519,80.44692737430168,58.659217877094974,21.787709497206702
E00019470,292,62,25,37,230,184,46,21.232876712328768,8.561643835616438,12.67123287671233,78.76712328767124,63.013698630136986,15.753424657534246
E00019471,188,32,17,15,156,121,35,17.02127659574468,9.042553191489363,7.9787234042553195,82.97872340425532,64.36170212765957,18.617021276595743
E00019472,156,26,13,13,130,104,26,16.666666666666664,8.333333333333332,8.333333333333332,83.33333333333334,66.66666666666666,16.666666666666664
E00019473,199,49,24,25,150,112,38,24.623115577889447,12.060301507537687,12.562814070351758,75.37688442211056,56.28140703517588,19.09547738693467
E00019475,219,55,24,31,164,125,39,25.11415525114155,10.95890410958904,14.15525114155251,74.88584474885845,57.077625570776256,17.80821917808219
E00019476,179,45,19,26,134,78,56,25.139664804469277,10.614525139664805,14.52513966480447,74.86033519553072,43.575418994413404,31.28491620111732
E00019477,163,36,17,19,127,87,40,22.085889570552148,10.429447852760736,11.65644171779141,77.91411042944786,53.37423312883436,24.539877300613497
E00019478,165,24,7,17,141,91,50,14.545454545454545,4.242424242424243,10.303030303030303,85.45454545454545,55.15151515151515,30.303030303030305
E00019479,104,25,10,15,79,60,19,24.03846153846154,9.615384615384617,14.423076923076922,75.96153846153845,57.692307692307686,18.269230769230766
E00019480,155,61,23,38,94,85,9,39.35483870967742,14.838709677419354,24.516129032258064,60.64516129032258,54.83870967741935,5.806451612903226
E00019481,108,35,16,19,73,41,32,32.407407407407405,14.814814814814813,17.59259259259259,67.5925925925926,37.96296296296296,29.629629629629626
E00019482,116,39,16,23,77,55,22,33.62068965517241,13.793103448275861,19.82758620689655,66.37931034482759,47.41379310344828,18.96551724137931
E00019483,162,26,10,16,136,94,42,16.049382716049383,6.172839506172839,9.876543209876543,83.9506172839506,58.0246913580247,25.925925925925924
E00019484,129,39,21,18,90,59,31,30.23255813953488,16.27906976744186,13.953488372093023,69.76744186046511,45.73643410852713,24.031007751937985
E00019485,206,46,25,21,160,127,33,22.330097087378643,12.135922330097088,10.194174757281553,77.66990291262135,61.6504854368932,16.019417475728158
E00019486,159,27,12,15,132,84,48,16.9811320754717,7.547169811320755,9.433962264150944,83.01886792452831,52.83018867924528,30.18867924528302
E00019487,106,23,12,11,83,53,30,21.69811320754717,11.320754716981133,10.377358490566039,78.30188679245283,50,28.30188679245283
E00019488,141,36,16,20,105,66,39,25.53191489361702,11.347517730496454,14.184397163120568,74.46808510638297,46.808510638297875,27.659574468085108
E00019489,95,19,8,11,76,53,23,20,8.421052631578947,11.578947368421053,80,55.78947368421052,24.210526315789473
E00019490,123,17,5,12,106,82,24,13.821138211382115,4.0650406504065035,9.75609756097561,86.1788617886179,66.66666666666666,19.51219512195122
E00019491,144,37,21,16,107,77,30,25.694444444444443,14.583333333333334,11.11111111111111,74.30555555555556,53.47222222222222,20.833333333333336
E00019492,255,55,19,36,200,155,45,21.568627450980394,7.450980392156863,14.117647058823529,78.43137254901961,60.78431372549019,17.647058823529413
E00019493,110,41,17,24,69,55,14,37.27272727272727,15.454545454545453,21.818181818181817,62.727272727272734,50,12.727272727272727
E00019494,144,25,12,13,119,78,41,17.36111111111111,8.333333333333332,9.027777777777777,82.63888888888889,54.166666666666664,28.47222222222222
E00019495,150,26,13,13,124,99,25,17.333333333333336,8.666666666666668,8.666666666666668,82.66666666666667,66,16.666666666666664
E00019496,130,20,12,8,110,80,30,15.384615384615385,9.230769230769232,6.153846153846154,84.61538461538461,61.53846153846154,23.076923076923077
E00019497,149,30,22,8,119,84,35,20.13422818791946,14.76510067114094,5.369127516778524,79.86577181208054,56.375838926174495,23.48993288590604
E00019498,131,28,17,11,103,73,30,21.374045801526716,12.977099236641221,8.396946564885496,78.62595419847328,55.72519083969466,22.900763358778626
E00019499,157,30,12,18,127,79,48,19.10828025477707,7.643312101910828,11.464968152866243,80.89171974522293,50.318471337579616,30.573248407643312
E00019500,173,49,12,37,124,85,39,28.32369942196532,6.9364161849710975,21.38728323699422,71.67630057803468,49.13294797687861,22.54335260115607
E00019501,129,29,18,11,100,69,31,22.48062015503876,13.953488372093023,8.527131782945736,77.51937984496125,53.48837209302325,24.031007751937985
E00019502,89,19,7,12,70,50,20,21.34831460674157,7.865168539325842,13.48314606741573,78.65168539325843,56.17977528089888,22.47191011235955
E00019503,115,38,15,23,77,61,16,33.04347826086956,13.043478260869565,20,66.95652173913044,53.04347826086957,13.91304347826087
E00019504,151,36,16,20,115,76,39,23.841059602649008,10.596026490066226,13.245033112582782,76.15894039735099,50.331125827814574,25.82781456953642
E00019505,160,33,14,19,127,93,34,20.625,8.75,11.875,79.375,58.12500000000001,21.25
E00019506,144,49,20,29,95,47,48,34.02777777777778,13.88888888888889,20.13888888888889,65.97222222222221,32.63888888888889,33.33333333333333
E00019507,141,23,12,11,118,76,42,16.312056737588655,8.51063829787234,7.801418439716312,83.68794326241135,53.90070921985816,29.78723404255319
E00019508,139,38,20,18,101,63,38,27.33812949640288,14.388489208633093,12.949640287769784,72.66187050359713,45.32374100719424,27.33812949640288
E00019509,191,24,9,15,167,120,47,12.56544502617801,4.712041884816754,7.853403141361256,87.43455497382199,62.82722513089005,24.60732984293194
E00019510,122,24,11,13,98,69,29,19.672131147540984,9.01639344262295,10.655737704918032,80.32786885245902,56.557377049180324,23.770491803278688
E00019511,128,36,17,19,92,73,19,28.125,13.28125,14.84375,71.875,57.03125,14.84375
E00019512,110,19,8,11,91,68,23,17.272727272727273,7.2727272727272725,10,82.72727272727273,61.81818181818181,20.909090909090907
E00019513,134,22,12,10,112,74,38,16.417910447761194,8.955223880597014,7.462686567164178,83.5820895522388,55.223880597014926,28.35820895522388
E00019514,132,25,9,16,107,81,26,18.939393939393938,6.8181818181818175,12.121212121212121,81.06060606060606,61.36363636363637,19.696969696969695
E00019515,125,32,15,17,93,70,23,25.6,12,13.600000000000001,74.4,56.00000000000001,18.4
E00019516,128,27,11,16,101,83,18,21.09375,8.59375,12.5,78.90625,64.84375,14.0625
E00019517,83,24,10,14,59,38,21,28.915662650602407,12.048192771084338,16.867469879518072,71.08433734939759,45.78313253012048,25.301204819277107
E00019518,186,37,21,16,149,100,49,19.892473118279568,11.29032258064516,8.60215053763441,80.10752688172043,53.76344086021505,26.344086021505376
E00019519,136,35,14,21,101,85,16,25.735294117647058,10.294117647058822,15.441176470588236,74.26470588235294,62.5,11.76470588235294
E00019520,213,49,20,29,164,118,46,23.004694835680752,9.389671361502346,13.615023474178404,76.99530516431925,55.39906103286385,21.5962441314554
E00019521,183,51,16,35,132,92,40,27.86885245901639,8.743169398907105,19.12568306010929,72.1311475409836,50.27322404371585,21.85792349726776
E00019522,145,32,16,16,113,78,35,22.06896551724138,11.03448275862069,11.03448275862069,77.93103448275862,53.79310344827586,24.137931034482758
E00019523,159,45,22,23,114,92,22,28.30188679245283,13.836477987421384,14.465408805031446,71.69811320754717,57.861635220125784,13.836477987421384
E00019524,217,44,19,25,173,135,38,20.276497695852534,8.755760368663594,11.52073732718894,79.72350230414746,62.21198156682027,17.51152073732719
E00019525,163,29,18,11,134,109,25,17.791411042944784,11.042944785276074,6.748466257668712,82.20858895705521,66.87116564417178,15.337423312883436
E00019526,171,24,7,17,147,102,45,14.035087719298245,4.093567251461988,9.941520467836257,85.96491228070175,59.64912280701754,26.31578947368421
E00019527,162,31,14,17,131,92,39,19.1358024691358,8.641975308641975,10.493827160493826,80.8641975308642,56.79012345679012,24.074074074074073
E00019528,227,51,21,30,176,137,39,22.46696035242291,9.251101321585903,13.215859030837004,77.5330396475771,60.352422907488986,17.180616740088105
E00019529,199,43,14,29,156,127,29,21.608040201005025,7.035175879396985,14.572864321608039,78.39195979899498,63.81909547738693,14.572864321608039
E00019530,218,59,26,33,159,119,40,27.06422018348624,11.926605504587156,15.137614678899084,72.93577981651376,54.58715596330275,18.34862385321101
E00019531,145,43,19,24,102,85,17,29.655172413793103,13.10344827586207,16.551724137931036,70.34482758620689,58.620689655172406,11.724137931034482
E00019532,221,59,21,38,162,125,37,26.69683257918552,9.502262443438914,17.194570135746606,73.303167420814475,56.56108597285068,16.7420814479638
E00019533,164,39,11,28,125,102,23,23.78048780487805,6.707317073170732,17.073170731707318,76.21951219512195,62.19512195121951,14.02439024390244
E00019534,178,52,24,28,126,93,33,29.213483146067414,13.48314606741573,15.730337078651685,70.78651685393258,52.24719101123596,18.53932584269663
E00019535,157,38,18,20,119,88,31,24.203821656050955,11.464968152866243,12.738853503184714,75.79617834394905,56.05095541401274,19.745222929936308
E00019536,145,44,15,29,101,73,28,30.344827586206897,10.344827586206897,20,69.6551724137931,50.3448275862069,19.310344827586206
E00019537,212,54,28,26,158,108,50,25.471698113207548,13.20754716981132,12.264150943396226,74.52830188679245,50.943396226415096,23.58490566037736
E00019538,147,36,11,25,111,85,26,24.489795918367346,7.482993197278912,17.006802721088434,75.51020408163265,57.82312925170068,17.687074829931973
E00019539,128,39,19,20,89,71,18,30.46875,14.84375,15.625,69.53125,55.46875,14.0625
E00019540,152,44,19,25,108,81,27,28.947368421052634,12.5,16.447368421052634,71.05263157894737,53.289473684210535,17.763157894736842
E00019542,155,56,30,26,99,67,32,36.12903225806451,19.35483870967742,16.7741935483871,63.87096774193548,43.225806451612904,20.64516129032258
E00019543,165,54,25,29,111,75,36,32.72727272727273,15.151515151515152,17.575757575757574,67.27272727272727,45.45454545454545,21.818181818181817
E00019544,110,41,23,18,69,57,12,37.27272727272727,20.909090909090907,16.363636363636363,62.727272727272734,51.81818181818182,10.909090909090908
E00019545,158,47,23,24,111,89,22,29.746835443037973,14.556962025316455,15.18987341772152,70.25316455696202,56.32911392405063,13.924050632911392
E00019546,172,43,20,23,129,95,34,25,11.627906976744185,13.372093023255813,75,55.23255813953488,19.767441860465116
E00019547,133,28,18,10,105,77,28,21.052631578947366,13.533834586466165,7.518796992481203,78.94736842105263,57.89473684210527,21.052631578947366
E00019548,168,59,32,27,109,77,32,35.11904761904761,19.047619047619047,16.071428571428573,64.88095238095238,45.83333333333333,19.047619047619047
E00019549,136,48,22,26,88,73,15,35.294117647058826,16.176470588235293,19.11764705882353,64.70588235294117,53.67647058823529,11.029411764705882
E00019550,199,51,26,25,148,125,23,25.628140703517587,13.06532663316583,12.562814070351758,74.37185929648241,62.8140703517588,11.557788944723619
E00019551,198,47,20,27,151,100,51,23.737373737373737,10.1010101010101,13.636363636363635,76.26262626262627,50.505050505050505,25.757575757575758
E00019552,169,36,17,19,133,108,25,21.301775147928996,10.059171597633137,11.242603550295858,78.69822485207101,63.905325443786985,14.792899408284024
E00019553,159,46,26,20,113,84,29,28.930817610062892,16.352201257861633,12.578616352201259,71.0691823899371,52.83018867924528,18.238993710691823
E00019554,161,36,15,21,125,97,28,22.36024844720497,9.316770186335404,13.043478260869565,77.63975155279503,60.24844720496895,17.391304347826086
E00019555,129,40,17,23,89,75,14,31.007751937984494,13.178294573643413,17.829457364341085,68.9922480620155,58.139534883720934,10.852713178294573
E00019556,198,50,17,33,148,103,45,25.252525252525253,8.585858585858585,16.666666666666664,74.74747474747475,52.02020202020202,22.727272727272727
E00019557,160,41,15,26,119,89,30,25.624999999999996,9.375,16.25,74.375,55.625,18.75
E00019558,157,33,14,19,124,102,22,21.019108280254777,8.9171974522293,12.101910828025478,78.98089171974523,64.96815286624204,14.012738853503185
E00019559,151,36,17,19,115,94,21,23.841059602649008,11.258278145695364,12.582781456953644,76.15894039735099,62.251655629139066,13.90728476821192
E00019560,134,37,12,25,97,78,19,27.611940298507463,8.955223880597014,18.65671641791045,72.38805970149254,58.2089552238806,14.17910447761194
E00019561,185,51,22,29,134,104,30,27.56756756756757,11.891891891891893,15.675675675675677,72.43243243243244,56.21621621621622,16.216216216216218
E00019562,118,43,16,27,75,41,34,36.440677966101696,13.559322033898304,22.88135593220339,63.559322033898304,34.74576271186441,28.8135593220339
E00019563,80,19,9,10,61,44,17,23.75,11.25,12.5,76.25,55.00000000000001,21.25
E00019564,136,29,13,16,107,77,30,21.323529411764707,9.558823529411764,11.76470588235294,78.67647058823529,56.61764705882353,22.058823529411764
E00019565,148,51,26,25,97,61,36,34.45945945945946,17.56756756756757,16.89189189189189,65.54054054054053,41.21621621621622,24.324324324324326
E00019566,83,27,7,20,56,45,11,32.53012048192771,8.433734939759036,24.096385542168676,67.46987951807229,54.21686746987952,13.253012048192772
E00019567,134,38,21,17,96,70,26,28.35820895522388,15.671641791044777,12.686567164179104,71.64179104477611,52.23880597014925,19.402985074626866
E00019568,133,28,16,12,105,87,18,21.052631578947366,12.030075187969924,9.022556390977442,78.94736842105263,65.41353383458647,13.533834586466165
E00019569,156,36,12,24,120,94,26,23.076923076923077,7.6923076923076925,15.384615384615385,76.92307692307693,60.256410256410255,16.666666666666664
E00019570,142,33,15,18,109,81,28,23.239436619718308,10.56338028169014,12.676056338028168,76.76056338028168,57.04225352112676,19.718309859154928
E00019571,164,41,22,19,123,94,29,25,13.414634146341465,11.585365853658537,75,57.3170731707317,17.682926829268293
E00019572,181,52,18,34,129,103,26,28.7292817679558,9.94475138121547,18.784530386740332,71.27071823204419,56.9060773480663,14.3646408839779
E00019573,149,44,19,25,105,75,30,29.53020134228188,12.751677852348994,16.778523489932887,70.46979865771812,50.33557046979866,20.13422818791946
E00019574,150,50,21,29,100,74,26,33.33333333333333,14.000000000000002,19.333333333333332,66.66666666666666,49.333333333333336,17.333333333333336
E00019575,155,46,20,26,109,79,30,29.677419354838708,12.903225806451612,16.7741935483871,70.3225806451613,50.967741935483865,19.35483870967742
E00019576,91,23,11,12,68,52,16,25.274725274725274,12.087912087912088,13.186813186813188,74.72527472527473,57.14285714285714,17.582417582417584
E00019577,156,40,21,19,116,87,29,25.64102564102564,13.461538461538462,12.179487179487179,74.35897435897436,55.769230769230774,18.58974358974359
E00019578,135,37,13,24,98,75,23,27.40740740740741,9.62962962962963,17.77777777777778,72.5925925925926,55.55555555555556,17.037037037037038
E00019579,159,40,23,17,119,84,35,25.157232704402517,14.465408805031446,10.69182389937107,74.84276729559748,52.83018867924528,22.0125786163522
E00019580,164,55,23,32,109,70,39,33.53658536585366,14.02439024390244,19.51219512195122,66.46341463414635,42.68292682926829,23.78048780487805
E00019581,138,33,12,21,105,83,22,23.91304347826087,8.695652173913043,15.217391304347828,76.08695652173914,60.14492753623188,15.942028985507244
E00019582,198,57,16,41,141,106,35,28.78787878787879,8.080808080808081,20.707070707070706,71.21212121212122,53.535353535353536,17.67676767676768
E00019583,181,49,19,30,132,94,38,27.071823204419886,10.497237569060774,16.574585635359114,72.92817679558011,51.93370165745856,20.994475138121548
E00019584,183,34,14,20,149,125,24,18.579234972677597,7.650273224043716,10.92896174863388,81.4207650273224,68.30601092896174,13.114754098360656
E00019585,182,50,22,28,132,106,26,27.472527472527474,12.087912087912088,15.384615384615385,72.52747252747253,58.24175824175825,14.285714285714285
E00019586,140,38,10,28,102,75,27,27.142857142857142,7.142857142857142,20,72.85714285714285,53.57142857142857,19.28571428571429
E00019587,162,48,19,29,114,85,29,29.629629629629626,11.728395061728394,17.901234567901234,70.37037037037037,52.46913580246913,17.901234567901234
E00019588,123,35,20,15,88,69,19,28.455284552845526,16.260162601626014,12.195121951219512,71.54471544715447,56.09756097560976,15.447154471544716
E00019589,134,28,10,18,106,78,28,20.8955223880597,7.462686567164178,13.432835820895523,79.1044776119403,58.2089552238806,20.8955223880597
E00019590,151,32,16,16,119,77,42,21.192052980132452,10.596026490066226,10.596026490066226,78.80794701986756,50.993377483443716,27.81456953642384
E00019591,162,43,18,25,119,72,47,26.543209876543212,11.11111111111111,15.432098765432098,73.4567901234568,44.44444444444444,29.01234567901235
E00019592,152,46,17,29,106,68,38,30.263157894736842,11.18421052631579,19.078947368421055,69.73684210526315,44.73684210526316,25
E00019593,129,53,20,33,76,60,16,41.08527131782946,15.503875968992247,25.581395348837212,58.91472868217055,46.51162790697674,12.4031007751938
E00019594,152,49,21,28,103,67,36,32.23684210526316,13.815789473684212,18.421052631578945,67.76315789473685,44.07894736842105,23.684210526315788
E00019595,138,32,13,19,106,84,22,23.18840579710145,9.420289855072465,13.768115942028986,76.81159420289855,60.86956521739131,15.942028985507244
E00019596,125,46,15,31,79,60,19,36.8,12,24.8,63.2,48,15.2
E00019597,203,33,14,19,170,132,38,16.25615763546798,6.896551724137931,9.35960591133005,83.74384236453201,65.02463054187191,18.7192118226601
E00019598,177,40,18,22,137,103,34,22.598870056497177,10.16949152542373,12.429378531073446,77.40112994350282,58.19209039548022,19.2090395480226
E00019599,126,40,19,21,86,61,25,31.746031746031743,15.079365079365079,16.666666666666664,68.25396825396825,48.41269841269841,19.841269841269842
E00019600,137,26,8,18,111,87,24,18.97810218978102,5.839416058394161,13.138686131386862,81.02189781021897,63.503649635036496,17.51824817518248
E00019601,223,37,16,21,186,154,32,16.591928251121075,7.174887892376682,9.417040358744394,83.40807174887892,69.05829596412556,14.349775784753364
E00019602,164,34,17,17,130,106,24,20.73170731707317,10.365853658536585,10.365853658536585,79.26829268292683,64.63414634146342,14.634146341463413
E00019603,171,36,13,23,135,99,36,21.052631578947366,7.602339181286549,13.450292397660817,78.94736842105263,57.89473684210527,21.052631578947366
E00019604,310,75,39,36,235,195,40,24.193548387096776,12.580645161290322,11.612903225806452,75.80645161290323,62.903225806451616,12.903225806451612
E00019605,197,41,11,30,156,124,32,20.812182741116754,5.583756345177665,15.228426395939088,79.18781725888326,62.944162436548226,16.243654822335024
E00019606,188,51,24,27,137,102,35,27.127659574468083,12.76595744680851,14.361702127659576,72.87234042553192,54.25531914893617,18.617021276595743
E00019607,99,15,7,8,84,57,27,15.151515151515152,7.07070707070707,8.080808080808081,84.84848484848484,57.57575757575758,27.27272727272727
E00019608,142,33,14,19,109,80,29,23.239436619718308,9.859154929577464,13.380281690140844,76.76056338028168,56.33802816901409,20.422535211267608
E00019609,131,30,14,16,101,67,34,22.900763358778626,10.687022900763358,12.213740458015266,77.09923664122137,51.14503816793893,25.954198473282442
E00019610,118,35,19,16,83,62,21,29.66101694915254,16.101694915254235,13.559322033898304,70.33898305084746,52.54237288135594,17.796610169491526
E00019611,189,31,16,15,158,119,39,16.402116402116402,8.465608465608465,7.936507936507936,83.5978835978836,62.96296296296296,20.634920634920633
E00019612,180,32,19,13,148,111,37,17.77777777777778,10.555555555555555,7.222222222222221,82.22222222222221,61.66666666666667,20.555555555555554
E00019613,136,31,11,20,105,77,28,22.794117647058822,8.088235294117647,14.705882352941178,77.20588235294117,56.61764705882353,20.588235294117645
E00019614,141,32,16,16,109,71,38,22.69503546099291,11.347517730496454,11.347517730496454,77.30496453900709,50.35460992907801,26.95035460992908
E00019615,161,37,16,21,124,98,26,22.981366459627328,9.937888198757763,13.043478260869565,77.01863354037268,60.86956521739131,16.149068322981368
E00019616,99,17,7,10,82,53,29,17.17171717171717,7.07070707070707,10.1010101010101,82.82828282828282,53.535353535353536,29.292929292929294
E00019617,195,51,19,32,144,108,36,26.153846153846157,9.7435897435897445,16.41025641025641,73.84615384615385,55.38461538461539,18.461538461538463
E00019618,152,29,16,13,123,93,30,19.078947368421055,10.526315789473683,8.552631578947368,80.92105263157895,61.18421052631579,19.736842105263158
E00019619,144,45,20,25,99,73,26,31.25,13.88888888888889,17.36111111111111,68.75,50.69444444444444,18.055555555555554
E00019620,192,52,18,34,140,100,40,27.083333333333332,9.375,17.708333333333336,72.91666666666666,52.083333333333336,20.833333333333336
E00019621,133,36,19,17,97,72,25,27.06766917293233,14.285714285714285,12.781954887218044,72.93233082706767,54.13533834586466,18.796992481203006
E00019622,198,57,29,28,141,117,24,28.78787878787879,14.646464646464647,14.14141414141414,71.21212121212122,59.09090909090909,12.121212121212121
E00019623,169,34,13,21,135,109,26,20.118343195266274,7.6923076923076925,12.42603550295858,79.88165680473372,64.49704142011834,15.384615384615385
E00019624,133,50,29,21,83,67,16,37.59398496240601,21.804511278195488,15.789473684210526,62.40601503759399,50.37593984962406,12.030075187969924
E00019625,173,29,9,20,144,106,38,16.76300578034682,5.202312138728324,11.560693641618498,83.23699421965318,61.27167630057804,21.965317919075144
E00019626,220,43,13,30,177,146,31,19.545454545454547,5.909090909090909,13.636363636363635,80.45454545454545,66.36363636363637,14.09090909090909
E00019627,141,36,18,18,105,86,19,25.53191489361702,12.76595744680851,12.76595744680851,74.46808510638297,60.99290780141844,13.47517730496454
E00019628,140,23,14,9,117,97,20,16.428571428571427,10,6.428571428571428,83.57142857142857,69.28571428571428,14.285714285714285
E00019629,172,46,15,31,126,96,30,26.744186046511626,8.720930232558139,18.023255813953487,73.25581395348837,55.81395348837209,17.441860465116278
E00019630,141,36,13,23,105,85,20,25.53191489361702,9.219858156028367,16.312056737588655,74.46808510638297,60.28368794326241,14.184397163120568
E00019631,171,46,27,19,125,99,26,26.900584795321635,15.789473684210526,11.11111111111111,73.09941520467837,57.89473684210527,15.204678362573098
E00019632,186,46,25,21,140,110,30,24.731182795698924,13.440860215053762,11.29032258064516,75.26881720430107,59.13978494623656,16.129032258064516
E00019633,163,55,20,35,108,85,23,33.74233128834356,12.269938650306749,21.472392638036812,66.25766871165644,52.14723926380368,14.11042944785276
E00019634,159,54,21,33,105,79,26,33.9622641509434,13.20754716981132,20.754716981132077,66.0377358490566,49.685534591194966,16.352201257861633
E00019635,165,43,12,31,122,104,18,26.060606060606062,7.2727272727272725,18.787878787878785,73.93939393939394,63.030303030303024,10.909090909090908
E00019636,166,41,14,27,125,85,40,24.69879518072289,8.433734939759036,16.265060240963855,75.30120481927712,51.204819277108435,24.096385542168676
E00019637,180,58,22,36,122,99,23,32.22222222222222,12.222222222222221,20,67.77777777777779,55.00000000000001,12.777777777777777
E00019638,193,62,24,38,131,108,23,32.12435233160622,12.435233160621761,19.689119170984455,67.87564766839378,55.95854922279793,11.917098445595855
E00019639,173,53,28,25,120,88,32,30.63583815028902,16.184971098265898,14.450867052023122,69.36416184971098,50.86705202312138,18.497109826589593
E00019640,157,49,16,33,108,89,19,31.210191082802545,10.191082802547772,21.019108280254777,68.78980891719745,56.68789808917197,12.101910828025478
E00019641,132,36,16,20,96,72,24,27.27272727272727,12.121212121212121,15.151515151515152,72.72727272727273,54.54545454545454,18.181818181818183
E00019642,166,37,15,22,129,105,24,22.289156626506024,9.036144578313253,13.253012048192772,77.71084337349397,63.25301204819277,14.457831325301203
E00019643,127,37,12,25,90,74,16,29.133858267716533,9.448818897637794,19.68503937007874,70.86614173228347,58.26771653543307,12.598425196850393
E00019644,134,46,25,21,88,73,15,34.32835820895522,18.65671641791045,15.671641791044777,65.67164179104478,54.47761194029851,11.194029850746269
E00019645,183,47,17,30,136,111,25,25.683060109289617,9.289617486338798,16.39344262295082,74.31693989071039,60.65573770491803,13.661202185792352
E00019646,211,57,18,39,154,117,37,27.014218009478675,8.530805687203792,18.48341232227488,72.98578199052133,55.45023696682464,17.535545023696685
E00019647,177,44,12,32,133,115,18,24.858757062146893,6.779661016949152,18.07909604519774,75.14124293785311,64.97175141242938,10.16949152542373
E00019648,120,37,24,13,83,73,10,30.833333333333336,20,10.833333333333334,69.16666666666667,60.83333333333333,8.333333333333332
E00019649,132,29,14,15,103,80,23,21.96969696969697,10.606060606060606,11.363636363636363,78.03030303030303,60.60606060606061,17.424242424242426
E00019650,173,52,22,30,121,91,30,30.057803468208093,12.716763005780345,17.341040462427745,69.94219653179191,52.601156069364166,17.341040462427745
E00019651,162,49,21,28,113,90,23,30.246913580246915,12.962962962962962,17.28395061728395,69.75308641975309,55.55555555555556,14.19753086419753
E00019652,190,45,15,30,145,122,23,23.684210526315788,7.894736842105263,15.789473684210526,76.31578947368422,64.21052631578948,12.105263157894736
E00019653,151,39,13,26,112,92,20,25.82781456953642,8.609271523178808,17.218543046357617,74.17218543046357,60.9271523178808,13.245033112582782
E00019654,182,44,21,23,138,115,23,24.175824175824175,11.538461538461538,12.637362637362637,75.82417582417582,63.18681318681318,12.637362637362637
E00019655,219,65,21,44,154,122,32,29.68036529680365,9.58904109589041,20.091324200913242,70.31963470319634,55.70776255707762,14.61187214611872
E00019656,189,56,22,34,133,112,21,29.629629629629626,11.64021164021164,17.989417989417987,70.37037037037037,59.25925925925925,11.11111111111111
E00019657,153,50,19,31,103,84,19,32.6797385620915,12.418300653594772,20.26143790849673,67.3202614379085,54.90196078431373,12.418300653594772
E00019658,132,51,13,38,81,72,9,38.63636363636363,9.848484848484848,28.78787878787879,61.36363636363637,54.54545454545454,6.8181818181818175
E00019659,170,36,14,22,134,102,32,21.176470588235293,8.235294117647058,12.941176470588237,78.82352941176471,60,18.823529411764707
E00019660,177,62,24,38,115,104,11,35.02824858757062,13.559322033898304,21.468926553672315,64.97175141242938,58.75706214689266,6.214689265536723
E00019661,156,42,16,26,114,97,17,26.923076923076923,10.256410256410255,16.666666666666664,73.07692307692307,62.17948717948718,10.897435897435898
E00019662,160,25,10,15,135,114,21,15.625,6.25,9.375,84.375,71.25,13.125
E00019663,145,36,10,26,109,83,26,24.82758620689655,6.896551724137931,17.93103448275862,75.17241379310344,57.24137931034483,17.93103448275862
E00019664,183,50,25,25,133,115,18,27.322404371584703,13.661202185792352,13.661202185792352,72.6775956284153,62.841530054644814,9.836065573770492
E00019665,146,41,21,20,105,85,20,28.08219178082192,14.383561643835616,13.698630136986301,71.91780821917808,58.21917808219178,13.698630136986301
E00019666,212,55,22,33,157,130,27,25.943396226415093,10.377358490566039,15.566037735849056,74.05660377358491,61.32075471698113,12.735849056603774
E00019667,143,42,17,25,101,77,24,29.37062937062937,11.888111888111888,17.482517482517483,70.62937062937063,53.84615384615385,16.783216783216783
E00019668,120,35,7,28,85,69,16,29.166666666666668,5.833333333333333,23.333333333333332,70.83333333333334,57.49999999999999,13.333333333333334
E00019669,170,51,19,32,119,98,21,30,11.176470588235295,18.823529411764707,70,57.647058823529406,12.352941176470589
E00019670,176,46,15,31,130,96,34,26.136363636363637,8.522727272727272,17.613636363636363,73.86363636363636,54.54545454545454,19.318181818181817
E00019671,188,51,28,23,137,120,17,27.127659574468083,14.893617021276595,12.23404255319149,72.87234042553192,63.829787234042556,9.042553191489363
E00019672,98,37,12,25,61,54,7,37.755102040816325,12.244897959183673,25.510204081632654,62.244897959183675,55.10204081632652,7.142857142857142
E00019673,166,47,16,31,119,100,19,28.313253012048197,9.63855421686747,18.67469879518072,71.6867469879518,60.24096385542169,11.44578313253012
E00019674,129,32,15,17,97,78,19,24.8062015503876,11.627906976744185,13.178294573643413,75.1937984496124,60.46511627906976,14.728682170542637
E00019675,195,53,23,30,142,106,36,27.17948717948718,11.794871794871794,15.384615384615385,72.82051282051282,54.35897435897436,18.461538461538463
E00019676,150,41,16,25,109,83,26,27.333333333333332,10.666666666666668,16.666666666666664,72.66666666666667,55.333333333333336,17.333333333333336
E00019677,181,45,20,25,136,116,20,24.861878453038674,11.049723756906078,13.812154696132598,75.13812154696133,64.08839779005525,11.049723756906078
E00019678,161,59,22,37,102,85,17,36.64596273291926,13.664596273291925,22.981366459627328,63.35403726708074,52.79503105590062,10.559006211180124
E00019679,181,51,17,34,130,117,13,28.176795580110497,9.392265193370166,18.784530386740332,71.8232044198895,64.64088397790056,7.18232044198895
E00019680,213,56,21,35,157,129,28,26.291079812206576,9.859154929577464,16.431924882629108,73.70892018779342,60.56338028169014,13.145539906103288
E00019681,169,53,23,30,116,92,24,31.360946745562128,13.609467455621301,17.75147928994083,68.63905325443787,54.437869822485204,14.201183431952662
E00019682,196,57,14,43,139,120,19,29.081632653061224,7.142857142857142,21.93877551020408,70.91836734693877,61.224489795918366,9.693877551020408
E00019683,182,50,17,33,132,115,17,27.472527472527474,9.340659340659341,18.13186813186813,72.52747252747253,63.18681318681318,9.340659340659341
E00019684,166,48,16,32,118,95,23,28.915662650602407,9.63855421686747,19.27710843373494,71.08433734939759,57.22891566265061,13.855421686746988
E00174880,110,42,12,30,68,52,16,38.18181818181819,10.909090909090908,27.27272727272727,61.81818181818181,47.27272727272727,14.545454545454545
E00174881,141,21,13,8,120,80,40,14.893617021276595,9.219858156028367,5.673758865248227,85.1063829787234,56.73758865248227,28.368794326241137
E00174882,205,27,13,14,178,140,38,13.170731707317074,6.341463414634147,6.829268292682928,86.82926829268293,68.29268292682927,18.536585365853657
E00174883,149,30,10,20,119,85,34,20.13422818791946,6.7114093959731544,13.422818791946309,79.86577181208054,57.04697986577181,22.818791946308725
E00174884,145,90,65,25,55,40,15,62.06896551724138,44.827586206896555,17.24137931034483,37.93103448275862,27.586206896551722,10.344827586206897
E00174885,59,15,7,8,44,33,11,25.423728813559322,11.864406779661017,13.559322033898304,74.57627118644068,55.932203389830505,18.64406779661017
E00174886,243,38,21,17,205,165,40,15.637860082304528,8.641975308641975,6.995884773662551,84.36213991769547,67.90123456790124,16.46090534979424
E00174887,145,34,13,21,111,87,24,23.448275862068964,8.96551724137931,14.482758620689657,76.55172413793103,60,16.551724137931036
E00174888,160,27,13,14,133,86,47,16.875,8.125,8.75,83.125,53.75,29.375
E00184348,206,51,19,32,155,120,35,24.75728155339806,9.223300970873787,15.53398058252427,75.24271844660194,58.252427184466015,16.990291262135923
E00184354,220,85,41,44,135,113,22,38.63636363636363,18.636363636363637,20,61.36363636363637,51.36363636363637,10
E00184357,67,12,5,7,55,31,24,17.91044776119403,7.462686567164178,10.44776119402985,82.08955223880598,46.26865671641791,35.82089552238806
E00184363,131,40,18,22,91,64,27,30.53435114503817,13.740458015267176,16.793893129770993,69.46564885496184,48.854961832061065,20.610687022900763
E00184367,145,43,18,25,102,75,27,29.655172413793103,12.413793103448276,17.24137931034483,70.34482758620689,51.724137931034484,18.620689655172416
E00184378,265,69,30,39,196,144,52,26.037735849056602,11.320754716981133,14.716981132075471,73.9622641509434,54.339622641509436,19.622641509433965
E00184381,63,23,7,16,40,36,4,36.507936507936506,11.11111111111111,25.396825396825395,63.49206349206349,57.14285714285714,6.349206349206349
E00184384,136,34,14,20,102,63,39,25,10.294117647058822,14.705882352941178,75,46.32352941176471,28.676470588235293
