OA,ts0380001,ts0380002,ts0380003,ts0380004,ts0380005,ts0380006,ts0380007,ts0380002_PCT,ts0380003_PCT,ts0380004_PCT,ts0380005_PCT,ts0380006_PCT,ts0380007_PCT
E00019077,367,50,20,30,317,21,296,13.623978201634879,5.449591280653951,8.174386920980927,86.37602179836512,5.722070844686648,80.65395095367847
E00019078,419,34,10,24,385,21,364,8.1145584725537,2.386634844868735,5.727923627684964,91.8854415274463,5.011933174224343,86.87350835322196
E00019079,271,27,5,22,244,14,230,9.96309963099631,1.8450184501845017,8.118081180811808,90.03690036900369,5.166051660516605,84.87084870848709
E00019080,208,48,31,17,160,13,147,23.076923076923077,14.903846153846153,8.173076923076923,76.92307692307693,6.25,70.67307692307693
E00019081,217,26,14,12,191,11,180,11.981566820276496,6.451612903225806,5.529953917050691,88.0184331797235,5.0691244239631335,82.94930875576037
E00019082,339,60,29,31,279,15,264,17.699115044247787,8.55457227138643,9.144542772861357,82.30088495575221,4.424778761061947,77.87610619469027
E00019083,345,34,12,22,311,18,293,9.855072463768117,3.4782608695652173,6.3768115942028984,90.14492753623189,5.217391304347826,84.92753623188406
E00019084,252,21,5,16,231,13,218,8.333333333333332,1.984126984126984,6.349206349206349,91.66666666666666,5.158730158730158,86.5079365079365
E00019085,301,59,30,29,242,20,222,19.601328903654487,9.966777408637874,9.634551495016613,80.39867109634552,6.64451827242525,73.75415282392026
E00019086,343,52,20,32,291,18,273,15.160349854227405,5.830903790087463,9.329446064139942,84.8396501457726,5.247813411078718,79.59183673469387
E00019087,324,22,4,18,302,29,273,6.790123456790123,1.2345679012345678,5.555555555555555,93.20987654320987,8.950617283950617,84.25925925925925
E00019088,304,57,28,29,247,17,230,18.75,9.210526315789473,9.539473684210527,81.25,5.592105263157895,75.6578947368421
E00019089,293,32,12,20,261,11,250,10.921501706484642,4.09556313993174,6.825938566552901,89.07849829351537,3.754266211604096,85.32423208191126
E00019090,290,52,17,35,238,21,217,17.93103448275862,5.862068965517241,12.068965517241379,82.06896551724138,7.241379310344828,74.82758620689656
E00019091,223,19,9,10,204,13,191,8.520179372197308,4.0358744394618835,4.484304932735426,91.4798206278027,5.829596412556054,85.65022421524664
E00019092,192,16,0,16,176,13,163,8.333333333333332,0,8.333333333333332,91.66666666666666,6.770833333333333,84.89583333333334
E00019093,179,56,32,24,123,12,111,31.28491620111732,17.877094972067038,13.40782122905028,68.71508379888269,6.70391061452514,62.01117318435754
E00019094,284,26,10,16,258,16,242,9.15492957746479,3.5211267605633805,5.633802816901409,90.84507042253522,5.633802816901409,85.2112676056338
E00019095,300,75,43,32,225,16,209,25,14.333333333333334,10.666666666666668,75,5.333333333333334,69.66666666666667
E00019096,430,80,58,22,350,24,326,18.6046511627907,13.488372093023257,5.116279069767442,81.3953488372093,5.5813953488372094,75.81395348837209
E00019097,349,33,5,28,316,20,296,9.455587392550143,1.4326647564469914,8.022922636103152,90.54441260744986,5.730659025787966,84.81375358166189
E00019098,372,33,13,20,339,15,324,8.870967741935484,3.494623655913978,5.376344086021505,91.12903225806451,4.032258064516129,87.09677419354838
E00019099,299,32,15,17,267,18,249,10.702341137123746,5.016722408026756,5.68561872909699,89.29765886287625,6.0200668896321075,83.27759197324414
E00019100,344,31,9,22,313,15,298,9.011627906976743,2.616279069767442,6.395348837209303,90.98837209302324,4.3604651162790695,86.62790697674419
E00019101,356,36,9,27,320,25,295,10.112359550561797,2.528089887640449,7.584269662921349,89.8876404494382,7.02247191011236,82.86516853932584
E00019102,292,27,8,19,265,22,243,9.246575342465754,2.73972602739726,6.506849315068493,90.75342465753424,7.534246575342466,83.21917808219177
E00019103,298,28,7,21,270,24,246,9.395973154362416,2.348993288590604,7.046979865771812,90.60402684563759,8.053691275167784,82.5503355704698
E00019104,312,27,8,19,285,21,264,8.653846153846153,2.564102564102564,6.089743589743589,91.34615384615384,6.730769230769231,84.61538461538461
E00019105,266,36,13,23,230,23,207,13.533834586466165,4.887218045112782,8.646616541353383,86.46616541353383,8.646616541353383,77.81954887218046
E00019106,365,26,6,20,339,25,314,7.123287671232877,1.643835616438356,5.47945205479452,92.87671232876711,6.8493150684931505,86.02739726027397
E00019107,345,26,11,15,319,20,299,7.536231884057972,3.1884057971014492,4.3478260869565215,92.46376811594203,5.797101449275362,86.66666666666667
E00019108,349,31,9,22,318,21,297,8.882521489971348,2.5787965616045847,6.303724928366762,91.11747851002865,6.017191977077363,85.10028653295129
E00019109,297,24,7,17,273,21,252,8.080808080808081,2.356902356902357,5.723905723905724,91.91919191919192,7.07070707070707,84.84848484848484
E00019110,334,31,11,20,303,29,274,9.281437125748502,3.293413173652695,5.9880239520958085,90.71856287425149,8.682634730538922,82.03592814371258
E00019111,342,31,10,21,311,20,291,9.064327485380117,2.923976608187134,6.140350877192982,90.93567251461988,5.847953216374268,85.08771929824562
E00019112,410,33,11,22,377,24,353,8.048780487804878,2.682926829268293,5.365853658536586,91.95121951219512,5.853658536585367,86.09756097560975
E00019113,299,46,22,24,253,12,241,15.384615384615385,7.357859531772576,8.02675585284281,84.61538461538461,4.013377926421405,80.60200668896321
E00019114,340,39,17,22,301,26,275,11.470588235294118,5,6.470588235294119,88.52941176470588,7.647058823529412,80.88235294117648
E00019115,265,30,7,23,235,13,222,11.320754716981133,2.6415094339622645,8.679245283018867,88.67924528301887,4.905660377358491,83.77358490566039
E00019116,350,29,13,16,321,29,292,8.285714285714285,3.7142857142857144,4.571428571428571,91.71428571428571,8.285714285714285,83.42857142857143
E00019117,319,28,8,20,291,20,271,8.77742946708464,2.507836990595611,6.269592476489027,91.22257053291536,6.269592476489027,84.95297805642633
E00019118,361,34,8,26,327,22,305,9.418282548476455,2.21606648199446,7.202216066481995,90.58171745152355,6.094182825484765,84.48753462603878
E00019119,289,48,19,29,241,25,216,16.608996539792386,6.5743944636678195,10.034602076124568,83.39100346020761,8.650519031141869,74.74048442906575
E00019120,290,14,4,10,276,21,255,4.827586206896552,1.3793103448275863,3.4482758620689653,95.17241379310344,7.241379310344828,87.93103448275862
E00019121,309,25,8,17,284,25,259,8.090614886731391,2.5889967637540456,5.501618122977346,91.9093851132686,8.090614886731391,83.81877022653723
E00019122,272,18,5,13,254,15,239,6.61764705882353,1.8382352941176472,4.779411764705882,93.38235294117648,5.514705882352941,87.86764705882352
E00019123,328,32,10,22,296,17,279,9.75609756097561,3.048780487804878,6.707317073170732,90.2439024390244,5.182926829268292,85.0609756097561
E00019124,351,33,10,23,318,23,295,9.401709401709402,2.849002849002849,6.552706552706552,90.5982905982906,6.552706552706552,84.04558404558404
E00019125,318,30,7,23,288,19,269,9.433962264150944,2.20125786163522,7.232704402515723,90.56603773584906,5.9748427672955975,84.59119496855347
E00019126,448,33,8,25,415,14,401,7.366071428571429,1.7857142857142856,5.580357142857143,92.63392857142857,3.125,89.50892857142857
E00019127,361,22,7,15,339,23,316,6.094182825484765,1.9390581717451523,4.1551246537396125,93.90581717451524,6.3711911357340725,87.53462603878116
E00019128,339,41,15,26,298,19,279,12.094395280235988,4.424778761061947,7.669616519174041,87.90560471976401,5.604719764011799,82.30088495575221
E00019129,257,26,7,19,231,10,221,10.116731517509727,2.7237354085603114,7.392996108949417,89.88326848249028,3.8910505836575875,85.99221789883269
E00019130,327,26,4,22,301,23,278,7.951070336391437,1.2232415902140672,6.727828746177369,92.04892966360856,7.033639143730887,85.01529051987767
E00019131,354,27,10,17,327,24,303,7.627118644067797,2.824858757062147,4.80225988700565,92.37288135593221,6.779661016949152,85.59322033898306
E00019132,273,46,13,33,227,22,205,16.84981684981685,4.761904761904762,12.087912087912088,83.15018315018315,8.058608058608058,75.0915750915751
E00019133,351,33,4,29,318,16,302,9.401709401709402,1.1396011396011396,8.262108262108262,90.5982905982906,4.5584045584045585,86.03988603988604
E00019134,353,25,5,20,328,23,305,7.0821529745042495,1.41643059490085,5.6657223796034,92.91784702549575,6.515580736543909,86.40226628895185
E00019135,381,19,4,15,362,35,327,4.986876640419948,1.0498687664041995,3.937007874015748,95.01312335958005,9.186351706036746,85.8267716535433
E00019136,389,25,11,14,364,26,338,6.426735218508997,2.827763496143959,3.5989717223650386,93.573264781491,6.683804627249357,86.88946015424165
E00019137,325,34,8,26,291,18,273,10.461538461538462,2.4615384615384617,8,89.53846153846153,5.538461538461538,84
E00019138,310,35,11,24,275,24,251,11.29032258064516,3.5483870967741935,7.741935483870968,88.70967741935483,7.741935483870968,80.96774193548387
E00019139,400,37,12,25,363,20,343,9.25,3,6.25,90.75,5,85.75
E00019140,314,19,4,15,295,21,274,6.050955414012739,1.2738853503184715,4.777070063694268,93.94904458598727,6.687898089171974,87.26114649681529
E00019141,321,36,10,26,285,15,270,11.214953271028037,3.115264797507788,8.09968847352025,88.78504672897196,4.672897196261682,84.11214953271028
E00019142,294,16,4,12,278,25,253,5.442176870748299,1.3605442176870748,4.081632653061225,94.5578231292517,8.503401360544217,86.05442176870748
E00019143,344,58,28,30,286,35,251,16.86046511627907,8.13953488372093,8.720930232558139,83.13953488372093,10.174418604651162,72.96511627906976
E00019144,308,38,11,27,270,23,247,12.337662337662337,3.571428571428571,8.766233766233766,87.66233766233766,7.467532467532467,80.1948051948052
E00019145,459,51,17,34,408,19,389,11.11111111111111,3.7037037037037033,7.4074074074074066,88.88888888888889,4.139433551198257,84.74945533769062
E00019146,336,24,5,19,312,29,283,7.142857142857142,1.488095238095238,5.654761904761905,92.85714285714286,8.630952380952381,84.22619047619048
E00019147,357,43,22,21,314,37,277,12.044817927170868,6.162464985994398,5.88235294117647,87.95518207282913,10.364145658263306,77.59103641456583
E00019148,319,28,13,15,291,26,265,8.77742946708464,4.075235109717868,4.702194357366771,91.22257053291536,8.150470219435736,83.07210031347962
E00019149,329,41,14,27,288,26,262,12.462006079027356,4.25531914893617,8.206686930091186,87.53799392097264,7.90273556231003,79.63525835866263
E00019150,293,55,19,36,238,19,219,18.771331058020476,6.484641638225256,12.286689419795222,81.22866894197952,6.484641638225256,74.74402730375427
E00019151,299,30,11,19,269,33,236,10.033444816053512,3.678929765886288,6.354515050167224,89.96655518394648,11.036789297658862,78.92976588628763
E00019152,294,30,13,17,264,29,235,10.204081632653061,4.421768707482993,5.782312925170068,89.79591836734694,9.863945578231291,79.93197278911565
E00019153,419,98,67,31,321,43,278,23.389021479713605,15.990453460620524,7.398568019093078,76.6109785202864,10.26252983293556,66.34844868735084
E00019154,275,40,9,31,235,17,218,14.545454545454545,3.272727272727273,11.272727272727273,85.45454545454545,6.181818181818182,79.27272727272727
E00019155,224,27,9,18,197,12,185,12.053571428571429,4.017857142857143,8.035714285714286,87.94642857142857,5.357142857142857,82.58928571428571
E00019156,354,28,11,17,326,21,305,7.909604519774012,3.1073446327683616,4.80225988700565,92.09039548022598,5.932203389830509,86.15819209039547
E00019157,273,26,8,18,247,26,221,9.523809523809524,2.93040293040293,6.593406593406594,90.47619047619048,9.523809523809524,80.95238095238095
E00019158,233,48,26,22,185,17,168,20.600858369098713,11.158798283261802,9.44206008583691,79.39914163090128,7.296137339055794,72.1030042918455
E00019159,284,47,18,29,237,20,217,16.549295774647888,6.338028169014084,10.211267605633804,83.45070422535211,7.042253521126761,76.40845070422534
E00019160,355,21,3,18,334,29,305,5.915492957746479,0.8450704225352111,5.070422535211268,94.08450704225352,8.169014084507042,85.91549295774648
E00019161,239,39,14,25,200,24,176,16.317991631799163,5.857740585774058,10.460251046025103,83.68200836820083,10.0418410041841,73.64016736401673
E00019162,340,36,8,28,304,30,274,10.588235294117647,2.3529411764705883,8.235294117647058,89.41176470588236,8.823529411764707,80.58823529411765
E00019163,480,62,28,34,418,40,378,12.916666666666668,5.833333333333333,7.083333333333333,87.08333333333333,8.333333333333332,78.75
E00019164,274,34,6,28,240,14,226,12.408759124087592,2.18978102189781,10.218978102189782,87.59124087591242,5.109489051094891,82.48175182481752
E00019165,387,26,7,19,361,21,340,6.718346253229974,1.8087855297157622,4.909560723514212,93.28165374677002,5.426356589147287,87.85529715762273
E00019166,324,52,16,36,272,24,248,16.049382716049383,4.938271604938271,11.11111111111111,83.9506172839506,7.4074074074074066,76.5432098765432
E00019167,323,34,10,24,289,19,270,10.526315789473683,3.0959752321981426,7.430340557275541,89.47368421052632,5.88235294117647,83.59133126934985
E00019168,346,44,11,33,302,25,277,12.716763005780345,3.1791907514450863,9.53757225433526,87.28323699421965,7.225433526011561,80.05780346820809
E00019169,319,30,10,20,289,22,267,9.404388714733543,3.1347962382445136,6.269592476489027,90.59561128526646,6.896551724137931,83.69905956112854
E00019170,336,42,14,28,294,23,271,12.5,4.166666666666666,8.333333333333332,87.5,6.845238095238096,80.65476190476191
E00019171,309,25,5,20,284,21,263,8.090614886731391,1.6181229773462782,6.472491909385113,91.9093851132686,6.796116504854369,85.11326860841424
E00019172,294,18,5,13,276,32,244,6.122448979591836,1.7006802721088436,4.421768707482993,93.87755102040816,10.884353741496598,82.99319727891157
E00019173,362,33,5,28,329,31,298,9.116022099447514,1.3812154696132597,7.734806629834254,90.88397790055248,8.56353591160221,82.32044198895028
E00019174,344,55,23,32,289,31,258,15.988372093023257,6.686046511627906,9.30232558139535,84.01162790697676,9.011627906976743,75
E00019175,253,22,8,14,231,4,227,8.695652173913043,3.1620553359683794,5.533596837944664,91.30434782608695,1.5810276679841897,89.72332015810277
E00019176,316,33,10,23,283,16,267,10.443037974683545,3.1645569620253164,7.2784810126582276,89.55696202531645,5.063291139240507,84.49367088607595
E00019177,321,57,30,27,264,9,255,17.75700934579439,9.345794392523365,8.411214953271028,82.2429906542056,2.803738317757009,79.43925233644859
E00019178,322,36,10,26,286,24,262,11.180124223602485,3.1055900621118013,8.074534161490684,88.81987577639751,7.453416149068323,81.36645962732919
E00019179,352,43,18,25,309,16,293,12.215909090909092,5.113636363636364,7.1022727272727275,87.7840909090909,4.545454545454546,83.23863636363636
E00019180,361,76,32,44,285,22,263,21.052631578947366,8.86426592797784,12.18836565096953,78.94736842105263,6.094182825484765,72.85318559556787
E00019181,271,38,16,22,233,18,215,14.022140221402212,5.904059040590406,8.118081180811808,85.97785977859779,6.642066420664207,79.33579335793358
E00019182,349,33,8,25,316,22,294,9.455587392550143,2.292263610315186,7.163323782234957,90.54441260744986,6.303724928366762,84.2406876790831
E00019183,233,29,11,18,204,12,192,12.446351931330472,4.721030042918455,7.725321888412018,87.55364806866953,5.150214592274678,82.40343347639485
E00019184,324,42,14,28,282,16,266,12.962962962962962,4.320987654320987,8.641975308641975,87.03703703703704,4.938271604938271,82.09876543209876
E00019185,355,31,15,16,324,26,298,8.732394366197182,4.225352112676056,4.507042253521127,91.26760563380282,7.323943661971831,83.94366197183099
E00019186,385,76,40,36,309,22,287,19.74025974025974,10.38961038961039,9.35064935064935,80.25974025974027,5.714285714285714,74.54545454545455
E00019187,269,41,16,25,228,16,212,15.241635687732341,5.947955390334572,9.293680297397769,84.75836431226766,5.947955390334572,78.81040892193309
E00019188,305,35,17,18,270,28,242,11.475409836065573,5.573770491803279,5.901639344262295,88.52459016393442,9.180327868852459,79.34426229508198
E00019189,350,48,17,31,302,19,283,13.714285714285715,4.857142857142857,8.857142857142856,86.28571428571429,5.428571428571429,80.85714285714286
E00019190,299,48,17,31,251,19,232,16.05351170568562,5.68561872909699,10.367892976588628,83.94648829431438,6.354515050167224,77.59197324414716
E00019191,367,68,38,30,299,26,273,18.52861035422343,10.354223433242508,8.174386920980927,81.47138964577657,7.084468664850137,74.38692098092643
E00019192,508,73,34,39,435,26,409,14.37007874015748,6.692913385826772,7.677165354330709,85.62992125984252,5.118110236220472,80.51181102362204
E00019193,281,20,0,20,261,13,248,7.11743772241993,0,7.11743772241993,92.88256227758008,4.6263345195729535,88.25622775800713
E00019194,244,19,6,13,225,9,216,7.786885245901639,2.459016393442623,5.327868852459016,92.21311475409836,3.6885245901639343,88.52459016393442
E00019195,356,32,8,24,324,14,310,8.98876404494382,2.247191011235955,6.741573033707865,91.01123595505618,3.932584269662921,87.07865168539325
E00019196,243,22,10,12,221,12,209,9.053497942386832,4.11522633744856,4.938271604938271,90.94650205761316,4.938271604938271,86.0082304526749
E00019197,377,73,30,43,304,19,285,19.363395225464192,7.957559681697612,11.405835543766578,80.63660477453581,5.039787798408488,75.59681697612733
E00019198,311,53,25,28,258,24,234,17.041800643086816,8.038585209003216,9.003215434083602,82.95819935691318,7.717041800643088,75.2411575562701
E00019199,372,38,15,23,334,16,318,10.21505376344086,4.032258064516129,6.182795698924731,89.78494623655914,4.301075268817205,85.48387096774194
E00019200,305,46,21,25,259,16,243,15.081967213114755,6.885245901639345,8.19672131147541,84.91803278688525,5.245901639344262,79.67213114754098
E00019201,307,53,24,29,254,18,236,17.263843648208468,7.81758957654723,9.446254071661238,82.73615635179154,5.863192182410423,76.8729641693811
E00019202,318,30,12,18,288,24,264,9.433962264150944,3.7735849056603774,5.660377358490567,90.56603773584906,7.547169811320755,83.01886792452831
E00019203,252,15,1,14,237,23,214,5.952380952380952,0.3968253968253968,5.555555555555555,94.04761904761905,9.126984126984127,84.92063492063492
E00019204,320,54,24,30,266,22,244,16.875,7.5,9.375,83.125,6.875000000000001,76.25
E00019205,359,38,13,25,321,19,302,10.584958217270195,3.6211699164345403,6.963788300835655,89.41504178272982,5.2924791086350975,84.12256267409471
E00019206,319,40,15,25,279,29,250,12.539184952978054,4.702194357366771,7.836990595611286,87.46081504702194,9.090909090909092,78.36990595611285
E00019207,284,51,20,31,233,16,217,17.95774647887324,7.042253521126761,10.915492957746478,82.04225352112677,5.633802816901409,76.40845070422534
E00019208,235,42,20,22,193,11,182,17.872340425531917,8.51063829787234,9.361702127659575,82.12765957446808,4.680851063829787,77.4468085106383
E00019209,245,67,33,34,178,24,154,27.346938775510203,13.46938775510204,13.877551020408163,72.6530612244898,9.795918367346939,62.857142857142854
E00019210,333,28,10,18,305,28,277,8.408408408408409,3.003003003003003,5.405405405405405,91.5915915915916,8.408408408408409,83.18318318318319
E00019211,305,33,10,23,272,22,250,10.819672131147541,3.278688524590164,7.540983606557377,89.18032786885246,7.213114754098362,81.9672131147541
E00019212,319,28,6,22,291,25,266,8.77742946708464,1.8808777429467085,6.896551724137931,91.22257053291536,7.836990595611286,83.38557993730407
E00019213,325,32,7,25,293,26,267,9.846153846153847,2.1538461538461537,7.6923076923076925,90.15384615384615,8,82.15384615384616
E00019214,384,36,11,25,348,19,329,9.375,2.864583333333333,6.510416666666667,90.625,4.947916666666666,85.67708333333334
E00019215,353,29,5,24,324,31,293,8.21529745042493,1.41643059490085,6.79886685552408,91.78470254957507,8.78186968838527,83.0028328611898
E00019216,325,32,15,17,293,17,276,9.846153846153847,4.615384615384616,5.230769230769231,90.15384615384615,5.230769230769231,84.92307692307692
E00019217,313,50,24,26,263,22,241,15.974440894568689,7.667731629392971,8.30670926517572,84.02555910543131,7.0287539936102235,76.99680511182109
E00019218,397,33,12,21,364,29,335,8.312342569269521,3.022670025188917,5.289672544080604,91.68765743073047,7.304785894206549,84.38287153652394
E00019219,347,34,9,25,313,23,290,9.798270893371757,2.5936599423631126,7.204610951008646,90.20172910662824,6.628242074927954,83.5734870317003
E00019220,348,53,18,35,295,32,263,15.229885057471265,5.172413793103448,10.057471264367816,84.77011494252874,9.195402298850574,75.57471264367817
E00019221,313,33,10,23,280,35,245,10.543130990415335,3.1948881789137378,7.348242811501597,89.45686900958466,11.182108626198083,78.27476038338658
E00019222,315,28,4,24,287,19,268,8.88888888888889,1.2698412698412698,7.6190476190476195,91.11111111111111,6.031746031746032,85.07936507936508
E00019223,434,36,9,27,398,32,366,8.294930875576037,2.0737327188940093,6.221198156682028,91.70506912442397,7.373271889400922,84.33179723502305
E00019224,294,41,17,24,253,20,233,13.945578231292515,5.782312925170068,8.16326530612245,86.05442176870748,6.802721088435375,79.25170068027211
E00019225,294,41,14,27,253,21,232,13.945578231292515,4.761904761904762,9.183673469387756,86.05442176870748,7.142857142857142,78.91156462585033
E00019226,336,40,11,29,296,29,267,11.904761904761903,3.273809523809524,8.630952380952381,88.09523809523809,8.630952380952381,79.46428571428571
E00019227,320,42,19,23,278,22,256,13.125,5.9375,7.187499999999999,86.875,6.875000000000001,80
E00019228,307,49,23,26,258,12,246,15.960912052117262,7.491856677524431,8.469055374592834,84.03908794788273,3.908794788273615,80.13029315960912
E00019229,305,39,18,21,266,17,249,12.786885245901638,5.901639344262295,6.885245901639345,87.21311475409837,5.573770491803279,81.63934426229508
E00019230,314,43,19,24,271,19,252,13.694267515923567,6.050955414012739,7.643312101910828,86.30573248407643,6.050955414012739,80.2547770700637
E00019231,270,33,10,23,237,14,223,12.222222222222221,3.7037037037037033,8.518518518518519,87.77777777777777,5.185185185185185,82.5925925925926
E00019232,334,54,16,38,280,26,254,16.16766467065868,4.790419161676647,11.377245508982035,83.8323353293413,7.784431137724551,76.04790419161677
E00019233,281,128,84,44,153,6,147,45.55160142348754,29.8932384341637,15.658362989323843,54.44839857651246,2.135231316725979,52.313167259786475
E00019234,353,44,12,32,309,31,278,12.464589235127479,3.39943342776204,9.06515580736544,87.53541076487252,8.78186968838527,78.75354107648725
E00019235,351,44,17,27,307,29,278,12.535612535612536,4.843304843304843,7.6923076923076925,87.46438746438746,8.262108262108262,79.2022792022792
E00019236,298,37,12,25,261,15,246,12.416107382550337,4.026845637583892,8.389261744966444,87.58389261744966,5.033557046979865,82.5503355704698
E00019237,258,33,12,21,225,30,195,12.790697674418606,4.651162790697675,8.13953488372093,87.20930232558139,11.627906976744185,75.5813953488372
E00019238,247,31,14,17,216,16,200,12.550607287449392,5.668016194331984,6.882591093117409,87.4493927125506,6.477732793522267,80.97165991902834
E00019239,306,41,12,29,265,19,246,13.398692810457517,3.9215686274509802,9.477124183006536,86.60130718954248,6.209150326797386,80.3921568627451
E00019240,381,44,17,27,337,34,303,11.548556430446194,4.4619422572178475,7.086614173228346,88.4514435695538,8.923884514435695,79.52755905511812
E00019241,328,93,62,31,235,14,221,28.353658536585364,18.902439024390244,9.451219512195122,71.64634146341463,4.2682926829268295,67.3780487804878
E00019242,252,24,11,13,228,25,203,9.523809523809524,4.365079365079365,5.158730158730158,90.47619047619048,9.920634920634921,80.55555555555556
E00019243,373,49,24,25,324,25,299,13.136729222520108,6.434316353887399,6.702412868632708,86.8632707774799,6.702412868632708,80.16085790884718
E00019244,325,39,17,22,286,19,267,12,5.230769230769231,6.769230769230769,88,5.846153846153846,82.15384615384616
E00019245,324,41,20,21,283,19,264,12.654320987654321,6.172839506172839,6.481481481481481,87.34567901234568,5.864197530864197,81.48148148148148
E00019246,256,45,24,21,211,17,194,17.578125,9.375,8.203125,82.421875,6.640625,75.78125
E00019247,371,67,34,33,304,36,268,18.059299191374663,9.164420485175203,8.89487870619946,81.94070080862534,9.703504043126685,72.23719676549865
E00019248,363,62,23,39,301,25,276,17.079889807162534,6.336088154269973,10.743801652892563,82.92011019283747,6.887052341597796,76.03305785123968
E00019249,314,34,16,18,280,16,264,10.828025477707007,5.095541401273886,5.7324840764331215,89.171974522293,5.095541401273886,84.07643312101911
E00019250,357,63,30,33,294,26,268,17.647058823529413,8.403361344537815,9.243697478991598,82.35294117647058,7.282913165266107,75.07002801120449
E00019251,275,31,12,19,244,15,229,11.272727272727273,4.363636363636364,6.909090909090909,88.72727272727273,5.454545454545454,83.27272727272728
E00019252,293,42,16,26,251,10,241,14.334470989761092,5.460750853242321,8.873720136518772,85.6655290102389,3.4129692832764507,82.25255972696246
E00019253,229,70,36,34,159,22,137,30.567685589519648,15.72052401746725,14.847161572052403,69.43231441048034,9.606986899563319,59.82532751091703
E00019254,270,42,19,23,228,26,202,15.555555555555555,7.037037037037037,8.518518518518519,84.44444444444444,9.62962962962963,74.81481481481481
E00019255,329,91,51,40,238,9,229,27.659574468085108,15.501519756838904,12.158054711246201,72.3404255319149,2.735562310030395,69.6048632218845
E00019256,306,47,16,31,259,18,241,15.359477124183007,5.228758169934641,10.130718954248366,84.640522875817,5.88235294117647,78.75816993464052
E00019257,298,42,19,23,256,24,232,14.093959731543624,6.375838926174497,7.718120805369128,85.90604026845638,8.053691275167784,77.85234899328859
E00019258,232,40,18,22,192,14,178,17.24137931034483,7.758620689655173,9.482758620689655,82.75862068965517,6.0344827586206895,76.72413793103449
E00019259,359,40,17,23,319,27,292,11.142061281337048,4.735376044568245,6.406685236768802,88.85793871866295,7.520891364902507,81.33704735376045
E00019260,216,58,24,34,158,18,140,26.851851851851855,11.11111111111111,15.74074074074074,73.14814814814815,8.333333333333332,64.81481481481481
E00019261,253,39,18,21,214,20,194,15.41501976284585,7.114624505928854,8.300395256916996,84.58498023715416,7.905138339920949,76.6798418972332
E00019262,339,33,14,19,306,19,287,9.734513274336283,4.129793510324483,5.604719764011799,90.2654867256637,5.604719764011799,84.66076696165192
E00019263,323,39,7,32,284,27,257,12.074303405572756,2.1671826625387,9.907120743034056,87.92569659442725,8.359133126934983,79.56656346749226
E00019264,284,39,12,27,245,35,210,13.732394366197184,4.225352112676056,9.507042253521126,86.26760563380282,12.323943661971832,73.94366197183099
E00019265,305,32,7,25,273,24,249,10.491803278688524,2.2950819672131146,8.19672131147541,89.50819672131148,7.868852459016394,81.63934426229508
E00019266,209,52,24,28,157,10,147,24.880382775119617,11.483253588516746,13.397129186602871,75.11961722488039,4.784688995215311,70.33492822966507
E00019267,232,56,29,27,176,10,166,24.137931034482758,12.5,11.637931034482758,75.86206896551724,4.310344827586207,71.55172413793103
E00019268,319,45,14,31,274,23,251,14.106583072100312,4.38871473354232,9.717868338557993,85.8934169278997,7.210031347962382,78.68338557993731
E00019269,306,44,23,21,262,25,237,14.37908496732026,7.516339869281046,6.862745098039216,85.62091503267973,8.169934640522875,77.45098039215686
E00019270,329,32,9,23,297,24,273,9.72644376899696,2.735562310030395,6.990881458966565,90.27355623100304,7.29483282674772,82.97872340425532
E00019271,354,48,24,24,306,38,268,13.559322033898304,6.779661016949152,6.779661016949152,86.4406779661017,10.734463276836157,75.70621468926554
E00019272,380,39,17,22,341,29,312,10.263157894736842,4.473684210526316,5.7894736842105265,89.73684210526316,7.631578947368421,82.10526315789474
E00019273,319,52,24,28,267,25,242,16.30094043887147,7.523510971786834,8.77742946708464,83.69905956112854,7.836990595611286,75.86206896551724
E00019274,234,51,22,29,183,20,163,21.794871794871796,9.401709401709402,12.393162393162394,78.2051282051282,8.547008547008547,69.65811965811966
E00019275,272,41,18,23,231,14,217,15.073529411764705,6.61764705882353,8.455882352941178,84.92647058823529,5.147058823529411,79.77941176470588
E00019276,363,48,17,31,315,34,281,13.223140495867769,4.683195592286501,8.539944903581267,86.77685950413223,9.366391184573002,77.41046831955923
E00019277,387,67,25,42,320,29,291,17.31266149870801,6.459948320413436,10.852713178294573,82.68733850129199,7.493540051679587,75.1937984496124
E00019278,328,48,18,30,280,22,258,14.634146341463413,5.487804878048781,9.146341463414634,85.36585365853658,6.707317073170732,78.65853658536585
E00019279,262,45,28,17,217,18,199,17.17557251908397,10.687022900763358,6.488549618320611,82.82442748091603,6.870229007633588,75.95419847328245
E00019280,222,17,2,15,205,18,187,7.657657657657657,0.9009009009009009,6.756756756756757,92.34234234234235,8.108108108108109,84.23423423423422
E00019281,270,17,4,13,253,21,232,6.296296296296296,1.4814814814814816,4.814814814814815,93.7037037037037,7.777777777777778,85.92592592592592
E00019282,269,30,5,25,239,21,218,11.152416356877323,1.858736059479554,9.293680297397769,88.84758364312268,7.806691449814126,81.04089219330855
E00019283,301,26,8,18,275,28,247,8.637873754152823,2.6578073089700998,5.980066445182724,91.36212624584718,9.30232558139535,82.05980066445183
E00019284,303,37,10,27,266,24,242,12.211221122112212,3.3003300330033,8.91089108910891,87.78877887788778,7.920792079207921,79.86798679867987
E00019285,199,38,20,18,161,17,144,19.09547738693467,10.050251256281408,9.045226130653267,80.90452261306532,8.542713567839195,72.36180904522614
E00019286,296,21,6,15,275,20,255,7.094594594594595,2.027027027027027,5.0675675675675675,92.9054054054054,6.756756756756757,86.14864864864865
E00019287,280,67,25,42,213,19,194,23.92857142857143,8.928571428571429,15,76.07142857142857,6.785714285714286,69.28571428571428
E00019288,343,30,8,22,313,17,296,8.746355685131196,2.3323615160349855,6.41399416909621,91.25364431486881,4.956268221574344,86.29737609329446
E00019289,359,40,9,31,319,22,297,11.142061281337048,2.5069637883008355,8.635097493036211,88.85793871866295,6.128133704735376,82.72980501392759
E00019290,298,27,10,17,271,21,250,9.060402684563758,3.3557046979865772,5.704697986577181,90.93959731543623,7.046979865771812,83.89261744966443
E00019291,401,22,6,16,379,41,338,5.486284289276807,1.4962593516209477,3.99002493765586,94.51371571072319,10.224438902743142,84.28927680798004
E00019293,335,58,25,33,277,24,253,17.313432835820898,7.462686567164178,9.850746268656717,82.68656716417911,7.164179104477612,75.5223880597015
E00019294,330,24,10,14,306,38,268,7.2727272727272725,3.0303030303030303,4.242424242424243,92.72727272727272,11.515151515151516,81.21212121212122
E00019295,244,30,11,19,214,19,195,12.295081967213115,4.508196721311475,7.786885245901639,87.70491803278688,7.786885245901639,79.91803278688525
E00019296,564,65,30,35,499,40,459,11.52482269503546,5.319148936170213,6.205673758865248,88.47517730496453,7.092198581560284,81.38297872340425
E00019297,250,34,9,25,216,24,192,13.600000000000001,3.5999999999999996,10,86.4,9.6,76.8
E00019298,319,39,13,26,280,27,253,12.225705329153605,4.075235109717868,8.150470219435736,87.7742946708464,8.463949843260188,79.3103448275862
E00019299,280,24,5,19,256,15,241,8.571428571428571,1.7857142857142856,6.785714285714286,91.42857142857143,5.357142857142857,86.07142857142858
E00019300,305,19,4,15,286,24,262,6.229508196721312,1.3114754098360655,4.918032786885246,93.77049180327869,7.868852459016394,85.90163934426229
E00019301,128,12,3,9,116,12,104,9.375,2.34375,7.03125,90.625,9.375,81.25
E00019303,253,36,17,19,217,17,200,14.229249011857709,6.719367588932807,7.5098814229249005,85.7707509881423,6.719367588932807,79.05138339920948
E00019304,327,45,12,33,282,28,254,13.761467889908257,3.669724770642202,10.091743119266056,86.23853211009175,8.56269113149847,77.67584097859327
E00019305,278,23,5,18,255,23,232,8.273381294964029,1.7985611510791366,6.474820143884892,91.72661870503596,8.273381294964029,83.45323741007195
E00019306,366,47,12,35,319,38,281,12.841530054644808,3.278688524590164,9.562841530054644,87.1584699453552,10.382513661202186,76.775956284153
E00019307,313,67,23,44,246,19,227,21.405750798722046,7.348242811501597,14.057507987220447,78.59424920127796,6.070287539936102,72.52396166134186
E00019308,329,55,21,34,274,24,250,16.717325227963524,6.382978723404255,10.33434650455927,83.28267477203647,7.29483282674772,75.98784194528876
E00019309,302,49,20,29,253,15,238,16.225165562913908,6.622516556291391,9.602649006622517,83.77483443708608,4.966887417218543,78.80794701986756
E00019310,342,45,16,29,297,34,263,13.157894736842104,4.678362573099415,8.47953216374269,86.8421052631579,9.941520467836257,76.90058479532163
E00019311,347,43,22,21,304,25,279,12.39193083573487,6.340057636887608,6.051873198847262,87.60806916426513,7.204610951008646,80.403458213256485
E00019312,389,47,21,26,342,17,325,12.082262210796916,5.3984575835475574,6.683804627249357,87.91773778920309,4.370179948586118,83.54755784061697
E00019313,383,58,25,33,325,9,316,15.143603133159269,6.527415143603134,8.616187989556137,84.85639686684074,2.3498694516971277,82.50652741514361
E00019314,292,25,10,15,267,14,253,8.561643835616438,3.4246575342465753,5.136986301369863,91.43835616438356,4.794520547945205,86.64383561643835
E00019315,394,51,23,28,343,8,335,12.944162436548224,5.83756345177665,7.1065989847715745,87.05583756345177,2.030456852791878,85.0253807106599
E00019316,384,36,11,25,348,20,328,9.375,2.864583333333333,6.510416666666667,90.625,5.208333333333334,85.41666666666666
E00019317,364,36,13,23,328,12,316,9.89010989010989,3.571428571428571,6.318681318681318,90.10989010989012,3.296703296703297,86.81318681318682
E00019318,391,50,22,28,341,12,329,12.787723785166241,5.626598465473146,7.161125319693094,87.21227621483376,3.0690537084398977,84.14322250639387
E00019319,124,20,9,11,104,12,92,16.129032258064516,7.258064516129033,8.870967741935484,83.87096774193549,9.67741935483871,74.19354838709677
E00019320,457,79,29,50,378,16,362,17.286652078774615,6.3457330415754925,10.940919037199125,82.71334792122538,3.50109409190372,79.21225382932167
E00019321,454,78,33,45,376,16,360,17.180616740088105,7.268722466960352,9.911894273127754,82.81938325991189,3.524229074889868,79.29515418502203
E00019322,403,72,32,40,331,11,320,17.866004962779154,7.94044665012407,9.925558312655088,82.13399503722084,2.729528535980149,79.4044665012407
E00019323,342,44,16,28,298,20,278,12.865497076023392,4.678362573099415,8.187134502923977,87.13450292397661,5.847953216374268,81.28654970760235
E00019324,351,60,25,35,291,15,276,17.094017094017094,7.122507122507122,9.971509971509972,82.90598290598291,4.273504273504273,78.63247863247864
E00019325,400,56,21,35,344,21,323,14.000000000000002,5.25,8.75,86,5.25,80.75
E00019326,346,45,23,22,301,32,269,13.005780346820808,6.6473988439306355,6.358381502890173,86.9942196531792,9.248554913294797,77.74566473988439
E00019327,355,45,17,28,310,24,286,12.676056338028168,4.788732394366197,7.887323943661972,87.32394366197182,6.760563380281689,80.56338028169014
E00019328,379,33,9,24,346,27,319,8.70712401055409,2.3746701846965697,6.33245382585752,91.2928759894459,7.12401055408971,84.1688654353562
E00019330,377,43,25,18,334,21,313,11.405835543766578,6.631299734748011,4.774535809018567,88.59416445623343,5.570291777188329,83.0238726790451
E00019331,372,63,20,43,309,26,283,16.93548387096774,5.376344086021505,11.559139784946236,83.06451612903226,6.989247311827956,76.0752688172043
E00019332,371,70,36,34,301,25,276,18.867924528301888,9.703504043126685,9.164420485175203,81.13207547169812,6.738544474393531,74.39353099730458
E00019333,371,63,21,42,308,29,279,16.9811320754717,5.660377358490567,11.320754716981133,83.01886792452831,7.816711590296496,75.2021563342318
E00019334,415,75,35,40,340,30,310,18.072289156626507,8.433734939759036,9.63855421686747,81.92771084337349,7.228915662650602,74.69879518072288
E00019335,330,34,10,24,296,41,255,10.303030303030303,3.0303030303030303,7.2727272727272725,89.6969696969697,12.424242424242424,77.27272727272727
E00019336,305,45,18,27,260,35,225,14.754098360655737,5.901639344262295,8.852459016393443,85.24590163934425,11.475409836065573,73.77049180327869
E00019337,419,53,22,31,366,24,342,12.649164677804295,5.250596658711217,7.398568019093078,87.3508353221957,5.727923627684964,81.62291169451073
E00019338,316,30,12,18,286,27,259,9.49367088607595,3.79746835443038,5.69620253164557,90.50632911392405,8.544303797468354,81.9620253164557
E00019339,305,24,8,16,281,20,261,7.868852459016394,2.622950819672131,5.245901639344262,92.1311475409836,6.557377049180328,85.57377049180329
E00019340,273,29,13,16,244,23,221,10.622710622710622,4.761904761904762,5.86080586080586,89.37728937728939,8.424908424908425,80.95238095238095
E00019341,254,23,8,15,231,20,211,9.05511811023622,3.149606299212598,5.905511811023622,90.94488188976378,7.874015748031496,83.07086614173228
E00019342,348,33,5,28,315,26,289,9.482758620689655,1.4367816091954022,8.045977011494253,90.51724137931035,7.471264367816093,83.04597701149426
E00019343,229,28,12,16,201,22,179,12.22707423580786,5.240174672489083,6.986899563318777,87.77292576419214,9.606986899563319,78.16593886462883
E00019344,297,39,9,30,258,17,241,13.131313131313133,3.0303030303030303,10.1010101010101,86.86868686868688,5.723905723905724,81.14478114478115
E00019345,331,43,12,31,288,26,262,12.990936555891238,3.625377643504532,9.365558912386707,87.00906344410876,7.854984894259818,79.15407854984893
E00019346,339,32,12,20,307,27,280,9.43952802359882,3.5398230088495577,5.899705014749262,90.56047197640117,7.964601769911504,82.59587020648968
E00019347,197,43,28,15,154,13,141,21.82741116751269,14.213197969543149,7.614213197969544,78.1725888324873,6.598984771573605,71.57360406091371
E00019348,216,26,4,22,190,17,173,12.037037037037036,1.8518518518518516,10.185185185185185,87.96296296296296,7.87037037037037,80.0925925925926
E00019349,389,31,17,14,358,22,336,7.969151670951156,4.370179948586118,3.5989717223650386,92.03084832904884,5.655526992287918,86.37532133676092
E00019350,169,11,3,8,158,10,148,6.508875739644971,1.7751479289940828,4.733727810650888,93.49112426035504,5.9171597633136095,87.57396449704143
E00019351,313,46,19,27,267,25,242,14.696485623003195,6.070287539936102,8.626198083067091,85.3035143769968,7.987220447284344,77.31629392971246
E00019352,216,30,5,25,186,18,168,13.88888888888889,2.314814814814815,11.574074074074074,86.11111111111111,8.333333333333332,77.77777777777779
E00019353,273,31,9,22,242,19,223,11.355311355311356,3.296703296703297,8.058608058608058,88.64468864468864,6.95970695970696,81.68498168498168
E00019354,334,25,7,18,309,25,284,7.48502994011976,2.095808383233533,5.389221556886228,92.51497005988024,7.48502994011976,85.02994011976048
E00019355,303,27,10,17,276,33,243,8.91089108910891,3.3003300330033,5.6105610561056105,91.0891089108911,10.891089108910892,80.19801980198021
E00019356,365,36,11,25,329,31,298,9.863013698630137,3.0136986301369864,6.8493150684931505,90.13698630136986,8.493150684931507,81.64383561643835
E00019358,341,37,7,30,304,28,276,10.850439882697946,2.0527859237536656,8.797653958944283,89.14956011730204,8.211143695014663,80.93841642228739
E00019359,295,29,12,17,266,24,242,9.830508474576272,4.067796610169491,5.762711864406779,90.16949152542372,8.135593220338983,82.03389830508473
E00019360,296,37,14,23,259,11,248,12.5,4.72972972972973,7.77027027027027,87.5,3.7162162162162162,83.78378378378379
E00019361,351,74,28,46,277,25,252,21.082621082621085,7.977207977207977,13.105413105413104,78.91737891737893,7.122507122507122,71.7948717948718
E00019362,313,34,19,15,279,18,261,10.86261980830671,6.070287539936102,4.792332268370607,89.1373801916933,5.7507987220447285,83.38658146964856
E00019363,254,22,7,15,232,18,214,8.661417322834646,2.7559055118110236,5.905511811023622,91.33858267716536,7.086614173228346,84.25196850393701
E00019364,246,35,8,27,211,18,193,14.227642276422763,3.2520325203252036,10.975609756097562,85.77235772357723,7.317073170731707,78.45528455284553
E00019365,291,26,9,17,265,22,243,8.934707903780069,3.0927835051546393,5.841924398625429,91.06529209621993,7.560137457044673,83.50515463917526
E00019366,319,66,34,32,253,15,238,20.689655172413794,10.658307210031348,10.031347962382444,79.3103448275862,4.702194357366771,74.60815047021944
E00019367,262,13,2,11,249,24,225,4.961832061068702,0.7633587786259541,4.198473282442748,95.0381679389313,9.16030534351145,85.87786259541986
E00019368,246,21,5,16,225,13,212,8.536585365853659,2.0325203252032518,6.504065040650407,91.46341463414635,5.284552845528456,86.1788617886179
E00019369,243,26,11,15,217,22,195,10.699588477366255,4.526748971193416,6.172839506172839,89.30041152263375,9.053497942386832,80.24691358024691
E00019370,289,22,1,21,267,23,244,7.612456747404845,0.34602076124567477,7.26643598615917,92.38754325259517,7.958477508650519,84.42906574394463
E00019371,353,28,11,17,325,21,304,7.932011331444759,3.1161473087818696,4.815864022662889,92.06798866855524,5.94900849858357,86.11898016997166
E00019372,322,34,11,23,288,16,272,10.559006211180124,3.4161490683229814,7.142857142857142,89.44099378881988,4.968944099378882,84.472049689441
E00019373,342,26,6,20,316,20,296,7.602339181286549,1.7543859649122806,5.847953216374268,92.39766081871345,5.847953216374268,86.54970760233918
E00019374,297,43,18,25,254,12,242,14.47811447811448,6.0606060606060606,8.417508417508419,85.52188552188552,4.040404040404041,81.48148148148148
E00019375,359,26,1,25,333,26,307,7.242339832869081,0.2785515320334262,6.963788300835655,92.75766016713092,7.242339832869081,85.51532033426183
E00019376,233,19,7,12,214,13,201,8.15450643776824,3.004291845493562,5.150214592274678,91.84549356223177,5.579399141630901,86.26609442060087
E00019377,364,18,2,16,346,18,328,4.945054945054945,0.5494505494505495,4.395604395604396,95.05494505494505,4.945054945054945,90.10989010989012
E00019378,286,21,0,21,265,16,249,7.3426573426573425,0,7.3426573426573425,92.65734265734265,5.594405594405594,87.06293706293707
E00019379,231,13,3,10,218,11,207,5.627705627705628,1.2987012987012987,4.329004329004329,94.37229437229438,4.761904761904762,89.6103896103896
E00019380,288,25,10,15,263,26,237,8.680555555555555,3.4722222222222223,5.208333333333334,91.31944444444444,9.027777777777777,82.29166666666666
E00019381,220,38,19,19,182,12,170,17.272727272727273,8.636363636363637,8.636363636363637,82.72727272727273,5.454545454545454,77.27272727272727
E00019382,327,34,9,25,293,20,273,10.397553516819572,2.7522935779816518,7.64525993883792,89.60244648318043,6.116207951070336,83.4862385321101
E00019383,346,39,16,23,307,21,286,11.271676300578035,4.624277456647398,6.6473988439306355,88.72832369942196,6.069364161849711,82.65895953757226
E00019384,387,82,37,45,305,16,289,21.188630490956072,9.560723514211885,11.627906976744185,78.81136950904393,4.1343669250646,74.67700258397933
E00019385,355,45,15,30,310,16,294,12.676056338028168,4.225352112676056,8.450704225352112,87.32394366197182,4.507042253521127,82.8169014084507
E00019386,290,13,1,12,277,23,254,4.482758620689655,0.3448275862068966,4.137931034482759,95.51724137931035,7.931034482758621,87.58620689655172
E00019387,274,38,17,21,236,26,210,13.86861313868613,6.204379562043796,7.664233576642336,86.13138686131386,9.48905109489051,76.64233576642336
E00019388,361,38,10,28,323,21,302,10.526315789473683,2.7700831024930745,7.756232686980609,89.47368421052632,5.8171745152354575,83.65650969529086
E00019389,287,22,6,16,265,27,238,7.665505226480835,2.0905923344947737,5.574912891986063,92.33449477351915,9.40766550522648,82.92682926829268
E00019390,213,33,17,16,180,19,161,15.492957746478872,7.981220657276995,7.511737089201878,84.50704225352112,8.92018779342723,75.5868544600939
E00019391,248,49,31,18,199,13,186,19.758064516129032,12.5,7.258064516129033,80.24193548387096,5.241935483870968,75
E00019392,256,25,11,14,231,18,213,9.765625,4.296875,5.46875,90.234375,7.03125,83.203125
E00019393,261,33,12,21,228,23,205,12.643678160919542,4.597701149425287,8.045977011494253,87.356321839080465,8.812260536398467,78.544061302682
E00019394,331,38,9,29,293,20,273,11.48036253776435,2.719033232628399,8.761329305135952,88.51963746223565,6.042296072507553,82.4773413897281
E00019395,312,21,4,17,291,22,269,6.730769230769231,1.282051282051282,5.448717948717949,93.26923076923077,7.051282051282051,86.21794871794873
E00019396,234,19,7,12,215,15,200,8.11965811965812,2.9914529914529915,5.128205128205128,91.88034188034187,6.41025641025641,85.47008547008546
E00019397,237,31,16,15,206,18,188,13.080168776371309,6.751054852320674,6.329113924050633,86.91983122362869,7.59493670886076,79.32489451476793
E00019398,285,69,31,38,216,23,193,24.210526315789473,10.87719298245614,13.333333333333334,75.78947368421053,8.070175438596491,67.71929824561404
E00019399,270,49,16,33,221,10,211,18.14814814814815,5.9259259259259265,12.222222222222221,81.85185185185185,3.7037037037037033,78.14814814814814
E00019400,294,36,19,17,258,16,242,12.244897959183673,6.462585034013606,5.782312925170068,87.75510204081633,5.442176870748299,82.31292517006803
E00019401,273,27,5,22,246,17,229,9.89010989010989,1.8315018315018317,8.058608058608058,90.10989010989012,6.227106227106227,83.88278388278388
E00019402,326,37,15,22,289,18,271,11.349693251533742,4.601226993865031,6.748466257668712,88.65030674846625,5.521472392638037,83.12883435582822
E00019403,226,11,1,10,215,15,200,4.867256637168142,0.4424778761061947,4.424778761061947,95.13274336283186,6.637168141592921,88.49557522123894
E00019404,347,49,18,31,298,18,280,14.121037463976945,5.187319884726225,8.93371757925072,85.87896253602305,5.187319884726225,80.69164265129683
E00019405,352,35,7,28,317,28,289,9.943181818181818,1.9886363636363635,7.954545454545454,90.05681818181817,7.954545454545454,82.10227272727273
E00019406,316,17,5,12,299,18,281,5.379746835443038,1.5822784810126582,3.79746835443038,94.62025316455697,5.69620253164557,88.92405063291139
E00019407,378,53,17,36,325,23,302,14.02116402116402,4.497354497354497,9.523809523809524,85.97883597883597,6.084656084656085,79.8941798941799
E00019408,420,36,11,25,384,26,358,8.571428571428571,2.619047619047619,5.952380952380952,91.42857142857143,6.190476190476191,85.23809523809524
E00019409,410,65,23,42,345,13,332,15.853658536585366,5.609756097560976,10.24390243902439,84.14634146341463,3.1707317073170733,80.97560975609757
E00019410,273,18,4,14,255,22,233,6.593406593406594,1.465201465201465,5.128205128205128,93.4065934065934,8.058608058608058,85.34798534798534
E00019411,286,64,25,39,222,17,205,22.377622377622377,8.741258741258742,13.636363636363635,77.62237762237763,5.944055944055944,71.67832167832168
E00019412,490,53,16,37,437,35,402,10.816326530612246,3.2653061224489797,7.551020408163265,89.18367346938776,7.142857142857142,82.0408163265306
E00019413,257,18,8,10,239,15,224,7.003891050583658,3.11284046692607,3.8910505836575875,92.99610894941634,5.836575875486381,87.15953307392996
E00019414,368,39,11,28,329,28,301,10.597826086956522,2.989130434782609,7.608695652173914,89.40217391304348,7.608695652173914,81.79347826086956
E00019415,442,47,21,26,395,37,358,10.633484162895927,4.751131221719457,5.88235294117647,89.36651583710407,8.3710407239819,80.99547511312217
E00019416,310,47,15,32,263,25,238,15.161290322580644,4.838709677419355,10.32258064516129,84.83870967741936,8.064516129032258,76.77419354838709
E00019417,249,28,10,18,221,18,203,11.244979919678714,4.016064257028113,7.228915662650602,88.75502008032129,7.228915662650602,81.52610441767068
E00019418,360,45,19,26,315,16,299,12.5,5.277777777777778,7.222222222222221,87.5,4.444444444444445,83.05555555555556
E00019419,464,46,23,23,418,25,393,9.913793103448276,4.956896551724138,4.956896551724138,90.08620689655173,5.387931034482758,84.69827586206897
E00019420,310,20,4,16,290,15,275,6.451612903225806,1.2903225806451613,5.161290322580645,93.54838709677419,4.838709677419355,88.70967741935483
E00019421,305,59,22,37,246,18,228,19.34426229508197,7.213114754098362,12.131147540983607,80.65573770491802,5.901639344262295,74.75409836065575
E00019422,292,29,14,15,263,21,242,9.931506849315069,4.794520547945205,5.136986301369863,90.06849315068493,7.191780821917808,82.87671232876713
E00019423,303,22,5,17,281,17,264,7.2607260726072615,1.65016501650165,5.6105610561056105,92.73927392739274,5.6105610561056105,87.12871287128714
E00019424,282,21,2,19,261,19,242,7.446808510638298,0.7092198581560284,6.73758865248227,92.5531914893617,6.73758865248227,85.81560283687944
E00019425,275,37,13,24,238,25,213,13.454545454545455,4.7272727272727275,8.727272727272728,86.54545454545455,9.090909090909092,77.45454545454545
E00019426,561,102,39,63,459,34,425,18.181818181818183,6.951871657754011,11.229946524064172,81.81818181818183,6.0606060606060606,75.75757575757575
E00019427,277,28,4,24,249,29,220,10.108303249097473,1.444043321299639,8.664259927797833,89.89169675090253,10.469314079422382,79.42238267148014
E00019428,295,39,15,24,256,16,240,13.220338983050848,5.084745762711865,8.135593220338983,86.77966101694915,5.423728813559322,81.35593220338984
E00019429,368,47,19,28,321,28,293,12.771739130434783,5.163043478260869,7.608695652173914,87.22826086956522,7.608695652173914,79.61956521739131
E00019430,397,35,16,19,362,26,336,8.816120906801007,4.030226700251889,4.785894206549118,91.183879093199,6.54911838790932,84.63476070528966
E00019431,283,22,9,13,261,18,243,7.773851590106007,3.180212014134275,4.593639575971731,92.226148409894,6.36042402826855,85.86572438162544
E00019432,312,34,5,29,278,18,260,10.897435897435898,1.6025641025641024,9.294871794871796,89.1025641025641,5.769230769230769,83.33333333333334
E00019433,257,20,10,10,237,20,217,7.782101167315175,3.8910505836575875,3.8910505836575875,92.21789883268482,7.782101167315175,84.43579766536965
E00019434,274,23,10,13,251,20,231,8.394160583941606,3.64963503649635,4.744525547445255,91.6058394160584,7.2992700729927,84.30656934306569
E00019435,266,21,9,12,245,21,224,7.894736842105263,3.3834586466165413,4.511278195488721,92.10526315789474,7.894736842105263,84.21052631578947
E00019436,361,36,15,21,325,24,301,9.97229916897507,4.1551246537396125,5.8171745152354575,90.02770083102493,6.64819944598338,83.37950138504155
E00019437,225,62,26,36,163,13,150,27.555555555555557,11.555555555555555,16,72.44444444444444,5.777777777777778,66.66666666666666
E00019438,272,31,12,19,241,20,221,11.397058823529411,4.411764705882353,6.985294117647059,88.60294117647058,7.352941176470589,81.25
E00019439,178,45,19,26,133,12,121,25.280898876404496,10.674157303370785,14.606741573033707,74.71910112359551,6.741573033707865,67.97752808988764
E00019440,279,29,8,21,250,19,231,10.39426523297491,2.867383512544803,7.526881720430108,89.6057347670251,6.810035842293908,82.79569892473118
E00019441,260,29,10,19,231,21,210,11.153846153846155,3.8461538461538463,7.307692307692308,88.84615384615384,8.076923076923077,80.76923076923077
E00019442,299,27,11,16,272,22,250,9.03010033444816,3.678929765886288,5.351170568561873,90.96989966555184,7.357859531772576,83.61204013377926
E00019443,335,32,13,19,303,32,271,9.55223880597015,3.880597014925373,5.6716417910447765,90.44776119402985,9.55223880597015,80.8955223880597
E00019444,416,30,12,18,386,35,351,7.211538461538461,2.8846153846153846,4.326923076923077,92.78846153846155,8.413461538461538,84.375
E00019445,395,43,18,25,352,23,329,10.886075949367088,4.556962025316456,6.329113924050633,89.1139240506329,5.822784810126582,83.29113924050633
E00019446,285,20,5,15,265,19,246,7.017543859649122,1.7543859649122806,5.263157894736842,92.98245614035088,6.666666666666667,86.31578947368422
E00019447,357,30,10,20,327,24,303,8.403361344537815,2.801120448179272,5.602240896358544,91.59663865546219,6.722689075630252,84.87394957983193
E00019448,557,36,5,31,521,30,491,6.463195691202872,0.8976660682226212,5.565529622980251,93.53680430879713,5.385996409335727,88.1508078994614
E00019449,406,28,5,23,378,24,354,6.896551724137931,1.2315270935960592,5.665024630541872,93.10344827586206,5.911330049261084,87.192118226601
E00019450,263,21,3,18,242,17,225,7.984790874524715,1.1406844106463878,6.844106463878327,92.01520912547528,6.4638783269961975,85.55133079847909
E00019451,278,39,14,25,239,23,216,14.028776978417264,5.0359712230215825,8.992805755395683,85.97122302158273,8.273381294964029,77.6978417266187
E00019452,389,34,14,20,355,29,326,8.740359897172237,3.5989717223650386,5.141388174807198,91.25964010282776,7.455012853470437,83.80462724935732
E00019453,327,25,2,23,302,21,281,7.64525993883792,0.6116207951070336,7.033639143730887,92.35474006116208,6.422018348623854,85.93272171253822
E00019454,311,42,11,31,269,25,244,13.504823151125404,3.536977491961415,9.967845659163988,86.49517684887459,8.038585209003216,78.45659163987139
E00019455,372,58,24,34,314,22,292,15.591397849462366,6.451612903225806,9.13978494623656,84.40860215053763,5.913978494623656,78.49462365591397
E00019456,371,18,3,15,353,28,325,4.8517520215633425,0.8086253369272237,4.0431266846361185,95.14824797843666,7.547169811320755,87.6010781671159
E00019457,306,26,6,20,280,28,252,8.49673202614379,1.9607843137254901,6.535947712418301,91.50326797385621,9.15032679738562,82.35294117647058
E00019458,311,28,10,18,283,23,260,9.003215434083602,3.215434083601286,5.787781350482315,90.9967845659164,7.395498392282958,83.60128617363344
E00019459,335,33,7,26,302,33,269,9.850746268656717,2.0895522388059704,7.761194029850746,90.14925373134328,9.850746268656717,80.29850746268656
E00019460,325,38,10,28,287,25,262,11.692307692307692,3.076923076923077,8.615384615384615,88.3076923076923,7.6923076923076925,80.61538461538461
E00019461,295,12,1,11,283,19,264,4.067796610169491,0.3389830508474576,3.728813559322034,95.9322033898305,6.440677966101695,89.49152542372882
E00019462,316,23,6,17,293,20,273,7.2784810126582276,1.89873417721519,5.379746835443038,92.72151898734177,6.329113924050633,86.39240506329115
E00019463,316,19,8,11,297,32,265,6.012658227848101,2.5316455696202533,3.481012658227848,93.9873417721519,10.126582278481013,83.86075949367088
E00019464,287,25,7,18,262,27,235,8.710801393728223,2.4390243902439024,6.2717770034843205,91.28919860627178,9.40766550522648,81.8815331010453
E00019465,307,22,8,14,285,24,261,7.166123778501629,2.6058631921824107,4.5602605863192185,92.83387622149837,7.81758957654723,85.01628664495115
E00019466,240,31,12,19,209,14,195,12.916666666666668,5,7.916666666666666,87.08333333333333,5.833333333333333,81.25
E00019467,348,35,14,21,313,27,286,10.057471264367816,4.022988505747127,6.0344827586206895,89.9425287356322,7.758620689655173,82.18390804597702
E00019468,312,26,5,21,286,22,264,8.333333333333332,1.6025641025641024,6.730769230769231,91.66666666666666,7.051282051282051,84.61538461538461
E00019469,343,41,12,29,302,34,268,11.9533527696793,3.498542274052478,8.454810495626822,88.0466472303207,9.912536443148689,78.134110787172
E00019470,464,52,9,43,412,19,393,11.206896551724139,1.9396551724137931,9.267241379310345,88.79310344827587,4.094827586206897,84.69827586206897
E00019471,337,29,8,21,308,23,285,8.605341246290802,2.3738872403560833,6.231454005934718,91.3946587537092,6.824925816023739,84.56973293768546
E00019472,259,25,4,21,234,16,218,9.652509652509652,1.5444015444015444,8.108108108108109,90.34749034749035,6.177606177606178,84.16988416988417
E00019473,395,39,13,26,356,33,323,9.873417721518987,3.2911392405063293,6.582278481012659,90.12658227848101,8.354430379746836,81.77215189873418
E00019475,414,36,13,23,378,30,348,8.695652173913043,3.140096618357488,5.555555555555555,91.30434782608695,7.246376811594203,84.05797101449275
E00019476,388,23,0,23,365,30,335,5.927835051546391,0,5.927835051546391,94.0721649484536,7.731958762886598,86.34020618556701
E00019477,315,31,9,22,284,25,259,9.841269841269842,2.857142857142857,6.984126984126984,90.15873015873017,7.936507936507936,82.22222222222221
E00019478,254,13,5,8,241,18,223,5.118110236220472,1.968503937007874,3.149606299212598,94.88188976377953,7.086614173228346,87.79527559055119
E00019479,214,38,16,22,176,15,161,17.75700934579439,7.476635514018691,10.2803738317757,82.2429906542056,7.009345794392523,75.23364485981308
E00019480,422,108,62,46,314,22,292,25.59241706161137,14.691943127962084,10.90047393364929,74.40758293838863,5.213270142180095,69.19431279620854
E00019481,254,28,14,14,226,20,206,11.023622047244094,5.511811023622047,5.511811023622047,88.9763779527559,7.874015748031496,81.10236220472441
E00019482,291,30,8,22,261,26,235,10.309278350515463,2.7491408934707904,7.560137457044673,89.69072164948454,8.934707903780069,80.75601374570446
E00019483,263,12,4,8,251,20,231,4.562737642585551,1.520912547528517,3.041825095057034,95.43726235741445,7.604562737642586,87.83269961977186
E00019484,276,19,8,11,257,20,237,6.884057971014493,2.898550724637681,3.985507246376811,93.11594202898551,7.246376811594203,85.86956521739131
E00019485,309,28,11,17,281,22,259,9.06148867313916,3.559870550161812,5.501618122977346,90.93851132686083,7.119741100323624,83.81877022653723
E00019486,266,19,4,15,247,22,225,7.142857142857142,1.5037593984962405,5.639097744360902,92.85714285714286,8.270676691729323,84.58646616541353
E00019487,254,24,6,18,230,23,207,9.448818897637794,2.3622047244094486,7.086614173228346,90.5511811023622,9.05511811023622,81.49606299212599
E00019488,271,24,7,17,247,20,227,8.856088560885608,2.5830258302583027,6.273062730627306,91.14391143911439,7.380073800738007,83.76383763837639
E00019489,206,37,15,22,169,15,154,17.96116504854369,7.281553398058252,10.679611650485436,82.03883495145631,7.281553398058252,74.75728155339806
E00019490,172,16,4,12,156,7,149,9.30232558139535,2.3255813953488373,6.976744186046512,90.69767441860465,4.069767441860465,86.62790697674419
E00019491,303,24,6,18,279,19,260,7.920792079207921,1.9801980198019802,5.9405940594059405,92.07920792079209,6.270627062706271,85.8085808580858
E00019492,389,35,9,26,354,32,322,8.997429305912597,2.313624678663239,6.683804627249357,91.00257069408741,8.226221079691516,82.77634961439588
E00019493,236,58,30,28,178,17,161,24.576271186440678,12.711864406779661,11.864406779661017,75.42372881355932,7.203389830508475,68.22033898305084
E00019494,223,19,6,13,204,14,190,8.520179372197308,2.690582959641256,5.829596412556054,91.4798206278027,6.278026905829597,85.20179372197309
E00019495,314,18,6,12,296,26,270,5.7324840764331215,1.910828025477707,3.821656050955414,94.26751592356688,8.280254777070063,85.98726114649682
E00019496,232,9,0,9,223,17,206,3.8793103448275863,0,3.8793103448275863,96.12068965517241,7.327586206896551,88.79310344827587
E00019497,283,20,8,12,263,15,248,7.06713780918728,2.8268551236749118,4.240282685512367,92.93286219081273,5.30035335689046,87.63250883392226
E00019498,235,21,8,13,214,16,198,8.936170212765958,3.404255319148936,5.531914893617021,91.06382978723404,6.808510638297872,84.25531914893617
E00019499,308,29,13,16,279,13,266,9.415584415584416,4.220779220779221,5.194805194805195,90.5844155844156,4.220779220779221,86.36363636363636
E00019500,350,28,8,20,322,31,291,8,2.2857142857142856,5.714285714285714,92,8.857142857142856,83.14285714285714
E00019501,231,18,9,9,213,12,201,7.792207792207792,3.896103896103896,3.896103896103896,92.20779220779221,5.194805194805195,87.01298701298701
E00019502,202,39,18,21,163,13,150,19.306930693069308,8.91089108910891,10.396039603960396,80.6930693069307,6.435643564356436,74.25742574257426
E00019503,296,66,24,42,230,22,208,22.2972972972973,8.108108108108109,14.18918918918919,77.7027027027027,7.4324324324324325,70.27027027027027
E00019504,295,34,16,18,261,20,241,11.525423728813559,5.423728813559322,6.101694915254238,88.47457627118645,6.779661016949152,81.69491525423729
E00019505,283,24,11,13,259,14,245,8.480565371024735,3.8869257950530036,4.593639575971731,91.51943462897526,4.946996466431095,86.57243816254417
E00019506,354,31,9,22,323,26,297,8.757062146892656,2.5423728813559325,6.214689265536723,91.24293785310734,7.344632768361582,83.89830508474576
E00019507,261,16,6,10,245,21,224,6.130268199233716,2.2988505747126435,3.8314176245210727,93.86973180076629,8.045977011494253,85.82375478927203
E00019508,272,31,14,17,241,14,227,11.397058823529411,5.147058823529411,6.25,88.60294117647058,5.147058823529411,83.45588235294117
E00019509,283,26,7,19,257,20,237,9.187279151943462,2.4734982332155475,6.713780918727916,90.81272084805654,7.06713780918728,83.74558303886926
E00019510,226,17,5,12,209,11,198,7.52212389380531,2.2123893805309733,5.3097345132743365,92.47787610619469,4.867256637168142,87.61061946902655
E00019511,280,46,16,30,234,15,219,16.428571428571427,5.714285714285714,10.714285714285714,83.57142857142857,5.357142857142857,78.21428571428571
E00019512,168,26,10,16,142,22,120,15.476190476190476,5.952380952380952,9.523809523809524,84.52380952380952,13.095238095238097,71.42857142857143
E00019513,234,24,9,15,210,16,194,10.256410256410255,3.8461538461538463,6.41025641025641,89.74358974358975,6.837606837606838,82.90598290598291
E00019514,227,14,4,10,213,16,197,6.167400881057269,1.762114537444934,4.405286343612335,93.83259911894272,7.048458149779736,86.78414096916299
E00019515,321,36,15,21,285,15,270,11.214953271028037,4.672897196261682,6.5420560747663545,88.78504672897196,4.672897196261682,84.11214953271028
E00019516,198,23,7,16,175,10,165,11.616161616161616,3.535353535353535,8.080808080808081,88.38383838383838,5.05050505050505,83.33333333333334
E00019517,197,35,5,30,162,9,153,17.766497461928935,2.5380710659898478,15.228426395939088,82.23350253807106,4.568527918781726,77.66497461928934
E00019518,431,45,12,33,386,18,368,10.440835266821345,2.784222737819025,7.65661252900232,89.55916473317865,4.176334106728538,85.38283062645012
E00019519,235,31,11,20,204,18,186,13.191489361702127,4.680851063829787,8.51063829787234,86.80851063829788,7.659574468085106,79.14893617021276
E00019520,395,41,13,28,354,31,323,10.379746835443038,3.2911392405063293,7.088607594936709,89.62025316455696,7.848101265822785,81.77215189873418
E00019521,360,39,13,26,321,38,283,10.833333333333334,3.6111111111111107,7.222222222222221,89.16666666666667,10.555555555555555,78.61111111111111
E00019522,281,22,1,21,259,21,238,7.829181494661921,0.3558718861209964,7.473309608540925,92.17081850533808,7.473309608540925,84.69750889679716
E00019523,298,43,17,26,255,17,238,14.429530201342283,5.704697986577181,8.724832214765101,85.57046979865773,5.704697986577181,79.86577181208054
E00019524,368,40,13,27,328,25,303,10.869565217391305,3.532608695652174,7.336956521739131,89.13043478260869,6.7934782608695645,82.33695652173914
E00019525,280,26,12,14,254,21,233,9.285714285714286,4.285714285714286,5,90.71428571428571,7.5,83.21428571428572
E00019526,337,23,9,14,314,22,292,6.824925816023739,2.6706231454005933,4.154302670623145,93.17507418397626,6.528189910979229,86.64688427299704
E00019527,318,35,15,20,283,24,259,11.0062893081761,4.716981132075472,6.289308176100629,88.9937106918239,7.547169811320755,81.44654088050315
E00019528,431,39,7,32,392,26,366,9.048723897911833,1.6241299303944314,7.424593967517401,90.95127610208816,6.0324825986078885,84.91879350348029
E00019529,293,42,11,31,251,17,234,14.334470989761092,3.754266211604096,10.580204778156997,85.6655290102389,5.802047781569966,79.86348122866895
E00019530,402,62,20,42,340,30,310,15.422885572139302,4.975124378109453,10.44776119402985,84.5771144278607,7.462686567164178,77.11442786069652
E00019531,271,35,9,26,236,17,219,12.915129151291513,3.3210332103321036,9.59409594095941,87.08487084870849,6.273062730627306,80.81180811808119
E00019532,420,39,12,27,381,33,348,9.285714285714286,2.857142857142857,6.428571428571428,90.71428571428571,7.857142857142857,82.85714285714286
E00019533,316,26,7,19,290,21,269,8.227848101265822,2.2151898734177213,6.012658227848101,91.77215189873418,6.6455696202531636,85.12658227848101
E00019534,324,29,7,22,295,23,272,8.950617283950617,2.1604938271604937,6.790123456790123,91.0493827160494,7.098765432098765,83.9506172839506
E00019535,369,51,17,34,318,33,285,13.821138211382115,4.607046070460704,9.214092140921409,86.1788617886179,8.94308943089431,77.23577235772358
E00019536,299,31,11,20,268,19,249,10.367892976588628,3.678929765886288,6.688963210702341,89.63210702341136,6.354515050167224,83.27759197324414
E00019537,396,41,12,29,355,28,327,10.353535353535353,3.0303030303030303,7.3232323232323235,89.64646464646465,7.07070707070707,82.57575757575758
E00019538,335,50,21,29,285,21,264,14.925373134328357,6.26865671641791,8.656716417910449,85.07462686567165,6.26865671641791,78.80597014925374
E00019539,298,41,18,23,257,20,237,13.758389261744966,6.0402684563758395,7.718120805369128,86.24161073825503,6.7114093959731544,79.53020134228188
E00019540,320,22,7,15,298,25,273,6.875000000000001,2.1875,4.6875,93.125,7.8125,85.3125
E00019542,325,37,13,24,288,25,263,11.384615384615385,4,7.384615384615385,88.61538461538461,7.6923076923076925,80.92307692307692
E00019543,348,42,14,28,306,28,278,12.068965517241379,4.022988505747127,8.045977011494253,87.93103448275862,8.045977011494253,79.88505747126436
E00019544,204,27,14,13,177,15,162,13.23529411764706,6.862745098039216,6.372549019607843,86.76470588235294,7.352941176470589,79.41176470588235
E00019545,305,27,4,23,278,33,245,8.852459016393443,1.3114754098360655,7.540983606557377,91.14754098360656,10.819672131147541,80.32786885245902
E00019546,337,32,8,24,305,25,280,9.495548961424333,2.3738872403560833,7.121661721068249,90.50445103857567,7.418397626112759,83.08605341246292
E00019547,247,26,6,20,221,18,203,10.526315789473683,2.42914979757085,8.097165991902834,89.47368421052632,7.28744939271255,82.18623481781377
E00019548,407,46,10,36,361,31,330,11.302211302211303,2.457002457002457,8.845208845208845,88.6977886977887,7.616707616707617,81.08108108108108
E00019549,297,49,7,42,248,39,209,16.4983164983165,2.356902356902357,14.14141414141414,83.5016835016835,13.131313131313133,70.37037037037037
E00019550,323,29,13,16,294,34,260,8.978328173374612,4.024767801857585,4.953560371517028,91.02167182662538,10.526315789473683,80.4953560371517
E00019551,355,23,4,19,332,35,297,6.478873239436619,1.1267605633802817,5.352112676056338,93.52112676056338,9.859154929577464,83.66197183098592
E00019552,309,30,12,18,279,19,260,9.70873786407767,3.8834951456310676,5.825242718446602,90.29126213592234,6.148867313915858,84.14239482200647
E00019553,344,33,10,23,311,31,280,9.593023255813954,2.9069767441860463,6.686046511627906,90.40697674418605,9.011627906976743,81.3953488372093
E00019554,318,37,13,24,281,24,257,11.635220125786164,4.088050314465408,7.547169811320755,88.36477987421384,7.547169811320755,80.81761006289308
E00019555,281,63,26,37,218,27,191,22.419928825622776,9.252669039145907,13.167259786476867,77.58007117437722,9.608540925266903,67.97153024911033
E00019556,334,31,12,19,303,35,268,9.281437125748502,3.592814371257485,5.688622754491018,90.71856287425149,10.479041916167663,80.23952095808383
E00019557,315,41,15,26,274,31,243,13.015873015873018,4.761904761904762,8.253968253968253,86.98412698412699,9.841269841269842,77.14285714285715
E00019558,323,34,11,23,289,29,260,10.526315789473683,3.4055727554179565,7.120743034055728,89.47368421052632,8.978328173374612,80.4953560371517
E00019559,266,32,7,25,234,23,211,12.030075187969924,2.631578947368421,9.398496240601503,87.96992481203007,8.646616541353383,79.32330827067669
E00019560,250,37,10,27,213,24,189,14.799999999999999,4,10.8,85.2,9.6,75.6
E00019561,392,57,25,32,335,27,308,14.540816326530612,6.377551020408164,8.16326530612245,85.45918367346938,6.887755102040815,78.57142857142857
E00019562,274,27,10,17,247,29,218,9.854014598540147,3.64963503649635,6.204379562043796,90.14598540145985,10.583941605839415,79.56204379562044
E00019563,187,35,20,15,152,16,136,18.71657754010695,10.695187165775401,8.0213903743315509,81.28342245989305,8.55614973262032,72.72727272727273
E00019564,294,28,13,15,266,25,241,9.523809523809524,4.421768707482993,5.1020408163265305,90.47619047619048,8.503401360544217,81.97278911564626
E00019565,336,37,15,22,299,21,278,11.011904761904761,4.464285714285714,6.547619047619048,88.98809523809523,6.25,82.73809523809523
E00019566,242,69,37,32,173,20,153,28.512396694214875,15.289256198347106,13.223140495867769,71.48760330578511,8.264462809917356,63.22314049586777
E00019567,236,11,3,8,225,22,203,4.661016949152542,1.2711864406779663,3.389830508474576,95.33898305084746,9.322033898305085,86.01694915254238
E00019568,223,21,5,16,202,20,182,9.417040358744394,2.242152466367713,7.174887892376682,90.5829596412556,8.968609865470851,81.61434977578476
E00019569,247,37,16,21,210,14,196,14.979757085020243,6.477732793522267,8.502024291497975,85.02024291497976,5.668016194331984,79.35222672064778
E00019570,320,48,15,33,272,29,243,15,4.6875,10.3125,85,9.0625,75.9375
E00019571,336,20,4,16,316,27,289,5.952380952380952,1.1904761904761905,4.761904761904762,94.04761904761905,8.035714285714286,86.01190476190477
E00019572,359,37,11,26,322,22,300,10.30640668523677,3.064066852367688,7.242339832869081,89.69359331476323,6.128133704735376,83.56545961002786
E00019573,318,32,5,27,286,41,245,10.062893081761008,1.5723270440251573,8.49056603773585,89.937106918239,12.89308176100629,77.04402515723271
E00019574,287,22,10,12,265,18,247,7.665505226480835,3.484320557491289,4.181184668989547,92.33449477351915,6.2717770034843205,86.06271777003485
E00019575,310,38,10,28,272,21,251,12.258064516129032,3.225806451612903,9.032258064516128,87.74193548387098,6.774193548387098,80.96774193548387
E00019576,206,31,9,22,175,27,148,15.048543689320388,4.368932038834951,10.679611650485436,84.9514563106796,13.106796116504855,71.84466019417476
E00019577,338,29,8,21,309,29,280,8.579881656804734,2.366863905325444,6.21301775147929,91.42011834319527,8.579881656804734,82.84023668639054
E00019578,285,29,7,22,256,24,232,10.175438596491228,2.456140350877193,7.719298245614035,89.82456140350877,8.421052631578947,81.40350877192982
E00019579,327,55,30,25,272,24,248,16.819571865443425,9.174311926605505,7.64525993883792,83.18042813455658,7.339449541284404,75.84097859327217
E00019580,324,39,10,29,285,19,266,12.037037037037036,3.0864197530864197,8.950617283950617,87.96296296296296,5.864197530864197,82.09876543209876
E00019581,293,49,29,20,244,21,223,16.723549488054605,9.897610921501707,6.825938566552901,83.27645051194538,7.167235494880546,76.10921501706484
E00019582,347,33,9,24,314,32,282,9.510086455331413,2.5936599423631126,6.9164265129683,90.48991354466858,9.221902017291066,81.26801152737752
E00019583,340,40,17,23,300,15,285,11.76470588235294,5,6.764705882352941,88.23529411764706,4.411764705882353,83.82352941176471
E00019584,320,26,6,20,294,25,269,8.125,1.875,6.25,91.875,7.8125,84.0625
E00019585,369,55,20,35,314,33,281,14.905149051490515,5.420054200542006,9.48509485094851,85.09485094850947,8.94308943089431,76.15176151761518
E00019586,306,80,43,37,226,18,208,26.143790849673206,14.052287581699346,12.091503267973856,73.8562091503268,5.88235294117647,67.97385620915033
E00019587,295,24,8,16,271,25,246,8.135593220338983,2.711864406779661,5.423728813559322,91.86440677966101,8.47457627118644,83.38983050847457
E00019588,255,24,10,14,231,14,217,9.411764705882353,3.9215686274509802,5.490196078431373,90.58823529411765,5.490196078431373,85.09803921568627
E00019589,313,76,50,26,237,19,218,24.281150159744406,15.974440894568689,8.30670926517572,75.71884984025559,6.070287539936102,69.6485623003195
E00019590,289,19,2,17,270,26,244,6.5743944636678195,0.6920415224913495,5.88235294117647,93.42560553633218,8.996539792387544,84.42906574394463
E00019591,312,32,8,24,280,31,249,10.256410256410255,2.564102564102564,7.6923076923076925,89.74358974358975,9.935897435897436,79.8076923076923
E00019592,271,21,7,14,250,20,230,7.7490774907749085,2.5830258302583027,5.166051660516605,92.25092250922509,7.380073800738007,84.87084870848709
E00019593,302,55,18,37,247,16,231,18.211920529801322,5.960264900662252,12.251655629139073,81.78807947019867,5.298013245033113,76.49006622516556
E00019594,336,31,3,28,305,21,284,9.226190476190476,0.8928571428571428,8.333333333333332,90.77380952380952,6.25,84.52380952380952
E00019595,281,43,12,31,238,22,216,15.302491103202847,4.270462633451958,11.032028469750891,84.69750889679716,7.829181494661921,76.86832740213522
E00019596,242,27,11,16,215,20,195,11.15702479338843,4.545454545454546,6.6115702479338845,88.84297520661157,8.264462809917356,80.57851239669421
E00019597,369,27,6,21,342,22,320,7.317073170731707,1.6260162601626018,5.691056910569105,92.6829268292683,5.9620596205962055,86.72086720867209
E00019598,317,25,3,22,292,28,264,7.886435331230284,0.9463722397476341,6.940063091482649,92.11356466876973,8.832807570977918,83.2807570977918
E00019599,279,48,18,30,231,16,215,17.20430107526882,6.451612903225806,10.75268817204301,82.79569892473118,5.734767025089606,77.06093189964157
E00019600,231,15,4,11,216,15,201,6.493506493506493,1.7316017316017316,4.761904761904762,93.5064935064935,6.493506493506493,87.01298701298701
E00019601,369,39,9,30,330,27,303,10.569105691056912,2.4390243902439024,8.130081300813007,89.43089430894308,7.317073170731707,82.11382113821138
E00019602,297,29,14,15,268,27,241,9.764309764309765,4.713804713804714,5.05050505050505,90.23569023569024,9.090909090909092,81.14478114478115
E00019603,273,22,3,19,251,34,217,8.058608058608058,1.098901098901099,6.95970695970696,91.94139194139194,12.454212454212454,79.48717948717949
E00019604,440,46,14,32,394,39,355,10.454545454545453,3.1818181818181817,7.2727272727272725,89.54545454545455,8.863636363636363,80.68181818181817
E00019605,349,32,12,20,317,34,283,9.169054441260744,3.4383954154727796,5.730659025787966,90.83094555873924,9.742120343839542,81.08882521489971
E00019606,369,39,12,27,330,19,311,10.569105691056912,3.2520325203252036,7.317073170731707,89.43089430894308,5.149051490514905,84.28184281842819
E00019607,178,23,9,14,155,11,144,12.921348314606742,5.056179775280898,7.865168539325842,87.07865168539325,6.179775280898876,80.89887640449437
E00019608,305,37,16,21,268,22,246,12.131147540983607,5.245901639344262,6.885245901639345,87.8688524590164,7.213114754098362,80.65573770491802
E00019609,279,29,14,15,250,11,239,10.39426523297491,5.017921146953405,5.376344086021505,89.6057347670251,3.942652329749104,85.66308243727599
E00019610,237,33,8,25,204,14,190,13.924050632911392,3.375527426160337,10.548523206751055,86.07594936708861,5.9071729957805905,80.16877637130801
E00019611,286,36,12,24,250,26,224,12.587412587412588,4.195804195804196,8.391608391608392,87.41258741258741,9.090909090909092,78.32167832167832
E00019612,300,31,6,25,269,29,240,10.333333333333334,2,8.333333333333332,89.66666666666666,9.666666666666666,80
E00019613,241,13,0,13,228,15,213,5.394190871369295,0,5.394190871369295,94.6058091286307,6.224066390041494,88.38174273858921
E00019614,302,24,10,14,278,15,263,7.9470198675496695,3.3112582781456954,4.635761589403973,92.05298013245033,4.966887417218543,87.08609271523179
E00019615,234,21,5,16,213,24,189,8.974358974358974,2.1367521367521367,6.837606837606838,91.02564102564102,10.256410256410255,80.76923076923077
E00019616,261,35,8,27,226,17,209,13.409961685823754,3.065134099616858,10.344827586206897,86.59003831417624,6.513409961685824,80.07662835249042
E00019617,407,36,13,23,371,39,332,8.845208845208845,3.194103194103194,5.651105651105651,91.15479115479116,9.582309582309582,81.57248157248156
E00019618,237,33,14,19,204,11,193,13.924050632911392,5.9071729957805905,8.016877637130802,86.07594936708861,4.641350210970464,81.43459915611815
E00019619,254,24,1,23,230,17,213,9.448818897637794,0.39370078740157477,9.05511811023622,90.5511811023622,6.692913385826772,83.85826771653542
E00019620,324,22,3,19,302,18,284,6.790123456790123,0.9259259259259258,5.864197530864197,93.20987654320987,5.555555555555555,87.65432098765432
E00019621,277,24,7,17,253,13,240,8.664259927797833,2.527075812274368,6.137184115523466,91.33574007220217,4.693140794223827,86.64259927797833
E00019622,386,40,10,30,346,22,324,10.362694300518134,2.5906735751295336,7.772020725388601,89.63730569948186,5.699481865284974,83.93782383419689
E00019623,302,36,13,23,266,21,245,11.920529801324504,4.304635761589404,7.6158940397351,88.0794701986755,6.95364238410596,81.12582781456953
E00019624,309,52,26,26,257,19,238,16.828478964401295,8.414239482200648,8.414239482200648,83.1715210355987,6.148867313915858,77.02265372168284
E00019625,379,65,25,40,314,27,287,17.150395778364118,6.596306068601583,10.554089709762533,82.84960422163589,7.12401055408971,75.72559366754618
E00019626,349,15,2,13,334,32,302,4.297994269340974,0.5730659025787965,3.7249283667621778,95.70200573065902,9.169054441260744,86.53295128939828
E00019627,298,32,10,22,266,21,245,10.738255033557047,3.3557046979865772,7.38255033557047,89.26174496644296,7.046979865771812,82.21476510067114
E00019628,282,41,13,28,241,18,223,14.539007092198581,4.609929078014184,9.929078014184398,85.46099290780141,6.382978723404255,79.07801418439716
E00019629,335,30,10,20,305,22,283,8.955223880597014,2.9850746268656714,5.970149253731343,91.04477611940298,6.567164179104477,84.4776119402985
E00019630,246,18,0,18,228,12,216,7.317073170731707,0,7.317073170731707,92.6829268292683,4.878048780487805,87.8048780487805
E00019631,333,33,10,23,300,20,280,9.90990990990991,3.003003003003003,6.906906906906906,90.09009009009009,6.006006006006006,84.08408408408408
E00019632,332,32,7,25,300,25,275,9.63855421686747,2.108433734939759,7.530120481927711,90.36144578313254,7.530120481927711,82.83132530120481
E00019633,356,43,11,32,313,18,295,12.07865168539326,3.089887640449438,8.98876404494382,87.92134831460675,5.056179775280898,82.86516853932584
E00019634,323,34,14,20,289,25,264,10.526315789473683,4.3343653250774,6.191950464396285,89.47368421052632,7.739938080495357,81.73374613003097
E00019635,330,36,12,24,294,29,265,10.909090909090908,3.6363636363636362,7.2727272727272725,89.0909090909091,8.787878787878787,80.3030303030303
E00019636,322,44,9,35,278,32,246,13.664596273291925,2.7950310559006213,10.869565217391305,86.33540372670807,9.937888198757763,76.3975155279503
E00019637,372,52,19,33,320,28,292,13.978494623655912,5.10752688172043,8.870967741935484,86.02150537634408,7.526881720430108,78.49462365591397
E00019638,387,29,6,23,358,29,329,7.493540051679587,1.550387596899225,5.943152454780361,92.50645994832041,7.493540051679587,85.01291989664082
E00019639,352,30,10,20,322,40,282,8.522727272727272,2.840909090909091,5.681818181818182,91.47727272727273,11.363636363636363,80.11363636363636
E00019640,349,65,25,40,284,26,258,18.624641833810887,7.163323782234957,11.461318051575931,81.37535816618912,7.4498567335243555,73.92550143266476
E00019641,289,53,21,32,236,14,222,18.33910034602076,7.26643598615917,11.072664359861593,81.66089965397923,4.844290657439446,76.8166089965398
E00019642,345,37,10,27,308,29,279,10.72463768115942,2.898550724637681,7.82608695652174,89.27536231884058,8.405797101449275,80.8695652173913
E00019643,288,48,25,23,240,15,225,16.666666666666664,8.680555555555555,7.986111111111111,83.33333333333334,5.208333333333334,78.125
E00019644,314,48,15,33,266,17,249,15.286624203821656,4.777070063694268,10.509554140127388,84.71337579617835,5.414012738853503,79.29936305732484
E00019645,371,82,41,41,289,20,269,22.10242587601078,11.05121293800539,11.05121293800539,77.89757412398922,5.3908355795148255,72.50673854447439
E00019646,409,44,15,29,365,36,329,10.757946210268948,3.6674816625916873,7.090464547677261,89.24205378973105,8.80195599022005,80.440097799511
E00019647,327,32,11,21,295,22,273,9.785932721712538,3.3639143730886847,6.422018348623854,90.21406727828746,6.727828746177369,83.4862385321101
E00019648,268,36,17,19,232,22,210,13.432835820895523,6.343283582089552,7.08955223880597,86.56716417910447,8.208955223880597,78.35820895522389
E00019649,289,41,20,21,248,13,235,14.186851211072666,6.920415224913495,7.26643598615917,85.81314878892734,4.498269896193772,81.31487889273356
E00019650,344,24,4,20,320,33,287,6.976744186046512,1.1627906976744187,5.813953488372093,93.02325581395348,9.593023255813954,83.43023255813954
E00019651,335,50,23,27,285,25,260,14.925373134328357,6.865671641791045,8.059701492537313,85.07462686567165,7.462686567164178,77.61194029850746
E00019652,352,24,9,15,328,22,306,6.8181818181818175,2.556818181818182,4.261363636363636,93.18181818181817,6.25,86.93181818181817
E00019653,306,18,12,6,288,17,271,5.88235294117647,3.9215686274509802,1.9607843137254901,94.11764705882352,5.555555555555555,88.56209150326796
E00019654,323,65,32,33,258,27,231,20.123839009287924,9.907120743034056,10.21671826625387,79.87616099071208,8.359133126934983,71.51702786377709
E00019655,393,23,4,19,370,26,344,5.852417302798982,1.0178117048346056,4.8346055979643765,94.14758269720102,6.615776081424936,87.53180661577609
E00019656,357,42,12,30,315,21,294,11.76470588235294,3.361344537815126,8.403361344537815,88.23529411764706,5.88235294117647,82.35294117647058
E00019657,318,38,19,19,280,26,254,11.949685534591195,5.9748427672955975,5.9748427672955975,88.0503144654088,8.176100628930817,79.87421383647799
E00019658,311,58,22,36,253,14,239,18.64951768488746,7.07395498392283,11.57556270096463,81.35048231511254,4.501607717041801,76.84887459807074
E00019659,307,44,14,30,263,24,239,14.332247557003258,4.5602605863192185,9.77198697068404,85.66775244299674,7.81758957654723,77.85016286644951
E00019660,344,43,16,27,301,26,275,12.5,4.651162790697675,7.848837209302325,87.5,7.55813953488372,79.94186046511628
E00019661,325,43,15,28,282,26,256,13.230769230769232,4.615384615384616,8.615384615384615,86.76923076923076,8,78.76923076923077
E00019662,266,25,6,19,241,22,219,9.398496240601503,2.2556390977443606,7.142857142857142,90.6015037593985,8.270676691729323,82.33082706766918
E00019663,293,31,13,18,262,18,244,10.580204778156997,4.436860068259386,6.143344709897611,89.419795221843,6.143344709897611,83.27645051194538
E00019664,395,80,33,47,315,28,287,20.253164556962027,8.354430379746836,11.89873417721519,79.74683544303798,7.088607594936709,72.65822784810126
E00019665,314,50,27,23,264,20,244,15.92356687898089,8.598726114649681,7.32484076433121,84.07643312101911,6.369426751592357,77.70700636942675
E00019666,407,60,16,44,347,30,317,14.742014742014742,3.9312039312039313,10.81081081081081,85.25798525798525,7.371007371007371,77.88697788697789
E00019667,302,40,14,26,262,21,241,13.245033112582782,4.635761589403973,8.609271523178808,86.75496688741721,6.95364238410596,79.80132450331125
E00019668,275,37,14,23,238,19,219,13.454545454545455,5.090909090909091,8.363636363636363,86.54545454545455,6.909090909090909,79.63636363636364
E00019669,325,28,2,26,297,19,278,8.615384615384615,0.6153846153846154,8,91.38461538461539,5.846153846153846,85.53846153846155
E00019670,377,43,21,22,334,23,311,11.405835543766578,5.570291777188329,5.835543766578249,88.59416445623343,6.10079575596817,82.49336870026525
E00019671,361,28,9,19,333,18,315,7.756232686980609,2.4930747922437675,5.263157894736842,92.24376731301939,4.986149584487535,87.25761772853186
E00019672,286,82,36,46,204,16,188,28.671328671328673,12.587412587412588,16.083916083916083,71.32867132867133,5.594405594405594,65.73426573426573
E00019673,347,50,18,32,297,27,270,14.409221902017292,5.187319884726225,9.221902017291066,85.5907780979827,7.780979827089338,77.80979827089337
E00019674,303,46,23,23,257,22,235,15.181518151815181,7.590759075907591,7.590759075907591,84.81848184818482,7.2607260726072615,77.55775577557755
E00019675,379,41,12,29,338,25,313,10.817941952506596,3.16622691292876,7.651715039577836,89.18205804749341,6.596306068601583,82.58575197889182
E00019676,311,40,17,23,271,17,254,12.861736334405144,5.466237942122187,7.395498392282958,87.13826366559485,5.466237942122187,81.67202572347267
E00019677,353,34,9,25,319,16,303,9.631728045325778,2.5495750708215295,7.0821529745042495,90.36827195467421,4.53257790368272,85.8356940509915
E00019678,293,42,15,27,251,25,226,14.334470989761092,5.1194539249146755,9.215017064846416,85.6655290102389,8.532423208191126,77.13310580204778
E00019679,377,41,18,23,336,29,307,10.875331564986737,4.774535809018567,6.10079575596817,89.12466843501326,7.6923076923076925,81.43236074270557
E00019680,376,38,17,21,338,27,311,10.106382978723403,4.521276595744681,5.585106382978723,89.8936170212766,7.180851063829788,82.7127659574468
E00019681,388,104,57,47,284,25,259,26.804123711340207,14.690721649484537,12.11340206185567,73.19587628865979,6.443298969072164,66.75257731958763
E00019682,393,55,19,36,338,18,320,13.994910941475828,4.8346055979643765,9.16030534351145,86.00508905852418,4.580152671755725,81.42493638676844
E00019683,356,61,22,39,295,25,270,17.134831460674157,6.179775280898876,10.955056179775282,82.86516853932584,7.02247191011236,75.84269662921348
E00019684,320,29,10,19,291,31,260,9.0625,3.125,5.9375,90.9375,9.6875,81.25
E00174880,265,47,18,29,218,11,207,17.735849056603772,6.7924528301886795,10.943396226415095,82.26415094339623,4.150943396226415,78.11320754716982
E00174881,249,27,8,19,222,14,208,10.843373493975903,3.2128514056224895,7.630522088353414,89.1566265060241,5.622489959839357,83.53413654618474
E00174882,400,33,10,23,367,25,342,8.25,2.5,5.75,91.75,6.25,85.5
E00174883,277,9,0,9,268,14,254,3.2490974729241873,0,3.2490974729241873,96.75090252707581,5.054151624548736,91.69675090252709
E00174884,689,138,32,106,551,35,516,20.029027576197386,4.644412191582003,15.384615384615385,79.9709724238026,5.079825834542816,74.89114658925979
E00174885,127,13,4,9,114,9,105,10.236220472440944,3.149606299212598,7.086614173228346,89.76377952755905,7.086614173228346,82.67716535433071
E00174886,394,34,9,25,360,27,333,8.629441624365482,2.284263959390863,6.345177664974619,91.37055837563452,6.852791878172589,84.51776649746193
E00174887,276,34,16,18,242,11,231,12.318840579710146,5.797101449275362,6.521739130434782,87.68115942028986,3.985507246376811,83.69565217391305
E00174888,318,32,15,17,286,19,267,10.062893081761008,4.716981132075472,5.345911949685535,89.937106918239,5.9748427672955975,83.9622641509434
E00184348,452,94,55,39,358,28,330,20.79646017699115,12.168141592920353,8.628318584070795,79.20353982300885,6.1946902654867255,73.00884955752213
E00184354,516,100,54,46,416,17,399,19.379844961240313,10.465116279069768,8.914728682170542,80.62015503875969,3.2945736434108532,77.32558139534885
E00184357,148,28,15,13,120,19,101,18.91891891891892,10.135135135135135,8.783783783783784,81.08108108108108,12.837837837837837,68.24324324324324
E00184363,282,51,18,33,231,32,199,18.085106382978726,6.382978723404255,11.702127659574469,81.91489361702128,11.347517730496454,70.56737588652481
E00184367,302,42,17,25,260,27,233,13.90728476821192,5.629139072847682,8.27814569536424,86.09271523178808,8.940397350993377,77.15231788079471
E00184378,554,72,33,39,482,38,444,12.996389891696749,5.956678700361011,7.039711191335741,87.00361010830325,6.859205776173286,80.14440433212997
E00184381,139,21,3,18,118,7,111,15.107913669064748,2.158273381294964,12.949640287769784,84.89208633093526,5.0359712230215825,79.85611510791367
E00184384,309,34,9,25,275,14,261,11.003236245954692,2.912621359223301,8.090614886731391,88.9967637540453,4.53074433656958,84.46601941747572
