OA,ts0380001,ts0380002,ts0380003,ts0380004,ts0380005,ts0380006,ts0380007,ts0380002_PCT,ts0380003_PCT,ts0380004_PCT,ts0380005_PCT,ts0380006_PCT,ts0380007_PCT
W00008779,380,83,41,42,297,14,283,21.842105263157897,10.789473684210527,11.052631578947368,78.15789473684211,3.684210526315789,74.47368421052632
W00008780,467,64,33,31,403,17,386,13.704496788008566,7.066381156316917,6.638115631691649,86.29550321199143,3.640256959314775,82.65524625267666
W00008781,428,97,35,62,331,36,295,22.66355140186916,8.177570093457943,14.485981308411214,77.33644859813083,8.411214953271028,68.92523364485982
W00008782,378,83,39,44,295,26,269,21.957671957671955,10.317460317460316,11.64021164021164,78.04232804232805,6.878306878306878,71.16402116402116
W00008784,425,73,25,48,352,20,332,17.176470588235293,5.88235294117647,11.294117647058824,82.82352941176471,4.705882352941177,78.11764705882352
W00008785,390,85,37,48,305,18,287,21.794871794871796,9.487179487179487,12.307692307692308,78.2051282051282,4.615384615384616,73.58974358974359
W00008786,336,74,37,37,262,15,247,22.023809523809522,11.011904761904761,11.011904761904761,77.97619047619048,4.464285714285714,73.51190476190477
W00008788,408,82,43,39,326,20,306,20.098039215686274,10.53921568627451,9.558823529411764,79.90196078431373,4.901960784313726,75
W00008789,286,69,40,29,217,8,209,24.125874125874127,13.986013986013987,10.13986013986014,75.87412587412588,2.797202797202797,73.07692307692307
W00008790,283,61,23,38,222,31,191,21.554770318021202,8.12720848056537,13.427561837455832,78.4452296819788,10.954063604240282,67.49116607773851
W00008791,231,59,38,21,172,10,162,25.541125541125542,16.450216450216452,9.090909090909092,74.45887445887446,4.329004329004329,70.12987012987013
W00008792,273,48,25,23,225,12,213,17.582417582417584,9.157509157509157,8.424908424908425,82.41758241758241,4.395604395604396,78.02197802197803
W00008794,467,96,34,62,371,28,343,20.556745182012847,7.28051391862955,13.276231263383298,79.44325481798715,5.995717344753747,73.44753747323341
W00008795,385,89,36,53,296,32,264,23.116883116883116,9.35064935064935,13.766233766233766,76.88311688311688,8.311688311688311,68.57142857142857
W00008797,344,81,35,46,263,24,239,23.546511627906977,10.174418604651162,13.372093023255813,76.45348837209302,6.976744186046512,69.47674418604652
W00008798,436,80,44,36,356,30,326,18.34862385321101,10.091743119266056,8.256880733944955,81.65137614678899,6.8807339449541285,74.77064220183486
W00008799,396,92,47,45,304,27,277,23.232323232323232,11.868686868686869,11.363636363636363,76.76767676767676,6.8181818181818175,69.94949494949495
W00008800,384,70,25,45,314,31,283,18.229166666666664,6.510416666666667,11.71875,81.77083333333334,8.072916666666668,73.69791666666666
W00008801,350,67,24,43,283,18,265,19.142857142857142,6.857142857142858,12.285714285714286,80.85714285714286,5.142857142857142,75.71428571428571
W00008803,376,80,43,37,296,18,278,21.27659574468085,11.436170212765957,9.840425531914894,78.72340425531915,4.787234042553192,73.93617021276596
W00008804,501,83,48,35,418,23,395,16.56686626746507,9.580838323353294,6.986027944111776,83.43313373253493,4.590818363273453,78.84231536926147
W00008807,442,92,48,44,350,35,315,20.81447963800905,10.85972850678733,9.95475113122172,79.18552036199095,7.918552036199094,71.26696832579185
W00008811,241,30,11,19,211,23,188,12.448132780082988,4.564315352697095,7.883817427385892,87.55186721991701,9.54356846473029,78.00829875518673
W00008813,255,41,11,30,214,22,192,16.07843137254902,4.313725490196078,11.76470588235294,83.92156862745098,8.627450980392156,75.29411764705883
W00008814,512,93,55,38,419,8,411,18.1640625,10.7421875,7.421875,81.8359375,1.5625,80.2734375
W00008816,431,86,47,39,345,13,332,19.953596287703014,10.904872389791183,9.048723897911833,80.04640371229699,3.0162412993039442,77.03016241299304
W00008817,350,52,29,23,298,13,285,14.857142857142858,8.285714285714285,6.571428571428571,85.14285714285714,3.7142857142857144,81.42857142857143
W00008818,539,66,36,30,473,18,455,12.244897959183673,6.679035250463822,5.565862708719852,87.75510204081633,3.339517625231911,84.4155844155844
W00008819,284,75,48,27,209,11,198,26.408450704225352,16.901408450704224,9.507042253521126,73.59154929577466,3.873239436619718,69.71830985915493
W00008820,622,172,105,67,450,26,424,27.652733118971064,16.881028938906752,10.77170418006431,72.34726688102894,4.180064308681672,68.16720257234726
W00008821,493,73,32,41,420,43,377,14.807302231237324,6.490872210953347,8.316430020283976,85.19269776876268,8.72210953346856,76.47058823529412
W00008822,345,74,32,42,271,22,249,21.44927536231884,9.27536231884058,12.173913043478262,78.55072463768116,6.3768115942028984,72.17391304347827
W00008823,347,98,46,52,249,23,226,28.24207492795389,13.256484149855908,14.985590778097983,71.75792507204612,6.628242074927954,65.12968299711815
W00008824,440,121,70,51,319,20,299,27.500000000000004,15.909090909090908,11.59090909090909,72.5,4.545454545454546,67.95454545454545
W00008825,289,77,40,37,212,17,195,26.643598615916954,13.84083044982699,12.802768166089965,73.35640138408304,5.88235294117647,67.47404844290658
W00008826,377,86,47,39,291,25,266,22.811671087533156,12.46684350132626,10.344827586206897,77.18832891246684,6.631299734748011,70.55702917771883
W00008827,333,89,52,37,244,15,229,26.726726726726728,15.615615615615615,11.11111111111111,73.27327327327328,4.504504504504505,68.76876876876878
W00008828,326,80,42,38,246,15,231,24.539877300613497,12.883435582822086,11.65644171779141,75.4601226993865,4.601226993865031,70.85889570552148
W00008829,476,92,35,57,384,26,358,19.327731092436977,7.352941176470589,11.974789915966387,80.67226890756302,5.46218487394958,75.21008403361344
W00008830,324,73,38,35,251,19,232,22.530864197530864,11.728395061728394,10.802469135802468,77.46913580246914,5.864197530864197,71.60493827160494
W00008831,365,93,45,48,272,18,254,25.47945205479452,12.32876712328767,13.150684931506849,74.52054794520548,4.931506849315069,69.58904109589041
W00008832,250,63,29,34,187,20,167,25.2,11.600000000000001,13.600000000000001,74.8,8,66.8
W00008833,498,136,74,62,362,26,336,27.309236947791167,14.859437751004014,12.449799196787147,72.69076305220884,5.220883534136546,67.46987951807229
W00008834,286,96,54,42,190,9,181,33.56643356643357,18.88111888111888,14.685314685314685,66.43356643356644,3.146853146853147,63.286713286713294
W00008835,358,97,43,54,261,23,238,27.09497206703911,12.011173184357542,15.083798882681565,72.90502793296089,6.424581005586592,66.4804469273743
W00008836,260,78,43,35,182,16,166,30,16.538461538461537,13.461538461538462,70,6.153846153846154,63.84615384615384
W00008837,388,101,55,46,287,17,270,26.03092783505155,14.175257731958762,11.855670103092782,73.96907216494846,4.381443298969072,69.58762886597938
W00008838,253,88,51,37,165,15,150,34.78260869565217,20.158102766798418,14.624505928853754,65.21739130434783,5.928853754940711,59.28853754940712
W00008839,207,77,50,27,130,10,120,37.19806763285024,24.154589371980677,13.043478260869565,62.80193236714976,4.830917874396135,57.971014492753625
W00008840,374,91,50,41,283,9,274,24.331550802139038,13.368983957219251,10.962566844919785,75.66844919786097,2.406417112299465,73.2620320855615
W00008841,301,83,42,41,218,10,208,27.57475083056478,13.953488372093023,13.621262458471762,72.42524916943522,3.322259136212625,69.10299003322258
W00008842,421,132,94,38,289,27,262,31.353919239904986,22.327790973871732,9.026128266033254,68.646080760095,6.413301662707839,62.23277909738717
W00008843,391,98,52,46,293,18,275,25.063938618925828,13.299232736572892,11.76470588235294,74.93606138107417,4.603580562659847,70.33248081841433
W00008844,313,87,42,45,226,14,212,27.79552715654952,13.418530351437699,14.376996805111823,72.20447284345049,4.472843450479233,67.73162939297124
W00008845,274,63,40,23,211,19,192,22.99270072992701,14.5985401459854,8.394160583941606,77.00729927007299,6.934306569343065,70.07299270072993
W00008846,248,76,37,39,172,6,166,30.64516129032258,14.919354838709678,15.725806451612904,69.35483870967742,2.4193548387096775,66.93548387096774
W00008847,359,96,57,39,263,18,245,26.740947075208915,15.87743732590529,10.86350974930362,73.25905292479109,5.013927576601671,68.24512534818942
W00008848,290,90,54,36,200,11,189,31.03448275862069,18.620689655172416,12.413793103448276,68.96551724137932,3.793103448275862,65.17241379310344
W00008849,260,69,32,37,191,8,183,26.53846153846154,12.307692307692308,14.23076923076923,73.46153846153847,3.076923076923077,70.38461538461539
W00008850,412,92,44,48,320,19,301,22.330097087378643,10.679611650485436,11.650485436893204,77.66990291262135,4.611650485436893,73.05825242718447
W00008851,303,77,36,41,226,19,207,25.412541254125415,11.881188118811881,13.531353135313532,74.58745874587459,6.270627062706271,68.31683168316832
W00008852,227,84,41,43,143,12,131,37.00440528634361,18.06167400881057,18.94273127753304,62.99559471365639,5.286343612334802,57.70925110132159
W00008853,288,43,11,32,245,27,218,14.930555555555555,3.8194444444444446,11.11111111111111,85.06944444444444,9.375,75.69444444444444
W00008854,322,56,23,33,266,22,244,17.391304347826086,7.142857142857142,10.248447204968944,82.6086956521739,6.832298136645963,75.77639751552795
W00008855,309,82,42,40,227,32,195,26.537216828478964,13.592233009708737,12.944983818770226,73.46278317152104,10.355987055016183,63.10679611650486
W00008856,278,35,12,23,243,23,220,12.589928057553957,4.316546762589928,8.273381294964029,87.41007194244604,8.273381294964029,79.13669064748201
W00008857,269,36,11,25,233,34,199,13.382899628252787,4.089219330855019,9.293680297397769,86.61710037174721,12.639405204460965,73.97769516728626
W00008858,266,35,16,19,231,22,209,13.157894736842104,6.015037593984962,7.142857142857142,86.8421052631579,8.270676691729323,78.57142857142857
W00008859,352,80,52,28,272,27,245,22.727272727272727,14.772727272727273,7.954545454545454,77.27272727272727,7.670454545454546,69.60227272727273
W00008860,246,44,20,24,202,27,175,17.88617886178862,8.130081300813007,9.75609756097561,82.11382113821138,10.975609756097562,71.13821138211382
W00008861,370,71,22,49,299,22,277,19.18918918918919,5.9459459459459465,13.243243243243244,80.8108108108108,5.9459459459459465,74.86486486486487
W00008862,247,47,21,26,200,19,181,19.02834008097166,8.502024291497975,10.526315789473683,80.97165991902834,7.6923076923076925,73.27935222672065
W00008863,238,41,19,22,197,24,173,17.22689075630252,7.9831932773109235,9.243697478991598,82.77310924369748,10.084033613445378,72.68907563025209
W00008864,300,69,35,34,231,28,203,23,11.666666666666666,11.333333333333332,77,9.333333333333334,67.66666666666666
W00008865,261,45,16,29,216,22,194,17.24137931034483,6.130268199233716,11.11111111111111,82.75862068965517,8.42911877394636,74.32950191570882
W00008866,256,34,14,20,222,24,198,13.28125,5.46875,7.8125,86.71875,9.375,77.34375
W00008867,310,56,25,31,254,20,234,18.064516129032256,8.064516129032258,10,81.93548387096774,6.451612903225806,75.48387096774194
W00008868,314,59,18,41,255,29,226,18.789808917197455,5.7324840764331215,13.05732484076433,81.21019108280255,9.235668789808917,71.97452229299363
W00008869,431,97,37,60,334,26,308,22.505800464037122,8.584686774941995,13.921113689095128,77.49419953596288,6.0324825986078885,71.46171693735499
W00008870,315,78,36,42,237,21,216,24.761904761904763,11.428571428571429,13.333333333333334,75.23809523809524,6.666666666666667,68.57142857142857
W00008871,357,48,16,32,309,37,272,13.445378151260504,4.481792717086835,8.96358543417367,86.5546218487395,10.364145658263306,76.19047619047619
W00008872,279,57,26,31,222,15,207,20.43010752688172,9.31899641577061,11.11111111111111,79.56989247311827,5.376344086021505,74.19354838709677
W00008873,317,61,23,38,256,26,230,19.242902208201894,7.255520504731862,11.987381703470032,80.7570977917981,8.201892744479496,72.55520504731862
W00008874,370,60,18,42,310,23,287,16.216216216216218,4.864864864864865,11.351351351351353,83.78378378378379,6.216216216216217,77.56756756756756
W00008875,383,58,27,31,325,29,296,15.143603133159269,7.049608355091384,8.093994778067886,84.85639686684074,7.5718015665796345,77.28459530026109
W00008877,315,51,23,28,264,25,239,16.19047619047619,7.301587301587302,8.88888888888889,83.80952380952381,7.936507936507936,75.87301587301587
W00008878,435,50,22,28,385,42,343,11.494252873563218,5.057471264367816,6.436781609195402,88.50574712643679,9.655172413793103,78.85057471264368
W00008879,292,44,11,33,248,29,219,15.068493150684931,3.767123287671233,11.301369863013697,84.93150684931507,9.931506849315069,75
W00008880,383,64,30,34,319,27,292,16.710182767624023,7.83289817232376,8.87728459530026,83.28981723237598,7.049608355091384,76.2402088772846
W00008881,357,69,16,53,288,38,250,19.327731092436977,4.481792717086835,14.84593837535014,80.67226890756302,10.644257703081232,70.02801120448179
W00008882,364,93,61,32,271,28,243,25.549450549450547,16.758241758241756,8.791208791208792,74.45054945054946,7.6923076923076925,66.75824175824175
W00008883,289,68,28,40,221,16,205,23.52941176470588,9.688581314878892,13.84083044982699,76.47058823529412,5.536332179930796,70.93425605536332
W00008884,261,69,35,34,192,10,182,26.436781609195403,13.409961685823754,13.026819923371647,73.5632183908046,3.8314176245210727,69.73180076628353
W00008886,369,47,18,29,322,23,299,12.737127371273713,4.878048780487805,7.8590785907859075,87.26287262872629,6.233062330623306,81.02981029810297
W00008887,315,48,13,35,267,22,245,15.238095238095239,4.1269841269841265,11.11111111111111,84.76190476190476,6.984126984126984,77.77777777777779
W00008888,232,72,35,37,160,19,141,31.03448275862069,15.086206896551724,15.948275862068966,68.96551724137932,8.189655172413794,60.775862068965516
W00008889,295,32,17,15,263,24,239,10.847457627118644,5.762711864406779,5.084745762711865,89.15254237288136,8.135593220338983,81.01694915254237
W00008890,297,47,21,26,250,27,223,15.824915824915825,7.07070707070707,8.754208754208754,84.17508417508418,9.090909090909092,75.08417508417509
W00008891,229,48,26,22,181,17,164,20.96069868995633,11.353711790393014,9.606986899563319,79.03930131004367,7.423580786026202,71.61572052401746
W00008892,317,44,21,23,273,27,246,13.880126182965299,6.624605678233439,7.255520504731862,86.1198738170347,8.517350157728707,77.60252365930599
W00008893,349,60,27,33,289,22,267,17.191977077363894,7.736389684813753,9.455587392550143,82.8080229226361,6.303724928366762,76.50429799426934
W00008894,321,44,13,31,277,35,242,13.707165109034266,4.049844236760125,9.657320872274143,86.29283489096574,10.903426791277258,75.38940809968847
W00008895,278,30,11,19,248,22,226,10.79136690647482,3.9568345323741005,6.83453237410072,89.20863309352518,7.913669064748201,81.29496402877699
W00008896,237,36,14,22,201,29,172,15.18987341772152,5.9071729957805905,9.282700421940929,84.81012658227847,12.236286919831224,72.57383966244726
W00008897,196,44,18,26,152,20,132,22.448979591836736,9.183673469387756,13.26530612244898,77.55102040816327,10.204081632653061,67.3469387755102
W00008899,475,52,12,40,423,35,388,10.947368421052632,2.526315789473684,8.421052631578947,89.05263157894737,7.368421052631578,81.6842105263158
W00008901,534,64,11,53,470,39,431,11.985018726591761,2.0599250936329585,9.925093632958802,88.01498127340824,7.303370786516854,80.71161048689139
W00008902,556,113,51,62,443,41,402,20.323741007194247,9.172661870503598,11.151079136690647,79.67625899280576,7.374100719424461,72.3021582733813
W00008903,557,59,12,47,498,52,446,10.59245960502693,2.154398563734291,8.43806104129264,89.40754039497307,9.33572710951526,80.07181328545781
W00008906,430,63,12,51,367,41,326,14.651162790697676,2.7906976744186047,11.86046511627907,85.34883720930233,9.534883720930234,75.81395348837209
W00008909,516,62,13,49,454,37,417,12.015503875968992,2.5193798449612403,9.496124031007753,87.98449612403101,7.170542635658915,80.81395348837209
W00008910,625,66,13,53,559,59,500,10.56,2.08,8.48,89.44,9.44,80
W00008911,325,53,22,31,272,33,239,16.307692307692307,6.769230769230769,9.538461538461538,83.6923076923077,10.153846153846153,73.53846153846155
W00008912,544,79,15,64,465,45,420,14.522058823529413,2.7573529411764706,11.76470588235294,85.47794117647058,8.272058823529411,77.20588235294117
W00008913,433,44,8,36,389,31,358,10.161662817551962,1.8475750577367205,8.314087759815243,89.83833718244803,7.159353348729793,82.67898383371825
W00008915,436,52,12,40,384,30,354,11.926605504587156,2.7522935779816518,9.174311926605505,88.07339449541286,6.8807339449541285,81.19266055045871
W00008916,473,66,10,56,407,38,369,13.953488372093023,2.1141649048625792,11.839323467230443,86.04651162790698,8.0338266384778,78.01268498942918
W00008918,484,58,21,37,426,42,384,11.983471074380166,4.338842975206612,7.644628099173553,88.01652892561982,8.677685950413224,79.33884297520662
W00008919,269,40,13,27,229,25,204,14.869888475836431,4.83271375464684,10.037174721189592,85.13011152416357,9.293680297397769,75.8364312267658
W00008920,486,76,21,55,410,45,365,15.637860082304528,4.320987654320987,11.316872427983538,84.36213991769547,9.25925925925926,75.1028806584362
W00008921,307,53,15,38,254,23,231,17.263843648208468,4.88599348534202,12.37785016286645,82.73615635179154,7.491856677524431,75.2442996742671
W00008922,541,58,17,41,483,38,445,10.720887245841034,3.1423290203327174,7.578558225508318,89.27911275415896,7.024029574861368,82.2550831792976
W00008923,415,75,20,55,340,35,305,18.072289156626507,4.819277108433735,13.253012048192772,81.92771084337349,8.433734939759036,73.49397590361446
W00008924,496,78,25,53,418,38,380,15.725806451612904,5.040322580645161,10.685483870967742,84.2741935483871,7.661290322580645,76.61290322580645
W00008925,441,75,25,50,366,39,327,17.006802721088434,5.6689342403628125,11.337868480725625,82.99319727891157,8.843537414965986,74.14965986394559
W00008926,358,45,10,35,313,33,280,12.569832402234638,2.793296089385475,9.776536312849162,87.43016759776536,9.217877094972067,78.2122905027933
W00008927,420,55,12,43,365,39,326,13.095238095238097,2.857142857142857,10.238095238095237,86.90476190476191,9.285714285714286,77.61904761904762
W00008929,384,56,7,49,328,25,303,14.583333333333334,1.8229166666666667,12.760416666666666,85.41666666666666,6.510416666666667,78.90625
W00008931,446,67,25,42,379,38,341,15.022421524663676,5.605381165919283,9.417040358744394,84.97757847533633,8.520179372197308,76.45739910313901
W00008932,554,73,18,55,481,57,424,13.176895306859207,3.2490974729241873,9.927797833935017,86.82310469314079,10.288808664259928,76.53429602888086
W00008933,405,37,10,27,368,29,339,9.135802469135802,2.4691358024691357,6.666666666666667,90.8641975308642,7.160493827160494,83.7037037037037
W00008934,297,35,11,24,262,19,243,11.784511784511785,3.7037037037037033,8.080808080808081,88.21548821548821,6.397306397306397,81.81818181818183
W00008935,329,59,28,31,270,19,251,17.933130699088146,8.51063829787234,9.422492401215806,82.06686930091185,5.775075987841945,76.29179331306992
W00008936,338,31,9,22,307,22,285,9.171597633136095,2.6627218934911245,6.508875739644971,90.8284023668639,6.508875739644971,84.31952662721893
W00008937,311,55,21,34,256,30,226,17.684887459807076,6.752411575562702,10.932475884244374,82.31511254019293,9.646302250803858,72.66881028938906
W00008938,303,46,23,23,257,20,237,15.181518151815181,7.590759075907591,7.590759075907591,84.81848184818482,6.6006600660066,78.21782178217822
W00008939,274,46,15,31,228,21,207,16.78832116788321,5.474452554744526,11.313868613138686,83.21167883211679,7.664233576642336,75.54744525547446
W00008940,280,39,12,27,241,24,217,13.928571428571429,4.285714285714286,9.642857142857144,86.07142857142858,8.571428571428571,77.5
W00008941,255,41,14,27,214,27,187,16.07843137254902,5.490196078431373,10.588235294117647,83.92156862745098,10.588235294117647,73.33333333333333
W00008942,248,37,13,24,211,19,192,14.919354838709678,5.241935483870968,9.67741935483871,85.08064516129032,7.661290322580645,77.41935483870968
W00008943,404,82,53,29,322,25,297,20.2970297029703,13.118811881188119,7.1782178217821775,79.70297029702971,6.188118811881188,73.51485148514851
W00008945,288,41,13,28,247,16,231,14.23611111111111,4.513888888888888,9.722222222222223,85.76388888888889,5.555555555555555,80.20833333333334
W00008947,278,49,19,30,229,22,207,17.62589928057554,6.83453237410072,10.79136690647482,82.37410071942446,7.913669064748201,74.46043165467626
W00008948,341,39,13,26,302,29,273,11.436950146627565,3.812316715542522,7.624633431085044,88.56304985337243,8.504398826979472,80.05865102639295
W00008949,329,57,11,46,272,24,248,17.325227963525837,3.343465045592705,13.98176291793313,82.67477203647417,7.29483282674772,75.37993920972644
W00008950,379,56,19,37,323,35,288,14.775725593667547,5.013192612137203,9.762532981530343,85.22427440633246,9.234828496042216,75.98944591029023
W00008951,413,39,18,21,374,36,338,9.443099273607748,4.358353510895883,5.084745762711865,90.55690072639226,8.716707021791766,81.84019370460048
W00008952,325,52,17,35,273,25,248,16,5.230769230769231,10.76923076923077,84,7.6923076923076925,76.3076923076923
W00008953,345,28,9,19,317,30,287,8.115942028985506,2.608695652173913,5.507246376811594,91.88405797101449,8.695652173913043,83.18840579710145
W00008954,348,42,17,25,306,24,282,12.068965517241379,4.885057471264368,7.183908045977011,87.93103448275862,6.896551724137931,81.03448275862068
W00008955,358,43,15,28,315,38,277,12.011173184357542,4.189944134078212,7.82122905027933,87.98882681564247,10.614525139664805,77.37430167597765
W00008956,306,44,18,26,262,28,234,14.37908496732026,5.88235294117647,8.49673202614379,85.62091503267973,9.15032679738562,76.47058823529412
W00008957,343,48,25,23,295,32,263,13.994169096209912,7.288629737609329,6.705539358600583,86.0058309037901,9.329446064139942,76.67638483965014
W00008958,270,59,32,27,211,24,187,21.85185185185185,11.851851851851853,10,78.14814814814814,8.88888888888889,69.25925925925925
W00008959,341,39,20,19,302,27,275,11.436950146627565,5.865102639296188,5.571847507331378,88.56304985337243,7.9178885630498534,80.64516129032258
W00008960,373,45,9,36,328,30,298,12.064343163538874,2.4128686327077746,9.651474530831099,87.93565683646113,8.04289544235925,79.89276139410187
W00008961,343,45,16,29,298,36,262,13.119533527696792,4.664723032069971,8.454810495626822,86.88046647230321,10.495626822157435,76.38483965014578
W00008962,262,40,11,29,222,21,201,15.267175572519085,4.198473282442748,11.068702290076336,84.7328244274809,8.015267175572518,76.7175572519084
W00008963,301,48,21,27,253,27,226,15.946843853820598,6.976744186046512,8.970099667774086,84.0531561461794,8.970099667774086,75.08305647840533
W00008964,331,47,23,24,284,19,265,14.19939577039275,6.948640483383686,7.250755287009064,85.80060422960725,5.740181268882175,80.06042296072508
W00008965,382,54,23,31,328,23,305,14.136125654450263,6.020942408376963,8.115183246073299,85.86387434554975,6.020942408376963,79.84293193717278
W00008966,306,28,7,21,278,28,250,9.15032679738562,2.287581699346405,6.862745098039216,90.84967320261438,9.15032679738562,81.69934640522875
W00008967,141,46,22,24,95,0,95,32.62411347517731,15.602836879432624,17.02127659574468,67.37588652482269,0,67.37588652482269
W00008969,286,37,13,24,249,15,234,12.937062937062937,4.545454545454546,8.391608391608392,87.06293706293707,5.244755244755245,81.81818181818183
W00008970,305,50,18,32,255,19,236,16.39344262295082,5.901639344262295,10.491803278688524,83.60655737704919,6.229508196721312,77.37704918032787
W00008971,333,45,13,32,288,24,264,13.513513513513514,3.903903903903904,9.60960960960961,86.48648648648648,7.207207207207207,79.27927927927928
W00008972,343,89,45,44,254,27,227,25.94752186588921,13.119533527696792,12.82798833819242,74.05247813411079,7.871720116618077,66.1807580174927
W00008974,281,28,14,14,253,21,232,9.9644128113879,4.98220640569395,4.98220640569395,90.0355871886121,7.473309608540925,82.56227758007117
W00008975,268,55,23,32,213,20,193,20.522388059701495,8.582089552238806,11.940298507462686,79.47761194029852,7.462686567164178,72.01492537313433
W00008976,334,50,22,28,284,25,259,14.97005988023952,6.58682634730539,8.383233532934131,85.02994011976048,7.48502994011976,77.54491017964071
W00008977,342,43,16,27,299,27,272,12.573099415204677,4.678362573099415,7.894736842105263,87.42690058479532,7.894736842105263,79.53216374269006
W00008978,219,52,24,28,167,13,154,23.74429223744292,10.95890410958904,12.785388127853881,76.25570776255708,5.93607305936073,70.31963470319634
W00008979,293,50,16,34,243,20,223,17.064846416382252,5.460750853242321,11.604095563139932,82.93515358361775,6.825938566552901,76.10921501706484
W00008980,312,59,26,33,253,27,226,18.91025641025641,8.333333333333332,10.576923076923077,81.08974358974359,8.653846153846153,72.43589743589743
W00008981,324,92,46,46,232,10,222,28.39506172839506,14.19753086419753,14.19753086419753,71.60493827160494,3.0864197530864197,68.51851851851852
W00008982,263,60,34,26,203,10,193,22.813688212927758,12.927756653992395,9.885931558935361,77.18631178707224,3.802281368821293,73.38403041825094
W00008983,272,58,28,30,214,18,196,21.323529411764707,10.294117647058822,11.029411764705882,78.67647058823529,6.61764705882353,72.05882352941177
W00008984,345,53,16,37,292,20,272,15.36231884057971,4.63768115942029,10.72463768115942,84.63768115942028,5.797101449275362,78.84057971014494
W00008985,410,110,57,53,300,13,287,26.82926829268293,13.902439024390246,12.926829268292684,73.17073170731707,3.1707317073170733,70
W00008986,354,81,48,33,273,15,258,22.88135593220339,13.559322033898304,9.322033898305085,77.11864406779661,4.23728813559322,72.88135593220339
W00008987,320,71,44,27,249,14,235,22.1875,13.750000000000002,8.4375,77.8125,4.375,73.4375
W00008988,303,101,54,47,202,16,186,33.33333333333333,17.82178217821782,15.51155115511551,66.66666666666666,5.2805280528052805,61.386138613861384
W00008989,316,65,30,35,251,22,229,20.569620253164558,9.49367088607595,11.075949367088606,79.43037974683544,6.962025316455696,72.46835443037975
W00008990,292,45,20,25,247,24,223,15.41095890410959,6.8493150684931505,8.561643835616438,84.58904109589042,8.21917808219178,76.36986301369863
W00008991,313,55,21,34,258,23,235,17.57188498402556,6.7092651757188495,10.86261980830671,82.42811501597444,7.348242811501597,75.07987220447284
W00008992,360,89,53,36,271,16,255,24.72222222222222,14.722222222222223,10,75.27777777777777,4.444444444444445,70.83333333333334
W00008993,316,95,47,48,221,19,202,30.063291139240505,14.873417721518987,15.18987341772152,69.9367088607595,6.012658227848101,63.92405063291139
W00008994,277,57,30,27,220,16,204,20.577617328519857,10.830324909747292,9.747292418772563,79.42238267148014,5.776173285198556,73.6462093862816
W00008995,350,77,46,31,273,10,263,22,13.142857142857142,8.857142857142856,78,2.857142857142857,75.14285714285714
W00008996,296,83,40,43,213,19,194,28.040540540540544,13.513513513513514,14.527027027027026,71.95945945945947,6.418918918918918,65.54054054054053
W00008997,311,79,32,47,232,18,214,25.401929260450164,10.289389067524116,15.112540192926044,74.59807073954984,5.787781350482315,68.81028938906752
W00008998,315,83,45,38,232,12,220,26.34920634920635,14.285714285714285,12.063492063492063,73.65079365079366,3.8095238095238098,69.84126984126983
W00008999,368,84,41,43,284,19,265,22.82608695652174,11.141304347826086,11.684782608695652,77.17391304347827,5.163043478260869,72.01086956521739
W00009000,362,96,56,40,266,19,247,26.519337016574585,15.469613259668508,11.049723756906078,73.48066298342542,5.248618784530387,68.23204419889503
W00009001,346,72,38,34,274,21,253,20.809248554913296,10.982658959537572,9.826589595375722,79.1907514450867,6.069364161849711,73.121387283237
W00009002,399,102,63,39,297,25,272,25.563909774436087,15.789473684210526,9.774436090225564,74.43609022556392,6.265664160401002,68.1704260651629
W00009003,428,109,47,62,319,24,295,25.46728971962617,10.981308411214954,14.485981308411214,74.53271028037383,5.607476635514018,68.92523364485982
W00009004,329,79,41,38,250,17,233,24.012158054711247,12.462006079027356,11.55015197568389,75.98784194528876,5.167173252279635,70.82066869300911
W00009005,392,104,59,45,288,11,277,26.53061224489796,15.051020408163266,11.479591836734695,73.46938775510205,2.806122448979592,70.66326530612244
W00009006,312,67,31,36,245,12,233,21.474358974358974,9.935897435897436,11.538461538461538,78.52564102564102,3.8461538461538463,74.67948717948718
W00009007,234,75,44,31,159,12,147,32.05128205128205,18.803418803418804,13.247863247863249,67.94871794871796,5.128205128205128,62.82051282051282
W00009008,371,84,39,45,287,13,274,22.641509433962266,10.512129380053908,12.129380053908356,77.35849056603774,3.5040431266846364,73.8544474393531
W00009009,326,95,53,42,231,10,221,29.141104294478527,16.257668711656443,12.883435582822086,70.85889570552148,3.067484662576687,67.79141104294479
W00009010,350,79,41,38,271,26,245,22.57142857142857,11.714285714285715,10.857142857142858,77.42857142857143,7.428571428571429,70
W00009011,327,78,45,33,249,15,234,23.853211009174313,13.761467889908257,10.091743119266056,76.14678899082568,4.587155963302752,71.55963302752293
W00009012,262,58,33,25,204,12,192,22.137404580152673,12.595419847328243,9.541984732824428,77.86259541984732,4.580152671755725,73.2824427480916
W00009013,320,88,49,39,232,16,216,27.500000000000004,15.312500000000002,12.1875,72.5,5,67.5
W00009014,360,77,44,33,283,13,270,21.38888888888889,12.222222222222221,9.166666666666666,78.61111111111111,3.6111111111111107,75
W00009015,430,78,31,47,352,34,318,18.13953488372093,7.209302325581396,10.930232558139535,81.86046511627907,7.906976744186046,73.95348837209302
W00009016,263,61,25,36,202,1,201,23.193916349809886,9.505703422053232,13.688212927756654,76.80608365019012,0.38022813688212925,76.42585551330798
W00009017,245,72,38,34,173,17,156,29.38775510204082,15.510204081632653,13.877551020408163,70.61224489795919,6.938775510204081,63.6734693877551
W00009018,302,97,61,36,205,12,193,32.11920529801324,20.198675496688743,11.920529801324504,67.88079470198676,3.9735099337748347,63.90728476821192
W00009019,310,59,25,34,251,10,241,19.032258064516128,8.064516129032258,10.967741935483872,80.96774193548387,3.225806451612903,77.74193548387098
W00009020,271,63,34,29,208,9,199,23.247232472324722,12.546125461254611,10.70110701107011,76.75276752767527,3.3210332103321036,73.43173431734317
W00009021,413,99,53,46,314,19,295,23.97094430992736,12.832929782082324,11.138014527845035,76.02905569007264,4.600484261501211,71.42857142857143
W00009022,245,49,15,34,196,17,179,20,6.122448979591836,13.877551020408163,80,6.938775510204081,73.06122448979592
W00009023,279,66,40,26,213,17,196,23.655913978494624,14.336917562724013,9.31899641577061,76.34408602150538,6.093189964157706,70.25089605734766
W00009024,321,87,37,50,234,13,221,27.102803738317753,11.526479750778815,15.57632398753894,72.89719626168224,4.049844236760125,68.84735202492212
W00009025,332,89,51,38,243,11,232,26.80722891566265,15.36144578313253,11.44578313253012,73.19277108433735,3.313253012048193,69.87951807228916
W00009026,268,51,25,26,217,20,197,19.029850746268657,9.328358208955224,9.701492537313433,80.97014925373134,7.462686567164178,73.50746268656717
W00009027,323,88,38,50,235,15,220,27.24458204334365,11.76470588235294,15.479876160990713,72.75541795665634,4.643962848297214,68.11145510835914
W00009028,212,55,32,23,157,15,142,25.943396226415093,15.09433962264151,10.849056603773585,74.05660377358491,7.0754716981132075,66.98113207547169
W00009029,305,78,39,39,227,10,217,25.573770491803277,12.786885245901638,12.786885245901638,74.42622950819671,3.278688524590164,71.14754098360656
W00009030,316,53,25,28,263,24,239,16.77215189873418,7.9113924050632916,8.860759493670885,83.22784810126582,7.59493670886076,75.63291139240506
W00009031,319,65,30,35,254,14,240,20.37617554858934,9.404388714733543,10.9717868338558,79.62382445141067,4.38871473354232,75.23510971786834
W00009032,349,85,33,52,264,13,251,24.355300859598856,9.455587392550143,14.899713467048711,75.64469914040114,3.7249283667621778,71.91977077363897
W00009033,297,70,42,28,227,16,211,23.56902356902357,14.14141414141414,9.427609427609427,76.43097643097643,5.387205387205387,71.04377104377105
W00009034,308,81,44,37,227,15,212,26.2987012987013,14.285714285714285,12.012987012987013,73.7012987012987,4.870129870129871,68.83116883116884
W00009035,337,44,22,22,293,39,254,13.056379821958458,6.528189910979229,6.528189910979229,86.94362017804154,11.572700296735905,75.37091988130564
W00009036,375,82,41,41,293,19,274,21.866666666666667,10.933333333333334,10.933333333333334,78.13333333333333,5.066666666666666,73.06666666666666
W00009037,271,84,52,32,187,14,173,30.996309963099634,19.18819188191882,11.808118081180812,69.00369003690037,5.166051660516605,63.837638376383765
W00009038,249,61,39,22,188,8,180,24.497991967871485,15.66265060240964,8.835341365461847,75.50200803212851,3.2128514056224895,72.28915662650603
W00009039,285,43,19,24,242,18,224,15.087719298245613,6.666666666666667,8.421052631578947,84.91228070175438,6.315789473684211,78.59649122807018
W00009040,309,76,40,36,233,18,215,24.59546925566343,12.944983818770226,11.650485436893204,75.40453074433657,5.825242718446602,69.57928802588997
W00009041,239,85,48,37,154,13,141,35.56485355648535,20.0836820083682,15.481171548117153,64.43514644351464,5.439330543933055,58.995815899581594
W00009042,284,94,51,43,190,24,166,33.098591549295776,17.95774647887324,15.140845070422534,66.90140845070422,8.450704225352112,58.45070422535211
W00009043,420,102,56,46,318,15,303,24.285714285714285,13.333333333333334,10.952380952380953,75.71428571428571,3.571428571428571,72.14285714285714
W00009044,236,43,16,27,193,12,181,18.220338983050848,6.779661016949152,11.440677966101696,81.77966101694916,5.084745762711865,76.69491525423729
W00009045,321,68,26,42,253,18,235,21.18380062305296,8.09968847352025,13.084112149532709,78.81619937694704,5.607476635514018,73.20872274143302
W00009046,233,65,39,26,168,18,150,27.896995708154503,16.738197424892704,11.158798283261802,72.1030042918455,7.725321888412018,64.37768240343348
W00009047,273,66,24,42,207,19,188,24.175824175824175,8.791208791208792,15.384615384615385,75.82417582417582,6.95970695970696,68.86446886446886
W00009048,315,61,27,34,254,29,225,19.365079365079367,8.571428571428571,10.793650793650794,80.63492063492063,9.206349206349207,71.42857142857143
W00009049,332,94,56,38,238,17,221,28.313253012048197,16.867469879518072,11.44578313253012,71.6867469879518,5.120481927710843,66.56626506024097
W00009050,310,77,33,44,233,21,212,24.838709677419356,10.64516129032258,14.193548387096774,75.16129032258064,6.774193548387098,68.38709677419355
W00009051,318,48,21,27,270,33,237,15.09433962264151,6.60377358490566,8.49056603773585,84.90566037735849,10.377358490566039,74.52830188679245
W00009052,204,68,36,32,136,11,125,33.33333333333333,17.647058823529413,15.686274509803921,66.66666666666666,5.392156862745098,61.274509803921575
W00009053,186,37,22,15,149,11,138,19.892473118279568,11.827956989247312,8.064516129032258,80.10752688172043,5.913978494623656,74.19354838709677
W00009054,332,49,23,26,283,23,260,14.759036144578314,6.927710843373494,7.83132530120482,85.2409638554217,6.927710843373494,78.3132530120482
W00009055,359,69,27,42,290,34,256,19.220055710306408,7.520891364902507,11.699164345403899,80.77994428969359,9.47075208913649,71.3091922005571
W00009056,310,40,19,21,270,28,242,12.903225806451612,6.129032258064516,6.774193548387098,87.09677419354838,9.032258064516128,78.06451612903226
W00009057,309,57,26,31,252,14,238,18.446601941747574,8.414239482200648,10.032362459546926,81.55339805825243,4.53074433656958,77.02265372168284
W00009058,218,40,13,27,178,17,161,18.34862385321101,5.963302752293578,12.385321100917432,81.65137614678899,7.79816513761468,73.85321100917432
W00009059,332,53,22,31,279,19,260,15.963855421686745,6.626506024096386,9.33734939759036,84.03614457831326,5.72289156626506,78.3132530120482
W00009060,336,47,17,30,289,25,264,13.988095238095239,5.059523809523809,8.928571428571429,86.01190476190477,7.440476190476191,78.57142857142857
W00009061,272,53,23,30,219,20,199,19.485294117647058,8.455882352941178,11.029411764705882,80.51470588235294,7.352941176470589,73.16176470588235
W00009062,253,39,14,25,214,17,197,15.41501976284585,5.533596837944664,9.881422924901186,84.58498023715416,6.719367588932807,77.86561264822134
W00009063,233,44,14,30,189,24,165,18.88412017167382,6.008583690987124,12.875536480686694,81.11587982832617,10.300429184549357,70.81545064377683
W00009064,306,79,36,43,227,9,218,25.816993464052292,11.76470588235294,14.052287581699346,74.18300653594771,2.941176470588235,71.24183006535948
W00009065,317,75,44,31,242,14,228,23.65930599369085,13.880126182965299,9.779179810725552,76.34069400630915,4.416403785488959,71.92429022082018
W00009066,319,86,50,36,233,18,215,26.959247648902824,15.673981191222571,11.285266457680251,73.04075235109718,5.6426332288401255,67.39811912225704
W00009067,315,69,24,45,246,16,230,21.904761904761905,7.6190476190476195,14.285714285714285,78.0952380952381,5.079365079365079,73.01587301587301
W00009068,263,62,31,31,201,22,179,23.574144486692013,11.787072243346007,11.787072243346007,76.42585551330798,8.365019011406844,68.06083650190115
W00009069,321,73,39,34,248,13,235,22.741433021806852,12.149532710280374,10.59190031152648,77.25856697819314,4.049844236760125,73.20872274143302
W00009070,343,80,44,36,263,17,246,23.323615160349853,12.82798833819242,10.495626822157435,76.67638483965014,4.956268221574344,71.7201166180758
W00009071,248,85,57,28,163,14,149,34.274193548387096,22.983870967741936,11.29032258064516,65.7258064516129,5.64516129032258,60.08064516129033
W00009072,281,65,44,21,216,17,199,23.131672597864767,15.658362989323843,7.473309608540925,76.86832740213522,6.049822064056939,70.8185053380783
W00009073,402,84,42,42,318,19,299,20.8955223880597,10.44776119402985,10.44776119402985,79.1044776119403,4.72636815920398,74.37810945273633
W00009074,373,48,15,33,325,31,294,12.868632707774799,4.021447721179625,8.847184986595174,87.1313672922252,8.310991957104557,78.82037533512064
W00009075,350,35,10,25,315,35,280,10,2.857142857142857,7.142857142857142,90,10,80
W00009077,351,38,13,25,313,35,278,10.826210826210826,3.7037037037037033,7.122507122507122,89.17378917378917,9.971509971509972,79.2022792022792
W00009080,404,56,23,33,348,33,315,13.861386138613863,5.693069306930694,8.16831683168317,86.13861386138613,8.16831683168317,77.97029702970298
W00009081,316,35,11,24,281,33,248,11.075949367088606,3.481012658227848,7.59493670886076,88.92405063291139,10.443037974683545,78.48101265822784
W00009082,385,71,26,45,314,32,282,18.441558441558442,6.753246753246753,11.688311688311687,81.55844155844156,8.311688311688311,73.24675324675324
W00009084,297,42,13,29,255,35,220,14.14141414141414,4.377104377104377,9.764309764309765,85.85858585858585,11.784511784511785,74.07407407407408
W00009085,439,69,17,52,370,29,341,15.717539863325742,3.8724373576309796,11.845102505694761,84.28246013667426,6.605922551252847,77.67653758542141
W00009086,336,36,8,28,300,36,264,10.714285714285714,2.380952380952381,8.333333333333332,89.28571428571429,10.714285714285714,78.57142857142857
W00009087,379,53,14,39,326,27,299,13.984168865435356,3.6939313984168867,10.29023746701847,86.01583113456465,7.12401055408971,78.89182058047494
W00009088,475,75,17,58,400,37,363,15.789473684210526,3.578947368421052,12.210526315789473,84.21052631578947,7.7894736842105265,76.42105263157895
W00009089,349,61,17,44,288,25,263,17.478510028653297,4.871060171919771,12.607449856733524,82.52148997134671,7.163323782234957,75.35816618911176
W00009090,374,55,30,25,319,18,301,14.705882352941178,8.0213903743315509,6.684491978609626,85.29411764705883,4.81283422459893,80.4812834224599
W00009091,389,77,41,36,312,16,296,19.794344473007712,10.539845758354756,9.254498714652955,80.20565552699229,4.113110539845758,76.09254498714652
W00009092,299,36,11,25,263,22,241,12.040133779264215,3.678929765886288,8.361204013377927,87.95986622073578,7.357859531772576,80.60200668896321
W00009093,360,34,5,29,326,29,297,9.444444444444445,1.3888888888888888,8.055555555555555,90.55555555555556,8.055555555555555,82.5
W00009094,247,59,26,33,188,12,176,23.88663967611336,10.526315789473683,13.360323886639677,76.11336032388664,4.8582995951417,71.25506072874494
W00009095,399,69,30,39,330,12,318,17.293233082706767,7.518796992481203,9.774436090225564,82.70676691729322,3.007518796992481,79.69924812030075
W00009096,457,89,45,44,368,17,351,19.474835886214443,9.846827133479213,9.62800875273523,80.52516411378556,3.7199124726477026,76.80525164113786
W00009097,338,55,24,31,283,17,266,16.272189349112427,7.100591715976331,9.171597633136095,83.72781065088756,5.029585798816568,78.69822485207101
W00009098,385,67,31,36,318,9,309,17.402597402597404,8.051948051948052,9.35064935064935,82.5974025974026,2.3376623376623376,80.25974025974027
W00009099,300,49,26,23,251,22,229,16.333333333333332,8.666666666666668,7.666666666666666,83.66666666666667,7.333333333333333,76.33333333333333
W00009100,400,90,59,31,310,15,295,22.5,14.75,7.75,77.5,3.75,73.75
W00009101,452,72,30,42,380,18,362,15.929203539823009,6.637168141592921,9.29203539823009,84.070796460177,3.982300884955752,80.08849557522124
W00009102,270,44,16,28,226,18,208,16.296296296296298,5.9259259259259265,10.37037037037037,83.7037037037037,6.666666666666667,77.03703703703704
W00009104,521,79,36,43,442,35,407,15.163147792706333,6.90978886756238,8.253358925143955,84.83685220729367,6.71785028790787,78.1190019193858
W00009105,447,55,26,29,392,18,374,12.304250559284116,5.8165548098434,6.487695749440715,87.69574944071589,4.026845637583892,83.66890380313198
W00009106,384,49,26,23,335,15,320,12.760416666666666,6.770833333333333,5.989583333333334,87.23958333333334,3.90625,83.33333333333334
W00009107,361,128,77,51,233,10,223,35.45706371191136,21.329639889196674,14.127423822714682,64.54293628808865,2.7700831024930745,61.772853185595565
W00009108,291,61,30,31,230,10,220,20.962199312714777,10.309278350515463,10.652920962199312,79.03780068728523,3.436426116838488,75.60137457044674
W00009109,204,71,50,21,133,5,128,34.80392156862745,24.509803921568626,10.294117647058822,65.19607843137256,2.450980392156863,62.745098039215684
W00009110,386,63,25,38,323,17,306,16.321243523316063,6.476683937823833,9.844559585492227,83.67875647668393,4.404145077720207,79.27461139896373
W00009111,329,59,33,26,270,25,245,17.933130699088146,10.030395136778116,7.90273556231003,82.06686930091185,7.598784194528875,74.46808510638297
W00009112,401,79,32,47,322,22,300,19.70074812967581,7.98004987531172,11.72069825436409,80.29925187032418,5.486284289276807,74.81296758104739
W00009113,337,55,29,26,282,11,271,16.320474777448073,8.605341246290802,7.71513353115727,83.67952522255193,3.2640949554896146,80.41543026706232
W00009114,443,74,39,35,369,22,347,16.70428893905192,8.803611738148984,7.900677200902935,83.29571106094808,4.966139954853273,78.3295711060948
W00009115,313,65,30,35,248,18,230,20.766773162939298,9.584664536741213,11.182108626198083,79.2332268370607,5.7507987220447285,73.48242811501598
W00009116,340,46,23,23,294,26,268,13.529411764705882,6.764705882352941,6.764705882352941,86.47058823529412,7.647058823529412,78.82352941176471
W00009117,464,98,59,39,366,22,344,21.120689655172413,12.71551724137931,8.405172413793103,78.87931034482759,4.741379310344827,74.13793103448276
W00009118,253,88,47,41,165,18,147,34.78260869565217,18.57707509881423,16.205533596837945,65.21739130434783,7.114624505928854,58.10276679841897
W00009119,364,72,21,51,292,19,273,19.78021978021978,5.769230769230769,14.010989010989011,80.21978021978022,5.21978021978022,75
W00009120,395,72,42,30,323,15,308,18.227848101265824,10.632911392405063,7.59493670886076,81.77215189873418,3.79746835443038,77.9746835443038
W00009121,302,97,57,40,205,20,185,32.11920529801324,18.874172185430464,13.245033112582782,67.88079470198676,6.622516556291391,61.258278145695364
W00009123,510,70,35,35,440,25,415,13.725490196078432,6.862745098039216,6.862745098039216,86.27450980392157,4.901960784313726,81.37254901960785
W00009125,355,50,19,31,305,16,289,14.084507042253522,5.352112676056338,8.732394366197182,85.91549295774648,4.507042253521127,81.40845070422536
W00009126,360,65,34,31,295,20,275,18.055555555555554,9.444444444444445,8.61111111111111,81.94444444444444,5.555555555555555,76.38888888888889
W00009127,342,59,31,28,283,13,270,17.251461988304094,9.064327485380117,8.187134502923977,82.7485380116959,3.8011695906432745,78.94736842105263
W00009128,350,51,21,30,299,15,284,14.571428571428571,6,8.571428571428571,85.42857142857143,4.285714285714286,81.14285714285714
W00009129,454,76,36,40,378,12,366,16.740088105726873,7.929515418502203,8.81057268722467,83.25991189427313,2.643171806167401,80.61674008810573
W00009130,277,62,31,31,215,14,201,22.382671480144403,11.191335740072201,11.191335740072201,77.6173285198556,5.054151624548736,72.56317689530685
W00009131,340,62,33,29,278,15,263,18.235294117647058,9.705882352941178,8.529411764705882,81.76470588235294,4.411764705882353,77.3529411764706
W00009132,311,65,43,22,246,20,226,20.90032154340836,13.826366559485532,7.07395498392283,79.09967845659163,6.430868167202572,72.66881028938906
W00009133,315,64,33,31,251,15,236,20.317460317460316,10.476190476190476,9.841269841269842,79.68253968253968,4.761904761904762,74.92063492063492
W00009134,265,52,30,22,213,15,198,19.622641509433965,11.320754716981133,8.30188679245283,80.37735849056604,5.660377358490567,74.71698113207546
W00009135,404,44,19,25,360,14,346,10.891089108910892,4.702970297029703,6.188118811881188,89.10891089108911,3.4653465346534658,85.64356435643565
W00009136,319,43,20,23,276,19,257,13.479623824451412,6.269592476489027,7.210031347962382,86.52037617554859,5.956112852664576,80.56426332288402
W00009137,229,40,17,23,189,18,171,17.46724890829694,7.423580786026202,10.043668122270741,82.53275109170306,7.860262008733625,74.67248908296943
W00009138,310,47,17,30,263,36,227,15.161290322580644,5.483870967741936,9.67741935483871,84.83870967741936,11.612903225806452,73.22580645161291
W00009139,294,31,12,19,263,15,248,10.54421768707483,4.081632653061225,6.462585034013606,89.45578231292517,5.1020408163265305,84.35374149659864
W00009140,401,44,18,26,357,33,324,10.972568578553615,4.488778054862843,6.483790523690773,89.02743142144638,8.229426433915211,80.79800498753117
W00009141,492,59,27,32,433,39,394,11.991869918699187,5.487804878048781,6.504065040650407,88.00813008130082,7.926829268292683,80.08130081300813
W00009142,215,44,22,22,171,21,150,20.46511627906977,10.232558139534884,10.232558139534884,79.53488372093022,9.767441860465116,69.76744186046511
W00009143,291,34,14,20,257,27,230,11.683848797250858,4.810996563573884,6.872852233676976,88.31615120274914,9.278350515463918,79.03780068728523
W00009144,274,50,20,30,224,22,202,18.248175182481752,7.2992700729927,10.948905109489052,81.75182481751825,8.02919708029197,73.72262773722628
W00009145,307,49,20,29,258,32,226,15.960912052117262,6.514657980456026,9.446254071661238,84.03908794788273,10.423452768729643,73.61563517915309
W00009146,324,51,20,31,273,35,238,15.74074074074074,6.172839506172839,9.5679012345679,84.25925925925925,10.802469135802468,73.4567901234568
W00009147,289,37,15,22,252,21,231,12.802768166089965,5.190311418685121,7.612456747404845,87.19723183391004,7.26643598615917,79.93079584775087
W00009148,117,45,27,18,72,11,61,38.46153846153847,23.076923076923077,15.384615384615385,61.53846153846154,9.401709401709402,52.13675213675214
W00009149,371,48,14,34,323,33,290,12.93800539083558,3.7735849056603774,9.164420485175203,87.06199460916442,8.89487870619946,78.16711590296495
W00009150,351,39,14,25,312,23,289,11.11111111111111,3.9886039886039883,7.122507122507122,88.88888888888889,6.552706552706552,82.33618233618233
W00009151,329,58,26,32,271,36,235,17.62917933130699,7.90273556231003,9.72644376899696,82.37082066869301,10.94224924012158,71.42857142857143
W00009152,348,59,24,35,289,32,257,16.954022988505745,6.896551724137931,10.057471264367816,83.04597701149426,9.195402298850574,73.85057471264368
W00009153,309,36,15,21,273,25,248,11.650485436893204,4.854368932038835,6.796116504854369,88.3495145631068,8.090614886731391,80.2588996763754
W00009154,413,49,10,39,364,32,332,11.864406779661017,2.4213075060532687,9.443099273607748,88.13559322033898,7.74818401937046,80.38740920096852
W00009155,189,49,30,19,140,11,129,25.925925925925924,15.873015873015872,10.052910052910052,74.07407407407408,5.82010582010582,68.25396825396825
W00009156,262,45,17,28,217,20,197,17.17557251908397,6.488549618320611,10.687022900763358,82.82442748091603,7.633587786259542,75.19083969465649
W00009157,494,71,21,50,423,30,393,14.37246963562753,4.251012145748987,10.121457489878543,85.62753036437248,6.0728744939271255,79.55465587044534
W00009159,444,99,50,49,345,25,320,22.2972972972973,11.26126126126126,11.036036036036036,77.7027027027027,5.63063063063063,72.07207207207207
W00009160,340,33,14,19,307,31,276,9.705882352941178,4.117647058823529,5.588235294117648,90.29411764705883,9.117647058823529,81.17647058823529
W00009161,411,50,20,30,361,31,330,12.165450121654501,4.866180048661801,7.2992700729927,87.8345498783455,7.542579075425791,80.2919708029197
W00009162,277,35,9,26,242,23,219,12.63537906137184,3.2490974729241873,9.386281588447654,87.36462093862815,8.303249097472925,79.06137184115524
W00009163,332,39,7,32,293,38,255,11.74698795180723,2.108433734939759,9.63855421686747,88.25301204819277,11.44578313253012,76.80722891566265
W00009164,331,50,19,31,281,31,250,15.105740181268882,5.740181268882175,9.365558912386707,84.89425981873111,9.365558912386707,75.52870090634441
W00009165,267,38,14,24,229,23,206,14.232209737827715,5.2434456928838955,8.98876404494382,85.76779026217228,8.614232209737828,77.15355805243446
W00009166,317,53,30,23,264,29,235,16.7192429022082,9.46372239747634,7.255520504731862,83.2807570977918,9.14826498422713,74.13249211356468
W00009168,236,49,28,21,187,15,172,20.76271186440678,11.864406779661017,8.898305084745763,79.23728813559322,6.3559322033898304,72.88135593220339
W00009169,354,60,29,31,294,27,267,16.94915254237288,8.192090395480225,8.757062146892656,83.05084745762711,7.627118644067797,75.42372881355932
W00009170,310,52,18,34,258,21,237,16.7741935483871,5.806451612903226,10.967741935483872,83.22580645161291,6.774193548387098,76.45161290322581
W00009171,521,83,39,44,438,42,396,15.930902111324377,7.485604606525912,8.445297504798464,84.06909788867563,8.061420345489443,76.00767754318618
W00009172,305,51,22,29,254,36,218,16.721311475409838,7.213114754098362,9.508196721311474,83.27868852459017,11.80327868852459,71.47540983606558
W00009173,250,38,12,26,212,22,190,15.2,4.8,10.4,84.8,8.799999999999999,76
W00009174,335,60,20,40,275,28,247,17.91044776119403,5.970149253731343,11.940298507462686,82.08955223880598,8.358208955223882,73.73134328358208
W00009175,332,49,17,32,283,30,253,14.759036144578314,5.120481927710843,9.63855421686747,85.2409638554217,9.036144578313253,76.20481927710844
W00009176,362,46,13,33,316,32,284,12.70718232044199,3.591160220994475,9.116022099447514,87.29281767955801,8.83977900552486,78.45303867403315
W00009177,334,60,26,34,274,24,250,17.964071856287426,7.784431137724551,10.179640718562874,82.03592814371258,7.18562874251497,74.8502994011976
W00009178,244,39,13,26,205,22,183,15.983606557377051,5.327868852459016,10.655737704918032,84.01639344262296,9.01639344262295,75
W00009179,321,53,21,32,268,29,239,16.510903426791277,6.5420560747663545,9.968847352024921,83.48909657320873,9.034267912772584,74.45482866043614
W00009180,339,40,12,28,299,27,272,11.799410029498524,3.5398230088495577,8.259587020648967,88.20058997050147,7.964601769911504,80.23598820058997
W00009181,534,52,18,34,482,40,442,9.737827715355806,3.3707865168539324,6.367041198501873,90.2621722846442,7.490636704119851,82.77153558052434
W00009182,310,44,18,26,266,22,244,14.193548387096774,5.806451612903226,8.38709677419355,85.80645161290322,7.096774193548387,78.70967741935485
W00009183,420,62,16,46,358,32,326,14.761904761904763,3.8095238095238098,10.952380952380953,85.23809523809524,7.6190476190476195,77.61904761904762
W00009184,307,43,15,28,264,26,238,14.006514657980457,4.88599348534202,9.120521172638437,85.99348534201955,8.469055374592834,77.52442996742671
W00009186,274,31,14,17,243,23,220,11.313868613138686,5.109489051094891,6.204379562043796,88.6861313868613,8.394160583941606,80.2919708029197
W00009187,267,56,23,33,211,23,188,20.973782771535582,8.614232209737828,12.359550561797752,79.02621722846442,8.614232209737828,70.4119850187266
W00009188,325,46,16,30,279,28,251,14.153846153846153,4.923076923076923,9.230769230769232,85.84615384615385,8.615384615384615,77.23076923076924
W00009189,292,52,20,32,240,32,208,17.80821917808219,6.8493150684931505,10.95890410958904,82.1917808219178,10.95890410958904,71.23287671232876
W00009190,312,40,15,25,272,43,229,12.82051282051282,4.807692307692308,8.012820512820513,87.17948717948718,13.782051282051283,73.3974358974359
W00009191,455,95,37,58,360,32,328,20.87912087912088,8.131868131868131,12.747252747252746,79.12087912087912,7.032967032967033,72.08791208791209
W00009192,228,45,16,29,183,25,158,19.736842105263158,7.017543859649122,12.719298245614036,80.26315789473685,10.964912280701753,69.2982456140351
W00009193,209,41,13,28,168,21,147,19.617224880382775,6.220095693779904,13.397129186602871,80.38277511961722,10.047846889952153,70.33492822966507
W00009194,360,67,23,44,293,21,272,18.61111111111111,6.388888888888888,12.222222222222221,81.38888888888889,5.833333333333333,75.55555555555556
W00009195,337,63,38,25,274,30,244,18.694362017804153,11.275964391691394,7.418397626112759,81.30563798219585,8.902077151335313,72.40356083086054
W00009196,281,40,16,24,241,32,209,14.23487544483986,5.6939501779359425,8.540925266903916,85.76512455516014,11.387900355871885,74.37722419928826
W00009197,296,102,41,61,194,28,166,34.45945945945946,13.85135135135135,20.60810810810811,65.54054054054053,9.45945945945946,56.08108108108109
W00009198,429,62,30,32,367,40,327,14.452214452214452,6.993006993006993,7.459207459207459,85.54778554778555,9.324009324009324,76.22377622377621
W00009199,304,49,12,37,255,24,231,16.11842105263158,3.9473684210526314,12.171052631578947,83.88157894736842,7.894736842105263,75.98684210526315
W00009200,304,34,8,26,270,30,240,11.18421052631579,2.631578947368421,8.552631578947368,88.81578947368422,9.868421052631579,78.94736842105263
W00009201,293,36,12,24,257,27,230,12.286689419795222,4.09556313993174,8.19112627986348,87.71331058020478,9.215017064846416,78.49829351535837
W00009202,266,37,19,18,229,29,200,13.909774436090224,7.142857142857142,6.7669172932330826,86.09022556390977,10.902255639097744,75.18796992481202
W00009203,223,48,28,20,175,5,170,21.524663677130047,12.556053811659194,8.968609865470851,78.47533632286996,2.242152466367713,76.23318385650224
W00009204,246,50,26,24,196,17,179,20.32520325203252,10.569105691056912,9.75609756097561,79.67479674796748,6.910569105691057,72.76422764227642
W00009205,323,55,27,28,268,35,233,17.027863777089784,8.359133126934983,8.6687306501548,82.97213622291022,10.8359133126935,72.13622291021672
W00009206,289,48,18,30,241,24,217,16.608996539792386,6.228373702422145,10.380622837370241,83.39100346020761,8.304498269896193,75.08650519031141
W00009207,217,46,19,27,171,23,148,21.19815668202765,8.755760368663594,12.442396313364055,78.80184331797236,10.599078341013826,68.20276497695853
W00009208,325,43,14,29,282,33,249,13.230769230769232,4.3076923076923075,8.923076923076923,86.76923076923076,10.153846153846153,76.61538461538461
W00009209,254,68,30,38,186,18,168,26.77165354330709,11.811023622047244,14.960629921259844,73.22834645669292,7.086614173228346,66.14173228346458
W00009210,227,45,19,26,182,21,161,19.823788546255507,8.370044052863436,11.45374449339207,80.1762114537445,9.251101321585903,70.92511013215858
W00009211,261,35,12,23,226,18,208,13.409961685823754,4.597701149425287,8.812260536398467,86.59003831417624,6.896551724137931,79.6934865900383
W00009212,243,47,21,26,196,21,175,19.34156378600823,8.641975308641975,10.699588477366255,80.65843621399176,8.641975308641975,72.0164609053498
W00009213,290,48,12,36,242,27,215,16.551724137931036,4.137931034482759,12.413793103448276,83.44827586206897,9.310344827586208,74.13793103448276
W00009214,260,74,42,32,186,12,174,28.46153846153846,16.153846153846153,12.307692307692308,71.53846153846153,4.615384615384616,66.92307692307692
W00009215,294,73,29,44,221,17,204,24.829931972789115,9.863945578231291,14.965986394557824,75.17006802721087,5.782312925170068,69.38775510204081
W00009216,341,75,26,49,266,30,236,21.994134897360702,7.624633431085044,14.369501466275661,78.00586510263929,8.797653958944283,69.20821114369502
W00009217,271,80,43,37,191,9,182,29.520295202952028,15.867158671586715,13.653136531365314,70.47970479704797,3.3210332103321036,67.15867158671587
W00009218,308,51,20,31,257,25,232,16.558441558441558,6.493506493506493,10.064935064935066,83.44155844155844,8.116883116883116,75.32467532467533
W00009219,271,56,19,37,215,36,179,20.66420664206642,7.011070110701106,13.653136531365314,79.33579335793358,13.284132841328415,66.05166051660517
W00009220,328,83,46,37,245,13,232,25.304878048780488,14.02439024390244,11.28048780487805,74.6951219512195,3.9634146341463414,70.73170731707317
W00009221,346,71,41,30,275,16,259,20.520231213872833,11.849710982658959,8.670520231213873,79.47976878612717,4.624277456647398,74.85549132947978
W00009222,286,89,66,23,197,17,180,31.11888111888112,23.076923076923077,8.041958041958042,68.88111888111888,5.944055944055944,62.93706293706294
W00009223,341,74,38,36,267,22,245,21.700879765395893,11.143695014662756,10.557184750733137,78.2991202346041,6.451612903225806,71.8475073313783
W00009224,302,66,29,37,236,24,212,21.85430463576159,9.602649006622517,12.251655629139073,78.1456953642384,7.9470198675496695,70.19867549668875
W00009225,313,73,28,45,240,24,216,23.322683706070286,8.945686900958465,14.376996805111823,76.6773162939297,7.667731629392971,69.00958466453673
W00009226,334,80,42,38,254,29,225,23.952095808383234,12.574850299401197,11.377245508982035,76.04790419161677,8.682634730538922,67.36526946107784
W00009227,261,56,20,36,205,26,179,21.455938697318008,7.662835249042145,13.793103448275861,78.544061302682,9.961685823754788,68.5823754789272
W00009228,260,46,11,35,214,26,188,17.692307692307693,4.230769230769231,13.461538461538462,82.3076923076923,10,72.3076923076923
W00009229,361,55,11,44,306,37,269,15.23545706371191,3.0470914127423825,12.18836565096953,84.7645429362881,10.249307479224377,74.51523545706371
W00009230,346,86,45,41,260,8,252,24.85549132947977,13.005780346820808,11.849710982658959,75.14450867052022,2.312138728323699,72.83236994219652
W00009231,248,82,47,35,166,13,153,33.064516129032256,18.951612903225808,14.112903225806454,66.93548387096774,5.241935483870968,61.693548387096776
W00009232,339,70,35,35,269,31,238,20.64896755162242,10.32448377581121,10.32448377581121,79.35103244837758,9.144542772861357,70.20648967551622
W00009233,332,68,25,43,264,26,238,20.481927710843372,7.530120481927711,12.951807228915662,79.51807228915662,7.83132530120482,71.6867469879518
W00009234,243,56,22,34,187,16,171,23.045267489711936,9.053497942386832,13.991769547325102,76.95473251028807,6.584362139917696,70.37037037037037
W00009235,327,47,20,27,280,23,257,14.37308868501529,6.116207951070336,8.256880733944955,85.62691131498471,7.033639143730887,78.59327217125383
W00009236,368,77,50,27,291,17,274,20.92391304347826,13.586956521739129,7.336956521739131,79.07608695652173,4.619565217391304,74.45652173913044
W00009237,431,83,40,43,348,21,327,19.25754060324826,9.280742459396752,9.976798143851507,80.74245939675174,4.872389791183294,75.87006960556845
W00009238,289,65,29,36,224,22,202,22.491349480968857,10.034602076124568,12.45674740484429,77.50865051903114,7.612456747404845,69.8961937716263
W00009239,327,76,36,40,251,21,230,23.24159021406728,11.009174311926607,12.232415902140673,76.75840978593273,6.422018348623854,70.33639143730886
W00009240,300,72,27,45,228,18,210,24,9,15,76,6,70
W00009241,324,95,55,40,229,23,206,29.32098765432099,16.97530864197531,12.345679012345679,70.67901234567901,7.098765432098765,63.580246913580254
W00009242,345,54,18,36,291,30,261,15.65217391304348,5.217391304347826,10.434782608695652,84.34782608695653,8.695652173913043,75.65217391304347
W00009243,329,42,12,30,287,25,262,12.76595744680851,3.64741641337386,9.118541033434651,87.2340425531915,7.598784194528875,79.63525835866263
W00009244,265,33,14,19,232,28,204,12.452830188679245,5.283018867924529,7.169811320754717,87.54716981132076,10.566037735849058,76.9811320754717
W00009245,465,66,22,44,399,38,361,14.193548387096774,4.731182795698925,9.46236559139785,85.80645161290322,8.172043010752688,77.63440860215054
W00009246,342,66,30,36,276,33,243,19.298245614035086,8.771929824561402,10.526315789473683,80.7017543859649,9.649122807017543,71.05263157894737
W00009247,304,62,27,35,242,30,212,20.394736842105264,8.881578947368421,11.513157894736842,79.60526315789474,9.868421052631579,69.73684210526315
W00009248,289,53,17,36,236,24,212,18.33910034602076,5.88235294117647,12.45674740484429,81.66089965397923,8.304498269896193,73.35640138408304
W00009249,299,35,13,22,264,32,232,11.705685618729097,4.3478260869565215,7.357859531772576,88.2943143812709,10.702341137123746,77.59197324414716
W00009250,281,68,33,35,213,18,195,24.199288256227756,11.743772241992882,12.455516014234876,75.80071174377224,6.405693950177936,69.3950177935943
W00009251,391,51,19,32,340,32,308,13.043478260869565,4.859335038363171,8.184143222506394,86.95652173913044,8.184143222506394,78.77237851662404
W00009252,416,77,34,43,339,25,314,18.509615384615387,8.173076923076923,10.336538461538462,81.49038461538461,6.009615384615385,75.48076923076923
W00009253,307,65,28,37,242,22,220,21.172638436482085,9.120521172638437,12.052117263843648,78.82736156351791,7.166123778501629,71.66123778501628
W00009254,337,111,52,59,226,38,188,32.93768545994065,15.43026706231454,17.50741839762611,67.06231454005935,11.275964391691394,55.78635014836796
W00009255,289,84,42,42,205,17,188,29.06574394463668,14.53287197231834,14.53287197231834,70.93425605536332,5.88235294117647,65.05190311418684
W00009256,374,52,20,32,322,32,290,13.903743315508022,5.347593582887701,8.55614973262032,86.09625668449198,8.55614973262032,77.54010695187165
W00009258,369,78,30,48,291,29,262,21.138211382113823,8.130081300813007,13.008130081300814,78.86178861788618,7.8590785907859075,71.00271002710026
W00009259,265,80,37,43,185,22,163,30.18867924528302,13.962264150943396,16.22641509433962,69.81132075471697,8.30188679245283,61.50943396226415
W00009260,309,73,34,39,236,28,208,23.624595469255663,11.003236245954692,12.62135922330097,76.37540453074433,9.06148867313916,67.31391585760518
W00009261,347,61,21,40,286,39,247,17.579250720461097,6.051873198847262,11.527377521613833,82.42074927953891,11.239193083573488,71.18155619596543
W00009262,283,25,5,20,258,23,235,8.8339222614841,1.76678445229682,7.06713780918728,91.16607773851591,8.12720848056537,83.03886925795054
W00009263,398,46,18,28,352,31,321,11.557788944723619,4.522613065326634,7.035175879396985,88.44221105527639,7.788944723618091,80.65326633165829
W00009264,293,39,8,31,254,30,224,13.310580204778159,2.7303754266211606,10.580204778156997,86.68941979522185,10.238907849829351,76.45051194539249
W00009265,275,42,13,29,233,23,210,15.272727272727273,4.7272727272727275,10.545454545454545,84.72727272727273,8.363636363636363,76.36363636363637
W00009266,254,42,16,26,212,26,186,16.535433070866144,6.299212598425196,10.236220472440944,83.46456692913385,10.236220472440944,73.22834645669292
W00009267,233,37,17,20,196,16,180,15.879828326180256,7.296137339055794,8.583690987124463,84.12017167381974,6.866952789699571,77.25321888412017
W00009268,236,33,11,22,203,18,185,13.983050847457626,4.661016949152542,9.322033898305085,86.01694915254238,7.627118644067797,78.38983050847457
W00009269,282,35,11,24,247,32,215,12.411347517730496,3.900709219858156,8.51063829787234,87.58865248226951,11.347517730496454,76.24113475177306
W00009270,266,40,17,23,226,36,190,15.037593984962406,6.390977443609022,8.646616541353383,84.9624060150376,13.533834586466165,71.42857142857143
W00009271,220,49,13,36,171,21,150,22.272727272727273,5.909090909090909,16.363636363636363,77.72727272727272,9.545454545454547,68.18181818181817
W00009272,286,57,22,35,229,32,197,19.93006993006993,7.6923076923076925,12.237762237762238,80.06993006993007,11.188811188811188,68.88111888111888
W00009273,239,38,13,25,201,19,182,15.899581589958158,5.439330543933055,10.460251046025103,84.10041841004184,7.949790794979079,76.15062761506276
W00009274,272,54,22,32,218,27,191,19.852941176470587,8.088235294117647,11.76470588235294,80.14705882352942,9.926470588235293,70.22058823529412
W00009275,240,39,14,25,201,28,173,16.25,5.833333333333333,10.416666666666668,83.75,11.666666666666666,72.08333333333333
W00009276,345,46,18,28,299,32,267,13.333333333333334,5.217391304347826,8.115942028985506,86.66666666666667,9.27536231884058,77.39130434782608
W00009277,269,50,19,31,219,16,203,18.587360594795538,7.063197026022305,11.524163568773234,81.41263940520446,5.947955390334572,75.46468401486989
W00009278,244,45,14,31,199,13,186,18.442622950819672,5.737704918032787,12.704918032786885,81.55737704918032,5.327868852459016,76.22950819672131
W00009279,269,44,20,24,225,26,199,16.356877323420075,7.434944237918216,8.921933085501859,83.64312267657994,9.66542750929368,73.97769516728626
W00009280,318,44,20,24,274,20,254,13.836477987421384,6.289308176100629,7.547169811320755,86.16352201257862,6.289308176100629,79.87421383647799
W00009281,377,66,38,28,311,25,286,17.50663129973475,10.079575596816976,7.427055702917771,82.49336870026525,6.631299734748011,75.86206896551724
W00009282,283,61,11,50,222,24,198,21.554770318021202,3.8869257950530036,17.6678445229682,78.4452296819788,8.480565371024735,69.96466431095406
W00009283,315,34,11,23,281,38,243,10.793650793650794,3.492063492063492,7.301587301587302,89.20634920634922,12.063492063492063,77.14285714285715
W00009284,306,77,37,40,229,22,207,25.163398692810457,12.091503267973856,13.071895424836603,74.83660130718954,7.18954248366013,67.64705882352942
W00009285,326,86,46,40,240,12,228,26.380368098159508,14.11042944785276,12.269938650306749,73.61963190184049,3.6809815950920246,69.93865030674846
W00009286,280,62,18,44,218,19,199,22.142857142857142,6.428571428571428,15.714285714285714,77.85714285714286,6.785714285714286,71.07142857142857
W00009287,273,38,13,25,235,20,215,13.91941391941392,4.761904761904762,9.157509157509157,86.08058608058609,7.326007326007327,78.75457875457876
W00009288,324,58,31,27,266,23,243,17.901234567901234,9.5679012345679,8.333333333333332,82.09876543209876,7.098765432098765,75
W00009289,290,68,37,31,222,14,208,23.448275862068964,12.758620689655173,10.689655172413794,76.55172413793103,4.827586206896552,71.72413793103448
W00009290,307,64,24,40,243,20,223,20.846905537459286,7.81758957654723,13.029315960912053,79.15309446254072,6.514657980456026,72.63843648208469
W00009291,210,93,60,33,117,10,107,44.285714285714285,28.57142857142857,15.714285714285714,55.714285714285715,4.761904761904762,50.95238095238095
W00009292,337,143,100,43,194,32,162,42.433234421364986,29.673590504451035,12.759643916913946,57.566765578635014,9.495548961424333,48.07121661721068
W00009293,381,77,37,40,304,20,284,20.209973753280842,9.711286089238845,10.498687664041995,79.79002624671917,5.2493438320209975,74.54068241469817
W00009294,254,74,45,29,180,14,166,29.133858267716533,17.716535433070867,11.41732283464567,70.86614173228347,5.511811023622047,65.35433070866141
W00009295,373,100,56,44,273,24,249,26.80965147453083,15.013404825737265,11.796246648793565,73.19034852546918,6.434316353887399,66.75603217158177
W00009296,282,72,43,29,210,17,193,25.53191489361702,15.24822695035461,10.28368794326241,74.46808510638297,6.028368794326241,68.43971631205675
W00009297,322,72,35,37,250,24,226,22.36024844720497,10.869565217391305,11.490683229813664,77.63975155279503,7.453416149068323,70.1863354037267
W00009298,276,62,23,39,214,12,202,22.463768115942027,8.333333333333332,14.130434782608695,77.53623188405797,4.3478260869565215,73.18840579710145
W00009299,389,124,72,52,265,20,245,31.876606683804624,18.50899742930591,13.367609254498714,68.12339331619538,5.141388174807198,62.98200514138818
W00009300,291,84,35,49,207,25,182,28.865979381443296,12.027491408934708,16.83848797250859,71.1340206185567,8.59106529209622,62.54295532646048
W00009301,331,67,32,35,264,21,243,20.241691842900302,9.667673716012084,10.574018126888216,79.7583081570997,6.3444108761329305,73.41389728096676
W00009302,324,57,20,37,267,17,250,17.59259259259259,6.172839506172839,11.419753086419753,82.4074074074074,5.246913580246913,77.1604938271605
W00009303,283,52,25,27,231,13,218,18.374558303886925,8.8339222614841,9.540636042402827,81.62544169611307,4.593639575971731,77.03180212014135
W00009304,318,61,25,36,257,21,236,19.18238993710692,7.861635220125786,11.320754716981133,80.81761006289308,6.60377358490566,74.21383647798741
W00009305,267,61,27,34,206,9,197,22.846441947565545,10.112359550561797,12.734082397003746,77.15355805243446,3.3707865168539324,73.78277153558052
W00009306,265,69,39,30,196,18,178,26.037735849056602,14.716981132075471,11.320754716981133,73.9622641509434,6.7924528301886795,67.16981132075472
W00009307,324,51,26,25,273,22,251,15.74074074074074,8.024691358024691,7.716049382716049,84.25925925925925,6.790123456790123,77.46913580246914
W00009308,249,69,37,32,180,13,167,27.710843373493976,14.859437751004014,12.851405622489958,72.28915662650603,5.220883534136546,67.06827309236948
W00009309,319,75,38,37,244,17,227,23.510971786833856,11.912225705329153,11.598746081504702,76.48902821316614,5.329153605015674,71.15987460815047
W00009310,327,88,49,39,239,13,226,26.911314984709477,14.984709480122325,11.926605504587156,73.08868501529052,3.9755351681957185,69.1131498470948
W00009311,286,78,42,36,208,16,192,27.27272727272727,14.685314685314685,12.587412587412588,72.72727272727273,5.594405594405594,67.13286713286713
W00009312,356,76,36,40,280,17,263,21.34831460674157,10.112359550561797,11.235955056179774,78.65168539325843,4.775280898876404,73.87640449438202
W00009313,197,49,22,27,148,18,130,24.873096446700508,11.16751269035533,13.705583756345177,75.1269035532995,9.137055837563452,65.98984771573603
W00009314,288,64,24,40,224,12,212,22.22222222222222,8.333333333333332,13.88888888888889,77.77777777777779,4.166666666666666,73.61111111111111
W00009315,296,61,29,32,235,16,219,20.60810810810811,9.797297297297296,10.81081081081081,79.3918918918919,5.405405405405405,73.98648648648648
W00009316,265,41,15,26,224,20,204,15.471698113207546,5.660377358490567,9.811320754716983,84.52830188679246,7.547169811320755,76.9811320754717
W00009317,307,70,36,34,237,14,223,22.80130293159609,11.726384364820847,11.074918566775244,77.19869706840392,4.5602605863192185,72.63843648208469
W00009318,383,92,52,40,291,11,280,24.02088772845953,13.577023498694519,10.443864229765012,75.97911227154047,2.8720626631853787,73.10704960835508
W00009319,319,71,35,36,248,6,242,22.25705329153605,10.9717868338558,11.285266457680251,77.74294670846395,1.8808777429467085,75.86206896551724
W00009320,331,71,34,37,260,15,245,21.45015105740181,10.27190332326284,11.178247734138973,78.54984894259819,4.531722054380665,74.01812688821752
W00009321,301,67,31,36,234,14,220,22.259136212624583,10.299003322259136,11.960132890365449,77.74086378737542,4.651162790697675,73.08970099667775
W00009322,389,73,31,42,316,22,294,18.76606683804627,7.969151670951156,10.796915167095115,81.23393316195373,5.655526992287918,75.57840616966581
W00009323,349,93,46,47,256,13,243,26.64756446991404,13.18051575931232,13.46704871060172,73.35243553008596,3.7249283667621778,69.62750716332378
W00009324,311,63,31,32,248,18,230,20.257234726688104,9.967845659163988,10.289389067524116,79.7427652733119,5.787781350482315,73.95498392282958
W00009325,383,75,45,30,308,14,294,19.5822454308094,11.74934725848564,7.83289817232376,80.4177545691906,3.6553524804177546,76.76240208877284
W00009326,313,71,30,41,242,12,230,22.683706070287542,9.584664536741213,13.099041533546327,77.31629392971246,3.8338658146964857,73.48242811501598
W00009327,285,83,47,36,202,15,187,29.122807017543863,16.49122807017544,12.631578947368421,70.87719298245614,5.263157894736842,65.6140350877193
W00009328,326,51,19,32,275,18,257,15.644171779141105,5.828220858895705,9.815950920245399,84.3558282208589,5.521472392638037,78.83435582822086
W00009329,338,94,54,40,244,25,219,27.810650887573964,15.976331360946746,11.834319526627219,72.18934911242604,7.396449704142012,64.79289940828401
W00009330,464,104,55,49,360,25,335,22.413793103448278,11.85344827586207,10.560344827586206,77.58620689655173,5.387931034482758,72.19827586206897
W00009331,369,91,34,57,278,21,257,24.661246612466126,9.214092140921409,15.447154471544716,75.33875338753387,5.691056910569105,69.64769647696477
W00009332,333,75,40,35,258,20,238,22.52252252252252,12.012012012012011,10.51051051051051,77.47747747747748,6.006006006006006,71.47147147147147
W00009333,351,44,9,35,307,32,275,12.535612535612536,2.564102564102564,9.971509971509972,87.46438746438746,9.116809116809117,78.34757834757835
W00009334,286,73,33,40,213,10,203,25.524475524475527,11.538461538461538,13.986013986013987,74.47552447552448,3.4965034965034967,70.97902097902097
W00009335,352,68,21,47,284,22,262,19.318181818181817,5.965909090909091,13.352272727272727,80.68181818181817,6.25,74.43181818181817
W00009336,293,56,13,43,237,17,220,19.112627986348123,4.436860068259386,14.675767918088736,80.88737201365188,5.802047781569966,75.0853242320819
W00009337,507,64,23,41,443,38,405,12.6232741617357,4.536489151873767,8.086785009861932,87.3767258382643,7.495069033530571,79.88165680473372
W00009338,338,63,28,35,275,29,246,18.639053254437872,8.284023668639055,10.355029585798817,81.36094674556213,8.579881656804734,72.7810650887574
W00009339,386,79,41,38,307,14,293,20.466321243523318,10.621761658031089,9.844559585492227,79.53367875647669,3.6269430051813467,75.90673575129534
W00009340,417,72,27,45,345,20,325,17.26618705035971,6.474820143884892,10.79136690647482,82.73381294964028,4.796163069544365,77.93764988009593
W00009341,329,50,21,29,279,20,259,15.19756838905775,6.382978723404255,8.814589665653495,84.80243161094225,6.079027355623101,78.72340425531915
W00009342,418,119,54,65,299,23,276,28.4688995215311,12.918660287081341,15.550239234449762,71.5311004784689,5.502392344497608,66.02870813397129
W00009343,290,45,21,24,245,10,235,15.517241379310345,7.241379310344828,8.275862068965518,84.48275862068965,3.4482758620689653,81.03448275862068
W00009344,389,101,51,50,288,19,269,25.96401028277635,13.110539845758353,12.853470437017995,74.03598971722364,4.884318766066838,69.1516709511568
W00009345,394,89,42,47,305,19,286,22.588832487309645,10.65989847715736,11.928934010152284,77.41116751269035,4.822335025380711,72.58883248730965
W00009346,349,83,38,45,266,22,244,23.78223495702006,10.888252148997136,12.893982808022923,76.21776504297995,6.303724928366762,69.91404011461319
W00009347,257,52,27,25,205,19,186,20.233463035019454,10.505836575875486,9.72762645914397,79.76653696498055,7.392996108949417,72.37354085603113
W00009348,309,68,30,38,241,21,220,22.006472491909385,9.70873786407767,12.297734627831716,77.99352750809061,6.796116504854369,71.19741100323624
W00009349,278,76,37,39,202,13,189,27.33812949640288,13.309352517985612,14.028776978417264,72.66187050359713,4.676258992805756,67.98561151079137
W00009350,234,55,27,28,179,18,161,23.504273504273502,11.538461538461538,11.965811965811966,76.49572649572649,7.6923076923076925,68.80341880341881
W00009351,345,78,45,33,267,27,240,22.608695652173914,13.043478260869565,9.565217391304348,77.39130434782608,7.82608695652174,69.56521739130434
W00009352,342,84,39,45,258,12,246,24.561403508771928,11.403508771929824,13.157894736842104,75.43859649122807,3.508771929824561,71.9298245614035
W00009353,345,69,26,43,276,10,266,20,7.536231884057972,12.46376811594203,80,2.898550724637681,77.10144927536233
W00009354,390,88,47,41,302,19,283,22.564102564102566,12.051282051282051,10.512820512820513,77.435897435897445,4.871794871794872,72.564102564102555
W00009355,260,52,22,30,208,30,178,20,8.461538461538462,11.538461538461538,80,11.538461538461538,68.46153846153847
W00009356,394,79,39,40,315,24,291,20.050761421319795,9.898477157360407,10.152284263959391,79.94923857868021,6.091370558375635,73.85786802030458
W00009357,317,59,25,34,258,22,236,18.61198738170347,7.886435331230284,10.725552050473187,81.38801261829653,6.940063091482649,74.44794952681389
W00009358,455,130,64,66,325,24,301,28.57142857142857,14.065934065934066,14.505494505494507,71.42857142857143,5.274725274725275,66.15384615384615
W00009359,265,77,38,39,188,24,164,29.056603773584904,14.339622641509434,14.716981132075471,70.94339622641509,9.056603773584905,61.886792452830186
W00009360,325,74,37,37,251,14,237,22.76923076923077,11.384615384615385,11.384615384615385,77.23076923076924,4.3076923076923075,72.92307692307692
W00009361,420,86,43,43,334,18,316,20.476190476190474,10.238095238095237,10.238095238095237,79.52380952380952,4.285714285714286,75.23809523809524
W00009362,303,78,37,41,225,18,207,25.742574257425744,12.211221122112212,13.531353135313532,74.25742574257426,5.9405940594059405,68.31683168316832
W00009363,194,45,18,27,149,13,136,23.195876288659793,9.278350515463918,13.917525773195877,76.80412371134021,6.701030927835052,70.10309278350515
W00009364,324,80,33,47,244,15,229,24.691358024691358,10.185185185185185,14.506172839506174,75.30864197530865,4.62962962962963,70.67901234567901
W00009365,255,69,40,29,186,17,169,27.058823529411764,15.686274509803921,11.372549019607844,72.94117647058823,6.666666666666667,66.27450980392156
W00009366,362,77,31,46,285,22,263,21.2707182320442,8.56353591160221,12.70718232044199,78.72928176795581,6.077348066298343,72.65193370165746
W00009367,306,80,35,45,226,16,210,26.143790849673206,11.437908496732026,14.705882352941178,73.8562091503268,5.228758169934641,68.62745098039215
W00009368,310,52,22,30,258,21,237,16.7741935483871,7.096774193548387,9.67741935483871,83.22580645161291,6.774193548387098,76.45161290322581
W00009369,406,91,46,45,315,22,293,22.413793103448278,11.330049261083744,11.083743842364532,77.58620689655173,5.41871921182266,72.16748768472905
W00009371,343,66,26,40,277,19,258,19.24198250728863,7.580174927113703,11.661807580174926,80.75801749271136,5.539358600583091,75.21865889212827
W00009372,349,55,25,30,294,28,266,15.759312320916905,7.163323782234957,8.595988538681947,84.2406876790831,8.022922636103152,76.21776504297995
W00009373,312,59,30,29,253,16,237,18.91025641025641,9.615384615384617,9.294871794871796,81.08974358974359,5.128205128205128,75.96153846153845
W00009374,315,57,21,36,258,22,236,18.095238095238095,6.666666666666667,11.428571428571429,81.9047619047619,6.984126984126984,74.92063492063492
W00009375,416,65,27,38,351,25,326,15.625,6.490384615384616,9.134615384615383,84.375,6.009615384615385,78.36538461538461
W00009376,397,84,29,55,313,46,267,21.158690176322416,7.304785894206549,13.85390428211587,78.84130982367759,11.586901763224182,67.2544080604534
W00009377,279,41,13,28,238,27,211,14.695340501792115,4.659498207885305,10.03584229390681,85.30465949820788,9.67741935483871,75.62724014336918
W00009378,363,63,32,31,300,36,264,17.355371900826448,8.81542699724518,8.539944903581267,82.64462809917356,9.917355371900827,72.72727272727273
W00009379,258,56,29,27,202,18,184,21.705426356589147,11.24031007751938,10.465116279069768,78.29457364341084,6.976744186046512,71.31782945736434
W00009380,252,47,12,35,205,36,169,18.650793650793652,4.761904761904762,13.88888888888889,81.34920634920636,14.285714285714285,67.06349206349206
W00009381,301,87,49,38,214,17,197,28.903654485049834,16.27906976744186,12.624584717607974,71.09634551495017,5.647840531561462,65.4485049833887
W00009382,282,26,7,19,256,30,226,9.219858156028367,2.4822695035460995,6.73758865248227,90.78014184397163,10.638297872340425,80.1418439716312
W00009383,283,51,27,24,232,22,210,18.021201413427562,9.540636042402827,8.480565371024735,81.97879858657244,7.773851590106007,74.20494699646643
W00009384,352,44,14,30,308,32,276,12.5,3.977272727272727,8.522727272727272,87.5,9.090909090909092,78.4090909090909
W00009385,380,50,20,30,330,39,291,13.157894736842104,5.263157894736842,7.894736842105263,86.8421052631579,10.263157894736842,76.57894736842105
W00009386,420,93,56,37,327,27,300,22.142857142857142,13.333333333333334,8.80952380952381,77.85714285714286,6.428571428571428,71.42857142857143
W00009387,302,57,22,35,245,24,221,18.874172185430464,7.28476821192053,11.589403973509933,81.12582781456953,7.9470198675496695,73.17880794701986
W00009389,370,86,45,41,284,22,262,23.243243243243246,12.162162162162163,11.081081081081082,76.75675675675676,5.9459459459459465,70.8108108108108
W00009390,352,43,15,28,309,30,279,12.215909090909092,4.261363636363636,7.954545454545454,87.7840909090909,8.522727272727272,79.26136363636364
W00009391,446,82,34,48,364,29,335,18.385650224215247,7.623318385650224,10.762331838565023,81.61434977578476,6.502242152466367,75.11210762331838
W00009392,315,60,27,33,255,23,232,19.047619047619047,8.571428571428571,10.476190476190476,80.95238095238095,7.301587301587302,73.65079365079366
W00009393,248,56,34,22,192,19,173,22.58064516129032,13.709677419354838,8.870967741935484,77.41935483870968,7.661290322580645,69.75806451612904
W00009394,344,57,15,42,287,22,265,16.569767441860463,4.3604651162790695,12.209302325581394,83.43023255813954,6.395348837209303,77.03488372093024
W00009395,288,33,11,22,255,26,229,11.458333333333332,3.8194444444444446,7.638888888888889,88.54166666666666,9.027777777777777,79.51388888888889
W00009396,323,58,23,35,265,26,239,17.956656346749224,7.120743034055728,10.8359133126935,82.04334365325077,8.04953560371517,73.9938080495356
W00009397,361,27,10,17,334,37,297,7.479224376731302,2.7700831024930745,4.7091412742382275,92.5207756232687,10.249307479224377,82.27146814404432
W00009398,273,58,19,39,215,19,196,21.245421245421245,6.95970695970696,14.285714285714285,78.75457875457876,6.95970695970696,71.7948717948718
W00009399,311,38,15,23,273,30,243,12.218649517684888,4.823151125401929,7.395498392282958,87.78135048231512,9.646302250803858,78.13504823151125
W00009400,360,73,39,34,287,26,261,20.27777777777778,10.833333333333334,9.444444444444445,79.72222222222223,7.222222222222221,72.5
W00009401,320,62,29,33,258,27,231,19.375,9.0625,10.3125,80.625,8.4375,72.1875
W00009402,309,35,11,24,274,26,248,11.326860841423949,3.559870550161812,7.766990291262135,88.67313915857605,8.414239482200648,80.2588996763754
W00009403,338,60,20,40,278,39,239,17.75147928994083,5.9171597633136095,11.834319526627219,82.24852071005917,11.538461538461538,70.71005917159763
W00009404,272,64,39,25,208,30,178,23.52941176470588,14.338235294117647,9.191176470588236,76.47058823529412,11.029411764705882,65.44117647058823
W00009405,256,72,26,46,184,18,166,28.125,10.15625,17.96875,71.875,7.03125,64.84375
W00009407,325,34,8,26,291,25,266,10.461538461538462,2.4615384615384617,8,89.53846153846153,7.6923076923076925,81.84615384615384
W00009408,254,49,14,35,205,29,176,19.291338582677163,5.511811023622047,13.779527559055119,80.70866141732283,11.41732283464567,69.29133858267717
W00009409,306,52,15,37,254,21,233,16.99346405228758,4.901960784313726,12.091503267973856,83.00653594771242,6.862745098039216,76.1437908496732
W00009410,358,54,15,39,304,26,278,15.083798882681565,4.189944134078212,10.893854748603351,84.91620111731844,7.262569832402235,77.6536312849162
W00009411,398,87,31,56,311,25,286,21.85929648241206,7.788944723618091,14.07035175879397,78.14070351758794,6.281407035175879,71.85929648241206
W00009412,318,52,19,33,266,17,249,16.352201257861633,5.9748427672955975,10.377358490566039,83.64779874213836,5.345911949685535,78.30188679245283
W00009413,289,37,13,24,252,24,228,12.802768166089965,4.498269896193772,8.304498269896193,87.19723183391004,8.304498269896193,78.89273356401384
W00009414,272,57,23,34,215,23,192,20.955882352941178,8.455882352941178,12.5,79.04411764705883,8.455882352941178,70.58823529411765
W00009415,347,52,15,37,295,26,269,14.985590778097983,4.322766570605188,10.662824207492795,85.01440922190201,7.492795389048991,77.52161383285303
W00009416,354,44,15,29,310,35,275,12.429378531073446,4.23728813559322,8.192090395480225,87.57062146892656,9.887005649717514,77.68361581920904
W00009417,284,61,28,33,223,22,201,21.47887323943662,9.859154929577464,11.619718309859154,78.52112676056338,7.746478873239436,70.77464788732394
W00009418,269,48,15,33,221,21,200,17.843866171003718,5.5762081784386615,12.267657992565056,82.15613382899627,7.806691449814126,74.34944237918215
W00009419,287,45,17,28,242,18,224,15.6794425087108,5.923344947735192,9.75609756097561,84.3205574912892,6.2717770034843205,78.04878048780488
W00009420,342,47,14,33,295,49,246,13.742690058479532,4.093567251461988,9.649122807017543,86.25730994152046,14.327485380116958,71.9298245614035
W00009421,284,96,57,39,188,11,177,33.80281690140845,20.070422535211268,13.732394366197184,66.19718309859155,3.873239436619718,62.323943661971825
W00009422,328,47,12,35,281,24,257,14.329268292682926,3.6585365853658534,10.670731707317072,85.67073170731707,7.317073170731707,78.35365853658537
W00009423,378,104,51,53,274,22,252,27.513227513227513,13.492063492063492,14.02116402116402,72.4867724867725,5.82010582010582,66.66666666666666
W00009424,377,78,33,45,299,32,267,20.689655172413794,8.753315649867375,11.936339522546419,79.3103448275862,8.488063660477453,70.82228116710876
W00009425,341,81,39,42,260,21,239,23.75366568914956,11.436950146627565,12.316715542521994,76.24633431085044,6.158357771260997,70.08797653958945
W00009426,300,36,9,27,264,29,235,12,3,9,88,9.666666666666666,78.33333333333333
W00009427,302,64,32,32,238,18,220,21.192052980132452,10.596026490066226,10.596026490066226,78.80794701986756,5.960264900662252,72.84768211920529
W00009428,389,77,29,48,312,36,276,19.794344473007712,7.455012853470437,12.339331619537274,80.20565552699229,9.254498714652955,70.95115681233933
W00009429,281,50,15,35,231,19,212,17.793594306049823,5.338078291814947,12.455516014234876,82.20640569395017,6.761565836298933,75.44483985765125
W00009430,245,30,13,17,215,31,184,12.244897959183673,5.3061224489795915,6.938775510204081,87.75510204081633,12.653061224489795,75.10204081632654
W00009431,251,38,11,27,213,15,198,15.139442231075698,4.382470119521913,10.756972111553784,84.86055776892431,5.9760956175298805,78.88446215139442
W00009432,264,41,12,29,223,23,200,15.530303030303031,4.545454545454546,10.984848484848484,84.46969696969697,8.712121212121213,75.75757575757575
W00009433,445,102,53,49,343,27,316,22.92134831460674,11.910112359550562,11.01123595505618,77.07865168539327,6.067415730337078,71.01123595505618
W00009434,404,75,22,53,329,32,297,18.564356435643564,5.445544554455446,13.118811881188119,81.43564356435643,7.920792079207921,73.51485148514851
W00009435,192,58,25,33,134,13,121,30.208333333333332,13.020833333333334,17.1875,69.79166666666666,6.770833333333333,63.020833333333336
W00009436,319,48,19,29,271,37,234,15.047021943573668,5.956112852664576,9.090909090909092,84.95297805642633,11.598746081504702,73.35423197492163
W00009437,356,69,27,42,287,17,270,19.382022471910112,7.584269662921349,11.797752808988763,80.6179775280899,4.775280898876404,75.84269662921348
W00009438,240,49,9,40,191,19,172,20.416666666666668,3.75,16.666666666666664,79.58333333333333,7.916666666666666,71.66666666666667
W00009439,293,55,19,36,238,24,214,18.771331058020476,6.484641638225256,12.286689419795222,81.22866894197952,8.19112627986348,73.03754266211604
W00009440,301,72,36,36,229,36,193,23.920265780730897,11.960132890365449,11.960132890365449,76.0797342192691,11.960132890365449,64.11960132890366
W00009441,428,84,29,55,344,21,323,19.626168224299064,6.775700934579438,12.850467289719624,80.37383177570094,4.906542056074766,75.46728971962617
W00009442,209,50,19,31,159,13,146,23.923444976076556,9.090909090909092,14.832535885167463,76.07655502392345,6.220095693779904,69.85645933014354
W00009443,320,43,14,29,277,30,247,13.4375,4.375,9.0625,86.5625,9.375,77.1875
W00009444,309,70,33,37,239,26,213,22.653721682847898,10.679611650485436,11.974110032362459,77.34627831715211,8.414239482200648,68.93203883495146
W00009445,261,88,47,41,173,15,158,33.71647509578544,18.007662835249043,15.708812260536398,66.28352490421456,5.747126436781609,60.53639846743295
W00009446,377,50,13,37,327,35,292,13.262599469496022,3.4482758620689653,9.814323607427056,86.73740053050398,9.283819628647215,77.45358090185677
W00009447,241,66,43,23,175,25,150,27.385892116182575,17.842323651452283,9.54356846473029,72.61410788381743,10.37344398340249,62.24066390041494
W00009448,306,112,41,71,194,18,176,36.60130718954248,13.398692810457517,23.202614379084967,63.39869281045751,5.88235294117647,57.51633986928104
W00009450,387,142,69,73,245,26,219,36.69250645994832,17.829457364341085,18.863049095607234,63.30749354005169,6.718346253229974,56.58914728682171
W00009451,381,64,19,45,317,23,294,16.79790026246719,4.986876640419948,11.811023622047244,83.2020997375328,6.036745406824147,77.16535433070865
W00009452,345,39,14,25,306,20,286,11.304347826086957,4.057971014492753,7.246376811594203,88.69565217391305,5.797101449275362,82.89855072463767
W00009453,355,55,22,33,300,26,274,15.492957746478872,6.197183098591549,9.295774647887324,84.50704225352112,7.323943661971831,77.1830985915493
W00009454,416,50,17,33,366,33,333,12.01923076923077,4.086538461538462,7.9326923076923075,87.98076923076923,7.9326923076923075,80.04807692307693
W00009455,186,58,30,28,128,12,116,31.182795698924732,16.129032258064516,15.053763440860216,68.81720430107528,6.451612903225806,62.365591397849464
W00009456,379,65,23,42,314,20,294,17.150395778364118,6.068601583113456,11.081794195250659,82.84960422163589,5.277044854881266,77.57255936675462
W00009457,332,61,20,41,271,29,242,18.373493975903614,6.024096385542169,12.349397590361445,81.62650602409639,8.734939759036145,72.89156626506023
W00009458,310,51,20,31,259,20,239,16.451612903225808,6.451612903225806,10,83.54838709677419,6.451612903225806,77.09677419354838
W00009459,249,49,15,34,200,17,183,19.67871485943775,6.024096385542169,13.654618473895583,80.32128514056225,6.827309236947792,73.49397590361446
W00009460,381,63,25,38,318,43,275,16.535433070866144,6.561679790026247,9.973753280839896,83.46456692913385,11.286089238845145,72.17847769028872
W00009461,287,38,11,27,249,24,225,13.240418118466899,3.8327526132404177,9.40766550522648,86.7595818815331,8.362369337979095,78.397212543554
W00009462,360,59,15,44,301,31,270,16.38888888888889,4.166666666666666,12.222222222222221,83.61111111111111,8.61111111111111,75
W00009463,342,74,30,44,268,25,243,21.637426900584796,8.771929824561402,12.865497076023392,78.3625730994152,7.309941520467836,71.05263157894737
W00009464,280,39,14,25,241,15,226,13.928571428571429,5,8.928571428571429,86.07142857142858,5.357142857142857,80.71428571428572
W00009465,431,75,23,52,356,36,320,17.40139211136891,5.336426914153132,12.064965197215777,82.5986078886311,8.352668213457076,74.24593967517401
W00009466,334,55,17,38,279,26,253,16.46706586826347,5.089820359281437,11.377245508982035,83.53293413173652,7.784431137724551,75.74850299401199
W00009467,322,56,16,40,266,27,239,17.391304347826086,4.968944099378882,12.422360248447205,82.6086956521739,8.385093167701864,74.22360248447205
W00009468,486,71,27,44,415,27,388,14.609053497942387,5.555555555555555,9.053497942386832,85.39094650205762,5.555555555555555,79.83539094650206
W00009469,234,35,8,27,199,17,182,14.957264957264957,3.418803418803419,11.538461538461538,85.04273504273505,7.264957264957266,77.77777777777779
W00009470,253,29,5,24,224,27,197,11.462450592885375,1.9762845849802373,9.486166007905137,88.53754940711462,10.67193675889328,77.86561264822134
W00009472,246,50,22,28,196,22,174,20.32520325203252,8.94308943089431,11.38211382113821,79.67479674796748,8.94308943089431,70.73170731707317
W00009473,304,48,15,33,256,22,234,15.789473684210526,4.934210526315789,10.855263157894738,84.21052631578947,7.236842105263158,76.97368421052632
W00009474,341,53,18,35,288,36,252,15.542521994134898,5.278592375366569,10.263929618768328,84.4574780058651,10.557184750733137,73.90029325513197
W00009475,267,49,22,27,218,11,207,18.352059925093634,8.239700374531834,10.112359550561797,81.64794007490637,4.119850187265917,77.52808988764045
W00009476,624,101,28,73,523,37,486,16.185897435897438,4.487179487179487,11.698717948717949,83.81410256410257,5.929487179487179,77.88461538461539
W00009480,213,42,25,17,171,17,154,19.718309859154928,11.737089201877934,7.981220657276995,80.28169014084507,7.981220657276995,72.30046948356808
W00009481,385,71,34,37,314,23,291,18.441558441558442,8.831168831168831,9.61038961038961,81.55844155844156,5.974025974025974,75.58441558441558
W00009482,318,66,29,37,252,13,239,20.754716981132077,9.119496855345911,11.635220125786164,79.24528301886792,4.088050314465408,75.15723270440252
W00009483,193,28,2,26,165,25,140,14.507772020725387,1.0362694300518136,13.471502590673575,85.49222797927462,12.953367875647666,72.53886010362694
W00009484,256,108,47,61,148,10,138,42.1875,18.359375,23.828125,57.8125,3.90625,53.90625
W00009486,357,43,14,29,314,26,288,12.044817927170868,3.9215686274509802,8.123249299719888,87.95518207282913,7.282913165266107,80.67226890756302
W00009487,280,36,9,27,244,33,211,12.857142857142856,3.214285714285714,9.642857142857144,87.14285714285714,11.785714285714285,75.35714285714286
W00009488,337,50,17,33,287,30,257,14.836795252225517,5.044510385756676,9.792284866468842,85.16320474777447,8.902077151335313,76.26112759643917
W00009489,287,27,9,18,260,20,240,9.40766550522648,3.1358885017421603,6.2717770034843205,90.59233449477352,6.968641114982578,83.62369337979094
W00009490,468,97,50,47,371,28,343,20.726495726495727,10.683760683760683,10.042735042735043,79.27350427350427,5.982905982905983,73.29059829059828
W00009491,494,51,12,39,443,28,415,10.323886639676113,2.42914979757085,7.894736842105263,89.67611336032388,5.668016194331984,84.0080971659919
W00009492,203,44,22,22,159,16,143,21.67487684729064,10.83743842364532,10.83743842364532,78.32512315270937,7.8817733990147785,70.44334975369459
W00009493,321,31,9,22,290,11,279,9.657320872274143,2.803738317757009,6.853582554517133,90.34267912772586,3.4267912772585665,86.91588785046729
W00009494,455,83,47,36,372,40,332,18.24175824175824,10.329670329670328,7.9120879120879115,81.75824175824175,8.791208791208792,72.96703296703296
W00009495,301,34,13,21,267,24,243,11.295681063122924,4.318936877076411,6.976744186046512,88.70431893687709,7.973421926910299,80.73089700996677
W00009496,319,44,13,31,275,36,239,13.793103448275861,4.075235109717868,9.717868338557993,86.20689655172413,11.285266457680251,74.92163009404389
W00009497,409,65,22,43,344,32,312,15.892420537897312,5.378973105134474,10.513447432762836,84.10757946210269,7.823960880195599,76.28361858190709
W00009499,263,31,9,22,232,27,205,11.787072243346007,3.4220532319391634,8.365019011406844,88.212927756654,10.26615969581749,77.9467680608365
W00009500,299,45,19,26,254,28,226,15.050167224080269,6.354515050167224,8.695652173913043,84.94983277591973,9.364548494983277,75.58528428093646
W00009501,385,54,17,37,331,23,308,14.025974025974024,4.415584415584416,9.61038961038961,85.97402597402596,5.974025974025974,80
W00009502,380,41,12,29,339,35,304,10.789473684210527,3.1578947368421053,7.631578947368421,89.21052631578948,9.210526315789473,80
W00009503,559,106,58,48,453,56,397,18.962432915921287,10.37567084078712,8.586762075134168,81.03756708407872,10.01788908765653,71.01967799642217
W00009505,229,47,18,29,182,36,146,20.52401746724891,7.860262008733625,12.663755458515283,79.47598253275109,15.72052401746725,63.75545851528385
W00009506,297,45,14,31,252,20,232,15.151515151515152,4.713804713804714,10.437710437710438,84.84848484848484,6.7340067340067336,78.11447811447812
W00009507,316,46,15,31,270,23,247,14.556962025316455,4.746835443037975,9.81012658227848,85.44303797468355,7.2784810126582276,78.16455696202532
W00009508,320,45,20,25,275,19,256,14.0625,6.25,7.8125,85.9375,5.9375,80
W00009509,305,55,17,38,250,24,226,18.0327868852459,5.573770491803279,12.459016393442624,81.9672131147541,7.868852459016394,74.09836065573771
W00009510,319,45,20,25,274,30,244,14.106583072100312,6.269592476489027,7.836990595611286,85.8934169278997,9.404388714733543,76.48902821316614
W00009511,352,50,19,31,302,28,274,14.204545454545455,5.3977272727272725,8.806818181818182,85.79545454545455,7.954545454545454,77.8409090909091
W00009512,376,66,33,33,310,35,275,17.5531914893617,8.77659574468085,8.77659574468085,82.4468085106383,9.308510638297872,73.13829787234043
W00009514,303,39,14,25,264,18,246,12.871287128712872,4.62046204620462,8.25082508250825,87.12871287128714,5.9405940594059405,81.1881188118812
W00009515,305,56,17,39,249,22,227,18.360655737704917,5.573770491803279,12.786885245901638,81.63934426229508,7.213114754098362,74.42622950819671
W00009516,474,43,12,31,431,39,392,9.071729957805907,2.5316455696202533,6.5400843881856545,90.92827004219409,8.227848101265822,82.70042194092827
W00009517,281,66,23,43,215,17,198,23.487544483985765,8.185053380782918,15.302491103202847,76.51245551601423,6.049822064056939,70.46263345195729
W00009518,288,29,8,21,259,28,231,10.069444444444445,2.7777777777777777,7.291666666666667,89.93055555555556,9.722222222222223,80.20833333333334
W00009519,227,35,10,25,192,23,169,15.418502202643172,4.405286343612335,11.013215859030836,84.58149779735683,10.13215859030837,74.44933920704845
W00009520,301,39,12,27,262,33,229,12.956810631229235,3.9867109634551494,8.970099667774086,87.04318936877077,10.96345514950166,76.0797342192691
W00009521,305,39,14,25,266,23,243,12.786885245901638,4.590163934426229,8.19672131147541,87.21311475409837,7.540983606557377,79.67213114754098
W00009522,278,56,21,35,222,26,196,20.14388489208633,7.553956834532374,12.589928057553957,79.85611510791367,9.352517985611511,70.50359712230215
W00009524,264,57,22,35,207,19,188,21.59090909090909,8.333333333333332,13.257575757575758,78.4090909090909,7.196969696969697,71.21212121212122
W00009525,309,35,18,17,274,33,241,11.326860841423949,5.825242718446602,5.501618122977346,88.67313915857605,10.679611650485436,77.99352750809061
W00009526,379,54,11,43,325,41,284,14.24802110817942,2.9023746701846966,11.345646437994723,85.75197889182058,10.817941952506596,74.93403693931398
W00009527,329,35,13,22,294,31,263,10.638297872340425,3.951367781155015,6.68693009118541,89.36170212765957,9.422492401215806,79.93920972644378
W00009528,255,63,21,42,192,30,162,24.705882352941178,8.235294117647058,16.470588235294116,75.29411764705883,11.76470588235294,63.52941176470588
W00009529,339,61,17,44,278,21,257,17.99410029498525,5.014749262536873,12.979351032448378,82.00589970501476,6.1946902654867255,75.81120943952803
W00009530,255,43,16,27,212,27,185,16.862745098039216,6.2745098039215685,10.588235294117647,83.13725490196079,10.588235294117647,72.54901960784314
W00009531,269,46,18,28,223,35,188,17.100371747211895,6.691449814126393,10.408921933085502,82.8996282527881,13.011152416356877,69.88847583643123
W00009532,313,69,22,47,244,27,217,22.044728434504794,7.0287539936102235,15.015974440894569,77.95527156549521,8.626198083067091,69.32907348242811
W00009533,252,73,30,43,179,17,162,28.968253968253972,11.904761904761903,17.063492063492063,71.03174603174604,6.746031746031746,64.28571428571429
W00009534,194,52,28,24,142,12,130,26.804123711340207,14.432989690721648,12.371134020618557,73.19587628865979,6.185567010309279,67.0103092783505
W00009535,258,64,27,37,194,21,173,24.8062015503876,10.465116279069768,14.34108527131783,75.1937984496124,8.13953488372093,67.05426356589147
W00009536,264,49,25,24,215,28,187,18.560606060606062,9.469696969696969,9.090909090909092,81.43939393939394,10.606060606060606,70.83333333333334
W00009537,238,49,24,25,189,21,168,20.588235294117645,10.084033613445378,10.504201680672269,79.41176470588235,8.823529411764707,70.58823529411765
W00009538,209,41,19,22,168,23,145,19.617224880382775,9.090909090909092,10.526315789473683,80.38277511961722,11.004784688995215,69.377990430622
W00009539,320,36,13,23,284,37,247,11.25,4.0625,7.187499999999999,88.75,11.5625,77.1875
W00009540,284,36,9,27,248,30,218,12.676056338028168,3.169014084507042,9.507042253521126,87.32394366197182,10.56338028169014,76.76056338028168
W00009541,274,39,11,28,235,24,211,14.233576642335766,4.014598540145985,10.218978102189782,85.76642335766424,8.75912408759124,77.00729927007299
W00009542,251,25,9,16,226,21,205,9.9601593625498,3.5856573705179287,6.374501992031872,90.0398406374502,8.366533864541832,81.67330677290838
W00009543,327,41,8,33,286,34,252,12.538226299694188,2.4464831804281344,10.091743119266056,87.46177370030581,10.397553516819572,77.06422018348624
W00009544,291,40,14,26,251,25,226,13.745704467353953,4.810996563573884,8.934707903780069,86.25429553264605,8.59106529209622,77.66323024054984
W00009545,298,39,10,29,259,36,223,13.087248322147651,3.3557046979865772,9.731543624161073,86.91275167785236,12.080536912751679,74.83221476510067
W00009546,242,30,9,21,212,23,189,12.396694214876034,3.71900826446281,8.677685950413224,87.60330578512396,9.50413223140496,78.099173553719
W00009547,272,35,9,26,237,33,204,12.867647058823529,3.308823529411765,9.558823529411764,87.13235294117648,12.132352941176471,75
W00009548,276,31,17,14,245,31,214,11.231884057971014,6.159420289855073,5.072463768115942,88.76811594202898,11.231884057971014,77.53623188405797
W00009549,330,38,16,22,292,30,262,11.515151515151516,4.848484848484849,6.666666666666667,88.48484848484848,9.090909090909092,79.39393939393939
W00009550,255,54,27,27,201,23,178,21.176470588235293,10.588235294117647,10.588235294117647,78.82352941176471,9.019607843137255,69.80392156862744
W00009551,267,65,35,30,202,22,180,24.344569288389515,13.108614232209737,11.235955056179774,75.65543071161048,8.239700374531834,67.41573033707866
W00009552,238,51,24,27,187,21,166,21.428571428571427,10.084033613445378,11.344537815126051,78.57142857142857,8.823529411764707,69.74789915966386
W00009553,286,54,24,30,232,24,208,18.88111888111888,8.391608391608392,10.48951048951049,81.11888111888112,8.391608391608392,72.72727272727273
W00009554,240,38,8,30,202,21,181,15.833333333333332,3.3333333333333335,12.5,84.16666666666667,8.75,75.41666666666667
W00009555,259,56,26,30,203,24,179,21.62162162162162,10.038610038610038,11.583011583011583,78.37837837837837,9.266409266409266,69.1119691119691
W00009556,319,42,19,23,277,23,254,13.166144200626958,5.956112852664576,7.210031347962382,86.83385579937304,7.210031347962382,79.62382445141067
W00009557,415,63,29,34,352,18,334,15.180722891566264,6.987951807228916,8.19277108433735,84.81927710843374,4.337349397590361,80.48192771084337
W00009558,311,62,31,31,249,36,213,19.935691318327976,9.967845659163988,9.967845659163988,80.06430868167203,11.57556270096463,68.48874598070739
W00009559,392,44,19,25,348,15,333,11.224489795918368,4.846938775510204,6.377551020408164,88.77551020408163,3.826530612244898,84.94897959183673
W00009560,431,77,24,53,354,37,317,17.865429234338748,5.56844547563805,12.296983758700696,82.13457076566125,8.584686774941995,73.54988399071925
W00009561,344,72,43,29,272,14,258,20.930232558139537,12.5,8.430232558139535,79.06976744186046,4.069767441860465,75
W00009562,317,98,63,35,219,22,197,30.914826498422716,19.873817034700316,11.041009463722396,69.08517350157729,6.940063091482649,62.14511041009464
W00009563,286,46,16,30,240,24,216,16.083916083916083,5.594405594405594,10.48951048951049,83.91608391608392,8.391608391608392,75.52447552447552
W00009564,350,38,19,19,312,22,290,10.857142857142858,5.428571428571429,5.428571428571429,89.14285714285714,6.2857142857142865,82.85714285714286
W00009565,395,56,22,34,339,24,315,14.177215189873419,5.5696202531645564,8.60759493670886,85.82278481012658,6.075949367088607,79.74683544303798
W00009566,423,60,31,29,363,21,342,14.184397163120568,7.328605200945626,6.8557919621749415,85.81560283687944,4.964539007092199,80.85106382978722
W00009567,276,64,39,25,212,14,198,23.18840579710145,14.130434782608695,9.057971014492754,76.81159420289855,5.072463768115942,71.73913043478261
W00009568,392,57,24,33,335,17,318,14.540816326530612,6.122448979591836,8.418367346938775,85.45918367346938,4.336734693877551,81.12244897959184
W00009569,306,57,25,32,249,15,234,18.627450980392158,8.169934640522875,10.457516339869281,81.37254901960785,4.901960784313726,76.47058823529412
W00009570,437,77,28,49,360,31,329,17.620137299771166,6.407322654462242,11.212814645308924,82.37986270022884,7.093821510297483,75.28604118993135
W00009571,353,58,28,30,295,15,280,16.43059490084986,7.932011331444759,8.498583569405099,83.56940509915015,4.2492917847025495,79.3201133144476
W00009572,348,57,27,30,291,23,268,16.379310344827587,7.758620689655173,8.620689655172415,83.62068965517241,6.609195402298851,77.01149425287356
W00009573,366,67,34,33,299,15,284,18.30601092896175,9.289617486338798,9.01639344262295,81.69398907103826,4.098360655737705,77.59562841530054
W00009574,373,78,48,30,295,14,281,20.91152815013405,12.868632707774799,8.04289544235925,79.08847184986595,3.753351206434316,75.33512064343164
W00009575,152,31,15,16,121,2,119,20.394736842105264,9.868421052631579,10.526315789473683,79.60526315789474,1.3157894736842104,78.28947368421053
W00009576,277,77,47,30,200,10,190,27.79783393501805,16.967509025270758,10.830324909747292,72.20216606498195,3.6101083032490973,68.59205776173285
W00009577,253,29,15,14,224,29,195,11.462450592885375,5.928853754940711,5.533596837944664,88.53754940711462,11.462450592885375,77.07509881422925
W00009578,288,38,9,29,250,21,229,13.194444444444445,3.125,10.069444444444445,86.80555555555556,7.291666666666667,79.51388888888889
W00009579,199,49,22,27,150,27,123,24.623115577889447,11.055276381909549,13.5678391959799,75.37688442211056,13.5678391959799,61.80904522613066
W00009580,289,37,7,30,252,22,230,12.802768166089965,2.422145328719723,10.380622837370241,87.19723183391004,7.612456747404845,79.58477508650519
W00009581,289,44,10,34,245,28,217,15.22491349480969,3.4602076124567476,11.76470588235294,84.77508650519032,9.688581314878892,75.08650519031141
W00009582,283,48,18,30,235,26,209,16.96113074204947,6.36042402826855,10.60070671378092,83.03886925795054,9.187279151943462,73.85159010600707
W00009583,328,39,15,24,289,30,259,11.890243902439025,4.573170731707317,7.317073170731707,88.10975609756098,9.146341463414634,78.96341463414635
W00009584,290,44,20,24,246,26,220,15.172413793103448,6.896551724137931,8.275862068965518,84.82758620689656,8.96551724137931,75.86206896551724
W00009585,244,27,11,16,217,23,194,11.065573770491802,4.508196721311475,6.557377049180328,88.9344262295082,9.426229508196721,79.50819672131148
W00009586,332,52,23,29,280,25,255,15.66265060240964,6.927710843373494,8.734939759036145,84.33734939759037,7.530120481927711,76.80722891566265
W00009587,250,38,12,26,212,29,183,15.2,4.8,10.4,84.8,11.600000000000001,73.2
W00009588,321,105,58,47,216,14,202,32.71028037383177,18.06853582554517,14.641744548286603,67.28971962616822,4.361370716510903,62.928348909657316
W00009589,268,43,12,31,225,24,201,16.044776119402986,4.477611940298507,11.567164179104477,83.95522388059702,8.955223880597014,75
W00009590,257,31,8,23,226,33,193,12.062256809338521,3.11284046692607,8.949416342412452,87.93774319066148,12.840466926070038,75.09727626459144
W00009591,307,38,10,28,269,24,245,12.37785016286645,3.257328990228013,9.120521172638437,87.62214983713355,7.81758957654723,79.80456026058633
W00009592,287,41,17,24,246,22,224,14.285714285714285,5.923344947735192,8.362369337979095,85.71428571428571,7.665505226480835,78.04878048780488
W00009593,255,28,11,17,227,27,200,10.980392156862745,4.313725490196078,6.666666666666667,89.01960784313725,10.588235294117647,78.43137254901961
W00009594,293,51,13,38,242,28,214,17.4061433447099,4.436860068259386,12.969283276450511,82.5938566552901,9.556313993174061,73.03754266211604
W00009595,361,51,23,28,310,26,284,14.127423822714682,6.3711911357340725,7.756232686980609,85.87257617728532,7.202216066481995,78.67036011080333
W00009596,276,31,10,21,245,18,227,11.231884057971014,3.6231884057971016,7.608695652173914,88.76811594202898,6.521739130434782,82.2463768115942
W00009597,360,62,24,38,298,33,265,17.22222222222222,6.666666666666667,10.555555555555555,82.77777777777777,9.166666666666666,73.61111111111111
W00009598,451,85,45,40,366,23,343,18.8470066518847,9.977827050997783,8.869179600886918,81.1529933481153,5.099778270509978,76.05321507760532
W00009599,332,51,19,32,281,16,265,15.36144578313253,5.72289156626506,9.63855421686747,84.63855421686746,4.819277108433735,79.81927710843374
W00009600,324,112,84,28,212,18,194,34.5679012345679,25.925925925925924,8.641975308641975,65.4320987654321,5.555555555555555,59.876543209876544
W00009601,327,62,34,28,265,21,244,18.960244648318042,10.397553516819572,8.56269113149847,81.03975535168195,6.422018348623854,74.61773700305811
W00009602,312,66,21,45,246,21,225,21.153846153846153,6.730769230769231,14.423076923076922,78.84615384615384,6.730769230769231,72.11538461538461
W00009603,325,69,35,34,256,18,238,21.23076923076923,10.76923076923077,10.461538461538462,78.76923076923077,5.538461538461538,73.23076923076923
W00009604,254,38,15,23,216,20,196,14.960629921259844,5.905511811023622,9.05511811023622,85.03937007874016,7.874015748031496,77.16535433070865
W00009605,316,76,30,46,240,33,207,24.050632911392405,9.49367088607595,14.556962025316455,75.9493670886076,10.443037974683545,65.50632911392405
W00009606,270,43,17,26,227,26,201,15.925925925925927,6.296296296296296,9.62962962962963,84.07407407407408,9.62962962962963,74.44444444444444
W00009607,313,44,14,30,269,24,245,14.057507987220447,4.472843450479233,9.584664536741213,85.94249201277955,7.667731629392971,78.27476038338658
W00009608,326,64,24,40,262,24,238,19.631901840490798,7.361963190184049,12.269938650306749,80.3680981595092,7.361963190184049,73.00613496932516
W00009609,311,88,50,38,223,22,201,28.29581993569132,16.077170418006432,12.218649517684888,71.70418006430869,7.07395498392283,64.63022508038586
W00009610,384,88,30,58,296,23,273,22.916666666666664,7.8125,15.104166666666666,77.08333333333334,5.989583333333334,71.09375
W00009611,319,46,22,24,273,25,248,14.420062695924765,6.896551724137931,7.523510971786834,85.57993730407524,7.836990595611286,77.74294670846395
W00009612,307,43,19,24,264,16,248,14.006514657980457,6.188925081433225,7.81758957654723,85.99348534201955,5.211726384364821,80.78175895765473
W00009613,304,65,33,32,239,15,224,21.38157894736842,10.855263157894738,10.526315789473683,78.61842105263158,4.934210526315789,73.68421052631578
W00009614,291,56,22,34,235,19,216,19.243986254295535,7.560137457044673,11.683848797250858,80.75601374570446,6.529209621993128,74.22680412371135
W00009615,365,76,31,45,289,33,256,20.82191780821918,8.493150684931507,12.32876712328767,79.17808219178082,9.04109589041096,70.13698630136986
W00009616,364,70,39,31,294,34,260,19.230769230769234,10.714285714285714,8.516483516483516,80.76923076923077,9.340659340659341,71.42857142857143
W00009617,190,71,38,33,119,13,106,37.368421052631575,20,17.36842105263158,62.63157894736842,6.842105263157896,55.78947368421052
W00009618,335,75,40,35,260,19,241,22.388059701492537,11.940298507462686,10.44776119402985,77.61194029850746,5.6716417910447765,71.94029850746269
W00009619,351,81,47,34,270,18,252,23.076923076923077,13.390313390313391,9.686609686609685,76.92307692307693,5.128205128205128,71.7948717948718
W00009620,301,92,43,49,209,16,193,30.564784053156146,14.285714285714285,16.27906976744186,69.43521594684385,5.3156146179401995,64.11960132890366
W00009621,296,71,38,33,225,10,215,23.986486486486484,12.837837837837837,11.14864864864865,76.01351351351352,3.3783783783783785,72.63513513513513
W00009622,276,78,40,38,198,15,183,28.26086956521739,14.492753623188406,13.768115942028986,71.73913043478261,5.434782608695652,66.30434782608695
W00009623,289,59,23,36,230,29,201,20.415224913494807,7.958477508650519,12.45674740484429,79.58477508650519,10.034602076124568,69.55017301038062
W00009624,494,112,61,51,382,33,349,22.672064777327936,12.348178137651821,10.323886639676113,77.32793522267207,6.680161943319838,70.64777327935222
W00009625,281,74,36,38,207,12,195,26.334519572953734,12.811387900355871,13.523131672597867,73.66548042704626,4.270462633451958,69.3950177935943
W00009626,292,74,39,35,218,22,196,25.34246575342466,13.356164383561644,11.986301369863012,74.65753424657534,7.534246575342466,67.12328767123287
W00009627,282,58,28,30,224,20,204,20.56737588652482,9.929078014184398,10.638297872340425,79.43262411347519,7.092198581560284,72.3404255319149
W00009629,369,75,33,42,294,30,264,20.32520325203252,8.94308943089431,11.38211382113821,79.67479674796748,8.130081300813007,71.54471544715447
W00009630,358,81,41,40,277,14,263,22.62569832402235,11.452513966480447,11.1731843575419,77.37430167597765,3.910614525139665,73.46368715083798
W00009631,321,83,46,37,238,10,228,25.85669781931464,14.330218068535824,11.526479750778815,74.14330218068535,3.115264797507788,71.02803738317756
W00009632,312,55,20,35,257,25,232,17.628205128205128,6.41025641025641,11.217948717948719,82.37179487179486,8.012820512820513,74.35897435897436
W00009633,332,82,48,34,250,11,239,24.69879518072289,14.457831325301203,10.240963855421686,75.30120481927712,3.313253012048193,71.98795180722891
W00009634,301,64,30,34,237,29,208,21.262458471760798,9.966777408637874,11.295681063122924,78.7375415282392,9.634551495016613,69.10299003322258
W00009635,303,70,31,39,233,24,209,23.1023102310231,10.231023102310232,12.871287128712872,76.89768976897689,7.920792079207921,68.97689768976898
W00009636,330,66,32,34,264,31,233,20,9.696969696969697,10.303030303030303,80,9.393939393939393,70.60606060606061
W00009637,275,71,37,34,204,13,191,25.818181818181817,13.454545454545455,12.363636363636363,74.18181818181819,4.7272727272727275,69.45454545454545
W00009638,262,60,36,24,202,15,187,22.900763358778626,13.740458015267176,9.16030534351145,77.09923664122137,5.7251908396946565,71.37404580152672
W00009639,424,123,77,46,301,32,269,29.009433962264154,18.160377358490564,10.849056603773585,70.99056603773585,7.547169811320755,63.443396226415096
W00009640,326,67,25,42,259,18,241,20.552147239263803,7.668711656441718,12.883435582822086,79.4478527607362,5.521472392638037,73.92638036809815
W00009641,255,33,6,27,222,23,199,12.941176470588237,2.3529411764705883,10.588235294117647,87.05882352941177,9.019607843137255,78.03921568627452
W00009642,286,65,29,36,221,19,202,22.727272727272727,10.13986013986014,12.587412587412588,77.27272727272727,6.643356643356643,70.62937062937063
W00009643,276,63,32,31,213,24,189,22.82608695652174,11.594202898550725,11.231884057971014,77.17391304347827,8.695652173913043,68.47826086956522
W00009644,219,71,39,32,148,13,135,32.42009132420091,17.80821917808219,14.61187214611872,67.57990867579909,5.93607305936073,61.64383561643836
W00009645,444,91,49,42,353,26,327,20.495495495495494,11.036036036036036,9.45945945945946,79.5045045045045,5.8558558558558556,73.64864864864865
W00009646,326,101,67,34,225,6,219,30.981595092024538,20.552147239263803,10.429447852760736,69.01840490797547,1.8404907975460123,67.17791411042946
W00009647,383,67,36,31,316,18,298,17.4934725848564,9.39947780678851,8.093994778067886,82.50652741514361,4.699738903394255,77.80678851174935
W00009648,285,86,45,41,199,11,188,30.175438596491226,15.789473684210526,14.385964912280702,69.82456140350877,3.8596491228070176,65.96491228070175
W00009649,373,89,47,42,284,7,277,23.86058981233244,12.600536193029491,11.26005361930295,76.13941018766755,1.876675603217158,74.26273458445041
W00009650,239,46,22,24,193,19,174,19.246861924686193,9.205020920502092,10.0418410041841,80.75313807531381,7.949790794979079,72.80334728033473
W00009651,390,86,37,49,304,21,283,22.05128205128205,9.487179487179487,12.564102564102564,77.94871794871796,5.384615384615385,72.564102564102555
W00009652,366,75,35,40,291,17,274,20.491803278688526,9.562841530054644,10.92896174863388,79.50819672131148,4.644808743169399,74.86338797814209
W00009653,453,101,50,51,352,18,334,22.29580573951435,11.037527593818984,11.258278145695364,77.70419426048565,3.9735099337748347,73.73068432671081
W00009654,291,72,39,33,219,17,202,24.742268041237114,13.402061855670103,11.34020618556701,75.25773195876289,5.841924398625429,69.41580756013745
W00009655,298,77,34,43,221,12,209,25.838926174496645,11.409395973154362,14.429530201342283,74.16107382550335,4.026845637583892,70.13422818791946
W00009657,202,62,30,32,140,10,130,30.693069306930692,14.85148514851485,15.841584158415841,69.3069306930693,4.9504950495049505,64.35643564356435
W00009658,285,62,28,34,223,16,207,21.75438596491228,9.824561403508772,11.929824561403509,78.24561403508771,5.614035087719298,72.63157894736842
W00009659,337,61,32,29,276,20,256,18.100890207715135,9.495548961424333,8.605341246290802,81.89910979228486,5.934718100890208,75.96439169139467
W00009660,334,53,16,37,281,33,248,15.868263473053892,4.790419161676647,11.077844311377245,84.13173652694611,9.880239520958083,74.25149700598801
W00009661,304,113,74,39,191,33,158,37.17105263157895,24.342105263157894,12.828947368421053,62.82894736842105,10.855263157894738,51.973684210526315
W00009662,315,82,43,39,233,18,215,26.031746031746035,13.65079365079365,12.380952380952381,73.96825396825398,5.714285714285714,68.25396825396825
W00009663,321,80,43,37,241,6,235,24.922118380062305,13.395638629283487,11.526479750778815,75.0778816199377,1.8691588785046727,73.20872274143302
W00009664,296,65,32,33,231,24,207,21.95945945945946,10.81081081081081,11.14864864864865,78.04054054054053,8.108108108108109,69.93243243243244
W00009665,313,76,41,35,237,9,228,24.281150159744406,13.099041533546327,11.182108626198083,75.71884984025559,2.8753993610223643,72.84345047923323
W00009666,143,60,40,20,83,4,79,41.95804195804196,27.972027972027973,13.986013986013987,58.04195804195804,2.797202797202797,55.24475524475524
W00009667,229,48,19,29,181,26,155,20.96069868995633,8.296943231441048,12.663755458515283,79.03930131004367,11.353711790393014,67.68558951965066
W00009668,270,58,25,33,212,17,195,21.48148148148148,9.25925925925926,12.222222222222221,78.51851851851852,6.296296296296296,72.22222222222221
W00009669,472,110,61,49,362,19,343,23.30508474576271,12.923728813559322,10.38135593220339,76.69491525423729,4.025423728813559,72.66949152542372
W00009670,401,85,48,37,316,19,297,21.197007481296758,11.970074812967582,9.226932668329177,78.80299251870323,4.738154613466334,74.06483790523691
W00009671,289,85,40,45,204,13,191,29.411764705882355,13.84083044982699,15.570934256055363,70.58823529411765,4.498269896193772,66.08996539792388
W00009672,331,63,38,25,268,14,254,19.033232628398792,11.48036253776435,7.552870090634441,80.96676737160121,4.229607250755287,76.73716012084593
W00009673,331,95,55,40,236,11,225,28.700906344410875,16.61631419939577,12.084592145015106,71.29909365558912,3.3232628398791544,67.97583081570997
W00009675,319,87,44,43,232,26,206,27.27272727272727,13.793103448275861,13.479623824451412,72.72727272727273,8.150470219435736,64.57680250783699
W00009676,388,93,59,34,295,13,282,23.969072164948454,15.206185567010309,8.762886597938143,76.03092783505154,3.350515463917526,72.68041237113401
W00009677,272,44,24,20,228,23,205,16.176470588235293,8.823529411764707,7.352941176470589,83.82352941176471,8.455882352941178,75.36764705882352
W00009678,235,27,13,14,208,17,191,11.48936170212766,5.531914893617021,5.957446808510639,88.51063829787233,7.234042553191489,81.27659574468085
W00009679,360,80,31,49,280,30,250,22.22222222222222,8.61111111111111,13.61111111111111,77.77777777777779,8.333333333333332,69.44444444444444
W00009680,396,91,44,47,305,15,290,22.97979797979798,11.11111111111111,11.868686868686869,77.02020202020202,3.787878787878788,73.23232323232324
W00009681,316,107,59,48,209,22,187,33.860759493670884,18.670886075949365,15.18987341772152,66.13924050632912,6.962025316455696,59.17721518987342
W00009682,366,121,73,48,245,18,227,33.060109289617486,19.94535519125683,13.114754098360656,66.93989071038251,4.918032786885246,62.02185792349727
W00009683,308,56,21,35,252,25,227,18.181818181818183,6.8181818181818175,11.363636363636363,81.81818181818183,8.116883116883116,73.7012987012987
W00009684,301,48,23,25,253,25,228,15.946843853820598,7.641196013289036,8.305647840531561,84.0531561461794,8.305647840531561,75.74750830564784
W00009686,313,56,29,27,257,28,229,17.89137380191693,9.26517571884984,8.626198083067091,82.10862619808307,8.945686900958465,73.1629392971246
W00009687,348,99,77,22,249,19,230,28.448275862068968,22.126436781609197,6.321839080459771,71.55172413793103,5.459770114942529,66.0919540229885
W00009688,299,53,12,41,246,27,219,17.725752508361204,4.013377926421405,13.712374581939798,82.2742474916388,9.03010033444816,73.24414715719062
W00009689,234,41,21,20,193,17,176,17.52136752136752,8.974358974358974,8.547008547008547,82.47863247863248,7.264957264957266,75.21367521367522
W00009690,449,99,64,35,350,19,331,22.048997772828507,14.253897550111358,7.795100222717149,77.9510022271715,4.231625835189309,73.71937639198218
W00009691,571,105,57,48,466,40,426,18.388791593695274,9.98248686514886,8.40630472854641,81.61120840630473,7.005253940455342,74.6059544658494
W00009692,356,68,24,44,288,28,260,19.101123595505616,6.741573033707865,12.359550561797752,80.89887640449437,7.865168539325842,73.03370786516854
W00009693,355,91,51,40,264,27,237,25.633802816901408,14.366197183098592,11.267605633802818,74.36619718309859,7.605633802816901,66.7605633802817
W00009694,236,69,41,28,167,11,156,29.23728813559322,17.372881355932204,11.864406779661017,70.76271186440678,4.661016949152542,66.10169491525424
W00009695,347,75,31,44,272,12,260,21.613832853025936,8.93371757925072,12.680115273775217,78.38616714697406,3.45821325648415,74.92795389048992
W00009696,301,61,27,34,240,25,215,20.26578073089701,8.970099667774086,11.295681063122924,79.734219269103,8.305647840531561,71.42857142857143
W00009697,303,89,45,44,214,15,199,29.372937293729372,14.85148514851485,14.521452145214523,70.62706270627062,4.9504950495049505,65.67656765676567
W00009698,267,64,27,37,203,23,180,23.970037453183522,10.112359550561797,13.857677902621724,76.02996254681648,8.614232209737828,67.41573033707866
W00009699,242,56,37,19,186,16,170,23.140495867768596,15.289256198347106,7.851239669421488,76.85950413223141,6.6115702479338845,70.24793388429752
W00009700,293,82,43,39,211,14,197,27.986348122866893,14.675767918088736,13.310580204778159,72.01365187713311,4.778156996587031,67.23549488054607
W00009701,216,61,30,31,155,14,141,28.240740740740737,13.88888888888889,14.351851851851851,71.75925925925925,6.481481481481481,65.27777777777779
W00009702,381,85,46,39,296,17,279,22.30971128608924,12.073490813648293,10.236220472440944,77.69028871391076,4.4619422572178475,73.22834645669292
W00009703,237,61,23,38,176,13,163,25.738396624472575,9.70464135021097,16.033755274261605,74.26160337552743,5.485232067510549,68.77637130801688
W00009704,331,88,51,37,243,18,225,26.586102719033235,15.407854984894259,11.178247734138973,73.41389728096676,5.438066465256798,67.97583081570997
W00009705,268,34,15,19,234,18,216,12.686567164179104,5.597014925373134,7.08955223880597,87.31343283582089,6.7164179104477615,80.59701492537313
W00009706,324,59,24,35,265,13,252,18.209876543209877,7.4074074074074066,10.802469135802468,81.79012345679013,4.012345679012346,77.77777777777779
W00009707,306,73,42,31,233,5,228,23.856209150326798,13.725490196078432,10.130718954248366,76.1437908496732,1.6339869281045754,74.50980392156863
W00009708,335,78,46,32,257,14,243,23.283582089552237,13.73134328358209,9.55223880597015,76.71641791044776,4.179104477611941,72.53731343283583
W00009710,386,156,106,50,230,16,214,40.41450777202073,27.461139896373055,12.953367875647666,59.58549222797927,4.145077720207254,55.44041450777202
W00009711,341,59,29,30,282,26,256,17.302052785923756,8.504398826979472,8.797653958944283,82.69794721407625,7.624633431085044,75.0733137829912
W00009712,291,98,48,50,193,16,177,33.67697594501718,16.49484536082474,17.18213058419244,66.32302405498281,5.498281786941581,60.824742268041234
W00009713,379,112,59,53,267,11,256,29.551451187335093,15.567282321899736,13.984168865435356,70.44854881266491,2.9023746701846966,67.54617414248021
W00009714,322,70,44,26,252,13,239,21.73913043478261,13.664596273291925,8.074534161490684,78.26086956521739,4.037267080745342,74.22360248447205
W00009715,387,98,55,43,289,13,276,25.32299741602067,14.21188630490956,11.11111111111111,74.67700258397933,3.359173126614987,71.31782945736434
W00009716,315,48,20,28,267,20,247,15.238095238095239,6.349206349206349,8.88888888888889,84.76190476190476,6.349206349206349,78.41269841269842
W00009717,281,46,21,25,235,32,203,16.370106761565836,7.473309608540925,8.896797153024911,83.62989323843416,11.387900355871885,72.24199288256227
W00009718,367,34,9,25,333,30,303,9.264305177111716,2.452316076294278,6.811989100817439,90.73569482288828,8.174386920980927,82.56130790190736
W00009719,329,83,40,43,246,19,227,25.227963525835868,12.158054711246201,13.069908814589665,74.77203647416414,5.775075987841945,68.9969604863222
W00009720,294,60,29,31,234,16,218,20.408163265306122,9.863945578231291,10.54421768707483,79.59183673469387,5.442176870748299,74.14965986394559
W00009721,258,63,24,39,195,19,176,24.418604651162788,9.30232558139535,15.11627906976744,75.5813953488372,7.3643410852713185,68.21705426356588
W00009722,282,37,13,24,245,30,215,13.120567375886525,4.609929078014184,8.51063829787234,86.87943262411348,10.638297872340425,76.24113475177306
W00009723,288,64,32,32,224,20,204,22.22222222222222,11.11111111111111,11.11111111111111,77.77777777777779,6.944444444444445,70.83333333333334
W00009724,334,42,9,33,292,30,262,12.574850299401197,2.694610778443114,9.880239520958083,87.42514970059881,8.982035928143713,78.44311377245509
W00009725,320,47,16,31,273,26,247,14.6875,5,9.6875,85.3125,8.125,77.1875
W00009726,334,52,20,32,282,20,262,15.568862275449103,5.9880239520958085,9.580838323353294,84.4311377245509,5.9880239520958085,78.44311377245509
W00009727,294,27,8,19,267,23,244,9.183673469387756,2.7210884353741496,6.462585034013606,90.81632653061224,7.8231292517006805,82.99319727891157
W00009728,317,62,29,33,255,16,239,19.558359621451103,9.14826498422713,10.410094637223976,80.4416403785489,5.047318611987381,75.39432176656152
W00009729,287,54,18,36,233,17,216,18.81533101045296,6.2717770034843205,12.543554006968641,81.18466898954703,5.923344947735192,75.26132404181185
W00009730,235,47,12,35,188,23,165,20,5.106382978723404,14.893617021276595,80,9.787234042553191,70.2127659574468
W00009731,259,52,23,29,207,23,184,20.077220077220076,8.880308880308881,11.196911196911197,79.92277992277992,8.880308880308881,71.04247104247105
W00009732,214,40,16,24,174,19,155,18.69158878504673,7.476635514018691,11.214953271028037,81.30841121495327,8.878504672897195,72.42990654205607
W00009733,290,45,21,24,245,15,230,15.517241379310345,7.241379310344828,8.275862068965518,84.48275862068965,5.172413793103448,79.3103448275862
W00009734,232,63,32,31,169,16,153,27.155172413793103,13.793103448275861,13.36206896551724,72.84482758620689,6.896551724137931,65.94827586206897
W00009735,536,83,36,47,453,43,410,15.485074626865671,6.7164179104477615,8.768656716417912,84.51492537313433,8.022388059701493,76.49253731343283
W00009736,300,46,21,25,254,26,228,15.333333333333332,7.000000000000001,8.333333333333332,84.66666666666667,8.666666666666668,76
W00009737,278,51,23,28,227,19,208,18.345323741007196,8.273381294964029,10.071942446043165,81.65467625899281,6.83453237410072,74.82014388489209
W00009738,279,49,19,30,230,26,204,17.562724014336915,6.810035842293908,10.75268817204301,82.43727598566308,9.31899641577061,73.11827956989248
W00009739,332,64,21,43,268,28,240,19.27710843373494,6.325301204819277,12.951807228915662,80.72289156626506,8.433734939759036,72.28915662650603
W00009740,461,103,53,50,358,27,331,22.342733188720175,11.496746203904555,10.84598698481562,77.65726681127983,5.856832971800434,71.8004338394794
W00009741,336,50,12,38,286,28,258,14.880952380952381,3.571428571428571,11.30952380952381,85.11904761904762,8.333333333333332,76.78571428571429
W00009742,273,51,22,29,222,31,191,18.681318681318682,8.058608058608058,10.622710622710622,81.31868131868131,11.355311355311356,69.96336996336996
W00009743,306,49,19,30,257,37,220,16.013071895424837,6.209150326797386,9.803921568627452,83.98692810457517,12.091503267973856,71.89542483660131
W00009744,238,86,48,38,152,12,140,36.134453781512605,20.168067226890756,15.966386554621847,63.86554621848739,5.042016806722689,58.82352941176471
W00009745,275,59,29,30,216,29,187,21.454545454545453,10.545454545454545,10.909090909090908,78.54545454545455,10.545454545454545,68
W00009746,306,53,24,29,253,16,237,17.320261437908496,7.8431372549019605,9.477124183006536,82.6797385620915,5.228758169934641,77.45098039215686
W00009747,267,51,19,32,216,32,184,19.101123595505616,7.116104868913857,11.985018726591761,80.89887640449437,11.985018726591761,68.91385767790263
W00009748,212,54,18,36,158,21,137,25.471698113207548,8.49056603773585,16.9811320754717,74.52830188679245,9.90566037735849,64.62264150943396
W00009749,359,56,18,38,303,43,260,15.598885793871867,5.013927576601671,10.584958217270195,84.40111420612814,11.977715877437326,72.42339832869081
W00009750,277,52,26,26,225,28,197,18.772563176895307,9.386281588447654,9.386281588447654,81.2274368231047,10.108303249097473,71.11913357400722
W00009751,437,49,13,36,388,43,345,11.212814645308924,2.9748283752860414,8.237986270022883,88.78718535469108,9.839816933638444,78.94736842105263
W00009752,129,53,25,28,76,11,65,41.08527131782946,19.379844961240313,21.705426356589147,58.91472868217055,8.527131782945736,50.3875968992248
W00009753,199,38,14,24,161,25,136,19.09547738693467,7.035175879396985,12.060301507537687,80.90452261306532,12.562814070351758,68.34170854271356
W00009754,182,59,31,28,123,16,107,32.417582417582416,17.032967032967033,15.384615384615385,67.58241758241759,8.791208791208792,58.791208791208796
W00009755,260,35,13,22,225,28,197,13.461538461538462,5,8.461538461538462,86.53846153846155,10.76923076923077,75.76923076923077
W00009756,201,55,27,28,146,23,123,27.363184079601986,13.432835820895523,13.930348258706468,72.636815920398,11.442786069651742,61.19402985074627
W00009757,328,50,17,33,278,24,254,15.24390243902439,5.182926829268292,10.060975609756099,84.7560975609756,7.317073170731707,77.4390243902439
W00009758,314,45,14,31,269,23,246,14.331210191082802,4.45859872611465,9.872611464968154,85.6687898089172,7.32484076433121,78.343949044586
W00009759,258,57,24,33,201,16,185,22.093023255813954,9.30232558139535,12.790697674418606,77.90697674418605,6.2015503875969,71.70542635658916
W00009760,327,70,33,37,257,26,231,21.406727828746178,10.091743119266056,11.314984709480122,78.59327217125383,7.951070336391437,70.64220183486239
W00009761,314,52,14,38,262,37,225,16.560509554140125,4.45859872611465,12.101910828025478,83.43949044585987,11.78343949044586,71.656050955414
W00009762,360,75,56,19,285,31,254,20.833333333333336,15.555555555555555,5.277777777777778,79.16666666666666,8.61111111111111,70.55555555555556
W00009763,290,39,11,28,251,28,223,13.448275862068964,3.793103448275862,9.655172413793103,86.55172413793103,9.655172413793103,76.89655172413794
W00009764,263,59,27,32,204,19,185,22.433460076045627,10.26615969581749,12.167300380228136,77.56653992395437,7.224334600760455,70.34220532319392
W00009765,279,52,26,26,227,23,204,18.63799283154122,9.31899641577061,9.31899641577061,81.36200716845879,8.24372759856631,73.11827956989248
W00009766,284,65,23,42,219,29,190,22.887323943661972,8.098591549295776,14.788732394366196,77.11267605633803,10.211267605633804,66.90140845070422
W00009767,328,35,8,27,293,37,256,10.670731707317072,2.4390243902439024,8.231707317073171,89.32926829268293,11.28048780487805,78.04878048780488
W00009768,282,74,22,52,208,17,191,26.24113475177305,7.801418439716312,18.439716312056735,73.75886524822694,6.028368794326241,67.73049645390071
W00009769,203,73,36,37,130,12,118,35.960591133004925,17.733990147783253,18.226600985221676,64.03940886699507,5.911330049261084,58.128078817733986
W00009982,1569,416,174,242,1153,96,1057,26.51370299553856,11.089866156787762,15.423836838750796,73.48629700446145,6.118546845124283,67.36775015933716
W00009983,607,115,37,78,492,26,466,18.945634266886326,6.095551894563426,12.850082372322898,81.05436573311367,4.2833607907743,76.77100494233937
W00009985,367,93,32,61,274,20,254,25.340599455040874,8.71934604904632,16.62125340599455,74.65940054495913,5.449591280653951,69.20980926430518
W00010115,897,101,13,88,796,69,727,11.259754738015609,1.4492753623188406,9.810479375696767,88.7402452619844,7.6923076923076925,81.04793756967669
W00010116,225,22,6,16,203,16,187,9.777777777777779,2.666666666666667,7.111111111111111,90.22222222222223,7.111111111111111,83.11111111111111
W00010118,336,50,14,36,286,20,266,14.880952380952381,4.166666666666666,10.714285714285714,85.11904761904762,5.952380952380952,79.16666666666666
W00010119,661,98,23,75,563,56,507,14.826021180030258,3.479576399394856,11.346444780635402,85.17397881996975,8.472012102874432,76.70196671709532
W00010120,290,50,23,27,240,15,225,17.24137931034483,7.931034482758621,9.310344827586208,82.75862068965517,5.172413793103448,77.58620689655173
W00010121,184,15,3,12,169,17,152,8.152173913043478,1.6304347826086956,6.521739130434782,91.84782608695652,9.239130434782608,82.6086956521739
W00010122,239,51,23,28,188,9,179,21.338912133891213,9.623430962343097,11.715481171548117,78.66108786610879,3.765690376569038,74.89539748953975
W00010123,367,63,31,32,304,30,274,17.166212534059948,8.446866485013624,8.71934604904632,82.83378746594006,8.174386920980927,74.65940054495913
W00010124,278,91,70,21,187,7,180,32.73381294964029,25.179856115107913,7.553956834532374,67.26618705035972,2.5179856115107913,64.74820143884892
W00010125,390,52,7,45,338,32,306,13.333333333333334,1.7948717948717947,11.538461538461538,86.66666666666667,8.205128205128204,78.46153846153847
W00010127,253,55,12,43,198,18,180,21.73913043478261,4.743083003952568,16.99604743083004,78.26086956521739,7.114624505928854,71.14624505928853
W00010128,669,78,27,51,591,56,535,11.659192825112108,4.0358744394618835,7.623318385650224,88.34080717488789,8.370702541106128,79.97010463378177
W00010129,171,16,1,15,155,13,142,9.35672514619883,0.5847953216374269,8.771929824561402,90.64327485380117,7.602339181286549,83.04093567251462
W00010130,437,65,28,37,372,33,339,14.874141876430205,6.407322654462242,8.466819221967963,85.1258581235698,7.551487414187644,77.57437070938215
W00010131,364,18,7,11,346,10,336,4.945054945054945,1.9230769230769231,3.021978021978022,95.05494505494505,2.7472527472527473,92.3076923076923
W00010132,208,26,7,19,182,14,168,12.5,3.3653846153846154,9.134615384615383,87.5,6.730769230769231,80.76923076923077
W00010133,315,30,3,27,285,30,255,9.523809523809524,0.9523809523809524,8.571428571428571,90.47619047619048,9.523809523809524,80.95238095238095
W00010134,284,35,15,20,249,16,233,12.323943661971832,5.28169014084507,7.042253521126761,87.67605633802818,5.633802816901409,82.04225352112677
W00010135,391,40,14,26,351,35,316,10.230179028132993,3.580562659846547,6.649616368286446,89.769820971867,8.951406649616368,80.81841432225065
W00010136,284,58,24,34,226,14,212,20.422535211267608,8.450704225352112,11.971830985915492,79.5774647887324,4.929577464788732,74.64788732394366
W00010137,340,18,5,13,322,12,310,5.294117647058823,1.4705882352941175,3.823529411764706,94.70588235294117,3.5294117647058822,91.17647058823529
W00010138,356,38,12,26,318,24,294,10.674157303370785,3.3707865168539324,7.303370786516854,89.32584269662921,6.741573033707865,82.58426966292134
W00010139,300,24,6,18,276,35,241,8,2,6,92,11.666666666666666,80.33333333333333
W00010140,460,63,27,36,397,28,369,13.695652173913043,5.869565217391305,7.82608695652174,86.30434782608695,6.086956521739131,80.21739130434783
W00010141,172,31,5,26,141,12,129,18.023255813953487,2.9069767441860463,15.11627906976744,81.97674418604652,6.976744186046512,75
W00010142,320,85,37,48,235,19,216,26.5625,11.5625,15,73.4375,5.9375,67.5
W00010143,281,27,6,21,254,20,234,9.608540925266903,2.135231316725979,7.473309608540925,90.39145907473309,7.11743772241993,83.27402135231317
W00010146,325,48,17,31,277,23,254,14.76923076923077,5.230769230769231,9.538461538461538,85.23076923076923,7.076923076923077,78.15384615384615
W00010147,238,30,13,17,208,31,177,12.605042016806722,5.46218487394958,7.142857142857142,87.39495798319328,13.025210084033615,74.36974789915966
W00010148,167,30,17,13,137,13,124,17.964071856287426,10.179640718562874,7.784431137724551,82.03592814371258,7.784431137724551,74.25149700598801
W00010149,364,30,13,17,334,18,316,8.241758241758241,3.571428571428571,4.670329670329671,91.75824175824175,4.945054945054945,86.81318681318682
W00010151,333,40,19,21,293,23,270,12.012012012012011,5.7057057057057055,6.306306306306306,87.98798798798799,6.906906906906906,81.08108108108108
W00010152,413,45,21,24,368,25,343,10.895883777239709,5.084745762711865,5.811138014527845,89.10411622276028,6.053268765133172,83.05084745762711
W00010153,235,28,7,21,207,12,195,11.914893617021278,2.9787234042553195,8.936170212765958,88.08510638297872,5.106382978723404,82.97872340425532
W00010154,285,45,14,31,240,9,231,15.789473684210526,4.912280701754386,10.87719298245614,84.21052631578947,3.1578947368421053,81.05263157894737
W00010155,232,41,17,24,191,15,176,17.67241379310345,7.327586206896551,10.344827586206897,82.32758620689656,6.4655172413793105,75.86206896551724
W00010156,191,19,2,17,172,15,157,9.947643979057592,1.0471204188481675,8.900523560209423,90.0523560209424,7.853403141361256,82.19895287958116
W00010157,318,35,17,18,283,24,259,11.0062893081761,5.345911949685535,5.660377358490567,88.9937106918239,7.547169811320755,81.44654088050315
W00010158,347,38,11,27,309,27,282,10.951008645533141,3.170028818443804,7.780979827089338,89.04899135446685,7.780979827089338,81.26801152737752
W00010159,496,61,21,40,435,40,395,12.298387096774194,4.233870967741935,8.064516129032258,87.70161290322581,8.064516129032258,79.63709677419355
W00010160,191,23,7,16,168,17,151,12.041884816753926,3.664921465968586,8.37696335078534,87.95811518324608,8.900523560209423,79.05759162303664
W00010161,292,31,9,22,261,29,232,10.616438356164384,3.0821917808219177,7.534246575342466,89.38356164383562,9.931506849315069,79.45205479452055
W00010162,275,48,22,26,227,24,203,17.454545454545457,8,9.454545454545455,82.54545454545455,8.727272727272728,73.81818181818181
W00010163,369,39,20,19,330,28,302,10.569105691056912,5.420054200542006,5.149051490514905,89.43089430894308,7.588075880758807,81.84281842818429
W00010164,216,25,4,21,191,24,167,11.574074074074074,1.8518518518518516,9.722222222222223,88.42592592592592,11.11111111111111,77.31481481481481
W00010165,392,56,25,31,336,19,317,14.285714285714285,6.377551020408164,7.908163265306123,85.71428571428571,4.846938775510204,80.86734693877551
W00010166,303,37,15,22,266,21,245,12.211221122112212,4.9504950495049505,7.2607260726072615,87.78877887788778,6.9306930693069315,80.85808580858085
W00010167,188,25,2,23,163,5,158,13.297872340425531,1.0638297872340425,12.23404255319149,86.70212765957447,2.6595744680851063,84.04255319148936
W00010168,247,37,8,29,210,17,193,14.979757085020243,3.2388663967611335,11.740890688259109,85.02024291497976,6.882591093117409,78.13765182186235
W00010169,446,170,106,64,276,12,264,38.11659192825112,23.766816143497756,14.349775784753364,61.88340807174888,2.690582959641256,59.19282511210763
W00010170,197,42,23,19,155,9,146,21.31979695431472,11.6751269035533,9.644670050761421,78.68020304568529,4.568527918781726,74.11167512690355
W00010171,290,31,16,15,259,19,240,10.689655172413794,5.517241379310345,5.172413793103448,89.3103448275862,6.551724137931035,82.75862068965517
W00010172,351,49,30,19,302,16,286,13.96011396011396,8.547008547008547,5.413105413105413,86.03988603988604,4.5584045584045585,81.48148148148148
W00010173,259,32,13,19,227,7,220,12.355212355212355,5.019305019305019,7.335907335907336,87.64478764478764,2.7027027027027026,84.94208494208493
W00010174,254,35,11,24,219,18,201,13.779527559055119,4.330708661417323,9.448818897637794,86.22047244094489,7.086614173228346,79.13385826771653
W00010175,207,57,19,38,150,12,138,27.536231884057973,9.178743961352657,18.357487922705314,72.46376811594203,5.797101449275362,66.66666666666666
W00010176,367,53,21,32,314,28,286,14.441416893732969,5.722070844686648,8.71934604904632,85.55858310626702,7.629427792915531,77.9291553133515
W00010179,455,108,64,44,347,19,328,23.736263736263734,14.065934065934066,9.6703296703296715,76.26373626373626,4.175824175824175,72.08791208791209
W00010180,348,42,20,22,306,26,280,12.068965517241379,5.747126436781609,6.321839080459771,87.93103448275862,7.471264367816093,80.45977011494253
W00010181,243,31,11,20,212,12,200,12.757201646090536,4.526748971193416,8.23045267489712,87.24279835390946,4.938271604938271,82.3045267489712
W00010182,347,32,6,26,315,21,294,9.221902017291066,1.729106628242075,7.492795389048991,90.77809798270894,6.051873198847262,84.72622478386167
W00010183,377,48,19,29,329,26,303,12.73209549071618,5.039787798408488,7.6923076923076925,87.26790450928382,6.896551724137931,80.37135278514589
W00010184,289,37,15,22,252,21,231,12.802768166089965,5.190311418685121,7.612456747404845,87.19723183391004,7.26643598615917,79.93079584775087
W00010185,300,41,12,29,259,19,240,13.666666666666666,4,9.666666666666666,86.33333333333333,6.333333333333334,80
W00010186,181,20,4,16,161,10,151,11.049723756906078,2.209944751381215,8.83977900552486,88.95027624309392,5.524861878453039,83.42541436464089
W00010187,393,58,14,44,335,31,304,14.75826972010178,3.5623409669211195,11.195928753180661,85.24173027989822,7.888040712468193,77.35368956743002
W00010188,143,17,6,11,126,11,115,11.888111888111888,4.195804195804196,7.6923076923076925,88.11188811188812,7.6923076923076925,80.41958041958041
W00010189,275,24,5,19,251,13,238,8.727272727272728,1.8181818181818181,6.909090909090909,91.27272727272727,4.7272727272727275,86.54545454545455
W00010190,308,61,24,37,247,23,224,19.805194805194805,7.792207792207792,12.012987012987013,80.1948051948052,7.467532467532467,72.72727272727273
W00010191,187,23,2,21,164,11,153,12.299465240641712,1.06951871657754,11.229946524064172,87.70053475935828,5.88235294117647,81.81818181818183
W00010192,499,59,21,38,440,44,396,11.823647294589177,4.208416833667335,7.615230460921844,88.17635270541082,8.817635270541082,79.35871743486975
W00010193,323,99,75,24,224,19,205,30.65015479876161,23.219814241486066,7.430340557275541,69.3498452012384,5.88235294117647,63.46749226006192
W00010194,369,55,14,41,314,36,278,14.905149051490515,3.7940379403794036,11.11111111111111,85.09485094850947,9.75609756097561,75.33875338753387
W00010195,158,14,3,11,144,15,129,8.860759493670885,1.89873417721519,6.962025316455696,91.13924050632912,9.49367088607595,81.64556962025317
W00010196,171,14,3,11,157,9,148,8.187134502923977,1.7543859649122806,6.432748538011696,91.81286549707602,5.263157894736842,86.54970760233918
W00010197,190,24,4,20,166,20,146,12.631578947368421,2.1052631578947367,10.526315789473683,87.36842105263159,10.526315789473683,76.84210526315789
W00010198,274,32,17,15,242,13,229,11.678832116788321,6.204379562043796,5.474452554744526,88.32116788321169,4.744525547445255,83.57664233576642
W00010199,262,45,21,24,217,25,192,17.17557251908397,8.015267175572518,9.16030534351145,82.82442748091603,9.541984732824428,73.2824427480916
W00010200,252,31,8,23,221,14,207,12.3015873015873,3.1746031746031744,9.126984126984127,87.6984126984127,5.555555555555555,82.14285714285714
W00010201,241,28,11,17,213,23,190,11.618257261410788,4.564315352697095,7.053941908713693,88.38174273858921,9.54356846473029,78.83817427385893
W00010202,219,26,8,18,193,21,172,11.87214611872146,3.65296803652968,8.21917808219178,88.12785388127854,9.58904109589041,78.53881278538812
W00010203,192,40,22,18,152,15,137,20.833333333333336,11.458333333333332,9.375,79.16666666666666,7.8125,71.35416666666666
W00010204,235,19,0,19,216,18,198,8.085106382978724,0,8.085106382978724,91.91489361702128,7.659574468085106,84.25531914893617
W00010205,688,75,12,63,613,40,573,10.901162790697674,1.744186046511628,9.156976744186046,89.09883720930233,5.813953488372093,83.28488372093024
W00010206,242,43,20,23,199,13,186,17.768595041322314,8.264462809917356,9.50413223140496,82.23140495867769,5.371900826446281,76.85950413223141
W00010207,435,38,11,27,397,18,379,8.735632183908045,2.528735632183908,6.206896551724138,91.26436781609195,4.137931034482759,87.1264367816092
W00010208,199,21,4,17,178,10,168,10.552763819095476,2.0100502512562812,8.542713567839195,89.44723618090453,5.025125628140704,84.42211055276381
W00010210,142,29,10,19,113,8,105,20.422535211267608,7.042253521126761,13.380281690140844,79.5774647887324,5.633802816901409,73.94366197183099
W00010211,156,17,5,12,139,11,128,10.897435897435898,3.205128205128205,7.6923076923076925,89.1025641025641,7.051282051282051,82.05128205128204
W00010212,112,38,25,13,74,5,69,33.92857142857143,22.321428571428573,11.607142857142858,66.07142857142857,4.464285714285714,61.60714285714286
W00010213,135,29,8,21,106,9,97,21.48148148148148,5.9259259259259265,15.555555555555555,78.51851851851852,6.666666666666667,71.85185185185186
W00010214,282,36,15,21,246,14,232,12.76595744680851,5.319148936170213,7.446808510638298,87.2340425531915,4.964539007092199,82.26950354609929
W00010215,231,33,13,20,198,21,177,14.285714285714285,5.627705627705628,8.658008658008658,85.71428571428571,9.090909090909092,76.62337662337663
W00010216,234,26,12,14,208,19,189,11.11111111111111,5.128205128205128,5.982905982905983,88.88888888888889,8.11965811965812,80.76923076923077
W00010217,259,61,27,34,198,14,184,23.552123552123554,10.424710424710424,13.127413127413126,76.44787644787645,5.405405405405405,71.04247104247105
W00010218,221,31,10,21,190,15,175,14.027149321266968,4.524886877828054,9.502262443438914,85.97285067873304,6.787330316742081,79.18552036199095
W00010219,326,50,10,40,276,12,264,15.337423312883436,3.067484662576687,12.269938650306749,84.66257668711657,3.6809815950920246,80.98159509202453
W00010221,290,51,16,35,239,17,222,17.586206896551722,5.517241379310345,12.068965517241379,82.41379310344827,5.862068965517241,76.55172413793103
W00010222,329,43,24,19,286,24,262,13.069908814589665,7.29483282674772,5.775075987841945,86.93009118541033,7.29483282674772,79.63525835866263
W00010223,913,159,34,125,754,81,673,17.41511500547645,3.723986856516977,13.691128148959475,82.58488499452355,8.87185104052574,73.71303395399781
W00010224,205,22,9,13,183,7,176,10.731707317073171,4.390243902439024,6.341463414634147,89.26829268292683,3.414634146341464,85.85365853658537
W00010225,258,29,8,21,229,16,213,11.24031007751938,3.10077519379845,8.13953488372093,88.75968992248062,6.2015503875969,82.55813953488372
W00010227,276,50,18,32,226,14,212,18.115942028985508,6.521739130434782,11.594202898550725,81.88405797101449,5.072463768115942,76.81159420289855
W00010228,353,25,2,23,328,36,292,7.0821529745042495,0.56657223796034,6.515580736543909,92.91784702549575,10.198300283286118,82.71954674220963
W00010229,194,40,14,26,154,12,142,20.618556701030926,7.216494845360824,13.402061855670103,79.38144329896907,6.185567010309279,73.19587628865979
W00010230,140,9,0,9,131,15,116,6.428571428571428,0,6.428571428571428,93.57142857142857,10.714285714285714,82.85714285714286
W00010231,263,26,6,20,237,19,218,9.885931558935361,2.2813688212927756,7.604562737642586,90.11406844106465,7.224334600760455,82.88973384030417
W00010232,101,16,9,7,85,4,81,15.841584158415841,8.91089108910891,6.9306930693069315,84.15841584158416,3.9603960396039604,80.19801980198021
W00010363,174,39,10,29,135,11,124,22.413793103448278,5.747126436781609,16.666666666666664,77.58620689655173,6.321839080459771,71.26436781609196
W00010497,1728,204,49,155,1524,135,1389,11.805555555555555,2.8356481481481484,8.969907407407407,88.19444444444444,7.8125,80.38194444444444
W00010498,1494,213,59,154,1281,93,1188,14.257028112449799,3.9491298527443104,10.307898259705489,85.7429718875502,6.2248995983935735,79.51807228915662
W00010500,249,38,10,28,211,14,197,15.261044176706829,4.016064257028113,11.244979919678714,84.73895582329317,5.622489959839357,79.11646586345381
W00010502,249,35,16,19,214,11,203,14.056224899598394,6.425702811244979,7.630522088353414,85.94377510040161,4.417670682730924,81.52610441767068
W00010510,117,23,10,13,94,6,88,19.65811965811966,8.547008547008547,11.11111111111111,80.34188034188034,5.128205128205128,75.21367521367522
W00010517,283,51,16,35,232,27,205,18.021201413427562,5.6537102473498235,12.36749116607774,81.97879858657244,9.540636042402827,72.43816254416961
W00010519,615,103,20,83,512,55,457,16.7479674796748,3.2520325203252036,13.495934959349592,83.2520325203252,8.94308943089431,74.30894308943088
W00010522,328,23,6,17,305,33,272,7.01219512195122,1.8292682926829267,5.182926829268292,92.98780487804879,10.060975609756099,82.92682926829268
W00010523,186,33,16,17,153,11,142,17.741935483870968,8.60215053763441,9.13978494623656,82.25806451612904,5.913978494623656,76.34408602150538
W00010526,277,41,18,23,236,22,214,14.801444043321299,6.4981949458483745,8.303249097472925,85.1985559566787,7.9422382671480145,77.25631768953069
W00010528,394,50,10,40,344,18,326,12.690355329949238,2.5380710659898478,10.152284263959391,87.30964467005076,4.568527918781726,82.74111675126903
W00010529,139,25,4,21,114,5,109,17.985611510791365,2.877697841726619,15.107913669064748,82.01438848920863,3.5971223021582732,78.41726618705036
W00010534,333,52,20,32,281,25,256,15.615615615615615,6.006006006006006,9.60960960960961,84.38438438438438,7.5075075075075075,76.87687687687688
W00010535,362,40,16,24,322,28,294,11.049723756906078,4.41988950276243,6.629834254143646,88.95027624309392,7.734806629834254,81.21546961325967
W00010536,355,64,15,49,291,19,272,18.028169014084508,4.225352112676056,13.802816901408452,81.97183098591549,5.352112676056338,76.61971830985915
W00010537,218,37,19,18,181,16,165,16.972477064220186,8.715596330275229,8.256880733944955,83.02752293577981,7.339449541284404,75.68807339449542
W00010538,336,18,2,16,318,21,297,5.357142857142857,0.5952380952380952,4.761904761904762,94.64285714285714,6.25,88.39285714285714
W00010541,800,168,64,104,632,40,592,21,8,13,79,5,74
W00010542,186,48,37,11,138,8,130,25.806451612903224,19.892473118279568,5.913978494623656,74.19354838709677,4.301075268817205,69.89247311827957
W00010546,237,20,8,12,217,17,200,8.438818565400844,3.375527426160337,5.063291139240507,91.56118143459916,7.172995780590717,84.38818565400844
W00010549,275,62,28,34,213,24,189,22.545454545454547,10.181818181818182,12.363636363636363,77.45454545454545,8.727272727272728,68.72727272727272
W00010552,260,26,10,16,234,26,208,10,3.8461538461538463,6.153846153846154,90,10,80
W00010556,215,17,3,14,198,15,183,7.906976744186046,1.3953488372093024,6.511627906976744,92.09302325581396,6.976744186046512,85.11627906976744
W00010558,306,48,23,25,258,24,234,15.686274509803921,7.516339869281046,8.169934640522875,84.31372549019608,7.8431372549019605,76.47058823529412
W00010559,515,77,22,55,438,31,407,14.951456310679612,4.271844660194175,10.679611650485436,85.04854368932038,6.019417475728155,79.02912621359224
W00010560,288,59,27,32,229,16,213,20.48611111111111,9.375,11.11111111111111,79.51388888888889,5.555555555555555,73.95833333333334
W00010562,353,23,4,19,330,17,313,6.515580736543909,1.13314447592068,5.382436260623229,93.48441926345609,4.815864022662889,88.6685552407932
W00010568,402,67,19,48,335,31,304,16.666666666666664,4.72636815920398,11.940298507462686,83.33333333333334,7.711442786069651,75.62189054726367
W00010569,507,67,15,52,440,38,402,13.214990138067062,2.9585798816568047,10.256410256410255,86.78500986193293,7.495069033530571,79.28994082840237
W00010572,147,18,6,12,129,15,114,12.244897959183673,4.081632653061225,8.16326530612245,87.75510204081633,10.204081632653061,77.55102040816327
W00010573,368,40,14,26,328,24,304,10.869565217391305,3.804347826086957,7.065217391304348,89.13043478260869,6.521739130434782,82.6086956521739
W00010574,243,32,12,20,211,22,189,13.168724279835391,4.938271604938271,8.23045267489712,86.83127572016461,9.053497942386832,77.77777777777779
W00010579,278,37,15,22,241,23,218,13.309352517985612,5.39568345323741,7.913669064748201,86.6906474820144,8.273381294964029,78.41726618705036
W00010580,619,142,39,103,477,39,438,22.940226171243943,6.30048465266559,16.63974151857835,77.05977382875606,6.30048465266559,70.75928917609046
W00010581,164,20,11,9,144,9,135,12.195121951219512,6.707317073170732,5.487804878048781,87.8048780487805,5.487804878048781,82.3170731707317
W00010584,333,56,14,42,277,20,257,16.816816816816818,4.2042042042042045,12.612612612612612,83.18318318318319,6.006006006006006,77.17717717717719
W00010585,279,51,24,27,228,9,219,18.27956989247312,8.60215053763441,9.67741935483871,81.72043010752688,3.225806451612903,78.49462365591397
W00010586,263,26,7,19,237,16,221,9.885931558935361,2.6615969581749046,7.224334600760455,90.11406844106465,6.083650190114068,84.03041825095056
W00010587,460,68,29,39,392,22,370,14.782608695652174,6.304347826086956,8.478260869565217,85.21739130434783,4.782608695652174,80.43478260869566
W00010589,100,78,55,23,22,2,20,78,55.00000000000001,23,22,2,20
W00010594,308,49,23,26,259,26,233,15.909090909090908,7.467532467532467,8.441558441558442,84.0909090909091,8.441558441558442,75.64935064935064
W00010595,309,22,4,18,287,22,265,7.119741100323624,1.2944983818770228,5.825242718446602,92.88025889967638,7.119741100323624,85.76051779935275
W00010596,303,51,29,22,252,20,232,16.831683168316832,9.570957095709572,7.2607260726072615,83.16831683168317,6.6006600660066,76.56765676567657
W00010597,218,72,46,26,146,15,131,33.02752293577982,21.100917431192663,11.926605504587156,66.97247706422019,6.8807339449541285,60.09174311926605
W00010600,286,32,9,23,254,18,236,11.188811188811188,3.146853146853147,8.041958041958042,88.81118881118881,6.293706293706294,82.51748251748252
W00010601,145,12,2,10,133,10,123,8.275862068965518,1.3793103448275863,6.896551724137931,91.72413793103448,6.896551724137931,84.82758620689656
W00010602,291,61,28,33,230,22,208,20.962199312714777,9.621993127147768,11.34020618556701,79.03780068728523,7.560137457044673,71.47766323024055
W00010603,622,45,15,30,577,41,536,7.234726688102894,2.4115755627009645,4.823151125401929,92.7652733118971,6.591639871382636,86.17363344051448
W00010612,226,21,7,14,205,14,191,9.29203539823009,3.0973451327433628,6.1946902654867255,90.7079646017699,6.1946902654867255,84.51327433628319
W00010613,323,40,21,19,283,25,258,12.38390092879257,6.5015479876160995,5.88235294117647,87.61609907120743,7.739938080495357,79.87616099071208
W00010615,287,36,11,25,251,19,232,12.543554006968641,3.8327526132404177,8.710801393728223,87.45644599303137,6.620209059233449,80.8362369337979
W00010623,277,79,48,31,198,13,185,28.51985559566787,17.328519855595665,11.191335740072201,71.48014440433214,4.693140794223827,66.78700361010831
W00010626,289,55,16,39,234,25,209,19.031141868512112,5.536332179930796,13.494809688581316,80.96885813148789,8.650519031141869,72.31833910034602
W00010629,283,43,20,23,240,19,221,15.19434628975265,7.06713780918728,8.12720848056537,84.80565371024736,6.713780918727916,78.09187279151944
W00010630,519,55,13,42,464,32,432,10.597302504816955,2.5048169556840074,8.092485549132949,89.40269749518305,6.165703275529865,83.23699421965318
W00010631,292,17,9,8,275,20,255,5.821917808219178,3.0821917808219177,2.73972602739726,94.17808219178082,6.8493150684931505,87.32876712328768
W00010633,484,55,8,47,429,28,401,11.363636363636363,1.6528925619834711,9.710743801652892,88.63636363636364,5.785123966942149,82.85123966942149
W00010635,197,53,36,17,144,5,139,26.903553299492383,18.274111675126903,8.629441624365482,73.09644670050761,2.5380710659898478,70.55837563451777
W00010636,279,28,7,21,251,25,226,10.03584229390681,2.5089605734767026,7.526881720430108,89.96415770609319,8.960573476702509,81.00358422939068
W00010638,199,31,7,24,168,27,141,15.577889447236181,3.5175879396984926,12.060301507537687,84.42211055276381,13.5678391959799,70.85427135678391
W00010639,359,104,56,48,255,11,244,28.969359331476323,15.598885793871867,13.370473537604457,71.03064066852369,3.064066852367688,67.96657381615599
W00010640,370,62,27,35,308,23,285,16.756756756756758,7.297297297297297,9.45945945945946,83.24324324324324,6.216216216216217,77.02702702702703
W00010641,547,69,17,52,478,67,411,12.614259597806216,3.1078610603290677,9.506398537477148,87.38574040219378,12.248628884826324,75.13711151736746
W00010643,337,75,42,33,262,10,252,22.255192878338278,12.462908011869436,9.792284866468842,77.74480712166172,2.967359050445104,74.77744807121661
W00010644,317,16,3,13,301,26,275,5.047318611987381,0.9463722397476341,4.100946372239748,94.95268138801262,8.201892744479496,86.75078864353313
W00010645,286,90,51,39,196,15,181,31.46853146853147,17.832167832167833,13.636363636363635,68.53146853146853,5.244755244755245,63.286713286713294
W00010646,376,32,5,27,344,25,319,8.51063829787234,1.3297872340425532,7.180851063829788,91.48936170212765,6.648936170212766,84.8404255319149
W00010648,363,35,7,28,328,26,302,9.641873278236915,1.9283746556473829,7.7134986225895315,90.35812672176309,7.162534435261708,83.19559228650138
W00010649,131,21,13,8,110,12,98,16.030534351145036,9.923664122137405,6.106870229007633,83.96946564885496,9.16030534351145,74.80916030534351
