OA,ts0590001,ts0590002,ts0590003,ts0590004,ts0590005,ts0590006,ts0590007,ts0590002_PCT,ts0590003_PCT,ts0590004_PCT,ts0590005_PCT,ts0590006_PCT,ts0590007_PCT
W00008779,133,46,11,35,87,80,7,34.58646616541353,8.270676691729323,26.31578947368421,65.41353383458647,60.150375939849624,5.263157894736842
W00008780,229,68,20,48,161,141,20,29.694323144104807,8.73362445414847,20.96069868995633,70.3056768558952,61.572052401746724,8.73362445414847
W00008781,225,66,29,37,159,139,20,29.333333333333332,12.88888888888889,16.444444444444446,70.66666666666667,61.77777777777778,8.88888888888889
W00008782,185,54,18,36,131,117,14,29.18918918918919,9.72972972972973,19.45945945945946,70.8108108108108,63.24324324324324,7.567567567567568
W00008784,182,68,22,46,114,110,4,37.362637362637365,12.087912087912088,25.274725274725274,62.637362637362635,60.43956043956044,2.197802197802198
W00008785,207,60,26,34,147,132,15,28.985507246376812,12.560386473429952,16.425120772946862,71.01449275362319,63.76811594202898,7.246376811594203
W00008786,145,60,20,40,85,80,5,41.37931034482759,13.793103448275861,27.586206896551722,58.620689655172406,55.172413793103445,3.4482758620689653
W00008788,178,54,15,39,124,112,12,30.337078651685395,8.426966292134832,21.910112359550563,69.66292134831461,62.92134831460674,6.741573033707865
W00008789,113,49,12,37,64,61,3,43.36283185840708,10.619469026548673,32.743362831858406,56.63716814159292,53.98230088495575,2.6548672566371683
W00008790,129,53,21,32,76,66,10,41.08527131782946,16.27906976744186,24.8062015503876,58.91472868217055,51.162790697674424,7.751937984496124
W00008791,68,31,12,19,37,37,0,45.588235294117645,17.647058823529413,27.941176470588236,54.41176470588235,54.41176470588235,0
W00008792,136,46,17,29,90,77,13,33.82352941176471,12.5,21.323529411764707,66.17647058823529,56.61764705882353,9.558823529411764
W00008794,224,82,29,53,142,130,12,36.607142857142854,12.946428571428573,23.660714285714285,63.39285714285714,58.03571428571429,5.357142857142857
W00008795,207,55,17,38,152,139,13,26.570048309178745,8.212560386473431,18.357487922705314,73.42995169082126,67.14975845410628,6.280193236714976
W00008797,188,56,14,42,132,123,9,29.78723404255319,7.446808510638298,22.340425531914892,70.2127659574468,65.42553191489363,4.787234042553192
W00008798,214,70,21,49,144,132,12,32.71028037383177,9.813084112149532,22.897196261682243,67.28971962616822,61.6822429906542,5.607476635514018
W00008799,200,61,29,32,139,122,17,30.5,14.499999999999998,16,69.5,61,8.5
W00008800,178,48,16,32,130,124,6,26.96629213483146,8.98876404494382,17.97752808988764,73.03370786516854,69.66292134831461,3.3707865168539324
W00008801,176,58,21,37,118,109,9,32.95454545454545,11.931818181818182,21.022727272727273,67.04545454545455,61.93181818181818,5.113636363636364
W00008803,199,61,22,39,138,117,21,30.65326633165829,11.055276381909549,19.597989949748744,69.34673366834171,58.79396984924623,10.552763819095476
W00008804,255,58,25,33,197,177,20,22.745098039215687,9.803921568627452,12.941176470588237,77.25490196078432,69.41176470588235,7.8431372549019605
W00008807,257,60,21,39,197,170,27,23.346303501945524,8.171206225680933,15.17509727626459,76.65369649805449,66.14785992217898,10.505836575875486
W00008811,169,21,7,14,148,135,13,12.42603550295858,4.142011834319527,8.284023668639055,87.57396449704143,79.88165680473372,7.6923076923076925
W00008813,192,36,15,21,156,137,19,18.75,7.8125,10.9375,81.25,71.35416666666666,9.895833333333332
W00008814,105,53,16,37,52,47,5,50.476190476190474,15.238095238095239,35.23809523809524,49.523809523809526,44.761904761904766,4.761904761904762
W00008816,135,51,25,26,84,68,16,37.77777777777778,18.51851851851852,19.25925925925926,62.22222222222222,50.37037037037037,11.851851851851853
W00008817,99,48,17,31,51,47,4,48.484848484848484,17.17171717171717,31.313131313131315,51.515151515151516,47.474747474747474,4.040404040404041
W00008818,191,70,20,50,121,107,14,36.64921465968586,10.471204188481675,26.17801047120419,63.35078534031413,56.02094240837696,7.329842931937172
W00008819,113,32,4,28,81,72,9,28.31858407079646,3.5398230088495577,24.778761061946902,71.68141592920354,63.716814159292035,7.964601769911504
W00008820,214,77,31,46,137,124,13,35.981308411214954,14.485981308411214,21.49532710280374,64.01869158878505,57.943925233644855,6.074766355140187
W00008821,272,83,16,67,189,168,21,30.514705882352942,5.88235294117647,24.63235294117647,69.48529411764706,61.76470588235294,7.720588235294118
W00008822,156,45,12,33,111,97,14,28.846153846153843,7.6923076923076925,21.153846153846153,71.15384615384616,62.17948717948718,8.974358974358974
W00008823,127,46,18,28,81,72,9,36.22047244094488,14.173228346456693,22.04724409448819,63.77952755905512,56.69291338582677,7.086614173228346
W00008824,130,50,14,36,80,72,8,38.46153846153847,10.76923076923077,27.692307692307693,61.53846153846154,55.38461538461539,6.153846153846154
W00008825,116,41,11,30,75,64,11,35.3448275862069,9.482758620689655,25.862068965517242,64.65517241379311,55.172413793103445,9.482758620689655
W00008826,183,51,14,37,132,115,17,27.86885245901639,7.650273224043716,20.21857923497268,72.1311475409836,62.841530054644814,9.289617486338798
W00008827,153,45,15,30,108,96,12,29.411764705882355,9.803921568627452,19.607843137254903,70.58823529411765,62.745098039215684,7.8431372549019605
W00008828,166,49,10,39,117,111,6,29.518072289156628,6.024096385542169,23.49397590361446,70.48192771084338,66.86746987951807,3.614457831325301
W00008829,227,80,24,56,147,128,19,35.24229074889868,10.572687224669604,24.669603524229075,64.75770925110133,56.38766519823789,8.370044052863436
W00008830,134,51,21,30,83,75,8,38.059701492537314,15.671641791044777,22.388059701492537,61.940298507462686,55.970149253731336,5.970149253731343
W00008831,153,49,17,32,104,95,9,32.02614379084967,11.11111111111111,20.915032679738562,67.97385620915033,62.091503267973856,5.88235294117647
W00008832,109,31,4,27,78,63,15,28.440366972477065,3.669724770642202,24.770642201834864,71.55963302752293,57.798165137614674,13.761467889908257
W00008833,177,73,30,43,104,92,12,41.24293785310734,16.94915254237288,24.293785310734464,58.75706214689266,51.9774011299435,6.779661016949152
W00008834,81,29,12,17,52,48,4,35.80246913580247,14.814814814814813,20.98765432098765,64.19753086419753,59.25925925925925,4.938271604938271
W00008835,117,41,8,33,76,65,11,35.04273504273504,6.837606837606838,28.205128205128204,64.95726495726495,55.55555555555556,9.401709401709402
W00008836,64,27,10,17,37,30,7,42.1875,15.625,26.5625,57.8125,46.875,10.9375
W00008837,142,58,19,39,84,74,10,40.845070422535215,13.380281690140844,27.464788732394368,59.154929577464785,52.112676056338024,7.042253521126761
W00008838,102,39,12,27,63,57,6,38.23529411764706,11.76470588235294,26.47058823529412,61.76470588235294,55.88235294117647,5.88235294117647
W00008839,37,14,2,12,23,17,6,37.83783783783784,5.405405405405405,32.432432432432435,62.16216216216216,45.94594594594595,16.216216216216218
W00008840,124,44,10,34,80,70,10,35.483870967741936,8.064516129032258,27.419354838709676,64.51612903225806,56.451612903225815,8.064516129032258
W00008841,118,41,11,30,77,67,10,34.74576271186441,9.322033898305085,25.423728813559322,65.2542372881356,56.779661016949156,8.47457627118644
W00008842,172,75,38,37,97,83,14,43.604651162790695,22.093023255813954,21.511627906976745,56.395348837209305,48.25581395348838,8.13953488372093
W00008843,113,58,13,45,55,50,5,51.32743362831859,11.504424778761061,39.823008849557525,48.67256637168141,44.24778761061947,4.424778761061947
W00008844,118,37,10,27,81,74,7,31.35593220338983,8.47457627118644,22.88135593220339,68.64406779661016,62.71186440677966,5.932203389830509
W00008845,102,27,8,19,75,71,4,26.47058823529412,7.8431372549019605,18.627450980392158,73.52941176470588,69.6078431372549,3.9215686274509802
W00008846,106,44,9,35,62,53,9,41.509433962264154,8.49056603773585,33.0188679245283,58.490566037735846,50,8.49056603773585
W00008847,121,44,11,33,77,65,12,36.36363636363637,9.090909090909092,27.27272727272727,63.63636363636363,53.71900826446281,9.917355371900827
W00008848,72,29,10,19,43,39,4,40.27777777777778,13.88888888888889,26.38888888888889,59.72222222222222,54.166666666666664,5.555555555555555
W00008849,91,40,11,29,51,47,4,43.956043956043956,12.087912087912088,31.868131868131865,56.043956043956044,51.64835164835166,4.395604395604396
W00008850,167,68,19,49,99,88,11,40.718562874251496,11.377245508982035,29.34131736526946,59.281437125748504,52.69461077844312,6.58682634730539
W00008851,120,42,11,31,78,71,7,35,9.166666666666666,25.833333333333336,65,59.166666666666664,5.833333333333333
W00008852,75,28,4,24,47,39,8,37.333333333333336,5.333333333333334,32,62.66666666666667,52,10.666666666666668
W00008853,152,42,12,30,110,91,19,27.631578947368425,7.894736842105263,19.736842105263158,72.36842105263158,59.86842105263158,12.5
W00008854,182,35,13,22,147,132,15,19.230769230769234,7.142857142857142,12.087912087912088,80.76923076923077,72.52747252747253,8.241758241758241
W00008855,150,39,19,20,111,95,16,26,12.666666666666668,13.333333333333334,74,63.33333333333333,10.666666666666668
W00008856,161,35,9,26,126,112,14,21.73913043478261,5.590062111801243,16.149068322981368,78.26086956521739,69.56521739130434,8.695652173913043
W00008857,155,36,11,25,119,105,14,23.225806451612904,7.096774193548387,16.129032258064516,76.77419354838709,67.74193548387096,9.032258064516128
W00008858,130,29,9,20,101,93,8,22.30769230769231,6.923076923076923,15.384615384615385,77.6923076923077,71.53846153846153,6.153846153846154
W00008859,173,48,17,31,125,102,23,27.74566473988439,9.826589595375722,17.91907514450867,72.25433526011561,58.95953757225434,13.294797687861271
W00008860,174,41,17,24,133,114,19,23.563218390804597,9.770114942528735,13.793103448275861,76.4367816091954,65.51724137931035,10.919540229885058
W00008861,171,69,26,43,102,93,9,40.35087719298245,15.204678362573098,25.146198830409354,59.64912280701754,54.385964912280706,5.263157894736842
W00008862,109,30,12,18,79,66,13,27.522935779816514,11.009174311926607,16.51376146788991,72.47706422018348,60.550458715596335,11.926605504587156
W00008863,139,30,11,19,109,102,7,21.58273381294964,7.913669064748201,13.66906474820144,78.41726618705036,73.38129496402878,5.0359712230215825
W00008864,161,37,15,22,124,110,14,22.981366459627328,9.316770186335404,13.664596273291925,77.01863354037268,68.32298136645963,8.695652173913043
W00008865,111,34,10,24,77,66,11,30.630630630630627,9.00900900900901,21.62162162162162,69.36936936936937,59.45945945945946,9.90990990990991
W00008866,158,36,5,31,122,108,14,22.78481012658228,3.1645569620253164,19.62025316455696,77.21518987341773,68.35443037974683,8.860759493670885
W00008867,140,36,12,24,104,93,11,25.71428571428571,8.571428571428571,17.142857142857142,74.28571428571429,66.42857142857143,7.857142857142857
W00008868,167,51,16,35,116,98,18,30.538922155688624,9.580838323353294,20.958083832335326,69.46107784431138,58.68263473053892,10.778443113772456
W00008869,200,64,21,43,136,120,16,32,10.5,21.5,68,60,8
W00008870,173,51,15,36,122,100,22,29.47976878612717,8.670520231213873,20.809248554913296,70.52023121387283,57.80346820809249,12.716763005780345
W00008871,222,56,17,39,166,144,22,25.225225225225223,7.657657657657657,17.56756756756757,74.77477477477478,64.86486486486487,9.90990990990991
W00008872,158,46,15,31,112,102,10,29.11392405063291,9.49367088607595,19.62025316455696,70.88607594936708,64.55696202531645,6.329113924050633
W00008873,155,59,12,47,96,82,14,38.064516129032256,7.741935483870968,30.32258064516129,61.935483870967744,52.903225806451616,9.032258064516128
W00008874,187,54,22,32,133,111,22,28.87700534759358,11.76470588235294,17.11229946524064,71.12299465240642,59.35828877005348,11.76470588235294
W00008875,213,51,13,38,162,140,22,23.943661971830984,6.103286384976526,17.84037558685446,76.05633802816901,65.72769953051643,10.328638497652582
W00008877,184,50,20,30,134,117,17,27.173913043478258,10.869565217391305,16.304347826086957,72.82608695652173,63.58695652173913,9.239130434782608
W00008878,211,54,18,36,157,137,20,25.59241706161137,8.530805687203792,17.061611374407583,74.40758293838863,64.92890995260665,9.47867298578199
W00008879,178,49,17,32,129,120,9,27.52808988764045,9.550561797752808,17.97752808988764,72.47191011235955,67.41573033707866,5.056179775280898
W00008880,187,53,25,28,134,126,8,28.342245989304814,13.368983957219251,14.973262032085561,71.65775401069519,67.37967914438502,4.27807486631016
W00008881,220,37,14,23,183,148,35,16.818181818181817,6.363636363636363,10.454545454545453,83.18181818181817,67.27272727272727,15.909090909090908
W00008882,144,59,24,35,85,76,9,40.97222222222222,16.666666666666664,24.305555555555554,59.02777777777778,52.77777777777778,6.25
W00008883,109,35,8,27,74,68,6,32.11009174311927,7.339449541284404,24.770642201834864,67.88990825688074,62.38532110091744,5.5045871559633035
W00008884,72,24,7,17,48,40,8,33.33333333333333,9.722222222222223,23.61111111111111,66.66666666666666,55.55555555555556,11.11111111111111
W00008886,181,55,19,36,126,106,20,30.386740331491712,10.497237569060774,19.88950276243094,69.61325966850829,58.5635359116022,11.049723756906078
W00008887,175,42,10,32,133,113,20,24,5.714285714285714,18.285714285714285,76,64.57142857142857,11.428571428571429
W00008888,91,23,8,15,68,53,15,25.274725274725274,8.791208791208792,16.483516483516482,74.72527472527473,58.24175824175825,16.483516483516482
W00008889,156,50,16,34,106,93,13,32.05128205128205,10.256410256410255,21.794871794871796,67.94871794871796,59.61538461538461,8.333333333333332
W00008890,138,37,11,26,101,89,12,26.811594202898554,7.971014492753622,18.84057971014493,73.18840579710145,64.4927536231884,8.695652173913043
W00008891,108,23,5,18,85,72,13,21.296296296296298,4.62962962962963,16.666666666666664,78.70370370370371,66.66666666666666,12.037037037037036
W00008892,135,33,13,20,102,87,15,24.444444444444443,9.62962962962963,14.814814814814813,75.55555555555556,64.44444444444444,11.11111111111111
W00008893,176,58,24,34,118,110,8,32.95454545454545,13.636363636363635,19.318181818181817,67.04545454545455,62.5,4.545454545454546
W00008894,162,38,9,29,124,101,23,23.456790123456788,5.555555555555555,17.901234567901234,76.5432098765432,62.34567901234568,14.19753086419753
W00008895,163,41,11,30,122,110,12,25.153374233128833,6.748466257668712,18.404907975460123,74.84662576687117,67.48466257668711,7.361963190184049
W00008896,148,38,13,25,110,93,17,25.675675675675674,8.783783783783784,16.89189189189189,74.32432432432432,62.83783783783784,11.486486486486488
W00008897,112,20,6,14,92,80,12,17.857142857142858,5.357142857142857,12.5,82.14285714285714,71.42857142857143,10.714285714285714
W00008899,132,84,48,36,48,48,0,63.63636363636363,36.36363636363637,27.27272727272727,36.36363636363637,36.36363636363637,0
W00008901,118,77,56,21,41,39,2,65.2542372881356,47.45762711864407,17.796610169491526,34.74576271186441,33.05084745762712,1.694915254237288
W00008902,243,75,34,41,168,150,18,30.864197530864196,13.991769547325102,16.872427983539097,69.1358024691358,61.72839506172839,7.4074074074074066
W00008903,143,89,63,26,54,48,6,62.23776223776224,44.05594405594406,18.181818181818183,37.76223776223776,33.56643356643357,4.195804195804196
W00008906,149,88,57,31,61,53,8,59.06040268456376,38.25503355704698,20.80536912751678,40.939597315436245,35.57046979865772,5.369127516778524
W00008909,119,68,44,24,51,45,6,57.14285714285714,36.97478991596639,20.168067226890756,42.857142857142854,37.81512605042017,5.042016806722689
W00008910,137,96,69,27,41,36,5,70.07299270072993,50.36496350364964,19.708029197080293,29.927007299270077,26.277372262773724,3.64963503649635
W00008911,84,49,35,14,35,33,2,58.333333333333336,41.66666666666667,16.666666666666664,41.66666666666667,39.285714285714285,2.380952380952381
W00008912,147,84,59,25,63,54,9,57.14285714285714,40.136054421768705,17.006802721088434,42.857142857142854,36.734693877551024,6.122448979591836
W00008913,107,67,40,27,40,36,4,62.616822429906534,37.38317757009346,25.233644859813083,37.38317757009346,33.64485981308411,3.7383177570093453
W00008915,114,59,32,27,55,42,13,51.75438596491229,28.07017543859649,23.684210526315788,48.24561403508772,36.84210526315789,11.403508771929824
W00008916,128,85,55,30,43,37,6,66.40625,42.96875,23.4375,33.59375,28.90625,4.6875
W00008918,175,94,49,45,81,77,4,53.714285714285715,28.000000000000004,25.71428571428571,46.285714285714285,44,2.2857142857142856
W00008919,87,47,31,16,40,34,6,54.02298850574713,35.63218390804598,18.39080459770115,45.97701149425287,39.08045977011494,6.896551724137931
W00008920,159,77,45,32,82,78,4,48.42767295597484,28.30188679245283,20.125786163522015,51.57232704402516,49.056603773584904,2.515723270440252
W00008921,159,51,17,34,108,93,15,32.075471698113205,10.69182389937107,21.38364779874214,67.9245283018868,58.490566037735846,9.433962264150944
W00008922,217,90,52,38,127,116,11,41.474654377880185,23.963133640552993,17.51152073732719,58.525345622119815,53.45622119815668,5.0691244239631335
W00008923,172,74,32,42,98,93,5,43.02325581395349,18.6046511627907,24.418604651162788,56.97674418604651,54.06976744186046,2.9069767441860463
W00008924,212,97,50,47,115,98,17,45.75471698113208,23.58490566037736,22.169811320754718,54.24528301886793,46.22641509433962,8.018867924528301
W00008925,180,80,42,38,100,93,7,44.44444444444444,23.333333333333332,21.11111111111111,55.55555555555556,51.66666666666667,3.888888888888889
W00008926,165,59,26,33,106,93,13,35.75757575757576,15.757575757575756,20,64.24242424242425,56.36363636363636,7.878787878787878
W00008927,168,76,47,29,92,85,7,45.23809523809524,27.976190476190478,17.261904761904763,54.761904761904766,50.595238095238095,4.166666666666666
W00008929,160,75,42,33,85,74,11,46.875,26.25,20.625,53.125,46.25,6.875000000000001
W00008931,125,60,38,22,65,53,12,48,30.4,17.599999999999998,52,42.4,9.6
W00008932,109,66,42,24,43,43,0,60.550458715596335,38.53211009174312,22.018348623853214,39.44954128440367,39.44954128440367,0
W00008933,137,61,39,22,76,75,1,44.52554744525548,28.467153284671532,16.05839416058394,55.47445255474452,54.74452554744526,0.7299270072992701
W00008934,129,33,13,20,96,85,11,25.581395348837212,10.077519379844961,15.503875968992247,74.4186046511628,65.89147286821705,8.527131782945736
W00008935,157,31,16,15,126,112,14,19.745222929936308,10.191082802547772,9.554140127388536,80.2547770700637,71.3375796178344,8.9171974522293
W00008936,154,41,11,30,113,96,17,26.623376623376622,7.142857142857142,19.480519480519483,73.37662337662337,62.33766233766234,11.03896103896104
W00008937,144,43,12,31,101,87,14,29.86111111111111,8.333333333333332,21.52777777777778,70.13888888888889,60.416666666666664,9.722222222222223
W00008938,121,37,13,24,84,72,12,30.57851239669421,10.743801652892563,19.834710743801654,69.42148760330579,59.50413223140496,9.917355371900827
W00008939,125,38,10,28,87,78,9,30.4,8,22.400000000000002,69.6,62.4,7.199999999999999
W00008940,109,35,9,26,74,63,11,32.11009174311927,8.256880733944955,23.853211009174313,67.88990825688074,57.798165137614674,10.091743119266056
W00008941,103,31,8,23,72,61,11,30.097087378640776,7.766990291262135,22.330097087378643,69.90291262135922,59.22330097087378,10.679611650485436
W00008942,130,40,13,27,90,79,11,30.76923076923077,10,20.76923076923077,69.23076923076923,60.76923076923077,8.461538461538462
W00008943,180,54,18,36,126,114,12,30,10,20,70,63.33333333333333,6.666666666666667
W00008945,159,47,19,28,112,97,15,29.559748427672954,11.949685534591195,17.61006289308176,70.44025157232704,61.0062893081761,9.433962264150944
W00008947,120,39,12,27,81,59,22,32.5,10,22.5,67.5,49.166666666666664,18.333333333333332
W00008948,165,60,20,40,105,83,22,36.36363636363637,12.121212121212121,24.242424242424242,63.63636363636363,50.303030303030305,13.333333333333334
W00008949,144,53,16,37,91,78,13,36.80555555555556,11.11111111111111,25.694444444444443,63.19444444444444,54.166666666666664,9.027777777777777
W00008950,143,51,17,34,92,82,10,35.66433566433567,11.888111888111888,23.776223776223777,64.33566433566433,57.34265734265735,6.993006993006993
W00008951,219,64,19,45,155,134,21,29.22374429223744,8.67579908675799,20.54794520547945,70.77625570776256,61.18721461187214,9.58904109589041
W00008952,126,42,17,25,84,69,15,33.33333333333333,13.492063492063492,19.841269841269842,66.66666666666666,54.761904761904766,11.904761904761903
W00008953,143,45,13,32,98,75,23,31.46853146853147,9.090909090909092,22.377622377622377,68.53146853146853,52.44755244755245,16.083916083916083
W00008954,153,47,14,33,106,92,14,30.718954248366014,9.15032679738562,21.568627450980394,69.28104575163398,60.130718954248366,9.15032679738562
W00008955,151,52,14,38,99,77,22,34.437086092715234,9.271523178807946,25.165562913907287,65.56291390728477,50.993377483443716,14.56953642384106
W00008956,126,43,15,28,83,56,27,34.12698412698413,11.904761904761903,22.22222222222222,65.87301587301587,44.44444444444444,21.428571428571427
W00008957,147,45,19,26,102,90,12,30.612244897959183,12.925170068027212,17.687074829931973,69.38775510204081,61.224489795918366,8.16326530612245
W00008958,86,20,8,12,66,51,15,23.25581395348837,9.30232558139535,13.953488372093023,76.74418604651163,59.30232558139535,17.441860465116278
W00008959,166,52,15,37,114,93,21,31.32530120481928,9.036144578313253,22.289156626506024,68.67469879518072,56.024096385542165,12.650602409638553
W00008960,159,41,9,32,118,100,18,25.78616352201258,5.660377358490567,20.125786163522015,74.21383647798741,62.893081761006286,11.320754716981133
W00008961,137,40,11,29,97,81,16,29.1970802919708,8.02919708029197,21.16788321167883,70.8029197080292,59.12408759124088,11.678832116788321
W00008962,106,32,6,26,74,61,13,30.18867924528302,5.660377358490567,24.528301886792452,69.81132075471697,57.54716981132076,12.264150943396226
W00008963,125,36,16,20,89,73,16,28.799999999999997,12.8,16,71.2,58.4,12.8
W00008964,129,39,10,29,90,76,14,30.23255813953488,7.751937984496124,22.48062015503876,69.76744186046511,58.91472868217055,10.852713178294573
W00008965,154,49,18,31,105,79,26,31.818181818181817,11.688311688311687,20.12987012987013,68.18181818181817,51.298701298701296,16.883116883116884
W00008966,137,38,12,26,99,79,20,27.73722627737226,8.75912408759124,18.97810218978102,72.26277372262774,57.66423357664233,14.5985401459854
W00008967,50,18,6,12,32,25,7,36,12,24,64,50,14.000000000000002
W00008969,120,26,10,16,94,80,14,21.666666666666668,8.333333333333332,13.333333333333334,78.33333333333333,66.66666666666666,11.666666666666666
W00008970,122,50,17,33,72,58,14,40.98360655737705,13.934426229508196,27.049180327868854,59.01639344262295,47.540983606557376,11.475409836065573
W00008971,161,49,14,35,112,94,18,30.434782608695656,8.695652173913043,21.73913043478261,69.56521739130434,58.38509316770186,11.180124223602485
W00008972,120,33,12,21,87,78,9,27.500000000000004,10,17.5,72.5,65,7.5
W00008974,112,32,8,24,80,65,15,28.57142857142857,7.142857142857142,21.428571428571427,71.42857142857143,58.03571428571429,13.392857142857142
W00008975,125,47,18,29,78,61,17,37.6,14.399999999999999,23.200000000000003,62.4,48.8,13.600000000000001
W00008976,134,44,19,25,90,74,16,32.83582089552239,14.17910447761194,18.65671641791045,67.16417910447761,55.223880597014926,11.940298507462686
W00008977,164,44,20,24,120,95,25,26.82926829268293,12.195121951219512,14.634146341463413,73.17073170731707,57.92682926829268,15.24390243902439
W00008978,80,25,8,17,55,48,7,31.25,10,21.25,68.75,60,8.75
W00008979,117,43,11,32,74,67,7,36.75213675213676,9.401709401709402,27.350427350427353,63.24786324786324,57.26495726495726,5.982905982905983
W00008980,129,30,9,21,99,86,13,23.25581395348837,6.976744186046512,16.27906976744186,76.74418604651163,66.66666666666666,10.077519379844961
W00008981,129,39,13,26,90,75,15,30.23255813953488,10.077519379844961,20.155038759689923,69.76744186046511,58.139534883720934,11.627906976744185
W00008982,96,33,8,25,63,53,10,34.375,8.333333333333332,26.041666666666668,65.625,55.208333333333336,10.416666666666668
W00008983,131,43,13,30,88,75,13,32.82442748091603,9.923664122137405,22.900763358778626,67.17557251908397,57.25190839694656,9.923664122137405
W00008984,203,68,22,46,135,125,10,33.497536945812804,10.83743842364532,22.660098522167488,66.50246305418719,61.57635467980296,4.926108374384237
W00008985,108,49,11,38,59,51,8,45.370370370370374,10.185185185185185,35.18518518518518,54.629629629629626,47.22222222222222,7.4074074074074066
W00008986,111,38,9,29,73,65,8,34.234234234234236,8.108108108108109,26.126126126126124,65.76576576576578,58.55855855855856,7.207207207207207
W00008987,131,40,13,27,91,83,8,30.53435114503817,9.923664122137405,20.610687022900763,69.46564885496184,63.358778625954194,6.106870229007633
W00008988,61,27,6,21,34,33,1,44.26229508196721,9.836065573770492,34.42622950819672,55.73770491803278,54.09836065573771,1.639344262295082
W00008989,154,53,10,43,101,96,5,34.41558441558442,6.493506493506493,27.92207792207792,65.5844155844156,62.33766233766234,3.2467532467532463
W00008990,154,47,12,35,107,90,17,30.519480519480517,7.792207792207792,22.727272727272727,69.48051948051948,58.44155844155844,11.03896103896104
W00008991,157,38,12,26,119,106,13,24.203821656050955,7.643312101910828,16.560509554140125,75.79617834394905,67.51592356687898,8.280254777070063
W00008992,115,49,12,37,66,57,9,42.608695652173914,10.434782608695652,32.17391304347826,57.391304347826086,49.56521739130435,7.82608695652174
W00008993,117,36,12,24,81,76,5,30.76923076923077,10.256410256410255,20.51282051282051,69.23076923076923,64.95726495726495,4.273504273504273
W00008994,97,24,9,15,73,67,6,24.742268041237114,9.278350515463918,15.463917525773196,75.25773195876289,69.0721649484536,6.185567010309279
W00008995,112,39,8,31,73,69,4,34.82142857142857,7.142857142857142,27.67857142857143,65.17857142857143,61.60714285714286,3.571428571428571
W00008996,99,42,14,28,57,51,6,42.42424242424242,14.14141414141414,28.28282828282828,57.57575757575758,51.515151515151516,6.0606060606060606
W00008997,82,38,11,27,44,38,6,46.34146341463415,13.414634146341465,32.926829268292686,53.65853658536586,46.34146341463415,7.317073170731707
W00008998,144,46,16,30,98,88,10,31.944444444444443,11.11111111111111,20.833333333333336,68.05555555555556,61.111111111111114,6.944444444444445
W00008999,116,46,7,39,70,62,8,39.6551724137931,6.0344827586206895,33.62068965517241,60.3448275862069,53.44827586206896,6.896551724137931
W00009000,93,36,14,22,57,50,7,38.70967741935484,15.053763440860216,23.655913978494624,61.29032258064516,53.76344086021505,7.526881720430108
W00009001,109,52,12,40,57,51,6,47.706422018348626,11.009174311926607,36.69724770642202,52.293577981651374,46.788990825688074,5.5045871559633035
W00009002,130,44,21,23,86,79,7,33.84615384615385,16.153846153846153,17.692307692307693,66.15384615384615,60.76923076923077,5.384615384615385
W00009003,119,55,18,37,64,57,7,46.21848739495798,15.126050420168067,31.092436974789916,53.78151260504202,47.89915966386555,5.88235294117647
W00009004,116,45,12,33,71,66,5,38.793103448275865,10.344827586206897,28.448275862068968,61.206896551724135,56.896551724137936,4.310344827586207
W00009005,136,68,17,51,68,60,8,50,12.5,37.5,50,44.11764705882353,5.88235294117647
W00009006,83,31,8,23,52,47,5,37.34939759036144,9.63855421686747,27.710843373493976,62.65060240963856,56.62650602409639,6.024096385542169
W00009007,71,26,10,16,45,37,8,36.61971830985916,14.084507042253522,22.535211267605636,63.38028169014085,52.112676056338024,11.267605633802818
W00009008,89,41,14,27,48,46,2,46.06741573033708,15.730337078651685,30.337078651685395,53.93258426966292,51.68539325842697,2.247191011235955
W00009009,114,35,9,26,79,66,13,30.701754385964914,7.894736842105263,22.807017543859647,69.2982456140351,57.89473684210527,11.403508771929824
W00009010,83,45,16,29,38,34,4,54.21686746987952,19.27710843373494,34.93975903614458,45.78313253012048,40.963855421686745,4.819277108433735
W00009011,104,37,11,26,67,61,6,35.57692307692308,10.576923076923077,25,64.42307692307693,58.65384615384615,5.769230769230769
W00009012,71,22,7,15,49,44,5,30.985915492957744,9.859154929577464,21.12676056338028,69.01408450704226,61.97183098591549,7.042253521126761
W00009013,123,46,9,37,77,64,13,37.39837398373984,7.317073170731707,30.081300813008134,62.601626016260155,52.03252032520326,10.569105691056912
W00009014,130,61,24,37,69,63,6,46.92307692307692,18.461538461538463,28.46153846153846,53.07692307692308,48.46153846153846,4.615384615384616
W00009015,185,56,17,39,129,116,13,30.270270270270274,9.18918918918919,21.08108108108108,69.72972972972973,62.70270270270271,7.027027027027027
W00009016,62,34,8,26,28,21,7,54.83870967741935,12.903225806451612,41.935483870967744,45.16129032258064,33.87096774193548,11.29032258064516
W00009017,104,40,14,26,64,52,12,38.46153846153847,13.461538461538462,25,61.53846153846154,50,11.538461538461538
W00009018,91,37,12,25,54,49,5,40.65934065934066,13.186813186813188,27.472527472527474,59.34065934065934,53.84615384615385,5.4945054945054945
W00009019,110,48,10,38,62,54,8,43.63636363636363,9.090909090909092,34.54545454545455,56.36363636363636,49.09090909090909,7.2727272727272725
W00009020,74,28,10,18,46,43,3,37.83783783783784,13.513513513513514,24.324324324324326,62.16216216216216,58.108108108108105,4.054054054054054
W00009021,132,45,10,35,87,79,8,34.090909090909086,7.575757575757576,26.515151515151516,65.9090909090909,59.84848484848485,6.0606060606060606
W00009022,147,43,14,29,104,91,13,29.25170068027211,9.523809523809524,19.727891156462583,70.74829931972789,61.904761904761905,8.843537414965986
W00009023,102,29,5,24,73,67,6,28.431372549019606,4.901960784313726,23.52941176470588,71.56862745098039,65.68627450980392,5.88235294117647
W00009024,107,36,10,26,71,64,7,33.64485981308411,9.345794392523365,24.299065420560748,66.35514018691589,59.813084112149525,6.5420560747663545
W00009025,67,29,5,24,38,34,4,43.28358208955223,7.462686567164178,35.82089552238806,56.71641791044776,50.74626865671642,5.970149253731343
W00009026,120,27,11,16,93,79,14,22.5,9.166666666666666,13.333333333333334,77.5,65.83333333333333,11.666666666666666
W00009027,92,42,11,31,50,43,7,45.65217391304348,11.956521739130435,33.69565217391305,54.347826086956516,46.73913043478261,7.608695652173914
W00009028,54,28,13,15,26,25,1,51.85185185185185,24.074074074074073,27.77777777777778,48.148148148148145,46.2962962962963,1.8518518518518516
W00009029,111,32,5,27,79,68,11,28.82882882882883,4.504504504504505,24.324324324324326,71.17117117117117,61.261261261261254,9.90990990990991
W00009030,161,55,15,40,106,91,15,34.161490683229815,9.316770186335404,24.84472049689441,65.83850931677019,56.52173913043478,9.316770186335404
W00009031,163,54,13,41,109,87,22,33.12883435582822,7.975460122699387,25.153374233128833,66.87116564417178,53.37423312883436,13.496932515337424
W00009032,73,34,11,23,39,36,3,46.57534246575342,15.068493150684931,31.506849315068493,53.42465753424658,49.31506849315068,4.10958904109589
W00009033,134,33,7,26,101,91,10,24.62686567164179,5.223880597014925,19.402985074626866,75.3731343283582,67.91044776119402,7.462686567164178
W00009034,143,43,8,35,100,92,8,30.069930069930066,5.594405594405594,24.475524475524477,69.93006993006993,64.33566433566433,5.594405594405594
W00009035,176,45,14,31,131,118,13,25.568181818181817,7.954545454545454,17.613636363636363,74.43181818181817,67.04545454545455,7.386363636363637
W00009036,164,60,23,37,104,98,6,36.58536585365854,14.02439024390244,22.5609756097561,63.41463414634146,59.756097560975604,3.6585365853658534
W00009037,98,30,6,24,68,59,9,30.612244897959183,6.122448979591836,24.489795918367346,69.38775510204081,60.204081632653065,9.183673469387756
W00009038,77,32,8,24,45,42,3,41.55844155844156,10.38961038961039,31.16883116883117,58.44155844155844,54.54545454545454,3.896103896103896
W00009039,142,33,8,25,109,94,15,23.239436619718308,5.633802816901409,17.6056338028169,76.76056338028168,66.19718309859155,10.56338028169014
W00009040,114,34,6,28,80,76,4,29.82456140350877,5.263157894736842,24.561403508771928,70.17543859649122,66.66666666666666,3.508771929824561
W00009041,92,30,7,23,62,57,5,32.608695652173914,7.608695652173914,25,67.3913043478261,61.95652173913043,5.434782608695652
W00009042,107,28,7,21,79,70,9,26.168224299065418,6.5420560747663545,19.626168224299064,73.83177570093457,65.42056074766354,8.411214953271028
W00009043,170,70,22,48,100,92,8,41.17647058823529,12.941176470588237,28.235294117647058,58.82352941176471,54.11764705882353,4.705882352941177
W00009044,105,37,9,28,68,62,6,35.23809523809524,8.571428571428571,26.666666666666668,64.76190476190476,59.04761904761905,5.714285714285714
W00009045,146,49,9,40,97,90,7,33.56164383561644,6.164383561643835,27.397260273972602,66.43835616438356,61.64383561643836,4.794520547945205
W00009046,86,13,0,13,73,63,10,15.11627906976744,0,15.11627906976744,84.88372093023256,73.25581395348837,11.627906976744185
W00009047,129,26,9,17,103,98,5,20.155038759689923,6.976744186046512,13.178294573643413,79.84496124031007,75.96899224806202,3.875968992248062
W00009048,171,51,25,26,120,109,11,29.82456140350877,14.619883040935672,15.204678362573098,70.17543859649122,63.74269005847953,6.432748538011696
W00009049,90,33,7,26,57,43,14,36.666666666666664,7.777777777777778,28.888888888888886,63.33333333333333,47.77777777777778,15.555555555555555
W00009050,99,34,5,29,65,58,7,34.34343434343434,5.05050505050505,29.292929292929294,65.65656565656566,58.58585858585859,7.07070707070707
W00009051,179,54,11,43,125,111,14,30.16759776536313,6.145251396648044,24.022346368715084,69.83240223463687,62.01117318435754,7.82122905027933
W00009052,72,23,7,16,49,40,9,31.944444444444443,9.722222222222223,22.22222222222222,68.05555555555556,55.55555555555556,12.5
W00009053,110,26,12,14,84,79,5,23.636363636363637,10.909090909090908,12.727272727272727,76.36363636363637,71.81818181818181,4.545454545454546
W00009054,185,47,9,38,138,114,24,25.405405405405407,4.864864864864865,20.54054054054054,74.5945945945946,61.62162162162163,12.972972972972974
W00009055,191,55,19,36,136,122,14,28.79581151832461,9.947643979057592,18.848167539267017,71.20418848167539,63.87434554973822,7.329842931937172
W00009056,173,54,12,42,119,103,16,31.213872832369944,6.9364161849710975,24.277456647398843,68.78612716763006,59.53757225433526,9.248554913294797
W00009057,148,50,25,25,98,89,9,33.78378378378378,16.89189189189189,16.89189189189189,66.21621621621621,60.13513513513513,6.081081081081082
W00009058,110,34,10,24,76,69,7,30.909090909090907,9.090909090909092,21.818181818181817,69.0909090909091,62.727272727272734,6.363636363636363
W00009059,163,49,7,42,114,98,16,30.061349693251532,4.294478527607362,25.766871165644172,69.93865030674846,60.122699386503065,9.815950920245399
W00009060,203,38,14,24,165,148,17,18.7192118226601,6.896551724137931,11.822660098522167,81.2807881773399,72.9064039408867,8.374384236453201
W00009061,144,44,10,34,100,91,9,30.555555555555557,6.944444444444445,23.61111111111111,69.44444444444444,63.19444444444444,6.25
W00009062,155,34,11,23,121,106,15,21.935483870967744,7.096774193548387,14.838709677419354,78.06451612903226,68.38709677419355,9.67741935483871
W00009063,118,31,12,19,87,81,6,26.27118644067797,10.16949152542373,16.101694915254235,73.72881355932203,68.64406779661016,5.084745762711865
W00009064,127,37,8,29,90,84,6,29.133858267716533,6.299212598425196,22.83464566929134,70.86614173228347,66.14173228346458,4.724409448818897
W00009065,135,47,7,40,88,76,12,34.81481481481482,5.185185185185185,29.629629629629626,65.18518518518519,56.2962962962963,8.88888888888889
W00009066,147,52,18,34,95,87,8,35.374149659863946,12.244897959183673,23.12925170068027,64.62585034013605,59.183673469387756,5.442176870748299
W00009067,150,44,11,33,106,97,9,29.333333333333332,7.333333333333333,22,70.66666666666667,64.66666666666666,6
W00009068,123,44,17,27,79,68,11,35.77235772357724,13.821138211382115,21.951219512195124,64.22764227642277,55.28455284552846,8.94308943089431
W00009069,128,41,11,30,87,77,10,32.03125,8.59375,23.4375,67.96875,60.15625,7.8125
W00009070,159,53,18,35,106,103,3,33.33333333333333,11.320754716981133,22.0125786163522,66.66666666666666,64.77987421383648,1.8867924528301887
W00009071,85,33,11,22,52,46,6,38.82352941176471,12.941176470588237,25.882352941176475,61.1764705882353,54.11764705882353,7.0588235294117645
W00009072,112,33,7,26,79,73,6,29.464285714285715,6.25,23.214285714285715,70.53571428571429,65.17857142857143,5.357142857142857
W00009073,163,49,7,42,114,105,9,30.061349693251532,4.294478527607362,25.766871165644172,69.93865030674846,64.41717791411043,5.521472392638037
W00009074,177,59,27,32,118,113,5,33.33333333333333,15.254237288135593,18.07909604519774,66.66666666666666,63.84180790960452,2.824858757062147
W00009075,215,62,26,36,153,133,20,28.837209302325583,12.093023255813954,16.74418604651163,71.16279069767441,61.86046511627907,9.30232558139535
W00009077,176,47,13,34,129,116,13,26.704545454545453,7.386363636363637,19.318181818181817,73.29545454545455,65.9090909090909,7.386363636363637
W00009080,178,52,23,29,126,114,12,29.213483146067414,12.921348314606742,16.292134831460675,70.78651685393258,64.04494382022472,6.741573033707865
W00009081,174,41,12,29,133,119,14,23.563218390804597,6.896551724137931,16.666666666666664,76.4367816091954,68.39080459770115,8.045977011494253
W00009082,177,57,27,30,120,110,10,32.20338983050847,15.254237288135593,16.94915254237288,67.79661016949152,62.14689265536724,5.649717514124294
W00009084,134,32,9,23,102,93,9,23.88059701492537,6.7164179104477615,17.16417910447761,76.11940298507463,69.40298507462687,6.7164179104477615
W00009085,275,67,27,40,208,191,17,24.363636363636363,9.818181818181818,14.545454545454545,75.63636363636364,69.45454545454545,6.181818181818182
W00009086,201,60,25,35,141,130,11,29.850746268656714,12.437810945273633,17.412935323383085,70.1492537313433,64.6766169154229,5.472636815920398
W00009087,186,55,23,32,131,120,11,29.56989247311828,12.365591397849462,17.20430107526882,70.43010752688173,64.51612903225806,5.913978494623656
W00009088,325,74,33,41,251,222,29,22.76923076923077,10.153846153846153,12.615384615384615,77.23076923076924,68.3076923076923,8.923076923076923
W00009089,156,49,19,30,107,95,12,31.41025641025641,12.179487179487179,19.230769230769234,68.58974358974359,60.89743589743589,7.6923076923076925
W00009090,193,68,24,44,125,106,19,35.233160621761655,12.435233160621761,22.797927461139896,64.76683937823834,54.92227979274611,9.844559585492227
W00009091,159,59,27,32,100,88,12,37.10691823899371,16.9811320754717,20.125786163522015,62.893081761006286,55.34591194968554,7.547169811320755
W00009092,194,46,23,23,148,124,24,23.711340206185564,11.855670103092782,11.855670103092782,76.28865979381443,63.91752577319587,12.371134020618557
W00009093,260,46,13,33,214,195,19,17.692307692307693,5,12.692307692307692,82.3076923076923,75,7.307692307692308
W00009094,120,30,11,19,90,83,7,25,9.166666666666666,15.833333333333332,75,69.16666666666667,5.833333333333333
W00009095,156,70,28,42,86,72,14,44.871794871794876,17.94871794871795,26.923076923076923,55.12820512820513,46.15384615384615,8.974358974358974
W00009096,228,79,35,44,149,134,15,34.64912280701755,15.350877192982457,19.298245614035086,65.35087719298247,58.77192982456141,6.578947368421052
W00009097,162,60,13,47,102,91,11,37.03703703703704,8.024691358024691,29.01234567901235,62.96296296296296,56.17283950617284,6.790123456790123
W00009098,182,74,31,43,108,90,18,40.65934065934066,17.032967032967033,23.626373626373624,59.34065934065934,49.45054945054945,9.89010989010989
W00009099,128,41,14,27,87,77,10,32.03125,10.9375,21.09375,67.96875,60.15625,7.8125
W00009100,176,55,17,38,121,116,5,31.25,9.659090909090908,21.59090909090909,68.75,65.9090909090909,2.840909090909091
W00009101,179,78,26,52,101,89,12,43.575418994413404,14.52513966480447,29.05027932960894,56.424581005586596,49.72067039106145,6.70391061452514
W00009102,142,41,9,32,101,87,14,28.87323943661972,6.338028169014084,22.535211267605636,71.12676056338029,61.267605633802816,9.859154929577464
W00009104,232,96,26,70,136,125,11,41.37931034482759,11.206896551724139,30.17241379310345,58.620689655172406,53.879310344827594,4.741379310344827
W00009105,174,77,24,53,97,90,7,44.252873563218394,13.793103448275861,30.45977011494253,55.74712643678161,51.724137931034484,4.022988505747127
W00009106,160,51,21,30,109,97,12,31.874999999999996,13.125,18.75,68.125,60.62499999999999,7.5
W00009107,99,36,13,23,63,59,4,36.36363636363637,13.131313131313133,23.232323232323232,63.63636363636363,59.59595959595959,4.040404040404041
W00009108,130,38,11,27,92,83,9,29.230769230769234,8.461538461538462,20.76923076923077,70.76923076923077,63.84615384615384,6.923076923076923
W00009109,51,17,5,12,34,31,3,33.33333333333333,9.803921568627452,23.52941176470588,66.66666666666666,60.78431372549019,5.88235294117647
W00009110,163,54,25,29,109,97,12,33.12883435582822,15.337423312883436,17.791411042944784,66.87116564417178,59.50920245398773,7.361963190184049
W00009111,164,61,28,33,103,92,11,37.19512195121951,17.073170731707318,20.121951219512198,62.80487804878049,56.09756097560976,6.707317073170732
W00009112,191,71,29,42,120,98,22,37.17277486910995,15.18324607329843,21.98952879581152,62.82722513089005,51.30890052356021,11.518324607329843
W00009113,147,46,16,30,101,83,18,31.292517006802722,10.884353741496598,20.408163265306122,68.70748299319727,56.4625850340136,12.244897959183673
W00009114,190,53,19,34,137,122,15,27.89473684210526,10,17.894736842105264,72.10526315789474,64.21052631578948,7.894736842105263
W00009115,148,51,22,29,97,88,9,34.45945945945946,14.864864864864865,19.594594594594593,65.54054054054053,59.45945945945946,6.081081081081082
W00009116,149,44,13,31,105,93,12,29.53020134228188,8.724832214765101,20.80536912751678,70.46979865771812,62.41610738255034,8.053691275167784
W00009117,145,45,18,27,100,92,8,31.03448275862069,12.413793103448276,18.620689655172416,68.96551724137932,63.44827586206897,5.517241379310345
W00009118,85,28,9,19,57,54,3,32.94117647058823,10.588235294117647,22.35294117647059,67.05882352941175,63.52941176470588,3.5294117647058822
W00009119,183,49,16,33,134,122,12,26.775956284153008,8.743169398907105,18.0327868852459,73.224043715847,66.66666666666666,6.557377049180328
W00009120,169,61,12,49,108,93,15,36.09467455621302,7.100591715976331,28.994082840236686,63.905325443786985,55.02958579881657,8.875739644970414
W00009121,102,36,12,24,66,62,4,35.294117647058826,11.76470588235294,23.52941176470588,64.70588235294117,60.78431372549019,3.9215686274509802
W00009123,215,102,31,71,113,105,8,47.44186046511628,14.418604651162791,33.02325581395349,52.55813953488372,48.837209302325576,3.7209302325581395
W00009125,169,72,15,57,97,91,6,42.60355029585799,8.875739644970414,33.72781065088758,57.396449704142015,53.84615384615385,3.5502958579881656
W00009126,202,54,16,38,148,127,21,26.732673267326735,7.920792079207921,18.81188118811881,73.26732673267327,62.87128712871287,10.396039603960396
W00009127,166,76,28,48,90,85,5,45.78313253012048,16.867469879518072,28.915662650602407,54.21686746987952,51.204819277108435,3.0120481927710845
W00009128,160,49,18,31,111,103,8,30.625000000000004,11.25,19.375,69.375,64.375,5
W00009129,159,60,19,41,99,85,14,37.735849056603776,11.949685534591195,25.78616352201258,62.264150943396224,53.459119496855344,8.80503144654088
W00009130,127,46,13,33,81,74,7,36.22047244094488,10.236220472440944,25.984251968503933,63.77952755905512,58.26771653543307,5.511811023622047
W00009131,138,52,13,39,86,80,6,37.68115942028986,9.420289855072465,28.26086956521739,62.31884057971014,57.971014492753625,4.3478260869565215
W00009132,124,37,14,23,87,71,16,29.838709677419356,11.29032258064516,18.548387096774192,70.16129032258065,57.25806451612904,12.903225806451612
W00009133,133,36,8,28,97,85,12,27.06766917293233,6.015037593984962,21.052631578947366,72.93233082706767,63.90977443609023,9.022556390977442
W00009134,130,46,11,35,84,76,8,35.38461538461539,8.461538461538462,26.923076923076923,64.61538461538461,58.46153846153847,6.153846153846154
W00009135,139,57,23,34,82,75,7,41.007194244604314,16.546762589928058,24.46043165467626,58.992805755395686,53.956834532374096,5.0359712230215825
W00009136,166,58,16,42,108,99,9,34.93975903614458,9.63855421686747,25.301204819277107,65.06024096385542,59.63855421686747,5.421686746987952
W00009137,117,29,10,19,88,79,9,24.786324786324787,8.547008547008547,16.23931623931624,75.21367521367522,67.52136752136752,7.6923076923076925
W00009138,158,41,6,35,117,100,17,25.949367088607595,3.79746835443038,22.151898734177212,74.0506329113924,63.29113924050633,10.759493670886076
W00009139,135,34,8,26,101,88,13,25.185185185185183,5.9259259259259265,19.25925925925926,74.81481481481481,65.18518518518519,9.62962962962963
W00009140,201,66,19,47,135,121,14,32.83582089552239,9.45273631840796,23.383084577114428,67.16417910447761,60.19900497512438,6.965174129353234
W00009141,241,70,9,61,171,151,20,29.045643153526974,3.7344398340248963,25.311203319502074,70.95435684647303,62.655601659751035,8.29875518672199
W00009142,105,29,8,21,76,71,5,27.61904761904762,7.6190476190476195,20,72.38095238095238,67.61904761904762,4.761904761904762
W00009143,139,37,11,26,102,83,19,26.618705035971225,7.913669064748201,18.705035971223023,73.38129496402878,59.71223021582733,13.66906474820144
W00009144,134,43,17,26,91,88,3,32.08955223880597,12.686567164179104,19.402985074626866,67.91044776119402,65.67164179104478,2.2388059701492535
W00009145,149,40,12,28,109,96,13,26.845637583892618,8.053691275167784,18.79194630872483,73.15436241610739,64.42953020134227,8.724832214765101
W00009146,153,46,21,25,107,95,12,30.065359477124183,13.725490196078432,16.33986928104575,69.93464052287581,62.091503267973856,7.8431372549019605
W00009147,149,48,18,30,101,95,6,32.21476510067114,12.080536912751679,20.13422818791946,67.78523489932886,63.758389261744966,4.026845637583892
W00009148,32,9,2,7,23,21,2,28.125,6.25,21.875,71.875,65.625,6.25
W00009149,168,46,15,31,122,104,18,27.380952380952383,8.928571428571429,18.452380952380953,72.61904761904762,61.904761904761905,10.714285714285714
W00009150,165,54,16,38,111,103,8,32.72727272727273,9.696969696969697,23.03030303030303,67.27272727272727,62.42424242424243,4.848484848484849
W00009151,168,43,9,34,125,111,14,25.595238095238095,5.357142857142857,20.238095238095237,74.40476190476191,66.07142857142857,8.333333333333332
W00009152,183,46,13,33,137,120,17,25.136612021857925,7.103825136612022,18.0327868852459,74.86338797814209,65.57377049180327,9.289617486338798
W00009153,150,39,14,25,111,96,15,26,9.333333333333334,16.666666666666664,74,64,10
W00009154,226,58,18,40,168,153,15,25.663716814159294,7.964601769911504,17.699115044247787,74.33628318584071,67.69911504424779,6.637168141592921
W00009155,118,25,6,19,93,83,10,21.1864406779661,5.084745762711865,16.101694915254235,78.8135593220339,70.33898305084746,8.47457627118644
W00009156,127,41,10,31,86,77,9,32.28346456692913,7.874015748031496,24.409448818897637,67.71653543307087,60.629921259842526,7.086614173228346
W00009157,259,65,29,36,194,173,21,25.096525096525095,11.196911196911197,13.8996138996139,74.9034749034749,66.79536679536679,8.108108108108109
W00009159,185,52,14,38,133,122,11,28.10810810810811,7.567567567567568,20.54054054054054,71.89189189189189,65.94594594594595,5.9459459459459465
W00009160,172,46,12,34,126,104,22,26.744186046511626,6.976744186046512,19.767441860465116,73.25581395348837,60.46511627906976,12.790697674418606
W00009161,210,59,13,46,151,125,26,28.095238095238095,6.190476190476191,21.904761904761905,71.9047619047619,59.523809523809526,12.380952380952381
W00009162,149,34,12,22,115,103,12,22.818791946308725,8.053691275167784,14.76510067114094,77.18120805369128,69.12751677852349,8.053691275167784
W00009163,173,45,12,33,128,118,10,26.011560693641616,6.9364161849710975,19.07514450867052,73.98843930635837,68.20809248554913,5.780346820809249
W00009164,151,50,10,40,101,95,6,33.11258278145696,6.622516556291391,26.490066225165563,66.88741721854305,62.913907284768214,3.9735099337748347
W00009165,127,39,7,32,88,78,10,30.708661417322837,5.511811023622047,25.196850393700785,69.29133858267717,61.417322834645674,7.874015748031496
W00009166,133,38,10,28,95,83,12,28.57142857142857,7.518796992481203,21.052631578947366,71.42857142857143,62.40601503759399,9.022556390977442
W00009168,88,25,8,17,63,53,10,28.40909090909091,9.090909090909092,19.318181818181817,71.5909090909091,60.22727272727273,11.363636363636363
W00009169,137,42,13,29,95,79,16,30.656934306569344,9.48905109489051,21.16788321167883,69.34306569343066,57.66423357664233,11.678832116788321
W00009170,133,47,25,22,86,73,13,35.338345864661655,18.796992481203006,16.541353383458645,64.66165413533834,54.88721804511278,9.774436090225564
W00009171,265,70,22,48,195,172,23,26.41509433962264,8.30188679245283,18.11320754716981,73.58490566037736,64.90566037735849,8.679245283018867
W00009172,147,37,14,23,110,86,24,25.170068027210885,9.523809523809524,15.646258503401361,74.82993197278913,58.50340136054422,16.3265306122449
W00009173,124,28,11,17,96,78,18,22.58064516129032,8.870967741935484,13.709677419354838,77.41935483870968,62.903225806451616,14.516129032258066
W00009174,184,47,14,33,137,116,21,25.543478260869566,7.608695652173914,17.934782608695652,74.45652173913044,63.04347826086957,11.41304347826087
W00009175,170,55,11,44,115,89,26,32.35294117647059,6.470588235294119,25.882352941176475,67.64705882352942,52.352941176470594,15.294117647058824
W00009176,159,48,22,26,111,89,22,30.18867924528302,13.836477987421384,16.352201257861633,69.81132075471697,55.9748427672956,13.836477987421384
W00009177,160,39,12,27,121,100,21,24.375,7.5,16.875,75.625,62.5,13.125
W00009178,118,49,21,28,69,60,9,41.52542372881356,17.796610169491526,23.728813559322035,58.47457627118644,50.847457627118644,7.627118644067797
W00009179,153,44,19,25,109,87,22,28.75816993464052,12.418300653594772,16.33986928104575,71.24183006535948,56.86274509803921,14.37908496732026
W00009180,153,31,10,21,122,104,18,20.26143790849673,6.535947712418301,13.725490196078432,79.73856209150327,67.97385620915033,11.76470588235294
W00009181,271,74,21,53,197,172,25,27.30627306273063,7.7490774907749085,19.557195571955717,72.69372693726937,63.46863468634686,9.22509225092251
W00009182,134,43,19,24,91,75,16,32.08955223880597,14.17910447761194,17.91044776119403,67.91044776119402,55.970149253731336,11.940298507462686
W00009183,181,53,19,34,128,112,16,29.2817679558011,10.497237569060774,18.784530386740332,70.71823204419888,61.87845303867403,8.83977900552486
W00009184,130,42,19,23,88,65,23,32.30769230769231,14.615384615384617,17.692307692307693,67.6923076923077,50,17.692307692307693
W00009186,148,44,20,24,104,84,20,29.72972972972973,13.513513513513514,16.216216216216218,70.27027027027027,56.75675675675676,13.513513513513514
W00009187,137,42,19,23,95,83,12,30.656934306569344,13.86861313868613,16.78832116788321,69.34306569343066,60.58394160583942,8.75912408759124
W00009188,186,54,15,39,132,113,19,29.03225806451613,8.064516129032258,20.967741935483872,70.96774193548387,60.752688172043015,10.21505376344086
W00009189,139,38,17,21,101,90,11,27.33812949640288,12.23021582733813,15.107913669064748,72.66187050359713,64.74820143884892,7.913669064748201
W00009190,152,49,18,31,103,95,8,32.23684210526316,11.842105263157894,20.394736842105264,67.76315789473685,62.5,5.263157894736842
W00009191,221,59,23,36,162,142,20,26.69683257918552,10.407239819004525,16.289592760180994,73.303167420814475,64.25339366515837,9.049773755656108
W00009192,101,23,9,14,78,65,13,22.772277227722775,8.91089108910891,13.861386138613863,77.22772277227723,64.35643564356435,12.871287128712872
W00009193,120,35,14,21,85,68,17,29.166666666666668,11.666666666666666,17.5,70.83333333333334,56.666666666666664,14.166666666666666
W00009194,171,46,19,27,125,105,20,26.900584795321635,11.11111111111111,15.789473684210526,73.09941520467837,61.40350877192983,11.695906432748536
W00009195,149,39,17,22,110,89,21,26.174496644295303,11.409395973154362,14.76510067114094,73.8255033557047,59.73154362416108,14.093959731543624
W00009196,152,34,15,19,118,109,9,22.36842105263158,9.868421052631579,12.5,77.63157894736842,71.71052631578947,5.921052631578947
W00009197,115,37,18,19,78,62,16,32.17391304347826,15.65217391304348,16.52173913043478,67.82608695652173,53.91304347826087,13.91304347826087
W00009198,203,52,18,34,151,115,36,25.615763546798032,8.866995073891626,16.748768472906402,74.38423645320196,56.65024630541872,17.733990147783253
W00009199,141,40,12,28,101,91,10,28.368794326241137,8.51063829787234,19.858156028368796,71.63120567375887,64.53900709219859,7.092198581560284
W00009200,135,40,13,27,95,79,16,29.629629629629626,9.62962962962963,20,70.37037037037037,58.51851851851851,11.851851851851853
W00009201,155,45,14,31,110,94,16,29.03225806451613,9.032258064516128,20,70.96774193548387,60.64516129032258,10.32258064516129
W00009202,147,35,5,30,112,101,11,23.809523809523807,3.4013605442176873,20.408163265306122,76.19047619047619,68.70748299319727,7.482993197278912
W00009203,83,26,7,19,57,46,11,31.32530120481928,8.433734939759036,22.89156626506024,68.67469879518072,55.42168674698795,13.253012048192772
W00009204,107,26,10,16,81,66,15,24.299065420560748,9.345794392523365,14.953271028037381,75.70093457943925,61.6822429906542,14.018691588785046
W00009205,143,36,10,26,107,94,13,25.174825174825177,6.993006993006993,18.181818181818183,74.82517482517483,65.73426573426573,9.090909090909092
W00009206,127,45,12,33,82,74,8,35.43307086614173,9.448818897637794,25.984251968503933,64.56692913385827,58.26771653543307,6.299212598425196
W00009207,104,35,10,25,69,60,9,33.65384615384615,9.615384615384617,24.03846153846154,66.34615384615384,57.692307692307686,8.653846153846153
W00009208,143,42,19,23,101,93,8,29.37062937062937,13.286713286713287,16.083916083916083,70.62937062937063,65.03496503496503,5.594405594405594
W00009209,101,32,7,25,69,62,7,31.683168316831683,6.9306930693069315,24.752475247524753,68.31683168316832,61.386138613861384,6.9306930693069315
W00009210,119,40,11,29,79,75,4,33.61344537815126,9.243697478991598,24.369747899159663,66.38655462184873,63.02521008403361,3.361344537815126
W00009211,139,42,19,23,97,89,8,30.215827338129497,13.66906474820144,16.546762589928058,69.7841726618705,64.02877697841727,5.755395683453238
W00009212,123,43,13,30,80,68,12,34.959349593495936,10.569105691056912,24.390243902439025,65.04065040650406,55.28455284552846,9.75609756097561
W00009213,137,50,17,33,87,69,18,36.496350364963504,12.408759124087592,24.087591240875913,63.503649635036496,50.36496350364964,13.138686131386862
W00009214,74,28,8,20,46,42,4,37.83783783783784,10.81081081081081,27.027027027027028,62.16216216216216,56.75675675675676,5.405405405405405
W00009215,138,46,16,30,92,78,14,33.33333333333333,11.594202898550725,21.73913043478261,66.66666666666666,56.52173913043478,10.144927536231885
W00009216,192,50,13,37,142,127,15,26.041666666666668,6.770833333333333,19.270833333333336,73.95833333333334,66.14583333333334,7.8125
W00009217,114,44,13,31,70,60,10,38.59649122807017,11.403508771929824,27.192982456140353,61.40350877192983,52.63157894736842,8.771929824561402
W00009218,143,42,11,31,101,94,7,29.37062937062937,7.6923076923076925,21.678321678321677,70.62937062937063,65.73426573426573,4.895104895104895
W00009219,147,45,11,34,102,90,12,30.612244897959183,7.482993197278912,23.12925170068027,69.38775510204081,61.224489795918366,8.16326530612245
W00009220,139,56,14,42,83,73,10,40.28776978417266,10.071942446043165,30.215827338129497,59.71223021582733,52.51798561151079,7.1942446043165464
W00009221,160,54,14,40,106,100,6,33.75,8.75,25,66.25,62.5,3.75
W00009222,55,23,11,12,32,32,0,41.81818181818181,20,21.818181818181817,58.18181818181818,58.18181818181818,0
W00009223,147,54,17,37,93,79,14,36.734693877551024,11.564625850340136,25.170068027210885,63.26530612244898,53.74149659863946,9.523809523809524
W00009224,139,48,16,32,91,83,8,34.53237410071942,11.510791366906476,23.021582733812952,65.46762589928058,59.71223021582733,5.755395683453238
W00009225,178,45,16,29,133,125,8,25.280898876404496,8.98876404494382,16.292134831460675,74.71910112359551,70.2247191011236,4.49438202247191
W00009226,139,57,16,41,82,75,7,41.007194244604314,11.510791366906476,29.496402877697843,58.992805755395686,53.956834532374096,5.0359712230215825
W00009227,138,40,8,32,98,85,13,28.985507246376812,5.797101449275362,23.18840579710145,71.01449275362319,61.59420289855072,9.420289855072465
W00009228,152,40,10,30,112,98,14,26.31578947368421,6.578947368421052,19.736842105263158,73.68421052631578,64.47368421052632,9.210526315789473
W00009229,192,52,9,43,140,123,17,27.083333333333332,4.6875,22.395833333333336,72.91666666666666,64.0625,8.854166666666668
W00009230,143,37,7,30,106,97,9,25.874125874125873,4.895104895104895,20.97902097902098,74.12587412587412,67.83216783216784,6.293706293706294
W00009231,90,36,11,25,54,45,9,40,12.222222222222221,27.77777777777778,60,50,10
W00009232,150,39,13,26,111,100,11,26,8.666666666666668,17.333333333333336,74,66.66666666666666,7.333333333333333
W00009233,143,38,7,31,105,91,14,26.573426573426573,4.895104895104895,21.678321678321677,73.42657342657343,63.63636363636363,9.79020979020979
W00009234,105,38,6,32,67,64,3,36.19047619047619,5.714285714285714,30.476190476190478,63.8095238095238,60.952380952380956,2.857142857142857
W00009235,189,47,13,34,142,127,15,24.867724867724867,6.878306878306878,17.989417989417987,75.13227513227513,67.1957671957672,7.936507936507936
W00009236,141,59,19,40,82,69,13,41.843971631205676,13.47517730496454,28.368794326241137,58.156028368794324,48.93617021276596,9.219858156028367
W00009237,183,76,28,48,107,96,11,41.53005464480874,15.300546448087433,26.229508196721312,58.46994535519126,52.459016393442624,6.0109289617486334
W00009238,149,34,8,26,115,109,6,22.818791946308725,5.369127516778524,17.449664429530202,77.18120805369128,73.15436241610739,4.026845637583892
W00009239,143,50,17,33,93,79,14,34.96503496503497,11.888111888111888,23.076923076923077,65.03496503496503,55.24475524475524,9.79020979020979
W00009240,138,48,13,35,90,84,6,34.78260869565217,9.420289855072465,25.36231884057971,65.21739130434783,60.86956521739131,4.3478260869565215
W00009241,121,44,15,29,77,70,7,36.36363636363637,12.396694214876034,23.96694214876033,63.63636363636363,57.85123966942148,5.785123966942149
W00009242,185,57,12,45,128,113,15,30.810810810810814,6.486486486486487,24.324324324324326,69.1891891891892,61.08108108108108,8.108108108108109
W00009243,158,54,19,35,104,92,12,34.177215189873415,12.025316455696203,22.151898734177212,65.82278481012658,58.22784810126582,7.59493670886076
W00009244,148,36,12,24,112,97,15,24.324324324324326,8.108108108108109,16.216216216216218,75.67567567567568,65.54054054054053,10.135135135135135
W00009245,241,69,25,44,172,148,24,28.63070539419087,10.37344398340249,18.25726141078838,71.36929460580913,61.41078838174274,9.95850622406639
W00009246,145,50,14,36,95,80,15,34.48275862068966,9.655172413793103,24.82758620689655,65.51724137931035,55.172413793103445,10.344827586206897
W00009247,152,45,11,34,107,97,10,29.605263157894733,7.236842105263158,22.36842105263158,70.39473684210526,63.81578947368421,6.578947368421052
W00009248,154,48,14,34,106,93,13,31.16883116883117,9.090909090909092,22.07792207792208,68.83116883116884,60.3896103896104,8.441558441558442
W00009249,168,42,14,28,126,101,25,25,8.333333333333332,16.666666666666664,75,60.11904761904761,14.880952380952381
W00009250,139,33,11,22,106,92,14,23.741007194244602,7.913669064748201,15.827338129496402,76.2589928057554,66.18705035971223,10.071942446043165
W00009251,185,51,21,30,134,112,22,27.56756756756757,11.351351351351353,16.216216216216218,72.43243243243244,60.54054054054055,11.891891891891893
W00009252,171,49,22,27,122,111,11,28.654970760233915,12.865497076023392,15.789473684210526,71.34502923976608,64.91228070175438,6.432748538011696
W00009253,122,42,18,24,80,72,8,34.42622950819672,14.754098360655737,19.672131147540984,65.57377049180327,59.01639344262295,6.557377049180328
W00009254,103,30,10,20,73,67,6,29.126213592233007,9.70873786407767,19.41747572815534,70.87378640776699,65.0485436893204,5.825242718446602
W00009255,132,43,4,39,89,79,10,32.57575757575758,3.0303030303030303,29.545454545454547,67.42424242424242,59.84848484848485,7.575757575757576
W00009256,197,56,14,42,141,116,25,28.426395939086298,7.1065989847715745,21.31979695431472,71.57360406091371,58.88324873096447,12.690355329949238
W00009258,155,38,9,29,117,106,11,24.516129032258064,5.806451612903226,18.70967741935484,75.48387096774194,68.38709677419355,7.096774193548387
W00009259,106,27,12,15,79,69,10,25.471698113207548,11.320754716981133,14.150943396226415,74.52830188679245,65.09433962264151,9.433962264150944
W00009260,127,37,11,26,90,79,11,29.133858267716533,8.661417322834646,20.47244094488189,70.86614173228347,62.20472440944882,8.661417322834646
W00009261,167,49,16,33,118,106,12,29.34131736526946,9.580838323353294,19.760479041916167,70.65868263473054,63.47305389221557,7.18562874251497
W00009262,160,50,12,38,110,99,11,31.25,7.5,23.75,68.75,61.875,6.875000000000001
W00009263,253,61,22,39,192,170,22,24.110671936758894,8.695652173913043,15.41501976284585,75.8893280632411,67.19367588932806,8.695652173913043
W00009264,154,42,9,33,112,104,8,27.27272727272727,5.844155844155844,21.428571428571427,72.72727272727273,67.53246753246754,5.194805194805195
W00009265,152,46,6,40,106,88,18,30.263157894736842,3.9473684210526314,26.31578947368421,69.73684210526315,57.89473684210527,11.842105263157894
W00009266,138,38,12,26,100,93,7,27.536231884057973,8.695652173913043,18.84057971014493,72.46376811594203,67.3913043478261,5.072463768115942
W00009267,131,35,12,23,96,79,17,26.717557251908396,9.16030534351145,17.557251908396946,73.2824427480916,60.30534351145038,12.977099236641221
W00009268,138,27,10,17,111,105,6,19.565217391304348,7.246376811594203,12.318840579710146,80.43478260869566,76.08695652173914,4.3478260869565215
W00009269,162,40,8,32,122,110,12,24.691358024691358,4.938271604938271,19.753086419753085,75.30864197530865,67.90123456790124,7.4074074074074066
W00009270,139,44,10,34,95,84,11,31.654676258992804,7.1942446043165464,24.46043165467626,68.34532374100719,60.431654676258994,7.913669064748201
W00009271,103,23,10,13,80,68,12,22.330097087378643,9.70873786407767,12.62135922330097,77.66990291262135,66.01941747572816,11.650485436893204
W00009272,140,44,10,34,96,87,9,31.428571428571427,7.142857142857142,24.285714285714285,68.57142857142857,62.142857142857146,6.428571428571428
W00009273,137,40,15,25,97,88,9,29.1970802919708,10.948905109489052,18.248175182481752,70.8029197080292,64.23357664233576,6.569343065693431
W00009274,111,40,9,31,71,63,8,36.03603603603604,8.108108108108109,27.927927927927925,63.96396396396396,56.75675675675676,7.207207207207207
W00009275,98,33,6,27,65,57,8,33.6734693877551,6.122448979591836,27.55102040816326,66.3265306122449,58.16326530612245,8.16326530612245
W00009276,137,35,9,26,102,83,19,25.547445255474454,6.569343065693431,18.97810218978102,74.45255474452554,60.58394160583942,13.86861313868613
W00009277,142,37,14,23,105,91,14,26.056338028169012,9.859154929577464,16.19718309859155,73.94366197183099,64.08450704225352,9.859154929577464
W00009278,124,36,10,26,88,80,8,29.03225806451613,8.064516129032258,20.967741935483872,70.96774193548387,64.51612903225806,6.451612903225806
W00009279,147,53,15,38,94,84,10,36.054421768707485,10.204081632653061,25.850340136054424,63.94557823129252,57.14285714285714,6.802721088435375
W00009280,164,46,13,33,118,100,18,28.04878048780488,7.926829268292683,20.121951219512198,71.95121951219512,60.97560975609756,10.975609756097562
W00009281,152,47,12,35,105,93,12,30.92105263157895,7.894736842105263,23.026315789473685,69.07894736842105,61.18421052631579,7.894736842105263
W00009282,122,27,5,22,95,87,8,22.131147540983605,4.098360655737705,18.0327868852459,77.8688524590164,71.31147540983606,6.557377049180328
W00009283,154,46,15,31,108,103,5,29.87012987012987,9.740259740259742,20.12987012987013,70.12987012987013,66.88311688311688,3.2467532467532463
W00009284,146,51,8,43,95,85,10,34.93150684931507,5.47945205479452,29.45205479452055,65.06849315068493,58.21917808219178,6.8493150684931505
W00009285,159,40,13,27,119,107,12,25.157232704402517,8.176100628930817,16.9811320754717,74.84276729559748,67.29559748427673,7.547169811320755
W00009286,126,39,18,21,87,78,9,30.952380952380953,14.285714285714285,16.666666666666664,69.04761904761905,61.904761904761905,7.142857142857142
W00009287,119,38,20,18,81,66,15,31.932773109243694,16.80672268907563,15.126050420168067,68.0672268907563,55.46218487394958,12.605042016806722
W00009288,172,54,14,40,118,108,10,31.3953488372093,8.13953488372093,23.25581395348837,68.6046511627907,62.7906976744186,5.813953488372093
W00009289,127,44,15,29,83,70,13,34.645669291338585,11.811023622047244,22.83464566929134,65.35433070866141,55.118110236220474,10.236220472440944
W00009290,142,41,9,32,101,88,13,28.87323943661972,6.338028169014084,22.535211267605636,71.12676056338029,61.97183098591549,9.15492957746479
W00009291,54,15,7,8,39,34,5,27.77777777777778,12.962962962962962,14.814814814814813,72.22222222222221,62.96296296296296,9.25925925925926
W00009292,89,21,3,18,68,54,14,23.595505617977526,3.3707865168539324,20.224719101123593,76.40449438202246,60.67415730337079,15.730337078651685
W00009293,160,48,18,30,112,103,9,30,11.25,18.75,70,64.375,5.625
W00009294,93,22,3,19,71,68,3,23.655913978494624,3.225806451612903,20.43010752688172,76.34408602150538,73.11827956989248,3.225806451612903
W00009295,166,70,23,47,96,87,9,42.168674698795186,13.855421686746988,28.313253012048197,57.831325301204814,52.40963855421686,5.421686746987952
W00009296,117,28,7,21,89,79,10,23.931623931623932,5.982905982905983,17.94871794871795,76.06837606837607,67.52136752136752,8.547008547008547
W00009297,133,40,9,31,93,88,5,30.075187969924812,6.7669172932330826,23.308270676691727,69.92481203007519,66.16541353383458,3.7593984962406015
W00009298,131,41,12,29,90,80,10,31.297709923664126,9.16030534351145,22.137404580152673,68.70229007633588,61.06870229007634,7.633587786259542
W00009299,114,53,13,40,61,55,6,46.49122807017544,11.403508771929824,35.08771929824561,53.50877192982456,48.24561403508772,5.263157894736842
W00009300,114,38,9,29,76,67,9,33.33333333333333,7.894736842105263,25.438596491228072,66.66666666666666,58.77192982456141,7.894736842105263
W00009301,154,47,13,34,107,101,6,30.519480519480517,8.441558441558442,22.07792207792208,69.48051948051948,65.5844155844156,3.896103896103896
W00009302,163,50,11,39,113,102,11,30.67484662576687,6.748466257668712,23.92638036809816,69.32515337423312,62.57668711656442,6.748466257668712
W00009303,118,31,9,22,87,75,12,26.27118644067797,7.627118644067797,18.64406779661017,73.72881355932203,63.559322033898304,10.16949152542373
W00009304,149,39,14,25,110,95,15,26.174496644295303,9.395973154362416,16.778523489932887,73.8255033557047,63.758389261744966,10.06711409395973
W00009305,119,32,6,26,87,81,6,26.89075630252101,5.042016806722689,21.84873949579832,73.10924369747899,68.0672268907563,5.042016806722689
W00009306,96,32,11,21,64,59,5,33.33333333333333,11.458333333333332,21.875,66.66666666666666,61.458333333333336,5.208333333333334
W00009307,154,44,13,31,110,98,12,28.57142857142857,8.441558441558442,20.12987012987013,71.42857142857143,63.63636363636363,7.792207792207792
W00009308,109,39,10,29,70,63,7,35.77981651376147,9.174311926605505,26.605504587155966,64.22018348623854,57.798165137614674,6.422018348623854
W00009309,130,46,11,35,84,76,8,35.38461538461539,8.461538461538462,26.923076923076923,64.61538461538461,58.46153846153847,6.153846153846154
W00009310,120,36,10,26,84,71,13,30,8.333333333333332,21.666666666666668,70,59.166666666666664,10.833333333333334
W00009311,139,41,10,31,98,91,7,29.496402877697843,7.1942446043165464,22.302158273381295,70.50359712230215,65.46762589928058,5.0359712230215825
W00009312,145,51,12,39,94,78,16,35.172413793103445,8.275862068965518,26.89655172413793,64.82758620689654,53.79310344827586,11.03448275862069
W00009313,82,30,8,22,52,48,4,36.58536585365854,9.75609756097561,26.82926829268293,63.41463414634146,58.536585365853654,4.878048780487805
W00009314,128,41,12,29,87,80,7,32.03125,9.375,22.65625,67.96875,62.5,5.46875
W00009315,127,27,5,22,100,88,12,21.25984251968504,3.937007874015748,17.322834645669293,78.74015748031496,69.29133858267717,9.448818897637794
W00009316,134,34,6,28,100,93,7,25.37313432835821,4.477611940298507,20.8955223880597,74.6268656716418,69.40298507462687,5.223880597014925
W00009317,112,28,0,28,84,79,5,25,0,25,75,70.53571428571429,4.464285714285714
W00009318,138,45,19,26,93,84,9,32.608695652173914,13.768115942028986,18.84057971014493,67.3913043478261,60.86956521739131,6.521739130434782
W00009319,123,58,9,49,65,59,6,47.15447154471545,7.317073170731707,39.83739837398374,52.84552845528455,47.96747967479675,4.878048780487805
W00009320,152,53,13,40,99,89,10,34.868421052631575,8.552631578947368,26.31578947368421,65.13157894736842,58.55263157894737,6.578947368421052
W00009321,125,43,11,32,82,71,11,34.4,8.799999999999999,25.6,65.60000000000001,56.8,8.799999999999999
W00009322,151,61,24,37,90,85,5,40.397350993377486,15.894039735099339,24.503311258278146,59.60264900662252,56.29139072847682,3.3112582781456954
W00009323,112,41,13,28,71,62,9,36.607142857142854,11.607142857142858,25,63.39285714285714,55.35714285714286,8.035714285714286
W00009324,139,51,7,44,88,78,10,36.69064748201439,5.0359712230215825,31.654676258992804,63.30935251798561,56.11510791366906,7.1942446043165464
W00009325,139,52,12,40,87,77,10,37.410071942446045,8.633093525179856,28.776978417266186,62.589928057553955,55.39568345323741,7.1942446043165464
W00009326,115,34,7,27,81,75,6,29.565217391304348,6.086956521739131,23.47826086956522,70.43478260869566,65.21739130434783,5.217391304347826
W00009327,95,46,13,33,49,49,0,48.421052631578945,13.684210526315791,34.73684210526316,51.578947368421055,51.578947368421055,0
W00009328,160,57,12,45,103,94,9,35.625,7.5,28.125,64.375,58.75,5.625
W00009329,151,50,18,32,101,90,11,33.11258278145696,11.920529801324504,21.192052980132452,66.88741721854305,59.60264900662252,7.28476821192053
W00009330,140,45,10,35,95,88,7,32.142857142857146,7.142857142857142,25,67.85714285714286,62.857142857142854,5
W00009331,178,51,9,42,127,101,26,28.651685393258425,5.056179775280898,23.595505617977526,71.34831460674157,56.74157303370787,14.606741573033707
W00009332,132,39,17,22,93,86,7,29.545454545454547,12.878787878787879,16.666666666666664,70.45454545454545,65.15151515151516,5.303030303030303
W00009333,168,58,13,45,110,99,11,34.523809523809526,7.738095238095238,26.785714285714285,65.47619047619048,58.92857142857143,6.547619047619048
W00009334,90,25,5,20,65,55,10,27.77777777777778,5.555555555555555,22.22222222222222,72.22222222222221,61.111111111111114,11.11111111111111
W00009335,163,65,16,49,98,87,11,39.87730061349693,9.815950920245399,30.061349693251532,60.122699386503065,53.37423312883436,6.748466257668712
W00009336,136,36,12,24,100,96,4,26.47058823529412,8.823529411764707,17.647058823529413,73.52941176470588,70.58823529411765,2.941176470588235
W00009337,243,65,21,44,178,164,14,26.748971193415638,8.641975308641975,18.106995884773664,73.25102880658436,67.48971193415639,5.761316872427984
W00009338,147,45,14,31,102,97,5,30.612244897959183,9.523809523809524,21.08843537414966,69.38775510204081,65.98639455782312,3.4013605442176873
W00009339,110,42,14,28,68,61,7,38.18181818181819,12.727272727272727,25.454545454545453,61.81818181818181,55.45454545454545,6.363636363636363
W00009340,153,60,34,26,93,84,9,39.21568627450981,22.22222222222222,16.99346405228758,60.78431372549019,54.90196078431373,5.88235294117647
W00009341,150,50,13,37,100,91,9,33.33333333333333,8.666666666666668,24.666666666666668,66.66666666666666,60.66666666666667,6
W00009342,153,49,9,40,104,96,8,32.02614379084967,5.88235294117647,26.143790849673206,67.97385620915033,62.745098039215684,5.228758169934641
W00009343,115,33,11,22,82,77,5,28.695652173913043,9.565217391304348,19.130434782608695,71.30434782608695,66.95652173913044,4.3478260869565215
W00009344,147,72,20,52,75,75,0,48.97959183673469,13.60544217687075,35.374149659863946,51.02040816326531,51.02040816326531,0
W00009345,145,69,22,47,76,66,10,47.58620689655172,15.172413793103448,32.41379310344827,52.41379310344828,45.51724137931035,6.896551724137931
W00009346,125,44,11,33,81,77,4,35.199999999999996,8.799999999999999,26.400000000000002,64.8,61.6,3.2
W00009347,106,36,11,25,70,65,5,33.9622641509434,10.377358490566039,23.58490566037736,66.0377358490566,61.32075471698113,4.716981132075472
W00009348,170,54,12,42,116,106,10,31.76470588235294,7.0588235294117645,24.705882352941178,68.23529411764706,62.35294117647059,5.88235294117647
W00009349,119,37,11,26,82,73,9,31.092436974789916,9.243697478991598,21.84873949579832,68.90756302521008,61.34453781512605,7.563025210084033
W00009350,103,33,7,26,70,60,10,32.038834951456316,6.796116504854369,25.24271844660194,67.96116504854369,58.252427184466015,9.70873786407767
W00009351,125,37,13,24,88,78,10,29.599999999999998,10.4,19.2,70.39999999999999,62.4,8
W00009352,122,40,10,30,82,74,8,32.78688524590164,8.19672131147541,24.59016393442623,67.21311475409836,60.65573770491803,6.557377049180328
W00009353,133,42,7,35,91,87,4,31.57894736842105,5.263157894736842,26.31578947368421,68.42105263157895,65.41353383458647,3.007518796992481
W00009354,119,45,14,31,74,70,4,37.81512605042017,11.76470588235294,26.05042016806723,62.18487394957983,58.82352941176471,3.361344537815126
W00009355,125,34,8,26,91,86,5,27.200000000000003,6.4,20.8,72.8,68.8,4
W00009356,184,58,15,43,126,114,12,31.521739130434785,8.152173913043478,23.369565217391305,68.47826086956522,61.95652173913043,6.521739130434782
W00009357,110,37,9,28,73,66,7,33.63636363636363,8.181818181818182,25.454545454545453,66.36363636363637,60,6.363636363636363
W00009358,161,48,6,42,113,100,13,29.81366459627329,3.7267080745341614,26.08695652173913,70.1863354037267,62.11180124223602,8.074534161490684
W00009359,82,37,18,19,45,41,4,45.1219512195122,21.951219512195124,23.170731707317074,54.87804878048781,50,4.878048780487805
W00009360,120,40,9,31,80,78,2,33.33333333333333,7.5,25.833333333333336,66.66666666666666,65,1.6666666666666667
W00009361,155,54,12,42,101,96,5,34.83870967741935,7.741935483870968,27.09677419354839,65.16129032258064,61.935483870967744,3.225806451612903
W00009362,122,45,14,31,77,74,3,36.885245901639344,11.475409836065573,25.40983606557377,63.114754098360656,60.65573770491803,2.459016393442623
W00009363,113,32,9,23,81,75,6,28.31858407079646,7.964601769911504,20.353982300884958,71.68141592920354,66.3716814159292,5.3097345132743365
W00009364,168,64,25,39,104,92,12,38.095238095238095,14.880952380952381,23.214285714285715,61.904761904761905,54.761904761904766,7.142857142857142
W00009365,94,33,0,33,61,56,5,35.1063829787234,0,35.1063829787234,64.8936170212766,59.57446808510638,5.319148936170213
W00009366,166,61,14,47,105,96,9,36.74698795180723,8.433734939759036,28.313253012048197,63.25301204819277,57.831325301204814,5.421686746987952
W00009367,135,42,21,21,93,82,11,31.11111111111111,15.555555555555555,15.555555555555555,68.88888888888889,60.74074074074074,8.148148148148149
W00009368,161,52,21,31,109,99,10,32.298136645962735,13.043478260869565,19.25465838509317,67.70186335403726,61.49068322981367,6.211180124223603
W00009369,160,57,17,40,103,91,12,35.625,10.625,25,64.375,56.875,7.5
W00009371,151,49,9,40,102,96,6,32.450331125827816,5.960264900662252,26.490066225165563,67.54966887417218,63.576158940397356,3.9735099337748347
W00009372,202,68,15,53,134,121,13,33.663366336633665,7.425742574257425,26.237623762376238,66.33663366336634,59.900990099009896,6.435643564356436
W00009373,147,48,15,33,99,90,9,32.6530612244898,10.204081632653061,22.448979591836736,67.3469387755102,61.224489795918366,6.122448979591836
W00009374,155,56,13,43,99,86,13,36.12903225806451,8.38709677419355,27.741935483870968,63.87096774193548,55.483870967741936,8.38709677419355
W00009375,203,47,19,28,156,128,28,23.15270935960591,9.35960591133005,13.793103448275861,76.84729064039408,63.05418719211823,13.793103448275861
W00009376,182,53,15,38,129,110,19,29.120879120879124,8.241758241758241,20.87912087912088,70.87912087912088,60.43956043956044,10.43956043956044
W00009377,136,47,22,25,89,71,18,34.55882352941176,16.176470588235293,18.38235294117647,65.44117647058823,52.20588235294118,13.23529411764706
W00009378,168,41,16,25,127,108,19,24.404761904761905,9.523809523809524,14.880952380952381,75.59523809523809,64.28571428571429,11.30952380952381
W00009379,105,39,8,31,66,56,10,37.142857142857146,7.6190476190476195,29.523809523809526,62.857142857142854,53.333333333333336,9.523809523809524
W00009380,95,24,11,13,71,60,11,25.263157894736842,11.578947368421053,13.684210526315791,74.73684210526315,63.1578947368421,11.578947368421053
W00009381,116,45,16,29,71,57,14,38.793103448275865,13.793103448275861,25,61.206896551724135,49.137931034482754,12.068965517241379
W00009382,138,39,13,26,99,85,14,28.26086956521739,9.420289855072465,18.84057971014493,71.73913043478261,61.59420289855072,10.144927536231885
W00009383,125,46,18,28,79,68,11,36.8,14.399999999999999,22.400000000000002,63.2,54.400000000000006,8.799999999999999
W00009384,139,45,14,31,94,69,25,32.37410071942446,10.071942446043165,22.302158273381295,67.62589928057554,49.64028776978417,17.985611510791365
W00009385,167,50,28,22,117,105,12,29.94011976047904,16.766467065868262,13.17365269461078,70.05988023952095,62.874251497005986,7.18562874251497
W00009386,164,50,14,36,114,93,21,30.48780487804878,8.536585365853659,21.951219512195124,69.51219512195121,56.70731707317073,12.804878048780488
W00009387,146,40,13,27,106,95,11,27.397260273972602,8.904109589041095,18.493150684931507,72.6027397260274,65.06849315068493,7.534246575342466
W00009389,161,62,20,42,99,83,16,38.50931677018634,12.422360248447205,26.08695652173913,61.49068322981367,51.5527950310559,9.937888198757763
W00009390,174,55,21,34,119,99,20,31.60919540229885,12.068965517241379,19.54022988505747,68.39080459770115,56.896551724137936,11.494252873563218
W00009391,205,58,18,40,147,126,21,28.292682926829265,8.780487804878048,19.51219512195122,71.70731707317073,61.46341463414634,10.24390243902439
W00009392,172,39,15,24,133,113,20,22.674418604651162,8.720930232558139,13.953488372093023,77.32558139534885,65.69767441860465,11.627906976744185
W00009393,106,25,9,16,81,65,16,23.58490566037736,8.49056603773585,15.09433962264151,76.41509433962264,61.32075471698113,15.09433962264151
W00009394,145,51,13,38,94,77,17,35.172413793103445,8.96551724137931,26.20689655172414,64.82758620689654,53.103448275862064,11.724137931034482
W00009395,161,47,13,34,114,98,16,29.19254658385093,8.074534161490684,21.11801242236025,70.80745341614907,60.86956521739131,9.937888198757763
W00009396,163,41,16,25,122,102,20,25.153374233128833,9.815950920245399,15.337423312883436,74.84662576687117,62.57668711656442,12.269938650306749
W00009397,180,44,18,26,136,113,23,24.444444444444443,10,14.444444444444443,75.55555555555556,62.77777777777778,12.777777777777777
W00009398,167,69,34,35,98,95,3,41.31736526946108,20.359281437125748,20.958083832335326,58.68263473053892,56.886227544910184,1.7964071856287425
W00009399,160,40,13,27,120,93,27,25,8.125,16.875,75,58.12500000000001,16.875
W00009400,182,50,18,32,132,115,17,27.472527472527474,9.89010989010989,17.582417582417584,72.52747252747253,63.18681318681318,9.340659340659341
W00009401,162,52,19,33,110,88,22,32.098765432098766,11.728395061728394,20.37037037037037,67.90123456790124,54.32098765432099,13.580246913580247
W00009402,161,42,9,33,119,96,23,26.08695652173913,5.590062111801243,20.496894409937887,73.91304347826086,59.62732919254658,14.285714285714285
W00009403,177,48,18,30,129,107,22,27.11864406779661,10.16949152542373,16.94915254237288,72.88135593220339,60.451977401129945,12.429378531073446
W00009404,138,39,14,25,99,80,19,28.26086956521739,10.144927536231885,18.115942028985508,71.73913043478261,57.971014492753625,13.768115942028986
W00009405,143,41,14,27,102,88,14,28.671328671328673,9.79020979020979,18.88111888111888,71.32867132867133,61.53846153846154,9.79020979020979
W00009407,174,38,6,32,136,116,20,21.839080459770116,3.4482758620689653,18.39080459770115,78.16091954022988,66.66666666666666,11.494252873563218
W00009408,125,34,8,26,91,82,9,27.200000000000003,6.4,20.8,72.8,65.60000000000001,7.199999999999999
W00009409,123,36,16,20,87,77,10,29.268292682926827,13.008130081300814,16.260162601626014,70.73170731707317,62.601626016260155,8.130081300813007
W00009410,164,55,10,45,109,88,21,33.53658536585366,6.097560975609756,27.439024390243905,66.46341463414635,53.65853658536586,12.804878048780488
W00009411,174,48,13,35,126,102,24,27.586206896551722,7.471264367816093,20.114942528735632,72.41379310344827,58.620689655172406,13.793103448275861
W00009412,143,42,10,32,101,91,10,29.37062937062937,6.993006993006993,22.377622377622377,70.62937062937063,63.63636363636363,6.993006993006993
W00009413,115,42,13,29,73,60,13,36.52173913043478,11.304347826086957,25.217391304347824,63.47826086956522,52.17391304347826,11.304347826086957
W00009414,117,35,9,26,82,77,5,29.914529914529915,7.6923076923076925,22.22222222222222,70.08547008547008,65.8119658119658,4.273504273504273
W00009415,133,35,9,26,98,88,10,26.31578947368421,6.7669172932330826,19.548872180451127,73.68421052631578,66.16541353383458,7.518796992481203
W00009416,154,59,17,42,95,82,13,38.311688311688314,11.03896103896104,27.27272727272727,61.68831168831169,53.246753246753244,8.441558441558442
W00009417,125,37,12,25,88,76,12,29.599999999999998,9.6,20,70.39999999999999,60.8,9.6
W00009418,110,35,15,20,75,56,19,31.818181818181817,13.636363636363635,18.181818181818183,68.18181818181817,50.90909090909091,17.272727272727273
W00009419,146,28,9,19,118,97,21,19.17808219178082,6.164383561643835,13.013698630136986,80.82191780821918,66.43835616438356,14.383561643835616
W00009420,154,54,16,38,100,84,16,35.064935064935064,10.38961038961039,24.675324675324674,64.93506493506493,54.54545454545454,10.38961038961039
W00009421,103,27,4,23,76,59,17,26.21359223300971,3.8834951456310676,22.330097087378643,73.7864077669903,57.28155339805825,16.50485436893204
W00009422,138,43,14,29,95,83,12,31.15942028985507,10.144927536231885,21.014492753623188,68.84057971014492,60.14492753623188,8.695652173913043
W00009423,163,63,23,40,100,87,13,38.65030674846626,14.11042944785276,24.539877300613497,61.34969325153374,53.37423312883436,7.975460122699387
W00009424,145,63,27,36,82,76,6,43.44827586206896,18.620689655172416,24.82758620689655,56.55172413793104,52.41379310344828,4.137931034482759
W00009425,151,37,16,21,114,105,9,24.503311258278146,10.596026490066226,13.90728476821192,75.49668874172185,69.5364238410596,5.960264900662252
W00009426,158,43,15,28,115,104,11,27.21518987341772,9.49367088607595,17.72151898734177,72.78481012658227,65.82278481012658,6.962025316455696
W00009427,151,38,7,31,113,101,12,25.165562913907287,4.635761589403973,20.52980132450331,74.83443708609272,66.88741721854305,7.9470198675496695
W00009428,156,53,23,30,103,94,9,33.97435897435898,14.743589743589745,19.230769230769234,66.02564102564102,60.256410256410255,5.769230769230769
W00009429,156,48,25,23,108,93,15,30.76923076923077,16.025641025641026,14.743589743589745,69.23076923076923,59.61538461538461,9.615384615384617
W00009430,163,33,13,20,130,120,10,20.245398773006134,7.975460122699387,12.269938650306749,79.75460122699386,73.61963190184049,6.134969325153374
W00009431,128,35,13,22,93,85,8,27.34375,10.15625,17.1875,72.65625,66.40625,6.25
W00009432,165,52,26,26,113,101,12,31.515151515151512,15.757575757575756,15.757575757575756,68.48484848484848,61.212121212121204,7.2727272727272725
W00009433,203,55,20,35,148,130,18,27.093596059113302,9.852216748768473,17.24137931034483,72.9064039408867,64.03940886699507,8.866995073891626
W00009434,205,83,44,39,122,110,12,40.487804878048784,21.463414634146343,19.024390243902438,59.512195121951216,53.65853658536586,5.853658536585367
W00009435,100,33,15,18,67,62,5,33,15,18,67,62,5
W00009436,183,49,21,28,134,121,13,26.775956284153008,11.475409836065573,15.300546448087433,73.224043715847,66.12021857923497,7.103825136612022
W00009437,142,45,22,23,97,84,13,31.690140845070424,15.492957746478872,16.19718309859155,68.30985915492957,59.154929577464785,9.15492957746479
W00009438,153,40,9,31,113,103,10,26.143790849673206,5.88235294117647,20.26143790849673,73.8562091503268,67.3202614379085,6.535947712418301
W00009439,156,37,17,20,119,106,13,23.717948717948715,10.897435897435898,12.82051282051282,76.28205128205127,67.94871794871796,8.333333333333332
W00009440,145,45,14,31,100,87,13,31.03448275862069,9.655172413793103,21.379310344827587,68.96551724137932,60,8.96551724137931
W00009441,188,85,37,48,103,97,6,45.21276595744681,19.680851063829788,25.53191489361702,54.78723404255319,51.59574468085106,3.1914893617021276
W00009442,113,26,9,17,87,79,8,23.008849557522122,7.964601769911504,15.04424778761062,76.99115044247787,69.91150442477876,7.079646017699115
W00009443,163,69,30,39,94,88,6,42.331288343558285,18.404907975460123,23.92638036809816,57.668711656441715,53.987730061349694,3.6809815950920246
W00009444,161,50,20,30,111,103,8,31.05590062111801,12.422360248447205,18.633540372670808,68.94409937888199,63.975155279503106,4.968944099378882
W00009445,140,23,4,19,117,103,14,16.428571428571427,2.857142857142857,13.571428571428571,83.57142857142857,73.57142857142858,10
W00009446,179,51,25,26,128,123,5,28.49162011173184,13.966480446927374,14.52513966480447,71.50837988826815,68.71508379888269,2.793296089385475
W00009447,109,27,11,16,82,74,8,24.770642201834864,10.091743119266056,14.678899082568808,75.22935779816514,67.88990825688074,7.339449541284404
W00009448,127,50,24,26,77,73,4,39.37007874015748,18.89763779527559,20.47244094488189,60.629921259842526,57.48031496062992,3.149606299212598
W00009450,59,39,23,16,20,20,0,66.10169491525424,38.983050847457626,27.11864406779661,33.89830508474576,33.89830508474576,0
W00009451,205,51,25,26,154,131,23,24.878048780487806,12.195121951219512,12.682926829268293,75.1219512195122,63.90243902439025,11.219512195121952
W00009452,169,40,15,25,129,114,15,23.668639053254438,8.875739644970414,14.792899408284024,76.33136094674556,67.45562130177515,8.875739644970414
W00009453,195,62,22,40,133,111,22,31.794871794871792,11.282051282051283,20.51282051282051,68.2051282051282,56.92307692307692,11.282051282051283
W00009454,161,66,38,28,95,90,5,40.993788819875775,23.60248447204969,17.391304347826086,59.006211180124225,55.90062111801242,3.1055900621118013
W00009455,71,22,8,14,49,39,10,30.985915492957744,11.267605633802818,19.718309859154928,69.01408450704226,54.929577464788736,14.084507042253522
W00009456,197,70,40,30,127,118,9,35.53299492385787,20.304568527918782,15.228426395939088,64.46700507614213,59.89847715736041,4.568527918781726
W00009457,192,55,28,27,137,119,18,28.645833333333332,14.583333333333334,14.0625,71.35416666666666,61.979166666666664,9.375
W00009458,139,48,19,29,91,85,6,34.53237410071942,13.66906474820144,20.863309352517987,65.46762589928058,61.15107913669065,4.316546762589928
W00009459,143,42,20,22,101,87,14,29.37062937062937,13.986013986013987,15.384615384615385,70.62937062937063,60.83916083916085,9.79020979020979
W00009460,191,71,30,41,120,106,14,37.17277486910995,15.706806282722512,21.465968586387437,62.82722513089005,55.497382198952884,7.329842931937172
W00009461,165,50,18,32,115,100,15,30.303030303030305,10.909090909090908,19.393939393939394,69.6969696969697,60.60606060606061,9.090909090909092
W00009462,214,74,40,34,140,127,13,34.57943925233645,18.69158878504673,15.887850467289718,65.42056074766354,59.345794392523366,6.074766355140187
W00009463,166,68,31,37,98,91,7,40.963855421686745,18.67469879518072,22.289156626506024,59.036144578313255,54.81927710843374,4.216867469879518
W00009464,159,48,18,30,111,105,6,30.18867924528302,11.320754716981133,18.867924528301888,69.81132075471697,66.0377358490566,3.7735849056603774
W00009465,164,67,29,38,97,95,2,40.853658536585364,17.682926829268293,23.170731707317074,59.14634146341463,57.92682926829268,1.2195121951219512
W00009466,160,54,27,27,106,97,9,33.75,16.875,16.875,66.25,60.62499999999999,5.625
W00009467,173,59,20,39,114,104,10,34.104046242774565,11.560693641618498,22.54335260115607,65.89595375722543,60.115606936416185,5.780346820809249
W00009468,214,93,49,44,121,111,10,43.45794392523364,22.897196261682243,20.5607476635514,56.54205607476636,51.86915887850467,4.672897196261682
W00009469,145,44,16,28,101,90,11,30.344827586206897,11.03448275862069,19.310344827586206,69.6551724137931,62.06896551724138,7.586206896551724
W00009470,156,39,18,21,117,109,8,25,11.538461538461538,13.461538461538462,75,69.87179487179486,5.128205128205128
W00009472,120,40,18,22,80,72,8,33.33333333333333,15,18.333333333333332,66.66666666666666,60,6.666666666666667
W00009473,187,42,20,22,145,127,18,22.459893048128343,10.695187165775401,11.76470588235294,77.54010695187165,67.9144385026738,9.62566844919786
W00009474,194,57,18,39,137,123,14,29.381443298969074,9.278350515463918,20.103092783505154,70.61855670103093,63.4020618556701,7.216494845360824
W00009475,150,32,13,19,118,109,9,21.333333333333336,8.666666666666668,12.666666666666668,78.66666666666666,72.66666666666667,6
W00009476,229,123,54,69,106,97,9,53.711790393013104,23.580786026200872,30.131004366812224,46.288209606986904,42.35807860262008,3.9301310043668125
W00009480,103,30,6,24,73,63,10,29.126213592233007,5.825242718446602,23.300970873786408,70.87378640776699,61.165048543689316,9.70873786407767
W00009481,173,48,17,31,125,110,15,27.74566473988439,9.826589595375722,17.91907514450867,72.25433526011561,63.58381502890174,8.670520231213873
W00009482,162,50,11,39,112,95,17,30.864197530864196,6.790123456790123,24.074074074074073,69.1358024691358,58.64197530864198,10.493827160493826
W00009483,115,30,11,19,85,70,15,26.08695652173913,9.565217391304348,16.52173913043478,73.91304347826086,60.86956521739131,13.043478260869565
W00009484,55,26,6,20,29,22,7,47.27272727272727,10.909090909090908,36.36363636363637,52.72727272727272,40,12.727272727272727
W00009486,202,56,17,39,146,130,16,27.722772277227726,8.415841584158416,19.306930693069308,72.27722772277228,64.35643564356435,7.920792079207921
W00009487,157,45,16,29,112,104,8,28.662420382165603,10.191082802547772,18.471337579617835,71.3375796178344,66.2420382165605,5.095541401273886
W00009488,164,47,12,35,117,106,11,28.65853658536585,7.317073170731707,21.341463414634145,71.34146341463415,64.63414634146342,6.707317073170732
W00009489,184,34,8,26,150,134,16,18.478260869565215,4.3478260869565215,14.130434782608695,81.52173913043478,72.82608695652173,8.695652173913043
W00009490,236,81,29,52,155,134,21,34.32203389830508,12.288135593220339,22.033898305084744,65.67796610169492,56.779661016949156,8.898305084745763
W00009491,275,70,18,52,205,182,23,25.454545454545453,6.545454545454546,18.90909090909091,74.54545454545455,66.18181818181819,8.363636363636363
W00009492,104,27,10,17,77,72,5,25.961538461538463,9.615384615384617,16.346153846153847,74.03846153846155,69.23076923076923,4.807692307692308
W00009493,182,52,19,33,130,116,14,28.57142857142857,10.43956043956044,18.13186813186813,71.42857142857143,63.73626373626373,7.6923076923076925
W00009494,255,72,25,47,183,161,22,28.235294117647058,9.803921568627452,18.43137254901961,71.76470588235294,63.13725490196078,8.627450980392156
W00009495,181,42,14,28,139,128,11,23.204419889502763,7.734806629834254,15.469613259668508,76.79558011049724,70.71823204419888,6.077348066298343
W00009496,213,49,11,38,164,148,16,23.004694835680752,5.164319248826291,17.84037558685446,76.99530516431925,69.48356807511738,7.511737089201878
W00009497,214,77,25,52,137,120,17,35.981308411214954,11.682242990654206,24.299065420560748,64.01869158878505,56.074766355140184,7.943925233644859
W00009499,171,39,12,27,132,116,16,22.807017543859647,7.017543859649122,15.789473684210526,77.19298245614034,67.83625730994152,9.35672514619883
W00009500,151,39,10,29,112,96,16,25.82781456953642,6.622516556291391,19.205298013245034,74.17218543046357,63.576158940397356,10.596026490066226
W00009501,202,43,12,31,159,131,28,21.287128712871286,5.9405940594059405,15.346534653465346,78.71287128712872,64.85148514851485,13.861386138613863
W00009502,233,64,17,47,169,141,28,27.467811158798284,7.296137339055794,20.171673819742487,72.53218884120172,60.51502145922747,12.017167381974248
W00009503,237,68,20,48,169,145,24,28.691983122362867,8.438818565400844,20.253164556962027,71.30801687763713,61.18143459915611,10.126582278481013
W00009505,90,27,9,18,63,56,7,30,10,20,70,62.22222222222222,7.777777777777778
W00009506,142,44,16,28,98,75,23,30.985915492957744,11.267605633802818,19.718309859154928,69.01408450704226,52.816901408450704,16.19718309859155
W00009507,138,43,17,26,95,80,15,31.15942028985507,12.318840579710146,18.84057971014493,68.84057971014492,57.971014492753625,10.869565217391305
W00009508,138,38,11,27,100,87,13,27.536231884057973,7.971014492753622,19.565217391304348,72.46376811594203,63.04347826086957,9.420289855072465
W00009509,110,33,13,20,77,67,10,30,11.818181818181818,18.181818181818183,70,60.909090909090914,9.090909090909092
W00009510,126,46,12,34,80,56,24,36.507936507936506,9.523809523809524,26.984126984126984,63.49206349206349,44.44444444444444,19.047619047619047
W00009511,156,38,10,28,118,93,25,24.358974358974358,6.41025641025641,17.94871794871795,75.64102564102564,59.61538461538461,16.025641025641026
W00009512,168,53,20,33,115,88,27,31.547619047619047,11.904761904761903,19.642857142857142,68.45238095238095,52.38095238095239,16.071428571428573
W00009514,137,44,16,28,93,80,13,32.11678832116788,11.678832116788321,20.437956204379564,67.88321167883211,58.3941605839416,9.48905109489051
W00009515,136,35,9,26,101,82,19,25.735294117647058,6.61764705882353,19.11764705882353,74.26470588235294,60.29411764705882,13.970588235294118
W00009516,254,62,23,39,192,159,33,24.409448818897637,9.05511811023622,15.354330708661418,75.59055118110236,62.59842519685039,12.992125984251967
W00009517,118,46,12,34,72,61,11,38.983050847457626,10.16949152542373,28.8135593220339,61.016949152542374,51.69491525423729,9.322033898305085
W00009518,156,41,16,25,115,108,7,26.282051282051285,10.256410256410255,16.025641025641026,73.71794871794873,69.23076923076923,4.487179487179487
W00009519,111,38,7,31,73,63,10,34.234234234234236,6.306306306306306,27.927927927927925,65.76576576576578,56.75675675675676,9.00900900900901
W00009520,153,46,18,28,107,89,18,30.065359477124183,11.76470588235294,18.30065359477124,69.93464052287581,58.16993464052288,11.76470588235294
W00009521,151,54,18,36,97,83,14,35.76158940397351,11.920529801324504,23.841059602649008,64.23841059602648,54.966887417218544,9.271523178807946
W00009522,107,29,6,23,78,68,10,27.102803738317753,5.607476635514018,21.49532710280374,72.89719626168224,63.55140186915887,9.345794392523365
W00009524,117,38,10,28,79,70,9,32.47863247863248,8.547008547008547,23.931623931623932,67.52136752136752,59.82905982905983,7.6923076923076925
W00009525,144,44,17,27,100,84,16,30.555555555555557,11.805555555555555,18.75,69.44444444444444,58.333333333333336,11.11111111111111
W00009526,170,60,25,35,110,96,14,35.294117647058826,14.705882352941178,20.588235294117645,64.70588235294117,56.470588235294116,8.235294117647058
W00009527,165,46,18,28,119,96,23,27.878787878787882,10.909090909090908,16.969696969696972,72.12121212121212,58.18181818181818,13.939393939393941
W00009528,103,29,9,20,74,62,12,28.155339805825243,8.737864077669903,19.41747572815534,71.84466019417476,60.19417475728155,11.650485436893204
W00009529,162,52,14,38,110,91,19,32.098765432098766,8.641975308641975,23.456790123456788,67.90123456790124,56.17283950617284,11.728395061728394
W00009530,139,49,17,32,90,78,12,35.25179856115108,12.23021582733813,23.021582733812952,64.74820143884892,56.11510791366906,8.633093525179856
W00009531,120,43,9,34,77,66,11,35.833333333333336,7.5,28.333333333333332,64.16666666666667,55.00000000000001,9.166666666666666
W00009532,122,38,6,32,84,75,9,31.147540983606557,4.918032786885246,26.229508196721312,68.85245901639344,61.47540983606557,7.377049180327869
W00009533,85,26,7,19,59,49,10,30.58823529411765,8.235294117647058,22.35294117647059,69.41176470588235,57.647058823529406,11.76470588235294
W00009534,88,21,4,17,67,59,8,23.863636363636363,4.545454545454546,19.318181818181817,76.13636363636364,67.04545454545455,9.090909090909092
W00009535,87,32,7,25,55,50,5,36.7816091954023,8.045977011494253,28.735632183908045,63.2183908045977,57.47126436781609,5.747126436781609
W00009536,110,29,10,19,81,67,14,26.36363636363636,9.090909090909092,17.272727272727273,73.63636363636363,60.909090909090914,12.727272727272727
W00009537,91,28,6,22,63,59,4,30.76923076923077,6.593406593406594,24.175824175824175,69.23076923076923,64.83516483516483,4.395604395604396
W00009538,110,25,8,17,85,74,11,22.727272727272727,7.2727272727272725,15.454545454545453,77.27272727272727,67.27272727272727,10
W00009539,153,43,13,30,110,104,6,28.104575163398692,8.49673202614379,19.607843137254903,71.89542483660131,67.97385620915033,3.9215686274509802
W00009540,134,54,20,34,80,71,9,40.298507462686565,14.925373134328357,25.37313432835821,59.70149253731343,52.98507462686567,6.7164179104477615
W00009541,123,35,10,25,88,78,10,28.455284552845526,8.130081300813007,20.32520325203252,71.54471544715447,63.41463414634146,8.130081300813007
W00009542,113,37,15,22,76,59,17,32.743362831858406,13.274336283185843,19.469026548672566,67.2566371681416,52.21238938053098,15.04424778761062
W00009543,158,57,14,43,101,89,12,36.075949367088604,8.860759493670885,27.21518987341772,63.92405063291139,56.32911392405063,7.59493670886076
W00009544,129,36,12,24,93,84,9,27.906976744186046,9.30232558139535,18.6046511627907,72.09302325581395,65.11627906976744,6.976744186046512
W00009545,118,27,6,21,91,80,11,22.88135593220339,5.084745762711865,17.796610169491526,77.11864406779661,67.79661016949152,9.322033898305085
W00009546,100,37,15,22,63,53,10,37,15,22,63,53,10
W00009547,122,35,13,22,87,76,11,28.688524590163933,10.655737704918032,18.0327868852459,71.31147540983606,62.295081967213115,9.01639344262295
W00009548,133,35,7,28,98,79,19,26.31578947368421,5.263157894736842,21.052631578947366,73.68421052631578,59.3984962406015,14.285714285714285
W00009549,175,41,4,37,134,110,24,23.42857142857143,2.2857142857142856,21.142857142857142,76.57142857142857,62.857142857142854,13.714285714285715
W00009550,101,33,7,26,68,63,5,32.67326732673268,6.9306930693069315,25.742574257425744,67.32673267326733,62.37623762376238,4.9504950495049505
W00009551,117,30,13,17,87,76,11,25.64102564102564,11.11111111111111,14.529914529914532,74.35897435897436,64.95726495726495,9.401709401709402
W00009552,99,31,5,26,68,58,10,31.313131313131315,5.05050505050505,26.262626262626267,68.68686868686868,58.58585858585859,10.1010101010101
W00009553,141,40,5,35,101,84,17,28.368794326241137,3.546099290780142,24.822695035460992,71.63120567375887,59.57446808510638,12.056737588652481
W00009554,103,29,12,17,74,62,12,28.155339805825243,11.650485436893204,16.50485436893204,71.84466019417476,60.19417475728155,11.650485436893204
W00009555,100,24,6,18,76,67,9,24,6,18,76,67,9
W00009556,130,45,13,32,85,63,22,34.61538461538461,10,24.615384615384617,65.38461538461539,48.46153846153846,16.923076923076923
W00009557,180,71,25,46,109,100,9,39.44444444444444,13.88888888888889,25.555555555555554,60.55555555555555,55.55555555555556,5
W00009558,198,39,16,23,159,140,19,19.696969696969695,8.080808080808081,11.616161616161616,80.3030303030303,70.70707070707071,9.595959595959595
W00009559,129,53,13,40,76,67,9,41.08527131782946,10.077519379844961,31.007751937984494,58.91472868217055,51.93798449612403,6.976744186046512
W00009560,202,76,26,50,126,115,11,37.62376237623762,12.871287128712872,24.752475247524753,62.37623762376238,56.930693069306926,5.445544554455446
W00009561,106,49,19,30,57,50,7,46.22641509433962,17.92452830188679,28.30188679245283,53.77358490566038,47.16981132075472,6.60377358490566
W00009562,121,29,13,16,92,85,7,23.96694214876033,10.743801652892563,13.223140495867769,76.03305785123968,70.24793388429752,5.785123966942149
W00009563,157,56,24,32,101,89,12,35.6687898089172,15.286624203821656,20.382165605095544,64.3312101910828,56.68789808917197,7.643312101910828
W00009564,162,53,15,38,109,96,13,32.71604938271605,9.25925925925926,23.456790123456788,67.28395061728395,59.25925925925925,8.024691358024691
W00009565,178,71,17,54,107,95,12,39.8876404494382,9.550561797752808,30.337078651685395,60.1123595505618,53.37078651685393,6.741573033707865
W00009566,185,78,18,60,107,96,11,42.16216216216216,9.72972972972973,32.432432432432435,57.83783783783784,51.891891891891895,5.9459459459459465
W00009567,96,44,14,30,52,43,9,45.83333333333333,14.583333333333334,31.25,54.166666666666664,44.79166666666667,9.375
W00009568,186,76,23,53,110,104,6,40.86021505376344,12.365591397849462,28.49462365591398,59.13978494623656,55.91397849462365,3.225806451612903
W00009569,115,41,9,32,74,60,14,35.65217391304348,7.82608695652174,27.82608695652174,64.34782608695652,52.17391304347826,12.173913043478262
W00009570,158,73,26,47,85,73,12,46.20253164556962,16.455696202531644,29.746835443037973,53.79746835443038,46.20253164556962,7.59493670886076
W00009571,144,62,19,43,82,78,4,43.05555555555556,13.194444444444445,29.86111111111111,56.94444444444444,54.166666666666664,2.7777777777777777
W00009572,175,54,18,36,121,110,11,30.857142857142854,10.285714285714285,20.57142857142857,69.14285714285714,62.857142857142854,6.2857142857142865
W00009573,140,67,24,43,73,63,10,47.85714285714286,17.142857142857142,30.714285714285715,52.142857142857146,45,7.142857142857142
W00009574,136,67,23,44,69,64,5,49.26470588235294,16.911764705882355,32.35294117647059,50.73529411764706,47.05882352941176,3.6764705882352944
W00009575,52,21,8,13,31,26,5,40.38461538461539,15.384615384615385,25,59.61538461538461,50,9.615384615384617
W00009576,123,39,14,25,84,62,22,31.70731707317073,11.38211382113821,20.32520325203252,68.29268292682927,50.40650406504065,17.88617886178862
W00009577,143,32,8,24,111,98,13,22.377622377622377,5.594405594405594,16.783216783216783,77.62237762237763,68.53146853146853,9.090909090909092
W00009578,178,45,15,30,133,111,22,25.280898876404496,8.426966292134832,16.853932584269664,74.71910112359551,62.35955056179775,12.359550561797752
W00009579,96,21,7,14,75,61,14,21.875,7.291666666666667,14.583333333333334,78.125,63.541666666666664,14.583333333333334
W00009580,207,44,16,28,163,137,26,21.256038647342994,7.729468599033816,13.526570048309178,78.74396135265701,66.18357487922705,12.560386473429952
W00009581,192,37,16,21,155,123,32,19.270833333333336,8.333333333333332,10.9375,80.72916666666666,64.0625,16.666666666666664
W00009582,165,37,17,20,128,105,23,22.424242424242426,10.303030303030303,12.121212121212121,77.57575757575758,63.63636363636363,13.939393939393941
W00009583,195,45,12,33,150,128,22,23.076923076923077,6.153846153846154,16.923076923076923,76.92307692307693,65.64102564102564,11.282051282051283
W00009584,169,31,10,21,138,118,20,18.34319526627219,5.9171597633136095,12.42603550295858,81.65680473372781,69.8224852071006,11.834319526627219
W00009585,148,36,18,18,112,94,18,24.324324324324326,12.162162162162163,12.162162162162163,75.67567567567568,63.51351351351351,12.162162162162163
W00009586,206,46,19,27,160,131,29,22.330097087378643,9.223300970873787,13.106796116504855,77.66990291262135,63.59223300970874,14.077669902912621
W00009587,137,43,22,21,94,72,22,31.386861313868614,16.05839416058394,15.328467153284672,68.61313868613139,52.55474452554745,16.05839416058394
W00009588,161,36,11,25,125,117,8,22.36024844720497,6.832298136645963,15.527950310559005,77.63975155279503,72.67080745341616,4.968944099378882
W00009589,172,43,15,28,129,107,22,25,8.720930232558139,16.27906976744186,75,62.2093023255814,12.790697674418606
W00009590,148,51,25,26,97,67,30,34.45945945945946,16.89189189189189,17.56756756756757,65.54054054054053,45.27027027027027,20.27027027027027
W00009591,189,52,15,37,137,106,31,27.513227513227513,7.936507936507936,19.576719576719576,72.4867724867725,56.08465608465608,16.402116402116402
W00009592,203,36,20,16,167,131,36,17.733990147783253,9.852216748768473,7.8817733990147785,82.26600985221675,64.5320197044335,17.733990147783253
W00009593,159,44,11,33,115,105,10,27.67295597484277,6.918238993710692,20.754716981132077,72.32704402515722,66.0377358490566,6.289308176100629
W00009594,181,41,18,23,140,124,16,22.65193370165746,9.94475138121547,12.70718232044199,77.34806629834254,68.50828729281768,8.83977900552486
W00009595,209,44,13,31,165,139,26,21.052631578947366,6.220095693779904,14.832535885167463,78.94736842105263,66.50717703349282,12.440191387559809
W00009596,145,39,20,19,106,92,14,26.89655172413793,13.793103448275861,13.10344827586207,73.10344827586206,63.44827586206897,9.655172413793103
W00009597,234,61,20,41,173,149,24,26.06837606837607,8.547008547008547,17.52136752136752,73.93162393162393,63.67521367521367,10.256410256410255
W00009598,134,68,14,54,66,61,5,50.74626865671642,10.44776119402985,40.298507462686565,49.25373134328358,45.52238805970149,3.731343283582089
W00009599,196,51,22,29,145,121,24,26.02040816326531,11.224489795918368,14.795918367346939,73.9795918367347,61.73469387755102,12.244897959183673
W00009600,119,24,8,16,95,85,10,20.168067226890756,6.722689075630252,13.445378151260504,79.83193277310924,71.42857142857143,8.403361344537815
W00009601,140,49,13,36,91,76,15,35,9.285714285714286,25.71428571428571,65,54.285714285714285,10.714285714285714
W00009602,156,49,22,27,107,92,15,31.41025641025641,14.102564102564102,17.307692307692307,68.58974358974359,58.97435897435898,9.615384615384617
W00009603,115,50,9,41,65,65,0,43.47826086956522,7.82608695652174,35.65217391304348,56.52173913043478,56.52173913043478,0
W00009604,137,47,8,39,90,82,8,34.306569343065696,5.839416058394161,28.467153284671532,65.69343065693431,59.854014598540154,5.839416058394161
W00009605,151,56,15,41,95,88,7,37.086092715231786,9.933774834437086,27.1523178807947,62.913907284768214,58.27814569536424,4.635761589403973
W00009606,138,33,13,20,105,91,14,23.91304347826087,9.420289855072465,14.492753623188406,76.08695652173914,65.94202898550725,10.144927536231885
W00009607,155,45,7,38,110,97,13,29.03225806451613,4.516129032258064,24.516129032258064,70.96774193548387,62.58064516129033,8.38709677419355
W00009608,167,47,6,41,120,108,12,28.143712574850298,3.592814371257485,24.550898203592812,71.8562874251497,64.67065868263472,7.18562874251497
W00009609,118,37,13,24,81,71,10,31.35593220338983,11.016949152542372,20.33898305084746,68.64406779661016,60.16949152542372,8.47457627118644
W00009610,195,52,23,29,143,119,24,26.666666666666668,11.794871794871794,14.871794871794872,73.33333333333333,61.02564102564103,12.307692307692308
W00009611,181,46,19,27,135,116,19,25.41436464088398,10.497237569060774,14.917127071823206,74.58563535911603,64.08839779005525,10.497237569060774
W00009612,149,39,12,27,110,99,11,26.174496644295303,8.053691275167784,18.120805369127517,73.8255033557047,66.44295302013423,7.38255033557047
W00009613,150,41,12,29,109,100,9,27.333333333333332,8,19.333333333333332,72.66666666666667,66.66666666666666,6
W00009614,142,45,18,27,97,83,14,31.690140845070424,12.676056338028168,19.014084507042252,68.30985915492957,58.45070422535211,9.859154929577464
W00009615,156,48,16,32,108,100,8,30.76923076923077,10.256410256410255,20.51282051282051,69.23076923076923,64.1025641025641,5.128205128205128
W00009616,120,42,14,28,78,68,10,35,11.666666666666666,23.333333333333332,65,56.666666666666664,8.333333333333332
W00009617,75,26,8,18,49,44,5,34.66666666666667,10.666666666666668,24,65.33333333333333,58.666666666666664,6.666666666666667
W00009618,118,23,6,17,95,82,13,19.491525423728813,5.084745762711865,14.40677966101695,80.50847457627118,69.49152542372882,11.016949152542372
W00009619,120,44,14,30,76,71,5,36.666666666666664,11.666666666666666,25,63.33333333333333,59.166666666666664,4.166666666666666
W00009620,104,47,15,32,57,52,5,45.19230769230769,14.423076923076922,30.76923076923077,54.807692307692314,50,4.807692307692308
W00009621,113,52,19,33,61,59,2,46.017699115044245,16.8141592920354,29.20353982300885,53.98230088495575,52.21238938053098,1.7699115044247788
W00009622,99,35,4,31,64,55,9,35.35353535353536,4.040404040404041,31.313131313131315,64.64646464646465,55.55555555555556,9.090909090909092
W00009623,132,40,7,33,92,82,10,30.303030303030305,5.303030303030303,25,69.6969696969697,62.121212121212125,7.575757575757576
W00009624,195,67,15,52,128,112,16,34.35897435897436,7.6923076923076925,26.666666666666668,65.64102564102564,57.43589743589743,8.205128205128204
W00009625,112,51,10,41,61,53,8,45.535714285714285,8.928571428571429,36.607142857142854,54.46428571428571,47.32142857142857,7.142857142857142
W00009626,127,42,12,30,85,74,11,33.07086614173229,9.448818897637794,23.62204724409449,66.92913385826772,58.26771653543307,8.661417322834646
W00009627,147,39,14,25,108,95,13,26.53061224489796,9.523809523809524,17.006802721088434,73.46938775510205,64.62585034013605,8.843537414965986
W00009629,191,54,18,36,137,114,23,28.272251308900525,9.424083769633508,18.848167539267017,71.72774869109948,59.68586387434554,12.041884816753926
W00009630,151,44,13,31,107,96,11,29.13907284768212,8.609271523178808,20.52980132450331,70.86092715231787,63.576158940397356,7.28476821192053
W00009631,123,33,7,26,90,80,10,26.82926829268293,5.691056910569105,21.138211382113823,73.17073170731707,65.04065040650406,8.130081300813007
W00009632,192,47,17,30,145,129,16,24.479166666666664,8.854166666666668,15.625,75.52083333333334,67.1875,8.333333333333332
W00009633,133,34,7,27,99,90,9,25.563909774436087,5.263157894736842,20.30075187969925,74.43609022556392,67.66917293233082,6.7669172932330826
W00009634,160,42,15,27,118,103,15,26.25,9.375,16.875,73.75,64.375,9.375
W00009635,162,43,16,27,119,108,11,26.543209876543212,9.876543209876543,16.666666666666664,73.4567901234568,66.66666666666666,6.790123456790123
W00009636,171,40,12,28,131,124,7,23.391812865497073,7.017543859649122,16.374269005847953,76.60818713450293,72.51461988304094,4.093567251461988
W00009637,128,40,9,31,88,84,4,31.25,7.03125,24.21875,68.75,65.625,3.125
W00009638,106,28,7,21,78,69,9,26.41509433962264,6.60377358490566,19.81132075471698,73.58490566037736,65.09433962264151,8.49056603773585
W00009639,190,53,24,29,137,126,11,27.89473684210526,12.631578947368421,15.263157894736842,72.10526315789474,66.3157894736842,5.7894736842105265
W00009640,183,59,22,37,124,112,12,32.240437158469945,12.021857923497267,20.21857923497268,67.75956284153006,61.20218579234973,6.557377049180328
W00009641,131,39,9,30,92,81,11,29.770992366412212,6.870229007633588,22.900763358778626,70.22900763358778,61.832061068702295,8.396946564885496
W00009642,140,33,11,22,107,95,12,23.57142857142857,7.857142857142857,15.714285714285714,76.42857142857142,67.85714285714286,8.571428571428571
W00009643,139,41,13,28,98,84,14,29.496402877697843,9.352517985611511,20.14388489208633,70.50359712230215,60.431654676258994,10.071942446043165
W00009644,91,25,6,19,66,60,6,27.472527472527474,6.593406593406594,20.87912087912088,72.52747252747253,65.93406593406593,6.593406593406594
W00009645,175,47,20,27,128,109,19,26.857142857142858,11.428571428571429,15.428571428571427,73.14285714285714,62.28571428571429,10.857142857142858
W00009646,85,39,11,28,46,40,6,45.88235294117647,12.941176470588237,32.94117647058823,54.11764705882353,47.05882352941176,7.0588235294117645
W00009647,91,42,15,27,49,44,5,46.15384615384615,16.483516483516482,29.67032967032967,53.84615384615385,48.35164835164835,5.4945054945054945
W00009648,91,37,14,23,54,49,5,40.65934065934066,15.384615384615385,25.274725274725274,59.34065934065934,53.84615384615385,5.4945054945054945
W00009649,132,48,16,32,84,74,10,36.36363636363637,12.121212121212121,24.242424242424242,63.63636363636363,56.060606060606055,7.575757575757576
W00009650,141,33,9,24,108,98,10,23.404255319148938,6.382978723404255,17.02127659574468,76.59574468085107,69.50354609929079,7.092198581560284
W00009651,145,50,15,35,95,83,12,34.48275862068966,10.344827586206897,24.137931034482758,65.51724137931035,57.24137931034483,8.275862068965518
W00009652,131,47,14,33,84,77,7,35.87786259541985,10.687022900763358,25.190839694656486,64.12213740458014,58.778625954198475,5.343511450381679
W00009653,145,50,13,37,95,84,11,34.48275862068966,8.96551724137931,25.517241379310345,65.51724137931035,57.931034482758626,7.586206896551724
W00009654,96,33,7,26,63,59,4,34.375,7.291666666666667,27.083333333333332,65.625,61.458333333333336,4.166666666666666
W00009655,114,39,12,27,75,69,6,34.21052631578947,10.526315789473683,23.684210526315788,65.78947368421053,60.526315789473685,5.263157894736842
W00009657,83,16,8,8,67,57,10,19.27710843373494,9.63855421686747,9.63855421686747,80.72289156626506,68.67469879518072,12.048192771084338
W00009658,138,48,14,34,90,79,11,34.78260869565217,10.144927536231885,24.637681159420293,65.21739130434783,57.2463768115942,7.971014492753622
W00009659,155,61,15,46,94,83,11,39.35483870967742,9.67741935483871,29.677419354838708,60.64516129032258,53.5483870967742,7.096774193548387
W00009660,184,52,14,38,132,113,19,28.26086956521739,7.608695652173914,20.652173913043477,71.73913043478261,61.41304347826087,10.326086956521738
W00009661,150,21,8,13,129,115,14,14.000000000000002,5.333333333333334,8.666666666666668,86,76.66666666666667,9.333333333333334
W00009662,129,38,10,28,91,84,7,29.457364341085274,7.751937984496124,21.705426356589147,70.54263565891473,65.11627906976744,5.426356589147287
W00009663,130,44,9,35,86,67,19,33.84615384615385,6.923076923076923,26.923076923076923,66.15384615384615,51.53846153846153,14.615384615384617
W00009664,160,57,16,41,103,91,12,35.625,10,25.624999999999996,64.375,56.875,7.5
W00009665,91,38,11,27,53,46,7,41.75824175824176,12.087912087912088,29.67032967032967,58.24175824175825,50.54945054945055,7.6923076923076925
W00009666,35,13,5,8,22,20,2,37.142857142857146,14.285714285714285,22.857142857142858,62.857142857142854,57.14285714285714,5.714285714285714
W00009667,132,37,9,28,95,84,11,28.030303030303028,6.8181818181818175,21.21212121212121,71.96969696969697,63.63636363636363,8.333333333333332
W00009668,155,33,15,18,122,108,14,21.29032258064516,9.67741935483871,11.612903225806452,78.70967741935485,69.6774193548387,9.032258064516128
W00009669,146,52,10,42,94,75,19,35.61643835616438,6.8493150684931505,28.767123287671232,64.38356164383562,51.369863013698634,13.013698630136986
W00009670,172,56,18,38,116,95,21,32.55813953488372,10.465116279069768,22.093023255813954,67.44186046511628,55.23255813953488,12.209302325581394
W00009671,80,41,13,28,39,36,3,51.24999999999999,16.25,35,48.75,45,3.75
W00009672,107,47,11,36,60,54,6,43.925233644859816,10.2803738317757,33.64485981308411,56.074766355140184,50.467289719626166,5.607476635514018
W00009673,104,39,9,30,65,58,7,37.5,8.653846153846153,28.846153846153843,62.5,55.769230769230774,6.730769230769231
W00009675,120,32,12,20,88,77,11,26.666666666666668,10,16.666666666666664,73.33333333333333,64.16666666666667,9.166666666666666
W00009676,63,22,7,15,41,35,6,34.92063492063492,11.11111111111111,23.809523809523807,65.07936507936508,55.55555555555556,9.523809523809524
W00009677,145,40,12,28,105,95,10,27.586206896551722,8.275862068965518,19.310344827586206,72.41379310344827,65.51724137931035,6.896551724137931
W00009678,124,25,4,21,99,90,9,20.161290322580644,3.225806451612903,16.93548387096774,79.83870967741935,72.58064516129032,7.258064516129033
W00009679,204,45,13,32,159,142,17,22.058823529411764,6.372549019607843,15.686274509803921,77.94117647058823,69.6078431372549,8.333333333333332
W00009680,113,33,13,20,80,72,8,29.20353982300885,11.504424778761061,17.699115044247787,70.79646017699115,63.716814159292035,7.079646017699115
W00009681,88,27,6,21,61,52,9,30.681818181818183,6.8181818181818175,23.863636363636363,69.31818181818183,59.09090909090909,10.227272727272728
W00009682,98,42,10,32,56,51,5,42.857142857142854,10.204081632653061,32.6530612244898,57.14285714285714,52.04081632653062,5.1020408163265305
W00009683,161,51,16,35,110,98,12,31.67701863354037,9.937888198757763,21.73913043478261,68.32298136645963,60.86956521739131,7.453416149068323
W00009684,137,29,4,25,108,93,15,21.16788321167883,2.9197080291970803,18.248175182481752,78.83211678832117,67.88321167883211,10.948905109489052
W00009686,149,48,18,30,101,84,17,32.21476510067114,12.080536912751679,20.13422818791946,67.78523489932886,56.375838926174495,11.409395973154362
W00009687,152,56,14,42,96,84,12,36.84210526315789,9.210526315789473,27.631578947368425,63.1578947368421,55.26315789473685,7.894736842105263
W00009688,161,40,12,28,121,108,13,24.84472049689441,7.453416149068323,17.391304347826086,75.15527950310559,67.08074534161491,8.074534161490684
W00009689,123,34,6,28,89,82,7,27.64227642276423,4.878048780487805,22.76422764227642,72.35772357723577,66.66666666666666,5.691056910569105
W00009690,120,43,9,34,77,69,8,35.833333333333336,7.5,28.333333333333332,64.16666666666667,57.49999999999999,6.666666666666667
W00009691,239,73,19,54,166,146,20,30.543933054393307,7.949790794979079,22.594142259414227,69.4560669456067,61.08786610878661,8.368200836820083
W00009692,189,39,14,25,150,133,17,20.634920634920633,7.4074074074074066,13.227513227513226,79.36507936507937,70.37037037037037,8.994708994708994
W00009693,143,41,13,28,102,88,14,28.671328671328673,9.090909090909092,19.58041958041958,71.32867132867133,61.53846153846154,9.79020979020979
W00009694,109,33,6,27,76,61,15,30.275229357798167,5.5045871559633035,24.770642201834864,69.72477064220183,55.96330275229357,13.761467889908257
W00009695,159,27,11,16,132,121,11,16.9811320754717,6.918238993710692,10.062893081761008,83.01886792452831,76.10062893081762,6.918238993710692
W00009696,146,38,12,26,108,102,6,26.027397260273972,8.21917808219178,17.80821917808219,73.97260273972603,69.86301369863014,4.10958904109589
W00009697,101,39,10,29,62,61,1,38.613861386138616,9.900990099009901,28.71287128712871,61.386138613861384,60.396039603960396,0.9900990099009901
W00009698,134,44,14,30,90,85,5,32.83582089552239,10.44776119402985,22.388059701492537,67.16417910447761,63.43283582089553,3.731343283582089
W00009699,89,32,11,21,57,55,2,35.95505617977528,12.359550561797752,23.595505617977526,64.04494382022472,61.79775280898876,2.247191011235955
W00009700,93,23,5,18,70,57,13,24.731182795698924,5.376344086021505,19.35483870967742,75.26881720430107,61.29032258064516,13.978494623655912
W00009701,77,21,6,15,56,50,6,27.27272727272727,7.792207792207792,19.480519480519483,72.72727272727273,64.93506493506493,7.792207792207792
W00009702,141,41,15,26,100,88,12,29.078014184397162,10.638297872340425,18.439716312056735,70.92198581560284,62.4113475177305,8.51063829787234
W00009703,61,23,8,15,38,33,5,37.704918032786885,13.114754098360656,24.59016393442623,62.295081967213115,54.09836065573771,8.19672131147541
W00009704,94,32,12,20,62,51,11,34.04255319148936,12.76595744680851,21.27659574468085,65.95744680851064,54.25531914893617,11.702127659574469
W00009705,155,47,15,32,108,94,14,30.32258064516129,9.67741935483871,20.64516129032258,69.6774193548387,60.64516129032258,9.032258064516128
W00009706,147,45,8,37,102,86,16,30.612244897959183,5.442176870748299,25.170068027210885,69.38775510204081,58.50340136054422,10.884353741496598
W00009707,56,21,1,20,35,35,0,37.5,1.7857142857142856,35.714285714285715,62.5,62.5,0
W00009708,80,30,2,28,50,47,3,37.5,2.5,35,62.5,58.75,3.75
W00009710,125,36,13,23,89,78,11,28.799999999999997,10.4,18.4,71.2,62.4,8.799999999999999
W00009711,185,51,19,32,134,115,19,27.56756756756757,10.27027027027027,17.2972972972973,72.43243243243244,62.16216216216216,10.27027027027027
W00009712,122,31,7,24,91,82,9,25.40983606557377,5.737704918032787,19.672131147540984,74.59016393442623,67.21311475409836,7.377049180327869
W00009713,146,36,9,27,110,97,13,24.65753424657534,6.164383561643835,18.493150684931507,75.34246575342466,66.43835616438356,8.904109589041095
W00009714,103,33,10,23,70,61,9,32.038834951456316,9.70873786407767,22.330097087378643,67.96116504854369,59.22330097087378,8.737864077669903
W00009715,100,43,8,35,57,53,4,43,8,35,56.99999999999999,53,4
W00009716,172,46,14,32,126,109,17,26.744186046511626,8.13953488372093,18.6046511627907,73.25581395348837,63.372093023255815,9.883720930232558
W00009717,151,42,10,32,109,99,10,27.81456953642384,6.622516556291391,21.192052980132452,72.18543046357617,65.56291390728477,6.622516556291391
W00009718,187,55,8,47,132,102,30,29.411764705882355,4.27807486631016,25.13368983957219,70.58823529411765,54.54545454545454,16.042780748663102
W00009719,114,43,10,33,71,65,6,37.719298245614034,8.771929824561402,28.947368421052634,62.28070175438597,57.01754385964912,5.263157894736842
W00009720,150,38,11,27,112,98,14,25.333333333333336,7.333333333333333,18,74.66666666666667,65.33333333333333,9.333333333333334
W00009721,117,28,5,23,89,80,9,23.931623931623932,4.273504273504273,19.65811965811966,76.06837606837607,68.37606837606837,7.6923076923076925
W00009722,153,45,11,34,108,98,10,29.411764705882355,7.18954248366013,22.22222222222222,70.58823529411765,64.05228758169935,6.535947712418301
W00009723,128,44,11,33,84,65,19,34.375,8.59375,25.78125,65.625,50.78125,14.84375
W00009724,159,34,7,27,125,105,20,21.38364779874214,4.40251572327044,16.9811320754717,78.61635220125787,66.0377358490566,12.578616352201259
W00009725,164,40,9,31,124,114,10,24.390243902439025,5.487804878048781,18.902439024390244,75.60975609756098,69.51219512195121,6.097560975609756
W00009726,149,45,14,31,104,88,16,30.201342281879196,9.395973154362416,20.80536912751678,69.79865771812081,59.06040268456376,10.738255033557047
W00009727,137,40,12,28,97,86,11,29.1970802919708,8.75912408759124,20.437956204379564,70.8029197080292,62.77372262773723,8.02919708029197
W00009728,154,46,15,31,108,94,14,29.87012987012987,9.740259740259742,20.12987012987013,70.12987012987013,61.038961038961034,9.090909090909092
W00009729,133,36,7,29,97,90,7,27.06766917293233,5.263157894736842,21.804511278195488,72.93233082706767,67.66917293233082,5.263157894736842
W00009730,95,36,6,30,59,54,5,37.89473684210527,6.315789473684211,31.57894736842105,62.10526315789474,56.84210526315789,5.263157894736842
W00009731,142,36,9,27,106,94,12,25.352112676056336,6.338028169014084,19.014084507042252,74.64788732394366,66.19718309859155,8.450704225352112
W00009732,109,23,7,16,86,76,10,21.100917431192663,6.422018348623854,14.678899082568808,78.89908256880734,69.72477064220183,9.174311926605505
W00009733,140,42,11,31,98,87,11,30,7.857142857142857,22.142857142857142,70,62.142857142857146,7.857142857142857
W00009734,90,23,9,14,67,61,6,25.555555555555554,10,15.555555555555555,74.44444444444444,67.77777777777779,6.666666666666667
W00009735,182,77,41,36,105,94,11,42.30769230769231,22.52747252747253,19.78021978021978,57.692307692307686,51.64835164835166,6.043956043956044
W00009736,152,49,15,34,103,95,8,32.23684210526316,9.868421052631579,22.36842105263158,67.76315789473685,62.5,5.263157894736842
W00009737,124,40,13,27,84,69,15,32.25806451612903,10.483870967741936,21.774193548387096,67.74193548387096,55.64516129032258,12.096774193548388
W00009738,138,38,12,26,100,90,10,27.536231884057973,8.695652173913043,18.84057971014493,72.46376811594203,65.21739130434783,7.246376811594203
W00009739,150,36,12,24,114,100,14,24,8,16,76,66.66666666666666,9.333333333333334
W00009740,217,55,11,44,162,147,15,25.34562211981567,5.0691244239631335,20.276497695852534,74.65437788018433,67.74193548387096,6.912442396313365
W00009741,155,48,19,29,107,90,17,30.967741935483872,12.258064516129032,18.70967741935484,69.03225806451613,58.06451612903226,10.967741935483872
W00009742,118,27,6,21,91,84,7,22.88135593220339,5.084745762711865,17.796610169491526,77.11864406779661,71.1864406779661,5.932203389830509
W00009743,165,41,8,33,124,114,10,24.848484848484848,4.848484848484849,20,75.15151515151514,69.0909090909091,6.0606060606060606
W00009744,86,34,9,25,52,41,11,39.53488372093023,10.465116279069768,29.069767441860467,60.46511627906976,47.674418604651166,12.790697674418606
W00009745,126,41,12,29,85,75,10,32.53968253968254,9.523809523809524,23.015873015873016,67.46031746031747,59.523809523809526,7.936507936507936
W00009746,132,43,13,30,89,72,17,32.57575757575758,9.848484848484848,22.727272727272727,67.42424242424242,54.54545454545454,12.878787878787879
W00009747,112,25,6,19,87,76,11,22.321428571428573,5.357142857142857,16.964285714285715,77.67857142857143,67.85714285714286,9.821428571428571
W00009748,76,22,7,15,54,49,5,28.947368421052634,9.210526315789473,19.736842105263158,71.05263157894737,64.47368421052632,6.578947368421052
W00009749,164,51,20,31,113,104,9,31.097560975609756,12.195121951219512,18.902439024390244,68.90243902439023,63.41463414634146,5.487804878048781
W00009750,132,46,9,37,86,76,10,34.84848484848485,6.8181818181818175,28.030303030303028,65.15151515151516,57.57575757575758,7.575757575757576
W00009751,253,67,16,51,186,158,28,26.48221343873518,6.324110671936759,20.158102766798418,73.51778656126481,62.450592885375485,11.067193675889328
W00009752,17,8,3,5,9,7,2,47.05882352941176,17.647058823529413,29.411764705882355,52.94117647058824,41.17647058823529,11.76470588235294
W00009753,108,35,16,19,73,63,10,32.407407407407405,14.814814814814813,17.59259259259259,67.5925925925926,58.333333333333336,9.25925925925926
W00009754,63,18,8,10,45,39,6,28.57142857142857,12.698412698412698,15.873015873015872,71.42857142857143,61.904761904761905,9.523809523809524
W00009755,123,44,8,36,79,62,17,35.77235772357724,6.504065040650407,29.268292682926827,64.22764227642277,50.40650406504065,13.821138211382115
W00009756,85,21,6,15,64,59,5,24.705882352941178,7.0588235294117645,17.647058823529413,75.29411764705883,69.41176470588235,5.88235294117647
W00009757,153,51,13,38,102,92,10,33.33333333333333,8.49673202614379,24.836601307189543,66.66666666666666,60.130718954248366,6.535947712418301
W00009758,147,46,16,30,101,80,21,31.292517006802722,10.884353741496598,20.408163265306122,68.70748299319727,54.421768707483,14.285714285714285
W00009759,108,23,7,16,85,74,11,21.296296296296298,6.481481481481481,14.814814814814813,78.70370370370371,68.51851851851852,10.185185185185185
W00009760,163,44,14,30,119,103,16,26.993865030674847,8.588957055214724,18.404907975460123,73.00613496932516,63.190184049079754,9.815950920245399
W00009761,157,43,13,30,114,102,12,27.388535031847134,8.280254777070063,19.10828025477707,72.61146496815286,64.96815286624204,7.643312101910828
W00009762,152,56,19,37,96,73,23,36.84210526315789,12.5,24.342105263157894,63.1578947368421,48.026315789473685,15.131578947368421
W00009763,136,44,7,37,92,82,10,32.35294117647059,5.147058823529411,27.205882352941174,67.64705882352942,60.29411764705882,7.352941176470589
W00009764,99,32,11,21,67,59,8,32.323232323232325,11.11111111111111,21.21212121212121,67.67676767676768,59.59595959595959,8.080808080808081
W00009765,127,51,19,32,76,66,10,40.15748031496063,14.960629921259844,25.196850393700785,59.84251968503938,51.96850393700787,7.874015748031496
W00009766,122,38,7,31,84,67,17,31.147540983606557,5.737704918032787,25.40983606557377,68.85245901639344,54.91803278688525,13.934426229508196
W00009767,156,55,17,38,101,93,8,35.256410256410255,10.897435897435898,24.358974358974358,64.74358974358975,59.61538461538461,5.128205128205128
W00009768,111,27,4,23,84,79,5,24.324324324324326,3.6036036036036037,20.72072072072072,75.67567567567568,71.17117117117117,4.504504504504505
W00009769,85,22,6,16,63,53,10,25.882352941176475,7.0588235294117645,18.823529411764707,74.11764705882354,62.35294117647059,11.76470588235294
W00009982,198,100,71,29,98,82,16,50.505050505050505,35.858585858585855,14.646464646464647,49.494949494949495,41.41414141414141,8.080808080808081
W00009983,184,74,44,30,110,97,13,40.21739130434783,23.91304347826087,16.304347826086957,59.78260869565217,52.71739130434783,7.065217391304348
W00009985,115,40,21,19,75,70,5,34.78260869565217,18.26086956521739,16.52173913043478,65.21739130434783,60.86956521739131,4.3478260869565215
W00010115,113,87,70,17,26,24,2,76.99115044247787,61.94690265486725,15.04424778761062,23.008849557522122,21.238938053097346,1.7699115044247788
W00010116,86,16,8,8,70,63,7,18.6046511627907,9.30232558139535,9.30232558139535,81.3953488372093,73.25581395348837,8.13953488372093
W00010118,74,36,19,17,38,36,2,48.64864864864865,25.675675675675674,22.972972972972975,51.35135135135135,48.64864864864865,2.7027027027027026
W00010119,115,81,52,29,34,29,5,70.43478260869566,45.21739130434783,25.217391304347824,29.565217391304348,25.217391304347824,4.3478260869565215
W00010120,206,39,21,18,167,151,16,18.932038834951456,10.194174757281553,8.737864077669903,81.06796116504854,73.30097087378641,7.766990291262135
W00010121,102,14,4,10,88,71,17,13.725490196078432,3.9215686274509802,9.803921568627452,86.27450980392157,69.6078431372549,16.666666666666664
W00010122,115,40,14,26,75,69,6,34.78260869565217,12.173913043478262,22.608695652173914,65.21739130434783,60,5.217391304347826
W00010123,108,46,22,24,62,52,10,42.592592592592595,20.37037037037037,22.22222222222222,57.407407407407405,48.148148148148145,9.25925925925926
W00010124,109,37,15,22,72,66,6,33.94495412844037,13.761467889908257,20.18348623853211,66.05504587155964,60.550458715596335,5.5045871559633035
W00010125,81,55,38,17,26,25,1,67.90123456790124,46.913580246913575,20.98765432098765,32.098765432098766,30.864197530864196,1.2345679012345678
W00010127,178,41,13,28,137,116,21,23.03370786516854,7.303370786516854,15.730337078651685,76.96629213483146,65.1685393258427,11.797752808988763
W00010128,131,75,50,25,56,47,9,57.25190839694656,38.16793893129771,19.083969465648856,42.74809160305343,35.87786259541985,6.870229007633588
W00010129,129,15,5,10,114,109,5,11.627906976744185,3.875968992248062,7.751937984496124,88.37209302325581,84.49612403100775,3.875968992248062
W00010130,82,41,25,16,41,31,10,50,30.48780487804878,19.51219512195122,50,37.80487804878049,12.195121951219512
W00010131,83,18,5,13,65,59,6,21.686746987951807,6.024096385542169,15.66265060240964,78.3132530120482,71.08433734939759,7.228915662650602
W00010132,72,38,18,20,34,27,7,52.77777777777778,25,27.77777777777778,47.22222222222222,37.5,9.722222222222223
W00010133,249,34,13,21,215,199,16,13.654618473895583,5.220883534136546,8.433734939759036,86.34538152610442,79.91967871485943,6.425702811244979
W00010134,172,35,14,21,137,124,13,20.348837209302324,8.13953488372093,12.209302325581394,79.65116279069767,72.09302325581395,7.55813953488372
W00010135,200,49,14,35,151,138,13,24.5,7.000000000000001,17.5,75.5,69,6.5
W00010136,126,49,17,32,77,64,13,38.88888888888889,13.492063492063492,25.396825396825395,61.111111111111114,50.79365079365079,10.317460317460316
W00010137,170,34,13,21,136,120,16,20,7.647058823529412,12.352941176470589,80,70.58823529411765,9.411764705882353
W00010138,264,43,15,28,221,187,34,16.28787878787879,5.681818181818182,10.606060606060606,83.71212121212122,70.83333333333334,12.878787878787879
W00010139,201,26,9,17,175,147,28,12.935323383084576,4.477611940298507,8.45771144278607,87.06467661691542,73.13432835820896,13.930348258706468
W00010140,234,79,23,56,155,132,23,33.76068376068376,9.82905982905983,23.931623931623932,66.23931623931624,56.41025641025641,9.82905982905983
W00010141,120,15,0,15,105,86,19,12.5,0,12.5,87.5,71.66666666666667,15.833333333333332
W00010142,143,43,12,31,100,88,12,30.069930069930066,8.391608391608392,21.678321678321677,69.93006993006993,61.53846153846154,8.391608391608392
W00010143,197,39,27,12,158,139,19,19.796954314720814,13.705583756345177,6.091370558375635,80.20304568527918,70.55837563451777,9.644670050761421
W00010146,194,51,15,36,143,135,8,26.288659793814436,7.731958762886598,18.556701030927837,73.71134020618557,69.58762886597938,4.123711340206185
W00010147,178,21,11,10,157,134,23,11.797752808988763,6.179775280898876,5.617977528089887,88.20224719101124,75.28089887640449,12.921348314606742
W00010148,80,42,14,28,38,36,2,52.5,17.5,35,47.5,45,2.5
W00010149,227,35,15,20,192,170,22,15.418502202643172,6.607929515418502,8.81057268722467,84.58149779735683,74.8898678414097,9.691629955947137
W00010151,188,45,12,33,143,131,12,23.93617021276596,6.382978723404255,17.5531914893617,76.06382978723404,69.68085106382979,6.382978723404255
W00010152,243,56,18,38,187,158,29,23.045267489711936,7.4074074074074066,15.637860082304528,76.95473251028807,65.02057613168725,11.934156378600823
W00010153,129,25,16,9,104,88,16,19.379844961240313,12.4031007751938,6.976744186046512,80.62015503875969,68.21705426356588,12.4031007751938
W00010154,163,23,11,12,140,120,20,14.11042944785276,6.748466257668712,7.361963190184049,85.88957055214725,73.61963190184049,12.269938650306749
W00010155,143,38,11,27,105,92,13,26.573426573426573,7.6923076923076925,18.88111888111888,73.42657342657343,64.33566433566433,9.090909090909092
W00010156,138,16,3,13,122,118,4,11.594202898550725,2.1739130434782608,9.420289855072465,88.40579710144928,85.5072463768116,2.898550724637681
W00010157,159,42,16,26,117,100,17,26.41509433962264,10.062893081761008,16.352201257861633,73.58490566037736,62.893081761006286,10.69182389937107
W00010158,223,37,11,26,186,158,28,16.591928251121075,4.932735426008969,11.659192825112108,83.40807174887892,70.85201793721974,12.556053811659194
W00010159,240,53,16,37,187,156,31,22.083333333333332,6.666666666666667,15.416666666666668,77.91666666666667,65,12.916666666666668
W00010160,132,16,7,9,116,103,13,12.121212121212121,5.303030303030303,6.8181818181818175,87.87878787878788,78.03030303030303,9.848484848484848
W00010161,223,33,13,20,190,174,16,14.798206278026907,5.829596412556054,8.968609865470851,85.20179372197309,78.02690582959642,7.174887892376682
W00010162,129,39,10,29,90,82,8,30.23255813953488,7.751937984496124,22.48062015503876,69.76744186046511,63.565891472868216,6.2015503875969
W00010163,199,38,10,28,161,135,26,19.09547738693467,5.025125628140704,14.07035175879397,80.90452261306532,67.8391959798995,13.06532663316583
W00010164,162,28,11,17,134,113,21,17.28395061728395,6.790123456790123,10.493827160493826,82.71604938271605,69.75308641975309,12.962962962962962
W00010165,190,49,24,25,141,118,23,25.789473684210527,12.631578947368421,13.157894736842104,74.21052631578947,62.10526315789474,12.105263157894736
W00010166,183,36,14,22,147,128,19,19.672131147540984,7.650273224043716,12.021857923497267,80.32786885245902,69.94535519125684,10.382513661202186
W00010167,129,21,6,15,108,88,20,16.27906976744186,4.651162790697675,11.627906976744185,83.72093023255815,68.21705426356588,15.503875968992247
W00010168,168,37,12,25,131,116,15,22.023809523809522,7.142857142857142,14.880952380952381,77.97619047619048,69.04761904761905,8.928571428571429
W00010169,133,32,10,22,101,96,5,24.06015037593985,7.518796992481203,16.541353383458645,75.93984962406014,72.18045112781954,3.7593984962406015
W00010170,84,25,3,22,59,52,7,29.761904761904763,3.571428571428571,26.190476190476193,70.23809523809523,61.904761904761905,8.333333333333332
W00010171,169,21,4,17,148,135,13,12.42603550295858,2.366863905325444,10.059171597633137,87.57396449704143,79.88165680473372,7.6923076923076925
W00010172,158,51,13,38,107,92,15,32.278481012658226,8.227848101265822,24.050632911392405,67.72151898734177,58.22784810126582,9.49367088607595
W00010173,195,37,13,24,158,146,12,18.974358974358974,6.666666666666667,12.307692307692308,81.02564102564102,74.87179487179488,6.153846153846154
W00010174,118,28,4,24,90,79,11,23.728813559322035,3.389830508474576,20.33898305084746,76.27118644067797,66.94915254237289,9.322033898305085
W00010175,112,31,7,24,81,64,17,27.67857142857143,6.25,21.428571428571427,72.32142857142857,57.14285714285714,15.178571428571427
W00010176,222,47,16,31,175,154,21,21.17117117117117,7.207207207207207,13.963963963963963,78.82882882882883,69.36936936936937,9.45945945945946
W00010179,209,49,7,42,160,149,11,23.444976076555022,3.349282296650718,20.095693779904305,76.55502392344498,71.29186602870813,5.263157894736842
W00010180,212,61,13,48,151,132,19,28.77358490566038,6.132075471698113,22.641509433962266,71.22641509433963,62.264150943396224,8.962264150943396
W00010181,119,38,16,22,81,77,4,31.932773109243694,13.445378151260504,18.487394957983195,68.0672268907563,64.70588235294117,3.361344537815126
W00010182,198,53,11,42,145,118,27,26.767676767676768,5.555555555555555,21.21212121212121,73.23232323232324,59.59595959595959,13.636363636363635
W00010183,196,43,10,33,153,140,13,21.93877551020408,5.1020408163265305,16.83673469387755,78.06122448979592,71.42857142857143,6.63265306122449
W00010184,154,37,14,23,117,105,12,24.025974025974026,9.090909090909092,14.935064935064934,75.97402597402598,68.18181818181817,7.792207792207792
W00010185,157,38,9,29,119,96,23,24.203821656050955,5.7324840764331215,18.471337579617835,75.79617834394905,61.146496815286625,14.64968152866242
W00010186,100,22,10,12,78,75,3,22,10,12,78,75,3
W00010187,82,61,45,16,21,15,6,74.39024390243902,54.87804878048781,19.51219512195122,25.609756097560975,18.29268292682927,7.317073170731707
W00010188,59,12,6,6,47,38,9,20.33898305084746,10.16949152542373,10.16949152542373,79.66101694915254,64.40677966101694,15.254237288135593
W00010189,155,42,15,27,113,99,14,27.09677419354839,9.67741935483871,17.419354838709676,72.90322580645162,63.87096774193548,9.032258064516128
W00010190,149,32,9,23,117,108,9,21.476510067114095,6.0402684563758395,15.436241610738255,78.52348993288591,72.48322147651007,6.0402684563758395
W00010191,134,24,12,12,110,96,14,17.91044776119403,8.955223880597014,8.955223880597014,82.08955223880598,71.64179104477611,10.44776119402985
W00010192,291,58,15,43,233,203,30,19.93127147766323,5.154639175257731,14.776632302405499,80.06872852233677,69.7594501718213,10.309278350515463
W00010193,191,29,11,18,162,146,16,15.18324607329843,5.7591623036649215,9.424083769633508,84.81675392670157,76.43979057591623,8.37696335078534
W00010194,271,36,15,21,235,218,17,13.284132841328415,5.535055350553505,7.7490774907749085,86.71586715867159,80.44280442804428,6.273062730627306
W00010195,110,16,2,14,94,83,11,14.545454545454545,1.8181818181818181,12.727272727272727,85.45454545454545,75.45454545454545,10
W00010196,138,19,9,10,119,100,19,13.768115942028986,6.521739130434782,7.246376811594203,86.23188405797102,72.46376811594203,13.768115942028986
W00010197,149,18,9,9,131,119,12,12.080536912751679,6.0402684563758395,6.0402684563758395,87.91946308724832,79.86577181208054,8.053691275167784
W00010198,114,32,9,23,82,72,10,28.07017543859649,7.894736842105263,20.175438596491226,71.9298245614035,63.1578947368421,8.771929824561402
W00010199,140,41,10,31,99,93,6,29.28571428571429,7.142857142857142,22.142857142857142,70.71428571428572,66.42857142857143,4.285714285714286
W00010200,187,33,10,23,154,137,17,17.647058823529413,5.347593582887701,12.299465240641712,82.35294117647058,73.2620320855615,9.090909090909092
W00010201,126,20,7,13,106,95,11,15.873015873015872,5.555555555555555,10.317460317460316,84.12698412698413,75.39682539682539,8.73015873015873
W00010202,140,20,6,14,120,100,20,14.285714285714285,4.285714285714286,10,85.71428571428571,71.42857142857143,14.285714285714285
W00010203,96,22,8,14,74,63,11,22.916666666666664,8.333333333333332,14.583333333333334,77.08333333333334,65.625,11.458333333333332
W00010204,158,22,8,14,136,122,14,13.924050632911392,5.063291139240507,8.860759493670885,86.07594936708861,77.21518987341773,8.860759493670885
W00010205,200,106,68,38,94,80,14,53,34,19,47,40,7.000000000000001
W00010206,102,34,9,25,68,58,10,33.33333333333333,8.823529411764707,24.509803921568626,66.66666666666666,56.86274509803921,9.803921568627452
W00010207,235,48,10,38,187,174,13,20.425531914893615,4.25531914893617,16.170212765957448,79.57446808510639,74.04255319148936,5.531914893617021
W00010208,115,23,8,15,92,78,14,20,6.956521739130435,13.043478260869565,80,67.82608695652173,12.173913043478262
W00010210,94,16,5,11,78,71,7,17.02127659574468,5.319148936170213,11.702127659574469,82.97872340425532,75.53191489361703,7.446808510638298
W00010211,115,18,7,11,97,88,9,15.65217391304348,6.086956521739131,9.565217391304348,84.34782608695653,76.52173913043478,7.82608695652174
W00010212,48,10,6,4,38,33,5,20.833333333333336,12.5,8.333333333333332,79.16666666666666,68.75,10.416666666666668
W00010213,66,24,4,20,42,34,8,36.36363636363637,6.0606060606060606,30.303030303030305,63.63636363636363,51.515151515151516,12.121212121212121
W00010214,144,27,5,22,117,107,10,18.75,3.4722222222222223,15.277777777777779,81.25,74.30555555555556,6.944444444444445
W00010215,158,27,7,20,131,121,10,17.088607594936708,4.430379746835443,12.658227848101266,82.91139240506328,76.58227848101265,6.329113924050633
W00010216,142,27,12,15,115,105,10,19.014084507042252,8.450704225352112,10.56338028169014,80.98591549295774,73.94366197183099,7.042253521126761
W00010217,121,32,10,22,89,76,13,26.446280991735538,8.264462809917356,18.181818181818183,73.55371900826447,62.8099173553719,10.743801652892563
W00010218,112,36,6,30,76,69,7,32.142857142857146,5.357142857142857,26.785714285714285,67.85714285714286,61.60714285714286,6.25
W00010219,57,30,16,14,27,26,1,52.63157894736842,28.07017543859649,24.561403508771928,47.368421052631575,45.614035087719294,1.7543859649122806
W00010221,154,41,15,26,113,84,29,26.623376623376622,9.740259740259742,16.883116883116884,73.37662337662337,54.54545454545454,18.83116883116883
W00010222,143,38,14,24,105,99,6,26.573426573426573,9.79020979020979,16.783216783216783,73.42657342657343,69.23076923076923,4.195804195804196
W00010223,148,101,74,27,47,42,5,68.24324324324324,50,18.243243243243242,31.756756756756754,28.37837837837838,3.3783783783783785
W00010224,93,22,7,15,71,66,5,23.655913978494624,7.526881720430108,16.129032258064516,76.34408602150538,70.96774193548387,5.376344086021505
W00010225,164,37,14,23,127,95,32,22.5609756097561,8.536585365853659,14.02439024390244,77.4390243902439,57.92682926829268,19.51219512195122
W00010227,131,32,6,26,99,91,8,24.427480916030532,4.580152671755725,19.84732824427481,75.57251908396947,69.46564885496184,6.106870229007633
W00010228,209,67,22,45,142,119,23,32.057416267942585,10.526315789473683,21.5311004784689,67.94258373205741,56.9377990430622,11.004784688995215
W00010229,78,22,3,19,56,48,8,28.205128205128204,3.8461538461538463,24.358974358974358,71.7948717948718,61.53846153846154,10.256410256410255
W00010230,116,18,7,11,98,89,9,15.517241379310345,6.0344827586206895,9.482758620689655,84.48275862068965,76.72413793103449,7.758620689655173
W00010231,125,31,12,19,94,76,18,24.8,9.6,15.2,75.2,60.8,14.399999999999999
W00010232,48,16,5,11,32,27,5,33.33333333333333,10.416666666666668,22.916666666666664,66.66666666666666,56.25,10.416666666666668
W00010363,75,23,9,14,52,48,4,30.666666666666664,12,18.666666666666668,69.33333333333334,64,5.333333333333334
W00010497,274,162,106,56,112,104,8,59.12408759124088,38.68613138686132,20.437956204379564,40.87591240875913,37.95620437956204,2.9197080291970803
W00010498,244,161,122,39,83,76,7,65.98360655737704,50,15.983606557377051,34.01639344262295,31.147540983606557,2.8688524590163933
W00010500,61,29,18,11,32,32,0,47.540983606557376,29.508196721311474,18.0327868852459,52.459016393442624,52.459016393442624,0
W00010502,118,18,7,11,100,87,13,15.254237288135593,5.932203389830509,9.322033898305085,84.7457627118644,73.72881355932203,11.016949152542372
W00010510,54,18,2,16,36,32,4,33.33333333333333,3.7037037037037033,29.629629629629626,66.66666666666666,59.25925925925925,7.4074074074074066
W00010517,158,41,5,36,117,103,14,25.949367088607595,3.1645569620253164,22.78481012658228,74.0506329113924,65.18987341772153,8.860759493670885
W00010519,81,71,46,25,10,9,1,87.65432098765432,56.79012345679012,30.864197530864196,12.345679012345679,11.11111111111111,1.2345679012345678
W00010522,213,34,15,19,179,159,20,15.96244131455399,7.042253521126761,8.92018779342723,84.03755868544602,74.64788732394366,9.389671361502346
W00010523,84,32,9,23,52,40,12,38.095238095238095,10.714285714285714,27.380952380952383,61.904761904761905,47.61904761904761,14.285714285714285
W00010526,164,52,13,39,112,92,20,31.70731707317073,7.926829268292683,23.78048780487805,68.29268292682927,56.09756097560976,12.195121951219512
W00010528,186,54,14,40,132,118,14,29.03225806451613,7.526881720430108,21.50537634408602,70.96774193548387,63.44086021505376,7.526881720430108
W00010529,67,29,20,9,38,38,0,43.28358208955223,29.850746268656714,13.432835820895523,56.71641791044776,56.71641791044776,0
W00010534,156,53,21,32,103,74,29,33.97435897435898,13.461538461538462,20.51282051282051,66.02564102564102,47.43589743589743,18.58974358974359
W00010535,223,51,10,41,172,144,28,22.869955156950674,4.484304932735426,18.385650224215247,77.13004484304933,64.57399103139014,12.556053811659194
W00010536,125,34,18,16,91,80,11,27.200000000000003,14.399999999999999,12.8,72.8,64,8.799999999999999
W00010537,124,34,12,22,90,76,14,27.419354838709676,9.67741935483871,17.741935483870968,72.58064516129032,61.29032258064516,11.29032258064516
W00010538,228,41,16,25,187,174,13,17.982456140350877,7.017543859649122,10.964912280701753,82.01754385964912,76.31578947368422,5.701754385964912
W00010541,232,94,60,34,138,119,19,40.51724137931034,25.862068965517242,14.655172413793101,59.48275862068966,51.293103448275865,8.189655172413794
W00010542,40,12,6,6,28,25,3,30,15,15,70,62.5,7.5
W00010546,97,29,4,25,68,67,1,29.896907216494846,4.123711340206185,25.773195876288657,70.10309278350515,69.0721649484536,1.0309278350515463
W00010549,122,42,20,22,80,71,9,34.42622950819672,16.39344262295082,18.0327868852459,65.57377049180327,58.19672131147541,7.377049180327869
W00010552,192,29,16,13,163,147,16,15.104166666666666,8.333333333333332,6.770833333333333,84.89583333333334,76.5625,8.333333333333332
W00010556,171,22,3,19,149,136,13,12.865497076023392,1.7543859649122806,11.11111111111111,87.13450292397661,79.53216374269006,7.602339181286549
W00010558,170,26,6,20,144,133,11,15.294117647058824,3.5294117647058822,11.76470588235294,84.70588235294117,78.23529411764706,6.470588235294119
W00010559,112,56,29,27,56,43,13,50,25.892857142857146,24.107142857142858,50,38.392857142857146,11.607142857142858
W00010560,115,48,18,30,67,59,8,41.73913043478261,15.65217391304348,26.08695652173913,58.26086956521739,51.30434782608696,6.956521739130435
W00010562,207,45,19,26,162,136,26,21.73913043478261,9.178743961352657,12.560386473429952,78.26086956521739,65.70048309178745,12.560386473429952
W00010568,118,59,36,23,59,51,8,50,30.508474576271187,19.491525423728813,50,43.22033898305085,6.779661016949152
W00010569,120,75,55,20,45,44,1,62.5,45.83333333333333,16.666666666666664,37.5,36.666666666666664,0.8333333333333334
W00010572,67,20,8,12,47,38,9,29.850746268656714,11.940298507462686,17.91044776119403,70.1492537313433,56.71641791044776,13.432835820895523
W00010573,103,30,17,13,73,66,7,29.126213592233007,16.50485436893204,12.62135922330097,70.87378640776699,64.07766990291263,6.796116504854369
W00010574,166,18,10,8,148,128,20,10.843373493975903,6.024096385542169,4.819277108433735,89.1566265060241,77.10843373493977,12.048192771084338
W00010579,137,22,4,18,115,102,13,16.05839416058394,2.9197080291970803,13.138686131386862,83.94160583941606,74.45255474452554,9.48905109489051
W00010580,148,98,68,30,50,42,8,66.21621621621621,45.94594594594595,20.27027027027027,33.78378378378378,28.37837837837838,5.405405405405405
W00010581,101,23,7,16,78,66,12,22.772277227722775,6.9306930693069315,15.841584158415841,77.22772277227723,65.34653465346535,11.881188118811881
W00010584,105,38,23,15,67,61,6,36.19047619047619,21.904761904761905,14.285714285714285,63.8095238095238,58.0952380952381,5.714285714285714
W00010585,114,33,8,25,81,74,7,28.947368421052634,7.017543859649122,21.929824561403507,71.05263157894737,64.91228070175438,6.140350877192982
W00010586,159,21,7,14,138,109,29,13.20754716981132,4.40251572327044,8.80503144654088,86.79245283018868,68.55345911949685,18.238993710691823
W00010587,239,68,22,46,171,136,35,28.451882845188287,9.205020920502092,19.246861924686193,71.54811715481172,56.903765690376574,14.644351464435147
W00010589,1,0,0,0,1,1,0,0,0,0,100,100,0
W00010594,164,50,20,30,114,99,15,30.48780487804878,12.195121951219512,18.29268292682927,69.51219512195121,60.36585365853659,9.146341463414634
W00010595,206,38,16,22,168,150,18,18.446601941747574,7.766990291262135,10.679611650485436,81.55339805825243,72.81553398058253,8.737864077669903
W00010596,157,35,13,22,122,105,17,22.29299363057325,8.280254777070063,14.012738853503185,77.70700636942675,66.87898089171973,10.828025477707007
W00010597,132,16,0,16,116,108,8,12.121212121212121,0,12.121212121212121,87.87878787878788,81.81818181818183,6.0606060606060606
W00010600,178,38,13,25,140,124,16,21.34831460674157,7.303370786516854,14.04494382022472,78.65168539325843,69.66292134831461,8.98876404494382
W00010601,38,24,12,12,14,13,1,63.1578947368421,31.57894736842105,31.57894736842105,36.84210526315789,34.21052631578947,2.631578947368421
W00010602,140,35,13,22,105,91,14,25,9.285714285714286,15.714285714285714,75,65,10
W00010603,164,92,60,32,72,62,10,56.09756097560976,36.58536585365854,19.51219512195122,43.90243902439025,37.80487804878049,6.097560975609756
W00010612,154,25,13,12,129,118,11,16.233766233766232,8.441558441558442,7.792207792207792,83.76623376623377,76.62337662337663,7.142857142857142
W00010613,179,45,10,35,134,114,20,25.139664804469277,5.58659217877095,19.553072625698324,74.86033519553072,63.687150837988824,11.1731843575419
W00010615,99,56,30,26,43,36,7,56.56565656565656,30.303030303030305,26.262626262626267,43.43434343434344,36.36363636363637,7.07070707070707
W00010623,109,33,14,19,76,61,15,30.275229357798167,12.844036697247708,17.431192660550458,69.72477064220183,55.96330275229357,13.761467889908257
W00010626,101,43,30,13,58,51,7,42.57425742574257,29.7029702970297,12.871287128712872,57.42574257425742,50.495049504950494,6.9306930693069315
W00010629,142,41,15,26,101,90,11,28.87323943661972,10.56338028169014,18.30985915492958,71.12676056338029,63.38028169014085,7.746478873239436
W00010630,176,76,38,38,100,97,3,43.18181818181818,21.59090909090909,21.59090909090909,56.81818181818182,55.11363636363637,1.7045454545454544
W00010631,214,37,10,27,177,162,15,17.289719626168225,4.672897196261682,12.616822429906541,82.71028037383178,75.70093457943925,7.009345794392523
W00010633,80,61,38,23,19,18,1,76.25,47.5,28.749999999999996,23.75,22.5,1.25
W00010635,48,23,11,12,25,21,4,47.91666666666667,22.916666666666664,25,52.083333333333336,43.75,8.333333333333332
W00010636,208,33,7,26,175,156,19,15.865384615384615,3.3653846153846154,12.5,84.13461538461539,75,9.134615384615383
W00010638,68,31,19,12,37,33,4,45.588235294117645,27.941176470588236,17.647058823529413,54.41176470588235,48.529411764705884,5.88235294117647
W00010639,121,47,19,28,74,69,5,38.84297520661157,15.702479338842975,23.140495867768596,61.15702479338842,57.02479338842975,4.132231404958678
W00010640,153,57,14,43,96,86,10,37.254901960784316,9.15032679738562,28.104575163398692,62.745098039215684,56.209150326797385,6.535947712418301
W00010641,141,66,39,27,75,67,8,46.808510638297875,27.659574468085108,19.148936170212767,53.191489361702125,47.5177304964539,5.673758865248227
W00010643,135,43,12,31,92,87,5,31.851851851851855,8.88888888888889,22.962962962962962,68.14814814814815,64.44444444444444,3.7037037037037033
W00010644,204,38,11,27,166,152,14,18.627450980392158,5.392156862745098,13.23529411764706,81.37254901960785,74.50980392156863,6.862745098039216
W00010645,125,40,10,30,85,70,15,32,8,24,68,56.00000000000001,12
W00010646,187,55,17,38,132,113,19,29.411764705882355,9.090909090909092,20.32085561497326,70.58823529411765,60.42780748663101,10.16042780748663
W00010648,112,57,38,19,55,54,1,50.89285714285714,33.92857142857143,16.964285714285715,49.107142857142854,48.214285714285715,0.8928571428571428
W00010649,31,11,0,11,20,15,5,35.483870967741936,0,35.483870967741936,64.51612903225806,48.38709677419355,16.129032258064516
