OA,ts0380001,ts0380002,ts0380003,ts0380004,ts0380005,ts0380006,ts0380007,ts0380002_PCT,ts0380003_PCT,ts0380004_PCT,ts0380005_PCT,ts0380006_PCT,ts0380007_PCT
E00082590,357,38,13,25,319,17,302,10.644257703081232,3.6414565826330536,7.002801120448179,89.35574229691878,4.761904761904762,84.593837535014
E00082592,252,24,6,18,228,17,211,9.523809523809524,2.380952380952381,7.142857142857142,90.47619047619048,6.746031746031746,83.73015873015873
E00082593,248,23,4,19,225,20,205,9.274193548387096,1.6129032258064515,7.661290322580645,90.7258064516129,8.064516129032258,82.66129032258065
E00082594,247,36,15,21,211,18,193,14.5748987854251,6.0728744939271255,8.502024291497975,85.4251012145749,7.28744939271255,78.13765182186235
E00082595,232,45,20,25,187,13,174,19.396551724137932,8.620689655172415,10.775862068965516,80.60344827586206,5.603448275862069,75
E00082596,321,42,14,28,279,27,252,13.084112149532709,4.361370716510903,8.722741433021806,86.91588785046729,8.411214953271028,78.50467289719626
E00082597,289,33,15,18,256,21,235,11.418685121107266,5.190311418685121,6.228373702422145,88.58131487889274,7.26643598615917,81.31487889273356
E00082598,301,29,6,23,272,20,252,9.634551495016613,1.9933554817275747,7.641196013289036,90.36544850498339,6.64451827242525,83.72093023255815
E00082599,247,24,4,20,223,14,209,9.7165991902834,1.6194331983805668,8.097165991902834,90.2834008097166,5.668016194331984,84.61538461538461
E00082600,309,41,17,24,268,22,246,13.268608414239482,5.501618122977346,7.766990291262135,86.73139158576052,7.119741100323624,79.6116504854369
E00082601,246,22,8,14,224,24,200,8.94308943089431,3.2520325203252036,5.691056910569105,91.05691056910568,9.75609756097561,81.30081300813008
E00082602,408,41,17,24,367,28,339,10.049019607843137,4.166666666666666,5.88235294117647,89.95098039215686,6.862745098039216,83.08823529411765
E00082603,298,30,7,23,268,25,243,10.06711409395973,2.348993288590604,7.718120805369128,89.93288590604027,8.389261744966444,81.54362416107382
E00082604,326,32,6,26,294,26,268,9.815950920245399,1.8404907975460123,7.975460122699387,90.1840490797546,7.975460122699387,82.20858895705521
E00082605,251,43,15,28,208,19,189,17.131474103585656,5.9760956175298805,11.155378486055776,82.86852589641434,7.569721115537849,75.2988047808765
E00082606,310,26,6,20,284,26,258,8.38709677419355,1.935483870967742,6.451612903225806,91.61290322580645,8.38709677419355,83.22580645161291
E00082608,351,33,17,16,318,10,308,9.401709401709402,4.843304843304843,4.5584045584045585,90.5982905982906,2.849002849002849,87.74928774928775
E00082610,564,99,46,53,465,25,440,17.5531914893617,8.156028368794328,9.397163120567376,82.4468085106383,4.432624113475177,78.01418439716312
E00082612,390,47,8,39,343,26,317,12.051282051282051,2.051282051282051,10,87.94871794871794,6.666666666666667,81.28205128205128
E00082613,339,37,14,23,302,19,283,10.914454277286136,4.129793510324483,6.784660766961652,89.08554572271386,5.604719764011799,83.48082595870207
E00082615,242,43,16,27,199,12,187,17.768595041322314,6.6115702479338845,11.15702479338843,82.23140495867769,4.958677685950414,77.27272727272727
E00082616,436,64,25,39,372,32,340,14.678899082568808,5.73394495412844,8.944954128440367,85.3211009174312,7.339449541284404,77.98165137614679
E00082617,453,77,40,37,376,15,361,16.99779249448124,8.830022075055188,8.167770419426049,83.00220750551877,3.3112582781456954,79.69094922737307
E00082619,468,55,17,38,413,33,380,11.752136752136751,3.632478632478633,8.11965811965812,88.24786324786325,7.051282051282051,81.19658119658119
E00082620,338,42,13,29,296,19,277,12.42603550295858,3.8461538461538463,8.579881656804734,87.57396449704143,5.621301775147929,81.95266272189349
E00082621,317,48,20,28,269,16,253,15.141955835962145,6.309148264984227,8.832807570977918,84.85804416403786,5.047318611987381,79.81072555205047
E00082623,318,26,5,21,292,29,263,8.176100628930817,1.5723270440251573,6.60377358490566,91.82389937106919,9.119496855345911,82.70440251572327
E00082624,430,57,17,40,373,22,351,13.25581395348837,3.953488372093023,9.30232558139535,86.74418604651163,5.116279069767442,81.62790697674419
E00082625,298,36,11,25,262,14,248,12.080536912751679,3.691275167785235,8.389261744966444,87.91946308724832,4.697986577181208,83.22147651006712
E00082626,408,53,18,35,355,28,327,12.990196078431374,4.411764705882353,8.57843137254902,87.00980392156863,6.862745098039216,80.14705882352942
E00082627,428,40,10,30,388,28,360,9.345794392523365,2.336448598130841,7.009345794392523,90.65420560747664,6.5420560747663545,84.11214953271028
E00082628,319,45,20,25,274,17,257,14.106583072100312,6.269592476489027,7.836990595611286,85.8934169278997,5.329153605015674,80.56426332288402
E00082629,238,28,10,18,210,20,190,11.76470588235294,4.201680672268908,7.563025210084033,88.23529411764706,8.403361344537815,79.83193277310924
E00082630,295,46,17,29,249,25,224,15.593220338983052,5.762711864406779,9.830508474576272,84.40677966101696,8.47457627118644,75.9322033898305
E00082631,329,48,21,27,281,26,255,14.58966565349544,6.382978723404255,8.206686930091186,85.41033434650456,7.90273556231003,77.50759878419453
E00082632,436,38,13,25,398,23,375,8.715596330275229,2.981651376146789,5.73394495412844,91.28440366972477,5.275229357798166,86.0091743119266
E00082634,407,55,19,36,352,17,335,13.513513513513514,4.668304668304668,8.845208845208845,86.48648648648648,4.176904176904177,82.30958230958231
E00082635,408,38,11,27,370,15,355,9.313725490196079,2.696078431372549,6.61764705882353,90.68627450980392,3.6764705882352944,87.00980392156863
E00082636,408,59,29,30,349,20,329,14.460784313725492,7.107843137254902,7.352941176470589,85.5392156862745,4.901960784313726,80.63725490196079
E00082637,378,33,12,21,345,21,324,8.73015873015873,3.1746031746031744,5.555555555555555,91.26984126984127,5.555555555555555,85.71428571428571
E00082638,316,47,22,25,269,15,254,14.873417721518987,6.962025316455696,7.9113924050632916,85.12658227848101,4.746835443037975,80.37974683544303
E00082639,271,25,6,19,246,14,232,9.22509225092251,2.214022140221402,7.011070110701106,90.7749077490775,5.166051660516605,85.60885608856088
E00082640,377,57,19,38,320,20,300,15.119363395225463,5.039787798408488,10.079575596816976,84.88063660477454,5.305039787798409,79.57559681697613
E00082641,335,36,10,26,299,18,281,10.746268656716417,2.9850746268656714,7.761194029850746,89.25373134328358,5.3731343283582085,83.88059701492537
E00082642,248,29,13,16,219,17,202,11.693548387096774,5.241935483870968,6.451612903225806,88.30645161290323,6.854838709677419,81.45161290322581
E00082643,286,33,7,26,253,15,238,11.538461538461538,2.4475524475524475,9.090909090909092,88.46153846153845,5.244755244755245,83.21678321678321
E00082644,301,28,7,21,273,22,251,9.30232558139535,2.3255813953488373,6.976744186046512,90.69767441860465,7.308970099667775,83.38870431893687
E00082645,344,40,12,28,304,19,285,11.627906976744185,3.488372093023256,8.13953488372093,88.37209302325581,5.523255813953488,82.84883720930233
E00082646,368,45,14,31,323,19,304,12.228260869565217,3.804347826086957,8.423913043478262,87.77173913043478,5.163043478260869,82.6086956521739
E00082647,362,38,12,26,324,24,300,10.497237569060774,3.314917127071823,7.18232044198895,89.50276243093923,6.629834254143646,82.87292817679558
E00082648,365,47,11,36,318,21,297,12.876712328767123,3.0136986301369864,9.863013698630137,87.12328767123287,5.7534246575342465,81.36986301369863
E00082649,369,53,11,42,316,21,295,14.363143631436316,2.9810298102981028,11.38211382113821,85.63685636856368,5.691056910569105,79.94579945799458
E00082650,399,57,18,39,342,34,308,14.285714285714285,4.511278195488721,9.774436090225564,85.71428571428571,8.521303258145362,77.19298245614034
E00082651,396,48,17,31,348,22,326,12.121212121212121,4.292929292929292,7.828282828282829,87.87878787878788,5.555555555555555,82.32323232323232
E00082652,363,36,12,24,327,14,313,9.917355371900827,3.3057851239669422,6.6115702479338845,90.08264462809917,3.8567493112947657,86.22589531680441
E00082654,404,48,22,26,356,17,339,11.881188118811881,5.445544554455446,6.435643564356436,88.11881188118812,4.207920792079208,83.9108910891089
E00082655,370,32,15,17,338,18,320,8.64864864864865,4.054054054054054,4.594594594594595,91.35135135135135,4.864864864864865,86.48648648648648
E00082656,341,47,14,33,294,29,265,13.78299120234604,4.105571847507331,9.67741935483871,86.21700879765396,8.504398826979472,77.71260997067448
E00082657,555,109,51,58,446,47,399,19.63963963963964,9.18918918918919,10.45045045045045,80.36036036036036,8.468468468468467,71.89189189189189
E00082658,287,51,18,33,236,11,225,17.770034843205575,6.2717770034843205,11.498257839721255,82.22996515679442,3.8327526132404177,78.397212543554
E00082659,362,38,10,28,324,24,300,10.497237569060774,2.7624309392265194,7.734806629834254,89.50276243093923,6.629834254143646,82.87292817679558
E00082661,276,37,7,30,239,19,220,13.405797101449277,2.536231884057971,10.869565217391305,86.59420289855072,6.884057971014493,79.71014492753623
E00082662,274,32,8,24,242,24,218,11.678832116788321,2.9197080291970803,8.75912408759124,88.32116788321169,8.75912408759124,79.56204379562044
E00082663,237,28,10,18,209,28,181,11.814345991561181,4.219409282700422,7.59493670886076,88.18565400843882,11.814345991561181,76.37130801687763
E00082664,278,38,10,28,240,27,213,13.66906474820144,3.5971223021582732,10.071942446043165,86.33093525179856,9.712230215827338,76.61870503597122
E00082665,299,70,40,30,229,15,214,23.411371237458194,13.377926421404682,10.033444816053512,76.58862876254182,5.016722408026756,71.57190635451505
E00082666,269,30,9,21,239,33,206,11.152416356877323,3.3457249070631967,7.806691449814126,88.84758364312268,12.267657992565056,76.57992565055763
E00082667,305,45,10,35,260,17,243,14.754098360655737,3.278688524590164,11.475409836065573,85.24590163934425,5.573770491803279,79.67213114754098
E00082668,341,32,10,22,309,32,277,9.3841642228739,2.932551319648094,6.451612903225806,90.6158357771261,9.3841642228739,81.23167155425219
E00082669,389,40,14,26,349,22,327,10.282776349614396,3.5989717223650386,6.683804627249357,89.7172236503856,5.655526992287918,84.06169665809769
E00082670,342,74,41,33,268,12,256,21.637426900584796,11.988304093567251,9.649122807017543,78.3625730994152,3.508771929824561,74.85380116959064
E00082671,355,37,10,27,318,39,279,10.422535211267606,2.8169014084507045,7.605633802816901,89.5774647887324,10.985915492957748,78.59154929577464
E00082672,281,34,5,29,247,27,220,12.099644128113878,1.7793594306049825,10.320284697508896,87.90035587188612,9.608540925266903,78.29181494661923
E00082673,261,27,9,18,234,21,213,10.344827586206897,3.4482758620689653,6.896551724137931,89.65517241379311,8.045977011494253,81.60919540229885
E00082674,281,24,4,20,257,23,234,8.540925266903916,1.4234875444839856,7.11743772241993,91.45907473309609,8.185053380782918,83.27402135231317
E00082675,317,41,8,33,276,12,264,12.933753943217665,2.5236593059936907,10.410094637223976,87.06624605678233,3.7854889589905363,83.2807570977918
E00082676,382,64,17,47,318,40,278,16.75392670157068,4.450261780104712,12.30366492146597,83.24607329842932,10.471204188481675,72.77486910994764
E00082677,318,33,6,27,285,18,267,10.377358490566039,1.8867924528301887,8.49056603773585,89.62264150943396,5.660377358490567,83.9622641509434
E00082678,294,55,23,32,239,20,219,18.70748299319728,7.8231292517006805,10.884353741496598,81.29251700680273,6.802721088435375,74.48979591836735
E00082679,250,35,15,20,215,14,201,14.000000000000002,6,8,86,5.6000000000000005,80.4
E00082680,258,34,12,22,224,17,207,13.178294573643413,4.651162790697675,8.527131782945736,86.82170542635659,6.5891472868217065,80.23255813953489
E00082681,256,55,24,31,201,18,183,21.484375,9.375,12.109375,78.515625,7.03125,71.484375
E00082682,244,42,17,25,202,13,189,17.21311475409836,6.967213114754098,10.245901639344263,82.78688524590164,5.327868852459016,77.45901639344262
E00082683,293,33,10,23,260,18,242,11.262798634812286,3.4129692832764507,7.849829351535837,88.73720136518772,6.143344709897611,82.5938566552901
E00082684,245,33,7,26,212,28,184,13.46938775510204,2.857142857142857,10.612244897959183,86.53061224489797,11.428571428571429,75.10204081632654
E00082685,217,39,14,25,178,21,157,17.972350230414747,6.451612903225806,11.52073732718894,82.02764976958525,9.67741935483871,72.35023041474655
E00082686,298,51,14,37,247,20,227,17.114093959731544,4.697986577181208,12.416107382550337,82.88590604026845,6.7114093959731544,76.1744966442953
E00082687,281,32,5,27,249,23,226,11.387900355871885,1.7793594306049825,9.608540925266903,88.61209964412812,8.185053380782918,80.42704626334519
E00082689,474,75,26,49,399,26,373,15.822784810126583,5.485232067510549,10.337552742616033,84.17721518987342,5.485232067510549,78.69198312236287
E00082690,349,53,19,34,296,21,275,15.18624641833811,5.444126074498568,9.742120343839542,84.81375358166189,6.017191977077363,78.79656160458453
E00082691,308,74,32,42,234,24,210,24.025974025974026,10.38961038961039,13.636363636363635,75.97402597402598,7.792207792207792,68.18181818181817
E00082692,415,74,25,49,341,26,315,17.83132530120482,6.024096385542169,11.80722891566265,82.16867469879519,6.265060240963856,75.90361445783132
E00082693,382,79,35,44,303,20,283,20.680628272251308,9.162303664921465,11.518324607329843,79.31937172774869,5.2356020942408374,74.08376963350786
E00082694,382,44,15,29,338,16,322,11.518324607329843,3.926701570680628,7.591623036649215,88.48167539267016,4.18848167539267,84.29319371727748
E00082695,429,75,37,38,354,24,330,17.482517482517483,8.624708624708624,8.857808857808857,82.51748251748252,5.594405594405594,76.92307692307693
E00082696,415,71,20,51,344,31,313,17.10843373493976,4.819277108433735,12.289156626506024,82.89156626506025,7.46987951807229,75.42168674698794
E00082697,456,88,44,44,368,24,344,19.298245614035086,9.649122807017543,9.649122807017543,80.7017543859649,5.263157894736842,75.43859649122807
E00082698,291,56,21,35,235,17,218,19.243986254295535,7.216494845360824,12.027491408934708,80.75601374570446,5.841924398625429,74.91408934707904
E00082699,341,61,30,31,280,19,261,17.888563049853374,8.797653958944283,9.090909090909092,82.11143695014663,5.571847507331378,76.53958944281524
E00082700,372,62,34,28,310,14,296,16.666666666666664,9.13978494623656,7.526881720430108,83.33333333333334,3.763440860215054,79.56989247311827
E00082702,302,56,23,33,246,24,222,18.543046357615893,7.6158940397351,10.927152317880795,81.45695364238411,7.9470198675496695,73.50993377483444
E00082703,392,53,13,40,339,32,307,13.520408163265307,3.316326530612245,10.204081632653061,86.4795918367347,8.16326530612245,78.31632653061224
E00082704,363,42,5,37,321,22,299,11.570247933884298,1.3774104683195594,10.192837465564738,88.42975206611571,6.0606060606060606,82.36914600550963
E00082705,345,77,39,38,268,15,253,22.318840579710145,11.304347826086957,11.014492753623188,77.68115942028986,4.3478260869565215,73.33333333333333
E00082706,316,46,22,24,270,22,248,14.556962025316455,6.962025316455696,7.59493670886076,85.44303797468355,6.962025316455696,78.48101265822784
E00082707,368,58,26,32,310,22,288,15.760869565217392,7.065217391304348,8.695652173913043,84.23913043478261,5.978260869565218,78.26086956521739
E00082708,419,63,21,42,356,23,333,15.035799522673033,5.011933174224343,10.023866348448687,84.96420047732697,5.4892601431980905,79.47494033412887
E00082709,349,77,30,47,272,21,251,22.063037249283667,8.595988538681947,13.46704871060172,77.93696275071633,6.017191977077363,71.91977077363897
E00082710,374,52,20,32,322,18,304,13.903743315508022,5.347593582887701,8.55614973262032,86.09625668449198,4.81283422459893,81.28342245989305
E00082711,391,59,21,38,332,15,317,15.089514066496163,5.3708439897698215,9.718670076726342,84.91048593350384,3.8363171355498724,81.07416879795396
E00082712,360,48,21,27,312,18,294,13.333333333333334,5.833333333333333,7.5,86.66666666666667,5,81.66666666666667
E00082713,304,71,24,47,233,17,216,23.355263157894736,7.894736842105263,15.460526315789474,76.64473684210526,5.592105263157895,71.05263157894737
E00082714,368,72,32,40,296,21,275,19.565217391304348,8.695652173913043,10.869565217391305,80.43478260869566,5.706521739130435,74.72826086956522
E00082715,296,29,17,12,267,23,244,9.797297297297296,5.743243243243244,4.054054054054054,90.2027027027027,7.77027027027027,82.43243243243244
E00082717,405,31,9,22,374,28,346,7.654320987654321,2.2222222222222223,5.432098765432099,92.34567901234568,6.91358024691358,85.4320987654321
E00082718,327,63,23,40,264,21,243,19.26605504587156,7.033639143730887,12.232415902140673,80.73394495412845,6.422018348623854,74.31192660550458
E00082719,523,45,18,27,478,28,450,8.604206500956023,3.4416826003824093,5.162523900573614,91.39579349904398,5.353728489483748,86.04206500956023
E00082721,262,34,10,24,228,12,216,12.977099236641221,3.816793893129771,9.16030534351145,87.02290076335878,4.580152671755725,82.44274809160305
E00082722,398,59,31,28,339,24,315,14.824120603015075,7.788944723618091,7.035175879396985,85.17587939698493,6.030150753768844,79.14572864321609
E00082724,369,28,11,17,341,13,328,7.588075880758807,2.9810298102981028,4.607046070460704,92.41192411924119,3.523035230352303,88.88888888888889
E00082726,345,25,10,15,320,18,302,7.246376811594203,2.898550724637681,4.3478260869565215,92.7536231884058,5.217391304347826,87.53623188405797
E00082727,371,45,12,33,326,22,304,12.129380053908356,3.234501347708895,8.89487870619946,87.87061994609164,5.929919137466308,81.94070080862534
E00082728,414,38,13,25,376,24,352,9.178743961352657,3.140096618357488,6.038647342995169,90.82125603864735,5.797101449275362,85.02415458937197
E00082729,306,19,5,14,287,25,262,6.209150326797386,1.6339869281045754,4.57516339869281,93.79084967320262,8.169934640522875,85.62091503267973
E00082730,370,28,12,16,342,21,321,7.567567567567568,3.2432432432432434,4.324324324324325,92.43243243243244,5.675675675675676,86.75675675675676
E00082731,326,55,20,35,271,18,253,16.87116564417178,6.134969325153374,10.736196319018406,83.12883435582822,5.521472392638037,77.60736196319019
E00082732,276,36,9,27,240,13,227,13.043478260869565,3.260869565217391,9.782608695652174,86.95652173913044,4.710144927536232,82.2463768115942
E00082733,317,27,7,20,290,9,281,8.517350157728707,2.2082018927444795,6.309148264984227,91.48264984227129,2.8391167192429023,88.64353312302839
E00082734,304,36,9,27,268,15,253,11.842105263157894,2.9605263157894735,8.881578947368421,88.1578947368421,4.934210526315789,83.22368421052632
E00082735,273,33,15,18,240,8,232,12.087912087912088,5.4945054945054945,6.593406593406594,87.91208791208791,2.93040293040293,84.98168498168498
E00082736,365,61,20,41,304,26,278,16.71232876712329,5.47945205479452,11.232876712328768,83.28767123287672,7.123287671232877,76.16438356164383
E00082737,396,63,20,43,333,28,305,15.909090909090908,5.05050505050505,10.85858585858586,84.0909090909091,7.07070707070707,77.02020202020202
E00082738,404,57,22,35,347,23,324,14.108910891089108,5.445544554455446,8.663366336633663,85.89108910891089,5.693069306930694,80.19801980198021
E00082739,316,37,10,27,279,21,258,11.708860759493671,3.1645569620253164,8.544303797468354,88.29113924050634,6.6455696202531636,81.64556962025317
E00082740,536,73,39,34,463,28,435,13.619402985074627,7.276119402985075,6.343283582089552,86.38059701492537,5.223880597014925,81.15671641791045
E00082741,460,50,17,33,410,25,385,10.869565217391305,3.6956521739130435,7.173913043478261,89.13043478260869,5.434782608695652,83.69565217391305
E00082742,291,35,10,25,256,9,247,12.027491408934708,3.436426116838488,8.59106529209622,87.97250859106529,3.0927835051546393,84.87972508591065
E00082743,376,41,9,32,335,26,309,10.904255319148938,2.393617021276596,8.51063829787234,89.09574468085107,6.914893617021277,82.18085106382979
E00082744,329,43,9,34,286,32,254,13.069908814589665,2.735562310030395,10.33434650455927,86.93009118541033,9.72644376899696,77.20364741641338
E00082745,319,34,13,21,285,26,259,10.658307210031348,4.075235109717868,6.583072100313479,89.34169278996865,8.150470219435736,81.19122257053291
E00082746,333,47,23,24,286,23,263,14.114114114114114,6.906906906906906,7.207207207207207,85.88588588588588,6.906906906906906,78.97897897897897
E00082747,303,49,9,40,254,24,230,16.17161716171617,2.9702970297029703,13.2013201320132,83.82838283828383,7.920792079207921,75.9075907590759
E00082748,297,43,17,26,254,29,225,14.47811447811448,5.723905723905724,8.754208754208754,85.52188552188552,9.764309764309765,75.75757575757575
E00082749,332,45,23,22,287,26,261,13.55421686746988,6.927710843373494,6.626506024096386,86.44578313253012,7.83132530120482,78.6144578313253
E00082750,293,33,9,24,260,25,235,11.262798634812286,3.0716723549488054,8.19112627986348,88.73720136518772,8.532423208191126,80.2047781569966
E00082751,338,58,26,32,280,18,262,17.159763313609467,7.6923076923076925,9.467455621301776,82.84023668639054,5.325443786982249,77.51479289940828
E00082752,391,106,83,23,285,24,261,27.10997442455243,21.22762148337596,5.88235294117647,72.89002557544757,6.138107416879795,66.75191815856778
E00082753,357,37,10,27,320,23,297,10.364145658263306,2.801120448179272,7.563025210084033,89.6358543417367,6.442577030812324,83.19327731092437
E00082754,317,29,4,25,288,44,244,9.14826498422713,1.2618296529968454,7.886435331230284,90.85173501577287,13.880126182965299,76.97160883280758
E00082755,469,89,38,51,380,22,358,18.976545842217483,8.102345415778252,10.874200426439232,81.02345415778251,4.690831556503198,76.33262260127933
E00082756,325,51,25,26,274,22,252,15.692307692307692,7.6923076923076925,8,84.3076923076923,6.769230769230769,77.53846153846153
E00082757,388,53,18,35,335,39,296,13.65979381443299,4.639175257731959,9.02061855670103,86.34020618556701,10.051546391752577,76.28865979381443
E00082758,406,74,28,46,332,22,310,18.226600985221676,6.896551724137931,11.330049261083744,81.77339901477832,5.41871921182266,76.35467980295566
E00082759,345,36,15,21,309,32,277,10.434782608695652,4.3478260869565215,6.086956521739131,89.56521739130436,9.27536231884058,80.28985507246377
E00082760,302,56,22,34,246,19,227,18.543046357615893,7.28476821192053,11.258278145695364,81.45695364238411,6.291390728476822,75.16556291390728
E00082761,360,58,16,42,302,30,272,16.11111111111111,4.444444444444445,11.666666666666666,83.88888888888889,8.333333333333332,75.55555555555556
E00082762,353,68,21,47,285,20,265,19.263456090651555,5.94900849858357,13.314447592067987,80.73654390934844,5.6657223796034,75.07082152974505
E00082763,335,73,38,35,262,13,249,21.791044776119403,11.343283582089553,10.44776119402985,78.2089552238806,3.880597014925373,74.32835820895522
E00082764,349,56,20,36,293,24,269,16.045845272206304,5.730659025787966,10.315186246418339,83.95415472779369,6.876790830945559,77.07736389684814
E00082765,424,54,23,31,370,27,343,12.735849056603774,5.4245283018867925,7.311320754716981,87.26415094339622,6.367924528301887,80.89622641509435
E00082766,440,38,11,27,402,20,382,8.636363636363637,2.5,6.136363636363637,91.36363636363637,4.545454545454546,86.81818181818181
E00082767,327,40,15,25,287,19,268,12.232415902140673,4.587155963302752,7.64525993883792,87.76758409785933,5.81039755351682,81.9571865443425
E00082768,356,49,19,30,307,29,278,13.764044943820226,5.337078651685393,8.426966292134832,86.23595505617978,8.146067415730338,78.08988764044943
E00082769,245,38,10,28,207,16,191,15.510204081632653,4.081632653061225,11.428571428571429,84.48979591836735,6.530612244897959,77.9591836734694
E00082770,324,42,7,35,282,23,259,12.962962962962962,2.1604938271604937,10.802469135802468,87.03703703703704,7.098765432098765,79.93827160493827
E00082771,416,68,36,32,348,25,323,16.346153846153847,8.653846153846153,7.6923076923076925,83.65384615384616,6.009615384615385,77.64423076923077
E00082772,333,35,10,25,298,47,251,10.51051051051051,3.003003003003003,7.5075075075075075,89.4894894894895,14.114114114114114,75.37537537537537
E00082773,337,24,12,12,313,24,289,7.121661721068249,3.5608308605341246,3.5608308605341246,92.87833827893175,7.121661721068249,85.7566765578635
E00082774,314,35,15,20,279,37,242,11.146496815286625,4.777070063694268,6.369426751592357,88.85350318471338,11.78343949044586,77.07006369426752
E00082775,290,46,13,33,244,27,217,15.862068965517242,4.482758620689655,11.379310344827587,84.13793103448276,9.310344827586208,74.82758620689656
E00082776,334,39,14,25,295,30,265,11.676646706586826,4.191616766467066,7.48502994011976,88.32335329341318,8.982035928143713,79.34131736526946
E00082777,279,38,10,28,241,24,217,13.620071684587815,3.584229390681003,10.03584229390681,86.37992831541219,8.60215053763441,77.77777777777779
E00082778,299,35,10,25,264,31,233,11.705685618729097,3.3444816053511706,8.361204013377927,88.2943143812709,10.367892976588628,77.92642140468227
E00082779,282,34,9,25,248,31,217,12.056737588652481,3.1914893617021276,8.865248226950355,87.94326241134752,10.99290780141844,76.95035460992908
E00082780,294,45,12,33,249,23,226,15.306122448979592,4.081632653061225,11.224489795918368,84.6938775510204,7.8231292517006805,76.87074829931973
E00082781,330,38,15,23,292,29,263,11.515151515151516,4.545454545454546,6.969696969696971,88.48484848484848,8.787878787878787,79.6969696969697
E00082782,489,73,33,40,416,29,387,14.92842535787321,6.748466257668712,8.1799591002045,85.07157464212679,5.930470347648262,79.14110429447852
E00082783,245,65,27,38,180,19,161,26.53061224489796,11.020408163265307,15.510204081632653,73.46938775510205,7.755102040816326,65.71428571428571
E00082784,201,22,4,18,179,19,160,10.945273631840797,1.9900497512437811,8.955223880597014,89.05472636815921,9.45273631840796,79.60199004975125
E00082785,342,68,46,22,274,21,253,19.883040935672515,13.450292397660817,6.432748538011696,80.11695906432749,6.140350877192982,73.9766081871345
E00082786,384,49,21,28,335,21,314,12.760416666666666,5.46875,7.291666666666667,87.23958333333334,5.46875,81.77083333333334
E00082787,355,51,20,31,304,23,281,14.366197183098592,5.633802816901409,8.732394366197182,85.63380281690141,6.478873239436619,79.15492957746478
E00082788,255,24,12,12,231,13,218,9.411764705882353,4.705882352941177,4.705882352941177,90.58823529411765,5.098039215686274,85.49019607843137
E00082789,342,48,13,35,294,34,260,14.035087719298245,3.8011695906432745,10.23391812865497,85.96491228070175,9.941520467836257,76.0233918128655
E00082790,385,44,20,24,341,30,311,11.428571428571429,5.194805194805195,6.233766233766234,88.57142857142857,7.792207792207792,80.77922077922078
E00082791,167,14,5,9,153,15,138,8.383233532934131,2.9940119760479043,5.389221556886228,91.61676646706587,8.982035928143713,82.63473053892216
E00082792,384,100,76,24,284,16,268,26.041666666666668,19.791666666666664,6.25,73.95833333333334,4.166666666666666,69.79166666666666
E00082793,299,40,12,28,259,10,249,13.377926421404682,4.013377926421405,9.364548494983277,86.62207357859532,3.3444816053511706,83.27759197324414
E00082794,437,56,14,42,381,23,358,12.814645308924485,3.203661327231121,9.610983981693364,87.18535469107552,5.263157894736842,81.92219679633868
E00082795,399,41,20,21,358,17,341,10.275689223057643,5.012531328320802,5.263157894736842,89.72431077694235,4.260651629072681,85.46365914786968
E00082796,266,47,19,28,219,12,207,17.669172932330827,7.142857142857142,10.526315789473683,82.33082706766918,4.511278195488721,77.81954887218046
E00082797,359,35,16,19,324,22,302,9.749303621169917,4.456824512534819,5.2924791086350975,90.25069637883009,6.128133704735376,84.12256267409471
E00082798,541,65,29,36,476,23,453,12.014787430683919,5.360443622920517,6.654343807763401,87.98521256931609,4.251386321626617,83.73382624768946
E00082799,437,68,25,43,369,24,345,15.560640732265446,5.720823798627003,9.839816933638444,84.43935926773455,5.491990846681922,78.94736842105263
E00082800,383,39,16,23,344,32,312,10.182767624020887,4.177545691906006,6.005221932114883,89.81723237597912,8.355091383812011,81.4621409921671
E00082801,230,40,22,18,190,11,179,17.391304347826086,9.565217391304348,7.82608695652174,82.6086956521739,4.782608695652174,77.82608695652173
E00082802,324,69,25,44,255,17,238,21.296296296296298,7.716049382716049,13.580246913580247,78.70370370370371,5.246913580246913,73.4567901234568
E00082803,277,33,13,20,244,20,224,11.913357400722022,4.693140794223827,7.2202166064981945,88.08664259927798,7.2202166064981945,80.86642599277978
E00082804,305,32,11,21,273,21,252,10.491803278688524,3.606557377049181,6.885245901639345,89.50819672131148,6.885245901639345,82.62295081967214
E00082805,309,50,16,34,259,14,245,16.181229773462782,5.177993527508091,11.003236245954692,83.81877022653723,4.53074433656958,79.28802588996764
E00082806,301,70,25,45,231,14,217,23.25581395348837,8.305647840531561,14.950166112956811,76.74418604651163,4.651162790697675,72.09302325581395
E00082807,306,41,17,24,265,16,249,13.398692810457517,5.555555555555555,7.8431372549019605,86.60130718954248,5.228758169934641,81.37254901960785
E00082808,425,60,24,36,365,14,351,14.117647058823529,5.647058823529412,8.470588235294118,85.88235294117646,3.294117647058824,82.58823529411765
E00082809,291,29,10,19,262,28,234,9.965635738831615,3.436426116838488,6.529209621993128,90.03436426116839,9.621993127147768,80.41237113402062
E00082810,371,44,14,30,327,30,297,11.859838274932615,3.7735849056603774,8.086253369272237,88.14016172506739,8.086253369272237,80.05390835579514
E00082811,274,29,12,17,245,19,226,10.583941605839415,4.37956204379562,6.204379562043796,89.41605839416059,6.934306569343065,82.48175182481752
E00082812,254,33,12,21,221,19,202,12.992125984251967,4.724409448818897,8.267716535433072,87.00787401574803,7.480314960629922,79.52755905511812
E00082813,232,30,6,24,202,18,184,12.931034482758621,2.586206896551724,10.344827586206897,87.06896551724138,7.758620689655173,79.3103448275862
E00082814,336,67,39,28,269,19,250,19.940476190476193,11.607142857142858,8.333333333333332,80.05952380952381,5.654761904761905,74.40476190476191
E00082815,367,98,70,28,269,24,245,26.70299727520436,19.07356948228883,7.629427792915531,73.29700272479565,6.539509536784741,66.7574931880109
E00082816,403,50,22,28,353,16,337,12.40694789081886,5.459057071960298,6.9478908188585615,87.59305210918114,3.970223325062035,83.62282878411911
E00082818,182,34,18,16,148,17,131,18.681318681318682,9.89010989010989,8.791208791208792,81.31868131868131,9.340659340659341,71.97802197802197
E00082819,346,51,19,32,295,20,275,14.739884393063585,5.491329479768786,9.248554913294797,85.26011560693641,5.780346820809249,79.47976878612717
E00082820,313,40,18,22,273,30,243,12.779552715654951,5.7507987220447285,7.0287539936102235,87.22044728434504,9.584664536741213,77.63578274760383
E00082821,345,46,21,25,299,16,283,13.333333333333334,6.086956521739131,7.246376811594203,86.66666666666667,4.63768115942029,82.02898550724638
E00082823,266,79,41,38,187,8,179,29.69924812030075,15.413533834586465,14.285714285714285,70.30075187969925,3.007518796992481,67.29323308270678
E00082824,289,55,16,39,234,15,219,19.031141868512112,5.536332179930796,13.494809688581316,80.96885813148789,5.190311418685121,75.77854671280276
E00082825,273,57,29,28,216,11,205,20.87912087912088,10.622710622710622,10.256410256410255,79.12087912087912,4.029304029304029,75.0915750915751
E00082826,313,74,28,46,239,13,226,23.642172523961662,8.945686900958465,14.696485623003195,76.35782747603834,4.15335463258786,72.20447284345049
E00082827,386,58,16,42,328,17,311,15.025906735751295,4.145077720207254,10.880829015544041,84.97409326424871,4.404145077720207,80.56994818652849
E00082828,293,42,15,27,251,26,225,14.334470989761092,5.1194539249146755,9.215017064846416,85.6655290102389,8.873720136518772,76.79180887372013
E00082830,343,56,19,37,287,16,271,16.3265306122449,5.539358600583091,10.787172011661808,83.6734693877551,4.664723032069971,79.00874635568513
E00082831,428,104,50,54,324,15,309,24.299065420560748,11.682242990654206,12.616822429906541,75.70093457943925,3.5046728971962615,72.19626168224299
E00082832,199,38,20,18,161,16,145,19.09547738693467,10.050251256281408,9.045226130653267,80.90452261306532,8.040201005025125,72.8643216080402
E00082833,343,50,12,38,293,29,264,14.577259475218659,3.498542274052478,11.078717201166182,85.42274052478133,8.454810495626822,76.96793002915452
E00082834,313,62,36,26,251,17,234,19.808306709265175,11.501597444089457,8.30670926517572,80.19169329073482,5.431309904153355,74.76038338658148
E00082835,266,38,12,26,228,13,215,14.285714285714285,4.511278195488721,9.774436090225564,85.71428571428571,4.887218045112782,80.82706766917293
E00082836,312,51,25,26,261,21,240,16.346153846153847,8.012820512820513,8.333333333333332,83.65384615384616,6.730769230769231,76.92307692307693
E00082837,361,52,22,30,309,16,293,14.40443213296399,6.094182825484765,8.310249307479225,85.59556786703601,4.43213296398892,81.16343490304709
E00082838,273,43,13,30,230,14,216,15.75091575091575,4.761904761904762,10.989010989010989,84.24908424908425,5.128205128205128,79.12087912087912
E00082839,241,36,16,20,205,19,186,14.937759336099585,6.639004149377594,8.29875518672199,85.06224066390041,7.883817427385892,77.17842323651453
E00082840,384,33,9,24,351,31,320,8.59375,2.34375,6.25,91.40625,8.072916666666668,83.33333333333334
E00082841,316,55,19,36,261,22,239,17.405063291139243,6.012658227848101,11.39240506329114,82.59493670886076,6.962025316455696,75.63291139240506
E00082842,411,56,20,36,355,27,328,13.62530413625304,4.866180048661801,8.75912408759124,86.37469586374696,6.569343065693431,79.80535279805353
E00082843,311,43,20,23,268,20,248,13.826366559485532,6.430868167202572,7.395498392282958,86.17363344051448,6.430868167202572,79.7427652733119
E00082844,323,33,7,26,290,32,258,10.21671826625387,2.1671826625387,8.04953560371517,89.78328173374614,9.907120743034056,79.87616099071208
E00082845,421,56,20,36,365,25,340,13.30166270783848,4.750593824228028,8.551068883610451,86.69833729216153,5.938242280285035,80.76009501187649
E00082846,328,38,12,26,290,26,264,11.585365853658537,3.6585365853658534,7.926829268292683,88.41463414634147,7.926829268292683,80.48780487804879
E00082847,296,40,15,25,256,28,228,13.513513513513514,5.0675675675675675,8.445945945945946,86.48648648648648,9.45945945945946,77.02702702702703
E00082848,273,51,17,34,222,24,198,18.681318681318682,6.227106227106227,12.454212454212454,81.31868131868131,8.791208791208792,72.52747252747253
E00082849,339,33,9,24,306,30,276,9.734513274336283,2.6548672566371683,7.079646017699115,90.2654867256637,8.849557522123893,81.41592920353983
E00082850,353,55,17,38,298,17,281,15.58073654390935,4.815864022662889,10.764872521246458,84.41926345609065,4.815864022662889,79.60339943342775
E00082851,307,59,22,37,248,31,217,19.218241042345277,7.166123778501629,12.052117263843648,80.78175895765473,10.097719869706841,70.68403908794788
E00082853,475,75,14,61,400,23,377,15.789473684210526,2.9473684210526314,12.842105263157894,84.21052631578947,4.842105263157895,79.36842105263158
E00082854,284,37,12,25,247,22,225,13.028169014084506,4.225352112676056,8.80281690140845,86.97183098591549,7.746478873239436,79.22535211267606
E00082855,307,28,8,20,279,20,259,9.120521172638437,2.6058631921824107,6.514657980456026,90.87947882736157,6.514657980456026,84.36482084690554
E00082856,419,77,39,38,342,30,312,18.377088305489263,9.307875894988067,9.069212410501192,81.62291169451073,7.159904534606206,74.46300715990454
E00082857,443,72,22,50,371,22,349,16.252821670428894,4.966139954853273,11.286681715575622,83.7471783295711,4.966139954853273,78.78103837471784
E00082858,388,49,15,34,339,29,310,12.628865979381443,3.865979381443299,8.762886597938143,87.37113402061856,7.474226804123711,79.89690721649485
E00082859,428,52,19,33,376,38,338,12.149532710280374,4.439252336448598,7.710280373831775,87.85046728971963,8.878504672897195,78.97196261682244
E00082860,350,42,10,32,308,25,283,12,2.857142857142857,9.142857142857142,88,7.142857142857142,80.85714285714286
E00082862,361,44,16,28,317,25,292,12.18836565096953,4.43213296398892,7.756232686980609,87.81163434903047,6.9252077562326875,80.88642659279779
E00082863,346,48,15,33,298,22,276,13.872832369942195,4.335260115606936,9.53757225433526,86.1271676300578,6.358381502890173,79.76878612716763
E00082864,335,39,12,27,296,37,259,11.641791044776118,3.582089552238806,8.059701492537313,88.35820895522389,11.044776119402986,77.31343283582089
E00082865,437,83,45,38,354,17,337,18.993135011441648,10.297482837528605,8.695652173913043,81.00686498855835,3.8901601830663615,77.11670480549199
E00082866,288,45,15,30,243,22,221,15.625,5.208333333333334,10.416666666666668,84.375,7.638888888888889,76.73611111111111
E00082867,426,46,25,21,380,20,360,10.7981220657277,5.868544600938967,4.929577464788732,89.2018779342723,4.694835680751173,84.50704225352112
E00082868,321,41,16,25,280,29,251,12.77258566978193,4.984423676012461,7.78816199376947,87.22741433021807,9.034267912772584,78.19314641744548
E00082869,365,30,10,20,335,14,321,8.21917808219178,2.73972602739726,5.47945205479452,91.78082191780823,3.8356164383561646,87.94520547945206
E00082870,535,45,14,31,490,21,469,8.411214953271028,2.6168224299065423,5.794392523364486,91.58878504672897,3.925233644859813,87.66355140186916
E00082871,470,55,19,36,415,15,400,11.702127659574469,4.042553191489362,7.659574468085106,88.29787234042553,3.1914893617021276,85.1063829787234
E00082872,347,37,13,24,310,28,282,10.662824207492795,3.7463976945244957,6.9164265129683,89.33717579250721,8.069164265129682,81.26801152737752
E00082873,402,46,12,34,356,11,345,11.442786069651742,2.9850746268656714,8.45771144278607,88.55721393034825,2.736318407960199,85.82089552238806
E00082874,463,43,17,26,420,20,400,9.287257019438446,3.6717062634989204,5.615550755939525,90.71274298056156,4.319654427645788,86.39308855291577
E00082875,469,41,18,23,428,21,407,8.742004264392325,3.8379530916844353,4.904051172707889,91.25799573560768,4.477611940298507,86.78038379530916
E00082876,376,39,10,29,337,24,313,10.372340425531915,2.6595744680851063,7.712765957446808,89.62765957446808,6.382978723404255,83.24468085106383
E00082877,346,49,18,31,297,34,263,14.16184971098266,5.202312138728324,8.959537572254336,85.83815028901735,9.826589595375722,76.01156069364163
E00082878,341,42,13,29,299,27,272,12.316715542521994,3.812316715542522,8.504398826979472,87.68328445747801,7.9178885630498534,79.76539589442815
E00082879,416,52,15,37,364,40,324,12.5,3.6057692307692304,8.89423076923077,87.5,9.615384615384617,77.88461538461539
E00082880,321,44,11,33,277,28,249,13.707165109034266,3.4267912772585665,10.2803738317757,86.29283489096574,8.722741433021806,77.57009345794393
E00082881,358,68,20,48,290,28,262,18.994413407821227,5.58659217877095,13.40782122905028,81.00558659217877,7.82122905027933,73.18435754189943
E00082882,449,112,65,47,337,21,316,24.94432071269488,14.476614699331849,10.46770601336303,75.05567928730513,4.67706013363029,70.37861915367483
E00082883,342,39,15,24,303,18,285,11.403508771929824,4.385964912280701,7.017543859649122,88.59649122807018,5.263157894736842,83.33333333333334
E00082884,429,44,18,26,385,25,360,10.256410256410255,4.195804195804196,6.0606060606060606,89.74358974358975,5.827505827505827,83.91608391608392
E00082885,331,36,11,25,295,22,273,10.876132930513595,3.3232628398791544,7.552870090634441,89.12386706948641,6.646525679758309,82.4773413897281
E00082886,403,53,19,34,350,28,322,13.151364764267989,4.714640198511166,8.436724565756824,86.848635235732,6.9478908188585615,79.90074441687345
E00082888,340,47,20,27,293,32,261,13.823529411764707,5.88235294117647,7.941176470588235,86.1764705882353,9.411764705882353,76.76470588235294
E00082889,324,50,12,38,274,34,240,15.432098765432098,3.7037037037037033,11.728395061728394,84.5679012345679,10.493827160493826,74.07407407407408
E00082890,292,62,32,30,230,21,209,21.232876712328768,10.95890410958904,10.273972602739725,78.76712328767124,7.191780821917808,71.57534246575342
E00082891,337,39,14,25,298,25,273,11.572700296735905,4.154302670623145,7.418397626112759,88.4272997032641,7.418397626112759,81.00890207715133
E00082892,316,39,12,27,277,15,262,12.341772151898734,3.79746835443038,8.544303797468354,87.65822784810126,4.746835443037975,82.91139240506328
E00082893,367,47,13,34,320,21,299,12.806539509536785,3.5422343324250685,9.264305177111716,87.19346049046321,5.722070844686648,81.47138964577657
E00082894,360,41,12,29,319,38,281,11.38888888888889,3.3333333333333335,8.055555555555555,88.61111111111111,10.555555555555555,78.05555555555556
E00082895,287,49,18,31,238,30,208,17.073170731707318,6.2717770034843205,10.801393728222997,82.92682926829268,10.452961672473867,72.47386759581882
E00082896,354,51,20,31,303,29,274,14.40677966101695,5.649717514124294,8.757062146892656,85.59322033898306,8.192090395480225,77.40112994350282
E00082897,289,28,7,21,261,17,244,9.688581314878892,2.422145328719723,7.26643598615917,90.3114186851211,5.88235294117647,84.42906574394463
E00082898,289,28,7,21,261,21,240,9.688581314878892,2.422145328719723,7.26643598615917,90.3114186851211,7.26643598615917,83.04498269896193
E00082899,241,51,16,35,190,14,176,21.16182572614108,6.639004149377594,14.522821576763487,78.83817427385893,5.809128630705394,73.02904564315352
E00082900,321,32,12,20,289,20,269,9.968847352024921,3.7383177570093453,6.230529595015576,90.03115264797508,6.230529595015576,83.8006230529595
E00082901,265,52,28,24,213,23,190,19.622641509433965,10.566037735849058,9.056603773584905,80.37735849056604,8.679245283018867,71.69811320754717
E00082902,303,43,17,26,260,36,224,14.19141914191419,5.6105610561056105,8.58085808580858,85.8085808580858,11.881188118811881,73.92739273927393
E00082903,135,27,13,14,108,6,102,20,9.62962962962963,10.37037037037037,80,4.444444444444445,75.55555555555556
E00082904,374,56,23,33,318,22,296,14.973262032085561,6.149732620320856,8.823529411764707,85.02673796791443,5.88235294117647,79.14438502673798
E00082905,287,34,11,23,253,23,230,11.846689895470384,3.8327526132404177,8.013937282229964,88.15331010452961,8.013937282229964,80.13937282229965
E00082906,327,41,18,23,286,26,260,12.538226299694188,5.5045871559633035,7.033639143730887,87.46177370030581,7.951070336391437,79.51070336391437
E00082907,427,49,16,33,378,20,358,11.475409836065573,3.747072599531616,7.728337236533958,88.52459016393442,4.683840749414521,83.8407494145199
E00082908,355,26,7,19,329,30,299,7.323943661971831,1.971830985915493,5.352112676056338,92.67605633802816,8.450704225352112,84.22535211267605
E00082909,328,50,17,33,278,13,265,15.24390243902439,5.182926829268292,10.060975609756099,84.7560975609756,3.9634146341463414,80.79268292682927
E00082910,351,38,6,32,313,25,288,10.826210826210826,1.7094017094017095,9.116809116809117,89.17378917378917,7.122507122507122,82.05128205128204
E00082911,339,68,31,37,271,28,243,20.058997050147493,9.144542772861357,10.914454277286136,79.9410029498525,8.259587020648967,71.68141592920354
E00082912,305,74,35,39,231,16,215,24.262295081967213,11.475409836065573,12.786885245901638,75.73770491803279,5.245901639344262,70.49180327868852
E00082913,355,55,17,38,300,15,285,15.492957746478872,4.788732394366197,10.704225352112676,84.50704225352112,4.225352112676056,80.28169014084507
E00082914,304,47,26,21,257,10,247,15.460526315789474,8.552631578947368,6.907894736842106,84.53947368421053,3.289473684210526,81.25
E00082915,427,35,5,30,392,26,366,8.19672131147541,1.1709601873536302,7.02576112412178,91.80327868852459,6.0889929742388755,85.71428571428571
E00082916,359,50,13,37,309,25,284,13.92757660167131,3.6211699164345403,10.30640668523677,86.0724233983287,6.963788300835655,79.10863509749304
E00082917,311,44,13,31,267,27,240,14.14790996784566,4.180064308681672,9.967845659163988,85.85209003215434,8.681672025723474,77.17041800643086
E00082918,436,54,15,39,382,38,344,12.385321100917432,3.4403669724770642,8.944954128440367,87.61467889908256,8.715596330275229,78.89908256880734
E00082919,369,27,8,19,342,30,312,7.317073170731707,2.168021680216802,5.149051490514905,92.6829268292683,8.130081300813007,84.5528455284553
E00082920,285,36,13,23,249,24,225,12.631578947368421,4.56140350877193,8.070175438596491,87.36842105263159,8.421052631578947,78.94736842105263
E00082921,357,48,19,29,309,26,283,13.445378151260504,5.322128851540616,8.123249299719888,86.5546218487395,7.282913165266107,79.27170868347339
E00082922,547,75,17,58,472,31,441,13.711151736745887,3.1078610603290677,10.603290676416819,86.28884826325411,5.6672760511883,80.62157221206581
E00082923,410,55,8,47,355,34,321,13.414634146341465,1.951219512195122,11.463414634146343,86.58536585365853,8.292682926829269,78.29268292682927
E00082924,281,64,25,39,217,14,203,22.77580071174377,8.896797153024911,13.87900355871886,77.22419928825623,4.98220640569395,72.24199288256227
E00082925,299,42,7,35,257,21,236,14.046822742474916,2.341137123745819,11.705685618729097,85.95317725752508,7.023411371237458,78.92976588628763
E00082926,459,50,12,38,409,28,381,10.893246187363834,2.6143790849673203,8.278867102396514,89.10675381263616,6.1002178649237475,83.00653594771242
E00082927,297,31,10,21,266,25,241,10.437710437710438,3.3670033670033668,7.07070707070707,89.56228956228956,8.417508417508419,81.14478114478115
E00082928,425,43,6,37,382,28,354,10.117647058823529,1.411764705882353,8.705882352941176,89.88235294117646,6.588235294117648,83.29411764705881
E00082929,267,29,8,21,238,14,224,10.861423220973784,2.9962546816479403,7.865168539325842,89.13857677902621,5.2434456928838955,83.89513108614233
E00082930,267,29,2,27,238,24,214,10.861423220973784,0.7490636704119851,10.112359550561797,89.13857677902621,8.98876404494382,80.14981273408239
E00082932,268,22,9,13,246,17,229,8.208955223880597,3.3582089552238807,4.850746268656716,91.7910447761194,6.343283582089552,85.44776119402985
E00082933,390,49,15,34,341,36,305,12.564102564102564,3.8461538461538463,8.717948717948717,87.43589743589743,9.230769230769232,78.2051282051282
E00082934,327,26,6,20,301,20,281,7.951070336391437,1.834862385321101,6.116207951070336,92.04892966360856,6.116207951070336,85.93272171253822
E00082935,335,51,19,32,284,11,273,15.223880597014924,5.6716417910447765,9.55223880597015,84.77611940298507,3.2835820895522385,81.49253731343283
E00082936,302,45,14,31,257,17,240,14.90066225165563,4.635761589403973,10.264900662251655,85.09933774834437,5.629139072847682,79.47019867549669
E00082937,334,63,23,40,271,17,254,18.862275449101794,6.88622754491018,11.976047904191617,81.1377245508982,5.089820359281437,76.04790419161677
E00082938,306,43,13,30,263,28,235,14.052287581699346,4.248366013071895,9.803921568627452,85.94771241830065,9.15032679738562,76.79738562091504
E00082939,444,42,9,33,402,18,384,9.45945945945946,2.027027027027027,7.4324324324324325,90.54054054054053,4.054054054054054,86.48648648648648
E00082940,317,78,33,45,239,20,219,24.605678233438486,10.410094637223976,14.195583596214512,75.39432176656152,6.309148264984227,69.08517350157729
E00082941,332,48,20,28,284,16,268,14.457831325301203,6.024096385542169,8.433734939759036,85.54216867469879,4.819277108433735,80.72289156626506
E00082942,290,65,31,34,225,18,207,22.413793103448278,10.689655172413794,11.724137931034482,77.58620689655173,6.206896551724138,71.37931034482759
E00082943,190,51,22,29,139,8,131,26.842105263157894,11.578947368421053,15.263157894736842,73.15789473684211,4.2105263157894735,68.94736842105263
E00082944,306,63,29,34,243,20,223,20.588235294117645,9.477124183006536,11.11111111111111,79.41176470588235,6.535947712418301,72.87581699346404
E00082945,273,50,18,32,223,20,203,18.315018315018314,6.593406593406594,11.72161172161172,81.68498168498168,7.326007326007327,74.35897435897436
E00082946,284,73,39,34,211,17,194,25.704225352112676,13.732394366197184,11.971830985915492,74.29577464788733,5.985915492957746,68.30985915492957
E00082947,420,53,19,34,367,24,343,12.619047619047619,4.523809523809524,8.095238095238095,87.38095238095238,5.714285714285714,81.66666666666667
E00082948,318,66,18,48,252,15,237,20.754716981132077,5.660377358490567,15.09433962264151,79.24528301886792,4.716981132075472,74.52830188679245
E00082949,321,47,16,31,274,16,258,14.641744548286603,4.984423676012461,9.657320872274143,85.35825545171339,4.984423676012461,80.37383177570094
E00082950,318,62,30,32,256,16,240,19.49685534591195,9.433962264150944,10.062893081761008,80.50314465408806,5.031446540880504,75.47169811320755
E00082951,335,46,8,38,289,27,262,13.73134328358209,2.3880597014925375,11.343283582089553,86.26865671641791,8.059701492537313,78.2089552238806
E00082952,325,36,13,23,289,23,266,11.076923076923077,4,7.076923076923077,88.92307692307693,7.076923076923077,81.84615384615384
E00082953,332,69,37,32,263,18,245,20.783132530120483,11.144578313253012,9.63855421686747,79.21686746987952,5.421686746987952,73.79518072289156
E00082954,312,42,17,25,270,29,241,13.461538461538462,5.448717948717949,8.012820512820513,86.53846153846155,9.294871794871796,77.24358974358975
E00082955,309,54,19,35,255,14,241,17.475728155339805,6.148867313915858,11.326860841423949,82.52427184466019,4.53074433656958,77.99352750809061
E00082956,326,50,17,33,276,20,256,15.337423312883436,5.214723926380368,10.122699386503067,84.66257668711657,6.134969325153374,78.52760736196319
E00082957,317,65,39,26,252,14,238,20.50473186119874,12.302839116719243,8.201892744479496,79.49526813880126,4.416403785488959,75.0788643533123
E00082958,347,50,21,29,297,33,264,14.409221902017292,6.051873198847262,8.357348703170029,85.5907780979827,9.510086455331413,76.0806916426513
E00082959,455,53,12,41,402,36,366,11.648351648351648,2.6373626373626373,9.010989010989011,88.35164835164835,7.9120879120879115,80.43956043956044
E00082960,265,37,13,24,228,18,210,13.962264150943396,4.905660377358491,9.056603773584905,86.0377358490566,6.7924528301886795,79.24528301886792
E00082961,336,50,13,37,286,16,270,14.880952380952381,3.869047619047619,11.011904761904761,85.11904761904762,4.761904761904762,80.35714285714286
E00082962,293,26,8,18,267,27,240,8.873720136518772,2.7303754266211606,6.143344709897611,91.12627986348123,9.215017064846416,81.91126279863481
E00082963,339,54,30,24,285,26,259,15.929203539823009,8.849557522123893,7.079646017699115,84.070796460177,7.669616519174041,76.40117994100295
E00082964,415,54,21,33,361,33,328,13.012048192771083,5.0602409638554215,7.951807228915662,86.98795180722891,7.951807228915662,79.03614457831326
E00082965,421,43,12,31,378,45,333,10.21377672209026,2.8503562945368173,7.363420427553444,89.78622327790974,10.688836104513063,79.09738717339667
E00082966,336,46,10,36,290,34,256,13.690476190476192,2.976190476190476,10.714285714285714,86.30952380952381,10.119047619047619,76.19047619047619
E00082967,320,38,7,31,282,28,254,11.875,2.1875,9.6875,88.125,8.75,79.375
E00082968,360,37,10,27,323,39,284,10.277777777777777,2.7777777777777777,7.5,89.72222222222223,10.833333333333334,78.88888888888889
E00082969,406,55,18,37,351,40,311,13.546798029556651,4.433497536945813,9.113300492610838,86.45320197044335,9.852216748768473,76.60098522167488
E00082970,363,53,17,36,310,30,280,14.600550964187327,4.683195592286501,9.917355371900827,85.39944903581267,8.264462809917356,77.13498622589532
E00082971,327,35,12,23,292,27,265,10.703363914373089,3.669724770642202,7.033639143730887,89.29663608562691,8.256880733944955,81.03975535168195
E00082972,373,39,10,29,334,33,301,10.455764075067025,2.680965147453083,7.774798927613941,89.54423592493298,8.847184986595174,80.6970509383378
E00082973,213,38,13,25,175,15,160,17.84037558685446,6.103286384976526,11.737089201877934,82.15962441314554,7.042253521126761,75.11737089201877
E00082974,360,38,10,28,322,31,291,10.555555555555555,2.7777777777777777,7.777777777777778,89.44444444444444,8.61111111111111,80.83333333333333
E00082975,331,47,9,38,284,32,252,14.19939577039275,2.719033232628399,11.48036253776435,85.80060422960725,9.667673716012084,76.13293051359517
E00082976,423,43,10,33,380,34,346,10.16548463356974,2.3640661938534278,7.801418439716312,89.83451536643025,8.037825059101655,81.7966903073286
E00082977,433,42,14,28,391,28,363,9.699769053117784,3.233256351039261,6.466512702078522,90.30023094688222,6.466512702078522,83.83371824480369
E00082978,413,38,12,26,375,29,346,9.200968523002421,2.9055690072639226,6.2953995157385,90.79903147699758,7.021791767554479,83.7772397094431
E00082979,334,28,3,25,306,21,285,8.383233532934131,0.8982035928143712,7.48502994011976,91.61676646706587,6.287425149700598,85.32934131736528
E00082980,264,38,10,28,226,13,213,14.393939393939394,3.787878787878788,10.606060606060606,85.60606060606061,4.924242424242424,80.68181818181817
E00082981,299,34,7,27,265,34,231,11.37123745819398,2.341137123745819,9.03010033444816,88.62876254180601,11.37123745819398,77.25752508361204
E00082982,299,49,14,35,250,22,228,16.387959866220736,4.682274247491638,11.705685618729097,83.61204013377926,7.357859531772576,76.2541806020067
E00082983,377,59,15,44,318,29,289,15.649867374005305,3.978779840848806,11.671087533156498,84.3501326259947,7.6923076923076925,76.657824933687
E00082984,304,45,16,29,259,25,234,14.802631578947366,5.263157894736842,9.539473684210527,85.19736842105263,8.223684210526317,76.97368421052632
E00082985,436,33,13,20,403,39,364,7.568807339449542,2.981651376146789,4.587155963302752,92.43119266055045,8.944954128440367,83.4862385321101
E00082986,366,41,14,27,325,34,291,11.202185792349727,3.825136612021858,7.377049180327869,88.79781420765028,9.289617486338798,79.50819672131148
E00082987,362,36,12,24,326,36,290,9.94475138121547,3.314917127071823,6.629834254143646,90.05524861878453,9.94475138121547,80.11049723756905
E00082988,364,47,11,36,317,40,277,12.912087912087914,3.021978021978022,9.89010989010989,87.08791208791209,10.989010989010989,76.0989010989011
E00082989,353,35,10,25,318,27,291,9.91501416430595,2.8328611898017,7.0821529745042495,90.08498583569406,7.64872521246459,82.43626062322946
E00082990,367,56,20,36,311,45,266,15.258855585831062,5.449591280653951,9.809264305177113,84.74114441416893,12.26158038147139,72.47956403269755
E00082991,333,39,12,27,294,25,269,11.711711711711711,3.6036036036036037,8.108108108108109,88.28828828828829,7.5075075075075075,80.78078078078079
E00082992,332,38,13,25,294,34,260,11.44578313253012,3.91566265060241,7.530120481927711,88.55421686746988,10.240963855421686,78.3132530120482
E00082993,463,41,20,21,422,24,398,8.855291576673865,4.319654427645788,4.535637149028078,91.14470842332614,5.183585313174946,85.96112311015118
E00082994,326,51,24,27,275,17,258,15.644171779141105,7.361963190184049,8.282208588957054,84.3558282208589,5.214723926380368,79.14110429447852
E00082995,216,40,12,28,176,23,153,18.51851851851852,5.555555555555555,12.962962962962962,81.48148148148148,10.648148148148149,70.83333333333334
E00082996,236,50,25,25,186,21,165,21.1864406779661,10.59322033898305,10.59322033898305,78.8135593220339,8.898305084745763,69.91525423728814
E00082997,340,49,19,30,291,28,263,14.411764705882351,5.588235294117648,8.823529411764707,85.58823529411764,8.235294117647058,77.3529411764706
E00082998,385,59,17,42,326,27,299,15.324675324675324,4.415584415584416,10.909090909090908,84.67532467532467,7.012987012987012,77.66233766233766
E00082999,362,41,15,26,321,22,299,11.32596685082873,4.143646408839778,7.18232044198895,88.67403314917127,6.077348066298343,82.59668508287292
E00083000,323,45,14,31,278,30,248,13.93188854489164,4.3343653250774,9.597523219814242,86.06811145510835,9.287925696594428,76.78018575851394
E00083001,283,49,15,34,234,13,221,17.314487632508836,5.30035335689046,12.014134275618375,82.68551236749117,4.593639575971731,78.09187279151944
E00083002,225,36,15,21,189,19,170,16,6.666666666666667,9.333333333333334,84,8.444444444444445,75.55555555555556
E00083003,387,58,29,29,329,30,299,14.987080103359174,7.493540051679587,7.493540051679587,85.01291989664082,7.751937984496124,77.2609819121447
E00083004,359,61,17,44,298,31,267,16.991643454038996,4.735376044568245,12.256267409470752,83.008356545961007,8.635097493036211,74.3732590529248
E00083005,321,85,47,38,236,15,221,26.479750778816197,14.641744548286603,11.838006230529595,73.5202492211838,4.672897196261682,68.84735202492212
E00083006,482,84,36,48,398,35,363,17.42738589211618,7.468879668049793,9.95850622406639,82.57261410788381,7.261410788381744,75.31120331950207
E00083007,261,44,20,24,217,19,198,16.85823754789272,7.662835249042145,9.195402298850574,83.14176245210729,7.2796934865900385,75.86206896551724
E00083008,417,57,19,38,360,20,340,13.66906474820144,4.556354916067146,9.112709832134293,86.33093525179856,4.796163069544365,81.5347721822542
E00083009,349,36,11,25,313,31,282,10.315186246418339,3.151862464183381,7.163323782234957,89.68481375358166,8.882521489971348,80.80229226361033
E00083010,360,66,29,37,294,19,275,18.333333333333332,8.055555555555555,10.277777777777777,81.66666666666667,5.277777777777778,76.38888888888889
E00083011,300,40,12,28,260,16,244,13.333333333333334,4,9.333333333333334,86.66666666666667,5.333333333333334,81.33333333333333
E00083012,305,55,33,22,250,13,237,18.0327868852459,10.819672131147541,7.213114754098362,81.9672131147541,4.2622950819672125,77.70491803278688
E00083013,201,51,22,29,150,16,134,25.37313432835821,10.945273631840797,14.427860696517413,74.6268656716418,7.960199004975125,66.66666666666666
E00083014,336,29,10,19,307,16,291,8.630952380952381,2.976190476190476,5.654761904761905,91.36904761904762,4.761904761904762,86.60714285714286
E00083015,361,53,19,34,308,35,273,14.681440443213297,5.263157894736842,9.418282548476455,85.3185595567867,9.695290858725762,75.62326869806094
E00083016,335,44,19,25,291,22,269,13.134328358208954,5.6716417910447765,7.462686567164178,86.86567164179104,6.567164179104477,80.29850746268656
E00083017,328,34,8,26,294,23,271,10.365853658536585,2.4390243902439024,7.926829268292683,89.63414634146342,7.01219512195122,82.6219512195122
E00083018,317,48,10,38,269,39,230,15.141955835962145,3.1545741324921135,11.987381703470032,84.85804416403786,12.302839116719243,72.55520504731862
E00083019,367,50,19,31,317,42,275,13.623978201634879,5.177111716621254,8.446866485013624,86.37602179836512,11.444141689373296,74.93188010899182
E00083020,326,37,9,28,289,32,257,11.349693251533742,2.7607361963190185,8.588957055214724,88.65030674846625,9.815950920245399,78.83435582822086
E00083021,273,55,23,32,218,21,197,20.146520146520146,8.424908424908425,11.72161172161172,79.85347985347985,7.6923076923076925,72.16117216117216
E00083022,498,71,32,39,427,37,390,14.257028112449799,6.425702811244979,7.83132530120482,85.7429718875502,7.429718875502007,78.3132530120482
E00083023,257,63,29,34,194,20,174,24.5136186770428,11.284046692607005,13.229571984435799,75.4863813229572,7.782101167315175,67.70428015564202
E00083025,381,43,11,32,338,13,325,11.286089238845145,2.8871391076115485,8.398950131233596,88.71391076115486,3.4120734908136483,85.30183727034121
E00083026,312,52,19,33,260,22,238,16.666666666666664,6.089743589743589,10.576923076923077,83.33333333333334,7.051282051282051,76.28205128205127
E00083027,436,65,21,44,371,28,343,14.908256880733944,4.81651376146789,10.091743119266056,85.09174311926606,6.422018348623854,78.6697247706422
E00083028,338,42,13,29,296,19,277,12.42603550295858,3.8461538461538463,8.579881656804734,87.57396449704143,5.621301775147929,81.95266272189349
E00083029,372,85,45,40,287,13,274,22.849462365591396,12.096774193548388,10.75268817204301,77.15053763440861,3.494623655913978,73.65591397849462
E00083031,333,54,23,31,279,22,257,16.216216216216218,6.906906906906906,9.30930930930931,83.78378378378379,6.606606606606606,77.17717717717719
E00083032,329,80,41,39,249,10,239,24.316109422492403,12.462006079027356,11.854103343465045,75.6838905775076,3.0395136778115504,72.64437689969606
E00083033,423,54,22,32,369,17,352,12.76595744680851,5.200945626477541,7.5650118203309695,87.2340425531915,4.0189125295508275,83.21513002364065
E00083034,322,64,24,40,258,24,234,19.875776397515526,7.453416149068323,12.422360248447205,80.12422360248446,7.453416149068323,72.67080745341616
E00083035,277,66,29,37,211,17,194,23.826714801444044,10.469314079422382,13.357400722021662,76.17328519855594,6.137184115523466,70.03610108303249
E00083036,301,71,35,36,230,8,222,23.588039867109632,11.627906976744185,11.960132890365449,76.41196013289037,2.6578073089700998,73.75415282392026
E00083037,325,52,25,27,273,17,256,16,7.6923076923076925,8.307692307692308,84,5.230769230769231,78.76923076923077
E00083038,369,75,40,35,294,15,279,20.32520325203252,10.840108401084011,9.48509485094851,79.67479674796748,4.0650406504065035,75.60975609756098
E00083039,355,49,24,25,306,12,294,13.802816901408452,6.760563380281689,7.042253521126761,86.19718309859155,3.3802816901408446,82.8169014084507
E00083040,332,56,25,31,276,11,265,16.867469879518072,7.530120481927711,9.33734939759036,83.13253012048193,3.313253012048193,79.81927710843374
E00083041,310,36,20,16,274,17,257,11.612903225806452,6.451612903225806,5.161290322580645,88.38709677419355,5.483870967741936,82.9032258064516
E00083042,395,77,42,35,318,22,296,19.49367088607595,10.632911392405063,8.860759493670885,80.50632911392405,5.5696202531645564,74.9367088607595
E00083043,292,49,26,23,243,19,224,16.78082191780822,8.904109589041095,7.876712328767123,83.21917808219177,6.506849315068493,76.71232876712328
E00083044,335,80,38,42,255,16,239,23.88059701492537,11.343283582089553,12.53731343283582,76.11940298507463,4.776119402985075,71.34328358208955
E00083045,350,63,33,30,287,16,271,18,9.428571428571429,8.571428571428571,82,4.571428571428571,77.42857142857143
E00083046,314,65,23,42,249,13,236,20.70063694267516,7.32484076433121,13.375796178343949,79.29936305732484,4.140127388535031,75.15923566878982
E00083047,399,92,41,51,307,23,284,23.05764411027569,10.275689223057643,12.781954887218044,76.94235588972431,5.764411027568922,71.17794486215539
E00083048,350,56,25,31,294,15,279,16,7.142857142857142,8.857142857142856,84,4.285714285714286,79.71428571428572
E00083049,343,57,20,37,286,20,266,16.61807580174927,5.830903790087463,10.787172011661808,83.38192419825073,5.830903790087463,77.55102040816327
E00083050,410,82,38,44,328,20,308,20,9.268292682926829,10.731707317073171,80,4.878048780487805,75.1219512195122
E00083051,267,51,23,28,216,13,203,19.101123595505616,8.614232209737828,10.486891385767791,80.89887640449437,4.868913857677903,76.02996254681648
E00083052,405,51,27,24,354,20,334,12.592592592592592,6.666666666666667,5.9259259259259265,87.4074074074074,4.938271604938271,82.46913580246914
E00174473,1155,185,52,133,970,75,895,16.017316017316016,4.5021645021645025,11.515151515151516,83.98268398268398,6.493506493506493,77.48917748917748
E00174476,406,51,8,43,355,25,330,12.561576354679804,1.9704433497536946,10.591133004926109,87.4384236453202,6.157635467980295,81.2807881773399
E00174478,835,124,38,86,711,39,672,14.850299401197606,4.550898203592815,10.29940119760479,85.1497005988024,4.6706586826347305,80.47904191616766
E00174480,464,67,14,53,397,24,373,14.439655172413794,3.0172413793103448,11.422413793103448,85.5603448275862,5.172413793103448,80.38793103448276
E00174481,215,31,9,22,184,18,166,14.418604651162791,4.186046511627907,10.232558139534884,85.5813953488372,8.372093023255815,77.20930232558139
E00174483,342,36,9,27,306,11,295,10.526315789473683,2.631578947368421,7.894736842105263,89.47368421052632,3.216374269005848,86.25730994152046
E00174484,554,65,26,39,489,31,458,11.732851985559567,4.693140794223827,7.039711191335741,88.26714801444044,5.595667870036101,82.67148014440433
E00174486,387,22,4,18,365,14,351,5.684754521963824,1.03359173126615,4.651162790697675,94.31524547803618,3.6175710594315245,90.69767441860465
E00174487,420,30,6,24,390,30,360,7.142857142857142,1.4285714285714286,5.714285714285714,92.85714285714286,7.142857142857142,85.71428571428571
E00174489,212,38,9,29,174,9,165,17.92452830188679,4.245283018867925,13.679245283018867,82.0754716981132,4.245283018867925,77.83018867924528
E00174490,357,38,15,23,319,22,297,10.644257703081232,4.201680672268908,6.442577030812324,89.35574229691878,6.162464985994398,83.19327731092437
E00174492,161,7,0,7,154,10,144,4.3478260869565215,0,4.3478260869565215,95.65217391304348,6.211180124223603,89.44099378881988
E00174494,202,22,6,16,180,11,169,10.891089108910892,2.9702970297029703,7.920792079207921,89.10891089108911,5.445544554455446,83.66336633663366
E00174495,373,21,5,16,352,18,334,5.630026809651475,1.3404825737265416,4.289544235924933,94.36997319034852,4.825737265415549,89.54423592493298
E00174497,324,21,1,20,303,22,281,6.481481481481481,0.30864197530864196,6.172839506172839,93.51851851851852,6.790123456790123,86.72839506172839
E00174498,212,17,4,13,195,12,183,8.018867924528301,1.8867924528301887,6.132075471698113,91.98113207547169,5.660377358490567,86.32075471698113
E00174500,467,60,23,37,407,20,387,12.84796573875803,4.925053533190578,7.922912205567452,87.15203426124198,4.282655246252676,82.86937901498929
E00174501,415,42,16,26,373,14,359,10.120481927710843,3.8554216867469884,6.265060240963856,89.87951807228916,3.3734939759036147,86.50602409638554
E00174503,201,26,12,14,175,10,165,12.935323383084576,5.970149253731343,6.965174129353234,87.06467661691542,4.975124378109453,82.08955223880598
E00174506,256,20,6,14,236,23,213,7.8125,2.34375,5.46875,92.1875,8.984375,83.203125
E00174508,189,26,12,14,163,16,147,13.756613756613756,6.349206349206349,7.4074074074074066,86.24338624338624,8.465608465608465,77.77777777777779
E00174509,362,25,5,20,337,17,320,6.906077348066299,1.3812154696132597,5.524861878453039,93.0939226519337,4.696132596685083,88.39779005524862
E00174511,391,17,4,13,374,17,357,4.3478260869565215,1.0230179028132993,3.324808184143223,95.65217391304348,4.3478260869565215,91.30434782608695
E00174512,211,16,6,10,195,7,188,7.5829383886255926,2.843601895734597,4.739336492890995,92.41706161137441,3.3175355450236967,89.0995260663507
E00174514,488,62,13,49,426,15,411,12.704918032786885,2.663934426229508,10.040983606557377,87.29508196721312,3.0737704918032787,84.22131147540983
E00174515,482,40,11,29,442,37,405,8.29875518672199,2.2821576763485476,6.016597510373444,91.70124481327801,7.676348547717843,84.02489626556017
E00174517,296,37,7,30,259,18,241,12.5,2.364864864864865,10.135135135135135,87.5,6.081081081081082,81.41891891891892
E00174518,189,13,2,11,176,9,167,6.878306878306878,1.0582010582010581,5.82010582010582,93.12169312169311,4.761904761904762,88.35978835978835
E00174520,342,28,8,20,314,17,297,8.187134502923977,2.3391812865497075,5.847953216374268,91.81286549707602,4.970760233918129,86.8421052631579
E00174522,157,26,12,14,131,8,123,16.560509554140125,7.643312101910828,8.9171974522293,83.43949044585987,5.095541401273886,78.343949044586
E00174523,208,16,3,13,192,12,180,7.6923076923076925,1.4423076923076923,6.25,92.3076923076923,5.769230769230769,86.53846153846155
E00174525,366,50,17,33,316,13,303,13.661202185792352,4.644808743169399,9.01639344262295,86.33879781420765,3.551912568306011,82.78688524590164
E00174526,291,27,4,23,264,16,248,9.278350515463918,1.3745704467353952,7.903780068728522,90.72164948453609,5.498281786941581,85.2233676975945
E00174528,292,60,26,34,232,17,215,20.54794520547945,8.904109589041095,11.643835616438356,79.45205479452055,5.821917808219178,73.63013698630137
E00174529,370,65,32,33,305,25,280,17.56756756756757,8.64864864864865,8.91891891891892,82.43243243243244,6.756756756756757,75.67567567567568
E00174534,256,9,0,9,247,10,237,3.515625,0,3.515625,96.484375,3.90625,92.578125
E00174536,376,55,24,31,321,12,309,14.627659574468085,6.382978723404255,8.24468085106383,85.37234042553192,3.1914893617021276,82.18085106382979
E00174537,254,41,14,27,213,25,188,16.141732283464567,5.511811023622047,10.62992125984252,83.85826771653542,9.84251968503937,74.01574803149606
E00174539,106,14,3,11,92,15,77,13.20754716981132,2.8301886792452833,10.377358490566039,86.79245283018868,14.150943396226415,72.64150943396226
E00174540,153,58,31,27,95,10,85,37.908496732026144,20.26143790849673,17.647058823529413,62.091503267973856,6.535947712418301,55.55555555555556
E00174542,226,36,13,23,190,18,172,15.929203539823009,5.752212389380531,10.176991150442479,84.070796460177,7.964601769911504,76.10619469026548
E00174543,195,16,7,9,179,9,170,8.205128205128204,3.5897435897435894,4.615384615384616,91.7948717948718,4.615384615384616,87.17948717948718
E00174545,168,27,10,17,141,10,131,16.071428571428573,5.952380952380952,10.119047619047619,83.92857142857143,5.952380952380952,77.97619047619048
E00174548,305,44,19,25,261,8,253,14.426229508196723,6.229508196721312,8.19672131147541,85.57377049180329,2.622950819672131,82.95081967213115
E00174550,206,15,3,12,191,12,179,7.281553398058252,1.4563106796116505,5.825242718446602,92.71844660194175,5.825242718446602,86.89320388349515
E00177239,779,98,16,82,681,69,612,12.58023106546855,2.053915275994865,10.526315789473683,87.41976893453145,8.857509627727858,78.5622593068036
E00177241,598,58,15,43,540,35,505,9.698996655518394,2.508361204013378,7.190635451505016,90.3010033444816,5.852842809364549,84.44816053511705
E00177242,169,17,5,12,152,9,143,10.059171597633137,2.9585798816568047,7.100591715976331,89.94082840236686,5.325443786982249,84.61538461538461
E00177245,213,18,1,17,195,11,184,8.450704225352112,0.4694835680751174,7.981220657276995,91.54929577464789,5.164319248826291,86.3849765258216
E00177247,174,12,3,9,162,7,155,6.896551724137931,1.7241379310344827,5.172413793103448,93.10344827586206,4.022988505747127,89.08045977011494
E00177256,249,60,25,35,189,14,175,24.096385542168676,10.040160642570282,14.056224899598394,75.90361445783132,5.622489959839357,70.28112449799197
E00177264,201,7,1,6,194,13,181,3.482587064676617,0.4975124378109453,2.9850746268656714,96.51741293532339,6.467661691542288,90.04975124378109
E00177269,616,77,19,58,539,32,507,12.5,3.0844155844155843,9.415584415584416,87.5,5.194805194805195,82.3051948051948
E00177270,359,34,9,25,325,21,304,9.47075208913649,2.5069637883008355,6.963788300835655,90.5292479108635,5.8495821727019495,84.67966573816156
E00177279,236,13,0,13,223,5,218,5.508474576271186,0,5.508474576271186,94.49152542372882,2.11864406779661,92.37288135593221
E00177287,331,55,38,17,276,17,259,16.61631419939577,11.48036253776435,5.13595166163142,83.38368580060424,5.13595166163142,78.24773413897282
E00177289,413,61,23,38,352,31,321,14.769975786924938,5.569007263922518,9.200968523002421,85.23002421307507,7.506053268765134,77.72397094430993
E00177293,200,23,9,14,177,15,162,11.5,4.5,7.000000000000001,88.5,7.5,81
E00177301,442,31,4,27,411,21,390,7.013574660633484,0.904977375565611,6.108597285067873,92.98642533936652,4.751131221719457,88.23529411764706
E00177302,283,18,3,15,265,22,243,6.36042402826855,1.0600706713780919,5.30035335689046,93.63957597173145,7.773851590106007,85.86572438162544
E00177304,121,15,3,12,106,9,97,12.396694214876034,2.479338842975207,9.917355371900827,87.60330578512396,7.43801652892562,80.16528925619835
E00177305,122,24,10,14,98,6,92,19.672131147540984,8.19672131147541,11.475409836065573,80.32786885245902,4.918032786885246,75.40983606557377
E00177306,303,18,0,18,285,9,276,5.9405940594059405,0,5.9405940594059405,94.05940594059405,2.9702970297029703,91.0891089108911
E00177308,329,27,11,16,302,21,281,8.206686930091186,3.343465045592705,4.86322188449848,91.7933130699088,6.382978723404255,85.41033434650456
E00177320,303,38,15,23,265,18,247,12.541254125412541,4.9504950495049505,7.590759075907591,87.45874587458746,5.9405940594059405,81.51815181518151
E00177323,232,55,33,22,177,10,167,23.70689655172414,14.224137931034484,9.482758620689655,76.29310344827587,4.310344827586207,71.98275862068965
E00177330,598,58,10,48,540,37,503,9.698996655518394,1.6722408026755853,8.02675585284281,90.3010033444816,6.187290969899665,84.11371237458194
E00177334,410,48,12,36,362,42,320,11.707317073170733,2.9268292682926833,8.780487804878048,88.29268292682927,10.24390243902439,78.04878048780488
E00177339,135,7,2,5,128,9,119,5.185185185185185,1.4814814814814816,3.7037037037037033,94.81481481481482,6.666666666666667,88.14814814814815
E00177343,272,31,10,21,241,22,219,11.397058823529411,3.6764705882352944,7.720588235294118,88.60294117647058,8.088235294117647,80.51470588235294
E00177348,99,14,4,10,85,5,80,14.14141414141414,4.040404040404041,10.1010101010101,85.85858585858585,5.05050505050505,80.8080808080808
E00177350,274,38,16,22,236,12,224,13.86861313868613,5.839416058394161,8.02919708029197,86.13138686131386,4.37956204379562,81.75182481751825
E00177353,460,17,5,12,443,26,417,3.6956521739130435,1.0869565217391304,2.608695652173913,96.30434782608695,5.6521739130434785,90.65217391304347
E00177356,555,52,21,31,503,18,485,9.36936936936937,3.783783783783784,5.585585585585585,90.63063063063062,3.2432432432432434,87.38738738738738
E00177357,189,56,37,19,133,7,126,29.629629629629626,19.576719576719576,10.052910052910052,70.37037037037037,3.7037037037037033,66.66666666666666
E00177363,363,36,14,22,327,28,299,9.917355371900827,3.8567493112947657,6.0606060606060606,90.08264462809917,7.7134986225895315,82.36914600550963
