OA,ts0380001,ts0380002,ts0380003,ts0380004,ts0380005,ts0380006,ts0380007,ts0380002_PCT,ts0380003_PCT,ts0380004_PCT,ts0380005_PCT,ts0380006_PCT,ts0380007_PCT
E00098112,249,46,21,25,203,17,186,18.473895582329316,8.433734939759036,10.040160642570282,81.52610441767068,6.827309236947792,74.69879518072288
E00098114,237,51,19,32,186,11,175,21.518987341772153,8.016877637130802,13.502109704641349,78.48101265822784,4.641350210970464,73.83966244725738
E00098115,286,55,24,31,231,16,215,19.230769230769234,8.391608391608392,10.839160839160838,80.76923076923077,5.594405594405594,75.17482517482517
E00098116,316,65,23,42,251,26,225,20.569620253164558,7.2784810126582276,13.291139240506327,79.43037974683544,8.227848101265822,71.20253164556962
E00098117,320,103,57,46,217,27,190,32.1875,17.8125,14.374999999999998,67.8125,8.4375,59.375
E00098118,269,62,20,42,207,18,189,23.04832713754647,7.434944237918216,15.613382899628252,76.95167286245353,6.691449814126393,70.26022304832715
E00098119,456,119,55,64,337,34,303,26.096491228070175,12.06140350877193,14.035087719298245,73.90350877192982,7.456140350877193,66.44736842105263
E00098120,292,74,29,45,218,24,194,25.34246575342466,9.931506849315069,15.41095890410959,74.65753424657534,8.21917808219178,66.43835616438356
E00098121,364,76,35,41,288,28,260,20.87912087912088,9.615384615384617,11.263736263736265,79.12087912087912,7.6923076923076925,71.42857142857143
E00098122,223,70,29,41,153,15,138,31.390134529147986,13.004484304932735,18.385650224215247,68.60986547085201,6.726457399103139,61.88340807174888
E00098123,357,125,78,47,232,21,211,35.01400560224089,21.84873949579832,13.165266106442578,64.9859943977591,5.88235294117647,59.103641456582636
E00098124,293,100,56,44,193,21,172,34.129692832764505,19.112627986348123,15.017064846416384,65.8703071672355,7.167235494880546,58.703071672354945
E00098125,254,53,19,34,201,24,177,20.866141732283463,7.480314960629922,13.385826771653544,79.13385826771653,9.448818897637794,69.68503937007874
E00098126,413,87,45,42,326,23,303,21.06537530266344,10.895883777239709,10.16949152542373,78.93462469733656,5.569007263922518,73.36561743341404
E00098127,238,52,26,26,186,16,170,21.84873949579832,10.92436974789916,10.92436974789916,78.15126050420169,6.722689075630252,71.42857142857143
E00098128,273,72,39,33,201,20,181,26.373626373626376,14.285714285714285,12.087912087912088,73.62637362637363,7.326007326007327,66.30036630036629
E00098129,436,97,48,49,339,26,313,22.24770642201835,11.009174311926607,11.238532110091743,77.75229357798165,5.963302752293578,71.78899082568807
E00098130,270,78,37,41,192,14,178,28.888888888888886,13.703703703703704,15.185185185185185,71.11111111111111,5.185185185185185,65.92592592592592
E00098131,259,61,32,29,198,21,177,23.552123552123554,12.355212355212355,11.196911196911197,76.44787644787645,8.108108108108109,68.33976833976834
E00098132,273,78,45,33,195,21,174,28.57142857142857,16.483516483516482,12.087912087912088,71.42857142857143,7.6923076923076925,63.73626373626373
E00098133,243,64,19,45,179,13,166,26.337448559670783,7.818930041152264,18.51851851851852,73.66255144032921,5.349794238683128,68.3127572016461
E00098134,360,65,30,35,295,27,268,18.055555555555554,8.333333333333332,9.722222222222223,81.94444444444444,7.5,74.44444444444444
E00098135,235,61,26,35,174,13,161,25.957446808510635,11.063829787234042,14.893617021276595,74.04255319148936,5.531914893617021,68.51063829787233
E00098137,301,81,35,46,220,20,200,26.910299003322258,11.627906976744185,15.282392026578073,73.08970099667775,6.64451827242525,66.44518272425249
E00098138,224,74,34,40,150,17,133,33.035714285714285,15.178571428571427,17.857142857142858,66.96428571428571,7.5892857142857135,59.375
E00098139,471,112,37,75,359,35,324,23.7791932059448,7.855626326963907,15.92356687898089,76.2208067940552,7.43099787685775,68.78980891719745
E00098140,105,13,3,10,92,8,84,12.380952380952381,2.857142857142857,9.523809523809524,87.61904761904762,7.6190476190476195,80
E00098141,283,39,14,25,244,36,208,13.780918727915195,4.946996466431095,8.8339222614841,86.21908127208481,12.7208480565371,73.4982332155477
E00098142,273,45,22,23,228,21,207,16.483516483516482,8.058608058608058,8.424908424908425,83.51648351648352,7.6923076923076925,75.82417582417582
E00098143,247,45,17,28,202,25,177,18.218623481781375,6.882591093117409,11.336032388663968,81.78137651821862,10.121457489878543,71.65991902834008
E00098144,264,55,21,34,209,27,182,20.833333333333336,7.954545454545454,12.878787878787879,79.16666666666666,10.227272727272728,68.93939393939394
E00098145,341,51,19,32,290,23,267,14.95601173020528,5.571847507331378,9.3841642228739,85.04398826979472,6.744868035190615,78.2991202346041
E00098146,330,47,11,36,283,28,255,14.242424242424242,3.3333333333333335,10.909090909090908,85.75757575757575,8.484848484848486,77.27272727272727
E00098147,270,34,19,15,236,17,219,12.592592592592592,7.037037037037037,5.555555555555555,87.4074074074074,6.296296296296296,81.11111111111111
E00098148,261,65,34,31,196,20,176,24.904214559386972,13.026819923371647,11.877394636015326,75.09578544061303,7.662835249042145,67.43295019157088
E00098149,284,46,13,33,238,36,202,16.19718309859155,4.577464788732395,11.619718309859154,83.80281690140845,12.676056338028168,71.12676056338029
E00098150,237,53,20,33,184,21,163,22.362869198312236,8.438818565400844,13.924050632911392,77.63713080168776,8.860759493670885,68.77637130801688
E00098151,284,54,20,34,230,28,202,19.014084507042252,7.042253521126761,11.971830985915492,80.98591549295774,9.859154929577464,71.12676056338029
E00098152,358,52,23,29,306,36,270,14.52513966480447,6.424581005586592,8.100558659217876,85.47486033519553,10.05586592178771,75.41899441340783
E00098153,307,43,16,27,264,24,240,14.006514657980457,5.211726384364821,8.794788273615636,85.99348534201955,7.81758957654723,78.17589576547232
E00098154,268,57,21,36,211,25,186,21.26865671641791,7.835820895522389,13.432835820895523,78.73134328358209,9.328358208955224,69.40298507462687
E00098155,443,88,37,51,355,32,323,19.864559819413092,8.35214446952596,11.512415349887133,80.1354401805869,7.223476297968396,72.91196388261851
E00098156,274,47,23,24,227,29,198,17.153284671532848,8.394160583941606,8.75912408759124,82.84671532846716,10.583941605839415,72.26277372262774
E00098157,351,68,30,38,283,27,256,19.37321937321937,8.547008547008547,10.826210826210826,80.62678062678063,7.6923076923076925,72.93447293447294
E00098158,338,69,23,46,269,32,237,20.414201183431953,6.8047337278106506,13.609467455621301,79.58579881656804,9.467455621301776,70.11834319526628
E00098159,179,45,22,23,134,14,120,25.139664804469277,12.290502793296088,12.849162011173185,74.86033519553072,7.82122905027933,67.0391061452514
E00098160,388,48,15,33,340,34,306,12.371134020618557,3.865979381443299,8.505154639175258,87.62886597938144,8.762886597938143,78.8659793814433
E00098161,299,96,63,33,203,18,185,32.10702341137124,21.070234113712374,11.036789297658862,67.89297658862876,6.0200668896321075,61.87290969899666
E00098162,338,52,19,33,286,32,254,15.384615384615385,5.621301775147929,9.763313609467456,84.61538461538461,9.467455621301776,75.14792899408283
E00098163,280,44,13,31,236,29,207,15.714285714285714,4.642857142857143,11.071428571428571,84.28571428571429,10.357142857142858,73.92857142857143
E00098164,182,53,27,26,129,13,116,29.120879120879124,14.835164835164836,14.285714285714285,70.87912087912088,7.142857142857142,63.73626373626373
E00098165,282,57,22,35,225,20,205,20.212765957446805,7.801418439716312,12.411347517730496,79.7872340425532,7.092198581560284,72.69503546099291
E00098166,226,47,17,30,179,17,162,20.79646017699115,7.52212389380531,13.274336283185843,79.20353982300885,7.52212389380531,71.68141592920354
E00098167,310,54,15,39,256,29,227,17.419354838709676,4.838709677419355,12.580645161290322,82.58064516129032,9.35483870967742,73.22580645161291
E00098168,327,38,5,33,289,32,257,11.62079510703364,1.529051987767584,10.091743119266056,88.37920489296636,9.785932721712538,78.59327217125383
E00098169,332,44,8,36,288,31,257,13.253012048192772,2.4096385542168677,10.843373493975903,86.74698795180723,9.33734939759036,77.40963855421687
E00098170,218,58,27,31,160,10,150,26.605504587155966,12.385321100917432,14.220183486238533,73.39449541284404,4.587155963302752,68.80733944954129
E00098171,321,52,24,28,269,27,242,16.1993769470405,7.476635514018691,8.722741433021806,83.8006230529595,8.411214953271028,75.38940809968847
E00098172,297,58,24,34,239,33,206,19.52861952861953,8.080808080808081,11.447811447811448,80.47138047138047,11.11111111111111,69.36026936026936
E00098173,332,48,14,34,284,18,266,14.457831325301203,4.216867469879518,10.240963855421686,85.54216867469879,5.421686746987952,80.12048192771084
E00098174,340,52,16,36,288,33,255,15.294117647058824,4.705882352941177,10.588235294117647,84.70588235294117,9.705882352941178,75
E00098175,306,43,13,30,263,24,239,14.052287581699346,4.248366013071895,9.803921568627452,85.94771241830065,7.8431372549019605,78.10457516339869
E00098176,494,51,18,33,443,54,389,10.323886639676113,3.643724696356275,6.680161943319838,89.67611336032388,10.931174089068826,78.74493927125506
E00098177,313,18,0,18,295,35,260,5.7507987220447285,0,5.7507987220447285,94.24920127795528,11.182108626198083,83.06709265175719
E00098178,419,61,21,40,358,25,333,14.558472553699284,5.011933174224343,9.54653937947494,85.44152744630071,5.966587112171838,79.47494033412887
E00098179,306,86,42,44,220,22,198,28.104575163398692,13.725490196078432,14.37908496732026,71.89542483660131,7.18954248366013,64.70588235294117
E00098180,281,44,16,28,237,17,220,15.658362989323843,5.6939501779359425,9.9644128113879,84.34163701067615,6.049822064056939,78.29181494661923
E00098181,279,52,16,36,227,34,193,18.63799283154122,5.734767025089606,12.903225806451612,81.36200716845879,12.186379928315413,69.17562724014337
E00098182,289,54,18,36,235,19,216,18.685121107266436,6.228373702422145,12.45674740484429,81.31487889273356,6.5743944636678195,74.74048442906575
E00098183,254,53,15,38,201,22,179,20.866141732283463,5.905511811023622,14.960629921259844,79.13385826771653,8.661417322834646,70.47244094488188
E00098184,265,37,8,29,228,25,203,13.962264150943396,3.018867924528302,10.943396226415095,86.0377358490566,9.433962264150944,76.60377358490567
E00098185,244,62,18,44,182,14,168,25.40983606557377,7.377049180327869,18.0327868852459,74.59016393442623,5.737704918032787,68.85245901639344
E00098186,222,52,32,20,170,14,156,23.423423423423422,14.414414414414415,9.00900900900901,76.57657657657657,6.306306306306306,70.27027027027027
E00098187,288,45,16,29,243,31,212,15.625,5.555555555555555,10.069444444444445,84.375,10.76388888888889,73.61111111111111
E00098188,318,54,13,41,264,22,242,16.9811320754717,4.088050314465408,12.89308176100629,83.01886792452831,6.918238993710692,76.10062893081762
E00098189,184,26,11,15,158,14,144,14.130434782608695,5.978260869565218,8.152173913043478,85.86956521739131,7.608695652173914,78.26086956521739
E00098190,300,64,26,38,236,30,206,21.333333333333336,8.666666666666668,12.666666666666668,78.66666666666666,10,68.66666666666667
E00098191,286,45,18,27,241,33,208,15.734265734265735,6.293706293706294,9.44055944055944,84.26573426573427,11.538461538461538,72.72727272727273
E00098192,308,48,18,30,260,17,243,15.584415584415584,5.844155844155844,9.740259740259742,84.4155844155844,5.51948051948052,78.8961038961039
E00098193,290,47,18,29,243,18,225,16.206896551724135,6.206896551724138,10,83.79310344827586,6.206896551724138,77.58620689655173
E00098194,283,41,10,31,242,19,223,14.487632508833922,3.53356890459364,10.954063604240282,85.51236749116607,6.713780918727916,78.79858657243817
E00098195,250,43,14,29,207,21,186,17.2,5.6000000000000005,11.600000000000001,82.8,8.4,74.4
E00098196,298,50,16,34,248,16,232,16.778523489932887,5.369127516778524,11.409395973154362,83.22147651006712,5.369127516778524,77.85234899328859
E00098197,285,48,18,30,237,31,206,16.842105263157894,6.315789473684211,10.526315789473683,83.15789473684211,10.87719298245614,72.28070175438597
E00098198,248,46,20,26,202,31,171,18.548387096774192,8.064516129032258,10.483870967741936,81.45161290322581,12.5,68.95161290322581
E00098199,255,44,18,26,211,30,181,17.254901960784313,7.0588235294117645,10.196078431372548,82.74509803921568,11.76470588235294,70.98039215686275
E00098200,291,41,8,33,250,26,224,14.0893470790378,2.7491408934707904,11.34020618556701,85.91065292096219,8.934707903780069,76.97594501718214
E00098201,278,53,18,35,225,27,198,19.06474820143885,6.474820143884892,12.589928057553957,80.93525179856115,9.712230215827338,71.22302158273382
E00098202,272,32,11,21,240,30,210,11.76470588235294,4.044117647058823,7.720588235294118,88.23529411764706,11.029411764705882,77.20588235294117
E00098203,317,81,45,36,236,23,213,25.55205047318612,14.195583596214512,11.35646687697161,74.44794952681389,7.255520504731862,67.19242902208202
E00098204,256,60,25,35,196,23,173,23.4375,9.765625,13.671875,76.5625,8.984375,67.578125
E00098206,274,60,16,44,214,22,192,21.897810218978105,5.839416058394161,16.05839416058394,78.1021897810219,8.02919708029197,70.07299270072993
E00098207,341,60,17,43,281,28,253,17.595307917888565,4.9853372434017595,12.609970674486803,82.40469208211144,8.211143695014663,74.19354838709677
E00098208,280,58,29,29,222,11,211,20.714285714285715,10.357142857142858,10.357142857142858,79.28571428571428,3.9285714285714284,75.35714285714286
E00098209,486,73,28,45,413,30,383,15.020576131687244,5.761316872427984,9.25925925925926,84.97942386831275,6.172839506172839,78.80658436213992
E00098210,248,62,22,40,186,20,166,25,8.870967741935484,16.129032258064516,75,8.064516129032258,66.93548387096774
E00098211,290,75,33,42,215,26,189,25.862068965517242,11.379310344827587,14.482758620689657,74.13793103448276,8.96551724137931,65.17241379310344
E00098212,337,65,28,37,272,23,249,19.287833827893174,8.30860534124629,10.979228486646884,80.71216617210682,6.824925816023739,73.88724035608308
E00098213,289,59,17,42,230,32,198,20.415224913494807,5.88235294117647,14.53287197231834,79.58477508650519,11.072664359861593,68.5121107266436
E00098214,369,66,26,40,303,33,270,17.88617886178862,7.046070460704606,10.840108401084011,82.11382113821138,8.94308943089431,73.17073170731707
E00098215,371,58,20,38,313,34,279,15.633423180592992,5.3908355795148255,10.242587601078167,84.36657681940702,9.164420485175203,75.2021563342318
E00098216,336,95,41,54,241,24,217,28.273809523809522,12.202380952380953,16.071428571428573,71.72619047619048,7.142857142857142,64.58333333333334
E00098217,289,49,15,34,240,26,214,16.955017301038062,5.190311418685121,11.76470588235294,83.04498269896193,8.996539792387544,74.0484429065744
E00098218,339,88,37,51,251,24,227,25.958702064896755,10.914454277286136,15.04424778761062,74.04129793510324,7.079646017699115,66.96165191740413
E00098219,303,68,28,40,235,22,213,22.442244224422442,9.24092409240924,13.2013201320132,77.55775577557755,7.2607260726072615,70.29702970297029
E00098220,268,73,49,24,195,19,176,27.238805970149254,18.28358208955224,8.955223880597014,72.76119402985076,7.08955223880597,65.67164179104478
E00098221,199,61,30,31,138,13,125,30.65326633165829,15.07537688442211,15.577889447236181,69.34673366834171,6.532663316582915,62.8140703517588
E00098222,277,63,24,39,214,24,190,22.743682310469314,8.664259927797833,14.079422382671481,77.25631768953069,8.664259927797833,68.59205776173285
E00098223,330,81,32,49,249,15,234,24.545454545454547,9.696969696969697,14.84848484848485,75.45454545454545,4.545454545454546,70.9090909090909
E00098224,224,51,25,26,173,16,157,22.767857142857142,11.160714285714286,11.607142857142858,77.23214285714286,7.142857142857142,70.08928571428571
E00098225,250,55,28,27,195,18,177,22,11.200000000000001,10.8,78,7.199999999999999,70.8
E00098226,366,61,23,38,305,29,276,16.666666666666664,6.284153005464481,10.382513661202186,83.33333333333334,7.923497267759563,75.40983606557377
E00098227,269,39,14,25,230,33,197,14.49814126394052,5.204460966542751,9.293680297397769,85.50185873605948,12.267657992565056,73.23420074349443
E00098228,340,127,61,66,213,18,195,37.35294117647059,17.941176470588236,19.411764705882355,62.64705882352941,5.294117647058823,57.35294117647059
E00098229,304,65,27,38,239,23,216,21.38157894736842,8.881578947368421,12.5,78.61842105263158,7.565789473684211,71.05263157894737
E00098230,315,52,27,25,263,13,250,16.507936507936506,8.571428571428571,7.936507936507936,83.4920634920635,4.1269841269841265,79.36507936507937
E00098231,256,53,21,32,203,16,187,20.703125,8.203125,12.5,79.296875,6.25,73.046875
E00098232,282,45,22,23,237,18,219,15.957446808510639,7.801418439716312,8.156028368794328,84.04255319148936,6.382978723404255,77.6595744680851
E00098233,271,43,17,26,228,24,204,15.867158671586715,6.273062730627306,9.59409594095941,84.13284132841329,8.856088560885608,75.27675276752768
E00098234,257,67,32,35,190,22,168,26.07003891050584,12.45136186770428,13.618677042801556,73.92996108949417,8.560311284046692,65.36964980544747
E00098235,432,72,27,45,360,32,328,16.666666666666664,6.25,10.416666666666668,83.33333333333334,7.4074074074074066,75.92592592592592
E00098236,327,55,23,32,272,30,242,16.819571865443425,7.033639143730887,9.785932721712538,83.18042813455658,9.174311926605505,74.00611620795107
E00098237,248,87,43,44,161,11,150,35.08064516129033,17.338709677419356,17.741935483870968,64.91935483870968,4.435483870967742,60.483870967741936
E00098238,266,51,20,31,215,23,192,19.172932330827066,7.518796992481203,11.654135338345863,80.82706766917293,8.646616541353383,72.18045112781954
E00098239,260,42,10,32,218,22,196,16.153846153846153,3.8461538461538463,12.307692307692308,83.84615384615385,8.461538461538462,75.38461538461539
E00098240,288,58,26,32,230,27,203,20.13888888888889,9.027777777777777,11.11111111111111,79.86111111111111,9.375,70.48611111111111
E00098242,285,53,24,29,232,34,198,18.596491228070175,8.421052631578947,10.175438596491228,81.40350877192982,11.929824561403509,69.47368421052632
E00098243,307,63,24,39,244,33,211,20.521172638436482,7.81758957654723,12.703583061889251,79.47882736156352,10.749185667752444,68.72964169381108
E00098244,433,55,22,33,378,44,334,12.702078521939955,5.080831408775981,7.621247113163972,87.29792147806005,10.161662817551962,77.13625866050808
E00098246,314,36,12,24,278,25,253,11.464968152866243,3.821656050955414,7.643312101910828,88.53503184713377,7.961783439490445,80.57324840764332
E00098247,318,35,10,25,283,28,255,11.0062893081761,3.1446540880503147,7.861635220125786,88.9937106918239,8.80503144654088,80.18867924528303
E00098248,327,48,21,27,279,27,252,14.678899082568808,6.422018348623854,8.256880733944955,85.3211009174312,8.256880733944955,77.06422018348624
E00098249,254,39,14,25,215,18,197,15.354330708661418,5.511811023622047,9.84251968503937,84.64566929133859,7.086614173228346,77.55905511811024
E00098250,349,56,24,32,293,31,262,16.045845272206304,6.876790830945559,9.169054441260744,83.95415472779369,8.882521489971348,75.07163323782235
E00098251,192,55,17,38,137,18,119,28.645833333333332,8.854166666666668,19.791666666666664,71.35416666666666,9.375,61.979166666666664
E00098252,244,47,18,29,197,25,172,19.262295081967213,7.377049180327869,11.885245901639344,80.73770491803278,10.245901639344263,70.49180327868852
E00098253,343,37,13,24,306,37,269,10.787172011661808,3.7900874635568513,6.997084548104956,89.21282798833819,10.787172011661808,78.4256559766764
E00098254,316,46,14,32,270,22,248,14.556962025316455,4.430379746835443,10.126582278481013,85.44303797468355,6.962025316455696,78.48101265822784
E00098255,324,76,36,40,248,27,221,23.456790123456788,11.11111111111111,12.345679012345679,76.5432098765432,8.333333333333332,68.20987654320987
E00098256,314,48,17,31,266,22,244,15.286624203821656,5.414012738853503,9.872611464968154,84.71337579617835,7.006369426751593,77.70700636942675
E00098257,326,52,17,35,274,27,247,15.950920245398773,5.214723926380368,10.736196319018406,84.04907975460122,8.282208588957054,75.76687116564416
E00098258,371,74,30,44,297,36,261,19.946091644204852,8.086253369272237,11.859838274932615,80.05390835579514,9.703504043126685,70.35040431266847
E00098259,292,87,53,34,205,22,183,29.794520547945208,18.15068493150685,11.643835616438356,70.2054794520548,7.534246575342466,62.671232876712324
E00098260,246,52,21,31,194,28,166,21.138211382113823,8.536585365853659,12.601626016260163,78.86178861788618,11.38211382113821,67.47967479674797
E00098261,277,57,24,33,220,21,199,20.577617328519857,8.664259927797833,11.913357400722022,79.42238267148014,7.581227436823104,71.84115523465704
E00098262,276,44,12,32,232,30,202,15.942028985507244,4.3478260869565215,11.594202898550725,84.05797101449275,10.869565217391305,73.18840579710145
E00098263,296,48,14,34,248,27,221,16.216216216216218,4.72972972972973,11.486486486486488,83.78378378378379,9.121621621621621,74.66216216216216
E00098264,346,77,31,46,269,16,253,22.254335260115607,8.959537572254336,13.294797687861271,77.74566473988439,4.624277456647398,73.121387283237
E00098265,301,39,15,24,262,27,235,12.956810631229235,4.983388704318937,7.973421926910299,87.04318936877077,8.970099667774086,78.07308970099668
E00098266,246,49,13,36,197,29,168,19.91869918699187,5.284552845528456,14.634146341463413,80.08130081300813,11.788617886178862,68.29268292682927
E00098267,245,66,31,35,179,20,159,26.93877551020408,12.653061224489795,14.285714285714285,73.06122448979592,8.16326530612245,64.89795918367346
E00098268,359,65,33,32,294,16,278,18.105849582172702,9.192200557103064,8.913649025069638,81.89415041782729,4.456824512534819,77.43732590529248
E00098269,470,78,28,50,392,38,354,16.595744680851062,5.957446808510639,10.638297872340425,83.40425531914893,8.085106382978724,75.31914893617021
E00098270,311,58,14,44,253,27,226,18.64951768488746,4.501607717041801,14.14790996784566,81.35048231511254,8.681672025723474,72.66881028938906
E00098271,363,57,16,41,306,33,273,15.702479338842975,4.40771349862259,11.294765840220386,84.29752066115702,9.090909090909092,75.20661157024794
E00098272,267,48,15,33,219,33,186,17.97752808988764,5.617977528089887,12.359550561797752,82.02247191011236,12.359550561797752,69.66292134831461
E00098273,220,34,10,24,186,24,162,15.454545454545453,4.545454545454546,10.909090909090908,84.54545454545455,10.909090909090908,73.63636363636363
E00098274,296,55,23,32,241,21,220,18.58108108108108,7.77027027027027,10.81081081081081,81.41891891891892,7.094594594594595,74.32432432432432
E00098275,337,68,31,37,269,32,237,20.178041543026705,9.198813056379821,10.979228486646884,79.82195845697329,9.495548961424333,70.32640949554896
E00098276,289,61,23,38,228,19,209,21.10726643598616,7.958477508650519,13.148788927335639,78.89273356401384,6.5743944636678195,72.31833910034602
E00098277,359,64,25,39,295,17,278,17.827298050139277,6.963788300835655,10.86350974930362,82.17270194986072,4.735376044568245,77.43732590529248
E00098278,280,49,17,32,231,26,205,17.5,6.071428571428571,11.428571428571429,82.5,9.285714285714286,73.21428571428571
E00098279,335,64,30,34,271,24,247,19.1044776119403,8.955223880597014,10.149253731343283,80.8955223880597,7.164179104477612,73.73134328358208
E00098280,263,79,41,38,184,11,173,30.038022813688215,15.5893536121673,14.44866920152091,69.96197718631178,4.182509505703422,65.77946768060836
E00098281,273,58,21,37,215,20,195,21.245421245421245,7.6923076923076925,13.553113553113553,78.75457875457876,7.326007326007327,71.42857142857143
E00098282,212,50,19,31,162,13,149,23.58490566037736,8.962264150943396,14.622641509433961,76.41509433962264,6.132075471698113,70.28301886792453
E00098283,320,61,21,40,259,27,232,19.0625,6.5625,12.5,80.9375,8.4375,72.5
E00098284,266,53,21,32,213,15,198,19.924812030075188,7.894736842105263,12.030075187969924,80.07518796992481,5.639097744360902,74.43609022556392
E00098285,384,77,24,53,307,33,274,20.052083333333336,6.25,13.802083333333334,79.94791666666666,8.59375,71.35416666666666
E00098286,250,45,23,22,205,15,190,18,9.2,8.799999999999999,82,6,76
E00098287,366,78,31,47,288,13,275,21.311475409836063,8.469945355191257,12.841530054644808,78.68852459016394,3.551912568306011,75.13661202185791
E00098288,235,54,24,30,181,19,162,22.97872340425532,10.212765957446807,12.76595744680851,77.02127659574468,8.085106382978724,68.93617021276596
E00098289,303,80,44,36,223,16,207,26.4026402640264,14.521452145214523,11.881188118811881,73.5973597359736,5.2805280528052805,68.31683168316832
E00098290,313,51,14,37,262,25,237,16.293929712460063,4.472843450479233,11.821086261980831,83.70607028753993,7.987220447284344,75.71884984025559
E00098291,343,51,21,30,292,25,267,14.868804664723031,6.122448979591836,8.746355685131196,85.13119533527697,7.288629737609329,77.84256559766763
E00098292,295,70,30,40,225,18,207,23.728813559322035,10.16949152542373,13.559322033898304,76.27118644067797,6.101694915254238,70.16949152542374
E00098293,463,49,19,30,414,26,388,10.583153347732182,4.103671706263499,6.479481641468683,89.41684665226782,5.615550755939525,83.8012958963283
E00098294,261,69,22,47,192,21,171,26.436781609195403,8.42911877394636,18.007662835249043,73.5632183908046,8.045977011494253,65.51724137931035
E00098295,326,57,24,33,269,32,237,17.484662576687114,7.361963190184049,10.122699386503067,82.51533742331289,9.815950920245399,72.69938650306749
E00098296,412,73,25,48,339,34,305,17.718446601941746,6.067961165048544,11.650485436893204,82.28155339805825,8.25242718446602,74.02912621359224
E00098297,276,45,18,27,231,16,215,16.304347826086957,6.521739130434782,9.782608695652174,83.69565217391305,5.797101449275362,77.89855072463769
E00098298,358,92,37,55,266,25,241,25.69832402234637,10.335195530726256,15.363128491620111,74.30167597765363,6.983240223463687,67.31843575418995
E00098299,367,110,54,56,257,25,232,29.972752043596728,14.713896457765669,15.258855585831062,70.02724795640327,6.811989100817439,63.21525885558583
E00098300,448,79,32,47,369,34,335,17.633928571428573,7.142857142857142,10.491071428571429,82.36607142857143,7.5892857142857135,74.77678571428571
E00098301,352,58,24,34,294,25,269,16.477272727272727,6.8181818181818175,9.659090909090908,83.52272727272727,7.1022727272727275,76.42045454545455
E00098302,315,69,28,41,246,10,236,21.904761904761905,8.88888888888889,13.015873015873018,78.0952380952381,3.1746031746031744,74.92063492063492
E00098303,326,59,28,31,267,26,241,18.098159509202453,8.588957055214724,9.509202453987731,81.90184049079755,7.975460122699387,73.92638036809815
E00098304,267,73,32,41,194,15,179,27.340823970037455,11.985018726591761,15.355805243445692,72.65917602996255,5.617977528089887,67.04119850187266
E00098305,258,55,25,30,203,19,184,21.31782945736434,9.689922480620156,11.627906976744185,78.68217054263566,7.3643410852713185,71.31782945736434
E00098306,298,56,30,26,242,20,222,18.79194630872483,10.06711409395973,8.724832214765101,81.20805369127517,6.7114093959731544,74.49664429530202
E00098307,335,87,37,50,248,21,227,25.970149253731346,11.044776119402986,14.925373134328357,74.02985074626865,6.26865671641791,67.76119402985074
E00098308,275,65,30,35,210,29,181,23.636363636363637,10.909090909090908,12.727272727272727,76.36363636363637,10.545454545454545,65.81818181818181
E00098309,333,43,20,23,290,21,269,12.912912912912914,6.006006006006006,6.906906906906906,87.08708708708708,6.306306306306306,80.78078078078079
E00098311,289,53,18,35,236,17,219,18.33910034602076,6.228373702422145,12.110726643598616,81.66089965397923,5.88235294117647,75.77854671280276
E00098312,346,80,39,41,266,27,239,23.121387283236995,11.271676300578035,11.849710982658959,76.878612716763,7.803468208092486,69.07514450867052
E00098313,327,41,17,24,286,19,267,12.538226299694188,5.198776758409786,7.339449541284404,87.46177370030581,5.81039755351682,81.65137614678899
E00098314,303,79,42,37,224,18,206,26.072607260726073,13.861386138613863,12.211221122112212,73.92739273927393,5.9405940594059405,67.98679867986799
E00098315,309,80,40,40,229,18,211,25.88996763754045,12.944983818770226,12.944983818770226,74.11003236245955,5.825242718446602,68.28478964401295
E00098316,376,69,29,40,307,29,278,18.351063829787233,7.712765957446808,10.638297872340425,81.64893617021278,7.712765957446808,73.93617021276596
E00098317,383,100,36,64,283,32,251,26.109660574412537,9.39947780678851,16.710182767624023,73.89033942558747,8.355091383812011,65.53524804177546
E00098318,300,87,45,42,213,23,190,28.999999999999996,15,14.000000000000002,71,7.666666666666666,63.33333333333333
E00098319,327,70,25,45,257,25,232,21.406727828746178,7.64525993883792,13.761467889908257,78.59327217125383,7.64525993883792,70.9480122324159
E00098320,311,90,42,48,221,20,201,28.938906752411576,13.504823151125404,15.434083601286176,71.06109324758843,6.430868167202572,64.63022508038586
E00098321,270,80,38,42,190,14,176,29.629629629629626,14.074074074074074,15.555555555555555,70.37037037037037,5.185185185185185,65.18518518518519
E00098322,383,67,29,38,316,32,284,17.4934725848564,7.5718015665796345,9.921671018276761,82.50652741514361,8.355091383812011,74.1514360313316
E00098323,333,59,29,30,274,29,245,17.71771771771772,8.708708708708707,9.00900900900901,82.28228228228228,8.708708708708707,73.57357357357357
E00098324,427,77,31,46,350,25,325,18.0327868852459,7.259953161592506,10.772833723653395,81.9672131147541,5.85480093676815,76.11241217798595
E00098325,382,117,57,60,265,28,237,30.628272251308903,14.921465968586386,15.706806282722512,69.3717277486911,7.329842931937172,62.04188481675392
E00098326,349,77,30,47,272,22,250,22.063037249283667,8.595988538681947,13.46704871060172,77.93696275071633,6.303724928366762,71.63323782234957
E00098327,300,51,18,33,249,28,221,17,6,11,83,9.333333333333334,73.66666666666667
E00098328,284,76,37,39,208,12,196,26.76056338028169,13.028169014084506,13.732394366197184,73.23943661971832,4.225352112676056,69.01408450704226
E00098329,271,73,26,47,198,14,184,26.937269372693727,9.59409594095941,17.343173431734318,73.06273062730627,5.166051660516605,67.89667896678966
E00098330,391,80,45,35,311,29,282,20.460358056265985,11.508951406649617,8.951406649616368,79.53964194373401,7.41687979539642,72.1227621483376
E00098331,303,59,27,32,244,18,226,19.471947194719473,8.91089108910891,10.561056105610561,80.52805280528052,5.9405940594059405,74.58745874587459
E00098332,275,84,45,39,191,22,169,30.545454545454547,16.363636363636363,14.181818181818182,69.45454545454545,8,61.45454545454545
E00098333,259,50,24,26,209,16,193,19.305019305019304,9.266409266409266,10.038610038610038,80.6949806949807,6.177606177606178,74.5173745173745
E00098334,205,41,10,31,164,16,148,20,4.878048780487805,15.121951219512194,80,7.804878048780488,72.1951219512195
E00098335,237,63,21,42,174,11,163,26.582278481012654,8.860759493670885,17.72151898734177,73.41772151898735,4.641350210970464,68.77637130801688
E00098336,408,62,23,39,346,26,320,15.196078431372548,5.637254901960785,9.558823529411764,84.80392156862744,6.372549019607843,78.43137254901961
E00098337,321,122,72,50,199,17,182,38.006230529595015,22.429906542056074,15.57632398753894,61.99376947040498,5.29595015576324,56.69781931464174
E00098338,316,95,34,61,221,26,195,30.063291139240505,10.759493670886076,19.303797468354432,69.9367088607595,8.227848101265822,61.70886075949367
E00098339,238,61,26,35,177,12,165,25.630252100840334,10.92436974789916,14.705882352941178,74.36974789915966,5.042016806722689,69.32773109243698
E00098340,296,64,32,32,232,14,218,21.62162162162162,10.81081081081081,10.81081081081081,78.37837837837837,4.72972972972973,73.64864864864865
E00098341,280,60,24,36,220,23,197,21.428571428571427,8.571428571428571,12.857142857142856,78.57142857142857,8.214285714285714,70.35714285714286
E00098342,293,34,13,21,259,28,231,11.604095563139932,4.436860068259386,7.167235494880546,88.39590443686008,9.556313993174061,78.839590443686
E00098343,276,66,31,35,210,13,197,23.91304347826087,11.231884057971014,12.681159420289855,76.08695652173914,4.710144927536232,71.37681159420289
E00098344,564,91,33,58,473,46,427,16.134751773049647,5.851063829787234,10.28368794326241,83.86524822695036,8.156028368794328,75.70921985815603
E00098345,373,89,35,54,284,24,260,23.86058981233244,9.383378016085791,14.47721179624665,76.13941018766755,6.434316353887399,69.70509383378017
E00098346,262,50,21,29,212,18,194,19.083969465648856,8.015267175572518,11.068702290076336,80.91603053435115,6.870229007633588,74.04580152671755
E00098347,466,71,26,45,395,39,356,15.236051502145923,5.579399141630901,9.656652360515022,84.76394849785407,8.369098712446352,76.39484978540773
E00098348,203,49,18,31,154,20,134,24.137931034482758,8.866995073891626,15.270935960591133,75.86206896551724,9.852216748768473,66.00985221674877
E00098349,475,59,14,45,416,40,376,12.421052631578949,2.9473684210526314,9.473684210526317,87.57894736842105,8.421052631578947,79.15789473684211
E00098350,359,83,43,40,276,25,251,23.119777158774372,11.977715877437326,11.142061281337048,76.88022284122563,6.963788300835655,69.91643454038997
E00098352,285,37,16,21,248,17,231,12.982456140350877,5.614035087719298,7.368421052631578,87.01754385964912,5.964912280701754,81.05263157894737
E00098353,290,44,10,34,246,23,223,15.172413793103448,3.4482758620689653,11.724137931034482,84.82758620689656,7.931034482758621,76.89655172413794
E00098354,287,49,25,24,238,24,214,17.073170731707318,8.710801393728223,8.362369337979095,82.92682926829268,8.362369337979095,74.56445993031359
E00098355,255,37,14,23,218,20,198,14.50980392156863,5.490196078431373,9.019607843137255,85.49019607843137,7.8431372549019605,77.64705882352942
E00098356,355,96,41,55,259,32,227,27.042253521126757,11.549295774647888,15.492957746478872,72.95774647887325,9.014084507042254,63.94366197183099
E00098357,278,36,11,25,242,23,219,12.949640287769784,3.9568345323741005,8.992805755395683,87.05035971223022,8.273381294964029,78.77697841726618
E00098358,325,84,41,43,241,16,225,25.846153846153847,12.615384615384615,13.230769230769232,74.15384615384616,4.923076923076923,69.23076923076923
E00098359,280,76,37,39,204,21,183,27.142857142857142,13.214285714285715,13.928571428571429,72.85714285714285,7.5,65.35714285714286
E00098360,422,49,10,39,373,31,342,11.61137440758294,2.3696682464454977,9.24170616113744,88.38862559241706,7.345971563981042,81.04265402843602
E00098361,270,40,16,24,230,20,210,14.814814814814813,5.9259259259259265,8.88888888888889,85.18518518518519,7.4074074074074066,77.77777777777779
E00098362,316,60,25,35,256,25,231,18.9873417721519,7.9113924050632916,11.075949367088606,81.0126582278481,7.9113924050632916,73.10126582278481
E00098363,226,41,14,27,185,26,159,18.141592920353983,6.1946902654867255,11.946902654867257,81.85840707964603,11.504424778761061,70.35398230088495
E00098364,321,83,48,35,238,36,202,25.85669781931464,14.953271028037381,10.903426791277258,74.14330218068535,11.214953271028037,62.928348909657316
E00098365,271,46,16,30,225,29,196,16.974169741697416,5.904059040590406,11.07011070110701,83.02583025830258,10.70110701107011,72.32472324723247
E00098366,309,54,30,24,255,26,229,17.475728155339805,9.70873786407767,7.766990291262135,82.52427184466019,8.414239482200648,74.11003236245955
E00098367,286,44,20,24,242,19,223,15.384615384615385,6.993006993006993,8.391608391608392,84.61538461538461,6.643356643356643,77.97202797202797
E00098368,302,38,8,30,264,20,244,12.582781456953644,2.6490066225165565,9.933774834437086,87.41721854304636,6.622516556291391,80.79470198675497
E00098369,303,52,25,27,251,24,227,17.16171617161716,8.25082508250825,8.91089108910891,82.83828382838284,7.920792079207921,74.91749174917491
E00098370,303,76,32,44,227,21,206,25.082508250825082,10.561056105610561,14.521452145214523,74.91749174917491,6.9306930693069315,67.98679867986799
E00098371,462,70,32,38,392,37,355,15.151515151515152,6.926406926406926,8.225108225108226,84.84848484848484,8.008658008658008,76.83982683982684
E00098372,284,78,38,40,206,11,195,27.464788732394368,13.380281690140844,14.084507042253522,72.53521126760563,3.873239436619718,68.66197183098592
E00098373,349,80,31,49,269,22,247,22.922636103151863,8.882521489971348,14.040114613180515,77.07736389684814,6.303724928366762,70.77363896848138
E00098374,303,77,33,44,226,12,214,25.412541254125415,10.891089108910892,14.521452145214523,74.58745874587459,3.9603960396039604,70.62706270627062
E00098375,282,68,25,43,214,24,190,24.113475177304963,8.865248226950355,15.24822695035461,75.88652482269504,8.51063829787234,67.37588652482269
E00098376,403,99,37,62,304,32,272,24.56575682382134,9.181141439205955,15.384615384615385,75.43424317617865,7.94044665012407,67.4937965260546
E00098377,326,74,30,44,252,18,234,22.699386503067483,9.202453987730062,13.496932515337424,77.30061349693251,5.521472392638037,71.77914110429448
E00098378,516,102,53,49,414,41,373,19.767441860465116,10.271317829457365,9.496124031007753,80.23255813953489,7.945736434108527,72.28682170542635
E00098379,245,86,43,43,159,11,148,35.10204081632653,17.551020408163264,17.551020408163264,64.89795918367346,4.489795918367347,60.40816326530612
E00098380,360,81,33,48,279,25,254,22.5,9.166666666666666,13.333333333333334,77.5,6.944444444444445,70.55555555555556
E00098381,240,59,29,30,181,18,163,24.583333333333332,12.083333333333334,12.5,75.41666666666667,7.5,67.91666666666667
E00098382,370,87,46,41,283,16,267,23.513513513513516,12.432432432432433,11.081081081081082,76.48648648648648,4.324324324324325,72.16216216216216
E00098383,255,89,57,32,166,18,148,34.90196078431372,22.35294117647059,12.549019607843137,65.09803921568627,7.0588235294117645,58.03921568627452
E00098384,408,72,31,41,336,24,312,17.647058823529413,7.598039215686274,10.049019607843137,82.35294117647058,5.88235294117647,76.47058823529412
E00098385,456,87,36,51,369,31,338,19.078947368421055,7.894736842105263,11.18421052631579,80.92105263157895,6.798245614035088,74.12280701754386
E00098386,252,67,28,39,185,19,166,26.58730158730159,11.11111111111111,15.476190476190476,73.4126984126984,7.5396825396825395,65.87301587301587
E00098387,293,77,26,51,216,24,192,26.27986348122867,8.873720136518772,17.4061433447099,73.72013651877133,8.19112627986348,65.52901023890784
E00098388,487,78,34,44,409,39,370,16.01642710472279,6.981519507186857,9.034907597535934,83.9835728952772,8.008213552361395,75.97535934291582
E00098389,322,66,31,35,256,23,233,20.496894409937887,9.627329192546584,10.869565217391305,79.5031055900621,7.142857142857142,72.36024844720497
E00098390,345,68,21,47,277,22,255,19.710144927536234,6.086956521739131,13.623188405797102,80.28985507246377,6.3768115942028984,73.91304347826086
E00098391,285,66,32,34,219,29,190,23.157894736842106,11.228070175438596,11.929824561403509,76.84210526315789,10.175438596491228,66.66666666666666
E00098392,156,65,36,29,91,7,84,41.66666666666667,23.076923076923077,18.58974358974359,58.333333333333336,4.487179487179487,53.84615384615385
E00098393,307,70,42,28,237,20,217,22.80130293159609,13.680781758957655,9.120521172638437,77.19869706840392,6.514657980456026,70.68403908794788
E00098394,298,58,27,31,240,23,217,19.463087248322147,9.060402684563758,10.40268456375839,80.53691275167785,7.718120805369128,72.81879194630872
E00098395,281,66,27,39,215,14,201,23.487544483985765,9.608540925266903,13.87900355871886,76.51245551601423,4.98220640569395,71.53024911032028
E00098396,562,84,37,47,478,40,438,14.94661921708185,6.583629893238434,8.362989323843415,85.05338078291815,7.11743772241993,77.93594306049823
E00098397,562,91,31,60,471,30,441,16.19217081850534,5.5160142348754455,10.676156583629894,83.80782918149467,5.338078291814947,78.46975088967972
E00098398,226,39,12,27,187,13,174,17.25663716814159,5.3097345132743365,11.946902654867257,82.7433628318584,5.752212389380531,76.99115044247787
E00098399,229,36,13,23,193,16,177,15.72052401746725,5.676855895196507,10.043668122270741,84.27947598253274,6.986899563318777,77.29257641921397
E00098400,327,95,45,50,232,21,211,29.051987767584098,13.761467889908257,15.29051987767584,70.9480122324159,6.422018348623854,64.52599388379205
E00098401,292,86,33,53,206,28,178,29.45205479452055,11.301369863013697,18.15068493150685,70.54794520547945,9.58904109589041,60.95890410958904
E00098402,280,39,12,27,241,19,222,13.928571428571429,4.285714285714286,9.642857142857144,86.07142857142858,6.785714285714286,79.28571428571428
E00098404,264,56,27,29,208,18,190,21.21212121212121,10.227272727272728,10.984848484848484,78.78787878787878,6.8181818181818175,71.96969696969697
E00098405,273,69,21,48,204,22,182,25.274725274725274,7.6923076923076925,17.582417582417584,74.72527472527473,8.058608058608058,66.66666666666666
E00098406,304,73,32,41,231,23,208,24.013157894736842,10.526315789473683,13.486842105263158,75.98684210526315,7.565789473684211,68.42105263157895
E00098407,295,46,16,30,249,19,230,15.593220338983052,5.423728813559322,10.16949152542373,84.40677966101696,6.440677966101695,77.96610169491525
E00098408,295,61,17,44,234,27,207,20.677966101694913,5.762711864406779,14.915254237288137,79.3220338983051,9.152542372881356,70.16949152542374
E00098409,219,70,35,35,149,21,128,31.963470319634702,15.981735159817351,15.981735159817351,68.0365296803653,9.58904109589041,58.44748858447488
E00098410,265,49,19,30,216,17,199,18.49056603773585,7.169811320754717,11.320754716981133,81.50943396226415,6.415094339622642,75.09433962264151
E00098411,205,49,20,29,156,9,147,23.902439024390244,9.75609756097561,14.146341463414632,76.09756097560975,4.390243902439024,71.70731707317073
E00098412,229,76,39,37,153,20,133,33.18777292576419,17.03056768558952,16.157205240174672,66.8122270742358,8.73362445414847,58.07860262008734
E00098413,267,44,15,29,223,25,198,16.479400749063668,5.617977528089887,10.861423220973784,83.52059925093633,9.363295880149813,74.15730337078652
E00098414,308,60,15,45,248,25,223,19.480519480519483,4.870129870129871,14.61038961038961,80.51948051948052,8.116883116883116,72.40259740259741
E00098415,341,68,24,44,273,25,248,19.941348973607038,7.038123167155426,12.903225806451612,80.05865102639295,7.331378299120235,72.72727272727273
E00098416,249,65,29,36,184,19,165,26.104417670682732,11.646586345381527,14.457831325301203,73.89558232931726,7.630522088353414,66.26506024096386
E00098417,275,76,41,35,199,12,187,27.636363636363637,14.909090909090908,12.727272727272727,72.36363636363636,4.363636363636364,68
E00098418,294,44,14,30,250,25,225,14.965986394557824,4.761904761904762,10.204081632653061,85.03401360544217,8.503401360544217,76.53061224489795
E00098419,246,88,47,41,158,21,137,35.77235772357724,19.10569105691057,16.666666666666664,64.22764227642277,8.536585365853659,55.6910569105691
E00098420,300,53,26,27,247,25,222,17.666666666666668,8.666666666666668,9,82.33333333333334,8.333333333333332,74
E00098421,223,39,18,21,184,22,162,17.48878923766816,8.071748878923767,9.417040358744394,82.51121076233184,9.865470852017937,72.6457399103139
E00098422,324,54,17,37,270,18,252,16.666666666666664,5.246913580246913,11.419753086419753,83.33333333333334,5.555555555555555,77.77777777777779
E00098423,270,45,22,23,225,24,201,16.666666666666664,8.148148148148149,8.518518518518519,83.33333333333334,8.88888888888889,74.44444444444444
E00098424,299,68,23,45,231,20,211,22.74247491638796,7.6923076923076925,15.050167224080269,77.25752508361204,6.688963210702341,70.5685618729097
E00098425,200,68,29,39,132,8,124,34,14.499999999999998,19.5,66,4,62
E00098426,331,39,13,26,292,23,269,11.782477341389729,3.927492447129909,7.854984894259818,88.21752265861026,6.948640483383686,81.2688821752266
E00098427,321,53,22,31,268,14,254,16.510903426791277,6.853582554517133,9.657320872274143,83.48909657320873,4.361370716510903,79.12772585669782
E00098428,297,76,28,48,221,17,204,25.589225589225588,9.427609427609427,16.161616161616163,74.41077441077442,5.723905723905724,68.68686868686868
E00098429,279,91,58,33,188,14,174,32.61648745519714,20.78853046594982,11.827956989247312,67.38351254480287,5.017921146953405,62.365591397849464
E00098430,243,57,27,30,186,13,173,23.456790123456788,11.11111111111111,12.345679012345679,76.5432098765432,5.349794238683128,71.19341563786008
E00098431,288,71,32,39,217,12,205,24.65277777777778,11.11111111111111,13.541666666666666,75.34722222222221,4.166666666666666,71.18055555555556
E00098432,276,65,26,39,211,14,197,23.55072463768116,9.420289855072465,14.130434782608695,76.44927536231883,5.072463768115942,71.37681159420289
E00098433,373,84,45,39,289,20,269,22.5201072386059,12.064343163538874,10.455764075067025,77.4798927613941,5.361930294906166,72.11796246648794
E00098434,428,65,23,42,363,35,328,15.186915887850466,5.373831775700935,9.813084112149532,84.81308411214953,8.177570093457943,76.63551401869158
E00098435,269,70,33,37,199,22,177,26.022304832713754,12.267657992565056,13.754646840148698,73.97769516728626,8.178438661710038,65.79925650557621
E00098436,459,74,32,42,385,27,358,16.122004357298476,6.971677559912854,9.15032679738562,83.87799564270153,5.88235294117647,77.99564270152506
E00098437,218,36,6,30,182,11,171,16.51376146788991,2.7522935779816518,13.761467889908257,83.4862385321101,5.045871559633028,78.44036697247707
E00098438,354,53,24,29,301,17,284,14.971751412429379,6.779661016949152,8.192090395480225,85.02824858757062,4.80225988700565,80.22598870056498
E00098439,278,67,34,33,211,15,196,24.100719424460433,12.23021582733813,11.870503597122301,75.89928057553958,5.39568345323741,70.50359712230215
E00098440,337,49,19,30,288,28,260,14.540059347181009,5.637982195845697,8.902077151335313,85.45994065281899,8.30860534124629,77.1513353115727
E00098441,292,64,24,40,228,23,205,21.91780821917808,8.21917808219178,13.698630136986301,78.08219178082192,7.876712328767123,70.2054794520548
E00098442,271,59,26,33,212,21,191,21.771217712177123,9.59409594095941,12.177121771217712,78.22878228782287,7.7490774907749085,70.47970479704797
E00098443,322,67,23,44,255,20,235,20.80745341614907,7.142857142857142,13.664596273291925,79.19254658385093,6.211180124223603,72.98136645962732
E00098444,208,92,44,48,116,5,111,44.230769230769226,21.153846153846153,23.076923076923077,55.769230769230774,2.403846153846154,53.36538461538461
E00098447,470,74,37,37,396,43,353,15.74468085106383,7.872340425531915,7.872340425531915,84.25531914893617,9.148936170212766,75.1063829787234
E00098448,363,70,27,43,293,14,279,19.28374655647383,7.43801652892562,11.84573002754821,80.71625344352617,3.8567493112947657,76.85950413223141
E00098449,246,59,15,44,187,18,169,23.983739837398375,6.097560975609756,17.88617886178862,76.01626016260163,7.317073170731707,68.69918699186992
E00098450,344,79,32,47,265,28,237,22.96511627906977,9.30232558139535,13.662790697674417,77.03488372093024,8.13953488372093,68.8953488372093
E00098451,229,39,19,20,190,11,179,17.03056768558952,8.296943231441048,8.73362445414847,82.96943231441048,4.8034934497816595,78.16593886462883
E00098453,241,74,30,44,167,7,160,30.70539419087137,12.448132780082988,18.25726141078838,69.29460580912863,2.904564315352697,66.39004149377593
E00098454,288,64,23,41,224,13,211,22.22222222222222,7.986111111111111,14.23611111111111,77.77777777777779,4.513888888888888,73.26388888888889
E00098455,296,58,21,37,238,22,216,19.594594594594593,7.094594594594595,12.5,80.4054054054054,7.4324324324324325,72.97297297297297
E00098456,287,71,38,33,216,16,200,24.738675958188153,13.240418118466899,11.498257839721255,75.26132404181185,5.574912891986063,69.68641114982579
E00098457,532,96,44,52,436,31,405,18.045112781954884,8.270676691729323,9.774436090225564,81.95488721804512,5.827067669172932,76.12781954887218
E00098458,332,67,29,38,265,24,241,20.180722891566266,8.734939759036145,11.44578313253012,79.81927710843374,7.228915662650602,72.59036144578313
E00098459,269,75,35,40,194,15,179,27.881040892193308,13.011152416356877,14.869888475836431,72.11895910780669,5.5762081784386615,66.54275092936803
E00098460,265,48,18,30,217,21,196,18.11320754716981,6.7924528301886795,11.320754716981133,81.88679245283019,7.9245283018867925,73.9622641509434
E00098461,298,62,26,36,236,17,219,20.80536912751678,8.724832214765101,12.080536912751679,79.19463087248322,5.704697986577181,73.48993288590604
E00098462,454,97,42,55,357,32,325,21.365638766519822,9.251101321585903,12.114537444933921,78.63436123348018,7.048458149779736,71.58590308370044
E00098463,250,90,45,45,160,7,153,36,18,18,64,2.8000000000000003,61.199999999999996
E00098464,327,82,32,50,245,20,225,25.076452599388375,9.785932721712538,15.29051987767584,74.92354740061162,6.116207951070336,68.80733944954129
E00098465,348,80,38,42,268,25,243,22.988505747126435,10.919540229885058,12.068965517241379,77.01149425287356,7.183908045977011,69.82758620689656
E00098466,226,52,23,29,174,12,162,23.008849557522122,10.176991150442479,12.831858407079647,76.99115044247787,5.3097345132743365,71.68141592920354
E00098467,278,78,38,40,200,16,184,28.05755395683453,13.66906474820144,14.388489208633093,71.94244604316546,5.755395683453238,66.18705035971223
E00098468,263,57,20,37,206,19,187,21.673003802281368,7.604562737642586,14.068441064638785,78.32699619771863,7.224334600760455,71.10266159695817
E00098469,346,74,30,44,272,11,261,21.38728323699422,8.670520231213873,12.716763005780345,78.61271676300578,3.1791907514450863,75.43352601156069
E00098470,280,62,31,31,218,15,203,22.142857142857142,11.071428571428571,11.071428571428571,77.85714285714286,5.357142857142857,72.5
E00098471,261,63,24,39,198,10,188,24.137931034482758,9.195402298850574,14.942528735632186,75.86206896551724,3.8314176245210727,72.03065134099617
E00098472,300,70,32,38,230,12,218,23.333333333333332,10.666666666666668,12.666666666666668,76.66666666666667,4,72.66666666666667
E00098473,302,73,31,42,229,18,211,24.17218543046358,10.264900662251655,13.90728476821192,75.82781456953643,5.960264900662252,69.86754966887418
E00098474,339,69,34,35,270,17,253,20.353982300884958,10.029498525073747,10.32448377581121,79.64601769911505,5.014749262536873,74.63126843657817
E00098475,377,48,25,23,329,28,301,12.73209549071618,6.631299734748011,6.10079575596817,87.26790450928382,7.427055702917771,79.84084880636605
E00098477,355,35,5,30,320,30,290,9.859154929577464,1.4084507042253522,8.450704225352112,90.14084507042254,8.450704225352112,81.69014084507043
E00098478,364,44,20,24,320,31,289,12.087912087912088,5.4945054945054945,6.593406593406594,87.91208791208791,8.516483516483516,79.3956043956044
E00098479,278,29,7,22,249,34,215,10.431654676258994,2.5179856115107913,7.913669064748201,89.568345323741,12.23021582733813,77.33812949640287
E00098480,312,61,32,29,251,26,225,19.55128205128205,10.256410256410255,9.294871794871796,80.44871794871796,8.333333333333332,72.11538461538461
E00098481,340,38,10,28,302,39,263,11.176470588235295,2.941176470588235,8.235294117647058,88.8235294117647,11.470588235294118,77.3529411764706
E00098482,155,25,9,16,130,15,115,16.129032258064516,5.806451612903226,10.32258064516129,83.87096774193549,9.67741935483871,74.19354838709677
E00098483,364,62,26,36,302,26,276,17.032967032967033,7.142857142857142,9.89010989010989,82.96703296703298,7.142857142857142,75.82417582417582
E00098484,313,58,16,42,255,28,227,18.53035143769968,5.111821086261981,13.418530351437699,81.46964856230032,8.945686900958465,72.52396166134186
E00098485,269,47,24,23,222,22,200,17.472118959107807,8.921933085501859,8.550185873605948,82.5278810408922,8.178438661710038,74.34944237918215
E00098486,309,53,21,32,256,26,230,17.15210355987055,6.796116504854369,10.355987055016183,82.84789644012946,8.414239482200648,74.4336569579288
E00098487,327,45,14,31,282,26,256,13.761467889908257,4.281345565749235,9.480122324159021,86.23853211009175,7.951070336391437,78.2874617737003
E00098488,227,65,31,34,162,18,144,28.634361233480178,13.656387665198238,14.977973568281937,71.36563876651982,7.929515418502203,63.436123348017624
E00098489,257,30,6,24,227,36,191,11.673151750972762,2.3346303501945527,9.33852140077821,88.32684824902724,14.007782101167315,74.31906614785993
E00098490,210,41,16,25,169,17,152,19.523809523809526,7.6190476190476195,11.904761904761903,80.47619047619048,8.095238095238095,72.38095238095238
E00098491,324,54,22,32,270,30,240,16.666666666666664,6.790123456790123,9.876543209876543,83.33333333333334,9.25925925925926,74.07407407407408
E00098492,324,53,24,29,271,32,239,16.358024691358025,7.4074074074074066,8.950617283950617,83.64197530864197,9.876543209876543,73.76543209876543
E00098493,317,53,27,26,264,34,230,16.7192429022082,8.517350157728707,8.201892744479496,83.2807570977918,10.725552050473187,72.55520504731862
E00098494,376,83,44,39,293,21,272,22.074468085106382,11.702127659574469,10.372340425531915,77.92553191489363,5.585106382978723,72.3404255319149
E00098495,329,57,21,36,272,32,240,17.325227963525837,6.382978723404255,10.94224924012158,82.67477203647417,9.72644376899696,72.94832826747721
E00098496,241,42,23,19,199,22,177,17.42738589211618,9.54356846473029,7.883817427385892,82.57261410788381,9.12863070539419,73.44398340248964
E00098497,245,47,20,27,198,24,174,19.183673469387756,8.16326530612245,11.020408163265307,80.81632653061224,9.795918367346939,71.0204081632653
E00098498,341,43,13,30,298,35,263,12.609970674486803,3.812316715542522,8.797653958944283,87.3900293255132,10.263929618768328,77.12609970674487
E00098499,304,56,16,40,248,26,222,18.421052631578945,5.263157894736842,13.157894736842104,81.57894736842105,8.552631578947368,73.02631578947368
E00098500,280,62,29,33,218,30,188,22.142857142857142,10.357142857142858,11.785714285714285,77.85714285714286,10.714285714285714,67.14285714285714
E00098501,285,48,16,32,237,25,212,16.842105263157894,5.614035087719298,11.228070175438596,83.15789473684211,8.771929824561402,74.3859649122807
E00098502,215,34,13,21,181,17,164,15.813953488372093,6.046511627906977,9.767441860465116,84.18604651162791,7.906976744186046,76.27906976744187
E00098503,457,99,46,53,358,29,329,21.663019693654267,10.065645514223196,11.597374179431071,78.33698030634574,6.3457330415754925,71.99124726477024
E00098504,260,53,17,36,207,28,179,20.384615384615383,6.538461538461539,13.846153846153847,79.61538461538461,10.76923076923077,68.84615384615384
E00098505,332,80,38,42,252,18,234,24.096385542168676,11.44578313253012,12.650602409638553,75.90361445783132,5.421686746987952,70.48192771084338
E00098506,223,70,39,31,153,8,145,31.390134529147986,17.48878923766816,13.901345291479823,68.60986547085201,3.587443946188341,65.02242152466367
E00098507,268,51,16,35,217,29,188,19.029850746268657,5.970149253731343,13.059701492537313,80.97014925373134,10.820895522388058,70.1492537313433
E00165840,459,84,40,44,375,30,345,18.30065359477124,8.714596949891067,9.586056644880173,81.69934640522875,6.535947712418301,75.16339869281046
E00170711,322,44,13,31,278,15,263,13.664596273291925,4.037267080745342,9.627329192546584,86.33540372670807,4.658385093167702,81.67701863354037
E00170712,257,31,10,21,226,22,204,12.062256809338521,3.8910505836575875,8.171206225680933,87.93774319066148,8.560311284046692,79.37743190661479
E00170713,132,43,21,22,89,6,83,32.57575757575758,15.909090909090908,16.666666666666664,67.42424242424242,4.545454545454546,62.878787878787875
E00170714,221,34,9,25,187,22,165,15.384615384615385,4.072398190045249,11.312217194570136,84.61538461538461,9.95475113122172,74.6606334841629
E00170715,198,53,29,24,145,18,127,26.767676767676768,14.646464646464647,12.121212121212121,73.23232323232324,9.090909090909092,64.14141414141415
E00170716,380,46,17,29,334,28,306,12.105263157894736,4.473684210526316,7.631578947368421,87.89473684210526,7.368421052631578,80.52631578947368
E00170717,344,71,21,50,273,16,257,20.63953488372093,6.104651162790697,14.534883720930234,79.36046511627907,4.651162790697675,74.70930232558139
E00179850,277,61,20,41,216,19,197,22.021660649819495,7.2202166064981945,14.801444043321299,77.9783393501805,6.859205776173286,71.11913357400722
E00179855,201,29,15,14,172,19,153,14.427860696517413,7.462686567164178,6.965174129353234,85.57213930348259,9.45273631840796,76.11940298507463
E00179863,452,76,30,46,376,39,337,16.8141592920354,6.637168141592921,10.176991150442479,83.1858407079646,8.628318584070795,74.5575221238938
E00179864,250,38,10,28,212,12,200,15.2,4,11.200000000000001,84.8,4.8,80
E00179867,348,28,8,20,320,20,300,8.045977011494253,2.2988505747126435,5.747126436781609,91.95402298850574,5.747126436781609,86.20689655172413
E00179869,139,21,9,12,118,6,112,15.107913669064748,6.474820143884892,8.633093525179856,84.89208633093526,4.316546762589928,80.57553956834532
E00179874,480,80,49,31,400,25,375,16.666666666666664,10.208333333333334,6.458333333333334,83.33333333333334,5.208333333333334,78.125
E00179876,266,42,18,24,224,21,203,15.789473684210526,6.7669172932330826,9.022556390977442,84.21052631578947,7.894736842105263,76.31578947368422
E00179878,486,39,14,25,447,37,410,8.024691358024691,2.880658436213992,5.1440329218107,91.9753086419753,7.613168724279835,84.36213991769547
E00179889,324,35,12,23,289,30,259,10.802469135802468,3.7037037037037033,7.098765432098765,89.19753086419753,9.25925925925926,79.93827160493827
E00179890,265,42,16,26,223,27,196,15.849056603773585,6.037735849056604,9.811320754716983,84.15094339622642,10.18867924528302,73.9622641509434
E00179892,256,17,6,11,239,18,221,6.640625,2.34375,4.296875,93.359375,7.03125,86.328125
E00179893,434,38,12,26,396,36,360,8.755760368663594,2.7649769585253456,5.990783410138248,91.24423963133641,8.294930875576037,82.94930875576037
E00179895,124,24,13,11,100,10,90,19.35483870967742,10.483870967741936,8.870967741935484,80.64516129032258,8.064516129032258,72.58064516129032
E00179903,397,34,5,29,363,34,329,8.564231738035264,1.2594458438287155,7.304785894206549,91.43576826196474,8.564231738035264,82.87153652392946
E00179905,245,22,8,14,223,14,209,8.979591836734693,3.2653061224489797,5.714285714285714,91.02040816326532,5.714285714285714,85.3061224489796
E00179908,323,55,22,33,268,24,244,17.027863777089784,6.811145510835913,10.21671826625387,82.97213622291022,7.430340557275541,75.54179566563467
E00179910,502,87,35,52,415,38,377,17.330677290836654,6.97211155378486,10.358565737051793,82.66932270916335,7.569721115537849,75.0996015936255
E00179911,182,13,5,8,169,11,158,7.142857142857142,2.7472527472527473,4.395604395604396,92.85714285714286,6.043956043956044,86.81318681318682
E00179912,359,20,9,11,339,20,319,5.571030640668524,2.5069637883008355,3.064066852367688,94.42896935933148,5.571030640668524,88.85793871866295
