OA,ts0380001,ts0380002,ts0380003,ts0380004,ts0380005,ts0380006,ts0380007,ts0380002_PCT,ts0380003_PCT,ts0380004_PCT,ts0380005_PCT,ts0380006_PCT,ts0380007_PCT
E00149034,347,53,23,30,294,22,272,15.273775216138327,6.628242074927954,8.645533141210375,84.72622478386167,6.340057636887608,78.38616714697406
E00149035,384,62,29,33,322,23,299,16.145833333333336,7.552083333333333,8.59375,83.85416666666666,5.989583333333334,77.86458333333334
E00149036,270,99,43,56,171,20,151,36.666666666666664,15.925925925925927,20.74074074074074,63.33333333333333,7.4074074074074066,55.925925925925924
E00149037,282,53,19,34,229,25,204,18.79432624113475,6.73758865248227,12.056737588652481,81.20567375886525,8.865248226950355,72.3404255319149
E00149038,363,65,29,36,298,19,279,17.90633608815427,7.988980716253444,9.917355371900827,82.09366391184572,5.234159779614325,76.85950413223141
E00149039,225,60,32,28,165,19,146,26.666666666666668,14.222222222222221,12.444444444444445,73.33333333333333,8.444444444444445,64.88888888888889
E00149040,356,57,20,37,299,35,264,16.01123595505618,5.617977528089887,10.393258426966293,83.98876404494382,9.831460674157304,74.15730337078652
E00149042,284,38,16,22,246,20,226,13.380281690140844,5.633802816901409,7.746478873239436,86.61971830985915,7.042253521126761,79.5774647887324
E00149043,361,108,56,52,253,25,228,29.916897506925206,15.512465373961218,14.40443213296399,70.08310249307479,6.9252077562326875,63.1578947368421
E00149044,286,52,19,33,234,18,216,18.181818181818183,6.643356643356643,11.538461538461538,81.81818181818183,6.293706293706294,75.52447552447552
E00149045,300,65,21,44,235,30,205,21.666666666666668,7.000000000000001,14.666666666666666,78.33333333333333,10,68.33333333333333
E00149046,323,40,18,22,283,33,250,12.38390092879257,5.572755417956656,6.811145510835913,87.61609907120743,10.21671826625387,77.39938080495357
E00149048,515,72,28,44,443,41,402,13.980582524271846,5.436893203883495,8.54368932038835,86.01941747572816,7.961165048543689,78.05825242718447
E00149050,151,32,8,24,119,11,108,21.192052980132452,5.298013245033113,15.894039735099339,78.80794701986756,7.28476821192053,71.52317880794702
E00149051,415,110,64,46,305,24,281,26.506024096385545,15.421686746987953,11.08433734939759,73.49397590361446,5.783132530120482,67.71084337349397
E00149052,269,71,43,28,198,25,173,26.394052044609666,15.985130111524162,10.408921933085502,73.60594795539033,9.293680297397769,64.31226765799256
E00149053,230,29,8,21,201,12,189,12.608695652173912,3.4782608695652173,9.130434782608695,87.39130434782608,5.217391304347826,82.17391304347827
E00149054,271,59,23,36,212,27,185,21.771217712177123,8.487084870848708,13.284132841328415,78.22878228782287,9.96309963099631,68.26568265682657
E00149055,475,64,21,43,411,36,375,13.473684210526315,4.421052631578947,9.05263157894737,86.52631578947368,7.578947368421053,78.94736842105263
E00149056,322,74,25,49,248,26,222,22.981366459627328,7.763975155279502,15.217391304347828,77.01863354037268,8.074534161490684,68.94409937888199
E00149057,229,47,15,32,182,18,164,20.52401746724891,6.550218340611353,13.973799126637553,79.47598253275109,7.860262008733625,71.61572052401746
E00149058,225,61,22,39,164,19,145,27.111111111111114,9.777777777777779,17.333333333333336,72.88888888888889,8.444444444444445,64.44444444444444
E00149059,264,42,12,30,222,26,196,15.909090909090908,4.545454545454546,11.363636363636363,84.0909090909091,9.848484848484848,74.24242424242425
E00149060,111,18,4,14,93,5,88,16.216216216216218,3.6036036036036037,12.612612612612612,83.78378378378379,4.504504504504505,79.27927927927928
E00149061,447,76,31,45,371,41,330,17.002237136465325,6.935123042505594,10.06711409395973,82.99776286353467,9.172259507829978,73.8255033557047
E00149062,443,93,40,53,350,39,311,20.993227990970656,9.029345372460497,11.963882618510159,79.00677200902935,8.803611738148984,70.20316027088036
E00149063,391,63,27,36,328,28,300,16.11253196930946,6.905370843989769,9.207161125319693,83.88746803069054,7.161125319693094,76.72634271099744
E00149064,113,16,5,11,97,14,83,14.15929203539823,4.424778761061947,9.734513274336283,85.84070796460178,12.389380530973451,73.45132743362832
E00149065,235,48,14,34,187,18,169,20.425531914893615,5.957446808510639,14.468085106382977,79.57446808510639,7.659574468085106,71.91489361702128
E00149066,250,29,7,22,221,35,186,11.600000000000001,2.8000000000000003,8.799999999999999,88.4,14.000000000000002,74.4
E00149067,209,18,4,14,191,12,179,8.61244019138756,1.9138755980861244,6.698564593301436,91.38755980861244,5.741626794258373,85.64593301435407
E00149068,207,33,12,21,174,12,162,15.942028985507244,5.797101449275362,10.144927536231885,84.05797101449275,5.797101449275362,78.26086956521739
E00149069,355,44,13,31,311,33,278,12.394366197183098,3.6619718309859155,8.732394366197182,87.60563380281691,9.295774647887324,78.30985915492957
E00149070,293,46,19,27,247,31,216,15.699658703071673,6.484641638225256,9.215017064846416,84.30034129692832,10.580204778156997,73.72013651877133
E00149071,291,38,12,26,253,25,228,13.058419243986256,4.123711340206185,8.934707903780069,86.94158075601375,8.59106529209622,78.35051546391753
E00149072,238,42,19,23,196,21,175,17.647058823529413,7.9831932773109235,9.663865546218489,82.35294117647058,8.823529411764707,73.52941176470588
E00149073,424,78,30,48,346,40,306,18.39622641509434,7.0754716981132075,11.320754716981133,81.60377358490565,9.433962264150944,72.16981132075472
E00149074,423,51,15,36,372,37,335,12.056737588652481,3.546099290780142,8.51063829787234,87.94326241134752,8.747044917257684,79.19621749408984
E00149075,304,63,24,39,241,27,214,20.723684210526315,7.894736842105263,12.828947368421053,79.27631578947368,8.881578947368421,70.39473684210526
E00149076,280,47,13,34,233,29,204,16.785714285714285,4.642857142857143,12.142857142857142,83.21428571428572,10.357142857142858,72.85714285714285
E00149077,356,73,40,33,283,22,261,20.50561797752809,11.235955056179774,9.269662921348315,79.49438202247191,6.179775280898876,73.31460674157303
E00149078,270,39,10,29,231,28,203,14.444444444444443,3.7037037037037033,10.74074074074074,85.55555555555556,10.37037037037037,75.18518518518519
E00149079,289,39,11,28,250,19,231,13.494809688581316,3.8062283737024223,9.688581314878892,86.50519031141869,6.5743944636678195,79.93079584775087
E00149080,249,42,23,19,207,23,184,16.867469879518072,9.236947791164658,7.630522088353414,83.13253012048193,9.236947791164658,73.89558232931726
E00149081,262,28,8,20,234,28,206,10.687022900763358,3.0534351145038165,7.633587786259542,89.31297709923665,10.687022900763358,78.62595419847328
E00149082,284,53,16,37,231,22,209,18.661971830985916,5.633802816901409,13.028169014084506,81.33802816901408,7.746478873239436,73.59154929577466
E00149083,272,38,11,27,234,19,215,13.970588235294118,4.044117647058823,9.926470588235293,86.02941176470588,6.985294117647059,79.04411764705883
E00149084,260,52,20,32,208,23,185,20,7.6923076923076925,12.307692307692308,80,8.846153846153847,71.15384615384616
E00149085,294,47,12,35,247,19,228,15.98639455782313,4.081632653061225,11.904761904761903,84.01360544217688,6.462585034013606,77.55102040816327
E00149086,287,47,15,32,240,21,219,16.376306620209057,5.2264808362369335,11.149825783972126,83.62369337979094,7.317073170731707,76.30662020905923
E00149087,263,48,19,29,215,20,195,18.250950570342205,7.224334600760455,11.02661596958175,81.74904942965779,7.604562737642586,74.1444866920152
E00149088,275,44,12,32,231,20,211,16,4.363636363636364,11.636363636363637,84,7.2727272727272725,76.72727272727272
E00149089,217,62,28,34,155,16,139,28.57142857142857,12.903225806451612,15.668202764976957,71.42857142857143,7.373271889400922,64.0552995391705
E00149090,295,41,17,24,254,26,228,13.898305084745763,5.762711864406779,8.135593220338983,86.10169491525423,8.813559322033898,77.28813559322035
E00149091,279,41,20,21,238,18,220,14.695340501792115,7.168458781362006,7.526881720430108,85.30465949820788,6.451612903225806,78.85304659498208
E00149092,233,36,14,22,197,22,175,15.450643776824036,6.008583690987124,9.44206008583691,84.54935622317596,9.44206008583691,75.10729613733905
E00149093,269,48,19,29,221,27,194,17.843866171003718,7.063197026022305,10.780669144981413,82.15613382899627,10.037174721189592,72.11895910780669
E00149094,297,23,7,16,274,31,243,7.744107744107744,2.356902356902357,5.387205387205387,92.25589225589226,10.437710437710438,81.81818181818183
E00149095,198,53,20,33,145,17,128,26.767676767676768,10.1010101010101,16.666666666666664,73.23232323232324,8.585858585858585,64.64646464646465
E00149096,165,21,10,11,144,18,126,12.727272727272727,6.0606060606060606,6.666666666666667,87.27272727272727,10.909090909090908,76.36363636363637
E00149097,241,35,14,21,206,25,181,14.522821576763487,5.809128630705394,8.71369294605809,85.47717842323651,10.37344398340249,75.10373443983403
E00149098,271,36,9,27,235,33,202,13.284132841328415,3.3210332103321036,9.96309963099631,86.71586715867159,12.177121771217712,74.53874538745387
E00149099,296,39,13,26,257,35,222,13.175675675675674,4.391891891891892,8.783783783783784,86.82432432432432,11.824324324324325,75
E00149100,279,39,10,29,240,22,218,13.978494623655912,3.584229390681003,10.39426523297491,86.02150537634408,7.885304659498208,78.13620071684588
E00149101,236,28,12,16,208,25,183,11.864406779661017,5.084745762711865,6.779661016949152,88.13559322033898,10.59322033898305,77.54237288135593
E00149102,375,110,50,60,265,26,239,29.333333333333332,13.333333333333334,16,70.66666666666667,6.933333333333333,63.733333333333334
E00149103,328,63,28,35,265,23,242,19.20731707317073,8.536585365853659,10.670731707317072,80.79268292682927,7.01219512195122,73.78048780487805
E00149104,410,70,26,44,340,43,297,17.073170731707318,6.341463414634147,10.731707317073171,82.92682926829268,10.487804878048781,72.4390243902439
E00149105,309,45,15,30,264,31,233,14.563106796116504,4.854368932038835,9.70873786407767,85.43689320388349,10.032362459546926,75.40453074433657
E00149106,411,69,36,33,342,31,311,16.78832116788321,8.75912408759124,8.02919708029197,83.21167883211679,7.542579075425791,75.669099756691
E00149107,294,44,14,30,250,19,231,14.965986394557824,4.761904761904762,10.204081632653061,85.03401360544217,6.462585034013606,78.57142857142857
E00149108,312,49,18,31,263,25,238,15.705128205128204,5.769230769230769,9.935897435897436,84.2948717948718,8.012820512820513,76.28205128205127
E00149109,429,154,120,34,275,31,244,35.8974358974359,27.972027972027973,7.925407925407925,64.1025641025641,7.226107226107226,56.87645687645687
E00149110,415,67,28,39,348,32,316,16.14457831325301,6.746987951807229,9.397590361445783,83.855421686747,7.710843373493977,76.144578313253
E00149111,392,126,46,80,266,26,240,32.142857142857146,11.73469387755102,20.408163265306122,67.85714285714286,6.63265306122449,61.224489795918366
E00149112,337,62,20,42,275,28,247,18.397626112759642,5.934718100890208,12.462908011869436,81.60237388724035,8.30860534124629,73.29376854599407
E00149114,296,49,12,37,247,29,218,16.554054054054053,4.054054054054054,12.5,83.44594594594594,9.797297297297296,73.64864864864865
E00149116,307,56,18,38,251,22,229,18.241042345276874,5.863192182410423,12.37785016286645,81.75895765472313,7.166123778501629,74.5928338762215
E00149117,318,82,44,38,236,26,210,25.78616352201258,13.836477987421384,11.949685534591195,74.21383647798741,8.176100628930817,66.0377358490566
E00149118,131,23,8,15,108,8,100,17.557251908396946,6.106870229007633,11.450381679389313,82.44274809160305,6.106870229007633,76.33587786259542
E00149119,165,30,8,22,135,14,121,18.181818181818183,4.848484848484849,13.333333333333334,81.81818181818183,8.484848484848486,73.33333333333333
E00149120,485,81,30,51,404,35,369,16.70103092783505,6.185567010309279,10.515463917525773,83.29896907216495,7.216494845360824,76.08247422680412
E00149121,311,43,16,27,268,28,240,13.826366559485532,5.144694533762058,8.681672025723474,86.17363344051448,9.003215434083602,77.17041800643086
E00149122,131,23,8,15,108,11,97,17.557251908396946,6.106870229007633,11.450381679389313,82.44274809160305,8.396946564885496,74.04580152671755
E00149123,300,54,14,40,246,24,222,18,4.666666666666667,13.333333333333334,82,8,74
E00149124,351,54,18,36,297,33,264,15.384615384615385,5.128205128205128,10.256410256410255,84.61538461538461,9.401709401709402,75.21367521367522
E00149125,371,76,31,45,295,21,274,20.485175202156334,8.355795148247978,12.129380053908356,79.51482479784366,5.660377358490567,73.8544474393531
E00149126,335,58,17,41,277,37,240,17.313432835820898,5.074626865671641,12.238805970149254,82.68656716417911,11.044776119402986,71.64179104477611
E00149127,172,20,11,9,152,14,138,11.627906976744185,6.395348837209303,5.232558139534884,88.37209302325581,8.13953488372093,80.23255813953489
E00149128,238,37,17,20,201,14,187,15.546218487394958,7.142857142857142,8.403361344537815,84.45378151260505,5.88235294117647,78.57142857142857
E00149129,154,40,15,25,114,15,99,25.97402597402597,9.740259740259742,16.233766233766232,74.02597402597402,9.740259740259742,64.28571428571429
E00149130,349,48,19,29,301,25,276,13.753581661891118,5.444126074498568,8.30945558739255,86.24641833810888,7.163323782234957,79.08309455587393
E00149131,198,41,15,26,157,17,140,20.707070707070706,7.575757575757576,13.131313131313133,79.29292929292929,8.585858585858585,70.70707070707071
E00149132,291,76,34,42,215,22,193,26.11683848797251,11.683848797250858,14.432989690721648,73.8831615120275,7.560137457044673,66.32302405498281
E00149134,290,53,20,33,237,23,214,18.275862068965516,6.896551724137931,11.379310344827587,81.72413793103448,7.931034482758621,73.79310344827587
E00149136,276,57,20,37,219,20,199,20.652173913043477,7.246376811594203,13.405797101449277,79.34782608695652,7.246376811594203,72.10144927536231
E00149138,327,61,25,36,266,27,239,18.654434250764528,7.64525993883792,11.009174311926607,81.34556574923548,8.256880733944955,73.08868501529052
E00149139,263,52,24,28,211,19,192,19.771863117870723,9.125475285171103,10.646387832699618,80.22813688212928,7.224334600760455,73.00380228136882
E00149140,415,98,38,60,317,29,288,23.6144578313253,9.156626506024097,14.457831325301203,76.3855421686747,6.987951807228916,69.39759036144578
E00149141,317,62,20,42,255,27,228,19.558359621451103,6.309148264984227,13.249211356466878,80.4416403785489,8.517350157728707,71.92429022082018
E00149142,370,58,20,38,312,34,278,15.675675675675677,5.405405405405405,10.27027027027027,84.32432432432432,9.18918918918919,75.13513513513513
E00149143,285,53,18,35,232,23,209,18.596491228070175,6.315789473684211,12.280701754385964,81.40350877192982,8.070175438596491,73.33333333333333
E00149144,314,55,22,33,259,17,242,17.51592356687898,7.006369426751593,10.509554140127388,82.48407643312102,5.414012738853503,77.07006369426752
E00149145,249,60,24,36,189,37,152,24.096385542168676,9.63855421686747,14.457831325301203,75.90361445783132,14.859437751004014,61.044176706827315
E00149146,407,89,41,48,318,30,288,21.867321867321866,10.073710073710075,11.793611793611793,78.13267813267814,7.371007371007371,70.76167076167076
E00149147,317,43,16,27,274,13,261,13.564668769716087,5.047318611987381,8.517350157728707,86.43533123028391,4.100946372239748,82.33438485804416
E00149148,192,62,27,35,130,18,112,32.29166666666667,14.0625,18.229166666666664,67.70833333333334,9.375,58.333333333333336
E00149149,123,14,5,9,109,4,105,11.38211382113821,4.0650406504065035,7.317073170731707,88.6178861788618,3.2520325203252036,85.36585365853658
E00149150,260,65,39,26,195,20,175,25,15,10,75,7.6923076923076925,67.3076923076923
E00149151,553,56,22,34,497,42,455,10.126582278481013,3.9783001808318263,6.148282097649186,89.87341772151899,7.59493670886076,82.27848101265823
E00149152,328,35,6,29,293,27,266,10.670731707317072,1.8292682926829267,8.841463414634147,89.32926829268293,8.231707317073171,81.09756097560977
E00149154,241,37,11,26,204,25,179,15.352697095435685,4.564315352697095,10.78838174273859,84.64730290456431,10.37344398340249,74.27385892116183
E00149155,148,30,10,20,118,13,105,20.27027027027027,6.756756756756757,13.513513513513514,79.72972972972973,8.783783783783784,70.94594594594594
E00149156,517,84,33,51,433,34,399,16.247582205029012,6.382978723404255,9.864603481624759,83.752417794971,6.5764023210831715,77.17601547388782
E00149157,297,53,22,31,244,22,222,17.845117845117844,7.4074074074074066,10.437710437710438,82.15488215488216,7.4074074074074066,74.74747474747475
E00149158,313,37,14,23,276,30,246,11.821086261980831,4.472843450479233,7.348242811501597,88.17891373801918,9.584664536741213,78.59424920127796
E00149160,280,46,11,35,234,26,208,16.428571428571427,3.9285714285714284,12.5,83.57142857142857,9.285714285714286,74.28571428571429
E00149161,573,82,22,60,491,36,455,14.31064572425829,3.8394415357766145,10.471204188481675,85.68935427574172,6.282722513089005,79.40663176265271
E00149162,274,45,11,34,229,26,203,16.423357664233578,4.014598540145985,12.408759124087592,83.57664233576642,9.48905109489051,74.08759124087592
E00149163,243,44,19,25,199,10,189,18.106995884773664,7.818930041152264,10.2880658436214,81.89300411522635,4.11522633744856,77.77777777777779
E00149164,337,67,28,39,270,26,244,19.881305637982198,8.30860534124629,11.572700296735905,80.1186943620178,7.71513353115727,72.40356083086054
E00149165,191,35,11,24,156,9,147,18.32460732984293,5.7591623036649215,12.56544502617801,81.67539267015707,4.712041884816754,76.96335078534031
E00149166,325,80,31,49,245,33,212,24.615384615384617,9.538461538461538,15.076923076923077,75.38461538461539,10.153846153846153,65.23076923076923
E00149167,328,53,18,35,275,24,251,16.158536585365855,5.487804878048781,10.670731707317072,83.84146341463415,7.317073170731707,76.52439024390245
E00149168,356,52,17,35,304,39,265,14.606741573033707,4.775280898876404,9.831460674157304,85.39325842696628,10.955056179775282,74.43820224719101
E00149169,361,45,17,28,316,25,291,12.465373961218837,4.7091412742382275,7.756232686980609,87.53462603878116,6.9252077562326875,80.60941828254848
E00149170,284,31,14,17,253,25,228,10.915492957746478,4.929577464788732,5.985915492957746,89.08450704225352,8.80281690140845,80.28169014084507
E00149171,274,39,13,26,235,28,207,14.233576642335766,4.744525547445255,9.48905109489051,85.76642335766424,10.218978102189782,75.54744525547446
E00149172,210,51,25,26,159,19,140,24.285714285714285,11.904761904761903,12.380952380952381,75.71428571428571,9.047619047619047,66.66666666666666
E00149173,298,65,24,41,233,17,216,21.812080536912752,8.053691275167784,13.758389261744966,78.18791946308725,5.704697986577181,72.48322147651007
E00149174,211,46,22,24,165,13,152,21.80094786729858,10.42654028436019,11.374407582938389,78.19905213270142,6.161137440758294,72.03791469194313
E00149175,264,53,24,29,211,24,187,20.075757575757574,9.090909090909092,10.984848484848484,79.92424242424242,9.090909090909092,70.83333333333334
E00149176,393,81,26,55,312,22,290,20.610687022900763,6.615776081424936,13.994910941475828,79.38931297709924,5.597964376590331,73.79134860050891
E00149177,231,65,31,34,166,10,156,28.13852813852814,13.41991341991342,14.71861471861472,71.86147186147186,4.329004329004329,67.53246753246754
E00149178,323,66,22,44,257,14,243,20.43343653250774,6.811145510835913,13.622291021671826,79.56656346749226,4.3343653250774,75.23219814241486
E00149179,285,68,25,43,217,18,199,23.859649122807017,8.771929824561402,15.087719298245613,76.14035087719299,6.315789473684211,69.82456140350877
E00149180,241,40,15,25,201,22,179,16.59751037344398,6.224066390041494,10.37344398340249,83.40248962655602,9.12863070539419,74.27385892116183
E00149181,237,23,8,15,214,23,191,9.70464135021097,3.375527426160337,6.329113924050633,90.29535864978902,9.70464135021097,80.59071729957806
E00149182,289,48,15,33,241,25,216,16.608996539792386,5.190311418685121,11.418685121107266,83.39100346020761,8.650519031141869,74.74048442906575
E00149183,291,71,30,41,220,20,200,24.398625429553263,10.309278350515463,14.0893470790378,75.60137457044674,6.872852233676976,68.72852233676976
E00149184,222,43,21,22,179,21,158,19.36936936936937,9.45945945945946,9.90990990990991,80.63063063063063,9.45945945945946,71.17117117117117
E00149185,365,65,20,45,300,31,269,17.80821917808219,5.47945205479452,12.32876712328767,82.1917808219178,8.493150684931507,73.6986301369863
E00149186,266,116,59,57,150,10,140,43.609022556390975,22.18045112781955,21.428571428571427,56.390977443609025,3.7593984962406015,52.63157894736842
E00149187,230,37,15,22,193,19,174,16.08695652173913,6.521739130434782,9.565217391304348,83.91304347826087,8.26086956521739,75.65217391304347
E00149188,426,70,29,41,356,37,319,16.431924882629108,6.807511737089202,9.624413145539906,83.56807511737088,8.685446009389672,74.88262910798123
E00149189,325,52,21,31,273,15,258,16,6.461538461538462,9.538461538461538,84,4.615384615384616,79.38461538461539
E00149190,227,56,22,34,171,13,158,24.669603524229075,9.691629955947137,14.977973568281937,75.33039647577093,5.726872246696035,69.60352422907489
E00149191,267,59,24,35,208,22,186,22.09737827715356,8.98876404494382,13.108614232209737,77.90262172284645,8.239700374531834,69.66292134831461
E00149193,360,62,23,39,298,20,278,17.22222222222222,6.388888888888888,10.833333333333334,82.77777777777777,5.555555555555555,77.22222222222223
E00149194,538,114,45,69,424,37,387,21.189591078066915,8.364312267657994,12.825278810408921,78.81040892193309,6.877323420074349,71.93308550185874
E00149196,287,60,25,35,227,25,202,20.905923344947734,8.710801393728223,12.195121951219512,79.09407665505228,8.710801393728223,70.38327526132404
E00149199,354,55,18,37,299,30,269,15.53672316384181,5.084745762711865,10.451977401129943,84.4632768361582,8.47457627118644,75.98870056497175
E00149200,320,53,16,37,267,21,246,16.5625,5,11.5625,83.4375,6.5625,76.875
E00149202,324,39,9,30,285,25,260,12.037037037037036,2.7777777777777777,9.25925925925926,87.96296296296296,7.716049382716049,80.24691358024691
E00149203,166,61,32,29,105,18,87,36.74698795180723,19.27710843373494,17.46987951807229,63.25301204819277,10.843373493975903,52.40963855421686
E00149204,256,40,12,28,216,19,197,15.625,4.6875,10.9375,84.375,7.421875,76.953125
E00149205,401,62,20,42,339,23,316,15.46134663341646,4.987531172069826,10.473815461346634,84.53865336658353,5.7356608478802995,78.80299251870323
E00149206,273,51,13,38,222,19,203,18.681318681318682,4.761904761904762,13.91941391941392,81.31868131868131,6.95970695970696,74.35897435897436
E00149207,376,50,23,27,326,24,302,13.297872340425531,6.117021276595745,7.180851063829788,86.70212765957447,6.382978723404255,80.31914893617021
E00149208,375,66,24,42,309,40,269,17.599999999999998,6.4,11.200000000000001,82.39999999999999,10.666666666666668,71.73333333333333
E00149209,268,62,33,29,206,16,190,23.134328358208954,12.313432835820896,10.820895522388058,76.86567164179104,5.970149253731343,70.8955223880597
E00149210,262,56,11,45,206,21,185,21.374045801526716,4.198473282442748,17.17557251908397,78.62595419847328,8.015267175572518,70.61068702290076
E00149211,305,54,13,41,251,35,216,17.704918032786885,4.2622950819672125,13.442622950819672,82.29508196721311,11.475409836065573,70.81967213114754
E00149212,290,36,11,25,254,24,230,12.413793103448276,3.793103448275862,8.620689655172415,87.58620689655172,8.275862068965518,79.3103448275862
E00149213,263,25,8,17,238,27,211,9.505703422053232,3.041825095057034,6.4638783269961975,90.49429657794677,10.26615969581749,80.22813688212928
E00149214,283,42,13,29,241,19,222,14.840989399293287,4.593639575971731,10.247349823321555,85.15901060070671,6.713780918727916,78.4452296819788
E00149215,287,57,16,41,230,31,199,19.860627177700348,5.574912891986063,14.285714285714285,80.13937282229965,10.801393728222997,69.33797909407666
E00149216,237,41,12,29,196,10,186,17.29957805907173,5.063291139240507,12.236286919831224,82.70042194092827,4.219409282700422,78.48101265822784
E00149217,290,52,24,28,238,27,211,17.93103448275862,8.275862068965518,9.655172413793103,82.06896551724138,9.310344827586208,72.75862068965517
E00149218,430,69,20,49,361,39,322,16.046511627906977,4.651162790697675,11.395348837209303,83.95348837209302,9.069767441860465,74.88372093023256
E00149219,313,49,17,32,264,17,247,15.654952076677317,5.431309904153355,10.223642172523961,84.34504792332268,5.431309904153355,78.91373801916933
E00149220,271,39,15,24,232,29,203,14.391143911439114,5.535055350553505,8.856088560885608,85.60885608856088,10.70110701107011,74.90774907749078
E00149221,296,52,17,35,244,32,212,17.56756756756757,5.743243243243244,11.824324324324325,82.43243243243244,10.81081081081081,71.62162162162163
E00149222,304,58,17,41,246,29,217,19.078947368421055,5.592105263157895,13.486842105263158,80.92105263157895,9.539473684210527,71.38157894736842
E00149223,276,58,27,31,218,31,187,21.014492753623188,9.782608695652174,11.231884057971014,78.98550724637681,11.231884057971014,67.7536231884058
E00149224,275,50,21,29,225,19,206,18.181818181818183,7.636363636363637,10.545454545454545,81.81818181818183,6.909090909090909,74.90909090909092
E00149225,298,57,23,34,241,20,221,19.12751677852349,7.718120805369128,11.409395973154362,80.87248322147651,6.7114093959731544,74.16107382550335
E00149226,354,43,14,29,311,27,284,12.146892655367232,3.954802259887006,8.192090395480225,87.85310734463276,7.627118644067797,80.22598870056498
E00149227,384,54,21,33,330,42,288,14.0625,5.46875,8.59375,85.9375,10.9375,75
E00149228,271,36,16,20,235,15,220,13.284132841328415,5.904059040590406,7.380073800738007,86.71586715867159,5.535055350553505,81.18081180811808
E00149229,338,68,28,40,270,23,247,20.118343195266274,8.284023668639055,11.834319526627219,79.88165680473372,6.8047337278106506,73.07692307692307
E00149230,327,61,29,32,266,16,250,18.654434250764528,8.868501529051988,9.785932721712538,81.34556574923548,4.892966360856269,76.45259938837921
E00149231,322,64,24,40,258,21,237,19.875776397515526,7.453416149068323,12.422360248447205,80.12422360248446,6.521739130434782,73.6024844720497
E00149232,267,45,14,31,222,20,202,16.853932584269664,5.2434456928838955,11.610486891385769,83.14606741573034,7.490636704119851,75.65543071161048
E00149233,320,49,14,35,271,25,246,15.312500000000002,4.375,10.9375,84.6875,7.8125,76.875
E00149234,313,61,28,33,252,20,232,19.488817891373802,8.945686900958465,10.543130990415335,80.5111821086262,6.3897763578274756,74.12140575079871
E00149235,307,96,45,51,211,23,188,31.27035830618892,14.65798045602606,16.612377850162865,68.72964169381108,7.491856677524431,61.23778501628665
E00149236,169,38,17,21,131,18,113,22.485207100591715,10.059171597633137,12.42603550295858,77.51479289940828,10.650887573964498,66.86390532544378
E00149237,287,51,26,25,236,16,220,17.770034843205575,9.059233449477352,8.710801393728223,82.22996515679442,5.574912891986063,76.65505226480836
E00149238,213,46,17,29,167,16,151,21.5962441314554,7.981220657276995,13.615023474178404,78.40375586854461,7.511737089201878,70.89201877934272
E00149239,410,103,34,69,307,20,287,25.121951219512194,8.292682926829269,16.82926829268293,74.8780487804878,4.878048780487805,70
E00149241,214,14,4,10,200,16,184,6.5420560747663545,1.8691588785046727,4.672897196261682,93.45794392523365,7.476635514018691,85.98130841121495
E00149242,270,36,11,25,234,19,215,13.333333333333334,4.074074074074074,9.25925925925926,86.66666666666667,7.037037037037037,79.62962962962963
E00149243,342,97,43,54,245,15,230,28.362573099415204,12.573099415204677,15.789473684210526,71.6374269005848,4.385964912280701,67.2514619883041
E00149244,244,56,12,44,188,9,179,22.950819672131146,4.918032786885246,18.0327868852459,77.04918032786885,3.6885245901639343,73.36065573770492
E00149245,337,72,36,36,265,13,252,21.364985163204746,10.682492581602373,10.682492581602373,78.63501483679525,3.857566765578635,74.77744807121661
E00149246,285,59,28,31,226,23,203,20.701754385964914,9.824561403508772,10.87719298245614,79.2982456140351,8.070175438596491,71.2280701754386
E00149247,248,63,26,37,185,18,167,25.403225806451612,10.483870967741936,14.919354838709678,74.59677419354838,7.258064516129033,67.33870967741935
E00149248,303,75,46,29,228,21,207,24.752475247524753,15.181518151815181,9.570957095709572,75.24752475247524,6.9306930693069315,68.31683168316832
E00149249,388,79,23,56,309,21,288,20.36082474226804,5.927835051546391,14.432989690721648,79.63917525773195,5.412371134020619,74.22680412371135
E00149250,332,86,47,39,246,22,224,25.903614457831324,14.156626506024098,11.74698795180723,74.09638554216868,6.626506024096386,67.46987951807229
E00149251,299,56,16,40,243,36,207,18.729096989966553,5.351170568561873,13.377926421404682,81.27090301003345,12.040133779264215,69.23076923076923
E00149252,330,53,21,32,277,41,236,16.060606060606062,6.363636363636363,9.696969696969697,83.93939393939394,12.424242424242424,71.51515151515152
E00149253,247,50,27,23,197,25,172,20.242914979757085,10.931174089068826,9.31174089068826,79.75708502024291,10.121457489878543,69.63562753036437
E00149255,300,47,14,33,253,24,229,15.666666666666668,4.666666666666667,11,84.33333333333334,8,76.33333333333333
E00149256,253,44,14,30,209,18,191,17.391304347826086,5.533596837944664,11.857707509881422,82.6086956521739,7.114624505928854,75.49407114624506
E00149257,289,27,13,14,262,19,243,9.342560553633218,4.498269896193772,4.844290657439446,90.65743944636678,6.5743944636678195,84.08304498269896
E00149258,287,33,12,21,254,21,233,11.498257839721255,4.181184668989547,7.317073170731707,88.50174216027874,7.317073170731707,81.18466898954703
E00149259,523,71,35,36,452,24,428,13.575525812619501,6.692160611854685,6.8833652007648185,86.4244741873805,4.588910133843212,81.83556405353728
E00149260,187,27,7,20,160,9,151,14.43850267379679,3.7433155080213902,10.695187165775401,85.56149732620321,4.81283422459893,80.74866310160428
E00149261,279,50,22,28,229,7,222,17.921146953405017,7.885304659498208,10.03584229390681,82.07885304659499,2.5089605734767026,79.56989247311827
E00149262,278,79,36,43,199,21,178,28.41726618705036,12.949640287769784,15.467625899280577,71.58273381294964,7.553956834532374,64.02877697841727
E00149263,255,65,36,29,190,29,161,25.49019607843137,14.117647058823529,11.372549019607844,74.50980392156863,11.372549019607844,63.13725490196078
E00149264,291,51,15,36,240,28,212,17.525773195876287,5.154639175257731,12.371134020618557,82.4742268041237,9.621993127147768,72.85223367697594
E00149265,281,59,30,29,222,17,205,20.99644128113879,10.676156583629894,10.320284697508896,79.00355871886121,6.049822064056939,72.95373665480427
E00149266,245,57,23,34,188,21,167,23.26530612244898,9.387755102040817,13.877551020408163,76.73469387755102,8.571428571428571,68.16326530612244
E00149267,311,64,32,32,247,16,231,20.578778135048232,10.289389067524116,10.289389067524116,79.42122186495176,5.144694533762058,74.27652733118971
E00149268,218,77,22,55,141,18,123,35.321100917431195,10.091743119266056,25.229357798165136,64.6788990825688,8.256880733944955,56.42201834862385
E00149269,291,63,26,37,228,13,215,21.649484536082475,8.934707903780069,12.714776632302405,78.35051546391753,4.4673539518900345,73.8831615120275
E00149270,319,76,36,40,243,22,221,23.824451410658305,11.285266457680251,12.539184952978054,76.17554858934169,6.896551724137931,69.27899686520375
E00149271,272,75,42,33,197,14,183,27.573529411764707,15.441176470588236,12.132352941176471,72.42647058823529,5.147058823529411,67.27941176470588
E00149272,299,67,40,27,232,27,205,22.40802675585284,13.377926421404682,9.03010033444816,77.59197324414716,9.03010033444816,68.56187290969899
E00149273,286,41,12,29,245,23,222,14.335664335664337,4.195804195804196,10.13986013986014,85.66433566433567,8.041958041958042,77.62237762237763
E00149275,255,38,11,27,217,21,196,14.901960784313726,4.313725490196078,10.588235294117647,85.09803921568627,8.235294117647058,76.86274509803923
E00149276,387,74,27,47,313,20,293,19.12144702842377,6.976744186046512,12.144702842377262,80.87855297157623,5.167958656330749,75.71059431524549
E00149279,304,64,24,40,240,15,225,21.052631578947366,7.894736842105263,13.157894736842104,78.94736842105263,4.934210526315789,74.01315789473685
E00149280,307,70,36,34,237,20,217,22.80130293159609,11.726384364820847,11.074918566775244,77.19869706840392,6.514657980456026,70.68403908794788
E00149281,419,96,62,34,323,34,289,22.911694510739856,14.797136038186157,8.1145584725537,77.08830548926015,8.1145584725537,68.97374701670644
E00149282,251,53,26,27,198,20,178,21.115537848605577,10.358565737051793,10.756972111553784,78.88446215139442,7.968127490039841,70.91633466135458
E00149283,319,83,43,40,236,23,213,26.01880877742947,13.479623824451412,12.539184952978054,73.98119122257053,7.210031347962382,66.77115987460816
E00149284,250,44,17,27,206,22,184,17.599999999999998,6.800000000000001,10.8,82.39999999999999,8.799999999999999,73.6
E00149285,379,102,49,53,277,37,240,26.912928759894463,12.928759894459102,13.984168865435356,73.08707124010554,9.762532981530343,63.3245382585752
E00149287,323,43,22,21,280,15,265,13.312693498452013,6.811145510835913,6.5015479876160995,86.687306501548,4.643962848297214,82.04334365325077
E00149288,270,55,23,32,215,21,194,20.37037037037037,8.518518518518519,11.851851851851853,79.62962962962963,7.777777777777778,71.85185185185186
E00149289,218,53,25,28,165,14,151,24.31192660550459,11.46788990825688,12.844036697247708,75.68807339449542,6.422018348623854,69.26605504587155
E00149290,299,47,13,34,252,27,225,15.719063545150503,4.3478260869565215,11.37123745819398,84.2809364548495,9.03010033444816,75.25083612040135
E00149291,289,39,14,25,250,20,230,13.494809688581316,4.844290657439446,8.650519031141869,86.50519031141869,6.920415224913495,79.58477508650519
E00149292,275,38,14,24,237,29,208,13.818181818181818,5.090909090909091,8.727272727272728,86.18181818181819,10.545454545454545,75.63636363636364
E00149295,299,47,15,32,252,30,222,15.719063545150503,5.016722408026756,10.702341137123746,84.2809364548495,10.033444816053512,74.24749163879598
E00149296,293,43,16,27,250,23,227,14.675767918088736,5.460750853242321,9.215017064846416,85.32423208191126,7.849829351535837,77.47440273037543
E00149297,354,72,29,43,282,45,237,20.33898305084746,8.192090395480225,12.146892655367232,79.66101694915254,12.711864406779661,66.94915254237289
E00149298,206,45,21,24,161,13,148,21.844660194174757,10.194174757281553,11.650485436893204,78.15533980582524,6.310679611650485,71.84466019417476
E00149299,292,35,12,23,257,25,232,11.986301369863012,4.10958904109589,7.876712328767123,88.01369863013699,8.561643835616438,79.45205479452055
E00149300,284,46,19,27,238,24,214,16.19718309859155,6.690140845070422,9.507042253521126,83.80281690140845,8.450704225352112,75.35211267605634
E00149301,298,89,50,39,209,15,194,29.86577181208054,16.778523489932887,13.087248322147651,70.13422818791946,5.033557046979865,65.1006711409396
E00149302,288,52,20,32,236,25,211,18.055555555555554,6.944444444444445,11.11111111111111,81.94444444444444,8.680555555555555,73.26388888888889
E00149303,278,76,31,45,202,22,180,27.33812949640288,11.151079136690647,16.18705035971223,72.66187050359713,7.913669064748201,64.74820143884892
E00149304,294,54,16,38,240,29,211,18.367346938775512,5.442176870748299,12.925170068027212,81.63265306122449,9.863945578231291,71.7687074829932
E00149305,290,80,35,45,210,31,179,27.586206896551722,12.068965517241379,15.517241379310345,72.41379310344827,10.689655172413794,61.724137931034484
E00149306,312,86,34,52,226,21,205,27.564102564102566,10.897435897435898,16.666666666666664,72.43589743589743,6.730769230769231,65.7051282051282
E00149307,257,89,49,40,168,25,143,34.63035019455253,19.06614785992218,15.56420233463035,65.36964980544747,9.72762645914397,55.6420233463035
E00149308,278,64,39,25,214,22,192,23.021582733812952,14.028776978417264,8.992805755395683,76.97841726618705,7.913669064748201,69.06474820143885
E00149309,279,43,18,25,236,25,211,15.412186379928317,6.451612903225806,8.960573476702509,84.58781362007169,8.960573476702509,75.62724014336918
E00149310,288,59,33,26,229,20,209,20.48611111111111,11.458333333333332,9.027777777777777,79.51388888888889,6.944444444444445,72.56944444444444
E00149311,258,63,30,33,195,19,176,24.418604651162788,11.627906976744185,12.790697674418606,75.5813953488372,7.3643410852713185,68.21705426356588
E00149312,233,48,19,29,185,27,158,20.600858369098713,8.15450643776824,12.446351931330472,79.39914163090128,11.587982832618025,67.81115879828327
E00149313,238,55,32,23,183,20,163,23.10924369747899,13.445378151260504,9.663865546218489,76.89075630252101,8.403361344537815,68.4873949579832
E00149314,275,57,27,30,218,19,199,20.727272727272727,9.818181818181818,10.909090909090908,79.27272727272727,6.909090909090909,72.36363636363636
E00149315,269,51,20,31,218,20,198,18.95910780669145,7.434944237918216,11.524163568773234,81.04089219330855,7.434944237918216,73.60594795539033
E00149316,279,70,36,34,209,23,186,25.089605734767023,12.903225806451612,12.186379928315413,74.91039426523297,8.24372759856631,66.66666666666666
E00149317,391,155,105,50,236,24,212,39.64194373401534,26.854219948849106,12.787723785166241,60.35805626598465,6.138107416879795,54.21994884910486
E00149318,238,46,16,30,192,21,171,19.327731092436977,6.722689075630252,12.605042016806722,80.67226890756302,8.823529411764707,71.84873949579831
E00149319,288,41,11,30,247,26,221,14.23611111111111,3.8194444444444446,10.416666666666668,85.76388888888889,9.027777777777777,76.73611111111111
E00149320,268,61,25,36,207,27,180,22.761194029850746,9.328358208955224,13.432835820895523,77.23880597014924,10.074626865671641,67.16417910447761
E00149321,344,50,18,32,294,24,270,14.534883720930234,5.232558139534884,9.30232558139535,85.46511627906976,6.976744186046512,78.48837209302324
E00149322,442,67,24,43,375,40,335,15.158371040723981,5.429864253393665,9.728506787330318,84.84162895927602,9.049773755656108,75.7918552036199
E00149323,248,32,9,23,216,14,202,12.903225806451612,3.6290322580645165,9.274193548387096,87.09677419354838,5.64516129032258,81.45161290322581
E00149324,345,46,18,28,299,29,270,13.333333333333334,5.217391304347826,8.115942028985506,86.66666666666667,8.405797101449275,78.26086956521739
E00149325,416,82,27,55,334,32,302,19.71153846153846,6.490384615384616,13.221153846153847,80.28846153846155,7.6923076923076925,72.59615384615384
E00149326,298,58,23,35,240,27,213,19.463087248322147,7.718120805369128,11.74496644295302,80.53691275167785,9.060402684563758,71.47651006711409
E00149327,320,44,13,31,276,33,243,13.750000000000002,4.0625,9.6875,86.25,10.3125,75.9375
E00149329,326,85,34,51,241,22,219,26.07361963190184,10.429447852760736,15.644171779141105,73.92638036809815,6.748466257668712,67.17791411042946
E00149330,200,60,38,22,140,26,114,30,19,11,70,13,56.99999999999999
E00149331,269,67,32,35,202,16,186,24.907063197026023,11.895910780669144,13.011152416356877,75.09293680297398,5.947955390334572,69.14498141263941
E00149332,316,42,15,27,274,28,246,13.291139240506327,4.746835443037975,8.544303797468354,86.70886075949366,8.860759493670885,77.84810126582279
E00149333,307,84,43,41,223,21,202,27.36156351791531,14.006514657980457,13.355048859934854,72.63843648208469,6.840390879478828,65.79804560260585
E00149334,311,60,25,35,251,20,231,19.292604501607716,8.038585209003216,11.254019292604502,80.70739549839229,6.430868167202572,74.27652733118971
E00149335,360,47,16,31,313,20,293,13.055555555555557,4.444444444444445,8.61111111111111,86.94444444444444,5.555555555555555,81.38888888888889
E00149336,367,104,37,67,263,35,228,28.337874659400548,10.08174386920981,18.256130790190735,71.66212534059946,9.536784741144414,62.125340599455036
E00149337,291,52,23,29,239,26,213,17.869415807560138,7.903780068728522,9.965635738831615,82.13058419243985,8.934707903780069,73.19587628865979
E00149338,269,41,11,30,228,26,202,15.241635687732341,4.089219330855019,11.152416356877323,84.75836431226766,9.66542750929368,75.09293680297398
E00149339,296,44,15,29,252,33,219,14.864864864864865,5.0675675675675675,9.797297297297296,85.13513513513513,11.14864864864865,73.98648648648648
E00149340,308,69,22,47,239,21,218,22.4025974025974,7.142857142857142,15.259740259740258,77.59740259740259,6.8181818181818175,70.77922077922078
E00149342,401,100,51,49,301,22,279,24.93765586034913,12.718204488778055,12.219451371571072,75.06234413965088,5.486284289276807,69.57605985037407
E00149343,275,124,72,52,151,11,140,45.09090909090909,26.181818181818183,18.90909090909091,54.90909090909091,4,50.90909090909091
E00149344,279,53,20,33,226,20,206,18.996415770609318,7.168458781362006,11.827956989247312,81.00358422939068,7.168458781362006,73.83512544802868
E00149345,233,54,24,30,179,15,164,23.17596566523605,10.300429184549357,12.875536480686694,76.82403433476395,6.437768240343347,70.3862660944206
E00149346,273,47,13,34,226,29,197,17.216117216117215,4.761904761904762,12.454212454212454,82.78388278388277,10.622710622710622,72.16117216117216
E00149347,296,62,26,36,234,26,208,20.945945945945947,8.783783783783784,12.162162162162163,79.05405405405406,8.783783783783784,70.27027027027027
E00149348,325,58,21,37,267,24,243,17.846153846153847,6.461538461538462,11.384615384615385,82.15384615384616,7.384615384615385,74.76923076923076
E00149349,257,44,17,27,213,18,195,17.120622568093385,6.614785992217899,10.505836575875486,82.87937743190662,7.003891050583658,75.87548638132296
E00149350,306,41,12,29,265,16,249,13.398692810457517,3.9215686274509802,9.477124183006536,86.60130718954248,5.228758169934641,81.37254901960785
E00149352,427,65,30,35,362,29,333,15.22248243559719,7.02576112412178,8.19672131147541,84.77751756440281,6.791569086651054,77.98594847775175
E00149353,490,102,45,57,388,40,348,20.816326530612244,9.183673469387756,11.63265306122449,79.18367346938776,8.16326530612245,71.0204081632653
E00149354,388,61,14,47,327,29,298,15.721649484536082,3.608247422680412,12.11340206185567,84.27835051546391,7.474226804123711,76.80412371134021
E00149355,277,57,18,39,220,28,192,20.577617328519857,6.4981949458483745,14.079422382671481,79.42238267148014,10.108303249097473,69.31407942238266
E00149356,230,51,20,31,179,27,152,22.17391304347826,8.695652173913043,13.478260869565217,77.82608695652173,11.73913043478261,66.08695652173913
E00149357,264,47,12,35,217,26,191,17.803030303030305,4.545454545454546,13.257575757575758,82.1969696969697,9.848484848484848,72.34848484848484
E00149358,314,53,12,41,261,34,227,16.878980891719745,3.821656050955414,13.05732484076433,83.12101910828027,10.828025477707007,72.29299363057325
E00149359,282,35,8,27,247,31,216,12.411347517730496,2.8368794326241136,9.574468085106384,87.58865248226951,10.99290780141844,76.59574468085107
E00149360,286,39,13,26,247,26,221,13.636363636363635,4.545454545454546,9.090909090909092,86.36363636363636,9.090909090909092,77.27272727272727
E00149361,258,50,18,32,208,16,192,19.379844961240313,6.976744186046512,12.4031007751938,80.62015503875969,6.2015503875969,74.4186046511628
E00149362,235,60,27,33,175,24,151,25.53191489361702,11.48936170212766,14.042553191489363,74.46808510638297,10.212765957446807,64.25531914893618
E00149363,561,127,52,75,434,35,399,22.63814616755793,9.269162210338681,13.368983957219251,77.36185383244207,6.23885918003565,71.12299465240642
E00149364,259,52,17,35,207,22,185,20.077220077220076,6.563706563706563,13.513513513513514,79.92277992277992,8.494208494208493,71.42857142857143
E00149365,251,57,23,34,194,17,177,22.709163346613543,9.163346613545817,13.545816733067728,77.29083665338645,6.772908366533864,70.5179282868526
E00149366,284,54,27,27,230,27,203,19.014084507042252,9.507042253521126,9.507042253521126,80.98591549295774,9.507042253521126,71.47887323943662
E00149367,280,86,39,47,194,26,168,30.714285714285715,13.928571428571429,16.785714285714285,69.28571428571428,9.285714285714286,60
E00149368,346,71,26,45,275,25,250,20.520231213872833,7.514450867052023,13.005780346820808,79.47976878612717,7.225433526011561,72.25433526011561
E00149369,302,69,29,40,233,19,214,22.8476821192053,9.602649006622517,13.245033112582782,77.15231788079471,6.291390728476822,70.86092715231787
E00149370,291,43,17,26,248,36,212,14.776632302405499,5.841924398625429,8.934707903780069,85.2233676975945,12.371134020618557,72.85223367697594
E00149371,342,53,21,32,289,32,257,15.497076023391813,6.140350877192982,9.35672514619883,84.50292397660819,9.35672514619883,75.14619883040936
E00149372,471,73,25,48,398,34,364,15.498938428874734,5.3078556263269645,10.191082802547772,84.50106157112526,7.218683651804671,77.2823779193206
E00149374,282,32,5,27,250,20,230,11.347517730496454,1.773049645390071,9.574468085106384,88.65248226950354,7.092198581560284,81.56028368794325
E00149375,269,34,10,24,235,23,212,12.639405204460965,3.717472118959108,8.921933085501859,87.36059479553904,8.550185873605948,78.81040892193309
E00149376,458,53,18,35,405,37,368,11.572052401746726,3.9301310043668125,7.641921397379912,88.42794759825327,8.078602620087336,80.34934497816593
E00149377,367,55,17,38,312,28,284,14.986376021798364,4.632152588555858,10.354223433242508,85.01362397820164,7.629427792915531,77.3841961852861
E00149378,495,71,27,44,424,39,385,14.343434343434344,5.454545454545454,8.88888888888889,85.65656565656565,7.878787878787878,77.77777777777779
E00149379,350,38,18,20,312,16,296,10.857142857142858,5.142857142857142,5.714285714285714,89.14285714285714,4.571428571428571,84.57142857142857
E00149381,425,52,17,35,373,46,327,12.23529411764706,4,8.235294117647058,87.76470588235294,10.823529411764705,76.94117647058823
E00149383,271,58,22,36,213,14,199,21.40221402214022,8.118081180811808,13.284132841328415,78.59778597785979,5.166051660516605,73.43173431734317
E00149384,539,65,20,45,474,32,442,12.059369202226346,3.710575139146568,8.348794063079778,87.94063079777365,5.936920222634509,82.00371057513914
E00149385,207,33,7,26,174,12,162,15.942028985507244,3.3816425120772946,12.560386473429952,84.05797101449275,5.797101449275362,78.26086956521739
E00149386,168,29,10,19,139,10,129,17.261904761904763,5.952380952380952,11.30952380952381,82.73809523809523,5.952380952380952,76.78571428571429
E00149387,312,39,14,25,273,15,258,12.5,4.487179487179487,8.012820512820513,87.5,4.807692307692308,82.6923076923077
E00149388,311,35,7,28,276,28,248,11.254019292604502,2.2508038585209005,9.003215434083602,88.7459807073955,9.003215434083602,79.7427652733119
E00149389,317,55,21,34,262,29,233,17.350157728706623,6.624605678233439,10.725552050473187,82.64984227129337,9.14826498422713,73.50157728706624
E00149390,246,44,18,26,202,24,178,17.88617886178862,7.317073170731707,10.569105691056912,82.11382113821138,9.75609756097561,72.35772357723577
E00149391,348,58,23,35,290,27,263,16.666666666666664,6.609195402298851,10.057471264367816,83.33333333333334,7.758620689655173,75.57471264367817
E00149392,399,68,28,40,331,23,308,17.042606516290725,7.017543859649122,10.025062656641603,82.95739348370927,5.764411027568922,77.19298245614034
E00149393,344,49,13,36,295,36,259,14.244186046511627,3.77906976744186,10.465116279069768,85.75581395348837,10.465116279069768,75.29069767441861
E00149394,421,149,74,75,272,33,239,35.39192399049881,17.577197149643705,17.81472684085511,64.60807600950119,7.8384798099762465,56.76959619952494
E00149395,439,92,32,60,347,39,308,20.956719817767656,7.289293849658314,13.66742596810934,79.04328018223235,8.88382687927107,70.15945330296127
E00149396,288,53,17,36,235,19,216,18.40277777777778,5.902777777777778,12.5,81.59722222222221,6.597222222222222,75
E00149397,263,38,11,27,225,26,199,14.44866920152091,4.182509505703422,10.26615969581749,85.55133079847909,9.885931558935361,75.66539923954373
E00149399,252,79,35,44,173,21,152,31.349206349206348,13.88888888888889,17.46031746031746,68.65079365079364,8.333333333333332,60.317460317460316
E00149400,307,64,30,34,243,30,213,20.846905537459286,9.77198697068404,11.074918566775244,79.15309446254072,9.77198697068404,69.38110749185668
E00149401,170,44,14,30,126,16,110,25.882352941176475,8.235294117647058,17.647058823529413,74.11764705882354,9.411764705882353,64.70588235294117
E00149402,317,87,29,58,230,32,198,27.444794952681388,9.14826498422713,18.29652996845426,72.55520504731862,10.094637223974763,62.46056782334385
E00149403,396,120,61,59,276,23,253,30.303030303030305,15.404040404040403,14.898989898989898,69.6969696969697,5.808080808080808,63.888888888888886
E00149404,322,57,20,37,265,26,239,17.70186335403727,6.211180124223603,11.490683229813664,82.29813664596274,8.074534161490684,74.22360248447205
E00149405,264,65,31,34,199,23,176,24.62121212121212,11.742424242424242,12.878787878787879,75.37878787878788,8.712121212121213,66.66666666666666
E00149406,259,49,21,28,210,17,193,18.91891891891892,8.108108108108109,10.81081081081081,81.08108108108108,6.563706563706563,74.5173745173745
E00149407,239,53,23,30,186,22,164,22.17573221757322,9.623430962343097,12.552301255230125,77.82426778242679,9.205020920502092,68.6192468619247
E00149408,212,45,19,26,167,16,151,21.22641509433962,8.962264150943396,12.264150943396226,78.77358490566037,7.547169811320755,71.22641509433963
E00149409,386,53,20,33,333,31,302,13.730569948186528,5.181347150259067,8.549222797927461,86.26943005181347,8.031088082901555,78.23834196891191
E00149410,360,73,29,44,287,27,260,20.27777777777778,8.055555555555555,12.222222222222221,79.72222222222223,7.5,72.22222222222221
E00149411,297,45,22,23,252,20,232,15.151515151515152,7.4074074074074066,7.744107744107744,84.84848484848484,6.7340067340067336,78.11447811447812
E00149412,416,78,25,53,338,28,310,18.75,6.009615384615385,12.740384615384615,81.25,6.730769230769231,74.51923076923077
E00149413,205,71,33,38,134,12,122,34.63414634146341,16.097560975609756,18.536585365853657,65.3658536585366,5.853658536585367,59.512195121951216
E00149414,239,46,17,29,193,15,178,19.246861924686193,7.112970711297072,12.133891213389122,80.75313807531381,6.2761506276150625,74.47698744769873
E00149415,268,49,17,32,219,17,202,18.28358208955224,6.343283582089552,11.940298507462686,81.71641791044776,6.343283582089552,75.3731343283582
E00149416,290,41,10,31,249,25,224,14.13793103448276,3.4482758620689653,10.689655172413794,85.86206896551725,8.620689655172415,77.24137931034483
E00149417,314,39,12,27,275,32,243,12.420382165605096,3.821656050955414,8.598726114649681,87.57961783439491,10.191082802547772,77.38853503184714
E00149418,265,41,17,24,224,20,204,15.471698113207546,6.415094339622642,9.056603773584905,84.52830188679246,7.547169811320755,76.9811320754717
E00149419,177,37,13,24,140,17,123,20.903954802259886,7.344632768361582,13.559322033898304,79.09604519774011,9.6045197740113,69.49152542372882
E00149420,290,86,40,46,204,29,175,29.655172413793103,13.793103448275861,15.862068965517242,70.34482758620689,10,60.3448275862069
E00149421,283,58,32,26,225,28,197,20.49469964664311,11.307420494699647,9.187279151943462,79.50530035335689,9.89399293286219,69.6113074204947
E00149422,219,40,7,33,179,24,155,18.2648401826484,3.1963470319634704,15.068493150684931,81.7351598173516,10.95890410958904,70.77625570776256
E00149423,281,43,16,27,238,32,206,15.302491103202847,5.6939501779359425,9.608540925266903,84.69750889679716,11.387900355871885,73.30960854092527
E00149424,194,30,10,20,164,22,142,15.463917525773196,5.154639175257731,10.309278350515463,84.5360824742268,11.34020618556701,73.19587628865979
E00149425,264,48,15,33,216,23,193,18.181818181818183,5.681818181818182,12.5,81.81818181818183,8.712121212121213,73.10606060606061
E00149426,296,38,6,32,258,28,230,12.837837837837837,2.027027027027027,10.81081081081081,87.16216216216216,9.45945945945946,77.7027027027027
E00149427,426,100,43,57,326,46,280,23.474178403755868,10.093896713615024,13.380281690140844,76.52582159624414,10.7981220657277,65.72769953051643
E00149428,304,43,17,26,261,30,231,14.144736842105262,5.592105263157895,8.552631578947368,85.85526315789474,9.868421052631579,75.98684210526315
E00149429,233,50,13,37,183,17,166,21.45922746781116,5.579399141630901,15.879828326180256,78.54077253218884,7.296137339055794,71.24463519313305
E00149430,172,46,20,26,126,17,109,26.744186046511626,11.627906976744185,15.11627906976744,73.25581395348837,9.883720930232558,63.372093023255815
E00149431,218,58,35,23,160,10,150,26.605504587155966,16.055045871559635,10.550458715596331,73.39449541284404,4.587155963302752,68.80733944954129
E00149432,184,51,18,33,133,31,102,27.717391304347828,9.782608695652174,17.934782608695652,72.28260869565217,16.847826086956523,55.434782608695656
E00149433,357,65,34,31,292,28,264,18.207282913165265,9.523809523809524,8.683473389355742,81.79271708683473,7.8431372549019605,73.94957983193278
E00149434,284,67,28,39,217,20,197,23.591549295774648,9.859154929577464,13.732394366197184,76.40845070422534,7.042253521126761,69.36619718309859
E00149435,174,51,14,37,123,14,109,29.310344827586203,8.045977011494253,21.26436781609195,70.6896551724138,8.045977011494253,62.643678160919535
E00149436,179,44,14,30,135,17,118,24.581005586592177,7.82122905027933,16.75977653631285,75.41899441340783,9.497206703910614,65.92178770949721
E00149437,474,121,54,67,353,35,318,25.52742616033755,11.39240506329114,14.135021097046414,74.47257383966245,7.383966244725738,67.08860759493672
E00149438,211,53,21,32,158,23,135,25.118483412322274,9.95260663507109,15.165876777251185,74.88151658767772,10.90047393364929,63.98104265402843
E00149439,389,60,25,35,329,24,305,15.424164524421593,6.426735218508997,8.997429305912597,84.57583547557842,6.169665809768637,78.40616966580977
E00149440,133,17,7,10,116,10,106,12.781954887218044,5.263157894736842,7.518796992481203,87.21804511278195,7.518796992481203,79.69924812030075
E00149441,217,29,10,19,188,8,180,13.36405529953917,4.6082949308755765,8.755760368663594,86.63594470046083,3.686635944700461,82.94930875576037
E00149442,309,66,32,34,243,25,218,21.35922330097087,10.355987055016183,11.003236245954692,78.64077669902912,8.090614886731391,70.55016181229773
E00149443,284,63,22,41,221,34,187,22.183098591549296,7.746478873239436,14.43661971830986,77.8169014084507,11.971830985915492,65.84507042253522
E00149444,183,67,21,46,116,12,104,36.6120218579235,11.475409836065573,25.136612021857925,63.387978142076506,6.557377049180328,56.830601092896174
E00149445,275,74,25,49,201,31,170,26.90909090909091,9.090909090909092,17.81818181818182,73.0909090909091,11.272727272727273,61.81818181818181
E00149446,251,49,16,33,202,24,178,19.52191235059761,6.374501992031872,13.147410358565736,80.47808764940238,9.56175298804781,70.91633466135458
E00149447,314,106,44,62,208,19,189,33.75796178343949,14.012738853503185,19.745222929936308,66.2420382165605,6.050955414012739,60.19108280254777
E00149448,280,41,17,24,239,15,224,14.642857142857144,6.071428571428571,8.571428571428571,85.35714285714285,5.357142857142857,80
E00149450,295,61,22,39,234,16,218,20.677966101694913,7.457627118644068,13.220338983050848,79.3220338983051,5.423728813559322,73.89830508474576
E00149451,280,78,42,36,202,19,183,27.857142857142858,15,12.857142857142856,72.14285714285714,6.785714285714286,65.35714285714286
E00149452,299,82,49,33,217,25,192,27.424749163879596,16.387959866220736,11.036789297658862,72.5752508361204,8.361204013377927,64.21404682274247
E00149453,288,51,17,34,237,23,214,17.708333333333336,5.902777777777778,11.805555555555555,82.29166666666666,7.986111111111111,74.30555555555556
E00149454,254,71,30,41,183,21,162,27.95275590551181,11.811023622047244,16.141732283464567,72.04724409448819,8.267716535433072,63.77952755905512
E00149455,237,58,26,32,179,19,160,24.47257383966245,10.970464135021098,13.502109704641349,75.52742616033755,8.016877637130802,67.51054852320675
E00149456,306,70,30,40,236,17,219,22.875816993464053,9.803921568627452,13.071895424836603,77.12418300653596,5.555555555555555,71.56862745098039
E00149457,272,65,18,47,207,36,171,23.897058823529413,6.61764705882353,17.27941176470588,76.10294117647058,13.23529411764706,62.86764705882353
E00149458,225,57,26,31,168,22,146,25.333333333333336,11.555555555555555,13.777777777777779,74.66666666666667,9.777777777777779,64.88888888888889
E00149459,188,63,23,40,125,13,112,33.51063829787234,12.23404255319149,21.27659574468085,66.48936170212765,6.914893617021277,59.57446808510638
E00149460,258,55,18,37,203,22,181,21.31782945736434,6.976744186046512,14.34108527131783,78.68217054263566,8.527131782945736,70.15503875968993
E00149461,300,55,15,40,245,18,227,18.333333333333332,5,13.333333333333334,81.66666666666667,6,75.66666666666667
E00149462,212,71,32,39,141,24,117,33.490566037735846,15.09433962264151,18.39622641509434,66.50943396226415,11.320754716981133,55.188679245283026
E00149463,270,103,30,73,167,17,150,38.148148148148145,11.11111111111111,27.037037037037038,61.85185185185185,6.296296296296296,55.55555555555556
E00149464,211,42,18,24,169,18,151,19.90521327014218,8.530805687203792,11.374407582938389,80.09478672985783,8.530805687203792,71.56398104265402
E00149465,287,46,17,29,241,27,214,16.02787456445993,5.923344947735192,10.104529616724738,83.97212543554006,9.40766550522648,74.56445993031359
E00149466,205,65,28,37,140,19,121,31.70731707317073,13.658536585365855,18.048780487804876,68.29268292682927,9.268292682926829,59.02439024390244
E00149467,247,67,39,28,180,16,164,27.125506072874494,15.789473684210526,11.336032388663968,72.8744939271255,6.477732793522267,66.39676113360325
E00149468,236,53,18,35,183,21,162,22.45762711864407,7.627118644067797,14.83050847457627,77.54237288135593,8.898305084745763,68.64406779661016
E00149469,262,43,16,27,219,20,199,16.412213740458014,6.106870229007633,10.305343511450381,83.58778625954199,7.633587786259542,75.95419847328245
E00149470,102,23,12,11,79,9,70,22.54901960784314,11.76470588235294,10.784313725490197,77.45098039215686,8.823529411764707,68.62745098039215
E00149471,169,36,18,18,133,15,118,21.301775147928996,10.650887573964498,10.650887573964498,78.69822485207101,8.875739644970414,69.8224852071006
E00149472,258,47,20,27,211,26,185,18.217054263565892,7.751937984496124,10.465116279069768,81.78294573643412,10.077519379844961,71.70542635658916
E00149473,253,50,9,41,203,22,181,19.76284584980237,3.557312252964427,16.205533596837945,80.23715415019763,8.695652173913043,71.54150197628458
E00149474,307,67,28,39,240,25,215,21.824104234527688,9.120521172638437,12.703583061889251,78.17589576547232,8.143322475570033,70.03257328990227
E00149475,251,71,27,44,180,28,152,28.286852589641438,10.756972111553784,17.52988047808765,71.71314741035857,11.155378486055776,60.55776892430279
E00149476,289,62,26,36,227,29,198,21.453287197231834,8.996539792387544,12.45674740484429,78.54671280276817,10.034602076124568,68.5121107266436
E00149477,324,85,39,46,239,19,220,26.234567901234566,12.037037037037036,14.19753086419753,73.76543209876543,5.864197530864197,67.90123456790124
E00149478,189,38,10,28,151,29,122,20.105820105820104,5.291005291005291,14.814814814814813,79.8941798941799,15.343915343915343,64.55026455026454
E00149479,243,58,22,36,185,22,163,23.868312757201647,9.053497942386832,14.814814814814813,76.13168724279835,9.053497942386832,67.07818930041152
E00149480,297,70,32,38,227,27,200,23.56902356902357,10.774410774410773,12.794612794612794,76.43097643097643,9.090909090909092,67.34006734006735
E00149481,251,39,16,23,212,23,189,15.53784860557769,6.374501992031872,9.163346613545817,84.4621513944223,9.163346613545817,75.2988047808765
E00149482,193,59,20,39,134,21,113,30.569948186528496,10.362694300518134,20.207253886010363,69.43005181347151,10.880829015544041,58.549222797927456
E00149483,196,48,12,36,148,16,132,24.489795918367346,6.122448979591836,18.367346938775512,75.51020408163265,8.16326530612245,67.3469387755102
E00149484,224,40,12,28,184,14,170,17.857142857142858,5.357142857142857,12.5,82.14285714285714,6.25,75.89285714285714
E00149485,235,37,10,27,198,16,182,15.74468085106383,4.25531914893617,11.48936170212766,84.25531914893617,6.808510638297872,77.4468085106383
E00149486,243,62,24,38,181,17,164,25.514403292181072,9.876543209876543,15.637860082304528,74.48559670781893,6.995884773662551,67.48971193415639
E00149487,400,69,25,44,331,39,292,17.25,6.25,11,82.75,9.75,73
E00149488,353,55,22,33,298,35,263,15.58073654390935,6.232294617563739,9.34844192634561,84.41926345609065,9.91501416430595,74.5042492917847
E00149489,351,61,24,37,290,23,267,17.37891737891738,6.837606837606838,10.541310541310542,82.62108262108262,6.552706552706552,76.06837606837607
E00149490,248,51,17,34,197,17,180,20.56451612903226,6.854838709677419,13.709677419354838,79.43548387096774,6.854838709677419,72.58064516129032
E00149491,235,53,22,31,182,20,162,22.5531914893617,9.361702127659575,13.191489361702127,77.4468085106383,8.51063829787234,68.93617021276596
E00149492,345,83,38,45,262,24,238,24.057971014492754,11.014492753623188,13.043478260869565,75.94202898550725,6.956521739130435,68.98550724637681
E00149493,213,51,15,36,162,15,147,23.943661971830984,7.042253521126761,16.901408450704224,76.05633802816901,7.042253521126761,69.01408450704226
E00149494,247,41,12,29,206,18,188,16.599190283400812,4.8582995951417,11.740890688259109,83.40080971659918,7.28744939271255,76.11336032388664
E00149495,170,42,17,25,128,14,114,24.705882352941178,10,14.705882352941178,75.29411764705883,8.235294117647058,67.05882352941175
E00149496,227,30,5,25,197,18,179,13.215859030837004,2.2026431718061676,11.013215859030836,86.78414096916299,7.929515418502203,78.8546255506608
E00149497,297,54,26,28,243,23,220,18.181818181818183,8.754208754208754,9.427609427609427,81.81818181818183,7.744107744107744,74.07407407407408
E00149498,262,85,47,38,177,19,158,32.44274809160305,17.938931297709924,14.50381679389313,67.55725190839695,7.251908396946565,60.30534351145038
E00149499,312,67,25,42,245,27,218,21.474358974358974,8.012820512820513,13.461538461538462,78.52564102564102,8.653846153846153,69.87179487179486
E00149500,235,58,27,31,177,21,156,24.680851063829788,11.48936170212766,13.191489361702127,75.31914893617021,8.936170212765958,66.38297872340425
E00149501,311,74,32,42,237,39,198,23.79421221864952,10.289389067524116,13.504823151125404,76.20578778135048,12.540192926045016,63.665594855305464
E00149502,383,83,30,53,300,24,276,21.671018276762403,7.83289817232376,13.838120104438643,78.3289817232376,6.266318537859007,72.0626631853786
E00149503,278,52,14,38,226,21,205,18.705035971223023,5.0359712230215825,13.66906474820144,81.29496402877699,7.553956834532374,73.7410071942446
E00149504,308,54,18,36,254,21,233,17.532467532467532,5.844155844155844,11.688311688311687,82.46753246753246,6.8181818181818175,75.64935064935064
E00149505,253,49,16,33,204,17,187,19.367588932806324,6.324110671936759,13.043478260869565,80.63241106719367,6.719367588932807,73.91304347826086
E00149506,313,64,26,38,249,22,227,20.447284345047922,8.30670926517572,12.140575079872203,79.55271565495208,7.0287539936102235,72.52396166134186
E00149507,218,66,21,45,152,18,134,30.275229357798167,9.63302752293578,20.642201834862387,69.72477064220183,8.256880733944955,61.46788990825688
E00149508,244,84,29,55,160,16,144,34.42622950819672,11.885245901639344,22.540983606557376,65.57377049180327,6.557377049180328,59.01639344262295
E00149509,248,68,31,37,180,11,169,27.419354838709676,12.5,14.919354838709678,72.58064516129032,4.435483870967742,68.14516129032258
E00149510,251,67,32,35,184,22,162,26.693227091633464,12.749003984063744,13.94422310756972,73.30677290836654,8.764940239043826,64.5418326693227
E00149511,330,86,37,49,244,27,217,26.060606060606062,11.212121212121213,14.84848484848485,73.93939393939394,8.181818181818182,65.75757575757576
E00149512,373,78,30,48,295,35,260,20.91152815013405,8.04289544235925,12.868632707774799,79.08847184986595,9.383378016085791,69.70509383378017
E00149513,100,15,9,6,85,14,71,15,9,6,85,14.000000000000002,71
E00149514,288,55,21,34,233,26,207,19.09722222222222,7.291666666666667,11.805555555555555,80.90277777777779,9.027777777777777,71.875
E00149515,318,63,26,37,255,35,220,19.81132075471698,8.176100628930817,11.635220125786164,80.18867924528303,11.0062893081761,69.18238993710692
E00149516,293,78,32,46,215,23,192,26.621160409556317,10.921501706484642,15.699658703071673,73.37883959044369,7.849829351535837,65.52901023890784
E00149517,262,63,27,36,199,21,178,24.045801526717558,10.305343511450381,13.740458015267176,75.95419847328245,8.015267175572518,67.93893129770993
E00149518,239,114,78,36,125,16,109,47.69874476987448,32.63598326359833,15.062761506276152,52.30125523012552,6.694560669456067,45.60669456066946
E00149519,308,78,36,42,230,19,211,25.324675324675322,11.688311688311687,13.636363636363635,74.67532467532467,6.1688311688311686,68.5064935064935
E00149520,274,85,39,46,189,16,173,31.02189781021898,14.233576642335766,16.78832116788321,68.97810218978103,5.839416058394161,63.138686131386855
E00149521,217,52,20,32,165,14,151,23.963133640552993,9.216589861751153,14.746543778801843,76.036866359447,6.451612903225806,69.5852534562212
E00149522,289,66,26,40,223,20,203,22.837370242214533,8.996539792387544,13.84083044982699,77.16262975778547,6.920415224913495,70.24221453287197
E00149523,237,95,52,43,142,8,134,40.08438818565401,21.940928270042196,18.143459915611814,59.91561181434599,3.375527426160337,56.540084388185655
E00149524,336,77,31,46,259,25,234,22.916666666666664,9.226190476190476,13.690476190476192,77.08333333333334,7.440476190476191,69.64285714285714
E00149525,217,54,25,29,163,27,136,24.88479262672811,11.52073732718894,13.36405529953917,75.11520737327189,12.442396313364055,62.67281105990783
E00149526,162,52,23,29,110,15,95,32.098765432098766,14.19753086419753,17.901234567901234,67.90123456790124,9.25925925925926,58.64197530864198
E00166047,447,101,54,47,346,24,322,22.595078299776286,12.080536912751679,10.51454138702461,77.40492170022371,5.369127516778524,72.03579418344519
E00166049,157,32,17,15,125,17,108,20.382165605095544,10.828025477707007,9.554140127388536,79.61783439490446,10.828025477707007,68.78980891719745
E00166050,331,105,41,64,226,38,188,31.722054380664655,12.386706948640484,19.335347432024168,68.27794561933534,11.48036253776435,56.797583081571
E00166735,393,43,17,26,350,28,322,10.941475826972011,4.325699745547073,6.615776081424936,89.05852417302799,7.124681933842239,81.93384223918575
E00166737,331,32,8,24,299,34,265,9.667673716012084,2.416918429003021,7.250755287009064,90.33232628398792,10.27190332326284,80.06042296072508
E00166738,436,157,113,44,279,32,247,36.00917431192661,25.91743119266055,10.091743119266056,63.99082568807339,7.339449541284404,56.65137614678899
E00166740,178,50,18,32,128,10,118,28.08988764044944,10.112359550561797,17.97752808988764,71.91011235955057,5.617977528089887,66.29213483146067
E00166741,194,25,7,18,169,11,158,12.886597938144329,3.608247422680412,9.278350515463918,87.11340206185567,5.670103092783505,81.44329896907216
E00166743,561,73,27,46,488,46,442,13.01247771836007,4.81283422459893,8.19964349376114,86.98752228163993,8.19964349376114,78.78787878787878
E00166746,142,52,43,9,90,6,84,36.61971830985916,30.28169014084507,6.338028169014084,63.38028169014085,4.225352112676056,59.154929577464785
E00166748,332,41,10,31,291,22,269,12.349397590361445,3.0120481927710845,9.33734939759036,87.65060240963855,6.626506024096386,81.02409638554217
E00166751,230,28,9,19,202,16,186,12.173913043478262,3.91304347826087,8.26086956521739,87.82608695652175,6.956521739130435,80.8695652173913
E00166752,272,36,10,26,236,24,212,13.23529411764706,3.6764705882352944,9.558823529411764,86.76470588235294,8.823529411764707,77.94117647058823
E00166754,304,33,9,24,271,26,245,10.855263157894738,2.9605263157894735,7.894736842105263,89.14473684210526,8.552631578947368,80.5921052631579
E00167298,204,32,7,25,172,19,153,15.686274509803921,3.431372549019608,12.254901960784313,84.31372549019608,9.313725490196079,75
E00167300,240,36,14,22,204,22,182,15,5.833333333333333,9.166666666666666,85,9.166666666666666,75.83333333333333
E00167301,335,45,13,32,290,26,264,13.432835820895523,3.880597014925373,9.55223880597015,86.56716417910447,7.761194029850746,78.80597014925374
E00167304,460,69,21,48,391,35,356,15,4.565217391304348,10.434782608695652,85,7.608695652173914,77.39130434782608
E00167306,202,27,12,15,175,20,155,13.366336633663368,5.9405940594059405,7.425742574257425,86.63366336633663,9.900990099009901,76.73267326732673
E00167307,240,19,5,14,221,27,194,7.916666666666666,2.083333333333333,5.833333333333333,92.08333333333333,11.25,80.83333333333333
E00167309,332,58,24,34,274,17,257,17.46987951807229,7.228915662650602,10.240963855421686,82.53012048192771,5.120481927710843,77.40963855421687
E00167311,236,48,21,27,188,20,168,20.33898305084746,8.898305084745763,11.440677966101696,79.66101694915254,8.47457627118644,71.1864406779661
E00167312,145,30,19,11,115,10,105,20.689655172413794,13.10344827586207,7.586206896551724,79.3103448275862,6.896551724137931,72.41379310344827
E00167314,204,58,29,29,146,12,134,28.431372549019606,14.215686274509803,14.215686274509803,71.56862745098039,5.88235294117647,65.68627450980392
E00167315,297,44,14,30,253,22,231,14.814814814814813,4.713804713804714,10.1010101010101,85.18518518518519,7.4074074074074066,77.77777777777779
E00171421,278,75,35,40,203,20,183,26.978417266187048,12.589928057553957,14.388489208633093,73.02158273381295,7.1942446043165464,65.82733812949641
E00186510,336,41,10,31,295,24,271,12.202380952380953,2.976190476190476,9.226190476190476,87.79761904761905,7.142857142857142,80.65476190476191
E00186511,249,43,19,24,206,16,190,17.269076305220885,7.630522088353414,9.63855421686747,82.73092369477911,6.425702811244979,76.30522088353415
E00186512,150,58,32,26,92,24,68,38.666666666666664,21.333333333333336,17.333333333333336,61.33333333333333,16,45.33333333333333
E00186513,136,37,21,16,99,8,91,27.205882352941174,15.441176470588236,11.76470588235294,72.79411764705883,5.88235294117647,66.91176470588235
E00186514,183,42,12,30,141,6,135,22.950819672131146,6.557377049180328,16.39344262295082,77.04918032786885,3.278688524590164,73.77049180327869
E00186515,255,67,31,36,188,20,168,26.27450980392157,12.156862745098039,14.117647058823529,73.72549019607844,7.8431372549019605,65.88235294117646
E00186516,286,48,13,35,238,23,215,16.783216783216783,4.545454545454546,12.237762237762238,83.21678321678321,8.041958041958042,75.17482517482517
E00186518,179,76,34,42,103,13,90,42.45810055865922,18.994413407821227,23.463687150837988,57.54189944134078,7.262569832402235,50.27932960893855
E00186520,274,53,22,31,221,30,191,19.34306569343066,8.02919708029197,11.313868613138686,80.65693430656934,10.948905109489052,69.7080291970803
E00186521,416,70,18,52,346,42,304,16.826923076923077,4.326923076923077,12.5,83.17307692307693,10.096153846153847,73.07692307692307
E00186522,242,55,21,34,187,19,168,22.727272727272727,8.677685950413224,14.049586776859504,77.27272727272727,7.851239669421488,69.42148760330579
E00186523,301,50,13,37,251,26,225,16.611295681063122,4.318936877076411,12.29235880398671,83.38870431893687,8.637873754152823,74.75083056478405
E00186524,613,67,24,43,546,46,500,10.929853181076671,3.915171288743882,7.01468189233279,89.07014681892332,7.504078303425775,81.56606851549756
E00186531,256,14,3,11,242,13,229,5.46875,1.171875,4.296875,94.53125,5.078125,89.453125
E00186535,145,16,5,11,129,24,105,11.03448275862069,3.4482758620689653,7.586206896551724,88.96551724137932,16.551724137931036,72.41379310344827
E00186536,333,30,7,23,303,29,274,9.00900900900901,2.1021021021021022,6.906906906906906,90.990990990991,8.708708708708707,82.28228228228228
E00186539,251,53,25,28,198,17,181,21.115537848605577,9.9601593625498,11.155378486055776,78.88446215139442,6.772908366533864,72.11155378486056
E00186540,229,37,15,22,192,12,180,16.157205240174672,6.550218340611353,9.606986899563319,83.84279475982532,5.240174672489083,78.60262008733623
E00186541,324,33,12,21,291,31,260,10.185185185185185,3.7037037037037033,6.481481481481481,89.81481481481481,9.5679012345679,80.24691358024691
E00186546,178,11,1,10,167,15,152,6.179775280898876,0.5617977528089888,5.617977528089887,93.82022471910112,8.426966292134832,85.39325842696628
E00186561,184,33,12,21,151,10,141,17.934782608695652,6.521739130434782,11.41304347826087,82.06521739130434,5.434782608695652,76.63043478260869
E00186563,353,52,23,29,301,23,278,14.730878186968837,6.515580736543909,8.21529745042493,85.26912181303116,6.515580736543909,78.75354107648725
E00186573,168,15,3,12,153,9,144,8.928571428571429,1.7857142857142856,7.142857142857142,91.07142857142857,5.357142857142857,85.71428571428571
E00186575,504,79,27,52,425,35,390,15.674603174603174,5.357142857142857,10.317460317460316,84.32539682539682,6.944444444444445,77.38095238095238
E00186586,341,52,13,39,289,31,258,15.249266862170089,3.812316715542522,11.436950146627565,84.75073313782991,9.090909090909092,75.65982404692082
E00186590,457,72,20,52,385,26,359,15.75492341356674,4.3763676148796495,11.37855579868709,84.24507658643327,5.689277899343545,78.55579868708972
E00186595,541,41,12,29,500,43,457,7.578558225508318,2.2181146025878005,5.360443622920517,92.42144177449168,7.948243992606285,84.4731977818854
E00186597,252,53,25,28,199,13,186,21.03174603174603,9.920634920634921,11.11111111111111,78.96825396825396,5.158730158730158,73.80952380952381
E00186603,309,41,14,27,268,30,238,13.268608414239482,4.53074433656958,8.737864077669903,86.73139158576052,9.70873786407767,77.02265372168284
E00186604,268,14,0,14,254,22,232,5.223880597014925,0,5.223880597014925,94.77611940298507,8.208955223880597,86.56716417910447
E00186605,499,48,14,34,451,46,405,9.619238476953909,2.80561122244489,6.813627254509018,90.38076152304609,9.218436873747494,81.1623246492986
E00186607,442,72,26,46,370,35,335,16.289592760180994,5.88235294117647,10.407239819004525,83.710407239819,7.918552036199094,75.7918552036199
E00186608,556,64,19,45,492,46,446,11.510791366906476,3.41726618705036,8.093525179856115,88.48920863309353,8.273381294964029,80.2158273381295
E00186617,387,41,11,30,346,30,316,10.594315245478036,2.842377260981912,7.751937984496124,89.40568475452196,7.751937984496124,81.65374677002583
E00186621,187,28,7,21,159,12,147,14.973262032085561,3.7433155080213902,11.229946524064172,85.02673796791443,6.417112299465241,78.6096256684492
E00186623,520,62,16,46,458,43,415,11.923076923076923,3.076923076923077,8.846153846153847,88.07692307692308,8.269230769230768,79.8076923076923
E00186624,172,20,10,10,152,15,137,11.627906976744185,5.813953488372093,5.813953488372093,88.37209302325581,8.720930232558139,79.65116279069767
E00186626,398,40,11,29,358,34,324,10.050251256281408,2.763819095477387,7.2864321608040195,89.9497487437186,8.542713567839195,81.4070351758794
E00186631,473,110,66,44,363,31,332,23.25581395348837,13.953488372093023,9.30232558139535,76.74418604651163,6.553911205073996,70.19027484143763
E00186636,403,58,23,35,345,16,329,14.392059553349876,5.707196029776675,8.6848635235732,85.60794044665012,3.970223325062035,81.6377171215881
E00186642,364,32,10,22,332,23,309,8.791208791208792,2.7472527472527473,6.043956043956044,91.20879120879121,6.318681318681318,84.89010989010988
E00186644,247,12,4,8,235,14,221,4.8582995951417,1.6194331983805668,3.2388663967611335,95.1417004048583,5.668016194331984,89.47368421052632
E00186647,240,31,14,17,209,20,189,12.916666666666668,5.833333333333333,7.083333333333333,87.08333333333333,8.333333333333332,78.75
E00186651,365,97,30,67,268,29,239,26.575342465753426,8.21917808219178,18.356164383561644,73.42465753424658,7.9452054794520555,65.47945205479452
E00186653,245,17,1,16,228,19,209,6.938775510204081,0.40816326530612246,6.530612244897959,93.06122448979592,7.755102040816326,85.3061224489796
E00186655,528,88,38,50,440,40,400,16.666666666666664,7.196969696969697,9.469696969696969,83.33333333333334,7.575757575757576,75.75757575757575
E00186657,107,24,13,11,83,8,75,22.429906542056074,12.149532710280374,10.2803738317757,77.57009345794393,7.476635514018691,70.09345794392523
