OA,ts0380001,ts0380002,ts0380003,ts0380004,ts0380005,ts0380006,ts0380007,ts0380002_PCT,ts0380003_PCT,ts0380004_PCT,ts0380005_PCT,ts0380006_PCT,ts0380007_PCT
E00055463,308,42,14,28,266,23,243,13.636363636363635,4.545454545454546,9.090909090909092,86.36363636363636,7.467532467532467,78.8961038961039
E00055464,314,70,42,28,244,23,221,22.29299363057325,13.375796178343949,8.9171974522293,77.70700636942675,7.32484076433121,70.38216560509554
E00055465,285,62,27,35,223,27,196,21.75438596491228,9.473684210526317,12.280701754385964,78.24561403508771,9.473684210526317,68.77192982456141
E00055466,492,57,21,36,435,44,391,11.585365853658537,4.2682926829268295,7.317073170731707,88.41463414634147,8.94308943089431,79.47154471544715
E00055467,313,54,27,27,259,10,249,17.252396166134183,8.626198083067091,8.626198083067091,82.74760383386581,3.1948881789137378,79.55271565495208
E00055468,388,81,52,29,307,24,283,20.876288659793815,13.402061855670103,7.474226804123711,79.12371134020619,6.185567010309279,72.9381443298969
E00055469,248,54,19,35,194,21,173,21.774193548387096,7.661290322580645,14.112903225806454,78.2258064516129,8.46774193548387,69.75806451612904
E00055470,485,66,25,41,419,29,390,13.608247422680412,5.154639175257731,8.45360824742268,86.3917525773196,5.979381443298969,80.41237113402062
E00055471,253,50,18,32,203,17,186,19.76284584980237,7.114624505928854,12.648221343873518,80.23715415019763,6.719367588932807,73.51778656126481
E00055472,308,56,18,38,252,24,228,18.181818181818183,5.844155844155844,12.337662337662337,81.81818181818183,7.792207792207792,74.02597402597402
E00055473,259,61,27,34,198,18,180,23.552123552123554,10.424710424710424,13.127413127413126,76.44787644787645,6.94980694980695,69.4980694980695
E00055474,173,84,45,39,89,4,85,48.554913294797686,26.011560693641616,22.54335260115607,51.445086705202314,2.312138728323699,49.13294797687861
E00055476,136,68,30,38,68,8,60,50,22.058823529411764,27.941176470588236,50,5.88235294117647,44.11764705882353
E00055477,352,51,15,36,301,29,272,14.488636363636365,4.261363636363636,10.227272727272728,85.51136363636364,8.238636363636363,77.27272727272727
E00055478,257,47,15,32,210,23,187,18.28793774319066,5.836575875486381,12.45136186770428,81.71206225680933,8.949416342412452,72.76264591439688
E00055479,270,57,29,28,213,23,190,21.11111111111111,10.74074074074074,10.37037037037037,78.88888888888889,8.518518518518519,70.37037037037037
E00055480,283,48,15,33,235,24,211,16.96113074204947,5.30035335689046,11.66077738515901,83.03886925795054,8.480565371024735,74.55830388692578
E00055481,252,45,24,21,207,26,181,17.857142857142858,9.523809523809524,8.333333333333332,82.14285714285714,10.317460317460316,71.82539682539682
E00055482,261,42,13,29,219,20,199,16.091954022988507,4.980842911877394,11.11111111111111,83.9080459770115,7.662835249042145,76.24521072796935
E00055483,194,76,38,38,118,3,115,39.175257731958766,19.587628865979383,19.587628865979383,60.824742268041234,1.5463917525773196,59.27835051546392
E00055484,301,61,27,34,240,11,229,20.26578073089701,8.970099667774086,11.295681063122924,79.734219269103,3.6544850498338874,76.0797342192691
E00055485,344,66,28,38,278,22,256,19.186046511627907,8.13953488372093,11.046511627906977,80.81395348837209,6.395348837209303,74.4186046511628
E00055486,296,41,12,29,255,17,238,13.85135135135135,4.054054054054054,9.797297297297296,86.14864864864865,5.743243243243244,80.4054054054054
E00055487,235,49,27,22,186,13,173,20.851063829787233,11.48936170212766,9.361702127659575,79.14893617021276,5.531914893617021,73.61702127659574
E00055488,301,57,26,31,244,17,227,18.93687707641196,8.637873754152823,10.299003322259136,81.06312292358804,5.647840531561462,75.41528239202658
E00055489,314,71,36,35,243,14,229,22.611464968152866,11.464968152866243,11.146496815286625,77.38853503184714,4.45859872611465,72.92993630573248
E00055490,299,64,29,35,235,18,217,21.40468227424749,9.698996655518394,11.705685618729097,78.59531772575251,6.0200668896321075,72.5752508361204
E00055491,364,77,31,46,287,13,274,21.153846153846153,8.516483516483516,12.637362637362637,78.84615384615384,3.571428571428571,75.27472527472527
E00055492,370,61,29,32,309,32,277,16.486486486486488,7.837837837837839,8.64864864864865,83.51351351351352,8.64864864864865,74.86486486486487
E00055493,278,47,19,28,231,30,201,16.906474820143885,6.83453237410072,10.071942446043165,83.09352517985612,10.79136690647482,72.3021582733813
E00055494,304,93,65,28,211,19,192,30.592105263157894,21.38157894736842,9.210526315789473,69.4078947368421,6.25,63.1578947368421
E00055495,355,78,35,43,277,27,250,21.971830985915496,9.859154929577464,12.112676056338028,78.0281690140845,7.605633802816901,70.4225352112676
E00055496,285,49,12,37,236,28,208,17.192982456140353,4.2105263157894735,12.982456140350877,82.80701754385966,9.824561403508772,72.98245614035088
E00055497,295,43,18,25,252,23,229,14.576271186440678,6.101694915254238,8.47457627118644,85.42372881355932,7.796610169491526,77.62711864406779
E00055498,250,36,14,22,214,23,191,14.399999999999999,5.6000000000000005,8.799999999999999,85.6,9.2,76.4
E00055499,249,34,13,21,215,20,195,13.654618473895583,5.220883534136546,8.433734939759036,86.34538152610442,8.032128514056225,78.3132530120482
E00055500,299,60,22,38,239,23,216,20.066889632107024,7.357859531772576,12.709030100334449,79.93311036789298,7.6923076923076925,72.24080267558529
E00055501,226,50,16,34,176,15,161,22.123893805309734,7.079646017699115,15.04424778761062,77.87610619469027,6.637168141592921,71.23893805309734
E00055502,312,49,24,25,263,21,242,15.705128205128204,7.6923076923076925,8.012820512820513,84.2948717948718,6.730769230769231,77.56410256410257
E00055503,226,40,13,27,186,19,167,17.699115044247787,5.752212389380531,11.946902654867257,82.30088495575221,8.4070796460177,73.89380530973452
E00055504,278,69,34,35,209,21,188,24.820143884892087,12.23021582733813,12.589928057553957,75.17985611510791,7.553956834532374,67.62589928057554
E00055505,295,74,40,34,221,21,200,25.08474576271186,13.559322033898304,11.525423728813559,74.91525423728814,7.118644067796611,67.79661016949152
E00055506,234,62,26,36,172,15,157,26.495726495726498,11.11111111111111,15.384615384615385,73.50427350427351,6.41025641025641,67.09401709401709
E00055507,218,63,20,43,155,19,136,28.899082568807337,9.174311926605505,19.724770642201836,71.10091743119266,8.715596330275229,62.38532110091744
E00055508,367,61,28,33,306,27,279,16.62125340599455,7.629427792915531,8.991825613079019,83.37874659400545,7.3569482288828345,76.02179836512262
E00055509,280,63,33,30,217,15,202,22.5,11.785714285714285,10.714285714285714,77.5,5.357142857142857,72.14285714285714
E00055510,398,95,54,41,303,14,289,23.869346733668344,13.5678391959799,10.301507537688442,76.13065326633166,3.5175879396984926,72.61306532663316
E00055511,403,63,26,37,340,7,333,15.632754342431761,6.451612903225806,9.181141439205955,84.36724565756823,1.7369727047146404,82.6302729528536
E00055512,312,39,25,14,273,5,268,12.5,8.012820512820513,4.487179487179487,87.5,1.6025641025641024,85.8974358974359
E00055513,240,35,19,16,205,12,193,14.583333333333334,7.916666666666666,6.666666666666667,85.41666666666666,5,80.41666666666667
E00055514,290,46,23,23,244,12,232,15.862068965517242,7.931034482758621,7.931034482758621,84.13793103448276,4.137931034482759,80
E00055515,273,53,23,30,220,24,196,19.413919413919416,8.424908424908425,10.989010989010989,80.58608058608058,8.791208791208792,71.7948717948718
E00055516,274,33,11,22,241,18,223,12.043795620437956,4.014598540145985,8.02919708029197,87.95620437956204,6.569343065693431,81.38686131386861
E00055517,297,45,11,34,252,5,247,15.151515151515152,3.7037037037037033,11.447811447811448,84.84848484848484,1.6835016835016834,83.16498316498317
E00055518,250,42,16,26,208,17,191,16.8,6.4,10.4,83.2,6.800000000000001,76.4
E00055519,281,39,11,28,242,18,224,13.87900355871886,3.9145907473309607,9.9644128113879,86.12099644128114,6.405693950177936,79.7153024911032
E00055520,356,52,23,29,304,17,287,14.606741573033707,6.460674157303371,8.146067415730338,85.39325842696628,4.775280898876404,80.6179775280899
E00055521,330,56,23,33,274,20,254,16.969696969696972,6.969696969696971,10,83.03030303030303,6.0606060606060606,76.96969696969697
E00055522,299,54,26,28,245,20,225,18.06020066889632,8.695652173913043,9.364548494983277,81.93979933110369,6.688963210702341,75.25083612040135
E00055523,350,38,8,30,312,20,292,10.857142857142858,2.2857142857142856,8.571428571428571,89.14285714285714,5.714285714285714,83.42857142857143
E00055524,391,63,29,34,328,20,308,16.11253196930946,7.41687979539642,8.695652173913043,83.88746803069054,5.115089514066496,78.77237851662404
E00055525,238,43,18,25,195,20,175,18.067226890756302,7.563025210084033,10.504201680672269,81.9327731092437,8.403361344537815,73.52941176470588
E00055526,378,54,25,29,324,21,303,14.285714285714285,6.613756613756613,7.671957671957672,85.71428571428571,5.555555555555555,80.15873015873017
E00055527,383,103,63,40,280,12,268,26.89295039164491,16.449086161879894,10.443864229765012,73.10704960835508,3.1331592689295036,69.9738903394256
E00055528,382,53,20,33,329,8,321,13.874345549738221,5.2356020942408374,8.638743455497382,86.12565445026178,2.094240837696335,84.03141361256544
E00055529,380,41,19,22,339,12,327,10.789473684210527,5,5.7894736842105265,89.21052631578948,3.1578947368421053,86.05263157894737
E00055530,277,48,13,35,229,15,214,17.328519855595665,4.693140794223827,12.63537906137184,82.67148014440433,5.415162454873646,77.25631768953069
E00055531,353,52,25,27,301,16,285,14.730878186968837,7.0821529745042495,7.64872521246459,85.26912181303116,4.53257790368272,80.73654390934844
E00055532,403,53,32,21,350,17,333,13.151364764267989,7.94044665012407,5.2109181141439205,86.848635235732,4.218362282878412,82.6302729528536
E00055533,208,19,6,13,189,11,178,9.134615384615383,2.8846153846153846,6.25,90.86538461538461,5.288461538461538,85.57692307692307
E00055534,406,62,23,39,344,19,325,15.270935960591133,5.665024630541872,9.60591133004926,84.72906403940887,4.679802955665025,80.04926108374384
E00055535,274,74,36,38,200,16,184,27.00729927007299,13.138686131386862,13.86861313868613,72.99270072992701,5.839416058394161,67.15328467153284
E00055536,450,54,26,28,396,24,372,12,5.777777777777778,6.222222222222222,88,5.333333333333334,82.66666666666667
E00055537,307,34,18,16,273,25,248,11.074918566775244,5.863192182410423,5.211726384364821,88.92508143322475,8.143322475570033,80.78175895765473
E00055538,265,53,26,27,212,26,186,20,9.811320754716983,10.18867924528302,80,9.811320754716983,70.18867924528301
E00055539,321,60,33,27,261,20,241,18.69158878504673,10.2803738317757,8.411214953271028,81.30841121495327,6.230529595015576,75.0778816199377
E00055540,473,118,77,41,355,7,348,24.947145877378436,16.27906976744186,8.668076109936575,75.05285412262155,1.4799154334038054,73.57293868921776
E00055541,343,35,13,22,308,25,283,10.204081632653061,3.7900874635568513,6.41399416909621,89.79591836734694,7.288629737609329,82.5072886297376
E00055542,430,49,25,24,381,12,369,11.395348837209303,5.813953488372093,5.5813953488372094,88.60465116279069,2.7906976744186047,85.81395348837209
E00055543,439,71,29,42,368,16,352,16.173120728929387,6.605922551252847,9.567198177676538,83.82687927107062,3.644646924829157,80.18223234624145
E00055544,372,46,29,17,326,15,311,12.365591397849462,7.795698924731183,4.56989247311828,87.63440860215054,4.032258064516129,83.60215053763442
E00055545,268,47,27,20,221,12,209,17.537313432835823,10.074626865671641,7.462686567164178,82.46268656716418,4.477611940298507,77.98507462686567
E00055546,412,33,15,18,379,8,371,8.009708737864079,3.640776699029126,4.368932038834951,91.99029126213593,1.9417475728155338,90.0485436893204
E00055547,289,56,30,26,233,12,221,19.377162629757784,10.380622837370241,8.996539792387544,80.62283737024222,4.1522491349480966,76.47058823529412
E00055548,247,49,32,17,198,6,192,19.838056680161944,12.955465587044534,6.882591093117409,80.16194331983806,2.42914979757085,77.7327935222672
E00055549,409,54,30,24,355,15,340,13.202933985330073,7.334963325183375,5.8679706601467,86.79706601466992,3.6674816625916873,83.12958435207824
E00055550,422,66,36,30,356,11,345,15.639810426540285,8.530805687203792,7.109004739336493,84.36018957345972,2.6066350710900474,81.75355450236967
E00055551,397,41,18,23,356,13,343,10.327455919395465,4.534005037783375,5.793450881612091,89.67254408060454,3.27455919395466,86.39798488664987
E00055552,291,45,17,28,246,17,229,15.463917525773196,5.841924398625429,9.621993127147768,84.5360824742268,5.841924398625429,78.69415807560138
E00055553,393,77,35,42,316,15,301,19.59287531806616,8.9058524173028,10.687022900763358,80.40712468193384,3.816793893129771,76.59033078880407
E00055554,228,44,14,30,184,14,170,19.298245614035086,6.140350877192982,13.157894736842104,80.7017543859649,6.140350877192982,74.56140350877193
E00055555,271,48,21,27,223,16,207,17.712177121771216,7.7490774907749085,9.96309963099631,82.28782287822878,5.904059040590406,76.38376383763837
E00055556,368,52,23,29,316,24,292,14.130434782608695,6.25,7.880434782608696,85.86956521739131,6.521739130434782,79.34782608695652
E00055557,329,42,16,26,287,16,271,12.76595744680851,4.86322188449848,7.90273556231003,87.2340425531915,4.86322188449848,82.37082066869301
E00055558,262,45,16,29,217,19,198,17.17557251908397,6.106870229007633,11.068702290076336,82.82442748091603,7.251908396946565,75.57251908396947
E00055559,247,39,14,25,208,16,192,15.789473684210526,5.668016194331984,10.121457489878543,84.21052631578947,6.477732793522267,77.7327935222672
E00055560,286,31,22,9,255,5,250,10.839160839160838,7.6923076923076925,3.146853146853147,89.16083916083916,1.7482517482517483,87.41258741258741
E00055561,267,36,14,22,231,20,211,13.48314606741573,5.2434456928838955,8.239700374531834,86.51685393258427,7.490636704119851,79.02621722846442
E00055562,393,59,26,33,334,21,313,15.012722646310433,6.615776081424936,8.396946564885496,84.98727735368958,5.343511450381679,79.64376590330788
E00055563,383,67,32,35,316,15,301,17.4934725848564,8.355091383812011,9.138381201044385,82.50652741514361,3.91644908616188,78.59007832898173
E00055564,235,59,30,29,176,16,160,25.106382978723403,12.76595744680851,12.340425531914894,74.8936170212766,6.808510638297872,68.08510638297872
E00055565,505,80,32,48,425,30,395,15.841584158415841,6.336633663366337,9.504950495049505,84.15841584158416,5.9405940594059405,78.21782178217822
E00055566,299,58,30,28,241,11,230,19.39799331103679,10.033444816053512,9.364548494983277,80.60200668896321,3.678929765886288,76.92307692307693
E00055567,364,51,19,32,313,21,292,14.010989010989011,5.21978021978022,8.791208791208792,85.98901098901099,5.769230769230769,80.21978021978022
E00055568,333,51,23,28,282,20,262,15.315315315315313,6.906906906906906,8.408408408408409,84.68468468468468,6.006006006006006,78.67867867867868
E00055569,388,50,24,26,338,29,309,12.886597938144329,6.185567010309279,6.701030927835052,87.11340206185567,7.474226804123711,79.63917525773195
E00055570,347,44,24,20,303,20,283,12.680115273775217,6.9164265129683,5.763688760806916,87.31988472622479,5.763688760806916,81.55619596541787
E00055571,300,47,18,29,253,20,233,15.666666666666668,6,9.666666666666666,84.33333333333334,6.666666666666667,77.66666666666666
E00055573,374,66,24,42,308,30,278,17.647058823529413,6.417112299465241,11.229946524064172,82.35294117647058,8.0213903743315509,74.33155080213903
E00055574,391,52,25,27,339,23,316,13.299232736572892,6.3938618925831205,6.905370843989769,86.70076726342711,5.88235294117647,80.81841432225065
E00055575,272,78,42,36,194,10,184,28.676470588235293,15.441176470588236,13.23529411764706,71.32352941176471,3.6764705882352944,67.64705882352942
E00055576,275,47,29,18,228,21,207,17.09090909090909,10.545454545454545,6.545454545454546,82.9090909090909,7.636363636363637,75.27272727272727
E00055577,237,73,35,38,164,12,152,30.801687763713083,14.767932489451477,16.033755274261605,69.19831223628692,5.063291139240507,64.13502109704642
E00055579,526,118,46,72,408,16,392,22.433460076045627,8.745247148288973,13.688212927756654,77.56653992395437,3.041825095057034,74.52471482889734
E00055580,378,48,22,26,330,12,318,12.698412698412698,5.82010582010582,6.878306878306878,87.3015873015873,3.1746031746031744,84.12698412698413
E00055582,383,79,42,37,304,13,291,20.626631853785902,10.966057441253264,9.660574412532636,79.37336814621409,3.3942558746736298,75.97911227154047
E00055583,299,43,18,25,256,19,237,14.381270903010032,6.0200668896321075,8.361204013377927,85.61872909698997,6.354515050167224,79.26421404682274
E00055584,283,73,41,32,210,10,200,25.795053003533567,14.487632508833922,11.307420494699647,74.20494699646643,3.53356890459364,70.6713780918728
E00055585,353,72,28,44,281,20,261,20.396600566572236,7.932011331444759,12.464589235127479,79.60339943342775,5.6657223796034,73.93767705382436
E00055586,504,96,46,50,408,13,395,19.047619047619047,9.126984126984127,9.920634920634921,80.95238095238095,2.579365079365079,78.37301587301587
E00055588,373,70,33,37,303,14,289,18.766756032171582,8.847184986595174,9.919571045576408,81.23324396782841,3.753351206434316,77.4798927613941
E00055589,366,40,24,16,326,7,319,10.92896174863388,6.557377049180328,4.371584699453552,89.07103825136612,1.912568306010929,87.1584699453552
E00055590,363,41,21,20,322,12,310,11.294765840220386,5.785123966942149,5.5096418732782375,88.70523415977961,3.3057851239669422,85.39944903581267
E00055591,318,51,21,30,267,20,247,16.037735849056602,6.60377358490566,9.433962264150944,83.9622641509434,6.289308176100629,77.67295597484278
E00055592,285,54,30,24,231,13,218,18.947368421052634,10.526315789473683,8.421052631578947,81.05263157894737,4.56140350877193,76.49122807017544
E00055593,490,85,45,40,405,15,390,17.346938775510203,9.183673469387756,8.16326530612245,82.6530612244898,3.061224489795918,79.59183673469387
E00055594,379,64,40,24,315,15,300,16.886543535620053,10.554089709762533,6.33245382585752,83.11345646437994,3.95778364116095,79.15567282321899
E00055595,375,59,25,34,316,12,304,15.733333333333333,6.666666666666667,9.066666666666666,84.26666666666667,3.2,81.06666666666666
E00055596,424,54,26,28,370,20,350,12.735849056603774,6.132075471698113,6.60377358490566,87.26415094339622,4.716981132075472,82.54716981132076
E00055597,583,97,48,49,486,27,459,16.638078902229847,8.233276157804461,8.404802744425385,83.36192109777015,4.631217838765009,78.73070325900514
E00055598,318,61,28,33,257,12,245,19.18238993710692,8.80503144654088,10.377358490566039,80.81761006289308,3.7735849056603774,77.04402515723271
E00055599,326,48,29,19,278,9,269,14.723926380368098,8.895705521472392,5.828220858895705,85.2760736196319,2.7607361963190185,82.51533742331289
E00055600,390,72,39,33,318,11,307,18.461538461538463,10,8.461538461538462,81.53846153846153,2.8205128205128207,78.71794871794872
E00055602,424,57,32,25,367,20,347,13.443396226415095,7.547169811320755,5.89622641509434,86.55660377358491,4.716981132075472,81.83962264150944
E00055603,435,75,36,39,360,18,342,17.24137931034483,8.275862068965518,8.96551724137931,82.75862068965517,4.137931034482759,78.62068965517241
E00055604,460,63,38,25,397,19,378,13.695652173913043,8.26086956521739,5.434782608695652,86.30434782608695,4.130434782608695,82.17391304347827
E00055605,453,47,29,18,406,16,390,10.375275938189846,6.401766004415011,3.9735099337748347,89.62472406181016,3.532008830022075,86.09271523178808
E00055606,491,63,26,37,428,30,398,12.830957230142568,5.295315682281059,7.535641547861507,87.16904276985743,6.109979633401222,81.05906313645622
E00055607,333,53,19,34,280,22,258,15.915915915915916,5.7057057057057055,10.21021021021021,84.08408408408408,6.606606606606606,77.47747747747748
E00055608,454,61,29,32,393,34,359,13.43612334801762,6.387665198237885,7.048458149779736,86.56387665198237,7.488986784140969,79.07488986784142
E00055609,342,62,27,35,280,15,265,18.128654970760234,7.894736842105263,10.23391812865497,81.87134502923976,4.385964912280701,77.48538011695906
E00055610,295,50,21,29,245,22,223,16.94915254237288,7.118644067796611,9.830508474576272,83.05084745762711,7.457627118644068,75.59322033898304
E00055611,284,49,17,32,235,17,218,17.253521126760564,5.985915492957746,11.267605633802818,82.74647887323944,5.985915492957746,76.76056338028168
E00055612,391,84,46,38,307,17,290,21.483375959079286,11.76470588235294,9.718670076726342,78.51662404092072,4.3478260869565215,74.16879795396419
E00055613,479,84,42,42,395,16,379,17.536534446764094,8.768267223382047,8.768267223382047,82.4634655532359,3.3402922755741122,79.12317327766179
E00055614,351,59,29,30,292,17,275,16.80911680911681,8.262108262108262,8.547008547008547,83.1908831908832,4.843304843304843,78.34757834757835
E00055615,277,33,12,21,244,15,229,11.913357400722022,4.332129963898916,7.581227436823104,88.08664259927798,5.415162454873646,82.67148014440433
E00055616,400,75,37,38,325,17,308,18.75,9.25,9.5,81.25,4.25,77
E00055617,400,66,25,41,334,19,315,16.5,6.25,10.25,83.5,4.75,78.75
E00055618,234,50,28,22,184,14,170,21.367521367521366,11.965811965811966,9.401709401709402,78.63247863247864,5.982905982905983,72.64957264957265
E00055619,357,50,26,24,307,20,287,14.005602240896359,7.282913165266107,6.722689075630252,85.99439775910365,5.602240896358544,80.3921568627451
E00055620,363,76,43,33,287,12,275,20.9366391184573,11.84573002754821,9.090909090909092,79.06336088154269,3.3057851239669422,75.75757575757575
E00055621,388,72,30,42,316,17,299,18.556701030927837,7.731958762886598,10.824742268041238,81.44329896907216,4.381443298969072,77.0618556701031
E00055622,389,71,34,37,318,22,296,18.251928020565554,8.740359897172237,9.511568123393316,81.74807197943444,5.655526992287918,76.09254498714652
E00055623,522,112,69,43,410,16,394,21.455938697318008,13.218390804597702,8.237547892720306,78.544061302682,3.065134099616858,75.47892720306514
E00055624,354,60,27,33,294,15,279,16.94915254237288,7.627118644067797,9.322033898305085,83.05084745762711,4.23728813559322,78.8135593220339
E00055625,523,85,48,37,438,16,422,16.252390057361378,9.177820267686425,7.0745697896749515,83.74760994263862,3.0592734225621414,80.68833652007649
E00055626,385,52,23,29,333,13,320,13.506493506493506,5.974025974025974,7.532467532467532,86.49350649350649,3.3766233766233764,83.11688311688312
E00055627,519,62,28,34,457,26,431,11.946050096339114,5.394990366088632,6.551059730250482,88.0539499036609,5.009633911368015,83.04431599229287
E00055628,451,77,38,39,374,18,356,17.073170731707318,8.425720620842572,8.647450110864744,82.92682926829268,3.9911308203991127,78.93569844789357
E00055629,379,65,33,32,314,15,299,17.150395778364118,8.70712401055409,8.443271767810026,82.84960422163589,3.95778364116095,78.89182058047494
E00055630,399,51,29,22,348,23,325,12.781954887218044,7.268170426065162,5.513784461152882,87.21804511278195,5.764411027568922,81.45363408521304
E00055632,253,71,42,29,182,9,173,28.063241106719367,16.600790513833992,11.462450592885375,71.93675889328063,3.557312252964427,68.37944664031622
E00055633,382,58,21,37,324,11,313,15.18324607329843,5.49738219895288,9.68586387434555,84.81675392670157,2.8795811518324608,81.93717277486911
E00055634,440,70,30,40,370,21,349,15.909090909090908,6.8181818181818175,9.090909090909092,84.0909090909091,4.772727272727273,79.31818181818183
E00055635,335,41,15,26,294,26,268,12.238805970149254,4.477611940298507,7.761194029850746,87.76119402985074,7.761194029850746,80
E00055636,427,60,30,30,367,30,337,14.05152224824356,7.02576112412178,7.02576112412178,85.94847775175644,7.02576112412178,78.92271662763466
E00055637,299,50,24,26,249,23,226,16.722408026755854,8.02675585284281,8.695652173913043,83.27759197324414,7.6923076923076925,75.58528428093646
E00055638,325,53,19,34,272,25,247,16.307692307692307,5.846153846153846,10.461538461538462,83.6923076923077,7.6923076923076925,76
E00055639,346,42,17,25,304,23,281,12.138728323699421,4.913294797687861,7.225433526011561,87.861271676300575,6.6473988439306355,81.21387283236994
E00055640,333,52,25,27,281,29,252,15.615615615615615,7.5075075075075075,8.108108108108109,84.38438438438438,8.708708708708707,75.67567567567568
E00055641,316,80,40,40,236,18,218,25.31645569620253,12.658227848101266,12.658227848101266,74.68354430379746,5.69620253164557,68.9873417721519
E00055642,328,60,26,34,268,20,248,18.29268292682927,7.926829268292683,10.365853658536585,81.70731707317073,6.097560975609756,75.60975609756098
E00055643,231,46,28,18,185,20,165,19.913419913419915,12.121212121212121,7.792207792207792,80.08658008658008,8.658008658008658,71.42857142857143
E00055644,410,75,42,33,335,19,316,18.29268292682927,10.24390243902439,8.048780487804878,81.70731707317073,4.634146341463414,77.07317073170732
E00055645,334,104,70,34,230,17,213,31.137724550898206,20.958083832335326,10.179640718562874,68.8622754491018,5.089820359281437,63.772455089820355
E00055646,318,58,30,28,260,18,242,18.238993710691823,9.433962264150944,8.80503144654088,81.76100628930818,5.660377358490567,76.10062893081762
E00055647,382,60,23,37,322,14,308,15.706806282722512,6.020942408376963,9.68586387434555,84.29319371727748,3.664921465968586,80.6282722513089
E00055648,309,47,23,24,262,15,247,15.210355987055015,7.443365695792881,7.766990291262135,84.78964401294499,4.854368932038835,79.93527508090615
E00055649,277,35,16,19,242,18,224,12.63537906137184,5.776173285198556,6.859205776173286,87.36462093862815,6.4981949458483745,80.86642599277978
E00055650,300,50,22,28,250,13,237,16.666666666666664,7.333333333333333,9.333333333333334,83.33333333333334,4.333333333333334,79
E00055651,463,94,50,44,369,20,349,20.302375809935207,10.799136069114471,9.503239740820735,79.6976241900648,4.319654427645788,75.377969762419
E00055652,236,38,12,26,198,20,178,16.101694915254235,5.084745762711865,11.016949152542372,83.89830508474576,8.47457627118644,75.42372881355932
E00055653,412,71,31,40,341,26,315,17.233009708737864,7.524271844660194,9.70873786407767,82.76699029126213,6.310679611650485,76.45631067961165
E00055654,310,70,38,32,240,4,236,22.58064516129032,12.258064516129032,10.32258064516129,77.41935483870968,1.2903225806451613,76.12903225806451
E00055655,299,61,36,25,238,5,233,20.401337792642142,12.040133779264215,8.361204013377927,79.59866220735786,1.6722408026755853,77.92642140468227
E00055656,283,58,23,35,225,26,199,20.49469964664311,8.12720848056537,12.36749116607774,79.50530035335689,9.187279151943462,70.31802120141343
E00055657,418,49,23,26,369,22,347,11.722488038277511,5.502392344497608,6.220095693779904,88.27751196172248,5.263157894736842,83.01435406698565
E00055658,335,63,30,33,272,13,259,18.80597014925373,8.955223880597014,9.850746268656717,81.19402985074626,3.880597014925373,77.31343283582089
E00055659,215,73,46,27,142,9,133,33.95348837209302,21.3953488372093,12.558139534883722,66.04651162790698,4.186046511627907,61.86046511627907
E00055660,392,58,26,32,334,18,316,14.795918367346939,6.63265306122449,8.16326530612245,85.20408163265306,4.591836734693878,80.61224489795919
E00055661,321,55,22,33,266,22,244,17.133956386292834,6.853582554517133,10.2803738317757,82.86604361370716,6.853582554517133,76.01246105919003
E00055662,333,54,28,26,279,14,265,16.216216216216218,8.408408408408409,7.807807807807808,83.78378378378379,4.2042042042042045,79.57957957957959
E00055663,345,41,25,16,304,19,285,11.884057971014492,7.246376811594203,4.63768115942029,88.1159420289855,5.507246376811594,82.6086956521739
E00055664,373,60,23,37,313,20,293,16.0857908847185,6.166219839142091,9.919571045576408,83.91420911528151,5.361930294906166,78.55227882037534
E00055665,366,68,38,30,298,17,281,18.579234972677597,10.382513661202186,8.19672131147541,81.4207650273224,4.644808743169399,76.775956284153
E00055666,297,57,17,40,240,30,210,19.19191919191919,5.723905723905724,13.468013468013467,80.8080808080808,10.1010101010101,70.70707070707071
E00055667,467,95,46,49,372,14,358,20.342612419700217,9.850107066381156,10.492505353319057,79.65738758029978,2.9978586723768736,76.65952890792292
E00055668,419,62,32,30,357,17,340,14.797136038186157,7.637231503579953,7.159904534606206,85.20286396181385,4.05727923627685,81.14558472553699
E00055669,326,41,12,29,285,28,257,12.576687116564417,3.6809815950920246,8.895705521472392,87.42331288343557,8.588957055214724,78.83435582822086
E00055670,277,47,23,24,230,22,208,16.967509025270758,8.303249097472925,8.664259927797833,83.03249097472924,7.9422382671480145,75.09025270758123
E00055671,293,36,14,22,257,27,230,12.286689419795222,4.778156996587031,7.508532423208192,87.71331058020478,9.215017064846416,78.49829351535837
E00055672,291,31,8,23,260,22,238,10.652920962199312,2.7491408934707904,7.903780068728522,89.3470790378007,7.560137457044673,81.78694158075601
E00055673,288,39,17,22,249,20,229,13.541666666666666,5.902777777777778,7.638888888888889,86.45833333333334,6.944444444444445,79.51388888888889
E00055674,284,43,15,28,241,31,210,15.140845070422534,5.28169014084507,9.859154929577464,84.85915492957746,10.915492957746478,73.94366197183099
E00055675,270,39,10,29,231,27,204,14.444444444444443,3.7037037037037033,10.74074074074074,85.55555555555556,10,75.55555555555556
E00055676,302,43,14,29,259,27,232,14.23841059602649,4.635761589403973,9.602649006622517,85.76158940397352,8.940397350993377,76.82119205298014
E00055677,331,60,22,38,271,22,249,18.12688821752266,6.646525679758309,11.48036253776435,81.87311178247734,6.646525679758309,75.22658610271903
E00055678,239,92,43,49,147,11,136,38.49372384937239,17.99163179916318,20.502092050209207,61.50627615062761,4.602510460251046,56.903765690376574
E00055679,407,79,29,50,328,31,297,19.41031941031941,7.125307125307126,12.285012285012286,80.5896805896806,7.616707616707617,72.97297297297297
E00055680,336,54,14,40,282,24,258,16.071428571428573,4.166666666666666,11.904761904761903,83.92857142857143,7.142857142857142,76.78571428571429
E00055681,270,52,17,35,218,21,197,19.25925925925926,6.296296296296296,12.962962962962962,80.74074074074075,7.777777777777778,72.96296296296296
E00055682,262,43,20,23,219,25,194,16.412213740458014,7.633587786259542,8.778625954198473,83.58778625954199,9.541984732824428,74.04580152671755
E00055683,185,62,24,38,123,13,110,33.513513513513516,12.972972972972974,20.54054054054054,66.48648648648648,7.027027027027027,59.45945945945946
E00055684,295,43,15,28,252,27,225,14.576271186440678,5.084745762711865,9.491525423728813,85.42372881355932,9.152542372881356,76.27118644067797
E00055685,292,50,19,31,242,23,219,17.123287671232877,6.506849315068493,10.616438356164384,82.87671232876713,7.876712328767123,75
E00055686,277,42,20,22,235,26,209,15.162454873646208,7.2202166064981945,7.9422382671480145,84.83754512635379,9.386281588447654,75.45126353790613
E00055687,230,36,19,17,194,22,172,15.65217391304348,8.26086956521739,7.391304347826087,84.34782608695653,9.565217391304348,74.78260869565217
E00055688,372,44,19,25,328,25,303,11.827956989247312,5.10752688172043,6.720430107526881,88.17204301075269,6.720430107526881,81.45161290322581
E00055689,276,49,24,25,227,16,211,17.753623188405797,8.695652173913043,9.057971014492754,82.2463768115942,5.797101449275362,76.44927536231883
E00055690,343,40,17,23,303,29,274,11.661807580174926,4.956268221574344,6.705539358600583,88.33819241982506,8.454810495626822,79.88338192419825
E00055691,291,42,13,29,249,18,231,14.432989690721648,4.4673539518900345,9.965635738831615,85.56701030927834,6.185567010309279,79.38144329896907
E00055692,304,31,14,17,273,20,253,10.197368421052632,4.605263157894736,5.592105263157895,89.80263157894737,6.578947368421052,83.22368421052632
E00055693,258,33,12,21,225,17,208,12.790697674418606,4.651162790697675,8.13953488372093,87.20930232558139,6.5891472868217065,80.62015503875969
E00055694,482,102,47,55,380,31,349,21.16182572614108,9.751037344398341,11.410788381742739,78.83817427385893,6.431535269709543,72.40663900414937
E00055696,237,57,19,38,180,15,165,24.050632911392405,8.016877637130802,16.033755274261605,75.9493670886076,6.329113924050633,69.62025316455697
E00055697,440,56,24,32,384,32,352,12.727272727272727,5.454545454545454,7.2727272727272725,87.27272727272727,7.2727272727272725,80
E00055698,363,66,32,34,297,26,271,18.181818181818183,8.81542699724518,9.366391184573002,81.81818181818183,7.162534435261708,74.65564738292011
E00055699,247,38,19,19,209,21,188,15.384615384615385,7.6923076923076925,7.6923076923076925,84.61538461538461,8.502024291497975,76.11336032388664
E00055700,334,86,41,45,248,26,222,25.748502994011975,12.275449101796406,13.47305389221557,74.25149700598801,7.784431137724551,66.46706586826348
E00055701,268,33,9,24,235,29,206,12.313432835820896,3.3582089552238807,8.955223880597014,87.68656716417911,10.820895522388058,76.86567164179104
E00055702,561,75,23,52,486,43,443,13.368983957219251,4.09982174688057,9.269162210338681,86.63101604278076,7.66488413547237,78.96613190730838
E00055703,276,44,19,25,232,26,206,15.942028985507244,6.884057971014493,9.057971014492754,84.05797101449275,9.420289855072465,74.63768115942028
E00055704,308,38,13,25,270,24,246,12.337662337662337,4.220779220779221,8.116883116883116,87.66233766233766,7.792207792207792,79.87012987012987
E00055705,326,50,15,35,276,21,255,15.337423312883436,4.601226993865031,10.736196319018406,84.66257668711657,6.441717791411043,78.22085889570552
E00055706,323,78,30,48,245,21,224,24.148606811145513,9.287925696594428,14.860681114551083,75.85139318885449,6.5015479876160995,69.3498452012384
E00055707,325,34,14,20,291,24,267,10.461538461538462,4.3076923076923075,6.153846153846154,89.53846153846153,7.384615384615385,82.15384615384616
E00055708,307,78,38,40,229,17,212,25.407166123778502,12.37785016286645,13.029315960912053,74.5928338762215,5.537459283387622,69.05537459283387
E00055709,309,45,18,27,264,20,244,14.563106796116504,5.825242718446602,8.737864077669903,85.43689320388349,6.472491909385113,78.96440129449837
E00055710,350,64,23,41,286,13,273,18.285714285714285,6.571428571428571,11.714285714285715,81.71428571428572,3.7142857142857144,78
E00055711,245,36,18,18,209,28,181,14.69387755102041,7.346938775510205,7.346938775510205,85.3061224489796,11.428571428571429,73.87755102040816
E00055712,307,50,20,30,257,28,229,16.286644951140065,6.514657980456026,9.77198697068404,83.71335504885994,9.120521172638437,74.5928338762215
E00055713,521,82,32,50,439,26,413,15.738963531669867,6.142034548944338,9.596928982725528,84.26103646833013,4.990403071017274,79.27063339731286
E00055714,384,63,28,35,321,19,302,16.40625,7.291666666666667,9.114583333333332,83.59375,4.947916666666666,78.64583333333334
E00055715,340,73,38,35,267,11,256,21.470588235294116,11.176470588235295,10.294117647058822,78.52941176470588,3.2352941176470593,75.29411764705883
E00055716,317,37,7,30,280,25,255,11.67192429022082,2.2082018927444795,9.46372239747634,88.32807570977917,7.886435331230284,80.4416403785489
E00055717,353,59,24,35,294,25,269,16.71388101983003,6.79886685552408,9.91501416430595,83.28611898016997,7.0821529745042495,76.20396600566572
E00055718,228,47,17,30,181,17,164,20.614035087719298,7.456140350877193,13.157894736842104,79.3859649122807,7.456140350877193,71.9298245614035
E00055719,291,40,11,29,251,24,227,13.745704467353953,3.7800687285223367,9.965635738831615,86.25429553264605,8.24742268041237,78.00687285223368
E00055720,284,42,18,24,242,20,222,14.788732394366196,6.338028169014084,8.450704225352112,85.2112676056338,7.042253521126761,78.16901408450704
E00055721,287,33,11,22,254,24,230,11.498257839721255,3.8327526132404177,7.665505226480835,88.50174216027874,8.362369337979095,80.13937282229965
E00055722,266,45,17,28,221,19,202,16.917293233082706,6.390977443609022,10.526315789473683,83.0827067669173,7.142857142857142,75.93984962406014
E00055723,296,52,20,32,244,17,227,17.56756756756757,6.756756756756757,10.81081081081081,82.43243243243244,5.743243243243244,76.6891891891892
E00055724,243,63,31,32,180,15,165,25.925925925925924,12.757201646090536,13.168724279835391,74.07407407407408,6.172839506172839,67.90123456790124
E00055725,293,68,38,30,225,18,207,23.208191126279864,12.969283276450511,10.238907849829351,76.79180887372013,6.143344709897611,70.64846416382252
E00055726,308,45,17,28,263,19,244,14.61038961038961,5.51948051948052,9.090909090909092,85.3896103896104,6.1688311688311686,79.22077922077922
E00055727,263,39,11,28,224,28,196,14.82889733840304,4.182509505703422,10.646387832699618,85.17110266159695,10.646387832699618,74.52471482889734
E00055728,234,67,29,38,167,21,146,28.63247863247863,12.393162393162394,16.23931623931624,71.36752136752136,8.974358974358974,62.39316239316239
E00055729,352,71,28,43,281,12,269,20.170454545454543,7.954545454545454,12.215909090909092,79.82954545454545,3.4090909090909087,76.42045454545455
E00055730,311,85,46,39,226,25,201,27.331189710610932,14.790996784565916,12.540192926045016,72.66881028938906,8.038585209003216,64.63022508038586
E00055731,394,56,25,31,338,33,305,14.213197969543149,6.345177664974619,7.868020304568528,85.78680203045685,8.375634517766498,77.41116751269035
E00055732,282,33,8,25,249,21,228,11.702127659574469,2.8368794326241136,8.865248226950355,88.29787234042553,7.446808510638298,80.85106382978722
E00055733,371,60,24,36,311,33,278,16.172506738544474,6.46900269541779,9.703504043126685,83.82749326145552,8.89487870619946,74.93261455525607
E00055734,182,20,3,17,162,11,151,10.989010989010989,1.6483516483516485,9.340659340659341,89.01098901098901,6.043956043956044,82.96703296703298
E00055735,302,27,11,16,275,24,251,8.940397350993377,3.642384105960265,5.298013245033113,91.05960264900662,7.9470198675496695,83.11258278145695
E00055736,312,47,17,30,265,34,231,15.064102564102564,5.448717948717949,9.615384615384617,84.93589743589743,10.897435897435898,74.03846153846155
E00055737,179,66,34,32,113,8,105,36.87150837988827,18.994413407821227,17.877094972067038,63.128491620111724,4.4692737430167595,58.659217877094974
E00055738,252,64,36,28,188,23,165,25.396825396825395,14.285714285714285,11.11111111111111,74.60317460317461,9.126984126984127,65.47619047619048
E00055739,357,76,31,45,281,23,258,21.288515406162464,8.683473389355742,12.605042016806722,78.71148459383754,6.442577030812324,72.26890756302521
E00055740,365,64,27,37,301,25,276,17.534246575342465,7.397260273972603,10.136986301369863,82.46575342465754,6.8493150684931505,75.61643835616438
E00055741,256,41,12,29,215,21,194,16.015625,4.6875,11.328125,83.984375,8.203125,75.78125
E00055742,375,63,18,45,312,47,265,16.8,4.8,12,83.2,12.533333333333333,70.66666666666667
E00055743,288,38,11,27,250,21,229,13.194444444444445,3.8194444444444446,9.375,86.80555555555556,7.291666666666667,79.51388888888889
E00055744,356,49,22,27,307,34,273,13.764044943820226,6.179775280898876,7.584269662921349,86.23595505617978,9.550561797752808,76.68539325842697
E00055745,225,41,15,26,184,17,167,18.22222222222222,6.666666666666667,11.555555555555555,81.77777777777779,7.555555555555555,74.22222222222223
E00055746,292,41,19,22,251,25,226,14.04109589041096,6.506849315068493,7.534246575342466,85.95890410958904,8.561643835616438,77.3972602739726
E00055747,221,42,21,21,179,18,161,19.004524886877828,9.502262443438914,9.502262443438914,80.99547511312217,8.144796380090497,72.85067873303167
E00055748,237,71,34,37,166,10,156,29.957805907172997,14.345991561181433,15.611814345991561,70.042194092827,4.219409282700422,65.82278481012658
E00055749,351,64,24,40,287,22,265,18.233618233618234,6.837606837606838,11.396011396011396,81.76638176638177,6.267806267806268,75.49857549857549
E00055750,319,54,28,26,265,31,234,16.927899686520377,8.77742946708464,8.150470219435736,83.07210031347962,9.717868338557993,73.35423197492163
E00055751,245,62,29,33,183,19,164,25.30612244897959,11.83673469387755,13.46938775510204,74.6938775510204,7.755102040816326,66.93877551020408
E00055752,321,41,13,28,280,29,251,12.77258566978193,4.049844236760125,8.722741433021806,87.22741433021807,9.034267912772584,78.19314641744548
E00055753,239,38,15,23,201,17,184,15.899581589958158,6.2761506276150625,9.623430962343097,84.10041841004184,7.112970711297072,76.98744769874477
E00055754,342,85,43,42,257,20,237,24.853801169590643,12.573099415204677,12.280701754385964,75.14619883040936,5.847953216374268,69.2982456140351
E00055755,267,43,16,27,224,29,195,16.10486891385768,5.992509363295881,10.112359550561797,83.89513108614233,10.861423220973784,73.03370786516854
E00055756,346,72,25,47,274,22,252,20.809248554913296,7.225433526011561,13.583815028901732,79.1907514450867,6.358381502890173,72.83236994219652
E00055757,266,72,34,38,194,21,173,27.06766917293233,12.781954887218044,14.285714285714285,72.93233082706767,7.894736842105263,65.0375939849624
E00055758,233,66,35,31,167,22,145,28.32618025751073,15.021459227467812,13.304721030042918,71.67381974248927,9.44206008583691,62.231759656652365
E00055759,338,75,24,51,263,29,234,22.189349112426036,7.100591715976331,15.088757396449704,77.81065088757396,8.579881656804734,69.23076923076923
E00055760,378,60,18,42,318,22,296,15.873015873015872,4.761904761904762,11.11111111111111,84.12698412698413,5.82010582010582,78.3068783068783
E00055761,387,74,29,45,313,26,287,19.12144702842377,7.493540051679587,11.627906976744185,80.87855297157623,6.718346253229974,74.16020671834626
E00055762,276,49,21,28,227,26,201,17.753623188405797,7.608695652173914,10.144927536231885,82.2463768115942,9.420289855072465,72.82608695652173
E00055763,322,83,52,31,239,14,225,25.77639751552795,16.149068322981368,9.627329192546584,74.22360248447205,4.3478260869565215,69.87577639751554
E00055764,347,53,19,34,294,24,270,15.273775216138327,5.475504322766571,9.798270893371757,84.72622478386167,6.9164265129683,77.80979827089337
E00055765,286,43,15,28,243,25,218,15.034965034965033,5.244755244755245,9.79020979020979,84.96503496503497,8.741258741258742,76.22377622377621
E00055766,169,58,35,23,111,18,93,34.319526627218934,20.710059171597635,13.609467455621301,65.68047337278107,10.650887573964498,55.02958579881657
E00055767,275,30,7,23,245,25,220,10.909090909090908,2.5454545454545454,8.363636363636363,89.0909090909091,9.090909090909092,80
E00055768,256,28,11,17,228,26,202,10.9375,4.296875,6.640625,89.0625,10.15625,78.90625
E00055769,282,52,14,38,230,16,214,18.439716312056735,4.964539007092199,13.47517730496454,81.56028368794325,5.673758865248227,75.88652482269504
E00055771,259,40,11,29,219,23,196,15.444015444015443,4.247104247104247,11.196911196911197,84.55598455598455,8.880308880308881,75.67567567567568
E00055772,308,33,10,23,275,25,250,10.714285714285714,3.2467532467532463,7.467532467532467,89.28571428571429,8.116883116883116,81.16883116883116
E00055773,216,34,11,23,182,16,166,15.74074074074074,5.092592592592593,10.648148148148149,84.25925925925925,7.4074074074074066,76.85185185185185
E00055774,278,46,17,29,232,28,204,16.546762589928058,6.115107913669065,10.431654676258994,83.45323741007195,10.071942446043165,73.38129496402878
E00055775,278,45,13,32,233,23,210,16.18705035971223,4.676258992805756,11.510791366906476,83.81294964028777,8.273381294964029,75.53956834532374
E00055776,449,61,23,38,388,30,358,13.585746102449889,5.122494432071269,8.463251670378618,86.41425389755011,6.6815144766147,79.73273942093542
E00055777,323,65,31,34,258,19,239,20.123839009287924,9.597523219814242,10.526315789473683,79.87616099071208,5.88235294117647,73.9938080495356
E00055778,249,51,15,36,198,21,177,20.481927710843372,6.024096385542169,14.457831325301203,79.51807228915662,8.433734939759036,71.08433734939759
E00055779,310,45,13,32,265,26,239,14.516129032258066,4.193548387096775,10.32258064516129,85.48387096774194,8.38709677419355,77.09677419354838
E00055780,355,64,21,43,291,25,266,18.028169014084508,5.915492957746479,12.112676056338028,81.97183098591549,7.042253521126761,74.92957746478874
E00055781,237,38,18,20,199,22,177,16.033755274261605,7.59493670886076,8.438818565400844,83.96624472573839,9.282700421940929,74.68354430379746
E00055783,320,54,22,32,266,26,240,16.875,6.875000000000001,10,83.125,8.125,75
E00055784,296,36,13,23,260,22,238,12.162162162162163,4.391891891891892,7.77027027027027,87.83783783783784,7.4324324324324325,80.4054054054054
E00055785,401,61,23,38,340,26,314,15.211970074812967,5.7356608478802995,9.476309226932669,84.78802992518703,6.483790523690773,78.30423940149626
E00055786,243,33,10,23,210,26,184,13.580246913580247,4.11522633744856,9.465020576131687,86.41975308641975,10.699588477366255,75.7201646090535
E00055787,334,44,21,23,290,31,259,13.17365269461078,6.287425149700598,6.88622754491018,86.82634730538922,9.281437125748502,77.54491017964071
E00055788,371,62,23,39,309,26,283,16.711590296495956,6.199460916442049,10.512129380053908,83.28840970350404,7.008086253369273,76.28032345013477
E00055789,398,55,22,33,343,19,324,13.819095477386934,5.527638190954774,8.291457286432161,86.18090452261306,4.773869346733668,81.4070351758794
E00055790,332,66,27,39,266,24,242,19.879518072289155,8.132530120481928,11.74698795180723,80.12048192771084,7.228915662650602,72.89156626506023
E00055791,421,100,56,44,321,34,287,23.75296912114014,13.30166270783848,10.451306413301662,76.24703087885986,8.076009501187649,68.17102137767222
E00055792,227,52,23,29,175,18,157,22.90748898678414,10.13215859030837,12.77533039647577,77.09251101321586,7.929515418502203,69.16299559471366
E00055793,301,48,23,25,253,21,232,15.946843853820598,7.641196013289036,8.305647840531561,84.0531561461794,6.976744186046512,77.0764119601329
E00055794,301,63,17,46,238,26,212,20.930232558139537,5.647840531561462,15.282392026578073,79.06976744186046,8.637873754152823,70.43189368770764
E00055795,366,64,27,37,302,30,272,17.48633879781421,7.377049180327869,10.10928961748634,82.5136612021858,8.19672131147541,74.31693989071039
E00055796,308,48,20,28,260,32,228,15.584415584415584,6.493506493506493,9.090909090909092,84.4155844155844,10.38961038961039,74.02597402597402
E00055797,339,59,20,39,280,33,247,17.404129793510325,5.899705014749262,11.504424778761061,82.59587020648968,9.734513274336283,72.86135693215338
E00055798,306,43,14,29,263,24,239,14.052287581699346,4.57516339869281,9.477124183006536,85.94771241830065,7.8431372549019605,78.10457516339869
E00055799,406,68,19,49,338,26,312,16.748768472906402,4.679802955665025,12.068965517241379,83.2512315270936,6.403940886699508,76.84729064039408
E00055800,418,53,24,29,365,25,340,12.679425837320574,5.741626794258373,6.937799043062201,87.32057416267942,5.980861244019139,81.3397129186603
E00055801,305,57,22,35,248,27,221,18.688524590163937,7.213114754098362,11.475409836065573,81.31147540983606,8.852459016393443,72.45901639344262
E00055802,290,47,16,31,243,22,221,16.206896551724135,5.517241379310345,10.689655172413794,83.79310344827586,7.586206896551724,76.20689655172413
E00055803,226,29,13,16,197,18,179,12.831858407079647,5.752212389380531,7.079646017699115,87.16814159292035,7.964601769911504,79.20353982300885
E00055804,332,85,39,46,247,19,228,25.602409638554217,11.74698795180723,13.855421686746988,74.3975903614458,5.72289156626506,68.67469879518072
E00055805,278,40,19,21,238,22,216,14.388489208633093,6.83453237410072,7.553956834532374,85.61151079136691,7.913669064748201,77.6978417266187
E00055806,436,50,13,37,386,35,351,11.46788990825688,2.981651376146789,8.486238532110093,88.53211009174312,8.027522935779817,80.5045871559633
E00055807,245,36,13,23,209,29,180,14.69387755102041,5.3061224489795915,9.387755102040817,85.3061224489796,11.83673469387755,73.46938775510205
E00055808,307,55,16,39,252,25,227,17.91530944625407,5.211726384364821,12.703583061889251,82.08469055374593,8.143322475570033,73.9413680781759
E00055809,327,71,29,42,256,17,239,21.712538226299692,8.868501529051988,12.844036697247708,78.2874617737003,5.198776758409786,73.08868501529052
E00055810,250,61,24,37,189,30,159,24.4,9.6,14.799999999999999,75.6,12,63.6
E00055811,270,64,27,37,206,26,180,23.703703703703706,10,13.703703703703704,76.29629629629629,9.62962962962963,66.66666666666666
E00055812,328,88,51,37,240,23,217,26.82926829268293,15.548780487804878,11.28048780487805,73.17073170731707,7.01219512195122,66.15853658536585
E00055813,229,55,23,32,174,17,157,24.017467248908297,10.043668122270741,13.973799126637553,75.9825327510917,7.423580786026202,68.5589519650655
E00055814,446,83,32,51,363,36,327,18.609865470852018,7.174887892376682,11.434977578475337,81.39013452914799,8.071748878923767,73.31838565022422
E00055815,211,59,26,33,152,14,138,27.96208530805687,12.322274881516588,15.639810426540285,72.03791469194313,6.6350710900473935,65.40284360189574
E00055816,359,53,24,29,306,25,281,14.763231197771587,6.685236768802229,8.07799442896936,85.23676880222841,6.963788300835655,78.27298050139275
E00055817,377,84,37,47,293,24,269,22.281167108753316,9.814323607427056,12.46684350132626,77.71883289124668,6.36604774535809,71.3527851458886
E00055818,377,57,25,32,320,31,289,15.119363395225463,6.631299734748011,8.488063660477453,84.88063660477454,8.222811671087534,76.657824933687
E00055819,273,79,37,42,194,14,180,28.93772893772894,13.553113553113553,15.384615384615385,71.06227106227107,5.128205128205128,65.93406593406593
E00055820,405,47,21,26,358,23,335,11.604938271604938,5.185185185185185,6.419753086419753,88.39506172839506,5.679012345679013,82.71604938271605
E00055821,298,44,18,26,254,36,218,14.76510067114094,6.0402684563758395,8.724832214765101,85.23489932885906,12.080536912751679,73.15436241610739
E00055822,264,42,13,29,222,21,201,15.909090909090908,4.924242424242424,10.984848484848484,84.0909090909091,7.954545454545454,76.13636363636364
E00055823,249,59,17,42,190,26,164,23.694779116465863,6.827309236947792,16.867469879518072,76.30522088353415,10.441767068273093,65.86345381526104
E00055824,294,42,25,17,252,35,217,14.285714285714285,8.503401360544217,5.782312925170068,85.71428571428571,11.904761904761903,73.80952380952381
E00055825,205,39,23,16,166,11,155,19.024390243902438,11.219512195121952,7.804878048780488,80.97560975609757,5.365853658536586,75.60975609756098
E00055826,344,60,20,40,284,27,257,17.441860465116278,5.813953488372093,11.627906976744185,82.55813953488372,7.848837209302325,74.70930232558139
E00055827,265,40,14,26,225,18,207,15.09433962264151,5.283018867924529,9.811320754716983,84.90566037735849,6.7924528301886795,78.11320754716982
E00055828,392,55,20,35,337,36,301,14.030612244897958,5.1020408163265305,8.928571428571429,85.96938775510205,9.183673469387756,76.78571428571429
E00055829,276,55,33,22,221,18,203,19.92753623188406,11.956521739130435,7.971014492753622,80.07246376811594,6.521739130434782,73.55072463768117
E00055830,523,58,29,29,465,21,444,11.089866156787762,5.544933078393881,5.544933078393881,88.91013384321224,4.015296367112811,84.89483747609943
E00055831,268,49,14,35,219,26,193,18.28358208955224,5.223880597014925,13.059701492537313,81.71641791044776,9.701492537313433,72.01492537313433
E00055832,243,60,21,39,183,18,165,24.691358024691358,8.641975308641975,16.049382716049383,75.30864197530865,7.4074074074074066,67.90123456790124
E00055833,400,100,49,51,300,41,259,25,12.25,12.75,75,10.25,64.75
E00055834,329,42,13,29,287,29,258,12.76595744680851,3.951367781155015,8.814589665653495,87.2340425531915,8.814589665653495,78.419452887538
E00055835,394,66,41,25,328,17,311,16.751269035532996,10.406091370558377,6.345177664974619,83.24873096446701,4.314720812182741,78.93401015228426
E00055836,413,53,20,33,360,13,347,12.832929782082324,4.8426150121065374,7.990314769975787,87.16707021791767,3.14769975786925,84.01937046004842
E00055837,410,69,49,20,341,14,327,16.82926829268293,11.951219512195122,4.878048780487805,83.17073170731707,3.414634146341464,79.75609756097562
E00055838,328,60,20,40,268,16,252,18.29268292682927,6.097560975609756,12.195121951219512,81.70731707317073,4.878048780487805,76.82926829268293
E00055839,280,63,31,32,217,16,201,22.5,11.071428571428571,11.428571428571429,77.5,5.714285714285714,71.78571428571429
E00055840,255,57,23,34,198,14,184,22.35294117647059,9.019607843137255,13.333333333333334,77.64705882352942,5.490196078431373,72.15686274509804
E00055841,336,85,41,44,251,16,235,25.297619047619047,12.202380952380953,13.095238095238097,74.70238095238095,4.761904761904762,69.94047619047619
E00055842,193,55,32,23,138,6,132,28.497409326424872,16.580310880829018,11.917098445595855,71.50259067357513,3.1088082901554404,68.39378238341969
E00055843,358,102,66,36,256,31,225,28.49162011173184,18.435754189944134,10.05586592178771,71.50837988826815,8.659217877094973,62.849162011173185
E00055844,331,59,31,28,272,7,265,17.82477341389728,9.365558912386707,8.459214501510575,82.17522658610272,2.1148036253776437,80.06042296072508
E00055845,363,59,24,35,304,25,279,16.2534435261708,6.6115702479338845,9.641873278236915,83.7465564738292,6.887052341597796,76.85950413223141
E00055846,319,52,22,30,267,13,254,16.30094043887147,6.896551724137931,9.404388714733543,83.69905956112854,4.075235109717868,79.62382445141067
E00055847,322,71,31,40,251,21,230,22.049689440993788,9.627329192546584,12.422360248447205,77.95031055900621,6.521739130434782,71.42857142857143
E00055848,355,58,32,26,297,11,286,16.338028169014084,9.014084507042254,7.323943661971831,83.66197183098592,3.0985915492957745,80.56338028169014
E00055849,302,112,79,33,190,14,176,37.086092715231786,26.158940397350992,10.927152317880795,62.913907284768214,4.635761589403973,58.27814569536424
E00055850,418,71,27,44,347,24,323,16.985645933014354,6.4593301435406705,10.526315789473683,83.01435406698565,5.741626794258373,77.27272727272727
E00055851,328,54,29,25,274,25,249,16.463414634146343,8.841463414634147,7.621951219512195,83.53658536585365,7.621951219512195,75.91463414634147
E00055852,302,58,30,28,244,16,228,19.205298013245034,9.933774834437086,9.271523178807946,80.79470198675497,5.298013245033113,75.49668874172185
E00055853,416,61,30,31,355,7,348,14.663461538461538,7.211538461538461,7.451923076923077,85.33653846153845,1.6826923076923077,83.65384615384616
E00055854,385,66,40,26,319,18,301,17.142857142857142,10.38961038961039,6.753246753246753,82.85714285714286,4.675324675324675,78.18181818181819
E00055855,318,66,26,40,252,14,238,20.754716981132077,8.176100628930817,12.578616352201259,79.24528301886792,4.40251572327044,74.84276729559748
E00055856,327,67,32,35,260,23,237,20.489296636085626,9.785932721712538,10.703363914373089,79.51070336391437,7.033639143730887,72.47706422018348
E00055857,367,68,33,35,299,32,267,18.52861035422343,8.991825613079019,9.536784741144414,81.47138964577657,8.71934604904632,72.75204359673025
E00055858,254,34,17,17,220,17,203,13.385826771653544,6.692913385826772,6.692913385826772,86.61417322834646,6.692913385826772,79.92125984251969
E00055859,310,76,44,32,234,9,225,24.516129032258064,14.193548387096774,10.32258064516129,75.48387096774194,2.903225806451613,72.58064516129032
E00055860,271,53,19,34,218,22,196,19.557195571955717,7.011070110701106,12.546125461254611,80.44280442804428,8.118081180811808,72.32472324723247
E00055861,316,62,28,34,254,17,237,19.62025316455696,8.860759493670885,10.759493670886076,80.37974683544303,5.379746835443038,75
E00055862,303,48,22,26,255,25,230,15.841584158415841,7.2607260726072615,8.58085808580858,84.15841584158416,8.25082508250825,75.9075907590759
E00055863,173,45,19,26,128,12,116,26.011560693641616,10.982658959537572,15.028901734104046,73.98843930635837,6.9364161849710975,67.05202312138728
E00055864,380,58,25,33,322,29,293,15.263157894736842,6.578947368421052,8.68421052631579,84.73684210526315,7.631578947368421,77.10526315789473
E00055865,148,16,5,11,132,15,117,10.81081081081081,3.3783783783783785,7.4324324324324325,89.1891891891892,10.135135135135135,79.05405405405406
E00055866,181,50,22,28,131,17,114,27.624309392265197,12.154696132596685,15.469613259668508,72.37569060773481,9.392265193370166,62.98342541436463
E00055867,247,45,18,27,202,18,184,18.218623481781375,7.28744939271255,10.931174089068826,81.78137651821862,7.28744939271255,74.49392712550608
E00055868,239,45,20,25,194,18,176,18.828451882845187,8.368200836820083,10.460251046025103,81.17154811715481,7.531380753138076,73.64016736401673
E00055869,307,33,14,19,274,20,254,10.749185667752444,4.5602605863192185,6.188925081433225,89.25081433224756,6.514657980456026,82.73615635179154
E00055870,272,34,12,22,238,18,220,12.5,4.411764705882353,8.088235294117647,87.5,6.61764705882353,80.88235294117648
E00055871,250,44,14,30,206,23,183,17.599999999999998,5.6000000000000005,12,82.39999999999999,9.2,73.2
E00055872,216,41,12,29,175,16,159,18.98148148148148,5.555555555555555,13.425925925925927,81.01851851851852,7.4074074074074066,73.61111111111111
E00055873,349,56,14,42,293,18,275,16.045845272206304,4.011461318051576,12.034383954154727,83.95415472779369,5.157593123209169,78.79656160458453
E00055874,252,91,46,45,161,13,148,36.11111111111111,18.253968253968253,17.857142857142858,63.888888888888886,5.158730158730158,58.730158730158735
E00055875,417,67,40,27,350,16,334,16.06714628297362,9.59232613908873,6.474820143884892,83.93285371702638,3.8369304556354913,80.0959232613909
E00055876,491,80,45,35,411,12,399,16.293279022403258,9.164969450101832,7.128309572301425,83.70672097759673,2.4439918533604885,81.26272912423626
E00055877,485,74,48,26,411,6,405,15.257731958762887,9.896907216494846,5.360824742268041,84.74226804123711,1.2371134020618557,83.50515463917526
E00055878,325,54,33,21,271,14,257,16.615384615384617,10.153846153846153,6.461538461538462,83.38461538461537,4.3076923076923075,79.07692307692308
E00055879,345,66,30,36,279,18,261,19.130434782608695,8.695652173913043,10.434782608695652,80.8695652173913,5.217391304347826,75.65217391304347
E00055880,474,87,46,41,387,7,380,18.354430379746837,9.70464135021097,8.649789029535865,81.64556962025317,1.4767932489451476,80.16877637130801
E00055881,414,85,46,39,329,11,318,20.531400966183575,11.11111111111111,9.420289855072465,79.46859903381642,2.657004830917874,76.81159420289855
E00055882,245,56,24,32,189,11,178,22.857142857142858,9.795918367346939,13.061224489795919,77.14285714285715,4.489795918367347,72.6530612244898
E00055883,391,68,42,26,323,5,318,17.391304347826086,10.741687979539643,6.649616368286446,82.6086956521739,1.278772378516624,81.32992327365729
E00055884,288,58,20,38,230,16,214,20.13888888888889,6.944444444444445,13.194444444444445,79.86111111111111,5.555555555555555,74.30555555555556
E00055885,435,58,25,33,377,27,350,13.333333333333334,5.747126436781609,7.586206896551724,86.66666666666667,6.206896551724138,80.45977011494253
E00055886,317,49,19,30,268,22,246,15.457413249211358,5.993690851735016,9.46372239747634,84.54258675078864,6.940063091482649,77.60252365930599
E00055887,173,81,44,37,92,3,89,46.82080924855491,25.43352601156069,21.38728323699422,53.179190751445084,1.7341040462427744,51.445086705202314
E00055888,364,70,35,35,294,21,273,19.230769230769234,9.615384615384617,9.615384615384617,80.76923076923077,5.769230769230769,75
E00055889,498,86,48,38,412,23,389,17.269076305220885,9.63855421686747,7.630522088353414,82.73092369477911,4.618473895582329,78.1124497991968
E00055890,311,88,42,46,223,14,209,28.29581993569132,13.504823151125404,14.790996784565916,71.70418006430869,4.501607717041801,67.20257234726688
E00055891,256,83,41,42,173,17,156,32.421875,16.015625,16.40625,67.578125,6.640625,60.9375
E00055892,269,70,41,29,199,17,182,26.022304832713754,15.241635687732341,10.780669144981413,73.97769516728626,6.319702602230483,67.65799256505576
E00055893,271,47,15,32,224,14,210,17.343173431734318,5.535055350553505,11.808118081180812,82.65682656826569,5.166051660516605,77.49077490774908
E00055894,308,46,9,37,262,27,235,14.935064935064934,2.922077922077922,12.012987012987013,85.06493506493507,8.766233766233766,76.2987012987013
E00055895,283,81,52,29,202,13,189,28.621908127208478,18.374558303886925,10.247349823321555,71.37809187279152,4.593639575971731,66.78445229681978
E00055896,234,45,19,26,189,20,169,19.230769230769234,8.11965811965812,11.11111111111111,80.76923076923077,8.547008547008547,72.22222222222221
E00055897,324,39,17,22,285,25,260,12.037037037037036,5.246913580246913,6.790123456790123,87.96296296296296,7.716049382716049,80.24691358024691
E00055898,327,62,37,25,265,23,242,18.960244648318042,11.314984709480122,7.64525993883792,81.03975535168195,7.033639143730887,74.00611620795107
E00055899,286,48,21,27,238,15,223,16.783216783216783,7.3426573426573425,9.44055944055944,83.21678321678321,5.244755244755245,77.97202797202797
E00055900,247,61,30,31,186,9,177,24.696356275303643,12.145748987854251,12.550607287449392,75.30364372469636,3.643724696356275,71.65991902834008
E00055901,313,53,25,28,260,27,233,16.93290734824281,7.987220447284344,8.945686900958465,83.06709265175719,8.626198083067091,74.4408945686901
E00055902,325,54,21,33,271,23,248,16.615384615384617,6.461538461538462,10.153846153846153,83.38461538461537,7.076923076923077,76.3076923076923
E00055903,297,29,7,22,268,16,252,9.764309764309765,2.356902356902357,7.4074074074074066,90.23569023569024,5.387205387205387,84.84848484848484
E00055904,175,57,33,24,118,10,108,32.57142857142858,18.857142857142858,13.714285714285715,67.42857142857143,5.714285714285714,61.71428571428571
E00055905,276,60,26,34,216,21,195,21.73913043478261,9.420289855072465,12.318840579710146,78.26086956521739,7.608695652173914,70.65217391304348
E00055906,349,80,42,38,269,29,240,22.922636103151863,12.034383954154727,10.888252148997136,77.07736389684814,8.30945558739255,68.76790830945558
E00055907,388,78,40,38,310,32,278,20.103092783505154,10.309278350515463,9.793814432989691,79.89690721649485,8.24742268041237,71.64948453608247
E00055908,283,65,26,39,218,19,199,22.968197879858657,9.187279151943462,13.780918727915195,77.03180212014135,6.713780918727916,70.31802120141343
E00055909,254,52,19,33,202,16,186,20.47244094488189,7.480314960629922,12.992125984251967,79.52755905511812,6.299212598425196,73.22834645669292
E00055910,349,56,15,41,293,18,275,16.045845272206304,4.297994269340974,11.74785100286533,83.95415472779369,5.157593123209169,78.79656160458453
E00055911,284,54,20,34,230,22,208,19.014084507042252,7.042253521126761,11.971830985915492,80.98591549295774,7.746478873239436,73.23943661971832
E00055912,291,53,20,33,238,24,214,18.213058419243985,6.872852233676976,11.34020618556701,81.78694158075601,8.24742268041237,73.53951890034365
E00055913,228,40,14,26,188,18,170,17.543859649122805,6.140350877192982,11.403508771929824,82.45614035087719,7.894736842105263,74.56140350877193
E00055914,279,61,17,44,218,21,197,21.863799283154123,6.093189964157706,15.770609318996415,78.13620071684588,7.526881720430108,70.60931899641577
E00055915,332,52,14,38,280,20,260,15.66265060240964,4.216867469879518,11.44578313253012,84.33734939759037,6.024096385542169,78.3132530120482
E00055916,376,58,29,29,318,21,297,15.425531914893616,7.712765957446808,7.712765957446808,84.57446808510637,5.585106382978723,78.98936170212765
E00055917,287,43,22,21,244,21,223,14.982578397212542,7.665505226480835,7.317073170731707,85.01742160278745,7.317073170731707,77.70034843205575
E00055918,277,69,26,43,208,11,197,24.90974729241877,9.386281588447654,15.523465703971121,75.09025270758123,3.9711191335740073,71.11913357400722
E00055919,223,79,41,38,144,13,131,35.42600896860987,18.385650224215247,17.040358744394617,64.57399103139014,5.829596412556054,58.744394618834086
E00055920,324,66,33,33,258,14,244,20.37037037037037,10.185185185185185,10.185185185185185,79.62962962962963,4.320987654320987,75.30864197530865
E00055921,366,53,28,25,313,23,290,14.48087431693989,7.650273224043716,6.830601092896176,85.51912568306011,6.284153005464481,79.23497267759562
E00055922,288,69,36,33,219,17,202,23.958333333333336,12.5,11.458333333333332,76.04166666666666,5.902777777777778,70.13888888888889
E00055923,350,64,28,36,286,18,268,18.285714285714285,8,10.285714285714285,81.71428571428572,5.142857142857142,76.57142857142857
E00055924,272,47,18,29,225,18,207,17.27941176470588,6.61764705882353,10.661764705882353,82.72058823529412,6.61764705882353,76.10294117647058
E00055925,198,27,9,18,171,11,160,13.636363636363635,4.545454545454546,9.090909090909092,86.36363636363636,5.555555555555555,80.8080808080808
E00055926,272,34,16,18,238,22,216,12.5,5.88235294117647,6.61764705882353,87.5,8.088235294117647,79.41176470588235
E00055927,285,41,16,25,244,16,228,14.385964912280702,5.614035087719298,8.771929824561402,85.6140350877193,5.614035087719298,80
E00055928,194,22,7,15,172,15,157,11.34020618556701,3.608247422680412,7.731958762886598,88.65979381443299,7.731958762886598,80.9278350515464
E00055929,301,39,11,28,262,21,241,12.956810631229235,3.6544850498338874,9.30232558139535,87.04318936877077,6.976744186046512,80.06644518272425
E00055930,233,44,17,27,189,18,171,18.88412017167382,7.296137339055794,11.587982832618025,81.11587982832617,7.725321888412018,73.39055793991416
E00055931,306,27,12,15,279,20,259,8.823529411764707,3.9215686274509802,4.901960784313726,91.17647058823529,6.535947712418301,84.640522875817
E00055932,239,36,14,22,203,19,184,15.062761506276152,5.857740585774058,9.205020920502092,84.93723849372385,7.949790794979079,76.98744769874477
E00055933,256,62,39,23,194,14,180,24.21875,15.234375,8.984375,75.78125,5.46875,70.3125
E00055934,302,62,30,32,240,11,229,20.52980132450331,9.933774834437086,10.596026490066226,79.47019867549669,3.642384105960265,75.82781456953643
E00055935,225,42,23,19,183,20,163,18.666666666666668,10.222222222222223,8.444444444444445,81.33333333333333,8.88888888888889,72.44444444444444
E00055936,290,45,18,27,245,23,222,15.517241379310345,6.206896551724138,9.310344827586208,84.48275862068965,7.931034482758621,76.55172413793103
E00055937,242,36,18,18,206,12,194,14.87603305785124,7.43801652892562,7.43801652892562,85.12396694214877,4.958677685950414,80.16528925619835
E00055938,264,43,23,20,221,32,189,16.28787878787879,8.712121212121213,7.575757575757576,83.71212121212122,12.121212121212121,71.5909090909091
E00055939,305,38,11,27,267,19,248,12.459016393442624,3.606557377049181,8.852459016393443,87.54098360655738,6.229508196721312,81.31147540983606
E00055940,244,59,31,28,185,12,173,24.18032786885246,12.704918032786885,11.475409836065573,75.81967213114754,4.918032786885246,70.90163934426229
E00055941,260,51,21,30,209,23,186,19.615384615384617,8.076923076923077,11.538461538461538,80.38461538461539,8.846153846153847,71.53846153846153
E00055942,239,53,28,25,186,15,171,22.17573221757322,11.715481171548117,10.460251046025103,77.82426778242679,6.2761506276150625,71.54811715481172
E00055943,355,69,35,34,286,6,280,19.43661971830986,9.859154929577464,9.577464788732394,80.56338028169014,1.6901408450704223,78.87323943661971
E00055944,336,49,14,35,287,27,260,14.583333333333334,4.166666666666666,10.416666666666668,85.41666666666666,8.035714285714286,77.38095238095238
E00055945,333,58,23,35,275,20,255,17.417417417417415,6.906906906906906,10.51051051051051,82.58258258258259,6.006006006006006,76.57657657657657
E00055946,270,57,17,40,213,22,191,21.11111111111111,6.296296296296296,14.814814814814813,78.88888888888889,8.148148148148149,70.74074074074073
E00055947,264,52,20,32,212,23,189,19.696969696969695,7.575757575757576,12.121212121212121,80.3030303030303,8.712121212121213,71.5909090909091
E00055948,421,23,6,17,398,41,357,5.463182897862233,1.4251781472684086,4.038004750593824,94.53681710213777,9.73871733966746,84.798099762470315
E00055949,324,47,22,25,277,24,253,14.506172839506174,6.790123456790123,7.716049382716049,85.49382716049382,7.4074074074074066,78.08641975308642
E00055950,226,46,15,31,180,17,163,20.353982300884958,6.637168141592921,13.716814159292035,79.64601769911505,7.52212389380531,72.12389380530973
E00055951,248,37,13,24,211,21,190,14.919354838709678,5.241935483870968,9.67741935483871,85.08064516129032,8.46774193548387,76.61290322580645
E00055952,306,60,30,30,246,16,230,19.607843137254903,9.803921568627452,9.803921568627452,80.3921568627451,5.228758169934641,75.16339869281046
E00055953,277,57,31,26,220,18,202,20.577617328519857,11.191335740072201,9.386281588447654,79.42238267148014,6.4981949458483745,72.92418772563177
E00055954,270,79,43,36,191,10,181,29.259259259259256,15.925925925925927,13.333333333333334,70.74074074074073,3.7037037037037033,67.03703703703704
E00055955,294,100,62,38,194,8,186,34.01360544217687,21.08843537414966,12.925170068027212,65.98639455782312,2.7210884353741496,63.26530612244898
E00055956,273,62,34,28,211,19,192,22.71062271062271,12.454212454212454,10.256410256410255,77.2893772893773,6.95970695970696,70.32967032967034
E00055957,328,67,28,39,261,12,249,20.426829268292682,8.536585365853659,11.890243902439025,79.57317073170732,3.6585365853658534,75.91463414634147
E00055958,277,68,29,39,209,16,193,24.548736462093864,10.469314079422382,14.079422382671481,75.45126353790613,5.776173285198556,69.67509025270758
E00055959,352,103,60,43,249,17,232,29.261363636363637,17.045454545454543,12.215909090909092,70.73863636363636,4.829545454545454,65.9090909090909
E00055960,229,48,25,23,181,15,166,20.96069868995633,10.91703056768559,10.043668122270741,79.03930131004367,6.550218340611353,72.48908296943232
E00055961,466,59,27,32,407,29,378,12.660944206008583,5.793991416309012,6.866952789699571,87.33905579399142,6.223175965665236,81.11587982832617
E00055962,253,53,18,35,200,16,184,20.948616600790515,7.114624505928854,13.83399209486166,79.05138339920948,6.324110671936759,72.72727272727273
E00055963,243,50,24,26,193,14,179,20.5761316872428,9.876543209876543,10.699588477366255,79.42386831275721,5.761316872427984,73.66255144032921
E00055964,357,70,33,37,287,12,275,19.607843137254903,9.243697478991598,10.364145658263306,80.3921568627451,3.361344537815126,77.03081232492998
E00055965,310,57,25,32,253,22,231,18.387096774193548,8.064516129032258,10.32258064516129,81.61290322580645,7.096774193548387,74.51612903225806
E00055967,556,62,25,37,494,26,468,11.151079136690647,4.496402877697841,6.654676258992806,88.84892086330936,4.676258992805756,84.17266187050359
E00055968,288,67,43,24,221,10,211,23.26388888888889,14.930555555555555,8.333333333333332,76.73611111111111,3.4722222222222223,73.26388888888889
E00055969,327,96,57,39,231,12,219,29.357798165137616,17.431192660550458,11.926605504587156,70.64220183486239,3.669724770642202,66.97247706422019
E00055970,436,93,39,54,343,17,326,21.3302752293578,8.944954128440367,12.385321100917432,78.6697247706422,3.89908256880734,74.77064220183486
E00055971,348,59,27,32,289,18,271,16.954022988505745,7.758620689655173,9.195402298850574,83.04597701149426,5.172413793103448,77.87356321839081
E00055972,373,59,32,27,314,12,302,15.81769436997319,8.579088471849866,7.238605898123325,84.1823056300268,3.2171581769436997,80.9651474530831
E00055973,409,74,29,45,335,16,319,18.09290953545232,7.090464547677261,11.00244498777506,81.90709046454768,3.9119804400977993,77.99511002444987
E00055974,359,71,34,37,288,13,275,19.77715877437326,9.47075208913649,10.30640668523677,80.22284122562674,3.6211699164345403,76.6016713091922
E00055975,268,62,26,36,206,11,195,23.134328358208954,9.701492537313433,13.432835820895523,76.86567164179104,4.104477611940299,72.76119402985076
E00055976,314,64,33,31,250,11,239,20.382165605095544,10.509554140127388,9.872611464968154,79.61783439490446,3.5031847133757963,76.11464968152866
E00055977,259,45,23,22,214,16,198,17.374517374517374,8.880308880308881,8.494208494208493,82.62548262548263,6.177606177606178,76.44787644787645
E00055978,396,79,29,50,317,14,303,19.94949494949495,7.3232323232323235,12.626262626262626,80.05050505050505,3.535353535353535,76.51515151515152
E00055979,344,59,25,34,285,20,265,17.151162790697676,7.267441860465117,9.883720930232558,82.84883720930233,5.813953488372093,77.03488372093024
E00055980,404,71,30,41,333,19,314,17.574257425742573,7.425742574257425,10.14851485148515,82.42574257425743,4.702970297029703,77.72277227722772
E00055981,233,53,28,25,180,13,167,22.746781115879827,12.017167381974248,10.72961373390558,77.25321888412017,5.579399141630901,71.67381974248927
E00055982,540,68,23,45,472,17,455,12.592592592592592,4.2592592592592595,8.333333333333332,87.4074074074074,3.148148148148148,84.25925925925925
E00055984,312,48,13,35,264,20,244,15.384615384615385,4.166666666666666,11.217948717948719,84.61538461538461,6.41025641025641,78.2051282051282
E00055985,304,60,21,39,244,40,204,19.736842105263158,6.907894736842106,12.828947368421053,80.26315789473685,13.157894736842104,67.10526315789474
E00055986,324,94,49,45,230,36,194,29.01234567901235,15.123456790123457,13.88888888888889,70.98765432098766,11.11111111111111,59.876543209876544
E00055987,359,64,33,31,295,20,275,17.827298050139277,9.192200557103064,8.635097493036211,82.17270194986072,5.571030640668524,76.6016713091922
E00055988,444,81,35,46,363,28,335,18.243243243243242,7.882882882882883,10.36036036036036,81.75675675675676,6.306306306306306,75.45045045045045
E00055989,272,70,33,37,202,18,184,25.735294117647058,12.132352941176471,13.602941176470587,74.26470588235294,6.61764705882353,67.64705882352942
E00055990,219,58,31,27,161,19,142,26.48401826484018,14.15525114155251,12.32876712328767,73.51598173515981,8.67579908675799,64.84018264840182
E00055991,328,54,20,34,274,34,240,16.463414634146343,6.097560975609756,10.365853658536585,83.53658536585365,10.365853658536585,73.17073170731707
E00055992,581,134,44,90,447,43,404,23.06368330464716,7.573149741824441,15.49053356282272,76.93631669535283,7.401032702237521,69.53528399311531
E00055993,331,45,11,34,286,28,258,13.595166163141995,3.3232628398791544,10.27190332326284,86.404833836858,8.459214501510575,77.94561933534743
E00055994,283,40,19,21,243,36,207,14.13427561837456,6.713780918727916,7.420494699646643,85.86572438162544,12.7208480565371,73.14487632508833
E00055995,383,47,12,35,336,36,300,12.27154046997389,3.1331592689295036,9.138381201044385,87.72845953002611,9.39947780678851,78.3289817232376
E00055996,320,60,9,51,260,25,235,18.75,2.8125,15.937499999999998,81.25,7.8125,73.4375
E00055997,311,58,25,33,253,28,225,18.64951768488746,8.038585209003216,10.610932475884244,81.35048231511254,9.003215434083602,72.34726688102894
E00055998,280,54,23,31,226,16,210,19.28571428571429,8.214285714285714,11.071428571428571,80.71428571428572,5.714285714285714,75
E00055999,338,54,21,33,284,32,252,15.976331360946746,6.21301775147929,9.763313609467456,84.02366863905326,9.467455621301776,74.55621301775149
E00056000,356,73,27,46,283,27,256,20.50561797752809,7.584269662921349,12.921348314606742,79.49438202247191,7.584269662921349,71.91011235955057
E00056001,280,56,22,34,224,16,208,20,7.857142857142857,12.142857142857142,80,5.714285714285714,74.28571428571429
E00056002,388,46,15,31,342,24,318,11.855670103092782,3.865979381443299,7.989690721649484,88.14432989690721,6.185567010309279,81.95876288659794
E00056003,520,73,28,45,447,30,417,14.038461538461538,5.384615384615385,8.653846153846153,85.96153846153847,5.769230769230769,80.1923076923077
E00056004,305,49,20,29,256,23,233,16.065573770491802,6.557377049180328,9.508196721311474,83.93442622950819,7.540983606557377,76.39344262295083
E00056005,311,36,14,22,275,27,248,11.57556270096463,4.501607717041801,7.07395498392283,88.42443729903538,8.681672025723474,79.7427652733119
E00056006,328,71,28,43,257,37,220,21.646341463414632,8.536585365853659,13.109756097560975,78.35365853658537,11.28048780487805,67.07317073170732
E00056008,228,45,18,27,183,26,157,19.736842105263158,7.894736842105263,11.842105263157894,80.26315789473685,11.403508771929824,68.85964912280701
E00056009,293,27,8,19,266,26,240,9.215017064846416,2.7303754266211606,6.484641638225256,90.78498293515358,8.873720136518772,81.91126279863481
E00056010,491,89,36,53,402,30,372,18.126272912423623,7.3319755600814664,10.79429735234216,81.87372708757637,6.109979633401222,75.76374745417516
E00056011,389,64,22,42,325,34,291,16.452442159383033,5.655526992287918,10.796915167095115,83.54755784061697,8.740359897172237,74.80719794344472
E00056012,302,40,16,24,262,17,245,13.245033112582782,5.298013245033113,7.9470198675496695,86.75496688741721,5.629139072847682,81.12582781456953
E00056013,378,64,22,42,314,25,289,16.93121693121693,5.82010582010582,11.11111111111111,83.06878306878306,6.613756613756613,76.45502645502646
E00056014,268,72,35,37,196,25,171,26.865671641791046,13.059701492537313,13.805970149253731,73.13432835820896,9.328358208955224,63.80597014925373
E00056015,298,42,13,29,256,20,236,14.093959731543624,4.3624161073825505,9.731543624161073,85.90604026845638,6.7114093959731544,79.19463087248322
E00056016,358,55,16,39,303,37,266,15.363128491620111,4.4692737430167595,10.893854748603351,84.63687150837988,10.335195530726256,74.30167597765363
E00056017,204,103,74,29,101,10,91,50.49019607843137,36.27450980392157,14.215686274509803,49.50980392156863,4.901960784313726,44.6078431372549
E00056018,253,31,9,22,222,17,205,12.25296442687747,3.557312252964427,8.695652173913043,87.74703557312253,6.719367588932807,81.02766798418972
E00056019,562,105,56,49,457,43,414,18.683274021352315,9.9644128113879,8.718861209964412,81.31672597864768,7.6512455516014235,73.66548042704626
E00056020,287,64,23,41,223,23,200,22.299651567944252,8.013937282229964,14.285714285714285,77.70034843205575,8.013937282229964,69.68641114982579
E00056021,292,70,36,34,222,16,206,23.972602739726025,12.32876712328767,11.643835616438356,76.02739726027397,5.47945205479452,70.54794520547945
E00056022,376,39,14,25,337,24,313,10.372340425531915,3.723404255319149,6.648936170212766,89.62765957446808,6.382978723404255,83.24468085106383
E00056023,256,44,21,23,212,15,197,17.1875,8.203125,8.984375,82.8125,5.859375,76.953125
E00056024,201,25,7,18,176,11,165,12.437810945273633,3.482587064676617,8.955223880597014,87.56218905472637,5.472636815920398,82.08955223880598
E00056025,232,36,20,16,196,15,181,15.517241379310345,8.620689655172415,6.896551724137931,84.48275862068965,6.4655172413793105,78.01724137931035
E00056026,478,66,21,45,412,37,375,13.807531380753138,4.393305439330543,9.414225941422593,86.19246861924687,7.740585774058577,78.45188284518828
E00056027,330,44,16,28,286,43,243,13.333333333333334,4.848484848484849,8.484848484848486,86.66666666666667,13.030303030303031,73.63636363636363
E00056028,355,50,15,35,305,29,276,14.084507042253522,4.225352112676056,9.859154929577464,85.91549295774648,8.169014084507042,77.74647887323944
E00056029,303,81,44,37,222,27,195,26.732673267326735,14.521452145214523,12.211221122112212,73.26732673267327,8.91089108910891,64.35643564356435
E00056030,364,41,15,26,323,40,283,11.263736263736265,4.1208791208791204,7.142857142857142,88.73626373626374,10.989010989010989,77.74725274725274
E00056031,306,29,12,17,277,25,252,9.477124183006536,3.9215686274509802,5.555555555555555,90.52287581699346,8.169934640522875,82.35294117647058
E00056032,274,50,20,30,224,26,198,18.248175182481752,7.2992700729927,10.948905109489052,81.75182481751825,9.48905109489051,72.26277372262774
E00056033,247,26,10,16,221,23,198,10.526315789473683,4.048582995951417,6.477732793522267,89.47368421052632,9.31174089068826,80.16194331983806
E00056034,309,25,9,16,284,24,260,8.090614886731391,2.912621359223301,5.177993527508091,91.9093851132686,7.766990291262135,84.14239482200647
E00056035,386,47,16,31,339,28,311,12.176165803108809,4.145077720207254,8.031088082901555,87.8238341968912,7.253886010362693,80.56994818652849
E00056036,322,51,11,40,271,33,238,15.838509316770185,3.4161490683229814,12.422360248447205,84.16149068322981,10.248447204968944,73.91304347826086
E00056037,282,25,9,16,257,23,234,8.865248226950355,3.1914893617021276,5.673758865248227,91.13475177304964,8.156028368794328,82.97872340425532
E00056038,274,37,21,16,237,16,221,13.503649635036496,7.664233576642336,5.839416058394161,86.4963503649635,5.839416058394161,80.65693430656934
E00056039,251,52,19,33,199,18,181,20.717131474103585,7.569721115537849,13.147410358565736,79.2828685258964,7.171314741035857,72.11155378486056
E00056040,316,24,9,15,292,25,267,7.59493670886076,2.848101265822785,4.746835443037975,92.40506329113924,7.9113924050632916,84.49367088607595
E00056041,239,15,6,9,224,18,206,6.2761506276150625,2.510460251046025,3.765690376569038,93.72384937238493,7.531380753138076,86.19246861924687
E00056042,319,29,16,13,290,41,249,9.090909090909092,5.015673981191222,4.075235109717868,90.9090909090909,12.852664576802509,78.0564263322884
E00056043,301,67,31,36,234,13,221,22.259136212624583,10.299003322259136,11.960132890365449,77.74086378737542,4.318936877076411,73.421926910299
E00056044,404,75,32,43,329,21,308,18.564356435643564,7.920792079207921,10.643564356435643,81.43564356435643,5.198019801980198,76.23762376237624
E00056045,283,47,18,29,236,25,211,16.607773851590103,6.36042402826855,10.247349823321555,83.3922261484099,8.8339222614841,74.55830388692578
E00056046,296,47,21,26,249,18,231,15.878378378378377,7.094594594594595,8.783783783783784,84.12162162162163,6.081081081081082,78.04054054054053
E00056047,256,76,35,41,180,20,160,29.6875,13.671875,16.015625,70.3125,7.8125,62.5
E00056048,252,68,29,39,184,8,176,26.984126984126984,11.507936507936508,15.476190476190476,73.01587301587301,3.1746031746031744,69.84126984126983
E00056050,187,64,36,28,123,7,116,34.22459893048128,19.25133689839572,14.973262032085561,65.77540106951871,3.7433155080213902,62.03208556149733
E00056051,256,52,15,37,204,28,176,20.3125,5.859375,14.453125,79.6875,10.9375,68.75
E00056052,312,47,22,25,265,19,246,15.064102564102564,7.051282051282051,8.012820512820513,84.93589743589743,6.089743589743589,78.84615384615384
E00056053,256,36,10,26,220,13,207,14.0625,3.90625,10.15625,85.9375,5.078125,80.859375
E00056055,225,40,22,18,185,19,166,17.77777777777778,9.777777777777779,8,82.22222222222221,8.444444444444445,73.77777777777777
E00056056,237,47,19,28,190,15,175,19.831223628691983,8.016877637130802,11.814345991561181,80.16877637130801,6.329113924050633,73.83966244725738
E00056057,422,70,36,34,352,10,342,16.587677725118482,8.530805687203792,8.056872037914692,83.41232227488152,2.3696682464454977,81.04265402843602
E00056058,568,75,24,51,493,21,472,13.204225352112676,4.225352112676056,8.97887323943662,86.79577464788733,3.697183098591549,83.09859154929578
E00056059,307,54,23,31,253,18,235,17.58957654723127,7.491856677524431,10.097719869706841,82.41042345276874,5.863192182410423,76.54723127035831
E00056060,515,68,39,29,447,20,427,13.203883495145632,7.572815533980583,5.631067961165048,86.79611650485437,3.8834951456310676,82.91262135922331
E00056061,248,28,9,19,220,13,207,11.29032258064516,3.6290322580645165,7.661290322580645,88.70967741935483,5.241935483870968,83.46774193548387
E00056062,292,60,21,39,232,18,214,20.54794520547945,7.191780821917808,13.356164383561644,79.45205479452055,6.164383561643835,73.28767123287672
E00056063,308,33,14,19,275,24,251,10.714285714285714,4.545454545454546,6.1688311688311686,89.28571428571429,7.792207792207792,81.4935064935065
E00056064,270,60,28,32,210,20,190,22.22222222222222,10.37037037037037,11.851851851851853,77.77777777777779,7.4074074074074066,70.37037037037037
E00056065,354,78,45,33,276,14,262,22.033898305084744,12.711864406779661,9.322033898305085,77.96610169491525,3.954802259887006,74.01129943502825
E00056066,454,60,27,33,394,21,373,13.215859030837004,5.947136563876652,7.268722466960352,86.78414096916299,4.6255506607929515,82.15859030837004
E00056067,286,66,26,40,220,7,213,23.076923076923077,9.090909090909092,13.986013986013987,76.92307692307693,2.4475524475524475,74.47552447552448
E00056068,319,57,20,37,262,29,233,17.86833855799373,6.269592476489027,11.598746081504702,82.13166144200626,9.090909090909092,73.04075235109718
E00056069,431,51,24,27,380,12,368,11.832946635730858,5.56844547563805,6.2645011600928076,88.16705336426914,2.784222737819025,85.38283062645012
E00056071,466,123,54,69,343,16,327,26.394849785407725,11.587982832618025,14.806866952789699,73.60515021459227,3.4334763948497855,70.17167381974248
E00056073,426,102,65,37,324,28,296,23.943661971830984,15.258215962441316,8.685446009389672,76.05633802816901,6.572769953051644,69.48356807511738
E00056074,278,81,47,34,197,12,185,29.136690647482016,16.906474820143885,12.23021582733813,70.86330935251799,4.316546762589928,66.54676258992805
E00056075,357,72,35,37,285,14,271,20.168067226890756,9.803921568627452,10.364145658263306,79.83193277310924,3.9215686274509802,75.91036414565826
E00056076,226,67,36,31,159,15,144,29.646017699115045,15.929203539823009,13.716814159292035,70.35398230088495,6.637168141592921,63.716814159292035
E00056077,296,75,42,33,221,17,204,25.33783783783784,14.18918918918919,11.14864864864865,74.66216216216216,5.743243243243244,68.91891891891892
E00056078,409,55,13,42,354,26,328,13.447432762836186,3.1784841075794623,10.268948655256724,86.55256723716381,6.356968215158925,80.1955990220049
E00056079,342,77,33,44,265,14,251,22.514619883040936,9.649122807017543,12.865497076023392,77.48538011695906,4.093567251461988,73.39181286549707
E00056080,314,77,46,31,237,14,223,24.522292993630572,14.64968152866242,9.872611464968154,75.47770700636943,4.45859872611465,71.01910828025477
E00056081,299,45,20,25,254,16,238,15.050167224080269,6.688963210702341,8.361204013377927,84.94983277591973,5.351170568561873,79.59866220735786
E00056082,310,65,35,30,245,21,224,20.967741935483872,11.29032258064516,9.67741935483871,79.03225806451613,6.774193548387098,72.25806451612902
E00056083,355,86,38,48,269,12,257,24.225352112676056,10.704225352112676,13.521126760563378,75.77464788732394,3.3802816901408446,72.3943661971831
E00056084,223,63,36,27,160,20,140,28.251121076233183,16.143497757847534,12.10762331838565,71.74887892376681,8.968609865470851,62.78026905829597
E00056085,511,63,24,39,448,38,410,12.32876712328767,4.6966731898238745,7.632093933463796,87.67123287671232,7.436399217221135,80.23483365949119
E00056086,306,58,27,31,248,26,222,18.954248366013072,8.823529411764707,10.130718954248366,81.04575163398692,8.49673202614379,72.54901960784314
E00056087,323,73,34,39,250,21,229,22.60061919504644,10.526315789473683,12.074303405572756,77.39938080495357,6.5015479876160995,70.89783281733746
E00056088,310,86,43,43,224,15,209,27.741935483870968,13.870967741935484,13.870967741935484,72.25806451612902,4.838709677419355,67.41935483870968
E00056090,262,52,29,23,210,14,196,19.84732824427481,11.068702290076336,8.778625954198473,80.1526717557252,5.343511450381679,74.80916030534351
E00056091,476,77,34,43,399,34,365,16.176470588235293,7.142857142857142,9.033613445378151,83.82352941176471,7.142857142857142,76.68067226890757
E00056092,385,74,36,38,311,26,285,19.22077922077922,9.35064935064935,9.87012987012987,80.77922077922078,6.753246753246753,74.02597402597402
E00056093,254,40,20,20,214,15,199,15.748031496062993,7.874015748031496,7.874015748031496,84.25196850393701,5.905511811023622,78.34645669291339
E00056094,270,75,43,32,195,17,178,27.77777777777778,15.925925925925927,11.851851851851853,72.22222222222221,6.296296296296296,65.92592592592592
E00056095,337,61,29,32,276,12,264,18.100890207715135,8.605341246290802,9.495548961424333,81.89910979228486,3.5608308605341246,78.33827893175074
E00056096,481,71,36,35,410,9,401,14.760914760914762,7.484407484407485,7.276507276507277,85.23908523908524,1.8711018711018712,83.36798336798337
E00056097,307,65,29,36,242,14,228,21.172638436482085,9.446254071661238,11.726384364820847,78.82736156351791,4.5602605863192185,74.2671009771987
E00056098,446,41,16,25,405,14,391,9.192825112107624,3.587443946188341,5.605381165919283,90.80717488789237,3.1390134529147984,87.66816143497758
E00056099,331,67,39,28,264,2,262,20.241691842900302,11.782477341389729,8.459214501510575,79.7583081570997,0.6042296072507553,79.15407854984893
E00056100,401,51,33,18,350,6,344,12.718204488778055,8.229426433915211,4.488778054862843,87.28179551122194,1.4962593516209477,85.785536159601
E00056101,412,48,22,26,364,12,352,11.650485436893204,5.339805825242718,6.310679611650485,88.3495145631068,2.912621359223301,85.43689320388349
E00056102,500,55,31,24,445,10,435,11,6.2,4.8,89,2,87
E00056103,391,75,45,30,316,11,305,19.18158567774936,11.508951406649617,7.672634271099745,80.81841432225065,2.813299232736573,78.00511508951406
E00056104,429,66,36,30,363,4,359,15.384615384615385,8.391608391608392,6.993006993006993,84.61538461538461,0.9324009324009324,83.68298368298368
E00056105,488,65,32,33,423,12,411,13.319672131147541,6.557377049180328,6.762295081967213,86.68032786885246,2.459016393442623,84.22131147540983
E00056106,373,61,26,35,312,10,302,16.353887399463808,6.970509383378016,9.383378016085791,83.6461126005362,2.680965147453083,80.9651474530831
E00056107,595,70,31,39,525,32,493,11.76470588235294,5.2100840336134455,6.5546218487394965,88.23529411764706,5.378151260504202,82.85714285714286
E00056108,476,54,24,30,422,37,385,11.344537815126051,5.042016806722689,6.302521008403361,88.65546218487394,7.773109243697479,80.88235294117648
E00056109,286,67,37,30,219,15,204,23.426573426573427,12.937062937062937,10.48951048951049,76.57342657342657,5.244755244755245,71.32867132867133
E00056110,296,81,47,34,215,8,207,27.364864864864863,15.878378378378377,11.486486486486488,72.63513513513513,2.7027027027027026,69.93243243243244
E00056111,298,72,36,36,226,9,217,24.161073825503358,12.080536912751679,12.080536912751679,75.83892617449665,3.0201342281879198,72.81879194630872
E00056112,373,63,32,31,310,25,285,16.890080428954423,8.579088471849866,8.310991957104557,83.10991957104558,6.702412868632708,76.40750670241286
E00056113,471,102,54,48,369,34,335,21.656050955414013,11.464968152866243,10.191082802547772,78.343949044586,7.218683651804671,71.12526539278132
E00056114,409,43,13,30,366,25,341,10.513447432762836,3.1784841075794623,7.334963325183375,89.48655256723717,6.112469437652812,83.37408312958435
E00056115,424,96,43,53,328,21,307,22.641509433962266,10.141509433962264,12.5,77.35849056603774,4.952830188679245,72.40566037735849
E00056116,341,34,8,26,307,28,279,9.970674486803519,2.346041055718475,7.624633431085044,90.02932551319648,8.211143695014663,81.81818181818183
E00056117,274,29,10,19,245,24,221,10.583941605839415,3.64963503649635,6.934306569343065,89.41605839416059,8.75912408759124,80.65693430656934
E00056118,288,51,16,35,237,11,226,17.708333333333336,5.555555555555555,12.152777777777777,82.29166666666666,3.8194444444444446,78.47222222222221
E00056119,384,68,35,33,316,10,306,17.708333333333336,9.114583333333332,8.59375,82.29166666666666,2.604166666666667,79.6875
E00056120,410,43,30,13,367,15,352,10.487804878048781,7.317073170731707,3.1707317073170733,89.51219512195122,3.6585365853658534,85.85365853658537
E00056121,292,42,11,31,250,26,224,14.383561643835616,3.767123287671233,10.616438356164384,85.61643835616438,8.904109589041095,76.71232876712328
E00056122,305,56,22,34,249,14,235,18.360655737704917,7.213114754098362,11.147540983606557,81.63934426229508,4.590163934426229,77.04918032786885
E00056123,316,69,41,28,247,11,236,21.835443037974684,12.974683544303797,8.860759493670885,78.16455696202532,3.481012658227848,74.68354430379746
E00056124,412,77,31,46,335,22,313,18.689320388349515,7.524271844660194,11.165048543689322,81.31067961165049,5.339805825242718,75.97087378640776
E00056125,423,58,24,34,365,16,349,13.711583924349883,5.673758865248227,8.037825059101655,86.28841607565012,3.7825059101654848,82.50591016548464
E00056126,526,75,36,39,451,7,444,14.258555133079847,6.844106463878327,7.41444866920152,85.74144486692015,1.3307984790874523,84.4106463878327
E00056127,447,86,51,35,361,11,350,19.23937360178971,11.409395973154362,7.829977628635347,80.76062639821029,2.460850111856823,78.29977628635348
E00056128,358,60,34,26,298,13,285,16.75977653631285,9.497206703910614,7.262569832402235,83.24022346368714,3.6312849162011176,79.60893854748603
E00056129,460,84,50,34,376,14,362,18.26086956521739,10.869565217391305,7.391304347826087,81.73913043478261,3.0434782608695654,78.69565217391305
E00056130,447,68,40,28,379,15,364,15.212527964205815,8.94854586129754,6.263982102908278,84.78747203579418,3.3557046979865772,81.4317673378076
E00056131,379,85,49,36,294,10,284,22.427440633245382,12.928759894459102,9.498680738786279,77.57255936675462,2.638522427440633,74.93403693931398
E00056132,374,62,35,27,312,19,293,16.577540106951872,9.358288770053475,7.219251336898395,83.42245989304813,5.080213903743315,78.34224598930481
E00056133,412,52,25,27,360,14,346,12.62135922330097,6.067961165048544,6.553398058252427,87.37864077669903,3.3980582524271843,83.98058252427184
E00056135,430,46,28,18,384,16,368,10.69767441860465,6.511627906976744,4.186046511627907,89.30232558139535,3.7209302325581395,85.5813953488372
E00056136,491,57,28,29,434,15,419,11.608961303462321,5.7026476578411405,5.906313645621181,88.39103869653768,3.054989816700611,85.33604887983707
E00056137,613,91,48,43,522,9,513,14.845024469820556,7.830342577487764,7.01468189233279,85.15497553017944,1.468189233278956,83.68678629690048
E00056138,383,59,25,34,324,13,311,15.404699738903393,6.527415143603134,8.87728459530026,84.59530026109661,3.3942558746736298,81.20104438642298
E00056139,529,48,29,19,481,14,467,9.073724007561438,5.482041587901701,3.5916824196597354,90.92627599243856,2.6465028355387523,88.27977315689981
E00056141,476,75,30,45,401,41,360,15.756302521008402,6.302521008403361,9.453781512605042,84.24369747899159,8.61344537815126,75.63025210084034
E00056142,279,45,15,30,234,26,208,16.129032258064516,5.376344086021505,10.75268817204301,83.87096774193549,9.31899641577061,74.55197132616487
E00056143,238,57,33,24,181,15,166,23.949579831932773,13.865546218487395,10.084033613445378,76.05042016806722,6.302521008403361,69.74789915966386
E00056144,359,46,12,34,313,29,284,12.813370473537605,3.3426183844011144,9.47075208913649,87.1866295264624,8.07799442896936,79.10863509749304
E00056145,285,54,18,36,231,21,210,18.947368421052634,6.315789473684211,12.631578947368421,81.05263157894737,7.368421052631578,73.68421052631578
E00056146,286,38,11,27,248,21,227,13.286713286713287,3.8461538461538463,9.44055944055944,86.7132867132867,7.3426573426573425,79.37062937062937
E00056147,348,49,17,32,299,20,279,14.080459770114942,4.885057471264368,9.195402298850574,85.91954022988506,5.747126436781609,80.17241379310344
E00056148,384,43,16,27,341,24,317,11.197916666666668,4.166666666666666,7.03125,88.80208333333334,6.25,82.55208333333334
E00056149,454,74,27,47,380,35,345,16.299559471365637,5.947136563876652,10.352422907488986,83.70044052863436,7.709251101321586,75.99118942731278
E00056150,323,42,14,28,281,19,262,13.003095975232199,4.3343653250774,8.6687306501548,86.9969040247678,5.88235294117647,81.11455108359134
E00056152,431,49,16,33,382,37,345,11.36890951276102,3.7122969837587005,7.65661252900232,88.63109048723898,8.584686774941995,80.04640371229699
E00056153,326,64,23,41,262,29,233,19.631901840490798,7.05521472392638,12.576687116564417,80.3680981595092,8.895705521472392,71.47239263803681
E00056154,236,41,17,24,195,18,177,17.372881355932204,7.203389830508475,10.16949152542373,82.62711864406779,7.627118644067797,75
E00056155,346,94,35,59,252,12,240,27.167630057803464,10.115606936416185,17.052023121387283,72.83236994219652,3.4682080924855487,69.36416184971098
E00056156,288,28,8,20,260,22,238,9.722222222222223,2.7777777777777777,6.944444444444445,90.27777777777779,7.638888888888889,82.63888888888889
E00056157,248,65,35,30,183,14,169,26.209677419354836,14.112903225806454,12.096774193548388,73.79032258064517,5.64516129032258,68.14516129032258
E00056158,305,34,12,22,271,20,251,11.147540983606557,3.934426229508197,7.213114754098362,88.85245901639345,6.557377049180328,82.29508196721311
E00056159,344,61,28,33,283,33,250,17.732558139534884,8.13953488372093,9.593023255813954,82.26744186046511,9.593023255813954,72.67441860465115
E00056160,431,92,51,41,339,30,309,21.34570765661253,11.832946635730858,9.51276102088167,78.65429234338747,6.960556844547564,71.6937354988399
E00056161,336,43,12,31,293,31,262,12.797619047619047,3.571428571428571,9.226190476190476,87.20238095238095,9.226190476190476,77.97619047619048
E00056162,261,93,51,42,168,20,148,35.63218390804598,19.54022988505747,16.091954022988507,64.36781609195403,7.662835249042145,56.70498084291188
E00056163,288,43,16,27,245,20,225,14.930555555555555,5.555555555555555,9.375,85.06944444444444,6.944444444444445,78.125
E00056164,352,88,40,48,264,16,248,25,11.363636363636363,13.636363636363635,75,4.545454545454546,70.45454545454545
E00056165,398,51,14,37,347,30,317,12.814070351758794,3.5175879396984926,9.296482412060302,87.1859296482412,7.537688442211055,79.64824120603015
E00056166,319,38,15,23,281,23,258,11.912225705329153,4.702194357366771,7.210031347962382,88.08777429467085,7.210031347962382,80.87774294670847
E00056167,275,65,29,36,210,23,187,23.636363636363637,10.545454545454545,13.090909090909092,76.36363636363637,8.363636363636363,68
E00056168,322,53,21,32,269,29,240,16.459627329192546,6.521739130434782,9.937888198757763,83.54037267080744,9.006211180124224,74.53416149068323
E00056169,322,92,53,39,230,14,216,28.57142857142857,16.459627329192546,12.111801242236025,71.42857142857143,4.3478260869565215,67.08074534161491
E00056170,346,49,20,29,297,15,282,14.16184971098266,5.780346820809249,8.38150289017341,85.83815028901735,4.335260115606936,81.5028901734104
E00056171,267,87,46,41,180,5,175,32.58426966292135,17.228464419475657,15.355805243445692,67.41573033707866,1.8726591760299627,65.54307116104869
E00056172,252,66,29,37,186,16,170,26.190476190476193,11.507936507936508,14.682539682539684,73.80952380952381,6.349206349206349,67.46031746031747
E00056173,192,57,24,33,135,17,118,29.6875,12.5,17.1875,70.3125,8.854166666666668,61.458333333333336
E00056174,213,28,11,17,185,20,165,13.145539906103288,5.164319248826291,7.981220657276995,86.85446009389672,9.389671361502346,77.46478873239437
E00056175,340,41,15,26,299,41,258,12.058823529411764,4.411764705882353,7.647058823529412,87.94117647058823,12.058823529411764,75.88235294117646
E00056176,385,73,28,45,312,42,270,18.961038961038962,7.2727272727272725,11.688311688311687,81.03896103896105,10.909090909090908,70.12987012987013
E00056177,383,81,25,56,302,23,279,21.148825065274153,6.527415143603134,14.621409921671018,78.85117493472585,6.005221932114883,72.84595300261097
E00056178,280,50,19,31,230,22,208,17.857142857142858,6.785714285714286,11.071428571428571,82.14285714285714,7.857142857142857,74.28571428571429
E00056179,292,41,12,29,251,22,229,14.04109589041096,4.10958904109589,9.931506849315069,85.95890410958904,7.534246575342466,78.42465753424658
E00056180,242,62,25,37,180,18,162,25.6198347107438,10.330578512396695,15.289256198347106,74.3801652892562,7.43801652892562,66.94214876033058
E00056181,265,47,16,31,218,24,194,17.735849056603772,6.037735849056604,11.69811320754717,82.26415094339623,9.056603773584905,73.20754716981132
E00056182,339,58,19,39,281,27,254,17.10914454277286,5.604719764011799,11.504424778761061,82.89085545722715,7.964601769911504,74.92625368731564
E00056183,333,68,36,32,265,21,244,20.42042042042042,10.81081081081081,9.60960960960961,79.57957957957959,6.306306306306306,73.27327327327328
E00056184,378,86,37,49,292,21,271,22.75132275132275,9.788359788359788,12.962962962962962,77.24867724867724,5.555555555555555,71.6931216931217
E00056185,379,101,42,59,278,23,255,26.649076517150394,11.081794195250659,15.567282321899736,73.35092348284961,6.068601583113456,67.28232189973615
E00056186,274,36,12,24,238,21,217,13.138686131386862,4.37956204379562,8.75912408759124,86.86131386861314,7.664233576642336,79.1970802919708
E00056187,311,63,30,33,248,12,236,20.257234726688104,9.646302250803858,10.610932475884244,79.7427652733119,3.858520900321544,75.88424437299035
E00056188,286,43,11,32,243,28,215,15.034965034965033,3.8461538461538463,11.188811188811188,84.96503496503497,9.79020979020979,75.17482517482517
E00056189,199,72,42,30,127,10,117,36.18090452261307,21.105527638190953,15.07537688442211,63.81909547738693,5.025125628140704,58.79396984924623
E00056190,295,69,27,42,226,19,207,23.389830508474578,9.152542372881356,14.237288135593221,76.61016949152543,6.440677966101695,70.16949152542374
E00056191,392,70,27,43,322,35,287,17.857142857142858,6.887755102040815,10.96938775510204,82.14285714285714,8.928571428571429,73.21428571428571
E00056192,400,68,17,51,332,25,307,17,4.25,12.75,83,6.25,76.75
E00056193,246,53,30,23,193,25,168,21.544715447154474,12.195121951219512,9.34959349593496,78.45528455284553,10.16260162601626,68.29268292682927
E00056194,291,29,8,21,262,25,237,9.965635738831615,2.7491408934707904,7.216494845360824,90.03436426116839,8.59106529209622,81.44329896907216
E00056195,280,31,10,21,249,21,228,11.071428571428571,3.571428571428571,7.5,88.92857142857142,7.5,81.42857142857143
E00056196,322,55,23,32,267,32,235,17.080745341614907,7.142857142857142,9.937888198757763,82.91925465838509,9.937888198757763,72.98136645962732
E00056197,255,51,21,30,204,17,187,20,8.235294117647058,11.76470588235294,80,6.666666666666667,73.33333333333333
E00056198,346,72,32,40,274,18,256,20.809248554913296,9.248554913294797,11.560693641618498,79.1907514450867,5.202312138728324,73.98843930635837
E00056199,282,37,12,25,245,25,220,13.120567375886525,4.25531914893617,8.865248226950355,86.87943262411348,8.865248226950355,78.01418439716312
E00056200,258,49,24,25,209,30,179,18.992248062015506,9.30232558139535,9.689922480620156,81.0077519379845,11.627906976744185,69.37984496124031
E00056201,202,33,9,24,169,12,157,16.33663366336634,4.455445544554455,11.881188118811881,83.66336633663366,5.9405940594059405,77.72277227722772
E00056202,388,72,32,40,316,19,297,18.556701030927837,8.24742268041237,10.309278350515463,81.44329896907216,4.896907216494846,76.5463917525773
E00056203,326,46,18,28,280,25,255,14.11042944785276,5.521472392638037,8.588957055214724,85.88957055214725,7.668711656441718,78.22085889570552
E00056204,459,81,26,55,378,39,339,17.647058823529413,5.664488017429194,11.982570806100219,82.35294117647058,8.49673202614379,73.8562091503268
E00056205,283,59,21,38,224,37,187,20.848056537102476,7.420494699646643,13.427561837455832,79.15194346289752,13.074204946996467,66.07773851590106
E00056206,331,45,10,35,286,28,258,13.595166163141995,3.0211480362537766,10.574018126888216,86.404833836858,8.459214501510575,77.94561933534743
E00056207,382,57,23,34,325,37,288,14.921465968586386,6.020942408376963,8.900523560209423,85.07853403141361,9.68586387434555,75.39267015706807
E00056208,363,64,24,40,299,23,276,17.63085399449036,6.6115702479338845,11.019283746556475,82.36914600550963,6.336088154269973,76.03305785123968
E00056210,337,87,44,43,250,16,234,25.816023738872403,13.056379821958458,12.759643916913946,74.1839762611276,4.747774480712167,69.43620178041543
E00056211,421,52,16,36,369,30,339,12.351543942992874,3.800475059382423,8.551068883610451,87.64845605700712,7.1258907363420425,80.52256532066508
E00056212,476,68,38,30,408,15,393,14.285714285714285,7.9831932773109235,6.302521008403361,85.71428571428571,3.1512605042016806,82.56302521008404
E00056213,484,87,40,47,397,25,372,17.97520661157025,8.264462809917356,9.710743801652892,82.02479338842976,5.1652892561983474,76.85950413223141
E00056214,325,55,19,36,270,24,246,16.923076923076923,5.846153846153846,11.076923076923077,83.07692307692308,7.384615384615385,75.6923076923077
E00056215,222,67,34,33,155,12,143,30.180180180180184,15.315315315315313,14.864864864864865,69.81981981981981,5.405405405405405,64.41441441441441
E00056216,311,24,6,18,287,25,262,7.717041800643088,1.929260450160772,5.787781350482315,92.28295819935691,8.038585209003216,84.2443729903537
E00056217,315,55,26,29,260,17,243,17.46031746031746,8.253968253968253,9.206349206349207,82.53968253968253,5.396825396825397,77.14285714285715
E00056218,405,79,56,23,326,23,303,19.50617283950617,13.82716049382716,5.679012345679013,80.49382716049382,5.679012345679013,74.81481481481481
E00056219,272,50,25,25,222,19,203,18.38235294117647,9.191176470588236,9.191176470588236,81.61764705882352,6.985294117647059,74.63235294117648
E00056220,331,49,21,28,282,23,259,14.803625377643503,6.3444108761329305,8.459214501510575,85.1963746223565,6.948640483383686,78.24773413897282
E00056221,315,44,18,26,271,24,247,13.968253968253968,5.714285714285714,8.253968253968253,86.03174603174604,7.6190476190476195,78.41269841269842
E00056222,449,64,19,45,385,32,353,14.253897550111358,4.231625835189309,10.022271714922049,85.74610244988864,7.126948775055679,78.61915367483296
E00056223,271,39,15,24,232,20,212,14.391143911439114,5.535055350553505,8.856088560885608,85.60885608856088,7.380073800738007,78.22878228782287
E00056224,307,43,16,27,264,25,239,14.006514657980457,5.211726384364821,8.794788273615636,85.99348534201955,8.143322475570033,77.85016286644951
E00056225,285,59,22,37,226,23,203,20.701754385964914,7.719298245614035,12.982456140350877,79.2982456140351,8.070175438596491,71.2280701754386
E00056226,250,51,20,31,199,15,184,20.4,8,12.4,79.60000000000001,6,73.6
E00056227,336,57,24,33,279,22,257,16.964285714285715,7.142857142857142,9.821428571428571,83.03571428571429,6.547619047619048,76.48809523809523
E00056228,314,57,28,29,257,17,240,18.152866242038215,8.9171974522293,9.235668789808917,81.84713375796179,5.414012738853503,76.43312101910828
E00056229,306,54,28,26,252,20,232,17.647058823529413,9.15032679738562,8.49673202614379,82.35294117647058,6.535947712418301,75.81699346405229
E00056230,355,44,17,27,311,28,283,12.394366197183098,4.788732394366197,7.605633802816901,87.60563380281691,7.887323943661972,79.71830985915493
E00056231,277,67,23,44,210,10,200,24.187725631768952,8.303249097472925,15.884476534296029,75.81227436823104,3.6101083032490973,72.20216606498195
E00056232,327,101,70,31,226,11,215,30.886850152905197,21.406727828746178,9.480122324159021,69.1131498470948,3.3639143730886847,65.74923547400611
E00056233,326,90,54,36,236,19,217,27.607361963190186,16.56441717791411,11.042944785276074,72.39263803680981,5.828220858895705,66.56441717791411
E00056234,295,57,23,34,238,32,206,19.322033898305087,7.796610169491526,11.525423728813559,80.67796610169492,10.847457627118644,69.83050847457626
E00056235,526,90,33,57,436,35,401,17.110266159695815,6.273764258555133,10.836501901140684,82.88973384030417,6.653992395437262,76.23574144486692
E00056236,127,56,35,21,71,10,61,44.09448818897638,27.559055118110237,16.535433070866144,55.90551181102362,7.874015748031496,48.031496062992126
E00056237,268,53,25,28,215,11,204,19.776119402985074,9.328358208955224,10.44776119402985,80.22388059701493,4.104477611940299,76.11940298507463
E00056238,376,63,22,41,313,17,296,16.75531914893617,5.851063829787234,10.904255319148938,83.24468085106383,4.521276595744681,78.72340425531915
E00056239,490,68,35,33,422,21,401,13.877551020408163,7.142857142857142,6.73469387755102,86.12244897959184,4.285714285714286,81.83673469387756
E00056240,234,83,39,44,151,10,141,35.47008547008547,16.666666666666664,18.803418803418804,64.52991452991454,4.273504273504273,60.256410256410255
E00056241,412,53,24,29,359,27,332,12.864077669902912,5.825242718446602,7.038834951456311,87.13592233009709,6.553398058252427,80.58252427184466
E00056242,558,96,48,48,462,15,447,17.20430107526882,8.60215053763441,8.60215053763441,82.79569892473118,2.6881720430107525,80.10752688172043
E00056243,410,56,25,31,354,21,333,13.658536585365855,6.097560975609756,7.560975609756097,86.34146341463415,5.121951219512195,81.21951219512195
E00056244,420,99,30,69,321,17,304,23.57142857142857,7.142857142857142,16.428571428571427,76.42857142857142,4.0476190476190474,72.38095238095238
E00056245,475,98,44,54,377,17,360,20.63157894736842,9.263157894736842,11.368421052631579,79.36842105263158,3.578947368421052,75.78947368421053
E00056246,399,88,45,43,311,11,300,22.05513784461153,11.278195488721805,10.776942355889723,77.94486215538848,2.756892230576441,75.18796992481202
E00056248,458,73,37,36,385,22,363,15.938864628820962,8.078602620087336,7.860262008733625,84.06113537117903,4.8034934497816595,79.25764192139738
E00056249,301,47,15,32,254,23,231,15.614617940199334,4.983388704318937,10.631229235880399,84.38538205980066,7.641196013289036,76.74418604651163
E00056251,304,40,17,23,264,27,237,13.157894736842104,5.592105263157895,7.565789473684211,86.8421052631579,8.881578947368421,77.96052631578947
E00056252,306,51,17,34,255,20,235,16.666666666666664,5.555555555555555,11.11111111111111,83.33333333333334,6.535947712418301,76.79738562091504
E00056253,330,35,16,19,295,27,268,10.606060606060606,4.848484848484849,5.757575757575758,89.39393939393939,8.181818181818182,81.21212121212122
E00056254,388,51,17,34,337,22,315,13.144329896907218,4.381443298969072,8.762886597938143,86.85567010309279,5.670103092783505,81.18556701030928
E00056256,338,40,8,32,298,24,274,11.834319526627219,2.366863905325444,9.467455621301776,88.16568047337277,7.100591715976331,81.06508875739645
E00056257,268,59,30,29,209,19,190,22.01492537313433,11.194029850746269,10.820895522388058,77.98507462686567,7.08955223880597,70.8955223880597
E00056258,314,41,16,25,273,16,257,13.05732484076433,5.095541401273886,7.961783439490445,86.94267515923568,5.095541401273886,81.84713375796179
E00056259,314,48,25,23,266,35,231,15.286624203821656,7.961783439490445,7.32484076433121,84.71337579617835,11.146496815286625,73.56687898089172
E00056260,343,61,24,37,282,21,261,17.784256559766764,6.997084548104956,10.787172011661808,82.21574344023324,6.122448979591836,76.0932944606414
E00056261,340,49,11,38,291,25,266,14.411764705882351,3.2352941176470593,11.176470588235295,85.58823529411764,7.352941176470589,78.23529411764706
E00056263,246,37,10,27,209,24,185,15.040650406504067,4.0650406504065035,10.975609756097562,84.95934959349594,9.75609756097561,75.20325203252033
E00056264,458,58,22,36,400,25,375,12.663755458515283,4.8034934497816595,7.860262008733625,87.33624454148472,5.458515283842795,81.87772925764192
E00056265,271,64,32,32,207,20,187,23.616236162361623,11.808118081180812,11.808118081180812,76.38376383763837,7.380073800738007,69.00369003690037
E00056266,298,45,14,31,253,31,222,15.100671140939598,4.697986577181208,10.40268456375839,84.8993288590604,10.40268456375839,74.49664429530202
E00056267,253,56,23,33,197,20,177,22.134387351778656,9.090909090909092,13.043478260869565,77.86561264822134,7.905138339920949,69.96047430830039
E00056268,229,46,26,20,183,22,161,20.087336244541483,11.353711790393014,8.73362445414847,79.91266375545851,9.606986899563319,70.3056768558952
E00056269,263,40,16,24,223,18,205,15.209125475285171,6.083650190114068,9.125475285171103,84.79087452471484,6.844106463878327,77.9467680608365
E00056270,378,57,14,43,321,29,292,15.079365079365079,3.7037037037037033,11.375661375661375,84.92063492063492,7.671957671957672,77.24867724867724
E00056271,371,31,6,25,340,25,315,8.355795148247978,1.6172506738544474,6.738544474393531,91.64420485175202,6.738544474393531,84.90566037735849
E00056272,273,44,16,28,229,23,206,16.117216117216117,5.86080586080586,10.256410256410255,83.88278388278388,8.424908424908425,75.45787545787546
E00056273,289,36,11,25,253,27,226,12.45674740484429,3.8062283737024223,8.650519031141869,87.5432525951557,9.342560553633218,78.20069204152249
E00056274,244,69,21,48,175,28,147,28.278688524590162,8.60655737704918,19.672131147540984,71.72131147540983,11.475409836065573,60.245901639344254
E00056275,196,60,27,33,136,17,119,30.612244897959183,13.77551020408163,16.83673469387755,69.38775510204081,8.673469387755102,60.71428571428571
E00056276,327,49,20,29,278,22,256,14.984709480122325,6.116207951070336,8.868501529051988,85.01529051987767,6.727828746177369,78.2874617737003
E00056277,368,47,18,29,321,30,291,12.771739130434783,4.891304347826087,7.880434782608696,87.22826086956522,8.152173913043478,79.07608695652173
E00056278,336,98,52,46,238,16,222,29.166666666666668,15.476190476190476,13.690476190476192,70.83333333333334,4.761904761904762,66.07142857142857
E00056279,328,66,28,38,262,23,239,20.121951219512198,8.536585365853659,11.585365853658537,79.8780487804878,7.01219512195122,72.86585365853658
E00056280,110,16,10,6,94,6,88,14.545454545454545,9.090909090909092,5.454545454545454,85.45454545454545,5.454545454545454,80
E00056281,267,38,10,28,229,15,214,14.232209737827715,3.7453183520599254,10.486891385767791,85.76779026217228,5.617977528089887,80.14981273408239
E00056282,267,40,18,22,227,27,200,14.981273408239701,6.741573033707865,8.239700374531834,85.0187265917603,10.112359550561797,74.90636704119851
E00056283,267,40,15,25,227,24,203,14.981273408239701,5.617977528089887,9.363295880149813,85.0187265917603,8.98876404494382,76.02996254681648
E00056284,287,49,18,31,238,23,215,17.073170731707318,6.2717770034843205,10.801393728222997,82.92682926829268,8.013937282229964,74.91289198606272
E00056285,391,68,30,38,323,28,295,17.391304347826086,7.672634271099745,9.718670076726342,82.6086956521739,7.161125319693094,75.44757033248082
E00056286,326,49,20,29,277,29,248,15.030674846625766,6.134969325153374,8.895705521472392,84.96932515337423,8.895705521472392,76.07361963190185
E00056287,275,34,12,22,241,34,207,12.363636363636363,4.363636363636364,8,87.63636363636364,12.363636363636363,75.27272727272727
E00056288,257,35,7,28,222,27,195,13.618677042801556,2.7237354085603114,10.894941634241246,86.38132295719845,10.505836575875486,75.87548638132296
E00056289,300,54,23,31,246,28,218,18,7.666666666666666,10.333333333333334,82,9.333333333333334,72.66666666666667
E00056290,269,41,15,26,228,27,201,15.241635687732341,5.5762081784386615,9.66542750929368,84.75836431226766,10.037174721189592,74.72118959107806
E00056291,211,64,26,38,147,24,123,30.33175355450237,12.322274881516588,18.009478672985782,69.66824644549763,11.374407582938389,58.29383886255924
E00056292,520,65,20,45,455,53,402,12.5,3.8461538461538463,8.653846153846153,87.5,10.192307692307692,77.3076923076923
E00056293,534,140,47,93,394,33,361,26.217228464419474,8.801498127340825,17.415730337078653,73.78277153558052,6.179775280898876,67.60299625468164
E00056294,336,43,8,35,293,22,271,12.797619047619047,2.380952380952381,10.416666666666668,87.20238095238095,6.547619047619048,80.65476190476191
E00056295,251,50,19,31,201,11,190,19.9203187250996,7.569721115537849,12.350597609561753,80.0796812749004,4.382470119521913,75.69721115537848
E00056296,218,29,6,23,189,23,166,13.302752293577983,2.7522935779816518,10.550458715596331,86.69724770642202,10.550458715596331,76.14678899082568
E00056297,219,45,18,27,174,20,154,20.54794520547945,8.21917808219178,12.32876712328767,79.45205479452055,9.1324200913242,70.31963470319634
E00056298,350,68,30,38,282,28,254,19.428571428571427,8.571428571428571,10.857142857142858,80.57142857142857,8,72.57142857142857
E00056299,397,58,23,35,339,22,317,14.609571788413097,5.793450881612091,8.816120906801007,85.3904282115869,5.541561712846348,79.84886649874056
E00056300,273,55,22,33,218,31,187,20.146520146520146,8.058608058608058,12.087912087912088,79.85347985347985,11.355311355311356,68.4981684981685
E00056301,345,54,24,30,291,27,264,15.65217391304348,6.956521739130435,8.695652173913043,84.34782608695653,7.82608695652174,76.52173913043478
E00056302,414,61,25,36,353,35,318,14.734299516908212,6.038647342995169,8.695652173913043,85.26570048309179,8.454106280193237,76.81159420289855
E00056303,281,65,29,36,216,23,193,23.131672597864767,10.320284697508896,12.811387900355871,76.86832740213522,8.185053380782918,68.68327402135232
E00056304,272,38,12,26,234,26,208,13.970588235294118,4.411764705882353,9.558823529411764,86.02941176470588,9.558823529411764,76.47058823529412
E00056305,218,43,14,29,175,19,156,19.724770642201836,6.422018348623854,13.302752293577983,80.27522935779817,8.715596330275229,71.55963302752293
E00056306,339,44,13,31,295,40,255,12.979351032448378,3.8348082595870205,9.144542772861357,87.02064896755162,11.799410029498524,75.22123893805309
E00056307,305,60,24,36,245,22,223,19.672131147540984,7.868852459016394,11.80327868852459,80.32786885245902,7.213114754098362,73.11475409836066
E00056308,296,40,14,26,256,21,235,13.513513513513514,4.72972972972973,8.783783783783784,86.48648648648648,7.094594594594595,79.3918918918919
E00056309,244,50,14,36,194,22,172,20.491803278688526,5.737704918032787,14.754098360655737,79.50819672131148,9.01639344262295,70.49180327868852
E00056310,241,37,8,29,204,33,171,15.352697095435685,3.319502074688797,12.033195020746888,84.64730290456431,13.692946058091287,70.95435684647303
E00056311,229,28,8,20,201,28,173,12.22707423580786,3.4934497816593884,8.73362445414847,87.77292576419214,12.22707423580786,75.54585152838428
E00056312,265,43,17,26,222,26,196,16.22641509433962,6.415094339622642,9.811320754716983,83.77358490566039,9.811320754716983,73.9622641509434
E00056313,201,33,12,21,168,22,146,16.417910447761194,5.970149253731343,10.44776119402985,83.5820895522388,10.945273631840797,72.636815920398
E00056314,270,26,10,16,244,29,215,9.62962962962963,3.7037037037037033,5.9259259259259265,90.37037037037037,10.74074074074074,79.62962962962963
E00056315,513,86,34,52,427,32,395,16.764132553606238,6.627680311890838,10.1364522417154,83.23586744639377,6.237816764132553,76.99805068226121
E00056316,128,22,7,15,106,15,91,17.1875,5.46875,11.71875,82.8125,11.71875,71.09375
E00056317,374,55,18,37,319,42,277,14.705882352941178,4.81283422459893,9.893048128342247,85.29411764705883,11.229946524064172,74.06417112299465
E00056318,226,43,17,26,183,17,166,19.02654867256637,7.52212389380531,11.504424778761061,80.97345132743364,7.52212389380531,73.45132743362832
E00056319,254,72,36,36,182,11,171,28.346456692913385,14.173228346456693,14.173228346456693,71.65354330708661,4.330708661417323,67.32283464566929
E00056320,503,88,37,51,415,36,379,17.495029821073558,7.3558648111332,10.139165009940358,82.50497017892644,7.157057654075547,75.3479125248509
E00056321,211,45,20,25,166,17,149,21.32701421800948,9.47867298578199,11.848341232227488,78.67298578199052,8.056872037914692,70.61611374407583
E00056322,343,64,25,39,279,36,243,18.658892128279884,7.288629737609329,11.370262390670554,81.34110787172013,10.495626822157435,70.8454810495627
E00056323,381,57,13,44,324,39,285,14.960629921259844,3.4120734908136483,11.548556430446194,85.03937007874016,10.236220472440944,74.80314960629921
E00056324,325,30,10,20,295,27,268,9.230769230769232,3.076923076923077,6.153846153846154,90.76923076923077,8.307692307692308,82.46153846153847
E00056325,285,24,9,15,261,20,241,8.421052631578947,3.1578947368421053,5.263157894736842,91.57894736842105,7.017543859649122,84.56140350877193
E00056326,337,44,17,27,293,26,267,13.056379821958458,5.044510385756676,8.011869436201781,86.94362017804154,7.71513353115727,79.22848664688428
E00056327,334,37,8,29,297,38,259,11.077844311377245,2.3952095808383236,8.682634730538922,88.92215568862275,11.377245508982035,77.54491017964071
E00056328,314,48,22,26,266,32,234,15.286624203821656,7.006369426751593,8.280254777070063,84.71337579617835,10.191082802547772,74.52229299363057
E00056329,261,55,32,23,206,14,192,21.0727969348659,12.260536398467432,8.812260536398467,78.9272030651341,5.363984674329502,73.5632183908046
E00056330,324,40,10,30,284,30,254,12.345679012345679,3.0864197530864197,9.25925925925926,87.65432098765432,9.25925925925926,78.39506172839506
E00056331,377,63,22,41,314,31,283,16.710875331564985,5.835543766578249,10.875331564986737,83.28912466843501,8.222811671087534,75.06631299734748
E00056332,530,62,21,41,468,42,426,11.69811320754717,3.9622641509433962,7.735849056603773,88.30188679245283,7.9245283018867925,80.37735849056604
E00056333,317,35,12,23,282,28,254,11.041009463722396,3.7854889589905363,7.255520504731862,88.95899053627761,8.832807570977918,80.12618296529969
E00056334,281,31,18,13,250,26,224,11.032028469750891,6.405693950177936,4.6263345195729535,88.96797153024912,9.252669039145907,79.7153024911032
E00056336,276,49,19,30,227,21,206,17.753623188405797,6.884057971014493,10.869565217391305,82.2463768115942,7.608695652173914,74.63768115942028
E00056337,193,31,14,17,162,20,142,16.06217616580311,7.253886010362693,8.808290155440414,83.93782383419689,10.362694300518134,73.57512953367875
E00056338,348,32,11,21,316,22,294,9.195402298850574,3.1609195402298855,6.0344827586206895,90.80459770114942,6.321839080459771,84.48275862068965
E00056339,344,65,21,44,279,26,253,18.8953488372093,6.104651162790697,12.790697674418606,81.1046511627907,7.55813953488372,73.54651162790698
E00056340,431,121,58,63,310,32,278,28.074245939675173,13.45707656612529,14.617169373549885,71.92575406032483,7.424593967517401,64.50116009280742
E00056341,306,38,11,27,268,35,233,12.418300653594772,3.594771241830065,8.823529411764707,87.58169934640523,11.437908496732026,76.1437908496732
E00056342,481,50,20,30,431,25,406,10.395010395010395,4.158004158004158,6.237006237006238,89.6049896049896,5.197505197505198,84.40748440748442
E00056343,449,69,22,47,380,25,355,15.367483296213807,4.8997772828507795,10.46770601336303,84.63251670378618,5.56792873051225,79.06458797327394
E00056344,268,44,13,31,224,32,192,16.417910447761194,4.850746268656716,11.567164179104477,83.5820895522388,11.940298507462686,71.64179104477611
E00056345,326,44,15,29,282,31,251,13.496932515337424,4.601226993865031,8.895705521472392,86.50306748466258,9.509202453987731,76.99386503067484
E00056346,266,57,25,32,209,13,196,21.428571428571427,9.398496240601503,12.030075187969924,78.57142857142857,4.887218045112782,73.68421052631578
E00056347,371,45,17,28,326,30,296,12.129380053908356,4.5822102425876015,7.547169811320755,87.87061994609164,8.086253369272237,79.78436657681941
E00056348,464,59,19,40,405,44,361,12.71551724137931,4.094827586206897,8.620689655172415,87.28448275862068,9.482758620689655,77.80172413793103
E00056349,254,41,12,29,213,27,186,16.141732283464567,4.724409448818897,11.41732283464567,83.85826771653542,10.62992125984252,73.22834645669292
E00056350,208,43,18,25,165,18,147,20.673076923076923,8.653846153846153,12.01923076923077,79.32692307692307,8.653846153846153,70.67307692307693
E00056351,257,43,18,25,214,26,188,16.731517509727624,7.003891050583658,9.72762645914397,83.26848249027238,10.116731517509727,73.15175097276264
E00056352,227,48,14,34,179,18,161,21.145374449339208,6.167400881057269,14.977973568281937,78.8546255506608,7.929515418502203,70.92511013215858
E00056353,353,56,16,40,297,28,269,15.864022662889518,4.53257790368272,11.3314447592068,84.13597733711048,7.932011331444759,76.20396600566572
E00056354,297,73,30,43,224,29,195,24.579124579124578,10.1010101010101,14.47811447811448,75.42087542087542,9.764309764309765,65.65656565656566
E00056355,287,29,8,21,258,26,232,10.104529616724738,2.7874564459930316,7.317073170731707,89.89547038327527,9.059233449477352,80.8362369337979
E00056356,263,43,13,30,220,32,188,16.34980988593156,4.942965779467681,11.406844106463879,83.65019011406845,12.167300380228136,71.48288973384031
E00056357,303,36,9,27,267,23,244,11.881188118811881,2.9702970297029703,8.91089108910891,88.11881188118812,7.590759075907591,80.52805280528052
E00056358,330,59,18,41,271,21,250,17.87878787878788,5.454545454545454,12.424242424242424,82.12121212121211,6.363636363636363,75.75757575757575
E00056359,363,44,7,37,319,28,291,12.121212121212121,1.9283746556473829,10.192837465564738,87.87878787878788,7.7134986225895315,80.16528925619835
E00056360,251,32,15,17,219,19,200,12.749003984063744,5.9760956175298805,6.772908366533864,87.25099601593625,7.569721115537849,79.6812749003984
E00056361,355,57,19,38,298,40,258,16.056338028169016,5.352112676056338,10.704225352112676,83.94366197183099,11.267605633802818,72.67605633802818
E00056362,367,41,11,30,326,27,299,11.1716621253406,2.997275204359673,8.174386920980927,88.8283378746594,7.3569482288828345,81.47138964577657
E00056363,377,49,15,34,328,32,296,12.9973474801061,3.978779840848806,9.018567639257293,87.0026525198939,8.488063660477453,78.51458885941645
E00056364,310,62,30,32,248,29,219,20,9.67741935483871,10.32258064516129,80,9.35483870967742,70.64516129032258
E00056365,258,43,6,37,215,30,185,16.666666666666664,2.3255813953488373,14.34108527131783,83.33333333333334,11.627906976744185,71.70542635658916
E00056366,214,32,11,21,182,19,163,14.953271028037381,5.14018691588785,9.813084112149532,85.04672897196261,8.878504672897195,76.16822429906543
E00056367,388,46,26,20,342,35,307,11.855670103092782,6.701030927835052,5.154639175257731,88.14432989690721,9.02061855670103,79.12371134020619
E00056368,422,73,25,48,349,39,310,17.298578199052134,5.924170616113744,11.374407582938389,82.70142180094787,9.24170616113744,73.45971563981043
E00056369,328,50,19,31,278,27,251,15.24390243902439,5.7926829268292686,9.451219512195122,84.7560975609756,8.231707317073171,76.52439024390245
E00056370,319,48,16,32,271,38,233,15.047021943573668,5.015673981191222,10.031347962382444,84.95297805642633,11.912225705329153,73.04075235109718
E00056371,370,47,15,32,323,40,283,12.702702702702704,4.054054054054054,8.64864864864865,87.29729729729729,10.81081081081081,76.48648648648648
E00056372,304,47,17,30,257,27,230,15.460526315789474,5.592105263157895,9.868421052631579,84.53947368421053,8.881578947368421,75.6578947368421
E00056373,470,55,23,32,415,43,372,11.702127659574469,4.8936170212765955,6.808510638297872,88.29787234042553,9.148936170212766,79.14893617021276
E00056374,387,41,14,27,346,36,310,10.594315245478036,3.6175710594315245,6.976744186046512,89.40568475452196,9.30232558139535,80.10335917312662
E00056375,321,51,15,36,270,24,246,15.887850467289718,4.672897196261682,11.214953271028037,84.11214953271028,7.476635514018691,76.63551401869158
E00056376,345,32,9,23,313,34,279,9.27536231884058,2.608695652173913,6.666666666666667,90.72463768115942,9.855072463768117,80.8695652173913
E00056377,334,57,26,31,277,26,251,17.065868263473057,7.784431137724551,9.281437125748502,82.93413173652695,7.784431137724551,75.1497005988024
E00056378,369,64,16,48,305,16,289,17.344173441734416,4.336043360433604,13.008130081300814,82.65582655826557,4.336043360433604,78.31978319783198
E00056380,746,133,11,122,613,66,547,17.828418230563003,1.4745308310991956,16.353887399463808,82.171581769437,8.847184986595174,73.32439678284183
E00056381,411,59,19,40,352,27,325,14.355231143552311,4.622871046228711,9.732360097323602,85.64476885644768,6.569343065693431,79.07542579075427
E00056382,326,47,17,30,279,30,249,14.417177914110429,5.214723926380368,9.202453987730062,85.58282208588957,9.202453987730062,76.38036809815951
E00056383,320,72,31,41,248,27,221,22.5,9.6875,12.812499999999998,77.5,8.4375,69.0625
E00056384,326,37,14,23,289,26,263,11.349693251533742,4.294478527607362,7.05521472392638,88.65030674846625,7.975460122699387,80.67484662576688
E00056385,244,67,30,37,177,17,160,27.459016393442624,12.295081967213115,15.163934426229508,72.54098360655738,6.967213114754098,65.57377049180327
E00056386,318,38,15,23,280,19,261,11.949685534591195,4.716981132075472,7.232704402515723,88.0503144654088,5.9748427672955975,82.0754716981132
E00056387,337,55,22,33,282,28,254,16.320474777448073,6.528189910979229,9.792284866468842,83.67952522255193,8.30860534124629,75.37091988130564
E00056389,256,61,21,40,195,19,176,23.828125,8.203125,15.625,76.171875,7.421875,68.75
E00056390,281,49,21,28,232,28,204,17.437722419928825,7.473309608540925,9.9644128113879,82.56227758007117,9.9644128113879,72.59786476868328
E00056391,382,54,18,36,328,22,306,14.136125654450263,4.712041884816754,9.424083769633508,85.86387434554975,5.7591623036649215,80.10471204188482
E00056392,295,39,13,26,256,20,236,13.220338983050848,4.406779661016949,8.813559322033898,86.77966101694915,6.779661016949152,80
E00056393,361,52,19,33,309,31,278,14.40443213296399,5.263157894736842,9.141274238227147,85.59556786703601,8.587257617728532,77.00831024930747
E00056394,537,55,20,35,482,45,437,10.242085661080075,3.7243947858473,6.517690875232775,89.75791433891993,8.379888268156424,81.3780260707635
E00056395,504,106,63,43,398,35,363,21.03174603174603,12.5,8.531746031746032,78.96825396825396,6.944444444444445,72.02380952380952
E00056396,397,54,18,36,343,26,317,13.602015113350127,4.534005037783375,9.06801007556675,86.39798488664987,6.54911838790932,79.84886649874056
E00056397,567,84,27,57,483,43,440,14.814814814814813,4.761904761904762,10.052910052910052,85.18518518518519,7.583774250440917,77.60141093474427
E00056398,212,51,25,26,161,19,142,24.056603773584907,11.79245283018868,12.264150943396226,75.94339622641509,8.962264150943396,66.98113207547169
E00056399,340,59,23,36,281,22,259,17.352941176470587,6.764705882352941,10.588235294117647,82.6470588235294,6.470588235294119,76.17647058823529
E00056400,323,41,13,28,282,35,247,12.693498452012383,4.024767801857585,8.6687306501548,87.30650154798761,10.8359133126935,76.47058823529412
E00056401,246,46,14,32,200,16,184,18.69918699186992,5.691056910569105,13.008130081300814,81.30081300813008,6.504065040650407,74.79674796747967
E00056402,225,54,24,30,171,19,152,24,10.666666666666668,13.333333333333334,76,8.444444444444445,67.55555555555556
E00056403,252,38,18,20,214,21,193,15.079365079365079,7.142857142857142,7.936507936507936,84.92063492063492,8.333333333333332,76.5873015873016
E00056404,266,41,18,23,225,14,211,15.413533834586465,6.7669172932330826,8.646616541353383,84.58646616541353,5.263157894736842,79.32330827067669
E00056405,279,44,23,21,235,30,205,15.770609318996415,8.24372759856631,7.526881720430108,84.22939068100358,10.75268817204301,73.47670250896059
E00056406,253,40,16,24,213,11,202,15.810276679841898,6.324110671936759,9.486166007905137,84.18972332015811,4.3478260869565215,79.84189723320159
E00056407,501,103,45,58,398,30,368,20.55888223552894,8.982035928143713,11.57684630738523,79.44111776447106,5.9880239520958085,73.45309381237524
E00056408,268,45,12,33,223,23,200,16.791044776119403,4.477611940298507,12.313432835820896,83.2089552238806,8.582089552238806,74.6268656716418
E00056409,288,39,16,23,249,21,228,13.541666666666666,5.555555555555555,7.986111111111111,86.45833333333334,7.291666666666667,79.16666666666666
E00056410,250,33,16,17,217,22,195,13.200000000000001,6.4,6.800000000000001,86.8,8.799999999999999,78
E00056411,381,34,12,22,347,30,317,8.923884514435695,3.149606299212598,5.774278215223097,91.0761154855643,7.874015748031496,83.2020997375328
E00056412,307,33,12,21,274,25,249,10.749185667752444,3.908794788273615,6.840390879478828,89.25081433224756,8.143322475570033,81.10749185667753
E00056413,245,39,17,22,206,25,181,15.918367346938775,6.938775510204081,8.979591836734693,84.08163265306122,10.204081632653061,73.87755102040816
E00056414,387,47,12,35,340,33,307,12.144702842377262,3.10077519379845,9.043927648578812,87.85529715762273,8.527131782945736,79.32816537467701
E00056415,211,25,7,18,186,10,176,11.848341232227488,3.3175355450236967,8.530805687203792,88.15165876777252,4.739336492890995,83.41232227488152
E00056416,301,39,14,25,262,29,233,12.956810631229235,4.651162790697675,8.305647840531561,87.04318936877077,9.634551495016613,77.40863787375415
E00056417,246,40,16,24,206,9,197,16.260162601626014,6.504065040650407,9.75609756097561,83.73983739837398,3.6585365853658534,80.08130081300813
E00056418,304,85,41,44,219,22,197,27.960526315789476,13.486842105263158,14.473684210526317,72.03947368421053,7.236842105263158,64.80263157894737
E00056419,431,56,20,36,375,39,336,12.993039443155451,4.640371229698376,8.352668213457076,87.00696055684455,9.048723897911833,77.9582366589327
E00056420,255,43,20,23,212,14,198,16.862745098039216,7.8431372549019605,9.019607843137255,83.13725490196079,5.490196078431373,77.64705882352942
E00056421,311,59,21,38,252,28,224,18.971061093247588,6.752411575562702,12.218649517684888,81.02893890675242,9.003215434083602,72.02572347266882
E00056422,282,31,14,17,251,30,221,10.99290780141844,4.964539007092199,6.028368794326241,89.00709219858156,10.638297872340425,78.36879432624113
E00056423,349,42,18,24,307,22,285,12.034383954154727,5.157593123209169,6.876790830945559,87.96561604584528,6.303724928366762,81.66189111747852
E00056424,282,83,45,38,199,29,170,29.432624113475175,15.957446808510639,13.47517730496454,70.56737588652481,10.28368794326241,60.28368794326241
E00056425,282,47,13,34,235,23,212,16.666666666666664,4.609929078014184,12.056737588652481,83.33333333333334,8.156028368794328,75.177304964539
E00056426,342,49,17,32,293,30,263,14.327485380116958,4.970760233918129,9.35672514619883,85.67251461988305,8.771929824561402,76.90058479532163
E00056427,341,42,13,29,299,27,272,12.316715542521994,3.812316715542522,8.504398826979472,87.68328445747801,7.9178885630498534,79.76539589442815
E00056428,332,61,12,49,271,33,238,18.373493975903614,3.614457831325301,14.759036144578314,81.62650602409639,9.939759036144578,71.6867469879518
E00056429,301,60,23,37,241,28,213,19.93355481727575,7.641196013289036,12.29235880398671,80.06644518272425,9.30232558139535,70.7641196013289
E00056430,287,39,13,26,248,21,227,13.588850174216027,4.529616724738676,9.059233449477352,86.41114982578398,7.317073170731707,79.09407665505228
E00056431,270,32,12,20,238,19,219,11.851851851851853,4.444444444444445,7.4074074074074066,88.14814814814815,7.037037037037037,81.11111111111111
E00056432,204,25,11,14,179,13,166,12.254901960784313,5.392156862745098,6.862745098039216,87.74509803921569,6.372549019607843,81.37254901960785
E00056433,311,46,21,25,265,27,238,14.790996784565916,6.752411575562702,8.038585209003216,85.20900321543408,8.681672025723474,76.52733118971061
E00056434,245,36,16,20,209,12,197,14.69387755102041,6.530612244897959,8.16326530612245,85.3061224489796,4.8979591836734695,80.40816326530611
E00056435,404,36,16,20,368,27,341,8.91089108910891,3.9603960396039604,4.9504950495049505,91.0891089108911,6.683168316831684,84.4059405940594
E00056436,350,71,35,36,279,30,249,20.285714285714285,10,10.285714285714285,79.71428571428572,8.571428571428571,71.14285714285714
E00056437,298,37,19,18,261,19,242,12.416107382550337,6.375838926174497,6.0402684563758395,87.58389261744966,6.375838926174497,81.20805369127517
E00056438,301,49,18,31,252,23,229,16.27906976744186,5.980066445182724,10.299003322259136,83.72093023255815,7.641196013289036,76.0797342192691
E00056439,300,50,23,27,250,11,239,16.666666666666664,7.666666666666666,9,83.33333333333334,3.6666666666666665,79.66666666666666
E00056440,282,54,20,34,228,18,210,19.148936170212767,7.092198581560284,12.056737588652481,80.85106382978722,6.382978723404255,74.46808510638297
E00056441,262,86,52,34,176,25,151,32.82442748091603,19.84732824427481,12.977099236641221,67.17557251908397,9.541984732824428,57.63358778625955
E00056442,334,55,23,32,279,27,252,16.46706586826347,6.88622754491018,9.580838323353294,83.53293413173652,8.08383233532934,75.44910179640718
E00056443,270,48,21,27,222,31,191,17.77777777777778,7.777777777777778,10,82.22222222222221,11.481481481481481,70.74074074074073
E00056445,257,45,13,32,212,24,188,17.509727626459142,5.058365758754864,12.45136186770428,82.49027237354085,9.33852140077821,73.15175097276264
E00056446,325,36,15,21,289,27,262,11.076923076923077,4.615384615384616,6.461538461538462,88.92307692307693,8.307692307692308,80.61538461538461
E00056447,263,50,25,25,213,21,192,19.011406844106464,9.505703422053232,9.505703422053232,80.98859315589354,7.984790874524715,73.00380228136882
E00056448,384,37,15,22,347,39,308,9.635416666666668,3.90625,5.729166666666666,90.36458333333334,10.15625,80.20833333333334
E00056449,275,64,27,37,211,17,194,23.272727272727273,9.818181818181818,13.454545454545455,76.72727272727272,6.181818181818182,70.54545454545455
E00056450,270,42,20,22,228,17,211,15.555555555555555,7.4074074074074066,8.148148148148149,84.44444444444444,6.296296296296296,78.14814814814814
E00056451,304,53,19,34,251,30,221,17.434210526315788,6.25,11.18421052631579,82.56578947368422,9.868421052631579,72.69736842105263
E00056452,454,78,30,48,376,39,337,17.180616740088105,6.607929515418502,10.572687224669604,82.81938325991189,8.590308370044053,74.22907488986785
E00056453,232,71,30,41,161,9,152,30.603448275862068,12.931034482758621,17.67241379310345,69.39655172413794,3.8793103448275863,65.51724137931035
E00056454,305,66,30,36,239,17,222,21.639344262295083,9.836065573770492,11.80327868852459,78.36065573770492,5.573770491803279,72.78688524590164
E00056455,159,58,37,21,101,8,93,36.477987421383645,23.270440251572328,13.20754716981132,63.52201257861635,5.031446540880504,58.490566037735846
E00056456,421,92,41,51,329,23,306,21.852731591448933,9.73871733966746,12.114014251781473,78.14726840855107,5.463182897862233,72.68408551068883
E00056457,410,52,20,32,358,29,329,12.682926829268293,4.878048780487805,7.804878048780488,87.3170731707317,7.073170731707316,80.2439024390244
E00056458,450,64,19,45,386,29,357,14.222222222222221,4.222222222222222,10,85.77777777777777,6.444444444444445,79.33333333333333
E00056459,256,56,22,34,200,22,178,21.875,8.59375,13.28125,78.125,8.59375,69.53125
E00056461,287,54,17,37,233,23,210,18.81533101045296,5.923344947735192,12.89198606271777,81.18466898954703,8.013937282229964,73.17073170731707
E00056462,334,65,25,40,269,26,243,19.46107784431138,7.48502994011976,11.976047904191617,80.53892215568862,7.784431137724551,72.75449101796407
E00056464,319,35,10,25,284,24,260,10.9717868338558,3.1347962382445136,7.836990595611286,89.0282131661442,7.523510971786834,81.50470219435736
E00056465,291,55,18,37,236,23,213,18.900343642611684,6.185567010309279,12.714776632302405,81.09965635738831,7.903780068728522,73.19587628865979
E00056466,338,49,19,30,289,23,266,14.497041420118343,5.621301775147929,8.875739644970414,85.50295857988166,6.8047337278106506,78.69822485207101
E00056467,421,106,68,38,315,35,280,25.17814726840855,16.152019002375297,9.026128266033254,74.82185273159145,8.31353919239905,66.5083135391924
E00056469,242,59,25,34,183,22,161,24.380165289256198,10.330578512396695,14.049586776859504,75.6198347107438,9.090909090909092,66.52892561983471
E00056470,362,75,38,37,287,43,244,20.718232044198896,10.497237569060774,10.220994475138122,79.28176795580112,11.878453038674033,67.40331491712708
E00056471,245,40,23,17,205,21,184,16.3265306122449,9.387755102040817,6.938775510204081,83.6734693877551,8.571428571428571,75.10204081632654
E00056472,300,59,24,35,241,16,225,19.666666666666664,8,11.666666666666666,80.33333333333333,5.333333333333334,75
E00056473,146,60,35,25,86,12,74,41.0958904109589,23.972602739726025,17.123287671232877,58.9041095890411,8.21917808219178,50.68493150684932
E00056474,335,44,16,28,291,28,263,13.134328358208954,4.776119402985075,8.358208955223882,86.86567164179104,8.358208955223882,78.50746268656717
E00056475,388,56,19,37,332,27,305,14.432989690721648,4.896907216494846,9.536082474226804,85.56701030927834,6.958762886597938,78.6082474226804
E00056476,305,42,20,22,263,25,238,13.77049180327869,6.557377049180328,7.213114754098362,86.22950819672131,8.19672131147541,78.0327868852459
E00056478,273,44,16,28,229,26,203,16.117216117216117,5.86080586080586,10.256410256410255,83.88278388278388,9.523809523809524,74.35897435897436
E00056479,369,53,13,40,316,19,297,14.363143631436316,3.523035230352303,10.840108401084011,85.63685636856368,5.149051490514905,80.48780487804879
E00056480,252,44,17,27,208,18,190,17.46031746031746,6.746031746031746,10.714285714285714,82.53968253968253,7.142857142857142,75.39682539682539
E00056481,211,95,56,39,116,10,106,45.023696682464454,26.540284360189574,18.48341232227488,54.976303317535546,4.739336492890995,50.23696682464455
E00056482,369,88,35,53,281,21,260,23.848238482384822,9.48509485094851,14.363143631436316,76.15176151761518,5.691056910569105,70.46070460704607
E00056483,277,68,34,34,209,13,196,24.548736462093864,12.274368231046932,12.274368231046932,75.45126353790613,4.693140794223827,70.7581227436823
E00056484,365,64,21,43,301,23,278,17.534246575342465,5.7534246575342465,11.78082191780822,82.46575342465754,6.301369863013699,76.16438356164383
E00056485,333,41,18,23,292,30,262,12.312312312312311,5.405405405405405,6.906906906906906,87.68768768768768,9.00900900900901,78.67867867867868
E00056486,357,57,21,36,300,38,262,15.966386554621847,5.88235294117647,10.084033613445378,84.03361344537815,10.644257703081232,73.38935574229691
E00056487,313,46,15,31,267,28,239,14.696485623003195,4.792332268370607,9.904153354632587,85.3035143769968,8.945686900958465,76.35782747603834
E00056488,331,51,21,30,280,28,252,15.407854984894259,6.3444108761329305,9.06344410876133,84.59214501510573,8.459214501510575,76.13293051359517
E00056489,307,74,30,44,233,21,212,24.104234527687296,9.77198697068404,14.332247557003258,75.8957654723127,6.840390879478828,69.05537459283387
E00056490,302,45,16,29,257,25,232,14.90066225165563,5.298013245033113,9.602649006622517,85.09933774834437,8.27814569536424,76.82119205298014
E00056491,332,66,36,30,266,18,248,19.879518072289155,10.843373493975903,9.036144578313253,80.12048192771084,5.421686746987952,74.69879518072288
E00056492,321,39,16,23,282,32,250,12.149532710280374,4.984423676012461,7.165109034267912,87.85046728971963,9.968847352024921,77.88161993769471
E00056493,235,53,15,38,182,18,164,22.5531914893617,6.382978723404255,16.170212765957448,77.4468085106383,7.659574468085106,69.7872340425532
E00056494,290,61,22,39,229,17,212,21.03448275862069,7.586206896551724,13.448275862068964,78.96551724137932,5.862068965517241,73.10344827586206
E00056495,230,62,31,31,168,9,159,26.956521739130434,13.478260869565217,13.478260869565217,73.04347826086956,3.91304347826087,69.1304347826087
E00056496,234,28,15,13,206,23,183,11.965811965811966,6.41025641025641,5.555555555555555,88.03418803418803,9.82905982905983,78.2051282051282
E00056497,231,28,9,19,203,23,180,12.121212121212121,3.896103896103896,8.225108225108226,87.87878787878788,9.956709956709958,77.92207792207793
E00056498,389,94,49,45,295,22,273,24.164524421593832,12.596401028277635,11.568123393316196,75.83547557840618,5.655526992287918,70.17994858611826
E00056499,259,45,20,25,214,23,191,17.374517374517374,7.722007722007722,9.652509652509652,82.62548262548263,8.880308880308881,73.74517374517374
E00056500,340,74,36,38,266,14,252,21.764705882352942,10.588235294117647,11.176470588235295,78.23529411764706,4.117647058823529,74.11764705882354
E00056501,211,59,36,23,152,14,138,27.96208530805687,17.061611374407583,10.90047393364929,72.03791469194313,6.6350710900473935,65.40284360189574
E00056502,278,30,13,17,248,24,224,10.79136690647482,4.676258992805756,6.115107913669065,89.20863309352518,8.633093525179856,80.57553956834532
E00056503,477,81,33,48,396,28,368,16.9811320754717,6.918238993710692,10.062893081761008,83.01886792452831,5.870020964360587,77.14884696016772
E00056504,345,56,16,40,289,25,264,16.231884057971012,4.63768115942029,11.594202898550725,83.76811594202898,7.246376811594203,76.52173913043478
E00056505,307,41,11,30,266,30,236,13.355048859934854,3.5830618892508146,9.77198697068404,86.64495114006515,9.77198697068404,76.8729641693811
E00056506,366,64,20,44,302,29,273,17.48633879781421,5.46448087431694,12.021857923497267,82.5136612021858,7.923497267759563,74.59016393442623
E00056507,464,75,41,34,389,46,343,16.163793103448278,8.836206896551724,7.327586206896551,83.83620689655173,9.913793103448276,73.92241379310344
E00056508,407,38,11,27,369,28,341,9.336609336609335,2.7027027027027026,6.6339066339066335,90.66339066339066,6.87960687960688,83.78378378378379
E00056509,310,89,55,34,221,14,207,28.70967741935484,17.741935483870968,10.967741935483872,71.29032258064515,4.516129032258064,66.77419354838709
E00056510,313,57,21,36,256,15,241,18.210862619808307,6.7092651757188495,11.501597444089457,81.78913738019169,4.792332268370607,76.99680511182109
E00056511,303,51,14,37,252,28,224,16.831683168316832,4.62046204620462,12.211221122112212,83.16831683168317,9.24092409240924,73.92739273927393
E00056512,369,69,23,46,300,19,281,18.69918699186992,6.233062330623306,12.466124661246612,81.30081300813008,5.149051490514905,76.15176151761518
E00056513,323,61,32,29,262,28,234,18.885448916408667,9.907120743034056,8.978328173374612,81.11455108359134,8.6687306501548,72.44582043343654
E00056514,265,50,25,25,215,19,196,18.867924528301888,9.433962264150944,9.433962264150944,81.13207547169812,7.169811320754717,73.9622641509434
E00056515,313,47,13,34,266,24,242,15.015974440894569,4.15335463258786,10.86261980830671,84.98402555910543,7.667731629392971,77.31629392971246
E00056516,284,41,22,19,243,26,217,14.43661971830986,7.746478873239436,6.690140845070422,85.56338028169014,9.15492957746479,76.40845070422534
E00056517,318,39,18,21,279,42,237,12.264150943396226,5.660377358490567,6.60377358490566,87.73584905660378,13.20754716981132,74.52830188679245
E00056518,293,43,13,30,250,20,230,14.675767918088736,4.436860068259386,10.238907849829351,85.32423208191126,6.825938566552901,78.49829351535837
E00056519,310,45,17,28,265,18,247,14.516129032258066,5.483870967741936,9.032258064516128,85.48387096774194,5.806451612903226,79.6774193548387
E00056520,325,63,17,46,262,34,228,19.384615384615383,5.230769230769231,14.153846153846153,80.61538461538461,10.461538461538462,70.15384615384616
E00056521,249,59,30,29,190,17,173,23.694779116465863,12.048192771084338,11.646586345381527,76.30522088353415,6.827309236947792,69.47791164658635
E00056522,307,65,27,38,242,29,213,21.172638436482085,8.794788273615636,12.37785016286645,78.82736156351791,9.446254071661238,69.38110749185668
E00056523,237,51,16,35,186,22,164,21.518987341772153,6.751054852320674,14.767932489451477,78.48101265822784,9.282700421940929,69.19831223628692
E00056524,317,52,18,34,265,13,252,16.40378548895899,5.678233438485805,10.725552050473187,83.59621451104101,4.100946372239748,79.49526813880126
E00056525,331,82,42,40,249,24,225,24.773413897280967,12.688821752265861,12.084592145015106,75.22658610271903,7.250755287009064,67.97583081570997
E00056526,214,62,37,25,152,13,139,28.971962616822427,17.289719626168225,11.682242990654206,71.02803738317756,6.074766355140187,64.95327102803739
E00056527,326,109,37,72,217,28,189,33.43558282208589,11.349693251533742,22.085889570552148,66.56441717791411,8.588957055214724,57.97546012269939
E00056528,321,49,19,30,272,21,251,15.264797507788161,5.919003115264798,9.345794392523365,84.73520249221184,6.5420560747663545,78.19314641744548
E00056529,203,72,38,34,131,11,120,35.467980295566505,18.7192118226601,16.748768472906402,64.5320197044335,5.41871921182266,59.11330049261084
E00056530,221,68,22,46,153,18,135,30.76923076923077,9.95475113122172,20.81447963800905,69.23076923076923,8.144796380090497,61.085972850678736
E00056532,320,41,20,21,279,21,258,12.812499999999998,6.25,6.5625,87.1875,6.5625,80.625
E00056533,160,19,3,16,141,9,132,11.875,1.875,10,88.125,5.625,82.5
E00056534,266,43,24,19,223,18,205,16.165413533834585,9.022556390977442,7.142857142857142,83.83458646616542,6.7669172932330826,77.06766917293233
E00056535,348,38,17,21,310,29,281,10.919540229885058,4.885057471264368,6.0344827586206895,89.08045977011494,8.333333333333332,80.74712643678161
E00056536,327,50,19,31,277,29,248,15.29051987767584,5.81039755351682,9.480122324159021,84.70948012232415,8.868501529051988,75.84097859327217
E00056537,282,35,11,24,247,23,224,12.411347517730496,3.900709219858156,8.51063829787234,87.58865248226951,8.156028368794328,79.43262411347519
E00056538,274,42,15,27,232,30,202,15.328467153284672,5.474452554744526,9.854014598540147,84.67153284671532,10.948905109489052,73.72262773722628
E00056539,268,50,16,34,218,23,195,18.65671641791045,5.970149253731343,12.686567164179104,81.34328358208955,8.582089552238806,72.76119402985076
E00056540,305,60,25,35,245,26,219,19.672131147540984,8.19672131147541,11.475409836065573,80.32786885245902,8.524590163934425,71.80327868852459
E00056541,267,32,15,17,235,22,213,11.985018726591761,5.617977528089887,6.367041198501873,88.01498127340824,8.239700374531834,79.7752808988764
E00056542,251,46,20,26,205,13,192,18.326693227091635,7.968127490039841,10.358565737051793,81.67330677290838,5.179282868525896,76.49402390438247
E00056543,302,51,27,24,251,16,235,16.887417218543046,8.940397350993377,7.9470198675496695,83.11258278145695,5.298013245033113,77.81456953642383
E00056544,301,54,17,37,247,24,223,17.940199335548172,5.647840531561462,12.29235880398671,82.05980066445183,7.973421926910299,74.08637873754152
E00056545,288,50,11,39,238,20,218,17.36111111111111,3.8194444444444446,13.541666666666666,82.63888888888889,6.944444444444445,75.69444444444444
E00056546,288,52,18,34,236,26,210,18.055555555555554,6.25,11.805555555555555,81.94444444444444,9.027777777777777,72.91666666666666
E00056548,324,56,25,31,268,22,246,17.28395061728395,7.716049382716049,9.5679012345679,82.71604938271605,6.790123456790123,75.92592592592592
E00056549,196,21,5,16,175,3,172,10.714285714285714,2.5510204081632653,8.16326530612245,89.28571428571429,1.530612244897959,87.75510204081633
E00056550,329,85,51,34,244,6,238,25.835866261398177,15.501519756838904,10.33434650455927,74.16413373860182,1.82370820668693,72.3404255319149
E00056552,224,58,34,24,166,9,157,25.892857142857146,15.178571428571427,10.714285714285714,74.10714285714286,4.017857142857143,70.08928571428571
E00056554,264,41,18,23,223,16,207,15.530303030303031,6.8181818181818175,8.712121212121213,84.46969696969697,6.0606060606060606,78.4090909090909
E00056555,361,78,36,42,283,23,260,21.60664819944598,9.97229916897507,11.634349030470915,78.39335180055402,6.3711911357340725,72.02216066481995
E00056556,265,52,28,24,213,13,200,19.622641509433965,10.566037735849058,9.056603773584905,80.37735849056604,4.905660377358491,75.47169811320755
E00056557,307,75,32,43,232,16,216,24.429967426710096,10.423452768729643,14.006514657980457,75.57003257328991,5.211726384364821,70.35830618892508
E00056558,132,33,16,17,99,7,92,25,12.121212121212121,12.878787878787879,75,5.303030303030303,69.6969696969697
E00056559,381,93,49,44,288,19,269,24.409448818897637,12.860892388451445,11.548556430446194,75.59055118110236,4.986876640419948,70.60367454068242
E00056560,429,67,33,34,362,4,358,15.61771561771562,7.6923076923076925,7.925407925407925,84.38228438228438,0.9324009324009324,83.44988344988346
E00056561,494,78,52,26,416,11,405,15.789473684210526,10.526315789473683,5.263157894736842,84.21052631578947,2.2267206477732793,81.9838056680162
E00056562,351,134,84,50,217,17,200,38.17663817663818,23.931623931623932,14.245014245014245,61.82336182336182,4.843304843304843,56.98005698005698
E00056563,265,70,22,48,195,20,175,26.41509433962264,8.30188679245283,18.11320754716981,73.58490566037736,7.547169811320755,66.0377358490566
E00056564,343,57,17,40,286,20,266,16.61807580174927,4.956268221574344,11.661807580174926,83.38192419825073,5.830903790087463,77.55102040816327
E00056566,242,40,12,28,202,22,180,16.528925619834713,4.958677685950414,11.570247933884298,83.47107438016529,9.090909090909092,74.3801652892562
E00056567,391,83,39,44,308,21,287,21.22762148337596,9.974424552429667,11.253196930946292,78.77237851662404,5.3708439897698215,73.40153452685422
E00056568,281,43,15,28,238,22,216,15.302491103202847,5.338078291814947,9.9644128113879,84.69750889679716,7.829181494661921,76.86832740213522
E00056569,281,53,30,23,228,11,217,18.86120996441281,10.676156583629894,8.185053380782918,81.13879003558719,3.9145907473309607,77.22419928825623
E00056570,366,94,49,45,272,18,254,25.683060109289617,13.387978142076504,12.295081967213115,74.31693989071039,4.918032786885246,69.39890710382514
E00056571,234,55,18,37,179,18,161,23.504273504273502,7.6923076923076925,15.81196581196581,76.49572649572649,7.6923076923076925,68.80341880341881
E00056572,353,69,34,35,284,13,271,19.54674220963173,9.631728045325778,9.91501416430595,80.45325779036827,3.6827195467422094,76.77053824362606
E00056573,298,58,14,44,240,26,214,19.463087248322147,4.697986577181208,14.76510067114094,80.53691275167785,8.724832214765101,71.81208053691275
E00056574,280,86,53,33,194,7,187,30.714285714285715,18.928571428571427,11.785714285714285,69.28571428571428,2.5,66.78571428571428
E00056575,482,95,40,55,387,19,368,19.70954356846473,8.29875518672199,11.410788381742739,80.29045643153528,3.941908713692946,76.34854771784232
E00056576,317,54,13,41,263,17,246,17.034700315457414,4.100946372239748,12.933753943217665,82.96529968454259,5.3627760252365935,77.60252365930599
E00056577,278,32,16,16,246,25,221,11.510791366906476,5.755395683453238,5.755395683453238,88.48920863309353,8.992805755395683,79.49640287769785
E00056578,237,28,5,23,209,22,187,11.814345991561181,2.109704641350211,9.70464135021097,88.18565400843882,9.282700421940929,78.90295358649789
E00056579,300,48,26,22,252,25,227,16,8.666666666666668,7.333333333333333,84,8.333333333333332,75.66666666666667
E00056580,285,58,23,35,227,23,204,20.350877192982455,8.070175438596491,12.280701754385964,79.64912280701755,8.070175438596491,71.57894736842105
E00056581,269,43,23,20,226,25,201,15.985130111524162,8.550185873605948,7.434944237918216,84.01486988847584,9.293680297397769,74.72118959107806
E00056582,224,68,36,32,156,10,146,30.357142857142854,16.071428571428573,14.285714285714285,69.64285714285714,4.464285714285714,65.17857142857143
E00056583,257,42,11,31,215,18,197,16.342412451361866,4.280155642023346,12.062256809338521,83.65758754863813,7.003891050583658,76.65369649805449
E00056584,303,50,18,32,253,32,221,16.5016501650165,5.9405940594059405,10.561056105610561,83.4983498349835,10.561056105610561,72.93729372937293
E00056585,243,59,26,33,184,14,170,24.279835390946502,10.699588477366255,13.580246913580247,75.7201646090535,5.761316872427984,69.95884773662551
E00056586,164,73,37,36,91,9,82,44.51219512195122,22.5609756097561,21.951219512195124,55.487804878048784,5.487804878048781,50
E00056587,248,53,24,29,195,16,179,21.370967741935484,9.67741935483871,11.693548387096774,78.62903225806451,6.451612903225806,72.17741935483872
E00056588,240,59,30,29,181,17,164,24.583333333333332,12.5,12.083333333333334,75.41666666666667,7.083333333333333,68.33333333333333
E00056589,220,84,42,42,136,22,114,38.18181818181819,19.090909090909093,19.090909090909093,61.81818181818181,10,51.81818181818182
E00056590,262,64,29,35,198,16,182,24.427480916030532,11.068702290076336,13.358778625954198,75.57251908396947,6.106870229007633,69.46564885496184
E00056591,263,48,18,30,215,22,193,18.250950570342205,6.844106463878327,11.406844106463879,81.74904942965779,8.365019011406844,73.38403041825094
E00056592,445,79,29,50,366,27,339,17.752808988764045,6.51685393258427,11.235955056179774,82.24719101123596,6.067415730337078,76.17977528089888
E00056593,401,58,23,35,343,33,310,14.463840399002494,5.7356608478802995,8.728179551122196,85.53615960099751,8.229426433915211,77.3067331670823
E00056594,465,123,77,46,342,17,325,26.451612903225808,16.559139784946236,9.89247311827957,73.54838709677419,3.655913978494624,69.89247311827957
E00056595,308,57,20,37,251,27,224,18.506493506493506,6.493506493506493,12.012987012987013,81.4935064935065,8.766233766233766,72.72727272727273
E00056596,279,48,13,35,231,17,214,17.20430107526882,4.659498207885305,12.544802867383511,82.79569892473118,6.093189964157706,76.70250896057348
E00056597,401,56,29,27,345,16,329,13.96508728179551,7.231920199501247,6.733167082294264,86.0349127182045,3.99002493765586,82.04488778054862
E00056598,144,56,29,27,88,7,81,38.88888888888889,20.13888888888889,18.75,61.111111111111114,4.861111111111112,56.25
E00056599,347,24,7,17,323,37,286,6.9164265129683,2.0172910662824206,4.899135446685879,93.0835734870317,10.662824207492795,82.42074927953891
E00056600,282,56,28,28,226,20,206,19.858156028368796,9.929078014184398,9.929078014184398,80.1418439716312,7.092198581560284,73.04964539007092
E00056601,285,54,29,25,231,22,209,18.947368421052634,10.175438596491228,8.771929824561402,81.05263157894737,7.719298245614035,73.33333333333333
E00056602,321,79,45,34,242,29,213,24.610591900311526,14.018691588785046,10.59190031152648,75.38940809968847,9.034267912772584,66.35514018691589
E00056603,241,37,13,24,204,21,183,15.352697095435685,5.394190871369295,9.95850622406639,84.64730290456431,8.71369294605809,75.93360995850622
E00056604,267,33,12,21,234,25,209,12.359550561797752,4.49438202247191,7.865168539325842,87.64044943820225,9.363295880149813,78.27715355805243
E00056605,359,55,30,25,304,17,287,15.32033426183844,8.356545961002785,6.963788300835655,84.67966573816156,4.735376044568245,79.94428969359332
E00056606,351,82,45,37,269,24,245,23.36182336182336,12.82051282051282,10.541310541310542,76.63817663817663,6.837606837606838,69.8005698005698
E00056607,327,68,20,48,259,14,245,20.795107033639145,6.116207951070336,14.678899082568808,79.20489296636084,4.281345565749235,74.92354740061162
E00056608,362,65,33,32,297,27,270,17.955801104972377,9.116022099447514,8.83977900552486,82.04419889502762,7.458563535911603,74.58563535911603
E00056609,287,70,26,44,217,18,199,24.390243902439025,9.059233449477352,15.33101045296167,75.60975609756098,6.2717770034843205,69.33797909407666
E00056610,289,69,30,39,220,17,203,23.875432525951556,10.380622837370241,13.494809688581316,76.12456747404845,5.88235294117647,70.24221453287197
E00056611,216,35,19,16,181,15,166,16.203703703703702,8.796296296296296,7.4074074074074066,83.79629629629629,6.944444444444445,76.85185185185185
E00056612,282,54,28,26,228,12,216,19.148936170212767,9.929078014184398,9.219858156028367,80.85106382978722,4.25531914893617,76.59574468085107
E00056614,282,47,26,21,235,21,214,16.666666666666664,9.219858156028367,7.446808510638298,83.33333333333334,7.446808510638298,75.88652482269504
E00056615,265,47,18,29,218,20,198,17.735849056603772,6.7924528301886795,10.943396226415095,82.26415094339623,7.547169811320755,74.71698113207546
E00056616,307,105,63,42,202,18,184,34.20195439739413,20.521172638436482,13.680781758957655,65.79804560260585,5.863192182410423,59.934853420195445
E00056617,400,66,31,35,334,14,320,16.5,7.75,8.75,83.5,3.5000000000000004,80
E00056618,541,94,42,52,447,20,427,17.375231053604438,7.763401109057301,9.611829944547134,82.62476894639556,3.6968576709796674,78.9279112754159
E00056619,292,78,43,35,214,20,194,26.71232876712329,14.726027397260275,11.986301369863012,73.28767123287672,6.8493150684931505,66.43835616438356
E00056620,382,45,25,20,337,8,329,11.780104712041885,6.544502617801047,5.2356020942408374,88.21989528795811,2.094240837696335,86.12565445026178
E00056621,267,44,26,18,223,18,205,16.479400749063668,9.737827715355806,6.741573033707865,83.52059925093633,6.741573033707865,76.77902621722846
E00056622,369,75,36,39,294,25,269,20.32520325203252,9.75609756097561,10.569105691056912,79.67479674796748,6.775067750677506,72.89972899728997
E00056623,253,50,28,22,203,7,196,19.76284584980237,11.067193675889328,8.695652173913043,80.23715415019763,2.766798418972332,77.4703557312253
E00056624,260,48,24,24,212,10,202,18.461538461538463,9.230769230769232,9.230769230769232,81.53846153846153,3.8461538461538463,77.6923076923077
E00056625,384,90,45,45,294,18,276,23.4375,11.71875,11.71875,76.5625,4.6875,71.875
E00056626,357,61,26,35,296,22,274,17.086834733893557,7.282913165266107,9.803921568627452,82.91316526610645,6.162464985994398,76.75070028011206
E00056627,215,47,19,28,168,18,150,21.86046511627907,8.837209302325581,13.023255813953488,78.13953488372093,8.372093023255815,69.76744186046511
E00056628,266,84,52,32,182,21,161,31.57894736842105,19.548872180451127,12.030075187969924,68.42105263157895,7.894736842105263,60.526315789473685
E00056629,248,42,27,15,206,21,185,16.93548387096774,10.887096774193548,6.048387096774194,83.06451612903226,8.46774193548387,74.59677419354838
E00056630,340,62,28,34,278,32,246,18.235294117647058,8.235294117647058,10,81.76470588235294,9.411764705882353,72.35294117647058
E00056631,338,41,11,30,297,27,270,12.1301775147929,3.2544378698224854,8.875739644970414,87.86982248520711,7.988165680473373,79.88165680473372
E00056632,339,54,23,31,285,27,258,15.929203539823009,6.784660766961652,9.144542772861357,84.070796460177,7.964601769911504,76.10619469026548
E00056633,232,39,11,28,193,23,170,16.810344827586206,4.741379310344827,12.068965517241379,83.1896551724138,9.913793103448276,73.27586206896551
E00056634,231,37,13,24,194,23,171,16.017316017316016,5.627705627705628,10.38961038961039,83.98268398268398,9.956709956709958,74.02597402597402
E00056635,339,52,23,29,287,25,262,15.339233038348082,6.784660766961652,8.55457227138643,84.66076696165192,7.374631268436578,77.28613569321534
E00056636,223,32,10,22,191,17,174,14.349775784753364,4.484304932735426,9.865470852017937,85.65022421524664,7.623318385650224,78.02690582959642
E00056637,397,77,43,34,320,23,297,19.395465994962215,10.831234256926953,8.564231738035264,80.60453400503779,5.793450881612091,74.81108312342569
E00056638,313,51,21,30,262,26,236,16.293929712460063,6.7092651757188495,9.584664536741213,83.70607028753993,8.30670926517572,75.39936102236422
E00056639,208,34,18,16,174,12,162,16.346153846153847,8.653846153846153,7.6923076923076925,83.65384615384616,5.769230769230769,77.88461538461539
E00056640,232,40,12,28,192,19,173,17.24137931034483,5.172413793103448,12.068965517241379,82.75862068965517,8.189655172413794,74.56896551724138
E00056641,202,60,32,28,142,11,131,29.7029702970297,15.841584158415841,13.861386138613863,70.29702970297029,5.445544554455446,64.85148514851485
E00056642,286,61,31,30,225,18,207,21.328671328671327,10.839160839160838,10.48951048951049,78.67132867132867,6.293706293706294,72.37762237762237
E00056643,245,45,16,29,200,15,185,18.367346938775512,6.530612244897959,11.83673469387755,81.63265306122449,6.122448979591836,75.51020408163265
E00056644,335,58,35,23,277,19,258,17.313432835820898,10.44776119402985,6.865671641791045,82.68656716417911,5.6716417910447765,77.01492537313432
E00056645,497,69,22,47,428,45,383,13.883299798792756,4.426559356136821,9.456740442655935,86.11670020120724,9.054325955734406,77.06237424547284
E00056646,365,44,18,26,321,24,297,12.054794520547945,4.931506849315069,7.123287671232877,87.94520547945206,6.575342465753424,81.36986301369863
E00056647,317,46,15,31,271,28,243,14.511041009463725,4.73186119873817,9.779179810725552,85.48895899053628,8.832807570977918,76.65615141955836
E00056648,247,73,34,39,174,10,164,29.554655870445345,13.765182186234817,15.789473684210526,70.44534412955466,4.048582995951417,66.39676113360325
E00056649,327,68,30,38,259,28,231,20.795107033639145,9.174311926605505,11.62079510703364,79.20489296636084,8.56269113149847,70.64220183486239
E00056651,308,81,44,37,227,19,208,26.2987012987013,14.285714285714285,12.012987012987013,73.7012987012987,6.1688311688311686,67.53246753246754
E00056652,321,40,4,36,281,17,264,12.461059190031152,1.2461059190031152,11.214953271028037,87.53894080996885,5.29595015576324,82.2429906542056
E00056653,289,28,4,24,261,28,233,9.688581314878892,1.384083044982699,8.304498269896193,90.3114186851211,9.688581314878892,80.62283737024222
E00056654,367,75,42,33,292,31,261,20.435967302452315,11.444141689373296,8.991825613079019,79.56403269754769,8.446866485013624,71.11716621253406
E00056655,269,33,14,19,236,19,217,12.267657992565056,5.204460966542751,7.063197026022305,87.73234200743495,7.063197026022305,80.66914498141264
E00056656,362,86,40,46,276,28,248,23.756906077348066,11.049723756906078,12.70718232044199,76.24309392265194,7.734806629834254,68.50828729281768
E00056657,281,45,20,25,236,21,215,16.014234875444842,7.11743772241993,8.896797153024911,83.98576512455516,7.473309608540925,76.51245551601423
E00056658,277,34,15,19,243,24,219,12.274368231046932,5.415162454873646,6.859205776173286,87.72563176895306,8.664259927797833,79.06137184115524
E00056659,393,52,25,27,341,27,314,13.231552162849871,6.361323155216285,6.870229007633588,86.76844783715013,6.870229007633588,79.89821882951654
E00056660,236,64,35,29,172,14,158,27.11864406779661,14.83050847457627,12.288135593220339,72.88135593220339,5.932203389830509,66.94915254237289
E00056661,213,55,25,30,158,14,144,25.821596244131456,11.737089201877934,14.084507042253522,74.17840375586854,6.572769953051644,67.6056338028169
E00056662,340,78,35,43,262,26,236,22.941176470588236,10.294117647058822,12.647058823529411,77.05882352941177,7.647058823529412,69.41176470588235
E00056663,544,108,50,58,436,43,393,19.852941176470587,9.191176470588236,10.661764705882353,80.14705882352942,7.904411764705882,72.24264705882352
E00056664,361,49,21,28,312,25,287,13.573407202216067,5.8171745152354575,7.756232686980609,86.42659279778393,6.9252077562326875,79.50138504155125
E00056665,224,57,30,27,167,7,160,25.44642857142857,13.392857142857142,12.053571428571429,74.55357142857143,3.125,71.42857142857143
E00056666,330,48,18,30,282,34,248,14.545454545454545,5.454545454545454,9.090909090909092,85.45454545454545,10.303030303030303,75.15151515151514
E00056668,261,72,33,39,189,19,170,27.586206896551722,12.643678160919542,14.942528735632186,72.41379310344827,7.2796934865900385,65.13409961685824
E00056670,269,43,17,26,226,21,205,15.985130111524162,6.319702602230483,9.66542750929368,84.01486988847584,7.806691449814126,76.2081784386617
E00056671,270,40,22,18,230,20,210,14.814814814814813,8.148148148148149,6.666666666666667,85.18518518518519,7.4074074074074066,77.77777777777779
E00056672,240,57,17,40,183,22,161,23.75,7.083333333333333,16.666666666666664,76.25,9.166666666666666,67.08333333333333
E00056673,438,41,13,28,397,35,362,9.360730593607306,2.968036529680365,6.392694063926941,90.6392694063927,7.9908675799086755,82.64840182648402
E00056674,332,65,24,41,267,29,238,19.57831325301205,7.228915662650602,12.349397590361445,80.42168674698796,8.734939759036145,71.6867469879518
E00056675,419,49,16,33,370,37,333,11.694510739856803,3.8186157517899764,7.875894988066825,88.3054892601432,8.83054892601432,79.47494033412887
E00056677,291,49,23,26,242,30,212,16.83848797250859,7.903780068728522,8.934707903780069,83.16151202749141,10.309278350515463,72.85223367697594
E00056678,277,80,44,36,197,24,173,28.880866425992778,15.884476534296029,12.996389891696749,71.11913357400722,8.664259927797833,62.454873646209386
E00056679,255,67,26,41,188,18,170,26.27450980392157,10.196078431372548,16.07843137254902,73.72549019607844,7.0588235294117645,66.66666666666666
E00056681,255,73,39,34,182,24,158,28.627450980392155,15.294117647058824,13.333333333333334,71.37254901960785,9.411764705882353,61.96078431372549
E00056682,285,55,19,36,230,22,208,19.298245614035086,6.666666666666667,12.631578947368421,80.7017543859649,7.719298245614035,72.98245614035088
E00056683,332,58,16,42,274,24,250,17.46987951807229,4.819277108433735,12.650602409638553,82.53012048192771,7.228915662650602,75.30120481927712
E00056684,257,43,10,33,214,16,198,16.731517509727624,3.8910505836575875,12.840466926070038,83.26848249027238,6.22568093385214,77.04280155642024
E00056685,271,41,13,28,230,23,207,15.129151291512915,4.797047970479705,10.33210332103321,84.87084870848709,8.487084870848708,76.38376383763837
E00056686,363,65,32,33,298,15,283,17.90633608815427,8.81542699724518,9.090909090909092,82.09366391184572,4.132231404958678,77.96143250688705
E00056687,299,52,28,24,247,26,221,17.391304347826086,9.364548494983277,8.02675585284281,82.6086956521739,8.695652173913043,73.91304347826086
E00056688,301,60,27,33,241,23,218,19.93355481727575,8.970099667774086,10.96345514950166,80.06644518272425,7.641196013289036,72.42524916943522
E00056689,378,78,32,46,300,17,283,20.634920634920633,8.465608465608465,12.16931216931217,79.36507936507937,4.497354497354497,74.86772486772487
E00056690,260,78,34,44,182,17,165,30,13.076923076923078,16.923076923076923,70,6.538461538461539,63.46153846153846
E00056691,343,103,50,53,240,16,224,30.029154518950435,14.577259475218659,15.451895043731778,69.97084548104957,4.664723032069971,65.3061224489796
E00056693,342,61,25,36,281,20,261,17.83625730994152,7.309941520467836,10.526315789473683,82.16374269005848,5.847953216374268,76.31578947368422
E00056694,362,77,31,46,285,15,270,21.2707182320442,8.56353591160221,12.70718232044199,78.72928176795581,4.143646408839778,74.58563535911603
E00056695,248,70,40,30,178,24,154,28.225806451612907,16.129032258064516,12.096774193548388,71.7741935483871,9.67741935483871,62.096774193548384
E00056696,207,55,26,29,152,9,143,26.570048309178745,12.560386473429952,14.009661835748794,73.42995169082126,4.3478260869565215,69.08212560386472
E00056697,531,104,40,64,427,44,383,19.58568738229755,7.532956685499058,12.052730696798493,80.41431261770245,8.286252354048965,72.12806026365348
E00056698,275,62,27,35,213,20,193,22.545454545454547,9.818181818181818,12.727272727272727,77.45454545454545,7.2727272727272725,70.18181818181817
E00056699,271,95,59,36,176,9,167,35.05535055350554,21.771217712177123,13.284132841328415,64.94464944649447,3.3210332103321036,61.62361623616236
E00056700,472,111,69,42,361,17,344,23.516949152542374,14.61864406779661,8.898305084745763,76.48305084745762,3.6016949152542375,72.88135593220339
E00056701,295,46,19,27,249,27,222,15.593220338983052,6.440677966101695,9.152542372881356,84.40677966101696,9.152542372881356,75.2542372881356
E00056702,289,55,32,23,234,28,206,19.031141868512112,11.072664359861593,7.958477508650519,80.96885813148789,9.688581314878892,71.280276816609
E00056703,293,75,42,33,218,19,199,25.597269624573375,14.334470989761092,11.262798634812286,74.40273037542661,6.484641638225256,67.91808873720136
E00056704,448,69,40,29,379,41,338,15.401785714285715,8.928571428571429,6.4732142857142865,84.59821428571429,9.151785714285714,75.44642857142857
E00056705,333,54,17,37,279,27,252,16.216216216216218,5.105105105105105,11.11111111111111,83.78378378378379,8.108108108108109,75.67567567567568
E00056706,340,62,34,28,278,19,259,18.235294117647058,10,8.235294117647058,81.76470588235294,5.588235294117648,76.17647058823529
E00056707,271,53,20,33,218,30,188,19.557195571955717,7.380073800738007,12.177121771217712,80.44280442804428,11.07011070110701,69.37269372693727
E00056708,317,61,29,32,256,21,235,19.242902208201894,9.14826498422713,10.094637223974763,80.7570977917981,6.624605678233439,74.13249211356468
E00056709,223,62,37,25,161,16,145,27.802690582959645,16.591928251121075,11.210762331838566,72.19730941704036,7.174887892376682,65.02242152466367
E00056710,370,44,14,30,326,31,295,11.891891891891893,3.783783783783784,8.108108108108109,88.10810810810811,8.378378378378379,79.72972972972973
E00056711,302,71,33,38,231,19,212,23.509933774834437,10.927152317880795,12.582781456953644,76.49006622516556,6.291390728476822,70.19867549668875
E00056712,265,52,28,24,213,18,195,19.622641509433965,10.566037735849058,9.056603773584905,80.37735849056604,6.7924528301886795,73.58490566037736
E00056713,351,62,29,33,289,17,272,17.663817663817664,8.262108262108262,9.401709401709402,82.33618233618233,4.843304843304843,77.49287749287748
E00056714,336,93,46,47,243,30,213,27.67857142857143,13.690476190476192,13.988095238095239,72.32142857142857,8.928571428571429,63.39285714285714
E00056715,321,35,6,29,286,29,257,10.903426791277258,1.8691588785046727,9.034267912772584,89.09657320872275,9.034267912772584,80.06230529595015
E00056716,324,62,30,32,262,15,247,19.1358024691358,9.25925925925926,9.876543209876543,80.8641975308642,4.62962962962963,76.23456790123457
E00056717,348,82,47,35,266,22,244,23.563218390804597,13.505747126436782,10.057471264367816,76.4367816091954,6.321839080459771,70.11494252873564
E00056718,401,78,39,39,323,3,320,19.45137157107232,9.72568578553616,9.72568578553616,80.54862842892769,0.7481296758104738,79.80049875311721
E00056719,557,86,36,50,471,12,459,15.439856373429084,6.463195691202872,8.976660682226212,84.56014362657092,2.154398563734291,82.40574506283662
E00056720,483,54,26,28,429,9,420,11.180124223602485,5.383022774327122,5.797101449275362,88.81987577639751,1.8633540372670807,86.95652173913044
E00056721,483,51,25,26,432,15,417,10.559006211180124,5.175983436853002,5.383022774327122,89.44099378881988,3.1055900621118013,86.33540372670807
E00056722,309,49,29,20,260,7,253,15.857605177993527,9.385113268608414,6.472491909385113,84.14239482200647,2.26537216828479,81.87702265372168
E00056723,523,64,28,36,459,12,447,12.237093690248566,5.353728489483748,6.8833652007648185,87.76290630975143,2.294455066921606,85.46845124282983
E00056724,353,63,39,24,290,7,283,17.847025495750707,11.048158640226628,6.79886685552408,82.15297450424929,1.9830028328611897,80.16997167138811
E00056725,363,51,29,22,312,22,290,14.049586776859504,7.988980716253444,6.0606060606060606,85.9504132231405,6.0606060606060606,79.88980716253444
E00056726,384,41,25,16,343,10,333,10.677083333333332,6.510416666666667,4.166666666666666,89.32291666666666,2.604166666666667,86.71875
E00056727,564,78,49,29,486,10,476,13.829787234042554,8.687943262411348,5.141843971631205,86.17021276595744,1.773049645390071,84.39716312056737
E00056729,351,50,15,35,301,11,290,14.245014245014245,4.273504273504273,9.971509971509972,85.75498575498575,3.133903133903134,82.62108262108262
E00056730,498,48,15,33,450,7,443,9.63855421686747,3.0120481927710845,6.626506024096386,90.36144578313254,1.4056224899598393,88.95582329317268
E00056731,427,60,29,31,367,11,356,14.05152224824356,6.791569086651054,7.259953161592506,85.94847775175644,2.576112412177986,83.37236533957847
E00056733,553,57,32,25,496,14,482,10.30741410488246,5.786618444846293,4.520795660036167,89.69258589511753,2.5316455696202533,87.16094032549728
E00056734,457,54,33,21,403,14,389,11.816192560175056,7.2210065645514225,4.595185995623632,88.18380743982495,3.063457330415755,85.12035010940919
E00056735,317,71,34,37,246,14,232,22.397476340694006,10.725552050473187,11.67192429022082,77.60252365930599,4.416403785488959,73.18611987381703
E00056736,457,56,25,31,401,12,389,12.25382932166302,5.470459518599562,6.783369803063458,87.74617067833698,2.62582056892779,85.12035010940919
E00056737,435,78,40,38,357,14,343,17.93103448275862,9.195402298850574,8.735632183908045,82.06896551724138,3.218390804597701,78.85057471264368
E00056738,451,69,35,34,382,16,366,15.299334811529933,7.760532150776053,7.5388026607538805,84.70066518847007,3.5476718403547673,81.1529933481153
E00056739,569,97,35,62,472,23,449,17.04745166959578,6.151142355008787,10.896309314586995,82.95254833040421,4.042179261862917,78.9103690685413
E00056740,361,55,21,34,306,18,288,15.23545706371191,5.8171745152354575,9.418282548476455,84.7645429362881,4.986149584487535,79.77839335180056
E00056741,294,57,35,22,237,5,232,19.387755102040817,11.904761904761903,7.482993197278912,80.61224489795919,1.7006802721088436,78.91156462585033
E00056742,277,33,13,20,244,19,225,11.913357400722022,4.693140794223827,7.2202166064981945,88.08664259927798,6.859205776173286,81.2274368231047
E00056743,349,44,22,22,305,11,294,12.607449856733524,6.303724928366762,6.303724928366762,87.39255014326648,3.151862464183381,84.2406876790831
E00056744,377,75,33,42,302,20,282,19.893899204244033,8.753315649867375,11.140583554376658,80.10610079575596,5.305039787798409,74.80106100795756
E00056745,307,78,33,45,229,19,210,25.407166123778502,10.749185667752444,14.65798045602606,74.5928338762215,6.188925081433225,68.40390879478826
E00056746,363,80,52,28,283,30,253,22.03856749311295,14.325068870523417,7.7134986225895315,77.96143250688705,8.264462809917356,69.6969696969697
E00056747,217,64,32,32,153,10,143,29.493087557603687,14.746543778801843,14.746543778801843,70.50691244239631,4.6082949308755765,65.89861751152074
E00056748,262,51,31,20,211,29,182,19.46564885496183,11.83206106870229,7.633587786259542,80.53435114503816,11.068702290076336,69.46564885496184
E00056749,296,72,42,30,224,15,209,24.324324324324326,14.18918918918919,10.135135135135135,75.67567567567568,5.0675675675675675,70.6081081081081
E00175512,253,71,35,36,182,8,174,28.063241106719367,13.83399209486166,14.229249011857709,71.93675889328063,3.1620553359683794,68.77470355731225
E00175513,274,33,16,17,241,17,224,12.043795620437956,5.839416058394161,6.204379562043796,87.95620437956204,6.204379562043796,81.75182481751825
E00175514,117,18,5,13,99,12,87,15.384615384615385,4.273504273504273,11.11111111111111,84.61538461538461,10.256410256410255,74.35897435897436
E00175515,236,40,13,27,196,21,175,16.94915254237288,5.508474576271186,11.440677966101696,83.05084745762711,8.898305084745763,74.15254237288136
E00175516,327,43,17,26,284,29,255,13.149847094801222,5.198776758409786,7.951070336391437,86.85015290519877,8.868501529051988,77.98165137614679
E00175517,244,44,11,33,200,30,170,18.0327868852459,4.508196721311475,13.524590163934427,81.9672131147541,12.295081967213115,69.67213114754098
E00175518,148,46,32,14,102,11,91,31.08108108108108,21.62162162162162,9.45945945945946,68.91891891891892,7.4324324324324325,61.48648648648649
E00175520,599,96,55,41,503,13,490,16.026711185308848,9.181969949916526,6.844741235392321,83.97328881469114,2.1702838063439067,81.80300500834724
E00175521,113,16,2,14,97,11,86,14.15929203539823,1.7699115044247788,12.389380530973451,85.84070796460178,9.734513274336283,76.10619469026548
E00175522,762,119,33,86,643,59,584,15.616797900262466,4.330708661417323,11.286089238845145,84.38320209973753,7.742782152230972,76.64041994750657
E00175524,178,41,15,26,137,15,122,23.03370786516854,8.426966292134832,14.606741573033707,76.96629213483146,8.426966292134832,68.53932584269663
E00175525,147,22,12,10,125,5,120,14.965986394557824,8.16326530612245,6.802721088435375,85.03401360544217,3.4013605442176873,81.63265306122449
E00175526,292,24,10,14,268,18,250,8.21917808219178,3.4246575342465753,4.794520547945205,91.78082191780823,6.164383561643835,85.61643835616438
E00175527,175,32,8,24,143,10,133,18.285714285714285,4.571428571428571,13.714285714285715,81.71428571428572,5.714285714285714,76
E00175528,174,35,14,21,139,17,122,20.114942528735632,8.045977011494253,12.068965517241379,79.88505747126436,9.770114942528735,70.11494252873564
E00175529,350,59,17,42,291,20,271,16.857142857142858,4.857142857142857,12,83.14285714285714,5.714285714285714,77.42857142857143
E00175530,614,93,60,33,521,20,501,15.146579804560261,9.77198697068404,5.374592833876222,84.85342019543974,3.257328990228013,81.59609120521174
E00175531,375,63,30,33,312,20,292,16.8,8,8.799999999999999,83.2,5.333333333333334,77.86666666666666
E00175532,247,27,7,20,220,15,205,10.931174089068826,2.834008097165992,8.097165991902834,89.06882591093117,6.0728744939271255,82.99595141700405
E00175533,402,83,36,47,319,28,291,20.64676616915423,8.955223880597014,11.691542288557214,79.35323383084577,6.965174129353234,72.38805970149254
E00175534,292,45,12,33,247,21,226,15.41095890410959,4.10958904109589,11.301369863013697,84.58904109589042,7.191780821917808,77.3972602739726
E00175535,311,26,7,19,285,21,264,8.360128617363344,2.2508038585209005,6.109324758842444,91.63987138263666,6.752411575562702,84.88745980707395
E00175536,283,50,15,35,233,24,209,17.6678445229682,5.30035335689046,12.36749116607774,82.3321554770318,8.480565371024735,73.85159010600707
E00175537,312,24,7,17,288,27,261,7.6923076923076925,2.2435897435897436,5.448717948717949,92.3076923076923,8.653846153846153,83.65384615384616
E00175538,380,44,20,24,336,23,313,11.578947368421053,5.263157894736842,6.315789473684211,88.42105263157895,6.052631578947368,82.36842105263158
E00175539,173,16,6,10,157,17,140,9.248554913294797,3.4682080924855487,5.780346820809249,90.7514450867052,9.826589595375722,80.92485549132948
E00175540,133,43,25,18,90,9,81,32.33082706766917,18.796992481203006,13.533834586466165,67.66917293233082,6.7669172932330826,60.902255639097746
E00175541,472,60,28,32,412,24,388,12.711864406779661,5.932203389830509,6.779661016949152,87.28813559322035,5.084745762711865,82.20338983050848
E00175542,339,52,24,28,287,14,273,15.339233038348082,7.079646017699115,8.259587020648967,84.66076696165192,4.129793510324483,80.53097345132744
E00175543,259,43,19,24,216,9,207,16.602316602316602,7.335907335907336,9.266409266409266,83.3976833976834,3.474903474903475,79.92277992277992
E00175544,169,17,9,8,152,6,146,10.059171597633137,5.325443786982249,4.733727810650888,89.94082840236686,3.5502958579881656,86.3905325443787
E00175545,170,22,13,9,148,13,135,12.941176470588237,7.647058823529412,5.294117647058823,87.05882352941177,7.647058823529412,79.41176470588235
E00175546,210,29,9,20,181,20,161,13.80952380952381,4.285714285714286,9.523809523809524,86.19047619047619,9.523809523809524,76.66666666666667
E00175547,302,17,7,10,285,16,269,5.629139072847682,2.3178807947019866,3.3112582781456954,94.37086092715232,5.298013245033113,89.0728476821192
E00175548,284,25,7,18,259,23,236,8.80281690140845,2.464788732394366,6.338028169014084,91.19718309859155,8.098591549295776,83.09859154929578
E00175549,156,21,10,11,135,1,134,13.461538461538462,6.41025641025641,7.051282051282051,86.53846153846155,0.641025641025641,85.8974358974359
E00178638,555,76,39,37,479,44,435,13.693693693693692,7.027027027027027,6.666666666666667,86.3063063063063,7.927927927927928,78.37837837837837
E00178640,380,41,21,20,339,33,306,10.789473684210527,5.526315789473684,5.263157894736842,89.21052631578948,8.68421052631579,80.52631578947368
E00178645,247,24,8,16,223,10,213,9.7165991902834,3.2388663967611335,6.477732793522267,90.2834008097166,4.048582995951417,86.23481781376519
E00178646,335,56,23,33,279,26,253,16.716417910447763,6.865671641791045,9.850746268656717,83.28358208955224,7.761194029850746,75.5223880597015
E00178647,525,99,43,56,426,33,393,18.857142857142858,8.190476190476192,10.666666666666668,81.14285714285714,6.2857142857142865,74.85714285714286
E00178648,501,100,48,52,401,20,381,19.960079840319363,9.580838323353294,10.379241516966067,80.03992015968065,3.992015968063872,76.04790419161677
E00178649,300,58,22,36,242,28,214,19.333333333333332,7.333333333333333,12,80.66666666666666,9.333333333333334,71.33333333333334
E00178650,365,68,32,36,297,16,281,18.63013698630137,8.767123287671232,9.863013698630137,81.36986301369863,4.383561643835616,76.98630136986301
E00178651,306,63,30,33,243,22,221,20.588235294117645,9.803921568627452,10.784313725490197,79.41176470588235,7.18954248366013,72.22222222222221
E00178653,343,53,20,33,290,21,269,15.451895043731778,5.830903790087463,9.620991253644315,84.54810495626822,6.122448979591836,78.4256559766764
E00178655,210,20,6,14,190,12,178,9.523809523809524,2.857142857142857,6.666666666666667,90.47619047619048,5.714285714285714,84.76190476190476
E00178656,195,40,15,25,155,10,145,20.51282051282051,7.6923076923076925,12.82051282051282,79.48717948717949,5.128205128205128,74.35897435897436
E00178657,557,49,15,34,508,46,462,8.797127468581687,2.6929982046678633,6.104129263913824,91.20287253141831,8.258527827648116,82.9443447037702
E00178658,464,73,24,49,391,27,364,15.732758620689655,5.172413793103448,10.560344827586206,84.26724137931035,5.818965517241379,78.44827586206897
E00178659,586,113,35,78,473,42,431,19.283276450511945,5.972696245733788,13.310580204778159,80.71672354948805,7.167235494880546,73.54948805460751
E00178660,465,69,31,38,396,14,382,14.838709677419354,6.666666666666667,8.172043010752688,85.16129032258064,3.010752688172043,82.15053763440861
E00178661,395,58,28,30,337,17,320,14.683544303797468,7.088607594936709,7.59493670886076,85.31645569620252,4.30379746835443,81.0126582278481
E00178663,349,34,14,20,315,19,296,9.742120343839542,4.011461318051576,5.730659025787966,90.25787965616045,5.444126074498568,84.81375358166189
E00178664,354,35,11,24,319,8,311,9.887005649717514,3.1073446327683616,6.779661016949152,90.11299435028248,2.2598870056497176,87.85310734463276
E00178665,444,31,5,26,413,29,384,6.981981981981981,1.1261261261261262,5.8558558558558556,93.01801801801803,6.531531531531531,86.48648648648648
E00178666,222,46,21,25,176,15,161,20.72072072072072,9.45945945945946,11.26126126126126,79.27927927927928,6.756756756756757,72.52252252252252
E00178667,184,28,16,12,156,16,140,15.217391304347828,8.695652173913043,6.521739130434782,84.78260869565217,8.695652173913043,76.08695652173914
E00178669,455,50,20,30,405,10,395,10.989010989010989,4.395604395604396,6.593406593406594,89.01098901098901,2.197802197802198,86.81318681318682
E00178670,182,20,6,14,162,14,148,10.989010989010989,3.296703296703297,7.6923076923076925,89.01098901098901,7.6923076923076925,81.31868131868131
E00178671,216,13,1,12,203,14,189,6.018518518518518,0.4629629629629629,5.555555555555555,93.98148148148148,6.481481481481481,87.5
E00178672,176,30,5,25,146,8,138,17.045454545454543,2.840909090909091,14.204545454545455,82.95454545454545,4.545454545454546,78.4090909090909
E00178673,428,46,10,36,382,32,350,10.74766355140187,2.336448598130841,8.411214953271028,89.25233644859813,7.476635514018691,81.77570093457945
E00178674,220,10,5,5,210,11,199,4.545454545454546,2.272727272727273,2.272727272727273,95.45454545454545,5,90.45454545454545
E00178675,344,49,23,26,295,20,275,14.244186046511627,6.686046511627906,7.55813953488372,85.75581395348837,5.813953488372093,79.94186046511628
E00178676,377,47,17,30,330,25,305,12.46684350132626,4.509283819628647,7.957559681697612,87.53315649867373,6.631299734748011,80.90185676392572
E00178677,197,25,8,17,172,12,160,12.690355329949238,4.060913705583756,8.629441624365482,87.30964467005076,6.091370558375635,81.21827411167513
E00178679,168,28,10,18,140,15,125,16.666666666666664,5.952380952380952,10.714285714285714,83.33333333333334,8.928571428571429,74.40476190476191
E00178680,269,35,14,21,234,17,217,13.011152416356877,5.204460966542751,7.806691449814126,86.98884758364312,6.319702602230483,80.66914498141264
E00178681,521,65,25,40,456,43,413,12.476007677543185,4.798464491362764,7.677543186180421,87.5239923224568,8.253358925143955,79.27063339731286
E00178682,381,19,5,14,362,25,337,4.986876640419948,1.3123359580052494,3.674540682414698,95.01312335958005,6.561679790026247,88.4514435695538
E00178683,321,31,12,19,290,19,271,9.657320872274143,3.7383177570093453,5.919003115264798,90.34267912772586,5.919003115264798,84.42367601246106
E00178684,201,57,12,45,144,10,134,28.35820895522388,5.970149253731343,22.388059701492537,71.64179104477611,4.975124378109453,66.66666666666666
E00178685,300,28,10,18,272,15,257,9.333333333333334,3.3333333333333335,6,90.66666666666666,5,85.66666666666667
E00178686,402,60,19,41,342,40,302,14.925373134328357,4.72636815920398,10.199004975124378,85.07462686567165,9.950248756218906,75.12437810945273
E00178687,319,74,42,32,245,19,226,23.197492163009404,13.166144200626958,10.031347962382444,76.8025078369906,5.956112852664576,70.84639498432603
E00178688,363,64,35,29,299,8,291,17.63085399449036,9.641873278236915,7.988980716253444,82.36914600550963,2.203856749311295,80.16528925619835
E00178689,110,21,11,10,89,5,84,19.090909090909093,10,9.090909090909092,80.9090909090909,4.545454545454546,76.36363636363637
E00178690,287,71,50,21,216,9,207,24.738675958188153,17.421602787456447,7.317073170731707,75.26132404181185,3.1358885017421603,72.12543554006969
E00178694,200,22,4,18,178,12,166,11,2,9,89,6,83
E00178696,338,29,6,23,309,15,294,8.579881656804734,1.7751479289940828,6.8047337278106506,91.42011834319527,4.437869822485207,86.98224852071006
E00178697,177,9,3,6,168,16,152,5.084745762711865,1.694915254237288,3.389830508474576,94.91525423728814,9.03954802259887,85.87570621468926
E00178699,304,48,19,29,256,29,227,15.789473684210526,6.25,9.539473684210527,84.21052631578947,9.539473684210527,74.67105263157895
E00178700,486,79,23,56,407,25,382,16.255144032921812,4.732510288065844,11.522633744855968,83.7448559670782,5.1440329218107,78.60082304526749
E00178701,271,61,19,42,210,16,194,22.509225092250922,7.011070110701106,15.498154981549817,77.49077490774908,5.904059040590406,71.58671586715867
E00178702,153,33,14,19,120,11,109,21.568627450980394,9.15032679738562,12.418300653594772,78.43137254901961,7.18954248366013,71.24183006535948
E00178703,159,37,12,25,122,6,116,23.270440251572328,7.547169811320755,15.723270440251572,76.72955974842768,3.7735849056603774,72.95597484276729
E00178704,366,32,15,17,334,19,315,8.743169398907105,4.098360655737705,4.644808743169399,91.2568306010929,5.191256830601093,86.0655737704918
E00178706,155,34,9,25,121,16,105,21.935483870967744,5.806451612903226,16.129032258064516,78.06451612903226,10.32258064516129,67.74193548387096
E00178708,221,40,14,26,181,7,174,18.099547511312217,6.334841628959276,11.76470588235294,81.90045248868778,3.167420814479638,78.73303167420815
E00178709,180,26,5,21,154,7,147,14.444444444444443,2.7777777777777777,11.666666666666666,85.55555555555556,3.888888888888889,81.66666666666667
E00178710,312,42,14,28,270,24,246,13.461538461538462,4.487179487179487,8.974358974358974,86.53846153846155,7.6923076923076925,78.84615384615384
E00178711,155,23,7,16,132,23,109,14.838709677419354,4.516129032258064,10.32258064516129,85.16129032258064,14.838709677419354,70.3225806451613
E00178712,536,97,19,78,439,24,415,18.097014925373134,3.544776119402985,14.55223880597015,81.90298507462687,4.477611940298507,77.42537313432835
E00178715,234,15,6,9,219,13,206,6.41025641025641,2.564102564102564,3.8461538461538463,93.58974358974359,5.555555555555555,88.03418803418803
E00178716,565,97,30,67,468,25,443,17.168141592920357,5.3097345132743365,11.858407079646017,82.83185840707965,4.424778761061947,78.40707964601769
E00178717,494,65,31,34,429,45,384,13.157894736842104,6.275303643724696,6.882591093117409,86.8421052631579,9.109311740890687,77.7327935222672
E00178719,559,47,14,33,512,45,467,8.407871198568873,2.5044722719141324,5.903398926654741,91.59212880143113,8.050089445438283,83.54203935599284
E00178720,318,28,12,16,290,20,270,8.80503144654088,3.7735849056603774,5.031446540880504,91.19496855345912,6.289308176100629,84.90566037735849
E00178721,179,51,16,35,128,8,120,28.49162011173184,8.938547486033519,19.553072625698324,71.50837988826815,4.4692737430167595,67.0391061452514
E00178722,321,57,28,29,264,15,249,17.75700934579439,8.722741433021806,9.034267912772584,82.2429906542056,4.672897196261682,77.57009345794393
