OA,ts0590001,ts0590002,ts0590003,ts0590004,ts0590005,ts0590006,ts0590007,ts0590002_PCT,ts0590003_PCT,ts0590004_PCT,ts0590005_PCT,ts0590006_PCT,ts0590007_PCT
E00055463,142,44,19,25,98,84,14,30.985915492957744,13.380281690140844,17.6056338028169,69.01408450704226,59.154929577464785,9.859154929577464
E00055464,126,40,15,25,86,74,12,31.746031746031743,11.904761904761903,19.841269841269842,68.25396825396825,58.730158730158735,9.523809523809524
E00055465,117,38,14,24,79,64,15,32.47863247863248,11.965811965811966,20.51282051282051,67.52136752136752,54.700854700854705,12.82051282051282
E00055466,265,81,17,64,184,163,21,30.566037735849054,6.415094339622642,24.150943396226417,69.43396226415094,61.50943396226415,7.9245283018867925
E00055467,125,39,12,27,86,80,6,31.2,9.6,21.6,68.8,64,4.8
E00055468,180,56,19,37,124,106,18,31.11111111111111,10.555555555555555,20.555555555555554,68.88888888888889,58.88888888888889,10
E00055469,135,34,10,24,101,86,15,25.185185185185183,7.4074074074074066,17.77777777777778,74.81481481481481,63.70370370370371,11.11111111111111
E00055470,247,64,14,50,183,166,17,25.910931174089068,5.668016194331984,20.242914979757085,74.08906882591093,67.20647773279353,6.882591093117409
E00055471,125,38,10,28,87,76,11,30.4,8,22.400000000000002,69.6,60.8,8.799999999999999
E00055472,156,52,24,28,104,104,0,33.33333333333333,15.384615384615385,17.94871794871795,66.66666666666666,66.66666666666666,0
E00055473,119,39,15,24,80,72,8,32.773109243697476,12.605042016806722,20.168067226890756,67.22689075630252,60.50420168067227,6.722689075630252
E00055474,49,13,0,13,36,32,4,26.53061224489796,0,26.53061224489796,73.46938775510205,65.3061224489796,8.16326530612245
E00055476,27,11,5,6,16,14,2,40.74074074074074,18.51851851851852,22.22222222222222,59.25925925925925,51.85185185185185,7.4074074074074066
E00055477,185,48,15,33,137,121,16,25.945945945945947,8.108108108108109,17.83783783783784,74.05405405405405,65.4054054054054,8.64864864864865
E00055478,144,38,10,28,106,98,8,26.38888888888889,6.944444444444445,19.444444444444446,73.61111111111111,68.05555555555556,5.555555555555555
E00055479,126,37,6,31,89,84,5,29.365079365079367,4.761904761904762,24.6031746031746,70.63492063492063,66.66666666666666,3.968253968253968
E00055480,145,36,13,23,109,97,12,24.82758620689655,8.96551724137931,15.862068965517242,75.17241379310344,66.89655172413794,8.275862068965518
E00055481,111,30,12,18,81,73,8,27.027027027027028,10.81081081081081,16.216216216216218,72.97297297297297,65.76576576576578,7.207207207207207
E00055482,131,29,5,24,102,95,7,22.137404580152673,3.816793893129771,18.3206106870229,77.86259541984732,72.51908396946564,5.343511450381679
E00055483,62,21,8,13,41,40,1,33.87096774193548,12.903225806451612,20.967741935483872,66.12903225806451,64.51612903225806,1.6129032258064515
E00055484,116,40,8,32,76,67,9,34.48275862068966,6.896551724137931,27.586206896551722,65.51724137931035,57.758620689655174,7.758620689655173
E00055485,142,56,15,41,86,80,6,39.436619718309856,10.56338028169014,28.87323943661972,60.56338028169014,56.33802816901409,4.225352112676056
E00055486,144,44,11,33,100,86,14,30.555555555555557,7.638888888888889,22.916666666666664,69.44444444444444,59.72222222222222,9.722222222222223
E00055487,107,36,5,31,71,71,0,33.64485981308411,4.672897196261682,28.971962616822427,66.35514018691589,66.35514018691589,0
E00055488,102,33,12,21,69,53,16,32.35294117647059,11.76470588235294,20.588235294117645,67.64705882352942,51.9607843137255,15.686274509803921
E00055489,134,38,9,29,96,90,6,28.35820895522388,6.7164179104477615,21.641791044776117,71.64179104477611,67.16417910447761,4.477611940298507
E00055490,135,40,9,31,95,88,7,29.629629629629626,6.666666666666667,22.962962962962962,70.37037037037037,65.18518518518519,5.185185185185185
E00055491,154,45,9,36,109,99,10,29.22077922077922,5.844155844155844,23.376623376623375,70.77922077922078,64.28571428571429,6.493506493506493
E00055492,156,48,19,29,108,101,7,30.76923076923077,12.179487179487179,18.58974358974359,69.23076923076923,64.74358974358975,4.487179487179487
E00055493,117,38,14,24,79,65,14,32.47863247863248,11.965811965811966,20.51282051282051,67.52136752136752,55.55555555555556,11.965811965811966
E00055494,100,18,5,13,82,78,4,18,5,13,82,78,4
E00055495,120,37,8,29,83,79,4,30.833333333333336,6.666666666666667,24.166666666666668,69.16666666666667,65.83333333333333,3.3333333333333335
E00055496,110,47,16,31,63,49,14,42.72727272727273,14.545454545454545,28.18181818181818,57.27272727272727,44.54545454545455,12.727272727272727
E00055497,158,47,3,44,111,101,10,29.746835443037973,1.89873417721519,27.848101265822784,70.25316455696202,63.92405063291139,6.329113924050633
E00055498,110,48,13,35,62,54,8,43.63636363636363,11.818181818181818,31.818181818181817,56.36363636363636,49.09090909090909,7.2727272727272725
E00055499,92,31,9,22,61,51,10,33.69565217391305,9.782608695652174,23.91304347826087,66.30434782608695,55.434782608695656,10.869565217391305
E00055500,122,32,11,21,90,83,7,26.229508196721312,9.01639344262295,17.21311475409836,73.77049180327869,68.0327868852459,5.737704918032787
E00055501,113,35,11,24,78,66,12,30.973451327433626,9.734513274336283,21.238938053097346,69.02654867256636,58.4070796460177,10.619469026548673
E00055502,140,47,14,33,93,76,17,33.57142857142857,10,23.57142857142857,66.42857142857143,54.285714285714285,12.142857142857142
E00055503,89,26,12,14,63,48,15,29.213483146067414,13.48314606741573,15.730337078651685,70.78651685393258,53.93258426966292,16.853932584269664
E00055504,138,48,21,27,90,80,10,34.78260869565217,15.217391304347828,19.565217391304348,65.21739130434783,57.971014492753625,7.246376811594203
E00055505,138,39,15,24,99,81,18,28.26086956521739,10.869565217391305,17.391304347826086,71.73913043478261,58.69565217391305,13.043478260869565
E00055506,94,38,11,27,56,53,3,40.42553191489361,11.702127659574469,28.723404255319153,59.57446808510638,56.38297872340425,3.1914893617021276
E00055507,80,19,6,13,61,53,8,23.75,7.5,16.25,76.25,66.25,10
E00055508,158,51,11,40,107,95,12,32.278481012658226,6.962025316455696,25.31645569620253,67.72151898734177,60.12658227848101,7.59493670886076
E00055509,113,53,12,41,60,56,4,46.902654867256636,10.619469026548673,36.283185840707965,53.09734513274337,49.557522123893804,3.5398230088495577
E00055510,120,58,16,42,62,59,3,48.333333333333336,13.333333333333334,35,51.66666666666667,49.166666666666664,2.5
E00055511,138,71,21,50,67,66,1,51.449275362318836,15.217391304347828,36.231884057971016,48.55072463768116,47.82608695652174,0.7246376811594203
E00055512,114,51,16,35,63,55,8,44.73684210526316,14.035087719298245,30.701754385964914,55.26315789473685,48.24561403508772,7.017543859649122
E00055513,91,46,11,35,45,45,0,50.54945054945055,12.087912087912088,38.46153846153847,49.45054945054945,49.45054945054945,0
E00055514,112,60,17,43,52,45,7,53.57142857142857,15.178571428571427,38.392857142857146,46.42857142857143,40.17857142857143,6.25
E00055515,107,37,11,26,70,67,3,34.57943925233645,10.2803738317757,24.299065420560748,65.42056074766354,62.616822429906534,2.803738317757009
E00055516,134,44,6,38,90,82,8,32.83582089552239,4.477611940298507,28.35820895522388,67.16417910447761,61.19402985074627,5.970149253731343
E00055517,109,34,7,27,75,69,6,31.19266055045872,6.422018348623854,24.770642201834864,68.80733944954129,63.30275229357798,5.5045871559633035
E00055518,108,36,11,25,72,66,6,33.33333333333333,10.185185185185185,23.14814814814815,66.66666666666666,61.111111111111114,5.555555555555555
E00055519,137,51,14,37,86,74,12,37.22627737226277,10.218978102189782,27.00729927007299,62.77372262773723,54.01459854014598,8.75912408759124
E00055520,168,63,25,38,105,93,12,37.5,14.880952380952381,22.61904761904762,62.5,55.35714285714286,7.142857142857142
E00055521,165,46,12,34,119,105,14,27.878787878787882,7.2727272727272725,20.606060606060606,72.12121212121212,63.63636363636363,8.484848484848486
E00055522,138,48,16,32,90,77,13,34.78260869565217,11.594202898550725,23.18840579710145,65.21739130434783,55.79710144927537,9.420289855072465
E00055523,150,64,15,49,86,78,8,42.66666666666667,10,32.666666666666664,57.333333333333336,52,5.333333333333334
E00055524,127,54,14,40,73,67,6,42.51968503937008,11.023622047244094,31.496062992125985,57.48031496062992,52.75590551181102,4.724409448818897
E00055525,123,30,12,18,93,71,22,24.390243902439025,9.75609756097561,14.634146341463413,75.60975609756098,57.72357723577236,17.88617886178862
E00055526,154,50,8,42,104,90,14,32.467532467532465,5.194805194805195,27.27272727272727,67.53246753246754,58.44155844155844,9.090909090909092
E00055527,135,39,11,28,96,88,8,28.888888888888886,8.148148148148149,20.74074074074074,71.11111111111111,65.18518518518519,5.9259259259259265
E00055528,149,54,15,39,95,79,16,36.241610738255034,10.06711409395973,26.174496644295303,63.758389261744966,53.02013422818792,10.738255033557047
E00055529,143,56,17,39,87,79,8,39.16083916083916,11.888111888111888,27.27272727272727,60.83916083916085,55.24475524475524,5.594405594405594
E00055530,137,37,8,29,100,89,11,27.00729927007299,5.839416058394161,21.16788321167883,72.99270072992701,64.96350364963503,8.02919708029197
E00055531,142,46,13,33,96,86,10,32.3943661971831,9.15492957746479,23.239436619718308,67.6056338028169,60.56338028169014,7.042253521126761
E00055532,185,59,13,46,126,112,14,31.891891891891895,7.027027027027027,24.864864864864867,68.10810810810811,60.54054054054055,7.567567567567568
E00055533,110,42,10,32,68,63,5,38.18181818181819,9.090909090909092,29.09090909090909,61.81818181818181,57.27272727272727,4.545454545454546
E00055534,185,65,24,41,120,120,0,35.13513513513514,12.972972972972974,22.162162162162165,64.86486486486487,64.86486486486487,0
E00055535,79,31,4,27,48,44,4,39.24050632911392,5.063291139240507,34.177215189873415,60.75949367088608,55.69620253164557,5.063291139240507
E00055536,157,58,14,44,99,84,15,36.94267515923567,8.9171974522293,28.02547770700637,63.05732484076433,53.503184713375795,9.554140127388536
E00055537,139,48,19,29,91,84,7,34.53237410071942,13.66906474820144,20.863309352517987,65.46762589928058,60.431654676258994,5.0359712230215825
E00055538,129,30,12,18,99,87,12,23.25581395348837,9.30232558139535,13.953488372093023,76.74418604651163,67.44186046511628,9.30232558139535
E00055539,125,52,15,37,73,68,5,41.6,12,29.599999999999998,58.4,54.400000000000006,4
E00055540,152,74,14,60,78,72,6,48.68421052631579,9.210526315789473,39.473684210526315,51.31578947368421,47.368421052631575,3.9473684210526314
E00055541,189,49,13,36,140,123,17,25.925925925925924,6.878306878306878,19.047619047619047,74.07407407407408,65.07936507936508,8.994708994708994
E00055542,147,73,19,54,74,70,4,49.65986394557823,12.925170068027212,36.734693877551024,50.34013605442177,47.61904761904761,2.7210884353741496
E00055543,159,68,15,53,91,81,10,42.76729559748428,9.433962264150944,33.33333333333333,57.23270440251572,50.943396226415096,6.289308176100629
E00055544,154,78,23,55,76,74,2,50.649350649350644,14.935064935064934,35.714285714285715,49.35064935064935,48.05194805194805,1.2987012987012987
E00055545,97,49,13,36,48,43,5,50.51546391752577,13.402061855670103,37.11340206185567,49.48453608247423,44.329896907216494,5.154639175257731
E00055546,158,84,18,66,74,71,3,53.16455696202531,11.39240506329114,41.77215189873418,46.835443037974684,44.936708860759495,1.89873417721519
E00055547,100,43,8,35,57,57,0,43,8,35,56.99999999999999,56.99999999999999,0
E00055548,85,39,13,26,46,46,0,45.88235294117647,15.294117647058824,30.58823529411765,54.11764705882353,54.11764705882353,0
E00055549,146,67,21,46,79,79,0,45.89041095890411,14.383561643835616,31.506849315068493,54.109589041095894,54.109589041095894,0
E00055550,170,86,27,59,84,84,0,50.588235294117645,15.88235294117647,34.705882352941174,49.411764705882355,49.411764705882355,0
E00055551,146,69,22,47,77,74,3,47.26027397260274,15.068493150684931,32.19178082191781,52.73972602739726,50.68493150684932,2.054794520547945
E00055552,152,52,16,36,100,84,16,34.21052631578947,10.526315789473683,23.684210526315788,65.78947368421053,55.26315789473685,10.526315789473683
E00055553,155,63,19,44,92,87,5,40.64516129032258,12.258064516129032,28.387096774193548,59.354838709677416,56.12903225806451,3.225806451612903
E00055554,116,33,13,20,83,74,9,28.448275862068968,11.206896551724139,17.24137931034483,71.55172413793103,63.793103448275865,7.758620689655173
E00055555,119,47,13,34,72,61,11,39.49579831932773,10.92436974789916,28.57142857142857,60.50420168067227,51.26050420168067,9.243697478991598
E00055556,174,58,12,46,116,104,12,33.33333333333333,6.896551724137931,26.436781609195403,66.66666666666666,59.77011494252874,6.896551724137931
E00055557,172,53,23,30,119,107,12,30.813953488372093,13.372093023255813,17.441860465116278,69.18604651162791,62.2093023255814,6.976744186046512
E00055558,120,38,8,30,82,76,6,31.666666666666664,6.666666666666667,25,68.33333333333333,63.33333333333333,5
E00055559,129,34,13,21,95,76,19,26.356589147286826,10.077519379844961,16.27906976744186,73.64341085271317,58.91472868217055,14.728682170542637
E00055560,75,42,13,29,33,33,0,56.00000000000001,17.333333333333336,38.666666666666664,44,44,0
E00055561,132,32,7,25,100,92,8,24.242424242424242,5.303030303030303,18.939393939393938,75.75757575757575,69.6969696969697,6.0606060606060606
E00055562,151,61,19,42,90,85,5,40.397350993377486,12.582781456953644,27.81456953642384,59.60264900662252,56.29139072847682,3.3112582781456954
E00055563,140,63,20,43,77,72,5,45,14.285714285714285,30.714285714285715,55.00000000000001,51.42857142857142,3.571428571428571
E00055564,118,32,9,23,86,73,13,27.11864406779661,7.627118644067797,19.491525423728813,72.88135593220339,61.86440677966102,11.016949152542372
E00055565,229,79,18,61,150,143,7,34.49781659388647,7.860262008733625,26.637554585152838,65.50218340611353,62.44541484716157,3.056768558951965
E00055566,106,47,9,38,59,57,2,44.339622641509436,8.49056603773585,35.84905660377358,55.660377358490564,53.77358490566038,1.8867924528301887
E00055567,172,51,11,40,121,104,17,29.651162790697676,6.395348837209303,23.25581395348837,70.34883720930233,60.46511627906976,9.883720930232558
E00055568,187,47,21,26,140,123,17,25.13368983957219,11.229946524064172,13.903743315508022,74.8663101604278,65.77540106951871,9.090909090909092
E00055569,181,53,14,39,128,115,13,29.2817679558011,7.734806629834254,21.54696132596685,70.71823204419888,63.53591160220995,7.18232044198895
E00055570,171,46,15,31,125,112,13,26.900584795321635,8.771929824561402,18.128654970760234,73.09941520467837,65.49707602339181,7.602339181286549
E00055571,145,32,15,17,113,104,9,22.06896551724138,10.344827586206897,11.724137931034482,77.93103448275862,71.72413793103448,6.206896551724138
E00055573,195,57,16,41,138,119,19,29.230769230769234,8.205128205128204,21.025641025641026,70.76923076923077,61.02564102564103,9.7435897435897445
E00055574,135,35,11,24,100,93,7,25.925925925925924,8.148148148148149,17.77777777777778,74.07407407407408,68.88888888888889,5.185185185185185
E00055575,89,26,5,21,63,63,0,29.213483146067414,5.617977528089887,23.595505617977526,70.78651685393258,70.78651685393258,0
E00055576,123,32,14,18,91,78,13,26.01626016260163,11.38211382113821,14.634146341463413,73.98373983739837,63.41463414634146,10.569105691056912
E00055577,78,37,10,27,41,35,6,47.43589743589743,12.82051282051282,34.61538461538461,52.56410256410257,44.871794871794876,7.6923076923076925
E00055579,171,72,19,53,99,94,5,42.10526315789473,11.11111111111111,30.994152046783626,57.89473684210527,54.97076023391813,2.923976608187134
E00055580,168,59,15,44,109,96,13,35.11904761904761,8.928571428571429,26.190476190476193,64.88095238095238,57.14285714285714,7.738095238095238
E00055582,144,62,26,36,82,74,8,43.05555555555556,18.055555555555554,25,56.94444444444444,51.388888888888886,5.555555555555555
E00055583,148,44,11,33,104,93,11,29.72972972972973,7.4324324324324325,22.2972972972973,70.27027027027027,62.83783783783784,7.4324324324324325
E00055584,83,45,19,26,38,37,1,54.21686746987952,22.89156626506024,31.32530120481928,45.78313253012048,44.57831325301205,1.2048192771084338
E00055585,145,44,8,36,101,94,7,30.344827586206897,5.517241379310345,24.82758620689655,69.6551724137931,64.82758620689654,4.827586206896552
E00055586,128,68,18,50,60,55,5,53.125,14.0625,39.0625,46.875,42.96875,3.90625
E00055588,141,54,13,41,87,79,8,38.297872340425535,9.219858156028367,29.078014184397162,61.702127659574465,56.02836879432624,5.673758865248227
E00055589,145,65,16,49,80,74,6,44.827586206896555,11.03448275862069,33.793103448275865,55.172413793103445,51.03448275862069,4.137931034482759
E00055590,125,59,10,49,66,63,3,47.199999999999996,8,39.2,52.800000000000004,50.4,2.4
E00055591,136,62,19,43,74,66,8,45.588235294117645,13.970588235294118,31.61764705882353,54.41176470588235,48.529411764705884,5.88235294117647
E00055592,106,36,10,26,70,61,9,33.9622641509434,9.433962264150944,24.528301886792452,66.0377358490566,57.54716981132076,8.49056603773585
E00055593,154,73,20,53,81,77,4,47.4025974025974,12.987012987012985,34.41558441558442,52.5974025974026,50,2.5974025974025974
E00055594,134,58,13,45,76,71,5,43.28358208955223,9.701492537313433,33.582089552238806,56.71641791044776,52.98507462686567,3.731343283582089
E00055595,117,55,15,40,62,62,0,47.008547008547005,12.82051282051282,34.18803418803419,52.991452991452995,52.991452991452995,0
E00055596,160,69,25,44,91,77,14,43.125,15.625,27.500000000000004,56.875,48.125,8.75
E00055597,255,84,27,57,171,158,13,32.94117647058823,10.588235294117647,22.35294117647059,67.05882352941175,61.96078431372549,5.098039215686274
E00055598,108,52,5,47,56,51,5,48.148148148148145,4.62962962962963,43.51851851851852,51.85185185185185,47.22222222222222,4.62962962962963
E00055599,106,49,14,35,57,55,2,46.22641509433962,13.20754716981132,33.0188679245283,53.77358490566038,51.886792452830186,1.8867924528301887
E00055600,132,68,11,57,64,56,8,51.515151515151516,8.333333333333332,43.18181818181818,48.484848484848484,42.42424242424242,6.0606060606060606
E00055602,136,70,15,55,66,61,5,51.470588235294116,11.029411764705882,40.44117647058824,48.529411764705884,44.85294117647059,3.6764705882352944
E00055603,174,71,16,55,103,98,5,40.804597701149426,9.195402298850574,31.60919540229885,59.195402298850574,56.32183908045977,2.8735632183908044
E00055604,162,69,26,43,93,86,7,42.592592592592595,16.049382716049383,26.543209876543212,57.407407407407405,53.086419753086425,4.320987654320987
E00055605,202,87,23,64,115,109,6,43.06930693069307,11.386138613861387,31.683168316831683,56.930693069306926,53.960396039603964,2.9702970297029703
E00055606,178,69,15,54,109,94,15,38.764044943820224,8.426966292134832,30.337078651685395,61.23595505617978,52.80898876404494,8.426966292134832
E00055607,143,52,19,33,91,84,7,36.36363636363637,13.286713286713287,23.076923076923077,63.63636363636363,58.74125874125874,4.895104895104895
E00055608,227,97,25,72,130,114,16,42.731277533039645,11.013215859030836,31.718061674008812,57.268722466960355,50.22026431718062,7.048458149779736
E00055609,134,51,12,39,83,75,8,38.059701492537314,8.955223880597014,29.1044776119403,61.940298507462686,55.970149253731336,5.970149253731343
E00055610,141,43,12,31,98,86,12,30.49645390070922,8.51063829787234,21.98581560283688,69.50354609929079,60.99290780141844,8.51063829787234
E00055611,139,38,13,25,101,97,4,27.33812949640288,9.352517985611511,17.985611510791365,72.66187050359713,69.7841726618705,2.877697841726619
E00055612,127,55,12,43,72,64,8,43.30708661417323,9.448818897637794,33.85826771653544,56.69291338582677,50.39370078740157,6.299212598425196
E00055613,156,64,16,48,92,84,8,41.02564102564102,10.256410256410255,30.76923076923077,58.97435897435898,53.84615384615385,5.128205128205128
E00055614,143,45,4,41,98,86,12,31.46853146853147,2.797202797202797,28.671328671328673,68.53146853146853,60.13986013986013,8.391608391608392
E00055615,140,36,4,32,104,98,6,25.71428571428571,2.857142857142857,22.857142857142858,74.28571428571429,70,4.285714285714286
E00055616,148,55,19,36,93,82,11,37.16216216216216,12.837837837837837,24.324324324324326,62.83783783783784,55.4054054054054,7.4324324324324325
E00055617,137,55,17,38,82,74,8,40.14598540145985,12.408759124087592,27.73722627737226,59.854014598540154,54.01459854014598,5.839416058394161
E00055618,100,29,10,19,71,64,7,28.999999999999996,10,19,71,64,7.000000000000001
E00055619,178,65,16,49,113,97,16,36.51685393258427,8.98876404494382,27.52808988764045,63.48314606741573,54.49438202247191,8.98876404494382
E00055620,120,34,12,22,86,75,11,28.333333333333332,10,18.333333333333332,71.66666666666667,62.5,9.166666666666666
E00055621,138,50,11,39,88,82,6,36.231884057971016,7.971014492753622,28.26086956521739,63.76811594202898,59.42028985507246,4.3478260869565215
E00055622,165,56,20,36,109,97,12,33.939393939393945,12.121212121212121,21.818181818181817,66.06060606060606,58.78787878787879,7.2727272727272725
E00055623,145,66,21,45,79,72,7,45.51724137931035,14.482758620689657,31.03448275862069,54.48275862068965,49.6551724137931,4.827586206896552
E00055624,111,51,13,38,60,57,3,45.94594594594595,11.711711711711711,34.234234234234236,54.054054054054056,51.35135135135135,2.7027027027027026
E00055625,145,66,23,43,79,72,7,45.51724137931035,15.862068965517242,29.655172413793103,54.48275862068965,49.6551724137931,4.827586206896552
E00055626,113,38,12,26,75,66,9,33.6283185840708,10.619469026548673,23.008849557522122,66.3716814159292,58.4070796460177,7.964601769911504
E00055627,234,70,25,45,164,149,15,29.914529914529915,10.683760683760683,19.230769230769234,70.08547008547008,63.67521367521367,6.41025641025641
E00055628,147,64,24,40,83,76,7,43.53741496598639,16.3265306122449,27.2108843537415,56.4625850340136,51.70068027210885,4.761904761904762
E00055629,141,55,18,37,86,81,5,39.00709219858156,12.76595744680851,26.24113475177305,60.99290780141844,57.446808510638306,3.546099290780142
E00055630,164,63,20,43,101,85,16,38.41463414634146,12.195121951219512,26.21951219512195,61.58536585365854,51.829268292682926,9.75609756097561
E00055632,64,26,8,18,38,33,5,40.625,12.5,28.125,59.375,51.5625,7.8125
E00055633,129,61,19,42,68,64,4,47.286821705426355,14.728682170542637,32.55813953488372,52.71317829457365,49.6124031007752,3.10077519379845
E00055634,172,69,28,41,103,95,8,40.116279069767444,16.27906976744186,23.837209302325583,59.883720930232556,55.23255813953488,4.651162790697675
E00055635,159,60,22,38,99,82,17,37.735849056603776,13.836477987421384,23.89937106918239,62.264150943396224,51.57232704402516,10.69182389937107
E00055636,172,61,24,37,111,82,29,35.46511627906977,13.953488372093023,21.511627906976745,64.53488372093024,47.674418604651166,16.86046511627907
E00055637,133,50,27,23,83,62,21,37.59398496240601,20.30075187969925,17.293233082706767,62.40601503759399,46.616541353383454,15.789473684210526
E00055638,133,44,23,21,89,73,16,33.08270676691729,17.293233082706767,15.789473684210526,66.9172932330827,54.88721804511278,12.030075187969924
E00055639,156,49,16,33,107,92,15,31.41025641025641,10.256410256410255,21.153846153846153,68.58974358974359,58.97435897435898,9.615384615384617
E00055640,130,39,15,24,91,82,9,30,11.538461538461538,18.461538461538463,70,63.07692307692307,6.923076923076923
E00055641,106,23,8,15,83,66,17,21.69811320754717,7.547169811320755,14.150943396226415,78.30188679245283,62.264150943396224,16.037735849056602
E00055642,165,41,13,28,124,107,17,24.848484848484848,7.878787878787878,16.969696969696972,75.15151515151514,64.84848484848484,10.303030303030303
E00055643,89,26,9,17,63,56,7,29.213483146067414,10.112359550561797,19.101123595505616,70.78651685393258,62.92134831460674,7.865168539325842
E00055644,147,66,17,49,81,68,13,44.89795918367347,11.564625850340136,33.33333333333333,55.10204081632652,46.25850340136054,8.843537414965986
E00055645,115,40,17,23,75,68,7,34.78260869565217,14.782608695652174,20,65.21739130434783,59.130434782608695,6.086956521739131
E00055646,140,59,19,40,81,74,7,42.142857142857146,13.571428571428571,28.57142857142857,57.85714285714286,52.85714285714286,5
E00055647,143,56,11,45,87,73,14,39.16083916083916,7.6923076923076925,31.46853146853147,60.83916083916085,51.048951048951054,9.79020979020979
E00055648,131,41,12,29,90,78,12,31.297709923664126,9.16030534351145,22.137404580152673,68.70229007633588,59.541984732824424,9.16030534351145
E00055649,121,35,17,18,86,81,5,28.92561983471074,14.049586776859504,14.87603305785124,71.07438016528926,66.94214876033058,4.132231404958678
E00055650,129,45,12,33,84,77,7,34.883720930232556,9.30232558139535,25.581395348837212,65.11627906976744,59.68992248062015,5.426356589147287
E00055651,186,77,17,60,109,101,8,41.39784946236559,9.13978494623656,32.25806451612903,58.602150537634415,54.3010752688172,4.301075268817205
E00055652,102,26,5,21,76,73,3,25.49019607843137,4.901960784313726,20.588235294117645,74.50980392156863,71.56862745098039,2.941176470588235
E00055653,168,43,13,30,125,114,11,25.595238095238095,7.738095238095238,17.857142857142858,74.40476190476191,67.85714285714286,6.547619047619048
E00055654,89,41,11,30,48,41,7,46.06741573033708,12.359550561797752,33.70786516853933,53.93258426966292,46.06741573033708,7.865168539325842
E00055655,109,41,14,27,68,67,1,37.61467889908257,12.844036697247708,24.770642201834864,62.38532110091744,61.46788990825688,0.9174311926605505
E00055656,126,46,18,28,80,69,11,36.507936507936506,14.285714285714285,22.22222222222222,63.49206349206349,54.761904761904766,8.73015873015873
E00055657,215,68,25,43,147,128,19,31.627906976744185,11.627906976744185,20,68.37209302325581,59.53488372093023,8.837209302325581
E00055658,111,45,11,34,66,60,6,40.54054054054054,9.90990990990991,30.630630630630627,59.45945945945946,54.054054054054056,5.405405405405405
E00055659,61,21,7,14,40,36,4,34.42622950819672,11.475409836065573,22.950819672131146,65.57377049180327,59.01639344262295,6.557377049180328
E00055660,143,54,12,42,89,86,3,37.76223776223776,8.391608391608392,29.37062937062937,62.23776223776224,60.13986013986013,2.097902097902098
E00055661,140,52,15,37,88,80,8,37.142857142857146,10.714285714285714,26.42857142857143,62.857142857142854,57.14285714285714,5.714285714285714
E00055662,125,51,18,33,74,72,2,40.8,14.399999999999999,26.400000000000002,59.199999999999996,57.599999999999994,1.6
E00055663,131,63,17,46,68,57,11,48.091603053435115,12.977099236641221,35.11450381679389,51.908396946564885,43.51145038167939,8.396946564885496
E00055664,141,54,23,31,87,76,11,38.297872340425535,16.312056737588655,21.98581560283688,61.702127659574465,53.90070921985816,7.801418439716312
E00055665,131,52,14,38,79,71,8,39.69465648854962,10.687022900763358,29.00763358778626,60.30534351145038,54.19847328244275,6.106870229007633
E00055666,151,49,19,30,102,83,19,32.450331125827816,12.582781456953644,19.867549668874172,67.54966887417218,54.966887417218544,12.582781456953644
E00055667,146,57,21,36,89,79,10,39.04109589041096,14.383561643835616,24.65753424657534,60.95890410958904,54.109589041095894,6.8493150684931505
E00055668,159,54,25,29,105,97,8,33.9622641509434,15.723270440251572,18.238993710691823,66.0377358490566,61.0062893081761,5.031446540880504
E00055669,155,54,18,36,101,81,20,34.83870967741935,11.612903225806452,23.225806451612904,65.16129032258064,52.25806451612903,12.903225806451612
E00055670,142,37,14,23,105,92,13,26.056338028169012,9.859154929577464,16.19718309859155,73.94366197183099,64.7887323943662,9.15492957746479
E00055671,135,43,13,30,92,80,12,31.851851851851855,9.62962962962963,22.22222222222222,68.14814814814815,59.25925925925925,8.88888888888889
E00055672,163,51,8,43,112,104,8,31.28834355828221,4.9079754601226995,26.380368098159508,68.71165644171779,63.80368098159509,4.9079754601226995
E00055673,161,41,16,25,120,110,10,25.465838509316768,9.937888198757763,15.527950310559005,74.53416149068323,68.32298136645963,6.211180124223603
E00055674,112,29,6,23,83,71,12,25.892857142857146,5.357142857142857,20.535714285714285,74.10714285714286,63.39285714285714,10.714285714285714
E00055675,141,31,6,25,110,94,16,21.98581560283688,4.25531914893617,17.73049645390071,78.01418439716312,66.66666666666666,11.347517730496454
E00055676,156,43,20,23,113,95,18,27.564102564102566,12.82051282051282,14.743589743589745,72.43589743589743,60.89743589743589,11.538461538461538
E00055677,154,45,11,34,109,99,10,29.22077922077922,7.142857142857142,22.07792207792208,70.77922077922078,64.28571428571429,6.493506493506493
E00055678,74,22,8,14,52,46,6,29.72972972972973,10.81081081081081,18.91891891891892,70.27027027027027,62.16216216216216,8.108108108108109
E00055679,208,52,17,35,156,134,22,25,8.173076923076923,16.826923076923077,75,64.42307692307693,10.576923076923077
E00055680,152,39,9,30,113,102,11,25.657894736842106,5.921052631578947,19.736842105263158,74.3421052631579,67.10526315789474,7.236842105263158
E00055681,140,30,6,24,110,102,8,21.428571428571427,4.285714285714286,17.142857142857142,78.57142857142857,72.85714285714285,5.714285714285714
E00055682,131,32,2,30,99,90,9,24.427480916030532,1.5267175572519083,22.900763358778626,75.57251908396947,68.70229007633588,6.870229007633588
E00055683,73,16,0,16,57,49,8,21.91780821917808,0,21.91780821917808,78.08219178082192,67.12328767123287,10.95890410958904
E00055684,131,36,5,31,95,81,14,27.480916030534353,3.816793893129771,23.66412213740458,72.51908396946564,61.832061068702295,10.687022900763358
E00055685,115,33,13,20,82,62,20,28.695652173913043,11.304347826086957,17.391304347826086,71.30434782608695,53.91304347826087,17.391304347826086
E00055686,148,49,13,36,99,89,10,33.108108108108105,8.783783783783784,24.324324324324326,66.8918918918919,60.13513513513513,6.756756756756757
E00055687,115,31,11,20,84,63,21,26.956521739130434,9.565217391304348,17.391304347826086,73.04347826086956,54.78260869565217,18.26086956521739
E00055688,193,57,14,43,136,112,24,29.533678756476682,7.253886010362693,22.279792746113987,70.46632124352331,58.03108808290155,12.435233160621761
E00055689,137,37,6,31,100,81,19,27.00729927007299,4.37956204379562,22.62773722627737,72.99270072992701,59.12408759124088,13.86861313868613
E00055690,166,45,18,27,121,100,21,27.10843373493976,10.843373493975903,16.265060240963855,72.89156626506023,60.24096385542169,12.650602409638553
E00055691,139,32,10,22,107,92,15,23.021582733812952,7.1942446043165464,15.827338129496402,76.97841726618705,66.18705035971223,10.79136690647482
E00055692,168,44,8,36,124,107,17,26.190476190476193,4.761904761904762,21.428571428571427,73.80952380952381,63.69047619047619,10.119047619047619
E00055693,151,46,16,30,105,94,11,30.4635761589404,10.596026490066226,19.867549668874172,69.5364238410596,62.251655629139066,7.28476821192053
E00055694,174,50,18,32,124,106,18,28.735632183908045,10.344827586206897,18.39080459770115,71.26436781609196,60.91954022988506,10.344827586206897
E00055696,114,29,9,20,85,77,8,25.438596491228072,7.894736842105263,17.543859649122805,74.56140350877193,67.54385964912281,7.017543859649122
E00055697,207,63,22,41,144,118,26,30.434782608695656,10.628019323671497,19.806763285024154,69.56521739130434,57.00483091787439,12.560386473429952
E00055698,176,52,18,34,124,105,19,29.545454545454547,10.227272727272728,19.318181818181817,70.45454545454545,59.65909090909091,10.795454545454545
E00055699,132,34,12,22,98,90,8,25.757575757575758,9.090909090909092,16.666666666666664,74.24242424242425,68.18181818181817,6.0606060606060606
E00055700,144,49,14,35,95,84,11,34.02777777777778,9.722222222222223,24.305555555555554,65.97222222222221,58.333333333333336,7.638888888888889
E00055701,133,37,10,27,96,85,11,27.819548872180448,7.518796992481203,20.30075187969925,72.18045112781954,63.90977443609023,8.270676691729323
E00055702,306,58,23,35,248,202,46,18.954248366013072,7.516339869281046,11.437908496732026,81.04575163398692,66.01307189542483,15.032679738562091
E00055703,155,36,9,27,119,100,19,23.225806451612904,5.806451612903226,17.419354838709676,76.77419354838709,64.51612903225806,12.258064516129032
E00055704,162,55,18,37,107,94,13,33.95061728395062,11.11111111111111,22.839506172839506,66.0493827160494,58.0246913580247,8.024691358024691
E00055705,163,49,13,36,114,106,8,30.061349693251532,7.975460122699387,22.085889570552148,69.93865030674846,65.03067484662577,4.9079754601226995
E00055706,124,41,13,28,83,71,12,33.064516129032256,10.483870967741936,22.58064516129032,66.93548387096774,57.25806451612904,9.67741935483871
E00055707,167,47,10,37,120,104,16,28.143712574850298,5.9880239520958085,22.15568862275449,71.8562874251497,62.27544910179641,9.580838323353294
E00055708,102,31,7,24,71,62,9,30.392156862745097,6.862745098039216,23.52941176470588,69.6078431372549,60.78431372549019,8.823529411764707
E00055709,170,49,14,35,121,98,23,28.823529411764703,8.235294117647058,20.588235294117645,71.17647058823529,57.647058823529406,13.529411764705882
E00055710,185,47,15,32,138,115,23,25.405405405405407,8.108108108108109,17.2972972972973,74.5945945945946,62.16216216216216,12.432432432432433
E00055711,132,38,7,31,94,79,15,28.78787878787879,5.303030303030303,23.484848484848484,71.21212121212122,59.84848484848485,11.363636363636363
E00055712,168,33,7,26,135,108,27,19.642857142857142,4.166666666666666,15.476190476190476,80.35714285714286,64.28571428571429,16.071428571428573
E00055713,221,59,20,39,162,142,20,26.69683257918552,9.049773755656108,17.647058823529413,73.303167420814475,64.25339366515837,9.049773755656108
E00055714,146,50,12,38,96,87,9,34.24657534246575,8.21917808219178,26.027397260273972,65.75342465753424,59.589041095890416,6.164383561643835
E00055715,129,45,18,27,84,79,5,34.883720930232556,13.953488372093023,20.930232558139537,65.11627906976744,61.240310077519375,3.875968992248062
E00055716,179,50,19,31,129,112,17,27.932960893854748,10.614525139664805,17.318435754189945,72.06703910614524,62.56983240223464,9.497206703910614
E00055717,186,40,12,28,146,125,21,21.50537634408602,6.451612903225806,15.053763440860216,78.49462365591397,67.20430107526882,11.29032258064516
E00055718,74,29,6,23,45,34,11,39.189189189189186,8.108108108108109,31.08108108108108,60.810810810810814,45.94594594594595,14.864864864864865
E00055719,172,46,10,36,126,114,12,26.744186046511626,5.813953488372093,20.930232558139537,73.25581395348837,66.27906976744185,6.976744186046512
E00055720,155,27,13,14,128,117,11,17.419354838709676,8.38709677419355,9.032258064516128,82.58064516129032,75.48387096774194,7.096774193548387
E00055721,166,56,15,41,110,94,16,33.734939759036145,9.036144578313253,24.69879518072289,66.26506024096386,56.62650602409639,9.63855421686747
E00055722,133,36,14,22,97,86,11,27.06766917293233,10.526315789473683,16.541353383458645,72.93233082706767,64.66165413533834,8.270676691729323
E00055723,168,33,12,21,135,109,26,19.642857142857142,7.142857142857142,12.5,80.35714285714286,64.88095238095238,15.476190476190476
E00055724,118,37,10,27,81,74,7,31.35593220338983,8.47457627118644,22.88135593220339,68.64406779661016,62.71186440677966,5.932203389830509
E00055725,136,34,11,23,102,92,10,25,8.088235294117647,16.911764705882355,75,67.64705882352942,7.352941176470589
E00055726,155,41,11,30,114,103,11,26.451612903225808,7.096774193548387,19.35483870967742,73.54838709677419,66.45161290322581,7.096774193548387
E00055727,108,30,15,15,78,65,13,27.77777777777778,13.88888888888889,13.88888888888889,72.22222222222221,60.18518518518518,12.037037037037036
E00055728,96,37,7,30,59,51,8,38.54166666666667,7.291666666666667,31.25,61.458333333333336,53.125,8.333333333333332
E00055729,139,44,12,32,95,83,12,31.654676258992804,8.633093525179856,23.021582733812952,68.34532374100719,59.71223021582733,8.633093525179856
E00055730,137,34,6,28,103,91,12,24.817518248175183,4.37956204379562,20.437956204379564,75.18248175182481,66.42335766423358,8.75912408759124
E00055731,200,53,18,35,147,129,18,26.5,9,17.5,73.5,64.5,9
E00055732,166,50,19,31,116,98,18,30.120481927710845,11.44578313253012,18.67469879518072,69.87951807228916,59.036144578313255,10.843373493975903
E00055733,214,59,15,44,155,132,23,27.570093457943923,7.009345794392523,20.5607476635514,72.42990654205607,61.6822429906542,10.74766355140187
E00055734,109,33,10,23,76,62,14,30.275229357798167,9.174311926605505,21.100917431192663,69.72477064220183,56.88073394495413,12.844036697247708
E00055735,181,51,9,42,130,114,16,28.176795580110497,4.972375690607735,23.204419889502763,71.8232044198895,62.98342541436463,8.83977900552486
E00055736,157,47,14,33,110,90,20,29.936305732484076,8.9171974522293,21.019108280254777,70.06369426751591,57.324840764331206,12.738853503184714
E00055737,49,13,2,11,36,33,3,26.53061224489796,4.081632653061225,22.448979591836736,73.46938775510205,67.3469387755102,6.122448979591836
E00055738,92,25,4,21,67,59,8,27.173913043478258,4.3478260869565215,22.82608695652174,72.82608695652173,64.13043478260869,8.695652173913043
E00055739,186,63,16,47,123,110,13,33.87096774193548,8.60215053763441,25.268817204301076,66.12903225806451,59.13978494623656,6.989247311827956
E00055740,162,55,15,40,107,88,19,33.95061728395062,9.25925925925926,24.691358024691358,66.0493827160494,54.32098765432099,11.728395061728394
E00055741,121,30,6,24,91,85,6,24.793388429752067,4.958677685950414,19.834710743801654,75.20661157024794,70.24793388429752,4.958677685950414
E00055742,190,71,18,53,119,111,8,37.368421052631575,9.473684210526317,27.89473684210526,62.63157894736842,58.42105263157895,4.2105263157894735
E00055743,168,40,14,26,128,113,15,23.809523809523807,8.333333333333332,15.476190476190476,76.19047619047619,67.26190476190477,8.928571428571429
E00055744,184,44,13,31,140,123,17,23.91304347826087,7.065217391304348,16.847826086956523,76.08695652173914,66.84782608695652,9.239130434782608
E00055745,94,26,8,18,68,62,6,27.659574468085108,8.51063829787234,19.148936170212767,72.3404255319149,65.95744680851064,6.382978723404255
E00055746,159,43,7,36,116,103,13,27.044025157232703,4.40251572327044,22.641509433962266,72.95597484276729,64.77987421383648,8.176100628930817
E00055747,100,32,9,23,68,59,9,32,9,23,68,59,9
E00055748,100,16,5,11,84,79,5,16,5,11,84,79,5
E00055749,138,42,14,28,96,80,16,30.434782608695656,10.144927536231885,20.28985507246377,69.56521739130434,57.971014492753625,11.594202898550725
E00055750,179,51,13,38,128,110,18,28.49162011173184,7.262569832402235,21.22905027932961,71.50837988826815,61.452513966480446,10.05586592178771
E00055751,124,31,8,23,93,86,7,25,6.451612903225806,18.548387096774192,75,69.35483870967742,5.64516129032258
E00055752,162,46,17,29,116,103,13,28.39506172839506,10.493827160493826,17.901234567901234,71.60493827160494,63.580246913580254,8.024691358024691
E00055753,103,25,7,18,78,71,7,24.271844660194176,6.796116504854369,17.475728155339805,75.72815533980582,68.93203883495146,6.796116504854369
E00055754,131,46,11,35,85,78,7,35.11450381679389,8.396946564885496,26.717557251908396,64.8854961832061,59.541984732824424,5.343511450381679
E00055755,120,24,7,17,96,82,14,20,5.833333333333333,14.166666666666666,80,68.33333333333333,11.666666666666666
E00055756,167,34,12,22,133,119,14,20.359281437125748,7.18562874251497,13.17365269461078,79.64071856287424,71.25748502994011,8.383233532934131
E00055757,107,24,5,19,83,75,8,22.429906542056074,4.672897196261682,17.75700934579439,77.57009345794393,70.09345794392523,7.476635514018691
E00055758,82,28,4,24,54,51,3,34.146341463414636,4.878048780487805,29.268292682926827,65.85365853658537,62.19512195121951,3.6585365853658534
E00055759,157,52,11,41,105,94,11,33.12101910828025,7.006369426751593,26.11464968152866,66.87898089171973,59.87261146496815,7.006369426751593
E00055760,207,53,16,37,154,134,20,25.60386473429952,7.729468599033816,17.874396135265698,74.39613526570048,64.73429951690821,9.66183574879227
E00055761,182,33,9,24,149,125,24,18.13186813186813,4.945054945054945,13.186813186813188,81.86813186813187,68.68131868131869,13.186813186813188
E00055762,146,41,11,30,105,95,10,28.08219178082192,7.534246575342466,20.54794520547945,71.91780821917808,65.06849315068493,6.8493150684931505
E00055763,141,44,21,23,97,75,22,31.20567375886525,14.893617021276595,16.312056737588655,68.79432624113475,53.191489361702125,15.602836879432624
E00055764,188,57,15,42,131,117,14,30.319148936170215,7.9787234042553195,22.340425531914892,69.68085106382979,62.23404255319149,7.446808510638298
E00055765,156,41,13,28,115,100,15,26.282051282051285,8.333333333333332,17.94871794871795,73.71794871794873,64.1025641025641,9.615384615384617
E00055766,55,15,3,12,40,38,2,27.27272727272727,5.454545454545454,21.818181818181817,72.72727272727273,69.0909090909091,3.6363636363636362
E00055767,148,35,11,24,113,103,10,23.64864864864865,7.4324324324324325,16.216216216216218,76.35135135135135,69.5945945945946,6.756756756756757
E00055768,110,29,12,17,81,71,10,26.36363636363636,10.909090909090908,15.454545454545453,73.63636363636363,64.54545454545455,9.090909090909092
E00055769,159,38,11,27,121,110,11,23.89937106918239,6.918238993710692,16.9811320754717,76.10062893081762,69.18238993710692,6.918238993710692
E00055771,142,33,10,23,109,100,9,23.239436619718308,7.042253521126761,16.19718309859155,76.76056338028168,70.4225352112676,6.338028169014084
E00055772,150,45,12,33,105,88,17,30,8,22,70,58.666666666666664,11.333333333333332
E00055773,114,38,16,22,76,67,9,33.33333333333333,14.035087719298245,19.298245614035086,66.66666666666666,58.77192982456141,7.894736842105263
E00055774,119,40,11,29,79,68,11,33.61344537815126,9.243697478991598,24.369747899159663,66.38655462184873,57.14285714285714,9.243697478991598
E00055775,148,54,14,40,94,78,16,36.486486486486484,9.45945945945946,27.027027027027028,63.51351351351351,52.702702702702695,10.81081081081081
E00055776,228,44,14,30,184,154,30,19.298245614035086,6.140350877192982,13.157894736842104,80.7017543859649,67.54385964912281,13.157894736842104
E00055777,164,52,12,40,112,94,18,31.70731707317073,7.317073170731707,24.390243902439025,68.29268292682927,57.3170731707317,10.975609756097562
E00055778,95,30,9,21,65,59,6,31.57894736842105,9.473684210526317,22.105263157894736,68.42105263157895,62.10526315789474,6.315789473684211
E00055779,167,40,11,29,127,108,19,23.952095808383234,6.58682634730539,17.365269461077844,76.04790419161677,64.67065868263472,11.377245508982035
E00055780,185,56,14,42,129,101,28,30.270270270270274,7.567567567567568,22.702702702702705,69.72972972972973,54.59459459459459,15.135135135135137
E00055781,125,35,9,26,90,81,9,28.000000000000004,7.199999999999999,20.8,72,64.8,7.199999999999999
E00055783,166,43,6,37,123,109,14,25.903614457831324,3.614457831325301,22.289156626506024,74.09638554216868,65.66265060240963,8.433734939759036
E00055784,147,34,17,17,113,92,21,23.12925170068027,11.564625850340136,11.564625850340136,76.87074829931973,62.585034013605444,14.285714285714285
E00055785,223,56,18,38,167,129,38,25.112107623318387,8.071748878923767,17.040358744394617,74.88789237668162,57.847533632286996,17.040358744394617
E00055786,118,36,11,25,82,68,14,30.508474576271187,9.322033898305085,21.1864406779661,69.49152542372882,57.6271186440678,11.864406779661017
E00055787,176,48,10,38,128,121,7,27.27272727272727,5.681818181818182,21.59090909090909,72.72727272727273,68.75,3.977272727272727
E00055788,189,49,15,34,140,120,20,25.925925925925924,7.936507936507936,17.989417989417987,74.07407407407408,63.49206349206349,10.582010582010582
E00055789,219,64,19,45,155,134,21,29.22374429223744,8.67579908675799,20.54794520547945,70.77625570776256,61.18721461187214,9.58904109589041
E00055790,198,62,21,41,136,123,13,31.313131313131315,10.606060606060606,20.707070707070706,68.68686868686868,62.121212121212125,6.565656565656567
E00055791,214,69,23,46,145,131,14,32.242990654205606,10.74766355140187,21.49532710280374,67.7570093457944,61.21495327102804,6.5420560747663545
E00055792,114,39,8,31,75,65,10,34.21052631578947,7.017543859649122,27.192982456140353,65.78947368421053,57.01754385964912,8.771929824561402
E00055793,133,45,15,30,88,80,8,33.83458646616541,11.278195488721805,22.55639097744361,66.16541353383458,60.150375939849624,6.015037593984962
E00055794,132,39,15,24,93,82,11,29.545454545454547,11.363636363636363,18.181818181818183,70.45454545454545,62.121212121212125,8.333333333333332
E00055795,179,60,23,37,119,92,27,33.5195530726257,12.849162011173185,20.670391061452513,66.4804469273743,51.39664804469274,15.083798882681565
E00055796,163,42,8,34,121,108,13,25.766871165644172,4.9079754601226995,20.858895705521473,74.23312883435584,66.25766871165644,7.975460122699387
E00055797,183,53,19,34,130,121,9,28.96174863387978,10.382513661202186,18.579234972677597,71.03825136612022,66.12021857923497,4.918032786885246
E00055798,169,54,14,40,115,97,18,31.952662721893493,8.284023668639055,23.668639053254438,68.04733727810651,57.396449704142015,10.650887573964498
E00055799,198,51,15,36,147,137,10,25.757575757575758,7.575757575757576,18.181818181818183,74.24242424242425,69.1919191919192,5.05050505050505
E00055800,217,64,20,44,153,137,16,29.493087557603687,9.216589861751153,20.276497695852534,70.50691244239631,63.133640552995395,7.373271889400922
E00055801,151,37,16,21,114,104,10,24.503311258278146,10.596026490066226,13.90728476821192,75.49668874172185,68.87417218543047,6.622516556291391
E00055802,152,55,22,33,97,87,10,36.18421052631579,14.473684210526317,21.710526315789476,63.81578947368421,57.23684210526315,6.578947368421052
E00055803,130,49,19,30,81,62,19,37.69230769230769,14.615384615384617,23.076923076923077,62.30769230769231,47.69230769230769,14.615384615384617
E00055804,125,32,12,20,93,82,11,25.6,9.6,16,74.4,65.60000000000001,8.799999999999999
E00055805,147,35,12,23,112,98,14,23.809523809523807,8.16326530612245,15.646258503401361,76.19047619047619,66.66666666666666,9.523809523809524
E00055806,262,60,20,40,202,182,20,22.900763358778626,7.633587786259542,15.267175572519085,77.09923664122137,69.46564885496184,7.633587786259542
E00055807,107,32,16,16,75,62,13,29.906542056074763,14.953271028037381,14.953271028037381,70.09345794392523,57.943925233644855,12.149532710280374
E00055808,152,46,14,32,106,94,12,30.263157894736842,9.210526315789473,21.052631578947366,69.73684210526315,61.8421052631579,7.894736842105263
E00055809,129,40,10,30,89,74,15,31.007751937984494,7.751937984496124,23.25581395348837,68.9922480620155,57.36434108527132,11.627906976744185
E00055810,135,36,11,25,99,89,10,26.666666666666668,8.148148148148149,18.51851851851852,73.33333333333333,65.92592592592592,7.4074074074074066
E00055811,129,44,19,25,85,77,8,34.10852713178294,14.728682170542637,19.379844961240313,65.89147286821705,59.68992248062015,6.2015503875969
E00055812,123,48,16,32,75,70,5,39.02439024390244,13.008130081300814,26.01626016260163,60.97560975609756,56.91056910569105,4.0650406504065035
E00055813,97,22,6,16,75,70,5,22.68041237113402,6.185567010309279,16.49484536082474,77.31958762886599,72.16494845360825,5.154639175257731
E00055814,187,55,13,42,132,112,20,29.411764705882355,6.951871657754011,22.459893048128343,70.58823529411765,59.893048128342244,10.695187165775401
E00055815,70,24,7,17,46,43,3,34.285714285714285,10,24.285714285714285,65.71428571428571,61.42857142857143,4.285714285714286
E00055816,165,39,10,29,126,115,11,23.636363636363637,6.0606060606060606,17.575757575757574,76.36363636363637,69.6969696969697,6.666666666666667
E00055817,198,61,17,44,137,120,17,30.808080808080806,8.585858585858585,22.22222222222222,69.1919191919192,60.60606060606061,8.585858585858585
E00055818,208,62,22,40,146,131,15,29.807692307692307,10.576923076923077,19.230769230769234,70.1923076923077,62.980769230769226,7.211538461538461
E00055819,113,40,19,21,73,63,10,35.39823008849557,16.8141592920354,18.58407079646018,64.60176991150442,55.75221238938053,8.849557522123893
E00055820,230,68,26,42,162,120,42,29.565217391304348,11.304347826086957,18.26086956521739,70.43478260869566,52.17391304347826,18.26086956521739
E00055821,168,46,18,28,122,109,13,27.380952380952383,10.714285714285714,16.666666666666664,72.61904761904762,64.88095238095238,7.738095238095238
E00055822,140,37,16,21,103,88,15,26.42857142857143,11.428571428571429,15,73.57142857142858,62.857142857142854,10.714285714285714
E00055823,134,42,19,23,92,80,12,31.343283582089555,14.17910447761194,17.16417910447761,68.65671641791045,59.70149253731343,8.955223880597014
E00055824,125,41,12,29,84,69,15,32.800000000000004,9.6,23.200000000000003,67.2,55.2,12
E00055825,98,33,11,22,65,51,14,33.6734693877551,11.224489795918368,22.448979591836736,66.3265306122449,52.04081632653062,14.285714285714285
E00055826,173,52,12,40,121,107,14,30.057803468208093,6.9364161849710975,23.121387283236995,69.94219653179191,61.849710982658955,8.092485549132949
E00055827,145,38,11,27,107,99,8,26.20689655172414,7.586206896551724,18.620689655172416,73.79310344827587,68.27586206896552,5.517241379310345
E00055828,210,72,23,49,138,123,15,34.285714285714285,10.952380952380953,23.333333333333332,65.71428571428571,58.57142857142858,7.142857142857142
E00055829,133,39,14,25,94,82,12,29.32330827067669,10.526315789473683,18.796992481203006,70.67669172932331,61.65413533834586,9.022556390977442
E00055830,142,72,17,55,70,61,9,50.70422535211267,11.971830985915492,38.732394366197184,49.29577464788733,42.95774647887324,6.338028169014084
E00055831,132,43,16,27,89,80,9,32.57575757575758,12.121212121212121,20.454545454545457,67.42424242424242,60.60606060606061,6.8181818181818175
E00055832,106,33,8,25,73,63,10,31.132075471698112,7.547169811320755,23.58490566037736,68.86792452830188,59.43396226415094,9.433962264150944
E00055833,150,54,14,40,96,79,17,36,9.333333333333334,26.666666666666668,64,52.666666666666664,11.333333333333332
E00055834,162,55,19,36,107,93,14,33.95061728395062,11.728395061728394,22.22222222222222,66.0493827160494,57.407407407407405,8.641975308641975
E00055835,129,51,14,37,78,72,6,39.53488372093023,10.852713178294573,28.68217054263566,60.46511627906976,55.81395348837209,4.651162790697675
E00055836,129,58,12,46,71,69,2,44.96124031007752,9.30232558139535,35.65891472868217,55.03875968992248,53.48837209302325,1.550387596899225
E00055837,118,43,11,32,75,73,2,36.440677966101696,9.322033898305085,27.11864406779661,63.559322033898304,61.86440677966102,1.694915254237288
E00055838,135,49,17,32,86,78,8,36.2962962962963,12.592592592592592,23.703703703703706,63.70370370370371,57.77777777777777,5.9259259259259265
E00055839,118,31,8,23,87,77,10,26.27118644067797,6.779661016949152,19.491525423728813,73.72881355932203,65.2542372881356,8.47457627118644
E00055840,101,33,6,27,68,60,8,32.67326732673268,5.9405940594059405,26.732673267326735,67.32673267326733,59.4059405940594,7.920792079207921
E00055841,120,47,13,34,73,66,7,39.166666666666664,10.833333333333334,28.333333333333332,60.83333333333333,55.00000000000001,5.833333333333333
E00055842,58,31,14,17,27,27,0,53.44827586206896,24.137931034482758,29.310344827586203,46.55172413793103,46.55172413793103,0
E00055843,122,41,18,23,81,74,7,33.60655737704918,14.754098360655737,18.852459016393443,66.39344262295081,60.65573770491803,5.737704918032787
E00055844,130,45,14,31,85,73,12,34.61538461538461,10.76923076923077,23.846153846153847,65.38461538461539,56.15384615384615,9.230769230769232
E00055845,151,64,14,50,87,80,7,42.384105960264904,9.271523178807946,33.11258278145696,57.615894039735096,52.980132450331126,4.635761589403973
E00055846,113,43,14,29,70,62,8,38.05309734513274,12.389380530973451,25.663716814159294,61.94690265486725,54.86725663716814,7.079646017699115
E00055847,153,48,15,33,105,96,9,31.372549019607842,9.803921568627452,21.568627450980394,68.62745098039215,62.745098039215684,5.88235294117647
E00055848,129,51,12,39,78,72,6,39.53488372093023,9.30232558139535,30.23255813953488,60.46511627906976,55.81395348837209,4.651162790697675
E00055849,87,31,7,24,56,46,10,35.63218390804598,8.045977011494253,27.586206896551722,64.36781609195403,52.87356321839081,11.494252873563218
E00055850,221,72,17,55,149,131,18,32.57918552036199,7.6923076923076925,24.8868778280543,67.42081447963801,59.276018099547514,8.144796380090497
E00055851,120,52,10,42,68,60,8,43.333333333333336,8.333333333333332,35,56.666666666666664,50,6.666666666666667
E00055852,134,45,8,37,89,78,11,33.582089552238806,5.970149253731343,27.611940298507463,66.4179104477612,58.2089552238806,8.208955223880597
E00055853,111,57,13,44,54,45,9,51.35135135135135,11.711711711711711,39.63963963963964,48.64864864864865,40.54054054054054,8.108108108108109
E00055854,123,44,11,33,79,76,3,35.77235772357724,8.94308943089431,26.82926829268293,64.22764227642277,61.78861788617886,2.4390243902439024
E00055855,116,46,14,32,70,60,10,39.6551724137931,12.068965517241379,27.586206896551722,60.3448275862069,51.724137931034484,8.620689655172415
E00055856,115,43,17,26,72,67,5,37.391304347826086,14.782608695652174,22.608695652173914,62.60869565217392,58.26086956521739,4.3478260869565215
E00055857,180,51,14,37,129,117,12,28.333333333333332,7.777777777777778,20.555555555555554,71.66666666666667,65,6.666666666666667
E00055858,115,34,7,27,81,68,13,29.565217391304348,6.086956521739131,23.47826086956522,70.43478260869566,59.130434782608695,11.304347826086957
E00055859,110,50,15,35,60,57,3,45.45454545454545,13.636363636363635,31.818181818181817,54.54545454545454,51.81818181818182,2.727272727272727
E00055860,88,34,10,24,54,52,2,38.63636363636363,11.363636363636363,27.27272727272727,61.36363636363637,59.09090909090909,2.272727272727273
E00055861,129,38,16,22,91,70,21,29.457364341085274,12.4031007751938,17.05426356589147,70.54263565891473,54.263565891472865,16.27906976744186
E00055862,132,44,14,30,88,75,13,33.33333333333333,10.606060606060606,22.727272727272727,66.66666666666666,56.81818181818182,9.848484848484848
E00055863,88,22,2,20,66,59,7,25,2.272727272727273,22.727272727272727,75,67.04545454545455,7.954545454545454
E00055864,160,42,13,29,118,103,15,26.25,8.125,18.125,73.75,64.375,9.375
E00055865,73,20,2,18,53,43,10,27.397260273972602,2.73972602739726,24.65753424657534,72.6027397260274,58.9041095890411,13.698630136986301
E00055866,45,15,7,8,30,20,10,33.33333333333333,15.555555555555555,17.77777777777778,66.66666666666666,44.44444444444444,22.22222222222222
E00055867,85,25,5,20,60,52,8,29.411764705882355,5.88235294117647,23.52941176470588,70.58823529411765,61.1764705882353,9.411764705882353
E00055868,91,24,12,12,67,56,11,26.373626373626376,13.186813186813188,13.186813186813188,73.62637362637363,61.53846153846154,12.087912087912088
E00055869,151,43,14,29,108,94,14,28.47682119205298,9.271523178807946,19.205298013245034,71.52317880794702,62.251655629139066,9.271523178807946
E00055870,135,50,29,21,85,71,14,37.03703703703704,21.48148148148148,15.555555555555555,62.96296296296296,52.59259259259259,10.37037037037037
E00055871,128,34,11,23,94,76,18,26.5625,8.59375,17.96875,73.4375,59.375,14.0625
E00055872,83,27,8,19,56,52,4,32.53012048192771,9.63855421686747,22.89156626506024,67.46987951807229,62.65060240963856,4.819277108433735
E00055873,174,55,19,36,119,90,29,31.60919540229885,10.919540229885058,20.689655172413794,68.39080459770115,51.724137931034484,16.666666666666664
E00055874,79,22,7,15,57,56,1,27.848101265822784,8.860759493670885,18.9873417721519,72.15189873417721,70.88607594936708,1.2658227848101267
E00055875,110,42,11,31,68,65,3,38.18181818181819,10,28.18181818181818,61.81818181818181,59.09090909090909,2.727272727272727
E00055876,148,59,14,45,89,84,5,39.86486486486486,9.45945945945946,30.405405405405407,60.13513513513513,56.75675675675676,3.3783783783783785
E00055877,136,52,15,37,84,77,7,38.23529411764706,11.029411764705882,27.205882352941174,61.76470588235294,56.61764705882353,5.147058823529411
E00055878,119,57,24,33,62,56,6,47.89915966386555,20.168067226890756,27.73109243697479,52.10084033613446,47.05882352941176,5.042016806722689
E00055879,136,42,11,31,94,83,11,30.88235294117647,8.088235294117647,22.794117647058822,69.11764705882352,61.029411764705884,8.088235294117647
E00055880,169,71,26,45,98,91,7,42.01183431952663,15.384615384615385,26.627218934911244,57.98816568047337,53.84615384615385,4.142011834319527
E00055881,138,61,19,42,77,70,7,44.20289855072464,13.768115942028986,30.434782608695656,55.79710144927537,50.72463768115942,5.072463768115942
E00055882,91,35,17,18,56,51,5,38.46153846153847,18.681318681318682,19.78021978021978,61.53846153846154,56.043956043956044,5.4945054945054945
E00055883,109,55,16,39,54,48,6,50.45871559633027,14.678899082568808,35.77981651376147,49.54128440366973,44.03669724770643,5.5045871559633035
E00055884,135,41,8,33,94,85,9,30.37037037037037,5.9259259259259265,24.444444444444443,69.62962962962963,62.96296296296296,6.666666666666667
E00055885,203,78,16,62,125,115,10,38.42364532019704,7.8817733990147785,30.541871921182267,61.57635467980296,56.65024630541872,4.926108374384237
E00055886,134,60,16,44,74,65,9,44.776119402985074,11.940298507462686,32.83582089552239,55.223880597014926,48.507462686567166,6.7164179104477615
E00055887,36,11,4,7,25,25,0,30.555555555555557,11.11111111111111,19.444444444444446,69.44444444444444,69.44444444444444,0
E00055888,149,60,14,46,89,82,7,40.26845637583892,9.395973154362416,30.87248322147651,59.73154362416108,55.033557046979865,4.697986577181208
E00055889,160,54,18,36,106,100,6,33.75,11.25,22.5,66.25,62.5,3.75
E00055890,118,35,10,25,83,74,9,29.66101694915254,8.47457627118644,21.1864406779661,70.33898305084746,62.71186440677966,7.627118644067797
E00055891,98,36,14,22,62,56,6,36.734693877551024,14.285714285714285,22.448979591836736,63.26530612244898,57.14285714285714,6.122448979591836
E00055892,106,48,15,33,58,48,10,45.28301886792453,14.150943396226415,31.132075471698112,54.71698113207547,45.28301886792453,9.433962264150944
E00055893,124,36,6,30,88,82,6,29.03225806451613,4.838709677419355,24.193548387096776,70.96774193548387,66.12903225806451,4.838709677419355
E00055894,183,68,18,50,115,99,16,37.15846994535519,9.836065573770492,27.322404371584703,62.841530054644814,54.09836065573771,8.743169398907105
E00055895,111,34,9,25,77,72,5,30.630630630630627,8.108108108108109,22.52252252252252,69.36936936936937,64.86486486486487,4.504504504504505
E00055896,90,25,6,19,65,58,7,27.77777777777778,6.666666666666667,21.11111111111111,72.22222222222221,64.44444444444444,7.777777777777778
E00055897,146,41,7,34,105,90,15,28.08219178082192,4.794520547945205,23.28767123287671,71.91780821917808,61.64383561643836,10.273972602739725
E00055898,127,39,9,30,88,84,4,30.708661417322837,7.086614173228346,23.62204724409449,69.29133858267717,66.14173228346458,3.149606299212598
E00055899,125,34,5,29,91,83,8,27.200000000000003,4,23.200000000000003,72.8,66.4,6.4
E00055900,104,40,11,29,64,59,5,38.46153846153847,10.576923076923077,27.884615384615387,61.53846153846154,56.730769230769226,4.807692307692308
E00055901,135,44,11,33,91,83,8,32.592592592592595,8.148148148148149,24.444444444444443,67.4074074074074,61.48148148148148,5.9259259259259265
E00055902,154,53,16,37,101,95,6,34.41558441558442,10.38961038961039,24.025974025974026,65.5844155844156,61.68831168831169,3.896103896103896
E00055903,151,39,7,32,112,92,20,25.82781456953642,4.635761589403973,21.192052980132452,74.17218543046357,60.9271523178808,13.245033112582782
E00055904,65,16,9,7,49,46,3,24.615384615384617,13.846153846153847,10.76923076923077,75.38461538461539,70.76923076923077,4.615384615384616
E00055905,111,36,19,17,75,68,7,32.432432432432435,17.117117117117118,15.315315315315313,67.56756756756756,61.261261261261254,6.306306306306306
E00055906,159,50,18,32,109,100,9,31.446540880503143,11.320754716981133,20.125786163522015,68.55345911949685,62.893081761006286,5.660377358490567
E00055907,158,48,14,34,110,98,12,30.37974683544304,8.860759493670885,21.518987341772153,69.62025316455697,62.0253164556962,7.59493670886076
E00055908,113,49,15,34,64,57,7,43.36283185840708,13.274336283185843,30.08849557522124,56.63716814159292,50.442477876106196,6.1946902654867255
E00055909,123,34,9,25,89,84,5,27.64227642276423,7.317073170731707,20.32520325203252,72.35772357723577,68.29268292682927,4.0650406504065035
E00055910,171,56,10,46,115,102,13,32.748538011695906,5.847953216374268,26.900584795321635,67.2514619883041,59.64912280701754,7.602339181286549
E00055911,124,41,6,35,83,70,13,33.064516129032256,4.838709677419355,28.225806451612907,66.93548387096774,56.451612903225815,10.483870967741936
E00055912,160,48,16,32,112,96,16,30,10,20,70,60,10
E00055913,104,35,13,22,69,63,6,33.65384615384615,12.5,21.153846153846153,66.34615384615384,60.57692307692307,5.769230769230769
E00055914,106,31,13,18,75,66,9,29.245283018867923,12.264150943396226,16.9811320754717,70.75471698113208,62.264150943396224,8.49056603773585
E00055915,172,61,24,37,111,90,21,35.46511627906977,13.953488372093023,21.511627906976745,64.53488372093024,52.32558139534884,12.209302325581394
E00055916,177,59,25,34,118,102,16,33.33333333333333,14.124293785310735,19.2090395480226,66.66666666666666,57.6271186440678,9.03954802259887
E00055917,136,34,11,23,102,91,11,25,8.088235294117647,16.911764705882355,75,66.91176470588235,8.088235294117647
E00055918,91,45,14,31,46,42,4,49.45054945054945,15.384615384615385,34.065934065934066,50.54945054945055,46.15384615384615,4.395604395604396
E00055919,73,27,7,20,46,40,6,36.986301369863014,9.58904109589041,27.397260273972602,63.013698630136986,54.794520547945204,8.21917808219178
E00055920,115,38,9,29,77,68,9,33.04347826086956,7.82608695652174,25.217391304347824,66.95652173913044,59.130434782608695,7.82608695652174
E00055921,156,58,13,45,98,89,9,37.17948717948718,8.333333333333332,28.846153846153843,62.82051282051282,57.05128205128205,5.769230769230769
E00055922,114,34,9,25,80,71,9,29.82456140350877,7.894736842105263,21.929824561403507,70.17543859649122,62.28070175438597,7.894736842105263
E00055923,162,43,9,34,119,106,13,26.543209876543212,5.555555555555555,20.98765432098765,73.4567901234568,65.4320987654321,8.024691358024691
E00055924,144,37,11,26,107,94,13,25.694444444444443,7.638888888888889,18.055555555555554,74.30555555555556,65.27777777777779,9.027777777777777
E00055925,97,42,13,29,55,40,15,43.29896907216495,13.402061855670103,29.896907216494846,56.70103092783505,41.23711340206185,15.463917525773196
E00055926,146,43,10,33,103,81,22,29.45205479452055,6.8493150684931505,22.602739726027394,70.54794520547945,55.47945205479452,15.068493150684931
E00055927,126,42,14,28,84,68,16,33.33333333333333,11.11111111111111,22.22222222222222,66.66666666666666,53.96825396825397,12.698412698412698
E00055928,104,24,10,14,80,56,24,23.076923076923077,9.615384615384617,13.461538461538462,76.92307692307693,53.84615384615385,23.076923076923077
E00055929,142,41,7,34,101,88,13,28.87323943661972,4.929577464788732,23.943661971830984,71.12676056338029,61.97183098591549,9.15492957746479
E00055930,105,27,8,19,78,71,7,25.71428571428571,7.6190476190476195,18.095238095238095,74.28571428571429,67.61904761904762,6.666666666666667
E00055931,160,38,12,26,122,100,22,23.75,7.5,16.25,76.25,62.5,13.750000000000002
E00055932,100,38,11,27,62,48,14,38,11,27,62,48,14.000000000000002
E00055933,107,40,8,32,67,60,7,37.38317757009346,7.476635514018691,29.906542056074763,62.616822429906534,56.074766355140184,6.5420560747663545
E00055934,135,45,13,32,90,72,18,33.33333333333333,9.62962962962963,23.703703703703706,66.66666666666666,53.333333333333336,13.333333333333334
E00055935,110,18,7,11,92,75,17,16.363636363636363,6.363636363636363,10,83.63636363636363,68.18181818181817,15.454545454545453
E00055936,124,30,9,21,94,79,15,24.193548387096776,7.258064516129033,16.93548387096774,75.80645161290323,63.70967741935484,12.096774193548388
E00055937,111,34,14,20,77,66,11,30.630630630630627,12.612612612612612,18.01801801801802,69.36936936936937,59.45945945945946,9.90990990990991
E00055938,100,34,16,18,66,52,14,34,16,18,66,52,14.000000000000002
E00055939,137,42,18,24,95,85,10,30.656934306569344,13.138686131386862,17.51824817518248,69.34306569343066,62.04379562043796,7.2992700729927
E00055940,98,25,7,18,73,64,9,25.510204081632654,7.142857142857142,18.367346938775512,74.48979591836735,65.3061224489796,9.183673469387756
E00055941,112,31,11,20,81,73,8,27.67857142857143,9.821428571428571,17.857142857142858,72.32142857142857,65.17857142857143,7.142857142857142
E00055942,90,25,7,18,65,63,2,27.77777777777778,7.777777777777778,20,72.22222222222221,70,2.2222222222222223
E00055943,100,43,10,33,57,53,4,43,10,33,56.99999999999999,53,4
E00055944,164,57,21,36,107,97,10,34.756097560975604,12.804878048780488,21.951219512195124,65.2439024390244,59.14634146341463,6.097560975609756
E00055945,164,56,22,34,108,97,11,34.146341463414636,13.414634146341465,20.73170731707317,65.85365853658537,59.14634146341463,6.707317073170732
E00055946,135,31,11,20,104,89,15,22.962962962962962,8.148148148148149,14.814814814814813,77.03703703703704,65.92592592592592,11.11111111111111
E00055947,140,27,10,17,113,103,10,19.28571428571429,7.142857142857142,12.142857142857142,80.71428571428572,73.57142857142858,7.142857142857142
E00055948,220,66,25,41,154,132,22,30,11.363636363636363,18.636363636363637,70,60,10
E00055949,151,47,14,33,104,92,12,31.125827814569533,9.271523178807946,21.85430463576159,68.87417218543047,60.9271523178808,7.9470198675496695
E00055950,108,29,8,21,79,71,8,26.851851851851855,7.4074074074074066,19.444444444444446,73.14814814814815,65.74074074074075,7.4074074074074066
E00055951,100,30,8,22,70,57,13,30,8,22,70,56.99999999999999,13
E00055952,114,35,8,27,79,72,7,30.701754385964914,7.017543859649122,23.684210526315788,69.2982456140351,63.1578947368421,6.140350877192982
E00055953,114,30,6,24,84,77,7,26.31578947368421,5.263157894736842,21.052631578947366,73.68421052631578,67.54385964912281,6.140350877192982
E00055954,91,32,8,24,59,48,11,35.16483516483517,8.791208791208792,26.373626373626376,64.83516483516483,52.74725274725275,12.087912087912088
E00055955,105,35,13,22,70,66,4,33.33333333333333,12.380952380952381,20.952380952380953,66.66666666666666,62.857142857142854,3.8095238095238098
E00055956,98,31,7,24,67,64,3,31.63265306122449,7.142857142857142,24.489795918367346,68.36734693877551,65.3061224489796,3.061224489795918
E00055957,176,57,14,43,119,108,11,32.38636363636363,7.954545454545454,24.431818181818183,67.61363636363636,61.36363636363637,6.25
E00055958,122,43,8,35,79,72,7,35.24590163934426,6.557377049180328,28.688524590163933,64.75409836065575,59.01639344262295,5.737704918032787
E00055959,121,45,13,32,76,70,6,37.1900826446281,10.743801652892563,26.446280991735538,62.8099173553719,57.85123966942148,4.958677685950414
E00055960,95,27,14,13,68,57,11,28.421052631578945,14.736842105263156,13.684210526315791,71.57894736842105,60,11.578947368421053
E00055961,221,57,12,45,164,132,32,25.791855203619914,5.429864253393665,20.361990950226243,74.2081447963801,59.72850678733032,14.479638009049776
E00055962,127,38,15,23,89,78,11,29.92125984251969,11.811023622047244,18.11023622047244,70.07874015748031,61.417322834645674,8.661417322834646
E00055963,95,31,7,24,64,59,5,32.631578947368425,7.368421052631578,25.263157894736842,67.36842105263158,62.10526315789474,5.263157894736842
E00055964,127,49,16,33,78,68,10,38.582677165354326,12.598425196850393,25.984251968503933,61.417322834645674,53.54330708661418,7.874015748031496
E00055965,103,34,8,26,69,59,10,33.00970873786408,7.766990291262135,25.24271844660194,66.99029126213593,57.28155339805825,9.70873786407767
E00055967,246,71,21,50,175,161,14,28.86178861788618,8.536585365853659,20.32520325203252,71.13821138211382,65.4471544715447,5.691056910569105
E00055968,78,32,8,24,46,43,3,41.02564102564102,10.256410256410255,30.76923076923077,58.97435897435898,55.12820512820513,3.8461538461538463
E00055969,100,33,10,23,67,64,3,33,10,23,67,64,3
E00055970,171,60,21,39,111,98,13,35.08771929824561,12.280701754385964,22.807017543859647,64.91228070175438,57.30994152046783,7.602339181286549
E00055971,113,42,8,34,71,63,8,37.16814159292036,7.079646017699115,30.08849557522124,62.83185840707964,55.75221238938053,7.079646017699115
E00055972,121,44,14,30,77,70,7,36.36363636363637,11.570247933884298,24.793388429752067,63.63636363636363,57.85123966942148,5.785123966942149
E00055973,118,48,14,34,70,60,10,40.67796610169492,11.864406779661017,28.8135593220339,59.32203389830508,50.847457627118644,8.47457627118644
E00055974,119,53,21,32,66,65,1,44.537815126050425,17.647058823529413,26.89075630252101,55.46218487394958,54.621848739495796,0.8403361344537815
E00055975,106,32,8,24,74,68,6,30.18867924528302,7.547169811320755,22.641509433962266,69.81132075471697,64.15094339622641,5.660377358490567
E00055976,129,34,10,24,95,87,8,26.356589147286826,7.751937984496124,18.6046511627907,73.64341085271317,67.44186046511628,6.2015503875969
E00055977,112,31,8,23,81,74,7,27.67857142857143,7.142857142857142,20.535714285714285,72.32142857142857,66.07142857142857,6.25
E00055978,128,49,17,32,79,76,3,38.28125,13.28125,25,61.71875,59.375,2.34375
E00055979,140,44,16,28,96,88,8,31.428571428571427,11.428571428571429,20,68.57142857142857,62.857142857142854,5.714285714285714
E00055980,117,37,11,26,80,75,5,31.62393162393162,9.401709401709402,22.22222222222222,68.37606837606837,64.1025641025641,4.273504273504273
E00055981,87,25,12,13,62,55,7,28.735632183908045,13.793103448275861,14.942528735632186,71.26436781609196,63.2183908045977,8.045977011494253
E00055982,178,81,28,53,97,89,8,45.50561797752809,15.730337078651685,29.775280898876407,54.49438202247191,50,4.49438202247191
E00055984,150,36,12,24,114,91,23,24,8,16,76,60.66666666666667,15.333333333333332
E00055985,139,35,11,24,104,90,14,25.179856115107913,7.913669064748201,17.26618705035971,74.82014388489209,64.74820143884892,10.071942446043165
E00055986,158,47,15,32,111,86,25,29.746835443037973,9.49367088607595,20.253164556962027,70.25316455696202,54.43037974683544,15.822784810126583
E00055987,161,46,15,31,115,105,10,28.57142857142857,9.316770186335404,19.25465838509317,71.42857142857143,65.21739130434783,6.211180124223603
E00055988,230,56,21,35,174,138,36,24.347826086956523,9.130434782608695,15.217391304347828,75.65217391304347,60,15.65217391304348
E00055989,112,37,17,20,75,62,13,33.035714285714285,15.178571428571427,17.857142857142858,66.96428571428571,55.35714285714286,11.607142857142858
E00055990,75,13,4,9,62,50,12,17.333333333333336,5.333333333333334,12,82.66666666666667,66.66666666666666,16
E00055991,148,37,8,29,111,100,11,25,5.405405405405405,19.594594594594593,75,67.56756756756756,7.4324324324324325
E00055992,257,74,24,50,183,148,35,28.793774319066145,9.33852140077821,19.45525291828794,71.20622568093385,57.58754863813229,13.618677042801556
E00055993,175,55,15,40,120,105,15,31.428571428571427,8.571428571428571,22.857142857142858,68.57142857142857,60,8.571428571428571
E00055994,144,36,12,24,108,88,20,25,8.333333333333332,16.666666666666664,75,61.111111111111114,13.88888888888889
E00055995,199,45,17,28,154,134,20,22.613065326633166,8.542713567839195,14.07035175879397,77.38693467336684,67.33668341708542,10.050251256281408
E00055996,169,55,23,32,114,102,12,32.544378698224854,13.609467455621301,18.93491124260355,67.45562130177515,60.35502958579882,7.100591715976331
E00055997,168,44,21,23,124,107,17,26.190476190476193,12.5,13.690476190476192,73.80952380952381,63.69047619047619,10.119047619047619
E00055998,128,46,17,29,82,78,4,35.9375,13.28125,22.65625,64.0625,60.9375,3.125
E00055999,184,53,20,33,131,110,21,28.804347826086957,10.869565217391305,17.934782608695652,71.19565217391305,59.78260869565217,11.41304347826087
E00056000,135,38,10,28,97,84,13,28.14814814814815,7.4074074074074066,20.74074074074074,71.85185185185186,62.22222222222222,9.62962962962963
E00056001,104,35,15,20,69,56,13,33.65384615384615,14.423076923076922,19.230769230769234,66.34615384615384,53.84615384615385,12.5
E00056002,188,64,20,44,124,101,23,34.04255319148936,10.638297872340425,23.404255319148938,65.95744680851064,53.72340425531915,12.23404255319149
E00056003,286,77,31,46,209,152,57,26.923076923076923,10.839160839160838,16.083916083916083,73.07692307692307,53.14685314685315,19.93006993006993
E00056004,156,52,14,38,104,78,26,33.33333333333333,8.974358974358974,24.358974358974358,66.66666666666666,50,16.666666666666664
E00056005,158,49,20,29,109,95,14,31.0126582278481,12.658227848101266,18.354430379746837,68.9873417721519,60.12658227848101,8.860759493670885
E00056006,159,46,15,31,113,96,17,28.930817610062892,9.433962264150944,19.49685534591195,71.0691823899371,60.37735849056604,10.69182389937107
E00056008,109,30,9,21,79,70,9,27.522935779816514,8.256880733944955,19.26605504587156,72.47706422018348,64.22018348623854,8.256880733944955
E00056009,171,44,12,32,127,107,20,25.730994152046783,7.017543859649122,18.71345029239766,74.26900584795322,62.57309941520468,11.695906432748536
E00056010,235,61,19,42,174,148,26,25.957446808510635,8.085106382978724,17.872340425531917,74.04255319148936,62.97872340425532,11.063829787234042
E00056011,143,26,5,21,117,93,24,18.181818181818183,3.4965034965034967,14.685314685314685,81.81818181818183,65.03496503496503,16.783216783216783
E00056012,144,37,10,27,107,98,9,25.694444444444443,6.944444444444445,18.75,74.30555555555556,68.05555555555556,6.25
E00056013,160,45,18,27,115,91,24,28.125,11.25,16.875,71.875,56.875,15
E00056014,117,37,13,24,80,67,13,31.62393162393162,11.11111111111111,20.51282051282051,68.37606837606837,57.26495726495726,11.11111111111111
E00056015,166,47,18,29,119,100,19,28.313253012048197,10.843373493975903,17.46987951807229,71.6867469879518,60.24096385542169,11.44578313253012
E00056016,163,48,11,37,115,99,16,29.447852760736197,6.748466257668712,22.699386503067483,70.5521472392638,60.73619631901841,9.815950920245399
E00056017,44,12,3,9,32,26,6,27.27272727272727,6.8181818181818175,20.454545454545457,72.72727272727273,59.09090909090909,13.636363636363635
E00056018,144,41,21,20,103,74,29,28.47222222222222,14.583333333333334,13.88888888888889,71.52777777777779,51.388888888888886,20.13888888888889
E00056019,266,64,26,38,202,167,35,24.06015037593985,9.774436090225564,14.285714285714285,75.93984962406014,62.78195488721805,13.157894736842104
E00056020,82,25,5,20,57,41,16,30.48780487804878,6.097560975609756,24.390243902439025,69.51219512195121,50,19.51219512195122
E00056021,129,30,14,16,99,82,17,23.25581395348837,10.852713178294573,12.4031007751938,76.74418604651163,63.565891472868216,13.178294573643413
E00056022,206,51,20,31,155,130,25,24.75728155339806,9.70873786407767,15.048543689320388,75.24271844660194,63.10679611650486,12.135922330097088
E00056023,96,20,4,16,76,73,3,20.833333333333336,4.166666666666666,16.666666666666664,79.16666666666666,76.04166666666666,3.125
E00056024,122,44,24,20,78,68,10,36.0655737704918,19.672131147540984,16.39344262295082,63.934426229508205,55.73770491803278,8.19672131147541
E00056025,120,42,12,30,78,64,14,35,10,25,65,53.333333333333336,11.666666666666666
E00056026,237,54,10,44,183,148,35,22.78481012658228,4.219409282700422,18.565400843881857,77.21518987341773,62.447257383966246,14.767932489451477
E00056027,161,42,11,31,119,103,16,26.08695652173913,6.832298136645963,19.25465838509317,73.91304347826086,63.975155279503106,9.937888198757763
E00056028,158,39,20,19,119,94,25,24.68354430379747,12.658227848101266,12.025316455696203,75.31645569620254,59.49367088607595,15.822784810126583
E00056029,117,39,16,23,78,61,17,33.33333333333333,13.675213675213676,19.65811965811966,66.66666666666666,52.13675213675214,14.529914529914532
E00056030,185,54,17,37,131,109,22,29.18918918918919,9.18918918918919,20,70.8108108108108,58.91891891891892,11.891891891891893
E00056031,142,42,19,23,100,79,21,29.577464788732392,13.380281690140844,16.19718309859155,70.4225352112676,55.633802816901415,14.788732394366196
E00056032,130,39,22,17,91,76,15,30,16.923076923076923,13.076923076923078,70,58.46153846153847,11.538461538461538
E00056033,133,42,18,24,91,65,26,31.57894736842105,13.533834586466165,18.045112781954884,68.42105263157895,48.87218045112782,19.548872180451127
E00056034,167,48,13,35,119,92,27,28.74251497005988,7.784431137724551,20.958083832335326,71.25748502994011,55.08982035928144,16.16766467065868
E00056035,217,72,17,55,145,128,17,33.17972350230415,7.834101382488479,25.34562211981567,66.82027649769586,58.986175115207374,7.834101382488479
E00056036,178,45,16,29,133,103,30,25.280898876404496,8.98876404494382,16.292134831460675,74.71910112359551,57.865168539325836,16.853932584269664
E00056037,157,44,10,34,113,93,20,28.02547770700637,6.369426751592357,21.656050955414013,71.97452229299363,59.23566878980891,12.738853503184714
E00056038,121,36,7,29,85,64,21,29.75206611570248,5.785123966942149,23.96694214876033,70.24793388429752,52.892561983471076,17.355371900826448
E00056039,110,35,14,21,75,65,10,31.818181818181817,12.727272727272727,19.090909090909093,68.18181818181817,59.09090909090909,9.090909090909092
E00056040,183,59,21,38,124,107,17,32.240437158469945,11.475409836065573,20.76502732240437,67.75956284153006,58.46994535519126,9.289617486338798
E00056041,138,37,13,24,101,71,30,26.811594202898554,9.420289855072465,17.391304347826086,73.18840579710145,51.449275362318836,21.73913043478261
E00056042,132,49,23,26,83,69,14,37.121212121212125,17.424242424242426,19.696969696969695,62.878787878787875,52.27272727272727,10.606060606060606
E00056043,98,37,12,25,61,54,7,37.755102040816325,12.244897959183673,25.510204081632654,62.244897959183675,55.10204081632652,7.142857142857142
E00056044,174,66,20,46,108,100,8,37.93103448275862,11.494252873563218,26.436781609195403,62.06896551724138,57.47126436781609,4.597701149425287
E00056045,157,40,6,34,117,97,20,25.477707006369428,3.821656050955414,21.656050955414013,74.52229299363057,61.78343949044586,12.738853503184714
E00056046,144,40,13,27,104,85,19,27.77777777777778,9.027777777777777,18.75,72.22222222222221,59.02777777777778,13.194444444444445
E00056047,90,31,11,20,59,52,7,34.44444444444444,12.222222222222221,22.22222222222222,65.55555555555556,57.77777777777777,7.777777777777778
E00056048,65,24,6,18,41,41,0,36.92307692307693,9.230769230769232,27.692307692307693,63.07692307692307,63.07692307692307,0
E00056050,57,19,6,13,38,31,7,33.33333333333333,10.526315789473683,22.807017543859647,66.66666666666666,54.385964912280706,12.280701754385964
E00056051,124,36,13,23,88,66,22,29.03225806451613,10.483870967741936,18.548387096774192,70.96774193548387,53.2258064516129,17.741935483870968
E00056052,166,50,16,34,116,106,10,30.120481927710845,9.63855421686747,20.481927710843372,69.87951807228916,63.85542168674698,6.024096385542169
E00056053,135,21,4,17,114,100,14,15.555555555555555,2.9629629629629632,12.592592592592592,84.44444444444444,74.07407407407408,10.37037037037037
E00056055,93,24,7,17,69,54,15,25.806451612903224,7.526881720430108,18.27956989247312,74.19354838709677,58.06451612903226,16.129032258064516
E00056056,85,37,14,23,48,45,3,43.529411764705884,16.470588235294116,27.058823529411764,56.470588235294116,52.94117647058824,3.5294117647058822
E00056057,152,70,29,41,82,74,8,46.05263157894737,19.078947368421055,26.973684210526315,53.94736842105263,48.68421052631579,5.263157894736842
E00056058,234,99,27,72,135,125,10,42.30769230769231,11.538461538461538,30.76923076923077,57.692307692307686,53.41880341880342,4.273504273504273
E00056059,159,52,14,38,107,87,20,32.70440251572327,8.80503144654088,23.89937106918239,67.29559748427673,54.71698113207547,12.578616352201259
E00056060,200,74,24,50,126,108,18,37,12,25,63,54,9
E00056061,128,35,11,24,93,87,6,27.34375,8.59375,18.75,72.65625,67.96875,4.6875
E00056062,150,49,20,29,101,91,10,32.666666666666664,13.333333333333334,19.333333333333332,67.33333333333333,60.66666666666667,6.666666666666667
E00056063,154,53,15,38,101,83,18,34.41558441558442,9.740259740259742,24.675324675324674,65.5844155844156,53.896103896103895,11.688311688311687
E00056064,102,32,12,20,70,62,8,31.372549019607842,11.76470588235294,19.607843137254903,68.62745098039215,60.78431372549019,7.8431372549019605
E00056065,138,50,16,34,88,81,7,36.231884057971016,11.594202898550725,24.637681159420293,63.76811594202898,58.69565217391305,5.072463768115942
E00056066,198,80,28,52,118,105,13,40.4040404040404,14.14141414141414,26.262626262626267,59.59595959595959,53.03030303030303,6.565656565656567
E00056067,102,49,17,32,53,48,5,48.03921568627451,16.666666666666664,31.372549019607842,51.9607843137255,47.05882352941176,4.901960784313726
E00056068,153,42,18,24,111,94,17,27.450980392156865,11.76470588235294,15.686274509803921,72.54901960784314,61.43790849673203,11.11111111111111
E00056069,166,81,27,54,85,81,4,48.795180722891565,16.265060240963855,32.53012048192771,51.204819277108435,48.795180722891565,2.4096385542168677
E00056071,138,50,8,42,88,76,12,36.231884057971016,5.797101449275362,30.434782608695656,63.76811594202898,55.072463768115945,8.695652173913043
E00056073,185,67,19,48,118,101,17,36.21621621621622,10.27027027027027,25.945945945945947,63.78378378378379,54.59459459459459,9.18918918918919
E00056074,90,39,11,28,51,46,5,43.333333333333336,12.222222222222221,31.11111111111111,56.666666666666664,51.11111111111111,5.555555555555555
E00056075,155,53,13,40,102,88,14,34.193548387096776,8.38709677419355,25.806451612903224,65.80645161290323,56.774193548387096,9.032258064516128
E00056076,67,25,7,18,42,41,1,37.3134328358209,10.44776119402985,26.865671641791046,62.68656716417911,61.19402985074627,1.4925373134328357
E00056077,106,34,7,27,72,63,9,32.075471698113205,6.60377358490566,25.471698113207548,67.9245283018868,59.43396226415094,8.49056603773585
E00056078,239,51,13,38,188,164,24,21.338912133891213,5.439330543933055,15.899581589958158,78.66108786610879,68.6192468619247,10.0418410041841
E00056079,156,45,11,34,111,97,14,28.846153846153843,7.051282051282051,21.794871794871796,71.15384615384616,62.17948717948718,8.974358974358974
E00056080,108,33,7,26,75,56,19,30.555555555555557,6.481481481481481,24.074074074074073,69.44444444444444,51.85185185185185,17.59259259259259
E00056081,164,57,21,36,107,95,12,34.756097560975604,12.804878048780488,21.951219512195124,65.2439024390244,57.92682926829268,7.317073170731707
E00056082,136,36,6,30,100,81,19,26.47058823529412,4.411764705882353,22.058823529411764,73.52941176470588,59.55882352941176,13.970588235294118
E00056083,107,36,9,27,71,58,13,33.64485981308411,8.411214953271028,25.233644859813083,66.35514018691589,54.20560747663551,12.149532710280374
E00056084,84,20,5,15,64,58,6,23.809523809523807,5.952380952380952,17.857142857142858,76.19047619047619,69.04761904761905,7.142857142857142
E00056085,258,52,9,43,206,181,25,20.155038759689923,3.488372093023256,16.666666666666664,79.84496124031007,70.15503875968993,9.689922480620156
E00056086,136,48,13,35,88,80,8,35.294117647058826,9.558823529411764,25.735294117647058,64.70588235294117,58.82352941176471,5.88235294117647
E00056087,133,43,13,30,90,84,6,32.33082706766917,9.774436090225564,22.55639097744361,67.66917293233082,63.1578947368421,4.511278195488721
E00056088,104,33,7,26,71,57,14,31.73076923076923,6.730769230769231,25,68.26923076923077,54.807692307692314,13.461538461538462
E00056090,105,29,11,18,76,71,5,27.61904761904762,10.476190476190476,17.142857142857142,72.38095238095238,67.61904761904762,4.761904761904762
E00056091,258,76,21,55,182,151,31,29.457364341085274,8.13953488372093,21.31782945736434,70.54263565891473,58.52713178294574,12.015503875968992
E00056092,150,40,10,30,110,92,18,26.666666666666668,6.666666666666667,20,73.33333333333333,61.33333333333333,12
E00056093,136,38,12,26,98,81,17,27.941176470588236,8.823529411764707,19.11764705882353,72.05882352941177,59.55882352941176,12.5
E00056094,110,34,13,21,76,63,13,30.909090909090907,11.818181818181818,19.090909090909093,69.0909090909091,57.27272727272727,11.818181818181818
E00056095,98,52,16,36,46,33,13,53.06122448979592,16.3265306122449,36.734693877551024,46.93877551020408,33.6734693877551,13.26530612244898
E00056096,150,56,8,48,94,88,6,37.333333333333336,5.333333333333334,32,62.66666666666667,58.666666666666664,4
E00056097,110,44,14,30,66,57,9,40,12.727272727272727,27.27272727272727,60,51.81818181818182,8.181818181818182
E00056098,171,79,18,61,92,84,8,46.198830409356724,10.526315789473683,35.67251461988304,53.80116959064327,49.122807017543856,4.678362573099415
E00056099,118,58,18,40,60,56,4,49.152542372881356,15.254237288135593,33.89830508474576,50.847457627118644,47.45762711864407,3.389830508474576
E00056100,121,60,15,45,61,53,8,49.586776859504134,12.396694214876034,37.1900826446281,50.413223140495866,43.80165289256198,6.6115702479338845
E00056101,104,49,17,32,55,43,12,47.11538461538461,16.346153846153847,30.76923076923077,52.88461538461539,41.34615384615385,11.538461538461538
E00056102,147,70,22,48,77,67,10,47.61904761904761,14.965986394557824,32.6530612244898,52.38095238095239,45.57823129251701,6.802721088435375
E00056103,115,51,12,39,64,52,12,44.34782608695652,10.434782608695652,33.91304347826087,55.65217391304348,45.21739130434783,10.434782608695652
E00056104,113,56,4,52,57,52,5,49.557522123893804,3.5398230088495577,46.017699115044245,50.442477876106196,46.017699115044245,4.424778761061947
E00056105,157,71,12,59,86,71,15,45.22292993630573,7.643312101910828,37.57961783439491,54.77707006369427,45.22292993630573,9.554140127388536
E00056106,122,46,17,29,76,68,8,37.704918032786885,13.934426229508196,23.770491803278688,62.295081967213115,55.73770491803278,6.557377049180328
E00056107,254,92,34,58,162,144,18,36.22047244094488,13.385826771653544,22.83464566929134,63.77952755905512,56.69291338582677,7.086614173228346
E00056108,185,71,16,55,114,101,13,38.37837837837838,8.64864864864865,29.72972972972973,61.62162162162163,54.59459459459459,7.027027027027027
E00056109,94,29,9,20,65,59,6,30.851063829787233,9.574468085106384,21.27659574468085,69.14893617021278,62.76595744680851,6.382978723404255
E00056110,103,38,7,31,65,60,5,36.89320388349515,6.796116504854369,30.097087378640776,63.10679611650486,58.252427184466015,4.854368932038835
E00056111,85,35,10,25,50,44,6,41.17647058823529,11.76470588235294,29.411764705882355,58.82352941176471,51.76470588235295,7.0588235294117645
E00056112,171,58,19,39,113,95,18,33.91812865497076,11.11111111111111,22.807017543859647,66.08187134502924,55.55555555555556,10.526315789473683
E00056113,149,55,12,43,94,81,13,36.91275167785235,8.053691275167784,28.859060402684566,63.08724832214765,54.36241610738255,8.724832214765101
E00056114,165,58,14,44,107,99,8,35.15151515151515,8.484848484848486,26.666666666666668,64.84848484848484,60,4.848484848484849
E00056115,119,59,13,46,60,56,4,49.57983193277311,10.92436974789916,38.655462184873954,50.42016806722689,47.05882352941176,3.361344537815126
E00056116,201,68,16,52,133,113,20,33.83084577114428,7.960199004975125,25.870646766169152,66.16915422885572,56.21890547263681,9.950248756218906
E00056117,152,29,5,24,123,112,11,19.078947368421055,3.289473684210526,15.789473684210526,80.92105263157895,73.68421052631578,7.236842105263158
E00056118,120,41,8,33,79,65,14,34.166666666666664,6.666666666666667,27.500000000000004,65.83333333333333,54.166666666666664,11.666666666666666
E00056119,128,53,15,38,75,73,2,41.40625,11.71875,29.6875,58.59375,57.03125,1.5625
E00056120,135,56,20,36,79,75,4,41.48148148148148,14.814814814814813,26.666666666666668,58.51851851851851,55.55555555555556,2.9629629629629632
E00056121,142,43,13,30,99,83,16,30.28169014084507,9.15492957746479,21.12676056338028,69.71830985915493,58.45070422535211,11.267605633802818
E00056122,127,52,12,40,75,67,8,40.94488188976378,9.448818897637794,31.496062992125985,59.055118110236215,52.75590551181102,6.299212598425196
E00056123,96,48,15,33,48,44,4,50,15.625,34.375,50,45.83333333333333,4.166666666666666
E00056124,130,53,17,36,77,64,13,40.76923076923077,13.076923076923078,27.692307692307693,59.23076923076923,49.23076923076923,10
E00056125,178,63,11,52,115,93,22,35.39325842696629,6.179775280898876,29.213483146067414,64.60674157303372,52.24719101123596,12.359550561797752
E00056126,173,74,18,56,99,91,8,42.77456647398844,10.404624277456648,32.369942196531795,57.22543352601156,52.601156069364166,4.624277456647398
E00056127,127,63,15,48,64,61,3,49.60629921259843,11.811023622047244,37.79527559055118,50.39370078740157,48.031496062992126,2.3622047244094486
E00056128,109,55,13,42,54,45,9,50.45871559633027,11.926605504587156,38.53211009174312,49.54128440366973,41.284403669724774,8.256880733944955
E00056129,99,51,14,37,48,46,2,51.515151515151516,14.14141414141414,37.37373737373738,48.484848484848484,46.464646464646464,2.0202020202020203
E00056130,145,63,15,48,82,77,5,43.44827586206896,10.344827586206897,33.10344827586207,56.55172413793104,53.103448275862064,3.4482758620689653
E00056131,121,55,15,40,66,58,8,45.45454545454545,12.396694214876034,33.057851239669425,54.54545454545454,47.93388429752066,6.6115702479338845
E00056132,129,68,25,43,61,55,6,52.71317829457365,19.379844961240313,33.33333333333333,47.286821705426355,42.63565891472868,4.651162790697675
E00056133,155,71,21,50,84,74,10,45.806451612903224,13.548387096774196,32.25806451612903,54.19354838709678,47.74193548387097,6.451612903225806
E00056135,112,64,7,57,48,41,7,57.14285714285714,6.25,50.89285714285714,42.857142857142854,36.607142857142854,6.25
E00056136,191,85,30,55,106,94,12,44.50261780104712,15.706806282722512,28.79581151832461,55.497382198952884,49.21465968586388,6.282722513089005
E00056137,206,90,16,74,116,101,15,43.689320388349515,7.766990291262135,35.92233009708738,56.310679611650485,49.029126213592235,7.281553398058252
E00056138,119,46,13,33,73,67,6,38.655462184873954,10.92436974789916,27.73109243697479,61.34453781512605,56.30252100840336,5.042016806722689
E00056139,241,112,34,78,129,107,22,46.47302904564315,14.107883817427386,32.365145228215766,53.52697095435685,44.398340248962654,9.12863070539419
E00056141,233,62,14,48,171,156,15,26.609442060085836,6.008583690987124,20.600858369098713,73.39055793991416,66.95278969957081,6.437768240343347
E00056142,134,38,11,27,96,81,15,28.35820895522388,8.208955223880597,20.149253731343283,71.64179104477611,60.447761194029844,11.194029850746269
E00056143,110,31,12,19,79,67,12,28.18181818181818,10.909090909090908,17.272727272727273,71.81818181818181,60.909090909090914,10.909090909090908
E00056144,174,60,22,38,114,93,21,34.48275862068966,12.643678160919542,21.839080459770116,65.51724137931035,53.44827586206896,12.068965517241379
E00056145,148,51,10,41,97,85,12,34.45945945945946,6.756756756756757,27.7027027027027,65.54054054054053,57.432432432432435,8.108108108108109
E00056146,138,39,4,35,99,85,14,28.26086956521739,2.898550724637681,25.36231884057971,71.73913043478261,61.59420289855072,10.144927536231885
E00056147,161,55,16,39,106,93,13,34.161490683229815,9.937888198757763,24.22360248447205,65.83850931677019,57.7639751552795,8.074534161490684
E00056148,158,44,18,26,114,95,19,27.848101265822784,11.39240506329114,16.455696202531644,72.15189873417721,60.12658227848101,12.025316455696203
E00056149,196,56,15,41,140,120,20,28.57142857142857,7.653061224489796,20.918367346938776,71.42857142857143,61.224489795918366,10.204081632653061
E00056150,170,38,14,24,132,122,10,22.35294117647059,8.235294117647058,14.117647058823529,77.64705882352942,71.76470588235294,5.88235294117647
E00056152,225,72,22,50,153,122,31,32,9.777777777777779,22.22222222222222,68,54.22222222222223,13.777777777777779
E00056153,166,42,14,28,124,109,15,25.301204819277107,8.433734939759036,16.867469879518072,74.69879518072288,65.66265060240963,9.036144578313253
E00056154,108,35,7,28,73,63,10,32.407407407407405,6.481481481481481,25.925925925925924,67.5925925925926,58.333333333333336,9.25925925925926
E00056155,122,47,12,35,75,74,1,38.52459016393443,9.836065573770492,28.688524590163933,61.47540983606557,60.65573770491803,0.819672131147541
E00056156,156,46,17,29,110,98,12,29.48717948717949,10.897435897435898,18.58974358974359,70.51282051282051,62.82051282051282,7.6923076923076925
E00056157,112,32,12,20,80,71,9,28.57142857142857,10.714285714285714,17.857142857142858,71.42857142857143,63.39285714285714,8.035714285714286
E00056158,172,39,13,26,133,109,24,22.674418604651162,7.55813953488372,15.11627906976744,77.32558139534885,63.372093023255815,13.953488372093023
E00056159,165,51,13,38,114,98,16,30.909090909090907,7.878787878787878,23.03030303030303,69.0909090909091,59.3939393939394,9.696969696969697
E00056160,213,63,12,51,150,128,22,29.577464788732392,5.633802816901409,23.943661971830984,70.4225352112676,60.093896713615024,10.328638497652582
E00056161,199,58,18,40,141,118,23,29.145728643216078,9.045226130653267,20.100502512562816,70.85427135678391,59.2964824120603,11.557788944723619
E00056162,104,41,15,26,63,55,8,39.42307692307692,14.423076923076922,25,60.57692307692307,52.88461538461539,7.6923076923076925
E00056163,127,35,9,26,92,84,8,27.559055118110237,7.086614173228346,20.47244094488189,72.44094488188976,66.14173228346458,6.299212598425196
E00056164,120,29,7,22,91,83,8,24.166666666666668,5.833333333333333,18.333333333333332,75.83333333333333,69.16666666666667,6.666666666666667
E00056165,221,62,13,49,159,142,17,28.054298642533936,5.88235294117647,22.171945701357465,71.94570135746606,64.25339366515837,7.6923076923076925
E00056166,160,57,19,38,103,87,16,35.625,11.875,23.75,64.375,54.37499999999999,10
E00056167,144,40,9,31,104,93,11,27.77777777777778,6.25,21.52777777777778,72.22222222222221,64.58333333333334,7.638888888888889
E00056168,158,42,15,27,116,104,12,26.582278481012654,9.49367088607595,17.088607594936708,73.41772151898735,65.82278481012658,7.59493670886076
E00056169,103,50,14,36,53,48,5,48.54368932038835,13.592233009708737,34.95145631067961,51.45631067961165,46.601941747572816,4.854368932038835
E00056170,167,48,12,36,119,109,10,28.74251497005988,7.18562874251497,21.55688622754491,71.25748502994011,65.26946107784431,5.9880239520958085
E00056171,64,23,4,19,41,41,0,35.9375,6.25,29.6875,64.0625,64.0625,0
E00056172,136,32,13,19,104,83,21,23.52941176470588,9.558823529411764,13.970588235294118,76.47058823529412,61.029411764705884,15.441176470588236
E00056173,78,20,3,17,58,53,5,25.64102564102564,3.8461538461538463,21.794871794871796,74.35897435897436,67.94871794871796,6.41025641025641
E00056174,99,30,6,24,69,60,9,30.303030303030305,6.0606060606060606,24.242424242424242,69.6969696969697,60.60606060606061,9.090909090909092
E00056175,177,60,20,40,117,104,13,33.89830508474576,11.299435028248588,22.598870056497177,66.10169491525424,58.75706214689266,7.344632768361582
E00056176,188,67,17,50,121,106,15,35.638297872340424,9.042553191489363,26.595744680851062,64.36170212765957,56.38297872340425,7.9787234042553195
E00056177,165,46,9,37,119,102,17,27.878787878787882,5.454545454545454,22.424242424242426,72.12121212121212,61.81818181818181,10.303030303030303
E00056178,147,36,12,24,111,105,6,24.489795918367346,8.16326530612245,16.3265306122449,75.51020408163265,71.42857142857143,4.081632653061225
E00056179,151,37,12,25,114,92,22,24.503311258278146,7.9470198675496695,16.55629139072848,75.49668874172185,60.9271523178808,14.56953642384106
E00056180,106,31,13,18,75,65,10,29.245283018867923,12.264150943396226,16.9811320754717,70.75471698113208,61.32075471698113,9.433962264150944
E00056181,132,41,14,27,91,72,19,31.060606060606062,10.606060606060606,20.454545454545457,68.93939393939394,54.54545454545454,14.393939393939394
E00056182,171,41,13,28,130,115,15,23.976608187134502,7.602339181286549,16.374269005847953,76.0233918128655,67.2514619883041,8.771929824561402
E00056183,156,37,14,23,119,99,20,23.717948717948715,8.974358974358974,14.743589743589745,76.28205128205127,63.46153846153846,12.82051282051282
E00056184,187,53,16,37,134,122,12,28.342245989304814,8.55614973262032,19.786096256684495,71.65775401069519,65.24064171122996,6.417112299465241
E00056185,177,47,19,28,130,115,15,26.55367231638418,10.734463276836157,15.819209039548024,73.44632768361582,64.97175141242938,8.47457627118644
E00056186,145,46,9,37,99,87,12,31.724137931034484,6.206896551724138,25.517241379310345,68.27586206896552,60,8.275862068965518
E00056187,135,47,13,34,88,79,9,34.81481481481482,9.62962962962963,25.185185185185183,65.18518518518519,58.51851851851851,6.666666666666667
E00056188,167,50,21,29,117,96,21,29.94011976047904,12.574850299401197,17.365269461077844,70.05988023952095,57.48502994011976,12.574850299401197
E00056189,81,23,8,15,58,47,11,28.39506172839506,9.876543209876543,18.51851851851852,71.60493827160494,58.0246913580247,13.580246913580247
E00056190,129,37,9,28,92,79,13,28.68217054263566,6.976744186046512,21.705426356589147,71.31782945736434,61.240310077519375,10.077519379844961
E00056191,233,59,25,34,174,151,23,25.321888412017167,10.72961373390558,14.592274678111588,74.67811158798283,64.8068669527897,9.871244635193133
E00056192,230,65,24,41,165,137,28,28.26086956521739,10.434782608695652,17.82608695652174,71.73913043478261,59.56521739130435,12.173913043478262
E00056193,114,33,13,20,81,74,7,28.947368421052634,11.403508771929824,17.543859649122805,71.05263157894737,64.91228070175438,6.140350877192982
E00056194,151,37,10,27,114,104,10,24.503311258278146,6.622516556291391,17.880794701986755,75.49668874172185,68.87417218543047,6.622516556291391
E00056195,160,39,13,26,121,112,9,24.375,8.125,16.25,75.625,70,5.625
E00056196,161,43,12,31,118,94,24,26.70807453416149,7.453416149068323,19.25465838509317,73.29192546583852,58.38509316770186,14.906832298136646
E00056197,133,31,12,19,102,83,19,23.308270676691727,9.022556390977442,14.285714285714285,76.69172932330827,62.40601503759399,14.285714285714285
E00056198,148,43,8,35,105,82,23,29.054054054054053,5.405405405405405,23.64864864864865,70.94594594594594,55.4054054054054,15.54054054054054
E00056199,155,36,9,27,119,103,16,23.225806451612904,5.806451612903226,17.419354838709676,76.77419354838709,66.45161290322581,10.32258064516129
E00056200,140,39,10,29,101,91,10,27.857142857142858,7.142857142857142,20.714285714285715,72.14285714285714,65,7.142857142857142
E00056201,90,27,13,14,63,50,13,30,14.444444444444443,15.555555555555555,70,55.55555555555556,14.444444444444443
E00056202,135,55,21,34,80,72,8,40.74074074074074,15.555555555555555,25.185185185185183,59.25925925925925,53.333333333333336,5.9259259259259265
E00056203,190,58,16,42,132,115,17,30.526315789473685,8.421052631578947,22.105263157894736,69.47368421052632,60.526315789473685,8.947368421052632
E00056204,269,55,11,44,214,183,31,20.44609665427509,4.089219330855019,16.356877323420075,79.5539033457249,68.02973977695167,11.524163568773234
E00056205,143,45,12,33,98,88,10,31.46853146853147,8.391608391608392,23.076923076923077,68.53146853146853,61.53846153846154,6.993006993006993
E00056206,176,52,14,38,124,106,18,29.545454545454547,7.954545454545454,21.59090909090909,70.45454545454545,60.22727272727273,10.227272727272728
E00056207,217,39,10,29,178,160,18,17.972350230414747,4.6082949308755765,13.36405529953917,82.02764976958525,73.73271889400922,8.294930875576037
E00056208,149,58,12,46,91,81,10,38.92617449664429,8.053691275167784,30.87248322147651,61.07382550335571,54.36241610738255,6.7114093959731544
E00056210,110,35,9,26,75,65,10,31.818181818181817,8.181818181818182,23.636363636363637,68.18181818181817,59.09090909090909,9.090909090909092
E00056211,223,44,10,34,179,163,16,19.730941704035875,4.484304932735426,15.246636771300448,80.26905829596413,73.09417040358744,7.174887892376682
E00056212,176,79,17,62,97,88,9,44.88636363636363,9.659090909090908,35.22727272727273,55.11363636363637,50,5.113636363636364
E00056213,182,67,22,45,115,95,20,36.81318681318682,12.087912087912088,24.725274725274726,63.18681318681318,52.197802197802204,10.989010989010989
E00056214,164,43,17,26,121,112,9,26.21951219512195,10.365853658536585,15.853658536585366,73.78048780487805,68.29268292682927,5.487804878048781
E00056215,81,24,7,17,57,48,9,29.629629629629626,8.641975308641975,20.98765432098765,70.37037037037037,59.25925925925925,11.11111111111111
E00056216,166,43,15,28,123,105,18,25.903614457831324,9.036144578313253,16.867469879518072,74.09638554216868,63.25301204819277,10.843373493975903
E00056217,129,28,7,21,101,81,20,21.705426356589147,5.426356589147287,16.27906976744186,78.29457364341084,62.7906976744186,15.503875968992247
E00056218,199,72,22,50,127,96,31,36.18090452261307,11.055276381909549,25.125628140703515,63.81909547738693,48.24120603015075,15.577889447236181
E00056219,135,36,12,24,99,89,10,26.666666666666668,8.88888888888889,17.77777777777778,73.33333333333333,65.92592592592592,7.4074074074074066
E00056220,172,53,13,40,119,106,13,30.813953488372093,7.55813953488372,23.25581395348837,69.18604651162791,61.627906976744185,7.55813953488372
E00056221,161,51,14,37,110,93,17,31.67701863354037,8.695652173913043,22.981366459627328,68.32298136645963,57.7639751552795,10.559006211180124
E00056222,220,56,17,39,164,137,27,25.454545454545453,7.727272727272727,17.727272727272727,74.54545454545455,62.272727272727266,12.272727272727273
E00056223,122,32,8,24,90,76,14,26.229508196721312,6.557377049180328,19.672131147540984,73.77049180327869,62.295081967213115,11.475409836065573
E00056224,150,37,13,24,113,100,13,24.666666666666668,8.666666666666668,16,75.33333333333333,66.66666666666666,8.666666666666668
E00056225,102,30,10,20,72,64,8,29.411764705882355,9.803921568627452,19.607843137254903,70.58823529411765,62.745098039215684,7.8431372549019605
E00056226,104,36,9,27,68,59,9,34.61538461538461,8.653846153846153,25.961538461538463,65.38461538461539,56.730769230769226,8.653846153846153
E00056227,144,37,13,24,107,99,8,25.694444444444443,9.027777777777777,16.666666666666664,74.30555555555556,68.75,5.555555555555555
E00056228,116,51,7,44,65,58,7,43.96551724137931,6.0344827586206895,37.93103448275862,56.03448275862068,50,6.0344827586206895
E00056229,121,35,9,26,86,80,6,28.92561983471074,7.43801652892562,21.487603305785125,71.07438016528926,66.11570247933885,4.958677685950414
E00056230,193,65,21,44,128,117,11,33.67875647668394,10.880829015544041,22.797927461139896,66.32124352331607,60.62176165803109,5.699481865284974
E00056231,102,32,9,23,70,66,4,31.372549019607842,8.823529411764707,22.54901960784314,68.62745098039215,64.70588235294117,3.9215686274509802
E00056232,129,40,7,33,89,79,10,31.007751937984494,5.426356589147287,25.581395348837212,68.9922480620155,61.240310077519375,7.751937984496124
E00056233,119,35,13,22,84,76,8,29.411764705882355,10.92436974789916,18.487394957983195,70.58823529411765,63.86554621848739,6.722689075630252
E00056234,130,38,11,27,92,83,9,29.230769230769234,8.461538461538462,20.76923076923077,70.76923076923077,63.84615384615384,6.923076923076923
E00056235,252,66,8,58,186,167,19,26.190476190476193,3.1746031746031744,23.015873015873016,73.80952380952381,66.26984126984127,7.5396825396825395
E00056236,28,14,3,11,14,13,1,50,10.714285714285714,39.285714285714285,50,46.42857142857143,3.571428571428571
E00056237,122,43,11,32,79,77,2,35.24590163934426,9.01639344262295,26.229508196721312,64.75409836065575,63.114754098360656,1.639344262295082
E00056238,156,53,16,37,103,91,12,33.97435897435898,10.256410256410255,23.717948717948715,66.02564102564102,58.333333333333336,7.6923076923076925
E00056239,175,65,18,47,110,100,10,37.142857142857146,10.285714285714285,26.857142857142858,62.857142857142854,57.14285714285714,5.714285714285714
E00056240,67,20,2,18,47,46,1,29.850746268656714,2.9850746268656714,26.865671641791046,70.1492537313433,68.65671641791045,1.4925373134328357
E00056241,166,69,19,50,97,88,9,41.566265060240966,11.44578313253012,30.120481927710845,58.43373493975904,53.01204819277109,5.421686746987952
E00056242,172,65,9,56,107,97,10,37.7906976744186,5.232558139534884,32.55813953488372,62.2093023255814,56.395348837209305,5.813953488372093
E00056243,169,61,14,47,108,99,9,36.09467455621302,8.284023668639055,27.810650887573964,63.905325443786985,58.57988165680473,5.325443786982249
E00056244,160,61,16,45,99,92,7,38.125,10,28.125,61.875,57.49999999999999,4.375
E00056245,177,77,22,55,100,94,6,43.50282485875706,12.429378531073446,31.07344632768362,56.49717514124294,53.10734463276836,3.389830508474576
E00056246,126,52,10,42,74,62,12,41.269841269841265,7.936507936507936,33.33333333333333,58.730158730158735,49.2063492063492,9.523809523809524
E00056248,168,55,14,41,113,103,10,32.73809523809524,8.333333333333332,24.404761904761905,67.26190476190477,61.30952380952381,5.952380952380952
E00056249,157,37,11,26,120,99,21,23.56687898089172,7.006369426751593,16.560509554140125,76.43312101910828,63.05732484076433,13.375796178343949
E00056251,138,37,8,29,101,88,13,26.811594202898554,5.797101449275362,21.014492753623188,73.18840579710145,63.76811594202898,9.420289855072465
E00056252,176,51,14,37,125,113,12,28.97727272727273,7.954545454545454,21.022727272727273,71.02272727272727,64.20454545454545,6.8181818181818175
E00056253,150,47,14,33,103,93,10,31.333333333333336,9.333333333333334,22,68.66666666666667,62,6.666666666666667
E00056254,172,52,19,33,120,106,14,30.23255813953488,11.046511627906977,19.186046511627907,69.76744186046511,61.627906976744185,8.13953488372093
E00056256,176,50,14,36,126,105,21,28.40909090909091,7.954545454545454,20.454545454545457,71.5909090909091,59.65909090909091,11.931818181818182
E00056257,116,40,9,31,76,67,9,34.48275862068966,7.758620689655173,26.72413793103448,65.51724137931035,57.758620689655174,7.758620689655173
E00056258,165,55,13,42,110,100,10,33.33333333333333,7.878787878787878,25.454545454545453,66.66666666666666,60.60606060606061,6.0606060606060606
E00056259,153,36,9,27,117,102,15,23.52941176470588,5.88235294117647,17.647058823529413,76.47058823529412,66.66666666666666,9.803921568627452
E00056260,187,55,19,36,132,122,10,29.411764705882355,10.16042780748663,19.25133689839572,70.58823529411765,65.24064171122996,5.347593582887701
E00056261,177,55,15,40,122,108,14,31.07344632768362,8.47457627118644,22.598870056497177,68.92655367231639,61.016949152542374,7.909604519774012
E00056263,130,42,13,29,88,70,18,32.30769230769231,10,22.30769230769231,67.6923076923077,53.84615384615385,13.846153846153847
E00056264,230,66,21,45,164,135,29,28.695652173913043,9.130434782608695,19.565217391304348,71.30434782608695,58.69565217391305,12.608695652173912
E00056265,112,37,17,20,75,69,6,33.035714285714285,15.178571428571427,17.857142857142858,66.96428571428571,61.60714285714286,5.357142857142857
E00056266,141,39,9,30,102,88,14,27.659574468085108,6.382978723404255,21.27659574468085,72.3404255319149,62.4113475177305,9.929078014184398
E00056267,117,28,15,13,89,77,12,23.931623931623932,12.82051282051282,11.11111111111111,76.06837606837607,65.8119658119658,10.256410256410255
E00056268,85,18,0,18,67,54,13,21.176470588235293,0,21.176470588235293,78.82352941176471,63.52941176470588,15.294117647058824
E00056269,141,39,17,22,102,87,15,27.659574468085108,12.056737588652481,15.602836879432624,72.3404255319149,61.702127659574465,10.638297872340425
E00056270,172,52,11,41,120,99,21,30.23255813953488,6.395348837209303,23.837209302325583,69.76744186046511,57.55813953488372,12.209302325581394
E00056271,213,71,22,49,142,122,20,33.33333333333333,10.328638497652582,23.004694835680752,66.66666666666666,57.27699530516433,9.389671361502346
E00056272,142,47,14,33,95,84,11,33.098591549295776,9.859154929577464,23.239436619718308,66.90140845070422,59.154929577464785,7.746478873239436
E00056273,147,45,17,28,102,77,25,30.612244897959183,11.564625850340136,19.047619047619047,69.38775510204081,52.38095238095239,17.006802721088434
E00056274,85,16,10,6,69,57,12,18.823529411764707,11.76470588235294,7.0588235294117645,81.17647058823529,67.05882352941175,14.117647058823529
E00056275,60,21,7,14,39,33,6,35,11.666666666666666,23.333333333333332,65,55.00000000000001,10
E00056276,147,51,24,27,96,83,13,34.69387755102041,16.3265306122449,18.367346938775512,65.3061224489796,56.4625850340136,8.843537414965986
E00056277,178,52,19,33,126,106,20,29.213483146067414,10.674157303370785,18.53932584269663,70.78651685393258,59.55056179775281,11.235955056179774
E00056278,121,52,24,28,69,59,10,42.97520661157025,19.834710743801654,23.140495867768596,57.02479338842975,48.760330578512395,8.264462809917356
E00056279,145,54,18,36,91,76,15,37.24137931034483,12.413793103448276,24.82758620689655,62.758620689655174,52.41379310344828,10.344827586206897
E00056280,48,10,6,4,38,27,11,20.833333333333336,12.5,8.333333333333332,79.16666666666666,56.25,22.916666666666664
E00056281,140,36,14,22,104,86,18,25.71428571428571,10,15.714285714285714,74.28571428571429,61.42857142857143,12.857142857142856
E00056282,111,39,19,20,72,56,16,35.13513513513514,17.117117117117118,18.01801801801802,64.86486486486487,50.45045045045045,14.414414414414415
E00056283,137,42,13,29,95,76,19,30.656934306569344,9.48905109489051,21.16788321167883,69.34306569343066,55.47445255474452,13.86861313868613
E00056284,136,47,6,41,89,72,17,34.55882352941176,4.411764705882353,30.14705882352941,65.44117647058823,52.94117647058824,12.5
E00056285,194,52,14,38,142,121,21,26.804123711340207,7.216494845360824,19.587628865979383,73.19587628865979,62.371134020618555,10.824742268041238
E00056286,148,40,17,23,108,89,19,27.027027027027028,11.486486486486488,15.54054054054054,72.97297297297297,60.13513513513513,12.837837837837837
E00056287,132,44,24,20,88,64,24,33.33333333333333,18.181818181818183,15.151515151515152,66.66666666666666,48.484848484848484,18.181818181818183
E00056288,118,37,16,21,81,63,18,31.35593220338983,13.559322033898304,17.796610169491526,68.64406779661016,53.38983050847458,15.254237288135593
E00056289,112,35,12,23,77,59,18,31.25,10.714285714285714,20.535714285714285,68.75,52.67857142857143,16.071428571428573
E00056290,145,39,12,27,106,87,19,26.89655172413793,8.275862068965518,18.620689655172416,73.10344827586206,60,13.10344827586207
E00056291,73,19,4,15,54,49,5,26.027397260273972,5.47945205479452,20.54794520547945,73.97260273972603,67.12328767123287,6.8493150684931505
E00056292,299,84,28,56,215,197,18,28.093645484949832,9.364548494983277,18.729096989966553,71.90635451505017,65.88628762541806,6.0200668896321075
E00056293,205,64,22,42,141,116,25,31.21951219512195,10.731707317073171,20.48780487804878,68.78048780487805,56.58536585365853,12.195121951219512
E00056294,165,45,16,29,120,101,19,27.27272727272727,9.696969696969697,17.575757575757574,72.72727272727273,61.212121212121204,11.515151515151516
E00056295,124,36,13,23,88,74,14,29.03225806451613,10.483870967741936,18.548387096774192,70.96774193548387,59.67741935483871,11.29032258064516
E00056296,99,26,8,18,73,63,10,26.262626262626267,8.080808080808081,18.181818181818183,73.73737373737373,63.63636363636363,10.1010101010101
E00056297,114,32,8,24,82,68,14,28.07017543859649,7.017543859649122,21.052631578947366,71.9298245614035,59.64912280701754,12.280701754385964
E00056298,149,40,11,29,109,97,12,26.845637583892618,7.38255033557047,19.463087248322147,73.15436241610739,65.1006711409396,8.053691275167784
E00056299,192,53,22,31,139,116,23,27.604166666666668,11.458333333333332,16.145833333333336,72.39583333333334,60.416666666666664,11.979166666666668
E00056300,101,34,13,21,67,56,11,33.663366336633665,12.871287128712872,20.792079207920793,66.33663366336634,55.44554455445545,10.891089108910892
E00056301,139,46,15,31,93,83,10,33.093525179856115,10.79136690647482,22.302158273381295,66.90647482014388,59.71223021582733,7.1942446043165464
E00056302,215,74,20,54,141,128,13,34.418604651162795,9.30232558139535,25.116279069767444,65.58139534883722,59.53488372093023,6.046511627906977
E00056303,122,34,12,22,88,77,11,27.86885245901639,9.836065573770492,18.0327868852459,72.1311475409836,63.114754098360656,9.01639344262295
E00056304,137,42,10,32,95,79,16,30.656934306569344,7.2992700729927,23.357664233576642,69.34306569343066,57.66423357664233,11.678832116788321
E00056305,101,29,10,19,72,62,10,28.71287128712871,9.900990099009901,18.81188118811881,71.28712871287128,61.386138613861384,9.900990099009901
E00056306,172,50,17,33,122,104,18,29.069767441860467,9.883720930232558,19.186046511627907,70.93023255813954,60.46511627906976,10.465116279069768
E00056307,138,42,11,31,96,82,14,30.434782608695656,7.971014492753622,22.463768115942027,69.56521739130434,59.42028985507246,10.144927536231885
E00056308,150,43,13,30,107,94,13,28.666666666666668,8.666666666666668,20,71.33333333333334,62.66666666666667,8.666666666666668
E00056309,80,24,9,15,56,45,11,30,11.25,18.75,70,56.25,13.750000000000002
E00056310,109,34,14,20,75,56,19,31.19266055045872,12.844036697247708,18.34862385321101,68.80733944954129,51.37614678899083,17.431192660550458
E00056311,123,42,18,24,81,70,11,34.146341463414636,14.634146341463413,19.51219512195122,65.85365853658537,56.91056910569105,8.94308943089431
E00056312,129,52,20,32,77,61,16,40.310077519379846,15.503875968992247,24.8062015503876,59.68992248062015,47.286821705426355,12.4031007751938
E00056313,94,30,8,22,64,52,12,31.914893617021278,8.51063829787234,23.404255319148938,68.08510638297872,55.319148936170215,12.76595744680851
E00056314,138,38,18,20,100,82,18,27.536231884057973,13.043478260869565,14.492753623188406,72.46376811594203,59.42028985507246,13.043478260869565
E00056315,256,84,33,51,172,136,36,32.8125,12.890625,19.921875,67.1875,53.125,14.0625
E00056316,76,22,10,12,54,46,8,28.947368421052634,13.157894736842104,15.789473684210526,71.05263157894737,60.526315789473685,10.526315789473683
E00056317,189,65,26,39,124,106,18,34.39153439153439,13.756613756613756,20.634920634920633,65.60846560846561,56.08465608465608,9.523809523809524
E00056318,85,33,9,24,52,41,11,38.82352941176471,10.588235294117647,28.235294117647058,61.1764705882353,48.23529411764706,12.941176470588237
E00056319,92,25,5,20,67,63,4,27.173913043478258,5.434782608695652,21.73913043478261,72.82608695652173,68.47826086956522,4.3478260869565215
E00056320,227,61,16,45,166,145,21,26.87224669603524,7.048458149779736,19.823788546255507,73.12775330396477,63.87665198237885,9.251101321585903
E00056321,91,25,6,19,66,59,7,27.472527472527474,6.593406593406594,20.87912087912088,72.52747252747253,64.83516483516483,7.6923076923076925
E00056322,165,47,17,30,118,105,13,28.484848484848484,10.303030303030303,18.181818181818183,71.51515151515152,63.63636363636363,7.878787878787878
E00056323,188,55,14,41,133,119,14,29.25531914893617,7.446808510638298,21.808510638297875,70.74468085106383,63.297872340425535,7.446808510638298
E00056324,165,56,23,33,109,87,22,33.939393939393945,13.939393939393941,20,66.06060606060606,52.72727272727272,13.333333333333334
E00056325,148,47,19,28,101,86,15,31.756756756756754,12.837837837837837,18.91891891891892,68.24324324324324,58.108108108108105,10.135135135135135
E00056326,171,41,15,26,130,102,28,23.976608187134502,8.771929824561402,15.204678362573098,76.0233918128655,59.64912280701754,16.374269005847953
E00056327,154,38,12,26,116,95,21,24.675324675324674,7.792207792207792,16.883116883116884,75.32467532467533,61.68831168831169,13.636363636363635
E00056328,153,42,15,27,111,91,20,27.450980392156865,9.803921568627452,17.647058823529413,72.54901960784314,59.47712418300654,13.071895424836603
E00056329,102,35,15,20,67,57,10,34.31372549019608,14.705882352941178,19.607843137254903,65.68627450980392,55.88235294117647,9.803921568627452
E00056330,204,64,27,37,140,104,36,31.372549019607842,13.23529411764706,18.137254901960784,68.62745098039215,50.98039215686274,17.647058823529413
E00056331,171,45,17,28,126,102,24,26.31578947368421,9.941520467836257,16.374269005847953,73.68421052631578,59.64912280701754,14.035087719298245
E00056332,271,75,21,54,196,151,45,27.67527675276753,7.7490774907749085,19.92619926199262,72.32472324723247,55.71955719557196,16.605166051660518
E00056333,177,53,20,33,124,101,23,29.943502824858758,11.299435028248588,18.64406779661017,70.05649717514125,57.06214689265536,12.994350282485875
E00056334,160,55,18,37,105,91,14,34.375,11.25,23.125,65.625,56.875,8.75
E00056336,122,45,21,24,77,63,14,36.885245901639344,17.21311475409836,19.672131147540984,63.114754098360656,51.63934426229508,11.475409836065573
E00056337,88,24,11,13,64,50,14,27.27272727272727,12.5,14.772727272727273,72.72727272727273,56.81818181818182,15.909090909090908
E00056338,166,52,19,33,114,90,24,31.32530120481928,11.44578313253012,19.879518072289155,68.67469879518072,54.21686746987952,14.457831325301203
E00056339,150,52,16,36,98,90,8,34.66666666666667,10.666666666666668,24,65.33333333333333,60,5.333333333333334
E00056340,153,44,19,25,109,92,17,28.75816993464052,12.418300653594772,16.33986928104575,71.24183006535948,60.130718954248366,11.11111111111111
E00056341,147,42,17,25,105,86,19,28.57142857142857,11.564625850340136,17.006802721088434,71.42857142857143,58.50340136054422,12.925170068027212
E00056342,253,73,31,42,180,149,31,28.85375494071146,12.25296442687747,16.600790513833992,71.14624505928853,58.89328063241107,12.25296442687747
E00056343,211,65,23,42,146,125,21,30.80568720379147,10.90047393364929,19.90521327014218,69.19431279620854,59.241706161137444,9.95260663507109
E00056344,123,38,17,21,85,66,19,30.89430894308943,13.821138211382115,17.073170731707318,69.10569105691057,53.65853658536586,15.447154471544716
E00056345,147,48,23,25,99,88,11,32.6530612244898,15.646258503401361,17.006802721088434,67.3469387755102,59.863945578231295,7.482993197278912
E00056346,114,38,9,29,76,66,10,33.33333333333333,7.894736842105263,25.438596491228072,66.66666666666666,57.89473684210527,8.771929824561402
E00056347,187,53,13,40,134,114,20,28.342245989304814,6.951871657754011,21.390374331550802,71.65775401069519,60.962566844919785,10.695187165775401
E00056348,207,60,21,39,147,117,30,28.985507246376812,10.144927536231885,18.84057971014493,71.01449275362319,56.52173913043478,14.492753623188406
E00056349,121,31,9,22,90,75,15,25.6198347107438,7.43801652892562,18.181818181818183,74.3801652892562,61.98347107438017,12.396694214876034
E00056350,102,31,12,19,71,59,12,30.392156862745097,11.76470588235294,18.627450980392158,69.6078431372549,57.84313725490197,11.76470588235294
E00056351,124,43,18,25,81,69,12,34.67741935483871,14.516129032258066,20.161290322580644,65.32258064516128,55.64516129032258,9.67741935483871
E00056352,93,31,14,17,62,53,9,33.33333333333333,15.053763440860216,18.27956989247312,66.66666666666666,56.98924731182796,9.67741935483871
E00056353,147,45,18,27,102,86,16,30.612244897959183,12.244897959183673,18.367346938775512,69.38775510204081,58.50340136054422,10.884353741496598
E00056354,142,45,12,33,97,82,15,31.690140845070424,8.450704225352112,23.239436619718308,68.30985915492957,57.74647887323944,10.56338028169014
E00056355,128,35,15,20,93,78,15,27.34375,11.71875,15.625,72.65625,60.9375,11.71875
E00056356,129,41,17,24,88,73,15,31.782945736434108,13.178294573643413,18.6046511627907,68.21705426356588,56.58914728682171,11.627906976744185
E00056357,154,44,22,22,110,82,28,28.57142857142857,14.285714285714285,14.285714285714285,71.42857142857143,53.246753246753244,18.181818181818183
E00056358,172,38,19,19,134,111,23,22.093023255813954,11.046511627906977,11.046511627906977,77.90697674418605,64.53488372093024,13.372093023255813
E00056359,176,53,25,28,123,104,19,30.113636363636363,14.204545454545455,15.909090909090908,69.88636363636364,59.09090909090909,10.795454545454545
E00056360,139,42,13,29,97,71,26,30.215827338129497,9.352517985611511,20.863309352517987,69.7841726618705,51.07913669064749,18.705035971223023
E00056361,157,47,19,28,110,88,22,29.936305732484076,12.101910828025478,17.8343949044586,70.06369426751591,56.05095541401274,14.012738853503185
E00056362,197,66,23,43,131,102,29,33.50253807106599,11.6751269035533,21.82741116751269,66.49746192893402,51.776649746192895,14.720812182741117
E00056363,193,53,27,26,140,116,24,27.461139896373055,13.989637305699482,13.471502590673575,72.53886010362694,60.10362694300518,12.435233160621761
E00056364,136,40,11,29,96,76,20,29.411764705882355,8.088235294117647,21.323529411764707,70.58823529411765,55.88235294117647,14.705882352941178
E00056365,154,35,10,25,119,107,12,22.727272727272727,6.493506493506493,16.233766233766232,77.27272727272727,69.48051948051948,7.792207792207792
E00056366,119,44,21,23,75,60,15,36.97478991596639,17.647058823529413,19.327731092436977,63.02521008403361,50.42016806722689,12.605042016806722
E00056367,175,64,27,37,111,93,18,36.57142857142857,15.428571428571427,21.142857142857142,63.42857142857142,53.142857142857146,10.285714285714285
E00056368,218,65,17,48,153,126,27,29.81651376146789,7.79816513761468,22.018348623853214,70.18348623853211,57.798165137614674,12.385321100917432
E00056369,157,46,16,30,111,94,17,29.29936305732484,10.191082802547772,19.10828025477707,70.70063694267516,59.87261146496815,10.828025477707007
E00056370,135,47,24,23,88,72,16,34.81481481481482,17.77777777777778,17.037037037037038,65.18518518518519,53.333333333333336,11.851851851851853
E00056371,190,54,13,41,136,113,23,28.421052631578945,6.842105263157896,21.578947368421055,71.57894736842105,59.473684210526315,12.105263157894736
E00056372,164,57,27,30,107,87,20,34.756097560975604,16.463414634146343,18.29268292682927,65.2439024390244,53.04878048780488,12.195121951219512
E00056373,229,75,28,47,154,138,16,32.751091703056765,12.22707423580786,20.52401746724891,67.24890829694323,60.26200873362445,6.986899563318777
E00056374,186,54,18,36,132,110,22,29.03225806451613,9.67741935483871,19.35483870967742,70.96774193548387,59.13978494623656,11.827956989247312
E00056375,140,51,22,29,89,75,14,36.42857142857142,15.714285714285714,20.714285714285715,63.57142857142857,53.57142857142857,10
E00056376,165,50,18,32,115,86,29,30.303030303030305,10.909090909090908,19.393939393939394,69.6969696969697,52.121212121212125,17.575757575757574
E00056377,145,39,11,28,106,87,19,26.89655172413793,7.586206896551724,19.310344827586206,73.10344827586206,60,13.10344827586207
E00056378,204,63,26,37,141,96,45,30.88235294117647,12.745098039215685,18.137254901960784,69.11764705882352,47.05882352941176,22.058823529411764
E00056380,157,109,79,30,48,39,9,69.42675159235668,50.318471337579616,19.10828025477707,30.573248407643312,24.840764331210192,5.7324840764331215
E00056381,210,45,15,30,165,128,37,21.428571428571427,7.142857142857142,14.285714285714285,78.57142857142857,60.952380952380956,17.61904761904762
E00056382,151,48,19,29,103,84,19,31.788079470198678,12.582781456953644,19.205298013245034,68.21192052980133,55.62913907284768,12.582781456953644
E00056383,145,49,21,28,96,76,20,33.793103448275865,14.482758620689657,19.310344827586206,66.20689655172414,52.41379310344828,13.793103448275861
E00056384,136,42,14,28,94,75,19,30.88235294117647,10.294117647058822,20.588235294117645,69.11764705882352,55.14705882352941,13.970588235294118
E00056385,108,27,6,21,81,68,13,25,5.555555555555555,19.444444444444446,75,62.96296296296296,12.037037037037036
E00056386,165,52,20,32,113,85,28,31.515151515151512,12.121212121212121,19.393939393939394,68.48484848484848,51.515151515151516,16.969696969696972
E00056387,165,41,14,27,124,102,22,24.848484848484848,8.484848484848486,16.363636363636363,75.15151515151514,61.81818181818181,13.333333333333334
E00056389,119,38,14,24,81,72,9,31.932773109243694,11.76470588235294,20.168067226890756,68.0672268907563,60.50420168067227,7.563025210084033
E00056390,129,41,11,30,88,65,23,31.782945736434108,8.527131782945736,23.25581395348837,68.21705426356588,50.3875968992248,17.829457364341085
E00056391,184,55,14,41,129,107,22,29.891304347826086,7.608695652173914,22.282608695652172,70.1086956521739,58.152173913043484,11.956521739130435
E00056392,135,42,18,24,93,74,19,31.11111111111111,13.333333333333334,17.77777777777778,68.88888888888889,54.81481481481482,14.074074074074074
E00056393,181,58,18,40,123,107,16,32.04419889502763,9.94475138121547,22.099447513812155,67.95580110497238,59.11602209944752,8.83977900552486
E00056394,310,97,32,65,213,162,51,31.290322580645164,10.32258064516129,20.967741935483872,68.70967741935485,52.25806451612903,16.451612903225808
E00056395,263,69,20,49,194,177,17,26.23574144486692,7.604562737642586,18.631178707224336,73.76425855513308,67.30038022813687,6.4638783269961975
E00056396,194,53,16,37,141,121,20,27.31958762886598,8.24742268041237,19.072164948453608,72.68041237113401,62.371134020618555,10.309278350515463
E00056397,318,81,22,59,237,190,47,25.471698113207548,6.918238993710692,18.553459119496853,74.52830188679245,59.74842767295597,14.779874213836477
E00056398,76,26,10,16,50,44,6,34.21052631578947,13.157894736842104,21.052631578947366,65.78947368421053,57.89473684210527,7.894736842105263
E00056399,184,51,11,40,133,120,13,27.717391304347828,5.978260869565218,21.73913043478261,72.28260869565217,65.21739130434783,7.065217391304348
E00056400,152,57,25,32,95,64,31,37.5,16.447368421052634,21.052631578947366,62.5,42.10526315789473,20.394736842105264
E00056401,90,33,9,24,57,51,6,36.666666666666664,10,26.666666666666668,63.33333333333333,56.666666666666664,6.666666666666667
E00056402,95,24,10,14,71,54,17,25.263157894736842,10.526315789473683,14.736842105263156,74.73684210526315,56.84210526315789,17.894736842105264
E00056403,123,33,9,24,90,80,10,26.82926829268293,7.317073170731707,19.51219512195122,73.17073170731707,65.04065040650406,8.130081300813007
E00056404,136,38,12,26,98,81,17,27.941176470588236,8.823529411764707,19.11764705882353,72.05882352941177,59.55882352941176,12.5
E00056405,137,46,9,37,91,80,11,33.57664233576642,6.569343065693431,27.00729927007299,66.42335766423358,58.3941605839416,8.02919708029197
E00056406,125,37,20,17,88,76,12,29.599999999999998,16,13.600000000000001,70.39999999999999,60.8,9.6
E00056407,228,56,13,43,172,146,26,24.561403508771928,5.701754385964912,18.859649122807017,75.43859649122807,64.03508771929825,11.403508771929824
E00056408,119,32,9,23,87,77,10,26.89075630252101,7.563025210084033,19.327731092436977,73.10924369747899,64.70588235294117,8.403361344537815
E00056409,132,34,6,28,98,84,14,25.757575757575758,4.545454545454546,21.21212121212121,74.24242424242425,63.63636363636363,10.606060606060606
E00056410,120,28,8,20,92,81,11,23.333333333333332,6.666666666666667,16.666666666666664,76.66666666666667,67.5,9.166666666666666
E00056411,194,71,33,38,123,97,26,36.597938144329895,17.010309278350515,19.587628865979383,63.4020618556701,50,13.402061855670103
E00056412,140,37,17,20,103,84,19,26.42857142857143,12.142857142857142,14.285714285714285,73.57142857142858,60,13.571428571428571
E00056413,109,34,12,22,75,63,12,31.19266055045872,11.009174311926607,20.18348623853211,68.80733944954129,57.798165137614674,11.009174311926607
E00056414,195,57,28,29,138,105,33,29.230769230769234,14.358974358974358,14.871794871794872,70.76923076923077,53.84615384615385,16.923076923076923
E00056415,75,25,9,16,50,44,6,33.33333333333333,12,21.333333333333336,66.66666666666666,58.666666666666664,8
E00056416,123,52,17,35,71,53,18,42.27642276422765,13.821138211382115,28.455284552845526,57.72357723577236,43.08943089430895,14.634146341463413
E00056417,122,39,8,31,83,71,12,31.967213114754102,6.557377049180328,25.40983606557377,68.0327868852459,58.19672131147541,9.836065573770492
E00056418,118,40,12,28,78,57,21,33.89830508474576,10.16949152542373,23.728813559322035,66.10169491525424,48.30508474576271,17.796610169491526
E00056419,210,81,22,59,129,108,21,38.57142857142858,10.476190476190476,28.095238095238095,61.42857142857143,51.42857142857142,10
E00056420,118,37,10,27,81,68,13,31.35593220338983,8.47457627118644,22.88135593220339,68.64406779661016,57.6271186440678,11.016949152542372
E00056421,153,43,15,28,110,93,17,28.104575163398692,9.803921568627452,18.30065359477124,71.89542483660131,60.78431372549019,11.11111111111111
E00056422,144,35,11,24,109,100,9,24.305555555555554,7.638888888888889,16.666666666666664,75.69444444444444,69.44444444444444,6.25
E00056423,160,44,20,24,116,98,18,27.500000000000004,12.5,15,72.5,61.25000000000001,11.25
E00056424,106,37,10,27,69,60,9,34.90566037735849,9.433962264150944,25.471698113207548,65.09433962264151,56.60377358490566,8.49056603773585
E00056425,139,47,18,29,92,82,10,33.81294964028777,12.949640287769784,20.863309352517987,66.18705035971223,58.992805755395686,7.1942446043165464
E00056426,173,45,15,30,128,106,22,26.011560693641616,8.670520231213873,17.341040462427745,73.98843930635837,61.27167630057804,12.716763005780345
E00056427,186,52,24,28,134,107,27,27.956989247311824,12.903225806451612,15.053763440860216,72.04301075268818,57.52688172043011,14.516129032258066
E00056428,160,47,14,33,113,94,19,29.375,8.75,20.625,70.625,58.75,11.875
E00056429,139,49,19,30,90,68,22,35.25179856115108,13.66906474820144,21.58273381294964,64.74820143884892,48.92086330935252,15.827338129496402
E00056430,117,43,9,34,74,57,17,36.75213675213676,7.6923076923076925,29.059829059829063,63.24786324786324,48.717948717948715,14.529914529914532
E00056431,144,45,18,27,99,87,12,31.25,12.5,18.75,68.75,60.416666666666664,8.333333333333332
E00056432,91,36,13,23,55,41,14,39.56043956043956,14.285714285714285,25.274725274725274,60.43956043956044,45.05494505494506,15.384615384615385
E00056433,167,49,7,42,118,95,23,29.34131736526946,4.191616766467066,25.149700598802394,70.65868263473054,56.886227544910184,13.77245508982036
E00056434,121,26,5,21,95,84,11,21.487603305785125,4.132231404958678,17.355371900826448,78.51239669421489,69.42148760330579,9.090909090909092
E00056435,191,53,13,40,138,117,21,27.748691099476442,6.806282722513089,20.94240837696335,72.25130890052355,61.25654450261781,10.99476439790576
E00056436,157,45,15,30,112,95,17,28.662420382165603,9.554140127388536,19.10828025477707,71.3375796178344,60.509554140127385,10.828025477707007
E00056437,149,42,7,35,107,92,15,28.187919463087248,4.697986577181208,23.48993288590604,71.81208053691275,61.74496644295302,10.06711409395973
E00056438,123,37,16,21,86,77,9,30.081300813008134,13.008130081300814,17.073170731707318,69.91869918699187,62.601626016260155,7.317073170731707
E00056439,140,33,7,26,107,96,11,23.57142857142857,5,18.571428571428573,76.42857142857142,68.57142857142857,7.857142857142857
E00056440,120,34,10,24,86,75,11,28.333333333333332,8.333333333333332,20,71.66666666666667,62.5,9.166666666666666
E00056441,124,34,4,30,90,81,9,27.419354838709676,3.225806451612903,24.193548387096776,72.58064516129032,65.32258064516128,7.258064516129033
E00056442,187,61,23,38,126,95,31,32.62032085561498,12.299465240641712,20.32085561497326,67.37967914438502,50.80213903743316,16.577540106951872
E00056443,133,42,13,29,91,71,20,31.57894736842105,9.774436090225564,21.804511278195488,68.42105263157895,53.383458646616546,15.037593984962406
E00056445,117,40,7,33,77,67,10,34.18803418803419,5.982905982905983,28.205128205128204,65.8119658119658,57.26495726495726,8.547008547008547
E00056446,168,54,17,37,114,94,20,32.142857142857146,10.119047619047619,22.023809523809522,67.85714285714286,55.952380952380956,11.904761904761903
E00056447,115,33,10,23,82,72,10,28.695652173913043,8.695652173913043,20,71.30434782608695,62.60869565217392,8.695652173913043
E00056448,175,55,15,40,120,95,25,31.428571428571427,8.571428571428571,22.857142857142858,68.57142857142857,54.285714285714285,14.285714285714285
E00056449,149,50,17,33,99,87,12,33.557046979865774,11.409395973154362,22.14765100671141,66.44295302013423,58.38926174496645,8.053691275167784
E00056450,122,29,6,23,93,81,12,23.770491803278688,4.918032786885246,18.852459016393443,76.22950819672131,66.39344262295081,9.836065573770492
E00056451,176,45,8,37,131,110,21,25.568181818181817,4.545454545454546,21.022727272727273,74.43181818181817,62.5,11.931818181818182
E00056452,220,50,15,35,170,147,23,22.727272727272727,6.8181818181818175,15.909090909090908,77.27272727272727,66.81818181818183,10.454545454545453
E00056453,110,38,15,23,72,62,10,34.54545454545455,13.636363636363635,20.909090909090907,65.45454545454545,56.36363636363636,9.090909090909092
E00056454,137,44,13,31,93,82,11,32.11678832116788,9.48905109489051,22.62773722627737,67.88321167883211,59.854014598540154,8.02919708029197
E00056455,48,23,6,17,25,24,1,47.91666666666667,12.5,35.41666666666667,52.083333333333336,50,2.083333333333333
E00056456,172,53,14,39,119,108,11,30.813953488372093,8.13953488372093,22.674418604651162,69.18604651162791,62.7906976744186,6.395348837209303
E00056457,225,60,23,37,165,148,17,26.666666666666668,10.222222222222223,16.444444444444446,73.33333333333333,65.77777777777779,7.555555555555555
E00056458,228,60,20,40,168,133,35,26.31578947368421,8.771929824561402,17.543859649122805,73.68421052631578,58.333333333333336,15.350877192982457
E00056459,135,38,14,24,97,91,6,28.14814814814815,10.37037037037037,17.77777777777778,71.85185185185186,67.4074074074074,4.444444444444445
E00056461,134,54,17,37,80,72,8,40.298507462686565,12.686567164179104,27.611940298507463,59.70149253731343,53.73134328358209,5.970149253731343
E00056462,144,42,13,29,102,91,11,29.166666666666668,9.027777777777777,20.13888888888889,70.83333333333334,63.19444444444444,7.638888888888889
E00056464,148,30,8,22,118,105,13,20.27027027027027,5.405405405405405,14.864864864864865,79.72972972972973,70.94594594594594,8.783783783783784
E00056465,158,51,17,34,107,101,6,32.278481012658226,10.759493670886076,21.518987341772153,67.72151898734177,63.92405063291139,3.79746835443038
E00056466,151,38,13,25,113,94,19,25.165562913907287,8.609271523178808,16.55629139072848,74.83443708609272,62.251655629139066,12.582781456953644
E00056467,148,49,20,29,99,79,20,33.108108108108105,13.513513513513514,19.594594594594593,66.8918918918919,53.37837837837838,13.513513513513514
E00056469,94,33,11,22,61,55,6,35.1063829787234,11.702127659574469,23.404255319148938,64.8936170212766,58.51063829787234,6.382978723404255
E00056470,147,44,15,29,103,81,22,29.931972789115648,10.204081632653061,19.727891156462583,70.06802721088435,55.10204081632652,14.965986394557824
E00056471,106,32,4,28,74,70,4,30.18867924528302,3.7735849056603774,26.41509433962264,69.81132075471697,66.0377358490566,3.7735849056603774
E00056472,154,43,14,29,111,93,18,27.92207792207792,9.090909090909092,18.83116883116883,72.07792207792207,60.3896103896104,11.688311688311687
E00056473,48,19,4,15,29,25,4,39.58333333333333,8.333333333333332,31.25,60.416666666666664,52.083333333333336,8.333333333333332
E00056474,179,53,21,32,126,97,29,29.608938547486037,11.731843575418994,17.877094972067038,70.39106145251397,54.18994413407822,16.201117318435752
E00056475,187,51,8,43,136,113,23,27.27272727272727,4.27807486631016,22.994652406417114,72.72727272727273,60.42780748663101,12.299465240641712
E00056476,148,43,10,33,105,93,12,29.054054054054053,6.756756756756757,22.2972972972973,70.94594594594594,62.83783783783784,8.108108108108109
E00056478,122,34,7,27,88,79,9,27.86885245901639,5.737704918032787,22.131147540983605,72.1311475409836,64.75409836065575,7.377049180327869
E00056479,170,48,21,27,122,91,31,28.235294117647058,12.352941176470589,15.88235294117647,71.76470588235294,53.529411764705884,18.235294117647058
E00056480,110,30,6,24,80,68,12,27.27272727272727,5.454545454545454,21.818181818181817,72.72727272727273,61.81818181818181,10.909090909090908
E00056481,64,22,7,15,42,41,1,34.375,10.9375,23.4375,65.625,64.0625,1.5625
E00056482,124,33,15,18,91,79,12,26.61290322580645,12.096774193548388,14.516129032258066,73.38709677419355,63.70967741935484,9.67741935483871
E00056483,113,32,10,22,81,69,12,28.31858407079646,8.849557522123893,19.469026548672566,71.68141592920354,61.06194690265486,10.619469026548673
E00056484,166,45,19,26,121,108,13,27.10843373493976,11.44578313253012,15.66265060240964,72.89156626506023,65.06024096385542,7.83132530120482
E00056485,134,42,18,24,92,78,14,31.343283582089555,13.432835820895523,17.91044776119403,68.65671641791045,58.2089552238806,10.44776119402985
E00056486,203,62,20,42,141,116,25,30.541871921182267,9.852216748768473,20.689655172413794,69.45812807881774,57.14285714285714,12.31527093596059
E00056487,143,52,9,43,91,79,12,36.36363636363637,6.293706293706294,30.069930069930066,63.63636363636363,55.24475524475524,8.391608391608392
E00056488,161,43,14,29,118,101,17,26.70807453416149,8.695652173913043,18.012422360248447,73.29192546583852,62.732919254658384,10.559006211180124
E00056489,146,50,13,37,96,87,9,34.24657534246575,8.904109589041095,25.34246575342466,65.75342465753424,59.589041095890416,6.164383561643835
E00056490,149,43,17,26,106,92,14,28.859060402684566,11.409395973154362,17.449664429530202,71.14093959731544,61.74496644295302,9.395973154362416
E00056491,160,39,14,25,121,109,12,24.375,8.75,15.625,75.625,68.125,7.5
E00056492,133,39,14,25,94,81,13,29.32330827067669,10.526315789473683,18.796992481203006,70.67669172932331,60.902255639097746,9.774436090225564
E00056493,112,38,10,28,74,69,5,33.92857142857143,8.928571428571429,25,66.07142857142857,61.60714285714286,4.464285714285714
E00056494,134,42,10,32,92,83,9,31.343283582089555,7.462686567164178,23.88059701492537,68.65671641791045,61.940298507462686,6.7164179104477615
E00056495,87,25,5,20,62,60,2,28.735632183908045,5.747126436781609,22.988505747126435,71.26436781609196,68.96551724137932,2.2988505747126435
E00056496,128,39,13,26,89,70,19,30.46875,10.15625,20.3125,69.53125,54.6875,14.84375
E00056497,103,25,7,18,78,63,15,24.271844660194176,6.796116504854369,17.475728155339805,75.72815533980582,61.165048543689316,14.563106796116504
E00056498,122,55,17,38,67,58,9,45.08196721311475,13.934426229508196,31.147540983606557,54.91803278688525,47.540983606557376,7.377049180327869
E00056499,136,31,10,21,105,94,11,22.794117647058822,7.352941176470589,15.441176470588236,77.20588235294117,69.11764705882352,8.088235294117647
E00056500,131,39,7,32,92,81,11,29.770992366412212,5.343511450381679,24.427480916030532,70.22900763358778,61.832061068702295,8.396946564885496
E00056501,97,29,11,18,68,60,8,29.896907216494846,11.34020618556701,18.556701030927837,70.10309278350515,61.855670103092784,8.24742268041237
E00056502,125,34,6,28,91,79,12,27.200000000000003,4.8,22.400000000000002,72.8,63.2,9.6
E00056503,247,81,27,54,166,137,29,32.79352226720648,10.931174089068826,21.86234817813765,67.20647773279353,55.465587044534416,11.740890688259109
E00056504,175,61,23,38,114,88,26,34.85714285714286,13.142857142857142,21.714285714285715,65.14285714285715,50.28571428571429,14.857142857142858
E00056505,156,53,18,35,103,94,9,33.97435897435898,11.538461538461538,22.435897435897438,66.02564102564102,60.256410256410255,5.769230769230769
E00056506,192,57,19,38,135,115,20,29.6875,9.895833333333332,19.791666666666664,70.3125,59.895833333333336,10.416666666666668
E00056507,190,46,10,36,144,119,25,24.210526315789473,5.263157894736842,18.947368421052634,75.78947368421053,62.63157894736842,13.157894736842104
E00056508,218,58,18,40,160,138,22,26.605504587155966,8.256880733944955,18.34862385321101,73.39449541284404,63.30275229357798,10.091743119266056
E00056509,133,40,11,29,93,83,10,30.075187969924812,8.270676691729323,21.804511278195488,69.92481203007519,62.40601503759399,7.518796992481203
E00056510,136,43,14,29,93,82,11,31.61764705882353,10.294117647058822,21.323529411764707,68.38235294117648,60.29411764705882,8.088235294117647
E00056511,160,45,16,29,115,93,22,28.125,10,18.125,71.875,58.12500000000001,13.750000000000002
E00056512,168,39,14,25,129,108,21,23.214285714285715,8.333333333333332,14.880952380952381,76.78571428571429,64.28571428571429,12.5
E00056513,144,32,7,25,112,100,12,22.22222222222222,4.861111111111112,17.36111111111111,77.77777777777779,69.44444444444444,8.333333333333332
E00056514,116,34,9,25,82,74,8,29.310344827586203,7.758620689655173,21.551724137931032,70.6896551724138,63.793103448275865,6.896551724137931
E00056515,159,47,13,34,112,102,10,29.559748427672954,8.176100628930817,21.38364779874214,70.44025157232704,64.15094339622641,6.289308176100629
E00056516,123,34,8,26,89,72,17,27.64227642276423,6.504065040650407,21.138211382113823,72.35772357723577,58.536585365853654,13.821138211382115
E00056517,183,49,18,31,134,120,14,26.775956284153008,9.836065573770492,16.939890710382514,73.224043715847,65.57377049180327,7.650273224043716
E00056518,152,38,9,29,114,100,14,25,5.921052631578947,19.078947368421055,75,65.78947368421053,9.210526315789473
E00056519,145,37,11,26,108,99,9,25.517241379310345,7.586206896551724,17.93103448275862,74.48275862068967,68.27586206896552,6.206896551724138
E00056520,147,49,11,38,98,85,13,33.33333333333333,7.482993197278912,25.850340136054424,66.66666666666666,57.82312925170068,8.843537414965986
E00056521,101,29,9,20,72,61,11,28.71287128712871,8.91089108910891,19.801980198019802,71.28712871287128,60.396039603960396,10.891089108910892
E00056522,142,39,17,22,103,85,18,27.464788732394368,11.971830985915492,15.492957746478872,72.53521126760563,59.859154929577464,12.676056338028168
E00056523,123,34,14,20,89,73,16,27.64227642276423,11.38211382113821,16.260162601626014,72.35772357723577,59.34959349593496,13.008130081300814
E00056524,129,49,23,26,80,66,14,37.98449612403101,17.829457364341085,20.155038759689923,62.01550387596899,51.162790697674424,10.852713178294573
E00056525,132,42,7,35,90,79,11,31.818181818181817,5.303030303030303,26.515151515151516,68.18181818181817,59.84848484848485,8.333333333333332
E00056526,83,11,1,10,72,65,7,13.253012048192772,1.2048192771084338,12.048192771084338,86.74698795180723,78.3132530120482,8.433734939759036
E00056527,163,37,11,26,126,110,16,22.699386503067483,6.748466257668712,15.950920245398773,77.30061349693251,67.48466257668711,9.815950920245399
E00056528,162,57,26,31,105,87,18,35.18518518518518,16.049382716049383,19.1358024691358,64.81481481481481,53.70370370370371,11.11111111111111
E00056529,63,21,8,13,42,38,4,33.33333333333333,12.698412698412698,20.634920634920633,66.66666666666666,60.317460317460316,6.349206349206349
E00056530,87,19,0,19,68,61,7,21.839080459770116,0,21.839080459770116,78.16091954022988,70.11494252873564,8.045977011494253
E00056532,159,45,11,34,114,103,11,28.30188679245283,6.918238993710692,21.38364779874214,71.69811320754717,64.77987421383648,6.918238993710692
E00056533,73,20,8,12,53,41,12,27.397260273972602,10.95890410958904,16.43835616438356,72.6027397260274,56.16438356164384,16.43835616438356
E00056534,123,41,6,35,82,69,13,33.33333333333333,4.878048780487805,28.455284552845526,66.66666666666666,56.09756097560976,10.569105691056912
E00056535,179,51,18,33,128,107,21,28.49162011173184,10.05586592178771,18.435754189944134,71.50837988826815,59.77653631284916,11.731843575418994
E00056536,172,46,12,34,126,115,11,26.744186046511626,6.976744186046512,19.767441860465116,73.25581395348837,66.86046511627907,6.395348837209303
E00056537,141,44,18,26,97,90,7,31.20567375886525,12.76595744680851,18.439716312056735,68.79432624113475,63.829787234042556,4.964539007092199
E00056538,124,31,7,24,93,84,9,25,5.64516129032258,19.35483870967742,75,67.74193548387096,7.258064516129033
E00056539,101,25,5,20,76,64,12,24.752475247524753,4.9504950495049505,19.801980198019802,75.24752475247524,63.366336633663366,11.881188118811881
E00056540,159,52,15,37,107,90,17,32.70440251572327,9.433962264150944,23.270440251572328,67.29559748427673,56.60377358490566,10.69182389937107
E00056541,116,25,9,16,91,76,15,21.551724137931032,7.758620689655173,13.793103448275861,78.44827586206897,65.51724137931035,12.931034482758621
E00056542,98,38,11,27,60,49,11,38.775510204081634,11.224489795918368,27.55102040816326,61.224489795918366,50,11.224489795918368
E00056543,133,39,10,29,94,85,9,29.32330827067669,7.518796992481203,21.804511278195488,70.67669172932331,63.90977443609023,6.7669172932330826
E00056544,143,30,10,20,113,97,16,20.97902097902098,6.993006993006993,13.986013986013987,79.02097902097903,67.83216783216784,11.188811188811188
E00056545,138,49,22,27,89,79,10,35.507246376811594,15.942028985507244,19.565217391304348,64.4927536231884,57.2463768115942,7.246376811594203
E00056546,131,32,9,23,99,90,9,24.427480916030532,6.870229007633588,17.557251908396946,75.57251908396947,68.70229007633588,6.870229007633588
E00056548,156,48,15,33,108,94,14,30.76923076923077,9.615384615384617,21.153846153846153,69.23076923076923,60.256410256410255,8.974358974358974
E00056549,82,35,16,19,47,43,4,42.68292682926829,19.51219512195122,23.170731707317074,57.3170731707317,52.4390243902439,4.878048780487805
E00056550,105,54,21,33,51,46,5,51.42857142857142,20,31.428571428571427,48.57142857142857,43.80952380952381,4.761904761904762
E00056552,77,20,8,12,57,52,5,25.97402597402597,10.38961038961039,15.584415584415584,74.02597402597402,67.53246753246754,6.493506493506493
E00056554,98,44,16,28,54,48,6,44.89795918367347,16.3265306122449,28.57142857142857,55.10204081632652,48.97959183673469,6.122448979591836
E00056555,131,47,18,29,84,79,5,35.87786259541985,13.740458015267176,22.137404580152673,64.12213740458014,60.30534351145038,3.816793893129771
E00056556,103,45,17,28,58,52,6,43.689320388349515,16.50485436893204,27.184466019417474,56.310679611650485,50.48543689320388,5.825242718446602
E00056557,149,38,13,25,111,94,17,25.503355704697988,8.724832214765101,16.778523489932887,74.49664429530202,63.08724832214765,11.409395973154362
E00056558,44,14,6,8,30,27,3,31.818181818181817,13.636363636363635,18.181818181818183,68.18181818181817,61.36363636363637,6.8181818181818175
E00056559,117,48,14,34,69,63,6,41.02564102564102,11.965811965811966,29.059829059829063,58.97435897435898,53.84615384615385,5.128205128205128
E00056560,122,61,14,47,61,61,0,50,11.475409836065573,38.52459016393443,50,50,0
E00056561,143,62,28,34,81,70,11,43.35664335664335,19.58041958041958,23.776223776223777,56.64335664335665,48.95104895104895,7.6923076923076925
E00056562,99,45,19,26,54,47,7,45.45454545454545,19.19191919191919,26.262626262626267,54.54545454545454,47.474747474747474,7.07070707070707
E00056563,102,48,18,30,54,45,9,47.05882352941176,17.647058823529413,29.411764705882355,52.94117647058824,44.11764705882353,8.823529411764707
E00056564,179,54,18,36,125,110,15,30.16759776536313,10.05586592178771,20.11173184357542,69.83240223463687,61.452513966480446,8.379888268156424
E00056566,103,39,16,23,64,56,8,37.86407766990291,15.53398058252427,22.330097087378643,62.13592233009708,54.36893203883495,7.766990291262135
E00056567,157,55,19,36,102,92,10,35.03184713375796,12.101910828025478,22.929936305732486,64.96815286624204,58.59872611464968,6.369426751592357
E00056568,148,46,17,29,102,97,5,31.08108108108108,11.486486486486488,19.594594594594593,68.91891891891892,65.54054054054053,3.3783783783783785
E00056569,111,53,24,29,58,56,2,47.74774774774775,21.62162162162162,26.126126126126124,52.25225225225225,50.45045045045045,1.8018018018018018
E00056570,141,59,25,34,82,71,11,41.843971631205676,17.73049645390071,24.113475177304963,58.156028368794324,50.35460992907801,7.801418439716312
E00056571,123,32,13,19,91,84,7,26.01626016260163,10.569105691056912,15.447154471544716,73.98373983739837,68.29268292682927,5.691056910569105
E00056572,132,54,12,42,78,69,9,40.909090909090914,9.090909090909092,31.818181818181817,59.09090909090909,52.27272727272727,6.8181818181818175
E00056573,167,63,20,43,104,92,12,37.72455089820359,11.976047904191617,25.748502994011975,62.27544910179641,55.08982035928144,7.18562874251497
E00056574,92,33,6,27,59,55,4,35.869565217391305,6.521739130434782,29.347826086956523,64.13043478260869,59.78260869565217,4.3478260869565215
E00056575,154,60,21,39,94,90,4,38.961038961038966,13.636363636363635,25.324675324675322,61.038961038961034,58.44155844155844,2.5974025974025974
E00056576,130,45,16,29,85,71,14,34.61538461538461,12.307692307692308,22.30769230769231,65.38461538461539,54.61538461538461,10.76923076923077
E00056577,138,44,17,27,94,82,12,31.88405797101449,12.318840579710146,19.565217391304348,68.11594202898551,59.42028985507246,8.695652173913043
E00056578,141,33,9,24,108,97,11,23.404255319148938,6.382978723404255,17.02127659574468,76.59574468085107,68.79432624113475,7.801418439716312
E00056579,131,49,17,32,82,73,9,37.404580152671755,12.977099236641221,24.427480916030532,62.59541984732825,55.72519083969466,6.870229007633588
E00056580,126,41,15,26,85,75,10,32.53968253968254,11.904761904761903,20.634920634920633,67.46031746031747,59.523809523809526,7.936507936507936
E00056581,117,44,16,28,73,68,5,37.60683760683761,13.675213675213676,23.931623931623932,62.39316239316239,58.119658119658126,4.273504273504273
E00056582,70,17,4,13,53,43,10,24.285714285714285,5.714285714285714,18.571428571428573,75.71428571428571,61.42857142857143,14.285714285714285
E00056583,118,38,17,21,80,67,13,32.20338983050847,14.40677966101695,17.796610169491526,67.79661016949152,56.779661016949156,11.016949152542372
E00056584,153,51,16,35,102,86,16,33.33333333333333,10.457516339869281,22.875816993464053,66.66666666666666,56.209150326797385,10.457516339869281
E00056585,86,30,11,19,56,50,6,34.883720930232556,12.790697674418606,22.093023255813954,65.11627906976744,58.139534883720934,6.976744186046512
E00056586,32,17,5,12,15,12,3,53.125,15.625,37.5,46.875,37.5,9.375
E00056587,118,38,16,22,80,74,6,32.20338983050847,13.559322033898304,18.64406779661017,67.79661016949152,62.71186440677966,5.084745762711865
E00056588,103,25,9,16,78,70,8,24.271844660194176,8.737864077669903,15.53398058252427,75.72815533980582,67.96116504854369,7.766990291262135
E00056589,72,26,12,14,46,39,7,36.11111111111111,16.666666666666664,19.444444444444446,63.888888888888886,54.166666666666664,9.722222222222223
E00056590,116,32,10,22,84,68,16,27.586206896551722,8.620689655172415,18.96551724137931,72.41379310344827,58.620689655172406,13.793103448275861
E00056591,140,36,17,19,104,87,17,25.71428571428571,12.142857142857142,13.571428571428571,74.28571428571429,62.142857142857146,12.142857142857142
E00056592,183,65,25,40,118,104,14,35.51912568306011,13.661202185792352,21.85792349726776,64.48087431693989,56.830601092896174,7.650273224043716
E00056593,177,51,20,31,126,95,31,28.8135593220339,11.299435028248588,17.51412429378531,71.1864406779661,53.672316384180796,17.51412429378531
E00056594,173,53,30,23,120,103,17,30.63583815028902,17.341040462427745,13.294797687861271,69.36416184971098,59.53757225433526,9.826589595375722
E00056595,138,42,12,30,96,89,7,30.434782608695656,8.695652173913043,21.73913043478261,69.56521739130434,64.4927536231884,5.072463768115942
E00056596,115,35,12,23,80,72,8,30.434782608695656,10.434782608695652,20,69.56521739130434,62.60869565217392,6.956521739130435
E00056597,133,62,21,41,71,66,5,46.616541353383454,15.789473684210526,30.82706766917293,53.383458646616546,49.62406015037594,3.7593984962406015
E00056598,54,17,4,13,37,35,2,31.48148148148148,7.4074074074074066,24.074074074074073,68.51851851851852,64.81481481481481,3.7037037037037033
E00056599,184,41,9,32,143,125,18,22.282608695652172,4.891304347826087,17.391304347826086,77.71739130434783,67.93478260869566,9.782608695652174
E00056600,116,43,13,30,73,67,6,37.06896551724138,11.206896551724139,25.862068965517242,62.93103448275862,57.758620689655174,5.172413793103448
E00056601,125,43,13,30,82,74,8,34.4,10.4,24,65.60000000000001,59.199999999999996,6.4
E00056602,125,37,13,24,88,76,12,29.599999999999998,10.4,19.2,70.39999999999999,60.8,9.6
E00056603,135,36,14,22,99,85,14,26.666666666666668,10.37037037037037,16.296296296296298,73.33333333333333,62.96296296296296,10.37037037037037
E00056604,128,34,13,21,94,85,9,26.5625,10.15625,16.40625,73.4375,66.40625,7.03125
E00056605,161,69,31,38,92,84,8,42.857142857142854,19.25465838509317,23.60248447204969,57.14285714285714,52.17391304347826,4.968944099378882
E00056606,113,53,27,26,60,52,8,46.902654867256636,23.893805309734514,23.008849557522122,53.09734513274337,46.017699115044245,7.079646017699115
E00056607,152,41,13,28,111,99,12,26.973684210526315,8.552631578947368,18.421052631578945,73.02631578947368,65.13157894736842,7.894736842105263
E00056608,180,58,15,43,122,104,18,32.22222222222222,8.333333333333332,23.88888888888889,67.77777777777779,57.77777777777777,10
E00056609,137,55,31,24,82,77,5,40.14598540145985,22.62773722627737,17.51824817518248,59.854014598540154,56.20437956204379,3.64963503649635
E00056610,131,41,12,29,90,80,10,31.297709923664126,9.16030534351145,22.137404580152673,68.70229007633588,61.06870229007634,7.633587786259542
E00056611,100,19,5,14,81,76,5,19,5,14.000000000000002,81,76,5
E00056612,104,34,14,20,70,58,12,32.69230769230769,13.461538461538462,19.230769230769234,67.3076923076923,55.769230769230774,11.538461538461538
E00056614,125,37,14,23,88,80,8,29.599999999999998,11.200000000000001,18.4,70.39999999999999,64,6.4
E00056615,102,21,4,17,81,72,9,20.588235294117645,3.9215686274509802,16.666666666666664,79.41176470588235,70.58823529411765,8.823529411764707
E00056616,99,39,17,22,60,53,7,39.39393939393939,17.17171717171717,22.22222222222222,60.60606060606061,53.535353535353536,7.07070707070707
E00056617,141,63,23,40,78,71,7,44.680851063829785,16.312056737588655,28.368794326241137,55.319148936170215,50.35460992907801,4.964539007092199
E00056618,183,92,38,54,91,83,8,50.27322404371585,20.76502732240437,29.508196721311474,49.72677595628415,45.3551912568306,4.371584699453552
E00056619,86,38,16,22,48,42,6,44.18604651162791,18.6046511627907,25.581395348837212,55.81395348837209,48.837209302325576,6.976744186046512
E00056620,104,46,12,34,58,44,14,44.230769230769226,11.538461538461538,32.69230769230769,55.769230769230774,42.30769230769231,13.461538461538462
E00056621,106,38,8,30,68,61,7,35.84905660377358,7.547169811320755,28.30188679245283,64.15094339622641,57.54716981132076,6.60377358490566
E00056622,118,71,32,39,47,43,4,60.16949152542372,27.11864406779661,33.05084745762712,39.83050847457627,36.440677966101696,3.389830508474576
E00056623,80,27,3,24,53,48,5,33.75,3.75,30,66.25,60,6.25
E00056624,122,42,14,28,80,71,9,34.42622950819672,11.475409836065573,22.950819672131146,65.57377049180327,58.19672131147541,7.377049180327869
E00056625,148,64,26,38,84,69,15,43.24324324324324,17.56756756756757,25.675675675675674,56.75675675675676,46.62162162162162,10.135135135135135
E00056626,166,47,17,30,119,110,9,28.313253012048197,10.240963855421686,18.072289156626507,71.6867469879518,66.26506024096386,5.421686746987952
E00056627,72,24,5,19,48,46,2,33.33333333333333,6.944444444444445,26.38888888888889,66.66666666666666,63.888888888888886,2.7777777777777777
E00056628,86,25,12,13,61,51,10,29.069767441860467,13.953488372093023,15.11627906976744,70.93023255813954,59.30232558139535,11.627906976744185
E00056629,130,49,15,34,81,74,7,37.69230769230769,11.538461538461538,26.153846153846157,62.30769230769231,56.92307692307692,5.384615384615385
E00056630,174,46,11,35,128,109,19,26.436781609195403,6.321839080459771,20.114942528735632,73.5632183908046,62.643678160919535,10.919540229885058
E00056631,164,53,17,36,111,107,4,32.31707317073171,10.365853658536585,21.951219512195124,67.6829268292683,65.2439024390244,2.4390243902439024
E00056632,125,49,17,32,76,68,8,39.2,13.600000000000001,25.6,60.8,54.400000000000006,6.4
E00056633,131,39,16,23,92,79,13,29.770992366412212,12.213740458015266,17.557251908396946,70.22900763358778,60.30534351145038,9.923664122137405
E00056634,115,37,11,26,78,74,4,32.17391304347826,9.565217391304348,22.608695652173914,67.82608695652173,64.34782608695652,3.4782608695652173
E00056635,152,56,18,38,96,87,9,36.84210526315789,11.842105263157894,25,63.1578947368421,57.23684210526315,5.921052631578947
E00056636,114,36,11,25,78,69,9,31.57894736842105,9.649122807017543,21.929824561403507,68.42105263157895,60.526315789473685,7.894736842105263
E00056637,188,60,20,40,128,111,17,31.914893617021278,10.638297872340425,21.27659574468085,68.08510638297872,59.04255319148937,9.042553191489363
E00056638,171,68,40,28,103,92,11,39.76608187134503,23.391812865497073,16.374269005847953,60.23391812865497,53.80116959064327,6.432748538011696
E00056639,107,23,9,14,84,73,11,21.49532710280374,8.411214953271028,13.084112149532709,78.50467289719626,68.22429906542055,10.2803738317757
E00056640,119,24,5,19,95,85,10,20.168067226890756,4.201680672268908,15.966386554621847,79.83193277310924,71.42857142857143,8.403361344537815
E00056641,75,35,14,21,40,39,1,46.666666666666664,18.666666666666668,28.000000000000004,53.333333333333336,52,1.3333333333333335
E00056642,96,34,11,23,62,57,5,35.41666666666667,11.458333333333332,23.958333333333336,64.58333333333334,59.375,5.208333333333334
E00056643,125,32,7,25,93,85,8,25.6,5.6000000000000005,20,74.4,68,6.4
E00056644,147,51,25,26,96,82,14,34.69387755102041,17.006802721088434,17.687074829931973,65.3061224489796,55.78231292517006,9.523809523809524
E00056645,271,64,16,48,207,169,38,23.616236162361623,5.904059040590406,17.712177121771216,76.38376383763837,62.36162361623616,14.022140221402212
E00056646,191,56,21,35,135,114,21,29.31937172774869,10.99476439790576,18.32460732984293,70.68062827225131,59.68586387434554,10.99476439790576
E00056647,144,42,10,32,102,88,14,29.166666666666668,6.944444444444445,22.22222222222222,70.83333333333334,61.111111111111114,9.722222222222223
E00056648,100,37,10,27,63,52,11,37,10,27,63,52,11
E00056649,96,24,10,14,72,62,10,25,10.416666666666668,14.583333333333334,75,64.58333333333334,10.416666666666668
E00056651,135,41,15,26,94,79,15,30.37037037037037,11.11111111111111,19.25925925925926,69.62962962962963,58.51851851851851,11.11111111111111
E00056652,181,55,18,37,126,105,21,30.386740331491712,9.94475138121547,20.441988950276244,69.61325966850829,58.011049723756905,11.602209944751381
E00056653,151,35,9,26,116,98,18,23.178807947019866,5.960264900662252,17.218543046357617,76.82119205298014,64.90066225165563,11.920529801324504
E00056654,137,31,11,20,106,79,27,22.62773722627737,8.02919708029197,14.5985401459854,77.37226277372264,57.66423357664233,19.708029197080293
E00056655,138,44,17,27,94,88,6,31.88405797101449,12.318840579710146,19.565217391304348,68.11594202898551,63.76811594202898,4.3478260869565215
E00056656,126,43,13,30,83,71,12,34.12698412698413,10.317460317460316,23.809523809523807,65.87301587301587,56.34920634920635,9.523809523809524
E00056657,156,36,9,27,120,109,11,23.076923076923077,5.769230769230769,17.307692307692307,76.92307692307693,69.87179487179486,7.051282051282051
E00056658,145,51,14,37,94,80,14,35.172413793103445,9.655172413793103,25.517241379310345,64.82758620689654,55.172413793103445,9.655172413793103
E00056659,198,46,12,34,152,119,33,23.232323232323232,6.0606060606060606,17.17171717171717,76.76767676767676,60.1010101010101,16.666666666666664
E00056660,94,22,12,10,72,66,6,23.404255319148938,12.76595744680851,10.638297872340425,76.59574468085107,70.2127659574468,6.382978723404255
E00056661,92,28,7,21,64,56,8,30.434782608695656,7.608695652173914,22.82608695652174,69.56521739130434,60.86956521739131,8.695652173913043
E00056662,150,49,19,30,101,88,13,32.666666666666664,12.666666666666668,20,67.33333333333333,58.666666666666664,8.666666666666668
E00056663,242,81,24,57,161,136,25,33.47107438016529,9.917355371900827,23.553719008264462,66.52892561983471,56.19834710743802,10.330578512396695
E00056664,185,43,14,29,142,114,28,23.243243243243246,7.567567567567568,15.675675675675677,76.75675675675676,61.62162162162163,15.135135135135137
E00056665,100,26,11,15,74,66,8,26,11,15,74,66,8
E00056666,181,46,14,32,135,120,15,25.41436464088398,7.734806629834254,17.67955801104972,74.58563535911603,66.29834254143645,8.287292817679557
E00056668,88,34,10,24,54,50,4,38.63636363636363,11.363636363636363,27.27272727272727,61.36363636363637,56.81818181818182,4.545454545454546
E00056670,152,32,10,22,120,111,9,21.052631578947366,6.578947368421052,14.473684210526317,78.94736842105263,73.02631578947368,5.921052631578947
E00056671,139,40,13,27,99,77,22,28.776978417266186,9.352517985611511,19.424460431654676,71.22302158273382,55.39568345323741,15.827338129496402
E00056672,98,24,7,17,74,64,10,24.489795918367346,7.142857142857142,17.346938775510203,75.51020408163265,65.3061224489796,10.204081632653061
E00056673,249,73,24,49,176,151,25,29.31726907630522,9.63855421686747,19.67871485943775,70.68273092369478,60.6425702811245,10.040160642570282
E00056674,170,55,20,35,115,98,17,32.35294117647059,11.76470588235294,20.588235294117645,67.64705882352942,57.647058823529406,10
E00056675,200,58,19,39,142,114,28,28.999999999999996,9.5,19.5,71,56.99999999999999,14.000000000000002
E00056677,119,38,12,26,81,69,12,31.932773109243694,10.084033613445378,21.84873949579832,68.0672268907563,57.98319327731093,10.084033613445378
E00056678,127,33,10,23,94,85,9,25.984251968503933,7.874015748031496,18.11023622047244,74.01574803149606,66.92913385826772,7.086614173228346
E00056679,114,35,13,22,79,73,6,30.701754385964914,11.403508771929824,19.298245614035086,69.2982456140351,64.03508771929825,5.263157894736842
E00056681,94,33,9,24,61,53,8,35.1063829787234,9.574468085106384,25.53191489361702,64.8936170212766,56.38297872340425,8.51063829787234
E00056682,137,40,9,31,97,86,11,29.1970802919708,6.569343065693431,22.62773722627737,70.8029197080292,62.77372262773723,8.02919708029197
E00056683,163,58,11,47,105,90,15,35.58282208588957,6.748466257668712,28.834355828220858,64.41717791411043,55.21472392638037,9.202453987730062
E00056684,115,32,12,20,83,70,13,27.82608695652174,10.434782608695652,17.391304347826086,72.17391304347827,60.86956521739131,11.304347826086957
E00056685,131,48,19,29,83,66,17,36.6412213740458,14.50381679389313,22.137404580152673,63.358778625954194,50.38167938931297,12.977099236641221
E00056686,109,46,18,28,63,53,10,42.201834862385326,16.51376146788991,25.688073394495415,57.798165137614674,48.62385321100918,9.174311926605505
E00056687,135,34,9,25,101,88,13,25.185185185185183,6.666666666666667,18.51851851851852,74.81481481481481,65.18518518518519,9.62962962962963
E00056688,135,55,19,36,80,61,19,40.74074074074074,14.074074074074074,26.666666666666668,59.25925925925925,45.18518518518518,14.074074074074074
E00056689,116,38,10,28,78,72,6,32.758620689655174,8.620689655172415,24.137931034482758,67.24137931034483,62.06896551724138,5.172413793103448
E00056690,93,32,8,24,61,50,11,34.40860215053764,8.60215053763441,25.806451612903224,65.59139784946237,53.76344086021505,11.827956989247312
E00056691,147,39,15,24,108,104,4,26.53061224489796,10.204081632653061,16.3265306122449,73.46938775510205,70.74829931972789,2.7210884353741496
E00056693,151,51,20,31,100,83,17,33.77483443708609,13.245033112582782,20.52980132450331,66.22516556291392,54.966887417218544,11.258278145695364
E00056694,137,49,17,32,88,78,10,35.76642335766424,12.408759124087592,23.357664233576642,64.23357664233576,56.934306569343065,7.2992700729927
E00056695,97,33,14,19,64,56,8,34.02061855670103,14.432989690721648,19.587628865979383,65.97938144329896,57.73195876288659,8.24742268041237
E00056696,68,23,1,22,45,37,8,33.82352941176471,1.4705882352941175,32.35294117647059,66.17647058823529,54.41176470588235,11.76470588235294
E00056697,269,76,27,49,193,173,20,28.25278810408922,10.037174721189592,18.21561338289963,71.74721189591078,64.31226765799256,7.434944237918216
E00056698,132,36,10,26,96,84,12,27.27272727272727,7.575757575757576,19.696969696969695,72.72727272727273,63.63636363636363,9.090909090909092
E00056699,93,32,12,20,61,60,1,34.40860215053764,12.903225806451612,21.50537634408602,65.59139784946237,64.51612903225806,1.0752688172043012
E00056700,155,67,23,44,88,80,8,43.225806451612904,14.838709677419354,28.387096774193548,56.774193548387096,51.61290322580645,5.161290322580645
E00056701,134,39,10,29,95,79,16,29.1044776119403,7.462686567164178,21.641791044776117,70.8955223880597,58.95522388059702,11.940298507462686
E00056702,122,56,16,40,66,61,5,45.90163934426229,13.114754098360656,32.78688524590164,54.09836065573771,50,4.098360655737705
E00056703,113,38,11,27,75,66,9,33.6283185840708,9.734513274336283,23.893805309734514,66.3716814159292,58.4070796460177,7.964601769911504
E00056704,232,58,17,41,174,123,51,25,7.327586206896551,17.67241379310345,75,53.01724137931034,21.982758620689655
E00056705,156,42,12,30,114,101,13,26.923076923076923,7.6923076923076925,19.230769230769234,73.07692307692307,64.74358974358975,8.333333333333332
E00056706,128,53,13,40,75,67,8,41.40625,10.15625,31.25,58.59375,52.34375,6.25
E00056707,111,36,8,28,75,56,19,32.432432432432435,7.207207207207207,25.225225225225223,67.56756756756756,50.45045045045045,17.117117117117118
E00056708,101,23,8,15,78,62,16,22.772277227722775,7.920792079207921,14.85148514851485,77.22772277227723,61.386138613861384,15.841584158415841
E00056709,87,19,5,14,68,61,7,21.839080459770116,5.747126436781609,16.091954022988507,78.16091954022988,70.11494252873564,8.045977011494253
E00056710,177,55,25,30,122,105,17,31.07344632768362,14.124293785310735,16.94915254237288,68.92655367231639,59.32203389830508,9.6045197740113
E00056711,124,48,18,30,76,65,11,38.70967741935484,14.516129032258066,24.193548387096776,61.29032258064516,52.41935483870967,8.870967741935484
E00056712,132,39,9,30,93,84,9,29.545454545454547,6.8181818181818175,22.727272727272727,70.45454545454545,63.63636363636363,6.8181818181818175
E00056713,162,54,11,43,108,90,18,33.33333333333333,6.790123456790123,26.543209876543212,66.66666666666666,55.55555555555556,11.11111111111111
E00056714,124,24,7,17,100,86,14,19.35483870967742,5.64516129032258,13.709677419354838,80.64516129032258,69.35483870967742,11.29032258064516
E00056715,158,51,17,34,107,86,21,32.278481012658226,10.759493670886076,21.518987341772153,67.72151898734177,54.43037974683544,13.291139240506327
E00056716,154,41,10,31,113,92,21,26.623376623376622,6.493506493506493,20.12987012987013,73.37662337662337,59.74025974025974,13.636363636363635
E00056717,123,43,10,33,80,63,17,34.959349593495936,8.130081300813007,26.82926829268293,65.04065040650406,51.21951219512195,13.821138211382115
E00056718,125,48,16,32,77,71,6,38.4,12.8,25.6,61.6,56.8,4.8
E00056719,187,92,29,63,95,84,11,49.19786096256685,15.508021390374333,33.68983957219251,50.80213903743316,44.919786096256686,5.88235294117647
E00056720,203,92,27,65,111,103,8,45.320197044334975,13.30049261083744,32.01970443349754,54.679802955665025,50.73891625615764,3.9408866995073892
E00056721,177,88,19,69,89,77,12,49.717514124293785,10.734463276836157,38.983050847457626,50.282485875706215,43.50282485875706,6.779661016949152
E00056722,104,42,15,27,62,57,5,40.38461538461539,14.423076923076922,25.961538461538463,59.61538461538461,54.807692307692314,4.807692307692308
E00056723,186,81,28,53,105,94,11,43.54838709677419,15.053763440860216,28.49462365591398,56.451612903225815,50.53763440860215,5.913978494623656
E00056724,128,61,17,44,67,63,4,47.65625,13.28125,34.375,52.34375,49.21875,3.125
E00056725,138,60,16,44,78,72,6,43.47826086956522,11.594202898550725,31.88405797101449,56.52173913043478,52.17391304347826,4.3478260869565215
E00056726,138,71,27,44,67,61,6,51.449275362318836,19.565217391304348,31.88405797101449,48.55072463768116,44.20289855072464,4.3478260869565215
E00056727,222,100,27,73,122,110,12,45.04504504504504,12.162162162162163,32.88288288288289,54.95495495495496,49.549549549549546,5.405405405405405
E00056729,156,53,7,46,103,93,10,33.97435897435898,4.487179487179487,29.48717948717949,66.02564102564102,59.61538461538461,6.41025641025641
E00056730,167,90,28,62,77,73,4,53.89221556886228,16.766467065868262,37.12574850299401,46.10778443113773,43.712574850299404,2.3952095808383236
E00056731,141,76,19,57,65,62,3,53.90070921985816,13.47517730496454,40.42553191489361,46.09929078014184,43.97163120567376,2.127659574468085
E00056733,193,98,27,71,95,85,10,50.77720207253886,13.989637305699482,36.787564766839374,49.22279792746114,44.04145077720207,5.181347150259067
E00056734,149,74,24,50,75,70,5,49.664429530201346,16.10738255033557,33.557046979865774,50.33557046979866,46.97986577181208,3.3557046979865772
E00056735,118,51,12,39,67,60,7,43.22033898305085,10.16949152542373,33.05084745762712,56.779661016949156,50.847457627118644,5.932203389830509
E00056736,134,57,22,35,77,68,9,42.53731343283582,16.417910447761194,26.119402985074625,57.46268656716418,50.74626865671642,6.7164179104477615
E00056737,151,66,21,45,85,77,8,43.70860927152318,13.90728476821192,29.80132450331126,56.29139072847682,50.993377483443716,5.298013245033113
E00056738,143,78,17,61,65,60,5,54.54545454545454,11.888111888111888,42.65734265734265,45.45454545454545,41.95804195804196,3.4965034965034967
E00056739,193,88,21,67,105,98,7,45.59585492227979,10.880829015544041,34.715025906735754,54.40414507772021,50.77720207253886,3.6269430051813467
E00056740,138,61,23,38,77,69,8,44.20289855072464,16.666666666666664,27.536231884057973,55.79710144927537,50,5.797101449275362
E00056741,91,45,12,33,46,38,8,49.45054945054945,13.186813186813188,36.26373626373626,50.54945054945055,41.75824175824176,8.791208791208792
E00056742,153,42,13,29,111,97,14,27.450980392156865,8.49673202614379,18.954248366013072,72.54901960784314,63.39869281045751,9.15032679738562
E00056743,140,50,9,41,90,81,9,35.714285714285715,6.428571428571428,29.28571428571429,64.28571428571429,57.85714285714286,6.428571428571428
E00056744,176,51,16,35,125,109,16,28.97727272727273,9.090909090909092,19.886363636363637,71.02272727272727,61.93181818181818,9.090909090909092
E00056745,104,35,9,26,69,62,7,33.65384615384615,8.653846153846153,25,66.34615384615384,59.61538461538461,6.730769230769231
E00056746,195,59,20,39,136,116,20,30.256410256410255,10.256410256410255,20,69.74358974358974,59.48717948717949,10.256410256410255
E00056747,84,26,8,18,58,54,4,30.952380952380953,9.523809523809524,21.428571428571427,69.04761904761905,64.28571428571429,4.761904761904762
E00056748,111,35,13,22,76,56,20,31.53153153153153,11.711711711711711,19.81981981981982,68.46846846846847,50.45045045045045,18.01801801801802
E00056749,138,44,11,33,94,86,8,31.88405797101449,7.971014492753622,23.91304347826087,68.11594202898551,62.31884057971014,5.797101449275362
E00175512,90,38,15,23,52,49,3,42.22222222222222,16.666666666666664,25.555555555555554,57.77777777777777,54.44444444444444,3.3333333333333335
E00175513,143,46,12,34,97,88,9,32.16783216783217,8.391608391608392,23.776223776223777,67.83216783216784,61.53846153846154,6.293706293706294
E00175514,88,18,1,17,70,64,6,20.454545454545457,1.1363636363636365,19.318181818181817,79.54545454545455,72.72727272727273,6.8181818181818175
E00175515,120,34,7,27,86,77,9,28.333333333333332,5.833333333333333,22.5,71.66666666666667,64.16666666666667,7.5
E00175516,167,46,13,33,121,106,15,27.54491017964072,7.784431137724551,19.760479041916167,72.45508982035929,63.47305389221557,8.982035928143713
E00175517,107,31,12,19,76,67,9,28.971962616822427,11.214953271028037,17.75700934579439,71.02803738317756,62.616822429906534,8.411214953271028
E00175518,70,17,6,11,53,53,0,24.285714285714285,8.571428571428571,15.714285714285714,75.71428571428571,75.71428571428571,0
E00175520,165,82,26,56,83,75,8,49.696969696969695,15.757575757575756,33.939393939393945,50.303030303030305,45.45454545454545,4.848484848484849
E00175521,64,12,5,7,52,46,6,18.75,7.8125,10.9375,81.25,71.875,9.375
E00175522,146,110,79,31,36,33,3,75.34246575342466,54.109589041095894,21.232876712328768,24.65753424657534,22.602739726027394,2.054794520547945
E00175524,130,16,3,13,114,97,17,12.307692307692308,2.307692307692308,10,87.6923076923077,74.61538461538461,13.076923076923078
E00175525,78,26,10,16,52,46,6,33.33333333333333,12.82051282051282,20.51282051282051,66.66666666666666,58.97435897435898,7.6923076923076925
E00175526,142,41,11,30,101,89,12,28.87323943661972,7.746478873239436,21.12676056338028,71.12676056338029,62.676056338028175,8.450704225352112
E00175527,93,28,7,21,65,54,11,30.107526881720432,7.526881720430108,22.58064516129032,69.89247311827957,58.06451612903226,11.827956989247312
E00175528,73,17,4,13,56,48,8,23.28767123287671,5.47945205479452,17.80821917808219,76.71232876712328,65.75342465753424,10.95890410958904
E00175529,164,58,19,39,106,90,16,35.36585365853659,11.585365853658537,23.78048780487805,64.63414634146342,54.87804878048781,9.75609756097561
E00175530,187,71,21,50,116,99,17,37.967914438502675,11.229946524064172,26.737967914438503,62.03208556149733,52.94117647058824,9.090909090909092
E00175531,135,48,12,36,87,82,5,35.55555555555556,8.88888888888889,26.666666666666668,64.44444444444444,60.74074074074074,3.7037037037037033
E00175532,177,37,12,25,140,128,12,20.903954802259886,6.779661016949152,14.124293785310735,79.09604519774011,72.31638418079096,6.779661016949152
E00175533,208,45,9,36,163,139,24,21.634615384615387,4.326923076923077,17.307692307692307,78.36538461538461,66.82692307692307,11.538461538461538
E00175534,165,29,11,18,136,117,19,17.575757575757574,6.666666666666667,10.909090909090908,82.42424242424242,70.9090909090909,11.515151515151516
E00175535,164,48,19,29,116,96,20,29.268292682926827,11.585365853658537,17.682926829268293,70.73170731707317,58.536585365853654,12.195121951219512
E00175536,140,34,12,22,106,89,17,24.285714285714285,8.571428571428571,15.714285714285714,75.71428571428571,63.57142857142857,12.142857142857142
E00175537,177,45,8,37,132,116,16,25.423728813559322,4.519774011299435,20.903954802259886,74.57627118644068,65.5367231638418,9.03954802259887
E00175538,217,49,10,39,168,145,23,22.58064516129032,4.6082949308755765,17.972350230414747,77.41935483870968,66.82027649769586,10.599078341013826
E00175539,81,22,5,17,59,48,11,27.160493827160494,6.172839506172839,20.98765432098765,72.8395061728395,59.25925925925925,13.580246913580247
E00175540,40,10,4,6,30,29,1,25,10,15,75,72.5,2.5
E00175541,208,61,20,41,147,127,20,29.326923076923077,9.615384615384617,19.71153846153846,70.67307692307693,61.057692307692314,9.615384615384617
E00175542,131,50,18,32,81,67,14,38.16793893129771,13.740458015267176,24.427480916030532,61.832061068702295,51.14503816793893,10.687022900763358
E00175543,120,41,15,26,79,69,10,34.166666666666664,12.5,21.666666666666668,65.83333333333333,57.49999999999999,8.333333333333332
E00175544,77,33,12,21,44,40,4,42.857142857142854,15.584415584415584,27.27272727272727,57.14285714285714,51.94805194805194,5.194805194805195
E00175545,85,29,7,22,56,49,7,34.11764705882353,8.235294117647058,25.882352941176475,65.88235294117646,57.647058823529406,8.235294117647058
E00175546,126,34,15,19,92,76,16,26.984126984126984,11.904761904761903,15.079365079365079,73.01587301587301,60.317460317460316,12.698412698412698
E00175547,152,36,13,23,116,95,21,23.684210526315788,8.552631578947368,15.131578947368421,76.31578947368422,62.5,13.815789473684212
E00175548,152,31,13,18,121,108,13,20.394736842105264,8.552631578947368,11.842105263157894,79.60526315789474,71.05263157894737,8.552631578947368
E00175549,71,36,11,25,35,29,6,50.70422535211267,15.492957746478872,35.2112676056338,49.29577464788733,40.845070422535215,8.450704225352112
E00178638,235,88,21,67,147,131,16,37.4468085106383,8.936170212765958,28.510638297872344,62.5531914893617,55.74468085106383,6.808510638297872
E00178640,158,38,4,34,120,108,12,24.050632911392405,2.5316455696202533,21.518987341772153,75.9493670886076,68.35443037974683,7.59493670886076
E00178645,115,34,8,26,81,62,19,29.565217391304348,6.956521739130435,22.608695652173914,70.43478260869566,53.91304347826087,16.52173913043478
E00178646,134,41,18,23,93,81,12,30.597014925373134,13.432835820895523,17.16417910447761,69.40298507462687,60.447761194029844,8.955223880597014
E00178647,249,65,18,47,184,168,16,26.104417670682732,7.228915662650602,18.87550200803213,73.89558232931726,67.46987951807229,6.425702811244979
E00178648,158,67,22,45,91,77,14,42.405063291139236,13.924050632911392,28.48101265822785,57.59493670886076,48.734177215189874,8.860759493670885
E00178649,176,49,16,33,127,111,16,27.84090909090909,9.090909090909092,18.75,72.1590909090909,63.06818181818182,9.090909090909092
E00178650,164,56,15,41,108,93,15,34.146341463414636,9.146341463414634,25,65.85365853658537,56.70731707317073,9.146341463414634
E00178651,122,29,14,15,93,87,6,23.770491803278688,11.475409836065573,12.295081967213115,76.22950819672131,71.31147540983606,4.918032786885246
E00178653,202,43,17,26,159,142,17,21.287128712871286,8.415841584158416,12.871287128712872,78.71287128712872,70.29702970297029,8.415841584158416
E00178655,117,23,6,17,94,76,18,19.65811965811966,5.128205128205128,14.529914529914532,80.34188034188034,64.95726495726495,15.384615384615385
E00178656,65,35,26,9,30,29,1,53.84615384615385,40,13.846153846153847,46.15384615384615,44.61538461538462,1.5384615384615385
E00178657,312,58,14,44,254,223,31,18.58974358974359,4.487179487179487,14.102564102564102,81.41025641025641,71.47435897435898,9.935897435897436
E00178658,258,66,19,47,192,162,30,25.581395348837212,7.3643410852713185,18.217054263565892,74.4186046511628,62.7906976744186,11.627906976744185
E00178659,109,86,55,31,23,22,1,78.89908256880734,50.45871559633027,28.440366972477065,21.100917431192663,20.18348623853211,0.9174311926605505
E00178660,173,56,13,43,117,103,14,32.369942196531795,7.514450867052023,24.85549132947977,67.63005780346822,59.53757225433526,8.092485549132949
E00178661,181,46,11,35,135,121,14,25.41436464088398,6.077348066298343,19.337016574585636,74.58563535911603,66.85082872928176,7.734806629834254
E00178663,193,49,14,35,144,129,15,25.38860103626943,7.253886010362693,18.134715025906736,74.61139896373057,66.83937823834198,7.772020725388601
E00178664,120,52,10,42,68,64,4,43.333333333333336,8.333333333333332,35,56.666666666666664,53.333333333333336,3.3333333333333335
E00178665,279,52,16,36,227,206,21,18.63799283154122,5.734767025089606,12.903225806451612,81.36200716845879,73.83512544802868,7.526881720430108
E00178666,108,30,3,27,78,68,10,27.77777777777778,2.7777777777777777,25,72.22222222222221,62.96296296296296,9.25925925925926
E00178667,87,34,12,22,53,47,6,39.08045977011494,13.793103448275861,25.287356321839084,60.91954022988506,54.02298850574713,6.896551724137931
E00178669,102,51,19,32,51,45,6,50,18.627450980392158,31.372549019607842,50,44.11764705882353,5.88235294117647
E00178670,80,22,5,17,58,51,7,27.500000000000004,6.25,21.25,72.5,63.74999999999999,8.75
E00178671,135,28,7,21,107,91,16,20.74074074074074,5.185185185185185,15.555555555555555,79.25925925925927,67.4074074074074,11.851851851851853
E00178672,74,37,20,17,37,33,4,50,27.027027027027028,22.972972972972975,50,44.5945945945946,5.405405405405405
E00178673,265,54,15,39,211,191,20,20.37735849056604,5.660377358490567,14.716981132075471,79.62264150943396,72.0754716981132,7.547169811320755
E00178674,121,29,4,25,92,79,13,23.96694214876033,3.3057851239669422,20.66115702479339,76.03305785123968,65.28925619834712,10.743801652892563
E00178675,172,46,12,34,126,115,11,26.744186046511626,6.976744186046512,19.767441860465116,73.25581395348837,66.86046511627907,6.395348837209303
E00178676,275,48,9,39,227,189,38,17.454545454545457,3.272727272727273,14.181818181818182,82.54545454545455,68.72727272727272,13.818181818181818
E00178677,158,21,4,17,137,121,16,13.291139240506327,2.5316455696202533,10.759493670886076,86.70886075949366,76.58227848101265,10.126582278481013
E00178679,68,17,0,17,51,47,4,25,0,25,75,69.11764705882352,5.88235294117647
E00178680,135,50,21,29,85,80,5,37.03703703703704,15.555555555555555,21.48148148148148,62.96296296296296,59.25925925925925,3.7037037037037033
E00178681,285,72,23,49,213,182,31,25.263157894736842,8.070175438596491,17.192982456140353,74.73684210526315,63.859649122807014,10.87719298245614
E00178682,195,47,21,26,148,131,17,24.102564102564102,10.76923076923077,13.333333333333334,75.8974358974359,67.17948717948717,8.717948717948717
E00178683,178,40,11,29,138,118,20,22.47191011235955,6.179775280898876,16.292134831460675,77.52808988764045,66.29213483146067,11.235955056179774
E00178684,75,21,6,15,54,44,10,28.000000000000004,8,20,72,58.666666666666664,13.333333333333334
E00178685,112,33,6,27,79,67,12,29.464285714285715,5.357142857142857,24.107142857142858,70.53571428571429,59.82142857142857,10.714285714285714
E00178686,227,59,22,37,168,132,36,25.991189427312776,9.691629955947137,16.299559471365637,74.00881057268722,58.14977973568281,15.859030837004406
E00178687,141,48,19,29,93,81,12,34.04255319148936,13.47517730496454,20.56737588652482,65.95744680851064,57.446808510638306,8.51063829787234
E00178688,94,44,16,28,50,44,6,46.808510638297875,17.02127659574468,29.78723404255319,53.191489361702125,46.808510638297875,6.382978723404255
E00178689,72,22,6,16,50,45,5,30.555555555555557,8.333333333333332,22.22222222222222,69.44444444444444,62.5,6.944444444444445
E00178690,89,45,14,31,44,39,5,50.56179775280899,15.730337078651685,34.831460674157306,49.43820224719101,43.82022471910113,5.617977528089887
E00178694,109,30,3,27,79,75,4,27.522935779816514,2.7522935779816518,24.770642201834864,72.47706422018348,68.80733944954129,3.669724770642202
E00178696,145,47,15,32,98,91,7,32.41379310344827,10.344827586206897,22.06896551724138,67.58620689655173,62.758620689655174,4.827586206896552
E00178697,102,26,9,17,76,62,14,25.49019607843137,8.823529411764707,16.666666666666664,74.50980392156863,60.78431372549019,13.725490196078432
E00178699,137,30,9,21,107,92,15,21.897810218978105,6.569343065693431,15.328467153284672,78.1021897810219,67.15328467153284,10.948905109489052
E00178700,143,65,39,26,78,68,10,45.45454545454545,27.27272727272727,18.181818181818183,54.54545454545454,47.55244755244755,6.993006993006993
E00178701,103,32,8,24,71,59,12,31.06796116504854,7.766990291262135,23.300970873786408,68.93203883495146,57.28155339805825,11.650485436893204
E00178702,76,33,14,19,43,37,6,43.42105263157895,18.421052631578945,25,56.57894736842105,48.68421052631579,7.894736842105263
E00178703,72,30,10,20,42,34,8,41.66666666666667,13.88888888888889,27.77777777777778,58.333333333333336,47.22222222222222,11.11111111111111
E00178704,211,44,16,28,167,136,31,20.85308056872038,7.5829383886255926,13.270142180094787,79.14691943127961,64.45497630331754,14.691943127962084
E00178706,81,21,9,12,60,52,8,25.925925925925924,11.11111111111111,14.814814814814813,74.07407407407408,64.19753086419753,9.876543209876543
E00178708,77,40,13,27,37,36,1,51.94805194805194,16.883116883116884,35.064935064935064,48.05194805194805,46.75324675324675,1.2987012987012987
E00178709,116,26,8,18,90,77,13,22.413793103448278,6.896551724137931,15.517241379310345,77.58620689655173,66.37931034482759,11.206896551724139
E00178710,149,55,12,43,94,86,8,36.91275167785235,8.053691275167784,28.859060402684566,63.08724832214765,57.71812080536913,5.369127516778524
E00178711,126,23,8,15,103,84,19,18.253968253968253,6.349206349206349,11.904761904761903,81.74603174603175,66.66666666666666,15.079365079365079
E00178712,152,73,32,41,79,73,6,48.026315789473685,21.052631578947366,26.973684210526315,51.973684210526315,48.026315789473685,3.9473684210526314
E00178715,124,35,12,23,89,78,11,28.225806451612907,9.67741935483871,18.548387096774192,71.7741935483871,62.903225806451616,8.870967741935484
E00178716,265,57,14,43,208,192,16,21.50943396226415,5.283018867924529,16.22641509433962,78.49056603773586,72.45283018867924,6.037735849056604
E00178717,245,71,20,51,174,149,25,28.97959183673469,8.16326530612245,20.816326530612244,71.0204081632653,60.816326530612244,10.204081632653061
E00178719,287,70,23,47,217,174,43,24.390243902439025,8.013937282229964,16.376306620209057,75.60975609756098,60.62717770034843,14.982578397212542
E00178720,165,43,12,31,122,103,19,26.060606060606062,7.2727272727272725,18.787878787878785,73.93939393939394,62.42424242424243,11.515151515151516
E00178721,81,24,4,20,57,50,7,29.629629629629626,4.938271604938271,24.691358024691358,70.37037037037037,61.72839506172839,8.641975308641975
E00178722,105,28,8,20,77,75,2,26.666666666666668,7.6190476190476195,19.047619047619047,73.33333333333333,71.42857142857143,1.9047619047619049
