OA,ts0590001,ts0590002,ts0590003,ts0590004,ts0590005,ts0590006,ts0590007,ts0590002_PCT,ts0590003_PCT,ts0590004_PCT,ts0590005_PCT,ts0590006_PCT,ts0590007_PCT
E00133937,164,49,18,31,115,93,22,29.878048780487802,10.975609756097562,18.902439024390244,70.1219512195122,56.70731707317073,13.414634146341465
E00133938,91,27,10,17,64,50,14,29.67032967032967,10.989010989010989,18.681318681318682,70.32967032967034,54.94505494505495,15.384615384615385
E00133939,155,56,24,32,99,78,21,36.12903225806451,15.483870967741936,20.64516129032258,63.87096774193548,50.32258064516129,13.548387096774196
E00133940,140,43,17,26,97,77,20,30.714285714285715,12.142857142857142,18.571428571428573,69.28571428571428,55.00000000000001,14.285714285714285
E00133941,114,40,15,25,74,58,16,35.08771929824561,13.157894736842104,21.929824561403507,64.91228070175438,50.877192982456144,14.035087719298245
E00133942,76,21,7,14,55,39,16,27.631578947368425,9.210526315789473,18.421052631578945,72.36842105263158,51.31578947368421,21.052631578947366
E00133943,130,39,12,27,91,65,26,30,9.230769230769232,20.76923076923077,70,50,20
E00133944,195,68,22,46,127,102,25,34.87179487179487,11.282051282051283,23.589743589743588,65.12820512820512,52.307692307692314,12.82051282051282
E00133945,138,45,11,34,93,80,13,32.608695652173914,7.971014492753622,24.637681159420293,67.3913043478261,57.971014492753625,9.420289855072465
E00133946,80,37,16,21,43,35,8,46.25,20,26.25,53.75,43.75,10
E00133947,147,50,19,31,97,75,22,34.01360544217687,12.925170068027212,21.08843537414966,65.98639455782312,51.02040816326531,14.965986394557824
E00133948,110,36,13,23,74,58,16,32.72727272727273,11.818181818181818,20.909090909090907,67.27272727272727,52.72727272727272,14.545454545454545
E00133949,274,78,37,41,196,152,44,28.467153284671532,13.503649635036496,14.963503649635038,71.53284671532847,55.47445255474452,16.05839416058394
E00133950,120,36,8,28,84,66,18,30,6.666666666666667,23.333333333333332,70,55.00000000000001,15
E00133951,144,45,18,27,99,71,28,31.25,12.5,18.75,68.75,49.30555555555556,19.444444444444446
E00133952,98,26,9,17,72,58,14,26.53061224489796,9.183673469387756,17.346938775510203,73.46938775510205,59.183673469387756,14.285714285714285
E00133953,125,33,17,16,92,57,35,26.400000000000002,13.600000000000001,12.8,73.6,45.6,28.000000000000004
E00133954,110,34,9,25,76,66,10,30.909090909090907,8.181818181818182,22.727272727272727,69.0909090909091,60,9.090909090909092
E00133955,129,48,24,24,81,65,16,37.2093023255814,18.6046511627907,18.6046511627907,62.7906976744186,50.3875968992248,12.4031007751938
E00133956,100,38,13,25,62,56,6,38,13,25,62,56.00000000000001,6
E00133957,72,17,5,12,55,44,11,23.61111111111111,6.944444444444445,16.666666666666664,76.38888888888889,61.111111111111114,15.277777777777779
E00133959,262,76,26,50,186,164,22,29.00763358778626,9.923664122137405,19.083969465648856,70.99236641221374,62.59541984732825,8.396946564885496
E00133960,91,38,12,26,53,45,8,41.75824175824176,13.186813186813188,28.57142857142857,58.24175824175825,49.45054945054945,8.791208791208792
E00133962,130,38,10,28,92,75,17,29.230769230769234,7.6923076923076925,21.53846153846154,70.76923076923077,57.692307692307686,13.076923076923078
E00133963,120,38,12,26,82,75,7,31.666666666666664,10,21.666666666666668,68.33333333333333,62.5,5.833333333333333
E00133964,109,37,11,26,72,62,10,33.94495412844037,10.091743119266056,23.853211009174313,66.05504587155964,56.88073394495413,9.174311926605505
E00133965,121,42,18,24,79,56,23,34.710743801652896,14.87603305785124,19.834710743801654,65.28925619834712,46.28099173553719,19.00826446280992
E00133966,131,46,15,31,85,69,16,35.11450381679389,11.450381679389313,23.66412213740458,64.8854961832061,52.67175572519084,12.213740458015266
E00133967,158,44,16,28,114,90,24,27.848101265822784,10.126582278481013,17.72151898734177,72.15189873417721,56.9620253164557,15.18987341772152
E00133968,134,46,17,29,88,68,20,34.32835820895522,12.686567164179104,21.641791044776117,65.67164179104478,50.74626865671642,14.925373134328357
E00133969,191,54,18,36,137,105,32,28.272251308900525,9.424083769633508,18.848167539267017,71.72774869109948,54.973821989528794,16.75392670157068
E00133970,123,41,9,32,82,72,10,33.33333333333333,7.317073170731707,26.01626016260163,66.66666666666666,58.536585365853654,8.130081300813007
E00133971,245,78,29,49,167,131,36,31.83673469387755,11.83673469387755,20,68.16326530612244,53.46938775510204,14.69387755102041
E00133972,188,53,19,34,135,109,26,28.191489361702125,10.106382978723403,18.085106382978726,71.80851063829788,57.97872340425532,13.829787234042554
E00133973,116,44,10,34,72,63,9,37.93103448275862,8.620689655172415,29.310344827586203,62.06896551724138,54.310344827586206,7.758620689655173
E00133974,74,25,12,13,49,41,8,33.78378378378378,16.216216216216218,17.56756756756757,66.21621621621621,55.4054054054054,10.81081081081081
E00133975,82,26,10,16,56,47,9,31.70731707317073,12.195121951219512,19.51219512195122,68.29268292682927,57.3170731707317,10.975609756097562
E00133976,114,40,17,23,74,60,14,35.08771929824561,14.912280701754385,20.175438596491226,64.91228070175438,52.63157894736842,12.280701754385964
E00133977,154,36,9,27,118,107,11,23.376623376623375,5.844155844155844,17.532467532467532,76.62337662337663,69.48051948051948,7.142857142857142
E00133978,128,38,18,20,90,75,15,29.6875,14.0625,15.625,70.3125,58.59375,11.71875
E00133981,249,74,23,51,175,144,31,29.71887550200803,9.236947791164658,20.481927710843372,70.28112449799197,57.831325301204814,12.449799196787147
E00133982,88,27,6,21,61,45,16,30.681818181818183,6.8181818181818175,23.863636363636363,69.31818181818183,51.13636363636363,18.181818181818183
E00133983,69,21,8,13,48,39,9,30.434782608695656,11.594202898550725,18.84057971014493,69.56521739130434,56.52173913043478,13.043478260869565
E00133984,67,26,7,19,41,29,12,38.80597014925373,10.44776119402985,28.35820895522388,61.19402985074627,43.28358208955223,17.91044776119403
E00133985,137,44,18,26,93,81,12,32.11678832116788,13.138686131386862,18.97810218978102,67.88321167883211,59.12408759124088,8.75912408759124
E00133988,104,32,8,24,72,68,4,30.76923076923077,7.6923076923076925,23.076923076923077,69.23076923076923,65.38461538461539,3.8461538461538463
E00133989,140,44,8,36,96,87,9,31.428571428571427,5.714285714285714,25.71428571428571,68.57142857142857,62.142857142857146,6.428571428571428
E00133990,91,33,3,30,58,52,6,36.26373626373626,3.296703296703297,32.967032967032964,63.73626373626373,57.14285714285714,6.593406593406594
E00133991,87,39,8,31,48,43,5,44.827586206896555,9.195402298850574,35.63218390804598,55.172413793103445,49.42528735632184,5.747126436781609
E00133992,120,43,14,29,77,67,10,35.833333333333336,11.666666666666666,24.166666666666668,64.16666666666667,55.833333333333336,8.333333333333332
E00133993,88,22,8,14,66,54,12,25,9.090909090909092,15.909090909090908,75,61.36363636363637,13.636363636363635
E00133994,78,32,8,24,46,36,10,41.02564102564102,10.256410256410255,30.76923076923077,58.97435897435898,46.15384615384615,12.82051282051282
E00133995,116,46,11,35,70,62,8,39.6551724137931,9.482758620689655,30.17241379310345,60.3448275862069,53.44827586206896,6.896551724137931
E00133996,91,37,9,28,54,49,5,40.65934065934066,9.89010989010989,30.76923076923077,59.34065934065934,53.84615384615385,5.4945054945054945
E00133997,92,36,11,25,56,45,11,39.130434782608695,11.956521739130435,27.173913043478258,60.86956521739131,48.91304347826087,11.956521739130435
E00133998,107,39,8,31,68,62,6,36.44859813084112,7.476635514018691,28.971962616822427,63.55140186915887,57.943925233644855,5.607476635514018
E00133999,115,29,8,21,86,74,12,25.217391304347824,6.956521739130435,18.26086956521739,74.78260869565217,64.34782608695652,10.434782608695652
E00134000,134,37,8,29,97,75,22,27.611940298507463,5.970149253731343,21.641791044776117,72.38805970149254,55.970149253731336,16.417910447761194
E00134001,67,26,7,19,41,35,6,38.80597014925373,10.44776119402985,28.35820895522388,61.19402985074627,52.23880597014925,8.955223880597014
E00134002,99,28,3,25,71,56,15,28.28282828282828,3.0303030303030303,25.252525252525253,71.71717171717171,56.56565656565656,15.151515151515152
E00134003,137,47,12,35,90,82,8,34.306569343065696,8.75912408759124,25.547445255474454,65.69343065693431,59.854014598540154,5.839416058394161
E00134004,123,35,12,23,88,77,11,28.455284552845526,9.75609756097561,18.69918699186992,71.54471544715447,62.601626016260155,8.94308943089431
E00134005,216,55,13,42,161,132,29,25.462962962962965,6.018518518518518,19.444444444444446,74.53703703703704,61.111111111111114,13.425925925925927
E00134006,112,34,5,29,78,60,18,30.357142857142854,4.464285714285714,25.892857142857146,69.64285714285714,53.57142857142857,16.071428571428573
E00134007,114,32,9,23,82,69,13,28.07017543859649,7.894736842105263,20.175438596491226,71.9298245614035,60.526315789473685,11.403508771929824
E00134008,164,48,11,37,116,102,14,29.268292682926827,6.707317073170732,22.5609756097561,70.73170731707317,62.19512195121951,8.536585365853659
E00134009,99,31,10,21,68,57,11,31.313131313131315,10.1010101010101,21.21212121212121,68.68686868686868,57.57575757575758,11.11111111111111
E00134010,115,39,8,31,76,70,6,33.91304347826087,6.956521739130435,26.956521739130434,66.08695652173913,60.86956521739131,5.217391304347826
E00134011,148,45,11,34,103,93,10,30.405405405405407,7.4324324324324325,22.972972972972975,69.5945945945946,62.83783783783784,6.756756756756757
E00134012,97,33,6,27,64,60,4,34.02061855670103,6.185567010309279,27.835051546391753,65.97938144329896,61.855670103092784,4.123711340206185
E00134014,158,51,18,33,107,94,13,32.278481012658226,11.39240506329114,20.88607594936709,67.72151898734177,59.49367088607595,8.227848101265822
E00134015,114,36,13,23,78,66,12,31.57894736842105,11.403508771929824,20.175438596491226,68.42105263157895,57.89473684210527,10.526315789473683
E00134016,111,34,11,23,77,69,8,30.630630630630627,9.90990990990991,20.72072072072072,69.36936936936937,62.16216216216216,7.207207207207207
E00134017,106,35,7,28,71,65,6,33.0188679245283,6.60377358490566,26.41509433962264,66.98113207547169,61.32075471698113,5.660377358490567
E00134018,191,58,18,40,133,113,20,30.36649214659686,9.424083769633508,20.94240837696335,69.63350785340315,59.16230366492147,10.471204188481675
E00134019,202,68,23,45,134,112,22,33.663366336633665,11.386138613861387,22.277227722772277,66.33663366336634,55.44554455445545,10.891089108910892
E00134020,142,56,15,41,86,76,10,39.436619718309856,10.56338028169014,28.87323943661972,60.56338028169014,53.52112676056338,7.042253521126761
E00134021,111,41,8,33,70,59,11,36.93693693693694,7.207207207207207,29.72972972972973,63.06306306306306,53.153153153153156,9.90990990990991
E00134022,103,36,9,27,67,60,7,34.95145631067961,8.737864077669903,26.21359223300971,65.0485436893204,58.252427184466015,6.796116504854369
E00134023,111,35,15,20,76,67,9,31.53153153153153,13.513513513513514,18.01801801801802,68.46846846846847,60.36036036036037,8.108108108108109
E00134024,116,42,14,28,74,63,11,36.206896551724135,12.068965517241379,24.137931034482758,63.793103448275865,54.310344827586206,9.482758620689655
E00134025,97,25,7,18,72,59,13,25.773195876288657,7.216494845360824,18.556701030927837,74.22680412371135,60.824742268041234,13.402061855670103
E00134026,116,35,14,21,81,73,8,30.17241379310345,12.068965517241379,18.103448275862068,69.82758620689656,62.93103448275862,6.896551724137931
E00134027,221,67,26,41,154,138,16,30.316742081447963,11.76470588235294,18.552036199095024,69.68325791855203,62.44343891402715,7.239819004524888
E00134029,84,27,10,17,57,50,7,32.142857142857146,11.904761904761903,20.238095238095237,67.85714285714286,59.523809523809526,8.333333333333332
E00134030,92,41,13,28,51,39,12,44.565217391304344,14.130434782608695,30.434782608695656,55.434782608695656,42.391304347826086,13.043478260869565
E00134031,120,29,9,20,91,74,17,24.166666666666668,7.5,16.666666666666664,75.83333333333333,61.66666666666667,14.166666666666666
E00134033,98,26,8,18,72,62,10,26.53061224489796,8.16326530612245,18.367346938775512,73.46938775510205,63.26530612244898,10.204081632653061
E00134034,145,50,12,38,95,84,11,34.48275862068966,8.275862068965518,26.20689655172414,65.51724137931035,57.931034482758626,7.586206896551724
E00134035,93,20,9,11,73,62,11,21.50537634408602,9.67741935483871,11.827956989247312,78.49462365591397,66.66666666666666,11.827956989247312
E00134036,93,29,9,20,64,53,11,31.182795698924732,9.67741935483871,21.50537634408602,68.81720430107528,56.98924731182796,11.827956989247312
E00134037,108,31,9,22,77,68,9,28.703703703703702,8.333333333333332,20.37037037037037,71.29629629629629,62.96296296296296,8.333333333333332
E00134038,91,30,12,18,61,52,9,32.967032967032964,13.186813186813188,19.78021978021978,67.03296703296702,57.14285714285714,9.89010989010989
E00134039,190,56,18,38,134,119,15,29.47368421052631,9.473684210526317,20,70.52631578947368,62.63157894736842,7.894736842105263
E00134040,269,83,34,49,186,157,29,30.855018587360593,12.639405204460965,18.21561338289963,69.14498141263941,58.36431226765799,10.780669144981413
E00134041,117,43,15,28,74,65,9,36.75213675213676,12.82051282051282,23.931623931623932,63.24786324786324,55.55555555555556,7.6923076923076925
E00134042,59,20,11,9,39,27,12,33.89830508474576,18.64406779661017,15.254237288135593,66.10169491525424,45.76271186440678,20.33898305084746
E00134043,212,69,19,50,143,103,40,32.54716981132076,8.962264150943396,23.58490566037736,67.45283018867924,48.58490566037736,18.867924528301888
E00134044,64,24,10,14,40,33,7,37.5,15.625,21.875,62.5,51.5625,10.9375
E00134045,52,14,6,8,38,24,14,26.923076923076923,11.538461538461538,15.384615384615385,73.07692307692307,46.15384615384615,26.923076923076923
E00134046,150,50,23,27,100,81,19,33.33333333333333,15.333333333333332,18,66.66666666666666,54,12.666666666666668
E00134047,48,10,5,5,38,31,7,20.833333333333336,10.416666666666668,10.416666666666668,79.16666666666666,64.58333333333334,14.583333333333334
E00134048,154,44,15,29,110,92,18,28.57142857142857,9.740259740259742,18.83116883116883,71.42857142857143,59.74025974025974,11.688311688311687
E00134049,97,18,5,13,79,56,23,18.556701030927837,5.154639175257731,13.402061855670103,81.44329896907216,57.73195876288659,23.711340206185564
E00134050,168,54,18,36,114,90,24,32.142857142857146,10.714285714285714,21.428571428571427,67.85714285714286,53.57142857142857,14.285714285714285
E00134051,55,14,4,10,41,32,9,25.454545454545453,7.2727272727272725,18.181818181818183,74.54545454545455,58.18181818181818,16.363636363636363
E00134052,224,59,20,39,165,123,42,26.339285714285715,8.928571428571429,17.410714285714285,73.66071428571429,54.91071428571429,18.75
E00134053,179,58,22,36,121,86,35,32.402234636871505,12.290502793296088,20.11173184357542,67.59776536312849,48.04469273743017,19.553072625698324
E00134054,86,29,7,22,57,39,18,33.72093023255814,8.13953488372093,25.581395348837212,66.27906976744185,45.348837209302324,20.930232558139537
E00134055,161,43,17,26,118,95,23,26.70807453416149,10.559006211180124,16.149068322981368,73.29192546583852,59.006211180124225,14.285714285714285
E00134056,89,36,12,24,53,42,11,40.44943820224719,13.48314606741573,26.96629213483146,59.55056179775281,47.19101123595505,12.359550561797752
E00134057,114,34,14,20,80,63,17,29.82456140350877,12.280701754385964,17.543859649122805,70.17543859649122,55.26315789473685,14.912280701754385
E00134058,114,38,10,28,76,48,28,33.33333333333333,8.771929824561402,24.561403508771928,66.66666666666666,42.10526315789473,24.561403508771928
E00134059,141,46,23,23,95,63,32,32.62411347517731,16.312056737588655,16.312056737588655,67.37588652482269,44.680851063829785,22.69503546099291
E00134060,117,41,18,23,76,49,27,35.04273504273504,15.384615384615385,19.65811965811966,64.95726495726495,41.88034188034188,23.076923076923077
E00134061,149,45,18,27,104,80,24,30.201342281879196,12.080536912751679,18.120805369127517,69.79865771812081,53.691275167785236,16.10738255033557
E00134062,158,43,14,29,115,94,21,27.21518987341772,8.860759493670885,18.354430379746837,72.78481012658227,59.49367088607595,13.291139240506327
E00134063,112,33,7,26,79,72,7,29.464285714285715,6.25,23.214285714285715,70.53571428571429,64.28571428571429,6.25
E00134064,100,27,13,14,73,62,11,27,13,14.000000000000002,73,62,11
E00134065,117,40,14,26,77,64,13,34.18803418803419,11.965811965811966,22.22222222222222,65.8119658119658,54.700854700854705,11.11111111111111
E00134066,100,35,10,25,65,57,8,35,10,25,65,56.99999999999999,8
E00134067,195,74,21,53,121,86,35,37.94871794871795,10.76923076923077,27.17948717948718,62.05128205128205,44.1025641025641,17.94871794871795
E00134068,96,36,16,20,60,41,19,37.5,16.666666666666664,20.833333333333336,62.5,42.70833333333333,19.791666666666664
E00134069,92,31,12,19,61,38,23,33.69565217391305,13.043478260869565,20.652173913043477,66.30434782608695,41.30434782608695,25
E00134070,67,25,7,18,42,32,10,37.3134328358209,10.44776119402985,26.865671641791046,62.68656716417911,47.76119402985074,14.925373134328357
E00134071,122,35,10,25,87,70,17,28.688524590163933,8.19672131147541,20.491803278688526,71.31147540983606,57.377049180327866,13.934426229508196
E00134073,159,48,20,28,111,86,25,30.18867924528302,12.578616352201259,17.61006289308176,69.81132075471697,54.088050314465406,15.723270440251572
E00134075,89,26,13,13,63,46,17,29.213483146067414,14.606741573033707,14.606741573033707,70.78651685393258,51.68539325842697,19.101123595505616
E00134076,121,39,11,28,82,66,16,32.231404958677686,9.090909090909092,23.140495867768596,67.76859504132231,54.54545454545454,13.223140495867769
E00134077,114,39,8,31,75,64,11,34.21052631578947,7.017543859649122,27.192982456140353,65.78947368421053,56.14035087719298,9.649122807017543
E00134078,99,30,13,17,69,54,15,30.303030303030305,13.131313131313133,17.17171717171717,69.6969696969697,54.54545454545454,15.151515151515152
E00134079,236,73,30,43,163,127,36,30.93220338983051,12.711864406779661,18.220338983050848,69.0677966101695,53.813559322033896,15.254237288135593
E00134080,132,46,16,30,86,68,18,34.84848484848485,12.121212121212121,22.727272727272727,65.15151515151516,51.515151515151516,13.636363636363635
E00134081,168,47,18,29,121,104,17,27.976190476190478,10.714285714285714,17.261904761904763,72.02380952380952,61.904761904761905,10.119047619047619
E00134082,88,29,8,21,59,38,21,32.95454545454545,9.090909090909092,23.863636363636363,67.04545454545455,43.18181818181818,23.863636363636363
E00134083,124,46,18,28,78,59,19,37.096774193548384,14.516129032258066,22.58064516129032,62.903225806451616,47.58064516129033,15.32258064516129
E00134084,112,37,19,18,75,50,25,33.035714285714285,16.964285714285715,16.071428571428573,66.96428571428571,44.642857142857146,22.321428571428573
E00134085,104,44,21,23,60,45,15,42.30769230769231,20.192307692307693,22.115384615384613,57.692307692307686,43.269230769230774,14.423076923076922
E00134086,170,50,24,26,120,100,20,29.411764705882355,14.117647058823529,15.294117647058824,70.58823529411765,58.82352941176471,11.76470588235294
E00134088,187,71,27,44,116,87,29,37.967914438502675,14.43850267379679,23.52941176470588,62.03208556149733,46.524064171122994,15.508021390374333
E00134089,87,27,9,18,60,44,16,31.03448275862069,10.344827586206897,20.689655172413794,68.96551724137932,50.57471264367817,18.39080459770115
E00134090,73,20,9,11,53,40,13,27.397260273972602,12.32876712328767,15.068493150684931,72.6027397260274,54.794520547945204,17.80821917808219
E00134091,138,51,19,32,87,66,21,36.95652173913043,13.768115942028986,23.18840579710145,63.04347826086957,47.82608695652174,15.217391304347828
E00134092,152,55,25,30,97,65,32,36.18421052631579,16.447368421052634,19.736842105263158,63.81578947368421,42.76315789473684,21.052631578947366
E00134093,138,43,21,22,95,62,33,31.15942028985507,15.217391304347828,15.942028985507244,68.84057971014492,44.927536231884055,23.91304347826087
E00134095,110,27,14,13,83,70,13,24.545454545454547,12.727272727272727,11.818181818181818,75.45454545454545,63.63636363636363,11.818181818181818
E00134096,87,30,10,20,57,51,6,34.48275862068966,11.494252873563218,22.988505747126435,65.51724137931035,58.620689655172406,6.896551724137931
E00134098,201,49,17,32,152,126,26,24.378109452736318,8.45771144278607,15.92039800995025,75.62189054726367,62.68656716417911,12.935323383084576
E00134099,98,31,6,25,67,55,12,31.63265306122449,6.122448979591836,25.510204081632654,68.36734693877551,56.12244897959183,12.244897959183673
E00134100,99,29,15,14,70,60,10,29.292929292929294,15.151515151515152,14.14141414141414,70.70707070707071,60.60606060606061,10.1010101010101
E00134101,111,39,17,22,72,60,12,35.13513513513514,15.315315315315313,19.81981981981982,64.86486486486487,54.054054054054056,10.81081081081081
E00134102,98,44,23,21,54,42,12,44.89795918367347,23.46938775510204,21.428571428571427,55.10204081632652,42.857142857142854,12.244897959183673
E00134103,171,70,27,43,101,85,16,40.93567251461988,15.789473684210526,25.146198830409354,59.06432748538012,49.707602339181285,9.35672514619883
E00134104,71,36,9,27,35,28,7,50.70422535211267,12.676056338028168,38.028169014084504,49.29577464788733,39.436619718309856,9.859154929577464
E00134105,134,46,17,29,88,71,17,34.32835820895522,12.686567164179104,21.641791044776117,65.67164179104478,52.98507462686567,12.686567164179104
E00134106,134,30,10,20,104,76,28,22.388059701492537,7.462686567164178,14.925373134328357,77.61194029850746,56.71641791044776,20.8955223880597
E00134107,63,21,9,12,42,33,9,33.33333333333333,14.285714285714285,19.047619047619047,66.66666666666666,52.38095238095239,14.285714285714285
E00134108,124,32,8,24,92,78,14,25.806451612903224,6.451612903225806,19.35483870967742,74.19354838709677,62.903225806451616,11.29032258064516
E00134110,99,41,13,28,58,47,11,41.41414141414141,13.131313131313133,28.28282828282828,58.58585858585859,47.474747474747474,11.11111111111111
E00134111,144,47,9,38,97,82,15,32.63888888888889,6.25,26.38888888888889,67.36111111111111,56.94444444444444,10.416666666666668
E00134112,203,55,15,40,148,120,28,27.093596059113302,7.389162561576355,19.704433497536947,72.9064039408867,59.11330049261084,13.793103448275861
E00134113,116,41,15,26,75,65,10,35.3448275862069,12.931034482758621,22.413793103448278,64.65517241379311,56.03448275862068,8.620689655172415
E00134114,101,36,17,19,65,58,7,35.64356435643564,16.831683168316832,18.81188118811881,64.35643564356435,57.42574257425742,6.9306930693069315
E00134116,186,46,11,35,140,119,21,24.731182795698924,5.913978494623656,18.817204301075268,75.26881720430107,63.97849462365591,11.29032258064516
E00134117,110,26,9,17,84,75,9,23.636363636363637,8.181818181818182,15.454545454545453,76.36363636363637,68.18181818181817,8.181818181818182
E00134118,96,30,9,21,66,58,8,31.25,9.375,21.875,68.75,60.416666666666664,8.333333333333332
E00134119,63,20,6,14,43,35,8,31.746031746031743,9.523809523809524,22.22222222222222,68.25396825396825,55.55555555555556,12.698412698412698
E00134120,49,14,5,9,35,26,9,28.57142857142857,10.204081632653061,18.367346938775512,71.42857142857143,53.06122448979592,18.367346938775512
E00134121,245,68,14,54,177,158,19,27.755102040816325,5.714285714285714,22.040816326530614,72.24489795918367,64.48979591836735,7.755102040816326
E00134122,199,68,27,41,131,112,19,34.17085427135678,13.5678391959799,20.603015075376884,65.82914572864321,56.28140703517588,9.547738693467336
E00134123,96,29,9,20,67,57,10,30.208333333333332,9.375,20.833333333333336,69.79166666666666,59.375,10.416666666666668
E00134124,55,16,6,10,39,25,14,29.09090909090909,10.909090909090908,18.181818181818183,70.9090909090909,45.45454545454545,25.454545454545453
E00134125,79,22,9,13,57,41,16,27.848101265822784,11.39240506329114,16.455696202531644,72.15189873417721,51.89873417721519,20.253164556962027
E00134126,40,13,8,5,27,21,6,32.5,20,12.5,67.5,52.5,15
E00134129,132,36,10,26,96,80,16,27.27272727272727,7.575757575757576,19.696969696969695,72.72727272727273,60.60606060606061,12.121212121212121
E00134130,157,36,14,22,121,100,21,22.929936305732486,8.9171974522293,14.012738853503185,77.07006369426752,63.69426751592356,13.375796178343949
E00134131,128,36,11,25,92,79,13,28.125,8.59375,19.53125,71.875,61.71875,10.15625
E00134132,210,53,24,29,157,125,32,25.238095238095237,11.428571428571429,13.80952380952381,74.76190476190476,59.523809523809526,15.238095238095239
E00134133,129,40,11,29,89,73,16,31.007751937984494,8.527131782945736,22.48062015503876,68.9922480620155,56.58914728682171,12.4031007751938
E00134134,257,64,14,50,193,165,28,24.90272373540856,5.447470817120623,19.45525291828794,75.09727626459144,64.2023346303502,10.894941634241246
E00134135,392,89,28,61,303,242,61,22.70408163265306,7.142857142857142,15.561224489795919,77.29591836734694,61.73469387755102,15.561224489795919
E00134136,97,31,14,17,66,52,14,31.958762886597935,14.432989690721648,17.525773195876287,68.04123711340206,53.608247422680414,14.432989690721648
E00134137,111,32,14,18,79,58,21,28.82882882882883,12.612612612612612,16.216216216216218,71.17117117117117,52.25225225225225,18.91891891891892
E00134138,115,28,12,16,87,76,11,24.347826086956523,10.434782608695652,13.91304347826087,75.65217391304347,66.08695652173913,9.565217391304348
E00134139,203,70,30,40,133,93,40,34.48275862068966,14.77832512315271,19.704433497536947,65.51724137931035,45.812807881773395,19.704433497536947
E00134140,62,20,8,12,42,34,8,32.25806451612903,12.903225806451612,19.35483870967742,67.74193548387096,54.83870967741935,12.903225806451612
E00134141,130,49,16,33,81,69,12,37.69230769230769,12.307692307692308,25.384615384615383,62.30769230769231,53.07692307692308,9.230769230769232
E00134143,126,29,8,21,97,84,13,23.015873015873016,6.349206349206349,16.666666666666664,76.98412698412699,66.66666666666666,10.317460317460316
E00134144,169,50,23,27,119,98,21,29.585798816568047,13.609467455621301,15.976331360946746,70.41420118343196,57.98816568047337,12.42603550295858
E00134145,141,35,14,21,106,93,13,24.822695035460992,9.929078014184398,14.893617021276595,75.177304964539,65.95744680851064,9.219858156028367
E00134146,110,37,12,25,73,66,7,33.63636363636363,10.909090909090908,22.727272727272727,66.36363636363637,60,6.363636363636363
E00134147,208,87,40,47,121,96,25,41.82692307692308,19.230769230769234,22.596153846153847,58.17307692307693,46.15384615384615,12.01923076923077
E00134148,121,45,20,25,76,53,23,37.1900826446281,16.528925619834713,20.66115702479339,62.8099173553719,43.80165289256198,19.00826446280992
E00134149,155,47,11,36,108,90,18,30.32258064516129,7.096774193548387,23.225806451612904,69.6774193548387,58.06451612903226,11.612903225806452
E00134150,120,43,12,31,77,57,20,35.833333333333336,10,25.833333333333336,64.16666666666667,47.5,16.666666666666664
E00134151,106,28,8,20,78,65,13,26.41509433962264,7.547169811320755,18.867924528301888,73.58490566037736,61.32075471698113,12.264150943396226
E00134152,147,48,18,30,99,76,23,32.6530612244898,12.244897959183673,20.408163265306122,67.3469387755102,51.70068027210885,15.646258503401361
E00134153,273,77,29,48,196,169,27,28.205128205128204,10.622710622710622,17.582417582417584,71.7948717948718,61.904761904761905,9.89010989010989
E00134154,145,50,17,33,95,79,16,34.48275862068966,11.724137931034482,22.758620689655174,65.51724137931035,54.48275862068965,11.03448275862069
E00134155,138,53,17,36,85,61,24,38.405797101449274,12.318840579710146,26.08695652173913,61.59420289855072,44.20289855072464,17.391304347826086
E00134156,135,39,14,25,96,74,22,28.888888888888886,10.37037037037037,18.51851851851852,71.11111111111111,54.81481481481482,16.296296296296298
E00134157,138,42,20,22,96,73,23,30.434782608695656,14.492753623188406,15.942028985507244,69.56521739130434,52.89855072463768,16.666666666666664
E00134158,97,32,16,16,65,51,14,32.98969072164948,16.49484536082474,16.49484536082474,67.0103092783505,52.57731958762887,14.432989690721648
E00134159,146,47,14,33,99,81,18,32.19178082191781,9.58904109589041,22.602739726027394,67.8082191780822,55.47945205479452,12.32876712328767
E00134160,100,34,12,22,66,45,21,34,12,22,66,45,21
E00134161,202,53,22,31,149,123,26,26.237623762376238,10.891089108910892,15.346534653465346,73.76237623762376,60.89108910891089,12.871287128712872
E00134162,134,42,13,29,92,62,30,31.343283582089555,9.701492537313433,21.641791044776117,68.65671641791045,46.26865671641791,22.388059701492537
E00134163,150,42,13,29,108,91,17,28.000000000000004,8.666666666666668,19.333333333333332,72,60.66666666666667,11.333333333333332
E00134164,272,76,27,49,196,154,42,27.941176470588236,9.926470588235293,18.014705882352942,72.05882352941177,56.61764705882353,15.441176470588236
E00134165,112,39,9,30,73,62,11,34.82142857142857,8.035714285714286,26.785714285714285,65.17857142857143,55.35714285714286,9.821428571428571
E00134166,124,45,24,21,79,68,11,36.29032258064516,19.35483870967742,16.93548387096774,63.70967741935484,54.83870967741935,8.870967741935484
E00134167,183,61,22,39,122,104,18,33.33333333333333,12.021857923497267,21.311475409836063,66.66666666666666,56.830601092896174,9.836065573770492
E00134168,117,38,10,28,79,57,22,32.47863247863248,8.547008547008547,23.931623931623932,67.52136752136752,48.717948717948715,18.803418803418804
E00134169,247,70,27,43,177,142,35,28.34008097165992,10.931174089068826,17.408906882591094,71.65991902834008,57.48987854251012,14.17004048582996
E00134170,106,37,8,29,69,58,11,34.90566037735849,7.547169811320755,27.358490566037734,65.09433962264151,54.71698113207547,10.377358490566039
E00134171,121,34,15,19,87,80,7,28.09917355371901,12.396694214876034,15.702479338842975,71.900826446281,66.11570247933885,5.785123966942149
E00134172,100,26,10,16,74,66,8,26,10,16,74,66,8
E00134173,229,82,29,53,147,125,22,35.80786026200873,12.663755458515283,23.144104803493452,64.19213973799127,54.58515283842795,9.606986899563319
E00134174,121,36,8,28,85,67,18,29.75206611570248,6.6115702479338845,23.140495867768596,70.24793388429752,55.371900826446286,14.87603305785124
E00134175,185,66,20,46,119,97,22,35.67567567567568,10.81081081081081,24.864864864864867,64.32432432432432,52.43243243243243,11.891891891891893
E00134176,201,56,19,37,145,112,33,27.860696517412936,9.45273631840796,18.407960199004975,72.13930348258707,55.72139303482587,16.417910447761194
E00134177,139,46,21,25,93,82,11,33.093525179856115,15.107913669064748,17.985611510791365,66.90647482014388,58.992805755395686,7.913669064748201
E00134178,174,46,13,33,128,104,24,26.436781609195403,7.471264367816093,18.96551724137931,73.5632183908046,59.77011494252874,13.793103448275861
E00134179,209,63,25,38,146,107,39,30.14354066985646,11.961722488038278,18.181818181818183,69.85645933014354,51.196172248803826,18.660287081339714
E00134180,22,8,5,3,14,10,4,36.36363636363637,22.727272727272727,13.636363636363635,63.63636363636363,45.45454545454545,18.181818181818183
E00134181,14,7,4,3,7,5,2,50,28.57142857142857,21.428571428571427,50,35.714285714285715,14.285714285714285
E00134182,180,64,24,40,116,80,36,35.55555555555556,13.333333333333334,22.22222222222222,64.44444444444444,44.44444444444444,20
E00134183,162,53,18,35,109,85,24,32.71604938271605,11.11111111111111,21.604938271604937,67.28395061728395,52.46913580246913,14.814814814814813
E00134184,236,70,31,39,166,126,40,29.66101694915254,13.135593220338984,16.52542372881356,70.33898305084746,53.38983050847458,16.94915254237288
E00134185,187,58,28,30,129,94,35,31.016042780748666,14.973262032085561,16.042780748663102,68.98395721925134,50.26737967914438,18.71657754010695
E00134186,187,53,15,38,134,99,35,28.342245989304814,8.0213903743315509,20.32085561497326,71.65775401069519,52.94117647058824,18.71657754010695
E00134187,107,45,21,24,62,46,16,42.05607476635514,19.626168224299064,22.429906542056074,57.943925233644855,42.99065420560748,14.953271028037381
E00134188,152,49,25,24,103,80,23,32.23684210526316,16.447368421052634,15.789473684210526,67.76315789473685,52.63157894736842,15.131578947368421
E00134189,120,38,18,20,82,56,26,31.666666666666664,15,16.666666666666664,68.33333333333333,46.666666666666664,21.666666666666668
E00134190,251,75,23,52,176,145,31,29.880478087649404,9.163346613545817,20.717131474103585,70.1195219123506,57.76892430278885,12.350597609561753
E00134191,108,35,13,22,73,57,16,32.407407407407405,12.037037037037036,20.37037037037037,67.5925925925926,52.77777777777778,14.814814814814813
E00134192,110,34,15,19,76,52,24,30.909090909090907,13.636363636363635,17.272727272727273,69.0909090909091,47.27272727272727,21.818181818181817
E00134193,227,70,24,46,157,118,39,30.837004405286343,10.572687224669604,20.26431718061674,69.16299559471366,51.98237885462555,17.180616740088105
E00134194,86,25,7,18,61,50,11,29.069767441860467,8.13953488372093,20.930232558139537,70.93023255813954,58.139534883720934,12.790697674418606
E00134195,177,53,17,36,124,106,18,29.943502824858758,9.6045197740113,20.33898305084746,70.05649717514125,59.887005649717516,10.16949152542373
E00134196,154,53,19,34,101,83,18,34.41558441558442,12.337662337662337,22.07792207792208,65.5844155844156,53.896103896103895,11.688311688311687
E00134197,171,52,20,32,119,89,30,30.409356725146196,11.695906432748536,18.71345029239766,69.5906432748538,52.046783625730995,17.543859649122805
E00134198,149,47,18,29,102,80,22,31.543624161073826,12.080536912751679,19.463087248322147,68.45637583892618,53.691275167785236,14.76510067114094
E00134200,194,54,19,35,140,114,26,27.835051546391753,9.793814432989691,18.04123711340206,72.16494845360825,58.76288659793815,13.402061855670103
E00134201,229,80,38,42,149,108,41,34.93449781659388,16.593886462882097,18.340611353711793,65.06550218340611,47.161572052401745,17.903930131004365
E00134202,137,40,14,26,97,83,14,29.1970802919708,10.218978102189782,18.97810218978102,70.8029197080292,60.58394160583942,10.218978102189782
E00134203,127,48,19,29,79,68,11,37.79527559055118,14.960629921259844,22.83464566929134,62.20472440944882,53.54330708661418,8.661417322834646
E00134204,93,33,7,26,60,51,9,35.483870967741936,7.526881720430108,27.956989247311824,64.51612903225806,54.83870967741935,9.67741935483871
E00134205,232,70,26,44,162,142,20,30.17241379310345,11.206896551724139,18.96551724137931,69.82758620689656,61.206896551724135,8.620689655172415
E00134206,84,22,10,12,62,46,16,26.190476190476193,11.904761904761903,14.285714285714285,73.80952380952381,54.761904761904766,19.047619047619047
E00134207,77,28,7,21,49,36,13,36.36363636363637,9.090909090909092,27.27272727272727,63.63636363636363,46.75324675324675,16.883116883116884
E00134208,133,40,15,25,93,70,23,30.075187969924812,11.278195488721805,18.796992481203006,69.92481203007519,52.63157894736842,17.293233082706767
E00134209,147,43,17,26,104,81,23,29.25170068027211,11.564625850340136,17.687074829931973,70.74829931972789,55.10204081632652,15.646258503401361
E00134210,122,41,16,25,81,66,15,33.60655737704918,13.114754098360656,20.491803278688526,66.39344262295081,54.09836065573771,12.295081967213115
E00134211,60,26,12,14,34,23,11,43.333333333333336,20,23.333333333333332,56.666666666666664,38.333333333333336,18.333333333333332
E00134212,92,30,7,23,62,49,13,32.608695652173914,7.608695652173914,25,67.3913043478261,53.2608695652174,14.130434782608695
E00134213,189,65,29,36,124,103,21,34.39153439153439,15.343915343915343,19.047619047619047,65.60846560846561,54.4973544973545,11.11111111111111
E00134214,121,34,17,17,87,76,11,28.09917355371901,14.049586776859504,14.049586776859504,71.900826446281,62.8099173553719,9.090909090909092
E00134216,151,49,17,32,102,83,19,32.450331125827816,11.258278145695364,21.192052980132452,67.54966887417218,54.966887417218544,12.582781456953644
E00134217,146,43,14,29,103,80,23,29.45205479452055,9.58904109589041,19.863013698630137,70.54794520547945,54.794520547945204,15.753424657534246
E00134219,147,39,21,18,108,89,19,26.53061224489796,14.285714285714285,12.244897959183673,73.46938775510205,60.544217687074834,12.925170068027212
E00134220,114,31,13,18,83,62,21,27.192982456140353,11.403508771929824,15.789473684210526,72.80701754385966,54.385964912280706,18.421052631578945
E00134221,84,25,10,15,59,49,10,29.761904761904763,11.904761904761903,17.857142857142858,70.23809523809523,58.333333333333336,11.904761904761903
E00134222,128,33,10,23,95,75,20,25.78125,7.8125,17.96875,74.21875,58.59375,15.625
E00134223,55,26,18,8,29,21,8,47.27272727272727,32.72727272727273,14.545454545454545,52.72727272727272,38.18181818181819,14.545454545454545
E00168556,124,26,9,17,98,82,16,20.967741935483872,7.258064516129033,13.709677419354838,79.03225806451613,66.12903225806451,12.903225806451612
E00168557,118,31,7,24,87,69,18,26.27118644067797,5.932203389830509,20.33898305084746,73.72881355932203,58.47457627118644,15.254237288135593
E00168558,124,32,10,22,92,72,20,25.806451612903224,8.064516129032258,17.741935483870968,74.19354838709677,58.06451612903226,16.129032258064516
E00168559,160,42,9,33,118,101,17,26.25,5.625,20.625,73.75,63.125,10.625
E00168560,112,36,12,24,76,58,18,32.142857142857146,10.714285714285714,21.428571428571427,67.85714285714286,51.78571428571429,16.071428571428573
E00168561,158,45,24,21,113,89,24,28.48101265822785,15.18987341772152,13.291139240506327,71.51898734177216,56.32911392405063,15.18987341772152
E00168562,144,55,20,35,89,73,16,38.19444444444444,13.88888888888889,24.305555555555554,61.80555555555556,50.69444444444444,11.11111111111111
E00168563,221,50,18,32,171,143,28,22.624434389140273,8.144796380090497,14.479638009049776,77.37556561085974,64.70588235294117,12.669683257918551
E00168564,130,49,9,40,81,66,15,37.69230769230769,6.923076923076923,30.76923076923077,62.30769230769231,50.76923076923077,11.538461538461538
E00168565,144,36,11,25,108,82,26,25,7.638888888888889,17.36111111111111,75,56.94444444444444,18.055555555555554
E00168566,312,75,21,54,237,209,28,24.03846153846154,6.730769230769231,17.307692307692307,75.96153846153845,66.98717948717949,8.974358974358974
E00168568,103,25,11,14,78,64,14,24.271844660194176,10.679611650485436,13.592233009708737,75.72815533980582,62.13592233009708,13.592233009708737
E00168569,168,60,23,37,108,78,30,35.714285714285715,13.690476190476192,22.023809523809522,64.28571428571429,46.42857142857143,17.857142857142858
E00168570,167,49,19,30,118,96,22,29.34131736526946,11.377245508982035,17.964071856287426,70.65868263473054,57.48502994011976,13.17365269461078
E00168571,161,43,11,32,118,101,17,26.70807453416149,6.832298136645963,19.875776397515526,73.29192546583852,62.732919254658384,10.559006211180124
E00168572,98,32,11,21,66,50,16,32.6530612244898,11.224489795918368,21.428571428571427,67.3469387755102,51.02040816326531,16.3265306122449
E00168573,154,34,14,20,120,98,22,22.07792207792208,9.090909090909092,12.987012987012985,77.92207792207793,63.63636363636363,14.285714285714285
E00168574,173,54,25,29,119,90,29,31.213872832369944,14.450867052023122,16.76300578034682,68.78612716763006,52.02312138728323,16.76300578034682
E00185266,106,37,19,18,69,41,28,34.90566037735849,17.92452830188679,16.9811320754717,65.09433962264151,38.67924528301887,26.41509433962264
E00185287,78,22,9,13,56,50,6,28.205128205128204,11.538461538461538,16.666666666666664,71.7948717948718,64.1025641025641,7.6923076923076925
E00185293,202,56,15,41,146,124,22,27.722772277227726,7.425742574257425,20.2970297029703,72.27722772277228,61.386138613861384,10.891089108910892
E00185296,55,17,7,10,38,30,8,30.909090909090907,12.727272727272727,18.181818181818183,69.0909090909091,54.54545454545454,14.545454545454545
E00185300,139,48,11,37,91,72,19,34.53237410071942,7.913669064748201,26.618705035971225,65.46762589928058,51.798561151079134,13.66906474820144
E00185303,170,51,26,25,119,92,27,30,15.294117647058824,14.705882352941178,70,54.11764705882353,15.88235294117647
E00185311,127,45,17,28,82,75,7,35.43307086614173,13.385826771653544,22.04724409448819,64.56692913385827,59.055118110236215,5.511811023622047
E00185312,56,9,4,5,47,33,14,16.071428571428573,7.142857142857142,8.928571428571429,83.92857142857143,58.92857142857143,25
E00185325,86,12,3,9,74,61,13,13.953488372093023,3.488372093023256,10.465116279069768,86.04651162790698,70.93023255813954,15.11627906976744
E00185326,176,44,7,37,132,108,24,25,3.977272727272727,21.022727272727273,75,61.36363636363637,13.636363636363635
E00185328,382,88,24,64,294,252,42,23.036649214659686,6.282722513089005,16.75392670157068,76.96335078534031,65.96858638743456,10.99476439790576
E00185340,233,72,28,44,161,139,22,30.90128755364807,12.017167381974248,18.88412017167382,69.09871244635193,59.65665236051502,9.44206008583691
E00185379,209,66,16,50,143,116,27,31.57894736842105,7.655502392344498,23.923444976076556,68.42105263157895,55.50239234449761,12.918660287081341
E00185385,186,41,8,33,145,124,21,22.043010752688172,4.301075268817205,17.741935483870968,77.95698924731182,66.66666666666666,11.29032258064516
E00185393,83,25,6,19,58,52,6,30.120481927710845,7.228915662650602,22.89156626506024,69.87951807228916,62.65060240963856,7.228915662650602
E00185394,108,37,14,23,71,52,19,34.25925925925926,12.962962962962962,21.296296296296298,65.74074074074075,48.148148148148145,17.59259259259259
E00185395,99,27,6,21,72,66,6,27.27272727272727,6.0606060606060606,21.21212121212121,72.72727272727273,66.66666666666666,6.0606060606060606
E00185405,59,18,8,10,41,36,5,30.508474576271187,13.559322033898304,16.94915254237288,69.49152542372882,61.016949152542374,8.47457627118644
E00185407,114,38,11,27,76,69,7,33.33333333333333,9.649122807017543,23.684210526315788,66.66666666666666,60.526315789473685,6.140350877192982
E00185408,169,49,8,41,120,93,27,28.994082840236686,4.733727810650888,24.2603550295858,71.00591715976331,55.02958579881657,15.976331360946746
E00185411,53,11,0,11,42,37,5,20.754716981132077,0,20.754716981132077,79.24528301886792,69.81132075471697,9.433962264150944
E00185429,50,11,1,10,39,31,8,22,2,20,78,62,16
E00185430,129,45,16,29,84,70,14,34.883720930232556,12.4031007751938,22.48062015503876,65.11627906976744,54.263565891472865,10.852713178294573
E00185432,75,27,9,18,48,42,6,36,12,24,64,56.00000000000001,8
E00185436,174,41,10,31,133,107,26,23.563218390804597,5.747126436781609,17.81609195402299,76.4367816091954,61.49425287356321,14.942528735632186
E00185443,73,19,5,14,54,42,12,26.027397260273972,6.8493150684931505,19.17808219178082,73.97260273972603,57.534246575342465,16.43835616438356
E00185447,282,78,26,52,204,172,32,27.659574468085108,9.219858156028367,18.439716312056735,72.3404255319149,60.99290780141844,11.347517730496454
E00185454,251,49,12,37,202,176,26,19.52191235059761,4.780876494023905,14.741035856573706,80.47808764940238,70.1195219123506,10.358565737051793
E00185455,194,41,12,29,153,125,28,21.1340206185567,6.185567010309279,14.948453608247423,78.8659793814433,64.43298969072166,14.432989690721648
