OA,ts0380001,ts0380002,ts0380003,ts0380004,ts0380005,ts0380006,ts0380007,ts0380002_PCT,ts0380003_PCT,ts0380004_PCT,ts0380005_PCT,ts0380006_PCT,ts0380007_PCT
E00128901,256,44,14,30,212,23,189,17.1875,5.46875,11.71875,82.8125,8.984375,73.828125
E00128902,522,85,37,48,437,46,391,16.28352490421456,7.088122605363985,9.195402298850574,83.71647509578544,8.812260536398467,74.90421455938697
E00128903,333,74,37,37,259,34,225,22.22222222222222,11.11111111111111,11.11111111111111,77.77777777777779,10.21021021021021,67.56756756756756
E00128905,271,55,22,33,216,19,197,20.29520295202952,8.118081180811808,12.177121771217712,79.70479704797047,7.011070110701106,72.69372693726937
E00128906,274,28,10,18,246,28,218,10.218978102189782,3.64963503649635,6.569343065693431,89.78102189781022,10.218978102189782,79.56204379562044
E00128907,363,75,38,37,288,19,269,20.66115702479339,10.46831955922865,10.192837465564738,79.33884297520662,5.234159779614325,74.10468319559229
E00128908,249,69,30,39,180,16,164,27.710843373493976,12.048192771084338,15.66265060240964,72.28915662650603,6.425702811244979,65.86345381526104
E00128909,265,69,30,39,196,25,171,26.037735849056602,11.320754716981133,14.716981132075471,73.9622641509434,9.433962264150944,64.52830188679245
E00128910,255,51,19,32,204,23,181,20,7.450980392156863,12.549019607843137,80,9.019607843137255,70.98039215686275
E00128911,217,43,19,24,174,13,161,19.81566820276498,8.755760368663594,11.059907834101383,80.18433179723502,5.990783410138248,74.19354838709677
E00128912,485,82,26,56,403,36,367,16.90721649484536,5.360824742268041,11.54639175257732,83.09278350515464,7.422680412371134,75.6701030927835
E00128914,290,66,32,34,224,15,209,22.758620689655174,11.03448275862069,11.724137931034482,77.24137931034483,5.172413793103448,72.06896551724138
E00128917,391,49,15,34,342,31,311,12.531969309462914,3.8363171355498724,8.695652173913043,87.46803069053708,7.928388746803069,79.53964194373401
E00128918,571,83,33,50,488,45,443,14.535901926444833,5.779334500875657,8.756567425569177,85.46409807355516,7.880910683012258,77.5831873905429
E00128919,180,41,17,24,139,16,123,22.77777777777778,9.444444444444445,13.333333333333334,77.22222222222223,8.88888888888889,68.33333333333333
E00128920,520,65,28,37,455,29,426,12.5,5.384615384615385,7.115384615384615,87.5,5.5769230769230775,81.92307692307692
E00128921,241,46,21,25,195,20,175,19.08713692946058,8.71369294605809,10.37344398340249,80.91286307053942,8.29875518672199,72.61410788381743
E00128922,253,51,22,29,202,24,178,20.158102766798418,8.695652173913043,11.462450592885375,79.84189723320159,9.486166007905137,70.35573122529645
E00128923,454,73,30,43,381,27,354,16.079295154185022,6.607929515418502,9.47136563876652,83.92070484581498,5.947136563876652,77.97356828193833
E00128924,249,46,17,29,203,28,175,18.473895582329316,6.827309236947792,11.646586345381527,81.52610441767068,11.244979919678714,70.28112449799197
E00128925,265,48,18,30,217,13,204,18.11320754716981,6.7924528301886795,11.320754716981133,81.88679245283019,4.905660377358491,76.9811320754717
E00128926,460,60,26,34,400,53,347,13.043478260869565,5.6521739130434785,7.391304347826087,86.95652173913044,11.521739130434783,75.43478260869566
E00128927,467,65,33,32,402,31,371,13.9186295503212,7.066381156316917,6.852248394004283,86.0813704496788,6.638115631691649,79.44325481798715
E00128929,303,65,37,28,238,24,214,21.45214521452145,12.211221122112212,9.24092409240924,78.54785478547855,7.920792079207921,70.62706270627062
E00128930,273,56,23,33,217,15,202,20.51282051282051,8.424908424908425,12.087912087912088,79.48717948717949,5.4945054945054945,73.992673992674
E00128931,301,71,33,38,230,11,219,23.588039867109632,10.96345514950166,12.624584717607974,76.41196013289037,3.6544850498338874,72.75747508305648
E00128932,232,62,22,40,170,26,144,26.72413793103448,9.482758620689655,17.24137931034483,73.27586206896551,11.206896551724139,62.06896551724138
E00128933,275,52,26,26,223,14,209,18.90909090909091,9.454545454545455,9.454545454545455,81.0909090909091,5.090909090909091,76
E00128934,334,126,41,85,208,18,190,37.72455089820359,12.275449101796406,25.449101796407188,62.27544910179641,5.389221556886228,56.886227544910184
E00128935,162,41,22,19,121,17,104,25.308641975308642,13.580246913580247,11.728395061728394,74.69135802469135,10.493827160493826,64.19753086419753
E00128936,220,40,10,30,180,17,163,18.181818181818183,4.545454545454546,13.636363636363635,81.81818181818183,7.727272727272727,74.0909090909091
E00128937,242,50,17,33,192,24,168,20.66115702479339,7.024793388429752,13.636363636363635,79.33884297520662,9.917355371900827,69.42148760330579
E00128938,259,51,24,27,208,28,180,19.69111969111969,9.266409266409266,10.424710424710424,80.3088803088803,10.81081081081081,69.4980694980695
E00128939,323,55,21,34,268,27,241,17.027863777089784,6.5015479876160995,10.526315789473683,82.97213622291022,8.359133126934983,74.61300309597523
E00128940,241,70,32,38,171,21,150,29.045643153526974,13.278008298755188,15.767634854771783,70.95435684647303,8.71369294605809,62.24066390041494
E00128941,310,59,26,33,251,29,222,19.032258064516128,8.38709677419355,10.64516129032258,80.96774193548387,9.35483870967742,71.61290322580646
E00128942,321,67,19,48,254,25,229,20.87227414330218,5.919003115264798,14.953271028037381,79.12772585669782,7.78816199376947,71.33956386292834
E00128943,240,57,25,32,183,15,168,23.75,10.416666666666668,13.333333333333334,76.25,6.25,70
E00128944,289,39,14,25,250,22,228,13.494809688581316,4.844290657439446,8.650519031141869,86.50519031141869,7.612456747404845,78.89273356401384
E00128945,282,47,23,24,235,31,204,16.666666666666664,8.156028368794328,8.51063829787234,83.33333333333334,10.99290780141844,72.3404255319149
E00128946,333,51,21,30,282,40,242,15.315315315315313,6.306306306306306,9.00900900900901,84.68468468468468,12.012012012012011,72.67267267267268
E00128947,181,44,19,25,137,14,123,24.30939226519337,10.497237569060774,13.812154696132598,75.69060773480662,7.734806629834254,67.95580110497238
E00128948,258,51,20,31,207,33,174,19.767441860465116,7.751937984496124,12.015503875968992,80.23255813953489,12.790697674418606,67.44186046511628
E00128949,292,40,11,29,252,23,229,13.698630136986301,3.767123287671233,9.931506849315069,86.3013698630137,7.876712328767123,78.42465753424658
E00128950,302,55,22,33,247,22,225,18.211920529801322,7.28476821192053,10.927152317880795,81.78807947019867,7.28476821192053,74.50331125827815
E00128951,250,42,17,25,208,18,190,16.8,6.800000000000001,10,83.2,7.199999999999999,76
E00128952,333,39,9,30,294,29,265,11.711711711711711,2.7027027027027026,9.00900900900901,88.28828828828829,8.708708708708707,79.57957957957959
E00128953,474,47,13,34,427,36,391,9.915611814345992,2.7426160337552745,7.172995780590717,90.084388185654,7.59493670886076,82.48945147679325
E00128954,208,46,11,35,162,21,141,22.115384615384613,5.288461538461538,16.826923076923077,77.88461538461539,10.096153846153847,67.78846153846155
E00128955,230,40,24,16,190,15,175,17.391304347826086,10.434782608695652,6.956521739130435,82.6086956521739,6.521739130434782,76.08695652173914
E00128956,157,57,28,29,100,11,89,36.30573248407643,17.8343949044586,18.471337579617835,63.69426751592356,7.006369426751593,56.68789808917197
E00128957,343,59,21,38,284,31,253,17.20116618075802,6.122448979591836,11.078717201166182,82.79883381924198,9.037900874635568,73.76093294460642
E00128958,230,58,14,44,172,21,151,25.217391304347824,6.086956521739131,19.130434782608695,74.78260869565217,9.130434782608695,65.65217391304347
E00128959,251,63,20,43,188,24,164,25.099601593625497,7.968127490039841,17.131474103585656,74.9003984063745,9.56175298804781,65.33864541832669
E00128960,228,51,28,23,177,15,162,22.36842105263158,12.280701754385964,10.087719298245613,77.63157894736842,6.578947368421052,71.05263157894737
E00128962,274,59,25,34,215,23,192,21.532846715328464,9.124087591240876,12.408759124087592,78.46715328467153,8.394160583941606,70.07299270072993
E00128963,289,47,15,32,242,32,210,16.26297577854671,5.190311418685121,11.072664359861593,83.73702422145328,11.072664359861593,72.66435986159169
E00128964,278,51,16,35,227,24,203,18.345323741007196,5.755395683453238,12.589928057553957,81.65467625899281,8.633093525179856,73.02158273381295
E00128965,266,67,28,39,199,20,179,25.18796992481203,10.526315789473683,14.661654135338345,74.81203007518798,7.518796992481203,67.29323308270678
E00128966,280,42,15,27,238,30,208,15,5.357142857142857,9.642857142857144,85,10.714285714285714,74.28571428571429
E00128967,238,60,31,29,178,20,158,25.210084033613445,13.025210084033615,12.184873949579831,74.78991596638656,8.403361344537815,66.38655462184873
E00128968,358,62,21,41,296,31,265,17.318435754189945,5.865921787709497,11.452513966480447,82.68156424581005,8.659217877094973,74.02234636871509
E00128969,269,48,17,31,221,21,200,17.843866171003718,6.319702602230483,11.524163568773234,82.15613382899627,7.806691449814126,74.34944237918215
E00128970,302,42,13,29,260,18,242,13.90728476821192,4.304635761589404,9.602649006622517,86.09271523178808,5.960264900662252,80.13245033112582
E00128971,287,54,15,39,233,24,209,18.81533101045296,5.2264808362369335,13.588850174216027,81.18466898954703,8.362369337979095,72.82229965156795
E00128972,240,50,20,30,190,15,175,20.833333333333336,8.333333333333332,12.5,79.16666666666666,6.25,72.91666666666666
E00128973,269,53,20,33,216,24,192,19.702602230483272,7.434944237918216,12.267657992565056,80.29739776951673,8.921933085501859,71.37546468401487
E00128974,205,29,13,16,176,16,160,14.146341463414632,6.341463414634147,7.804878048780488,85.85365853658537,7.804878048780488,78.04878048780488
E00128975,251,44,23,21,207,21,186,17.52988047808765,9.163346613545817,8.366533864541832,82.47011952191235,8.366533864541832,74.10358565737052
E00128976,319,45,17,28,274,27,247,14.106583072100312,5.329153605015674,8.77742946708464,85.8934169278997,8.463949843260188,77.4294670846395
E00128977,109,57,28,29,52,6,46,52.293577981651374,25.688073394495415,26.605504587155966,47.706422018348626,5.5045871559633035,42.201834862385326
E00128978,282,37,10,27,245,30,215,13.120567375886525,3.546099290780142,9.574468085106384,86.87943262411348,10.638297872340425,76.24113475177306
E00128979,278,57,22,35,221,25,196,20.503597122302157,7.913669064748201,12.589928057553957,79.49640287769785,8.992805755395683,70.50359712230215
E00128980,565,145,73,72,420,38,382,25.663716814159294,12.920353982300886,12.743362831858407,74.33628318584071,6.725663716814159,67.61061946902655
E00128981,313,48,12,36,265,21,244,15.335463258785943,3.8338658146964857,11.501597444089457,84.66453674121406,6.7092651757188495,77.95527156549521
E00128982,269,47,18,29,222,21,201,17.472118959107807,6.691449814126393,10.780669144981413,82.5278810408922,7.806691449814126,74.72118959107806
E00128983,239,37,13,24,202,19,183,15.481171548117153,5.439330543933055,10.0418410041841,84.51882845188284,7.949790794979079,76.56903765690377
E00128984,287,51,23,28,236,22,214,17.770034843205575,8.013937282229964,9.75609756097561,82.22996515679442,7.665505226480835,74.56445993031359
E00128985,354,58,27,31,296,34,262,16.38418079096045,7.627118644067797,8.757062146892656,83.61581920903954,9.6045197740113,74.01129943502825
E00128986,208,47,17,30,161,17,144,22.596153846153847,8.173076923076923,14.423076923076922,77.40384615384616,8.173076923076923,69.23076923076923
E00128987,353,35,11,24,318,37,281,9.91501416430595,3.1161473087818696,6.79886685552408,90.08498583569406,10.48158640226629,79.60339943342775
E00128988,359,57,26,31,302,24,278,15.87743732590529,7.242339832869081,8.635097493036211,84.12256267409471,6.685236768802229,77.43732590529248
E00128989,275,48,16,32,227,27,200,17.454545454545457,5.818181818181818,11.636363636363637,82.54545454545455,9.818181818181818,72.72727272727273
E00128990,264,80,43,37,184,12,172,30.303030303030305,16.28787878787879,14.015151515151514,69.6969696969697,4.545454545454546,65.15151515151516
E00128991,282,43,13,30,239,24,215,15.24822695035461,4.609929078014184,10.638297872340425,84.75177304964538,8.51063829787234,76.24113475177306
E00128992,220,60,24,36,160,15,145,27.27272727272727,10.909090909090908,16.363636363636363,72.72727272727273,6.8181818181818175,65.9090909090909
E00128993,323,58,17,41,265,26,239,17.956656346749224,5.263157894736842,12.693498452012383,82.04334365325077,8.04953560371517,73.9938080495356
E00128994,489,89,42,47,400,48,352,18.200408997955012,8.588957055214724,9.611451942740286,81.79959100204499,9.815950920245399,71.98364008179959
E00128995,260,45,20,25,215,24,191,17.307692307692307,7.6923076923076925,9.615384615384617,82.6923076923077,9.230769230769232,73.46153846153847
E00128996,240,39,20,19,201,16,185,16.25,8.333333333333332,7.916666666666666,83.75,6.666666666666667,77.08333333333334
E00128997,348,46,22,24,302,28,274,13.218390804597702,6.321839080459771,6.896551724137931,86.7816091954023,8.045977011494253,78.73563218390804
E00128998,355,44,12,32,311,35,276,12.394366197183098,3.3802816901408446,9.014084507042254,87.60563380281691,9.859154929577464,77.74647887323944
E00128999,158,37,18,19,121,12,109,23.417721518987342,11.39240506329114,12.025316455696203,76.58227848101265,7.59493670886076,68.9873417721519
E00129000,247,39,18,21,208,20,188,15.789473684210526,7.28744939271255,8.502024291497975,84.21052631578947,8.097165991902834,76.11336032388664
E00129001,297,51,23,28,246,14,232,17.17171717171717,7.744107744107744,9.427609427609427,82.82828282828282,4.713804713804714,78.11447811447812
E00129002,318,54,15,39,264,31,233,16.9811320754717,4.716981132075472,12.264150943396226,83.01886792452831,9.748427672955975,73.27044025157232
E00129003,274,40,18,22,234,20,214,14.5985401459854,6.569343065693431,8.02919708029197,85.40145985401459,7.2992700729927,78.1021897810219
E00129004,385,76,39,37,309,23,286,19.74025974025974,10.129870129870131,9.61038961038961,80.25974025974027,5.974025974025974,74.28571428571429
E00129008,316,69,32,37,247,15,232,21.835443037974684,10.126582278481013,11.708860759493671,78.16455696202532,4.746835443037975,73.41772151898735
E00129009,427,75,20,55,352,28,324,17.56440281030445,4.683840749414521,12.88056206088993,82.43559718969556,6.557377049180328,75.87822014051523
E00129010,309,76,42,34,233,18,215,24.59546925566343,13.592233009708737,11.003236245954692,75.40453074433657,5.825242718446602,69.57928802588997
E00129011,204,61,28,33,143,12,131,29.901960784313726,13.725490196078432,16.176470588235293,70.09803921568627,5.88235294117647,64.2156862745098
E00129012,280,54,29,25,226,27,199,19.28571428571429,10.357142857142858,8.928571428571429,80.71428571428572,9.642857142857144,71.07142857142857
E00129013,305,62,26,36,243,26,217,20.327868852459016,8.524590163934425,11.80327868852459,79.67213114754098,8.524590163934425,71.14754098360656
E00129014,257,73,30,43,184,18,166,28.404669260700388,11.673151750972762,16.731517509727624,71.59533073929961,7.003891050583658,64.59143968871595
E00129016,203,58,23,35,145,10,135,28.57142857142857,11.330049261083744,17.24137931034483,71.42857142857143,4.926108374384237,66.50246305418719
E00129017,295,85,44,41,210,20,190,28.8135593220339,14.915254237288137,13.898305084745763,71.1864406779661,6.779661016949152,64.40677966101694
E00129018,289,46,20,26,243,22,221,15.916955017301039,6.920415224913495,8.996539792387544,84.08304498269896,7.612456747404845,76.47058823529412
E00129019,286,63,29,34,223,21,202,22.02797202797203,10.13986013986014,11.888111888111888,77.97202797202797,7.3426573426573425,70.62937062937063
E00129020,276,57,27,30,219,25,194,20.652173913043477,9.782608695652174,10.869565217391305,79.34782608695652,9.057971014492754,70.28985507246377
E00129021,336,87,44,43,249,21,228,25.892857142857146,13.095238095238097,12.797619047619047,74.10714285714286,6.25,67.85714285714286
E00129022,276,44,27,17,232,17,215,15.942028985507244,9.782608695652174,6.159420289855073,84.05797101449275,6.159420289855073,77.89855072463769
E00129025,243,55,20,35,188,14,174,22.633744855967077,8.23045267489712,14.40329218106996,77.36625514403292,5.761316872427984,71.60493827160494
E00129026,175,56,38,18,119,16,103,32,21.714285714285715,10.285714285714285,68,9.142857142857142,58.857142857142854
E00129027,319,39,15,24,280,20,260,12.225705329153605,4.702194357366771,7.523510971786834,87.7742946708464,6.269592476489027,81.50470219435736
E00129028,299,49,18,31,250,28,222,16.387959866220736,6.0200668896321075,10.367892976588628,83.61204013377926,9.364548494983277,74.24749163879598
E00129029,332,44,8,36,288,25,263,13.253012048192772,2.4096385542168677,10.843373493975903,86.74698795180723,7.530120481927711,79.21686746987952
E00129030,340,74,40,34,266,18,248,21.764705882352942,11.76470588235294,10,78.23529411764706,5.294117647058823,72.94117647058823
E00129031,309,46,14,32,263,28,235,14.886731391585762,4.53074433656958,10.355987055016183,85.11326860841424,9.06148867313916,76.05177993527508
E00129032,300,43,15,28,257,18,239,14.333333333333334,5,9.333333333333334,85.66666666666667,6,79.66666666666666
E00129033,277,49,16,33,228,26,202,17.689530685920577,5.776173285198556,11.913357400722022,82.31046931407943,9.386281588447654,72.92418772563177
E00129034,315,44,15,29,271,26,245,13.968253968253968,4.761904761904762,9.206349206349207,86.03174603174604,8.253968253968253,77.77777777777779
E00129035,281,40,12,28,241,29,212,14.23487544483986,4.270462633451958,9.9644128113879,85.76512455516014,10.320284697508896,75.44483985765125
E00129036,348,55,19,36,293,26,267,15.804597701149426,5.459770114942529,10.344827586206897,84.19540229885058,7.471264367816093,76.72413793103449
E00129037,327,45,17,28,282,16,266,13.761467889908257,5.198776758409786,8.56269113149847,86.23853211009175,4.892966360856269,81.34556574923548
E00129038,349,52,18,34,297,29,268,14.899713467048711,5.157593123209169,9.742120343839542,85.10028653295129,8.30945558739255,76.79083094555874
E00129039,292,82,28,54,210,14,196,28.08219178082192,9.58904109589041,18.493150684931507,71.91780821917808,4.794520547945205,67.12328767123287
E00129040,285,56,25,31,229,18,211,19.649122807017545,8.771929824561402,10.87719298245614,80.35087719298247,6.315789473684211,74.03508771929825
E00129041,206,27,11,16,179,24,155,13.106796116504855,5.339805825242718,7.766990291262135,86.89320388349515,11.650485436893204,75.24271844660194
E00129042,334,57,25,32,277,21,256,17.065868263473057,7.48502994011976,9.580838323353294,82.93413173652695,6.287425149700598,76.64670658682635
E00129043,294,70,26,44,224,25,199,23.809523809523807,8.843537414965986,14.965986394557824,76.19047619047619,8.503401360544217,67.68707482993197
E00129044,372,90,34,56,282,30,252,24.193548387096776,9.13978494623656,15.053763440860216,75.80645161290323,8.064516129032258,67.74193548387096
E00129045,179,52,23,29,127,15,112,29.05027932960894,12.849162011173185,16.201117318435752,70.94972067039106,8.379888268156424,62.56983240223464
E00129046,206,54,24,30,152,21,131,26.21359223300971,11.650485436893204,14.563106796116504,73.7864077669903,10.194174757281553,63.59223300970874
E00129047,110,26,7,19,84,8,76,23.636363636363637,6.363636363636363,17.272727272727273,76.36363636363637,7.2727272727272725,69.0909090909091
E00129048,329,85,39,46,244,16,228,25.835866261398177,11.854103343465045,13.98176291793313,74.16413373860182,4.86322188449848,69.30091185410335
E00129049,271,38,16,22,233,33,200,14.022140221402212,5.904059040590406,8.118081180811808,85.97785977859779,12.177121771217712,73.80073800738008
E00129050,273,64,24,40,209,28,181,23.44322344322344,8.791208791208792,14.652014652014653,76.55677655677655,10.256410256410255,66.30036630036629
E00129051,259,42,22,20,217,32,185,16.216216216216218,8.494208494208493,7.722007722007722,83.78378378378379,12.355212355212355,71.42857142857143
E00129052,228,49,22,27,179,20,159,21.49122807017544,9.649122807017543,11.842105263157894,78.50877192982456,8.771929824561402,69.73684210526315
E00129053,309,120,74,46,189,21,168,38.83495145631068,23.948220064724918,14.886731391585762,61.165048543689316,6.796116504854369,54.36893203883495
E00129054,299,58,23,35,241,15,226,19.39799331103679,7.6923076923076925,11.705685618729097,80.60200668896321,5.016722408026756,75.58528428093646
E00129055,323,64,34,30,259,22,237,19.814241486068113,10.526315789473683,9.287925696594428,80.18575851393189,6.811145510835913,73.37461300309597
E00129056,354,50,19,31,304,23,281,14.124293785310735,5.367231638418079,8.757062146892656,85.87570621468926,6.497175141242938,79.37853107344633
E00129057,317,53,12,41,264,27,237,16.7192429022082,3.7854889589905363,12.933753943217665,83.2807570977918,8.517350157728707,74.76340694006309
E00129058,326,45,14,31,281,31,250,13.803680981595093,4.294478527607362,9.509202453987731,86.1963190184049,9.509202453987731,76.68711656441718
E00129061,270,50,21,29,220,21,199,18.51851851851852,7.777777777777778,10.74074074074074,81.48148148148148,7.777777777777778,73.70370370370371
E00129062,326,45,20,25,281,14,267,13.803680981595093,6.134969325153374,7.668711656441718,86.1963190184049,4.294478527607362,81.90184049079755
E00129063,278,44,11,33,234,23,211,15.827338129496402,3.9568345323741005,11.870503597122301,84.17266187050359,8.273381294964029,75.89928057553958
E00129064,322,43,18,25,279,22,257,13.354037267080745,5.590062111801243,7.763975155279502,86.64596273291926,6.832298136645963,79.8136645962733
E00129065,241,53,18,35,188,15,173,21.991701244813278,7.468879668049793,14.522821576763487,78.00829875518673,6.224066390041494,71.78423236514523
E00129066,302,42,13,29,260,23,237,13.90728476821192,4.304635761589404,9.602649006622517,86.09271523178808,7.6158940397351,78.47682119205298
E00129068,269,56,29,27,213,18,195,20.817843866171003,10.780669144981413,10.037174721189592,79.182156133829,6.691449814126393,72.4907063197026
E00129070,292,51,14,37,241,24,217,17.465753424657535,4.794520547945205,12.67123287671233,82.53424657534246,8.21917808219178,74.31506849315068
E00129071,284,41,14,27,243,28,215,14.43661971830986,4.929577464788732,9.507042253521126,85.56338028169014,9.859154929577464,75.70422535211267
E00129072,271,60,28,32,211,26,185,22.14022140221402,10.33210332103321,11.808118081180812,77.85977859778598,9.59409594095941,68.26568265682657
E00129074,233,67,38,29,166,18,148,28.75536480686695,16.30901287553648,12.446351931330472,71.24463519313305,7.725321888412018,63.519313304721024
E00129075,244,70,30,40,174,19,155,28.688524590163933,12.295081967213115,16.39344262295082,71.31147540983606,7.786885245901639,63.52459016393443
E00129076,237,42,20,22,195,15,180,17.72151898734177,8.438818565400844,9.282700421940929,82.27848101265823,6.329113924050633,75.9493670886076
E00129078,269,68,35,33,201,25,176,25.27881040892193,13.011152416356877,12.267657992565056,74.72118959107806,9.293680297397769,65.4275092936803
E00129079,296,54,24,30,242,25,217,18.243243243243242,8.108108108108109,10.135135135135135,81.75675675675676,8.445945945945946,73.3108108108108
E00129080,242,30,15,15,212,23,189,12.396694214876034,6.198347107438017,6.198347107438017,87.60330578512396,9.50413223140496,78.099173553719
E00129081,289,31,6,25,258,30,228,10.726643598615917,2.0761245674740483,8.650519031141869,89.27335640138409,10.380622837370241,78.89273356401384
E00129082,267,60,22,38,207,26,181,22.47191011235955,8.239700374531834,14.232209737827715,77.52808988764045,9.737827715355806,67.79026217228464
E00129083,258,59,33,26,199,18,181,22.868217054263564,12.790697674418606,10.077519379844961,77.13178294573643,6.976744186046512,70.15503875968993
E00129084,339,67,33,34,272,28,244,19.76401179941003,9.734513274336283,10.029498525073747,80.23598820058997,8.259587020648967,71.976401179941
E00129085,260,60,28,32,200,25,175,23.076923076923077,10.76923076923077,12.307692307692308,76.92307692307693,9.615384615384617,67.3076923076923
E00129086,276,53,13,40,223,29,194,19.202898550724637,4.710144927536232,14.492753623188406,80.79710144927536,10.507246376811594,70.28985507246377
E00129087,268,58,23,35,210,29,181,21.641791044776117,8.582089552238806,13.059701492537313,78.35820895522389,10.820895522388058,67.53731343283582
E00129088,229,59,20,39,170,20,150,25.76419213973799,8.73362445414847,17.03056768558952,74.235807860262,8.73362445414847,65.50218340611353
E00129089,236,35,18,17,201,27,174,14.83050847457627,7.627118644067797,7.203389830508475,85.16949152542372,11.440677966101696,73.72881355932203
E00129090,495,85,38,47,410,29,381,17.17171717171717,7.6767676767676765,9.494949494949495,82.82828282828282,5.858585858585859,76.96969696969697
E00129091,275,32,16,16,243,27,216,11.636363636363637,5.818181818181818,5.818181818181818,88.36363636363636,9.818181818181818,78.54545454545455
E00129092,316,56,17,39,260,24,236,17.72151898734177,5.379746835443038,12.341772151898734,82.27848101265823,7.59493670886076,74.68354430379746
E00129093,293,36,13,23,257,30,227,12.286689419795222,4.436860068259386,7.849829351535837,87.71331058020478,10.238907849829351,77.47440273037543
E00129094,240,39,11,28,201,28,173,16.25,4.583333333333333,11.666666666666666,83.75,11.666666666666666,72.08333333333333
E00129095,453,87,34,53,366,37,329,19.205298013245034,7.505518763796909,11.699779249448124,80.79470198675497,8.167770419426049,72.62693156732892
E00129096,173,21,6,15,152,16,136,12.138728323699421,3.4682080924855487,8.670520231213873,87.861271676300575,9.248554913294797,78.61271676300578
E00129097,395,63,24,39,332,40,292,15.949367088607595,6.075949367088607,9.873417721518987,84.05063291139241,10.126582278481013,73.9240506329114
E00129098,363,42,10,32,321,26,295,11.570247933884298,2.7548209366391188,8.81542699724518,88.42975206611571,7.162534435261708,81.26721763085399
E00129099,286,55,28,27,231,22,209,19.230769230769234,9.79020979020979,9.44055944055944,80.76923076923077,7.6923076923076925,73.07692307692307
E00129100,333,53,23,30,280,29,251,15.915915915915916,6.906906906906906,9.00900900900901,84.08408408408408,8.708708708708707,75.37537537537537
E00129101,291,43,9,34,248,17,231,14.776632302405499,3.0927835051546393,11.683848797250858,85.2233676975945,5.841924398625429,79.38144329896907
E00129102,343,59,24,35,284,29,255,17.20116618075802,6.997084548104956,10.204081632653061,82.79883381924198,8.454810495626822,74.34402332361516
E00129103,370,65,24,41,305,27,278,17.56756756756757,6.486486486486487,11.081081081081082,82.43243243243244,7.297297297297297,75.13513513513513
E00129106,359,91,38,53,268,24,244,25.348189415041784,10.584958217270195,14.763231197771587,74.65181058495823,6.685236768802229,67.96657381615599
E00129107,437,65,26,39,372,34,338,14.874141876430205,5.949656750572083,8.924485125858125,85.1258581235698,7.780320366132723,77.34553775743707
E00129108,289,45,17,28,244,16,228,15.570934256055363,5.88235294117647,9.688581314878892,84.42906574394463,5.536332179930796,78.89273356401384
E00129109,220,59,21,38,161,19,142,26.81818181818182,9.545454545454547,17.272727272727273,73.18181818181819,8.636363636363637,64.54545454545455
E00129110,367,102,45,57,265,28,237,27.79291553133515,12.26158038147139,15.531335149863759,72.20708446866485,7.629427792915531,64.57765667574932
E00129111,274,64,29,35,210,19,191,23.357664233576642,10.583941605839415,12.773722627737227,76.64233576642336,6.934306569343065,69.7080291970803
E00129112,385,52,21,31,333,25,308,13.506493506493506,5.454545454545454,8.051948051948052,86.49350649350649,6.493506493506493,80
E00129113,284,52,18,34,232,21,211,18.30985915492958,6.338028169014084,11.971830985915492,81.69014084507043,7.394366197183098,74.29577464788733
E00129114,342,42,19,23,300,18,282,12.280701754385964,5.555555555555555,6.725146198830409,87.71929824561403,5.263157894736842,82.45614035087719
E00129115,186,56,22,34,130,19,111,30.107526881720432,11.827956989247312,18.27956989247312,69.89247311827957,10.21505376344086,59.67741935483871
E00129116,269,44,17,27,225,30,195,16.356877323420075,6.319702602230483,10.037174721189592,83.64312267657994,11.152416356877323,72.4907063197026
E00129117,280,44,17,27,236,24,212,15.714285714285714,6.071428571428571,9.642857142857144,84.28571428571429,8.571428571428571,75.71428571428571
E00129118,271,49,18,31,222,27,195,18.081180811808117,6.642066420664207,11.439114391143912,81.91881918819189,9.96309963099631,71.95571955719558
E00129119,331,60,29,31,271,21,250,18.12688821752266,8.761329305135952,9.365558912386707,81.87311178247734,6.3444108761329305,75.52870090634441
E00129120,239,45,16,29,194,22,172,18.828451882845187,6.694560669456067,12.133891213389122,81.17154811715481,9.205020920502092,71.96652719665272
E00129121,326,44,16,28,282,28,254,13.496932515337424,4.9079754601226995,8.588957055214724,86.50306748466258,8.588957055214724,77.91411042944786
E00129122,272,62,26,36,210,21,189,22.794117647058822,9.558823529411764,13.23529411764706,77.20588235294117,7.720588235294118,69.48529411764706
E00129123,317,73,35,38,244,21,223,23.02839116719243,11.041009463722396,11.987381703470032,76.97160883280758,6.624605678233439,70.347003154574125
E00129124,300,72,39,33,228,23,205,24,13,11,76,7.666666666666666,68.33333333333333
E00129125,262,42,14,28,220,13,207,16.030534351145036,5.343511450381679,10.687022900763358,83.96946564885496,4.961832061068702,79.00763358778626
E00129126,298,41,23,18,257,26,231,13.758389261744966,7.718120805369128,6.0402684563758395,86.24161073825503,8.724832214765101,77.51677852348993
E00129127,250,64,37,27,186,22,164,25.6,14.799999999999999,10.8,74.4,8.799999999999999,65.60000000000001
E00129128,337,57,34,23,280,35,245,16.913946587537094,10.089020771513352,6.824925816023739,83.08605341246292,10.385756676557865,72.70029673590504
E00129129,219,39,16,23,180,11,169,17.80821917808219,7.30593607305936,10.50228310502283,82.1917808219178,5.0228310502283104,77.1689497716895
E00129130,263,49,19,30,214,16,198,18.631178707224336,7.224334600760455,11.406844106463879,81.36882129277566,6.083650190114068,75.2851711026616
E00129131,234,54,25,29,180,24,156,23.076923076923077,10.683760683760683,12.393162393162394,76.92307692307693,10.256410256410255,66.66666666666666
E00129132,304,63,24,39,241,28,213,20.723684210526315,7.894736842105263,12.828947368421053,79.27631578947368,9.210526315789473,70.06578947368422
E00129133,313,63,25,38,250,15,235,20.12779552715655,7.987220447284344,12.140575079872203,79.87220447284345,4.792332268370607,75.07987220447284
E00129134,189,27,8,19,162,11,151,14.285714285714285,4.232804232804233,10.052910052910052,85.71428571428571,5.82010582010582,79.8941798941799
E00129135,253,54,17,37,199,14,185,21.34387351778656,6.719367588932807,14.624505928853754,78.65612648221344,5.533596837944664,73.12252964426878
E00129136,214,98,55,43,116,16,100,45.794392523364486,25.70093457943925,20.093457943925234,54.20560747663551,7.476635514018691,46.728971962616825
E00129137,312,47,19,28,265,28,237,15.064102564102564,6.089743589743589,8.974358974358974,84.93589743589743,8.974358974358974,75.96153846153845
E00129138,261,52,14,38,209,19,190,19.923371647509576,5.363984674329502,14.559386973180077,80.07662835249042,7.2796934865900385,72.79693486590038
E00129139,230,78,48,30,152,24,128,33.91304347826087,20.869565217391305,13.043478260869565,66.08695652173913,10.434782608695652,55.65217391304348
E00129140,445,76,42,34,369,21,348,17.078651685393258,9.438202247191011,7.640449438202247,82.92134831460675,4.719101123595506,78.20224719101122
E00129141,367,80,36,44,287,24,263,21.798365122615802,9.809264305177113,11.989100817438691,78.2016348773842,6.539509536784741,71.66212534059946
E00129142,360,77,35,42,283,16,267,21.38888888888889,9.722222222222223,11.666666666666666,78.61111111111111,4.444444444444445,74.16666666666667
E00129143,298,81,44,37,217,21,196,27.181208053691275,14.76510067114094,12.416107382550337,72.81879194630872,7.046979865771812,65.77181208053692
E00129144,574,102,38,64,472,41,431,17.770034843205575,6.620209059233449,11.149825783972126,82.22996515679442,7.142857142857142,75.08710801393728
E00129145,328,75,35,40,253,24,229,22.865853658536587,10.670731707317072,12.195121951219512,77.13414634146342,7.317073170731707,69.8170731707317
E00129146,261,84,34,50,177,20,157,32.18390804597701,13.026819923371647,19.157088122605366,67.81609195402298,7.662835249042145,60.15325670498084
E00129147,263,45,15,30,218,23,195,17.110266159695815,5.7034220532319395,11.406844106463879,82.88973384030417,8.745247148288973,74.1444866920152
E00129148,277,45,17,28,232,21,211,16.24548736462094,6.137184115523466,10.108303249097473,83.75451263537906,7.581227436823104,76.17328519855594
E00129149,310,44,14,30,266,30,236,14.193548387096774,4.516129032258064,9.67741935483871,85.80645161290322,9.67741935483871,76.12903225806451
E00129150,340,91,40,51,249,19,230,26.764705882352942,11.76470588235294,15,73.23529411764706,5.588235294117648,67.64705882352942
E00129151,317,51,20,31,266,22,244,16.08832807570978,6.309148264984227,9.779179810725552,83.91167192429022,6.940063091482649,76.97160883280758
E00129152,327,52,24,28,275,29,246,15.902140672782874,7.339449541284404,8.56269113149847,84.09785932721712,8.868501529051988,75.22935779816514
E00129153,115,37,21,16,78,8,70,32.17391304347826,18.26086956521739,13.91304347826087,67.82608695652173,6.956521739130435,60.86956521739131
E00129154,268,56,27,29,212,20,192,20.8955223880597,10.074626865671641,10.820895522388058,79.1044776119403,7.462686567164178,71.64179104477611
E00129155,301,44,8,36,257,30,227,14.61794019933555,2.6578073089700998,11.960132890365449,85.38205980066445,9.966777408637874,75.41528239202658
E00129156,240,48,19,29,192,21,171,20,7.916666666666666,12.083333333333334,80,8.75,71.25
E00129157,277,52,22,30,225,25,200,18.772563176895307,7.9422382671480145,10.830324909747292,81.2274368231047,9.025270758122744,72.20216606498195
E00129158,250,43,23,20,207,21,186,17.2,9.2,8,82.8,8.4,74.4
E00129159,215,58,30,28,157,15,142,26.976744186046513,13.953488372093023,13.023255813953488,73.0232558139535,6.976744186046512,66.04651162790698
E00129160,237,44,17,27,193,24,169,18.565400843881857,7.172995780590717,11.39240506329114,81.43459915611815,10.126582278481013,71.30801687763713
E00129161,229,39,14,25,190,15,175,17.03056768558952,6.11353711790393,10.91703056768559,82.96943231441048,6.550218340611353,76.41921397379913
E00129162,233,34,14,20,199,13,186,14.592274678111588,6.008583690987124,8.583690987124463,85.40772532188842,5.579399141630901,79.82832618025752
E00129163,233,57,24,33,176,22,154,24.463519313304722,10.300429184549357,14.163090128755366,75.53648068669528,9.44206008583691,66.09442060085837
E00129164,212,28,8,20,184,12,172,13.20754716981132,3.7735849056603774,9.433962264150944,86.79245283018868,5.660377358490567,81.13207547169812
E00129165,536,128,60,68,408,46,362,23.88059701492537,11.194029850746269,12.686567164179104,76.11940298507463,8.582089552238806,67.53731343283582
E00129166,273,21,4,17,252,26,226,7.6923076923076925,1.465201465201465,6.227106227106227,92.3076923076923,9.523809523809524,82.78388278388277
E00129167,229,74,33,41,155,17,138,32.314410480349345,14.41048034934498,17.903930131004365,67.68558951965066,7.423580786026202,60.26200873362445
E00129168,230,35,8,27,195,18,177,15.217391304347828,3.4782608695652173,11.73913043478261,84.78260869565217,7.82608695652174,76.95652173913044
E00129169,291,30,13,17,261,30,231,10.309278350515463,4.4673539518900345,5.841924398625429,89.69072164948454,10.309278350515463,79.38144329896907
E00129170,166,22,5,17,144,26,118,13.253012048192772,3.0120481927710845,10.240963855421686,86.74698795180723,15.66265060240964,71.08433734939759
E00129171,126,20,10,10,106,14,92,15.873015873015872,7.936507936507936,7.936507936507936,84.12698412698413,11.11111111111111,73.01587301587301
E00129172,355,98,42,56,257,18,239,27.605633802816904,11.830985915492958,15.774647887323944,72.3943661971831,5.070422535211268,67.32394366197182
E00129173,279,69,32,37,210,17,193,24.731182795698924,11.469534050179211,13.261648745519713,75.26881720430107,6.093189964157706,69.17562724014337
E00129174,146,27,10,17,119,15,104,18.493150684931507,6.8493150684931505,11.643835616438356,81.5068493150685,10.273972602739725,71.23287671232876
E00129175,287,33,11,22,254,22,232,11.498257839721255,3.8327526132404177,7.665505226480835,88.50174216027874,7.665505226480835,80.8362369337979
E00129176,546,79,14,65,467,50,417,14.46886446886447,2.564102564102564,11.904761904761903,85.53113553113553,9.157509157509157,76.37362637362637
E00129177,207,54,17,37,153,18,135,26.08695652173913,8.212560386473431,17.874396135265698,73.91304347826086,8.695652173913043,65.21739130434783
E00129178,372,69,29,40,303,30,273,18.548387096774192,7.795698924731183,10.75268817204301,81.45161290322581,8.064516129032258,73.38709677419355
E00129179,354,44,14,30,310,34,276,12.429378531073446,3.954802259887006,8.47457627118644,87.57062146892656,9.6045197740113,77.96610169491525
E00129180,354,69,32,37,285,39,246,19.491525423728813,9.03954802259887,10.451977401129943,80.50847457627118,11.016949152542372,69.49152542372882
E00129181,299,72,23,49,227,16,211,24.08026755852843,7.6923076923076925,16.387959866220736,75.91973244147158,5.351170568561873,70.5685618729097
E00129182,399,75,34,41,324,29,295,18.796992481203006,8.521303258145362,10.275689223057643,81.203007518797,7.268170426065162,73.93483709273183
E00129183,271,37,11,26,234,17,217,13.653136531365314,4.059040590405904,9.59409594095941,86.34686346863468,6.273062730627306,80.07380073800738
E00129184,360,51,19,32,309,35,274,14.166666666666666,5.277777777777778,8.88888888888889,85.83333333333333,9.722222222222223,76.11111111111111
E00129185,354,54,19,35,300,22,278,15.254237288135593,5.367231638418079,9.887005649717514,84.7457627118644,6.214689265536723,78.53107344632768
E00129186,341,44,10,34,297,34,263,12.903225806451612,2.932551319648094,9.970674486803519,87.09677419354838,9.970674486803519,77.12609970674487
E00129187,246,69,39,30,177,14,163,28.04878048780488,15.853658536585366,12.195121951219512,71.95121951219512,5.691056910569105,66.26016260162602
E00129188,283,55,20,35,228,18,210,19.434628975265017,7.06713780918728,12.36749116607774,80.56537102473497,6.36042402826855,74.20494699646643
E00129189,227,46,16,30,181,20,161,20.26431718061674,7.048458149779736,13.215859030837004,79.73568281938326,8.81057268722467,70.92511013215858
E00129190,252,47,19,28,205,18,187,18.650793650793652,7.5396825396825395,11.11111111111111,81.34920634920636,7.142857142857142,74.20634920634922
E00129191,301,39,15,24,262,22,240,12.956810631229235,4.983388704318937,7.973421926910299,87.04318936877077,7.308970099667775,79.734219269103
E00129192,321,58,20,38,263,24,239,18.06853582554517,6.230529595015576,11.838006230529595,81.93146417445483,7.476635514018691,74.45482866043614
E00129193,360,65,33,32,295,23,272,18.055555555555554,9.166666666666666,8.88888888888889,81.94444444444444,6.388888888888888,75.55555555555556
E00129194,262,61,33,28,201,14,187,23.282442748091604,12.595419847328243,10.687022900763358,76.7175572519084,5.343511450381679,71.37404580152672
E00129195,203,36,8,28,167,11,156,17.733990147783253,3.9408866995073892,13.793103448275861,82.26600985221675,5.41871921182266,76.84729064039408
E00129196,286,54,14,40,232,15,217,18.88111888111888,4.895104895104895,13.986013986013987,81.11888111888112,5.244755244755245,75.87412587412588
E00129197,281,41,17,24,240,29,211,14.590747330960854,6.049822064056939,8.540925266903916,85.40925266903915,10.320284697508896,75.08896797153025
E00129198,460,59,23,36,401,31,370,12.82608695652174,5,7.82608695652174,87.17391304347825,6.739130434782608,80.43478260869566
E00129199,290,55,16,39,235,22,213,18.96551724137931,5.517241379310345,13.448275862068964,81.03448275862068,7.586206896551724,73.44827586206897
E00129200,421,94,44,50,327,35,292,22.327790973871732,10.451306413301662,11.87648456057007,77.67220902612827,8.31353919239905,69.35866983372921
E00129201,475,65,28,37,410,39,371,13.684210526315791,5.894736842105263,7.7894736842105265,86.31578947368422,8.210526315789474,78.10526315789474
E00129202,253,81,35,46,172,20,152,32.015810276679844,13.83399209486166,18.181818181818183,67.98418972332016,7.905138339920949,60.079051383399204
E00129203,371,82,47,35,289,31,258,22.10242587601078,12.668463611859837,9.433962264150944,77.89757412398922,8.355795148247978,69.54177897574124
E00129204,225,71,31,40,154,19,135,31.555555555555554,13.777777777777779,17.77777777777778,68.44444444444444,8.444444444444445,60
E00129205,272,66,25,41,206,21,185,24.264705882352942,9.191176470588236,15.073529411764705,75.73529411764706,7.720588235294118,68.01470588235294
E00129206,322,65,32,33,257,25,232,20.18633540372671,9.937888198757763,10.248447204968944,79.8136645962733,7.763975155279502,72.04968944099379
E00129207,246,74,27,47,172,14,158,30.081300813008134,10.975609756097562,19.10569105691057,69.91869918699187,5.691056910569105,64.22764227642277
E00129208,291,53,24,29,238,22,216,18.213058419243985,8.24742268041237,9.965635738831615,81.78694158075601,7.560137457044673,74.22680412371135
E00129209,289,76,33,43,213,20,193,26.297577854671278,11.418685121107266,14.878892733564014,73.70242214532871,6.920415224913495,66.78200692041523
E00129210,254,79,33,46,175,17,158,31.10236220472441,12.992125984251967,18.11023622047244,68.89763779527559,6.692913385826772,62.20472440944882
E00129211,168,63,30,33,105,12,93,37.5,17.857142857142858,19.642857142857142,62.5,7.142857142857142,55.35714285714286
E00129212,337,86,36,50,251,25,226,25.519287833827892,10.682492581602373,14.836795252225517,74.4807121661721,7.418397626112759,67.06231454005935
E00129213,293,39,14,25,254,26,228,13.310580204778159,4.778156996587031,8.532423208191126,86.68941979522185,8.873720136518772,77.81569965870307
E00129214,274,54,16,38,220,13,207,19.708029197080293,5.839416058394161,13.86861313868613,80.2919708029197,4.744525547445255,75.54744525547446
E00129215,270,47,15,32,223,26,197,17.40740740740741,5.555555555555555,11.851851851851853,82.5925925925926,9.62962962962963,72.96296296296296
E00129216,258,49,25,24,209,19,190,18.992248062015506,9.689922480620156,9.30232558139535,81.0077519379845,7.3643410852713185,73.64341085271317
E00129217,348,87,52,35,261,17,244,25,14.942528735632186,10.057471264367816,75,4.885057471264368,70.11494252873564
E00129219,274,35,13,22,239,18,221,12.773722627737227,4.744525547445255,8.02919708029197,87.22627737226277,6.569343065693431,80.65693430656934
E00129221,432,48,19,29,384,29,355,11.11111111111111,4.398148148148148,6.712962962962964,88.88888888888889,6.712962962962964,82.17592592592592
E00129222,290,55,22,33,235,25,210,18.96551724137931,7.586206896551724,11.379310344827587,81.03448275862068,8.620689655172415,72.41379310344827
E00129223,276,71,31,40,205,24,181,25.724637681159418,11.231884057971014,14.492753623188406,74.27536231884058,8.695652173913043,65.57971014492753
E00129224,281,38,10,28,243,27,216,13.523131672597867,3.558718861209965,9.9644128113879,86.47686832740213,9.608540925266903,76.86832740213522
E00129225,238,44,19,25,194,11,183,18.487394957983195,7.9831932773109235,10.504201680672269,81.5126050420168,4.621848739495799,76.89075630252101
E00129226,336,44,12,32,292,28,264,13.095238095238097,3.571428571428571,9.523809523809524,86.90476190476191,8.333333333333332,78.57142857142857
E00129227,352,31,8,23,321,27,294,8.806818181818182,2.272727272727273,6.534090909090909,91.19318181818183,7.670454545454546,83.52272727272727
E00129228,275,61,26,35,214,32,182,22.181818181818183,9.454545454545455,12.727272727272727,77.81818181818181,11.636363636363637,66.18181818181819
E00129229,233,54,38,16,179,17,162,23.17596566523605,16.30901287553648,6.866952789699571,76.82403433476395,7.296137339055794,69.52789699570815
E00129230,277,26,13,13,251,25,226,9.386281588447654,4.693140794223827,4.693140794223827,90.61371841155234,9.025270758122744,81.58844765342961
E00129231,333,87,51,36,246,26,220,26.126126126126124,15.315315315315313,10.81081081081081,73.87387387387388,7.807807807807808,66.06606606606607
E00129232,225,42,22,20,183,19,164,18.666666666666668,9.777777777777779,8.88888888888889,81.33333333333333,8.444444444444445,72.88888888888889
E00129233,307,45,22,23,262,29,233,14.65798045602606,7.166123778501629,7.491856677524431,85.34201954397395,9.446254071661238,75.8957654723127
E00129234,266,57,27,30,209,20,189,21.428571428571427,10.150375939849624,11.278195488721805,78.57142857142857,7.518796992481203,71.05263157894737
E00129235,270,45,15,30,225,25,200,16.666666666666664,5.555555555555555,11.11111111111111,83.33333333333334,9.25925925925926,74.07407407407408
E00129236,247,36,15,21,211,34,177,14.5748987854251,6.0728744939271255,8.502024291497975,85.4251012145749,13.765182186234817,71.65991902834008
E00129237,238,46,14,32,192,17,175,19.327731092436977,5.88235294117647,13.445378151260504,80.67226890756302,7.142857142857142,73.52941176470588
E00129238,243,44,12,32,199,32,167,18.106995884773664,4.938271604938271,13.168724279835391,81.89300411522635,13.168724279835391,68.72427983539094
E00129239,382,64,10,54,318,36,282,16.75392670157068,2.6178010471204187,14.136125654450263,83.24607329842932,9.424083769633508,73.82198952879581
E00129240,331,51,19,32,280,26,254,15.407854984894259,5.740181268882175,9.667673716012084,84.59214501510573,7.854984894259818,76.73716012084593
E00129241,236,41,19,22,195,22,173,17.372881355932204,8.050847457627118,9.322033898305085,82.62711864406779,9.322033898305085,73.30508474576271
E00129242,269,41,13,28,228,23,205,15.241635687732341,4.83271375464684,10.408921933085502,84.75836431226766,8.550185873605948,76.2081784386617
E00129243,254,44,13,31,210,21,189,17.322834645669293,5.118110236220472,12.204724409448819,82.67716535433071,8.267716535433072,74.40944881889764
E00129244,297,47,14,33,250,25,225,15.824915824915825,4.713804713804714,11.11111111111111,84.17508417508418,8.417508417508419,75.75757575757575
E00129245,357,51,20,31,306,29,277,14.285714285714285,5.602240896358544,8.683473389355742,85.71428571428571,8.123249299719888,77.59103641456583
E00129246,272,46,18,28,226,26,200,16.911764705882355,6.61764705882353,10.294117647058822,83.08823529411765,9.558823529411764,73.52941176470588
E00129247,238,44,23,21,194,16,178,18.487394957983195,9.663865546218489,8.823529411764707,81.5126050420168,6.722689075630252,74.78991596638656
E00129248,269,59,17,42,210,22,188,21.933085501858738,6.319702602230483,15.613382899628252,78.06691449814126,8.178438661710038,69.88847583643123
E00129249,288,47,11,36,241,30,211,16.319444444444446,3.8194444444444446,12.5,83.68055555555556,10.416666666666668,73.26388888888889
E00168792,241,37,13,24,204,15,189,15.352697095435685,5.394190871369295,9.95850622406639,84.64730290456431,6.224066390041494,78.42323651452283
E00168793,267,70,25,45,197,17,180,26.217228464419474,9.363295880149813,16.853932584269664,73.78277153558052,6.367041198501873,67.41573033707866
E00168795,326,31,5,26,295,26,269,9.509202453987731,1.5337423312883436,7.975460122699387,90.49079754601227,7.975460122699387,82.51533742331289
E00168796,267,60,35,25,207,12,195,22.47191011235955,13.108614232209737,9.363295880149813,77.52808988764045,4.49438202247191,73.03370786516854
E00168797,357,42,15,27,315,27,288,11.76470588235294,4.201680672268908,7.563025210084033,88.23529411764706,7.563025210084033,80.67226890756302
E00168798,227,42,20,22,185,12,173,18.502202643171806,8.81057268722467,9.691629955947137,81.4977973568282,5.286343612334802,76.2114537444934
E00168799,181,26,12,14,155,16,139,14.3646408839779,6.629834254143646,7.734806629834254,85.6353591160221,8.83977900552486,76.79558011049724
E00168800,336,49,20,29,287,30,257,14.583333333333334,5.952380952380952,8.630952380952381,85.41666666666666,8.928571428571429,76.48809523809523
E00168801,383,24,8,16,359,24,335,6.266318537859007,2.088772845953003,4.177545691906006,93.73368146214099,6.266318537859007,87.46736292428199
E00168802,315,40,16,24,275,20,255,12.698412698412698,5.079365079365079,7.6190476190476195,87.3015873015873,6.349206349206349,80.95238095238095
E00168803,322,32,7,25,290,20,270,9.937888198757763,2.1739130434782608,7.763975155279502,90.06211180124224,6.211180124223603,83.85093167701864
E00168804,336,31,8,23,305,39,266,9.226190476190476,2.380952380952381,6.845238095238096,90.77380952380952,11.607142857142858,79.16666666666666
E00168805,260,39,9,30,221,16,205,15,3.4615384615384617,11.538461538461538,85,6.153846153846154,78.84615384615384
E00168806,342,54,15,39,288,22,266,15.789473684210526,4.385964912280701,11.403508771929824,84.21052631578947,6.432748538011696,77.77777777777779
E00168808,261,41,15,26,220,24,196,15.708812260536398,5.747126436781609,9.961685823754788,84.2911877394636,9.195402298850574,75.09578544061303
E00168809,313,30,5,25,283,25,258,9.584664536741213,1.5974440894568689,7.987220447284344,90.41533546325878,7.987220447284344,82.42811501597444
E00168810,315,75,37,38,240,20,220,23.809523809523807,11.746031746031745,12.063492063492063,76.19047619047619,6.349206349206349,69.84126984126983
E00168811,433,54,19,35,379,32,347,12.471131639722865,4.387990762124711,8.083140877598153,87.52886836027713,7.390300230946882,80.13856812933025
E00168812,276,45,17,28,231,18,213,16.304347826086957,6.159420289855073,10.144927536231885,83.69565217391305,6.521739130434782,77.17391304347827
E00168813,369,57,25,32,312,28,284,15.447154471544716,6.775067750677506,8.672086720867208,84.5528455284553,7.588075880758807,76.96476964769647
E00168814,458,32,15,17,426,31,395,6.986899563318777,3.2751091703056767,3.711790393013101,93.01310043668121,6.768558951965066,86.24454148471615
E00168815,186,50,28,22,136,22,114,26.881720430107524,15.053763440860216,11.827956989247312,73.11827956989248,11.827956989247312,61.29032258064516
E00168816,278,42,12,30,236,32,204,15.107913669064748,4.316546762589928,10.79136690647482,84.89208633093526,11.510791366906476,73.38129496402878
E00181926,281,51,18,33,230,13,217,18.14946619217082,6.405693950177936,11.743772241992882,81.85053380782918,4.6263345195729535,77.22419928825623
E00181927,183,19,6,13,164,11,153,10.382513661202186,3.278688524590164,7.103825136612022,89.61748633879782,6.0109289617486334,83.60655737704919
E00181928,284,51,20,31,233,11,222,17.95774647887324,7.042253521126761,10.915492957746478,82.04225352112677,3.873239436619718,78.16901408450704
E00181929,276,48,13,35,228,24,204,17.391304347826086,4.710144927536232,12.681159420289855,82.6086956521739,8.695652173913043,73.91304347826086
E00181930,181,26,11,15,155,17,138,14.3646408839779,6.077348066298343,8.287292817679557,85.6353591160221,9.392265193370166,76.24309392265194
E00181931,490,70,26,44,420,40,380,14.285714285714285,5.3061224489795915,8.979591836734693,85.71428571428571,8.16326530612245,77.55102040816327
E00181932,307,33,7,26,274,30,244,10.749185667752444,2.2801302931596092,8.469055374592834,89.25081433224756,9.77198697068404,79.47882736156352
E00181933,105,8,0,8,97,10,87,7.6190476190476195,0,7.6190476190476195,92.38095238095238,9.523809523809524,82.85714285714286
E00181934,224,65,33,32,159,15,144,29.017857142857146,14.732142857142858,14.285714285714285,70.98214285714286,6.696428571428571,64.28571428571429
E00181938,113,4,1,3,109,4,105,3.5398230088495577,0.8849557522123894,2.6548672566371683,96.46017699115043,3.5398230088495577,92.92035398230088
E00181939,438,81,35,46,357,42,315,18.493150684931507,7.9908675799086755,10.50228310502283,81.5068493150685,9.58904109589041,71.91780821917808
E00181948,491,59,22,37,432,39,393,12.016293279022404,4.480651731160896,7.535641547861507,87.9837067209776,7.942973523421588,80.04073319755601
E00181956,105,12,7,5,93,4,89,11.428571428571429,6.666666666666667,4.761904761904762,88.57142857142857,3.8095238095238098,84.76190476190476
E00181957,341,29,5,24,312,22,290,8.504398826979472,1.466275659824047,7.038123167155426,91.49560117302052,6.451612903225806,85.04398826979472
E00181965,345,26,9,17,319,28,291,7.536231884057972,2.608695652173913,4.9275362318840585,92.46376811594203,8.115942028985506,84.34782608695653
E00181966,306,34,13,21,272,21,251,11.11111111111111,4.248366013071895,6.862745098039216,88.88888888888889,6.862745098039216,82.02614379084967
E00181980,484,51,18,33,433,31,402,10.537190082644628,3.71900826446281,6.8181818181818175,89.46280991735537,6.40495867768595,83.05785123966942
E00181982,350,49,19,30,301,32,269,14.000000000000002,5.428571428571429,8.571428571428571,86,9.142857142857142,76.85714285714286
E00181988,414,56,25,31,358,23,335,13.526570048309178,6.038647342995169,7.487922705314009,86.47342995169082,5.555555555555555,80.91787439613528
E00181989,448,66,20,46,382,28,354,14.732142857142858,4.464285714285714,10.267857142857142,85.26785714285714,6.25,79.01785714285714
E00182002,296,22,5,17,274,22,252,7.4324324324324325,1.6891891891891893,5.743243243243244,92.56756756756756,7.4324324324324325,85.13513513513513
E00182011,152,17,4,13,135,14,121,11.18421052631579,2.631578947368421,8.552631578947368,88.81578947368422,9.210526315789473,79.60526315789474
E00182025,156,29,14,15,127,10,117,18.58974358974359,8.974358974358974,9.615384615384617,81.41025641025641,6.41025641025641,75
E00182029,153,21,3,18,132,8,124,13.725490196078432,1.9607843137254901,11.76470588235294,86.27450980392157,5.228758169934641,81.04575163398692
E00182038,261,50,25,25,211,18,193,19.157088122605366,9.578544061302683,9.578544061302683,80.84291187739464,6.896551724137931,73.9463601532567
E00182039,425,50,18,32,375,43,332,11.76470588235294,4.235294117647059,7.529411764705881,88.23529411764706,10.117647058823529,78.11764705882352
E00182041,274,26,3,23,248,19,229,9.48905109489051,1.094890510948905,8.394160583941606,90.51094890510949,6.934306569343065,83.57664233576642
E00182042,375,51,20,31,324,30,294,13.600000000000001,5.333333333333334,8.266666666666666,86.4,8,78.4
