OA,ts0590001,ts0590002,ts0590003,ts0590004,ts0590005,ts0590006,ts0590007,ts0590002_PCT,ts0590003_PCT,ts0590004_PCT,ts0590005_PCT,ts0590006_PCT,ts0590007_PCT
E00025605,89,31,11,20,58,53,5,34.831460674157306,12.359550561797752,22.47191011235955,65.1685393258427,59.55056179775281,5.617977528089887
E00025607,120,57,16,41,63,51,12,47.5,13.333333333333334,34.166666666666664,52.5,42.5,10
E00025608,196,67,23,44,129,113,16,34.183673469387756,11.73469387755102,22.448979591836736,65.81632653061224,57.6530612244898,8.16326530612245
E00025611,168,71,26,45,97,90,7,42.26190476190476,15.476190476190476,26.785714285714285,57.738095238095234,53.57142857142857,4.166666666666666
E00025612,171,57,18,39,114,102,12,33.33333333333333,10.526315789473683,22.807017543859647,66.66666666666666,59.64912280701754,7.017543859649122
E00025613,117,52,25,27,65,56,9,44.44444444444444,21.367521367521366,23.076923076923077,55.55555555555556,47.863247863247864,7.6923076923076925
E00025614,95,40,10,30,55,53,2,42.10526315789473,10.526315789473683,31.57894736842105,57.89473684210527,55.78947368421052,2.1052631578947367
E00025615,164,52,18,34,112,99,13,31.70731707317073,10.975609756097562,20.73170731707317,68.29268292682927,60.36585365853659,7.926829268292683
E00025616,88,26,7,19,62,55,7,29.545454545454547,7.954545454545454,21.59090909090909,70.45454545454545,62.5,7.954545454545454
E00025617,191,69,30,39,122,109,13,36.12565445026178,15.706806282722512,20.418848167539267,63.87434554973822,57.06806282722513,6.806282722513089
E00025618,105,37,10,27,68,64,4,35.23809523809524,9.523809523809524,25.71428571428571,64.76190476190476,60.952380952380956,3.8095238095238098
E00025619,73,31,9,22,42,40,2,42.465753424657535,12.32876712328767,30.136986301369863,57.534246575342465,54.794520547945204,2.73972602739726
E00025621,175,56,9,47,119,105,14,32,5.142857142857142,26.857142857142858,68,60,8
E00025622,76,31,9,22,45,41,4,40.78947368421053,11.842105263157894,28.947368421052634,59.210526315789465,53.94736842105263,5.263157894736842
E00025623,191,70,36,34,121,112,9,36.64921465968586,18.848167539267017,17.801047120418847,63.35078534031413,58.63874345549738,4.712041884816754
E00025625,109,48,15,33,61,55,6,44.03669724770643,13.761467889908257,30.275229357798167,55.96330275229357,50.45871559633027,5.5045871559633035
E00025626,87,36,15,21,51,51,0,41.37931034482759,17.24137931034483,24.137931034482758,58.620689655172406,58.620689655172406,0
E00025627,111,46,19,27,65,54,11,41.44144144144144,17.117117117117118,24.324324324324326,58.55855855855856,48.64864864864865,9.90990990990991
E00025628,96,40,12,28,56,48,8,41.66666666666667,12.5,29.166666666666668,58.333333333333336,50,8.333333333333332
E00025629,243,82,35,47,161,147,14,33.744855967078195,14.40329218106996,19.34156378600823,66.2551440329218,60.49382716049383,5.761316872427984
E00025630,157,63,20,43,94,88,6,40.12738853503185,12.738853503184714,27.388535031847134,59.87261146496815,56.05095541401274,3.821656050955414
E00025631,226,76,24,52,150,141,9,33.6283185840708,10.619469026548673,23.008849557522122,66.3716814159292,62.38938053097345,3.982300884955752
E00025632,140,53,17,36,87,78,9,37.857142857142854,12.142857142857142,25.71428571428571,62.142857142857146,55.714285714285715,6.428571428571428
E00025633,129,54,27,27,75,67,8,41.86046511627907,20.930232558139537,20.930232558139537,58.139534883720934,51.93798449612403,6.2015503875969
E00025634,172,77,20,57,95,88,7,44.76744186046512,11.627906976744185,33.13953488372093,55.23255813953488,51.162790697674424,4.069767441860465
E00025635,106,44,9,35,62,58,4,41.509433962264154,8.49056603773585,33.0188679245283,58.490566037735846,54.71698113207547,3.7735849056603774
E00025636,212,96,29,67,116,105,11,45.28301886792453,13.679245283018867,31.60377358490566,54.71698113207547,49.528301886792455,5.188679245283019
E00025638,133,32,9,23,101,86,15,24.06015037593985,6.7669172932330826,17.293233082706767,75.93984962406014,64.66165413533834,11.278195488721805
E00025639,139,50,14,36,89,83,6,35.97122302158273,10.071942446043165,25.899280575539567,64.02877697841727,59.71223021582733,4.316546762589928
E00025640,168,46,17,29,122,103,19,27.380952380952383,10.119047619047619,17.261904761904763,72.61904761904762,61.30952380952381,11.30952380952381
E00025641,171,47,15,32,124,109,15,27.485380116959064,8.771929824561402,18.71345029239766,72.51461988304094,63.74269005847953,8.771929824561402
E00025642,135,35,6,29,100,92,8,25.925925925925924,4.444444444444445,21.48148148148148,74.07407407407408,68.14814814814815,5.9259259259259265
E00025643,249,39,9,30,210,197,13,15.66265060240964,3.614457831325301,12.048192771084338,84.33734939759037,79.11646586345381,5.220883534136546
E00025644,132,49,12,37,83,72,11,37.121212121212125,9.090909090909092,28.030303030303028,62.878787878787875,54.54545454545454,8.333333333333332
E00025645,122,24,8,16,98,91,7,19.672131147540984,6.557377049180328,13.114754098360656,80.32786885245902,74.59016393442623,5.737704918032787
E00025646,158,55,27,28,103,96,7,34.810126582278485,17.088607594936708,17.72151898734177,65.18987341772153,60.75949367088608,4.430379746835443
E00025647,187,51,15,36,136,119,17,27.27272727272727,8.0213903743315509,19.25133689839572,72.72727272727273,63.63636363636363,9.090909090909092
E00025648,178,49,12,37,129,118,11,27.52808988764045,6.741573033707865,20.786516853932586,72.47191011235955,66.29213483146067,6.179775280898876
E00025649,117,39,1,38,78,70,8,33.33333333333333,0.8547008547008548,32.47863247863248,66.66666666666666,59.82905982905983,6.837606837606838
E00025650,122,38,14,24,84,73,11,31.147540983606557,11.475409836065573,19.672131147540984,68.85245901639344,59.83606557377049,9.01639344262295
E00025651,160,43,3,40,117,113,4,26.875,1.875,25,73.125,70.625,2.5
E00025652,145,45,13,32,100,90,10,31.03448275862069,8.96551724137931,22.06896551724138,68.96551724137932,62.06896551724138,6.896551724137931
E00025653,128,43,10,33,85,80,5,33.59375,7.8125,25.78125,66.40625,62.5,3.90625
E00025654,159,48,21,27,111,99,12,30.18867924528302,13.20754716981132,16.9811320754717,69.81132075471697,62.264150943396224,7.547169811320755
E00025655,170,39,19,20,131,118,13,22.941176470588236,11.176470588235295,11.76470588235294,77.05882352941177,69.41176470588235,7.647058823529412
E00025656,111,30,14,16,81,66,15,27.027027027027028,12.612612612612612,14.414414414414415,72.97297297297297,59.45945945945946,13.513513513513514
E00025657,63,18,9,9,45,40,5,28.57142857142857,14.285714285714285,14.285714285714285,71.42857142857143,63.49206349206349,7.936507936507936
E00025658,174,46,12,34,128,112,16,26.436781609195403,6.896551724137931,19.54022988505747,73.5632183908046,64.36781609195403,9.195402298850574
E00025659,185,50,15,35,135,124,11,27.027027027027028,8.108108108108109,18.91891891891892,72.97297297297297,67.02702702702703,5.9459459459459465
E00025660,143,40,16,24,103,90,13,27.972027972027973,11.188811188811188,16.783216783216783,72.02797202797203,62.93706293706294,9.090909090909092
E00025661,233,68,19,49,165,151,14,29.184549356223176,8.15450643776824,21.030042918454935,70.81545064377683,64.8068669527897,6.008583690987124
E00025662,147,42,11,31,105,91,14,28.57142857142857,7.482993197278912,21.08843537414966,71.42857142857143,61.904761904761905,9.523809523809524
E00025663,209,50,11,39,159,146,13,23.923444976076556,5.263157894736842,18.660287081339714,76.07655502392345,69.85645933014354,6.220095693779904
E00025664,173,49,9,40,124,107,17,28.32369942196532,5.202312138728324,23.121387283236995,71.67630057803468,61.849710982658955,9.826589595375722
E00025666,132,39,10,29,93,84,9,29.545454545454547,7.575757575757576,21.96969696969697,70.45454545454545,63.63636363636363,6.8181818181818175
E00025667,164,33,11,22,131,118,13,20.121951219512198,6.707317073170732,13.414634146341465,79.8780487804878,71.95121951219512,7.926829268292683
E00025668,127,45,12,33,82,77,5,35.43307086614173,9.448818897637794,25.984251968503933,64.56692913385827,60.629921259842526,3.937007874015748
E00025669,106,42,16,26,64,59,5,39.62264150943396,15.09433962264151,24.528301886792452,60.37735849056604,55.660377358490564,4.716981132075472
E00025670,168,48,16,32,120,111,9,28.57142857142857,9.523809523809524,19.047619047619047,71.42857142857143,66.07142857142857,5.357142857142857
E00025671,110,35,10,25,75,67,8,31.818181818181817,9.090909090909092,22.727272727272727,68.18181818181817,60.909090909090914,7.2727272727272725
E00025672,134,46,11,35,88,77,11,34.32835820895522,8.208955223880597,26.119402985074625,65.67164179104478,57.46268656716418,8.208955223880597
E00025673,131,38,12,26,93,80,13,29.00763358778626,9.16030534351145,19.84732824427481,70.99236641221374,61.06870229007634,9.923664122137405
E00025674,132,50,16,34,82,75,7,37.878787878787875,12.121212121212121,25.757575757575758,62.121212121212125,56.81818181818182,5.303030303030303
E00025675,104,33,11,22,71,66,5,31.73076923076923,10.576923076923077,21.153846153846153,68.26923076923077,63.46153846153846,4.807692307692308
E00025676,137,50,10,40,87,83,4,36.496350364963504,7.2992700729927,29.1970802919708,63.503649635036496,60.58394160583942,2.9197080291970803
E00025677,157,41,9,32,116,107,9,26.11464968152866,5.7324840764331215,20.382165605095544,73.88535031847134,68.15286624203821,5.7324840764331215
E00025678,155,53,20,33,102,90,12,34.193548387096776,12.903225806451612,21.29032258064516,65.80645161290323,58.06451612903226,7.741935483870968
E00025680,196,34,11,23,162,142,20,17.346938775510203,5.612244897959184,11.73469387755102,82.6530612244898,72.44897959183673,10.204081632653061
E00025681,105,29,10,19,76,68,8,27.61904761904762,9.523809523809524,18.095238095238095,72.38095238095238,64.76190476190476,7.6190476190476195
E00025682,113,45,15,30,68,63,5,39.823008849557525,13.274336283185843,26.548672566371685,60.17699115044248,55.75221238938053,4.424778761061947
E00025684,155,46,12,34,109,96,13,29.677419354838708,7.741935483870968,21.935483870967744,70.3225806451613,61.935483870967744,8.38709677419355
E00025685,191,27,12,15,164,141,23,14.136125654450263,6.282722513089005,7.853403141361256,85.86387434554975,73.82198952879581,12.041884816753926
E00025687,140,49,16,33,91,87,4,35,11.428571428571429,23.57142857142857,65,62.142857142857146,2.857142857142857
E00025688,107,37,9,28,70,65,5,34.57943925233645,8.411214953271028,26.168224299065418,65.42056074766354,60.747663551401864,4.672897196261682
E00025689,139,39,10,29,100,92,8,28.05755395683453,7.1942446043165464,20.863309352517987,71.94244604316546,66.18705035971223,5.755395683453238
E00025690,284,65,19,46,219,195,24,22.887323943661972,6.690140845070422,16.19718309859155,77.11267605633803,68.66197183098592,8.450704225352112
E00025691,233,30,9,21,203,173,30,12.875536480686694,3.862660944206009,9.012875536480687,87.1244635193133,74.2489270386266,12.875536480686694
E00025692,162,28,12,16,134,122,12,17.28395061728395,7.4074074074074066,9.876543209876543,82.71604938271605,75.30864197530865,7.4074074074074066
E00025693,213,36,14,22,177,152,25,16.901408450704224,6.572769953051644,10.328638497652582,83.09859154929578,71.36150234741784,11.737089201877934
E00025694,135,47,11,36,88,81,7,34.81481481481482,8.148148148148149,26.666666666666668,65.18518518518519,60,5.185185185185185
E00025695,171,26,13,13,145,130,15,15.204678362573098,7.602339181286549,7.602339181286549,84.7953216374269,76.0233918128655,8.771929824561402
E00025696,192,44,13,31,148,133,15,22.916666666666664,6.770833333333333,16.145833333333336,77.08333333333334,69.27083333333334,7.8125
E00025697,236,53,17,36,183,157,26,22.45762711864407,7.203389830508475,15.254237288135593,77.54237288135593,66.52542372881356,11.016949152542372
E00025698,150,49,16,33,101,92,9,32.666666666666664,10.666666666666668,22,67.33333333333333,61.33333333333333,6
E00025699,254,30,13,17,224,191,33,11.811023622047244,5.118110236220472,6.692913385826772,88.18897637795276,75.19685039370079,12.992125984251967
E00025700,165,27,10,17,138,112,26,16.363636363636363,6.0606060606060606,10.303030303030303,83.63636363636363,67.87878787878789,15.757575757575756
E00025701,192,38,15,23,154,139,15,19.791666666666664,7.8125,11.979166666666668,80.20833333333334,72.39583333333334,7.8125
E00025702,129,56,16,40,73,70,3,43.41085271317829,12.4031007751938,31.007751937984494,56.58914728682171,54.263565891472865,2.3255813953488373
E00025703,124,44,27,17,80,61,19,35.483870967741936,21.774193548387096,13.709677419354838,64.51612903225806,49.193548387096776,15.32258064516129
E00025704,181,31,14,17,150,131,19,17.12707182320442,7.734806629834254,9.392265193370166,82.87292817679558,72.37569060773481,10.497237569060774
E00025705,316,51,20,31,265,206,59,16.139240506329113,6.329113924050633,9.81012658227848,83.86075949367088,65.18987341772153,18.670886075949365
E00025706,184,24,8,16,160,136,24,13.043478260869565,4.3478260869565215,8.695652173913043,86.95652173913044,73.91304347826086,13.043478260869565
E00025707,138,19,9,10,119,110,9,13.768115942028986,6.521739130434782,7.246376811594203,86.23188405797102,79.71014492753623,6.521739130434782
E00025708,185,32,13,19,153,130,23,17.2972972972973,7.027027027027027,10.27027027027027,82.70270270270271,70.27027027027027,12.432432432432433
E00025709,246,45,16,29,201,161,40,18.29268292682927,6.504065040650407,11.788617886178862,81.70731707317073,65.4471544715447,16.260162601626014
E00025710,121,50,19,31,71,62,9,41.32231404958678,15.702479338842975,25.6198347107438,58.67768595041323,51.2396694214876,7.43801652892562
E00025711,114,42,17,25,72,61,11,36.84210526315789,14.912280701754385,21.929824561403507,63.1578947368421,53.50877192982456,9.649122807017543
E00025712,165,47,13,34,118,97,21,28.484848484848484,7.878787878787878,20.606060606060606,71.51515151515152,58.78787878787879,12.727272727272727
E00025713,125,48,16,32,77,73,4,38.4,12.8,25.6,61.6,58.4,3.2
E00025714,118,39,11,28,79,69,10,33.05084745762712,9.322033898305085,23.728813559322035,66.94915254237289,58.47457627118644,8.47457627118644
E00025715,146,15,5,10,131,111,20,10.273972602739725,3.4246575342465753,6.8493150684931505,89.72602739726028,76.02739726027397,13.698630136986301
E00025716,178,25,9,16,153,133,20,14.04494382022472,5.056179775280898,8.98876404494382,85.95505617977528,74.71910112359551,11.235955056179774
E00025717,141,55,14,41,86,81,5,39.00709219858156,9.929078014184398,29.078014184397162,60.99290780141844,57.446808510638306,3.546099290780142
E00025718,144,47,19,28,97,84,13,32.63888888888889,13.194444444444445,19.444444444444446,67.36111111111111,58.333333333333336,9.027777777777777
E00025719,263,35,11,24,228,181,47,13.307984790874524,4.182509505703422,9.125475285171103,86.69201520912547,68.8212927756654,17.870722433460077
E00025720,178,34,17,17,144,127,17,19.101123595505616,9.550561797752808,9.550561797752808,80.89887640449437,71.34831460674157,9.550561797752808
E00025721,142,57,21,36,85,77,8,40.140845070422536,14.788732394366196,25.352112676056336,59.859154929577464,54.22535211267606,5.633802816901409
E00025722,121,43,12,31,78,69,9,35.53719008264463,9.917355371900827,25.6198347107438,64.46280991735537,57.02479338842975,7.43801652892562
E00025723,84,31,9,22,53,50,3,36.904761904761905,10.714285714285714,26.190476190476193,63.095238095238095,59.523809523809526,3.571428571428571
E00025724,160,46,20,26,114,101,13,28.749999999999996,12.5,16.25,71.25,63.125,8.125
E00025725,250,68,19,49,182,167,15,27.200000000000003,7.6,19.6,72.8,66.8,6
E00025726,154,63,17,46,91,83,8,40.909090909090914,11.03896103896104,29.87012987012987,59.09090909090909,53.896103896103895,5.194805194805195
E00025727,83,30,6,24,53,48,5,36.144578313253014,7.228915662650602,28.915662650602407,63.85542168674698,57.831325301204814,6.024096385542169
E00025728,144,53,10,43,91,81,10,36.80555555555556,6.944444444444445,29.86111111111111,63.19444444444444,56.25,6.944444444444445
E00025729,106,29,6,23,77,71,6,27.358490566037734,5.660377358490567,21.69811320754717,72.64150943396226,66.98113207547169,5.660377358490567
E00025730,118,51,22,29,67,64,3,43.22033898305085,18.64406779661017,24.576271186440678,56.779661016949156,54.23728813559322,2.5423728813559325
E00025731,116,40,13,27,76,68,8,34.48275862068966,11.206896551724139,23.275862068965516,65.51724137931035,58.620689655172406,6.896551724137931
E00025732,140,55,17,38,85,80,5,39.285714285714285,12.142857142857142,27.142857142857142,60.71428571428571,57.14285714285714,3.571428571428571
E00025733,234,73,23,50,161,152,9,31.196581196581196,9.82905982905983,21.367521367521366,68.80341880341881,64.95726495726495,3.8461538461538463
E00025734,138,45,19,26,93,82,11,32.608695652173914,13.768115942028986,18.84057971014493,67.3913043478261,59.42028985507246,7.971014492753622
E00025735,183,63,19,44,120,103,17,34.42622950819672,10.382513661202186,24.043715846994534,65.57377049180327,56.284153005464475,9.289617486338798
E00025736,242,94,33,61,148,132,16,38.84297520661157,13.636363636363635,25.206611570247933,61.15702479338842,54.54545454545454,6.6115702479338845
E00025737,122,44,13,31,78,70,8,36.0655737704918,10.655737704918032,25.40983606557377,63.934426229508205,57.377049180327866,6.557377049180328
E00025738,125,44,18,26,81,70,11,35.199999999999996,14.399999999999999,20.8,64.8,56.00000000000001,8.799999999999999
E00025739,152,54,21,33,98,89,9,35.526315789473685,13.815789473684212,21.710526315789476,64.47368421052632,58.55263157894737,5.921052631578947
E00025740,138,50,17,33,88,84,4,36.231884057971016,12.318840579710146,23.91304347826087,63.76811594202898,60.86956521739131,2.898550724637681
E00025741,135,52,20,32,83,76,7,38.51851851851852,14.814814814814813,23.703703703703706,61.48148148148148,56.2962962962963,5.185185185185185
E00025742,124,49,14,35,75,69,6,39.516129032258064,11.29032258064516,28.225806451612907,60.483870967741936,55.64516129032258,4.838709677419355
E00025743,122,47,12,35,75,70,5,38.52459016393443,9.836065573770492,28.688524590163933,61.47540983606557,57.377049180327866,4.098360655737705
E00025744,97,38,13,25,59,55,4,39.175257731958766,13.402061855670103,25.773195876288657,60.824742268041234,56.70103092783505,4.123711340206185
E00025745,209,53,17,36,156,144,12,25.358851674641148,8.133971291866029,17.22488038277512,74.64114832535886,68.89952153110048,5.741626794258373
E00025746,80,27,7,20,53,46,7,33.75,8.75,25,66.25,57.49999999999999,8.75
E00025747,136,52,22,30,84,73,11,38.23529411764706,16.176470588235293,22.058823529411764,61.76470588235294,53.67647058823529,8.088235294117647
E00025748,149,45,10,35,104,99,5,30.201342281879196,6.7114093959731544,23.48993288590604,69.79865771812081,66.44295302013423,3.3557046979865772
E00025749,102,36,6,30,66,60,6,35.294117647058826,5.88235294117647,29.411764705882355,64.70588235294117,58.82352941176471,5.88235294117647
E00025750,105,33,12,21,72,67,5,31.428571428571427,11.428571428571429,20,68.57142857142857,63.8095238095238,4.761904761904762
E00025751,146,64,17,47,82,75,7,43.83561643835616,11.643835616438356,32.19178082191781,56.16438356164384,51.369863013698634,4.794520547945205
E00025752,99,22,6,16,77,68,9,22.22222222222222,6.0606060606060606,16.161616161616163,77.77777777777779,68.68686868686868,9.090909090909092
E00025753,123,42,12,30,81,74,7,34.146341463414636,9.75609756097561,24.390243902439025,65.85365853658537,60.16260162601627,5.691056910569105
E00025754,112,44,12,32,68,60,8,39.285714285714285,10.714285714285714,28.57142857142857,60.71428571428571,53.57142857142857,7.142857142857142
E00025756,149,37,5,32,112,101,11,24.832214765100673,3.3557046979865772,21.476510067114095,75.16778523489933,67.78523489932886,7.38255033557047
E00025757,82,30,10,20,52,48,4,36.58536585365854,12.195121951219512,24.390243902439025,63.41463414634146,58.536585365853654,4.878048780487805
E00025758,150,45,10,35,105,92,13,30,6.666666666666667,23.333333333333332,70,61.33333333333333,8.666666666666668
E00025759,136,54,14,40,82,82,0,39.705882352941174,10.294117647058822,29.411764705882355,60.29411764705882,60.29411764705882,0
E00025760,109,51,16,35,58,53,5,46.788990825688074,14.678899082568808,32.11009174311927,53.21100917431193,48.62385321100918,4.587155963302752
E00025761,138,62,12,50,76,70,6,44.927536231884055,8.695652173913043,36.231884057971016,55.072463768115945,50.72463768115942,4.3478260869565215
E00025762,113,40,8,32,73,64,9,35.39823008849557,7.079646017699115,28.31858407079646,64.60176991150442,56.63716814159292,7.964601769911504
E00025763,157,55,16,39,102,91,11,35.03184713375796,10.191082802547772,24.840764331210192,64.96815286624204,57.961783439490446,7.006369426751593
E00025764,121,41,11,30,80,72,8,33.88429752066116,9.090909090909092,24.793388429752067,66.11570247933885,59.50413223140496,6.6115702479338845
E00025765,111,39,7,32,72,67,5,35.13513513513514,6.306306306306306,28.82882882882883,64.86486486486487,60.36036036036037,4.504504504504505
E00025766,118,47,11,36,71,61,10,39.83050847457627,9.322033898305085,30.508474576271187,60.16949152542372,51.69491525423729,8.47457627118644
E00025767,182,67,21,46,115,98,17,36.81318681318682,11.538461538461538,25.274725274725274,63.18681318681318,53.84615384615385,9.340659340659341
E00025768,144,59,12,47,85,80,5,40.97222222222222,8.333333333333332,32.63888888888889,59.02777777777778,55.55555555555556,3.4722222222222223
E00025769,80,29,10,19,51,44,7,36.25,12.5,23.75,63.74999999999999,55.00000000000001,8.75
E00025771,94,41,11,30,53,50,3,43.61702127659575,11.702127659574469,31.914893617021278,56.38297872340425,53.191489361702125,3.1914893617021276
E00025772,64,20,5,15,44,38,6,31.25,7.8125,23.4375,68.75,59.375,9.375
E00025773,155,57,14,43,98,88,10,36.774193548387096,9.032258064516128,27.741935483870968,63.2258064516129,56.774193548387096,6.451612903225806
E00025774,124,49,16,33,75,69,6,39.516129032258064,12.903225806451612,26.61290322580645,60.483870967741936,55.64516129032258,4.838709677419355
E00025775,102,40,12,28,62,53,9,39.21568627450981,11.76470588235294,27.450980392156865,60.78431372549019,51.9607843137255,8.823529411764707
E00025776,134,50,16,34,84,82,2,37.3134328358209,11.940298507462686,25.37313432835821,62.68656716417911,61.19402985074627,1.4925373134328357
E00025777,114,50,11,39,64,57,7,43.859649122807014,9.649122807017543,34.21052631578947,56.14035087719298,50,6.140350877192982
E00025778,156,61,18,43,95,86,9,39.1025641025641,11.538461538461538,27.564102564102566,60.89743589743589,55.12820512820513,5.769230769230769
E00025779,107,38,16,22,69,58,11,35.51401869158878,14.953271028037381,20.5607476635514,64.48598130841121,54.20560747663551,10.2803738317757
E00025780,44,17,8,9,27,25,2,38.63636363636363,18.181818181818183,20.454545454545457,61.36363636363637,56.81818181818182,4.545454545454546
E00025781,123,47,12,35,76,67,9,38.21138211382114,9.75609756097561,28.455284552845526,61.78861788617886,54.47154471544715,7.317073170731707
E00025782,98,36,10,26,62,55,7,36.734693877551024,10.204081632653061,26.53061224489796,63.26530612244898,56.12244897959183,7.142857142857142
E00025786,143,55,10,45,88,82,6,38.46153846153847,6.993006993006993,31.46853146853147,61.53846153846154,57.34265734265735,4.195804195804196
E00025787,119,41,6,35,78,72,6,34.45378151260504,5.042016806722689,29.411764705882355,65.54621848739495,60.50420168067227,5.042016806722689
E00025788,199,72,19,53,127,117,10,36.18090452261307,9.547738693467336,26.633165829145728,63.81909547738693,58.79396984924623,5.025125628140704
E00025790,108,48,11,37,60,56,4,44.44444444444444,10.185185185185185,34.25925925925926,55.55555555555556,51.85185185185185,3.7037037037037033
E00025791,107,35,8,27,72,62,10,32.71028037383177,7.476635514018691,25.233644859813083,67.28971962616822,57.943925233644855,9.345794392523365
E00025793,111,42,15,27,69,64,5,37.83783783783784,13.513513513513514,24.324324324324326,62.16216216216216,57.65765765765766,4.504504504504505
E00025794,126,48,12,36,78,72,6,38.095238095238095,9.523809523809524,28.57142857142857,61.904761904761905,57.14285714285714,4.761904761904762
E00025795,133,44,7,37,89,81,8,33.08270676691729,5.263157894736842,27.819548872180448,66.9172932330827,60.902255639097746,6.015037593984962
E00025796,130,59,17,42,71,61,10,45.38461538461539,13.076923076923078,32.30769230769231,54.61538461538461,46.92307692307692,7.6923076923076925
E00025797,119,47,13,34,72,67,5,39.49579831932773,10.92436974789916,28.57142857142857,60.50420168067227,56.30252100840336,4.201680672268908
E00025798,131,42,11,31,89,81,8,32.06106870229007,8.396946564885496,23.66412213740458,67.93893129770993,61.832061068702295,6.106870229007633
E00025799,146,62,16,46,84,75,9,42.465753424657535,10.95890410958904,31.506849315068493,57.534246575342465,51.369863013698634,6.164383561643835
E00025800,115,44,17,27,71,66,5,38.26086956521739,14.782608695652174,23.47826086956522,61.73913043478261,57.391304347826086,4.3478260869565215
E00025801,135,55,8,47,80,69,11,40.74074074074074,5.9259259259259265,34.81481481481482,59.25925925925925,51.11111111111111,8.148148148148149
E00025802,121,37,14,23,84,79,5,30.57851239669421,11.570247933884298,19.00826446280992,69.42148760330579,65.28925619834712,4.132231404958678
E00025803,120,27,5,22,93,77,16,22.5,4.166666666666666,18.333333333333332,77.5,64.16666666666667,13.333333333333334
E00025804,95,25,6,19,70,66,4,26.31578947368421,6.315789473684211,20,73.68421052631578,69.47368421052632,4.2105263157894735
E00025805,55,22,5,17,33,33,0,40,9.090909090909092,30.909090909090907,60,60,0
E00025806,83,25,14,11,58,48,10,30.120481927710845,16.867469879518072,13.253012048192772,69.87951807228916,57.831325301204814,12.048192771084338
E00025807,143,55,15,40,88,81,7,38.46153846153847,10.48951048951049,27.972027972027973,61.53846153846154,56.64335664335665,4.895104895104895
E00025808,130,41,12,29,89,81,8,31.538461538461537,9.230769230769232,22.30769230769231,68.46153846153847,62.30769230769231,6.153846153846154
E00025809,127,44,12,32,83,71,12,34.645669291338585,9.448818897637794,25.196850393700785,65.35433070866141,55.90551181102362,9.448818897637794
E00025810,109,34,9,25,75,70,5,31.19266055045872,8.256880733944955,22.93577981651376,68.80733944954129,64.22018348623854,4.587155963302752
E00025811,135,47,12,35,88,84,4,34.81481481481482,8.88888888888889,25.925925925925924,65.18518518518519,62.22222222222222,2.9629629629629632
E00025812,138,35,6,29,103,99,4,25.36231884057971,4.3478260869565215,21.014492753623188,74.63768115942028,71.73913043478261,2.898550724637681
E00025813,145,49,15,34,96,86,10,33.793103448275865,10.344827586206897,23.448275862068964,66.20689655172414,59.310344827586206,6.896551724137931
E00025814,165,56,17,39,109,96,13,33.939393939393945,10.303030303030303,23.636363636363637,66.06060606060606,58.18181818181818,7.878787878787878
E00025815,106,27,9,18,79,76,3,25.471698113207548,8.49056603773585,16.9811320754717,74.52830188679245,71.69811320754717,2.8301886792452833
E00025816,123,32,7,25,91,87,4,26.01626016260163,5.691056910569105,20.32520325203252,73.98373983739837,70.73170731707317,3.2520325203252036
E00025817,163,50,18,32,113,103,10,30.67484662576687,11.042944785276074,19.631901840490798,69.32515337423312,63.190184049079754,6.134969325153374
E00025818,133,41,13,28,92,86,6,30.82706766917293,9.774436090225564,21.052631578947366,69.17293233082707,64.66165413533834,4.511278195488721
E00025819,157,46,8,38,111,100,11,29.29936305732484,5.095541401273886,24.203821656050955,70.70063694267516,63.69426751592356,7.006369426751593
E00025820,149,55,18,37,94,84,10,36.91275167785235,12.080536912751679,24.832214765100673,63.08724832214765,56.375838926174495,6.7114093959731544
E00025821,140,53,17,36,87,80,7,37.857142857142854,12.142857142857142,25.71428571428571,62.142857142857146,57.14285714285714,5
E00025822,136,48,13,35,88,79,9,35.294117647058826,9.558823529411764,25.735294117647058,64.70588235294117,58.08823529411765,6.61764705882353
E00025823,144,57,14,43,87,80,7,39.58333333333333,9.722222222222223,29.86111111111111,60.416666666666664,55.55555555555556,4.861111111111112
E00025825,132,36,14,22,96,82,14,27.27272727272727,10.606060606060606,16.666666666666664,72.72727272727273,62.121212121212125,10.606060606060606
E00025826,111,39,14,25,72,63,9,35.13513513513514,12.612612612612612,22.52252252252252,64.86486486486487,56.75675675675676,8.108108108108109
E00025827,118,45,13,32,73,66,7,38.13559322033898,11.016949152542372,27.11864406779661,61.86440677966102,55.932203389830505,5.932203389830509
E00025828,130,49,13,36,81,71,10,37.69230769230769,10,27.692307692307693,62.30769230769231,54.61538461538461,7.6923076923076925
E00025829,106,37,9,28,69,63,6,34.90566037735849,8.49056603773585,26.41509433962264,65.09433962264151,59.43396226415094,5.660377358490567
E00025830,133,59,14,45,74,71,3,44.3609022556391,10.526315789473683,33.83458646616541,55.639097744360896,53.383458646616546,2.2556390977443606
E00025832,230,80,20,60,150,133,17,34.78260869565217,8.695652173913043,26.08695652173913,65.21739130434783,57.826086956521735,7.391304347826087
E00025833,89,41,12,29,48,43,5,46.06741573033708,13.48314606741573,32.58426966292135,53.93258426966292,48.31460674157304,5.617977528089887
E00025834,182,66,17,49,116,98,18,36.26373626373626,9.340659340659341,26.923076923076923,63.73626373626373,53.84615384615385,9.89010989010989
E00025835,169,57,21,36,112,104,8,33.72781065088758,12.42603550295858,21.301775147928996,66.27218934911244,61.53846153846154,4.733727810650888
E00025836,231,86,31,55,145,130,15,37.22943722943723,13.41991341991342,23.809523809523807,62.77056277056276,56.27705627705628,6.493506493506493
E00025838,151,45,11,34,106,102,4,29.80132450331126,7.28476821192053,22.516556291390728,70.19867549668875,67.54966887417218,2.6490066225165565
E00025840,71,34,16,18,37,36,1,47.88732394366197,22.535211267605636,25.352112676056336,52.112676056338024,50.70422535211267,1.4084507042253522
E00025841,162,58,19,39,104,96,8,35.80246913580247,11.728395061728394,24.074074074074073,64.19753086419753,59.25925925925925,4.938271604938271
E00025842,230,79,25,54,151,133,18,34.34782608695652,10.869565217391305,23.47826086956522,65.65217391304347,57.826086956521735,7.82608695652174
E00025843,159,56,13,43,103,89,14,35.22012578616352,8.176100628930817,27.044025157232703,64.77987421383648,55.9748427672956,8.80503144654088
E00025844,157,52,17,35,105,96,9,33.12101910828025,10.828025477707007,22.29299363057325,66.87898089171973,61.146496815286625,5.7324840764331215
E00025845,160,53,13,40,107,96,11,33.125,8.125,25,66.875,60,6.875000000000001
E00025846,115,42,10,32,73,67,6,36.52173913043478,8.695652173913043,27.82608695652174,63.47826086956522,58.26086956521739,5.217391304347826
E00025850,181,56,13,43,125,115,10,30.939226519337016,7.18232044198895,23.756906077348066,69.06077348066299,63.53591160220995,5.524861878453039
E00025851,133,45,15,30,88,81,7,33.83458646616541,11.278195488721805,22.55639097744361,66.16541353383458,60.902255639097746,5.263157894736842
E00025852,145,40,14,26,105,95,10,27.586206896551722,9.655172413793103,17.93103448275862,72.41379310344827,65.51724137931035,6.896551724137931
E00025853,161,51,13,38,110,96,14,31.67701863354037,8.074534161490684,23.60248447204969,68.32298136645963,59.62732919254658,8.695652173913043
E00025855,123,48,17,31,75,67,8,39.02439024390244,13.821138211382115,25.203252032520325,60.97560975609756,54.47154471544715,6.504065040650407
E00025856,188,60,31,29,128,115,13,31.914893617021278,16.48936170212766,15.425531914893616,68.08510638297872,61.170212765957444,6.914893617021277
E00025858,109,47,9,38,62,58,4,43.11926605504588,8.256880733944955,34.862385321100916,56.88073394495413,53.21100917431193,3.669724770642202
E00025859,105,47,4,43,58,54,4,44.761904761904766,3.8095238095238098,40.95238095238095,55.23809523809524,51.42857142857142,3.8095238095238098
E00025862,129,36,7,29,93,78,15,27.906976744186046,5.426356589147287,22.48062015503876,72.09302325581395,60.46511627906976,11.627906976744185
E00025863,126,35,9,26,91,82,9,27.77777777777778,7.142857142857142,20.634920634920633,72.22222222222221,65.07936507936508,7.142857142857142
E00025864,128,40,7,33,88,79,9,31.25,5.46875,25.78125,68.75,61.71875,7.03125
E00025865,176,47,18,29,129,116,13,26.704545454545453,10.227272727272728,16.477272727272727,73.29545454545455,65.9090909090909,7.386363636363637
E00025866,124,34,7,27,90,82,8,27.419354838709676,5.64516129032258,21.774193548387096,72.58064516129032,66.12903225806451,6.451612903225806
E00025867,131,34,6,28,97,89,8,25.954198473282442,4.580152671755725,21.374045801526716,74.04580152671755,67.93893129770993,6.106870229007633
E00025868,122,43,14,29,79,71,8,35.24590163934426,11.475409836065573,23.770491803278688,64.75409836065575,58.19672131147541,6.557377049180328
E00025869,152,46,17,29,106,94,12,30.263157894736842,11.18421052631579,19.078947368421055,69.73684210526315,61.8421052631579,7.894736842105263
E00025870,141,58,24,34,83,75,8,41.13475177304964,17.02127659574468,24.113475177304963,58.86524822695035,53.191489361702125,5.673758865248227
E00025871,122,37,16,21,85,74,11,30.327868852459016,13.114754098360656,17.21311475409836,69.67213114754098,60.65573770491803,9.01639344262295
E00025872,104,30,7,23,74,67,7,28.846153846153843,6.730769230769231,22.115384615384613,71.15384615384616,64.42307692307693,6.730769230769231
E00025873,147,45,20,25,102,85,17,30.612244897959183,13.60544217687075,17.006802721088434,69.38775510204081,57.82312925170068,11.564625850340136
E00025875,140,23,8,15,117,99,18,16.428571428571427,5.714285714285714,10.714285714285714,83.57142857142857,70.71428571428572,12.857142857142856
E00025876,147,33,10,23,114,102,12,22.448979591836736,6.802721088435375,15.646258503401361,77.55102040816327,69.38775510204081,8.16326530612245
E00025877,136,41,13,28,95,90,5,30.14705882352941,9.558823529411764,20.588235294117645,69.85294117647058,66.17647058823529,3.6764705882352944
E00025878,79,27,9,18,52,48,4,34.177215189873415,11.39240506329114,22.78481012658228,65.82278481012658,60.75949367088608,5.063291139240507
E00025879,140,42,10,32,98,83,15,30,7.142857142857142,22.857142857142858,70,59.285714285714285,10.714285714285714
E00025880,128,35,11,24,93,86,7,27.34375,8.59375,18.75,72.65625,67.1875,5.46875
E00025882,110,44,15,29,66,58,8,40,13.636363636363635,26.36363636363636,60,52.72727272727272,7.2727272727272725
E00025883,80,22,9,13,58,53,5,27.500000000000004,11.25,16.25,72.5,66.25,6.25
E00025884,192,62,19,43,130,113,17,32.29166666666667,9.895833333333332,22.395833333333336,67.70833333333334,58.854166666666664,8.854166666666668
E00025885,116,31,10,21,85,77,8,26.72413793103448,8.620689655172415,18.103448275862068,73.27586206896551,66.37931034482759,6.896551724137931
E00025886,131,41,13,28,90,77,13,31.297709923664126,9.923664122137405,21.374045801526716,68.70229007633588,58.778625954198475,9.923664122137405
E00025887,122,29,8,21,93,79,14,23.770491803278688,6.557377049180328,17.21311475409836,76.22950819672131,64.75409836065575,11.475409836065573
E00025888,104,38,14,24,66,64,2,36.53846153846153,13.461538461538462,23.076923076923077,63.46153846153846,61.53846153846154,1.9230769230769231
E00025889,136,46,16,30,90,86,4,33.82352941176471,11.76470588235294,22.058823529411764,66.17647058823529,63.23529411764706,2.941176470588235
E00025890,118,48,15,33,70,67,3,40.67796610169492,12.711864406779661,27.966101694915253,59.32203389830508,56.779661016949156,2.5423728813559325
E00025891,162,33,15,18,129,115,14,20.37037037037037,9.25925925925926,11.11111111111111,79.62962962962963,70.98765432098766,8.641975308641975
E00025892,93,31,7,24,62,57,5,33.33333333333333,7.526881720430108,25.806451612903224,66.66666666666666,61.29032258064516,5.376344086021505
E00025893,99,33,4,29,66,57,9,33.33333333333333,4.040404040404041,29.292929292929294,66.66666666666666,57.57575757575758,9.090909090909092
E00025894,114,45,10,35,69,59,10,39.473684210526315,8.771929824561402,30.701754385964914,60.526315789473685,51.75438596491229,8.771929824561402
E00025895,148,59,18,41,89,78,11,39.86486486486486,12.162162162162163,27.7027027027027,60.13513513513513,52.702702702702695,7.4324324324324325
E00025896,196,58,9,49,138,127,11,29.591836734693878,4.591836734693878,25,70.40816326530613,64.79591836734694,5.612244897959184
E00025897,142,43,11,32,99,94,5,30.28169014084507,7.746478873239436,22.535211267605636,69.71830985915493,66.19718309859155,3.5211267605633805
E00025898,96,42,18,24,54,49,5,43.75,18.75,25,56.25,51.041666666666664,5.208333333333334
E00025899,157,53,22,31,104,89,15,33.75796178343949,14.012738853503185,19.745222929936308,66.2420382165605,56.68789808917197,9.554140127388536
E00025900,129,42,15,27,87,81,6,32.55813953488372,11.627906976744185,20.930232558139537,67.44186046511628,62.7906976744186,4.651162790697675
E00025901,120,41,14,27,79,75,4,34.166666666666664,11.666666666666666,22.5,65.83333333333333,62.5,3.3333333333333335
E00025902,158,52,15,37,106,93,13,32.91139240506329,9.49367088607595,23.417721518987342,67.08860759493672,58.86075949367089,8.227848101265822
E00025903,97,23,8,15,74,67,7,23.711340206185564,8.24742268041237,15.463917525773196,76.28865979381443,69.0721649484536,7.216494845360824
E00025904,136,49,16,33,87,81,6,36.029411764705884,11.76470588235294,24.264705882352942,63.970588235294116,59.55882352941176,4.411764705882353
E00025905,177,57,22,35,120,110,10,32.20338983050847,12.429378531073446,19.774011299435028,67.79661016949152,62.14689265536724,5.649717514124294
E00025906,140,46,17,29,94,86,8,32.857142857142854,12.142857142857142,20.714285714285715,67.14285714285714,61.42857142857143,5.714285714285714
E00025907,146,57,16,41,89,84,5,39.04109589041096,10.95890410958904,28.08219178082192,60.95890410958904,57.534246575342465,3.4246575342465753
E00025908,169,45,13,32,124,113,11,26.627218934911244,7.6923076923076925,18.93491124260355,73.37278106508876,66.86390532544378,6.508875739644971
E00025909,149,58,13,45,91,83,8,38.92617449664429,8.724832214765101,30.201342281879196,61.07382550335571,55.70469798657718,5.369127516778524
E00025910,158,63,12,51,95,85,10,39.87341772151899,7.59493670886076,32.278481012658226,60.12658227848101,53.79746835443038,6.329113924050633
E00025911,104,46,10,36,58,53,5,44.230769230769226,9.615384615384617,34.61538461538461,55.769230769230774,50.96153846153846,4.807692307692308
E00025912,131,46,16,30,85,84,1,35.11450381679389,12.213740458015266,22.900763358778626,64.8854961832061,64.12213740458014,0.7633587786259541
E00025913,155,55,21,34,100,92,8,35.483870967741936,13.548387096774196,21.935483870967744,64.51612903225806,59.354838709677416,5.161290322580645
E00025914,153,55,21,34,98,91,7,35.947712418300654,13.725490196078432,22.22222222222222,64.05228758169935,59.47712418300654,4.57516339869281
E00025915,134,52,15,37,82,77,5,38.80597014925373,11.194029850746269,27.611940298507463,61.19402985074627,57.46268656716418,3.731343283582089
E00025916,111,41,14,27,70,64,6,36.93693693693694,12.612612612612612,24.324324324324326,63.06306306306306,57.65765765765766,5.405405405405405
E00025917,132,36,10,26,96,88,8,27.27272727272727,7.575757575757576,19.696969696969695,72.72727272727273,66.66666666666666,6.0606060606060606
E00025918,125,49,16,33,76,70,6,39.2,12.8,26.400000000000002,60.8,56.00000000000001,4.8
E00025919,131,46,10,36,85,79,6,35.11450381679389,7.633587786259542,27.480916030534353,64.8854961832061,60.30534351145038,4.580152671755725
E00025920,137,39,11,28,98,87,11,28.467153284671532,8.02919708029197,20.437956204379564,71.53284671532847,63.503649635036496,8.02919708029197
E00025921,117,38,15,23,79,70,9,32.47863247863248,12.82051282051282,19.65811965811966,67.52136752136752,59.82905982905983,7.6923076923076925
E00025922,139,53,15,38,86,78,8,38.1294964028777,10.79136690647482,27.33812949640288,61.87050359712231,56.11510791366906,5.755395683453238
E00025923,198,62,21,41,136,126,10,31.313131313131315,10.606060606060606,20.707070707070706,68.68686868686868,63.63636363636363,5.05050505050505
E00025924,141,48,15,33,93,83,10,34.04255319148936,10.638297872340425,23.404255319148938,65.95744680851064,58.86524822695035,7.092198581560284
E00025926,175,50,13,37,125,100,25,28.57142857142857,7.428571428571429,21.142857142857142,71.42857142857143,57.14285714285714,14.285714285714285
E00025927,154,46,16,30,108,96,12,29.87012987012987,10.38961038961039,19.480519480519483,70.12987012987013,62.33766233766234,7.792207792207792
E00025928,192,53,19,34,139,119,20,27.604166666666668,9.895833333333332,17.708333333333336,72.39583333333334,61.979166666666664,10.416666666666668
E00025929,191,66,33,33,125,114,11,34.55497382198953,17.277486910994764,17.277486910994764,65.44502617801047,59.68586387434554,5.7591623036649215
E00025930,137,46,22,24,91,75,16,33.57664233576642,16.05839416058394,17.51824817518248,66.42335766423358,54.74452554744526,11.678832116788321
E00025931,172,76,27,49,96,87,9,44.18604651162791,15.69767441860465,28.488372093023255,55.81395348837209,50.58139534883721,5.232558139534884
E00025932,189,73,22,51,116,109,7,38.62433862433862,11.64021164021164,26.984126984126984,61.37566137566137,57.67195767195767,3.7037037037037033
E00025933,118,38,9,29,80,75,5,32.20338983050847,7.627118644067797,24.576271186440678,67.79661016949152,63.559322033898304,4.23728813559322
E00025934,138,55,19,36,83,80,3,39.85507246376812,13.768115942028986,26.08695652173913,60.14492753623188,57.971014492753625,2.1739130434782608
E00025935,162,75,19,56,87,76,11,46.2962962962963,11.728395061728394,34.5679012345679,53.70370370370371,46.913580246913575,6.790123456790123
E00025936,165,41,5,36,124,119,5,24.848484848484848,3.0303030303030303,21.818181818181817,75.15151515151514,72.12121212121212,3.0303030303030303
E00025937,156,73,22,51,83,75,8,46.794871794871796,14.102564102564102,32.69230769230769,53.205128205128204,48.07692307692308,5.128205128205128
E00025938,123,43,11,32,80,70,10,34.959349593495936,8.94308943089431,26.01626016260163,65.04065040650406,56.91056910569105,8.130081300813007
E00025939,162,56,20,36,106,103,3,34.5679012345679,12.345679012345679,22.22222222222222,65.4320987654321,63.580246913580254,1.8518518518518516
E00025940,120,49,13,36,71,69,2,40.833333333333336,10.833333333333334,30,59.166666666666664,57.49999999999999,1.6666666666666667
E00025941,141,61,21,40,80,80,0,43.262411347517734,14.893617021276595,28.368794326241137,56.73758865248227,56.73758865248227,0
E00025942,140,59,13,46,81,72,9,42.142857142857146,9.285714285714286,32.857142857142854,57.85714285714286,51.42857142857142,6.428571428571428
E00025943,134,36,15,21,98,92,6,26.865671641791046,11.194029850746269,15.671641791044777,73.13432835820896,68.65671641791045,4.477611940298507
E00025944,89,31,12,19,58,52,6,34.831460674157306,13.48314606741573,21.34831460674157,65.1685393258427,58.42696629213483,6.741573033707865
E00025945,118,44,9,35,74,70,4,37.28813559322034,7.627118644067797,29.66101694915254,62.71186440677966,59.32203389830508,3.389830508474576
E00025948,112,42,9,33,70,60,10,37.5,8.035714285714286,29.464285714285715,62.5,53.57142857142857,8.928571428571429
E00025949,121,77,11,66,44,42,2,63.63636363636363,9.090909090909092,54.54545454545454,36.36363636363637,34.710743801652896,1.6528925619834711
E00025951,123,20,8,12,103,93,10,16.260162601626014,6.504065040650407,9.75609756097561,83.73983739837398,75.60975609756098,8.130081300813007
E00025953,55,18,9,9,37,31,6,32.72727272727273,16.363636363636363,16.363636363636363,67.27272727272727,56.36363636363636,10.909090909090908
E00025954,81,32,11,21,49,43,6,39.50617283950617,13.580246913580247,25.925925925925924,60.49382716049383,53.086419753086425,7.4074074074074066
E00025955,140,43,10,33,97,91,6,30.714285714285715,7.142857142857142,23.57142857142857,69.28571428571428,65,4.285714285714286
E00025957,201,37,12,25,164,149,15,18.407960199004975,5.970149253731343,12.437810945273633,81.59203980099502,74.12935323383084,7.462686567164178
E00025958,81,25,6,19,56,53,3,30.864197530864196,7.4074074074074066,23.456790123456788,69.1358024691358,65.4320987654321,3.7037037037037033
E00025959,89,28,4,24,61,56,5,31.46067415730337,4.49438202247191,26.96629213483146,68.53932584269663,62.92134831460674,5.617977528089887
E00025961,114,24,10,14,90,76,14,21.052631578947366,8.771929824561402,12.280701754385964,78.94736842105263,66.66666666666666,12.280701754385964
E00025962,113,46,9,37,67,56,11,40.707964601769916,7.964601769911504,32.743362831858406,59.29203539823009,49.557522123893804,9.734513274336283
E00025964,96,33,7,26,63,58,5,34.375,7.291666666666667,27.083333333333332,65.625,60.416666666666664,5.208333333333334
E00025968,89,40,12,28,49,44,5,44.9438202247191,13.48314606741573,31.46067415730337,55.0561797752809,49.43820224719101,5.617977528089887
E00025969,229,51,19,32,178,163,15,22.270742358078603,8.296943231441048,13.973799126637553,77.72925764192141,71.17903930131004,6.550218340611353
E00025970,101,42,11,31,59,54,5,41.584158415841586,10.891089108910892,30.693069306930692,58.415841584158414,53.46534653465347,4.9504950495049505
E00025976,199,38,10,28,161,150,11,19.09547738693467,5.025125628140704,14.07035175879397,80.90452261306532,75.37688442211056,5.527638190954774
E00025988,91,15,12,3,76,68,8,16.483516483516482,13.186813186813188,3.296703296703297,83.51648351648352,74.72527472527473,8.791208791208792
E00025989,65,14,4,10,51,48,3,21.53846153846154,6.153846153846154,15.384615384615385,78.46153846153847,73.84615384615385,4.615384615384616
E00025994,46,13,1,12,33,32,1,28.26086956521739,2.1739130434782608,26.08695652173913,71.73913043478261,69.56521739130434,2.1739130434782608
E00025995,115,45,18,27,70,63,7,39.130434782608695,15.65217391304348,23.47826086956522,60.86956521739131,54.78260869565217,6.086956521739131
E00025996,143,36,9,27,107,92,15,25.174825174825177,6.293706293706294,18.88111888111888,74.82517482517483,64.33566433566433,10.48951048951049
E00025997,127,51,15,36,76,71,5,40.15748031496063,11.811023622047244,28.346456692913385,59.84251968503938,55.90551181102362,3.937007874015748
E00025998,184,44,7,37,140,131,9,23.91304347826087,3.804347826086957,20.108695652173914,76.08695652173914,71.19565217391305,4.891304347826087
E00026000,132,46,11,35,86,86,0,34.84848484848485,8.333333333333332,26.515151515151516,65.15151515151516,65.15151515151516,0
E00026001,161,51,17,34,110,96,14,31.67701863354037,10.559006211180124,21.11801242236025,68.32298136645963,59.62732919254658,8.695652173913043
E00026002,96,32,9,23,64,58,6,33.33333333333333,9.375,23.958333333333336,66.66666666666666,60.416666666666664,6.25
E00026003,116,33,8,25,83,78,5,28.448275862068968,6.896551724137931,21.551724137931032,71.55172413793103,67.24137931034483,4.310344827586207
E00026004,105,36,9,27,69,57,12,34.285714285714285,8.571428571428571,25.71428571428571,65.71428571428571,54.285714285714285,11.428571428571429
E00026005,138,49,16,33,89,76,13,35.507246376811594,11.594202898550725,23.91304347826087,64.4927536231884,55.072463768115945,9.420289855072465
E00026006,142,43,22,21,99,85,14,30.28169014084507,15.492957746478872,14.788732394366196,69.71830985915493,59.859154929577464,9.859154929577464
E00026007,253,80,29,51,173,159,14,31.620553359683797,11.462450592885375,20.158102766798418,68.37944664031622,62.845849802371546,5.533596837944664
E00026008,134,65,15,50,69,65,4,48.507462686567166,11.194029850746269,37.3134328358209,51.49253731343284,48.507462686567166,2.9850746268656714
E00026009,168,58,13,45,110,101,9,34.523809523809526,7.738095238095238,26.785714285714285,65.47619047619048,60.11904761904761,5.357142857142857
E00026010,81,25,4,21,56,48,8,30.864197530864196,4.938271604938271,25.925925925925924,69.1358024691358,59.25925925925925,9.876543209876543
E00026011,131,40,14,26,91,84,7,30.53435114503817,10.687022900763358,19.84732824427481,69.46564885496184,64.12213740458014,5.343511450381679
E00026012,114,30,1,29,84,75,9,26.31578947368421,0.8771929824561403,25.438596491228072,73.68421052631578,65.78947368421053,7.894736842105263
E00026014,144,52,16,36,92,82,10,36.11111111111111,11.11111111111111,25,63.888888888888886,56.94444444444444,6.944444444444445
E00026015,93,34,9,25,59,55,4,36.55913978494624,9.67741935483871,26.881720430107524,63.44086021505376,59.13978494623656,4.301075268817205
E00026017,112,34,6,28,78,70,8,30.357142857142854,5.357142857142857,25,69.64285714285714,62.5,7.142857142857142
E00026018,162,46,17,29,116,108,8,28.39506172839506,10.493827160493826,17.901234567901234,71.60493827160494,66.66666666666666,4.938271604938271
E00026019,71,22,4,18,49,37,12,30.985915492957744,5.633802816901409,25.352112676056336,69.01408450704226,52.112676056338024,16.901408450704224
E00026020,134,48,18,30,86,75,11,35.82089552238806,13.432835820895523,22.388059701492537,64.17910447761194,55.970149253731336,8.208955223880597
E00026022,163,46,12,34,117,104,13,28.22085889570552,7.361963190184049,20.858895705521473,71.77914110429448,63.80368098159509,7.975460122699387
E00026023,77,23,7,16,54,50,4,29.87012987012987,9.090909090909092,20.77922077922078,70.12987012987013,64.93506493506493,5.194805194805195
E00026024,82,18,0,18,64,56,8,21.951219512195124,0,21.951219512195124,78.04878048780488,68.29268292682927,9.75609756097561
E00026025,96,35,8,27,61,58,3,36.45833333333333,8.333333333333332,28.125,63.541666666666664,60.416666666666664,3.125
E00026026,153,47,16,31,106,93,13,30.718954248366014,10.457516339869281,20.26143790849673,69.28104575163398,60.78431372549019,8.49673202614379
E00026027,230,62,25,37,168,141,27,26.956521739130434,10.869565217391305,16.08695652173913,73.04347826086956,61.30434782608696,11.73913043478261
E00026028,117,41,11,30,76,64,12,35.04273504273504,9.401709401709402,25.64102564102564,64.95726495726495,54.700854700854705,10.256410256410255
E00026030,151,57,14,43,94,85,9,37.74834437086093,9.271523178807946,28.47682119205298,62.251655629139066,56.29139072847682,5.960264900662252
E00026031,167,59,20,39,108,102,6,35.32934131736527,11.976047904191617,23.353293413173652,64.67065868263472,61.07784431137725,3.592814371257485
E00026032,156,45,12,33,111,106,5,28.846153846153843,7.6923076923076925,21.153846153846153,71.15384615384616,67.94871794871796,3.205128205128205
E00026033,164,48,12,36,116,108,8,29.268292682926827,7.317073170731707,21.951219512195124,70.73170731707317,65.85365853658537,4.878048780487805
E00026034,37,9,2,7,28,25,3,24.324324324324326,5.405405405405405,18.91891891891892,75.67567567567568,67.56756756756756,8.108108108108109
E00026035,182,40,16,24,142,127,15,21.978021978021978,8.791208791208792,13.186813186813188,78.02197802197803,69.78021978021978,8.241758241758241
E00026036,171,91,26,65,80,68,12,53.216374269005854,15.204678362573098,38.01169590643275,46.783625730994146,39.76608187134503,7.017543859649122
E00026038,192,96,20,76,96,91,5,50,10.416666666666668,39.58333333333333,50,47.39583333333333,2.604166666666667
E00026039,120,49,17,32,71,64,7,40.833333333333336,14.166666666666666,26.666666666666668,59.166666666666664,53.333333333333336,5.833333333333333
E00026040,130,55,15,40,75,66,9,42.30769230769231,11.538461538461538,30.76923076923077,57.692307692307686,50.76923076923077,6.923076923076923
E00026041,103,42,10,32,61,56,5,40.77669902912621,9.70873786407767,31.06796116504854,59.22330097087378,54.36893203883495,4.854368932038835
E00026042,162,90,29,61,72,60,12,55.55555555555556,17.901234567901234,37.65432098765432,44.44444444444444,37.03703703703704,7.4074074074074066
E00026043,189,85,25,60,104,88,16,44.97354497354497,13.227513227513226,31.746031746031743,55.026455026455025,46.56084656084656,8.465608465608465
E00026045,187,79,18,61,108,98,10,42.24598930481284,9.62566844919786,32.62032085561498,57.75401069518716,52.406417112299465,5.347593582887701
E00026046,188,91,30,61,97,89,8,48.40425531914894,15.957446808510639,32.4468085106383,51.59574468085106,47.340425531914896,4.25531914893617
E00026047,154,75,24,51,79,79,0,48.701298701298704,15.584415584415584,33.116883116883116,51.298701298701296,51.298701298701296,0
E00026048,140,64,18,46,76,67,9,45.714285714285715,12.857142857142856,32.857142857142854,54.285714285714285,47.85714285714286,6.428571428571428
E00026049,226,114,40,74,112,99,13,50.442477876106196,17.699115044247787,32.743362831858406,49.557522123893804,43.80530973451327,5.752212389380531
E00026053,151,71,21,50,80,71,9,47.019867549668874,13.90728476821192,33.11258278145696,52.980132450331126,47.019867549668874,5.960264900662252
E00026054,150,70,23,47,80,79,1,46.666666666666664,15.333333333333332,31.333333333333336,53.333333333333336,52.666666666666664,0.6666666666666667
E00026055,67,22,6,16,45,37,8,32.83582089552239,8.955223880597014,23.88059701492537,67.16417910447761,55.223880597014926,11.940298507462686
E00026056,158,89,16,73,69,60,9,56.32911392405063,10.126582278481013,46.20253164556962,43.67088607594937,37.9746835443038,5.69620253164557
E00026058,190,104,25,79,86,79,7,54.736842105263165,13.157894736842104,41.578947368421055,45.26315789473684,41.578947368421055,3.684210526315789
E00026059,126,42,7,35,84,78,6,33.33333333333333,5.555555555555555,27.77777777777778,66.66666666666666,61.904761904761905,4.761904761904762
E00026060,193,89,14,75,104,92,12,46.1139896373057,7.253886010362693,38.860103626943,53.8860103626943,47.66839378238342,6.217616580310881
E00026065,151,82,25,57,69,63,6,54.3046357615894,16.55629139072848,37.74834437086093,45.6953642384106,41.72185430463576,3.9735099337748347
E00026066,145,77,25,52,68,65,3,53.103448275862064,17.24137931034483,35.86206896551724,46.89655172413793,44.827586206896555,2.0689655172413794
E00026067,147,82,21,61,65,59,6,55.78231292517006,14.285714285714285,41.49659863945578,44.21768707482993,40.136054421768705,4.081632653061225
E00026068,137,57,15,42,80,73,7,41.605839416058394,10.948905109489052,30.656934306569344,58.3941605839416,53.284671532846716,5.109489051094891
E00026070,160,88,33,55,72,69,3,55.00000000000001,20.625,34.375,45,43.125,1.875
E00026071,139,65,20,45,74,67,7,46.76258992805755,14.388489208633093,32.37410071942446,53.23741007194245,48.201438848920866,5.0359712230215825
E00026072,167,89,28,61,78,62,16,53.293413173652695,16.766467065868262,36.52694610778443,46.706586826347305,37.12574850299401,9.580838323353294
E00026073,123,71,21,50,52,47,5,57.72357723577236,17.073170731707318,40.65040650406504,42.27642276422765,38.21138211382114,4.0650406504065035
E00026075,173,55,19,36,118,95,23,31.79190751445087,10.982658959537572,20.809248554913296,68.20809248554913,54.91329479768786,13.294797687861271
E00026076,158,54,14,40,104,91,13,34.177215189873415,8.860759493670885,25.31645569620253,65.82278481012658,57.59493670886076,8.227848101265822
E00026077,187,40,14,26,147,120,27,21.390374331550802,7.4866310160427805,13.903743315508022,78.6096256684492,64.171122994652407,14.43850267379679
E00026078,165,33,18,15,132,111,21,20,10.909090909090908,9.090909090909092,80,67.27272727272727,12.727272727272727
E00026079,189,45,15,30,144,124,20,23.809523809523807,7.936507936507936,15.873015873015872,76.19047619047619,65.60846560846561,10.582010582010582
E00026080,196,34,14,20,162,135,27,17.346938775510203,7.142857142857142,10.204081632653061,82.6530612244898,68.87755102040816,13.77551020408163
E00026081,127,21,6,15,106,86,20,16.535433070866144,4.724409448818897,11.811023622047244,83.46456692913385,67.71653543307087,15.748031496062993
E00026082,172,37,14,23,135,116,19,21.511627906976745,8.13953488372093,13.372093023255813,78.48837209302324,67.44186046511628,11.046511627906977
E00026083,159,22,5,17,137,110,27,13.836477987421384,3.1446540880503147,10.69182389937107,86.16352201257862,69.18238993710692,16.9811320754717
E00026084,183,35,8,27,148,120,28,19.12568306010929,4.371584699453552,14.754098360655737,80.87431693989072,65.57377049180327,15.300546448087433
E00026085,106,25,14,11,81,68,13,23.58490566037736,13.20754716981132,10.377358490566039,76.41509433962264,64.15094339622641,12.264150943396226
E00026086,135,22,7,15,113,101,12,16.296296296296298,5.185185185185185,11.11111111111111,83.7037037037037,74.81481481481481,8.88888888888889
E00026087,247,57,14,43,190,159,31,23.076923076923077,5.668016194331984,17.408906882591094,76.92307692307693,64.37246963562752,12.550607287449392
E00026088,214,40,17,23,174,152,22,18.69158878504673,7.943925233644859,10.74766355140187,81.30841121495327,71.02803738317756,10.2803738317757
E00026089,184,43,7,36,141,113,28,23.369565217391305,3.804347826086957,19.565217391304348,76.63043478260869,61.41304347826087,15.217391304347828
E00026090,197,40,20,20,157,130,27,20.304568527918782,10.152284263959391,10.152284263959391,79.69543147208121,65.98984771573603,13.705583756345177
E00026091,187,51,11,40,136,113,23,27.27272727272727,5.88235294117647,21.390374331550802,72.72727272727273,60.42780748663101,12.299465240641712
E00026092,55,11,6,5,44,38,6,20,10.909090909090908,9.090909090909092,80,69.0909090909091,10.909090909090908
E00026093,142,45,15,30,97,82,15,31.690140845070424,10.56338028169014,21.12676056338028,68.30985915492957,57.74647887323944,10.56338028169014
E00026094,149,36,8,28,113,90,23,24.161073825503358,5.369127516778524,18.79194630872483,75.83892617449665,60.40268456375839,15.436241610738255
E00026095,143,40,14,26,103,91,12,27.972027972027973,9.79020979020979,18.181818181818183,72.02797202797203,63.63636363636363,8.391608391608392
E00026096,132,47,13,34,85,72,13,35.60606060606061,9.848484848484848,25.757575757575758,64.39393939393939,54.54545454545454,9.848484848484848
E00026097,190,44,16,28,146,118,28,23.157894736842106,8.421052631578947,14.736842105263156,76.84210526315789,62.10526315789474,14.736842105263156
E00026098,198,49,17,32,149,129,20,24.747474747474747,8.585858585858585,16.161616161616163,75.25252525252525,65.15151515151516,10.1010101010101
E00026099,139,32,10,22,107,93,14,23.021582733812952,7.1942446043165464,15.827338129496402,76.97841726618705,66.90647482014388,10.071942446043165
E00026100,300,49,23,26,251,224,27,16.333333333333332,7.666666666666666,8.666666666666668,83.66666666666667,74.66666666666667,9
E00026101,133,46,19,27,87,75,12,34.58646616541353,14.285714285714285,20.30075187969925,65.41353383458647,56.390977443609025,9.022556390977442
E00026102,179,49,16,33,130,110,20,27.37430167597765,8.938547486033519,18.435754189944134,72.62569832402235,61.452513966480446,11.1731843575419
E00026103,167,44,9,35,123,104,19,26.34730538922156,5.389221556886228,20.958083832335326,73.65269461077844,62.27544910179641,11.377245508982035
E00026104,112,19,7,12,93,85,8,16.964285714285715,6.25,10.714285714285714,83.03571428571429,75.89285714285714,7.142857142857142
E00026105,178,38,12,26,140,124,16,21.34831460674157,6.741573033707865,14.606741573033707,78.65168539325843,69.66292134831461,8.98876404494382
E00026106,149,50,16,34,99,84,15,33.557046979865774,10.738255033557047,22.818791946308725,66.44295302013423,56.375838926174495,10.06711409395973
E00026107,176,27,5,22,149,132,17,15.340909090909092,2.840909090909091,12.5,84.6590909090909,75,9.659090909090908
E00026108,68,14,0,14,54,50,4,20.588235294117645,0,20.588235294117645,79.41176470588235,73.52941176470588,5.88235294117647
E00026109,254,47,13,34,207,195,12,18.503937007874015,5.118110236220472,13.385826771653544,81.49606299212599,76.77165354330708,4.724409448818897
E00026110,120,25,9,16,95,88,7,20.833333333333336,7.5,13.333333333333334,79.16666666666666,73.33333333333333,5.833333333333333
E00026111,115,28,11,17,87,76,11,24.347826086956523,9.565217391304348,14.782608695652174,75.65217391304347,66.08695652173913,9.565217391304348
E00026112,261,59,17,42,202,182,20,22.60536398467433,6.513409961685824,16.091954022988507,77.39463601532567,69.73180076628353,7.662835249042145
E00026113,244,49,21,28,195,180,15,20.081967213114755,8.60655737704918,11.475409836065573,79.91803278688525,73.77049180327869,6.147540983606557
E00026114,226,35,11,24,191,162,29,15.486725663716813,4.867256637168142,10.619469026548673,84.51327433628319,71.68141592920354,12.831858407079647
E00026115,184,38,18,20,146,126,20,20.652173913043477,9.782608695652174,10.869565217391305,79.34782608695652,68.47826086956522,10.869565217391305
E00026116,113,46,22,24,67,54,13,40.707964601769916,19.469026548672566,21.238938053097346,59.29203539823009,47.78761061946903,11.504424778761061
E00026117,131,25,7,18,106,98,8,19.083969465648856,5.343511450381679,13.740458015267176,80.91603053435115,74.80916030534351,6.106870229007633
E00026118,167,37,14,23,130,114,16,22.15568862275449,8.383233532934131,13.77245508982036,77.84431137724552,68.26347305389223,9.580838323353294
E00026119,155,37,10,27,118,97,21,23.870967741935484,6.451612903225806,17.419354838709676,76.12903225806451,62.58064516129033,13.548387096774196
E00026120,192,33,6,27,159,139,20,17.1875,3.125,14.0625,82.8125,72.39583333333334,10.416666666666668
E00026121,189,51,18,33,138,113,25,26.984126984126984,9.523809523809524,17.46031746031746,73.01587301587301,59.78835978835979,13.227513227513226
E00026122,148,26,8,18,122,109,13,17.56756756756757,5.405405405405405,12.162162162162163,82.43243243243244,73.64864864864865,8.783783783783784
E00026123,186,44,11,33,142,118,24,23.655913978494624,5.913978494623656,17.741935483870968,76.34408602150538,63.44086021505376,12.903225806451612
E00026124,200,26,9,17,174,144,30,13,4.5,8.5,87,72,15
E00026125,204,58,24,34,146,121,25,28.431372549019606,11.76470588235294,16.666666666666664,71.56862745098039,59.31372549019608,12.254901960784313
E00026126,166,49,15,34,117,89,28,29.518072289156628,9.036144578313253,20.481927710843372,70.48192771084338,53.6144578313253,16.867469879518072
E00026127,159,37,14,23,122,105,17,23.270440251572328,8.80503144654088,14.465408805031446,76.72955974842768,66.0377358490566,10.69182389937107
E00026128,168,61,16,45,107,93,14,36.30952380952381,9.523809523809524,26.785714285714285,63.69047619047619,55.35714285714286,8.333333333333332
E00026129,153,65,16,49,88,77,11,42.48366013071895,10.457516339869281,32.02614379084967,57.51633986928104,50.326797385620914,7.18954248366013
E00026130,113,59,20,39,54,54,0,52.21238938053098,17.699115044247787,34.51327433628318,47.78761061946903,47.78761061946903,0
E00026131,132,54,14,40,78,67,11,40.909090909090914,10.606060606060606,30.303030303030305,59.09090909090909,50.75757575757576,8.333333333333332
E00026132,152,53,8,45,99,82,17,34.868421052631575,5.263157894736842,29.605263157894733,65.13157894736842,53.94736842105263,11.18421052631579
E00026133,129,52,12,40,77,73,4,40.310077519379846,9.30232558139535,31.007751937984494,59.68992248062015,56.58914728682171,3.10077519379845
E00026134,95,36,16,20,59,49,10,37.89473684210527,16.842105263157894,21.052631578947366,62.10526315789474,51.578947368421055,10.526315789473683
E00026136,189,73,20,53,116,106,10,38.62433862433862,10.582010582010582,28.04232804232804,61.37566137566137,56.08465608465608,5.291005291005291
E00026137,218,83,22,61,135,126,9,38.07339449541284,10.091743119266056,27.981651376146786,61.92660550458715,57.798165137614674,4.128440366972478
E00026138,44,21,8,13,23,23,0,47.72727272727273,18.181818181818183,29.545454545454547,52.27272727272727,52.27272727272727,0
E00026139,189,61,12,49,128,116,12,32.27513227513227,6.349206349206349,25.925925925925924,67.72486772486772,61.37566137566137,6.349206349206349
E00026140,146,49,17,32,97,92,5,33.56164383561644,11.643835616438356,21.91780821917808,66.43835616438356,63.013698630136986,3.4246575342465753
E00026141,105,35,12,23,70,65,5,33.33333333333333,11.428571428571429,21.904761904761905,66.66666666666666,61.904761904761905,4.761904761904762
E00026143,135,54,16,38,81,68,13,40,11.851851851851853,28.14814814814815,60,50.37037037037037,9.62962962962963
E00026144,144,68,20,48,76,67,9,47.22222222222222,13.88888888888889,33.33333333333333,52.77777777777778,46.52777777777778,6.25
E00026145,76,30,8,22,46,41,5,39.473684210526315,10.526315789473683,28.947368421052634,60.526315789473685,53.94736842105263,6.578947368421052
E00026146,157,49,7,42,108,89,19,31.210191082802545,4.45859872611465,26.751592356687897,68.78980891719745,56.68789808917197,12.101910828025478
E00026147,200,97,32,65,103,99,4,48.5,16,32.5,51.5,49.5,2
E00026148,112,42,14,28,70,63,7,37.5,12.5,25,62.5,56.25,6.25
E00026149,134,52,16,36,82,75,7,38.80597014925373,11.940298507462686,26.865671641791046,61.19402985074627,55.970149253731336,5.223880597014925
E00026150,124,59,16,43,65,58,7,47.58064516129033,12.903225806451612,34.67741935483871,52.41935483870967,46.774193548387096,5.64516129032258
E00026151,175,73,24,49,102,91,11,41.714285714285715,13.714285714285715,28.000000000000004,58.285714285714285,52,6.2857142857142865
E00026152,122,61,18,43,61,55,6,50,14.754098360655737,35.24590163934426,50,45.08196721311475,4.918032786885246
E00026153,149,48,13,35,101,91,10,32.21476510067114,8.724832214765101,23.48993288590604,67.78523489932886,61.07382550335571,6.7114093959731544
E00026154,121,64,21,43,57,51,6,52.892561983471076,17.355371900826448,35.53719008264463,47.107438016528924,42.14876033057851,4.958677685950414
E00026155,169,74,23,51,95,84,11,43.786982248520715,13.609467455621301,30.17751479289941,56.213017751479285,49.70414201183432,6.508875739644971
E00026156,69,29,8,21,40,40,0,42.028985507246375,11.594202898550725,30.434782608695656,57.971014492753625,57.971014492753625,0
E00026157,107,42,15,27,65,59,6,39.25233644859813,14.018691588785046,25.233644859813083,60.747663551401864,55.140186915887845,5.607476635514018
E00026158,152,70,18,52,82,78,4,46.05263157894737,11.842105263157894,34.21052631578947,53.94736842105263,51.31578947368421,2.631578947368421
E00026159,203,82,27,55,121,103,18,40.39408866995074,13.30049261083744,27.093596059113302,59.60591133004927,50.73891625615764,8.866995073891626
E00026160,124,50,19,31,74,70,4,40.32258064516129,15.32258064516129,25,59.67741935483871,56.451612903225815,3.225806451612903
E00026161,139,68,20,48,71,60,11,48.92086330935252,14.388489208633093,34.53237410071942,51.07913669064749,43.16546762589928,7.913669064748201
E00026162,144,57,12,45,87,82,5,39.58333333333333,8.333333333333332,31.25,60.416666666666664,56.94444444444444,3.4722222222222223
E00026163,154,78,25,53,76,71,5,50.649350649350644,16.233766233766232,34.41558441558442,49.35064935064935,46.103896103896105,3.2467532467532463
E00026164,187,82,29,53,105,91,14,43.85026737967914,15.508021390374333,28.342245989304814,56.14973262032086,48.663101604278076,7.4866310160427805
E00026165,129,61,19,42,68,63,5,47.286821705426355,14.728682170542637,32.55813953488372,52.71317829457365,48.837209302325576,3.875968992248062
E00026166,62,21,9,12,41,35,6,33.87096774193548,14.516129032258066,19.35483870967742,66.12903225806451,56.451612903225815,9.67741935483871
E00026167,191,92,26,66,99,89,10,48.167539267015705,13.612565445026178,34.55497382198953,51.832460732984295,46.596858638743456,5.2356020942408374
E00026168,176,52,19,33,124,105,19,29.545454545454547,10.795454545454545,18.75,70.45454545454545,59.65909090909091,10.795454545454545
E00026169,177,36,16,20,141,111,30,20.33898305084746,9.03954802259887,11.299435028248588,79.66101694915254,62.71186440677966,16.94915254237288
E00026170,153,45,17,28,108,89,19,29.411764705882355,11.11111111111111,18.30065359477124,70.58823529411765,58.16993464052288,12.418300653594772
E00026171,193,51,17,34,142,107,35,26.42487046632124,8.808290155440414,17.616580310880828,73.57512953367875,55.44041450777202,18.134715025906736
E00026172,191,34,12,22,157,134,23,17.801047120418847,6.282722513089005,11.518324607329843,82.19895287958116,70.15706806282722,12.041884816753926
E00026173,144,41,16,25,103,90,13,28.47222222222222,11.11111111111111,17.36111111111111,71.52777777777779,62.5,9.027777777777777
E00026174,97,22,8,14,75,63,12,22.68041237113402,8.24742268041237,14.432989690721648,77.31958762886599,64.94845360824742,12.371134020618557
E00026175,114,30,7,23,84,63,21,26.31578947368421,6.140350877192982,20.175438596491226,73.68421052631578,55.26315789473685,18.421052631578945
E00026176,124,34,13,21,90,71,19,27.419354838709676,10.483870967741936,16.93548387096774,72.58064516129032,57.25806451612904,15.32258064516129
E00026177,144,17,9,8,127,105,22,11.805555555555555,6.25,5.555555555555555,88.19444444444444,72.91666666666666,15.277777777777779
E00026178,158,41,12,29,117,100,17,25.949367088607595,7.59493670886076,18.354430379746837,74.0506329113924,63.29113924050633,10.759493670886076
E00026179,136,37,14,23,99,79,20,27.205882352941174,10.294117647058822,16.911764705882355,72.79411764705883,58.08823529411765,14.705882352941178
E00026180,148,24,8,16,124,104,20,16.216216216216218,5.405405405405405,10.81081081081081,83.78378378378379,70.27027027027027,13.513513513513514
E00026181,172,40,17,23,132,106,26,23.25581395348837,9.883720930232558,13.372093023255813,76.74418604651163,61.627906976744185,15.11627906976744
E00026182,107,25,7,18,82,69,13,23.364485981308412,6.5420560747663545,16.822429906542055,76.63551401869158,64.48598130841121,12.149532710280374
E00026183,227,54,26,28,173,123,50,23.788546255506606,11.45374449339207,12.334801762114537,76.2114537444934,54.18502202643172,22.026431718061673
E00026184,116,24,8,16,92,77,15,20.689655172413794,6.896551724137931,13.793103448275861,79.3103448275862,66.37931034482759,12.931034482758621
E00026185,171,38,13,25,133,106,27,22.22222222222222,7.602339181286549,14.619883040935672,77.77777777777779,61.98830409356725,15.789473684210526
E00026186,195,36,14,22,159,125,34,18.461538461538463,7.179487179487179,11.282051282051283,81.53846153846153,64.1025641025641,17.435897435897434
E00026187,207,42,16,26,165,138,27,20.28985507246377,7.729468599033816,12.560386473429952,79.71014492753623,66.66666666666666,13.043478260869565
E00026188,173,51,11,40,122,103,19,29.47976878612717,6.358381502890173,23.121387283236995,70.52023121387283,59.53757225433526,10.982658959537572
E00026189,200,45,19,26,155,121,34,22.5,9.5,13,77.5,60.5,17
E00026190,176,27,12,15,149,131,18,15.340909090909092,6.8181818181818175,8.522727272727272,84.6590909090909,74.43181818181817,10.227272727272728
E00026191,148,23,8,15,125,108,17,15.54054054054054,5.405405405405405,10.135135135135135,84.45945945945947,72.97297297297297,11.486486486486488
E00026192,213,41,11,30,172,143,29,19.248826291079812,5.164319248826291,14.084507042253522,80.75117370892019,67.13615023474179,13.615023474178404
E00026193,162,28,7,21,134,113,21,17.28395061728395,4.320987654320987,12.962962962962962,82.71604938271605,69.75308641975309,12.962962962962962
E00026194,218,22,3,19,196,167,29,10.091743119266056,1.3761467889908259,8.715596330275229,89.90825688073394,76.60550458715596,13.302752293577983
E00026195,162,20,9,11,142,126,16,12.345679012345679,5.555555555555555,6.790123456790123,87.65432098765432,77.77777777777779,9.876543209876543
E00026196,96,15,5,10,81,68,13,15.625,5.208333333333334,10.416666666666668,84.375,70.83333333333334,13.541666666666666
E00026197,122,31,8,23,91,78,13,25.40983606557377,6.557377049180328,18.852459016393443,74.59016393442623,63.934426229508205,10.655737704918032
E00026198,201,38,15,23,163,137,26,18.90547263681592,7.462686567164178,11.442786069651742,81.09452736318407,68.1592039800995,12.935323383084576
E00026199,175,45,14,31,130,105,25,25.71428571428571,8,17.71428571428571,74.28571428571429,60,14.285714285714285
E00026200,137,29,7,22,108,91,17,21.16788321167883,5.109489051094891,16.05839416058394,78.83211678832117,66.42335766423358,12.408759124087592
E00026201,173,28,12,16,145,117,28,16.184971098265898,6.9364161849710975,9.248554913294797,83.8150289017341,67.63005780346822,16.184971098265898
E00026202,214,61,17,44,153,128,25,28.504672897196258,7.943925233644859,20.5607476635514,71.49532710280374,59.813084112149525,11.682242990654206
E00026203,140,30,9,21,110,86,24,21.428571428571427,6.428571428571428,15,78.57142857142857,61.42857142857143,17.142857142857142
E00026204,242,64,34,30,178,127,51,26.446280991735538,14.049586776859504,12.396694214876034,73.55371900826447,52.47933884297521,21.074380165289256
E00026205,144,34,10,24,110,99,11,23.61111111111111,6.944444444444445,16.666666666666664,76.38888888888889,68.75,7.638888888888889
E00026206,170,47,19,28,123,106,17,27.647058823529413,11.176470588235295,16.470588235294116,72.35294117647058,62.35294117647059,10
E00026207,171,38,22,16,133,104,29,22.22222222222222,12.865497076023392,9.35672514619883,77.77777777777779,60.81871345029239,16.95906432748538
E00026208,279,57,23,34,222,189,33,20.43010752688172,8.24372759856631,12.186379928315413,79.56989247311827,67.74193548387096,11.827956989247312
E00026209,163,46,21,25,117,99,18,28.22085889570552,12.883435582822086,15.337423312883436,71.77914110429448,60.73619631901841,11.042944785276074
E00026210,138,34,11,23,104,95,9,24.637681159420293,7.971014492753622,16.666666666666664,75.36231884057972,68.84057971014492,6.521739130434782
E00026211,159,34,7,27,125,102,23,21.38364779874214,4.40251572327044,16.9811320754717,78.61635220125787,64.15094339622641,14.465408805031446
E00026212,176,50,21,29,126,106,20,28.40909090909091,11.931818181818182,16.477272727272727,71.5909090909091,60.22727272727273,11.363636363636363
E00026213,154,54,19,35,100,90,10,35.064935064935064,12.337662337662337,22.727272727272727,64.93506493506493,58.44155844155844,6.493506493506493
E00026214,103,24,12,12,79,68,11,23.300970873786408,11.650485436893204,11.650485436893204,76.69902912621359,66.01941747572816,10.679611650485436
E00026215,161,45,11,34,116,102,14,27.95031055900621,6.832298136645963,21.11801242236025,72.04968944099379,63.35403726708074,8.695652173913043
E00026216,199,49,15,34,150,133,17,24.623115577889447,7.537688442211055,17.08542713567839,75.37688442211056,66.83417085427136,8.542713567839195
E00026217,141,40,16,24,101,89,12,28.368794326241137,11.347517730496454,17.02127659574468,71.63120567375887,63.12056737588653,8.51063829787234
E00026218,145,53,16,37,92,79,13,36.55172413793103,11.03448275862069,25.517241379310345,63.44827586206897,54.48275862068965,8.96551724137931
E00026219,179,49,26,23,130,124,6,27.37430167597765,14.52513966480447,12.849162011173185,72.62569832402235,69.27374301675978,3.35195530726257
E00026220,155,42,15,27,113,98,15,27.09677419354839,9.67741935483871,17.419354838709676,72.90322580645162,63.2258064516129,9.67741935483871
E00026221,115,48,16,32,67,62,5,41.73913043478261,13.91304347826087,27.82608695652174,58.26086956521739,53.91304347826087,4.3478260869565215
E00026222,205,53,17,36,152,137,15,25.853658536585368,8.292682926829269,17.560975609756095,74.14634146341463,66.82926829268293,7.317073170731707
E00026223,161,70,19,51,91,86,5,43.47826086956522,11.801242236024844,31.67701863354037,56.52173913043478,53.41614906832298,3.1055900621118013
E00026224,180,56,21,35,124,115,9,31.11111111111111,11.666666666666666,19.444444444444446,68.88888888888889,63.888888888888886,5
E00026225,198,75,22,53,123,116,7,37.878787878787875,11.11111111111111,26.767676767676768,62.121212121212125,58.58585858585859,3.535353535353535
E00026227,89,43,15,28,46,40,6,48.31460674157304,16.853932584269664,31.46067415730337,51.68539325842697,44.9438202247191,6.741573033707865
E00026228,156,48,21,27,108,102,6,30.76923076923077,13.461538461538462,17.307692307692307,69.23076923076923,65.38461538461539,3.8461538461538463
E00026230,188,66,25,41,122,107,15,35.1063829787234,13.297872340425531,21.808510638297875,64.8936170212766,56.91489361702128,7.9787234042553195
E00026231,113,46,18,28,67,62,5,40.707964601769916,15.929203539823009,24.778761061946902,59.29203539823009,54.86725663716814,4.424778761061947
E00026232,124,31,16,15,93,86,7,25,12.903225806451612,12.096774193548388,75,69.35483870967742,5.64516129032258
E00026233,182,66,24,42,116,100,16,36.26373626373626,13.186813186813188,23.076923076923077,63.73626373626373,54.94505494505495,8.791208791208792
E00026234,162,53,20,33,109,96,13,32.71604938271605,12.345679012345679,20.37037037037037,67.28395061728395,59.25925925925925,8.024691358024691
E00026235,198,76,28,48,122,106,16,38.38383838383838,14.14141414141414,24.242424242424242,61.61616161616161,53.535353535353536,8.080808080808081
E00026236,78,25,8,17,53,49,4,32.05128205128205,10.256410256410255,21.794871794871796,67.94871794871796,62.82051282051282,5.128205128205128
E00026237,131,53,20,33,78,73,5,40.458015267175576,15.267175572519085,25.190839694656486,59.541984732824424,55.72519083969466,3.816793893129771
E00026238,193,69,23,46,124,115,9,35.751295336787564,11.917098445595855,23.83419689119171,64.24870466321244,59.58549222797927,4.66321243523316
E00026239,271,99,34,65,172,159,13,36.53136531365313,12.546125461254611,23.985239852398525,63.46863468634686,58.671586715867164,4.797047970479705
E00026241,182,79,25,54,103,91,12,43.40659340659341,13.736263736263737,29.67032967032967,56.59340659340659,50,6.593406593406594
E00026242,136,48,12,36,88,75,13,35.294117647058826,8.823529411764707,26.47058823529412,64.70588235294117,55.14705882352941,9.558823529411764
E00026243,174,58,30,28,116,104,12,33.33333333333333,17.24137931034483,16.091954022988507,66.66666666666666,59.77011494252874,6.896551724137931
E00026244,70,27,11,16,43,42,1,38.57142857142858,15.714285714285714,22.857142857142858,61.42857142857143,60,1.4285714285714286
E00026245,271,86,29,57,185,172,13,31.73431734317343,10.70110701107011,21.033210332103323,68.26568265682657,63.46863468634686,4.797047970479705
E00026246,154,55,19,36,99,90,9,35.714285714285715,12.337662337662337,23.376623376623375,64.28571428571429,58.44155844155844,5.844155844155844
E00026247,134,46,15,31,88,88,0,34.32835820895522,11.194029850746269,23.134328358208954,65.67164179104478,65.67164179104478,0
E00026248,227,91,42,49,136,115,21,40.08810572687225,18.502202643171806,21.58590308370044,59.91189427312775,50.66079295154186,9.251101321585903
E00026250,105,39,11,28,66,66,0,37.142857142857146,10.476190476190476,26.666666666666668,62.857142857142854,62.857142857142854,0
E00026251,162,124,94,30,38,36,2,76.5432098765432,58.0246913580247,18.51851851851852,23.456790123456788,22.22222222222222,1.2345679012345678
E00026252,297,77,34,43,220,190,30,25.925925925925924,11.447811447811448,14.47811447811448,74.07407407407408,63.97306397306397,10.1010101010101
E00026254,95,28,10,18,67,62,5,29.47368421052631,10.526315789473683,18.947368421052634,70.52631578947368,65.26315789473685,5.263157894736842
E00026255,134,51,19,32,83,80,3,38.059701492537314,14.17910447761194,23.88059701492537,61.940298507462686,59.70149253731343,2.2388059701492535
E00026257,124,46,15,31,78,74,4,37.096774193548384,12.096774193548388,25,62.903225806451616,59.67741935483871,3.225806451612903
E00026258,60,24,7,17,36,35,1,40,11.666666666666666,28.333333333333332,60,58.333333333333336,1.6666666666666667
E00026259,87,28,7,21,59,55,4,32.18390804597701,8.045977011494253,24.137931034482758,67.81609195402298,63.2183908045977,4.597701149425287
E00026260,115,43,16,27,72,72,0,37.391304347826086,13.91304347826087,23.47826086956522,62.60869565217392,62.60869565217392,0
E00026261,123,43,10,33,80,71,9,34.959349593495936,8.130081300813007,26.82926829268293,65.04065040650406,57.72357723577236,7.317073170731707
E00026262,97,38,15,23,59,54,5,39.175257731958766,15.463917525773196,23.711340206185564,60.824742268041234,55.670103092783506,5.154639175257731
E00026263,187,63,20,43,124,114,10,33.68983957219251,10.695187165775401,22.994652406417114,66.31016042780749,60.962566844919785,5.347593582887701
E00026264,66,29,7,22,37,34,3,43.93939393939394,10.606060606060606,33.33333333333333,56.060606060606055,51.515151515151516,4.545454545454546
E00026265,100,46,14,32,54,48,6,46,14.000000000000002,32,54,48,6
E00026266,118,47,20,27,71,59,12,39.83050847457627,16.94915254237288,22.88135593220339,60.16949152542372,50,10.16949152542373
E00026267,153,46,17,29,107,99,8,30.065359477124183,11.11111111111111,18.954248366013072,69.93464052287581,64.70588235294117,5.228758169934641
E00026268,133,48,11,37,85,77,8,36.09022556390977,8.270676691729323,27.819548872180448,63.90977443609023,57.89473684210527,6.015037593984962
E00026269,153,61,22,39,92,83,9,39.869281045751634,14.37908496732026,25.49019607843137,60.130718954248366,54.248366013071895,5.88235294117647
E00026270,139,62,27,35,77,72,5,44.60431654676259,19.424460431654676,25.179856115107913,55.39568345323741,51.798561151079134,3.5971223021582732
E00026272,122,44,16,28,78,69,9,36.0655737704918,13.114754098360656,22.950819672131146,63.934426229508205,56.557377049180324,7.377049180327869
E00026273,156,45,14,31,111,102,9,28.846153846153843,8.974358974358974,19.871794871794872,71.15384615384616,65.38461538461539,5.769230769230769
E00026274,173,56,16,40,117,108,9,32.369942196531795,9.248554913294797,23.121387283236995,67.63005780346822,62.42774566473989,5.202312138728324
E00026275,184,50,14,36,134,125,9,27.173913043478258,7.608695652173914,19.565217391304348,72.82608695652173,67.93478260869566,4.891304347826087
E00026277,147,54,10,44,93,85,8,36.734693877551024,6.802721088435375,29.931972789115648,63.26530612244898,57.82312925170068,5.442176870748299
E00026278,97,36,12,24,61,53,8,37.11340206185567,12.371134020618557,24.742268041237114,62.88659793814433,54.63917525773196,8.24742268041237
E00026279,119,40,17,23,79,66,13,33.61344537815126,14.285714285714285,19.327731092436977,66.38655462184873,55.46218487394958,10.92436974789916
E00026280,68,21,10,11,47,40,7,30.88235294117647,14.705882352941178,16.176470588235293,69.11764705882352,58.82352941176471,10.294117647058822
E00026281,108,31,13,18,77,72,5,28.703703703703702,12.037037037037036,16.666666666666664,71.29629629629629,66.66666666666666,4.62962962962963
E00026282,139,62,17,45,77,67,10,44.60431654676259,12.23021582733813,32.37410071942446,55.39568345323741,48.201438848920866,7.1942446043165464
E00026283,134,48,7,41,86,69,17,35.82089552238806,5.223880597014925,30.597014925373134,64.17910447761194,51.49253731343284,12.686567164179104
E00026284,130,60,15,45,70,64,6,46.15384615384615,11.538461538461538,34.61538461538461,53.84615384615385,49.23076923076923,4.615384615384616
E00026285,113,37,10,27,76,72,4,32.743362831858406,8.849557522123893,23.893805309734514,67.2566371681416,63.716814159292035,3.5398230088495577
E00026286,76,21,4,17,55,48,7,27.631578947368425,5.263157894736842,22.36842105263158,72.36842105263158,63.1578947368421,9.210526315789473
E00026287,112,45,15,30,67,64,3,40.17857142857143,13.392857142857142,26.785714285714285,59.82142857142857,57.14285714285714,2.6785714285714284
E00026288,197,53,16,37,144,128,16,26.903553299492383,8.121827411167512,18.781725888324875,73.09644670050761,64.9746192893401,8.121827411167512
E00026289,88,26,7,19,62,56,6,29.545454545454547,7.954545454545454,21.59090909090909,70.45454545454545,63.63636363636363,6.8181818181818175
E00026290,139,52,13,39,87,79,8,37.410071942446045,9.352517985611511,28.05755395683453,62.589928057553955,56.83453237410072,5.755395683453238
E00026291,116,53,7,46,63,55,8,45.689655172413794,6.0344827586206895,39.6551724137931,54.310344827586206,47.41379310344828,6.896551724137931
E00026292,148,45,13,32,103,91,12,30.405405405405407,8.783783783783784,21.62162162162162,69.5945945945946,61.48648648648649,8.108108108108109
E00026293,127,28,9,19,99,84,15,22.04724409448819,7.086614173228346,14.960629921259844,77.95275590551181,66.14173228346458,11.811023622047244
E00026294,132,44,15,29,88,79,9,33.33333333333333,11.363636363636363,21.96969696969697,66.66666666666666,59.84848484848485,6.8181818181818175
E00026295,145,45,16,29,100,95,5,31.03448275862069,11.03448275862069,20,68.96551724137932,65.51724137931035,3.4482758620689653
E00026296,115,37,14,23,78,67,11,32.17391304347826,12.173913043478262,20,67.82608695652173,58.26086956521739,9.565217391304348
E00026297,128,45,16,29,83,72,11,35.15625,12.5,22.65625,64.84375,56.25,8.59375
E00026298,178,42,12,30,136,125,11,23.595505617977526,6.741573033707865,16.853932584269664,76.40449438202246,70.2247191011236,6.179775280898876
E00026299,139,43,14,29,96,91,5,30.935251798561154,10.071942446043165,20.863309352517987,69.06474820143885,65.46762589928058,3.5971223021582732
E00026300,120,45,15,30,75,70,5,37.5,12.5,25,62.5,58.333333333333336,4.166666666666666
E00026301,142,67,16,51,75,66,9,47.183098591549296,11.267605633802818,35.91549295774648,52.816901408450704,46.478873239436616,6.338028169014084
E00026302,129,64,21,43,65,59,6,49.6124031007752,16.27906976744186,33.33333333333333,50.3875968992248,45.73643410852713,4.651162790697675
E00026304,97,41,8,33,56,51,5,42.2680412371134,8.24742268041237,34.02061855670103,57.73195876288659,52.57731958762887,5.154639175257731
E00026305,149,58,15,43,91,76,15,38.92617449664429,10.06711409395973,28.859060402684566,61.07382550335571,51.006711409395976,10.06711409395973
E00026306,158,60,16,44,98,86,12,37.9746835443038,10.126582278481013,27.848101265822784,62.0253164556962,54.43037974683544,7.59493670886076
E00026307,195,86,33,53,109,99,10,44.1025641025641,16.923076923076923,27.17948717948718,55.8974358974359,50.76923076923077,5.128205128205128
E00026308,143,71,16,55,72,62,10,49.65034965034965,11.188811188811188,38.46153846153847,50.349650349650354,43.35664335664335,6.993006993006993
E00026309,113,41,9,32,72,67,5,36.283185840707965,7.964601769911504,28.31858407079646,63.716814159292035,59.29203539823009,4.424778761061947
E00026310,187,91,31,60,96,91,5,48.663101604278076,16.577540106951872,32.085561497326204,51.33689839572193,48.663101604278076,2.6737967914438503
E00026312,185,92,27,65,93,88,5,49.72972972972973,14.594594594594595,35.13513513513514,50.27027027027027,47.56756756756757,2.7027027027027026
E00026313,169,63,20,43,106,101,5,37.278106508875744,11.834319526627219,25.443786982248522,62.721893491124256,59.76331360946746,2.9585798816568047
E00026314,210,90,30,60,120,112,8,42.857142857142854,14.285714285714285,28.57142857142857,57.14285714285714,53.333333333333336,3.8095238095238098
E00026315,237,107,31,76,130,116,14,45.14767932489451,13.080168776371309,32.06751054852321,54.85232067510548,48.9451476793249,5.9071729957805905
E00026316,195,86,23,63,109,103,6,44.1025641025641,11.794871794871794,32.30769230769231,55.8974358974359,52.820512820512825,3.076923076923077
E00026317,116,35,7,28,81,71,10,30.17241379310345,6.0344827586206895,24.137931034482758,69.82758620689656,61.206896551724135,8.620689655172415
E00026318,72,21,12,9,51,47,4,29.166666666666668,16.666666666666664,12.5,70.83333333333334,65.27777777777779,5.555555555555555
E00026319,143,37,15,22,106,99,7,25.874125874125873,10.48951048951049,15.384615384615385,74.12587412587412,69.23076923076923,4.895104895104895
E00026320,177,51,14,37,126,113,13,28.8135593220339,7.909604519774012,20.903954802259886,71.1864406779661,63.84180790960452,7.344632768361582
E00026321,97,47,14,33,50,46,4,48.45360824742268,14.432989690721648,34.02061855670103,51.546391752577314,47.42268041237113,4.123711340206185
E00026322,102,47,16,31,55,50,5,46.07843137254902,15.686274509803921,30.392156862745097,53.92156862745098,49.01960784313725,4.901960784313726
E00026323,157,70,27,43,87,81,6,44.5859872611465,17.197452229299362,27.388535031847134,55.4140127388535,51.59235668789809,3.821656050955414
E00026324,148,56,20,36,92,89,3,37.83783783783784,13.513513513513514,24.324324324324326,62.16216216216216,60.13513513513513,2.027027027027027
E00026325,147,66,17,49,81,66,15,44.89795918367347,11.564625850340136,33.33333333333333,55.10204081632652,44.89795918367347,10.204081632653061
E00026326,145,55,13,42,90,80,10,37.93103448275862,8.96551724137931,28.965517241379313,62.06896551724138,55.172413793103445,6.896551724137931
E00026327,85,32,7,25,53,48,5,37.64705882352941,8.235294117647058,29.411764705882355,62.35294117647059,56.470588235294116,5.88235294117647
E00026328,128,58,14,44,70,61,9,45.3125,10.9375,34.375,54.6875,47.65625,7.03125
E00026329,168,77,21,56,91,83,8,45.83333333333333,12.5,33.33333333333333,54.166666666666664,49.404761904761905,4.761904761904762
E00026330,127,59,17,42,68,62,6,46.45669291338583,13.385826771653544,33.07086614173229,53.54330708661418,48.818897637795274,4.724409448818897
E00026331,110,51,17,34,59,52,7,46.36363636363636,15.454545454545453,30.909090909090907,53.63636363636364,47.27272727272727,6.363636363636363
E00026332,116,47,15,32,69,64,5,40.51724137931034,12.931034482758621,27.586206896551722,59.48275862068966,55.172413793103445,4.310344827586207
E00026333,142,62,15,47,80,75,5,43.66197183098591,10.56338028169014,33.098591549295776,56.33802816901409,52.816901408450704,3.5211267605633805
E00026335,187,52,14,38,135,123,12,27.807486631016044,7.4866310160427805,20.32085561497326,72.19251336898395,65.77540106951871,6.417112299465241
E00026336,80,31,9,22,49,45,4,38.75,11.25,27.500000000000004,61.25000000000001,56.25,5
E00026337,173,77,24,53,96,90,6,44.50867052023121,13.872832369942195,30.63583815028902,55.49132947976878,52.02312138728323,3.4682080924855487
E00026338,183,94,23,71,89,83,6,51.36612021857923,12.568306010928962,38.79781420765027,48.63387978142077,45.3551912568306,3.278688524590164
E00026343,148,45,10,35,103,95,8,30.405405405405407,6.756756756756757,23.64864864864865,69.5945945945946,64.1891891891892,5.405405405405405
E00026344,135,43,8,35,92,85,7,31.851851851851855,5.9259259259259265,25.925925925925924,68.14814814814815,62.96296296296296,5.185185185185185
E00026345,77,35,9,26,42,39,3,45.45454545454545,11.688311688311687,33.76623376623377,54.54545454545454,50.649350649350644,3.896103896103896
E00026346,115,53,21,32,62,58,4,46.08695652173913,18.26086956521739,27.82608695652174,53.91304347826087,50.43478260869565,3.4782608695652173
E00026348,142,62,16,46,80,71,9,43.66197183098591,11.267605633802818,32.3943661971831,56.33802816901409,50,6.338028169014084
E00026349,126,47,8,39,79,71,8,37.301587301587304,6.349206349206349,30.952380952380953,62.698412698412696,56.34920634920635,6.349206349206349
E00026350,144,45,20,25,99,88,11,31.25,13.88888888888889,17.36111111111111,68.75,61.111111111111114,7.638888888888889
E00026351,89,27,5,22,62,57,5,30.337078651685395,5.617977528089887,24.719101123595504,69.66292134831461,64.04494382022472,5.617977528089887
E00026352,135,44,9,35,91,84,7,32.592592592592595,6.666666666666667,25.925925925925924,67.4074074074074,62.22222222222222,5.185185185185185
E00026353,149,47,5,42,102,87,15,31.543624161073826,3.3557046979865772,28.187919463087248,68.45637583892618,58.38926174496645,10.06711409395973
E00026354,122,46,13,33,76,68,8,37.704918032786885,10.655737704918032,27.049180327868854,62.295081967213115,55.73770491803278,6.557377049180328
E00026355,199,48,15,33,151,133,18,24.120603015075375,7.537688442211055,16.582914572864322,75.87939698492463,66.83417085427136,9.045226130653267
E00026356,58,25,7,18,33,29,4,43.103448275862064,12.068965517241379,31.03448275862069,56.896551724137936,50,6.896551724137931
E00026357,103,48,12,36,55,55,0,46.601941747572816,11.650485436893204,34.95145631067961,53.398058252427184,53.398058252427184,0
E00026358,135,51,19,32,84,82,2,37.77777777777778,14.074074074074074,23.703703703703706,62.22222222222222,60.74074074074074,1.4814814814814816
E00026359,145,55,11,44,90,85,5,37.93103448275862,7.586206896551724,30.344827586206897,62.06896551724138,58.620689655172406,3.4482758620689653
E00026360,62,26,6,20,36,32,4,41.935483870967744,9.67741935483871,32.25806451612903,58.06451612903226,51.61290322580645,6.451612903225806
E00026361,126,42,15,27,84,75,9,33.33333333333333,11.904761904761903,21.428571428571427,66.66666666666666,59.523809523809526,7.142857142857142
E00026362,127,57,12,45,70,58,12,44.881889763779526,9.448818897637794,35.43307086614173,55.118110236220474,45.66929133858268,9.448818897637794
E00026363,96,37,12,25,59,52,7,38.54166666666667,12.5,26.041666666666668,61.458333333333336,54.166666666666664,7.291666666666667
E00026364,67,33,7,26,34,33,1,49.25373134328358,10.44776119402985,38.80597014925373,50.74626865671642,49.25373134328358,1.4925373134328357
E00026365,115,38,12,26,77,74,3,33.04347826086956,10.434782608695652,22.608695652173914,66.95652173913044,64.34782608695652,2.608695652173913
E00026366,134,44,12,32,90,82,8,32.83582089552239,8.955223880597014,23.88059701492537,67.16417910447761,61.19402985074627,5.970149253731343
E00026367,71,28,8,20,43,37,6,39.436619718309856,11.267605633802818,28.169014084507044,60.56338028169014,52.112676056338024,8.450704225352112
E00026369,135,41,6,35,94,80,14,30.37037037037037,4.444444444444445,25.925925925925924,69.62962962962963,59.25925925925925,10.37037037037037
E00026371,159,57,15,42,102,91,11,35.84905660377358,9.433962264150944,26.41509433962264,64.15094339622641,57.23270440251572,6.918238993710692
E00026372,135,54,23,31,81,71,10,40,17.037037037037038,22.962962962962962,60,52.59259259259259,7.4074074074074066
E00026373,120,40,19,21,80,73,7,33.33333333333333,15.833333333333332,17.5,66.66666666666666,60.83333333333333,5.833333333333333
E00026374,119,44,15,29,75,68,7,36.97478991596639,12.605042016806722,24.369747899159663,63.02521008403361,57.14285714285714,5.88235294117647
E00026375,189,57,16,41,132,116,16,30.158730158730158,8.465608465608465,21.693121693121693,69.84126984126983,61.37566137566137,8.465608465608465
E00026376,122,37,11,26,85,79,6,30.327868852459016,9.01639344262295,21.311475409836063,69.67213114754098,64.75409836065575,4.918032786885246
E00026379,193,74,25,49,119,111,8,38.34196891191709,12.953367875647666,25.38860103626943,61.6580310880829,57.51295336787565,4.145077720207254
E00026381,94,38,14,24,56,52,4,40.42553191489361,14.893617021276595,25.53191489361702,59.57446808510638,55.319148936170215,4.25531914893617
E00026383,179,61,20,41,118,110,8,34.07821229050279,11.1731843575419,22.905027932960895,65.92178770949721,61.452513966480446,4.4692737430167595
E00026387,97,47,15,32,50,45,5,48.45360824742268,15.463917525773196,32.98969072164948,51.546391752577314,46.391752577319586,5.154639175257731
E00026392,114,47,16,31,67,60,7,41.228070175438596,14.035087719298245,27.192982456140353,58.77192982456141,52.63157894736842,6.140350877192982
E00026393,97,29,16,13,68,61,7,29.896907216494846,16.49484536082474,13.402061855670103,70.10309278350515,62.88659793814433,7.216494845360824
E00026395,112,51,21,30,61,58,3,45.535714285714285,18.75,26.785714285714285,54.46428571428571,51.78571428571429,2.6785714285714284
E00026396,66,12,0,12,54,51,3,18.181818181818183,0,18.181818181818183,81.81818181818183,77.27272727272727,4.545454545454546
E00026397,123,46,14,32,77,73,4,37.39837398373984,11.38211382113821,26.01626016260163,62.601626016260155,59.34959349593496,3.2520325203252036
E00026398,104,45,10,35,59,55,4,43.269230769230774,9.615384615384617,33.65384615384615,56.730769230769226,52.88461538461539,3.8461538461538463
E00026400,143,29,10,19,114,106,8,20.27972027972028,6.993006993006993,13.286713286713287,79.72027972027972,74.12587412587412,5.594405594405594
E00026402,112,41,13,28,71,65,6,36.607142857142854,11.607142857142858,25,63.39285714285714,58.03571428571429,5.357142857142857
E00026403,113,45,12,33,68,63,5,39.823008849557525,10.619469026548673,29.20353982300885,60.17699115044248,55.75221238938053,4.424778761061947
E00026405,85,43,14,29,42,42,0,50.588235294117645,16.470588235294116,34.11764705882353,49.411764705882355,49.411764705882355,0
E00026406,125,35,16,19,90,81,9,28.000000000000004,12.8,15.2,72,64.8,7.199999999999999
E00026407,81,29,4,25,52,48,4,35.80246913580247,4.938271604938271,30.864197530864196,64.19753086419753,59.25925925925925,4.938271604938271
E00026408,102,25,12,13,77,73,4,24.509803921568626,11.76470588235294,12.745098039215685,75.49019607843137,71.56862745098039,3.9215686274509802
E00026409,227,51,18,33,176,148,28,22.46696035242291,7.929515418502203,14.537444933920703,77.5330396475771,65.19823788546255,12.334801762114537
E00026410,202,74,19,55,128,113,15,36.633663366336634,9.405940594059405,27.22772277227723,63.366336633663366,55.940594059405946,7.425742574257425
E00026411,195,64,15,49,131,123,8,32.82051282051282,7.6923076923076925,25.128205128205128,67.17948717948717,63.07692307692307,4.102564102564102
E00026412,148,75,33,42,73,66,7,50.67567567567568,22.2972972972973,28.37837837837838,49.32432432432432,44.5945945945946,4.72972972972973
E00026413,271,103,28,75,168,153,15,38.00738007380074,10.33210332103321,27.67527675276753,61.99261992619927,56.457564575645755,5.535055350553505
E00026414,108,41,13,28,67,56,11,37.96296296296296,12.037037037037036,25.925925925925924,62.03703703703704,51.85185185185185,10.185185185185185
E00026415,217,95,33,62,122,109,13,43.77880184331797,15.207373271889402,28.57142857142857,56.22119815668203,50.23041474654379,5.990783410138248
E00026416,202,61,21,40,141,128,13,30.198019801980198,10.396039603960396,19.801980198019802,69.80198019801979,63.366336633663366,6.435643564356436
E00026417,172,77,33,44,95,88,7,44.76744186046512,19.186046511627907,25.581395348837212,55.23255813953488,51.162790697674424,4.069767441860465
E00026418,134,52,12,40,82,76,6,38.80597014925373,8.955223880597014,29.850746268656714,61.19402985074627,56.71641791044776,4.477611940298507
E00026419,163,55,14,41,108,104,4,33.74233128834356,8.588957055214724,25.153374233128833,66.25766871165644,63.80368098159509,2.4539877300613497
E00026420,132,64,16,48,68,62,6,48.484848484848484,12.121212121212121,36.36363636363637,51.515151515151516,46.96969696969697,4.545454545454546
E00026421,104,31,17,14,73,67,6,29.807692307692307,16.346153846153847,13.461538461538462,70.1923076923077,64.42307692307693,5.769230769230769
E00026422,122,37,15,22,85,74,11,30.327868852459016,12.295081967213115,18.0327868852459,69.67213114754098,60.65573770491803,9.01639344262295
E00026423,180,51,14,37,129,112,17,28.333333333333332,7.777777777777778,20.555555555555554,71.66666666666667,62.22222222222222,9.444444444444445
E00026424,144,41,9,32,103,91,12,28.47222222222222,6.25,22.22222222222222,71.52777777777779,63.19444444444444,8.333333333333332
E00026425,104,33,9,24,71,56,15,31.73076923076923,8.653846153846153,23.076923076923077,68.26923076923077,53.84615384615385,14.423076923076922
E00026426,211,66,21,45,145,124,21,31.27962085308057,9.95260663507109,21.32701421800948,68.72037914691943,58.767772511848335,9.95260663507109
E00026427,159,67,30,37,92,83,9,42.138364779874216,18.867924528301888,23.270440251572328,57.861635220125784,52.20125786163522,5.660377358490567
E00026428,188,62,21,41,126,117,9,32.97872340425532,11.170212765957446,21.808510638297875,67.02127659574468,62.23404255319149,4.787234042553192
E00026429,143,40,14,26,103,94,9,27.972027972027973,9.79020979020979,18.181818181818183,72.02797202797203,65.73426573426573,6.293706293706294
E00026430,167,50,18,32,117,109,8,29.94011976047904,10.778443113772456,19.16167664670659,70.05988023952095,65.26946107784431,4.790419161676647
E00026431,174,57,24,33,117,104,13,32.758620689655174,13.793103448275861,18.96551724137931,67.24137931034483,59.77011494252874,7.471264367816093
E00026432,151,54,20,34,97,81,16,35.76158940397351,13.245033112582782,22.516556291390728,64.23841059602648,53.64238410596026,10.596026490066226
E00026433,120,60,13,47,60,53,7,50,10.833333333333334,39.166666666666664,50,44.166666666666664,5.833333333333333
E00026434,176,72,25,47,104,93,11,40.909090909090914,14.204545454545455,26.704545454545453,59.09090909090909,52.84090909090909,6.25
E00026435,164,63,23,40,101,86,15,38.41463414634146,14.02439024390244,24.390243902439025,61.58536585365854,52.4390243902439,9.146341463414634
E00026436,184,61,18,43,123,106,17,33.15217391304348,9.782608695652174,23.369565217391305,66.84782608695652,57.608695652173914,9.239130434782608
E00026437,223,84,21,63,139,127,12,37.66816143497758,9.417040358744394,28.251121076233183,62.33183856502242,56.95067264573991,5.381165919282512
E00026438,147,37,11,26,110,102,8,25.170068027210885,7.482993197278912,17.687074829931973,74.82993197278913,69.38775510204081,5.442176870748299
E00026439,140,34,15,19,106,95,11,24.285714285714285,10.714285714285714,13.571428571428571,75.71428571428571,67.85714285714286,7.857142857142857
E00026440,168,68,19,49,100,89,11,40.476190476190474,11.30952380952381,29.166666666666668,59.523809523809526,52.976190476190474,6.547619047619048
E00026441,154,54,18,36,100,94,6,35.064935064935064,11.688311688311687,23.376623376623375,64.93506493506493,61.038961038961034,3.896103896103896
E00026442,181,66,16,50,115,107,8,36.46408839779006,8.83977900552486,27.624309392265197,63.53591160220995,59.11602209944752,4.41988950276243
E00026443,164,48,13,35,116,106,10,29.268292682926827,7.926829268292683,21.341463414634145,70.73170731707317,64.63414634146342,6.097560975609756
E00026444,173,65,12,53,108,98,10,37.57225433526011,6.9364161849710975,30.63583815028902,62.42774566473989,56.64739884393064,5.780346820809249
E00026445,184,73,30,43,111,102,9,39.67391304347826,16.304347826086957,23.369565217391305,60.32608695652174,55.434782608695656,4.891304347826087
E00026446,212,70,24,46,142,129,13,33.0188679245283,11.320754716981133,21.69811320754717,66.98113207547169,60.84905660377359,6.132075471698113
E00026447,174,50,18,32,124,115,9,28.735632183908045,10.344827586206897,18.39080459770115,71.26436781609196,66.0919540229885,5.172413793103448
E00026448,206,91,29,62,115,100,15,44.1747572815534,14.077669902912621,30.097087378640776,55.8252427184466,48.54368932038835,7.281553398058252
E00026449,228,73,19,54,155,139,16,32.01754385964912,8.333333333333332,23.684210526315788,67.98245614035088,60.96491228070175,7.017543859649122
E00026450,114,44,22,22,70,65,5,38.59649122807017,19.298245614035086,19.298245614035086,61.40350877192983,57.01754385964912,4.385964912280701
E00026451,149,48,14,34,101,92,9,32.21476510067114,9.395973154362416,22.818791946308725,67.78523489932886,61.74496644295302,6.0402684563758395
E00026452,168,61,18,43,107,103,4,36.30952380952381,10.714285714285714,25.595238095238095,63.69047619047619,61.30952380952381,2.380952380952381
E00026453,161,71,18,53,90,83,7,44.099378881987576,11.180124223602485,32.91925465838509,55.90062111801242,51.5527950310559,4.3478260869565215
E00026454,206,59,16,43,147,135,12,28.640776699029125,7.766990291262135,20.87378640776699,71.35922330097088,65.53398058252428,5.825242718446602
E00026455,126,55,17,38,71,62,9,43.65079365079365,13.492063492063492,30.158730158730158,56.34920634920635,49.2063492063492,7.142857142857142
E00026457,138,56,16,40,82,73,9,40.57971014492754,11.594202898550725,28.985507246376812,59.42028985507246,52.89855072463768,6.521739130434782
E00026458,135,46,14,32,89,80,9,34.074074074074076,10.37037037037037,23.703703703703706,65.92592592592592,59.25925925925925,6.666666666666667
E00026459,128,38,7,31,90,79,11,29.6875,5.46875,24.21875,70.3125,61.71875,8.59375
E00026460,80,23,5,18,57,50,7,28.749999999999996,6.25,22.5,71.25,62.5,8.75
E00026461,202,75,24,51,127,117,10,37.12871287128713,11.881188118811881,25.247524752475247,62.87128712871287,57.920792079207914,4.9504950495049505
E00026462,85,38,14,24,47,42,5,44.70588235294118,16.470588235294116,28.235294117647058,55.294117647058826,49.411764705882355,5.88235294117647
E00026463,191,67,15,52,124,109,15,35.07853403141361,7.853403141361256,27.225130890052355,64.92146596858639,57.06806282722513,7.853403141361256
E00026464,160,42,15,27,118,113,5,26.25,9.375,16.875,73.75,70.625,3.125
E00026465,152,76,24,52,76,69,7,50,15.789473684210526,34.21052631578947,50,45.39473684210527,4.605263157894736
E00026466,167,65,21,44,102,91,11,38.92215568862276,12.574850299401197,26.34730538922156,61.07784431137725,54.49101796407185,6.58682634730539
E00026467,78,41,11,30,37,32,5,52.56410256410257,14.102564102564102,38.46153846153847,47.43589743589743,41.02564102564102,6.41025641025641
E00026468,134,33,12,21,101,87,14,24.62686567164179,8.955223880597014,15.671641791044777,75.3731343283582,64.92537313432835,10.44776119402985
E00026469,106,31,13,18,75,70,5,29.245283018867923,12.264150943396226,16.9811320754717,70.75471698113208,66.0377358490566,4.716981132075472
E00026470,154,51,15,36,103,95,8,33.116883116883116,9.740259740259742,23.376623376623375,66.88311688311688,61.68831168831169,5.194805194805195
E00026471,132,44,18,26,88,85,3,33.33333333333333,13.636363636363635,19.696969696969695,66.66666666666666,64.39393939393939,2.272727272727273
E00026472,150,67,25,42,83,76,7,44.666666666666664,16.666666666666664,28.000000000000004,55.333333333333336,50.66666666666667,4.666666666666667
E00026473,163,51,15,36,112,103,9,31.28834355828221,9.202453987730062,22.085889570552148,68.71165644171779,63.190184049079754,5.521472392638037
E00026474,117,45,15,30,72,67,5,38.46153846153847,12.82051282051282,25.64102564102564,61.53846153846154,57.26495726495726,4.273504273504273
E00026475,176,64,16,48,112,104,8,36.36363636363637,9.090909090909092,27.27272727272727,63.63636363636363,59.09090909090909,4.545454545454546
E00026476,168,65,21,44,103,92,11,38.69047619047619,12.5,26.190476190476193,61.30952380952381,54.761904761904766,6.547619047619048
E00026477,153,69,11,58,84,69,15,45.09803921568628,7.18954248366013,37.908496732026144,54.90196078431373,45.09803921568628,9.803921568627452
E00026478,97,47,16,31,50,42,8,48.45360824742268,16.49484536082474,31.958762886597935,51.546391752577314,43.29896907216495,8.24742268041237
E00026479,68,32,9,23,36,32,4,47.05882352941176,13.23529411764706,33.82352941176471,52.94117647058824,47.05882352941176,5.88235294117647
E00026480,145,50,13,37,95,82,13,34.48275862068966,8.96551724137931,25.517241379310345,65.51724137931035,56.55172413793104,8.96551724137931
E00026481,153,50,13,37,103,92,11,32.6797385620915,8.49673202614379,24.183006535947712,67.3202614379085,60.130718954248366,7.18954248366013
E00026482,191,45,20,25,146,140,6,23.56020942408377,10.471204188481675,13.089005235602095,76.43979057591623,73.29842931937172,3.1413612565445024
E00026483,134,37,6,31,97,90,7,27.611940298507463,4.477611940298507,23.134328358208954,72.38805970149254,67.16417910447761,5.223880597014925
E00026484,126,38,9,29,88,71,17,30.158730158730158,7.142857142857142,23.015873015873016,69.84126984126983,56.34920634920635,13.492063492063492
E00026485,156,43,16,27,113,102,11,27.564102564102566,10.256410256410255,17.307692307692307,72.43589743589743,65.38461538461539,7.051282051282051
E00026487,115,32,11,21,83,76,7,27.82608695652174,9.565217391304348,18.26086956521739,72.17391304347827,66.08695652173913,6.086956521739131
E00026488,124,52,11,41,72,60,12,41.935483870967744,8.870967741935484,33.064516129032256,58.06451612903226,48.38709677419355,9.67741935483871
E00026489,142,57,13,44,85,76,9,40.140845070422536,9.15492957746479,30.985915492957744,59.859154929577464,53.52112676056338,6.338028169014084
E00026490,93,46,14,32,47,43,4,49.46236559139785,15.053763440860216,34.40860215053764,50.53763440860215,46.236559139784944,4.301075268817205
E00026491,147,52,12,40,95,88,7,35.374149659863946,8.16326530612245,27.2108843537415,64.62585034013605,59.863945578231295,4.761904761904762
E00026492,106,52,11,41,54,45,9,49.056603773584904,10.377358490566039,38.67924528301887,50.943396226415096,42.45283018867924,8.49056603773585
E00026493,194,83,42,41,111,100,11,42.78350515463917,21.649484536082475,21.1340206185567,57.21649484536082,51.546391752577314,5.670103092783505
E00026495,134,74,21,53,60,60,0,55.223880597014926,15.671641791044777,39.55223880597015,44.776119402985074,44.776119402985074,0
E00026496,203,96,32,64,107,102,5,47.29064039408867,15.763546798029557,31.527093596059114,52.70935960591133,50.24630541871922,2.4630541871921183
E00026497,82,33,12,21,49,42,7,40.243902439024396,14.634146341463413,25.609756097560975,59.756097560975604,51.21951219512195,8.536585365853659
E00026498,150,69,20,49,81,73,8,46,13.333333333333334,32.666666666666664,54,48.66666666666667,5.333333333333334
E00026501,124,76,26,50,48,42,6,61.29032258064516,20.967741935483872,40.32258064516129,38.70967741935484,33.87096774193548,4.838709677419355
E00026502,161,77,25,52,84,74,10,47.82608695652174,15.527950310559005,32.298136645962735,52.17391304347826,45.962732919254655,6.211180124223603
E00026503,139,77,18,59,62,55,7,55.39568345323741,12.949640287769784,42.44604316546763,44.60431654676259,39.568345323741006,5.0359712230215825
E00026504,172,65,17,48,107,100,7,37.7906976744186,9.883720930232558,27.906976744186046,62.2093023255814,58.139534883720934,4.069767441860465
E00026505,109,51,22,29,58,50,8,46.788990825688074,20.18348623853211,26.605504587155966,53.21100917431193,45.87155963302752,7.339449541284404
E00026506,180,89,19,70,91,88,3,49.44444444444444,10.555555555555555,38.88888888888889,50.55555555555556,48.888888888888886,1.6666666666666667
E00026507,170,69,25,44,101,91,10,40.588235294117645,14.705882352941178,25.882352941176475,59.411764705882355,53.529411764705884,5.88235294117647
E00026508,138,68,19,49,70,62,8,49.275362318840585,13.768115942028986,35.507246376811594,50.72463768115942,44.927536231884055,5.797101449275362
E00026510,130,61,31,30,69,61,8,46.92307692307692,23.846153846153847,23.076923076923077,53.07692307692308,46.92307692307692,6.153846153846154
E00026511,137,79,20,59,58,54,4,57.66423357664233,14.5985401459854,43.06569343065693,42.33576642335766,39.416058394160586,2.9197080291970803
E00026512,143,76,22,54,67,60,7,53.14685314685315,15.384615384615385,37.76223776223776,46.85314685314685,41.95804195804196,4.895104895104895
E00026514,174,88,33,55,86,81,5,50.57471264367817,18.96551724137931,31.60919540229885,49.42528735632184,46.55172413793103,2.8735632183908044
E00026515,154,71,24,47,83,76,7,46.103896103896105,15.584415584415584,30.519480519480517,53.896103896103895,49.35064935064935,4.545454545454546
E00026516,156,95,22,73,61,57,4,60.89743589743589,14.102564102564102,46.794871794871796,39.1025641025641,36.53846153846153,2.564102564102564
E00026519,186,103,26,77,83,75,8,55.376344086021504,13.978494623655912,41.39784946236559,44.623655913978496,40.32258064516129,4.301075268817205
E00026521,162,94,19,75,68,60,8,58.0246913580247,11.728395061728394,46.2962962962963,41.9753086419753,37.03703703703704,4.938271604938271
E00026522,165,77,23,54,88,77,11,46.666666666666664,13.939393939393941,32.72727272727273,53.333333333333336,46.666666666666664,6.666666666666667
E00026523,159,93,29,64,66,60,6,58.490566037735846,18.238993710691823,40.25157232704403,41.509433962264154,37.735849056603776,3.7735849056603774
E00026524,120,62,17,45,58,54,4,51.66666666666667,14.166666666666666,37.5,48.333333333333336,45,3.3333333333333335
E00026525,127,64,13,51,63,63,0,50.39370078740157,10.236220472440944,40.15748031496063,49.60629921259843,49.60629921259843,0
E00026526,134,42,6,36,92,81,11,31.343283582089555,4.477611940298507,26.865671641791046,68.65671641791045,60.447761194029844,8.208955223880597
E00026527,99,49,12,37,50,48,2,49.494949494949495,12.121212121212121,37.37373737373738,50.505050505050505,48.484848484848484,2.0202020202020203
E00026528,122,48,12,36,74,69,5,39.34426229508197,9.836065573770492,29.508196721311474,60.65573770491803,56.557377049180324,4.098360655737705
E00026529,62,20,9,11,42,42,0,32.25806451612903,14.516129032258066,17.741935483870968,67.74193548387096,67.74193548387096,0
E00026530,108,59,35,24,49,48,1,54.629629629629626,32.407407407407405,22.22222222222222,45.370370370370374,44.44444444444444,0.9259259259259258
E00026531,148,65,15,50,83,77,6,43.91891891891892,10.135135135135135,33.78378378378378,56.08108108108109,52.02702702702703,4.054054054054054
E00026532,138,46,14,32,92,77,15,33.33333333333333,10.144927536231885,23.18840579710145,66.66666666666666,55.79710144927537,10.869565217391305
E00026533,193,61,40,21,132,123,9,31.606217616580313,20.72538860103627,10.880829015544041,68.39378238341969,63.730569948186535,4.66321243523316
E00026534,187,65,35,30,122,118,4,34.75935828877005,18.71657754010695,16.042780748663102,65.24064171122996,63.101604278074866,2.13903743315508
E00026537,179,49,21,28,130,117,13,27.37430167597765,11.731843575418994,15.64245810055866,72.62569832402235,65.36312849162012,7.262569832402235
E00026539,244,73,22,51,171,157,14,29.918032786885245,9.01639344262295,20.901639344262296,70.08196721311475,64.34426229508196,5.737704918032787
E00026540,149,61,18,43,88,78,10,40.939597315436245,12.080536912751679,28.859060402684566,59.06040268456376,52.348993288590606,6.7114093959731544
E00026542,148,74,22,52,74,66,8,50,14.864864864864865,35.13513513513514,50,44.5945945945946,5.405405405405405
E00026543,117,62,10,52,55,51,4,52.991452991452995,8.547008547008547,44.44444444444444,47.008547008547005,43.58974358974359,3.418803418803419
E00026544,134,76,18,58,58,52,6,56.71641791044776,13.432835820895523,43.28358208955223,43.28358208955223,38.80597014925373,4.477611940298507
E00026545,131,77,21,56,54,49,5,58.778625954198475,16.030534351145036,42.74809160305343,41.221374045801525,37.404580152671755,3.816793893129771
E00026547,152,76,27,49,76,63,13,50,17.763157894736842,32.23684210526316,50,41.44736842105263,8.552631578947368
E00026548,157,72,24,48,85,74,11,45.85987261146497,15.286624203821656,30.573248407643312,54.14012738853503,47.13375796178344,7.006369426751593
E00026550,197,95,29,66,102,92,10,48.223350253807105,14.720812182741117,33.50253807106599,51.776649746192895,46.7005076142132,5.0761421319796955
E00026552,101,49,15,34,52,46,6,48.51485148514851,14.85148514851485,33.663366336633665,51.48514851485149,45.54455445544555,5.9405940594059405
E00026553,178,67,26,41,111,100,11,37.640449438202246,14.606741573033707,23.03370786516854,62.35955056179775,56.17977528089888,6.179775280898876
E00026554,172,61,18,43,111,104,7,35.46511627906977,10.465116279069768,25,64.53488372093024,60.46511627906976,4.069767441860465
E00026555,154,48,19,29,106,99,7,31.16883116883117,12.337662337662337,18.83116883116883,68.83116883116884,64.28571428571429,4.545454545454546
E00026556,180,59,28,31,121,111,10,32.77777777777778,15.555555555555555,17.22222222222222,67.22222222222223,61.66666666666667,5.555555555555555
E00026557,144,53,23,30,91,80,11,36.80555555555556,15.972222222222221,20.833333333333336,63.19444444444444,55.55555555555556,7.638888888888889
E00026558,194,74,35,39,120,110,10,38.144329896907216,18.04123711340206,20.103092783505154,61.855670103092784,56.70103092783505,5.154639175257731
E00026561,140,62,16,46,78,72,6,44.285714285714285,11.428571428571429,32.857142857142854,55.714285714285715,51.42857142857142,4.285714285714286
E00026563,91,37,10,27,54,53,1,40.65934065934066,10.989010989010989,29.67032967032967,59.34065934065934,58.24175824175825,1.098901098901099
E00026564,138,60,21,39,78,74,4,43.47826086956522,15.217391304347828,28.26086956521739,56.52173913043478,53.62318840579711,2.898550724637681
E00026565,110,52,16,36,58,54,4,47.27272727272727,14.545454545454545,32.72727272727273,52.72727272727272,49.09090909090909,3.6363636363636362
E00026566,194,86,38,48,108,95,13,44.329896907216494,19.587628865979383,24.742268041237114,55.670103092783506,48.96907216494845,6.701030927835052
E00026567,129,60,25,35,69,62,7,46.51162790697674,19.379844961240313,27.131782945736433,53.48837209302325,48.06201550387597,5.426356589147287
E00026568,159,77,27,50,82,74,8,48.42767295597484,16.9811320754717,31.446540880503143,51.57232704402516,46.540880503144656,5.031446540880504
E00026569,149,69,25,44,80,69,11,46.308724832214764,16.778523489932887,29.53020134228188,53.691275167785236,46.308724832214764,7.38255033557047
E00026570,149,74,22,52,75,70,5,49.664429530201346,14.76510067114094,34.899328859060404,50.33557046979866,46.97986577181208,3.3557046979865772
E00026571,126,40,14,26,86,78,8,31.746031746031743,11.11111111111111,20.634920634920633,68.25396825396825,61.904761904761905,6.349206349206349
E00026572,125,65,20,45,60,54,6,52,16,36,48,43.2,4.8
E00026573,135,50,14,36,85,84,1,37.03703703703704,10.37037037037037,26.666666666666668,62.96296296296296,62.22222222222222,0.7407407407407408
E00026574,100,50,13,37,50,46,4,50,13,37,50,46,4
E00026575,171,46,13,33,125,108,17,26.900584795321635,7.602339181286549,19.298245614035086,73.09941520467837,63.1578947368421,9.941520467836257
E00026576,136,37,10,27,99,89,10,27.205882352941174,7.352941176470589,19.852941176470587,72.79411764705883,65.44117647058823,7.352941176470589
E00026577,145,39,13,26,106,96,10,26.89655172413793,8.96551724137931,17.93103448275862,73.10344827586206,66.20689655172414,6.896551724137931
E00026578,147,51,13,38,96,85,11,34.69387755102041,8.843537414965986,25.850340136054424,65.3061224489796,57.82312925170068,7.482993197278912
E00026579,138,43,13,30,95,82,13,31.15942028985507,9.420289855072465,21.73913043478261,68.84057971014492,59.42028985507246,9.420289855072465
E00026580,116,39,13,26,77,70,7,33.62068965517241,11.206896551724139,22.413793103448278,66.37931034482759,60.3448275862069,6.0344827586206895
E00026581,133,39,6,33,94,89,5,29.32330827067669,4.511278195488721,24.81203007518797,70.67669172932331,66.9172932330827,3.7593984962406015
E00026582,135,44,11,33,91,86,5,32.592592592592595,8.148148148148149,24.444444444444443,67.4074074074074,63.70370370370371,3.7037037037037033
E00026583,48,24,2,22,24,22,2,50,4.166666666666666,45.83333333333333,50,45.83333333333333,4.166666666666666
E00026584,138,57,14,43,81,74,7,41.30434782608695,10.144927536231885,31.15942028985507,58.69565217391305,53.62318840579711,5.072463768115942
E00026585,145,57,15,42,88,82,6,39.310344827586206,10.344827586206897,28.965517241379313,60.689655172413794,56.55172413793104,4.137931034482759
E00026586,219,72,16,56,147,141,6,32.87671232876712,7.30593607305936,25.570776255707763,67.12328767123287,64.38356164383562,2.73972602739726
E00026587,152,48,10,38,104,98,6,31.57894736842105,6.578947368421052,25,68.42105263157895,64.47368421052632,3.9473684210526314
E00026588,136,53,19,34,83,75,8,38.970588235294116,13.970588235294118,25,61.029411764705884,55.14705882352941,5.88235294117647
E00026589,133,48,9,39,85,80,5,36.09022556390977,6.7669172932330826,29.32330827067669,63.90977443609023,60.150375939849624,3.7593984962406015
E00026590,164,47,14,33,117,109,8,28.65853658536585,8.536585365853659,20.121951219512198,71.34146341463415,66.46341463414635,4.878048780487805
E00026591,185,50,11,39,135,120,15,27.027027027027028,5.9459459459459465,21.08108108108108,72.97297297297297,64.86486486486487,8.108108108108109
E00026592,173,43,8,35,130,119,11,24.85549132947977,4.624277456647398,20.23121387283237,75.14450867052022,68.78612716763006,6.358381502890173
E00026593,191,52,23,29,139,126,13,27.225130890052355,12.041884816753926,15.18324607329843,72.77486910994764,65.96858638743456,6.806282722513089
E00026594,142,44,4,40,98,85,13,30.985915492957744,2.8169014084507045,28.169014084507044,69.01408450704226,59.859154929577464,9.15492957746479
E00026595,119,53,15,38,66,58,8,44.537815126050425,12.605042016806722,31.932773109243694,55.46218487394958,48.739495798319325,6.722689075630252
E00026596,155,32,8,24,123,113,10,20.64516129032258,5.161290322580645,15.483870967741936,79.35483870967742,72.90322580645162,6.451612903225806
E00026597,144,39,13,26,105,93,12,27.083333333333332,9.027777777777777,18.055555555555554,72.91666666666666,64.58333333333334,8.333333333333332
E00026598,87,42,12,30,45,41,4,48.275862068965516,13.793103448275861,34.48275862068966,51.724137931034484,47.12643678160919,4.597701149425287
E00026599,146,61,17,44,85,82,3,41.78082191780822,11.643835616438356,30.136986301369863,58.21917808219178,56.16438356164384,2.054794520547945
E00026600,130,37,15,22,93,89,4,28.46153846153846,11.538461538461538,16.923076923076923,71.53846153846153,68.46153846153847,3.076923076923077
E00026601,103,29,12,17,74,67,7,28.155339805825243,11.650485436893204,16.50485436893204,71.84466019417476,65.0485436893204,6.796116504854369
E00026602,118,29,10,19,89,79,10,24.576271186440678,8.47457627118644,16.101694915254235,75.42372881355932,66.94915254237289,8.47457627118644
E00026603,137,54,26,28,83,75,8,39.416058394160586,18.97810218978102,20.437956204379564,60.58394160583942,54.74452554744526,5.839416058394161
E00026604,140,39,16,23,101,93,8,27.857142857142858,11.428571428571429,16.428571428571427,72.14285714285714,66.42857142857143,5.714285714285714
E00026605,130,33,11,22,97,91,6,25.384615384615383,8.461538461538462,16.923076923076923,74.61538461538461,70,4.615384615384616
E00026606,111,30,10,20,81,73,8,27.027027027027028,9.00900900900901,18.01801801801802,72.97297297297297,65.76576576576578,7.207207207207207
E00026608,156,52,18,34,104,94,10,33.33333333333333,11.538461538461538,21.794871794871796,66.66666666666666,60.256410256410255,6.41025641025641
E00026609,106,37,15,22,69,60,9,34.90566037735849,14.150943396226415,20.754716981132077,65.09433962264151,56.60377358490566,8.49056603773585
E00026610,122,22,3,19,100,83,17,18.0327868852459,2.459016393442623,15.573770491803279,81.9672131147541,68.0327868852459,13.934426229508196
E00026611,128,37,8,29,91,87,4,28.90625,6.25,22.65625,71.09375,67.96875,3.125
E00026613,135,47,13,34,88,81,7,34.81481481481482,9.62962962962963,25.185185185185183,65.18518518518519,60,5.185185185185185
E00026614,132,42,10,32,90,78,12,31.818181818181817,7.575757575757576,24.242424242424242,68.18181818181817,59.09090909090909,9.090909090909092
E00026615,160,47,10,37,113,105,8,29.375,6.25,23.125,70.625,65.625,5
E00026616,117,38,7,31,79,74,5,32.47863247863248,5.982905982905983,26.495726495726498,67.52136752136752,63.24786324786324,4.273504273504273
E00026617,116,43,5,38,73,66,7,37.06896551724138,4.310344827586207,32.758620689655174,62.93103448275862,56.896551724137936,6.0344827586206895
E00026618,138,38,12,26,100,84,16,27.536231884057973,8.695652173913043,18.84057971014493,72.46376811594203,60.86956521739131,11.594202898550725
E00026619,95,32,9,23,63,63,0,33.68421052631579,9.473684210526317,24.210526315789473,66.3157894736842,66.3157894736842,0
E00026620,130,46,13,33,84,79,5,35.38461538461539,10,25.384615384615383,64.61538461538461,60.76923076923077,3.8461538461538463
E00026621,136,36,6,30,100,87,13,26.47058823529412,4.411764705882353,22.058823529411764,73.52941176470588,63.970588235294116,9.558823529411764
E00026622,75,19,7,12,56,48,8,25.333333333333336,9.333333333333334,16,74.66666666666667,64,10.666666666666668
E00026623,148,37,8,29,111,101,10,25,5.405405405405405,19.594594594594593,75,68.24324324324324,6.756756756756757
E00026624,153,53,12,41,100,91,9,34.64052287581699,7.8431372549019605,26.797385620915033,65.359477124183,59.47712418300654,5.88235294117647
E00026625,123,32,4,28,91,83,8,26.01626016260163,3.2520325203252036,22.76422764227642,73.98373983739837,67.47967479674797,6.504065040650407
E00026626,110,40,5,35,70,63,7,36.36363636363637,4.545454545454546,31.818181818181817,63.63636363636363,57.27272727272727,6.363636363636363
E00026627,146,50,10,40,96,91,5,34.24657534246575,6.8493150684931505,27.397260273972602,65.75342465753424,62.328767123287676,3.4246575342465753
E00026628,117,25,8,17,92,71,21,21.367521367521366,6.837606837606838,14.529914529914532,78.63247863247864,60.68376068376068,17.94871794871795
E00026629,102,46,12,34,56,51,5,45.09803921568628,11.76470588235294,33.33333333333333,54.90196078431373,50,4.901960784313726
E00026630,131,38,10,28,93,84,9,29.00763358778626,7.633587786259542,21.374045801526716,70.99236641221374,64.12213740458014,6.870229007633588
E00026631,78,22,5,17,56,55,1,28.205128205128204,6.41025641025641,21.794871794871796,71.7948717948718,70.51282051282051,1.282051282051282
E00026632,49,16,8,8,33,32,1,32.6530612244898,16.3265306122449,16.3265306122449,67.3469387755102,65.3061224489796,2.0408163265306123
E00026634,222,71,30,41,151,131,20,31.98198198198198,13.513513513513514,18.46846846846847,68.01801801801803,59.009009009009006,9.00900900900901
E00026635,123,36,16,20,87,78,9,29.268292682926827,13.008130081300814,16.260162601626014,70.73170731707317,63.41463414634146,7.317073170731707
E00026636,120,33,8,25,87,79,8,27.500000000000004,6.666666666666667,20.833333333333336,72.5,65.83333333333333,6.666666666666667
E00026638,72,21,6,15,51,46,5,29.166666666666668,8.333333333333332,20.833333333333336,70.83333333333334,63.888888888888886,6.944444444444445
E00026639,153,59,19,40,94,88,6,38.56209150326798,12.418300653594772,26.143790849673206,61.43790849673203,57.51633986928104,3.9215686274509802
E00026640,91,34,10,24,57,49,8,37.362637362637365,10.989010989010989,26.373626373626376,62.637362637362635,53.84615384615385,8.791208791208792
E00026641,90,31,5,26,59,47,12,34.44444444444444,5.555555555555555,28.888888888888886,65.55555555555556,52.22222222222223,13.333333333333334
E00026642,136,37,7,30,99,94,5,27.205882352941174,5.147058823529411,22.058823529411764,72.79411764705883,69.11764705882352,3.6764705882352944
E00026643,138,51,19,32,87,82,5,36.95652173913043,13.768115942028986,23.18840579710145,63.04347826086957,59.42028985507246,3.6231884057971016
E00026644,98,39,5,34,59,59,0,39.795918367346935,5.1020408163265305,34.69387755102041,60.204081632653065,60.204081632653065,0
E00026645,128,39,16,23,89,80,9,30.46875,12.5,17.96875,69.53125,62.5,7.03125
E00026646,138,49,13,36,89,73,16,35.507246376811594,9.420289855072465,26.08695652173913,64.4927536231884,52.89855072463768,11.594202898550725
E00026647,103,39,10,29,64,55,9,37.86407766990291,9.70873786407767,28.155339805825243,62.13592233009708,53.398058252427184,8.737864077669903
E00026648,90,40,13,27,50,43,7,44.44444444444444,14.444444444444443,30,55.55555555555556,47.77777777777778,7.777777777777778
E00026649,116,43,16,27,73,69,4,37.06896551724138,13.793103448275861,23.275862068965516,62.93103448275862,59.48275862068966,3.4482758620689653
E00026650,90,33,11,22,57,48,9,36.666666666666664,12.222222222222221,24.444444444444443,63.33333333333333,53.333333333333336,10
E00026651,91,30,8,22,61,56,5,32.967032967032964,8.791208791208792,24.175824175824175,67.03296703296702,61.53846153846154,5.4945054945054945
E00026652,147,53,17,36,94,85,9,36.054421768707485,11.564625850340136,24.489795918367346,63.94557823129252,57.82312925170068,6.122448979591836
E00026653,152,53,22,31,99,86,13,34.868421052631575,14.473684210526317,20.394736842105264,65.13157894736842,56.57894736842105,8.552631578947368
E00026654,94,33,12,21,61,51,10,35.1063829787234,12.76595744680851,22.340425531914892,64.8936170212766,54.25531914893617,10.638297872340425
E00026655,143,44,13,31,99,94,5,30.76923076923077,9.090909090909092,21.678321678321677,69.23076923076923,65.73426573426573,3.4965034965034967
E00026656,305,66,24,42,239,212,27,21.639344262295083,7.868852459016394,13.77049180327869,78.36065573770492,69.50819672131148,8.852459016393443
E00026657,99,24,6,18,75,74,1,24.242424242424242,6.0606060606060606,18.181818181818183,75.75757575757575,74.74747474747475,1.0101010101010102
E00026658,78,21,3,18,57,52,5,26.923076923076923,3.8461538461538463,23.076923076923077,73.07692307692307,66.66666666666666,6.41025641025641
E00026659,105,37,14,23,68,68,0,35.23809523809524,13.333333333333334,21.904761904761905,64.76190476190476,64.76190476190476,0
E00026660,197,59,17,42,138,123,15,29.949238578680205,8.629441624365482,21.31979695431472,70.05076142131979,62.43654822335025,7.614213197969544
E00026661,145,32,14,18,113,102,11,22.06896551724138,9.655172413793103,12.413793103448276,77.93103448275862,70.34482758620689,7.586206896551724
E00026662,114,34,5,29,80,71,9,29.82456140350877,4.385964912280701,25.438596491228072,70.17543859649122,62.28070175438597,7.894736842105263
E00026663,170,41,11,30,129,113,16,24.11764705882353,6.470588235294119,17.647058823529413,75.88235294117646,66.47058823529412,9.411764705882353
E00026664,98,33,10,23,65,61,4,33.6734693877551,10.204081632653061,23.46938775510204,66.3265306122449,62.244897959183675,4.081632653061225
E00026665,203,40,14,26,163,142,21,19.704433497536947,6.896551724137931,12.807881773399016,80.29556650246306,69.95073891625616,10.344827586206897
E00026666,106,33,12,21,73,70,3,31.132075471698112,11.320754716981133,19.81132075471698,68.86792452830188,66.0377358490566,2.8301886792452833
E00026667,150,44,13,31,106,94,12,29.333333333333332,8.666666666666668,20.666666666666668,70.66666666666667,62.66666666666667,8
E00026668,163,58,22,36,105,99,6,35.58282208588957,13.496932515337424,22.085889570552148,64.41717791411043,60.73619631901841,3.6809815950920246
E00026669,238,61,20,41,177,164,13,25.630252100840334,8.403361344537815,17.22689075630252,74.36974789915966,68.90756302521008,5.46218487394958
E00026670,140,49,13,36,91,81,10,35,9.285714285714286,25.71428571428571,65,57.85714285714286,7.142857142857142
E00026671,125,44,12,32,81,69,12,35.199999999999996,9.6,25.6,64.8,55.2,9.6
E00026672,142,38,12,26,104,90,14,26.76056338028169,8.450704225352112,18.30985915492958,73.23943661971832,63.38028169014085,9.859154929577464
E00026673,154,44,13,31,110,102,8,28.57142857142857,8.441558441558442,20.12987012987013,71.42857142857143,66.23376623376623,5.194805194805195
E00026674,168,40,18,22,128,110,18,23.809523809523807,10.714285714285714,13.095238095238097,76.19047619047619,65.47619047619048,10.714285714285714
E00026675,141,30,8,22,111,96,15,21.27659574468085,5.673758865248227,15.602836879432624,78.72340425531915,68.08510638297872,10.638297872340425
E00026676,138,44,24,20,94,83,11,31.88405797101449,17.391304347826086,14.492753623188406,68.11594202898551,60.14492753623188,7.971014492753622
E00026677,138,47,16,31,91,80,11,34.05797101449276,11.594202898550725,22.463768115942027,65.94202898550725,57.971014492753625,7.971014492753622
E00026678,160,45,14,31,115,102,13,28.125,8.75,19.375,71.875,63.74999999999999,8.125
E00026679,173,57,21,36,116,98,18,32.947976878612714,12.138728323699421,20.809248554913296,67.05202312138728,56.64739884393064,10.404624277456648
E00026680,140,34,9,25,106,96,10,24.285714285714285,6.428571428571428,17.857142857142858,75.71428571428571,68.57142857142857,7.142857142857142
E00026681,77,25,5,20,52,52,0,32.467532467532465,6.493506493506493,25.97402597402597,67.53246753246754,67.53246753246754,0
E00026682,206,37,13,24,169,145,24,17.96116504854369,6.310679611650485,11.650485436893204,82.03883495145631,70.3883495145631,11.650485436893204
E00026683,154,37,17,20,117,105,12,24.025974025974026,11.03896103896104,12.987012987012985,75.97402597402598,68.18181818181817,7.792207792207792
E00026684,183,52,19,33,131,120,11,28.415300546448087,10.382513661202186,18.0327868852459,71.58469945355192,65.57377049180327,6.0109289617486334
E00026685,115,33,12,21,82,74,8,28.695652173913043,10.434782608695652,18.26086956521739,71.30434782608695,64.34782608695652,6.956521739130435
E00026686,80,34,11,23,46,40,6,42.5,13.750000000000002,28.749999999999996,57.49999999999999,50,7.5
E00026687,76,23,8,15,53,48,5,30.263157894736842,10.526315789473683,19.736842105263158,69.73684210526315,63.1578947368421,6.578947368421052
E00026688,165,46,10,36,119,108,11,27.878787878787882,6.0606060606060606,21.818181818181817,72.12121212121212,65.45454545454545,6.666666666666667
E00026689,207,50,15,35,157,144,13,24.154589371980677,7.246376811594203,16.908212560386474,75.84541062801932,69.56521739130434,6.280193236714976
E00026690,102,26,9,17,76,68,8,25.49019607843137,8.823529411764707,16.666666666666664,74.50980392156863,66.66666666666666,7.8431372549019605
E00026691,161,49,9,40,112,100,12,30.434782608695656,5.590062111801243,24.84472049689441,69.56521739130434,62.11180124223602,7.453416149068323
E00026692,155,48,14,34,107,88,19,30.967741935483872,9.032258064516128,21.935483870967744,69.03225806451613,56.774193548387096,12.258064516129032
E00026693,89,33,5,28,56,55,1,37.07865168539326,5.617977528089887,31.46067415730337,62.92134831460674,61.79775280898876,1.1235955056179776
E00026694,104,27,5,22,77,68,9,25.961538461538463,4.807692307692308,21.153846153846153,74.03846153846155,65.38461538461539,8.653846153846153
E00026695,117,39,10,29,78,71,7,33.33333333333333,8.547008547008547,24.786324786324787,66.66666666666666,60.68376068376068,5.982905982905983
E00026696,139,42,12,30,97,89,8,30.215827338129497,8.633093525179856,21.58273381294964,69.7841726618705,64.02877697841727,5.755395683453238
E00026697,132,49,22,27,83,80,3,37.121212121212125,16.666666666666664,20.454545454545457,62.878787878787875,60.60606060606061,2.272727272727273
E00026698,142,45,17,28,97,89,8,31.690140845070424,11.971830985915492,19.718309859154928,68.30985915492957,62.676056338028175,5.633802816901409
E00026699,127,49,19,30,78,66,12,38.582677165354326,14.960629921259844,23.62204724409449,61.417322834645674,51.96850393700787,9.448818897637794
E00026700,209,45,17,28,164,151,13,21.5311004784689,8.133971291866029,13.397129186602871,78.4688995215311,72.24880382775119,6.220095693779904
E00026701,300,50,22,28,250,214,36,16.666666666666664,7.333333333333333,9.333333333333334,83.33333333333334,71.33333333333334,12
E00026702,121,62,33,29,59,47,12,51.2396694214876,27.27272727272727,23.96694214876033,48.760330578512395,38.84297520661157,9.917355371900827
E00026703,165,53,28,25,112,103,9,32.121212121212125,16.969696969696972,15.151515151515152,67.87878787878789,62.42424242424243,5.454545454545454
E00026704,141,61,24,37,80,73,7,43.262411347517734,17.02127659574468,26.24113475177305,56.73758865248227,51.77304964539007,4.964539007092199
E00026705,147,54,25,29,93,84,9,36.734693877551024,17.006802721088434,19.727891156462583,63.26530612244898,57.14285714285714,6.122448979591836
E00026706,120,48,11,37,72,69,3,40,9.166666666666666,30.833333333333336,60,57.49999999999999,2.5
E00026707,131,41,15,26,90,77,13,31.297709923664126,11.450381679389313,19.84732824427481,68.70229007633588,58.778625954198475,9.923664122137405
E00026708,148,37,16,21,111,100,11,25,10.81081081081081,14.18918918918919,75,67.56756756756756,7.4324324324324325
E00026709,171,33,14,19,138,125,13,19.298245614035086,8.187134502923977,11.11111111111111,80.7017543859649,73.09941520467837,7.602339181286549
E00026710,155,33,18,15,122,107,15,21.29032258064516,11.612903225806452,9.67741935483871,78.70967741935485,69.03225806451613,9.67741935483871
E00026711,101,18,7,11,83,67,16,17.82178217821782,6.9306930693069315,10.891089108910892,82.17821782178217,66.33663366336634,15.841584158415841
E00026712,152,29,14,15,123,106,17,19.078947368421055,9.210526315789473,9.868421052631579,80.92105263157895,69.73684210526315,11.18421052631579
E00026713,201,45,21,24,156,129,27,22.388059701492537,10.44776119402985,11.940298507462686,77.61194029850746,64.17910447761194,13.432835820895523
E00026714,175,29,13,16,146,134,12,16.57142857142857,7.428571428571429,9.142857142857142,83.42857142857143,76.57142857142857,6.857142857142858
E00026715,184,43,17,26,141,120,21,23.369565217391305,9.239130434782608,14.130434782608695,76.63043478260869,65.21739130434783,11.41304347826087
E00026716,162,20,4,16,142,126,16,12.345679012345679,2.4691358024691357,9.876543209876543,87.65432098765432,77.77777777777779,9.876543209876543
E00026717,152,42,17,25,110,92,18,27.631578947368425,11.18421052631579,16.447368421052634,72.36842105263158,60.526315789473685,11.842105263157894
E00026718,275,65,35,30,210,189,21,23.636363636363637,12.727272727272727,10.909090909090908,76.36363636363637,68.72727272727272,7.636363636363637
E00026719,148,30,7,23,118,97,21,20.27027027027027,4.72972972972973,15.54054054054054,79.72972972972973,65.54054054054053,14.18918918918919
E00026720,215,37,11,26,178,124,54,17.209302325581397,5.116279069767442,12.093023255813954,82.7906976744186,57.674418604651166,25.116279069767444
E00026721,243,40,18,22,203,180,23,16.46090534979424,7.4074074074074066,9.053497942386832,83.53909465020575,74.07407407407408,9.465020576131687
E00026722,154,64,30,34,90,85,5,41.55844155844156,19.480519480519483,22.07792207792208,58.44155844155844,55.1948051948052,3.2467532467532463
E00026723,138,83,52,31,55,49,6,60.14492753623188,37.68115942028986,22.463768115942027,39.85507246376812,35.507246376811594,4.3478260869565215
E00026724,185,73,28,45,112,99,13,39.45945945945946,15.135135135135137,24.324324324324326,60.54054054054055,53.51351351351351,7.027027027027027
E00026725,125,41,11,30,84,67,17,32.800000000000004,8.799999999999999,24,67.2,53.6,13.600000000000001
E00026726,137,88,55,33,49,45,4,64.23357664233576,40.14598540145985,24.087591240875913,35.76642335766424,32.846715328467155,2.9197080291970803
E00026727,119,51,14,37,68,62,6,42.857142857142854,11.76470588235294,31.092436974789916,57.14285714285714,52.10084033613446,5.042016806722689
E00026728,195,108,54,54,87,78,9,55.38461538461539,27.692307692307693,27.692307692307693,44.61538461538462,40,4.615384615384616
E00026730,190,72,38,34,118,110,8,37.89473684210527,20,17.894736842105264,62.10526315789474,57.89473684210527,4.2105263157894735
E00026731,158,70,23,47,88,82,6,44.303797468354425,14.556962025316455,29.746835443037973,55.69620253164557,51.89873417721519,3.79746835443038
E00026732,108,36,17,19,72,64,8,33.33333333333333,15.74074074074074,17.59259259259259,66.66666666666666,59.25925925925925,7.4074074074074066
E00026733,112,44,12,32,68,65,3,39.285714285714285,10.714285714285714,28.57142857142857,60.71428571428571,58.03571428571429,2.6785714285714284
E00026734,190,74,38,36,116,108,8,38.94736842105263,20,18.947368421052634,61.05263157894737,56.84210526315789,4.2105263157894735
E00026735,145,50,19,31,95,85,10,34.48275862068966,13.10344827586207,21.379310344827587,65.51724137931035,58.620689655172406,6.896551724137931
E00026736,177,38,16,22,139,122,17,21.468926553672315,9.03954802259887,12.429378531073446,78.53107344632768,68.92655367231639,9.6045197740113
E00026737,129,51,22,29,78,73,5,39.53488372093023,17.05426356589147,22.48062015503876,60.46511627906976,56.58914728682171,3.875968992248062
E00026738,208,85,60,25,123,111,12,40.86538461538461,28.846153846153843,12.01923076923077,59.13461538461539,53.36538461538461,5.769230769230769
E00026739,128,48,16,32,80,70,10,37.5,12.5,25,62.5,54.6875,7.8125
E00026740,145,37,17,20,108,102,6,25.517241379310345,11.724137931034482,13.793103448275861,74.48275862068967,70.34482758620689,4.137931034482759
E00026741,109,27,10,17,82,76,6,24.770642201834864,9.174311926605505,15.59633027522936,75.22935779816514,69.72477064220183,5.5045871559633035
E00026742,152,48,19,29,104,92,12,31.57894736842105,12.5,19.078947368421055,68.42105263157895,60.526315789473685,7.894736842105263
E00026743,121,44,6,38,77,74,3,36.36363636363637,4.958677685950414,31.40495867768595,63.63636363636363,61.15702479338842,2.479338842975207
E00026744,119,31,6,25,88,81,7,26.05042016806723,5.042016806722689,21.008403361344538,73.94957983193278,68.0672268907563,5.88235294117647
E00026745,144,42,14,28,102,91,11,29.166666666666668,9.722222222222223,19.444444444444446,70.83333333333334,63.19444444444444,7.638888888888889
E00026746,186,67,31,36,119,112,7,36.02150537634409,16.666666666666664,19.35483870967742,63.97849462365591,60.215053763440864,3.763440860215054
E00026747,135,28,10,18,107,100,7,20.74074074074074,7.4074074074074066,13.333333333333334,79.25925925925927,74.07407407407408,5.185185185185185
E00026748,215,87,47,40,128,114,14,40.46511627906977,21.86046511627907,18.6046511627907,59.53488372093023,53.02325581395348,6.511627906976744
E00026749,92,29,7,22,63,56,7,31.521739130434785,7.608695652173914,23.91304347826087,68.47826086956522,60.86956521739131,7.608695652173914
E00026750,158,92,25,67,66,62,4,58.22784810126582,15.822784810126583,42.405063291139236,41.77215189873418,39.24050632911392,2.5316455696202533
E00026752,130,51,24,27,79,71,8,39.23076923076923,18.461538461538463,20.76923076923077,60.76923076923077,54.61538461538461,6.153846153846154
E00026753,155,64,19,45,91,83,8,41.29032258064516,12.258064516129032,29.03225806451613,58.70967741935483,53.5483870967742,5.161290322580645
E00026754,222,77,26,51,145,124,21,34.68468468468468,11.711711711711711,22.972972972972975,65.31531531531532,55.85585585585585,9.45945945945946
E00026755,180,65,20,45,115,102,13,36.11111111111111,11.11111111111111,25,63.888888888888886,56.666666666666664,7.222222222222221
E00026756,150,72,45,27,78,67,11,48,30,18,52,44.666666666666664,7.333333333333333
E00026758,186,147,108,39,39,39,0,79.03225806451613,58.06451612903226,20.967741935483872,20.967741935483872,20.967741935483872,0
E00026759,122,65,37,28,57,51,6,53.278688524590166,30.327868852459016,22.950819672131146,46.72131147540984,41.80327868852459,4.918032786885246
E00026760,138,100,65,35,38,38,0,72.46376811594203,47.10144927536232,25.36231884057971,27.536231884057973,27.536231884057973,0
E00026761,125,26,15,11,99,83,16,20.8,12,8.799999999999999,79.2,66.4,12.8
E00026764,135,49,31,18,86,76,10,36.2962962962963,22.962962962962962,13.333333333333334,63.70370370370371,56.2962962962963,7.4074074074074066
E00026766,176,83,38,45,93,85,8,47.159090909090914,21.59090909090909,25.568181818181817,52.84090909090909,48.29545454545455,4.545454545454546
E00026767,136,59,23,36,77,73,4,43.38235294117647,16.911764705882355,26.47058823529412,56.61764705882353,53.67647058823529,2.941176470588235
E00026768,159,66,18,48,93,89,4,41.509433962264154,11.320754716981133,30.18867924528302,58.490566037735846,55.9748427672956,2.515723270440252
E00026769,113,56,28,28,57,52,5,49.557522123893804,24.778761061946902,24.778761061946902,50.442477876106196,46.017699115044245,4.424778761061947
E00026770,158,64,22,42,94,86,8,40.50632911392405,13.924050632911392,26.582278481012654,59.49367088607595,54.43037974683544,5.063291139240507
E00026771,112,49,14,35,63,52,11,43.75,12.5,31.25,56.25,46.42857142857143,9.821428571428571
E00026772,144,82,45,37,62,58,4,56.94444444444444,31.25,25.694444444444443,43.05555555555556,40.27777777777778,2.7777777777777777
E00026773,159,50,18,32,109,93,16,31.446540880503143,11.320754716981133,20.125786163522015,68.55345911949685,58.490566037735846,10.062893081761008
E00026774,120,55,20,35,65,58,7,45.83333333333333,16.666666666666664,29.166666666666668,54.166666666666664,48.333333333333336,5.833333333333333
E00026775,180,78,29,49,102,93,9,43.333333333333336,16.11111111111111,27.22222222222222,56.666666666666664,51.66666666666667,5
E00026776,34,14,6,8,20,20,0,41.17647058823529,17.647058823529413,23.52941176470588,58.82352941176471,58.82352941176471,0
E00026777,99,37,16,21,62,58,4,37.37373737373738,16.161616161616163,21.21212121212121,62.62626262626263,58.58585858585859,4.040404040404041
E00026778,155,66,25,41,89,85,4,42.58064516129032,16.129032258064516,26.451612903225808,57.41935483870968,54.83870967741935,2.5806451612903225
E00026779,152,74,30,44,78,68,10,48.68421052631579,19.736842105263158,28.947368421052634,51.31578947368421,44.73684210526316,6.578947368421052
E00026780,165,63,38,25,102,98,4,38.18181818181819,23.03030303030303,15.151515151515152,61.81818181818181,59.3939393939394,2.4242424242424243
E00026781,195,79,36,43,116,104,12,40.51282051282051,18.461538461538463,22.05128205128205,59.48717948717949,53.333333333333336,6.153846153846154
E00026782,164,72,36,36,92,82,10,43.90243902439025,21.951219512195124,21.951219512195124,56.09756097560976,50,6.097560975609756
E00026783,171,97,32,65,74,66,8,56.72514619883041,18.71345029239766,38.01169590643275,43.27485380116959,38.59649122807017,4.678362573099415
E00026784,155,71,28,43,84,81,3,45.806451612903224,18.064516129032256,27.741935483870968,54.19354838709678,52.25806451612903,1.935483870967742
E00026785,162,53,15,38,109,94,15,32.71604938271605,9.25925925925926,23.456790123456788,67.28395061728395,58.0246913580247,9.25925925925926
E00026786,86,32,5,27,54,48,6,37.2093023255814,5.813953488372093,31.3953488372093,62.7906976744186,55.81395348837209,6.976744186046512
E00026787,148,49,11,38,99,99,0,33.108108108108105,7.4324324324324325,25.675675675675674,66.8918918918919,66.8918918918919,0
E00026788,121,48,14,34,73,66,7,39.66942148760331,11.570247933884298,28.09917355371901,60.33057851239669,54.54545454545454,5.785123966942149
E00026789,146,38,17,21,108,102,6,26.027397260273972,11.643835616438356,14.383561643835616,73.97260273972603,69.86301369863014,4.10958904109589
E00026790,159,45,17,28,114,105,9,28.30188679245283,10.69182389937107,17.61006289308176,71.69811320754717,66.0377358490566,5.660377358490567
E00026791,108,29,12,17,79,74,5,26.851851851851855,11.11111111111111,15.74074074074074,73.14814814814815,68.51851851851852,4.62962962962963
E00026792,97,34,16,18,63,57,6,35.051546391752574,16.49484536082474,18.556701030927837,64.94845360824742,58.76288659793815,6.185567010309279
E00026793,123,49,16,33,74,66,8,39.83739837398374,13.008130081300814,26.82926829268293,60.16260162601627,53.65853658536586,6.504065040650407
E00026795,150,55,13,42,95,86,9,36.666666666666664,8.666666666666668,28.000000000000004,63.33333333333333,57.333333333333336,6
E00026796,129,39,13,26,90,84,6,30.23255813953488,10.077519379844961,20.155038759689923,69.76744186046511,65.11627906976744,4.651162790697675
E00026797,144,48,14,34,96,85,11,33.33333333333333,9.722222222222223,23.61111111111111,66.66666666666666,59.02777777777778,7.638888888888889
E00026798,123,34,12,22,89,81,8,27.64227642276423,9.75609756097561,17.88617886178862,72.35772357723577,65.85365853658537,6.504065040650407
E00026799,59,19,6,13,40,40,0,32.20338983050847,10.16949152542373,22.033898305084744,67.79661016949152,67.79661016949152,0
E00026800,158,37,10,27,121,112,9,23.417721518987342,6.329113924050633,17.088607594936708,76.58227848101265,70.88607594936708,5.69620253164557
E00026801,158,41,14,27,117,101,16,25.949367088607595,8.860759493670885,17.088607594936708,74.0506329113924,63.92405063291139,10.126582278481013
E00026802,171,31,6,25,140,128,12,18.128654970760234,3.508771929824561,14.619883040935672,81.87134502923976,74.85380116959064,7.017543859649122
E00026803,146,44,12,32,102,94,8,30.136986301369863,8.21917808219178,21.91780821917808,69.86301369863014,64.38356164383562,5.47945205479452
E00026804,141,33,8,25,108,92,16,23.404255319148938,5.673758865248227,17.73049645390071,76.59574468085107,65.24822695035462,11.347517730496454
E00026806,322,89,31,58,233,209,24,27.639751552795033,9.627329192546584,18.012422360248447,72.36024844720497,64.90683229813664,7.453416149068323
E00026807,157,38,9,29,119,107,12,24.203821656050955,5.7324840764331215,18.471337579617835,75.79617834394905,68.15286624203821,7.643312101910828
E00026808,97,29,12,17,68,63,5,29.896907216494846,12.371134020618557,17.525773195876287,70.10309278350515,64.94845360824742,5.154639175257731
E00026809,141,39,11,28,102,91,11,27.659574468085108,7.801418439716312,19.858156028368796,72.3404255319149,64.53900709219859,7.801418439716312
E00026810,127,46,13,33,81,73,8,36.22047244094488,10.236220472440944,25.984251968503933,63.77952755905512,57.48031496062992,6.299212598425196
E00026811,89,46,12,34,43,43,0,51.68539325842697,13.48314606741573,38.20224719101123,48.31460674157304,48.31460674157304,0
E00026812,131,51,17,34,80,69,11,38.93129770992366,12.977099236641221,25.954198473282442,61.06870229007634,52.67175572519084,8.396946564885496
E00026813,166,64,12,52,102,94,8,38.55421686746988,7.228915662650602,31.32530120481928,61.44578313253012,56.62650602409639,4.819277108433735
E00026814,114,35,16,19,79,74,5,30.701754385964914,14.035087719298245,16.666666666666664,69.2982456140351,64.91228070175438,4.385964912280701
E00026815,117,46,12,34,71,62,9,39.31623931623932,10.256410256410255,29.059829059829063,60.68376068376068,52.991452991452995,7.6923076923076925
E00026816,136,56,13,43,80,74,6,41.17647058823529,9.558823529411764,31.61764705882353,58.82352941176471,54.41176470588235,4.411764705882353
E00026817,124,43,14,29,81,76,5,34.67741935483871,11.29032258064516,23.387096774193548,65.32258064516128,61.29032258064516,4.032258064516129
E00026818,136,42,19,23,94,82,12,30.88235294117647,13.970588235294118,16.911764705882355,69.11764705882352,60.29411764705882,8.823529411764707
E00026819,112,38,17,21,74,68,6,33.92857142857143,15.178571428571427,18.75,66.07142857142857,60.71428571428571,5.357142857142857
E00026821,209,79,27,52,130,119,11,37.79904306220095,12.918660287081341,24.880382775119617,62.20095693779905,56.9377990430622,5.263157894736842
E00026822,165,53,17,36,112,99,13,32.121212121212125,10.303030303030303,21.818181818181817,67.87878787878789,60,7.878787878787878
E00026823,235,62,24,38,173,158,15,26.382978723404253,10.212765957446807,16.170212765957448,73.61702127659574,67.23404255319149,6.382978723404255
E00026824,159,46,17,29,113,103,10,28.930817610062892,10.69182389937107,18.238993710691823,71.0691823899371,64.77987421383648,6.289308176100629
E00026825,152,33,13,20,119,107,12,21.710526315789476,8.552631578947368,13.157894736842104,78.28947368421053,70.39473684210526,7.894736842105263
E00026826,153,46,9,37,107,97,10,30.065359477124183,5.88235294117647,24.183006535947712,69.93464052287581,63.39869281045751,6.535947712418301
E00026827,173,57,19,38,116,103,13,32.947976878612714,10.982658959537572,21.965317919075144,67.05202312138728,59.53757225433526,7.514450867052023
E00026828,182,62,17,45,120,108,12,34.065934065934066,9.340659340659341,24.725274725274726,65.93406593406593,59.34065934065934,6.593406593406594
E00026829,152,41,11,30,111,97,14,26.973684210526315,7.236842105263158,19.736842105263158,73.02631578947368,63.81578947368421,9.210526315789473
E00026830,159,50,18,32,109,92,17,31.446540880503143,11.320754716981133,20.125786163522015,68.55345911949685,57.861635220125784,10.69182389937107
E00026831,162,55,18,37,107,96,11,33.95061728395062,11.11111111111111,22.839506172839506,66.0493827160494,59.25925925925925,6.790123456790123
E00026832,222,46,19,27,176,148,28,20.72072072072072,8.558558558558559,12.162162162162163,79.27927927927928,66.66666666666666,12.612612612612612
E00026833,255,68,28,40,187,170,17,26.666666666666668,10.980392156862745,15.686274509803921,73.33333333333333,66.66666666666666,6.666666666666667
E00026834,196,68,25,43,128,117,11,34.69387755102041,12.755102040816327,21.93877551020408,65.3061224489796,59.693877551020414,5.612244897959184
E00026835,198,55,16,39,143,129,14,27.77777777777778,8.080808080808081,19.696969696969695,72.22222222222221,65.15151515151516,7.07070707070707
E00026837,177,50,15,35,127,106,21,28.24858757062147,8.47457627118644,19.774011299435028,71.75141242937853,59.887005649717516,11.864406779661017
E00026838,150,42,11,31,108,93,15,28.000000000000004,7.333333333333333,20.666666666666668,72,62,10
E00026840,156,38,9,29,118,108,10,24.358974358974358,5.769230769230769,18.58974358974359,75.64102564102564,69.23076923076923,6.41025641025641
E00026841,135,43,17,26,92,83,9,31.851851851851855,12.592592592592592,19.25925925925926,68.14814814814815,61.48148148148148,6.666666666666667
E00026842,236,63,23,40,173,158,15,26.69491525423729,9.745762711864407,16.94915254237288,73.30508474576271,66.94915254237289,6.3559322033898304
E00026843,167,50,13,37,117,105,12,29.94011976047904,7.784431137724551,22.15568862275449,70.05988023952095,62.874251497005986,7.18562874251497
E00026844,161,60,19,41,101,87,14,37.267080745341616,11.801242236024844,25.465838509316768,62.732919254658384,54.037267080745345,8.695652173913043
E00026845,212,52,18,34,160,152,8,24.528301886792452,8.49056603773585,16.037735849056602,75.47169811320755,71.69811320754717,3.7735849056603774
E00026846,171,56,15,41,115,100,15,32.748538011695906,8.771929824561402,23.976608187134502,67.2514619883041,58.47953216374269,8.771929824561402
E00026847,160,43,16,27,117,109,8,26.875,10,16.875,73.125,68.125,5
E00026848,183,67,18,49,116,104,12,36.6120218579235,9.836065573770492,26.775956284153008,63.387978142076506,56.830601092896174,6.557377049180328
E00026849,181,54,18,36,127,108,19,29.83425414364641,9.94475138121547,19.88950276243094,70.1657458563536,59.66850828729282,10.497237569060774
E00026850,258,75,28,47,183,147,36,29.069767441860467,10.852713178294573,18.217054263565892,70.93023255813954,56.97674418604651,13.953488372093023
E00026851,212,73,31,42,139,123,16,34.43396226415094,14.622641509433961,19.81132075471698,65.56603773584906,58.01886792452831,7.547169811320755
E00026852,167,48,16,32,119,113,6,28.74251497005988,9.580838323353294,19.16167664670659,71.25748502994011,67.66467065868264,3.592814371257485
E00026854,251,95,33,62,156,138,18,37.84860557768924,13.147410358565736,24.701195219123505,62.15139442231076,54.980079681274894,7.171314741035857
E00026855,149,56,23,33,93,85,8,37.58389261744966,15.436241610738255,22.14765100671141,62.41610738255034,57.04697986577181,5.369127516778524
E00026856,166,44,15,29,122,109,13,26.506024096385545,9.036144578313253,17.46987951807229,73.49397590361446,65.66265060240963,7.83132530120482
E00026857,187,45,16,29,142,118,24,24.06417112299465,8.55614973262032,15.508021390374333,75.93582887700535,63.101604278074866,12.834224598930483
E00026858,173,49,14,35,124,112,12,28.32369942196532,8.092485549132949,20.23121387283237,71.67630057803468,64.73988439306359,6.9364161849710975
E00026859,43,11,1,10,32,29,3,25.581395348837212,2.3255813953488373,23.25581395348837,74.4186046511628,67.44186046511628,6.976744186046512
E00026860,150,42,18,24,108,92,16,28.000000000000004,12,16,72,61.33333333333333,10.666666666666668
E00026861,166,65,29,36,101,87,14,39.1566265060241,17.46987951807229,21.686746987951807,60.8433734939759,52.40963855421686,8.433734939759036
E00026862,180,58,34,24,122,108,14,32.22222222222222,18.88888888888889,13.333333333333334,67.77777777777779,60,7.777777777777778
E00026863,163,64,33,31,99,82,17,39.263803680981596,20.245398773006134,19.018404907975462,60.73619631901841,50.306748466257666,10.429447852760736
E00026864,172,62,21,41,110,91,19,36.04651162790697,12.209302325581394,23.837209302325583,63.95348837209303,52.90697674418605,11.046511627906977
E00026865,180,72,30,42,108,95,13,40,16.666666666666664,23.333333333333332,60,52.77777777777778,7.222222222222221
E00026866,168,71,36,35,97,91,6,42.26190476190476,21.428571428571427,20.833333333333336,57.738095238095234,54.166666666666664,3.571428571428571
E00026867,102,38,16,22,64,58,6,37.254901960784316,15.686274509803921,21.568627450980394,62.745098039215684,56.86274509803921,5.88235294117647
E00026868,79,31,15,16,48,38,10,39.24050632911392,18.9873417721519,20.253164556962027,60.75949367088608,48.10126582278481,12.658227848101266
E00026869,152,43,14,29,109,97,12,28.289473684210524,9.210526315789473,19.078947368421055,71.71052631578947,63.81578947368421,7.894736842105263
E00026870,155,70,35,35,85,73,12,45.16129032258064,22.58064516129032,22.58064516129032,54.83870967741935,47.096774193548384,7.741935483870968
E00026871,179,52,26,26,127,118,9,29.05027932960894,14.52513966480447,14.52513966480447,70.94972067039106,65.92178770949721,5.027932960893855
E00026872,177,55,28,27,122,103,19,31.07344632768362,15.819209039548024,15.254237288135593,68.92655367231639,58.19209039548022,10.734463276836157
E00026873,165,57,27,30,108,95,13,34.54545454545455,16.363636363636363,18.181818181818183,65.45454545454545,57.57575757575758,7.878787878787878
E00026874,163,50,16,34,113,105,8,30.67484662576687,9.815950920245399,20.858895705521473,69.32515337423312,64.41717791411043,4.9079754601226995
E00026875,141,66,39,27,75,67,8,46.808510638297875,27.659574468085108,19.148936170212767,53.191489361702125,47.5177304964539,5.673758865248227
E00026876,173,66,20,46,107,99,8,38.15028901734104,11.560693641618498,26.589595375722542,61.849710982658955,57.22543352601156,4.624277456647398
E00026877,297,75,25,50,222,199,23,25.252525252525253,8.417508417508419,16.835016835016837,74.74747474747475,67.003367003367,7.744107744107744
E00026878,255,81,37,44,174,150,24,31.76470588235294,14.50980392156863,17.254901960784313,68.23529411764706,58.82352941176471,9.411764705882353
E00026879,219,86,36,50,133,121,12,39.26940639269406,16.43835616438356,22.831050228310502,60.73059360730594,55.25114155251142,5.47945205479452
E00026880,183,59,14,45,124,106,18,32.240437158469945,7.650273224043716,24.59016393442623,67.75956284153006,57.92349726775956,9.836065573770492
E00026881,180,42,21,21,138,110,28,23.333333333333332,11.666666666666666,11.666666666666666,76.66666666666667,61.111111111111114,15.555555555555555
E00026882,139,32,15,17,107,97,10,23.021582733812952,10.79136690647482,12.23021582733813,76.97841726618705,69.7841726618705,7.1942446043165464
E00026883,136,41,14,27,95,85,10,30.14705882352941,10.294117647058822,19.852941176470587,69.85294117647058,62.5,7.352941176470589
E00026884,155,45,14,31,110,103,7,29.03225806451613,9.032258064516128,20,70.96774193548387,66.45161290322581,4.516129032258064
E00026885,163,29,9,20,134,109,25,17.791411042944784,5.521472392638037,12.269938650306749,82.20858895705521,66.87116564417178,15.337423312883436
E00026886,172,36,7,29,136,110,26,20.930232558139537,4.069767441860465,16.86046511627907,79.06976744186046,63.95348837209303,15.11627906976744
E00026887,115,46,9,37,69,64,5,40,7.82608695652174,32.17391304347826,60,55.65217391304348,4.3478260869565215
E00026888,158,36,13,23,122,109,13,22.78481012658228,8.227848101265822,14.556962025316455,77.21518987341773,68.9873417721519,8.227848101265822
E00026889,230,52,17,35,178,146,32,22.608695652173914,7.391304347826087,15.217391304347828,77.39130434782608,63.47826086956522,13.91304347826087
E00026890,179,45,21,24,134,107,27,25.139664804469277,11.731843575418994,13.40782122905028,74.86033519553072,59.77653631284916,15.083798882681565
E00026891,123,25,9,16,98,81,17,20.32520325203252,7.317073170731707,13.008130081300814,79.67479674796748,65.85365853658537,13.821138211382115
E00026892,118,41,15,26,77,67,10,34.74576271186441,12.711864406779661,22.033898305084744,65.2542372881356,56.779661016949156,8.47457627118644
E00026893,203,95,56,39,108,94,14,46.79802955665024,27.586206896551722,19.21182266009852,53.20197044334976,46.30541871921182,6.896551724137931
E00026894,124,85,55,30,39,34,5,68.54838709677419,44.354838709677416,24.193548387096776,31.451612903225808,27.419354838709676,4.032258064516129
E00026895,114,45,16,29,69,64,5,39.473684210526315,14.035087719298245,25.438596491228072,60.526315789473685,56.14035087719298,4.385964912280701
E00026896,106,43,18,25,63,58,5,40.56603773584906,16.9811320754717,23.58490566037736,59.43396226415094,54.71698113207547,4.716981132075472
E00026897,135,67,40,27,68,65,3,49.629629629629626,29.629629629629626,20,50.37037037037037,48.148148148148145,2.2222222222222223
E00026898,114,51,24,27,63,57,6,44.73684210526316,21.052631578947366,23.684210526315788,55.26315789473685,50,5.263157894736842
E00026899,124,59,26,33,65,61,4,47.58064516129033,20.967741935483872,26.61290322580645,52.41935483870967,49.193548387096776,3.225806451612903
E00026900,130,64,39,25,66,59,7,49.23076923076923,30,19.230769230769234,50.76923076923077,45.38461538461539,5.384615384615385
E00026901,111,59,43,16,52,45,7,53.153153153153156,38.73873873873874,14.414414414414415,46.846846846846844,40.54054054054054,6.306306306306306
E00026902,171,73,39,34,98,87,11,42.69005847953216,22.807017543859647,19.883040935672515,57.30994152046783,50.877192982456144,6.432748538011696
E00026903,190,88,55,33,102,92,10,46.31578947368421,28.947368421052634,17.36842105263158,53.68421052631579,48.421052631578945,5.263157894736842
E00026904,82,40,22,18,42,34,8,48.78048780487805,26.82926829268293,21.951219512195124,51.21951219512195,41.46341463414634,9.75609756097561
E00026905,124,81,50,31,43,35,8,65.32258064516128,40.32258064516129,25,34.67741935483871,28.225806451612907,6.451612903225806
E00026906,123,45,16,29,78,69,9,36.58536585365854,13.008130081300814,23.577235772357724,63.41463414634146,56.09756097560976,7.317073170731707
E00026907,114,33,5,28,81,69,12,28.947368421052634,4.385964912280701,24.561403508771928,71.05263157894737,60.526315789473685,10.526315789473683
E00026909,116,31,11,20,85,78,7,26.72413793103448,9.482758620689655,17.24137931034483,73.27586206896551,67.24137931034483,6.0344827586206895
E00026910,153,56,18,38,97,87,10,36.60130718954248,11.76470588235294,24.836601307189543,63.39869281045751,56.86274509803921,6.535947712418301
E00026912,130,52,19,33,78,74,4,40,14.615384615384617,25.384615384615383,60,56.92307692307692,3.076923076923077
E00026913,93,36,9,27,57,52,5,38.70967741935484,9.67741935483871,29.03225806451613,61.29032258064516,55.91397849462365,5.376344086021505
E00026914,138,43,19,24,95,86,9,31.15942028985507,13.768115942028986,17.391304347826086,68.84057971014492,62.31884057971014,6.521739130434782
E00026915,112,46,9,37,66,60,6,41.07142857142857,8.035714285714286,33.035714285714285,58.92857142857143,53.57142857142857,5.357142857142857
E00026916,181,52,26,26,129,120,9,28.7292817679558,14.3646408839779,14.3646408839779,71.27071823204419,66.29834254143645,4.972375690607735
E00026917,151,52,14,38,99,90,9,34.437086092715234,9.271523178807946,25.165562913907287,65.56291390728477,59.60264900662252,5.960264900662252
E00026918,102,33,8,25,69,64,5,32.35294117647059,7.8431372549019605,24.509803921568626,67.64705882352942,62.745098039215684,4.901960784313726
E00026919,111,43,18,25,68,63,5,38.73873873873874,16.216216216216218,22.52252252252252,61.261261261261254,56.75675675675676,4.504504504504505
E00026920,159,50,19,31,109,96,13,31.446540880503143,11.949685534591195,19.49685534591195,68.55345911949685,60.37735849056604,8.176100628930817
E00026921,171,56,18,38,115,109,6,32.748538011695906,10.526315789473683,22.22222222222222,67.2514619883041,63.74269005847953,3.508771929824561
E00026922,145,52,11,41,93,81,12,35.86206896551724,7.586206896551724,28.27586206896552,64.13793103448275,55.86206896551724,8.275862068965518
E00026923,118,39,10,29,79,73,6,33.05084745762712,8.47457627118644,24.576271186440678,66.94915254237289,61.86440677966102,5.084745762711865
E00026924,121,42,11,31,79,75,4,34.710743801652896,9.090909090909092,25.6198347107438,65.28925619834712,61.98347107438017,3.3057851239669422
E00026925,133,42,12,30,91,91,0,31.57894736842105,9.022556390977442,22.55639097744361,68.42105263157895,68.42105263157895,0
E00026926,156,57,20,37,99,87,12,36.53846153846153,12.82051282051282,23.717948717948715,63.46153846153846,55.769230769230774,7.6923076923076925
E00026927,128,42,10,32,86,75,11,32.8125,7.8125,25,67.1875,58.59375,8.59375
E00026928,127,43,7,36,84,77,7,33.85826771653544,5.511811023622047,28.346456692913385,66.14173228346458,60.629921259842526,5.511811023622047
E00026929,102,27,6,21,75,69,6,26.47058823529412,5.88235294117647,20.588235294117645,73.52941176470588,67.64705882352942,5.88235294117647
E00026930,140,49,17,32,91,79,12,35,12.142857142857142,22.857142857142858,65,56.42857142857143,8.571428571428571
E00026931,118,45,14,31,73,64,9,38.13559322033898,11.864406779661017,26.27118644067797,61.86440677966102,54.23728813559322,7.627118644067797
E00026932,136,39,11,28,97,91,6,28.676470588235293,8.088235294117647,20.588235294117645,71.32352941176471,66.91176470588235,4.411764705882353
E00026934,116,43,13,30,73,68,5,37.06896551724138,11.206896551724139,25.862068965517242,62.93103448275862,58.620689655172406,4.310344827586207
E00026935,158,56,17,39,102,92,10,35.44303797468354,10.759493670886076,24.68354430379747,64.55696202531645,58.22784810126582,6.329113924050633
E00026936,122,35,8,27,87,81,6,28.688524590163933,6.557377049180328,22.131147540983605,71.31147540983606,66.39344262295081,4.918032786885246
E00026937,290,74,18,56,216,191,25,25.517241379310345,6.206896551724138,19.310344827586206,74.48275862068967,65.86206896551724,8.620689655172415
E00026938,110,27,6,21,83,78,5,24.545454545454547,5.454545454545454,19.090909090909093,75.45454545454545,70.9090909090909,4.545454545454546
E00026939,169,53,19,34,116,95,21,31.360946745562128,11.242603550295858,20.118343195266274,68.63905325443787,56.213017751479285,12.42603550295858
E00026940,143,61,18,43,82,74,8,42.65734265734265,12.587412587412588,30.069930069930066,57.34265734265735,51.74825174825175,5.594405594405594
E00026941,118,41,16,25,77,76,1,34.74576271186441,13.559322033898304,21.1864406779661,65.2542372881356,64.40677966101694,0.847457627118644
E00026942,164,55,15,40,109,106,3,33.53658536585366,9.146341463414634,24.390243902439025,66.46341463414635,64.63414634146342,1.8292682926829267
E00026943,144,48,10,38,96,90,6,33.33333333333333,6.944444444444445,26.38888888888889,66.66666666666666,62.5,4.166666666666666
E00175804,191,38,13,25,153,138,15,19.895287958115183,6.806282722513089,13.089005235602095,80.10471204188482,72.25130890052355,7.853403141361256
E00175805,72,38,26,12,34,34,0,52.77777777777778,36.11111111111111,16.666666666666664,47.22222222222222,47.22222222222222,0
E00175807,139,57,33,24,82,75,7,41.007194244604314,23.741007194244602,17.26618705035971,58.992805755395686,53.956834532374096,5.0359712230215825
E00175808,198,85,68,17,113,106,7,42.92929292929293,34.34343434343434,8.585858585858585,57.07070707070707,53.535353535353536,3.535353535353535
E00175809,137,49,16,33,88,75,13,35.76642335766424,11.678832116788321,24.087591240875913,64.23357664233576,54.74452554744526,9.48905109489051
E00175810,112,21,11,10,91,85,6,18.75,9.821428571428571,8.928571428571429,81.25,75.89285714285714,5.357142857142857
E00175814,144,20,7,13,124,112,12,13.88888888888889,4.861111111111112,9.027777777777777,86.11111111111111,77.77777777777779,8.333333333333332
E00175815,80,40,23,17,40,35,5,50,28.749999999999996,21.25,50,43.75,6.25
E00175818,101,55,33,22,46,41,5,54.45544554455446,32.67326732673268,21.782178217821784,45.54455445544555,40.5940594059406,4.9504950495049505
E00175822,148,36,16,20,112,103,9,24.324324324324326,10.81081081081081,13.513513513513514,75.67567567567568,69.5945945945946,6.081081081081082
E00175823,146,24,4,20,122,115,7,16.43835616438356,2.73972602739726,13.698630136986301,83.56164383561644,78.76712328767124,4.794520547945205
E00175826,152,93,45,48,59,59,0,61.18421052631579,29.605263157894733,31.57894736842105,38.81578947368421,38.81578947368421,0
E00175827,218,51,20,31,167,127,40,23.394495412844037,9.174311926605505,14.220183486238533,76.60550458715596,58.256880733944946,18.34862385321101
E00175828,88,32,15,17,56,55,1,36.36363636363637,17.045454545454543,19.318181818181817,63.63636363636363,62.5,1.1363636363636365
E00175830,94,43,21,22,51,47,4,45.744680851063826,22.340425531914892,23.404255319148938,54.25531914893617,50,4.25531914893617
E00175831,123,55,11,44,68,62,6,44.71544715447154,8.94308943089431,35.77235772357724,55.28455284552846,50.40650406504065,4.878048780487805
E00175833,111,47,19,28,64,57,7,42.34234234234234,17.117117117117118,25.225225225225223,57.65765765765766,51.35135135135135,6.306306306306306
E00175834,136,49,12,37,87,77,10,36.029411764705884,8.823529411764707,27.205882352941174,63.970588235294116,56.61764705882353,7.352941176470589
E00175835,66,16,5,11,50,45,5,24.242424242424242,7.575757575757576,16.666666666666664,75.75757575757575,68.18181818181817,7.575757575757576
E00175836,175,51,24,27,124,106,18,29.142857142857142,13.714285714285715,15.428571428571427,70.85714285714285,60.57142857142858,10.285714285714285
E00175837,210,68,22,46,142,124,18,32.38095238095238,10.476190476190476,21.904761904761905,67.61904761904762,59.04761904761905,8.571428571428571
E00175838,156,55,11,44,101,94,7,35.256410256410255,7.051282051282051,28.205128205128204,64.74358974358975,60.256410256410255,4.487179487179487
E00175839,108,57,15,42,51,47,4,52.77777777777778,13.88888888888889,38.88888888888889,47.22222222222222,43.51851851851852,3.7037037037037033
E00175840,304,36,10,26,268,243,25,11.842105263157894,3.289473684210526,8.552631578947368,88.1578947368421,79.93421052631578,8.223684210526317
E00175842,30,3,3,0,27,19,8,10,10,0,90,63.33333333333333,26.666666666666668
E00175844,138,22,5,17,116,96,20,15.942028985507244,3.6231884057971016,12.318840579710146,84.05797101449275,69.56521739130434,14.492753623188406
E00175845,107,14,4,10,93,76,17,13.084112149532709,3.7383177570093453,9.345794392523365,86.91588785046729,71.02803738317756,15.887850467289718
E00175846,127,14,7,7,113,100,13,11.023622047244094,5.511811023622047,5.511811023622047,88.9763779527559,78.74015748031496,10.236220472440944
E00175847,66,16,6,10,50,44,6,24.242424242424242,9.090909090909092,15.151515151515152,75.75757575757575,66.66666666666666,9.090909090909092
E00175849,147,55,20,35,92,84,8,37.41496598639456,13.60544217687075,23.809523809523807,62.585034013605444,57.14285714285714,5.442176870748299
E00175852,179,25,11,14,154,134,20,13.966480446927374,6.145251396648044,7.82122905027933,86.03351955307262,74.86033519553072,11.1731843575419
E00175853,81,5,0,5,76,61,15,6.172839506172839,0,6.172839506172839,93.82716049382715,75.30864197530865,18.51851851851852
E00175855,200,27,8,19,173,150,23,13.5,4,9.5,86.5,75,11.5
E00175856,153,10,8,2,143,130,13,6.535947712418301,5.228758169934641,1.3071895424836601,93.4640522875817,84.9673202614379,8.49673202614379
E00175857,94,26,14,12,68,57,11,27.659574468085108,14.893617021276595,12.76595744680851,72.3404255319149,60.63829787234043,11.702127659574469
E00175858,64,26,10,16,38,31,7,40.625,15.625,25,59.375,48.4375,10.9375
E00175859,92,24,6,18,68,59,9,26.08695652173913,6.521739130434782,19.565217391304348,73.91304347826086,64.13043478260869,9.782608695652174
E00175860,187,47,19,28,140,127,13,25.13368983957219,10.16042780748663,14.973262032085561,74.8663101604278,67.9144385026738,6.951871657754011
E00175861,171,55,15,40,116,108,8,32.16374269005848,8.771929824561402,23.391812865497073,67.83625730994152,63.1578947368421,4.678362573099415
E00175862,96,34,11,23,62,59,3,35.41666666666667,11.458333333333332,23.958333333333336,64.58333333333334,61.458333333333336,3.125
E00175863,136,43,25,18,93,73,20,31.61764705882353,18.38235294117647,13.23529411764706,68.38235294117648,53.67647058823529,14.705882352941178
E00175864,276,46,25,21,230,217,13,16.666666666666664,9.057971014492754,7.608695652173914,83.33333333333334,78.62318840579711,4.710144927536232
E00175865,250,13,5,8,237,202,35,5.2,2,3.2,94.8,80.80000000000001,14.000000000000002
E00175866,147,21,5,16,126,117,9,14.285714285714285,3.4013605442176873,10.884353741496598,85.71428571428571,79.59183673469387,6.122448979591836
E00175867,169,21,8,13,148,137,11,12.42603550295858,4.733727810650888,7.6923076923076925,87.57396449704143,81.06508875739645,6.508875739644971
E00175868,114,18,9,9,96,82,14,15.789473684210526,7.894736842105263,7.894736842105263,84.21052631578947,71.9298245614035,12.280701754385964
E00175869,128,16,9,7,112,99,13,12.5,7.03125,5.46875,87.5,77.34375,10.15625
E00175870,253,50,21,29,203,187,16,19.76284584980237,8.300395256916996,11.462450592885375,80.23715415019763,73.91304347826086,6.324110671936759
E00175871,194,34,22,12,160,148,12,17.525773195876287,11.34020618556701,6.185567010309279,82.4742268041237,76.28865979381443,6.185567010309279
E00175872,262,31,16,15,231,217,14,11.83206106870229,6.106870229007633,5.7251908396946565,88.16793893129771,82.82442748091603,5.343511450381679
E00175874,125,17,5,12,108,99,9,13.600000000000001,4,9.6,86.4,79.2,7.199999999999999
E00175876,133,27,14,13,106,96,10,20.30075187969925,10.526315789473683,9.774436090225564,79.69924812030075,72.18045112781954,7.518796992481203
E00175877,163,29,13,16,134,129,5,17.791411042944784,7.975460122699387,9.815950920245399,82.20858895705521,79.14110429447852,3.067484662576687
E00175878,252,71,17,54,181,162,19,28.174603174603174,6.746031746031746,21.428571428571427,71.82539682539682,64.28571428571429,7.5396825396825395
E00175879,109,10,0,10,99,86,13,9.174311926605505,0,9.174311926605505,90.82568807339449,78.89908256880734,11.926605504587156
E00175880,79,23,11,12,56,48,8,29.11392405063291,13.924050632911392,15.18987341772152,70.88607594936708,60.75949367088608,10.126582278481013
E00175881,168,39,15,24,129,112,17,23.214285714285715,8.928571428571429,14.285714285714285,76.78571428571429,66.66666666666666,10.119047619047619
E00175882,113,48,15,33,65,53,12,42.47787610619469,13.274336283185843,29.20353982300885,57.52212389380531,46.902654867256636,10.619469026548673
E00175883,139,41,16,25,98,93,5,29.496402877697843,11.510791366906476,17.985611510791365,70.50359712230215,66.90647482014388,3.5971223021582732
E00175884,197,24,3,21,173,145,28,12.18274111675127,1.5228426395939088,10.65989847715736,87.81725888324873,73.60406091370558,14.213197969543149
E00175885,173,22,9,13,151,125,26,12.716763005780345,5.202312138728324,7.514450867052023,87.28323699421965,72.25433526011561,15.028901734104046
E00175886,156,18,13,5,138,117,21,11.538461538461538,8.333333333333332,3.205128205128205,88.46153846153845,75,13.461538461538462
E00175888,245,44,12,32,201,166,35,17.959183673469386,4.8979591836734695,13.061224489795919,82.0408163265306,67.75510204081633,14.285714285714285
E00175889,242,33,15,18,209,171,38,13.636363636363635,6.198347107438017,7.43801652892562,86.36363636363636,70.66115702479338,15.702479338842975
E00175890,111,42,13,29,69,63,6,37.83783783783784,11.711711711711711,26.126126126126124,62.16216216216216,56.75675675675676,5.405405405405405
E00175891,157,29,11,18,128,111,17,18.471337579617835,7.006369426751593,11.464968152866243,81.52866242038218,70.70063694267516,10.828025477707007
E00175892,175,22,8,14,153,127,26,12.571428571428573,4.571428571428571,8,87.42857142857143,72.57142857142857,14.857142857142858
E00175893,236,57,17,40,179,158,21,24.152542372881356,7.203389830508475,16.94915254237288,75.84745762711864,66.94915254237289,8.898305084745763
E00175894,286,72,26,46,214,196,18,25.174825174825177,9.090909090909092,16.083916083916083,74.82517482517483,68.53146853146853,6.293706293706294
E00175896,131,30,9,21,101,89,12,22.900763358778626,6.870229007633588,16.030534351145036,77.09923664122137,67.93893129770993,9.16030534351145
E00175897,115,27,15,12,88,78,10,23.47826086956522,13.043478260869565,10.434782608695652,76.52173913043478,67.82608695652173,8.695652173913043
E00175898,111,48,17,31,63,57,6,43.24324324324324,15.315315315315313,27.927927927927925,56.75675675675676,51.35135135135135,5.405405405405405
E00175899,90,34,14,20,56,52,4,37.77777777777778,15.555555555555555,22.22222222222222,62.22222222222222,57.77777777777777,4.444444444444445
E00175900,156,55,16,39,101,91,10,35.256410256410255,10.256410256410255,25,64.74358974358975,58.333333333333336,6.41025641025641
E00175901,136,23,12,11,113,104,9,16.911764705882355,8.823529411764707,8.088235294117647,83.08823529411765,76.47058823529412,6.61764705882353
E00175902,155,56,19,37,99,92,7,36.12903225806451,12.258064516129032,23.870967741935484,63.87096774193548,59.354838709677416,4.516129032258064
E00175903,185,74,24,50,111,98,13,40,12.972972972972974,27.027027027027028,60,52.972972972972975,7.027027027027027
E00175904,197,71,14,57,126,121,5,36.04060913705584,7.1065989847715745,28.934010152284262,63.95939086294417,61.42131979695431,2.5380710659898478
E00175905,302,35,13,22,267,242,25,11.589403973509933,4.304635761589404,7.28476821192053,88.41059602649007,80.13245033112582,8.27814569536424
E00175907,177,65,32,33,112,99,13,36.72316384180791,18.07909604519774,18.64406779661017,63.2768361581921,55.932203389830505,7.344632768361582
E00175908,179,57,30,27,122,110,12,31.843575418994412,16.75977653631285,15.083798882681565,68.15642458100558,61.452513966480446,6.70391061452514
E00175909,212,20,7,13,192,173,19,9.433962264150944,3.30188679245283,6.132075471698113,90.56603773584906,81.60377358490565,8.962264150943396
E00175910,144,14,1,13,130,118,12,9.722222222222223,0.6944444444444444,9.027777777777777,90.27777777777779,81.94444444444444,8.333333333333332
E00175911,182,45,20,25,137,122,15,24.725274725274726,10.989010989010989,13.736263736263737,75.27472527472527,67.03296703296702,8.241758241758241
E00175912,139,30,13,17,109,100,9,21.58273381294964,9.352517985611511,12.23021582733813,78.41726618705036,71.94244604316546,6.474820143884892
E00175913,96,29,2,27,67,62,5,30.208333333333332,2.083333333333333,28.125,69.79166666666666,64.58333333333334,5.208333333333334
E00175914,305,28,7,21,277,226,51,9.180327868852459,2.2950819672131146,6.885245901639345,90.81967213114754,74.09836065573771,16.721311475409838
E00175915,267,28,6,22,239,212,27,10.486891385767791,2.247191011235955,8.239700374531834,89.51310861423221,79.40074906367042,10.112359550561797
E00175917,193,12,6,6,181,147,34,6.217616580310881,3.1088082901554404,3.1088082901554404,93.78238341968913,76.16580310880829,17.616580310880828
E00175918,139,50,14,36,89,86,3,35.97122302158273,10.071942446043165,25.899280575539567,64.02877697841727,61.87050359712231,2.158273381294964
E00175919,121,36,9,27,85,80,5,29.75206611570248,7.43801652892562,22.31404958677686,70.24793388429752,66.11570247933885,4.132231404958678
E00175920,129,41,17,24,88,80,8,31.782945736434108,13.178294573643413,18.6046511627907,68.21705426356588,62.01550387596899,6.2015503875969
E00175921,141,52,22,30,89,82,7,36.87943262411347,15.602836879432624,21.27659574468085,63.12056737588653,58.156028368794324,4.964539007092199
E00175924,146,35,14,21,111,100,11,23.972602739726025,9.58904109589041,14.383561643835616,76.02739726027397,68.4931506849315,7.534246575342466
E00175925,155,60,19,41,95,90,5,38.70967741935484,12.258064516129032,26.451612903225808,61.29032258064516,58.06451612903226,3.225806451612903
E00175927,118,57,11,46,61,54,7,48.30508474576271,9.322033898305085,38.983050847457626,51.69491525423729,45.76271186440678,5.932203389830509
E00175930,72,28,6,22,44,39,5,38.88888888888889,8.333333333333332,30.555555555555557,61.111111111111114,54.166666666666664,6.944444444444445
E00175932,106,41,16,25,65,61,4,38.67924528301887,15.09433962264151,23.58490566037736,61.32075471698113,57.54716981132076,3.7735849056603774
E00175933,58,19,8,11,39,37,2,32.758620689655174,13.793103448275861,18.96551724137931,67.24137931034483,63.793103448275865,3.4482758620689653
E00175934,300,39,24,15,261,228,33,13,8,5,87,76,11
E00175935,139,35,17,18,104,95,9,25.179856115107913,12.23021582733813,12.949640287769784,74.82014388489209,68.34532374100719,6.474820143884892
E00175936,68,33,12,21,35,33,2,48.529411764705884,17.647058823529413,30.88235294117647,51.470588235294116,48.529411764705884,2.941176470588235
E00175939,48,16,3,13,32,30,2,33.33333333333333,6.25,27.083333333333332,66.66666666666666,62.5,4.166666666666666
E00175940,129,61,13,48,68,63,5,47.286821705426355,10.077519379844961,37.2093023255814,52.71317829457365,48.837209302325576,3.875968992248062
E00175941,153,64,22,42,89,79,10,41.830065359477125,14.37908496732026,27.450980392156865,58.16993464052288,51.633986928104584,6.535947712418301
E00175942,196,41,23,18,155,124,31,20.918367346938776,11.73469387755102,9.183673469387756,79.08163265306123,63.26530612244898,15.816326530612246
E00175943,161,75,35,40,86,69,17,46.58385093167702,21.73913043478261,24.84472049689441,53.41614906832298,42.857142857142854,10.559006211180124
E00175944,108,63,21,42,45,41,4,58.333333333333336,19.444444444444446,38.88888888888889,41.66666666666667,37.96296296296296,3.7037037037037033
E00175946,128,17,3,14,111,105,6,13.28125,2.34375,10.9375,86.71875,82.03125,4.6875
E00175947,202,26,16,10,176,165,11,12.871287128712872,7.920792079207921,4.9504950495049505,87.12871287128714,81.68316831683168,5.445544554455446
E00175948,95,24,9,15,71,60,11,25.263157894736842,9.473684210526317,15.789473684210526,74.73684210526315,63.1578947368421,11.578947368421053
E00175949,188,115,33,82,73,65,8,61.170212765957444,17.5531914893617,43.61702127659575,38.82978723404255,34.57446808510639,4.25531914893617
E00175950,131,51,10,41,80,75,5,38.93129770992366,7.633587786259542,31.297709923664126,61.06870229007634,57.25190839694656,3.816793893129771
E00175951,138,49,15,34,89,79,10,35.507246376811594,10.869565217391305,24.637681159420293,64.4927536231884,57.2463768115942,7.246376811594203
E00175952,375,43,20,23,332,297,35,11.466666666666667,5.333333333333334,6.133333333333333,88.53333333333333,79.2,9.333333333333334
E00175953,90,35,7,28,55,47,8,38.88888888888889,7.777777777777778,31.11111111111111,61.111111111111114,52.22222222222223,8.88888888888889
E00175954,128,45,8,37,83,83,0,35.15625,6.25,28.90625,64.84375,64.84375,0
E00175955,121,44,12,32,77,73,4,36.36363636363637,9.917355371900827,26.446280991735538,63.63636363636363,60.33057851239669,3.3057851239669422
E00175956,81,33,14,19,48,47,1,40.74074074074074,17.28395061728395,23.456790123456788,59.25925925925925,58.0246913580247,1.2345679012345678
E00175959,72,26,19,7,46,42,4,36.11111111111111,26.38888888888889,9.722222222222223,63.888888888888886,58.333333333333336,5.555555555555555
E00175960,119,26,15,11,93,79,14,21.84873949579832,12.605042016806722,9.243697478991598,78.15126050420169,66.38655462184873,11.76470588235294
E00175961,142,32,20,12,110,91,19,22.535211267605636,14.084507042253522,8.450704225352112,77.46478873239437,64.08450704225352,13.380281690140844
E00175963,91,19,12,7,72,60,12,20.87912087912088,13.186813186813188,7.6923076923076925,79.12087912087912,65.93406593406593,13.186813186813188
E00175964,102,9,3,6,93,83,10,8.823529411764707,2.941176470588235,5.88235294117647,91.17647058823529,81.37254901960785,9.803921568627452
E00175965,201,38,22,16,163,144,19,18.90547263681592,10.945273631840797,7.960199004975125,81.09452736318407,71.64179104477611,9.45273631840796
E00175966,143,43,12,31,100,86,14,30.069930069930066,8.391608391608392,21.678321678321677,69.93006993006993,60.13986013986013,9.79020979020979
E00175967,148,54,11,43,94,87,7,36.486486486486484,7.4324324324324325,29.054054054054053,63.51351351351351,58.78378378378378,4.72972972972973
E00175968,118,44,16,28,74,68,6,37.28813559322034,13.559322033898304,23.728813559322035,62.71186440677966,57.6271186440678,5.084745762711865
E00175969,73,27,6,21,46,46,0,36.986301369863014,8.21917808219178,28.767123287671232,63.013698630136986,63.013698630136986,0
E00175970,104,45,13,32,59,53,6,43.269230769230774,12.5,30.76923076923077,56.730769230769226,50.96153846153846,5.769230769230769
E00175971,165,29,13,16,136,122,14,17.575757575757574,7.878787878787878,9.696969696969697,82.42424242424242,73.93939393939394,8.484848484848486
E00175972,163,46,31,15,117,108,9,28.22085889570552,19.018404907975462,9.202453987730062,71.77914110429448,66.25766871165644,5.521472392638037
E00175973,107,24,10,14,83,73,10,22.429906542056074,9.345794392523365,13.084112149532709,77.57009345794393,68.22429906542055,9.345794392523365
E00175974,141,36,9,27,105,95,10,25.53191489361702,6.382978723404255,19.148936170212767,74.46808510638297,67.37588652482269,7.092198581560284
E00175975,141,51,23,28,90,78,12,36.17021276595745,16.312056737588655,19.858156028368796,63.829787234042556,55.319148936170215,8.51063829787234
E00175976,129,42,10,32,87,80,7,32.55813953488372,7.751937984496124,24.8062015503876,67.44186046511628,62.01550387596899,5.426356589147287
E00175977,130,29,9,20,101,91,10,22.30769230769231,6.923076923076923,15.384615384615385,77.6923076923077,70,7.6923076923076925
E00175978,152,34,12,22,118,108,10,22.36842105263158,7.894736842105263,14.473684210526317,77.63157894736842,71.05263157894737,6.578947368421052
E00175979,131,29,8,21,102,93,9,22.137404580152673,6.106870229007633,16.030534351145036,77.86259541984732,70.99236641221374,6.870229007633588
E00175980,154,49,15,34,105,90,15,31.818181818181817,9.740259740259742,22.07792207792208,68.18181818181817,58.44155844155844,9.740259740259742
E00175981,146,51,13,38,95,82,13,34.93150684931507,8.904109589041095,26.027397260273972,65.06849315068493,56.16438356164384,8.904109589041095
E00175982,138,24,5,19,114,94,20,17.391304347826086,3.6231884057971016,13.768115942028986,82.6086956521739,68.11594202898551,14.492753623188406
E00175983,154,18,7,11,136,122,14,11.688311688311687,4.545454545454546,7.142857142857142,88.31168831168831,79.22077922077922,9.090909090909092
E00175984,153,18,8,10,135,113,22,11.76470588235294,5.228758169934641,6.535947712418301,88.23529411764706,73.8562091503268,14.37908496732026
E00175985,153,26,12,14,127,112,15,16.99346405228758,7.8431372549019605,9.15032679738562,83.00653594771242,73.20261437908496,9.803921568627452
E00175986,84,16,5,11,68,53,15,19.047619047619047,5.952380952380952,13.095238095238097,80.95238095238095,63.095238095238095,17.857142857142858
E00175987,153,13,3,10,140,124,16,8.49673202614379,1.9607843137254901,6.535947712418301,91.50326797385621,81.04575163398692,10.457516339869281
E00175988,104,23,8,15,81,73,8,22.115384615384613,7.6923076923076925,14.423076923076922,77.88461538461539,70.1923076923077,7.6923076923076925
E00175989,152,16,15,1,136,117,19,10.526315789473683,9.868421052631579,0.6578947368421052,89.47368421052632,76.97368421052632,12.5
E00175990,280,31,7,24,249,212,37,11.071428571428571,2.5,8.571428571428571,88.92857142857142,75.71428571428571,13.214285714285715
E00175991,111,26,11,15,85,66,19,23.423423423423422,9.90990990990991,13.513513513513514,76.57657657657657,59.45945945945946,17.117117117117118
E00175992,249,52,26,26,197,171,26,20.883534136546185,10.441767068273093,10.441767068273093,79.11646586345381,68.67469879518072,10.441767068273093
E00175993,116,21,7,14,95,79,16,18.103448275862068,6.0344827586206895,12.068965517241379,81.89655172413794,68.10344827586206,13.793103448275861
E00175994,153,22,12,10,131,107,24,14.37908496732026,7.8431372549019605,6.535947712418301,85.62091503267973,69.93464052287581,15.686274509803921
E00175995,123,18,7,11,105,95,10,14.634146341463413,5.691056910569105,8.94308943089431,85.36585365853658,77.23577235772358,8.130081300813007
E00175996,157,14,7,7,143,130,13,8.9171974522293,4.45859872611465,4.45859872611465,91.0828025477707,82.80254777070064,8.280254777070063
E00175998,123,14,7,7,109,90,19,11.38211382113821,5.691056910569105,5.691056910569105,88.6178861788618,73.17073170731707,15.447154471544716
E00175999,222,29,11,18,193,155,38,13.063063063063062,4.954954954954955,8.108108108108109,86.93693693693693,69.81981981981981,17.117117117117118
E00176001,219,36,22,14,183,160,23,16.43835616438356,10.045662100456621,6.392694063926941,83.56164383561644,73.0593607305936,10.50228310502283
E00176003,147,14,4,10,133,117,16,9.523809523809524,2.7210884353741496,6.802721088435375,90.47619047619048,79.59183673469387,10.884353741496598
E00176004,156,29,19,10,127,120,7,18.58974358974359,12.179487179487179,6.41025641025641,81.41025641025641,76.92307692307693,4.487179487179487
E00176006,167,14,6,8,153,131,22,8.383233532934131,3.592814371257485,4.790419161676647,91.61676646706587,78.44311377245509,13.17365269461078
E00176007,78,14,6,8,64,54,10,17.94871794871795,7.6923076923076925,10.256410256410255,82.05128205128204,69.23076923076923,12.82051282051282
E00176008,81,14,0,14,67,54,13,17.28395061728395,0,17.28395061728395,82.71604938271605,66.66666666666666,16.049382716049383
E00176009,132,17,9,8,115,105,10,12.878787878787879,6.8181818181818175,6.0606060606060606,87.12121212121212,79.54545454545455,7.575757575757576
E00176010,188,23,14,9,165,147,18,12.23404255319149,7.446808510638298,4.787234042553192,87.7659574468085,78.19148936170212,9.574468085106384
E00176011,129,21,4,17,108,102,6,16.27906976744186,3.10077519379845,13.178294573643413,83.72093023255815,79.06976744186046,4.651162790697675
E00176012,200,42,13,29,158,143,15,21,6.5,14.499999999999998,79,71.5,7.5
E00176013,110,18,0,18,92,85,7,16.363636363636363,0,16.363636363636363,83.63636363636363,77.27272727272727,6.363636363636363
E00176014,129,30,9,21,99,93,6,23.25581395348837,6.976744186046512,16.27906976744186,76.74418604651163,72.09302325581395,4.651162790697675
E00176015,128,36,12,24,92,76,16,28.125,9.375,18.75,71.875,59.375,12.5
E00176016,49,20,6,14,29,28,1,40.816326530612244,12.244897959183673,28.57142857142857,59.183673469387756,57.14285714285714,2.0408163265306123
E00176017,78,21,9,12,57,51,6,26.923076923076923,11.538461538461538,15.384615384615385,73.07692307692307,65.38461538461539,7.6923076923076925
E00176019,167,74,37,37,93,80,13,44.31137724550898,22.15568862275449,22.15568862275449,55.688622754491014,47.90419161676647,7.784431137724551
E00176020,147,70,36,34,77,70,7,47.61904761904761,24.489795918367346,23.12925170068027,52.38095238095239,47.61904761904761,4.761904761904762
E00176021,220,111,34,77,109,91,18,50.45454545454545,15.454545454545453,35,49.54545454545455,41.36363636363637,8.181818181818182
E00176022,89,40,21,19,49,45,4,44.9438202247191,23.595505617977526,21.34831460674157,55.0561797752809,50.56179775280899,4.49438202247191
E00176023,95,51,9,42,44,44,0,53.68421052631579,9.473684210526317,44.21052631578947,46.31578947368421,46.31578947368421,0
E00176024,138,14,10,4,124,111,13,10.144927536231885,7.246376811594203,2.898550724637681,89.85507246376811,80.43478260869566,9.420289855072465
E00176025,116,18,4,14,98,84,14,15.517241379310345,3.4482758620689653,12.068965517241379,84.48275862068965,72.41379310344827,12.068965517241379
E00176026,64,28,9,19,36,32,4,43.75,14.0625,29.6875,56.25,50,6.25
E00176027,146,96,64,32,50,48,2,65.75342465753424,43.83561643835616,21.91780821917808,34.24657534246575,32.87671232876712,1.36986301369863
E00176028,76,13,6,7,63,55,8,17.105263157894736,7.894736842105263,9.210526315789473,82.89473684210526,72.36842105263158,10.526315789473683
E00176029,146,22,8,14,124,102,22,15.068493150684931,5.47945205479452,9.58904109589041,84.93150684931507,69.86301369863014,15.068493150684931
E00176030,150,110,92,18,40,33,7,73.33333333333333,61.33333333333333,12,26.666666666666668,22,4.666666666666667
E00176032,189,34,18,16,155,137,18,17.989417989417987,9.523809523809524,8.465608465608465,82.01058201058201,72.4867724867725,9.523809523809524
E00176033,181,43,11,32,138,126,12,23.756906077348066,6.077348066298343,17.67955801104972,76.24309392265194,69.61325966850829,6.629834254143646
E00176034,325,51,23,28,274,253,21,15.692307692307692,7.076923076923077,8.615384615384615,84.3076923076923,77.84615384615384,6.461538461538462
E00176035,151,14,4,10,137,118,19,9.271523178807946,2.6490066225165565,6.622516556291391,90.72847682119205,78.1456953642384,12.582781456953644
E00176036,78,31,6,25,47,44,3,39.743589743589745,7.6923076923076925,32.05128205128205,60.256410256410255,56.41025641025641,3.8461538461538463
E00176037,213,35,19,16,178,163,15,16.431924882629108,8.92018779342723,7.511737089201878,83.56807511737088,76.52582159624414,7.042253521126761
E00176039,119,36,18,18,83,71,12,30.252100840336134,15.126050420168067,15.126050420168067,69.74789915966386,59.66386554621849,10.084033613445378
E00176040,71,25,7,18,46,41,5,35.2112676056338,9.859154929577464,25.352112676056336,64.7887323943662,57.74647887323944,7.042253521126761
E00176042,171,59,11,48,112,103,9,34.50292397660819,6.432748538011696,28.07017543859649,65.49707602339181,60.23391812865497,5.263157894736842
E00176043,99,44,9,35,55,47,8,44.44444444444444,9.090909090909092,35.35353535353536,55.55555555555556,47.474747474747474,8.080808080808081
E00176044,171,52,13,39,119,106,13,30.409356725146196,7.602339181286549,22.807017543859647,69.5906432748538,61.98830409356725,7.602339181286549
E00176045,120,29,15,14,91,81,10,24.166666666666668,12.5,11.666666666666666,75.83333333333333,67.5,8.333333333333332
E00176047,91,34,6,28,57,41,16,37.362637362637365,6.593406593406594,30.76923076923077,62.637362637362635,45.05494505494506,17.582417582417584
E00176050,146,25,11,14,121,108,13,17.123287671232877,7.534246575342466,9.58904109589041,82.87671232876713,73.97260273972603,8.904109589041095
E00176052,218,25,6,19,193,164,29,11.46788990825688,2.7522935779816518,8.715596330275229,88.53211009174312,75.22935779816514,13.302752293577983
E00176053,116,20,9,11,96,79,17,17.24137931034483,7.758620689655173,9.482758620689655,82.75862068965517,68.10344827586206,14.655172413793101
E00176054,207,47,27,20,160,143,17,22.705314009661837,13.043478260869565,9.66183574879227,77.29468599033817,69.08212560386472,8.212560386473431
E00176057,148,11,4,7,137,120,17,7.4324324324324325,2.7027027027027026,4.72972972972973,92.56756756756756,81.08108108108108,11.486486486486488
E00176059,183,27,7,20,156,140,16,14.754098360655737,3.825136612021858,10.92896174863388,85.24590163934425,76.50273224043715,8.743169398907105
E00176060,174,43,12,31,131,123,8,24.71264367816092,6.896551724137931,17.81609195402299,75.28735632183908,70.6896551724138,4.597701149425287
E00176062,180,25,14,11,155,131,24,13.88888888888889,7.777777777777778,6.111111111111111,86.11111111111111,72.77777777777777,13.333333333333334
E00176063,113,16,5,11,97,85,12,14.15929203539823,4.424778761061947,9.734513274336283,85.84070796460178,75.22123893805309,10.619469026548673
E00176064,83,26,10,16,57,52,5,31.32530120481928,12.048192771084338,19.27710843373494,68.67469879518072,62.65060240963856,6.024096385542169
E00176065,95,19,0,19,76,59,17,20,0,20,80,62.10526315789474,17.894736842105264
E00176066,158,46,13,33,112,99,13,29.11392405063291,8.227848101265822,20.88607594936709,70.88607594936708,62.65822784810127,8.227848101265822
E00176068,103,30,11,19,73,70,3,29.126213592233007,10.679611650485436,18.446601941747574,70.87378640776699,67.96116504854369,2.912621359223301
E00176069,72,26,4,22,46,40,6,36.11111111111111,5.555555555555555,30.555555555555557,63.888888888888886,55.55555555555556,8.333333333333332
E00176071,123,40,17,23,83,74,9,32.52032520325203,13.821138211382115,18.69918699186992,67.47967479674797,60.16260162601627,7.317073170731707
E00176072,122,42,14,28,80,75,5,34.42622950819672,11.475409836065573,22.950819672131146,65.57377049180327,61.47540983606557,4.098360655737705
E00176073,131,40,12,28,91,78,13,30.53435114503817,9.16030534351145,21.374045801526716,69.46564885496184,59.541984732824424,9.923664122137405
E00176075,92,21,8,13,71,64,7,22.82608695652174,8.695652173913043,14.130434782608695,77.17391304347827,69.56521739130434,7.608695652173914
E00176076,218,32,10,22,186,166,20,14.678899082568808,4.587155963302752,10.091743119266056,85.3211009174312,76.14678899082568,9.174311926605505
E00176077,128,31,13,18,97,83,14,24.21875,10.15625,14.0625,75.78125,64.84375,10.9375
E00176078,134,41,13,28,93,89,4,30.597014925373134,9.701492537313433,20.8955223880597,69.40298507462687,66.4179104477612,2.9850746268656714
E00176080,321,39,20,19,282,249,33,12.149532710280374,6.230529595015576,5.919003115264798,87.85046728971963,77.57009345794393,10.2803738317757
E00176081,87,38,22,16,49,45,4,43.67816091954023,25.287356321839084,18.39080459770115,56.32183908045977,51.724137931034484,4.597701149425287
E00176083,196,48,14,34,148,132,16,24.489795918367346,7.142857142857142,17.346938775510203,75.51020408163265,67.3469387755102,8.16326530612245
E00176084,87,20,3,17,67,63,4,22.988505747126435,3.4482758620689653,19.54022988505747,77.01149425287356,72.41379310344827,4.597701149425287
E00176085,45,17,9,8,28,15,13,37.77777777777778,20,17.77777777777778,62.22222222222222,33.33333333333333,28.888888888888886
E00176086,125,15,3,12,110,96,14,12,2.4,9.6,88,76.8,11.200000000000001
E00176087,173,38,19,19,135,113,22,21.965317919075144,10.982658959537572,10.982658959537572,78.03468208092485,65.3179190751445,12.716763005780345
E00176088,286,26,7,19,260,232,28,9.090909090909092,2.4475524475524475,6.643356643356643,90.9090909090909,81.11888111888112,9.79020979020979
E00176089,155,26,5,21,129,114,15,16.7741935483871,3.225806451612903,13.548387096774196,83.22580645161291,73.54838709677419,9.67741935483871
E00176090,115,42,12,30,73,65,8,36.52173913043478,10.434782608695652,26.08695652173913,63.47826086956522,56.52173913043478,6.956521739130435
E00176092,169,32,9,23,137,116,21,18.93491124260355,5.325443786982249,13.609467455621301,81.06508875739645,68.63905325443787,12.42603550295858
E00176093,87,39,18,21,48,42,6,44.827586206896555,20.689655172413794,24.137931034482758,55.172413793103445,48.275862068965516,6.896551724137931
E00180776,167,101,71,30,66,62,4,60.47904191616767,42.51497005988024,17.964071856287426,39.52095808383233,37.12574850299401,2.3952095808383236
E00180777,256,72,52,20,184,164,20,28.125,20.3125,7.8125,71.875,64.0625,7.8125
E00180778,107,37,15,22,70,62,8,34.57943925233645,14.018691588785046,20.5607476635514,65.42056074766354,57.943925233644855,7.476635514018691
E00180779,407,284,183,101,123,113,10,69.77886977886978,44.96314496314496,24.815724815724817,30.22113022113022,27.764127764127768,2.457002457002457
E00180780,162,61,23,38,101,94,7,37.65432098765432,14.19753086419753,23.456790123456788,62.34567901234568,58.0246913580247,4.320987654320987
E00180781,209,117,71,46,92,88,4,55.980861244019145,33.97129186602871,22.00956937799043,44.01913875598086,42.10526315789473,1.9138755980861244
E00180782,160,77,38,39,83,77,6,48.125,23.75,24.375,51.87500000000001,48.125,3.75
E00180783,157,101,65,36,56,52,4,64.3312101910828,41.40127388535032,22.929936305732486,35.6687898089172,33.12101910828025,2.547770700636943
E00180784,134,45,14,31,89,68,21,33.582089552238806,10.44776119402985,23.134328358208954,66.4179104477612,50.74626865671642,15.671641791044777
E00180785,100,60,36,24,40,36,4,60,36,24,40,36,4
E00180786,177,34,12,22,143,116,27,19.2090395480226,6.779661016949152,12.429378531073446,80.7909604519774,65.5367231638418,15.254237288135593
E00180787,418,254,164,90,164,143,21,60.76555023923444,39.23444976076555,21.5311004784689,39.23444976076555,34.21052631578947,5.023923444976076
E00180788,157,74,37,37,83,80,3,47.13375796178344,23.56687898089172,23.56687898089172,52.86624203821656,50.955414012738856,1.910828025477707
E00180789,262,39,16,23,223,201,22,14.885496183206106,6.106870229007633,8.778625954198473,85.1145038167939,76.7175572519084,8.396946564885496
E00180790,265,41,20,21,224,192,32,15.471698113207546,7.547169811320755,7.9245283018867925,84.52830188679246,72.45283018867924,12.075471698113208
E00180791,236,27,8,19,209,182,27,11.440677966101696,3.389830508474576,8.050847457627118,88.5593220338983,77.11864406779661,11.440677966101696
E00180792,144,93,67,26,51,45,6,64.58333333333334,46.52777777777778,18.055555555555554,35.41666666666667,31.25,4.166666666666666
E00180793,91,51,35,16,40,34,6,56.043956043956044,38.46153846153847,17.582417582417584,43.956043956043956,37.362637362637365,6.593406593406594
E00180794,408,46,29,17,362,293,69,11.27450980392157,7.107843137254902,4.166666666666666,88.72549019607843,71.81372549019608,16.911764705882355
E00180795,152,16,13,3,136,116,20,10.526315789473683,8.552631578947368,1.9736842105263157,89.47368421052632,76.31578947368422,13.157894736842104
E00180796,234,33,21,12,201,174,27,14.102564102564102,8.974358974358974,5.128205128205128,85.8974358974359,74.35897435897436,11.538461538461538
E00180797,182,18,14,4,164,145,19,9.89010989010989,7.6923076923076925,2.197802197802198,90.10989010989012,79.67032967032966,10.43956043956044
E00180798,142,51,15,36,91,84,7,35.91549295774648,10.56338028169014,25.352112676056336,64.08450704225352,59.154929577464785,4.929577464788732
E00180799,85,29,12,17,56,50,6,34.11764705882353,14.117647058823529,20,65.88235294117646,58.82352941176471,7.0588235294117645
E00180800,154,80,13,67,74,68,6,51.94805194805194,8.441558441558442,43.506493506493506,48.05194805194805,44.15584415584416,3.896103896103896
E00180801,113,38,11,27,75,67,8,33.6283185840708,9.734513274336283,23.893805309734514,66.3716814159292,59.29203539823009,7.079646017699115
E00180802,185,61,23,38,124,117,7,32.972972972972975,12.432432432432433,20.54054054054054,67.02702702702703,63.24324324324324,3.783783783783784
E00180803,53,25,8,17,28,27,1,47.16981132075472,15.09433962264151,32.075471698113205,52.83018867924528,50.943396226415096,1.8867924528301887
E00180804,175,21,9,12,154,121,33,12,5.142857142857142,6.857142857142858,88,69.14285714285714,18.857142857142858
E00180805,199,69,21,48,130,112,18,34.67336683417086,10.552763819095476,24.120603015075375,65.32663316582915,56.28140703517588,9.045226130653267
E00180806,91,21,8,13,70,59,11,23.076923076923077,8.791208791208792,14.285714285714285,76.92307692307693,64.83516483516483,12.087912087912088
E00180807,86,38,13,25,48,44,4,44.18604651162791,15.11627906976744,29.069767441860467,55.81395348837209,51.162790697674424,4.651162790697675
E00180808,212,43,13,30,169,148,21,20.28301886792453,6.132075471698113,14.150943396226415,79.71698113207547,69.81132075471697,9.90566037735849
E00180809,256,71,19,52,185,163,22,27.734375,7.421875,20.3125,72.265625,63.671875,8.59375
E00180810,144,52,10,42,92,85,7,36.11111111111111,6.944444444444445,29.166666666666668,63.888888888888886,59.02777777777778,4.861111111111112
E00180811,89,18,5,13,71,65,6,20.224719101123593,5.617977528089887,14.606741573033707,79.7752808988764,73.03370786516854,6.741573033707865
E00180812,216,24,10,14,192,170,22,11.11111111111111,4.62962962962963,6.481481481481481,88.88888888888889,78.70370370370371,10.185185185185185
E00180813,42,10,4,6,32,31,1,23.809523809523807,9.523809523809524,14.285714285714285,76.19047619047619,73.80952380952381,2.380952380952381
E00180814,107,41,28,13,66,61,5,38.31775700934579,26.168224299065418,12.149532710280374,61.6822429906542,57.009345794392516,4.672897196261682
E00180815,69,32,12,20,37,32,5,46.3768115942029,17.391304347826086,28.985507246376812,53.62318840579711,46.3768115942029,7.246376811594203
E00180816,53,33,8,25,20,16,4,62.264150943396224,15.09433962264151,47.16981132075472,37.735849056603776,30.18867924528302,7.547169811320755
E00180817,116,26,9,17,90,84,6,22.413793103448278,7.758620689655173,14.655172413793101,77.58620689655173,72.41379310344827,5.172413793103448
E00180818,83,18,9,9,65,59,6,21.686746987951807,10.843373493975903,10.843373493975903,78.3132530120482,71.08433734939759,7.228915662650602
E00180819,105,47,20,27,58,51,7,44.761904761904766,19.047619047619047,25.71428571428571,55.23809523809524,48.57142857142857,6.666666666666667
E00180820,58,21,9,12,37,33,4,36.206896551724135,15.517241379310345,20.689655172413794,63.793103448275865,56.896551724137936,6.896551724137931
E00180821,177,71,21,50,106,94,12,40.11299435028249,11.864406779661017,28.24858757062147,59.887005649717516,53.10734463276836,6.779661016949152
E00180822,44,27,10,17,17,16,1,61.36363636363637,22.727272727272727,38.63636363636363,38.63636363636363,36.36363636363637,2.272727272727273
E00180823,170,70,26,44,100,91,9,41.17647058823529,15.294117647058824,25.882352941176475,58.82352941176471,53.529411764705884,5.294117647058823
E00180824,196,35,17,18,161,138,23,17.857142857142858,8.673469387755102,9.183673469387756,82.14285714285714,70.40816326530613,11.73469387755102
E00180825,202,96,33,63,106,95,11,47.524752475247524,16.33663366336634,31.18811881188119,52.475247524752476,47.02970297029702,5.445544554455446
E00180826,53,30,9,21,23,22,1,56.60377358490566,16.9811320754717,39.62264150943396,43.39622641509434,41.509433962264154,1.8867924528301887
E00180827,194,59,20,39,135,115,20,30.412371134020617,10.309278350515463,20.103092783505154,69.58762886597938,59.27835051546392,10.309278350515463
E00180828,185,35,6,29,150,120,30,18.91891891891892,3.2432432432432434,15.675675675675677,81.08108108108108,64.86486486486487,16.216216216216218
E00180829,51,28,7,21,23,21,2,54.90196078431373,13.725490196078432,41.17647058823529,45.09803921568628,41.17647058823529,3.9215686274509802
E00180830,79,34,7,27,45,39,6,43.037974683544306,8.860759493670885,34.177215189873415,56.9620253164557,49.36708860759494,7.59493670886076
E00180831,111,66,14,52,45,42,3,59.45945945945946,12.612612612612612,46.846846846846844,40.54054054054054,37.83783783783784,2.7027027027027026
E00180832,69,17,4,13,52,47,5,24.637681159420293,5.797101449275362,18.84057971014493,75.36231884057972,68.11594202898551,7.246376811594203
E00180833,141,81,45,36,60,54,6,57.446808510638306,31.914893617021278,25.53191489361702,42.5531914893617,38.297872340425535,4.25531914893617
E00180834,72,21,8,13,51,46,5,29.166666666666668,11.11111111111111,18.055555555555554,70.83333333333334,63.888888888888886,6.944444444444445
E00180835,118,56,18,38,62,56,6,47.45762711864407,15.254237288135593,32.20338983050847,52.54237288135594,47.45762711864407,5.084745762711865
E00180836,136,63,20,43,73,72,1,46.32352941176471,14.705882352941178,31.61764705882353,53.67647058823529,52.94117647058824,0.7352941176470588
E00180837,178,13,3,10,165,145,20,7.303370786516854,1.6853932584269662,5.617977528089887,92.69662921348315,81.46067415730337,11.235955056179774
E00180838,104,27,9,18,77,69,8,25.961538461538463,8.653846153846153,17.307692307692307,74.03846153846155,66.34615384615384,7.6923076923076925
E00180839,224,62,19,43,162,149,13,27.67857142857143,8.482142857142858,19.196428571428573,72.32142857142857,66.51785714285714,5.803571428571429
E00180840,195,64,21,43,131,117,14,32.82051282051282,10.76923076923077,22.05128205128205,67.17948717948717,60,7.179487179487179
E00180841,92,24,5,19,68,62,6,26.08695652173913,5.434782608695652,20.652173913043477,73.91304347826086,67.3913043478261,6.521739130434782
E00180842,166,30,16,14,136,116,20,18.072289156626507,9.63855421686747,8.433734939759036,81.92771084337349,69.87951807228916,12.048192771084338
E00180843,80,33,18,15,47,42,5,41.25,22.5,18.75,58.75,52.5,6.25
E00180844,128,71,20,51,57,48,9,55.46875,15.625,39.84375,44.53125,37.5,7.03125
E00180845,34,9,1,8,25,23,2,26.47058823529412,2.941176470588235,23.52941176470588,73.52941176470588,67.64705882352942,5.88235294117647
E00180846,148,14,5,9,134,115,19,9.45945945945946,3.3783783783783785,6.081081081081082,90.54054054054053,77.7027027027027,12.837837837837837
E00180847,107,46,17,29,61,53,8,42.99065420560748,15.887850467289718,27.102803738317753,57.009345794392516,49.532710280373834,7.476635514018691
E00180848,265,65,23,42,200,185,15,24.528301886792452,8.679245283018867,15.849056603773585,75.47169811320755,69.81132075471697,5.660377358490567
E00180849,415,55,24,31,360,313,47,13.253012048192772,5.783132530120482,7.46987951807229,86.74698795180723,75.42168674698794,11.325301204819278
E00180850,241,47,15,32,194,178,16,19.502074688796682,6.224066390041494,13.278008298755188,80.49792531120332,73.85892116182573,6.639004149377594
E00180851,217,20,10,10,197,166,31,9.216589861751153,4.6082949308755765,4.6082949308755765,90.78341013824884,76.49769585253456,14.285714285714285
E00180852,198,29,5,24,169,160,9,14.646464646464647,2.525252525252525,12.121212121212121,85.35353535353535,80.8080808080808,4.545454545454546
E00180853,193,22,14,8,171,155,16,11.398963730569948,7.253886010362693,4.145077720207254,88.60103626943005,80.31088082901555,8.290155440414509
E00180854,131,70,43,27,61,57,4,53.43511450381679,32.82442748091603,20.610687022900763,46.56488549618321,43.51145038167939,3.0534351145038165
E00180855,149,79,29,50,70,64,6,53.02013422818792,19.463087248322147,33.557046979865774,46.97986577181208,42.95302013422819,4.026845637583892
E00180856,133,32,12,20,101,94,7,24.06015037593985,9.022556390977442,15.037593984962406,75.93984962406014,70.67669172932331,5.263157894736842
E00180857,189,22,9,13,167,157,10,11.64021164021164,4.761904761904762,6.878306878306878,88.35978835978835,83.06878306878306,5.291005291005291
E00180858,43,14,12,2,29,29,0,32.55813953488372,27.906976744186046,4.651162790697675,67.44186046511628,67.44186046511628,0
E00180859,217,35,20,15,182,161,21,16.129032258064516,9.216589861751153,6.912442396313365,83.87096774193549,74.19354838709677,9.67741935483871
E00180860,89,36,15,21,53,50,3,40.44943820224719,16.853932584269664,23.595505617977526,59.55056179775281,56.17977528089888,3.3707865168539324
E00180861,140,72,20,52,68,63,5,51.42857142857142,14.285714285714285,37.142857142857146,48.57142857142857,45,3.571428571428571
E00180862,112,75,48,27,37,36,1,66.96428571428571,42.857142857142854,24.107142857142858,33.035714285714285,32.142857142857146,0.8928571428571428
E00180863,81,12,2,10,69,53,16,14.814814814814813,2.4691358024691357,12.345679012345679,85.18518518518519,65.4320987654321,19.753086419753085
E00180864,63,12,0,12,51,46,5,19.047619047619047,0,19.047619047619047,80.95238095238095,73.01587301587301,7.936507936507936
E00180865,156,25,11,14,131,117,14,16.025641025641026,7.051282051282051,8.974358974358974,83.97435897435898,75,8.974358974358974
E00180866,236,38,9,29,198,179,19,16.101694915254235,3.8135593220338984,12.288135593220339,83.89830508474576,75.84745762711864,8.050847457627118
E00180867,153,44,14,30,109,101,8,28.75816993464052,9.15032679738562,19.607843137254903,71.24183006535948,66.01307189542483,5.228758169934641
E00180868,166,27,10,17,139,131,8,16.265060240963855,6.024096385542169,10.240963855421686,83.73493975903614,78.91566265060241,4.819277108433735
E00180869,151,25,8,17,126,113,13,16.55629139072848,5.298013245033113,11.258278145695364,83.44370860927152,74.83443708609272,8.609271523178808
E00180870,150,19,7,12,131,116,15,12.666666666666668,4.666666666666667,8,87.33333333333333,77.33333333333333,10
E00180871,82,49,20,29,33,33,0,59.756097560975604,24.390243902439025,35.36585365853659,40.243902439024396,40.243902439024396,0
E00180872,68,23,3,20,45,43,2,33.82352941176471,4.411764705882353,29.411764705882355,66.17647058823529,63.23529411764706,2.941176470588235
E00180873,46,22,7,15,24,24,0,47.82608695652174,15.217391304347828,32.608695652173914,52.17391304347826,52.17391304347826,0
E00180874,105,37,13,24,68,61,7,35.23809523809524,12.380952380952381,22.857142857142858,64.76190476190476,58.0952380952381,6.666666666666667
E00180875,58,31,10,21,27,22,5,53.44827586206896,17.24137931034483,36.206896551724135,46.55172413793103,37.93103448275862,8.620689655172415
E00180876,364,32,12,20,332,297,35,8.791208791208792,3.296703296703297,5.4945054945054945,91.20879120879121,81.5934065934066,9.615384615384617
E00180877,140,53,13,40,87,83,4,37.857142857142854,9.285714285714286,28.57142857142857,62.142857142857146,59.285714285714285,2.857142857142857
E00180878,148,38,15,23,110,99,11,25.675675675675674,10.135135135135135,15.54054054054054,74.32432432432432,66.8918918918919,7.4324324324324325
E00180879,60,20,4,16,40,36,4,33.33333333333333,6.666666666666667,26.666666666666668,66.66666666666666,60,6.666666666666667
E00180880,137,43,9,34,94,81,13,31.386861313868614,6.569343065693431,24.817518248175183,68.61313868613139,59.12408759124088,9.48905109489051
E00180881,150,14,3,11,136,124,12,9.333333333333334,2,7.333333333333333,90.66666666666666,82.66666666666667,8
E00180882,174,32,7,25,142,131,11,18.39080459770115,4.022988505747127,14.367816091954023,81.60919540229885,75.28735632183908,6.321839080459771
E00180883,144,14,3,11,130,111,19,9.722222222222223,2.083333333333333,7.638888888888889,90.27777777777779,77.08333333333334,13.194444444444445
E00180884,40,19,7,12,21,18,3,47.5,17.5,30,52.5,45,7.5
E00180885,304,33,15,18,271,236,35,10.855263157894738,4.934210526315789,5.921052631578947,89.14473684210526,77.63157894736842,11.513157894736842
E00180886,213,19,10,9,194,156,38,8.92018779342723,4.694835680751173,4.225352112676056,91.07981220657277,73.23943661971832,17.84037558685446
E00180887,105,54,27,27,51,51,0,51.42857142857142,25.71428571428571,25.71428571428571,48.57142857142857,48.57142857142857,0
E00180888,68,27,4,23,41,34,7,39.705882352941174,5.88235294117647,33.82352941176471,60.29411764705882,50,10.294117647058822
E00180889,113,18,5,13,95,82,13,15.929203539823009,4.424778761061947,11.504424778761061,84.070796460177,72.56637168141593,11.504424778761061
E00180890,244,63,18,45,181,158,23,25.81967213114754,7.377049180327869,18.442622950819672,74.18032786885246,64.75409836065575,9.426229508196721
E00180891,109,15,7,8,94,88,6,13.761467889908257,6.422018348623854,7.339449541284404,86.23853211009175,80.73394495412845,5.5045871559633035
E00180892,106,30,11,19,76,69,7,28.30188679245283,10.377358490566039,17.92452830188679,71.69811320754717,65.09433962264151,6.60377358490566
E00180893,70,42,12,30,28,26,2,60,17.142857142857142,42.857142857142854,40,37.142857142857146,2.857142857142857
E00180894,71,16,6,10,55,51,4,22.535211267605636,8.450704225352112,14.084507042253522,77.46478873239437,71.83098591549296,5.633802816901409
E00180895,142,83,14,69,59,53,6,58.45070422535211,9.859154929577464,48.59154929577465,41.54929577464789,37.32394366197183,4.225352112676056
E00180896,128,72,41,31,56,54,2,56.25,32.03125,24.21875,43.75,42.1875,1.5625
E00180897,198,63,24,39,135,124,11,31.818181818181817,12.121212121212121,19.696969696969695,68.18181818181817,62.62626262626263,5.555555555555555
E00180898,202,24,10,14,178,157,21,11.881188118811881,4.9504950495049505,6.9306930693069315,88.11881188118812,77.72277227722772,10.396039603960396
E00180899,82,53,22,31,29,29,0,64.63414634146342,26.82926829268293,37.80487804878049,35.36585365853659,35.36585365853659,0
E00180900,141,39,14,25,102,88,14,27.659574468085108,9.929078014184398,17.73049645390071,72.3404255319149,62.4113475177305,9.929078014184398
E00180901,138,11,4,7,127,98,29,7.971014492753622,2.898550724637681,5.072463768115942,92.02898550724638,71.01449275362319,21.014492753623188
E00180902,131,43,14,29,88,81,7,32.82442748091603,10.687022900763358,22.137404580152673,67.17557251908397,61.832061068702295,5.343511450381679
E00180903,147,58,23,35,89,81,8,39.455782312925166,15.646258503401361,23.809523809523807,60.544217687074834,55.10204081632652,5.442176870748299
E00180904,55,21,15,6,34,33,1,38.18181818181819,27.27272727272727,10.909090909090908,61.81818181818181,60,1.8181818181818181
E00180905,305,37,17,20,268,232,36,12.131147540983607,5.573770491803279,6.557377049180328,87.8688524590164,76.0655737704918,11.80327868852459
E00180906,86,19,1,18,67,62,5,22.093023255813954,1.1627906976744187,20.930232558139537,77.90697674418605,72.09302325581395,5.813953488372093
E00180907,44,17,10,7,27,23,4,38.63636363636363,22.727272727272727,15.909090909090908,61.36363636363637,52.27272727272727,9.090909090909092
E00180908,144,86,31,55,58,58,0,59.72222222222222,21.52777777777778,38.19444444444444,40.27777777777778,40.27777777777778,0
E00180909,51,14,5,9,37,35,2,27.450980392156865,9.803921568627452,17.647058823529413,72.54901960784314,68.62745098039215,3.9215686274509802
E00180910,54,10,2,8,44,37,7,18.51851851851852,3.7037037037037033,14.814814814814813,81.48148148148148,68.51851851851852,12.962962962962962
E00180911,41,25,14,11,16,14,2,60.97560975609756,34.146341463414636,26.82926829268293,39.02439024390244,34.146341463414636,4.878048780487805
E00180912,162,50,27,23,112,97,15,30.864197530864196,16.666666666666664,14.19753086419753,69.1358024691358,59.876543209876544,9.25925925925926
E00180913,223,68,16,52,155,140,15,30.493273542600896,7.174887892376682,23.318385650224215,69.50672645739911,62.78026905829597,6.726457399103139
E00180914,197,63,26,37,134,121,13,31.979695431472084,13.19796954314721,18.781725888324875,68.02030456852792,61.42131979695431,6.598984771573605
E00180915,187,63,27,36,124,117,7,33.68983957219251,14.43850267379679,19.25133689839572,66.31016042780749,62.56684491978609,3.7433155080213902
E00180916,105,40,19,21,65,62,3,38.095238095238095,18.095238095238095,20,61.904761904761905,59.04761904761905,2.857142857142857
E00180917,232,23,12,11,209,187,22,9.913793103448276,5.172413793103448,4.741379310344827,90.08620689655173,80.60344827586206,9.482758620689655
E00180918,219,21,7,14,198,183,15,9.58904109589041,3.1963470319634704,6.392694063926941,90.41095890410958,83.56164383561644,6.8493150684931505
E00180919,100,30,12,18,70,65,5,30,12,18,70,65,5
E00180920,143,61,24,37,82,74,8,42.65734265734265,16.783216783216783,25.874125874125873,57.34265734265735,51.74825174825175,5.594405594405594
E00180921,248,80,26,54,168,160,8,32.25806451612903,10.483870967741936,21.774193548387096,67.74193548387096,64.51612903225806,3.225806451612903
E00180922,81,33,14,19,48,41,7,40.74074074074074,17.28395061728395,23.456790123456788,59.25925925925925,50.617283950617285,8.641975308641975
E00180923,231,17,5,12,214,173,41,7.35930735930736,2.1645021645021645,5.194805194805195,92.64069264069265,74.89177489177489,17.74891774891775
E00180924,205,95,29,66,110,104,6,46.34146341463415,14.146341463414632,32.19512195121951,53.65853658536586,50.73170731707317,2.9268292682926833
E00180925,365,35,16,19,330,307,23,9.58904109589041,4.383561643835616,5.205479452054795,90.41095890410958,84.10958904109589,6.301369863013699
E00180926,148,59,22,37,89,86,3,39.86486486486486,14.864864864864865,25,60.13513513513513,58.108108108108105,2.027027027027027
E00180927,248,38,18,20,210,184,26,15.32258064516129,7.258064516129033,8.064516129032258,84.67741935483872,74.19354838709677,10.483870967741936
E00180928,49,27,5,22,22,22,0,55.10204081632652,10.204081632653061,44.89795918367347,44.89795918367347,44.89795918367347,0
E00180929,60,31,7,24,29,28,1,51.66666666666667,11.666666666666666,40,48.333333333333336,46.666666666666664,1.6666666666666667
E00180930,137,40,14,26,97,86,11,29.1970802919708,10.218978102189782,18.97810218978102,70.8029197080292,62.77372262773723,8.02919708029197
E00180931,96,42,15,27,54,50,4,43.75,15.625,28.125,56.25,52.083333333333336,4.166666666666666
E00180932,45,14,6,8,31,28,3,31.11111111111111,13.333333333333334,17.77777777777778,68.88888888888889,62.22222222222222,6.666666666666667
E00180933,181,35,7,28,146,118,28,19.337016574585636,3.867403314917127,15.469613259668508,80.66298342541437,65.19337016574586,15.469613259668508
E00180934,202,26,14,12,176,164,12,12.871287128712872,6.9306930693069315,5.9405940594059405,87.12871287128714,81.1881188118812,5.9405940594059405
E00180935,143,26,16,10,117,99,18,18.181818181818183,11.188811188811188,6.993006993006993,81.81818181818183,69.23076923076923,12.587412587412588
E00180936,148,41,13,28,107,93,14,27.7027027027027,8.783783783783784,18.91891891891892,72.2972972972973,62.83783783783784,9.45945945945946
E00180937,133,54,30,24,79,70,9,40.6015037593985,22.55639097744361,18.045112781954884,59.3984962406015,52.63157894736842,6.7669172932330826
E00180938,197,39,8,31,158,141,17,19.796954314720814,4.060913705583756,15.736040609137056,80.20304568527918,71.57360406091371,8.629441624365482
E00180939,144,51,14,37,93,81,12,35.41666666666667,9.722222222222223,25.694444444444443,64.58333333333334,56.25,8.333333333333332
E00180940,200,63,22,41,137,123,14,31.5,11,20.5,68.5,61.5,7.000000000000001
E00180941,341,44,23,21,297,265,32,12.903225806451612,6.744868035190615,6.158357771260997,87.09677419354838,77.71260997067448,9.3841642228739
E00180942,99,44,15,29,55,49,6,44.44444444444444,15.151515151515152,29.292929292929294,55.55555555555556,49.494949494949495,6.0606060606060606
E00180943,125,54,11,43,71,62,9,43.2,8.799999999999999,34.4,56.8,49.6,7.199999999999999
E00180944,288,52,22,30,236,197,39,18.055555555555554,7.638888888888889,10.416666666666668,81.94444444444444,68.40277777777779,13.541666666666666
E00180945,247,147,83,64,100,95,5,59.51417004048582,33.603238866396765,25.910931174089068,40.48582995951417,38.46153846153847,2.0242914979757085
E00180946,254,175,126,49,79,74,5,68.89763779527559,49.60629921259843,19.291338582677163,31.10236220472441,29.133858267716533,1.968503937007874
E00180947,450,28,16,12,422,381,41,6.222222222222222,3.5555555555555554,2.666666666666667,93.77777777777779,84.66666666666667,9.11111111111111
E00180948,187,19,6,13,168,145,23,10.16042780748663,3.2085561497326207,6.951871657754011,89.83957219251337,77.54010695187165,12.299465240641712
E00180949,359,42,14,28,317,271,46,11.699164345403899,3.8997214484679668,7.7994428969359335,88.3008356545961,75.4874651810585,12.813370473537605
E00180950,105,15,5,10,90,78,12,14.285714285714285,4.761904761904762,9.523809523809524,85.71428571428571,74.28571428571429,11.428571428571429
