OA,ts0380001,ts0380002,ts0380003,ts0380004,ts0380005,ts0380006,ts0380007,ts0380002_PCT,ts0380003_PCT,ts0380004_PCT,ts0380005_PCT,ts0380006_PCT,ts0380007_PCT
E00025605,225,36,16,20,189,15,174,16,7.111111111111111,8.88888888888889,84,6.666666666666667,77.33333333333333
E00025607,350,86,50,36,264,11,253,24.571428571428573,14.285714285714285,10.285714285714285,75.42857142857143,3.1428571428571432,72.28571428571429
E00025608,526,84,41,43,442,20,422,15.96958174904943,7.79467680608365,8.17490494296578,84.03041825095056,3.802281368821293,80.22813688212928
E00025611,464,64,25,39,400,13,387,13.793103448275861,5.387931034482758,8.405172413793103,86.20689655172413,2.8017241379310347,83.40517241379311
E00025612,436,64,25,39,372,16,356,14.678899082568808,5.73394495412844,8.944954128440367,85.3211009174312,3.669724770642202,81.65137614678899
E00025613,279,61,31,30,218,11,207,21.863799283154123,11.11111111111111,10.75268817204301,78.13620071684588,3.942652329749104,74.19354838709677
E00025614,321,50,29,21,271,13,258,15.57632398753894,9.034267912772584,6.5420560747663545,84.42367601246106,4.049844236760125,80.37383177570094
E00025615,440,55,27,28,385,26,359,12.5,6.136363636363637,6.363636363636363,87.5,5.909090909090909,81.5909090909091
E00025616,207,46,27,19,161,6,155,22.22222222222222,13.043478260869565,9.178743961352657,77.77777777777779,2.898550724637681,74.8792270531401
E00025617,497,85,38,47,412,29,383,17.102615694164992,7.645875251509055,9.456740442655935,82.897384305835,5.8350100603621735,77.06237424547284
E00025618,308,54,30,24,254,13,241,17.532467532467532,9.740259740259742,7.792207792207792,82.46753246753246,4.220779220779221,78.24675324675324
E00025619,243,49,31,18,194,11,183,20.16460905349794,12.757201646090536,7.4074074074074066,79.83539094650206,4.526748971193416,75.30864197530865
E00025621,467,47,22,25,420,8,412,10.06423982869379,4.710920770877944,5.353319057815846,89.93576017130621,1.7130620985010707,88.22269807280514
E00025622,218,61,30,31,157,10,147,27.981651376146786,13.761467889908257,14.220183486238533,72.01834862385321,4.587155963302752,67.43119266055045
E00025623,503,82,43,39,421,16,405,16.302186878727635,8.548707753479125,7.75347912524851,83.69781312127238,3.180914512922465,80.51689860834989
E00025625,401,84,44,40,317,9,308,20.947630922693268,10.972568578553615,9.975062344139651,79.05236907730672,2.2443890274314215,76.80798004987531
E00025626,288,62,28,34,226,13,213,21.52777777777778,9.722222222222223,11.805555555555555,78.47222222222221,4.513888888888888,73.95833333333334
E00025627,344,75,40,35,269,10,259,21.802325581395348,11.627906976744185,10.174418604651162,78.19767441860465,2.9069767441860463,75.29069767441861
E00025628,301,100,59,41,201,9,192,33.222591362126245,19.601328903654487,13.621262458471762,66.77740863787376,2.990033222591362,63.78737541528239
E00025629,615,92,46,46,523,26,497,14.959349593495935,7.479674796747967,7.479674796747967,85.04065040650407,4.227642276422764,80.8130081300813
E00025630,434,49,25,24,385,24,361,11.29032258064516,5.76036866359447,5.529953917050691,88.70967741935483,5.529953917050691,83.17972350230414
E00025631,497,57,22,35,440,23,417,11.468812877263582,4.426559356136821,7.042253521126761,88.53118712273643,4.627766599597585,83.90342052313883
E00025632,390,49,19,30,341,19,322,12.564102564102564,4.871794871794872,7.6923076923076925,87.43589743589743,4.871794871794872,82.564102564102555
E00025633,420,69,22,47,351,31,320,16.428571428571427,5.238095238095238,11.190476190476192,83.57142857142857,7.380952380952381,76.19047619047619
E00025634,567,69,38,31,498,20,478,12.16931216931217,6.701940035273369,5.467372134038801,87.83068783068782,3.527336860670194,84.30335097001763
E00025635,332,66,36,30,266,16,250,19.879518072289155,10.843373493975903,9.036144578313253,80.12048192771084,4.819277108433735,75.30120481927712
E00025636,612,125,67,58,487,24,463,20.424836601307188,10.947712418300654,9.477124183006536,79.57516339869281,3.9215686274509802,75.65359477124183
E00025638,316,67,35,32,249,22,227,21.202531645569618,11.075949367088606,10.126582278481013,78.79746835443038,6.962025316455696,71.83544303797468
E00025639,362,90,48,42,272,18,254,24.861878453038674,13.259668508287293,11.602209944751381,75.13812154696133,4.972375690607735,70.1657458563536
E00025640,315,60,26,34,255,22,233,19.047619047619047,8.253968253968253,10.793650793650794,80.95238095238095,6.984126984126984,73.96825396825398
E00025641,354,55,30,25,299,27,272,15.53672316384181,8.47457627118644,7.062146892655368,84.4632768361582,7.627118644067797,76.8361581920904
E00025642,308,72,34,38,236,16,220,23.376623376623375,11.03896103896104,12.337662337662337,76.62337662337663,5.194805194805195,71.42857142857143
E00025643,544,115,51,64,429,36,393,21.139705882352942,9.375,11.76470588235294,78.86029411764706,6.61764705882353,72.24264705882352
E00025644,331,78,38,40,253,23,230,23.564954682779458,11.48036253776435,12.084592145015106,76.43504531722054,6.948640483383686,69.48640483383686
E00025645,207,35,15,20,172,13,159,16.908212560386474,7.246376811594203,9.66183574879227,83.09178743961353,6.280193236714976,76.81159420289855
E00025646,301,45,21,24,256,26,230,14.950166112956811,6.976744186046512,7.973421926910299,85.04983388704319,8.637873754152823,76.41196013289037
E00025647,384,69,38,31,315,20,295,17.96875,9.895833333333332,8.072916666666668,82.03125,5.208333333333334,76.82291666666666
E00025648,419,112,64,48,307,14,293,26.730310262529834,15.274463007159905,11.455847255369928,73.26968973747017,3.341288782816229,69.92840095465394
E00025649,310,110,68,42,200,12,188,35.483870967741936,21.935483870967744,13.548387096774196,64.51612903225806,3.870967741935484,60.64516129032258
E00025650,251,74,39,35,177,21,156,29.482071713147413,15.53784860557769,13.94422310756972,70.5179282868526,8.366533864541832,62.15139442231076
E00025651,353,72,38,34,281,19,262,20.396600566572236,10.764872521246458,9.631728045325778,79.60339943342775,5.382436260623229,74.22096317280453
E00025652,326,84,53,31,242,15,227,25.766871165644172,16.257668711656443,9.509202453987731,74.23312883435584,4.601226993865031,69.6319018404908
E00025653,328,86,49,37,242,7,235,26.21951219512195,14.939024390243901,11.28048780487805,73.78048780487805,2.1341463414634148,71.64634146341463
E00025654,318,63,34,29,255,16,239,19.81132075471698,10.69182389937107,9.119496855345911,80.18867924528303,5.031446540880504,75.15723270440252
E00025655,369,72,36,36,297,24,273,19.51219512195122,9.75609756097561,9.75609756097561,80.48780487804879,6.504065040650407,73.98373983739837
E00025656,217,20,8,12,197,28,169,9.216589861751153,3.686635944700461,5.529953917050691,90.78341013824884,12.903225806451612,77.88018433179722
E00025657,187,64,46,18,123,9,114,34.22459893048128,24.598930481283425,9.62566844919786,65.77540106951871,4.81283422459893,60.962566844919785
E00025658,331,53,26,27,278,21,257,16.012084592145015,7.854984894259818,8.157099697885197,83.98791540785498,6.3444108761329305,77.64350453172206
E00025659,374,106,51,55,268,19,249,28.342245989304814,13.636363636363635,14.705882352941178,71.65775401069519,5.080213903743315,66.57754010695187
E00025660,293,51,26,25,242,17,225,17.4061433447099,8.873720136518772,8.532423208191126,82.5938566552901,5.802047781569966,76.79180887372013
E00025661,445,89,45,44,356,20,336,20,10.112359550561797,9.887640449438202,80,4.49438202247191,75.50561797752809
E00025662,297,41,21,20,256,13,243,13.804713804713806,7.07070707070707,6.7340067340067336,86.19528619528619,4.377104377104377,81.81818181818183
E00025663,385,81,41,40,304,31,273,21.038961038961038,10.649350649350648,10.38961038961039,78.96103896103897,8.051948051948052,70.9090909090909
E00025664,326,53,23,30,273,20,253,16.257668711656443,7.05521472392638,9.202453987730062,83.74233128834356,6.134969325153374,77.60736196319019
E00025666,306,77,43,34,229,19,210,25.163398692810457,14.052287581699346,11.11111111111111,74.83660130718954,6.209150326797386,68.62745098039215
E00025667,309,44,19,25,265,16,249,14.239482200647249,6.148867313915858,8.090614886731391,85.76051779935275,5.177993527508091,80.58252427184466
E00025668,311,77,52,25,234,22,212,24.758842443729904,16.720257234726688,8.038585209003216,75.2411575562701,7.07395498392283,68.16720257234726
E00025669,271,66,36,30,205,12,193,24.354243542435423,13.284132841328415,11.07011070110701,75.64575645756457,4.428044280442804,71.21771217712177
E00025670,338,63,28,35,275,15,260,18.639053254437872,8.284023668639055,10.355029585798817,81.36094674556213,4.437869822485207,76.92307692307693
E00025671,283,77,37,40,206,16,190,27.208480565371023,13.074204946996467,14.13427561837456,72.79151943462897,5.6537102473498235,67.13780918727915
E00025672,312,78,32,46,234,11,223,25,10.256410256410255,14.743589743589745,75,3.5256410256410255,71.47435897435898
E00025673,327,66,41,25,261,19,242,20.18348623853211,12.538226299694188,7.64525993883792,79.81651376146789,5.81039755351682,74.00611620795107
E00025674,318,70,28,42,248,11,237,22.0125786163522,8.80503144654088,13.20754716981132,77.9874213836478,3.459119496855346,74.52830188679245
E00025675,260,88,51,37,172,17,155,33.84615384615385,19.615384615384617,14.23076923076923,66.15384615384615,6.538461538461539,59.61538461538461
E00025676,334,90,48,42,244,18,226,26.94610778443114,14.37125748502994,12.574850299401197,73.05389221556887,5.389221556886228,67.66467065868264
E00025677,388,110,50,60,278,26,252,28.350515463917525,12.886597938144329,15.463917525773196,71.64948453608247,6.701030927835052,64.94845360824742
E00025678,346,72,31,41,274,23,251,20.809248554913296,8.959537572254336,11.849710982658959,79.1907514450867,6.6473988439306355,72.54335260115607
E00025680,235,30,7,23,205,26,179,12.76595744680851,2.9787234042553195,9.787234042553191,87.2340425531915,11.063829787234042,76.17021276595744
E00025681,267,68,42,26,199,15,184,25.468164794007492,15.730337078651685,9.737827715355806,74.53183520599251,5.617977528089887,68.91385767790263
E00025682,315,68,31,37,247,13,234,21.58730158730159,9.841269841269842,11.746031746031745,78.41269841269842,4.1269841269841265,74.28571428571429
E00025684,350,99,68,31,251,19,232,28.285714285714285,19.428571428571427,8.857142857142856,71.71428571428572,5.428571428571429,66.28571428571428
E00025685,277,32,13,19,245,31,214,11.552346570397113,4.693140794223827,6.859205776173286,88.4476534296029,11.191335740072201,77.25631768953069
E00025687,308,66,34,32,242,13,229,21.428571428571427,11.03896103896104,10.38961038961039,78.57142857142857,4.220779220779221,74.35064935064936
E00025688,251,70,33,37,181,11,170,27.88844621513944,13.147410358565736,14.741035856573706,72.11155378486056,4.382470119521913,67.729083665338635
E00025689,304,60,33,27,244,21,223,19.736842105263158,10.855263157894738,8.881578947368421,80.26315789473685,6.907894736842106,73.35526315789474
E00025690,544,74,31,43,470,30,440,13.602941176470587,5.698529411764706,7.904411764705882,86.39705882352942,5.514705882352941,80.88235294117648
E00025691,339,34,9,25,305,22,283,10.029498525073747,2.6548672566371683,7.374631268436578,89.97050147492625,6.489675516224189,83.48082595870207
E00025692,263,67,29,38,196,14,182,25.475285171102662,11.02661596958175,14.44866920152091,74.52471482889734,5.323193916349809,69.20152091254754
E00025693,294,25,9,16,269,25,244,8.503401360544217,3.061224489795918,5.442176870748299,91.49659863945578,8.503401360544217,82.99319727891157
E00025694,313,77,37,40,236,24,212,24.600638977635782,11.821086261980831,12.779552715654951,75.39936102236422,7.667731629392971,67.73162939297124
E00025695,223,24,6,18,199,25,174,10.762331838565023,2.690582959641256,8.071748878923767,89.23766816143498,11.210762331838566,78.02690582959642
E00025696,370,51,25,26,319,27,292,13.783783783783784,6.756756756756757,7.027027027027027,86.21621621621621,7.297297297297297,78.91891891891892
E00025697,419,36,11,25,383,27,356,8.591885441527445,2.6252983293556085,5.966587112171838,91.40811455847255,6.443914081145586,84.96420047732697
E00025698,295,68,22,46,227,15,212,23.050847457627118,7.457627118644068,15.593220338983052,76.94915254237287,5.084745762711865,71.86440677966101
E00025699,333,22,4,18,311,28,283,6.606606606606606,1.2012012012012012,5.405405405405405,93.3933933933934,8.408408408408409,84.98498498498499
E00025700,245,29,10,19,216,18,198,11.83673469387755,4.081632653061225,7.755102040816326,88.16326530612245,7.346938775510205,80.81632653061224
E00025701,282,44,8,36,238,22,216,15.602836879432624,2.8368794326241136,12.76595744680851,84.39716312056737,7.801418439716312,76.59574468085107
E00025702,348,57,29,28,291,15,276,16.379310344827587,8.333333333333332,8.045977011494253,83.62068965517241,4.310344827586207,79.3103448275862
E00025703,340,98,73,25,242,27,215,28.823529411764703,21.470588235294116,7.352941176470589,71.17647058823529,7.941176470588235,63.23529411764706
E00025704,256,46,19,27,210,19,191,17.96875,7.421875,10.546875,82.03125,7.421875,74.609375
E00025705,456,33,7,26,423,35,388,7.236842105263158,1.5350877192982455,5.701754385964912,92.76315789473685,7.675438596491229,85.08771929824562
E00025706,224,21,3,18,203,29,174,9.375,1.3392857142857142,8.035714285714286,90.625,12.946428571428573,77.67857142857143
E00025707,165,22,3,19,143,18,125,13.333333333333334,1.8181818181818181,11.515151515151516,86.66666666666667,10.909090909090908,75.75757575757575
E00025708,273,36,5,31,237,24,213,13.186813186813188,1.8315018315018317,11.355311355311356,86.81318681318682,8.791208791208792,78.02197802197803
E00025709,349,22,6,16,327,38,289,6.303724928366762,1.7191977077363898,4.584527220630372,93.69627507163324,10.888252148997136,82.8080229226361
E00025710,335,83,46,37,252,18,234,24.776119402985074,13.73134328358209,11.044776119402986,75.22388059701493,5.3731343283582085,69.85074626865672
E00025711,290,46,15,31,244,27,217,15.862068965517242,5.172413793103448,10.689655172413794,84.13793103448276,9.310344827586208,74.82758620689656
E00025712,303,53,16,37,250,25,225,17.491749174917494,5.2805280528052805,12.211221122112212,82.50825082508251,8.25082508250825,74.25742574257426
E00025713,310,77,43,34,233,15,218,24.838709677419356,13.870967741935484,10.967741935483872,75.16129032258064,4.838709677419355,70.3225806451613
E00025714,366,80,34,46,286,23,263,21.85792349726776,9.289617486338798,12.568306010928962,78.14207650273224,6.284153005464481,71.85792349726776
E00025715,185,19,2,17,166,13,153,10.27027027027027,1.0810810810810811,9.18918918918919,89.72972972972974,7.027027027027027,82.70270270270271
E00025716,300,83,52,31,217,28,189,27.666666666666668,17.333333333333336,10.333333333333334,72.33333333333334,9.333333333333334,63
E00025717,293,53,21,32,240,18,222,18.088737201365188,7.167235494880546,10.921501706484642,81.91126279863481,6.143344709897611,75.76791808873719
E00025718,317,60,38,22,257,20,237,18.92744479495268,11.987381703470032,6.940063091482649,81.07255520504731,6.309148264984227,74.76340694006309
E00025719,404,30,10,20,374,37,337,7.425742574257425,2.4752475247524752,4.9504950495049505,92.57425742574257,9.158415841584159,83.41584158415841
E00025720,439,95,39,56,344,27,317,21.64009111617312,8.88382687927107,12.756264236902052,78.35990888382688,6.150341685649203,72.20956719817767
E00025721,335,64,33,31,271,8,263,19.1044776119403,9.850746268656717,9.253731343283581,80.8955223880597,2.3880597014925375,78.50746268656717
E00025722,326,53,30,23,273,20,253,16.257668711656443,9.202453987730062,7.05521472392638,83.74233128834356,6.134969325153374,77.60736196319019
E00025723,262,86,47,39,176,9,167,32.82442748091603,17.938931297709924,14.885496183206106,67.17557251908397,3.435114503816794,63.74045801526718
E00025724,317,76,36,40,241,21,220,23.974763406940063,11.35646687697161,12.618296529968454,76.02523659305994,6.624605678233439,69.4006309148265
E00025725,566,99,48,51,467,41,426,17.491166077738516,8.480565371024735,9.010600706713781,82.50883392226149,7.243816254416961,75.26501766784452
E00025726,440,88,40,48,352,27,325,20,9.090909090909092,10.909090909090908,80,6.136363636363637,73.86363636363636
E00025727,235,87,47,40,148,11,137,37.02127659574468,20,17.02127659574468,62.97872340425532,4.680851063829787,58.29787234042553
E00025728,420,82,37,45,338,26,312,19.523809523809526,8.80952380952381,10.714285714285714,80.47619047619048,6.190476190476191,74.28571428571429
E00025729,296,68,36,32,228,12,216,22.972972972972975,12.162162162162163,10.81081081081081,77.02702702702703,4.054054054054054,72.97297297297297
E00025730,382,84,39,45,298,21,277,21.98952879581152,10.209424083769633,11.780104712041885,78.01047120418848,5.49738219895288,72.5130890052356
E00025731,352,88,47,41,264,15,249,25,13.352272727272727,11.647727272727272,75,4.261363636363636,70.73863636363636
E00025732,405,115,62,53,290,22,268,28.39506172839506,15.308641975308642,13.086419753086421,71.60493827160494,5.432098765432099,66.17283950617285
E00025733,512,88,37,51,424,31,393,17.1875,7.2265625,9.9609375,82.8125,6.0546875,76.7578125
E00025734,405,90,45,45,315,25,290,22.22222222222222,11.11111111111111,11.11111111111111,77.77777777777779,6.172839506172839,71.60493827160494
E00025735,449,115,72,43,334,12,322,25.612472160356347,16.035634743875278,9.57683741648107,74.38752783964365,2.6726057906458798,71.71492204899778
E00025736,596,130,77,53,466,30,436,21.812080536912752,12.919463087248323,8.89261744966443,78.18791946308725,5.033557046979865,73.15436241610739
E00025737,355,78,39,39,277,21,256,21.971830985915496,10.985915492957748,10.985915492957748,78.0281690140845,5.915492957746479,72.11267605633803
E00025738,390,100,55,45,290,13,277,25.64102564102564,14.102564102564102,11.538461538461538,74.35897435897436,3.3333333333333335,71.02564102564102
E00025739,404,105,48,57,299,24,275,25.99009900990099,11.881188118811881,14.108910891089108,74.00990099009901,5.9405940594059405,68.06930693069307
E00025740,380,71,27,44,309,15,294,18.684210526315788,7.105263157894736,11.578947368421053,81.3157894736842,3.9473684210526314,77.36842105263158
E00025741,438,109,53,56,329,15,314,24.885844748858446,12.100456621004566,12.785388127853881,75.11415525114155,3.4246575342465753,71.68949771689498
E00025742,399,90,53,37,309,18,291,22.55639097744361,13.283208020050125,9.273182957393484,77.44360902255639,4.511278195488721,72.93233082706767
E00025743,352,92,51,41,260,13,247,26.136363636363637,14.488636363636365,11.647727272727272,73.86363636363636,3.6931818181818183,70.17045454545455
E00025744,334,98,59,39,236,9,227,29.34131736526946,17.664670658682635,11.676646706586826,70.65868263473054,2.694610778443114,67.96407185628742
E00025745,533,103,48,55,430,28,402,19.324577861163228,9.00562851782364,10.318949343339586,80.67542213883677,5.253283302063791,75.42213883677297
E00025746,237,65,35,30,172,8,164,27.42616033755274,14.767932489451477,12.658227848101266,72.57383966244726,3.375527426160337,69.19831223628692
E00025747,352,81,42,39,271,17,254,23.011363636363637,11.931818181818182,11.079545454545455,76.98863636363636,4.829545454545454,72.1590909090909
E00025748,475,129,75,54,346,23,323,27.157894736842103,15.789473684210526,11.368421052631579,72.84210526315789,4.842105263157895,68
E00025749,341,84,38,46,257,15,242,24.633431085043988,11.143695014662756,13.48973607038123,75.366568914956,4.398826979472141,70.96774193548387
E00025750,387,106,77,29,281,13,268,27.39018087855297,19.896640826873384,7.493540051679587,72.60981912144703,3.359173126614987,69.25064599483204
E00025751,390,88,38,50,302,14,288,22.564102564102566,9.7435897435897445,12.82051282051282,77.435897435897445,3.5897435897435894,73.84615384615385
E00025752,299,81,40,41,218,12,206,27.09030100334448,13.377926421404682,13.712374581939798,72.90969899665552,4.013377926421405,68.89632107023411
E00025753,363,77,34,43,286,19,267,21.21212121212121,9.366391184573002,11.84573002754821,78.78787878787878,5.234159779614325,73.55371900826447
E00025754,368,87,47,40,281,13,268,23.641304347826086,12.771739130434783,10.869565217391305,76.3586956521739,3.532608695652174,72.82608695652173
E00025756,375,90,53,37,285,32,253,24,14.133333333333335,9.866666666666667,76,8.533333333333333,67.46666666666667
E00025757,267,70,33,37,197,11,186,26.217228464419474,12.359550561797752,13.857677902621724,73.78277153558052,4.119850187265917,69.66292134831461
E00025758,351,78,39,39,273,17,256,22.22222222222222,11.11111111111111,11.11111111111111,77.77777777777779,4.843304843304843,72.93447293447294
E00025759,357,70,33,37,287,22,265,19.607843137254903,9.243697478991598,10.364145658263306,80.3921568627451,6.162464985994398,74.2296918767507
E00025760,361,72,44,28,289,16,273,19.94459833795014,12.18836565096953,7.756232686980609,80.05540166204986,4.43213296398892,75.62326869806094
E00025761,423,81,42,39,342,0,342,19.148936170212767,9.929078014184398,9.219858156028367,80.85106382978722,0,80.85106382978722
E00025762,308,57,28,29,251,14,237,18.506493506493506,9.090909090909092,9.415584415584416,81.4935064935065,4.545454545454546,76.94805194805194
E00025763,421,69,35,34,352,15,337,16.389548693586697,8.31353919239905,8.076009501187649,83.6104513064133,3.5629453681710213,80.04750593824228
E00025764,359,74,53,21,285,13,272,20.61281337047354,14.763231197771587,5.8495821727019495,79.38718662952647,3.6211699164345403,75.76601671309191
E00025765,300,72,34,38,228,11,217,24,11.333333333333332,12.666666666666668,76,3.6666666666666665,72.33333333333334
E00025766,352,65,34,31,287,14,273,18.46590909090909,9.659090909090908,8.806818181818182,81.5340909090909,3.977272727272727,77.55681818181817
E00025767,425,65,34,31,360,18,342,15.294117647058824,8,7.294117647058823,84.70588235294117,4.235294117647059,80.47058823529412
E00025768,409,60,29,31,349,10,339,14.66992665036675,7.090464547677261,7.579462102689487,85.33007334963325,2.444987775061125,82.88508557457213
E00025769,318,142,108,34,176,12,164,44.65408805031446,33.9622641509434,10.69182389937107,55.34591194968554,3.7735849056603774,51.57232704402516
E00025771,310,60,34,26,250,12,238,19.35483870967742,10.967741935483872,8.38709677419355,80.64516129032258,3.870967741935484,76.77419354838709
E00025772,201,65,39,26,136,5,131,32.33830845771145,19.402985074626866,12.935323383084576,67.66169154228857,2.4875621890547266,65.17412935323384
E00025773,443,82,44,38,361,16,345,18.510158013544018,9.932279909706546,8.577878103837472,81.48984198645599,3.611738148984198,77.87810383747178
E00025774,344,69,38,31,275,15,260,20.058139534883722,11.046511627906977,9.011627906976743,79.94186046511628,4.3604651162790695,75.5813953488372
E00025775,287,61,32,29,226,11,215,21.254355400696863,11.149825783972126,10.104529616724738,78.74564459930313,3.8327526132404177,74.91289198606272
E00025776,361,81,39,42,280,12,268,22.437673130193904,10.80332409972299,11.634349030470915,77.5623268698061,3.32409972299169,74.23822714681441
E00025777,353,75,37,38,278,14,264,21.246458923512748,10.48158640226629,10.764872521246458,78.75354107648725,3.9660056657223794,74.78753541076487
E00025778,452,83,45,38,369,8,361,18.36283185840708,9.955752212389381,8.4070796460177,81.63716814159292,1.7699115044247788,79.86725663716814
E00025779,290,58,34,24,232,5,227,20,11.724137931034482,8.275862068965518,80,1.7241379310344827,78.27586206896552
E00025780,139,60,38,22,79,7,72,43.16546762589928,27.33812949640288,15.827338129496402,56.83453237410072,5.0359712230215825,51.798561151079134
E00025781,345,52,29,23,293,13,280,15.072463768115943,8.405797101449275,6.666666666666667,84.92753623188406,3.768115942028986,81.15942028985508
E00025782,299,59,37,22,240,18,222,19.732441471571907,12.37458193979933,7.357859531772576,80.2675585284281,6.0200668896321075,74.24749163879598
E00025786,367,61,23,38,306,22,284,16.62125340599455,6.267029972752043,10.354223433242508,83.37874659400545,5.994550408719346,77.3841961852861
E00025787,334,88,59,29,246,14,232,26.34730538922156,17.664670658682635,8.682634730538922,73.65269461077844,4.191616766467066,69.46107784431138
E00025788,590,140,85,55,450,39,411,23.728813559322035,14.40677966101695,9.322033898305085,76.27118644067797,6.610169491525424,69.66101694915254
E00025790,320,73,42,31,247,8,239,22.8125,13.125,9.6875,77.1875,2.5,74.6875
E00025791,325,82,49,33,243,10,233,25.23076923076923,15.076923076923077,10.153846153846153,74.76923076923076,3.076923076923077,71.6923076923077
E00025793,363,82,41,41,281,10,271,22.58953168044077,11.294765840220386,11.294765840220386,77.41046831955923,2.7548209366391188,74.65564738292011
E00025794,384,81,43,38,303,12,291,21.09375,11.197916666666668,9.895833333333332,78.90625,3.125,75.78125
E00025795,381,89,51,38,292,24,268,23.35958005249344,13.385826771653544,9.973753280839896,76.64041994750657,6.299212598425196,70.34120734908137
E00025796,453,126,73,53,327,22,305,27.81456953642384,16.114790286975715,11.699779249448124,72.18543046357617,4.856512141280353,67.3289183222958
E00025797,334,75,46,29,259,13,246,22.45508982035928,13.77245508982036,8.682634730538922,77.54491017964071,3.8922155688622757,73.65269461077844
E00025798,359,90,55,35,269,25,244,25.069637883008355,15.32033426183844,9.749303621169917,74.93036211699165,6.963788300835655,67.96657381615599
E00025799,441,88,54,34,353,20,333,19.954648526077097,12.244897959183673,7.709750566893423,80.04535147392289,4.535147392290249,75.51020408163265
E00025800,359,79,46,33,280,14,266,22.00557103064067,12.813370473537605,9.192200557103064,77.99442896935933,3.8997214484679668,74.09470752089136
E00025801,428,93,50,43,335,19,316,21.72897196261682,11.682242990654206,10.046728971962617,78.27102803738318,4.439252336448598,73.83177570093457
E00025802,233,46,20,26,187,16,171,19.742489270386265,8.583690987124463,11.158798283261802,80.25751072961373,6.866952789699571,73.39055793991416
E00025803,246,53,29,24,193,10,183,21.544715447154474,11.788617886178862,9.75609756097561,78.45528455284553,4.0650406504065035,74.39024390243902
E00025804,203,69,46,23,134,17,117,33.99014778325123,22.660098522167488,11.330049261083744,66.00985221674877,8.374384236453201,57.635467980295566
E00025805,193,55,32,23,138,9,129,28.497409326424872,16.580310880829018,11.917098445595855,71.50259067357513,4.66321243523316,66.83937823834198
E00025806,234,70,38,32,164,10,154,29.914529914529915,16.23931623931624,13.675213675213676,70.08547008547008,4.273504273504273,65.8119658119658
E00025807,327,46,16,30,281,13,268,14.067278287461773,4.892966360856269,9.174311926605505,85.93272171253822,3.9755351681957185,81.9571865443425
E00025808,263,60,28,32,203,16,187,22.813688212927758,10.646387832699618,12.167300380228136,77.18631178707224,6.083650190114068,71.10266159695817
E00025809,382,92,55,37,290,15,275,24.083769633507853,14.397905759162304,9.68586387434555,75.91623036649214,3.926701570680628,71.98952879581152
E00025810,236,64,35,29,172,8,164,27.11864406779661,14.83050847457627,12.288135593220339,72.88135593220339,3.389830508474576,69.49152542372882
E00025811,322,68,27,41,254,14,240,21.11801242236025,8.385093167701864,12.732919254658384,78.88198757763976,4.3478260869565215,74.53416149068323
E00025812,252,43,18,25,209,23,186,17.063492063492063,7.142857142857142,9.920634920634921,82.93650793650794,9.126984126984127,73.80952380952381
E00025813,380,89,50,39,291,14,277,23.42105263157895,13.157894736842104,10.263157894736842,76.57894736842105,3.684210526315789,72.89473684210527
E00025814,384,78,37,41,306,15,291,20.3125,9.635416666666668,10.677083333333332,79.6875,3.90625,75.78125
E00025815,251,56,31,25,195,9,186,22.31075697211155,12.350597609561753,9.9601593625498,77.68924302788844,3.5856573705179287,74.10358565737052
E00025816,312,57,25,32,255,23,232,18.269230769230766,8.012820512820513,10.256410256410255,81.73076923076923,7.371794871794872,74.35897435897436
E00025817,367,70,25,45,297,30,267,19.07356948228883,6.811989100817439,12.26158038147139,80.92643051771117,8.174386920980927,72.75204359673025
E00025818,325,82,52,30,243,16,227,25.23076923076923,16,9.230769230769232,74.76923076923076,4.923076923076923,69.84615384615384
E00025819,413,108,63,45,305,21,284,26.150121065375302,15.254237288135593,10.895883777239709,73.8498789346247,5.084745762711865,68.76513317191282
E00025820,373,63,36,27,310,21,289,16.890080428954423,9.651474530831099,7.238605898123325,83.10991957104558,5.630026809651475,77.4798927613941
E00025821,376,68,36,32,308,19,289,18.085106382978726,9.574468085106384,8.51063829787234,81.91489361702128,5.053191489361701,76.86170212765957
E00025822,413,75,45,30,338,11,327,18.159806295399516,10.895883777239709,7.263922518159806,81.84019370460048,2.663438256658596,79.1767554479419
E00025823,395,61,36,25,334,21,313,15.443037974683543,9.113924050632912,6.329113924050633,84.55696202531645,5.3164556962025316,79.24050632911393
E00025825,304,57,27,30,247,17,230,18.75,8.881578947368421,9.868421052631579,81.25,5.592105263157895,75.6578947368421
E00025826,296,70,44,26,226,9,217,23.64864864864865,14.864864864864865,8.783783783783784,76.35135135135135,3.040540540540541,73.3108108108108
E00025827,289,59,25,34,230,22,208,20.415224913494807,8.650519031141869,11.76470588235294,79.58477508650519,7.612456747404845,71.97231833910035
E00025828,299,58,24,34,241,15,226,19.39799331103679,8.02675585284281,11.37123745819398,80.60200668896321,5.016722408026756,75.58528428093646
E00025829,250,54,33,21,196,10,186,21.6,13.200000000000001,8.4,78.4,4,74.4
E00025830,346,75,35,40,271,8,263,21.67630057803468,10.115606936416185,11.560693641618498,78.32369942196532,2.312138728323699,76.01156069364163
E00025832,596,91,56,35,505,23,482,15.268456375838927,9.395973154362416,5.87248322147651,84.73154362416108,3.859060402684564,80.87248322147651
E00025833,298,73,46,27,225,10,215,24.496644295302016,15.436241610738255,9.060402684563758,75.50335570469798,3.3557046979865772,72.14765100671141
E00025834,414,60,30,30,354,14,340,14.492753623188406,7.246376811594203,7.246376811594203,85.5072463768116,3.3816425120772946,82.1256038647343
E00025835,502,113,56,57,389,14,375,22.50996015936255,11.155378486055776,11.354581673306772,77.49003984063745,2.788844621513944,74.7011952191235
E00025836,578,94,58,36,484,23,461,16.26297577854671,10.034602076124568,6.228373702422145,83.73702422145328,3.9792387543252596,79.75778546712803
E00025838,369,60,36,24,309,19,290,16.260162601626014,9.75609756097561,6.504065040650407,83.73983739837398,5.149051490514905,78.59078590785907
E00025840,219,65,41,24,154,11,143,29.68036529680365,18.72146118721461,10.95890410958904,70.31963470319634,5.0228310502283104,65.29680365296804
E00025841,407,61,32,29,346,22,324,14.987714987714988,7.862407862407863,7.125307125307126,85.01228501228502,5.405405405405405,79.60687960687962
E00025842,585,54,23,31,531,21,510,9.230769230769232,3.9316239316239314,5.299145299145299,90.76923076923077,3.5897435897435894,87.17948717948718
E00025843,514,82,47,35,432,17,415,15.953307392996107,9.14396887159533,6.809338521400778,84.04669260700389,3.3073929961089497,80.73929961089495
E00025844,490,107,63,44,383,19,364,21.836734693877553,12.857142857142856,8.979591836734693,78.16326530612245,3.877551020408163,74.28571428571429
E00025845,494,118,68,50,376,19,357,23.88663967611336,13.765182186234817,10.121457489878543,76.11336032388664,3.8461538461538463,72.2672064777328
E00025846,359,58,25,33,301,6,295,16.15598885793872,6.963788300835655,9.192200557103064,83.84401114206128,1.6713091922005572,82.17270194986072
E00025850,374,62,30,32,312,21,291,16.577540106951872,8.0213903743315509,8.55614973262032,83.42245989304813,5.614973262032086,77.80748663101605
E00025851,394,66,30,36,328,18,310,16.751269035532996,7.614213197969544,9.137055837563452,83.24873096446701,4.568527918781726,78.68020304568529
E00025852,359,66,39,27,293,17,276,18.384401114206128,10.86350974930362,7.520891364902507,81.61559888579387,4.735376044568245,76.88022284122563
E00025853,346,82,35,47,264,27,237,23.699421965317917,10.115606936416185,13.583815028901732,76.30057803468208,7.803468208092486,68.4971098265896
E00025855,329,67,34,33,262,19,243,20.364741641337385,10.33434650455927,10.030395136778116,79.63525835866263,5.775075987841945,73.86018237082067
E00025856,381,62,37,25,319,16,303,16.27296587926509,9.711286089238845,6.561679790026247,83.72703412073491,4.199475065616798,79.52755905511812
E00025858,369,87,42,45,282,16,266,23.577235772357724,11.38211382113821,12.195121951219512,76.42276422764228,4.336043360433604,72.08672086720867
E00025859,392,99,53,46,293,8,285,25.255102040816325,13.520408163265307,11.73469387755102,74.74489795918367,2.0408163265306123,72.70408163265306
E00025862,285,50,15,35,235,21,214,17.543859649122805,5.263157894736842,12.280701754385964,82.45614035087719,7.368421052631578,75.08771929824562
E00025863,207,26,8,18,181,20,161,12.560386473429952,3.864734299516908,8.695652173913043,87.43961352657004,9.66183574879227,77.77777777777779
E00025864,301,69,37,32,232,16,216,22.92358803986711,12.29235880398671,10.631229235880399,77.0764119601329,5.3156146179401995,71.76079734219269
E00025865,352,78,38,40,274,27,247,22.15909090909091,10.795454545454545,11.363636363636363,77.8409090909091,7.670454545454546,70.17045454545455
E00025866,262,58,31,27,204,14,190,22.137404580152673,11.83206106870229,10.305343511450381,77.86259541984732,5.343511450381679,72.51908396946564
E00025867,292,58,30,28,234,31,203,19.863013698630137,10.273972602739725,9.58904109589041,80.13698630136986,10.616438356164384,69.52054794520548
E00025868,307,75,38,37,232,18,214,24.429967426710096,12.37785016286645,12.052117263843648,75.57003257328991,5.863192182410423,69.70684039087948
E00025869,327,58,32,26,269,20,249,17.737003058103976,9.785932721712538,7.951070336391437,82.26299694189603,6.116207951070336,76.14678899082568
E00025870,328,63,29,34,265,15,250,19.20731707317073,8.841463414634147,10.365853658536585,80.79268292682927,4.573170731707317,76.21951219512195
E00025871,247,59,16,43,188,17,171,23.88663967611336,6.477732793522267,17.408906882591094,76.11336032388664,6.882591093117409,69.23076923076923
E00025872,379,55,32,23,324,8,316,14.511873350923482,8.443271767810026,6.068601583113456,85.4881266490765,2.1108179419525066,83.37730870712402
E00025873,308,41,16,25,267,25,242,13.311688311688311,5.194805194805195,8.116883116883116,86.68831168831169,8.116883116883116,78.57142857142857
E00025875,253,56,23,33,197,24,173,22.134387351778656,9.090909090909092,13.043478260869565,77.86561264822134,9.486166007905137,68.37944664031622
E00025876,254,43,17,26,211,15,196,16.92913385826772,6.692913385826772,10.236220472440944,83.07086614173228,5.905511811023622,77.16535433070865
E00025877,324,79,34,45,245,20,225,24.382716049382715,10.493827160493826,13.88888888888889,75.61728395061729,6.172839506172839,69.44444444444444
E00025878,227,67,40,27,160,13,147,29.515418502202646,17.62114537444934,11.894273127753303,70.48458149779736,5.726872246696035,64.75770925110133
E00025879,341,59,29,30,282,31,251,17.302052785923756,8.504398826979472,8.797653958944283,82.69794721407625,9.090909090909092,73.60703812316716
E00025880,312,88,48,40,224,23,201,28.205128205128204,15.384615384615385,12.82051282051282,71.7948717948718,7.371794871794872,64.42307692307693
E00025882,297,99,54,45,198,15,183,33.33333333333333,18.181818181818183,15.151515151515152,66.66666666666666,5.05050505050505,61.61616161616161
E00025883,201,65,20,45,136,9,127,32.33830845771145,9.950248756218906,22.388059701492537,67.66169154228857,4.477611940298507,63.18407960199005
E00025884,354,53,21,32,301,22,279,14.971751412429379,5.932203389830509,9.03954802259887,85.02824858757062,6.214689265536723,78.8135593220339
E00025885,261,44,22,22,217,27,190,16.85823754789272,8.42911877394636,8.42911877394636,83.14176245210729,10.344827586206897,72.79693486590038
E00025886,308,69,37,32,239,22,217,22.4025974025974,12.012987012987013,10.38961038961039,77.59740259740259,7.142857142857142,70.45454545454545
E00025887,296,69,27,42,227,14,213,23.31081081081081,9.121621621621621,14.18918918918919,76.6891891891892,4.72972972972973,71.95945945945947
E00025888,328,97,59,38,231,25,206,29.573170731707314,17.98780487804878,11.585365853658537,70.42682926829268,7.621951219512195,62.80487804878049
E00025889,332,82,34,48,250,17,233,24.69879518072289,10.240963855421686,14.457831325301203,75.30120481927712,5.120481927710843,70.18072289156626
E00025890,314,53,22,31,261,16,245,16.878980891719745,7.006369426751593,9.872611464968154,83.12101910828027,5.095541401273886,78.02547770700637
E00025891,324,73,29,44,251,18,233,22.530864197530864,8.950617283950617,13.580246913580247,77.46913580246914,5.555555555555555,71.91358024691358
E00025892,265,57,28,29,208,12,196,21.50943396226415,10.566037735849058,10.943396226415095,78.49056603773586,4.528301886792453,73.9622641509434
E00025893,223,66,46,20,157,11,146,29.596412556053814,20.62780269058296,8.968609865470851,70.4035874439462,4.932735426008969,65.47085201793722
E00025894,344,72,30,42,272,11,261,20.930232558139537,8.720930232558139,12.209302325581394,79.06976744186046,3.1976744186046515,75.87209302325581
E00025895,395,89,50,39,306,21,285,22.531645569620252,12.658227848101266,9.873417721518987,77.46835443037975,5.3164556962025316,72.15189873417721
E00025896,513,90,43,47,423,27,396,17.543859649122805,8.382066276803119,9.161793372319687,82.45614035087719,5.263157894736842,77.19298245614034
E00025897,332,47,17,30,285,20,265,14.156626506024098,5.120481927710843,9.036144578313253,85.8433734939759,6.024096385542169,79.81927710843374
E00025898,269,59,32,27,210,9,201,21.933085501858738,11.895910780669144,10.037174721189592,78.06691449814126,3.3457249070631967,74.72118959107806
E00025899,320,49,17,32,271,12,259,15.312500000000002,5.3125,10,84.6875,3.75,80.9375
E00025900,297,68,32,36,229,25,204,22.895622895622896,10.774410774410773,12.121212121212121,77.10437710437711,8.417508417508419,68.68686868686868
E00025901,326,77,44,33,249,20,229,23.619631901840492,13.496932515337424,10.122699386503067,76.38036809815951,6.134969325153374,70.24539877300614
E00025902,358,69,39,30,289,18,271,19.273743016759777,10.893854748603351,8.379888268156424,80.72625698324022,5.027932960893855,75.69832402234637
E00025903,275,56,34,22,219,9,210,20.363636363636363,12.363636363636363,8,79.63636363636364,3.272727272727273,76.36363636363637
E00025904,371,83,33,50,288,18,270,22.371967654986523,8.89487870619946,13.477088948787062,77.62803234501348,4.8517520215633425,72.77628032345014
E00025905,383,65,35,30,318,25,293,16.971279373368144,9.138381201044385,7.83289817232376,83.02872062663185,6.527415143603134,76.50130548302873
E00025906,358,73,38,35,285,22,263,20.391061452513966,10.614525139664805,9.776536312849162,79.60893854748603,6.145251396648044,73.46368715083798
E00025907,374,64,34,30,310,19,291,17.11229946524064,9.090909090909092,8.0213903743315509,82.88770053475936,5.080213903743315,77.80748663101605
E00025908,330,51,21,30,279,23,256,15.454545454545453,6.363636363636363,9.090909090909092,84.54545454545455,6.969696969696971,77.57575757575758
E00025909,351,63,35,28,288,19,269,17.94871794871795,9.971509971509972,7.977207977207977,82.05128205128204,5.413105413105413,76.63817663817663
E00025910,355,77,45,32,278,14,264,21.69014084507042,12.676056338028168,9.014084507042254,78.30985915492957,3.943661971830986,74.36619718309859
E00025911,350,96,50,46,254,15,239,27.42857142857143,14.285714285714285,13.142857142857142,72.57142857142857,4.285714285714286,68.28571428571428
E00025912,340,77,38,39,263,17,246,22.647058823529413,11.176470588235295,11.470588235294118,77.3529411764706,5,72.35294117647058
E00025913,378,82,46,36,296,17,279,21.693121693121693,12.16931216931217,9.523809523809524,78.3068783068783,4.497354497354497,73.80952380952381
E00025914,396,92,44,48,304,26,278,23.232323232323232,11.11111111111111,12.121212121212121,76.76767676767676,6.565656565656567,70.2020202020202
E00025915,371,68,36,32,303,12,291,18.328840970350406,9.703504043126685,8.62533692722372,81.6711590296496,3.234501347708895,78.4366576819407
E00025916,333,80,44,36,253,17,236,24.024024024024023,13.213213213213212,10.81081081081081,75.97597597597597,5.105105105105105,70.87087087087087
E00025917,359,72,42,30,287,16,271,20.055710306406684,11.699164345403899,8.356545961002785,79.94428969359332,4.456824512534819,75.4874651810585
E00025918,348,90,51,39,258,17,241,25.862068965517242,14.655172413793101,11.206896551724139,74.13793103448276,4.885057471264368,69.25287356321839
E00025919,325,59,34,25,266,20,246,18.153846153846153,10.461538461538462,7.6923076923076925,81.84615384615384,6.153846153846154,75.6923076923077
E00025920,304,52,32,20,252,32,220,17.105263157894736,10.526315789473683,6.578947368421052,82.89473684210526,10.526315789473683,72.36842105263158
E00025921,308,69,38,31,239,21,218,22.4025974025974,12.337662337662337,10.064935064935066,77.59740259740259,6.8181818181818175,70.77922077922078
E00025922,333,67,29,38,266,22,244,20.12012012012012,8.708708708708707,11.411411411411411,79.87987987987988,6.606606606606606,73.27327327327328
E00025923,429,77,42,35,352,18,334,17.94871794871795,9.79020979020979,8.158508158508159,82.05128205128204,4.195804195804196,77.85547785547784
E00025924,364,81,50,31,283,14,269,22.252747252747252,13.736263736263737,8.516483516483516,77.74725274725274,3.8461538461538463,73.9010989010989
E00025926,303,49,9,40,254,28,226,16.17161716171617,2.9702970297029703,13.2013201320132,83.82838283828383,9.24092409240924,74.58745874587459
E00025927,330,66,33,33,264,26,238,20,10,10,80,7.878787878787878,72.12121212121212
E00025928,349,42,14,28,307,32,275,12.034383954154727,4.011461318051576,8.022922636103152,87.96561604584528,9.169054441260744,78.79656160458453
E00025929,457,70,35,35,387,21,366,15.317286652078774,7.658643326039387,7.658643326039387,84.68271334792122,4.595185995623632,80.0875273522976
E00025930,347,52,21,31,295,22,273,14.985590778097983,6.051873198847262,8.93371757925072,85.01440922190201,6.340057636887608,78.6743515850144
E00025931,411,52,26,26,359,17,342,12.652068126520682,6.326034063260341,6.326034063260341,87.34793187347933,4.13625304136253,83.21167883211679
E00025932,415,74,31,43,341,31,310,17.83132530120482,7.46987951807229,10.361445783132531,82.16867469879519,7.46987951807229,74.69879518072288
E00025933,288,86,44,42,202,15,187,29.86111111111111,15.277777777777779,14.583333333333334,70.13888888888889,5.208333333333334,64.93055555555556
E00025934,364,102,52,50,262,15,247,28.021978021978022,14.285714285714285,13.736263736263737,71.97802197802197,4.1208791208791204,67.85714285714286
E00025935,426,43,23,20,383,11,372,10.093896713615024,5.39906103286385,4.694835680751173,89.90610328638498,2.5821596244131455,87.32394366197182
E00025936,353,55,23,32,298,28,270,15.58073654390935,6.515580736543909,9.06515580736544,84.41926345609065,7.932011331444759,76.48725212464589
E00025937,412,52,30,22,360,18,342,12.62135922330097,7.281553398058252,5.339805825242718,87.37864077669903,4.368932038834951,83.00970873786407
E00025938,410,71,43,28,339,19,320,17.317073170731707,10.487804878048781,6.829268292682928,82.68292682926828,4.634146341463414,78.04878048780488
E00025939,429,119,56,63,310,13,297,27.73892773892774,13.053613053613052,14.685314685314685,72.26107226107226,3.0303030303030303,69.23076923076923
E00025940,290,61,34,27,229,13,216,21.03448275862069,11.724137931034482,9.310344827586208,78.96551724137932,4.482758620689655,74.48275862068967
E00025941,396,74,37,37,322,14,308,18.68686868686869,9.343434343434344,9.343434343434344,81.31313131313132,3.535353535353535,77.77777777777779
E00025942,359,76,39,37,283,14,269,21.16991643454039,10.86350974930362,10.30640668523677,78.8300835654596,3.8997214484679668,74.93036211699165
E00025943,364,84,40,44,280,21,259,23.076923076923077,10.989010989010989,12.087912087912088,76.92307692307693,5.769230769230769,71.15384615384616
E00025944,267,54,22,32,213,14,199,20.224719101123593,8.239700374531834,11.985018726591761,79.7752808988764,5.2434456928838955,74.53183520599251
E00025945,316,66,37,29,250,13,237,20.88607594936709,11.708860759493671,9.177215189873419,79.11392405063292,4.113924050632911,75
E00025948,325,86,47,39,239,16,223,26.461538461538463,14.461538461538462,12,73.53846153846155,4.923076923076923,68.61538461538461
E00025949,310,44,31,13,266,8,258,14.193548387096774,10,4.193548387096775,85.80645161290322,2.5806451612903225,83.22580645161291
E00025951,189,33,8,25,156,16,140,17.46031746031746,4.232804232804233,13.227513227513226,82.53968253968253,8.465608465608465,74.07407407407408
E00025953,184,48,21,27,136,8,128,26.08695652173913,11.41304347826087,14.673913043478262,73.91304347826086,4.3478260869565215,69.56521739130434
E00025954,240,63,32,31,177,11,166,26.25,13.333333333333334,12.916666666666668,73.75,4.583333333333333,69.16666666666667
E00025955,308,36,21,15,272,14,258,11.688311688311687,6.8181818181818175,4.870129870129871,88.31168831168831,4.545454545454546,83.76623376623377
E00025957,390,81,47,34,309,23,286,20.76923076923077,12.051282051282051,8.717948717948717,79.23076923076923,5.897435897435897,73.33333333333333
E00025958,184,27,9,18,157,9,148,14.673913043478262,4.891304347826087,9.782608695652174,85.32608695652173,4.891304347826087,80.43478260869566
E00025959,241,73,43,30,168,2,166,30.29045643153527,17.842323651452283,12.448132780082988,69.70954356846472,0.8298755186721992,68.87966804979253
E00025961,235,47,24,23,188,11,177,20,10.212765957446807,9.787234042553191,80,4.680851063829787,75.31914893617021
E00025962,322,67,40,27,255,8,247,20.80745341614907,12.422360248447205,8.385093167701864,79.19254658385093,2.484472049689441,76.70807453416148
E00025964,253,65,39,26,188,6,182,25.691699604743086,15.41501976284585,10.276679841897234,74.30830039525692,2.371541501976284,71.93675889328063
E00025968,247,52,25,27,195,10,185,21.052631578947366,10.121457489878543,10.931174089068826,78.94736842105263,4.048582995951417,74.89878542510121
E00025969,466,73,29,44,393,23,370,15.665236051502147,6.223175965665236,9.44206008583691,84.33476394849787,4.935622317596566,79.39914163090128
E00025970,278,52,25,27,226,13,213,18.705035971223023,8.992805755395683,9.712230215827338,81.29496402877699,4.676258992805756,76.61870503597122
E00025976,359,67,37,30,292,21,271,18.662952646239557,10.30640668523677,8.356545961002785,81.33704735376045,5.8495821727019495,75.4874651810585
E00025988,159,9,2,7,150,8,142,5.660377358490567,1.257861635220126,4.40251572327044,94.33962264150944,5.031446540880504,89.30817610062893
E00025989,165,59,40,19,106,8,98,35.75757575757576,24.242424242424242,11.515151515151516,64.24242424242425,4.848484848484849,59.3939393939394
E00025994,137,40,27,13,97,6,91,29.1970802919708,19.708029197080293,9.48905109489051,70.8029197080292,4.37956204379562,66.42335766423358
E00025995,319,60,39,21,259,10,249,18.808777429467085,12.225705329153605,6.583072100313479,81.19122257053291,3.1347962382445136,78.0564263322884
E00025996,324,50,26,24,274,21,253,15.432098765432098,8.024691358024691,7.4074074074074066,84.5679012345679,6.481481481481481,78.08641975308642
E00025997,369,68,43,25,301,10,291,18.428184281842817,11.653116531165312,6.775067750677506,81.57181571815718,2.710027100271003,78.86178861788618
E00025998,412,116,81,35,296,21,275,28.155339805825243,19.66019417475728,8.495145631067961,71.84466019417476,5.097087378640777,66.74757281553399
E00026000,407,88,41,47,319,14,305,21.62162162162162,10.073710073710075,11.547911547911548,78.37837837837837,3.43980343980344,74.93857493857494
E00026001,365,79,46,33,286,15,271,21.643835616438356,12.602739726027398,9.04109589041096,78.35616438356165,4.10958904109589,74.24657534246575
E00026002,274,80,44,36,194,13,181,29.1970802919708,16.05839416058394,13.138686131386862,70.8029197080292,4.744525547445255,66.05839416058394
E00026003,318,66,30,36,252,19,233,20.754716981132077,9.433962264150944,11.320754716981133,79.24528301886792,5.9748427672955975,73.27044025157232
E00026004,243,51,25,26,192,13,179,20.98765432098765,10.2880658436214,10.699588477366255,79.01234567901234,5.349794238683128,73.66255144032921
E00026005,305,67,36,31,238,7,231,21.9672131147541,11.80327868852459,10.163934426229508,78.0327868852459,2.2950819672131146,75.73770491803279
E00026006,299,68,39,29,231,17,214,22.74247491638796,13.043478260869565,9.698996655518394,77.25752508361204,5.68561872909699,71.57190635451505
E00026007,549,91,43,48,458,28,430,16.57559198542805,7.832422586520947,8.743169398907105,83.42440801457195,5.100182149362477,78.32422586520947
E00026008,358,53,30,23,305,10,295,14.804469273743019,8.379888268156424,6.424581005586592,85.19553072625699,2.793296089385475,82.40223463687151
E00026009,403,73,38,35,330,17,313,18.11414392059553,9.429280397022332,8.6848635235732,81.88585607940446,4.218362282878412,77.66749379652606
E00026010,227,45,26,19,182,4,178,19.823788546255507,11.45374449339207,8.370044052863436,80.1762114537445,1.762114537444934,78.41409691629956
E00026011,308,63,31,32,245,18,227,20.454545454545457,10.064935064935066,10.38961038961039,79.54545454545455,5.844155844155844,73.7012987012987
E00026012,241,67,37,30,174,12,162,27.800829875518673,15.352697095435685,12.448132780082988,72.19917012448133,4.979253112033195,67.21991701244814
E00026014,439,104,51,53,335,14,321,23.690205011389523,11.617312072892938,12.072892938496583,76.30979498861048,3.189066059225513,73.12072892938497
E00026015,244,77,49,28,167,4,163,31.557377049180328,20.081967213114755,11.475409836065573,68.44262295081968,1.639344262295082,66.80327868852459
E00026017,347,76,45,31,271,9,262,21.902017291066283,12.968299711815561,8.93371757925072,78.09798270893373,2.5936599423631126,75.50432276657061
E00026018,306,49,20,29,257,21,236,16.013071895424837,6.535947712418301,9.477124183006536,83.98692810457517,6.862745098039216,77.12418300653596
E00026019,206,72,46,26,134,15,119,34.95145631067961,22.330097087378643,12.62135922330097,65.0485436893204,7.281553398058252,57.76699029126213
E00026020,376,89,47,42,287,16,271,23.670212765957448,12.5,11.170212765957446,76.32978723404256,4.25531914893617,72.07446808510637
E00026022,355,78,46,32,277,20,257,21.971830985915496,12.957746478873238,9.014084507042254,78.0281690140845,5.633802816901409,72.3943661971831
E00026023,268,60,29,31,208,8,200,22.388059701492537,10.820895522388058,11.567164179104477,77.61194029850746,2.9850746268656714,74.6268656716418
E00026024,280,86,45,41,194,16,178,30.714285714285715,16.071428571428573,14.642857142857144,69.28571428571428,5.714285714285714,63.57142857142857
E00026025,343,94,51,43,249,21,228,27.405247813411076,14.868804664723031,12.536443148688047,72.59475218658892,6.122448979591836,66.47230320699708
E00026026,318,57,25,32,261,18,243,17.92452830188679,7.861635220125786,10.062893081761008,82.0754716981132,5.660377358490567,76.41509433962264
E00026027,481,101,57,44,380,41,339,20.997920997921,11.85031185031185,9.147609147609149,79.002079002079,8.523908523908524,70.47817047817048
E00026028,402,99,51,48,303,12,291,24.62686567164179,12.686567164179104,11.940298507462686,75.3731343283582,2.9850746268656714,72.38805970149254
E00026030,426,89,48,41,337,15,322,20.89201877934272,11.267605633802818,9.624413145539906,79.10798122065728,3.5211267605633805,75.5868544600939
E00026031,351,80,38,42,271,18,253,22.79202279202279,10.826210826210826,11.965811965811966,77.20797720797721,5.128205128205128,72.07977207977207
E00026032,340,50,19,31,290,30,260,14.705882352941178,5.588235294117648,9.117647058823529,85.29411764705883,8.823529411764707,76.47058823529412
E00026033,362,71,34,37,291,13,278,19.613259668508288,9.392265193370166,10.220994475138122,80.38674033149171,3.591160220994475,76.79558011049724
E00026034,215,113,67,46,102,11,91,52.55813953488372,31.16279069767442,21.3953488372093,47.44186046511628,5.116279069767442,42.32558139534884
E00026035,364,66,29,37,298,24,274,18.13186813186813,7.967032967032966,10.164835164835164,81.86813186813187,6.593406593406594,75.27472527472527
E00026036,592,95,48,47,497,16,481,16.0472972972973,8.108108108108109,7.939189189189189,83.9527027027027,2.7027027027027026,81.25
E00026038,593,70,37,33,523,11,512,11.804384485666104,6.239460370994941,5.564924114671164,88.1956155143339,1.854974704890388,86.3406408094435
E00026039,427,94,51,43,333,7,326,22.01405152224824,11.943793911007026,10.070257611241217,77.98594847775175,1.639344262295082,76.34660421545667
E00026040,393,76,34,42,317,10,307,19.338422391857506,8.651399491094146,10.687022900763358,80.6615776081425,2.5445292620865136,78.11704834605598
E00026041,289,65,38,27,224,4,220,22.491349480968857,13.148788927335639,9.342560553633218,77.50865051903114,1.384083044982699,76.12456747404845
E00026042,571,105,61,44,466,17,449,18.388791593695274,10.683012259194395,7.705779334500876,81.61120840630473,2.9772329246935203,78.6339754816112
E00026043,541,59,32,27,482,16,466,10.905730129390019,5.914972273567468,4.990757855822551,89.09426987060998,2.957486136783734,86.13678373382625
E00026045,522,97,43,54,425,13,412,18.582375478927204,8.237547892720306,10.344827586206897,81.4176245210728,2.490421455938697,78.9272030651341
E00026046,565,67,31,36,498,21,477,11.858407079646017,5.486725663716814,6.371681415929204,88.14159292035399,3.7168141592920354,84.42477876106194
E00026047,504,83,38,45,421,17,404,16.46825396825397,7.5396825396825395,8.928571428571429,83.53174603174604,3.373015873015873,80.15873015873017
E00026048,482,142,75,67,340,13,327,29.460580912863072,15.560165975103734,13.900414937759336,70.53941908713693,2.6970954356846475,67.84232365145229
E00026049,590,67,33,34,523,16,507,11.35593220338983,5.593220338983051,5.762711864406779,88.64406779661017,2.711864406779661,85.9322033898305
E00026053,378,68,34,34,310,16,294,17.989417989417987,8.994708994708994,8.994708994708994,82.01058201058201,4.232804232804233,77.77777777777779
E00026054,534,74,41,33,460,20,440,13.857677902621724,7.677902621722846,6.179775280898876,86.14232209737828,3.7453183520599254,82.39700374531836
E00026055,188,58,35,23,130,6,124,30.851063829787233,18.617021276595743,12.23404255319149,69.14893617021278,3.1914893617021276,65.95744680851064
E00026056,565,94,60,34,471,9,462,16.63716814159292,10.619469026548673,6.017699115044247,83.36283185840708,1.592920353982301,81.76991150442477
E00026058,594,72,27,45,522,9,513,12.121212121212121,4.545454545454546,7.575757575757576,87.87878787878788,1.5151515151515151,86.36363636363636
E00026059,379,93,54,39,286,20,266,24.538258575197887,14.24802110817942,10.29023746701847,75.46174142480211,5.277044854881266,70.18469656992085
E00026060,590,87,34,53,503,14,489,14.745762711864408,5.762711864406779,8.983050847457626,85.2542372881356,2.3728813559322033,82.88135593220339
E00026065,485,66,35,31,419,13,406,13.608247422680412,7.216494845360824,6.391752577319587,86.3917525773196,2.6804123711340204,83.71134020618557
E00026066,477,63,28,35,414,9,405,13.20754716981132,5.870020964360587,7.337526205450734,86.79245283018868,1.8867924528301887,84.90566037735849
E00026067,519,85,44,41,434,12,422,16.377649325626205,8.477842003853564,7.89980732177264,83.62235067437379,2.312138728323699,81.31021194605009
E00026068,363,50,17,33,313,22,291,13.774104683195592,4.683195592286501,9.090909090909092,86.22589531680441,6.0606060606060606,80.16528925619835
E00026070,497,73,30,43,424,8,416,14.688128772635814,6.036217303822937,8.651911468812877,85.3118712273642,1.6096579476861168,83.70221327967808
E00026071,401,66,31,35,335,13,322,16.458852867830423,7.73067331670823,8.728179551122196,83.54114713216958,3.2418952618453867,80.29925187032418
E00026072,584,72,30,42,512,11,501,12.32876712328767,5.136986301369863,7.191780821917808,87.67123287671232,1.8835616438356164,85.78767123287672
E00026073,441,81,44,37,360,10,350,18.367346938775512,9.977324263038549,8.390022675736962,81.63265306122449,2.2675736961451247,79.36507936507937
E00026075,333,43,15,28,290,28,262,12.912912912912914,4.504504504504505,8.408408408408409,87.08708708708708,8.408408408408409,78.67867867867868
E00026076,292,41,5,36,251,36,215,14.04109589041096,1.7123287671232876,12.32876712328767,85.95890410958904,12.32876712328767,73.63013698630137
E00026077,293,56,21,35,237,27,210,19.112627986348123,7.167235494880546,11.945392491467576,80.88737201365188,9.215017064846416,71.67235494880546
E00026078,284,30,8,22,254,22,232,10.56338028169014,2.8169014084507045,7.746478873239436,89.43661971830986,7.746478873239436,81.69014084507043
E00026079,297,41,18,23,256,19,237,13.804713804713806,6.0606060606060606,7.744107744107744,86.19528619528619,6.397306397306397,79.7979797979798
E00026080,276,35,13,22,241,21,220,12.681159420289855,4.710144927536232,7.971014492753622,87.31884057971014,7.608695652173914,79.71014492753623
E00026081,247,45,22,23,202,19,183,18.218623481781375,8.906882591093117,9.31174089068826,81.78137651821862,7.6923076923076925,74.08906882591093
E00026082,256,36,8,28,220,24,196,14.0625,3.125,10.9375,85.9375,9.375,76.5625
E00026083,222,28,7,21,194,21,173,12.612612612612612,3.153153153153153,9.45945945945946,87.38738738738738,9.45945945945946,77.92792792792793
E00026084,272,22,1,21,250,29,221,8.088235294117647,0.3676470588235294,7.720588235294118,91.91176470588235,10.661764705882353,81.25
E00026085,185,49,19,30,136,16,120,26.486486486486488,10.27027027027027,16.216216216216218,73.51351351351352,8.64864864864865,64.86486486486487
E00026086,230,49,16,33,181,34,147,21.304347826086957,6.956521739130435,14.347826086956522,78.69565217391305,14.782608695652174,63.91304347826087
E00026087,398,57,23,34,341,27,314,14.321608040201006,5.778894472361809,8.542713567839195,85.678391959799,6.78391959798995,78.89447236180904
E00026088,334,33,10,23,301,38,263,9.880239520958083,2.9940119760479043,6.88622754491018,90.11976047904191,11.377245508982035,78.74251497005989
E00026089,309,33,4,29,276,17,259,10.679611650485436,1.2944983818770228,9.385113268608414,89.32038834951457,5.501618122977346,83.81877022653723
E00026090,302,36,14,22,266,33,233,11.920529801324504,4.635761589403973,7.28476821192053,88.0794701986755,10.927152317880795,77.15231788079471
E00026091,383,39,12,27,344,33,311,10.182767624020887,3.1331592689295036,7.049608355091384,89.81723237597912,8.616187989556137,81.20104438642298
E00026092,181,75,35,40,106,10,96,41.43646408839779,19.337016574585636,22.099447513812155,58.5635359116022,5.524861878453039,53.03867403314917
E00026093,316,42,13,29,274,18,256,13.291139240506327,4.113924050632911,9.177215189873419,86.70886075949366,5.69620253164557,81.0126582278481
E00026094,294,29,6,23,265,34,231,9.863945578231291,2.0408163265306123,7.8231292517006805,90.1360544217687,11.564625850340136,78.57142857142857
E00026095,296,54,22,32,242,13,229,18.243243243243242,7.4324324324324325,10.81081081081081,81.75675675675676,4.391891891891892,77.36486486486487
E00026096,315,72,32,40,243,18,225,22.857142857142858,10.158730158730158,12.698412698412698,77.14285714285715,5.714285714285714,71.42857142857143
E00026097,332,36,13,23,296,32,264,10.843373493975903,3.91566265060241,6.927710843373494,89.1566265060241,9.63855421686747,79.51807228915662
E00026098,311,35,12,23,276,28,248,11.254019292604502,3.858520900321544,7.395498392282958,88.7459807073955,9.003215434083602,79.7427652733119
E00026099,282,43,15,28,239,23,216,15.24822695035461,5.319148936170213,9.929078014184398,84.75177304964538,8.156028368794328,76.59574468085107
E00026100,431,72,14,58,359,52,307,16.70533642691415,3.248259860788863,13.45707656612529,83.29466357308584,12.064965197215777,71.22969837587007
E00026101,254,70,29,41,184,20,164,27.559055118110237,11.41732283464567,16.141732283464567,72.44094488188976,7.874015748031496,64.56692913385827
E00026102,307,32,13,19,275,31,244,10.423452768729643,4.234527687296417,6.188925081433225,89.57654723127035,10.097719869706841,79.47882736156352
E00026103,262,30,11,19,232,19,213,11.450381679389313,4.198473282442748,7.251908396946565,88.54961832061069,7.251908396946565,81.29770992366412
E00026104,182,44,21,23,138,24,114,24.175824175824175,11.538461538461538,12.637362637362637,75.82417582417582,13.186813186813188,62.637362637362635
E00026105,290,37,5,32,253,19,234,12.758620689655173,1.7241379310344827,11.03448275862069,87.24137931034483,6.551724137931035,80.6896551724138
E00026106,250,29,10,19,221,26,195,11.600000000000001,4,7.6,88.4,10.4,78
E00026107,281,32,5,27,249,19,230,11.387900355871885,1.7793594306049825,9.608540925266903,88.61209964412812,6.761565836298933,81.85053380782918
E00026108,168,66,38,28,102,24,78,39.285714285714285,22.61904761904762,16.666666666666664,60.71428571428571,14.285714285714285,46.42857142857143
E00026109,341,52,8,44,289,31,258,15.249266862170089,2.346041055718475,12.903225806451612,84.75073313782991,9.090909090909092,75.65982404692082
E00026110,201,47,16,31,154,22,132,23.383084577114428,7.960199004975125,15.422885572139302,76.61691542288557,10.945273631840797,65.67164179104478
E00026111,212,36,11,25,176,16,160,16.9811320754717,5.188679245283019,11.79245283018868,83.01886792452831,7.547169811320755,75.47169811320755
E00026112,361,55,20,35,306,26,280,15.23545706371191,5.540166204986149,9.695290858725762,84.7645429362881,7.202216066481995,77.5623268698061
E00026113,359,48,8,40,311,31,280,13.370473537604457,2.2284122562674096,11.142061281337048,86.62952646239555,8.635097493036211,77.99442896935933
E00026114,334,48,20,28,286,40,246,14.37125748502994,5.9880239520958085,8.383233532934131,85.62874251497006,11.976047904191617,73.65269461077844
E00026115,293,56,30,26,237,35,202,19.112627986348123,10.238907849829351,8.873720136518772,80.88737201365188,11.945392491467576,68.94197952218431
E00026116,215,57,23,34,158,15,143,26.51162790697674,10.69767441860465,15.813953488372093,73.48837209302326,6.976744186046512,66.51162790697674
E00026117,214,41,19,22,173,25,148,19.158878504672895,8.878504672897195,10.2803738317757,80.8411214953271,11.682242990654206,69.1588785046729
E00026118,253,51,34,17,202,32,170,20.158102766798418,13.438735177865613,6.719367588932807,79.84189723320159,12.648221343873518,67.19367588932806
E00026119,245,32,10,22,213,23,190,13.061224489795919,4.081632653061225,8.979591836734693,86.93877551020408,9.387755102040817,77.55102040816327
E00026120,308,46,15,31,262,20,242,14.935064935064934,4.870129870129871,10.064935064935066,85.06493506493507,6.493506493506493,78.57142857142857
E00026121,344,44,13,31,300,31,269,12.790697674418606,3.77906976744186,9.011627906976743,87.20930232558139,9.011627906976743,78.19767441860465
E00026122,251,53,22,31,198,27,171,21.115537848605577,8.764940239043826,12.350597609561753,78.88446215139442,10.756972111553784,68.12749003984064
E00026123,288,41,16,25,247,18,229,14.23611111111111,5.555555555555555,8.680555555555555,85.76388888888889,6.25,79.51388888888889
E00026124,289,22,6,16,267,29,238,7.612456747404845,2.0761245674740483,5.536332179930796,92.38754325259517,10.034602076124568,82.35294117647058
E00026125,363,38,8,30,325,43,282,10.46831955922865,2.203856749311295,8.264462809917356,89.53168044077135,11.84573002754821,77.68595041322314
E00026126,311,57,22,35,254,20,234,18.327974276527332,7.07395498392283,11.254019292604502,81.67202572347267,6.430868167202572,75.2411575562701
E00026127,271,50,22,28,221,27,194,18.45018450184502,8.118081180811808,10.33210332103321,81.54981549815497,9.96309963099631,71.58671586715867
E00026128,466,89,56,33,377,10,367,19.098712446351932,12.017167381974248,7.081545064377683,80.90128755364807,2.1459227467811157,78.75536480686695
E00026129,405,57,22,35,348,21,327,14.074074074074074,5.432098765432099,8.641975308641975,85.92592592592592,5.185185185185185,80.74074074074075
E00026130,324,38,15,23,286,7,279,11.728395061728394,4.62962962962963,7.098765432098765,88.27160493827161,2.1604938271604937,86.11111111111111
E00026131,346,48,21,27,298,22,276,13.872832369942195,6.069364161849711,7.803468208092486,86.1271676300578,6.358381502890173,79.76878612716763
E00026132,457,119,73,46,338,19,319,26.039387308533918,15.973741794310722,10.065645514223196,73.96061269146608,4.157549234135667,69.80306345733041
E00026133,316,42,16,26,274,21,253,13.291139240506327,5.063291139240507,8.227848101265822,86.70886075949366,6.6455696202531636,80.0632911392405
E00026134,311,59,32,27,252,14,238,18.971061093247588,10.289389067524116,8.681672025723474,81.02893890675242,4.501607717041801,76.52733118971061
E00026136,456,68,33,35,388,24,364,14.912280701754385,7.236842105263158,7.675438596491229,85.08771929824562,5.263157894736842,79.82456140350878
E00026137,507,78,42,36,429,29,400,15.384615384615385,8.284023668639055,7.100591715976331,84.61538461538461,5.719921104536489,78.89546351084813
E00026138,138,52,26,26,86,7,79,37.68115942028986,18.84057971014493,18.84057971014493,62.31884057971014,5.072463768115942,57.2463768115942
E00026139,476,56,22,34,420,15,405,11.76470588235294,4.621848739495799,7.142857142857142,88.23529411764706,3.1512605042016806,85.08403361344537
E00026140,344,70,35,35,274,14,260,20.348837209302324,10.174418604651162,10.174418604651162,79.65116279069767,4.069767441860465,75.5813953488372
E00026141,254,48,24,24,206,16,190,18.89763779527559,9.448818897637794,9.448818897637794,81.10236220472441,6.299212598425196,74.80314960629921
E00026143,324,52,21,31,272,15,257,16.049382716049383,6.481481481481481,9.5679012345679,83.9506172839506,4.62962962962963,79.32098765432099
E00026144,395,58,27,31,337,8,329,14.683544303797468,6.8354430379746836,7.848101265822785,85.31645569620252,2.0253164556962027,83.29113924050633
E00026145,221,64,42,22,157,10,147,28.95927601809955,19.004524886877828,9.95475113122172,71.04072398190046,4.524886877828054,66.51583710407239
E00026146,454,78,23,55,376,18,358,17.180616740088105,5.066079295154185,12.114537444933921,82.81938325991189,3.9647577092511015,78.8546255506608
E00026147,559,73,31,42,486,22,464,13.059033989266547,5.545617173524151,7.5134168157423975,86.94096601073346,3.9355992844364938,83.00536672629696
E00026148,279,37,14,23,242,7,235,13.261648745519713,5.017921146953405,8.24372759856631,86.73835125448028,2.5089605734767026,84.22939068100358
E00026149,356,54,27,27,302,12,290,15.168539325842698,7.584269662921349,7.584269662921349,84.8314606741573,3.3707865168539324,81.46067415730337
E00026150,389,59,35,24,330,11,319,15.167095115681233,8.997429305912597,6.169665809768637,84.83290488431876,2.827763496143959,82.0051413881748
E00026151,415,46,20,26,369,28,341,11.08433734939759,4.819277108433735,6.265060240963856,88.91566265060241,6.746987951807229,82.16867469879519
E00026152,347,57,22,35,290,14,276,16.42651296829971,6.340057636887608,10.086455331412104,83.5734870317003,4.034582132564841,79.53890489913545
E00026153,427,85,52,33,342,7,335,19.906323185011708,12.177985948477751,7.728337236533958,80.09367681498829,1.639344262295082,78.4543325526932
E00026154,384,62,33,29,322,17,305,16.145833333333336,8.59375,7.552083333333333,83.85416666666666,4.427083333333334,79.42708333333334
E00026155,438,63,21,42,375,24,351,14.383561643835616,4.794520547945205,9.58904109589041,85.61643835616438,5.47945205479452,80.13698630136986
E00026156,201,74,44,30,127,5,122,36.81592039800995,21.890547263681594,14.925373134328357,63.18407960199005,2.4875621890547266,60.69651741293532
E00026157,297,64,39,25,233,17,216,21.548821548821547,13.131313131313133,8.417508417508419,78.45117845117845,5.723905723905724,72.72727272727273
E00026158,587,138,82,56,449,24,425,23.509369676320272,13.969335604770016,9.540034071550256,76.49063032367974,4.088586030664395,72.40204429301534
E00026159,486,60,31,29,426,13,413,12.345679012345679,6.378600823045268,5.967078189300412,87.65432098765432,2.674897119341564,84.97942386831275
E00026160,405,77,46,31,328,14,314,19.012345679012345,11.358024691358025,7.654320987654321,80.98765432098766,3.45679012345679,77.53086419753087
E00026161,435,69,27,42,366,13,353,15.862068965517242,6.206896551724138,9.655172413793103,84.13793103448276,2.9885057471264367,81.14942528735632
E00026162,460,88,53,35,372,14,358,19.130434782608695,11.521739130434783,7.608695652173914,80.8695652173913,3.0434782608695654,77.82608695652173
E00026163,477,48,20,28,429,8,421,10.062893081761008,4.1928721174004195,5.870020964360587,89.937106918239,1.6771488469601679,88.25995807127882
E00026164,576,94,39,55,482,24,458,16.319444444444446,6.770833333333333,9.54861111111111,83.68055555555556,4.166666666666666,79.51388888888889
E00026165,452,84,48,36,368,16,352,18.58407079646018,10.619469026548673,7.964601769911504,81.41592920353983,3.5398230088495577,77.87610619469027
E00026166,201,65,36,29,136,11,125,32.33830845771145,17.91044776119403,14.427860696517413,67.66169154228857,5.472636815920398,62.189054726368155
E00026167,544,59,28,31,485,13,472,10.845588235294118,5.147058823529411,5.698529411764706,89.15441176470588,2.389705882352941,86.76470588235294
E00026168,357,60,18,42,297,24,273,16.80672268907563,5.042016806722689,11.76470588235294,83.19327731092437,6.722689075630252,76.47058823529412
E00026169,247,31,15,16,216,15,201,12.550607287449392,6.0728744939271255,6.477732793522267,87.4493927125506,6.0728744939271255,81.37651821862349
E00026170,312,34,7,27,278,21,257,10.897435897435898,2.2435897435897436,8.653846153846153,89.1025641025641,6.730769230769231,82.37179487179486
E00026171,333,46,23,23,287,32,255,13.813813813813812,6.906906906906906,6.906906906906906,86.18618618618619,9.60960960960961,76.57657657657657
E00026172,277,29,11,18,248,15,233,10.469314079422382,3.9711191335740073,6.4981949458483745,89.53068592057761,5.415162454873646,84.11552346570397
E00026173,334,56,24,32,278,28,250,16.766467065868262,7.18562874251497,9.580838323353294,83.23353293413174,8.383233532934131,74.8502994011976
E00026174,178,37,17,20,141,25,116,20.786516853932586,9.550561797752808,11.235955056179774,79.21348314606742,14.04494382022472,65.1685393258427
E00026175,221,39,17,22,182,24,158,17.647058823529413,7.6923076923076925,9.95475113122172,82.35294117647058,10.85972850678733,71.49321266968326
E00026176,278,64,42,22,214,11,203,23.021582733812952,15.107913669064748,7.913669064748201,76.97841726618705,3.9568345323741005,73.02158273381295
E00026177,282,63,26,37,219,28,191,22.340425531914892,9.219858156028367,13.120567375886525,77.6595744680851,9.929078014184398,67.73049645390071
E00026178,343,41,22,19,302,31,271,11.9533527696793,6.41399416909621,5.539358600583091,88.0466472303207,9.037900874635568,79.00874635568513
E00026179,302,61,16,45,241,30,211,20.198675496688743,5.298013245033113,14.90066225165563,79.80132450331125,9.933774834437086,69.86754966887418
E00026180,243,25,8,17,218,14,204,10.2880658436214,3.292181069958848,6.995884773662551,89.7119341563786,5.761316872427984,83.9506172839506
E00026181,337,49,15,34,288,29,259,14.540059347181009,4.451038575667656,10.089020771513352,85.45994065281899,8.605341246290802,76.8545994065282
E00026182,267,68,42,26,199,16,183,25.468164794007492,15.730337078651685,9.737827715355806,74.53183520599251,5.992509363295881,68.53932584269663
E00026183,411,54,23,31,357,36,321,13.138686131386862,5.59610705596107,7.542579075425791,86.86131386861314,8.75912408759124,78.1021897810219
E00026184,264,45,22,23,219,21,198,17.045454545454543,8.333333333333332,8.712121212121213,82.95454545454545,7.954545454545454,75
E00026185,323,53,17,36,270,31,239,16.408668730650156,5.263157894736842,11.145510835913312,83.59133126934985,9.597523219814242,73.9938080495356
E00026186,302,37,9,28,265,25,240,12.251655629139073,2.980132450331126,9.271523178807946,87.74834437086093,8.27814569536424,79.47019867549669
E00026187,330,45,10,35,285,22,263,13.636363636363635,3.0303030303030303,10.606060606060606,86.36363636363636,6.666666666666667,79.6969696969697
E00026188,335,42,14,28,293,20,273,12.53731343283582,4.179104477611941,8.358208955223882,87.46268656716418,5.970149253731343,81.49253731343283
E00026189,324,37,12,25,287,24,263,11.419753086419753,3.7037037037037033,7.716049382716049,88.58024691358025,7.4074074074074066,81.17283950617285
E00026190,271,37,14,23,234,22,212,13.653136531365314,5.166051660516605,8.487084870848708,86.34686346863468,8.118081180811808,78.22878228782287
E00026191,287,24,16,8,263,30,233,8.362369337979095,5.574912891986063,2.7874564459930316,91.63763066202091,10.452961672473867,81.18466898954703
E00026192,360,37,11,26,323,27,296,10.277777777777777,3.0555555555555554,7.222222222222221,89.72222222222223,7.5,82.22222222222221
E00026193,233,27,10,17,206,25,181,11.587982832618025,4.291845493562231,7.296137339055794,88.41201716738198,10.72961373390558,77.6824034334764
E00026194,305,45,17,28,260,23,237,14.754098360655737,5.573770491803279,9.180327868852459,85.24590163934425,7.540983606557377,77.70491803278688
E00026195,228,34,11,23,194,24,170,14.912280701754385,4.824561403508771,10.087719298245613,85.08771929824562,10.526315789473683,74.56140350877193
E00026196,191,44,24,20,147,25,122,23.036649214659686,12.56544502617801,10.471204188481675,76.96335078534031,13.089005235602095,63.87434554973822
E00026197,260,44,21,23,216,27,189,16.923076923076923,8.076923076923077,8.846153846153847,83.07692307692308,10.384615384615385,72.6923076923077
E00026198,350,36,12,24,314,28,286,10.285714285714285,3.428571428571429,6.857142857142858,89.71428571428571,8,81.71428571428572
E00026199,350,49,13,36,301,43,258,14.000000000000002,3.7142857142857144,10.285714285714285,86,12.285714285714286,73.71428571428571
E00026200,311,33,15,18,278,30,248,10.610932475884244,4.823151125401929,5.787781350482315,89.38906752411575,9.646302250803858,79.7427652733119
E00026201,276,33,8,25,243,28,215,11.956521739130435,2.898550724637681,9.057971014492754,88.04347826086956,10.144927536231885,77.89855072463769
E00026202,425,37,8,29,388,34,354,8.705882352941176,1.8823529411764703,6.8235294117647065,91.29411764705883,8,83.29411764705881
E00026203,306,41,12,29,265,27,238,13.398692810457517,3.9215686274509802,9.477124183006536,86.60130718954248,8.823529411764707,77.77777777777779
E00026204,452,55,14,41,397,37,360,12.168141592920353,3.0973451327433628,9.070796460176991,87.83185840707965,8.185840707964601,79.64601769911505
E00026205,293,50,27,23,243,24,219,17.064846416382252,9.215017064846416,7.849829351535837,82.93515358361775,8.19112627986348,74.74402730375427
E00026206,336,38,9,29,298,27,271,11.30952380952381,2.6785714285714284,8.630952380952381,88.69047619047619,8.035714285714286,80.65476190476191
E00026207,299,31,15,16,268,25,243,10.367892976588628,5.016722408026756,5.351170568561873,89.63210702341136,8.361204013377927,81.27090301003345
E00026208,469,81,37,44,388,39,349,17.270788912579956,7.889125799573561,9.381663113006397,82.72921108742004,8.315565031982942,74.4136460554371
E00026209,325,40,14,26,285,31,254,12.307692307692308,4.3076923076923075,8,87.6923076923077,9.538461538461538,78.15384615384615
E00026210,254,25,15,10,229,25,204,9.84251968503937,5.905511811023622,3.937007874015748,90.15748031496062,9.84251968503937,80.31496062992126
E00026211,293,45,21,24,248,24,224,15.358361774744028,7.167235494880546,8.19112627986348,84.64163822525597,8.19112627986348,76.45051194539249
E00026212,350,44,19,25,306,20,286,12.571428571428573,5.428571428571429,7.142857142857142,87.42857142857143,5.714285714285714,81.71428571428572
E00026213,337,42,17,25,295,23,272,12.462908011869436,5.044510385756676,7.418397626112759,87.53709198813057,6.824925816023739,80.71216617210682
E00026214,230,52,33,19,178,23,155,22.608695652173914,14.347826086956522,8.26086956521739,77.39130434782608,10,67.3913043478261
E00026215,286,33,13,20,253,20,233,11.538461538461538,4.545454545454546,6.993006993006993,88.46153846153845,6.993006993006993,81.46853146853147
E00026216,355,45,16,29,310,20,290,12.676056338028168,4.507042253521127,8.169014084507042,87.32394366197182,5.633802816901409,81.69014084507043
E00026217,289,41,18,23,248,20,228,14.186851211072666,6.228373702422145,7.958477508650519,85.81314878892734,6.920415224913495,78.89273356401384
E00026218,358,66,34,32,292,13,279,18.435754189944134,9.497206703910614,8.938547486033519,81.56424581005587,3.6312849162011176,77.93296089385476
E00026219,371,65,26,39,306,23,283,17.52021563342318,7.008086253369273,10.512129380053908,82.47978436657682,6.199460916442049,76.28032345013477
E00026220,372,61,27,34,311,15,296,16.397849462365592,7.258064516129033,9.13978494623656,83.60215053763442,4.032258064516129,79.56989247311827
E00026221,314,60,31,29,254,14,240,19.10828025477707,9.872611464968154,9.235668789808917,80.89171974522293,4.45859872611465,76.43312101910828
E00026222,392,73,29,44,319,21,298,18.622448979591837,7.3979591836734695,11.224489795918368,81.37755102040816,5.357142857142857,76.0204081632653
E00026223,532,85,45,40,447,15,432,15.977443609022558,8.458646616541353,7.518796992481203,84.02255639097744,2.819548872180451,81.203007518797
E00026224,584,113,50,63,471,21,450,19.34931506849315,8.561643835616438,10.787671232876713,80.65068493150685,3.595890410958904,77.05479452054794
E00026225,555,133,70,63,422,21,401,23.963963963963963,12.612612612612612,11.351351351351353,76.03603603603604,3.783783783783784,72.25225225225225
E00026227,263,62,33,29,201,9,192,23.574144486692013,12.547528517110266,11.02661596958175,76.42585551330798,3.4220532319391634,73.00380228136882
E00026228,426,72,34,38,354,25,329,16.901408450704224,7.981220657276995,8.92018779342723,83.09859154929578,5.868544600938967,77.23004694835682
E00026230,430,86,42,44,344,17,327,20,9.767441860465116,10.232558139534884,80,3.953488372093023,76.04651162790698
E00026231,284,55,33,22,229,10,219,19.366197183098592,11.619718309859154,7.746478873239436,80.63380281690141,3.5211267605633805,77.11267605633803
E00026232,214,28,5,23,186,19,167,13.084112149532709,2.336448598130841,10.74766355140187,86.91588785046729,8.878504672897195,78.03738317757009
E00026233,434,84,45,39,350,20,330,19.35483870967742,10.368663594470046,8.986175115207374,80.64516129032258,4.6082949308755765,76.036866359447
E00026234,319,55,19,36,264,15,249,17.24137931034483,5.956112852664576,11.285266457680251,82.75862068965517,4.702194357366771,78.0564263322884
E00026235,505,100,43,57,405,17,388,19.801980198019802,8.514851485148515,11.287128712871288,80.19801980198021,3.3663366336633667,76.83168316831683
E00026236,230,62,33,29,168,15,153,26.956521739130434,14.347826086956522,12.608695652173912,73.04347826086956,6.521739130434782,66.52173913043478
E00026237,275,66,23,43,209,17,192,24,8.363636363636363,15.636363636363637,76,6.181818181818182,69.81818181818183
E00026238,452,55,30,25,397,31,366,12.168141592920353,6.637168141592921,5.530973451327434,87.83185840707965,6.8584070796460175,80.97345132743364
E00026239,585,115,55,60,470,35,435,19.65811965811966,9.401709401709402,10.256410256410255,80.34188034188034,5.982905982905983,74.35897435897436
E00026241,487,67,32,35,420,27,393,13.75770020533881,6.570841889117044,7.186858316221765,86.242299794661193,5.544147843942506,80.69815195071868
E00026242,405,85,44,41,320,19,301,20.98765432098765,10.864197530864198,10.123456790123457,79.01234567901234,4.691358024691358,74.32098765432099
E00026243,470,106,70,36,364,18,346,22.5531914893617,14.893617021276595,7.659574468085106,77.4468085106383,3.829787234042553,73.61702127659574
E00026244,221,63,42,21,158,10,148,28.50678733031674,19.004524886877828,9.502262443438914,71.49321266968326,4.524886877828054,66.9683257918552
E00026245,543,94,48,46,449,32,417,17.311233885819522,8.83977900552486,8.47145488029466,82.68876611418048,5.893186003683241,76.79558011049724
E00026246,402,80,42,38,322,19,303,19.900497512437813,10.44776119402985,9.45273631840796,80.09950248756219,4.72636815920398,75.3731343283582
E00026247,368,75,45,30,293,18,275,20.380434782608695,12.228260869565217,8.152173913043478,79.61956521739131,4.891304347826087,74.72826086956522
E00026248,564,94,22,72,470,30,440,16.666666666666664,3.900709219858156,12.76595744680851,83.33333333333334,5.319148936170213,78.01418439716312
E00026250,305,104,61,43,201,20,181,34.0983606557377,20,14.098360655737704,65.90163934426229,6.557377049180328,59.34426229508196
E00026251,610,84,6,78,526,36,490,13.77049180327869,0.9836065573770493,12.786885245901638,86.22950819672131,5.901639344262295,80.32786885245902
E00026252,569,80,42,38,489,45,444,14.059753954305801,7.381370826010544,6.6783831282952555,85.9402460456942,7.9086115992970125,78.03163444639719
E00026254,260,60,29,31,200,6,194,23.076923076923077,11.153846153846155,11.923076923076923,76.92307692307693,2.307692307692308,74.61538461538461
E00026255,320,29,13,16,291,15,276,9.0625,4.0625,5,90.9375,4.6875,86.25
E00026257,320,69,39,30,251,19,232,21.5625,12.1875,9.375,78.4375,5.9375,72.5
E00026258,247,101,50,51,146,6,140,40.89068825910931,20.242914979757085,20.647773279352226,59.10931174089069,2.42914979757085,56.68016194331984
E00026259,233,63,31,32,170,13,157,27.038626609442062,13.304721030042918,13.733905579399142,72.96137339055794,5.579399141630901,67.38197424892704
E00026260,256,55,28,27,201,9,192,21.484375,10.9375,10.546875,78.515625,3.515625,75
E00026261,335,50,23,27,285,10,275,14.925373134328357,6.865671641791045,8.059701492537313,85.07462686567165,2.9850746268656714,82.08955223880598
E00026262,332,50,35,15,282,12,270,15.060240963855422,10.542168674698797,4.518072289156627,84.93975903614458,3.614457831325301,81.32530120481928
E00026263,425,79,32,47,346,22,324,18.58823529411765,7.529411764705881,11.058823529411764,81.41176470588235,5.176470588235294,76.23529411764706
E00026264,245,77,49,28,168,13,155,31.428571428571427,20,11.428571428571429,68.57142857142857,5.3061224489795915,63.26530612244898
E00026265,289,59,32,27,230,17,213,20.415224913494807,11.072664359861593,9.342560553633218,79.58477508650519,5.88235294117647,73.70242214532871
E00026266,367,57,30,27,310,14,296,15.531335149863759,8.174386920980927,7.3569482288828345,84.46866485013625,3.8147138964577656,80.65395095367847
E00026267,337,63,29,34,274,21,253,18.694362017804153,8.605341246290802,10.089020771513352,81.30563798219585,6.231454005934718,75.07418397626114
E00026268,350,55,23,32,295,15,280,15.714285714285714,6.571428571428571,9.142857142857142,84.28571428571429,4.285714285714286,80
E00026269,433,62,31,31,371,18,353,14.318706697459586,7.159353348729793,7.159353348729793,85.68129330254041,4.157043879907621,81.5242494226328
E00026270,421,62,30,32,359,16,343,14.726840855106888,7.1258907363420425,7.600950118764846,85.2731591448931,3.800475059382423,81.47268408551069
E00026272,290,62,35,27,228,18,210,21.379310344827587,12.068965517241379,9.310344827586208,78.62068965517241,6.206896551724138,72.41379310344827
E00026273,328,55,31,24,273,10,263,16.76829268292683,9.451219512195122,7.317073170731707,83.23170731707317,3.048780487804878,80.1829268292683
E00026274,509,89,45,44,420,22,398,17.4852652259332,8.840864440078585,8.644400785854616,82.5147347740668,4.322200392927308,78.1925343811395
E00026275,406,76,32,44,330,19,311,18.7192118226601,7.8817733990147785,10.83743842364532,81.2807881773399,4.679802955665025,76.60098522167488
E00026277,382,73,29,44,309,15,294,19.10994764397906,7.591623036649215,11.518324607329843,80.89005235602095,3.926701570680628,76.96335078534031
E00026278,304,83,48,35,221,12,209,27.302631578947366,15.789473684210526,11.513157894736842,72.69736842105263,3.9473684210526314,68.75
E00026279,310,63,35,28,247,8,239,20.32258064516129,11.29032258064516,9.032258064516128,79.6774193548387,2.5806451612903225,77.09677419354838
E00026280,141,26,13,13,115,6,109,18.439716312056735,9.219858156028367,9.219858156028367,81.56028368794325,4.25531914893617,77.30496453900709
E00026281,270,57,30,27,213,7,206,21.11111111111111,11.11111111111111,10,78.88888888888889,2.5925925925925926,76.29629629629629
E00026282,387,74,32,42,313,19,294,19.12144702842377,8.2687338501292,10.852713178294573,80.87855297157623,4.909560723514212,75.96899224806202
E00026283,458,175,136,39,283,8,275,38.209606986899566,29.694323144104807,8.51528384279476,61.79039301310044,1.7467248908296942,60.043668122270745
E00026284,370,54,28,26,316,9,307,14.594594594594595,7.567567567567568,7.027027027027027,85.4054054054054,2.4324324324324325,82.97297297297297
E00026285,296,69,40,29,227,17,210,23.31081081081081,13.513513513513514,9.797297297297296,76.6891891891892,5.743243243243244,70.94594594594594
E00026286,276,62,26,36,214,8,206,22.463768115942027,9.420289855072465,13.043478260869565,77.53623188405797,2.898550724637681,74.63768115942028
E00026287,358,88,46,42,270,12,258,24.581005586592177,12.849162011173185,11.731843575418994,75.41899441340783,3.35195530726257,72.06703910614524
E00026288,480,80,32,48,400,19,381,16.666666666666664,6.666666666666667,10,83.33333333333334,3.958333333333333,79.375
E00026289,255,54,22,32,201,11,190,21.176470588235293,8.627450980392156,12.549019607843137,78.82352941176471,4.313725490196078,74.50980392156863
E00026290,369,69,33,36,300,11,289,18.69918699186992,8.94308943089431,9.75609756097561,81.30081300813008,2.9810298102981028,78.31978319783198
E00026291,360,49,23,26,311,22,289,13.61111111111111,6.388888888888888,7.222222222222221,86.38888888888889,6.111111111111111,80.27777777777779
E00026292,311,39,24,15,272,18,254,12.540192926045016,7.717041800643088,4.823151125401929,87.45980707395499,5.787781350482315,81.67202572347267
E00026293,287,49,23,26,238,14,224,17.073170731707318,8.013937282229964,9.059233449477352,82.92682926829268,4.878048780487805,78.04878048780488
E00026294,405,78,37,41,327,18,309,19.25925925925926,9.135802469135802,10.123456790123457,80.74074074074075,4.444444444444445,76.29629629629629
E00026295,290,61,29,32,229,18,211,21.03448275862069,10,11.03448275862069,78.96551724137932,6.206896551724138,72.75862068965517
E00026296,340,95,52,43,245,18,227,27.941176470588236,15.294117647058824,12.647058823529411,72.05882352941177,5.294117647058823,66.76470588235294
E00026297,260,53,25,28,207,18,189,20.384615384615383,9.615384615384617,10.76923076923077,79.61538461538461,6.923076923076923,72.6923076923077
E00026298,329,71,25,46,258,24,234,21.580547112462007,7.598784194528875,13.98176291793313,78.419452887538,7.29483282674772,71.12462006079028
E00026299,315,36,20,16,279,19,260,11.428571428571429,6.349206349206349,5.079365079365079,88.57142857142857,6.031746031746032,82.53968253968253
E00026300,284,44,23,21,240,11,229,15.492957746478872,8.098591549295776,7.394366197183098,84.50704225352112,3.873239436619718,80.63380281690141
E00026301,341,58,34,24,283,22,261,17.008797653958943,9.970674486803519,7.038123167155426,82.99120234604106,6.451612903225806,76.53958944281524
E00026302,409,83,47,36,326,21,305,20.293398533007334,11.491442542787286,8.80195599022005,79.70660146699267,5.134474327628362,74.57212713936431
E00026304,352,89,44,45,263,15,248,25.28409090909091,12.5,12.784090909090908,74.7159090909091,4.261363636363636,70.45454545454545
E00026305,461,87,43,44,374,14,360,18.872017353579178,9.327548806941431,9.544468546637743,81.12798264642083,3.036876355748373,78.09110629067246
E00026306,426,92,52,40,334,16,318,21.5962441314554,12.206572769953052,9.389671361502346,78.40375586854461,3.755868544600939,74.64788732394366
E00026307,461,52,28,24,409,16,393,11.279826464208242,6.073752711496746,5.206073752711497,88.72017353579176,3.470715835140998,85.24945770065075
E00026308,429,42,16,26,387,16,371,9.79020979020979,3.7296037296037294,6.0606060606060606,90.20979020979021,3.7296037296037294,86.48018648018649
E00026309,352,51,27,24,301,10,291,14.488636363636365,7.670454545454546,6.8181818181818175,85.51136363636364,2.840909090909091,82.67045454545455
E00026310,508,91,44,47,417,23,394,17.913385826771652,8.661417322834646,9.251968503937007,82.08661417322834,4.52755905511811,77.55905511811024
E00026312,501,67,36,31,434,19,415,13.373253493013973,7.18562874251497,6.187624750499002,86.62674650698602,3.792415169660679,82.83433133732535
E00026313,473,69,35,34,404,21,383,14.587737843551796,7.399577167019028,7.188160676532769,85.41226215644821,4.439746300211417,80.97251585623678
E00026314,497,64,28,36,433,37,396,12.877263581488934,5.633802816901409,7.2434607645875255,87.12273641851107,7.44466800804829,79.67806841046277
E00026315,617,87,36,51,530,34,496,14.100486223662884,5.834683954619125,8.26580226904376,85.89951377633712,5.510534846029174,80.38897893030794
E00026316,533,68,31,37,465,20,445,12.757973733583489,5.816135084427768,6.941838649155723,87.2420262664165,3.75234521575985,83.48968105065666
E00026317,344,58,23,35,286,21,265,16.86046511627907,6.686046511627906,10.174418604651162,83.13953488372093,6.104651162790697,77.03488372093024
E00026318,221,71,35,36,150,11,139,32.126696832579185,15.837104072398189,16.289592760180994,67.87330316742081,4.97737556561086,62.89592760180995
E00026319,317,55,18,37,262,18,244,17.350157728706623,5.678233438485805,11.67192429022082,82.64984227129337,5.678233438485805,76.97160883280758
E00026320,313,51,16,35,262,29,233,16.293929712460063,5.111821086261981,11.182108626198083,83.70607028753993,9.26517571884984,74.4408945686901
E00026321,320,58,32,26,262,12,250,18.125,10,8.125,81.875,3.75,78.125
E00026322,295,73,47,26,222,16,206,24.74576271186441,15.932203389830507,8.813559322033898,75.2542372881356,5.423728813559322,69.83050847457626
E00026323,464,64,27,37,400,11,389,13.793103448275861,5.818965517241379,7.974137931034483,86.20689655172413,2.3706896551724137,83.83620689655173
E00026324,375,80,41,39,295,11,284,21.333333333333336,10.933333333333334,10.4,78.66666666666666,2.933333333333333,75.73333333333333
E00026325,454,76,32,44,378,19,359,16.740088105726873,7.048458149779736,9.691629955947137,83.25991189427313,4.185022026431718,79.07488986784142
E00026326,376,58,25,33,318,13,305,15.425531914893616,6.648936170212766,8.77659574468085,84.57446808510637,3.4574468085106385,81.11702127659575
E00026327,255,56,30,26,199,12,187,21.96078431372549,11.76470588235294,10.196078431372548,78.03921568627452,4.705882352941177,73.33333333333333
E00026328,418,64,26,38,354,11,343,15.311004784688995,6.220095693779904,9.090909090909092,84.688995215311,2.631578947368421,82.05741626794259
E00026329,433,97,46,51,336,11,325,22.401847575057737,10.623556581986143,11.778290993071593,77.59815242494227,2.5404157043879905,75.05773672055427
E00026330,361,47,21,26,314,13,301,13.019390581717452,5.8171745152354575,7.202216066481995,86.98060941828255,3.6011080332409975,83.37950138504155
E00026331,366,75,42,33,291,14,277,20.491803278688526,11.475409836065573,9.01639344262295,79.50819672131148,3.825136612021858,75.68306010928961
E00026332,394,92,52,40,302,12,290,23.3502538071066,13.19796954314721,10.152284263959391,76.6497461928934,3.0456852791878175,73.60406091370558
E00026333,370,68,32,36,302,21,281,18.37837837837838,8.64864864864865,9.72972972972973,81.62162162162161,5.675675675675676,75.94594594594595
E00026335,356,48,16,32,308,21,287,13.48314606741573,4.49438202247191,8.98876404494382,86.51685393258427,5.8988764044943816,80.6179775280899
E00026336,314,93,56,37,221,4,217,29.617834394904456,17.8343949044586,11.78343949044586,70.38216560509554,1.2738853503184715,69.10828025477707
E00026337,492,104,57,47,388,11,377,21.138211382113823,11.585365853658537,9.552845528455284,78.86178861788618,2.2357723577235773,76.6260162601626
E00026338,534,60,29,31,474,20,454,11.235955056179774,5.430711610486892,5.805243445692884,88.76404494382022,3.7453183520599254,85.0187265917603
E00026343,386,57,29,28,329,12,317,14.766839378238341,7.512953367875648,7.253886010362693,85.23316062176166,3.1088082901554404,82.12435233160622
E00026344,425,97,55,42,328,19,309,22.823529411764707,12.941176470588237,9.88235294117647,77.17647058823529,4.470588235294118,72.70588235294117
E00026345,276,74,46,28,202,8,194,26.811594202898554,16.666666666666664,10.144927536231885,73.18840579710145,2.898550724637681,70.28985507246377
E00026346,358,63,24,39,295,9,286,17.59776536312849,6.70391061452514,10.893854748603351,82.40223463687151,2.5139664804469275,79.88826815642457
E00026348,468,54,27,27,414,20,394,11.538461538461538,5.769230769230769,5.769230769230769,88.46153846153845,4.273504273504273,84.1880341880342
E00026349,419,115,70,45,304,10,294,27.44630071599045,16.706443914081145,10.739856801909307,72.55369928400954,2.386634844868735,70.16706443914082
E00026350,315,52,24,28,263,16,247,16.507936507936506,7.6190476190476195,8.88888888888889,83.4920634920635,5.079365079365079,78.41269841269842
E00026351,279,60,35,25,219,11,208,21.50537634408602,12.544802867383511,8.960573476702509,78.49462365591397,3.942652329749104,74.55197132616487
E00026352,398,45,20,25,353,21,332,11.306532663316583,5.025125628140704,6.281407035175879,88.69346733668341,5.276381909547738,83.41708542713567
E00026353,401,120,80,40,281,10,271,29.925187032418954,19.950124688279303,9.975062344139651,70.07481296758104,2.493765586034913,67.58104738154613
E00026354,376,79,45,34,297,14,283,21.01063829787234,11.96808510638298,9.042553191489363,78.98936170212765,3.723404255319149,75.2659574468085
E00026355,440,86,44,42,354,18,336,19.545454545454547,10,9.545454545454547,80.45454545454545,4.090909090909091,76.36363636363637
E00026356,292,83,53,30,209,11,198,28.424657534246577,18.15068493150685,10.273972602739725,71.57534246575342,3.767123287671233,67.8082191780822
E00026357,332,62,32,30,270,9,261,18.67469879518072,9.63855421686747,9.036144578313253,81.32530120481928,2.710843373493976,78.6144578313253
E00026358,421,76,44,32,345,8,337,18.052256532066508,10.451306413301662,7.600950118764846,81.94774346793349,1.9002375296912115,80.04750593824228
E00026359,451,77,39,38,374,26,348,17.073170731707318,8.647450110864744,8.425720620842572,82.92682926829268,5.764966740576496,77.16186252771618
E00026360,272,97,66,31,175,10,165,35.661764705882355,24.264705882352942,11.397058823529411,64.33823529411765,3.6764705882352944,60.66176470588235
E00026361,453,65,29,36,388,18,370,14.348785871964681,6.401766004415011,7.9470198675496695,85.65121412803532,3.9735099337748347,81.67770419426049
E00026362,346,76,37,39,270,18,252,21.965317919075144,10.69364161849711,11.271676300578035,78.03468208092485,5.202312138728324,72.83236994219652
E00026363,355,72,47,25,283,10,273,20.281690140845072,13.239436619718308,7.042253521126761,79.71830985915493,2.8169014084507045,76.90140845070422
E00026364,286,78,36,42,208,10,198,27.27272727272727,12.587412587412588,14.685314685314685,72.72727272727273,3.4965034965034967,69.23076923076923
E00026365,300,56,25,31,244,16,228,18.666666666666668,8.333333333333332,10.333333333333334,81.33333333333333,5.333333333333334,76
E00026366,487,107,71,36,380,9,371,21.971252566735114,14.579055441478438,7.392197125256674,78.02874743326488,1.8480492813141685,76.18069815195072
E00026367,284,71,42,29,213,14,199,25,14.788732394366196,10.211267605633804,75,4.929577464788732,70.07042253521126
E00026369,422,88,59,29,334,12,322,20.85308056872038,13.981042654028435,6.872037914691943,79.14691943127961,2.843601895734597,76.30331753554502
E00026371,491,61,36,25,430,22,408,12.423625254582484,7.3319755600814664,5.091649694501019,87.57637474541752,4.480651731160896,83.09572301425662
E00026372,384,93,62,31,291,16,275,24.21875,16.145833333333336,8.072916666666668,75.78125,4.166666666666666,71.61458333333334
E00026373,323,54,29,25,269,17,252,16.718266253869967,8.978328173374612,7.739938080495357,83.28173374613003,5.263157894736842,78.0185758513932
E00026374,278,54,21,33,224,17,207,19.424460431654676,7.553956834532374,11.870503597122301,80.57553956834532,6.115107913669065,74.46043165467626
E00026375,475,59,25,34,416,35,381,12.421052631578949,5.263157894736842,7.157894736842104,87.57894736842105,7.368421052631578,80.21052631578948
E00026376,298,52,28,24,246,13,233,17.449664429530202,9.395973154362416,8.053691275167784,82.5503355704698,4.3624161073825505,78.18791946308725
E00026379,319,70,27,43,249,28,221,21.9435736677116,8.463949843260188,13.479623824451412,78.0564263322884,8.77742946708464,69.27899686520375
E00026381,257,46,25,21,211,10,201,17.898832684824903,9.72762645914397,8.171206225680933,82.10116731517509,3.8910505836575875,78.21011673151752
E00026383,360,48,19,29,312,20,292,13.333333333333334,5.277777777777778,8.055555555555555,86.66666666666667,5.555555555555555,81.11111111111111
E00026387,304,60,37,23,244,11,233,19.736842105263158,12.171052631578947,7.565789473684211,80.26315789473685,3.618421052631579,76.64473684210526
E00026392,307,76,41,35,231,8,223,24.7557003257329,13.355048859934854,11.400651465798045,75.2442996742671,2.6058631921824107,72.63843648208469
E00026393,175,22,5,17,153,14,139,12.571428571428573,2.857142857142857,9.714285714285714,87.42857142857143,8,79.42857142857143
E00026395,422,71,38,33,351,16,335,16.824644549763033,9.004739336492891,7.819905213270142,83.17535545023696,3.7914691943127963,79.38388625592417
E00026396,111,15,4,11,96,9,87,13.513513513513514,3.6036036036036037,9.90990990990991,86.48648648648648,8.108108108108109,78.37837837837837
E00026397,305,67,33,34,238,17,221,21.9672131147541,10.819672131147541,11.147540983606557,78.0327868852459,5.573770491803279,72.45901639344262
E00026398,312,60,33,27,252,18,234,19.230769230769234,10.576923076923077,8.653846153846153,80.76923076923077,5.769230769230769,75
E00026400,223,31,3,28,192,18,174,13.901345291479823,1.345291479820628,12.556053811659194,86.09865470852019,8.071748878923767,78.02690582959642
E00026402,311,71,33,38,240,11,229,22.829581993569132,10.610932475884244,12.218649517684888,77.17041800643086,3.536977491961415,73.63344051446946
E00026403,343,63,28,35,280,18,262,18.367346938775512,8.16326530612245,10.204081632653061,81.63265306122449,5.247813411078718,76.38483965014578
E00026405,272,49,29,20,223,11,212,18.014705882352942,10.661764705882353,7.352941176470589,81.98529411764706,4.044117647058823,77.94117647058823
E00026406,243,64,28,36,179,16,163,26.337448559670783,11.522633744855968,14.814814814814813,73.66255144032921,6.584362139917696,67.07818930041152
E00026407,254,60,34,26,194,4,190,23.62204724409449,13.385826771653544,10.236220472440944,76.37795275590551,1.574803149606299,74.80314960629921
E00026408,157,7,1,6,150,14,136,4.45859872611465,0.6369426751592357,3.821656050955414,95.54140127388536,8.9171974522293,86.62420382165605
E00026409,454,81,40,41,373,29,344,17.841409691629956,8.81057268722467,9.030837004405285,82.15859030837004,6.387665198237885,75.77092511013215
E00026410,414,58,14,44,356,23,333,14.009661835748794,3.3816425120772946,10.628019323671497,85.99033816425121,5.555555555555555,80.43478260869566
E00026411,444,75,37,38,369,20,349,16.89189189189189,8.333333333333332,8.558558558558559,83.1081081081081,4.504504504504505,78.6036036036036
E00026412,425,71,30,41,354,20,334,16.705882352941178,7.0588235294117645,9.647058823529411,83.29411764705881,4.705882352941177,78.58823529411765
E00026413,566,92,26,66,474,35,439,16.25441696113074,4.593639575971731,11.66077738515901,83.74558303886926,6.18374558303887,77.56183745583039
E00026414,264,71,41,30,193,10,183,26.89393939393939,15.530303030303031,11.363636363636363,73.10606060606061,3.787878787878788,69.31818181818183
E00026415,558,54,21,33,504,16,488,9.67741935483871,3.763440860215054,5.913978494623656,90.32258064516128,2.867383512544803,87.45519713261649
E00026416,396,59,22,37,337,31,306,14.898989898989898,5.555555555555555,9.343434343434344,85.1010101010101,7.828282828282829,77.27272727272727
E00026417,435,72,23,49,363,30,333,16.551724137931036,5.287356321839081,11.264367816091953,83.44827586206897,6.896551724137931,76.55172413793103
E00026418,348,85,53,32,263,22,241,24.42528735632184,15.229885057471265,9.195402298850574,75.57471264367817,6.321839080459771,69.25287356321839
E00026419,353,84,46,38,269,21,248,23.79603399433428,13.031161473087819,10.764872521246458,76.20396600566572,5.94900849858357,70.25495750708215
E00026420,387,59,36,23,328,17,311,15.245478036175712,9.30232558139535,5.943152454780361,84.75452196382429,4.3927648578811365,80.36175710594316
E00026421,281,65,29,36,216,14,202,23.131672597864767,10.320284697508896,12.811387900355871,76.86832740213522,4.98220640569395,71.88612099644128
E00026422,281,73,39,34,208,19,189,25.97864768683274,13.87900355871886,12.099644128113878,74.02135231316726,6.761565836298933,67.25978647686833
E00026423,364,46,23,23,318,20,298,12.637362637362637,6.318681318681318,6.318681318681318,87.36263736263736,5.4945054945054945,81.86813186813187
E00026424,286,55,25,30,231,26,205,19.230769230769234,8.741258741258742,10.48951048951049,80.76923076923077,9.090909090909092,71.67832167832168
E00026425,196,30,10,20,166,14,152,15.306122448979592,5.1020408163265305,10.204081632653061,84.6938775510204,7.142857142857142,77.55102040816327
E00026426,474,61,18,43,413,27,386,12.869198312236287,3.79746835443038,9.071729957805907,87.13080168776372,5.69620253164557,81.43459915611815
E00026427,388,86,46,40,302,19,283,22.164948453608247,11.855670103092782,10.309278350515463,77.83505154639175,4.896907216494846,72.9381443298969
E00026428,336,58,26,32,278,22,256,17.261904761904763,7.738095238095238,9.523809523809524,82.73809523809523,6.547619047619048,76.19047619047619
E00026429,286,53,15,38,233,21,212,18.53146853146853,5.244755244755245,13.286713286713287,81.46853146853147,7.3426573426573425,74.12587412587412
E00026430,354,63,28,35,291,19,272,17.796610169491526,7.909604519774012,9.887005649717514,82.20338983050848,5.367231638418079,76.8361581920904
E00026431,349,45,16,29,304,28,276,12.893982808022923,4.584527220630372,8.30945558739255,87.10601719197709,8.022922636103152,79.08309455587393
E00026432,393,54,21,33,339,17,322,13.740458015267176,5.343511450381679,8.396946564885496,86.25954198473282,4.325699745547073,81.93384223918575
E00026433,394,66,29,37,328,17,311,16.751269035532996,7.3604060913705585,9.390862944162437,83.24873096446701,4.314720812182741,78.93401015228426
E00026434,446,62,27,35,384,17,367,13.901345291479823,6.053811659192825,7.847533632286996,86.09865470852019,3.811659192825112,82.28699551569507
E00026435,389,62,28,34,327,20,307,15.938303341902312,7.197943444730077,8.740359897172237,84.06169665809769,5.141388174807198,78.9203084832905
E00026436,410,59,30,29,351,19,332,14.390243902439023,7.317073170731707,7.073170731707316,85.60975609756098,4.634146341463414,80.97560975609757
E00026437,493,85,37,48,408,23,385,17.24137931034483,7.505070993914807,9.73630831643002,82.75862068965517,4.665314401622718,78.09330628803245
E00026438,359,47,18,29,312,19,293,13.09192200557103,5.013927576601671,8.07799442896936,86.90807799442896,5.2924791086350975,81.61559888579387
E00026439,254,55,24,31,199,21,178,21.653543307086615,9.448818897637794,12.204724409448819,78.34645669291339,8.267716535433072,70.07874015748031
E00026440,403,65,27,38,338,20,318,16.129032258064516,6.699751861042183,9.429280397022332,83.87096774193549,4.962779156327544,78.90818858560795
E00026441,420,59,27,32,361,22,339,14.047619047619047,6.428571428571428,7.6190476190476195,85.95238095238096,5.238095238095238,80.71428571428572
E00026442,509,46,22,24,463,35,428,9.037328094302556,4.322200392927308,4.715127701375246,90.96267190569745,6.8762278978389,84.08644400785855
E00026443,366,57,25,32,309,23,286,15.573770491803279,6.830601092896176,8.743169398907105,84.42622950819673,6.284153005464481,78.14207650273224
E00026444,438,69,29,40,369,23,346,15.753424657534246,6.621004566210045,9.1324200913242,84.24657534246576,5.251141552511415,78.99543378995433
E00026445,393,67,33,34,326,15,311,17.048346055979643,8.396946564885496,8.651399491094146,82.95165394402035,3.816793893129771,79.13486005089058
E00026446,507,93,50,43,414,27,387,18.34319526627219,9.861932938856016,8.481262327416173,81.65680473372781,5.325443786982249,76.33136094674556
E00026447,406,65,25,40,341,37,304,16.00985221674877,6.157635467980295,9.852216748768473,83.99014778325123,9.113300492610838,74.8768472906404
E00026448,526,66,25,41,460,16,444,12.547528517110266,4.752851711026616,7.79467680608365,87.45247148288973,3.041825095057034,84.4106463878327
E00026449,510,97,47,50,413,24,389,19.019607843137255,9.215686274509805,9.803921568627452,80.98039215686275,4.705882352941177,76.27450980392156
E00026450,306,60,33,27,246,18,228,19.607843137254903,10.784313725490197,8.823529411764707,80.3921568627451,5.88235294117647,74.50980392156863
E00026451,346,66,25,41,280,20,260,19.07514450867052,7.225433526011561,11.849710982658959,80.92485549132948,5.780346820809249,75.14450867052022
E00026452,502,61,35,26,441,18,423,12.151394422310757,6.97211155378486,5.179282868525896,87.84860557768924,3.5856573705179287,84.26294820717132
E00026453,479,73,41,32,406,12,394,15.24008350730689,8.559498956158663,6.6805845511482245,84.75991649269311,2.5052192066805845,82.25469728601253
E00026454,487,76,47,29,411,12,399,15.605749486652979,9.650924024640657,5.95482546201232,84.39425051334702,2.4640657084188913,81.93018480492813
E00026455,378,62,36,26,316,11,305,16.402116402116402,9.523809523809524,6.878306878306878,83.5978835978836,2.91005291005291,80.68783068783068
E00026457,402,44,24,20,358,12,346,10.945273631840797,5.970149253731343,4.975124378109453,89.05472636815921,2.9850746268656714,86.06965174129353
E00026458,309,50,21,29,259,10,249,16.181229773462782,6.796116504854369,9.385113268608414,83.81877022653723,3.2362459546925564,80.58252427184466
E00026459,316,65,34,31,251,16,235,20.569620253164558,10.759493670886076,9.81012658227848,79.43037974683544,5.063291139240507,74.36708860759494
E00026460,233,61,41,20,172,13,159,26.180257510729614,17.59656652360515,8.583690987124463,73.8197424892704,5.579399141630901,68.24034334763948
E00026461,484,61,27,34,423,19,404,12.603305785123966,5.578512396694215,7.024793388429752,87.39669421487604,3.925619834710744,83.47107438016529
E00026462,265,44,25,19,221,5,216,16.60377358490566,9.433962264150944,7.169811320754717,83.39622641509435,1.8867924528301887,81.50943396226415
E00026463,486,66,34,32,420,21,399,13.580246913580247,6.995884773662551,6.584362139917696,86.41975308641975,4.320987654320987,82.09876543209876
E00026464,416,120,89,31,296,18,278,28.846153846153843,21.394230769230766,7.451923076923077,71.15384615384616,4.326923076923077,66.82692307692307
E00026465,487,48,20,28,439,10,429,9.856262833675565,4.1067761806981515,5.749486652977413,90.14373716632443,2.0533880903490758,88.09034907597535
E00026466,522,94,53,41,428,20,408,18.007662835249043,10.153256704980842,7.854406130268199,81.99233716475096,3.8314176245210727,78.16091954022988
E00026467,290,86,49,37,204,9,195,29.655172413793103,16.896551724137932,12.758620689655173,70.34482758620689,3.103448275862069,67.24137931034483
E00026468,286,57,21,36,229,8,221,19.93006993006993,7.3426573426573425,12.587412587412588,80.06993006993007,2.797202797202797,77.27272727272727
E00026469,261,61,30,31,200,10,190,23.371647509578544,11.494252873563218,11.877394636015326,76.62835249042146,3.8314176245210727,72.79693486590038
E00026470,426,74,28,46,352,18,334,17.370892018779344,6.572769953051644,10.7981220657277,82.62910798122066,4.225352112676056,78.40375586854461
E00026471,333,80,45,35,253,16,237,24.024024024024023,13.513513513513514,10.51051051051051,75.97597597597597,4.804804804804805,71.17117117117117
E00026472,496,86,49,37,410,14,396,17.338709677419356,9.879032258064516,7.459677419354839,82.66129032258065,2.82258064516129,79.83870967741935
E00026473,387,36,20,16,351,25,326,9.30232558139535,5.167958656330749,4.1343669250646,90.69767441860465,6.459948320413436,84.23772609819122
E00026474,378,87,55,32,291,11,280,23.015873015873016,14.550264550264549,8.465608465608465,76.98412698412699,2.91005291005291,74.07407407407408
E00026475,439,44,24,20,395,11,384,10.022779043280181,5.466970387243736,4.555808656036446,89.97722095671982,2.5056947608200453,87.47152619589977
E00026476,455,88,55,33,367,8,359,19.340659340659343,12.087912087912088,7.252747252747254,80.65934065934066,1.7582417582417582,78.9010989010989
E00026477,475,68,34,34,407,13,394,14.315789473684209,7.157894736842104,7.157894736842104,85.68421052631578,2.736842105263158,82.94736842105263
E00026478,277,71,35,36,206,8,198,25.63176895306859,12.63537906137184,12.996389891696749,74.36823104693141,2.888086642599278,71.48014440433214
E00026479,211,62,38,24,149,8,141,29.383886255924168,18.009478672985782,11.374407582938389,70.61611374407583,3.7914691943127963,66.82464454976304
E00026480,288,59,20,39,229,15,214,20.48611111111111,6.944444444444445,13.541666666666666,79.51388888888889,5.208333333333334,74.30555555555556
E00026481,304,53,24,29,251,15,236,17.434210526315788,7.894736842105263,9.539473684210527,82.56578947368422,4.934210526315789,77.63157894736842
E00026482,355,58,22,36,297,22,275,16.338028169014084,6.197183098591549,10.140845070422536,83.66197183098592,6.197183098591549,77.46478873239437
E00026483,280,50,24,26,230,30,200,17.857142857142858,8.571428571428571,9.285714285714286,82.14285714285714,10.714285714285714,71.42857142857143
E00026484,331,68,34,34,263,17,246,20.54380664652568,10.27190332326284,10.27190332326284,79.45619335347432,5.13595166163142,74.32024169184291
E00026485,305,51,24,27,254,25,229,16.721311475409838,7.868852459016394,8.852459016393443,83.27868852459017,8.19672131147541,75.08196721311475
E00026487,277,55,28,27,222,14,208,19.855595667870034,10.108303249097473,9.747292418772563,80.14440433212997,5.054151624548736,75.09025270758123
E00026488,316,47,22,25,269,18,251,14.873417721518987,6.962025316455696,7.9113924050632916,85.12658227848101,5.69620253164557,79.43037974683544
E00026489,398,69,37,32,329,10,319,17.33668341708543,9.296482412060302,8.040201005025125,82.66331658291458,2.512562814070352,80.15075376884423
E00026490,304,86,43,43,218,6,212,28.289473684210524,14.144736842105262,14.144736842105262,71.71052631578947,1.9736842105263157,69.73684210526315
E00026491,418,65,34,31,353,14,339,15.550239234449762,8.133971291866029,7.4162679425837315,84.44976076555024,3.349282296650718,81.10047846889952
E00026492,345,81,49,32,264,11,253,23.47826086956522,14.202898550724639,9.27536231884058,76.52173913043478,3.1884057971014492,73.33333333333333
E00026493,520,64,21,43,456,46,410,12.307692307692308,4.038461538461538,8.269230769230768,87.6923076923077,8.846153846153847,78.84615384615384
E00026495,510,82,45,37,428,18,410,16.07843137254902,8.823529411764707,7.254901960784315,83.92156862745098,3.5294117647058822,80.3921568627451
E00026496,610,93,47,46,517,15,502,15.245901639344261,7.704918032786885,7.540983606557377,84.75409836065573,2.459016393442623,82.29508196721311
E00026497,263,58,27,31,205,9,196,22.0532319391635,10.26615969581749,11.787072243346007,77.9467680608365,3.4220532319391634,74.52471482889734
E00026498,471,94,46,48,377,15,362,19.957537154989385,9.766454352441615,10.191082802547772,80.04246284501062,3.1847133757961785,76.85774946921444
E00026501,400,66,35,31,334,7,327,16.5,8.75,7.75,83.5,1.7500000000000002,81.75
E00026502,513,51,21,30,462,13,449,9.941520467836257,4.093567251461988,5.847953216374268,90.05847953216374,2.53411306042885,87.5243664717349
E00026503,444,84,34,50,360,12,348,18.91891891891892,7.657657657657657,11.26126126126126,81.08108108108108,2.7027027027027026,78.37837837837837
E00026504,456,72,21,51,384,20,364,15.789473684210526,4.605263157894736,11.18421052631579,84.21052631578947,4.385964912280701,79.82456140350878
E00026505,318,64,31,33,254,12,242,20.125786163522015,9.748427672955975,10.377358490566039,79.87421383647799,3.7735849056603774,76.10062893081762
E00026506,546,87,41,46,459,7,452,15.934065934065933,7.509157509157509,8.424908424908425,84.06593406593407,1.282051282051282,82.78388278388277
E00026507,459,77,38,39,382,15,367,16.775599128540307,8.278867102396514,8.49673202614379,83.2244008714597,3.2679738562091507,79.95642701525054
E00026508,400,53,20,33,347,17,330,13.25,5,8.25,86.75,4.25,82.5
E00026510,405,66,23,43,339,33,306,16.296296296296298,5.679012345679013,10.617283950617285,83.7037037037037,8.148148148148149,75.55555555555556
E00026511,450,49,24,25,401,6,395,10.888888888888888,5.333333333333334,5.555555555555555,89.11111111111111,1.3333333333333335,87.77777777777777
E00026512,521,64,28,36,457,7,450,12.284069097888676,5.3742802303262955,6.90978886756238,87.71593090211132,1.3435700575815739,86.37236084452975
E00026514,530,92,31,61,438,25,413,17.358490566037734,5.849056603773585,11.50943396226415,82.64150943396227,4.716981132075472,77.9245283018868
E00026515,388,55,28,27,333,13,320,14.175257731958762,7.216494845360824,6.958762886597938,85.82474226804123,3.350515463917526,82.4742268041237
E00026516,562,74,47,27,488,20,468,13.167259786476867,8.362989323843415,4.804270462633451,86.83274021352312,3.558718861209965,83.27402135231317
E00026519,616,67,35,32,549,28,521,10.876623376623376,5.681818181818182,5.194805194805195,89.12337662337663,4.545454545454546,84.57792207792207
E00026521,559,57,31,26,502,12,490,10.196779964221825,5.545617173524151,4.651162790697675,89.80322003577818,2.146690518783542,87.65652951699462
E00026522,482,95,42,53,387,19,368,19.70954356846473,8.71369294605809,10.995850622406639,80.29045643153528,3.941908713692946,76.34854771784232
E00026523,541,60,34,26,481,15,466,11.090573012939002,6.284658040665435,4.805914972273567,88.909426987061,2.7726432532347505,86.13678373382625
E00026524,345,72,37,35,273,22,251,20.869565217391305,10.72463768115942,10.144927536231885,79.13043478260869,6.3768115942028984,72.7536231884058
E00026525,420,77,44,33,343,18,325,18.333333333333332,10.476190476190476,7.857142857142857,81.66666666666667,4.285714285714286,77.38095238095238
E00026526,306,34,14,20,272,10,262,11.11111111111111,4.57516339869281,6.535947712418301,88.88888888888889,3.2679738562091507,85.62091503267973
E00026527,379,91,57,34,288,8,280,24.010554089709764,15.03957783641161,8.970976253298153,75.98944591029023,2.1108179419525066,73.87862796833772
E00026528,353,70,39,31,283,20,263,19.8300283286119,11.048158640226628,8.78186968838527,80.16997167138811,5.6657223796034,74.5042492917847
E00026529,163,32,17,15,131,3,128,19.631901840490798,10.429447852760736,9.202453987730062,80.3680981595092,1.8404907975460123,78.52760736196319
E00026530,378,59,22,37,319,26,293,15.608465608465607,5.82010582010582,9.788359788359788,84.39153439153439,6.878306878306878,77.5132275132275
E00026531,388,57,30,27,331,21,310,14.690721649484537,7.731958762886598,6.958762886597938,85.30927835051546,5.412371134020619,79.89690721649485
E00026532,402,75,38,37,327,9,318,18.65671641791045,9.45273631840796,9.203980099502488,81.34328358208955,2.2388059701492535,79.1044776119403
E00026533,511,90,39,51,421,49,372,17.61252446183953,7.632093933463796,9.980430528375733,82.38747553816047,9.58904109589041,72.79843444227005
E00026534,385,84,24,60,301,22,279,21.818181818181817,6.233766233766234,15.584415584415584,78.18181818181819,5.714285714285714,72.46753246753246
E00026537,327,47,7,40,280,29,251,14.37308868501529,2.1406727828746175,12.232415902140673,85.62691131498471,8.868501529051988,76.75840978593273
E00026539,598,74,30,44,524,32,492,12.37458193979933,5.016722408026756,7.357859531772576,87.62541806020067,5.351170568561873,82.2742474916388
E00026540,548,85,47,38,463,13,450,15.51094890510949,8.576642335766424,6.934306569343065,84.48905109489051,2.3722627737226274,82.11678832116789
E00026542,534,57,24,33,477,21,456,10.674157303370785,4.49438202247191,6.179775280898876,89.32584269662921,3.932584269662921,85.39325842696628
E00026543,413,53,23,30,360,17,343,12.832929782082324,5.569007263922518,7.263922518159806,87.16707021791767,4.116222760290557,83.05084745762711
E00026544,503,77,33,44,426,21,405,15.308151093439365,6.560636182902585,8.747514910536779,84.69184890656064,4.174950298210735,80.51689860834989
E00026545,454,65,22,43,389,8,381,14.317180616740089,4.845814977973569,9.47136563876652,85.68281938325991,1.762114537444934,83.92070484581498
E00026547,524,86,49,37,438,15,423,16.412213740458014,9.351145038167939,7.061068702290077,83.58778625954199,2.8625954198473282,80.72519083969466
E00026548,524,59,27,32,465,15,450,11.259541984732824,5.152671755725191,6.106870229007633,88.74045801526718,2.8625954198473282,85.87786259541986
E00026550,623,72,24,48,551,13,538,11.556982343499197,3.8523274478330656,7.704654895666131,88.4430176565008,2.086677367576244,86.35634028892456
E00026552,368,42,27,15,326,15,311,11.41304347826087,7.336956521739131,4.076086956521739,88.58695652173914,4.076086956521739,84.51086956521739
E00026553,482,65,30,35,417,17,400,13.485477178423237,6.224066390041494,7.261410788381744,86.51452282157676,3.5269709543568464,82.98755186721992
E00026554,455,78,33,45,377,20,357,17.142857142857142,7.252747252747254,9.89010989010989,82.85714285714286,4.395604395604396,78.46153846153847
E00026555,381,48,17,31,333,22,311,12.598425196850393,4.4619422572178475,8.136482939632545,87.4015748031496,5.774278215223097,81.62729658792651
E00026556,307,50,13,37,257,22,235,16.286644951140065,4.234527687296417,12.052117263843648,83.71335504885994,7.166123778501629,76.54723127035831
E00026557,350,73,34,39,277,20,257,20.857142857142858,9.714285714285714,11.142857142857142,79.14285714285715,5.714285714285714,73.42857142857143
E00026558,448,75,37,38,373,26,347,16.741071428571427,8.258928571428571,8.482142857142858,83.25892857142857,5.803571428571429,77.45535714285714
E00026561,432,70,37,33,362,15,347,16.203703703703702,8.564814814814815,7.638888888888889,83.79629629629629,3.4722222222222223,80.32407407407408
E00026563,369,66,28,38,303,8,295,17.88617886178862,7.588075880758807,10.29810298102981,82.11382113821138,2.168021680216802,79.94579945799458
E00026564,391,63,25,38,328,9,319,16.11253196930946,6.3938618925831205,9.718670076726342,83.88746803069054,2.3017902813299234,81.58567774936061
E00026565,370,70,38,32,300,12,288,18.91891891891892,10.27027027027027,8.64864864864865,81.08108108108108,3.2432432432432434,77.83783783783784
E00026566,554,87,32,55,467,25,442,15.703971119133575,5.776173285198556,9.927797833935017,84.29602888086643,4.512635379061372,79.78339350180505
E00026567,495,65,19,46,430,13,417,13.131313131313133,3.8383838383838382,9.292929292929292,86.86868686868688,2.6262626262626263,84.24242424242424
E00026568,524,93,41,52,431,25,406,17.748091603053435,7.8244274809160315,9.923664122137405,82.25190839694656,4.770992366412214,77.48091603053436
E00026569,576,54,26,28,522,17,505,9.375,4.513888888888888,4.861111111111112,90.625,2.951388888888889,87.67361111111111
E00026570,513,61,28,33,452,16,436,11.890838206627679,5.458089668615984,6.432748538011696,88.10916179337231,3.1189083820662766,84.99025341130604
E00026571,361,78,43,35,283,15,268,21.60664819944598,11.911357340720222,9.695290858725762,78.39335180055402,4.1551246537396125,74.23822714681441
E00026572,489,56,33,23,433,9,424,11.451942740286299,6.748466257668712,4.703476482617587,88.5480572597137,1.8404907975460123,86.70756646216769
E00026573,357,63,32,31,294,17,277,17.647058823529413,8.96358543417367,8.683473389355742,82.35294117647058,4.761904761904762,77.59103641456583
E00026574,363,66,32,34,297,10,287,18.181818181818183,8.81542699724518,9.366391184573002,81.81818181818183,2.7548209366391188,79.06336088154269
E00026575,311,65,26,39,246,23,223,20.90032154340836,8.360128617363344,12.540192926045016,79.09967845659163,7.395498392282958,71.70418006430869
E00026576,294,65,29,36,229,17,212,22.108843537414966,9.863945578231291,12.244897959183673,77.89115646258503,5.782312925170068,72.10884353741497
E00026577,319,66,29,37,253,18,235,20.689655172413794,9.090909090909092,11.598746081504702,79.3103448275862,5.6426332288401255,73.66771159874608
E00026578,405,85,46,39,320,21,299,20.98765432098765,11.358024691358025,9.62962962962963,79.01234567901234,5.185185185185185,73.82716049382717
E00026579,334,89,47,42,245,15,230,26.646706586826348,14.071856287425149,12.574850299401197,73.35329341317365,4.491017964071856,68.8622754491018
E00026580,347,91,50,41,256,22,234,26.22478386167147,14.409221902017292,11.815561959654179,73.77521613832853,6.340057636887608,67.43515850144092
E00026581,345,59,37,22,286,23,263,17.101449275362317,10.72463768115942,6.3768115942028984,82.89855072463767,6.666666666666667,76.23188405797102
E00026582,342,57,27,30,285,16,269,16.666666666666664,7.894736842105263,8.771929824561402,83.33333333333334,4.678362573099415,78.65497076023392
E00026583,154,45,25,20,109,9,100,29.22077922077922,16.233766233766232,12.987012987012985,70.77922077922078,5.844155844155844,64.93506493506493
E00026584,510,102,53,49,408,10,398,20,10.392156862745098,9.607843137254903,80,1.9607843137254901,78.03921568627452
E00026585,314,78,35,43,236,14,222,24.840764331210192,11.146496815286625,13.694267515923567,75.15923566878982,4.45859872611465,70.70063694267516
E00026586,613,92,43,49,521,18,503,15.00815660685155,7.01468189233279,7.99347471451876,84.99184339314844,2.936378466557912,82.05546492659053
E00026587,372,87,45,42,285,19,266,23.387096774193548,12.096774193548388,11.29032258064516,76.61290322580645,5.10752688172043,71.50537634408603
E00026588,379,68,34,34,311,9,302,17.941952506596305,8.970976253298153,8.970976253298153,82.05804749340369,2.3746701846965697,79.68337730870712
E00026589,343,70,35,35,273,12,261,20.408163265306122,10.204081632653061,10.204081632653061,79.59183673469387,3.498542274052478,76.0932944606414
E00026590,330,61,20,41,269,21,248,18.484848484848484,6.0606060606060606,12.424242424242424,81.51515151515152,6.363636363636363,75.15151515151514
E00026591,363,65,26,39,298,31,267,17.90633608815427,7.162534435261708,10.743801652892563,82.09366391184572,8.539944903581267,73.55371900826447
E00026592,377,100,65,35,277,19,258,26.525198938992045,17.24137931034483,9.283819628647215,73.47480106100795,5.039787798408488,68.43501326259947
E00026593,385,70,30,40,315,20,295,18.181818181818183,7.792207792207792,10.38961038961039,81.81818181818183,5.194805194805195,76.62337662337663
E00026594,308,59,27,32,249,21,228,19.155844155844157,8.766233766233766,10.38961038961039,80.84415584415584,6.8181818181818175,74.02597402597402
E00026595,357,87,49,38,270,13,257,24.369747899159663,13.725490196078432,10.644257703081232,75.63025210084034,3.6414565826330536,71.98879551820728
E00026596,293,62,24,38,231,24,207,21.160409556313994,8.19112627986348,12.969283276450511,78.839590443686,8.19112627986348,70.64846416382252
E00026597,289,43,21,22,246,17,229,14.878892733564014,7.26643598615917,7.612456747404845,85.12110726643598,5.88235294117647,79.23875432525952
E00026598,296,91,52,39,205,0,205,30.743243243243246,17.56756756756757,13.175675675675674,69.25675675675676,0,69.25675675675676
E00026599,396,56,27,29,340,22,318,14.14141414141414,6.8181818181818175,7.3232323232323235,85.85858585858585,5.555555555555555,80.3030303030303
E00026600,274,53,21,32,221,17,204,19.34306569343066,7.664233576642336,11.678832116788321,80.65693430656934,6.204379562043796,74.45255474452554
E00026601,247,53,26,27,194,22,172,21.45748987854251,10.526315789473683,10.931174089068826,78.54251012145748,8.906882591093117,69.63562753036437
E00026602,258,55,29,26,203,17,186,21.31782945736434,11.24031007751938,10.077519379844961,78.68217054263566,6.5891472868217065,72.09302325581395
E00026603,408,106,64,42,302,29,273,25.98039215686275,15.686274509803921,10.294117647058822,74.01960784313727,7.107843137254902,66.91176470588235
E00026604,268,44,18,26,224,7,217,16.417910447761194,6.7164179104477615,9.701492537313433,83.5820895522388,2.6119402985074625,80.97014925373134
E00026605,278,60,29,31,218,19,199,21.58273381294964,10.431654676258994,11.151079136690647,78.41726618705036,6.83453237410072,71.58273381294964
E00026606,252,43,28,15,209,12,197,17.063492063492063,11.11111111111111,5.952380952380952,82.93650793650794,4.761904761904762,78.17460317460318
E00026608,292,57,32,25,235,19,216,19.52054794520548,10.95890410958904,8.561643835616438,80.47945205479452,6.506849315068493,73.97260273972603
E00026609,276,69,41,28,207,17,190,25,14.855072463768115,10.144927536231885,75,6.159420289855073,68.84057971014492
E00026610,248,43,18,25,205,15,190,17.338709677419356,7.258064516129033,10.080645161290322,82.66129032258065,6.048387096774194,76.61290322580645
E00026611,298,92,40,52,206,17,189,30.87248322147651,13.422818791946309,17.449664429530202,69.12751677852349,5.704697986577181,63.42281879194631
E00026613,281,55,18,37,226,16,210,19.572953736654807,6.405693950177936,13.167259786476867,80.42704626334519,5.6939501779359425,74.73309608540926
E00026614,319,42,17,25,277,18,259,13.166144200626958,5.329153605015674,7.836990595611286,86.83385579937304,5.6426332288401255,81.19122257053291
E00026615,297,39,20,19,258,18,240,13.131313131313133,6.7340067340067336,6.397306397306397,86.86868686868688,6.0606060606060606,80.8080808080808
E00026616,360,104,54,50,256,16,240,28.888888888888886,15,13.88888888888889,71.11111111111111,4.444444444444445,66.66666666666666
E00026617,353,63,35,28,290,8,282,17.847025495750707,9.91501416430595,7.932011331444759,82.15297450424929,2.26628895184136,79.88668555240793
E00026618,271,47,22,25,224,19,205,17.343173431734318,8.118081180811808,9.22509225092251,82.65682656826569,7.011070110701106,75.64575645756457
E00026619,260,73,42,31,187,8,179,28.076923076923077,16.153846153846153,11.923076923076923,71.92307692307692,3.076923076923077,68.84615384615384
E00026620,353,78,38,40,275,18,257,22.096317280453256,10.764872521246458,11.3314447592068,77.90368271954674,5.099150141643059,72.80453257790369
E00026621,277,47,21,26,230,16,214,16.967509025270758,7.581227436823104,9.386281588447654,83.03249097472924,5.776173285198556,77.25631768953069
E00026622,210,52,31,21,158,4,154,24.761904761904763,14.761904761904763,10,75.23809523809524,1.9047619047619049,73.33333333333333
E00026623,312,48,22,26,264,22,242,15.384615384615385,7.051282051282051,8.333333333333332,84.61538461538461,7.051282051282051,77.56410256410257
E00026624,415,102,50,52,313,16,297,24.57831325301205,12.048192771084338,12.530120481927712,75.42168674698794,3.8554216867469884,71.56626506024097
E00026625,268,46,24,22,222,14,208,17.16417910447761,8.955223880597014,8.208955223880597,82.83582089552239,5.223880597014925,77.61194029850746
E00026626,275,65,31,34,210,9,201,23.636363636363637,11.272727272727273,12.363636363636363,76.36363636363637,3.272727272727273,73.0909090909091
E00026627,381,52,29,23,329,22,307,13.648293963254593,7.611548556430446,6.036745406824147,86.3517060367454,5.774278215223097,80.5774278215223
E00026628,339,137,99,38,202,9,193,40.41297935103245,29.20353982300885,11.209439528023598,59.587020648967545,2.6548672566371683,56.932153392330385
E00026629,329,83,54,29,246,9,237,25.227963525835868,16.41337386018237,8.814589665653495,74.77203647416414,2.735562310030395,72.03647416413374
E00026630,363,71,43,28,292,15,277,19.55922865013774,11.84573002754821,7.7134986225895315,80.44077134986226,4.132231404958678,76.30853994490359
E00026631,233,62,34,28,171,12,159,26.609442060085836,14.592274678111588,12.017167381974248,73.39055793991416,5.150214592274678,68.24034334763948
E00026632,183,77,53,24,106,8,98,42.07650273224044,28.96174863387978,13.114754098360656,57.92349726775956,4.371584699453552,53.551912568306015
E00026634,562,109,67,42,453,25,428,19.395017793594306,11.921708185053381,7.473309608540925,80.6049822064057,4.448398576512456,76.15658362989323
E00026635,350,77,39,38,273,16,257,22,11.142857142857142,10.857142857142858,78,4.571428571428571,73.42857142857143
E00026636,300,56,30,26,244,20,224,18.666666666666668,10,8.666666666666668,81.33333333333333,6.666666666666667,74.66666666666667
E00026638,325,164,128,36,161,14,147,50.46153846153846,39.38461538461539,11.076923076923077,49.53846153846154,4.3076923076923075,45.230769230769226
E00026639,416,79,44,35,337,22,315,18.990384615384613,10.576923076923077,8.413461538461538,81.00961538461539,5.288461538461538,75.72115384615384
E00026640,264,80,53,27,184,9,175,30.303030303030305,20.075757575757574,10.227272727272728,69.6969696969697,3.4090909090909087,66.28787878787878
E00026641,233,63,30,33,170,8,162,27.038626609442062,12.875536480686694,14.163090128755366,72.96137339055794,3.4334763948497855,69.52789699570815
E00026642,312,68,30,38,244,15,229,21.794871794871796,9.615384615384617,12.179487179487179,78.2051282051282,4.807692307692308,73.3974358974359
E00026643,339,47,19,28,292,20,272,13.864306784660767,5.604719764011799,8.259587020648967,86.13569321533923,5.899705014749262,80.23598820058997
E00026644,309,60,33,27,249,20,229,19.41747572815534,10.679611650485436,8.737864077669903,80.58252427184466,6.472491909385113,74.11003236245955
E00026645,358,71,37,34,287,9,278,19.832402234636874,10.335195530726256,9.497206703910614,80.16759776536313,2.5139664804469275,77.6536312849162
E00026646,347,68,35,33,279,27,252,19.596541786743515,10.086455331412104,9.510086455331413,80.403458213256485,7.780979827089338,72.62247838616715
E00026647,289,68,39,29,221,12,209,23.52941176470588,13.494809688581316,10.034602076124568,76.47058823529412,4.1522491349480966,72.31833910034602
E00026648,353,58,32,26,295,23,272,16.43059490084986,9.06515580736544,7.365439093484419,83.56940509915015,6.515580736543909,77.05382436260622
E00026649,289,67,35,32,222,13,209,23.18339100346021,12.110726643598616,11.072664359861593,76.8166089965398,4.498269896193772,72.31833910034602
E00026650,250,82,50,32,168,11,157,32.800000000000004,20,12.8,67.2,4.3999999999999995,62.8
E00026651,260,68,36,32,192,12,180,26.153846153846157,13.846153846153847,12.307692307692308,73.84615384615385,4.615384615384616,69.23076923076923
E00026652,421,81,45,36,340,18,322,19.239904988123516,10.688836104513063,8.551068883610451,80.76009501187649,4.275534441805226,76.48456057007125
E00026653,371,86,53,33,285,17,268,23.180592991913745,14.285714285714285,8.89487870619946,76.81940700808624,4.5822102425876015,72.23719676549865
E00026654,298,67,33,34,231,10,221,22.483221476510067,11.073825503355705,11.409395973154362,77.51677852348993,3.3557046979865772,74.16107382550335
E00026655,331,72,37,35,259,20,239,21.75226586102719,11.178247734138973,10.574018126888216,78.24773413897282,6.042296072507553,72.20543806646525
E00026656,512,41,16,25,471,28,443,8.0078125,3.125,4.8828125,91.9921875,5.46875,86.5234375
E00026657,229,47,22,25,182,17,165,20.52401746724891,9.606986899563319,10.91703056768559,79.47598253275109,7.423580786026202,72.0524017467249
E00026658,214,77,46,31,137,11,126,35.981308411214954,21.49532710280374,14.485981308411214,64.01869158878505,5.14018691588785,58.87850467289719
E00026659,279,66,35,31,213,20,193,23.655913978494624,12.544802867383511,11.11111111111111,76.34408602150538,7.168458781362006,69.17562724014337
E00026660,402,105,53,52,297,22,275,26.119402985074625,13.184079601990051,12.935323383084576,73.88059701492537,5.472636815920398,68.40796019900498
E00026661,306,81,29,52,225,19,206,26.47058823529412,9.477124183006536,16.99346405228758,73.52941176470588,6.209150326797386,67.3202614379085
E00026662,337,69,34,35,268,11,257,20.474777448071215,10.089020771513352,10.385756676557865,79.52522255192879,3.2640949554896146,76.26112759643917
E00026663,346,61,32,29,285,23,262,17.63005780346821,9.248554913294797,8.38150289017341,82.36994219653178,6.6473988439306355,75.72254335260115
E00026664,299,79,46,33,220,16,204,26.421404682274247,15.384615384615385,11.036789297658862,73.57859531772574,5.351170568561873,68.22742474916387
E00026665,357,60,27,33,297,26,271,16.80672268907563,7.563025210084033,9.243697478991598,83.19327731092437,7.282913165266107,75.91036414565826
E00026666,267,65,33,32,202,19,183,24.344569288389515,12.359550561797752,11.985018726591761,75.65543071161048,7.116104868913857,68.53932584269663
E00026667,309,53,32,21,256,22,234,17.15210355987055,10.355987055016183,6.796116504854369,82.84789644012946,7.119741100323624,75.72815533980582
E00026668,397,100,59,41,297,8,289,25.188916876574307,14.86146095717884,10.327455919395465,74.81108312342569,2.0151133501259446,72.79596977329975
E00026669,468,93,43,50,375,27,348,19.871794871794872,9.18803418803419,10.683760683760683,80.12820512820514,5.769230769230769,74.35897435897436
E00026670,322,72,39,33,250,15,235,22.36024844720497,12.111801242236025,10.248447204968944,77.63975155279503,4.658385093167702,72.98136645962732
E00026671,339,92,52,40,247,11,236,27.13864306784661,15.339233038348082,11.799410029498524,72.86135693215338,3.2448377581120944,69.6165191740413
E00026672,273,54,22,32,219,21,198,19.78021978021978,8.058608058608058,11.72161172161172,80.21978021978022,7.6923076923076925,72.52747252747253
E00026673,264,47,12,35,217,21,196,17.803030303030305,4.545454545454546,13.257575757575758,82.1969696969697,7.954545454545454,74.24242424242425
E00026674,365,71,34,37,294,10,284,19.45205479452055,9.315068493150685,10.136986301369863,80.54794520547945,2.73972602739726,77.8082191780822
E00026675,291,63,34,29,228,21,207,21.649484536082475,11.683848797250858,9.965635738831615,78.35051546391753,7.216494845360824,71.1340206185567
E00026676,258,81,46,35,177,19,158,31.3953488372093,17.829457364341085,13.565891472868216,68.6046511627907,7.3643410852713185,61.240310077519375
E00026677,341,75,38,37,266,15,251,21.994134897360702,11.143695014662756,10.850439882697946,78.00586510263929,4.398826979472141,73.60703812316716
E00026678,294,40,9,31,254,15,239,13.60544217687075,3.061224489795918,10.54421768707483,86.39455782312925,5.1020408163265305,81.29251700680273
E00026679,377,73,38,35,304,28,276,19.363395225464192,10.079575596816976,9.283819628647215,80.63660477453581,7.427055702917771,73.20954907161804
E00026680,295,41,14,27,254,26,228,13.898305084745763,4.745762711864407,9.152542372881356,86.10169491525423,8.813559322033898,77.28813559322035
E00026681,247,67,34,33,180,17,163,27.125506072874494,13.765182186234817,13.360323886639677,72.8744939271255,6.882591093117409,65.9919028340081
E00026682,310,36,12,24,274,42,232,11.612903225806452,3.870967741935484,7.741935483870968,88.38709677419355,13.548387096774196,74.83870967741936
E00026683,309,46,19,27,263,32,231,14.886731391585762,6.148867313915858,8.737864077669903,85.11326860841424,10.355987055016183,74.75728155339806
E00026684,395,62,21,41,333,34,299,15.69620253164557,5.3164556962025316,10.379746835443038,84.30379746835443,8.60759493670886,75.69620253164557
E00026685,257,64,33,31,193,16,177,24.90272373540856,12.840466926070038,12.062256809338521,75.09727626459144,6.22568093385214,68.8715953307393
E00026686,235,83,46,37,152,14,138,35.319148936170215,19.574468085106382,15.74468085106383,64.68085106382979,5.957446808510639,58.723404255319146
E00026687,256,80,48,32,176,21,155,31.25,18.75,12.5,68.75,8.203125,60.546875
E00026688,299,40,18,22,259,17,242,13.377926421404682,6.0200668896321075,7.357859531772576,86.62207357859532,5.68561872909699,80.93645484949833
E00026689,429,78,33,45,351,22,329,18.181818181818183,7.6923076923076925,10.48951048951049,81.81818181818183,5.128205128205128,76.68997668997669
E00026690,267,65,34,31,202,19,183,24.344569288389515,12.734082397003746,11.610486891385769,75.65543071161048,7.116104868913857,68.53932584269663
E00026691,288,35,17,18,253,25,228,12.152777777777777,5.902777777777778,6.25,87.84722222222221,8.680555555555555,79.16666666666666
E00026692,323,57,20,37,266,30,236,17.647058823529413,6.191950464396285,11.455108359133128,82.35294117647058,9.287925696594428,73.06501547987617
E00026693,272,58,29,29,214,16,198,21.323529411764707,10.661764705882353,10.661764705882353,78.67647058823529,5.88235294117647,72.79411764705883
E00026694,225,47,36,11,178,7,171,20.88888888888889,16,4.888888888888889,79.11111111111111,3.111111111111111,76
E00026695,276,68,41,27,208,16,192,24.637681159420293,14.855072463768115,9.782608695652174,75.36231884057972,5.797101449275362,69.56521739130434
E00026696,412,126,70,56,286,20,266,30.582524271844658,16.990291262135923,13.592233009708737,69.41747572815534,4.854368932038835,64.56310679611651
E00026697,310,60,28,32,250,14,236,19.35483870967742,9.032258064516128,10.32258064516129,80.64516129032258,4.516129032258064,76.12903225806451
E00026698,295,67,28,39,228,23,205,22.71186440677966,9.491525423728813,13.220338983050848,77.28813559322035,7.796610169491526,69.49152542372882
E00026699,338,76,35,41,262,15,247,22.485207100591715,10.355029585798817,12.1301775147929,77.51479289940828,4.437869822485207,73.07692307692307
E00026700,301,28,7,21,273,29,244,9.30232558139535,2.3255813953488373,6.976744186046512,90.69767441860465,9.634551495016613,81.06312292358804
E00026701,415,41,13,28,374,40,334,9.879518072289157,3.132530120481928,6.746987951807229,90.12048192771084,9.63855421686747,80.48192771084337
E00026702,367,53,13,40,314,25,289,14.441416893732969,3.5422343324250685,10.899182561307901,85.55858310626702,6.811989100817439,78.7465940054496
E00026703,375,76,21,55,299,28,271,20.266666666666666,5.6000000000000005,14.666666666666666,79.73333333333333,7.466666666666668,72.26666666666667
E00026704,360,82,41,41,278,20,258,22.77777777777778,11.38888888888889,11.38888888888889,77.22222222222223,5.555555555555555,71.66666666666667
E00026705,378,72,40,32,306,14,292,19.047619047619047,10.582010582010582,8.465608465608465,80.95238095238095,3.7037037037037033,77.24867724867724
E00026706,323,72,37,35,251,17,234,22.291021671826623,11.455108359133128,10.8359133126935,77.70897832817337,5.263157894736842,72.44582043343654
E00026707,322,91,48,43,231,18,213,28.26086956521739,14.906832298136646,13.354037267080745,71.73913043478261,5.590062111801243,66.14906832298136
E00026708,341,115,67,48,226,25,201,33.724340175953074,19.64809384164223,14.076246334310852,66.27565982404691,7.331378299120235,58.94428152492669
E00026709,293,39,6,33,254,28,226,13.310580204778159,2.04778156996587,11.262798634812286,86.68941979522185,9.556313993174061,77.13310580204778
E00026710,259,43,12,31,216,33,183,16.602316602316602,4.633204633204633,11.96911196911197,83.3976833976834,12.741312741312742,70.65637065637065
E00026711,203,33,18,15,170,20,150,16.25615763546798,8.866995073891626,7.389162561576355,83.74384236453201,9.852216748768473,73.89162561576354
E00026712,236,29,4,25,207,32,175,12.288135593220339,1.694915254237288,10.59322033898305,87.71186440677965,13.559322033898304,74.15254237288136
E00026713,352,46,9,37,306,31,275,13.068181818181818,2.556818181818182,10.511363636363637,86.93181818181817,8.806818181818182,78.125
E00026714,230,33,6,27,197,23,174,14.347826086956522,2.608695652173913,11.73913043478261,85.65217391304348,10,75.65217391304347
E00026715,335,40,17,23,295,27,268,11.940298507462686,5.074626865671641,6.865671641791045,88.05970149253731,8.059701492537313,80
E00026716,247,23,5,18,224,21,203,9.31174089068826,2.0242914979757085,7.28744939271255,90.68825910931174,8.502024291497975,82.18623481781377
E00026717,260,33,11,22,227,27,200,12.692307692307692,4.230769230769231,8.461538461538462,87.3076923076923,10.384615384615385,76.92307692307693
E00026718,445,66,10,56,379,53,326,14.831460674157304,2.247191011235955,12.584269662921349,85.1685393258427,11.910112359550562,73.25842696629213
E00026719,283,37,14,23,246,20,226,13.074204946996467,4.946996466431095,8.12720848056537,86.92579505300353,7.06713780918728,79.85865724381625
E00026720,397,43,12,31,354,38,316,10.831234256926953,3.022670025188917,7.8085642317380355,89.16876574307305,9.571788413098236,79.59697732997482
E00026721,321,31,6,25,290,25,265,9.657320872274143,1.8691588785046727,7.78816199376947,90.34267912772586,7.78816199376947,82.55451713395638
E00026722,450,70,23,47,380,26,354,15.555555555555555,5.111111111111112,10.444444444444445,84.44444444444444,5.777777777777778,78.66666666666666
E00026723,436,80,19,61,356,36,320,18.34862385321101,4.3577981651376145,13.990825688073393,81.65137614678899,8.256880733944955,73.39449541284404
E00026724,464,73,34,39,391,20,371,15.732758620689655,7.327586206896551,8.405172413793103,84.26724137931035,4.310344827586207,79.95689655172413
E00026725,336,75,36,39,261,18,243,22.321428571428573,10.714285714285714,11.607142857142858,77.67857142857143,5.357142857142857,72.32142857142857
E00026726,561,76,19,57,485,36,449,13.547237076648841,3.3868092691622103,10.16042780748663,86.45276292335116,6.417112299465241,80.03565062388593
E00026727,320,55,21,34,265,10,255,17.1875,6.5625,10.625,82.8125,3.125,79.6875
E00026728,539,71,27,44,468,31,437,13.172541743970315,5.009276437847866,8.16326530612245,86.82745825602969,5.75139146567718,81.07606679035251
E00026730,400,65,35,30,335,24,311,16.25,8.75,7.5,83.75,6,77.75
E00026731,394,95,42,53,299,14,285,24.111675126903553,10.65989847715736,13.451776649746192,75.88832487309645,3.5532994923857872,72.33502538071066
E00026732,248,43,8,35,205,15,190,17.338709677419356,3.225806451612903,14.112903225806454,82.66129032258065,6.048387096774194,76.61290322580645
E00026733,337,78,36,42,259,16,243,23.14540059347181,10.682492581602373,12.462908011869436,76.8545994065282,4.747774480712167,72.10682492581603
E00026734,464,61,20,41,403,41,362,13.14655172413793,4.310344827586207,8.836206896551724,86.85344827586206,8.836206896551724,78.01724137931035
E00026735,356,73,37,36,283,25,258,20.50561797752809,10.393258426966293,10.112359550561797,79.49438202247191,7.02247191011236,72.47191011235955
E00026736,352,60,26,34,292,29,263,17.045454545454543,7.386363636363637,9.659090909090908,82.95454545454545,8.238636363636363,74.7159090909091
E00026737,321,77,44,33,244,9,235,23.98753894080997,13.707165109034266,10.2803738317757,76.01246105919003,2.803738317757009,73.20872274143302
E00026738,562,106,17,89,456,46,410,18.86120996441281,3.0249110320284696,15.836298932384341,81.13879003558719,8.185053380782918,72.95373665480427
E00026739,330,71,28,43,259,17,242,21.515151515151516,8.484848484848486,13.030303030303031,78.48484848484848,5.151515151515151,73.33333333333333
E00026740,299,62,21,41,237,27,210,20.735785953177256,7.023411371237458,13.712374581939798,79.26421404682274,9.03010033444816,70.23411371237458
E00026741,342,68,30,38,274,22,252,19.883040935672515,8.771929824561402,11.11111111111111,80.11695906432749,6.432748538011696,73.68421052631578
E00026742,334,58,32,26,276,17,259,17.365269461077844,9.580838323353294,7.784431137724551,82.63473053892216,5.089820359281437,77.54491017964071
E00026743,359,79,51,28,280,17,263,22.00557103064067,14.206128133704734,7.7994428969359335,77.99442896935933,4.735376044568245,73.25905292479109
E00026744,242,58,33,25,184,26,158,23.96694214876033,13.636363636363635,10.330578512396695,76.03305785123968,10.743801652892563,65.28925619834712
E00026745,334,79,41,38,255,24,231,23.652694610778443,12.275449101796406,11.377245508982035,76.34730538922156,7.18562874251497,69.16167664670658
E00026746,321,60,23,37,261,27,234,18.69158878504673,7.165109034267912,11.526479750778815,81.30841121495327,8.411214953271028,72.89719626168224
E00026747,280,44,24,20,236,19,217,15.714285714285714,8.571428571428571,7.142857142857142,84.28571428571429,6.785714285714286,77.5
E00026748,494,89,30,59,405,35,370,18.016194331983808,6.0728744939271255,11.94331983805668,81.9838056680162,7.08502024291498,74.89878542510121
E00026749,380,156,110,46,224,17,207,41.05263157894737,28.947368421052634,12.105263157894736,58.94736842105262,4.473684210526316,54.473684210526315
E00026750,507,86,49,37,421,13,408,16.962524654832347,9.664694280078894,7.297830374753452,83.03747534516765,2.564102564102564,80.4733727810651
E00026752,324,61,18,43,263,34,229,18.82716049382716,5.555555555555555,13.271604938271606,81.17283950617285,10.493827160493826,70.67901234567901
E00026753,469,61,36,25,408,20,388,13.00639658848614,7.675906183368871,5.330490405117271,86.99360341151386,4.264392324093817,82.72921108742004
E00026754,486,80,40,40,406,30,376,16.46090534979424,8.23045267489712,8.23045267489712,83.53909465020575,6.172839506172839,77.36625514403292
E00026755,416,51,20,31,365,19,346,12.259615384615383,4.807692307692308,7.451923076923077,87.74038461538461,4.567307692307692,83.17307692307693
E00026756,473,69,21,48,404,32,372,14.587737843551796,4.439746300211417,10.14799154334038,85.41226215644821,6.765327695560254,78.64693446088795
E00026758,1025,142,13,129,883,88,795,13.853658536585368,1.2682926829268293,12.585365853658537,86.14634146341463,8.585365853658537,77.5609756097561
E00026759,330,49,15,34,281,13,268,14.84848484848485,4.545454545454546,10.303030303030303,85.15151515151516,3.939393939393939,81.21212121212122
E00026760,502,74,25,49,428,39,389,14.741035856573706,4.9800796812749,9.760956175298805,85.2589641434263,7.768924302788845,77.49003984063745
E00026761,180,14,1,13,166,7,159,7.777777777777778,0.5555555555555556,7.222222222222221,92.22222222222223,3.888888888888889,88.33333333333333
E00026764,586,101,32,69,485,38,447,17.235494880546078,5.460750853242321,11.774744027303754,82.76450511945393,6.484641638225256,76.27986348122867
E00026766,616,81,32,49,535,25,510,13.14935064935065,5.194805194805195,7.954545454545454,86.85064935064936,4.058441558441558,82.79220779220779
E00026767,419,80,47,33,339,12,327,19.09307875894988,11.217183770883054,7.875894988066825,80.90692124105013,2.863961813842482,78.04295942720763
E00026768,397,94,46,48,303,15,288,23.67758186397985,11.586901763224182,12.090680100755668,76.32241813602015,3.7783375314861463,72.544080604534
E00026769,392,76,43,33,316,16,300,19.387755102040817,10.96938775510204,8.418367346938775,80.61224489795919,4.081632653061225,76.53061224489795
E00026770,518,105,51,54,413,16,397,20.27027027027027,9.845559845559846,10.424710424710424,79.72972972972973,3.088803088803089,76.64092664092664
E00026771,333,81,34,47,252,12,240,24.324324324324326,10.21021021021021,14.114114114114114,75.67567567567568,3.6036036036036037,72.07207207207207
E00026772,431,77,20,57,354,26,328,17.865429234338748,4.640371229698376,13.225058004640372,82.13457076566125,6.0324825986078885,76.10208816705337
E00026773,320,57,22,35,263,28,235,17.8125,6.875000000000001,10.9375,82.1875,8.75,73.4375
E00026774,370,78,44,34,292,16,276,21.08108108108108,11.891891891891893,9.18918918918919,78.91891891891892,4.324324324324325,74.5945945945946
E00026775,492,62,31,31,430,17,413,12.601626016260163,6.300813008130081,6.300813008130081,87.39837398373984,3.4552845528455287,83.94308943089432
E00026776,132,50,30,20,82,11,71,37.878787878787875,22.727272727272727,15.151515151515152,62.121212121212125,8.333333333333332,53.78787878787878
E00026777,238,60,24,36,178,14,164,25.210084033613445,10.084033613445378,15.126050420168067,74.78991596638656,5.88235294117647,68.90756302521008
E00026778,480,82,38,44,398,17,381,17.083333333333332,7.916666666666666,9.166666666666666,82.91666666666667,3.5416666666666665,79.375
E00026779,537,110,69,41,427,27,400,20.48417132216015,12.849162011173185,7.635009310986965,79.51582867783985,5.027932960893855,74.487895716946
E00026780,426,81,27,54,345,25,320,19.014084507042252,6.338028169014084,12.676056338028168,80.98591549295774,5.868544600938967,75.11737089201877
E00026781,431,69,22,47,362,33,329,16.009280742459396,5.104408352668213,10.904872389791183,83.9907192575406,7.65661252900232,76.33410672853829
E00026782,406,56,10,46,350,32,318,13.793103448275861,2.4630541871921183,11.330049261083744,86.20689655172413,7.8817733990147785,78.32512315270937
E00026783,547,82,40,42,465,22,443,14.990859232175502,7.312614259597806,7.678244972577697,85.0091407678245,4.021937842778794,80.98720292504571
E00026784,498,79,46,33,419,15,404,15.863453815261044,9.236947791164658,6.626506024096386,84.13654618473896,3.0120481927710845,81.12449799196787
E00026785,440,168,128,40,272,18,254,38.18181818181819,29.09090909090909,9.090909090909092,61.81818181818181,4.090909090909091,57.72727272727273
E00026786,258,64,35,29,194,12,182,24.8062015503876,13.565891472868216,11.24031007751938,75.1937984496124,4.651162790697675,70.54263565891473
E00026787,385,86,50,36,299,22,277,22.337662337662337,12.987012987012985,9.35064935064935,77.66233766233766,5.714285714285714,71.94805194805195
E00026788,319,80,41,39,239,15,224,25.07836990595611,12.852664576802509,12.225705329153605,74.92163009404389,4.702194357366771,70.21943573667711
E00026789,255,39,15,24,216,15,201,15.294117647058824,5.88235294117647,9.411764705882353,84.70588235294117,5.88235294117647,78.82352941176471
E00026790,307,51,22,29,256,19,237,16.612377850162865,7.166123778501629,9.446254071661238,83.38762214983714,6.188925081433225,77.19869706840392
E00026791,269,70,43,27,199,8,191,26.022304832713754,15.985130111524162,10.037174721189592,73.97769516728626,2.973977695167286,71.00371747211895
E00026792,271,81,40,41,190,13,177,29.88929889298893,14.760147601476014,15.129151291512915,70.11070110701108,4.797047970479705,65.31365313653137
E00026793,336,67,40,27,269,23,246,19.940476190476193,11.904761904761903,8.035714285714286,80.05952380952381,6.845238095238096,73.21428571428571
E00026795,325,67,35,32,258,19,239,20.615384615384617,10.76923076923077,9.846153846153847,79.38461538461539,5.846153846153846,73.53846153846155
E00026796,330,81,41,40,249,15,234,24.545454545454547,12.424242424242424,12.121212121212121,75.45454545454545,4.545454545454546,70.9090909090909
E00026797,287,65,31,34,222,19,203,22.64808362369338,10.801393728222997,11.846689895470384,77.35191637630662,6.620209059233449,70.73170731707317
E00026798,316,77,41,36,239,19,220,24.367088607594937,12.974683544303797,11.39240506329114,75.63291139240506,6.012658227848101,69.62025316455697
E00026799,179,64,35,29,115,13,102,35.754189944134076,19.553072625698324,16.201117318435752,64.24581005586593,7.262569832402235,56.98324022346368
E00026800,312,65,29,36,247,29,218,20.833333333333336,9.294871794871796,11.538461538461538,79.16666666666666,9.294871794871796,69.87179487179486
E00026801,341,60,34,26,281,21,260,17.595307917888565,9.970674486803519,7.624633431085044,82.40469208211144,6.158357771260997,76.24633431085044
E00026802,319,57,28,29,262,23,239,17.86833855799373,8.77742946708464,9.090909090909092,82.13166144200626,7.210031347962382,74.92163009404389
E00026803,332,62,26,36,270,23,247,18.67469879518072,7.83132530120482,10.843373493975903,81.32530120481928,6.927710843373494,74.3975903614458
E00026804,317,65,34,31,252,19,233,20.50473186119874,10.725552050473187,9.779179810725552,79.49526813880126,5.993690851735016,73.50157728706624
E00026806,521,47,8,39,474,40,434,9.021113243761997,1.5355086372360844,7.485604606525912,90.97888675623801,7.677543186180421,83.30134357005758
E00026807,285,48,20,28,237,19,218,16.842105263157894,7.017543859649122,9.824561403508772,83.15789473684211,6.666666666666667,76.49122807017544
E00026808,262,71,32,39,191,16,175,27.099236641221374,12.213740458015266,14.885496183206106,72.90076335877863,6.106870229007633,66.79389312977099
E00026809,256,49,24,25,207,9,198,19.140625,9.375,9.765625,80.859375,3.515625,77.34375
E00026810,352,116,64,52,236,15,221,32.95454545454545,18.181818181818183,14.772727272727273,67.04545454545455,4.261363636363636,62.78409090909091
E00026811,375,136,73,63,239,20,219,36.266666666666666,19.466666666666665,16.8,63.733333333333334,5.333333333333334,58.4
E00026812,325,82,51,31,243,10,233,25.23076923076923,15.692307692307692,9.538461538461538,74.76923076923076,3.076923076923077,71.6923076923077
E00026813,411,81,40,41,330,18,312,19.708029197080293,9.732360097323602,9.975669099756692,80.2919708029197,4.37956204379562,75.91240875912408
E00026814,316,82,42,40,234,17,217,25.949367088607595,13.291139240506327,12.658227848101266,74.0506329113924,5.379746835443038,68.67088607594937
E00026815,333,84,40,44,249,12,237,25.225225225225223,12.012012012012011,13.213213213213212,74.77477477477478,3.6036036036036037,71.17117117117117
E00026816,354,76,31,45,278,22,256,21.468926553672315,8.757062146892656,12.711864406779661,78.53107344632768,6.214689265536723,72.31638418079096
E00026817,303,85,48,37,218,14,204,28.052805280528055,15.841584158415841,12.211221122112212,71.94719471947195,4.62046204620462,67.32673267326733
E00026818,332,79,43,36,253,15,238,23.795180722891565,12.951807228915662,10.843373493975903,76.20481927710844,4.518072289156627,71.6867469879518
E00026819,280,59,31,28,221,21,200,21.071428571428573,11.071428571428571,10,78.92857142857143,7.5,71.42857142857143
E00026821,429,60,24,36,369,22,347,13.986013986013987,5.594405594405594,8.391608391608392,86.01398601398601,5.128205128205128,80.88578088578089
E00026822,400,70,36,34,330,21,309,17.5,9,8.5,82.5,5.25,77.25
E00026823,435,103,47,56,332,31,301,23.678160919540232,10.804597701149426,12.873563218390805,76.32183908045977,7.126436781609195,69.19540229885057
E00026824,354,57,31,26,297,14,283,16.101694915254235,8.757062146892656,7.344632768361582,83.89830508474576,3.954802259887006,79.94350282485875
E00026825,235,31,10,21,204,25,179,13.191489361702127,4.25531914893617,8.936170212765958,86.80851063829788,10.638297872340425,76.17021276595744
E00026826,370,40,15,25,330,19,311,10.81081081081081,4.054054054054054,6.756756756756757,89.1891891891892,5.135135135135135,84.05405405405405
E00026827,347,60,23,37,287,19,268,17.29106628242075,6.628242074927954,10.662824207492795,82.70893371757924,5.475504322766571,77.23342939481267
E00026828,431,71,33,38,360,26,334,16.473317865429234,7.65661252900232,8.816705336426914,83.52668213457076,6.0324825986078885,77.49419953596288
E00026829,321,57,21,36,264,15,249,17.75700934579439,6.5420560747663545,11.214953271028037,82.2429906542056,4.672897196261682,77.57009345794393
E00026830,351,54,15,39,297,31,266,15.384615384615385,4.273504273504273,11.11111111111111,84.61538461538461,8.831908831908832,75.78347578347578
E00026831,420,79,49,30,341,21,320,18.80952380952381,11.666666666666666,7.142857142857142,81.19047619047619,5,76.19047619047619
E00026832,401,65,29,36,336,27,309,16.209476309226932,7.231920199501247,8.977556109725686,83.79052369077307,6.733167082294264,77.0573566084788
E00026833,426,95,39,56,331,23,308,22.300469483568076,9.15492957746479,13.145539906103288,77.69953051643192,5.39906103286385,72.30046948356808
E00026834,382,85,28,57,297,20,277,22.25130890052356,7.329842931937172,14.921465968586386,77.74869109947645,5.2356020942408374,72.5130890052356
E00026835,342,73,39,34,269,27,242,21.34502923976608,11.403508771929824,9.941520467836257,78.65497076023392,7.894736842105263,70.76023391812866
E00026837,317,48,23,25,269,17,252,15.141955835962145,7.255520504731862,7.886435331230284,84.85804416403786,5.3627760252365935,79.49526813880126
E00026838,247,52,19,33,195,22,173,21.052631578947366,7.6923076923076925,13.360323886639677,78.94736842105263,8.906882591093117,70.04048582995951
E00026840,237,48,18,30,189,17,172,20.253164556962027,7.59493670886076,12.658227848101266,79.74683544303798,7.172995780590717,72.57383966244726
E00026841,315,78,37,41,237,23,214,24.761904761904763,11.746031746031745,13.015873015873018,75.23809523809524,7.301587301587302,67.93650793650794
E00026842,461,65,26,39,396,28,368,14.099783080260304,5.639913232104121,8.459869848156181,85.90021691973969,6.073752711496746,79.82646420824295
E00026843,323,39,13,26,284,25,259,12.074303405572756,4.024767801857585,8.04953560371517,87.92569659442725,7.739938080495357,80.18575851393189
E00026844,349,60,26,34,289,16,273,17.191977077363894,7.4498567335243555,9.742120343839542,82.8080229226361,4.584527220630372,78.22349570200574
E00026845,410,71,28,43,339,27,312,17.317073170731707,6.829268292682928,10.487804878048781,82.68292682926828,6.585365853658537,76.09756097560975
E00026846,332,44,24,20,288,25,263,13.253012048192772,7.228915662650602,6.024096385542169,86.74698795180723,7.530120481927711,79.21686746987952
E00026847,300,45,14,31,255,28,227,15,4.666666666666667,10.333333333333334,85,9.333333333333334,75.66666666666667
E00026848,454,50,10,40,404,18,386,11.013215859030836,2.2026431718061676,8.81057268722467,88.98678414096916,3.9647577092511015,85.02202643171806
E00026849,391,57,29,28,334,21,313,14.578005115089516,7.41687979539642,7.161125319693094,85.42199488491049,5.3708439897698215,80.05115089514067
E00026850,482,95,43,52,387,39,348,19.70954356846473,8.921161825726141,10.78838174273859,80.29045643153528,8.091286307053942,72.19917012448133
E00026851,428,63,30,33,365,51,314,14.719626168224298,7.009345794392523,7.710280373831775,85.2803738317757,11.91588785046729,73.36448598130842
E00026852,366,57,29,28,309,17,292,15.573770491803279,7.923497267759563,7.650273224043716,84.42622950819673,4.644808743169399,79.78142076502732
E00026854,523,92,41,51,431,34,397,17.590822179732314,7.839388145315487,9.751434034416825,82.40917782026769,6.5009560229445515,75.90822179732314
E00026855,304,51,22,29,253,16,237,16.776315789473685,7.236842105263158,9.539473684210527,83.22368421052632,5.263157894736842,77.96052631578947
E00026856,257,26,3,23,231,29,202,10.116731517509727,1.1673151750972763,8.949416342412452,89.88326848249028,11.284046692607005,78.59922178988327
E00026857,343,50,11,39,293,33,260,14.577259475218659,3.206997084548105,11.370262390670554,85.42274052478133,9.620991253644315,75.80174927113703
E00026858,358,53,23,30,305,31,274,14.804469273743019,6.424581005586592,8.379888268156424,85.19553072625699,8.659217877094973,76.53631284916202
E00026859,124,27,15,12,97,9,88,21.774193548387096,12.096774193548388,9.67741935483871,78.2258064516129,7.258064516129033,70.96774193548387
E00026860,315,41,16,25,274,12,262,13.015873015873018,5.079365079365079,7.936507936507936,86.98412698412699,3.8095238095238098,83.17460317460318
E00026861,413,57,23,34,356,30,326,13.801452784503631,5.569007263922518,8.232445520581114,86.19854721549636,7.263922518159806,78.93462469733656
E00026862,343,35,5,30,308,30,278,10.204081632653061,1.4577259475218658,8.746355685131196,89.79591836734694,8.746355685131196,81.04956268221575
E00026863,353,53,19,34,300,31,269,15.01416430594901,5.382436260623229,9.631728045325778,84.98583569405099,8.78186968838527,76.20396600566572
E00026864,350,46,18,28,304,29,275,13.142857142857142,5.142857142857142,8,86.85714285714286,8.285714285714285,78.57142857142857
E00026865,384,63,21,42,321,36,285,16.40625,5.46875,10.9375,83.59375,9.375,74.21875
E00026866,351,60,18,42,291,35,256,17.094017094017094,5.128205128205128,11.965811965811966,82.90598290598291,9.971509971509972,72.93447293447294
E00026867,323,62,18,44,261,26,235,19.195046439628484,5.572755417956656,13.622291021671826,80.80495356037152,8.04953560371517,72.75541795665634
E00026868,224,62,25,37,162,17,145,27.67857142857143,11.160714285714286,16.517857142857142,72.32142857142857,7.5892857142857135,64.73214285714286
E00026869,272,44,20,24,228,30,198,16.176470588235293,7.352941176470589,8.823529411764707,83.82352941176471,11.029411764705882,72.79411764705883
E00026870,365,68,25,43,297,20,277,18.63013698630137,6.8493150684931505,11.78082191780822,81.36986301369863,5.47945205479452,75.89041095890411
E00026871,380,93,21,72,287,35,252,24.47368421052632,5.526315789473684,18.947368421052634,75.52631578947368,9.210526315789473,66.3157894736842
E00026872,422,73,15,58,349,36,313,17.298578199052134,3.5545023696682465,13.744075829383887,82.70142180094787,8.530805687203792,74.17061611374407
E00026873,427,96,55,41,331,29,302,22.482435597189696,12.88056206088993,9.601873536299765,77.51756440281031,6.791569086651054,70.72599531615926
E00026874,362,55,20,35,307,28,279,15.193370165745856,5.524861878453039,9.668508287292818,84.80662983425414,7.734806629834254,77.07182320441989
E00026875,416,77,12,65,339,36,303,18.509615384615387,2.8846153846153846,15.625,81.49038461538461,8.653846153846153,72.83653846153845
E00026876,400,54,27,27,346,32,314,13.5,6.75,6.75,86.5,8,78.5
E00026877,594,82,24,58,512,50,462,13.804713804713806,4.040404040404041,9.764309764309765,86.19528619528619,8.417508417508419,77.77777777777779
E00026878,470,70,11,59,400,37,363,14.893617021276595,2.3404255319148937,12.553191489361701,85.1063829787234,7.872340425531915,77.23404255319149
E00026879,411,60,19,41,351,32,319,14.5985401459854,4.622871046228711,9.975669099756692,85.40145985401459,7.785888077858881,77.61557177615572
E00026880,381,53,23,30,328,27,301,13.910761154855644,6.036745406824147,7.874015748031496,86.08923884514435,7.086614173228346,79.00262467191601
E00026881,270,43,13,30,227,20,207,15.925925925925927,4.814814814814815,11.11111111111111,84.07407407407408,7.4074074074074066,76.66666666666667
E00026882,267,57,23,34,210,20,190,21.34831460674157,8.614232209737828,12.734082397003746,78.65168539325843,7.490636704119851,71.16104868913857
E00026883,334,69,33,36,265,14,251,20.65868263473054,9.880239520958083,10.778443113772456,79.34131736526946,4.191616766467066,75.1497005988024
E00026884,341,64,30,34,277,28,249,18.7683284457478,8.797653958944283,9.970674486803519,81.23167155425219,8.211143695014663,73.02052785923753
E00026885,303,53,14,39,250,34,216,17.491749174917494,4.62046204620462,12.871287128712872,82.50825082508251,11.221122112211221,71.28712871287128
E00026886,318,38,7,31,280,25,255,11.949685534591195,2.20125786163522,9.748427672955975,88.0503144654088,7.861635220125786,80.18867924528303
E00026887,336,75,39,36,261,20,241,22.321428571428573,11.607142857142858,10.714285714285714,77.67857142857143,5.952380952380952,71.72619047619048
E00026888,295,37,12,25,258,29,229,12.54237288135593,4.067796610169491,8.47457627118644,87.45762711864407,9.830508474576272,77.62711864406779
E00026889,399,53,19,34,346,38,308,13.283208020050125,4.761904761904762,8.521303258145362,86.71679197994987,9.523809523809524,77.19298245614034
E00026890,323,47,12,35,276,32,244,14.551083591331269,3.7151702786377707,10.8359133126935,85.44891640866872,9.907120743034056,75.54179566563467
E00026891,236,54,25,29,182,21,161,22.88135593220339,10.59322033898305,12.288135593220339,77.11864406779661,8.898305084745763,68.22033898305084
E00026892,238,33,11,22,205,14,191,13.865546218487395,4.621848739495799,9.243697478991598,86.1344537815126,5.88235294117647,80.25210084033614
E00026893,508,81,18,63,427,51,376,15.94488188976378,3.543307086614173,12.401574803149607,84.05511811023622,10.039370078740157,74.01574803149606
E00026894,498,67,18,49,431,33,398,13.453815261044177,3.614457831325301,9.839357429718875,86.54618473895582,6.626506024096386,79.91967871485943
E00026895,337,60,35,25,277,16,261,17.804154302670625,10.385756676557865,7.418397626112759,82.19584569732937,4.747774480712167,77.44807121661721
E00026896,320,68,27,41,252,26,226,21.25,8.4375,12.812499999999998,78.75,8.125,70.625
E00026897,480,72,16,56,408,39,369,15,3.3333333333333335,11.666666666666666,85,8.125,76.875
E00026898,344,62,20,42,282,23,259,18.023255813953487,5.813953488372093,12.209302325581394,81.97674418604652,6.686046511627906,75.29069767441861
E00026899,355,77,31,46,278,28,250,21.69014084507042,8.732394366197182,12.957746478873238,78.30985915492957,7.887323943661972,70.4225352112676
E00026900,414,52,23,29,362,26,336,12.560386473429952,5.555555555555555,7.004830917874397,87.43961352657004,6.280193236714976,81.15942028985508
E00026901,440,89,34,55,351,31,320,20.227272727272727,7.727272727272727,12.5,79.77272727272727,7.045454545454545,72.72727272727273
E00026902,427,42,20,22,385,27,358,9.836065573770492,4.683840749414521,5.152224824355972,90.1639344262295,6.323185011709602,83.8407494145199
E00026903,473,70,18,52,403,47,356,14.799154334038056,3.8054968287526427,10.993657505285412,85.20084566596195,9.936575052854122,75.26427061310783
E00026904,284,58,22,36,226,30,196,20.422535211267608,7.746478873239436,12.676056338028168,79.5774647887324,10.56338028169014,69.01408450704226
E00026905,583,71,11,60,512,55,457,12.178387650085764,1.8867924528301887,10.291595197255575,87.82161234991423,9.433962264150944,78.3876500857633
E00026906,260,70,36,34,190,15,175,26.923076923076923,13.846153846153847,13.076923076923078,73.07692307692307,5.769230769230769,67.3076923076923
E00026907,286,57,30,27,229,15,214,19.93006993006993,10.48951048951049,9.44055944055944,80.06993006993007,5.244755244755245,74.82517482517483
E00026909,296,74,43,31,222,28,194,25,14.527027027027026,10.472972972972974,75,9.45945945945946,65.54054054054053
E00026910,337,71,33,38,266,18,248,21.068249258160236,9.792284866468842,11.275964391691394,78.93175074183976,5.341246290801187,73.59050445103857
E00026912,340,80,46,34,260,12,248,23.52941176470588,13.529411764705882,10,76.47058823529412,3.5294117647058822,72.94117647058823
E00026913,300,87,45,42,213,13,200,28.999999999999996,15,14.000000000000002,71,4.333333333333334,66.66666666666666
E00026914,298,63,30,33,235,20,215,21.140939597315437,10.06711409395973,11.073825503355705,78.85906040268456,6.7114093959731544,72.14765100671141
E00026915,314,96,53,43,218,22,196,30.573248407643312,16.878980891719745,13.694267515923567,69.42675159235668,7.006369426751593,62.42038216560509
E00026916,317,38,22,16,279,14,265,11.987381703470032,6.940063091482649,5.047318611987381,88.01261829652996,4.416403785488959,83.59621451104101
E00026917,383,86,47,39,297,19,278,22.45430809399478,12.27154046997389,10.182767624020887,77.54569190600522,4.960835509138381,72.58485639686684
E00026918,271,66,32,34,205,10,195,24.354243542435423,11.808118081180812,12.546125461254611,75.64575645756457,3.6900369003690034,71.95571955719558
E00026919,265,61,35,26,204,17,187,23.0188679245283,13.20754716981132,9.811320754716983,76.9811320754717,6.415094339622642,70.56603773584905
E00026920,310,64,21,43,246,9,237,20.64516129032258,6.774193548387098,13.870967741935484,79.35483870967742,2.903225806451613,76.45161290322581
E00026921,344,52,25,27,292,15,277,15.11627906976744,7.267441860465117,7.848837209302325,84.88372093023256,4.3604651162790695,80.52325581395348
E00026922,360,77,36,41,283,15,268,21.38888888888889,10,11.38888888888889,78.61111111111111,4.166666666666666,74.44444444444444
E00026923,308,85,50,35,223,24,199,27.5974025974026,16.233766233766232,11.363636363636363,72.40259740259741,7.792207792207792,64.6103896103896
E00026924,292,65,31,34,227,15,212,22.26027397260274,10.616438356164384,11.643835616438356,77.73972602739725,5.136986301369863,72.6027397260274
E00026925,278,58,28,30,220,14,206,20.863309352517987,10.071942446043165,10.79136690647482,79.13669064748201,5.0359712230215825,74.10071942446042
E00026926,386,89,43,46,297,20,277,23.05699481865285,11.139896373056994,11.917098445595855,76.94300518134715,5.181347150259067,71.76165803108809
E00026927,310,79,44,35,231,12,219,25.483870967741932,14.193548387096774,11.29032258064516,74.51612903225806,3.870967741935484,70.64516129032258
E00026928,305,80,35,45,225,12,213,26.229508196721312,11.475409836065573,14.754098360655737,73.77049180327869,3.934426229508197,69.83606557377048
E00026929,275,63,32,31,212,6,206,22.90909090909091,11.636363636363637,11.272727272727273,77.0909090909091,2.181818181818182,74.90909090909092
E00026930,348,67,38,29,281,14,267,19.25287356321839,10.919540229885058,8.333333333333332,80.74712643678161,4.022988505747127,76.72413793103449
E00026931,279,81,46,35,198,12,186,29.03225806451613,16.48745519713262,12.544802867383511,70.96774193548387,4.301075268817205,66.66666666666666
E00026932,316,60,34,26,256,20,236,18.9873417721519,10.759493670886076,8.227848101265822,81.0126582278481,6.329113924050633,74.68354430379746
E00026934,267,81,36,45,186,14,172,30.337078651685395,13.48314606741573,16.853932584269664,69.66292134831461,5.2434456928838955,64.41947565543072
E00026935,356,78,43,35,278,14,264,21.910112359550563,12.07865168539326,9.831460674157304,78.08988764044943,3.932584269662921,74.15730337078652
E00026936,378,149,109,40,229,18,211,39.41798941798942,28.835978835978835,10.582010582010582,60.58201058201058,4.761904761904762,55.82010582010582
E00026937,604,114,43,71,490,37,453,18.874172185430464,7.119205298013245,11.754966887417218,81.12582781456953,6.125827814569536,75
E00026938,253,64,33,31,189,22,167,25.296442687747035,13.043478260869565,12.25296442687747,74.70355731225297,8.695652173913043,66.00790513833992
E00026939,375,91,43,48,284,19,265,24.266666666666666,11.466666666666667,12.8,75.73333333333333,5.066666666666666,70.66666666666667
E00026940,313,73,38,35,240,15,225,23.322683706070286,12.140575079872203,11.182108626198083,76.6773162939297,4.792332268370607,71.8849840255591
E00026941,301,71,44,27,230,10,220,23.588039867109632,14.61794019933555,8.970099667774086,76.41196013289037,3.322259136212625,73.08970099667775
E00026942,391,82,44,38,309,14,295,20.971867007672635,11.253196930946292,9.718670076726342,79.02813299232737,3.580562659846547,75.44757033248082
E00026943,323,65,39,26,258,13,245,20.123839009287924,12.074303405572756,8.04953560371517,79.87616099071208,4.024767801857585,75.85139318885449
E00175804,323,30,10,20,293,20,273,9.287925696594428,3.0959752321981426,6.191950464396285,90.71207430340557,6.191950464396285,84.52012383900929
E00175805,361,48,16,32,313,27,286,13.29639889196676,4.43213296398892,8.86426592797784,86.70360110803324,7.479224376731302,79.22437673130193
E00175807,379,34,10,24,345,32,313,8.970976253298153,2.638522427440633,6.33245382585752,91.02902374670184,8.443271767810026,82.58575197889182
E00175808,1228,159,24,135,1069,58,1011,12.947882736156352,1.9543973941368076,10.993485342019543,87.05211726384366,4.723127035830619,82.32899022801303
E00175809,335,23,5,18,312,13,299,6.865671641791045,1.4925373134328357,5.3731343283582085,93.13432835820895,3.880597014925373,89.25373134328358
E00175810,144,14,3,11,130,18,112,9.722222222222223,2.083333333333333,7.638888888888889,90.27777777777779,12.5,77.77777777777779
E00175814,187,18,4,14,169,15,154,9.62566844919786,2.13903743315508,7.4866310160427805,90.37433155080214,8.0213903743315509,82.35294117647058
E00175815,266,40,16,24,226,15,211,15.037593984962406,6.015037593984962,9.022556390977442,84.9624060150376,5.639097744360902,79.32330827067669
E00175818,379,58,17,41,321,32,289,15.303430079155673,4.485488126649076,10.817941952506596,84.69656992084433,8.443271767810026,76.2532981530343
E00175822,215,18,5,13,197,8,189,8.372093023255815,2.3255813953488373,6.046511627906977,91.62790697674419,3.7209302325581395,87.90697674418605
E00175823,178,23,0,23,155,22,133,12.921348314606742,0,12.921348314606742,87.07865168539325,12.359550561797752,74.71910112359551
E00175826,612,97,27,70,515,57,458,15.849673202614378,4.411764705882353,11.437908496732026,84.15032679738562,9.313725490196079,74.83660130718954
E00175827,549,55,10,45,494,31,463,10.018214936247723,1.8214936247723135,8.19672131147541,89.98178506375227,5.646630236794172,84.3351548269581
E00175828,149,18,3,15,131,10,121,12.080536912751679,2.013422818791946,10.06711409395973,87.91946308724832,6.7114093959731544,81.20805369127517
E00175830,341,35,5,30,306,19,287,10.263929618768328,1.466275659824047,8.797653958944283,89.73607038123167,5.571847507331378,84.1642228739003
E00175831,333,26,13,13,307,1,306,7.807807807807808,3.903903903903904,3.903903903903904,92.1921921921922,0.3003003003003003,91.8918918918919
E00175833,326,92,52,40,234,5,229,28.22085889570552,15.950920245398773,12.269938650306749,71.77914110429448,1.5337423312883436,70.24539877300614
E00175834,381,69,46,23,312,8,304,18.11023622047244,12.073490813648293,6.036745406824147,81.88976377952756,2.099737532808399,79.79002624671917
E00175835,140,23,7,16,117,4,113,16.428571428571427,5,11.428571428571429,83.57142857142857,2.857142857142857,80.71428571428572
E00175836,282,49,9,40,233,17,216,17.375886524822697,3.1914893617021276,14.184397163120568,82.62411347517731,6.028368794326241,76.59574468085107
E00175837,550,99,55,44,451,21,430,18,10,8,82,3.8181818181818183,78.18181818181819
E00175838,299,75,41,34,224,13,211,25.08361204013378,13.712374581939798,11.37123745819398,74.91638795986621,4.3478260869565215,70.5685618729097
E00175839,334,81,44,37,253,7,246,24.251497005988025,13.17365269461078,11.077844311377245,75.74850299401199,2.095808383233533,73.65269461077844
E00175840,339,24,5,19,315,33,282,7.079646017699115,1.4749262536873156,5.604719764011799,92.92035398230088,9.734513274336283,83.1858407079646
E00175842,180,98,56,42,82,13,69,54.44444444444444,31.11111111111111,23.333333333333332,45.55555555555556,7.222222222222221,38.333333333333336
E00175844,266,56,24,32,210,24,186,21.052631578947366,9.022556390977442,12.030075187969924,78.94736842105263,9.022556390977442,69.92481203007519
E00175845,157,25,7,18,132,15,117,15.92356687898089,4.45859872611465,11.464968152866243,84.07643312101911,9.554140127388536,74.52229299363057
E00175846,151,7,2,5,144,12,132,4.635761589403973,1.3245033112582782,3.3112582781456954,95.36423841059603,7.9470198675496695,87.41721854304636
E00175847,134,46,25,21,88,6,82,34.32835820895522,18.65671641791045,15.671641791044777,65.67164179104478,4.477611940298507,61.19402985074627
E00175849,336,53,22,31,283,20,263,15.773809523809524,6.547619047619048,9.226190476190476,84.22619047619048,5.952380952380952,78.27380952380952
E00175852,258,40,7,33,218,31,187,15.503875968992247,2.7131782945736433,12.790697674418606,84.49612403100775,12.015503875968992,72.48062015503875
E00175853,115,9,1,8,106,8,98,7.82608695652174,0.8695652173913043,6.956521739130435,92.17391304347827,6.956521739130435,85.21739130434783
E00175855,263,28,5,23,235,26,209,10.646387832699618,1.9011406844106464,8.745247148288973,89.35361216730038,9.885931558935361,79.46768060836501
E00175856,178,29,4,25,149,8,141,16.292134831460675,2.247191011235955,14.04494382022472,83.70786516853933,4.49438202247191,79.21348314606742
E00175857,157,25,8,17,132,14,118,15.92356687898089,5.095541401273886,10.828025477707007,84.07643312101911,8.9171974522293,75.15923566878982
E00175858,192,59,19,40,133,7,126,30.729166666666668,9.895833333333332,20.833333333333336,69.27083333333334,3.6458333333333335,65.625
E00175859,172,36,19,17,136,9,127,20.930232558139537,11.046511627906977,9.883720930232558,79.06976744186046,5.232558139534884,73.83720930232558
E00175860,300,43,14,29,257,10,247,14.333333333333334,4.666666666666667,9.666666666666666,85.66666666666667,3.3333333333333335,82.33333333333334
E00175861,402,35,13,22,367,15,352,8.706467661691542,3.233830845771144,5.472636815920398,91.29353233830845,3.731343283582089,87.56218905472637
E00175862,236,49,26,23,187,5,182,20.76271186440678,11.016949152542372,9.745762711864407,79.23728813559322,2.11864406779661,77.11864406779661
E00175863,205,33,10,23,172,14,158,16.097560975609756,4.878048780487805,11.219512195121952,83.90243902439025,6.829268292682928,77.07317073170732
E00175864,355,47,12,35,308,45,263,13.239436619718308,3.3802816901408446,9.859154929577464,86.76056338028168,12.676056338028168,74.08450704225352
E00175865,330,24,5,19,306,29,277,7.2727272727272725,1.5151515151515151,5.757575757575758,92.72727272727272,8.787878787878787,83.93939393939394
E00175866,176,20,4,16,156,12,144,11.363636363636363,2.272727272727273,9.090909090909092,88.63636363636364,6.8181818181818175,81.81818181818183
E00175867,206,12,4,8,194,28,166,5.825242718446602,1.9417475728155338,3.8834951456310676,94.1747572815534,13.592233009708737,80.58252427184466
E00175868,174,24,12,12,150,15,135,13.793103448275861,6.896551724137931,6.896551724137931,86.20689655172413,8.620689655172415,77.58620689655173
E00175869,172,24,4,20,148,12,136,13.953488372093023,2.3255813953488373,11.627906976744185,86.04651162790698,6.976744186046512,79.06976744186046
E00175870,401,43,10,33,358,32,326,10.723192019950124,2.493765586034913,8.229426433915211,89.27680798004988,7.98004987531172,81.29675810473816
E00175871,238,20,3,17,218,23,195,8.403361344537815,1.2605042016806722,7.142857142857142,91.59663865546219,9.663865546218489,81.9327731092437
E00175872,321,29,6,23,292,29,263,9.034267912772584,1.8691588785046727,7.165109034267912,90.96573208722741,9.034267912772584,81.93146417445483
E00175874,172,37,14,23,135,10,125,21.511627906976745,8.13953488372093,13.372093023255813,78.48837209302324,5.813953488372093,72.67441860465115
E00175876,217,42,18,24,175,11,164,19.35483870967742,8.294930875576037,11.059907834101383,80.64516129032258,5.0691244239631335,75.57603686635944
E00175877,219,25,7,18,194,14,180,11.415525114155251,3.1963470319634704,8.21917808219178,88.58447488584474,6.392694063926941,82.1917808219178
E00175878,571,104,53,51,467,16,451,18.21366024518389,9.281961471103326,8.93169877408056,81.78633975481611,2.8021015761821366,78.98423817863399
E00175879,164,28,6,22,136,6,130,17.073170731707318,3.6585365853658534,13.414634146341465,82.92682926829268,3.6585365853658534,79.26829268292683
E00175880,120,10,3,7,110,5,105,8.333333333333332,2.5,5.833333333333333,91.66666666666666,4.166666666666666,87.5
E00175881,310,26,7,19,284,19,265,8.38709677419355,2.258064516129032,6.129032258064516,91.61290322580645,6.129032258064516,85.48387096774194
E00175882,304,45,21,24,259,12,247,14.802631578947366,6.907894736842106,7.894736842105263,85.19736842105263,3.9473684210526314,81.25
E00175883,209,20,9,11,189,20,169,9.569377990430622,4.30622009569378,5.263157894736842,90.43062200956938,9.569377990430622,80.86124401913875
E00175884,250,26,6,20,224,23,201,10.4,2.4,8,89.60000000000001,9.2,80.4
E00175885,244,15,1,14,229,19,210,6.147540983606557,0.4098360655737705,5.737704918032787,93.85245901639344,7.786885245901639,86.0655737704918
E00175886,196,11,2,9,185,13,172,5.612244897959184,1.0204081632653061,4.591836734693878,94.38775510204081,6.63265306122449,87.75510204081633
E00175888,343,24,1,23,319,23,296,6.997084548104956,0.2915451895043732,6.705539358600583,93.00291545189503,6.705539358600583,86.29737609329446
E00175889,382,100,78,22,282,28,254,26.17801047120419,20.418848167539267,5.7591623036649215,73.82198952879581,7.329842931937172,66.49214659685863
E00175890,257,57,31,26,200,17,183,22.17898832684825,12.062256809338521,10.116731517509727,77.82101167315176,6.614785992217899,71.20622568093385
E00175891,244,33,12,21,211,24,187,13.524590163934427,4.918032786885246,8.60655737704918,86.47540983606558,9.836065573770492,76.63934426229508
E00175892,256,28,10,18,228,24,204,10.9375,3.90625,7.03125,89.0625,9.375,79.6875
E00175893,466,44,17,27,422,26,396,9.44206008583691,3.648068669527897,5.793991416309012,90.55793991416309,5.579399141630901,84.97854077253218
E00175894,579,80,34,46,499,35,464,13.81692573402418,5.872193436960276,7.9447322970639025,86.18307426597582,6.0449050086355784,80.13816925734024
E00175896,305,90,59,31,215,12,203,29.508196721311474,19.34426229508197,10.163934426229508,70.49180327868852,3.934426229508197,66.55737704918033
E00175897,308,32,15,17,276,8,268,10.38961038961039,4.870129870129871,5.51948051948052,89.6103896103896,2.5974025974025974,87.01298701298701
E00175898,272,36,21,15,236,9,227,13.23529411764706,7.720588235294118,5.514705882352941,86.76470588235294,3.308823529411765,83.45588235294117
E00175899,240,69,40,29,171,7,164,28.749999999999996,16.666666666666664,12.083333333333334,71.25,2.9166666666666665,68.33333333333333
E00175900,343,32,12,20,311,18,293,9.329446064139942,3.498542274052478,5.830903790087463,90.67055393586006,5.247813411078718,85.42274052478133
E00175901,276,26,11,15,250,11,239,9.420289855072465,3.985507246376811,5.434782608695652,90.57971014492753,3.985507246376811,86.59420289855072
E00175902,340,70,33,37,270,15,255,20.588235294117645,9.705882352941178,10.882352941176471,79.41176470588235,4.411764705882353,75
E00175903,462,46,21,25,416,12,404,9.956709956709958,4.545454545454546,5.411255411255411,90.04329004329004,2.5974025974025974,87.44588744588745
E00175904,621,69,30,39,552,11,541,11.11111111111111,4.830917874396135,6.280193236714976,88.88888888888889,1.7713365539452495,87.11755233494364
E00175905,392,42,5,37,350,31,319,10.714285714285714,1.2755102040816326,9.438775510204081,89.28571428571429,7.908163265306123,81.37755102040816
E00175907,327,26,5,21,301,20,281,7.951070336391437,1.529051987767584,6.422018348623854,92.04892966360856,6.116207951070336,85.93272171253822
E00175908,334,34,6,28,300,23,277,10.179640718562874,1.7964071856287425,8.383233532934131,89.82035928143712,6.88622754491018,82.93413173652695
E00175909,228,23,2,21,205,20,185,10.087719298245613,0.8771929824561403,9.210526315789473,89.91228070175438,8.771929824561402,81.14035087719299
E00175910,158,11,1,10,147,20,127,6.962025316455696,0.6329113924050633,6.329113924050633,93.0379746835443,12.658227848101266,80.37974683544303
E00175911,334,36,11,25,298,15,283,10.778443113772456,3.293413173652695,7.48502994011976,89.22155688622755,4.491017964071856,84.73053892215569
E00175912,253,33,10,23,220,7,213,13.043478260869565,3.9525691699604746,9.090909090909092,86.95652173913044,2.766798418972332,84.18972332015811
E00175913,202,32,19,13,170,9,161,15.841584158415841,9.405940594059405,6.435643564356436,84.15841584158416,4.455445544554455,79.70297029702971
E00175914,357,25,0,25,332,30,302,7.002801120448179,0,7.002801120448179,92.99719887955182,8.403361344537815,84.593837535014
E00175915,288,27,2,25,261,21,240,9.375,0.6944444444444444,8.680555555555555,90.625,7.291666666666667,83.33333333333334
E00175917,220,8,1,7,212,24,188,3.6363636363636362,0.45454545454545453,3.1818181818181817,96.36363636363636,10.909090909090908,85.45454545454545
E00175918,351,46,22,24,305,16,289,13.105413105413104,6.267806267806268,6.837606837606838,86.8945868945869,4.5584045584045585,82.33618233618233
E00175919,266,42,17,25,224,21,203,15.789473684210526,6.390977443609022,9.398496240601503,84.21052631578947,7.894736842105263,76.31578947368422
E00175920,296,49,15,34,247,20,227,16.554054054054053,5.0675675675675675,11.486486486486488,83.44594594594594,6.756756756756757,76.6891891891892
E00175921,207,30,7,23,177,19,158,14.492753623188406,3.3816425120772946,11.11111111111111,85.5072463768116,9.178743961352657,76.32850241545893
E00175924,340,42,11,31,298,7,291,12.352941176470589,3.2352941176470593,9.117647058823529,87.6470588235294,2.0588235294117645,85.58823529411764
E00175925,404,78,48,30,326,16,310,19.306930693069308,11.881188118811881,7.425742574257425,80.6930693069307,3.9603960396039604,76.73267326732673
E00175927,443,51,18,33,392,14,378,11.512415349887133,4.063205417607223,7.44920993227991,88.48758465011286,3.160270880361174,85.32731376975168
E00175930,199,32,17,15,167,3,164,16.08040201005025,8.542713567839195,7.537688442211055,83.91959798994975,1.507537688442211,82.41206030150754
E00175932,325,36,21,15,289,9,280,11.076923076923077,6.461538461538462,4.615384615384616,88.92307692307693,2.769230769230769,86.15384615384616
E00175933,128,25,12,13,103,5,98,19.53125,9.375,10.15625,80.46875,3.90625,76.5625
E00175934,359,28,4,24,331,23,308,7.7994428969359335,1.1142061281337048,6.685236768802229,92.20055710306406,6.406685236768802,85.79387186629526
E00175935,284,43,20,23,241,17,224,15.140845070422534,7.042253521126761,8.098591549295776,84.85915492957746,5.985915492957746,78.87323943661971
E00175936,230,54,33,21,176,16,160,23.47826086956522,14.347826086956522,9.130434782608695,76.52173913043478,6.956521739130435,69.56521739130434
E00175939,107,20,12,8,87,1,86,18.69158878504673,11.214953271028037,7.476635514018691,81.30841121495327,0.9345794392523363,80.37383177570094
E00175940,395,34,18,16,361,7,354,8.60759493670886,4.556962025316456,4.050632911392405,91.39240506329114,1.7721518987341773,89.62025316455696
E00175941,397,29,11,18,368,10,358,7.304785894206549,2.770780856423174,4.534005037783375,92.69521410579345,2.518891687657431,90.17632241813602
E00175942,841,281,116,165,560,95,465,33.41260404280618,13.793103448275861,19.61950059453032,66.58739595719382,11.296076099881095,55.29131985731273
E00175943,536,64,33,31,472,10,462,11.940298507462686,6.156716417910448,5.7835820895522385,88.05970149253731,1.8656716417910446,86.19402985074626
E00175944,419,50,31,19,369,8,361,11.933174224343675,7.398568019093078,4.534606205250596,88.06682577565633,1.9093078758949882,86.15751789976133
E00175946,157,16,1,15,141,13,128,10.191082802547772,0.6369426751592357,9.554140127388536,89.80891719745223,8.280254777070063,81.52866242038218
E00175947,249,22,3,19,227,23,204,8.835341365461847,1.2048192771084338,7.630522088353414,91.16465863453816,9.236947791164658,81.92771084337349
E00175948,203,19,4,15,184,9,175,9.35960591133005,1.9704433497536946,7.389162561576355,90.64039408866995,4.433497536945813,86.20689655172413
E00175949,585,87,46,41,498,22,476,14.871794871794872,7.863247863247863,7.0085470085470085,85.12820512820512,3.7606837606837606,81.36752136752136
E00175950,321,61,28,33,260,8,252,19.003115264797508,8.722741433021806,10.2803738317757,80.99688473520249,2.4922118380062304,78.50467289719626
E00175951,329,24,9,15,305,13,292,7.29483282674772,2.735562310030395,4.5592705167173255,92.70516717325228,3.951367781155015,88.75379939209726
E00175952,440,36,5,31,404,45,359,8.181818181818182,1.1363636363636365,7.045454545454545,91.81818181818183,10.227272727272728,81.5909090909091
E00175953,266,45,24,21,221,1,220,16.917293233082706,9.022556390977442,7.894736842105263,83.0827067669173,0.37593984962406013,82.70676691729322
E00175954,347,47,28,19,300,20,280,13.544668587896252,8.069164265129682,5.475504322766571,86.45533141210375,5.763688760806916,80.69164265129683
E00175955,369,67,32,35,302,19,283,18.157181571815716,8.672086720867208,9.48509485094851,81.84281842818429,5.149051490514905,76.69376693766937
E00175956,211,40,26,14,171,10,161,18.95734597156398,12.322274881516588,6.6350710900473935,81.04265402843602,4.739336492890995,76.30331753554502
E00175959,217,42,16,26,175,20,155,19.35483870967742,7.373271889400922,11.981566820276496,80.64516129032258,9.216589861751153,71.42857142857143
E00175960,185,24,8,16,161,21,140,12.972972972972974,4.324324324324325,8.64864864864865,87.02702702702703,11.351351351351353,75.67567567567568
E00175961,256,42,9,33,214,16,198,16.40625,3.515625,12.890625,83.59375,6.25,77.34375
E00175963,206,43,20,23,163,18,145,20.87378640776699,9.70873786407767,11.165048543689322,79.12621359223301,8.737864077669903,70.3883495145631
E00175964,151,20,7,13,131,16,115,13.245033112582782,4.635761589403973,8.609271523178808,86.75496688741721,10.596026490066226,76.15894039735099
E00175965,300,35,12,23,265,28,237,11.666666666666666,4,7.666666666666666,88.33333333333333,9.333333333333334,79
E00175966,336,63,32,31,273,17,256,18.75,9.523809523809524,9.226190476190476,81.25,5.059523809523809,76.19047619047619
E00175967,307,38,17,21,269,14,255,12.37785016286645,5.537459283387622,6.840390879478828,87.62214983713355,4.5602605863192185,83.06188925081433
E00175968,403,65,40,25,338,15,323,16.129032258064516,9.925558312655088,6.20347394540943,83.87096774193549,3.722084367245657,80.14888337468983
E00175969,213,54,25,29,159,10,149,25.352112676056336,11.737089201877934,13.615023474178404,74.64788732394366,4.694835680751173,69.95305164319248
E00175970,265,58,34,24,207,9,198,21.88679245283019,12.830188679245284,9.056603773584905,78.11320754716982,3.3962264150943398,74.71698113207546
E00175971,237,39,16,23,198,24,174,16.455696202531644,6.751054852320674,9.70464135021097,83.54430379746836,10.126582278481013,73.41772151898735
E00175972,469,60,13,47,409,25,384,12.79317697228145,2.771855010660981,10.021321961620469,87.20682302771856,5.330490405117271,81.87633262260128
E00175973,193,25,9,16,168,13,155,12.953367875647666,4.66321243523316,8.290155440414509,87.04663212435233,6.7357512953367875,80.31088082901555
E00175974,213,32,11,21,181,8,173,15.023474178403756,5.164319248826291,9.859154929577464,84.97652582159625,3.755868544600939,81.2206572769953
E00175975,338,39,11,28,299,16,283,11.538461538461538,3.2544378698224854,8.284023668639055,88.46153846153845,4.733727810650888,83.72781065088756
E00175976,352,80,45,35,272,11,261,22.727272727272727,12.784090909090908,9.943181818181818,77.27272727272727,3.125,74.14772727272727
E00175977,242,25,10,15,217,8,209,10.330578512396695,4.132231404958678,6.198347107438017,89.6694214876033,3.3057851239669422,86.36363636363636
E00175978,253,33,12,21,220,12,208,13.043478260869565,4.743083003952568,8.300395256916996,86.95652173913044,4.743083003952568,82.21343873517787
E00175979,195,24,8,16,171,7,164,12.307692307692308,4.102564102564102,8.205128205128204,87.6923076923077,3.5897435897435894,84.1025641025641
E00175980,286,28,12,16,258,24,234,9.79020979020979,4.195804195804196,5.594405594405594,90.20979020979021,8.391608391608392,81.81818181818183
E00175981,281,53,28,25,228,13,215,18.86120996441281,9.9644128113879,8.896797153024911,81.13879003558719,4.6263345195729535,76.51245551601423
E00175982,260,47,16,31,213,9,204,18.076923076923077,6.153846153846154,11.923076923076923,81.92307692307692,3.4615384615384617,78.46153846153847
E00175983,176,17,3,14,159,18,141,9.659090909090908,1.7045454545454544,7.954545454545454,90.3409090909091,10.227272727272728,80.11363636363636
E00175984,174,19,4,15,155,19,136,10.919540229885058,2.2988505747126435,8.620689655172415,89.08045977011494,10.919540229885058,78.16091954022988
E00175985,195,22,0,22,173,18,155,11.282051282051283,0,11.282051282051283,88.71794871794872,9.230769230769232,79.48717948717949
E00175986,127,19,14,5,108,14,94,14.960629921259844,11.023622047244094,3.937007874015748,85.03937007874016,11.023622047244094,74.01574803149606
E00175987,192,22,7,15,170,14,156,11.458333333333332,3.6458333333333335,7.8125,88.54166666666666,7.291666666666667,81.25
E00175988,148,29,8,21,119,17,102,19.594594594594593,5.405405405405405,14.18918918918919,80.4054054054054,11.486486486486488,68.91891891891892
E00175989,179,24,4,20,155,18,137,13.40782122905028,2.2346368715083798,11.1731843575419,86.59217877094973,10.05586592178771,76.53631284916202
E00175990,327,24,8,16,303,31,272,7.339449541284404,2.4464831804281344,4.892966360856269,92.66055045871559,9.480122324159021,83.18042813455658
E00175991,261,12,0,12,249,17,232,4.597701149425287,0,4.597701149425287,95.40229885057471,6.513409961685824,88.88888888888889
E00175992,360,24,8,16,336,17,319,6.666666666666667,2.2222222222222223,4.444444444444445,93.33333333333333,4.722222222222222,88.61111111111111
E00175993,197,16,2,14,181,18,163,8.121827411167512,1.015228426395939,7.1065989847715745,91.87817258883248,9.137055837563452,82.74111675126903
E00175994,176,10,2,8,166,11,155,5.681818181818182,1.1363636363636365,4.545454545454546,94.31818181818183,6.25,88.06818181818183
E00175995,144,14,3,11,130,21,109,9.722222222222223,2.083333333333333,7.638888888888889,90.27777777777779,14.583333333333334,75.69444444444444
E00175996,203,21,6,15,182,17,165,10.344827586206897,2.955665024630542,7.389162561576355,89.65517241379311,8.374384236453201,81.2807881773399
E00175998,164,21,7,14,143,9,134,12.804878048780488,4.2682926829268295,8.536585365853659,87.1951219512195,5.487804878048781,81.70731707317073
E00175999,286,28,8,20,258,23,235,9.79020979020979,2.797202797202797,6.993006993006993,90.20979020979021,8.041958041958042,82.16783216783216
E00176001,513,66,7,59,447,30,417,12.865497076023392,1.364522417153996,11.500974658869396,87.13450292397661,5.847953216374268,81.28654970760235
E00176003,175,30,7,23,145,16,129,17.142857142857142,4,13.142857142857142,82.85714285714286,9.142857142857142,73.71428571428571
E00176004,193,12,2,10,181,19,162,6.217616580310881,1.0362694300518136,5.181347150259067,93.78238341968913,9.844559585492227,83.93782383419689
E00176006,198,18,8,10,180,16,164,9.090909090909092,4.040404040404041,5.05050505050505,90.9090909090909,8.080808080808081,82.82828282828282
E00176007,101,12,2,10,89,11,78,11.881188118811881,1.9801980198019802,9.900990099009901,88.11881188118812,10.891089108910892,77.22772277227723
E00176008,110,13,5,8,97,11,86,11.818181818181818,4.545454545454546,7.2727272727272725,88.18181818181819,10,78.18181818181819
E00176009,197,13,1,12,184,11,173,6.598984771573605,0.5076142131979695,6.091370558375635,93.4010152284264,5.583756345177665,87.81725888324873
E00176010,232,15,3,12,217,16,201,6.4655172413793105,1.293103448275862,5.172413793103448,93.53448275862068,6.896551724137931,86.63793103448276
E00176011,228,39,15,24,189,14,175,17.105263157894736,6.578947368421052,10.526315789473683,82.89473684210526,6.140350877192982,76.75438596491229
E00176012,381,51,19,32,330,24,306,13.385826771653544,4.986876640419948,8.398950131233596,86.61417322834646,6.299212598425196,80.31496062992126
E00176013,186,21,6,15,165,12,153,11.29032258064516,3.225806451612903,8.064516129032258,88.70967741935483,6.451612903225806,82.25806451612904
E00176014,215,47,24,23,168,13,155,21.86046511627907,11.162790697674419,10.69767441860465,78.13953488372093,6.046511627906977,72.09302325581395
E00176015,292,63,21,42,229,21,208,21.575342465753426,7.191780821917808,14.383561643835616,78.42465753424658,7.191780821917808,71.23287671232876
E00176016,124,29,12,17,95,5,90,23.387096774193548,9.67741935483871,13.709677419354838,76.61290322580645,4.032258064516129,72.58064516129032
E00176017,142,24,14,10,118,7,111,16.901408450704224,9.859154929577464,7.042253521126761,83.09859154929578,4.929577464788732,78.16901408450704
E00176019,354,67,29,38,287,37,250,18.926553672316384,8.192090395480225,10.734463276836157,81.07344632768361,10.451977401129943,70.62146892655367
E00176020,426,67,20,47,359,30,329,15.727699530516432,4.694835680751173,11.032863849765258,84.27230046948357,7.042253521126761,77.23004694835682
E00176021,578,62,13,49,516,58,458,10.726643598615917,2.249134948096886,8.477508650519031,89.27335640138409,10.034602076124568,79.23875432525952
E00176022,276,46,18,28,230,18,212,16.666666666666664,6.521739130434782,10.144927536231885,83.33333333333334,6.521739130434782,76.81159420289855
E00176023,305,31,19,12,274,6,268,10.163934426229508,6.229508196721312,3.934426229508197,89.8360655737705,1.9672131147540985,87.8688524590164
E00176024,154,16,6,10,138,19,119,10.38961038961039,3.896103896103896,6.493506493506493,89.6103896103896,12.337662337662337,77.27272727272727
E00176025,131,10,1,9,121,10,111,7.633587786259542,0.7633587786259541,6.870229007633588,92.36641221374046,7.633587786259542,84.7328244274809
E00176026,203,67,33,34,136,12,124,33.004926108374384,16.25615763546798,16.748768472906402,66.99507389162561,5.911330049261084,61.083743842364534
E00176027,1134,160,29,131,974,97,877,14.109347442680775,2.5573192239858904,11.552028218694884,85.89065255731923,8.55379188712522,77.33686067019401
E00176028,151,25,12,13,126,5,121,16.55629139072848,7.9470198675496695,8.609271523178808,83.44370860927152,3.3112582781456954,80.13245033112582
E00176029,172,23,6,17,149,5,144,13.372093023255813,3.488372093023256,9.883720930232558,86.62790697674419,2.9069767441860463,83.72093023255815
E00176030,1475,209,30,179,1266,88,1178,14.169491525423727,2.0338983050847457,12.135593220338983,85.83050847457628,5.966101694915254,79.86440677966101
E00176032,231,19,2,17,212,22,190,8.225108225108226,0.8658008658008658,7.35930735930736,91.77489177489177,9.523809523809524,82.25108225108225
E00176033,341,40,23,17,301,14,287,11.730205278592376,6.744868035190615,4.9853372434017595,88.26979472140762,4.105571847507331,84.1642228739003
E00176034,387,44,5,39,343,30,313,11.369509043927648,1.2919896640826873,10.077519379844961,88.63049095607235,7.751937984496124,80.87855297157623
E00176035,175,14,1,13,161,17,144,8,0.5714285714285714,7.428571428571429,92,9.714285714285714,82.28571428571428
E00176036,262,71,43,28,191,10,181,27.099236641221374,16.412213740458014,10.687022900763358,72.90076335877863,3.816793893129771,69.08396946564885
E00176037,270,40,4,36,230,32,198,14.814814814814813,1.4814814814814816,13.333333333333334,85.18518518518519,11.851851851851853,73.33333333333333
E00176039,185,15,7,8,170,12,158,8.108108108108109,3.783783783783784,4.324324324324325,91.8918918918919,6.486486486486487,85.4054054054054
E00176040,238,57,21,36,181,6,175,23.949579831932773,8.823529411764707,15.126050420168067,76.05042016806722,2.5210084033613445,73.52941176470588
E00176042,392,57,25,32,335,13,322,14.540816326530612,6.377551020408164,8.16326530612245,85.45918367346938,3.316326530612245,82.14285714285714
E00176043,207,35,21,14,172,13,159,16.908212560386474,10.144927536231885,6.763285024154589,83.09178743961353,6.280193236714976,76.81159420289855
E00176044,302,48,20,28,254,15,239,15.894039735099339,6.622516556291391,9.271523178807946,84.10596026490066,4.966887417218543,79.13907284768213
E00176045,221,57,27,30,164,12,152,25.791855203619914,12.217194570135746,13.574660633484163,74.2081447963801,5.429864253393665,68.77828054298642
E00176047,175,11,7,4,164,7,157,6.2857142857142865,4,2.2857142857142856,93.71428571428572,4,89.71428571428571
E00176050,189,14,1,13,175,16,159,7.4074074074074066,0.5291005291005291,6.878306878306878,92.5925925925926,8.465608465608465,84.12698412698413
E00176052,265,31,7,24,234,25,209,11.69811320754717,2.6415094339622645,9.056603773584905,88.30188679245283,9.433962264150944,78.8679245283019
E00176053,145,10,3,7,135,17,118,6.896551724137931,2.0689655172413794,4.827586206896552,93.10344827586206,11.724137931034482,81.37931034482759
E00176054,296,70,30,40,226,27,199,23.64864864864865,10.135135135135135,13.513513513513514,76.35135135135135,9.121621621621621,67.22972972972973
E00176057,176,24,8,16,152,8,144,13.636363636363635,4.545454545454546,9.090909090909092,86.36363636363636,4.545454545454546,81.81818181818183
E00176059,230,19,7,12,211,15,196,8.26086956521739,3.0434782608695654,5.217391304347826,91.73913043478261,6.521739130434782,85.21739130434783
E00176060,357,30,13,17,327,19,308,8.403361344537815,3.6414565826330536,4.761904761904762,91.59663865546219,5.322128851540616,86.27450980392157
E00176062,407,25,0,25,382,26,356,6.142506142506143,0,6.142506142506143,93.85749385749385,6.388206388206388,87.46928746928747
E00176063,179,16,1,15,163,21,142,8.938547486033519,0.5586592178770949,8.379888268156424,91.06145251396647,11.731843575418994,79.3296089385475
E00176064,186,26,16,10,160,13,147,13.978494623655912,8.60215053763441,5.376344086021505,86.02150537634408,6.989247311827956,79.03225806451613
E00176065,205,75,48,27,130,8,122,36.58536585365854,23.414634146341466,13.170731707317074,63.41463414634146,3.902439024390244,59.512195121951216
E00176066,357,38,18,20,319,10,309,10.644257703081232,5.042016806722689,5.602240896358544,89.35574229691878,2.801120448179272,86.5546218487395
E00176068,264,38,20,18,226,11,215,14.393939393939394,7.575757575757576,6.8181818181818175,85.60606060606061,4.166666666666666,81.43939393939394
E00176069,208,64,44,20,144,4,140,30.76923076923077,21.153846153846153,9.615384615384617,69.23076923076923,1.9230769230769231,67.3076923076923
E00176071,303,37,16,21,266,10,256,12.211221122112212,5.2805280528052805,6.9306930693069315,87.78877887788778,3.3003300330033,84.48844884488449
E00176072,347,42,23,19,305,11,294,12.103746397694524,6.628242074927954,5.475504322766571,87.89625360230548,3.170028818443804,84.72622478386167
E00176073,284,34,21,13,250,8,242,11.971830985915492,7.394366197183098,4.577464788732395,88.02816901408451,2.8169014084507045,85.2112676056338
E00176075,143,14,4,10,129,9,120,9.79020979020979,2.797202797202797,6.993006993006993,90.20979020979021,6.293706293706294,83.91608391608392
E00176076,259,22,4,18,237,29,208,8.494208494208493,1.5444015444015444,6.94980694980695,91.5057915057915,11.196911196911197,80.3088803088803
E00176077,289,71,34,37,218,19,199,24.567474048442904,11.76470588235294,12.802768166089965,75.4325259515571,6.5743944636678195,68.85813148788927
E00176078,302,52,28,24,250,13,237,17.218543046357617,9.271523178807946,7.9470198675496695,82.78145695364239,4.304635761589404,78.47682119205298
E00176080,357,33,5,28,324,34,290,9.243697478991598,1.400560224089636,7.8431372549019605,90.75630252100841,9.523809523809524,81.23249299719888
E00176081,239,33,5,28,206,12,194,13.807531380753138,2.092050209205021,11.715481171548117,86.19246861924687,5.02092050209205,81.17154811715481
E00176083,414,53,26,27,361,20,341,12.80193236714976,6.280193236714976,6.521739130434782,87.19806763285024,4.830917874396135,82.3671497584541
E00176084,171,31,18,13,140,11,129,18.128654970760234,10.526315789473683,7.602339181286549,81.87134502923976,6.432748538011696,75.43859649122807
E00176085,136,25,14,11,111,9,102,18.38235294117647,10.294117647058822,8.088235294117647,81.61764705882352,6.61764705882353,75
E00176086,148,19,4,15,129,13,116,12.837837837837837,2.7027027027027026,10.135135135135135,87.16216216216216,8.783783783783784,78.37837837837837
E00176087,236,41,8,33,195,15,180,17.372881355932204,3.389830508474576,13.983050847457626,82.62711864406779,6.3559322033898304,76.27118644067797
E00176088,320,18,2,16,302,28,274,5.625,0.625,5,94.375,8.75,85.625
E00176089,196,19,4,15,177,16,161,9.693877551020408,2.0408163265306123,7.653061224489796,90.3061224489796,8.16326530612245,82.14285714285714
E00176090,230,40,19,21,190,17,173,17.391304347826086,8.26086956521739,9.130434782608695,82.6086956521739,7.391304347826087,75.21739130434783
E00176092,230,15,1,14,215,27,188,6.521739130434782,0.43478260869565216,6.086956521739131,93.47826086956522,11.73913043478261,81.73913043478261
E00176093,248,41,12,29,207,17,190,16.532258064516128,4.838709677419355,11.693548387096774,83.46774193548387,6.854838709677419,76.61290322580645
E00180776,960,129,34,95,831,56,775,13.4375,3.5416666666666665,9.895833333333332,86.5625,5.833333333333333,80.72916666666666
E00180777,646,67,10,57,579,60,519,10.371517027863778,1.5479876160990713,8.823529411764707,89.62848297213623,9.287925696594428,80.34055727554178
E00180778,305,77,41,36,228,15,213,25.245901639344265,13.442622950819672,11.80327868852459,74.75409836065575,4.918032786885246,69.83606557377048
E00180779,2227,334,94,240,1893,150,1743,14.997754827121687,4.220925011225864,10.776829815895823,85.0022451728783,6.7355186349348894,78.26672653794343
E00180780,440,94,41,53,346,20,326,21.363636363636363,9.318181818181818,12.045454545454545,78.63636363636364,4.545454545454546,74.0909090909091
E00180781,854,119,23,96,735,54,681,13.934426229508196,2.693208430913349,11.241217798594848,86.0655737704918,6.323185011709602,79.7423887587822
E00180782,425,57,14,43,368,23,345,13.411764705882353,3.294117647058824,10.117647058823529,86.58823529411764,5.411764705882352,81.17647058823529
E00180783,966,101,22,79,865,59,806,10.455486542443063,2.2774327122153206,8.178053830227745,89.54451345755695,6.107660455486543,83.436853002070393
E00180784,289,73,36,37,216,17,199,25.259515570934255,12.45674740484429,12.802768166089965,74.74048442906575,5.88235294117647,68.85813148788927
E00180785,607,60,6,54,547,32,515,9.884678747940692,0.9884678747940692,8.896210873146623,90.11532125205932,5.2718286655683695,84.84349258649094
E00180786,607,50,9,41,557,26,531,8.237232289950576,1.4827018121911038,6.754530477759473,91.76276771004942,4.2833607907743,87.47940691927512
E00180787,2094,281,58,223,1813,135,1678,13.419293218720153,2.76981852913085,10.649474689589303,86.58070678127984,6.446991404011461,80.13371537726839
E00180788,575,103,43,60,472,35,437,17.91304347826087,7.478260869565218,10.434782608695652,82.08695652173913,6.086956521739131,76
E00180789,343,50,11,39,293,31,262,14.577259475218659,3.206997084548105,11.370262390670554,85.42274052478133,9.037900874635568,76.38483965014578
E00180790,323,23,3,20,300,29,271,7.120743034055728,0.9287925696594427,6.191950464396285,92.87925696594426,8.978328173374612,83.90092879256966
E00180791,358,30,0,30,328,26,302,8.379888268156424,0,8.379888268156424,91.62011173184358,7.262569832402235,84.35754189944134
E00180792,473,71,10,61,402,41,361,15.010570824524313,2.1141649048625792,12.896405919661733,84.98942917547568,8.668076109936575,76.32135306553911
E00180793,272,36,1,35,236,23,213,13.23529411764706,0.3676470588235294,12.867647058823529,86.76470588235294,8.455882352941178,78.30882352941177
E00180794,625,33,5,28,592,36,556,5.28,0.8,4.4799999999999995,94.72,5.76,88.96
E00180795,211,9,1,8,202,9,193,4.265402843601896,0.47393364928909953,3.7914691943127963,95.73459715639811,4.265402843601896,91.4691943127962
E00180796,332,59,13,46,273,31,242,17.771084337349397,3.91566265060241,13.855421686746988,82.2289156626506,9.33734939759036,72.89156626506023
E00180797,208,12,0,12,196,22,174,5.769230769230769,0,5.769230769230769,94.23076923076923,10.576923076923077,83.65384615384616
E00180798,404,73,34,39,331,18,313,18.06930693069307,8.415841584158416,9.653465346534654,81.93069306930693,4.455445544554455,77.47524752475248
E00180799,211,25,16,9,186,5,181,11.848341232227488,7.5829383886255926,4.265402843601896,88.15165876777252,2.3696682464454977,85.78199052132702
E00180800,524,64,33,31,460,9,451,12.213740458015266,6.297709923664121,5.916030534351145,87.78625954198473,1.717557251908397,86.06870229007633
E00180801,285,58,40,18,227,9,218,20.350877192982455,14.035087719298245,6.315789473684211,79.64912280701755,3.1578947368421053,76.49122807017544
E00180802,371,72,35,37,299,21,278,19.40700808625337,9.433962264150944,9.973045822102426,80.59299191374663,5.660377358490567,74.93261455525607
E00180803,171,13,6,7,158,4,154,7.602339181286549,3.508771929824561,4.093567251461988,92.39766081871345,2.3391812865497075,90.05847953216374
E00180804,206,14,4,10,192,15,177,6.796116504854369,1.9417475728155338,4.854368932038835,93.20388349514563,7.281553398058252,85.92233009708737
E00180805,468,46,16,30,422,17,405,9.82905982905983,3.418803418803419,6.41025641025641,90.17094017094017,3.632478632478633,86.53846153846155
E00180806,161,27,6,21,134,9,125,16.77018633540373,3.7267080745341614,13.043478260869565,83.22981366459628,5.590062111801243,77.63975155279503
E00180807,235,21,10,11,214,4,210,8.936170212765958,4.25531914893617,4.680851063829787,91.06382978723404,1.702127659574468,89.36170212765957
E00180808,329,50,19,31,279,30,249,15.19756838905775,5.775075987841945,9.422492401215806,84.80243161094225,9.118541033434651,75.6838905775076
E00180809,581,88,38,50,493,24,469,15.146299483648882,6.540447504302927,8.605851979345955,84.85370051635111,4.130808950086059,80.72289156626506
E00180810,376,45,17,28,331,15,316,11.96808510638298,4.521276595744681,7.446808510638298,88.03191489361703,3.9893617021276597,84.04255319148936
E00180811,155,26,10,16,129,11,118,16.7741935483871,6.451612903225806,10.32258064516129,83.22580645161291,7.096774193548387,76.12903225806451
E00180812,264,17,3,14,247,30,217,6.4393939393939394,1.1363636363636365,5.303030303030303,93.56060606060606,11.363636363636363,82.1969696969697
E00180813,118,38,17,21,80,7,73,32.20338983050847,14.40677966101695,17.796610169491526,67.79661016949152,5.932203389830509,61.86440677966102
E00180814,617,64,15,49,553,28,525,10.372771474878444,2.4311183144246353,7.941653160453808,89.62722852512157,4.538087520259319,85.08914100486223
E00180815,235,28,18,10,207,9,198,11.914893617021278,7.659574468085106,4.25531914893617,88.08510638297872,3.829787234042553,84.25531914893617
E00180816,186,30,15,15,156,6,150,16.129032258064516,8.064516129032258,8.064516129032258,83.87096774193549,3.225806451612903,80.64516129032258
E00180817,221,44,18,26,177,13,164,19.90950226244344,8.144796380090497,11.76470588235294,80.09049773755656,5.88235294117647,74.2081447963801
E00180818,114,25,7,18,89,9,80,21.929824561403507,6.140350877192982,15.789473684210526,78.0701754385965,7.894736842105263,70.17543859649122
E00180819,205,15,3,12,190,13,177,7.317073170731707,1.4634146341463417,5.853658536585367,92.6829268292683,6.341463414634147,86.34146341463415
E00180820,136,21,13,8,115,5,110,15.441176470588236,9.558823529411764,5.88235294117647,84.55882352941177,3.6764705882352944,80.88235294117648
E00180821,443,54,29,25,389,7,382,12.18961625282167,6.5462753950338595,5.643340857787811,87.81038374717834,1.580135440180587,86.23024830699775
E00180822,134,23,15,8,111,2,109,17.16417910447761,11.194029850746269,5.970149253731343,82.83582089552239,1.4925373134328357,81.34328358208955
E00180823,446,95,44,51,351,20,331,21.300448430493272,9.865470852017937,11.434977578475337,78.69955156950674,4.484304932735426,74.2152466367713
E00180824,293,27,5,22,266,28,238,9.215017064846416,1.7064846416382253,7.508532423208192,90.78498293515358,9.556313993174061,81.22866894197952
E00180825,561,59,18,41,502,9,493,10.51693404634581,3.2085561497326207,7.308377896613191,89.48306595365419,1.6042780748663104,87.87878787878788
E00180826,186,39,17,22,147,6,141,20.967741935483872,9.13978494623656,11.827956989247312,79.03225806451613,3.225806451612903,75.80645161290323
E00180827,517,80,48,32,437,17,420,15.473887814313347,9.284332688588009,6.189555125725339,84.52611218568666,3.2882011605415857,81.23791102514507
E00180828,303,19,2,17,284,13,271,6.270627062706271,0.6600660066006601,5.6105610561056105,93.72937293729373,4.29042904290429,89.43894389438944
E00180829,179,31,17,14,148,4,144,17.318435754189945,9.497206703910614,7.82122905027933,82.68156424581005,2.2346368715083798,80.44692737430168
E00180830,275,63,37,26,212,11,201,22.90909090909091,13.454545454545455,9.454545454545455,77.0909090909091,4,73.0909090909091
E00180831,442,51,24,27,391,6,385,11.538461538461538,5.429864253393665,6.108597285067873,88.46153846153845,1.3574660633484164,87.10407239819004
E00180832,112,9,1,8,103,5,98,8.035714285714286,0.8928571428571428,7.142857142857142,91.96428571428571,4.464285714285714,87.5
E00180833,582,102,18,84,480,35,445,17.525773195876287,3.0927835051546393,14.432989690721648,82.4742268041237,6.013745704467354,76.46048109965635
E00180834,103,13,4,9,90,6,84,12.62135922330097,3.8834951456310676,8.737864077669903,87.37864077669903,5.825242718446602,81.55339805825243
E00180835,352,46,18,28,306,18,288,13.068181818181818,5.113636363636364,7.954545454545454,86.93181818181817,5.113636363636364,81.81818181818183
E00180836,473,76,36,40,397,24,373,16.0676532769556,7.6109936575052854,8.456659619450317,83.93234672304439,5.07399577167019,78.8583509513742
E00180837,205,14,0,14,191,13,178,6.829268292682928,0,6.829268292682928,93.17073170731707,6.341463414634147,86.82926829268293
E00180838,244,25,16,9,219,19,200,10.245901639344263,6.557377049180328,3.6885245901639343,89.75409836065575,7.786885245901639,81.9672131147541
E00180839,574,144,96,48,430,25,405,25.087108013937282,16.72473867595819,8.362369337979095,74.91289198606272,4.355400696864112,70.55749128919861
E00180840,521,72,41,31,449,15,434,13.81957773512476,7.869481765834934,5.950095969289827,86.18042226487525,2.8790786948176583,83.30134357005758
E00180841,210,13,0,13,197,13,184,6.190476190476191,0,6.190476190476191,93.80952380952381,6.190476190476191,87.61904761904762
E00180842,183,16,3,13,167,13,154,8.743169398907105,1.639344262295082,7.103825136612022,91.2568306010929,7.103825136612022,84.15300546448088
E00180843,230,24,6,18,206,11,195,10.434782608695652,2.608695652173913,7.82608695652174,89.56521739130436,4.782608695652174,84.78260869565217
E00180844,463,58,33,25,405,15,390,12.526997840172784,7.127429805615551,5.399568034557236,87.47300215982722,3.2397408207343417,84.23326133909286
E00180845,109,37,26,11,72,0,72,33.94495412844037,23.853211009174313,10.091743119266056,66.05504587155964,0,66.05504587155964
E00180846,174,17,6,11,157,13,144,9.770114942528735,3.4482758620689653,6.321839080459771,90.22988505747126,7.471264367816093,82.75862068965517
E00180847,343,51,26,25,292,3,289,14.868804664723031,7.580174927113703,7.288629737609329,85.13119533527697,0.8746355685131195,84.25655976676384
E00180848,486,69,31,38,417,20,397,14.19753086419753,6.378600823045268,7.818930041152264,85.80246913580247,4.11522633744856,81.6872427983539
E00180849,509,33,1,32,476,40,436,6.4833005893909625,0.19646365422396855,6.286836935166994,93.51669941060904,7.858546168958743,85.6581532416503
E00180850,389,30,10,20,359,28,331,7.712082262210797,2.570694087403599,5.141388174807198,92.2879177377892,7.197943444730077,85.08997429305913
E00180851,242,12,1,11,230,21,209,4.958677685950414,0.4132231404958678,4.545454545454546,95.0413223140496,8.677685950413224,86.36363636363636
E00180852,320,57,36,21,263,14,249,17.8125,11.25,6.5625,82.1875,4.375,77.8125
E00180853,217,35,8,27,182,33,149,16.129032258064516,3.686635944700461,12.442396313364055,83.87096774193549,15.207373271889402,68.66359447004609
E00180854,504,85,40,45,419,11,408,16.865079365079367,7.936507936507936,8.928571428571429,83.13492063492063,2.1825396825396823,80.95238095238095
E00180855,520,53,14,39,467,13,454,10.192307692307692,2.6923076923076925,7.5,89.8076923076923,2.5,87.3076923076923
E00180856,218,52,27,25,166,19,147,23.853211009174313,12.385321100917432,11.46788990825688,76.14678899082568,8.715596330275229,67.43119266055045
E00180857,232,23,2,21,209,22,187,9.913793103448276,0.8620689655172413,9.051724137931034,90.08620689655173,9.482758620689655,80.60344827586206
E00180858,268,20,7,13,248,14,234,7.462686567164178,2.6119402985074625,4.850746268656716,92.53731343283582,5.223880597014925,87.31343283582089
E00180859,264,33,3,30,231,30,201,12.5,1.1363636363636365,11.363636363636363,87.5,11.363636363636363,76.13636363636364
E00180860,179,31,12,19,148,10,138,17.318435754189945,6.70391061452514,10.614525139664805,82.68156424581005,5.58659217877095,77.09497206703911
E00180861,463,63,25,38,400,10,390,13.606911447084233,5.399568034557236,8.207343412526997,86.39308855291577,2.159827213822894,84.23326133909286
E00180862,579,75,8,67,504,27,477,12.953367875647666,1.381692573402418,11.57167530224525,87.04663212435233,4.66321243523316,82.38341968911918
E00180863,113,10,4,6,103,7,96,8.849557522123893,3.5398230088495577,5.3097345132743365,91.1504424778761,6.1946902654867255,84.95575221238938
E00180864,143,42,21,21,101,10,91,29.37062937062937,14.685314685314685,14.685314685314685,70.62937062937063,6.993006993006993,63.63636363636363
E00180865,189,21,1,20,168,18,150,11.11111111111111,0.5291005291005291,10.582010582010582,88.88888888888889,9.523809523809524,79.36507936507937
E00180866,281,21,1,20,260,26,234,7.473309608540925,0.3558718861209964,7.11743772241993,92.52669039145907,9.252669039145907,83.27402135231317
E00180867,329,36,8,28,293,14,279,10.94224924012158,2.43161094224924,8.51063829787234,89.05775075987842,4.25531914893617,84.80243161094225
E00180868,204,21,2,19,183,18,165,10.294117647058822,0.9803921568627451,9.313725490196079,89.70588235294117,8.823529411764707,80.88235294117648
E00180869,204,13,0,13,191,16,175,6.372549019607843,0,6.372549019607843,93.62745098039215,7.8431372549019605,85.7843137254902
E00180870,175,17,4,13,158,15,143,9.714285714285714,2.2857142857142856,7.428571428571429,90.28571428571428,8.571428571428571,81.71428571428572
E00180871,362,50,27,23,312,12,300,13.812154696132598,7.458563535911603,6.353591160220995,86.1878453038674,3.314917127071823,82.87292817679558
E00180872,192,17,8,9,175,6,169,8.854166666666668,4.166666666666666,4.6875,91.14583333333334,3.125,88.02083333333334
E00180873,174,32,16,16,142,4,138,18.39080459770115,9.195402298850574,9.195402298850574,81.60919540229885,2.2988505747126435,79.3103448275862
E00180874,323,70,36,34,253,16,237,21.671826625387,11.145510835913312,10.526315789473683,78.328173374613,4.953560371517028,73.37461300309597
E00180875,251,69,33,36,182,6,176,27.490039840637447,13.147410358565736,14.342629482071715,72.50996015936255,2.3904382470119523,70.1195219123506
E00180876,409,28,8,20,381,40,341,6.845965770171149,1.9559902200488997,4.88997555012225,93.15403422982885,9.7799511002445,83.37408312958435
E00180877,262,15,2,13,247,15,232,5.7251908396946565,0.7633587786259541,4.961832061068702,94.27480916030534,5.7251908396946565,88.54961832061069
E00180878,352,69,38,31,283,18,265,19.602272727272727,10.795454545454545,8.806818181818182,80.39772727272727,5.113636363636364,75.2840909090909
E00180879,134,14,5,9,120,7,113,10.44776119402985,3.731343283582089,6.7164179104477615,89.55223880597015,5.223880597014925,84.32835820895522
E00180880,424,62,43,19,362,15,347,14.622641509433961,10.141509433962264,4.481132075471698,85.37735849056604,3.5377358490566038,81.83962264150944
E00180881,180,26,1,25,154,13,141,14.444444444444443,0.5555555555555556,13.88888888888889,85.55555555555556,7.222222222222221,78.33333333333333
E00180882,293,33,12,21,260,21,239,11.262798634812286,4.09556313993174,7.167235494880546,88.73720136518772,7.167235494880546,81.56996587030717
E00180883,196,25,8,17,171,17,154,12.755102040816327,4.081632653061225,8.673469387755102,87.24489795918367,8.673469387755102,78.57142857142857
E00180884,137,20,8,12,117,10,107,14.5985401459854,5.839416058394161,8.75912408759124,85.40145985401459,7.2992700729927,78.1021897810219
E00180885,368,31,3,28,337,38,299,8.423913043478262,0.8152173913043478,7.608695652173914,91.57608695652173,10.326086956521738,81.25
E00180886,278,26,9,17,252,24,228,9.352517985611511,3.237410071942446,6.115107913669065,90.64748201438849,8.633093525179856,82.01438848920863
E00180887,281,40,17,23,241,16,225,14.23487544483986,6.049822064056939,8.185053380782918,85.76512455516014,5.6939501779359425,80.0711743772242
E00180888,239,45,25,20,194,7,187,18.828451882845187,10.460251046025103,8.368200836820083,81.17154811715481,2.928870292887029,78.24267782426779
E00180889,156,31,1,30,125,13,112,19.871794871794872,0.641025641025641,19.230769230769234,80.12820512820514,8.333333333333332,71.7948717948718
E00180890,475,45,19,26,430,23,407,9.473684210526317,4,5.473684210526316,90.52631578947368,4.842105263157895,85.68421052631578
E00180891,137,9,1,8,128,12,116,6.569343065693431,0.7299270072992701,5.839416058394161,93.43065693430657,8.75912408759124,84.67153284671532
E00180892,290,50,25,25,240,16,224,17.24137931034483,8.620689655172415,8.620689655172415,82.75862068965517,5.517241379310345,77.24137931034483
E00180893,241,38,15,23,203,4,199,15.767634854771783,6.224066390041494,9.54356846473029,84.23236514522821,1.6597510373443984,82.57261410788381
E00180894,161,20,13,7,141,15,126,12.422360248447205,8.074534161490684,4.3478260869565215,87.5776397515528,9.316770186335404,78.26086956521739
E00180895,495,56,26,30,439,8,431,11.313131313131313,5.252525252525253,6.0606060606060606,88.68686868686869,1.6161616161616161,87.07070707070706
E00180896,523,83,42,41,440,31,409,15.86998087954111,8.030592734225621,7.839388145315487,84.13001912045888,5.927342256214149,78.20267686424475
E00180897,480,36,15,21,444,19,425,7.5,3.125,4.375,92.5,3.958333333333333,88.54166666666666
E00180898,255,18,0,18,237,39,198,7.0588235294117645,0,7.0588235294117645,92.94117647058823,15.294117647058824,77.64705882352942
E00180899,282,48,28,20,234,12,222,17.02127659574468,9.929078014184398,7.092198581560284,82.97872340425532,4.25531914893617,78.72340425531915
E00180900,278,23,9,14,255,9,246,8.273381294964029,3.237410071942446,5.0359712230215825,91.72661870503596,3.237410071942446,88.48920863309353
E00180901,154,13,4,9,141,15,126,8.441558441558442,2.5974025974025974,5.844155844155844,91.55844155844156,9.740259740259742,81.81818181818183
E00180902,346,71,36,35,275,14,261,20.520231213872833,10.404624277456648,10.115606936416185,79.47976878612717,4.046242774566474,75.43352601156069
E00180903,449,100,48,52,349,23,326,22.271714922049,10.690423162583519,11.58129175946548,77.728285077951,5.122494432071269,72.60579064587974
E00180904,200,37,18,19,163,4,159,18.5,9,9.5,81.5,2,79.5
E00180905,335,34,5,29,301,36,265,10.149253731343283,1.4925373134328357,8.656716417910449,89.8507462686567,10.746268656716417,79.1044776119403
E00180906,152,18,8,10,134,7,127,11.842105263157894,5.263157894736842,6.578947368421052,88.1578947368421,4.605263157894736,83.55263157894737
E00180907,159,19,10,9,140,3,137,11.949685534591195,6.289308176100629,5.660377358490567,88.0503144654088,1.8867924528301887,86.16352201257862
E00180908,461,61,27,34,400,19,381,13.232104121475055,5.856832971800434,7.37527114967462,86.76789587852495,4.121475054229935,82.646420824295
E00180909,153,16,9,7,137,3,134,10.457516339869281,5.88235294117647,4.57516339869281,89.54248366013073,1.9607843137254901,87.58169934640523
E00180910,106,13,6,7,93,2,91,12.264150943396226,5.660377358490567,6.60377358490566,87.73584905660378,1.8867924528301887,85.84905660377359
E00180911,189,37,25,12,152,10,142,19.576719576719576,13.227513227513226,6.349206349206349,80.42328042328042,5.291005291005291,75.13227513227513
E00180912,405,73,26,47,332,31,301,18.02469135802469,6.419753086419753,11.604938271604938,81.9753086419753,7.654320987654321,74.32098765432099
E00180913,457,28,6,22,429,14,415,6.12691466083151,1.312910284463895,4.814004376367615,93.8730853391685,3.063457330415755,90.80962800875274
E00180914,423,28,4,24,395,26,369,6.619385342789598,0.9456264775413712,5.673758865248227,93.3806146572104,6.1465721040189125,87.2340425531915
E00180915,358,51,15,36,307,21,286,14.24581005586592,4.189944134078212,10.05586592178771,85.75418994413407,5.865921787709497,79.88826815642457
E00180916,354,62,27,35,292,12,280,17.51412429378531,7.627118644067797,9.887005649717514,82.485875706214685,3.389830508474576,79.09604519774011
E00180917,306,23,4,19,283,27,256,7.516339869281046,1.3071895424836601,6.209150326797386,92.48366013071896,8.823529411764707,83.66013071895425
E00180918,234,20,2,18,214,24,190,8.547008547008547,0.8547008547008548,7.6923076923076925,91.45299145299145,10.256410256410255,81.19658119658119
E00180919,366,47,11,36,319,16,303,12.841530054644808,3.0054644808743167,9.836065573770492,87.1584699453552,4.371584699453552,82.78688524590164
E00180920,467,43,19,24,424,5,419,9.207708779443255,4.068522483940043,5.139186295503212,90.79229122055675,1.070663811563169,89.72162740899357
E00180921,611,43,11,32,568,13,555,7.037643207855974,1.800327332242226,5.237315875613748,92.96235679214404,2.127659574468085,90.83469721767594
E00180922,282,26,16,10,256,6,250,9.219858156028367,5.673758865248227,3.546099290780142,90.78014184397163,2.127659574468085,88.65248226950354
E00180923,254,23,3,20,231,22,209,9.05511811023622,1.1811023622047243,7.874015748031496,90.94488188976378,8.661417322834646,82.28346456692913
E00180924,486,61,23,38,425,20,405,12.551440329218108,4.732510288065844,7.818930041152264,87.44855967078189,4.11522633744856,83.33333333333334
E00180925,409,42,8,34,367,40,327,10.268948655256724,1.9559902200488997,8.312958435207824,89.73105134474328,9.7799511002445,79.95110024449878
E00180926,460,65,24,41,395,26,369,14.130434782608695,5.217391304347826,8.91304347826087,85.86956521739131,5.6521739130434785,80.21739130434783
E00180927,312,30,3,27,282,22,260,9.615384615384617,0.9615384615384616,8.653846153846153,90.38461538461539,7.051282051282051,83.33333333333334
E00180928,168,20,10,10,148,7,141,11.904761904761903,5.952380952380952,5.952380952380952,88.09523809523809,4.166666666666666,83.92857142857143
E00180929,164,23,13,10,141,3,138,14.02439024390244,7.926829268292683,6.097560975609756,85.97560975609755,1.8292682926829267,84.14634146341463
E00180930,414,75,44,31,339,30,309,18.115942028985508,10.628019323671497,7.487922705314009,81.88405797101449,7.246376811594203,74.63768115942028
E00180931,227,31,12,19,196,9,187,13.656387665198238,5.286343612334802,8.370044052863436,86.34361233480176,3.9647577092511015,82.37885462555066
E00180932,124,15,4,11,109,4,105,12.096774193548388,3.225806451612903,8.870967741935484,87.90322580645162,3.225806451612903,84.67741935483872
E00180933,352,39,7,32,313,14,299,11.079545454545455,1.9886363636363635,9.090909090909092,88.92045454545455,3.977272727272727,84.94318181818183
E00180934,244,20,0,20,224,20,204,8.19672131147541,0,8.19672131147541,91.80327868852459,8.19672131147541,83.60655737704919
E00180935,194,24,4,20,170,23,147,12.371134020618557,2.0618556701030926,10.309278350515463,87.62886597938144,11.855670103092782,75.77319587628865
E00180936,335,66,28,38,269,29,240,19.701492537313435,8.358208955223882,11.343283582089553,80.29850746268656,8.656716417910449,71.64179104477611
E00180937,632,59,7,52,573,16,557,9.335443037974683,1.1075949367088607,8.227848101265822,90.66455696202532,2.5316455696202533,88.13291139240506
E00180938,361,27,9,18,334,19,315,7.479224376731302,2.4930747922437675,4.986149584487535,92.5207756232687,5.263157894736842,87.25761772853186
E00180939,356,33,12,21,323,17,306,9.269662921348315,3.3707865168539324,5.8988764044943816,90.73033707865169,4.775280898876404,85.95505617977528
E00180940,431,74,24,50,357,18,339,17.16937354988399,5.56844547563805,11.600928074245939,82.830626450116,4.176334106728538,78.65429234338747
E00180941,369,40,4,36,329,41,288,10.840108401084011,1.084010840108401,9.75609756097561,89.15989159891599,11.11111111111111,78.04878048780488
E00180942,312,51,19,32,261,10,251,16.346153846153847,6.089743589743589,10.256410256410255,83.65384615384616,3.205128205128205,80.44871794871796
E00180943,342,66,37,29,276,8,268,19.298245614035086,10.818713450292398,8.47953216374269,80.7017543859649,2.3391812865497075,78.3625730994152
E00180944,495,32,4,28,463,36,427,6.4646464646464645,0.8080808080808081,5.656565656565657,93.53535353535354,7.2727272727272725,86.26262626262627
E00180945,734,124,29,95,610,57,553,16.893732970027248,3.9509536784741144,12.942779291553133,83.10626702997274,7.7656675749318795,75.34059945504087
E00180946,1781,225,27,198,1556,124,1432,12.633352049410442,1.5160022459292533,11.11734980348119,87.36664795058957,6.962380685008422,80.40426726558113
E00180947,497,38,5,33,459,53,406,7.645875251509055,1.0060362173038229,6.639839034205232,92.35412474849095,10.663983903420524,81.69014084507043
E00180948,205,22,6,16,183,26,157,10.731707317073171,2.9268292682926833,7.804878048780488,89.26829268292683,12.682926829268293,76.58536585365854
E00180949,511,36,1,35,475,30,445,7.045009784735812,0.19569471624266144,6.8493150684931505,92.95499021526419,5.870841487279844,87.08414872798434
E00180950,184,13,6,7,171,2,169,7.065217391304348,3.260869565217391,3.804347826086957,92.93478260869566,1.0869565217391304,91.84782608695652
