OA,ts0380001,ts0380002,ts0380003,ts0380004,ts0380005,ts0380006,ts0380007,ts0380002_PCT,ts0380003_PCT,ts0380004_PCT,ts0380005_PCT,ts0380006_PCT,ts0380007_PCT
W00001017,212,56,25,31,156,13,143,26.41509433962264,11.79245283018868,14.622641509433961,73.58490566037736,6.132075471698113,67.45283018867924
W00001018,277,31,19,12,246,18,228,11.191335740072201,6.859205776173286,4.332129963898916,88.8086642599278,6.4981949458483745,82.31046931407943
W00001019,188,39,21,18,149,14,135,20.74468085106383,11.170212765957446,9.574468085106384,79.25531914893617,7.446808510638298,71.80851063829788
W00001020,266,62,30,32,204,21,183,23.308270676691727,11.278195488721805,12.030075187969924,76.69172932330827,7.894736842105263,68.796992481203
W00001021,223,52,21,31,171,18,153,23.318385650224215,9.417040358744394,13.901345291479823,76.68161434977578,8.071748878923767,68.60986547085201
W00001022,187,57,27,30,130,16,114,30.481283422459892,14.43850267379679,16.042780748663102,69.5187165775401,8.55614973262032,60.962566844919785
W00001023,122,32,15,17,90,11,79,26.229508196721312,12.295081967213115,13.934426229508196,73.77049180327869,9.01639344262295,64.75409836065575
W00001024,268,70,26,44,198,22,176,26.119402985074625,9.701492537313433,16.417910447761194,73.88059701492537,8.208955223880597,65.67164179104478
W00001025,350,18,6,12,332,17,315,5.142857142857142,1.7142857142857144,3.428571428571429,94.85714285714286,4.857142857142857,90
W00001026,232,35,14,21,197,16,181,15.086206896551724,6.0344827586206895,9.051724137931034,84.91379310344827,6.896551724137931,78.01724137931035
W00001027,282,67,37,30,215,14,201,23.75886524822695,13.120567375886525,10.638297872340425,76.24113475177306,4.964539007092199,71.27659574468085
W00001028,312,72,34,38,240,23,217,23.076923076923077,10.897435897435898,12.179487179487179,76.92307692307693,7.371794871794872,69.55128205128204
W00001029,205,45,19,26,160,14,146,21.951219512195124,9.268292682926829,12.682926829268293,78.04878048780488,6.829268292682928,71.21951219512195
W00001030,226,35,16,19,191,12,179,15.486725663716813,7.079646017699115,8.4070796460177,84.51327433628319,5.3097345132743365,79.20353982300885
W00001031,301,68,39,29,233,15,218,22.591362126245848,12.956810631229235,9.634551495016613,77.40863787375415,4.983388704318937,72.42524916943522
W00001032,301,50,24,26,251,19,232,16.611295681063122,7.973421926910299,8.637873754152823,83.38870431893687,6.312292358803987,77.0764119601329
W00001033,387,77,25,52,310,29,281,19.896640826873384,6.459948320413436,13.436692506459949,80.10335917312662,7.493540051679587,72.60981912144703
W00001034,242,46,17,29,196,25,171,19.00826446280992,7.024793388429752,11.983471074380166,80.99173553719008,10.330578512396695,70.66115702479338
W00001035,269,53,22,31,216,12,204,19.702602230483272,8.178438661710038,11.524163568773234,80.29739776951673,4.4609665427509295,75.8364312267658
W00001036,258,50,22,28,208,16,192,19.379844961240313,8.527131782945736,10.852713178294573,80.62015503875969,6.2015503875969,74.4186046511628
W00001037,220,63,25,38,157,29,128,28.636363636363637,11.363636363636363,17.272727272727273,71.36363636363636,13.18181818181818,58.18181818181818
W00001038,358,111,49,62,247,25,222,31.00558659217877,13.687150837988826,17.318435754189945,68.99441340782123,6.983240223463687,62.01117318435754
W00001039,334,94,44,50,240,19,221,28.143712574850298,13.17365269461078,14.97005988023952,71.8562874251497,5.688622754491018,66.1676646706587
W00001040,234,72,29,43,162,16,146,30.76923076923077,12.393162393162394,18.37606837606838,69.23076923076923,6.837606837606838,62.39316239316239
W00001041,300,38,8,30,262,20,242,12.666666666666668,2.666666666666667,10,87.33333333333333,6.666666666666667,80.66666666666666
W00001042,384,55,21,34,329,23,306,14.322916666666666,5.46875,8.854166666666668,85.67708333333334,5.989583333333334,79.6875
W00001043,297,52,18,34,245,18,227,17.50841750841751,6.0606060606060606,11.447811447811448,82.49158249158249,6.0606060606060606,76.43097643097643
W00001044,371,53,19,34,318,19,299,14.285714285714285,5.121293800539084,9.164420485175203,85.71428571428571,5.121293800539084,80.59299191374663
W00001045,280,45,23,22,235,12,223,16.071428571428573,8.214285714285714,7.857142857142857,83.92857142857143,4.285714285714286,79.64285714285714
W00001046,434,70,28,42,364,27,337,16.129032258064516,6.451612903225806,9.67741935483871,83.87096774193549,6.221198156682028,77.64976958525345
W00001047,320,45,14,31,275,25,250,14.0625,4.375,9.6875,85.9375,7.8125,78.125
W00001048,346,50,22,28,296,37,259,14.450867052023122,6.358381502890173,8.092485549132949,85.54913294797689,10.69364161849711,74.85549132947978
W00001049,301,94,67,27,207,16,191,31.22923588039867,22.259136212624583,8.970099667774086,68.77076411960132,5.3156146179401995,63.45514950166113
W00001050,372,74,33,41,298,43,255,19.892473118279568,8.870967741935484,11.021505376344086,80.10752688172043,11.559139784946236,68.54838709677419
W00001051,343,53,18,35,290,19,271,15.451895043731778,5.247813411078718,10.204081632653061,84.54810495626822,5.539358600583091,79.00874635568513
W00001052,273,53,23,30,220,21,199,19.413919413919416,8.424908424908425,10.989010989010989,80.58608058608058,7.6923076923076925,72.89377289377289
W00001053,255,43,17,26,212,12,200,16.862745098039216,6.666666666666667,10.196078431372548,83.13725490196079,4.705882352941177,78.43137254901961
W00001054,246,50,22,28,196,22,174,20.32520325203252,8.94308943089431,11.38211382113821,79.67479674796748,8.94308943089431,70.73170731707317
W00001055,290,83,34,49,207,16,191,28.620689655172416,11.724137931034482,16.896551724137932,71.37931034482759,5.517241379310345,65.86206896551724
W00001056,187,74,30,44,113,8,105,39.57219251336899,16.042780748663102,23.52941176470588,60.42780748663101,4.27807486631016,56.14973262032086
W00001057,365,77,33,44,288,18,270,21.095890410958905,9.04109589041096,12.054794520547945,78.9041095890411,4.931506849315069,73.97260273972603
W00001058,345,106,60,46,239,26,213,30.72463768115942,17.391304347826086,13.333333333333334,69.27536231884058,7.536231884057972,61.73913043478261
W00001059,294,83,39,44,211,15,196,28.2312925170068,13.26530612244898,14.965986394557824,71.7687074829932,5.1020408163265305,66.66666666666666
W00001060,212,37,13,24,175,11,164,17.452830188679243,6.132075471698113,11.320754716981133,82.54716981132076,5.188679245283019,77.35849056603774
W00001061,306,96,53,43,210,18,192,31.372549019607842,17.320261437908496,14.052287581699346,68.62745098039215,5.88235294117647,62.745098039215684
W00001062,238,110,60,50,128,11,117,46.21848739495798,25.210084033613445,21.008403361344538,53.78151260504202,4.621848739495799,49.159663865546214
W00001063,245,48,20,28,197,21,176,19.591836734693878,8.16326530612245,11.428571428571429,80.40816326530611,8.571428571428571,71.83673469387755
W00001064,321,79,36,43,242,29,213,24.610591900311526,11.214953271028037,13.395638629283487,75.38940809968847,9.034267912772584,66.35514018691589
W00001065,292,70,31,39,222,19,203,23.972602739726025,10.616438356164384,13.356164383561644,76.02739726027397,6.506849315068493,69.52054794520548
W00001066,291,80,40,40,211,28,183,27.491408934707906,13.745704467353953,13.745704467353953,72.5085910652921,9.621993127147768,62.88659793814433
W00001067,288,44,24,20,244,21,223,15.277777777777779,8.333333333333332,6.944444444444445,84.72222222222221,7.291666666666667,77.43055555555556
W00001068,338,74,31,43,264,30,234,21.893491124260358,9.171597633136095,12.721893491124261,78.10650887573965,8.875739644970414,69.23076923076923
W00001069,260,104,64,40,156,19,137,40,24.615384615384617,15.384615384615385,60,7.307692307692308,52.69230769230769
W00001070,281,47,23,24,234,19,215,16.72597864768683,8.185053380782918,8.540925266903916,83.27402135231317,6.761565836298933,76.51245551601423
W00001071,354,64,24,40,290,27,263,18.07909604519774,6.779661016949152,11.299435028248588,81.92090395480226,7.627118644067797,74.29378531073446
W00001072,309,57,21,36,252,25,227,18.446601941747574,6.796116504854369,11.650485436893204,81.55339805825243,8.090614886731391,73.46278317152104
W00001074,331,45,15,30,286,30,256,13.595166163141995,4.531722054380665,9.06344410876133,86.404833836858,9.06344410876133,77.34138972809667
W00001075,255,43,19,24,212,16,196,16.862745098039216,7.450980392156863,9.411764705882353,83.13725490196079,6.2745098039215685,76.86274509803923
W00001076,467,69,28,41,398,32,366,14.775160599571734,5.995717344753747,8.779443254817988,85.22483940042827,6.852248394004283,78.37259100642399
W00001077,314,50,20,30,264,25,239,15.92356687898089,6.369426751592357,9.554140127388536,84.07643312101911,7.961783439490445,76.11464968152866
W00001078,273,61,26,35,212,18,194,22.344322344322347,9.523809523809524,12.82051282051282,77.65567765567766,6.593406593406594,71.06227106227107
W00001079,322,69,27,42,253,33,220,21.428571428571427,8.385093167701864,13.043478260869565,78.57142857142857,10.248447204968944,68.32298136645963
W00001080,360,69,15,54,291,27,264,19.166666666666668,4.166666666666666,15,80.83333333333333,7.5,73.33333333333333
W00001081,277,32,10,22,245,29,216,11.552346570397113,3.6101083032490973,7.9422382671480145,88.4476534296029,10.469314079422382,77.9783393501805
W00001082,121,30,14,16,91,2,89,24.793388429752067,11.570247933884298,13.223140495867769,75.20661157024794,1.6528925619834711,73.55371900826447
W00001083,287,44,14,30,243,25,218,15.33101045296167,4.878048780487805,10.452961672473867,84.66898954703834,8.710801393728223,75.9581881533101
W00001084,315,59,23,36,256,22,234,18.73015873015873,7.301587301587302,11.428571428571429,81.26984126984127,6.984126984126984,74.28571428571429
W00001085,371,69,31,38,302,32,270,18.598382749326145,8.355795148247978,10.242587601078167,81.40161725067385,8.62533692722372,72.77628032345014
W00001086,377,45,15,30,332,35,297,11.936339522546419,3.978779840848806,7.957559681697612,88.06366047745358,9.283819628647215,78.77984084880637
W00001087,331,51,23,28,280,27,253,15.407854984894259,6.948640483383686,8.459214501510575,84.59214501510573,8.157099697885197,76.43504531722054
W00001088,258,36,13,23,222,21,201,13.953488372093023,5.038759689922481,8.914728682170542,86.04651162790698,8.13953488372093,77.90697674418605
W00001089,274,55,30,25,219,20,199,20.072992700729927,10.948905109489052,9.124087591240876,79.92700729927007,7.2992700729927,72.62773722627736
W00001090,289,56,23,33,233,25,208,19.377162629757784,7.958477508650519,11.418685121107266,80.62283737024222,8.650519031141869,71.97231833910035
W00001091,311,49,20,29,262,24,238,15.755627009646304,6.430868167202572,9.32475884244373,84.2443729903537,7.717041800643088,76.52733118971061
W00001092,307,47,25,22,260,10,250,15.309446254071663,8.143322475570033,7.166123778501629,84.69055374592834,3.257328990228013,81.43322475570032
W00001093,304,51,15,36,253,27,226,16.776315789473685,4.934210526315789,11.842105263157894,83.22368421052632,8.881578947368421,74.3421052631579
W00001094,299,61,30,31,238,20,218,20.401337792642142,10.033444816053512,10.367892976588628,79.59866220735786,6.688963210702341,72.90969899665552
W00001095,305,61,18,43,244,27,217,20,5.901639344262295,14.098360655737704,80,8.852459016393443,71.14754098360656
W00001096,299,71,26,45,228,19,209,23.745819397993312,8.695652173913043,15.050167224080269,76.2541806020067,6.354515050167224,69.89966555183946
W00001097,355,30,14,16,325,21,304,8.450704225352112,3.943661971830986,4.507042253521127,91.54929577464789,5.915492957746479,85.63380281690141
W00001098,426,139,90,49,287,28,259,32.629107981220656,21.12676056338028,11.502347417840376,67.37089201877934,6.572769953051644,60.798122065727696
W00001099,323,82,38,44,241,31,210,25.386996904024766,11.76470588235294,13.622291021671826,74.61300309597523,9.597523219814242,65.01547987616098
W00001100,414,41,16,25,373,32,341,9.903381642512077,3.864734299516908,6.038647342995169,90.09661835748793,7.729468599033816,82.3671497584541
W00001101,422,58,25,33,364,20,344,13.744075829383887,5.924170616113744,7.819905213270142,86.25592417061611,4.739336492890995,81.51658767772511
W00001102,339,73,31,42,266,28,238,21.533923303834808,9.144542772861357,12.389380530973451,78.46607669616519,8.259587020648967,70.20648967551622
W00001103,227,34,13,21,193,13,180,14.977973568281937,5.726872246696035,9.251101321585903,85.02202643171806,5.726872246696035,79.29515418502203
W00001104,269,33,7,26,236,15,221,12.267657992565056,2.6022304832713754,9.66542750929368,87.73234200743495,5.5762081784386615,82.15613382899627
W00001105,361,57,21,36,304,20,284,15.789473684210526,5.8171745152354575,9.97229916897507,84.21052631578947,5.540166204986149,78.67036011080333
W00001106,383,51,23,28,332,33,299,13.315926892950392,6.005221932114883,7.310704960835509,86.68407310704961,8.616187989556137,78.06788511749347
W00001107,340,65,25,40,275,17,258,19.11764705882353,7.352941176470589,11.76470588235294,80.88235294117648,5,75.88235294117646
W00001108,391,49,20,29,342,31,311,12.531969309462914,5.115089514066496,7.41687979539642,87.46803069053708,7.928388746803069,79.53964194373401
W00001109,278,65,30,35,213,18,195,23.381294964028775,10.79136690647482,12.589928057553957,76.61870503597122,6.474820143884892,70.14388489208633
W00001110,216,31,10,21,185,14,171,14.351851851851851,4.62962962962963,9.722222222222223,85.64814814814815,6.481481481481481,79.16666666666666
W00001111,434,73,31,42,361,36,325,16.82027649769585,7.142857142857142,9.67741935483871,83.17972350230414,8.294930875576037,74.88479262672811
W00001112,276,43,21,22,233,29,204,15.579710144927535,7.608695652173914,7.971014492753622,84.42028985507247,10.507246376811594,73.91304347826086
W00001113,228,47,27,20,181,21,160,20.614035087719298,11.842105263157894,8.771929824561402,79.3859649122807,9.210526315789473,70.17543859649122
W00001114,235,52,23,29,183,18,165,22.127659574468083,9.787234042553191,12.340425531914894,77.87234042553192,7.659574468085106,70.2127659574468
W00001115,330,73,39,34,257,15,242,22.12121212121212,11.818181818181818,10.303030303030303,77.87878787878788,4.545454545454546,73.33333333333333
W00001116,187,72,42,30,115,7,108,38.50267379679144,22.459893048128343,16.042780748663102,61.49732620320856,3.7433155080213902,57.75401069518716
W00001117,210,64,28,36,146,14,132,30.476190476190478,13.333333333333334,17.142857142857142,69.52380952380952,6.666666666666667,62.857142857142854
W00001118,297,52,21,31,245,15,230,17.50841750841751,7.07070707070707,10.437710437710438,82.49158249158249,5.05050505050505,77.44107744107744
W00001119,368,82,38,44,286,26,260,22.282608695652172,10.326086956521738,11.956521739130435,77.71739130434783,7.065217391304348,70.65217391304348
W00001120,289,75,30,45,214,17,197,25.951557093425603,10.380622837370241,15.570934256055363,74.0484429065744,5.88235294117647,68.16608996539793
W00001121,256,56,22,34,200,25,175,21.875,8.59375,13.28125,78.125,9.765625,68.359375
W00001122,424,97,47,50,327,40,287,22.87735849056604,11.084905660377359,11.79245283018868,77.12264150943396,9.433962264150944,67.68867924528303
W00001123,470,88,34,54,382,32,350,18.72340425531915,7.234042553191489,11.48936170212766,81.27659574468085,6.808510638297872,74.46808510638297
W00001124,310,48,17,31,262,10,252,15.483870967741936,5.483870967741936,10,84.51612903225806,3.225806451612903,81.29032258064515
W00001125,246,79,41,38,167,14,153,32.113821138211385,16.666666666666664,15.447154471544716,67.88617886178862,5.691056910569105,62.19512195121951
W00001126,249,45,17,28,204,23,181,18.072289156626507,6.827309236947792,11.244979919678714,81.92771084337349,9.236947791164658,72.69076305220884
W00001127,230,34,16,18,196,14,182,14.782608695652174,6.956521739130435,7.82608695652174,85.21739130434783,6.086956521739131,79.13043478260869
W00001128,294,52,17,35,242,19,223,17.687074829931973,5.782312925170068,11.904761904761903,82.31292517006803,6.462585034013606,75.85034013605441
W00001129,326,58,18,40,268,26,242,17.791411042944784,5.521472392638037,12.269938650306749,82.20858895705521,7.975460122699387,74.23312883435584
W00001130,319,76,36,40,243,15,228,23.824451410658305,11.285266457680251,12.539184952978054,76.17554858934169,4.702194357366771,71.47335423197492
W00001131,315,47,20,27,268,27,241,14.920634920634921,6.349206349206349,8.571428571428571,85.07936507936508,8.571428571428571,76.5079365079365
W00001132,274,82,45,37,192,18,174,29.927007299270077,16.423357664233578,13.503649635036496,70.07299270072993,6.569343065693431,63.503649635036496
W00001133,374,56,30,26,318,31,287,14.973262032085561,8.0213903743315509,6.951871657754011,85.02673796791443,8.288770053475936,76.7379679144385
W00001134,270,77,33,44,193,17,176,28.51851851851852,12.222222222222221,16.296296296296298,71.48148148148148,6.296296296296296,65.18518518518519
W00001135,220,72,37,35,148,14,134,32.72727272727273,16.818181818181817,15.909090909090908,67.27272727272727,6.363636363636363,60.909090909090914
W00001136,294,74,40,34,220,14,206,25.170068027210885,13.60544217687075,11.564625850340136,74.82993197278913,4.761904761904762,70.06802721088435
W00001137,254,84,45,39,170,8,162,33.07086614173229,17.716535433070867,15.354330708661418,66.92913385826772,3.149606299212598,63.77952755905512
W00001138,288,75,39,36,213,14,199,26.041666666666668,13.541666666666666,12.5,73.95833333333334,4.861111111111112,69.09722222222221
W00001139,308,51,29,22,257,14,243,16.558441558441558,9.415584415584416,7.142857142857142,83.44155844155844,4.545454545454546,78.8961038961039
W00001140,254,63,27,36,191,17,174,24.803149606299215,10.62992125984252,14.173228346456693,75.19685039370079,6.692913385826772,68.50393700787401
W00001141,304,102,65,37,202,15,187,33.55263157894737,21.38157894736842,12.171052631578947,66.44736842105263,4.934210526315789,61.51315789473685
W00001142,247,56,28,28,191,9,182,22.672064777327936,11.336032388663968,11.336032388663968,77.32793522267207,3.643724696356275,73.68421052631578
W00001143,334,83,47,36,251,21,230,24.850299401197603,14.071856287425149,10.778443113772456,75.1497005988024,6.287425149700598,68.8622754491018
W00001144,261,54,22,32,207,10,197,20.689655172413794,8.42911877394636,12.260536398467432,79.3103448275862,3.8314176245210727,75.47892720306514
W00001145,213,66,31,35,147,20,127,30.985915492957744,14.553990610328638,16.431924882629108,69.01408450704226,9.389671361502346,59.624413145539904
W00001146,308,123,79,44,185,19,166,39.935064935064936,25.649350649350648,14.285714285714285,60.064935064935064,6.1688311688311686,53.896103896103895
W00001147,307,72,24,48,235,14,221,23.452768729641694,7.81758957654723,15.63517915309446,76.54723127035831,4.5602605863192185,71.9869706840391
W00001148,291,79,22,57,212,13,199,27.147766323024054,7.560137457044673,19.587628865979383,72.85223367697594,4.4673539518900345,68.38487972508591
W00001149,248,65,39,26,183,15,168,26.209677419354836,15.725806451612904,10.483870967741936,73.79032258064517,6.048387096774194,67.74193548387096
W00001150,300,64,37,27,236,26,210,21.333333333333336,12.333333333333334,9,78.66666666666666,8.666666666666668,70
W00001151,267,55,31,24,212,20,192,20.59925093632959,11.610486891385769,8.98876404494382,79.40074906367042,7.490636704119851,71.91011235955057
W00001152,315,78,44,34,237,22,215,24.761904761904763,13.968253968253968,10.793650793650794,75.23809523809524,6.984126984126984,68.25396825396825
W00001153,205,63,32,31,142,5,137,30.73170731707317,15.609756097560975,15.121951219512194,69.26829268292683,2.4390243902439024,66.82926829268293
W00001154,323,64,30,34,259,22,237,19.814241486068113,9.287925696594428,10.526315789473683,80.18575851393189,6.811145510835913,73.37461300309597
W00001155,269,73,35,38,196,17,179,27.137546468401485,13.011152416356877,14.12639405204461,72.86245353159852,6.319702602230483,66.54275092936803
W00001156,304,68,34,34,236,18,218,22.36842105263158,11.18421052631579,11.18421052631579,77.63157894736842,5.921052631578947,71.71052631578947
W00001157,268,71,31,40,197,18,179,26.492537313432834,11.567164179104477,14.925373134328357,73.50746268656717,6.7164179104477615,66.7910447761194
W00001158,276,53,22,31,223,12,211,19.202898550724637,7.971014492753622,11.231884057971014,80.79710144927536,4.3478260869565215,76.44927536231883
W00001159,320,86,57,29,234,24,210,26.875,17.8125,9.0625,73.125,7.5,65.625
W00001160,274,42,12,30,232,16,216,15.328467153284672,4.37956204379562,10.948905109489052,84.67153284671532,5.839416058394161,78.83211678832117
W00001161,293,63,33,30,230,13,217,21.501706484641637,11.262798634812286,10.238907849829351,78.49829351535837,4.436860068259386,74.06143344709898
W00001162,226,71,36,35,155,16,139,31.41592920353982,15.929203539823009,15.486725663716813,68.58407079646017,7.079646017699115,61.504424778761056
W00001163,203,87,47,40,116,11,105,42.857142857142854,23.15270935960591,19.704433497536947,57.14285714285714,5.41871921182266,51.724137931034484
W00001164,232,47,24,23,185,22,163,20.25862068965517,10.344827586206897,9.913793103448276,79.74137931034483,9.482758620689655,70.25862068965517
W00001166,291,65,27,38,226,26,200,22.336769759450174,9.278350515463918,13.058419243986256,77.66323024054984,8.934707903780069,68.72852233676976
W00001167,254,83,45,38,171,13,158,32.677165354330704,17.716535433070867,14.960629921259844,67.32283464566929,5.118110236220472,62.20472440944882
W00001168,224,67,36,31,157,12,145,29.910714285714285,16.071428571428573,13.839285714285715,70.08928571428571,5.357142857142857,64.73214285714286
W00001169,266,72,29,43,194,13,181,27.06766917293233,10.902255639097744,16.165413533834585,72.93233082706767,4.887218045112782,68.04511278195488
W00001170,266,65,30,35,201,19,182,24.43609022556391,11.278195488721805,13.157894736842104,75.56390977443608,7.142857142857142,68.42105263157895
W00001171,229,86,43,43,143,15,128,37.55458515283843,18.777292576419214,18.777292576419214,62.44541484716157,6.550218340611353,55.895196506550214
W00001172,231,86,40,46,145,16,129,37.22943722943723,17.316017316017316,19.913419913419915,62.77056277056276,6.926406926406926,55.84415584415584
W00001173,544,126,51,75,418,34,384,23.161764705882355,9.375,13.786764705882353,76.83823529411765,6.25,70.58823529411765
W00001174,261,80,31,49,181,15,166,30.65134099616858,11.877394636015326,18.773946360153257,69.34865900383141,5.747126436781609,63.601532567049816
W00001175,242,60,31,29,182,18,164,24.793388429752067,12.8099173553719,11.983471074380166,75.20661157024794,7.43801652892562,67.76859504132231
W00001176,326,84,44,40,242,17,225,25.766871165644172,13.496932515337424,12.269938650306749,74.23312883435584,5.214723926380368,69.01840490797547
W00001177,303,58,26,32,245,27,218,19.141914191419144,8.58085808580858,10.561056105610561,80.85808580858085,8.91089108910891,71.94719471947195
W00001178,243,71,33,38,172,18,154,29.218106995884774,13.580246913580247,15.637860082304528,70.78189300411523,7.4074074074074066,63.37448559670782
W00001179,211,71,36,35,140,20,120,33.649289099526065,17.061611374407583,16.587677725118482,66.35071090047393,9.47867298578199,56.872037914691944
W00001180,245,63,24,39,182,15,167,25.71428571428571,9.795918367346939,15.918367346938775,74.28571428571429,6.122448979591836,68.16326530612244
W00001181,277,64,28,36,213,17,196,23.104693140794225,10.108303249097473,12.996389891696749,76.89530685920577,6.137184115523466,70.7581227436823
W00001182,253,59,30,29,194,12,182,23.3201581027668,11.857707509881422,11.462450592885375,76.6798418972332,4.743083003952568,71.93675889328063
W00001183,238,62,32,30,176,20,156,26.05042016806723,13.445378151260504,12.605042016806722,73.94957983193278,8.403361344537815,65.54621848739495
W00001184,216,50,22,28,166,14,152,23.14814814814815,10.185185185185185,12.962962962962962,76.85185185185185,6.481481481481481,70.37037037037037
W00001185,355,70,29,41,285,21,264,19.718309859154928,8.169014084507042,11.549295774647888,80.28169014084507,5.915492957746479,74.36619718309859
W00001186,218,50,24,26,168,11,157,22.93577981651376,11.009174311926607,11.926605504587156,77.06422018348624,5.045871559633028,72.01834862385321
W00001187,264,48,19,29,216,22,194,18.181818181818183,7.196969696969697,10.984848484848484,81.81818181818183,8.333333333333332,73.48484848484848
W00001188,182,51,26,25,131,14,117,28.021978021978022,14.285714285714285,13.736263736263737,71.97802197802197,7.6923076923076925,64.28571428571429
W00001189,169,53,26,27,116,16,100,31.360946745562128,15.384615384615385,15.976331360946746,68.63905325443787,9.467455621301776,59.171597633136095
W00001190,244,75,34,41,169,15,154,30.737704918032787,13.934426229508196,16.80327868852459,69.26229508196722,6.147540983606557,63.114754098360656
W00001191,286,66,28,38,220,23,197,23.076923076923077,9.79020979020979,13.286713286713287,76.92307692307693,8.041958041958042,68.88111888111888
W00001192,223,70,33,37,153,14,139,31.390134529147986,14.798206278026907,16.591928251121075,68.60986547085201,6.278026905829597,62.33183856502242
W00001193,211,69,30,39,142,11,131,32.70142180094787,14.218009478672986,18.48341232227488,67.29857819905213,5.213270142180095,62.08530805687204
W00001194,294,51,17,34,243,15,228,17.346938775510203,5.782312925170068,11.564625850340136,82.6530612244898,5.1020408163265305,77.55102040816327
W00001195,317,44,18,26,273,30,243,13.880126182965299,5.678233438485805,8.201892744479496,86.1198738170347,9.46372239747634,76.65615141955836
W00001196,238,61,19,42,177,19,158,25.630252100840334,7.9831932773109235,17.647058823529413,74.36974789915966,7.9831932773109235,66.38655462184873
W00001197,223,56,34,22,167,22,145,25.112107623318387,15.246636771300448,9.865470852017937,74.88789237668162,9.865470852017937,65.02242152466367
W00001198,331,71,27,44,260,23,237,21.45015105740181,8.157099697885197,13.293051359516618,78.54984894259819,6.948640483383686,71.6012084592145
W00001199,227,48,9,39,179,18,161,21.145374449339208,3.9647577092511015,17.180616740088105,78.8546255506608,7.929515418502203,70.92511013215858
W00001200,216,76,37,39,140,14,126,35.18518518518518,17.12962962962963,18.055555555555554,64.81481481481481,6.481481481481481,58.333333333333336
W00001201,222,45,22,23,177,13,164,20.27027027027027,9.90990990990991,10.36036036036036,79.72972972972973,5.8558558558558556,73.87387387387388
W00001202,345,77,40,37,268,17,251,22.318840579710145,11.594202898550725,10.72463768115942,77.68115942028986,4.9275362318840585,72.7536231884058
W00001203,496,79,30,49,417,24,393,15.92741935483871,6.048387096774194,9.879032258064516,84.07258064516128,4.838709677419355,79.23387096774194
W00001204,443,74,35,39,369,26,343,16.70428893905192,7.900677200902935,8.803611738148984,83.29571106094808,5.8690744920993225,77.42663656884876
W00001205,209,58,30,28,151,23,128,27.751196172248804,14.354066985645932,13.397129186602871,72.24880382775119,11.004784688995215,61.24401913875598
W00001206,224,63,20,43,161,15,146,28.125,8.928571428571429,19.196428571428573,71.875,6.696428571428571,65.17857142857143
W00001207,282,61,26,35,221,19,202,21.631205673758867,9.219858156028367,12.411347517730496,78.36879432624113,6.73758865248227,71.63120567375887
W00001208,223,63,31,32,160,12,148,28.251121076233183,13.901345291479823,14.349775784753364,71.74887892376681,5.381165919282512,66.3677130044843
W00001209,206,76,44,32,130,27,103,36.89320388349515,21.35922330097087,15.53398058252427,63.10679611650486,13.106796116504855,50
W00001210,231,73,32,41,158,14,144,31.601731601731604,13.852813852813853,17.74891774891775,68.3982683982684,6.0606060606060606,62.33766233766234
W00001211,120,40,21,19,80,7,73,33.33333333333333,17.5,15.833333333333332,66.66666666666666,5.833333333333333,60.83333333333333
W00001212,561,233,125,108,328,35,293,41.53297682709447,22.281639928698752,19.25133689839572,58.46702317290553,6.23885918003565,52.22816399286988
W00001213,381,148,96,52,233,24,209,38.84514435695538,25.196850393700785,13.648293963254593,61.15485564304461,6.299212598425196,54.85564304461942
W00001214,315,44,13,31,271,25,246,13.968253968253968,4.1269841269841265,9.841269841269842,86.03174603174604,7.936507936507936,78.0952380952381
W00001215,429,203,152,51,226,20,206,47.31934731934732,35.43123543123543,11.888111888111888,52.680652680652685,4.662004662004662,48.01864801864802
W00001216,302,66,27,39,236,25,211,21.85430463576159,8.940397350993377,12.91390728476821,78.1456953642384,8.27814569536424,69.86754966887418
W00001217,250,76,40,36,174,14,160,30.4,16,14.399999999999999,69.6,5.6000000000000005,64
W00001218,225,75,45,30,150,12,138,33.33333333333333,20,13.333333333333334,66.66666666666666,5.333333333333334,61.33333333333333
W00001219,193,67,38,29,126,14,112,34.715025906735754,19.689119170984455,15.025906735751295,65.28497409326425,7.253886010362693,58.03108808290155
W00001220,293,78,45,33,215,15,200,26.621160409556317,15.358361774744028,11.262798634812286,73.37883959044369,5.1194539249146755,68.25938566552901
W00001221,256,81,43,38,175,11,164,31.640625,16.796875,14.84375,68.359375,4.296875,64.0625
W00001222,273,85,42,43,188,23,165,31.135531135531135,15.384615384615385,15.75091575091575,68.86446886446886,8.424908424908425,60.43956043956044
W00001223,315,66,30,36,249,26,223,20.952380952380953,9.523809523809524,11.428571428571429,79.04761904761905,8.253968253968253,70.7936507936508
W00001224,295,88,55,33,207,14,193,29.830508474576273,18.64406779661017,11.186440677966102,70.16949152542374,4.745762711864407,65.42372881355932
W00001225,248,50,31,19,198,9,189,20.161290322580644,12.5,7.661290322580645,79.83870967741935,3.6290322580645165,76.20967741935483
W00001226,247,89,38,51,158,14,144,36.032388663967616,15.384615384615385,20.647773279352226,63.96761133603239,5.668016194331984,58.2995951417004
W00001227,248,59,29,30,189,27,162,23.790322580645164,11.693548387096774,12.096774193548388,76.20967741935483,10.887096774193548,65.32258064516128
W00001228,258,74,40,34,184,22,162,28.68217054263566,15.503875968992247,13.178294573643413,71.31782945736434,8.527131782945736,62.7906976744186
W00001229,274,79,39,40,195,22,173,28.832116788321166,14.233576642335766,14.5985401459854,71.16788321167883,8.02919708029197,63.138686131386855
W00001230,262,77,37,40,185,15,170,29.389312977099237,14.122137404580155,15.267175572519085,70.61068702290076,5.7251908396946565,64.8854961832061
W00001231,317,79,26,53,238,17,221,24.9211356466877,8.201892744479496,16.7192429022082,75.0788643533123,5.3627760252365935,69.71608832807571
W00001232,262,69,29,40,193,15,178,26.33587786259542,11.068702290076336,15.267175572519085,73.66412213740458,5.7251908396946565,67.93893129770993
W00001233,206,58,29,29,148,13,135,28.155339805825243,14.077669902912621,14.077669902912621,71.84466019417476,6.310679611650485,65.53398058252428
W00001234,233,67,38,29,166,15,151,28.75536480686695,16.30901287553648,12.446351931330472,71.24463519313305,6.437768240343347,64.8068669527897
W00001235,267,61,27,34,206,19,187,22.846441947565545,10.112359550561797,12.734082397003746,77.15355805243446,7.116104868913857,70.0374531835206
W00001236,352,80,36,44,272,18,254,22.727272727272727,10.227272727272728,12.5,77.27272727272727,5.113636363636364,72.1590909090909
W00001237,282,104,66,38,178,9,169,36.87943262411347,23.404255319148938,13.47517730496454,63.12056737588653,3.1914893617021276,59.9290780141844
W00001238,378,85,33,52,293,32,261,22.486772486772484,8.73015873015873,13.756613756613756,77.5132275132275,8.465608465608465,69.04761904761905
W00001239,353,73,24,49,280,20,260,20.679886685552407,6.79886685552408,13.881019830028329,79.3201133144476,5.6657223796034,73.65439093484419
W00001240,328,52,24,28,276,16,260,15.853658536585366,7.317073170731707,8.536585365853659,84.14634146341463,4.878048780487805,79.26829268292683
W00001241,242,58,24,34,184,10,174,23.96694214876033,9.917355371900827,14.049586776859504,76.03305785123968,4.132231404958678,71.900826446281
W00001242,324,83,51,32,241,19,222,25.617283950617285,15.74074074074074,9.876543209876543,74.38271604938271,5.864197530864197,68.51851851851852
W00001243,274,61,27,34,213,20,193,22.26277372262774,9.854014598540147,12.408759124087592,77.73722627737226,7.2992700729927,70.43795620437956
W00001244,254,77,37,40,177,13,164,30.314960629921263,14.566929133858267,15.748031496062993,69.68503937007874,5.118110236220472,64.56692913385827
W00001245,251,60,28,32,191,20,171,23.904382470119522,11.155378486055776,12.749003984063744,76.09561752988047,7.968127490039841,68.12749003984064
W00001246,306,78,29,49,228,21,207,25.49019607843137,9.477124183006536,16.013071895424837,74.50980392156863,6.862745098039216,67.64705882352942
W00001247,209,66,40,26,143,12,131,31.57894736842105,19.138755980861244,12.440191387559809,68.42105263157895,5.741626794258373,62.67942583732058
W00001248,208,64,32,32,144,5,139,30.76923076923077,15.384615384615385,15.384615384615385,69.23076923076923,2.403846153846154,66.82692307692307
W00001249,367,70,33,37,297,34,263,19.07356948228883,8.991825613079019,10.08174386920981,80.92643051771117,9.264305177111716,71.66212534059946
W00001250,351,60,29,31,291,27,264,17.094017094017094,8.262108262108262,8.831908831908832,82.90598290598291,7.6923076923076925,75.21367521367522
W00001251,237,48,26,22,189,23,166,20.253164556962027,10.970464135021098,9.282700421940929,79.74683544303798,9.70464135021097,70.042194092827
W00001252,238,56,23,33,182,18,164,23.52941176470588,9.663865546218489,13.865546218487395,76.47058823529412,7.563025210084033,68.90756302521008
W00001253,495,131,74,57,364,30,334,26.464646464646464,14.949494949494948,11.515151515151516,73.53535353535354,6.0606060606060606,67.47474747474747
W00001255,310,51,25,26,259,25,234,16.451612903225808,8.064516129032258,8.38709677419355,83.54838709677419,8.064516129032258,75.48387096774194
W00001256,271,68,35,33,203,21,182,25.092250922509223,12.915129151291513,12.177121771217712,74.90774907749078,7.7490774907749085,67.15867158671587
W00001257,280,68,42,26,212,16,196,24.285714285714285,15,9.285714285714286,75.71428571428571,5.714285714285714,70
W00001258,301,60,31,29,241,24,217,19.93355481727575,10.299003322259136,9.634551495016613,80.06644518272425,7.973421926910299,72.09302325581395
W00001259,253,63,25,38,190,12,178,24.90118577075099,9.881422924901186,15.019762845849801,75.09881422924902,4.743083003952568,70.35573122529645
W00001260,343,84,51,33,259,18,241,24.489795918367346,14.868804664723031,9.620991253644315,75.51020408163265,5.247813411078718,70.26239067055393
W00001261,311,83,48,35,228,8,220,26.688102893890676,15.434083601286176,11.254019292604502,73.31189710610933,2.572347266881029,70.7395498392283
W00001262,351,83,42,41,268,23,245,23.646723646723647,11.965811965811966,11.68091168091168,76.35327635327636,6.552706552706552,69.8005698005698
W00001263,295,86,53,33,209,17,192,29.152542372881356,17.966101694915253,11.186440677966102,70.84745762711864,5.762711864406779,65.08474576271186
W00001264,301,100,52,48,201,15,186,33.222591362126245,17.275747508305646,15.946843853820598,66.77740863787376,4.983388704318937,61.79401993355482
W00001265,359,93,37,56,266,19,247,25.90529247910863,10.30640668523677,15.598885793871867,74.09470752089136,5.2924791086350975,68.80222841225627
W00001266,397,76,37,39,321,31,290,19.143576826196472,9.319899244332493,9.82367758186398,80.85642317380352,7.8085642317380355,73.04785894206549
W00001267,343,68,26,42,275,25,250,19.825072886297377,7.580174927113703,12.244897959183673,80.17492711370262,7.288629737609329,72.8862973760933
W00001268,304,78,38,40,226,25,201,25.657894736842106,12.5,13.157894736842104,74.3421052631579,8.223684210526317,66.11842105263158
W00001269,400,68,34,34,332,18,314,17,8.5,8.5,83,4.5,78.5
W00001270,291,90,47,43,201,7,194,30.927835051546392,16.151202749140893,14.776632302405499,69.0721649484536,2.405498281786942,66.66666666666666
W00001271,359,114,69,45,245,11,234,31.75487465181058,19.220055710306408,12.534818941504177,68.24512534818942,3.064066852367688,65.18105849582173
W00001272,293,89,46,43,204,14,190,30.37542662116041,15.699658703071673,14.675767918088736,69.6245733788396,4.778156996587031,64.84641638225256
W00001273,337,97,51,46,240,24,216,28.783382789317507,15.133531157270031,13.649851632047477,71.2166172106825,7.121661721068249,64.09495548961425
W00001274,392,105,57,48,287,13,274,26.785714285714285,14.540816326530612,12.244897959183673,73.21428571428571,3.316326530612245,69.89795918367348
W00001275,318,98,56,42,220,15,205,30.81761006289308,17.61006289308176,13.20754716981132,69.18238993710692,4.716981132075472,64.46540880503144
W00001276,373,117,71,46,256,12,244,31.36729222520107,19.034852546916888,12.332439678284182,68.63270777479893,3.2171581769436997,65.41554959785523
W00001277,453,148,78,70,305,24,281,32.671081677704194,17.218543046357617,15.45253863134658,67.3289183222958,5.298013245033113,62.03090507726269
W00001278,134,57,33,24,77,7,70,42.53731343283582,24.62686567164179,17.91044776119403,57.46268656716418,5.223880597014925,52.23880597014925
W00001279,330,105,51,54,225,13,212,31.818181818181817,15.454545454545453,16.363636363636363,68.18181818181817,3.939393939393939,64.24242424242425
W00001280,341,128,68,60,213,18,195,37.5366568914956,19.941348973607038,17.595307917888565,62.4633431085044,5.278592375366569,57.18475073313783
W00001281,215,101,34,67,114,6,108,46.97674418604651,15.813953488372093,31.16279069767442,53.02325581395348,2.7906976744186047,50.23255813953489
W00001282,206,100,40,60,106,8,98,48.54368932038835,19.41747572815534,29.126213592233007,51.45631067961165,3.8834951456310676,47.57281553398058
W00001283,438,173,88,85,265,16,249,39.49771689497717,20.091324200913242,19.406392694063925,60.50228310502283,3.65296803652968,56.849315068493155
W00001284,340,98,57,41,242,14,228,28.823529411764703,16.76470588235294,12.058823529411764,71.17647058823529,4.117647058823529,67.05882352941175
W00001285,272,83,38,45,189,16,173,30.514705882352942,13.970588235294118,16.544117647058822,69.48529411764706,5.88235294117647,63.60294117647059
W00001286,384,128,64,64,256,16,240,33.33333333333333,16.666666666666664,16.666666666666664,66.66666666666666,4.166666666666666,62.5
W00001287,477,148,76,72,329,32,297,31.027253668763105,15.932914046121594,15.09433962264151,68.9727463312369,6.7085953878406714,62.264150943396224
W00001288,373,87,44,43,286,11,275,23.324396782841823,11.796246648793565,11.528150134048257,76.67560321715817,2.949061662198391,73.7265415549598
W00001289,349,102,59,43,247,25,222,29.22636103151863,16.9054441260745,12.320916905444127,70.77363896848138,7.163323782234957,63.61031518624641
W00001290,312,93,51,42,219,12,207,29.807692307692307,16.346153846153847,13.461538461538462,70.1923076923077,3.8461538461538463,66.34615384615384
W00001291,409,151,85,66,258,27,231,36.91931540342298,20.78239608801956,16.13691931540342,63.08068459657702,6.601466992665037,56.47921760391198
W00001292,172,60,28,32,112,10,102,34.883720930232556,16.27906976744186,18.6046511627907,65.11627906976744,5.813953488372093,59.30232558139535
W00001293,159,56,36,20,103,5,98,35.22012578616352,22.641509433962266,12.578616352201259,64.77987421383648,3.1446540880503147,61.63522012578616
W00001294,265,39,15,24,226,19,207,14.716981132075471,5.660377358490567,9.056603773584905,85.28301886792453,7.169811320754717,78.11320754716982
W00001295,287,62,31,31,225,15,210,21.602787456445995,10.801393728222997,10.801393728222997,78.397212543554,5.2264808362369335,73.17073170731707
W00001296,278,66,29,37,212,17,195,23.741007194244602,10.431654676258994,13.309352517985612,76.2589928057554,6.115107913669065,70.14388489208633
W00001297,227,66,30,36,161,10,151,29.074889867841406,13.215859030837004,15.859030837004406,70.92511013215858,4.405286343612335,66.51982378854625
W00001298,250,67,33,34,183,14,169,26.8,13.200000000000001,13.600000000000001,73.2,5.6000000000000005,67.60000000000001
W00001299,248,63,37,26,185,21,164,25.403225806451612,14.919354838709678,10.483870967741936,74.59677419354838,8.46774193548387,66.12903225806451
W00001300,241,60,28,32,181,26,155,24.896265560165975,11.618257261410788,13.278008298755188,75.10373443983403,10.78838174273859,64.31535269709543
W00001301,353,46,18,28,307,22,285,13.031161473087819,5.099150141643059,7.932011331444759,86.96883852691218,6.232294617563739,80.73654390934844
W00001302,281,52,20,32,229,19,210,18.505338078291814,7.11743772241993,11.387900355871885,81.49466192170819,6.761565836298933,74.73309608540926
W00001303,291,49,22,27,242,12,230,16.83848797250859,7.560137457044673,9.278350515463918,83.16151202749141,4.123711340206185,79.03780068728523
W00001304,282,46,18,28,236,25,211,16.312056737588655,6.382978723404255,9.929078014184398,83.68794326241135,8.865248226950355,74.822695035461
W00001305,202,31,10,21,171,22,149,15.346534653465346,4.9504950495049505,10.396039603960396,84.65346534653465,10.891089108910892,73.76237623762376
W00001306,298,42,19,23,256,28,228,14.093959731543624,6.375838926174497,7.718120805369128,85.90604026845638,9.395973154362416,76.51006711409396
W00001307,266,45,14,31,221,14,207,16.917293233082706,5.263157894736842,11.654135338345863,83.0827067669173,5.263157894736842,77.81954887218046
W00001308,274,49,14,35,225,20,205,17.88321167883212,5.109489051094891,12.773722627737227,82.11678832116789,7.2992700729927,74.81751824817519
W00001309,296,34,12,22,262,22,240,11.486486486486488,4.054054054054054,7.4324324324324325,88.51351351351352,7.4324324324324325,81.08108108108108
W00001311,364,73,30,43,291,26,265,20.054945054945055,8.241758241758241,11.813186813186812,79.94505494505495,7.142857142857142,72.8021978021978
W00001312,316,61,29,32,255,27,228,19.303797468354432,9.177215189873419,10.126582278481013,80.69620253164557,8.544303797468354,72.15189873417721
W00001313,210,70,41,29,140,18,122,33.33333333333333,19.523809523809526,13.80952380952381,66.66666666666666,8.571428571428571,58.0952380952381
W00001314,435,64,30,34,371,24,347,14.71264367816092,6.896551724137931,7.816091954022989,85.28735632183908,5.517241379310345,79.77011494252874
W00001315,310,42,14,28,268,21,247,13.548387096774196,4.516129032258064,9.032258064516128,86.45161290322581,6.774193548387098,79.6774193548387
W00001316,240,55,31,24,185,18,167,22.916666666666664,12.916666666666668,10,77.08333333333334,7.5,69.58333333333333
W00001317,337,65,25,40,272,26,246,19.287833827893174,7.418397626112759,11.869436201780417,80.71216617210682,7.71513353115727,72.99703264094956
W00001318,312,69,35,34,243,28,215,22.115384615384613,11.217948717948719,10.897435897435898,77.88461538461539,8.974358974358974,68.91025641025641
W00001319,277,55,28,27,222,15,207,19.855595667870034,10.108303249097473,9.747292418772563,80.14440433212997,5.415162454873646,74.72924187725631
W00001320,232,66,33,33,166,25,141,28.448275862068968,14.224137931034484,14.224137931034484,71.55172413793103,10.775862068965516,60.775862068965516
W00001321,220,61,32,29,159,14,145,27.727272727272727,14.545454545454545,13.18181818181818,72.27272727272728,6.363636363636363,65.9090909090909
W00001322,255,77,39,38,178,11,167,30.19607843137255,15.294117647058824,14.901960784313726,69.80392156862744,4.313725490196078,65.49019607843137
W00001323,295,75,39,36,220,26,194,25.423728813559322,13.220338983050848,12.203389830508476,74.57627118644068,8.813559322033898,65.76271186440678
W00001324,359,79,39,40,280,37,243,22.00557103064067,10.86350974930362,11.142061281337048,77.99442896935933,10.30640668523677,67.68802228412257
W00001325,358,82,35,47,276,25,251,22.905027932960895,9.776536312849162,13.128491620111731,77.09497206703911,6.983240223463687,70.11173184357543
W00001326,249,71,29,42,178,24,154,28.514056224899598,11.646586345381527,16.867469879518072,71.4859437751004,9.63855421686747,61.84738955823293
W00001327,281,85,44,41,196,22,174,30.2491103202847,15.658362989323843,14.590747330960854,69.7508896797153,7.829181494661921,61.92170818505338
W00001328,313,91,45,46,222,19,203,29.073482428115017,14.376996805111823,14.696485623003195,70.92651757188499,6.070287539936102,64.85623003194888
W00001329,356,118,79,39,238,15,223,33.146067415730336,22.191011235955056,10.955056179775282,66.85393258426966,4.213483146067416,62.64044943820225
W00001330,261,58,34,24,203,19,184,22.22222222222222,13.026819923371647,9.195402298850574,77.77777777777779,7.2796934865900385,70.49808429118774
W00001331,388,67,22,45,321,41,280,17.2680412371134,5.670103092783505,11.597938144329897,82.73195876288659,10.56701030927835,72.16494845360825
W00001332,344,43,21,22,301,31,270,12.5,6.104651162790697,6.395348837209303,87.5,9.011627906976743,78.48837209302324
W00001333,354,56,18,38,298,32,266,15.819209039548024,5.084745762711865,10.734463276836157,84.18079096045197,9.03954802259887,75.14124293785311
W00001334,336,58,13,45,278,22,256,17.261904761904763,3.869047619047619,13.392857142857142,82.73809523809523,6.547619047619048,76.19047619047619
W00001335,234,32,18,14,202,15,187,13.675213675213676,7.6923076923076925,5.982905982905983,86.32478632478633,6.41025641025641,79.91452991452992
W00010010,209,41,17,24,168,10,158,19.617224880382775,8.133971291866029,11.483253588516746,80.38277511961722,4.784688995215311,75.5980861244019
W00010011,271,38,12,26,233,22,211,14.022140221402212,4.428044280442804,9.59409594095941,85.97785977859779,8.118081180811808,77.85977859778598
W00010012,245,63,34,29,182,19,163,25.71428571428571,13.877551020408163,11.83673469387755,74.28571428571429,7.755102040816326,66.53061224489795
W00010013,313,68,26,42,245,14,231,21.72523961661342,8.30670926517572,13.418530351437699,78.27476038338658,4.472843450479233,73.80191693290735
W00010014,403,91,40,51,312,33,279,22.58064516129032,9.925558312655088,12.655086848635236,77.41935483870968,8.188585607940446,69.23076923076923
W00010015,271,57,28,29,214,24,190,21.033210332103323,10.33210332103321,10.70110701107011,78.96678966789668,8.856088560885608,70.11070110701108
W00010016,240,38,16,22,202,21,181,15.833333333333332,6.666666666666667,9.166666666666666,84.16666666666667,8.75,75.41666666666667
W00010457,484,56,24,32,428,28,400,11.570247933884298,4.958677685950414,6.6115702479338845,88.42975206611571,5.785123966942149,82.64462809917356
W00010458,331,58,20,38,273,23,250,17.522658610271904,6.042296072507553,11.48036253776435,82.4773413897281,6.948640483383686,75.52870090634441
W00010477,426,59,27,32,367,23,344,13.849765258215962,6.338028169014084,7.511737089201878,86.15023474178403,5.39906103286385,80.75117370892019
W00010480,109,35,21,14,74,7,67,32.11009174311927,19.26605504587156,12.844036697247708,67.88990825688074,6.422018348623854,61.46788990825688
W00010493,343,67,24,43,276,29,247,19.533527696793,6.997084548104956,12.536443148688047,80.466472303207,8.454810495626822,72.01166180758017
