OA,ts0590001,ts0590002,ts0590003,ts0590004,ts0590005,ts0590006,ts0590007,ts0590002_PCT,ts0590003_PCT,ts0590004_PCT,ts0590005_PCT,ts0590006_PCT,ts0590007_PCT
E00101076,158,47,18,29,111,99,12,29.746835443037973,11.39240506329114,18.354430379746837,70.25316455696202,62.65822784810127,7.59493670886076
E00101077,165,66,25,41,99,86,13,40,15.151515151515152,24.848484848484848,60,52.121212121212125,7.878787878787878
E00101078,147,46,10,36,101,87,14,31.292517006802722,6.802721088435375,24.489795918367346,68.70748299319727,59.183673469387756,9.523809523809524
E00101079,142,50,14,36,92,76,16,35.2112676056338,9.859154929577464,25.352112676056336,64.7887323943662,53.52112676056338,11.267605633802818
E00101080,171,60,17,43,111,101,10,35.08771929824561,9.941520467836257,25.146198830409354,64.91228070175438,59.06432748538012,5.847953216374268
E00101081,192,69,22,47,123,109,14,35.9375,11.458333333333332,24.479166666666664,64.0625,56.770833333333336,7.291666666666667
E00101082,139,40,12,28,99,85,14,28.776978417266186,8.633093525179856,20.14388489208633,71.22302158273382,61.15107913669065,10.071942446043165
E00101083,175,52,19,33,123,104,19,29.714285714285715,10.857142857142858,18.857142857142858,70.28571428571428,59.42857142857143,10.857142857142858
E00101084,123,33,8,25,90,79,11,26.82926829268293,6.504065040650407,20.32520325203252,73.17073170731707,64.22764227642277,8.94308943089431
E00101085,126,41,17,24,85,78,7,32.53968253968254,13.492063492063492,19.047619047619047,67.46031746031747,61.904761904761905,5.555555555555555
E00101086,190,50,13,37,140,120,20,26.31578947368421,6.842105263157896,19.473684210526315,73.68421052631578,63.1578947368421,10.526315789473683
E00101087,116,46,12,34,70,57,13,39.6551724137931,10.344827586206897,29.310344827586203,60.3448275862069,49.137931034482754,11.206896551724139
E00101088,110,35,4,31,75,66,9,31.818181818181817,3.6363636363636362,28.18181818181818,68.18181818181817,60,8.181818181818182
E00101089,90,31,9,22,59,49,10,34.44444444444444,10,24.444444444444443,65.55555555555556,54.44444444444444,11.11111111111111
E00101090,149,44,17,27,105,100,5,29.53020134228188,11.409395973154362,18.120805369127517,70.46979865771812,67.11409395973155,3.3557046979865772
E00101091,136,51,12,39,85,68,17,37.5,8.823529411764707,28.676470588235293,62.5,50,12.5
E00101092,113,36,7,29,77,68,9,31.858407079646017,6.1946902654867255,25.663716814159294,68.14159292035397,60.17699115044248,7.964601769911504
E00101093,146,49,17,32,97,86,11,33.56164383561644,11.643835616438356,21.91780821917808,66.43835616438356,58.9041095890411,7.534246575342466
E00101094,152,36,14,22,116,104,12,23.684210526315788,9.210526315789473,14.473684210526317,76.31578947368422,68.42105263157895,7.894736842105263
E00101095,188,46,16,30,142,121,21,24.46808510638298,8.51063829787234,15.957446808510639,75.53191489361703,64.36170212765957,11.170212765957446
E00101096,130,34,14,20,96,84,12,26.153846153846157,10.76923076923077,15.384615384615385,73.84615384615385,64.61538461538461,9.230769230769232
E00101097,153,26,7,19,127,109,18,16.99346405228758,4.57516339869281,12.418300653594772,83.00653594771242,71.24183006535948,11.76470588235294
E00101098,137,33,12,21,104,88,16,24.087591240875913,8.75912408759124,15.328467153284672,75.91240875912408,64.23357664233576,11.678832116788321
E00101099,154,46,8,38,108,93,15,29.87012987012987,5.194805194805195,24.675324675324674,70.12987012987013,60.3896103896104,9.740259740259742
E00101100,152,55,15,40,97,94,3,36.18421052631579,9.868421052631579,26.31578947368421,63.81578947368421,61.8421052631579,1.9736842105263157
E00101101,126,37,11,26,89,77,12,29.365079365079367,8.73015873015873,20.634920634920633,70.63492063492063,61.111111111111114,9.523809523809524
E00101102,146,46,17,29,100,86,14,31.506849315068493,11.643835616438356,19.863013698630137,68.4931506849315,58.9041095890411,9.58904109589041
E00101103,183,45,15,30,138,117,21,24.59016393442623,8.19672131147541,16.39344262295082,75.40983606557377,63.934426229508205,11.475409836065573
E00101104,163,39,13,26,124,112,12,23.92638036809816,7.975460122699387,15.950920245398773,76.07361963190185,68.71165644171779,7.361963190184049
E00101105,90,22,9,13,68,59,9,24.444444444444443,10,14.444444444444443,75.55555555555556,65.55555555555556,10
E00101106,158,57,11,46,101,92,9,36.075949367088604,6.962025316455696,29.11392405063291,63.92405063291139,58.22784810126582,5.69620253164557
E00101107,157,45,14,31,112,95,17,28.662420382165603,8.9171974522293,19.745222929936308,71.3375796178344,60.509554140127385,10.828025477707007
E00101108,185,66,23,43,119,101,18,35.67567567567568,12.432432432432433,23.243243243243246,64.32432432432432,54.59459459459459,9.72972972972973
E00101109,118,46,15,31,72,59,13,38.983050847457626,12.711864406779661,26.27118644067797,61.016949152542374,50,11.016949152542372
E00101110,164,63,22,41,101,88,13,38.41463414634146,13.414634146341465,25,61.58536585365854,53.65853658536586,7.926829268292683
E00101111,134,50,15,35,84,72,12,37.3134328358209,11.194029850746269,26.119402985074625,62.68656716417911,53.73134328358209,8.955223880597014
E00101112,109,44,7,37,65,58,7,40.36697247706422,6.422018348623854,33.94495412844037,59.63302752293578,53.21100917431193,6.422018348623854
E00101113,171,66,25,41,105,88,17,38.59649122807017,14.619883040935672,23.976608187134502,61.40350877192983,51.461988304093566,9.941520467836257
E00101114,141,46,15,31,95,87,8,32.62411347517731,10.638297872340425,21.98581560283688,67.37588652482269,61.702127659574465,5.673758865248227
E00101115,110,45,16,29,65,55,10,40.909090909090914,14.545454545454545,26.36363636363636,59.09090909090909,50,9.090909090909092
E00101116,191,57,12,45,134,115,19,29.84293193717277,6.282722513089005,23.56020942408377,70.15706806282722,60.20942408376963,9.947643979057592
E00101117,142,61,20,41,81,70,11,42.95774647887324,14.084507042253522,28.87323943661972,57.04225352112676,49.29577464788733,7.746478873239436
E00101118,116,42,6,36,74,66,8,36.206896551724135,5.172413793103448,31.03448275862069,63.793103448275865,56.896551724137936,6.896551724137931
E00101119,220,71,32,39,149,121,28,32.27272727272727,14.545454545454545,17.727272727272727,67.72727272727272,55.00000000000001,12.727272727272727
E00101120,163,52,20,32,111,96,15,31.901840490797547,12.269938650306749,19.631901840490798,68.09815950920245,58.895705521472394,9.202453987730062
E00101121,189,56,10,46,133,118,15,29.629629629629626,5.291005291005291,24.33862433862434,70.37037037037037,62.43386243386243,7.936507936507936
E00101122,131,47,11,36,84,76,8,35.87786259541985,8.396946564885496,27.480916030534353,64.12213740458014,58.01526717557252,6.106870229007633
E00101123,79,24,6,18,55,45,10,30.37974683544304,7.59493670886076,22.78481012658228,69.62025316455697,56.9620253164557,12.658227848101266
E00101124,119,83,66,17,36,30,6,69.74789915966386,55.46218487394958,14.285714285714285,30.252100840336134,25.210084033613445,5.042016806722689
E00101125,134,42,17,25,92,75,17,31.343283582089555,12.686567164179104,18.65671641791045,68.65671641791045,55.970149253731336,12.686567164179104
E00101126,156,72,35,37,84,62,22,46.15384615384615,22.435897435897438,23.717948717948715,53.84615384615385,39.743589743589745,14.102564102564102
E00101127,136,52,20,32,84,68,16,38.23529411764706,14.705882352941178,23.52941176470588,61.76470588235294,50,11.76470588235294
E00101129,81,24,5,19,57,51,6,29.629629629629626,6.172839506172839,23.456790123456788,70.37037037037037,62.96296296296296,7.4074074074074066
E00101130,161,93,61,32,68,58,10,57.7639751552795,37.88819875776397,19.875776397515526,42.2360248447205,36.024844720496894,6.211180124223603
E00101131,141,85,57,28,56,51,5,60.28368794326241,40.42553191489361,19.858156028368796,39.71631205673759,36.17021276595745,3.546099290780142
E00101132,151,69,45,24,82,65,17,45.6953642384106,29.80132450331126,15.894039735099339,54.3046357615894,43.04635761589404,11.258278145695364
E00101133,81,33,11,22,48,39,9,40.74074074074074,13.580246913580247,27.160493827160494,59.25925925925925,48.148148148148145,11.11111111111111
E00101134,167,39,6,33,128,115,13,23.353293413173652,3.592814371257485,19.760479041916167,76.64670658682635,68.8622754491018,7.784431137724551
E00101135,105,45,19,26,60,53,7,42.857142857142854,18.095238095238095,24.761904761904763,57.14285714285714,50.476190476190474,6.666666666666667
E00101136,146,47,14,33,99,88,11,32.19178082191781,9.58904109589041,22.602739726027394,67.8082191780822,60.273972602739725,7.534246575342466
E00101137,146,53,15,38,93,73,20,36.3013698630137,10.273972602739725,26.027397260273972,63.6986301369863,50,13.698630136986301
E00101138,141,51,19,32,90,83,7,36.17021276595745,13.47517730496454,22.69503546099291,63.829787234042556,58.86524822695035,4.964539007092199
E00101139,171,58,18,40,113,102,11,33.91812865497076,10.526315789473683,23.391812865497073,66.08187134502924,59.64912280701754,6.432748538011696
E00101140,178,58,14,44,120,104,16,32.58426966292135,7.865168539325842,24.719101123595504,67.41573033707866,58.42696629213483,8.98876404494382
E00101141,210,53,19,34,157,130,27,25.238095238095237,9.047619047619047,16.19047619047619,74.76190476190476,61.904761904761905,12.857142857142856
E00101142,161,34,8,26,127,108,19,21.11801242236025,4.968944099378882,16.149068322981368,78.88198757763976,67.08074534161491,11.801242236024844
E00101143,71,35,7,28,36,34,2,49.29577464788733,9.859154929577464,39.436619718309856,50.70422535211267,47.88732394366197,2.8169014084507045
E00101144,163,59,20,39,104,89,15,36.19631901840491,12.269938650306749,23.92638036809816,63.80368098159509,54.601226993865026,9.202453987730062
E00101145,149,48,14,34,101,84,17,32.21476510067114,9.395973154362416,22.818791946308725,67.78523489932886,56.375838926174495,11.409395973154362
E00101146,269,92,32,60,177,154,23,34.20074349442379,11.895910780669144,22.304832713754646,65.79925650557621,57.249070631970255,8.550185873605948
E00101147,133,46,17,29,87,78,9,34.58646616541353,12.781954887218044,21.804511278195488,65.41353383458647,58.64661654135338,6.7669172932330826
E00101148,329,111,30,81,218,196,22,33.73860182370821,9.118541033434651,24.620060790273556,66.26139817629179,59.57446808510638,6.68693009118541
E00101149,149,47,15,32,102,93,9,31.543624161073826,10.06711409395973,21.476510067114095,68.45637583892618,62.41610738255034,6.0402684563758395
E00101150,149,46,10,36,103,95,8,30.87248322147651,6.7114093959731544,24.161073825503358,69.12751677852349,63.758389261744966,5.369127516778524
E00101151,153,56,19,37,97,85,12,36.60130718954248,12.418300653594772,24.183006535947712,63.39869281045751,55.55555555555556,7.8431372549019605
E00101152,101,36,13,23,65,59,6,35.64356435643564,12.871287128712872,22.772277227722775,64.35643564356435,58.415841584158414,5.9405940594059405
E00101153,147,57,24,33,90,75,15,38.775510204081634,16.3265306122449,22.448979591836736,61.224489795918366,51.02040816326531,10.204081632653061
E00101154,162,53,18,35,109,93,16,32.71604938271605,11.11111111111111,21.604938271604937,67.28395061728395,57.407407407407405,9.876543209876543
E00101155,107,34,6,28,73,60,13,31.775700934579437,5.607476635514018,26.168224299065418,68.22429906542055,56.074766355140184,12.149532710280374
E00101156,150,30,7,23,120,100,20,20,4.666666666666667,15.333333333333332,80,66.66666666666666,13.333333333333334
E00101157,191,60,15,45,131,120,11,31.413612565445025,7.853403141361256,23.56020942408377,68.58638743455498,62.82722513089005,5.7591623036649215
E00101158,120,44,16,28,76,69,7,36.666666666666664,13.333333333333334,23.333333333333332,63.33333333333333,57.49999999999999,5.833333333333333
E00101159,121,42,14,28,79,71,8,34.710743801652896,11.570247933884298,23.140495867768596,65.28925619834712,58.67768595041323,6.6115702479338845
E00101160,135,50,8,42,85,76,9,37.03703703703704,5.9259259259259265,31.11111111111111,62.96296296296296,56.2962962962963,6.666666666666667
E00101161,115,41,10,31,74,66,8,35.65217391304348,8.695652173913043,26.956521739130434,64.34782608695652,57.391304347826086,6.956521739130435
E00101162,112,44,11,33,68,58,10,39.285714285714285,9.821428571428571,29.464285714285715,60.71428571428571,51.78571428571429,8.928571428571429
E00101163,122,63,41,22,59,53,6,51.63934426229508,33.60655737704918,18.0327868852459,48.36065573770492,43.44262295081967,4.918032786885246
E00101164,160,36,15,21,124,106,18,22.5,9.375,13.125,77.5,66.25,11.25
E00101165,191,49,16,33,142,126,16,25.654450261780106,8.37696335078534,17.277486910994764,74.3455497382199,65.96858638743456,8.37696335078534
E00101166,147,51,12,39,96,87,9,34.69387755102041,8.16326530612245,26.53061224489796,65.3061224489796,59.183673469387756,6.122448979591836
E00101167,145,48,15,33,97,82,15,33.10344827586207,10.344827586206897,22.758620689655174,66.89655172413794,56.55172413793104,10.344827586206897
E00101168,192,47,18,29,145,131,14,24.479166666666664,9.375,15.104166666666666,75.52083333333334,68.22916666666666,7.291666666666667
E00101169,179,54,16,38,125,109,16,30.16759776536313,8.938547486033519,21.22905027932961,69.83240223463687,60.893854748603346,8.938547486033519
E00101170,185,48,10,38,137,122,15,25.945945945945947,5.405405405405405,20.54054054054054,74.05405405405405,65.94594594594595,8.108108108108109
E00101171,167,39,10,29,128,117,11,23.353293413173652,5.9880239520958085,17.365269461077844,76.64670658682635,70.05988023952095,6.58682634730539
E00101172,155,59,10,49,96,76,20,38.064516129032256,6.451612903225806,31.61290322580645,61.935483870967744,49.03225806451613,12.903225806451612
E00101173,136,35,13,22,101,95,6,25.735294117647058,9.558823529411764,16.176470588235293,74.26470588235294,69.85294117647058,4.411764705882353
E00101174,181,50,16,34,131,114,17,27.624309392265197,8.83977900552486,18.784530386740332,72.37569060773481,62.98342541436463,9.392265193370166
E00101175,184,57,16,41,127,115,12,30.978260869565215,8.695652173913043,22.282608695652172,69.02173913043478,62.5,6.521739130434782
E00101176,182,49,14,35,133,119,14,26.923076923076923,7.6923076923076925,19.230769230769234,73.07692307692307,65.38461538461539,7.6923076923076925
E00101177,120,48,10,38,72,61,11,40,8.333333333333332,31.666666666666664,60,50.83333333333333,9.166666666666666
E00101178,134,40,14,26,94,77,17,29.850746268656714,10.44776119402985,19.402985074626866,70.1492537313433,57.46268656716418,12.686567164179104
E00101179,149,48,10,38,101,86,15,32.21476510067114,6.7114093959731544,25.503355704697988,67.78523489932886,57.71812080536913,10.06711409395973
E00101180,139,56,25,31,83,69,14,40.28776978417266,17.985611510791365,22.302158273381295,59.71223021582733,49.64028776978417,10.071942446043165
E00101181,151,48,18,30,103,88,15,31.788079470198678,11.920529801324504,19.867549668874172,68.21192052980133,58.27814569536424,9.933774834437086
E00101182,124,33,12,21,91,83,8,26.61290322580645,9.67741935483871,16.93548387096774,73.38709677419355,66.93548387096774,6.451612903225806
E00101183,142,53,16,37,89,77,12,37.32394366197183,11.267605633802818,26.056338028169012,62.676056338028175,54.22535211267606,8.450704225352112
E00101184,149,51,25,26,98,91,7,34.22818791946309,16.778523489932887,17.449664429530202,65.77181208053692,61.07382550335571,4.697986577181208
E00101185,149,64,24,40,85,74,11,42.95302013422819,16.10738255033557,26.845637583892618,57.04697986577181,49.664429530201346,7.38255033557047
E00101186,180,52,13,39,128,107,21,28.888888888888886,7.222222222222221,21.666666666666668,71.11111111111111,59.44444444444444,11.666666666666666
E00101187,169,58,13,45,111,97,14,34.319526627218934,7.6923076923076925,26.627218934911244,65.68047337278107,57.396449704142015,8.284023668639055
E00101188,144,44,17,27,100,82,18,30.555555555555557,11.805555555555555,18.75,69.44444444444444,56.94444444444444,12.5
E00101189,148,59,16,43,89,78,11,39.86486486486486,10.81081081081081,29.054054054054053,60.13513513513513,52.702702702702695,7.4324324324324325
E00101190,129,47,16,31,82,72,10,36.434108527131784,12.4031007751938,24.031007751937985,63.565891472868216,55.81395348837209,7.751937984496124
E00101191,135,41,13,28,94,85,9,30.37037037037037,9.62962962962963,20.74074074074074,69.62962962962963,62.96296296296296,6.666666666666667
E00101192,147,41,9,32,106,101,5,27.89115646258503,6.122448979591836,21.768707482993197,72.10884353741497,68.70748299319727,3.4013605442176873
E00101193,146,49,15,34,97,83,14,33.56164383561644,10.273972602739725,23.28767123287671,66.43835616438356,56.849315068493155,9.58904109589041
E00101194,171,53,25,28,118,110,8,30.994152046783626,14.619883040935672,16.374269005847953,69.00584795321637,64.32748538011695,4.678362573099415
E00101195,170,53,15,38,117,98,19,31.176470588235293,8.823529411764707,22.35294117647059,68.82352941176471,57.647058823529406,11.176470588235295
E00101196,133,41,12,29,92,82,10,30.82706766917293,9.022556390977442,21.804511278195488,69.17293233082707,61.65413533834586,7.518796992481203
E00101197,144,52,12,40,92,81,11,36.11111111111111,8.333333333333332,27.77777777777778,63.888888888888886,56.25,7.638888888888889
E00101198,132,50,12,38,82,75,7,37.878787878787875,9.090909090909092,28.78787878787879,62.121212121212125,56.81818181818182,5.303030303030303
E00101199,148,33,11,22,115,105,10,22.2972972972973,7.4324324324324325,14.864864864864865,77.7027027027027,70.94594594594594,6.756756756756757
E00101200,116,37,17,20,79,68,11,31.896551724137932,14.655172413793101,17.24137931034483,68.10344827586206,58.620689655172406,9.482758620689655
E00101201,150,67,38,29,83,73,10,44.666666666666664,25.333333333333336,19.333333333333332,55.333333333333336,48.66666666666667,6.666666666666667
E00101202,153,53,29,24,100,85,15,34.64052287581699,18.954248366013072,15.686274509803921,65.359477124183,55.55555555555556,9.803921568627452
E00101203,108,38,19,19,70,61,9,35.18518518518518,17.59259259259259,17.59259259259259,64.81481481481481,56.481481481481474,8.333333333333332
E00101204,100,38,13,25,62,55,7,38,13,25,62,55.00000000000001,7.000000000000001
E00101206,190,72,33,39,118,107,11,37.89473684210527,17.36842105263158,20.526315789473685,62.10526315789474,56.315789473684205,5.7894736842105265
E00101207,167,64,35,29,103,93,10,38.32335329341318,20.958083832335326,17.365269461077844,61.67664670658682,55.688622754491014,5.9880239520958085
E00101208,85,34,12,22,51,42,9,40,14.117647058823529,25.882352941176475,60,49.411764705882355,10.588235294117647
E00101209,128,34,15,19,94,81,13,26.5625,11.71875,14.84375,73.4375,63.28125,10.15625
E00101210,135,41,18,23,94,81,13,30.37037037037037,13.333333333333334,17.037037037037038,69.62962962962963,60,9.62962962962963
E00101211,26,17,8,9,9,9,0,65.38461538461539,30.76923076923077,34.61538461538461,34.61538461538461,34.61538461538461,0
E00101212,148,42,19,23,106,83,23,28.37837837837838,12.837837837837837,15.54054054054054,71.62162162162163,56.08108108108109,15.54054054054054
E00101213,45,29,16,13,16,16,0,64.44444444444444,35.55555555555556,28.888888888888886,35.55555555555556,35.55555555555556,0
E00101214,156,32,13,19,124,108,16,20.51282051282051,8.333333333333332,12.179487179487179,79.48717948717949,69.23076923076923,10.256410256410255
E00101215,162,42,19,23,120,98,22,25.925925925925924,11.728395061728394,14.19753086419753,74.07407407407408,60.49382716049383,13.580246913580247
E00101216,128,44,16,28,84,67,17,34.375,12.5,21.875,65.625,52.34375,13.28125
E00101217,142,60,33,27,82,72,10,42.25352112676056,23.239436619718308,19.014084507042252,57.74647887323944,50.70422535211267,7.042253521126761
E00101218,126,49,26,23,77,66,11,38.88888888888889,20.634920634920633,18.253968253968253,61.111111111111114,52.38095238095239,8.73015873015873
E00101219,130,53,27,26,77,67,10,40.76923076923077,20.76923076923077,20,59.23076923076923,51.53846153846153,7.6923076923076925
E00101220,149,60,26,34,89,66,23,40.26845637583892,17.449664429530202,22.818791946308725,59.73154362416108,44.29530201342282,15.436241610738255
E00101221,135,50,20,30,85,77,8,37.03703703703704,14.814814814814813,22.22222222222222,62.96296296296296,57.03703703703704,5.9259259259259265
E00101222,121,42,14,28,79,69,10,34.710743801652896,11.570247933884298,23.140495867768596,65.28925619834712,57.02479338842975,8.264462809917356
E00101223,101,42,18,24,59,50,9,41.584158415841586,17.82178217821782,23.762376237623762,58.415841584158414,49.504950495049506,8.91089108910891
E00101224,143,61,36,25,82,67,15,42.65734265734265,25.174825174825177,17.482517482517483,57.34265734265735,46.85314685314685,10.48951048951049
E00101225,108,26,10,16,82,75,7,24.074074074074073,9.25925925925926,14.814814814814813,75.92592592592592,69.44444444444444,6.481481481481481
E00101226,134,49,17,32,85,77,8,36.56716417910448,12.686567164179104,23.88059701492537,63.43283582089553,57.46268656716418,5.970149253731343
E00101227,116,58,29,29,58,48,10,50,25,25,50,41.37931034482759,8.620689655172415
E00101228,120,32,12,20,88,71,17,26.666666666666668,10,16.666666666666664,73.33333333333333,59.166666666666664,14.166666666666666
E00101229,143,54,17,37,89,79,10,37.76223776223776,11.888111888111888,25.874125874125873,62.23776223776224,55.24475524475524,6.993006993006993
E00101230,139,53,14,39,86,74,12,38.1294964028777,10.071942446043165,28.05755395683453,61.87050359712231,53.23741007194245,8.633093525179856
E00101231,134,53,23,30,81,75,6,39.55223880597015,17.16417910447761,22.388059701492537,60.447761194029844,55.970149253731336,4.477611940298507
E00101232,114,28,11,17,86,65,21,24.561403508771928,9.649122807017543,14.912280701754385,75.43859649122807,57.01754385964912,18.421052631578945
E00101233,126,54,25,29,72,64,8,42.857142857142854,19.841269841269842,23.015873015873016,57.14285714285714,50.79365079365079,6.349206349206349
E00101234,119,32,12,20,87,77,10,26.89075630252101,10.084033613445378,16.80672268907563,73.10924369747899,64.70588235294117,8.403361344537815
E00101235,141,34,7,27,107,93,14,24.113475177304963,4.964539007092199,19.148936170212767,75.88652482269504,65.95744680851064,9.929078014184398
E00101236,140,45,15,30,95,87,8,32.142857142857146,10.714285714285714,21.428571428571427,67.85714285714286,62.142857142857146,5.714285714285714
E00101237,113,50,24,26,63,54,9,44.24778761061947,21.238938053097346,23.008849557522122,55.75221238938053,47.78761061946903,7.964601769911504
E00101238,141,49,23,26,92,83,9,34.751773049645394,16.312056737588655,18.439716312056735,65.24822695035462,58.86524822695035,6.382978723404255
E00101239,173,66,32,34,107,90,17,38.15028901734104,18.497109826589593,19.653179190751445,61.849710982658955,52.02312138728323,9.826589595375722
E00101240,131,49,14,35,82,67,15,37.404580152671755,10.687022900763358,26.717557251908396,62.59541984732825,51.14503816793893,11.450381679389313
E00101241,141,51,12,39,90,78,12,36.17021276595745,8.51063829787234,27.659574468085108,63.829787234042556,55.319148936170215,8.51063829787234
E00101243,111,33,9,24,78,71,7,29.72972972972973,8.108108108108109,21.62162162162162,70.27027027027027,63.96396396396396,6.306306306306306
E00101244,123,42,13,29,81,64,17,34.146341463414636,10.569105691056912,23.577235772357724,65.85365853658537,52.03252032520326,13.821138211382115
E00101245,285,85,18,67,200,176,24,29.82456140350877,6.315789473684211,23.50877192982456,70.17543859649122,61.75438596491228,8.421052631578947
E00101246,251,68,23,45,183,167,16,27.091633466135455,9.163346613545817,17.928286852589643,72.90836653386454,66.53386454183267,6.374501992031872
E00101247,133,39,14,25,94,82,12,29.32330827067669,10.526315789473683,18.796992481203006,70.67669172932331,61.65413533834586,9.022556390977442
E00101248,215,76,26,50,139,131,8,35.348837209302324,12.093023255813954,23.25581395348837,64.65116279069767,60.93023255813953,3.7209302325581395
E00101249,94,36,8,28,58,50,8,38.297872340425535,8.51063829787234,29.78723404255319,61.702127659574465,53.191489361702125,8.51063829787234
E00101251,149,44,8,36,105,85,20,29.53020134228188,5.369127516778524,24.161073825503358,70.46979865771812,57.04697986577181,13.422818791946309
E00101252,121,30,12,18,91,80,11,24.793388429752067,9.917355371900827,14.87603305785124,75.20661157024794,66.11570247933885,9.090909090909092
E00101253,273,75,21,54,198,179,19,27.472527472527474,7.6923076923076925,19.78021978021978,72.52747252747253,65.56776556776556,6.95970695970696
E00101255,186,75,22,53,111,95,16,40.32258064516129,11.827956989247312,28.49462365591398,59.67741935483871,51.075268817204304,8.60215053763441
E00101256,156,55,17,38,101,85,16,35.256410256410255,10.897435897435898,24.358974358974358,64.74358974358975,54.48717948717948,10.256410256410255
E00101257,126,41,13,28,85,72,13,32.53968253968254,10.317460317460316,22.22222222222222,67.46031746031747,57.14285714285714,10.317460317460316
E00101258,178,59,15,44,119,102,17,33.146067415730336,8.426966292134832,24.719101123595504,66.85393258426966,57.30337078651685,9.550561797752808
E00101259,178,59,23,36,119,103,16,33.146067415730336,12.921348314606742,20.224719101123593,66.85393258426966,57.865168539325836,8.98876404494382
E00101260,156,55,29,26,101,90,11,35.256410256410255,18.58974358974359,16.666666666666664,64.74358974358975,57.692307692307686,7.051282051282051
E00101261,169,56,15,41,113,103,10,33.13609467455622,8.875739644970414,24.2603550295858,66.86390532544378,60.946745562130175,5.9171597633136095
E00101262,157,44,22,22,113,97,16,28.02547770700637,14.012738853503185,14.012738853503185,71.97452229299363,61.78343949044586,10.191082802547772
E00101263,140,53,31,22,87,75,12,37.857142857142854,22.142857142857142,15.714285714285714,62.142857142857146,53.57142857142857,8.571428571428571
E00101264,178,72,44,28,106,95,11,40.44943820224719,24.719101123595504,15.730337078651685,59.55056179775281,53.37078651685393,6.179775280898876
E00101265,127,47,24,23,80,72,8,37.00787401574803,18.89763779527559,18.11023622047244,62.99212598425197,56.69291338582677,6.299212598425196
E00101266,169,53,16,37,116,99,17,31.360946745562128,9.467455621301776,21.893491124260358,68.63905325443787,58.57988165680473,10.059171597633137
E00101267,137,47,15,32,90,84,6,34.306569343065696,10.948905109489052,23.357664233576642,65.69343065693431,61.31386861313869,4.37956204379562
E00101268,176,56,15,41,120,110,10,31.818181818181817,8.522727272727272,23.295454545454543,68.18181818181817,62.5,5.681818181818182
E00101269,149,43,21,22,106,88,18,28.859060402684566,14.093959731543624,14.76510067114094,71.14093959731544,59.06040268456376,12.080536912751679
E00101270,224,72,19,53,152,142,10,32.142857142857146,8.482142857142858,23.660714285714285,67.85714285714286,63.39285714285714,4.464285714285714
E00101271,151,53,31,22,98,86,12,35.099337748344375,20.52980132450331,14.56953642384106,64.90066225165563,56.95364238410596,7.9470198675496695
E00101273,158,86,59,27,72,61,11,54.43037974683544,37.34177215189873,17.088607594936708,45.56962025316456,38.607594936708864,6.962025316455696
E00101274,141,65,36,29,76,72,4,46.09929078014184,25.53191489361702,20.56737588652482,53.90070921985816,51.06382978723404,2.8368794326241136
E00101275,118,48,33,15,70,60,10,40.67796610169492,27.966101694915253,12.711864406779661,59.32203389830508,50.847457627118644,8.47457627118644
E00101276,150,70,38,32,80,66,14,46.666666666666664,25.333333333333336,21.333333333333336,53.333333333333336,44,9.333333333333334
E00101277,184,56,14,42,128,111,17,30.434782608695656,7.608695652173914,22.82608695652174,69.56521739130434,60.32608695652174,9.239130434782608
E00101278,144,45,10,35,99,87,12,31.25,6.944444444444445,24.305555555555554,68.75,60.416666666666664,8.333333333333332
E00101279,143,44,14,30,99,87,12,30.76923076923077,9.79020979020979,20.97902097902098,69.23076923076923,60.83916083916085,8.391608391608392
E00101280,125,45,11,34,80,74,6,36,8.799999999999999,27.200000000000003,64,59.199999999999996,4.8
E00101281,200,40,14,26,160,147,13,20,7.000000000000001,13,80,73.5,6.5
E00101282,166,57,18,39,109,103,6,34.33734939759036,10.843373493975903,23.49397590361446,65.66265060240963,62.048192771084345,3.614457831325301
E00101283,180,45,13,32,135,127,8,25,7.222222222222221,17.77777777777778,75,70.55555555555556,4.444444444444445
E00101285,167,54,11,43,113,97,16,32.33532934131736,6.58682634730539,25.748502994011975,67.66467065868264,58.08383233532935,9.580838323353294
E00101286,222,49,14,35,173,157,16,22.07207207207207,6.306306306306306,15.765765765765765,77.92792792792793,70.72072072072072,7.207207207207207
E00101287,123,44,18,26,79,70,9,35.77235772357724,14.634146341463413,21.138211382113823,64.22764227642277,56.91056910569105,7.317073170731707
E00101288,123,44,17,27,79,69,10,35.77235772357724,13.821138211382115,21.951219512195124,64.22764227642277,56.09756097560976,8.130081300813007
E00101289,162,64,26,38,98,71,27,39.50617283950617,16.049382716049383,23.456790123456788,60.49382716049383,43.82716049382716,16.666666666666664
E00101290,172,51,15,36,121,110,11,29.651162790697676,8.720930232558139,20.930232558139537,70.34883720930233,63.95348837209303,6.395348837209303
E00101291,157,50,16,34,107,96,11,31.84713375796178,10.191082802547772,21.656050955414013,68.15286624203821,61.146496815286625,7.006369426751593
E00101292,175,69,25,44,106,94,12,39.42857142857143,14.285714285714285,25.142857142857146,60.57142857142858,53.714285714285715,6.857142857142858
E00101293,128,45,7,38,83,76,7,35.15625,5.46875,29.6875,64.84375,59.375,5.46875
E00101294,162,49,19,30,113,93,20,30.246913580246915,11.728395061728394,18.51851851851852,69.75308641975309,57.407407407407405,12.345679012345679
E00101295,127,44,12,32,83,73,10,34.645669291338585,9.448818897637794,25.196850393700785,65.35433070866141,57.48031496062992,7.874015748031496
E00101296,115,42,13,29,73,69,4,36.52173913043478,11.304347826086957,25.217391304347824,63.47826086956522,60,3.4782608695652173
E00101297,139,43,13,30,96,81,15,30.935251798561154,9.352517985611511,21.58273381294964,69.06474820143885,58.27338129496403,10.79136690647482
E00101299,140,47,22,25,93,78,15,33.57142857142857,15.714285714285714,17.857142857142858,66.42857142857143,55.714285714285715,10.714285714285714
E00101300,138,45,16,29,93,76,17,32.608695652173914,11.594202898550725,21.014492753623188,67.3913043478261,55.072463768115945,12.318840579710146
E00101301,145,53,23,30,92,88,4,36.55172413793103,15.862068965517242,20.689655172413794,63.44827586206897,60.689655172413794,2.7586206896551726
E00101302,136,50,14,36,86,72,14,36.76470588235294,10.294117647058822,26.47058823529412,63.23529411764706,52.94117647058824,10.294117647058822
E00101303,124,38,10,28,86,69,17,30.64516129032258,8.064516129032258,22.58064516129032,69.35483870967742,55.64516129032258,13.709677419354838
E00101304,138,47,12,35,91,73,18,34.05797101449276,8.695652173913043,25.36231884057971,65.94202898550725,52.89855072463768,13.043478260869565
E00101305,148,35,13,22,113,101,12,23.64864864864865,8.783783783783784,14.864864864864865,76.35135135135135,68.24324324324324,8.108108108108109
E00101306,227,89,33,56,138,113,25,39.20704845814978,14.537444933920703,24.669603524229075,60.792951541850215,49.77973568281938,11.013215859030836
E00101307,37,14,7,7,23,21,2,37.83783783783784,18.91891891891892,18.91891891891892,62.16216216216216,56.75675675675676,5.405405405405405
E00101308,171,68,25,43,103,89,14,39.76608187134503,14.619883040935672,25.146198830409354,60.23391812865497,52.046783625730995,8.187134502923977
E00101309,104,34,20,14,70,59,11,32.69230769230769,19.230769230769234,13.461538461538462,67.3076923076923,56.730769230769226,10.576923076923077
E00101310,133,44,22,22,89,77,12,33.08270676691729,16.541353383458645,16.541353383458645,66.9172932330827,57.89473684210527,9.022556390977442
E00101313,160,45,20,25,115,104,11,28.125,12.5,15.625,71.875,65,6.875000000000001
E00101314,59,21,12,9,38,35,3,35.59322033898305,20.33898305084746,15.254237288135593,64.40677966101694,59.32203389830508,5.084745762711865
E00101315,221,61,29,32,160,136,24,27.601809954751133,13.122171945701359,14.479638009049776,72.39819004524887,61.53846153846154,10.85972850678733
E00101316,249,76,38,38,173,158,15,30.522088353413658,15.261044176706829,15.261044176706829,69.47791164658635,63.45381526104418,6.024096385542169
E00101317,75,30,8,22,45,44,1,40,10.666666666666668,29.333333333333332,60,58.666666666666664,1.3333333333333335
E00101318,66,16,4,12,50,43,7,24.242424242424242,6.0606060606060606,18.181818181818183,75.75757575757575,65.15151515151516,10.606060606060606
E00101319,124,47,21,26,77,69,8,37.903225806451616,16.93548387096774,20.967741935483872,62.096774193548384,55.64516129032258,6.451612903225806
E00101320,124,33,14,19,91,77,14,26.61290322580645,11.29032258064516,15.32258064516129,73.38709677419355,62.096774193548384,11.29032258064516
E00101321,93,28,10,18,65,58,7,30.107526881720432,10.75268817204301,19.35483870967742,69.89247311827957,62.365591397849464,7.526881720430108
E00101322,76,33,15,18,43,41,2,43.42105263157895,19.736842105263158,23.684210526315788,56.57894736842105,53.94736842105263,2.631578947368421
E00101323,129,48,23,25,81,69,12,37.2093023255814,17.829457364341085,19.379844961240313,62.7906976744186,53.48837209302325,9.30232558139535
E00101325,149,62,29,33,87,74,13,41.61073825503356,19.463087248322147,22.14765100671141,58.38926174496645,49.664429530201346,8.724832214765101
E00101326,236,72,35,37,164,149,15,30.508474576271187,14.83050847457627,15.677966101694915,69.49152542372882,63.13559322033898,6.3559322033898304
E00101327,135,66,41,25,69,59,10,48.888888888888886,30.37037037037037,18.51851851851852,51.11111111111111,43.7037037037037,7.4074074074074066
E00101328,67,31,16,15,36,32,4,46.26865671641791,23.88059701492537,22.388059701492537,53.73134328358209,47.76119402985074,5.970149253731343
E00101329,129,69,46,23,60,50,10,53.48837209302325,35.65891472868217,17.829457364341085,46.51162790697674,38.759689922480625,7.751937984496124
E00101330,136,76,59,17,60,51,9,55.88235294117647,43.38235294117647,12.5,44.11764705882353,37.5,6.61764705882353
E00101331,128,44,22,22,84,71,13,34.375,17.1875,17.1875,65.625,55.46875,10.15625
E00101332,203,73,45,28,130,108,22,35.960591133004925,22.167487684729064,13.793103448275861,64.03940886699507,53.20197044334976,10.83743842364532
E00101333,131,53,36,17,78,63,15,40.458015267175576,27.480916030534353,12.977099236641221,59.541984732824424,48.091603053435115,11.450381679389313
E00101334,154,73,39,34,81,71,10,47.4025974025974,25.324675324675322,22.07792207792208,52.5974025974026,46.103896103896105,6.493506493506493
E00101336,106,52,27,25,54,46,8,49.056603773584904,25.471698113207548,23.58490566037736,50.943396226415096,43.39622641509434,7.547169811320755
E00101337,100,47,23,24,53,42,11,47,23,24,53,42,11
E00101338,94,63,51,12,31,30,1,67.02127659574468,54.25531914893617,12.76595744680851,32.97872340425532,31.914893617021278,1.0638297872340425
E00101339,94,58,46,12,36,32,4,61.702127659574465,48.93617021276596,12.76595744680851,38.297872340425535,34.04255319148936,4.25531914893617
E00101340,152,68,46,22,84,76,8,44.73684210526316,30.263157894736842,14.473684210526317,55.26315789473685,50,5.263157894736842
E00101341,97,52,28,24,45,45,0,53.608247422680414,28.865979381443296,24.742268041237114,46.391752577319586,46.391752577319586,0
E00101342,112,41,31,10,71,63,8,36.607142857142854,27.67857142857143,8.928571428571429,63.39285714285714,56.25,7.142857142857142
E00101343,169,51,31,20,118,97,21,30.17751479289941,18.34319526627219,11.834319526627219,69.8224852071006,57.396449704142015,12.42603550295858
E00101344,113,38,20,18,75,71,4,33.6283185840708,17.699115044247787,15.929203539823009,66.3716814159292,62.83185840707964,3.5398230088495577
E00101345,103,56,38,18,47,43,4,54.36893203883495,36.89320388349515,17.475728155339805,45.63106796116505,41.74757281553398,3.8834951456310676
E00101346,152,56,17,39,96,79,17,36.84210526315789,11.18421052631579,25.657894736842106,63.1578947368421,51.973684210526315,11.18421052631579
E00101347,167,54,21,33,113,98,15,32.33532934131736,12.574850299401197,19.760479041916167,67.66467065868264,58.68263473053892,8.982035928143713
E00101348,146,34,13,21,112,91,21,23.28767123287671,8.904109589041095,14.383561643835616,76.71232876712328,62.328767123287676,14.383561643835616
E00101349,156,44,23,21,112,103,9,28.205128205128204,14.743589743589745,13.461538461538462,71.7948717948718,66.02564102564102,5.769230769230769
E00101350,123,28,14,14,95,82,13,22.76422764227642,11.38211382113821,11.38211382113821,77.23577235772358,66.66666666666666,10.569105691056912
E00101351,144,34,17,17,110,97,13,23.61111111111111,11.805555555555555,11.805555555555555,76.38888888888889,67.36111111111111,9.027777777777777
E00101352,126,41,16,25,85,63,22,32.53968253968254,12.698412698412698,19.841269841269842,67.46031746031747,50,17.46031746031746
E00101353,164,34,9,25,130,115,15,20.73170731707317,5.487804878048781,15.24390243902439,79.26829268292683,70.1219512195122,9.146341463414634
E00101355,105,25,8,17,80,64,16,23.809523809523807,7.6190476190476195,16.19047619047619,76.19047619047619,60.952380952380956,15.238095238095239
E00101356,181,52,16,36,129,114,15,28.7292817679558,8.83977900552486,19.88950276243094,71.27071823204419,62.98342541436463,8.287292817679557
E00101357,158,46,17,29,112,95,17,29.11392405063291,10.759493670886076,18.354430379746837,70.88607594936708,60.12658227848101,10.759493670886076
E00101358,133,60,23,37,73,62,11,45.11278195488722,17.293233082706767,27.819548872180448,54.88721804511278,46.616541353383454,8.270676691729323
E00101359,252,86,28,58,166,139,27,34.12698412698413,11.11111111111111,23.015873015873016,65.87301587301587,55.158730158730165,10.714285714285714
E00101360,136,34,12,22,102,81,21,25,8.823529411764707,16.176470588235293,75,59.55882352941176,15.441176470588236
E00101361,156,41,14,27,115,99,16,26.282051282051285,8.974358974358974,17.307692307692307,73.71794871794873,63.46153846153846,10.256410256410255
E00101362,122,38,19,19,84,76,8,31.147540983606557,15.573770491803279,15.573770491803279,68.85245901639344,62.295081967213115,6.557377049180328
E00101363,137,59,21,38,78,68,10,43.06569343065693,15.328467153284672,27.73722627737226,56.934306569343065,49.63503649635037,7.2992700729927
E00101364,122,33,3,30,89,75,14,27.049180327868854,2.459016393442623,24.59016393442623,72.95081967213115,61.47540983606557,11.475409836065573
E00101365,125,35,8,27,90,81,9,28.000000000000004,6.4,21.6,72,64.8,7.199999999999999
E00101366,191,64,20,44,127,117,10,33.50785340314136,10.471204188481675,23.036649214659686,66.49214659685863,61.25654450261781,5.2356020942408374
E00101367,164,54,13,41,110,101,9,32.926829268292686,7.926829268292683,25,67.07317073170732,61.58536585365854,5.487804878048781
E00101368,162,54,13,41,108,99,9,33.33333333333333,8.024691358024691,25.308641975308642,66.66666666666666,61.111111111111114,5.555555555555555
E00101369,136,32,5,27,104,95,9,23.52941176470588,3.6764705882352944,19.852941176470587,76.47058823529412,69.85294117647058,6.61764705882353
E00101370,169,59,17,42,110,96,14,34.9112426035503,10.059171597633137,24.85207100591716,65.08875739644971,56.80473372781065,8.284023668639055
E00101373,146,47,14,33,99,76,23,32.19178082191781,9.58904109589041,22.602739726027394,67.8082191780822,52.054794520547944,15.753424657534246
E00101375,64,25,7,18,39,35,4,39.0625,10.9375,28.125,60.9375,54.6875,6.25
E00101376,302,86,28,58,216,188,28,28.47682119205298,9.271523178807946,19.205298013245034,71.52317880794702,62.251655629139066,9.271523178807946
E00101377,165,43,10,33,122,111,11,26.060606060606062,6.0606060606060606,20,73.93939393939394,67.27272727272727,6.666666666666667
E00101378,161,45,8,37,116,101,15,27.95031055900621,4.968944099378882,22.981366459627328,72.04968944099379,62.732919254658384,9.316770186335404
E00101379,141,46,12,34,95,77,18,32.62411347517731,8.51063829787234,24.113475177304963,67.37588652482269,54.60992907801418,12.76595744680851
E00101380,168,62,18,44,106,96,10,36.904761904761905,10.714285714285714,26.190476190476193,63.095238095238095,57.14285714285714,5.952380952380952
E00101381,215,64,17,47,151,135,16,29.767441860465116,7.906976744186046,21.86046511627907,70.23255813953489,62.7906976744186,7.441860465116279
E00101382,191,43,14,29,148,127,21,22.5130890052356,7.329842931937172,15.18324607329843,77.4869109947644,66.49214659685863,10.99476439790576
E00101383,227,54,20,34,173,148,25,23.788546255506606,8.81057268722467,14.977973568281937,76.2114537444934,65.19823788546255,11.013215859030836
E00101384,208,55,18,37,153,131,22,26.442307692307693,8.653846153846153,17.78846153846154,73.5576923076923,62.980769230769226,10.576923076923077
E00101385,181,65,18,47,116,103,13,35.91160220994475,9.94475138121547,25.96685082872928,64.08839779005525,56.9060773480663,7.18232044198895
E00101386,223,61,20,41,162,142,20,27.3542600896861,8.968609865470851,18.385650224215247,72.6457399103139,63.67713004484305,8.968609865470851
E00101387,165,42,13,29,123,106,17,25.454545454545453,7.878787878787878,17.575757575757574,74.54545454545455,64.24242424242425,10.303030303030303
E00101388,159,62,17,45,97,82,15,38.9937106918239,10.69182389937107,28.30188679245283,61.0062893081761,51.57232704402516,9.433962264150944
E00101389,183,44,14,30,139,117,22,24.043715846994534,7.650273224043716,16.39344262295082,75.95628415300546,63.934426229508205,12.021857923497267
E00101390,186,61,24,37,125,106,19,32.795698924731184,12.903225806451612,19.892473118279568,67.20430107526882,56.98924731182796,10.21505376344086
E00101391,168,54,14,40,114,99,15,32.142857142857146,8.333333333333332,23.809523809523807,67.85714285714286,58.92857142857143,8.928571428571429
E00101392,149,49,11,38,100,92,8,32.88590604026846,7.38255033557047,25.503355704697988,67.11409395973155,61.74496644295302,5.369127516778524
E00101393,243,58,22,36,185,167,18,23.868312757201647,9.053497942386832,14.814814814814813,76.13168724279835,68.72427983539094,7.4074074074074066
E00101394,145,51,24,27,94,84,10,35.172413793103445,16.551724137931036,18.620689655172416,64.82758620689654,57.931034482758626,6.896551724137931
E00101395,160,35,14,21,125,102,23,21.875,8.75,13.125,78.125,63.74999999999999,14.374999999999998
E00101396,256,78,23,55,178,160,18,30.46875,8.984375,21.484375,69.53125,62.5,7.03125
E00101397,171,48,15,33,123,109,14,28.07017543859649,8.771929824561402,19.298245614035086,71.9298245614035,63.74269005847953,8.187134502923977
E00101398,162,45,18,27,117,106,11,27.77777777777778,11.11111111111111,16.666666666666664,72.22222222222221,65.4320987654321,6.790123456790123
E00101399,153,37,14,23,116,99,17,24.183006535947712,9.15032679738562,15.032679738562091,75.81699346405229,64.70588235294117,11.11111111111111
E00101400,93,31,14,17,62,49,13,33.33333333333333,15.053763440860216,18.27956989247312,66.66666666666666,52.68817204301075,13.978494623655912
E00101401,89,37,19,18,52,44,8,41.57303370786517,21.34831460674157,20.224719101123593,58.42696629213483,49.43820224719101,8.98876404494382
E00101402,60,27,14,13,33,23,10,45,23.333333333333332,21.666666666666668,55.00000000000001,38.333333333333336,16.666666666666664
E00101403,86,29,7,22,57,50,7,33.72093023255814,8.13953488372093,25.581395348837212,66.27906976744185,58.139534883720934,8.13953488372093
E00101404,77,22,8,14,55,48,7,28.57142857142857,10.38961038961039,18.181818181818183,71.42857142857143,62.33766233766234,9.090909090909092
E00101405,93,36,15,21,57,53,4,38.70967741935484,16.129032258064516,22.58064516129032,61.29032258064516,56.98924731182796,4.301075268817205
E00101406,102,37,13,24,65,55,10,36.27450980392157,12.745098039215685,23.52941176470588,63.725490196078425,53.92156862745098,9.803921568627452
E00101410,152,48,13,35,104,81,23,31.57894736842105,8.552631578947368,23.026315789473685,68.42105263157895,53.289473684210535,15.131578947368421
E00101411,99,32,12,20,67,55,12,32.323232323232325,12.121212121212121,20.2020202020202,67.67676767676768,55.55555555555556,12.121212121212121
E00101413,124,43,13,30,81,70,11,34.67741935483871,10.483870967741936,24.193548387096776,65.32258064516128,56.451612903225815,8.870967741935484
E00101414,103,30,9,21,73,58,15,29.126213592233007,8.737864077669903,20.388349514563107,70.87378640776699,56.310679611650485,14.563106796116504
E00101415,78,28,8,20,50,43,7,35.8974358974359,10.256410256410255,25.64102564102564,64.1025641025641,55.12820512820513,8.974358974358974
E00101416,113,40,10,30,73,56,17,35.39823008849557,8.849557522123893,26.548672566371685,64.60176991150442,49.557522123893804,15.04424778761062
E00101417,82,31,9,22,51,42,9,37.80487804878049,10.975609756097562,26.82926829268293,62.19512195121951,51.21951219512195,10.975609756097562
E00101418,67,24,10,14,43,35,8,35.82089552238806,14.925373134328357,20.8955223880597,64.17910447761194,52.23880597014925,11.940298507462686
E00101419,114,46,19,27,68,52,16,40.35087719298245,16.666666666666664,23.684210526315788,59.64912280701754,45.614035087719294,14.035087719298245
E00101420,88,30,6,24,58,49,9,34.090909090909086,6.8181818181818175,27.27272727272727,65.9090909090909,55.68181818181818,10.227272727272728
E00101421,28,7,3,4,21,18,3,25,10.714285714285714,14.285714285714285,75,64.28571428571429,10.714285714285714
E00101422,71,21,11,10,50,41,9,29.577464788732392,15.492957746478872,14.084507042253522,70.4225352112676,57.74647887323944,12.676056338028168
E00101423,162,58,21,37,104,91,13,35.80246913580247,12.962962962962962,22.839506172839506,64.19753086419753,56.17283950617284,8.024691358024691
E00101424,122,37,12,25,85,64,21,30.327868852459016,9.836065573770492,20.491803278688526,69.67213114754098,52.459016393442624,17.21311475409836
E00101426,104,37,10,27,67,61,6,35.57692307692308,9.615384615384617,25.961538461538463,64.42307692307693,58.65384615384615,5.769230769230769
E00101427,118,36,11,25,82,72,10,30.508474576271187,9.322033898305085,21.1864406779661,69.49152542372882,61.016949152542374,8.47457627118644
E00101428,117,35,11,24,82,71,11,29.914529914529915,9.401709401709402,20.51282051282051,70.08547008547008,60.68376068376068,9.401709401709402
E00101430,134,34,7,27,100,87,13,25.37313432835821,5.223880597014925,20.149253731343283,74.6268656716418,64.92537313432835,9.701492537313433
E00101431,125,31,7,24,94,84,10,24.8,5.6000000000000005,19.2,75.2,67.2,8
E00101432,134,52,12,40,82,70,12,38.80597014925373,8.955223880597014,29.850746268656714,61.19402985074627,52.23880597014925,8.955223880597014
E00101433,78,30,6,24,48,43,5,38.46153846153847,7.6923076923076925,30.76923076923077,61.53846153846154,55.12820512820513,6.41025641025641
E00101434,50,17,5,12,33,29,4,34,10,24,66,57.99999999999999,8
E00101435,110,40,8,32,70,61,9,36.36363636363637,7.2727272727272725,29.09090909090909,63.63636363636363,55.45454545454545,8.181818181818182
E00101436,126,43,13,30,83,71,12,34.12698412698413,10.317460317460316,23.809523809523807,65.87301587301587,56.34920634920635,9.523809523809524
E00101437,138,37,5,32,101,90,11,26.811594202898554,3.6231884057971016,23.18840579710145,73.18840579710145,65.21739130434783,7.971014492753622
E00101438,178,49,17,32,129,119,10,27.52808988764045,9.550561797752808,17.97752808988764,72.47191011235955,66.85393258426966,5.617977528089887
E00101439,111,44,10,34,67,60,7,39.63963963963964,9.00900900900901,30.630630630630627,60.36036036036037,54.054054054054056,6.306306306306306
E00101440,160,59,14,45,101,87,14,36.875,8.75,28.125,63.125,54.37499999999999,8.75
E00101441,141,40,7,33,101,84,17,28.368794326241137,4.964539007092199,23.404255319148938,71.63120567375887,59.57446808510638,12.056737588652481
E00101442,149,59,16,43,90,78,12,39.59731543624161,10.738255033557047,28.859060402684566,60.40268456375839,52.348993288590606,8.053691275167784
E00101443,133,48,8,40,85,76,9,36.09022556390977,6.015037593984962,30.075187969924812,63.90977443609023,57.14285714285714,6.7669172932330826
E00101444,138,42,8,34,96,86,10,30.434782608695656,5.797101449275362,24.637681159420293,69.56521739130434,62.31884057971014,7.246376811594203
E00101445,108,36,9,27,72,71,1,33.33333333333333,8.333333333333332,25,66.66666666666666,65.74074074074075,0.9259259259259258
E00101446,155,55,20,35,100,92,8,35.483870967741936,12.903225806451612,22.58064516129032,64.51612903225806,59.354838709677416,5.161290322580645
E00101447,135,52,16,36,83,80,3,38.51851851851852,11.851851851851853,26.666666666666668,61.48148148148148,59.25925925925925,2.2222222222222223
E00101448,179,54,12,42,125,106,19,30.16759776536313,6.70391061452514,23.463687150837988,69.83240223463687,59.217877094972074,10.614525139664805
E00101449,97,23,5,18,74,68,6,23.711340206185564,5.154639175257731,18.556701030927837,76.28865979381443,70.10309278350515,6.185567010309279
E00171919,104,41,20,21,63,47,16,39.42307692307692,19.230769230769234,20.192307692307693,60.57692307692307,45.19230769230769,15.384615384615385
E00171920,152,34,15,19,118,98,20,22.36842105263158,9.868421052631579,12.5,77.63157894736842,64.47368421052632,13.157894736842104
E00171921,164,45,19,26,119,101,18,27.439024390243905,11.585365853658537,15.853658536585366,72.5609756097561,61.58536585365854,10.975609756097562
E00171922,122,35,13,22,87,79,8,28.688524590163933,10.655737704918032,18.0327868852459,71.31147540983606,64.75409836065575,6.557377049180328
E00171923,126,36,13,23,90,79,11,28.57142857142857,10.317460317460316,18.253968253968253,71.42857142857143,62.698412698412696,8.73015873015873
E00171924,111,43,14,29,68,60,8,38.73873873873874,12.612612612612612,26.126126126126124,61.261261261261254,54.054054054054056,7.207207207207207
E00171925,190,60,19,41,130,112,18,31.57894736842105,10,21.578947368421055,68.42105263157895,58.94736842105262,9.473684210526317
E00171926,161,48,28,20,113,100,13,29.81366459627329,17.391304347826086,12.422360248447205,70.1863354037267,62.11180124223602,8.074534161490684
E00171929,57,26,17,9,31,24,7,45.614035087719294,29.82456140350877,15.789473684210526,54.385964912280706,42.10526315789473,12.280701754385964
E00171930,113,80,64,16,33,28,5,70.79646017699115,56.63716814159292,14.15929203539823,29.20353982300885,24.778761061946902,4.424778761061947
E00171932,180,45,18,27,135,119,16,25,10,15,75,66.11111111111111,8.88888888888889
E00171933,176,47,15,32,129,116,13,26.704545454545453,8.522727272727272,18.181818181818183,73.29545454545455,65.9090909090909,7.386363636363637
E00171934,207,45,20,25,162,135,27,21.73913043478261,9.66183574879227,12.077294685990339,78.26086956521739,65.21739130434783,13.043478260869565
E00171935,162,43,8,35,119,103,16,26.543209876543212,4.938271604938271,21.604938271604937,73.4567901234568,63.580246913580254,9.876543209876543
E00171936,178,53,17,36,125,112,13,29.775280898876407,9.550561797752808,20.224719101123593,70.2247191011236,62.92134831460674,7.303370786516854
E00171937,182,47,16,31,135,112,23,25.82417582417583,8.791208791208792,17.032967032967033,74.17582417582418,61.53846153846154,12.637362637362637
E00171938,164,55,12,43,109,98,11,33.53658536585366,7.317073170731707,26.21951219512195,66.46341463414635,59.756097560975604,6.707317073170732
E00171939,194,45,9,36,149,125,24,23.195876288659793,4.639175257731959,18.556701030927837,76.80412371134021,64.43298969072166,12.371134020618557
E00171940,103,40,16,24,63,53,10,38.83495145631068,15.53398058252427,23.300970873786408,61.165048543689316,51.45631067961165,9.70873786407767
E00180143,337,253,199,54,84,72,12,75.07418397626114,59.05044510385756,16.023738872403563,24.92581602373887,21.364985163204746,3.5608308605341246
E00180147,157,58,28,30,99,88,11,36.94267515923567,17.8343949044586,19.10828025477707,63.05732484076433,56.05095541401274,7.006369426751593
E00180152,61,25,11,14,36,33,3,40.98360655737705,18.0327868852459,22.950819672131146,59.01639344262295,54.09836065573771,4.918032786885246
E00180159,224,57,17,40,167,154,13,25.44642857142857,7.5892857142857135,17.857142857142858,74.55357142857143,68.75,5.803571428571429
E00180160,149,55,14,41,94,81,13,36.91275167785235,9.395973154362416,27.516778523489933,63.08724832214765,54.36241610738255,8.724832214765101
E00180163,117,32,13,19,85,75,10,27.350427350427353,11.11111111111111,16.23931623931624,72.64957264957265,64.1025641025641,8.547008547008547
E00180166,134,57,28,29,77,52,25,42.53731343283582,20.8955223880597,21.641791044776117,57.46268656716418,38.80597014925373,18.65671641791045
E00180167,72,28,8,20,44,38,6,38.88888888888889,11.11111111111111,27.77777777777778,61.111111111111114,52.77777777777778,8.333333333333332
E00180180,170,69,47,22,101,75,26,40.588235294117645,27.647058823529413,12.941176470588237,59.411764705882355,44.11764705882353,15.294117647058824
E00180181,194,59,21,38,135,119,16,30.412371134020617,10.824742268041238,19.587628865979383,69.58762886597938,61.34020618556701,8.24742268041237
E00180187,147,41,15,26,106,93,13,27.89115646258503,10.204081632653061,17.687074829931973,72.10884353741497,63.26530612244898,8.843537414965986
E00180189,34,12,3,9,22,22,0,35.294117647058826,8.823529411764707,26.47058823529412,64.70588235294117,64.70588235294117,0
E00180193,169,45,13,32,124,104,20,26.627218934911244,7.6923076923076925,18.93491124260355,73.37278106508876,61.53846153846154,11.834319526627219
E00180198,249,56,17,39,193,170,23,22.48995983935743,6.827309236947792,15.66265060240964,77.51004016064257,68.27309236947792,9.236947791164658
E00180210,259,75,21,54,184,157,27,28.957528957528954,8.108108108108109,20.84942084942085,71.04247104247105,60.61776061776062,10.424710424710424
E00180214,43,22,9,13,21,18,3,51.162790697674424,20.930232558139537,30.23255813953488,48.837209302325576,41.86046511627907,6.976744186046512
E00180217,152,30,5,25,122,109,13,19.736842105263158,3.289473684210526,16.447368421052634,80.26315789473685,71.71052631578947,8.552631578947368
E00180218,179,32,5,27,147,127,20,17.877094972067038,2.793296089385475,15.083798882681565,82.12290502793296,70.94972067039106,11.1731843575419
E00180219,115,41,18,23,74,58,16,35.65217391304348,15.65217391304348,20,64.34782608695652,50.43478260869565,13.91304347826087
E00180222,158,48,24,24,110,92,18,30.37974683544304,15.18987341772152,15.18987341772152,69.62025316455697,58.22784810126582,11.39240506329114
E00180223,332,97,25,72,235,194,41,29.21686746987952,7.530120481927711,21.686746987951807,70.78313253012048,58.43373493975904,12.349397590361445
E00180225,232,75,20,55,157,129,28,32.327586206896555,8.620689655172415,23.70689655172414,67.67241379310344,55.603448275862064,12.068965517241379
E00180226,129,28,10,18,101,86,15,21.705426356589147,7.751937984496124,13.953488372093023,78.29457364341084,66.66666666666666,11.627906976744185
E00180236,296,81,20,61,215,189,26,27.364864864864863,6.756756756756757,20.60810810810811,72.63513513513513,63.85135135135135,8.783783783783784
E00180237,133,43,15,28,90,80,10,32.33082706766917,11.278195488721805,21.052631578947366,67.66917293233082,60.150375939849624,7.518796992481203
E00180238,199,67,18,49,132,107,25,33.66834170854271,9.045226130653267,24.623115577889447,66.33165829145729,53.768844221105525,12.562814070351758
E00180241,143,70,47,23,73,58,15,48.95104895104895,32.86713286713287,16.083916083916083,51.048951048951054,40.55944055944056,10.48951048951049
E00180245,167,57,17,40,110,102,8,34.13173652694611,10.179640718562874,23.952095808383234,65.86826347305389,61.07784431137725,4.790419161676647
E00180247,273,70,16,54,203,172,31,25.64102564102564,5.86080586080586,19.78021978021978,74.35897435897436,63.003663003663,11.355311355311356
E00180249,76,23,7,16,53,44,9,30.263157894736842,9.210526315789473,21.052631578947366,69.73684210526315,57.89473684210527,11.842105263157894
E00180251,185,39,12,27,146,126,20,21.08108108108108,6.486486486486487,14.594594594594595,78.91891891891892,68.10810810810811,10.81081081081081
E00180254,83,18,4,14,65,55,10,21.686746987951807,4.819277108433735,16.867469879518072,78.3132530120482,66.26506024096386,12.048192771084338
E00180263,72,46,38,8,26,25,1,63.888888888888886,52.77777777777778,11.11111111111111,36.11111111111111,34.72222222222222,1.3888888888888888
E00180272,280,76,23,53,204,178,26,27.142857142857142,8.214285714285714,18.928571428571427,72.85714285714285,63.57142857142857,9.285714285714286
E00180282,306,105,21,84,201,172,29,34.31372549019608,6.862745098039216,27.450980392156865,65.68627450980392,56.209150326797385,9.477124183006536
E00180287,79,14,5,9,65,61,4,17.72151898734177,6.329113924050633,11.39240506329114,82.27848101265823,77.21518987341773,5.063291139240507
E00180288,64,18,7,11,46,32,14,28.125,10.9375,17.1875,71.875,50,21.875
