OA,ts0380001,ts0380002,ts0380003,ts0380004,ts0380005,ts0380006,ts0380007,ts0380002_PCT,ts0380003_PCT,ts0380004_PCT,ts0380005_PCT,ts0380006_PCT,ts0380007_PCT
E00025006,285,76,42,34,209,24,185,26.666666666666668,14.736842105263156,11.929824561403509,73.33333333333333,8.421052631578947,64.91228070175438
E00025007,333,74,31,43,259,29,230,22.22222222222222,9.30930930930931,12.912912912912914,77.77777777777779,8.708708708708707,69.06906906906907
E00025008,326,41,15,26,285,22,263,12.576687116564417,4.601226993865031,7.975460122699387,87.42331288343557,6.748466257668712,80.67484662576688
E00025009,324,53,27,26,271,11,260,16.358024691358025,8.333333333333332,8.024691358024691,83.64197530864197,3.3950617283950617,80.24691358024691
E00025010,339,76,41,35,263,22,241,22.418879056047196,12.094395280235988,10.32448377581121,77.5811209439528,6.489675516224189,71.09144542772862
E00025011,354,54,19,35,300,32,268,15.254237288135593,5.367231638418079,9.887005649717514,84.7457627118644,9.03954802259887,75.70621468926554
E00025012,275,42,18,24,233,24,209,15.272727272727273,6.545454545454546,8.727272727272728,84.72727272727273,8.727272727272728,76
E00025013,312,62,30,32,250,13,237,19.871794871794872,9.615384615384617,10.256410256410255,80.12820512820514,4.166666666666666,75.96153846153845
E00025014,320,89,41,48,231,23,208,27.8125,12.812499999999998,15,72.1875,7.187499999999999,65
E00025015,381,87,48,39,294,13,281,22.83464566929134,12.598425196850393,10.236220472440944,77.16535433070865,3.4120734908136483,73.75328083989501
E00025016,313,46,15,31,267,30,237,14.696485623003195,4.792332268370607,9.904153354632587,85.3035143769968,9.584664536741213,75.71884984025559
E00025017,375,70,30,40,305,12,293,18.666666666666668,8,10.666666666666668,81.33333333333333,3.2,78.13333333333333
E00025018,342,73,36,37,269,23,246,21.34502923976608,10.526315789473683,10.818713450292398,78.65497076023392,6.725146198830409,71.9298245614035
E00025019,248,33,9,24,215,24,191,13.306451612903224,3.6290322580645165,9.67741935483871,86.69354838709677,9.67741935483871,77.01612903225806
E00025020,411,71,26,45,340,27,313,17.27493917274939,6.326034063260341,10.948905109489052,82.7250608272506,6.569343065693431,76.15571776155717
E00025021,309,57,26,31,252,15,237,18.446601941747574,8.414239482200648,10.032362459546926,81.55339805825243,4.854368932038835,76.69902912621359
E00025022,402,65,17,48,337,35,302,16.169154228855724,4.228855721393035,11.940298507462686,83.83084577114428,8.706467661691542,75.12437810945273
E00025023,323,49,20,29,274,32,242,15.170278637770899,6.191950464396285,8.978328173374612,84.82972136222911,9.907120743034056,74.92260061919505
E00025024,395,55,25,30,340,20,320,13.924050632911392,6.329113924050633,7.59493670886076,86.07594936708861,5.063291139240507,81.0126582278481
E00025025,409,79,38,41,330,39,291,19.315403422982886,9.290953545232274,10.024449877750612,80.68459657701712,9.5354523227383865,71.14914425427872
E00025026,274,57,22,35,217,27,190,20.802919708029197,8.02919708029197,12.773722627737227,79.1970802919708,9.854014598540147,69.34306569343066
E00025027,290,45,14,31,245,16,229,15.517241379310345,4.827586206896552,10.689655172413794,84.48275862068965,5.517241379310345,78.96551724137932
E00025028,285,85,48,37,200,13,187,29.82456140350877,16.842105263157894,12.982456140350877,70.17543859649122,4.56140350877193,65.6140350877193
E00025029,311,62,22,40,249,25,224,19.935691318327976,7.07395498392283,12.861736334405144,80.06430868167203,8.038585209003216,72.02572347266882
E00025030,264,65,32,33,199,19,180,24.62121212121212,12.121212121212121,12.5,75.37878787878788,7.196969696969697,68.18181818181817
E00025031,242,76,37,39,166,8,158,31.40495867768595,15.289256198347106,16.115702479338843,68.59504132231406,3.3057851239669422,65.28925619834712
E00025032,255,56,27,29,199,11,188,21.96078431372549,10.588235294117647,11.372549019607844,78.03921568627452,4.313725490196078,73.72549019607844
E00025033,453,62,25,37,391,20,371,13.686534216335541,5.518763796909492,8.167770419426049,86.313465783664455,4.415011037527594,81.89845474613686
E00025034,290,80,42,38,210,25,185,27.586206896551722,14.482758620689657,13.10344827586207,72.41379310344827,8.620689655172415,63.793103448275865
E00025035,288,80,44,36,208,13,195,27.77777777777778,15.277777777777779,12.5,72.22222222222221,4.513888888888888,67.70833333333334
E00025036,421,78,39,39,343,20,323,18.52731591448931,9.263657957244655,9.263657957244655,81.47268408551069,4.750593824228028,76.72209026128266
E00025037,281,42,23,19,239,31,208,14.94661921708185,8.185053380782918,6.761565836298933,85.05338078291815,11.032028469750891,74.02135231316726
E00025038,300,48,15,33,252,19,233,16,5,11,84,6.333333333333334,77.66666666666666
E00025039,291,55,13,42,236,18,218,18.900343642611684,4.4673539518900345,14.432989690721648,81.09965635738831,6.185567010309279,74.91408934707904
E00025040,317,25,8,17,292,30,262,7.886435331230284,2.5236593059936907,5.3627760252365935,92.11356466876973,9.46372239747634,82.64984227129337
E00025041,269,50,21,29,219,30,189,18.587360594795538,7.806691449814126,10.780669144981413,81.41263940520446,11.152416356877323,70.26022304832715
E00025042,315,60,20,40,255,24,231,19.047619047619047,6.349206349206349,12.698412698412698,80.95238095238095,7.6190476190476195,73.33333333333333
E00025043,326,68,30,38,258,23,235,20.858895705521473,9.202453987730062,11.65644171779141,79.14110429447852,7.05521472392638,72.08588957055214
E00025044,319,35,18,17,284,21,263,10.9717868338558,5.6426332288401255,5.329153605015674,89.0282131661442,6.583072100313479,82.44514106583071
E00025045,354,35,13,22,319,26,293,9.887005649717514,3.672316384180791,6.214689265536723,90.11299435028248,7.344632768361582,82.7683615819209
E00025046,321,39,13,26,282,40,242,12.149532710280374,4.049844236760125,8.09968847352025,87.85046728971963,12.461059190031152,75.38940809968847
E00025047,295,58,24,34,237,26,211,19.661016949152543,8.135593220338983,11.525423728813559,80.33898305084746,8.813559322033898,71.52542372881356
E00025048,300,41,20,21,259,16,243,13.666666666666666,6.666666666666667,7.000000000000001,86.33333333333333,5.333333333333334,81
E00025049,194,69,38,31,125,9,116,35.56701030927835,19.587628865979383,15.979381443298967,64.43298969072166,4.639175257731959,59.79381443298969
E00025050,246,43,18,25,203,21,182,17.479674796747968,7.317073170731707,10.16260162601626,82.52032520325203,8.536585365853659,73.98373983739837
E00025051,243,46,21,25,197,19,178,18.930041152263374,8.641975308641975,10.2880658436214,81.06995884773663,7.818930041152264,73.25102880658436
E00025052,280,42,17,25,238,20,218,15,6.071428571428571,8.928571428571429,85,7.142857142857142,77.85714285714286
E00025053,296,49,15,34,247,17,230,16.554054054054053,5.0675675675675675,11.486486486486488,83.44594594594594,5.743243243243244,77.7027027027027
E00025054,326,130,72,58,196,28,168,39.87730061349693,22.085889570552148,17.791411042944784,60.122699386503065,8.588957055214724,51.533742331288344
E00025055,417,88,49,39,329,27,302,21.103117505995204,11.750599520383693,9.352517985611511,78.8968824940048,6.474820143884892,72.42206235011992
E00025056,205,59,27,32,146,5,141,28.780487804878046,13.170731707317074,15.609756097560975,71.21951219512195,2.4390243902439024,68.78048780487805
E00025057,275,60,23,37,215,21,194,21.818181818181817,8.363636363636363,13.454545454545455,78.18181818181819,7.636363636363637,70.54545454545455
E00025058,286,57,24,33,229,23,206,19.93006993006993,8.391608391608392,11.538461538461538,80.06993006993007,8.041958041958042,72.02797202797203
E00025059,372,67,30,37,305,23,282,18.010752688172044,8.064516129032258,9.946236559139784,81.98924731182797,6.182795698924731,75.80645161290323
E00025060,294,63,17,46,231,20,211,21.428571428571427,5.782312925170068,15.646258503401361,78.57142857142857,6.802721088435375,71.7687074829932
E00025061,239,52,17,35,187,32,155,21.75732217573222,7.112970711297072,14.644351464435147,78.24267782426779,13.389121338912133,64.85355648535564
E00025062,340,50,19,31,290,29,261,14.705882352941178,5.588235294117648,9.117647058823529,85.29411764705883,8.529411764705882,76.76470588235294
E00025063,363,43,20,23,320,34,286,11.84573002754821,5.5096418732782375,6.336088154269973,88.1542699724518,9.366391184573002,78.78787878787878
E00025064,385,56,28,28,329,19,310,14.545454545454545,7.2727272727272725,7.2727272727272725,85.45454545454545,4.935064935064935,80.51948051948052
E00025065,276,50,18,32,226,20,206,18.115942028985508,6.521739130434782,11.594202898550725,81.88405797101449,7.246376811594203,74.63768115942028
E00025066,272,33,10,23,239,24,215,12.132352941176471,3.6764705882352944,8.455882352941178,87.86764705882352,8.823529411764707,79.04411764705883
E00025067,193,49,29,20,144,12,132,25.38860103626943,15.025906735751295,10.362694300518134,74.61139896373057,6.217616580310881,68.39378238341969
E00025068,404,74,28,46,330,33,297,18.316831683168317,6.9306930693069315,11.386138613861387,81.68316831683168,8.16831683168317,73.51485148514851
E00025069,227,41,19,22,186,35,151,18.06167400881057,8.370044052863436,9.691629955947137,81.93832599118943,15.418502202643172,66.51982378854625
E00025070,308,103,63,40,205,23,182,33.44155844155844,20.454545454545457,12.987012987012985,66.55844155844156,7.467532467532467,59.09090909090909
E00025071,329,56,19,37,273,19,254,17.02127659574468,5.775075987841945,11.246200607902736,82.97872340425532,5.775075987841945,77.20364741641338
E00025072,293,58,20,38,235,20,215,19.795221843003414,6.825938566552901,12.969283276450511,80.2047781569966,6.825938566552901,73.37883959044369
E00025073,247,67,32,35,180,23,157,27.125506072874494,12.955465587044534,14.17004048582996,72.8744939271255,9.31174089068826,63.56275303643725
E00025074,329,96,46,50,233,18,215,29.17933130699088,13.98176291793313,15.19756838905775,70.82066869300911,5.47112462006079,65.34954407294833
E00025075,292,80,33,47,212,9,203,27.397260273972602,11.301369863013697,16.095890410958905,72.6027397260274,3.0821917808219177,69.52054794520548
E00025076,256,45,17,28,211,19,192,17.578125,6.640625,10.9375,82.421875,7.421875,75
E00025077,514,93,50,43,421,28,393,18.093385214007782,9.72762645914397,8.365758754863812,81.90661478599222,5.447470817120623,76.45914396887159
E00025078,383,94,46,48,289,20,269,24.54308093994778,12.010443864229766,12.532637075718014,75.45691906005221,5.221932114882506,70.23498694516971
E00025079,294,57,23,34,237,21,216,19.387755102040817,7.8231292517006805,11.564625850340136,80.61224489795919,7.142857142857142,73.46938775510205
E00025080,315,58,26,32,257,21,236,18.412698412698415,8.253968253968253,10.158730158730158,81.58730158730158,6.666666666666667,74.92063492063492
E00025081,252,50,23,27,202,18,184,19.841269841269842,9.126984126984127,10.714285714285714,80.15873015873017,7.142857142857142,73.01587301587301
E00025082,284,58,18,40,226,27,199,20.422535211267608,6.338028169014084,14.084507042253522,79.5774647887324,9.507042253521126,70.07042253521126
E00025083,349,74,36,38,275,19,256,21.20343839541547,10.315186246418339,10.888252148997136,78.79656160458453,5.444126074498568,73.35243553008596
E00025084,254,52,26,26,202,20,182,20.47244094488189,10.236220472440944,10.236220472440944,79.52755905511812,7.874015748031496,71.65354330708661
E00025085,301,69,24,45,232,20,212,22.92358803986711,7.973421926910299,14.950166112956811,77.0764119601329,6.64451827242525,70.43189368770764
E00025086,412,66,29,37,346,38,308,16.019417475728158,7.038834951456311,8.980582524271846,83.98058252427184,9.223300970873787,74.75728155339806
E00025087,258,52,22,30,206,28,178,20.155038759689923,8.527131782945736,11.627906976744185,79.84496124031007,10.852713178294573,68.9922480620155
E00025088,258,48,20,28,210,17,193,18.6046511627907,7.751937984496124,10.852713178294573,81.3953488372093,6.5891472868217065,74.8062015503876
E00025089,229,87,41,46,142,8,134,37.99126637554585,17.903930131004365,20.087336244541483,62.00873362445415,3.4934497816593884,58.515283842794766
E00025090,278,119,73,46,159,13,146,42.805755395683455,26.258992805755394,16.546762589928058,57.194244604316545,4.676258992805756,52.51798561151079
E00025091,396,93,45,48,303,24,279,23.484848484848484,11.363636363636363,12.121212121212121,76.51515151515152,6.0606060606060606,70.45454545454545
E00025092,273,50,21,29,223,22,201,18.315018315018314,7.6923076923076925,10.622710622710622,81.68498168498168,8.058608058608058,73.62637362637363
E00025093,255,31,14,17,224,19,205,12.156862745098039,5.490196078431373,6.666666666666667,87.84313725490196,7.450980392156863,80.3921568627451
E00025094,299,72,35,37,227,19,208,24.08026755852843,11.705685618729097,12.37458193979933,75.91973244147158,6.354515050167224,69.56521739130434
E00025095,272,66,35,31,206,17,189,24.264705882352942,12.867647058823529,11.397058823529411,75.73529411764706,6.25,69.48529411764706
E00025096,299,45,17,28,254,19,235,15.050167224080269,5.68561872909699,9.364548494983277,84.94983277591973,6.354515050167224,78.59531772575251
E00025097,228,46,24,22,182,17,165,20.175438596491226,10.526315789473683,9.649122807017543,79.82456140350878,7.456140350877193,72.36842105263158
E00025098,189,48,20,28,141,12,129,25.396825396825395,10.582010582010582,14.814814814814813,74.60317460317461,6.349206349206349,68.25396825396825
E00025099,271,65,36,29,206,15,191,23.985239852398525,13.284132841328415,10.70110701107011,76.01476014760148,5.535055350553505,70.47970479704797
E00025100,194,31,16,15,163,13,150,15.979381443298967,8.24742268041237,7.731958762886598,84.02061855670104,6.701030927835052,77.31958762886599
E00025101,324,74,37,37,250,19,231,22.839506172839506,11.419753086419753,11.419753086419753,77.1604938271605,5.864197530864197,71.29629629629629
E00025102,328,76,34,42,252,14,238,23.170731707317074,10.365853658536585,12.804878048780488,76.82926829268293,4.2682926829268295,72.5609756097561
E00025103,268,41,21,20,227,19,208,15.298507462686567,7.835820895522389,7.462686567164178,84.70149253731343,7.08955223880597,77.61194029850746
E00025104,376,72,36,36,304,15,289,19.148936170212767,9.574468085106384,9.574468085106384,80.85106382978722,3.9893617021276597,76.86170212765957
E00025105,236,68,33,35,168,13,155,28.8135593220339,13.983050847457626,14.83050847457627,71.1864406779661,5.508474576271186,65.67796610169492
E00025106,300,86,43,43,214,29,185,28.666666666666668,14.333333333333334,14.333333333333334,71.33333333333334,9.666666666666666,61.66666666666667
E00025107,345,49,21,28,296,24,272,14.202898550724639,6.086956521739131,8.115942028985506,85.79710144927536,6.956521739130435,78.84057971014494
E00025108,343,61,32,29,282,17,265,17.784256559766764,9.329446064139942,8.454810495626822,82.21574344023324,4.956268221574344,77.25947521865889
E00025109,266,67,34,33,199,15,184,25.18796992481203,12.781954887218044,12.406015037593985,74.81203007518798,5.639097744360902,69.17293233082707
E00025110,428,84,39,45,344,16,328,19.626168224299064,9.11214953271028,10.514018691588785,80.37383177570094,3.7383177570093453,76.63551401869158
E00025111,297,44,15,29,253,28,225,14.814814814814813,5.05050505050505,9.764309764309765,85.18518518518519,9.427609427609427,75.75757575757575
E00025112,303,45,14,31,258,31,227,14.85148514851485,4.62046204620462,10.231023102310232,85.14851485148515,10.231023102310232,74.91749174917491
E00025113,337,50,22,28,287,26,261,14.836795252225517,6.528189910979229,8.30860534124629,85.16320474777447,7.71513353115727,77.44807121661721
E00025114,406,57,22,35,349,31,318,14.039408866995073,5.41871921182266,8.620689655172415,85.96059113300493,7.635467980295567,78.32512315270937
E00025115,303,43,18,25,260,21,239,14.19141914191419,5.9405940594059405,8.25082508250825,85.8085808580858,6.9306930693069315,78.87788778877888
E00025116,292,65,38,27,227,19,208,22.26027397260274,13.013698630136986,9.246575342465754,77.73972602739725,6.506849315068493,71.23287671232876
E00025117,556,91,33,58,465,40,425,16.366906474820144,5.935251798561151,10.431654676258994,83.63309352517986,7.1942446043165464,76.43884892086331
E00025118,311,52,23,29,259,22,237,16.720257234726688,7.395498392282958,9.32475884244373,83.27974276527331,7.07395498392283,76.20578778135048
E00025119,415,96,50,46,319,29,290,23.132530120481928,12.048192771084338,11.08433734939759,76.86746987951807,6.987951807228916,69.87951807228916
E00025120,296,41,16,25,255,20,235,13.85135135135135,5.405405405405405,8.445945945945946,86.14864864864865,6.756756756756757,79.3918918918919
E00025121,298,72,27,45,226,34,192,24.161073825503358,9.060402684563758,15.100671140939598,75.83892617449665,11.409395973154362,64.42953020134227
E00025122,259,57,23,34,202,11,191,22.00772200772201,8.880308880308881,13.127413127413126,77.99227799227799,4.247104247104247,73.74517374517374
E00025123,287,59,21,38,228,30,198,20.557491289198605,7.317073170731707,13.240418118466899,79.44250871080139,10.452961672473867,68.98954703832753
E00025124,201,54,24,30,147,12,135,26.865671641791046,11.940298507462686,14.925373134328357,73.13432835820896,5.970149253731343,67.16417910447761
E00025125,301,36,15,21,265,27,238,11.960132890365449,4.983388704318937,6.976744186046512,88.03986710963456,8.970099667774086,79.06976744186046
E00025126,319,51,22,29,268,34,234,15.987460815047022,6.896551724137931,9.090909090909092,84.01253918495298,10.658307210031348,73.35423197492163
E00025127,314,55,19,36,259,18,241,17.51592356687898,6.050955414012739,11.464968152866243,82.48407643312102,5.7324840764331215,76.75159235668791
E00025128,296,41,16,25,255,25,230,13.85135135135135,5.405405405405405,8.445945945945946,86.14864864864865,8.445945945945946,77.7027027027027
E00025129,297,48,29,19,249,19,230,16.161616161616163,9.764309764309765,6.397306397306397,83.83838383838383,6.397306397306397,77.44107744107744
E00025130,296,55,23,32,241,32,209,18.58108108108108,7.77027027027027,10.81081081081081,81.41891891891892,10.81081081081081,70.6081081081081
E00025131,262,32,12,20,230,26,204,12.213740458015266,4.580152671755725,7.633587786259542,87.78625954198473,9.923664122137405,77.86259541984732
E00025132,198,59,38,21,139,12,127,29.797979797979796,19.19191919191919,10.606060606060606,70.2020202020202,6.0606060606060606,64.14141414141415
E00025133,405,81,33,48,324,27,297,20,8.148148148148149,11.851851851851853,80,6.666666666666667,73.33333333333333
E00025134,291,49,13,36,242,30,212,16.83848797250859,4.4673539518900345,12.371134020618557,83.16151202749141,10.309278350515463,72.85223367697594
E00025135,262,61,30,31,201,23,178,23.282442748091604,11.450381679389313,11.83206106870229,76.7175572519084,8.778625954198473,67.93893129770993
E00025136,529,62,21,41,467,29,438,11.720226843100189,3.9697542533081283,7.750472589792061,88.27977315689981,5.482041587901701,82.79773156899812
E00025137,394,90,48,42,304,23,281,22.84263959390863,12.18274111675127,10.65989847715736,77.15736040609137,5.83756345177665,71.31979695431471
E00025138,353,55,24,31,298,17,281,15.58073654390935,6.79886685552408,8.78186968838527,84.41926345609065,4.815864022662889,79.60339943342775
E00025139,283,51,23,28,232,32,200,18.021201413427562,8.12720848056537,9.89399293286219,81.97879858657244,11.307420494699647,70.6713780918728
E00025140,340,62,20,42,278,24,254,18.235294117647058,5.88235294117647,12.352941176470589,81.76470588235294,7.0588235294117645,74.70588235294117
E00025141,337,50,19,31,287,31,256,14.836795252225517,5.637982195845697,9.198813056379821,85.16320474777447,9.198813056379821,75.96439169139467
E00025142,371,47,18,29,324,34,290,12.668463611859837,4.8517520215633425,7.816711590296496,87.33153638814017,9.164420485175203,78.16711590296495
E00025143,269,49,26,23,220,22,198,18.21561338289963,9.66542750929368,8.550185873605948,81.78438661710037,8.178438661710038,73.60594795539033
E00025144,304,46,23,23,258,19,239,15.131578947368421,7.565789473684211,7.565789473684211,84.86842105263158,6.25,78.61842105263158
E00025145,468,70,30,40,398,35,363,14.957264957264957,6.41025641025641,8.547008547008547,85.04273504273505,7.478632478632479,77.56410256410257
E00025146,493,82,28,54,411,37,374,16.63286004056795,5.679513184584178,10.953346855983773,83.36713995943205,7.505070993914807,75.86206896551724
E00025147,266,55,22,33,211,19,192,20.676691729323306,8.270676691729323,12.406015037593985,79.32330827067669,7.142857142857142,72.18045112781954
E00025148,320,85,45,40,235,15,220,26.5625,14.0625,12.5,73.4375,4.6875,68.75
E00025149,221,38,17,21,183,27,156,17.194570135746606,7.6923076923076925,9.502262443438914,82.80542986425338,12.217194570135746,70.58823529411765
E00025150,300,42,10,32,258,30,228,14.000000000000002,3.3333333333333335,10.666666666666668,86,10,76
E00025151,372,44,19,25,328,26,302,11.827956989247312,5.10752688172043,6.720430107526881,88.17204301075269,6.989247311827956,81.18279569892472
E00025152,267,44,17,27,223,21,202,16.479400749063668,6.367041198501873,10.112359550561797,83.52059925093633,7.865168539325842,75.65543071161048
E00025153,340,74,38,36,266,14,252,21.764705882352942,11.176470588235295,10.588235294117647,78.23529411764706,4.117647058823529,74.11764705882354
E00025154,274,74,36,38,200,17,183,27.00729927007299,13.138686131386862,13.86861313868613,72.99270072992701,6.204379562043796,66.78832116788321
E00025155,273,41,12,29,232,34,198,15.018315018315018,4.395604395604396,10.622710622710622,84.98168498168498,12.454212454212454,72.52747252747253
E00025156,344,50,17,33,294,21,273,14.534883720930234,4.941860465116279,9.593023255813954,85.46511627906976,6.104651162790697,79.36046511627907
E00025157,293,39,10,29,254,27,227,13.310580204778159,3.4129692832764507,9.897610921501707,86.68941979522185,9.215017064846416,77.47440273037543
E00025158,283,66,32,34,217,18,199,23.32155477031802,11.307420494699647,12.014134275618375,76.67844522968198,6.36042402826855,70.31802120141343
E00025159,279,53,23,30,226,19,207,18.996415770609318,8.24372759856631,10.75268817204301,81.00358422939068,6.810035842293908,74.19354838709677
E00025160,306,48,18,30,258,22,236,15.686274509803921,5.88235294117647,9.803921568627452,84.31372549019608,7.18954248366013,77.12418300653596
E00025161,335,46,14,32,289,18,271,13.73134328358209,4.179104477611941,9.55223880597015,86.26865671641791,5.3731343283582085,80.8955223880597
E00025162,321,64,29,35,257,22,235,19.937694704049843,9.034267912772584,10.903426791277258,80.06230529595015,6.853582554517133,73.20872274143302
E00025163,276,32,13,19,244,21,223,11.594202898550725,4.710144927536232,6.884057971014493,88.40579710144928,7.608695652173914,80.79710144927536
E00025164,305,43,15,28,262,26,236,14.098360655737704,4.918032786885246,9.180327868852459,85.90163934426229,8.524590163934425,77.37704918032787
E00025165,203,72,42,30,131,11,120,35.467980295566505,20.689655172413794,14.77832512315271,64.5320197044335,5.41871921182266,59.11330049261084
E00025166,306,44,14,30,262,23,239,14.37908496732026,4.57516339869281,9.803921568627452,85.62091503267973,7.516339869281046,78.10457516339869
E00025167,301,46,19,27,255,20,235,15.282392026578073,6.312292358803987,8.970099667774086,84.71760797342192,6.64451827242525,78.07308970099668
E00025168,299,52,21,31,247,24,223,17.391304347826086,7.023411371237458,10.367892976588628,82.6086956521739,8.02675585284281,74.5819397993311
E00025169,242,46,15,31,196,26,170,19.00826446280992,6.198347107438017,12.8099173553719,80.99173553719008,10.743801652892563,70.24793388429752
E00025170,291,36,13,23,255,25,230,12.371134020618557,4.4673539518900345,7.903780068728522,87.62886597938144,8.59106529209622,79.03780068728523
E00025171,267,50,13,37,217,16,201,18.726591760299627,4.868913857677903,13.857677902621724,81.27340823970037,5.992509363295881,75.28089887640449
E00025172,299,47,19,28,252,24,228,15.719063545150503,6.354515050167224,9.364548494983277,84.2809364548495,8.02675585284281,76.2541806020067
E00025173,234,44,22,22,190,20,170,18.803418803418804,9.401709401709402,9.401709401709402,81.19658119658119,8.547008547008547,72.64957264957265
E00025174,452,140,97,43,312,28,284,30.973451327433626,21.460176991150444,9.513274336283185,69.02654867256636,6.1946902654867255,62.83185840707964
E00025175,265,55,22,33,210,16,194,20.754716981132077,8.30188679245283,12.452830188679245,79.24528301886792,6.037735849056604,73.20754716981132
E00025176,338,54,19,35,284,31,253,15.976331360946746,5.621301775147929,10.355029585798817,84.02366863905326,9.171597633136095,74.85207100591717
E00025177,353,85,38,47,268,15,253,24.07932011331445,10.764872521246458,13.314447592067987,75.92067988668555,4.2492917847025495,71.671388101983
E00025178,214,49,25,24,165,19,146,22.897196261682243,11.682242990654206,11.214953271028037,77.10280373831776,8.878504672897195,68.22429906542055
E00025179,300,51,19,32,249,27,222,17,6.333333333333334,10.666666666666668,83,9,74
E00025180,305,49,16,33,256,24,232,16.065573770491802,5.245901639344262,10.819672131147541,83.93442622950819,7.868852459016394,76.0655737704918
E00025181,269,37,12,25,232,25,207,13.754646840148698,4.4609665427509295,9.293680297397769,86.2453531598513,9.293680297397769,76.95167286245353
E00025182,289,53,18,35,236,17,219,18.33910034602076,6.228373702422145,12.110726643598616,81.66089965397923,5.88235294117647,75.77854671280276
E00025183,309,58,22,36,251,29,222,18.77022653721683,7.119741100323624,11.650485436893204,81.22977346278317,9.385113268608414,71.84466019417476
E00025184,241,54,26,28,187,18,169,22.40663900414938,10.78838174273859,11.618257261410788,77.59336099585063,7.468879668049793,70.12448132780082
E00025185,275,55,23,32,220,17,203,20,8.363636363636363,11.636363636363637,80,6.181818181818182,73.81818181818181
E00025186,357,79,47,32,278,21,257,22.128851540616246,13.165266106442578,8.96358543417367,77.87114845938376,5.88235294117647,71.98879551820728
E00025187,263,61,29,32,202,23,179,23.193916349809886,11.02661596958175,12.167300380228136,76.80608365019012,8.745247148288973,68.06083650190115
E00025188,285,49,25,24,236,29,207,17.192982456140353,8.771929824561402,8.421052631578947,82.80701754385966,10.175438596491228,72.63157894736842
E00025189,186,74,45,29,112,5,107,39.784946236559136,24.193548387096776,15.591397849462366,60.215053763440864,2.6881720430107525,57.52688172043011
E00025190,308,45,8,37,263,22,241,14.61038961038961,2.5974025974025974,12.012987012987013,85.3896103896104,7.142857142857142,78.24675324675324
E00025191,283,48,19,29,235,18,217,16.96113074204947,6.713780918727916,10.247349823321555,83.03886925795054,6.36042402826855,76.67844522968198
E00025192,301,64,34,30,237,20,217,21.262458471760798,11.295681063122924,9.966777408637874,78.7375415282392,6.64451827242525,72.09302325581395
E00025193,319,61,17,44,258,28,230,19.122257053291534,5.329153605015674,13.793103448275861,80.87774294670847,8.77742946708464,72.10031347962382
E00025194,335,81,47,34,254,13,241,24.17910447761194,14.029850746268657,10.149253731343283,75.82089552238806,3.880597014925373,71.94029850746269
E00025195,409,164,96,68,245,24,221,40.09779951100245,23.4718826405868,16.625916870415647,59.90220048899756,5.8679706601467,54.034229828850854
E00025197,267,84,48,36,183,17,166,31.46067415730337,17.97752808988764,13.48314606741573,68.53932584269663,6.367041198501873,62.172284644194754
E00025198,349,54,19,35,295,27,268,15.472779369627506,5.444126074498568,10.028653295128938,84.5272206303725,7.736389684813753,76.79083094555874
E00025199,326,50,16,34,276,22,254,15.337423312883436,4.9079754601226995,10.429447852760736,84.66257668711657,6.748466257668712,77.91411042944786
E00025200,433,69,35,34,364,41,323,15.935334872979215,8.083140877598153,7.852193995381063,84.06466512702079,9.468822170900692,74.5958429561201
E00025201,349,88,45,43,261,16,245,25.214899713467048,12.893982808022923,12.320916905444127,74.78510028653295,4.584527220630372,70.20057306590259
E00025202,232,57,34,23,175,11,164,24.568965517241377,14.655172413793101,9.913793103448276,75.43103448275862,4.741379310344827,70.6896551724138
E00025203,374,66,29,37,308,19,289,17.647058823529413,7.754010695187167,9.893048128342247,82.35294117647058,5.080213903743315,77.27272727272727
E00025204,396,91,42,49,305,18,287,22.97979797979798,10.606060606060606,12.373737373737374,77.02020202020202,4.545454545454546,72.47474747474747
E00025205,271,65,32,33,206,10,196,23.985239852398525,11.808118081180812,12.177121771217712,76.01476014760148,3.6900369003690034,72.32472324723247
E00025206,305,50,20,30,255,19,236,16.39344262295082,6.557377049180328,9.836065573770492,83.60655737704919,6.229508196721312,77.37704918032787
E00025207,364,93,50,43,271,15,256,25.549450549450547,13.736263736263737,11.813186813186812,74.45054945054946,4.1208791208791204,70.32967032967034
E00025208,433,70,31,39,363,24,339,16.166281755196305,7.159353348729793,9.006928406466514,83.83371824480369,5.542725173210162,78.29099307159353
E00025209,309,63,28,35,246,10,236,20.388349514563107,9.06148867313916,11.326860841423949,79.6116504854369,3.2362459546925564,76.37540453074433
E00025210,534,89,59,30,445,21,424,16.666666666666664,11.04868913857678,5.617977528089887,83.33333333333334,3.932584269662921,79.40074906367042
E00025211,446,67,28,39,379,20,359,15.022421524663676,6.278026905829597,8.74439461883408,84.97757847533633,4.484304932735426,80.49327354260089
E00025212,231,53,27,26,178,17,161,22.943722943722943,11.688311688311687,11.255411255411255,77.05627705627705,7.35930735930736,69.6969696969697
E00025213,254,69,33,36,185,12,173,27.165354330708663,12.992125984251967,14.173228346456693,72.83464566929135,4.724409448818897,68.11023622047244
E00025214,326,51,24,27,275,26,249,15.644171779141105,7.361963190184049,8.282208588957054,84.3558282208589,7.975460122699387,76.38036809815951
E00025215,322,57,13,44,265,27,238,17.70186335403727,4.037267080745342,13.664596273291925,82.29813664596274,8.385093167701864,73.91304347826086
E00025216,305,66,25,41,239,14,225,21.639344262295083,8.19672131147541,13.442622950819672,78.36065573770492,4.590163934426229,73.77049180327869
E00025217,324,63,24,39,261,27,234,19.444444444444446,7.4074074074074066,12.037037037037036,80.55555555555556,8.333333333333332,72.22222222222221
E00025218,356,87,49,38,269,27,242,24.43820224719101,13.764044943820226,10.674157303370785,75.56179775280899,7.584269662921349,67.97752808988764
E00025219,285,32,14,18,253,28,225,11.228070175438596,4.912280701754386,6.315789473684211,88.7719298245614,9.824561403508772,78.94736842105263
E00025220,278,38,12,26,240,26,214,13.66906474820144,4.316546762589928,9.352517985611511,86.33093525179856,9.352517985611511,76.97841726618705
E00025221,259,100,56,44,159,14,145,38.61003861003861,21.62162162162162,16.988416988416986,61.38996138996139,5.405405405405405,55.98455598455598
E00025222,253,37,16,21,216,27,189,14.624505928853754,6.324110671936759,8.300395256916996,85.37549407114624,10.67193675889328,74.70355731225297
E00025223,241,43,17,26,198,22,176,17.842323651452283,7.053941908713693,10.78838174273859,82.15767634854771,9.12863070539419,73.02904564315352
E00025224,305,45,18,27,260,21,239,14.754098360655737,5.901639344262295,8.852459016393443,85.24590163934425,6.885245901639345,78.36065573770492
E00025225,338,58,12,46,280,26,254,17.159763313609467,3.5502958579881656,13.609467455621301,82.84023668639054,7.6923076923076925,75.14792899408283
E00025226,235,37,12,25,198,19,179,15.74468085106383,5.106382978723404,10.638297872340425,84.25531914893617,8.085106382978724,76.17021276595744
E00025227,389,58,29,29,331,39,292,14.910025706940875,7.455012853470437,7.455012853470437,85.08997429305913,10.025706940874036,75.06426735218508
E00025228,237,91,53,38,146,13,133,38.39662447257383,22.362869198312236,16.033755274261605,61.60337552742617,5.485232067510549,56.118143459915615
E00025229,325,46,16,30,279,25,254,14.153846153846153,4.923076923076923,9.230769230769232,85.84615384615385,7.6923076923076925,78.15384615384615
E00025230,264,80,39,41,184,9,175,30.303030303030305,14.772727272727273,15.530303030303031,69.6969696969697,3.4090909090909087,66.28787878787878
E00025231,241,68,40,28,173,16,157,28.21576763485477,16.59751037344398,11.618257261410788,71.78423236514523,6.639004149377594,65.14522821576763
E00025232,264,71,46,25,193,15,178,26.89393939393939,17.424242424242426,9.469696969696969,73.10606060606061,5.681818181818182,67.42424242424242
E00025233,280,95,48,47,185,24,161,33.92857142857143,17.142857142857142,16.785714285714285,66.07142857142857,8.571428571428571,57.49999999999999
E00025234,275,71,23,48,204,18,186,25.818181818181817,8.363636363636363,17.454545454545457,74.18181818181819,6.545454545454546,67.63636363636364
E00025235,246,62,41,21,184,28,156,25.203252032520325,16.666666666666664,8.536585365853659,74.79674796747967,11.38211382113821,63.41463414634146
E00025236,489,67,31,36,422,43,379,13.701431492842536,6.339468302658487,7.361963190184049,86.29856850715747,8.793456032719837,77.50511247443764
E00025237,282,46,12,34,236,16,220,16.312056737588655,4.25531914893617,12.056737588652481,83.68794326241135,5.673758865248227,78.01418439716312
E00025238,304,64,19,45,240,26,214,21.052631578947366,6.25,14.802631578947366,78.94736842105263,8.552631578947368,70.39473684210526
E00025239,346,84,33,51,262,25,237,24.277456647398843,9.53757225433526,14.739884393063585,75.72254335260115,7.225433526011561,68.4971098265896
E00025240,330,61,22,39,269,30,239,18.484848484848484,6.666666666666667,11.818181818181818,81.51515151515152,9.090909090909092,72.42424242424242
E00025241,311,39,17,22,272,26,246,12.540192926045016,5.466237942122187,7.07395498392283,87.45980707395499,8.360128617363344,79.09967845659163
E00025242,275,34,14,20,241,33,208,12.363636363636363,5.090909090909091,7.2727272727272725,87.63636363636364,12,75.63636363636364
E00025243,359,41,15,26,318,28,290,11.420612813370473,4.178272980501393,7.242339832869081,88.57938718662952,7.7994428969359335,80.77994428969359
E00025244,295,46,13,33,249,30,219,15.593220338983052,4.406779661016949,11.186440677966102,84.40677966101696,10.16949152542373,74.23728813559322
E00025245,270,46,13,33,224,28,196,17.037037037037038,4.814814814814815,12.222222222222221,82.96296296296296,10.37037037037037,72.5925925925926
E00025246,284,42,12,30,242,40,202,14.788732394366196,4.225352112676056,10.56338028169014,85.2112676056338,14.084507042253522,71.12676056338029
E00025247,339,42,15,27,297,20,277,12.389380530973451,4.424778761061947,7.964601769911504,87.61061946902655,5.899705014749262,81.71091445427729
E00025248,210,43,25,18,167,17,150,20.476190476190474,11.904761904761903,8.571428571428571,79.52380952380952,8.095238095238095,71.42857142857143
E00025249,212,43,20,23,169,13,156,20.28301886792453,9.433962264150944,10.849056603773585,79.71698113207547,6.132075471698113,73.58490566037736
E00025250,347,57,20,37,290,25,265,16.42651296829971,5.763688760806916,10.662824207492795,83.5734870317003,7.204610951008646,76.36887608069163
E00025251,269,44,15,29,225,16,209,16.356877323420075,5.5762081784386615,10.780669144981413,83.64312267657994,5.947955390334572,77.69516728624535
E00025252,311,53,25,28,258,23,235,17.041800643086816,8.038585209003216,9.003215434083602,82.95819935691318,7.395498392282958,75.56270096463022
E00025253,276,79,41,38,197,19,178,28.6231884057971,14.855072463768115,13.768115942028986,71.37681159420289,6.884057971014493,64.4927536231884
E00025254,449,97,48,49,352,28,324,21.603563474387528,10.690423162583519,10.913140311804009,78.39643652561247,6.23608017817372,72.16035634743875
E00025255,299,67,43,24,232,13,219,22.40802675585284,14.381270903010032,8.02675585284281,77.59197324414716,4.3478260869565215,73.24414715719062
E00025256,364,49,20,29,315,26,289,13.461538461538462,5.4945054945054945,7.967032967032966,86.53846153846155,7.142857142857142,79.3956043956044
E00025257,357,43,17,26,314,28,286,12.044817927170868,4.761904761904762,7.282913165266107,87.95518207282913,7.8431372549019605,80.11204481792717
E00025258,287,57,27,30,230,22,208,19.860627177700348,9.40766550522648,10.452961672473867,80.13937282229965,7.665505226480835,72.47386759581882
E00025259,394,107,56,51,287,20,267,27.157360406091367,14.213197969543149,12.944162436548224,72.84263959390863,5.0761421319796955,67.76649746192894
E00025260,395,53,16,37,342,26,316,13.41772151898734,4.050632911392405,9.367088607594937,86.58227848101265,6.582278481012659,80
E00025261,356,133,83,50,223,16,207,37.359550561797754,23.314606741573034,14.04494382022472,62.64044943820225,4.49438202247191,58.14606741573034
E00025262,307,80,42,38,227,23,204,26.058631921824105,13.680781758957655,12.37785016286645,73.9413680781759,7.491856677524431,66.44951140065146
E00025263,301,46,26,20,255,14,241,15.282392026578073,8.637873754152823,6.64451827242525,84.71760797342192,4.651162790697675,80.06644518272425
E00025264,272,55,20,35,217,23,194,20.22058823529412,7.352941176470589,12.867647058823529,79.77941176470588,8.455882352941178,71.32352941176471
E00025265,320,68,23,45,252,13,239,21.25,7.187499999999999,14.0625,78.75,4.0625,74.6875
E00025266,228,69,35,34,159,13,146,30.263157894736842,15.350877192982457,14.912280701754385,69.73684210526315,5.701754385964912,64.03508771929825
E00025267,281,50,23,27,231,23,208,17.793594306049823,8.185053380782918,9.608540925266903,82.20640569395017,8.185053380782918,74.02135231316726
E00025268,175,78,52,26,97,9,88,44.57142857142857,29.714285714285715,14.857142857142858,55.42857142857143,5.142857142857142,50.28571428571429
E00025269,189,38,15,23,151,10,141,20.105820105820104,7.936507936507936,12.16931216931217,79.8941798941799,5.291005291005291,74.60317460317461
E00025270,273,90,44,46,183,14,169,32.967032967032964,16.117216117216117,16.84981684981685,67.03296703296702,5.128205128205128,61.904761904761905
E00025271,244,71,39,32,173,15,158,29.098360655737704,15.983606557377051,13.114754098360656,70.90163934426229,6.147540983606557,64.75409836065575
E00025272,261,80,40,40,181,11,170,30.65134099616858,15.32567049808429,15.32567049808429,69.34865900383141,4.21455938697318,65.13409961685824
E00025273,334,60,26,34,274,20,254,17.964071856287426,7.784431137724551,10.179640718562874,82.03592814371258,5.9880239520958085,76.04790419161677
E00025274,268,54,24,30,214,24,190,20.149253731343283,8.955223880597014,11.194029850746269,79.8507462686567,8.955223880597014,70.8955223880597
E00025275,330,60,29,31,270,16,254,18.181818181818183,8.787878787878787,9.393939393939393,81.81818181818183,4.848484848484849,76.96969696969697
E00025276,289,57,26,31,232,21,211,19.72318339100346,8.996539792387544,10.726643598615917,80.27681660899654,7.26643598615917,73.01038062283737
E00025277,337,77,41,36,260,20,240,22.8486646884273,12.166172106824925,10.682492581602373,77.1513353115727,5.934718100890208,71.2166172106825
E00025278,314,55,24,31,259,23,236,17.51592356687898,7.643312101910828,9.872611464968154,82.48407643312102,7.32484076433121,75.15923566878982
E00025279,381,57,24,33,324,26,298,14.960629921259844,6.299212598425196,8.661417322834646,85.03937007874016,6.824146981627297,78.21522309711287
E00025280,370,67,26,41,303,28,275,18.10810810810811,7.027027027027027,11.081081081081082,81.89189189189189,7.567567567567568,74.32432432432432
E00025281,205,33,13,20,172,18,154,16.097560975609756,6.341463414634147,9.75609756097561,83.90243902439025,8.780487804878048,75.1219512195122
E00025282,290,54,26,28,236,21,215,18.620689655172416,8.96551724137931,9.655172413793103,81.37931034482759,7.241379310344828,74.13793103448276
E00025284,362,69,21,48,293,29,264,19.060773480662984,5.801104972375691,13.259668508287293,80.93922651933701,8.011049723756907,72.92817679558011
E00025285,394,61,27,34,333,38,295,15.48223350253807,6.852791878172589,8.629441624365482,84.51776649746193,9.644670050761421,74.8730964467005
E00025286,314,50,25,25,264,13,251,15.92356687898089,7.961783439490445,7.961783439490445,84.07643312101911,4.140127388535031,79.93630573248409
E00025287,327,32,10,22,295,20,275,9.785932721712538,3.058103975535168,6.727828746177369,90.21406727828746,6.116207951070336,84.09785932721712
E00025288,251,85,43,42,166,20,146,33.86454183266932,17.131474103585656,16.733067729083665,66.13545816733067,7.968127490039841,58.16733067729084
E00025289,363,58,23,35,305,15,290,15.977961432506888,6.336088154269973,9.641873278236915,84.02203856749311,4.132231404958678,79.88980716253444
E00025290,285,70,36,34,215,19,196,24.561403508771928,12.631578947368421,11.929824561403509,75.43859649122807,6.666666666666667,68.77192982456141
E00025291,284,82,48,34,202,16,186,28.87323943661972,16.901408450704224,11.971830985915492,71.12676056338029,5.633802816901409,65.49295774647888
E00025292,288,46,17,29,242,14,228,15.972222222222221,5.902777777777778,10.069444444444445,84.02777777777779,4.861111111111112,79.16666666666666
E00025293,333,60,27,33,273,22,251,18.01801801801802,8.108108108108109,9.90990990990991,81.98198198198197,6.606606606606606,75.37537537537537
E00025294,310,75,33,42,235,21,214,24.193548387096776,10.64516129032258,13.548387096774196,75.80645161290323,6.774193548387098,69.03225806451613
E00025295,317,69,41,28,248,29,219,21.766561514195583,12.933753943217665,8.832807570977918,78.23343848580441,9.14826498422713,69.08517350157729
E00025296,276,42,20,22,234,34,200,15.217391304347828,7.246376811594203,7.971014492753622,84.78260869565217,12.318840579710146,72.46376811594203
E00025297,262,58,22,36,204,20,184,22.137404580152673,8.396946564885496,13.740458015267176,77.86259541984732,7.633587786259542,70.22900763358778
E00025298,302,40,15,25,262,19,243,13.245033112582782,4.966887417218543,8.27814569536424,86.75496688741721,6.291390728476822,80.4635761589404
E00025299,325,58,22,36,267,22,245,17.846153846153847,6.769230769230769,11.076923076923077,82.15384615384616,6.769230769230769,75.38461538461539
E00025300,252,88,45,43,164,13,151,34.92063492063492,17.857142857142858,17.063492063492063,65.07936507936508,5.158730158730158,59.92063492063492
E00025301,289,83,41,42,206,19,187,28.719723183391004,14.186851211072666,14.53287197231834,71.280276816609,6.5743944636678195,64.70588235294117
E00025302,237,44,20,24,193,32,161,18.565400843881857,8.438818565400844,10.126582278481013,81.43459915611815,13.502109704641349,67.9324894514768
E00025303,210,28,11,17,182,23,159,13.333333333333334,5.238095238095238,8.095238095238095,86.66666666666667,10.952380952380953,75.71428571428571
E00025304,355,42,14,28,313,26,287,11.830985915492958,3.943661971830986,7.887323943661972,88.16901408450704,7.323943661971831,80.84507042253522
E00025305,393,50,19,31,343,28,315,12.72264631043257,4.8346055979643765,7.888040712468193,87.27735368956743,7.124681933842239,80.1526717557252
E00025306,327,58,19,39,269,20,249,17.737003058103976,5.81039755351682,11.926605504587156,82.26299694189603,6.116207951070336,76.14678899082568
E00025307,250,60,30,30,190,25,165,24,12,12,76,10,66
E00025309,282,59,18,41,223,18,205,20.921985815602838,6.382978723404255,14.539007092198581,79.07801418439716,6.382978723404255,72.69503546099291
E00025310,284,53,27,26,231,22,209,18.661971830985916,9.507042253521126,9.15492957746479,81.33802816901408,7.746478873239436,73.59154929577466
E00025311,376,79,38,41,297,27,270,21.01063829787234,10.106382978723403,10.904255319148938,78.98936170212765,7.180851063829788,71.80851063829788
E00025312,308,57,28,29,251,30,221,18.506493506493506,9.090909090909092,9.415584415584416,81.4935064935065,9.740259740259742,71.75324675324676
E00025313,297,51,17,34,246,16,230,17.17171717171717,5.723905723905724,11.447811447811448,82.82828282828282,5.387205387205387,77.44107744107744
E00025314,303,46,27,19,257,30,227,15.181518151815181,8.91089108910891,6.270627062706271,84.81848184818482,9.900990099009901,74.91749174917491
E00025315,301,45,16,29,256,25,231,14.950166112956811,5.3156146179401995,9.634551495016613,85.04983388704319,8.305647840531561,76.74418604651163
E00025316,423,72,27,45,351,44,307,17.02127659574468,6.382978723404255,10.638297872340425,82.97872340425532,10.401891252955082,72.57683215130024
E00025317,267,60,22,38,207,15,192,22.47191011235955,8.239700374531834,14.232209737827715,77.52808988764045,5.617977528089887,71.91011235955057
E00025318,292,41,15,26,251,25,226,14.04109589041096,5.136986301369863,8.904109589041095,85.95890410958904,8.561643835616438,77.3972602739726
E00025319,294,44,15,29,250,24,226,14.965986394557824,5.1020408163265305,9.863945578231291,85.03401360544217,8.16326530612245,76.87074829931973
E00025320,292,55,25,30,237,20,217,18.835616438356166,8.561643835616438,10.273972602739725,81.16438356164383,6.8493150684931505,74.31506849315068
E00025321,265,48,20,28,217,16,201,18.11320754716981,7.547169811320755,10.566037735849058,81.88679245283019,6.037735849056604,75.84905660377359
E00025322,295,56,21,35,239,15,224,18.983050847457626,7.118644067796611,11.864406779661017,81.01694915254237,5.084745762711865,75.9322033898305
E00025323,388,44,20,24,344,29,315,11.34020618556701,5.154639175257731,6.185567010309279,88.65979381443299,7.474226804123711,81.18556701030928
E00025324,231,42,14,28,189,15,174,18.181818181818183,6.0606060606060606,12.121212121212121,81.81818181818183,6.493506493506493,75.32467532467533
E00025325,284,30,13,17,254,19,235,10.56338028169014,4.577464788732395,5.985915492957746,89.43661971830986,6.690140845070422,82.74647887323944
E00025326,352,75,45,30,277,18,259,21.306818181818183,12.784090909090908,8.522727272727272,78.69318181818183,5.113636363636364,73.57954545454545
E00025327,251,94,56,38,157,15,142,37.45019920318725,22.31075697211155,15.139442231075698,62.54980079681275,5.9760956175298805,56.573705179282875
E00025328,300,61,27,34,239,21,218,20.333333333333332,9,11.333333333333332,79.66666666666666,7.000000000000001,72.66666666666667
E00025329,227,73,41,32,154,14,140,32.158590308370044,18.06167400881057,14.096916299559473,67.84140969162996,6.167400881057269,61.67400881057269
E00025330,259,75,40,35,184,12,172,28.957528957528954,15.444015444015443,13.513513513513514,71.04247104247105,4.633204633204633,66.40926640926641
E00025331,313,108,66,42,205,15,190,34.504792332268366,21.08626198083067,13.418530351437699,65.49520766773162,4.792332268370607,60.70287539936102
E00025332,252,86,43,43,166,15,151,34.12698412698413,17.063492063492063,17.063492063492063,65.87301587301587,5.952380952380952,59.92063492063492
E00025333,309,85,39,46,224,21,203,27.508090614886733,12.62135922330097,14.886731391585762,72.49190938511327,6.796116504854369,65.69579288025889
E00025334,342,113,53,60,229,19,210,33.04093567251462,15.497076023391813,17.543859649122805,66.95906432748538,5.555555555555555,61.40350877192983
E00025335,280,44,15,29,236,25,211,15.714285714285714,5.357142857142857,10.357142857142858,84.28571428571429,8.928571428571429,75.35714285714286
E00025336,267,30,9,21,237,17,220,11.235955056179774,3.3707865168539324,7.865168539325842,88.76404494382022,6.367041198501873,82.39700374531836
E00025337,566,74,18,56,492,39,453,13.074204946996467,3.180212014134275,9.89399293286219,86.92579505300353,6.890459363957597,80.03533568904594
E00025339,326,42,23,19,284,34,250,12.883435582822086,7.05521472392638,5.828220858895705,87.11656441717791,10.429447852760736,76.68711656441718
E00025341,200,51,18,33,149,18,131,25.5,9,16.5,74.5,9,65.5
E00025342,323,109,67,42,214,27,187,33.746130030959755,20.743034055727556,13.003095975232199,66.25386996904025,8.359133126934983,57.89473684210527
E00025343,360,92,40,52,268,23,245,25.555555555555554,11.11111111111111,14.444444444444443,74.44444444444444,6.388888888888888,68.05555555555556
E00025344,300,58,24,34,242,20,222,19.333333333333332,8,11.333333333333332,80.66666666666666,6.666666666666667,74
E00025345,403,129,73,56,274,19,255,32.00992555831266,18.11414392059553,13.895781637717123,67.99007444168734,4.714640198511166,63.27543424317618
E00025346,239,64,34,30,175,21,154,26.778242677824267,14.225941422594143,12.552301255230125,73.22175732217573,8.786610878661087,64.43514644351464
E00025347,250,62,27,35,188,13,175,24.8,10.8,14.000000000000002,75.2,5.2,70
E00025348,467,104,55,49,363,33,330,22.269807280513916,11.777301927194861,10.492505353319057,77.73019271948608,7.066381156316917,70.66381156316916
E00025349,201,54,27,27,147,13,134,26.865671641791046,13.432835820895523,13.432835820895523,73.13432835820896,6.467661691542288,66.66666666666666
E00025351,248,43,19,24,205,15,190,17.338709677419356,7.661290322580645,9.67741935483871,82.66129032258065,6.048387096774194,76.61290322580645
E00025352,270,49,22,27,221,20,201,18.14814814814815,8.148148148148149,10,81.85185185185185,7.4074074074074066,74.44444444444444
E00025353,252,66,27,39,186,15,171,26.190476190476193,10.714285714285714,15.476190476190476,73.80952380952381,5.952380952380952,67.85714285714286
E00025354,210,35,18,17,175,19,156,16.666666666666664,8.571428571428571,8.095238095238095,83.33333333333334,9.047619047619047,74.28571428571429
E00025355,262,41,14,27,221,28,193,15.648854961832063,5.343511450381679,10.305343511450381,84.35114503816794,10.687022900763358,73.66412213740458
E00025356,293,46,17,29,247,24,223,15.699658703071673,5.802047781569966,9.897610921501707,84.30034129692832,8.19112627986348,76.10921501706484
E00025357,424,69,33,36,355,26,329,16.27358490566038,7.783018867924528,8.49056603773585,83.72641509433963,6.132075471698113,77.59433962264151
E00025359,274,51,24,27,223,24,199,18.613138686131386,8.75912408759124,9.854014598540147,81.38686131386861,8.75912408759124,72.62773722627736
E00025360,334,73,29,44,261,18,243,21.856287425149702,8.682634730538922,13.17365269461078,78.1437125748503,5.389221556886228,72.75449101796407
E00025361,346,45,20,25,301,29,272,13.005780346820808,5.780346820809249,7.225433526011561,86.9942196531792,8.38150289017341,78.61271676300578
E00025362,287,30,10,20,257,25,232,10.452961672473867,3.484320557491289,6.968641114982578,89.54703832752612,8.710801393728223,80.8362369337979
E00025363,337,52,21,31,285,24,261,15.43026706231454,6.231454005934718,9.198813056379821,84.56973293768546,7.121661721068249,77.44807121661721
E00025364,323,79,48,31,244,13,231,24.458204334365323,14.860681114551083,9.597523219814242,75.54179566563467,4.024767801857585,71.51702786377709
E00025365,500,84,28,56,416,38,378,16.8,5.6000000000000005,11.200000000000001,83.2,7.6,75.6
E00025366,234,34,12,22,200,15,185,14.529914529914532,5.128205128205128,9.401709401709402,85.47008547008546,6.41025641025641,79.05982905982906
E00025367,340,85,45,40,255,13,242,25,13.23529411764706,11.76470588235294,75,3.823529411764706,71.17647058823529
E00025368,254,68,28,40,186,9,177,26.77165354330709,11.023622047244094,15.748031496062993,73.22834645669292,3.543307086614173,69.68503937007874
E00025370,303,45,19,26,258,16,242,14.85148514851485,6.270627062706271,8.58085808580858,85.14851485148515,5.2805280528052805,79.86798679867987
E00025371,285,43,21,22,242,27,215,15.087719298245613,7.368421052631578,7.719298245614035,84.91228070175438,9.473684210526317,75.43859649122807
E00025372,303,54,25,29,249,21,228,17.82178217821782,8.25082508250825,9.570957095709572,82.17821782178217,6.9306930693069315,75.24752475247524
E00025373,150,25,10,15,125,4,121,16.666666666666664,6.666666666666667,10,83.33333333333334,2.666666666666667,80.66666666666666
E00025374,212,60,35,25,152,10,142,28.30188679245283,16.50943396226415,11.79245283018868,71.69811320754717,4.716981132075472,66.98113207547169
E00025375,330,44,24,20,286,32,254,13.333333333333334,7.2727272727272725,6.0606060606060606,86.66666666666667,9.696969696969697,76.96969696969697
E00025376,319,42,8,34,277,26,251,13.166144200626958,2.507836990595611,10.658307210031348,86.83385579937304,8.150470219435736,78.68338557993731
E00025377,400,56,20,36,344,38,306,14.000000000000002,5,9,86,9.5,76.5
E00025378,413,48,19,29,365,44,321,11.62227602905569,4.600484261501211,7.021791767554479,88.37772397094432,10.653753026634384,77.72397094430993
E00025379,223,40,10,30,183,27,156,17.937219730941703,4.484304932735426,13.452914798206278,82.0627802690583,12.10762331838565,69.95515695067265
E00025380,234,74,41,33,160,18,142,31.62393162393162,17.52136752136752,14.102564102564102,68.37606837606837,7.6923076923076925,60.68376068376068
E00025381,322,56,19,37,266,24,242,17.391304347826086,5.900621118012422,11.490683229813664,82.6086956521739,7.453416149068323,75.15527950310559
E00025382,205,39,18,21,166,23,143,19.024390243902438,8.780487804878048,10.24390243902439,80.97560975609757,11.219512195121952,69.7560975609756
E00025383,259,39,12,27,220,23,197,15.057915057915059,4.633204633204633,10.424710424710424,84.94208494208493,8.880308880308881,76.06177606177607
E00025384,292,43,12,31,249,14,235,14.726027397260275,4.10958904109589,10.616438356164384,85.27397260273972,4.794520547945205,80.47945205479452
E00025385,236,34,6,28,202,23,179,14.40677966101695,2.5423728813559325,11.864406779661017,85.59322033898306,9.745762711864407,75.84745762711864
E00025386,307,47,12,35,260,28,232,15.309446254071663,3.908794788273615,11.400651465798045,84.69055374592834,9.120521172638437,75.57003257328991
E00025387,211,60,35,25,151,7,144,28.436018957345972,16.587677725118482,11.848341232227488,71.56398104265402,3.3175355450236967,68.24644549763033
E00025388,293,32,14,18,261,17,244,10.921501706484642,4.778156996587031,6.143344709897611,89.07849829351537,5.802047781569966,83.27645051194538
E00025389,388,55,18,37,333,26,307,14.175257731958762,4.639175257731959,9.536082474226804,85.82474226804123,6.701030927835052,79.12371134020619
E00025390,310,67,31,36,243,26,217,21.612903225806452,10,11.612903225806452,78.38709677419354,8.38709677419355,70
E00025391,366,122,65,57,244,33,211,33.33333333333333,17.759562841530055,15.573770491803279,66.66666666666666,9.01639344262295,57.650273224043715
E00025392,262,46,11,35,216,32,184,17.557251908396946,4.198473282442748,13.358778625954198,82.44274809160305,12.213740458015266,70.22900763358778
E00025393,274,47,20,27,227,24,203,17.153284671532848,7.2992700729927,9.854014598540147,82.84671532846716,8.75912408759124,74.08759124087592
E00025394,290,66,24,42,224,26,198,22.758620689655174,8.275862068965518,14.482758620689657,77.24137931034483,8.96551724137931,68.27586206896552
E00025395,312,55,23,32,257,32,225,17.628205128205128,7.371794871794872,10.256410256410255,82.37179487179486,10.256410256410255,72.11538461538461
E00025396,238,47,14,33,191,25,166,19.747899159663866,5.88235294117647,13.865546218487395,80.25210084033614,10.504201680672269,69.74789915966386
E00025397,264,35,16,19,229,27,202,13.257575757575758,6.0606060606060606,7.196969696969697,86.74242424242425,10.227272727272728,76.51515151515152
E00025398,418,72,32,40,346,30,316,17.22488038277512,7.655502392344498,9.569377990430622,82.77511961722487,7.177033492822966,75.5980861244019
E00025399,285,48,15,33,237,26,211,16.842105263157894,5.263157894736842,11.578947368421053,83.15789473684211,9.12280701754386,74.03508771929825
E00025400,228,41,13,28,187,29,158,17.982456140350877,5.701754385964912,12.280701754385964,82.01754385964912,12.719298245614036,69.2982456140351
E00025401,226,43,29,14,183,20,163,19.02654867256637,12.831858407079647,6.1946902654867255,80.97345132743364,8.849557522123893,72.12389380530973
E00025402,265,27,5,22,238,24,214,10.18867924528302,1.8867924528301887,8.30188679245283,89.81132075471699,9.056603773584905,80.75471698113208
E00025403,246,52,27,25,194,25,169,21.138211382113823,10.975609756097562,10.16260162601626,78.86178861788618,10.16260162601626,68.69918699186992
E00025404,273,34,10,24,239,25,214,12.454212454212454,3.6630036630036633,8.791208791208792,87.54578754578755,9.157509157509157,78.3882783882784
E00025405,276,50,33,17,226,19,207,18.115942028985508,11.956521739130435,6.159420289855073,81.88405797101449,6.884057971014493,75
E00025406,328,42,10,32,286,26,260,12.804878048780488,3.048780487804878,9.75609756097561,87.1951219512195,7.926829268292683,79.26829268292683
E00025407,333,62,29,33,271,22,249,18.61861861861862,8.708708708708707,9.90990990990991,81.38138138138137,6.606606606606606,74.77477477477478
E00025409,614,41,12,29,573,41,532,6.677524429967427,1.9543973941368076,4.723127035830619,93.32247557003257,6.677524429967427,86.64495114006515
E00025410,298,57,18,39,241,31,210,19.12751677852349,6.0402684563758395,13.087248322147651,80.87248322147651,10.40268456375839,70.46979865771812
E00025411,230,20,4,16,210,17,193,8.695652173913043,1.7391304347826086,6.956521739130435,91.30434782608695,7.391304347826087,83.91304347826087
E00025412,260,34,14,20,226,20,206,13.076923076923078,5.384615384615385,7.6923076923076925,86.92307692307692,7.6923076923076925,79.23076923076923
E00025413,255,35,18,17,220,30,190,13.725490196078432,7.0588235294117645,6.666666666666667,86.27450980392157,11.76470588235294,74.50980392156863
E00025414,351,54,16,38,297,34,263,15.384615384615385,4.5584045584045585,10.826210826210826,84.61538461538461,9.686609686609685,74.92877492877493
E00025415,417,39,8,31,378,41,337,9.352517985611511,1.9184652278177456,7.434052757793765,90.64748201438849,9.832134292565947,80.81534772182253
E00025416,235,29,5,24,206,26,180,12.340425531914894,2.127659574468085,10.212765957446807,87.65957446808511,11.063829787234042,76.59574468085107
E00025417,306,46,18,28,260,21,239,15.032679738562091,5.88235294117647,9.15032679738562,84.9673202614379,6.862745098039216,78.10457516339869
E00025418,262,45,26,19,217,24,193,17.17557251908397,9.923664122137405,7.251908396946565,82.82442748091603,9.16030534351145,73.66412213740458
E00025419,234,47,20,27,187,22,165,20.085470085470085,8.547008547008547,11.538461538461538,79.91452991452992,9.401709401709402,70.51282051282051
E00025420,374,55,16,39,319,34,285,14.705882352941178,4.27807486631016,10.427807486631016,85.29411764705883,9.090909090909092,76.20320855614973
E00025421,270,47,20,27,223,30,193,17.40740740740741,7.4074074074074066,10,82.5925925925926,11.11111111111111,71.48148148148148
E00025422,331,68,29,39,263,31,232,20.54380664652568,8.761329305135952,11.782477341389729,79.45619335347432,9.365558912386707,70.09063444108762
E00025423,334,75,38,37,259,15,244,22.45508982035928,11.377245508982035,11.077844311377245,77.54491017964071,4.491017964071856,73.05389221556887
E00025424,483,71,27,44,412,17,395,14.699792960662524,5.590062111801243,9.109730848861282,85.30020703933747,3.5196687370600417,81.78053830227742
E00025425,297,61,33,28,236,13,223,20.53872053872054,11.11111111111111,9.427609427609427,79.46127946127946,4.377104377104377,75.08417508417509
E00025427,575,63,33,30,512,22,490,10.956521739130434,5.739130434782608,5.217391304347826,89.04347826086956,3.826086956521739,85.21739130434783
E00025428,365,90,48,42,275,11,264,24.65753424657534,13.150684931506849,11.506849315068493,75.34246575342466,3.0136986301369864,72.32876712328768
E00025430,368,36,17,19,332,14,318,9.782608695652174,4.619565217391304,5.163043478260869,90.21739130434783,3.804347826086957,86.41304347826086
E00025432,356,78,39,39,278,12,266,21.910112359550563,10.955056179775282,10.955056179775282,78.08988764044943,3.3707865168539324,74.71910112359551
E00025433,425,61,31,30,364,10,354,14.352941176470587,7.294117647058823,7.0588235294117645,85.6470588235294,2.3529411764705883,83.29411764705881
E00025434,294,59,23,36,235,18,217,20.068027210884352,7.8231292517006805,12.244897959183673,79.93197278911565,6.122448979591836,73.80952380952381
E00025435,326,65,27,38,261,23,238,19.938650306748464,8.282208588957054,11.65644171779141,80.06134969325154,7.05521472392638,73.00613496932516
E00025436,421,78,39,39,343,25,318,18.52731591448931,9.263657957244655,9.263657957244655,81.47268408551069,5.938242280285035,75.53444180522565
E00025437,302,73,34,39,229,8,221,24.17218543046358,11.258278145695364,12.91390728476821,75.82781456953643,2.6490066225165565,73.17880794701986
E00025438,360,65,32,33,295,23,272,18.055555555555554,8.88888888888889,9.166666666666666,81.94444444444444,6.388888888888888,75.55555555555556
E00025439,501,74,36,38,427,20,407,14.770459081836327,7.18562874251497,7.584830339321358,85.22954091816366,3.992015968063872,81.23752495009981
E00025440,326,72,37,35,254,20,234,22.085889570552148,11.349693251533742,10.736196319018406,77.91411042944786,6.134969325153374,71.77914110429448
E00025441,414,78,35,43,336,31,305,18.84057971014493,8.454106280193237,10.38647342995169,81.15942028985508,7.487922705314009,73.67149758454107
E00025442,336,72,38,34,264,8,256,21.428571428571427,11.30952380952381,10.119047619047619,78.57142857142857,2.380952380952381,76.19047619047619
E00025443,327,61,29,32,266,17,249,18.654434250764528,8.868501529051988,9.785932721712538,81.34556574923548,5.198776758409786,76.14678899082568
E00025444,436,44,21,23,392,25,367,10.091743119266056,4.81651376146789,5.275229357798166,89.90825688073394,5.73394495412844,84.17431192660551
E00025445,339,53,21,32,286,13,273,15.634218289085547,6.1946902654867255,9.43952802359882,84.36578171091446,3.8348082595870205,80.53097345132744
E00025446,583,111,56,55,472,29,443,19.039451114922812,9.605488850771868,9.433962264150944,80.96054888507719,4.974271012006861,75.98627787307034
E00025447,307,57,28,29,250,17,233,18.566775244299674,9.120521172638437,9.446254071661238,81.43322475570032,5.537459283387622,75.8957654723127
E00025448,298,59,23,36,239,16,223,19.798657718120804,7.718120805369128,12.080536912751679,80.20134228187919,5.369127516778524,74.83221476510067
E00025449,457,80,33,47,377,30,347,17.505470459518598,7.2210065645514225,10.284463894967178,82.4945295404814,6.564551422319474,75.92997811816193
E00025450,295,62,27,35,233,19,214,21.01694915254237,9.152542372881356,11.864406779661017,78.98305084745762,6.440677966101695,72.54237288135593
E00025451,291,44,25,19,247,22,225,15.120274914089347,8.59106529209622,6.529209621993128,84.87972508591065,7.560137457044673,77.31958762886599
E00025452,144,57,26,31,87,12,75,39.58333333333333,18.055555555555554,21.52777777777778,60.416666666666664,8.333333333333332,52.083333333333336
E00025453,333,66,24,42,267,20,247,19.81981981981982,7.207207207207207,12.612612612612612,80.18018018018019,6.006006006006006,74.17417417417418
E00025454,373,84,39,45,289,12,277,22.5201072386059,10.455764075067025,12.064343163538874,77.4798927613941,3.2171581769436997,74.26273458445041
E00025455,227,53,27,26,174,9,165,23.348017621145374,11.894273127753303,11.45374449339207,76.65198237885463,3.9647577092511015,72.68722466960352
E00025456,444,86,50,36,358,26,332,19.36936936936937,11.26126126126126,8.108108108108109,80.63063063063063,5.8558558558558556,74.77477477477478
E00025457,263,57,21,36,206,22,184,21.673003802281368,7.984790874524715,13.688212927756654,78.32699619771863,8.365019011406844,69.96197718631178
E00025458,228,79,46,33,149,12,137,34.64912280701755,20.175438596491226,14.473684210526317,65.35087719298247,5.263157894736842,60.08771929824561
E00025459,322,42,23,19,280,28,252,13.043478260869565,7.142857142857142,5.900621118012422,86.95652173913044,8.695652173913043,78.26086956521739
E00025460,404,57,20,37,347,25,322,14.108910891089108,4.9504950495049505,9.158415841584159,85.89108910891089,6.188118811881188,79.70297029702971
E00025461,390,29,12,17,361,22,339,7.435897435897436,3.076923076923077,4.358974358974359,92.56410256410257,5.641025641025641,86.92307692307692
E00025462,434,202,165,37,232,27,205,46.54377880184332,38.0184331797235,8.525345622119817,53.45622119815668,6.221198156682028,47.235023041474655
E00025463,316,59,29,30,257,18,239,18.670886075949365,9.177215189873419,9.49367088607595,81.32911392405063,5.69620253164557,75.63291139240506
E00025464,332,83,40,43,249,17,232,25,12.048192771084338,12.951807228915662,75,5.120481927710843,69.87951807228916
E00025465,260,62,32,30,198,8,190,23.846153846153847,12.307692307692308,11.538461538461538,76.15384615384615,3.076923076923077,73.07692307692307
E00025466,280,44,20,24,236,15,221,15.714285714285714,7.142857142857142,8.571428571428571,84.28571428571429,5.357142857142857,78.92857142857143
E00025467,324,42,20,22,282,30,252,12.962962962962962,6.172839506172839,6.790123456790123,87.03703703703704,9.25925925925926,77.77777777777779
E00025468,612,142,56,86,470,66,404,23.202614379084967,9.15032679738562,14.052287581699346,76.79738562091504,10.784313725490197,66.01307189542483
E00025469,313,45,10,35,268,14,254,14.376996805111823,3.1948881789137378,11.182108626198083,85.62300319488818,4.472843450479233,81.15015974440894
E00025470,258,79,55,24,179,23,156,30.620155038759687,21.31782945736434,9.30232558139535,69.37984496124031,8.914728682170542,60.46511627906976
E00025471,149,60,29,31,89,14,75,40.26845637583892,19.463087248322147,20.80536912751678,59.73154362416108,9.395973154362416,50.33557046979866
E00025472,212,66,31,35,146,15,131,31.132075471698112,14.622641509433961,16.50943396226415,68.86792452830188,7.0754716981132075,61.79245283018868
E00025474,262,40,12,28,222,21,201,15.267175572519085,4.580152671755725,10.687022900763358,84.7328244274809,8.015267175572518,76.7175572519084
E00025475,260,44,16,28,216,27,189,16.923076923076923,6.153846153846154,10.76923076923077,83.07692307692308,10.384615384615385,72.6923076923077
E00025476,366,50,20,30,316,31,285,13.661202185792352,5.46448087431694,8.19672131147541,86.33879781420765,8.469945355191257,77.8688524590164
E00025477,255,36,16,20,219,26,193,14.117647058823529,6.2745098039215685,7.8431372549019605,85.88235294117646,10.196078431372548,75.68627450980392
E00025478,253,49,23,26,204,13,191,19.367588932806324,9.090909090909092,10.276679841897234,80.63241106719367,5.138339920948617,75.49407114624506
E00025479,355,80,31,49,275,26,249,22.535211267605636,8.732394366197182,13.802816901408452,77.46478873239437,7.323943661971831,70.14084507042253
E00025480,329,71,32,39,258,25,233,21.580547112462007,9.72644376899696,11.854103343465045,78.419452887538,7.598784194528875,70.82066869300911
E00025481,354,64,20,44,290,39,251,18.07909604519774,5.649717514124294,12.429378531073446,81.92090395480226,11.016949152542372,70.90395480225989
E00025482,234,40,16,24,194,19,175,17.094017094017094,6.837606837606838,10.256410256410255,82.90598290598291,8.11965811965812,74.78632478632478
E00025483,306,44,18,26,262,22,240,14.37908496732026,5.88235294117647,8.49673202614379,85.62091503267973,7.18954248366013,78.43137254901961
E00025484,291,43,19,24,248,24,224,14.776632302405499,6.529209621993128,8.24742268041237,85.2233676975945,8.24742268041237,76.97594501718214
E00025485,306,56,23,33,250,23,227,18.30065359477124,7.516339869281046,10.784313725490197,81.69934640522875,7.516339869281046,74.18300653594771
E00025486,309,38,12,26,271,28,243,12.297734627831716,3.8834951456310676,8.414239482200648,87.70226537216828,9.06148867313916,78.64077669902912
E00025487,275,55,27,28,220,16,204,20,9.818181818181818,10.181818181818182,80,5.818181818181818,74.18181818181819
E00025488,300,56,22,34,244,10,234,18.666666666666668,7.333333333333333,11.333333333333332,81.33333333333333,3.3333333333333335,78
E00025489,262,52,20,32,210,19,191,19.84732824427481,7.633587786259542,12.213740458015266,80.1526717557252,7.251908396946565,72.90076335877863
E00025490,306,70,26,44,236,24,212,22.875816993464053,8.49673202614379,14.37908496732026,77.12418300653596,7.8431372549019605,69.28104575163398
E00025491,434,35,16,19,399,38,361,8.064516129032258,3.686635944700461,4.377880184331797,91.93548387096774,8.755760368663594,83.17972350230414
E00025492,310,54,18,36,256,22,234,17.419354838709676,5.806451612903226,11.612903225806452,82.58064516129032,7.096774193548387,75.48387096774194
E00025493,319,60,29,31,259,21,238,18.808777429467085,9.090909090909092,9.717868338557993,81.19122257053291,6.583072100313479,74.60815047021944
E00025494,284,59,27,32,225,24,201,20.774647887323944,9.507042253521126,11.267605633802818,79.22535211267606,8.450704225352112,70.77464788732394
E00025495,274,58,21,37,216,11,205,21.16788321167883,7.664233576642336,13.503649635036496,78.83211678832117,4.014598540145985,74.81751824817519
E00025496,369,68,32,36,301,26,275,18.428184281842817,8.672086720867208,9.75609756097561,81.57181571815718,7.046070460704606,74.52574525745257
E00025497,327,50,16,34,277,18,259,15.29051987767584,4.892966360856269,10.397553516819572,84.70948012232415,5.5045871559633035,79.20489296636084
E00025498,327,55,23,32,272,19,253,16.819571865443425,7.033639143730887,9.785932721712538,83.18042813455658,5.81039755351682,77.37003058103976
E00025499,293,56,31,25,237,22,215,19.112627986348123,10.580204778156997,8.532423208191126,80.88737201365188,7.508532423208192,73.37883959044369
E00025500,357,63,19,44,294,20,274,17.647058823529413,5.322128851540616,12.324929971988796,82.35294117647058,5.602240896358544,76.75070028011206
E00025501,294,79,41,38,215,24,191,26.87074829931973,13.945578231292515,12.925170068027212,73.12925170068027,8.16326530612245,64.96598639455783
E00025502,307,63,29,34,244,16,228,20.521172638436482,9.446254071661238,11.074918566775244,79.47882736156352,5.211726384364821,74.2671009771987
E00025503,439,63,30,33,376,26,350,14.350797266514807,6.83371298405467,7.517084282460136,85.6492027334852,5.922551252847381,79.72665148063781
E00025504,329,59,31,28,270,20,250,17.933130699088146,9.422492401215806,8.51063829787234,82.06686930091185,6.079027355623101,75.98784194528876
E00025505,405,43,13,30,362,27,335,10.617283950617285,3.2098765432098766,7.4074074074074066,89.38271604938272,6.666666666666667,82.71604938271605
E00025506,486,79,30,49,407,27,380,16.255144032921812,6.172839506172839,10.08230452674897,83.7448559670782,5.555555555555555,78.18930041152264
E00025507,418,61,26,35,357,16,341,14.5933014354067,6.220095693779904,8.373205741626794,85.4066985645933,3.827751196172249,81.57894736842105
E00025508,388,31,15,16,357,22,335,7.989690721649484,3.865979381443299,4.123711340206185,92.0103092783505,5.670103092783505,86.34020618556701
E00025509,523,61,26,35,462,34,428,11.663479923518166,4.97131931166348,6.692160611854685,88.33652007648183,6.5009560229445515,81.83556405353728
E00025510,475,41,16,25,434,19,415,8.631578947368421,3.3684210526315788,5.263157894736842,91.36842105263158,4,87.36842105263159
E00025511,515,56,28,28,459,32,427,10.87378640776699,5.436893203883495,5.436893203883495,89.126213592233,6.213592233009709,82.91262135922331
E00025512,443,72,24,48,371,25,346,16.252821670428894,5.417607223476298,10.835214446952596,83.7471783295711,5.643340857787811,78.1038374717833
E00025513,503,59,19,40,444,30,414,11.72962226640159,3.7773359840954273,7.952286282306163,88.27037773359841,5.964214711729622,82.30616302186878
E00025514,437,30,12,18,407,21,386,6.864988558352403,2.745995423340961,4.118993135011442,93.13501144164759,4.805491990846682,88.32951945080092
E00025515,511,41,22,19,470,22,448,8.023483365949119,4.305283757338552,3.7181996086105675,91.97651663405088,4.305283757338552,87.67123287671232
E00025516,575,47,22,25,528,23,505,8.17391304347826,3.826086956521739,4.3478260869565215,91.82608695652173,4,87.82608695652175
E00025517,555,67,21,46,488,20,468,12.072072072072073,3.783783783783784,8.288288288288289,87.92792792792793,3.6036036036036037,84.32432432432432
E00025518,391,56,25,31,335,13,322,14.322250639386189,6.3938618925831205,7.928388746803069,85.6777493606138,3.324808184143223,82.35294117647058
E00025519,346,35,2,33,311,36,275,10.115606936416185,0.5780346820809248,9.53757225433526,89.88439306358381,10.404624277456648,79.47976878612717
E00025520,265,44,17,27,221,21,200,16.60377358490566,6.415094339622642,10.18867924528302,83.39622641509435,7.9245283018867925,75.47169811320755
E00025521,375,123,73,50,252,33,219,32.800000000000004,19.466666666666665,13.333333333333334,67.2,8.799999999999999,58.4
E00025522,351,59,24,35,292,27,265,16.80911680911681,6.837606837606838,9.971509971509972,83.1908831908832,7.6923076923076925,75.49857549857549
E00025523,324,44,15,29,280,36,244,13.580246913580247,4.62962962962963,8.950617283950617,86.41975308641975,11.11111111111111,75.30864197530865
E00025524,193,57,26,31,136,14,122,29.533678756476682,13.471502590673575,16.06217616580311,70.46632124352331,7.253886010362693,63.212435233160626
E00025525,280,47,16,31,233,23,210,16.785714285714285,5.714285714285714,11.071428571428571,83.21428571428572,8.214285714285714,75
E00025526,300,69,31,38,231,16,215,23,10.333333333333334,12.666666666666668,77,5.333333333333334,71.66666666666667
E00025527,306,86,46,40,220,12,208,28.104575163398692,15.032679738562091,13.071895424836603,71.89542483660131,3.9215686274509802,67.97385620915033
E00025528,368,57,27,30,311,29,282,15.489130434782608,7.336956521739131,8.152173913043478,84.51086956521739,7.880434782608696,76.63043478260869
E00025529,439,110,56,54,329,34,295,25.05694760820046,12.756264236902052,12.300683371298406,74.94305239179954,7.744874715261959,67.19817767653758
E00025530,240,36,13,23,204,19,185,15,5.416666666666667,9.583333333333334,85,7.916666666666666,77.08333333333334
E00025532,295,53,14,39,242,22,220,17.966101694915253,4.745762711864407,13.220338983050848,82.03389830508473,7.457627118644068,74.57627118644068
E00025533,380,41,12,29,339,32,307,10.789473684210527,3.1578947368421053,7.631578947368421,89.21052631578948,8.421052631578947,80.78947368421052
E00025534,257,50,20,30,207,13,194,19.45525291828794,7.782101167315175,11.673151750972762,80.54474708171206,5.058365758754864,75.4863813229572
E00025535,392,72,27,45,320,47,273,18.367346938775512,6.887755102040815,11.479591836734695,81.63265306122449,11.989795918367346,69.64285714285714
E00025536,325,43,15,28,282,24,258,13.230769230769232,4.615384615384616,8.615384615384615,86.76923076923076,7.384615384615385,79.38461538461539
E00025537,296,50,17,33,246,22,224,16.89189189189189,5.743243243243244,11.14864864864865,83.1081081081081,7.4324324324324325,75.67567567567568
E00025538,301,40,9,31,261,26,235,13.2890365448505,2.990033222591362,10.299003322259136,86.71096345514951,8.637873754152823,78.07308970099668
E00025539,373,60,22,38,313,27,286,16.0857908847185,5.898123324396782,10.187667560321715,83.91420911528151,7.238605898123325,76.67560321715817
E00025540,293,49,18,31,244,24,220,16.723549488054605,6.143344709897611,10.580204778156997,83.27645051194538,8.19112627986348,75.0853242320819
E00025541,298,45,12,33,253,20,233,15.100671140939598,4.026845637583892,11.073825503355705,84.8993288590604,6.7114093959731544,78.18791946308725
E00025542,327,57,26,31,270,35,235,17.431192660550458,7.951070336391437,9.480122324159021,82.56880733944955,10.703363914373089,71.86544342507645
E00025543,276,37,16,21,239,33,206,13.405797101449277,5.797101449275362,7.608695652173914,86.59420289855072,11.956521739130435,74.63768115942028
E00025544,283,49,19,30,234,21,213,17.314487632508836,6.713780918727916,10.60070671378092,82.68551236749117,7.420494699646643,75.26501766784452
E00025545,356,34,5,29,322,24,298,9.550561797752808,1.4044943820224718,8.146067415730338,90.4494382022472,6.741573033707865,83.70786516853933
E00025546,277,41,12,29,236,19,217,14.801444043321299,4.332129963898916,10.469314079422382,85.1985559566787,6.859205776173286,78.33935018050542
E00025547,273,39,14,25,234,23,211,14.285714285714285,5.128205128205128,9.157509157509157,85.71428571428571,8.424908424908425,77.2893772893773
E00025548,396,125,89,36,271,29,242,31.565656565656564,22.474747474747474,9.090909090909092,68.43434343434343,7.3232323232323235,61.111111111111114
E00025549,234,38,21,17,196,20,176,16.23931623931624,8.974358974358974,7.264957264957266,83.76068376068376,8.547008547008547,75.21367521367522
E00025550,294,39,12,27,255,24,231,13.26530612244898,4.081632653061225,9.183673469387756,86.73469387755102,8.16326530612245,78.57142857142857
E00025551,318,57,19,38,261,25,236,17.92452830188679,5.9748427672955975,11.949685534591195,82.0754716981132,7.861635220125786,74.21383647798741
E00025552,338,50,22,28,288,27,261,14.792899408284024,6.508875739644971,8.284023668639055,85.20710059171599,7.988165680473373,77.2189349112426
E00025553,281,59,24,35,222,26,196,20.99644128113879,8.540925266903916,12.455516014234876,79.00355871886121,9.252669039145907,69.7508896797153
E00025554,243,51,20,31,192,19,173,20.98765432098765,8.23045267489712,12.757201646090536,79.01234567901234,7.818930041152264,71.19341563786008
E00025555,206,85,48,37,121,20,101,41.262135922330096,23.300970873786408,17.96116504854369,58.7378640776699,9.70873786407767,49.029126213592235
E00025556,368,110,56,54,258,32,226,29.891304347826086,15.217391304347828,14.673913043478262,70.1086956521739,8.695652173913043,61.41304347826087
E00025557,385,53,19,34,332,33,299,13.766233766233766,4.935064935064935,8.831168831168831,86.23376623376623,8.571428571428571,77.66233766233766
E00025558,299,56,22,34,243,30,213,18.729096989966553,7.357859531772576,11.37123745819398,81.27090301003345,10.033444816053512,71.23745819397993
E00025559,272,49,13,36,223,26,197,18.014705882352942,4.779411764705882,13.23529411764706,81.98529411764706,9.558823529411764,72.42647058823529
E00025560,324,43,17,26,281,28,253,13.271604938271606,5.246913580246913,8.024691358024691,86.72839506172839,8.641975308641975,78.08641975308642
E00025561,350,59,22,37,291,26,265,16.857142857142858,6.2857142857142865,10.571428571428571,83.14285714285714,7.428571428571429,75.71428571428571
E00025562,235,37,16,21,198,27,171,15.74468085106383,6.808510638297872,8.936170212765958,84.25531914893617,11.48936170212766,72.76595744680851
E00025563,312,46,11,35,266,22,244,14.743589743589745,3.5256410256410255,11.217948717948719,85.25641025641025,7.051282051282051,78.2051282051282
E00025564,300,56,25,31,244,21,223,18.666666666666668,8.333333333333332,10.333333333333334,81.33333333333333,7.000000000000001,74.33333333333333
E00025565,286,43,13,30,243,23,220,15.034965034965033,4.545454545454546,10.48951048951049,84.96503496503497,8.041958041958042,76.92307692307693
E00025566,504,64,25,39,440,26,414,12.698412698412698,4.9603174603174605,7.738095238095238,87.3015873015873,5.158730158730158,82.14285714285714
E00025567,317,57,23,34,260,30,230,17.981072555205046,7.255520504731862,10.725552050473187,82.01892744479495,9.46372239747634,72.55520504731862
E00025568,296,49,17,32,247,25,222,16.554054054054053,5.743243243243244,10.81081081081081,83.44594594594594,8.445945945945946,75
E00025569,337,66,25,41,271,23,248,19.584569732937684,7.418397626112759,12.166172106824925,80.41543026706232,6.824925816023739,73.59050445103857
E00025570,342,81,54,27,261,25,236,23.684210526315788,15.789473684210526,7.894736842105263,76.31578947368422,7.309941520467836,69.00584795321637
E00025571,237,51,23,28,186,12,174,21.518987341772153,9.70464135021097,11.814345991561181,78.48101265822784,5.063291139240507,73.41772151898735
E00025572,383,46,21,25,337,30,307,12.010443864229766,5.483028720626632,6.527415143603134,87.98955613577023,7.83289817232376,80.15665796344648
E00025573,352,57,17,40,295,28,267,16.193181818181817,4.829545454545454,11.363636363636363,83.80681818181817,7.954545454545454,75.85227272727273
E00025574,260,52,17,35,208,28,180,20,6.538461538461539,13.461538461538462,80,10.76923076923077,69.23076923076923
E00025575,314,43,20,23,271,27,244,13.694267515923567,6.369426751592357,7.32484076433121,86.30573248407643,8.598726114649681,77.70700636942675
E00025576,306,34,12,22,272,20,252,11.11111111111111,3.9215686274509802,7.18954248366013,88.88888888888889,6.535947712418301,82.35294117647058
E00025577,284,53,24,29,231,20,211,18.661971830985916,8.450704225352112,10.211267605633804,81.33802816901408,7.042253521126761,74.29577464788733
E00025578,360,52,31,21,308,26,282,14.444444444444443,8.61111111111111,5.833333333333333,85.55555555555556,7.222222222222221,78.33333333333333
E00025579,340,55,23,32,285,29,256,16.176470588235293,6.764705882352941,9.411764705882353,83.82352941176471,8.529411764705882,75.29411764705883
E00025580,458,55,23,32,403,46,357,12.008733624454148,5.021834061135371,6.986899563318777,87.99126637554585,10.043668122270741,77.9475982532751
E00025581,341,50,19,31,291,32,259,14.66275659824047,5.571847507331378,9.090909090909092,85.33724340175954,9.3841642228739,75.95307917888563
E00025582,292,43,19,24,249,29,220,14.726027397260275,6.506849315068493,8.21917808219178,85.27397260273972,9.931506849315069,75.34246575342466
E00025583,375,27,6,21,348,22,326,7.199999999999999,1.6,5.6000000000000005,92.80000000000001,5.866666666666666,86.93333333333332
E00025584,244,36,10,26,208,22,186,14.754098360655737,4.098360655737705,10.655737704918032,85.24590163934425,9.01639344262295,76.22950819672131
E00025585,284,51,20,31,233,11,222,17.95774647887324,7.042253521126761,10.915492957746478,82.04225352112677,3.873239436619718,78.16901408450704
E00025586,369,111,65,46,258,20,238,30.081300813008134,17.615176151761517,12.466124661246612,69.91869918699187,5.420054200542006,64.49864498644986
E00025587,368,82,47,35,286,19,267,22.282608695652172,12.771739130434783,9.510869565217392,77.71739130434783,5.163043478260869,72.55434782608695
E00025588,281,42,13,29,239,26,213,14.94661921708185,4.6263345195729535,10.320284697508896,85.05338078291815,9.252669039145907,75.80071174377224
E00025589,318,51,16,35,267,18,249,16.037735849056602,5.031446540880504,11.0062893081761,83.9622641509434,5.660377358490567,78.30188679245283
E00025590,299,45,19,26,254,17,237,15.050167224080269,6.354515050167224,8.695652173913043,84.94983277591973,5.68561872909699,79.26421404682274
E00025591,253,33,13,20,220,23,197,13.043478260869565,5.138339920948617,7.905138339920949,86.95652173913044,9.090909090909092,77.86561264822134
E00025592,351,38,15,23,313,30,283,10.826210826210826,4.273504273504273,6.552706552706552,89.17378917378917,8.547008547008547,80.62678062678063
E00025593,295,59,22,37,236,16,220,20,7.457627118644068,12.54237288135593,80,5.423728813559322,74.57627118644068
E00025594,296,41,17,24,255,24,231,13.85135135135135,5.743243243243244,8.108108108108109,86.14864864864865,8.108108108108109,78.04054054054053
E00025595,276,50,13,37,226,29,197,18.115942028985508,4.710144927536232,13.405797101449277,81.88405797101449,10.507246376811594,71.37681159420289
E00025596,302,54,21,33,248,14,234,17.880794701986755,6.95364238410596,10.927152317880795,82.11920529801324,4.635761589403973,77.48344370860927
E00025597,173,45,21,24,128,13,115,26.011560693641616,12.138728323699421,13.872832369942195,73.98843930635837,7.514450867052023,66.47398843930635
E00025598,253,64,23,41,189,20,169,25.296442687747035,9.090909090909092,16.205533596837945,74.70355731225297,7.905138339920949,66.79841897233202
E00025599,334,48,24,24,286,32,254,14.37125748502994,7.18562874251497,7.18562874251497,85.62874251497006,9.580838323353294,76.04790419161677
E00025600,279,45,17,28,234,18,216,16.129032258064516,6.093189964157706,10.03584229390681,83.87096774193549,6.451612903225806,77.41935483870968
E00025602,313,60,23,37,253,23,230,19.169329073482427,7.348242811501597,11.821086261980831,80.83067092651757,7.348242811501597,73.48242811501598
E00025603,297,59,33,26,238,25,213,19.865319865319865,11.11111111111111,8.754208754208754,80.13468013468014,8.417508417508419,71.71717171717171
E00171708,469,51,30,21,418,18,400,10.874200426439232,6.396588486140725,4.477611940298507,89.12579957356077,3.8379530916844353,85.28784648187633
E00171709,355,39,17,22,316,22,294,10.985915492957748,4.788732394366197,6.197183098591549,89.01408450704226,6.197183098591549,82.8169014084507
E00171710,362,30,17,13,332,14,318,8.287292817679557,4.696132596685083,3.591160220994475,91.71270718232044,3.867403314917127,87.84530386740332
E00171711,238,60,32,28,178,14,164,25.210084033613445,13.445378151260504,11.76470588235294,74.78991596638656,5.88235294117647,68.90756302521008
E00171713,191,34,13,21,157,14,143,17.801047120418847,6.806282722513089,10.99476439790576,82.19895287958116,7.329842931937172,74.86910994764398
E00171714,294,45,15,30,249,22,227,15.306122448979592,5.1020408163265305,10.204081632653061,84.6938775510204,7.482993197278912,77.21088435374149
E00171715,320,77,42,35,243,12,231,24.0625,13.125,10.9375,75.9375,3.75,72.1875
E00171716,339,36,7,29,303,32,271,10.619469026548673,2.0648967551622417,8.55457227138643,89.38053097345133,9.43952802359882,79.9410029498525
E00171717,150,26,10,16,124,8,116,17.333333333333336,6.666666666666667,10.666666666666668,82.66666666666667,5.333333333333334,77.33333333333333
E00171718,297,36,18,18,261,12,249,12.121212121212121,6.0606060606060606,6.0606060606060606,87.87878787878788,4.040404040404041,83.83838383838383
E00181723,255,61,35,26,194,13,181,23.92156862745098,13.725490196078432,10.196078431372548,76.07843137254902,5.098039215686274,70.98039215686275
E00181730,476,54,23,31,422,13,409,11.344537815126051,4.831932773109244,6.512605042016808,88.65546218487394,2.73109243697479,85.92436974789915
E00181736,228,48,18,30,180,18,162,21.052631578947366,7.894736842105263,13.157894736842104,78.94736842105263,7.894736842105263,71.05263157894737
E00181746,522,34,9,25,488,32,456,6.513409961685824,1.7241379310344827,4.789272030651341,93.48659003831418,6.130268199233716,87.356321839080465
E00181747,263,40,14,26,223,21,202,15.209125475285171,5.323193916349809,9.885931558935361,84.79087452471484,7.984790874524715,76.80608365019012
E00181748,508,50,21,29,458,40,418,9.84251968503937,4.133858267716536,5.708661417322835,90.15748031496062,7.874015748031496,82.28346456692913
E00181749,350,29,4,25,321,26,295,8.285714285714285,1.1428571428571428,7.142857142857142,91.71428571428571,7.428571428571429,84.28571428571429
E00181763,178,15,10,5,163,5,158,8.426966292134832,5.617977528089887,2.8089887640449436,91.57303370786516,2.8089887640449436,88.76404494382022
E00181766,322,94,43,51,228,21,207,29.19254658385093,13.354037267080745,15.838509316770185,70.80745341614907,6.521739130434782,64.28571428571429
E00181769,216,37,16,21,179,13,166,17.12962962962963,7.4074074074074066,9.722222222222223,82.87037037037037,6.018518518518518,76.85185185185185
E00181772,149,46,19,27,103,12,91,30.87248322147651,12.751677852348994,18.120805369127517,69.12751677852349,8.053691275167784,61.07382550335571
E00181780,553,75,39,36,478,15,463,13.5623869801085,7.05244122965642,6.50994575045208,86.4376130198915,2.7124773960216997,83.7251356238698
E00181783,458,40,14,26,418,34,384,8.73362445414847,3.056768558951965,5.676855895196507,91.26637554585153,7.423580786026202,83.84279475982532
E00181784,130,18,10,8,112,10,102,13.846153846153847,7.6923076923076925,6.153846153846154,86.15384615384616,7.6923076923076925,78.46153846153847
E00181787,293,56,22,34,237,16,221,19.112627986348123,7.508532423208192,11.604095563139932,80.88737201365188,5.460750853242321,75.42662116040955
E00181788,283,52,23,29,231,22,209,18.374558303886925,8.12720848056537,10.247349823321555,81.62544169611307,7.773851590106007,73.85159010600707
E00181799,291,64,24,40,227,7,220,21.993127147766323,8.24742268041237,13.745704467353953,78.00687285223368,2.405498281786942,75.60137457044674
E00181803,233,37,12,25,196,15,181,15.879828326180256,5.150214592274678,10.72961373390558,84.12017167381974,6.437768240343347,77.6824034334764
E00181805,255,57,25,32,198,19,179,22.35294117647059,9.803921568627452,12.549019607843137,77.64705882352942,7.450980392156863,70.19607843137254
E00181807,356,43,13,30,313,32,281,12.07865168539326,3.651685393258427,8.426966292134832,87.92134831460675,8.98876404494382,78.93258426966293
E00181814,182,7,1,6,175,14,161,3.8461538461538463,0.5494505494505495,3.296703296703297,96.15384615384616,7.6923076923076925,88.46153846153845
E00181816,388,41,15,26,347,38,309,10.56701030927835,3.865979381443299,6.701030927835052,89.43298969072166,9.793814432989691,79.63917525773195
E00181822,105,33,23,10,72,10,62,31.428571428571427,21.904761904761905,9.523809523809524,68.57142857142857,9.523809523809524,59.04761904761905
E00181823,138,25,8,17,113,15,98,18.115942028985508,5.797101449275362,12.318840579710146,81.88405797101449,10.869565217391305,71.01449275362319
