OA,ts0590001,ts0590002,ts0590003,ts0590004,ts0590005,ts0590006,ts0590007,ts0590002_PCT,ts0590003_PCT,ts0590004_PCT,ts0590005_PCT,ts0590006_PCT,ts0590007_PCT
E00014675,163,46,14,32,117,98,19,28.22085889570552,8.588957055214724,19.631901840490798,71.77914110429448,60.122699386503065,11.65644171779141
E00014676,190,60,14,46,130,117,13,31.57894736842105,7.368421052631578,24.210526315789473,68.42105263157895,61.578947368421055,6.842105263157896
E00014677,161,67,28,39,94,83,11,41.61490683229814,17.391304347826086,24.22360248447205,58.38509316770186,51.5527950310559,6.832298136645963
E00014678,171,67,20,47,104,86,18,39.1812865497076,11.695906432748536,27.485380116959064,60.81871345029239,50.29239766081871,10.526315789473683
E00014679,194,52,20,32,142,126,16,26.804123711340207,10.309278350515463,16.49484536082474,73.19587628865979,64.94845360824742,8.24742268041237
E00014680,180,54,22,32,126,100,26,30,12.222222222222221,17.77777777777778,70,55.55555555555556,14.444444444444443
E00014681,171,49,17,32,122,105,17,28.654970760233915,9.941520467836257,18.71345029239766,71.34502923976608,61.40350877192983,9.941520467836257
E00014682,152,45,20,25,107,88,19,29.605263157894733,13.157894736842104,16.447368421052634,70.39473684210526,57.89473684210527,12.5
E00014683,157,50,13,37,107,86,21,31.84713375796178,8.280254777070063,23.56687898089172,68.15286624203821,54.77707006369427,13.375796178343949
E00014684,178,62,15,47,116,107,9,34.831460674157306,8.426966292134832,26.40449438202247,65.1685393258427,60.1123595505618,5.056179775280898
E00014686,181,69,23,46,112,91,21,38.12154696132597,12.70718232044199,25.41436464088398,61.87845303867403,50.27624309392266,11.602209944751381
E00014687,220,64,23,41,156,138,18,29.09090909090909,10.454545454545453,18.636363636363637,70.9090909090909,62.727272727272734,8.181818181818182
E00014688,198,69,19,50,129,115,14,34.84848484848485,9.595959595959595,25.252525252525253,65.15151515151516,58.080808080808076,7.07070707070707
E00014689,231,76,28,48,155,129,26,32.900432900432904,12.121212121212121,20.77922077922078,67.09956709956711,55.84415584415584,11.255411255411255
E00014690,115,44,8,36,71,63,8,38.26086956521739,6.956521739130435,31.30434782608696,61.73913043478261,54.78260869565217,6.956521739130435
E00014691,163,74,31,43,89,77,12,45.39877300613497,19.018404907975462,26.380368098159508,54.601226993865026,47.239263803680984,7.361963190184049
E00014692,172,52,24,28,120,100,20,30.23255813953488,13.953488372093023,16.27906976744186,69.76744186046511,58.139534883720934,11.627906976744185
E00014693,165,50,16,34,115,96,19,30.303030303030305,9.696969696969697,20.606060606060606,69.6969696969697,58.18181818181818,11.515151515151516
E00014694,132,39,14,25,93,73,20,29.545454545454547,10.606060606060606,18.939393939393938,70.45454545454545,55.3030303030303,15.151515151515152
E00014695,159,37,17,20,122,81,41,23.270440251572328,10.69182389937107,12.578616352201259,76.72955974842768,50.943396226415096,25.78616352201258
E00014696,157,34,9,25,123,108,15,21.656050955414013,5.7324840764331215,15.92356687898089,78.343949044586,68.78980891719745,9.554140127388536
E00014697,175,49,18,31,126,96,30,28.000000000000004,10.285714285714285,17.71428571428571,72,54.85714285714286,17.142857142857142
E00014698,160,52,21,31,108,89,19,32.5,13.125,19.375,67.5,55.625,11.875
E00014699,125,45,18,27,80,66,14,36,14.399999999999999,21.6,64,52.800000000000004,11.200000000000001
E00014700,185,51,19,32,134,112,22,27.56756756756757,10.27027027027027,17.2972972972973,72.43243243243244,60.54054054054055,11.891891891891893
E00014701,161,41,17,24,120,97,23,25.465838509316768,10.559006211180124,14.906832298136646,74.53416149068323,60.24844720496895,14.285714285714285
E00014702,173,33,8,25,140,118,22,19.07514450867052,4.624277456647398,14.450867052023122,80.92485549132948,68.20809248554913,12.716763005780345
E00014703,119,28,14,14,91,70,21,23.52941176470588,11.76470588235294,11.76470588235294,76.47058823529412,58.82352941176471,17.647058823529413
E00014704,156,40,15,25,116,95,21,25.64102564102564,9.615384615384617,16.025641025641026,74.35897435897436,60.89743589743589,13.461538461538462
E00014705,152,41,15,26,111,91,20,26.973684210526315,9.868421052631579,17.105263157894736,73.02631578947368,59.86842105263158,13.157894736842104
E00014706,169,40,13,27,129,103,26,23.668639053254438,7.6923076923076925,15.976331360946746,76.33136094674556,60.946745562130175,15.384615384615385
E00014707,241,59,19,40,182,146,36,24.481327800829874,7.883817427385892,16.59751037344398,75.51867219917013,60.58091286307054,14.937759336099585
E00014708,168,40,14,26,128,104,24,23.809523809523807,8.333333333333332,15.476190476190476,76.19047619047619,61.904761904761905,14.285714285714285
E00014709,125,24,8,16,101,88,13,19.2,6.4,12.8,80.80000000000001,70.39999999999999,10.4
E00014710,163,60,28,32,103,87,16,36.809815950920246,17.177914110429448,19.631901840490798,63.190184049079754,53.37423312883436,9.815950920245399
E00014711,56,14,6,8,42,35,7,25,10.714285714285714,14.285714285714285,75,62.5,12.5
E00014712,140,21,9,12,119,106,13,15,6.428571428571428,8.571428571428571,85,75.71428571428571,9.285714285714286
E00014713,125,27,7,20,98,83,15,21.6,5.6000000000000005,16,78.4,66.4,12
E00014714,82,12,7,5,70,56,14,14.634146341463413,8.536585365853659,6.097560975609756,85.36585365853658,68.29268292682927,17.073170731707318
E00014715,135,27,3,24,108,84,24,20,2.2222222222222223,17.77777777777778,80,62.22222222222222,17.77777777777778
E00014716,140,25,12,13,115,95,20,17.857142857142858,8.571428571428571,9.285714285714286,82.14285714285714,67.85714285714286,14.285714285714285
E00014717,149,53,24,29,96,82,14,35.57046979865772,16.10738255033557,19.463087248322147,64.42953020134227,55.033557046979865,9.395973154362416
E00014718,157,44,10,34,113,95,18,28.02547770700637,6.369426751592357,21.656050955414013,71.97452229299363,60.509554140127385,11.464968152866243
E00014719,179,43,20,23,136,115,21,24.022346368715084,11.1731843575419,12.849162011173185,75.97765363128491,64.24581005586593,11.731843575418994
E00014720,155,39,16,23,116,91,25,25.161290322580644,10.32258064516129,14.838709677419354,74.83870967741936,58.70967741935483,16.129032258064516
E00014721,171,62,29,33,109,92,17,36.25730994152047,16.95906432748538,19.298245614035086,63.74269005847953,53.80116959064327,9.941520467836257
E00014722,159,44,15,29,115,79,36,27.67295597484277,9.433962264150944,18.238993710691823,72.32704402515722,49.685534591194966,22.641509433962266
E00014723,108,28,9,19,80,67,13,25.925925925925924,8.333333333333332,17.59259259259259,74.07407407407408,62.03703703703704,12.037037037037036
E00014724,156,35,16,19,121,106,15,22.435897435897438,10.256410256410255,12.179487179487179,77.56410256410257,67.94871794871796,9.615384615384617
E00014725,96,26,8,18,70,54,16,27.083333333333332,8.333333333333332,18.75,72.91666666666666,56.25,16.666666666666664
E00014726,201,49,19,30,152,132,20,24.378109452736318,9.45273631840796,14.925373134328357,75.62189054726367,65.67164179104478,9.950248756218906
E00014727,114,24,13,11,90,70,20,21.052631578947366,11.403508771929824,9.649122807017543,78.94736842105263,61.40350877192983,17.543859649122805
E00014728,150,34,6,28,116,99,17,22.666666666666664,4,18.666666666666668,77.33333333333333,66,11.333333333333332
E00014729,154,36,19,17,118,93,25,23.376623376623375,12.337662337662337,11.03896103896104,76.62337662337663,60.3896103896104,16.233766233766232
E00014730,212,84,44,40,128,114,14,39.62264150943396,20.754716981132077,18.867924528301888,60.37735849056604,53.77358490566038,6.60377358490566
E00014731,137,30,12,18,107,94,13,21.897810218978105,8.75912408759124,13.138686131386862,78.1021897810219,68.61313868613139,9.48905109489051
E00014732,127,35,13,22,92,83,9,27.559055118110237,10.236220472440944,17.322834645669293,72.44094488188976,65.35433070866141,7.086614173228346
E00014733,129,29,8,21,100,82,18,22.48062015503876,6.2015503875969,16.27906976744186,77.51937984496125,63.565891472868216,13.953488372093023
E00014734,162,50,14,36,112,94,18,30.864197530864196,8.641975308641975,22.22222222222222,69.1358024691358,58.0246913580247,11.11111111111111
E00014735,89,29,13,16,60,50,10,32.58426966292135,14.606741573033707,17.97752808988764,67.41573033707866,56.17977528089888,11.235955056179774
E00014736,158,52,17,35,106,80,26,32.91139240506329,10.759493670886076,22.151898734177212,67.08860759493672,50.63291139240506,16.455696202531644
E00014737,114,16,11,5,98,81,17,14.035087719298245,9.649122807017543,4.385964912280701,85.96491228070175,71.05263157894737,14.912280701754385
E00014738,142,45,14,31,97,81,16,31.690140845070424,9.859154929577464,21.830985915492956,68.30985915492957,57.04225352112676,11.267605633802818
E00014739,241,75,28,47,166,131,35,31.12033195020747,11.618257261410788,19.502074688796682,68.87966804979253,54.356846473029044,14.522821576763487
E00014740,214,57,17,40,157,139,18,26.635514018691588,7.943925233644859,18.69158878504673,73.36448598130842,64.95327102803739,8.411214953271028
E00014741,171,54,21,33,117,106,11,31.57894736842105,12.280701754385964,19.298245614035086,68.42105263157895,61.98830409356725,6.432748538011696
E00014742,224,65,26,39,159,130,29,29.017857142857146,11.607142857142858,17.410714285714285,70.98214285714286,58.03571428571429,12.946428571428573
E00014743,137,47,14,33,90,79,11,34.306569343065696,10.218978102189782,24.087591240875913,65.69343065693431,57.66423357664233,8.02919708029197
E00014744,314,90,31,59,224,181,43,28.662420382165603,9.872611464968154,18.789808917197455,71.3375796178344,57.64331210191082,13.694267515923567
E00014745,132,53,17,36,79,61,18,40.15151515151515,12.878787878787879,27.27272727272727,59.84848484848485,46.21212121212121,13.636363636363635
E00014746,213,53,29,24,160,132,28,24.88262910798122,13.615023474178404,11.267605633802818,75.11737089201877,61.97183098591549,13.145539906103288
E00014747,152,38,15,23,114,97,17,25,9.868421052631579,15.131578947368421,75,63.81578947368421,11.18421052631579
E00014748,185,46,22,24,139,114,25,24.864864864864867,11.891891891891893,12.972972972972974,75.13513513513513,61.62162162162163,13.513513513513514
E00014749,191,47,24,23,144,124,20,24.60732984293194,12.56544502617801,12.041884816753926,75.39267015706807,64.92146596858639,10.471204188481675
E00014750,124,36,10,26,88,76,12,29.03225806451613,8.064516129032258,20.967741935483872,70.96774193548387,61.29032258064516,9.67741935483871
E00014751,183,65,31,34,118,84,34,35.51912568306011,16.939890710382514,18.579234972677597,64.48087431693989,45.90163934426229,18.579234972677597
E00014752,136,39,21,18,97,72,25,28.676470588235293,15.441176470588236,13.23529411764706,71.32352941176471,52.94117647058824,18.38235294117647
E00014753,171,53,33,20,118,94,24,30.994152046783626,19.298245614035086,11.695906432748536,69.00584795321637,54.97076023391813,14.035087719298245
E00014754,141,34,16,18,107,79,28,24.113475177304963,11.347517730496454,12.76595744680851,75.88652482269504,56.02836879432624,19.858156028368796
E00014755,194,58,33,25,136,121,15,29.896907216494846,17.010309278350515,12.886597938144329,70.10309278350515,62.371134020618555,7.731958762886598
E00014756,168,57,18,39,111,89,22,33.92857142857143,10.714285714285714,23.214285714285715,66.07142857142857,52.976190476190474,13.095238095238097
E00014757,185,43,10,33,142,122,20,23.243243243243246,5.405405405405405,17.83783783783784,76.75675675675676,65.94594594594595,10.81081081081081
E00014758,188,48,19,29,140,116,24,25.53191489361702,10.106382978723403,15.425531914893616,74.46808510638297,61.702127659574465,12.76595744680851
E00014759,173,63,24,39,110,94,16,36.41618497109826,13.872832369942195,22.54335260115607,63.58381502890174,54.33526011560693,9.248554913294797
E00014760,169,41,19,22,128,96,32,24.2603550295858,11.242603550295858,13.017751479289942,75.7396449704142,56.80473372781065,18.93491124260355
E00014761,196,60,26,34,136,114,22,30.612244897959183,13.26530612244898,17.346938775510203,69.38775510204081,58.16326530612245,11.224489795918368
E00014762,165,42,18,24,123,106,17,25.454545454545453,10.909090909090908,14.545454545454545,74.54545454545455,64.24242424242425,10.303030303030303
E00014763,136,41,16,25,95,80,15,30.14705882352941,11.76470588235294,18.38235294117647,69.85294117647058,58.82352941176471,11.029411764705882
E00014764,194,70,30,40,124,105,19,36.08247422680412,15.463917525773196,20.618556701030926,63.91752577319587,54.123711340206185,9.793814432989691
E00014765,204,66,22,44,138,115,23,32.35294117647059,10.784313725490197,21.568627450980394,67.64705882352942,56.372549019607845,11.27450980392157
E00014767,139,53,14,39,86,79,7,38.1294964028777,10.071942446043165,28.05755395683453,61.87050359712231,56.83453237410072,5.0359712230215825
E00014768,188,36,11,25,152,115,37,19.148936170212767,5.851063829787234,13.297872340425531,80.85106382978722,61.170212765957444,19.680851063829788
E00014769,181,42,22,20,139,107,32,23.204419889502763,12.154696132596685,11.049723756906078,76.79558011049724,59.11602209944752,17.67955801104972
E00014770,147,37,15,22,110,89,21,25.170068027210885,10.204081632653061,14.965986394557824,74.82993197278913,60.544217687074834,14.285714285714285
E00014771,192,47,19,28,145,114,31,24.479166666666664,9.895833333333332,14.583333333333334,75.52083333333334,59.375,16.145833333333336
E00014772,199,37,16,21,162,144,18,18.592964824120603,8.040201005025125,10.552763819095476,81.4070351758794,72.36180904522614,9.045226130653267
E00014773,186,46,16,30,140,115,25,24.731182795698924,8.60215053763441,16.129032258064516,75.26881720430107,61.82795698924731,13.440860215053762
E00014774,161,37,17,20,124,92,32,22.981366459627328,10.559006211180124,12.422360248447205,77.01863354037268,57.14285714285714,19.875776397515526
E00014775,206,56,24,32,150,131,19,27.184466019417474,11.650485436893204,15.53398058252427,72.81553398058253,63.59223300970874,9.223300970873787
E00014776,189,41,10,31,148,124,24,21.693121693121693,5.291005291005291,16.402116402116402,78.3068783068783,65.60846560846561,12.698412698412698
E00014777,178,42,13,29,136,113,23,23.595505617977526,7.303370786516854,16.292134831460675,76.40449438202246,63.48314606741573,12.921348314606742
E00014778,157,48,16,32,109,86,23,30.573248407643312,10.191082802547772,20.382165605095544,69.42675159235668,54.77707006369427,14.64968152866242
E00014779,162,53,20,33,109,69,40,32.71604938271605,12.345679012345679,20.37037037037037,67.28395061728395,42.592592592592595,24.691358024691358
E00014780,169,38,18,20,131,100,31,22.485207100591715,10.650887573964498,11.834319526627219,77.51479289940828,59.171597633136095,18.34319526627219
E00014781,222,39,14,25,183,138,45,17.56756756756757,6.306306306306306,11.26126126126126,82.43243243243244,62.16216216216216,20.27027027027027
E00014782,135,33,13,20,102,84,18,24.444444444444443,9.62962962962963,14.814814814814813,75.55555555555556,62.22222222222222,13.333333333333334
E00014783,188,52,15,37,136,105,31,27.659574468085108,7.9787234042553195,19.680851063829788,72.3404255319149,55.85106382978723,16.48936170212766
E00014784,163,59,29,30,104,84,20,36.19631901840491,17.791411042944784,18.404907975460123,63.80368098159509,51.533742331288344,12.269938650306749
E00014785,204,46,14,32,158,115,43,22.54901960784314,6.862745098039216,15.686274509803921,77.45098039215686,56.372549019607845,21.07843137254902
E00014786,198,55,20,35,143,100,43,27.77777777777778,10.1010101010101,17.67676767676768,72.22222222222221,50.505050505050505,21.71717171717172
E00014787,174,32,10,22,142,117,25,18.39080459770115,5.747126436781609,12.643678160919542,81.60919540229885,67.24137931034483,14.367816091954023
E00014788,173,47,23,24,126,103,23,27.167630057803464,13.294797687861271,13.872832369942195,72.83236994219652,59.53757225433526,13.294797687861271
E00014789,166,38,19,19,128,102,26,22.89156626506024,11.44578313253012,11.44578313253012,77.10843373493977,61.44578313253012,15.66265060240964
E00014790,110,43,13,30,67,61,6,39.09090909090909,11.818181818181818,27.27272727272727,60.909090909090914,55.45454545454545,5.454545454545454
E00014791,210,47,13,34,163,131,32,22.380952380952383,6.190476190476191,16.19047619047619,77.61904761904762,62.38095238095238,15.238095238095239
E00014792,175,49,24,25,126,97,29,28.000000000000004,13.714285714285715,14.285714285714285,72,55.42857142857143,16.57142857142857
E00014794,143,36,14,22,107,77,30,25.174825174825177,9.79020979020979,15.384615384615385,74.82517482517483,53.84615384615385,20.97902097902098
E00014795,143,33,11,22,110,88,22,23.076923076923077,7.6923076923076925,15.384615384615385,76.92307692307693,61.53846153846154,15.384615384615385
E00014796,207,52,17,35,155,107,48,25.120772946859905,8.212560386473431,16.908212560386474,74.8792270531401,51.690821256038646,23.18840579710145
E00014797,180,54,17,37,126,108,18,30,9.444444444444445,20.555555555555554,70,60,10
E00014798,212,62,26,36,150,121,29,29.245283018867923,12.264150943396226,16.9811320754717,70.75471698113208,57.07547169811321,13.679245283018867
E00014799,168,45,12,33,123,94,29,26.785714285714285,7.142857142857142,19.642857142857142,73.21428571428571,55.952380952380956,17.261904761904763
E00014801,158,43,14,29,115,104,11,27.21518987341772,8.860759493670885,18.354430379746837,72.78481012658227,65.82278481012658,6.962025316455696
E00014802,212,70,18,52,142,124,18,33.0188679245283,8.49056603773585,24.528301886792452,66.98113207547169,58.490566037735846,8.49056603773585
E00014803,163,53,16,37,110,97,13,32.515337423312886,9.815950920245399,22.699386503067483,67.48466257668711,59.50920245398773,7.975460122699387
E00014804,183,48,23,25,135,123,12,26.229508196721312,12.568306010928962,13.661202185792352,73.77049180327869,67.21311475409836,6.557377049180328
E00014805,176,47,21,26,129,111,18,26.704545454545453,11.931818181818182,14.772727272727273,73.29545454545455,63.06818181818182,10.227272727272728
E00014806,144,51,22,29,93,78,15,35.41666666666667,15.277777777777779,20.13888888888889,64.58333333333334,54.166666666666664,10.416666666666668
E00014807,206,62,19,43,144,122,22,30.097087378640776,9.223300970873787,20.87378640776699,69.90291262135922,59.22330097087378,10.679611650485436
E00014808,144,38,12,26,106,94,12,26.38888888888889,8.333333333333332,18.055555555555554,73.61111111111111,65.27777777777779,8.333333333333332
E00014809,160,42,10,32,118,106,12,26.25,6.25,20,73.75,66.25,7.5
E00014810,177,53,22,31,124,106,18,29.943502824858758,12.429378531073446,17.51412429378531,70.05649717514125,59.887005649717516,10.16949152542373
E00014811,201,62,21,41,139,117,22,30.845771144278604,10.44776119402985,20.398009950248756,69.15422885572139,58.2089552238806,10.945273631840797
E00014812,141,45,21,24,96,83,13,31.914893617021278,14.893617021276595,17.02127659574468,68.08510638297872,58.86524822695035,9.219858156028367
E00014813,151,63,20,43,88,79,9,41.72185430463576,13.245033112582782,28.47682119205298,58.27814569536424,52.317880794701985,5.960264900662252
E00014814,187,63,32,31,124,102,22,33.68983957219251,17.11229946524064,16.577540106951872,66.31016042780749,54.54545454545454,11.76470588235294
E00014815,198,59,18,41,139,115,24,29.797979797979796,9.090909090909092,20.707070707070706,70.2020202020202,58.080808080808076,12.121212121212121
E00014816,185,53,16,37,132,115,17,28.64864864864865,8.64864864864865,20,71.35135135135135,62.16216216216216,9.18918918918919
E00014817,163,49,20,29,114,99,15,30.061349693251532,12.269938650306749,17.791411042944784,69.93865030674846,60.73619631901841,9.202453987730062
E00014818,195,60,21,39,135,109,26,30.76923076923077,10.76923076923077,20,69.23076923076923,55.8974358974359,13.333333333333334
E00014819,72,25,9,16,47,40,7,34.72222222222222,12.5,22.22222222222222,65.27777777777779,55.55555555555556,9.722222222222223
E00014820,183,59,26,33,124,105,19,32.240437158469945,14.207650273224044,18.0327868852459,67.75956284153006,57.377049180327866,10.382513661202186
E00014821,195,57,22,35,138,126,12,29.230769230769234,11.282051282051283,17.94871794871795,70.76923076923077,64.61538461538461,6.153846153846154
E00014822,126,42,10,32,84,76,8,33.33333333333333,7.936507936507936,25.396825396825395,66.66666666666666,60.317460317460316,6.349206349206349
E00014823,178,43,18,25,135,111,24,24.15730337078652,10.112359550561797,14.04494382022472,75.84269662921348,62.35955056179775,13.48314606741573
E00014824,177,62,22,40,115,98,17,35.02824858757062,12.429378531073446,22.598870056497177,64.97175141242938,55.367231638418076,9.6045197740113
E00014825,167,51,25,26,116,102,14,30.538922155688624,14.97005988023952,15.568862275449103,69.46107784431138,61.07784431137725,8.383233532934131
E00014826,199,71,24,47,128,112,16,35.678391959798994,12.060301507537687,23.618090452261306,64.321608040201,56.28140703517588,8.040201005025125
E00014827,184,45,15,30,139,117,22,24.456521739130434,8.152173913043478,16.304347826086957,75.54347826086956,63.58695652173913,11.956521739130435
E00014828,197,59,17,42,138,117,21,29.949238578680205,8.629441624365482,21.31979695431472,70.05076142131979,59.390862944162436,10.65989847715736
E00014829,183,56,15,41,127,108,19,30.601092896174865,8.19672131147541,22.404371584699454,69.39890710382514,59.01639344262295,10.382513661202186
E00014830,163,31,10,21,132,121,11,19.018404907975462,6.134969325153374,12.883435582822086,80.98159509202453,74.23312883435584,6.748466257668712
E00014831,189,64,23,41,125,107,18,33.86243386243386,12.16931216931217,21.693121693121693,66.13756613756614,56.613756613756614,9.523809523809524
E00014832,131,35,7,28,96,86,10,26.717557251908396,5.343511450381679,21.374045801526716,73.2824427480916,65.64885496183206,7.633587786259542
E00014833,166,54,22,32,112,103,9,32.53012048192771,13.253012048192772,19.27710843373494,67.46987951807229,62.048192771084345,5.421686746987952
E00014834,179,55,11,44,124,106,18,30.726256983240223,6.145251396648044,24.581005586592177,69.27374301675978,59.217877094972074,10.05586592178771
E00014835,148,34,6,28,114,98,16,22.972972972972975,4.054054054054054,18.91891891891892,77.02702702702703,66.21621621621621,10.81081081081081
E00014836,172,50,13,37,122,106,16,29.069767441860467,7.55813953488372,21.511627906976745,70.93023255813954,61.627906976744185,9.30232558139535
E00014837,170,42,8,34,128,110,18,24.705882352941178,4.705882352941177,20,75.29411764705883,64.70588235294117,10.588235294117647
E00014838,159,55,24,31,104,96,8,34.59119496855346,15.09433962264151,19.49685534591195,65.40880503144653,60.37735849056604,5.031446540880504
E00014839,174,56,22,34,118,100,18,32.18390804597701,12.643678160919542,19.54022988505747,67.81609195402298,57.47126436781609,10.344827586206897
E00014840,160,42,6,36,118,93,25,26.25,3.75,22.5,73.75,58.12500000000001,15.625
E00014841,165,45,18,27,120,110,10,27.27272727272727,10.909090909090908,16.363636363636363,72.72727272727273,66.66666666666666,6.0606060606060606
E00014842,178,40,11,29,138,111,27,22.47191011235955,6.179775280898876,16.292134831460675,77.52808988764045,62.35955056179775,15.168539325842698
E00014843,155,44,12,32,111,93,18,28.387096774193548,7.741935483870968,20.64516129032258,71.61290322580646,60,11.612903225806452
E00014844,137,42,13,29,95,82,13,30.656934306569344,9.48905109489051,21.16788321167883,69.34306569343066,59.854014598540154,9.48905109489051
E00014845,248,71,19,52,177,165,12,28.62903225806452,7.661290322580645,20.967741935483872,71.37096774193549,66.53225806451613,4.838709677419355
E00014846,173,46,11,35,127,111,16,26.589595375722542,6.358381502890173,20.23121387283237,73.41040462427746,64.16184971098265,9.248554913294797
E00014847,188,41,11,30,147,132,15,21.808510638297875,5.851063829787234,15.957446808510639,78.19148936170212,70.2127659574468,7.9787234042553195
E00014848,150,36,13,23,114,104,10,24,8.666666666666668,15.333333333333332,76,69.33333333333334,6.666666666666667
E00014849,212,69,21,48,143,125,18,32.54716981132076,9.90566037735849,22.641509433962266,67.45283018867924,58.9622641509434,8.49056603773585
E00014850,242,74,29,45,168,147,21,30.57851239669421,11.983471074380166,18.59504132231405,69.42148760330579,60.74380165289256,8.677685950413224
E00014851,175,52,21,31,123,111,12,29.714285714285715,12,17.71428571428571,70.28571428571428,63.42857142857142,6.857142857142858
E00014852,190,47,11,36,143,121,22,24.736842105263158,5.7894736842105265,18.947368421052634,75.26315789473685,63.68421052631579,11.578947368421053
E00014853,120,31,7,24,89,77,12,25.833333333333336,5.833333333333333,20,74.16666666666667,64.16666666666667,10
E00014854,117,38,11,27,79,70,9,32.47863247863248,9.401709401709402,23.076923076923077,67.52136752136752,59.82905982905983,7.6923076923076925
E00014855,148,41,14,27,107,92,15,27.7027027027027,9.45945945945946,18.243243243243242,72.2972972972973,62.16216216216216,10.135135135135135
E00014856,210,69,19,50,141,111,30,32.857142857142854,9.047619047619047,23.809523809523807,67.14285714285714,52.85714285714286,14.285714285714285
E00014857,285,76,38,38,209,175,34,26.666666666666668,13.333333333333334,13.333333333333334,73.33333333333333,61.40350877192983,11.929824561403509
E00014858,243,72,29,43,171,138,33,29.629629629629626,11.934156378600823,17.695473251028808,70.37037037037037,56.79012345679012,13.580246913580247
E00014859,139,44,15,29,95,66,29,31.654676258992804,10.79136690647482,20.863309352517987,68.34532374100719,47.482014388489205,20.863309352517987
E00014860,159,27,12,15,132,114,18,16.9811320754717,7.547169811320755,9.433962264150944,83.01886792452831,71.69811320754717,11.320754716981133
E00014861,190,58,25,33,132,84,48,30.526315789473685,13.157894736842104,17.36842105263158,69.47368421052632,44.21052631578947,25.263157894736842
E00014862,197,62,24,38,135,107,28,31.472081218274113,12.18274111675127,19.289340101522843,68.52791878172589,54.314720812182735,14.213197969543149
E00014863,126,48,17,31,78,66,12,38.095238095238095,13.492063492063492,24.6031746031746,61.904761904761905,52.38095238095239,9.523809523809524
E00014865,138,39,19,20,99,83,16,28.26086956521739,13.768115942028986,14.492753623188406,71.73913043478261,60.14492753623188,11.594202898550725
E00014866,215,69,28,41,146,110,36,32.093023255813954,13.023255813953488,19.069767441860467,67.90697674418604,51.162790697674424,16.74418604651163
E00014867,105,24,11,13,81,73,8,22.857142857142858,10.476190476190476,12.380952380952381,77.14285714285715,69.52380952380952,7.6190476190476195
E00014868,125,23,4,19,102,88,14,18.4,3.2,15.2,81.6,70.39999999999999,11.200000000000001
E00014869,172,71,26,45,101,79,22,41.27906976744186,15.11627906976744,26.16279069767442,58.720930232558146,45.93023255813954,12.790697674418606
E00014870,171,64,31,33,107,82,25,37.42690058479532,18.128654970760234,19.298245614035086,62.57309941520468,47.953216374269005,14.619883040935672
E00014871,135,48,16,32,87,68,19,35.55555555555556,11.851851851851853,23.703703703703706,64.44444444444444,50.37037037037037,14.074074074074074
E00014872,174,39,17,22,135,122,13,22.413793103448278,9.770114942528735,12.643678160919542,77.58620689655173,70.11494252873564,7.471264367816093
E00014873,139,64,25,39,75,66,9,46.043165467625904,17.985611510791365,28.05755395683453,53.956834532374096,47.482014388489205,6.474820143884892
E00014874,112,33,15,18,79,49,30,29.464285714285715,13.392857142857142,16.071428571428573,70.53571428571429,43.75,26.785714285714285
E00014875,137,38,20,18,99,88,11,27.73722627737226,14.5985401459854,13.138686131386862,72.26277372262774,64.23357664233576,8.02919708029197
E00014876,96,29,12,17,67,35,32,30.208333333333332,12.5,17.708333333333336,69.79166666666666,36.45833333333333,33.33333333333333
E00014877,173,67,39,28,106,67,39,38.72832369942196,22.54335260115607,16.184971098265898,61.27167630057804,38.72832369942196,22.54335260115607
E00014878,176,43,19,24,133,98,35,24.431818181818183,10.795454545454545,13.636363636363635,75.56818181818183,55.68181818181818,19.886363636363637
E00014879,155,37,13,24,118,94,24,23.870967741935484,8.38709677419355,15.483870967741936,76.12903225806451,60.64516129032258,15.483870967741936
E00014880,143,56,22,34,87,81,6,39.16083916083916,15.384615384615385,23.776223776223777,60.83916083916085,56.64335664335665,4.195804195804196
E00014881,191,56,29,27,135,91,44,29.31937172774869,15.18324607329843,14.136125654450263,70.68062827225131,47.64397905759162,23.036649214659686
E00014882,145,37,13,24,108,77,31,25.517241379310345,8.96551724137931,16.551724137931036,74.48275862068967,53.103448275862064,21.379310344827587
E00014883,165,52,25,27,113,108,5,31.515151515151512,15.151515151515152,16.363636363636363,68.48484848484848,65.45454545454545,3.0303030303030303
E00014884,153,45,19,26,108,86,22,29.411764705882355,12.418300653594772,16.99346405228758,70.58823529411765,56.209150326797385,14.37908496732026
E00014885,163,49,24,25,114,82,32,30.061349693251532,14.723926380368098,15.337423312883436,69.93865030674846,50.306748466257666,19.631901840490798
E00014886,129,30,14,16,99,86,13,23.25581395348837,10.852713178294573,12.4031007751938,76.74418604651163,66.66666666666666,10.077519379844961
E00014887,132,33,13,20,99,83,16,25,9.848484848484848,15.151515151515152,75,62.878787878787875,12.121212121212121
E00014888,155,49,20,29,106,69,37,31.61290322580645,12.903225806451612,18.70967741935484,68.38709677419355,44.516129032258064,23.870967741935484
E00014889,215,71,32,39,144,113,31,33.02325581395349,14.883720930232558,18.13953488372093,66.97674418604652,52.55813953488372,14.418604651162791
E00014890,131,36,15,21,95,80,15,27.480916030534353,11.450381679389313,16.030534351145036,72.51908396946564,61.06870229007634,11.450381679389313
E00014891,193,55,15,40,138,116,22,28.497409326424872,7.772020725388601,20.72538860103627,71.50259067357513,60.10362694300518,11.398963730569948
E00014892,173,51,18,33,122,90,32,29.47976878612717,10.404624277456648,19.07514450867052,70.52023121387283,52.02312138728323,18.497109826589593
E00014893,158,43,13,30,115,74,41,27.21518987341772,8.227848101265822,18.9873417721519,72.78481012658227,46.835443037974684,25.949367088607595
E00014894,176,51,25,26,125,100,25,28.97727272727273,14.204545454545455,14.772727272727273,71.02272727272727,56.81818181818182,14.204545454545455
E00014895,154,45,22,23,109,93,16,29.22077922077922,14.285714285714285,14.935064935064934,70.77922077922078,60.3896103896104,10.38961038961039
E00014896,166,36,11,25,130,116,14,21.686746987951807,6.626506024096386,15.060240963855422,78.3132530120482,69.87951807228916,8.433734939759036
E00014897,162,59,23,36,103,96,7,36.41975308641975,14.19753086419753,22.22222222222222,63.580246913580254,59.25925925925925,4.320987654320987
E00014898,141,47,17,30,94,79,15,33.33333333333333,12.056737588652481,21.27659574468085,66.66666666666666,56.02836879432624,10.638297872340425
E00014899,225,61,20,41,164,138,26,27.111111111111114,8.88888888888889,18.22222222222222,72.88888888888889,61.33333333333333,11.555555555555555
E00014900,131,31,16,15,100,78,22,23.66412213740458,12.213740458015266,11.450381679389313,76.33587786259542,59.541984732824424,16.793893129770993
E00014901,153,49,19,30,104,66,38,32.02614379084967,12.418300653594772,19.607843137254903,67.97385620915033,43.13725490196079,24.836601307189543
E00014902,170,58,24,34,112,69,43,34.11764705882353,14.117647058823529,20,65.88235294117646,40.588235294117645,25.294117647058822
E00014903,149,46,22,24,103,72,31,30.87248322147651,14.76510067114094,16.10738255033557,69.12751677852349,48.322147651006716,20.80536912751678
E00014904,172,65,27,38,107,89,18,37.7906976744186,15.69767441860465,22.093023255813954,62.2093023255814,51.74418604651163,10.465116279069768
E00014905,182,51,23,28,131,99,32,28.021978021978022,12.637362637362637,15.384615384615385,71.97802197802197,54.395604395604394,17.582417582417584
E00014906,121,24,11,13,97,84,13,19.834710743801654,9.090909090909092,10.743801652892563,80.16528925619835,69.42148760330579,10.743801652892563
E00014907,170,38,17,21,132,97,35,22.35294117647059,10,12.352941176470589,77.64705882352942,57.05882352941176,20.588235294117645
E00014908,163,44,16,28,119,86,33,26.993865030674847,9.815950920245399,17.177914110429448,73.00613496932516,52.760736196319016,20.245398773006134
E00014909,187,48,14,34,139,121,18,25.668449197860966,7.4866310160427805,18.181818181818183,74.33155080213903,64.70588235294117,9.62566844919786
E00014910,152,44,21,23,108,85,23,28.947368421052634,13.815789473684212,15.131578947368421,71.05263157894737,55.92105263157895,15.131578947368421
E00014911,182,61,20,41,121,101,20,33.51648351648351,10.989010989010989,22.52747252747253,66.48351648351648,55.494505494505496,10.989010989010989
E00014912,161,42,16,26,119,97,22,26.08695652173913,9.937888198757763,16.149068322981368,73.91304347826086,60.24844720496895,13.664596273291925
E00014913,179,43,17,26,136,116,20,24.022346368715084,9.497206703910614,14.52513966480447,75.97765363128491,64.80446927374301,11.1731843575419
E00014914,169,61,28,33,108,84,24,36.09467455621302,16.56804733727811,19.526627218934912,63.905325443786985,49.70414201183432,14.201183431952662
E00014915,195,36,22,14,159,131,28,18.461538461538463,11.282051282051283,7.179487179487179,81.53846153846153,67.17948717948717,14.358974358974358
E00014916,186,64,31,33,122,108,14,34.40860215053764,16.666666666666664,17.741935483870968,65.59139784946237,58.06451612903226,7.526881720430108
E00014917,189,42,17,25,147,122,25,22.22222222222222,8.994708994708994,13.227513227513226,77.77777777777779,64.55026455026454,13.227513227513226
E00014918,98,23,11,12,75,62,13,23.46938775510204,11.224489795918368,12.244897959183673,76.53061224489795,63.26530612244898,13.26530612244898
E00014919,174,55,19,36,119,97,22,31.60919540229885,10.919540229885058,20.689655172413794,68.39080459770115,55.74712643678161,12.643678160919542
E00014920,241,59,25,34,182,162,20,24.481327800829874,10.37344398340249,14.107883817427386,75.51867219917013,67.21991701244814,8.29875518672199
E00014921,172,76,33,43,96,73,23,44.18604651162791,19.186046511627907,25,55.81395348837209,42.44186046511628,13.372093023255813
E00014922,87,28,15,13,59,51,8,32.18390804597701,17.24137931034483,14.942528735632186,67.81609195402298,58.620689655172406,9.195402298850574
E00014923,157,38,21,17,119,103,16,24.203821656050955,13.375796178343949,10.828025477707007,75.79617834394905,65.60509554140127,10.191082802547772
E00014924,243,69,34,35,174,148,26,28.39506172839506,13.991769547325102,14.40329218106996,71.60493827160494,60.90534979423868,10.699588477366255
E00014926,184,59,28,31,125,99,26,32.065217391304344,15.217391304347828,16.847826086956523,67.93478260869566,53.80434782608695,14.130434782608695
E00014927,169,44,17,27,125,96,29,26.035502958579883,10.059171597633137,15.976331360946746,73.96449704142012,56.80473372781065,17.159763313609467
E00014928,149,46,15,31,103,81,22,30.87248322147651,10.06711409395973,20.80536912751678,69.12751677852349,54.36241610738255,14.76510067114094
E00014929,165,67,34,33,98,78,20,40.60606060606061,20.606060606060606,20,59.3939393939394,47.27272727272727,12.121212121212121
E00014930,219,63,24,39,156,122,34,28.767123287671232,10.95890410958904,17.80821917808219,71.23287671232876,55.70776255707762,15.52511415525114
E00014931,162,33,13,20,129,108,21,20.37037037037037,8.024691358024691,12.345679012345679,79.62962962962963,66.66666666666666,12.962962962962962
E00014932,171,46,19,27,125,105,20,26.900584795321635,11.11111111111111,15.789473684210526,73.09941520467837,61.40350877192983,11.695906432748536
E00014933,241,66,32,34,175,142,33,27.385892116182575,13.278008298755188,14.107883817427386,72.61410788381743,58.921161825726145,13.692946058091287
E00014934,236,54,25,29,182,142,40,22.88135593220339,10.59322033898305,12.288135593220339,77.11864406779661,60.16949152542372,16.94915254237288
E00014935,176,38,16,22,138,118,20,21.59090909090909,9.090909090909092,12.5,78.4090909090909,67.04545454545455,11.363636363636363
E00014936,184,50,22,28,134,111,23,27.173913043478258,11.956521739130435,15.217391304347828,72.82608695652173,60.32608695652174,12.5
E00014937,202,53,20,33,149,122,27,26.237623762376238,9.900990099009901,16.33663366336634,73.76237623762376,60.396039603960396,13.366336633663368
E00014939,126,47,18,29,79,68,11,37.301587301587304,14.285714285714285,23.015873015873016,62.698412698412696,53.96825396825397,8.73015873015873
E00014940,138,39,15,24,99,82,17,28.26086956521739,10.869565217391305,17.391304347826086,71.73913043478261,59.42028985507246,12.318840579710146
E00014941,123,24,12,12,99,78,21,19.51219512195122,9.75609756097561,9.75609756097561,80.48780487804879,63.41463414634146,17.073170731707318
E00014942,186,61,32,29,125,104,21,32.795698924731184,17.20430107526882,15.591397849462366,67.20430107526882,55.91397849462365,11.29032258064516
E00014943,151,24,9,15,127,100,27,15.894039735099339,5.960264900662252,9.933774834437086,84.10596026490066,66.22516556291392,17.880794701986755
E00014944,158,28,10,18,130,107,23,17.72151898734177,6.329113924050633,11.39240506329114,82.27848101265823,67.72151898734177,14.556962025316455
E00014945,146,20,13,7,126,99,27,13.698630136986301,8.904109589041095,4.794520547945205,86.3013698630137,67.8082191780822,18.493150684931507
E00014946,163,28,10,18,135,117,18,17.177914110429448,6.134969325153374,11.042944785276074,82.82208588957054,71.77914110429448,11.042944785276074
E00014947,183,42,13,29,141,104,37,22.950819672131146,7.103825136612022,15.846994535519126,77.04918032786885,56.830601092896174,20.21857923497268
E00014948,182,59,27,32,123,107,16,32.417582417582416,14.835164835164836,17.582417582417584,67.58241758241759,58.791208791208796,8.791208791208792
E00014950,181,63,16,47,118,97,21,34.806629834254146,8.83977900552486,25.96685082872928,65.19337016574586,53.591160220994475,11.602209944751381
E00014951,166,38,18,20,128,109,19,22.89156626506024,10.843373493975903,12.048192771084338,77.10843373493977,65.66265060240963,11.44578313253012
E00014952,157,43,14,29,114,96,18,27.388535031847134,8.9171974522293,18.471337579617835,72.61146496815286,61.146496815286625,11.464968152866243
E00014953,144,53,18,35,91,82,9,36.80555555555556,12.5,24.305555555555554,63.19444444444444,56.94444444444444,6.25
E00014955,188,52,22,30,136,115,21,27.659574468085108,11.702127659574469,15.957446808510639,72.3404255319149,61.170212765957444,11.170212765957446
E00014956,158,34,16,18,124,100,24,21.518987341772153,10.126582278481013,11.39240506329114,78.48101265822784,63.29113924050633,15.18987341772152
E00014957,134,30,13,17,104,88,16,22.388059701492537,9.701492537313433,12.686567164179104,77.61194029850746,65.67164179104478,11.940298507462686
E00014958,273,74,24,50,199,165,34,27.106227106227106,8.791208791208792,18.315018315018314,72.89377289377289,60.43956043956044,12.454212454212454
E00014959,177,55,25,30,122,110,12,31.07344632768362,14.124293785310735,16.94915254237288,68.92655367231639,62.14689265536724,6.779661016949152
E00014960,190,54,20,34,136,120,16,28.421052631578945,10.526315789473683,17.894736842105264,71.57894736842105,63.1578947368421,8.421052631578947
E00014961,178,57,27,30,121,98,23,32.02247191011236,15.168539325842698,16.853932584269664,67.97752808988764,55.0561797752809,12.921348314606742
E00014962,107,60,29,31,47,43,4,56.074766355140184,27.102803738317753,28.971962616822427,43.925233644859816,40.18691588785047,3.7383177570093453
E00014963,116,40,9,31,76,71,5,34.48275862068966,7.758620689655173,26.72413793103448,65.51724137931035,61.206896551724135,4.310344827586207
E00014964,211,71,35,36,140,111,29,33.649289099526065,16.587677725118482,17.061611374407583,66.35071090047393,52.60663507109005,13.744075829383887
E00014965,165,54,18,36,111,92,19,32.72727272727273,10.909090909090908,21.818181818181817,67.27272727272727,55.757575757575765,11.515151515151516
E00014966,227,60,37,23,167,150,17,26.431718061674008,16.299559471365637,10.13215859030837,73.568281938326,66.07929515418502,7.488986784140969
E00014967,197,52,21,31,145,129,16,26.39593908629442,10.65989847715736,15.736040609137056,73.60406091370558,65.48223350253807,8.121827411167512
E00014968,85,34,16,18,51,48,3,40,18.823529411764707,21.176470588235293,60,56.470588235294116,3.5294117647058822
E00014969,117,49,20,29,68,62,6,41.88034188034188,17.094017094017094,24.786324786324787,58.119658119658126,52.991452991452995,5.128205128205128
E00014970,152,48,12,36,104,91,13,31.57894736842105,7.894736842105263,23.684210526315788,68.42105263157895,59.86842105263158,8.552631578947368
E00014971,216,55,21,34,161,143,18,25.462962962962965,9.722222222222223,15.74074074074074,74.53703703703704,66.20370370370371,8.333333333333332
E00014972,114,53,16,37,61,58,3,46.49122807017544,14.035087719298245,32.45614035087719,53.50877192982456,50.877192982456144,2.631578947368421
E00014973,199,49,16,33,150,136,14,24.623115577889447,8.040201005025125,16.582914572864322,75.37688442211056,68.34170854271356,7.035175879396985
E00014974,67,26,15,11,41,37,4,38.80597014925373,22.388059701492537,16.417910447761194,61.19402985074627,55.223880597014926,5.970149253731343
E00014975,187,60,25,35,127,102,25,32.085561497326204,13.368983957219251,18.71657754010695,67.9144385026738,54.54545454545454,13.368983957219251
E00014976,200,53,20,33,147,120,27,26.5,10,16.5,73.5,60,13.5
E00014977,220,58,25,33,162,144,18,26.36363636363636,11.363636363636363,15,73.63636363636363,65.45454545454545,8.181818181818182
E00014978,198,79,40,39,119,99,20,39.8989898989899,20.2020202020202,19.696969696969695,60.1010101010101,50,10.1010101010101
E00014979,133,44,18,26,89,77,12,33.08270676691729,13.533834586466165,19.548872180451127,66.9172932330827,57.89473684210527,9.022556390977442
E00014980,126,48,17,31,78,60,18,38.095238095238095,13.492063492063492,24.6031746031746,61.904761904761905,47.61904761904761,14.285714285714285
E00014981,280,82,35,47,198,165,33,29.28571428571429,12.5,16.785714285714285,70.71428571428572,58.92857142857143,11.785714285714285
E00014982,181,61,25,36,120,109,11,33.70165745856354,13.812154696132598,19.88950276243094,66.29834254143645,60.22099447513812,6.077348066298343
E00014983,157,42,21,21,115,95,20,26.751592356687897,13.375796178343949,13.375796178343949,73.24840764331209,60.509554140127385,12.738853503184714
E00014984,153,52,25,27,101,84,17,33.98692810457516,16.33986928104575,17.647058823529413,66.01307189542483,54.90196078431373,11.11111111111111
E00014985,136,35,13,22,101,90,11,25.735294117647058,9.558823529411764,16.176470588235293,74.26470588235294,66.17647058823529,8.088235294117647
E00014986,129,37,20,17,92,81,11,28.68217054263566,15.503875968992247,13.178294573643413,71.31782945736434,62.7906976744186,8.527131782945736
E00014987,180,50,18,32,130,111,19,27.77777777777778,10,17.77777777777778,72.22222222222221,61.66666666666667,10.555555555555555
E00014988,165,42,12,30,123,106,17,25.454545454545453,7.2727272727272725,18.181818181818183,74.54545454545455,64.24242424242425,10.303030303030303
E00014989,155,48,20,28,107,77,30,30.967741935483872,12.903225806451612,18.064516129032256,69.03225806451613,49.67741935483871,19.35483870967742
E00014990,177,63,26,37,114,90,24,35.59322033898305,14.689265536723164,20.903954802259886,64.40677966101694,50.847457627118644,13.559322033898304
E00014991,187,63,32,31,124,102,22,33.68983957219251,17.11229946524064,16.577540106951872,66.31016042780749,54.54545454545454,11.76470588235294
E00014992,156,60,20,40,96,87,9,38.46153846153847,12.82051282051282,25.64102564102564,61.53846153846154,55.769230769230774,5.769230769230769
E00014993,202,56,21,35,146,118,28,27.722772277227726,10.396039603960396,17.326732673267326,72.27722772277228,58.415841584158414,13.861386138613863
E00014994,201,53,16,37,148,128,20,26.368159203980102,7.960199004975125,18.407960199004975,73.6318407960199,63.681592039801,9.950248756218906
E00014995,156,55,28,27,101,81,20,35.256410256410255,17.94871794871795,17.307692307692307,64.74358974358975,51.92307692307693,12.82051282051282
E00014996,144,47,14,33,97,88,9,32.63888888888889,9.722222222222223,22.916666666666664,67.36111111111111,61.111111111111114,6.25
E00014997,171,58,23,35,113,93,20,33.91812865497076,13.450292397660817,20.46783625730994,66.08187134502924,54.385964912280706,11.695906432748536
E00014998,130,39,15,24,91,83,8,30,11.538461538461538,18.461538461538463,70,63.84615384615384,6.153846153846154
E00014999,122,51,21,30,71,59,12,41.80327868852459,17.21311475409836,24.59016393442623,58.19672131147541,48.36065573770492,9.836065573770492
E00015000,163,41,8,33,122,108,14,25.153374233128833,4.9079754601226995,20.245398773006134,74.84662576687117,66.25766871165644,8.588957055214724
E00015001,173,46,17,29,127,106,21,26.589595375722542,9.826589595375722,16.76300578034682,73.41040462427746,61.27167630057804,12.138728323699421
E00015002,141,41,18,23,100,85,15,29.078014184397162,12.76595744680851,16.312056737588655,70.92198581560284,60.28368794326241,10.638297872340425
E00015003,160,51,13,38,109,94,15,31.874999999999996,8.125,23.75,68.125,58.75,9.375
E00015004,187,45,21,24,142,114,28,24.06417112299465,11.229946524064172,12.834224598930483,75.93582887700535,60.962566844919785,14.973262032085561
E00015005,177,41,11,30,136,125,11,23.163841807909606,6.214689265536723,16.94915254237288,76.8361581920904,70.62146892655367,6.214689265536723
E00015006,126,35,17,18,91,72,19,27.77777777777778,13.492063492063492,14.285714285714285,72.22222222222221,57.14285714285714,15.079365079365079
E00015007,159,59,28,31,100,72,28,37.10691823899371,17.61006289308176,19.49685534591195,62.893081761006286,45.28301886792453,17.61006289308176
E00015008,175,61,26,35,114,85,29,34.85714285714286,14.857142857142858,20,65.14285714285715,48.57142857142857,16.57142857142857
E00015009,178,47,11,36,131,104,27,26.40449438202247,6.179775280898876,20.224719101123593,73.59550561797754,58.42696629213483,15.168539325842698
E00015010,169,54,18,36,115,95,20,31.952662721893493,10.650887573964498,21.301775147928996,68.04733727810651,56.213017751479285,11.834319526627219
E00015011,124,43,16,27,81,70,11,34.67741935483871,12.903225806451612,21.774193548387096,65.32258064516128,56.451612903225815,8.870967741935484
E00015012,199,58,27,31,141,116,25,29.145728643216078,13.5678391959799,15.577889447236181,70.85427135678391,58.291457286432156,12.562814070351758
E00015013,213,59,25,34,154,129,25,27.699530516431924,11.737089201877934,15.96244131455399,72.30046948356808,60.56338028169014,11.737089201877934
E00015014,198,58,24,34,140,103,37,29.292929292929294,12.121212121212121,17.17171717171717,70.70707070707071,52.02020202020202,18.68686868686869
E00015015,150,44,16,28,106,89,17,29.333333333333332,10.666666666666668,18.666666666666668,70.66666666666667,59.333333333333336,11.333333333333332
E00015016,190,72,38,34,118,102,16,37.89473684210527,20,17.894736842105264,62.10526315789474,53.68421052631579,8.421052631578947
E00015017,155,46,20,26,109,90,19,29.677419354838708,12.903225806451612,16.7741935483871,70.3225806451613,58.06451612903226,12.258064516129032
E00015018,160,44,14,30,116,90,26,27.500000000000004,8.75,18.75,72.5,56.25,16.25
E00015019,90,25,10,15,65,55,10,27.77777777777778,11.11111111111111,16.666666666666664,72.22222222222221,61.111111111111114,11.11111111111111
E00015020,200,61,18,43,139,119,20,30.5,9,21.5,69.5,59.5,10
E00015021,167,63,21,42,104,91,13,37.72455089820359,12.574850299401197,25.149700598802394,62.27544910179641,54.49101796407185,7.784431137724551
E00015022,132,40,14,26,92,77,15,30.303030303030305,10.606060606060606,19.696969696969695,69.6969696969697,58.333333333333336,11.363636363636363
E00015023,150,45,19,26,105,87,18,30,12.666666666666668,17.333333333333336,70,57.99999999999999,12
E00015024,140,53,13,40,87,74,13,37.857142857142854,9.285714285714286,28.57142857142857,62.142857142857146,52.85714285714286,9.285714285714286
E00015025,130,35,13,22,95,76,19,26.923076923076923,10,16.923076923076923,73.07692307692307,58.46153846153847,14.615384615384617
E00015026,132,46,23,23,86,65,21,34.84848484848485,17.424242424242426,17.424242424242426,65.15151515151516,49.24242424242424,15.909090909090908
E00015027,176,76,26,50,100,86,14,43.18181818181818,14.772727272727273,28.40909090909091,56.81818181818182,48.86363636363637,7.954545454545454
E00015028,163,59,25,34,104,80,24,36.19631901840491,15.337423312883436,20.858895705521473,63.80368098159509,49.079754601226995,14.723926380368098
E00015029,135,40,17,23,95,70,25,29.629629629629626,12.592592592592592,17.037037037037038,70.37037037037037,51.85185185185185,18.51851851851852
E00015030,174,58,15,43,116,97,19,33.33333333333333,8.620689655172415,24.71264367816092,66.66666666666666,55.74712643678161,10.919540229885058
E00015031,132,35,10,25,97,75,22,26.515151515151516,7.575757575757576,18.939393939393938,73.48484848484848,56.81818181818182,16.666666666666664
E00015032,167,44,20,24,123,109,14,26.34730538922156,11.976047904191617,14.37125748502994,73.65269461077844,65.26946107784431,8.383233532934131
E00015033,176,51,19,32,125,93,32,28.97727272727273,10.795454545454545,18.181818181818183,71.02272727272727,52.84090909090909,18.181818181818183
E00015034,125,34,18,16,91,66,25,27.200000000000003,14.399999999999999,12.8,72.8,52.800000000000004,20
E00015035,127,24,10,14,103,82,21,18.89763779527559,7.874015748031496,11.023622047244094,81.10236220472441,64.56692913385827,16.535433070866144
E00015036,191,50,22,28,141,124,17,26.17801047120419,11.518324607329843,14.659685863874344,73.82198952879581,64.92146596858639,8.900523560209423
E00015037,166,61,22,39,105,83,22,36.74698795180723,13.253012048192772,23.49397590361446,63.25301204819277,50,13.253012048192772
E00015038,161,37,18,19,124,100,24,22.981366459627328,11.180124223602485,11.801242236024844,77.01863354037268,62.11180124223602,14.906832298136646
E00015039,164,33,15,18,131,105,26,20.121951219512198,9.146341463414634,10.975609756097562,79.8780487804878,64.02439024390245,15.853658536585366
E00015041,149,24,15,9,125,105,20,16.10738255033557,10.06711409395973,6.0402684563758395,83.89261744966443,70.46979865771812,13.422818791946309
E00015042,163,36,13,23,127,86,41,22.085889570552148,7.975460122699387,14.11042944785276,77.91411042944786,52.760736196319016,25.153374233128833
E00015043,109,26,14,12,83,64,19,23.853211009174313,12.844036697247708,11.009174311926607,76.14678899082568,58.71559633027523,17.431192660550458
E00015044,160,33,9,24,127,93,34,20.625,5.625,15,79.375,58.12500000000001,21.25
E00015046,145,25,12,13,120,90,30,17.24137931034483,8.275862068965518,8.96551724137931,82.75862068965517,62.06896551724138,20.689655172413794
E00015047,160,41,21,20,119,94,25,25.624999999999996,13.125,12.5,74.375,58.75,15.625
E00015048,150,26,13,13,124,93,31,17.333333333333336,8.666666666666668,8.666666666666668,82.66666666666667,62,20.666666666666668
E00015049,182,39,19,20,143,108,35,21.428571428571427,10.43956043956044,10.989010989010989,78.57142857142857,59.34065934065934,19.230769230769234
E00015050,173,32,8,24,141,113,28,18.497109826589593,4.624277456647398,13.872832369942195,81.5028901734104,65.3179190751445,16.184971098265898
E00015051,177,37,17,20,140,115,25,20.903954802259886,9.6045197740113,11.299435028248588,79.09604519774011,64.97175141242938,14.124293785310735
E00015052,149,36,8,28,113,90,23,24.161073825503358,5.369127516778524,18.79194630872483,75.83892617449665,60.40268456375839,15.436241610738255
E00015053,172,21,11,10,151,128,23,12.209302325581394,6.395348837209303,5.813953488372093,87.79069767441861,74.4186046511628,13.372093023255813
E00015054,178,38,17,21,140,119,21,21.34831460674157,9.550561797752808,11.797752808988763,78.65168539325843,66.85393258426966,11.797752808988763
E00015055,173,34,14,20,139,110,29,19.653179190751445,8.092485549132949,11.560693641618498,80.34682080924856,63.58381502890174,16.76300578034682
E00015056,189,39,15,24,150,144,6,20.634920634920633,7.936507936507936,12.698412698412698,79.36507936507937,76.19047619047619,3.1746031746031744
E00015057,106,17,10,7,89,76,13,16.037735849056602,9.433962264150944,6.60377358490566,83.9622641509434,71.69811320754717,12.264150943396226
E00015058,153,43,21,22,110,92,18,28.104575163398692,13.725490196078432,14.37908496732026,71.89542483660131,60.130718954248366,11.76470588235294
E00015059,179,32,17,15,147,110,37,17.877094972067038,9.497206703910614,8.379888268156424,82.12290502793296,61.452513966480446,20.670391061452513
E00015060,106,23,11,12,83,66,17,21.69811320754717,10.377358490566039,11.320754716981133,78.30188679245283,62.264150943396224,16.037735849056602
E00015061,142,19,14,5,123,89,34,13.380281690140844,9.859154929577464,3.5211267605633805,86.61971830985915,62.676056338028175,23.943661971830984
E00015062,167,37,14,23,130,108,22,22.15568862275449,8.383233532934131,13.77245508982036,77.84431137724552,64.67065868263472,13.17365269461078
E00015063,179,23,11,12,156,126,30,12.849162011173185,6.145251396648044,6.70391061452514,87.15083798882681,70.39106145251397,16.75977653631285
E00015065,125,21,12,9,104,78,26,16.8,9.6,7.199999999999999,83.2,62.4,20.8
E00015066,272,47,18,29,225,183,42,17.27941176470588,6.61764705882353,10.661764705882353,82.72058823529412,67.27941176470588,15.441176470588236
E00015067,289,73,18,55,216,180,36,25.259515570934255,6.228373702422145,19.031141868512112,74.74048442906575,62.28373702422145,12.45674740484429
E00015068,183,33,19,14,150,110,40,18.0327868852459,10.382513661202186,7.650273224043716,81.9672131147541,60.10928961748634,21.85792349726776
E00015069,149,43,22,21,106,89,17,28.859060402684566,14.76510067114094,14.093959731543624,71.14093959731544,59.73154362416108,11.409395973154362
E00015070,154,53,19,34,101,88,13,34.41558441558442,12.337662337662337,22.07792207792208,65.5844155844156,57.14285714285714,8.441558441558442
E00015071,138,36,9,27,102,82,20,26.08695652173913,6.521739130434782,19.565217391304348,73.91304347826086,59.42028985507246,14.492753623188406
E00015072,150,37,18,19,113,99,14,24.666666666666668,12,12.666666666666668,75.33333333333333,66,9.333333333333334
E00015073,175,40,13,27,135,109,26,22.857142857142858,7.428571428571429,15.428571428571427,77.14285714285715,62.28571428571429,14.857142857142858
E00015074,202,35,14,21,167,147,20,17.326732673267326,6.9306930693069315,10.396039603960396,82.67326732673267,72.77227722772277,9.900990099009901
E00015075,138,29,15,14,109,86,23,21.014492753623188,10.869565217391305,10.144927536231885,78.98550724637681,62.31884057971014,16.666666666666664
E00015076,157,23,8,15,134,108,26,14.64968152866242,5.095541401273886,9.554140127388536,85.35031847133759,68.78980891719745,16.560509554140125
E00015077,190,44,14,30,146,123,23,23.157894736842106,7.368421052631578,15.789473684210526,76.84210526315789,64.73684210526316,12.105263157894736
E00015078,120,23,15,8,97,80,17,19.166666666666668,12.5,6.666666666666667,80.83333333333333,66.66666666666666,14.166666666666666
E00015079,123,34,14,20,89,80,9,27.64227642276423,11.38211382113821,16.260162601626014,72.35772357723577,65.04065040650406,7.317073170731707
E00015080,179,33,9,24,146,122,24,18.435754189944134,5.027932960893855,13.40782122905028,81.56424581005587,68.15642458100558,13.40782122905028
E00015081,219,55,19,36,164,106,58,25.11415525114155,8.67579908675799,16.43835616438356,74.88584474885845,48.401826484018265,26.48401826484018
E00015082,144,25,12,13,119,106,13,17.36111111111111,8.333333333333332,9.027777777777777,82.63888888888889,73.61111111111111,9.027777777777777
E00015083,132,32,20,12,100,71,29,24.242424242424242,15.151515151515152,9.090909090909092,75.75757575757575,53.78787878787878,21.96969696969697
E00015084,137,20,6,14,117,92,25,14.5985401459854,4.37956204379562,10.218978102189782,85.40145985401459,67.15328467153284,18.248175182481752
E00015085,104,24,8,16,80,59,21,23.076923076923077,7.6923076923076925,15.384615384615385,76.92307692307693,56.730769230769226,20.192307692307693
E00015086,181,43,17,26,138,109,29,23.756906077348066,9.392265193370166,14.3646408839779,76.24309392265194,60.22099447513812,16.022099447513813
E00015087,197,53,25,28,144,120,24,26.903553299492383,12.690355329949238,14.213197969543149,73.09644670050761,60.913705583756354,12.18274111675127
E00015088,133,35,22,13,98,75,23,26.31578947368421,16.541353383458645,9.774436090225564,73.68421052631578,56.390977443609025,17.293233082706767
E00015089,145,42,14,28,103,81,22,28.965517241379313,9.655172413793103,19.310344827586206,71.03448275862068,55.86206896551724,15.172413793103448
E00015090,132,33,10,23,99,77,22,25,7.575757575757576,17.424242424242426,75,58.333333333333336,16.666666666666664
E00015091,142,37,14,23,105,73,32,26.056338028169012,9.859154929577464,16.19718309859155,73.94366197183099,51.40845070422535,22.535211267605636
E00015092,187,42,15,27,145,118,27,22.459893048128343,8.0213903743315509,14.43850267379679,77.54010695187165,63.101604278074866,14.43850267379679
E00015093,135,26,5,21,109,93,16,19.25925925925926,3.7037037037037033,15.555555555555555,80.74074074074075,68.88888888888889,11.851851851851853
E00015094,193,54,17,37,139,116,23,27.979274611398964,8.808290155440414,19.170984455958546,72.02072538860104,60.10362694300518,11.917098445595855
E00015095,164,41,17,24,123,102,21,25,10.365853658536585,14.634146341463413,75,62.19512195121951,12.804878048780488
E00015096,142,33,9,24,109,86,23,23.239436619718308,6.338028169014084,16.901408450704224,76.76056338028168,60.56338028169014,16.19718309859155
E00015097,143,32,12,20,111,88,23,22.377622377622377,8.391608391608392,13.986013986013987,77.62237762237763,61.53846153846154,16.083916083916083
E00015098,195,43,11,32,152,130,22,22.05128205128205,5.641025641025641,16.41025641025641,77.94871794871796,66.66666666666666,11.282051282051283
E00015099,198,43,14,29,155,132,23,21.71717171717172,7.07070707070707,14.646464646464647,78.28282828282829,66.66666666666666,11.616161616161616
E00015100,152,45,16,29,107,87,20,29.605263157894733,10.526315789473683,19.078947368421055,70.39473684210526,57.23684210526315,13.157894736842104
E00015101,114,30,14,16,84,75,9,26.31578947368421,12.280701754385964,14.035087719298245,73.68421052631578,65.78947368421053,7.894736842105263
E00015102,155,42,14,28,113,99,14,27.09677419354839,9.032258064516128,18.064516129032256,72.90322580645162,63.87096774193548,9.032258064516128
E00015103,171,40,10,30,131,108,23,23.391812865497073,5.847953216374268,17.543859649122805,76.60818713450293,63.1578947368421,13.450292397660817
E00015104,146,39,13,26,107,82,25,26.71232876712329,8.904109589041095,17.80821917808219,73.28767123287672,56.16438356164384,17.123287671232877
E00015105,139,27,10,17,112,91,21,19.424460431654676,7.1942446043165464,12.23021582733813,80.57553956834532,65.46762589928058,15.107913669064748
E00015106,127,22,9,13,105,81,24,17.322834645669293,7.086614173228346,10.236220472440944,82.67716535433071,63.77952755905512,18.89763779527559
E00015107,80,16,4,12,64,60,4,20,5,15,80,75,5
E00015108,125,33,16,17,92,79,13,26.400000000000002,12.8,13.600000000000001,73.6,63.2,10.4
E00015109,178,50,14,36,128,105,23,28.08988764044944,7.865168539325842,20.224719101123593,71.91011235955057,58.98876404494382,12.921348314606742
E00015110,163,44,18,26,119,101,18,26.993865030674847,11.042944785276074,15.950920245398773,73.00613496932516,61.963190184049076,11.042944785276074
E00015111,184,45,13,32,139,118,21,24.456521739130434,7.065217391304348,17.391304347826086,75.54347826086956,64.13043478260869,11.41304347826087
E00015112,150,43,16,27,107,99,8,28.666666666666668,10.666666666666668,18,71.33333333333334,66,5.333333333333334
E00015113,148,48,15,33,100,85,15,32.432432432432435,10.135135135135135,22.2972972972973,67.56756756756756,57.432432432432435,10.135135135135135
E00015114,148,35,9,26,113,97,16,23.64864864864865,6.081081081081082,17.56756756756757,76.35135135135135,65.54054054054053,10.81081081081081
E00015115,158,42,18,24,116,102,14,26.582278481012654,11.39240506329114,15.18987341772152,73.41772151898735,64.55696202531645,8.860759493670885
E00015116,132,43,15,28,89,78,11,32.57575757575758,11.363636363636363,21.21212121212121,67.42424242424242,59.09090909090909,8.333333333333332
E00015117,232,73,29,44,159,133,26,31.46551724137931,12.5,18.96551724137931,68.53448275862068,57.327586206896555,11.206896551724139
E00015118,209,66,26,40,143,123,20,31.57894736842105,12.440191387559809,19.138755980861244,68.42105263157895,58.85167464114832,9.569377990430622
E00015119,199,63,18,45,136,113,23,31.65829145728643,9.045226130653267,22.613065326633166,68.34170854271356,56.78391959798995,11.557788944723619
E00015120,218,69,21,48,149,133,16,31.65137614678899,9.63302752293578,22.018348623853214,68.34862385321101,61.00917431192661,7.339449541284404
E00015121,213,60,29,31,153,120,33,28.169014084507044,13.615023474178404,14.553990610328638,71.83098591549296,56.33802816901409,15.492957746478872
E00015122,139,42,12,30,97,81,16,30.215827338129497,8.633093525179856,21.58273381294964,69.7841726618705,58.27338129496403,11.510791366906476
E00015123,191,66,28,38,125,103,22,34.55497382198953,14.659685863874344,19.895287958115183,65.44502617801047,53.92670157068062,11.518324607329843
E00015124,170,35,20,15,135,115,20,20.588235294117645,11.76470588235294,8.823529411764707,79.41176470588235,67.64705882352942,11.76470588235294
E00015125,169,49,16,33,120,104,16,28.994082840236686,9.467455621301776,19.526627218934912,71.00591715976331,61.53846153846154,9.467455621301776
E00015126,201,72,19,53,129,118,11,35.82089552238806,9.45273631840796,26.368159203980102,64.17910447761194,58.70646766169154,5.472636815920398
E00015127,106,30,12,18,76,61,15,28.30188679245283,11.320754716981133,16.9811320754717,71.69811320754717,57.54716981132076,14.150943396226415
E00015128,184,52,18,34,132,110,22,28.26086956521739,9.782608695652174,18.478260869565215,71.73913043478261,59.78260869565217,11.956521739130435
E00015129,162,54,19,35,108,82,26,33.33333333333333,11.728395061728394,21.604938271604937,66.66666666666666,50.617283950617285,16.049382716049383
E00015130,200,42,18,24,158,133,25,21,9,12,79,66.5,12.5
E00015131,168,60,18,42,108,92,16,35.714285714285715,10.714285714285714,25,64.28571428571429,54.761904761904766,9.523809523809524
E00015132,175,58,24,34,117,99,18,33.14285714285714,13.714285714285715,19.428571428571427,66.85714285714286,56.57142857142857,10.285714285714285
E00015133,180,40,18,22,140,121,19,22.22222222222222,10,12.222222222222221,77.77777777777779,67.22222222222223,10.555555555555555
E00015135,203,58,15,43,145,121,24,28.57142857142857,7.389162561576355,21.182266009852217,71.42857142857143,59.60591133004927,11.822660098522167
E00015136,182,62,23,39,120,110,10,34.065934065934066,12.637362637362637,21.428571428571427,65.93406593406593,60.43956043956044,5.4945054945054945
E00015137,196,51,18,33,145,121,24,26.02040816326531,9.183673469387756,16.83673469387755,73.9795918367347,61.73469387755102,12.244897959183673
E00015138,114,28,15,13,86,63,23,24.561403508771928,13.157894736842104,11.403508771929824,75.43859649122807,55.26315789473685,20.175438596491226
E00015139,198,54,27,27,144,114,30,27.27272727272727,13.636363636363635,13.636363636363635,72.72727272727273,57.57575757575758,15.151515151515152
E00015140,195,52,25,27,143,105,38,26.666666666666668,12.82051282051282,13.846153846153847,73.33333333333333,53.84615384615385,19.48717948717949
E00015141,128,28,10,18,100,82,18,21.875,7.8125,14.0625,78.125,64.0625,14.0625
E00015142,148,47,20,27,101,73,28,31.756756756756754,13.513513513513514,18.243243243243242,68.24324324324324,49.32432432432432,18.91891891891892
E00015143,132,48,19,29,84,77,7,36.36363636363637,14.393939393939394,21.96969696969697,63.63636363636363,58.333333333333336,5.303030303030303
E00015144,166,45,17,28,121,90,31,27.10843373493976,10.240963855421686,16.867469879518072,72.89156626506023,54.21686746987952,18.67469879518072
E00015145,205,68,34,34,137,98,39,33.170731707317074,16.585365853658537,16.585365853658537,66.82926829268293,47.80487804878049,19.024390243902438
E00015146,169,59,16,43,110,92,18,34.9112426035503,9.467455621301776,25.443786982248522,65.08875739644971,54.437869822485204,10.650887573964498
E00015147,142,45,18,27,97,78,19,31.690140845070424,12.676056338028168,19.014084507042252,68.30985915492957,54.929577464788736,13.380281690140844
E00015148,156,45,17,28,111,93,18,28.846153846153843,10.897435897435898,17.94871794871795,71.15384615384616,59.61538461538461,11.538461538461538
E00015149,184,76,32,44,108,90,18,41.30434782608695,17.391304347826086,23.91304347826087,58.69565217391305,48.91304347826087,9.782608695652174
E00015150,193,55,19,36,138,118,20,28.497409326424872,9.844559585492227,18.65284974093264,71.50259067357513,61.13989637305699,10.362694300518134
E00015151,169,43,17,26,126,102,24,25.443786982248522,10.059171597633137,15.384615384615385,74.55621301775149,60.35502958579882,14.201183431952662
E00015152,180,49,29,20,131,103,28,27.22222222222222,16.11111111111111,11.11111111111111,72.77777777777777,57.22222222222222,15.555555555555555
E00015153,194,53,21,32,141,105,36,27.31958762886598,10.824742268041238,16.49484536082474,72.68041237113401,54.123711340206185,18.556701030927837
E00015154,120,41,19,22,79,62,17,34.166666666666664,15.833333333333332,18.333333333333332,65.83333333333333,51.66666666666667,14.166666666666666
E00015155,166,45,16,29,121,98,23,27.10843373493976,9.63855421686747,17.46987951807229,72.89156626506023,59.036144578313255,13.855421686746988
E00015156,166,50,24,26,116,87,29,30.120481927710845,14.457831325301203,15.66265060240964,69.87951807228916,52.40963855421686,17.46987951807229
E00015157,196,60,21,39,136,94,42,30.612244897959183,10.714285714285714,19.897959183673468,69.38775510204081,47.95918367346938,21.428571428571427
E00015158,147,32,15,17,115,92,23,21.768707482993197,10.204081632653061,11.564625850340136,78.2312925170068,62.585034013605444,15.646258503401361
E00015159,187,59,26,33,128,87,41,31.550802139037433,13.903743315508022,17.647058823529413,68.44919786096256,46.524064171122994,21.92513368983957
E00015160,145,47,17,30,98,75,23,32.41379310344827,11.724137931034482,20.689655172413794,67.58620689655173,51.724137931034484,15.862068965517242
E00015161,134,39,12,27,95,72,23,29.1044776119403,8.955223880597014,20.149253731343283,70.8955223880597,53.73134328358209,17.16417910447761
E00015162,190,53,22,31,137,113,24,27.89473684210526,11.578947368421053,16.315789473684212,72.10526315789474,59.473684210526315,12.631578947368421
E00015163,178,49,19,30,129,100,29,27.52808988764045,10.674157303370785,16.853932584269664,72.47191011235955,56.17977528089888,16.292134831460675
E00015164,128,36,17,19,92,78,14,28.125,13.28125,14.84375,71.875,60.9375,10.9375
E00015165,194,61,24,37,133,108,25,31.443298969072163,12.371134020618557,19.072164948453608,68.55670103092784,55.670103092783506,12.886597938144329
E00174866,76,29,9,20,47,40,7,38.15789473684211,11.842105263157894,26.31578947368421,61.8421052631579,52.63157894736842,9.210526315789473
E00174867,80,50,24,26,30,17,13,62.5,30,32.5,37.5,21.25,16.25
E00174868,127,45,26,19,82,63,19,35.43307086614173,20.47244094488189,14.960629921259844,64.56692913385827,49.60629921259843,14.960629921259844
E00174869,244,56,25,31,188,146,42,22.950819672131146,10.245901639344263,12.704918032786885,77.04918032786885,59.83606557377049,17.21311475409836
E00174870,87,24,7,17,63,55,8,27.586206896551722,8.045977011494253,19.54022988505747,72.41379310344827,63.2183908045977,9.195402298850574
E00174871,245,59,29,30,186,160,26,24.081632653061224,11.83673469387755,12.244897959183673,75.91836734693878,65.3061224489796,10.612244897959183
E00174872,114,17,10,7,97,78,19,14.912280701754385,8.771929824561402,6.140350877192982,85.08771929824562,68.42105263157895,16.666666666666664
E00174873,111,16,8,8,95,79,16,14.414414414414415,7.207207207207207,7.207207207207207,85.58558558558559,71.17117117117117,14.414414414414415
E00174874,286,56,20,36,230,192,38,19.58041958041958,6.993006993006993,12.587412587412588,80.41958041958041,67.13286713286713,13.286713286713287
E00174876,65,18,7,11,47,40,7,27.692307692307693,10.76923076923077,16.923076923076923,72.3076923076923,61.53846153846154,10.76923076923077
E00174877,204,91,64,27,113,93,20,44.6078431372549,31.372549019607842,13.23529411764706,55.392156862745104,45.588235294117645,9.803921568627452
E00174878,119,26,9,17,93,78,15,21.84873949579832,7.563025210084033,14.285714285714285,78.15126050420169,65.54621848739495,12.605042016806722
E00174879,166,30,19,11,136,114,22,18.072289156626507,11.44578313253012,6.626506024096386,81.92771084337349,68.67469879518072,13.253012048192772
E00184339,177,49,25,24,128,104,24,27.683615819209038,14.124293785310735,13.559322033898304,72.31638418079096,58.75706214689266,13.559322033898304
E00184346,154,81,36,45,73,59,14,52.5974025974026,23.376623376623375,29.22077922077922,47.4025974025974,38.311688311688314,9.090909090909092
E00184347,126,16,5,11,110,91,19,12.698412698412698,3.968253968253968,8.73015873015873,87.3015873015873,72.22222222222221,15.079365079365079
E00184349,52,23,18,5,29,23,6,44.230769230769226,34.61538461538461,9.615384615384617,55.769230769230774,44.230769230769226,11.538461538461538
E00184352,143,37,18,19,106,82,24,25.874125874125873,12.587412587412588,13.286713286713287,74.12587412587412,57.34265734265735,16.783216783216783
E00184353,224,48,31,17,176,137,39,21.428571428571427,13.839285714285715,7.5892857142857135,78.57142857142857,61.16071428571429,17.410714285714285
E00184355,62,24,9,15,38,33,5,38.70967741935484,14.516129032258066,24.193548387096776,61.29032258064516,53.2258064516129,8.064516129032258
E00184356,97,24,11,13,73,56,17,24.742268041237114,11.34020618556701,13.402061855670103,75.25773195876289,57.73195876288659,17.525773195876287
E00184358,186,34,19,15,152,126,26,18.27956989247312,10.21505376344086,8.064516129032258,81.72043010752688,67.74193548387096,13.978494623655912
E00184360,187,33,14,19,154,128,26,17.647058823529413,7.4866310160427805,10.16042780748663,82.35294117647058,68.44919786096256,13.903743315508022
E00184366,104,44,26,18,60,53,7,42.30769230769231,25,17.307692307692307,57.692307692307686,50.96153846153846,6.730769230769231
E00184368,72,10,5,5,62,53,9,13.88888888888889,6.944444444444445,6.944444444444445,86.11111111111111,73.61111111111111,12.5
E00184369,231,73,26,47,158,136,22,31.601731601731604,11.255411255411255,20.346320346320347,68.3982683982684,58.87445887445888,9.523809523809524
E00184370,58,13,5,8,45,42,3,22.413793103448278,8.620689655172415,13.793103448275861,77.58620689655173,72.41379310344827,5.172413793103448
E00184371,194,67,37,30,127,107,20,34.5360824742268,19.072164948453608,15.463917525773196,65.4639175257732,55.154639175257735,10.309278350515463
E00184372,60,11,6,5,49,44,5,18.333333333333332,10,8.333333333333332,81.66666666666667,73.33333333333333,8.333333333333332
E00184379,120,29,9,20,91,77,14,24.166666666666668,7.5,16.666666666666664,75.83333333333333,64.16666666666667,11.666666666666666
E00184382,159,47,20,27,112,91,21,29.559748427672954,12.578616352201259,16.9811320754717,70.44025157232704,57.23270440251572,13.20754716981132
E00184383,132,57,40,17,75,68,7,43.18181818181818,30.303030303030305,12.878787878787879,56.81818181818182,51.515151515151516,5.303030303030303
E00184385,192,69,31,38,123,111,12,35.9375,16.145833333333336,19.791666666666664,64.0625,57.8125,6.25
E00184386,160,50,9,41,110,90,20,31.25,5.625,25.624999999999996,68.75,56.25,12.5
