OA,ts0380001,ts0380002,ts0380003,ts0380004,ts0380005,ts0380006,ts0380007,ts0380002_PCT,ts0380003_PCT,ts0380004_PCT,ts0380005_PCT,ts0380006_PCT,ts0380007_PCT
E00125017,401,80,31,49,321,35,286,19.950124688279303,7.73067331670823,12.219451371571072,80.0498753117207,8.728179551122196,71.3216957605985
E00125018,282,39,12,27,243,31,212,13.829787234042554,4.25531914893617,9.574468085106384,86.17021276595744,10.99290780141844,75.177304964539
E00125019,399,94,41,53,305,29,276,23.55889724310777,10.275689223057643,13.283208020050125,76.441102756892235,7.268170426065162,69.17293233082707
E00125020,288,63,26,37,225,19,206,21.875,9.027777777777777,12.847222222222221,78.125,6.597222222222222,71.52777777777779
E00125021,316,79,40,39,237,29,208,25,12.658227848101266,12.341772151898734,75,9.177215189873419,65.82278481012658
E00125022,281,43,11,32,238,18,220,15.302491103202847,3.9145907473309607,11.387900355871885,84.69750889679716,6.405693950177936,78.29181494661923
E00125023,305,82,44,38,223,12,211,26.885245901639344,14.426229508196723,12.459016393442624,73.11475409836066,3.934426229508197,69.18032786885246
E00125024,355,96,50,46,259,29,230,27.042253521126757,14.084507042253522,12.957746478873238,72.95774647887325,8.169014084507042,64.7887323943662
E00125025,289,62,36,26,227,23,204,21.453287197231834,12.45674740484429,8.996539792387544,78.54671280276817,7.958477508650519,70.58823529411765
E00125026,369,96,48,48,273,26,247,26.01626016260163,13.008130081300814,13.008130081300814,73.98373983739837,7.046070460704606,66.93766937669376
E00125027,385,97,29,68,288,29,259,25.19480519480519,7.532467532467532,17.662337662337663,74.8051948051948,7.532467532467532,67.27272727272727
E00125028,387,69,19,50,318,32,286,17.829457364341085,4.909560723514212,12.919896640826872,82.17054263565892,8.2687338501292,73.90180878552972
E00125029,326,73,29,44,253,14,239,22.392638036809817,8.895705521472392,13.496932515337424,77.60736196319019,4.294478527607362,73.31288343558282
E00125030,302,63,30,33,239,27,212,20.86092715231788,9.933774834437086,10.927152317880795,79.13907284768213,8.940397350993377,70.19867549668875
E00125031,289,61,25,36,228,23,205,21.10726643598616,8.650519031141869,12.45674740484429,78.89273356401384,7.958477508650519,70.93425605536332
E00125032,309,55,18,37,254,26,228,17.79935275080906,5.825242718446602,11.974110032362459,82.20064724919094,8.414239482200648,73.7864077669903
E00125033,289,59,26,33,230,17,213,20.415224913494807,8.996539792387544,11.418685121107266,79.58477508650519,5.88235294117647,73.70242214532871
E00125034,319,79,41,38,240,22,218,24.76489028213166,12.852664576802509,11.912225705329153,75.23510971786834,6.896551724137931,68.3385579937304
E00125035,250,96,49,47,154,26,128,38.4,19.6,18.8,61.6,10.4,51.2
E00125036,307,43,18,25,264,30,234,14.006514657980457,5.863192182410423,8.143322475570033,85.99348534201955,9.77198697068404,76.2214983713355
E00125037,306,71,32,39,235,31,204,23.202614379084967,10.457516339869281,12.745098039215685,76.79738562091504,10.130718954248366,66.66666666666666
E00125038,289,59,15,44,230,38,192,20.415224913494807,5.190311418685121,15.22491349480969,79.58477508650519,13.148788927335639,66.43598615916954
E00125039,257,48,24,24,209,31,178,18.67704280155642,9.33852140077821,9.33852140077821,81.32295719844358,12.062256809338521,69.26070038910505
E00125040,259,63,25,38,196,29,167,24.324324324324326,9.652509652509652,14.671814671814673,75.67567567567568,11.196911196911197,64.47876447876449
E00125041,220,49,18,31,171,15,156,22.272727272727273,8.181818181818182,14.09090909090909,77.72727272727272,6.8181818181818175,70.9090909090909
E00125042,265,69,30,39,196,27,169,26.037735849056602,11.320754716981133,14.716981132075471,73.9622641509434,10.18867924528302,63.77358490566037
E00125043,271,53,23,30,218,33,185,19.557195571955717,8.487084870848708,11.07011070110701,80.44280442804428,12.177121771217712,68.26568265682657
E00125044,255,69,36,33,186,22,164,27.058823529411764,14.117647058823529,12.941176470588237,72.94117647058823,8.627450980392156,64.31372549019608
E00125045,273,60,29,31,213,16,197,21.978021978021978,10.622710622710622,11.355311355311356,78.02197802197803,5.86080586080586,72.16117216117216
E00125046,254,69,41,28,185,19,166,27.165354330708663,16.141732283464567,11.023622047244094,72.83464566929135,7.480314960629922,65.35433070866141
E00125047,349,64,28,36,285,31,254,18.33810888252149,8.022922636103152,10.315186246418339,81.66189111747852,8.882521489971348,72.77936962750717
E00125048,195,75,24,51,120,23,97,38.46153846153847,12.307692307692308,26.153846153846157,61.53846153846154,11.794871794871794,49.743589743589745
E00125049,280,60,25,35,220,28,192,21.428571428571427,8.928571428571429,12.5,78.57142857142857,10,68.57142857142857
E00125050,287,64,29,35,223,27,196,22.299651567944252,10.104529616724738,12.195121951219512,77.70034843205575,9.40766550522648,68.29268292682927
E00125051,345,81,44,37,264,14,250,23.47826086956522,12.753623188405797,10.72463768115942,76.52173913043478,4.057971014492753,72.46376811594203
E00125052,291,91,48,43,200,25,175,31.27147766323024,16.49484536082474,14.776632302405499,68.72852233676976,8.59106529209622,60.13745704467354
E00125053,265,87,41,46,178,26,152,32.83018867924528,15.471698113207546,17.358490566037734,67.16981132075472,9.811320754716983,57.35849056603774
E00125054,239,67,24,43,172,15,157,28.03347280334728,10.0418410041841,17.99163179916318,71.96652719665272,6.2761506276150625,65.69037656903765
E00125055,261,67,31,36,194,22,172,25.67049808429119,11.877394636015326,13.793103448275861,74.32950191570882,8.42911877394636,65.90038314176245
E00125056,190,56,28,28,134,21,113,29.47368421052631,14.736842105263156,14.736842105263156,70.52631578947368,11.052631578947368,59.473684210526315
E00125057,250,60,24,36,190,24,166,24,9.6,14.399999999999999,76,9.6,66.4
E00125058,322,90,46,44,232,31,201,27.95031055900621,14.285714285714285,13.664596273291925,72.04968944099379,9.627329192546584,62.422360248447205
E00125059,251,79,34,45,172,22,150,31.47410358565737,13.545816733067728,17.928286852589643,68.52589641434263,8.764940239043826,59.76095617529881
E00125060,283,65,29,36,218,18,200,22.968197879858657,10.247349823321555,12.7208480565371,77.03180212014135,6.36042402826855,70.6713780918728
E00125061,329,81,35,46,248,21,227,24.620060790273556,10.638297872340425,13.98176291793313,75.37993920972644,6.382978723404255,68.9969604863222
E00125062,265,58,23,35,207,28,179,21.88679245283019,8.679245283018867,13.20754716981132,78.11320754716982,10.566037735849058,67.54716981132076
E00125063,279,61,31,30,218,30,188,21.863799283154123,11.11111111111111,10.75268817204301,78.13620071684588,10.75268817204301,67.38351254480287
E00125064,244,55,33,22,189,22,167,22.540983606557376,13.524590163934427,9.01639344262295,77.45901639344262,9.01639344262295,68.44262295081968
E00125065,208,52,21,31,156,16,140,25,10.096153846153847,14.903846153846153,75,7.6923076923076925,67.3076923076923
E00125066,292,94,50,44,198,19,179,32.19178082191781,17.123287671232877,15.068493150684931,67.8082191780822,6.506849315068493,61.3013698630137
E00125067,311,86,45,41,225,19,206,27.652733118971064,14.469453376205788,13.183279742765272,72.34726688102894,6.109324758842444,66.2379421221865
E00125068,238,68,24,44,170,18,152,28.57142857142857,10.084033613445378,18.487394957983195,71.42857142857143,7.563025210084033,63.86554621848739
E00125069,236,40,14,26,196,29,167,16.94915254237288,5.932203389830509,11.016949152542372,83.05084745762711,12.288135593220339,70.76271186440678
E00125070,171,44,11,33,127,22,105,25.730994152046783,6.432748538011696,19.298245614035086,74.26900584795322,12.865497076023392,61.40350877192983
E00125071,215,46,17,29,169,20,149,21.3953488372093,7.906976744186046,13.488372093023257,78.6046511627907,9.30232558139535,69.30232558139535
E00125072,245,56,28,28,189,20,169,22.857142857142858,11.428571428571429,11.428571428571429,77.14285714285715,8.16326530612245,68.9795918367347
E00125073,204,46,20,26,158,21,137,22.54901960784314,9.803921568627452,12.745098039215685,77.45098039215686,10.294117647058822,67.15686274509804
E00125074,298,56,12,44,242,24,218,18.79194630872483,4.026845637583892,14.76510067114094,81.20805369127517,8.053691275167784,73.15436241610739
E00125075,229,34,15,19,195,18,177,14.847161572052403,6.550218340611353,8.296943231441048,85.1528384279476,7.860262008733625,77.29257641921397
E00125076,251,39,16,23,212,20,192,15.53784860557769,6.374501992031872,9.163346613545817,84.4621513944223,7.968127490039841,76.49402390438247
E00125077,322,62,21,41,260,23,237,19.25465838509317,6.521739130434782,12.732919254658384,80.74534161490683,7.142857142857142,73.6024844720497
E00125078,266,44,16,28,222,30,192,16.541353383458645,6.015037593984962,10.526315789473683,83.45864661654136,11.278195488721805,72.18045112781954
E00125079,195,44,20,24,151,13,138,22.564102564102566,10.256410256410255,12.307692307692308,77.435897435897445,6.666666666666667,70.76923076923077
E00125080,221,45,13,32,176,17,159,20.361990950226243,5.88235294117647,14.479638009049776,79.63800904977376,7.6923076923076925,71.94570135746606
E00125081,329,95,40,55,234,24,210,28.87537993920973,12.158054711246201,16.717325227963524,71.12462006079028,7.29483282674772,63.829787234042556
E00125082,269,58,24,34,211,29,182,21.561338289962826,8.921933085501859,12.639405204460965,78.43866171003717,10.780669144981413,67.65799256505576
E00125083,248,54,19,35,194,24,170,21.774193548387096,7.661290322580645,14.112903225806454,78.2258064516129,9.67741935483871,68.54838709677419
E00125084,252,62,27,35,190,19,171,24.6031746031746,10.714285714285714,13.88888888888889,75.39682539682539,7.5396825396825395,67.85714285714286
E00125085,322,107,59,48,215,19,196,33.22981366459628,18.32298136645963,14.906832298136646,66.77018633540372,5.900621118012422,60.86956521739131
E00125086,302,71,23,48,231,29,202,23.509933774834437,7.6158940397351,15.894039735099339,76.49006622516556,9.602649006622517,66.88741721854305
E00125087,360,77,34,43,283,22,261,21.38888888888889,9.444444444444445,11.944444444444445,78.61111111111111,6.111111111111111,72.5
E00125088,332,49,17,32,283,16,267,14.759036144578314,5.120481927710843,9.63855421686747,85.2409638554217,4.819277108433735,80.42168674698796
E00125089,296,59,25,34,237,25,212,19.93243243243243,8.445945945945946,11.486486486486488,80.06756756756756,8.445945945945946,71.62162162162163
E00125090,260,70,34,36,190,20,170,26.923076923076923,13.076923076923078,13.846153846153847,73.07692307692307,7.6923076923076925,65.38461538461539
E00125091,336,59,24,35,277,14,263,17.559523809523807,7.142857142857142,10.416666666666668,82.44047619047619,4.166666666666666,78.27380952380952
E00125092,137,56,25,31,81,9,72,40.87591240875913,18.248175182481752,22.62773722627737,59.12408759124088,6.569343065693431,52.55474452554745
E00125093,286,61,29,32,225,20,205,21.328671328671327,10.13986013986014,11.188811188811188,78.67132867132867,6.993006993006993,71.67832167832168
E00125094,344,85,28,57,259,23,236,24.709302325581394,8.13953488372093,16.569767441860463,75.29069767441861,6.686046511627906,68.6046511627907
E00125095,296,61,29,32,235,14,221,20.60810810810811,9.797297297297296,10.81081081081081,79.3918918918919,4.72972972972973,74.66216216216216
E00125096,302,44,15,29,258,34,224,14.56953642384106,4.966887417218543,9.602649006622517,85.43046357615894,11.258278145695364,74.17218543046357
E00125097,300,62,22,40,238,30,208,20.666666666666668,7.333333333333333,13.333333333333334,79.33333333333333,10,69.33333333333334
E00125099,203,48,25,23,155,16,139,23.645320197044335,12.31527093596059,11.330049261083744,76.35467980295566,7.8817733990147785,68.4729064039409
E00125100,296,69,24,45,227,26,201,23.31081081081081,8.108108108108109,15.202702702702704,76.6891891891892,8.783783783783784,67.9054054054054
E00125101,282,60,22,38,222,19,203,21.27659574468085,7.801418439716312,13.47517730496454,78.72340425531915,6.73758865248227,71.98581560283688
E00125102,314,62,24,38,252,24,228,19.745222929936308,7.643312101910828,12.101910828025478,80.2547770700637,7.643312101910828,72.61146496815286
E00125103,247,54,16,38,193,21,172,21.86234817813765,6.477732793522267,15.384615384615385,78.13765182186235,8.502024291497975,69.63562753036437
E00125104,365,74,33,41,291,35,256,20.273972602739725,9.04109589041096,11.232876712328768,79.72602739726027,9.58904109589041,70.13698630136986
E00125105,267,56,25,31,211,22,189,20.973782771535582,9.363295880149813,11.610486891385769,79.02621722846442,8.239700374531834,70.78651685393258
E00125106,250,66,23,43,184,22,162,26.400000000000002,9.2,17.2,73.6,8.799999999999999,64.8
E00125107,339,77,26,51,262,18,244,22.71386430678466,7.669616519174041,15.04424778761062,77.28613569321534,5.3097345132743365,71.976401179941
E00125108,387,83,39,44,304,40,264,21.44702842377261,10.077519379844961,11.369509043927648,78.55297157622739,10.335917312661499,68.21705426356588
E00125109,234,66,35,31,168,11,157,28.205128205128204,14.957264957264957,13.247863247863249,71.7948717948718,4.700854700854701,67.09401709401709
E00125110,275,56,26,30,219,24,195,20.363636363636363,9.454545454545455,10.909090909090908,79.63636363636364,8.727272727272728,70.9090909090909
E00125111,379,86,29,57,293,31,262,22.691292875989447,7.651715039577836,15.03957783641161,77.30870712401055,8.179419525065963,69.12928759894459
E00125112,236,57,28,29,179,13,166,24.152542372881356,11.864406779661017,12.288135593220339,75.84745762711864,5.508474576271186,70.33898305084746
E00125113,353,39,11,28,314,41,273,11.048158640226628,3.1161473087818696,7.932011331444759,88.95184135977338,11.614730878186968,77.33711048158641
E00125114,360,86,41,45,274,37,237,23.88888888888889,11.38888888888889,12.5,76.11111111111111,10.277777777777777,65.83333333333333
E00125115,348,60,28,32,288,33,255,17.24137931034483,8.045977011494253,9.195402298850574,82.75862068965517,9.482758620689655,73.27586206896551
E00125116,302,50,20,30,252,25,227,16.55629139072848,6.622516556291391,9.933774834437086,83.44370860927152,8.27814569536424,75.16556291390728
E00125117,293,59,25,34,234,24,210,20.13651877133106,8.532423208191126,11.604095563139932,79.86348122866895,8.19112627986348,71.67235494880546
E00125118,344,56,25,31,288,40,248,16.27906976744186,7.267441860465117,9.011627906976743,83.72093023255815,11.627906976744185,72.09302325581395
E00125119,417,117,64,53,300,22,278,28.05755395683453,15.347721822541965,12.709832134292565,71.94244604316546,5.275779376498801,66.66666666666666
E00125120,291,50,21,29,241,18,223,17.18213058419244,7.216494845360824,9.965635738831615,82.81786941580756,6.185567010309279,76.6323024054983
E00125121,292,82,33,49,210,14,196,28.08219178082192,11.301369863013697,16.78082191780822,71.91780821917808,4.794520547945205,67.12328767123287
E00125122,274,39,10,29,235,22,213,14.233576642335766,3.64963503649635,10.583941605839415,85.76642335766424,8.02919708029197,77.73722627737226
E00125123,231,43,20,23,188,18,170,18.614718614718615,8.658008658008658,9.956709956709958,81.38528138528139,7.792207792207792,73.59307359307358
E00125124,293,48,22,26,245,41,204,16.38225255972696,7.508532423208192,8.873720136518772,83.61774744027304,13.993174061433447,69.6245733788396
E00125125,314,59,27,32,255,23,232,18.789808917197455,8.598726114649681,10.191082802547772,81.21019108280255,7.32484076433121,73.88535031847134
E00125126,270,50,19,31,220,23,197,18.51851851851852,7.037037037037037,11.481481481481481,81.48148148148148,8.518518518518519,72.96296296296296
E00125127,197,65,32,33,132,17,115,32.99492385786802,16.243654822335024,16.751269035532996,67.00507614213198,8.629441624365482,58.37563451776649
E00125128,311,71,34,37,240,25,215,22.829581993569132,10.932475884244374,11.89710610932476,77.17041800643086,8.038585209003216,69.13183279742765
E00125129,309,53,22,31,256,25,231,17.15210355987055,7.119741100323624,10.032362459546926,82.84789644012946,8.090614886731391,74.75728155339806
E00125130,231,45,22,23,186,17,169,19.480519480519483,9.523809523809524,9.956709956709958,80.51948051948052,7.35930735930736,73.16017316017316
E00125131,259,62,21,41,197,25,172,23.93822393822394,8.108108108108109,15.83011583011583,76.06177606177607,9.652509652509652,66.40926640926641
E00125132,281,50,16,34,231,19,212,17.793594306049823,5.6939501779359425,12.099644128113878,82.20640569395017,6.761565836298933,75.44483985765125
E00125133,279,67,28,39,212,19,193,24.014336917562723,10.03584229390681,13.978494623655912,75.98566308243727,6.810035842293908,69.17562724014337
E00125134,298,69,28,41,229,20,209,23.154362416107382,9.395973154362416,13.758389261744966,76.84563758389261,6.7114093959731544,70.13422818791946
E00125135,208,57,27,30,151,14,137,27.403846153846157,12.980769230769232,14.423076923076922,72.59615384615384,6.730769230769231,65.86538461538461
E00125136,300,55,29,26,245,20,225,18.333333333333332,9.666666666666666,8.666666666666668,81.66666666666667,6.666666666666667,75
E00125137,266,50,26,24,216,28,188,18.796992481203006,9.774436090225564,9.022556390977442,81.203007518797,10.526315789473683,70.67669172932331
E00125138,227,71,32,39,156,22,134,31.277533039647576,14.096916299559473,17.180616740088105,68.72246696035242,9.691629955947137,59.03083700440529
E00125139,259,62,22,40,197,21,176,23.93822393822394,8.494208494208493,15.444015444015443,76.06177606177607,8.108108108108109,67.95366795366795
E00125140,358,51,12,39,307,24,283,14.24581005586592,3.35195530726257,10.893854748603351,85.75418994413407,6.70391061452514,79.05027932960894
E00125141,333,68,35,33,265,27,238,20.42042042042042,10.51051051051051,9.90990990990991,79.57957957957959,8.108108108108109,71.47147147147147
E00125142,217,75,40,35,142,17,125,34.56221198156682,18.433179723502306,16.129032258064516,65.43778801843318,7.834101382488479,57.6036866359447
E00125143,321,97,47,50,224,27,197,30.218068535825545,14.641744548286603,15.57632398753894,69.78193146417445,8.411214953271028,61.37071651090342
E00125144,256,66,27,39,190,24,166,25.78125,10.546875,15.234375,74.21875,9.375,64.84375
E00125145,282,55,23,32,227,23,204,19.50354609929078,8.156028368794328,11.347517730496454,80.49645390070921,8.156028368794328,72.3404255319149
E00125146,296,53,19,34,243,31,212,17.905405405405407,6.418918918918918,11.486486486486488,82.0945945945946,10.472972972972974,71.62162162162163
E00125147,277,53,21,32,224,17,207,19.133574007220215,7.581227436823104,11.552346570397113,80.86642599277978,6.137184115523466,74.72924187725631
E00125148,259,61,25,36,198,24,174,23.552123552123554,9.652509652509652,13.8996138996139,76.44787644787645,9.266409266409266,67.18146718146718
E00125149,256,67,35,32,189,28,161,26.171875,13.671875,12.5,73.828125,10.9375,62.890625
E00125150,398,61,19,42,337,29,308,15.326633165829145,4.773869346733668,10.552763819095476,84.67336683417085,7.2864321608040195,77.38693467336684
E00125151,270,49,18,31,221,24,197,18.14814814814815,6.666666666666667,11.481481481481481,81.85185185185185,8.88888888888889,72.96296296296296
E00125152,303,75,36,39,228,22,206,24.752475247524753,11.881188118811881,12.871287128712872,75.24752475247524,7.2607260726072615,67.98679867986799
E00125153,314,69,26,43,245,28,217,21.97452229299363,8.280254777070063,13.694267515923567,78.02547770700637,8.9171974522293,69.10828025477707
E00125154,415,60,24,36,355,21,334,14.457831325301203,5.783132530120482,8.674698795180722,85.54216867469879,5.0602409638554215,80.48192771084337
E00125155,472,114,44,70,358,33,325,24.152542372881356,9.322033898305085,14.83050847457627,75.84745762711864,6.991525423728813,68.85593220338984
E00125156,390,81,28,53,309,11,298,20.76923076923077,7.179487179487179,13.58974358974359,79.23076923076923,2.8205128205128207,76.41025641025641
E00125157,601,164,78,86,437,35,402,27.287853577371045,12.9783693843594,14.309484193011649,72.71214642262895,5.823627287853577,66.88851913477536
E00125158,263,60,31,29,203,23,180,22.813688212927758,11.787072243346007,11.02661596958175,77.18631178707224,8.745247148288973,68.44106463878326
E00125159,404,104,49,55,300,24,276,25.742574257425744,12.128712871287128,13.613861386138614,74.25742574257426,5.9405940594059405,68.31683168316832
E00125160,295,87,41,46,208,19,189,29.491525423728817,13.898305084745763,15.593220338983052,70.50847457627118,6.440677966101695,64.0677966101695
E00125161,337,111,51,60,226,15,211,32.93768545994065,15.133531157270031,17.804154302670625,67.06231454005935,4.451038575667656,62.61127596439169
E00125162,132,69,43,26,63,8,55,52.27272727272727,32.57575757575758,19.696969696969695,47.72727272727273,6.0606060606060606,41.66666666666667
E00125164,434,191,107,84,243,12,231,44.00921658986175,24.65437788018433,19.35483870967742,55.99078341013824,2.7649769585253456,53.2258064516129
E00125166,528,125,59,66,403,25,378,23.674242424242426,11.174242424242424,12.5,76.32575757575758,4.734848484848484,71.5909090909091
E00125167,323,70,28,42,253,22,231,21.671826625387,8.6687306501548,13.003095975232199,78.328173374613,6.811145510835913,71.51702786377709
E00125169,280,62,31,31,218,13,205,22.142857142857142,11.071428571428571,11.071428571428571,77.85714285714286,4.642857142857143,73.21428571428571
E00125170,395,96,41,55,299,21,278,24.30379746835443,10.379746835443038,13.924050632911392,75.69620253164557,5.3164556962025316,70.37974683544303
E00125171,435,102,45,57,333,24,309,23.448275862068964,10.344827586206897,13.10344827586207,76.55172413793103,5.517241379310345,71.03448275862068
E00125172,329,89,45,44,240,9,231,27.0516717325228,13.677811550151976,13.37386018237082,72.94832826747721,2.735562310030395,70.2127659574468
E00125173,439,110,54,56,329,23,306,25.05694760820046,12.300683371298406,12.756264236902052,74.94305239179954,5.239179954441914,69.70387243735763
E00125174,508,154,72,82,354,27,327,30.314960629921263,14.173228346456693,16.141732283464567,69.68503937007874,5.31496062992126,64.37007874015748
E00125175,336,55,16,39,281,23,258,16.36904761904762,4.761904761904762,11.607142857142858,83.63095238095238,6.845238095238096,76.78571428571429
E00125176,331,71,30,41,260,20,240,21.45015105740181,9.06344410876133,12.386706948640484,78.54984894259819,6.042296072507553,72.50755287009063
E00125177,299,53,19,34,246,21,225,17.725752508361204,6.354515050167224,11.37123745819398,82.2742474916388,7.023411371237458,75.25083612040135
E00125178,207,63,32,31,144,22,122,30.434782608695656,15.458937198067632,14.975845410628018,69.56521739130434,10.628019323671497,58.93719806763285
E00125179,206,76,34,42,130,5,125,36.89320388349515,16.50485436893204,20.388349514563107,63.10679611650486,2.4271844660194173,60.679611650485434
E00125180,333,101,53,48,232,20,212,30.33033033033033,15.915915915915916,14.414414414414415,69.66966966966966,6.006006006006006,63.66366366366366
E00125181,297,87,31,56,210,15,195,29.292929292929294,10.437710437710438,18.855218855218855,70.70707070707071,5.05050505050505,65.65656565656566
E00125182,297,85,46,39,212,7,205,28.619528619528616,15.488215488215488,13.131313131313133,71.38047138047138,2.356902356902357,69.02356902356902
E00125183,304,60,33,27,244,28,216,19.736842105263158,10.855263157894738,8.881578947368421,80.26315789473685,9.210526315789473,71.05263157894737
E00125184,323,89,53,36,234,19,215,27.55417956656347,16.408668730650156,11.145510835913312,72.44582043343654,5.88235294117647,66.56346749226006
E00125185,307,82,43,39,225,12,213,26.710097719869708,14.006514657980457,12.703583061889251,73.28990228013029,3.908794788273615,69.38110749185668
E00125186,247,51,20,31,196,18,178,20.647773279352226,8.097165991902834,12.550607287449392,79.35222672064778,7.28744939271255,72.06477732793523
E00125187,173,52,26,26,121,19,102,30.057803468208093,15.028901734104046,15.028901734104046,69.94219653179191,10.982658959537572,58.95953757225434
E00125188,241,64,35,29,177,17,160,26.556016597510375,14.522821576763487,12.033195020746888,73.44398340248964,7.053941908713693,66.39004149377593
E00125189,477,109,49,60,368,30,338,22.851153039832283,10.272536687631026,12.578616352201259,77.14884696016772,6.289308176100629,70.85953878406708
E00125190,376,106,51,55,270,27,243,28.191489361702125,13.563829787234042,14.627659574468085,71.80851063829788,7.180851063829788,64.62765957446808
E00125191,308,77,38,39,231,26,205,25,12.337662337662337,12.662337662337661,75,8.441558441558442,66.55844155844156
E00125192,341,84,38,46,257,13,244,24.633431085043988,11.143695014662756,13.48973607038123,75.366568914956,3.812316715542522,71.5542521994135
E00125193,335,103,43,60,232,14,218,30.74626865671642,12.835820895522387,17.91044776119403,69.25373134328359,4.179104477611941,65.07462686567163
E00125194,361,85,45,40,276,15,261,23.545706371191137,12.465373961218837,11.080332409972298,76.45429362880887,4.1551246537396125,72.29916897506925
E00125195,235,59,26,33,176,18,158,25.106382978723403,11.063829787234042,14.042553191489363,74.8936170212766,7.659574468085106,67.23404255319149
E00125196,335,60,24,36,275,28,247,17.91044776119403,7.164179104477612,10.746268656716417,82.08955223880598,8.358208955223882,73.73134328358208
E00125197,330,64,32,32,266,38,228,19.393939393939394,9.696969696969697,9.696969696969697,80.60606060606061,11.515151515151516,69.0909090909091
E00125198,278,71,38,33,207,14,193,25.539568345323744,13.66906474820144,11.870503597122301,74.46043165467626,5.0359712230215825,69.42446043165468
E00125199,302,50,19,31,252,28,224,16.55629139072848,6.291390728476822,10.264900662251655,83.44370860927152,9.271523178807946,74.17218543046357
E00125200,248,60,29,31,188,16,172,24.193548387096776,11.693548387096774,12.5,75.80645161290323,6.451612903225806,69.35483870967742
E00125201,357,71,31,40,286,21,265,19.88795518207283,8.683473389355742,11.204481792717088,80.11204481792717,5.88235294117647,74.2296918767507
E00125202,267,66,28,38,201,21,180,24.719101123595504,10.486891385767791,14.232209737827715,75.28089887640449,7.865168539325842,67.41573033707866
E00125203,217,98,43,55,119,8,111,45.16129032258064,19.81566820276498,25.34562211981567,54.83870967741935,3.686635944700461,51.1520737327189
E00125204,196,67,32,35,129,11,118,34.183673469387756,16.3265306122449,17.857142857142858,65.81632653061224,5.612244897959184,60.204081632653065
E00125205,135,50,23,27,85,11,74,37.03703703703704,17.037037037037038,20,62.96296296296296,8.148148148148149,54.81481481481482
E00125206,211,58,29,29,153,16,137,27.488151658767773,13.744075829383887,13.744075829383887,72.51184834123224,7.5829383886255926,64.92890995260665
E00125207,394,108,36,72,286,32,254,27.411167512690355,9.137055837563452,18.274111675126903,72.58883248730965,8.121827411167512,64.46700507614213
E00125208,241,69,24,45,172,23,149,28.63070539419087,9.95850622406639,18.672199170124482,71.36929460580913,9.54356846473029,61.82572614107884
E00125209,235,54,25,29,181,17,164,22.97872340425532,10.638297872340425,12.340425531914894,77.02127659574468,7.234042553191489,69.7872340425532
E00125210,326,62,24,38,264,20,244,19.018404907975462,7.361963190184049,11.65644171779141,80.98159509202453,6.134969325153374,74.84662576687117
E00125211,340,80,39,41,260,20,240,23.52941176470588,11.470588235294118,12.058823529411764,76.47058823529412,5.88235294117647,70.58823529411765
E00125212,335,56,19,37,279,35,244,16.716417910447763,5.6716417910447765,11.044776119402986,83.28358208955224,10.44776119402985,72.83582089552239
E00125213,527,82,34,48,445,24,421,15.559772296015181,6.451612903225806,9.108159392789373,84.44022770398482,4.554079696394687,79.88614800759012
E00125214,284,62,21,41,222,17,205,21.830985915492956,7.394366197183098,14.43661971830986,78.16901408450704,5.985915492957746,72.1830985915493
E00125215,372,61,28,33,311,35,276,16.397849462365592,7.526881720430108,8.870967741935484,83.60215053763442,9.408602150537634,74.19354838709677
E00125216,247,41,17,24,206,18,188,16.599190283400812,6.882591093117409,9.7165991902834,83.40080971659918,7.28744939271255,76.11336032388664
E00125217,298,69,19,50,229,25,204,23.154362416107382,6.375838926174497,16.778523489932887,76.84563758389261,8.389261744966444,68.45637583892618
E00125218,329,50,11,39,279,19,260,15.19756838905775,3.343465045592705,11.854103343465045,84.80243161094225,5.775075987841945,79.0273556231003
E00125219,325,62,24,38,263,35,228,19.076923076923077,7.384615384615385,11.692307692307692,80.92307692307692,10.76923076923077,70.15384615384616
E00125220,260,46,11,35,214,19,195,17.692307692307693,4.230769230769231,13.461538461538462,82.3076923076923,7.307692307692308,75
E00125221,335,86,38,48,249,21,228,25.671641791044774,11.343283582089553,14.328358208955224,74.32835820895522,6.26865671641791,68.05970149253731
E00125222,427,90,40,50,337,30,307,21.07728337236534,9.367681498829041,11.7096018735363,78.92271662763466,7.02576112412178,71.89695550351288
E00125223,389,124,66,58,265,21,244,31.876606683804624,16.966580976863753,14.910025706940875,68.12339331619538,5.3984575835475574,62.724935732647815
E00125224,321,61,23,38,260,25,235,19.003115264797508,7.165109034267912,11.838006230529595,80.99688473520249,7.78816199376947,73.20872274143302
E00125225,300,71,31,40,229,24,205,23.666666666666668,10.333333333333334,13.333333333333334,76.33333333333333,8,68.33333333333333
E00125226,508,123,57,66,385,25,360,24.21259842519685,11.220472440944881,12.992125984251967,75.78740157480314,4.921259842519685,70.86614173228347
E00125227,235,72,33,39,163,16,147,30.638297872340424,14.042553191489363,16.595744680851062,69.36170212765957,6.808510638297872,62.5531914893617
E00125228,234,92,47,45,142,9,133,39.31623931623932,20.085470085470085,19.230769230769234,60.68376068376068,3.8461538461538463,56.837606837606835
E00125229,336,61,26,35,275,34,241,18.154761904761905,7.738095238095238,10.416666666666668,81.84523809523809,10.119047619047619,71.72619047619048
E00125230,288,60,28,32,228,28,200,20.833333333333336,9.722222222222223,11.11111111111111,79.16666666666666,9.722222222222223,69.44444444444444
E00125231,303,58,22,36,245,26,219,19.141914191419144,7.2607260726072615,11.881188118811881,80.85808580858085,8.58085808580858,72.27722772277228
E00125232,331,79,33,46,252,16,236,23.867069486404834,9.969788519637463,13.897280966767372,76.13293051359517,4.833836858006042,71.29909365558912
E00125233,248,81,37,44,167,15,152,32.66129032258064,14.919354838709678,17.741935483870968,67.33870967741935,6.048387096774194,61.29032258064516
E00125234,360,77,31,46,283,27,256,21.38888888888889,8.61111111111111,12.777777777777777,78.61111111111111,7.5,71.11111111111111
E00125235,290,91,47,44,199,18,181,31.379310344827587,16.206896551724135,15.172413793103448,68.62068965517241,6.206896551724138,62.41379310344828
E00125236,324,68,32,36,256,21,235,20.98765432098765,9.876543209876543,11.11111111111111,79.01234567901234,6.481481481481481,72.53086419753086
E00125237,324,73,34,39,251,18,233,22.530864197530864,10.493827160493826,12.037037037037036,77.46913580246914,5.555555555555555,71.91358024691358
E00125238,264,82,47,35,182,16,166,31.060606060606062,17.803030303030305,13.257575757575758,68.93939393939394,6.0606060606060606,62.878787878787875
E00125239,356,70,32,38,286,19,267,19.662921348314608,8.98876404494382,10.674157303370785,80.33707865168539,5.337078651685393,75
E00125240,294,64,28,36,230,23,207,21.768707482993197,9.523809523809524,12.244897959183673,78.2312925170068,7.8231292517006805,70.40816326530613
E00125241,349,59,23,36,290,25,265,16.9054441260745,6.59025787965616,10.315186246418339,83.0945558739255,7.163323782234957,75.93123209169055
E00125242,335,61,23,38,274,30,244,18.208955223880597,6.865671641791045,11.343283582089553,81.7910447761194,8.955223880597014,72.83582089552239
E00125243,276,72,40,32,204,17,187,26.08695652173913,14.492753623188406,11.594202898550725,73.91304347826086,6.159420289855073,67.7536231884058
E00125244,310,61,33,28,249,18,231,19.67741935483871,10.64516129032258,9.032258064516128,80.3225806451613,5.806451612903226,74.51612903225806
E00125245,430,98,57,41,332,39,293,22.790697674418606,13.25581395348837,9.534883720930234,77.20930232558139,9.069767441860465,68.13953488372093
E00125246,308,56,31,25,252,24,228,18.181818181818183,10.064935064935066,8.116883116883116,81.81818181818183,7.792207792207792,74.02597402597402
E00125247,288,55,29,26,233,27,206,19.09722222222222,10.069444444444445,9.027777777777777,80.90277777777779,9.375,71.52777777777779
E00125248,336,56,23,33,280,27,253,16.666666666666664,6.845238095238096,9.821428571428571,83.33333333333334,8.035714285714286,75.29761904761905
E00125249,490,63,18,45,427,41,386,12.857142857142856,3.6734693877551026,9.183673469387756,87.14285714285714,8.36734693877551,78.77551020408163
E00125250,341,66,28,38,275,26,249,19.35483870967742,8.211143695014663,11.143695014662756,80.64516129032258,7.624633431085044,73.02052785923753
E00125251,467,72,30,42,395,19,376,15.417558886509635,6.423982869379015,8.993576017130621,84.58244111349036,4.068522483940043,80.51391862955032
E00125252,310,118,82,36,192,21,171,38.064516129032256,26.451612903225808,11.612903225806452,61.935483870967744,6.774193548387098,55.16129032258065
E00125253,194,87,53,34,107,20,87,44.84536082474227,27.31958762886598,17.525773195876287,55.154639175257735,10.309278350515463,44.84536082474227
E00125254,357,85,43,42,272,19,253,23.809523809523807,12.044817927170868,11.76470588235294,76.19047619047619,5.322128851540616,70.86834733893558
E00125255,497,183,105,78,314,24,290,36.820925553319924,21.12676056338028,15.694164989939638,63.17907444668008,4.82897384305835,58.35010060362173
E00125256,222,33,14,19,189,17,172,14.864864864864865,6.306306306306306,8.558558558558559,85.13513513513513,7.657657657657657,77.47747747747748
E00125257,308,79,32,47,229,19,210,25.649350649350648,10.38961038961039,15.259740259740258,74.35064935064936,6.1688311688311686,68.18181818181817
E00125258,349,74,33,41,275,31,244,21.20343839541547,9.455587392550143,11.74785100286533,78.79656160458453,8.882521489971348,69.91404011461319
E00125259,254,55,24,31,199,6,193,21.653543307086615,9.448818897637794,12.204724409448819,78.34645669291339,2.3622047244094486,75.98425196850394
E00125260,369,88,33,55,281,21,260,23.848238482384822,8.94308943089431,14.905149051490515,76.15176151761518,5.691056910569105,70.46070460704607
E00125261,367,65,25,40,302,32,270,17.71117166212534,6.811989100817439,10.899182561307901,82.28882833787466,8.71934604904632,73.56948228882834
E00125262,338,75,37,38,263,23,240,22.189349112426036,10.946745562130179,11.242603550295858,77.81065088757396,6.8047337278106506,71.00591715976331
E00125263,432,99,49,50,333,21,312,22.916666666666664,11.342592592592593,11.574074074074074,77.08333333333334,4.861111111111112,72.22222222222221
E00125264,223,63,30,33,160,23,137,28.251121076233183,13.452914798206278,14.798206278026907,71.74887892376681,10.31390134529148,61.43497757847533
E00125266,179,49,24,25,130,12,118,27.37430167597765,13.40782122905028,13.966480446927374,72.62569832402235,6.70391061452514,65.92178770949721
E00125267,275,79,36,43,196,18,178,28.72727272727273,13.090909090909092,15.636363636363637,71.27272727272728,6.545454545454546,64.72727272727272
E00125268,231,68,29,39,163,11,152,29.43722943722944,12.554112554112553,16.883116883116884,70.56277056277057,4.761904761904762,65.80086580086581
E00125269,288,69,28,41,219,17,202,23.958333333333336,9.722222222222223,14.23611111111111,76.04166666666666,5.902777777777778,70.13888888888889
E00125270,283,58,30,28,225,14,211,20.49469964664311,10.60070671378092,9.89399293286219,79.50530035335689,4.946996466431095,74.55830388692578
E00125271,264,70,39,31,194,9,185,26.515151515151516,14.772727272727273,11.742424242424242,73.48484848484848,3.4090909090909087,70.07575757575758
E00125272,339,66,23,43,273,16,257,19.469026548672566,6.784660766961652,12.684365781710916,80.53097345132744,4.71976401179941,75.81120943952803
E00125273,240,67,36,31,173,27,146,27.916666666666668,15,12.916666666666668,72.08333333333333,11.25,60.83333333333333
E00125274,419,88,35,53,331,39,292,21.002386634844868,8.353221957040573,12.649164677804295,78.99761336515513,9.307875894988067,69.68973747016707
E00125275,323,56,19,37,267,29,238,17.3374613003096,5.88235294117647,11.455108359133128,82.6625386996904,8.978328173374612,73.68421052631578
E00125276,359,63,21,42,296,28,268,17.548746518105848,5.8495821727019495,11.699164345403899,82.45125348189416,7.7994428969359335,74.65181058495823
E00125277,419,70,27,43,349,25,324,16.706443914081145,6.443914081145586,10.26252983293556,83.29355608591885,5.966587112171838,77.32696897374701
E00125278,366,60,18,42,306,31,275,16.39344262295082,4.918032786885246,11.475409836065573,83.60655737704919,8.469945355191257,75.13661202185791
E00125279,260,52,22,30,208,17,191,20,8.461538461538462,11.538461538461538,80,6.538461538461539,73.46153846153847
E00125280,258,58,27,31,200,17,183,22.48062015503876,10.465116279069768,12.015503875968992,77.51937984496125,6.5891472868217065,70.93023255813954
E00125281,476,77,34,43,399,51,348,16.176470588235293,7.142857142857142,9.033613445378151,83.82352941176471,10.714285714285714,73.10924369747899
E00125282,268,65,37,28,203,15,188,24.253731343283583,13.805970149253731,10.44776119402985,75.74626865671642,5.597014925373134,70.1492537313433
E00125283,323,59,19,40,264,21,243,18.26625386996904,5.88235294117647,12.38390092879257,81.73374613003097,6.5015479876160995,75.23219814241486
E00125284,238,63,23,40,175,16,159,26.47058823529412,9.663865546218489,16.80672268907563,73.52941176470588,6.722689075630252,66.80672268907563
E00125285,326,86,35,51,240,26,214,26.380368098159508,10.736196319018406,15.644171779141105,73.61963190184049,7.975460122699387,65.6441717791411
E00125286,321,68,27,41,253,23,230,21.18380062305296,8.411214953271028,12.77258566978193,78.81619937694704,7.165109034267912,71.65109034267913
E00125287,348,77,26,51,271,18,253,22.126436781609197,7.471264367816093,14.655172413793101,77.87356321839081,5.172413793103448,72.70114942528735
E00125288,274,89,49,40,185,14,171,32.481751824817515,17.88321167883212,14.5985401459854,67.51824817518248,5.109489051094891,62.40875912408759
E00125289,312,82,45,37,230,18,212,26.282051282051285,14.423076923076922,11.858974358974358,73.71794871794873,5.769230769230769,67.94871794871796
E00125290,378,90,49,41,288,15,273,23.809523809523807,12.962962962962962,10.846560846560847,76.19047619047619,3.968253968253968,72.22222222222221
E00125291,310,119,74,45,191,10,181,38.387096774193544,23.870967741935484,14.516129032258066,61.61290322580645,3.225806451612903,58.387096774193544
E00125292,330,98,52,46,232,22,210,29.6969696969697,15.757575757575756,13.939393939393941,70.3030303030303,6.666666666666667,63.63636363636363
E00125293,461,128,58,70,333,25,308,27.765726681127983,12.58134490238612,15.184381778741866,72.23427331887203,5.42299349240781,66.81127982646422
E00125294,385,132,62,70,253,23,230,34.285714285714285,16.103896103896105,18.181818181818183,65.71428571428571,5.974025974025974,59.74025974025974
E00125295,424,107,54,53,317,30,287,25.235849056603776,12.735849056603774,12.5,74.76415094339622,7.0754716981132075,67.68867924528303
E00125296,357,117,67,50,240,21,219,32.773109243697476,18.76750700280112,14.005602240896359,67.22689075630252,5.88235294117647,61.34453781512605
E00125298,345,90,42,48,255,29,226,26.08695652173913,12.173913043478262,13.91304347826087,73.91304347826086,8.405797101449275,65.5072463768116
E00125299,404,99,53,46,305,31,274,24.504950495049506,13.118811881188119,11.386138613861387,75.4950495049505,7.673267326732673,67.82178217821783
E00125300,377,112,63,49,265,21,244,29.708222811671085,16.710875331564985,12.9973474801061,70.29177718832891,5.570291777188329,64.72148541114059
E00125301,274,76,34,42,198,16,182,27.73722627737226,12.408759124087592,15.328467153284672,72.26277372262774,5.839416058394161,66.42335766423358
E00125302,250,54,22,32,196,13,183,21.6,8.799999999999999,12.8,78.4,5.2,73.2
E00125303,248,52,20,32,196,20,176,20.967741935483872,8.064516129032258,12.903225806451612,79.03225806451613,8.064516129032258,70.96774193548387
E00125304,279,63,27,36,216,23,193,22.58064516129032,9.67741935483871,12.903225806451612,77.41935483870968,8.24372759856631,69.17562724014337
E00125305,325,67,35,32,258,26,232,20.615384615384617,10.76923076923077,9.846153846153847,79.38461538461539,8,71.38461538461539
E00125306,273,73,32,41,200,24,176,26.73992673992674,11.72161172161172,15.018315018315018,73.26007326007326,8.791208791208792,64.46886446886447
E00125307,339,100,59,41,239,17,222,29.49852507374631,17.404129793510325,12.094395280235988,70.50147492625368,5.014749262536873,65.48672566371681
E00125308,263,89,45,44,174,10,164,33.840304182509506,17.110266159695815,16.730038022813687,66.15969581749049,3.802281368821293,62.3574144486692
E00125309,350,71,28,43,279,34,245,20.285714285714285,8,12.285714285714286,79.71428571428572,9.714285714285714,70
E00125310,297,87,46,41,210,24,186,29.292929292929294,15.488215488215488,13.804713804713806,70.70707070707071,8.080808080808081,62.62626262626263
E00125311,123,55,33,22,68,8,60,44.71544715447154,26.82926829268293,17.88617886178862,55.28455284552846,6.504065040650407,48.78048780487805
E00125312,303,81,36,45,222,12,210,26.732673267326735,11.881188118811881,14.85148514851485,73.26732673267327,3.9603960396039604,69.3069306930693
E00125313,353,99,53,46,254,17,237,28.04532577903683,15.01416430594901,13.031161473087819,71.95467422096317,4.815864022662889,67.13881019830028
E00125314,256,66,36,30,190,15,175,25.78125,14.0625,11.71875,74.21875,5.859375,68.359375
E00125315,263,70,42,28,193,26,167,26.61596958174905,15.96958174904943,10.646387832699618,73.38403041825094,9.885931558935361,63.49809885931559
E00125316,279,62,29,33,217,21,196,22.22222222222222,10.39426523297491,11.827956989247312,77.77777777777779,7.526881720430108,70.25089605734766
E00125317,327,73,30,43,254,18,236,22.32415902140673,9.174311926605505,13.149847094801222,77.67584097859327,5.5045871559633035,72.17125382262996
E00125318,324,58,22,36,266,18,248,17.901234567901234,6.790123456790123,11.11111111111111,82.09876543209876,5.555555555555555,76.5432098765432
E00125319,272,56,24,32,216,19,197,20.588235294117645,8.823529411764707,11.76470588235294,79.41176470588235,6.985294117647059,72.42647058823529
E00125320,221,59,25,34,162,7,155,26.69683257918552,11.312217194570136,15.384615384615385,73.303167420814475,3.167420814479638,70.13574660633483
E00125321,253,77,29,48,176,29,147,30.434782608695656,11.462450592885375,18.972332015810274,69.56521739130434,11.462450592885375,58.10276679841897
E00125322,347,87,48,39,260,19,241,25.072046109510087,13.8328530259366,11.239193083573488,74.92795389048992,5.475504322766571,69.45244956772333
E00125323,333,53,28,25,280,19,261,15.915915915915916,8.408408408408409,7.5075075075075075,84.08408408408408,5.7057057057057055,78.37837837837837
E00125324,305,62,26,36,243,26,217,20.327868852459016,8.524590163934425,11.80327868852459,79.67213114754098,8.524590163934425,71.14754098360656
E00125325,342,63,24,39,279,26,253,18.421052631578945,7.017543859649122,11.403508771929824,81.57894736842105,7.602339181286549,73.9766081871345
E00125326,340,54,20,34,286,23,263,15.88235294117647,5.88235294117647,10,84.11764705882354,6.764705882352941,77.3529411764706
E00125327,266,55,20,35,211,25,186,20.676691729323306,7.518796992481203,13.157894736842104,79.32330827067669,9.398496240601503,69.92481203007519
E00125328,323,62,20,42,261,18,243,19.195046439628484,6.191950464396285,13.003095975232199,80.80495356037152,5.572755417956656,75.23219814241486
E00125329,289,67,18,49,222,26,196,23.18339100346021,6.228373702422145,16.955017301038062,76.8166089965398,8.996539792387544,67.82006920415225
E00125330,370,62,22,40,308,31,277,16.756756756756758,5.9459459459459465,10.81081081081081,83.24324324324324,8.378378378378379,74.86486486486487
E00125331,313,65,28,37,248,24,224,20.766773162939298,8.945686900958465,11.821086261980831,79.2332268370607,7.667731629392971,71.56549520766772
E00125332,338,68,23,45,270,27,243,20.118343195266274,6.8047337278106506,13.313609467455622,79.88165680473372,7.988165680473373,71.89349112426035
E00125333,239,60,25,35,179,23,156,25.10460251046025,10.460251046025103,14.644351464435147,74.89539748953975,9.623430962343097,65.27196652719665
E00125334,183,60,32,28,123,8,115,32.78688524590164,17.48633879781421,15.300546448087433,67.21311475409836,4.371584699453552,62.841530054644814
E00125335,255,40,13,27,215,18,197,15.686274509803921,5.098039215686274,10.588235294117647,84.31372549019608,7.0588235294117645,77.25490196078432
E00125336,218,58,20,38,160,20,140,26.605504587155966,9.174311926605505,17.431192660550458,73.39449541284404,9.174311926605505,64.22018348623854
E00125337,294,50,17,33,244,35,209,17.006802721088434,5.782312925170068,11.224489795918368,82.99319727891157,11.904761904761903,71.08843537414967
E00125338,287,54,13,41,233,22,211,18.81533101045296,4.529616724738676,14.285714285714285,81.18466898954703,7.665505226480835,73.5191637630662
E00125339,249,46,16,30,203,27,176,18.473895582329316,6.425702811244979,12.048192771084338,81.52610441767068,10.843373493975903,70.68273092369478
E00125340,305,65,29,36,240,28,212,21.311475409836063,9.508196721311474,11.80327868852459,78.68852459016394,9.180327868852459,69.50819672131148
E00125341,310,86,44,42,224,30,194,27.741935483870968,14.193548387096774,13.548387096774196,72.25806451612902,9.67741935483871,62.58064516129033
E00125342,340,66,28,38,274,20,254,19.411764705882355,8.235294117647058,11.176470588235295,80.58823529411765,5.88235294117647,74.70588235294117
E00125343,304,89,43,46,215,19,196,29.276315789473685,14.144736842105262,15.131578947368421,70.72368421052632,6.25,64.47368421052632
E00125344,339,102,55,47,237,21,216,30.08849557522124,16.224188790560472,13.864306784660767,69.91150442477876,6.1946902654867255,63.716814159292035
E00125345,190,63,26,37,127,13,114,33.1578947368421,13.684210526315791,19.473684210526315,66.84210526315789,6.842105263157896,60
E00125346,292,57,27,30,235,34,201,19.52054794520548,9.246575342465754,10.273972602739725,80.47945205479452,11.643835616438356,68.83561643835617
E00125347,488,92,41,51,396,37,359,18.852459016393443,8.401639344262295,10.450819672131148,81.14754098360656,7.581967213114754,73.5655737704918
E00125349,345,117,65,52,228,27,201,33.91304347826087,18.84057971014493,15.072463768115943,66.08695652173913,7.82608695652174,58.26086956521739
E00125350,309,68,27,41,241,31,210,22.006472491909385,8.737864077669903,13.268608414239482,77.99352750809061,10.032362459546926,67.96116504854369
E00125351,341,74,35,39,267,24,243,21.700879765395893,10.263929618768328,11.436950146627565,78.2991202346041,7.038123167155426,71.26099706744868
E00125352,360,80,39,41,280,27,253,22.22222222222222,10.833333333333334,11.38888888888889,77.77777777777779,7.5,70.27777777777777
E00125353,324,83,45,38,241,19,222,25.617283950617285,13.88888888888889,11.728395061728394,74.38271604938271,5.864197530864197,68.51851851851852
E00125354,333,79,28,51,254,22,232,23.723723723723726,8.408408408408409,15.315315315315313,76.27627627627628,6.606606606606606,69.66966966966966
E00125355,230,79,53,26,151,10,141,34.34782608695652,23.043478260869566,11.304347826086957,65.65217391304347,4.3478260869565215,61.30434782608696
E00125356,317,61,35,26,256,29,227,19.242902208201894,11.041009463722396,8.201892744479496,80.7570977917981,9.14826498422713,71.60883280757098
E00125357,363,68,24,44,295,29,266,18.732782369146005,6.6115702479338845,12.121212121212121,81.26721763085399,7.988980716253444,73.27823691460054
E00125358,378,96,41,55,282,20,262,25.396825396825395,10.846560846560847,14.550264550264549,74.60317460317461,5.291005291005291,69.31216931216932
E00125359,277,56,29,27,221,14,207,20.216606498194945,10.469314079422382,9.747292418772563,79.78339350180505,5.054151624548736,74.72924187725631
E00125360,295,103,59,44,192,15,177,34.91525423728813,20,14.915254237288137,65.08474576271186,5.084745762711865,60
E00125361,389,75,30,45,314,18,296,19.28020565552699,7.712082262210797,11.568123393316196,80.719794344473,4.627249357326478,76.09254498714652
E00125362,264,67,25,42,197,20,177,25.37878787878788,9.469696969696969,15.909090909090908,74.62121212121212,7.575757575757576,67.04545454545455
E00125363,303,51,20,31,252,17,235,16.831683168316832,6.6006600660066,10.231023102310232,83.16831683168317,5.6105610561056105,77.55775577557755
E00125364,322,50,20,30,272,22,250,15.527950310559005,6.211180124223603,9.316770186335404,84.472049689441,6.832298136645963,77.63975155279503
E00125365,376,80,36,44,296,30,266,21.27659574468085,9.574468085106384,11.702127659574469,78.72340425531915,7.9787234042553195,70.74468085106383
E00125366,269,69,30,39,200,22,178,25.650557620817843,11.152416356877323,14.49814126394052,74.34944237918215,8.178438661710038,66.17100371747212
E00125367,264,85,48,37,179,18,161,32.196969696969695,18.181818181818183,14.015151515151514,67.8030303030303,6.8181818181818175,60.984848484848484
E00125368,409,71,34,37,338,31,307,17.359413202933986,8.312958435207824,9.04645476772616,82.64058679706602,7.579462102689487,75.06112469437653
E00125369,433,41,11,30,392,37,355,9.468822170900692,2.5404157043879905,6.928406466512701,90.5311778290993,8.545034642032332,81.98614318706697
E00125370,323,65,28,37,258,33,225,20.123839009287924,8.6687306501548,11.455108359133128,79.87616099071208,10.21671826625387,69.65944272445822
E00125371,314,72,33,39,242,14,228,22.929936305732486,10.509554140127388,12.420382165605096,77.07006369426752,4.45859872611465,72.61146496815286
E00125372,301,64,25,39,237,24,213,21.262458471760798,8.305647840531561,12.956810631229235,78.7375415282392,7.973421926910299,70.7641196013289
E00125373,253,57,21,36,196,18,178,22.529644268774703,8.300395256916996,14.229249011857709,77.4703557312253,7.114624505928854,70.35573122529645
E00125374,294,62,22,40,232,17,215,21.08843537414966,7.482993197278912,13.60544217687075,78.91156462585033,5.782312925170068,73.12925170068027
E00125375,331,64,21,43,267,21,246,19.335347432024168,6.3444108761329305,12.990936555891238,80.66465256797582,6.3444108761329305,74.32024169184291
E00125376,264,57,21,36,207,21,186,21.59090909090909,7.954545454545454,13.636363636363635,78.4090909090909,7.954545454545454,70.45454545454545
E00125377,288,60,28,32,228,15,213,20.833333333333336,9.722222222222223,11.11111111111111,79.16666666666666,5.208333333333334,73.95833333333334
E00125378,397,99,51,48,298,24,274,24.937027707808564,12.846347607052897,12.090680100755668,75.06297229219143,6.045340050377834,69.0176322418136
E00125379,241,57,31,26,184,25,159,23.651452282157674,12.863070539419086,10.78838174273859,76.34854771784232,10.37344398340249,65.97510373443983
E00125381,315,58,24,34,257,17,240,18.412698412698415,7.6190476190476195,10.793650793650794,81.58730158730158,5.396825396825397,76.19047619047619
E00125383,277,48,21,27,229,35,194,17.328519855595665,7.581227436823104,9.747292418772563,82.67148014440433,12.63537906137184,70.03610108303249
E00125384,304,44,17,27,260,22,238,14.473684210526317,5.592105263157895,8.881578947368421,85.52631578947368,7.236842105263158,78.28947368421053
E00125385,459,64,21,43,395,48,347,13.943355119825709,4.57516339869281,9.368191721132897,86.05664488017429,10.457516339869281,75.59912854030502
E00125386,310,69,30,39,241,19,222,22.258064516129032,9.67741935483871,12.580645161290322,77.74193548387098,6.129032258064516,71.61290322580646
E00125387,441,67,33,34,374,33,341,15.192743764172336,7.482993197278912,7.709750566893423,84.80725623582767,7.482993197278912,77.32426303854876
E00125388,216,66,26,40,150,9,141,30.555555555555557,12.037037037037036,18.51851851851852,69.44444444444444,4.166666666666666,65.27777777777779
E00125389,266,55,22,33,211,25,186,20.676691729323306,8.270676691729323,12.406015037593985,79.32330827067669,9.398496240601503,69.92481203007519
E00125390,493,63,22,41,430,40,390,12.778904665314403,4.462474645030426,8.316430020283976,87.2210953346856,8.113590263691684,79.10750507099391
E00125391,287,70,26,44,217,24,193,24.390243902439025,9.059233449477352,15.33101045296167,75.60975609756098,8.362369337979095,67.24738675958189
E00125392,325,56,18,38,269,35,234,17.23076923076923,5.538461538461538,11.692307692307692,82.76923076923077,10.76923076923077,72
E00125393,293,57,22,35,236,25,211,19.453924914675767,7.508532423208192,11.945392491467576,80.54607508532423,8.532423208191126,72.01365187713311
E00125394,236,86,46,40,150,14,136,36.440677966101696,19.491525423728813,16.94915254237288,63.559322033898304,5.932203389830509,57.6271186440678
E00125395,365,64,26,38,301,29,272,17.534246575342465,7.123287671232877,10.41095890410959,82.46575342465754,7.9452054794520555,74.52054794520548
E00125396,388,70,27,43,318,32,286,18.04123711340206,6.958762886597938,11.082474226804123,81.95876288659794,8.24742268041237,73.71134020618557
E00125397,272,41,15,26,231,30,201,15.073529411764705,5.514705882352941,9.558823529411764,84.92647058823529,11.029411764705882,73.89705882352942
E00125398,149,31,13,18,118,8,110,20.80536912751678,8.724832214765101,12.080536912751679,79.19463087248322,5.369127516778524,73.8255033557047
E00125399,325,52,25,27,273,30,243,16,7.6923076923076925,8.307692307692308,84,9.230769230769232,74.76923076923076
E00125400,136,61,28,33,75,11,64,44.85294117647059,20.588235294117645,24.264705882352942,55.14705882352941,8.088235294117647,47.05882352941176
E00125401,221,29,12,17,192,12,180,13.122171945701359,5.429864253393665,7.6923076923076925,86.87782805429865,5.429864253393665,81.44796380090497
E00125402,203,50,23,27,153,11,142,24.63054187192118,11.330049261083744,13.30049261083744,75.36945812807882,5.41871921182266,69.95073891625616
E00125403,298,53,13,40,245,24,221,17.78523489932886,4.3624161073825505,13.422818791946309,82.21476510067114,8.053691275167784,74.16107382550335
E00125404,299,52,19,33,247,29,218,17.391304347826086,6.354515050167224,11.036789297658862,82.6086956521739,9.698996655518394,72.90969899665552
E00125405,245,67,32,35,178,12,166,27.346938775510203,13.061224489795919,14.285714285714285,72.6530612244898,4.8979591836734695,67.75510204081633
E00125406,272,64,26,38,208,24,184,23.52941176470588,9.558823529411764,13.970588235294118,76.47058823529412,8.823529411764707,67.64705882352942
E00125407,254,31,11,20,223,20,203,12.204724409448819,4.330708661417323,7.874015748031496,87.79527559055119,7.874015748031496,79.92125984251969
E00125408,322,55,24,31,267,24,243,17.080745341614907,7.453416149068323,9.627329192546584,82.91925465838509,7.453416149068323,75.46583850931677
E00125409,214,58,26,32,156,17,139,27.102803738317753,12.149532710280374,14.953271028037381,72.89719626168224,7.943925233644859,64.95327102803739
E00125410,232,63,27,36,169,14,155,27.155172413793103,11.637931034482758,15.517241379310345,72.84482758620689,6.0344827586206895,66.8103448275862
E00125411,305,57,16,41,248,28,220,18.688524590163937,5.245901639344262,13.442622950819672,81.31147540983606,9.180327868852459,72.1311475409836
E00125412,306,41,17,24,265,30,235,13.398692810457517,5.555555555555555,7.8431372549019605,86.60130718954248,9.803921568627452,76.79738562091504
E00125413,579,111,39,72,468,43,425,19.170984455958546,6.7357512953367875,12.435233160621761,80.82901554404145,7.4265975820379975,73.40241796200345
E00125414,252,50,25,25,202,21,181,19.841269841269842,9.920634920634921,9.920634920634921,80.15873015873017,8.333333333333332,71.82539682539682
E00125415,251,89,45,44,162,15,147,35.45816733067729,17.928286852589643,17.52988047808765,64.5418326693227,5.9760956175298805,58.56573705179283
E00125416,483,108,66,42,375,49,326,22.36024844720497,13.664596273291925,8.695652173913043,77.63975155279503,10.144927536231885,67.49482401656314
E00125417,270,51,21,30,219,14,205,18.88888888888889,7.777777777777778,11.11111111111111,81.11111111111111,5.185185185185185,75.92592592592592
E00125418,396,98,54,44,298,45,253,24.747474747474747,13.636363636363635,11.11111111111111,75.25252525252525,11.363636363636363,63.888888888888886
E00125419,267,58,16,42,209,26,183,21.722846441947567,5.992509363295881,15.730337078651685,78.27715355805243,9.737827715355806,68.53932584269663
E00125420,302,60,18,42,242,25,217,19.867549668874172,5.960264900662252,13.90728476821192,80.13245033112582,8.27814569536424,71.8543046357616
E00125421,277,63,25,38,214,19,195,22.743682310469314,9.025270758122744,13.718411552346572,77.25631768953069,6.859205776173286,70.3971119133574
E00125422,270,49,16,33,221,25,196,18.14814814814815,5.9259259259259265,12.222222222222221,81.85185185185185,9.25925925925926,72.5925925925926
E00125423,254,53,18,35,201,23,178,20.866141732283463,7.086614173228346,13.779527559055119,79.13385826771653,9.05511811023622,70.07874015748031
E00125424,296,48,18,30,248,26,222,16.216216216216218,6.081081081081082,10.135135135135135,83.78378378378379,8.783783783783784,75
E00125425,171,56,22,34,115,13,102,32.748538011695906,12.865497076023392,19.883040935672515,67.2514619883041,7.602339181286549,59.64912280701754
E00125426,249,51,20,31,198,30,168,20.481927710843372,8.032128514056225,12.449799196787147,79.51807228915662,12.048192771084338,67.46987951807229
E00125427,399,112,49,63,287,35,252,28.07017543859649,12.280701754385964,15.789473684210526,71.9298245614035,8.771929824561402,63.1578947368421
E00125428,337,42,22,20,295,22,273,12.462908011869436,6.528189910979229,5.934718100890208,87.53709198813057,6.528189910979229,81.00890207715133
E00125429,361,76,37,39,285,21,264,21.052631578947366,10.249307479224377,10.80332409972299,78.94736842105263,5.8171745152354575,73.13019390581718
E00125430,337,72,34,38,265,19,246,21.364985163204746,10.089020771513352,11.275964391691394,78.63501483679525,5.637982195845697,72.99703264094956
E00125431,357,96,57,39,261,28,233,26.89075630252101,15.966386554621847,10.92436974789916,73.10924369747899,7.8431372549019605,65.26610644257703
E00125432,290,59,25,34,231,13,218,20.344827586206897,8.620689655172415,11.724137931034482,79.65517241379311,4.482758620689655,75.17241379310344
E00125433,347,46,15,31,301,32,269,13.256484149855908,4.322766570605188,8.93371757925072,86.74351585014409,9.221902017291066,77.52161383285303
E00125434,284,54,26,28,230,25,205,19.014084507042252,9.15492957746479,9.859154929577464,80.98591549295774,8.80281690140845,72.1830985915493
E00125435,204,65,25,40,139,8,131,31.862745098039213,12.254901960784313,19.607843137254903,68.13725490196079,3.9215686274509802,64.2156862745098
E00125436,323,63,23,40,260,29,231,19.5046439628483,7.120743034055728,12.38390092879257,80.4953560371517,8.978328173374612,71.51702786377709
E00125438,357,97,46,51,260,26,234,27.170868347338935,12.885154061624648,14.285714285714285,72.82913165266106,7.282913165266107,65.54621848739495
E00125439,345,62,23,39,283,36,247,17.971014492753625,6.666666666666667,11.304347826086957,82.02898550724638,10.434782608695652,71.59420289855073
E00125440,497,96,44,52,401,40,361,19.3158953722334,8.853118712273641,10.46277665995976,80.6841046277666,8.048289738430583,72.63581488933602
E00125441,403,90,31,59,313,45,268,22.332506203473944,7.6923076923076925,14.640198511166252,77.66749379652606,11.166253101736972,66.50124069478908
E00125442,228,66,40,26,162,11,151,28.947368421052634,17.543859649122805,11.403508771929824,71.05263157894737,4.824561403508771,66.22807017543859
E00125443,342,79,39,40,263,35,228,23.099415204678362,11.403508771929824,11.695906432748536,76.90058479532163,10.23391812865497,66.66666666666666
E00125444,342,84,34,50,258,29,229,24.561403508771928,9.941520467836257,14.619883040935672,75.43859649122807,8.47953216374269,66.95906432748538
E00125445,359,74,33,41,285,17,268,20.61281337047354,9.192200557103064,11.420612813370473,79.38718662952647,4.735376044568245,74.65181058495823
E00125446,290,55,21,34,235,26,209,18.96551724137931,7.241379310344828,11.724137931034482,81.03448275862068,8.96551724137931,72.06896551724138
E00125447,314,40,14,26,274,29,245,12.738853503184714,4.45859872611465,8.280254777070063,87.26114649681529,9.235668789808917,78.02547770700637
E00125448,360,67,32,35,293,27,266,18.61111111111111,8.88888888888889,9.722222222222223,81.38888888888889,7.5,73.88888888888889
E00125449,353,57,18,39,296,32,264,16.147308781869686,5.099150141643059,11.048158640226628,83.85269121813032,9.06515580736544,74.78753541076487
E00125450,322,67,28,39,255,29,226,20.80745341614907,8.695652173913043,12.111801242236025,79.19254658385093,9.006211180124224,70.1863354037267
E00125451,280,68,28,40,212,16,196,24.285714285714285,10,14.285714285714285,75.71428571428571,5.714285714285714,70
E00125452,337,53,29,24,284,21,263,15.727002967359049,8.605341246290802,7.121661721068249,84.27299703264094,6.231454005934718,78.04154302670622
E00125453,386,97,33,64,289,34,255,25.129533678756477,8.549222797927461,16.580310880829018,74.87046632124353,8.808290155440414,66.06217616580311
E00125454,269,81,47,34,188,19,169,30.111524163568777,17.472118959107807,12.639405204460965,69.88847583643123,7.063197026022305,62.825278810408925
E00125455,308,115,69,46,193,32,161,37.33766233766234,22.4025974025974,14.935064935064934,62.66233766233766,10.38961038961039,52.27272727272727
E00125456,313,86,39,47,227,17,210,27.47603833865815,12.460063897763577,15.015974440894569,72.52396166134186,5.431309904153355,67.0926517571885
E00125457,280,67,21,46,213,22,191,23.92857142857143,7.5,16.428571428571427,76.07142857142857,7.857142857142857,68.21428571428572
E00125458,365,94,35,59,271,23,248,25.753424657534246,9.58904109589041,16.164383561643834,74.24657534246575,6.301369863013699,67.94520547945206
E00125459,223,66,32,34,157,24,133,29.596412556053814,14.349775784753364,15.246636771300448,70.4035874439462,10.762331838565023,59.64125560538116
E00125460,251,51,23,28,200,21,179,20.318725099601593,9.163346613545817,11.155378486055776,79.6812749003984,8.366533864541832,71.31474103585657
E00125461,302,128,95,33,174,9,165,42.384105960264904,31.456953642384107,10.927152317880795,57.615894039735096,2.980132450331126,54.63576158940398
E00125462,390,84,30,54,306,40,266,21.53846153846154,7.6923076923076925,13.846153846153847,78.46153846153847,10.256410256410255,68.2051282051282
E00166922,191,48,14,34,143,13,130,25.13089005235602,7.329842931937172,17.801047120418847,74.86910994764398,6.806282722513089,68.06282722513089
E00166925,171,43,21,22,128,10,118,25.146198830409354,12.280701754385964,12.865497076023392,74.85380116959064,5.847953216374268,69.00584795321637
E00166926,411,90,41,49,321,13,308,21.897810218978105,9.975669099756692,11.922141119221411,78.1021897810219,3.1630170316301705,74.93917274939173
E00166928,424,114,53,61,310,24,286,26.88679245283019,12.5,14.38679245283019,73.11320754716981,5.660377358490567,67.45283018867924
E00166930,387,78,34,44,309,19,290,20.155038759689923,8.785529715762273,11.369509043927648,79.84496124031007,4.909560723514212,74.93540051679587
E00166931,117,11,6,5,106,4,102,9.401709401709402,5.128205128205128,4.273504273504273,90.5982905982906,3.418803418803419,87.17948717948718
E00166933,278,83,51,32,195,15,180,29.856115107913666,18.345323741007196,11.510791366906476,70.14388489208633,5.39568345323741,64.74820143884892
E00166934,272,55,21,34,217,15,202,20.22058823529412,7.720588235294118,12.5,79.77941176470588,5.514705882352941,74.26470588235294
E00166936,217,41,21,20,176,6,170,18.89400921658986,9.67741935483871,9.216589861751153,81.10599078341014,2.7649769585253456,78.3410138248848
E00166937,275,74,36,38,201,19,182,26.90909090909091,13.090909090909092,13.818181818181818,73.0909090909091,6.909090909090909,66.18181818181819
E00166939,318,51,22,29,267,26,241,16.037735849056602,6.918238993710692,9.119496855345911,83.9622641509434,8.176100628930817,75.78616352201259
E00166940,297,70,26,44,227,19,208,23.56902356902357,8.754208754208754,14.814814814814813,76.43097643097643,6.397306397306397,70.03367003367003
E00166942,130,24,7,17,106,11,95,18.461538461538463,5.384615384615385,13.076923076923078,81.53846153846153,8.461538461538462,73.07692307692307
E00190149,287,54,21,33,233,22,211,18.81533101045296,7.317073170731707,11.498257839721255,81.18466898954703,7.665505226480835,73.5191637630662
E00190152,376,79,45,34,297,31,266,21.01063829787234,11.96808510638298,9.042553191489363,78.98936170212765,8.24468085106383,70.74468085106383
E00190155,351,106,55,51,245,23,222,30.1994301994302,15.669515669515668,14.529914529914532,69.8005698005698,6.552706552706552,63.24786324786324
E00190168,221,54,26,28,167,14,153,24.43438914027149,11.76470588235294,12.669683257918551,75.56561085972851,6.334841628959276,69.23076923076923
E00190184,235,50,20,30,185,17,168,21.27659574468085,8.51063829787234,12.76595744680851,78.72340425531915,7.234042553191489,71.48936170212767
E00190186,185,33,13,20,152,21,131,17.83783783783784,7.027027027027027,10.81081081081081,82.16216216216216,11.351351351351353,70.8108108108108
E00190187,209,35,12,23,174,15,159,16.74641148325359,5.741626794258373,11.004784688995215,83.25358851674642,7.177033492822966,76.07655502392345
E00190195,291,69,35,34,222,16,206,23.711340206185564,12.027491408934708,11.683848797250858,76.28865979381443,5.498281786941581,70.79037800687286
E00190196,281,68,39,29,213,16,197,24.199288256227756,13.87900355871886,10.320284697508896,75.80071174377224,5.6939501779359425,70.1067615658363
E00190202,225,49,17,32,176,16,160,21.777777777777775,7.555555555555555,14.222222222222221,78.22222222222223,7.111111111111111,71.11111111111111
E00190208,305,37,9,28,268,28,240,12.131147540983607,2.9508196721311477,9.180327868852459,87.8688524590164,9.180327868852459,78.68852459016394
E00190213,273,82,45,37,191,24,167,30.036630036630036,16.483516483516482,13.553113553113553,69.96336996336996,8.791208791208792,61.172161172161175
