OA,ts0590001,ts0590002,ts0590003,ts0590004,ts0590005,ts0590006,ts0590007,ts0590002_PCT,ts0590003_PCT,ts0590004_PCT,ts0590005_PCT,ts0590006_PCT,ts0590007_PCT
E00155864,119,40,15,25,79,63,16,33.61344537815126,12.605042016806722,21.008403361344538,66.38655462184873,52.94117647058824,13.445378151260504
E00155865,133,34,11,23,99,89,10,25.563909774436087,8.270676691729323,17.293233082706767,74.43609022556392,66.9172932330827,7.518796992481203
E00155866,170,62,26,36,108,88,20,36.470588235294116,15.294117647058824,21.176470588235293,63.52941176470588,51.76470588235295,11.76470588235294
E00155867,191,50,18,32,141,116,25,26.17801047120419,9.424083769633508,16.75392670157068,73.82198952879581,60.73298429319372,13.089005235602095
E00155868,160,51,17,34,109,101,8,31.874999999999996,10.625,21.25,68.125,63.125,5
E00155869,119,32,15,17,87,57,30,26.89075630252101,12.605042016806722,14.285714285714285,73.10924369747899,47.89915966386555,25.210084033613445
E00155870,123,39,19,20,84,64,20,31.70731707317073,15.447154471544716,16.260162601626014,68.29268292682927,52.03252032520326,16.260162601626014
E00155871,188,53,24,29,135,114,21,28.191489361702125,12.76595744680851,15.425531914893616,71.80851063829788,60.63829787234043,11.170212765957446
E00155872,151,41,15,26,110,94,16,27.1523178807947,9.933774834437086,17.218543046357617,72.84768211920529,62.251655629139066,10.596026490066226
E00155873,191,44,10,34,147,107,40,23.036649214659686,5.2356020942408374,17.801047120418847,76.96335078534031,56.02094240837696,20.94240837696335
E00155875,158,46,16,30,112,81,31,29.11392405063291,10.126582278481013,18.9873417721519,70.88607594936708,51.26582278481012,19.62025316455696
E00155876,113,33,13,20,80,66,14,29.20353982300885,11.504424778761061,17.699115044247787,70.79646017699115,58.4070796460177,12.389380530973451
E00155877,91,24,9,15,67,50,17,26.373626373626376,9.89010989010989,16.483516483516482,73.62637362637363,54.94505494505495,18.681318681318682
E00155878,146,51,23,28,95,79,16,34.93150684931507,15.753424657534246,19.17808219178082,65.06849315068493,54.109589041095894,10.95890410958904
E00155879,137,47,17,30,90,81,9,34.306569343065696,12.408759124087592,21.897810218978105,65.69343065693431,59.12408759124088,6.569343065693431
E00155880,158,52,17,35,106,84,22,32.91139240506329,10.759493670886076,22.151898734177212,67.08860759493672,53.16455696202531,13.924050632911392
E00155881,108,46,18,28,62,51,11,42.592592592592595,16.666666666666664,25.925925925925924,57.407407407407405,47.22222222222222,10.185185185185185
E00155882,91,33,15,18,58,45,13,36.26373626373626,16.483516483516482,19.78021978021978,63.73626373626373,49.45054945054945,14.285714285714285
E00155883,226,61,17,44,165,142,23,26.991150442477874,7.52212389380531,19.469026548672566,73.00884955752213,62.83185840707964,10.176991150442479
E00155884,154,47,15,32,107,83,24,30.519480519480517,9.740259740259742,20.77922077922078,69.48051948051948,53.896103896103895,15.584415584415584
E00155885,173,58,20,38,115,89,26,33.52601156069364,11.560693641618498,21.965317919075144,66.47398843930635,51.445086705202314,15.028901734104046
E00155886,100,27,12,15,73,57,16,27,12,15,73,56.99999999999999,16
E00155887,72,29,10,19,43,38,5,40.27777777777778,13.88888888888889,26.38888888888889,59.72222222222222,52.77777777777778,6.944444444444445
E00155888,152,53,19,34,99,71,28,34.868421052631575,12.5,22.36842105263158,65.13157894736842,46.71052631578947,18.421052631578945
E00155889,243,74,33,41,169,135,34,30.45267489711934,13.580246913580247,16.872427983539097,69.54732510288066,55.55555555555556,13.991769547325102
E00155890,177,53,21,32,124,87,37,29.943502824858758,11.864406779661017,18.07909604519774,70.05649717514125,49.152542372881356,20.903954802259886
E00155891,191,68,26,42,123,107,16,35.602094240837694,13.612565445026178,21.98952879581152,64.3979057591623,56.02094240837696,8.37696335078534
E00155892,149,39,10,29,110,92,18,26.174496644295303,6.7114093959731544,19.463087248322147,73.8255033557047,61.74496644295302,12.080536912751679
E00155893,172,41,14,27,131,102,29,23.837209302325583,8.13953488372093,15.69767441860465,76.16279069767442,59.30232558139535,16.86046511627907
E00155894,199,54,24,30,145,122,23,27.1356783919598,12.060301507537687,15.07537688442211,72.8643216080402,61.30653266331658,11.557788944723619
E00155895,185,50,14,36,135,122,13,27.027027027027028,7.567567567567568,19.45945945945946,72.97297297297297,65.94594594594595,7.027027027027027
E00155896,158,53,19,34,105,86,19,33.54430379746836,12.025316455696203,21.518987341772153,66.45569620253164,54.43037974683544,12.025316455696203
E00155897,168,52,25,27,116,96,20,30.952380952380953,14.880952380952381,16.071428571428573,69.04761904761905,57.14285714285714,11.904761904761903
E00155898,179,45,18,27,134,101,33,25.139664804469277,10.05586592178771,15.083798882681565,74.86033519553072,56.424581005586596,18.435754189944134
E00155899,56,13,9,4,43,32,11,23.214285714285715,16.071428571428573,7.142857142857142,76.78571428571429,57.14285714285714,19.642857142857142
E00155900,123,35,15,20,88,64,24,28.455284552845526,12.195121951219512,16.260162601626014,71.54471544715447,52.03252032520326,19.51219512195122
E00155901,178,53,27,26,125,93,32,29.775280898876407,15.168539325842698,14.606741573033707,70.2247191011236,52.24719101123596,17.97752808988764
E00155902,161,38,13,25,123,91,32,23.60248447204969,8.074534161490684,15.527950310559005,76.3975155279503,56.52173913043478,19.875776397515526
E00155903,187,64,28,36,123,98,25,34.22459893048128,14.973262032085561,19.25133689839572,65.77540106951871,52.406417112299465,13.368983957219251
E00155904,183,63,27,36,120,82,38,34.42622950819672,14.754098360655737,19.672131147540984,65.57377049180327,44.80874316939891,20.76502732240437
E00155906,167,59,31,28,108,92,16,35.32934131736527,18.562874251497004,16.766467065868262,64.67065868263472,55.08982035928144,9.580838323353294
E00155907,161,47,13,34,114,99,15,29.19254658385093,8.074534161490684,21.11801242236025,70.80745341614907,61.49068322981367,9.316770186335404
E00155908,149,42,16,26,107,70,37,28.187919463087248,10.738255033557047,17.449664429530202,71.81208053691275,46.97986577181208,24.832214765100673
E00155909,224,67,25,42,157,139,18,29.910714285714285,11.160714285714286,18.75,70.08928571428571,62.05357142857143,8.035714285714286
E00155910,167,53,17,36,114,89,25,31.736526946107784,10.179640718562874,21.55688622754491,68.26347305389223,53.293413173652695,14.97005988023952
E00155911,226,51,16,35,175,148,27,22.566371681415927,7.079646017699115,15.486725663716813,77.43362831858407,65.48672566371681,11.946902654867257
E00155912,183,46,13,33,137,117,20,25.136612021857925,7.103825136612022,18.0327868852459,74.86338797814209,63.934426229508205,10.92896174863388
E00155914,252,42,12,30,210,187,23,16.666666666666664,4.761904761904762,11.904761904761903,83.33333333333334,74.20634920634922,9.126984126984127
E00155915,150,39,18,21,111,105,6,26,12,14.000000000000002,74,70,4
E00155916,153,51,15,36,102,87,15,33.33333333333333,9.803921568627452,23.52941176470588,66.66666666666666,56.86274509803921,9.803921568627452
E00155917,192,59,22,37,133,111,22,30.729166666666668,11.458333333333332,19.270833333333336,69.27083333333334,57.8125,11.458333333333332
E00155918,181,56,21,35,125,100,25,30.939226519337016,11.602209944751381,19.337016574585636,69.06077348066299,55.24861878453039,13.812154696132598
E00155919,134,32,11,21,102,92,10,23.88059701492537,8.208955223880597,15.671641791044777,76.11940298507463,68.65671641791045,7.462686567164178
E00155920,165,53,22,31,112,96,16,32.121212121212125,13.333333333333334,18.787878787878785,67.87878787878789,58.18181818181818,9.696969696969697
E00155921,165,46,21,25,119,108,11,27.878787878787882,12.727272727272727,15.151515151515152,72.12121212121212,65.45454545454545,6.666666666666667
E00155922,177,48,15,33,129,119,10,27.11864406779661,8.47457627118644,18.64406779661017,72.88135593220339,67.2316384180791,5.649717514124294
E00155923,199,54,18,36,145,128,17,27.1356783919598,9.045226130653267,18.090452261306535,72.8643216080402,64.321608040201,8.542713567839195
E00155924,145,37,20,17,108,95,13,25.517241379310345,13.793103448275861,11.724137931034482,74.48275862068967,65.51724137931035,8.96551724137931
E00155925,200,47,17,30,153,132,21,23.5,8.5,15,76.5,66,10.5
E00155926,190,52,17,35,138,122,16,27.368421052631582,8.947368421052632,18.421052631578945,72.63157894736842,64.21052631578948,8.421052631578947
E00155927,193,50,16,34,143,112,31,25.906735751295333,8.290155440414509,17.616580310880828,74.09326424870466,58.03108808290155,16.06217616580311
E00155928,170,49,19,30,121,101,20,28.823529411764703,11.176470588235295,17.647058823529413,71.17647058823529,59.411764705882355,11.76470588235294
E00155929,213,44,19,25,169,141,28,20.657276995305164,8.92018779342723,11.737089201877934,79.34272300469483,66.19718309859155,13.145539906103288
E00155930,51,15,5,10,36,31,5,29.411764705882355,9.803921568627452,19.607843137254903,70.58823529411765,60.78431372549019,9.803921568627452
E00155931,185,49,15,34,136,116,20,26.486486486486488,8.108108108108109,18.37837837837838,73.51351351351352,62.70270270270271,10.81081081081081
E00155932,149,55,20,35,94,81,13,36.91275167785235,13.422818791946309,23.48993288590604,63.08724832214765,54.36241610738255,8.724832214765101
E00155933,174,49,20,29,125,116,9,28.160919540229884,11.494252873563218,16.666666666666664,71.83908045977012,66.66666666666666,5.172413793103448
E00155934,207,60,16,44,147,132,15,28.985507246376812,7.729468599033816,21.256038647342994,71.01449275362319,63.76811594202898,7.246376811594203
E00155935,212,44,16,28,168,145,23,20.754716981132077,7.547169811320755,13.20754716981132,79.24528301886792,68.39622641509435,10.849056603773585
E00155936,162,52,24,28,110,99,11,32.098765432098766,14.814814814814813,17.28395061728395,67.90123456790124,61.111111111111114,6.790123456790123
E00155937,146,42,16,26,104,93,11,28.767123287671232,10.95890410958904,17.80821917808219,71.23287671232876,63.6986301369863,7.534246575342466
E00155938,224,50,21,29,174,146,28,22.321428571428573,9.375,12.946428571428573,77.67857142857143,65.17857142857143,12.5
E00155940,182,48,10,38,134,109,25,26.373626373626376,5.4945054945054945,20.87912087912088,73.62637362637363,59.89010989010989,13.736263736263737
E00155941,129,34,14,20,95,83,12,26.356589147286826,10.852713178294573,15.503875968992247,73.64341085271317,64.34108527131784,9.30232558139535
E00155942,160,47,15,32,113,97,16,29.375,9.375,20,70.625,60.62499999999999,10
E00155943,182,56,23,33,126,99,27,30.76923076923077,12.637362637362637,18.13186813186813,69.23076923076923,54.395604395604394,14.835164835164836
E00155944,139,47,13,34,92,77,15,33.81294964028777,9.352517985611511,24.46043165467626,66.18705035971223,55.39568345323741,10.79136690647482
E00155945,110,43,28,15,67,56,11,39.09090909090909,25.454545454545453,13.636363636363635,60.909090909090914,50.90909090909091,10
E00155946,131,32,12,20,99,88,11,24.427480916030532,9.16030534351145,15.267175572519085,75.57251908396947,67.17557251908397,8.396946564885496
E00155947,156,43,15,28,113,94,19,27.564102564102566,9.615384615384617,17.94871794871795,72.43589743589743,60.256410256410255,12.179487179487179
E00155948,84,28,7,21,56,49,7,33.33333333333333,8.333333333333332,25,66.66666666666666,58.333333333333336,8.333333333333332
E00155949,166,57,17,40,109,93,16,34.33734939759036,10.240963855421686,24.096385542168676,65.66265060240963,56.024096385542165,9.63855421686747
E00155950,115,32,14,18,83,75,8,27.82608695652174,12.173913043478262,15.65217391304348,72.17391304347827,65.21739130434783,6.956521739130435
E00155951,157,54,25,29,103,87,16,34.394904458598724,15.92356687898089,18.471337579617835,65.60509554140127,55.4140127388535,10.191082802547772
E00155952,132,38,17,21,94,75,19,28.78787878787879,12.878787878787879,15.909090909090908,71.21212121212122,56.81818181818182,14.393939393939394
E00155953,204,49,12,37,155,127,28,24.019607843137255,5.88235294117647,18.137254901960784,75.98039215686273,62.254901960784316,13.725490196078432
E00155954,203,49,23,26,154,129,25,24.137931034482758,11.330049261083744,12.807881773399016,75.86206896551724,63.54679802955665,12.31527093596059
E00155955,188,54,15,39,134,112,22,28.723404255319153,7.9787234042553195,20.74468085106383,71.27659574468085,59.57446808510638,11.702127659574469
E00155956,136,41,14,27,95,83,12,30.14705882352941,10.294117647058822,19.852941176470587,69.85294117647058,61.029411764705884,8.823529411764707
E00155957,177,38,6,32,139,124,15,21.468926553672315,3.389830508474576,18.07909604519774,78.53107344632768,70.05649717514125,8.47457627118644
E00155958,153,49,18,31,104,85,19,32.02614379084967,11.76470588235294,20.26143790849673,67.97385620915033,55.55555555555556,12.418300653594772
E00155959,141,37,19,18,104,88,16,26.24113475177305,13.47517730496454,12.76595744680851,73.75886524822694,62.4113475177305,11.347517730496454
E00155961,126,34,15,19,92,81,11,26.984126984126984,11.904761904761903,15.079365079365079,73.01587301587301,64.28571428571429,8.73015873015873
E00155962,134,26,11,15,108,99,9,19.402985074626866,8.208955223880597,11.194029850746269,80.59701492537313,73.88059701492537,6.7164179104477615
E00155963,128,26,12,14,102,81,21,20.3125,9.375,10.9375,79.6875,63.28125,16.40625
E00155964,127,41,13,28,86,78,8,32.28346456692913,10.236220472440944,22.04724409448819,67.71653543307087,61.417322834645674,6.299212598425196
E00155965,208,53,17,36,155,136,19,25.48076923076923,8.173076923076923,17.307692307692307,74.51923076923077,65.38461538461539,9.134615384615383
E00155966,171,60,22,38,111,95,16,35.08771929824561,12.865497076023392,22.22222222222222,64.91228070175438,55.55555555555556,9.35672514619883
E00155967,245,77,28,49,168,138,30,31.428571428571427,11.428571428571429,20,68.57142857142857,56.326530612244895,12.244897959183673
E00155968,162,38,10,28,124,115,9,23.456790123456788,6.172839506172839,17.28395061728395,76.5432098765432,70.98765432098766,5.555555555555555
E00155969,179,46,13,33,133,116,17,25.69832402234637,7.262569832402235,18.435754189944134,74.30167597765363,64.80446927374301,9.497206703910614
E00155970,199,66,30,36,133,110,23,33.165829145728644,15.07537688442211,18.090452261306535,66.83417085427136,55.27638190954774,11.557788944723619
E00155971,140,37,15,22,103,91,12,26.42857142857143,10.714285714285714,15.714285714285714,73.57142857142858,65,8.571428571428571
E00155972,128,35,21,14,93,83,10,27.34375,16.40625,10.9375,72.65625,64.84375,7.8125
E00155975,126,37,13,24,89,80,9,29.365079365079367,10.317460317460316,19.047619047619047,70.63492063492063,63.49206349206349,7.142857142857142
E00155976,137,47,23,24,90,75,15,34.306569343065696,16.78832116788321,17.51824817518248,65.69343065693431,54.74452554744526,10.948905109489052
E00155977,168,49,14,35,119,100,19,29.166666666666668,8.333333333333332,20.833333333333336,70.83333333333334,59.523809523809526,11.30952380952381
E00155978,151,42,10,32,109,81,28,27.81456953642384,6.622516556291391,21.192052980132452,72.18543046357617,53.64238410596026,18.543046357615893
E00155979,164,56,22,34,108,93,15,34.146341463414636,13.414634146341465,20.73170731707317,65.85365853658537,56.70731707317073,9.146341463414634
E00155980,283,79,27,52,204,168,36,27.915194346289752,9.540636042402827,18.374558303886925,72.08480565371025,59.36395759717315,12.7208480565371
E00155981,175,56,25,31,119,88,31,32,14.285714285714285,17.71428571428571,68,50.28571428571429,17.71428571428571
E00155982,180,50,18,32,130,108,22,27.77777777777778,10,17.77777777777778,72.22222222222221,60,12.222222222222221
E00155983,141,31,15,16,110,96,14,21.98581560283688,10.638297872340425,11.347517730496454,78.01418439716312,68.08510638297872,9.929078014184398
E00155984,212,67,22,45,145,123,22,31.60377358490566,10.377358490566039,21.22641509433962,68.39622641509435,58.01886792452831,10.377358490566039
E00155985,164,49,12,37,115,108,7,29.878048780487802,7.317073170731707,22.5609756097561,70.1219512195122,65.85365853658537,4.2682926829268295
E00155986,116,34,12,22,82,70,12,29.310344827586203,10.344827586206897,18.96551724137931,70.6896551724138,60.3448275862069,10.344827586206897
E00155987,110,34,10,24,76,66,10,30.909090909090907,9.090909090909092,21.818181818181817,69.0909090909091,60,9.090909090909092
E00155988,115,39,17,22,76,72,4,33.91304347826087,14.782608695652174,19.130434782608695,66.08695652173913,62.60869565217392,3.4782608695652173
E00155989,141,43,21,22,98,87,11,30.49645390070922,14.893617021276595,15.602836879432624,69.50354609929079,61.702127659574465,7.801418439716312
E00155990,122,37,8,29,85,67,18,30.327868852459016,6.557377049180328,23.770491803278688,69.67213114754098,54.91803278688525,14.754098360655737
E00155991,133,45,15,30,88,78,10,33.83458646616541,11.278195488721805,22.55639097744361,66.16541353383458,58.64661654135338,7.518796992481203
E00155992,144,48,16,32,96,69,27,33.33333333333333,11.11111111111111,22.22222222222222,66.66666666666666,47.91666666666667,18.75
E00155993,135,37,16,21,98,84,14,27.40740740740741,11.851851851851853,15.555555555555555,72.5925925925926,62.22222222222222,10.37037037037037
E00155994,139,39,14,25,100,79,21,28.05755395683453,10.071942446043165,17.985611510791365,71.94244604316546,56.83453237410072,15.107913669064748
E00155996,178,44,18,26,134,108,26,24.719101123595504,10.112359550561797,14.606741573033707,75.28089887640449,60.67415730337079,14.606741573033707
E00155997,136,41,15,26,95,86,9,30.14705882352941,11.029411764705882,19.11764705882353,69.85294117647058,63.23529411764706,6.61764705882353
E00155998,232,61,21,40,171,154,17,26.29310344827586,9.051724137931034,17.24137931034483,73.70689655172413,66.37931034482759,7.327586206896551
E00155999,146,58,21,37,88,77,11,39.726027397260275,14.383561643835616,25.34246575342466,60.273972602739725,52.73972602739726,7.534246575342466
E00156000,119,34,16,18,85,75,10,28.57142857142857,13.445378151260504,15.126050420168067,71.42857142857143,63.02521008403361,8.403361344537815
E00156001,166,48,20,28,118,102,16,28.915662650602407,12.048192771084338,16.867469879518072,71.08433734939759,61.44578313253012,9.63855421686747
E00156002,154,45,15,30,109,92,17,29.22077922077922,9.740259740259742,19.480519480519483,70.77922077922078,59.74025974025974,11.03896103896104
E00156003,214,62,22,40,152,126,26,28.971962616822427,10.2803738317757,18.69158878504673,71.02803738317756,58.87850467289719,12.149532710280374
E00156004,186,46,9,37,140,111,29,24.731182795698924,4.838709677419355,19.892473118279568,75.26881720430107,59.67741935483871,15.591397849462366
E00156005,218,66,22,44,152,131,21,30.275229357798167,10.091743119266056,20.18348623853211,69.72477064220183,60.09174311926605,9.63302752293578
E00156006,187,52,18,34,135,117,18,27.807486631016044,9.62566844919786,18.181818181818183,72.19251336898395,62.56684491978609,9.62566844919786
E00156007,130,40,13,27,90,75,15,30.76923076923077,10,20.76923076923077,69.23076923076923,57.692307692307686,11.538461538461538
E00156008,133,42,24,18,91,55,36,31.57894736842105,18.045112781954884,13.533834586466165,68.42105263157895,41.35338345864661,27.06766917293233
E00156009,157,52,25,27,105,63,42,33.12101910828025,15.92356687898089,17.197452229299362,66.87898089171973,40.12738853503185,26.751592356687897
E00156012,179,54,24,30,125,99,26,30.16759776536313,13.40782122905028,16.75977653631285,69.83240223463687,55.3072625698324,14.52513966480447
E00156013,186,48,18,30,138,109,29,25.806451612903224,9.67741935483871,16.129032258064516,74.19354838709677,58.602150537634415,15.591397849462366
E00156014,164,42,10,32,122,100,22,25.609756097560975,6.097560975609756,19.51219512195122,74.39024390243902,60.97560975609756,13.414634146341465
E00156015,173,62,18,44,111,93,18,35.83815028901734,10.404624277456648,25.43352601156069,64.16184971098265,53.75722543352601,10.404624277456648
E00156016,215,61,24,37,154,120,34,28.37209302325581,11.162790697674419,17.209302325581397,71.62790697674419,55.81395348837209,15.813953488372093
E00156017,229,72,23,49,157,124,33,31.4410480349345,10.043668122270741,21.397379912663755,68.5589519650655,54.14847161572053,14.41048034934498
E00156018,167,49,19,30,118,96,22,29.34131736526946,11.377245508982035,17.964071856287426,70.65868263473054,57.48502994011976,13.17365269461078
E00156019,277,85,42,43,192,151,41,30.685920577617328,15.162454873646208,15.523465703971121,69.31407942238266,54.51263537906137,14.801444043321299
E00156020,129,37,17,20,92,70,22,28.68217054263566,13.178294573643413,15.503875968992247,71.31782945736434,54.263565891472865,17.05426356589147
E00156021,206,64,26,38,142,98,44,31.06796116504854,12.62135922330097,18.446601941747574,68.93203883495146,47.57281553398058,21.35922330097087
E00156022,158,55,21,34,103,68,35,34.810126582278485,13.291139240506327,21.518987341772153,65.18987341772153,43.037974683544306,22.151898734177212
E00156023,156,41,16,25,115,90,25,26.282051282051285,10.256410256410255,16.025641025641026,73.71794871794873,57.692307692307686,16.025641025641026
E00156024,193,50,25,25,143,103,40,25.906735751295333,12.953367875647666,12.953367875647666,74.09326424870466,53.36787564766839,20.72538860103627
E00156025,155,47,20,27,108,78,30,30.32258064516129,12.903225806451612,17.419354838709676,69.6774193548387,50.32258064516129,19.35483870967742
E00156026,225,64,29,35,161,103,58,28.444444444444443,12.88888888888889,15.555555555555555,71.55555555555554,45.77777777777778,25.77777777777778
E00156027,190,52,24,28,138,117,21,27.368421052631582,12.631578947368421,14.736842105263156,72.63157894736842,61.578947368421055,11.052631578947368
E00156028,133,38,16,22,95,80,15,28.57142857142857,12.030075187969924,16.541353383458645,71.42857142857143,60.150375939849624,11.278195488721805
E00156029,193,31,7,24,162,136,26,16.06217616580311,3.6269430051813467,12.435233160621761,83.93782383419689,70.46632124352331,13.471502590673575
E00156030,193,55,23,32,138,116,22,28.497409326424872,11.917098445595855,16.580310880829018,71.50259067357513,60.10362694300518,11.398963730569948
E00156031,221,57,20,37,164,131,33,25.791855203619914,9.049773755656108,16.7420814479638,74.2081447963801,59.276018099547514,14.93212669683258
E00156032,165,44,16,28,121,93,28,26.666666666666668,9.696969696969697,16.969696969696972,73.33333333333333,56.36363636363636,16.969696969696972
E00156033,164,41,19,22,123,97,26,25,11.585365853658537,13.414634146341465,75,59.14634146341463,15.853658536585366
E00156034,170,54,20,34,116,93,23,31.76470588235294,11.76470588235294,20,68.23529411764706,54.70588235294118,13.529411764705882
E00156035,194,52,14,38,142,116,26,26.804123711340207,7.216494845360824,19.587628865979383,73.19587628865979,59.79381443298969,13.402061855670103
E00156036,132,30,15,15,102,79,23,22.727272727272727,11.363636363636363,11.363636363636363,77.27272727272727,59.84848484848485,17.424242424242426
E00156037,177,58,20,38,119,85,34,32.7683615819209,11.299435028248588,21.468926553672315,67.2316384180791,48.0225988700565,19.2090395480226
E00156038,184,48,22,26,136,93,43,26.08695652173913,11.956521739130435,14.130434782608695,73.91304347826086,50.54347826086957,23.369565217391305
E00156039,162,41,21,20,121,100,21,25.308641975308642,12.962962962962962,12.345679012345679,74.69135802469135,61.72839506172839,12.962962962962962
E00156040,135,28,9,19,107,95,12,20.74074074074074,6.666666666666667,14.074074074074074,79.25925925925927,70.37037037037037,8.88888888888889
E00156041,179,51,21,30,128,116,12,28.49162011173184,11.731843575418994,16.75977653631285,71.50837988826815,64.80446927374301,6.70391061452514
E00156042,197,62,24,38,135,113,22,31.472081218274113,12.18274111675127,19.289340101522843,68.52791878172589,57.360406091370564,11.16751269035533
E00156043,154,41,18,23,113,86,27,26.623376623376622,11.688311688311687,14.935064935064934,73.37662337662337,55.84415584415584,17.532467532467532
E00156044,174,46,21,25,128,104,24,26.436781609195403,12.068965517241379,14.367816091954023,73.5632183908046,59.77011494252874,13.793103448275861
E00156045,170,60,24,36,110,91,19,35.294117647058826,14.117647058823529,21.176470588235293,64.70588235294117,53.529411764705884,11.176470588235295
E00156046,161,46,19,27,115,102,13,28.57142857142857,11.801242236024844,16.77018633540373,71.42857142857143,63.35403726708074,8.074534161490684
E00156047,179,53,17,36,126,104,22,29.608938547486037,9.497206703910614,20.11173184357542,70.39106145251397,58.10055865921788,12.290502793296088
E00156048,163,56,20,36,107,86,21,34.355828220858896,12.269938650306749,22.085889570552148,65.6441717791411,52.760736196319016,12.883435582822086
E00156049,196,73,38,35,123,86,37,37.244897959183675,19.387755102040817,17.857142857142858,62.755102040816325,43.87755102040816,18.877551020408163
E00156050,173,45,15,30,128,91,37,26.011560693641616,8.670520231213873,17.341040462427745,73.98843930635837,52.601156069364166,21.38728323699422
E00156051,162,34,13,21,128,114,14,20.98765432098765,8.024691358024691,12.962962962962962,79.01234567901234,70.37037037037037,8.641975308641975
E00156052,146,38,10,28,108,93,15,26.027397260273972,6.8493150684931505,19.17808219178082,73.97260273972603,63.6986301369863,10.273972602739725
E00156053,199,51,17,34,148,129,19,25.628140703517587,8.542713567839195,17.08542713567839,74.37185929648241,64.82412060301507,9.547738693467336
E00156054,194,48,17,31,146,117,29,24.742268041237114,8.762886597938143,15.979381443298967,75.25773195876289,60.30927835051546,14.948453608247423
E00156055,189,53,18,35,136,111,25,28.04232804232804,9.523809523809524,18.51851851851852,71.95767195767195,58.730158730158735,13.227513227513226
E00156056,206,71,24,47,135,112,23,34.46601941747573,11.650485436893204,22.815533980582526,65.53398058252428,54.36893203883495,11.165048543689322
E00156057,189,47,19,28,142,134,8,24.867724867724867,10.052910052910052,14.814814814814813,75.13227513227513,70.8994708994709,4.232804232804233
E00156058,142,42,11,31,100,80,20,29.577464788732392,7.746478873239436,21.830985915492956,70.4225352112676,56.33802816901409,14.084507042253522
E00156059,166,51,14,37,115,96,19,30.72289156626506,8.433734939759036,22.289156626506024,69.27710843373494,57.831325301204814,11.44578313253012
E00156060,118,22,9,13,96,84,12,18.64406779661017,7.627118644067797,11.016949152542372,81.35593220338984,71.1864406779661,10.16949152542373
E00156061,143,46,19,27,97,83,14,32.16783216783217,13.286713286713287,18.88111888111888,67.83216783216784,58.04195804195804,9.79020979020979
E00156062,152,36,13,23,116,104,12,23.684210526315788,8.552631578947368,15.131578947368421,76.31578947368422,68.42105263157895,7.894736842105263
E00156063,188,60,19,41,128,106,22,31.914893617021278,10.106382978723403,21.808510638297875,68.08510638297872,56.38297872340425,11.702127659574469
E00156064,165,50,26,24,115,103,12,30.303030303030305,15.757575757575756,14.545454545454545,69.6969696969697,62.42424242424243,7.2727272727272725
E00156065,174,43,19,24,131,100,31,24.71264367816092,10.919540229885058,13.793103448275861,75.28735632183908,57.47126436781609,17.81609195402299
E00156066,128,45,11,34,83,63,20,35.15625,8.59375,26.5625,64.84375,49.21875,15.625
E00156067,172,54,26,28,118,85,33,31.3953488372093,15.11627906976744,16.27906976744186,68.6046511627907,49.41860465116279,19.186046511627907
E00156068,180,47,18,29,133,105,28,26.111111111111114,10,16.11111111111111,73.88888888888889,58.333333333333336,15.555555555555555
E00156069,171,39,17,22,132,112,20,22.807017543859647,9.941520467836257,12.865497076023392,77.19298245614034,65.49707602339181,11.695906432748536
E00156070,136,39,12,27,97,83,14,28.676470588235293,8.823529411764707,19.852941176470587,71.32352941176471,61.029411764705884,10.294117647058822
E00156071,178,54,20,34,124,112,12,30.337078651685395,11.235955056179774,19.101123595505616,69.66292134831461,62.92134831460674,6.741573033707865
E00156072,191,64,27,37,127,116,11,33.50785340314136,14.136125654450263,19.3717277486911,66.49214659685863,60.73298429319372,5.7591623036649215
E00156073,182,64,22,42,118,106,12,35.16483516483517,12.087912087912088,23.076923076923077,64.83516483516483,58.24175824175825,6.593406593406594
E00156074,172,51,14,37,121,114,7,29.651162790697676,8.13953488372093,21.511627906976745,70.34883720930233,66.27906976744185,4.069767441860465
E00156075,195,46,14,32,149,125,24,23.589743589743588,7.179487179487179,16.41025641025641,76.41025641025641,64.1025641025641,12.307692307692308
E00156076,85,28,14,14,57,51,6,32.94117647058823,16.470588235294116,16.470588235294116,67.05882352941175,60,7.0588235294117645
E00156077,187,65,24,41,122,94,28,34.75935828877005,12.834224598930483,21.92513368983957,65.24064171122996,50.26737967914438,14.973262032085561
E00156078,171,66,28,38,105,87,18,38.59649122807017,16.374269005847953,22.22222222222222,61.40350877192983,50.877192982456144,10.526315789473683
E00156079,194,61,19,42,133,98,35,31.443298969072163,9.793814432989691,21.649484536082475,68.55670103092784,50.51546391752577,18.04123711340206
E00156080,156,58,20,38,98,65,33,37.17948717948718,12.82051282051282,24.358974358974358,62.82051282051282,41.66666666666667,21.153846153846153
E00156081,194,56,26,30,138,118,20,28.865979381443296,13.402061855670103,15.463917525773196,71.1340206185567,60.824742268041234,10.309278350515463
E00156082,213,67,13,54,146,120,26,31.455399061032864,6.103286384976526,25.352112676056336,68.54460093896714,56.33802816901409,12.206572769953052
E00156083,153,58,24,34,95,75,20,37.908496732026144,15.686274509803921,22.22222222222222,62.091503267973856,49.01960784313725,13.071895424836603
E00156084,220,67,27,40,153,123,30,30.454545454545457,12.272727272727273,18.181818181818183,69.54545454545455,55.90909090909091,13.636363636363635
E00156085,200,58,25,33,142,124,18,28.999999999999996,12.5,16.5,71,62,9
E00156086,264,75,31,44,189,135,54,28.40909090909091,11.742424242424242,16.666666666666664,71.5909090909091,51.13636363636363,20.454545454545457
E00156087,292,91,37,54,201,152,49,31.164383561643838,12.67123287671233,18.493150684931507,68.83561643835617,52.054794520547944,16.78082191780822
E00156088,173,55,20,35,118,94,24,31.79190751445087,11.560693641618498,20.23121387283237,68.20809248554913,54.33526011560693,13.872832369942195
E00156089,229,69,29,40,160,122,38,30.131004366812224,12.663755458515283,17.46724890829694,69.86899563318777,53.275109170305676,16.593886462882097
E00156090,140,41,19,22,99,76,23,29.28571428571429,13.571428571428571,15.714285714285714,70.71428571428572,54.285714285714285,16.428571428571427
E00156091,149,40,8,32,109,83,26,26.845637583892618,5.369127516778524,21.476510067114095,73.15436241610739,55.70469798657718,17.449664429530202
E00156092,132,45,15,30,87,67,20,34.090909090909086,11.363636363636363,22.727272727272727,65.9090909090909,50.75757575757576,15.151515151515152
E00156093,129,36,12,24,93,73,20,27.906976744186046,9.30232558139535,18.6046511627907,72.09302325581395,56.58914728682171,15.503875968992247
E00156094,161,62,24,38,99,79,20,38.50931677018634,14.906832298136646,23.60248447204969,61.49068322981367,49.06832298136646,12.422360248447205
E00156095,173,56,23,33,117,97,20,32.369942196531795,13.294797687861271,19.07514450867052,67.63005780346822,56.06936416184971,11.560693641618498
E00156096,224,61,23,38,163,128,35,27.232142857142854,10.267857142857142,16.964285714285715,72.76785714285714,57.14285714285714,15.625
E00156097,251,79,38,41,172,136,36,31.47410358565737,15.139442231075698,16.334661354581673,68.52589641434263,54.18326693227091,14.342629482071715
E00156098,121,41,12,29,80,78,2,33.88429752066116,9.917355371900827,23.96694214876033,66.11570247933885,64.46280991735537,1.6528925619834711
E00156099,233,67,28,39,166,147,19,28.75536480686695,12.017167381974248,16.738197424892704,71.24463519313305,63.0901287553648,8.15450643776824
E00156100,155,54,9,45,101,86,15,34.83870967741935,5.806451612903226,29.03225806451613,65.16129032258064,55.483870967741936,9.67741935483871
E00156101,160,44,12,32,116,100,16,27.500000000000004,7.5,20,72.5,62.5,10
E00156102,116,38,15,23,78,70,8,32.758620689655174,12.931034482758621,19.82758620689655,67.24137931034483,60.3448275862069,6.896551724137931
E00156103,206,68,28,40,138,121,17,33.00970873786408,13.592233009708737,19.41747572815534,66.99029126213593,58.7378640776699,8.25242718446602
E00156104,144,41,14,27,103,85,18,28.47222222222222,9.722222222222223,18.75,71.52777777777779,59.02777777777778,12.5
E00156106,143,44,21,23,99,86,13,30.76923076923077,14.685314685314685,16.083916083916083,69.23076923076923,60.13986013986013,9.090909090909092
E00156107,125,39,15,24,86,76,10,31.2,12,19.2,68.8,60.8,8
E00156108,182,34,17,17,148,129,19,18.681318681318682,9.340659340659341,9.340659340659341,81.31868131868131,70.87912087912088,10.43956043956044
E00156110,136,38,18,20,98,90,8,27.941176470588236,13.23529411764706,14.705882352941178,72.05882352941177,66.17647058823529,5.88235294117647
E00156111,174,45,20,25,129,100,29,25.862068965517242,11.494252873563218,14.367816091954023,74.13793103448276,57.47126436781609,16.666666666666664
E00156112,180,49,22,27,131,106,25,27.22222222222222,12.222222222222221,15,72.77777777777777,58.88888888888889,13.88888888888889
E00156113,210,58,17,41,152,113,39,27.61904761904762,8.095238095238095,19.523809523809526,72.38095238095238,53.80952380952381,18.571428571428573
E00156114,155,31,9,22,124,107,17,20,5.806451612903226,14.193548387096774,80,69.03225806451613,10.967741935483872
E00156115,89,23,9,14,66,51,15,25.842696629213485,10.112359550561797,15.730337078651685,74.15730337078652,57.30337078651685,16.853932584269664
E00156116,217,35,19,16,182,162,20,16.129032258064516,8.755760368663594,7.373271889400922,83.87096774193549,74.65437788018433,9.216589861751153
E00156118,173,44,16,28,129,107,22,25.43352601156069,9.248554913294797,16.184971098265898,74.56647398843931,61.849710982658955,12.716763005780345
E00156119,206,48,21,27,158,125,33,23.300970873786408,10.194174757281553,13.106796116504855,76.69902912621359,60.679611650485434,16.019417475728158
E00156120,171,42,18,24,129,108,21,24.561403508771928,10.526315789473683,14.035087719298245,75.43859649122807,63.1578947368421,12.280701754385964
E00156121,188,45,18,27,143,126,17,23.93617021276596,9.574468085106384,14.361702127659576,76.06382978723404,67.02127659574468,9.042553191489363
E00156123,170,47,21,26,123,100,23,27.647058823529413,12.352941176470589,15.294117647058824,72.35294117647058,58.82352941176471,13.529411764705882
E00156124,202,59,22,37,143,119,24,29.207920792079207,10.891089108910892,18.316831683168317,70.79207920792079,58.91089108910891,11.881188118811881
E00156126,193,45,22,23,148,131,17,23.316062176165804,11.398963730569948,11.917098445595855,76.68393782383419,67.87564766839378,8.808290155440414
E00156127,152,37,16,21,115,104,11,24.342105263157894,10.526315789473683,13.815789473684212,75.6578947368421,68.42105263157895,7.236842105263158
E00156128,155,42,13,29,113,89,24,27.09677419354839,8.38709677419355,18.70967741935484,72.90322580645162,57.41935483870968,15.483870967741936
E00156129,145,33,11,22,112,96,16,22.758620689655174,7.586206896551724,15.172413793103448,77.24137931034483,66.20689655172414,11.03448275862069
E00156130,198,41,14,27,157,128,29,20.707070707070706,7.07070707070707,13.636363636363635,79.29292929292929,64.64646464646465,14.646464646464647
E00156131,124,37,14,23,87,79,8,29.838709677419356,11.29032258064516,18.548387096774192,70.16129032258065,63.70967741935484,6.451612903225806
E00156132,187,41,20,21,146,123,23,21.92513368983957,10.695187165775401,11.229946524064172,78.07486631016043,65.77540106951871,12.299465240641712
E00156133,139,22,6,16,117,107,10,15.827338129496402,4.316546762589928,11.510791366906476,84.17266187050359,76.97841726618705,7.1942446043165464
E00156134,159,47,21,26,112,96,16,29.559748427672954,13.20754716981132,16.352201257861633,70.44025157232704,60.37735849056604,10.062893081761008
E00156135,200,51,22,29,149,122,27,25.5,11,14.499999999999998,74.5,61,13.5
E00156136,189,47,19,28,142,128,14,24.867724867724867,10.052910052910052,14.814814814814813,75.13227513227513,67.72486772486772,7.4074074074074066
E00156137,140,57,22,35,83,71,12,40.714285714285715,15.714285714285714,25,59.285714285714285,50.71428571428571,8.571428571428571
E00156138,149,44,12,32,105,86,19,29.53020134228188,8.053691275167784,21.476510067114095,70.46979865771812,57.71812080536913,12.751677852348994
E00156139,152,54,29,25,98,73,25,35.526315789473685,19.078947368421055,16.447368421052634,64.47368421052632,48.026315789473685,16.447368421052634
E00156140,220,45,16,29,175,150,25,20.454545454545457,7.2727272727272725,13.18181818181818,79.54545454545455,68.18181818181817,11.363636363636363
E00156141,174,39,18,21,135,108,27,22.413793103448278,10.344827586206897,12.068965517241379,77.58620689655173,62.06896551724138,15.517241379310345
E00156142,135,41,19,22,94,64,30,30.37037037037037,14.074074074074074,16.296296296296298,69.62962962962963,47.40740740740741,22.22222222222222
E00156143,171,39,11,28,132,116,16,22.807017543859647,6.432748538011696,16.374269005847953,77.19298245614034,67.83625730994152,9.35672514619883
E00156144,195,45,14,31,150,132,18,23.076923076923077,7.179487179487179,15.897435897435896,76.92307692307693,67.6923076923077,9.230769230769232
E00156145,115,45,21,24,70,60,10,39.130434782608695,18.26086956521739,20.869565217391305,60.86956521739131,52.17391304347826,8.695652173913043
E00156146,141,33,12,21,108,98,10,23.404255319148938,8.51063829787234,14.893617021276595,76.59574468085107,69.50354609929079,7.092198581560284
E00156148,225,46,15,31,179,166,13,20.444444444444446,6.666666666666667,13.777777777777779,79.55555555555556,73.77777777777777,5.777777777777778
E00156149,155,45,16,29,110,96,14,29.03225806451613,10.32258064516129,18.70967741935484,70.96774193548387,61.935483870967744,9.032258064516128
E00156150,208,53,22,31,155,131,24,25.48076923076923,10.576923076923077,14.903846153846153,74.51923076923077,62.980769230769226,11.538461538461538
E00156151,112,36,13,23,76,66,10,32.142857142857146,11.607142857142858,20.535714285714285,67.85714285714286,58.92857142857143,8.928571428571429
E00156152,172,46,18,28,126,105,21,26.744186046511626,10.465116279069768,16.27906976744186,73.25581395348837,61.04651162790697,12.209302325581394
E00156153,140,51,22,29,89,67,22,36.42857142857142,15.714285714285714,20.714285714285715,63.57142857142857,47.85714285714286,15.714285714285714
E00156154,101,29,10,19,72,55,17,28.71287128712871,9.900990099009901,18.81188118811881,71.28712871287128,54.45544554455446,16.831683168316832
E00156155,248,70,36,34,178,145,33,28.225806451612907,14.516129032258066,13.709677419354838,71.7741935483871,58.46774193548387,13.306451612903224
E00156156,196,60,15,45,136,123,13,30.612244897959183,7.653061224489796,22.95918367346939,69.38775510204081,62.755102040816325,6.63265306122449
E00156157,110,45,22,23,65,61,4,40.909090909090914,20,20.909090909090907,59.09090909090909,55.45454545454545,3.6363636363636362
E00156158,179,64,25,39,115,83,32,35.754189944134076,13.966480446927374,21.787709497206702,64.24581005586593,46.36871508379888,17.877094972067038
E00156159,179,53,24,29,126,91,35,29.608938547486037,13.40782122905028,16.201117318435752,70.39106145251397,50.83798882681564,19.553072625698324
E00156160,89,35,15,20,54,48,6,39.325842696629216,16.853932584269664,22.47191011235955,60.67415730337079,53.93258426966292,6.741573033707865
E00156161,143,52,19,33,91,72,19,36.36363636363637,13.286713286713287,23.076923076923077,63.63636363636363,50.349650349650354,13.286713286713287
E00156162,291,83,39,44,208,168,40,28.52233676975945,13.402061855670103,15.120274914089347,71.47766323024055,57.73195876288659,13.745704467353953
E00156163,135,45,26,19,90,61,29,33.33333333333333,19.25925925925926,14.074074074074074,66.66666666666666,45.18518518518518,21.48148148148148
E00156164,116,41,20,21,75,49,26,35.3448275862069,17.24137931034483,18.103448275862068,64.65517241379311,42.241379310344826,22.413793103448278
E00156165,144,44,21,23,100,84,16,30.555555555555557,14.583333333333334,15.972222222222221,69.44444444444444,58.333333333333336,11.11111111111111
E00156166,181,41,13,28,140,115,25,22.65193370165746,7.18232044198895,15.469613259668508,77.34806629834254,63.53591160220995,13.812154696132598
E00156167,188,58,22,36,130,99,31,30.851063829787233,11.702127659574469,19.148936170212767,69.14893617021278,52.659574468085104,16.48936170212766
E00156168,141,28,12,16,113,96,17,19.858156028368796,8.51063829787234,11.347517730496454,80.1418439716312,68.08510638297872,12.056737588652481
E00156169,159,42,14,28,117,93,24,26.41509433962264,8.80503144654088,17.61006289308176,73.58490566037736,58.490566037735846,15.09433962264151
E00156170,144,44,20,24,100,70,30,30.555555555555557,13.88888888888889,16.666666666666664,69.44444444444444,48.61111111111111,20.833333333333336
E00156171,176,42,15,27,134,101,33,23.863636363636363,8.522727272727272,15.340909090909092,76.13636363636364,57.38636363636363,18.75
E00156172,125,36,14,22,89,73,16,28.799999999999997,11.200000000000001,17.599999999999998,71.2,58.4,12.8
E00156173,125,38,8,30,87,67,20,30.4,6.4,24,69.6,53.6,16
E00156174,178,37,16,21,141,108,33,20.786516853932586,8.98876404494382,11.797752808988763,79.21348314606742,60.67415730337079,18.53932584269663
E00156175,220,50,24,26,170,141,29,22.727272727272727,10.909090909090908,11.818181818181818,77.27272727272727,64.0909090909091,13.18181818181818
E00156176,176,36,9,27,140,111,29,20.454545454545457,5.113636363636364,15.340909090909092,79.54545454545455,63.06818181818182,16.477272727272727
E00156177,179,42,19,23,137,115,22,23.463687150837988,10.614525139664805,12.849162011173185,76.53631284916202,64.24581005586593,12.290502793296088
E00156178,136,20,8,12,116,104,12,14.705882352941178,5.88235294117647,8.823529411764707,85.29411764705883,76.47058823529412,8.823529411764707
E00156179,141,62,18,44,79,74,5,43.97163120567376,12.76595744680851,31.20567375886525,56.02836879432624,52.4822695035461,3.546099290780142
E00156180,136,35,14,21,101,79,22,25.735294117647058,10.294117647058822,15.441176470588236,74.26470588235294,58.08823529411765,16.176470588235293
E00156181,235,66,19,47,169,133,36,28.085106382978726,8.085106382978724,20,71.91489361702128,56.59574468085107,15.319148936170212
E00156182,194,46,13,33,148,117,31,23.711340206185564,6.701030927835052,17.010309278350515,76.28865979381443,60.30927835051546,15.979381443298967
E00156184,69,14,7,7,55,41,14,20.28985507246377,10.144927536231885,10.144927536231885,79.71014492753623,59.42028985507246,20.28985507246377
E00156185,162,52,22,30,110,74,36,32.098765432098766,13.580246913580247,18.51851851851852,67.90123456790124,45.67901234567901,22.22222222222222
E00156186,148,36,10,26,112,91,21,24.324324324324326,6.756756756756757,17.56756756756757,75.67567567567568,61.48648648648649,14.18918918918919
E00156187,110,24,11,13,86,68,18,21.818181818181817,10,11.818181818181818,78.18181818181819,61.81818181818181,16.363636363636363
E00156188,151,38,17,21,113,81,32,25.165562913907287,11.258278145695364,13.90728476821192,74.83443708609272,53.64238410596026,21.192052980132452
E00156189,161,53,32,21,108,80,28,32.91925465838509,19.875776397515526,13.043478260869565,67.08074534161491,49.68944099378882,17.391304347826086
E00156190,193,56,26,30,137,98,39,29.015544041450774,13.471502590673575,15.544041450777202,70.98445595854922,50.77720207253886,20.207253886010363
E00156191,150,49,28,21,101,74,27,32.666666666666664,18.666666666666668,14.000000000000002,67.33333333333333,49.333333333333336,18
E00156192,185,45,24,21,140,115,25,24.324324324324326,12.972972972972974,11.351351351351353,75.67567567567568,62.16216216216216,13.513513513513514
E00156193,170,32,12,20,138,116,22,18.823529411764707,7.0588235294117645,11.76470588235294,81.17647058823529,68.23529411764706,12.941176470588237
E00156194,186,34,14,20,152,132,20,18.27956989247312,7.526881720430108,10.75268817204301,81.72043010752688,70.96774193548387,10.75268817204301
E00156195,147,24,15,9,123,103,20,16.3265306122449,10.204081632653061,6.122448979591836,83.6734693877551,70.06802721088435,13.60544217687075
E00156196,193,48,24,24,145,106,39,24.870466321243523,12.435233160621761,12.435233160621761,75.12953367875647,54.92227979274611,20.207253886010363
E00156197,284,59,27,32,225,179,46,20.774647887323944,9.507042253521126,11.267605633802818,79.22535211267606,63.02816901408451,16.19718309859155
E00156198,169,45,16,29,124,104,20,26.627218934911244,9.467455621301776,17.159763313609467,73.37278106508876,61.53846153846154,11.834319526627219
E00156199,191,40,17,23,151,125,26,20.94240837696335,8.900523560209423,12.041884816753926,79.05759162303664,65.44502617801047,13.612565445026178
E00156201,227,70,29,41,157,123,34,30.837004405286343,12.77533039647577,18.06167400881057,69.16299559471366,54.18502202643172,14.977973568281937
E00156202,171,47,21,26,124,94,30,27.485380116959064,12.280701754385964,15.204678362573098,72.51461988304094,54.97076023391813,17.543859649122805
E00156203,97,24,10,14,73,69,4,24.742268041237114,10.309278350515463,14.432989690721648,75.25773195876289,71.1340206185567,4.123711340206185
E00156204,191,51,21,30,140,113,27,26.701570680628272,10.99476439790576,15.706806282722512,73.29842931937172,59.16230366492147,14.136125654450263
E00156205,218,68,30,38,150,119,31,31.19266055045872,13.761467889908257,17.431192660550458,68.80733944954129,54.58715596330275,14.220183486238533
E00156206,176,61,24,37,115,63,52,34.659090909090914,13.636363636363635,21.022727272727273,65.3409090909091,35.79545454545455,29.545454545454547
E00156207,264,69,27,42,195,159,36,26.136363636363637,10.227272727272728,15.909090909090908,73.86363636363636,60.22727272727273,13.636363636363635
E00156208,191,48,15,33,143,122,21,25.13089005235602,7.853403141361256,17.277486910994764,74.86910994764398,63.87434554973822,10.99476439790576
E00156209,198,68,19,49,130,114,16,34.34343434343434,9.595959595959595,24.747474747474747,65.65656565656566,57.57575757575758,8.080808080808081
E00156210,112,33,7,26,79,67,12,29.464285714285715,6.25,23.214285714285715,70.53571428571429,59.82142857142857,10.714285714285714
E00156211,108,32,7,25,76,67,9,29.629629629629626,6.481481481481481,23.14814814814815,70.37037037037037,62.03703703703704,8.333333333333332
E00156212,208,52,16,36,156,127,29,25,7.6923076923076925,17.307692307692307,75,61.057692307692314,13.942307692307693
E00156213,164,57,22,35,107,79,28,34.756097560975604,13.414634146341465,21.341463414634145,65.2439024390244,48.170731707317074,17.073170731707318
E00156214,140,49,16,33,91,75,16,35,11.428571428571429,23.57142857142857,65,53.57142857142857,11.428571428571429
E00156215,129,48,17,31,81,60,21,37.2093023255814,13.178294573643413,24.031007751937985,62.7906976744186,46.51162790697674,16.27906976744186
E00156216,185,66,21,45,119,98,21,35.67567567567568,11.351351351351353,24.324324324324326,64.32432432432432,52.972972972972975,11.351351351351353
E00156217,137,32,14,18,105,87,18,23.357664233576642,10.218978102189782,13.138686131386862,76.64233576642336,63.503649635036496,13.138686131386862
E00156218,135,37,15,22,98,84,14,27.40740740740741,11.11111111111111,16.296296296296298,72.5925925925926,62.22222222222222,10.37037037037037
E00156219,128,47,16,31,81,67,14,36.71875,12.5,24.21875,63.28125,52.34375,10.9375
E00156220,104,26,8,18,78,67,11,25,7.6923076923076925,17.307692307692307,75,64.42307692307693,10.576923076923077
E00156221,185,57,18,39,128,111,17,30.810810810810814,9.72972972972973,21.08108108108108,69.1891891891892,60,9.18918918918919
E00156222,147,46,18,28,101,90,11,31.292517006802722,12.244897959183673,19.047619047619047,68.70748299319727,61.224489795918366,7.482993197278912
E00156223,162,51,16,35,111,89,22,31.48148148148148,9.876543209876543,21.604938271604937,68.51851851851852,54.93827160493827,13.580246913580247
E00156224,57,20,10,10,37,29,8,35.08771929824561,17.543859649122805,17.543859649122805,64.91228070175438,50.877192982456144,14.035087719298245
E00156225,122,33,12,21,89,80,9,27.049180327868854,9.836065573770492,17.21311475409836,72.95081967213115,65.57377049180327,7.377049180327869
E00156226,125,39,17,22,86,76,10,31.2,13.600000000000001,17.599999999999998,68.8,60.8,8
E00156227,171,61,24,37,110,93,17,35.67251461988304,14.035087719298245,21.637426900584796,64.32748538011695,54.385964912280706,9.941520467836257
E00156228,159,43,19,24,116,100,16,27.044025157232703,11.949685534591195,15.09433962264151,72.95597484276729,62.893081761006286,10.062893081761008
E00156229,133,35,14,21,98,84,14,26.31578947368421,10.526315789473683,15.789473684210526,73.68421052631578,63.1578947368421,10.526315789473683
E00156230,145,46,12,34,99,91,8,31.724137931034484,8.275862068965518,23.448275862068964,68.27586206896552,62.758620689655174,5.517241379310345
E00156231,173,55,20,35,118,97,21,31.79190751445087,11.560693641618498,20.23121387283237,68.20809248554913,56.06936416184971,12.138728323699421
E00156232,140,44,17,27,96,74,22,31.428571428571427,12.142857142857142,19.28571428571429,68.57142857142857,52.85714285714286,15.714285714285714
E00156233,156,54,23,31,102,80,22,34.61538461538461,14.743589743589745,19.871794871794872,65.38461538461539,51.28205128205128,14.102564102564102
E00156234,163,53,23,30,110,87,23,32.515337423312886,14.11042944785276,18.404907975460123,67.48466257668711,53.37423312883436,14.11042944785276
E00156235,162,50,22,28,112,97,15,30.864197530864196,13.580246913580247,17.28395061728395,69.1358024691358,59.876543209876544,9.25925925925926
E00156236,160,51,22,29,109,86,23,31.874999999999996,13.750000000000002,18.125,68.125,53.75,14.374999999999998
E00156237,133,39,15,24,94,72,22,29.32330827067669,11.278195488721805,18.045112781954884,70.67669172932331,54.13533834586466,16.541353383458645
E00156238,62,21,10,11,41,33,8,33.87096774193548,16.129032258064516,17.741935483870968,66.12903225806451,53.2258064516129,12.903225806451612
E00156239,107,34,13,21,73,49,24,31.775700934579437,12.149532710280374,19.626168224299064,68.22429906542055,45.794392523364486,22.429906542056074
E00156240,131,38,14,24,93,66,27,29.00763358778626,10.687022900763358,18.3206106870229,70.99236641221374,50.38167938931297,20.610687022900763
E00156241,159,51,21,30,108,84,24,32.075471698113205,13.20754716981132,18.867924528301888,67.9245283018868,52.83018867924528,15.09433962264151
E00156242,119,40,21,19,79,61,18,33.61344537815126,17.647058823529413,15.966386554621847,66.38655462184873,51.26050420168067,15.126050420168067
E00156243,150,51,18,33,99,82,17,34,12,22,66,54.666666666666664,11.333333333333332
E00156244,182,49,21,28,133,104,29,26.923076923076923,11.538461538461538,15.384615384615385,73.07692307692307,57.14285714285714,15.934065934065933
E00156245,118,44,22,22,74,57,17,37.28813559322034,18.64406779661017,18.64406779661017,62.71186440677966,48.30508474576271,14.40677966101695
E00156246,112,45,17,28,67,51,16,40.17857142857143,15.178571428571427,25,59.82142857142857,45.535714285714285,14.285714285714285
E00156247,173,54,27,27,119,91,28,31.213872832369944,15.606936416184972,15.606936416184972,68.78612716763006,52.601156069364166,16.184971098265898
E00156248,127,24,0,24,103,89,14,18.89763779527559,0,18.89763779527559,81.10236220472441,70.07874015748031,11.023622047244094
E00156249,177,50,23,27,127,99,28,28.24858757062147,12.994350282485875,15.254237288135593,71.75141242937853,55.932203389830505,15.819209039548024
E00156250,116,47,21,26,69,42,27,40.51724137931034,18.103448275862068,22.413793103448278,59.48275862068966,36.206896551724135,23.275862068965516
E00156251,157,58,29,29,99,75,24,36.94267515923567,18.471337579617835,18.471337579617835,63.05732484076433,47.77070063694268,15.286624203821656
E00156252,128,41,17,24,87,68,19,32.03125,13.28125,18.75,67.96875,53.125,14.84375
E00156253,175,47,21,26,128,107,21,26.857142857142858,12,14.857142857142858,73.14285714285714,61.142857142857146,12
E00156254,124,38,19,19,86,66,20,30.64516129032258,15.32258064516129,15.32258064516129,69.35483870967742,53.2258064516129,16.129032258064516
E00156255,94,37,16,21,57,38,19,39.361702127659576,17.02127659574468,22.340425531914892,60.63829787234043,40.42553191489361,20.212765957446805
E00156256,136,36,21,15,100,78,22,26.47058823529412,15.441176470588236,11.029411764705882,73.52941176470588,57.35294117647059,16.176470588235293
E00156257,142,45,22,23,97,76,21,31.690140845070424,15.492957746478872,16.19718309859155,68.30985915492957,53.52112676056338,14.788732394366196
E00156258,116,28,7,21,88,81,7,24.137931034482758,6.0344827586206895,18.103448275862068,75.86206896551724,69.82758620689656,6.0344827586206895
E00156259,111,34,7,27,77,69,8,30.630630630630627,6.306306306306306,24.324324324324326,69.36936936936937,62.16216216216216,7.207207207207207
E00156260,173,62,24,38,111,83,28,35.83815028901734,13.872832369942195,21.965317919075144,64.16184971098265,47.97687861271676,16.184971098265898
E00156261,198,70,29,41,128,104,24,35.35353535353536,14.646464646464647,20.707070707070706,64.64646464646465,52.52525252525253,12.121212121212121
E00156262,127,34,11,23,93,79,14,26.77165354330709,8.661417322834646,18.11023622047244,73.22834645669292,62.20472440944882,11.023622047244094
E00156263,125,39,13,26,86,72,14,31.2,10.4,20.8,68.8,57.599999999999994,11.200000000000001
E00156264,150,40,18,22,110,83,27,26.666666666666668,12,14.666666666666666,73.33333333333333,55.333333333333336,18
E00156265,152,46,20,26,106,83,23,30.263157894736842,13.157894736842104,17.105263157894736,69.73684210526315,54.60526315789473,15.131578947368421
E00156266,182,54,18,36,128,96,32,29.67032967032967,9.89010989010989,19.78021978021978,70.32967032967034,52.74725274725275,17.582417582417584
E00156267,125,35,11,24,90,74,16,28.000000000000004,8.799999999999999,19.2,72,59.199999999999996,12.8
E00156268,148,43,16,27,105,81,24,29.054054054054053,10.81081081081081,18.243243243243242,70.94594594594594,54.729729729729726,16.216216216216218
E00156269,164,56,24,32,108,88,20,34.146341463414636,14.634146341463413,19.51219512195122,65.85365853658537,53.65853658536586,12.195121951219512
E00156270,157,43,17,26,114,96,18,27.388535031847134,10.828025477707007,16.560509554140125,72.61146496815286,61.146496815286625,11.464968152866243
E00156271,121,36,10,26,85,69,16,29.75206611570248,8.264462809917356,21.487603305785125,70.24793388429752,57.02479338842975,13.223140495867769
E00156272,126,36,12,24,90,73,17,28.57142857142857,9.523809523809524,19.047619047619047,71.42857142857143,57.936507936507944,13.492063492063492
E00156273,110,29,7,22,81,61,20,26.36363636363636,6.363636363636363,20,73.63636363636363,55.45454545454545,18.181818181818183
E00156274,114,38,14,24,76,61,15,33.33333333333333,12.280701754385964,21.052631578947366,66.66666666666666,53.50877192982456,13.157894736842104
E00156275,97,25,6,19,72,60,12,25.773195876288657,6.185567010309279,19.587628865979383,74.22680412371135,61.855670103092784,12.371134020618557
E00156276,160,46,11,35,114,98,16,28.749999999999996,6.875000000000001,21.875,71.25,61.25000000000001,10
E00156277,195,72,32,40,123,92,31,36.92307692307693,16.41025641025641,20.51282051282051,63.07692307692307,47.179487179487175,15.897435897435896
E00156278,157,50,16,34,107,89,18,31.84713375796178,10.191082802547772,21.656050955414013,68.15286624203821,56.68789808917197,11.464968152866243
E00156279,166,51,23,28,115,88,27,30.72289156626506,13.855421686746988,16.867469879518072,69.27710843373494,53.01204819277109,16.265060240963855
E00156280,138,47,20,27,91,74,17,34.05797101449276,14.492753623188406,19.565217391304348,65.94202898550725,53.62318840579711,12.318840579710146
E00156281,160,49,19,30,111,82,29,30.625000000000004,11.875,18.75,69.375,51.24999999999999,18.125
E00156282,148,37,10,27,111,93,18,25,6.756756756756757,18.243243243243242,75,62.83783783783784,12.162162162162163
E00170383,149,37,11,26,112,99,13,24.832214765100673,7.38255033557047,17.449664429530202,75.16778523489933,66.44295302013423,8.724832214765101
E00170384,180,30,12,18,150,127,23,16.666666666666664,6.666666666666667,10,83.33333333333334,70.55555555555556,12.777777777777777
E00170385,129,19,8,11,110,98,12,14.728682170542637,6.2015503875969,8.527131782945736,85.27131782945736,75.96899224806202,9.30232558139535
E00170386,142,17,2,15,125,110,15,11.971830985915492,1.4084507042253522,10.56338028169014,88.02816901408451,77.46478873239437,10.56338028169014
E00170387,196,35,14,21,161,137,24,17.857142857142858,7.142857142857142,10.714285714285714,82.14285714285714,69.89795918367348,12.244897959183673
E00170388,262,63,16,47,199,161,38,24.045801526717558,6.106870229007633,17.938931297709924,75.95419847328245,61.45038167938931,14.50381679389313
E00170389,142,36,10,26,106,89,17,25.352112676056336,7.042253521126761,18.30985915492958,74.64788732394366,62.676056338028175,11.971830985915492
E00170390,171,23,5,18,148,129,19,13.450292397660817,2.923976608187134,10.526315789473683,86.54970760233918,75.43859649122807,11.11111111111111
E00170391,160,35,9,26,125,111,14,21.875,5.625,16.25,78.125,69.375,8.75
E00170392,158,28,13,15,130,99,31,17.72151898734177,8.227848101265822,9.49367088607595,82.27848101265823,62.65822784810127,19.62025316455696
E00170393,199,43,20,23,156,126,30,21.608040201005025,10.050251256281408,11.557788944723619,78.39195979899498,63.31658291457286,15.07537688442211
E00170394,168,45,17,28,123,100,23,26.785714285714285,10.119047619047619,16.666666666666664,73.21428571428571,59.523809523809526,13.690476190476192
E00170396,148,39,11,28,109,99,10,26.351351351351347,7.4324324324324325,18.91891891891892,73.64864864864865,66.8918918918919,6.756756756756757
E00170397,140,43,15,28,97,88,9,30.714285714285715,10.714285714285714,20,69.28571428571428,62.857142857142854,6.428571428571428
E00170398,134,28,11,17,106,83,23,20.8955223880597,8.208955223880597,12.686567164179104,79.1044776119403,61.940298507462686,17.16417910447761
E00170399,175,48,17,31,127,106,21,27.42857142857143,9.714285714285714,17.71428571428571,72.57142857142857,60.57142857142858,12
E00170400,138,38,8,30,100,81,19,27.536231884057973,5.797101449275362,21.73913043478261,72.46376811594203,58.69565217391305,13.768115942028986
E00170402,183,57,29,28,126,94,32,31.147540983606557,15.846994535519126,15.300546448087433,68.85245901639344,51.36612021857923,17.48633879781421
E00170403,227,92,38,54,135,103,32,40.52863436123348,16.740088105726873,23.788546255506606,59.471365638766514,45.37444933920705,14.096916299559473
E00170404,208,56,19,37,152,131,21,26.923076923076923,9.134615384615383,17.78846153846154,73.07692307692307,62.980769230769226,10.096153846153847
E00170405,257,76,25,51,181,155,26,29.571984435797667,9.72762645914397,19.844357976653697,70.42801556420234,60.311284046692606,10.116731517509727
E00170406,162,36,12,24,126,107,19,22.22222222222222,7.4074074074074066,14.814814814814813,77.77777777777779,66.0493827160494,11.728395061728394
E00170407,221,47,19,28,174,146,28,21.266968325791854,8.597285067873303,12.669683257918551,78.73303167420815,66.06334841628959,12.669683257918551
E00170408,186,35,14,21,151,135,16,18.817204301075268,7.526881720430108,11.29032258064516,81.18279569892472,72.58064516129032,8.60215053763441
E00170409,249,56,18,38,193,169,24,22.48995983935743,7.228915662650602,15.261044176706829,77.51004016064257,67.8714859437751,9.63855421686747
E00170410,115,36,19,17,79,56,23,31.30434782608696,16.52173913043478,14.782608695652174,68.69565217391305,48.69565217391305,20
E00170411,189,32,15,17,157,137,20,16.93121693121693,7.936507936507936,8.994708994708994,83.06878306878306,72.4867724867725,10.582010582010582
E00190475,197,31,14,17,166,148,18,15.736040609137056,7.1065989847715745,8.629441624365482,84.26395939086294,75.1269035532995,9.137055837563452
E00190476,197,33,10,23,164,137,27,16.751269035532996,5.0761421319796955,11.6751269035533,83.24873096446701,69.54314720812182,13.705583756345177
E00190477,141,33,10,23,108,92,16,23.404255319148938,7.092198581560284,16.312056737588655,76.59574468085107,65.24822695035462,11.347517730496454
E00190478,162,44,17,27,118,92,26,27.160493827160494,10.493827160493826,16.666666666666664,72.8395061728395,56.79012345679012,16.049382716049383
E00190480,187,62,27,35,125,96,29,33.155080213903744,14.43850267379679,18.71657754010695,66.84491978609626,51.33689839572193,15.508021390374333
E00190483,185,42,16,26,143,117,26,22.702702702702705,8.64864864864865,14.054054054054054,77.29729729729729,63.24324324324324,14.054054054054054
E00190484,128,46,18,28,82,68,14,35.9375,14.0625,21.875,64.0625,53.125,10.9375
E00190487,196,25,10,15,171,152,19,12.755102040816327,5.1020408163265305,7.653061224489796,87.24489795918367,77.55102040816327,9.693877551020408
E00190488,139,37,20,17,102,82,20,26.618705035971225,14.388489208633093,12.23021582733813,73.38129496402878,58.992805755395686,14.388489208633093
E00190489,184,32,9,23,152,134,18,17.391304347826086,4.891304347826087,12.5,82.6086956521739,72.82608695652173,9.782608695652174
E00190491,243,62,19,43,181,143,38,25.514403292181072,7.818930041152264,17.695473251028808,74.48559670781893,58.8477366255144,15.637860082304528
E00190492,31,13,6,7,18,13,5,41.935483870967744,19.35483870967742,22.58064516129032,58.06451612903226,41.935483870967744,16.129032258064516
E00190494,205,42,8,34,163,135,28,20.48780487804878,3.902439024390244,16.585365853658537,79.51219512195122,65.85365853658537,13.658536585365855
E00190496,190,45,15,30,145,126,19,23.684210526315788,7.894736842105263,15.789473684210526,76.31578947368422,66.3157894736842,10
E00190497,209,38,13,25,171,141,30,18.181818181818183,6.220095693779904,11.961722488038278,81.81818181818183,67.46411483253588,14.354066985645932
E00190504,166,31,12,19,135,123,12,18.67469879518072,7.228915662650602,11.44578313253012,81.32530120481928,74.09638554216868,7.228915662650602
E00190505,176,29,8,21,147,124,23,16.477272727272727,4.545454545454546,11.931818181818182,83.52272727272727,70.45454545454545,13.068181818181818
E00190507,110,25,14,11,85,72,13,22.727272727272727,12.727272727272727,10,77.27272727272727,65.45454545454545,11.818181818181818
E00190508,191,37,15,22,154,132,22,19.3717277486911,7.853403141361256,11.518324607329843,80.6282722513089,69.10994764397905,11.518324607329843
E00190510,103,33,17,16,70,53,17,32.038834951456316,16.50485436893204,15.53398058252427,67.96116504854369,51.45631067961165,16.50485436893204
E00190511,179,44,20,24,135,114,21,24.581005586592177,11.1731843575419,13.40782122905028,75.41899441340783,63.687150837988824,11.731843575418994
E00190514,37,7,2,5,30,25,5,18.91891891891892,5.405405405405405,13.513513513513514,81.08108108108108,67.56756756756756,13.513513513513514
E00190516,198,53,25,28,145,133,12,26.767676767676768,12.626262626262626,14.14141414141414,73.23232323232324,67.17171717171718,6.0606060606060606
E00190517,118,18,10,8,100,56,44,15.254237288135593,8.47457627118644,6.779661016949152,84.7457627118644,47.45762711864407,37.28813559322034
E00190518,159,38,11,27,121,108,13,23.89937106918239,6.918238993710692,16.9811320754717,76.10062893081762,67.9245283018868,8.176100628930817
E00190519,199,53,17,36,146,127,19,26.633165829145728,8.542713567839195,18.090452261306535,73.36683417085426,63.81909547738693,9.547738693467336
E00190520,204,43,8,35,161,133,28,21.07843137254902,3.9215686274509802,17.15686274509804,78.92156862745098,65.19607843137256,13.725490196078432
E00190522,208,34,6,28,174,152,22,16.346153846153847,2.8846153846153846,13.461538461538462,83.65384615384616,73.07692307692307,10.576923076923077
E00190523,177,51,16,35,126,105,21,28.8135593220339,9.03954802259887,19.774011299435028,71.1864406779661,59.32203389830508,11.864406779661017
E00190524,211,45,9,36,166,129,37,21.32701421800948,4.265402843601896,17.061611374407583,78.67298578199052,61.137440758293835,17.535545023696685
