OA,ts0380001,ts0380002,ts0380003,ts0380004,ts0380005,ts0380006,ts0380007,ts0380002_PCT,ts0380003_PCT,ts0380004_PCT,ts0380005_PCT,ts0380006_PCT,ts0380007_PCT
E00061461,282,51,20,31,231,28,203,18.085106382978726,7.092198581560284,10.99290780141844,81.91489361702128,9.929078014184398,71.98581560283688
E00061462,317,52,28,24,265,14,251,16.40378548895899,8.832807570977918,7.570977917981073,83.59621451104101,4.416403785488959,79.17981072555204
E00061463,285,46,21,25,239,24,215,16.140350877192983,7.368421052631578,8.771929824561402,83.85964912280703,8.421052631578947,75.43859649122807
E00061464,322,48,21,27,274,33,241,14.906832298136646,6.521739130434782,8.385093167701864,85.09316770186336,10.248447204968944,74.84472049689441
E00061465,339,68,27,41,271,24,247,20.058997050147493,7.964601769911504,12.094395280235988,79.9410029498525,7.079646017699115,72.86135693215338
E00061466,261,58,31,27,203,12,191,22.22222222222222,11.877394636015326,10.344827586206897,77.77777777777779,4.597701149425287,73.18007662835248
E00061467,265,59,27,32,206,23,183,22.264150943396228,10.18867924528302,12.075471698113208,77.73584905660378,8.679245283018867,69.0566037735849
E00061468,293,47,23,24,246,16,230,16.040955631399317,7.849829351535837,8.19112627986348,83.95904436860067,5.460750853242321,78.49829351535837
E00061469,290,65,28,37,225,25,200,22.413793103448278,9.655172413793103,12.758620689655173,77.58620689655173,8.620689655172415,68.96551724137932
E00061470,238,56,29,27,182,21,161,23.52941176470588,12.184873949579831,11.344537815126051,76.47058823529412,8.823529411764707,67.64705882352942
E00061471,278,59,24,35,219,23,196,21.223021582733814,8.633093525179856,12.589928057553957,78.77697841726618,8.273381294964029,70.50359712230215
E00061472,305,45,18,27,260,21,239,14.754098360655737,5.901639344262295,8.852459016393443,85.24590163934425,6.885245901639345,78.36065573770492
E00061473,252,32,7,25,220,24,196,12.698412698412698,2.7777777777777777,9.920634920634921,87.3015873015873,9.523809523809524,77.77777777777779
E00061474,284,48,13,35,236,32,204,16.901408450704224,4.577464788732395,12.323943661971832,83.09859154929578,11.267605633802818,71.83098591549296
E00061475,207,77,28,49,130,15,115,37.19806763285024,13.526570048309178,23.67149758454106,62.80193236714976,7.246376811594203,55.55555555555556
E00061476,311,28,14,14,283,34,249,9.003215434083602,4.501607717041801,4.501607717041801,90.9967845659164,10.932475884244374,80.06430868167203
E00061477,282,54,25,29,228,28,200,19.148936170212767,8.865248226950355,10.28368794326241,80.85106382978722,9.929078014184398,70.92198581560284
E00061478,291,67,31,36,224,17,207,23.02405498281787,10.652920962199312,12.371134020618557,76.97594501718214,5.841924398625429,71.1340206185567
E00061479,247,45,16,29,202,16,186,18.218623481781375,6.477732793522267,11.740890688259109,81.78137651821862,6.477732793522267,75.30364372469636
E00061480,358,94,51,43,264,23,241,26.256983240223462,14.24581005586592,12.011173184357542,73.74301675977654,6.424581005586592,67.31843575418995
E00061481,130,38,18,20,92,8,84,29.230769230769234,13.846153846153847,15.384615384615385,70.76923076923077,6.153846153846154,64.61538461538461
E00061482,245,69,40,29,176,12,164,28.163265306122447,16.3265306122449,11.83673469387755,71.83673469387755,4.8979591836734695,66.93877551020408
E00061483,283,52,24,28,231,15,216,18.374558303886925,8.480565371024735,9.89399293286219,81.62544169611307,5.30035335689046,76.32508833922262
E00061484,248,51,21,30,197,21,176,20.56451612903226,8.46774193548387,12.096774193548388,79.43548387096774,8.46774193548387,70.96774193548387
E00061485,362,78,40,38,284,18,266,21.54696132596685,11.049723756906078,10.497237569060774,78.45303867403315,4.972375690607735,73.48066298342542
E00061486,246,44,21,23,202,23,179,17.88617886178862,8.536585365853659,9.34959349593496,82.11382113821138,9.34959349593496,72.76422764227642
E00061487,330,98,46,52,232,13,219,29.6969696969697,13.939393939393941,15.757575757575756,70.3030303030303,3.939393939393939,66.36363636363637
E00061488,344,80,35,45,264,16,248,23.25581395348837,10.174418604651162,13.08139534883721,76.74418604651163,4.651162790697675,72.09302325581395
E00061489,303,67,25,42,236,19,217,22.112211221122113,8.25082508250825,13.861386138613863,77.88778877887789,6.270627062706271,71.61716171617162
E00061490,267,54,27,27,213,27,186,20.224719101123593,10.112359550561797,10.112359550561797,79.7752808988764,10.112359550561797,69.66292134831461
E00061491,322,94,42,52,228,9,219,29.19254658385093,13.043478260869565,16.149068322981368,70.80745341614907,2.7950310559006213,68.01242236024845
E00061492,269,55,22,33,214,15,199,20.44609665427509,8.178438661710038,12.267657992565056,79.5539033457249,5.5762081784386615,73.97769516728626
E00061493,321,77,34,43,244,14,230,23.98753894080997,10.59190031152648,13.395638629283487,76.01246105919003,4.361370716510903,71.65109034267913
E00061494,319,86,50,36,233,11,222,26.959247648902824,15.673981191222571,11.285266457680251,73.04075235109718,3.4482758620689653,69.59247648902821
E00061495,231,66,42,24,165,24,141,28.57142857142857,18.181818181818183,10.38961038961039,71.42857142857143,10.38961038961039,61.038961038961034
E00061496,282,79,32,47,203,17,186,28.01418439716312,11.347517730496454,16.666666666666664,71.98581560283688,6.028368794326241,65.95744680851064
E00061497,274,69,31,38,205,13,192,25.18248175182482,11.313868613138686,13.86861313868613,74.81751824817519,4.744525547445255,70.07299270072993
E00061498,287,60,25,35,227,25,202,20.905923344947734,8.710801393728223,12.195121951219512,79.09407665505228,8.710801393728223,70.38327526132404
E00061499,368,141,76,65,227,28,199,38.315217391304344,20.652173913043477,17.66304347826087,61.684782608695656,7.608695652173914,54.07608695652174
E00061500,289,60,27,33,229,22,207,20.761245674740483,9.342560553633218,11.418685121107266,79.23875432525952,7.612456747404845,71.62629757785467
E00061501,188,43,16,27,145,25,120,22.872340425531913,8.51063829787234,14.361702127659576,77.12765957446808,13.297872340425531,63.829787234042556
E00061502,291,72,36,36,219,23,196,24.742268041237114,12.371134020618557,12.371134020618557,75.25773195876289,7.903780068728522,67.35395189003437
E00061503,217,62,24,38,155,23,132,28.57142857142857,11.059907834101383,17.51152073732719,71.42857142857143,10.599078341013826,60.82949308755761
E00061504,306,57,31,26,249,20,229,18.627450980392158,10.130718954248366,8.49673202614379,81.37254901960785,6.535947712418301,74.83660130718954
E00061505,263,51,28,23,212,22,190,19.39163498098859,10.646387832699618,8.745247148288973,80.6083650190114,8.365019011406844,72.24334600760456
E00061506,279,73,33,40,206,15,191,26.16487455197133,11.827956989247312,14.336917562724013,73.83512544802868,5.376344086021505,68.45878136200717
E00061507,366,53,25,28,313,31,282,14.48087431693989,6.830601092896176,7.650273224043716,85.51912568306011,8.469945355191257,77.04918032786885
E00061508,322,78,37,41,244,36,208,24.22360248447205,11.490683229813664,12.732919254658384,75.77639751552795,11.180124223602485,64.59627329192547
E00061509,252,49,24,25,203,27,176,19.444444444444446,9.523809523809524,9.920634920634921,80.55555555555556,10.714285714285714,69.84126984126983
E00061510,257,65,22,43,192,21,171,25.291828793774318,8.560311284046692,16.731517509727624,74.70817120622569,8.171206225680933,66.53696498054474
E00061511,347,72,28,44,275,23,252,20.7492795389049,8.069164265129682,12.680115273775217,79.2507204610951,6.628242074927954,72.62247838616715
E00061512,347,93,46,47,254,27,227,26.801152737752158,13.256484149855908,13.544668587896252,73.19884726224784,7.780979827089338,65.4178674351585
E00061513,332,81,39,42,251,22,229,24.397590361445783,11.74698795180723,12.650602409638553,75.6024096385542,6.626506024096386,68.97590361445783
E00061514,261,69,35,34,192,14,178,26.436781609195403,13.409961685823754,13.026819923371647,73.5632183908046,5.363984674329502,68.19923371647509
E00061515,190,48,21,27,142,16,126,25.263157894736842,11.052631578947368,14.210526315789473,74.73684210526315,8.421052631578947,66.3157894736842
E00061516,203,54,25,29,149,15,134,26.60098522167488,12.31527093596059,14.285714285714285,73.39901477832512,7.389162561576355,66.00985221674877
E00061517,265,61,30,31,204,9,195,23.0188679245283,11.320754716981133,11.69811320754717,76.9811320754717,3.3962264150943398,73.58490566037736
E00061518,330,79,41,38,251,30,221,23.939393939393938,12.424242424242424,11.515151515151516,76.06060606060606,9.090909090909092,66.96969696969697
E00061519,309,77,38,39,232,19,213,24.919093851132686,12.297734627831716,12.62135922330097,75.08090614886731,6.148867313915858,68.93203883495146
E00061520,293,65,25,40,228,18,210,22.18430034129693,8.532423208191126,13.651877133105803,77.81569965870307,6.143344709897611,71.67235494880546
E00061521,296,73,25,48,223,19,204,24.66216216216216,8.445945945945946,16.216216216216218,75.33783783783784,6.418918918918918,68.91891891891892
E00061522,310,61,24,37,249,25,224,19.67741935483871,7.741935483870968,11.935483870967742,80.3225806451613,8.064516129032258,72.25806451612902
E00061523,223,46,15,31,177,13,164,20.62780269058296,6.726457399103139,13.901345291479823,79.37219730941703,5.829596412556054,73.54260089686099
E00061525,296,39,18,21,257,37,220,13.175675675675674,6.081081081081082,7.094594594594595,86.82432432432432,12.5,74.32432432432432
E00061526,265,49,15,34,216,17,199,18.49056603773585,5.660377358490567,12.830188679245284,81.50943396226415,6.415094339622642,75.09433962264151
E00061527,291,60,19,41,231,20,211,20.618556701030926,6.529209621993128,14.0893470790378,79.38144329896907,6.872852233676976,72.5085910652921
E00061528,378,99,54,45,279,28,251,26.190476190476193,14.285714285714285,11.904761904761903,73.80952380952381,7.4074074074074066,66.4021164021164
E00061529,284,36,16,20,248,26,222,12.676056338028168,5.633802816901409,7.042253521126761,87.32394366197182,9.15492957746479,78.16901408450704
E00061530,293,46,11,35,247,16,231,15.699658703071673,3.754266211604096,11.945392491467576,84.30034129692832,5.460750853242321,78.839590443686
E00061531,286,57,29,28,229,25,204,19.93006993006993,10.13986013986014,9.79020979020979,80.06993006993007,8.741258741258742,71.32867132867133
E00061532,400,59,22,37,341,37,304,14.75,5.5,9.25,85.25,9.25,76
E00061533,248,44,12,32,204,20,184,17.741935483870968,4.838709677419355,12.903225806451612,82.25806451612904,8.064516129032258,74.19354838709677
E00061534,287,64,22,42,223,36,187,22.299651567944252,7.665505226480835,14.634146341463413,77.70034843205575,12.543554006968641,65.1567944250871
E00061535,248,61,25,36,187,21,166,24.596774193548388,10.080645161290322,14.516129032258066,75.40322580645162,8.46774193548387,66.93548387096774
E00061536,308,45,18,27,263,29,234,14.61038961038961,5.844155844155844,8.766233766233766,85.3896103896104,9.415584415584416,75.97402597402598
E00061537,369,37,10,27,332,30,302,10.02710027100271,2.710027100271003,7.317073170731707,89.97289972899729,8.130081300813007,81.84281842818429
E00061538,211,38,12,26,173,23,150,18.009478672985782,5.687203791469194,12.322274881516588,81.99052132701422,10.90047393364929,71.09004739336493
E00061539,339,57,20,37,282,31,251,16.8141592920354,5.899705014749262,10.914454277286136,83.1858407079646,9.144542772861357,74.04129793510324
E00061540,365,56,17,39,309,20,289,15.342465753424658,4.657534246575342,10.684931506849315,84.65753424657534,5.47945205479452,79.17808219178082
E00061541,530,56,18,38,474,36,438,10.566037735849058,3.3962264150943398,7.169811320754717,89.43396226415095,6.7924528301886795,82.64150943396227
E00061542,463,54,20,34,409,34,375,11.663066954643629,4.319654427645788,7.343412526997841,88.33693304535637,7.343412526997841,80.99352051835854
E00061543,325,42,12,30,283,27,256,12.923076923076923,3.6923076923076925,9.230769230769232,87.07692307692308,8.307692307692308,78.76923076923077
E00061544,292,39,11,28,253,30,223,13.356164383561644,3.767123287671233,9.58904109589041,86.64383561643835,10.273972602739725,76.36986301369863
E00061545,296,62,25,37,234,21,213,20.945945945945947,8.445945945945946,12.5,79.05405405405406,7.094594594594595,71.95945945945947
E00061546,374,104,55,49,270,16,254,27.807486631016044,14.705882352941178,13.101604278074866,72.19251336898395,4.27807486631016,67.9144385026738
E00061547,258,55,21,34,203,20,183,21.31782945736434,8.13953488372093,13.178294573643413,78.68217054263566,7.751937984496124,70.93023255813954
E00061548,226,42,19,23,184,20,164,18.58407079646018,8.4070796460177,10.176991150442479,81.41592920353983,8.849557522123893,72.56637168141593
E00061549,266,48,12,36,218,20,198,18.045112781954884,4.511278195488721,13.533834586466165,81.95488721804512,7.518796992481203,74.43609022556392
E00061550,243,48,17,31,195,27,168,19.753086419753085,6.995884773662551,12.757201646090536,80.24691358024691,11.11111111111111,69.1358024691358
E00061551,198,61,27,34,137,12,125,30.808080808080806,13.636363636363635,17.17171717171717,69.1919191919192,6.0606060606060606,63.13131313131313
E00061552,280,47,14,33,233,16,217,16.785714285714285,5,11.785714285714285,83.21428571428572,5.714285714285714,77.5
E00061553,294,51,24,27,243,22,221,17.346938775510203,8.16326530612245,9.183673469387756,82.6530612244898,7.482993197278912,75.17006802721087
E00061554,258,51,22,29,207,26,181,19.767441860465116,8.527131782945736,11.24031007751938,80.23255813953489,10.077519379844961,70.15503875968993
E00061555,252,56,25,31,196,8,188,22.22222222222222,9.920634920634921,12.3015873015873,77.77777777777779,3.1746031746031744,74.60317460317461
E00061556,257,56,24,32,201,20,181,21.78988326848249,9.33852140077821,12.45136186770428,78.21011673151752,7.782101167315175,70.42801556420234
E00061557,220,58,32,26,162,19,143,26.36363636363636,14.545454545454545,11.818181818181818,73.63636363636363,8.636363636363637,65
E00061558,161,55,21,34,106,12,94,34.161490683229815,13.043478260869565,21.11801242236025,65.83850931677019,7.453416149068323,58.38509316770186
E00061559,250,69,40,29,181,22,159,27.6,16,11.600000000000001,72.39999999999999,8.799999999999999,63.6
E00061560,260,66,30,36,194,31,163,25.384615384615383,11.538461538461538,13.846153846153847,74.61538461538461,11.923076923076923,62.69230769230769
E00061561,283,93,20,73,190,27,163,32.86219081272085,7.06713780918728,25.795053003533567,67.13780918727915,9.540636042402827,57.59717314487632
E00061562,322,48,20,28,274,21,253,14.906832298136646,6.211180124223603,8.695652173913043,85.09316770186336,6.521739130434782,78.57142857142857
E00061563,221,81,38,43,140,17,123,36.65158371040724,17.194570135746606,19.457013574660635,63.348416289592755,7.6923076923076925,55.65610859728507
E00061564,273,68,35,33,205,18,187,24.90842490842491,12.82051282051282,12.087912087912088,75.0915750915751,6.593406593406594,68.4981684981685
E00061565,284,61,27,34,223,14,209,21.47887323943662,9.507042253521126,11.971830985915492,78.52112676056338,4.929577464788732,73.59154929577466
E00061566,313,60,30,30,253,17,236,19.169329073482427,9.584664536741213,9.584664536741213,80.83067092651757,5.431309904153355,75.39936102236422
E00061568,294,47,26,21,247,29,218,15.98639455782313,8.843537414965986,7.142857142857142,84.01360544217688,9.863945578231291,74.14965986394559
E00061569,320,52,18,34,268,24,244,16.25,5.625,10.625,83.75,7.5,76.25
E00061570,309,52,19,33,257,22,235,16.828478964401295,6.148867313915858,10.679611650485436,83.1715210355987,7.119741100323624,76.05177993527508
E00061571,306,40,12,28,266,22,244,13.071895424836603,3.9215686274509802,9.15032679738562,86.9281045751634,7.18954248366013,79.73856209150327
E00061572,341,63,34,29,278,30,248,18.475073313782993,9.970674486803519,8.504398826979472,81.52492668621701,8.797653958944283,72.72727272727273
E00061573,351,34,16,18,317,20,297,9.686609686609685,4.5584045584045585,5.128205128205128,90.31339031339031,5.698005698005698,84.61538461538461
E00061574,321,51,16,35,270,25,245,15.887850467289718,4.984423676012461,10.903426791277258,84.11214953271028,7.78816199376947,76.32398753894081
E00061575,266,56,28,28,210,19,191,21.052631578947366,10.526315789473683,10.526315789473683,78.94736842105263,7.142857142857142,71.80451127819549
E00061576,381,81,40,41,300,15,285,21.25984251968504,10.498687664041995,10.761154855643044,78.74015748031496,3.937007874015748,74.80314960629921
E00061577,313,54,17,37,259,24,235,17.252396166134183,5.431309904153355,11.821086261980831,82.74760383386581,7.667731629392971,75.07987220447284
E00061578,349,56,23,33,293,34,259,16.045845272206304,6.59025787965616,9.455587392550143,83.95415472779369,9.742120343839542,74.21203438395415
E00061579,235,70,38,32,165,12,153,29.78723404255319,16.170212765957448,13.617021276595745,70.2127659574468,5.106382978723404,65.1063829787234
E00061580,284,28,9,19,256,26,230,9.859154929577464,3.169014084507042,6.690140845070422,90.14084507042254,9.15492957746479,80.98591549295774
E00061581,288,42,17,25,246,22,224,14.583333333333334,5.902777777777778,8.680555555555555,85.41666666666666,7.638888888888889,77.77777777777779
E00061582,562,52,19,33,510,35,475,9.252669039145907,3.3807829181494666,5.871886120996441,90.74733096085409,6.227758007117438,84.51957295373666
E00061583,319,43,23,20,276,23,253,13.479623824451412,7.210031347962382,6.269592476489027,86.52037617554859,7.210031347962382,79.3103448275862
E00061584,302,36,16,20,266,32,234,11.920529801324504,5.298013245033113,6.622516556291391,88.0794701986755,10.596026490066226,77.48344370860927
E00061585,302,53,21,32,249,27,222,17.549668874172188,6.95364238410596,10.596026490066226,82.45033112582782,8.940397350993377,73.50993377483444
E00061586,369,70,23,47,299,35,264,18.97018970189702,6.233062330623306,12.737127371273713,81.02981029810297,9.48509485094851,71.54471544715447
E00061587,324,34,9,25,290,31,259,10.493827160493826,2.7777777777777777,7.716049382716049,89.50617283950618,9.5679012345679,79.93827160493827
E00061588,139,54,24,30,85,13,72,38.84892086330935,17.26618705035971,21.58273381294964,61.15107913669065,9.352517985611511,51.798561151079134
E00061589,242,27,9,18,215,29,186,11.15702479338843,3.71900826446281,7.43801652892562,88.84297520661157,11.983471074380166,76.85950413223141
E00061590,369,61,19,42,308,34,274,16.53116531165312,5.149051490514905,11.38211382113821,83.46883468834689,9.214092140921409,74.25474254742548
E00061591,290,56,20,36,234,24,210,19.310344827586206,6.896551724137931,12.413793103448276,80.6896551724138,8.275862068965518,72.41379310344827
E00061592,215,50,21,29,165,15,150,23.25581395348837,9.767441860465116,13.488372093023257,76.74418604651163,6.976744186046512,69.76744186046511
E00061593,207,62,29,33,145,16,129,29.951690821256037,14.009661835748794,15.942028985507244,70.04830917874396,7.729468599033816,62.31884057971014
E00061594,186,60,31,29,126,21,105,32.25806451612903,16.666666666666664,15.591397849462366,67.74193548387096,11.29032258064516,56.451612903225815
E00061595,238,54,28,26,184,16,168,22.689075630252102,11.76470588235294,10.92436974789916,77.31092436974791,6.722689075630252,70.58823529411765
E00061596,306,60,24,36,246,21,225,19.607843137254903,7.8431372549019605,11.76470588235294,80.3921568627451,6.862745098039216,73.52941176470588
E00061597,288,46,12,34,242,23,219,15.972222222222221,4.166666666666666,11.805555555555555,84.02777777777779,7.986111111111111,76.04166666666666
E00061598,283,44,20,24,239,16,223,15.547703180212014,7.06713780918728,8.480565371024735,84.45229681978799,5.6537102473498235,78.79858657243817
E00061599,320,43,14,29,277,25,252,13.4375,4.375,9.0625,86.5625,7.8125,78.75
E00061600,308,75,33,42,233,23,210,24.350649350649352,10.714285714285714,13.636363636363635,75.64935064935064,7.467532467532467,68.18181818181817
E00061601,355,77,29,48,278,26,252,21.69014084507042,8.169014084507042,13.521126760563378,78.30985915492957,7.323943661971831,70.98591549295776
E00061602,249,84,48,36,165,18,147,33.734939759036145,19.27710843373494,14.457831325301203,66.26506024096386,7.228915662650602,59.036144578313255
E00061603,313,63,28,35,250,19,231,20.12779552715655,8.945686900958465,11.182108626198083,79.87220447284345,6.070287539936102,73.80191693290735
E00061604,303,69,31,38,234,10,224,22.772277227722775,10.231023102310232,12.541254125412541,77.22772277227723,3.3003300330033,73.92739273927393
E00061605,263,49,26,23,214,19,195,18.631178707224336,9.885931558935361,8.745247148288973,81.36882129277566,7.224334600760455,74.1444866920152
E00061606,284,56,26,30,228,17,211,19.718309859154928,9.15492957746479,10.56338028169014,80.28169014084507,5.985915492957746,74.29577464788733
E00061607,360,136,86,50,224,15,209,37.77777777777778,23.88888888888889,13.88888888888889,62.22222222222222,4.166666666666666,58.05555555555556
E00061608,300,80,32,48,220,17,203,26.666666666666668,10.666666666666668,16,73.33333333333333,5.666666666666666,67.66666666666666
E00061609,316,73,35,38,243,14,229,23.10126582278481,11.075949367088606,12.025316455696203,76.89873417721519,4.430379746835443,72.46835443037975
E00061610,300,79,33,46,221,11,210,26.333333333333332,11,15.333333333333332,73.66666666666667,3.6666666666666665,70
E00061611,304,49,24,25,255,27,228,16.11842105263158,7.894736842105263,8.223684210526317,83.88157894736842,8.881578947368421,75
E00061612,307,75,29,46,232,24,208,24.429967426710096,9.446254071661238,14.983713355048861,75.57003257328991,7.81758957654723,67.75244299674267
E00061613,358,52,20,32,306,22,284,14.52513966480447,5.58659217877095,8.938547486033519,85.47486033519553,6.145251396648044,79.3296089385475
E00061614,350,73,41,32,277,28,249,20.857142857142858,11.714285714285715,9.142857142857142,79.14285714285715,8,71.14285714285714
E00061615,359,60,28,32,299,30,269,16.71309192200557,7.7994428969359335,8.913649025069638,83.28690807799443,8.356545961002785,74.93036211699165
E00061616,325,53,23,30,272,20,252,16.307692307692307,7.076923076923077,9.230769230769232,83.6923076923077,6.153846153846154,77.53846153846153
E00061617,117,45,27,18,72,8,64,38.46153846153847,23.076923076923077,15.384615384615385,61.53846153846154,6.837606837606838,54.700854700854705
E00061618,183,56,31,25,127,14,113,30.601092896174865,16.939890710382514,13.661202185792352,69.39890710382514,7.650273224043716,61.74863387978142
E00061619,283,63,29,34,220,22,198,22.261484098939928,10.247349823321555,12.014134275618375,77.73851590106007,7.773851590106007,69.96466431095406
E00061620,199,49,27,22,150,18,132,24.623115577889447,13.5678391959799,11.055276381909549,75.37688442211056,9.045226130653267,66.33165829145729
E00061621,236,56,23,33,180,11,169,23.728813559322035,9.745762711864407,13.983050847457626,76.27118644067797,4.661016949152542,71.61016949152543
E00061622,330,67,41,26,263,17,246,20.303030303030305,12.424242424242424,7.878787878787878,79.6969696969697,5.151515151515151,74.54545454545455
E00061623,308,42,15,27,266,29,237,13.636363636363635,4.870129870129871,8.766233766233766,86.36363636363636,9.415584415584416,76.94805194805194
E00061624,313,67,29,38,246,24,222,21.405750798722046,9.26517571884984,12.140575079872203,78.59424920127796,7.667731629392971,70.92651757188499
E00061625,327,86,48,38,241,18,223,26.299694189602445,14.678899082568808,11.62079510703364,73.70030581039755,5.5045871559633035,68.19571865443424
E00061626,236,38,14,24,198,19,179,16.101694915254235,5.932203389830509,10.16949152542373,83.89830508474576,8.050847457627118,75.84745762711864
E00061627,355,62,19,43,293,31,262,17.464788732394364,5.352112676056338,12.112676056338028,82.53521126760563,8.732394366197182,73.80281690140845
E00061628,374,53,11,42,321,35,286,14.171122994652407,2.941176470588235,11.229946524064172,85.828877005347593,9.358288770053475,76.47058823529412
E00061629,325,82,48,34,243,19,224,25.23076923076923,14.76923076923077,10.461538461538462,74.76923076923076,5.846153846153846,68.92307692307692
E00061630,139,55,29,26,84,16,68,39.568345323741006,20.863309352517987,18.705035971223023,60.431654676258994,11.510791366906476,48.92086330935252
E00061631,269,64,40,24,205,12,193,23.79182156133829,14.869888475836431,8.921933085501859,76.2081784386617,4.4609665427509295,71.74721189591078
E00061633,274,76,37,39,198,10,188,27.73722627737226,13.503649635036496,14.233576642335766,72.26277372262774,3.64963503649635,68.61313868613139
E00061634,296,82,37,45,214,17,197,27.7027027027027,12.5,15.202702702702704,72.2972972972973,5.743243243243244,66.55405405405406
E00061638,467,63,30,33,404,23,381,13.49036402569593,6.423982869379015,7.066381156316917,86.50963597430406,4.925053533190578,81.5845824411135
E00061639,359,102,46,56,257,23,234,28.412256267409468,12.813370473537605,15.598885793871867,71.58774373259052,6.406685236768802,65.18105849582173
E00061640,369,67,38,29,302,25,277,18.157181571815716,10.29810298102981,7.8590785907859075,81.84281842818429,6.775067750677506,75.06775067750678
E00061641,303,78,39,39,225,14,211,25.742574257425744,12.871287128712872,12.871287128712872,74.25742574257426,4.62046204620462,69.63696369636963
E00061642,377,92,46,46,285,25,260,24.40318302387268,12.20159151193634,12.20159151193634,75.59681697612733,6.631299734748011,68.96551724137932
E00061643,344,81,41,40,263,23,240,23.546511627906977,11.918604651162791,11.627906976744185,76.45348837209302,6.686046511627906,69.76744186046511
E00061644,269,50,20,30,219,14,205,18.587360594795538,7.434944237918216,11.152416356877323,81.41263940520446,5.204460966542751,76.2081784386617
E00061645,335,59,18,41,276,24,252,17.611940298507463,5.3731343283582085,12.238805970149254,82.38805970149254,7.164179104477612,75.22388059701493
E00061646,289,56,30,26,233,30,203,19.377162629757784,10.380622837370241,8.996539792387544,80.62283737024222,10.380622837370241,70.24221453287197
E00061647,330,39,18,21,291,30,261,11.818181818181818,5.454545454545454,6.363636363636363,88.18181818181819,9.090909090909092,79.0909090909091
E00061648,339,53,12,41,286,34,252,15.634218289085547,3.5398230088495577,12.094395280235988,84.36578171091446,10.029498525073747,74.33628318584071
E00061649,260,46,20,26,214,22,192,17.692307692307693,7.6923076923076925,10,82.3076923076923,8.461538461538462,73.84615384615385
E00061650,279,54,30,24,225,16,209,19.35483870967742,10.75268817204301,8.60215053763441,80.64516129032258,5.734767025089606,74.91039426523297
E00061651,246,39,18,21,207,20,187,15.853658536585366,7.317073170731707,8.536585365853659,84.14634146341463,8.130081300813007,76.01626016260163
E00061652,320,60,26,34,260,31,229,18.75,8.125,10.625,81.25,9.6875,71.5625
E00061653,259,61,21,40,198,27,171,23.552123552123554,8.108108108108109,15.444015444015443,76.44787644787645,10.424710424710424,66.02316602316603
E00061654,280,62,26,36,218,21,197,22.142857142857142,9.285714285714286,12.857142857142856,77.85714285714286,7.5,70.35714285714286
E00061655,319,36,10,26,283,23,260,11.285266457680251,3.1347962382445136,8.150470219435736,88.71473354231975,7.210031347962382,81.50470219435736
E00061656,262,43,15,28,219,22,197,16.412213740458014,5.7251908396946565,10.687022900763358,83.58778625954199,8.396946564885496,75.19083969465649
E00061657,286,32,10,22,254,22,232,11.188811188811188,3.4965034965034967,7.6923076923076925,88.81118881118881,7.6923076923076925,81.11888111888112
E00061658,259,50,20,30,209,23,186,19.305019305019304,7.722007722007722,11.583011583011583,80.6949806949807,8.880308880308881,71.81467181467181
E00061659,247,43,18,25,204,20,184,17.408906882591094,7.28744939271255,10.121457489878543,82.5910931174089,8.097165991902834,74.49392712550608
E00061660,281,42,15,27,239,28,211,14.94661921708185,5.338078291814947,9.608540925266903,85.05338078291815,9.9644128113879,75.08896797153025
E00061661,267,50,22,28,217,19,198,18.726591760299627,8.239700374531834,10.486891385767791,81.27340823970037,7.116104868913857,74.15730337078652
E00061662,322,54,19,35,268,21,247,16.77018633540373,5.900621118012422,10.869565217391305,83.22981366459628,6.521739130434782,76.70807453416148
E00061663,266,57,23,34,209,19,190,21.428571428571427,8.646616541353383,12.781954887218044,78.57142857142857,7.142857142857142,71.42857142857143
E00061664,278,56,24,32,222,19,203,20.14388489208633,8.633093525179856,11.510791366906476,79.85611510791367,6.83453237410072,73.02158273381295
E00061665,387,56,21,35,331,30,301,14.470284237726098,5.426356589147287,9.043927648578812,85.52971576227391,7.751937984496124,77.77777777777779
E00061666,357,53,22,31,304,26,278,14.84593837535014,6.162464985994398,8.683473389355742,85.15406162464986,7.282913165266107,77.87114845938376
E00061668,291,40,15,25,251,30,221,13.745704467353953,5.154639175257731,8.59106529209622,86.25429553264605,10.309278350515463,75.94501718213058
E00061669,333,46,16,30,287,20,267,13.813813813813812,4.804804804804805,9.00900900900901,86.18618618618619,6.006006006006006,80.18018018018019
E00061670,386,42,12,30,344,28,316,10.880829015544041,3.1088082901554404,7.772020725388601,89.11917098445595,7.253886010362693,81.86528497409327
E00061671,358,42,14,28,316,27,289,11.731843575418994,3.910614525139665,7.82122905027933,88.26815642458101,7.5418994413407825,80.72625698324022
E00061673,402,37,11,26,365,27,338,9.203980099502488,2.736318407960199,6.467661691542288,90.79601990049751,6.7164179104477615,84.07960199004975
E00061674,319,34,11,23,285,27,258,10.658307210031348,3.4482758620689653,7.210031347962382,89.34169278996865,8.463949843260188,80.87774294670847
E00061675,290,51,19,32,239,28,211,17.586206896551722,6.551724137931035,11.03448275862069,82.41379310344827,9.655172413793103,72.75862068965517
E00061676,326,36,17,19,290,32,258,11.042944785276074,5.214723926380368,5.828220858895705,88.95705521472392,9.815950920245399,79.14110429447852
E00061677,454,81,35,46,373,35,338,17.841409691629956,7.709251101321586,10.13215859030837,82.15859030837004,7.709251101321586,74.44933920704845
E00061678,322,43,18,25,279,25,254,13.354037267080745,5.590062111801243,7.763975155279502,86.64596273291926,7.763975155279502,78.88198757763976
E00061679,355,36,19,17,319,26,293,10.140845070422536,5.352112676056338,4.788732394366197,89.85915492957747,7.323943661971831,82.53521126760563
E00061681,298,66,27,39,232,22,210,22.14765100671141,9.060402684563758,13.087248322147651,77.85234899328859,7.38255033557047,70.46979865771812
E00061682,165,57,42,15,108,5,103,34.54545454545455,25.454545454545453,9.090909090909092,65.45454545454545,3.0303030303030303,62.42424242424243
E00061683,471,49,22,27,422,27,395,10.40339702760085,4.670912951167728,5.7324840764331215,89.59660297239915,5.7324840764331215,83.86411889596603
E00061684,373,52,14,38,321,22,299,13.941018766756033,3.753351206434316,10.187667560321715,86.05898123324397,5.898123324396782,80.16085790884718
E00061685,236,34,10,24,202,17,185,14.40677966101695,4.23728813559322,10.16949152542373,85.59322033898306,7.203389830508475,78.38983050847457
E00061686,339,28,7,21,311,29,282,8.259587020648967,2.0648967551622417,6.1946902654867255,91.74041297935102,8.55457227138643,83.1858407079646
E00061687,196,13,3,10,183,11,172,6.63265306122449,1.530612244897959,5.1020408163265305,93.36734693877551,5.612244897959184,87.75510204081633
E00061688,346,36,8,28,310,31,279,10.404624277456648,2.312138728323699,8.092485549132949,89.59537572254335,8.959537572254336,80.63583815028902
E00061689,345,60,19,41,285,30,255,17.391304347826086,5.507246376811594,11.884057971014492,82.6086956521739,8.695652173913043,73.91304347826086
E00061690,340,55,18,37,285,24,261,16.176470588235293,5.294117647058823,10.882352941176471,83.82352941176471,7.0588235294117645,76.76470588235294
E00061691,432,38,13,25,394,30,364,8.796296296296296,3.009259259259259,5.787037037037037,91.20370370370371,6.944444444444445,84.25925925925925
E00061692,366,49,21,28,317,30,287,13.387978142076504,5.737704918032787,7.650273224043716,86.6120218579235,8.19672131147541,78.41530054644808
E00061693,377,47,17,30,330,36,294,12.46684350132626,4.509283819628647,7.957559681697612,87.53315649867373,9.549071618037134,77.9840848806366
E00061694,349,40,14,26,309,21,288,11.461318051575931,4.011461318051576,7.4498567335243555,88.53868194842407,6.017191977077363,82.52148997134671
E00061695,266,34,5,29,232,18,214,12.781954887218044,1.8796992481203008,10.902255639097744,87.21804511278195,6.7669172932330826,80.45112781954887
E00061696,314,46,13,33,268,22,246,14.64968152866242,4.140127388535031,10.509554140127388,85.35031847133759,7.006369426751593,78.343949044586
E00061697,332,30,11,19,302,25,277,9.036144578313253,3.313253012048193,5.72289156626506,90.96385542168674,7.530120481927711,83.43373493975903
E00061698,306,31,12,19,275,21,254,10.130718954248366,3.9215686274509802,6.209150326797386,89.86928104575163,6.862745098039216,83.00653594771242
E00061699,347,37,16,21,310,10,300,10.662824207492795,4.610951008645533,6.051873198847262,89.33717579250721,2.881844380403458,86.45533141210375
E00061700,264,44,10,34,220,20,200,16.666666666666664,3.787878787878788,12.878787878787879,83.33333333333334,7.575757575757576,75.75757575757575
E00061701,177,33,13,20,144,12,132,18.64406779661017,7.344632768361582,11.299435028248588,81.35593220338984,6.779661016949152,74.57627118644068
E00061703,323,56,25,31,267,29,238,17.3374613003096,7.739938080495357,9.597523219814242,82.6625386996904,8.978328173374612,73.68421052631578
E00061704,343,55,18,37,288,27,261,16.034985422740526,5.247813411078718,10.787172011661808,83.96501457725948,7.871720116618077,76.0932944606414
E00061705,328,47,13,34,281,26,255,14.329268292682926,3.9634146341463414,10.365853658536585,85.67073170731707,7.926829268292683,77.7439024390244
E00061706,305,61,20,41,244,16,228,20,6.557377049180328,13.442622950819672,80,5.245901639344262,74.75409836065575
E00061707,328,40,8,32,288,34,254,12.195121951219512,2.4390243902439024,9.75609756097561,87.8048780487805,10.365853658536585,77.4390243902439
E00061708,292,62,22,40,230,33,197,21.232876712328768,7.534246575342466,13.698630136986301,78.76712328767124,11.301369863013697,67.46575342465754
E00061711,340,84,32,52,256,23,233,24.705882352941178,9.411764705882353,15.294117647058824,75.29411764705883,6.764705882352941,68.52941176470588
E00061713,288,43,16,27,245,17,228,14.930555555555555,5.555555555555555,9.375,85.06944444444444,5.902777777777778,79.16666666666666
E00061714,284,44,17,27,240,14,226,15.492957746478872,5.985915492957746,9.507042253521126,84.50704225352112,4.929577464788732,79.5774647887324
E00061715,279,56,22,34,223,20,203,20.07168458781362,7.885304659498208,12.186379928315413,79.92831541218638,7.168458781362006,72.75985663082437
E00061716,298,39,16,23,259,13,246,13.087248322147651,5.369127516778524,7.718120805369128,86.91275167785236,4.3624161073825505,82.5503355704698
E00061717,291,51,20,31,240,26,214,17.525773195876287,6.872852233676976,10.652920962199312,82.4742268041237,8.934707903780069,73.53951890034365
E00061718,263,34,15,19,229,15,214,12.927756653992395,5.7034220532319395,7.224334600760455,87.07224334600761,5.7034220532319395,81.36882129277566
E00061719,246,54,25,29,192,21,171,21.951219512195124,10.16260162601626,11.788617886178862,78.04878048780488,8.536585365853659,69.51219512195121
E00061720,257,78,37,41,179,10,169,30.35019455252918,14.396887159533073,15.953307392996107,69.64980544747081,3.8910505836575875,65.75875486381322
E00061721,556,105,50,55,451,15,436,18.884892086330936,8.992805755395683,9.892086330935252,81.11510791366906,2.697841726618705,78.41726618705036
E00061722,306,75,31,44,231,18,213,24.509803921568626,10.130718954248366,14.37908496732026,75.49019607843137,5.88235294117647,69.6078431372549
E00061723,379,60,24,36,319,22,297,15.8311345646438,6.33245382585752,9.498680738786279,84.1688654353562,5.804749340369393,78.3641160949868
E00061724,429,72,30,42,357,19,338,16.783216783216783,6.993006993006993,9.79020979020979,83.21678321678321,4.428904428904429,78.78787878787878
E00061725,270,66,39,27,204,12,192,24.444444444444443,14.444444444444443,10,75.55555555555556,4.444444444444445,71.11111111111111
E00061726,333,75,26,49,258,12,246,22.52252252252252,7.807807807807808,14.714714714714713,77.47747747747748,3.6036036036036037,73.87387387387388
E00061727,337,66,36,30,271,11,260,19.584569732937684,10.682492581602373,8.902077151335313,80.41543026706232,3.2640949554896146,77.1513353115727
E00061728,524,100,35,65,424,30,394,19.083969465648856,6.679389312977099,12.404580152671755,80.91603053435115,5.7251908396946565,75.19083969465649
E00061729,314,80,40,40,234,19,215,25.477707006369428,12.738853503184714,12.738853503184714,74.52229299363057,6.050955414012739,68.47133757961782
E00061731,299,51,22,29,248,20,228,17.05685618729097,7.357859531772576,9.698996655518394,82.94314381270902,6.688963210702341,76.2541806020067
E00061732,376,73,29,44,303,29,274,19.414893617021274,7.712765957446808,11.702127659574469,80.58510638297872,7.712765957446808,72.87234042553192
E00061733,276,52,16,36,224,15,209,18.84057971014493,5.797101449275362,13.043478260869565,81.15942028985508,5.434782608695652,75.72463768115942
E00061734,331,56,18,38,275,27,248,16.91842900302115,5.438066465256798,11.48036253776435,83.08157099697885,8.157099697885197,74.92447129909365
E00061735,295,58,20,38,237,24,213,19.661016949152543,6.779661016949152,12.88135593220339,80.33898305084746,8.135593220338983,72.20338983050848
E00061736,295,59,25,34,236,26,210,20,8.47457627118644,11.525423728813559,80,8.813559322033898,71.1864406779661
E00061737,201,35,16,19,166,14,152,17.412935323383085,7.960199004975125,9.45273631840796,82.58706467661692,6.965174129353234,75.62189054726367
E00061738,255,51,20,31,204,27,177,20,7.8431372549019605,12.156862745098039,80,10.588235294117647,69.41176470588235
E00061739,275,29,9,20,246,26,220,10.545454545454545,3.272727272727273,7.2727272727272725,89.45454545454545,9.454545454545455,80
E00061740,462,66,21,45,396,33,363,14.285714285714285,4.545454545454546,9.740259740259742,85.71428571428571,7.142857142857142,78.57142857142857
E00061741,123,57,24,33,66,9,57,46.34146341463415,19.51219512195122,26.82926829268293,53.65853658536586,7.317073170731707,46.34146341463415
E00061742,264,39,16,23,225,26,199,14.772727272727273,6.0606060606060606,8.712121212121213,85.22727272727273,9.848484848484848,75.37878787878788
E00061743,296,43,15,28,253,23,230,14.527027027027026,5.0675675675675675,9.45945945945946,85.47297297297297,7.77027027027027,77.7027027027027
E00061744,188,46,24,22,142,14,128,24.46808510638298,12.76595744680851,11.702127659574469,75.53191489361703,7.446808510638298,68.08510638297872
E00061745,233,65,23,42,168,14,154,27.896995708154503,9.871244635193133,18.025751072961373,72.1030042918455,6.008583690987124,66.09442060085837
E00061746,266,68,34,34,198,23,175,25.563909774436087,12.781954887218044,12.781954887218044,74.43609022556392,8.646616541353383,65.78947368421053
E00061747,278,48,17,31,230,22,208,17.26618705035971,6.115107913669065,11.151079136690647,82.73381294964028,7.913669064748201,74.82014388489209
E00061748,235,69,30,39,166,13,153,29.361702127659573,12.76595744680851,16.595744680851062,70.63829787234043,5.531914893617021,65.1063829787234
E00061749,334,83,48,35,251,19,232,24.850299401197603,14.37125748502994,10.479041916167663,75.1497005988024,5.688622754491018,69.46107784431138
E00061750,274,54,29,25,220,27,193,19.708029197080293,10.583941605839415,9.124087591240876,80.2919708029197,9.854014598540147,70.43795620437956
E00061751,281,94,55,39,187,26,161,33.45195729537366,19.572953736654807,13.87900355871886,66.54804270462633,9.252669039145907,57.29537366548043
E00061752,292,67,28,39,225,27,198,22.945205479452056,9.58904109589041,13.356164383561644,77.05479452054794,9.246575342465754,67.8082191780822
E00061753,314,48,14,34,266,37,229,15.286624203821656,4.45859872611465,10.828025477707007,84.71337579617835,11.78343949044586,72.92993630573248
E00061754,330,41,15,26,289,28,261,12.424242424242424,4.545454545454546,7.878787878787878,87.57575757575758,8.484848484848486,79.0909090909091
E00061755,311,86,45,41,225,17,208,27.652733118971064,14.469453376205788,13.183279742765272,72.34726688102894,5.466237942122187,66.88102893890675
E00061756,283,68,26,42,215,14,201,24.02826855123675,9.187279151943462,14.840989399293287,75.97173144876325,4.946996466431095,71.02473498233216
E00061757,277,84,39,45,193,14,179,30.324909747292416,14.079422382671481,16.24548736462094,69.67509025270758,5.054151624548736,64.62093862815884
E00061758,253,51,18,33,202,26,176,20.158102766798418,7.114624505928854,13.043478260869565,79.84189723320159,10.276679841897234,69.56521739130434
E00061759,341,93,50,43,248,18,230,27.27272727272727,14.66275659824047,12.609970674486803,72.72727272727273,5.278592375366569,67.44868035190615
E00061760,220,76,40,36,144,9,135,34.54545454545455,18.181818181818183,16.363636363636363,65.45454545454545,4.090909090909091,61.36363636363637
E00061761,202,71,33,38,131,17,114,35.148514851485146,16.33663366336634,18.81188118811881,64.85148514851485,8.415841584158416,56.43564356435643
E00061762,232,57,26,31,175,16,159,24.568965517241377,11.206896551724139,13.36206896551724,75.43103448275862,6.896551724137931,68.53448275862068
E00061763,292,73,38,35,219,22,197,25,13.013698630136986,11.986301369863012,75,7.534246575342466,67.46575342465754
E00061764,354,86,41,45,268,14,254,24.293785310734464,11.581920903954803,12.711864406779661,75.70621468926554,3.954802259887006,71.75141242937853
E00061765,242,83,49,34,159,9,150,34.29752066115703,20.24793388429752,14.049586776859504,65.70247933884298,3.71900826446281,61.98347107438017
E00061766,263,58,32,26,205,21,184,22.0532319391635,12.167300380228136,9.885931558935361,77.9467680608365,7.984790874524715,69.96197718631178
E00061767,404,107,69,38,297,22,275,26.48514851485149,17.07920792079208,9.405940594059405,73.51485148514851,5.445544554455446,68.06930693069307
E00061768,394,88,47,41,306,21,285,22.33502538071066,11.928934010152284,10.406091370558377,77.66497461928934,5.32994923857868,72.33502538071066
E00061769,244,62,37,25,182,8,174,25.40983606557377,15.163934426229508,10.245901639344263,74.59016393442623,3.278688524590164,71.31147540983606
E00061770,272,79,44,35,193,9,184,29.044117647058826,16.176470588235293,12.867647058823529,70.95588235294117,3.308823529411765,67.64705882352942
E00061771,284,63,34,29,221,13,208,22.183098591549296,11.971830985915492,10.211267605633804,77.8169014084507,4.577464788732395,73.23943661971832
E00061773,282,60,34,26,222,16,206,21.27659574468085,12.056737588652481,9.219858156028367,78.72340425531915,5.673758865248227,73.04964539007092
E00061774,312,80,34,46,232,15,217,25.64102564102564,10.897435897435898,14.743589743589745,74.35897435897436,4.807692307692308,69.55128205128204
E00061775,276,81,40,41,195,12,183,29.347826086956523,14.492753623188406,14.855072463768115,70.65217391304348,4.3478260869565215,66.30434782608695
E00061776,324,108,65,43,216,16,200,33.33333333333333,20.061728395061728,13.271604938271606,66.66666666666666,4.938271604938271,61.72839506172839
E00061777,392,76,41,35,316,40,276,19.387755102040817,10.459183673469388,8.928571428571429,80.61224489795919,10.204081632653061,70.40816326530613
E00061778,333,59,28,31,274,21,253,17.71771771771772,8.408408408408409,9.30930930930931,82.28228228228228,6.306306306306306,75.97597597597597
E00061779,307,83,46,37,224,19,205,27.035830618892508,14.983713355048861,12.052117263843648,72.9641693811075,6.188925081433225,66.77524429967427
E00061780,289,66,35,31,223,17,206,22.837370242214533,12.110726643598616,10.726643598615917,77.16262975778547,5.88235294117647,71.280276816609
E00061781,282,72,33,39,210,21,189,25.53191489361702,11.702127659574469,13.829787234042554,74.46808510638297,7.446808510638298,67.02127659574468
E00061782,391,119,70,49,272,17,255,30.434782608695656,17.902813299232736,12.531969309462914,69.56521739130434,4.3478260869565215,65.21739130434783
E00061783,274,41,21,20,233,18,215,14.963503649635038,7.664233576642336,7.2992700729927,85.03649635036497,6.569343065693431,78.46715328467153
E00061784,282,55,20,35,227,21,206,19.50354609929078,7.092198581560284,12.411347517730496,80.49645390070921,7.446808510638298,73.04964539007092
E00061785,307,72,35,37,235,9,226,23.452768729641694,11.400651465798045,12.052117263843648,76.54723127035831,2.9315960912052117,73.61563517915309
E00061786,244,60,27,33,184,21,163,24.59016393442623,11.065573770491802,13.524590163934427,75.40983606557377,8.60655737704918,66.80327868852459
E00061787,210,43,24,19,167,12,155,20.476190476190474,11.428571428571429,9.047619047619047,79.52380952380952,5.714285714285714,73.80952380952381
E00061788,253,79,41,38,174,10,164,31.225296442687743,16.205533596837945,15.019762845849801,68.77470355731225,3.9525691699604746,64.82213438735178
E00061789,307,88,39,49,219,22,197,28.664495114006517,12.703583061889251,15.960912052117262,71.33550488599349,7.166123778501629,64.16938110749186
E00061790,287,75,39,36,212,12,200,26.132404181184672,13.588850174216027,12.543554006968641,73.86759581881533,4.181184668989547,69.68641114982579
E00061791,210,62,22,40,148,8,140,29.523809523809526,10.476190476190476,19.047619047619047,70.47619047619048,3.8095238095238098,66.66666666666666
E00061792,348,72,33,39,276,15,261,20.689655172413794,9.482758620689655,11.206896551724139,79.3103448275862,4.310344827586207,75
E00061793,265,57,30,27,208,28,180,21.50943396226415,11.320754716981133,10.18867924528302,78.49056603773586,10.566037735849058,67.9245283018868
E00061794,382,72,35,37,310,15,295,18.848167539267017,9.162303664921465,9.68586387434555,81.15183246073299,3.926701570680628,77.22513089005236
E00061795,258,46,18,28,212,16,196,17.829457364341085,6.976744186046512,10.852713178294573,82.17054263565892,6.2015503875969,75.96899224806202
E00061796,241,49,25,24,192,19,173,20.33195020746888,10.37344398340249,9.95850622406639,79.66804979253112,7.883817427385892,71.78423236514523
E00061797,289,64,25,39,225,19,206,22.145328719723185,8.650519031141869,13.494809688581316,77.85467128027682,6.5743944636678195,71.280276816609
E00061798,254,57,26,31,197,20,177,22.440944881889763,10.236220472440944,12.204724409448819,77.55905511811024,7.874015748031496,69.68503937007874
E00061799,273,55,17,38,218,18,200,20.146520146520146,6.227106227106227,13.91941391941392,79.85347985347985,6.593406593406594,73.26007326007326
E00061800,288,45,16,29,243,19,224,15.625,5.555555555555555,10.069444444444445,84.375,6.597222222222222,77.77777777777779
E00061801,277,41,15,26,236,22,214,14.801444043321299,5.415162454873646,9.386281588447654,85.1985559566787,7.9422382671480145,77.25631768953069
E00061802,201,53,28,25,148,14,134,26.368159203980102,13.930348258706468,12.437810945273633,73.6318407960199,6.965174129353234,66.66666666666666
E00061803,216,69,40,29,147,12,135,31.944444444444443,18.51851851851852,13.425925925925927,68.05555555555556,5.555555555555555,62.5
E00061804,327,45,21,24,282,34,248,13.761467889908257,6.422018348623854,7.339449541284404,86.23853211009175,10.397553516819572,75.84097859327217
E00061805,234,61,24,37,173,17,156,26.06837606837607,10.256410256410255,15.81196581196581,73.93162393162393,7.264957264957266,66.66666666666666
E00061806,257,60,28,32,197,21,176,23.346303501945524,10.894941634241246,12.45136186770428,76.65369649805449,8.171206225680933,68.48249027237354
E00061807,298,54,23,31,244,18,226,18.120805369127517,7.718120805369128,10.40268456375839,81.87919463087249,6.0402684563758395,75.83892617449665
E00061808,258,70,33,37,188,23,165,27.131782945736433,12.790697674418606,14.34108527131783,72.86821705426357,8.914728682170542,63.95348837209303
E00061809,239,54,21,33,185,16,169,22.594142259414227,8.786610878661087,13.807531380753138,77.40585774058577,6.694560669456067,70.7112970711297
E00061811,262,52,26,26,210,23,187,19.84732824427481,9.923664122137405,9.923664122137405,80.1526717557252,8.778625954198473,71.37404580152672
E00061812,358,117,60,57,241,24,217,32.68156424581006,16.75977653631285,15.921787709497206,67.31843575418995,6.70391061452514,60.614525139664806
E00061813,257,73,38,35,184,17,167,28.404669260700388,14.785992217898833,13.618677042801556,71.59533073929961,6.614785992217899,64.98054474708171
E00061814,239,43,22,21,196,21,175,17.99163179916318,9.205020920502092,8.786610878661087,82.00836820083683,8.786610878661087,73.22175732217573
E00061815,249,94,65,29,155,13,142,37.75100401606426,26.104417670682732,11.646586345381527,62.24899598393574,5.220883534136546,57.028112449799195
E00061816,255,60,22,38,195,16,179,23.52941176470588,8.627450980392156,14.901960784313726,76.47058823529412,6.2745098039215685,70.19607843137254
E00061817,274,61,25,36,213,11,202,22.26277372262774,9.124087591240876,13.138686131386862,77.73722627737226,4.014598540145985,73.72262773722628
E00061818,259,50,19,31,209,18,191,19.305019305019304,7.335907335907336,11.96911196911197,80.6949806949807,6.94980694980695,73.74517374517374
E00061819,274,70,31,39,204,17,187,25.547445255474454,11.313868613138686,14.233576642335766,74.45255474452554,6.204379562043796,68.24817518248175
E00061820,269,69,27,42,200,22,178,25.650557620817843,10.037174721189592,15.613382899628252,74.34944237918215,8.178438661710038,66.17100371747212
E00061821,277,29,5,24,248,19,229,10.469314079422382,1.8050541516245486,8.664259927797833,89.53068592057761,6.859205776173286,82.67148014440433
E00061822,297,51,23,28,246,22,224,17.17171717171717,7.744107744107744,9.427609427609427,82.82828282828282,7.4074074074074066,75.42087542087542
E00061823,245,67,31,36,178,29,149,27.346938775510203,12.653061224489795,14.69387755102041,72.6530612244898,11.83673469387755,60.816326530612244
E00061824,263,72,32,40,191,22,169,27.376425855513308,12.167300380228136,15.209125475285171,72.6235741444867,8.365019011406844,64.25855513307985
E00061825,351,85,46,39,266,21,245,24.216524216524217,13.105413105413104,11.11111111111111,75.78347578347578,5.982905982905983,69.8005698005698
E00061826,286,55,21,34,231,23,208,19.230769230769234,7.3426573426573425,11.888111888111888,80.76923076923077,8.041958041958042,72.72727272727273
E00061827,301,55,24,31,246,20,226,18.272425249169437,7.973421926910299,10.299003322259136,81.72757475083057,6.64451827242525,75.08305647840533
E00061828,272,42,19,23,230,13,217,15.441176470588236,6.985294117647059,8.455882352941178,84.55882352941177,4.779411764705882,79.77941176470588
E00061829,233,50,26,24,183,16,167,21.45922746781116,11.158798283261802,10.300429184549357,78.54077253218884,6.866952789699571,71.67381974248927
E00061830,180,51,29,22,129,12,117,28.333333333333332,16.11111111111111,12.222222222222221,71.66666666666667,6.666666666666667,65
E00061831,142,32,20,12,110,4,106,22.535211267605636,14.084507042253522,8.450704225352112,77.46478873239437,2.8169014084507045,74.64788732394366
E00061832,379,79,41,38,300,13,287,20.844327176781004,10.817941952506596,10.026385224274406,79.15567282321899,3.430079155672823,75.72559366754618
E00061833,433,104,51,53,329,29,300,24.018475750577366,11.778290993071593,12.240184757505773,75.98152424942263,6.697459584295612,69.28406466512702
E00061834,241,55,17,38,186,19,167,22.821576763485478,7.053941908713693,15.767634854771783,77.17842323651453,7.883817427385892,69.29460580912863
E00061838,264,58,25,33,206,11,195,21.96969696969697,9.469696969696969,12.5,78.03030303030303,4.166666666666666,73.86363636363636
E00061841,198,43,19,24,155,8,147,21.71717171717172,9.595959595959595,12.121212121212121,78.28282828282829,4.040404040404041,74.24242424242425
E00061842,390,86,42,44,304,16,288,22.05128205128205,10.76923076923077,11.282051282051283,77.94871794871796,4.102564102564102,73.84615384615385
E00061843,220,54,24,30,166,13,153,24.545454545454547,10.909090909090908,13.636363636363635,75.45454545454545,5.909090909090909,69.54545454545455
E00061844,588,99,56,43,489,11,478,16.83673469387755,9.523809523809524,7.312925170068027,83.16326530612244,1.870748299319728,81.29251700680273
E00061845,597,105,54,51,492,10,482,17.587939698492463,9.045226130653267,8.542713567839195,82.41206030150754,1.675041876046901,80.73701842546063
E00061846,287,64,37,27,223,11,212,22.299651567944252,12.89198606271777,9.40766550522648,77.70034843205575,3.8327526132404177,73.86759581881533
E00061847,302,57,30,27,245,14,231,18.874172185430464,9.933774834437086,8.940397350993377,81.12582781456953,4.635761589403973,76.49006622516556
E00061848,180,49,27,22,131,11,120,27.22222222222222,15,12.222222222222221,72.77777777777777,6.111111111111111,66.66666666666666
E00061849,332,89,49,40,243,18,225,26.80722891566265,14.759036144578314,12.048192771084338,73.19277108433735,5.421686746987952,67.7710843373494
E00061850,302,61,29,32,241,23,218,20.198675496688743,9.602649006622517,10.596026490066226,79.80132450331125,7.6158940397351,72.18543046357617
E00061851,429,68,29,39,361,22,339,15.85081585081585,6.75990675990676,9.090909090909092,84.14918414918415,5.128205128205128,79.02097902097903
E00061852,336,71,29,42,265,22,243,21.13095238095238,8.630952380952381,12.5,78.86904761904762,6.547619047619048,72.32142857142857
E00061854,280,92,53,39,188,13,175,32.857142857142854,18.928571428571427,13.928571428571429,67.14285714285714,4.642857142857143,62.5
E00061855,301,57,24,33,244,26,218,18.93687707641196,7.973421926910299,10.96345514950166,81.06312292358804,8.637873754152823,72.42524916943522
E00061856,252,98,45,53,154,17,137,38.88888888888889,17.857142857142858,21.03174603174603,61.111111111111114,6.746031746031746,54.36507936507936
E00061858,167,114,82,32,53,2,51,68.26347305389223,49.101796407185624,19.16167664670659,31.736526946107784,1.1976047904191618,30.538922155688624
E00061859,340,118,61,57,222,23,199,34.705882352941174,17.941176470588236,16.76470588235294,65.29411764705883,6.764705882352941,58.529411764705884
E00061860,121,71,40,31,50,8,42,58.67768595041323,33.057851239669425,25.6198347107438,41.32231404958678,6.6115702479338845,34.710743801652896
E00061863,240,64,33,31,176,21,155,26.666666666666668,13.750000000000002,12.916666666666668,73.33333333333333,8.75,64.58333333333334
E00061864,257,75,34,41,182,11,171,29.18287937743191,13.229571984435799,15.953307392996107,70.8171206225681,4.280155642023346,66.53696498054474
E00061865,418,107,59,48,311,13,298,25.598086124401913,14.114832535885165,11.483253588516746,74.4019138755981,3.110047846889952,71.29186602870813
E00061866,352,81,56,25,271,14,257,23.011363636363637,15.909090909090908,7.1022727272727275,76.98863636363636,3.977272727272727,73.01136363636364
E00061867,325,61,19,42,264,23,241,18.76923076923077,5.846153846153846,12.923076923076923,81.23076923076923,7.076923076923077,74.15384615384616
E00061868,289,76,42,34,213,24,189,26.297577854671278,14.53287197231834,11.76470588235294,73.70242214532871,8.304498269896193,65.39792387543253
E00061869,211,52,28,24,159,16,143,24.644549763033176,13.270142180094787,11.374407582938389,75.35545023696683,7.5829383886255926,67.77251184834124
E00061870,302,66,27,39,236,14,222,21.85430463576159,8.940397350993377,12.91390728476821,78.1456953642384,4.635761589403973,73.50993377483444
E00061872,219,20,10,10,199,18,181,9.1324200913242,4.5662100456621,4.5662100456621,90.8675799086758,8.21917808219178,82.64840182648402
E00061873,271,80,45,35,191,22,169,29.520295202952028,16.605166051660518,12.915129151291513,70.47970479704797,8.118081180811808,62.36162361623616
E00061874,432,64,28,36,368,23,345,14.814814814814813,6.481481481481481,8.333333333333332,85.18518518518519,5.324074074074074,79.86111111111111
E00061875,375,57,17,40,318,32,286,15.2,4.533333333333333,10.666666666666668,84.8,8.533333333333333,76.26666666666667
E00061876,429,69,33,36,360,46,314,16.083916083916083,7.6923076923076925,8.391608391608392,83.91608391608392,10.722610722610723,73.1934731934732
E00061877,307,47,18,29,260,31,229,15.309446254071663,5.863192182410423,9.446254071661238,84.69055374592834,10.097719869706841,74.5928338762215
E00061878,347,82,42,40,265,30,235,23.631123919308358,12.103746397694524,11.527377521613833,76.36887608069163,8.645533141210375,67.72334293948127
E00061879,285,37,11,26,248,40,208,12.982456140350877,3.8596491228070176,9.12280701754386,87.01754385964912,14.035087719298245,72.98245614035088
E00061880,303,53,17,36,250,26,224,17.491749174917494,5.6105610561056105,11.881188118811881,82.50825082508251,8.58085808580858,73.92739273927393
E00061881,419,109,54,55,310,25,285,26.014319809069214,12.887828162291171,13.126491646778044,73.9856801909308,5.966587112171838,68.01909307875896
E00061882,313,84,39,45,229,15,214,26.837060702875398,12.460063897763577,14.376996805111823,73.1629392971246,4.792332268370607,68.370607028754
E00061883,313,103,64,39,210,15,195,32.9073482428115,20.447284345047922,12.460063897763577,67.0926517571885,4.792332268370607,62.30031948881789
E00061884,372,100,56,44,272,17,255,26.881720430107524,15.053763440860216,11.827956989247312,73.11827956989248,4.56989247311828,68.54838709677419
E00061885,275,70,40,30,205,20,185,25.454545454545453,14.545454545454545,10.909090909090908,74.54545454545455,7.2727272727272725,67.27272727272727
E00061886,324,50,25,25,274,16,258,15.432098765432098,7.716049382716049,7.716049382716049,84.5679012345679,4.938271604938271,79.62962962962963
E00061887,232,64,29,35,168,9,159,27.586206896551722,12.5,15.086206896551724,72.41379310344827,3.8793103448275863,68.53448275862068
E00061888,286,88,36,52,198,18,180,30.76923076923077,12.587412587412588,18.181818181818183,69.23076923076923,6.293706293706294,62.93706293706294
E00061889,399,95,42,53,304,22,282,23.809523809523807,10.526315789473683,13.283208020050125,76.19047619047619,5.513784461152882,70.67669172932331
E00061890,268,58,28,30,210,22,188,21.641791044776117,10.44776119402985,11.194029850746269,78.35820895522389,8.208955223880597,70.1492537313433
E00061891,237,65,28,37,172,16,156,27.42616033755274,11.814345991561181,15.611814345991561,72.57383966244726,6.751054852320674,65.82278481012658
E00061892,303,56,19,37,247,26,221,18.48184818481848,6.270627062706271,12.211221122112212,81.51815181518151,8.58085808580858,72.93729372937293
E00061893,338,99,52,47,239,15,224,29.289940828402365,15.384615384615385,13.905325443786982,70.71005917159763,4.437869822485207,66.27218934911244
E00061894,279,66,31,35,213,21,192,23.655913978494624,11.11111111111111,12.544802867383511,76.34408602150538,7.526881720430108,68.81720430107528
E00061895,222,64,31,33,158,17,141,28.82882882882883,13.963963963963963,14.864864864864865,71.17117117117117,7.657657657657657,63.51351351351351
E00061896,375,120,55,65,255,23,232,32,14.666666666666666,17.333333333333336,68,6.133333333333333,61.86666666666667
E00061897,328,85,45,40,243,16,227,25.914634146341463,13.719512195121952,12.195121951219512,74.08536585365853,4.878048780487805,69.20731707317073
E00061898,356,80,41,39,276,24,252,22.47191011235955,11.51685393258427,10.955056179775282,77.52808988764045,6.741573033707865,70.78651685393258
E00061899,299,61,36,25,238,17,221,20.401337792642142,12.040133779264215,8.361204013377927,79.59866220735786,5.68561872909699,73.91304347826086
E00061900,328,75,34,41,253,22,231,22.865853658536587,10.365853658536585,12.5,77.13414634146342,6.707317073170732,70.42682926829268
E00061901,294,82,37,45,212,14,198,27.89115646258503,12.585034013605442,15.306122448979592,72.10884353741497,4.761904761904762,67.3469387755102
E00061902,283,70,39,31,213,22,191,24.73498233215548,13.780918727915195,10.954063604240282,75.26501766784452,7.773851590106007,67.49116607773851
E00061903,273,56,25,31,217,22,195,20.51282051282051,9.157509157509157,11.355311355311356,79.48717948717949,8.058608058608058,71.42857142857143
E00061904,328,84,43,41,244,21,223,25.609756097560975,13.109756097560975,12.5,74.39024390243902,6.402439024390244,67.98780487804879
E00061906,242,81,34,47,161,23,138,33.47107438016529,14.049586776859504,19.421487603305785,66.52892561983471,9.50413223140496,57.02479338842975
E00061907,314,68,24,44,246,21,225,21.656050955414013,7.643312101910828,14.012738853503185,78.343949044586,6.687898089171974,71.656050955414
E00061908,253,60,14,46,193,22,171,23.715415019762844,5.533596837944664,18.181818181818183,76.28458498023716,8.695652173913043,67.58893280632411
E00061909,157,78,45,33,79,3,76,49.681528662420384,28.662420382165603,21.019108280254777,50.318471337579616,1.910828025477707,48.40764331210191
E00061910,307,46,17,29,261,17,244,14.983713355048861,5.537459283387622,9.446254071661238,85.01628664495115,5.537459283387622,79.47882736156352
E00061911,146,68,40,28,78,6,72,46.57534246575342,27.397260273972602,19.17808219178082,53.42465753424658,4.10958904109589,49.31506849315068
E00061912,190,95,48,47,95,10,85,50,25.263157894736842,24.736842105263158,50,5.263157894736842,44.73684210526316
E00061913,254,59,21,38,195,14,181,23.228346456692915,8.267716535433072,14.960629921259844,76.77165354330708,5.511811023622047,71.25984251968504
E00061914,284,58,29,29,226,16,210,20.422535211267608,10.211267605633804,10.211267605633804,79.5774647887324,5.633802816901409,73.94366197183099
E00061915,310,53,17,36,257,21,236,17.096774193548388,5.483870967741936,11.612903225806452,82.9032258064516,6.774193548387098,76.12903225806451
E00061916,292,45,23,22,247,27,220,15.41095890410959,7.876712328767123,7.534246575342466,84.58904109589042,9.246575342465754,75.34246575342466
E00061917,288,66,21,45,222,25,197,22.916666666666664,7.291666666666667,15.625,77.08333333333334,8.680555555555555,68.40277777777779
E00061918,296,54,28,26,242,18,224,18.243243243243242,9.45945945945946,8.783783783783784,81.75675675675676,6.081081081081082,75.67567567567568
E00061919,261,60,28,32,201,21,180,22.988505747126435,10.727969348659004,12.260536398467432,77.01149425287356,8.045977011494253,68.96551724137932
E00061920,437,104,70,34,333,40,293,23.79862700228833,16.018306636155607,7.780320366132723,76.20137299771167,9.153318077803203,67.04805491990847
E00061921,257,43,21,22,214,25,189,16.731517509727624,8.171206225680933,8.560311284046692,83.26848249027238,9.72762645914397,73.54085603112841
E00061922,207,64,33,31,143,16,127,30.917874396135264,15.942028985507244,14.975845410628018,69.08212560386472,7.729468599033816,61.35265700483091
E00061923,308,86,61,25,222,16,206,27.92207792207792,19.805194805194805,8.116883116883116,72.07792207792207,5.194805194805195,66.88311688311688
E00061924,220,57,25,32,163,15,148,25.90909090909091,11.363636363636363,14.545454545454545,74.0909090909091,6.8181818181818175,67.27272727272727
E00061925,264,81,42,39,183,11,172,30.681818181818183,15.909090909090908,14.772727272727273,69.31818181818183,4.166666666666666,65.15151515151516
E00061926,373,82,36,46,291,14,277,21.983914209115284,9.651474530831099,12.332439678284182,78.01608579088472,3.753351206434316,74.26273458445041
E00061927,304,80,38,42,224,20,204,26.31578947368421,12.5,13.815789473684212,73.68421052631578,6.578947368421052,67.10526315789474
E00061928,310,62,25,37,248,25,223,20,8.064516129032258,11.935483870967742,80,8.064516129032258,71.93548387096774
E00061929,203,52,22,30,151,9,142,25.615763546798032,10.83743842364532,14.77832512315271,74.38423645320196,4.433497536945813,69.95073891625616
E00061930,300,48,16,32,252,22,230,16,5.333333333333334,10.666666666666668,84,7.333333333333333,76.66666666666667
E00061931,340,54,21,33,286,22,264,15.88235294117647,6.176470588235294,9.705882352941178,84.11764705882354,6.470588235294119,77.64705882352942
E00061932,336,140,76,64,196,13,183,41.66666666666667,22.61904761904762,19.047619047619047,58.333333333333336,3.869047619047619,54.46428571428571
E00061933,338,60,22,38,278,23,255,17.75147928994083,6.508875739644971,11.242603550295858,82.24852071005917,6.8047337278106506,75.44378698224851
E00061934,286,70,35,35,216,16,200,24.475524475524477,12.237762237762238,12.237762237762238,75.52447552447552,5.594405594405594,69.93006993006993
E00061936,291,78,38,40,213,17,196,26.804123711340207,13.058419243986256,13.745704467353953,73.19587628865979,5.841924398625429,67.35395189003437
E00061937,292,76,31,45,216,17,199,26.027397260273972,10.616438356164384,15.41095890410959,73.97260273972603,5.821917808219178,68.15068493150685
E00061938,297,64,31,33,233,21,212,21.548821548821547,10.437710437710438,11.11111111111111,78.45117845117845,7.07070707070707,71.38047138047138
E00061939,215,58,33,25,157,13,144,26.976744186046513,15.348837209302326,11.627906976744185,73.0232558139535,6.046511627906977,66.97674418604652
E00061941,172,42,14,28,130,8,122,24.418604651162788,8.13953488372093,16.27906976744186,75.5813953488372,4.651162790697675,70.93023255813954
E00061942,376,198,115,83,178,16,162,52.659574468085104,30.585106382978722,22.074468085106382,47.340425531914896,4.25531914893617,43.08510638297872
E00061943,264,65,29,36,199,23,176,24.62121212121212,10.984848484848484,13.636363636363635,75.37878787878788,8.712121212121213,66.66666666666666
E00061944,316,49,21,28,267,30,237,15.50632911392405,6.6455696202531636,8.860759493670885,84.49367088607595,9.49367088607595,75
E00061945,261,104,64,40,157,16,141,39.84674329501915,24.521072796934863,15.32567049808429,60.15325670498084,6.130268199233716,54.02298850574713
E00061946,339,74,32,42,265,19,246,21.828908554572273,9.43952802359882,12.389380530973451,78.17109144542773,5.604719764011799,72.56637168141593
E00061947,243,33,19,14,210,17,193,13.580246913580247,7.818930041152264,5.761316872427984,86.41975308641975,6.995884773662551,79.42386831275721
E00061948,330,57,33,24,273,29,244,17.272727272727273,10,7.2727272727272725,82.72727272727273,8.787878787878787,73.93939393939394
E00061949,142,49,35,14,93,8,85,34.50704225352113,24.647887323943664,9.859154929577464,65.49295774647888,5.633802816901409,59.859154929577464
E00061950,380,98,55,43,282,23,259,25.789473684210527,14.473684210526317,11.31578947368421,74.21052631578947,6.052631578947368,68.15789473684211
E00061951,240,67,31,36,173,11,162,27.916666666666668,12.916666666666668,15,72.08333333333333,4.583333333333333,67.5
E00061952,204,64,38,26,140,16,124,31.372549019607842,18.627450980392158,12.745098039215685,68.62745098039215,7.8431372549019605,60.78431372549019
E00061953,273,59,23,36,214,22,192,21.611721611721613,8.424908424908425,13.186813186813188,78.3882783882784,8.058608058608058,70.32967032967034
E00061954,243,52,26,26,191,16,175,21.39917695473251,10.699588477366255,10.699588477366255,78.60082304526749,6.584362139917696,72.0164609053498
E00061955,189,69,36,33,120,9,111,36.507936507936506,19.047619047619047,17.46031746031746,63.49206349206349,4.761904761904762,58.730158730158735
E00061956,206,52,23,29,154,11,143,25.24271844660194,11.165048543689322,14.077669902912621,74.75728155339806,5.339805825242718,69.41747572815534
E00061957,213,70,36,34,143,13,130,32.863849765258216,16.901408450704224,15.96244131455399,67.13615023474179,6.103286384976526,61.03286384976526
E00061958,218,57,30,27,161,18,143,26.146788990825687,13.761467889908257,12.385321100917432,73.85321100917432,8.256880733944955,65.59633027522935
E00061959,126,22,11,11,104,14,90,17.46031746031746,8.73015873015873,8.73015873015873,82.53968253968253,11.11111111111111,71.42857142857143
E00061960,224,67,30,37,157,16,141,29.910714285714285,13.392857142857142,16.517857142857142,70.08928571428571,7.142857142857142,62.94642857142857
E00061961,306,61,26,35,245,14,231,19.934640522875817,8.49673202614379,11.437908496732026,80.06535947712419,4.57516339869281,75.49019607843137
E00061962,323,70,28,42,253,24,229,21.671826625387,8.6687306501548,13.003095975232199,78.328173374613,7.430340557275541,70.89783281733746
E00061964,334,116,72,44,218,16,202,34.73053892215569,21.55688622754491,13.17365269461078,65.26946107784431,4.790419161676647,60.47904191616767
E00061965,185,71,48,23,114,10,104,38.37837837837838,25.945945945945947,12.432432432432433,61.62162162162163,5.405405405405405,56.21621621621622
E00061966,282,63,25,38,219,11,208,22.340425531914892,8.865248226950355,13.47517730496454,77.6595744680851,3.900709219858156,73.75886524822694
E00061967,245,56,26,30,189,16,173,22.857142857142858,10.612244897959183,12.244897959183673,77.14285714285715,6.530612244897959,70.61224489795919
E00061968,287,70,37,33,217,11,206,24.390243902439025,12.89198606271777,11.498257839721255,75.60975609756098,3.8327526132404177,71.77700348432056
E00061969,242,101,54,47,141,11,130,41.735537190082646,22.31404958677686,19.421487603305785,58.26446280991735,4.545454545454546,53.71900826446281
E00061971,221,65,35,30,156,8,148,29.411764705882355,15.837104072398189,13.574660633484163,70.58823529411765,3.619909502262444,66.9683257918552
E00061972,386,79,28,51,307,32,275,20.466321243523318,7.253886010362693,13.21243523316062,79.53367875647669,8.290155440414509,71.24352331606218
E00061975,270,63,29,34,207,18,189,23.333333333333332,10.74074074074074,12.592592592592592,76.66666666666667,6.666666666666667,70
E00061977,292,56,30,26,236,24,212,19.17808219178082,10.273972602739725,8.904109589041095,80.82191780821918,8.21917808219178,72.6027397260274
E00061978,446,105,47,58,341,32,309,23.54260089686099,10.538116591928251,13.004484304932735,76.45739910313901,7.174887892376682,69.28251121076234
E00061979,239,46,15,31,193,15,178,19.246861924686193,6.2761506276150625,12.97071129707113,80.75313807531381,6.2761506276150625,74.47698744769873
E00061980,262,52,19,33,210,17,193,19.84732824427481,7.251908396946565,12.595419847328243,80.1526717557252,6.488549618320611,73.66412213740458
E00061981,329,48,18,30,281,21,260,14.58966565349544,5.47112462006079,9.118541033434651,85.41033434650456,6.382978723404255,79.0273556231003
E00061982,345,80,32,48,265,21,244,23.18840579710145,9.27536231884058,13.91304347826087,76.81159420289855,6.086956521739131,70.72463768115942
E00061983,287,65,27,38,222,16,206,22.64808362369338,9.40766550522648,13.240418118466899,77.35191637630662,5.574912891986063,71.77700348432056
E00061985,337,92,47,45,245,17,228,27.299703264094955,13.94658753709199,13.353115727002967,72.70029673590504,5.044510385756676,67.65578635014838
E00061987,592,138,75,63,454,32,422,23.31081081081081,12.66891891891892,10.641891891891891,76.6891891891892,5.405405405405405,71.28378378378379
E00061988,294,65,26,39,229,24,205,22.108843537414966,8.843537414965986,13.26530612244898,77.89115646258503,8.16326530612245,69.72789115646259
E00061989,538,80,32,48,458,44,414,14.869888475836431,5.947955390334572,8.921933085501859,85.13011152416357,8.178438661710038,76.95167286245353
E00061990,332,45,23,22,287,28,259,13.55421686746988,6.927710843373494,6.626506024096386,86.44578313253012,8.433734939759036,78.01204819277109
E00061991,366,60,22,38,306,38,268,16.39344262295082,6.0109289617486334,10.382513661202186,83.60655737704919,10.382513661202186,73.224043715847
E00061992,286,44,18,26,242,28,214,15.384615384615385,6.293706293706294,9.090909090909092,84.61538461538461,9.79020979020979,74.82517482517483
E00061993,185,32,14,18,153,12,141,17.2972972972973,7.567567567567568,9.72972972972973,82.70270270270271,6.486486486486487,76.21621621621621
E00061995,267,28,16,12,239,18,221,10.486891385767791,5.992509363295881,4.49438202247191,89.51310861423221,6.741573033707865,82.77153558052434
E00061997,291,53,19,34,238,23,215,18.213058419243985,6.529209621993128,11.683848797250858,81.78694158075601,7.903780068728522,73.8831615120275
E00061999,276,45,11,34,231,21,210,16.304347826086957,3.985507246376811,12.318840579710146,83.69565217391305,7.608695652173914,76.08695652173914
E00062000,324,43,18,25,281,23,258,13.271604938271606,5.555555555555555,7.716049382716049,86.72839506172839,7.098765432098765,79.62962962962963
E00062001,387,84,42,42,303,17,286,21.705426356589147,10.852713178294573,10.852713178294573,78.29457364341084,4.3927648578811365,73.90180878552972
E00062002,423,79,35,44,344,29,315,18.67612293144208,8.274231678486997,10.401891252955082,81.32387706855792,6.8557919621749415,74.46808510638297
E00062003,273,75,36,39,198,8,190,27.472527472527474,13.186813186813188,14.285714285714285,72.52747252747253,2.93040293040293,69.59706959706959
E00062004,324,45,13,32,279,27,252,13.88888888888889,4.012345679012346,9.876543209876543,86.11111111111111,8.333333333333332,77.77777777777779
E00062006,225,35,18,17,190,15,175,15.555555555555555,8,7.555555555555555,84.44444444444444,6.666666666666667,77.77777777777779
E00062007,423,57,19,38,366,31,335,13.47517730496454,4.491725768321513,8.983451536643026,86.52482269503547,7.328605200945626,79.19621749408984
E00062008,270,45,14,31,225,27,198,16.666666666666664,5.185185185185185,11.481481481481481,83.33333333333334,10,73.33333333333333
E00062009,252,53,20,33,199,20,179,21.03174603174603,7.936507936507936,13.095238095238097,78.96825396825396,7.936507936507936,71.03174603174604
E00062010,256,54,27,27,202,25,177,21.09375,10.546875,10.546875,78.90625,9.765625,69.140625
E00062011,291,54,16,38,237,19,218,18.556701030927837,5.498281786941581,13.058419243986256,81.44329896907216,6.529209621993128,74.91408934707904
E00062012,291,38,12,26,253,33,220,13.058419243986256,4.123711340206185,8.934707903780069,86.94158075601375,11.34020618556701,75.60137457044674
E00062013,334,34,8,26,300,29,271,10.179640718562874,2.3952095808383236,7.784431137724551,89.82035928143712,8.682634730538922,81.1377245508982
E00062014,177,68,38,30,109,13,96,38.4180790960452,21.468926553672315,16.94915254237288,61.5819209039548,7.344632768361582,54.23728813559322
E00062015,288,32,8,24,256,20,236,11.11111111111111,2.7777777777777777,8.333333333333332,88.88888888888889,6.944444444444445,81.94444444444444
E00062016,293,51,16,35,242,17,225,17.4061433447099,5.460750853242321,11.945392491467576,82.5938566552901,5.802047781569966,76.79180887372013
E00062017,331,50,19,31,281,21,260,15.105740181268882,5.740181268882175,9.365558912386707,84.89425981873111,6.3444108761329305,78.54984894259819
E00062018,326,42,12,30,284,30,254,12.883435582822086,3.6809815950920246,9.202453987730062,87.11656441717791,9.202453987730062,77.91411042944786
E00062019,348,45,17,28,303,30,273,12.931034482758621,4.885057471264368,8.045977011494253,87.06896551724138,8.620689655172415,78.44827586206897
E00062020,358,46,12,34,312,34,278,12.849162011173185,3.35195530726257,9.497206703910614,87.15083798882681,9.497206703910614,77.6536312849162
E00062021,250,84,41,43,166,19,147,33.6,16.400000000000002,17.2,66.4,7.6,58.8
E00062022,273,59,22,37,214,34,180,21.611721611721613,8.058608058608058,13.553113553113553,78.3882783882784,12.454212454212454,65.93406593406593
E00062023,300,48,17,31,252,28,224,16,5.666666666666666,10.333333333333334,84,9.333333333333334,74.66666666666667
E00062024,207,67,35,32,140,25,115,32.367149758454104,16.908212560386474,15.458937198067632,67.6328502415459,12.077294685990339,55.55555555555556
E00062025,279,41,13,28,238,15,223,14.695340501792115,4.659498207885305,10.03584229390681,85.30465949820788,5.376344086021505,79.92831541218638
E00062026,235,31,8,23,204,14,190,13.191489361702127,3.404255319148936,9.787234042553191,86.80851063829788,5.957446808510639,80.85106382978722
E00062027,234,43,13,30,191,25,166,18.37606837606838,5.555555555555555,12.82051282051282,81.62393162393163,10.683760683760683,70.94017094017094
E00062028,336,37,12,25,299,28,271,11.011904761904761,3.571428571428571,7.440476190476191,88.98809523809523,8.333333333333332,80.65476190476191
E00062029,377,79,47,32,298,26,272,20.954907161803714,12.46684350132626,8.488063660477453,79.04509283819628,6.896551724137931,72.14854111405835
E00062030,232,35,15,20,197,18,179,15.086206896551724,6.4655172413793105,8.620689655172415,84.91379310344827,7.758620689655173,77.15517241379311
E00062031,223,53,28,25,170,14,156,23.766816143497756,12.556053811659194,11.210762331838566,76.23318385650224,6.278026905829597,69.95515695067265
E00062032,294,63,22,41,231,17,214,21.428571428571427,7.482993197278912,13.945578231292515,78.57142857142857,5.782312925170068,72.78911564625851
E00062033,325,41,16,25,284,32,252,12.615384615384615,4.923076923076923,7.6923076923076925,87.38461538461539,9.846153846153847,77.53846153846153
E00062034,220,55,26,29,165,26,139,25,11.818181818181818,13.18181818181818,75,11.818181818181818,63.18181818181819
E00062035,245,66,42,24,179,19,160,26.93877551020408,17.142857142857142,9.795918367346939,73.06122448979592,7.755102040816326,65.3061224489796
E00062037,276,28,8,20,248,21,227,10.144927536231885,2.898550724637681,7.246376811594203,89.85507246376811,7.608695652173914,82.2463768115942
E00062038,283,47,18,29,236,17,219,16.607773851590103,6.36042402826855,10.247349823321555,83.3922261484099,6.007067137809187,77.3851590106007
E00062039,234,42,9,33,192,16,176,17.94871794871795,3.8461538461538463,14.102564102564102,82.05128205128204,6.837606837606838,75.21367521367522
E00062040,248,46,22,24,202,19,183,18.548387096774192,8.870967741935484,9.67741935483871,81.45161290322581,7.661290322580645,73.79032258064517
E00062041,293,49,21,28,244,23,221,16.723549488054605,7.167235494880546,9.556313993174061,83.27645051194538,7.849829351535837,75.42662116040955
E00062042,286,45,15,30,241,28,213,15.734265734265735,5.244755244755245,10.48951048951049,84.26573426573427,9.79020979020979,74.47552447552448
E00165747,170,44,21,23,126,16,110,25.882352941176475,12.352941176470589,13.529411764705882,74.11764705882354,9.411764705882353,64.70588235294117
E00165748,431,95,48,47,336,30,306,22.041763341067284,11.1368909512761,10.904872389791183,77.9582366589327,6.960556844547564,70.99767981438515
E00165749,142,50,19,31,92,7,85,35.2112676056338,13.380281690140844,21.830985915492956,64.7887323943662,4.929577464788732,59.859154929577464
E00165750,187,46,24,22,141,12,129,24.598930481283425,12.834224598930483,11.76470588235294,75.40106951871658,6.417112299465241,68.98395721925134
E00165751,272,93,56,37,179,12,167,34.19117647058824,20.588235294117645,13.602941176470587,65.80882352941177,4.411764705882353,61.39705882352941
E00165752,184,38,18,20,146,12,134,20.652173913043477,9.782608695652174,10.869565217391305,79.34782608695652,6.521739130434782,72.82608695652173
E00165764,504,122,59,63,382,38,344,24.206349206349206,11.706349206349206,12.5,75.79365079365078,7.5396825396825395,68.25396825396825
E00165765,350,75,39,36,275,17,258,21.428571428571427,11.142857142857142,10.285714285714285,78.57142857142857,4.857142857142857,73.71428571428571
E00174136,397,71,33,38,326,25,301,17.884130982367758,8.312342569269521,9.571788413098236,82.11586901763224,6.297229219143577,75.81863979848866
E00174137,598,74,28,46,524,43,481,12.37458193979933,4.682274247491638,7.6923076923076925,87.62541806020067,7.190635451505016,80.43478260869566
E00174139,342,17,4,13,325,24,301,4.970760233918129,1.1695906432748537,3.8011695906432745,95.02923976608187,7.017543859649122,88.01169590643275
E00174140,340,42,11,31,298,28,270,12.352941176470589,3.2352941176470593,9.117647058823529,87.6470588235294,8.235294117647058,79.41176470588235
E00174141,318,40,11,29,278,26,252,12.578616352201259,3.459119496855346,9.119496855345911,87.42138364779875,8.176100628930817,79.24528301886792
E00174142,334,45,15,30,289,23,266,13.47305389221557,4.491017964071856,8.982035928143713,86.52694610778443,6.88622754491018,79.64071856287424
E00174143,176,54,28,26,122,2,120,30.681818181818183,15.909090909090908,14.772727272727273,69.31818181818183,1.1363636363636365,68.18181818181817
E00174144,210,46,20,26,164,12,152,21.904761904761905,9.523809523809524,12.380952380952381,78.0952380952381,5.714285714285714,72.38095238095238
E00174145,419,49,10,39,370,36,334,11.694510739856803,2.386634844868735,9.307875894988067,88.3054892601432,8.591885441527445,79.71360381861575
E00174147,299,22,5,17,277,27,250,7.357859531772576,1.6722408026755853,5.68561872909699,92.64214046822742,9.03010033444816,83.61204013377926
E00174148,261,36,19,17,225,12,213,13.793103448275861,7.2796934865900385,6.513409961685824,86.20689655172413,4.597701149425287,81.60919540229885
E00174149,302,36,19,17,266,30,236,11.920529801324504,6.291390728476822,5.629139072847682,88.0794701986755,9.933774834437086,78.1456953642384
E00174150,378,80,45,35,298,11,287,21.164021164021165,11.904761904761903,9.25925925925926,78.83597883597884,2.91005291005291,75.92592592592592
E00174152,516,69,24,45,447,35,412,13.372093023255813,4.651162790697675,8.720930232558139,86.62790697674419,6.782945736434108,79.84496124031007
E00174153,384,67,24,43,317,27,290,17.447916666666664,6.25,11.197916666666668,82.55208333333334,7.03125,75.52083333333334
E00174155,332,45,18,27,287,15,272,13.55421686746988,5.421686746987952,8.132530120481928,86.44578313253012,4.518072289156627,81.92771084337349
E00174156,292,34,15,19,258,20,238,11.643835616438356,5.136986301369863,6.506849315068493,88.35616438356165,6.8493150684931505,81.5068493150685
E00174157,186,58,31,27,128,9,119,31.182795698924732,16.666666666666664,14.516129032258066,68.81720430107528,4.838709677419355,63.97849462365591
E00174158,299,44,14,30,255,17,238,14.715719063545151,4.682274247491638,10.033444816053512,85.28428093645485,5.68561872909699,79.59866220735786
E00174159,308,41,14,27,267,28,239,13.311688311688311,4.545454545454546,8.766233766233766,86.68831168831169,9.090909090909092,77.59740259740259
E00174160,276,39,13,26,237,24,213,14.130434782608695,4.710144927536232,9.420289855072465,85.86956521739131,8.695652173913043,77.17391304347827
E00174162,358,41,15,26,317,24,293,11.452513966480447,4.189944134078212,7.262569832402235,88.54748603351955,6.70391061452514,81.84357541899442
E00174163,303,44,22,22,259,22,237,14.521452145214523,7.2607260726072615,7.2607260726072615,85.47854785478548,7.2607260726072615,78.21782178217822
E00174164,364,67,32,35,297,32,265,18.40659340659341,8.791208791208792,9.615384615384617,81.5934065934066,8.791208791208792,72.8021978021978
E00174165,1186,535,248,287,651,99,552,45.10961214165262,20.9106239460371,24.198988195615513,54.89038785834739,8.347386172006747,46.54300168634064
E00174166,139,61,37,24,78,6,72,43.884892086330936,26.618705035971225,17.26618705035971,56.11510791366906,4.316546762589928,51.798561151079134
E00174168,453,45,11,34,408,36,372,9.933774834437086,2.4282560706401766,7.505518763796909,90.06622516556291,7.9470198675496695,82.11920529801324
E00174169,369,33,17,16,336,25,311,8.94308943089431,4.607046070460704,4.336043360433604,91.05691056910568,6.775067750677506,84.28184281842819
E00174170,257,19,9,10,238,19,219,7.392996108949417,3.501945525291829,3.8910505836575875,92.60700389105058,7.392996108949417,85.21400778210116
E00174172,415,52,17,35,363,25,338,12.530120481927712,4.096385542168675,8.433734939759036,87.46987951807229,6.024096385542169,81.44578313253012
E00174174,475,70,20,50,405,40,365,14.736842105263156,4.2105263157894735,10.526315789473683,85.26315789473684,8.421052631578947,76.84210526315789
E00174175,402,33,8,25,369,17,352,8.208955223880597,1.9900497512437811,6.218905472636816,91.7910447761194,4.228855721393035,87.56218905472637
E00174176,422,23,11,12,399,20,379,5.450236966824645,2.6066350710900474,2.843601895734597,94.54976303317537,4.739336492890995,89.81042654028435
E00174177,385,24,7,17,361,32,329,6.233766233766234,1.8181818181818181,4.415584415584416,93.76623376623377,8.311688311688311,85.45454545454545
E00174178,368,29,12,17,339,29,310,7.880434782608696,3.260869565217391,4.619565217391304,92.11956521739131,7.880434782608696,84.23913043478261
E00174179,290,43,19,24,247,18,229,14.827586206896552,6.551724137931035,8.275862068965518,85.17241379310346,6.206896551724138,78.96551724137932
E00174180,364,36,9,27,328,21,307,9.89010989010989,2.4725274725274726,7.417582417582418,90.10989010989012,5.769230769230769,84.34065934065934
E00174181,346,31,12,19,315,22,293,8.959537572254336,3.4682080924855487,5.491329479768786,91.04046242774567,6.358381502890173,84.6820809248555
E00174182,354,31,11,20,323,30,293,8.757062146892656,3.1073446327683616,5.649717514124294,91.24293785310734,8.47457627118644,82.7683615819209
E00174183,354,45,10,35,309,22,287,12.711864406779661,2.824858757062147,9.887005649717514,87.28813559322035,6.214689265536723,81.07344632768361
E00174186,302,26,7,19,276,28,248,8.609271523178808,2.3178807947019866,6.291390728476822,91.3907284768212,9.271523178807946,82.11920529801324
E00174187,242,18,4,14,224,19,205,7.43801652892562,1.6528925619834711,5.785123966942149,92.56198347107438,7.851239669421488,84.71074380165288
E00174188,292,28,12,16,264,18,246,9.58904109589041,4.10958904109589,5.47945205479452,90.41095890410958,6.164383561643835,84.24657534246576
E00174189,342,29,12,17,313,34,279,8.47953216374269,3.508771929824561,4.970760233918129,91.52046783625731,9.941520467836257,81.57894736842105
E00174190,306,30,8,22,276,20,256,9.803921568627452,2.6143790849673203,7.18954248366013,90.19607843137256,6.535947712418301,83.66013071895425
E00188171,320,178,115,63,142,16,126,55.625,35.9375,19.6875,44.375,5,39.375
E00188180,470,94,66,28,376,26,350,20,14.042553191489363,5.957446808510639,80,5.531914893617021,74.46808510638297
E00188183,295,24,14,10,271,26,245,8.135593220338983,4.745762711864407,3.389830508474576,91.86440677966101,8.813559322033898,83.05084745762711
E00188185,382,43,14,29,339,23,316,11.2565445026178,3.664921465968586,7.591623036649215,88.7434554973822,6.020942408376963,82.72251308900523
E00188187,430,26,9,17,404,18,386,6.046511627906977,2.0930232558139537,3.953488372093023,93.95348837209302,4.186046511627907,89.76744186046511
E00188189,276,31,16,15,245,23,222,11.231884057971014,5.797101449275362,5.434782608695652,88.76811594202898,8.333333333333332,80.43478260869566
E00188191,215,44,15,29,171,19,152,20.46511627906977,6.976744186046512,13.488372093023257,79.53488372093022,8.837209302325581,70.69767441860465
E00188197,311,41,14,27,270,22,248,13.183279742765272,4.501607717041801,8.681672025723474,86.81672025723472,7.07395498392283,79.7427652733119
E00188198,242,30,16,14,212,21,191,12.396694214876034,6.6115702479338845,5.785123966942149,87.60330578512396,8.677685950413224,78.92561983471074
E00188201,331,30,8,22,301,23,278,9.06344410876133,2.416918429003021,6.646525679758309,90.93655589123867,6.948640483383686,83.98791540785498
E00188202,271,32,17,15,239,21,218,11.808118081180812,6.273062730627306,5.535055350553505,88.19188191881919,7.7490774907749085,80.44280442804428
E00188204,323,57,27,30,266,22,244,17.647058823529413,8.359133126934983,9.287925696594428,82.35294117647058,6.811145510835913,75.54179566563467
E00188205,240,38,20,18,202,22,180,15.833333333333332,8.333333333333332,7.5,84.16666666666667,9.166666666666666,75
E00188206,315,41,15,26,274,12,262,13.015873015873018,4.761904761904762,8.253968253968253,86.98412698412699,3.8095238095238098,83.17460317460318
E00188210,187,70,33,37,117,10,107,37.4331550802139,17.647058823529413,19.786096256684495,62.56684491978609,5.347593582887701,57.21925133689839
E00188212,343,19,6,13,324,24,300,5.539358600583091,1.749271137026239,3.7900874635568513,94.46064139941691,6.997084548104956,87.46355685131195
E00188214,346,42,15,27,304,26,278,12.138728323699421,4.335260115606936,7.803468208092486,87.861271676300575,7.514450867052023,80.34682080924856
E00188219,148,36,12,24,112,17,95,24.324324324324326,8.108108108108109,16.216216216216218,75.67567567567568,11.486486486486488,64.1891891891892
E00188222,412,113,53,60,299,33,266,27.427184466019416,12.864077669902912,14.563106796116504,72.57281553398059,8.009708737864079,64.56310679611651
E00188223,255,25,5,20,230,22,208,9.803921568627452,1.9607843137254901,7.8431372549019605,90.19607843137256,8.627450980392156,81.56862745098039
E00188229,314,64,31,33,250,20,230,20.382165605095544,9.872611464968154,10.509554140127388,79.61783439490446,6.369426751592357,73.24840764331209
E00188230,241,87,60,27,154,7,147,36.099585062240664,24.896265560165975,11.20331950207469,63.90041493775933,2.904564315352697,60.99585062240664
E00188231,375,25,7,18,350,25,325,6.666666666666667,1.866666666666667,4.8,93.33333333333333,6.666666666666667,86.66666666666667
E00188232,277,19,3,16,258,15,243,6.859205776173286,1.083032490974729,5.776173285198556,93.14079422382672,5.415162454873646,87.72563176895306
E00188233,290,20,6,14,270,21,249,6.896551724137931,2.0689655172413794,4.827586206896552,93.10344827586206,7.241379310344828,85.86206896551725
E00188236,397,39,20,19,358,21,337,9.82367758186398,5.037783375314862,4.785894206549118,90.17632241813602,5.289672544080604,84.88664987405542
E00188238,299,122,70,52,177,11,166,40.802675585284284,23.411371237458194,17.391304347826086,59.19732441471572,3.678929765886288,55.51839464882943
E00188247,342,31,16,15,311,21,290,9.064327485380117,4.678362573099415,4.385964912280701,90.93567251461988,6.140350877192982,84.7953216374269
E00188248,376,26,6,20,350,28,322,6.914893617021277,1.5957446808510638,5.319148936170213,93.08510638297872,7.446808510638298,85.63829787234043
E00188252,119,51,33,18,68,6,62,42.857142857142854,27.73109243697479,15.126050420168067,57.14285714285714,5.042016806722689,52.10084033613446
E00188255,358,21,8,13,337,24,313,5.865921787709497,2.2346368715083798,3.6312849162011176,94.1340782122905,6.70391061452514,87.43016759776536
E00188256,321,43,7,36,278,26,252,13.395638629283487,2.1806853582554515,11.214953271028037,86.6043613707165,8.09968847352025,78.50467289719626
E00188257,310,46,13,33,264,35,229,14.838709677419354,4.193548387096775,10.64516129032258,85.16129032258064,11.29032258064516,73.87096774193549
E00188259,384,28,7,21,356,36,320,7.291666666666667,1.8229166666666667,5.46875,92.70833333333334,9.375,83.33333333333334
E00188261,363,33,5,28,330,19,311,9.090909090909092,1.3774104683195594,7.7134986225895315,90.9090909090909,5.234159779614325,85.67493112947659
E00188262,303,21,6,15,282,14,268,6.9306930693069315,1.9801980198019802,4.9504950495049505,93.06930693069307,4.62046204620462,88.44884488448845
E00188264,460,44,11,33,416,29,387,9.565217391304348,2.391304347826087,7.173913043478261,90.43478260869566,6.304347826086956,84.1304347826087
E00188267,237,37,11,26,200,14,186,15.611814345991561,4.641350210970464,10.970464135021098,84.38818565400844,5.9071729957805905,78.48101265822784
E00188272,446,36,13,23,410,19,391,8.071748878923767,2.914798206278027,5.15695067264574,91.92825112107623,4.260089686098654,87.66816143497758
E00188273,358,66,32,34,292,20,272,18.435754189944134,8.938547486033519,9.497206703910614,81.56424581005587,5.58659217877095,75.97765363128491
E00188276,283,28,16,12,255,20,235,9.89399293286219,5.6537102473498235,4.240282685512367,90.10600706713781,7.06713780918728,83.03886925795054
E00188279,340,54,23,31,286,20,266,15.88235294117647,6.764705882352941,9.117647058823529,84.11764705882354,5.88235294117647,78.23529411764706
E00188285,320,23,7,16,297,24,273,7.187499999999999,2.1875,5,92.8125,7.5,85.3125
E00188287,450,27,5,22,423,32,391,6,1.1111111111111112,4.888888888888889,94,7.111111111111111,86.8888888888889
E00188291,359,54,26,28,305,21,284,15.041782729805014,7.242339832869081,7.7994428969359335,84.958217270195,5.8495821727019495,79.10863509749304
E00188294,306,52,20,32,254,16,238,16.99346405228758,6.535947712418301,10.457516339869281,83.00653594771242,5.228758169934641,77.77777777777779
E00188295,337,34,12,22,303,27,276,10.089020771513352,3.5608308605341246,6.528189910979229,89.91097922848664,8.011869436201781,81.89910979228486
E00188296,401,74,34,40,327,31,296,18.453865336658353,8.478802992518704,9.975062344139651,81.54613466334165,7.73067331670823,73.81546134663341
E00188303,217,62,35,27,155,9,146,28.57142857142857,16.129032258064516,12.442396313364055,71.42857142857143,4.147465437788019,67.2811059907834
E00188306,234,28,11,17,206,25,181,11.965811965811966,4.700854700854701,7.264957264957266,88.03418803418803,10.683760683760683,77.35042735042735
E00188311,341,24,4,20,317,24,293,7.038123167155426,1.1730205278592376,5.865102639296188,92.96187683284457,7.038123167155426,85.92375366568915
E00188313,236,36,9,27,200,14,186,15.254237288135593,3.8135593220338984,11.440677966101696,84.7457627118644,5.932203389830509,78.8135593220339
E00188314,258,36,14,22,222,19,203,13.953488372093023,5.426356589147287,8.527131782945736,86.04651162790698,7.3643410852713185,78.68217054263566
E00188320,188,16,3,13,172,21,151,8.51063829787234,1.5957446808510638,6.914893617021277,91.48936170212765,11.170212765957446,80.31914893617021
E00188323,329,32,10,22,297,21,276,9.72644376899696,3.0395136778115504,6.68693009118541,90.27355623100304,6.382978723404255,83.89057750759878
E00188325,345,49,25,24,296,24,272,14.202898550724639,7.246376811594203,6.956521739130435,85.79710144927536,6.956521739130435,78.84057971014494
E00188326,316,31,9,22,285,14,271,9.81012658227848,2.848101265822785,6.962025316455696,90.18987341772153,4.430379746835443,85.75949367088607
E00188327,269,57,26,31,212,15,197,21.189591078066915,9.66542750929368,11.524163568773234,78.81040892193309,5.5762081784386615,73.23420074349443
E00188328,203,58,33,25,145,18,127,28.57142857142857,16.25615763546798,12.31527093596059,71.42857142857143,8.866995073891626,62.5615763546798
E00188329,116,21,8,13,95,11,84,18.103448275862068,6.896551724137931,11.206896551724139,81.89655172413794,9.482758620689655,72.41379310344827
E00188330,331,33,11,22,298,19,279,9.969788519637463,3.3232628398791544,6.646525679758309,90.03021148036254,5.740181268882175,84.29003021148036
