OA,ts0590001,ts0590002,ts0590003,ts0590004,ts0590005,ts0590006,ts0590007,ts0590002_PCT,ts0590003_PCT,ts0590004_PCT,ts0590005_PCT,ts0590006_PCT,ts0590007_PCT
E00061461,144,36,11,25,108,94,14,25,7.638888888888889,17.36111111111111,75,65.27777777777779,9.722222222222223
E00061462,155,57,15,42,98,87,11,36.774193548387096,9.67741935483871,27.09677419354839,63.2258064516129,56.12903225806451,7.096774193548387
E00061463,130,39,10,29,91,81,10,30,7.6923076923076925,22.30769230769231,70,62.30769230769231,7.6923076923076925
E00061464,154,48,14,34,106,90,16,31.16883116883117,9.090909090909092,22.07792207792208,68.83116883116884,58.44155844155844,10.38961038961039
E00061465,163,60,20,40,103,88,15,36.809815950920246,12.269938650306749,24.539877300613497,63.190184049079754,53.987730061349694,9.202453987730062
E00061466,132,37,9,28,95,83,12,28.030303030303028,6.8181818181818175,21.21212121212121,71.96969696969697,62.878787878787875,9.090909090909092
E00061467,137,40,8,32,97,85,12,29.1970802919708,5.839416058394161,23.357664233576642,70.8029197080292,62.04379562043796,8.75912408759124
E00061468,158,38,13,25,120,104,16,24.050632911392405,8.227848101265822,15.822784810126583,75.9493670886076,65.82278481012658,10.126582278481013
E00061469,124,38,15,23,86,71,15,30.64516129032258,12.096774193548388,18.548387096774192,69.35483870967742,57.25806451612904,12.096774193548388
E00061470,100,29,9,20,71,59,12,28.999999999999996,9,20,71,59,12
E00061471,123,39,10,29,84,75,9,31.70731707317073,8.130081300813007,23.577235772357724,68.29268292682927,60.97560975609756,7.317073170731707
E00061472,141,39,13,26,102,82,20,27.659574468085108,9.219858156028367,18.439716312056735,72.3404255319149,58.156028368794324,14.184397163120568
E00061473,132,37,8,29,95,88,7,28.030303030303028,6.0606060606060606,21.96969696969697,71.96969696969697,66.66666666666666,5.303030303030303
E00061474,133,40,10,30,93,82,11,30.075187969924812,7.518796992481203,22.55639097744361,69.92481203007519,61.65413533834586,8.270676691729323
E00061475,59,27,10,17,32,29,3,45.76271186440678,16.94915254237288,28.8135593220339,54.23728813559322,49.152542372881356,5.084745762711865
E00061476,168,43,15,28,125,111,14,25.595238095238095,8.928571428571429,16.666666666666664,74.40476190476191,66.07142857142857,8.333333333333332
E00061477,134,46,11,35,88,72,16,34.32835820895522,8.208955223880597,26.119402985074625,65.67164179104478,53.73134328358209,11.940298507462686
E00061478,125,47,10,37,78,69,9,37.6,8,29.599999999999998,62.4,55.2,7.199999999999999
E00061479,126,38,10,28,88,74,14,30.158730158730158,7.936507936507936,22.22222222222222,69.84126984126983,58.730158730158735,11.11111111111111
E00061480,137,48,17,31,89,74,15,35.03649635036496,12.408759124087592,22.62773722627737,64.96350364963503,54.01459854014598,10.948905109489052
E00061481,33,11,3,8,22,19,3,33.33333333333333,9.090909090909092,24.242424242424242,66.66666666666666,57.57575757575758,9.090909090909092
E00061482,100,39,7,32,61,53,8,39,7.000000000000001,32,61,53,8
E00061483,129,43,12,31,86,77,9,33.33333333333333,9.30232558139535,24.031007751937985,66.66666666666666,59.68992248062015,6.976744186046512
E00061484,106,39,11,28,67,64,3,36.79245283018868,10.377358490566039,26.41509433962264,63.20754716981132,60.37735849056604,2.8301886792452833
E00061485,170,72,13,59,98,89,9,42.35294117647059,7.647058823529412,34.705882352941174,57.647058823529406,52.352941176470594,5.294117647058823
E00061486,130,45,15,30,85,75,10,34.61538461538461,11.538461538461538,23.076923076923077,65.38461538461539,57.692307692307686,7.6923076923076925
E00061487,123,49,10,39,74,67,7,39.83739837398374,8.130081300813007,31.70731707317073,60.16260162601627,54.47154471544715,5.691056910569105
E00061488,129,40,14,26,89,81,8,31.007751937984494,10.852713178294573,20.155038759689923,68.9922480620155,62.7906976744186,6.2015503875969
E00061489,110,40,8,32,70,61,9,36.36363636363637,7.2727272727272725,29.09090909090909,63.63636363636363,55.45454545454545,8.181818181818182
E00061490,131,25,7,18,106,96,10,19.083969465648856,5.343511450381679,13.740458015267176,80.91603053435115,73.2824427480916,7.633587786259542
E00061491,109,42,7,35,67,54,13,38.53211009174312,6.422018348623854,32.11009174311927,61.46788990825688,49.54128440366973,11.926605504587156
E00061492,117,40,12,28,77,65,12,34.18803418803419,10.256410256410255,23.931623931623932,65.8119658119658,55.55555555555556,10.256410256410255
E00061493,121,43,13,30,78,68,10,35.53719008264463,10.743801652892563,24.793388429752067,64.46280991735537,56.19834710743802,8.264462809917356
E00061494,92,33,7,26,59,45,14,35.869565217391305,7.608695652173914,28.26086956521739,64.13043478260869,48.91304347826087,15.217391304347828
E00061495,73,29,11,18,44,38,6,39.726027397260275,15.068493150684931,24.65753424657534,60.273972602739725,52.054794520547944,8.21917808219178
E00061496,134,48,11,37,86,75,11,35.82089552238806,8.208955223880597,27.611940298507463,64.17910447761194,55.970149253731336,8.208955223880597
E00061497,107,31,3,28,76,70,6,28.971962616822427,2.803738317757009,26.168224299065418,71.02803738317756,65.42056074766354,5.607476635514018
E00061498,141,37,11,26,104,97,7,26.24113475177305,7.801418439716312,18.439716312056735,73.75886524822694,68.79432624113475,4.964539007092199
E00061499,140,43,8,35,97,86,11,30.714285714285715,5.714285714285714,25,69.28571428571428,61.42857142857143,7.857142857142857
E00061500,128,41,7,34,87,73,14,32.03125,5.46875,26.5625,67.96875,57.03125,10.9375
E00061501,77,22,6,16,55,44,11,28.57142857142857,7.792207792207792,20.77922077922078,71.42857142857143,57.14285714285714,14.285714285714285
E00061502,118,33,10,23,85,75,10,27.966101694915253,8.47457627118644,19.491525423728813,72.03389830508475,63.559322033898304,8.47457627118644
E00061503,88,28,9,19,60,52,8,31.818181818181817,10.227272727272728,21.59090909090909,68.18181818181817,59.09090909090909,9.090909090909092
E00061504,131,56,12,44,75,68,7,42.74809160305343,9.16030534351145,33.587786259541986,57.25190839694656,51.908396946564885,5.343511450381679
E00061505,112,38,8,30,74,67,7,33.92857142857143,7.142857142857142,26.785714285714285,66.07142857142857,59.82142857142857,6.25
E00061506,134,38,9,29,96,90,6,28.35820895522388,6.7164179104477615,21.641791044776117,71.64179104477611,67.16417910447761,4.477611940298507
E00061507,181,50,13,37,131,110,21,27.624309392265197,7.18232044198895,20.441988950276244,72.37569060773481,60.773480662983424,11.602209944751381
E00061508,125,48,13,35,77,70,7,38.4,10.4,28.000000000000004,61.6,56.00000000000001,5.6000000000000005
E00061509,113,31,12,19,82,70,12,27.43362831858407,10.619469026548673,16.8141592920354,72.56637168141593,61.94690265486725,10.619469026548673
E00061510,112,29,6,23,83,72,11,25.892857142857146,5.357142857142857,20.535714285714285,74.10714285714286,64.28571428571429,9.821428571428571
E00061511,157,51,12,39,106,92,14,32.48407643312102,7.643312101910828,24.840764331210192,67.51592356687898,58.59872611464968,8.9171974522293
E00061512,149,49,17,32,100,93,7,32.88590604026846,11.409395973154362,21.476510067114095,67.11409395973155,62.41610738255034,4.697986577181208
E00061513,128,44,8,36,84,74,10,34.375,6.25,28.125,65.625,57.8125,7.8125
E00061514,99,29,4,25,70,62,8,29.292929292929294,4.040404040404041,25.252525252525253,70.70707070707071,62.62626262626263,8.080808080808081
E00061515,80,26,9,17,54,41,13,32.5,11.25,21.25,67.5,51.24999999999999,16.25
E00061516,59,29,10,19,30,24,6,49.152542372881356,16.94915254237288,32.20338983050847,50.847457627118644,40.67796610169492,10.16949152542373
E00061517,89,36,9,27,53,48,5,40.44943820224719,10.112359550561797,30.337078651685395,59.55056179775281,53.93258426966292,5.617977528089887
E00061518,167,64,15,49,103,89,14,38.32335329341318,8.982035928143713,29.34131736526946,61.67664670658682,53.293413173652695,8.383233532934131
E00061519,144,48,14,34,96,86,10,33.33333333333333,9.722222222222223,23.61111111111111,66.66666666666666,59.72222222222222,6.944444444444445
E00061520,139,51,16,35,88,72,16,36.69064748201439,11.510791366906476,25.179856115107913,63.30935251798561,51.798561151079134,11.510791366906476
E00061521,133,43,11,32,90,77,13,32.33082706766917,8.270676691729323,24.06015037593985,67.66917293233082,57.89473684210527,9.774436090225564
E00061522,152,47,22,25,105,87,18,30.92105263157895,14.473684210526317,16.447368421052634,69.07894736842105,57.23684210526315,11.842105263157894
E00061523,103,29,10,19,74,62,12,28.155339805825243,9.70873786407767,18.446601941747574,71.84466019417476,60.19417475728155,11.650485436893204
E00061525,133,43,18,25,90,78,12,32.33082706766917,13.533834586466165,18.796992481203006,67.66917293233082,58.64661654135338,9.022556390977442
E00061526,105,38,9,29,67,55,12,36.19047619047619,8.571428571428571,27.61904761904762,63.8095238095238,52.38095238095239,11.428571428571429
E00061527,122,34,12,22,88,79,9,27.86885245901639,9.836065573770492,18.0327868852459,72.1311475409836,64.75409836065575,7.377049180327869
E00061528,127,34,9,25,93,70,23,26.77165354330709,7.086614173228346,19.68503937007874,73.22834645669292,55.118110236220474,18.11023622047244
E00061529,111,28,12,16,83,68,15,25.225225225225223,10.81081081081081,14.414414414414415,74.77477477477478,61.261261261261254,13.513513513513514
E00061530,133,39,12,27,94,79,15,29.32330827067669,9.022556390977442,20.30075187969925,70.67669172932331,59.3984962406015,11.278195488721805
E00061531,102,23,4,19,79,68,11,22.54901960784314,3.9215686274509802,18.627450980392158,77.45098039215686,66.66666666666666,10.784313725490197
E00061532,206,60,18,42,146,124,22,29.126213592233007,8.737864077669903,20.388349514563107,70.87378640776699,60.19417475728155,10.679611650485436
E00061533,111,43,13,30,68,55,13,38.73873873873874,11.711711711711711,27.027027027027028,61.261261261261254,49.549549549549546,11.711711711711711
E00061534,88,31,7,24,57,47,10,35.22727272727273,7.954545454545454,27.27272727272727,64.77272727272727,53.40909090909091,11.363636363636363
E00061535,87,23,8,15,64,54,10,26.436781609195403,9.195402298850574,17.24137931034483,73.5632183908046,62.06896551724138,11.494252873563218
E00061536,107,30,12,18,77,56,21,28.037383177570092,11.214953271028037,16.822429906542055,71.96261682242991,52.336448598130836,19.626168224299064
E00061537,192,64,21,43,128,98,30,33.33333333333333,10.9375,22.395833333333336,66.66666666666666,51.041666666666664,15.625
E00061538,89,27,5,22,62,46,16,30.337078651685395,5.617977528089887,24.719101123595504,69.66292134831461,51.68539325842697,17.97752808988764
E00061539,152,29,5,24,123,94,29,19.078947368421055,3.289473684210526,15.789473684210526,80.92105263157895,61.8421052631579,19.078947368421055
E00061540,183,49,21,28,134,97,37,26.775956284153008,11.475409836065573,15.300546448087433,73.224043715847,53.00546448087432,20.21857923497268
E00061541,292,72,23,49,220,174,46,24.65753424657534,7.876712328767123,16.78082191780822,75.34246575342466,59.589041095890416,15.753424657534246
E00061542,244,72,28,44,172,139,33,29.508196721311474,11.475409836065573,18.0327868852459,70.49180327868852,56.9672131147541,13.524590163934427
E00061543,176,41,14,27,135,119,16,23.295454545454543,7.954545454545454,15.340909090909092,76.70454545454545,67.61363636363636,9.090909090909092
E00061544,118,32,5,27,86,72,14,27.11864406779661,4.23728813559322,22.88135593220339,72.88135593220339,61.016949152542374,11.864406779661017
E00061545,124,38,16,22,86,72,14,30.64516129032258,12.903225806451612,17.741935483870968,69.35483870967742,58.06451612903226,11.29032258064516
E00061546,81,27,7,20,54,49,5,33.33333333333333,8.641975308641975,24.691358024691358,66.66666666666666,60.49382716049383,6.172839506172839
E00061547,100,33,13,20,67,58,9,33,13,20,67,57.99999999999999,9
E00061548,89,25,7,18,64,58,6,28.08988764044944,7.865168539325842,20.224719101123593,71.91011235955057,65.1685393258427,6.741573033707865
E00061549,128,37,14,23,91,78,13,28.90625,10.9375,17.96875,71.09375,60.9375,10.15625
E00061550,58,14,1,13,44,35,9,24.137931034482758,1.7241379310344827,22.413793103448278,75.86206896551724,60.3448275862069,15.517241379310345
E00061551,72,18,5,13,54,50,4,25,6.944444444444445,18.055555555555554,75,69.44444444444444,5.555555555555555
E00061552,140,42,9,33,98,88,10,30,6.428571428571428,23.57142857142857,70,62.857142857142854,7.142857142857142
E00061553,120,37,12,25,83,74,9,30.833333333333336,10,20.833333333333336,69.16666666666667,61.66666666666667,7.5
E00061554,121,43,18,25,78,70,8,35.53719008264463,14.87603305785124,20.66115702479339,64.46280991735537,57.85123966942148,6.6115702479338845
E00061555,76,25,6,19,51,41,10,32.89473684210527,7.894736842105263,25,67.10526315789474,53.94736842105263,13.157894736842104
E00061556,76,29,11,18,47,38,9,38.15789473684211,14.473684210526317,23.684210526315788,61.8421052631579,50,11.842105263157894
E00061557,89,36,15,21,53,48,5,40.44943820224719,16.853932584269664,23.595505617977526,59.55056179775281,53.93258426966292,5.617977528089887
E00061558,52,7,1,6,45,40,5,13.461538461538462,1.9230769230769231,11.538461538461538,86.53846153846155,76.92307692307693,9.615384615384617
E00061559,89,35,11,24,54,49,5,39.325842696629216,12.359550561797752,26.96629213483146,60.67415730337079,55.0561797752809,5.617977528089887
E00061560,124,31,9,22,93,80,13,25,7.258064516129033,17.741935483870968,75,64.51612903225806,10.483870967741936
E00061561,108,38,16,22,70,67,3,35.18518518518518,14.814814814814813,20.37037037037037,64.81481481481481,62.03703703703704,2.7777777777777777
E00061562,161,46,24,22,115,101,14,28.57142857142857,14.906832298136646,13.664596273291925,71.42857142857143,62.732919254658384,8.695652173913043
E00061563,61,20,5,15,41,36,5,32.78688524590164,8.19672131147541,24.59016393442623,67.21311475409836,59.01639344262295,8.19672131147541
E00061564,102,20,9,11,82,62,20,19.607843137254903,8.823529411764707,10.784313725490197,80.3921568627451,60.78431372549019,19.607843137254903
E00061565,123,54,16,38,69,64,5,43.90243902439025,13.008130081300814,30.89430894308943,56.09756097560976,52.03252032520326,4.0650406504065035
E00061566,139,46,14,32,93,80,13,33.093525179856115,10.071942446043165,23.021582733812952,66.90647482014388,57.55395683453237,9.352517985611511
E00061568,123,39,11,28,84,73,11,31.70731707317073,8.94308943089431,22.76422764227642,68.29268292682927,59.34959349593496,8.94308943089431
E00061569,152,39,10,29,113,104,9,25.657894736842106,6.578947368421052,19.078947368421055,74.3421052631579,68.42105263157895,5.921052631578947
E00061570,162,43,18,25,119,109,10,26.543209876543212,11.11111111111111,15.432098765432098,73.4567901234568,67.28395061728395,6.172839506172839
E00061571,157,51,19,32,106,93,13,32.48407643312102,12.101910828025478,20.382165605095544,67.51592356687898,59.23566878980891,8.280254777070063
E00061572,127,37,12,25,90,81,9,29.133858267716533,9.448818897637794,19.68503937007874,70.86614173228347,63.77952755905512,7.086614173228346
E00061573,191,54,13,41,137,125,12,28.272251308900525,6.806282722513089,21.465968586387437,71.72774869109948,65.44502617801047,6.282722513089005
E00061574,172,49,17,32,123,111,12,28.488372093023255,9.883720930232558,18.6046511627907,71.51162790697676,64.53488372093024,6.976744186046512
E00061575,117,32,6,26,85,69,16,27.350427350427353,5.128205128205128,22.22222222222222,72.64957264957265,58.97435897435898,13.675213675213676
E00061576,157,56,22,34,101,91,10,35.6687898089172,14.012738853503185,21.656050955414013,64.3312101910828,57.961783439490446,6.369426751592357
E00061577,142,44,11,33,98,83,15,30.985915492957744,7.746478873239436,23.239436619718308,69.01408450704226,58.45070422535211,10.56338028169014
E00061578,155,46,10,36,109,98,11,29.677419354838708,6.451612903225806,23.225806451612904,70.3225806451613,63.2258064516129,7.096774193548387
E00061579,61,24,9,15,37,30,7,39.34426229508197,14.754098360655737,24.59016393442623,60.65573770491803,49.18032786885246,11.475409836065573
E00061580,126,42,14,28,84,69,15,33.33333333333333,11.11111111111111,22.22222222222222,66.66666666666666,54.761904761904766,11.904761904761903
E00061581,150,31,10,21,119,103,16,20.666666666666668,6.666666666666667,14.000000000000002,79.33333333333333,68.66666666666667,10.666666666666668
E00061582,325,82,21,61,243,198,45,25.23076923076923,6.461538461538462,18.76923076923077,74.76923076923076,60.92307692307693,13.846153846153847
E00061583,132,40,18,22,92,81,11,30.303030303030305,13.636363636363635,16.666666666666664,69.6969696969697,61.36363636363637,8.333333333333332
E00061584,152,34,9,25,118,95,23,22.36842105263158,5.921052631578947,16.447368421052634,77.63157894736842,62.5,15.131578947368421
E00061585,129,42,8,34,87,76,11,32.55813953488372,6.2015503875969,26.356589147286826,67.44186046511628,58.91472868217055,8.527131782945736
E00061586,200,45,13,32,155,128,27,22.5,6.5,16,77.5,64,13.5
E00061587,189,45,11,34,144,123,21,23.809523809523807,5.82010582010582,17.989417989417987,76.19047619047619,65.07936507936508,11.11111111111111
E00061588,20,5,1,4,15,13,2,25,5,20,75,65,10
E00061589,84,20,3,17,64,55,9,23.809523809523807,3.571428571428571,20.238095238095237,76.19047619047619,65.47619047619048,10.714285714285714
E00061590,159,41,19,22,118,95,23,25.78616352201258,11.949685534591195,13.836477987421384,74.21383647798741,59.74842767295597,14.465408805031446
E00061591,142,44,10,34,98,84,14,30.985915492957744,7.042253521126761,23.943661971830984,69.01408450704226,59.154929577464785,9.859154929577464
E00061592,90,25,6,19,65,59,6,27.77777777777778,6.666666666666667,21.11111111111111,72.22222222222221,65.55555555555556,6.666666666666667
E00061593,45,11,0,11,34,28,6,24.444444444444443,0,24.444444444444443,75.55555555555556,62.22222222222222,13.333333333333334
E00061594,53,19,3,16,34,30,4,35.84905660377358,5.660377358490567,30.18867924528302,64.15094339622641,56.60377358490566,7.547169811320755
E00061595,103,31,8,23,72,63,9,30.097087378640776,7.766990291262135,22.330097087378643,69.90291262135922,61.165048543689316,8.737864077669903
E00061596,124,41,16,25,83,69,14,33.064516129032256,12.903225806451612,20.161290322580644,66.93548387096774,55.64516129032258,11.29032258064516
E00061597,133,45,14,31,88,80,8,33.83458646616541,10.526315789473683,23.308270676691727,66.16541353383458,60.150375939849624,6.015037593984962
E00061598,144,55,15,40,89,75,14,38.19444444444444,10.416666666666668,27.77777777777778,61.80555555555556,52.083333333333336,9.722222222222223
E00061599,151,51,14,37,100,91,9,33.77483443708609,9.271523178807946,24.503311258278146,66.22516556291392,60.264900662251655,5.960264900662252
E00061600,110,36,9,27,74,64,10,32.72727272727273,8.181818181818182,24.545454545454547,67.27272727272727,58.18181818181818,9.090909090909092
E00061601,162,49,16,33,113,98,15,30.246913580246915,9.876543209876543,20.37037037037037,69.75308641975309,60.49382716049383,9.25925925925926
E00061602,92,39,11,28,53,46,7,42.391304347826086,11.956521739130435,30.434782608695656,57.608695652173914,50,7.608695652173914
E00061603,149,34,13,21,115,95,20,22.818791946308725,8.724832214765101,14.093959731543624,77.18120805369128,63.758389261744966,13.422818791946309
E00061604,105,41,11,30,64,61,3,39.04761904761905,10.476190476190476,28.57142857142857,60.952380952380956,58.0952380952381,2.857142857142857
E00061605,111,41,10,31,70,62,8,36.93693693693694,9.00900900900901,27.927927927927925,63.06306306306306,55.85585585585585,7.207207207207207
E00061606,131,32,5,27,99,86,13,24.427480916030532,3.816793893129771,20.610687022900763,75.57251908396947,65.64885496183206,9.923664122137405
E00061607,120,32,13,19,88,77,11,26.666666666666668,10.833333333333334,15.833333333333332,73.33333333333333,64.16666666666667,9.166666666666666
E00061608,112,41,10,31,71,63,8,36.607142857142854,8.928571428571429,27.67857142857143,63.39285714285714,56.25,7.142857142857142
E00061609,115,40,11,29,75,69,6,34.78260869565217,9.565217391304348,25.217391304347824,65.21739130434783,60,5.217391304347826
E00061610,115,44,13,31,71,62,9,38.26086956521739,11.304347826086957,26.956521739130434,61.73913043478261,53.91304347826087,7.82608695652174
E00061611,147,46,6,40,101,88,13,31.292517006802722,4.081632653061225,27.2108843537415,68.70748299319727,59.863945578231295,8.843537414965986
E00061612,117,37,5,32,80,71,9,31.62393162393162,4.273504273504273,27.350427350427353,68.37606837606837,60.68376068376068,7.6923076923076925
E00061613,189,49,8,41,140,120,20,25.925925925925924,4.232804232804233,21.693121693121693,74.07407407407408,63.49206349206349,10.582010582010582
E00061614,160,64,22,42,96,81,15,40,13.750000000000002,26.25,60,50.625,9.375
E00061615,155,47,13,34,108,93,15,30.32258064516129,8.38709677419355,21.935483870967744,69.6774193548387,60,9.67741935483871
E00061616,156,53,15,38,103,80,23,33.97435897435898,9.615384615384617,24.358974358974358,66.02564102564102,51.28205128205128,14.743589743589745
E00061617,46,24,7,17,22,18,4,52.17391304347826,15.217391304347828,36.95652173913043,47.82608695652174,39.130434782608695,8.695652173913043
E00061618,59,21,4,17,38,33,5,35.59322033898305,6.779661016949152,28.8135593220339,64.40677966101694,55.932203389830505,8.47457627118644
E00061619,114,39,11,28,75,65,10,34.21052631578947,9.649122807017543,24.561403508771928,65.78947368421053,57.01754385964912,8.771929824561402
E00061620,95,33,5,28,62,50,12,34.73684210526316,5.263157894736842,29.47368421052631,65.26315789473685,52.63157894736842,12.631578947368421
E00061621,105,30,11,19,75,69,6,28.57142857142857,10.476190476190476,18.095238095238095,71.42857142857143,65.71428571428571,5.714285714285714
E00061622,147,34,8,26,113,99,14,23.12925170068027,5.442176870748299,17.687074829931973,76.87074829931973,67.3469387755102,9.523809523809524
E00061623,148,43,14,29,105,86,19,29.054054054054053,9.45945945945946,19.594594594594593,70.94594594594594,58.108108108108105,12.837837837837837
E00061624,112,37,8,29,75,62,13,33.035714285714285,7.142857142857142,25.892857142857146,66.96428571428571,55.35714285714286,11.607142857142858
E00061625,131,45,12,33,86,74,12,34.35114503816794,9.16030534351145,25.190839694656486,65.64885496183206,56.48854961832062,9.16030534351145
E00061626,88,24,8,16,64,57,7,27.27272727272727,9.090909090909092,18.181818181818183,72.72727272727273,64.77272727272727,7.954545454545454
E00061627,152,36,15,21,116,95,21,23.684210526315788,9.868421052631579,13.815789473684212,76.31578947368422,62.5,13.815789473684212
E00061628,169,55,12,43,114,95,19,32.544378698224854,7.100591715976331,25.443786982248522,67.45562130177515,56.213017751479285,11.242603550295858
E00061629,118,46,14,32,72,63,9,38.983050847457626,11.864406779661017,27.11864406779661,61.016949152542374,53.38983050847458,7.627118644067797
E00061630,53,19,3,16,34,32,2,35.84905660377358,5.660377358490567,30.18867924528302,64.15094339622641,60.37735849056604,3.7735849056603774
E00061631,83,30,2,28,53,41,12,36.144578313253014,2.4096385542168677,33.734939759036145,63.85542168674698,49.39759036144578,14.457831325301203
E00061633,86,32,11,21,54,49,5,37.2093023255814,12.790697674418606,24.418604651162788,62.7906976744186,56.97674418604651,5.813953488372093
E00061634,75,36,4,32,39,37,2,48,5.333333333333334,42.66666666666667,52,49.333333333333336,2.666666666666667
E00061638,228,61,15,46,167,151,16,26.75438596491228,6.578947368421052,20.175438596491226,73.24561403508771,66.22807017543859,7.017543859649122
E00061639,111,40,11,29,71,62,9,36.03603603603604,9.90990990990991,26.126126126126124,63.96396396396396,55.85585585585585,8.108108108108109
E00061640,174,38,10,28,136,127,9,21.839080459770116,5.747126436781609,16.091954022988507,78.16091954022988,72.98850574712644,5.172413793103448
E00061641,86,32,8,24,54,49,5,37.2093023255814,9.30232558139535,27.906976744186046,62.7906976744186,56.97674418604651,5.813953488372093
E00061642,120,53,12,41,67,60,7,44.166666666666664,10,34.166666666666664,55.833333333333336,50,5.833333333333333
E00061643,124,51,13,38,73,66,7,41.12903225806452,10.483870967741936,30.64516129032258,58.87096774193549,53.2258064516129,5.64516129032258
E00061644,105,23,8,15,82,71,11,21.904761904761905,7.6190476190476195,14.285714285714285,78.0952380952381,67.61904761904762,10.476190476190476
E00061645,150,45,11,34,105,88,17,30,7.333333333333333,22.666666666666664,70,58.666666666666664,11.333333333333332
E00061646,126,30,7,23,96,88,8,23.809523809523807,5.555555555555555,18.253968253968253,76.19047619047619,69.84126984126983,6.349206349206349
E00061647,167,42,15,27,125,107,18,25.149700598802394,8.982035928143713,16.16766467065868,74.8502994011976,64.07185628742515,10.778443113772456
E00061648,171,47,16,31,124,113,11,27.485380116959064,9.35672514619883,18.128654970760234,72.51461988304094,66.08187134502924,6.432748538011696
E00061649,105,23,11,12,82,67,15,21.904761904761905,10.476190476190476,11.428571428571429,78.0952380952381,63.8095238095238,14.285714285714285
E00061650,113,40,15,25,73,60,13,35.39823008849557,13.274336283185843,22.123893805309734,64.60176991150442,53.09734513274337,11.504424778761061
E00061651,108,28,9,19,80,69,11,25.925925925925924,8.333333333333332,17.59259259259259,74.07407407407408,63.888888888888886,10.185185185185185
E00061652,137,42,20,22,95,84,11,30.656934306569344,14.5985401459854,16.05839416058394,69.34306569343066,61.31386861313869,8.02919708029197
E00061653,113,41,18,23,72,63,9,36.283185840707965,15.929203539823009,20.353982300884958,63.716814159292035,55.75221238938053,7.964601769911504
E00061654,101,37,5,32,64,53,11,36.633663366336634,4.9504950495049505,31.683168316831683,63.366336633663366,52.475247524752476,10.891089108910892
E00061655,157,41,20,21,116,97,19,26.11464968152866,12.738853503184714,13.375796178343949,73.88535031847134,61.78343949044586,12.101910828025478
E00061656,113,39,17,22,74,64,10,34.51327433628318,15.04424778761062,19.469026548672566,65.48672566371681,56.63716814159292,8.849557522123893
E00061657,137,51,13,38,86,79,7,37.22627737226277,9.48905109489051,27.73722627737226,62.77372262773723,57.66423357664233,5.109489051094891
E00061658,127,34,8,26,93,86,7,26.77165354330709,6.299212598425196,20.47244094488189,73.22834645669292,67.71653543307087,5.511811023622047
E00061659,98,28,8,20,70,60,10,28.57142857142857,8.16326530612245,20.408163265306122,71.42857142857143,61.224489795918366,10.204081632653061
E00061660,124,33,4,29,91,76,15,26.61290322580645,3.225806451612903,23.387096774193548,73.38709677419355,61.29032258064516,12.096774193548388
E00061661,127,39,14,25,88,76,12,30.708661417322837,11.023622047244094,19.68503937007874,69.29133858267717,59.84251968503938,9.448818897637794
E00061662,157,39,11,28,118,100,18,24.840764331210192,7.006369426751593,17.8343949044586,75.15923566878982,63.69426751592356,11.464968152866243
E00061663,124,32,8,24,92,78,14,25.806451612903224,6.451612903225806,19.35483870967742,74.19354838709677,62.903225806451616,11.29032258064516
E00061664,99,41,9,32,58,48,10,41.41414141414141,9.090909090909092,32.323232323232325,58.58585858585859,48.484848484848484,10.1010101010101
E00061665,148,40,19,21,108,79,29,27.027027027027028,12.837837837837837,14.18918918918919,72.97297297297297,53.37837837837838,19.594594594594593
E00061666,191,47,20,27,144,127,17,24.60732984293194,10.471204188481675,14.136125654450263,75.39267015706807,66.49214659685863,8.900523560209423
E00061668,109,27,8,19,82,65,17,24.770642201834864,7.339449541284404,17.431192660550458,75.22935779816514,59.63302752293578,15.59633027522936
E00061669,164,47,11,36,117,98,19,28.65853658536585,6.707317073170732,21.951219512195124,71.34146341463415,59.756097560975604,11.585365853658537
E00061670,186,56,13,43,130,102,28,30.107526881720432,6.989247311827956,23.118279569892472,69.89247311827957,54.83870967741935,15.053763440860216
E00061671,197,60,18,42,137,117,20,30.456852791878177,9.137055837563452,21.31979695431472,69.54314720812182,59.390862944162436,10.152284263959391
E00061673,241,61,20,41,180,152,28,25.311203319502074,8.29875518672199,17.012448132780083,74.68879668049793,63.07053941908713,11.618257261410788
E00061674,187,52,17,35,135,121,14,27.807486631016044,9.090909090909092,18.71657754010695,72.19251336898395,64.70588235294117,7.4866310160427805
E00061675,145,36,8,28,109,98,11,24.82758620689655,5.517241379310345,19.310344827586206,75.17241379310344,67.58620689655173,7.586206896551724
E00061676,170,44,16,28,126,113,13,25.882352941176475,9.411764705882353,16.470588235294116,74.11764705882354,66.47058823529412,7.647058823529412
E00061677,222,62,19,43,160,141,19,27.927927927927925,8.558558558558559,19.36936936936937,72.07207207207207,63.51351351351351,8.558558558558559
E00061678,177,47,15,32,130,113,17,26.55367231638418,8.47457627118644,18.07909604519774,73.44632768361582,63.84180790960452,9.6045197740113
E00061679,180,60,17,43,120,100,20,33.33333333333333,9.444444444444445,23.88888888888889,66.66666666666666,55.55555555555556,11.11111111111111
E00061681,155,35,10,25,120,102,18,22.58064516129032,6.451612903225806,16.129032258064516,77.41935483870968,65.80645161290323,11.612903225806452
E00061682,64,20,6,14,44,38,6,31.25,9.375,21.875,68.75,59.375,9.375
E00061683,282,61,20,41,221,173,48,21.631205673758867,7.092198581560284,14.539007092198581,78.36879432624113,61.347517730496456,17.02127659574468
E00061684,214,59,15,44,155,123,32,27.570093457943923,7.009345794392523,20.5607476635514,72.42990654205607,57.476635514018696,14.953271028037381
E00061685,146,40,13,27,106,90,16,27.397260273972602,8.904109589041095,18.493150684931507,72.6027397260274,61.64383561643836,10.95890410958904
E00061686,211,65,19,46,146,125,21,30.80568720379147,9.004739336492891,21.80094786729858,69.19431279620854,59.241706161137444,9.95260663507109
E00061687,109,29,7,22,80,68,12,26.605504587155966,6.422018348623854,20.18348623853211,73.39449541284404,62.38532110091744,11.009174311926607
E00061688,193,53,11,42,140,115,25,27.461139896373055,5.699481865284974,21.761658031088082,72.53886010362694,59.58549222797927,12.953367875647666
E00061689,185,53,19,34,132,114,18,28.64864864864865,10.27027027027027,18.37837837837838,71.35135135135135,61.62162162162163,9.72972972972973
E00061690,197,60,29,31,137,125,12,30.456852791878177,14.720812182741117,15.736040609137056,69.54314720812182,63.45177664974619,6.091370558375635
E00061691,265,62,21,41,203,174,29,23.39622641509434,7.9245283018867925,15.471698113207546,76.60377358490567,65.66037735849056,10.943396226415095
E00061692,194,46,14,32,148,130,18,23.711340206185564,7.216494845360824,16.49484536082474,76.28865979381443,67.0103092783505,9.278350515463918
E00061693,171,48,15,33,123,100,23,28.07017543859649,8.771929824561402,19.298245614035086,71.9298245614035,58.47953216374269,13.450292397660817
E00061694,195,61,16,45,134,119,15,31.28205128205128,8.205128205128204,23.076923076923077,68.71794871794872,61.02564102564103,7.6923076923076925
E00061695,138,41,17,24,97,84,13,29.71014492753623,12.318840579710146,17.391304347826086,70.28985507246377,60.86956521739131,9.420289855072465
E00061696,180,45,10,35,135,122,13,25,5.555555555555555,19.444444444444446,75,67.77777777777779,7.222222222222221
E00061697,196,54,23,31,142,120,22,27.55102040816326,11.73469387755102,15.816326530612246,72.44897959183673,61.224489795918366,11.224489795918368
E00061698,162,48,19,29,114,89,25,29.629629629629626,11.728395061728394,17.901234567901234,70.37037037037037,54.93827160493827,15.432098765432098
E00061699,164,38,15,23,126,98,28,23.170731707317074,9.146341463414634,14.02439024390244,76.82926829268293,59.756097560975604,17.073170731707318
E00061700,110,32,18,14,78,68,10,29.09090909090909,16.363636363636363,12.727272727272727,70.9090909090909,61.81818181818181,9.090909090909092
E00061701,98,24,6,18,74,69,5,24.489795918367346,6.122448979591836,18.367346938775512,75.51020408163265,70.40816326530613,5.1020408163265305
E00061703,154,52,21,31,102,76,26,33.76623376623377,13.636363636363635,20.12987012987013,66.23376623376623,49.35064935064935,16.883116883116884
E00061704,159,52,11,41,107,90,17,32.70440251572327,6.918238993710692,25.78616352201258,67.29559748427673,56.60377358490566,10.69182389937107
E00061705,162,46,13,33,116,98,18,28.39506172839506,8.024691358024691,20.37037037037037,71.60493827160494,60.49382716049383,11.11111111111111
E00061706,138,46,12,34,92,79,13,33.33333333333333,8.695652173913043,24.637681159420293,66.66666666666666,57.2463768115942,9.420289855072465
E00061707,124,34,8,26,90,78,12,27.419354838709676,6.451612903225806,20.967741935483872,72.58064516129032,62.903225806451616,9.67741935483871
E00061708,81,28,14,14,53,44,9,34.5679012345679,17.28395061728395,17.28395061728395,65.4320987654321,54.32098765432099,11.11111111111111
E00061711,120,54,13,41,66,59,7,45,10.833333333333334,34.166666666666664,55.00000000000001,49.166666666666664,5.833333333333333
E00061713,140,43,5,38,97,89,8,30.714285714285715,3.571428571428571,27.142857142857142,69.28571428571428,63.57142857142857,5.714285714285714
E00061714,151,43,9,34,108,96,12,28.47682119205298,5.960264900662252,22.516556291390728,71.52317880794702,63.576158940397356,7.9470198675496695
E00061715,139,40,11,29,99,87,12,28.776978417266186,7.913669064748201,20.863309352517987,71.22302158273382,62.589928057553955,8.633093525179856
E00061716,147,49,15,34,98,85,13,33.33333333333333,10.204081632653061,23.12925170068027,66.66666666666666,57.82312925170068,8.843537414965986
E00061717,133,52,12,40,81,76,5,39.097744360902254,9.022556390977442,30.075187969924812,60.902255639097746,57.14285714285714,3.7593984962406015
E00061718,133,50,16,34,83,73,10,37.59398496240601,12.030075187969924,25.563909774436087,62.40601503759399,54.88721804511278,7.518796992481203
E00061719,114,35,10,25,79,65,14,30.701754385964914,8.771929824561402,21.929824561403507,69.2982456140351,57.01754385964912,12.280701754385964
E00061720,112,39,14,25,73,65,8,34.82142857142857,12.5,22.321428571428573,65.17857142857143,58.03571428571429,7.142857142857142
E00061721,260,70,15,55,190,165,25,26.923076923076923,5.769230769230769,21.153846153846153,73.07692307692307,63.46153846153846,9.615384615384617
E00061722,112,35,12,23,77,72,5,31.25,10.714285714285714,20.535714285714285,68.75,64.28571428571429,4.464285714285714
E00061723,163,60,14,46,103,91,12,36.809815950920246,8.588957055214724,28.22085889570552,63.190184049079754,55.828220858895705,7.361963190184049
E00061724,207,58,14,44,149,130,19,28.019323671497588,6.763285024154589,21.256038647342994,71.98067632850241,62.80193236714976,9.178743961352657
E00061725,107,44,9,35,63,57,6,41.1214953271028,8.411214953271028,32.71028037383177,58.87850467289719,53.271028037383175,5.607476635514018
E00061726,128,39,8,31,89,73,16,30.46875,6.25,24.21875,69.53125,57.03125,12.5
E00061727,140,34,10,24,106,101,5,24.285714285714285,7.142857142857142,17.142857142857142,75.71428571428571,72.14285714285714,3.571428571428571
E00061728,230,54,19,35,176,157,19,23.47826086956522,8.26086956521739,15.217391304347828,76.52173913043478,68.26086956521739,8.26086956521739
E00061729,104,36,12,24,68,62,6,34.61538461538461,11.538461538461538,23.076923076923077,65.38461538461539,59.61538461538461,5.769230769230769
E00061731,126,23,5,18,103,87,16,18.253968253968253,3.968253968253968,14.285714285714285,81.74603174603175,69.04761904761905,12.698412698412698
E00061732,197,50,17,33,147,128,19,25.380710659898476,8.629441624365482,16.751269035532996,74.61928934010153,64.9746192893401,9.644670050761421
E00061733,127,34,5,29,93,79,14,26.77165354330709,3.937007874015748,22.83464566929134,73.22834645669292,62.20472440944882,11.023622047244094
E00061734,171,56,10,46,115,97,18,32.748538011695906,5.847953216374268,26.900584795321635,67.2514619883041,56.72514619883041,10.526315789473683
E00061735,153,48,18,30,105,92,13,31.372549019607842,11.76470588235294,19.607843137254903,68.62745098039215,60.130718954248366,8.49673202614379
E00061736,156,55,16,39,101,85,16,35.256410256410255,10.256410256410255,25,64.74358974358975,54.48717948717948,10.256410256410255
E00061737,111,28,8,20,83,73,10,25.225225225225223,7.207207207207207,18.01801801801802,74.77477477477478,65.76576576576578,9.00900900900901
E00061738,122,38,10,28,84,74,10,31.147540983606557,8.19672131147541,22.950819672131146,68.85245901639344,60.65573770491803,8.19672131147541
E00061739,157,51,19,32,106,88,18,32.48407643312102,12.101910828025478,20.382165605095544,67.51592356687898,56.05095541401274,11.464968152866243
E00061740,260,55,15,40,205,166,39,21.153846153846153,5.769230769230769,15.384615384615385,78.84615384615384,63.84615384615384,15
E00061741,37,16,6,10,21,19,2,43.24324324324324,16.216216216216218,27.027027027027028,56.75675675675676,51.35135135135135,5.405405405405405
E00061742,136,38,12,26,98,87,11,27.941176470588236,8.823529411764707,19.11764705882353,72.05882352941177,63.970588235294116,8.088235294117647
E00061743,137,37,5,32,100,88,12,27.00729927007299,3.64963503649635,23.357664233576642,72.99270072992701,64.23357664233576,8.75912408759124
E00061744,95,29,5,24,66,61,5,30.526315789473685,5.263157894736842,25.263157894736842,69.47368421052632,64.21052631578948,5.263157894736842
E00061745,89,26,11,15,63,57,6,29.213483146067414,12.359550561797752,16.853932584269664,70.78651685393258,64.04494382022472,6.741573033707865
E00061746,96,30,10,20,66,57,9,31.25,10.416666666666668,20.833333333333336,68.75,59.375,9.375
E00061747,134,28,10,18,106,100,6,20.8955223880597,7.462686567164178,13.432835820895523,79.1044776119403,74.6268656716418,4.477611940298507
E00061748,96,24,8,16,72,55,17,25,8.333333333333332,16.666666666666664,75,57.291666666666664,17.708333333333336
E00061749,131,38,8,30,93,81,12,29.00763358778626,6.106870229007633,22.900763358778626,70.99236641221374,61.832061068702295,9.16030534351145
E00061750,115,49,17,32,66,58,8,42.608695652173914,14.782608695652174,27.82608695652174,57.391304347826086,50.43478260869565,6.956521739130435
E00061751,86,39,15,24,47,45,2,45.348837209302324,17.441860465116278,27.906976744186046,54.65116279069767,52.32558139534884,2.3255813953488373
E00061752,130,45,21,24,85,78,7,34.61538461538461,16.153846153846153,18.461538461538463,65.38461538461539,60,5.384615384615385
E00061753,143,40,17,23,103,87,16,27.972027972027973,11.888111888111888,16.083916083916083,72.02797202797203,60.83916083916085,11.188811188811188
E00061754,171,43,10,33,128,109,19,25.146198830409354,5.847953216374268,19.298245614035086,74.85380116959064,63.74269005847953,11.11111111111111
E00061755,88,46,15,31,42,39,3,52.27272727272727,17.045454545454543,35.22727272727273,47.72727272727273,44.31818181818182,3.4090909090909087
E00061756,98,34,6,28,64,55,9,34.69387755102041,6.122448979591836,28.57142857142857,65.3061224489796,56.12244897959183,9.183673469387756
E00061757,102,39,8,31,63,60,3,38.23529411764706,7.8431372549019605,30.392156862745097,61.76470588235294,58.82352941176471,2.941176470588235
E00061758,123,33,13,20,90,77,13,26.82926829268293,10.569105691056912,16.260162601626014,73.17073170731707,62.601626016260155,10.569105691056912
E00061759,120,47,9,38,73,67,6,39.166666666666664,7.5,31.666666666666664,60.83333333333333,55.833333333333336,5
E00061760,78,28,6,22,50,43,7,35.8974358974359,7.6923076923076925,28.205128205128204,64.1025641025641,55.12820512820513,8.974358974358974
E00061761,75,27,8,19,48,42,6,36,10.666666666666668,25.333333333333336,64,56.00000000000001,8
E00061762,104,32,12,20,72,63,9,30.76923076923077,11.538461538461538,19.230769230769234,69.23076923076923,60.57692307692307,8.653846153846153
E00061763,119,40,11,29,79,73,6,33.61344537815126,9.243697478991598,24.369747899159663,66.38655462184873,61.34453781512605,5.042016806722689
E00061764,158,57,13,44,101,90,11,36.075949367088604,8.227848101265822,27.848101265822784,63.92405063291139,56.9620253164557,6.962025316455696
E00061765,74,21,5,16,53,44,9,28.37837837837838,6.756756756756757,21.62162162162162,71.62162162162163,59.45945945945946,12.162162162162163
E00061766,105,35,9,26,70,64,6,33.33333333333333,8.571428571428571,24.761904761904763,66.66666666666666,60.952380952380956,5.714285714285714
E00061767,144,55,10,45,89,77,12,38.19444444444444,6.944444444444445,31.25,61.80555555555556,53.47222222222222,8.333333333333332
E00061768,193,54,10,44,139,120,19,27.979274611398964,5.181347150259067,22.797927461139896,72.02072538860104,62.17616580310881,9.844559585492227
E00061769,78,31,8,23,47,43,4,39.743589743589745,10.256410256410255,29.48717948717949,60.256410256410255,55.12820512820513,5.128205128205128
E00061770,83,27,9,18,56,51,5,32.53012048192771,10.843373493975903,21.686746987951807,67.46987951807229,61.44578313253012,6.024096385542169
E00061771,116,47,12,35,69,60,9,40.51724137931034,10.344827586206897,30.17241379310345,59.48275862068966,51.724137931034484,7.758620689655173
E00061773,135,46,10,36,89,79,10,34.074074074074076,7.4074074074074066,26.666666666666668,65.92592592592592,58.51851851851851,7.4074074074074066
E00061774,152,47,9,38,105,92,13,30.92105263157895,5.921052631578947,25,69.07894736842105,60.526315789473685,8.552631578947368
E00061775,112,40,8,32,72,61,11,35.714285714285715,7.142857142857142,28.57142857142857,64.28571428571429,54.46428571428571,9.821428571428571
E00061776,92,26,7,19,66,66,0,28.26086956521739,7.608695652173914,20.652173913043477,71.73913043478261,71.73913043478261,0
E00061777,171,60,20,40,111,99,12,35.08771929824561,11.695906432748536,23.391812865497073,64.91228070175438,57.89473684210527,7.017543859649122
E00061778,126,33,10,23,93,87,6,26.190476190476193,7.936507936507936,18.253968253968253,73.80952380952381,69.04761904761905,4.761904761904762
E00061779,112,41,17,24,71,62,9,36.607142857142854,15.178571428571427,21.428571428571427,63.39285714285714,55.35714285714286,8.035714285714286
E00061780,81,26,7,19,55,43,12,32.098765432098766,8.641975308641975,23.456790123456788,67.90123456790124,53.086419753086425,14.814814814814813
E00061781,113,37,8,29,76,64,12,32.743362831858406,7.079646017699115,25.663716814159294,67.2566371681416,56.63716814159292,10.619469026548673
E00061782,152,58,25,33,94,83,11,38.15789473684211,16.447368421052634,21.710526315789476,61.8421052631579,54.60526315789473,7.236842105263158
E00061783,131,47,10,37,84,71,13,35.87786259541985,7.633587786259542,28.24427480916031,64.12213740458014,54.19847328244275,9.923664122137405
E00061784,128,48,18,30,80,65,15,37.5,14.0625,23.4375,62.5,50.78125,11.71875
E00061785,118,54,22,32,64,55,9,45.76271186440678,18.64406779661017,27.11864406779661,54.23728813559322,46.61016949152542,7.627118644067797
E00061786,120,38,15,23,82,63,19,31.666666666666664,12.5,19.166666666666668,68.33333333333333,52.5,15.833333333333332
E00061787,81,28,5,23,53,48,5,34.5679012345679,6.172839506172839,28.39506172839506,65.4320987654321,59.25925925925925,6.172839506172839
E00061788,76,25,9,16,51,45,6,32.89473684210527,11.842105263157894,21.052631578947366,67.10526315789474,59.210526315789465,7.894736842105263
E00061789,103,46,11,35,57,49,8,44.66019417475729,10.679611650485436,33.980582524271846,55.33980582524271,47.57281553398058,7.766990291262135
E00061790,96,22,9,13,74,67,7,22.916666666666664,9.375,13.541666666666666,77.08333333333334,69.79166666666666,7.291666666666667
E00061791,48,11,1,10,37,33,4,22.916666666666664,2.083333333333333,20.833333333333336,77.08333333333334,68.75,8.333333333333332
E00061792,109,50,14,36,59,49,10,45.87155963302752,12.844036697247708,33.02752293577982,54.12844036697248,44.95412844036697,9.174311926605505
E00061793,137,46,13,33,91,82,9,33.57664233576642,9.48905109489051,24.087591240875913,66.42335766423358,59.854014598540154,6.569343065693431
E00061794,117,47,12,35,70,59,11,40.17094017094017,10.256410256410255,29.914529914529915,59.82905982905983,50.427350427350426,9.401709401709402
E00061795,104,30,5,25,74,63,11,28.846153846153843,4.807692307692308,24.03846153846154,71.15384615384616,60.57692307692307,10.576923076923077
E00061796,109,35,10,25,74,61,13,32.11009174311927,9.174311926605505,22.93577981651376,67.88990825688074,55.96330275229357,11.926605504587156
E00061797,112,35,12,23,77,62,15,31.25,10.714285714285714,20.535714285714285,68.75,55.35714285714286,13.392857142857142
E00061798,83,23,4,19,60,54,6,27.710843373493976,4.819277108433735,22.89156626506024,72.28915662650603,65.06024096385542,7.228915662650602
E00061799,96,33,14,19,63,54,9,34.375,14.583333333333334,19.791666666666664,65.625,56.25,9.375
E00061800,140,39,11,28,101,95,6,27.857142857142858,7.857142857142857,20,72.14285714285714,67.85714285714286,4.285714285714286
E00061801,124,39,11,28,85,71,14,31.451612903225808,8.870967741935484,22.58064516129032,68.54838709677419,57.25806451612904,11.29032258064516
E00061802,85,23,7,16,62,54,8,27.058823529411764,8.235294117647058,18.823529411764707,72.94117647058823,63.52941176470588,9.411764705882353
E00061803,76,21,9,12,55,50,5,27.631578947368425,11.842105263157894,15.789473684210526,72.36842105263158,65.78947368421053,6.578947368421052
E00061804,165,49,21,28,116,100,16,29.6969696969697,12.727272727272727,16.969696969696972,70.3030303030303,60.60606060606061,9.696969696969697
E00061805,66,29,15,14,37,28,9,43.93939393939394,22.727272727272727,21.21212121212121,56.060606060606055,42.42424242424242,13.636363636363635
E00061806,73,18,4,14,55,48,7,24.65753424657534,5.47945205479452,19.17808219178082,75.34246575342466,65.75342465753424,9.58904109589041
E00061807,113,34,6,28,79,68,11,30.08849557522124,5.3097345132743365,24.778761061946902,69.91150442477876,60.17699115044248,9.734513274336283
E00061808,109,35,6,29,74,65,9,32.11009174311927,5.5045871559633035,26.605504587155966,67.88990825688074,59.63302752293578,8.256880733944955
E00061809,99,32,11,21,67,59,8,32.323232323232325,11.11111111111111,21.21212121212121,67.67676767676768,59.59595959595959,8.080808080808081
E00061811,104,30,12,18,74,63,11,28.846153846153843,11.538461538461538,17.307692307692307,71.15384615384616,60.57692307692307,10.576923076923077
E00061812,129,49,10,39,80,74,6,37.98449612403101,7.751937984496124,30.23255813953488,62.01550387596899,57.36434108527132,4.651162790697675
E00061813,92,30,5,25,62,53,9,32.608695652173914,5.434782608695652,27.173913043478258,67.3913043478261,57.608695652173914,9.782608695652174
E00061814,133,43,10,33,90,82,8,32.33082706766917,7.518796992481203,24.81203007518797,67.66917293233082,61.65413533834586,6.015037593984962
E00061815,78,22,7,15,56,46,10,28.205128205128204,8.974358974358974,19.230769230769234,71.7948717948718,58.97435897435898,12.82051282051282
E00061816,127,42,13,29,85,70,15,33.07086614173229,10.236220472440944,22.83464566929134,66.92913385826772,55.118110236220474,11.811023622047244
E00061817,142,31,8,23,111,98,13,21.830985915492956,5.633802816901409,16.19718309859155,78.16901408450704,69.01408450704226,9.15492957746479
E00061818,135,49,15,34,86,78,8,36.2962962962963,11.11111111111111,25.185185185185183,63.70370370370371,57.77777777777777,5.9259259259259265
E00061819,127,42,7,35,85,73,12,33.07086614173229,5.511811023622047,27.559055118110237,66.92913385826772,57.48031496062992,9.448818897637794
E00061820,130,48,11,37,82,69,13,36.92307692307693,8.461538461538462,28.46153846153846,63.07692307692307,53.07692307692308,10
E00061821,128,35,13,22,93,76,17,27.34375,10.15625,17.1875,72.65625,59.375,13.28125
E00061822,139,39,7,32,100,91,9,28.05755395683453,5.0359712230215825,23.021582733812952,71.94244604316546,65.46762589928058,6.474820143884892
E00061823,99,32,12,20,67,62,5,32.323232323232325,12.121212121212121,20.2020202020202,67.67676767676768,62.62626262626263,5.05050505050505
E00061824,126,50,13,37,76,69,7,39.682539682539684,10.317460317460316,29.365079365079367,60.317460317460316,54.761904761904766,5.555555555555555
E00061825,161,37,10,27,124,107,17,22.981366459627328,6.211180124223603,16.77018633540373,77.01863354037268,66.45962732919256,10.559006211180124
E00061826,155,46,13,33,109,95,14,29.677419354838708,8.38709677419355,21.29032258064516,70.3225806451613,61.29032258064516,9.032258064516128
E00061827,165,38,11,27,127,112,15,23.03030303030303,6.666666666666667,16.363636363636363,76.96969696969697,67.87878787878789,9.090909090909092
E00061828,133,50,10,40,83,76,7,37.59398496240601,7.518796992481203,30.075187969924812,62.40601503759399,57.14285714285714,5.263157894736842
E00061829,133,25,1,24,108,99,9,18.796992481203006,0.7518796992481203,18.045112781954884,81.203007518797,74.43609022556392,6.7669172932330826
E00061830,86,26,10,16,60,51,9,30.23255813953488,11.627906976744185,18.6046511627907,69.76744186046511,59.30232558139535,10.465116279069768
E00061831,64,12,4,8,52,36,16,18.75,6.25,12.5,81.25,56.25,25
E00061832,101,48,9,39,53,47,6,47.524752475247524,8.91089108910891,38.613861386138616,52.475247524752476,46.53465346534654,5.9405940594059405
E00061833,189,57,11,46,132,116,16,30.158730158730158,5.82010582010582,24.33862433862434,69.84126984126983,61.37566137566137,8.465608465608465
E00061834,114,28,9,19,86,71,15,24.561403508771928,7.894736842105263,16.666666666666664,75.43859649122807,62.28070175438597,13.157894736842104
E00061838,74,23,10,13,51,47,4,31.08108108108108,13.513513513513514,17.56756756756757,68.91891891891892,63.51351351351351,5.405405405405405
E00061841,93,25,9,16,68,59,9,26.881720430107524,9.67741935483871,17.20430107526882,73.11827956989248,63.44086021505376,9.67741935483871
E00061842,114,47,17,30,67,60,7,41.228070175438596,14.912280701754385,26.31578947368421,58.77192982456141,52.63157894736842,6.140350877192982
E00061843,76,35,14,21,41,21,20,46.05263157894737,18.421052631578945,27.631578947368425,53.94736842105263,27.631578947368425,26.31578947368421
E00061844,224,66,36,30,158,142,16,29.464285714285715,16.071428571428573,13.392857142857142,70.53571428571429,63.39285714285714,7.142857142857142
E00061845,217,72,41,31,145,134,11,33.17972350230415,18.89400921658986,14.285714285714285,66.82027649769586,61.75115207373272,5.0691244239631335
E00061846,92,40,9,31,52,45,7,43.47826086956522,9.782608695652174,33.69565217391305,56.52173913043478,48.91304347826087,7.608695652173914
E00061847,99,33,12,21,66,56,10,33.33333333333333,12.121212121212121,21.21212121212121,66.66666666666666,56.56565656565656,10.1010101010101
E00061848,58,15,7,8,43,36,7,25.862068965517242,12.068965517241379,13.793103448275861,74.13793103448276,62.06896551724138,12.068965517241379
E00061849,90,28,7,21,62,54,8,31.11111111111111,7.777777777777778,23.333333333333332,68.88888888888889,60,8.88888888888889
E00061850,78,26,10,16,52,46,6,33.33333333333333,12.82051282051282,20.51282051282051,66.66666666666666,58.97435897435898,7.6923076923076925
E00061851,169,70,19,51,99,88,11,41.42011834319527,11.242603550295858,30.17751479289941,58.57988165680473,52.071005917159766,6.508875739644971
E00061852,92,43,10,33,49,36,13,46.73913043478261,10.869565217391305,35.869565217391305,53.2608695652174,39.130434782608695,14.130434782608695
E00061854,79,38,8,30,41,29,12,48.10126582278481,10.126582278481013,37.9746835443038,51.89873417721519,36.708860759493675,15.18987341772152
E00061855,163,28,0,28,135,119,16,17.177914110429448,0,17.177914110429448,82.82208588957054,73.00613496932516,9.815950920245399
E00061856,41,22,3,19,19,16,3,53.65853658536586,7.317073170731707,46.34146341463415,46.34146341463415,39.02439024390244,7.317073170731707
E00061858,23,5,2,3,18,15,3,21.73913043478261,8.695652173913043,13.043478260869565,78.26086956521739,65.21739130434783,13.043478260869565
E00061859,116,44,22,22,72,65,7,37.93103448275862,18.96551724137931,18.96551724137931,62.06896551724138,56.03448275862068,6.0344827586206895
E00061860,25,10,5,5,15,11,4,40,20,20,60,44,16
E00061863,74,27,12,15,47,40,7,36.486486486486484,16.216216216216218,20.27027027027027,63.51351351351351,54.054054054054056,9.45945945945946
E00061864,104,35,10,25,69,62,7,33.65384615384615,9.615384615384617,24.03846153846154,66.34615384615384,59.61538461538461,6.730769230769231
E00061865,71,40,15,25,31,31,0,56.33802816901409,21.12676056338028,35.2112676056338,43.66197183098591,43.66197183098591,0
E00061866,106,48,17,31,58,52,6,45.28301886792453,16.037735849056602,29.245283018867923,54.71698113207547,49.056603773584904,5.660377358490567
E00061867,168,41,16,25,127,120,7,24.404761904761905,9.523809523809524,14.880952380952381,75.59523809523809,71.42857142857143,4.166666666666666
E00061868,140,31,10,21,109,99,10,22.142857142857142,7.142857142857142,15,77.85714285714286,70.71428571428572,7.142857142857142
E00061869,97,32,9,23,65,54,11,32.98969072164948,9.278350515463918,23.711340206185564,67.0103092783505,55.670103092783506,11.34020618556701
E00061870,130,44,7,37,86,73,13,33.84615384615385,5.384615384615385,28.46153846153846,66.15384615384615,56.15384615384615,10
E00061872,131,37,14,23,94,75,19,28.24427480916031,10.687022900763358,17.557251908396946,71.7557251908397,57.25190839694656,14.50381679389313
E00061873,107,31,13,18,76,55,21,28.971962616822427,12.149532710280374,16.822429906542055,71.02803738317756,51.4018691588785,19.626168224299064
E00061874,204,52,26,26,152,132,20,25.49019607843137,12.745098039215685,12.745098039215685,74.50980392156863,64.70588235294117,9.803921568627452
E00061875,159,59,21,38,100,72,28,37.10691823899371,13.20754716981132,23.89937106918239,62.893081761006286,45.28301886792453,17.61006289308176
E00061876,167,49,16,33,118,96,22,29.34131736526946,9.580838323353294,19.760479041916167,70.65868263473054,57.48502994011976,13.17365269461078
E00061877,143,34,7,27,109,84,25,23.776223776223777,4.895104895104895,18.88111888111888,76.22377622377621,58.74125874125874,17.482517482517483
E00061878,137,51,12,39,86,72,14,37.22627737226277,8.75912408759124,28.467153284671532,62.77372262773723,52.55474452554745,10.218978102189782
E00061879,142,45,14,31,97,72,25,31.690140845070424,9.859154929577464,21.830985915492956,68.30985915492957,50.70422535211267,17.6056338028169
E00061880,148,45,9,36,103,86,17,30.405405405405407,6.081081081081082,24.324324324324326,69.5945945945946,58.108108108108105,11.486486486486488
E00061881,158,58,15,43,100,83,17,36.708860759493675,9.49367088607595,27.21518987341772,63.29113924050633,52.53164556962025,10.759493670886076
E00061882,102,36,12,24,66,57,9,35.294117647058826,11.76470588235294,23.52941176470588,64.70588235294117,55.88235294117647,8.823529411764707
E00061883,105,35,5,30,70,64,6,33.33333333333333,4.761904761904762,28.57142857142857,66.66666666666666,60.952380952380956,5.714285714285714
E00061884,128,47,14,33,81,63,18,36.71875,10.9375,25.78125,63.28125,49.21875,14.0625
E00061885,127,35,10,25,92,82,10,27.559055118110237,7.874015748031496,19.68503937007874,72.44094488188976,64.56692913385827,7.874015748031496
E00061886,143,43,9,34,100,93,7,30.069930069930066,6.293706293706294,23.776223776223777,69.93006993006993,65.03496503496503,4.895104895104895
E00061887,84,30,8,22,54,42,12,35.714285714285715,9.523809523809524,26.190476190476193,64.28571428571429,50,14.285714285714285
E00061888,106,37,8,29,69,59,10,34.90566037735849,7.547169811320755,27.358490566037734,65.09433962264151,55.660377358490564,9.433962264150944
E00061889,136,36,10,26,100,89,11,26.47058823529412,7.352941176470589,19.11764705882353,73.52941176470588,65.44117647058823,8.088235294117647
E00061890,125,30,7,23,95,78,17,24,5.6000000000000005,18.4,76,62.4,13.600000000000001
E00061891,82,33,12,21,49,48,1,40.243902439024396,14.634146341463413,25.609756097560975,59.756097560975604,58.536585365853654,1.2195121951219512
E00061892,141,32,8,24,109,97,12,22.69503546099291,5.673758865248227,17.02127659574468,77.30496453900709,68.79432624113475,8.51063829787234
E00061893,115,45,13,32,70,61,9,39.130434782608695,11.304347826086957,27.82608695652174,60.86956521739131,53.04347826086957,7.82608695652174
E00061894,107,42,14,28,65,59,6,39.25233644859813,13.084112149532709,26.168224299065418,60.747663551401864,55.140186915887845,5.607476635514018
E00061895,57,24,4,20,33,33,0,42.10526315789473,7.017543859649122,35.08771929824561,57.89473684210527,57.89473684210527,0
E00061896,144,69,15,54,75,69,6,47.91666666666667,10.416666666666668,37.5,52.083333333333336,47.91666666666667,4.166666666666666
E00061897,109,46,11,35,63,55,8,42.201834862385326,10.091743119266056,32.11009174311927,57.798165137614674,50.45871559633027,7.339449541284404
E00061898,160,43,7,36,117,109,8,26.875,4.375,22.5,73.125,68.125,5
E00061899,136,58,18,40,78,73,5,42.64705882352941,13.23529411764706,29.411764705882355,57.35294117647059,53.67647058823529,3.6764705882352944
E00061900,128,46,15,31,82,77,5,35.9375,11.71875,24.21875,64.0625,60.15625,3.90625
E00061901,136,53,14,39,83,72,11,38.970588235294116,10.294117647058822,28.676470588235293,61.029411764705884,52.94117647058824,8.088235294117647
E00061902,115,40,11,29,75,61,14,34.78260869565217,9.565217391304348,25.217391304347824,65.21739130434783,53.04347826086957,12.173913043478262
E00061903,127,46,12,34,81,76,5,36.22047244094488,9.448818897637794,26.77165354330709,63.77952755905512,59.84251968503938,3.937007874015748
E00061904,142,44,9,35,98,89,9,30.985915492957744,6.338028169014084,24.647887323943664,69.01408450704226,62.676056338028175,6.338028169014084
E00061906,95,31,6,25,64,60,4,32.631578947368425,6.315789473684211,26.31578947368421,67.36842105263158,63.1578947368421,4.2105263157894735
E00061907,145,48,13,35,97,87,10,33.10344827586207,8.96551724137931,24.137931034482758,66.89655172413794,60,6.896551724137931
E00061908,127,39,15,24,88,75,13,30.708661417322837,11.811023622047244,18.89763779527559,69.29133858267717,59.055118110236215,10.236220472440944
E00061909,45,23,6,17,22,18,4,51.11111111111111,13.333333333333334,37.77777777777778,48.888888888888886,40,8.88888888888889
E00061910,140,38,10,28,102,88,14,27.142857142857142,7.142857142857142,20,72.85714285714285,62.857142857142854,10
E00061911,48,14,8,6,34,28,6,29.166666666666668,16.666666666666664,12.5,70.83333333333334,58.333333333333336,12.5
E00061912,53,19,8,11,34,33,1,35.84905660377358,15.09433962264151,20.754716981132077,64.15094339622641,62.264150943396224,1.8867924528301887
E00061913,104,37,10,27,67,58,9,35.57692307692308,9.615384615384617,25.961538461538463,64.42307692307693,55.769230769230774,8.653846153846153
E00061914,112,41,9,32,71,61,10,36.607142857142854,8.035714285714286,28.57142857142857,63.39285714285714,54.46428571428571,8.928571428571429
E00061915,156,47,9,38,109,94,15,30.128205128205128,5.769230769230769,24.358974358974358,69.87179487179486,60.256410256410255,9.615384615384617
E00061916,138,40,8,32,98,82,16,28.985507246376812,5.797101449275362,23.18840579710145,71.01449275362319,59.42028985507246,11.594202898550725
E00061917,143,51,19,32,92,85,7,35.66433566433567,13.286713286713287,22.377622377622377,64.33566433566433,59.44055944055944,4.895104895104895
E00061918,138,43,15,28,95,87,8,31.15942028985507,10.869565217391305,20.28985507246377,68.84057971014492,63.04347826086957,5.797101449275362
E00061919,103,43,12,31,60,47,13,41.74757281553398,11.650485436893204,30.097087378640776,58.252427184466015,45.63106796116505,12.62135922330097
E00061920,196,64,19,45,132,117,15,32.6530612244898,9.693877551020408,22.95918367346939,67.3469387755102,59.693877551020414,7.653061224489796
E00061921,122,25,9,16,97,81,16,20.491803278688526,7.377049180327869,13.114754098360656,79.50819672131148,66.39344262295081,13.114754098360656
E00061922,82,23,8,15,59,53,6,28.04878048780488,9.75609756097561,18.29268292682927,71.95121951219512,64.63414634146342,7.317073170731707
E00061923,132,36,8,28,96,79,17,27.27272727272727,6.0606060606060606,21.21212121212121,72.72727272727273,59.84848484848485,12.878787878787879
E00061924,82,29,14,15,53,46,7,35.36585365853659,17.073170731707318,18.29268292682927,64.63414634146342,56.09756097560976,8.536585365853659
E00061925,96,42,12,30,54,46,8,43.75,12.5,31.25,56.25,47.91666666666667,8.333333333333332
E00061926,146,55,10,45,91,83,8,37.67123287671233,6.8493150684931505,30.82191780821918,62.328767123287676,56.849315068493155,5.47945205479452
E00061927,133,48,21,27,85,71,14,36.09022556390977,15.789473684210526,20.30075187969925,63.90977443609023,53.383458646616546,10.526315789473683
E00061928,149,48,12,36,101,83,18,32.21476510067114,8.053691275167784,24.161073825503358,67.78523489932886,55.70469798657718,12.080536912751679
E00061929,97,35,13,22,62,55,7,36.08247422680412,13.402061855670103,22.68041237113402,63.91752577319587,56.70103092783505,7.216494845360824
E00061930,145,36,6,30,109,92,17,24.82758620689655,4.137931034482759,20.689655172413794,75.17241379310344,63.44827586206897,11.724137931034482
E00061931,177,47,18,29,130,118,12,26.55367231638418,10.16949152542373,16.38418079096045,73.44632768361582,66.66666666666666,6.779661016949152
E00061932,58,14,3,11,44,41,3,24.137931034482758,5.172413793103448,18.96551724137931,75.86206896551724,70.6896551724138,5.172413793103448
E00061933,164,42,8,34,122,108,14,25.609756097560975,4.878048780487805,20.73170731707317,74.39024390243902,65.85365853658537,8.536585365853659
E00061934,88,33,11,22,55,50,5,37.5,12.5,25,62.5,56.81818181818182,5.681818181818182
E00061936,129,43,17,26,86,77,9,33.33333333333333,13.178294573643413,20.155038759689923,66.66666666666666,59.68992248062015,6.976744186046512
E00061937,92,27,7,20,65,56,9,29.347826086956523,7.608695652173914,21.73913043478261,70.65217391304348,60.86956521739131,9.782608695652174
E00061938,130,38,13,25,92,82,10,29.230769230769234,10,19.230769230769234,70.76923076923077,63.07692307692307,7.6923076923076925
E00061939,98,40,12,28,58,47,11,40.816326530612244,12.244897959183673,28.57142857142857,59.183673469387756,47.95918367346938,11.224489795918368
E00061941,74,15,3,12,59,48,11,20.27027027027027,4.054054054054054,16.216216216216218,79.72972972972973,64.86486486486487,14.864864864864865
E00061942,61,26,6,20,35,26,9,42.62295081967213,9.836065573770492,32.78688524590164,57.377049180327866,42.62295081967213,14.754098360655737
E00061943,90,38,14,24,52,50,2,42.22222222222222,15.555555555555555,26.666666666666668,57.77777777777777,55.55555555555556,2.2222222222222223
E00061944,141,34,10,24,107,93,14,24.113475177304963,7.092198581560284,17.02127659574468,75.88652482269504,65.95744680851064,9.929078014184398
E00061945,72,26,8,18,46,39,7,36.11111111111111,11.11111111111111,25,63.888888888888886,54.166666666666664,9.722222222222223
E00061946,102,47,13,34,55,46,9,46.07843137254902,12.745098039215685,33.33333333333333,53.92156862745098,45.09803921568628,8.823529411764707
E00061947,107,31,9,22,76,65,11,28.971962616822427,8.411214953271028,20.5607476635514,71.02803738317756,60.747663551401864,10.2803738317757
E00061948,145,40,8,32,105,94,11,27.586206896551722,5.517241379310345,22.06896551724138,72.41379310344827,64.82758620689654,7.586206896551724
E00061949,51,17,4,13,34,31,3,33.33333333333333,7.8431372549019605,25.49019607843137,66.66666666666666,60.78431372549019,5.88235294117647
E00061950,106,42,9,33,64,58,6,39.62264150943396,8.49056603773585,31.132075471698112,60.37735849056604,54.71698113207547,5.660377358490567
E00061951,87,32,6,26,55,50,5,36.7816091954023,6.896551724137931,29.88505747126437,63.2183908045977,57.47126436781609,5.747126436781609
E00061952,75,26,4,22,49,44,5,34.66666666666667,5.333333333333334,29.333333333333332,65.33333333333333,58.666666666666664,6.666666666666667
E00061953,120,46,14,32,74,67,7,38.333333333333336,11.666666666666666,26.666666666666668,61.66666666666667,55.833333333333336,5.833333333333333
E00061954,78,27,7,20,51,48,3,34.61538461538461,8.974358974358974,25.64102564102564,65.38461538461539,61.53846153846154,3.8461538461538463
E00061955,64,31,11,20,33,24,9,48.4375,17.1875,31.25,51.5625,37.5,14.0625
E00061956,72,27,8,19,45,40,5,37.5,11.11111111111111,26.38888888888889,62.5,55.55555555555556,6.944444444444445
E00061957,81,33,6,27,48,44,4,40.74074074074074,7.4074074074074066,33.33333333333333,59.25925925925925,54.32098765432099,4.938271604938271
E00061958,63,27,11,16,36,32,4,42.857142857142854,17.46031746031746,25.396825396825395,57.14285714285714,50.79365079365079,6.349206349206349
E00061959,82,17,7,10,65,58,7,20.73170731707317,8.536585365853659,12.195121951219512,79.26829268292683,70.73170731707317,8.536585365853659
E00061960,55,17,3,14,38,36,2,30.909090909090907,5.454545454545454,25.454545454545453,69.0909090909091,65.45454545454545,3.6363636363636362
E00061961,131,44,14,30,87,77,10,33.587786259541986,10.687022900763358,22.900763358778626,66.41221374045801,58.778625954198475,7.633587786259542
E00061962,145,46,17,29,99,86,13,31.724137931034484,11.724137931034482,20,68.27586206896552,59.310344827586206,8.96551724137931
E00061964,98,29,11,18,69,59,10,29.591836734693878,11.224489795918368,18.367346938775512,70.40816326530613,60.204081632653065,10.204081632653061
E00061965,89,24,8,16,65,55,10,26.96629213483146,8.98876404494382,17.97752808988764,73.03370786516854,61.79775280898876,11.235955056179774
E00061966,87,33,5,28,54,48,6,37.93103448275862,5.747126436781609,32.18390804597701,62.06896551724138,55.172413793103445,6.896551724137931
E00061967,79,29,4,25,50,47,3,36.708860759493675,5.063291139240507,31.645569620253166,63.29113924050633,59.49367088607595,3.79746835443038
E00061968,91,34,15,19,57,56,1,37.362637362637365,16.483516483516482,20.87912087912088,62.637362637362635,61.53846153846154,1.098901098901099
E00061969,70,22,11,11,48,47,1,31.428571428571427,15.714285714285714,15.714285714285714,68.57142857142857,67.14285714285714,1.4285714285714286
E00061971,58,21,4,17,37,36,1,36.206896551724135,6.896551724137931,29.310344827586203,63.793103448275865,62.06896551724138,1.7241379310344827
E00061972,182,57,13,44,125,109,16,31.318681318681318,7.142857142857142,24.175824175824175,68.68131868131869,59.89010989010989,8.791208791208792
E00061975,121,37,14,23,84,70,14,30.57851239669421,11.570247933884298,19.00826446280992,69.42148760330579,57.85123966942148,11.570247933884298
E00061977,110,34,8,26,76,66,10,30.909090909090907,7.2727272727272725,23.636363636363637,69.0909090909091,60,9.090909090909092
E00061978,201,49,8,41,152,132,20,24.378109452736318,3.9800995024875623,20.398009950248756,75.62189054726367,65.67164179104478,9.950248756218906
E00061979,96,27,8,19,69,63,6,28.125,8.333333333333332,19.791666666666664,71.875,65.625,6.25
E00061980,95,39,16,23,56,47,9,41.05263157894737,16.842105263157894,24.210526315789473,58.94736842105262,49.473684210526315,9.473684210526317
E00061981,154,41,9,32,113,97,16,26.623376623376622,5.844155844155844,20.77922077922078,73.37662337662337,62.98701298701299,10.38961038961039
E00061982,128,37,8,29,91,82,9,28.90625,6.25,22.65625,71.09375,64.0625,7.03125
E00061983,123,39,14,25,84,73,11,31.70731707317073,11.38211382113821,20.32520325203252,68.29268292682927,59.34959349593496,8.94308943089431
E00061985,104,36,14,22,68,57,11,34.61538461538461,13.461538461538462,21.153846153846153,65.38461538461539,54.807692307692314,10.576923076923077
E00061987,249,75,21,54,174,155,19,30.120481927710845,8.433734939759036,21.686746987951807,69.87951807228916,62.24899598393574,7.630522088353414
E00061988,130,34,11,23,96,81,15,26.153846153846157,8.461538461538462,17.692307692307693,73.84615384615385,62.30769230769231,11.538461538461538
E00061989,262,64,31,33,198,152,46,24.427480916030532,11.83206106870229,12.595419847328243,75.57251908396947,58.01526717557252,17.557251908396946
E00061990,165,43,13,30,122,103,19,26.060606060606062,7.878787878787878,18.181818181818183,73.93939393939394,62.42424242424243,11.515151515151516
E00061991,141,38,21,17,103,89,14,26.95035460992908,14.893617021276595,12.056737588652481,73.04964539007092,63.12056737588653,9.929078014184398
E00061992,122,39,11,28,83,67,16,31.967213114754102,9.01639344262295,22.950819672131146,68.0327868852459,54.91803278688525,13.114754098360656
E00061993,90,32,16,16,58,47,11,35.55555555555556,17.77777777777778,17.77777777777778,64.44444444444444,52.22222222222223,12.222222222222221
E00061995,141,33,16,17,108,88,20,23.404255319148938,11.347517730496454,12.056737588652481,76.59574468085107,62.4113475177305,14.184397163120568
E00061997,118,41,16,25,77,55,22,34.74576271186441,13.559322033898304,21.1864406779661,65.2542372881356,46.61016949152542,18.64406779661017
E00061999,137,37,15,22,100,83,17,27.00729927007299,10.948905109489052,16.05839416058394,72.99270072992701,60.58394160583942,12.408759124087592
E00062000,168,41,11,30,127,109,18,24.404761904761905,6.547619047619048,17.857142857142858,75.59523809523809,64.88095238095238,10.714285714285714
E00062001,152,50,11,39,102,86,16,32.89473684210527,7.236842105263158,25.657894736842106,67.10526315789474,56.57894736842105,10.526315789473683
E00062002,193,53,21,32,140,122,18,27.461139896373055,10.880829015544041,16.580310880829018,72.53886010362694,63.212435233160626,9.32642487046632
E00062003,86,40,20,20,46,41,5,46.51162790697674,23.25581395348837,23.25581395348837,53.48837209302325,47.674418604651166,5.813953488372093
E00062004,151,43,13,30,108,87,21,28.47682119205298,8.609271523178808,19.867549668874172,71.52317880794702,57.615894039735096,13.90728476821192
E00062006,103,22,11,11,81,65,16,21.35922330097087,10.679611650485436,10.679611650485436,78.64077669902912,63.10679611650486,15.53398058252427
E00062007,237,61,16,45,176,144,32,25.738396624472575,6.751054852320674,18.9873417721519,74.26160337552743,60.75949367088608,13.502109704641349
E00062008,125,36,11,25,89,77,12,28.799999999999997,8.799999999999999,20,71.2,61.6,9.6
E00062009,122,36,10,26,86,74,12,29.508196721311474,8.19672131147541,21.311475409836063,70.49180327868852,60.65573770491803,9.836065573770492
E00062010,112,22,4,18,90,80,10,19.642857142857142,3.571428571428571,16.071428571428573,80.35714285714286,71.42857142857143,8.928571428571429
E00062011,118,32,11,21,86,69,17,27.11864406779661,9.322033898305085,17.796610169491526,72.88135593220339,58.47457627118644,14.40677966101695
E00062012,167,37,8,29,130,117,13,22.15568862275449,4.790419161676647,17.365269461077844,77.84431137724552,70.05988023952095,7.784431137724551
E00062013,193,47,16,31,146,128,18,24.352331606217618,8.290155440414509,16.06217616580311,75.64766839378238,66.32124352331607,9.32642487046632
E00062014,61,20,7,13,41,38,3,32.78688524590164,11.475409836065573,21.311475409836063,67.21311475409836,62.295081967213115,4.918032786885246
E00062015,151,32,8,24,119,95,24,21.192052980132452,5.298013245033113,15.894039735099339,78.80794701986756,62.913907284768214,15.894039735099339
E00062016,136,39,9,30,97,77,20,28.676470588235293,6.61764705882353,22.058823529411764,71.32352941176471,56.61764705882353,14.705882352941178
E00062017,142,40,14,26,102,78,24,28.169014084507044,9.859154929577464,18.30985915492958,71.83098591549296,54.929577464788736,16.901408450704224
E00062018,121,40,16,24,81,64,17,33.057851239669425,13.223140495867769,19.834710743801654,66.94214876033058,52.892561983471076,14.049586776859504
E00062019,153,42,13,29,111,87,24,27.450980392156865,8.49673202614379,18.954248366013072,72.54901960784314,56.86274509803921,15.686274509803921
E00062020,171,59,17,42,112,88,24,34.50292397660819,9.941520467836257,24.561403508771928,65.49707602339181,51.461988304093566,14.035087719298245
E00062021,104,36,10,26,68,57,11,34.61538461538461,9.615384615384617,25,65.38461538461539,54.807692307692314,10.576923076923077
E00062022,102,31,14,17,71,65,6,30.392156862745097,13.725490196078432,16.666666666666664,69.6078431372549,63.725490196078425,5.88235294117647
E00062023,169,40,12,28,129,109,20,23.668639053254438,7.100591715976331,16.56804733727811,76.33136094674556,64.49704142011834,11.834319526627219
E00062024,45,21,12,9,24,20,4,46.666666666666664,26.666666666666668,20,53.333333333333336,44.44444444444444,8.88888888888889
E00062025,132,43,17,26,89,69,20,32.57575757575758,12.878787878787879,19.696969696969695,67.42424242424242,52.27272727272727,15.151515151515152
E00062026,133,24,12,12,109,74,35,18.045112781954884,9.022556390977442,9.022556390977442,81.95488721804512,55.639097744360896,26.31578947368421
E00062027,94,31,12,19,63,55,8,32.97872340425532,12.76595744680851,20.212765957446805,67.02127659574468,58.51063829787234,8.51063829787234
E00062028,164,56,25,31,108,88,20,34.146341463414636,15.24390243902439,18.902439024390244,65.85365853658537,53.65853658536586,12.195121951219512
E00062029,157,40,11,29,117,104,13,25.477707006369428,7.006369426751593,18.471337579617835,74.52229299363057,66.2420382165605,8.280254777070063
E00062030,104,26,11,15,78,71,7,25,10.576923076923077,14.423076923076922,75,68.26923076923077,6.730769230769231
E00062031,74,21,5,16,53,45,8,28.37837837837838,6.756756756756757,21.62162162162162,71.62162162162163,60.810810810810814,10.81081081081081
E00062032,130,46,18,28,84,74,10,35.38461538461539,13.846153846153847,21.53846153846154,64.61538461538461,56.92307692307692,7.6923076923076925
E00062033,128,42,15,27,86,73,13,32.8125,11.71875,21.09375,67.1875,57.03125,10.15625
E00062034,103,32,14,18,71,62,9,31.06796116504854,13.592233009708737,17.475728155339805,68.93203883495146,60.19417475728155,8.737864077669903
E00062035,98,25,8,17,73,58,15,25.510204081632654,8.16326530612245,17.346938775510203,74.48979591836735,59.183673469387756,15.306122448979592
E00062037,118,31,12,19,87,74,13,26.27118644067797,10.16949152542373,16.101694915254235,73.72881355932203,62.71186440677966,11.016949152542372
E00062038,134,37,10,27,97,86,11,27.611940298507463,7.462686567164178,20.149253731343283,72.38805970149254,64.17910447761194,8.208955223880597
E00062039,123,24,8,16,99,84,15,19.51219512195122,6.504065040650407,13.008130081300814,80.48780487804879,68.29268292682927,12.195121951219512
E00062040,142,29,15,14,113,89,24,20.422535211267608,10.56338028169014,9.859154929577464,79.5774647887324,62.676056338028175,16.901408450704224
E00062041,95,23,6,17,72,50,22,24.210526315789473,6.315789473684211,17.894736842105264,75.78947368421053,52.63157894736842,23.157894736842106
E00062042,126,30,11,19,96,76,20,23.809523809523807,8.73015873015873,15.079365079365079,76.19047619047619,60.317460317460316,15.873015873015872
E00165747,62,22,3,19,40,36,4,35.483870967741936,4.838709677419355,30.64516129032258,64.51612903225806,58.06451612903226,6.451612903225806
E00165748,200,56,20,36,144,132,12,28.000000000000004,10,18,72,66,6
E00165749,64,25,7,18,39,29,10,39.0625,10.9375,28.125,60.9375,45.3125,15.625
E00165750,75,32,12,20,43,39,4,42.66666666666667,16,26.666666666666668,57.333333333333336,52,5.333333333333334
E00165751,86,28,6,22,58,52,6,32.55813953488372,6.976744186046512,25.581395348837212,67.44186046511628,60.46511627906976,6.976744186046512
E00165752,72,19,8,11,53,45,8,26.38888888888889,11.11111111111111,15.277777777777779,73.61111111111111,62.5,11.11111111111111
E00165764,227,64,16,48,163,146,17,28.193832599118945,7.048458149779736,21.145374449339208,71.80616740088107,64.31718061674009,7.488986784140969
E00165765,156,52,14,38,104,86,18,33.33333333333333,8.974358974358974,24.358974358974358,66.66666666666666,55.12820512820513,11.538461538461538
E00174136,113,30,5,25,83,71,12,26.548672566371685,4.424778761061947,22.123893805309734,73.45132743362832,62.83185840707964,10.619469026548673
E00174137,340,74,12,62,266,226,40,21.764705882352942,3.5294117647058822,18.235294117647058,78.23529411764706,66.47058823529412,11.76470588235294
E00174139,168,34,12,22,134,111,23,20.238095238095237,7.142857142857142,13.095238095238097,79.76190476190477,66.07142857142857,13.690476190476192
E00174140,194,48,15,33,146,113,33,24.742268041237114,7.731958762886598,17.010309278350515,75.25773195876289,58.24742268041238,17.010309278350515
E00174141,182,44,15,29,138,114,24,24.175824175824175,8.241758241758241,15.934065934065933,75.82417582417582,62.637362637362635,13.186813186813188
E00174142,188,45,15,30,143,120,23,23.93617021276596,7.9787234042553195,15.957446808510639,76.06382978723404,63.829787234042556,12.23404255319149
E00174143,60,17,8,9,43,40,3,28.333333333333332,13.333333333333334,15,71.66666666666667,66.66666666666666,5
E00174144,76,21,3,18,55,49,6,27.631578947368425,3.9473684210526314,23.684210526315788,72.36842105263158,64.47368421052632,7.894736842105263
E00174145,218,57,20,37,161,125,36,26.146788990825687,9.174311926605505,16.972477064220186,73.85321100917432,57.3394495412844,16.51376146788991
E00174147,155,49,19,30,106,78,28,31.61290322580645,12.258064516129032,19.35483870967742,68.38709677419355,50.32258064516129,18.064516129032256
E00174148,73,50,12,38,23,21,2,68.4931506849315,16.43835616438356,52.054794520547944,31.506849315068493,28.767123287671232,2.73972602739726
E00174149,188,42,10,32,146,131,15,22.340425531914892,5.319148936170213,17.02127659574468,77.6595744680851,69.68085106382979,7.9787234042553195
E00174150,131,56,19,37,75,63,12,42.74809160305343,14.50381679389313,28.24427480916031,57.25190839694656,48.091603053435115,9.16030534351145
E00174152,276,69,16,53,207,178,29,25,5.797101449275362,19.202898550724637,75,64.4927536231884,10.507246376811594
E00174153,222,65,17,48,157,131,26,29.27927927927928,7.657657657657657,21.62162162162162,70.72072072072072,59.009009009009006,11.711711711711711
E00174155,165,47,8,39,118,109,9,28.484848484848484,4.848484848484849,23.636363636363637,71.51515151515152,66.06060606060606,5.454545454545454
E00174156,152,44,12,32,108,93,15,28.947368421052634,7.894736842105263,21.052631578947366,71.05263157894737,61.18421052631579,9.868421052631579
E00174157,76,15,3,12,61,55,6,19.736842105263158,3.9473684210526314,15.789473684210526,80.26315789473685,72.36842105263158,7.894736842105263
E00174158,174,41,10,31,133,110,23,23.563218390804597,5.747126436781609,17.81609195402299,76.4367816091954,63.2183908045977,13.218390804597702
E00174159,156,38,6,32,118,104,14,24.358974358974358,3.8461538461538463,20.51282051282051,75.64102564102564,66.66666666666666,8.974358974358974
E00174160,162,45,14,31,117,100,17,27.77777777777778,8.641975308641975,19.1358024691358,72.22222222222221,61.72839506172839,10.493827160493826
E00174162,157,41,15,26,116,102,14,26.11464968152866,9.554140127388536,16.560509554140125,73.88535031847134,64.96815286624204,8.9171974522293
E00174163,140,39,10,29,101,90,11,27.857142857142858,7.142857142857142,20.714285714285715,72.14285714285714,64.28571428571429,7.857142857142857
E00174164,162,43,16,27,119,104,15,26.543209876543212,9.876543209876543,16.666666666666664,73.4567901234568,64.19753086419753,9.25925925925926
E00174165,189,112,61,51,77,56,21,59.25925925925925,32.27513227513227,26.984126984126984,40.74074074074074,29.629629629629626,11.11111111111111
E00174166,29,11,5,6,18,18,0,37.93103448275862,17.24137931034483,20.689655172413794,62.06896551724138,62.06896551724138,0
E00174168,226,54,13,41,172,147,25,23.893805309734514,5.752212389380531,18.141592920353983,76.10619469026548,65.04424778761062,11.061946902654867
E00174169,202,40,14,26,162,143,19,19.801980198019802,6.9306930693069315,12.871287128712872,80.19801980198021,70.79207920792079,9.405940594059405
E00174170,131,44,9,35,87,75,12,33.587786259541986,6.870229007633588,26.717557251908396,66.41221374045801,57.25190839694656,9.16030534351145
E00174172,213,62,24,38,151,130,21,29.107981220657276,11.267605633802818,17.84037558685446,70.89201877934272,61.03286384976526,9.859154929577464
E00174174,215,79,38,41,136,106,30,36.74418604651163,17.674418604651162,19.069767441860467,63.25581395348837,49.30232558139535,13.953488372093023
E00174175,209,47,13,34,162,133,29,22.48803827751196,6.220095693779904,16.267942583732058,77.51196172248804,63.63636363636363,13.875598086124402
E00174176,212,50,15,35,162,119,43,23.58490566037736,7.0754716981132075,16.50943396226415,76.41509433962264,56.132075471698116,20.28301886792453
E00174177,194,43,14,29,151,128,23,22.164948453608247,7.216494845360824,14.948453608247423,77.83505154639175,65.97938144329896,11.855670103092782
E00174178,194,53,14,39,141,114,27,27.31958762886598,7.216494845360824,20.103092783505154,72.68041237113401,58.76288659793815,13.917525773195877
E00174179,121,26,10,16,95,78,17,21.487603305785125,8.264462809917356,13.223140495867769,78.51239669421489,64.46280991735537,14.049586776859504
E00174180,198,52,8,44,146,117,29,26.262626262626267,4.040404040404041,22.22222222222222,73.73737373737373,59.09090909090909,14.646464646464647
E00174181,209,56,18,38,153,136,17,26.794258373205743,8.61244019138756,18.181818181818183,73.20574162679426,65.07177033492823,8.133971291866029
E00174182,184,35,10,25,149,129,20,19.021739130434785,5.434782608695652,13.586956521739129,80.97826086956522,70.1086956521739,10.869565217391305
E00174183,192,46,10,36,146,124,22,23.958333333333336,5.208333333333334,18.75,76.04166666666666,64.58333333333334,11.458333333333332
E00174186,174,45,8,37,129,107,22,25.862068965517242,4.597701149425287,21.26436781609195,74.13793103448276,61.49425287356321,12.643678160919542
E00174187,139,28,10,18,111,97,14,20.14388489208633,7.1942446043165464,12.949640287769784,79.85611510791367,69.7841726618705,10.071942446043165
E00174188,133,37,14,23,96,70,26,27.819548872180448,10.526315789473683,17.293233082706767,72.18045112781954,52.63157894736842,19.548872180451127
E00174189,193,34,9,25,159,131,28,17.616580310880828,4.66321243523316,12.953367875647666,82.38341968911918,67.87564766839378,14.507772020725387
E00174190,170,43,13,30,127,112,15,25.294117647058822,7.647058823529412,17.647058823529413,74.70588235294117,65.88235294117646,8.823529411764707
E00188171,42,14,8,6,28,16,12,33.33333333333333,19.047619047619047,14.285714285714285,66.66666666666666,38.095238095238095,28.57142857142857
E00188180,244,44,13,31,200,176,24,18.0327868852459,5.327868852459016,12.704918032786885,81.9672131147541,72.1311475409836,9.836065573770492
E00188183,179,30,9,21,149,119,30,16.75977653631285,5.027932960893855,11.731843575418994,83.24022346368714,66.4804469273743,16.75977653631285
E00188185,197,49,20,29,148,118,30,24.873096446700508,10.152284263959391,14.720812182741117,75.1269035532995,59.89847715736041,15.228426395939088
E00188187,227,53,15,38,174,134,40,23.348017621145374,6.607929515418502,16.740088105726873,76.65198237885463,59.03083700440529,17.62114537444934
E00188189,150,32,8,24,118,103,15,21.333333333333336,5.333333333333334,16,78.66666666666666,68.66666666666667,10
E00188191,103,28,4,24,75,68,7,27.184466019417474,3.8834951456310676,23.300970873786408,72.81553398058253,66.01941747572816,6.796116504854369
E00188197,184,29,10,19,155,138,17,15.760869565217392,5.434782608695652,10.326086956521738,84.23913043478261,75,9.239130434782608
E00188198,144,23,11,12,121,107,14,15.972222222222221,7.638888888888889,8.333333333333332,84.02777777777779,74.30555555555556,9.722222222222223
E00188201,186,33,7,26,153,127,26,17.741935483870968,3.763440860215054,13.978494623655912,82.25806451612904,68.27956989247312,13.978494623655912
E00188202,152,47,20,27,105,74,31,30.92105263157895,13.157894736842104,17.763157894736842,69.07894736842105,48.68421052631579,20.394736842105264
E00188204,158,48,12,36,110,91,19,30.37974683544304,7.59493670886076,22.78481012658228,69.62025316455697,57.59493670886076,12.025316455696203
E00188205,146,33,10,23,113,99,14,22.602739726027394,6.8493150684931505,15.753424657534246,77.3972602739726,67.8082191780822,9.58904109589041
E00188206,165,43,8,35,122,107,15,26.060606060606062,4.848484848484849,21.21212121212121,73.93939393939394,64.84848484848484,9.090909090909092
E00188210,57,27,7,20,30,29,1,47.368421052631575,12.280701754385964,35.08771929824561,52.63157894736842,50.877192982456144,1.7543859649122806
E00188212,200,36,10,26,164,147,17,18,5,13,82,73.5,8.5
E00188214,200,46,11,35,154,132,22,23,5.5,17.5,77,66,11
E00188219,75,11,0,11,64,59,5,14.666666666666666,0,14.666666666666666,85.33333333333334,78.66666666666666,6.666666666666667
E00188222,159,59,14,45,100,84,16,37.10691823899371,8.80503144654088,28.30188679245283,62.893081761006286,52.83018867924528,10.062893081761008
E00188223,162,40,11,29,122,109,13,24.691358024691358,6.790123456790123,17.901234567901234,75.30864197530865,67.28395061728395,8.024691358024691
E00188229,143,56,16,40,87,63,24,39.16083916083916,11.188811188811188,27.972027972027973,60.83916083916085,44.05594405594406,16.783216783216783
E00188230,55,20,7,13,35,33,2,36.36363636363637,12.727272727272727,23.636363636363637,63.63636363636363,60,3.6363636363636362
E00188231,218,36,9,27,182,149,33,16.51376146788991,4.128440366972478,12.385321100917432,83.4862385321101,68.34862385321101,15.137614678899084
E00188232,188,33,12,21,155,143,12,17.5531914893617,6.382978723404255,11.170212765957446,82.4468085106383,76.06382978723404,6.382978723404255
E00188233,184,25,3,22,159,143,16,13.586956521739129,1.6304347826086956,11.956521739130435,86.41304347826086,77.71739130434783,8.695652173913043
E00188236,236,45,18,27,191,147,44,19.06779661016949,7.627118644067797,11.440677966101696,80.9322033898305,62.28813559322034,18.64406779661017
E00188238,69,21,4,17,48,43,5,30.434782608695656,5.797101449275362,24.637681159420293,69.56521739130434,62.31884057971014,7.246376811594203
E00188247,184,45,17,28,139,109,30,24.456521739130434,9.239130434782608,15.217391304347828,75.54347826086956,59.2391304347826,16.304347826086957
E00188248,221,54,16,38,167,140,27,24.43438914027149,7.239819004524888,17.194570135746606,75.56561085972851,63.348416289592755,12.217194570135746
E00188252,48,6,1,5,42,33,9,12.5,2.083333333333333,10.416666666666668,87.5,68.75,18.75
E00188255,199,41,13,28,158,131,27,20.603015075376884,6.532663316582915,14.07035175879397,79.39698492462311,65.82914572864321,13.5678391959799
E00188256,167,40,9,31,127,96,31,23.952095808383234,5.389221556886228,18.562874251497004,76.04790419161677,57.48502994011976,18.562874251497004
E00188257,151,40,11,29,111,95,16,26.490066225165563,7.28476821192053,19.205298013245034,73.50993377483444,62.913907284768214,10.596026490066226
E00188259,215,46,15,31,169,145,24,21.3953488372093,6.976744186046512,14.418604651162791,78.6046511627907,67.44186046511628,11.162790697674419
E00188261,213,44,11,33,169,140,29,20.657276995305164,5.164319248826291,15.492957746478872,79.34272300469483,65.72769953051643,13.615023474178404
E00188262,171,42,10,32,129,107,22,24.561403508771928,5.847953216374268,18.71345029239766,75.43859649122807,62.57309941520468,12.865497076023392
E00188264,250,75,19,56,175,147,28,30,7.6,22.400000000000002,70,58.8,11.200000000000001
E00188267,134,32,7,25,102,88,14,23.88059701492537,5.223880597014925,18.65671641791045,76.11940298507463,65.67164179104478,10.44776119402985
E00188272,244,79,27,52,165,121,44,32.37704918032787,11.065573770491802,21.311475409836063,67.62295081967213,49.59016393442623,18.0327868852459
E00188273,166,31,7,24,135,115,20,18.67469879518072,4.216867469879518,14.457831325301203,81.32530120481928,69.27710843373494,12.048192771084338
E00188276,178,33,5,28,145,126,19,18.53932584269663,2.8089887640449436,15.730337078651685,81.46067415730337,70.78651685393258,10.674157303370785
E00188279,142,44,11,33,98,88,10,30.985915492957744,7.746478873239436,23.239436619718308,69.01408450704226,61.97183098591549,7.042253521126761
E00188285,179,37,9,28,142,112,30,20.670391061452513,5.027932960893855,15.64245810055866,79.3296089385475,62.56983240223464,16.75977653631285
E00188287,243,63,19,44,180,128,52,25.925925925925924,7.818930041152264,18.106995884773664,74.07407407407408,52.674897119341566,21.39917695473251
E00188291,143,38,6,32,105,90,15,26.573426573426573,4.195804195804196,22.377622377622377,73.42657342657343,62.93706293706294,10.48951048951049
E00188294,137,37,13,24,100,77,23,27.00729927007299,9.48905109489051,17.51824817518248,72.99270072992701,56.20437956204379,16.78832116788321
E00188295,185,47,13,34,138,116,22,25.405405405405407,7.027027027027027,18.37837837837838,74.5945945945946,62.70270270270271,11.891891891891893
E00188296,197,62,19,43,135,110,25,31.472081218274113,9.644670050761421,21.82741116751269,68.52791878172589,55.83756345177665,12.690355329949238
E00188303,70,32,13,19,38,30,8,45.714285714285715,18.571428571428573,27.142857142857142,54.285714285714285,42.857142857142854,11.428571428571429
E00188306,166,24,8,16,142,121,21,14.457831325301203,4.819277108433735,9.63855421686747,85.54216867469879,72.89156626506023,12.650602409638553
E00188311,208,36,10,26,172,143,29,17.307692307692307,4.807692307692308,12.5,82.6923076923077,68.75,13.942307692307693
E00188313,128,32,13,19,96,68,28,25,10.15625,14.84375,75,53.125,21.875
E00188314,152,44,12,32,108,98,10,28.947368421052634,7.894736842105263,21.052631578947366,71.05263157894737,64.47368421052632,6.578947368421052
E00188320,111,26,11,15,85,74,11,23.423423423423422,9.90990990990991,13.513513513513514,76.57657657657657,66.66666666666666,9.90990990990991
E00188323,191,31,13,18,160,133,27,16.230366492146597,6.806282722513089,9.424083769633508,83.7696335078534,69.63350785340315,14.136125654450263
E00188325,182,49,13,36,133,120,13,26.923076923076923,7.142857142857142,19.78021978021978,73.07692307692307,65.93406593406593,7.142857142857142
E00188326,154,28,11,17,126,99,27,18.181818181818183,7.142857142857142,11.03896103896104,81.81818181818183,64.28571428571429,17.532467532467532
E00188327,90,28,6,22,62,48,14,31.11111111111111,6.666666666666667,24.444444444444443,68.88888888888889,53.333333333333336,15.555555555555555
E00188328,96,26,9,17,70,64,6,27.083333333333332,9.375,17.708333333333336,72.91666666666666,66.66666666666666,6.25
E00188329,94,17,4,13,77,70,7,18.085106382978726,4.25531914893617,13.829787234042554,81.91489361702128,74.46808510638297,7.446808510638298
E00188330,203,25,4,21,178,148,30,12.31527093596059,1.9704433497536946,10.344827586206897,87.68472906403942,72.9064039408867,14.77832512315271
