OA,ts0380001,ts0380002,ts0380003,ts0380004,ts0380005,ts0380006,ts0380007,ts0380002_PCT,ts0380003_PCT,ts0380004_PCT,ts0380005_PCT,ts0380006_PCT,ts0380007_PCT
E00128063,299,51,17,34,248,26,222,17.05685618729097,5.68561872909699,11.37123745819398,82.94314381270902,8.695652173913043,74.24749163879598
E00128064,354,54,14,40,300,23,277,15.254237288135593,3.954802259887006,11.299435028248588,84.7457627118644,6.497175141242938,78.24858757062147
E00128065,312,47,21,26,265,38,227,15.064102564102564,6.730769230769231,8.333333333333332,84.93589743589743,12.179487179487179,72.75641025641025
E00128066,233,73,54,19,160,18,142,31.330472103004293,23.17596566523605,8.15450643776824,68.6695278969957,7.725321888412018,60.94420600858369
E00128067,268,46,22,24,222,22,200,17.16417910447761,8.208955223880597,8.955223880597014,82.83582089552239,8.208955223880597,74.6268656716418
E00128068,351,81,38,43,270,34,236,23.076923076923077,10.826210826210826,12.250712250712251,76.92307692307693,9.686609686609685,67.23646723646723
E00128069,283,66,25,41,217,22,195,23.32155477031802,8.8339222614841,14.487632508833922,76.67844522968198,7.773851590106007,68.90459363957598
E00128070,241,44,18,26,197,24,173,18.25726141078838,7.468879668049793,10.78838174273859,81.74273858921161,9.95850622406639,71.78423236514523
E00128071,251,50,23,27,201,23,178,19.9203187250996,9.163346613545817,10.756972111553784,80.0796812749004,9.163346613545817,70.91633466135458
E00128072,262,52,18,34,210,19,191,19.84732824427481,6.870229007633588,12.977099236641221,80.1526717557252,7.251908396946565,72.90076335877863
E00128073,207,55,26,29,152,15,137,26.570048309178745,12.560386473429952,14.009661835748794,73.42995169082126,7.246376811594203,66.18357487922705
E00128074,305,76,33,43,229,25,204,24.91803278688525,10.819672131147541,14.098360655737704,75.08196721311475,8.19672131147541,66.88524590163935
E00128075,277,46,15,31,231,23,208,16.60649819494585,5.415162454873646,11.191335740072201,83.39350180505414,8.303249097472925,75.09025270758123
E00128076,332,54,22,32,278,28,250,16.265060240963855,6.626506024096386,9.63855421686747,83.73493975903614,8.433734939759036,75.30120481927712
E00128077,228,39,17,22,189,16,173,17.105263157894736,7.456140350877193,9.649122807017543,82.89473684210526,7.017543859649122,75.87719298245614
E00128078,313,57,26,31,256,14,242,18.210862619808307,8.30670926517572,9.904153354632587,81.78913738019169,4.472843450479233,77.31629392971246
E00128079,365,72,28,44,293,20,273,19.726027397260275,7.671232876712329,12.054794520547945,80.27397260273973,5.47945205479452,74.79452054794521
E00128080,362,59,27,32,303,8,295,16.298342541436465,7.458563535911603,8.83977900552486,83.70165745856355,2.209944751381215,81.49171270718232
E00128081,403,74,31,43,329,20,309,18.36228287841191,7.6923076923076925,10.669975186104217,81.6377171215881,4.962779156327544,76.67493796526055
E00128082,244,67,33,34,177,19,158,27.459016393442624,13.524590163934427,13.934426229508196,72.54098360655738,7.786885245901639,64.75409836065575
E00128083,372,77,38,39,295,12,283,20.698924731182796,10.21505376344086,10.483870967741936,79.3010752688172,3.225806451612903,76.0752688172043
E00128084,330,70,37,33,260,14,246,21.21212121212121,11.212121212121213,10,78.78787878787878,4.242424242424243,74.54545454545455
E00128085,285,46,21,25,239,11,228,16.140350877192983,7.368421052631578,8.771929824561402,83.85964912280703,3.8596491228070176,80
E00128086,340,66,34,32,274,19,255,19.411764705882355,10,9.411764705882353,80.58823529411765,5.588235294117648,75
E00128087,367,71,33,38,296,16,280,19.346049046321525,8.991825613079019,10.354223433242508,80.65395095367847,4.35967302452316,76.29427792915531
E00128088,405,57,25,32,348,21,327,14.074074074074074,6.172839506172839,7.901234567901234,85.92592592592592,5.185185185185185,80.74074074074075
E00128089,209,39,18,21,170,9,161,18.660287081339714,8.61244019138756,10.047846889952153,81.3397129186603,4.30622009569378,77.03349282296651
E00128090,284,46,18,28,238,21,217,16.19718309859155,6.338028169014084,9.859154929577464,83.80281690140845,7.394366197183098,76.40845070422534
E00128091,178,72,37,35,106,6,100,40.44943820224719,20.786516853932586,19.662921348314608,59.55056179775281,3.3707865168539324,56.17977528089888
E00128092,273,64,31,33,209,14,195,23.44322344322344,11.355311355311356,12.087912087912088,76.55677655677655,5.128205128205128,71.42857142857143
E00128093,334,77,39,38,257,16,241,23.053892215568865,11.676646706586826,11.377245508982035,76.94610778443113,4.790419161676647,72.15568862275448
E00128094,250,91,66,25,159,11,148,36.4,26.400000000000002,10,63.6,4.3999999999999995,59.199999999999996
E00128095,196,48,27,21,148,7,141,24.489795918367346,13.77551020408163,10.714285714285714,75.51020408163265,3.571428571428571,71.93877551020408
E00128096,333,55,26,29,278,17,261,16.516516516516518,7.807807807807808,8.708708708708707,83.48348348348348,5.105105105105105,78.37837837837837
E00128097,328,86,43,43,242,15,227,26.21951219512195,13.109756097560975,13.109756097560975,73.78048780487805,4.573170731707317,69.20731707317073
E00128098,375,57,32,25,318,15,303,15.2,8.533333333333333,6.666666666666667,84.8,4,80.80000000000001
E00128099,349,62,19,43,287,20,267,17.765042979942695,5.444126074498568,12.320916905444127,82.23495702005731,5.730659025787966,76.50429799426934
E00128100,310,52,23,29,258,13,245,16.7741935483871,7.419354838709677,9.35483870967742,83.22580645161291,4.193548387096775,79.03225806451613
E00128101,409,78,37,41,331,16,315,19.070904645476773,9.04645476772616,10.024449877750612,80.92909535452323,3.9119804400977993,77.01711491442543
E00128102,317,30,10,20,287,30,257,9.46372239747634,3.1545741324921135,6.309148264984227,90.53627760252367,9.46372239747634,81.07255520504731
E00128103,314,56,20,36,258,16,242,17.8343949044586,6.369426751592357,11.464968152866243,82.16560509554141,5.095541401273886,77.07006369426752
E00128104,371,80,29,51,291,18,273,21.563342318059302,7.816711590296496,13.746630727762804,78.4366576819407,4.8517520215633425,73.58490566037736
E00128105,342,72,30,42,270,25,245,21.052631578947366,8.771929824561402,12.280701754385964,78.94736842105263,7.309941520467836,71.6374269005848
E00128106,300,52,23,29,248,28,220,17.333333333333336,7.666666666666666,9.666666666666666,82.66666666666667,9.333333333333334,73.33333333333333
E00128107,243,76,41,35,167,13,154,31.275720164609055,16.872427983539097,14.40329218106996,68.72427983539094,5.349794238683128,63.37448559670782
E00128108,296,49,20,29,247,19,228,16.554054054054053,6.756756756756757,9.797297297297296,83.44594594594594,6.418918918918918,77.02702702702703
E00128109,342,55,23,32,287,29,258,16.08187134502924,6.725146198830409,9.35672514619883,83.91812865497076,8.47953216374269,75.43859649122807
E00128110,315,41,19,22,274,25,249,13.015873015873018,6.031746031746032,6.984126984126984,86.98412698412699,7.936507936507936,79.04761904761905
E00128111,263,52,20,32,211,17,194,19.771863117870723,7.604562737642586,12.167300380228136,80.22813688212928,6.4638783269961975,73.76425855513308
E00128112,279,47,19,28,232,27,205,16.845878136200717,6.810035842293908,10.03584229390681,83.15412186379928,9.67741935483871,73.47670250896059
E00128113,375,80,32,48,295,27,268,21.333333333333336,8.533333333333333,12.8,78.66666666666666,7.199999999999999,71.46666666666667
E00128114,294,49,19,30,245,25,220,16.666666666666664,6.462585034013606,10.204081632653061,83.33333333333334,8.503401360544217,74.82993197278913
E00128115,355,76,44,32,279,22,257,21.408450704225352,12.394366197183098,9.014084507042254,78.59154929577464,6.197183098591549,72.3943661971831
E00128116,178,78,45,33,100,14,86,43.82022471910113,25.280898876404496,18.53932584269663,56.17977528089888,7.865168539325842,48.31460674157304
E00128117,368,30,13,17,338,21,317,8.152173913043478,3.532608695652174,4.619565217391304,91.84782608695652,5.706521739130435,86.1413043478261
E00128118,318,53,18,35,265,28,237,16.666666666666664,5.660377358490567,11.0062893081761,83.33333333333334,8.80503144654088,74.52830188679245
E00128119,340,44,18,26,296,17,279,12.941176470588237,5.294117647058823,7.647058823529412,87.05882352941177,5,82.05882352941177
E00128120,284,50,24,26,234,19,215,17.6056338028169,8.450704225352112,9.15492957746479,82.3943661971831,6.690140845070422,75.70422535211267
E00128121,339,55,21,34,284,27,257,16.224188790560472,6.1946902654867255,10.029498525073747,83.77581120943954,7.964601769911504,75.81120943952803
E00128122,337,34,12,22,303,22,281,10.089020771513352,3.5608308605341246,6.528189910979229,89.91097922848664,6.528189910979229,83.38278931750742
E00128123,379,90,57,33,289,27,262,23.7467018469657,15.03957783641161,8.70712401055409,76.2532981530343,7.12401055408971,69.12928759894459
E00128124,321,55,21,34,266,26,240,17.133956386292834,6.5420560747663545,10.59190031152648,82.86604361370716,8.09968847352025,74.76635514018692
E00128125,318,92,54,38,226,14,212,28.930817610062892,16.9811320754717,11.949685534591195,71.0691823899371,4.40251572327044,66.66666666666666
E00128126,441,60,27,33,381,15,366,13.60544217687075,6.122448979591836,7.482993197278912,86.39455782312925,3.4013605442176873,82.99319727891157
E00128127,306,59,24,35,247,21,226,19.28104575163399,7.8431372549019605,11.437908496732026,80.71895424836602,6.862745098039216,73.8562091503268
E00128128,453,56,28,28,397,25,372,12.362030905077264,6.181015452538632,6.181015452538632,87.63796909492274,5.518763796909492,82.11920529801324
E00128129,346,75,36,39,271,11,260,21.67630057803468,10.404624277456648,11.271676300578035,78.32369942196532,3.1791907514450863,75.14450867052022
E00128130,340,72,41,31,268,11,257,21.176470588235293,12.058823529411764,9.117647058823529,78.82352941176471,3.2352941176470593,75.58823529411765
E00128131,455,61,39,22,394,10,384,13.406593406593407,8.571428571428571,4.835164835164836,86.5934065934066,2.197802197802198,84.3956043956044
E00128132,428,133,95,38,295,13,282,31.074766355140188,22.19626168224299,8.878504672897195,68.92523364485982,3.0373831775700935,65.88785046728972
E00128133,432,41,20,21,391,19,372,9.49074074074074,4.62962962962963,4.861111111111112,90.50925925925925,4.398148148148148,86.11111111111111
E00128134,394,89,54,35,305,12,293,22.588832487309645,13.705583756345177,8.883248730964468,77.41116751269035,3.0456852791878175,74.36548223350253
E00128135,474,65,27,38,409,22,387,13.71308016877637,5.69620253164557,8.016877637130802,86.28691983122363,4.641350210970464,81.64556962025317
E00128136,379,49,28,21,330,11,319,12.928759894459102,7.387862796833773,5.540897097625329,87.0712401055409,2.9023746701846966,84.1688654353562
E00128137,432,61,33,28,371,7,364,14.120370370370368,7.638888888888889,6.481481481481481,85.87962962962963,1.6203703703703702,84.25925925925925
E00128138,424,40,21,19,384,11,373,9.433962264150944,4.952830188679245,4.481132075471698,90.56603773584906,2.5943396226415096,87.97169811320755
E00128139,465,58,30,28,407,20,387,12.473118279569892,6.451612903225806,6.021505376344086,87.52688172043011,4.301075268817205,83.22580645161291
E00128140,460,65,28,37,395,3,392,14.130434782608695,6.086956521739131,8.043478260869565,85.86956521739131,0.6521739130434783,85.21739130434783
E00128141,431,55,24,31,376,15,361,12.761020881670534,5.56844547563805,7.192575406032482,87.23897911832947,3.480278422273782,83.75870069605568
E00128142,433,96,53,43,337,19,318,22.170900692840647,12.240184757505773,9.930715935334874,77.82909930715935,4.387990762124711,73.44110854503464
E00128143,358,76,35,41,282,12,270,21.22905027932961,9.776536312849162,11.452513966480447,78.77094972067039,3.35195530726257,75.41899441340783
E00128144,398,74,33,41,324,18,306,18.592964824120603,8.291457286432161,10.301507537688442,81.4070351758794,4.522613065326634,76.88442211055276
E00128146,319,52,24,28,267,12,255,16.30094043887147,7.523510971786834,8.77742946708464,83.69905956112854,3.761755485893417,79.9373040752351
E00128147,331,77,35,42,254,12,242,23.26283987915408,10.574018126888216,12.688821752265861,76.73716012084593,3.625377643504532,73.111782477341393
E00128148,109,38,25,13,71,7,64,34.862385321100916,22.93577981651376,11.926605504587156,65.13761467889908,6.422018348623854,58.71559633027523
E00128149,320,62,33,29,258,19,239,19.375,10.3125,9.0625,80.625,5.9375,74.6875
E00128150,290,82,34,48,208,18,190,28.27586206896552,11.724137931034482,16.551724137931036,71.72413793103448,6.206896551724138,65.51724137931035
E00128151,386,85,39,46,301,14,287,22.020725388601036,10.103626943005182,11.917098445595855,77.97927461139896,3.6269430051813467,74.35233160621762
E00128152,424,47,26,21,377,10,367,11.084905660377359,6.132075471698113,4.952830188679245,88.91509433962264,2.358490566037736,86.55660377358491
E00128153,271,56,37,19,215,13,202,20.66420664206642,13.653136531365314,7.011070110701106,79.33579335793358,4.797047970479705,74.53874538745387
E00128154,319,54,31,23,265,15,250,16.927899686520377,9.717868338557993,7.210031347962382,83.07210031347962,4.702194357366771,78.36990595611285
E00128155,388,48,31,17,340,14,326,12.371134020618557,7.989690721649484,4.381443298969072,87.62886597938144,3.608247422680412,84.02061855670104
E00128156,363,55,32,23,308,17,291,15.151515151515152,8.81542699724518,6.336088154269973,84.84848484848484,4.683195592286501,80.16528925619835
E00128157,153,31,19,12,122,8,114,20.26143790849673,12.418300653594772,7.8431372549019605,79.73856209150327,5.228758169934641,74.50980392156863
E00128158,324,55,28,27,269,1,268,16.97530864197531,8.641975308641975,8.333333333333332,83.0246913580247,0.30864197530864196,82.71604938271605
E00128159,405,69,31,38,336,15,321,17.037037037037038,7.654320987654321,9.382716049382717,82.96296296296296,3.7037037037037033,79.25925925925927
E00128160,345,40,11,29,305,30,275,11.594202898550725,3.1884057971014492,8.405797101449275,88.40579710144928,8.695652173913043,79.71014492753623
E00128161,552,64,30,34,488,40,448,11.594202898550725,5.434782608695652,6.159420289855073,88.40579710144928,7.246376811594203,81.15942028985508
E00128162,445,57,22,35,388,30,358,12.808988764044942,4.943820224719101,7.865168539325842,87.19101123595505,6.741573033707865,80.4494382022472
E00128164,341,29,6,23,312,41,271,8.504398826979472,1.7595307917888565,6.744868035190615,91.49560117302052,12.023460410557185,79.47214076246334
E00128165,255,28,6,22,227,34,193,10.980392156862745,2.3529411764705883,8.627450980392156,89.01960784313725,13.333333333333334,75.68627450980392
E00128166,287,35,6,29,252,23,229,12.195121951219512,2.0905923344947737,10.104529616724738,87.8048780487805,8.013937282229964,79.79094076655052
E00128167,257,37,16,21,220,13,207,14.396887159533073,6.22568093385214,8.171206225680933,85.60311284046692,5.058365758754864,80.54474708171206
E00128168,291,80,52,28,211,26,185,27.491408934707906,17.869415807560138,9.621993127147768,72.5085910652921,8.934707903780069,63.57388316151202
E00128169,281,47,19,28,234,16,218,16.72597864768683,6.761565836298933,9.9644128113879,83.27402135231317,5.6939501779359425,77.58007117437722
E00128170,286,44,16,28,242,23,219,15.384615384615385,5.594405594405594,9.79020979020979,84.61538461538461,8.041958041958042,76.57342657342657
E00128171,282,34,12,22,248,18,230,12.056737588652481,4.25531914893617,7.801418439716312,87.94326241134752,6.382978723404255,81.56028368794325
E00128172,227,81,48,33,146,8,138,35.68281938325991,21.145374449339208,14.537444933920703,64.31718061674009,3.524229074889868,60.792951541850215
E00128173,225,25,10,15,200,12,188,11.11111111111111,4.444444444444445,6.666666666666667,88.88888888888889,5.333333333333334,83.55555555555556
E00128174,349,46,20,26,303,20,283,13.18051575931232,5.730659025787966,7.4498567335243555,86.81948424068769,5.730659025787966,81.08882521489971
E00128175,217,86,49,37,131,10,121,39.63133640552996,22.58064516129032,17.050691244239633,60.36866359447005,4.6082949308755765,55.76036866359447
E00128176,255,46,22,24,209,17,192,18.03921568627451,8.627450980392156,9.411764705882353,81.96078431372548,6.666666666666667,75.29411764705883
E00128177,396,51,16,35,345,15,330,12.878787878787879,4.040404040404041,8.83838383838384,87.12121212121212,3.787878787878788,83.33333333333334
E00128178,241,41,18,23,200,14,186,17.012448132780083,7.468879668049793,9.54356846473029,82.98755186721992,5.809128630705394,77.17842323651453
E00128179,298,48,22,26,250,15,235,16.10738255033557,7.38255033557047,8.724832214765101,83.89261744966443,5.033557046979865,78.85906040268456
E00128180,487,51,10,41,436,26,410,10.472279260780287,2.0533880903490758,8.41889117043121,89.5277207392197,5.338809034907597,84.18891170431212
E00128181,324,34,13,21,290,29,261,10.493827160493826,4.012345679012346,6.481481481481481,89.50617283950618,8.950617283950617,80.55555555555556
E00128182,388,44,16,28,344,41,303,11.34020618556701,4.123711340206185,7.216494845360824,88.65979381443299,10.56701030927835,78.09278350515464
E00128184,274,47,17,30,227,22,205,17.153284671532848,6.204379562043796,10.948905109489052,82.84671532846716,8.02919708029197,74.81751824817519
E00128185,499,61,24,37,438,36,402,12.224448897795591,4.809619238476954,7.414829659318638,87.7755511022044,7.214428857715431,80.56112224448898
E00128186,272,51,21,30,221,24,197,18.75,7.720588235294118,11.029411764705882,81.25,8.823529411764707,72.42647058823529
E00128187,534,103,69,34,431,41,390,19.288389513108616,12.921348314606742,6.367041198501873,80.71161048689139,7.677902621722846,73.03370786516854
E00128188,247,41,17,24,206,20,186,16.599190283400812,6.882591093117409,9.7165991902834,83.40080971659918,8.097165991902834,75.30364372469636
E00128189,262,31,12,19,231,24,207,11.83206106870229,4.580152671755725,7.251908396946565,88.16793893129771,9.16030534351145,79.00763358778626
E00128190,267,38,18,20,229,29,200,14.232209737827715,6.741573033707865,7.490636704119851,85.76779026217228,10.861423220973784,74.90636704119851
E00128191,305,48,25,23,257,13,244,15.737704918032788,8.19672131147541,7.540983606557377,84.26229508196721,4.2622950819672125,80
E00128192,285,50,16,34,235,16,219,17.543859649122805,5.614035087719298,11.929824561403509,82.45614035087719,5.614035087719298,76.84210526315789
E00128193,287,61,23,38,226,22,204,21.254355400696863,8.013937282229964,13.240418118466899,78.74564459930313,7.665505226480835,71.0801393728223
E00128194,303,26,3,23,277,33,244,8.58085808580858,0.9900990099009901,7.590759075907591,91.41914191419141,10.891089108910892,80.52805280528052
E00128195,315,51,11,40,264,24,240,16.19047619047619,3.492063492063492,12.698412698412698,83.80952380952381,7.6190476190476195,76.19047619047619
E00128196,350,40,11,29,310,33,277,11.428571428571429,3.1428571428571432,8.285714285714285,88.57142857142857,9.428571428571429,79.14285714285715
E00128197,284,64,30,34,220,17,203,22.535211267605636,10.56338028169014,11.971830985915492,77.46478873239437,5.985915492957746,71.47887323943662
E00128198,327,51,19,32,276,22,254,15.59633027522936,5.81039755351682,9.785932721712538,84.40366972477065,6.727828746177369,77.67584097859327
E00128199,316,56,20,36,260,19,241,17.72151898734177,6.329113924050633,11.39240506329114,82.27848101265823,6.012658227848101,76.26582278481013
E00128200,123,50,16,34,73,16,57,40.65040650406504,13.008130081300814,27.64227642276423,59.34959349593496,13.008130081300814,46.34146341463415
E00128201,281,48,17,31,233,19,214,17.08185053380783,6.049822064056939,11.032028469750891,82.91814946619218,6.761565836298933,76.15658362989323
E00128202,360,35,5,30,325,22,303,9.722222222222223,1.3888888888888888,8.333333333333332,90.27777777777779,6.111111111111111,84.16666666666667
E00128203,342,62,28,34,280,28,252,18.128654970760234,8.187134502923977,9.941520467836257,81.87134502923976,8.187134502923977,73.68421052631578
E00128204,318,126,64,62,192,14,178,39.62264150943396,20.125786163522015,19.49685534591195,60.37735849056604,4.40251572327044,55.9748427672956
E00128205,280,37,17,20,243,31,212,13.214285714285715,6.071428571428571,7.142857142857142,86.78571428571429,11.071428571428571,75.71428571428571
E00128206,239,58,24,34,181,26,155,24.267782426778243,10.0418410041841,14.225941422594143,75.73221757322176,10.87866108786611,64.85355648535564
E00128207,181,65,35,30,116,6,110,35.91160220994475,19.337016574585636,16.574585635359114,64.08839779005525,3.314917127071823,60.773480662983424
E00128208,364,71,36,35,293,35,258,19.505494505494507,9.89010989010989,9.615384615384617,80.4945054945055,9.615384615384617,70.87912087912088
E00128209,354,84,48,36,270,15,255,23.728813559322035,13.559322033898304,10.16949152542373,76.27118644067797,4.23728813559322,72.03389830508475
E00128210,248,62,30,32,186,9,177,25,12.096774193548388,12.903225806451612,75,3.6290322580645165,71.37096774193549
E00128211,253,67,29,38,186,13,173,26.48221343873518,11.462450592885375,15.019762845849801,73.51778656126481,5.138339920948617,68.37944664031622
E00128212,290,43,12,31,247,32,215,14.827586206896552,4.137931034482759,10.689655172413794,85.17241379310346,11.03448275862069,74.13793103448276
E00128213,286,80,32,48,206,18,188,27.972027972027973,11.188811188811188,16.783216783216783,72.02797202797203,6.293706293706294,65.73426573426573
E00128214,192,38,17,21,154,20,134,19.791666666666664,8.854166666666668,10.9375,80.20833333333334,10.416666666666668,69.79166666666666
E00128215,316,79,43,36,237,19,218,25,13.60759493670886,11.39240506329114,75,6.012658227848101,68.9873417721519
E00128216,292,53,21,32,239,28,211,18.15068493150685,7.191780821917808,10.95890410958904,81.84931506849315,9.58904109589041,72.26027397260275
E00128217,281,80,37,43,201,12,189,28.46975088967972,13.167259786476867,15.302491103202847,71.53024911032028,4.270462633451958,67.25978647686833
E00128218,317,99,56,43,218,15,203,31.230283911671926,17.665615141955836,13.564668769716087,68.76971608832808,4.73186119873817,64.03785488958991
E00128219,217,64,38,26,153,7,146,29.493087557603687,17.51152073732719,11.981566820276496,70.50691244239631,3.225806451612903,67.2811059907834
E00128220,237,51,21,30,186,16,170,21.518987341772153,8.860759493670885,12.658227848101266,78.48101265822784,6.751054852320674,71.72995780590718
E00128221,162,26,10,16,136,13,123,16.049382716049383,6.172839506172839,9.876543209876543,83.9506172839506,8.024691358024691,75.92592592592592
E00128222,235,72,38,34,163,18,145,30.638297872340424,16.170212765957448,14.468085106382977,69.36170212765957,7.659574468085106,61.702127659574465
E00128223,290,57,19,38,233,24,209,19.655172413793103,6.551724137931035,13.10344827586207,80.3448275862069,8.275862068965518,72.06896551724138
E00128224,304,95,61,34,209,17,192,31.25,20.065789473684212,11.18421052631579,68.75,5.592105263157895,63.1578947368421
E00128225,255,60,32,28,195,12,183,23.52941176470588,12.549019607843137,10.980392156862745,76.47058823529412,4.705882352941177,71.76470588235294
E00128226,227,74,37,37,153,9,144,32.59911894273127,16.299559471365637,16.299559471365637,67.40088105726872,3.9647577092511015,63.436123348017624
E00128227,245,53,28,25,192,17,175,21.63265306122449,11.428571428571429,10.204081632653061,78.36734693877551,6.938775510204081,71.42857142857143
E00128228,274,65,34,31,209,20,189,23.722627737226276,12.408759124087592,11.313868613138686,76.27737226277372,7.2992700729927,68.97810218978103
E00128229,217,43,18,25,174,14,160,19.81566820276498,8.294930875576037,11.52073732718894,80.18433179723502,6.451612903225806,73.73271889400922
E00128230,319,43,16,27,276,26,250,13.479623824451412,5.015673981191222,8.463949843260188,86.52037617554859,8.150470219435736,78.36990595611285
E00128231,292,78,39,39,214,17,197,26.71232876712329,13.356164383561644,13.356164383561644,73.28767123287672,5.821917808219178,67.46575342465754
E00128232,382,78,43,35,304,22,282,20.418848167539267,11.2565445026178,9.162303664921465,79.58115183246073,5.7591623036649215,73.82198952879581
E00128233,241,52,21,31,189,20,169,21.57676348547718,8.71369294605809,12.863070539419086,78.42323651452283,8.29875518672199,70.12448132780082
E00128234,329,80,42,38,249,21,228,24.316109422492403,12.76595744680851,11.55015197568389,75.6838905775076,6.382978723404255,69.30091185410335
E00128235,257,82,41,41,175,17,158,31.906614785992215,15.953307392996107,15.953307392996107,68.09338521400778,6.614785992217899,61.478599221789885
E00128236,169,55,33,22,114,9,105,32.544378698224854,19.526627218934912,13.017751479289942,67.45562130177515,5.325443786982249,62.1301775147929
E00128237,257,42,18,24,215,20,195,16.342412451361866,7.003891050583658,9.33852140077821,83.65758754863813,7.782101167315175,75.87548638132296
E00128238,238,67,33,34,171,16,155,28.15126050420168,13.865546218487395,14.285714285714285,71.84873949579831,6.722689075630252,65.12605042016807
E00128239,249,58,34,24,191,17,174,23.293172690763054,13.654618473895583,9.63855421686747,76.70682730923694,6.827309236947792,69.87951807228916
E00128240,292,71,38,33,221,20,201,24.315068493150687,13.013698630136986,11.301369863013697,75.68493150684932,6.8493150684931505,68.83561643835617
E00128241,302,70,31,39,232,18,214,23.178807947019866,10.264900662251655,12.91390728476821,76.82119205298014,5.960264900662252,70.86092715231787
E00128242,383,94,49,45,289,23,266,24.54308093994778,12.793733681462141,11.74934725848564,75.45691906005221,6.005221932114883,69.45169712793734
E00128243,227,41,25,16,186,20,166,18.06167400881057,11.013215859030836,7.048458149779736,81.93832599118943,8.81057268722467,73.12775330396477
E00128244,246,67,35,32,179,8,171,27.235772357723576,14.227642276422763,13.008130081300814,72.76422764227642,3.2520325203252036,69.51219512195121
E00128245,503,63,18,45,440,25,415,12.524850894632205,3.5785288270377733,8.946322067594433,87.47514910536779,4.970178926441352,82.50497017892644
E00128246,549,116,53,63,433,34,399,21.129326047358834,9.65391621129326,11.475409836065573,78.87067395264117,6.193078324225866,72.6775956284153
E00128247,304,49,15,34,255,18,237,16.11842105263158,4.934210526315789,11.18421052631579,83.88157894736842,5.921052631578947,77.96052631578947
E00128248,255,56,23,33,199,16,183,21.96078431372549,9.019607843137255,12.941176470588237,78.03921568627452,6.2745098039215685,71.76470588235294
E00128249,253,49,21,28,204,23,181,19.367588932806324,8.300395256916996,11.067193675889328,80.63241106719367,9.090909090909092,71.54150197628458
E00128250,343,52,19,33,291,25,266,15.160349854227405,5.539358600583091,9.620991253644315,84.8396501457726,7.288629737609329,77.55102040816327
E00128251,227,67,32,35,160,12,148,29.515418502202646,14.096916299559473,15.418502202643172,70.48458149779736,5.286343612334802,65.19823788546255
E00128252,293,53,17,36,240,22,218,18.088737201365188,5.802047781569966,12.286689419795222,81.91126279863481,7.508532423208192,74.40273037542661
E00128253,281,53,30,23,228,22,206,18.86120996441281,10.676156583629894,8.185053380782918,81.13879003558719,7.829181494661921,73.30960854092527
E00128254,305,65,31,34,240,16,224,21.311475409836063,10.163934426229508,11.147540983606557,78.68852459016394,5.245901639344262,73.44262295081967
E00128255,309,43,14,29,266,27,239,13.915857605177994,4.53074433656958,9.385113268608414,86.08414239482201,8.737864077669903,77.34627831715211
E00128256,332,100,62,38,232,16,216,30.120481927710845,18.67469879518072,11.44578313253012,69.87951807228916,4.819277108433735,65.06024096385542
E00128259,325,28,3,25,297,37,260,8.615384615384615,0.9230769230769231,7.6923076923076925,91.38461538461539,11.384615384615385,80
E00128260,322,39,17,22,283,22,261,12.111801242236025,5.279503105590062,6.832298136645963,87.88819875776397,6.832298136645963,81.05590062111801
E00128261,318,36,12,24,282,27,255,11.320754716981133,3.7735849056603774,7.547169811320755,88.67924528301887,8.49056603773585,80.18867924528303
E00128262,575,62,31,31,513,37,476,10.782608695652174,5.391304347826087,5.391304347826087,89.21739130434783,6.434782608695652,82.78260869565217
E00128263,417,67,26,41,350,32,318,16.06714628297362,6.235011990407674,9.832134292565947,83.93285371702638,7.673860911270983,76.2589928057554
E00128264,320,53,19,34,267,27,240,16.5625,5.9375,10.625,83.4375,8.4375,75
E00128265,346,60,21,39,286,27,259,17.341040462427745,6.069364161849711,11.271676300578035,82.65895953757226,7.803468208092486,74.85549132947978
E00128266,294,42,18,24,252,27,225,14.285714285714285,6.122448979591836,8.16326530612245,85.71428571428571,9.183673469387756,76.53061224489795
E00128267,279,44,17,27,235,21,214,15.770609318996415,6.093189964157706,9.67741935483871,84.22939068100358,7.526881720430108,76.70250896057348
E00128268,314,41,21,20,273,21,252,13.05732484076433,6.687898089171974,6.369426751592357,86.94267515923568,6.687898089171974,80.2547770700637
E00128269,262,58,26,32,204,21,183,22.137404580152673,9.923664122137405,12.213740458015266,77.86259541984732,8.015267175572518,69.8473282442748
E00128270,319,49,20,29,270,26,244,15.360501567398119,6.269592476489027,9.090909090909092,84.63949843260188,8.150470219435736,76.48902821316614
E00128271,282,65,30,35,217,21,196,23.04964539007092,10.638297872340425,12.411347517730496,76.95035460992908,7.446808510638298,69.50354609929079
E00128272,327,40,12,28,287,25,262,12.232415902140673,3.669724770642202,8.56269113149847,87.76758409785933,7.64525993883792,80.1223241590214
E00128273,371,58,21,37,313,19,294,15.633423180592992,5.660377358490567,9.973045822102426,84.36657681940702,5.121293800539084,79.24528301886792
E00128274,342,83,36,47,259,16,243,24.269005847953213,10.526315789473683,13.742690058479532,75.73099415204678,4.678362573099415,71.05263157894737
E00128275,399,65,34,31,334,28,306,16.290726817042607,8.521303258145362,7.769423558897243,83.70927318295739,7.017543859649122,76.69172932330827
E00128276,359,43,18,25,316,16,300,11.977715877437326,5.013927576601671,6.963788300835655,88.02228412256268,4.456824512534819,83.56545961002786
E00128277,404,57,18,39,347,27,320,14.108910891089108,4.455445544554455,9.653465346534654,85.89108910891089,6.683168316831684,79.20792079207921
E00128278,347,60,25,35,287,14,273,17.29106628242075,7.204610951008646,10.086455331412104,82.70893371757924,4.034582132564841,78.6743515850144
E00128279,284,49,22,27,235,11,224,17.253521126760564,7.746478873239436,9.507042253521126,82.74647887323944,3.873239436619718,78.87323943661971
E00128280,332,41,15,26,291,12,279,12.349397590361445,4.518072289156627,7.83132530120482,87.65060240963855,3.614457831325301,84.03614457831326
E00128281,289,42,13,29,247,9,238,14.53287197231834,4.498269896193772,10.034602076124568,85.46712802768167,3.1141868512110724,82.35294117647058
E00128282,294,55,17,38,239,15,224,18.70748299319728,5.782312925170068,12.925170068027212,81.29251700680273,5.1020408163265305,76.19047619047619
E00128283,305,53,21,32,252,26,226,17.37704918032787,6.885245901639345,10.491803278688524,82.62295081967214,8.524590163934425,74.09836065573771
E00128284,241,44,16,28,197,23,174,18.25726141078838,6.639004149377594,11.618257261410788,81.74273858921161,9.54356846473029,72.19917012448133
E00128285,250,53,27,26,197,29,168,21.2,10.8,10.4,78.8,11.600000000000001,67.2
E00128286,286,49,21,28,237,18,219,17.132867132867133,7.3426573426573425,9.79020979020979,82.86713286713287,6.293706293706294,76.57342657342657
E00128287,179,71,40,31,108,10,98,39.66480446927375,22.3463687150838,17.318435754189945,60.33519553072626,5.58659217877095,54.7486033519553
E00128288,290,49,18,31,241,13,228,16.896551724137932,6.206896551724138,10.689655172413794,83.10344827586206,4.482758620689655,78.62068965517241
E00128289,320,46,18,28,274,19,255,14.374999999999998,5.625,8.75,85.625,5.9375,79.6875
E00128291,230,54,21,33,176,15,161,23.47826086956522,9.130434782608695,14.347826086956522,76.52173913043478,6.521739130434782,70
E00128292,301,44,24,20,257,26,231,14.61794019933555,7.973421926910299,6.64451827242525,85.38205980066445,8.637873754152823,76.74418604651163
E00128293,306,45,16,29,261,18,243,14.705882352941178,5.228758169934641,9.477124183006536,85.29411764705883,5.88235294117647,79.41176470588235
E00128294,344,57,25,32,287,29,258,16.569767441860463,7.267441860465117,9.30232558139535,83.43023255813954,8.430232558139535,75
E00128295,296,71,27,44,225,20,205,23.986486486486484,9.121621621621621,14.864864864864865,76.01351351351352,6.756756756756757,69.25675675675676
E00128296,578,82,24,58,496,43,453,14.186851211072666,4.1522491349480966,10.034602076124568,85.81314878892734,7.439446366782007,78.37370242214533
E00128297,291,34,8,26,257,29,228,11.683848797250858,2.7491408934707904,8.934707903780069,88.31615120274914,9.965635738831615,78.35051546391753
E00128298,436,61,24,37,375,39,336,13.990825688073393,5.5045871559633035,8.486238532110093,86.0091743119266,8.944954128440367,77.06422018348624
E00128300,254,41,14,27,213,26,187,16.141732283464567,5.511811023622047,10.62992125984252,83.85826771653542,10.236220472440944,73.62204724409449
E00128301,344,43,16,27,301,24,277,12.5,4.651162790697675,7.848837209302325,87.5,6.976744186046512,80.52325581395348
E00128302,206,25,5,20,181,14,167,12.135922330097088,2.4271844660194173,9.70873786407767,87.86407766990291,6.796116504854369,81.06796116504854
E00128303,580,67,23,44,513,48,465,11.551724137931034,3.9655172413793105,7.586206896551724,88.44827586206897,8.275862068965518,80.17241379310344
E00128304,454,61,21,40,393,29,364,13.43612334801762,4.6255506607929515,8.81057268722467,86.56387665198237,6.387665198237885,80.1762114537445
E00128305,215,19,5,14,196,13,183,8.837209302325581,2.3255813953488373,6.511627906976744,91.16279069767442,6.046511627906977,85.11627906976744
E00128306,248,36,10,26,212,26,186,14.516129032258066,4.032258064516129,10.483870967741936,85.48387096774194,10.483870967741936,75
E00128307,196,32,17,15,164,14,150,16.3265306122449,8.673469387755102,7.653061224489796,83.6734693877551,7.142857142857142,76.53061224489795
E00128308,246,25,6,19,221,16,205,10.16260162601626,2.4390243902439024,7.723577235772358,89.83739837398373,6.504065040650407,83.33333333333334
E00128309,454,49,17,32,405,39,366,10.79295154185022,3.7444933920704844,7.048458149779736,89.20704845814979,8.590308370044053,80.61674008810573
E00128310,402,55,25,30,347,35,312,13.681592039800993,6.218905472636816,7.462686567164178,86.31840796019901,8.706467661691542,77.61194029850746
E00128312,347,54,15,39,293,26,267,15.561959654178676,4.322766570605188,11.239193083573488,84.43804034582134,7.492795389048991,76.94524495677233
E00128313,219,34,8,26,185,26,159,15.52511415525114,3.65296803652968,11.87214611872146,84.47488584474885,11.87214611872146,72.6027397260274
E00128314,472,81,34,47,391,34,357,17.16101694915254,7.203389830508475,9.957627118644067,82.83898305084746,7.203389830508475,75.63559322033898
E00128316,359,50,19,31,309,39,270,13.92757660167131,5.2924791086350975,8.635097493036211,86.0724233983287,10.86350974930362,75.20891364902506
E00128317,269,44,25,19,225,15,210,16.356877323420075,9.293680297397769,7.063197026022305,83.64312267657994,5.5762081784386615,78.06691449814126
E00128318,364,78,30,48,286,20,266,21.428571428571427,8.241758241758241,13.186813186813188,78.57142857142857,5.4945054945054945,73.07692307692307
E00128320,353,58,18,40,295,31,264,16.43059490084986,5.099150141643059,11.3314447592068,83.56940509915015,8.78186968838527,74.78753541076487
E00128322,439,30,10,20,409,43,366,6.83371298405467,2.277904328018223,4.555808656036446,93.16628701594533,9.79498861047836,83.37129840546697
E00128323,401,50,21,29,351,39,312,12.468827930174564,5.236907730673317,7.231920199501247,87.53117206982543,9.72568578553616,77.80548628428927
E00128324,438,86,48,38,352,8,344,19.63470319634703,10.95890410958904,8.67579908675799,80.36529680365297,1.82648401826484,78.53881278538812
E00128325,339,91,59,32,248,18,230,26.843657817109147,17.404129793510325,9.43952802359882,73.15634218289085,5.3097345132743365,67.84660766961652
E00128326,390,83,38,45,307,17,290,21.28205128205128,9.7435897435897445,11.538461538461538,78.71794871794872,4.358974358974359,74.35897435897436
E00128327,406,114,59,55,292,19,273,28.078817733990146,14.532019704433496,13.546798029556651,71.92118226600985,4.679802955665025,67.24137931034483
E00128328,347,84,44,40,263,22,241,24.207492795389047,12.680115273775217,11.527377521613833,75.79250720461094,6.340057636887608,69.45244956772333
E00128329,384,74,36,38,310,25,285,19.270833333333336,9.375,9.895833333333332,80.72916666666666,6.510416666666667,74.21875
E00128330,321,81,40,41,240,21,219,25.233644859813083,12.461059190031152,12.77258566978193,74.76635514018692,6.5420560747663545,68.22429906542055
E00128331,338,80,43,37,258,9,249,23.668639053254438,12.721893491124261,10.946745562130179,76.33136094674556,2.6627218934911245,73.66863905325444
E00128332,263,58,27,31,205,27,178,22.0532319391635,10.26615969581749,11.787072243346007,77.9467680608365,10.26615969581749,67.68060836501901
E00128333,435,85,45,40,350,24,326,19.54022988505747,10.344827586206897,9.195402298850574,80.45977011494253,5.517241379310345,74.94252873563218
E00128334,277,76,28,48,201,12,189,27.436823104693143,10.108303249097473,17.328519855595665,72.56317689530685,4.332129963898916,68.23104693140795
E00128335,338,96,51,45,242,19,223,28.402366863905325,15.088757396449704,13.313609467455622,71.59763313609467,5.621301775147929,65.97633136094674
E00128336,375,60,33,27,315,20,295,16,8.799999999999999,7.199999999999999,84,5.333333333333334,78.66666666666666
E00128337,384,79,50,29,305,21,284,20.572916666666664,13.020833333333334,7.552083333333333,79.42708333333334,5.46875,73.95833333333334
E00128338,258,50,18,32,208,14,194,19.379844961240313,6.976744186046512,12.4031007751938,80.62015503875969,5.426356589147287,75.1937984496124
E00128339,301,43,24,19,258,19,239,14.285714285714285,7.973421926910299,6.312292358803987,85.71428571428571,6.312292358803987,79.40199335548172
E00128340,359,71,41,30,288,14,274,19.77715877437326,11.420612813370473,8.356545961002785,80.22284122562674,3.8997214484679668,76.32311977715878
E00128341,351,56,25,31,295,21,274,15.954415954415953,7.122507122507122,8.831908831908832,84.04558404558404,5.982905982905983,78.06267806267806
E00128342,507,119,63,56,388,21,367,23.471400394477318,12.42603550295858,11.045364891518737,76.52859960552269,4.142011834319527,72.38658777120315
E00128343,409,94,36,58,315,20,295,22.982885085574573,8.80195599022005,14.180929095354522,77.01711491442543,4.88997555012225,72.12713936430319
E00128344,438,104,57,47,334,28,306,23.74429223744292,13.013698630136986,10.730593607305936,76.25570776255708,6.392694063926941,69.86301369863014
E00128345,217,72,45,27,145,12,133,33.17972350230415,20.737327188940093,12.442396313364055,66.82027649769586,5.529953917050691,61.29032258064516
E00128346,390,94,51,43,296,14,282,24.102564102564102,13.076923076923078,11.025641025641026,75.8974358974359,3.5897435897435894,72.3076923076923
E00128347,438,92,46,46,346,23,323,21.00456621004566,10.50228310502283,10.50228310502283,78.99543378995433,5.251141552511415,73.74429223744292
E00128348,450,85,31,54,365,15,350,18.88888888888889,6.888888888888889,12,81.11111111111111,3.3333333333333335,77.77777777777779
E00128349,310,68,25,43,242,18,224,21.935483870967744,8.064516129032258,13.870967741935484,78.06451612903226,5.806451612903226,72.25806451612902
E00128350,384,82,38,44,302,27,275,21.354166666666664,9.895833333333332,11.458333333333332,78.64583333333334,7.03125,71.61458333333334
E00128352,205,73,34,39,132,4,128,35.609756097560975,16.585365853658537,19.024390243902438,64.39024390243902,1.951219512195122,62.4390243902439
E00128353,269,46,15,31,223,19,204,17.100371747211895,5.5762081784386615,11.524163568773234,82.8996282527881,7.063197026022305,75.8364312267658
E00128354,365,64,17,47,301,27,274,17.534246575342465,4.657534246575342,12.876712328767123,82.46575342465754,7.397260273972603,75.06849315068493
E00128355,287,63,36,27,224,14,210,21.951219512195124,12.543554006968641,9.40766550522648,78.04878048780488,4.878048780487805,73.17073170731707
E00128356,393,75,29,46,318,19,299,19.083969465648856,7.37913486005089,11.704834605597965,80.91603053435115,4.8346055979643765,76.08142493638677
E00128357,296,49,17,32,247,17,230,16.554054054054053,5.743243243243244,10.81081081081081,83.44594594594594,5.743243243243244,77.7027027027027
E00128358,168,41,14,27,127,13,114,24.404761904761905,8.333333333333332,16.071428571428573,75.59523809523809,7.738095238095238,67.85714285714286
E00128359,487,98,41,57,389,39,350,20.123203285420946,8.41889117043121,11.704312114989733,79.87679671457906,8.008213552361395,71.86858316221766
E00128360,226,36,14,22,190,12,178,15.929203539823009,6.1946902654867255,9.734513274336283,84.070796460177,5.3097345132743365,78.76106194690266
E00128361,214,39,14,25,175,23,152,18.22429906542056,6.5420560747663545,11.682242990654206,81.77570093457945,10.74766355140187,71.02803738317756
E00128362,207,38,19,19,169,17,152,18.357487922705314,9.178743961352657,9.178743961352657,81.64251207729468,8.212560386473431,73.42995169082126
E00128363,229,41,19,22,188,16,172,17.903930131004365,8.296943231441048,9.606986899563319,82.09606986899564,6.986899563318777,75.10917030567686
E00128364,293,57,26,31,236,37,199,19.453924914675767,8.873720136518772,10.580204778156997,80.54607508532423,12.627986348122866,67.91808873720136
E00128365,234,47,17,30,187,22,165,20.085470085470085,7.264957264957266,12.82051282051282,79.91452991452992,9.401709401709402,70.51282051282051
E00128366,239,46,14,32,193,13,180,19.246861924686193,5.857740585774058,13.389121338912133,80.75313807531381,5.439330543933055,75.31380753138075
E00128367,245,64,33,31,181,9,172,26.122448979591837,13.46938775510204,12.653061224489795,73.87755102040816,3.6734693877551026,70.20408163265306
E00128368,346,58,25,33,288,20,268,16.76300578034682,7.225433526011561,9.53757225433526,83.23699421965318,5.780346820809249,77.45664739884393
E00128369,361,51,28,23,310,3,307,14.127423822714682,7.756232686980609,6.3711911357340725,85.87257617728532,0.8310249307479225,85.0415512465374
E00128370,400,70,33,37,330,27,303,17.5,8.25,9.25,82.5,6.75,75.75
E00128372,389,53,27,26,336,17,319,13.624678663239074,6.940874035989718,6.683804627249357,86.37532133676092,4.370179948586118,82.0051413881748
E00128373,219,59,29,30,160,7,153,26.94063926940639,13.24200913242009,13.698630136986301,73.0593607305936,3.1963470319634704,69.86301369863014
E00128374,265,69,38,31,196,21,175,26.037735849056602,14.339622641509434,11.69811320754717,73.9622641509434,7.9245283018867925,66.0377358490566
E00128375,425,75,35,40,350,23,327,17.647058823529413,8.235294117647058,9.411764705882353,82.35294117647058,5.411764705882352,76.94117647058823
E00128377,356,59,34,25,297,10,287,16.573033707865168,9.550561797752808,7.02247191011236,83.42696629213484,2.8089887640449436,80.6179775280899
E00128379,269,32,17,15,237,12,225,11.895910780669144,6.319702602230483,5.5762081784386615,88.10408921933085,4.4609665427509295,83.64312267657994
E00128384,135,41,31,10,94,10,84,30.37037037037037,22.962962962962962,7.4074074074074066,69.62962962962963,7.4074074074074066,62.22222222222222
E00128385,247,78,39,39,169,9,160,31.57894736842105,15.789473684210526,15.789473684210526,68.42105263157895,3.643724696356275,64.77732793522267
E00128386,254,53,31,22,201,13,188,20.866141732283463,12.204724409448819,8.661417322834646,79.13385826771653,5.118110236220472,74.01574803149606
E00128387,185,47,29,18,138,8,130,25.405405405405407,15.675675675675677,9.72972972972973,74.5945945945946,4.324324324324325,70.27027027027027
E00128388,327,53,25,28,274,11,263,16.207951070336392,7.64525993883792,8.56269113149847,83.79204892966361,3.3639143730886847,80.42813455657493
E00128389,275,90,46,44,185,12,173,32.72727272727273,16.727272727272727,16,67.27272727272727,4.363636363636364,62.909090909090914
E00128391,343,43,15,28,300,20,280,12.536443148688047,4.373177842565598,8.16326530612245,87.46355685131195,5.830903790087463,81.63265306122449
E00128392,436,64,30,34,372,23,349,14.678899082568808,6.8807339449541285,7.79816513761468,85.3211009174312,5.275229357798166,80.04587155963303
E00128393,532,84,46,38,448,17,431,15.789473684210526,8.646616541353383,7.142857142857142,84.21052631578947,3.195488721804511,81.01503759398496
E00128394,421,54,28,26,367,19,348,12.826603325415679,6.65083135391924,6.175771971496437,87.17339667458432,4.513064133016627,82.6603325415677
E00128395,319,78,48,30,241,16,225,24.45141065830721,15.047021943573668,9.404388714733543,75.54858934169279,5.015673981191222,70.53291536050156
E00128397,364,50,24,26,314,23,291,13.736263736263737,6.593406593406594,7.142857142857142,86.26373626373626,6.318681318681318,79.94505494505495
E00128398,375,53,24,29,322,11,311,14.133333333333335,6.4,7.733333333333333,85.86666666666667,2.933333333333333,82.93333333333334
E00128399,241,67,30,37,174,8,166,27.800829875518673,12.448132780082988,15.352697095435685,72.19917012448133,3.319502074688797,68.87966804979253
E00128400,458,67,32,35,391,9,382,14.628820960698691,6.986899563318777,7.641921397379912,85.37117903930131,1.9650655021834063,83.4061135371179
E00128401,516,98,50,48,418,15,403,18.992248062015506,9.689922480620156,9.30232558139535,81.0077519379845,2.9069767441860463,78.10077519379846
E00128403,376,41,23,18,335,12,323,10.904255319148938,6.117021276595745,4.787234042553192,89.09574468085107,3.1914893617021276,85.90425531914893
E00128404,355,59,34,25,296,22,274,16.619718309859156,9.577464788732394,7.042253521126761,83.38028169014085,6.197183098591549,77.1830985915493
E00128405,289,72,40,32,217,11,206,24.91349480968858,13.84083044982699,11.072664359861593,75.08650519031141,3.8062283737024223,71.280276816609
E00128406,460,87,39,48,373,24,349,18.913043478260867,8.478260869565217,10.434782608695652,81.08695652173913,5.217391304347826,75.8695652173913
E00128407,336,45,22,23,291,8,283,13.392857142857142,6.547619047619048,6.845238095238096,86.60714285714286,2.380952380952381,84.22619047619048
E00128408,409,168,123,45,241,32,209,41.075794621026894,30.073349633251834,11.00244498777506,58.924205378973106,7.823960880195599,51.1002444987775
E00128409,277,64,24,40,213,17,196,23.104693140794225,8.664259927797833,14.440433212996389,76.89530685920577,6.137184115523466,70.7581227436823
E00128410,325,65,26,39,260,22,238,20,8,12,80,6.769230769230769,73.23076923076923
E00128411,388,55,15,40,333,26,307,14.175257731958762,3.865979381443299,10.309278350515463,85.82474226804123,6.701030927835052,79.12371134020619
E00128412,208,42,20,22,166,21,145,20.192307692307693,9.615384615384617,10.576923076923077,79.8076923076923,10.096153846153847,69.71153846153845
E00128413,229,53,26,27,176,16,160,23.144104803493452,11.353711790393014,11.790393013100436,76.85589519650655,6.986899563318777,69.86899563318777
E00128414,185,59,31,28,126,13,113,31.891891891891895,16.756756756756758,15.135135135135137,68.10810810810811,7.027027027027027,61.08108108108108
E00128415,305,41,14,27,264,25,239,13.442622950819672,4.590163934426229,8.852459016393443,86.55737704918033,8.19672131147541,78.36065573770492
E00128416,281,51,19,32,230,20,210,18.14946619217082,6.761565836298933,11.387900355871885,81.85053380782918,7.11743772241993,74.73309608540926
E00128417,304,44,16,28,260,21,239,14.473684210526317,5.263157894736842,9.210526315789473,85.52631578947368,6.907894736842106,78.61842105263158
E00128418,279,48,20,28,231,24,207,17.20430107526882,7.168458781362006,10.03584229390681,82.79569892473118,8.60215053763441,74.19354838709677
E00128419,238,36,4,32,202,28,174,15.126050420168067,1.680672268907563,13.445378151260504,84.87394957983193,11.76470588235294,73.10924369747899
E00128420,322,58,21,37,264,27,237,18.012422360248447,6.521739130434782,11.490683229813664,81.98757763975155,8.385093167701864,73.6024844720497
E00128421,271,44,20,24,227,16,211,16.236162361623617,7.380073800738007,8.856088560885608,83.76383763837639,5.904059040590406,77.85977859778598
E00128422,299,51,22,29,248,21,227,17.05685618729097,7.357859531772576,9.698996655518394,82.94314381270902,7.023411371237458,75.91973244147158
E00128423,315,50,16,34,265,20,245,15.873015873015872,5.079365079365079,10.793650793650794,84.12698412698413,6.349206349206349,77.77777777777779
E00128424,246,39,14,25,207,24,183,15.853658536585366,5.691056910569105,10.16260162601626,84.14634146341463,9.75609756097561,74.39024390243902
E00128425,262,42,26,16,220,18,202,16.030534351145036,9.923664122137405,6.106870229007633,83.96946564885496,6.870229007633588,77.09923664122137
E00128426,230,45,21,24,185,22,163,19.565217391304348,9.130434782608695,10.434782608695652,80.43478260869566,9.565217391304348,70.86956521739131
E00128427,313,49,26,23,264,12,252,15.654952076677317,8.30670926517572,7.348242811501597,84.34504792332268,3.8338658146964857,80.5111821086262
E00128428,245,43,22,21,202,25,177,17.551020408163264,8.979591836734693,8.571428571428571,82.44897959183673,10.204081632653061,72.24489795918367
E00128429,323,88,51,37,235,9,226,27.24458204334365,15.789473684210526,11.455108359133128,72.75541795665634,2.786377708978328,69.96904024767801
E00128430,385,79,30,49,306,19,287,20.51948051948052,7.792207792207792,12.727272727272727,79.48051948051949,4.935064935064935,74.54545454545455
E00128431,591,74,30,44,517,13,504,12.521150592216582,5.0761421319796955,7.4450084602368864,87.47884940778341,2.199661590524535,85.27918781725889
E00128432,286,52,22,30,234,15,219,18.181818181818183,7.6923076923076925,10.48951048951049,81.81818181818183,5.244755244755245,76.57342657342657
E00128433,178,60,36,24,118,12,106,33.70786516853933,20.224719101123593,13.48314606741573,66.29213483146067,6.741573033707865,59.55056179775281
E00128435,318,48,20,28,270,15,255,15.09433962264151,6.289308176100629,8.80503144654088,84.90566037735849,4.716981132075472,80.18867924528303
E00128436,322,70,32,38,252,15,237,21.73913043478261,9.937888198757763,11.801242236024844,78.26086956521739,4.658385093167702,73.6024844720497
E00128437,290,65,32,33,225,13,212,22.413793103448278,11.03448275862069,11.379310344827587,77.58620689655173,4.482758620689655,73.10344827586206
E00128438,197,41,15,26,156,17,139,20.812182741116754,7.614213197969544,13.19796954314721,79.18781725888326,8.629441624365482,70.55837563451777
E00128439,286,79,39,40,207,14,193,27.62237762237762,13.636363636363635,13.986013986013987,72.37762237762237,4.895104895104895,67.48251748251748
E00128440,469,84,15,69,385,49,336,17.91044776119403,3.1982942430703627,14.712153518123666,82.08955223880598,10.44776119402985,71.64179104477611
E00128441,396,57,31,26,339,12,327,14.393939393939394,7.828282828282829,6.565656565656567,85.60606060606061,3.0303030303030303,82.57575757575758
E00128442,598,90,46,44,508,18,490,15.050167224080269,7.6923076923076925,7.357859531772576,84.94983277591973,3.0100334448160537,81.93979933110369
E00128443,373,60,25,35,313,20,293,16.0857908847185,6.702412868632708,9.383378016085791,83.91420911528151,5.361930294906166,78.55227882037534
E00128444,178,31,18,13,147,10,137,17.415730337078653,10.112359550561797,7.303370786516854,82.58426966292134,5.617977528089887,76.96629213483146
E00128445,397,52,23,29,345,13,332,13.09823677581864,5.793450881612091,7.304785894206549,86.90176322418137,3.27455919395466,83.6272040302267
E00128446,312,70,35,35,242,18,224,22.435897435897438,11.217948717948719,11.217948717948719,77.56410256410257,5.769230769230769,71.7948717948718
E00128447,355,49,24,25,306,5,301,13.802816901408452,6.760563380281689,7.042253521126761,86.19718309859155,1.4084507042253522,84.78873239436619
E00128448,374,78,42,36,296,23,273,20.855614973262032,11.229946524064172,9.62566844919786,79.14438502673798,6.149732620320856,72.99465240641712
E00128449,381,60,27,33,321,24,297,15.748031496062993,7.086614173228346,8.661417322834646,84.25196850393701,6.299212598425196,77.95275590551181
E00128450,300,41,17,24,259,13,246,13.666666666666666,5.666666666666666,8,86.33333333333333,4.333333333333334,82
E00128452,255,97,57,40,158,18,140,38.03921568627451,22.35294117647059,15.686274509803921,61.96078431372549,7.0588235294117645,54.90196078431373
E00128453,238,70,27,43,168,11,157,29.411764705882355,11.344537815126051,18.067226890756302,70.58823529411765,4.621848739495799,65.96638655462185
E00128454,448,73,28,45,375,27,348,16.294642857142858,6.25,10.044642857142858,83.70535714285714,6.026785714285714,77.67857142857143
E00128455,256,44,21,23,212,20,192,17.1875,8.203125,8.984375,82.8125,7.8125,75
E00128456,260,56,24,32,204,19,185,21.53846153846154,9.230769230769232,12.307692307692308,78.46153846153847,7.307692307692308,71.15384615384616
E00128457,277,52,25,27,225,18,207,18.772563176895307,9.025270758122744,9.747292418772563,81.2274368231047,6.4981949458483745,74.72924187725631
E00128458,346,56,30,26,290,18,272,16.184971098265898,8.670520231213873,7.514450867052023,83.8150289017341,5.202312138728324,78.61271676300578
E00128459,321,52,20,32,269,17,252,16.1993769470405,6.230529595015576,9.968847352024921,83.8006230529595,5.29595015576324,78.50467289719626
E00128460,209,36,13,23,173,14,159,17.22488038277512,6.220095693779904,11.004784688995215,82.77511961722487,6.698564593301436,76.07655502392345
E00128461,353,58,31,27,295,20,275,16.43059490084986,8.78186968838527,7.64872521246459,83.56940509915015,5.6657223796034,77.90368271954674
E00128462,219,41,14,27,178,13,165,18.72146118721461,6.392694063926941,12.32876712328767,81.27853881278538,5.93607305936073,75.34246575342466
E00128463,253,39,15,24,214,16,198,15.41501976284585,5.928853754940711,9.486166007905137,84.58498023715416,6.324110671936759,78.26086956521739
E00128464,263,61,28,33,202,17,185,23.193916349809886,10.646387832699618,12.547528517110266,76.80608365019012,6.4638783269961975,70.34220532319392
E00128465,196,40,7,33,156,14,142,20.408163265306122,3.571428571428571,16.83673469387755,79.59183673469387,7.142857142857142,72.44897959183673
E00128466,320,54,26,28,266,42,224,16.875,8.125,8.75,83.125,13.125,70
E00128467,231,41,22,19,190,15,175,17.74891774891775,9.523809523809524,8.225108225108226,82.25108225108225,6.493506493506493,75.75757575757575
E00128468,268,41,16,25,227,19,208,15.298507462686567,5.970149253731343,9.328358208955224,84.70149253731343,7.08955223880597,77.61194029850746
E00128469,214,58,31,27,156,17,139,27.102803738317753,14.485981308411214,12.616822429906541,72.89719626168224,7.943925233644859,64.95327102803739
E00128470,330,62,17,45,268,22,246,18.787878787878785,5.151515151515151,13.636363636363635,81.21212121212122,6.666666666666667,74.54545454545455
E00128471,273,65,33,32,208,14,194,23.809523809523807,12.087912087912088,11.72161172161172,76.19047619047619,5.128205128205128,71.06227106227107
E00128472,305,53,16,37,252,24,228,17.37704918032787,5.245901639344262,12.131147540983607,82.62295081967214,7.868852459016394,74.75409836065575
E00128473,237,42,14,28,195,15,180,17.72151898734177,5.9071729957805905,11.814345991561181,82.27848101265823,6.329113924050633,75.9493670886076
E00128474,340,47,11,36,293,24,269,13.823529411764707,3.2352941176470593,10.588235294117647,86.1764705882353,7.0588235294117645,79.11764705882352
E00128476,304,63,26,37,241,13,228,20.723684210526315,8.552631578947368,12.171052631578947,79.27631578947368,4.276315789473684,75
E00128477,346,75,35,40,271,19,252,21.67630057803468,10.115606936416185,11.560693641618498,78.32369942196532,5.491329479768786,72.83236994219652
E00128478,212,39,15,24,173,17,156,18.39622641509434,7.0754716981132075,11.320754716981133,81.60377358490565,8.018867924528301,73.58490566037736
E00128479,223,47,18,29,176,19,157,21.076233183856502,8.071748878923767,13.004484304932735,78.9237668161435,8.520179372197308,70.4035874439462
E00128480,408,82,35,47,326,33,293,20.098039215686274,8.57843137254902,11.519607843137255,79.90196078431373,8.088235294117647,71.81372549019608
E00128481,511,71,17,54,440,41,399,13.894324853228962,3.326810176125244,10.567514677103718,86.10567514677103,8.023483365949119,78.08219178082192
E00128482,365,73,43,30,292,25,267,20,11.78082191780822,8.21917808219178,80,6.8493150684931505,73.15068493150685
E00128483,182,73,37,36,109,5,104,40.10989010989011,20.32967032967033,19.78021978021978,59.89010989010989,2.7472527472527473,57.14285714285714
E00128484,223,49,28,21,174,10,164,21.973094170403588,12.556053811659194,9.417040358744394,78.02690582959642,4.484304932735426,73.54260089686099
E00128485,692,150,34,116,542,65,477,21.67630057803468,4.913294797687861,16.76300578034682,78.32369942196532,9.393063583815028,68.9306358381503
E00128487,207,41,13,28,166,24,142,19.806763285024154,6.280193236714976,13.526570048309178,80.19323671497585,11.594202898550725,68.59903381642512
E00171957,476,66,24,42,410,18,392,13.865546218487395,5.042016806722689,8.823529411764707,86.1344537815126,3.7815126050420167,82.35294117647058
E00171959,244,40,10,30,204,12,192,16.39344262295082,4.098360655737705,12.295081967213115,83.60655737704919,4.918032786885246,78.68852459016394
E00171960,125,43,25,18,82,2,80,34.4,20,14.399999999999999,65.60000000000001,1.6,64
E00171992,272,31,5,26,241,21,220,11.397058823529411,1.8382352941176472,9.558823529411764,88.60294117647058,7.720588235294118,80.88235294117648
E00171993,231,34,18,16,197,12,185,14.71861471861472,7.792207792207792,6.926406926406926,85.28138528138528,5.194805194805195,80.08658008658008
E00171994,162,18,8,10,144,15,129,11.11111111111111,4.938271604938271,6.172839506172839,88.88888888888889,9.25925925925926,79.62962962962963
E00171995,716,94,18,76,622,53,569,13.128491620111731,2.5139664804469275,10.614525139664805,86.87150837988827,7.402234636871509,79.46927374301676
E00171996,343,52,29,23,291,19,272,15.160349854227405,8.454810495626822,6.705539358600583,84.8396501457726,5.539358600583091,79.30029154518951
E00171997,150,29,7,22,121,8,113,19.333333333333332,4.666666666666667,14.666666666666666,80.66666666666666,5.333333333333334,75.33333333333333
E00171998,131,18,7,11,113,6,107,13.740458015267176,5.343511450381679,8.396946564885496,86.25954198473282,4.580152671755725,81.67938931297711
E00171999,182,27,8,19,155,15,140,14.835164835164836,4.395604395604396,10.43956043956044,85.16483516483517,8.241758241758241,76.92307692307693
E00172000,164,29,14,15,135,8,127,17.682926829268293,8.536585365853659,9.146341463414634,82.3170731707317,4.878048780487805,77.4390243902439
E00172001,779,131,30,101,648,74,574,16.816431322207958,3.8510911424903727,12.965340179717586,83.18356867779204,9.499358151476251,73.68421052631578
E00172002,239,37,14,23,202,18,184,15.481171548117153,5.857740585774058,9.623430962343097,84.51882845188284,7.531380753138076,76.98744769874477
E00172003,392,52,25,27,340,4,336,13.26530612244898,6.377551020408164,6.887755102040815,86.73469387755102,1.0204081632653061,85.71428571428571
E00172004,289,62,38,24,227,7,220,21.453287197231834,13.148788927335639,8.304498269896193,78.54671280276817,2.422145328719723,76.12456747404845
E00172006,929,157,34,123,772,47,725,16.89989235737352,3.659849300322928,13.240043057050594,83.10010764262647,5.059203444564048,78.04090419806244
E00172007,307,36,16,20,271,22,249,11.726384364820847,5.211726384364821,6.514657980456026,88.27361563517914,7.166123778501629,81.10749185667753
E00172008,348,47,5,42,301,20,281,13.505747126436782,1.4367816091954022,12.068965517241379,86.49425287356321,5.747126436781609,80.74712643678161
E00172009,337,55,22,33,282,6,276,16.320474777448073,6.528189910979229,9.792284866468842,83.67952522255193,1.7804154302670623,81.89910979228486
E00172010,309,39,21,18,270,6,264,12.62135922330097,6.796116504854369,5.825242718446602,87.37864077669903,1.9417475728155338,85.43689320388349
E00172011,335,46,22,24,289,15,274,13.73134328358209,6.567164179104477,7.164179104477612,86.26865671641791,4.477611940298507,81.7910447761194
E00172012,341,25,5,20,316,19,297,7.331378299120235,1.466275659824047,5.865102639296188,92.66862170087975,5.571847507331378,87.09677419354838
E00172014,157,28,17,11,129,9,120,17.8343949044586,10.828025477707007,7.006369426751593,82.16560509554141,5.7324840764331215,76.43312101910828
E00181935,925,163,32,131,762,79,683,17.62162162162162,3.4594594594594597,14.162162162162161,82.37837837837839,8.54054054054054,73.83783783783784
E00181936,577,181,99,82,396,30,366,31.369150779896017,17.157712305025996,14.211438474870016,68.63084922010398,5.1993067590987865,63.43154246100519
E00181941,681,112,24,88,569,46,523,16.44640234948605,3.524229074889868,12.922173274596183,83.55359765051395,6.7547723935389135,76.79882525697504
E00181943,111,13,7,6,98,0,98,11.711711711711711,6.306306306306306,5.405405405405405,88.28828828828829,0,88.28828828828829
E00181944,298,21,6,15,277,16,261,7.046979865771812,2.013422818791946,5.033557046979865,92.9530201342282,5.369127516778524,87.58389261744966
E00181951,414,33,10,23,381,34,347,7.971014492753622,2.4154589371980677,5.555555555555555,92.02898550724638,8.212560386473431,83.81642512077295
E00181952,154,15,6,9,139,16,123,9.740259740259742,3.896103896103896,5.844155844155844,90.25974025974025,10.38961038961039,79.87012987012987
E00181954,325,50,19,31,275,34,241,15.384615384615385,5.846153846153846,9.538461538461538,84.61538461538461,10.461538461538462,74.15384615384616
E00181955,147,20,4,16,127,12,115,13.60544217687075,2.7210884353741496,10.884353741496598,86.39455782312925,8.16326530612245,78.2312925170068
E00181961,253,23,4,19,230,20,210,9.090909090909092,1.5810276679841897,7.5098814229249005,90.9090909090909,7.905138339920949,83.00395256916995
E00181962,166,29,10,19,137,19,118,17.46987951807229,6.024096385542169,11.44578313253012,82.53012048192771,11.44578313253012,71.08433734939759
E00181963,247,35,5,30,212,25,187,14.17004048582996,2.0242914979757085,12.145748987854251,85.82995951417004,10.121457489878543,75.7085020242915
E00181964,194,18,5,13,176,14,162,9.278350515463918,2.5773195876288657,6.701030927835052,90.72164948453609,7.216494845360824,83.50515463917526
E00181968,533,204,67,137,329,88,241,38.27392120075047,12.570356472795496,25.70356472795497,61.72607879924953,16.51031894934334,45.21575984990619
E00181969,230,43,12,31,187,18,169,18.695652173913043,5.217391304347826,13.478260869565217,81.30434782608695,7.82608695652174,73.47826086956522
E00181972,512,48,15,33,464,41,423,9.375,2.9296875,6.4453125,90.625,8.0078125,82.6171875
E00181976,206,24,13,11,182,5,177,11.650485436893204,6.310679611650485,5.339805825242718,88.3495145631068,2.4271844660194173,85.92233009708737
E00181978,137,25,17,8,112,6,106,18.248175182481752,12.408759124087592,5.839416058394161,81.75182481751825,4.37956204379562,77.37226277372264
E00181985,500,49,20,29,451,33,418,9.8,4,5.800000000000001,90.2,6.6000000000000005,83.6
E00181990,626,31,7,24,595,47,548,4.952076677316294,1.1182108626198082,3.8338658146964857,95.0479233226837,7.507987220447284,87.53993610223642
E00181993,211,26,7,19,185,19,166,12.322274881516588,3.3175355450236967,9.004739336492891,87.67772511848341,9.004739336492891,78.67298578199052
E00181997,524,75,41,34,449,12,437,14.31297709923664,7.8244274809160315,6.488549618320611,85.68702290076335,2.2900763358778624,83.3969465648855
E00182003,475,192,98,94,283,56,227,40.421052631578945,20.63157894736842,19.789473684210527,59.578947368421055,11.789473684210526,47.78947368421053
E00182004,417,47,19,28,370,28,342,11.270983213429256,4.556354916067146,6.71462829736211,88.72901678657075,6.71462829736211,82.01438848920863
E00182006,242,20,3,17,222,14,208,8.264462809917356,1.2396694214876034,7.024793388429752,91.73553719008265,5.785123966942149,85.9504132231405
E00182010,489,54,38,16,435,17,418,11.042944785276074,7.770961145194274,3.2719836400818,88.95705521472392,3.476482617586912,85.48057259713701
E00182015,209,17,5,12,192,11,181,8.133971291866029,2.3923444976076556,5.741626794258373,91.86602870813397,5.263157894736842,86.60287081339713
E00182020,239,34,8,26,205,21,184,14.225941422594143,3.3472803347280333,10.87866108786611,85.77405857740585,8.786610878661087,76.98744769874477
E00182023,349,33,16,17,316,21,295,9.455587392550143,4.584527220630372,4.871060171919771,90.54441260744986,6.017191977077363,84.5272206303725
E00182028,432,39,15,24,393,24,369,9.027777777777777,3.4722222222222223,5.555555555555555,90.97222222222221,5.555555555555555,85.41666666666666
E00182031,280,48,24,24,232,28,204,17.142857142857142,8.571428571428571,8.571428571428571,82.85714285714286,10,72.85714285714285
E00182034,319,25,6,19,294,29,265,7.836990595611286,1.8808777429467085,5.956112852664576,92.16300940438872,9.090909090909092,83.07210031347962
E00182037,548,67,22,45,481,24,457,12.226277372262775,4.014598540145985,8.211678832116789,87.77372262773723,4.37956204379562,83.3941605839416
E00182040,369,42,19,23,327,26,301,11.38211382113821,5.149051490514905,6.233062330623306,88.6178861788618,7.046070460704606,81.57181571815718
E00182043,210,33,12,21,177,16,161,15.714285714285714,5.714285714285714,10,84.28571428571429,7.6190476190476195,76.66666666666667
