OA,ts0380001,ts0380002,ts0380003,ts0380004,ts0380005,ts0380006,ts0380007,ts0380002_PCT,ts0380003_PCT,ts0380004_PCT,ts0380005_PCT,ts0380006_PCT,ts0380007_PCT
E00159354,394,43,13,30,351,44,307,10.913705583756345,3.2994923857868024,7.614213197969544,89.08629441624365,11.16751269035533,77.91878172588832
E00159355,288,35,10,25,253,30,223,12.152777777777777,3.4722222222222223,8.680555555555555,87.84722222222221,10.416666666666668,77.43055555555556
E00159356,254,35,7,28,219,26,193,13.779527559055119,2.7559055118110236,11.023622047244094,86.22047244094489,10.236220472440944,75.98425196850394
E00159357,233,37,8,29,196,23,173,15.879828326180256,3.4334763948497855,12.446351931330472,84.12017167381974,9.871244635193133,74.2489270386266
E00159358,255,39,12,27,216,35,181,15.294117647058824,4.705882352941177,10.588235294117647,84.70588235294117,13.725490196078432,70.98039215686275
E00159359,207,51,19,32,156,20,136,24.637681159420293,9.178743961352657,15.458937198067632,75.36231884057972,9.66183574879227,65.70048309178745
E00159360,356,53,14,39,303,27,276,14.887640449438203,3.932584269662921,10.955056179775282,85.1123595505618,7.584269662921349,77.52808988764045
E00159361,290,49,15,34,241,21,220,16.896551724137932,5.172413793103448,11.724137931034482,83.10344827586206,7.241379310344828,75.86206896551724
E00159362,373,39,10,29,334,29,305,10.455764075067025,2.680965147453083,7.774798927613941,89.54423592493298,7.774798927613941,81.76943699731903
E00159363,256,31,10,21,225,27,198,12.109375,3.90625,8.203125,87.890625,10.546875,77.34375
E00159364,508,36,18,18,472,42,430,7.086614173228346,3.543307086614173,3.543307086614173,92.91338582677166,8.267716535433072,84.64566929133859
E00159365,304,40,10,30,264,31,233,13.157894736842104,3.289473684210526,9.868421052631579,86.8421052631579,10.197368421052632,76.64473684210526
E00159366,298,43,11,32,255,18,237,14.429530201342283,3.691275167785235,10.738255033557047,85.57046979865773,6.0402684563758395,79.53020134228188
E00159367,226,30,11,19,196,24,172,13.274336283185843,4.867256637168142,8.4070796460177,86.72566371681415,10.619469026548673,76.10619469026548
E00159368,291,35,4,31,256,37,219,12.027491408934708,1.3745704467353952,10.652920962199312,87.97250859106529,12.714776632302405,75.25773195876289
E00159369,274,42,8,34,232,26,206,15.328467153284672,2.9197080291970803,12.408759124087592,84.67153284671532,9.48905109489051,75.18248175182481
E00159370,219,44,13,31,175,17,158,20.091324200913242,5.93607305936073,14.15525114155251,79.90867579908677,7.76255707762557,72.14611872146118
E00159371,309,39,15,24,270,30,240,12.62135922330097,4.854368932038835,7.766990291262135,87.37864077669903,9.70873786407767,77.66990291262135
E00159372,348,65,32,33,283,18,265,18.67816091954023,9.195402298850574,9.482758620689655,81.32183908045977,5.172413793103448,76.14942528735632
E00159373,273,52,22,30,221,20,201,19.047619047619047,8.058608058608058,10.989010989010989,80.95238095238095,7.326007326007327,73.62637362637363
E00159374,287,39,10,29,248,38,210,13.588850174216027,3.484320557491289,10.104529616724738,86.41114982578398,13.240418118466899,73.17073170731707
E00159375,269,45,8,37,224,17,207,16.728624535315987,2.973977695167286,13.754646840148698,83.27137546468401,6.319702602230483,76.95167286245353
E00159376,309,77,55,22,232,29,203,24.919093851132686,17.79935275080906,7.119741100323624,75.08090614886731,9.385113268608414,65.69579288025889
E00159377,249,60,32,28,189,23,166,24.096385542168676,12.851405622489958,11.244979919678714,75.90361445783132,9.236947791164658,66.66666666666666
E00159378,235,46,14,32,189,18,171,19.574468085106382,5.957446808510639,13.617021276595745,80.42553191489363,7.659574468085106,72.76595744680851
E00159379,317,44,12,32,273,19,254,13.880126182965299,3.7854889589905363,10.094637223974763,86.1198738170347,5.993690851735016,80.12618296529969
E00159380,371,65,23,42,306,33,273,17.52021563342318,6.199460916442049,11.320754716981133,82.47978436657682,8.89487870619946,73.58490566037736
E00159381,563,46,14,32,517,43,474,8.170515097690942,2.4866785079928952,5.683836589698046,91.82948490230906,7.63765541740675,84.19182948490231
E00159383,230,50,20,30,180,12,168,21.73913043478261,8.695652173913043,13.043478260869565,78.26086956521739,5.217391304347826,73.04347826086956
E00159384,318,41,13,28,277,25,252,12.89308176100629,4.088050314465408,8.80503144654088,87.10691823899371,7.861635220125786,79.24528301886792
E00159385,323,30,10,20,293,20,273,9.287925696594428,3.0959752321981426,6.191950464396285,90.71207430340557,6.191950464396285,84.52012383900929
E00159387,249,45,19,26,204,18,186,18.072289156626507,7.630522088353414,10.441767068273093,81.92771084337349,7.228915662650602,74.69879518072288
E00159388,300,51,16,35,249,24,225,17,5.333333333333334,11.666666666666666,83,8,75
E00159390,255,34,11,23,221,12,209,13.333333333333334,4.313725490196078,9.019607843137255,86.66666666666667,4.705882352941177,81.96078431372548
E00159391,247,46,15,31,201,13,188,18.62348178137652,6.0728744939271255,12.550607287449392,81.37651821862349,5.263157894736842,76.11336032388664
E00159392,278,47,19,28,231,19,212,16.906474820143885,6.83453237410072,10.071942446043165,83.09352517985612,6.83453237410072,76.2589928057554
E00159393,354,57,21,36,297,24,273,16.101694915254235,5.932203389830509,10.16949152542373,83.89830508474576,6.779661016949152,77.11864406779661
E00159394,236,48,14,34,188,12,176,20.33898305084746,5.932203389830509,14.40677966101695,79.66101694915254,5.084745762711865,74.57627118644068
E00159395,367,52,11,41,315,38,277,14.168937329700274,2.997275204359673,11.1716621253406,85.83106267029973,10.354223433242508,75.47683923705722
E00159396,206,39,15,24,167,20,147,18.932038834951456,7.281553398058252,11.650485436893204,81.06796116504854,9.70873786407767,71.35922330097088
E00159397,348,60,25,35,288,23,265,17.24137931034483,7.183908045977011,10.057471264367816,82.75862068965517,6.609195402298851,76.14942528735632
E00159398,535,71,19,52,464,33,431,13.271028037383179,3.551401869158879,9.719626168224298,86.72897196261682,6.16822429906542,80.5607476635514
E00159399,322,34,8,26,288,20,268,10.559006211180124,2.484472049689441,8.074534161490684,89.44099378881988,6.211180124223603,83.22981366459628
E00159400,363,59,27,32,304,25,279,16.2534435261708,7.43801652892562,8.81542699724518,83.7465564738292,6.887052341597796,76.85950413223141
E00159401,353,44,19,25,309,35,274,12.464589235127479,5.382436260623229,7.0821529745042495,87.53541076487252,9.91501416430595,77.62039660056658
E00159402,380,73,34,39,307,17,290,19.210526315789473,8.947368421052632,10.263157894736842,80.78947368421052,4.473684210526316,76.31578947368422
E00159403,338,52,29,23,286,34,252,15.384615384615385,8.579881656804734,6.8047337278106506,84.61538461538461,10.059171597633137,74.55621301775149
E00159404,338,25,5,20,313,28,285,7.396449704142012,1.4792899408284024,5.9171597633136095,92.60355029585799,8.284023668639055,84.31952662721893
E00159405,278,65,30,35,213,22,191,23.381294964028775,10.79136690647482,12.589928057553957,76.61870503597122,7.913669064748201,68.70503597122301
E00159406,315,46,16,30,269,21,248,14.603174603174605,5.079365079365079,9.523809523809524,85.39682539682539,6.666666666666667,78.73015873015873
E00159407,251,55,22,33,196,7,189,21.91235059760956,8.764940239043826,13.147410358565736,78.08764940239044,2.788844621513944,75.2988047808765
E00159408,373,58,27,31,315,22,293,15.549597855227882,7.238605898123325,8.310991957104557,84.45040214477211,5.898123324396782,78.55227882037534
E00159409,489,73,29,44,416,28,388,14.92842535787321,5.930470347648262,8.997955010224949,85.07157464212679,5.725971370143149,79.34560327198365
E00159410,478,79,25,54,399,29,370,16.527196652719663,5.230125523012552,11.297071129707113,83.47280334728033,6.066945606694561,77.40585774058577
E00159411,385,71,29,42,314,26,288,18.441558441558442,7.532467532467532,10.909090909090908,81.55844155844156,6.753246753246753,74.8051948051948
E00159413,287,26,8,18,261,15,246,9.059233449477352,2.7874564459930316,6.2717770034843205,90.94076655052264,5.2264808362369335,85.71428571428571
E00159414,353,70,29,41,283,16,267,19.8300283286119,8.21529745042493,11.614730878186968,80.16997167138811,4.53257790368272,75.63739376770539
E00159415,247,45,20,25,202,20,182,18.218623481781375,8.097165991902834,10.121457489878543,81.78137651821862,8.097165991902834,73.68421052631578
E00159416,284,24,8,16,260,20,240,8.450704225352112,2.8169014084507045,5.633802816901409,91.54929577464789,7.042253521126761,84.50704225352112
E00159417,324,97,47,50,227,18,209,29.938271604938272,14.506172839506174,15.432098765432098,70.06172839506173,5.555555555555555,64.50617283950618
E00159418,427,54,24,30,373,21,352,12.646370023419204,5.620608899297424,7.02576112412178,87.35362997658079,4.918032786885246,82.43559718969556
E00159419,358,46,14,32,312,23,289,12.849162011173185,3.910614525139665,8.938547486033519,87.15083798882681,6.424581005586592,80.72625698324022
E00159420,410,44,13,31,366,43,323,10.731707317073171,3.1707317073170733,7.560975609756097,89.26829268292683,10.487804878048781,78.78048780487805
E00159421,325,51,14,37,274,43,231,15.692307692307692,4.3076923076923075,11.384615384615385,84.3076923076923,13.230769230769232,71.07692307692308
E00159423,341,43,10,33,298,32,266,12.609970674486803,2.932551319648094,9.67741935483871,87.3900293255132,9.3841642228739,78.00586510263929
E00159424,282,73,36,37,209,31,178,25.886524822695034,12.76595744680851,13.120567375886525,74.11347517730496,10.99290780141844,63.12056737588653
E00159425,338,52,13,39,286,39,247,15.384615384615385,3.8461538461538463,11.538461538461538,84.61538461538461,11.538461538461538,73.07692307692307
E00159426,341,32,8,24,309,31,278,9.3841642228739,2.346041055718475,7.038123167155426,90.6158357771261,9.090909090909092,81.52492668621701
E00159428,152,13,6,7,139,13,126,8.552631578947368,3.9473684210526314,4.605263157894736,91.44736842105263,8.552631578947368,82.89473684210526
E00159430,324,56,16,40,268,35,233,17.28395061728395,4.938271604938271,12.345679012345679,82.71604938271605,10.802469135802468,71.91358024691358
E00159431,315,43,11,32,272,24,248,13.65079365079365,3.492063492063492,10.158730158730158,86.34920634920636,7.6190476190476195,78.73015873015873
E00159432,280,37,14,23,243,16,227,13.214285714285715,5,8.214285714285714,86.78571428571429,5.714285714285714,81.07142857142857
E00159434,286,25,8,17,261,18,243,8.741258741258742,2.797202797202797,5.944055944055944,91.25874125874127,6.293706293706294,84.96503496503497
E00159435,461,68,16,52,393,35,358,14.75054229934924,3.470715835140998,11.279826464208242,85.24945770065075,7.592190889370933,77.65726681127983
E00159436,337,44,16,28,293,28,265,13.056379821958458,4.747774480712167,8.30860534124629,86.94362017804154,8.30860534124629,78.63501483679525
E00159437,170,22,12,10,148,15,133,12.941176470588237,7.0588235294117645,5.88235294117647,87.05882352941177,8.823529411764707,78.23529411764706
E00159438,138,29,9,20,109,13,96,21.014492753623188,6.521739130434782,14.492753623188406,78.98550724637681,9.420289855072465,69.56521739130434
E00159439,275,25,7,18,250,24,226,9.090909090909092,2.5454545454545454,6.545454545454546,90.9090909090909,8.727272727272728,82.18181818181817
E00159440,337,61,19,42,276,33,243,18.100890207715135,5.637982195845697,12.462908011869436,81.89910979228486,9.792284866468842,72.10682492581603
E00159441,291,39,13,26,252,20,232,13.402061855670103,4.4673539518900345,8.934707903780069,86.5979381443299,6.872852233676976,79.72508591065292
E00159442,272,38,9,29,234,26,208,13.970588235294118,3.308823529411765,10.661764705882353,86.02941176470588,9.558823529411764,76.47058823529412
E00159443,289,43,17,26,246,18,228,14.878892733564014,5.88235294117647,8.996539792387544,85.12110726643598,6.228373702422145,78.89273356401384
E00159444,236,27,9,18,209,20,189,11.440677966101696,3.8135593220338984,7.627118644067797,88.5593220338983,8.47457627118644,80.08474576271186
E00159445,222,29,9,20,193,19,174,13.063063063063062,4.054054054054054,9.00900900900901,86.93693693693693,8.558558558558559,78.37837837837837
E00159446,488,74,32,42,414,24,390,15.163934426229508,6.557377049180328,8.60655737704918,84.8360655737705,4.918032786885246,79.91803278688525
E00159447,191,39,8,31,152,31,121,20.418848167539267,4.18848167539267,16.230366492146597,79.58115183246073,16.230366492146597,63.35078534031413
E00159449,295,57,19,38,238,29,209,19.322033898305087,6.440677966101695,12.88135593220339,80.67796610169492,9.830508474576272,70.84745762711864
E00159450,200,30,13,17,170,18,152,15,6.5,8.5,85,9,76
E00159451,299,55,19,36,244,19,225,18.394648829431436,6.354515050167224,12.040133779264215,81.60535117056857,6.354515050167224,75.25083612040135
E00159453,384,32,7,25,352,40,312,8.333333333333332,1.8229166666666667,6.510416666666667,91.66666666666666,10.416666666666668,81.25
E00159454,286,37,7,30,249,18,231,12.937062937062937,2.4475524475524475,10.48951048951049,87.06293706293707,6.293706293706294,80.76923076923077
E00159455,224,27,10,17,197,29,168,12.053571428571429,4.464285714285714,7.5892857142857135,87.94642857142857,12.946428571428573,75
E00159456,246,51,26,25,195,16,179,20.73170731707317,10.569105691056912,10.16260162601626,79.26829268292683,6.504065040650407,72.76422764227642
E00159457,289,66,30,36,223,17,206,22.837370242214533,10.380622837370241,12.45674740484429,77.16262975778547,5.88235294117647,71.280276816609
E00159458,274,47,16,31,227,20,207,17.153284671532848,5.839416058394161,11.313868613138686,82.84671532846716,7.2992700729927,75.54744525547446
E00159459,229,47,25,22,182,12,170,20.52401746724891,10.91703056768559,9.606986899563319,79.47598253275109,5.240174672489083,74.235807860262
E00159460,302,53,19,34,249,35,214,17.549668874172188,6.291390728476822,11.258278145695364,82.45033112582782,11.589403973509933,70.86092715231787
E00159461,269,43,15,28,226,28,198,15.985130111524162,5.5762081784386615,10.408921933085502,84.01486988847584,10.408921933085502,73.60594795539033
E00159462,334,105,33,72,229,23,206,31.437125748502993,9.880239520958083,21.55688622754491,68.562874251497007,6.88622754491018,61.67664670658682
E00159463,326,46,18,28,280,36,244,14.11042944785276,5.521472392638037,8.588957055214724,85.88957055214725,11.042944785276074,74.84662576687117
E00159464,260,51,13,38,209,14,195,19.615384615384617,5,14.615384615384617,80.38461538461539,5.384615384615385,75
E00159465,231,47,20,27,184,11,173,20.346320346320347,8.658008658008658,11.688311688311687,79.65367965367966,4.761904761904762,74.89177489177489
E00159466,297,60,21,39,237,19,218,20.2020202020202,7.07070707070707,13.131313131313133,79.7979797979798,6.397306397306397,73.4006734006734
E00159467,321,60,28,32,261,32,229,18.69158878504673,8.722741433021806,9.968847352024921,81.30841121495327,9.968847352024921,71.33956386292834
E00159468,280,73,31,42,207,15,192,26.071428571428573,11.071428571428571,15,73.92857142857143,5.357142857142857,68.57142857142857
E00159469,283,62,27,35,221,26,195,21.908127208480565,9.540636042402827,12.36749116607774,78.09187279151944,9.187279151943462,68.90459363957598
E00159470,297,38,11,27,259,16,243,12.794612794612794,3.7037037037037033,9.090909090909092,87.20538720538721,5.387205387205387,81.81818181818183
E00159471,319,74,38,36,245,15,230,23.197492163009404,11.912225705329153,11.285266457680251,76.8025078369906,4.702194357366771,72.10031347962382
E00159472,251,55,21,34,196,16,180,21.91235059760956,8.366533864541832,13.545816733067728,78.08764940239044,6.374501992031872,71.71314741035857
E00159473,337,57,24,33,280,22,258,16.913946587537094,7.121661721068249,9.792284866468842,83.08605341246292,6.528189910979229,76.55786350148368
E00159474,268,47,22,25,221,19,202,17.537313432835823,8.208955223880597,9.328358208955224,82.46268656716418,7.08955223880597,75.3731343283582
E00159475,296,55,15,40,241,30,211,18.58108108108108,5.0675675675675675,13.513513513513514,81.41891891891892,10.135135135135135,71.28378378378379
E00159476,332,51,17,34,281,34,247,15.36144578313253,5.120481927710843,10.240963855421686,84.63855421686746,10.240963855421686,74.3975903614458
E00159477,291,52,19,33,239,31,208,17.869415807560138,6.529209621993128,11.34020618556701,82.13058419243985,10.652920962199312,71.47766323024055
E00159478,171,52,38,14,119,18,101,30.409356725146196,22.22222222222222,8.187134502923977,69.5906432748538,10.526315789473683,59.06432748538012
E00159479,277,45,20,25,232,23,209,16.24548736462094,7.2202166064981945,9.025270758122744,83.75451263537906,8.303249097472925,75.45126353790613
E00159480,370,33,12,21,337,39,298,8.91891891891892,3.2432432432432434,5.675675675675676,91.08108108108108,10.54054054054054,80.54054054054053
E00159481,246,41,21,20,205,21,184,16.666666666666664,8.536585365853659,8.130081300813007,83.33333333333334,8.536585365853659,74.79674796747967
E00159482,344,81,38,43,263,27,236,23.546511627906977,11.046511627906977,12.5,76.45348837209302,7.848837209302325,68.6046511627907
E00159483,353,50,14,36,303,28,275,14.164305949008499,3.9660056657223794,10.198300283286118,85.8356940509915,7.932011331444759,77.90368271954674
E00159484,284,59,33,26,225,20,205,20.774647887323944,11.619718309859154,9.15492957746479,79.22535211267606,7.042253521126761,72.1830985915493
E00159485,363,53,20,33,310,44,266,14.600550964187327,5.5096418732782375,9.090909090909092,85.39944903581267,12.121212121212121,73.27823691460054
E00159486,305,58,20,38,247,19,228,19.01639344262295,6.557377049180328,12.459016393442624,80.98360655737706,6.229508196721312,74.75409836065575
E00159487,316,49,19,30,267,19,248,15.50632911392405,6.012658227848101,9.49367088607595,84.49367088607595,6.012658227848101,78.48101265822784
E00159488,283,45,15,30,238,29,209,15.901060070671377,5.30035335689046,10.60070671378092,84.09893992932862,10.247349823321555,73.85159010600707
E00159489,315,43,9,34,272,27,245,13.65079365079365,2.857142857142857,10.793650793650794,86.34920634920636,8.571428571428571,77.77777777777779
E00159490,262,29,6,23,233,20,213,11.068702290076336,2.2900763358778624,8.778625954198473,88.93129770992367,7.633587786259542,81.29770992366412
E00159491,264,42,16,26,222,15,207,15.909090909090908,6.0606060606060606,9.848484848484848,84.0909090909091,5.681818181818182,78.4090909090909
E00159492,244,51,24,27,193,23,170,20.901639344262296,9.836065573770492,11.065573770491802,79.09836065573771,9.426229508196721,69.67213114754098
E00159493,315,47,14,33,268,27,241,14.920634920634921,4.444444444444445,10.476190476190476,85.07936507936508,8.571428571428571,76.5079365079365
E00159494,188,25,7,18,163,23,140,13.297872340425531,3.723404255319149,9.574468085106384,86.70212765957447,12.23404255319149,74.46808510638297
E00159495,160,28,7,21,132,11,121,17.5,4.375,13.125,82.5,6.875000000000001,75.625
E00159496,418,78,48,30,340,41,299,18.660287081339714,11.483253588516746,7.177033492822966,81.3397129186603,9.808612440191387,71.5311004784689
E00159497,434,50,18,32,384,31,353,11.52073732718894,4.147465437788019,7.373271889400922,88.47926267281106,7.142857142857142,81.33640552995391
E00159498,242,39,16,23,203,11,192,16.115702479338843,6.6115702479338845,9.50413223140496,83.88429752066115,4.545454545454546,79.33884297520662
E00159499,341,33,5,28,308,29,279,9.67741935483871,1.466275659824047,8.211143695014663,90.32258064516128,8.504398826979472,81.81818181818183
E00159500,375,41,9,32,334,34,300,10.933333333333334,2.4,8.533333333333333,89.06666666666668,9.066666666666666,80
E00159501,372,51,16,35,321,30,291,13.709677419354838,4.301075268817205,9.408602150537634,86.29032258064517,8.064516129032258,78.2258064516129
E00159502,352,36,10,26,316,27,289,10.227272727272728,2.840909090909091,7.386363636363637,89.77272727272727,7.670454545454546,82.10227272727273
E00159503,271,31,9,22,240,24,216,11.439114391143912,3.3210332103321036,8.118081180811808,88.56088560885608,8.856088560885608,79.70479704797047
E00159504,231,23,8,15,208,18,190,9.956709956709958,3.463203463203463,6.493506493506493,90.04329004329004,7.792207792207792,82.25108225108225
E00159505,381,40,11,29,341,31,310,10.498687664041995,2.8871391076115485,7.611548556430446,89.501312335958,8.136482939632545,81.36482939632546
E00159506,268,47,20,27,221,23,198,17.537313432835823,7.462686567164178,10.074626865671641,82.46268656716418,8.582089552238806,73.88059701492537
E00159507,428,47,18,29,381,34,347,10.981308411214954,4.205607476635514,6.775700934579438,89.01869158878505,7.943925233644859,81.07476635514018
E00159508,250,38,5,33,212,29,183,15.2,2,13.200000000000001,84.8,11.600000000000001,73.2
E00159509,248,27,9,18,221,18,203,10.887096774193548,3.6290322580645165,7.258064516129033,89.11290322580645,7.258064516129033,81.85483870967742
E00159510,375,41,18,23,334,45,289,10.933333333333334,4.8,6.133333333333333,89.06666666666668,12,77.06666666666668
E00159511,384,47,9,38,337,30,307,12.239583333333332,2.34375,9.895833333333332,87.76041666666666,7.8125,79.94791666666666
E00159512,242,23,3,20,219,17,202,9.50413223140496,1.2396694214876034,8.264462809917356,90.49586776859503,7.024793388429752,83.47107438016529
E00159513,262,31,12,19,231,21,210,11.83206106870229,4.580152671755725,7.251908396946565,88.16793893129771,8.015267175572518,80.1526717557252
E00159514,344,45,13,32,299,30,269,13.08139534883721,3.77906976744186,9.30232558139535,86.9186046511628,8.720930232558139,78.19767441860465
E00159515,289,35,12,23,254,29,225,12.110726643598616,4.1522491349480966,7.958477508650519,87.88927335640139,10.034602076124568,77.85467128027682
E00159516,147,21,7,14,126,10,116,14.285714285714285,4.761904761904762,9.523809523809524,85.71428571428571,6.802721088435375,78.91156462585033
E00159517,208,73,30,43,135,10,125,35.09615384615385,14.423076923076922,20.673076923076923,64.90384615384616,4.807692307692308,60.09615384615385
E00159518,456,76,30,46,380,41,339,16.666666666666664,6.578947368421052,10.087719298245613,83.33333333333334,8.991228070175438,74.3421052631579
E00159519,289,33,8,25,256,26,230,11.418685121107266,2.768166089965398,8.650519031141869,88.58131487889274,8.996539792387544,79.58477508650519
E00159520,179,26,14,12,153,12,141,14.52513966480447,7.82122905027933,6.70391061452514,85.47486033519553,6.70391061452514,78.77094972067039
E00159521,237,60,29,31,177,15,162,25.31645569620253,12.236286919831224,13.080168776371309,74.68354430379746,6.329113924050633,68.35443037974683
E00159522,215,30,9,21,185,24,161,13.953488372093023,4.186046511627907,9.767441860465116,86.04651162790698,11.162790697674419,74.88372093023256
E00159523,315,54,14,40,261,37,224,17.142857142857142,4.444444444444445,12.698412698412698,82.85714285714286,11.746031746031745,71.11111111111111
E00159524,309,36,13,23,273,22,251,11.650485436893204,4.207119741100324,7.443365695792881,88.3495145631068,7.119741100323624,81.22977346278317
E00159525,293,24,7,17,269,28,241,8.19112627986348,2.3890784982935154,5.802047781569966,91.80887372013652,9.556313993174061,82.25255972696246
E00159526,322,32,13,19,290,19,271,9.937888198757763,4.037267080745342,5.900621118012422,90.06211180124224,5.900621118012422,84.16149068322981
E00159527,268,36,10,26,232,28,204,13.432835820895523,3.731343283582089,9.701492537313433,86.56716417910447,10.44776119402985,76.11940298507463
E00159528,314,38,10,28,276,28,248,12.101910828025478,3.1847133757961785,8.9171974522293,87.89808917197452,8.9171974522293,78.98089171974523
E00159529,286,24,7,17,262,15,247,8.391608391608392,2.4475524475524475,5.944055944055944,91.6083916083916,5.244755244755245,86.36363636363636
E00159530,305,48,11,37,257,29,228,15.737704918032788,3.606557377049181,12.131147540983607,84.26229508196721,9.508196721311474,74.75409836065575
E00159531,343,38,16,22,305,29,276,11.078717201166182,4.664723032069971,6.41399416909621,88.92128279883383,8.454810495626822,80.466472303207
E00159532,304,25,10,15,279,34,245,8.223684210526317,3.289473684210526,4.934210526315789,91.77631578947368,11.18421052631579,80.5921052631579
E00159533,306,35,11,24,271,26,245,11.437908496732026,3.594771241830065,7.8431372549019605,88.56209150326796,8.49673202614379,80.06535947712419
E00159534,424,87,60,27,337,41,296,20.5188679245283,14.150943396226415,6.367924528301887,79.48113207547169,9.669811320754718,69.81132075471697
E00159535,323,36,9,27,287,28,259,11.145510835913312,2.786377708978328,8.359133126934983,88.85448916408669,8.6687306501548,80.18575851393189
E00159536,320,38,13,25,282,28,254,11.875,4.0625,7.8125,88.125,8.75,79.375
E00159537,349,50,19,31,299,29,270,14.326647564469914,5.444126074498568,8.882521489971348,85.67335243553008,8.30945558739255,77.36389684813754
E00159538,213,43,21,22,170,12,158,20.187793427230048,9.859154929577464,10.328638497652582,79.81220657276995,5.633802816901409,74.17840375586854
E00159539,440,69,33,36,371,30,341,15.681818181818183,7.5,8.181818181818182,84.31818181818181,6.8181818181818175,77.5
E00159540,349,65,21,44,284,31,253,18.624641833810887,6.017191977077363,12.607449856733524,81.37535816618912,8.882521489971348,72.49283667621776
E00159541,157,56,28,28,101,13,88,35.6687898089172,17.8343949044586,17.8343949044586,64.3312101910828,8.280254777070063,56.05095541401274
E00159542,293,33,12,21,260,22,238,11.262798634812286,4.09556313993174,7.167235494880546,88.73720136518772,7.508532423208192,81.22866894197952
E00159543,284,58,29,29,226,23,203,20.422535211267608,10.211267605633804,10.211267605633804,79.5774647887324,8.098591549295776,71.47887323943662
E00159544,258,39,15,24,219,24,195,15.11627906976744,5.813953488372093,9.30232558139535,84.88372093023256,9.30232558139535,75.5813953488372
E00159545,207,56,30,26,151,21,130,27.053140096618357,14.492753623188406,12.560386473429952,72.94685990338165,10.144927536231885,62.80193236714976
E00159546,304,47,10,37,257,31,226,15.460526315789474,3.289473684210526,12.171052631578947,84.53947368421053,10.197368421052632,74.3421052631579
E00159547,245,38,15,23,207,21,186,15.510204081632653,6.122448979591836,9.387755102040817,84.48979591836735,8.571428571428571,75.91836734693878
E00159548,291,39,12,27,252,28,224,13.402061855670103,4.123711340206185,9.278350515463918,86.5979381443299,9.621993127147768,76.97594501718214
E00159549,329,60,26,34,269,20,249,18.237082066869302,7.90273556231003,10.33434650455927,81.7629179331307,6.079027355623101,75.6838905775076
E00159550,425,42,10,32,383,26,357,9.88235294117647,2.3529411764705883,7.529411764705881,90.11764705882352,6.11764705882353,84
E00159551,369,75,50,25,294,38,256,20.32520325203252,13.550135501355012,6.775067750677506,79.67479674796748,10.29810298102981,69.37669376693766
E00159553,406,74,25,49,332,29,303,18.226600985221676,6.157635467980295,12.068965517241379,81.77339901477832,7.142857142857142,74.63054187192118
E00159554,334,39,10,29,295,30,265,11.676646706586826,2.9940119760479043,8.682634730538922,88.32335329341318,8.982035928143713,79.34131736526946
E00159555,289,37,7,30,252,17,235,12.802768166089965,2.422145328719723,10.380622837370241,87.19723183391004,5.88235294117647,81.31487889273356
E00159556,268,34,8,26,234,34,200,12.686567164179104,2.9850746268656714,9.701492537313433,87.31343283582089,12.686567164179104,74.6268656716418
E00159557,281,26,13,13,255,27,228,9.252669039145907,4.6263345195729535,4.6263345195729535,90.74733096085409,9.608540925266903,81.13879003558719
E00159558,245,34,10,24,211,11,200,13.877551020408163,4.081632653061225,9.795918367346939,86.12244897959184,4.489795918367347,81.63265306122449
E00159559,367,34,12,22,333,28,305,9.264305177111716,3.2697547683923704,5.994550408719346,90.73569482288828,7.629427792915531,83.10626702997274
E00159560,281,43,22,21,238,31,207,15.302491103202847,7.829181494661921,7.473309608540925,84.69750889679716,11.032028469750891,73.66548042704626
E00159561,380,34,9,25,346,27,319,8.947368421052632,2.368421052631579,6.578947368421052,91.05263157894737,7.105263157894736,83.94736842105263
E00159562,375,37,11,26,338,42,296,9.866666666666667,2.933333333333333,6.933333333333333,90.13333333333333,11.200000000000001,78.93333333333334
E00159563,270,59,29,30,211,21,190,21.85185185185185,10.74074074074074,11.11111111111111,78.14814814814814,7.777777777777778,70.37037037037037
E00159564,227,25,7,18,202,18,184,11.013215859030836,3.0837004405286343,7.929515418502203,88.98678414096916,7.929515418502203,81.05726872246696
E00159565,256,38,10,28,218,28,190,14.84375,3.90625,10.9375,85.15625,10.9375,74.21875
E00159566,278,41,18,23,237,21,216,14.748201438848922,6.474820143884892,8.273381294964029,85.25179856115108,7.553956834532374,77.6978417266187
E00159567,296,52,11,41,244,32,212,17.56756756756757,3.7162162162162162,13.85135135135135,82.43243243243244,10.81081081081081,71.62162162162163
E00159568,236,46,17,29,190,21,169,19.491525423728813,7.203389830508475,12.288135593220339,80.50847457627118,8.898305084745763,71.61016949152543
E00159569,282,72,33,39,210,23,187,25.53191489361702,11.702127659574469,13.829787234042554,74.46808510638297,8.156028368794328,66.31205673758865
E00159570,278,30,4,26,248,23,225,10.79136690647482,1.4388489208633095,9.352517985611511,89.20863309352518,8.273381294964029,80.93525179856115
E00159571,302,31,8,23,271,29,242,10.264900662251655,2.6490066225165565,7.6158940397351,89.73509933774835,9.602649006622517,80.13245033112582
E00159572,208,43,10,33,165,7,158,20.673076923076923,4.807692307692308,15.865384615384615,79.32692307692307,3.3653846153846154,75.96153846153845
E00159573,298,34,10,24,264,30,234,11.409395973154362,3.3557046979865772,8.053691275167784,88.59060402684564,10.06711409395973,78.52348993288591
E00159574,294,56,22,34,238,29,209,19.047619047619047,7.482993197278912,11.564625850340136,80.95238095238095,9.863945578231291,71.08843537414967
E00159575,260,30,9,21,230,15,215,11.538461538461538,3.4615384615384617,8.076923076923077,88.46153846153845,5.769230769230769,82.6923076923077
E00159576,322,43,10,33,279,38,241,13.354037267080745,3.1055900621118013,10.248447204968944,86.64596273291926,11.801242236024844,74.84472049689441
E00159577,385,31,8,23,354,33,321,8.051948051948052,2.0779220779220777,5.974025974025974,91.94805194805194,8.571428571428571,83.37662337662337
E00159578,371,40,11,29,331,38,293,10.781671159029651,2.964959568733154,7.816711590296496,89.21832884097036,10.242587601078167,78.97574123989219
E00159579,216,39,13,26,177,15,162,18.055555555555554,6.018518518518518,12.037037037037036,81.94444444444444,6.944444444444445,75
E00159580,353,60,23,37,293,28,265,16.997167138810198,6.515580736543909,10.48158640226629,83.0028328611898,7.932011331444759,75.07082152974505
E00159582,306,36,12,24,270,28,242,11.76470588235294,3.9215686274509802,7.8431372549019605,88.23529411764706,9.15032679738562,79.08496732026144
E00159583,240,40,10,30,200,17,183,16.666666666666664,4.166666666666666,12.5,83.33333333333334,7.083333333333333,76.25
E00159584,192,25,7,18,167,20,147,13.020833333333334,3.6458333333333335,9.375,86.97916666666666,10.416666666666668,76.5625
E00159585,350,57,22,35,293,29,264,16.28571428571429,6.2857142857142865,10,83.71428571428572,8.285714285714285,75.42857142857143
E00159586,199,40,10,30,159,18,141,20.100502512562816,5.025125628140704,15.07537688442211,79.89949748743719,9.045226130653267,70.85427135678391
E00159587,295,48,19,29,247,18,229,16.271186440677965,6.440677966101695,9.830508474576272,83.72881355932203,6.101694915254238,77.62711864406779
E00159588,271,48,14,34,223,18,205,17.712177121771216,5.166051660516605,12.546125461254611,82.28782287822878,6.642066420664207,75.64575645756457
E00159589,265,47,13,34,218,27,191,17.735849056603772,4.905660377358491,12.830188679245284,82.26415094339623,10.18867924528302,72.0754716981132
E00159590,309,38,13,25,271,32,239,12.297734627831716,4.207119741100324,8.090614886731391,87.70226537216828,10.355987055016183,77.34627831715211
E00159591,273,44,17,27,229,30,199,16.117216117216117,6.227106227106227,9.89010989010989,83.88278388278388,10.989010989010989,72.89377289377289
E00159592,276,36,18,18,240,25,215,13.043478260869565,6.521739130434782,6.521739130434782,86.95652173913044,9.057971014492754,77.89855072463769
E00159593,208,19,5,14,189,25,164,9.134615384615383,2.403846153846154,6.730769230769231,90.86538461538461,12.01923076923077,78.84615384615384
E00159594,138,47,19,28,91,10,81,34.05797101449276,13.768115942028986,20.28985507246377,65.94202898550725,7.246376811594203,58.69565217391305
E00159595,298,58,21,37,240,19,221,19.463087248322147,7.046979865771812,12.416107382550337,80.53691275167785,6.375838926174497,74.16107382550335
E00159596,360,27,6,21,333,40,293,7.5,1.6666666666666667,5.833333333333333,92.5,11.11111111111111,81.38888888888889
E00159597,322,44,8,36,278,31,247,13.664596273291925,2.484472049689441,11.180124223602485,86.33540372670807,9.627329192546584,76.70807453416148
E00159598,326,49,13,36,277,36,241,15.030674846625766,3.9877300613496933,11.042944785276074,84.96932515337423,11.042944785276074,73.92638036809815
E00159599,363,55,25,30,308,48,260,15.151515151515152,6.887052341597796,8.264462809917356,84.84848484848484,13.223140495867769,71.62534435261708
E00159600,377,52,19,33,325,33,292,13.793103448275861,5.039787798408488,8.753315649867375,86.20689655172413,8.753315649867375,77.45358090185677
E00159601,199,28,7,21,171,13,158,14.07035175879397,3.5175879396984926,10.552763819095476,85.92964824120602,6.532663316582915,79.39698492462311
E00159602,284,39,10,29,245,32,213,13.732394366197184,3.5211267605633805,10.211267605633804,86.26760563380282,11.267605633802818,75
E00159603,308,32,8,24,276,21,255,10.38961038961039,2.5974025974025974,7.792207792207792,89.6103896103896,6.8181818181818175,82.79220779220779
E00159604,208,19,4,15,189,12,177,9.134615384615383,1.9230769230769231,7.211538461538461,90.86538461538461,5.769230769230769,85.09615384615384
E00159605,249,35,9,26,214,25,189,14.056224899598394,3.614457831325301,10.441767068273093,85.94377510040161,10.040160642570282,75.90361445783132
E00159606,289,51,17,34,238,29,209,17.647058823529413,5.88235294117647,11.76470588235294,82.35294117647058,10.034602076124568,72.31833910034602
E00159607,302,39,10,29,263,33,230,12.91390728476821,3.3112582781456954,9.602649006622517,87.08609271523179,10.927152317880795,76.15894039735099
E00159608,150,23,7,16,127,3,124,15.333333333333332,4.666666666666667,10.666666666666668,84.66666666666667,2,82.66666666666667
E00159609,220,27,11,16,193,14,179,12.272727272727273,5,7.2727272727272725,87.72727272727273,6.363636363636363,81.36363636363636
E00159611,312,41,10,31,271,20,251,13.141025641025642,3.205128205128205,9.935897435897436,86.85897435897436,6.41025641025641,80.44871794871796
E00159612,257,44,12,32,213,31,182,17.120622568093385,4.669260700389105,12.45136186770428,82.87937743190662,12.062256809338521,70.8171206225681
E00159613,264,43,15,28,221,22,199,16.28787878787879,5.681818181818182,10.606060606060606,83.71212121212122,8.333333333333332,75.37878787878788
E00159614,277,51,21,30,226,27,199,18.4115523465704,7.581227436823104,10.830324909747292,81.58844765342961,9.747292418772563,71.84115523465704
E00159615,285,59,19,40,226,25,201,20.701754385964914,6.666666666666667,14.035087719298245,79.2982456140351,8.771929824561402,70.52631578947368
E00159616,300,57,26,31,243,22,221,19,8.666666666666668,10.333333333333334,81,7.333333333333333,73.66666666666667
E00159617,314,49,14,35,265,32,233,15.605095541401273,4.45859872611465,11.146496815286625,84.39490445859873,10.191082802547772,74.20382165605095
E00159618,269,33,12,21,236,21,215,12.267657992565056,4.4609665427509295,7.806691449814126,87.73234200743495,7.806691449814126,79.92565055762083
E00159619,285,54,26,28,231,27,204,18.947368421052634,9.12280701754386,9.824561403508772,81.05263157894737,9.473684210526317,71.57894736842105
E00159620,254,37,12,25,217,19,198,14.566929133858267,4.724409448818897,9.84251968503937,85.43307086614173,7.480314960629922,77.95275590551181
E00159621,341,70,39,31,271,27,244,20.527859237536656,11.436950146627565,9.090909090909092,79.47214076246334,7.9178885630498534,71.5542521994135
E00159622,327,60,23,37,267,36,231,18.34862385321101,7.033639143730887,11.314984709480122,81.65137614678899,11.009174311926607,70.64220183486239
E00159623,263,56,24,32,207,31,176,21.292775665399237,9.125475285171103,12.167300380228136,78.70722433460075,11.787072243346007,66.92015209125475
E00159624,301,53,15,38,248,38,210,17.60797342192691,4.983388704318937,12.624584717607974,82.39202657807309,12.624584717607974,69.76744186046511
E00159625,285,36,10,26,249,31,218,12.631578947368421,3.508771929824561,9.12280701754386,87.36842105263159,10.87719298245614,76.49122807017544
E00159626,285,56,24,32,229,34,195,19.649122807017545,8.421052631578947,11.228070175438596,80.35087719298247,11.929824561403509,68.42105263157895
E00159627,297,39,11,28,258,24,234,13.131313131313133,3.7037037037037033,9.427609427609427,86.86868686868688,8.080808080808081,78.78787878787878
E00159628,320,51,11,40,269,16,253,15.937499999999998,3.4375000000000004,12.5,84.0625,5,79.0625
E00159629,262,50,13,37,212,33,179,19.083969465648856,4.961832061068702,14.122137404580155,80.91603053435115,12.595419847328243,68.32061068702289
E00159630,300,38,9,29,262,30,232,12.666666666666668,3,9.666666666666666,87.33333333333333,10,77.33333333333333
E00159631,309,33,8,25,276,19,257,10.679611650485436,2.5889967637540456,8.090614886731391,89.32038834951457,6.148867313915858,83.1715210355987
E00159632,252,56,26,30,196,29,167,22.22222222222222,10.317460317460316,11.904761904761903,77.77777777777779,11.507936507936508,66.26984126984127
E00159633,237,44,17,27,193,27,166,18.565400843881857,7.172995780590717,11.39240506329114,81.43459915611815,11.39240506329114,70.042194092827
E00159634,266,45,15,30,221,27,194,16.917293233082706,5.639097744360902,11.278195488721805,83.0827067669173,10.150375939849624,72.93233082706767
E00159635,303,54,23,31,249,20,229,17.82178217821782,7.590759075907591,10.231023102310232,82.17821782178217,6.6006600660066,75.57755775577559
E00159636,319,54,22,32,265,21,244,16.927899686520377,6.896551724137931,10.031347962382444,83.07210031347962,6.583072100313479,76.48902821316614
E00159637,311,89,46,43,222,28,194,28.617363344051448,14.790996784565916,13.826366559485532,71.38263665594855,9.003215434083602,62.37942122186495
E00159638,341,39,12,27,302,33,269,11.436950146627565,3.519061583577713,7.9178885630498534,88.56304985337243,9.67741935483871,78.88563049853371
E00159639,141,24,4,20,117,11,106,17.02127659574468,2.8368794326241136,14.184397163120568,82.97872340425532,7.801418439716312,75.177304964539
E00159640,237,44,20,24,193,24,169,18.565400843881857,8.438818565400844,10.126582278481013,81.43459915611815,10.126582278481013,71.30801687763713
E00159641,277,47,25,22,230,31,199,16.967509025270758,9.025270758122744,7.9422382671480145,83.03249097472924,11.191335740072201,71.84115523465704
E00159642,226,56,20,36,170,22,148,24.778761061946902,8.849557522123893,15.929203539823009,75.22123893805309,9.734513274336283,65.48672566371681
E00159645,351,43,17,26,308,32,276,12.250712250712251,4.843304843304843,7.4074074074074066,87.74928774928775,9.116809116809117,78.63247863247864
E00159646,256,45,24,21,211,21,190,17.578125,9.375,8.203125,82.421875,8.203125,74.21875
E00159647,249,68,35,33,181,20,161,27.309236947791167,14.056224899598394,13.253012048192772,72.69076305220884,8.032128514056225,64.65863453815261
E00159648,511,101,45,56,410,43,367,19.765166340508806,8.806262230919765,10.95890410958904,80.23483365949119,8.414872798434441,71.81996086105676
E00159649,271,35,10,25,236,30,206,12.915129151291513,3.6900369003690034,9.22509225092251,87.08487084870849,11.07011070110701,76.01476014760148
E00159650,324,36,11,25,288,28,260,11.11111111111111,3.3950617283950617,7.716049382716049,88.88888888888889,8.641975308641975,80.24691358024691
E00159651,223,28,7,21,195,19,176,12.556053811659194,3.1390134529147984,9.417040358744394,87.4439461883408,8.520179372197308,78.9237668161435
E00159652,258,28,14,14,230,29,201,10.852713178294573,5.426356589147287,5.426356589147287,89.14728682170544,11.24031007751938,77.90697674418605
E00159653,247,39,19,20,208,24,184,15.789473684210526,7.6923076923076925,8.097165991902834,84.21052631578947,9.7165991902834,74.49392712550608
E00159654,243,23,5,18,220,19,201,9.465020576131687,2.05761316872428,7.4074074074074066,90.53497942386831,7.818930041152264,82.71604938271605
E00159655,330,58,25,33,272,24,248,17.575757575757574,7.575757575757576,10,82.42424242424242,7.2727272727272725,75.15151515151514
E00159656,238,28,5,23,210,25,185,11.76470588235294,2.100840336134454,9.663865546218489,88.23529411764706,10.504201680672269,77.73109243697479
E00159657,233,47,21,26,186,23,163,20.171673819742487,9.012875536480687,11.158798283261802,79.82832618025752,9.871244635193133,69.95708154506438
E00159658,194,37,17,20,157,12,145,19.072164948453608,8.762886597938143,10.309278350515463,80.9278350515464,6.185567010309279,74.74226804123711
E00159659,284,43,14,29,241,29,212,15.140845070422534,4.929577464788732,10.211267605633804,84.85915492957746,10.211267605633804,74.64788732394366
E00159660,235,39,13,26,196,37,159,16.595744680851062,5.531914893617021,11.063829787234042,83.40425531914893,15.74468085106383,67.65957446808511
E00159661,251,52,18,34,199,18,181,20.717131474103585,7.171314741035857,13.545816733067728,79.2828685258964,7.171314741035857,72.11155378486056
E00159662,249,39,14,25,210,28,182,15.66265060240964,5.622489959839357,10.040160642570282,84.33734939759037,11.244979919678714,73.09236947791165
E00159663,278,55,26,29,223,31,192,19.784172661870503,9.352517985611511,10.431654676258994,80.2158273381295,11.151079136690647,69.06474820143885
E00159664,285,69,25,44,216,23,193,24.210526315789473,8.771929824561402,15.43859649122807,75.78947368421053,8.070175438596491,67.71929824561404
E00159666,496,76,24,52,420,27,393,15.32258064516129,4.838709677419355,10.483870967741936,84.67741935483872,5.443548387096774,79.23387096774194
E00159667,321,62,26,36,259,35,224,19.314641744548286,8.09968847352025,11.214953271028037,80.68535825545172,10.903426791277258,69.78193146417445
E00159668,350,125,77,48,225,31,194,35.714285714285715,22,13.714285714285715,64.28571428571429,8.857142857142856,55.42857142857143
E00159669,221,34,16,18,187,16,171,15.384615384615385,7.239819004524888,8.144796380090497,84.61538461538461,7.239819004524888,77.37556561085974
E00159670,320,51,19,32,269,26,243,15.937499999999998,5.9375,10,84.0625,8.125,75.9375
E00159671,303,44,11,33,259,26,233,14.521452145214523,3.6303630363036308,10.891089108910892,85.47854785478548,8.58085808580858,76.89768976897689
E00159672,324,74,34,40,250,15,235,22.839506172839506,10.493827160493826,12.345679012345679,77.1604938271605,4.62962962962963,72.53086419753086
E00159673,185,25,9,16,160,20,140,13.513513513513514,4.864864864864865,8.64864864864865,86.48648648648648,10.81081081081081,75.67567567567568
E00159674,221,49,21,28,172,19,153,22.171945701357465,9.502262443438914,12.669683257918551,77.82805429864254,8.597285067873303,69.23076923076923
E00159675,250,37,17,20,213,16,197,14.799999999999999,6.800000000000001,8,85.2,6.4,78.8
E00159676,357,58,25,33,299,24,275,16.246498599439775,7.002801120448179,9.243697478991598,83.75350140056022,6.722689075630252,77.03081232492998
E00159677,237,24,10,14,213,21,192,10.126582278481013,4.219409282700422,5.9071729957805905,89.87341772151899,8.860759493670885,81.0126582278481
E00159678,347,38,8,30,309,17,292,10.951008645533141,2.3054755043227666,8.645533141210375,89.04899135446685,4.899135446685879,84.14985590778097
E00159679,220,37,16,21,183,20,163,16.818181818181817,7.2727272727272725,9.545454545454547,83.18181818181817,9.090909090909092,74.0909090909091
E00159680,278,42,12,30,236,19,217,15.107913669064748,4.316546762589928,10.79136690647482,84.89208633093526,6.83453237410072,78.05755395683454
E00159681,319,48,22,26,271,27,244,15.047021943573668,6.896551724137931,8.150470219435736,84.95297805642633,8.463949843260188,76.48902821316614
E00159682,221,44,23,21,177,25,152,19.90950226244344,10.407239819004525,9.502262443438914,80.09049773755656,11.312217194570136,68.77828054298642
E00159683,290,50,20,30,240,27,213,17.24137931034483,6.896551724137931,10.344827586206897,82.75862068965517,9.310344827586208,73.44827586206897
E00159684,192,70,38,32,122,9,113,36.45833333333333,19.791666666666664,16.666666666666664,63.541666666666664,4.6875,58.854166666666664
E00159685,300,55,23,32,245,26,219,18.333333333333332,7.666666666666666,10.666666666666668,81.66666666666667,8.666666666666668,73
E00159687,299,43,17,26,256,31,225,14.381270903010032,5.68561872909699,8.695652173913043,85.61872909698997,10.367892976588628,75.25083612040135
E00159688,486,63,17,46,423,41,382,12.962962962962962,3.4979423868312756,9.465020576131687,87.03703703703704,8.436213991769549,78.60082304526749
E00159689,429,41,17,24,388,41,347,9.557109557109557,3.9627039627039626,5.594405594405594,90.44289044289044,9.557109557109557,80.88578088578089
E00159690,168,31,13,18,137,22,115,18.452380952380953,7.738095238095238,10.714285714285714,81.54761904761905,13.095238095238097,68.45238095238095
E00159691,274,45,14,31,229,33,196,16.423357664233578,5.109489051094891,11.313868613138686,83.57664233576642,12.043795620437956,71.53284671532847
E00159692,375,55,14,41,320,44,276,14.666666666666666,3.733333333333334,10.933333333333334,85.33333333333334,11.733333333333333,73.6
E00159694,422,40,16,24,382,33,349,9.47867298578199,3.7914691943127963,5.687203791469194,90.52132701421802,7.819905213270142,82.70142180094787
E00159696,256,15,4,11,241,23,218,5.859375,1.5625,4.296875,94.140625,8.984375,85.15625
E00159700,326,63,37,26,263,24,239,19.32515337423313,11.349693251533742,7.975460122699387,80.67484662576688,7.361963190184049,73.31288343558282
E00159701,256,54,19,35,202,16,186,21.09375,7.421875,13.671875,78.90625,6.25,72.65625
E00159702,315,45,16,29,270,28,242,14.285714285714285,5.079365079365079,9.206349206349207,85.71428571428571,8.88888888888889,76.82539682539684
E00159703,424,44,8,36,380,43,337,10.377358490566039,1.8867924528301887,8.49056603773585,89.62264150943396,10.141509433962264,79.48113207547169
E00159704,253,40,11,29,213,22,191,15.810276679841898,4.3478260869565215,11.462450592885375,84.18972332015811,8.695652173913043,75.49407114624506
E00159705,484,55,18,37,429,56,373,11.363636363636363,3.71900826446281,7.644628099173553,88.63636363636364,11.570247933884298,77.06611570247934
E00159707,427,108,55,53,319,28,291,25.292740046838407,12.88056206088993,12.412177985948478,74.7072599531616,6.557377049180328,68.14988290398126
E00159708,313,40,15,25,273,29,244,12.779552715654951,4.792332268370607,7.987220447284344,87.22044728434504,9.26517571884984,77.95527156549521
E00159709,311,97,47,50,214,20,194,31.189710610932476,15.112540192926044,16.077170418006432,68.81028938906752,6.430868167202572,62.37942122186495
E00159710,264,48,24,24,216,26,190,18.181818181818183,9.090909090909092,9.090909090909092,81.81818181818183,9.848484848484848,71.96969696969697
E00159711,221,46,15,31,175,24,151,20.81447963800905,6.787330316742081,14.027149321266968,79.18552036199095,10.85972850678733,68.32579185520362
E00159712,174,45,20,25,129,16,113,25.862068965517242,11.494252873563218,14.367816091954023,74.13793103448276,9.195402298850574,64.9425287356322
E00159714,311,39,11,28,272,32,240,12.540192926045016,3.536977491961415,9.003215434083602,87.45980707395499,10.289389067524116,77.17041800643086
E00159715,329,52,16,36,277,27,250,15.80547112462006,4.86322188449848,10.94224924012158,84.19452887537993,8.206686930091186,75.98784194528876
E00159716,337,88,36,52,249,26,223,26.112759643916917,10.682492581602373,15.43026706231454,73.88724035608308,7.71513353115727,66.17210682492582
E00159717,237,52,19,33,185,18,167,21.940928270042196,8.016877637130802,13.924050632911392,78.05907172995781,7.59493670886076,70.46413502109705
E00159719,255,59,21,38,196,19,177,23.137254901960784,8.235294117647058,14.901960784313726,76.86274509803923,7.450980392156863,69.41176470588235
E00159720,278,37,15,22,241,23,218,13.309352517985612,5.39568345323741,7.913669064748201,86.6906474820144,8.273381294964029,78.41726618705036
E00159721,326,54,21,33,272,28,244,16.56441717791411,6.441717791411043,10.122699386503067,83.43558282208589,8.588957055214724,74.84662576687117
E00159722,276,41,17,24,235,34,201,14.855072463768115,6.159420289855073,8.695652173913043,85.14492753623189,12.318840579710146,72.82608695652173
E00159723,279,66,31,35,213,20,193,23.655913978494624,11.11111111111111,12.544802867383511,76.34408602150538,7.168458781362006,69.17562724014337
E00159724,344,46,21,25,298,17,281,13.372093023255813,6.104651162790697,7.267441860465117,86.62790697674419,4.941860465116279,81.68604651162791
E00159725,277,59,26,33,218,17,201,21.299638989169676,9.386281588447654,11.913357400722022,78.70036101083032,6.137184115523466,72.56317689530685
E00159726,304,63,30,33,241,23,218,20.723684210526315,9.868421052631579,10.855263157894738,79.27631578947368,7.565789473684211,71.71052631578947
E00159728,344,54,20,34,290,25,265,15.69767441860465,5.813953488372093,9.883720930232558,84.30232558139535,7.267441860465117,77.03488372093024
E00159729,352,60,18,42,292,30,262,17.045454545454543,5.113636363636364,11.931818181818182,82.95454545454545,8.522727272727272,74.43181818181817
E00159730,224,35,17,18,189,24,165,15.625,7.5892857142857135,8.035714285714286,84.375,10.714285714285714,73.66071428571429
E00159731,316,70,23,47,246,22,224,22.151898734177212,7.2784810126582276,14.873417721518987,77.84810126582279,6.962025316455696,70.88607594936708
E00159732,314,69,27,42,245,26,219,21.97452229299363,8.598726114649681,13.375796178343949,78.02547770700637,8.280254777070063,69.7452229299363
E00159733,323,64,26,38,259,22,237,19.814241486068113,8.04953560371517,11.76470588235294,80.18575851393189,6.811145510835913,73.37461300309597
E00159734,221,39,14,25,182,18,164,17.647058823529413,6.334841628959276,11.312217194570136,82.35294117647058,8.144796380090497,74.2081447963801
E00159735,274,39,14,25,235,16,219,14.233576642335766,5.109489051094891,9.124087591240876,85.76642335766424,5.839416058394161,79.92700729927007
E00159736,293,39,14,25,254,21,233,13.310580204778159,4.778156996587031,8.532423208191126,86.68941979522185,7.167235494880546,79.5221843003413
E00159737,217,38,11,27,179,12,167,17.51152073732719,5.0691244239631335,12.442396313364055,82.48847926267281,5.529953917050691,76.95852534562212
E00159739,317,72,30,42,245,22,223,22.71293375394322,9.46372239747634,13.249211356466878,77.28706624605678,6.940063091482649,70.347003154574125
E00159740,278,58,25,33,220,27,193,20.863309352517987,8.992805755395683,11.870503597122301,79.13669064748201,9.712230215827338,69.42446043165468
E00159741,306,61,25,36,245,14,231,19.934640522875817,8.169934640522875,11.76470588235294,80.06535947712419,4.57516339869281,75.49019607843137
E00159742,311,46,15,31,265,28,237,14.790996784565916,4.823151125401929,9.967845659163988,85.20900321543408,9.003215434083602,76.20578778135048
E00159743,300,38,11,27,262,22,240,12.666666666666668,3.6666666666666665,9,87.33333333333333,7.333333333333333,80
E00159744,265,38,12,26,227,27,200,14.339622641509434,4.528301886792453,9.811320754716983,85.66037735849056,10.18867924528302,75.47169811320755
E00159745,252,50,20,30,202,16,186,19.841269841269842,7.936507936507936,11.904761904761903,80.15873015873017,6.349206349206349,73.80952380952381
E00159747,316,59,23,36,257,16,241,18.670886075949365,7.2784810126582276,11.39240506329114,81.32911392405063,5.063291139240507,76.26582278481013
E00159748,307,36,14,22,271,23,248,11.726384364820847,4.5602605863192185,7.166123778501629,88.27361563517914,7.491856677524431,80.78175895765473
E00159750,325,53,26,27,272,34,238,16.307692307692307,8,8.307692307692308,83.6923076923077,10.461538461538462,73.23076923076923
E00159751,294,41,16,25,253,27,226,13.945578231292515,5.442176870748299,8.503401360544217,86.05442176870748,9.183673469387756,76.87074829931973
E00159752,320,68,27,41,252,29,223,21.25,8.4375,12.812499999999998,78.75,9.0625,69.6875
E00159753,361,109,23,86,252,22,230,30.193905817174517,6.3711911357340725,23.822714681440445,69.80609418282549,6.094182825484765,63.711911357340725
E00159754,295,49,16,33,246,24,222,16.610169491525422,5.423728813559322,11.186440677966102,83.38983050847457,8.135593220338983,75.2542372881356
E00159755,437,63,26,37,374,45,329,14.416475972540047,5.949656750572083,8.466819221967963,85.58352402745996,10.297482837528605,75.28604118993135
E00159756,299,35,14,21,264,29,235,11.705685618729097,4.682274247491638,7.023411371237458,88.2943143812709,9.698996655518394,78.59531772575251
E00159757,271,35,12,23,236,17,219,12.915129151291513,4.428044280442804,8.487084870848708,87.08487084870849,6.273062730627306,80.81180811808119
E00159758,267,61,22,39,206,18,188,22.846441947565545,8.239700374531834,14.606741573033707,77.15355805243446,6.741573033707865,70.4119850187266
E00159760,292,49,19,30,243,28,215,16.78082191780822,6.506849315068493,10.273972602739725,83.21917808219177,9.58904109589041,73.63013698630137
E00159761,279,51,17,34,228,16,212,18.27956989247312,6.093189964157706,12.186379928315413,81.72043010752688,5.734767025089606,75.98566308243727
E00159762,303,41,18,23,262,14,248,13.531353135313532,5.9405940594059405,7.590759075907591,86.46864686468648,4.62046204620462,81.84818481848185
E00159763,276,57,14,43,219,22,197,20.652173913043477,5.072463768115942,15.579710144927535,79.34782608695652,7.971014492753622,71.37681159420289
E00159764,344,48,14,34,296,32,264,13.953488372093023,4.069767441860465,9.883720930232558,86.04651162790698,9.30232558139535,76.74418604651163
E00159765,300,45,11,34,255,20,235,15,3.6666666666666665,11.333333333333332,85,6.666666666666667,78.33333333333333
E00159766,352,55,21,34,297,11,286,15.625,5.965909090909091,9.659090909090908,84.375,3.125,81.25
E00159767,345,54,30,24,291,17,274,15.65217391304348,8.695652173913043,6.956521739130435,84.34782608695653,4.9275362318840585,79.42028985507247
E00159769,405,106,58,48,299,27,272,26.172839506172842,14.320987654320987,11.851851851851853,73.82716049382717,6.666666666666667,67.1604938271605
E00159770,230,29,5,24,201,18,183,12.608695652173912,2.1739130434782608,10.434782608695652,87.39130434782608,7.82608695652174,79.56521739130434
E00159771,294,49,20,29,245,12,233,16.666666666666664,6.802721088435375,9.863945578231291,83.33333333333334,4.081632653061225,79.25170068027211
E00159772,273,49,19,30,224,13,211,17.94871794871795,6.95970695970696,10.989010989010989,82.05128205128204,4.761904761904762,77.2893772893773
E00159773,339,33,16,17,306,27,279,9.734513274336283,4.71976401179941,5.014749262536873,90.2654867256637,7.964601769911504,82.30088495575221
E00159774,243,52,20,32,191,18,173,21.39917695473251,8.23045267489712,13.168724279835391,78.60082304526749,7.4074074074074066,71.19341563786008
E00159775,307,41,15,26,266,22,244,13.355048859934854,4.88599348534202,8.469055374592834,86.64495114006515,7.166123778501629,79.47882736156352
E00159776,352,61,34,27,291,34,257,17.329545454545457,9.659090909090908,7.670454545454546,82.67045454545455,9.659090909090908,73.01136363636364
E00159777,247,37,10,27,210,12,198,14.979757085020243,4.048582995951417,10.931174089068826,85.02024291497976,4.8582995951417,80.16194331983806
E00159778,381,43,11,32,338,27,311,11.286089238845145,2.8871391076115485,8.398950131233596,88.71391076115486,7.086614173228346,81.62729658792651
E00159779,259,43,10,33,216,33,183,16.602316602316602,3.861003861003861,12.741312741312742,83.3976833976834,12.741312741312742,70.65637065637065
E00159780,356,48,15,33,308,28,280,13.48314606741573,4.213483146067416,9.269662921348315,86.51685393258427,7.865168539325842,78.65168539325843
E00159781,264,29,10,19,235,23,212,10.984848484848484,3.787878787878788,7.196969696969697,89.01515151515152,8.712121212121213,80.3030303030303
E00159782,364,39,10,29,325,30,295,10.714285714285714,2.7472527472527473,7.967032967032966,89.28571428571429,8.241758241758241,81.04395604395604
E00159783,310,53,24,29,257,14,243,17.096774193548388,7.741935483870968,9.35483870967742,82.9032258064516,4.516129032258064,78.38709677419354
E00159784,276,25,4,21,251,29,222,9.057971014492754,1.4492753623188406,7.608695652173914,90.94202898550725,10.507246376811594,80.43478260869566
E00159785,253,38,8,30,215,27,188,15.019762845849801,3.1620553359683794,11.857707509881422,84.98023715415019,10.67193675889328,74.30830039525692
E00159786,265,31,7,24,234,18,216,11.69811320754717,2.6415094339622645,9.056603773584905,88.30188679245283,6.7924528301886795,81.50943396226415
E00159787,329,52,19,33,277,28,249,15.80547112462006,5.775075987841945,10.030395136778116,84.19452887537993,8.51063829787234,75.6838905775076
E00159788,190,37,18,19,153,22,131,19.473684210526315,9.473684210526317,10,80.52631578947368,11.578947368421053,68.94736842105263
E00159789,403,66,30,36,337,26,311,16.377171215880892,7.444168734491314,8.933002481389577,83.62282878411911,6.451612903225806,77.1712158808933
E00172302,131,11,3,8,120,5,115,8.396946564885496,2.2900763358778624,6.106870229007633,91.6030534351145,3.816793893129771,87.78625954198473
E00172303,276,53,16,37,223,16,207,19.202898550724637,5.797101449275362,13.405797101449277,80.79710144927536,5.797101449275362,75
E00172304,369,30,13,17,339,29,310,8.130081300813007,3.523035230352303,4.607046070460704,91.869918699187,7.8590785907859075,84.01084010840108
E00172305,227,40,18,22,187,24,163,17.62114537444934,7.929515418502203,9.691629955947137,82.37885462555066,10.572687224669604,71.80616740088107
E00172307,190,26,6,20,164,18,146,13.684210526315791,3.1578947368421053,10.526315789473683,86.31578947368422,9.473684210526317,76.84210526315789
E00172308,340,43,11,32,297,18,279,12.647058823529411,3.2352941176470593,9.411764705882353,87.3529411764706,5.294117647058823,82.05882352941177
E00172309,250,21,6,15,229,20,209,8.4,2.4,6,91.60000000000001,8,83.6
E00172310,291,69,33,36,222,10,212,23.711340206185564,11.34020618556701,12.371134020618557,76.28865979381443,3.436426116838488,72.85223367697594
E00172311,246,26,5,21,220,15,205,10.569105691056912,2.0325203252032518,8.536585365853659,89.43089430894308,6.097560975609756,83.33333333333334
E00172312,326,30,5,25,296,23,273,9.202453987730062,1.5337423312883436,7.668711656441718,90.79754601226993,7.05521472392638,83.74233128834356
E00172313,354,35,17,18,319,18,301,9.887005649717514,4.80225988700565,5.084745762711865,90.11299435028248,5.084745762711865,85.02824858757062
E00172314,192,34,14,20,158,11,147,17.708333333333336,7.291666666666667,10.416666666666668,82.29166666666666,5.729166666666666,76.5625
E00172315,248,20,8,12,228,29,199,8.064516129032258,3.225806451612903,4.838709677419355,91.93548387096774,11.693548387096774,80.24193548387096
E00172316,207,24,5,19,183,16,167,11.594202898550725,2.4154589371980677,9.178743961352657,88.40579710144928,7.729468599033816,80.67632850241546
E00172317,203,16,7,9,187,19,168,7.8817733990147785,3.4482758620689653,4.433497536945813,92.11822660098522,9.35960591133005,82.75862068965517
E00172318,243,25,5,20,218,23,195,10.2880658436214,2.05761316872428,8.23045267489712,89.7119341563786,9.465020576131687,80.24691358024691
E00172319,268,30,6,24,238,17,221,11.194029850746269,2.2388059701492535,8.955223880597014,88.80597014925374,6.343283582089552,82.46268656716418
E00172320,224,31,12,19,193,15,178,13.839285714285715,5.357142857142857,8.482142857142858,86.16071428571429,6.696428571428571,79.46428571428571
E00172321,111,17,2,15,94,14,80,15.315315315315313,1.8018018018018018,13.513513513513514,84.68468468468468,12.612612612612612,72.07207207207207
E00172322,271,27,5,22,244,29,215,9.96309963099631,1.8450184501845017,8.118081180811808,90.03690036900369,10.70110701107011,79.33579335793358
E00172323,289,28,7,21,261,20,241,9.688581314878892,2.422145328719723,7.26643598615917,90.3114186851211,6.920415224913495,83.39100346020761
E00172324,311,44,15,29,267,13,254,14.14790996784566,4.823151125401929,9.32475884244373,85.85209003215434,4.180064308681672,81.67202572347267
E00172325,487,50,16,34,437,40,397,10.266940451745379,3.285420944558522,6.981519507186857,89.73305954825463,8.213552361396303,81.51950718685832
E00172326,225,20,0,20,205,25,180,8.88888888888889,0,8.88888888888889,91.11111111111111,11.11111111111111,80
E00172327,336,38,9,29,298,41,257,11.30952380952381,2.6785714285714284,8.630952380952381,88.69047619047619,12.202380952380953,76.48809523809523
E00172328,289,24,1,23,265,21,244,8.304498269896193,0.34602076124567477,7.958477508650519,91.6955017301038,7.26643598615917,84.42906574394463
E00172329,269,30,5,25,239,16,223,11.152416356877323,1.858736059479554,9.293680297397769,88.84758364312268,5.947955390334572,82.8996282527881
E00172330,256,30,9,21,226,27,199,11.71875,3.515625,8.203125,88.28125,10.546875,77.734375
E00172331,333,67,32,35,266,16,250,20.12012012012012,9.60960960960961,10.51051051051051,79.87987987987988,4.804804804804805,75.07507507507508
E00172332,304,30,8,22,274,19,255,9.868421052631579,2.631578947368421,7.236842105263158,90.13157894736842,6.25,83.88157894736842
E00172333,310,25,8,17,285,22,263,8.064516129032258,2.5806451612903225,5.483870967741936,91.93548387096774,7.096774193548387,84.83870967741936
E00172334,300,18,4,14,282,31,251,6,1.3333333333333335,4.666666666666667,94,10.333333333333334,83.66666666666667
E00172335,337,25,0,25,312,24,288,7.418397626112759,0,7.418397626112759,92.58160237388724,7.121661721068249,85.45994065281899
E00172336,262,42,21,21,220,26,194,16.030534351145036,8.015267175572518,8.015267175572518,83.96946564885496,9.923664122137405,74.04580152671755
E00186839,489,38,13,25,451,39,412,7.770961145194274,2.658486707566462,5.112474437627812,92.22903885480572,7.975460122699387,84.25357873210633
E00186845,378,66,26,40,312,33,279,17.46031746031746,6.878306878306878,10.582010582010582,82.53968253968253,8.73015873015873,73.80952380952381
E00186846,2846,342,39,303,2504,179,2325,12.01686577652846,1.3703443429374562,10.646521433591005,87.98313422347154,6.28952916373858,81.69360505973296
E00186847,595,57,14,43,538,28,510,9.57983193277311,2.3529411764705883,7.226890756302522,90.4201680672269,4.705882352941177,85.71428571428571
E00186864,353,54,17,37,299,18,281,15.29745042492918,4.815864022662889,10.48158640226629,84.70254957507082,5.099150141643059,79.60339943342775
E00186865,328,37,13,24,291,18,273,11.28048780487805,3.9634146341463414,7.317073170731707,88.71951219512195,5.487804878048781,83.23170731707317
E00186867,268,25,7,18,243,32,211,9.328358208955224,2.6119402985074625,6.7164179104477615,90.67164179104478,11.940298507462686,78.73134328358209
E00186870,180,14,4,10,166,17,149,7.777777777777778,2.2222222222222223,5.555555555555555,92.22222222222223,9.444444444444445,82.77777777777777
E00186875,419,48,15,33,371,36,335,11.455847255369928,3.579952267303103,7.875894988066825,88.54415274463007,8.591885441527445,79.95226730310262
E00186877,323,24,5,19,299,32,267,7.430340557275541,1.5479876160990713,5.88235294117647,92.56965944272446,9.907120743034056,82.6625386996904
E00186881,581,51,10,41,530,28,502,8.777969018932874,1.7211703958691909,7.056798623063683,91.22203098106712,4.819277108433735,86.40275387263338
E00186883,114,29,12,17,85,8,77,25.438596491228072,10.526315789473683,14.912280701754385,74.56140350877193,7.017543859649122,67.54385964912281
E00186884,251,28,12,16,223,14,209,11.155378486055776,4.780876494023905,6.374501992031872,88.84462151394422,5.577689243027888,83.26693227091634
E00186885,502,43,16,27,459,27,432,8.565737051792828,3.187250996015936,5.378486055776892,91.43426294820716,5.378486055776892,86.05577689243027
E00186890,502,33,8,25,469,28,441,6.573705179282868,1.593625498007968,4.9800796812749,93.42629482071713,5.577689243027888,87.84860557768924
E00186893,273,44,13,31,229,32,197,16.117216117216117,4.761904761904762,11.355311355311356,83.88278388278388,11.72161172161172,72.16117216117216
E00186895,262,42,18,24,220,22,198,16.030534351145036,6.870229007633588,9.16030534351145,83.96946564885496,8.396946564885496,75.57251908396947
E00186901,99,13,5,8,86,7,79,13.131313131313133,5.05050505050505,8.080808080808081,86.86868686868688,7.07070707070707,79.7979797979798
E00186904,249,36,10,26,213,17,196,14.457831325301203,4.016064257028113,10.441767068273093,85.54216867469879,6.827309236947792,78.714859437751
E00186905,395,38,8,30,357,29,328,9.620253164556962,2.0253164556962027,7.59493670886076,90.37974683544304,7.341772151898734,83.0379746835443
E00186909,594,78,27,51,516,41,475,13.131313131313133,4.545454545454546,8.585858585858585,86.86868686868688,6.902356902356903,79.96632996632997
E00186915,351,34,16,18,317,16,301,9.686609686609685,4.5584045584045585,5.128205128205128,90.31339031339031,4.5584045584045585,85.75498575498575
E00186918,138,12,4,8,126,10,116,8.695652173913043,2.898550724637681,5.797101449275362,91.30434782608695,7.246376811594203,84.05797101449275
E00186923,572,51,18,33,521,31,490,8.916083916083917,3.146853146853147,5.769230769230769,91.08391608391608,5.419580419580419,85.66433566433567
E00186925,246,43,17,26,203,21,182,17.479674796747968,6.910569105691057,10.569105691056912,82.52032520325203,8.536585365853659,73.98373983739837
E00186927,237,16,5,11,221,20,201,6.751054852320674,2.109704641350211,4.641350210970464,93.24894514767934,8.438818565400844,84.81012658227847
E00186928,148,24,10,14,124,12,112,16.216216216216218,6.756756756756757,9.45945945945946,83.78378378378379,8.108108108108109,75.67567567567568
E00186933,609,64,31,33,545,31,514,10.50903119868637,5.0903119868637114,5.41871921182266,89.49096880131363,5.0903119868637114,84.40065681444992
E00186935,221,25,9,16,196,19,177,11.312217194570136,4.072398190045249,7.239819004524888,88.68778280542986,8.597285067873303,80.09049773755656
E00186940,507,43,20,23,464,31,433,8.481262327416173,3.9447731755424065,4.536489151873767,91.51873767258382,6.11439842209073,85.4043392504931
E00186944,292,62,36,26,230,26,204,21.232876712328768,12.32876712328767,8.904109589041095,78.76712328767124,8.904109589041095,69.86301369863014
E00186945,173,46,16,30,127,21,106,26.589595375722542,9.248554913294797,17.341040462427745,73.41040462427746,12.138728323699421,61.27167630057804
E00186946,136,17,5,12,119,9,110,12.5,3.6764705882352944,8.823529411764707,87.5,6.61764705882353,80.88235294117648
E00186948,201,124,71,53,77,12,65,61.69154228855721,35.32338308457712,26.368159203980102,38.308457711442784,5.970149253731343,32.33830845771145
E00186954,113,9,0,9,104,15,89,7.964601769911504,0,7.964601769911504,92.03539823008849,13.274336283185843,78.76106194690266
E00186962,356,63,21,42,293,33,260,17.696629213483146,5.8988764044943816,11.797752808988763,82.30337078651685,9.269662921348315,73.03370786516854
E00186964,122,14,2,12,108,3,105,11.475409836065573,1.639344262295082,9.836065573770492,88.52459016393442,2.459016393442623,86.0655737704918
E00186977,619,36,8,28,583,52,531,5.815831987075929,1.2924071082390953,4.523424878836833,94.18416801292408,8.40064620355412,85.78352180936996
E00186978,249,40,17,23,209,30,179,16.06425702811245,6.827309236947792,9.236947791164658,83.93574297188755,12.048192771084338,71.8875502008032
E00186980,166,12,4,8,154,19,135,7.228915662650602,2.4096385542168677,4.819277108433735,92.7710843373494,11.44578313253012,81.32530120481928
E00186989,328,62,19,43,266,36,230,18.902439024390244,5.7926829268292686,13.109756097560975,81.09756097560977,10.975609756097562,70.1219512195122
E00186993,363,31,9,22,332,22,310,8.539944903581267,2.479338842975207,6.0606060606060606,91.46005509641874,6.0606060606060606,85.39944903581267
E00186994,228,19,4,15,209,21,188,8.333333333333332,1.7543859649122806,6.578947368421052,91.66666666666666,9.210526315789473,82.45614035087719
E00186997,307,41,12,29,266,20,246,13.355048859934854,3.908794788273615,9.446254071661238,86.64495114006515,6.514657980456026,80.13029315960912
E00187013,550,85,38,47,465,35,430,15.454545454545453,6.909090909090909,8.545454545454545,84.54545454545455,6.363636363636363,78.18181818181819
E00187014,551,60,21,39,491,42,449,10.88929219600726,3.8112522686025407,7.078039927404718,89.11070780399274,7.6225045372050815,81.48820326678766
E00187015,339,73,35,38,266,14,252,21.533923303834808,10.32448377581121,11.209439528023598,78.46607669616519,4.129793510324483,74.33628318584071
E00187018,463,115,46,69,348,32,316,24.838012958963283,9.935205183585314,14.902807775377969,75.16198704103671,6.911447084233262,68.25053995680346
