OA,ts0380001,ts0380002,ts0380003,ts0380004,ts0380005,ts0380006,ts0380007,ts0380002_PCT,ts0380003_PCT,ts0380004_PCT,ts0380005_PCT,ts0380006_PCT,ts0380007_PCT
E00053353,437,93,51,42,344,41,303,21.28146453089245,11.670480549199084,9.610983981693364,78.71853546910755,9.382151029748284,69.33638443935926
E00053354,327,44,18,26,283,23,260,13.455657492354739,5.5045871559633035,7.951070336391437,86.54434250764525,7.033639143730887,79.51070336391437
E00053355,307,37,9,28,270,18,252,12.052117263843648,2.9315960912052117,9.120521172638437,87.94788273615634,5.863192182410423,82.08469055374593
E00053356,315,58,19,39,257,21,236,18.412698412698415,6.031746031746032,12.380952380952381,81.58730158730158,6.666666666666667,74.92063492063492
E00053357,337,40,8,32,297,23,274,11.869436201780417,2.3738872403560833,9.495548961424333,88.13056379821958,6.824925816023739,81.30563798219585
E00053358,359,44,13,31,315,35,280,12.256267409470752,3.6211699164345403,8.635097493036211,87.74373259052925,9.749303621169917,77.99442896935933
E00053359,253,60,24,36,193,19,174,23.715415019762844,9.486166007905137,14.229249011857709,76.28458498023716,7.5098814229249005,68.77470355731225
E00053360,316,66,29,37,250,14,236,20.88607594936709,9.177215189873419,11.708860759493671,79.11392405063292,4.430379746835443,74.68354430379746
E00053361,315,70,27,43,245,20,225,22.22222222222222,8.571428571428571,13.65079365079365,77.77777777777779,6.349206349206349,71.42857142857143
E00053362,308,50,12,38,258,38,220,16.233766233766232,3.896103896103896,12.337662337662337,83.76623376623377,12.337662337662337,71.42857142857143
E00053363,300,77,33,44,223,25,198,25.666666666666664,11,14.666666666666666,74.33333333333333,8.333333333333332,66
E00053364,214,52,20,32,162,22,140,24.299065420560748,9.345794392523365,14.953271028037381,75.70093457943925,10.2803738317757,65.42056074766354
E00053365,291,40,16,24,251,27,224,13.745704467353953,5.498281786941581,8.24742268041237,86.25429553264605,9.278350515463918,76.97594501718214
E00053366,330,53,16,37,277,23,254,16.060606060606062,4.848484848484849,11.212121212121213,83.93939393939394,6.969696969696971,76.96969696969697
E00053367,262,59,19,40,203,16,187,22.519083969465647,7.251908396946565,15.267175572519085,77.48091603053436,6.106870229007633,71.37404580152672
E00053368,275,56,24,32,219,29,190,20.363636363636363,8.727272727272728,11.636363636363637,79.63636363636364,10.545454545454545,69.0909090909091
E00053369,285,44,10,34,241,20,221,15.43859649122807,3.508771929824561,11.929824561403509,84.56140350877193,7.017543859649122,77.54385964912281
E00053370,381,44,16,28,337,38,299,11.548556430446194,4.199475065616798,7.349081364829396,88.4514435695538,9.973753280839896,78.4776902887139
E00053371,311,27,4,23,284,45,239,8.681672025723474,1.2861736334405145,7.395498392282958,91.31832797427653,14.469453376205788,76.84887459807074
E00053372,294,54,20,34,240,24,216,18.367346938775512,6.802721088435375,11.564625850340136,81.63265306122449,8.16326530612245,73.46938775510205
E00053373,436,123,62,61,313,29,284,28.211009174311926,14.220183486238533,13.990825688073393,71.78899082568807,6.651376146788992,65.13761467889908
E00053374,312,65,17,48,247,24,223,20.833333333333336,5.448717948717949,15.384615384615385,79.16666666666666,7.6923076923076925,71.47435897435898
E00053375,284,47,20,27,237,21,216,16.549295774647888,7.042253521126761,9.507042253521126,83.45070422535211,7.394366197183098,76.05633802816901
E00053376,373,44,16,28,329,30,299,11.796246648793565,4.289544235924933,7.506702412868632,88.20375335120644,8.04289544235925,80.16085790884718
E00053377,298,69,35,34,229,20,209,23.154362416107382,11.74496644295302,11.409395973154362,76.84563758389261,6.7114093959731544,70.13422818791946
E00053378,465,102,40,62,363,25,338,21.935483870967744,8.60215053763441,13.333333333333334,78.06451612903226,5.376344086021505,72.68817204301075
E00053379,247,71,31,40,176,19,157,28.74493927125506,12.550607287449392,16.194331983805668,71.25506072874494,7.6923076923076925,63.56275303643725
E00053380,286,42,17,25,244,28,216,14.685314685314685,5.944055944055944,8.741258741258742,85.3146853146853,9.79020979020979,75.52447552447552
E00053381,296,63,25,38,233,18,215,21.283783783783782,8.445945945945946,12.837837837837837,78.71621621621621,6.081081081081082,72.63513513513513
E00053382,386,69,28,41,317,35,282,17.875647668393782,7.253886010362693,10.621761658031089,82.12435233160622,9.067357512953368,73.05699481865285
E00053383,288,59,23,36,229,27,202,20.48611111111111,7.986111111111111,12.5,79.51388888888889,9.375,70.13888888888889
E00053384,264,49,20,29,215,22,193,18.560606060606062,7.575757575757576,10.984848484848484,81.43939393939394,8.333333333333332,73.10606060606061
E00053385,247,42,18,24,205,23,182,17.00404858299595,7.28744939271255,9.7165991902834,82.99595141700405,9.31174089068826,73.68421052631578
E00053386,306,85,48,37,221,16,205,27.77777777777778,15.686274509803921,12.091503267973856,72.22222222222221,5.228758169934641,66.99346405228758
E00053387,291,43,15,28,248,26,222,14.776632302405499,5.154639175257731,9.621993127147768,85.2233676975945,8.934707903780069,76.28865979381443
E00053388,275,35,12,23,240,25,215,12.727272727272727,4.363636363636364,8.363636363636363,87.27272727272727,9.090909090909092,78.18181818181819
E00053389,322,65,29,36,257,26,231,20.18633540372671,9.006211180124224,11.180124223602485,79.8136645962733,8.074534161490684,71.73913043478261
E00053390,265,38,11,27,227,29,198,14.339622641509434,4.150943396226415,10.18867924528302,85.66037735849056,10.943396226415095,74.71698113207546
E00053391,257,41,14,27,216,21,195,15.953307392996107,5.447470817120623,10.505836575875486,84.04669260700389,8.171206225680933,75.87548638132296
E00053392,269,38,8,30,231,22,209,14.12639405204461,2.973977695167286,11.152416356877323,85.87360594795538,8.178438661710038,77.69516728624535
E00053393,276,46,13,33,230,21,209,16.666666666666664,4.710144927536232,11.956521739130435,83.33333333333334,7.608695652173914,75.72463768115942
E00053394,282,47,16,31,235,22,213,16.666666666666664,5.673758865248227,10.99290780141844,83.33333333333334,7.801418439716312,75.53191489361703
E00053395,300,34,9,25,266,29,237,11.333333333333332,3,8.333333333333332,88.66666666666667,9.666666666666666,79
E00053396,313,50,18,32,263,21,242,15.974440894568689,5.7507987220447285,10.223642172523961,84.02555910543131,6.7092651757188495,77.31629392971246
E00053397,173,43,17,26,130,13,117,24.85549132947977,9.826589595375722,15.028901734104046,75.14450867052022,7.514450867052023,67.63005780346822
E00053398,265,53,24,29,212,22,190,20,9.056603773584905,10.943396226415095,80,8.30188679245283,71.69811320754717
E00053399,342,91,49,42,251,22,229,26.608187134502927,14.327485380116958,12.280701754385964,73.39181286549707,6.432748538011696,66.95906432748538
E00053400,275,37,13,24,238,17,221,13.454545454545455,4.7272727272727275,8.727272727272728,86.54545454545455,6.181818181818182,80.36363636363636
E00053401,314,38,9,29,276,21,255,12.101910828025478,2.8662420382165608,9.235668789808917,87.89808917197452,6.687898089171974,81.21019108280255
E00053402,284,37,9,28,247,23,224,13.028169014084506,3.169014084507042,9.859154929577464,86.97183098591549,8.098591549295776,78.87323943661971
E00053403,302,37,11,26,265,19,246,12.251655629139073,3.642384105960265,8.609271523178808,87.74834437086093,6.291390728476822,81.45695364238411
E00053404,437,39,15,24,398,35,363,8.924485125858125,3.4324942791762014,5.491990846681922,91.07551487414187,8.009153318077804,83.06636155606407
E00053405,329,47,15,32,282,28,254,14.285714285714285,4.5592705167173255,9.72644376899696,85.71428571428571,8.51063829787234,77.20364741641338
E00053406,226,63,31,32,163,17,146,27.876106194690266,13.716814159292035,14.15929203539823,72.12389380530973,7.52212389380531,64.60176991150442
E00053407,369,42,17,25,327,35,292,11.38211382113821,4.607046070460704,6.775067750677506,88.6178861788618,9.48509485094851,79.13279132791328
E00053408,308,55,21,34,253,32,221,17.857142857142858,6.8181818181818175,11.03896103896104,82.14285714285714,10.38961038961039,71.75324675324676
E00053409,304,56,17,39,248,28,220,18.421052631578945,5.592105263157895,12.828947368421053,81.57894736842105,9.210526315789473,72.36842105263158
E00053410,281,28,14,14,253,24,229,9.9644128113879,4.98220640569395,4.98220640569395,90.0355871886121,8.540925266903916,81.49466192170819
E00053411,281,60,29,31,221,31,190,21.352313167259787,10.320284697508896,11.032028469750891,78.64768683274022,11.032028469750891,67.61565836298932
E00053412,268,52,19,33,216,17,199,19.402985074626866,7.08955223880597,12.313432835820896,80.59701492537313,6.343283582089552,74.25373134328358
E00053414,523,105,58,47,418,32,386,20.076481835564053,11.089866156787762,8.98661567877629,79.92351816443595,6.118546845124283,73.80497131931166
E00053415,411,166,102,64,245,21,224,40.38929440389295,24.817518248175183,15.571776155717762,59.61070559610706,5.109489051094891,54.50121654501216
E00053416,315,39,15,24,276,31,245,12.380952380952381,4.761904761904762,7.6190476190476195,87.61904761904762,9.841269841269842,77.77777777777779
E00053417,339,67,38,29,272,25,247,19.76401179941003,11.209439528023598,8.55457227138643,80.23598820058997,7.374631268436578,72.86135693215338
E00053418,422,56,16,40,366,30,336,13.270142180094787,3.7914691943127963,9.47867298578199,86.7298578199052,7.109004739336493,79.62085308056872
E00053419,190,57,31,26,133,15,118,30,16.315789473684212,13.684210526315791,70,7.894736842105263,62.10526315789474
E00053420,280,44,15,29,236,21,215,15.714285714285714,5.357142857142857,10.357142857142858,84.28571428571429,7.5,76.78571428571429
E00053421,232,50,26,24,182,11,171,21.551724137931032,11.206896551724139,10.344827586206897,78.44827586206897,4.741379310344827,73.70689655172413
E00053422,198,54,18,36,144,20,124,27.27272727272727,9.090909090909092,18.181818181818183,72.72727272727273,10.1010101010101,62.62626262626263
E00053424,212,65,36,29,147,18,129,30.660377358490564,16.9811320754717,13.679245283018867,69.33962264150944,8.49056603773585,60.84905660377359
E00053425,399,69,27,42,330,28,302,17.293233082706767,6.7669172932330826,10.526315789473683,82.70676691729322,7.017543859649122,75.6892230576441
E00053426,274,56,26,30,218,27,191,20.437956204379564,9.48905109489051,10.948905109489052,79.56204379562044,9.854014598540147,69.7080291970803
E00053427,322,56,23,33,266,27,239,17.391304347826086,7.142857142857142,10.248447204968944,82.6086956521739,8.385093167701864,74.22360248447205
E00053428,221,41,20,21,180,15,165,18.552036199095024,9.049773755656108,9.502262443438914,81.44796380090497,6.787330316742081,74.6606334841629
E00053430,225,77,33,44,148,17,131,34.22222222222222,14.666666666666666,19.555555555555557,65.77777777777779,7.555555555555555,58.22222222222222
E00053431,320,55,26,29,265,27,238,17.1875,8.125,9.0625,82.8125,8.4375,74.375
E00053432,280,66,27,39,214,16,198,23.57142857142857,9.642857142857144,13.928571428571429,76.42857142857142,5.714285714285714,70.71428571428572
E00053434,343,41,10,31,302,28,274,11.9533527696793,2.9154518950437316,9.037900874635568,88.0466472303207,8.16326530612245,79.88338192419825
E00053435,368,45,11,34,323,23,300,12.228260869565217,2.989130434782609,9.239130434782608,87.77173913043478,6.25,81.52173913043478
E00053436,269,57,23,34,212,13,199,21.189591078066915,8.550185873605948,12.639405204460965,78.81040892193309,4.83271375464684,73.97769516728626
E00053437,330,44,17,27,286,33,253,13.333333333333334,5.151515151515151,8.181818181818182,86.66666666666667,10,76.66666666666667
E00053438,294,21,4,17,273,26,247,7.142857142857142,1.3605442176870748,5.782312925170068,92.85714285714286,8.843537414965986,84.01360544217688
E00053439,303,55,22,33,248,28,220,18.151815181518153,7.2607260726072615,10.891089108910892,81.84818481848185,9.24092409240924,72.60726072607261
E00053440,260,91,61,30,169,16,153,35,23.46153846153846,11.538461538461538,65,6.153846153846154,58.84615384615385
E00053441,327,48,18,30,279,28,251,14.678899082568808,5.5045871559633035,9.174311926605505,85.3211009174312,8.56269113149847,76.75840978593273
E00053442,333,47,13,34,286,32,254,14.114114114114114,3.903903903903904,10.21021021021021,85.88588588588588,9.60960960960961,76.27627627627628
E00053443,333,37,9,28,296,28,268,11.11111111111111,2.7027027027027026,8.408408408408409,88.88888888888889,8.408408408408409,80.48048048048048
E00053444,290,34,7,27,256,35,221,11.724137931034482,2.413793103448276,9.310344827586208,88.27586206896552,12.068965517241379,76.20689655172413
E00053445,271,71,36,35,200,23,177,26.199261992619927,13.284132841328415,12.915129151291513,73.80073800738008,8.487084870848708,65.31365313653137
E00053447,300,42,16,26,258,24,234,14.000000000000002,5.333333333333334,8.666666666666668,86,8,78
E00053448,300,47,21,26,253,31,222,15.666666666666668,7.000000000000001,8.666666666666668,84.33333333333334,10.333333333333334,74
E00053450,271,40,10,30,231,23,208,14.760147601476014,3.6900369003690034,11.07011070110701,85.23985239852398,8.487084870848708,76.75276752767527
E00053451,309,46,8,38,263,21,242,14.886731391585762,2.5889967637540456,12.297734627831716,85.11326860841424,6.796116504854369,78.31715210355988
E00053452,295,55,31,24,240,17,223,18.64406779661017,10.508474576271185,8.135593220338983,81.35593220338984,5.762711864406779,75.59322033898304
E00053453,251,60,23,37,191,20,171,23.904382470119522,9.163346613545817,14.741035856573706,76.09561752988047,7.968127490039841,68.12749003984064
E00053454,307,40,10,30,267,25,242,13.029315960912053,3.257328990228013,9.77198697068404,86.97068403908796,8.143322475570033,78.82736156351791
E00053455,415,50,25,25,365,38,327,12.048192771084338,6.024096385542169,6.024096385542169,87.95180722891565,9.156626506024097,78.79518072289157
E00053456,392,63,26,37,329,36,293,16.071428571428573,6.63265306122449,9.438775510204081,83.92857142857143,9.183673469387756,74.74489795918367
E00053457,281,52,21,31,229,23,206,18.505338078291814,7.473309608540925,11.032028469750891,81.49466192170819,8.185053380782918,73.30960854092527
E00053458,364,50,16,34,314,33,281,13.736263736263737,4.395604395604396,9.340659340659341,86.26373626373626,9.065934065934066,77.1978021978022
E00053459,356,44,17,27,312,22,290,12.359550561797752,4.775280898876404,7.584269662921349,87.64044943820225,6.179775280898876,81.46067415730337
E00053460,310,49,19,30,261,25,236,15.806451612903224,6.129032258064516,9.67741935483871,84.19354838709677,8.064516129032258,76.12903225806451
E00053462,281,44,13,31,237,25,212,15.658362989323843,4.6263345195729535,11.032028469750891,84.34163701067615,8.896797153024911,75.44483985765125
E00053463,271,61,35,26,210,32,178,22.509225092250922,12.915129151291513,9.59409594095941,77.49077490774908,11.808118081180812,65.68265682656826
E00053464,324,53,20,33,271,25,246,16.358024691358025,6.172839506172839,10.185185185185185,83.64197530864197,7.716049382716049,75.92592592592592
E00053465,323,53,18,35,270,15,255,16.408668730650156,5.572755417956656,10.8359133126935,83.59133126934985,4.643962848297214,78.94736842105263
E00053466,296,45,16,29,251,23,228,15.202702702702704,5.405405405405405,9.797297297297296,84.7972972972973,7.77027027027027,77.02702702702703
E00053467,285,51,25,26,234,27,207,17.894736842105264,8.771929824561402,9.12280701754386,82.10526315789474,9.473684210526317,72.63157894736842
E00053468,268,73,36,37,195,11,184,27.238805970149254,13.432835820895523,13.805970149253731,72.76119402985076,4.104477611940299,68.65671641791045
E00053469,348,47,15,32,301,28,273,13.505747126436782,4.310344827586207,9.195402298850574,86.49425287356321,8.045977011494253,78.44827586206897
E00053470,341,73,29,44,268,25,243,21.407624633431084,8.504398826979472,12.903225806451612,78.59237536656892,7.331378299120235,71.26099706744868
E00053471,343,62,19,43,281,29,252,18.075801749271136,5.539358600583091,12.536443148688047,81.92419825072886,8.454810495626822,73.46938775510205
E00053472,374,55,30,25,319,18,301,14.705882352941178,8.0213903743315509,6.684491978609626,85.29411764705883,4.81283422459893,80.4812834224599
E00053473,244,30,13,17,214,16,198,12.295081967213115,5.327868852459016,6.967213114754098,87.70491803278688,6.557377049180328,81.14754098360656
E00053474,302,94,46,48,208,21,187,31.125827814569533,15.2317880794702,15.894039735099339,68.87417218543047,6.95364238410596,61.920529801324506
E00053475,285,46,11,35,239,14,225,16.140350877192983,3.8596491228070176,12.280701754385964,83.85964912280703,4.912280701754386,78.94736842105263
E00053476,348,61,24,37,287,26,261,17.52873563218391,6.896551724137931,10.632183908045976,82.47126436781609,7.471264367816093,75
E00053477,254,44,16,28,210,21,189,17.322834645669293,6.299212598425196,11.023622047244094,82.67716535433071,8.267716535433072,74.40944881889764
E00053478,365,56,18,38,309,45,264,15.342465753424658,4.931506849315069,10.41095890410959,84.65753424657534,12.32876712328767,72.32876712328768
E00053479,289,63,36,27,226,17,209,21.79930795847751,12.45674740484429,9.342560553633218,78.20069204152249,5.88235294117647,72.31833910034602
E00053480,313,64,35,29,249,27,222,20.447284345047922,11.182108626198083,9.26517571884984,79.55271565495208,8.626198083067091,70.92651757188499
E00053481,227,46,21,25,181,16,165,20.26431718061674,9.251101321585903,11.013215859030836,79.73568281938326,7.048458149779736,72.68722466960352
E00053482,275,38,11,27,237,28,209,13.818181818181818,4,9.818181818181818,86.18181818181819,10.181818181818182,76
E00053483,261,50,13,37,211,29,182,19.157088122605366,4.980842911877394,14.17624521072797,80.84291187739464,11.11111111111111,69.73180076628353
E00053484,300,72,40,32,228,16,212,24,13.333333333333334,10.666666666666668,76,5.333333333333334,70.66666666666667
E00053485,289,67,32,35,222,30,192,23.18339100346021,11.072664359861593,12.110726643598616,76.8166089965398,10.380622837370241,66.43598615916954
E00053486,430,65,20,45,365,41,324,15.11627906976744,4.651162790697675,10.465116279069768,84.88372093023256,9.534883720930234,75.34883720930232
E00053487,327,50,24,26,277,42,235,15.29051987767584,7.339449541284404,7.951070336391437,84.70948012232415,12.844036697247708,71.86544342507645
E00053488,293,63,26,37,230,26,204,21.501706484641637,8.873720136518772,12.627986348122866,78.49829351535837,8.873720136518772,69.6245733788396
E00053489,408,70,26,44,338,42,296,17.15686274509804,6.372549019607843,10.784313725490197,82.84313725490196,10.294117647058822,72.54901960784314
E00053490,222,78,36,42,144,11,133,35.13513513513514,16.216216216216218,18.91891891891892,64.86486486486487,4.954954954954955,59.909909909909906
E00053491,286,50,20,30,236,18,218,17.482517482517483,6.993006993006993,10.48951048951049,82.51748251748252,6.293706293706294,76.22377622377621
E00053493,580,86,34,52,494,50,444,14.827586206896552,5.862068965517241,8.96551724137931,85.17241379310346,8.620689655172415,76.55172413793103
E00053494,293,41,24,17,252,34,218,13.993174061433447,8.19112627986348,5.802047781569966,86.00682593856655,11.604095563139932,74.40273037542661
E00053495,377,82,34,48,295,26,269,21.750663129973475,9.018567639257293,12.73209549071618,78.24933687002653,6.896551724137931,71.3527851458886
E00053496,267,66,27,39,201,19,182,24.719101123595504,10.112359550561797,14.606741573033707,75.28089887640449,7.116104868913857,68.16479400749064
E00053497,552,99,44,55,453,24,429,17.934782608695652,7.971014492753622,9.96376811594203,82.06521739130434,4.3478260869565215,77.71739130434783
E00053498,465,68,28,40,397,31,366,14.623655913978496,6.021505376344086,8.60215053763441,85.3763440860215,6.666666666666667,78.70967741935485
E00053499,556,107,44,63,449,43,406,19.244604316546763,7.913669064748201,11.33093525179856,80.75539568345323,7.7338129496402885,73.02158273381295
E00053500,383,54,24,30,329,40,289,14.099216710182768,6.266318537859007,7.83289817232376,85.90078328981723,10.443864229765012,75.45691906005221
E00053501,287,50,15,35,237,24,213,17.421602787456447,5.2264808362369335,12.195121951219512,82.57839721254355,8.362369337979095,74.21602787456446
E00053502,297,59,28,31,238,30,208,19.865319865319865,9.427609427609427,10.437710437710438,80.13468013468014,10.1010101010101,70.03367003367003
E00053503,326,54,25,29,272,15,257,16.56441717791411,7.668711656441718,8.895705521472392,83.43558282208589,4.601226993865031,78.83435582822086
E00053504,343,57,29,28,286,27,259,16.61807580174927,8.454810495626822,8.16326530612245,83.38192419825073,7.871720116618077,75.51020408163265
E00053505,489,74,25,49,415,43,372,15.132924335378323,5.112474437627812,10.020449897750511,84.86707566462167,8.793456032719837,76.07361963190185
E00053506,310,53,24,29,257,18,239,17.096774193548388,7.741935483870968,9.35483870967742,82.9032258064516,5.806451612903226,77.09677419354838
E00053507,376,49,24,25,327,18,309,13.031914893617023,6.382978723404255,6.648936170212766,86.96808510638297,4.787234042553192,82.18085106382979
E00053508,365,43,18,25,322,22,300,11.78082191780822,4.931506849315069,6.8493150684931505,88.21917808219179,6.027397260273973,82.1917808219178
E00053509,309,48,20,28,261,34,227,15.53398058252427,6.472491909385113,9.06148867313916,84.46601941747572,11.003236245954692,73.46278317152104
E00053510,381,58,21,37,323,27,296,15.223097112860891,5.511811023622047,9.711286089238845,84.7769028871391,7.086614173228346,77.69028871391076
E00053511,212,67,39,28,145,8,137,31.60377358490566,18.39622641509434,13.20754716981132,68.39622641509435,3.7735849056603774,64.62264150943396
E00053512,293,58,25,33,235,19,216,19.795221843003414,8.532423208191126,11.262798634812286,80.2047781569966,6.484641638225256,73.72013651877133
E00053513,356,82,40,42,274,18,256,23.03370786516854,11.235955056179774,11.797752808988763,76.96629213483146,5.056179775280898,71.91011235955057
E00053514,344,94,47,47,250,18,232,27.325581395348834,13.662790697674417,13.662790697674417,72.67441860465115,5.232558139534884,67.44186046511628
E00053515,344,72,29,43,272,21,251,20.930232558139537,8.430232558139535,12.5,79.06976744186046,6.104651162790697,72.96511627906976
E00053516,342,67,34,33,275,15,260,19.5906432748538,9.941520467836257,9.649122807017543,80.4093567251462,4.385964912280701,76.0233918128655
E00053517,226,66,30,36,160,20,140,29.20353982300885,13.274336283185843,15.929203539823009,70.79646017699115,8.849557522123893,61.94690265486725
E00053518,274,58,33,25,216,20,196,21.16788321167883,12.043795620437956,9.124087591240876,78.83211678832117,7.2992700729927,71.53284671532847
E00053519,355,48,22,26,307,17,290,13.521126760563378,6.197183098591549,7.323943661971831,86.47887323943661,4.788732394366197,81.69014084507043
E00053520,317,62,23,39,255,18,237,19.558359621451103,7.255520504731862,12.302839116719243,80.4416403785489,5.678233438485805,74.76340694006309
E00053521,381,63,25,38,318,31,287,16.535433070866144,6.561679790026247,9.973753280839896,83.46456692913385,8.136482939632545,75.32808398950131
E00053522,262,40,14,26,222,19,203,15.267175572519085,5.343511450381679,9.923664122137405,84.7328244274809,7.251908396946565,77.48091603053436
E00053523,369,80,38,42,289,24,265,21.680216802168022,10.29810298102981,11.38211382113821,78.31978319783198,6.504065040650407,71.81571815718158
E00053524,371,51,28,23,320,23,297,13.746630727762804,7.547169811320755,6.199460916442049,86.25336927223721,6.199460916442049,80.05390835579514
E00053525,335,60,25,35,275,11,264,17.91044776119403,7.462686567164178,10.44776119402985,82.08955223880598,3.2835820895522385,78.80597014925374
E00053526,360,63,29,34,297,15,282,17.5,8.055555555555555,9.444444444444445,82.5,4.166666666666666,78.33333333333333
E00053527,291,34,17,17,257,16,241,11.683848797250858,5.841924398625429,5.841924398625429,88.31615120274914,5.498281786941581,82.81786941580756
E00053528,306,49,22,27,257,20,237,16.013071895424837,7.18954248366013,8.823529411764707,83.98692810457517,6.535947712418301,77.45098039215686
E00053529,339,55,22,33,284,20,264,16.224188790560472,6.489675516224189,9.734513274336283,83.77581120943954,5.899705014749262,77.87610619469027
E00053530,312,57,25,32,255,18,237,18.269230769230766,8.012820512820513,10.256410256410255,81.73076923076923,5.769230769230769,75.96153846153845
E00053531,348,59,26,33,289,16,273,16.954022988505745,7.471264367816093,9.482758620689655,83.04597701149426,4.597701149425287,78.44827586206897
E00053532,337,72,32,40,265,15,250,21.364985163204746,9.495548961424333,11.869436201780417,78.63501483679525,4.451038575667656,74.1839762611276
E00053533,310,58,24,34,252,18,234,18.70967741935484,7.741935483870968,10.967741935483872,81.29032258064515,5.806451612903226,75.48387096774194
E00053534,290,47,16,31,243,22,221,16.206896551724135,5.517241379310345,10.689655172413794,83.79310344827586,7.586206896551724,76.20689655172413
E00053535,375,69,32,37,306,21,285,18.4,8.533333333333333,9.866666666666667,81.6,5.6000000000000005,76
E00053536,361,56,25,31,305,37,268,15.512465373961218,6.9252077562326875,8.587257617728532,84.48753462603878,10.249307479224377,74.23822714681441
E00053537,438,73,28,45,365,24,341,16.666666666666664,6.392694063926941,10.273972602739725,83.33333333333334,5.47945205479452,77.85388127853882
E00053538,410,57,28,29,353,23,330,13.902439024390246,6.829268292682928,7.073170731707316,86.09756097560975,5.609756097560976,80.48780487804879
E00053539,410,60,30,30,350,11,339,14.634146341463413,7.317073170731707,7.317073170731707,85.36585365853658,2.682926829268293,82.68292682926828
E00053540,373,87,53,34,286,13,273,23.324396782841823,14.209115281501342,9.115281501340483,76.67560321715817,3.485254691689008,73.19034852546918
E00053541,351,48,20,28,303,19,284,13.675213675213676,5.698005698005698,7.977207977207977,86.32478632478633,5.413105413105413,80.91168091168092
E00053542,335,43,20,23,292,21,271,12.835820895522387,5.970149253731343,6.865671641791045,87.16417910447761,6.26865671641791,80.8955223880597
E00053543,252,49,21,28,203,18,185,19.444444444444446,8.333333333333332,11.11111111111111,80.55555555555556,7.142857142857142,73.4126984126984
E00053544,354,58,20,38,296,23,273,16.38418079096045,5.649717514124294,10.734463276836157,83.61581920903954,6.497175141242938,77.11864406779661
E00053545,322,62,34,28,260,12,248,19.25465838509317,10.559006211180124,8.695652173913043,80.74534161490683,3.7267080745341614,77.01863354037268
E00053546,330,51,21,30,279,26,253,15.454545454545453,6.363636363636363,9.090909090909092,84.54545454545455,7.878787878787878,76.66666666666667
E00053547,292,82,38,44,210,10,200,28.08219178082192,13.013698630136986,15.068493150684931,71.91780821917808,3.4246575342465753,68.4931506849315
E00053548,323,62,37,25,261,11,250,19.195046439628484,11.455108359133128,7.739938080495357,80.80495356037152,3.4055727554179565,77.39938080495357
E00053550,375,64,28,36,311,19,292,17.066666666666666,7.466666666666668,9.6,82.93333333333334,5.066666666666666,77.86666666666666
E00053552,272,71,35,36,201,10,191,26.10294117647059,12.867647058823529,13.23529411764706,73.89705882352942,3.6764705882352944,70.22058823529412
E00053553,437,93,46,47,344,6,338,21.28146453089245,10.526315789473683,10.755148741418765,78.71853546910755,1.3729977116704806,77.34553775743707
E00053555,311,81,42,39,230,10,220,26.04501607717042,13.504823151125404,12.540192926045016,73.95498392282958,3.215434083601286,70.7395498392283
E00053556,466,57,23,34,409,16,393,12.231759656652361,4.935622317596566,7.296137339055794,87.76824034334764,3.4334763948497855,84.33476394849787
E00053557,373,75,40,35,298,6,292,20.10723860589812,10.723860589812332,9.383378016085791,79.89276139410187,1.6085790884718498,78.28418230563003
E00053558,256,69,28,41,187,13,174,26.953125,10.9375,16.015625,73.046875,5.078125,67.96875
E00053559,492,83,38,45,409,31,378,16.869918699186993,7.723577235772358,9.146341463414634,83.130081300813,6.300813008130081,76.82926829268293
E00053560,228,73,41,32,155,10,145,32.01754385964912,17.982456140350877,14.035087719298245,67.98245614035088,4.385964912280701,63.59649122807017
E00053561,355,64,23,41,291,16,275,18.028169014084508,6.478873239436619,11.549295774647888,81.97183098591549,4.507042253521127,77.46478873239437
E00053562,319,68,26,42,251,2,249,21.316614420062695,8.150470219435736,13.166144200626958,78.68338557993731,0.6269592476489028,78.0564263322884
E00053563,228,60,29,31,168,16,152,26.31578947368421,12.719298245614036,13.596491228070176,73.68421052631578,7.017543859649122,66.66666666666666
E00053564,333,63,30,33,270,18,252,18.91891891891892,9.00900900900901,9.90990990990991,81.08108108108108,5.405405405405405,75.67567567567568
E00053565,218,63,37,26,155,3,152,28.899082568807337,16.972477064220186,11.926605504587156,71.10091743119266,1.3761467889908259,69.72477064220183
E00053566,448,84,43,41,364,20,344,18.75,9.598214285714286,9.151785714285714,81.25,4.464285714285714,76.78571428571429
E00053567,243,63,38,25,180,11,169,25.925925925925924,15.637860082304528,10.2880658436214,74.07407407407408,4.526748971193416,69.54732510288066
E00053568,361,73,24,49,288,10,278,20.221606648199447,6.64819944598338,13.573407202216067,79.77839335180056,2.7700831024930745,77.00831024930747
E00053569,384,68,40,28,316,12,304,17.708333333333336,10.416666666666668,7.291666666666667,82.29166666666666,3.125,79.16666666666666
E00053570,319,64,25,39,255,14,241,20.06269592476489,7.836990595611286,12.225705329153605,79.9373040752351,4.38871473354232,75.54858934169279
E00053571,332,65,33,32,267,17,250,19.57831325301205,9.939759036144578,9.63855421686747,80.42168674698796,5.120481927710843,75.30120481927712
E00053572,308,99,63,36,209,13,196,32.142857142857146,20.454545454545457,11.688311688311687,67.85714285714286,4.220779220779221,63.63636363636363
E00053573,337,66,36,30,271,21,250,19.584569732937684,10.682492581602373,8.902077151335313,80.41543026706232,6.231454005934718,74.1839762611276
E00053574,336,81,42,39,255,19,236,24.107142857142858,12.5,11.607142857142858,75.89285714285714,5.654761904761905,70.23809523809523
E00053575,496,93,42,51,403,40,363,18.75,8.46774193548387,10.28225806451613,81.25,8.064516129032258,73.18548387096774
E00053576,426,72,38,34,354,21,333,16.901408450704224,8.92018779342723,7.981220657276995,83.09859154929578,4.929577464788732,78.16901408450704
E00053577,556,94,49,45,462,23,439,16.906474820143885,8.81294964028777,8.093525179856115,83.09352517985612,4.136690647482014,78.9568345323741
E00053578,335,44,18,26,291,21,270,13.134328358208954,5.3731343283582085,7.761194029850746,86.86567164179104,6.26865671641791,80.59701492537313
E00053579,571,73,43,30,498,18,480,12.784588441331,7.530647985989491,5.253940455341506,87.215411558669,3.1523642732049035,84.0630472854641
E00053580,320,61,28,33,259,20,239,19.0625,8.75,10.3125,80.9375,6.25,74.6875
E00053581,289,59,30,29,230,24,206,20.415224913494807,10.380622837370241,10.034602076124568,79.58477508650519,8.304498269896193,71.280276816609
E00053582,387,81,41,40,306,12,294,20.930232558139537,10.594315245478036,10.335917312661499,79.06976744186046,3.10077519379845,75.96899224806202
E00053583,442,73,39,34,369,16,353,16.515837104072396,8.823529411764707,7.6923076923076925,83.48416289592761,3.619909502262444,79.86425339366517
E00053584,539,92,51,41,447,17,430,17.068645640074212,9.461966604823747,7.606679035250464,82.93135435992579,3.153988868274583,79.77736549165121
E00053585,279,65,37,28,214,8,206,23.297491039426525,13.261648745519713,10.03584229390681,76.70250896057348,2.867383512544803,73.83512544802868
E00053586,417,66,32,34,351,6,345,15.827338129496402,7.673860911270983,8.15347721822542,84.17266187050359,1.4388489208633095,82.73381294964028
E00053587,305,50,28,22,255,4,251,16.39344262295082,9.180327868852459,7.213114754098362,83.60655737704919,1.3114754098360655,82.29508196721311
E00053588,312,67,36,31,245,4,241,21.474358974358974,11.538461538461538,9.935897435897436,78.52564102564102,1.282051282051282,77.24358974358975
E00053589,371,82,40,42,289,8,281,22.10242587601078,10.781671159029651,11.320754716981133,77.89757412398922,2.15633423180593,75.74123989218329
E00053590,269,57,28,29,212,4,208,21.189591078066915,10.408921933085502,10.780669144981413,78.81040892193309,1.486988847583643,77.32342007434944
E00053591,449,100,57,43,349,18,331,22.271714922049,12.694877505567929,9.57683741648107,77.728285077951,4.008908685968819,73.71937639198218
E00053592,392,40,22,18,352,13,339,10.204081632653061,5.612244897959184,4.591836734693878,89.79591836734694,3.316326530612245,86.4795918367347
E00053593,437,68,34,34,369,8,361,15.560640732265446,7.780320366132723,7.780320366132723,84.43935926773455,1.8306636155606408,82.6086956521739
E00053594,458,144,84,60,314,19,295,31.4410480349345,18.340611353711793,13.100436681222707,68.5589519650655,4.148471615720524,64.41048034934498
E00053595,438,56,34,22,382,11,371,12.785388127853881,7.76255707762557,5.0228310502283104,87.21461187214612,2.5114155251141552,84.70319634703196
E00053596,530,57,39,18,473,10,463,10.754716981132075,7.3584905660377355,3.3962264150943398,89.24528301886792,1.8867924528301887,87.35849056603774
E00053597,448,78,46,32,370,19,351,17.410714285714285,10.267857142857142,7.142857142857142,82.58928571428571,4.241071428571429,78.34821428571429
E00053598,462,47,21,26,415,19,396,10.173160173160174,4.545454545454546,5.627705627705628,89.82683982683982,4.112554112554113,85.71428571428571
E00053599,538,70,37,33,468,16,452,13.011152416356877,6.877323420074349,6.133828996282528,86.98884758364312,2.973977695167286,84.01486988847584
E00053600,517,83,51,32,434,17,417,16.054158607350097,9.864603481624759,6.189555125725339,83.9458413926499,3.2882011605415857,80.65764023210832
E00053602,500,66,35,31,434,5,429,13.200000000000001,7.000000000000001,6.2,86.8,1,85.8
E00053603,377,87,43,44,290,14,276,23.076923076923077,11.405835543766578,11.671087533156498,76.92307692307693,3.7135278514588856,73.20954907161804
E00053604,572,78,38,40,494,12,482,13.636363636363635,6.643356643356643,6.993006993006993,86.36363636363636,2.097902097902098,84.26573426573427
E00053605,529,58,38,20,471,9,462,10.964083175803403,7.183364839319471,3.780718336483932,89.03591682419659,1.7013232514177694,87.33459357277883
E00053606,509,74,33,41,435,11,424,14.538310412573674,6.4833005893909625,8.055009823182711,85.46168958742632,2.161100196463654,83.30058939096267
E00053607,446,85,39,46,361,17,344,19.05829596412556,8.74439461883408,10.31390134529148,80.94170403587444,3.811659192825112,77.13004484304933
E00053608,524,83,50,33,441,9,432,15.839694656488549,9.541984732824428,6.297709923664121,84.16030534351145,1.717557251908397,82.44274809160305
E00053609,454,63,26,37,391,14,377,13.876651982378855,5.726872246696035,8.149779735682818,86.12334801762115,3.0837004405286343,83.03964757709251
E00053610,482,76,46,30,406,12,394,15.767634854771783,9.54356846473029,6.224066390041494,84.23236514522821,2.4896265560165975,81.74273858921161
E00053611,336,55,22,33,281,15,266,16.36904761904762,6.547619047619048,9.821428571428571,83.63095238095238,4.464285714285714,79.16666666666666
E00053612,498,76,29,47,422,12,410,15.261044176706829,5.8232931726907635,9.437751004016064,84.73895582329317,2.4096385542168677,82.32931726907631
E00053613,498,63,41,22,435,14,421,12.650602409638553,8.23293172690763,4.417670682730924,87.34939759036145,2.8112449799196786,84.53815261044177
E00053614,505,77,41,36,428,21,407,15.247524752475247,8.118811881188119,7.128712871287128,84.75247524752476,4.1584158415841586,80.5940594059406
E00053616,367,63,29,34,304,9,295,17.166212534059948,7.901907356948229,9.264305177111716,82.83378746594006,2.452316076294278,80.38147138964578
E00053617,290,48,20,28,242,13,229,16.551724137931036,6.896551724137931,9.655172413793103,83.44827586206897,4.482758620689655,78.96551724137932
E00053618,479,64,39,25,415,12,403,13.361169102296449,8.1419624217119,5.219206680584551,86.63883089770354,2.5052192066805845,84.13361169102296
E00053621,479,50,22,28,429,10,419,10.438413361169102,4.592901878914405,5.845511482254697,89.56158663883089,2.0876826722338206,87.47390396659708
E00053622,523,85,45,40,438,7,431,16.252390057361378,8.604206500956023,7.648183556405354,83.74760994263862,1.338432122370937,82.40917782026769
E00053623,624,72,34,38,552,14,538,11.538461538461538,5.448717948717949,6.089743589743589,88.46153846153845,2.2435897435897436,86.21794871794873
E00053624,513,82,46,36,431,12,419,15.984405458089668,8.966861598440545,7.017543859649122,84.01559454191033,2.3391812865497075,81.67641325536063
E00053625,583,68,31,37,515,5,510,11.663807890222985,5.317324185248713,6.34648370497427,88.33619210977702,0.8576329331046313,87.47855917667239
E00053626,481,59,24,35,422,11,411,12.266112266112266,4.98960498960499,7.276507276507277,87.73388773388774,2.2869022869022873,85.44698544698545
E00053627,576,82,41,41,494,13,481,14.23611111111111,7.118055555555555,7.118055555555555,85.76388888888889,2.256944444444444,83.50694444444444
E00053629,514,116,84,32,398,15,383,22.56809338521401,16.342412451361866,6.22568093385214,77.431906614786,2.9182879377431905,74.5136186770428
E00053630,597,94,60,34,503,10,493,15.745393634840871,10.050251256281408,5.6951423785594635,84.25460636515912,1.675041876046901,82.57956448911223
E00053631,567,74,42,32,493,19,474,13.051146384479717,7.4074074074074066,5.64373897707231,86.94885361552028,3.3509700176366843,83.5978835978836
E00053632,527,71,41,30,456,14,442,13.472485768500949,7.7798861480075905,5.692599620493358,86.52751423149905,2.6565464895635675,83.87096774193549
E00053633,346,46,29,17,300,8,292,13.294797687861271,8.38150289017341,4.913294797687861,86.70520231213872,2.312138728323699,84.39306358381504
E00053634,508,76,32,44,432,12,420,14.960629921259844,6.299212598425196,8.661417322834646,85.03937007874016,2.3622047244094486,82.67716535433071
E00053635,536,87,54,33,449,15,434,16.23134328358209,10.074626865671641,6.156716417910448,83.76865671641791,2.798507462686567,80.97014925373134
E00053637,408,71,43,28,337,9,328,17.401960784313726,10.53921568627451,6.862745098039216,82.59803921568627,2.2058823529411766,80.3921568627451
E00053638,408,90,43,47,318,12,306,22.058823529411764,10.53921568627451,11.519607843137255,77.94117647058823,2.941176470588235,75
E00053639,303,70,45,25,233,5,228,23.1023102310231,14.85148514851485,8.25082508250825,76.89768976897689,1.65016501650165,75.24752475247524
E00053640,567,109,72,37,458,11,447,19.223985890652557,12.698412698412698,6.525573192239858,80.77601410934744,1.9400352733686066,78.83597883597884
E00053641,427,64,37,27,363,22,341,14.988290398126464,8.665105386416862,6.323185011709602,85.01170960187353,5.152224824355972,79.85948477751757
E00053642,373,49,19,30,324,15,309,13.136729222520108,5.093833780160858,8.04289544235925,86.8632707774799,4.021447721179625,82.84182305630027
E00053643,373,52,25,27,321,23,298,13.941018766756033,6.702412868632708,7.238605898123325,86.05898123324397,6.166219839142091,79.89276139410187
E00053644,331,41,14,27,290,15,275,12.386706948640484,4.229607250755287,8.157099697885197,87.61329305135952,4.531722054380665,83.08157099697885
E00053645,422,77,27,50,345,23,322,18.246445497630333,6.398104265402843,11.848341232227488,81.75355450236967,5.450236966824645,76.30331753554502
E00053646,563,81,35,46,482,42,440,14.387211367673181,6.216696269982238,8.170515097690942,85.61278863232683,7.460035523978685,78.15275310834814
E00053647,279,52,29,23,227,20,207,18.63799283154122,10.39426523297491,8.24372759856631,81.36200716845879,7.168458781362006,74.19354838709677
E00053648,334,89,44,45,245,11,234,26.646706586826348,13.17365269461078,13.47305389221557,73.35329341317365,3.293413173652695,70.05988023952095
E00053649,287,80,46,34,207,19,188,27.874564459930312,16.02787456445993,11.846689895470384,72.12543554006969,6.620209059233449,65.50522648083623
E00053650,404,95,42,53,309,12,297,23.51485148514851,10.396039603960396,13.118811881188119,76.48514851485149,2.9702970297029703,73.51485148514851
E00053651,236,54,25,29,182,14,168,22.88135593220339,10.59322033898305,12.288135593220339,77.11864406779661,5.932203389830509,71.1864406779661
E00053652,230,105,58,47,125,0,125,45.65217391304348,25.217391304347824,20.434782608695652,54.347826086956516,0,54.347826086956516
E00053653,288,46,19,27,242,24,218,15.972222222222221,6.597222222222222,9.375,84.02777777777779,8.333333333333332,75.69444444444444
E00053654,328,72,34,38,256,8,248,21.951219512195124,10.365853658536585,11.585365853658537,78.04878048780488,2.4390243902439024,75.60975609756098
E00053655,249,49,21,28,200,16,184,19.67871485943775,8.433734939759036,11.244979919678714,80.32128514056225,6.425702811244979,73.89558232931726
E00053656,417,39,18,21,378,37,341,9.352517985611511,4.316546762589928,5.0359712230215825,90.64748201438849,8.872901678657074,81.77458033573141
E00053657,392,69,35,34,323,28,295,17.602040816326532,8.928571428571429,8.673469387755102,82.39795918367348,7.142857142857142,75.25510204081633
E00053658,372,59,23,36,313,22,291,15.86021505376344,6.182795698924731,9.67741935483871,84.13978494623656,5.913978494623656,78.2258064516129
E00053659,224,50,24,26,174,16,158,22.321428571428573,10.714285714285714,11.607142857142858,77.67857142857143,7.142857142857142,70.53571428571429
E00053660,243,41,15,26,202,20,182,16.872427983539097,6.172839506172839,10.699588477366255,83.1275720164609,8.23045267489712,74.8971193415638
E00053661,323,50,20,30,273,22,251,15.479876160990713,6.191950464396285,9.287925696594428,84.52012383900929,6.811145510835913,77.70897832817337
E00053663,469,54,28,26,415,22,393,11.513859275053305,5.970149253731343,5.543710021321962,88.4861407249467,4.690831556503198,83.7953091684435
E00053664,451,61,36,25,390,15,375,13.52549889135255,7.982261640798225,5.543237250554324,86.47450110864744,3.325942350332594,83.14855875831486
E00053665,557,54,20,34,503,15,488,9.694793536804308,3.5906642728904847,6.104129263913824,90.30520646319569,2.6929982046678633,87.61220825852783
E00053666,553,91,45,46,462,17,445,16.455696202531644,8.1374321880651,8.318264014466546,83.54430379746836,3.074141048824593,80.47016274864376
E00053667,351,37,18,19,314,16,298,10.541310541310542,5.128205128205128,5.413105413105413,89.45868945868945,4.5584045584045585,84.9002849002849
E00053668,422,66,32,34,356,10,346,15.639810426540285,7.5829383886255926,8.056872037914692,84.36018957345972,2.3696682464454977,81.99052132701422
E00053670,400,64,35,29,336,15,321,16,8.75,7.249999999999999,84,3.75,80.25
E00053671,226,72,34,38,154,3,151,31.858407079646017,15.04424778761062,16.8141592920354,68.14159292035397,1.3274336283185841,66.8141592920354
E00053672,368,62,33,29,306,19,287,16.847826086956523,8.967391304347826,7.880434782608696,83.15217391304348,5.163043478260869,77.98913043478261
E00053673,445,56,29,27,389,15,374,12.584269662921349,6.51685393258427,6.067415730337078,87.41573033707866,3.3707865168539324,84.04494382022472
E00053674,367,70,32,38,297,8,289,19.07356948228883,8.71934604904632,10.354223433242508,80.92643051771117,2.17983651226158,78.7465940054496
E00053675,356,80,44,36,276,7,269,22.47191011235955,12.359550561797752,10.112359550561797,77.52808988764045,1.9662921348314606,75.56179775280899
E00053676,411,92,44,48,319,17,302,22.38442822384428,10.70559610705596,11.678832116788321,77.61557177615572,4.13625304136253,73.47931873479318
E00053677,385,121,68,53,264,22,242,31.428571428571427,17.662337662337663,13.766233766233766,68.57142857142857,5.714285714285714,62.857142857142854
E00053678,354,74,34,40,280,21,259,20.903954802259886,9.6045197740113,11.299435028248588,79.09604519774011,5.932203389830509,73.1638418079096
E00053679,403,71,36,35,332,16,316,17.617866004962778,8.933002481389577,8.6848635235732,82.38213399503722,3.970223325062035,78.41191066997519
E00053680,337,68,35,33,269,15,254,20.178041543026705,10.385756676557865,9.792284866468842,79.82195845697329,4.451038575667656,75.37091988130564
E00053681,393,95,59,36,298,22,276,24.173027989821882,15.012722646310433,9.16030534351145,75.82697201017811,5.597964376590331,70.22900763358778
E00053682,354,60,29,31,294,16,278,16.94915254237288,8.192090395480225,8.757062146892656,83.05084745762711,4.519774011299435,78.53107344632768
E00053683,339,49,19,30,290,28,262,14.454277286135694,5.604719764011799,8.849557522123893,85.54572271386431,8.259587020648967,77.28613569321534
E00053684,164,62,40,22,102,9,93,37.80487804878049,24.390243902439025,13.414634146341465,62.19512195121951,5.487804878048781,56.70731707317073
E00053685,302,55,28,27,247,19,228,18.211920529801322,9.271523178807946,8.940397350993377,81.78807947019867,6.291390728476822,75.49668874172185
E00053686,250,57,16,41,193,13,180,22.8,6.4,16.400000000000002,77.2,5.2,72
E00053687,214,63,31,32,151,18,133,29.439252336448597,14.485981308411214,14.953271028037381,70.56074766355141,8.411214953271028,62.149532710280376
E00053688,257,44,20,24,213,23,190,17.120622568093385,7.782101167315175,9.33852140077821,82.87937743190662,8.949416342412452,73.92996108949417
E00053689,248,30,13,17,218,26,192,12.096774193548388,5.241935483870968,6.854838709677419,87.90322580645162,10.483870967741936,77.41935483870968
E00053690,303,41,6,35,262,30,232,13.531353135313532,1.9801980198019802,11.55115511551155,86.46864686468648,9.900990099009901,76.56765676567657
E00053691,244,52,18,34,192,26,166,21.311475409836063,7.377049180327869,13.934426229508196,78.68852459016394,10.655737704918032,68.0327868852459
E00053692,304,43,10,33,261,23,238,14.144736842105262,3.289473684210526,10.855263157894738,85.85526315789474,7.565789473684211,78.28947368421053
E00053693,266,42,12,30,224,29,195,15.789473684210526,4.511278195488721,11.278195488721805,84.21052631578947,10.902255639097744,73.30827067669173
E00053695,345,33,8,25,312,28,284,9.565217391304348,2.318840579710145,7.246376811594203,90.43478260869566,8.115942028985506,82.31884057971014
E00053696,301,57,25,32,244,41,203,18.93687707641196,8.305647840531561,10.631229235880399,81.06312292358804,13.621262458471762,67.44186046511628
E00053697,235,53,25,28,182,16,166,22.5531914893617,10.638297872340425,11.914893617021278,77.4468085106383,6.808510638297872,70.63829787234043
E00053698,266,58,21,37,208,21,187,21.804511278195488,7.894736842105263,13.909774436090224,78.19548872180451,7.894736842105263,70.30075187969925
E00053699,269,43,9,34,226,27,199,15.985130111524162,3.3457249070631967,12.639405204460965,84.01486988847584,10.037174721189592,73.97769516728626
E00053700,578,77,26,51,501,56,445,13.321799307958477,4.498269896193772,8.823529411764707,86.67820069204151,9.688581314878892,76.98961937716263
E00053701,256,57,19,38,199,28,171,22.265625,7.421875,14.84375,77.734375,10.9375,66.796875
E00053702,319,54,20,34,265,22,243,16.927899686520377,6.269592476489027,10.658307210031348,83.07210031347962,6.896551724137931,76.17554858934169
E00053703,207,58,25,33,149,13,136,28.019323671497588,12.077294685990339,15.942028985507244,71.98067632850241,6.280193236714976,65.70048309178745
E00053704,337,47,15,32,290,41,249,13.94658753709199,4.451038575667656,9.495548961424333,86.05341246290801,12.166172106824925,73.88724035608308
E00053705,229,46,22,24,183,19,164,20.087336244541483,9.606986899563319,10.480349344978166,79.91266375545851,8.296943231441048,71.61572052401746
E00053706,306,60,20,40,246,28,218,19.607843137254903,6.535947712418301,13.071895424836603,80.3921568627451,9.15032679738562,71.24183006535948
E00053707,280,46,20,26,234,24,210,16.428571428571427,7.142857142857142,9.285714285714286,83.57142857142857,8.571428571428571,75
E00053708,268,47,22,25,221,34,187,17.537313432835823,8.208955223880597,9.328358208955224,82.46268656716418,12.686567164179104,69.77611940298507
E00053709,312,36,14,22,276,19,257,11.538461538461538,4.487179487179487,7.051282051282051,88.46153846153845,6.089743589743589,82.37179487179486
E00053710,279,51,10,41,228,20,208,18.27956989247312,3.584229390681003,14.695340501792115,81.72043010752688,7.168458781362006,74.55197132616487
E00053711,271,44,22,22,227,28,199,16.236162361623617,8.118081180811808,8.118081180811808,83.76383763837639,10.33210332103321,73.43173431734317
E00053712,229,53,22,31,176,16,160,23.144104803493452,9.606986899563319,13.537117903930133,76.85589519650655,6.986899563318777,69.86899563318777
E00053713,294,47,17,30,247,31,216,15.98639455782313,5.782312925170068,10.204081632653061,84.01360544217688,10.54421768707483,73.46938775510205
E00053714,252,53,25,28,199,16,183,21.03174603174603,9.920634920634921,11.11111111111111,78.96825396825396,6.349206349206349,72.61904761904762
E00053715,289,52,17,35,237,26,211,17.99307958477509,5.88235294117647,12.110726643598616,82.00692041522491,8.996539792387544,73.01038062283737
E00053716,390,78,33,45,312,32,280,20,8.461538461538462,11.538461538461538,80,8.205128205128204,71.7948717948718
E00053717,332,125,78,47,207,22,185,37.65060240963856,23.49397590361446,14.156626506024098,62.34939759036144,6.626506024096386,55.72289156626506
E00053718,361,67,33,34,294,27,267,18.559556786703602,9.141274238227147,9.418282548476455,81.4404432132964,7.479224376731302,73.9612188365651
E00053719,323,57,21,36,266,26,240,17.647058823529413,6.5015479876160995,11.145510835913312,82.35294117647058,8.04953560371517,74.30340557275542
E00053720,272,38,11,27,234,25,209,13.970588235294118,4.044117647058823,9.926470588235293,86.02941176470588,9.191176470588236,76.83823529411765
E00053721,332,58,23,35,274,39,235,17.46987951807229,6.927710843373494,10.542168674698797,82.53012048192771,11.74698795180723,70.78313253012048
E00053722,252,50,18,32,202,24,178,19.841269841269842,7.142857142857142,12.698412698412698,80.15873015873017,9.523809523809524,70.63492063492063
E00053723,268,47,25,22,221,21,200,17.537313432835823,9.328358208955224,8.208955223880597,82.46268656716418,7.835820895522389,74.6268656716418
E00053725,262,53,19,34,209,25,184,20.229007633587788,7.251908396946565,12.977099236641221,79.77099236641222,9.541984732824428,70.22900763358778
E00053726,312,59,31,28,253,24,229,18.91025641025641,9.935897435897436,8.974358974358974,81.08974358974359,7.6923076923076925,73.3974358974359
E00053727,315,60,22,38,255,29,226,19.047619047619047,6.984126984126984,12.063492063492063,80.95238095238095,9.206349206349207,71.74603174603175
E00053728,334,38,14,24,296,28,268,11.377245508982035,4.191616766467066,7.18562874251497,88.62275449101796,8.383233532934131,80.23952095808383
E00053729,372,57,17,40,315,23,292,15.32258064516129,4.56989247311828,10.75268817204301,84.67741935483872,6.182795698924731,78.49462365591397
E00053730,282,75,30,45,207,21,186,26.595744680851062,10.638297872340425,15.957446808510639,73.40425531914893,7.446808510638298,65.95744680851064
E00053731,293,58,40,18,235,28,207,19.795221843003414,13.651877133105803,6.143344709897611,80.2047781569966,9.556313993174061,70.64846416382252
E00053732,349,40,14,26,309,42,267,11.461318051575931,4.011461318051576,7.4498567335243555,88.53868194842407,12.034383954154727,76.50429799426934
E00053734,235,43,16,27,192,20,172,18.29787234042553,6.808510638297872,11.48936170212766,81.70212765957446,8.51063829787234,73.19148936170212
E00053735,212,37,17,20,175,25,150,17.452830188679243,8.018867924528301,9.433962264150944,82.54716981132076,11.79245283018868,70.75471698113208
E00053737,266,50,19,31,216,18,198,18.796992481203006,7.142857142857142,11.654135338345863,81.203007518797,6.7669172932330826,74.43609022556392
E00053738,381,83,37,46,298,29,269,21.784776902887142,9.711286089238845,12.073490813648293,78.21522309711287,7.611548556430446,70.60367454068242
E00053739,387,41,7,34,346,28,318,10.594315245478036,1.8087855297157622,8.785529715762273,89.40568475452196,7.235142118863049,82.17054263565892
E00053740,370,65,25,40,305,36,269,17.56756756756757,6.756756756756757,10.81081081081081,82.43243243243244,9.72972972972973,72.70270270270271
E00053741,190,42,15,27,148,18,130,22.105263157894736,7.894736842105263,14.210526315789473,77.89473684210526,9.473684210526317,68.42105263157895
E00053742,315,46,13,33,269,21,248,14.603174603174605,4.1269841269841265,10.476190476190476,85.39682539682539,6.666666666666667,78.73015873015873
E00053743,376,44,18,26,332,30,302,11.702127659574469,4.787234042553192,6.914893617021277,88.29787234042553,7.9787234042553195,80.31914893617021
E00053744,301,48,17,31,253,23,230,15.946843853820598,5.647840531561462,10.299003322259136,84.0531561461794,7.641196013289036,76.41196013289037
E00053745,323,44,20,24,279,26,253,13.622291021671826,6.191950464396285,7.430340557275541,86.37770897832817,8.04953560371517,78.328173374613
E00053746,434,105,53,52,329,23,306,24.193548387096776,12.211981566820276,11.981566820276496,75.80645161290323,5.299539170506913,70.50691244239631
E00053747,307,40,16,24,267,26,241,13.029315960912053,5.211726384364821,7.81758957654723,86.97068403908796,8.469055374592834,78.50162866449512
E00053748,331,65,30,35,266,18,248,19.637462235649547,9.06344410876133,10.574018126888216,80.36253776435045,5.438066465256798,74.92447129909365
E00053749,298,47,21,26,251,16,235,15.771812080536913,7.046979865771812,8.724832214765101,84.22818791946308,5.369127516778524,78.85906040268456
E00053750,303,64,27,37,239,27,212,21.122112211221122,8.91089108910891,12.211221122112212,78.87788778877888,8.91089108910891,69.96699669966998
E00053751,290,52,29,23,238,18,220,17.93103448275862,10,7.931034482758621,82.06896551724138,6.206896551724138,75.86206896551724
E00053752,288,60,24,36,228,23,205,20.833333333333336,8.333333333333332,12.5,79.16666666666666,7.986111111111111,71.18055555555556
E00053753,287,63,24,39,224,21,203,21.951219512195124,8.362369337979095,13.588850174216027,78.04878048780488,7.317073170731707,70.73170731707317
E00053754,260,57,21,36,203,15,188,21.923076923076923,8.076923076923077,13.846153846153847,78.07692307692308,5.769230769230769,72.3076923076923
E00053756,434,91,45,46,343,33,310,20.967741935483872,10.368663594470046,10.599078341013826,79.03225806451613,7.603686635944701,71.42857142857143
E00053757,307,47,27,20,260,15,245,15.309446254071663,8.794788273615636,6.514657980456026,84.69055374592834,4.88599348534202,79.80456026058633
E00053759,369,69,37,32,300,16,284,18.69918699186992,10.02710027100271,8.672086720867208,81.30081300813008,4.336043360433604,76.96476964769647
E00053760,350,55,22,33,295,15,280,15.714285714285714,6.2857142857142865,9.428571428571429,84.28571428571429,4.285714285714286,80
E00053761,188,84,39,45,104,17,87,44.680851063829785,20.74468085106383,23.93617021276596,55.319148936170215,9.042553191489363,46.27659574468085
E00053762,326,53,25,28,273,16,257,16.257668711656443,7.668711656441718,8.588957055214724,83.74233128834356,4.9079754601226995,78.83435582822086
E00053763,399,64,23,41,335,29,306,16.040100250626566,5.764411027568922,10.275689223057643,83.95989974937343,7.268170426065162,76.69172932330827
E00053764,309,44,17,27,265,18,247,14.239482200647249,5.501618122977346,8.737864077669903,85.76051779935275,5.825242718446602,79.93527508090615
E00053765,301,65,30,35,236,29,207,21.59468438538206,9.966777408637874,11.627906976744185,78.40531561461795,9.634551495016613,68.77076411960132
E00053766,281,48,18,30,233,17,216,17.08185053380783,6.405693950177936,10.676156583629894,82.91814946619218,6.049822064056939,76.86832740213522
E00053767,425,91,50,41,334,18,316,21.41176470588235,11.76470588235294,9.647058823529411,78.58823529411765,4.235294117647059,74.3529411764706
E00053768,439,98,61,37,341,20,321,22.323462414578586,13.895216400911162,8.428246013667426,77.67653758542141,4.555808656036446,73.12072892938497
E00053769,276,58,27,31,218,20,198,21.014492753623188,9.782608695652174,11.231884057971014,78.98550724637681,7.246376811594203,71.73913043478261
E00053770,292,51,21,30,241,16,225,17.465753424657535,7.191780821917808,10.273972602739725,82.53424657534246,5.47945205479452,77.05479452054794
E00053771,356,63,32,31,293,16,277,17.696629213483146,8.98876404494382,8.707865168539326,82.30337078651685,4.49438202247191,77.80898876404494
E00053772,245,51,17,34,194,20,174,20.816326530612244,6.938775510204081,13.877551020408163,79.18367346938776,8.16326530612245,71.0204081632653
E00053773,250,57,22,35,193,16,177,22.8,8.799999999999999,14.000000000000002,77.2,6.4,70.8
E00053774,347,65,39,26,282,18,264,18.73198847262248,11.239193083573488,7.492795389048991,81.26801152737752,5.187319884726225,76.0806916426513
E00053775,293,83,37,46,210,23,187,28.327645051194537,12.627986348122866,15.699658703071673,71.67235494880546,7.849829351535837,63.82252559726962
E00053776,362,71,30,41,291,24,267,19.613259668508288,8.287292817679557,11.32596685082873,80.38674033149171,6.629834254143646,73.75690607734806
E00053777,446,81,34,47,365,25,340,18.161434977578477,7.623318385650224,10.538116591928251,81.83856502242153,5.605381165919283,76.23318385650224
E00053778,328,56,21,35,272,18,254,17.073170731707318,6.402439024390244,10.670731707317072,82.92682926829268,5.487804878048781,77.4390243902439
E00053779,320,87,38,49,233,12,221,27.187499999999996,11.875,15.312500000000002,72.8125,3.75,69.0625
E00053780,296,58,28,30,238,19,219,19.594594594594593,9.45945945945946,10.135135135135135,80.4054054054054,6.418918918918918,73.98648648648648
E00053781,425,103,44,59,322,19,303,24.235294117647058,10.352941176470589,13.882352941176471,75.76470588235294,4.470588235294118,71.29411764705881
E00053783,437,90,42,48,347,23,324,20.59496567505721,9.610983981693364,10.983981693363845,79.40503432494279,5.263157894736842,74.14187643020595
E00053785,249,78,40,38,171,10,161,31.32530120481928,16.06425702811245,15.261044176706829,68.67469879518072,4.016064257028113,64.65863453815261
E00053786,612,76,35,41,536,8,528,12.418300653594772,5.718954248366013,6.699346405228758,87.58169934640523,1.3071895424836601,86.27450980392157
E00053787,240,47,30,17,193,7,186,19.583333333333332,12.5,7.083333333333333,80.41666666666667,2.9166666666666665,77.5
E00053788,456,70,38,32,386,13,373,15.350877192982457,8.333333333333332,7.017543859649122,84.64912280701753,2.850877192982456,81.7982456140351
E00053789,611,77,29,48,534,19,515,12.60229132569558,4.746317512274959,7.855973813420622,87.39770867430443,3.109656301145663,84.28805237315876
E00053790,245,79,48,31,166,6,160,32.244897959183675,19.591836734693878,12.653061224489795,67.75510204081633,2.4489795918367347,65.3061224489796
E00053791,360,56,29,27,304,14,290,15.555555555555555,8.055555555555555,7.5,84.44444444444444,3.888888888888889,80.55555555555556
E00053792,408,65,28,37,343,10,333,15.931372549019606,6.862745098039216,9.068627450980392,84.06862745098039,2.450980392156863,81.61764705882352
E00053793,389,77,27,50,312,31,281,19.794344473007712,6.940874035989718,12.853470437017995,80.20565552699229,7.969151670951156,72.23650385604114
E00053794,432,89,52,37,343,11,332,20.60185185185185,12.037037037037036,8.564814814814815,79.39814814814815,2.5462962962962963,76.85185185185185
E00053795,429,65,35,30,364,14,350,15.151515151515152,8.158508158508159,6.993006993006993,84.84848484848484,3.263403263403263,81.58508158508158
E00053796,375,61,31,30,314,23,291,16.266666666666666,8.266666666666666,8,83.73333333333333,6.133333333333333,77.60000000000001
E00053797,372,45,28,17,327,13,314,12.096774193548388,7.526881720430108,4.56989247311828,87.90322580645162,3.494623655913978,84.40860215053763
E00053798,382,51,21,30,331,22,309,13.350785340314136,5.49738219895288,7.853403141361256,86.64921465968587,5.7591623036649215,80.89005235602095
E00053799,427,43,20,23,384,17,367,10.070257611241217,4.683840749414521,5.386416861826698,89.92974238875878,3.9812646370023423,85.94847775175644
E00053800,323,49,25,24,274,18,256,15.170278637770899,7.739938080495357,7.430340557275541,84.82972136222911,5.572755417956656,79.25696594427245
E00053801,337,57,29,28,280,20,260,16.913946587537094,8.605341246290802,8.30860534124629,83.08605341246292,5.934718100890208,77.1513353115727
E00053802,420,46,27,19,374,12,362,10.952380952380953,6.428571428571428,4.523809523809524,89.04761904761904,2.857142857142857,86.19047619047619
E00053803,466,85,50,35,381,12,369,18.240343347639485,10.72961373390558,7.510729613733906,81.75965665236052,2.575107296137339,79.18454935622317
E00053804,489,87,47,40,402,18,384,17.791411042944784,9.611451942740286,8.1799591002045,82.20858895705521,3.6809815950920246,78.52760736196319
E00053805,354,47,21,26,307,3,304,13.27683615819209,5.932203389830509,7.344632768361582,86.7231638418079,0.847457627118644,85.87570621468926
E00053806,430,83,41,42,347,12,335,19.302325581395348,9.534883720930234,9.767441860465116,80.69767441860465,2.7906976744186047,77.90697674418605
E00053807,258,43,22,21,215,6,209,16.666666666666664,8.527131782945736,8.13953488372093,83.33333333333334,2.3255813953488373,81.0077519379845
E00053808,296,36,23,13,260,9,251,12.162162162162163,7.77027027027027,4.391891891891892,87.83783783783784,3.040540540540541,84.7972972972973
E00053809,435,84,41,43,351,13,338,19.310344827586206,9.425287356321839,9.885057471264368,80.6896551724138,2.9885057471264367,77.70114942528735
E00053810,402,54,33,21,348,8,340,13.432835820895523,8.208955223880597,5.223880597014925,86.56716417910447,1.9900497512437811,84.5771144278607
E00053811,389,53,25,28,336,9,327,13.624678663239074,6.426735218508997,7.197943444730077,86.37532133676092,2.313624678663239,84.06169665809769
E00053812,401,64,31,33,337,11,326,15.96009975062344,7.73067331670823,8.229426433915211,84.03990024937656,2.7431421446384037,81.29675810473816
E00053813,341,58,30,28,283,4,279,17.008797653958943,8.797653958944283,8.211143695014663,82.99120234604106,1.1730205278592376,81.81818181818183
E00053814,424,98,61,37,326,12,314,23.11320754716981,14.38679245283019,8.726415094339622,76.88679245283019,2.8301886792452833,74.05660377358491
E00053815,282,50,20,30,232,8,224,17.73049645390071,7.092198581560284,10.638297872340425,82.26950354609929,2.8368794326241136,79.43262411347519
E00053816,346,52,21,31,294,3,291,15.028901734104046,6.069364161849711,8.959537572254336,84.97109826589595,0.8670520231213872,84.10404624277457
E00053817,402,59,32,27,343,20,323,14.676616915422885,7.960199004975125,6.7164179104477615,85.3233830845771,4.975124378109453,80.34825870646766
E00053818,329,44,24,20,285,14,271,13.37386018237082,7.29483282674772,6.079027355623101,86.62613981762918,4.25531914893617,82.37082066869301
E00053819,395,57,33,24,338,13,325,14.430379746835442,8.354430379746836,6.075949367088607,85.56962025316456,3.2911392405063293,82.27848101265823
E00053820,359,72,44,28,287,11,276,20.055710306406684,12.256267409470752,7.7994428969359335,79.94428969359332,3.064066852367688,76.88022284122563
E00053821,431,60,38,22,371,8,363,13.921113689095128,8.816705336426914,5.104408352668213,86.07888631090486,1.8561484918793503,84.22273781902551
E00053822,391,72,40,32,319,23,296,18.414322250639387,10.230179028132993,8.184143222506394,81.58567774936061,5.88235294117647,75.70332480818415
E00053823,390,54,32,22,336,11,325,13.846153846153847,8.205128205128204,5.641025641025641,86.15384615384616,2.8205128205128207,83.33333333333334
E00053824,270,120,78,42,150,10,140,44.44444444444444,28.888888888888886,15.555555555555555,55.55555555555556,3.7037037037037033,51.85185185185185
E00053825,481,57,24,33,424,20,404,11.85031185031185,4.98960498960499,6.860706860706861,88.14968814968816,4.158004158004158,83.991683991684
E00053826,312,60,25,35,252,15,237,19.230769230769234,8.012820512820513,11.217948717948719,80.76923076923077,4.807692307692308,75.96153846153845
E00053827,334,66,36,30,268,11,257,19.760479041916167,10.778443113772456,8.982035928143713,80.23952095808383,3.293413173652695,76.94610778443113
E00053828,386,54,20,34,332,10,322,13.989637305699482,5.181347150259067,8.808290155440414,86.01036269430051,2.5906735751295336,83.41968911917098
E00053829,526,81,44,37,445,20,425,15.399239543726237,8.365019011406844,7.0342205323193925,84.60076045627376,3.802281368821293,80.79847908745246
E00053830,356,55,28,27,301,10,291,15.44943820224719,7.865168539325842,7.584269662921349,84.5505617977528,2.8089887640449436,81.74157303370787
E00053831,467,71,40,31,396,15,381,15.203426124197003,8.565310492505352,6.638115631691649,84.79657387580299,3.2119914346895073,81.5845824411135
E00053832,307,53,25,28,254,12,242,17.263843648208468,8.143322475570033,9.120521172638437,82.73615635179154,3.908794788273615,78.82736156351791
E00053833,363,50,28,22,313,18,295,13.774104683195592,7.7134986225895315,6.0606060606060606,86.22589531680441,4.958677685950414,81.26721763085399
E00053834,454,87,42,45,367,27,340,19.162995594713657,9.251101321585903,9.911894273127754,80.83700440528634,5.947136563876652,74.8898678414097
E00053836,381,57,22,35,324,19,305,14.960629921259844,5.774278215223097,9.186351706036746,85.03937007874016,4.986876640419948,80.0524934383202
E00053837,461,123,72,51,338,13,325,26.68112798264642,15.61822125813449,11.062906724511931,73.31887201735357,2.8199566160520604,70.49891540130152
E00053838,569,90,53,37,479,14,465,15.817223198594025,9.314586994727591,6.502636203866433,84.18277680140598,2.460456942003515,81.72231985940246
E00053839,377,54,23,31,323,17,306,14.323607427055704,6.10079575596817,8.222811671087534,85.6763925729443,4.509283819628647,81.16710875331566
E00053841,476,46,26,20,430,15,415,9.663865546218489,5.46218487394958,4.201680672268908,90.33613445378151,3.1512605042016806,87.18487394957984
E00053842,351,56,27,29,295,23,272,15.954415954415953,7.6923076923076925,8.262108262108262,84.04558404558404,6.552706552706552,77.49287749287748
E00053843,348,45,20,25,303,20,283,12.931034482758621,5.747126436781609,7.183908045977011,87.06896551724138,5.747126436781609,81.32183908045977
E00053844,448,60,39,21,388,10,378,13.392857142857142,8.705357142857142,4.6875,86.60714285714286,2.232142857142857,84.375
E00053845,446,53,22,31,393,10,383,11.883408071748878,4.932735426008969,6.950672645739911,88.11659192825113,2.242152466367713,85.87443946188341
E00053846,520,71,39,32,449,10,439,13.653846153846153,7.5,6.153846153846154,86.34615384615385,1.9230769230769231,84.42307692307692
E00053847,509,55,26,29,454,15,439,10.805500982318271,5.1080550098231825,5.697445972495088,89.19449901768172,2.9469548133595285,86.2475442043222
E00053848,317,56,34,22,261,12,249,17.665615141955836,10.725552050473187,6.940063091482649,82.33438485804416,3.7854889589905363,78.54889589905363
E00053850,417,74,45,29,343,7,336,17.74580335731415,10.79136690647482,6.954436450839328,82.25419664268586,1.6786570743405276,80.57553956834532
E00053851,612,156,112,44,456,28,428,25.49019607843137,18.30065359477124,7.18954248366013,74.50980392156863,4.57516339869281,69.93464052287581
E00053852,531,65,37,28,466,11,455,12.24105461393597,6.96798493408663,5.273069679849341,87.75894538606404,2.0715630885122414,85.68738229755178
E00053853,495,70,32,38,425,15,410,14.14141414141414,6.4646464646464645,7.6767676767676765,85.85858585858585,3.0303030303030303,82.82828282828282
E00053854,496,61,36,25,435,17,418,12.298387096774194,7.258064516129033,5.040322580645161,87.70161290322581,3.4274193548387095,84.2741935483871
E00053856,483,76,32,44,407,21,386,15.734989648033126,6.625258799171843,9.109730848861282,84.26501035196688,4.3478260869565215,79.91718426501035
E00053857,329,69,28,41,260,11,249,20.972644376899694,8.51063829787234,12.462006079027356,79.0273556231003,3.343465045592705,75.6838905775076
E00053858,411,60,25,35,351,9,342,14.5985401459854,6.082725060827251,8.51581508515815,85.40145985401459,2.18978102189781,83.21167883211679
E00053859,489,66,32,34,423,5,418,13.496932515337424,6.5439672801636,6.952965235173824,86.50306748466258,1.0224948875255624,85.48057259713701
E00053861,484,87,45,42,397,10,387,17.97520661157025,9.297520661157025,8.677685950413224,82.02479338842976,2.066115702479339,79.9586776859504
E00053862,558,64,33,31,494,15,479,11.469534050179211,5.913978494623656,5.555555555555555,88.5304659498208,2.6881720430107525,85.84229390681004
E00053863,499,72,44,28,427,13,414,14.428857715430862,8.817635270541082,5.61122244488978,85.57114228456913,2.6052104208416833,82.96593186372746
E00053864,236,85,49,36,151,5,146,36.016949152542374,20.76271186440678,15.254237288135593,63.983050847457626,2.11864406779661,61.86440677966102
E00053867,424,63,34,29,361,10,351,14.858490566037736,8.018867924528301,6.8396226415094334,85.14150943396226,2.358490566037736,82.78301886792453
E00053868,417,54,17,37,363,15,348,12.949640287769784,4.07673860911271,8.872901678657074,87.05035971223022,3.5971223021582732,83.45323741007195
E00053869,430,67,31,36,363,18,345,15.58139534883721,7.209302325581396,8.372093023255815,84.41860465116278,4.186046511627907,80.23255813953489
E00053870,499,64,30,34,435,22,413,12.825651302605209,6.012024048096192,6.813627254509018,87.17434869739479,4.408817635270541,82.76553106212425
E00053871,450,81,31,50,369,17,352,18,6.888888888888889,11.11111111111111,82,3.7777777777777777,78.22222222222223
E00053873,556,81,43,38,475,12,463,14.568345323741008,7.7338129496402885,6.83453237410072,85.431654676259,2.158273381294964,83.27338129496404
E00053874,532,73,34,39,459,25,434,13.721804511278195,6.390977443609022,7.330827067669173,86.2781954887218,4.6992481203007515,81.57894736842105
E00053875,287,59,29,30,228,14,214,20.557491289198605,10.104529616724738,10.452961672473867,79.44250871080139,4.878048780487805,74.56445993031359
E00053876,415,52,27,25,363,11,352,12.530120481927712,6.506024096385541,6.024096385542169,87.46987951807229,2.6506024096385543,84.81927710843374
E00053877,436,71,30,41,365,24,341,16.28440366972477,6.8807339449541285,9.403669724770642,83.71559633027523,5.5045871559633035,78.21100917431193
E00053878,285,46,20,26,239,11,228,16.140350877192983,7.017543859649122,9.12280701754386,83.85964912280703,3.8596491228070176,80
E00053879,437,56,29,27,381,12,369,12.814645308924485,6.636155606407322,6.178489702517163,87.18535469107552,2.745995423340961,84.43935926773455
E00053880,296,63,30,33,233,25,208,21.283783783783782,10.135135135135135,11.14864864864865,78.71621621621621,8.445945945945946,70.27027027027027
E00053881,295,33,11,22,262,19,243,11.186440677966102,3.728813559322034,7.457627118644068,88.8135593220339,6.440677966101695,82.37288135593221
E00053882,305,35,12,23,270,18,252,11.475409836065573,3.934426229508197,7.540983606557377,88.52459016393442,5.901639344262295,82.62295081967214
E00053883,297,53,19,34,244,12,232,17.845117845117844,6.397306397306397,11.447811447811448,82.15488215488216,4.040404040404041,78.11447811447812
E00053884,244,48,22,26,196,19,177,19.672131147540984,9.01639344262295,10.655737704918032,80.32786885245902,7.786885245901639,72.54098360655738
E00053885,326,69,35,34,257,34,223,21.165644171779142,10.736196319018406,10.429447852760736,78.83435582822086,10.429447852760736,68.40490797546013
E00053886,225,60,27,33,165,24,141,26.666666666666668,12,14.666666666666666,73.33333333333333,10.666666666666668,62.66666666666667
E00053887,292,76,37,39,216,20,196,26.027397260273972,12.67123287671233,13.356164383561644,73.97260273972603,6.8493150684931505,67.12328767123287
E00053888,555,52,11,41,503,33,470,9.36936936936937,1.981981981981982,7.3873873873873865,90.63063063063062,5.9459459459459465,84.68468468468468
E00053890,180,72,37,35,108,21,87,40,20.555555555555554,19.444444444444446,60,11.666666666666666,48.333333333333336
E00053891,314,83,56,27,231,32,199,26.43312101910828,17.8343949044586,8.598726114649681,73.56687898089172,10.191082802547772,63.37579617834395
E00053892,401,80,37,43,321,32,289,19.950124688279303,9.226932668329177,10.723192019950124,80.0498753117207,7.98004987531172,72.06982543640898
E00053893,241,66,26,40,175,15,160,27.385892116182575,10.78838174273859,16.59751037344398,72.61410788381743,6.224066390041494,66.39004149377593
E00053894,322,46,13,33,276,25,251,14.285714285714285,4.037267080745342,10.248447204968944,85.71428571428571,7.763975155279502,77.95031055900621
E00053895,412,51,16,35,361,39,322,12.37864077669903,3.8834951456310676,8.495145631067961,87.62135922330097,9.466019417475728,78.15533980582524
E00053896,220,65,33,32,155,15,140,29.545454545454547,15,14.545454545454545,70.45454545454545,6.8181818181818175,63.63636363636363
E00053897,269,53,24,29,216,17,199,19.702602230483272,8.921933085501859,10.780669144981413,80.29739776951673,6.319702602230483,73.97769516728626
E00053898,355,100,48,52,255,19,236,28.169014084507044,13.521126760563378,14.647887323943662,71.83098591549296,5.352112676056338,66.47887323943662
E00053899,279,69,36,33,210,21,189,24.731182795698924,12.903225806451612,11.827956989247312,75.26881720430107,7.526881720430108,67.74193548387096
E00053900,260,67,32,35,193,14,179,25.769230769230766,12.307692307692308,13.461538461538462,74.23076923076923,5.384615384615385,68.84615384615384
E00053902,329,56,19,37,273,25,248,17.02127659574468,5.775075987841945,11.246200607902736,82.97872340425532,7.598784194528875,75.37993920972644
E00053903,436,86,44,42,350,33,317,19.724770642201836,10.091743119266056,9.63302752293578,80.27522935779817,7.568807339449542,72.70642201834863
E00053904,318,69,37,32,249,24,225,21.69811320754717,11.635220125786164,10.062893081761008,78.30188679245283,7.547169811320755,70.75471698113208
E00053905,256,38,8,30,218,26,192,14.84375,3.125,11.71875,85.15625,10.15625,75
E00053907,268,45,12,33,223,20,203,16.791044776119403,4.477611940298507,12.313432835820896,83.2089552238806,7.462686567164178,75.74626865671642
E00053908,370,71,24,47,299,21,278,19.18918918918919,6.486486486486487,12.702702702702704,80.8108108108108,5.675675675675676,75.13513513513513
E00053910,268,50,25,25,218,25,193,18.65671641791045,9.328358208955224,9.328358208955224,81.34328358208955,9.328358208955224,72.01492537313433
E00053911,287,57,21,36,230,19,211,19.860627177700348,7.317073170731707,12.543554006968641,80.13937282229965,6.620209059233449,73.5191637630662
E00053912,277,57,28,29,220,27,193,20.577617328519857,10.108303249097473,10.469314079422382,79.42238267148014,9.747292418772563,69.67509025270758
E00053913,301,51,21,30,250,23,227,16.943521594684384,6.976744186046512,9.966777408637874,83.05647840531562,7.641196013289036,75.41528239202658
E00053914,520,61,22,39,459,38,421,11.73076923076923,4.230769230769231,7.5,88.26923076923077,7.307692307692308,80.96153846153847
E00053915,301,52,28,24,249,23,226,17.275747508305646,9.30232558139535,7.973421926910299,82.72425249169434,7.641196013289036,75.08305647840533
E00053916,276,27,9,18,249,25,224,9.782608695652174,3.260869565217391,6.521739130434782,90.21739130434783,9.057971014492754,81.15942028985508
E00053917,485,52,16,36,433,41,392,10.721649484536082,3.2989690721649487,7.422680412371134,89.27835051546393,8.45360824742268,80.82474226804123
E00053918,419,73,35,38,346,26,320,17.42243436754177,8.353221957040573,9.069212410501192,82.57756563245823,6.205250596658711,76.37231503579952
E00053919,333,74,30,44,259,36,223,22.22222222222222,9.00900900900901,13.213213213213212,77.77777777777779,10.81081081081081,66.96696696696696
E00053920,439,51,17,34,388,27,361,11.617312072892938,3.8724373576309796,7.744874715261959,88.38268792710706,6.150341685649203,82.23234624145786
E00053921,345,50,18,32,295,18,277,14.492753623188406,5.217391304347826,9.27536231884058,85.5072463768116,5.217391304347826,80.28985507246377
E00053922,334,27,9,18,307,28,279,8.08383233532934,2.694610778443114,5.389221556886228,91.91616766467065,8.383233532934131,83.53293413173652
E00053923,467,67,19,48,400,33,367,14.346895074946467,4.068522483940043,10.278372591006423,85.65310492505354,7.066381156316917,78.58672376873662
E00053925,448,49,19,30,399,38,361,10.9375,4.241071428571429,6.696428571428571,89.0625,8.482142857142858,80.58035714285714
E00053926,210,25,11,14,185,14,171,11.904761904761903,5.238095238095238,6.666666666666667,88.09523809523809,6.666666666666667,81.42857142857143
E00053927,273,29,9,20,244,24,220,10.622710622710622,3.296703296703297,7.326007326007327,89.37728937728939,8.791208791208792,80.58608058608058
E00053928,316,30,9,21,286,24,262,9.49367088607595,2.848101265822785,6.6455696202531636,90.50632911392405,7.59493670886076,82.91139240506328
E00053929,333,41,8,33,292,32,260,12.312312312312311,2.4024024024024024,9.90990990990991,87.68768768768768,9.60960960960961,78.07807807807808
E00053930,256,46,19,27,210,31,179,17.96875,7.421875,10.546875,82.03125,12.109375,69.921875
E00053931,456,89,49,40,367,27,340,19.517543859649123,10.74561403508772,8.771929824561402,80.48245614035088,5.921052631578947,74.56140350877193
E00053932,301,38,17,21,263,24,239,12.624584717607974,5.647840531561462,6.976744186046512,87.37541528239203,7.973421926910299,79.40199335548172
E00053933,346,72,34,38,274,16,258,20.809248554913296,9.826589595375722,10.982658959537572,79.1907514450867,4.624277456647398,74.56647398843931
E00053934,144,58,27,31,86,8,78,40.27777777777778,18.75,21.52777777777778,59.72222222222222,5.555555555555555,54.166666666666664
E00053935,274,38,10,28,236,23,213,13.86861313868613,3.64963503649635,10.218978102189782,86.13138686131386,8.394160583941606,77.73722627737226
E00053936,231,49,14,35,182,25,157,21.21212121212121,6.0606060606060606,15.151515151515152,78.78787878787878,10.822510822510822,67.96536796536796
E00053937,291,47,18,29,244,29,215,16.151202749140893,6.185567010309279,9.965635738831615,83.8487972508591,9.965635738831615,73.8831615120275
E00053938,378,53,12,41,325,36,289,14.02116402116402,3.1746031746031744,10.846560846560847,85.97883597883597,9.523809523809524,76.45502645502646
E00053939,384,52,18,34,332,39,293,13.541666666666666,4.6875,8.854166666666668,86.45833333333334,10.15625,76.30208333333334
E00053940,360,58,24,34,302,26,276,16.11111111111111,6.666666666666667,9.444444444444445,83.88888888888889,7.222222222222221,76.66666666666667
E00053941,403,71,38,33,332,40,292,17.617866004962778,9.429280397022332,8.188585607940446,82.38213399503722,9.925558312655088,72.45657568238212
E00053942,414,87,39,48,327,31,296,21.014492753623188,9.420289855072465,11.594202898550725,78.98550724637681,7.487922705314009,71.49758454106279
E00053943,443,59,18,41,384,52,332,13.31828442437923,4.063205417607223,9.255079006772009,86.68171557562077,11.738148984198645,74.94356659142211
E00053944,355,75,41,34,280,30,250,21.12676056338028,11.549295774647888,9.577464788732394,78.87323943661971,8.450704225352112,70.4225352112676
E00053945,357,38,13,25,319,35,284,10.644257703081232,3.6414565826330536,7.002801120448179,89.35574229691878,9.803921568627452,79.55182072829132
E00053946,266,32,13,19,234,31,203,12.030075187969924,4.887218045112782,7.142857142857142,87.96992481203007,11.654135338345863,76.31578947368422
E00053947,267,55,18,37,212,28,184,20.59925093632959,6.741573033707865,13.857677902621724,79.40074906367042,10.486891385767791,68.91385767790263
E00053948,353,40,11,29,313,33,280,11.3314447592068,3.1161473087818696,8.21529745042493,88.6685552407932,9.34844192634561,79.3201133144476
E00053949,315,40,8,32,275,31,244,12.698412698412698,2.5396825396825395,10.158730158730158,87.3015873015873,9.841269841269842,77.46031746031747
E00053950,268,48,11,37,220,33,187,17.91044776119403,4.104477611940299,13.805970149253731,82.08955223880598,12.313432835820896,69.77611940298507
E00053951,371,84,52,32,287,29,258,22.641509433962266,14.016172506738545,8.62533692722372,77.35849056603774,7.816711590296496,69.54177897574124
E00053952,371,35,16,19,336,38,298,9.433962264150944,4.31266846361186,5.121293800539084,90.56603773584906,10.242587601078167,80.3234501347709
E00053953,460,62,26,36,398,45,353,13.478260869565217,5.6521739130434785,7.82608695652174,86.52173913043478,9.782608695652174,76.73913043478261
E00053954,293,62,28,34,231,25,206,21.160409556313994,9.556313993174061,11.604095563139932,78.839590443686,8.532423208191126,70.30716723549489
E00053955,187,14,5,9,173,7,166,7.4866310160427805,2.6737967914438503,4.81283422459893,92.51336898395722,3.7433155080213902,88.77005347593582
E00053956,335,27,4,23,308,30,278,8.059701492537313,1.1940298507462688,6.865671641791045,91.94029850746269,8.955223880597014,82.98507462686567
E00053957,394,58,15,43,336,37,299,14.720812182741117,3.807106598984772,10.913705583756345,85.27918781725889,9.390862944162437,75.88832487309645
E00053958,266,54,15,39,212,29,183,20.30075187969925,5.639097744360902,14.661654135338345,79.69924812030075,10.902255639097744,68.796992481203
E00053959,345,47,16,31,298,27,271,13.623188405797102,4.63768115942029,8.985507246376812,86.37681159420289,7.82608695652174,78.55072463768116
E00053960,316,39,11,28,277,36,241,12.341772151898734,3.481012658227848,8.860759493670885,87.65822784810126,11.39240506329114,76.26582278481013
E00053961,359,85,30,55,274,34,240,23.676880222841227,8.356545961002785,15.32033426183844,76.32311977715878,9.47075208913649,66.85236768802228
E00053962,278,35,15,20,243,28,215,12.589928057553957,5.39568345323741,7.1942446043165464,87.41007194244604,10.071942446043165,77.33812949640287
E00053963,285,42,17,25,243,25,218,14.736842105263156,5.964912280701754,8.771929824561402,85.26315789473684,8.771929824561402,76.49122807017544
E00053964,313,50,20,30,263,21,242,15.974440894568689,6.3897763578274756,9.584664536741213,84.02555910543131,6.7092651757188495,77.31629392971246
E00053965,302,52,16,36,250,29,221,17.218543046357617,5.298013245033113,11.920529801324504,82.78145695364239,9.602649006622517,73.17880794701986
E00053966,316,40,13,27,276,20,256,12.658227848101266,4.113924050632911,8.544303797468354,87.34177215189874,6.329113924050633,81.0126582278481
E00053967,293,68,33,35,225,15,210,23.208191126279864,11.262798634812286,11.945392491467576,76.79180887372013,5.1194539249146755,71.67235494880546
E00053968,363,106,54,52,257,15,242,29.201101928374655,14.87603305785124,14.325068870523417,70.79889807162535,4.132231404958678,66.66666666666666
E00053969,244,36,12,24,208,21,187,14.754098360655737,4.918032786885246,9.836065573770492,85.24590163934425,8.60655737704918,76.63934426229508
E00053970,276,39,14,25,237,40,197,14.130434782608695,5.072463768115942,9.057971014492754,85.86956521739131,14.492753623188406,71.37681159420289
E00053971,286,35,11,24,251,22,229,12.237762237762238,3.8461538461538463,8.391608391608392,87.76223776223776,7.6923076923076925,80.06993006993007
E00053972,283,25,8,17,258,24,234,8.8339222614841,2.8268551236749118,6.007067137809187,91.16607773851591,8.480565371024735,82.68551236749117
E00053973,228,75,33,42,153,18,135,32.89473684210527,14.473684210526317,18.421052631578945,67.10526315789474,7.894736842105263,59.210526315789465
E00053974,249,36,7,29,213,20,193,14.457831325301203,2.8112449799196786,11.646586345381527,85.54216867469879,8.032128514056225,77.51004016064257
E00053975,223,51,18,33,172,26,146,22.869955156950674,8.071748878923767,14.798206278026907,77.13004484304933,11.659192825112108,65.47085201793722
E00053976,272,43,15,28,229,26,203,15.808823529411764,5.514705882352941,10.294117647058822,84.19117647058823,9.558823529411764,74.63235294117648
E00053977,291,39,10,29,252,18,234,13.402061855670103,3.436426116838488,9.965635738831615,86.5979381443299,6.185567010309279,80.41237113402062
E00053978,316,52,22,30,264,26,238,16.455696202531644,6.962025316455696,9.49367088607595,83.54430379746836,8.227848101265822,75.31645569620254
E00053979,331,42,10,32,289,35,254,12.688821752265861,3.0211480362537766,9.667673716012084,87.31117824773413,10.574018126888216,76.73716012084593
E00053980,289,72,33,39,217,31,186,24.91349480968858,11.418685121107266,13.494809688581316,75.08650519031141,10.726643598615917,64.3598615916955
E00053981,245,71,25,46,174,28,146,28.97959183673469,10.204081632653061,18.775510204081634,71.0204081632653,11.428571428571429,59.591836734693885
E00053982,298,74,42,32,224,17,207,24.832214765100673,14.093959731543624,10.738255033557047,75.16778523489933,5.704697986577181,69.46308724832215
E00053983,315,38,16,22,277,16,261,12.063492063492063,5.079365079365079,6.984126984126984,87.93650793650794,5.079365079365079,82.85714285714286
E00053984,507,52,31,21,455,7,448,10.256410256410255,6.11439842209073,4.142011834319527,89.74358974358975,1.3806706114398422,88.3629191321499
E00053985,302,46,9,37,256,22,234,15.2317880794702,2.980132450331126,12.251655629139073,84.76821192052981,7.28476821192053,77.48344370860927
E00053986,382,64,38,26,318,18,300,16.75392670157068,9.947643979057592,6.806282722513089,83.24607329842932,4.712041884816754,78.53403141361257
E00053987,604,96,32,64,508,31,477,15.894039735099339,5.298013245033113,10.596026490066226,84.10596026490066,5.132450331125828,78.97350993377484
E00053988,339,71,27,44,268,32,236,20.943952802359885,7.964601769911504,12.979351032448378,79.05604719764013,9.43952802359882,69.6165191740413
E00053989,549,80,40,40,469,11,458,14.571948998178508,7.285974499089254,7.285974499089254,85.42805100182149,2.0036429872495445,83.42440801457195
E00053990,116,36,17,19,80,5,75,31.03448275862069,14.655172413793101,16.379310344827587,68.96551724137932,4.310344827586207,64.65517241379311
E00053991,438,51,27,24,387,9,378,11.643835616438356,6.164383561643835,5.47945205479452,88.35616438356165,2.054794520547945,86.3013698630137
E00053992,270,75,42,33,195,15,180,27.77777777777778,15.555555555555555,12.222222222222221,72.22222222222221,5.555555555555555,66.66666666666666
E00053993,440,65,43,22,375,7,368,14.772727272727273,9.772727272727273,5,85.22727272727273,1.5909090909090908,83.63636363636363
E00053994,261,52,19,33,209,17,192,19.923371647509576,7.2796934865900385,12.643678160919542,80.07662835249042,6.513409961685824,73.5632183908046
E00053995,281,63,26,37,218,15,203,22.419928825622776,9.252669039145907,13.167259786476867,77.58007117437722,5.338078291814947,72.24199288256227
E00053996,340,71,26,45,269,14,255,20.88235294117647,7.647058823529412,13.23529411764706,79.11764705882352,4.117647058823529,75
E00053997,315,56,25,31,259,22,237,17.77777777777778,7.936507936507936,9.841269841269842,82.22222222222221,6.984126984126984,75.23809523809524
E00053998,282,57,16,41,225,25,200,20.212765957446805,5.673758865248227,14.539007092198581,79.7872340425532,8.865248226950355,70.92198581560284
E00053999,432,70,25,45,362,38,324,16.203703703703702,5.787037037037037,10.416666666666668,83.79629629629629,8.796296296296296,75
E00054000,318,49,22,27,269,25,244,15.40880503144654,6.918238993710692,8.49056603773585,84.59119496855347,7.861635220125786,76.72955974842768
E00054001,246,50,22,28,196,25,171,20.32520325203252,8.94308943089431,11.38211382113821,79.67479674796748,10.16260162601626,69.51219512195121
E00054002,311,33,11,22,278,23,255,10.610932475884244,3.536977491961415,7.07395498392283,89.38906752411575,7.395498392282958,81.9935691318328
E00054003,283,38,18,20,245,25,220,13.427561837455832,6.36042402826855,7.06713780918728,86.57243816254417,8.8339222614841,77.73851590106007
E00054004,171,40,17,23,131,9,122,23.391812865497073,9.941520467836257,13.450292397660817,76.60818713450293,5.263157894736842,71.34502923976608
E00054005,317,54,17,37,263,21,242,17.034700315457414,5.3627760252365935,11.67192429022082,82.96529968454259,6.624605678233439,76.34069400630915
E00054006,279,51,19,32,228,11,217,18.27956989247312,6.810035842293908,11.469534050179211,81.72043010752688,3.942652329749104,77.77777777777779
E00054007,134,15,3,12,119,19,100,11.194029850746269,2.2388059701492535,8.955223880597014,88.80597014925374,14.17910447761194,74.6268656716418
E00054008,261,37,11,26,224,18,206,14.17624521072797,4.21455938697318,9.961685823754788,85.82375478927203,6.896551724137931,78.9272030651341
E00054009,299,38,16,22,261,33,228,12.709030100334449,5.351170568561873,7.357859531772576,87.29096989966555,11.036789297658862,76.2541806020067
E00054011,306,45,15,30,261,31,230,14.705882352941178,4.901960784313726,9.803921568627452,85.29411764705883,10.130718954248366,75.16339869281046
E00054012,289,44,18,26,245,11,234,15.22491349480969,6.228373702422145,8.996539792387544,84.77508650519032,3.8062283737024223,80.96885813148789
E00054013,469,76,32,44,393,42,351,16.204690831556505,6.823027718550106,9.381663113006397,83.7953091684435,8.955223880597014,74.84008528784648
E00054014,321,50,15,35,271,25,246,15.57632398753894,4.672897196261682,10.903426791277258,84.42367601246106,7.78816199376947,76.63551401869158
E00054015,354,55,19,36,299,15,284,15.53672316384181,5.367231638418079,10.16949152542373,84.4632768361582,4.23728813559322,80.22598870056498
E00054016,452,45,17,28,407,28,379,9.955752212389381,3.761061946902655,6.1946902654867255,90.04424778761062,6.1946902654867255,83.8495575221239
E00054017,337,64,27,37,273,30,243,18.991097922848667,8.011869436201781,10.979228486646884,81.00890207715133,8.902077151335313,72.10682492581603
E00054019,428,61,22,39,367,27,340,14.252336448598129,5.14018691588785,9.11214953271028,85.74766355140187,6.308411214953271,79.43925233644859
E00054020,473,73,30,43,400,13,387,15.433403805496829,6.342494714587738,9.090909090909092,84.56659619450318,2.748414376321353,81.81818181818183
E00054021,552,68,41,27,484,9,475,12.318840579710146,7.427536231884058,4.891304347826087,87.68115942028986,1.6304347826086956,86.05072463768117
E00054022,344,46,19,27,298,13,285,13.372093023255813,5.523255813953488,7.848837209302325,86.62790697674419,3.77906976744186,82.84883720930233
E00054023,392,60,29,31,332,5,327,15.306122448979592,7.3979591836734695,7.908163265306123,84.6938775510204,1.2755102040816326,83.41836734693877
E00054024,388,56,30,26,332,16,316,14.432989690721648,7.731958762886598,6.701030927835052,85.56701030927834,4.123711340206185,81.44329896907216
E00054025,511,60,30,30,451,7,444,11.741682974559687,5.870841487279844,5.870841487279844,88.25831702544032,1.36986301369863,86.88845401174167
E00054026,396,61,34,27,335,5,330,15.404040404040403,8.585858585858585,6.8181818181818175,84.59595959595958,1.2626262626262625,83.33333333333334
E00054027,297,48,26,22,249,25,224,16.161616161616163,8.754208754208754,7.4074074074074066,83.83838383838383,8.417508417508419,75.42087542087542
E00054028,489,43,22,21,446,7,439,8.793456032719837,4.4989775051124745,4.294478527607362,91.20654396728017,1.4314928425357873,89.77505112474438
E00054029,487,67,20,47,420,50,370,13.75770020533881,4.1067761806981515,9.650924024640657,86.242299794661193,10.266940451745379,75.97535934291582
E00054030,166,56,33,23,110,10,100,33.734939759036145,19.879518072289155,13.855421686746988,66.26506024096386,6.024096385542169,60.24096385542169
E00054031,352,61,22,39,291,10,281,17.329545454545457,6.25,11.079545454545455,82.67045454545455,2.840909090909091,79.82954545454545
E00054032,278,85,50,35,193,11,182,30.575539568345324,17.985611510791365,12.589928057553957,69.42446043165468,3.9568345323741005,65.46762589928058
E00054033,267,44,25,19,223,20,203,16.479400749063668,9.363295880149813,7.116104868913857,83.52059925093633,7.490636704119851,76.02996254681648
E00054034,438,94,39,55,344,34,310,21.461187214611872,8.904109589041095,12.557077625570775,78.53881278538812,7.76255707762557,70.77625570776256
E00054035,199,37,4,33,162,18,144,18.592964824120603,2.0100502512562812,16.582914572864322,81.4070351758794,9.045226130653267,72.36180904522614
E00054036,416,92,33,59,324,24,300,22.115384615384613,7.9326923076923075,14.182692307692307,77.88461538461539,5.769230769230769,72.11538461538461
E00054037,369,74,24,50,295,22,273,20.05420054200542,6.504065040650407,13.550135501355012,79.94579945799458,5.9620596205962055,73.98373983739837
E00054038,236,84,51,33,152,9,143,35.59322033898305,21.610169491525426,13.983050847457626,64.40677966101694,3.8135593220338984,60.59322033898306
E00054039,278,70,31,39,208,14,194,25.179856115107913,11.151079136690647,14.028776978417264,74.82014388489209,5.0359712230215825,69.7841726618705
E00054040,549,90,36,54,459,21,438,16.39344262295082,6.557377049180328,9.836065573770492,83.60655737704919,3.825136612021858,79.78142076502732
E00054041,508,67,26,41,441,9,432,13.188976377952756,5.118110236220472,8.070866141732283,86.81102362204724,1.7716535433070866,85.03937007874016
E00054042,196,73,37,36,123,7,116,37.244897959183675,18.877551020408163,18.367346938775512,62.755102040816325,3.571428571428571,59.183673469387756
E00054043,228,78,42,36,150,8,142,34.21052631578947,18.421052631578945,15.789473684210526,65.78947368421053,3.508771929824561,62.28070175438597
E00054044,202,67,28,39,135,7,128,33.16831683168317,13.861386138613863,19.306930693069308,66.83168316831683,3.4653465346534658,63.366336633663366
E00054045,151,74,36,38,77,9,68,49.00662251655629,23.841059602649008,25.165562913907287,50.993377483443716,5.960264900662252,45.033112582781456
E00054046,403,62,23,39,341,9,332,15.384615384615385,5.707196029776675,9.67741935483871,84.61538461538461,2.2332506203473943,82.38213399503722
E00054047,487,75,35,40,412,18,394,15.400410677618071,7.186858316221765,8.213552361396303,84.59958932238193,3.696098562628337,80.9034907597536
E00054048,459,62,24,38,397,10,387,13.507625272331156,5.228758169934641,8.278867102396514,86.49237472766885,2.178649237472767,84.31372549019608
E00054049,333,64,29,35,269,15,254,19.21921921921922,8.708708708708707,10.51051051051051,80.78078078078079,4.504504504504505,76.27627627627628
E00054050,267,47,26,21,220,15,205,17.60299625468165,9.737827715355806,7.865168539325842,82.39700374531836,5.617977528089887,76.77902621722846
E00054051,283,39,19,20,244,30,214,13.780918727915195,6.713780918727916,7.06713780918728,86.21908127208481,10.60070671378092,75.61837455830388
E00054052,321,54,13,41,267,21,246,16.822429906542055,4.049844236760125,12.77258566978193,83.17757009345794,6.5420560747663545,76.63551401869158
E00054053,310,66,26,40,244,14,230,21.29032258064516,8.38709677419355,12.903225806451612,78.70967741935485,4.516129032258064,74.19354838709677
E00054054,302,45,22,23,257,22,235,14.90066225165563,7.28476821192053,7.6158940397351,85.09933774834437,7.28476821192053,77.81456953642383
E00054055,278,46,13,33,232,20,212,16.546762589928058,4.676258992805756,11.870503597122301,83.45323741007195,7.1942446043165464,76.2589928057554
E00054056,227,65,35,30,162,9,153,28.634361233480178,15.418502202643172,13.215859030837004,71.36563876651982,3.9647577092511015,67.40088105726872
E00054057,283,74,34,40,209,15,194,26.148409893992934,12.014134275618375,14.13427561837456,73.85159010600707,5.30035335689046,68.55123674911661
E00054058,298,42,18,24,256,14,242,14.093959731543624,6.0402684563758395,8.053691275167784,85.90604026845638,4.697986577181208,81.20805369127517
E00054059,428,79,38,41,349,19,330,18.457943925233643,8.878504672897195,9.579439252336448,81.54205607476635,4.439252336448598,77.10280373831776
E00054060,269,38,17,21,231,23,208,14.12639405204461,6.319702602230483,7.806691449814126,85.87360594795538,8.550185873605948,77.32342007434944
E00054061,259,58,34,24,201,20,181,22.393822393822393,13.127413127413126,9.266409266409266,77.60617760617761,7.722007722007722,69.88416988416989
E00054062,319,54,17,37,265,30,235,16.927899686520377,5.329153605015674,11.598746081504702,83.07210031347962,9.404388714733543,73.66771159874608
E00054063,235,45,16,29,190,19,171,19.148936170212767,6.808510638297872,12.340425531914894,80.85106382978722,8.085106382978724,72.76595744680851
E00054064,511,115,45,70,396,33,363,22.504892367906066,8.806262230919765,13.698630136986301,77.49510763209393,6.457925636007827,71.0371819960861
E00054065,215,47,22,25,168,14,154,21.86046511627907,10.232558139534884,11.627906976744185,78.13953488372093,6.511627906976744,71.62790697674419
E00054066,350,72,42,30,278,18,260,20.57142857142857,12,8.571428571428571,79.42857142857143,5.142857142857142,74.28571428571429
E00054067,229,45,18,27,184,18,166,19.65065502183406,7.860262008733625,11.790393013100436,80.34934497816593,7.860262008733625,72.48908296943232
E00054068,163,83,59,24,80,9,71,50.920245398773,36.19631901840491,14.723926380368098,49.079754601226995,5.521472392638037,43.558282208588956
E00054069,538,113,59,54,425,23,402,21.00371747211896,10.966542750929369,10.037174721189592,78.99628252788105,4.275092936802974,74.72118959107806
E00054070,301,69,30,39,232,24,208,22.92358803986711,9.966777408637874,12.956810631229235,77.0764119601329,7.973421926910299,69.10299003322258
E00054071,371,91,42,49,280,18,262,24.528301886792452,11.320754716981133,13.20754716981132,75.47169811320755,4.8517520215633425,70.61994609164421
E00054072,311,70,38,32,241,29,212,22.508038585209004,12.218649517684888,10.289389067524116,77.491961414791,9.32475884244373,68.16720257234726
E00054073,252,69,34,35,183,16,167,27.380952380952383,13.492063492063492,13.88888888888889,72.61904761904762,6.349206349206349,66.26984126984127
E00054074,171,53,36,17,118,8,110,30.994152046783626,21.052631578947366,9.941520467836257,69.00584795321637,4.678362573099415,64.32748538011695
E00054075,227,72,31,41,155,21,134,31.718061674008812,13.656387665198238,18.06167400881057,68.28193832599119,9.251101321585903,59.03083700440529
E00054076,328,69,34,35,259,22,237,21.036585365853657,10.365853658536585,10.670731707317072,78.96341463414635,6.707317073170732,72.2560975609756
E00054077,359,47,16,31,312,8,304,13.09192200557103,4.456824512534819,8.635097493036211,86.90807799442896,2.2284122562674096,84.67966573816156
E00054078,293,44,19,25,249,18,231,15.017064846416384,6.484641638225256,8.532423208191126,84.98293515358361,6.143344709897611,78.839590443686
E00054079,270,52,19,33,218,22,196,19.25925925925926,7.037037037037037,12.222222222222221,80.74074074074075,8.148148148148149,72.5925925925926
E00054080,417,77,39,38,340,17,323,18.465227817745802,9.352517985611511,9.112709832134293,81.5347721822542,4.07673860911271,77.45803357314148
E00054082,245,80,30,50,165,13,152,32.6530612244898,12.244897959183673,20.408163265306122,67.3469387755102,5.3061224489795915,62.04081632653061
E00054083,532,82,44,38,450,8,442,15.413533834586465,8.270676691729323,7.142857142857142,84.58646616541353,1.5037593984962405,83.0827067669173
E00054084,415,79,30,49,336,33,303,19.03614457831325,7.228915662650602,11.80722891566265,80.96385542168674,7.951807228915662,73.01204819277109
E00054085,463,107,65,42,356,20,336,23.110151187904968,14.038876889848812,9.071274298056156,76.88984881209502,4.319654427645788,72.57019438444925
E00054086,518,64,28,36,454,9,445,12.355212355212355,5.405405405405405,6.94980694980695,87.64478764478764,1.7374517374517375,85.9073359073359
E00054087,362,79,45,34,283,23,260,21.823204419889503,12.430939226519337,9.392265193370166,78.1767955801105,6.353591160220995,71.8232044198895
E00054088,311,82,40,42,229,12,217,26.366559485530544,12.861736334405144,13.504823151125404,73.63344051446946,3.858520900321544,69.77491961414792
E00054089,329,73,50,23,256,5,251,22.188449848024316,15.19756838905775,6.990881458966565,77.81155015197568,1.5197568389057752,76.29179331306992
E00054090,295,91,42,49,204,7,197,30.847457627118647,14.237288135593221,16.610169491525422,69.15254237288136,2.3728813559322033,66.77966101694915
E00054091,349,53,35,18,296,17,279,15.18624641833811,10.028653295128938,5.157593123209169,84.81375358166189,4.871060171919771,79.94269340974212
E00054092,233,82,53,29,151,5,146,35.1931330472103,22.746781115879827,12.446351931330472,64.8068669527897,2.1459227467811157,62.66094420600859
E00054093,398,43,24,19,355,12,343,10.804020100502512,6.030150753768844,4.773869346733668,89.19597989949749,3.015075376884422,86.18090452261306
E00054094,585,65,37,28,520,8,512,11.11111111111111,6.3247863247863245,4.786324786324787,88.88888888888889,1.3675213675213675,87.52136752136752
E00054095,391,48,21,27,343,8,335,12.27621483375959,5.3708439897698215,6.905370843989769,87.7237851662404,2.0460358056265986,85.6777493606138
E00054096,433,69,47,22,364,12,352,15.935334872979215,10.854503464203233,5.080831408775981,84.06466512702079,2.771362586605081,81.2933025404157
E00054097,418,93,48,45,325,15,310,22.248803827751196,11.483253588516746,10.76555023923445,77.75119617224881,3.588516746411483,74.16267942583733
E00054098,228,69,33,36,159,7,152,30.263157894736842,14.473684210526317,15.789473684210526,69.73684210526315,3.070175438596491,66.66666666666666
E00054099,259,68,29,39,191,18,173,26.254826254826252,11.196911196911197,15.057915057915059,73.74517374517374,6.94980694980695,66.79536679536679
E00054100,291,69,34,35,222,21,201,23.711340206185564,11.683848797250858,12.027491408934708,76.28865979381443,7.216494845360824,69.0721649484536
E00054101,301,85,40,45,216,23,193,28.23920265780731,13.2890365448505,14.950166112956811,71.76079734219269,7.641196013289036,64.11960132890366
E00054102,259,46,16,30,213,20,193,17.760617760617762,6.177606177606178,11.583011583011583,82.23938223938224,7.722007722007722,74.5173745173745
E00054103,350,86,48,38,264,9,255,24.571428571428573,13.714285714285715,10.857142857142858,75.42857142857143,2.571428571428571,72.85714285714285
E00054104,330,70,33,37,260,14,246,21.21212121212121,10,11.212121212121213,78.78787878787878,4.242424242424243,74.54545454545455
E00054105,235,44,19,25,191,16,175,18.72340425531915,8.085106382978724,10.638297872340425,81.27659574468085,6.808510638297872,74.46808510638297
E00054106,270,56,23,33,214,21,193,20.74074074074074,8.518518518518519,12.222222222222221,79.25925925925927,7.777777777777778,71.48148148148148
E00054107,354,64,39,25,290,18,272,18.07909604519774,11.016949152542372,7.062146892655368,81.92090395480226,5.084745762711865,76.8361581920904
E00054108,342,58,18,40,284,22,262,16.95906432748538,5.263157894736842,11.695906432748536,83.04093567251462,6.432748538011696,76.60818713450293
E00054109,320,41,21,20,279,29,250,12.812499999999998,6.5625,6.25,87.1875,9.0625,78.125
E00054110,253,38,15,23,215,11,204,15.019762845849801,5.928853754940711,9.090909090909092,84.98023715415019,4.3478260869565215,80.63241106719367
E00054111,379,53,22,31,326,36,290,13.984168865435356,5.804749340369393,8.179419525065963,86.01583113456465,9.498680738786279,76.51715039577837
E00054112,339,73,28,45,266,38,228,21.533923303834808,8.259587020648967,13.274336283185843,78.46607669616519,11.209439528023598,67.2566371681416
E00054113,272,57,24,33,215,23,192,20.955882352941178,8.823529411764707,12.132352941176471,79.04411764705883,8.455882352941178,70.58823529411765
E00054114,440,59,19,40,381,49,332,13.40909090909091,4.318181818181818,9.090909090909092,86.5909090909091,11.136363636363637,75.45454545454545
E00054115,391,67,23,44,324,23,301,17.135549872122763,5.88235294117647,11.253196930946292,82.86445012787725,5.88235294117647,76.98209718670077
E00054116,327,60,30,30,267,39,228,18.34862385321101,9.174311926605505,9.174311926605505,81.65137614678899,11.926605504587156,69.72477064220183
E00054117,410,155,115,40,255,19,236,37.80487804878049,28.04878048780488,9.75609756097561,62.19512195121951,4.634146341463414,57.56097560975609
E00054118,284,65,33,32,219,23,196,22.887323943661972,11.619718309859154,11.267605633802818,77.11267605633803,8.098591549295776,69.01408450704226
E00054119,444,67,32,35,377,30,347,15.090090090090092,7.207207207207207,7.882882882882883,84.90990990990991,6.756756756756757,78.15315315315316
E00054120,451,59,25,34,392,13,379,13.082039911308204,5.543237250554324,7.5388026607538805,86.91796008869179,2.882483370288248,84.03547671840354
E00054121,616,85,57,28,531,18,513,13.7987012987013,9.253246753246753,4.545454545454546,86.2012987012987,2.922077922077922,83.27922077922078
E00054122,256,53,27,26,203,15,188,20.703125,10.546875,10.15625,79.296875,5.859375,73.4375
E00054123,320,53,12,41,267,21,246,16.5625,3.75,12.812499999999998,83.4375,6.5625,76.875
E00054124,409,59,31,28,350,12,338,14.425427872860636,7.579462102689487,6.845965770171149,85.57457212713936,2.93398533007335,82.64058679706602
E00054125,325,65,28,37,260,5,255,20,8.615384615384615,11.384615384615385,80,1.5384615384615385,78.46153846153847
E00054126,337,68,29,39,269,10,259,20.178041543026705,8.605341246290802,11.572700296735905,79.82195845697329,2.967359050445104,76.8545994065282
E00054127,395,71,37,34,324,14,310,17.974683544303797,9.367088607594937,8.60759493670886,82.02531645569621,3.5443037974683547,78.48101265822784
E00054128,335,49,21,28,286,11,275,14.626865671641792,6.26865671641791,8.358208955223882,85.37313432835822,3.2835820895522385,82.08955223880598
E00054129,425,50,25,25,375,9,366,11.76470588235294,5.88235294117647,5.88235294117647,88.23529411764706,2.1176470588235294,86.11764705882354
E00054130,490,76,34,42,414,14,400,15.510204081632653,6.938775510204081,8.571428571428571,84.48979591836735,2.857142857142857,81.63265306122449
E00054132,212,38,24,14,174,6,168,17.92452830188679,11.320754716981133,6.60377358490566,82.0754716981132,2.8301886792452833,79.24528301886792
E00054133,274,47,23,24,227,12,215,17.153284671532848,8.394160583941606,8.75912408759124,82.84671532846716,4.37956204379562,78.46715328467153
E00054134,538,68,39,29,470,14,456,12.639405204460965,7.24907063197026,5.390334572490707,87.36059479553904,2.6022304832713754,84.75836431226766
E00054135,463,92,47,45,371,17,354,19.870410367170628,10.151187904967603,9.719222462203025,80.12958963282938,3.6717062634989204,76.45788336933045
E00054136,489,55,28,27,434,15,419,11.247443762781186,5.725971370143149,5.521472392638037,88.75255623721881,3.067484662576687,85.68507157464212
E00054137,408,42,22,20,366,37,329,10.294117647058822,5.392156862745098,4.901960784313726,89.70588235294117,9.068627450980392,80.63725490196079
E00054139,534,62,39,23,472,26,446,11.610486891385769,7.303370786516854,4.307116104868914,88.38951310861424,4.868913857677903,83.52059925093633
E00054140,450,50,25,25,400,11,389,11.11111111111111,5.555555555555555,5.555555555555555,88.88888888888889,2.4444444444444446,86.44444444444444
E00054141,499,66,38,28,433,17,416,13.226452905811623,7.615230460921844,5.61122244488978,86.77354709418837,3.406813627254509,83.36673346693387
E00054142,376,53,28,25,323,13,310,14.095744680851062,7.446808510638298,6.648936170212766,85.90425531914893,3.4574468085106385,82.4468085106383
E00054143,446,65,40,25,381,27,354,14.573991031390134,8.968609865470851,5.605381165919283,85.42600896860986,6.053811659192825,79.37219730941703
E00054144,487,91,62,29,396,8,388,18.68583162217659,12.73100616016427,5.95482546201232,81.3141683778234,1.642710472279261,79.67145790554414
E00054145,474,50,25,25,424,8,416,10.548523206751055,5.274261603375527,5.274261603375527,89.45147679324894,1.6877637130801686,87.76371308016878
E00054146,330,65,33,32,265,9,256,19.696969696969695,10,9.696969696969697,80.3030303030303,2.727272727272727,77.57575757575758
E00054147,548,68,38,30,480,7,473,12.408759124087592,6.934306569343065,5.474452554744526,87.59124087591242,1.2773722627737227,86.3138686131387
E00054148,587,78,43,35,509,28,481,13.287904599659283,7.325383304940375,5.9625212947189095,86.71209540034071,4.770017035775128,81.94207836456559
E00054149,459,58,29,29,401,11,390,12.636165577342048,6.318082788671024,6.318082788671024,87.36383442265794,2.3965141612200433,84.9673202614379
E00054150,312,74,49,25,238,6,232,23.717948717948715,15.705128205128204,8.012820512820513,76.28205128205127,1.9230769230769231,74.35897435897436
E00054151,367,56,32,24,311,14,297,15.258855585831062,8.71934604904632,6.539509536784741,84.74114441416893,3.8147138964577656,80.92643051771117
E00054152,508,67,28,39,441,7,434,13.188976377952756,5.511811023622047,7.677165354330709,86.81102362204724,1.3779527559055118,85.43307086614173
E00054153,525,67,39,28,458,6,452,12.761904761904763,7.428571428571429,5.333333333333334,87.23809523809524,1.1428571428571428,86.09523809523809
E00054154,583,76,42,34,507,17,490,13.036020583190394,7.204116638078903,5.831903945111493,86.9639794168096,2.9159519725557463,84.04802744425386
E00054155,463,69,34,35,394,10,384,14.902807775377969,7.343412526997841,7.559395248380129,85.09719222462203,2.159827213822894,82.93736501079914
E00054156,185,47,20,27,138,7,131,25.405405405405407,10.81081081081081,14.594594594594595,74.5945945945946,3.783783783783784,70.8108108108108
E00054158,151,37,17,20,114,2,112,24.503311258278146,11.258278145695364,13.245033112582782,75.49668874172185,1.3245033112582782,74.17218543046357
E00054160,198,48,26,22,150,6,144,24.242424242424242,13.131313131313133,11.11111111111111,75.75757575757575,3.0303030303030303,72.72727272727273
E00054161,203,62,31,31,141,11,130,30.541871921182267,15.270935960591133,15.270935960591133,69.45812807881774,5.41871921182266,64.03940886699507
E00054162,539,126,77,49,413,9,404,23.376623376623375,14.285714285714285,9.090909090909092,76.62337662337663,1.6697588126159555,74.95361781076066
E00054163,513,58,23,35,455,10,445,11.306042884990253,4.483430799220272,6.82261208576998,88.69395711500975,1.949317738791423,86.74463937621833
E00054164,249,72,39,33,177,9,168,28.915662650602407,15.66265060240964,13.253012048192772,71.08433734939759,3.614457831325301,67.46987951807229
E00054165,208,59,20,39,149,16,133,28.365384615384613,9.615384615384617,18.75,71.63461538461539,7.6923076923076925,63.942307692307686
E00054166,429,54,19,35,375,19,356,12.587412587412588,4.428904428904429,8.158508158508159,87.41258741258741,4.428904428904429,82.98368298368298
E00054167,365,67,31,36,298,21,277,18.356164383561644,8.493150684931507,9.863013698630137,81.64383561643835,5.7534246575342465,75.89041095890411
E00054169,387,57,29,28,330,13,317,14.728682170542637,7.493540051679587,7.235142118863049,85.27131782945736,3.359173126614987,81.91214470284238
E00054170,319,43,17,26,276,22,254,13.479623824451412,5.329153605015674,8.150470219435736,86.52037617554859,6.896551724137931,79.62382445141067
E00054171,377,58,29,29,319,4,315,15.384615384615385,7.6923076923076925,7.6923076923076925,84.61538461538461,1.0610079575596816,83.55437665782493
E00054172,387,68,41,27,319,2,317,17.571059431524546,10.594315245478036,6.976744186046512,82.42894056847545,0.516795865633075,81.91214470284238
E00054173,319,67,37,30,252,2,250,21.003134796238246,11.598746081504702,9.404388714733543,78.99686520376176,0.6269592476489028,78.36990595611285
E00054174,419,65,34,31,354,19,335,15.513126491646778,8.1145584725537,7.398568019093078,84.48687350835323,4.534606205250596,79.95226730310262
E00054175,220,40,19,21,180,15,165,18.181818181818183,8.636363636363637,9.545454545454547,81.81818181818183,6.8181818181818175,75
E00054176,382,80,29,51,302,16,286,20.94240837696335,7.591623036649215,13.350785340314136,79.05759162303664,4.18848167539267,74.86910994764398
E00054177,348,55,27,28,293,14,279,15.804597701149426,7.758620689655173,8.045977011494253,84.19540229885058,4.022988505747127,80.17241379310344
E00054178,347,68,34,34,279,26,253,19.596541786743515,9.798270893371757,9.798270893371757,80.403458213256485,7.492795389048991,72.91066282420749
E00054179,286,70,32,38,216,26,190,24.475524475524477,11.188811188811188,13.286713286713287,75.52447552447552,9.090909090909092,66.43356643356644
E00054180,269,59,28,31,210,10,200,21.933085501858738,10.408921933085502,11.524163568773234,78.06691449814126,3.717472118959108,74.34944237918215
E00054181,319,58,26,32,261,35,226,18.181818181818183,8.150470219435736,10.031347962382444,81.81818181818183,10.9717868338558,70.84639498432603
E00054182,254,42,19,23,212,13,199,16.535433070866144,7.480314960629922,9.05511811023622,83.46456692913385,5.118110236220472,78.34645669291339
E00054183,221,59,35,24,162,17,145,26.69683257918552,15.837104072398189,10.85972850678733,73.303167420814475,7.6923076923076925,65.61085972850678
E00054184,178,62,25,37,116,9,107,34.831460674157306,14.04494382022472,20.786516853932586,65.1685393258427,5.056179775280898,60.1123595505618
E00054185,280,61,28,33,219,20,199,21.785714285714285,10,11.785714285714285,78.21428571428571,7.142857142857142,71.07142857142857
E00054186,267,53,27,26,214,15,199,19.850187265917604,10.112359550561797,9.737827715355806,80.14981273408239,5.617977528089887,74.53183520599251
E00054187,281,57,26,31,224,18,206,20.284697508896798,9.252669039145907,11.032028469750891,79.7153024911032,6.405693950177936,73.30960854092527
E00054188,252,53,18,35,199,28,171,21.03174603174603,7.142857142857142,13.88888888888889,78.96825396825396,11.11111111111111,67.85714285714286
E00054189,347,84,45,39,263,13,250,24.207492795389047,12.968299711815561,11.239193083573488,75.79250720461094,3.7463976945244957,72.04610951008645
E00054190,314,86,40,46,228,14,214,27.388535031847134,12.738853503184714,14.64968152866242,72.61146496815286,4.45859872611465,68.15286624203821
E00054191,294,62,26,36,232,25,207,21.08843537414966,8.843537414965986,12.244897959183673,78.91156462585033,8.503401360544217,70.40816326530613
E00054192,364,68,41,27,296,20,276,18.681318681318682,11.263736263736265,7.417582417582418,81.31868131868131,5.4945054945054945,75.82417582417582
E00054193,230,68,35,33,162,9,153,29.565217391304348,15.217391304347828,14.347826086956522,70.43478260869566,3.91304347826087,66.52173913043478
E00054194,302,51,20,31,251,24,227,16.887417218543046,6.622516556291391,10.264900662251655,83.11258278145695,7.9470198675496695,75.16556291390728
E00054195,279,53,17,36,226,17,209,18.996415770609318,6.093189964157706,12.903225806451612,81.00358422939068,6.093189964157706,74.91039426523297
E00054196,301,51,17,34,250,22,228,16.943521594684384,5.647840531561462,11.295681063122924,83.05647840531562,7.308970099667775,75.74750830564784
E00054197,282,54,30,24,228,23,205,19.148936170212767,10.638297872340425,8.51063829787234,80.85106382978722,8.156028368794328,72.69503546099291
E00054198,290,62,24,38,228,13,215,21.379310344827587,8.275862068965518,13.10344827586207,78.62068965517241,4.482758620689655,74.13793103448276
E00054199,327,50,19,31,277,20,257,15.29051987767584,5.81039755351682,9.480122324159021,84.70948012232415,6.116207951070336,78.59327217125383
E00054200,259,48,21,27,211,17,194,18.53281853281853,8.108108108108109,10.424710424710424,81.46718146718148,6.563706563706563,74.9034749034749
E00054201,317,51,13,38,266,23,243,16.08832807570978,4.100946372239748,11.987381703470032,83.91167192429022,7.255520504731862,76.65615141955836
E00054202,246,34,10,24,212,23,189,13.821138211382115,4.0650406504065035,9.75609756097561,86.1788617886179,9.34959349593496,76.82926829268293
E00054203,273,66,35,31,207,10,197,24.175824175824175,12.82051282051282,11.355311355311356,75.82417582417582,3.6630036630036633,72.16117216117216
E00054204,332,47,18,29,285,18,267,14.156626506024098,5.421686746987952,8.734939759036145,85.8433734939759,5.421686746987952,80.42168674698796
E00054205,254,46,18,28,208,16,192,18.11023622047244,7.086614173228346,11.023622047244094,81.88976377952756,6.299212598425196,75.59055118110236
E00054206,233,103,54,49,130,18,112,44.20600858369099,23.17596566523605,21.030042918454935,55.793991416309005,7.725321888412018,48.068669527896994
E00054207,381,43,22,21,338,1,337,11.286089238845145,5.774278215223097,5.511811023622047,88.71391076115486,0.26246719160104987,88.4514435695538
E00054209,501,74,39,35,427,10,417,14.770459081836327,7.784431137724551,6.986027944111776,85.22954091816366,1.996007984031936,83.23353293413174
E00054210,453,61,36,25,392,15,377,13.46578366445916,7.9470198675496695,5.518763796909492,86.53421633554083,3.3112582781456954,83.22295805739515
E00054211,430,36,21,15,394,8,386,8.372093023255815,4.883720930232558,3.488372093023256,91.62790697674419,1.8604651162790697,89.76744186046511
E00054212,602,77,39,38,525,11,514,12.790697674418606,6.4784053156146175,6.312292358803987,87.20930232558139,1.8272425249169437,85.38205980066445
E00054213,334,47,27,20,287,10,277,14.071856287425149,8.08383233532934,5.9880239520958085,85.92814371257485,2.9940119760479043,82.93413173652695
E00054214,329,47,26,21,282,10,272,14.285714285714285,7.90273556231003,6.382978723404255,85.71428571428571,3.0395136778115504,82.67477203647417
E00054215,338,91,46,45,247,8,239,26.923076923076923,13.609467455621301,13.313609467455622,73.07692307692307,2.366863905325444,70.71005917159763
E00054216,460,60,38,22,400,12,388,13.043478260869565,8.26086956521739,4.782608695652174,86.95652173913044,2.608695652173913,84.34782608695653
E00054217,405,72,39,33,333,11,322,17.77777777777778,9.62962962962963,8.148148148148149,82.22222222222221,2.7160493827160495,79.50617283950618
E00054218,467,55,34,21,412,8,404,11.777301927194861,7.28051391862955,4.496788008565311,88.22269807280514,1.7130620985010707,86.50963597430406
E00054219,455,70,34,36,385,16,369,15.384615384615385,7.472527472527473,7.9120879120879115,84.61538461538461,3.5164835164835164,81.0989010989011
E00054220,446,62,40,22,384,14,370,13.901345291479823,8.968609865470851,4.932735426008969,86.09865470852019,3.1390134529147984,82.95964125560538
E00054221,417,49,23,26,368,14,354,11.750599520383693,5.515587529976019,6.235011990407674,88.2494004796163,3.357314148681055,84.89208633093526
E00054222,270,62,34,28,208,8,200,22.962962962962962,12.592592592592592,10.37037037037037,77.03703703703704,2.9629629629629632,74.07407407407408
E00054223,426,54,25,29,372,18,354,12.676056338028168,5.868544600938967,6.807511737089202,87.32394366197182,4.225352112676056,83.09859154929578
E00054224,301,56,25,31,245,11,234,18.6046511627907,8.305647840531561,10.299003322259136,81.3953488372093,3.6544850498338874,77.74086378737542
E00054226,327,54,28,26,273,17,256,16.51376146788991,8.56269113149847,7.951070336391437,83.4862385321101,5.198776758409786,78.2874617737003
E00054227,292,39,14,25,253,24,229,13.356164383561644,4.794520547945205,8.561643835616438,86.64383561643835,8.21917808219178,78.42465753424658
E00054228,384,48,16,32,336,37,299,12.5,4.166666666666666,8.333333333333332,87.5,9.635416666666668,77.86458333333334
E00054229,356,46,20,26,310,25,285,12.921348314606742,5.617977528089887,7.303370786516854,87.07865168539325,7.02247191011236,80.0561797752809
E00054231,297,54,27,27,243,23,220,18.181818181818183,9.090909090909092,9.090909090909092,81.81818181818183,7.744107744107744,74.07407407407408
E00054232,294,56,23,33,238,21,217,19.047619047619047,7.8231292517006805,11.224489795918368,80.95238095238095,7.142857142857142,73.80952380952381
E00054233,334,60,23,37,274,30,244,17.964071856287426,6.88622754491018,11.077844311377245,82.03592814371258,8.982035928143713,73.05389221556887
E00054234,361,56,24,32,305,22,283,15.512465373961218,6.64819944598338,8.86426592797784,84.48753462603878,6.094182825484765,78.39335180055402
E00054235,258,36,15,21,222,16,206,13.953488372093023,5.813953488372093,8.13953488372093,86.04651162790698,6.2015503875969,79.84496124031007
E00054236,260,51,30,21,209,13,196,19.615384615384617,11.538461538461538,8.076923076923077,80.38461538461539,5,75.38461538461539
E00054237,322,59,16,43,263,26,237,18.32298136645963,4.968944099378882,13.354037267080745,81.67701863354037,8.074534161490684,73.6024844720497
E00054238,349,56,16,40,293,28,265,16.045845272206304,4.584527220630372,11.461318051575931,83.95415472779369,8.022922636103152,75.93123209169055
E00054239,288,49,19,30,239,11,228,17.01388888888889,6.597222222222222,10.416666666666668,82.98611111111111,3.8194444444444446,79.16666666666666
E00054240,318,63,31,32,255,21,234,19.81132075471698,9.748427672955975,10.062893081761008,80.18867924528303,6.60377358490566,73.58490566037736
E00054241,265,39,15,24,226,14,212,14.716981132075471,5.660377358490567,9.056603773584905,85.28301886792453,5.283018867924529,80
E00054242,283,35,18,17,248,23,225,12.36749116607774,6.36042402826855,6.007067137809187,87.63250883392226,8.12720848056537,79.50530035335689
E00054243,239,54,25,29,185,5,180,22.594142259414227,10.460251046025103,12.133891213389122,77.40585774058577,2.092050209205021,75.31380753138075
E00054244,416,95,53,42,321,31,290,22.83653846153846,12.740384615384615,10.096153846153847,77.16346153846155,7.451923076923077,69.71153846153845
E00054245,326,49,23,26,277,20,257,15.030674846625766,7.05521472392638,7.975460122699387,84.96932515337423,6.134969325153374,78.83435582822086
E00054246,348,57,24,33,291,23,268,16.379310344827587,6.896551724137931,9.482758620689655,83.62068965517241,6.609195402298851,77.01149425287356
E00054247,485,92,47,45,393,42,351,18.969072164948454,9.690721649484537,9.278350515463918,81.03092783505154,8.65979381443299,72.37113402061856
E00054248,286,51,25,26,235,31,204,17.832167832167833,8.741258741258742,9.090909090909092,82.16783216783216,10.839160839160838,71.32867132867133
E00054249,356,66,28,38,290,27,263,18.53932584269663,7.865168539325842,10.674157303370785,81.46067415730337,7.584269662921349,73.87640449438202
E00054250,325,26,8,18,299,33,266,8,2.4615384615384617,5.538461538461538,92,10.153846153846153,81.84615384615384
E00054251,345,46,17,29,299,18,281,13.333333333333334,4.9275362318840585,8.405797101449275,86.66666666666667,5.217391304347826,81.44927536231884
E00054252,308,46,20,26,262,14,248,14.935064935064934,6.493506493506493,8.441558441558442,85.06493506493507,4.545454545454546,80.51948051948052
E00054253,273,65,26,39,208,17,191,23.809523809523807,9.523809523809524,14.285714285714285,76.19047619047619,6.227106227106227,69.96336996336996
E00054254,562,92,35,57,470,28,442,16.370106761565836,6.227758007117438,10.142348754448399,83.62989323843416,4.98220640569395,78.64768683274022
E00054255,278,56,28,28,222,22,200,20.14388489208633,10.071942446043165,10.071942446043165,79.85611510791367,7.913669064748201,71.94244604316546
E00054256,309,54,27,27,255,23,232,17.475728155339805,8.737864077669903,8.737864077669903,82.52427184466019,7.443365695792881,75.08090614886731
E00054257,364,71,31,40,293,23,270,19.505494505494507,8.516483516483516,10.989010989010989,80.4945054945055,6.318681318681318,74.17582417582418
E00054258,268,48,17,31,220,18,202,17.91044776119403,6.343283582089552,11.567164179104477,82.08955223880598,6.7164179104477615,75.3731343283582
E00054259,187,74,42,32,113,14,99,39.57219251336899,22.459893048128343,17.11229946524064,60.42780748663101,7.4866310160427805,52.94117647058824
E00054260,237,27,7,20,210,13,197,11.39240506329114,2.9535864978902953,8.438818565400844,88.60759493670885,5.485232067510549,83.12236286919831
E00054261,200,39,19,20,161,13,148,19.5,9.5,10,80.5,6.5,74
E00054262,262,52,20,32,210,20,190,19.84732824427481,7.633587786259542,12.213740458015266,80.1526717557252,7.633587786259542,72.51908396946564
E00054263,272,52,19,33,220,18,202,19.11764705882353,6.985294117647059,12.132352941176471,80.88235294117648,6.61764705882353,74.26470588235294
E00054264,472,74,38,36,398,16,382,15.677966101694915,8.050847457627118,7.627118644067797,84.32203389830508,3.389830508474576,80.9322033898305
E00054265,265,71,51,20,194,15,179,26.79245283018868,19.245283018867926,7.547169811320755,73.20754716981132,5.660377358490567,67.54716981132076
E00054266,257,52,24,28,205,13,192,20.233463035019454,9.33852140077821,10.894941634241246,79.76653696498055,5.058365758754864,74.70817120622569
E00054267,618,113,49,64,505,32,473,18.284789644012946,7.9288025889967635,10.355987055016183,81.71521035598705,5.177993527508091,76.53721682847896
E00054268,329,36,12,24,293,19,274,10.94224924012158,3.64741641337386,7.29483282674772,89.05775075987842,5.775075987841945,83.28267477203647
E00054269,395,65,35,30,330,36,294,16.455696202531644,8.860759493670885,7.59493670886076,83.54430379746836,9.113924050632912,74.43037974683544
E00054270,271,47,19,28,224,23,201,17.343173431734318,7.011070110701106,10.33210332103321,82.65682656826569,8.487084870848708,74.16974169741697
E00054271,377,57,24,33,320,14,306,15.119363395225463,6.36604774535809,8.753315649867375,84.88063660477454,3.7135278514588856,81.16710875331566
E00054272,260,44,19,25,216,16,200,16.923076923076923,7.307692307692308,9.615384615384617,83.07692307692308,6.153846153846154,76.92307692307693
E00054274,290,39,18,21,251,20,231,13.448275862068964,6.206896551724138,7.241379310344828,86.55172413793103,6.896551724137931,79.65517241379311
E00054275,240,42,15,27,198,23,175,17.5,6.25,11.25,82.5,9.583333333333334,72.91666666666666
E00054277,311,57,34,23,254,24,230,18.327974276527332,10.932475884244374,7.395498392282958,81.67202572347267,7.717041800643088,73.95498392282958
E00054278,386,43,17,26,343,35,308,11.139896373056994,4.404145077720207,6.7357512953367875,88.86010362694302,9.067357512953368,79.79274611398964
E00054279,275,33,10,23,242,20,222,12,3.6363636363636362,8.363636363636363,88,7.2727272727272725,80.72727272727272
E00054282,428,65,37,28,363,19,344,15.186915887850466,8.644859813084112,6.5420560747663545,84.81308411214953,4.439252336448598,80.37383177570094
E00054283,334,49,21,28,285,25,260,14.67065868263473,6.287425149700598,8.383233532934131,85.32934131736528,7.48502994011976,77.84431137724552
E00054284,372,78,40,38,294,25,269,20.967741935483872,10.75268817204301,10.21505376344086,79.03225806451613,6.720430107526881,72.31182795698925
E00054285,358,62,28,34,296,16,280,17.318435754189945,7.82122905027933,9.497206703910614,82.68156424581005,4.4692737430167595,78.2122905027933
E00054286,310,44,21,23,266,10,256,14.193548387096774,6.774193548387098,7.419354838709677,85.80645161290322,3.225806451612903,82.58064516129032
E00054287,279,45,22,23,234,14,220,16.129032258064516,7.885304659498208,8.24372759856631,83.87096774193549,5.017921146953405,78.85304659498208
E00054288,299,42,18,24,257,19,238,14.046822742474916,6.0200668896321075,8.02675585284281,85.95317725752508,6.354515050167224,79.59866220735786
E00054289,377,60,22,38,317,21,296,15.915119363395224,5.835543766578249,10.079575596816976,84.08488063660478,5.570291777188329,78.51458885941645
E00054290,347,49,16,33,298,24,274,14.121037463976945,4.610951008645533,9.510086455331413,85.87896253602305,6.9164265129683,78.96253602305475
E00054291,193,34,13,21,159,15,144,17.616580310880828,6.7357512953367875,10.880829015544041,82.38341968911918,7.772020725388601,74.61139896373057
E00054292,260,42,12,30,218,20,198,16.153846153846153,4.615384615384616,11.538461538461538,83.84615384615385,7.6923076923076925,76.15384615384615
E00054293,363,64,25,39,299,23,276,17.63085399449036,6.887052341597796,10.743801652892563,82.36914600550963,6.336088154269973,76.03305785123968
E00054294,489,81,32,49,408,25,383,16.56441717791411,6.5439672801636,10.020449897750511,83.43558282208589,5.112474437627812,78.32310838445807
E00054295,265,37,16,21,228,23,205,13.962264150943396,6.037735849056604,7.9245283018867925,86.0377358490566,8.679245283018867,77.35849056603774
E00054296,292,52,20,32,240,26,214,17.80821917808219,6.8493150684931505,10.95890410958904,82.1917808219178,8.904109589041095,73.28767123287672
E00054297,384,44,12,32,340,26,314,11.458333333333332,3.125,8.333333333333332,88.54166666666666,6.770833333333333,81.77083333333334
E00054298,258,85,56,29,173,16,157,32.945736434108525,21.705426356589147,11.24031007751938,67.05426356589147,6.2015503875969,60.85271317829457
E00054299,312,33,13,20,279,26,253,10.576923076923077,4.166666666666666,6.41025641025641,89.42307692307693,8.333333333333332,81.08974358974359
E00054300,340,45,16,29,295,33,262,13.23529411764706,4.705882352941177,8.529411764705882,86.76470588235294,9.705882352941178,77.05882352941177
E00054301,267,29,9,20,238,24,214,10.861423220973784,3.3707865168539324,7.490636704119851,89.13857677902621,8.98876404494382,80.14981273408239
E00054302,239,22,6,16,217,22,195,9.205020920502092,2.510460251046025,6.694560669456067,90.7949790794979,9.205020920502092,81.58995815899581
E00054303,309,43,13,30,266,18,248,13.915857605177994,4.207119741100324,9.70873786407767,86.08414239482201,5.825242718446602,80.2588996763754
E00054304,417,62,22,40,355,34,321,14.86810551558753,5.275779376498801,9.59232613908873,85.13189448441247,8.15347721822542,76.97841726618705
E00054305,281,28,12,16,253,30,223,9.9644128113879,4.270462633451958,5.6939501779359425,90.0355871886121,10.676156583629894,79.35943060498221
E00054306,322,40,7,33,282,36,246,12.422360248447205,2.1739130434782608,10.248447204968944,87.5776397515528,11.180124223602485,76.3975155279503
E00054307,295,35,11,24,260,28,232,11.864406779661017,3.728813559322034,8.135593220338983,88.13559322033898,9.491525423728813,78.64406779661017
E00054308,300,28,10,18,272,21,251,9.333333333333334,3.3333333333333335,6,90.66666666666666,7.000000000000001,83.66666666666667
E00054309,386,50,13,37,336,26,310,12.953367875647666,3.3678756476683938,9.585492227979273,87.04663212435233,6.7357512953367875,80.31088082901555
E00054310,259,46,28,18,213,27,186,17.760617760617762,10.81081081081081,6.94980694980695,82.23938223938224,10.424710424710424,71.81467181467181
E00054311,261,42,16,26,219,30,189,16.091954022988507,6.130268199233716,9.961685823754788,83.9080459770115,11.494252873563218,72.41379310344827
E00054312,325,36,10,26,289,37,252,11.076923076923077,3.076923076923077,8,88.92307692307693,11.384615384615385,77.53846153846153
E00054313,366,51,19,32,315,31,284,13.934426229508196,5.191256830601093,8.743169398907105,86.0655737704918,8.469945355191257,77.59562841530054
E00054315,373,66,26,40,307,33,274,17.694369973190348,6.970509383378016,10.723860589812332,82.30563002680965,8.847184986595174,73.45844504021449
E00054316,270,25,8,17,245,24,221,9.25925925925926,2.9629629629629632,6.296296296296296,90.74074074074075,8.88888888888889,81.85185185185185
E00054317,344,50,17,33,294,36,258,14.534883720930234,4.941860465116279,9.593023255813954,85.46511627906976,10.465116279069768,75
E00054318,263,36,16,20,227,20,207,13.688212927756654,6.083650190114068,7.604562737642586,86.31178707224335,7.604562737642586,78.70722433460075
E00054319,320,33,7,26,287,35,252,10.3125,2.1875,8.125,89.6875,10.9375,78.75
E00054320,323,33,10,23,290,31,259,10.21671826625387,3.0959752321981426,7.120743034055728,89.78328173374614,9.597523219814242,80.18575851393189
E00054321,346,54,21,33,292,27,265,15.606936416184972,6.069364161849711,9.53757225433526,84.39306358381504,7.803468208092486,76.58959537572254
E00054322,295,39,15,24,256,27,229,13.220338983050848,5.084745762711865,8.135593220338983,86.77966101694915,9.152542372881356,77.62711864406779
E00054323,246,38,13,25,208,19,189,15.447154471544716,5.284552845528456,10.16260162601626,84.5528455284553,7.723577235772358,76.82926829268293
E00054324,334,31,8,23,303,36,267,9.281437125748502,2.3952095808383236,6.88622754491018,90.71856287425149,10.778443113772456,79.94011976047905
E00054325,304,31,12,19,273,22,251,10.197368421052632,3.9473684210526314,6.25,89.80263157894737,7.236842105263158,82.56578947368422
E00054326,318,50,15,35,268,31,237,15.723270440251572,4.716981132075472,11.0062893081761,84.27672955974843,9.748427672955975,74.52830188679245
E00054327,303,43,16,27,260,32,228,14.19141914191419,5.2805280528052805,8.91089108910891,85.8085808580858,10.561056105610561,75.24752475247524
E00054328,387,56,21,35,331,37,294,14.470284237726098,5.426356589147287,9.043927648578812,85.52971576227391,9.560723514211885,75.96899224806202
E00054329,283,75,47,28,208,31,177,26.501766784452297,16.607773851590103,9.89399293286219,73.4982332155477,10.954063604240282,62.544169611307424
E00054330,278,35,7,28,243,27,216,12.589928057553957,2.5179856115107913,10.071942446043165,87.41007194244604,9.712230215827338,77.6978417266187
E00054331,273,50,19,31,223,23,200,18.315018315018314,6.95970695970696,11.355311355311356,81.68498168498168,8.424908424908425,73.26007326007326
E00054332,373,58,15,43,315,40,275,15.549597855227882,4.021447721179625,11.528150134048257,84.45040214477211,10.723860589812332,73.7265415549598
E00054333,316,35,9,26,281,28,253,11.075949367088606,2.848101265822785,8.227848101265822,88.92405063291139,8.860759493670885,80.0632911392405
E00054334,280,64,22,42,216,17,199,22.857142857142858,7.857142857142857,15,77.14285714285715,6.071428571428571,71.07142857142857
E00054335,244,46,23,23,198,20,178,18.852459016393443,9.426229508196721,9.426229508196721,81.14754098360656,8.19672131147541,72.95081967213115
E00054336,351,57,23,34,294,39,255,16.23931623931624,6.552706552706552,9.686609686609685,83.76068376068376,11.11111111111111,72.64957264957265
E00054337,290,44,11,33,246,17,229,15.172413793103448,3.793103448275862,11.379310344827587,84.82758620689656,5.862068965517241,78.96551724137932
E00054338,311,27,7,20,284,25,259,8.681672025723474,2.2508038585209005,6.430868167202572,91.31832797427653,8.038585209003216,83.27974276527331
E00054339,292,30,7,23,262,28,234,10.273972602739725,2.3972602739726026,7.876712328767123,89.72602739726028,9.58904109589041,80.13698630136986
E00054340,293,35,10,25,258,24,234,11.945392491467576,3.4129692832764507,8.532423208191126,88.05460750853243,8.19112627986348,79.86348122866895
E00054341,236,27,12,15,209,24,185,11.440677966101696,5.084745762711865,6.3559322033898304,88.5593220338983,10.16949152542373,78.38983050847457
E00054342,117,20,8,12,97,11,86,17.094017094017094,6.837606837606838,10.256410256410255,82.90598290598291,9.401709401709402,73.50427350427351
E00054343,304,43,22,21,261,28,233,14.144736842105262,7.236842105263158,6.907894736842106,85.85526315789474,9.210526315789473,76.64473684210526
E00054344,217,85,47,38,132,9,123,39.1705069124424,21.658986175115206,17.51152073732719,60.82949308755761,4.147465437788019,56.68202764976959
E00054345,163,71,40,31,92,4,88,43.558282208588956,24.539877300613497,19.018404907975462,56.44171779141104,2.4539877300613497,53.987730061349694
E00054346,465,129,63,66,336,32,304,27.741935483870968,13.548387096774196,14.193548387096774,72.25806451612902,6.881720430107527,65.3763440860215
E00054348,474,122,61,61,352,24,328,25.738396624472575,12.869198312236287,12.869198312236287,74.26160337552743,5.063291139240507,69.19831223628692
E00054350,315,55,21,34,260,33,227,17.46031746031746,6.666666666666667,10.793650793650794,82.53968253968253,10.476190476190476,72.06349206349206
E00054351,376,113,58,55,263,22,241,30.0531914893617,15.425531914893616,14.627659574468085,69.9468085106383,5.851063829787234,64.09574468085107
E00054353,303,76,31,45,227,13,214,25.082508250825082,10.231023102310232,14.85148514851485,74.91749174917491,4.29042904290429,70.62706270627062
E00054354,327,56,20,36,271,32,239,17.12538226299694,6.116207951070336,11.009174311926607,82.87461773700305,9.785932721712538,73.08868501529052
E00054355,328,68,25,43,260,29,231,20.73170731707317,7.621951219512195,13.109756097560975,79.26829268292683,8.841463414634147,70.42682926829268
E00054356,321,43,11,32,278,22,256,13.395638629283487,3.4267912772585665,9.968847352024921,86.6043613707165,6.853582554517133,79.75077881619937
E00054357,378,65,24,41,313,28,285,17.195767195767196,6.349206349206349,10.846560846560847,82.8042328042328,7.4074074074074066,75.39682539682539
E00054358,279,70,30,40,209,15,194,25.089605734767023,10.75268817204301,14.336917562724013,74.91039426523297,5.376344086021505,69.53405017921148
E00054359,315,50,24,26,265,20,245,15.873015873015872,7.6190476190476195,8.253968253968253,84.12698412698413,6.349206349206349,77.77777777777779
E00054360,249,63,36,27,186,7,179,25.301204819277107,14.457831325301203,10.843373493975903,74.69879518072288,2.8112449799196786,71.8875502008032
E00054361,264,43,18,25,221,10,211,16.28787878787879,6.8181818181818175,9.469696969696969,83.71212121212122,3.787878787878788,79.92424242424242
E00054362,287,67,42,25,220,14,206,23.34494773519164,14.634146341463413,8.710801393728223,76.65505226480836,4.878048780487805,71.77700348432056
E00054363,355,78,35,43,277,24,253,21.971830985915496,9.859154929577464,12.112676056338028,78.0281690140845,6.760563380281689,71.26760563380282
E00054364,367,67,26,41,300,23,277,18.256130790190735,7.084468664850137,11.1716621253406,81.74386920980926,6.267029972752043,75.47683923705722
E00054366,312,47,21,26,265,19,246,15.064102564102564,6.730769230769231,8.333333333333332,84.93589743589743,6.089743589743589,78.84615384615384
E00054367,381,70,30,40,311,23,288,18.37270341207349,7.874015748031496,10.498687664041995,81.62729658792651,6.036745406824147,75.59055118110236
E00054368,300,91,44,47,209,18,191,30.333333333333336,14.666666666666666,15.666666666666668,69.66666666666667,6,63.66666666666667
E00054370,292,38,16,22,254,19,235,13.013698630136986,5.47945205479452,7.534246575342466,86.98630136986301,6.506849315068493,80.47945205479452
E00054371,262,49,19,30,213,16,197,18.702290076335878,7.251908396946565,11.450381679389313,81.29770992366412,6.106870229007633,75.19083969465649
E00054372,218,75,39,36,143,12,131,34.403669724770644,17.889908256880734,16.51376146788991,65.59633027522935,5.5045871559633035,60.09174311926605
E00054374,316,76,27,49,240,30,210,24.050632911392405,8.544303797468354,15.50632911392405,75.9493670886076,9.49367088607595,66.45569620253164
E00054375,311,46,20,26,265,27,238,14.790996784565916,6.430868167202572,8.360128617363344,85.20900321543408,8.681672025723474,76.52733118971061
E00054376,261,53,22,31,208,26,182,20.306513409961685,8.42911877394636,11.877394636015326,79.6934865900383,9.961685823754788,69.73180076628353
E00054377,318,63,36,27,255,18,237,19.81132075471698,11.320754716981133,8.49056603773585,80.18867924528303,5.660377358490567,74.52830188679245
E00054378,602,72,27,45,530,46,484,11.960132890365449,4.485049833887043,7.475083056478406,88.03986710963456,7.641196013289036,80.39867109634552
E00054379,287,61,27,34,226,18,208,21.254355400696863,9.40766550522648,11.846689895470384,78.74564459930313,6.2717770034843205,72.47386759581882
E00054380,352,76,28,48,276,18,258,21.59090909090909,7.954545454545454,13.636363636363635,78.4090909090909,5.113636363636364,73.29545454545455
E00054381,479,66,23,43,413,27,386,13.778705636743215,4.801670146137787,8.977035490605429,86.22129436325679,5.6367432150313155,80.58455114822547
E00054382,281,55,22,33,226,33,193,19.572953736654807,7.829181494661921,11.743772241992882,80.42704626334519,11.743772241992882,68.68327402135232
E00054383,282,41,13,28,241,14,227,14.539007092198581,4.609929078014184,9.929078014184398,85.46099290780141,4.964539007092199,80.49645390070921
E00054384,265,53,24,29,212,27,185,20,9.056603773584905,10.943396226415095,80,10.18867924528302,69.81132075471697
E00054385,350,44,20,24,306,22,284,12.571428571428573,5.714285714285714,6.857142857142858,87.42857142857143,6.2857142857142865,81.14285714285714
E00054386,325,45,20,25,280,18,262,13.846153846153847,6.153846153846154,7.6923076923076925,86.15384615384616,5.538461538461538,80.61538461538461
E00054387,217,40,14,26,177,13,164,18.433179723502306,6.451612903225806,11.981566820276496,81.5668202764977,5.990783410138248,75.57603686635944
E00054388,314,52,18,34,262,17,245,16.560509554140125,5.7324840764331215,10.828025477707007,83.43949044585987,5.414012738853503,78.02547770700637
E00054389,257,50,21,29,207,29,178,19.45525291828794,8.171206225680933,11.284046692607005,80.54474708171206,11.284046692607005,69.26070038910505
E00054390,274,77,38,39,197,21,176,28.102189781021895,13.86861313868613,14.233576642335766,71.8978102189781,7.664233576642336,64.23357664233576
E00054391,343,79,34,45,264,22,242,23.03206997084548,9.912536443148689,13.119533527696792,76.96793002915452,6.41399416909621,70.55393586005832
E00054392,298,46,10,36,252,21,231,15.436241610738255,3.3557046979865772,12.080536912751679,84.56375838926175,7.046979865771812,77.51677852348993
E00054393,464,51,26,25,413,16,397,10.991379310344827,5.603448275862069,5.387931034482758,89.00862068965517,3.4482758620689653,85.5603448275862
E00054394,459,64,25,39,395,23,372,13.943355119825709,5.446623093681917,8.49673202614379,86.05664488017429,5.010893246187364,81.04575163398692
E00054395,309,40,11,29,269,25,244,12.944983818770226,3.559870550161812,9.385113268608414,87.05501618122977,8.090614886731391,78.96440129449837
E00054396,433,44,21,23,389,26,363,10.161662817551962,4.849884526558892,5.311778290993072,89.83833718244803,6.0046189376443415,83.83371824480369
E00054397,292,46,16,30,246,23,223,15.753424657534246,5.47945205479452,10.273972602739725,84.24657534246576,7.876712328767123,76.36986301369863
E00054398,356,48,21,27,308,18,290,13.48314606741573,5.8988764044943816,7.584269662921349,86.51685393258427,5.056179775280898,81.46067415730337
E00054399,306,67,32,35,239,18,221,21.895424836601308,10.457516339869281,11.437908496732026,78.10457516339869,5.88235294117647,72.22222222222221
E00054400,416,75,35,40,341,14,327,18.028846153846153,8.413461538461538,9.615384615384617,81.97115384615384,3.3653846153846154,78.60576923076923
E00054401,311,59,26,33,252,12,240,18.971061093247588,8.360128617363344,10.610932475884244,81.02893890675242,3.858520900321544,77.17041800643086
E00054402,425,66,23,43,359,18,341,15.529411764705884,5.411764705882352,10.117647058823529,84.47058823529412,4.235294117647059,80.23529411764706
E00054403,424,57,18,39,367,25,342,13.443396226415095,4.245283018867925,9.19811320754717,86.55660377358491,5.89622641509434,80.66037735849056
E00054404,414,61,28,33,353,16,337,14.734299516908212,6.763285024154589,7.971014492753622,85.26570048309179,3.864734299516908,81.40096618357488
E00054405,519,134,74,60,385,21,364,25.818882466281313,14.258188824662813,11.560693641618498,74.18111753371869,4.046242774566474,70.13487475915221
E00054407,486,71,29,42,415,22,393,14.609053497942387,5.967078189300412,8.641975308641975,85.39094650205762,4.526748971193416,80.8641975308642
E00054408,401,65,30,35,336,11,325,16.209476309226932,7.4812967581047385,8.728179551122196,83.79052369077307,2.7431421446384037,81.04738154613467
E00054409,561,75,40,35,486,15,471,13.368983957219251,7.130124777183601,6.23885918003565,86.63101604278076,2.6737967914438503,83.9572192513369
E00054410,569,82,35,47,487,17,470,14.411247803163443,6.151142355008787,8.260105448154658,85.58875219683657,2.987697715289982,82.60105448154658
E00054411,507,90,43,47,417,8,409,17.75147928994083,8.481262327416173,9.270216962524655,82.24852071005917,1.5779092702169626,80.6706114398422
E00054412,253,60,14,46,193,14,179,23.715415019762844,5.533596837944664,18.181818181818183,76.28458498023716,5.533596837944664,70.7509881422925
E00054413,302,65,35,30,237,31,206,21.52317880794702,11.589403973509933,9.933774834437086,78.47682119205298,10.264900662251655,68.21192052980133
E00054414,277,54,18,36,223,25,198,19.494584837545126,6.4981949458483745,12.996389891696749,80.50541516245488,9.025270758122744,71.48014440433214
E00054415,220,39,15,24,181,14,167,17.727272727272727,6.8181818181818175,10.909090909090908,82.27272727272728,6.363636363636363,75.9090909090909
E00054416,293,75,38,37,218,23,195,25.597269624573375,12.969283276450511,12.627986348122866,74.40273037542661,7.849829351535837,66.55290102389078
E00054417,220,42,12,30,178,25,153,19.090909090909093,5.454545454545454,13.636363636363635,80.9090909090909,11.363636363636363,69.54545454545455
E00054418,250,46,17,29,204,20,184,18.4,6.800000000000001,11.600000000000001,81.6,8,73.6
E00054419,506,122,74,48,384,42,342,24.110671936758894,14.624505928853754,9.486166007905137,75.8893280632411,8.300395256916996,67.58893280632411
E00054420,270,32,15,17,238,22,216,11.851851851851853,5.555555555555555,6.296296296296296,88.14814814814815,8.148148148148149,80
E00054421,237,47,21,26,190,23,167,19.831223628691983,8.860759493670885,10.970464135021098,80.16877637130801,9.70464135021097,70.46413502109705
E00054422,328,65,16,49,263,27,236,19.817073170731707,4.878048780487805,14.939024390243901,80.1829268292683,8.231707317073171,71.95121951219512
E00054423,247,40,16,24,207,29,178,16.194331983805668,6.477732793522267,9.7165991902834,83.80566801619433,11.740890688259109,72.06477732793523
E00054424,366,70,22,48,296,26,270,19.12568306010929,6.0109289617486334,13.114754098360656,80.87431693989072,7.103825136612022,73.77049180327869
E00054425,381,67,25,42,314,51,263,17.585301837270343,6.561679790026247,11.023622047244094,82.41469816272966,13.385826771653544,69.02887139107612
E00054426,339,71,31,40,268,31,237,20.943952802359885,9.144542772861357,11.799410029498524,79.05604719764013,9.144542772861357,69.91150442477876
E00054427,389,78,32,46,311,15,296,20.051413881748072,8.226221079691516,11.825192802056556,79.94858611825192,3.8560411311053984,76.09254498714652
E00054428,322,46,13,33,276,32,244,14.285714285714285,4.037267080745342,10.248447204968944,85.71428571428571,9.937888198757763,75.77639751552795
E00054429,347,99,62,37,248,25,223,28.530259365994237,17.86743515850144,10.662824207492795,71.46974063400576,7.204610951008646,64.26512968299711
E00054430,125,41,14,27,84,6,78,32.800000000000004,11.200000000000001,21.6,67.2,4.8,62.4
E00054431,298,65,22,43,233,20,213,21.812080536912752,7.38255033557047,14.429530201342283,78.18791946308725,6.7114093959731544,71.47651006711409
E00054432,301,55,15,40,246,29,217,18.272425249169437,4.983388704318937,13.2890365448505,81.72757475083057,9.634551495016613,72.09302325581395
E00054433,329,68,21,47,261,24,237,20.66869300911854,6.382978723404255,14.285714285714285,79.33130699088146,7.29483282674772,72.03647416413374
E00054434,318,59,21,38,259,19,240,18.553459119496853,6.60377358490566,11.949685534591195,81.44654088050315,5.9748427672955975,75.47169811320755
E00054435,349,49,22,27,300,27,273,14.040114613180515,6.303724928366762,7.736389684813753,85.95988538681948,7.736389684813753,78.22349570200574
E00054436,320,47,15,32,273,24,249,14.6875,4.6875,10,85.3125,7.5,77.8125
E00054437,327,74,37,37,253,25,228,22.629969418960243,11.314984709480122,11.314984709480122,77.37003058103976,7.64525993883792,69.72477064220183
E00054438,348,49,30,19,299,12,287,14.080459770114942,8.620689655172415,5.459770114942529,85.91954022988506,3.4482758620689653,82.47126436781609
E00054439,376,75,31,44,301,26,275,19.9468085106383,8.24468085106383,11.702127659574469,80.0531914893617,6.914893617021277,73.13829787234043
E00054440,314,57,34,23,257,16,241,18.152866242038215,10.828025477707007,7.32484076433121,81.84713375796179,5.095541401273886,76.75159235668791
E00054441,336,70,33,37,266,18,248,20.833333333333336,9.821428571428571,11.011904761904761,79.16666666666666,5.357142857142857,73.80952380952381
E00054442,452,92,51,41,360,18,342,20.353982300884958,11.283185840707963,9.070796460176991,79.64601769911505,3.982300884955752,75.66371681415929
E00054443,339,81,47,34,258,13,245,23.893805309734514,13.864306784660767,10.029498525073747,76.10619469026548,3.8348082595870205,72.27138643067846
E00054444,451,54,17,37,397,38,359,11.973392461197339,3.7694013303769403,8.2039911308204,88.02660753880266,8.425720620842572,79.6008869179601
E00054445,391,61,24,37,330,33,297,15.601023017902813,6.138107416879795,9.462915601023019,84.39897698209718,8.439897698209718,75.95907928388746
E00054446,311,46,14,32,265,22,243,14.790996784565916,4.501607717041801,10.289389067524116,85.20900321543408,7.07395498392283,78.13504823151125
E00054447,321,73,33,40,248,19,229,22.741433021806852,10.2803738317757,12.461059190031152,77.25856697819314,5.919003115264798,71.33956386292834
E00054448,221,55,20,35,166,16,150,24.8868778280543,9.049773755656108,15.837104072398189,75.1131221719457,7.239819004524888,67.87330316742081
E00054449,291,58,26,32,233,28,205,19.93127147766323,8.934707903780069,10.996563573883162,80.06872852233677,9.621993127147768,70.44673539518901
E00054450,384,48,21,27,336,30,306,12.5,5.46875,7.03125,87.5,7.8125,79.6875
E00054451,262,53,23,30,209,19,190,20.229007633587788,8.778625954198473,11.450381679389313,79.77099236641222,7.251908396946565,72.51908396946564
E00054452,509,70,39,31,439,17,422,13.7524557956778,7.662082514734774,6.090373280943026,86.2475442043222,3.3398821218074657,82.90766208251473
E00054453,473,65,29,36,408,19,389,13.742071881606766,6.13107822410148,7.6109936575052854,86.25792811839324,4.0169133192389,82.24101479915433
E00054454,272,72,38,34,200,17,183,26.47058823529412,13.970588235294118,12.5,73.52941176470588,6.25,67.27941176470588
E00054456,299,52,23,29,247,12,235,17.391304347826086,7.6923076923076925,9.698996655518394,82.6086956521739,4.013377926421405,78.59531772575251
E00054457,339,44,24,20,295,16,279,12.979351032448378,7.079646017699115,5.899705014749262,87.02064896755162,4.71976401179941,82.30088495575221
E00054458,320,70,33,37,250,11,239,21.875,10.3125,11.5625,78.125,3.4375000000000004,74.6875
E00054459,326,47,24,23,279,16,263,14.417177914110429,7.361963190184049,7.05521472392638,85.58282208588957,4.9079754601226995,80.67484662576688
E00054460,382,54,24,30,328,12,316,14.136125654450263,6.282722513089005,7.853403141361256,85.86387434554975,3.1413612565445024,82.72251308900523
E00054461,341,100,62,38,241,12,229,29.32551319648094,18.181818181818183,11.143695014662756,70.67448680351906,3.519061583577713,67.15542521994135
E00054462,365,62,30,32,303,14,289,16.986301369863014,8.21917808219178,8.767123287671232,83.01369863013699,3.8356164383561646,79.17808219178082
E00054463,356,108,74,34,248,15,233,30.337078651685395,20.786516853932586,9.550561797752808,69.66292134831461,4.213483146067416,65.4494382022472
E00054464,359,75,43,32,284,14,270,20.891364902506965,11.977715877437326,8.913649025069638,79.10863509749304,3.8997214484679668,75.20891364902506
E00054465,190,32,13,19,158,10,148,16.842105263157894,6.842105263157896,10,83.15789473684211,5.263157894736842,77.89473684210526
E00054467,408,128,80,48,280,16,264,31.372549019607842,19.607843137254903,11.76470588235294,68.62745098039215,3.9215686274509802,64.70588235294117
E00054468,549,132,70,62,417,30,387,24.043715846994534,12.750455373406194,11.293260473588344,75.95628415300546,5.46448087431694,70.49180327868852
E00054469,285,52,18,34,233,15,218,18.24561403508772,6.315789473684211,11.929824561403509,81.75438596491227,5.263157894736842,76.49122807017544
E00054470,340,50,26,24,290,13,277,14.705882352941178,7.647058823529412,7.0588235294117645,85.29411764705883,3.823529411764706,81.47058823529412
E00054471,330,52,21,31,278,25,253,15.757575757575756,6.363636363636363,9.393939393939393,84.24242424242424,7.575757575757576,76.66666666666667
E00054472,271,82,46,36,189,14,175,30.25830258302583,16.974169741697416,13.284132841328415,69.74169741697416,5.166051660516605,64.57564575645756
E00054474,276,77,28,49,199,24,175,27.898550724637683,10.144927536231885,17.753623188405797,72.10144927536231,8.695652173913043,63.40579710144928
E00054475,345,59,28,31,286,29,257,17.101449275362317,8.115942028985506,8.985507246376812,82.89855072463767,8.405797101449275,74.4927536231884
E00054476,376,70,32,38,306,28,278,18.617021276595743,8.51063829787234,10.106382978723403,81.38297872340425,7.446808510638298,73.93617021276596
E00054477,314,63,34,29,251,15,236,20.063694267515924,10.828025477707007,9.235668789808917,79.93630573248409,4.777070063694268,75.15923566878982
E00054478,255,78,36,42,177,13,164,30.58823529411765,14.117647058823529,16.470588235294116,69.41176470588235,5.098039215686274,64.31372549019608
E00054479,329,67,29,38,262,19,243,20.364741641337385,8.814589665653495,11.55015197568389,79.63525835866263,5.775075987841945,73.86018237082067
E00054480,285,89,60,29,196,17,179,31.2280701754386,21.052631578947366,10.175438596491228,68.77192982456141,5.964912280701754,62.807017543859644
E00054482,639,110,67,43,529,16,513,17.214397496087635,10.485133020344287,6.729264475743349,82.78560250391236,2.503912363067293,80.28169014084507
E00054483,595,80,35,45,515,31,484,13.445378151260504,5.88235294117647,7.563025210084033,86.5546218487395,5.2100840336134455,81.34453781512605
E00054484,439,44,22,22,395,8,387,10.022779043280181,5.0113895216400905,5.0113895216400905,89.97722095671982,1.8223234624145785,88.15489749430525
E00054485,530,66,32,34,464,10,454,12.452830188679245,6.037735849056604,6.415094339622642,87.54716981132076,1.8867924528301887,85.66037735849056
E00054486,475,71,38,33,404,12,392,14.947368421052632,8,6.947368421052631,85.05263157894737,2.526315789473684,82.52631578947368
E00054488,577,78,41,37,499,12,487,13.518197573656845,7.105719237435008,6.412478336221837,86.48180242634315,2.079722703639515,84.40207972270363
E00054489,609,68,36,32,541,5,536,11.16584564860427,5.911330049261084,5.254515599343185,88.83415435139574,0.8210180623973727,88.01313628899837
E00054490,406,58,33,25,348,10,338,14.285714285714285,8.12807881773399,6.157635467980295,85.71428571428571,2.4630541871921183,83.2512315270936
E00054491,569,92,45,47,477,20,457,16.16871704745167,7.9086115992970125,8.260105448154658,83.83128295254832,3.5149384885764503,80.31634446397187
E00054492,516,48,26,22,468,16,452,9.30232558139535,5.038759689922481,4.263565891472868,90.69767441860465,3.10077519379845,87.59689922480621
E00054493,460,73,35,38,387,16,371,15.869565217391305,7.608695652173914,8.26086956521739,84.1304347826087,3.4782608695652173,80.65217391304348
E00054494,501,59,46,13,442,14,428,11.776447105788424,9.181636726546905,2.5948103792415167,88.22355289421158,2.7944111776447107,85.42914171656687
E00054495,444,42,27,15,402,15,387,9.45945945945946,6.081081081081082,3.3783783783783785,90.54054054054053,3.3783783783783785,87.16216216216216
E00054496,468,55,35,20,413,12,401,11.752136752136751,7.478632478632479,4.273504273504273,88.24786324786325,2.564102564102564,85.68376068376068
E00054497,593,82,59,23,511,25,486,13.827993254637436,9.949409780775717,3.87858347386172,86.17200674536257,4.215851602023609,81.95615514333895
E00054498,266,64,27,37,202,11,191,24.06015037593985,10.150375939849624,13.909774436090224,75.93984962406014,4.135338345864661,71.80451127819549
E00054499,582,93,44,49,489,12,477,15.979381443298967,7.560137457044673,8.419243986254296,84.02061855670104,2.0618556701030926,81.95876288659794
E00054501,246,26,11,15,220,11,209,10.569105691056912,4.471544715447155,6.097560975609756,89.43089430894308,4.471544715447155,84.95934959349594
E00054504,587,93,64,29,494,15,479,15.843270868824533,10.90289608177172,4.940374787052811,84.15672913117547,2.555366269165247,81.60136286201022
E00054505,499,70,37,33,429,8,421,14.02805611222445,7.414829659318638,6.613226452905812,85.97194388777555,1.6032064128256511,84.3687374749499
E00054506,583,98,63,35,485,7,478,16.80960548885077,10.806174957118353,6.003430531732419,83.19039451114922,1.2006861063464835,81.98970840480274
E00054507,589,61,23,38,528,8,520,10.35653650254669,3.904923599320883,6.451612903225806,89.64346349745331,1.3582342954159592,88.28522920203736
E00054508,537,56,29,27,481,7,474,10.42830540037244,5.400372439478584,5.027932960893855,89.57169459962756,1.303538175046555,88.26815642458101
E00054509,548,89,49,40,459,9,450,16.240875912408757,8.94160583941606,7.2992700729927,83.75912408759125,1.6423357664233578,82.11678832116789
E00054510,463,73,40,33,390,8,382,15.766738660907128,8.639308855291576,7.127429805615551,84.23326133909286,1.7278617710583155,82.50539956803455
E00054511,614,123,76,47,491,14,477,20.03257328990228,12.37785016286645,7.654723127035831,79.96742671009773,2.2801302931596092,77.68729641693811
E00054512,601,92,52,40,509,15,494,15.307820299500833,8.652246256239602,6.655574043261231,84.69217970049917,2.4958402662229617,82.19633943427621
E00054513,589,94,51,43,495,22,473,15.959252971137522,8.65874363327674,7.30050933786078,84.04074702886248,3.7351443123938877,80.3056027164686
E00054514,147,37,22,15,110,7,103,25.170068027210885,14.965986394557824,10.204081632653061,74.82993197278913,4.761904761904762,70.06802721088435
E00054516,623,86,43,43,537,21,516,13.804173354735152,6.902086677367576,6.902086677367576,86.19582664526484,3.3707865168539324,82.8250401284109
E00054517,522,56,28,28,466,14,452,10.727969348659004,5.363984674329502,5.363984674329502,89.272030651341,2.681992337164751,86.59003831417624
E00054519,471,66,29,37,405,10,395,14.012738853503185,6.1571125265392785,7.855626326963907,85.98726114649682,2.1231422505307855,83.86411889596603
E00054521,339,118,80,38,221,13,208,34.80825958702065,23.59882005899705,11.209439528023598,65.19174041297934,3.8348082595870205,61.35693215339233
E00054522,556,69,40,29,487,12,475,12.410071942446043,7.1942446043165464,5.215827338129497,87.58992805755396,2.158273381294964,85.431654676259
E00054523,531,76,44,32,455,10,445,14.312617702448211,8.286252354048965,6.0263653483992465,85.68738229755178,1.8832391713747645,83.80414312617702
E00054524,273,63,35,28,210,9,201,23.076923076923077,12.82051282051282,10.256410256410255,76.92307692307693,3.296703296703297,73.62637362637363
E00054525,521,80,32,48,441,27,414,15.355086372360843,6.142034548944338,9.213051823416507,84.64491362763916,5.182341650671785,79.46257197696737
E00054526,479,71,38,33,408,28,380,14.822546972860126,7.933194154488518,6.8893528183716075,85.17745302713988,5.845511482254697,79.33194154488518
E00054527,415,48,19,29,367,24,343,11.566265060240964,4.578313253012048,6.987951807228916,88.43373493975903,5.783132530120482,82.65060240963855
E00054528,315,75,36,39,240,17,223,23.809523809523807,11.428571428571429,12.380952380952381,76.19047619047619,5.396825396825397,70.7936507936508
E00054529,278,81,44,37,197,23,174,29.136690647482016,15.827338129496402,13.309352517985612,70.86330935251799,8.273381294964029,62.589928057553955
E00054530,351,57,21,36,294,29,265,16.23931623931624,5.982905982905983,10.256410256410255,83.76068376068376,8.262108262108262,75.49857549857549
E00054531,441,49,28,21,392,25,367,11.11111111111111,6.349206349206349,4.761904761904762,88.88888888888889,5.6689342403628125,83.21995464852607
E00054533,305,46,25,21,259,24,235,15.081967213114755,8.19672131147541,6.885245901639345,84.91803278688525,7.868852459016394,77.04918032786885
E00054534,321,46,13,33,275,16,259,14.330218068535824,4.049844236760125,10.2803738317757,85.66978193146417,4.984423676012461,80.68535825545172
E00054535,300,80,45,35,220,13,207,26.666666666666668,15,11.666666666666666,73.33333333333333,4.333333333333334,69
E00054536,266,79,45,34,187,12,175,29.69924812030075,16.917293233082706,12.781954887218044,70.30075187969925,4.511278195488721,65.78947368421053
E00054537,414,73,43,30,341,7,334,17.632850241545896,10.38647342995169,7.246376811594203,82.3671497584541,1.6908212560386473,80.67632850241546
E00054538,292,74,38,36,218,15,203,25.34246575342466,13.013698630136986,12.32876712328767,74.65753424657534,5.136986301369863,69.52054794520548
E00054539,312,79,41,38,233,13,220,25.320512820512818,13.141025641025642,12.179487179487179,74.67948717948718,4.166666666666666,70.51282051282051
E00054541,222,83,45,38,139,6,133,37.38738738738739,20.27027027027027,17.117117117117118,62.612612612612615,2.7027027027027026,59.909909909909906
E00054542,320,67,34,33,253,17,236,20.9375,10.625,10.3125,79.0625,5.3125,73.75
E00054543,292,64,28,36,228,13,215,21.91780821917808,9.58904109589041,12.32876712328767,78.08219178082192,4.4520547945205475,73.63013698630137
E00054544,347,70,32,38,277,18,259,20.172910662824208,9.221902017291066,10.951008645533141,79.82708933717579,5.187319884726225,74.63976945244957
E00054545,353,92,48,44,261,16,245,26.062322946175637,13.59773371104816,12.464589235127479,73.93767705382436,4.53257790368272,69.40509915014165
E00054546,367,85,46,39,282,13,269,23.160762942779293,12.534059945504087,10.626702997275205,76.83923705722071,3.5422343324250685,73.29700272479565
E00054547,280,75,33,42,205,9,196,26.785714285714285,11.785714285714285,15,73.21428571428571,3.214285714285714,70
E00054548,304,82,38,44,222,16,206,26.973684210526315,12.5,14.473684210526317,73.02631578947368,5.263157894736842,67.76315789473685
E00054549,312,62,33,29,250,11,239,19.871794871794872,10.576923076923077,9.294871794871796,80.12820512820514,3.5256410256410255,76.6025641025641
E00054550,376,69,27,42,307,27,280,18.351063829787233,7.180851063829788,11.170212765957446,81.64893617021278,7.180851063829788,74.46808510638297
E00054551,258,76,39,37,182,12,170,29.457364341085274,15.11627906976744,14.34108527131783,70.54263565891473,4.651162790697675,65.89147286821705
E00054552,321,82,39,43,239,13,226,25.54517133956386,12.149532710280374,13.395638629283487,74.45482866043614,4.049844236760125,70.40498442367601
E00054553,180,80,44,36,100,7,93,44.44444444444444,24.444444444444443,20,55.55555555555556,3.888888888888889,51.66666666666667
E00054554,517,70,29,41,447,29,418,13.539651837524177,5.609284332688588,7.930367504835589,86.46034816247582,5.609284332688588,80.85106382978722
E00054555,274,50,25,25,224,15,209,18.248175182481752,9.124087591240876,9.124087591240876,81.75182481751825,5.474452554744526,76.27737226277372
E00054556,287,74,41,33,213,19,194,25.78397212543554,14.285714285714285,11.498257839721255,74.21602787456446,6.620209059233449,67.59581881533101
E00054557,222,53,29,24,169,14,155,23.873873873873876,13.063063063063062,10.81081081081081,76.12612612612612,6.306306306306306,69.81981981981981
E00054558,358,68,35,33,290,13,277,18.994413407821227,9.776536312849162,9.217877094972067,81.00558659217877,3.6312849162011176,77.37430167597765
E00054559,370,51,22,29,319,26,293,13.783783783783784,5.9459459459459465,7.837837837837839,86.21621621621621,7.027027027027027,79.1891891891892
E00054560,296,51,27,24,245,11,234,17.22972972972973,9.121621621621621,8.108108108108109,82.77027027027027,3.7162162162162162,79.05405405405406
E00054562,266,64,36,28,202,17,185,24.06015037593985,13.533834586466165,10.526315789473683,75.93984962406014,6.390977443609022,69.54887218045113
E00054563,279,53,27,26,226,19,207,18.996415770609318,9.67741935483871,9.31899641577061,81.00358422939068,6.810035842293908,74.19354838709677
E00054564,340,80,36,44,260,16,244,23.52941176470588,10.588235294117647,12.941176470588237,76.47058823529412,4.705882352941177,71.76470588235294
E00054565,390,77,31,46,313,19,294,19.743589743589745,7.948717948717948,11.794871794871794,80.25641025641026,4.871794871794872,75.38461538461539
E00054566,562,175,106,69,387,29,358,31.13879003558719,18.86120996441281,12.277580071174377,68.86120996441281,5.160142348754448,63.70106761565836
E00054567,345,56,16,40,289,24,265,16.231884057971012,4.63768115942029,11.594202898550725,83.76811594202898,6.956521739130435,76.81159420289855
E00054569,342,51,26,25,291,13,278,14.912280701754385,7.602339181286549,7.309941520467836,85.08771929824562,3.8011695906432745,81.28654970760235
E00054570,362,52,19,33,310,19,291,14.3646408839779,5.248618784530387,9.116022099447514,85.6353591160221,5.248618784530387,80.38674033149171
E00054574,304,72,43,29,232,10,222,23.684210526315788,14.144736842105262,9.539473684210527,76.31578947368422,3.289473684210526,73.02631578947368
E00054575,490,66,28,38,424,10,414,13.46938775510204,5.714285714285714,7.755102040816326,86.53061224489797,2.0408163265306123,84.48979591836735
E00054576,428,66,30,36,362,13,349,15.42056074766355,7.009345794392523,8.411214953271028,84.57943925233646,3.0373831775700935,81.54205607476635
E00054577,361,57,23,34,304,22,282,15.789473684210526,6.3711911357340725,9.418282548476455,84.21052631578947,6.094182825484765,78.1163434903047
E00054578,385,56,21,35,329,33,296,14.545454545454545,5.454545454545454,9.090909090909092,85.45454545454545,8.571428571428571,76.88311688311688
E00054579,177,59,41,18,118,4,114,33.33333333333333,23.163841807909606,10.16949152542373,66.66666666666666,2.2598870056497176,64.40677966101694
E00054580,351,39,21,18,312,8,304,11.11111111111111,5.982905982905983,5.128205128205128,88.88888888888889,2.2792022792022792,86.6096866096866
E00054581,251,68,32,36,183,12,171,27.091633466135455,12.749003984063744,14.342629482071715,72.90836653386454,4.780876494023905,68.12749003984064
E00054583,442,79,48,31,363,14,349,17.873303167420815,10.85972850678733,7.013574660633484,82.12669683257919,3.167420814479638,78.95927601809954
E00054585,323,43,21,22,280,16,264,13.312693498452013,6.5015479876160995,6.811145510835913,86.687306501548,4.953560371517028,81.73374613003097
E00054587,325,87,50,37,238,11,227,26.769230769230766,15.384615384615385,11.384615384615385,73.23076923076923,3.3846153846153846,69.84615384615384
E00054588,411,47,17,30,364,10,354,11.435523114355231,4.13625304136253,7.2992700729927,88.56447688564477,2.4330900243309004,86.13138686131386
E00054589,545,55,25,30,490,21,469,10.091743119266056,4.587155963302752,5.5045871559633035,89.90825688073394,3.853211009174312,86.05504587155963
E00054590,470,72,45,27,398,10,388,15.319148936170212,9.574468085106384,5.74468085106383,84.68085106382979,2.127659574468085,82.5531914893617
E00054592,492,85,54,31,407,0,407,17.276422764227643,10.975609756097562,6.300813008130081,82.72357723577237,0,82.72357723577237
E00054594,379,84,45,39,295,15,280,22.163588390501317,11.87335092348285,10.29023746701847,77.83641160949868,3.95778364116095,73.87862796833772
E00054595,501,58,23,35,443,39,404,11.57684630738523,4.590818363273453,6.986027944111776,88.42315369261478,7.784431137724551,80.63872255489022
E00054597,283,62,33,29,221,7,214,21.908127208480565,11.66077738515901,10.247349823321555,78.09187279151944,2.4734982332155475,75.61837455830388
E00054598,328,52,19,33,276,18,258,15.853658536585366,5.7926829268292686,10.060975609756099,84.14634146341463,5.487804878048781,78.65853658536585
E00054599,440,44,20,24,396,21,375,10,4.545454545454546,5.454545454545454,90,4.772727272727273,85.22727272727273
E00054600,452,60,30,30,392,26,366,13.274336283185843,6.637168141592921,6.637168141592921,86.72566371681415,5.752212389380531,80.97345132743364
E00054602,414,73,25,48,341,26,315,17.632850241545896,6.038647342995169,11.594202898550725,82.3671497584541,6.280193236714976,76.08695652173914
E00054603,361,45,22,23,316,8,308,12.465373961218837,6.094182825484765,6.3711911357340725,87.53462603878116,2.21606648199446,85.3185595567867
E00054604,128,55,34,21,73,9,64,42.96875,26.5625,16.40625,57.03125,7.03125,50
E00054605,304,59,30,29,245,14,231,19.407894736842106,9.868421052631579,9.539473684210527,80.5921052631579,4.605263157894736,75.98684210526315
E00054606,288,43,15,28,245,9,236,14.930555555555555,5.208333333333334,9.722222222222223,85.06944444444444,3.125,81.94444444444444
E00054607,341,55,21,34,286,17,269,16.129032258064516,6.158357771260997,9.970674486803519,83.87096774193549,4.9853372434017595,78.88563049853371
E00054608,376,53,22,31,323,20,303,14.095744680851062,5.851063829787234,8.24468085106383,85.90425531914893,5.319148936170213,80.58510638297872
E00054609,394,71,31,40,323,26,297,18.02030456852792,7.868020304568528,10.152284263959391,81.97969543147208,6.598984771573605,75.38071065989847
E00054610,439,58,32,26,381,15,366,13.211845102505695,7.289293849658314,5.922551252847381,86.78815489749431,3.416856492027335,83.37129840546697
E00054611,459,115,43,72,344,15,329,25.054466230936818,9.368191721132897,15.686274509803921,74.94553376906318,3.2679738562091507,71.67755991285402
E00054612,336,101,61,40,235,8,227,30.059523809523807,18.154761904761905,11.904761904761903,69.94047619047619,2.380952380952381,67.55952380952381
E00054613,474,77,45,32,397,18,379,16.244725738396625,9.49367088607595,6.751054852320674,83.75527426160338,3.79746835443038,79.957805907173
E00054617,644,94,46,48,550,17,533,14.596273291925465,7.142857142857142,7.453416149068323,85.40372670807453,2.639751552795031,82.7639751552795
E00054618,609,103,64,39,506,8,498,16.912972085385878,10.50903119868637,6.403940886699508,83.08702791461413,1.3136288998357963,81.77339901477832
E00054620,503,108,67,41,395,12,383,21.47117296222664,13.320079522862823,8.151093439363818,78.52882703777337,2.3856858846918487,76.1431411530815
E00054621,173,34,19,15,139,4,135,19.653179190751445,10.982658959537572,8.670520231213873,80.34682080924856,2.312138728323699,78.03468208092485
E00054622,182,28,16,12,154,9,145,15.384615384615385,8.791208791208792,6.593406593406594,84.61538461538461,4.945054945054945,79.67032967032966
E00054624,455,57,29,28,398,7,391,12.527472527472527,6.373626373626373,6.153846153846154,87.47252747252747,1.5384615384615385,85.93406593406593
E00054626,441,68,39,29,373,6,367,15.419501133786847,8.843537414965986,6.575963718820861,84.58049886621315,1.3605442176870748,83.21995464852607
E00054628,472,65,30,35,407,14,393,13.771186440677965,6.3559322033898304,7.415254237288135,86.22881355932203,2.9661016949152543,83.26271186440678
E00054629,473,60,37,23,413,11,402,12.684989429175475,7.822410147991543,4.862579281183932,87.31501057082453,2.3255813953488373,84.98942917547568
E00054631,522,75,37,38,447,10,437,14.367816091954023,7.088122605363985,7.2796934865900385,85.63218390804597,1.9157088122605364,83.71647509578544
E00054632,523,65,29,36,458,11,447,12.4282982791587,5.544933078393881,6.8833652007648185,87.5717017208413,2.1032504780114722,85.46845124282983
E00054633,496,83,46,37,413,14,399,16.733870967741936,9.274193548387096,7.459677419354839,83.26612903225806,2.82258064516129,80.44354838709677
E00054636,485,103,59,44,382,16,366,21.237113402061855,12.164948453608247,9.072164948453608,78.76288659793815,3.2989690721649487,75.4639175257732
E00054637,465,38,21,17,427,8,419,8.172043010752688,4.516129032258064,3.655913978494624,91.82795698924731,1.7204301075268817,90.10752688172043
E00054638,474,54,27,27,420,15,405,11.39240506329114,5.69620253164557,5.69620253164557,88.60759493670885,3.1645569620253164,85.44303797468355
E00054640,511,59,31,28,452,13,439,11.545988258317024,6.066536203522505,5.47945205479452,88.45401174168298,2.5440313111545985,85.90998043052838
E00054641,389,47,25,22,342,8,334,12.082262210796916,6.426735218508997,5.655526992287918,87.91773778920309,2.056555269922879,85.8611825192802
E00054642,501,53,32,21,448,8,440,10.578842315369261,6.387225548902195,4.191616766467066,89.42115768463074,1.5968063872255487,87.82435129740519
E00054643,422,52,36,16,370,7,363,12.322274881516588,8.530805687203792,3.7914691943127963,87.67772511848341,1.6587677725118484,86.01895734597157
E00054644,370,96,56,40,274,6,268,25.945945945945947,15.135135135135137,10.81081081081081,74.05405405405405,1.6216216216216217,72.43243243243244
E00054645,432,106,83,23,326,6,320,24.537037037037038,19.212962962962962,5.324074074074074,75.46296296296296,1.3888888888888888,74.07407407407408
E00054646,483,96,54,42,387,13,374,19.875776397515526,11.180124223602485,8.695652173913043,80.12422360248446,2.691511387163561,77.4327122153209
E00054647,543,74,40,34,469,6,463,13.627992633517497,7.366482504604052,6.261510128913445,86.3720073664825,1.1049723756906076,85.2670349907919
E00054648,537,95,38,57,442,11,431,17.690875232774676,7.076350093109869,10.614525139664805,82.30912476722533,2.0484171322160147,80.26070763500931
E00054649,546,55,28,27,491,13,478,10.073260073260073,5.128205128205128,4.945054945054945,89.92673992673993,2.380952380952381,87.54578754578755
E00054650,601,95,52,43,506,11,495,15.806988352745424,8.652246256239602,7.154742096505824,84.19301164725458,1.8302828618968388,82.36272878535775
E00054652,422,77,36,41,345,6,339,18.246445497630333,8.530805687203792,9.715639810426541,81.75355450236967,1.4218009478672986,80.33175355450237
E00054653,583,84,52,32,499,7,492,14.408233276157805,8.919382504288166,5.4888507718696395,85.5917667238422,1.2006861063464835,84.39108061749572
E00054654,393,52,26,26,341,8,333,13.231552162849871,6.615776081424936,6.615776081424936,86.76844783715013,2.035623409669211,84.7328244274809
E00054660,248,48,19,29,200,25,175,19.35483870967742,7.661290322580645,11.693548387096774,80.64516129032258,10.080645161290322,70.56451612903226
E00054661,426,58,31,27,368,23,345,13.615023474178404,7.276995305164319,6.338028169014084,86.3849765258216,5.39906103286385,80.98591549295774
E00054662,294,59,24,35,235,18,217,20.068027210884352,8.16326530612245,11.904761904761903,79.93197278911565,6.122448979591836,73.80952380952381
E00054663,282,73,33,40,209,17,192,25.886524822695034,11.702127659574469,14.184397163120568,74.11347517730496,6.028368794326241,68.08510638297872
E00054664,320,70,44,26,250,19,231,21.875,13.750000000000002,8.125,78.125,5.9375,72.1875
E00054665,283,45,22,23,238,30,208,15.901060070671377,7.773851590106007,8.12720848056537,84.09893992932862,10.60070671378092,73.4982332155477
E00054666,360,82,42,40,278,12,266,22.77777777777778,11.666666666666666,11.11111111111111,77.22222222222223,3.3333333333333335,73.88888888888889
E00054667,386,101,39,62,285,22,263,26.165803108808287,10.103626943005182,16.06217616580311,73.83419689119171,5.699481865284974,68.13471502590673
E00054668,320,38,17,21,282,22,260,11.875,5.3125,6.5625,88.125,6.875000000000001,81.25
E00054669,266,44,17,27,222,17,205,16.541353383458645,6.390977443609022,10.150375939849624,83.45864661654136,6.390977443609022,77.06766917293233
E00054670,312,48,19,29,264,29,235,15.384615384615385,6.089743589743589,9.294871794871796,84.61538461538461,9.294871794871796,75.32051282051282
E00054671,340,56,16,40,284,17,267,16.470588235294116,4.705882352941177,11.76470588235294,83.52941176470588,5,78.52941176470588
E00054672,305,67,32,35,238,19,219,21.9672131147541,10.491803278688524,11.475409836065573,78.0327868852459,6.229508196721312,71.80327868852459
E00054673,250,42,14,28,208,26,182,16.8,5.6000000000000005,11.200000000000001,83.2,10.4,72.8
E00054674,534,81,35,46,453,15,438,15.168539325842698,6.5543071161048685,8.614232209737828,84.8314606741573,2.8089887640449436,82.02247191011236
E00054675,278,74,33,41,204,12,192,26.618705035971225,11.870503597122301,14.748201438848922,73.38129496402878,4.316546762589928,69.06474820143885
E00054676,385,54,23,31,331,13,318,14.025974025974024,5.974025974025974,8.051948051948052,85.97402597402596,3.3766233766233764,82.5974025974026
E00054677,248,41,22,19,207,21,186,16.532258064516128,8.870967741935484,7.661290322580645,83.46774193548387,8.46774193548387,75
E00054678,436,66,31,35,370,12,358,15.137614678899084,7.110091743119266,8.027522935779817,84.86238532110092,2.7522935779816518,82.11009174311926
E00054679,384,49,26,23,335,21,314,12.760416666666666,6.770833333333333,5.989583333333334,87.23958333333334,5.46875,81.77083333333334
E00054680,423,59,24,35,364,17,347,13.947990543735225,5.673758865248227,8.274231678486997,86.05200945626478,4.0189125295508275,82.03309692671394
E00054681,333,50,21,29,283,15,268,15.015015015015015,6.306306306306306,8.708708708708707,84.98498498498499,4.504504504504505,80.48048048048048
E00054682,346,56,24,32,290,8,282,16.184971098265898,6.9364161849710975,9.248554913294797,83.8150289017341,2.312138728323699,81.5028901734104
E00054684,327,67,24,43,260,13,247,20.489296636085626,7.339449541284404,13.149847094801222,79.51070336391437,3.9755351681957185,75.53516819571865
E00054685,324,42,14,28,282,20,262,12.962962962962962,4.320987654320987,8.641975308641975,87.03703703703704,6.172839506172839,80.8641975308642
E00054686,380,46,19,27,334,29,305,12.105263157894736,5,7.105263157894736,87.89473684210526,7.631578947368421,80.26315789473685
E00054687,290,61,31,30,229,18,211,21.03448275862069,10.689655172413794,10.344827586206897,78.96551724137932,6.206896551724138,72.75862068965517
E00054689,298,64,32,32,234,12,222,21.476510067114095,10.738255033557047,10.738255033557047,78.52348993288591,4.026845637583892,74.49664429530202
E00054690,289,47,18,29,242,18,224,16.26297577854671,6.228373702422145,10.034602076124568,83.73702422145328,6.228373702422145,77.50865051903114
E00054691,277,49,24,25,228,15,213,17.689530685920577,8.664259927797833,9.025270758122744,82.31046931407943,5.415162454873646,76.89530685920577
E00054692,314,59,27,32,255,25,230,18.789808917197455,8.598726114649681,10.191082802547772,81.21019108280255,7.961783439490445,73.24840764331209
E00054693,301,63,25,38,238,17,221,20.930232558139537,8.305647840531561,12.624584717607974,79.06976744186046,5.647840531561462,73.421926910299
E00054694,267,71,36,35,196,22,174,26.591760299625467,13.48314606741573,13.108614232209737,73.40823970037454,8.239700374531834,65.1685393258427
E00054695,292,60,26,34,232,19,213,20.54794520547945,8.904109589041095,11.643835616438356,79.45205479452055,6.506849315068493,72.94520547945206
E00054696,357,94,53,41,263,13,250,26.330532212885156,14.84593837535014,11.484593837535014,73.66946778711485,3.6414565826330536,70.02801120448179
E00054697,287,76,43,33,211,7,204,26.480836236933797,14.982578397212542,11.498257839721255,73.5191637630662,2.4390243902439024,71.0801393728223
E00054698,253,39,16,23,214,13,201,15.41501976284585,6.324110671936759,9.090909090909092,84.58498023715416,5.138339920948617,79.44664031620553
E00054699,271,45,17,28,226,19,207,16.605166051660518,6.273062730627306,10.33210332103321,83.39483394833948,7.011070110701106,76.38376383763837
E00054700,512,102,58,44,410,36,374,19.921875,11.328125,8.59375,80.078125,7.03125,73.046875
E00054701,339,83,43,40,256,17,239,24.48377581120944,12.684365781710916,11.799410029498524,75.51622418879056,5.014749262536873,70.50147492625368
E00054702,442,111,59,52,331,20,311,25.1131221719457,13.34841628959276,11.76470588235294,74.8868778280543,4.524886877828054,70.36199095022624
E00054703,305,38,14,24,267,25,242,12.459016393442624,4.590163934426229,7.868852459016394,87.54098360655738,8.19672131147541,79.34426229508198
E00054704,370,69,26,43,301,39,262,18.64864864864865,7.027027027027027,11.621621621621623,81.35135135135135,10.54054054054054,70.8108108108108
E00054705,296,24,5,19,272,30,242,8.108108108108109,1.6891891891891893,6.418918918918918,91.8918918918919,10.135135135135135,81.75675675675676
E00054706,329,44,9,35,285,29,256,13.37386018237082,2.735562310030395,10.638297872340425,86.62613981762918,8.814589665653495,77.81155015197568
E00054707,304,50,19,31,254,24,230,16.447368421052634,6.25,10.197368421052632,83.55263157894737,7.894736842105263,75.6578947368421
E00054708,304,39,14,25,265,30,235,12.828947368421053,4.605263157894736,8.223684210526317,87.17105263157895,9.868421052631579,77.30263157894737
E00054709,384,54,15,39,330,26,304,14.0625,3.90625,10.15625,85.9375,6.770833333333333,79.16666666666666
E00054710,281,37,19,18,244,25,219,13.167259786476867,6.761565836298933,6.405693950177936,86.83274021352312,8.896797153024911,77.93594306049823
E00054711,221,50,23,27,171,16,155,22.624434389140273,10.407239819004525,12.217194570135746,77.37556561085974,7.239819004524888,70.13574660633483
E00054712,284,46,19,27,238,25,213,16.19718309859155,6.690140845070422,9.507042253521126,83.80281690140845,8.80281690140845,75
E00054713,340,77,41,36,263,26,237,22.647058823529413,12.058823529411764,10.588235294117647,77.3529411764706,7.647058823529412,69.70588235294117
E00054714,325,34,11,23,291,23,268,10.461538461538462,3.3846153846153846,7.076923076923077,89.53846153846153,7.076923076923077,82.46153846153847
E00054715,273,53,21,32,220,20,200,19.413919413919416,7.6923076923076925,11.72161172161172,80.58608058608058,7.326007326007327,73.26007326007326
E00054716,315,45,20,25,270,18,252,14.285714285714285,6.349206349206349,7.936507936507936,85.71428571428571,5.714285714285714,80
E00054717,238,59,26,33,179,16,163,24.789915966386555,10.92436974789916,13.865546218487395,75.21008403361344,6.722689075630252,68.4873949579832
E00054718,207,43,19,24,164,14,150,20.77294685990338,9.178743961352657,11.594202898550725,79.22705314009661,6.763285024154589,72.46376811594203
E00054719,336,50,19,31,286,25,261,14.880952380952381,5.654761904761905,9.226190476190476,85.11904761904762,7.440476190476191,77.67857142857143
E00054720,241,60,35,25,181,15,166,24.896265560165975,14.522821576763487,10.37344398340249,75.10373443983403,6.224066390041494,68.87966804979253
E00054721,295,41,16,25,254,26,228,13.898305084745763,5.423728813559322,8.47457627118644,86.10169491525423,8.813559322033898,77.28813559322035
E00054722,280,43,16,27,237,27,210,15.357142857142858,5.714285714285714,9.642857142857144,84.64285714285714,9.642857142857144,75
E00054723,210,43,14,29,167,14,153,20.476190476190474,6.666666666666667,13.80952380952381,79.52380952380952,6.666666666666667,72.85714285714285
E00054724,246,39,22,17,207,19,188,15.853658536585366,8.94308943089431,6.910569105691057,84.14634146341463,7.723577235772358,76.42276422764228
E00054725,225,43,10,33,182,26,156,19.11111111111111,4.444444444444445,14.666666666666666,80.88888888888889,11.555555555555555,69.33333333333334
E00054726,351,60,25,35,291,28,263,17.094017094017094,7.122507122507122,9.971509971509972,82.90598290598291,7.977207977207977,74.92877492877493
E00054727,296,58,15,43,238,21,217,19.594594594594593,5.0675675675675675,14.527027027027026,80.4054054054054,7.094594594594595,73.3108108108108
E00054728,486,85,40,45,401,25,376,17.48971193415638,8.23045267489712,9.25925925925926,82.51028806584361,5.1440329218107,77.36625514403292
E00054729,353,70,14,56,283,27,256,19.8300283286119,3.9660056657223794,15.864022662889518,80.16997167138811,7.64872521246459,72.52124645892351
E00054730,292,53,22,31,239,29,210,18.15068493150685,7.534246575342466,10.616438356164384,81.84931506849315,9.931506849315069,71.91780821917808
E00054731,213,64,35,29,149,16,133,30.046948356807512,16.431924882629108,13.615023474178404,69.95305164319248,7.511737089201878,62.441314553990615
E00054732,220,56,17,39,164,18,146,25.454545454545453,7.727272727272727,17.727272727272727,74.54545454545455,8.181818181818182,66.36363636363637
E00054733,482,86,30,56,396,28,368,17.842323651452283,6.224066390041494,11.618257261410788,82.15767634854771,5.809128630705394,76.34854771784232
E00054734,559,59,27,32,500,39,461,10.554561717352415,4.83005366726297,5.724508050089446,89.44543828264759,6.976744186046512,82.46869409660107
E00054735,306,42,15,27,264,19,245,13.725490196078432,4.901960784313726,8.823529411764707,86.27450980392157,6.209150326797386,80.06535947712419
E00054736,244,38,8,30,206,22,184,15.573770491803279,3.278688524590164,12.295081967213115,84.42622950819673,9.01639344262295,75.40983606557377
E00054737,174,16,7,9,158,16,142,9.195402298850574,4.022988505747127,5.172413793103448,90.80459770114942,9.195402298850574,81.60919540229885
E00054738,170,27,12,15,143,21,122,15.88235294117647,7.0588235294117645,8.823529411764707,84.11764705882354,12.352941176470589,71.76470588235294
E00054739,292,42,19,23,250,12,238,14.383561643835616,6.506849315068493,7.876712328767123,85.61643835616438,4.10958904109589,81.5068493150685
E00054740,501,60,26,34,441,30,411,11.976047904191617,5.189620758483033,6.786427145708583,88.02395209580838,5.9880239520958085,82.03592814371258
E00054741,243,50,20,30,193,15,178,20.5761316872428,8.23045267489712,12.345679012345679,79.42386831275721,6.172839506172839,73.25102880658436
E00054742,404,93,54,39,311,21,290,23.01980198019802,13.366336633663368,9.653465346534654,76.98019801980197,5.198019801980198,71.78217821782178
E00054743,478,73,24,49,405,37,368,15.271966527196653,5.02092050209205,10.251046025104603,84.72803347280335,7.740585774058577,76.98744769874477
E00054744,280,34,15,19,246,35,211,12.142857142857142,5.357142857142857,6.785714285714286,87.85714285714286,12.5,75.35714285714286
E00054745,278,30,8,22,248,18,230,10.79136690647482,2.877697841726619,7.913669064748201,89.20863309352518,6.474820143884892,82.73381294964028
E00054746,226,26,12,14,200,14,186,11.504424778761061,5.3097345132743365,6.1946902654867255,88.49557522123894,6.1946902654867255,82.30088495575221
E00054747,225,36,11,25,189,13,176,16,4.888888888888889,11.11111111111111,84,5.777777777777778,78.22222222222223
E00054748,250,46,19,27,204,27,177,18.4,7.6,10.8,81.6,10.8,70.8
E00054749,292,53,12,41,239,24,215,18.15068493150685,4.10958904109589,14.04109589041096,81.84931506849315,8.21917808219178,73.63013698630137
E00054750,142,37,14,23,105,10,95,26.056338028169012,9.859154929577464,16.19718309859155,73.94366197183099,7.042253521126761,66.90140845070422
E00054751,292,53,18,35,239,24,215,18.15068493150685,6.164383561643835,11.986301369863012,81.84931506849315,8.21917808219178,73.63013698630137
E00054752,106,15,5,10,91,9,82,14.150943396226415,4.716981132075472,9.433962264150944,85.84905660377359,8.49056603773585,77.35849056603774
E00054753,339,52,17,35,287,26,261,15.339233038348082,5.014749262536873,10.32448377581121,84.66076696165192,7.669616519174041,76.99115044247787
E00054754,343,41,19,22,302,28,274,11.9533527696793,5.539358600583091,6.41399416909621,88.0466472303207,8.16326530612245,79.88338192419825
E00054755,398,54,22,32,344,35,309,13.5678391959799,5.527638190954774,8.040201005025125,86.4321608040201,8.793969849246231,77.63819095477386
E00054756,245,30,10,20,215,26,189,12.244897959183673,4.081632653061225,8.16326530612245,87.75510204081633,10.612244897959183,77.14285714285715
E00054757,299,52,12,40,247,19,228,17.391304347826086,4.013377926421405,13.377926421404682,82.6086956521739,6.354515050167224,76.2541806020067
E00054758,413,133,86,47,280,22,258,32.20338983050847,20.823244552058114,11.380145278450362,67.79661016949152,5.326876513317192,62.469733656174334
E00054759,407,67,32,35,340,28,312,16.461916461916463,7.862407862407863,8.5995085995086,83.53808353808354,6.87960687960688,76.65847665847666
E00054760,511,64,24,40,447,32,415,12.524461839530332,4.6966731898238745,7.8277886497064575,87.47553816046967,6.262230919765166,81.2133072407045
E00054761,402,94,37,57,308,20,288,23.383084577114428,9.203980099502488,14.17910447761194,76.61691542288557,4.975124378109453,71.64179104477611
E00054762,311,63,27,36,248,20,228,20.257234726688104,8.681672025723474,11.57556270096463,79.7427652733119,6.430868167202572,73.31189710610933
E00054763,464,83,35,48,381,28,353,17.887931034482758,7.543103448275862,10.344827586206897,82.11206896551724,6.0344827586206895,76.07758620689656
E00054764,261,57,23,34,204,19,185,21.839080459770116,8.812260536398467,13.026819923371647,78.16091954022988,7.2796934865900385,70.88122605363985
E00054765,255,78,39,39,177,21,156,30.58823529411765,15.294117647058824,15.294117647058824,69.41176470588235,8.235294117647058,61.1764705882353
E00054766,296,50,18,32,246,16,230,16.89189189189189,6.081081081081082,10.81081081081081,83.1081081081081,5.405405405405405,77.7027027027027
E00054767,331,61,18,43,270,20,250,18.429003021148034,5.438066465256798,12.990936555891238,81.57099697885197,6.042296072507553,75.52870090634441
E00054768,567,85,28,57,482,41,441,14.991181657848324,4.938271604938271,10.052910052910052,85.00881834215167,7.231040564373897,77.77777777777779
E00054769,269,51,19,32,218,25,193,18.95910780669145,7.063197026022305,11.895910780669144,81.04089219330855,9.293680297397769,71.74721189591078
E00054770,327,53,19,34,274,33,241,16.207951070336392,5.81039755351682,10.397553516819572,83.79204892966361,10.091743119266056,73.70030581039755
E00054771,266,39,13,26,227,13,214,14.661654135338345,4.887218045112782,9.774436090225564,85.33834586466166,4.887218045112782,80.45112781954887
E00054772,325,109,59,50,216,20,196,33.53846153846154,18.153846153846153,15.384615384615385,66.46153846153847,6.153846153846154,60.30769230769231
E00054773,486,102,46,56,384,11,373,20.98765432098765,9.465020576131687,11.522633744855968,79.01234567901234,2.263374485596708,76.74897119341564
E00054774,260,52,18,34,208,20,188,20,6.923076923076923,13.076923076923078,80,7.6923076923076925,72.3076923076923
E00054775,374,68,27,41,306,19,287,18.181818181818183,7.219251336898395,10.962566844919785,81.81818181818183,5.080213903743315,76.7379679144385
E00054776,270,49,18,31,221,20,201,18.14814814814815,6.666666666666667,11.481481481481481,81.85185185185185,7.4074074074074066,74.44444444444444
E00054777,384,85,31,54,299,24,275,22.135416666666664,8.072916666666668,14.0625,77.86458333333334,6.25,71.61458333333334
E00054778,319,71,30,41,248,19,229,22.25705329153605,9.404388714733543,12.852664576802509,77.74294670846395,5.956112852664576,71.78683385579937
E00054779,353,74,27,47,279,15,264,20.96317280453258,7.64872521246459,13.314447592067987,79.03682719546742,4.2492917847025495,74.78753541076487
E00054780,225,47,13,34,178,13,165,20.88888888888889,5.777777777777778,15.11111111111111,79.11111111111111,5.777777777777778,73.33333333333333
E00054781,275,48,16,32,227,18,209,17.454545454545457,5.818181818181818,11.636363636363637,82.54545454545455,6.545454545454546,76
E00054782,355,64,23,41,291,19,272,18.028169014084508,6.478873239436619,11.549295774647888,81.97183098591549,5.352112676056338,76.61971830985915
E00054783,242,56,25,31,186,14,172,23.140495867768596,10.330578512396695,12.8099173553719,76.85950413223141,5.785123966942149,71.07438016528926
E00054784,489,93,47,46,396,17,379,19.018404907975462,9.611451942740286,9.406952965235174,80.98159509202453,3.476482617586912,77.50511247443764
E00054785,316,74,33,41,242,18,224,23.417721518987342,10.443037974683545,12.974683544303797,76.58227848101265,5.69620253164557,70.88607594936708
E00054786,294,34,14,20,260,26,234,11.564625850340136,4.761904761904762,6.802721088435375,88.43537414965986,8.843537414965986,79.59183673469387
E00054787,208,38,12,26,170,7,163,18.269230769230766,5.769230769230769,12.5,81.73076923076923,3.3653846153846154,78.36538461538461
E00054788,254,67,36,31,187,14,173,26.37795275590551,14.173228346456693,12.204724409448819,73.62204724409449,5.511811023622047,68.11023622047244
E00054789,425,74,35,39,351,27,324,17.41176470588235,8.235294117647058,9.176470588235293,82.58823529411765,6.352941176470588,76.23529411764706
E00054790,274,40,14,26,234,20,214,14.5985401459854,5.109489051094891,9.48905109489051,85.40145985401459,7.2992700729927,78.1021897810219
E00054791,418,80,40,40,338,26,312,19.138755980861244,9.569377990430622,9.569377990430622,80.86124401913875,6.220095693779904,74.64114832535886
E00054792,303,51,24,27,252,18,234,16.831683168316832,7.920792079207921,8.91089108910891,83.16831683168317,5.9405940594059405,77.22772277227723
E00054793,265,55,31,24,210,29,181,20.754716981132077,11.69811320754717,9.056603773584905,79.24528301886792,10.943396226415095,68.30188679245282
E00054794,247,49,23,26,198,24,174,19.838056680161944,9.31174089068826,10.526315789473683,80.16194331983806,9.7165991902834,70.44534412955466
E00054795,251,62,31,31,189,25,164,24.701195219123505,12.350597609561753,12.350597609561753,75.2988047808765,9.9601593625498,65.33864541832669
E00054796,326,66,28,38,260,38,222,20.245398773006134,8.588957055214724,11.65644171779141,79.75460122699386,11.65644171779141,68.09815950920245
E00054797,361,68,33,35,293,31,262,18.83656509695291,9.141274238227147,9.695290858725762,81.16343490304709,8.587257617728532,72.57617728531855
E00054798,331,55,25,30,276,14,262,16.61631419939577,7.552870090634441,9.06344410876133,83.38368580060424,4.229607250755287,79.15407854984893
E00054799,290,50,12,38,240,13,227,17.24137931034483,4.137931034482759,13.10344827586207,82.75862068965517,4.482758620689655,78.27586206896552
E00054800,230,56,24,32,174,12,162,24.347826086956523,10.434782608695652,13.91304347826087,75.65217391304347,5.217391304347826,70.43478260869566
E00054801,335,70,32,38,265,23,242,20.8955223880597,9.55223880597015,11.343283582089553,79.1044776119403,6.865671641791045,72.23880597014926
E00054802,310,67,32,35,243,17,226,21.612903225806452,10.32258064516129,11.29032258064516,78.38709677419354,5.483870967741936,72.90322580645162
E00054803,245,78,35,43,167,16,151,31.83673469387755,14.285714285714285,17.551020408163264,68.16326530612244,6.530612244897959,61.63265306122449
E00054804,324,118,61,57,206,6,200,36.41975308641975,18.82716049382716,17.59259259259259,63.580246913580254,1.8518518518518516,61.72839506172839
E00054805,328,73,38,35,255,21,234,22.25609756097561,11.585365853658537,10.670731707317072,77.7439024390244,6.402439024390244,71.34146341463415
E00054806,310,44,14,30,266,18,248,14.193548387096774,4.516129032258064,9.67741935483871,85.80645161290322,5.806451612903226,80
E00054807,331,61,23,38,270,27,243,18.429003021148034,6.948640483383686,11.48036253776435,81.57099697885197,8.157099697885197,73.41389728096676
E00054808,327,93,57,36,234,16,218,28.440366972477065,17.431192660550458,11.009174311926607,71.55963302752293,4.892966360856269,66.66666666666666
E00054809,307,65,28,37,242,25,217,21.172638436482085,9.120521172638437,12.052117263843648,78.82736156351791,8.143322475570033,70.68403908794788
E00176094,139,27,8,19,112,12,100,19.424460431654676,5.755395683453238,13.66906474820144,80.57553956834532,8.633093525179856,71.94244604316546
E00176095,168,26,11,15,142,12,130,15.476190476190476,6.547619047619048,8.928571428571429,84.52380952380952,7.142857142857142,77.38095238095238
E00176096,293,52,26,26,241,25,216,17.747440273037544,8.873720136518772,8.873720136518772,82.25255972696246,8.532423208191126,73.72013651877133
E00176097,604,137,69,68,467,33,434,22.68211920529801,11.42384105960265,11.258278145695364,77.31788079470199,5.4635761589403975,71.8543046357616
E00176098,395,118,84,34,277,12,265,29.873417721518987,21.265822784810126,8.60759493670886,70.12658227848101,3.0379746835443036,67.08860759493672
E00176099,210,16,0,16,194,18,176,7.6190476190476195,0,7.6190476190476195,92.38095238095238,8.571428571428571,83.80952380952381
E00176100,223,27,13,14,196,19,177,12.10762331838565,5.829596412556054,6.278026905829597,87.89237668161435,8.520179372197308,79.37219730941703
E00176101,125,21,7,14,104,9,95,16.8,5.6000000000000005,11.200000000000001,83.2,7.199999999999999,76
E00176102,398,46,26,20,352,6,346,11.557788944723619,6.532663316582915,5.025125628140704,88.44221105527639,1.507537688442211,86.93467336683418
E00176103,214,36,18,18,178,4,174,16.822429906542055,8.411214953271028,8.411214953271028,83.17757009345794,1.8691588785046727,81.30841121495327
E00176104,259,31,10,21,228,19,209,11.96911196911197,3.861003861003861,8.108108108108109,88.03088803088804,7.335907335907336,80.6949806949807
E00176107,183,29,6,23,154,12,142,15.846994535519126,3.278688524590164,12.568306010928962,84.15300546448088,6.557377049180328,77.59562841530054
E00176108,207,18,7,11,189,16,173,8.695652173913043,3.3816425120772946,5.314009661835748,91.30434782608695,7.729468599033816,83.57487922705315
E00176109,266,35,15,20,231,12,219,13.157894736842104,5.639097744360902,7.518796992481203,86.8421052631579,4.511278195488721,82.33082706766918
E00176111,358,43,19,24,315,22,293,12.011173184357542,5.307262569832402,6.70391061452514,87.98882681564247,6.145251396648044,81.84357541899442
E00176112,435,54,17,37,381,10,371,12.413793103448276,3.9080459770114944,8.505747126436782,87.58620689655172,2.2988505747126435,85.28735632183908
E00176113,270,30,13,17,240,4,236,11.11111111111111,4.814814814814815,6.296296296296296,88.88888888888889,1.4814814814814816,87.4074074074074
E00176114,448,64,42,22,384,6,378,14.285714285714285,9.375,4.910714285714286,85.71428571428571,1.3392857142857142,84.375
E00176116,211,20,14,6,191,2,189,9.47867298578199,6.6350710900473935,2.843601895734597,90.52132701421802,0.9478672985781991,89.57345971563981
E00176117,421,62,35,27,359,8,351,14.726840855106888,8.31353919239905,6.413301662707839,85.2731591448931,1.9002375296912115,83.3729216152019
E00176118,440,62,26,36,378,18,360,14.09090909090909,5.909090909090909,8.181818181818182,85.9090909090909,4.090909090909091,81.81818181818183
E00176119,320,86,61,25,234,7,227,26.875,19.0625,7.8125,73.125,2.1875,70.9375
E00176120,206,42,28,14,164,6,158,20.388349514563107,13.592233009708737,6.796116504854369,79.6116504854369,2.912621359223301,76.69902912621359
E00176121,491,85,57,28,406,12,394,17.311608961303463,11.608961303462321,5.7026476578411405,82.68839103869654,2.4439918533604885,80.24439918533605
E00176122,292,29,9,20,263,26,237,9.931506849315069,3.0821917808219177,6.8493150684931505,90.06849315068493,8.904109589041095,81.16438356164383
E00176123,280,28,5,23,252,10,242,10,1.7857142857142856,8.214285714285714,90,3.571428571428571,86.42857142857143
E00176125,212,56,40,16,156,8,148,26.41509433962264,18.867924528301888,7.547169811320755,73.58490566037736,3.7735849056603774,69.81132075471697
E00176126,270,30,14,16,240,7,233,11.11111111111111,5.185185185185185,5.9259259259259265,88.88888888888889,2.5925925925925926,86.29629629629629
E00176127,516,45,33,12,471,11,460,8.720930232558139,6.395348837209303,2.3255813953488373,91.27906976744185,2.131782945736434,89.14728682170544
E00176128,427,60,38,22,367,7,360,14.05152224824356,8.899297423887589,5.152224824355972,85.94847775175644,1.639344262295082,84.30913348946136
E00176129,235,25,11,14,210,3,207,10.638297872340425,4.680851063829787,5.957446808510639,89.36170212765957,1.276595744680851,88.08510638297872
E00176131,187,36,16,20,151,9,142,19.25133689839572,8.55614973262032,10.695187165775401,80.74866310160428,4.81283422459893,75.93582887700535
E00176132,231,28,18,10,203,6,197,12.121212121212121,7.792207792207792,4.329004329004329,87.87878787878788,2.5974025974025974,85.28138528138528
E00176133,418,66,40,26,352,8,344,15.789473684210526,9.569377990430622,6.220095693779904,84.21052631578947,1.9138755980861244,82.29665071770334
E00176134,413,54,26,28,359,3,356,13.075060532687651,6.2953995157385,6.779661016949152,86.92493946731234,0.7263922518159807,86.19854721549636
E00176135,277,48,17,31,229,25,204,17.328519855595665,6.137184115523466,11.191335740072201,82.67148014440433,9.025270758122744,73.6462093862816
E00176136,209,31,16,15,178,0,178,14.832535885167463,7.655502392344498,7.177033492822966,85.16746411483254,0,85.16746411483254
E00176137,223,33,9,24,190,14,176,14.798206278026907,4.0358744394618835,10.762331838565023,85.20179372197309,6.278026905829597,78.9237668161435
E00176139,383,58,28,30,325,12,313,15.143603133159269,7.310704960835509,7.83289817232376,84.85639686684074,3.1331592689295036,81.72323759791122
E00176140,453,50,20,30,403,19,384,11.037527593818984,4.415011037527594,6.622516556291391,88.96247240618102,4.194260485651214,84.76821192052981
E00176141,294,31,19,12,263,10,253,10.54421768707483,6.462585034013606,4.081632653061225,89.45578231292517,3.4013605442176873,86.05442176870748
E00176142,164,19,12,7,145,6,139,11.585365853658537,7.317073170731707,4.2682926829268295,88.41463414634147,3.6585365853658534,84.7560975609756
E00176143,544,97,55,42,447,5,442,17.830882352941178,10.11029411764706,7.720588235294118,82.16911764705883,0.9191176470588236,81.25
E00176144,189,35,15,20,154,1,153,18.51851851851852,7.936507936507936,10.582010582010582,81.48148148148148,0.5291005291005291,80.95238095238095
E00176145,453,51,30,21,402,4,398,11.258278145695364,6.622516556291391,4.635761589403973,88.74172185430463,0.8830022075055187,87.85871964679912
E00176146,237,25,6,19,212,12,200,10.548523206751055,2.5316455696202533,8.016877637130802,89.45147679324894,5.063291139240507,84.38818565400844
E00176147,256,40,21,19,216,0,216,15.625,8.203125,7.421875,84.375,0,84.375
E00176148,609,85,41,44,524,19,505,13.957307060755337,6.732348111658457,7.224958949096879,86.04269293924466,3.1198686371100166,82.92282430213464
E00176149,478,49,26,23,429,8,421,10.251046025104603,5.439330543933055,4.811715481171548,89.7489539748954,1.6736401673640167,88.07531380753139
E00176150,402,73,37,36,329,8,321,18.1592039800995,9.203980099502488,8.955223880597014,81.8407960199005,1.9900497512437811,79.8507462686567
E00176151,327,46,25,21,281,4,277,14.067278287461773,7.64525993883792,6.422018348623854,85.93272171253822,1.2232415902140672,84.70948012232415
E00176155,404,39,9,30,365,46,319,9.653465346534654,2.2277227722772275,7.425742574257425,90.34653465346535,11.386138613861387,78.96039603960396
E00176156,272,51,21,30,221,21,200,18.75,7.720588235294118,11.029411764705882,81.25,7.720588235294118,73.52941176470588
E00176157,526,68,27,41,458,11,447,12.927756653992395,5.133079847908745,7.79467680608365,87.07224334600761,2.091254752851711,84.9809885931559
E00176158,187,54,22,32,133,8,125,28.87700534759358,11.76470588235294,17.11229946524064,71.12299465240642,4.27807486631016,66.84491978609626
E00176159,379,63,33,30,316,12,304,16.62269129287599,8.70712401055409,7.9155672823219,83.37730870712402,3.16622691292876,80.21108179419525
E00176160,391,51,31,20,340,8,332,13.043478260869565,7.928388746803069,5.115089514066496,86.95652173913044,2.0460358056265986,84.91048593350384
E00176161,560,68,34,34,492,8,484,12.142857142857142,6.071428571428571,6.071428571428571,87.85714285714286,1.4285714285714286,86.42857142857143
E00176162,349,68,30,38,281,7,274,19.484240687679083,8.595988538681947,10.888252148997136,80.51575931232091,2.005730659025788,78.51002865329512
E00176163,281,28,12,16,253,23,230,9.9644128113879,4.270462633451958,5.6939501779359425,90.0355871886121,8.185053380782918,81.85053380782918
E00176164,366,33,8,25,333,19,314,9.01639344262295,2.185792349726776,6.830601092896176,90.98360655737704,5.191256830601093,85.79234972677595
E00176166,184,15,1,14,169,8,161,8.152173913043478,0.5434782608695652,7.608695652173914,91.84782608695652,4.3478260869565215,87.5
E00176167,371,41,11,30,330,26,304,11.05121293800539,2.964959568733154,8.086253369272237,88.94878706199461,7.008086253369273,81.94070080862534
E00176168,467,71,41,30,396,11,385,15.203426124197003,8.779443254817988,6.423982869379015,84.79657387580299,2.355460385438972,82.44111349036403
E00176169,548,83,53,30,465,14,451,15.145985401459855,9.67153284671533,5.474452554744526,84.85401459854015,2.5547445255474455,82.2992700729927
E00176170,340,42,16,26,298,13,285,12.352941176470589,4.705882352941177,7.647058823529412,87.6470588235294,3.823529411764706,83.82352941176471
E00176171,328,44,17,27,284,14,270,13.414634146341465,5.182926829268292,8.231707317073171,86.58536585365853,4.2682926829268295,82.3170731707317
E00176172,403,113,84,29,290,12,278,28.03970223325062,20.843672456575682,7.196029776674938,71.96029776674938,2.977667493796526,68.98263027295285
E00176173,336,42,24,18,294,10,284,12.5,7.142857142857142,5.357142857142857,87.5,2.976190476190476,84.52380952380952
E00176174,421,50,29,21,371,7,364,11.87648456057007,6.88836104513064,4.98812351543943,88.12351543942994,1.66270783847981,86.46080760095012
E00176175,381,84,38,46,297,18,279,22.04724409448819,9.973753280839896,12.073490813648293,77.95275590551181,4.724409448818897,73.22834645669292
E00176176,277,50,26,24,227,13,214,18.050541516245488,9.386281588447654,8.664259927797833,81.94945848375451,4.693140794223827,77.25631768953069
E00176177,279,41,16,25,238,35,203,14.695340501792115,5.734767025089606,8.960573476702509,85.30465949820788,12.544802867383511,72.75985663082437
E00176178,310,25,9,16,285,29,256,8.064516129032258,2.903225806451613,5.161290322580645,91.93548387096774,9.35483870967742,82.58064516129032
E00176179,371,55,25,30,316,30,286,14.824797843665769,6.738544474393531,8.086253369272237,85.17520215633422,8.086253369272237,77.088948787062
E00176180,385,68,40,28,317,26,291,17.662337662337663,10.38961038961039,7.2727272727272725,82.33766233766234,6.753246753246753,75.58441558441558
E00176181,234,39,18,21,195,18,177,16.666666666666664,7.6923076923076925,8.974358974358974,83.33333333333334,7.6923076923076925,75.64102564102564
E00176182,701,25,5,20,676,17,659,3.566333808844508,0.7132667617689016,2.8530670470756063,96.43366619115548,2.4251069900142657,94.00855920114122
E00176183,334,42,20,22,292,18,274,12.574850299401197,5.9880239520958085,6.58682634730539,87.42514970059881,5.389221556886228,82.03592814371258
E00176184,345,63,27,36,282,10,272,18.26086956521739,7.82608695652174,10.434782608695652,81.73913043478261,2.898550724637681,78.84057971014494
E00176185,247,24,15,9,223,9,214,9.7165991902834,6.0728744939271255,3.643724696356275,90.2834008097166,3.643724696356275,86.63967611336032
E00176186,271,36,19,17,235,12,223,13.284132841328415,7.011070110701106,6.273062730627306,86.71586715867159,4.428044280442804,82.28782287822878
E00176187,313,39,21,18,274,13,261,12.460063897763577,6.7092651757188495,5.7507987220447285,87.53993610223642,4.15335463258786,83.38658146964856
E00176188,183,17,13,4,166,6,160,9.289617486338798,7.103825136612022,2.185792349726776,90.7103825136612,3.278688524590164,87.43169398907104
E00176189,331,56,29,27,275,12,263,16.91842900302115,8.761329305135952,8.157099697885197,83.08157099697885,3.625377643504532,79.45619335347432
E00176190,291,40,16,24,251,28,223,13.745704467353953,5.498281786941581,8.24742268041237,86.25429553264605,9.621993127147768,76.6323024054983
E00176192,402,35,19,16,367,10,357,8.706467661691542,4.72636815920398,3.9800995024875623,91.29353233830845,2.4875621890547266,88.80597014925374
E00176193,276,30,16,14,246,7,239,10.869565217391305,5.797101449275362,5.072463768115942,89.13043478260869,2.536231884057971,86.59420289855072
E00176194,195,35,12,23,160,5,155,17.94871794871795,6.153846153846154,11.794871794871794,82.05128205128204,2.564102564102564,79.48717948717949
E00176195,224,28,17,11,196,1,195,12.5,7.5892857142857135,4.910714285714286,87.5,0.4464285714285714,87.05357142857143
E00176196,505,65,36,29,440,3,437,12.871287128712872,7.128712871287128,5.742574257425743,87.12871287128714,0.594059405940594,86.53465346534654
E00176197,380,50,18,32,330,24,306,13.157894736842104,4.736842105263158,8.421052631578947,86.8421052631579,6.315789473684211,80.52631578947368
E00176198,404,48,18,30,356,34,322,11.881188118811881,4.455445544554455,7.425742574257425,88.11881188118812,8.415841584158416,79.70297029702971
E00176199,321,108,98,10,213,7,206,33.64485981308411,30.529595015576323,3.115264797507788,66.35514018691589,2.1806853582554515,64.17445482866043
E00176200,245,30,14,16,215,10,205,12.244897959183673,5.714285714285714,6.530612244897959,87.75510204081633,4.081632653061225,83.6734693877551
E00176201,187,31,14,17,156,17,139,16.577540106951872,7.4866310160427805,9.090909090909092,83.42245989304813,9.090909090909092,74.33155080213903
E00176202,264,44,15,29,220,18,202,16.666666666666664,5.681818181818182,10.984848484848484,83.33333333333334,6.8181818181818175,76.51515151515152
E00176203,270,17,1,16,253,22,231,6.296296296296296,0.3703703703703704,5.9259259259259265,93.7037037037037,8.148148148148149,85.55555555555556
E00176204,370,30,12,18,340,24,316,8.108108108108109,3.2432432432432434,4.864864864864865,91.8918918918919,6.486486486486487,85.4054054054054
E00176205,253,29,10,19,224,24,200,11.462450592885375,3.9525691699604746,7.5098814229249005,88.53754940711462,9.486166007905137,79.05138339920948
E00176206,507,70,31,39,437,10,427,13.806706114398423,6.11439842209073,7.6923076923076925,86.19329388560158,1.9723865877712032,84.22090729783037
E00176207,375,93,38,55,282,2,280,24.8,10.133333333333333,14.666666666666666,75.2,0.5333333333333333,74.66666666666667
E00176208,226,37,22,15,189,2,187,16.371681415929203,9.734513274336283,6.637168141592921,83.6283185840708,0.8849557522123894,82.7433628318584
E00176209,210,27,14,13,183,7,176,12.857142857142856,6.666666666666667,6.190476190476191,87.14285714285714,3.3333333333333335,83.80952380952381
E00176210,213,26,13,13,187,7,180,12.206572769953052,6.103286384976526,6.103286384976526,87.79342723004694,3.286384976525822,84.50704225352112
E00176211,547,76,50,26,471,14,457,13.893967093235831,9.140767824497258,4.753199268738574,86.10603290676416,2.5594149908592323,83.54661791590493
E00176212,319,47,19,28,272,25,247,14.733542319749215,5.956112852664576,8.77742946708464,85.26645768025078,7.836990595611286,77.4294670846395
E00176213,194,75,36,39,119,15,104,38.659793814432994,18.556701030927837,20.103092783505154,61.34020618556701,7.731958762886598,53.608247422680414
E00176214,403,42,13,29,361,30,331,10.421836228287841,3.225806451612903,7.196029776674938,89.57816377171216,7.444168734491314,82.13399503722084
E00176215,362,34,9,25,328,32,296,9.392265193370166,2.4861878453038675,6.906077348066299,90.60773480662984,8.83977900552486,81.76795580110497
E00177751,486,75,32,43,411,42,369,15.432098765432098,6.584362139917696,8.847736625514404,84.5679012345679,8.641975308641975,75.92592592592592
E00177753,443,49,21,28,394,17,377,11.060948081264108,4.740406320541761,6.320541760722348,88.93905191873588,3.837471783295711,85.10158013544017
E00177754,335,84,42,42,251,18,233,25.07462686567164,12.53731343283582,12.53731343283582,74.92537313432835,5.3731343283582085,69.55223880597015
E00177755,290,102,49,53,188,15,173,35.172413793103445,16.896551724137932,18.275862068965516,64.82758620689654,5.172413793103448,59.6551724137931
E00177760,439,53,18,35,386,15,371,12.072892938496583,4.100227790432802,7.972665148063782,87.92710706150342,3.416856492027335,84.51025056947609
E00177761,670,105,66,39,565,13,552,15.671641791044777,9.850746268656717,5.820895522388059,84.32835820895522,1.9402985074626864,82.38805970149254
E00177762,672,81,38,43,591,16,575,12.053571428571429,5.654761904761905,6.398809523809524,87.94642857142857,2.380952380952381,85.56547619047619
E00177764,365,55,28,27,310,12,298,15.068493150684931,7.671232876712329,7.397260273972603,84.93150684931507,3.287671232876712,81.64383561643835
E00177765,313,60,32,28,253,12,241,19.169329073482427,10.223642172523961,8.945686900958465,80.83067092651757,3.8338658146964857,76.99680511182109
E00177766,294,41,16,25,253,12,241,13.945578231292515,5.442176870748299,8.503401360544217,86.05442176870748,4.081632653061225,81.97278911564626
E00177767,491,77,36,41,414,20,394,15.682281059063136,7.3319755600814664,8.350305498981669,84.31771894093686,4.0733197556008145,80.24439918533605
E00177768,421,43,11,32,378,39,339,10.21377672209026,2.6128266033254155,7.600950118764846,89.78622327790974,9.263657957244655,80.52256532066508
E00177769,553,64,18,46,489,21,468,11.573236889692586,3.25497287522604,8.318264014466546,88.42676311030742,3.79746835443038,84.62929475587704
E00177770,535,70,32,38,465,39,426,13.084112149532709,5.981308411214954,7.102803738317758,86.91588785046729,7.289719626168225,79.62616822429906
E00177771,155,44,16,28,111,12,99,28.387096774193548,10.32258064516129,18.064516129032256,71.61290322580646,7.741935483870968,63.87096774193548
E00177772,415,64,34,30,351,21,330,15.421686746987953,8.19277108433735,7.228915662650602,84.57831325301206,5.0602409638554215,79.51807228915662
E00177773,535,65,33,32,470,13,457,12.149532710280374,6.16822429906542,5.981308411214954,87.85046728971963,2.4299065420560746,85.42056074766356
E00177774,361,23,8,15,338,24,314,6.3711911357340725,2.21606648199446,4.1551246537396125,93.62880886426593,6.64819944598338,86.98060941828255
E00177775,456,52,22,30,404,13,391,11.403508771929824,4.824561403508771,6.578947368421052,88.59649122807018,2.850877192982456,85.74561403508771
E00177776,345,65,42,23,280,10,270,18.84057971014493,12.173913043478262,6.666666666666667,81.15942028985508,2.898550724637681,78.26086956521739
E00177777,306,21,5,16,285,19,266,6.862745098039216,1.6339869281045754,5.228758169934641,93.13725490196079,6.209150326797386,86.9281045751634
E00177778,135,36,18,18,99,7,92,26.666666666666668,13.333333333333334,13.333333333333334,73.33333333333333,5.185185185185185,68.14814814814815
E00177779,347,46,19,27,301,10,291,13.256484149855908,5.475504322766571,7.780979827089338,86.74351585014409,2.881844380403458,83.86167146974063
E00177780,438,89,48,41,349,13,336,20.319634703196346,10.95890410958904,9.360730593607306,79.68036529680366,2.968036529680365,76.71232876712328
E00177781,250,21,4,17,229,32,197,8.4,1.6,6.800000000000001,91.60000000000001,12.8,78.8
E00177782,137,25,8,17,112,2,110,18.248175182481752,5.839416058394161,12.408759124087592,81.75182481751825,1.4598540145985401,80.2919708029197
E00177783,138,10,1,9,128,0,128,7.246376811594203,0.7246376811594203,6.521739130434782,92.7536231884058,0,92.7536231884058
E00177784,257,23,11,12,234,0,234,8.949416342412452,4.280155642023346,4.669260700389105,91.05058365758755,0,91.05058365758755
E00177785,211,23,4,19,188,17,171,10.90047393364929,1.8957345971563981,9.004739336492891,89.0995260663507,8.056872037914692,81.04265402843602
E00177786,186,26,16,10,160,17,143,13.978494623655912,8.60215053763441,5.376344086021505,86.02150537634408,9.13978494623656,76.88172043010752
E00177787,228,28,10,18,200,14,186,12.280701754385964,4.385964912280701,7.894736842105263,87.71929824561403,6.140350877192982,81.57894736842105
E00177788,222,33,12,21,189,19,170,14.864864864864865,5.405405405405405,9.45945945945946,85.13513513513513,8.558558558558559,76.57657657657657
E00177789,555,22,6,16,533,43,490,3.963963963963964,1.0810810810810811,2.8828828828828827,96.03603603603604,7.747747747747748,88.28828828828829
E00177790,431,51,26,25,380,12,368,11.832946635730858,6.0324825986078885,5.800464037122969,88.16705336426914,2.784222737819025,85.38283062645012
E00177791,458,57,24,33,401,10,391,12.445414847161572,5.240174672489083,7.20524017467249,87.55458515283843,2.1834061135371177,85.37117903930131
E00177792,226,25,10,15,201,17,184,11.061946902654867,4.424778761061947,6.637168141592921,88.93805309734513,7.52212389380531,81.41592920353983
E00177793,318,34,21,13,284,5,279,10.69182389937107,6.60377358490566,4.088050314465408,89.30817610062893,1.5723270440251573,87.73584905660378
E00177794,620,73,23,50,547,14,533,11.774193548387096,3.7096774193548385,8.064516129032258,88.2258064516129,2.258064516129032,85.96774193548387
E00177795,126,18,8,10,108,12,96,14.285714285714285,6.349206349206349,7.936507936507936,85.71428571428571,9.523809523809524,76.19047619047619
E00177796,390,52,38,14,338,9,329,13.333333333333334,9.7435897435897445,3.5897435897435894,86.66666666666667,2.307692307692308,84.35897435897436
E00177797,452,73,41,32,379,9,370,16.150442477876105,9.070796460176991,7.079646017699115,83.8495575221239,1.991150442477876,81.85840707964603
E00177798,388,44,27,17,344,12,332,11.34020618556701,6.958762886597938,4.381443298969072,88.65979381443299,3.0927835051546393,85.56701030927834
E00177799,340,85,39,46,255,14,241,25,11.470588235294118,13.529411764705882,75,4.117647058823529,70.88235294117648
E00177800,280,80,41,39,200,16,184,28.57142857142857,14.642857142857144,13.928571428571429,71.42857142857143,5.714285714285714,65.71428571428571
E00177801,439,58,23,35,381,9,372,13.211845102505695,5.239179954441914,7.972665148063782,86.78815489749431,2.050113895216401,84.73804100227791
E00177802,117,18,6,12,99,11,88,15.384615384615385,5.128205128205128,10.256410256410255,84.61538461538461,9.401709401709402,75.21367521367522
E00177803,280,31,16,15,249,4,245,11.071428571428571,5.714285714285714,5.357142857142857,88.92857142857142,1.4285714285714286,87.5
E00177804,150,28,14,14,122,12,110,18.666666666666668,9.333333333333334,9.333333333333334,81.33333333333333,8,73.33333333333333
E00177805,457,49,19,30,408,18,390,10.722100656455142,4.157549234135667,6.564551422319474,89.27789934354486,3.938730853391685,85.33916849015317
E00177806,152,7,2,5,145,10,135,4.605263157894736,1.3157894736842104,3.289473684210526,95.39473684210526,6.578947368421052,88.81578947368422
E00177807,349,95,61,34,254,25,229,27.22063037249284,17.478510028653297,9.742120343839542,72.77936962750717,7.163323782234957,65.61604584527221
E00177808,188,75,44,31,113,10,103,39.8936170212766,23.404255319148938,16.48936170212766,60.1063829787234,5.319148936170213,54.78723404255319
E00177809,182,19,10,9,163,7,156,10.43956043956044,5.4945054945054945,4.945054945054945,89.56043956043956,3.8461538461538463,85.71428571428571
E00177810,153,30,11,19,123,10,113,19.607843137254903,7.18954248366013,12.418300653594772,80.3921568627451,6.535947712418301,73.8562091503268
E00177811,308,59,17,42,249,24,225,19.155844155844157,5.51948051948052,13.636363636363635,80.84415584415584,7.792207792207792,73.05194805194806
E00177812,212,42,34,8,170,0,170,19.81132075471698,16.037735849056602,3.7735849056603774,80.18867924528303,0,80.18867924528303
E00177813,191,26,18,8,165,0,165,13.612565445026178,9.424083769633508,4.18848167539267,86.38743455497382,0,86.38743455497382
E00177814,133,34,16,18,99,11,88,25.563909774436087,12.030075187969924,13.533834586466165,74.43609022556392,8.270676691729323,66.16541353383458
E00177815,194,24,9,15,170,21,149,12.371134020618557,4.639175257731959,7.731958762886598,87.62886597938144,10.824742268041238,76.80412371134021
E00177816,307,37,16,21,270,8,262,12.052117263843648,5.211726384364821,6.840390879478828,87.94788273615634,2.6058631921824107,85.34201954397395
E00177817,318,92,44,48,226,17,209,28.930817610062892,13.836477987421384,15.09433962264151,71.0691823899371,5.345911949685535,65.72327044025157
E00177818,230,18,11,7,212,10,202,7.82608695652174,4.782608695652174,3.0434782608695654,92.17391304347827,4.3478260869565215,87.82608695652175
E00177819,307,53,30,23,254,8,246,17.263843648208468,9.77198697068404,7.491856677524431,82.73615635179154,2.6058631921824107,80.13029315960912
E00177820,360,45,20,25,315,7,308,12.5,5.555555555555555,6.944444444444445,87.5,1.9444444444444444,85.55555555555556
E00177821,285,39,11,28,246,19,227,13.684210526315791,3.8596491228070176,9.824561403508772,86.31578947368422,6.666666666666667,79.64912280701755
E00177822,203,21,13,8,182,1,181,10.344827586206897,6.403940886699508,3.9408866995073892,89.65517241379311,0.49261083743842365,89.16256157635468
E00177823,380,41,10,31,339,23,316,10.789473684210527,2.631578947368421,8.157894736842106,89.21052631578948,6.052631578947368,83.15789473684211
E00177824,106,26,12,14,80,3,77,24.528301886792452,11.320754716981133,13.20754716981132,75.47169811320755,2.8301886792452833,72.64150943396226
E00177825,549,73,40,33,476,12,464,13.296903460837886,7.285974499089254,6.0109289617486334,86.70309653916212,2.185792349726776,84.51730418943534
E00177826,388,47,11,36,341,22,319,12.11340206185567,2.8350515463917527,9.278350515463918,87.88659793814433,5.670103092783505,82.21649484536083
E00177827,389,52,22,30,337,26,311,13.367609254498714,5.655526992287918,7.712082262210797,86.63239074550128,6.683804627249357,79.94858611825192
E00177828,340,30,11,19,310,14,296,8.823529411764707,3.2352941176470593,5.588235294117648,91.17647058823529,4.117647058823529,87.05882352941177
E00177829,268,26,13,13,242,4,238,9.701492537313433,4.850746268656716,4.850746268656716,90.29850746268657,1.4925373134328357,88.80597014925374
E00177830,349,27,16,11,322,10,312,7.736389684813753,4.584527220630372,3.151862464183381,92.26361031518626,2.865329512893983,89.39828080229226
E00177831,427,40,12,28,387,29,358,9.367681498829041,2.810304449648712,6.557377049180328,90.63231850117096,6.791569086651054,83.8407494145199
E00177832,468,48,22,26,420,11,409,10.256410256410255,4.700854700854701,5.555555555555555,89.74358974358975,2.3504273504273505,87.3931623931624
E00177833,211,31,20,11,180,5,175,14.691943127962084,9.47867298578199,5.213270142180095,85.30805687203792,2.3696682464454977,82.93838862559242
E00177834,522,110,58,52,412,11,401,21.0727969348659,11.11111111111111,9.961685823754788,78.9272030651341,2.10727969348659,76.81992337164752
E00177835,309,72,29,43,237,17,220,23.300970873786408,9.385113268608414,13.915857605177994,76.69902912621359,5.501618122977346,71.19741100323624
E00177836,325,87,50,37,238,35,203,26.769230769230766,15.384615384615385,11.384615384615385,73.23076923076923,10.76923076923077,62.46153846153846
E00177837,557,46,20,26,511,15,496,8.258527827648116,3.5906642728904847,4.66786355475763,91.74147217235189,2.6929982046678633,89.04847396768402
E00177838,609,96,52,44,513,19,494,15.763546798029557,8.538587848932677,7.224958949096879,84.23645320197043,3.1198686371100166,81.11658456486043
E00177839,122,15,9,6,107,8,99,12.295081967213115,7.377049180327869,4.918032786885246,87.70491803278688,6.557377049180328,81.14754098360656
E00177840,453,48,26,22,405,14,391,10.596026490066226,5.739514348785872,4.856512141280353,89.40397350993378,3.090507726269316,86.313465783664455
E00177841,518,86,38,48,432,42,390,16.602316602316602,7.335907335907336,9.266409266409266,83.3976833976834,8.108108108108109,75.2895752895753
E00177842,517,67,35,32,450,15,435,12.959381044487428,6.769825918762089,6.189555125725339,87.04061895551257,2.9013539651837523,84.13926499032883
E00177843,346,50,22,28,296,12,284,14.450867052023122,6.358381502890173,8.092485549132949,85.54913294797689,3.4682080924855487,82.08092485549133
E00177844,341,62,39,23,279,14,265,18.181818181818183,11.436950146627565,6.744868035190615,81.81818181818183,4.105571847507331,77.71260997067448
E00177845,359,49,23,26,310,18,292,13.649025069637883,6.406685236768802,7.242339832869081,86.35097493036211,5.013927576601671,81.33704735376045
E00177846,379,29,9,20,350,21,329,7.651715039577836,2.3746701846965697,5.277044854881266,92.34828496042216,5.540897097625329,86.80738786279683
E00177847,292,44,21,23,248,22,226,15.068493150684931,7.191780821917808,7.876712328767123,84.93150684931507,7.534246575342466,77.3972602739726
E00177848,156,20,6,14,136,21,115,12.82051282051282,3.8461538461538463,8.974358974358974,87.17948717948718,13.461538461538462,73.71794871794873
E00177849,198,33,16,17,165,4,161,16.666666666666664,8.080808080808081,8.585858585858585,83.33333333333334,2.0202020202020203,81.31313131313132
E00177850,378,56,30,26,322,25,297,14.814814814814813,7.936507936507936,6.878306878306878,85.18518518518519,6.613756613756613,78.57142857142857
E00177851,271,18,6,12,253,10,243,6.642066420664207,2.214022140221402,4.428044280442804,93.35793357933579,3.6900369003690034,89.66789667896678
E00177852,168,15,7,8,153,5,148,8.928571428571429,4.166666666666666,4.761904761904762,91.07142857142857,2.976190476190476,88.09523809523809
E00177853,340,51,26,25,289,4,285,15,7.647058823529412,7.352941176470589,85,1.1764705882352942,83.82352941176471
E00177854,475,55,27,28,420,29,391,11.578947368421053,5.684210526315789,5.894736842105263,88.42105263157895,6.105263157894736,82.3157894736842
E00177855,562,83,22,61,479,37,442,14.768683274021353,3.9145907473309607,10.85409252669039,85.23131672597864,6.583629893238434,78.64768683274022
E00177856,328,42,19,23,286,17,269,12.804878048780488,5.7926829268292686,7.01219512195122,87.1951219512195,5.182926829268292,82.01219512195121
E00177857,258,36,16,20,222,12,210,13.953488372093023,6.2015503875969,7.751937984496124,86.04651162790698,4.651162790697675,81.3953488372093
E00177858,140,18,4,14,122,5,117,12.857142857142856,2.857142857142857,10,87.14285714285714,3.571428571428571,83.57142857142857
E00177859,168,16,5,11,152,18,134,9.523809523809524,2.976190476190476,6.547619047619048,90.47619047619048,10.714285714285714,79.76190476190477
E00177860,300,28,18,10,272,4,268,9.333333333333334,6,3.3333333333333335,90.66666666666666,1.3333333333333335,89.33333333333333
E00177861,133,25,12,13,108,15,93,18.796992481203006,9.022556390977442,9.774436090225564,81.203007518797,11.278195488721805,69.92481203007519
E00177862,536,61,24,37,475,13,462,11.380597014925373,4.477611940298507,6.902985074626866,88.61940298507463,2.425373134328358,86.19402985074626
E00177863,619,77,36,41,542,63,479,12.439418416801292,5.815831987075929,6.623586429725363,87.56058158319871,10.177705977382875,77.38287560581584
E00177864,446,64,27,37,382,26,356,14.349775784753364,6.053811659192825,8.295964125560538,85.65022421524664,5.829596412556054,79.82062780269058
E00177865,212,33,17,16,179,5,174,15.566037735849056,8.018867924528301,7.547169811320755,84.43396226415094,2.358490566037736,82.0754716981132
E00177866,507,75,40,35,432,13,419,14.792899408284024,7.889546351084813,6.903353057199212,85.20710059171599,2.564102564102564,82.64299802761342
E00177867,312,81,44,37,231,6,225,25.961538461538463,14.102564102564102,11.858974358974358,74.03846153846155,1.9230769230769231,72.11538461538461
E00177868,597,104,66,38,493,21,472,17.42043551088777,11.055276381909549,6.365159128978225,82.57956448911223,3.5175879396984926,79.06197654941374
E00177869,335,50,25,25,285,14,271,14.925373134328357,7.462686567164178,7.462686567164178,85.07462686567165,4.179104477611941,80.8955223880597
E00177870,569,159,100,59,410,17,393,27.943760984182774,17.57469244288225,10.369068541300527,72.05623901581723,2.987697715289982,69.06854130052724
E00177871,186,33,16,17,153,10,143,17.741935483870968,8.60215053763441,9.13978494623656,82.25806451612904,5.376344086021505,76.88172043010752
