OA,ts0590001,ts0590002,ts0590003,ts0590004,ts0590005,ts0590006,ts0590007,ts0590002_PCT,ts0590003_PCT,ts0590004_PCT,ts0590005_PCT,ts0590006_PCT,ts0590007_PCT
E00060999,115,40,8,32,75,61,14,34.78260869565217,6.956521739130435,27.82608695652174,65.21739130434783,53.04347826086957,12.173913043478262
E00061000,82,34,10,24,48,43,5,41.46341463414634,12.195121951219512,29.268292682926827,58.536585365853654,52.4390243902439,6.097560975609756
E00061001,134,53,16,37,81,72,9,39.55223880597015,11.940298507462686,27.611940298507463,60.447761194029844,53.73134328358209,6.7164179104477615
E00061002,72,29,8,21,43,36,7,40.27777777777778,11.11111111111111,29.166666666666668,59.72222222222222,50,9.722222222222223
E00061003,143,49,19,30,94,80,14,34.26573426573427,13.286713286713287,20.97902097902098,65.73426573426573,55.94405594405595,9.79020979020979
E00061004,96,29,11,18,67,59,8,30.208333333333332,11.458333333333332,18.75,69.79166666666666,61.458333333333336,8.333333333333332
E00061005,197,66,25,41,131,113,18,33.50253807106599,12.690355329949238,20.812182741116754,66.49746192893402,57.360406091370564,9.137055837563452
E00061007,130,32,9,23,98,88,10,24.615384615384617,6.923076923076923,17.692307692307693,75.38461538461539,67.6923076923077,7.6923076923076925
E00061008,111,32,14,18,79,70,9,28.82882882882883,12.612612612612612,16.216216216216218,71.17117117117117,63.06306306306306,8.108108108108109
E00061009,100,42,13,29,58,46,12,42,13,28.999999999999996,57.99999999999999,46,12
E00061010,103,36,15,21,67,57,10,34.95145631067961,14.563106796116504,20.388349514563107,65.0485436893204,55.33980582524271,9.70873786407767
E00061011,134,43,14,29,91,78,13,32.08955223880597,10.44776119402985,21.641791044776117,67.91044776119402,58.2089552238806,9.701492537313433
E00061012,80,40,13,27,40,35,5,50,16.25,33.75,50,43.75,6.25
E00061013,112,42,6,36,70,59,11,37.5,5.357142857142857,32.142857142857146,62.5,52.67857142857143,9.821428571428571
E00061014,118,38,12,26,80,72,8,32.20338983050847,10.16949152542373,22.033898305084744,67.79661016949152,61.016949152542374,6.779661016949152
E00061015,91,27,6,21,64,52,12,29.67032967032967,6.593406593406594,23.076923076923077,70.32967032967034,57.14285714285714,13.186813186813188
E00061016,108,38,14,24,70,62,8,35.18518518518518,12.962962962962962,22.22222222222222,64.81481481481481,57.407407407407405,7.4074074074074066
E00061017,110,40,15,25,70,60,10,36.36363636363637,13.636363636363635,22.727272727272727,63.63636363636363,54.54545454545454,9.090909090909092
E00061018,116,37,11,26,79,70,9,31.896551724137932,9.482758620689655,22.413793103448278,68.10344827586206,60.3448275862069,7.758620689655173
E00061019,151,35,9,26,116,92,24,23.178807947019866,5.960264900662252,17.218543046357617,76.82119205298014,60.9271523178808,15.894039735099339
E00061020,96,35,6,29,61,53,8,36.45833333333333,6.25,30.208333333333332,63.541666666666664,55.208333333333336,8.333333333333332
E00061021,75,21,7,14,54,48,6,28.000000000000004,9.333333333333334,18.666666666666668,72,64,8
E00061022,130,35,14,21,95,78,17,26.923076923076923,10.76923076923077,16.153846153846153,73.07692307692307,60,13.076923076923078
E00061023,98,37,14,23,61,56,5,37.755102040816325,14.285714285714285,23.46938775510204,62.244897959183675,57.14285714285714,5.1020408163265305
E00061024,121,37,6,31,84,70,14,30.57851239669421,4.958677685950414,25.6198347107438,69.42148760330579,57.85123966942148,11.570247933884298
E00061025,117,42,12,30,75,65,10,35.8974358974359,10.256410256410255,25.64102564102564,64.1025641025641,55.55555555555556,8.547008547008547
E00061026,112,39,7,32,73,65,8,34.82142857142857,6.25,28.57142857142857,65.17857142857143,58.03571428571429,7.142857142857142
E00061027,86,30,8,22,56,46,10,34.883720930232556,9.30232558139535,25.581395348837212,65.11627906976744,53.48837209302325,11.627906976744185
E00061028,81,23,9,14,58,47,11,28.39506172839506,11.11111111111111,17.28395061728395,71.60493827160494,58.0246913580247,13.580246913580247
E00061029,111,40,8,32,71,60,11,36.03603603603604,7.207207207207207,28.82882882882883,63.96396396396396,54.054054054054056,9.90990990990991
E00061030,96,31,8,23,65,57,8,32.29166666666667,8.333333333333332,23.958333333333336,67.70833333333334,59.375,8.333333333333332
E00061031,155,56,17,39,99,84,15,36.12903225806451,10.967741935483872,25.161290322580644,63.87096774193548,54.19354838709678,9.67741935483871
E00061032,109,45,14,31,64,58,6,41.284403669724774,12.844036697247708,28.440366972477065,58.71559633027523,53.21100917431193,5.5045871559633035
E00061033,142,48,16,32,94,84,10,33.80281690140845,11.267605633802818,22.535211267605636,66.19718309859155,59.154929577464785,7.042253521126761
E00061034,83,31,9,22,52,47,5,37.34939759036144,10.843373493975903,26.506024096385545,62.65060240963856,56.62650602409639,6.024096385542169
E00061035,61,23,7,16,38,29,9,37.704918032786885,11.475409836065573,26.229508196721312,62.295081967213115,47.540983606557376,14.754098360655737
E00061036,119,41,13,28,78,65,13,34.45378151260504,10.92436974789916,23.52941176470588,65.54621848739495,54.621848739495796,10.92436974789916
E00061037,74,25,8,17,49,44,5,33.78378378378378,10.81081081081081,22.972972972972975,66.21621621621621,59.45945945945946,6.756756756756757
E00061038,106,29,12,17,77,65,12,27.358490566037734,11.320754716981133,16.037735849056602,72.64150943396226,61.32075471698113,11.320754716981133
E00061039,87,37,11,26,50,44,6,42.5287356321839,12.643678160919542,29.88505747126437,57.47126436781609,50.57471264367817,6.896551724137931
E00061040,156,45,14,31,111,99,12,28.846153846153843,8.974358974358974,19.871794871794872,71.15384615384616,63.46153846153846,7.6923076923076925
E00061041,151,46,11,35,105,96,9,30.4635761589404,7.28476821192053,23.178807947019866,69.5364238410596,63.576158940397356,5.960264900662252
E00061042,129,44,9,35,85,69,16,34.10852713178294,6.976744186046512,27.131782945736433,65.89147286821705,53.48837209302325,12.4031007751938
E00061043,127,41,10,31,86,75,11,32.28346456692913,7.874015748031496,24.409448818897637,67.71653543307087,59.055118110236215,8.661417322834646
E00061044,74,25,7,18,49,40,9,33.78378378378378,9.45945945945946,24.324324324324326,66.21621621621621,54.054054054054056,12.162162162162163
E00061045,42,19,4,15,23,22,1,45.23809523809524,9.523809523809524,35.714285714285715,54.761904761904766,52.38095238095239,2.380952380952381
E00061046,140,49,19,30,91,77,14,35,13.571428571428571,21.428571428571427,65,55.00000000000001,10
E00061047,121,48,12,36,73,62,11,39.66942148760331,9.917355371900827,29.75206611570248,60.33057851239669,51.2396694214876,9.090909090909092
E00061048,136,46,9,37,90,77,13,33.82352941176471,6.61764705882353,27.205882352941174,66.17647058823529,56.61764705882353,9.558823529411764
E00061049,124,42,11,31,82,76,6,33.87096774193548,8.870967741935484,25,66.12903225806451,61.29032258064516,4.838709677419355
E00061050,81,41,16,25,40,30,10,50.617283950617285,19.753086419753085,30.864197530864196,49.382716049382715,37.03703703703704,12.345679012345679
E00061052,92,28,10,18,64,52,12,30.434782608695656,10.869565217391305,19.565217391304348,69.56521739130434,56.52173913043478,13.043478260869565
E00061053,119,38,11,27,81,71,10,31.932773109243694,9.243697478991598,22.689075630252102,68.0672268907563,59.66386554621849,8.403361344537815
E00061054,125,45,14,31,80,70,10,36,11.200000000000001,24.8,64,56.00000000000001,8
E00061055,158,39,7,32,119,101,18,24.68354430379747,4.430379746835443,20.253164556962027,75.31645569620254,63.92405063291139,11.39240506329114
E00061056,74,32,7,25,42,32,10,43.24324324324324,9.45945945945946,33.78378378378378,56.75675675675676,43.24324324324324,13.513513513513514
E00061057,128,40,14,26,88,75,13,31.25,10.9375,20.3125,68.75,58.59375,10.15625
E00061058,115,35,11,24,80,64,16,30.434782608695656,9.565217391304348,20.869565217391305,69.56521739130434,55.65217391304348,13.91304347826087
E00061059,134,31,5,26,103,89,14,23.134328358208954,3.731343283582089,19.402985074626866,76.86567164179104,66.4179104477612,10.44776119402985
E00061061,139,37,11,26,102,84,18,26.618705035971225,7.913669064748201,18.705035971223023,73.38129496402878,60.431654676258994,12.949640287769784
E00061062,46,13,5,8,33,28,5,28.26086956521739,10.869565217391305,17.391304347826086,71.73913043478261,60.86956521739131,10.869565217391305
E00061063,124,35,9,26,89,78,11,28.225806451612907,7.258064516129033,20.967741935483872,71.7741935483871,62.903225806451616,8.870967741935484
E00061064,71,25,8,17,46,37,9,35.2112676056338,11.267605633802818,23.943661971830984,64.7887323943662,52.112676056338024,12.676056338028168
E00061065,182,43,7,36,139,116,23,23.626373626373624,3.8461538461538463,19.78021978021978,76.37362637362637,63.73626373626373,12.637362637362637
E00061066,137,43,19,24,94,87,7,31.386861313868614,13.86861313868613,17.51824817518248,68.61313868613139,63.503649635036496,5.109489051094891
E00061067,129,35,10,25,94,78,16,27.131782945736433,7.751937984496124,19.379844961240313,72.86821705426357,60.46511627906976,12.4031007751938
E00061068,137,39,12,27,98,81,17,28.467153284671532,8.75912408759124,19.708029197080293,71.53284671532847,59.12408759124088,12.408759124087592
E00061069,110,41,13,28,69,63,6,37.27272727272727,11.818181818181818,25.454545454545453,62.727272727272734,57.27272727272727,5.454545454545454
E00061070,77,38,10,28,39,33,6,49.35064935064935,12.987012987012985,36.36363636363637,50.649350649350644,42.857142857142854,7.792207792207792
E00061074,137,40,8,32,97,82,15,29.1970802919708,5.839416058394161,23.357664233576642,70.8029197080292,59.854014598540154,10.948905109489052
E00061075,110,33,11,22,77,63,14,30,10,20,70,57.27272727272727,12.727272727272727
E00061076,108,33,8,25,75,64,11,30.555555555555557,7.4074074074074066,23.14814814814815,69.44444444444444,59.25925925925925,10.185185185185185
E00061077,103,33,9,24,70,60,10,32.038834951456316,8.737864077669903,23.300970873786408,67.96116504854369,58.252427184466015,9.70873786407767
E00061078,83,35,8,27,48,44,4,42.168674698795186,9.63855421686747,32.53012048192771,57.831325301204814,53.01204819277109,4.819277108433735
E00061079,18,7,3,4,11,9,2,38.88888888888889,16.666666666666664,22.22222222222222,61.111111111111114,50,11.11111111111111
E00061080,154,41,14,27,113,94,19,26.623376623376622,9.090909090909092,17.532467532467532,73.37662337662337,61.038961038961034,12.337662337662337
E00061081,141,52,11,41,89,80,9,36.87943262411347,7.801418439716312,29.078014184397162,63.12056737588653,56.73758865248227,6.382978723404255
E00061082,104,34,8,26,70,60,10,32.69230769230769,7.6923076923076925,25,67.3076923076923,57.692307692307686,9.615384615384617
E00061083,86,36,5,31,50,40,10,41.86046511627907,5.813953488372093,36.04651162790697,58.139534883720934,46.51162790697674,11.627906976744185
E00061084,82,31,8,23,51,42,9,37.80487804878049,9.75609756097561,28.04878048780488,62.19512195121951,51.21951219512195,10.975609756097562
E00061085,64,32,11,21,32,31,1,50,17.1875,32.8125,50,48.4375,1.5625
E00061086,59,18,1,17,41,37,4,30.508474576271187,1.694915254237288,28.8135593220339,69.49152542372882,62.71186440677966,6.779661016949152
E00061087,65,26,2,24,39,32,7,40,3.076923076923077,36.92307692307693,60,49.23076923076923,10.76923076923077
E00061088,65,25,4,21,40,37,3,38.46153846153847,6.153846153846154,32.30769230769231,61.53846153846154,56.92307692307692,4.615384615384616
E00061089,53,28,5,23,25,20,5,52.83018867924528,9.433962264150944,43.39622641509434,47.16981132075472,37.735849056603776,9.433962264150944
E00061090,91,24,13,11,67,57,10,26.373626373626376,14.285714285714285,12.087912087912088,73.62637362637363,62.637362637362635,10.989010989010989
E00061091,87,24,3,21,63,52,11,27.586206896551722,3.4482758620689653,24.137931034482758,72.41379310344827,59.77011494252874,12.643678160919542
E00061092,64,36,8,28,28,22,6,56.25,12.5,43.75,43.75,34.375,9.375
E00061095,88,39,10,29,49,42,7,44.31818181818182,11.363636363636363,32.95454545454545,55.68181818181818,47.72727272727273,7.954545454545454
E00061096,103,42,7,35,61,51,10,40.77669902912621,6.796116504854369,33.980582524271846,59.22330097087378,49.51456310679612,9.70873786407767
E00061097,106,39,10,29,67,60,7,36.79245283018868,9.433962264150944,27.358490566037734,63.20754716981132,56.60377358490566,6.60377358490566
E00061098,61,22,5,17,39,38,1,36.0655737704918,8.19672131147541,27.86885245901639,63.934426229508205,62.295081967213115,1.639344262295082
E00061099,130,40,15,25,90,78,12,30.76923076923077,11.538461538461538,19.230769230769234,69.23076923076923,60,9.230769230769232
E00061100,75,26,7,19,49,40,9,34.66666666666667,9.333333333333334,25.333333333333336,65.33333333333333,53.333333333333336,12
E00061101,91,36,4,32,55,51,4,39.56043956043956,4.395604395604396,35.16483516483517,60.43956043956044,56.043956043956044,4.395604395604396
E00061102,56,25,3,22,31,26,5,44.642857142857146,5.357142857142857,39.285714285714285,55.35714285714286,46.42857142857143,8.928571428571429
E00061103,110,46,9,37,64,59,5,41.81818181818181,8.181818181818182,33.63636363636363,58.18181818181818,53.63636363636364,4.545454545454546
E00061104,123,42,9,33,81,65,16,34.146341463414636,7.317073170731707,26.82926829268293,65.85365853658537,52.84552845528455,13.008130081300814
E00061105,57,16,0,16,41,35,6,28.07017543859649,0,28.07017543859649,71.9298245614035,61.40350877192983,10.526315789473683
E00061106,59,23,11,12,36,32,4,38.983050847457626,18.64406779661017,20.33898305084746,61.016949152542374,54.23728813559322,6.779661016949152
E00061107,66,28,6,22,38,32,6,42.42424242424242,9.090909090909092,33.33333333333333,57.57575757575758,48.484848484848484,9.090909090909092
E00061108,103,38,7,31,65,60,5,36.89320388349515,6.796116504854369,30.097087378640776,63.10679611650486,58.252427184466015,4.854368932038835
E00061109,97,47,13,34,50,42,8,48.45360824742268,13.402061855670103,35.051546391752574,51.546391752577314,43.29896907216495,8.24742268041237
E00061110,150,50,14,36,100,90,10,33.33333333333333,9.333333333333334,24,66.66666666666666,60,6.666666666666667
E00061111,75,28,12,16,47,43,4,37.333333333333336,16,21.333333333333336,62.66666666666667,57.333333333333336,5.333333333333334
E00061112,87,23,9,14,64,54,10,26.436781609195403,10.344827586206897,16.091954022988507,73.5632183908046,62.06896551724138,11.494252873563218
E00061114,103,34,11,23,69,58,11,33.00970873786408,10.679611650485436,22.330097087378643,66.99029126213593,56.310679611650485,10.679611650485436
E00061115,111,44,10,34,67,62,5,39.63963963963964,9.00900900900901,30.630630630630627,60.36036036036037,55.85585585585585,4.504504504504505
E00061116,92,27,8,19,65,56,9,29.347826086956523,8.695652173913043,20.652173913043477,70.65217391304348,60.86956521739131,9.782608695652174
E00061117,109,32,11,21,77,69,8,29.357798165137616,10.091743119266056,19.26605504587156,70.64220183486239,63.30275229357798,7.339449541284404
E00061118,143,37,16,21,106,87,19,25.874125874125873,11.188811188811188,14.685314685314685,74.12587412587412,60.83916083916085,13.286713286713287
E00061119,49,17,4,13,32,23,9,34.69387755102041,8.16326530612245,26.53061224489796,65.3061224489796,46.93877551020408,18.367346938775512
E00061120,109,30,12,18,79,68,11,27.522935779816514,11.009174311926607,16.51376146788991,72.47706422018348,62.38532110091744,10.091743119266056
E00061121,21,12,5,7,9,8,1,57.14285714285714,23.809523809523807,33.33333333333333,42.857142857142854,38.095238095238095,4.761904761904762
E00061122,131,47,16,31,84,71,13,35.87786259541985,12.213740458015266,23.66412213740458,64.12213740458014,54.19847328244275,9.923664122137405
E00061124,90,33,10,23,57,51,6,36.666666666666664,11.11111111111111,25.555555555555554,63.33333333333333,56.666666666666664,6.666666666666667
E00061125,141,45,12,33,96,86,10,31.914893617021278,8.51063829787234,23.404255319148938,68.08510638297872,60.99290780141844,7.092198581560284
E00061126,80,26,10,16,54,51,3,32.5,12.5,20,67.5,63.74999999999999,3.75
E00061127,63,14,8,6,49,40,9,22.22222222222222,12.698412698412698,9.523809523809524,77.77777777777779,63.49206349206349,14.285714285714285
E00061128,149,47,17,30,102,89,13,31.543624161073826,11.409395973154362,20.13422818791946,68.45637583892618,59.73154362416108,8.724832214765101
E00061129,112,39,17,22,73,63,10,34.82142857142857,15.178571428571427,19.642857142857142,65.17857142857143,56.25,8.928571428571429
E00061130,135,38,10,28,97,79,18,28.14814814814815,7.4074074074074066,20.74074074074074,71.85185185185186,58.51851851851851,13.333333333333334
E00061131,81,33,14,19,48,41,7,40.74074074074074,17.28395061728395,23.456790123456788,59.25925925925925,50.617283950617285,8.641975308641975
E00061132,99,38,8,30,61,50,11,38.38383838383838,8.080808080808081,30.303030303030305,61.61616161616161,50.505050505050505,11.11111111111111
E00061133,78,24,6,18,54,47,7,30.76923076923077,7.6923076923076925,23.076923076923077,69.23076923076923,60.256410256410255,8.974358974358974
E00061134,120,40,12,28,80,66,14,33.33333333333333,10,23.333333333333332,66.66666666666666,55.00000000000001,11.666666666666666
E00061136,117,33,10,23,84,67,17,28.205128205128204,8.547008547008547,19.65811965811966,71.7948717948718,57.26495726495726,14.529914529914532
E00061138,98,29,7,22,69,56,13,29.591836734693878,7.142857142857142,22.448979591836736,70.40816326530613,57.14285714285714,13.26530612244898
E00061139,137,39,14,25,98,78,20,28.467153284671532,10.218978102189782,18.248175182481752,71.53284671532847,56.934306569343065,14.5985401459854
E00061140,125,41,12,29,84,73,11,32.800000000000004,9.6,23.200000000000003,67.2,58.4,8.799999999999999
E00061141,77,27,11,16,50,42,8,35.064935064935064,14.285714285714285,20.77922077922078,64.93506493506493,54.54545454545454,10.38961038961039
E00061142,72,26,7,19,46,34,12,36.11111111111111,9.722222222222223,26.38888888888889,63.888888888888886,47.22222222222222,16.666666666666664
E00061143,207,47,13,34,160,140,20,22.705314009661837,6.280193236714976,16.425120772946862,77.29468599033817,67.6328502415459,9.66183574879227
E00061144,82,34,11,23,48,44,4,41.46341463414634,13.414634146341465,28.04878048780488,58.536585365853654,53.65853658536586,4.878048780487805
E00061145,64,24,9,15,40,37,3,37.5,14.0625,23.4375,62.5,57.8125,4.6875
E00061146,84,26,10,16,58,48,10,30.952380952380953,11.904761904761903,19.047619047619047,69.04761904761905,57.14285714285714,11.904761904761903
E00061147,116,47,9,38,69,53,16,40.51724137931034,7.758620689655173,32.758620689655174,59.48275862068966,45.689655172413794,13.793103448275861
E00061148,161,54,17,37,107,89,18,33.54037267080746,10.559006211180124,22.981366459627328,66.45962732919256,55.27950310559007,11.180124223602485
E00061149,105,29,10,19,76,64,12,27.61904761904762,9.523809523809524,18.095238095238095,72.38095238095238,60.952380952380956,11.428571428571429
E00061150,131,37,17,20,94,72,22,28.24427480916031,12.977099236641221,15.267175572519085,71.7557251908397,54.961832061068705,16.793893129770993
E00061151,155,55,15,40,100,89,11,35.483870967741936,9.67741935483871,25.806451612903224,64.51612903225806,57.41935483870968,7.096774193548387
E00061152,173,55,19,36,118,103,15,31.79190751445087,10.982658959537572,20.809248554913296,68.20809248554913,59.53757225433526,8.670520231213873
E00061153,77,19,9,10,58,42,16,24.675324675324674,11.688311688311687,12.987012987012985,75.32467532467533,54.54545454545454,20.77922077922078
E00061154,143,44,18,26,99,85,14,30.76923076923077,12.587412587412588,18.181818181818183,69.23076923076923,59.44055944055944,9.79020979020979
E00061155,157,46,15,31,111,73,38,29.29936305732484,9.554140127388536,19.745222929936308,70.70063694267516,46.496815286624205,24.203821656050955
E00061157,248,82,36,46,166,131,35,33.064516129032256,14.516129032258066,18.548387096774192,66.93548387096774,52.82258064516129,14.112903225806454
E00061159,86,37,13,24,49,41,8,43.02325581395349,15.11627906976744,27.906976744186046,56.97674418604651,47.674418604651166,9.30232558139535
E00061161,46,17,6,11,29,25,4,36.95652173913043,13.043478260869565,23.91304347826087,63.04347826086957,54.347826086956516,8.695652173913043
E00061162,126,40,12,28,86,79,7,31.746031746031743,9.523809523809524,22.22222222222222,68.25396825396825,62.698412698412696,5.555555555555555
E00061163,147,52,13,39,95,83,12,35.374149659863946,8.843537414965986,26.53061224489796,64.62585034013605,56.4625850340136,8.16326530612245
E00061164,43,14,5,9,29,23,6,32.55813953488372,11.627906976744185,20.930232558139537,67.44186046511628,53.48837209302325,13.953488372093023
E00061165,123,30,11,19,93,80,13,24.390243902439025,8.94308943089431,15.447154471544716,75.60975609756098,65.04065040650406,10.569105691056912
E00061166,36,15,9,6,21,20,1,41.66666666666667,25,16.666666666666664,58.333333333333336,55.55555555555556,2.7777777777777777
E00061167,123,41,12,29,82,72,10,33.33333333333333,9.75609756097561,23.577235772357724,66.66666666666666,58.536585365853654,8.130081300813007
E00061168,97,41,12,29,56,48,8,42.2680412371134,12.371134020618557,29.896907216494846,57.73195876288659,49.48453608247423,8.24742268041237
E00061169,53,25,10,15,28,25,3,47.16981132075472,18.867924528301888,28.30188679245283,52.83018867924528,47.16981132075472,5.660377358490567
E00061171,68,31,7,24,37,34,3,45.588235294117645,10.294117647058822,35.294117647058826,54.41176470588235,50,4.411764705882353
E00061172,75,20,6,14,55,45,10,26.666666666666668,8,18.666666666666668,73.33333333333333,60,13.333333333333334
E00061173,77,35,11,24,42,37,5,45.45454545454545,14.285714285714285,31.16883116883117,54.54545454545454,48.05194805194805,6.493506493506493
E00061174,86,34,7,27,52,49,3,39.53488372093023,8.13953488372093,31.3953488372093,60.46511627906976,56.97674418604651,3.488372093023256
E00061175,120,49,17,32,71,62,9,40.833333333333336,14.166666666666666,26.666666666666668,59.166666666666664,51.66666666666667,7.5
E00061176,67,15,2,13,52,44,8,22.388059701492537,2.9850746268656714,19.402985074626866,77.61194029850746,65.67164179104478,11.940298507462686
E00061178,123,38,13,25,85,72,13,30.89430894308943,10.569105691056912,20.32520325203252,69.10569105691057,58.536585365853654,10.569105691056912
E00061179,45,18,0,18,27,24,3,40,0,40,60,53.333333333333336,6.666666666666667
E00061180,109,34,10,24,75,65,10,31.19266055045872,9.174311926605505,22.018348623853214,68.80733944954129,59.63302752293578,9.174311926605505
E00061181,88,29,8,21,59,54,5,32.95454545454545,9.090909090909092,23.863636363636363,67.04545454545455,61.36363636363637,5.681818181818182
E00061182,80,20,4,16,60,53,7,25,5,20,75,66.25,8.75
E00061183,134,38,19,19,96,68,28,28.35820895522388,14.17910447761194,14.17910447761194,71.64179104477611,50.74626865671642,20.8955223880597
E00061184,106,37,8,29,69,61,8,34.90566037735849,7.547169811320755,27.358490566037734,65.09433962264151,57.54716981132076,7.547169811320755
E00061185,96,33,17,16,63,47,16,34.375,17.708333333333336,16.666666666666664,65.625,48.95833333333333,16.666666666666664
E00061186,69,31,9,22,38,36,2,44.927536231884055,13.043478260869565,31.88405797101449,55.072463768115945,52.17391304347826,2.898550724637681
E00061187,62,24,5,19,38,35,3,38.70967741935484,8.064516129032258,30.64516129032258,61.29032258064516,56.451612903225815,4.838709677419355
E00061188,125,33,10,23,92,74,18,26.400000000000002,8,18.4,73.6,59.199999999999996,14.399999999999999
E00061189,105,32,10,22,73,63,10,30.476190476190478,9.523809523809524,20.952380952380953,69.52380952380952,60,9.523809523809524
E00061190,133,53,19,34,80,68,12,39.849624060150376,14.285714285714285,25.563909774436087,60.150375939849624,51.127819548872175,9.022556390977442
E00061191,96,38,9,29,58,42,16,39.58333333333333,9.375,30.208333333333332,60.416666666666664,43.75,16.666666666666664
E00061192,133,45,13,32,88,78,10,33.83458646616541,9.774436090225564,24.06015037593985,66.16541353383458,58.64661654135338,7.518796992481203
E00061193,106,33,12,21,73,62,11,31.132075471698112,11.320754716981133,19.81132075471698,68.86792452830188,58.490566037735846,10.377358490566039
E00061194,103,29,5,24,74,65,9,28.155339805825243,4.854368932038835,23.300970873786408,71.84466019417476,63.10679611650486,8.737864077669903
E00061195,125,44,10,34,81,74,7,35.199999999999996,8,27.200000000000003,64.8,59.199999999999996,5.6000000000000005
E00061196,111,37,9,28,74,64,10,33.33333333333333,8.108108108108109,25.225225225225223,66.66666666666666,57.65765765765766,9.00900900900901
E00061198,66,18,3,15,48,38,10,27.27272727272727,4.545454545454546,22.727272727272727,72.72727272727273,57.57575757575758,15.151515151515152
E00061199,101,33,11,22,68,54,14,32.67326732673268,10.891089108910892,21.782178217821784,67.32673267326733,53.46534653465347,13.861386138613863
E00061200,96,29,5,24,67,59,8,30.208333333333332,5.208333333333334,25,69.79166666666666,61.458333333333336,8.333333333333332
E00061201,95,32,12,20,63,55,8,33.68421052631579,12.631578947368421,21.052631578947366,66.3157894736842,57.89473684210527,8.421052631578947
E00061202,101,42,12,30,59,51,8,41.584158415841586,11.881188118811881,29.7029702970297,58.415841584158414,50.495049504950494,7.920792079207921
E00061203,211,51,14,37,160,118,42,24.170616113744074,6.6350710900473935,17.535545023696685,75.82938388625593,55.92417061611374,19.90521327014218
E00061204,95,28,10,18,67,55,12,29.47368421052631,10.526315789473683,18.947368421052634,70.52631578947368,57.89473684210527,12.631578947368421
E00061205,72,28,8,20,44,39,5,38.88888888888889,11.11111111111111,27.77777777777778,61.111111111111114,54.166666666666664,6.944444444444445
E00061206,135,50,15,35,85,78,7,37.03703703703704,11.11111111111111,25.925925925925924,62.96296296296296,57.77777777777777,5.185185185185185
E00061207,107,50,23,27,57,43,14,46.728971962616825,21.49532710280374,25.233644859813083,53.271028037383175,40.18691588785047,13.084112149532709
E00061210,113,38,7,31,75,68,7,33.6283185840708,6.1946902654867255,27.43362831858407,66.3716814159292,60.17699115044248,6.1946902654867255
E00061211,68,24,8,16,44,39,5,35.294117647058826,11.76470588235294,23.52941176470588,64.70588235294117,57.35294117647059,7.352941176470589
E00061213,91,30,11,19,61,48,13,32.967032967032964,12.087912087912088,20.87912087912088,67.03296703296702,52.74725274725275,14.285714285714285
E00061214,88,24,3,21,64,59,5,27.27272727272727,3.4090909090909087,23.863636363636363,72.72727272727273,67.04545454545455,5.681818181818182
E00061216,83,24,4,20,59,43,16,28.915662650602407,4.819277108433735,24.096385542168676,71.08433734939759,51.80722891566265,19.27710843373494
E00061217,151,42,11,31,109,93,16,27.81456953642384,7.28476821192053,20.52980132450331,72.18543046357617,61.58940397350994,10.596026490066226
E00061218,117,33,4,29,84,69,15,28.205128205128204,3.418803418803419,24.786324786324787,71.7948717948718,58.97435897435898,12.82051282051282
E00061219,116,37,7,30,79,68,11,31.896551724137932,6.0344827586206895,25.862068965517242,68.10344827586206,58.620689655172406,9.482758620689655
E00061220,103,30,8,22,73,65,8,29.126213592233007,7.766990291262135,21.35922330097087,70.87378640776699,63.10679611650486,7.766990291262135
E00061221,129,38,12,26,91,74,17,29.457364341085274,9.30232558139535,20.155038759689923,70.54263565891473,57.36434108527132,13.178294573643413
E00061222,86,21,6,15,65,56,9,24.418604651162788,6.976744186046512,17.441860465116278,75.5813953488372,65.11627906976744,10.465116279069768
E00061223,172,56,22,34,116,103,13,32.55813953488372,12.790697674418606,19.767441860465116,67.44186046511628,59.883720930232556,7.55813953488372
E00061224,94,26,11,15,68,60,8,27.659574468085108,11.702127659574469,15.957446808510639,72.3404255319149,63.829787234042556,8.51063829787234
E00061225,117,29,10,19,88,80,8,24.786324786324787,8.547008547008547,16.23931623931624,75.21367521367522,68.37606837606837,6.837606837606838
E00061227,136,45,18,27,91,74,17,33.088235294117645,13.23529411764706,19.852941176470587,66.91176470588235,54.41176470588235,12.5
E00061228,131,45,10,35,86,77,9,34.35114503816794,7.633587786259542,26.717557251908396,65.64885496183206,58.778625954198475,6.870229007633588
E00061229,116,43,17,26,73,65,8,37.06896551724138,14.655172413793101,22.413793103448278,62.93103448275862,56.03448275862068,6.896551724137931
E00061230,94,31,7,24,63,51,12,32.97872340425532,7.446808510638298,25.53191489361702,67.02127659574468,54.25531914893617,12.76595744680851
E00061231,117,25,9,16,92,77,15,21.367521367521366,7.6923076923076925,13.675213675213676,78.63247863247864,65.8119658119658,12.82051282051282
E00061232,112,33,8,25,79,70,9,29.464285714285715,7.142857142857142,22.321428571428573,70.53571428571429,62.5,8.035714285714286
E00061233,107,36,12,24,71,62,9,33.64485981308411,11.214953271028037,22.429906542056074,66.35514018691589,57.943925233644855,8.411214953271028
E00061234,184,49,9,40,135,114,21,26.6304347826087,4.891304347826087,21.73913043478261,73.36956521739131,61.95652173913043,11.41304347826087
E00061235,107,38,9,29,69,61,8,35.51401869158878,8.411214953271028,27.102803738317753,64.48598130841121,57.009345794392516,7.476635514018691
E00061236,111,40,7,33,71,62,9,36.03603603603604,6.306306306306306,29.72972972972973,63.96396396396396,55.85585585585585,8.108108108108109
E00061237,127,43,13,30,84,71,13,33.85826771653544,10.236220472440944,23.62204724409449,66.14173228346458,55.90551181102362,10.236220472440944
E00061238,140,42,12,30,98,84,14,30,8.571428571428571,21.428571428571427,70,60,10
E00061239,140,46,15,31,94,78,16,32.857142857142854,10.714285714285714,22.142857142857142,67.14285714285714,55.714285714285715,11.428571428571429
E00061240,104,23,4,19,81,62,19,22.115384615384613,3.8461538461538463,18.269230769230766,77.88461538461539,59.61538461538461,18.269230769230766
E00061241,116,44,12,32,72,62,10,37.93103448275862,10.344827586206897,27.586206896551722,62.06896551724138,53.44827586206896,8.620689655172415
E00061242,125,40,14,26,85,75,10,32,11.200000000000001,20.8,68,60,8
E00061243,93,36,11,25,57,49,8,38.70967741935484,11.827956989247312,26.881720430107524,61.29032258064516,52.68817204301075,8.60215053763441
E00061244,119,41,14,27,78,65,13,34.45378151260504,11.76470588235294,22.689075630252102,65.54621848739495,54.621848739495796,10.92436974789916
E00061245,128,43,12,31,85,76,9,33.59375,9.375,24.21875,66.40625,59.375,7.03125
E00061246,79,28,7,21,51,48,3,35.44303797468354,8.860759493670885,26.582278481012654,64.55696202531645,60.75949367088608,3.79746835443038
E00061247,101,39,10,29,62,56,6,38.613861386138616,9.900990099009901,28.71287128712871,61.386138613861384,55.44554455445545,5.9405940594059405
E00061248,141,45,10,35,96,82,14,31.914893617021278,7.092198581560284,24.822695035460992,68.08510638297872,58.156028368794324,9.929078014184398
E00061249,138,38,9,29,100,87,13,27.536231884057973,6.521739130434782,21.014492753623188,72.46376811594203,63.04347826086957,9.420289855072465
E00061250,121,35,7,28,86,74,12,28.92561983471074,5.785123966942149,23.140495867768596,71.07438016528926,61.15702479338842,9.917355371900827
E00061251,132,40,17,23,92,83,9,30.303030303030305,12.878787878787879,17.424242424242426,69.6969696969697,62.878787878787875,6.8181818181818175
E00061252,125,27,10,17,98,87,11,21.6,8,13.600000000000001,78.4,69.6,8.799999999999999
E00061253,132,37,8,29,95,81,14,28.030303030303028,6.0606060606060606,21.96969696969697,71.96969696969697,61.36363636363637,10.606060606060606
E00061254,147,43,13,30,104,82,22,29.25170068027211,8.843537414965986,20.408163265306122,70.74829931972789,55.78231292517006,14.965986394557824
E00061255,147,53,21,32,94,69,25,36.054421768707485,14.285714285714285,21.768707482993197,63.94557823129252,46.93877551020408,17.006802721088434
E00061256,132,40,15,25,92,79,13,30.303030303030305,11.363636363636363,18.939393939393938,69.6969696969697,59.84848484848485,9.848484848484848
E00061257,132,33,10,23,99,81,18,25,7.575757575757576,17.424242424242426,75,61.36363636363637,13.636363636363635
E00061258,123,42,14,28,81,69,12,34.146341463414636,11.38211382113821,22.76422764227642,65.85365853658537,56.09756097560976,9.75609756097561
E00061259,87,22,9,13,65,57,8,25.287356321839084,10.344827586206897,14.942528735632186,74.71264367816092,65.51724137931035,9.195402298850574
E00061260,92,23,7,16,69,54,15,25,7.608695652173914,17.391304347826086,75,58.69565217391305,16.304347826086957
E00061261,253,77,29,48,176,132,44,30.434782608695656,11.462450592885375,18.972332015810274,69.56521739130434,52.17391304347826,17.391304347826086
E00061262,142,44,15,29,98,80,18,30.985915492957744,10.56338028169014,20.422535211267608,69.01408450704226,56.33802816901409,12.676056338028168
E00061263,84,32,8,24,52,43,9,38.095238095238095,9.523809523809524,28.57142857142857,61.904761904761905,51.19047619047619,10.714285714285714
E00061264,98,45,11,34,53,51,2,45.91836734693878,11.224489795918368,34.69387755102041,54.08163265306123,52.04081632653062,2.0408163265306123
E00061265,122,35,7,28,87,75,12,28.688524590163933,5.737704918032787,22.950819672131146,71.31147540983606,61.47540983606557,9.836065573770492
E00061266,202,53,17,36,149,124,25,26.237623762376238,8.415841584158416,17.82178217821782,73.76237623762376,61.386138613861384,12.376237623762377
E00061267,120,35,10,25,85,70,15,29.166666666666668,8.333333333333332,20.833333333333336,70.83333333333334,58.333333333333336,12.5
E00061268,98,35,8,27,63,56,7,35.714285714285715,8.16326530612245,27.55102040816326,64.28571428571429,57.14285714285714,7.142857142857142
E00061269,119,39,9,30,80,71,9,32.773109243697476,7.563025210084033,25.210084033613445,67.22689075630252,59.66386554621849,7.563025210084033
E00061270,97,35,8,27,62,57,5,36.08247422680412,8.24742268041237,27.835051546391753,63.91752577319587,58.76288659793815,5.154639175257731
E00061271,114,49,15,34,65,50,15,42.98245614035088,13.157894736842104,29.82456140350877,57.01754385964912,43.859649122807014,13.157894736842104
E00061272,115,42,11,31,73,61,12,36.52173913043478,9.565217391304348,26.956521739130434,63.47826086956522,53.04347826086957,10.434782608695652
E00061273,263,53,11,42,210,167,43,20.15209125475285,4.182509505703422,15.96958174904943,79.84790874524715,63.49809885931559,16.34980988593156
E00061274,148,49,15,34,99,80,19,33.108108108108105,10.135135135135135,22.972972972972975,66.8918918918919,54.054054054054056,12.837837837837837
E00061275,72,15,4,11,57,52,5,20.833333333333336,5.555555555555555,15.277777777777779,79.16666666666666,72.22222222222221,6.944444444444445
E00061278,101,45,9,36,56,48,8,44.554455445544555,8.91089108910891,35.64356435643564,55.44554455445545,47.524752475247524,7.920792079207921
E00061279,86,30,5,25,56,51,5,34.883720930232556,5.813953488372093,29.069767441860467,65.11627906976744,59.30232558139535,5.813953488372093
E00061280,113,36,8,28,77,65,12,31.858407079646017,7.079646017699115,24.778761061946902,68.14159292035397,57.52212389380531,10.619469026548673
E00061281,94,47,10,37,47,38,9,50,10.638297872340425,39.361702127659576,50,40.42553191489361,9.574468085106384
E00061282,148,41,9,32,107,80,27,27.7027027027027,6.081081081081082,21.62162162162162,72.2972972972973,54.054054054054056,18.243243243243242
E00061283,59,19,5,14,40,35,5,32.20338983050847,8.47457627118644,23.728813559322035,67.79661016949152,59.32203389830508,8.47457627118644
E00061284,132,42,10,32,90,81,9,31.818181818181817,7.575757575757576,24.242424242424242,68.18181818181817,61.36363636363637,6.8181818181818175
E00061285,107,33,10,23,74,64,10,30.8411214953271,9.345794392523365,21.49532710280374,69.1588785046729,59.813084112149525,9.345794392523365
E00061286,117,43,11,32,74,67,7,36.75213675213676,9.401709401709402,27.350427350427353,63.24786324786324,57.26495726495726,5.982905982905983
E00061287,138,40,12,28,98,85,13,28.985507246376812,8.695652173913043,20.28985507246377,71.01449275362319,61.59420289855072,9.420289855072465
E00061288,159,52,17,35,107,85,22,32.70440251572327,10.69182389937107,22.0125786163522,67.29559748427673,53.459119496855344,13.836477987421384
E00061289,129,42,15,27,87,72,15,32.55813953488372,11.627906976744185,20.930232558139537,67.44186046511628,55.81395348837209,11.627906976744185
E00061290,168,54,21,33,114,99,15,32.142857142857146,12.5,19.642857142857142,67.85714285714286,58.92857142857143,8.928571428571429
E00061291,124,27,9,18,97,82,15,21.774193548387096,7.258064516129033,14.516129032258066,78.2258064516129,66.12903225806451,12.096774193548388
E00061292,61,23,7,16,38,35,3,37.704918032786885,11.475409836065573,26.229508196721312,62.295081967213115,57.377049180327866,4.918032786885246
E00061293,116,44,15,29,72,63,9,37.93103448275862,12.931034482758621,25,62.06896551724138,54.310344827586206,7.758620689655173
E00061294,90,37,15,22,53,47,6,41.11111111111111,16.666666666666664,24.444444444444443,58.88888888888889,52.22222222222223,6.666666666666667
E00061295,118,35,8,27,83,70,13,29.66101694915254,6.779661016949152,22.88135593220339,70.33898305084746,59.32203389830508,11.016949152542372
E00061296,133,44,8,36,89,73,16,33.08270676691729,6.015037593984962,27.06766917293233,66.9172932330827,54.88721804511278,12.030075187969924
E00061297,122,36,10,26,86,75,11,29.508196721311474,8.19672131147541,21.311475409836063,70.49180327868852,61.47540983606557,9.01639344262295
E00061298,84,29,7,22,55,48,7,34.523809523809526,8.333333333333332,26.190476190476193,65.47619047619048,57.14285714285714,8.333333333333332
E00061299,105,35,6,29,70,59,11,33.33333333333333,5.714285714285714,27.61904761904762,66.66666666666666,56.19047619047619,10.476190476190476
E00061300,128,47,20,27,81,66,15,36.71875,15.625,21.09375,63.28125,51.5625,11.71875
E00061301,113,36,13,23,77,64,13,31.858407079646017,11.504424778761061,20.353982300884958,68.14159292035397,56.63716814159292,11.504424778761061
E00061302,102,35,12,23,67,57,10,34.31372549019608,11.76470588235294,22.54901960784314,65.68627450980392,55.88235294117647,9.803921568627452
E00061303,86,28,13,15,58,48,10,32.55813953488372,15.11627906976744,17.441860465116278,67.44186046511628,55.81395348837209,11.627906976744185
E00061304,93,30,13,17,63,51,12,32.25806451612903,13.978494623655912,18.27956989247312,67.74193548387096,54.83870967741935,12.903225806451612
E00061305,63,17,8,9,46,41,5,26.984126984126984,12.698412698412698,14.285714285714285,73.01587301587301,65.07936507936508,7.936507936507936
E00061306,75,24,4,20,51,43,8,32,5.333333333333334,26.666666666666668,68,57.333333333333336,10.666666666666668
E00061307,95,24,6,18,71,61,10,25.263157894736842,6.315789473684211,18.947368421052634,74.73684210526315,64.21052631578948,10.526315789473683
E00061308,113,36,11,25,77,72,5,31.858407079646017,9.734513274336283,22.123893805309734,68.14159292035397,63.716814159292035,4.424778761061947
E00061309,53,23,8,15,30,25,5,43.39622641509434,15.09433962264151,28.30188679245283,56.60377358490566,47.16981132075472,9.433962264150944
E00061310,61,15,5,10,46,39,7,24.59016393442623,8.19672131147541,16.39344262295082,75.40983606557377,63.934426229508205,11.475409836065573
E00061311,127,35,3,32,92,77,15,27.559055118110237,2.3622047244094486,25.196850393700785,72.44094488188976,60.629921259842526,11.811023622047244
E00061312,115,31,8,23,84,72,12,26.956521739130434,6.956521739130435,20,73.04347826086956,62.60869565217392,10.434782608695652
E00061313,260,68,22,46,192,166,26,26.153846153846157,8.461538461538462,17.692307692307693,73.84615384615385,63.84615384615384,10
E00061314,114,33,9,24,81,71,10,28.947368421052634,7.894736842105263,21.052631578947366,71.05263157894737,62.28070175438597,8.771929824561402
E00061315,132,52,19,33,80,69,11,39.39393939393939,14.393939393939394,25,60.60606060606061,52.27272727272727,8.333333333333332
E00061316,97,36,9,27,61,54,7,37.11340206185567,9.278350515463918,27.835051546391753,62.88659793814433,55.670103092783506,7.216494845360824
E00061317,95,29,18,11,66,50,16,30.526315789473685,18.947368421052634,11.578947368421053,69.47368421052632,52.63157894736842,16.842105263157894
E00061318,96,31,8,23,65,49,16,32.29166666666667,8.333333333333332,23.958333333333336,67.70833333333334,51.041666666666664,16.666666666666664
E00061319,82,24,11,13,58,49,9,29.268292682926827,13.414634146341465,15.853658536585366,70.73170731707317,59.756097560975604,10.975609756097562
E00061320,92,33,12,21,59,50,9,35.869565217391305,13.043478260869565,22.82608695652174,64.13043478260869,54.347826086956516,9.782608695652174
E00061321,109,35,18,17,74,62,12,32.11009174311927,16.51376146788991,15.59633027522936,67.88990825688074,56.88073394495413,11.009174311926607
E00061322,105,52,13,39,53,44,9,49.523809523809526,12.380952380952381,37.142857142857146,50.476190476190474,41.904761904761905,8.571428571428571
E00061323,125,45,16,29,80,66,14,36,12.8,23.200000000000003,64,52.800000000000004,11.200000000000001
E00061324,103,45,16,29,58,54,4,43.689320388349515,15.53398058252427,28.155339805825243,56.310679611650485,52.42718446601942,3.8834951456310676
E00061325,121,34,12,22,87,69,18,28.09917355371901,9.917355371900827,18.181818181818183,71.900826446281,57.02479338842975,14.87603305785124
E00061326,123,40,10,30,83,67,16,32.52032520325203,8.130081300813007,24.390243902439025,67.47967479674797,54.47154471544715,13.008130081300814
E00061327,116,37,8,29,79,70,9,31.896551724137932,6.896551724137931,25,68.10344827586206,60.3448275862069,7.758620689655173
E00061328,139,49,18,31,90,74,16,35.25179856115108,12.949640287769784,22.302158273381295,64.74820143884892,53.23741007194245,11.510791366906476
E00061329,93,30,12,18,63,56,7,32.25806451612903,12.903225806451612,19.35483870967742,67.74193548387096,60.215053763440864,7.526881720430108
E00061330,115,33,8,25,82,70,12,28.695652173913043,6.956521739130435,21.73913043478261,71.30434782608695,60.86956521739131,10.434782608695652
E00061331,121,46,8,38,75,61,14,38.01652892561984,6.6115702479338845,31.40495867768595,61.98347107438017,50.413223140495866,11.570247933884298
E00061332,91,36,15,21,55,44,11,39.56043956043956,16.483516483516482,23.076923076923077,60.43956043956044,48.35164835164835,12.087912087912088
E00061333,122,41,16,25,81,59,22,33.60655737704918,13.114754098360656,20.491803278688526,66.39344262295081,48.36065573770492,18.0327868852459
E00061334,125,48,12,36,77,55,22,38.4,9.6,28.799999999999997,61.6,44,17.599999999999998
E00061335,96,33,9,24,63,53,10,34.375,9.375,25,65.625,55.208333333333336,10.416666666666668
E00061336,157,60,20,40,97,83,14,38.21656050955414,12.738853503184714,25.477707006369428,61.78343949044586,52.86624203821656,8.9171974522293
E00061337,92,39,12,27,53,49,4,42.391304347826086,13.043478260869565,29.347826086956523,57.608695652173914,53.2608695652174,4.3478260869565215
E00061338,92,26,5,21,66,56,10,28.26086956521739,5.434782608695652,22.82608695652174,71.73913043478261,60.86956521739131,10.869565217391305
E00061339,138,49,18,31,89,70,19,35.507246376811594,13.043478260869565,22.463768115942027,64.4927536231884,50.72463768115942,13.768115942028986
E00061340,115,35,13,22,80,68,12,30.434782608695656,11.304347826086957,19.130434782608695,69.56521739130434,59.130434782608695,10.434782608695652
E00061341,123,46,13,33,77,65,12,37.39837398373984,10.569105691056912,26.82926829268293,62.601626016260155,52.84552845528455,9.75609756097561
E00061342,102,34,11,23,68,61,7,33.33333333333333,10.784313725490197,22.54901960784314,66.66666666666666,59.80392156862745,6.862745098039216
E00061343,170,66,22,44,104,83,21,38.82352941176471,12.941176470588237,25.882352941176475,61.1764705882353,48.8235294117647,12.352941176470589
E00061344,182,67,17,50,115,99,16,36.81318681318682,9.340659340659341,27.472527472527474,63.18681318681318,54.395604395604394,8.791208791208792
E00061345,108,44,10,34,64,53,11,40.74074074074074,9.25925925925926,31.48148148148148,59.25925925925925,49.074074074074076,10.185185185185185
E00061346,132,42,10,32,90,68,22,31.818181818181817,7.575757575757576,24.242424242424242,68.18181818181817,51.515151515151516,16.666666666666664
E00061348,143,53,20,33,90,78,12,37.06293706293706,13.986013986013987,23.076923076923077,62.93706293706294,54.54545454545454,8.391608391608392
E00061349,88,25,6,19,63,53,10,28.40909090909091,6.8181818181818175,21.59090909090909,71.5909090909091,60.22727272727273,11.363636363636363
E00061350,161,56,16,40,105,88,17,34.78260869565217,9.937888198757763,24.84472049689441,65.21739130434783,54.6583850931677,10.559006211180124
E00061351,235,59,15,44,176,149,27,25.106382978723403,6.382978723404255,18.72340425531915,74.8936170212766,63.40425531914894,11.48936170212766
E00061353,94,33,9,24,61,56,5,35.1063829787234,9.574468085106384,25.53191489361702,64.8936170212766,59.57446808510638,5.319148936170213
E00061354,95,49,14,35,46,42,4,51.578947368421055,14.736842105263156,36.84210526315789,48.421052631578945,44.21052631578947,4.2105263157894735
E00061355,125,41,15,26,84,69,15,32.800000000000004,12,20.8,67.2,55.2,12
E00061356,63,23,8,15,40,35,5,36.507936507936506,12.698412698412698,23.809523809523807,63.49206349206349,55.55555555555556,7.936507936507936
E00061358,60,26,8,18,34,34,0,43.333333333333336,13.333333333333334,30,56.666666666666664,56.666666666666664,0
E00061359,133,43,8,35,90,82,8,32.33082706766917,6.015037593984962,26.31578947368421,67.66917293233082,61.65413533834586,6.015037593984962
E00061360,115,34,10,24,81,68,13,29.565217391304348,8.695652173913043,20.869565217391305,70.43478260869566,59.130434782608695,11.304347826086957
E00061361,100,34,8,26,66,59,7,34,8,26,66,59,7.000000000000001
E00061362,104,37,5,32,67,56,11,35.57692307692308,4.807692307692308,30.76923076923077,64.42307692307693,53.84615384615385,10.576923076923077
E00061363,92,30,7,23,62,50,12,32.608695652173914,7.608695652173914,25,67.3913043478261,54.347826086956516,13.043478260869565
E00061364,28,6,2,4,22,16,6,21.428571428571427,7.142857142857142,14.285714285714285,78.57142857142857,57.14285714285714,21.428571428571427
E00061365,88,37,12,25,51,41,10,42.04545454545455,13.636363636363635,28.40909090909091,57.95454545454546,46.590909090909086,11.363636363636363
E00061366,72,26,6,20,46,41,5,36.11111111111111,8.333333333333332,27.77777777777778,63.888888888888886,56.94444444444444,6.944444444444445
E00061369,87,40,10,30,47,46,1,45.97701149425287,11.494252873563218,34.48275862068966,54.02298850574713,52.87356321839081,1.1494252873563218
E00061370,71,31,11,20,40,35,5,43.66197183098591,15.492957746478872,28.169014084507044,56.33802816901409,49.29577464788733,7.042253521126761
E00061372,44,16,4,12,28,22,6,36.36363636363637,9.090909090909092,27.27272727272727,63.63636363636363,50,13.636363636363635
E00061374,77,29,9,20,48,40,8,37.66233766233766,11.688311688311687,25.97402597402597,62.33766233766234,51.94805194805194,10.38961038961039
E00061377,149,54,17,37,95,79,16,36.241610738255034,11.409395973154362,24.832214765100673,63.758389261744966,53.02013422818792,10.738255033557047
E00061378,134,45,13,32,89,74,15,33.582089552238806,9.701492537313433,23.88059701492537,66.4179104477612,55.223880597014926,11.194029850746269
E00061379,137,45,11,34,92,83,9,32.846715328467155,8.02919708029197,24.817518248175183,67.15328467153284,60.58394160583942,6.569343065693431
E00061380,131,46,16,30,85,73,12,35.11450381679389,12.213740458015266,22.900763358778626,64.8854961832061,55.72519083969466,9.16030534351145
E00061381,133,43,12,31,90,79,11,32.33082706766917,9.022556390977442,23.308270676691727,67.66917293233082,59.3984962406015,8.270676691729323
E00061382,277,66,15,51,211,187,24,23.826714801444044,5.415162454873646,18.4115523465704,76.17328519855594,67.50902527075813,8.664259927797833
E00061385,106,48,11,37,58,53,5,45.28301886792453,10.377358490566039,34.90566037735849,54.71698113207547,50,4.716981132075472
E00061386,115,34,6,28,81,71,10,29.565217391304348,5.217391304347826,24.347826086956523,70.43478260869566,61.73913043478261,8.695652173913043
E00061387,81,31,6,25,50,44,6,38.2716049382716,7.4074074074074066,30.864197530864196,61.72839506172839,54.32098765432099,7.4074074074074066
E00061388,116,43,13,30,73,68,5,37.06896551724138,11.206896551724139,25.862068965517242,62.93103448275862,58.620689655172406,4.310344827586207
E00061389,101,37,8,29,64,48,16,36.633663366336634,7.920792079207921,28.71287128712871,63.366336633663366,47.524752475247524,15.841584158415841
E00061391,112,36,11,25,76,64,12,32.142857142857146,9.821428571428571,22.321428571428573,67.85714285714286,57.14285714285714,10.714285714285714
E00061392,136,47,12,35,89,73,16,34.55882352941176,8.823529411764707,25.735294117647058,65.44117647058823,53.67647058823529,11.76470588235294
E00061393,99,29,5,24,70,53,17,29.292929292929294,5.05050505050505,24.242424242424242,70.70707070707071,53.535353535353536,17.17171717171717
E00061394,151,58,17,41,93,76,17,38.41059602649007,11.258278145695364,27.1523178807947,61.58940397350994,50.331125827814574,11.258278145695364
E00061395,159,44,9,35,115,95,20,27.67295597484277,5.660377358490567,22.0125786163522,72.32704402515722,59.74842767295597,12.578616352201259
E00061396,108,25,11,14,83,71,12,23.14814814814815,10.185185185185185,12.962962962962962,76.85185185185185,65.74074074074075,11.11111111111111
E00061397,83,19,7,12,64,60,4,22.89156626506024,8.433734939759036,14.457831325301203,77.10843373493977,72.28915662650603,4.819277108433735
E00061398,131,41,11,30,90,75,15,31.297709923664126,8.396946564885496,22.900763358778626,68.70229007633588,57.25190839694656,11.450381679389313
E00061399,96,21,5,16,75,68,7,21.875,5.208333333333334,16.666666666666664,78.125,70.83333333333334,7.291666666666667
E00061400,95,23,5,18,72,63,9,24.210526315789473,5.263157894736842,18.947368421052634,75.78947368421053,66.3157894736842,9.473684210526317
E00061401,136,40,13,27,96,87,9,29.411764705882355,9.558823529411764,19.852941176470587,70.58823529411765,63.970588235294116,6.61764705882353
E00061402,102,33,12,21,69,61,8,32.35294117647059,11.76470588235294,20.588235294117645,67.64705882352942,59.80392156862745,7.8431372549019605
E00061403,113,48,11,37,65,56,9,42.47787610619469,9.734513274336283,32.743362831858406,57.52212389380531,49.557522123893804,7.964601769911504
E00061404,60,27,5,22,33,27,6,45,8.333333333333332,36.666666666666664,55.00000000000001,45,10
E00061405,84,39,10,29,45,41,4,46.42857142857143,11.904761904761903,34.523809523809526,53.57142857142857,48.80952380952381,4.761904761904762
E00061406,170,63,19,44,107,91,16,37.05882352941177,11.176470588235295,25.882352941176475,62.94117647058823,53.529411764705884,9.411764705882353
E00061407,162,40,15,25,122,108,14,24.691358024691358,9.25925925925926,15.432098765432098,75.30864197530865,66.66666666666666,8.641975308641975
E00061408,128,39,16,23,89,72,17,30.46875,12.5,17.96875,69.53125,56.25,13.28125
E00061409,156,35,9,26,121,105,16,22.435897435897438,5.769230769230769,16.666666666666664,77.56410256410257,67.3076923076923,10.256410256410255
E00061410,195,49,13,36,146,123,23,25.128205128205128,6.666666666666667,18.461538461538463,74.87179487179488,63.07692307692307,11.794871794871794
E00061411,117,37,9,28,80,69,11,31.62393162393162,7.6923076923076925,23.931623931623932,68.37606837606837,58.97435897435898,9.401709401709402
E00061412,130,38,14,24,92,80,12,29.230769230769234,10.76923076923077,18.461538461538463,70.76923076923077,61.53846153846154,9.230769230769232
E00061413,74,26,10,16,48,39,9,35.13513513513514,13.513513513513514,21.62162162162162,64.86486486486487,52.702702702702695,12.162162162162163
E00061414,68,23,5,18,45,38,7,33.82352941176471,7.352941176470589,26.47058823529412,66.17647058823529,55.88235294117647,10.294117647058822
E00061415,67,25,10,15,42,35,7,37.3134328358209,14.925373134328357,22.388059701492537,62.68656716417911,52.23880597014925,10.44776119402985
E00061416,44,16,2,14,28,22,6,36.36363636363637,4.545454545454546,31.818181818181817,63.63636363636363,50,13.636363636363635
E00061417,117,27,6,21,90,78,12,23.076923076923077,5.128205128205128,17.94871794871795,76.92307692307693,66.66666666666666,10.256410256410255
E00061418,128,48,13,35,80,72,8,37.5,10.15625,27.34375,62.5,56.25,6.25
E00061420,132,50,15,35,82,66,16,37.878787878787875,11.363636363636363,26.515151515151516,62.121212121212125,50,12.121212121212121
E00061421,129,41,15,26,88,70,18,31.782945736434108,11.627906976744185,20.155038759689923,68.21705426356588,54.263565891472865,13.953488372093023
E00061422,163,41,12,29,122,110,12,25.153374233128833,7.361963190184049,17.791411042944784,74.84662576687117,67.48466257668711,7.361963190184049
E00061423,152,43,12,31,109,96,13,28.289473684210524,7.894736842105263,20.394736842105264,71.71052631578947,63.1578947368421,8.552631578947368
E00061425,158,45,9,36,113,95,18,28.48101265822785,5.69620253164557,22.78481012658228,71.51898734177216,60.12658227848101,11.39240506329114
E00061426,172,52,14,38,120,103,17,30.23255813953488,8.13953488372093,22.093023255813954,69.76744186046511,59.883720930232556,9.883720930232558
E00061427,121,36,11,25,85,74,11,29.75206611570248,9.090909090909092,20.66115702479339,70.24793388429752,61.15702479338842,9.090909090909092
E00061428,128,37,12,25,91,79,12,28.90625,9.375,19.53125,71.09375,61.71875,9.375
E00061429,109,35,16,19,74,67,7,32.11009174311927,14.678899082568808,17.431192660550458,67.88990825688074,61.46788990825688,6.422018348623854
E00061430,103,19,3,16,84,75,9,18.446601941747574,2.912621359223301,15.53398058252427,81.55339805825243,72.81553398058253,8.737864077669903
E00061431,157,50,12,38,107,92,15,31.84713375796178,7.643312101910828,24.203821656050955,68.15286624203821,58.59872611464968,9.554140127388536
E00061432,136,38,12,26,98,79,19,27.941176470588236,8.823529411764707,19.11764705882353,72.05882352941177,58.08823529411765,13.970588235294118
E00061433,129,44,14,30,85,70,15,34.10852713178294,10.852713178294573,23.25581395348837,65.89147286821705,54.263565891472865,11.627906976744185
E00061434,88,29,12,17,59,48,11,32.95454545454545,13.636363636363635,19.318181818181817,67.04545454545455,54.54545454545454,12.5
E00061435,98,25,4,21,73,59,14,25.510204081632654,4.081632653061225,21.428571428571427,74.48979591836735,60.204081632653065,14.285714285714285
E00061436,66,24,14,10,42,36,6,36.36363636363637,21.21212121212121,15.151515151515152,63.63636363636363,54.54545454545454,9.090909090909092
E00061437,141,44,15,29,97,84,13,31.20567375886525,10.638297872340425,20.56737588652482,68.79432624113475,59.57446808510638,9.219858156028367
E00061438,121,44,12,32,77,65,12,36.36363636363637,9.917355371900827,26.446280991735538,63.63636363636363,53.71900826446281,9.917355371900827
E00061439,157,42,16,26,115,100,15,26.751592356687897,10.191082802547772,16.560509554140125,73.24840764331209,63.69426751592356,9.554140127388536
E00061440,113,33,5,28,80,66,14,29.20353982300885,4.424778761061947,24.778761061946902,70.79646017699115,58.4070796460177,12.389380530973451
E00061441,170,65,17,48,105,92,13,38.23529411764706,10,28.235294117647058,61.76470588235294,54.11764705882353,7.647058823529412
E00061442,120,42,23,19,78,67,11,35,19.166666666666668,15.833333333333332,65,55.833333333333336,9.166666666666666
E00061443,103,29,7,22,74,55,19,28.155339805825243,6.796116504854369,21.35922330097087,71.84466019417476,53.398058252427184,18.446601941747574
E00061444,176,57,13,44,119,106,13,32.38636363636363,7.386363636363637,25,67.61363636363636,60.22727272727273,7.386363636363637
E00061445,161,64,18,46,97,83,14,39.75155279503105,11.180124223602485,28.57142857142857,60.24844720496895,51.5527950310559,8.695652173913043
E00061446,101,29,7,22,72,59,13,28.71287128712871,6.9306930693069315,21.782178217821784,71.28712871287128,58.415841584158414,12.871287128712872
E00061447,126,51,16,35,75,67,8,40.476190476190474,12.698412698412698,27.77777777777778,59.523809523809526,53.17460317460318,6.349206349206349
E00061448,76,29,4,25,47,39,8,38.15789473684211,5.263157894736842,32.89473684210527,61.8421052631579,51.31578947368421,10.526315789473683
E00061449,111,41,13,28,70,64,6,36.93693693693694,11.711711711711711,25.225225225225223,63.06306306306306,57.65765765765766,5.405405405405405
E00061450,118,38,7,31,80,71,9,32.20338983050847,5.932203389830509,26.27118644067797,67.79661016949152,60.16949152542372,7.627118644067797
E00061451,109,37,15,22,72,62,10,33.94495412844037,13.761467889908257,20.18348623853211,66.05504587155964,56.88073394495413,9.174311926605505
E00061452,134,41,16,25,93,78,15,30.597014925373134,11.940298507462686,18.65671641791045,69.40298507462687,58.2089552238806,11.194029850746269
E00061453,130,46,19,27,84,62,22,35.38461538461539,14.615384615384617,20.76923076923077,64.61538461538461,47.69230769230769,16.923076923076923
E00061454,137,44,12,32,93,83,10,32.11678832116788,8.75912408759124,23.357664233576642,67.88321167883211,60.58394160583942,7.2992700729927
E00061455,162,45,12,33,117,106,11,27.77777777777778,7.4074074074074066,20.37037037037037,72.22222222222221,65.4320987654321,6.790123456790123
E00061456,73,32,5,27,41,35,6,43.83561643835616,6.8493150684931505,36.986301369863014,56.16438356164384,47.94520547945205,8.21917808219178
E00061457,117,42,8,34,75,59,16,35.8974358974359,6.837606837606838,29.059829059829063,64.1025641025641,50.427350427350426,13.675213675213676
E00061458,118,40,14,26,78,64,14,33.89830508474576,11.864406779661017,22.033898305084744,66.10169491525424,54.23728813559322,11.864406779661017
E00061459,86,37,10,27,49,42,7,43.02325581395349,11.627906976744185,31.3953488372093,56.97674418604651,48.837209302325576,8.13953488372093
E00061460,141,47,13,34,94,79,15,33.33333333333333,9.219858156028367,24.113475177304963,66.66666666666666,56.02836879432624,10.638297872340425
E00165766,179,65,16,49,114,95,19,36.312849162011176,8.938547486033519,27.37430167597765,63.687150837988824,53.072625698324025,10.614525139664805
E00165767,45,16,5,11,29,26,3,35.55555555555556,11.11111111111111,24.444444444444443,64.44444444444444,57.77777777777777,6.666666666666667
E00165768,101,35,13,22,66,54,12,34.65346534653465,12.871287128712872,21.782178217821784,65.34653465346535,53.46534653465347,11.881188118811881
E00165770,48,14,3,11,34,29,5,29.166666666666668,6.25,22.916666666666664,70.83333333333334,60.416666666666664,10.416666666666668
E00165774,182,68,13,55,114,98,16,37.362637362637365,7.142857142857142,30.21978021978022,62.637362637362635,53.84615384615385,8.791208791208792
E00165775,61,17,4,13,44,36,8,27.86885245901639,6.557377049180328,21.311475409836063,72.1311475409836,59.01639344262295,13.114754098360656
E00165776,128,55,15,40,73,66,7,42.96875,11.71875,31.25,57.03125,51.5625,5.46875
E00165777,151,76,20,56,75,65,10,50.331125827814574,13.245033112582782,37.086092715231786,49.668874172185426,43.04635761589404,6.622516556291391
E00165820,130,47,15,32,83,66,17,36.15384615384615,11.538461538461538,24.615384615384617,63.84615384615384,50.76923076923077,13.076923076923078
E00165821,119,33,8,25,86,70,16,27.73109243697479,6.722689075630252,21.008403361344538,72.26890756302521,58.82352941176471,13.445378151260504
E00174120,227,55,12,43,172,139,33,24.229074889867842,5.286343612334802,18.94273127753304,75.77092511013215,61.23348017621145,14.537444933920703
E00174121,62,20,8,12,42,38,4,32.25806451612903,12.903225806451612,19.35483870967742,67.74193548387096,61.29032258064516,6.451612903225806
E00174122,50,27,10,17,23,23,0,54,20,34,46,46,0
E00174123,92,33,7,26,59,56,3,35.869565217391305,7.608695652173914,28.26086956521739,64.13043478260869,60.86956521739131,3.260869565217391
E00174124,104,44,11,33,60,53,7,42.30769230769231,10.576923076923077,31.73076923076923,57.692307692307686,50.96153846153846,6.730769230769231
E00174125,118,40,10,30,78,66,12,33.89830508474576,8.47457627118644,25.423728813559322,66.10169491525424,55.932203389830505,10.16949152542373
E00174126,121,39,13,26,82,63,19,32.231404958677686,10.743801652892563,21.487603305785125,67.76859504132231,52.066115702479344,15.702479338842975
E00174127,185,61,26,35,124,91,33,32.972972972972975,14.054054054054054,18.91891891891892,67.02702702702703,49.18918918918919,17.83783783783784
E00174128,161,49,10,39,112,88,24,30.434782608695656,6.211180124223603,24.22360248447205,69.56521739130434,54.6583850931677,14.906832298136646
E00174129,179,47,10,37,132,103,29,26.256983240223462,5.58659217877095,20.670391061452513,73.74301675977654,57.54189944134078,16.201117318435752
E00174130,175,37,12,25,138,106,32,21.142857142857142,6.857142857142858,14.285714285714285,78.85714285714286,60.57142857142858,18.285714285714285
E00174132,194,55,16,39,139,118,21,28.350515463917525,8.24742268041237,20.103092783505154,71.64948453608247,60.824742268041234,10.824742268041238
E00174133,105,33,7,26,72,59,13,31.428571428571427,6.666666666666667,24.761904761904763,68.57142857142857,56.19047619047619,12.380952380952381
E00174134,224,60,15,45,164,144,20,26.785714285714285,6.696428571428571,20.089285714285715,73.21428571428571,64.28571428571429,8.928571428571429
E00174135,185,62,13,49,123,113,10,33.513513513513516,7.027027027027027,26.486486486486488,66.48648648648648,61.08108108108108,5.405405405405405
E00188170,191,53,13,40,138,117,21,27.748691099476442,6.806282722513089,20.94240837696335,72.25130890052355,61.25654450261781,10.99476439790576
E00188173,101,37,9,28,64,54,10,36.633663366336634,8.91089108910891,27.722772277227726,63.366336633663366,53.46534653465347,9.900990099009901
E00188175,151,41,19,22,110,90,20,27.1523178807947,12.582781456953644,14.56953642384106,72.84768211920529,59.60264900662252,13.245033112582782
E00188178,106,38,12,26,68,62,6,35.84905660377358,11.320754716981133,24.528301886792452,64.15094339622641,58.490566037735846,5.660377358490567
E00188182,86,23,7,16,63,51,12,26.744186046511626,8.13953488372093,18.6046511627907,73.25581395348837,59.30232558139535,13.953488372093023
E00188193,227,49,12,37,178,159,19,21.58590308370044,5.286343612334802,16.299559471365637,78.41409691629956,70.04405286343612,8.370044052863436
E00188203,145,38,12,26,107,84,23,26.20689655172414,8.275862068965518,17.93103448275862,73.79310344827587,57.931034482758626,15.862068965517242
E00188208,175,44,17,27,131,109,22,25.142857142857146,9.714285714285714,15.428571428571427,74.85714285714286,62.28571428571429,12.571428571428573
E00188209,190,56,18,38,134,115,19,29.47368421052631,9.473684210526317,20,70.52631578947368,60.526315789473685,10
E00188213,79,33,11,22,46,38,8,41.77215189873418,13.924050632911392,27.848101265822784,58.22784810126582,48.10126582278481,10.126582278481013
E00188225,140,36,9,27,104,91,13,25.71428571428571,6.428571428571428,19.28571428571429,74.28571428571429,65,9.285714285714286
E00188227,46,17,1,16,29,27,2,36.95652173913043,2.1739130434782608,34.78260869565217,63.04347826086957,58.69565217391305,4.3478260869565215
E00188235,135,44,10,34,91,83,8,32.592592592592595,7.4074074074074066,25.185185185185183,67.4074074074074,61.48148148148148,5.9259259259259265
E00188250,132,45,8,37,87,64,23,34.090909090909086,6.0606060606060606,28.030303030303028,65.9090909090909,48.484848484848484,17.424242424242426
E00188251,159,43,21,22,116,93,23,27.044025157232703,13.20754716981132,13.836477987421384,72.95597484276729,58.490566037735846,14.465408805031446
E00188253,213,43,14,29,170,141,29,20.187793427230048,6.572769953051644,13.615023474178404,79.81220657276995,66.19718309859155,13.615023474178404
E00188260,168,43,13,30,125,108,17,25.595238095238095,7.738095238095238,17.857142857142858,74.40476190476191,64.28571428571429,10.119047619047619
E00188263,61,20,3,17,41,37,4,32.78688524590164,4.918032786885246,27.86885245901639,67.21311475409836,60.65573770491803,6.557377049180328
E00188266,128,30,8,22,98,84,14,23.4375,6.25,17.1875,76.5625,65.625,10.9375
E00188268,196,46,14,32,150,126,24,23.46938775510204,7.142857142857142,16.3265306122449,76.53061224489795,64.28571428571429,12.244897959183673
E00188270,193,49,10,39,144,122,22,25.38860103626943,5.181347150259067,20.207253886010363,74.61139896373057,63.212435233160626,11.398963730569948
E00188274,189,45,12,33,144,117,27,23.809523809523807,6.349206349206349,17.46031746031746,76.19047619047619,61.904761904761905,14.285714285714285
E00188278,134,33,12,21,101,91,10,24.62686567164179,8.955223880597014,15.671641791044777,75.3731343283582,67.91044776119402,7.462686567164178
E00188280,139,40,12,28,99,79,20,28.776978417266186,8.633093525179856,20.14388489208633,71.22302158273382,56.83453237410072,14.388489208633093
E00188289,163,56,15,41,107,94,13,34.355828220858896,9.202453987730062,25.153374233128833,65.6441717791411,57.668711656441715,7.975460122699387
E00188292,229,68,22,46,161,136,25,29.694323144104807,9.606986899563319,20.087336244541483,70.3056768558952,59.388646288209614,10.91703056768559
E00188299,96,30,10,20,66,56,10,31.25,10.416666666666668,20.833333333333336,68.75,58.333333333333336,10.416666666666668
E00188300,185,41,9,32,144,108,36,22.162162162162165,4.864864864864865,17.2972972972973,77.83783783783784,58.37837837837838,19.45945945945946
E00188307,67,23,6,17,44,41,3,34.32835820895522,8.955223880597014,25.37313432835821,65.67164179104478,61.19402985074627,4.477611940298507
E00188309,251,45,8,37,206,182,24,17.928286852589643,3.187250996015936,14.741035856573706,82.07171314741036,72.50996015936255,9.56175298804781
E00188317,221,53,8,45,168,141,27,23.981900452488688,3.619909502262444,20.361990950226243,76.01809954751131,63.80090497737556,12.217194570135746
E00188324,166,49,10,39,117,102,15,29.518072289156628,6.024096385542169,23.49397590361446,70.48192771084338,61.44578313253012,9.036144578313253
E00188333,77,16,0,16,61,49,12,20.77922077922078,0,20.77922077922078,79.22077922077922,63.63636363636363,15.584415584415584
