OA,ts0380001,ts0380002,ts0380003,ts0380004,ts0380005,ts0380006,ts0380007,ts0380002_PCT,ts0380003_PCT,ts0380004_PCT,ts0380005_PCT,ts0380006_PCT,ts0380007_PCT
E00060999,266,77,33,44,189,17,172,28.947368421052634,12.406015037593985,16.541353383458645,71.05263157894737,6.390977443609022,64.66165413533834
E00061000,249,88,49,39,161,25,136,35.34136546184739,19.67871485943775,15.66265060240964,64.65863453815261,10.040160642570282,54.61847389558233
E00061001,308,78,41,37,230,18,212,25.324675324675322,13.311688311688311,12.012987012987013,74.67532467532467,5.844155844155844,68.83116883116884
E00061002,266,75,42,33,191,20,171,28.195488721804512,15.789473684210526,12.406015037593985,71.80451127819549,7.518796992481203,64.28571428571429
E00061003,357,62,31,31,295,26,269,17.366946778711483,8.683473389355742,8.683473389355742,82.6330532212885,7.282913165266107,75.35014005602241
E00061004,266,80,45,35,186,19,167,30.075187969924812,16.917293233082706,13.157894736842104,69.92481203007519,7.142857142857142,62.78195488721805
E00061005,416,67,26,41,349,31,318,16.105769230769234,6.25,9.85576923076923,83.89423076923077,7.451923076923077,76.4423076923077
E00061007,265,54,23,31,211,17,194,20.37735849056604,8.679245283018867,11.69811320754717,79.62264150943396,6.415094339622642,73.20754716981132
E00061008,269,62,27,35,207,17,190,23.04832713754647,10.037174721189592,13.011152416356877,76.95167286245353,6.319702602230483,70.63197026022306
E00061009,262,61,24,37,201,19,182,23.282442748091604,9.16030534351145,14.122137404580155,76.7175572519084,7.251908396946565,69.46564885496184
E00061010,291,94,44,50,197,24,173,32.302405498281786,15.120274914089347,17.18213058419244,67.69759450171821,8.24742268041237,59.450171821305844
E00061011,305,48,15,33,257,25,232,15.737704918032788,4.918032786885246,10.819672131147541,84.26229508196721,8.19672131147541,76.0655737704918
E00061012,284,64,36,28,220,23,197,22.535211267605636,12.676056338028168,9.859154929577464,77.46478873239437,8.098591549295776,69.36619718309859
E00061013,367,82,37,45,285,13,272,22.3433242506812,10.08174386920981,12.26158038147139,77.65667574931881,3.5422343324250685,74.11444141689373
E00061014,328,87,36,51,241,15,226,26.52439024390244,10.975609756097562,15.548780487804878,73.47560975609755,4.573170731707317,68.90243902439023
E00061015,269,75,40,35,194,15,179,27.881040892193308,14.869888475836431,13.011152416356877,72.11895910780669,5.5762081784386615,66.54275092936803
E00061016,274,66,22,44,208,20,188,24.087591240875913,8.02919708029197,16.05839416058394,75.91240875912408,7.2992700729927,68.61313868613139
E00061017,277,56,33,23,221,25,196,20.216606498194945,11.913357400722022,8.303249097472925,79.78339350180505,9.025270758122744,70.7581227436823
E00061018,284,51,22,29,233,22,211,17.95774647887324,7.746478873239436,10.211267605633804,82.04225352112677,7.746478873239436,74.29577464788733
E00061019,297,50,18,32,247,20,227,16.835016835016837,6.0606060606060606,10.774410774410773,83.16498316498317,6.7340067340067336,76.43097643097643
E00061020,238,61,33,28,177,13,164,25.630252100840334,13.865546218487395,11.76470588235294,74.36974789915966,5.46218487394958,68.90756302521008
E00061021,208,77,36,41,131,11,120,37.019230769230774,17.307692307692307,19.71153846153846,62.980769230769226,5.288461538461538,57.692307692307686
E00061022,309,99,69,30,210,21,189,32.038834951456316,22.330097087378643,9.70873786407767,67.96116504854369,6.796116504854369,61.165048543689316
E00061023,245,62,27,35,183,14,169,25.30612244897959,11.020408163265307,14.285714285714285,74.6938775510204,5.714285714285714,68.9795918367347
E00061024,376,146,82,64,230,28,202,38.82978723404255,21.808510638297875,17.02127659574468,61.170212765957444,7.446808510638298,53.72340425531915
E00061025,276,63,27,36,213,9,204,22.82608695652174,9.782608695652174,13.043478260869565,77.17391304347827,3.260869565217391,73.91304347826086
E00061026,258,59,28,31,199,20,179,22.868217054263564,10.852713178294573,12.015503875968992,77.13178294573643,7.751937984496124,69.37984496124031
E00061027,253,88,38,50,165,10,155,34.78260869565217,15.019762845849801,19.76284584980237,65.21739130434783,3.9525691699604746,61.26482213438735
E00061028,328,162,109,53,166,15,151,49.390243902439025,33.23170731707317,16.158536585365855,50.609756097560975,4.573170731707317,46.03658536585366
E00061029,245,59,23,36,186,14,172,24.081632653061224,9.387755102040817,14.69387755102041,75.91836734693878,5.714285714285714,70.20408163265306
E00061030,249,54,22,32,195,14,181,21.686746987951807,8.835341365461847,12.851405622489958,78.3132530120482,5.622489959839357,72.69076305220884
E00061031,309,72,31,41,237,16,221,23.300970873786408,10.032362459546926,13.268608414239482,76.69902912621359,5.177993527508091,71.52103559870551
E00061032,237,60,17,43,177,15,162,25.31645569620253,7.172995780590717,18.143459915611814,74.68354430379746,6.329113924050633,68.35443037974683
E00061033,280,58,18,40,222,25,197,20.714285714285715,6.428571428571428,14.285714285714285,79.28571428571428,8.928571428571429,70.35714285714286
E00061034,258,83,47,36,175,20,155,32.17054263565892,18.217054263565892,13.953488372093023,67.82945736434108,7.751937984496124,60.07751937984496
E00061035,191,89,64,25,102,12,90,46.596858638743456,33.50785340314136,13.089005235602095,53.403141361256544,6.282722513089005,47.12041884816754
E00061036,332,111,56,55,221,25,196,33.433734939759034,16.867469879518072,16.566265060240966,66.56626506024097,7.530120481927711,59.036144578313255
E00061037,213,57,26,31,156,20,136,26.76056338028169,12.206572769953052,14.553990610328638,73.23943661971832,9.389671361502346,63.84976525821596
E00061038,259,55,31,24,204,21,183,21.235521235521233,11.96911196911197,9.266409266409266,78.76447876447877,8.108108108108109,70.65637065637065
E00061039,246,77,33,44,169,21,148,31.300813008130078,13.414634146341465,17.88617886178862,68.69918699186992,8.536585365853659,60.16260162601627
E00061040,294,57,25,32,237,22,215,19.387755102040817,8.503401360544217,10.884353741496598,80.61224489795919,7.482993197278912,73.12925170068027
E00061041,289,43,22,21,246,25,221,14.878892733564014,7.612456747404845,7.26643598615917,85.12110726643598,8.650519031141869,76.47058823529412
E00061042,297,61,28,33,236,29,207,20.53872053872054,9.427609427609427,11.11111111111111,79.46127946127946,9.764309764309765,69.6969696969697
E00061043,309,69,26,43,240,20,220,22.330097087378643,8.414239482200648,13.915857605177994,77.66990291262135,6.472491909385113,71.19741100323624
E00061044,200,46,17,29,154,20,134,23,8.5,14.499999999999998,77,10,67
E00061045,229,100,59,41,129,15,114,43.66812227074236,25.76419213973799,17.903930131004365,56.33187772925764,6.550218340611353,49.78165938864629
E00061046,354,70,20,50,284,25,259,19.774011299435028,5.649717514124294,14.124293785310735,80.22598870056498,7.062146892655368,73.1638418079096
E00061047,288,55,29,26,233,22,211,19.09722222222222,10.069444444444445,9.027777777777777,80.90277777777779,7.638888888888889,73.26388888888889
E00061048,306,77,35,42,229,16,213,25.163398692810457,11.437908496732026,13.725490196078432,74.83660130718954,5.228758169934641,69.6078431372549
E00061049,273,63,27,36,210,27,183,23.076923076923077,9.89010989010989,13.186813186813188,76.92307692307693,9.89010989010989,67.03296703296702
E00061050,259,83,48,35,176,8,168,32.04633204633205,18.53281853281853,13.513513513513514,67.95366795366795,3.088803088803089,64.86486486486487
E00061052,258,64,28,36,194,15,179,24.8062015503876,10.852713178294573,13.953488372093023,75.1937984496124,5.813953488372093,69.37984496124031
E00061053,344,65,31,34,279,25,254,18.8953488372093,9.011627906976743,9.883720930232558,81.1046511627907,7.267441860465117,73.83720930232558
E00061054,274,46,22,24,228,21,207,16.78832116788321,8.02919708029197,8.75912408759124,83.21167883211679,7.664233576642336,75.54744525547446
E00061055,327,52,18,34,275,31,244,15.902140672782874,5.5045871559633035,10.397553516819572,84.09785932721712,9.480122324159021,74.61773700305811
E00061056,253,64,32,32,189,10,179,25.296442687747035,12.648221343873518,12.648221343873518,74.70355731225297,3.9525691699604746,70.7509881422925
E00061057,287,44,19,25,243,27,216,15.33101045296167,6.620209059233449,8.710801393728223,84.66898954703834,9.40766550522648,75.26132404181185
E00061058,293,81,36,45,212,17,195,27.64505119453925,12.286689419795222,15.358361774744028,72.35494880546075,5.802047781569966,66.55290102389078
E00061059,273,41,20,21,232,25,207,15.018315018315018,7.326007326007327,7.6923076923076925,84.98168498168498,9.157509157509157,75.82417582417582
E00061061,297,55,22,33,242,16,226,18.51851851851852,7.4074074074074066,11.11111111111111,81.48148148148148,5.387205387205387,76.0942760942761
E00061062,176,59,29,30,117,17,100,33.52272727272727,16.477272727272727,17.045454545454543,66.47727272727273,9.659090909090908,56.81818181818182
E00061063,262,59,31,28,203,21,182,22.519083969465647,11.83206106870229,10.687022900763358,77.48091603053436,8.015267175572518,69.46564885496184
E00061064,204,72,52,20,132,17,115,35.294117647058826,25.49019607843137,9.803921568627452,64.70588235294117,8.333333333333332,56.372549019607845
E00061065,330,52,14,38,278,23,255,15.757575757575756,4.242424242424243,11.515151515151516,84.24242424242424,6.969696969696971,77.27272727272727
E00061066,269,79,37,42,190,23,167,29.36802973977695,13.754646840148698,15.613382899628252,70.63197026022306,8.550185873605948,62.0817843866171
E00061067,253,52,22,30,201,23,178,20.55335968379447,8.695652173913043,11.857707509881422,79.44664031620553,9.090909090909092,70.35573122529645
E00061068,332,132,88,44,200,18,182,39.75903614457831,26.506024096385545,13.253012048192772,60.24096385542169,5.421686746987952,54.81927710843374
E00061069,284,62,29,33,222,15,207,21.830985915492956,10.211267605633804,11.619718309859154,78.16901408450704,5.28169014084507,72.88732394366197
E00061070,257,64,34,30,193,15,178,24.90272373540856,13.229571984435799,11.673151750972762,75.09727626459144,5.836575875486381,69.26070038910505
E00061074,256,51,19,32,205,29,176,19.921875,7.421875,12.5,80.078125,11.328125,68.75
E00061075,237,43,22,21,194,15,179,18.143459915611814,9.282700421940929,8.860759493670885,81.85654008438819,6.329113924050633,75.52742616033755
E00061076,250,60,29,31,190,14,176,24,11.600000000000001,12.4,76,5.6000000000000005,70.39999999999999
E00061077,261,58,26,32,203,21,182,22.22222222222222,9.961685823754788,12.260536398467432,77.77777777777779,8.045977011494253,69.73180076628353
E00061078,190,39,16,23,151,14,137,20.526315789473685,8.421052631578947,12.105263157894736,79.47368421052632,7.368421052631578,72.10526315789474
E00061079,170,97,65,32,73,9,64,57.05882352941176,38.23529411764706,18.823529411764707,42.94117647058823,5.294117647058823,37.64705882352941
E00061080,281,48,18,30,233,17,216,17.08185053380783,6.405693950177936,10.676156583629894,82.91814946619218,6.049822064056939,76.86832740213522
E00061081,348,87,43,44,261,25,236,25,12.35632183908046,12.643678160919542,75,7.183908045977011,67.81609195402298
E00061082,283,75,41,34,208,20,188,26.501766784452297,14.487632508833922,12.014134275618375,73.4982332155477,7.06713780918728,66.43109540636041
E00061083,300,85,37,48,215,16,199,28.333333333333332,12.333333333333334,16,71.66666666666667,5.333333333333334,66.33333333333333
E00061084,214,54,33,21,160,11,149,25.233644859813083,15.42056074766355,9.813084112149532,74.76635514018692,5.14018691588785,69.62616822429906
E00061085,266,76,38,38,190,11,179,28.57142857142857,14.285714285714285,14.285714285714285,71.42857142857143,4.135338345864661,67.29323308270678
E00061086,228,50,22,28,178,13,165,21.929824561403507,9.649122807017543,12.280701754385964,78.0701754385965,5.701754385964912,72.36842105263158
E00061087,215,63,35,28,152,17,135,29.30232558139535,16.27906976744186,13.023255813953488,70.69767441860465,7.906976744186046,62.7906976744186
E00061088,193,52,18,34,141,10,131,26.94300518134715,9.32642487046632,17.616580310880828,73.05699481865285,5.181347150259067,67.87564766839378
E00061089,212,77,39,38,135,24,111,36.32075471698113,18.39622641509434,17.92452830188679,63.67924528301887,11.320754716981133,52.358490566037744
E00061090,226,70,38,32,156,16,140,30.973451327433626,16.8141592920354,14.15929203539823,69.02654867256636,7.079646017699115,61.94690265486725
E00061091,279,92,61,31,187,20,167,32.97491039426524,21.863799283154123,11.11111111111111,67.02508960573476,7.168458781362006,59.85663082437276
E00061092,269,59,30,29,210,11,199,21.933085501858738,11.152416356877323,10.780669144981413,78.06691449814126,4.089219330855019,73.97769516728626
E00061095,317,81,47,34,236,19,217,25.55205047318612,14.826498422712934,10.725552050473187,74.44794952681389,5.993690851735016,68.45425867507886
E00061096,285,58,20,38,227,11,216,20.350877192982455,7.017543859649122,13.333333333333334,79.64912280701755,3.8596491228070176,75.78947368421053
E00061097,279,52,17,35,227,17,210,18.63799283154122,6.093189964157706,12.544802867383511,81.36200716845879,6.093189964157706,75.26881720430107
E00061098,282,78,31,47,204,7,197,27.659574468085108,10.99290780141844,16.666666666666664,72.3404255319149,2.4822695035460995,69.8581560283688
E00061099,327,74,51,23,253,18,235,22.629969418960243,15.59633027522936,7.033639143730887,77.37003058103976,5.5045871559633035,71.86544342507645
E00061100,301,79,52,27,222,14,208,26.245847176079735,17.275747508305646,8.970099667774086,73.75415282392026,4.651162790697675,69.10299003322258
E00061101,308,67,31,36,241,17,224,21.753246753246753,10.064935064935066,11.688311688311687,78.24675324675324,5.51948051948052,72.72727272727273
E00061102,187,52,27,25,135,9,126,27.807486631016044,14.43850267379679,13.368983957219251,72.19251336898395,4.81283422459893,67.37967914438502
E00061103,347,67,32,35,280,19,261,19.30835734870317,9.221902017291066,10.086455331412104,80.69164265129683,5.475504322766571,75.21613832853026
E00061104,316,70,35,35,246,14,232,22.151898734177212,11.075949367088606,11.075949367088606,77.84810126582279,4.430379746835443,73.41772151898735
E00061105,192,64,34,30,128,10,118,33.33333333333333,17.708333333333336,15.625,66.66666666666666,5.208333333333334,61.458333333333336
E00061106,325,102,62,40,223,12,211,31.384615384615383,19.076923076923077,12.307692307692308,68.61538461538461,3.6923076923076925,64.92307692307693
E00061107,295,82,44,38,213,16,197,27.796610169491526,14.915254237288137,12.88135593220339,72.20338983050848,5.423728813559322,66.77966101694915
E00061108,315,63,35,28,252,17,235,20,11.11111111111111,8.88888888888889,80,5.396825396825397,74.60317460317461
E00061109,271,72,28,44,199,14,185,26.56826568265683,10.33210332103321,16.236162361623617,73.43173431734317,5.166051660516605,68.26568265682657
E00061110,290,53,19,34,237,15,222,18.275862068965516,6.551724137931035,11.724137931034482,81.72413793103448,5.172413793103448,76.55172413793103
E00061111,244,79,38,41,165,14,151,32.37704918032787,15.573770491803279,16.80327868852459,67.62295081967213,5.737704918032787,61.885245901639344
E00061112,275,92,43,49,183,23,160,33.45454545454545,15.636363636363637,17.81818181818182,66.54545454545455,8.363636363636363,58.18181818181818
E00061114,252,58,25,33,194,26,168,23.015873015873016,9.920634920634921,13.095238095238097,76.98412698412699,10.317460317460316,66.66666666666666
E00061115,299,89,39,50,210,32,178,29.76588628762542,13.043478260869565,16.722408026755854,70.23411371237458,10.702341137123746,59.53177257525084
E00061116,253,50,18,32,203,25,178,19.76284584980237,7.114624505928854,12.648221343873518,80.23715415019763,9.881422924901186,70.35573122529645
E00061117,257,54,25,29,203,23,180,21.011673151750973,9.72762645914397,11.284046692607005,78.98832684824903,8.949416342412452,70.03891050583657
E00061118,328,87,42,45,241,19,222,26.52439024390244,12.804878048780488,13.719512195121952,73.47560975609755,5.7926829268292686,67.6829268292683
E00061119,124,17,8,9,107,17,90,13.709677419354838,6.451612903225806,7.258064516129033,86.29032258064517,13.709677419354838,72.58064516129032
E00061120,318,79,31,48,239,28,211,24.842767295597483,9.748427672955975,15.09433962264151,75.15723270440252,8.80503144654088,66.35220125786164
E00061121,161,98,58,40,63,10,53,60.86956521739131,36.024844720496894,24.84472049689441,39.130434782608695,6.211180124223603,32.91925465838509
E00061122,310,83,42,41,227,13,214,26.7741935483871,13.548387096774196,13.225806451612904,73.22580645161291,4.193548387096775,69.03225806451613
E00061124,257,83,46,37,174,17,157,32.295719844357976,17.898832684824903,14.396887159533073,67.70428015564202,6.614785992217899,61.08949416342413
E00061125,279,46,21,25,233,15,218,16.48745519713262,7.526881720430108,8.960573476702509,83.51254480286738,5.376344086021505,78.13620071684588
E00061126,238,85,36,49,153,17,136,35.714285714285715,15.126050420168067,20.588235294117645,64.28571428571429,7.142857142857142,57.14285714285714
E00061127,222,91,32,59,131,23,108,40.99099099099099,14.414414414414415,26.576576576576578,59.009009009009006,10.36036036036036,48.64864864864865
E00061128,351,75,34,41,276,26,250,21.367521367521366,9.686609686609685,11.68091168091168,78.63247863247864,7.4074074074074066,71.22507122507122
E00061129,310,88,55,33,222,25,197,28.387096774193548,17.741935483870968,10.64516129032258,71.61290322580646,8.064516129032258,63.54838709677419
E00061130,313,60,31,29,253,32,221,19.169329073482427,9.904153354632587,9.26517571884984,80.83067092651757,10.223642172523961,70.6070287539936
E00061131,213,53,25,28,160,16,144,24.88262910798122,11.737089201877934,13.145539906103288,75.11737089201877,7.511737089201878,67.6056338028169
E00061132,259,65,34,31,194,21,173,25.096525096525095,13.127413127413126,11.96911196911197,74.9034749034749,8.108108108108109,66.79536679536679
E00061133,205,66,33,33,139,25,114,32.19512195121951,16.097560975609756,16.097560975609756,67.8048780487805,12.195121951219512,55.60975609756098
E00061134,288,71,27,44,217,25,192,24.65277777777778,9.375,15.277777777777779,75.34722222222221,8.680555555555555,66.66666666666666
E00061136,268,35,16,19,233,29,204,13.059701492537313,5.970149253731343,7.08955223880597,86.94029850746269,10.820895522388058,76.11940298507463
E00061138,284,40,17,23,244,30,214,14.084507042253522,5.985915492957746,8.098591549295776,85.91549295774648,10.56338028169014,75.35211267605634
E00061139,359,37,13,24,322,20,302,10.30640668523677,3.6211699164345403,6.685236768802229,89.69359331476323,5.571030640668524,84.12256267409471
E00061140,333,54,21,33,279,29,250,16.216216216216218,6.306306306306306,9.90990990990991,83.78378378378379,8.708708708708707,75.07507507507508
E00061141,264,61,25,36,203,28,175,23.106060606060606,9.469696969696969,13.636363636363635,76.89393939393939,10.606060606060606,66.28787878787878
E00061142,248,45,14,31,203,25,178,18.14516129032258,5.64516129032258,12.5,81.85483870967742,10.080645161290322,71.7741935483871
E00061143,450,47,13,34,403,29,374,10.444444444444445,2.888888888888889,7.555555555555555,89.55555555555556,6.444444444444445,83.11111111111111
E00061144,244,61,29,32,183,18,165,25,11.885245901639344,13.114754098360656,75,7.377049180327869,67.62295081967213
E00061145,245,58,22,36,187,24,163,23.6734693877551,8.979591836734693,14.69387755102041,76.32653061224491,9.795918367346939,66.53061224489795
E00061146,241,46,17,29,195,33,162,19.08713692946058,7.053941908713693,12.033195020746888,80.91286307053942,13.692946058091287,67.21991701244814
E00061147,280,60,23,37,220,15,205,21.428571428571427,8.214285714285714,13.214285714285715,78.57142857142857,5.357142857142857,73.21428571428571
E00061148,291,37,15,22,254,33,221,12.714776632302405,5.154639175257731,7.560137457044673,87.2852233676976,11.34020618556701,75.94501718213058
E00061149,285,43,17,26,242,35,207,15.087719298245613,5.964912280701754,9.12280701754386,84.91228070175438,12.280701754385964,72.63157894736842
E00061150,296,55,24,31,241,20,221,18.58108108108108,8.108108108108109,10.472972972972974,81.41891891891892,6.756756756756757,74.66216216216216
E00061151,308,44,21,23,264,38,226,14.285714285714285,6.8181818181818175,7.467532467532467,85.71428571428571,12.337662337662337,73.37662337662337
E00061152,336,51,20,31,285,35,250,15.178571428571427,5.952380952380952,9.226190476190476,84.82142857142857,10.416666666666668,74.40476190476191
E00061153,206,35,11,24,171,28,143,16.990291262135923,5.339805825242718,11.650485436893204,83.00970873786407,13.592233009708737,69.41747572815534
E00061154,277,39,11,28,238,21,217,14.079422382671481,3.9711191335740073,10.108303249097473,85.92057761732852,7.581227436823104,78.33935018050542
E00061155,333,56,21,35,277,37,240,16.816816816816818,6.306306306306306,10.51051051051051,83.18318318318319,11.11111111111111,72.07207207207207
E00061157,572,85,45,40,487,52,435,14.86013986013986,7.8671328671328675,6.993006993006993,85.13986013986013,9.090909090909092,76.04895104895105
E00061159,274,91,50,41,183,15,168,33.21167883211679,18.248175182481752,14.963503649635038,66.78832116788321,5.474452554744526,61.31386861313869
E00061161,179,69,39,30,110,17,93,38.547486033519554,21.787709497206702,16.75977653631285,61.452513966480446,9.497206703910614,51.955307262569825
E00061162,265,62,26,36,203,13,190,23.39622641509434,9.811320754716983,13.584905660377359,76.60377358490567,4.905660377358491,71.69811320754717
E00061163,370,87,32,55,283,24,259,23.513513513513516,8.64864864864865,14.864864864864865,76.48648648648648,6.486486486486487,70
E00061164,158,72,34,38,86,11,75,45.56962025316456,21.518987341772153,24.050632911392405,54.43037974683544,6.962025316455696,47.46835443037975
E00061165,294,66,30,36,228,26,202,22.448979591836736,10.204081632653061,12.244897959183673,77.55102040816327,8.843537414965986,68.70748299319727
E00061166,161,78,47,31,83,7,76,48.4472049689441,29.19254658385093,19.25465838509317,51.5527950310559,4.3478260869565215,47.20496894409938
E00061167,286,69,34,35,217,27,190,24.125874125874127,11.888111888111888,12.237762237762238,75.87412587412588,9.44055944055944,66.43356643356644
E00061168,363,82,41,41,281,22,259,22.58953168044077,11.294765840220386,11.294765840220386,77.41046831955923,6.0606060606060606,71.34986225895317
E00061169,206,69,42,27,137,20,117,33.49514563106796,20.388349514563107,13.106796116504855,66.50485436893204,9.70873786407767,56.79611650485437
E00061171,321,113,79,34,208,14,194,35.202492211838006,24.610591900311526,10.59190031152648,64.797507788162,4.361370716510903,60.43613707165109
E00061172,207,41,15,26,166,14,152,19.806763285024154,7.246376811594203,12.560386473429952,80.19323671497585,6.763285024154589,73.42995169082126
E00061173,249,70,32,38,179,11,168,28.11244979919679,12.851405622489958,15.261044176706829,71.8875502008032,4.417670682730924,67.46987951807229
E00061174,197,49,29,20,148,12,136,24.873096446700508,14.720812182741117,10.152284263959391,75.1269035532995,6.091370558375635,69.03553299492386
E00061175,406,128,70,58,278,30,248,31.527093596059114,17.24137931034483,14.285714285714285,68.4729064039409,7.389162561576355,61.083743842364534
E00061176,200,43,22,21,157,22,135,21.5,11,10.5,78.5,11,67.5
E00061178,262,49,19,30,213,19,194,18.702290076335878,7.251908396946565,11.450381679389313,81.29770992366412,7.251908396946565,74.04580152671755
E00061179,191,76,39,37,115,10,105,39.79057591623037,20.418848167539267,19.3717277486911,60.20942408376963,5.2356020942408374,54.973821989528794
E00061180,249,47,25,22,202,8,194,18.87550200803213,10.040160642570282,8.835341365461847,81.12449799196787,3.2128514056224895,77.91164658634538
E00061181,233,75,40,35,158,19,139,32.18884120171674,17.167381974248926,15.021459227467812,67.81115879828327,8.15450643776824,59.65665236051502
E00061182,284,96,47,49,188,24,164,33.80281690140845,16.549295774647888,17.253521126760564,66.19718309859155,8.450704225352112,57.74647887323944
E00061183,279,52,18,34,227,16,211,18.63799283154122,6.451612903225806,12.186379928315413,81.36200716845879,5.734767025089606,75.62724014336918
E00061184,285,76,48,28,209,24,185,26.666666666666668,16.842105263157894,9.824561403508772,73.33333333333333,8.421052631578947,64.91228070175438
E00061185,258,62,32,30,196,16,180,24.031007751937985,12.4031007751938,11.627906976744185,75.96899224806202,6.2015503875969,69.76744186046511
E00061186,247,75,43,32,172,18,154,30.364372469635626,17.408906882591094,12.955465587044534,69.63562753036437,7.28744939271255,62.34817813765182
E00061187,222,94,52,42,128,9,119,42.34234234234234,23.423423423423422,18.91891891891892,57.65765765765766,4.054054054054054,53.6036036036036
E00061188,283,61,25,36,222,22,200,21.554770318021202,8.8339222614841,12.7208480565371,78.4452296819788,7.773851590106007,70.6713780918728
E00061189,285,80,39,41,205,14,191,28.07017543859649,13.684210526315791,14.385964912280702,71.9298245614035,4.912280701754386,67.01754385964912
E00061190,346,69,29,40,277,26,251,19.942196531791907,8.38150289017341,11.560693641618498,80.05780346820809,7.514450867052023,72.54335260115607
E00061191,272,95,45,50,177,12,165,34.92647058823529,16.544117647058822,18.38235294117647,65.07352941176471,4.411764705882353,60.66176470588235
E00061192,279,51,17,34,228,21,207,18.27956989247312,6.093189964157706,12.186379928315413,81.72043010752688,7.526881720430108,74.19354838709677
E00061193,327,69,28,41,258,18,240,21.100917431192663,8.56269113149847,12.538226299694188,78.89908256880734,5.5045871559633035,73.39449541284404
E00061194,255,73,34,39,182,16,166,28.627450980392155,13.333333333333334,15.294117647058824,71.37254901960785,6.2745098039215685,65.09803921568627
E00061195,328,65,29,36,263,29,234,19.817073170731707,8.841463414634147,10.975609756097562,80.1829268292683,8.841463414634147,71.34146341463415
E00061196,276,87,51,36,189,20,169,31.521739130434785,18.478260869565215,13.043478260869565,68.47826086956522,7.246376811594203,61.23188405797102
E00061198,255,90,55,35,165,15,150,35.294117647058826,21.568627450980394,13.725490196078432,64.70588235294117,5.88235294117647,58.82352941176471
E00061199,287,69,25,44,218,26,192,24.041811846689896,8.710801393728223,15.33101045296167,75.9581881533101,9.059233449477352,66.89895470383276
E00061200,238,52,18,34,186,19,167,21.84873949579832,7.563025210084033,14.285714285714285,78.15126050420169,7.9831932773109235,70.16806722689076
E00061201,261,82,47,35,179,15,164,31.417624521072796,18.007662835249043,13.409961685823754,68.5823754789272,5.747126436781609,62.83524904214559
E00061202,272,52,23,29,220,30,190,19.11764705882353,8.455882352941178,10.661764705882353,80.88235294117648,11.029411764705882,69.85294117647058
E00061203,450,56,25,31,394,32,362,12.444444444444445,5.555555555555555,6.888888888888889,87.55555555555556,7.111111111111111,80.44444444444444
E00061204,251,61,21,40,190,14,176,24.302788844621514,8.366533864541832,15.936254980079681,75.69721115537848,5.577689243027888,70.1195219123506
E00061205,278,85,50,35,193,15,178,30.575539568345324,17.985611510791365,12.589928057553957,69.42446043165468,5.39568345323741,64.02877697841727
E00061206,394,72,39,33,322,18,304,18.274111675126903,9.898477157360407,8.375634517766498,81.7258883248731,4.568527918781726,77.15736040609137
E00061207,223,38,12,26,185,25,160,17.040358744394617,5.381165919282512,11.659192825112108,82.95964125560538,11.210762331838566,71.74887892376681
E00061210,240,39,15,24,201,19,182,16.25,6.25,10,83.75,7.916666666666666,75.83333333333333
E00061211,233,51,23,28,182,19,163,21.888412017167383,9.871244635193133,12.017167381974248,78.11158798283262,8.15450643776824,69.95708154506438
E00061213,240,49,21,28,191,28,163,20.416666666666668,8.75,11.666666666666666,79.58333333333333,11.666666666666666,67.91666666666667
E00061214,240,56,20,36,184,14,170,23.333333333333332,8.333333333333332,15,76.66666666666667,5.833333333333333,70.83333333333334
E00061216,221,51,17,34,170,17,153,23.076923076923077,7.6923076923076925,15.384615384615385,76.92307692307693,7.6923076923076925,69.23076923076923
E00061217,332,62,17,45,270,16,254,18.67469879518072,5.120481927710843,13.55421686746988,81.32530120481928,4.819277108433735,76.50602409638554
E00061218,259,53,24,29,206,20,186,20.463320463320464,9.266409266409266,11.196911196911197,79.53667953667953,7.722007722007722,71.81467181467181
E00061219,259,56,18,38,203,12,191,21.62162162162162,6.94980694980695,14.671814671814673,78.37837837837837,4.633204633204633,73.74517374517374
E00061220,246,64,19,45,182,27,155,26.01626016260163,7.723577235772358,18.29268292682927,73.98373983739837,10.975609756097562,63.00813008130082
E00061221,269,38,13,25,231,27,204,14.12639405204461,4.83271375464684,9.293680297397769,85.87360594795538,10.037174721189592,75.8364312267658
E00061222,232,61,24,37,171,13,158,26.29310344827586,10.344827586206897,15.948275862068966,73.70689655172413,5.603448275862069,68.10344827586206
E00061223,374,53,20,33,321,44,277,14.171122994652407,5.347593582887701,8.823529411764707,85.828877005347593,11.76470588235294,74.06417112299465
E00061224,251,68,27,41,183,13,170,27.091633466135455,10.756972111553784,16.334661354581673,72.90836653386454,5.179282868525896,67.729083665338635
E00061225,268,49,22,27,219,27,192,18.28358208955224,8.208955223880597,10.074626865671641,81.71641791044776,10.074626865671641,71.64179104477611
E00061227,311,27,13,14,284,15,269,8.681672025723474,4.180064308681672,4.501607717041801,91.31832797427653,4.823151125401929,86.49517684887459
E00061228,280,42,22,20,238,28,210,15,7.857142857142857,7.142857142857142,85,10,75
E00061229,258,44,12,32,214,20,194,17.05426356589147,4.651162790697675,12.4031007751938,82.94573643410853,7.751937984496124,75.1937984496124
E00061230,262,53,25,28,209,27,182,20.229007633587788,9.541984732824428,10.687022900763358,79.77099236641222,10.305343511450381,69.46564885496184
E00061231,297,38,19,19,259,32,227,12.794612794612794,6.397306397306397,6.397306397306397,87.20538720538721,10.774410774410773,76.43097643097643
E00061232,252,43,15,28,209,21,188,17.063492063492063,5.952380952380952,11.11111111111111,82.93650793650794,8.333333333333332,74.60317460317461
E00061233,313,87,44,43,226,9,217,27.79552715654952,14.057507987220447,13.738019169329075,72.20447284345049,2.8753993610223643,69.32907348242811
E00061234,339,46,14,32,293,20,273,13.569321533923304,4.129793510324483,9.43952802359882,86.4306784660767,5.899705014749262,80.53097345132744
E00061235,267,51,23,28,216,23,193,19.101123595505616,8.614232209737828,10.486891385767791,80.89887640449437,8.614232209737828,72.28464419475655
E00061236,266,81,52,29,185,12,173,30.451127819548873,19.548872180451127,10.902255639097744,69.54887218045113,4.511278195488721,65.0375939849624
E00061237,273,53,16,37,220,17,203,19.413919413919416,5.86080586080586,13.553113553113553,80.58608058608058,6.227106227106227,74.35897435897436
E00061238,296,64,21,43,232,25,207,21.62162162162162,7.094594594594595,14.527027027027026,78.37837837837837,8.445945945945946,69.93243243243244
E00061239,305,59,25,34,246,20,226,19.34426229508197,8.19672131147541,11.147540983606557,80.65573770491802,6.557377049180328,74.09836065573771
E00061240,272,64,22,42,208,16,192,23.52941176470588,8.088235294117647,15.441176470588236,76.47058823529412,5.88235294117647,70.58823529411765
E00061241,271,62,35,27,209,20,189,22.878228782287824,12.915129151291513,9.96309963099631,77.12177121771218,7.380073800738007,69.74169741697416
E00061242,260,52,26,26,208,26,182,20,10,10,80,10,70
E00061243,228,46,16,30,182,12,170,20.175438596491226,7.017543859649122,13.157894736842104,79.82456140350878,5.263157894736842,74.56140350877193
E00061244,283,65,33,32,218,15,203,22.968197879858657,11.66077738515901,11.307420494699647,77.03180212014135,5.30035335689046,71.73144876325088
E00061245,281,69,31,38,212,20,192,24.555160142348754,11.032028469750891,13.523131672597867,75.44483985765125,7.11743772241993,68.32740213523132
E00061246,337,90,56,34,247,19,228,26.706231454005934,16.61721068249258,10.089020771513352,73.29376854599407,5.637982195845697,67.65578635014838
E00061247,246,69,34,35,177,18,159,28.04878048780488,13.821138211382115,14.227642276422763,71.95121951219512,7.317073170731707,64.63414634146342
E00061248,287,41,20,21,246,17,229,14.285714285714285,6.968641114982578,7.317073170731707,85.71428571428571,5.923344947735192,79.79094076655052
E00061249,308,37,21,16,271,17,254,12.012987012987013,6.8181818181818175,5.194805194805195,87.98701298701299,5.51948051948052,82.46753246753246
E00061250,256,53,27,26,203,13,190,20.703125,10.546875,10.15625,79.296875,5.078125,74.21875
E00061251,259,49,22,27,210,22,188,18.91891891891892,8.494208494208493,10.424710424710424,81.08108108108108,8.494208494208493,72.58687258687259
E00061252,270,63,29,34,207,16,191,23.333333333333332,10.74074074074074,12.592592592592592,76.66666666666667,5.9259259259259265,70.74074074074073
E00061253,296,76,41,35,220,21,199,25.675675675675674,13.85135135135135,11.824324324324325,74.32432432432432,7.094594594594595,67.22972972972973
E00061254,295,66,25,41,229,20,209,22.372881355932204,8.47457627118644,13.898305084745763,77.62711864406779,6.779661016949152,70.84745762711864
E00061255,326,51,25,26,275,30,245,15.644171779141105,7.668711656441718,7.975460122699387,84.3558282208589,9.202453987730062,75.15337423312883
E00061256,302,63,40,23,239,18,221,20.86092715231788,13.245033112582782,7.6158940397351,79.13907284768213,5.960264900662252,73.17880794701986
E00061257,304,46,21,25,258,12,246,15.131578947368421,6.907894736842106,8.223684210526317,84.86842105263158,3.9473684210526314,80.92105263157895
E00061258,318,64,32,32,254,21,233,20.125786163522015,10.062893081761008,10.062893081761008,79.87421383647799,6.60377358490566,73.27044025157232
E00061259,260,51,22,29,209,20,189,19.615384615384617,8.461538461538462,11.153846153846155,80.38461538461539,7.6923076923076925,72.6923076923077
E00061260,268,53,19,34,215,31,184,19.776119402985074,7.08955223880597,12.686567164179104,80.22388059701493,11.567164179104477,68.65671641791045
E00061261,535,80,25,55,455,35,420,14.953271028037381,4.672897196261682,10.2803738317757,85.04672897196261,6.5420560747663545,78.50467289719626
E00061262,268,44,18,26,224,12,212,16.417910447761194,6.7164179104477615,9.701492537313433,83.5820895522388,4.477611940298507,79.1044776119403
E00061263,267,99,64,35,168,9,159,37.07865168539326,23.970037453183522,13.108614232209737,62.92134831460674,3.3707865168539324,59.55056179775281
E00061264,313,78,36,42,235,16,219,24.920127795527154,11.501597444089457,13.418530351437699,75.07987220447284,5.111821086261981,69.96805111821087
E00061265,291,51,22,29,240,22,218,17.525773195876287,7.560137457044673,9.965635738831615,82.4742268041237,7.560137457044673,74.91408934707904
E00061266,414,49,20,29,365,25,340,11.83574879227053,4.830917874396135,7.004830917874397,88.16425120772948,6.038647342995169,82.1256038647343
E00061267,296,53,25,28,243,14,229,17.905405405405407,8.445945945945946,9.45945945945946,82.0945945945946,4.72972972972973,77.36486486486487
E00061268,273,84,51,33,189,14,175,30.76923076923077,18.681318681318682,12.087912087912088,69.23076923076923,5.128205128205128,64.1025641025641
E00061269,236,36,15,21,200,19,181,15.254237288135593,6.3559322033898304,8.898305084745763,84.7457627118644,8.050847457627118,76.69491525423729
E00061270,239,45,19,26,194,20,174,18.828451882845187,7.949790794979079,10.87866108786611,81.17154811715481,8.368200836820083,72.80334728033473
E00061271,270,70,40,30,200,11,189,25.925925925925924,14.814814814814813,11.11111111111111,74.07407407407408,4.074074074074074,70
E00061272,286,51,23,28,235,17,218,17.832167832167833,8.041958041958042,9.79020979020979,82.16783216783216,5.944055944055944,76.22377622377621
E00061273,523,61,23,38,462,32,430,11.663479923518166,4.397705544933078,7.265774378585086,88.33652007648183,6.118546845124283,82.21797323135756
E00061274,311,49,22,27,262,15,247,15.755627009646304,7.07395498392283,8.681672025723474,84.2443729903537,4.823151125401929,79.42122186495176
E00061275,209,64,37,27,145,14,131,30.62200956937799,17.703349282296653,12.918660287081341,69.377990430622,6.698564593301436,62.67942583732058
E00061278,251,58,27,31,193,10,183,23.107569721115535,10.756972111553784,12.350597609561753,76.89243027888446,3.9840637450199203,72.90836653386454
E00061279,282,70,31,39,212,14,198,24.822695035460992,10.99290780141844,13.829787234042554,75.177304964539,4.964539007092199,70.2127659574468
E00061280,270,54,28,26,216,18,198,20,10.37037037037037,9.62962962962963,80,6.666666666666667,73.33333333333333
E00061281,276,61,30,31,215,15,200,22.10144927536232,10.869565217391305,11.231884057971014,77.89855072463769,5.434782608695652,72.46376811594203
E00061282,317,50,20,30,267,15,252,15.772870662460567,6.309148264984227,9.46372239747634,84.22712933753942,4.73186119873817,79.49526813880126
E00061283,217,64,32,32,153,13,140,29.493087557603687,14.746543778801843,14.746543778801843,70.50691244239631,5.990783410138248,64.51612903225806
E00061284,308,73,31,42,235,17,218,23.7012987012987,10.064935064935066,13.636363636363635,76.2987012987013,5.51948051948052,70.77922077922078
E00061285,249,61,32,29,188,20,168,24.497991967871485,12.851405622489958,11.646586345381527,75.50200803212851,8.032128514056225,67.46987951807229
E00061286,263,55,25,30,208,22,186,20.912547528517113,9.505703422053232,11.406844106463879,79.08745247148289,8.365019011406844,70.72243346007605
E00061287,280,67,36,31,213,24,189,23.92857142857143,12.857142857142856,11.071428571428571,76.07142857142857,8.571428571428571,67.5
E00061288,332,76,30,46,256,21,235,22.89156626506024,9.036144578313253,13.855421686746988,77.10843373493977,6.325301204819277,70.78313253012048
E00061289,314,51,25,26,263,23,240,16.24203821656051,7.961783439490445,8.280254777070063,83.7579617834395,7.32484076433121,76.43312101910828
E00061290,319,53,22,31,266,22,244,16.614420062695924,6.896551724137931,9.717868338557993,83.38557993730407,6.896551724137931,76.48902821316614
E00061291,278,64,28,36,214,19,195,23.021582733812952,10.071942446043165,12.949640287769784,76.97841726618705,6.83453237410072,70.14388489208633
E00061292,196,57,28,29,139,16,123,29.081632653061224,14.285714285714285,14.795918367346939,70.91836734693877,8.16326530612245,62.755102040816325
E00061293,277,64,30,34,213,24,189,23.104693140794225,10.830324909747292,12.274368231046932,76.89530685920577,8.664259927797833,68.23104693140795
E00061294,224,48,18,30,176,15,161,21.428571428571427,8.035714285714286,13.392857142857142,78.57142857142857,6.696428571428571,71.875
E00061295,299,56,24,32,243,18,225,18.729096989966553,8.02675585284281,10.702341137123746,81.27090301003345,6.0200668896321075,75.25083612040135
E00061296,295,60,25,35,235,24,211,20.33898305084746,8.47457627118644,11.864406779661017,79.66101694915254,8.135593220338983,71.52542372881356
E00061297,292,33,10,23,259,27,232,11.301369863013697,3.4246575342465753,7.876712328767123,88.6986301369863,9.246575342465754,79.45205479452055
E00061298,221,43,27,16,178,21,157,19.457013574660635,12.217194570135746,7.239819004524888,80.54298642533936,9.502262443438914,71.04072398190046
E00061299,257,53,16,37,204,21,183,20.622568093385212,6.22568093385214,14.396887159533073,79.37743190661479,8.171206225680933,71.20622568093385
E00061300,305,88,51,37,217,25,192,28.852459016393446,16.721311475409838,12.131147540983607,71.14754098360656,8.19672131147541,62.95081967213115
E00061301,254,46,18,28,208,16,192,18.11023622047244,7.086614173228346,11.023622047244094,81.88976377952756,6.299212598425196,75.59055118110236
E00061302,259,52,32,20,207,18,189,20.077220077220076,12.355212355212355,7.722007722007722,79.92277992277992,6.94980694980695,72.97297297297297
E00061303,226,69,27,42,157,13,144,30.53097345132743,11.946902654867257,18.58407079646018,69.46902654867256,5.752212389380531,63.716814159292035
E00061304,246,84,47,37,162,24,138,34.146341463414636,19.10569105691057,15.040650406504067,65.85365853658537,9.75609756097561,56.09756097560976
E00061305,220,68,16,52,152,20,132,30.909090909090907,7.2727272727272725,23.636363636363637,69.0909090909091,9.090909090909092,60
E00061306,211,50,11,39,161,19,142,23.696682464454977,5.213270142180095,18.48341232227488,76.30331753554502,9.004739336492891,67.29857819905213
E00061307,242,58,30,28,184,19,165,23.96694214876033,12.396694214876034,11.570247933884298,76.03305785123968,7.851239669421488,68.18181818181817
E00061308,315,92,46,46,223,13,210,29.20634920634921,14.603174603174605,14.603174603174605,70.7936507936508,4.1269841269841265,66.66666666666666
E00061309,181,57,30,27,124,18,106,31.491712707182316,16.574585635359114,14.917127071823206,68.50828729281768,9.94475138121547,58.5635359116022
E00061310,181,52,25,27,129,13,116,28.7292817679558,13.812154696132598,14.917127071823206,71.27071823204419,7.18232044198895,64.08839779005525
E00061311,305,62,21,41,243,18,225,20.327868852459016,6.885245901639345,13.442622950819672,79.67213114754098,5.901639344262295,73.77049180327869
E00061312,248,51,27,24,197,30,167,20.56451612903226,10.887096774193548,9.67741935483871,79.43548387096774,12.096774193548388,67.33870967741935
E00061313,567,108,45,63,459,35,424,19.047619047619047,7.936507936507936,11.11111111111111,80.95238095238095,6.172839506172839,74.77954144620811
E00061314,307,63,34,29,244,31,213,20.521172638436482,11.074918566775244,9.446254071661238,79.47882736156352,10.097719869706841,69.38110749185668
E00061315,280,50,23,27,230,23,207,17.857142857142858,8.214285714285714,9.642857142857144,82.14285714285714,8.214285714285714,73.92857142857143
E00061316,278,34,17,17,244,34,210,12.23021582733813,6.115107913669065,6.115107913669065,87.76978417266187,12.23021582733813,75.53956834532374
E00061317,249,83,47,36,166,13,153,33.33333333333333,18.87550200803213,14.457831325301203,66.66666666666666,5.220883534136546,61.44578313253012
E00061318,254,78,35,43,176,27,149,30.708661417322837,13.779527559055119,16.92913385826772,69.29133858267717,10.62992125984252,58.661417322834644
E00061319,214,79,50,29,135,14,121,36.915887850467286,23.364485981308412,13.551401869158877,63.084112149532714,6.5420560747663545,56.54205607476636
E00061320,203,72,32,40,131,12,119,35.467980295566505,15.763546798029557,19.704433497536947,64.5320197044335,5.911330049261084,58.620689655172406
E00061321,224,54,28,26,170,12,158,24.107142857142858,12.5,11.607142857142858,75.89285714285714,5.357142857142857,70.53571428571429
E00061322,397,113,43,70,284,39,245,28.463476070528966,10.831234256926953,17.632241813602015,71.53652392947103,9.82367758186398,61.712846347607055
E00061323,297,73,27,46,224,19,205,24.579124579124578,9.090909090909092,15.488215488215488,75.42087542087542,6.397306397306397,69.02356902356902
E00061324,261,50,26,24,211,23,188,19.157088122605366,9.961685823754788,9.195402298850574,80.84291187739464,8.812260536398467,72.03065134099617
E00061325,267,64,33,31,203,13,190,23.970037453183522,12.359550561797752,11.610486891385769,76.02996254681648,4.868913857677903,71.16104868913857
E00061326,287,65,28,37,222,25,197,22.64808362369338,9.75609756097561,12.89198606271777,77.35191637630662,8.710801393728223,68.6411149825784
E00061327,269,49,20,29,220,23,197,18.21561338289963,7.434944237918216,10.780669144981413,81.78438661710037,8.550185873605948,73.23420074349443
E00061328,328,87,36,51,241,29,212,26.52439024390244,10.975609756097562,15.548780487804878,73.47560975609755,8.841463414634147,64.63414634146342
E00061329,349,121,81,40,228,38,190,34.67048710601719,23.20916905444126,11.461318051575931,65.32951289398281,10.888252148997136,54.44126074498568
E00061330,234,48,17,31,186,23,163,20.51282051282051,7.264957264957266,13.247863247863249,79.48717948717949,9.82905982905983,69.65811965811966
E00061331,301,73,39,34,228,21,207,24.25249169435216,12.956810631229235,11.295681063122924,75.74750830564784,6.976744186046512,68.77076411960132
E00061332,282,81,36,45,201,21,180,28.723404255319153,12.76595744680851,15.957446808510639,71.27659574468085,7.446808510638298,63.829787234042556
E00061333,361,141,96,45,220,18,202,39.05817174515235,26.59279778393352,12.465373961218837,60.94182825484764,4.986149584487535,55.95567867036011
E00061334,329,43,17,26,286,24,262,13.069908814589665,5.167173252279635,7.90273556231003,86.93009118541033,7.29483282674772,79.63525835866263
E00061335,216,58,31,27,158,19,139,26.851851851851855,14.351851851851851,12.5,73.14814814814815,8.796296296296296,64.35185185185185
E00061336,346,76,41,35,270,21,249,21.965317919075144,11.849710982658959,10.115606936416185,78.03468208092485,6.069364161849711,71.96531791907515
E00061337,266,76,41,35,190,23,167,28.57142857142857,15.413533834586465,13.157894736842104,71.42857142857143,8.646616541353383,62.78195488721805
E00061338,213,42,18,24,171,22,149,19.718309859154928,8.450704225352112,11.267605633802818,80.28169014084507,10.328638497652582,69.95305164319248
E00061339,284,71,36,35,213,17,196,25,12.676056338028168,12.323943661971832,75,5.985915492957746,69.01408450704226
E00061340,269,53,23,30,216,24,192,19.702602230483272,8.550185873605948,11.152416356877323,80.29739776951673,8.921933085501859,71.37546468401487
E00061341,309,69,29,40,240,21,219,22.330097087378643,9.385113268608414,12.944983818770226,77.66990291262135,6.796116504854369,70.87378640776699
E00061342,248,67,31,36,181,21,160,27.016129032258064,12.5,14.516129032258066,72.98387096774194,8.46774193548387,64.51612903225806
E00061343,393,87,33,54,306,38,268,22.137404580152673,8.396946564885496,13.740458015267176,77.86259541984732,9.669211195928753,68.19338422391857
E00061344,364,77,34,43,287,28,259,21.153846153846153,9.340659340659341,11.813186813186812,78.84615384615384,7.6923076923076925,71.15384615384616
E00061345,232,55,26,29,177,12,165,23.70689655172414,11.206896551724139,12.5,76.29310344827587,5.172413793103448,71.12068965517241
E00061346,286,61,24,37,225,23,202,21.328671328671327,8.391608391608392,12.937062937062937,78.67132867132867,8.041958041958042,70.62937062937063
E00061348,348,65,23,42,283,30,253,18.67816091954023,6.609195402298851,12.068965517241379,81.32183908045977,8.620689655172415,72.70114942528735
E00061349,272,75,33,42,197,17,180,27.573529411764707,12.132352941176471,15.441176470588236,72.42647058823529,6.25,66.17647058823529
E00061350,429,106,59,47,323,41,282,24.708624708624708,13.752913752913754,10.955710955710956,75.29137529137529,9.557109557109557,65.73426573426573
E00061351,516,102,49,53,414,39,375,19.767441860465116,9.496124031007753,10.271317829457365,80.23255813953489,7.55813953488372,72.67441860465115
E00061353,331,100,48,52,231,13,218,30.211480362537763,14.501510574018129,15.709969788519636,69.78851963746223,3.927492447129909,65.86102719033232
E00061354,334,103,61,42,231,16,215,30.83832335329341,18.263473053892216,12.574850299401197,69.16167664670658,4.790419161676647,64.37125748502994
E00061355,282,65,33,32,217,21,196,23.04964539007092,11.702127659574469,11.347517730496454,76.95035460992908,7.446808510638298,69.50354609929079
E00061356,247,115,71,44,132,4,128,46.558704453441294,28.74493927125506,17.813765182186234,53.441295546558706,1.6194331983805668,51.821862348178136
E00061358,173,37,24,13,136,7,129,21.38728323699422,13.872832369942195,7.514450867052023,78.61271676300578,4.046242774566474,74.56647398843931
E00061359,304,69,35,34,235,25,210,22.697368421052634,11.513157894736842,11.18421052631579,77.30263157894737,8.223684210526317,69.07894736842105
E00061360,275,71,37,34,204,11,193,25.818181818181817,13.454545454545455,12.363636363636363,74.18181818181819,4,70.18181818181817
E00061361,261,57,23,34,204,18,186,21.839080459770116,8.812260536398467,13.026819923371647,78.16091954022988,6.896551724137931,71.26436781609196
E00061362,264,66,32,34,198,12,186,25,12.121212121212121,12.878787878787879,75,4.545454545454546,70.45454545454545
E00061363,237,63,30,33,174,15,159,26.582278481012654,12.658227848101266,13.924050632911392,73.41772151898735,6.329113924050633,67.08860759493672
E00061364,118,39,28,11,79,2,77,33.05084745762712,23.728813559322035,9.322033898305085,66.94915254237289,1.694915254237288,65.2542372881356
E00061365,324,87,58,29,237,20,217,26.851851851851855,17.901234567901234,8.950617283950617,73.14814814814815,6.172839506172839,66.9753086419753
E00061366,276,59,30,29,217,9,208,21.3768115942029,10.869565217391305,10.507246376811594,78.62318840579711,3.260869565217391,75.36231884057972
E00061369,300,77,42,35,223,13,210,25.666666666666664,14.000000000000002,11.666666666666666,74.33333333333333,4.333333333333334,70
E00061370,237,55,28,27,182,19,163,23.20675105485232,11.814345991561181,11.39240506329114,76.79324894514767,8.016877637130802,68.77637130801688
E00061372,150,23,12,11,127,4,123,15.333333333333332,8,7.333333333333333,84.66666666666667,2.666666666666667,82
E00061374,245,75,41,34,170,12,158,30.612244897959183,16.73469387755102,13.877551020408163,69.38775510204081,4.8979591836734695,64.48979591836735
E00061377,308,69,28,41,239,19,220,22.4025974025974,9.090909090909092,13.311688311688311,77.59740259740259,6.1688311688311686,71.42857142857143
E00061378,326,97,69,28,229,15,214,29.754601226993866,21.165644171779142,8.588957055214724,70.24539877300614,4.601226993865031,65.6441717791411
E00061379,287,49,20,29,238,24,214,17.073170731707318,6.968641114982578,10.104529616724738,82.92682926829268,8.362369337979095,74.56445993031359
E00061380,308,68,38,30,240,14,226,22.07792207792208,12.337662337662337,9.740259740259742,77.92207792207793,4.545454545454546,73.37662337662337
E00061381,316,76,33,43,240,22,218,24.050632911392405,10.443037974683545,13.60759493670886,75.9493670886076,6.962025316455696,68.9873417721519
E00061382,543,94,36,58,449,31,418,17.311233885819522,6.629834254143646,10.681399631675875,82.68876611418048,5.70902394106814,76.97974217311234
E00061385,322,71,36,35,251,18,233,22.049689440993788,11.180124223602485,10.869565217391305,77.95031055900621,5.590062111801243,72.36024844720497
E00061386,334,93,50,43,241,18,223,27.844311377245507,14.97005988023952,12.874251497005988,72.15568862275448,5.389221556886228,66.76646706586826
E00061387,232,59,29,30,173,22,151,25.43103448275862,12.5,12.931034482758621,74.56896551724138,9.482758620689655,65.08620689655173
E00061388,267,58,35,23,209,16,193,21.722846441947567,13.108614232209737,8.614232209737828,78.27715355805243,5.992509363295881,72.28464419475655
E00061389,270,62,25,37,208,11,197,22.962962962962962,9.25925925925926,13.703703703703704,77.03703703703704,4.074074074074074,72.96296296296296
E00061391,278,56,27,29,222,23,199,20.14388489208633,9.712230215827338,10.431654676258994,79.85611510791367,8.273381294964029,71.58273381294964
E00061392,275,43,18,25,232,18,214,15.636363636363637,6.545454545454546,9.090909090909092,84.36363636363636,6.545454545454546,77.81818181818181
E00061393,246,54,33,21,192,25,167,21.951219512195124,13.414634146341465,8.536585365853659,78.04878048780488,10.16260162601626,67.88617886178862
E00061394,310,38,14,24,272,20,252,12.258064516129032,4.516129032258064,7.741935483870968,87.74193548387098,6.451612903225806,81.29032258064515
E00061395,329,55,27,28,274,18,256,16.717325227963524,8.206686930091186,8.51063829787234,83.28267477203647,5.47112462006079,77.81155015197568
E00061396,244,54,25,29,190,13,177,22.131147540983605,10.245901639344263,11.885245901639344,77.8688524590164,5.327868852459016,72.54098360655738
E00061397,209,52,28,24,157,12,145,24.880382775119617,13.397129186602871,11.483253588516746,75.11961722488039,5.741626794258373,69.377990430622
E00061398,280,38,16,22,242,16,226,13.571428571428571,5.714285714285714,7.857142857142857,86.42857142857143,5.714285714285714,80.71428571428572
E00061399,249,57,23,34,192,16,176,22.89156626506024,9.236947791164658,13.654618473895583,77.10843373493977,6.425702811244979,70.68273092369478
E00061400,239,61,27,34,178,14,164,25.523012552301257,11.297071129707113,14.225941422594143,74.47698744769873,5.857740585774058,68.6192468619247
E00061401,283,50,18,32,233,25,208,17.6678445229682,6.36042402826855,11.307420494699647,82.3321554770318,8.8339222614841,73.4982332155477
E00061402,257,63,23,40,194,24,170,24.5136186770428,8.949416342412452,15.56420233463035,75.4863813229572,9.33852140077821,66.14785992217898
E00061403,267,52,25,27,215,18,197,19.475655430711612,9.363295880149813,10.112359550561797,80.52434456928839,6.741573033707865,73.78277153558052
E00061404,195,70,43,27,125,13,112,35.8974358974359,22.05128205128205,13.846153846153847,64.1025641025641,6.666666666666667,57.43589743589743
E00061405,270,64,37,27,206,14,192,23.703703703703706,13.703703703703704,10,76.29629629629629,5.185185185185185,71.11111111111111
E00061406,340,46,17,29,294,33,261,13.529411764705882,5,8.529411764705882,86.47058823529412,9.705882352941178,76.76470588235294
E00061407,328,67,35,32,261,24,237,20.426829268292682,10.670731707317072,9.75609756097561,79.57317073170732,7.317073170731707,72.2560975609756
E00061408,310,53,26,27,257,17,240,17.096774193548388,8.38709677419355,8.709677419354838,82.9032258064516,5.483870967741936,77.41935483870968
E00061409,318,51,23,28,267,19,248,16.037735849056602,7.232704402515723,8.80503144654088,83.9622641509434,5.9748427672955975,77.9874213836478
E00061410,377,50,23,27,327,36,291,13.262599469496022,6.10079575596817,7.161803713527852,86.73740053050398,9.549071618037134,77.18832891246684
E00061411,269,55,25,30,214,20,194,20.44609665427509,9.293680297397769,11.152416356877323,79.5539033457249,7.434944237918216,72.11895910780669
E00061412,293,58,30,28,235,25,210,19.795221843003414,10.238907849829351,9.556313993174061,80.2047781569966,8.532423208191126,71.67235494880546
E00061413,211,67,35,32,144,11,133,31.753554502369667,16.587677725118482,15.165876777251185,68.24644549763033,5.213270142180095,63.03317535545023
E00061414,205,65,40,25,140,18,122,31.70731707317073,19.51219512195122,12.195121951219512,68.29268292682927,8.780487804878048,59.512195121951216
E00061415,222,46,17,29,176,14,162,20.72072072072072,7.657657657657657,13.063063063063062,79.27927927927928,6.306306306306306,72.97297297297297
E00061416,175,65,35,30,110,12,98,37.142857142857146,20,17.142857142857142,62.857142857142854,6.857142857142858,56.00000000000001
E00061417,285,39,15,24,246,20,226,13.684210526315791,5.263157894736842,8.421052631578947,86.31578947368422,7.017543859649122,79.2982456140351
E00061418,275,55,21,34,220,14,206,20,7.636363636363637,12.363636363636363,80,5.090909090909091,74.90909090909092
E00061420,256,38,12,26,218,25,193,14.84375,4.6875,10.15625,85.15625,9.765625,75.390625
E00061421,291,36,13,23,255,39,216,12.371134020618557,4.4673539518900345,7.903780068728522,87.62886597938144,13.402061855670103,74.22680412371135
E00061422,311,43,14,29,268,22,246,13.826366559485532,4.501607717041801,9.32475884244373,86.17363344051448,7.07395498392283,79.09967845659163
E00061423,317,49,21,28,268,24,244,15.457413249211358,6.624605678233439,8.832807570977918,84.54258675078864,7.570977917981073,76.97160883280758
E00061425,281,36,18,18,245,14,231,12.811387900355871,6.405693950177936,6.405693950177936,87.18861209964413,4.98220640569395,82.20640569395017
E00061426,312,46,21,25,266,20,246,14.743589743589745,6.730769230769231,8.012820512820513,85.25641025641025,6.41025641025641,78.84615384615384
E00061427,241,53,26,27,188,17,171,21.991701244813278,10.78838174273859,11.20331950207469,78.00829875518673,7.053941908713693,70.95435684647303
E00061428,276,43,17,26,233,27,206,15.579710144927535,6.159420289855073,9.420289855072465,84.42028985507247,9.782608695652174,74.63768115942028
E00061429,252,67,27,40,185,16,169,26.58730158730159,10.714285714285714,15.873015873015872,73.4126984126984,6.349206349206349,67.06349206349206
E00061430,253,38,15,23,215,25,190,15.019762845849801,5.928853754940711,9.090909090909092,84.98023715415019,9.881422924901186,75.09881422924902
E00061431,301,43,15,28,258,27,231,14.285714285714285,4.983388704318937,9.30232558139535,85.71428571428571,8.970099667774086,76.74418604651163
E00061432,311,41,17,24,270,28,242,13.183279742765272,5.466237942122187,7.717041800643088,86.81672025723472,9.003215434083602,77.81350482315112
E00061433,330,82,49,33,248,30,218,24.848484848484848,14.84848484848485,10,75.15151515151514,9.090909090909092,66.06060606060606
E00061434,249,35,12,23,214,26,188,14.056224899598394,4.819277108433735,9.236947791164658,85.94377510040161,10.441767068273093,75.50200803212851
E00061435,266,51,12,39,215,23,192,19.172932330827066,4.511278195488721,14.661654135338345,80.82706766917293,8.646616541353383,72.18045112781954
E00061436,224,62,25,37,162,16,146,27.67857142857143,11.160714285714286,16.517857142857142,72.32142857142857,7.142857142857142,65.17857142857143
E00061437,274,33,7,26,241,24,217,12.043795620437956,2.5547445255474455,9.48905109489051,87.95620437956204,8.75912408759124,79.1970802919708
E00061438,270,48,15,33,222,23,199,17.77777777777778,5.555555555555555,12.222222222222221,82.22222222222221,8.518518518518519,73.70370370370371
E00061439,286,38,13,25,248,24,224,13.286713286713287,4.545454545454546,8.741258741258742,86.7132867132867,8.391608391608392,78.32167832167832
E00061440,285,77,47,30,208,14,194,27.017543859649123,16.49122807017544,10.526315789473683,72.98245614035088,4.912280701754386,68.0701754385965
E00061441,431,86,40,46,345,30,315,19.953596287703014,9.280742459396752,10.672853828306264,80.04640371229699,6.960556844547564,73.08584686774941
E00061442,264,61,21,40,203,21,182,23.106060606060606,7.954545454545454,15.151515151515152,76.89393939393939,7.954545454545454,68.93939393939394
E00061443,205,41,20,21,164,19,145,20,9.75609756097561,10.24390243902439,80,9.268292682926829,70.73170731707317
E00061444,408,84,46,38,324,28,296,20.588235294117645,11.27450980392157,9.313725490196079,79.41176470588235,6.862745098039216,72.54901960784314
E00061445,301,58,24,34,243,23,220,19.269102990033225,7.973421926910299,11.295681063122924,80.73089700996677,7.641196013289036,73.08970099667775
E00061446,243,50,27,23,193,14,179,20.5761316872428,11.11111111111111,9.465020576131687,79.42386831275721,5.761316872427984,73.66255144032921
E00061447,261,63,23,40,198,13,185,24.137931034482758,8.812260536398467,15.32567049808429,75.86206896551724,4.980842911877394,70.88122605363985
E00061448,219,77,35,42,142,18,124,35.15981735159817,15.981735159817351,19.17808219178082,64.84018264840182,8.21917808219178,56.62100456621004
E00061449,269,58,16,42,211,12,199,21.561338289962826,5.947955390334572,15.613382899628252,78.43866171003717,4.4609665427509295,73.97769516728626
E00061450,238,54,21,33,184,26,158,22.689075630252102,8.823529411764707,13.865546218487395,77.31092436974791,10.92436974789916,66.38655462184873
E00061451,269,62,29,33,207,11,196,23.04832713754647,10.780669144981413,12.267657992565056,76.95167286245353,4.089219330855019,72.86245353159852
E00061452,305,59,23,36,246,17,229,19.34426229508197,7.540983606557377,11.80327868852459,80.65573770491802,5.573770491803279,75.08196721311475
E00061453,297,45,17,28,252,24,228,15.151515151515152,5.723905723905724,9.427609427609427,84.84848484848484,8.080808080808081,76.76767676767676
E00061454,297,54,24,30,243,27,216,18.181818181818183,8.080808080808081,10.1010101010101,81.81818181818183,9.090909090909092,72.72727272727273
E00061455,312,53,19,34,259,27,232,16.98717948717949,6.089743589743589,10.897435897435898,83.01282051282051,8.653846153846153,74.35897435897436
E00061456,258,82,46,36,176,14,162,31.782945736434108,17.829457364341085,13.953488372093023,68.21705426356588,5.426356589147287,62.7906976744186
E00061457,260,57,26,31,203,20,183,21.923076923076923,10,11.923076923076923,78.07692307692308,7.6923076923076925,70.38461538461539
E00061458,270,50,18,32,220,18,202,18.51851851851852,6.666666666666667,11.851851851851853,81.48148148148148,6.666666666666667,74.81481481481481
E00061459,278,103,72,31,175,21,154,37.05035971223021,25.899280575539567,11.151079136690647,62.94964028776978,7.553956834532374,55.39568345323741
E00061460,292,57,19,38,235,27,208,19.52054794520548,6.506849315068493,13.013698630136986,80.47945205479452,9.246575342465754,71.23287671232876
E00165766,465,115,43,72,350,37,313,24.731182795698924,9.247311827956988,15.483870967741936,75.26881720430107,7.956989247311828,67.31182795698925
E00165767,142,28,15,13,114,15,99,19.718309859154928,10.56338028169014,9.15492957746479,80.28169014084507,10.56338028169014,69.71830985915493
E00165768,281,50,23,27,231,25,206,17.793594306049823,8.185053380782918,9.608540925266903,82.20640569395017,8.896797153024911,73.30960854092527
E00165770,164,44,24,20,120,14,106,26.82926829268293,14.634146341463413,12.195121951219512,73.17073170731707,8.536585365853659,64.63414634146342
E00165774,496,129,68,61,367,35,332,26.008064516129032,13.709677419354838,12.298387096774194,73.99193548387096,7.056451612903227,66.93548387096774
E00165775,218,90,60,30,128,13,115,41.284403669724774,27.522935779816514,13.761467889908257,58.71559633027523,5.963302752293578,52.752293577981646
E00165776,342,83,41,42,259,23,236,24.269005847953213,11.988304093567251,12.280701754385964,75.73099415204678,6.725146198830409,69.00584795321637
E00165777,386,99,50,49,287,35,252,25.647668393782386,12.953367875647666,12.694300518134716,74.35233160621762,9.067357512953368,65.28497409326425
E00165820,353,81,32,49,272,30,242,22.946175637393768,9.06515580736544,13.881019830028329,77.05382436260622,8.498583569405099,68.55524079320114
E00165821,278,53,23,30,225,17,208,19.06474820143885,8.273381294964029,10.79136690647482,80.93525179856115,6.115107913669065,74.82014388489209
E00174120,387,35,7,28,352,27,325,9.043927648578812,1.8087855297157622,7.235142118863049,90.95607235142118,6.976744186046512,83.97932816537468
E00174121,164,31,14,17,133,12,121,18.902439024390244,8.536585365853659,10.365853658536585,81.09756097560977,7.317073170731707,73.78048780487805
E00174122,205,60,32,28,145,8,137,29.268292682926827,15.609756097560975,13.658536585365855,70.73170731707317,3.902439024390244,66.82926829268293
E00174123,452,143,83,60,309,17,292,31.63716814159292,18.36283185840708,13.274336283185843,68.36283185840708,3.761061946902655,64.60176991150442
E00174124,365,89,49,40,276,21,255,24.383561643835616,13.424657534246576,10.95890410958904,75.61643835616438,5.7534246575342465,69.86301369863014
E00174125,346,79,39,40,267,25,242,22.832369942196532,11.271676300578035,11.560693641618498,77.16763005780348,7.225433526011561,69.94219653179191
E00174126,293,55,28,27,238,22,216,18.771331058020476,9.556313993174061,9.215017064846416,81.22866894197952,7.508532423208192,73.72013651877133
E00174127,354,49,24,25,305,37,268,13.841807909604519,6.779661016949152,7.062146892655368,86.15819209039547,10.451977401129943,75.70621468926554
E00174128,318,35,16,19,283,25,258,11.0062893081761,5.031446540880504,5.9748427672955975,88.9937106918239,7.861635220125786,81.13207547169812
E00174129,305,31,10,21,274,19,255,10.163934426229508,3.278688524590164,6.885245901639345,89.8360655737705,6.229508196721312,83.60655737704919
E00174130,319,29,14,15,290,24,266,9.090909090909092,4.38871473354232,4.702194357366771,90.9090909090909,7.523510971786834,83.38557993730407
E00174132,362,38,15,23,324,29,295,10.497237569060774,4.143646408839778,6.353591160220995,89.50276243093923,8.011049723756907,81.49171270718232
E00174133,250,47,22,25,203,16,187,18.8,8.799999999999999,10,81.2,6.4,74.8
E00174134,372,43,11,32,329,33,296,11.559139784946236,2.956989247311828,8.60215053763441,88.44086021505376,8.870967741935484,79.56989247311827
E00174135,599,143,68,75,456,40,416,23.87312186978297,11.352253756260435,12.520868113522537,76.12687813021702,6.67779632721202,69.449081803005015
E00188170,344,46,19,27,298,23,275,13.372093023255813,5.523255813953488,7.848837209302325,86.62790697674419,6.686046511627906,79.94186046511628
E00188173,306,83,39,44,223,13,210,27.124183006535947,12.745098039215685,14.37908496732026,72.87581699346404,4.248366013071895,68.62745098039215
E00188175,277,44,19,25,233,21,212,15.884476534296029,6.859205776173286,9.025270758122744,84.11552346570397,7.581227436823104,76.53429602888086
E00188178,308,94,45,49,214,25,189,30.519480519480517,14.61038961038961,15.909090909090908,69.48051948051948,8.116883116883116,61.36363636363637
E00188182,293,100,67,33,193,21,172,34.129692832764505,22.866894197952217,11.262798634812286,65.8703071672355,7.167235494880546,58.703071672354945
E00188193,455,68,35,33,387,18,369,14.945054945054945,7.6923076923076925,7.252747252747254,85.05494505494505,3.9560439560439558,81.0989010989011
E00188203,278,31,13,18,247,16,231,11.151079136690647,4.676258992805756,6.474820143884892,88.84892086330936,5.755395683453238,83.09352517985612
E00188208,311,36,11,25,275,28,247,11.57556270096463,3.536977491961415,8.038585209003216,88.42443729903538,9.003215434083602,79.42122186495176
E00188209,309,47,16,31,262,20,242,15.210355987055015,5.177993527508091,10.032362459546926,84.78964401294499,6.472491909385113,78.31715210355988
E00188213,259,87,42,45,172,18,154,33.59073359073359,16.216216216216218,17.374517374517374,66.40926640926641,6.94980694980695,59.45945945945946
E00188225,274,23,10,13,251,27,224,8.394160583941606,3.64963503649635,4.744525547445255,91.6058394160584,9.854014598540147,81.75182481751825
E00188227,218,104,68,36,114,9,105,47.706422018348626,31.19266055045872,16.51376146788991,52.293577981651374,4.128440366972478,48.1651376146789
E00188235,348,80,36,44,268,20,248,22.988505747126435,10.344827586206897,12.643678160919542,77.01149425287356,5.747126436781609,71.26436781609196
E00188250,337,90,64,26,247,24,223,26.706231454005934,18.991097922848667,7.71513353115727,73.29376854599407,7.121661721068249,66.17210682492582
E00188251,304,43,18,25,261,24,237,14.144736842105262,5.921052631578947,8.223684210526317,85.85526315789474,7.894736842105263,77.96052631578947
E00188253,372,33,12,21,339,24,315,8.870967741935484,3.225806451612903,5.64516129032258,91.12903225806451,6.451612903225806,84.67741935483872
E00188260,292,36,17,19,256,20,236,12.32876712328767,5.821917808219178,6.506849315068493,87.67123287671232,6.8493150684931505,80.82191780821918
E00188263,169,42,21,21,127,8,119,24.85207100591716,12.42603550295858,12.42603550295858,75.14792899408283,4.733727810650888,70.41420118343196
E00188266,232,24,7,17,208,6,202,10.344827586206897,3.0172413793103448,7.327586206896551,89.65517241379311,2.586206896551724,87.06896551724138
E00188268,409,50,21,29,359,31,328,12.224938875305623,5.134474327628362,7.090464547677261,87.77506112469437,7.579462102689487,80.1955990220049
E00188270,352,22,13,9,330,27,303,6.25,3.6931818181818183,2.556818181818182,93.75,7.670454545454546,86.07954545454545
E00188274,349,45,9,36,304,28,276,12.893982808022923,2.5787965616045847,10.315186246418339,87.10601719197709,8.022922636103152,79.08309455587393
E00188278,245,25,13,12,220,32,188,10.204081632653061,5.3061224489795915,4.8979591836734695,89.79591836734694,13.061224489795919,76.73469387755102
E00188280,237,28,14,14,209,18,191,11.814345991561181,5.9071729957805905,5.9071729957805905,88.18565400843882,7.59493670886076,80.59071729957806
E00188289,295,53,14,39,242,16,226,17.966101694915253,4.745762711864407,13.220338983050848,82.03389830508473,5.423728813559322,76.61016949152543
E00188292,393,24,4,20,369,25,344,6.106870229007633,1.0178117048346056,5.089058524173027,93.89312977099237,6.361323155216285,87.53180661577609
E00188299,255,47,20,27,208,18,190,18.43137254901961,7.8431372549019605,10.588235294117647,81.56862745098039,7.0588235294117645,74.50980392156863
E00188300,376,40,19,21,336,18,318,10.638297872340425,5.053191489361701,5.585106382978723,89.36170212765957,4.787234042553192,84.57446808510637
E00188307,230,99,57,42,131,7,124,43.04347826086957,24.782608695652176,18.26086956521739,56.95652173913044,3.0434782608695654,53.91304347826087
E00188309,425,26,9,17,399,30,369,6.11764705882353,2.1176470588235294,4,93.88235294117648,7.0588235294117645,86.82352941176471
E00188317,374,24,7,17,350,31,319,6.417112299465241,1.8716577540106951,4.545454545454546,93.58288770053476,8.288770053475936,85.29411764705883
E00188324,353,60,27,33,293,23,270,16.997167138810198,7.64872521246459,9.34844192634561,83.0028328611898,6.515580736543909,76.48725212464589
E00188333,208,65,31,34,143,14,129,31.25,14.903846153846153,16.346153846153847,68.75,6.730769230769231,62.019230769230774
