OA,ts0380001,ts0380002,ts0380003,ts0380004,ts0380005,ts0380006,ts0380007,ts0380002_PCT,ts0380003_PCT,ts0380004_PCT,ts0380005_PCT,ts0380006_PCT,ts0380007_PCT
E00159996,324,61,22,39,263,23,240,18.82716049382716,6.790123456790123,12.037037037037036,81.17283950617285,7.098765432098765,74.07407407407408
E00159997,219,63,35,28,156,18,138,28.767123287671232,15.981735159817351,12.785388127853881,71.23287671232876,8.21917808219178,63.013698630136986
E00159998,310,71,27,44,239,24,215,22.903225806451612,8.709677419354838,14.193548387096774,77.09677419354838,7.741935483870968,69.35483870967742
E00159999,279,76,40,36,203,20,183,27.24014336917563,14.336917562724013,12.903225806451612,72.75985663082437,7.168458781362006,65.59139784946237
E00160000,245,36,12,24,209,18,191,14.69387755102041,4.8979591836734695,9.795918367346939,85.3061224489796,7.346938775510205,77.9591836734694
E00160001,262,43,12,31,219,17,202,16.412213740458014,4.580152671755725,11.83206106870229,83.58778625954199,6.488549618320611,77.09923664122137
E00160002,236,47,19,28,189,28,161,19.915254237288135,8.050847457627118,11.864406779661017,80.08474576271186,11.864406779661017,68.22033898305084
E00160003,375,66,38,28,309,27,282,17.599999999999998,10.133333333333333,7.466666666666668,82.39999999999999,7.199999999999999,75.2
E00160004,246,47,15,32,199,21,178,19.10569105691057,6.097560975609756,13.008130081300814,80.89430894308943,8.536585365853659,72.35772357723577
E00160005,287,55,17,38,232,31,201,19.16376306620209,5.923344947735192,13.240418118466899,80.8362369337979,10.801393728222997,70.03484320557492
E00160006,258,74,30,44,184,21,163,28.68217054263566,11.627906976744185,17.05426356589147,71.31782945736434,8.13953488372093,63.17829457364341
E00160007,302,55,25,30,247,21,226,18.211920529801322,8.27814569536424,9.933774834437086,81.78807947019867,6.95364238410596,74.83443708609272
E00160008,271,69,25,44,202,20,182,25.461254612546124,9.22509225092251,16.236162361623617,74.53874538745387,7.380073800738007,67.15867158671587
E00160009,263,64,27,37,199,30,169,24.334600760456272,10.26615969581749,14.068441064638785,75.66539923954373,11.406844106463879,64.25855513307985
E00160010,299,38,10,28,261,30,231,12.709030100334449,3.3444816053511706,9.364548494983277,87.29096989966555,10.033444816053512,77.25752508361204
E00160011,274,45,17,28,229,32,197,16.423357664233578,6.204379562043796,10.218978102189782,83.57664233576642,11.678832116788321,71.8978102189781
E00160012,230,47,21,26,183,17,166,20.434782608695652,9.130434782608695,11.304347826086957,79.56521739130434,7.391304347826087,72.17391304347827
E00160013,245,40,18,22,205,28,177,16.3265306122449,7.346938775510205,8.979591836734693,83.6734693877551,11.428571428571429,72.24489795918367
E00160014,271,57,21,36,214,23,191,21.033210332103323,7.7490774907749085,13.284132841328415,78.96678966789668,8.487084870848708,70.47970479704797
E00160015,329,58,18,40,271,23,248,17.62917933130699,5.47112462006079,12.158054711246201,82.37082066869301,6.990881458966565,75.37993920972644
E00160016,279,42,21,21,237,28,209,15.053763440860216,7.526881720430108,7.526881720430108,84.94623655913979,10.03584229390681,74.91039426523297
E00160017,264,43,16,27,221,21,200,16.28787878787879,6.0606060606060606,10.227272727272728,83.71212121212122,7.954545454545454,75.75757575757575
E00160018,248,70,28,42,178,19,159,28.225806451612907,11.29032258064516,16.93548387096774,71.7741935483871,7.661290322580645,64.11290322580645
E00160019,250,52,27,25,198,28,170,20.8,10.8,10,79.2,11.200000000000001,68
E00160020,292,54,23,31,238,28,210,18.493150684931507,7.876712328767123,10.616438356164384,81.5068493150685,9.58904109589041,71.91780821917808
E00160021,269,46,20,26,223,18,205,17.100371747211895,7.434944237918216,9.66542750929368,82.8996282527881,6.691449814126393,76.2081784386617
E00160022,294,64,36,28,230,34,196,21.768707482993197,12.244897959183673,9.523809523809524,78.2312925170068,11.564625850340136,66.66666666666666
E00160023,254,49,24,25,205,25,180,19.291338582677163,9.448818897637794,9.84251968503937,80.70866141732283,9.84251968503937,70.86614173228347
E00160024,213,76,33,43,137,12,125,35.68075117370892,15.492957746478872,20.187793427230048,64.31924882629107,5.633802816901409,58.68544600938967
E00160025,270,52,21,31,218,17,201,19.25925925925926,7.777777777777778,11.481481481481481,80.74074074074075,6.296296296296296,74.44444444444444
E00160026,251,45,14,31,206,20,186,17.928286852589643,5.577689243027888,12.350597609561753,82.07171314741036,7.968127490039841,74.10358565737052
E00160027,252,45,12,33,207,18,189,17.857142857142858,4.761904761904762,13.095238095238097,82.14285714285714,7.142857142857142,75
E00160028,242,53,22,31,189,16,173,21.90082644628099,9.090909090909092,12.8099173553719,78.099173553719,6.6115702479338845,71.48760330578511
E00160029,267,64,21,43,203,25,178,23.970037453183522,7.865168539325842,16.10486891385768,76.02996254681648,9.363295880149813,66.66666666666666
E00160030,282,45,19,26,237,19,218,15.957446808510639,6.73758865248227,9.219858156028367,84.04255319148936,6.73758865248227,77.30496453900709
E00160031,290,57,26,31,233,16,217,19.655172413793103,8.96551724137931,10.689655172413794,80.3448275862069,5.517241379310345,74.82758620689656
E00160032,559,79,26,53,480,48,432,14.132379248658319,4.651162790697675,9.481216457960643,85.86762075134168,8.586762075134168,77.28085867620752
E00160033,281,51,21,30,230,26,204,18.14946619217082,7.473309608540925,10.676156583629894,81.85053380782918,9.252669039145907,72.59786476868328
E00160034,264,53,17,36,211,28,183,20.075757575757574,6.4393939393939394,13.636363636363635,79.92424242424242,10.606060606060606,69.31818181818183
E00160035,267,43,15,28,224,21,203,16.10486891385768,5.617977528089887,10.486891385767791,83.89513108614233,7.865168539325842,76.02996254681648
E00160037,353,52,18,34,301,37,264,14.730878186968837,5.099150141643059,9.631728045325778,85.26912181303116,10.48158640226629,74.78753541076487
E00160038,431,75,27,48,356,37,319,17.40139211136891,6.2645011600928076,11.1368909512761,82.5986078886311,8.584686774941995,74.0139211136891
E00160040,290,46,25,21,244,27,217,15.862068965517242,8.620689655172415,7.241379310344828,84.13793103448276,9.310344827586208,74.82758620689656
E00160041,256,33,11,22,223,23,200,12.890625,4.296875,8.59375,87.109375,8.984375,78.125
E00160042,620,73,26,47,547,44,503,11.774193548387096,4.193548387096775,7.580645161290322,88.2258064516129,7.096774193548387,81.12903225806451
E00160043,265,68,20,48,197,23,174,25.660377358490567,7.547169811320755,18.11320754716981,74.33962264150942,8.679245283018867,65.66037735849056
E00160044,147,27,7,20,120,13,107,18.367346938775512,4.761904761904762,13.60544217687075,81.63265306122449,8.843537414965986,72.78911564625851
E00160045,271,45,21,24,226,28,198,16.605166051660518,7.7490774907749085,8.856088560885608,83.39483394833948,10.33210332103321,73.06273062730627
E00160046,285,62,23,39,223,26,197,21.75438596491228,8.070175438596491,13.684210526315791,78.24561403508771,9.12280701754386,69.12280701754386
E00160047,260,46,26,20,214,21,193,17.692307692307693,10,7.6923076923076925,82.3076923076923,8.076923076923077,74.23076923076923
E00160048,319,66,27,39,253,23,230,20.689655172413794,8.463949843260188,12.225705329153605,79.3103448275862,7.210031347962382,72.10031347962382
E00160049,258,50,20,30,208,20,188,19.379844961240313,7.751937984496124,11.627906976744185,80.62015503875969,7.751937984496124,72.86821705426357
E00160050,280,27,7,20,253,24,229,9.642857142857144,2.5,7.142857142857142,90.35714285714286,8.571428571428571,81.78571428571428
E00160051,288,56,21,35,232,23,209,19.444444444444446,7.291666666666667,12.152777777777777,80.55555555555556,7.986111111111111,72.56944444444444
E00160052,183,41,15,26,142,10,132,22.404371584699454,8.19672131147541,14.207650273224044,77.59562841530054,5.46448087431694,72.1311475409836
E00160053,314,49,21,28,265,21,244,15.605095541401273,6.687898089171974,8.9171974522293,84.39490445859873,6.687898089171974,77.70700636942675
E00160054,213,37,16,21,176,21,155,17.370892018779344,7.511737089201878,9.859154929577464,82.62910798122066,9.859154929577464,72.76995305164318
E00160055,204,31,7,24,173,25,148,15.196078431372548,3.431372549019608,11.76470588235294,84.80392156862744,12.254901960784313,72.54901960784314
E00160056,314,63,25,38,251,26,225,20.063694267515924,7.961783439490445,12.101910828025478,79.93630573248409,8.280254777070063,71.656050955414
E00160057,242,40,12,28,202,18,184,16.528925619834713,4.958677685950414,11.570247933884298,83.47107438016529,7.43801652892562,76.03305785123968
E00160058,263,37,15,22,226,22,204,14.068441064638785,5.7034220532319395,8.365019011406844,85.93155893536122,8.365019011406844,77.56653992395437
E00160059,215,34,9,25,181,24,157,15.813953488372093,4.186046511627907,11.627906976744185,84.18604651162791,11.162790697674419,73.0232558139535
E00160060,237,55,20,35,182,23,159,23.20675105485232,8.438818565400844,14.767932489451477,76.79324894514767,9.70464135021097,67.08860759493672
E00160061,214,54,30,24,160,17,143,25.233644859813083,14.018691588785046,11.214953271028037,74.76635514018692,7.943925233644859,66.82242990654206
E00160062,234,65,28,37,169,16,153,27.77777777777778,11.965811965811966,15.81196581196581,72.22222222222221,6.837606837606838,65.38461538461539
E00160063,191,26,10,16,165,29,136,13.612565445026178,5.2356020942408374,8.37696335078534,86.38743455497382,15.18324607329843,71.20418848167539
E00160064,277,46,14,32,231,19,212,16.60649819494585,5.054151624548736,11.552346570397113,83.39350180505414,6.859205776173286,76.53429602888086
E00160065,273,31,9,22,242,27,215,11.355311355311356,3.296703296703297,8.058608058608058,88.64468864468864,9.89010989010989,78.75457875457876
E00160066,326,58,22,36,268,27,241,17.791411042944784,6.748466257668712,11.042944785276074,82.20858895705521,8.282208588957054,73.92638036809815
E00160067,312,42,13,29,270,23,247,13.461538461538462,4.166666666666666,9.294871794871796,86.53846153846155,7.371794871794872,79.16666666666666
E00160068,197,28,9,19,169,7,162,14.213197969543149,4.568527918781726,9.644670050761421,85.78680203045685,3.5532994923857872,82.23350253807106
E00160069,170,24,4,20,146,13,133,14.117647058823529,2.3529411764705883,11.76470588235294,85.88235294117646,7.647058823529412,78.23529411764706
E00160070,145,16,11,5,129,22,107,11.03448275862069,7.586206896551724,3.4482758620689653,88.96551724137932,15.172413793103448,73.79310344827587
E00160071,391,62,21,41,329,36,293,15.856777493606138,5.3708439897698215,10.485933503836318,84.14322250639387,9.207161125319693,74.93606138107417
E00160072,171,38,12,26,133,12,121,22.22222222222222,7.017543859649122,15.204678362573098,77.77777777777779,7.017543859649122,70.76023391812866
E00160073,383,78,37,41,305,30,275,20.365535248041773,9.660574412532636,10.704960835509137,79.63446475195822,7.83289817232376,71.80156657963447
E00160074,412,59,28,31,353,27,326,14.320388349514563,6.796116504854369,7.524271844660194,85.67961165048543,6.553398058252427,79.12621359223301
E00160075,173,23,10,13,150,11,139,13.294797687861271,5.780346820809249,7.514450867052023,86.70520231213872,6.358381502890173,80.34682080924856
E00160076,574,65,18,47,509,32,477,11.32404181184669,3.1358885017421603,8.188153310104529,88.67595818815332,5.574912891986063,83.10104529616724
E00160077,404,63,28,35,341,41,300,15.594059405940595,6.9306930693069315,8.663366336633663,84.4059405940594,10.14851485148515,74.25742574257426
E00160078,223,63,29,34,160,16,144,28.251121076233183,13.004484304932735,15.246636771300448,71.74887892376681,7.174887892376682,64.57399103139014
E00160079,346,94,61,33,252,15,237,27.167630057803464,17.63005780346821,9.53757225433526,72.83236994219652,4.335260115606936,68.4971098265896
E00160080,345,50,24,26,295,26,269,14.492753623188406,6.956521739130435,7.536231884057972,85.5072463768116,7.536231884057972,77.97101449275362
E00160081,446,78,29,49,368,45,323,17.48878923766816,6.502242152466367,10.986547085201794,82.51121076233184,10.089686098654708,72.42152466367713
E00160083,454,76,24,52,378,21,357,16.740088105726873,5.286343612334802,11.45374449339207,83.25991189427313,4.6255506607929515,78.63436123348018
E00160084,419,73,26,47,346,39,307,17.42243436754177,6.205250596658711,11.217183770883054,82.57756563245823,9.307875894988067,73.26968973747017
E00160086,318,71,36,35,247,25,222,22.32704402515723,11.320754716981133,11.0062893081761,77.67295597484278,7.861635220125786,69.81132075471697
E00160087,385,92,40,52,293,39,254,23.896103896103895,10.38961038961039,13.506493506493506,76.1038961038961,10.129870129870131,65.97402597402598
E00160088,297,55,11,44,242,27,215,18.51851851851852,3.7037037037037033,14.814814814814813,81.48148148148148,9.090909090909092,72.39057239057239
E00160089,368,78,39,39,290,23,267,21.195652173913043,10.597826086956522,10.597826086956522,78.80434782608695,6.25,72.55434782608695
E00160090,290,55,21,34,235,26,209,18.96551724137931,7.241379310344828,11.724137931034482,81.03448275862068,8.96551724137931,72.06896551724138
E00160091,339,51,19,32,288,24,264,15.04424778761062,5.604719764011799,9.43952802359882,84.95575221238938,7.079646017699115,77.87610619469027
E00160092,312,55,14,41,257,30,227,17.628205128205128,4.487179487179487,13.141025641025642,82.37179487179486,9.615384615384617,72.75641025641025
E00160093,289,54,20,34,235,29,206,18.685121107266436,6.920415224913495,11.76470588235294,81.31487889273356,10.034602076124568,71.280276816609
E00160094,503,131,69,62,372,24,348,26.043737574552683,13.717693836978132,12.326043737574553,73.95626242544732,4.7713717693836974,69.18489065606362
E00160095,404,77,32,45,327,31,296,19.05940594059406,7.920792079207921,11.138613861386139,80.94059405940595,7.673267326732673,73.26732673267327
E00160096,292,38,16,22,254,31,223,13.013698630136986,5.47945205479452,7.534246575342466,86.98630136986301,10.616438356164384,76.36986301369863
E00160097,568,106,51,55,462,55,407,18.661971830985916,8.97887323943662,9.683098591549296,81.33802816901408,9.683098591549296,71.65492957746478
E00160098,351,60,23,37,291,36,255,17.094017094017094,6.552706552706552,10.541310541310542,82.90598290598291,10.256410256410255,72.64957264957265
E00160099,237,70,40,30,167,32,135,29.535864978902953,16.877637130801688,12.658227848101266,70.46413502109705,13.502109704641349,56.9620253164557
E00160100,263,62,17,45,201,25,176,23.574144486692013,6.4638783269961975,17.110266159695815,76.42585551330798,9.505703422053232,66.92015209125475
E00160101,279,44,17,27,235,28,207,15.770609318996415,6.093189964157706,9.67741935483871,84.22939068100358,10.03584229390681,74.19354838709677
E00160102,267,65,19,46,202,34,168,24.344569288389515,7.116104868913857,17.228464419475657,75.65543071161048,12.734082397003746,62.92134831460674
E00160103,332,85,31,54,247,26,221,25.602409638554217,9.33734939759036,16.265060240963855,74.3975903614458,7.83132530120482,66.56626506024097
E00160104,269,82,47,35,187,19,168,30.483271375464682,17.472118959107807,13.011152416356877,69.51672862453532,7.063197026022305,62.45353159851301
E00160105,314,76,27,49,238,32,206,24.203821656050955,8.598726114649681,15.605095541401273,75.79617834394905,10.191082802547772,65.60509554140127
E00160106,277,60,18,42,217,16,201,21.660649819494584,6.4981949458483745,15.162454873646208,78.33935018050542,5.776173285198556,72.56317689530685
E00160107,221,39,15,24,182,21,161,17.647058823529413,6.787330316742081,10.85972850678733,82.35294117647058,9.502262443438914,72.85067873303167
E00160108,239,51,24,27,188,16,172,21.338912133891213,10.0418410041841,11.297071129707113,78.66108786610879,6.694560669456067,71.96652719665272
E00160109,256,31,11,20,225,27,198,12.109375,4.296875,7.8125,87.890625,10.546875,77.34375
E00160110,264,68,25,43,196,20,176,25.757575757575758,9.469696969696969,16.28787878787879,74.24242424242425,7.575757575757576,66.66666666666666
E00160111,328,66,19,47,262,21,241,20.121951219512198,5.7926829268292686,14.329268292682926,79.8780487804878,6.402439024390244,73.47560975609755
E00160112,288,56,23,33,232,31,201,19.444444444444446,7.986111111111111,11.458333333333332,80.55555555555556,10.76388888888889,69.79166666666666
E00160113,284,51,16,35,233,26,207,17.95774647887324,5.633802816901409,12.323943661971832,82.04225352112677,9.15492957746479,72.88732394366197
E00160114,240,52,14,38,188,21,167,21.666666666666668,5.833333333333333,15.833333333333332,78.33333333333333,8.75,69.58333333333333
E00160115,341,83,31,52,258,20,238,24.34017595307918,9.090909090909092,15.249266862170089,75.65982404692082,5.865102639296188,69.79472140762464
E00160116,265,74,41,33,191,23,168,27.92452830188679,15.471698113207546,12.452830188679245,72.0754716981132,8.679245283018867,63.39622641509434
E00160117,344,50,17,33,294,26,268,14.534883720930234,4.941860465116279,9.593023255813954,85.46511627906976,7.55813953488372,77.90697674418605
E00160118,325,53,20,33,272,34,238,16.307692307692307,6.153846153846154,10.153846153846153,83.6923076923077,10.461538461538462,73.23076923076923
E00160119,253,62,22,40,191,24,167,24.50592885375494,8.695652173913043,15.810276679841898,75.49407114624506,9.486166007905137,66.00790513833992
E00160120,358,61,22,39,297,30,267,17.039106145251395,6.145251396648044,10.893854748603351,82.9608938547486,8.379888268156424,74.58100558659217
E00160121,330,53,18,35,277,24,253,16.060606060606062,5.454545454545454,10.606060606060606,83.93939393939394,7.2727272727272725,76.66666666666667
E00160122,350,36,14,22,314,28,286,10.285714285714285,4,6.2857142857142865,89.71428571428571,8,81.71428571428572
E00160123,308,50,16,34,258,34,224,16.233766233766232,5.194805194805195,11.03896103896104,83.76623376623377,11.03896103896104,72.72727272727273
E00160124,345,68,32,36,277,36,241,19.710144927536234,9.27536231884058,10.434782608695652,80.28985507246377,10.434782608695652,69.85507246376812
E00160125,510,103,53,50,407,45,362,20.19607843137255,10.392156862745098,9.803921568627452,79.80392156862746,8.823529411764707,70.98039215686275
E00160127,536,61,21,40,475,36,439,11.380597014925373,3.9179104477611943,7.462686567164178,88.61940298507463,6.7164179104477615,81.90298507462687
E00160128,442,60,16,44,382,34,348,13.574660633484163,3.619909502262444,9.95475113122172,86.42533936651584,7.6923076923076925,78.73303167420815
E00160129,233,30,13,17,203,20,183,12.875536480686694,5.579399141630901,7.296137339055794,87.1244635193133,8.583690987124463,78.54077253218884
E00160130,298,44,16,28,254,25,229,14.76510067114094,5.369127516778524,9.395973154362416,85.23489932885906,8.389261744966444,76.84563758389261
E00160131,366,87,30,57,279,20,259,23.770491803278688,8.19672131147541,15.573770491803279,76.22950819672131,5.46448087431694,70.76502732240438
E00160132,307,41,19,22,266,20,246,13.355048859934854,6.188925081433225,7.166123778501629,86.64495114006515,6.514657980456026,80.13029315960912
E00160133,302,32,8,24,270,31,239,10.596026490066226,2.6490066225165565,7.9470198675496695,89.40397350993378,10.264900662251655,79.13907284768213
E00160134,322,55,25,30,267,25,242,17.080745341614907,7.763975155279502,9.316770186335404,82.91925465838509,7.763975155279502,75.15527950310559
E00160135,299,55,25,30,244,18,226,18.394648829431436,8.361204013377927,10.033444816053512,81.60535117056857,6.0200668896321075,75.58528428093646
E00160136,284,66,29,37,218,18,200,23.239436619718308,10.211267605633804,13.028169014084506,76.76056338028168,6.338028169014084,70.4225352112676
E00160137,177,59,32,27,118,12,106,33.33333333333333,18.07909604519774,15.254237288135593,66.66666666666666,6.779661016949152,59.887005649717516
E00160138,275,81,32,49,194,19,175,29.454545454545457,11.636363636363637,17.81818181818182,70.54545454545455,6.909090909090909,63.63636363636363
E00160139,307,71,24,47,236,23,213,23.12703583061889,7.81758957654723,15.309446254071663,76.8729641693811,7.491856677524431,69.38110749185668
E00160140,229,61,25,36,168,21,147,26.637554585152838,10.91703056768559,15.72052401746725,73.36244541484717,9.170305676855897,64.19213973799127
E00160141,287,48,26,22,239,24,215,16.72473867595819,9.059233449477352,7.665505226480835,83.27526132404182,8.362369337979095,74.91289198606272
E00160142,221,45,13,32,176,23,153,20.361990950226243,5.88235294117647,14.479638009049776,79.63800904977376,10.407239819004525,69.23076923076923
E00160143,282,32,10,22,250,28,222,11.347517730496454,3.546099290780142,7.801418439716312,88.65248226950354,9.929078014184398,78.72340425531915
E00160144,447,67,28,39,380,40,340,14.988814317673377,6.263982102908278,8.724832214765101,85.01118568232661,8.94854586129754,76.0626398210291
E00160145,263,38,15,23,225,27,198,14.44866920152091,5.7034220532319395,8.745247148288973,85.55133079847909,10.26615969581749,75.2851711026616
E00160146,238,27,12,15,211,22,189,11.344537815126051,5.042016806722689,6.302521008403361,88.65546218487394,9.243697478991598,79.41176470588235
E00160147,295,49,17,32,246,40,206,16.610169491525422,5.762711864406779,10.847457627118644,83.38983050847457,13.559322033898304,69.83050847457626
E00160148,335,71,21,50,264,32,232,21.19402985074627,6.26865671641791,14.925373134328357,78.80597014925374,9.55223880597015,69.25373134328359
E00160149,456,79,34,45,377,44,333,17.324561403508774,7.456140350877193,9.868421052631579,82.67543859649122,9.649122807017543,73.02631578947368
E00160150,269,55,19,36,214,13,201,20.44609665427509,7.063197026022305,13.382899628252787,79.5539033457249,4.83271375464684,74.72118959107806
E00160152,257,37,13,24,220,27,193,14.396887159533073,5.058365758754864,9.33852140077821,85.60311284046692,10.505836575875486,75.09727626459144
E00160153,276,70,27,43,206,26,180,25.36231884057971,9.782608695652174,15.579710144927535,74.63768115942028,9.420289855072465,65.21739130434783
E00160154,318,63,20,43,255,22,233,19.81132075471698,6.289308176100629,13.522012578616351,80.18867924528303,6.918238993710692,73.27044025157232
E00160155,358,71,28,43,287,23,264,19.832402234636874,7.82122905027933,12.011173184357542,80.16759776536313,6.424581005586592,73.74301675977654
E00160156,283,63,22,41,220,26,194,22.261484098939928,7.773851590106007,14.487632508833922,77.73851590106007,9.187279151943462,68.55123674911661
E00160157,330,44,12,32,286,24,262,13.333333333333334,3.6363636363636362,9.696969696969697,86.66666666666667,7.2727272727272725,79.39393939393939
E00160158,405,77,38,39,328,30,298,19.012345679012345,9.382716049382717,9.62962962962963,80.98765432098766,7.4074074074074066,73.58024691358025
E00160159,357,92,39,53,265,24,241,25.770308123249297,10.92436974789916,14.84593837535014,74.2296918767507,6.722689075630252,67.50700280112045
E00160160,244,61,32,29,183,14,169,25,13.114754098360656,11.885245901639344,75,5.737704918032787,69.26229508196722
E00160161,214,42,15,27,172,26,146,19.626168224299064,7.009345794392523,12.616822429906541,80.37383177570094,12.149532710280374,68.22429906542055
E00160162,248,61,33,28,187,21,166,24.596774193548388,13.306451612903224,11.29032258064516,75.40322580645162,8.46774193548387,66.93548387096774
E00160163,256,57,17,40,199,27,172,22.265625,6.640625,15.625,77.734375,10.546875,67.1875
E00160164,293,57,23,34,236,22,214,19.453924914675767,7.849829351535837,11.604095563139932,80.54607508532423,7.508532423208192,73.03754266211604
E00160165,268,54,14,40,214,16,198,20.149253731343283,5.223880597014925,14.925373134328357,79.8507462686567,5.970149253731343,73.88059701492537
E00160166,322,58,25,33,264,33,231,18.012422360248447,7.763975155279502,10.248447204968944,81.98757763975155,10.248447204968944,71.73913043478261
E00160167,320,69,37,32,251,27,224,21.5625,11.5625,10,78.4375,8.4375,70
E00160168,230,41,11,30,189,17,172,17.82608695652174,4.782608695652174,13.043478260869565,82.17391304347827,7.391304347826087,74.78260869565217
E00160169,287,59,26,33,228,36,192,20.557491289198605,9.059233449477352,11.498257839721255,79.44250871080139,12.543554006968641,66.89895470383276
E00160170,293,72,32,40,221,25,196,24.573378839590443,10.921501706484642,13.651877133105803,75.42662116040955,8.532423208191126,66.89419795221842
E00160171,309,71,26,45,238,26,212,22.97734627831715,8.414239482200648,14.563106796116504,77.02265372168284,8.414239482200648,68.6084142394822
E00160172,332,87,43,44,245,24,221,26.20481927710843,12.951807228915662,13.253012048192772,73.79518072289156,7.228915662650602,66.56626506024097
E00160173,201,55,24,31,146,10,136,27.363184079601986,11.940298507462686,15.422885572139302,72.636815920398,4.975124378109453,67.66169154228857
E00160174,342,67,22,45,275,21,254,19.5906432748538,6.432748538011696,13.157894736842104,80.4093567251462,6.140350877192982,74.26900584795322
E00160175,294,58,24,34,236,26,210,19.727891156462583,8.16326530612245,11.564625850340136,80.27210884353741,8.843537414965986,71.42857142857143
E00160176,271,51,19,32,220,21,199,18.81918819188192,7.011070110701106,11.808118081180812,81.18081180811808,7.7490774907749085,73.43173431734317
E00160177,284,60,23,37,224,39,185,21.12676056338028,8.098591549295776,13.028169014084506,78.87323943661971,13.732394366197184,65.14084507042254
E00160178,232,61,32,29,171,19,152,26.29310344827586,13.793103448275861,12.5,73.70689655172413,8.189655172413794,65.51724137931035
E00160179,329,69,22,47,260,39,221,20.972644376899694,6.68693009118541,14.285714285714285,79.0273556231003,11.854103343465045,67.17325227963525
E00160180,236,51,20,31,185,30,155,21.610169491525426,8.47457627118644,13.135593220338984,78.38983050847457,12.711864406779661,65.67796610169492
E00160181,201,79,28,51,122,7,115,39.30348258706468,13.930348258706468,25.37313432835821,60.69651741293532,3.482587064676617,57.2139303482587
E00160182,287,98,59,39,189,20,169,34.146341463414636,20.557491289198605,13.588850174216027,65.85365853658537,6.968641114982578,58.88501742160279
E00160183,338,37,12,25,301,30,271,10.946745562130179,3.5502958579881656,7.396449704142012,89.05325443786982,8.875739644970414,80.1775147928994
E00160184,297,38,9,29,259,29,230,12.794612794612794,3.0303030303030303,9.764309764309765,87.20538720538721,9.764309764309765,77.44107744107744
E00160185,233,82,48,34,151,22,129,35.1931330472103,20.600858369098713,14.592274678111588,64.8068669527897,9.44206008583691,55.36480686695279
E00160186,316,58,17,41,258,30,228,18.354430379746837,5.379746835443038,12.974683544303797,81.64556962025317,9.49367088607595,72.15189873417721
E00160187,312,37,11,26,275,29,246,11.858974358974358,3.5256410256410255,8.333333333333332,88.14102564102564,9.294871794871796,78.84615384615384
E00160188,321,45,18,27,276,24,252,14.018691588785046,5.607476635514018,8.411214953271028,85.98130841121495,7.476635514018691,78.50467289719626
E00160189,298,49,17,32,249,31,218,16.44295302013423,5.704697986577181,10.738255033557047,83.55704697986577,10.40268456375839,73.15436241610739
E00160191,279,44,14,30,235,21,214,15.770609318996415,5.017921146953405,10.75268817204301,84.22939068100358,7.526881720430108,76.70250896057348
E00160192,266,59,19,40,207,22,185,22.18045112781955,7.142857142857142,15.037593984962406,77.81954887218046,8.270676691729323,69.54887218045113
E00160193,405,55,23,32,350,35,315,13.580246913580247,5.679012345679013,7.901234567901234,86.41975308641975,8.641975308641975,77.77777777777779
E00160194,326,53,20,33,273,36,237,16.257668711656443,6.134969325153374,10.122699386503067,83.74233128834356,11.042944785276074,72.69938650306749
E00160195,327,45,15,30,282,33,249,13.761467889908257,4.587155963302752,9.174311926605505,86.23853211009175,10.091743119266056,76.14678899082568
E00160196,307,52,22,30,255,18,237,16.938110749185668,7.166123778501629,9.77198697068404,83.06188925081433,5.863192182410423,77.19869706840392
E00160197,249,51,21,30,198,18,180,20.481927710843372,8.433734939759036,12.048192771084338,79.51807228915662,7.228915662650602,72.28915662650603
E00160198,241,59,27,32,182,21,161,24.481327800829874,11.20331950207469,13.278008298755188,75.51867219917013,8.71369294605809,66.80497925311202
E00160199,283,36,14,22,247,28,219,12.7208480565371,4.946996466431095,7.773851590106007,87.27915194346289,9.89399293286219,77.3851590106007
E00160200,263,59,24,35,204,24,180,22.433460076045627,9.125475285171103,13.307984790874524,77.56653992395437,9.125475285171103,68.44106463878326
E00160201,300,87,36,51,213,23,190,28.999999999999996,12,17,71,7.666666666666666,63.33333333333333
E00160202,323,48,16,32,275,36,239,14.860681114551083,4.953560371517028,9.907120743034056,85.13931888544892,11.145510835913312,73.9938080495356
E00160203,127,24,11,13,103,11,92,18.89763779527559,8.661417322834646,10.236220472440944,81.10236220472441,8.661417322834646,72.44094488188976
E00160204,286,50,24,26,236,25,211,17.482517482517483,8.391608391608392,9.090909090909092,82.51748251748252,8.741258741258742,73.77622377622379
E00160205,284,55,20,35,229,29,200,19.366197183098592,7.042253521126761,12.323943661971832,80.63380281690141,10.211267605633804,70.4225352112676
E00160206,314,63,25,38,251,21,230,20.063694267515924,7.961783439490445,12.101910828025478,79.93630573248409,6.687898089171974,73.24840764331209
E00160207,305,65,26,39,240,19,221,21.311475409836063,8.524590163934425,12.786885245901638,78.68852459016394,6.229508196721312,72.45901639344262
E00160208,192,48,22,26,144,16,128,25,11.458333333333332,13.541666666666666,75,8.333333333333332,66.66666666666666
E00160209,272,47,17,30,225,17,208,17.27941176470588,6.25,11.029411764705882,82.72058823529412,6.25,76.47058823529412
E00160210,307,59,32,27,248,38,210,19.218241042345277,10.423452768729643,8.794788273615636,80.78175895765473,12.37785016286645,68.40390879478826
E00160211,288,72,41,31,216,17,199,25,14.23611111111111,10.76388888888889,75,5.902777777777778,69.09722222222221
E00160212,249,57,16,41,192,14,178,22.89156626506024,6.425702811244979,16.46586345381526,77.10843373493977,5.622489959839357,71.4859437751004
E00160213,248,52,27,25,196,22,174,20.967741935483872,10.887096774193548,10.080645161290322,79.03225806451613,8.870967741935484,70.16129032258065
E00160215,581,87,25,62,494,45,449,14.974182444061961,4.3029259896729775,10.671256454388985,85.02581755593803,7.74526678141136,77.28055077452667
E00160218,256,36,15,21,220,24,196,14.0625,5.859375,8.203125,85.9375,9.375,76.5625
E00160219,294,50,11,39,244,20,224,17.006802721088434,3.741496598639456,13.26530612244898,82.99319727891157,6.802721088435375,76.19047619047619
E00160220,351,73,34,39,278,18,260,20.7977207977208,9.686609686609685,11.11111111111111,79.2022792022792,5.128205128205128,74.07407407407408
E00160221,258,44,21,23,214,25,189,17.05426356589147,8.13953488372093,8.914728682170542,82.94573643410853,9.689922480620156,73.25581395348837
E00160222,205,40,14,26,165,17,148,19.51219512195122,6.829268292682928,12.682926829268293,80.48780487804879,8.292682926829269,72.1951219512195
E00160223,246,56,23,33,190,21,169,22.76422764227642,9.34959349593496,13.414634146341465,77.23577235772358,8.536585365853659,68.69918699186992
E00160224,312,58,22,36,254,28,226,18.58974358974359,7.051282051282051,11.538461538461538,81.41025641025641,8.974358974358974,72.43589743589743
E00160225,421,78,34,44,343,33,310,18.52731591448931,8.076009501187649,10.451306413301662,81.47268408551069,7.8384798099762465,73.63420427553444
E00160226,273,60,24,36,213,25,188,21.978021978021978,8.791208791208792,13.186813186813188,78.02197802197803,9.157509157509157,68.86446886446886
E00160227,344,89,35,54,255,26,229,25.872093023255815,10.174418604651162,15.69767441860465,74.12790697674419,7.55813953488372,66.56976744186046
E00160228,285,67,28,39,218,23,195,23.50877192982456,9.824561403508772,13.684210526315791,76.49122807017544,8.070175438596491,68.42105263157895
E00160229,228,45,19,26,183,24,159,19.736842105263158,8.333333333333332,11.403508771929824,80.26315789473685,10.526315789473683,69.73684210526315
E00160230,284,59,20,39,225,24,201,20.774647887323944,7.042253521126761,13.732394366197184,79.22535211267606,8.450704225352112,70.77464788732394
E00160231,316,50,24,26,266,20,246,15.822784810126583,7.59493670886076,8.227848101265822,84.17721518987342,6.329113924050633,77.84810126582279
E00160232,322,69,19,50,253,27,226,21.428571428571427,5.900621118012422,15.527950310559005,78.57142857142857,8.385093167701864,70.1863354037267
E00160233,235,43,13,30,192,34,158,18.29787234042553,5.531914893617021,12.76595744680851,81.70212765957446,14.468085106382977,67.23404255319149
E00160234,285,78,27,51,207,25,182,27.368421052631582,9.473684210526317,17.894736842105264,72.63157894736842,8.771929824561402,63.859649122807014
E00160235,258,42,15,27,216,28,188,16.27906976744186,5.813953488372093,10.465116279069768,83.72093023255815,10.852713178294573,72.86821705426357
E00160236,286,44,17,27,242,24,218,15.384615384615385,5.944055944055944,9.44055944055944,84.61538461538461,8.391608391608392,76.22377622377621
E00160237,280,74,34,40,206,23,183,26.42857142857143,12.142857142857142,14.285714285714285,73.57142857142858,8.214285714285714,65.35714285714286
E00160238,276,56,24,32,220,22,198,20.28985507246377,8.695652173913043,11.594202898550725,79.71014492753623,7.971014492753622,71.73913043478261
E00160239,312,88,41,47,224,25,199,28.205128205128204,13.141025641025642,15.064102564102564,71.7948717948718,8.012820512820513,63.78205128205128
E00160240,137,29,11,18,108,10,98,21.16788321167883,8.02919708029197,13.138686131386862,78.83211678832117,7.2992700729927,71.53284671532847
E00160241,264,62,35,27,202,21,181,23.484848484848484,13.257575757575758,10.227272727272728,76.51515151515152,7.954545454545454,68.56060606060606
E00160242,240,44,10,34,196,17,179,18.333333333333332,4.166666666666666,14.166666666666666,81.66666666666667,7.083333333333333,74.58333333333333
E00160243,360,52,14,38,308,43,265,14.444444444444443,3.888888888888889,10.555555555555555,85.55555555555556,11.944444444444445,73.61111111111111
E00160244,224,44,19,25,180,11,169,19.642857142857142,8.482142857142858,11.160714285714286,80.35714285714286,4.910714285714286,75.44642857142857
E00160245,292,49,15,34,243,31,212,16.78082191780822,5.136986301369863,11.643835616438356,83.21917808219177,10.616438356164384,72.6027397260274
E00160246,198,21,6,15,177,22,155,10.606060606060606,3.0303030303030303,7.575757575757576,89.39393939393939,11.11111111111111,78.28282828282829
E00160247,261,52,17,35,209,25,184,19.923371647509576,6.513409961685824,13.409961685823754,80.07662835249042,9.578544061302683,70.49808429118774
E00160248,236,45,15,30,191,23,168,19.06779661016949,6.3559322033898304,12.711864406779661,80.9322033898305,9.745762711864407,71.1864406779661
E00160249,476,114,46,68,362,31,331,23.949579831932773,9.663865546218489,14.285714285714285,76.05042016806722,6.512605042016808,69.53781512605042
E00160250,339,65,22,43,274,34,240,19.174041297935105,6.489675516224189,12.684365781710916,80.8259587020649,10.029498525073747,70.79646017699115
E00160251,342,71,37,34,271,26,245,20.760233918128655,10.818713450292398,9.941520467836257,79.23976608187134,7.602339181286549,71.6374269005848
E00160252,267,75,35,40,192,15,177,28.08988764044944,13.108614232209737,14.981273408239701,71.91011235955057,5.617977528089887,66.29213483146067
E00160253,231,69,24,45,162,18,144,29.87012987012987,10.38961038961039,19.480519480519483,70.12987012987013,7.792207792207792,62.33766233766234
E00160254,412,82,28,54,330,21,309,19.902912621359224,6.796116504854369,13.106796116504855,80.09708737864078,5.097087378640777,75
E00160255,415,94,42,52,321,27,294,22.650602409638555,10.120481927710843,12.530120481927712,77.34939759036145,6.506024096385541,70.8433734939759
E00160256,264,91,47,44,173,21,152,34.46969696969697,17.803030303030305,16.666666666666664,65.53030303030303,7.954545454545454,57.57575757575758
E00160257,257,53,16,37,204,15,189,20.622568093385212,6.22568093385214,14.396887159533073,79.37743190661479,5.836575875486381,73.54085603112841
E00160258,482,110,43,67,372,26,346,22.821576763485478,8.921161825726141,13.900414937759336,77.17842323651453,5.394190871369295,71.78423236514523
E00160259,262,65,29,36,197,25,172,24.80916030534351,11.068702290076336,13.740458015267176,75.19083969465649,9.541984732824428,65.64885496183206
E00160260,341,71,32,39,270,16,254,20.821114369501466,9.3841642228739,11.436950146627565,79.17888563049853,4.69208211143695,74.48680351906158
E00160261,273,71,33,38,202,25,177,26.00732600732601,12.087912087912088,13.91941391941392,73.992673992674,9.157509157509157,64.83516483516483
E00160262,308,50,17,33,258,23,235,16.233766233766232,5.51948051948052,10.714285714285714,83.76623376623377,7.467532467532467,76.2987012987013
E00160263,341,68,31,37,273,20,253,19.941348973607038,9.090909090909092,10.850439882697946,80.05865102639295,5.865102639296188,74.19354838709677
E00160264,360,54,13,41,306,27,279,15,3.6111111111111107,11.38888888888889,85,7.5,77.5
E00160265,315,62,13,49,253,22,231,19.682539682539684,4.1269841269841265,15.555555555555555,80.31746031746032,6.984126984126984,73.33333333333333
E00160266,290,42,16,26,248,20,228,14.482758620689657,5.517241379310345,8.96551724137931,85.51724137931035,6.896551724137931,78.62068965517241
E00160267,266,68,29,39,198,19,179,25.563909774436087,10.902255639097744,14.661654135338345,74.43609022556392,7.142857142857142,67.29323308270678
E00160268,294,37,14,23,257,22,235,12.585034013605442,4.761904761904762,7.8231292517006805,87.41496598639455,7.482993197278912,79.93197278911565
E00160269,360,121,68,53,239,17,222,33.611111111111114,18.88888888888889,14.722222222222223,66.38888888888889,4.722222222222222,61.66666666666667
E00160270,383,52,19,33,331,30,301,13.577023498694519,4.960835509138381,8.616187989556137,86.42297650130548,7.83289817232376,78.59007832898173
E00160271,286,90,39,51,196,25,171,31.46853146853147,13.636363636363635,17.832167832167833,68.53146853146853,8.741258741258742,59.790209790209794
E00160273,152,34,13,21,118,13,105,22.36842105263158,8.552631578947368,13.815789473684212,77.63157894736842,8.552631578947368,69.07894736842105
E00160275,191,51,18,33,140,17,123,26.701570680628272,9.424083769633508,17.277486910994764,73.29842931937172,8.900523560209423,64.3979057591623
E00160276,201,59,30,29,142,19,123,29.35323383084577,14.925373134328357,14.427860696517413,70.64676616915423,9.45273631840796,61.19402985074627
E00160277,249,37,17,20,212,23,189,14.859437751004014,6.827309236947792,8.032128514056225,85.14056224899599,9.236947791164658,75.90361445783132
E00160278,242,76,42,34,166,10,156,31.40495867768595,17.355371900826448,14.049586776859504,68.59504132231406,4.132231404958678,64.46280991735537
E00160279,358,68,24,44,290,27,263,18.994413407821227,6.70391061452514,12.290502793296088,81.00558659217877,7.5418994413407825,73.46368715083798
E00160280,269,65,23,42,204,17,187,24.1635687732342,8.550185873605948,15.613382899628252,75.8364312267658,6.319702602230483,69.51672862453532
E00160281,362,35,14,21,327,20,307,9.668508287292818,3.867403314917127,5.801104972375691,90.33149171270718,5.524861878453039,84.80662983425414
E00160282,268,73,21,52,195,16,179,27.238805970149254,7.835820895522389,19.402985074626866,72.76119402985076,5.970149253731343,66.7910447761194
E00160283,331,75,47,28,256,26,230,22.658610271903324,14.19939577039275,8.459214501510575,77.34138972809667,7.854984894259818,69.48640483383686
E00160284,297,40,11,29,257,27,230,13.468013468013467,3.7037037037037033,9.764309764309765,86.53198653198653,9.090909090909092,77.44107744107744
E00160285,280,88,33,55,192,21,171,31.428571428571427,11.785714285714285,19.642857142857142,68.57142857142857,7.5,61.07142857142858
E00160286,241,63,30,33,178,17,161,26.141078838174277,12.448132780082988,13.692946058091287,73.85892116182573,7.053941908713693,66.80497925311202
E00160287,296,56,23,33,240,27,213,18.91891891891892,7.77027027027027,11.14864864864865,81.08108108108108,9.121621621621621,71.95945945945947
E00160288,294,50,20,30,244,12,232,17.006802721088434,6.802721088435375,10.204081632653061,82.99319727891157,4.081632653061225,78.91156462585033
E00160289,282,50,18,32,232,16,216,17.73049645390071,6.382978723404255,11.347517730496454,82.26950354609929,5.673758865248227,76.59574468085107
E00160290,354,159,121,38,195,29,166,44.91525423728814,34.18079096045198,10.734463276836157,55.08474576271186,8.192090395480225,46.89265536723164
E00160291,315,80,29,51,235,17,218,25.396825396825395,9.206349206349207,16.19047619047619,74.60317460317461,5.396825396825397,69.2063492063492
E00160292,344,73,34,39,271,31,240,21.22093023255814,9.883720930232558,11.337209302325581,78.77906976744185,9.011627906976743,69.76744186046511
E00160293,276,48,15,33,228,15,213,17.391304347826086,5.434782608695652,11.956521739130435,82.6086956521739,5.434782608695652,77.17391304347827
E00160294,465,125,41,84,340,39,301,26.881720430107524,8.817204301075268,18.064516129032256,73.11827956989248,8.38709677419355,64.73118279569893
E00160295,215,47,18,29,168,23,145,21.86046511627907,8.372093023255815,13.488372093023257,78.13953488372093,10.69767441860465,67.44186046511628
E00160296,291,73,41,32,218,15,203,25.085910652920962,14.0893470790378,10.996563573883162,74.91408934707904,5.154639175257731,69.7594501718213
E00160297,344,60,22,38,284,27,257,17.441860465116278,6.395348837209303,11.046511627906977,82.55813953488372,7.848837209302325,74.70930232558139
E00160298,237,40,14,26,197,20,177,16.877637130801688,5.9071729957805905,10.970464135021098,83.12236286919831,8.438818565400844,74.68354430379746
E00160299,224,48,19,29,176,11,165,21.428571428571427,8.482142857142858,12.946428571428573,78.57142857142857,4.910714285714286,73.66071428571429
E00160300,304,72,20,52,232,26,206,23.684210526315788,6.578947368421052,17.105263157894736,76.31578947368422,8.552631578947368,67.76315789473685
E00160301,219,46,18,28,173,8,165,21.00456621004566,8.21917808219178,12.785388127853881,78.99543378995433,3.65296803652968,75.34246575342466
E00160302,290,84,52,32,206,18,188,28.965517241379313,17.93103448275862,11.03448275862069,71.03448275862068,6.206896551724138,64.82758620689654
E00160303,163,56,28,28,107,15,92,34.355828220858896,17.177914110429448,17.177914110429448,65.6441717791411,9.202453987730062,56.44171779141104
E00160304,242,38,17,21,204,15,189,15.702479338842975,7.024793388429752,8.677685950413224,84.29752066115702,6.198347107438017,78.099173553719
E00160305,342,85,38,47,257,18,239,24.853801169590643,11.11111111111111,13.742690058479532,75.14619883040936,5.263157894736842,69.88304093567251
E00160306,288,45,15,30,243,25,218,15.625,5.208333333333334,10.416666666666668,84.375,8.680555555555555,75.69444444444444
E00160307,192,43,19,24,149,12,137,22.395833333333336,9.895833333333332,12.5,77.60416666666666,6.25,71.35416666666666
E00160308,299,66,27,39,233,14,219,22.073578595317723,9.03010033444816,13.043478260869565,77.92642140468227,4.682274247491638,73.24414715719062
E00160309,309,64,20,44,245,31,214,20.711974110032365,6.472491909385113,14.239482200647249,79.28802588996764,10.032362459546926,69.25566343042071
E00160310,196,54,25,29,142,19,123,27.55102040816326,12.755102040816327,14.795918367346939,72.44897959183673,9.693877551020408,62.755102040816325
E00160311,267,56,22,34,211,20,191,20.973782771535582,8.239700374531834,12.734082397003746,79.02621722846442,7.490636704119851,71.53558052434457
E00160312,277,47,19,28,230,34,196,16.967509025270758,6.859205776173286,10.108303249097473,83.03249097472924,12.274368231046932,70.7581227436823
E00160313,301,41,14,27,260,23,237,13.621262458471762,4.651162790697675,8.970099667774086,86.37873754152824,7.641196013289036,78.7375415282392
E00160314,265,51,24,27,214,31,183,19.245283018867926,9.056603773584905,10.18867924528302,80.75471698113208,11.69811320754717,69.0566037735849
E00160315,287,50,19,31,237,25,212,17.421602787456447,6.620209059233449,10.801393728222997,82.57839721254355,8.710801393728223,73.86759581881533
E00160316,231,65,28,37,166,19,147,28.13852813852814,12.121212121212121,16.017316017316016,71.86147186147186,8.225108225108226,63.63636363636363
E00160317,249,54,21,33,195,20,175,21.686746987951807,8.433734939759036,13.253012048192772,78.3132530120482,8.032128514056225,70.28112449799197
E00160318,259,56,21,35,203,23,180,21.62162162162162,8.108108108108109,13.513513513513514,78.37837837837837,8.880308880308881,69.4980694980695
E00160319,292,118,49,69,174,29,145,40.41095890410959,16.78082191780822,23.63013698630137,59.589041095890416,9.931506849315069,49.65753424657534
E00160320,269,55,20,35,214,23,191,20.44609665427509,7.434944237918216,13.011152416356877,79.5539033457249,8.550185873605948,71.00371747211895
E00160321,265,46,16,30,219,29,190,17.358490566037734,6.037735849056604,11.320754716981133,82.64150943396227,10.943396226415095,71.69811320754717
E00160322,273,70,33,37,203,23,180,25.64102564102564,12.087912087912088,13.553113553113553,74.35897435897436,8.424908424908425,65.93406593406593
E00160323,235,44,14,30,191,23,168,18.72340425531915,5.957446808510639,12.76595744680851,81.27659574468085,9.787234042553191,71.48936170212767
E00160324,250,52,16,36,198,19,179,20.8,6.4,14.399999999999999,79.2,7.6,71.6
E00160325,200,53,22,31,147,13,134,26.5,11,15.5,73.5,6.5,67
E00160326,274,36,16,20,238,13,225,13.138686131386862,5.839416058394161,7.2992700729927,86.86131386861314,4.744525547445255,82.11678832116789
E00160327,217,40,14,26,177,16,161,18.433179723502306,6.451612903225806,11.981566820276496,81.5668202764977,7.373271889400922,74.19354838709677
E00160328,330,56,19,37,274,22,252,16.969696969696972,5.757575757575758,11.212121212121213,83.03030303030303,6.666666666666667,76.36363636363637
E00160329,417,101,47,54,316,22,294,24.22062350119904,11.270983213429256,12.949640287769784,75.77937649880096,5.275779376498801,70.50359712230215
E00160330,280,55,16,39,225,23,202,19.642857142857142,5.714285714285714,13.928571428571429,80.35714285714286,8.214285714285714,72.14285714285714
E00160331,320,55,27,28,265,17,248,17.1875,8.4375,8.75,82.8125,5.3125,77.5
E00160332,309,67,22,45,242,19,223,21.68284789644013,7.119741100323624,14.563106796116504,78.31715210355988,6.148867313915858,72.168284789644
E00160333,308,45,16,29,263,22,241,14.61038961038961,5.194805194805195,9.415584415584416,85.3896103896104,7.142857142857142,78.24675324675324
E00160334,373,54,12,42,319,16,303,14.47721179624665,3.2171581769436997,11.26005361930295,85.52278820375335,4.289544235924933,81.23324396782841
E00160335,279,47,11,36,232,19,213,16.845878136200717,3.942652329749104,12.903225806451612,83.15412186379928,6.810035842293908,76.34408602150538
E00160336,342,65,28,37,277,24,253,19.005847953216374,8.187134502923977,10.818713450292398,80.99415204678363,7.017543859649122,73.9766081871345
E00160337,291,59,25,34,232,20,212,20.274914089347078,8.59106529209622,11.683848797250858,79.72508591065292,6.872852233676976,72.85223367697594
E00160338,217,48,29,19,169,11,158,22.119815668202765,13.36405529953917,8.755760368663594,77.88018433179722,5.0691244239631335,72.81105990783409
E00160339,351,60,18,42,291,31,260,17.094017094017094,5.128205128205128,11.965811965811966,82.90598290598291,8.831908831908832,74.07407407407408
E00160340,344,72,27,45,272,25,247,20.930232558139537,7.848837209302325,13.08139534883721,79.06976744186046,7.267441860465117,71.80232558139535
E00160341,297,53,19,34,244,22,222,17.845117845117844,6.397306397306397,11.447811447811448,82.15488215488216,7.4074074074074066,74.74747474747475
E00160342,234,58,27,31,176,19,157,24.786324786324787,11.538461538461538,13.247863247863249,75.21367521367522,8.11965811965812,67.09401709401709
E00160343,323,57,24,33,266,19,247,17.647058823529413,7.430340557275541,10.21671826625387,82.35294117647058,5.88235294117647,76.47058823529412
E00160344,362,80,38,42,282,32,250,22.099447513812155,10.497237569060774,11.602209944751381,77.90055248618785,8.83977900552486,69.06077348066299
E00160345,351,61,18,43,290,22,268,17.37891737891738,5.128205128205128,12.250712250712251,82.62108262108262,6.267806267806268,76.35327635327636
E00160346,363,84,33,51,279,31,248,23.140495867768596,9.090909090909092,14.049586776859504,76.85950413223141,8.539944903581267,68.31955922865014
E00160347,449,59,21,38,390,34,356,13.140311804008908,4.67706013363029,8.463251670378618,86.8596881959911,7.57238307349666,79.28730512249443
E00160348,522,91,27,64,431,40,391,17.432950191570882,5.172413793103448,12.260536398467432,82.56704980842912,7.662835249042145,74.90421455938697
E00160349,305,65,27,38,240,23,217,21.311475409836063,8.852459016393443,12.459016393442624,78.68852459016394,7.540983606557377,71.14754098360656
E00160350,292,46,16,30,246,24,222,15.753424657534246,5.47945205479452,10.273972602739725,84.24657534246576,8.21917808219178,76.02739726027397
E00160351,270,52,24,28,218,23,195,19.25925925925926,8.88888888888889,10.37037037037037,80.74074074074075,8.518518518518519,72.22222222222221
E00160352,323,51,16,35,272,32,240,15.789473684210526,4.953560371517028,10.8359133126935,84.21052631578947,9.907120743034056,74.30340557275542
E00160353,239,58,23,35,181,23,158,24.267782426778243,9.623430962343097,14.644351464435147,75.73221757322176,9.623430962343097,66.10878661087865
E00160354,291,81,41,40,210,23,187,27.835051546391753,14.0893470790378,13.745704467353953,72.16494845360825,7.903780068728522,64.26116838487972
E00160355,257,47,14,33,210,25,185,18.28793774319066,5.447470817120623,12.840466926070038,81.71206225680933,9.72762645914397,71.98443579766537
E00160356,297,55,19,36,242,31,211,18.51851851851852,6.397306397306397,12.121212121212121,81.48148148148148,10.437710437710438,71.04377104377105
E00160357,230,52,25,27,178,27,151,22.608695652173914,10.869565217391305,11.73913043478261,77.39130434782608,11.73913043478261,65.65217391304347
E00160358,232,48,20,28,184,14,170,20.689655172413794,8.620689655172415,12.068965517241379,79.3103448275862,6.0344827586206895,73.27586206896551
E00160360,255,46,17,29,209,28,181,18.03921568627451,6.666666666666667,11.372549019607844,81.96078431372548,10.980392156862745,70.98039215686275
E00160361,237,46,26,20,191,20,171,19.40928270042194,10.970464135021098,8.438818565400844,80.59071729957806,8.438818565400844,72.15189873417721
E00160362,304,63,30,33,241,25,216,20.723684210526315,9.868421052631579,10.855263157894738,79.27631578947368,8.223684210526317,71.05263157894737
E00160363,288,88,35,53,200,36,164,30.555555555555557,12.152777777777777,18.40277777777778,69.44444444444444,12.5,56.94444444444444
E00160364,269,43,14,29,226,22,204,15.985130111524162,5.204460966542751,10.780669144981413,84.01486988847584,8.178438661710038,75.8364312267658
E00160365,268,59,18,41,209,27,182,22.01492537313433,6.7164179104477615,15.298507462686567,77.98507462686567,10.074626865671641,67.91044776119402
E00160366,339,66,31,35,273,28,245,19.469026548672566,9.144542772861357,10.32448377581121,80.53097345132744,8.259587020648967,72.27138643067846
E00160367,271,44,18,26,227,33,194,16.236162361623617,6.642066420664207,9.59409594095941,83.76383763837639,12.177121771217712,71.58671586715867
E00160368,301,55,27,28,246,20,226,18.272425249169437,8.970099667774086,9.30232558139535,81.72757475083057,6.64451827242525,75.08305647840533
E00160369,264,56,26,30,208,22,186,21.21212121212121,9.848484848484848,11.363636363636363,78.78787878787878,8.333333333333332,70.45454545454545
E00160370,297,60,23,37,237,23,214,20.2020202020202,7.744107744107744,12.457912457912458,79.7979797979798,7.744107744107744,72.05387205387206
E00160371,267,63,23,40,204,19,185,23.595505617977526,8.614232209737828,14.981273408239701,76.40449438202246,7.116104868913857,69.28838951310861
E00160372,282,64,28,36,218,20,198,22.69503546099291,9.929078014184398,12.76595744680851,77.30496453900709,7.092198581560284,70.2127659574468
E00160373,248,55,22,33,193,24,169,22.177419354838708,8.870967741935484,13.306451612903224,77.82258064516128,9.67741935483871,68.14516129032258
E00160374,256,56,23,33,200,19,181,21.875,8.984375,12.890625,78.125,7.421875,70.703125
E00160375,395,85,37,48,310,27,283,21.518987341772153,9.367088607594937,12.151898734177214,78.48101265822784,6.8354430379746836,71.64556962025317
E00160376,427,96,47,49,331,25,306,22.482435597189696,11.00702576112412,11.475409836065573,77.51756440281031,5.85480093676815,71.66276346604215
E00160377,307,134,99,35,173,22,151,43.648208469055376,32.24755700325733,11.400651465798045,56.35179153094463,7.166123778501629,49.185667752442995
E00160378,424,121,57,64,303,33,270,28.537735849056606,13.443396226415095,15.09433962264151,71.4622641509434,7.783018867924528,63.67924528301887
E00160379,261,59,18,41,202,12,190,22.60536398467433,6.896551724137931,15.708812260536398,77.39463601532567,4.597701149425287,72.79693486590038
E00160380,360,74,47,27,286,29,257,20.555555555555554,13.055555555555557,7.5,79.44444444444444,8.055555555555555,71.38888888888889
E00160381,363,65,21,44,298,38,260,17.90633608815427,5.785123966942149,12.121212121212121,82.09366391184572,10.46831955922865,71.62534435261708
E00160382,267,59,28,31,208,7,201,22.09737827715356,10.486891385767791,11.610486891385769,77.90262172284645,2.6217228464419478,75.28089887640449
E00160383,222,93,60,33,129,11,118,41.891891891891895,27.027027027027028,14.864864864864865,58.108108108108105,4.954954954954955,53.153153153153156
E00160384,287,41,20,21,246,19,227,14.285714285714285,6.968641114982578,7.317073170731707,85.71428571428571,6.620209059233449,79.09407665505228
E00160385,488,85,36,49,403,27,376,17.418032786885245,7.377049180327869,10.040983606557377,82.58196721311475,5.532786885245901,77.04918032786885
E00160386,249,58,27,31,191,18,173,23.293172690763054,10.843373493975903,12.449799196787147,76.70682730923694,7.228915662650602,69.47791164658635
E00160387,327,62,29,33,265,25,240,18.960244648318042,8.868501529051988,10.091743119266056,81.03975535168195,7.64525993883792,73.39449541284404
E00160388,414,53,19,34,361,31,330,12.80193236714976,4.5893719806763285,8.212560386473431,87.19806763285024,7.487922705314009,79.71014492753623
E00160389,280,46,16,30,234,25,209,16.428571428571427,5.714285714285714,10.714285714285714,83.57142857142857,8.928571428571429,74.64285714285714
E00160390,332,62,23,39,270,25,245,18.67469879518072,6.927710843373494,11.74698795180723,81.32530120481928,7.530120481927711,73.79518072289156
E00160391,351,62,30,32,289,26,263,17.663817663817664,8.547008547008547,9.116809116809117,82.33618233618233,7.4074074074074066,74.92877492877493
E00160392,336,73,39,34,263,27,236,21.726190476190478,11.607142857142858,10.119047619047619,78.27380952380952,8.035714285714286,70.23809523809523
E00160393,301,89,39,50,212,17,195,29.568106312292358,12.956810631229235,16.611295681063122,70.43189368770764,5.647840531561462,64.78405315614619
E00160394,209,61,31,30,148,19,129,29.1866028708134,14.832535885167463,14.354066985645932,70.81339712918661,9.090909090909092,61.72248803827751
E00160395,292,52,19,33,240,33,207,17.80821917808219,6.506849315068493,11.301369863013697,82.1917808219178,11.301369863013697,70.8904109589041
E00160396,280,43,12,31,237,23,214,15.357142857142858,4.285714285714286,11.071428571428571,84.64285714285714,8.214285714285714,76.42857142857142
E00160397,425,121,51,70,304,27,277,28.47058823529412,12,16.470588235294116,71.52941176470588,6.352941176470588,65.17647058823529
E00160398,311,63,26,37,248,19,229,20.257234726688104,8.360128617363344,11.89710610932476,79.7427652733119,6.109324758842444,73.63344051446946
E00160400,431,131,63,68,300,44,256,30.39443155452436,14.617169373549885,15.777262180974477,69.60556844547564,10.208816705336426,59.39675174013921
E00160401,230,58,25,33,172,23,149,25.217391304347824,10.869565217391305,14.347826086956522,74.78260869565217,10,64.78260869565217
E00160402,428,125,58,67,303,38,265,29.205607476635514,13.551401869158877,15.654205607476634,70.7943925233645,8.878504672897195,61.915887850467286
E00160403,296,92,44,48,204,20,184,31.08108108108108,14.864864864864865,16.216216216216218,68.91891891891892,6.756756756756757,62.16216216216216
E00160404,492,108,39,69,384,31,353,21.951219512195124,7.926829268292683,14.02439024390244,78.04878048780488,6.300813008130081,71.7479674796748
E00160405,407,84,34,50,323,24,299,20.638820638820636,8.353808353808354,12.285012285012286,79.36117936117935,5.896805896805897,73.46437346437347
E00160406,341,119,69,50,222,19,203,34.89736070381232,20.234604105571847,14.66275659824047,65.10263929618768,5.571847507331378,59.530791788856305
E00160407,246,81,26,55,165,18,147,32.926829268292686,10.569105691056912,22.35772357723577,67.07317073170732,7.317073170731707,59.756097560975604
E00160408,277,72,36,36,205,22,183,25.992779783393498,12.996389891696749,12.996389891696749,74.0072202166065,7.9422382671480145,66.06498194945848
E00160409,196,56,25,31,140,11,129,28.57142857142857,12.755102040816327,15.816326530612246,71.42857142857143,5.612244897959184,65.81632653061224
E00160410,230,53,19,34,177,21,156,23.043478260869566,8.26086956521739,14.782608695652174,76.95652173913044,9.130434782608695,67.82608695652173
E00160411,246,64,25,39,182,14,168,26.01626016260163,10.16260162601626,15.853658536585366,73.98373983739837,5.691056910569105,68.29268292682927
E00160412,271,59,27,32,212,12,200,21.771217712177123,9.96309963099631,11.808118081180812,78.22878228782287,4.428044280442804,73.80073800738008
E00160413,236,64,22,42,172,26,146,27.11864406779661,9.322033898305085,17.796610169491526,72.88135593220339,11.016949152542372,61.86440677966102
E00160414,267,64,23,41,203,31,172,23.970037453183522,8.614232209737828,15.355805243445692,76.02996254681648,11.610486891385769,64.41947565543072
E00160415,258,49,23,26,209,25,184,18.992248062015506,8.914728682170542,10.077519379844961,81.0077519379845,9.689922480620156,71.31782945736434
E00160416,184,50,27,23,134,18,116,27.173913043478258,14.673913043478262,12.5,72.82608695652173,9.782608695652174,63.04347826086957
E00160417,243,54,17,37,189,26,163,22.22222222222222,6.995884773662551,15.22633744855967,77.77777777777779,10.699588477366255,67.07818930041152
E00160418,250,50,12,38,200,26,174,20,4.8,15.2,80,10.4,69.6
E00160419,274,56,19,37,218,31,187,20.437956204379564,6.934306569343065,13.503649635036496,79.56204379562044,11.313868613138686,68.24817518248175
E00160420,260,50,21,29,210,22,188,19.230769230769234,8.076923076923077,11.153846153846155,80.76923076923077,8.461538461538462,72.3076923076923
E00160421,276,83,44,39,193,24,169,30.07246376811594,15.942028985507244,14.130434782608695,69.92753623188406,8.695652173913043,61.23188405797102
E00160422,234,63,22,41,171,20,151,26.923076923076923,9.401709401709402,17.52136752136752,73.07692307692307,8.547008547008547,64.52991452991454
E00160423,536,121,65,56,415,50,365,22.574626865671643,12.126865671641792,10.44776119402985,77.42537313432835,9.328358208955224,68.09701492537313
E00160424,238,52,22,30,186,14,172,21.84873949579832,9.243697478991598,12.605042016806722,78.15126050420169,5.88235294117647,72.26890756302521
E00160425,284,69,33,36,215,21,194,24.295774647887324,11.619718309859154,12.676056338028168,75.70422535211267,7.394366197183098,68.30985915492957
E00160426,302,76,38,38,226,26,200,25.165562913907287,12.582781456953644,12.582781456953644,74.83443708609272,8.609271523178808,66.22516556291392
E00160427,253,52,16,36,201,15,186,20.55335968379447,6.324110671936759,14.229249011857709,79.44664031620553,5.928853754940711,73.51778656126481
E00160428,379,113,53,60,266,29,237,29.815303430079155,13.984168865435356,15.8311345646438,70.18469656992085,7.651715039577836,62.532981530343015
E00160429,230,97,60,37,133,15,118,42.173913043478265,26.08695652173913,16.08695652173913,57.826086956521735,6.521739130434782,51.30434782608696
E00160430,169,36,18,18,133,20,113,21.301775147928996,10.650887573964498,10.650887573964498,78.69822485207101,11.834319526627219,66.86390532544378
E00160431,229,61,19,42,168,30,138,26.637554585152838,8.296943231441048,18.340611353711793,73.36244541484717,13.100436681222707,60.26200873362445
E00160432,228,31,10,21,197,16,181,13.596491228070176,4.385964912280701,9.210526315789473,86.40350877192982,7.017543859649122,79.3859649122807
E00160433,277,73,31,42,204,15,189,26.353790613718413,11.191335740072201,15.162454873646208,73.6462093862816,5.415162454873646,68.23104693140795
E00160434,283,63,28,35,220,25,195,22.261484098939928,9.89399293286219,12.36749116607774,77.73851590106007,8.8339222614841,68.90459363957598
E00160435,193,62,27,35,131,15,116,32.12435233160622,13.989637305699482,18.134715025906736,67.87564766839378,7.772020725388601,60.10362694300518
E00160436,245,53,20,33,192,21,171,21.63265306122449,8.16326530612245,13.46938775510204,78.36734693877551,8.571428571428571,69.79591836734694
E00160437,261,75,33,42,186,31,155,28.735632183908045,12.643678160919542,16.091954022988507,71.26436781609196,11.877394636015326,59.38697318007663
E00160438,288,59,21,38,229,24,205,20.48611111111111,7.291666666666667,13.194444444444445,79.51388888888889,8.333333333333332,71.18055555555556
E00160439,263,59,23,36,204,31,173,22.433460076045627,8.745247148288973,13.688212927756654,77.56653992395437,11.787072243346007,65.77946768060836
E00160440,362,66,19,47,296,28,268,18.23204419889503,5.248618784530387,12.98342541436464,81.76795580110497,7.734806629834254,74.03314917127072
E00160441,253,70,40,30,183,19,164,27.66798418972332,15.810276679841898,11.857707509881422,72.33201581027669,7.5098814229249005,64.82213438735178
E00160442,211,48,18,30,163,20,143,22.748815165876778,8.530805687203792,14.218009478672986,77.25118483412322,9.47867298578199,67.77251184834124
E00160443,275,58,25,33,217,28,189,21.09090909090909,9.090909090909092,12,78.9090909090909,10.181818181818182,68.72727272727272
E00160444,313,68,23,45,245,27,218,21.72523961661342,7.348242811501597,14.376996805111823,78.27476038338658,8.626198083067091,69.6485623003195
E00160445,321,64,23,41,257,38,219,19.937694704049843,7.165109034267912,12.77258566978193,80.06230529595015,11.838006230529595,68.22429906542055
E00160446,208,42,14,28,166,15,151,20.192307692307693,6.730769230769231,13.461538461538462,79.8076923076923,7.211538461538461,72.59615384615384
E00160447,312,39,17,22,273,32,241,12.5,5.448717948717949,7.051282051282051,87.5,10.256410256410255,77.24358974358975
E00160448,320,58,24,34,262,37,225,18.125,7.5,10.625,81.875,11.5625,70.3125
E00160449,325,64,27,37,261,25,236,19.692307692307693,8.307692307692308,11.384615384615385,80.3076923076923,7.6923076923076925,72.61538461538461
E00160450,373,106,52,54,267,22,245,28.418230563002684,13.941018766756033,14.47721179624665,71.58176943699732,5.898123324396782,65.68364611260054
E00160451,328,48,14,34,280,18,262,14.634146341463413,4.2682926829268295,10.365853658536585,85.36585365853658,5.487804878048781,79.8780487804878
E00160452,315,58,18,40,257,18,239,18.412698412698415,5.714285714285714,12.698412698412698,81.58730158730158,5.714285714285714,75.87301587301587
E00160453,323,44,11,33,279,32,247,13.622291021671826,3.4055727554179565,10.21671826625387,86.37770897832817,9.907120743034056,76.47058823529412
E00160454,296,55,27,28,241,21,220,18.58108108108108,9.121621621621621,9.45945945945946,81.41891891891892,7.094594594594595,74.32432432432432
E00160455,241,75,36,39,166,21,145,31.12033195020747,14.937759336099585,16.182572614107883,68.87966804979253,8.71369294605809,60.16597510373444
E00160456,245,85,32,53,160,16,144,34.69387755102041,13.061224489795919,21.63265306122449,65.3061224489796,6.530612244897959,58.77551020408164
E00160457,282,74,30,44,208,27,181,26.24113475177305,10.638297872340425,15.602836879432624,73.75886524822694,9.574468085106384,64.18439716312056
E00160458,273,52,12,40,221,20,201,19.047619047619047,4.395604395604396,14.652014652014653,80.95238095238095,7.326007326007327,73.62637362637363
E00160459,408,86,34,52,322,25,297,21.07843137254902,8.333333333333332,12.745098039215685,78.92156862745098,6.127450980392156,72.79411764705883
E00160460,320,54,18,36,266,25,241,16.875,5.625,11.25,83.125,7.8125,75.3125
E00160461,146,24,8,16,122,13,109,16.43835616438356,5.47945205479452,10.95890410958904,83.56164383561644,8.904109589041095,74.65753424657534
E00160462,242,42,20,22,200,24,176,17.355371900826448,8.264462809917356,9.090909090909092,82.64462809917356,9.917355371900827,72.72727272727273
E00160463,299,44,17,27,255,23,232,14.715719063545151,5.68561872909699,9.03010033444816,85.28428093645485,7.6923076923076925,77.59197324414716
E00160464,318,42,19,23,276,16,260,13.20754716981132,5.9748427672955975,7.232704402515723,86.79245283018868,5.031446540880504,81.76100628930818
E00160465,216,27,7,20,189,27,162,12.5,3.2407407407407405,9.25925925925926,87.5,12.5,75
E00160466,505,68,28,40,437,49,388,13.465346534653467,5.544554455445545,7.920792079207921,86.53465346534654,9.702970297029703,76.83168316831683
E00160467,172,49,22,27,123,14,109,28.488372093023255,12.790697674418606,15.69767441860465,71.51162790697676,8.13953488372093,63.372093023255815
E00160468,422,79,14,65,343,26,317,18.72037914691943,3.3175355450236967,15.402843601895736,81.27962085308057,6.161137440758294,75.11848341232228
E00160469,294,52,20,32,242,25,217,17.687074829931973,6.802721088435375,10.884353741496598,82.31292517006803,8.503401360544217,73.80952380952381
E00160470,307,72,26,46,235,22,213,23.452768729641694,8.469055374592834,14.983713355048861,76.54723127035831,7.166123778501629,69.38110749185668
E00160471,277,93,38,55,184,22,162,33.57400722021661,13.718411552346572,19.855595667870034,66.4259927797834,7.9422382671480145,58.48375451263538
E00160472,330,47,20,27,283,22,261,14.242424242424242,6.0606060606060606,8.181818181818182,85.75757575757575,6.666666666666667,79.0909090909091
E00160473,297,58,24,34,239,19,220,19.52861952861953,8.080808080808081,11.447811447811448,80.47138047138047,6.397306397306397,74.07407407407408
E00160474,347,63,20,43,284,30,254,18.155619596541786,5.763688760806916,12.39193083573487,81.84438040345822,8.645533141210375,73.19884726224784
E00160475,287,69,27,42,218,24,194,24.041811846689896,9.40766550522648,14.634146341463413,75.9581881533101,8.362369337979095,67.59581881533101
E00160476,331,60,18,42,271,18,253,18.12688821752266,5.438066465256798,12.688821752265861,81.87311178247734,5.438066465256798,76.43504531722054
E00160477,276,68,31,37,208,20,188,24.637681159420293,11.231884057971014,13.405797101449277,75.36231884057972,7.246376811594203,68.11594202898551
E00160478,210,46,21,25,164,20,144,21.904761904761905,10,11.904761904761903,78.0952380952381,9.523809523809524,68.57142857142857
E00160479,245,35,12,23,210,24,186,14.285714285714285,4.8979591836734695,9.387755102040817,85.71428571428571,9.795918367346939,75.91836734693878
E00160482,307,41,10,31,266,25,241,13.355048859934854,3.257328990228013,10.097719869706841,86.64495114006515,8.143322475570033,78.50162866449512
E00160483,336,62,25,37,274,22,252,18.452380952380953,7.440476190476191,11.011904761904761,81.54761904761905,6.547619047619048,75
E00160484,299,38,4,34,261,25,236,12.709030100334449,1.3377926421404682,11.37123745819398,87.29096989966555,8.361204013377927,78.92976588628763
E00160486,230,49,15,34,181,20,161,21.304347826086957,6.521739130434782,14.782608695652174,78.69565217391305,8.695652173913043,70
E00160487,590,90,25,65,500,56,444,15.254237288135593,4.23728813559322,11.016949152542372,84.7457627118644,9.491525423728813,75.2542372881356
E00160488,292,56,19,37,236,17,219,19.17808219178082,6.506849315068493,12.67123287671233,80.82191780821918,5.821917808219178,75
E00160489,604,71,26,45,533,48,485,11.754966887417218,4.304635761589404,7.450331125827815,88.24503311258279,7.9470198675496695,80.29801324503312
E00160490,392,52,17,35,340,29,311,13.26530612244898,4.336734693877551,8.928571428571429,86.73469387755102,7.3979591836734695,79.33673469387756
E00160493,570,110,36,74,460,63,397,19.298245614035086,6.315789473684211,12.982456140350877,80.7017543859649,11.052631578947368,69.64912280701753
E00160494,298,71,35,36,227,17,210,23.825503355704697,11.74496644295302,12.080536912751679,76.1744966442953,5.704697986577181,70.46979865771812
E00160495,283,57,23,34,226,22,204,20.141342756183743,8.12720848056537,12.014134275618375,79.85865724381625,7.773851590106007,72.08480565371025
E00160496,361,86,43,43,275,30,245,23.822714681440445,11.911357340720222,11.911357340720222,76.17728531855957,8.310249307479225,67.86703601108033
E00160497,378,77,37,40,301,33,268,20.37037037037037,9.788359788359788,10.582010582010582,79.62962962962963,8.73015873015873,70.8994708994709
E00160498,283,69,37,32,214,23,191,24.381625441696116,13.074204946996467,11.307420494699647,75.61837455830388,8.12720848056537,67.49116607773851
E00160499,328,77,30,47,251,23,228,23.47560975609756,9.146341463414634,14.329268292682926,76.52439024390245,7.01219512195122,69.51219512195121
E00160500,349,63,20,43,286,26,260,18.05157593123209,5.730659025787966,12.320916905444127,81.9484240687679,7.4498567335243555,74.49856733524355
E00160502,309,94,42,52,215,21,194,30.42071197411003,13.592233009708737,16.828478964401295,69.57928802588997,6.796116504854369,62.7831715210356
E00160503,245,45,24,21,200,25,175,18.367346938775512,9.795918367346939,8.571428571428571,81.63265306122449,10.204081632653061,71.42857142857143
E00172632,316,57,19,38,259,27,232,18.037974683544302,6.012658227848101,12.025316455696203,81.9620253164557,8.544303797468354,73.41772151898735
E00172634,379,51,20,31,328,35,293,13.456464379947231,5.277044854881266,8.179419525065963,86.54353562005277,9.234828496042216,77.30870712401055
E00172635,317,57,13,44,260,36,224,17.981072555205046,4.100946372239748,13.880126182965299,82.01892744479495,11.35646687697161,70.66246056782335
E00172637,377,48,17,31,329,26,303,12.73209549071618,4.509283819628647,8.222811671087534,87.26790450928382,6.896551724137931,80.37135278514589
E00172638,331,39,9,30,292,31,261,11.782477341389729,2.719033232628399,9.06344410876133,88.21752265861026,9.365558912386707,78.85196374622356
E00172640,299,45,16,29,254,19,235,15.050167224080269,5.351170568561873,9.698996655518394,84.94983277591973,6.354515050167224,78.59531772575251
E00172643,222,33,12,21,189,20,169,14.864864864864865,5.405405405405405,9.45945945945946,85.13513513513513,9.00900900900901,76.12612612612612
E00172645,326,45,13,32,281,20,261,13.803680981595093,3.9877300613496933,9.815950920245399,86.1963190184049,6.134969325153374,80.06134969325154
E00172649,502,79,35,44,423,40,383,15.737051792828685,6.97211155378486,8.764940239043826,84.26294820717132,7.968127490039841,76.29482071713147
E00172651,320,41,12,29,279,29,250,12.812499999999998,3.75,9.0625,87.1875,9.0625,78.125
E00184728,145,32,11,21,113,13,100,22.06896551724138,7.586206896551724,14.482758620689657,77.93103448275862,8.96551724137931,68.96551724137932
E00184729,564,78,31,47,486,35,451,13.829787234042554,5.49645390070922,8.333333333333332,86.17021276595744,6.205673758865248,79.9645390070922
E00184731,193,20,8,12,173,12,161,10.362694300518134,4.145077720207254,6.217616580310881,89.63730569948186,6.217616580310881,83.41968911917098
E00184733,269,38,12,26,231,21,210,14.12639405204461,4.4609665427509295,9.66542750929368,85.87360594795538,7.806691449814126,78.06691449814126
E00184734,553,107,34,73,446,53,393,19.349005424954793,6.148282097649186,13.200723327305605,80.6509945750452,9.584086799276673,71.06690777576854
E00184735,936,201,81,120,735,69,666,21.474358974358974,8.653846153846153,12.82051282051282,78.52564102564102,7.371794871794872,71.15384615384616
E00184736,433,58,15,43,375,33,342,13.394919168591224,3.4642032332563506,9.930715935334874,86.60508083140877,7.621247113163972,78.9838337182448
E00184738,599,74,28,46,525,41,484,12.353923205342237,4.674457429048414,7.6794657762938225,87.64607679465777,6.844741235392321,80.80133555926544
E00184741,388,55,13,42,333,28,305,14.175257731958762,3.350515463917526,10.824742268041238,85.82474226804123,7.216494845360824,78.6082474226804
E00184743,168,28,7,21,140,11,129,16.666666666666664,4.166666666666666,12.5,83.33333333333334,6.547619047619048,76.78571428571429
E00184744,240,26,6,20,214,25,189,10.833333333333334,2.5,8.333333333333332,89.16666666666667,10.416666666666668,78.75
E00184748,247,31,13,18,216,22,194,12.550607287449392,5.263157894736842,7.28744939271255,87.4493927125506,8.906882591093117,78.54251012145748
E00184752,530,59,24,35,471,43,428,11.132075471698114,4.528301886792453,6.60377358490566,88.86792452830188,8.11320754716981,80.75471698113208
E00184754,302,29,10,19,273,28,245,9.602649006622517,3.3112582781456954,6.291390728476822,90.39735099337747,9.271523178807946,81.12582781456953
E00184757,288,73,37,36,215,18,197,25.34722222222222,12.847222222222221,12.5,74.65277777777779,6.25,68.40277777777779
E00184759,483,58,18,40,425,37,388,12.008281573498964,3.7267080745341614,8.281573498964804,87.99171842650104,7.6604554865424435,80.33126293995859
E00184761,189,17,3,14,172,15,157,8.994708994708994,1.5873015873015872,7.4074074074074066,91.005291005291,7.936507936507936,83.06878306878306
E00184762,278,40,8,32,238,19,219,14.388489208633093,2.877697841726619,11.510791366906476,85.61151079136691,6.83453237410072,78.77697841726618
E00184763,410,61,16,45,349,29,320,14.878048780487804,3.902439024390244,10.975609756097562,85.1219512195122,7.073170731707316,78.04878048780488
E00184765,248,51,15,36,197,17,180,20.56451612903226,6.048387096774194,14.516129032258066,79.43548387096774,6.854838709677419,72.58064516129032
E00184766,190,26,7,19,164,16,148,13.684210526315791,3.684210526315789,10,86.31578947368422,8.421052631578947,77.89473684210526
E00184770,577,104,39,65,473,55,418,18.02426343154246,6.759098786828423,11.265164644714037,81.97573656845753,9.532062391681109,72.44367417677643
E00184771,185,27,5,22,158,17,141,14.594594594594595,2.7027027027027026,11.891891891891893,85.4054054054054,9.18918918918919,76.21621621621621
E00184773,327,54,23,31,273,27,246,16.51376146788991,7.033639143730887,9.480122324159021,83.4862385321101,8.256880733944955,75.22935779816514
E00184775,119,20,6,14,99,7,92,16.80672268907563,5.042016806722689,11.76470588235294,83.19327731092437,5.88235294117647,77.31092436974791
E00184777,463,105,38,67,358,37,321,22.67818574514039,8.207343412526997,14.47084233261339,77.32181425485962,7.991360691144708,69.3304535637149
E00184779,113,23,7,16,90,6,84,20.353982300884958,6.1946902654867255,14.15929203539823,79.64601769911505,5.3097345132743365,74.33628318584071
E00184780,281,43,9,34,238,23,215,15.302491103202847,3.202846975088968,12.099644128113878,84.69750889679716,8.185053380782918,76.51245551601423
E00184781,254,14,1,13,240,22,218,5.511811023622047,0.39370078740157477,5.118110236220472,94.48818897637796,8.661417322834646,85.8267716535433
E00184783,509,57,18,39,452,61,391,11.19842829076621,3.536345776031434,7.662082514734774,88.8015717092338,11.984282907662083,76.8172888015717
E00184784,374,64,28,36,310,20,290,17.11229946524064,7.4866310160427805,9.62566844919786,82.88770053475936,5.347593582887701,77.54010695187165
E00184786,256,57,34,23,199,11,188,22.265625,13.28125,8.984375,77.734375,4.296875,73.4375
E00184789,378,37,12,25,341,31,310,9.788359788359788,3.1746031746031744,6.613756613756613,90.21164021164022,8.201058201058201,82.01058201058201
E00184790,284,29,19,10,255,8,247,10.211267605633804,6.690140845070422,3.5211267605633805,89.7887323943662,2.8169014084507045,86.97183098591549
E00184792,119,10,3,7,109,7,102,8.403361344537815,2.5210084033613445,5.88235294117647,91.59663865546219,5.88235294117647,85.71428571428571
E00184793,438,33,4,29,405,22,383,7.534246575342466,0.91324200913242,6.621004566210045,92.46575342465754,5.0228310502283104,87.44292237442922
E00184796,624,95,38,57,529,48,481,15.224358974358973,6.089743589743589,9.134615384615383,84.77564102564102,7.6923076923076925,77.08333333333334
E00184798,201,36,16,20,165,15,150,17.91044776119403,7.960199004975125,9.950248756218906,82.08955223880598,7.462686567164178,74.6268656716418
E00184799,345,58,31,27,287,35,252,16.81159420289855,8.985507246376812,7.82608695652174,83.18840579710145,10.144927536231885,73.04347826086956
E00184802,250,28,7,21,222,13,209,11.200000000000001,2.8000000000000003,8.4,88.8,5.2,83.6
E00184803,307,76,33,43,231,17,214,24.7557003257329,10.749185667752444,14.006514657980457,75.2442996742671,5.537459283387622,69.70684039087948
E00184804,296,36,14,22,260,31,229,12.162162162162163,4.72972972972973,7.4324324324324325,87.83783783783784,10.472972972972974,77.36486486486487
E00184806,297,35,18,17,262,27,235,11.784511784511785,6.0606060606060606,5.723905723905724,88.21548821548821,9.090909090909092,79.12457912457911
E00184808,197,44,18,26,153,8,145,22.33502538071066,9.137055837563452,13.19796954314721,77.66497461928934,4.060913705583756,73.60406091370558
E00184815,231,37,11,26,194,12,182,16.017316017316016,4.761904761904762,11.255411255411255,83.98268398268398,5.194805194805195,78.78787878787878
E00184820,326,37,16,21,289,26,263,11.349693251533742,4.9079754601226995,6.441717791411043,88.65030674846625,7.975460122699387,80.67484662576688
E00184821,121,16,11,5,105,10,95,13.223140495867769,9.090909090909092,4.132231404958678,86.77685950413223,8.264462809917356,78.51239669421489
E00184822,232,42,16,26,190,13,177,18.103448275862068,6.896551724137931,11.206896551724139,81.89655172413794,5.603448275862069,76.29310344827587
E00184824,486,48,14,34,438,28,410,9.876543209876543,2.880658436213992,6.995884773662551,90.12345679012346,5.761316872427984,84.36213991769547
E00184827,211,15,4,11,196,18,178,7.109004739336493,1.8957345971563981,5.213270142180095,92.89099526066352,8.530805687203792,84.36018957345972
