OA,ts0590001,ts0590002,ts0590003,ts0590004,ts0590005,ts0590006,ts0590007,ts0590002_PCT,ts0590003_PCT,ts0590004_PCT,ts0590005_PCT,ts0590006_PCT,ts0590007_PCT
E00159996,147,61,16,45,86,76,10,41.49659863945578,10.884353741496598,30.612244897959183,58.50340136054422,51.70068027210885,6.802721088435375
E00159997,68,23,10,13,45,38,7,33.82352941176471,14.705882352941178,19.11764705882353,66.17647058823529,55.88235294117647,10.294117647058822
E00159998,110,38,19,19,72,53,19,34.54545454545455,17.272727272727273,17.272727272727273,65.45454545454545,48.18181818181818,17.272727272727273
E00159999,101,34,11,23,67,47,20,33.663366336633665,10.891089108910892,22.772277227722775,66.33663366336634,46.53465346534654,19.801980198019802
E00160000,90,41,19,22,49,40,9,45.55555555555556,21.11111111111111,24.444444444444443,54.44444444444444,44.44444444444444,10
E00160001,92,41,18,23,51,38,13,44.565217391304344,19.565217391304348,25,55.434782608695656,41.30434782608695,14.130434782608695
E00160002,86,33,7,26,53,49,4,38.372093023255815,8.13953488372093,30.23255813953488,61.627906976744185,56.97674418604651,4.651162790697675
E00160003,170,50,18,32,120,98,22,29.411764705882355,10.588235294117647,18.823529411764707,70.58823529411765,57.647058823529406,12.941176470588237
E00160004,72,36,19,17,36,26,10,50,26.38888888888889,23.61111111111111,50,36.11111111111111,13.88888888888889
E00160005,99,38,14,24,61,50,11,38.38383838383838,14.14141414141414,24.242424242424242,61.61616161616161,50.505050505050505,11.11111111111111
E00160006,86,31,11,20,55,46,9,36.04651162790697,12.790697674418606,23.25581395348837,63.95348837209303,53.48837209302325,10.465116279069768
E00160007,134,48,16,32,86,76,10,35.82089552238806,11.940298507462686,23.88059701492537,64.17910447761194,56.71641791044776,7.462686567164178
E00160008,79,27,14,13,52,42,10,34.177215189873415,17.72151898734177,16.455696202531644,65.82278481012658,53.16455696202531,12.658227848101266
E00160009,73,25,13,12,48,41,7,34.24657534246575,17.80821917808219,16.43835616438356,65.75342465753424,56.16438356164384,9.58904109589041
E00160010,143,55,20,35,88,75,13,38.46153846153847,13.986013986013987,24.475524475524477,61.53846153846154,52.44755244755245,9.090909090909092
E00160011,94,32,9,23,62,51,11,34.04255319148936,9.574468085106384,24.46808510638298,65.95744680851064,54.25531914893617,11.702127659574469
E00160012,77,28,11,17,49,43,6,36.36363636363637,14.285714285714285,22.07792207792208,63.63636363636363,55.84415584415584,7.792207792207792
E00160013,87,32,11,21,55,42,13,36.7816091954023,12.643678160919542,24.137931034482758,63.2183908045977,48.275862068965516,14.942528735632186
E00160014,109,28,9,19,81,71,10,25.688073394495415,8.256880733944955,17.431192660550458,74.31192660550458,65.13761467889908,9.174311926605505
E00160015,123,46,22,24,77,60,17,37.39837398373984,17.88617886178862,19.51219512195122,62.601626016260155,48.78048780487805,13.821138211382115
E00160016,102,29,14,15,73,63,10,28.431372549019606,13.725490196078432,14.705882352941178,71.56862745098039,61.76470588235294,9.803921568627452
E00160017,103,31,9,22,72,61,11,30.097087378640776,8.737864077669903,21.35922330097087,69.90291262135922,59.22330097087378,10.679611650485436
E00160018,97,38,11,27,59,51,8,39.175257731958766,11.34020618556701,27.835051546391753,60.824742268041234,52.57731958762887,8.24742268041237
E00160019,76,41,20,21,35,28,7,53.94736842105263,26.31578947368421,27.631578947368425,46.05263157894737,36.84210526315789,9.210526315789473
E00160020,123,45,18,27,78,64,14,36.58536585365854,14.634146341463413,21.951219512195124,63.41463414634146,52.03252032520326,11.38211382113821
E00160021,138,43,18,25,95,84,11,31.15942028985507,13.043478260869565,18.115942028985508,68.84057971014492,60.86956521739131,7.971014492753622
E00160022,89,42,14,28,47,35,12,47.19101123595505,15.730337078651685,31.46067415730337,52.80898876404494,39.325842696629216,13.48314606741573
E00160023,83,31,8,23,52,43,9,37.34939759036144,9.63855421686747,27.710843373493976,62.65060240963856,51.80722891566265,10.843373493975903
E00160024,71,27,8,19,44,35,9,38.028169014084504,11.267605633802818,26.76056338028169,61.97183098591549,49.29577464788733,12.676056338028168
E00160025,96,38,16,22,58,46,12,39.58333333333333,16.666666666666664,22.916666666666664,60.416666666666664,47.91666666666667,12.5
E00160026,83,38,15,23,45,31,14,45.78313253012048,18.072289156626507,27.710843373493976,54.21686746987952,37.34939759036144,16.867469879518072
E00160027,73,38,17,21,35,27,8,52.054794520547944,23.28767123287671,28.767123287671232,47.94520547945205,36.986301369863014,10.95890410958904
E00160028,87,45,23,22,42,29,13,51.724137931034484,26.436781609195403,25.287356321839084,48.275862068965516,33.33333333333333,14.942528735632186
E00160029,103,35,13,22,68,59,9,33.980582524271846,12.62135922330097,21.35922330097087,66.01941747572816,57.28155339805825,8.737864077669903
E00160030,121,47,20,27,74,57,17,38.84297520661157,16.528925619834713,22.31404958677686,61.15702479338842,47.107438016528924,14.049586776859504
E00160031,128,54,22,32,74,51,23,42.1875,17.1875,25,57.8125,39.84375,17.96875
E00160032,272,85,33,52,187,153,34,31.25,12.132352941176471,19.11764705882353,68.75,56.25,12.5
E00160033,121,42,14,28,79,72,7,34.710743801652896,11.570247933884298,23.140495867768596,65.28925619834712,59.50413223140496,5.785123966942149
E00160034,114,44,22,22,70,54,16,38.59649122807017,19.298245614035086,19.298245614035086,61.40350877192983,47.368421052631575,14.035087719298245
E00160035,92,35,16,19,57,41,16,38.04347826086957,17.391304347826086,20.652173913043477,61.95652173913043,44.565217391304344,17.391304347826086
E00160037,160,53,26,27,107,87,20,33.125,16.25,16.875,66.875,54.37499999999999,12.5
E00160038,168,59,20,39,109,88,21,35.11904761904761,11.904761904761903,23.214285714285715,64.88095238095238,52.38095238095239,12.5
E00160040,111,27,11,16,84,72,12,24.324324324324326,9.90990990990991,14.414414414414415,75.67567567567568,64.86486486486487,10.81081081081081
E00160041,86,32,16,16,54,46,8,37.2093023255814,18.6046511627907,18.6046511627907,62.7906976744186,53.48837209302325,9.30232558139535
E00160042,345,95,27,68,250,211,39,27.536231884057973,7.82608695652174,19.710144927536234,72.46376811594203,61.15942028985507,11.304347826086957
E00160043,136,51,18,33,85,71,14,37.5,13.23529411764706,24.264705882352942,62.5,52.20588235294118,10.294117647058822
E00160044,77,31,15,16,46,29,17,40.25974025974026,19.480519480519483,20.77922077922078,59.74025974025974,37.66233766233766,22.07792207792208
E00160045,126,48,13,35,78,67,11,38.095238095238095,10.317460317460316,27.77777777777778,61.904761904761905,53.17460317460318,8.73015873015873
E00160046,140,54,16,38,86,80,6,38.57142857142858,11.428571428571429,27.142857142857142,61.42857142857143,57.14285714285714,4.285714285714286
E00160047,127,37,14,23,90,76,14,29.133858267716533,11.023622047244094,18.11023622047244,70.86614173228347,59.84251968503938,11.023622047244094
E00160048,142,53,12,41,89,73,16,37.32394366197183,8.450704225352112,28.87323943661972,62.676056338028175,51.40845070422535,11.267605633802818
E00160049,110,42,17,25,68,59,9,38.18181818181819,15.454545454545453,22.727272727272727,61.81818181818181,53.63636363636364,8.181818181818182
E00160050,138,54,21,33,84,70,14,39.130434782608695,15.217391304347828,23.91304347826087,60.86956521739131,50.72463768115942,10.144927536231885
E00160051,151,57,21,36,94,81,13,37.74834437086093,13.90728476821192,23.841059602649008,62.251655629139066,53.64238410596026,8.609271523178808
E00160052,73,30,15,15,43,37,6,41.0958904109589,20.54794520547945,20.54794520547945,58.9041095890411,50.68493150684932,8.21917808219178
E00160053,164,59,18,41,105,89,16,35.97560975609756,10.975609756097562,25,64.02439024390245,54.268292682926834,9.75609756097561
E00160054,112,40,21,19,72,58,14,35.714285714285715,18.75,16.964285714285715,64.28571428571429,51.78571428571429,12.5
E00160055,97,32,16,16,65,46,19,32.98969072164948,16.49484536082474,16.49484536082474,67.0103092783505,47.42268041237113,19.587628865979383
E00160056,142,58,28,30,84,73,11,40.845070422535215,19.718309859154928,21.12676056338028,59.154929577464785,51.40845070422535,7.746478873239436
E00160057,107,37,21,16,70,54,16,34.57943925233645,19.626168224299064,14.953271028037381,65.42056074766354,50.467289719626166,14.953271028037381
E00160058,115,41,15,26,74,60,14,35.65217391304348,13.043478260869565,22.608695652173914,64.34782608695652,52.17391304347826,12.173913043478262
E00160059,95,34,18,16,61,49,12,35.78947368421053,18.947368421052634,16.842105263157894,64.21052631578948,51.578947368421055,12.631578947368421
E00160060,99,32,18,14,67,44,23,32.323232323232325,18.181818181818183,14.14141414141414,67.67676767676768,44.44444444444444,23.232323232323232
E00160061,85,27,14,13,58,40,18,31.76470588235294,16.470588235294116,15.294117647058824,68.23529411764706,47.05882352941176,21.176470588235293
E00160062,107,35,15,20,72,59,13,32.71028037383177,14.018691588785046,18.69158878504673,67.28971962616822,55.140186915887845,12.149532710280374
E00160063,93,36,18,18,57,44,13,38.70967741935484,19.35483870967742,19.35483870967742,61.29032258064516,47.31182795698925,13.978494623655912
E00160064,132,48,14,34,84,66,18,36.36363636363637,10.606060606060606,25.757575757575758,63.63636363636363,50,13.636363636363635
E00160065,131,48,19,29,83,68,15,36.6412213740458,14.50381679389313,22.137404580152673,63.358778625954194,51.908396946564885,11.450381679389313
E00160066,157,63,26,37,94,79,15,40.12738853503185,16.560509554140125,23.56687898089172,59.87261146496815,50.318471337579616,9.554140127388536
E00160067,169,60,19,41,109,85,24,35.50295857988166,11.242603550295858,24.2603550295858,64.49704142011834,50.29585798816568,14.201183431952662
E00160068,90,28,10,18,62,47,15,31.11111111111111,11.11111111111111,20,68.88888888888889,52.22222222222223,16.666666666666664
E00160069,77,21,6,15,56,40,16,27.27272727272727,7.792207792207792,19.480519480519483,72.72727272727273,51.94805194805194,20.77922077922078
E00160070,69,27,10,17,42,30,12,39.130434782608695,14.492753623188406,24.637681159420293,60.86956521739131,43.47826086956522,17.391304347826086
E00160071,175,58,24,34,117,90,27,33.14285714285714,13.714285714285715,19.428571428571427,66.85714285714286,51.42857142857142,15.428571428571427
E00160072,82,33,17,16,49,40,9,40.243902439024396,20.73170731707317,19.51219512195122,59.756097560975604,48.78048780487805,10.975609756097562
E00160073,176,56,19,37,120,95,25,31.818181818181817,10.795454545454545,21.022727272727273,68.18181818181817,53.97727272727273,14.204545454545455
E00160074,219,69,21,48,150,129,21,31.506849315068493,9.58904109589041,21.91780821917808,68.4931506849315,58.9041095890411,9.58904109589041
E00160075,85,24,8,16,61,52,9,28.235294117647058,9.411764705882353,18.823529411764707,71.76470588235294,61.1764705882353,10.588235294117647
E00160076,299,85,21,64,214,178,36,28.428093645484946,7.023411371237458,21.40468227424749,71.57190635451505,59.53177257525084,12.040133779264215
E00160077,202,65,22,43,137,104,33,32.17821782178218,10.891089108910892,21.287128712871286,67.82178217821783,51.48514851485149,16.33663366336634
E00160078,86,36,12,24,50,43,7,41.86046511627907,13.953488372093023,27.906976744186046,58.139534883720934,50,8.13953488372093
E00160079,159,59,31,28,100,68,32,37.10691823899371,19.49685534591195,17.61006289308176,62.893081761006286,42.76729559748428,20.125786163522015
E00160080,161,64,29,35,97,79,18,39.75155279503105,18.012422360248447,21.73913043478261,60.24844720496895,49.06832298136646,11.180124223602485
E00160081,246,72,21,51,174,136,38,29.268292682926827,8.536585365853659,20.73170731707317,70.73170731707317,55.28455284552846,15.447154471544716
E00160083,230,78,27,51,152,134,18,33.91304347826087,11.73913043478261,22.17391304347826,66.08695652173913,58.26086956521739,7.82608695652174
E00160084,192,64,20,44,128,108,20,33.33333333333333,10.416666666666668,22.916666666666664,66.66666666666666,56.25,10.416666666666668
E00160086,147,45,15,30,102,79,23,30.612244897959183,10.204081632653061,20.408163265306122,69.38775510204081,53.74149659863946,15.646258503401361
E00160087,172,57,22,35,115,89,26,33.13953488372093,12.790697674418606,20.348837209302324,66.86046511627907,51.74418604651163,15.11627906976744
E00160088,148,53,21,32,95,78,17,35.810810810810814,14.18918918918919,21.62162162162162,64.1891891891892,52.702702702702695,11.486486486486488
E00160089,149,52,22,30,97,76,21,34.899328859060404,14.76510067114094,20.13422818791946,65.1006711409396,51.006711409395976,14.093959731543624
E00160090,126,43,16,27,83,70,13,34.12698412698413,12.698412698412698,21.428571428571427,65.87301587301587,55.55555555555556,10.317460317460316
E00160091,176,56,15,41,120,96,24,31.818181818181817,8.522727272727272,23.295454545454543,68.18181818181817,54.54545454545454,13.636363636363635
E00160092,144,43,14,29,101,88,13,29.86111111111111,9.722222222222223,20.13888888888889,70.13888888888889,61.111111111111114,9.027777777777777
E00160093,167,56,25,31,111,95,16,33.532934131736525,14.97005988023952,18.562874251497004,66.46706586826348,56.886227544910184,9.580838323353294
E00160094,213,80,34,46,133,111,22,37.558685446009385,15.96244131455399,21.5962441314554,62.441314553990615,52.112676056338024,10.328638497652582
E00160095,176,54,25,29,122,83,39,30.681818181818183,14.204545454545455,16.477272727272727,69.31818181818183,47.159090909090914,22.15909090909091
E00160096,147,53,25,28,94,70,24,36.054421768707485,17.006802721088434,19.047619047619047,63.94557823129252,47.61904761904761,16.3265306122449
E00160097,255,88,32,56,167,138,29,34.509803921568626,12.549019607843137,21.96078431372549,65.49019607843137,54.11764705882353,11.372549019607844
E00160098,167,56,19,37,111,102,9,33.532934131736525,11.377245508982035,22.15568862275449,66.46706586826348,61.07784431137725,5.389221556886228
E00160099,106,34,8,26,72,61,11,32.075471698113205,7.547169811320755,24.528301886792452,67.9245283018868,57.54716981132076,10.377358490566039
E00160100,85,40,16,24,45,38,7,47.05882352941176,18.823529411764707,28.235294117647058,52.94117647058824,44.70588235294118,8.235294117647058
E00160101,129,51,17,34,78,65,13,39.53488372093023,13.178294573643413,26.356589147286826,60.46511627906976,50.3875968992248,10.077519379844961
E00160102,80,19,13,6,61,49,12,23.75,16.25,7.5,76.25,61.25000000000001,15
E00160103,148,57,26,31,91,77,14,38.513513513513516,17.56756756756757,20.945945945945947,61.48648648648649,52.02702702702703,9.45945945945946
E00160104,109,33,19,14,76,66,10,30.275229357798167,17.431192660550458,12.844036697247708,69.72477064220183,60.550458715596335,9.174311926605505
E00160105,111,42,14,28,69,61,8,37.83783783783784,12.612612612612612,25.225225225225223,62.16216216216216,54.95495495495496,7.207207207207207
E00160106,156,40,14,26,116,99,17,25.64102564102564,8.974358974358974,16.666666666666664,74.35897435897436,63.46153846153846,10.897435897435898
E00160107,76,19,10,9,57,49,8,25,13.157894736842104,11.842105263157894,75,64.47368421052632,10.526315789473683
E00160108,113,28,9,19,85,67,18,24.778761061946902,7.964601769911504,16.8141592920354,75.22123893805309,59.29203539823009,15.929203539823009
E00160109,129,47,14,33,82,71,11,36.434108527131784,10.852713178294573,25.581395348837212,63.565891472868216,55.03875968992248,8.527131782945736
E00160110,100,34,14,20,66,55,11,34,14.000000000000002,20,66,55.00000000000001,11
E00160111,148,62,24,38,86,75,11,41.891891891891895,16.216216216216218,25.675675675675674,58.108108108108105,50.67567567567568,7.4324324324324325
E00160112,150,60,21,39,90,78,12,40,14.000000000000002,26,60,52,8
E00160113,121,47,16,31,74,64,10,38.84297520661157,13.223140495867769,25.6198347107438,61.15702479338842,52.892561983471076,8.264462809917356
E00160114,95,35,13,22,60,51,9,36.84210526315789,13.684210526315791,23.157894736842106,63.1578947368421,53.68421052631579,9.473684210526317
E00160115,151,57,23,34,94,84,10,37.74834437086093,15.2317880794702,22.516556291390728,62.251655629139066,55.62913907284768,6.622516556291391
E00160116,102,43,14,29,59,54,5,42.15686274509804,13.725490196078432,28.431372549019606,57.84313725490197,52.94117647058824,4.901960784313726
E00160117,173,56,14,42,117,94,23,32.369942196531795,8.092485549132949,24.277456647398843,67.63005780346822,54.33526011560693,13.294797687861271
E00160118,177,66,21,45,111,92,19,37.28813559322034,11.864406779661017,25.423728813559322,62.71186440677966,51.9774011299435,10.734463276836157
E00160119,107,34,12,22,73,60,13,31.775700934579437,11.214953271028037,20.5607476635514,68.22429906542055,56.074766355140184,12.149532710280374
E00160120,171,58,24,34,113,95,18,33.91812865497076,14.035087719298245,19.883040935672515,66.08187134502924,55.55555555555556,10.526315789473683
E00160121,168,55,21,34,113,91,22,32.73809523809524,12.5,20.238095238095237,67.26190476190477,54.166666666666664,13.095238095238097
E00160122,193,73,21,52,120,103,17,37.82383419689119,10.880829015544041,26.94300518134715,62.17616580310881,53.36787564766839,8.808290155440414
E00160123,158,58,19,39,100,84,16,36.708860759493675,12.025316455696203,24.68354430379747,63.29113924050633,53.16455696202531,10.126582278481013
E00160124,155,54,28,26,101,83,18,34.83870967741935,18.064516129032256,16.7741935483871,65.16129032258064,53.5483870967742,11.612903225806452
E00160125,205,68,29,39,137,122,15,33.170731707317074,14.146341463414632,19.024390243902438,66.82926829268293,59.512195121951216,7.317073170731707
E00160127,306,82,22,60,224,193,31,26.797385620915033,7.18954248366013,19.607843137254903,73.20261437908496,63.0718954248366,10.130718954248366
E00160128,235,73,32,41,162,147,15,31.06382978723404,13.617021276595745,17.4468085106383,68.93617021276596,62.5531914893617,6.382978723404255
E00160129,136,41,12,29,95,81,14,30.14705882352941,8.823529411764707,21.323529411764707,69.85294117647058,59.55882352941176,10.294117647058822
E00160130,156,61,18,43,95,79,16,39.1025641025641,11.538461538461538,27.564102564102566,60.89743589743589,50.641025641025635,10.256410256410255
E00160131,177,66,23,43,111,95,16,37.28813559322034,12.994350282485875,24.293785310734464,62.71186440677966,53.672316384180796,9.03954802259887
E00160132,168,51,15,36,117,100,17,30.357142857142854,8.928571428571429,21.428571428571427,69.64285714285714,59.523809523809526,10.119047619047619
E00160133,188,59,26,33,129,118,11,31.382978723404253,13.829787234042554,17.5531914893617,68.61702127659575,62.76595744680851,5.851063829787234
E00160134,165,49,15,34,116,103,13,29.6969696969697,9.090909090909092,20.606060606060606,70.3030303030303,62.42424242424243,7.878787878787878
E00160135,150,54,21,33,96,80,16,36,14.000000000000002,22,64,53.333333333333336,10.666666666666668
E00160136,119,41,17,24,78,69,9,34.45378151260504,14.285714285714285,20.168067226890756,65.54621848739495,57.98319327731093,7.563025210084033
E00160137,68,21,10,11,47,44,3,30.88235294117647,14.705882352941178,16.176470588235293,69.11764705882352,64.70588235294117,4.411764705882353
E00160138,127,48,18,30,79,61,18,37.79527559055118,14.173228346456693,23.62204724409449,62.20472440944882,48.031496062992126,14.173228346456693
E00160139,143,44,17,27,99,88,11,30.76923076923077,11.888111888111888,18.88111888111888,69.23076923076923,61.53846153846154,7.6923076923076925
E00160140,94,33,7,26,61,52,9,35.1063829787234,7.446808510638298,27.659574468085108,64.8936170212766,55.319148936170215,9.574468085106384
E00160141,166,47,15,32,119,100,19,28.313253012048197,9.036144578313253,19.27710843373494,71.6867469879518,60.24096385542169,11.44578313253012
E00160142,110,29,8,21,81,71,10,26.36363636363636,7.2727272727272725,19.090909090909093,73.63636363636363,64.54545454545455,9.090909090909092
E00160143,155,47,8,39,108,86,22,30.32258064516129,5.161290322580645,25.161290322580644,69.6774193548387,55.483870967741936,14.193548387096774
E00160144,244,76,22,54,168,148,20,31.147540983606557,9.01639344262295,22.131147540983605,68.85245901639344,60.65573770491803,8.19672131147541
E00160145,158,53,16,37,105,85,20,33.54430379746836,10.126582278481013,23.417721518987342,66.45569620253164,53.79746835443038,12.658227848101266
E00160146,117,28,14,14,89,77,12,23.931623931623932,11.965811965811966,11.965811965811966,76.06837606837607,65.8119658119658,10.256410256410255
E00160147,152,53,9,44,99,85,14,34.868421052631575,5.921052631578947,28.947368421052634,65.13157894736842,55.92105263157895,9.210526315789473
E00160148,158,57,22,35,101,86,15,36.075949367088604,13.924050632911392,22.151898734177212,63.92405063291139,54.43037974683544,9.49367088607595
E00160149,255,88,31,57,167,142,25,34.509803921568626,12.156862745098039,22.35294117647059,65.49019607843137,55.68627450980392,9.803921568627452
E00160150,129,51,17,34,78,71,7,39.53488372093023,13.178294573643413,26.356589147286826,60.46511627906976,55.03875968992248,5.426356589147287
E00160152,148,41,9,32,107,87,20,27.7027027027027,6.081081081081082,21.62162162162162,72.2972972972973,58.78378378378378,13.513513513513514
E00160153,105,40,18,22,65,54,11,38.095238095238095,17.142857142857142,20.952380952380953,61.904761904761905,51.42857142857142,10.476190476190476
E00160154,144,56,13,43,88,72,16,38.88888888888889,9.027777777777777,29.86111111111111,61.111111111111114,50,11.11111111111111
E00160155,169,62,19,43,107,98,9,36.68639053254438,11.242603550295858,25.443786982248522,63.31360946745562,57.98816568047337,5.325443786982249
E00160156,110,41,14,27,69,63,6,37.27272727272727,12.727272727272727,24.545454545454547,62.727272727272734,57.27272727272727,5.454545454545454
E00160157,182,45,13,32,137,118,19,24.725274725274726,7.142857142857142,17.582417582417584,75.27472527472527,64.83516483516483,10.43956043956044
E00160158,204,74,25,49,130,111,19,36.27450980392157,12.254901960784313,24.019607843137255,63.725490196078425,54.41176470588235,9.313725490196079
E00160159,144,64,17,47,80,66,14,44.44444444444444,11.805555555555555,32.63888888888889,55.55555555555556,45.83333333333333,9.722222222222223
E00160160,97,33,10,23,64,56,8,34.02061855670103,10.309278350515463,23.711340206185564,65.97938144329896,57.73195876288659,8.24742268041237
E00160161,45,23,7,16,22,22,0,51.11111111111111,15.555555555555555,35.55555555555556,48.888888888888886,48.888888888888886,0
E00160162,53,17,10,7,36,28,8,32.075471698113205,18.867924528301888,13.20754716981132,67.9245283018868,52.83018867924528,15.09433962264151
E00160163,90,41,19,22,49,41,8,45.55555555555556,21.11111111111111,24.444444444444443,54.44444444444444,45.55555555555556,8.88888888888889
E00160164,98,33,18,15,65,46,19,33.6734693877551,18.367346938775512,15.306122448979592,66.3265306122449,46.93877551020408,19.387755102040817
E00160165,100,38,16,22,62,54,8,38,16,22,62,54,8
E00160166,101,34,6,28,67,53,14,33.663366336633665,5.9405940594059405,27.722772277227726,66.33663366336634,52.475247524752476,13.861386138613863
E00160167,129,46,17,29,83,62,21,35.65891472868217,13.178294573643413,22.48062015503876,64.34108527131784,48.06201550387597,16.27906976744186
E00160168,103,44,22,22,59,50,9,42.71844660194174,21.35922330097087,21.35922330097087,57.28155339805825,48.54368932038835,8.737864077669903
E00160169,136,42,12,30,94,79,15,30.88235294117647,8.823529411764707,22.058823529411764,69.11764705882352,58.08823529411765,11.029411764705882
E00160170,135,42,17,25,93,85,8,31.11111111111111,12.592592592592592,18.51851851851852,68.88888888888889,62.96296296296296,5.9259259259259265
E00160171,144,59,20,39,85,76,9,40.97222222222222,13.88888888888889,27.083333333333332,59.02777777777778,52.77777777777778,6.25
E00160172,115,45,15,30,70,58,12,39.130434782608695,13.043478260869565,26.08695652173913,60.86956521739131,50.43478260869565,10.434782608695652
E00160173,64,27,9,18,37,32,5,42.1875,14.0625,28.125,57.8125,50,7.8125
E00160174,157,55,23,32,102,91,11,35.03184713375796,14.64968152866242,20.382165605095544,64.96815286624204,57.961783439490446,7.006369426751593
E00160175,145,43,16,27,102,85,17,29.655172413793103,11.03448275862069,18.620689655172416,70.34482758620689,58.620689655172406,11.724137931034482
E00160176,108,42,10,32,66,52,14,38.88888888888889,9.25925925925926,29.629629629629626,61.111111111111114,48.148148148148145,12.962962962962962
E00160177,96,38,23,15,58,44,14,39.58333333333333,23.958333333333336,15.625,60.416666666666664,45.83333333333333,14.583333333333334
E00160178,84,24,11,13,60,52,8,28.57142857142857,13.095238095238097,15.476190476190476,71.42857142857143,61.904761904761905,9.523809523809524
E00160179,98,30,15,15,68,57,11,30.612244897959183,15.306122448979592,15.306122448979592,69.38775510204081,58.16326530612245,11.224489795918368
E00160180,98,37,18,19,61,53,8,37.755102040816325,18.367346938775512,19.387755102040817,62.244897959183675,54.08163265306123,8.16326530612245
E00160181,47,20,8,12,27,18,9,42.5531914893617,17.02127659574468,25.53191489361702,57.446808510638306,38.297872340425535,19.148936170212767
E00160182,79,33,15,18,46,38,8,41.77215189873418,18.9873417721519,22.78481012658228,58.22784810126582,48.10126582278481,10.126582278481013
E00160183,141,59,25,34,82,57,25,41.843971631205676,17.73049645390071,24.113475177304963,58.156028368794324,40.42553191489361,17.73049645390071
E00160184,124,53,34,19,71,52,19,42.74193548387097,27.419354838709676,15.32258064516129,57.25806451612904,41.935483870967744,15.32258064516129
E00160185,47,17,3,14,30,26,4,36.17021276595745,6.382978723404255,29.78723404255319,63.829787234042556,55.319148936170215,8.51063829787234
E00160186,86,37,14,23,49,35,14,43.02325581395349,16.27906976744186,26.744186046511626,56.97674418604651,40.69767441860465,16.27906976744186
E00160187,136,54,13,41,82,65,17,39.705882352941174,9.558823529411764,30.14705882352941,60.29411764705882,47.794117647058826,12.5
E00160188,121,47,21,26,74,56,18,38.84297520661157,17.355371900826448,21.487603305785125,61.15702479338842,46.28099173553719,14.87603305785124
E00160189,134,55,30,25,79,70,9,41.04477611940299,22.388059701492537,18.65671641791045,58.95522388059702,52.23880597014925,6.7164179104477615
E00160191,149,38,14,24,111,89,22,25.503355704697988,9.395973154362416,16.10738255033557,74.49664429530202,59.73154362416108,14.76510067114094
E00160192,139,35,8,27,104,91,13,25.179856115107913,5.755395683453238,19.424460431654676,74.82014388489209,65.46762589928058,9.352517985611511
E00160193,199,75,27,48,124,110,14,37.68844221105528,13.5678391959799,24.120603015075375,62.311557788944725,55.27638190954774,7.035175879396985
E00160194,148,54,15,39,94,74,20,36.486486486486484,10.135135135135135,26.351351351351347,63.51351351351351,50,13.513513513513514
E00160195,158,50,18,32,108,91,17,31.645569620253166,11.39240506329114,20.253164556962027,68.35443037974683,57.59493670886076,10.759493670886076
E00160196,144,51,18,33,93,80,13,35.41666666666667,12.5,22.916666666666664,64.58333333333334,55.55555555555556,9.027777777777777
E00160197,97,42,12,30,55,51,4,43.29896907216495,12.371134020618557,30.927835051546392,56.70103092783505,52.57731958762887,4.123711340206185
E00160198,92,41,13,28,51,41,10,44.565217391304344,14.130434782608695,30.434782608695656,55.434782608695656,44.565217391304344,10.869565217391305
E00160199,99,41,17,24,58,52,6,41.41414141414141,17.17171717171717,24.242424242424242,58.58585858585859,52.52525252525253,6.0606060606060606
E00160200,99,41,11,30,58,53,5,41.41414141414141,11.11111111111111,30.303030303030305,58.58585858585859,53.535353535353536,5.05050505050505
E00160201,98,31,19,12,67,61,6,31.63265306122449,19.387755102040817,12.244897959183673,68.36734693877551,62.244897959183675,6.122448979591836
E00160202,141,58,22,36,83,64,19,41.13475177304964,15.602836879432624,25.53191489361702,58.86524822695035,45.39007092198582,13.47517730496454
E00160203,60,27,15,12,33,19,14,45,25,20,55.00000000000001,31.666666666666664,23.333333333333332
E00160204,135,46,19,27,89,75,14,34.074074074074076,14.074074074074074,20,65.92592592592592,55.55555555555556,10.37037037037037
E00160205,132,41,15,26,91,74,17,31.060606060606062,11.363636363636363,19.696969696969695,68.93939393939394,56.060606060606055,12.878787878787879
E00160206,148,56,18,38,92,84,8,37.83783783783784,12.162162162162163,25.675675675675674,62.16216216216216,56.75675675675676,5.405405405405405
E00160207,116,51,16,35,65,57,8,43.96551724137931,13.793103448275861,30.17241379310345,56.03448275862068,49.137931034482754,6.896551724137931
E00160208,62,27,10,17,35,35,0,43.54838709677419,16.129032258064516,27.419354838709676,56.451612903225815,56.451612903225815,0
E00160209,88,32,15,17,56,44,12,36.36363636363637,17.045454545454543,19.318181818181817,63.63636363636363,50,13.636363636363635
E00160210,115,47,24,23,68,49,19,40.869565217391305,20.869565217391305,20,59.130434782608695,42.608695652173914,16.52173913043478
E00160211,128,41,17,24,87,71,16,32.03125,13.28125,18.75,67.96875,55.46875,12.5
E00160212,109,31,15,16,78,66,12,28.440366972477065,13.761467889908257,14.678899082568808,71.55963302752293,60.550458715596335,11.009174311926607
E00160213,120,47,24,23,73,60,13,39.166666666666664,20,19.166666666666668,60.83333333333333,50,10.833333333333334
E00160215,256,80,24,56,176,138,38,31.25,9.375,21.875,68.75,53.90625,14.84375
E00160218,109,49,21,28,60,48,12,44.95412844036697,19.26605504587156,25.688073394495415,55.04587155963303,44.03669724770643,11.009174311926607
E00160219,119,47,17,30,72,59,13,39.49579831932773,14.285714285714285,25.210084033613445,60.50420168067227,49.57983193277311,10.92436974789916
E00160220,163,55,17,38,108,88,20,33.74233128834356,10.429447852760736,23.31288343558282,66.25766871165644,53.987730061349694,12.269938650306749
E00160221,98,41,18,23,57,44,13,41.83673469387755,18.367346938775512,23.46938775510204,58.16326530612245,44.89795918367347,13.26530612244898
E00160222,78,23,8,15,55,46,9,29.48717948717949,10.256410256410255,19.230769230769234,70.51282051282051,58.97435897435898,11.538461538461538
E00160223,76,28,8,20,48,37,11,36.84210526315789,10.526315789473683,26.31578947368421,63.1578947368421,48.68421052631579,14.473684210526317
E00160224,105,34,21,13,71,64,7,32.38095238095238,20,12.380952380952381,67.61904761904762,60.952380952380956,6.666666666666667
E00160225,197,64,26,38,133,107,26,32.48730964467005,13.19796954314721,19.289340101522843,67.51269035532995,54.314720812182735,13.19796954314721
E00160226,100,34,13,21,66,59,7,34,13,21,66,59,7.000000000000001
E00160227,112,47,22,25,65,59,6,41.964285714285715,19.642857142857142,22.321428571428573,58.03571428571429,52.67857142857143,5.357142857142857
E00160228,90,35,8,27,55,47,8,38.88888888888889,8.88888888888889,30,61.111111111111114,52.22222222222223,8.88888888888889
E00160229,95,33,16,17,62,55,7,34.73684210526316,16.842105263157894,17.894736842105264,65.26315789473685,57.89473684210527,7.368421052631578
E00160230,106,39,19,20,67,51,16,36.79245283018868,17.92452830188679,18.867924528301888,63.20754716981132,48.113207547169814,15.09433962264151
E00160231,132,41,13,28,91,73,18,31.060606060606062,9.848484848484848,21.21212121212121,68.93939393939394,55.3030303030303,13.636363636363635
E00160232,95,42,18,24,53,49,4,44.21052631578947,18.947368421052634,25.263157894736842,55.78947368421052,51.578947368421055,4.2105263157894735
E00160233,71,31,16,15,40,35,5,43.66197183098591,22.535211267605636,21.12676056338028,56.33802816901409,49.29577464788733,7.042253521126761
E00160234,105,44,21,23,61,52,9,41.904761904761905,20,21.904761904761905,58.0952380952381,49.523809523809526,8.571428571428571
E00160235,91,30,14,16,61,52,9,32.967032967032964,15.384615384615385,17.582417582417584,67.03296703296702,57.14285714285714,9.89010989010989
E00160236,93,33,20,13,60,49,11,35.483870967741936,21.50537634408602,13.978494623655912,64.51612903225806,52.68817204301075,11.827956989247312
E00160237,56,30,14,16,26,22,4,53.57142857142857,25,28.57142857142857,46.42857142857143,39.285714285714285,7.142857142857142
E00160238,101,39,17,22,62,55,7,38.613861386138616,16.831683168316832,21.782178217821784,61.386138613861384,54.45544554455446,6.9306930693069315
E00160239,137,54,30,24,83,66,17,39.416058394160586,21.897810218978105,17.51824817518248,60.58394160583942,48.175182481751825,12.408759124087592
E00160240,68,19,7,12,49,41,8,27.941176470588236,10.294117647058822,17.647058823529413,72.05882352941177,60.29411764705882,11.76470588235294
E00160241,112,41,16,25,71,58,13,36.607142857142854,14.285714285714285,22.321428571428573,63.39285714285714,51.78571428571429,11.607142857142858
E00160242,105,37,16,21,68,54,14,35.23809523809524,15.238095238095239,20,64.76190476190476,51.42857142857142,13.333333333333334
E00160243,143,48,19,29,95,73,22,33.56643356643357,13.286713286713287,20.27972027972028,66.43356643356644,51.048951048951054,15.384615384615385
E00160244,102,35,14,21,67,55,12,34.31372549019608,13.725490196078432,20.588235294117645,65.68627450980392,53.92156862745098,11.76470588235294
E00160245,149,67,24,43,82,66,16,44.966442953020135,16.10738255033557,28.859060402684566,55.033557046979865,44.29530201342282,10.738255033557047
E00160246,76,32,18,14,44,35,9,42.10526315789473,23.684210526315788,18.421052631578945,57.89473684210527,46.05263157894737,11.842105263157894
E00160247,100,32,15,17,68,58,10,32,15,17,68,57.99999999999999,10
E00160248,116,44,21,23,72,57,15,37.93103448275862,18.103448275862068,19.82758620689655,62.06896551724138,49.137931034482754,12.931034482758621
E00160249,193,59,12,47,134,118,16,30.569948186528496,6.217616580310881,24.352331606217618,69.43005181347151,61.13989637305699,8.290155440414509
E00160250,162,40,12,28,122,107,15,24.691358024691358,7.4074074074074066,17.28395061728395,75.30864197530865,66.0493827160494,9.25925925925926
E00160251,166,51,16,35,115,107,8,30.72289156626506,9.63855421686747,21.084337349397593,69.27710843373494,64.45783132530121,4.819277108433735
E00160252,100,28,8,20,72,67,5,28.000000000000004,8,20,72,67,5
E00160253,91,41,18,23,50,44,6,45.05494505494506,19.78021978021978,25.274725274725274,54.94505494505495,48.35164835164835,6.593406593406594
E00160254,166,42,14,28,124,110,14,25.301204819277107,8.433734939759036,16.867469879518072,74.69879518072288,66.26506024096386,8.433734939759036
E00160255,128,65,20,45,63,54,9,50.78125,15.625,35.15625,49.21875,42.1875,7.03125
E00160256,120,45,13,32,75,67,8,37.5,10.833333333333334,26.666666666666668,62.5,55.833333333333336,6.666666666666667
E00160257,117,34,13,21,83,72,11,29.059829059829063,11.11111111111111,17.94871794871795,70.94017094017094,61.53846153846154,9.401709401709402
E00160258,177,67,21,46,110,90,20,37.85310734463277,11.864406779661017,25.98870056497175,62.14689265536724,50.847457627118644,11.299435028248588
E00160259,121,37,13,24,84,68,16,30.57851239669421,10.743801652892563,19.834710743801654,69.42148760330579,56.19834710743802,13.223140495867769
E00160260,152,58,16,42,94,81,13,38.15789473684211,10.526315789473683,27.631578947368425,61.8421052631579,53.289473684210535,8.552631578947368
E00160261,113,44,11,33,69,58,11,38.93805309734513,9.734513274336283,29.20353982300885,61.06194690265486,51.32743362831859,9.734513274336283
E00160262,151,44,18,26,107,94,13,29.13907284768212,11.920529801324504,17.218543046357617,70.86092715231787,62.251655629139066,8.609271523178808
E00160263,152,54,15,39,98,86,12,35.526315789473685,9.868421052631579,25.657894736842106,64.47368421052632,56.57894736842105,7.894736842105263
E00160264,191,52,14,38,139,122,17,27.225130890052355,7.329842931937172,19.895287958115183,72.77486910994764,63.87434554973822,8.900523560209423
E00160265,164,51,17,34,113,99,14,31.097560975609756,10.365853658536585,20.73170731707317,68.90243902439023,60.36585365853659,8.536585365853659
E00160266,146,43,19,24,103,90,13,29.45205479452055,13.013698630136986,16.43835616438356,70.54794520547945,61.64383561643836,8.904109589041095
E00160267,126,31,16,15,95,81,14,24.6031746031746,12.698412698412698,11.904761904761903,75.39682539682539,64.28571428571429,11.11111111111111
E00160268,175,36,16,20,139,124,15,20.57142857142857,9.142857142857142,11.428571428571429,79.42857142857143,70.85714285714285,8.571428571428571
E00160269,130,37,8,29,93,82,11,28.46153846153846,6.153846153846154,22.30769230769231,71.53846153846153,63.07692307692307,8.461538461538462
E00160270,230,47,19,28,183,165,18,20.434782608695652,8.26086956521739,12.173913043478262,79.56521739130434,71.73913043478261,7.82608695652174
E00160271,93,38,13,25,55,50,5,40.86021505376344,13.978494623655912,26.881720430107524,59.13978494623656,53.76344086021505,5.376344086021505
E00160273,61,13,2,11,48,46,2,21.311475409836063,3.278688524590164,18.0327868852459,78.68852459016394,75.40983606557377,3.278688524590164
E00160275,64,21,14,7,43,41,2,32.8125,21.875,10.9375,67.1875,64.0625,3.125
E00160276,58,17,6,11,41,34,7,29.310344827586203,10.344827586206897,18.96551724137931,70.6896551724138,58.620689655172406,12.068965517241379
E00160277,83,21,10,11,62,62,0,25.301204819277107,12.048192771084338,13.253012048192772,74.69879518072288,74.69879518072288,0
E00160278,103,36,11,25,67,56,11,34.95145631067961,10.679611650485436,24.271844660194176,65.0485436893204,54.36893203883495,10.679611650485436
E00160279,170,68,16,52,102,90,12,40,9.411764705882353,30.58823529411765,60,52.94117647058824,7.0588235294117645
E00160280,105,40,13,27,65,56,9,38.095238095238095,12.380952380952381,25.71428571428571,61.904761904761905,53.333333333333336,8.571428571428571
E00160281,202,52,14,38,150,134,16,25.742574257425744,6.9306930693069315,18.81188118811881,74.25742574257426,66.33663366336634,7.920792079207921
E00160282,117,51,14,37,66,60,6,43.58974358974359,11.965811965811966,31.62393162393162,56.41025641025641,51.28205128205128,5.128205128205128
E00160283,179,55,23,32,124,113,11,30.726256983240223,12.849162011173185,17.877094972067038,69.27374301675978,63.128491620111724,6.145251396648044
E00160284,157,46,21,25,111,94,17,29.29936305732484,13.375796178343949,15.92356687898089,70.70063694267516,59.87261146496815,10.828025477707007
E00160285,111,45,14,31,66,57,9,40.54054054054054,12.612612612612612,27.927927927927925,59.45945945945946,51.35135135135135,8.108108108108109
E00160286,117,46,19,27,71,58,13,39.31623931623932,16.23931623931624,23.076923076923077,60.68376068376068,49.572649572649574,11.11111111111111
E00160287,130,46,21,25,84,72,12,35.38461538461539,16.153846153846153,19.230769230769234,64.61538461538461,55.38461538461539,9.230769230769232
E00160288,161,36,12,24,125,110,15,22.36024844720497,7.453416149068323,14.906832298136646,77.63975155279503,68.32298136645963,9.316770186335404
E00160289,169,56,19,37,113,98,15,33.13609467455622,11.242603550295858,21.893491124260358,66.86390532544378,57.98816568047337,8.875739644970414
E00160290,122,34,13,21,88,72,16,27.86885245901639,10.655737704918032,17.21311475409836,72.1311475409836,59.01639344262295,13.114754098360656
E00160291,137,35,16,19,102,83,19,25.547445255474454,11.678832116788321,13.86861313868613,74.45255474452554,60.58394160583942,13.86861313868613
E00160292,184,29,5,24,155,130,25,15.760869565217392,2.717391304347826,13.043478260869565,84.23913043478261,70.65217391304348,13.586956521739129
E00160293,157,47,18,29,110,91,19,29.936305732484076,11.464968152866243,18.471337579617835,70.06369426751591,57.961783439490446,12.101910828025478
E00160294,245,57,21,36,188,168,20,23.26530612244898,8.571428571428571,14.69387755102041,76.73469387755102,68.57142857142857,8.16326530612245
E00160295,84,20,8,12,64,49,15,23.809523809523807,9.523809523809524,14.285714285714285,76.19047619047619,58.333333333333336,17.857142857142858
E00160296,139,37,13,24,102,88,14,26.618705035971225,9.352517985611511,17.26618705035971,73.38129496402878,63.30935251798561,10.071942446043165
E00160297,138,48,22,26,90,76,14,34.78260869565217,15.942028985507244,18.84057971014493,65.21739130434783,55.072463768115945,10.144927536231885
E00160298,107,33,12,21,74,62,12,30.8411214953271,11.214953271028037,19.626168224299064,69.1588785046729,57.943925233644855,11.214953271028037
E00160299,104,34,15,19,70,65,5,32.69230769230769,14.423076923076922,18.269230769230766,67.3076923076923,62.5,4.807692307692308
E00160300,139,55,24,31,84,66,18,39.568345323741006,17.26618705035971,22.302158273381295,60.431654676258994,47.482014388489205,12.949640287769784
E00160301,111,23,8,15,88,76,12,20.72072072072072,7.207207207207207,13.513513513513514,79.27927927927928,68.46846846846847,10.81081081081081
E00160302,136,44,13,31,92,72,20,32.35294117647059,9.558823529411764,22.794117647058822,67.64705882352942,52.94117647058824,14.705882352941178
E00160303,47,14,7,7,33,30,3,29.78723404255319,14.893617021276595,14.893617021276595,70.2127659574468,63.829787234042556,6.382978723404255
E00160304,127,41,12,29,86,72,14,32.28346456692913,9.448818897637794,22.83464566929134,67.71653543307087,56.69291338582677,11.023622047244094
E00160305,155,54,16,38,101,88,13,34.83870967741935,10.32258064516129,24.516129032258064,65.16129032258064,56.774193548387096,8.38709677419355
E00160306,143,51,18,33,92,78,14,35.66433566433567,12.587412587412588,23.076923076923077,64.33566433566433,54.54545454545454,9.79020979020979
E00160307,114,23,6,17,91,80,11,20.175438596491226,5.263157894736842,14.912280701754385,79.82456140350878,70.17543859649122,9.649122807017543
E00160308,155,29,12,17,126,110,16,18.70967741935484,7.741935483870968,10.967741935483872,81.29032258064515,70.96774193548387,10.32258064516129
E00160309,123,38,14,24,85,68,17,30.89430894308943,11.38211382113821,19.51219512195122,69.10569105691057,55.28455284552846,13.821138211382115
E00160310,64,29,14,15,35,23,12,45.3125,21.875,23.4375,54.6875,35.9375,18.75
E00160311,106,34,17,17,72,58,14,32.075471698113205,16.037735849056602,16.037735849056602,67.9245283018868,54.71698113207547,13.20754716981132
E00160312,111,43,15,28,68,48,20,38.73873873873874,13.513513513513514,25.225225225225223,61.261261261261254,43.24324324324324,18.01801801801802
E00160313,170,64,23,41,106,93,13,37.64705882352941,13.529411764705882,24.11764705882353,62.35294117647059,54.70588235294118,7.647058823529412
E00160314,109,47,20,27,62,50,12,43.11926605504588,18.34862385321101,24.770642201834864,56.88073394495413,45.87155963302752,11.009174311926607
E00160315,119,47,15,32,72,57,15,39.49579831932773,12.605042016806722,26.89075630252101,60.50420168067227,47.89915966386555,12.605042016806722
E00160316,70,31,11,20,39,32,7,44.285714285714285,15.714285714285714,28.57142857142857,55.714285714285715,45.714285714285715,10
E00160317,114,41,15,26,73,52,21,35.96491228070175,13.157894736842104,22.807017543859647,64.03508771929825,45.614035087719294,18.421052631578945
E00160318,113,38,15,23,75,65,10,33.6283185840708,13.274336283185843,20.353982300884958,66.3716814159292,57.52212389380531,8.849557522123893
E00160319,32,15,10,5,17,13,4,46.875,31.25,15.625,53.125,40.625,12.5
E00160320,113,27,10,17,86,67,19,23.893805309734514,8.849557522123893,15.04424778761062,76.10619469026548,59.29203539823009,16.8141592920354
E00160321,95,40,19,21,55,48,7,42.10526315789473,20,22.105263157894736,57.89473684210527,50.526315789473685,7.368421052631578
E00160322,107,40,17,23,67,50,17,37.38317757009346,15.887850467289718,21.49532710280374,62.616822429906534,46.728971962616825,15.887850467289718
E00160323,83,35,9,26,48,44,4,42.168674698795186,10.843373493975903,31.32530120481928,57.831325301204814,53.01204819277109,4.819277108433735
E00160324,80,31,17,14,49,36,13,38.75,21.25,17.5,61.25000000000001,45,16.25
E00160325,86,35,18,17,51,46,5,40.69767441860465,20.930232558139537,19.767441860465116,59.30232558139535,53.48837209302325,5.813953488372093
E00160326,148,45,18,27,103,81,22,30.405405405405407,12.162162162162163,18.243243243243242,69.5945945945946,54.729729729729726,14.864864864864865
E00160327,109,41,14,27,68,59,9,37.61467889908257,12.844036697247708,24.770642201834864,62.38532110091744,54.12844036697248,8.256880733944955
E00160328,182,52,15,37,130,117,13,28.57142857142857,8.241758241758241,20.32967032967033,71.42857142857143,64.28571428571429,7.142857142857142
E00160329,183,67,29,38,116,89,27,36.6120218579235,15.846994535519126,20.76502732240437,63.387978142076506,48.63387978142077,14.754098360655737
E00160330,163,50,16,34,113,93,20,30.67484662576687,9.815950920245399,20.858895705521473,69.32515337423312,57.05521472392638,12.269938650306749
E00160331,157,34,12,22,123,111,12,21.656050955414013,7.643312101910828,14.012738853503185,78.343949044586,70.70063694267516,7.643312101910828
E00160332,150,45,17,28,105,97,8,30,11.333333333333332,18.666666666666668,70,64.66666666666666,5.333333333333334
E00160333,168,33,7,26,135,115,20,19.642857142857142,4.166666666666666,15.476190476190476,80.35714285714286,68.45238095238095,11.904761904761903
E00160334,225,52,14,38,173,140,33,23.11111111111111,6.222222222222222,16.88888888888889,76.88888888888889,62.22222222222222,14.666666666666666
E00160335,134,47,14,33,87,78,9,35.07462686567165,10.44776119402985,24.62686567164179,64.92537313432835,58.2089552238806,6.7164179104477615
E00160336,187,38,14,24,149,133,16,20.32085561497326,7.4866310160427805,12.834224598930483,79.67914438502673,71.12299465240642,8.55614973262032
E00160337,144,48,16,32,96,78,18,33.33333333333333,11.11111111111111,22.22222222222222,66.66666666666666,54.166666666666664,12.5
E00160338,83,27,5,22,56,55,1,32.53012048192771,6.024096385542169,26.506024096385545,67.46987951807229,66.26506024096386,1.2048192771084338
E00160339,180,68,20,48,112,98,14,37.77777777777778,11.11111111111111,26.666666666666668,62.22222222222222,54.44444444444444,7.777777777777778
E00160340,157,54,14,40,103,91,12,34.394904458598724,8.9171974522293,25.477707006369428,65.60509554140127,57.961783439490446,7.643312101910828
E00160341,165,56,24,32,109,88,21,33.939393939393945,14.545454545454545,19.393939393939394,66.06060606060606,53.333333333333336,12.727272727272727
E00160342,113,33,15,18,80,71,9,29.20353982300885,13.274336283185843,15.929203539823009,70.79646017699115,62.83185840707964,7.964601769911504
E00160343,158,56,21,35,102,79,23,35.44303797468354,13.291139240506327,22.151898734177212,64.55696202531645,50,14.556962025316455
E00160344,188,78,28,50,110,92,18,41.48936170212766,14.893617021276595,26.595744680851062,58.51063829787234,48.93617021276596,9.574468085106384
E00160345,188,55,16,39,133,116,17,29.25531914893617,8.51063829787234,20.74468085106383,70.74468085106383,61.702127659574465,9.042553191489363
E00160346,177,51,19,32,126,116,10,28.8135593220339,10.734463276836157,18.07909604519774,71.1864406779661,65.5367231638418,5.649717514124294
E00160347,270,77,32,45,193,166,27,28.51851851851852,11.851851851851853,16.666666666666664,71.48148148148148,61.48148148148148,10
E00160348,252,94,40,54,158,142,16,37.301587301587304,15.873015873015872,21.428571428571427,62.698412698412696,56.34920634920635,6.349206349206349
E00160349,152,61,17,44,91,77,14,40.131578947368425,11.18421052631579,28.947368421052634,59.86842105263158,50.6578947368421,9.210526315789473
E00160350,137,36,13,23,101,86,15,26.277372262773724,9.48905109489051,16.78832116788321,73.72262773722628,62.77372262773723,10.948905109489052
E00160351,135,57,27,30,78,69,9,42.22222222222222,20,22.22222222222222,57.77777777777777,51.11111111111111,6.666666666666667
E00160352,149,64,26,38,85,72,13,42.95302013422819,17.449664429530202,25.503355704697988,57.04697986577181,48.322147651006716,8.724832214765101
E00160353,95,37,20,17,58,50,8,38.94736842105263,21.052631578947366,17.894736842105264,61.05263157894737,52.63157894736842,8.421052631578947
E00160354,107,51,17,34,56,45,11,47.66355140186916,15.887850467289718,31.775700934579437,52.336448598130836,42.05607476635514,10.2803738317757
E00160355,117,37,14,23,80,68,12,31.62393162393162,11.965811965811966,19.65811965811966,68.37606837606837,58.119658119658126,10.256410256410255
E00160356,137,55,18,37,82,68,14,40.14598540145985,13.138686131386862,27.00729927007299,59.854014598540154,49.63503649635037,10.218978102189782
E00160357,93,36,12,24,57,50,7,38.70967741935484,12.903225806451612,25.806451612903224,61.29032258064516,53.76344086021505,7.526881720430108
E00160358,91,38,16,22,53,49,4,41.75824175824176,17.582417582417584,24.175824175824175,58.24175824175825,53.84615384615385,4.395604395604396
E00160360,117,41,13,28,76,64,12,35.04273504273504,11.11111111111111,23.931623931623932,64.95726495726495,54.700854700854705,10.256410256410255
E00160361,96,32,14,18,64,53,11,33.33333333333333,14.583333333333334,18.75,66.66666666666666,55.208333333333336,11.458333333333332
E00160362,105,43,12,31,62,51,11,40.95238095238095,11.428571428571429,29.523809523809526,59.04761904761905,48.57142857142857,10.476190476190476
E00160363,45,23,7,16,22,22,0,51.11111111111111,15.555555555555555,35.55555555555556,48.888888888888886,48.888888888888886,0
E00160364,133,61,19,42,72,61,11,45.86466165413533,14.285714285714285,31.57894736842105,54.13533834586466,45.86466165413533,8.270676691729323
E00160365,129,49,26,23,80,65,15,37.98449612403101,20.155038759689923,17.829457364341085,62.01550387596899,50.3875968992248,11.627906976744185
E00160366,149,52,16,36,97,85,12,34.899328859060404,10.738255033557047,24.161073825503358,65.1006711409396,57.04697986577181,8.053691275167784
E00160367,126,42,18,24,84,66,18,33.33333333333333,14.285714285714285,19.047619047619047,66.66666666666666,52.38095238095239,14.285714285714285
E00160368,138,40,16,24,98,80,18,28.985507246376812,11.594202898550725,17.391304347826086,71.01449275362319,57.971014492753625,13.043478260869565
E00160369,98,30,9,21,68,56,12,30.612244897959183,9.183673469387756,21.428571428571427,69.38775510204081,57.14285714285714,12.244897959183673
E00160370,113,44,12,32,69,60,9,38.93805309734513,10.619469026548673,28.31858407079646,61.06194690265486,53.09734513274337,7.964601769911504
E00160371,85,35,16,19,50,40,10,41.17647058823529,18.823529411764707,22.35294117647059,58.82352941176471,47.05882352941176,11.76470588235294
E00160372,111,40,9,31,71,56,15,36.03603603603604,8.108108108108109,27.927927927927925,63.96396396396396,50.45045045045045,13.513513513513514
E00160373,86,45,19,26,41,33,8,52.32558139534884,22.093023255813954,30.23255813953488,47.674418604651166,38.372093023255815,9.30232558139535
E00160374,103,40,13,27,63,56,7,38.83495145631068,12.62135922330097,26.21359223300971,61.165048543689316,54.36893203883495,6.796116504854369
E00160375,194,63,22,41,131,114,17,32.47422680412371,11.34020618556701,21.1340206185567,67.5257731958763,58.76288659793815,8.762886597938143
E00160376,162,55,18,37,107,90,17,33.95061728395062,11.11111111111111,22.839506172839506,66.0493827160494,55.55555555555556,10.493827160493826
E00160377,96,32,8,24,64,51,13,33.33333333333333,8.333333333333332,25,66.66666666666666,53.125,13.541666666666666
E00160378,180,63,26,37,117,102,15,35,14.444444444444443,20.555555555555554,65,56.666666666666664,8.333333333333332
E00160379,145,38,13,25,107,94,13,26.20689655172414,8.96551724137931,17.24137931034483,73.79310344827587,64.82758620689654,8.96551724137931
E00160380,161,61,28,33,100,82,18,37.88819875776397,17.391304347826086,20.496894409937887,62.11180124223602,50.931677018633536,11.180124223602485
E00160381,187,56,18,38,131,115,16,29.946524064171122,9.62566844919786,20.32085561497326,70.05347593582889,61.49732620320856,8.55614973262032
E00160382,130,26,11,15,104,88,16,20,8.461538461538462,11.538461538461538,80,67.6923076923077,12.307692307692308
E00160383,51,16,0,16,35,32,3,31.372549019607842,0,31.372549019607842,68.62745098039215,62.745098039215684,5.88235294117647
E00160384,155,55,24,31,100,86,14,35.483870967741936,15.483870967741936,20,64.51612903225806,55.483870967741936,9.032258064516128
E00160385,244,66,24,42,178,157,21,27.049180327868854,9.836065573770492,17.21311475409836,72.95081967213115,64.34426229508196,8.60655737704918
E00160386,92,23,7,16,69,56,13,25,7.608695652173914,17.391304347826086,75,60.86956521739131,14.130434782608695
E00160387,162,38,12,26,124,107,17,23.456790123456788,7.4074074074074066,16.049382716049383,76.5432098765432,66.0493827160494,10.493827160493826
E00160388,206,71,29,42,135,124,11,34.46601941747573,14.077669902912621,20.388349514563107,65.53398058252428,60.19417475728155,5.339805825242718
E00160389,135,45,19,26,90,80,10,33.33333333333333,14.074074074074074,19.25925925925926,66.66666666666666,59.25925925925925,7.4074074074074066
E00160390,163,53,22,31,110,95,15,32.515337423312886,13.496932515337424,19.018404907975462,67.48466257668711,58.282208588957054,9.202453987730062
E00160391,175,55,12,43,120,98,22,31.428571428571427,6.857142857142858,24.571428571428573,68.57142857142857,56.00000000000001,12.571428571428573
E00160392,149,41,11,30,108,96,12,27.516778523489933,7.38255033557047,20.13422818791946,72.48322147651007,64.42953020134227,8.053691275167784
E00160393,121,39,11,28,82,74,8,32.231404958677686,9.090909090909092,23.140495867768596,67.76859504132231,61.15702479338842,6.6115702479338845
E00160394,69,27,6,21,42,35,7,39.130434782608695,8.695652173913043,30.434782608695656,60.86956521739131,50.72463768115942,10.144927536231885
E00160395,142,41,12,29,101,90,11,28.87323943661972,8.450704225352112,20.422535211267608,71.12676056338029,63.38028169014085,7.746478873239436
E00160396,141,41,6,35,100,81,19,29.078014184397162,4.25531914893617,24.822695035460992,70.92198581560284,57.446808510638306,13.47517730496454
E00160397,151,63,26,37,88,74,14,41.72185430463576,17.218543046357617,24.503311258278146,58.27814569536424,49.00662251655629,9.271523178807946
E00160398,162,39,14,25,123,107,16,24.074074074074073,8.641975308641975,15.432098765432098,75.92592592592592,66.0493827160494,9.876543209876543
E00160400,163,57,16,41,106,91,15,34.96932515337423,9.815950920245399,25.153374233128833,65.03067484662577,55.828220858895705,9.202453987730062
E00160401,99,24,9,15,75,60,15,24.242424242424242,9.090909090909092,15.151515151515152,75.75757575757575,60.60606060606061,15.151515151515152
E00160402,144,54,22,32,90,81,9,37.5,15.277777777777779,22.22222222222222,62.5,56.25,6.25
E00160403,138,45,25,20,93,77,16,32.608695652173914,18.115942028985508,14.492753623188406,67.3913043478261,55.79710144927537,11.594202898550725
E00160404,224,69,23,46,155,135,20,30.80357142857143,10.267857142857142,20.535714285714285,69.19642857142857,60.26785714285714,8.928571428571429
E00160405,177,58,25,33,119,102,17,32.7683615819209,14.124293785310735,18.64406779661017,67.2316384180791,57.6271186440678,9.6045197740113
E00160406,132,47,20,27,85,72,13,35.60606060606061,15.151515151515152,20.454545454545457,64.39393939393939,54.54545454545454,9.848484848484848
E00160407,87,22,3,19,65,60,5,25.287356321839084,3.4482758620689653,21.839080459770116,74.71264367816092,68.96551724137932,5.747126436781609
E00160408,154,53,17,36,101,73,28,34.41558441558442,11.03896103896104,23.376623376623375,65.5844155844156,47.4025974025974,18.181818181818183
E00160409,75,28,6,22,47,41,6,37.333333333333336,8,29.333333333333332,62.66666666666667,54.666666666666664,8
E00160410,122,30,7,23,92,70,22,24.59016393442623,5.737704918032787,18.852459016393443,75.40983606557377,57.377049180327866,18.0327868852459
E00160411,130,41,17,24,89,74,15,31.538461538461537,13.076923076923078,18.461538461538463,68.46153846153847,56.92307692307692,11.538461538461538
E00160412,133,51,19,32,82,72,10,38.34586466165413,14.285714285714285,24.06015037593985,61.65413533834586,54.13533834586466,7.518796992481203
E00160413,91,27,14,13,64,53,11,29.67032967032967,15.384615384615385,14.285714285714285,70.32967032967034,58.24175824175825,12.087912087912088
E00160414,57,28,15,13,29,23,6,49.122807017543856,26.31578947368421,22.807017543859647,50.877192982456144,40.35087719298245,10.526315789473683
E00160415,84,39,20,19,45,38,7,46.42857142857143,23.809523809523807,22.61904761904762,53.57142857142857,45.23809523809524,8.333333333333332
E00160416,69,31,13,18,38,34,4,44.927536231884055,18.84057971014493,26.08695652173913,55.072463768115945,49.275362318840585,5.797101449275362
E00160417,65,24,12,12,41,35,6,36.92307692307693,18.461538461538463,18.461538461538463,63.07692307692307,53.84615384615385,9.230769230769232
E00160418,57,22,9,13,35,27,8,38.59649122807017,15.789473684210526,22.807017543859647,61.40350877192983,47.368421052631575,14.035087719298245
E00160419,86,29,18,11,57,46,11,33.72093023255814,20.930232558139537,12.790697674418606,66.27906976744185,53.48837209302325,12.790697674418606
E00160420,90,36,17,19,54,45,9,40,18.88888888888889,21.11111111111111,60,50,10
E00160421,70,31,13,18,39,34,5,44.285714285714285,18.571428571428573,25.71428571428571,55.714285714285715,48.57142857142857,7.142857142857142
E00160422,86,36,9,27,50,37,13,41.86046511627907,10.465116279069768,31.3953488372093,58.139534883720934,43.02325581395349,15.11627906976744
E00160423,274,77,25,52,197,178,19,28.102189781021895,9.124087591240876,18.97810218978102,71.8978102189781,64.96350364963503,6.934306569343065
E00160424,75,27,10,17,48,38,10,36,13.333333333333334,22.666666666666664,64,50.66666666666667,13.333333333333334
E00160425,122,45,16,29,77,66,11,36.885245901639344,13.114754098360656,23.770491803278688,63.114754098360656,54.09836065573771,9.01639344262295
E00160426,142,53,17,36,89,79,10,37.32394366197183,11.971830985915492,25.352112676056336,62.676056338028175,55.633802816901415,7.042253521126761
E00160427,111,38,11,27,73,62,11,34.234234234234236,9.90990990990991,24.324324324324326,65.76576576576578,55.85585585585585,9.90990990990991
E00160428,108,33,8,25,75,59,16,30.555555555555557,7.4074074074074066,23.14814814814815,69.44444444444444,54.629629629629626,14.814814814814813
E00160429,70,31,9,22,39,34,5,44.285714285714285,12.857142857142856,31.428571428571427,55.714285714285715,48.57142857142857,7.142857142857142
E00160430,66,21,6,15,45,38,7,31.818181818181817,9.090909090909092,22.727272727272727,68.18181818181817,57.57575757575758,10.606060606060606
E00160431,70,30,10,20,40,35,5,42.857142857142854,14.285714285714285,28.57142857142857,57.14285714285714,50,7.142857142857142
E00160432,92,34,11,23,58,45,13,36.95652173913043,11.956521739130435,25,63.04347826086957,48.91304347826087,14.130434782608695
E00160433,121,36,12,24,85,69,16,29.75206611570248,9.917355371900827,19.834710743801654,70.24793388429752,57.02479338842975,13.223140495867769
E00160434,101,49,15,34,52,45,7,48.51485148514851,14.85148514851485,33.663366336633665,51.48514851485149,44.554455445544555,6.9306930693069315
E00160435,36,12,3,9,24,22,2,33.33333333333333,8.333333333333332,25,66.66666666666666,61.111111111111114,5.555555555555555
E00160436,92,27,9,18,65,55,10,29.347826086956523,9.782608695652174,19.565217391304348,70.65217391304348,59.78260869565217,10.869565217391305
E00160437,67,24,6,18,43,32,11,35.82089552238806,8.955223880597014,26.865671641791046,64.17910447761194,47.76119402985074,16.417910447761194
E00160438,121,54,14,40,67,52,15,44.62809917355372,11.570247933884298,33.057851239669425,55.371900826446286,42.97520661157025,12.396694214876034
E00160439,82,31,15,16,51,42,9,37.80487804878049,18.29268292682927,19.51219512195122,62.19512195121951,51.21951219512195,10.975609756097562
E00160440,148,54,24,30,94,69,25,36.486486486486484,16.216216216216218,20.27027027027027,63.51351351351351,46.62162162162162,16.89189189189189
E00160441,81,33,19,14,48,38,10,40.74074074074074,23.456790123456788,17.28395061728395,59.25925925925925,46.913580246913575,12.345679012345679
E00160442,65,19,8,11,46,36,10,29.230769230769234,12.307692307692308,16.923076923076923,70.76923076923077,55.38461538461539,15.384615384615385
E00160443,84,23,5,18,61,50,11,27.380952380952383,5.952380952380952,21.428571428571427,72.61904761904762,59.523809523809526,13.095238095238097
E00160444,139,50,22,28,89,76,13,35.97122302158273,15.827338129496402,20.14388489208633,64.02877697841727,54.67625899280576,9.352517985611511
E00160445,125,38,11,27,87,78,9,30.4,8.799999999999999,21.6,69.6,62.4,7.199999999999999
E00160446,82,28,11,17,54,44,10,34.146341463414636,13.414634146341465,20.73170731707317,65.85365853658537,53.65853658536586,12.195121951219512
E00160447,146,47,12,35,99,86,13,32.19178082191781,8.21917808219178,23.972602739726025,67.8082191780822,58.9041095890411,8.904109589041095
E00160448,118,46,13,33,72,61,11,38.983050847457626,11.016949152542372,27.966101694915253,61.016949152542374,51.69491525423729,9.322033898305085
E00160449,177,63,21,42,114,100,14,35.59322033898305,11.864406779661017,23.728813559322035,64.40677966101694,56.49717514124294,7.909604519774012
E00160450,157,48,18,30,109,81,28,30.573248407643312,11.464968152866243,19.10828025477707,69.42675159235668,51.59235668789809,17.8343949044586
E00160451,163,59,16,43,104,89,15,36.19631901840491,9.815950920245399,26.380368098159508,63.80368098159509,54.601226993865026,9.202453987730062
E00160452,147,48,16,32,99,90,9,32.6530612244898,10.884353741496598,21.768707482993197,67.3469387755102,61.224489795918366,6.122448979591836
E00160453,175,67,20,47,108,97,11,38.285714285714285,11.428571428571429,26.857142857142858,61.71428571428571,55.42857142857143,6.2857142857142865
E00160454,131,51,19,32,80,68,12,38.93129770992366,14.50381679389313,24.427480916030532,61.06870229007634,51.908396946564885,9.16030534351145
E00160455,85,35,12,23,50,46,4,41.17647058823529,14.117647058823529,27.058823529411764,58.82352941176471,54.11764705882353,4.705882352941177
E00160456,59,26,11,15,33,31,2,44.06779661016949,18.64406779661017,25.423728813559322,55.932203389830505,52.54237288135594,3.389830508474576
E00160457,92,40,23,17,52,48,4,43.47826086956522,25,18.478260869565215,56.52173913043478,52.17391304347826,4.3478260869565215
E00160458,125,46,13,33,79,67,12,36.8,10.4,26.400000000000002,63.2,53.6,9.6
E00160459,205,72,24,48,133,119,14,35.12195121951219,11.707317073170733,23.414634146341466,64.8780487804878,58.048780487804876,6.829268292682928
E00160460,169,63,15,48,106,90,16,37.278106508875744,8.875739644970414,28.402366863905325,62.721893491124256,53.25443786982249,9.467455621301776
E00160461,73,29,14,15,44,34,10,39.726027397260275,19.17808219178082,20.54794520547945,60.273972602739725,46.57534246575342,13.698630136986301
E00160462,102,40,16,24,62,46,16,39.21568627450981,15.686274509803921,23.52941176470588,60.78431372549019,45.09803921568628,15.686274509803921
E00160463,146,47,21,26,99,80,19,32.19178082191781,14.383561643835616,17.80821917808219,67.8082191780822,54.794520547945204,13.013698630136986
E00160464,148,47,21,26,101,78,23,31.756756756756754,14.18918918918919,17.56756756756757,68.24324324324324,52.702702702702695,15.54054054054054
E00160465,78,30,9,21,48,38,10,38.46153846153847,11.538461538461538,26.923076923076923,61.53846153846154,48.717948717948715,12.82051282051282
E00160466,280,106,51,55,174,143,31,37.857142857142854,18.21428571428571,19.642857142857142,62.142857142857146,51.07142857142857,11.071428571428571
E00160467,65,19,7,12,46,40,6,29.230769230769234,10.76923076923077,18.461538461538463,70.76923076923077,61.53846153846154,9.230769230769232
E00160468,171,64,22,42,107,83,24,37.42690058479532,12.865497076023392,24.561403508771928,62.57309941520468,48.53801169590643,14.035087719298245
E00160469,122,42,19,23,80,67,13,34.42622950819672,15.573770491803279,18.852459016393443,65.57377049180327,54.91803278688525,10.655737704918032
E00160470,145,52,20,32,93,75,18,35.86206896551724,13.793103448275861,22.06896551724138,64.13793103448275,51.724137931034484,12.413793103448276
E00160471,88,39,16,23,49,45,4,44.31818181818182,18.181818181818183,26.136363636363637,55.68181818181818,51.13636363636363,4.545454545454546
E00160472,184,60,11,49,124,107,17,32.608695652173914,5.978260869565218,26.6304347826087,67.3913043478261,58.152173913043484,9.239130434782608
E00160473,140,50,15,35,90,73,17,35.714285714285715,10.714285714285714,25,64.28571428571429,52.142857142857146,12.142857142857142
E00160474,151,50,18,32,101,89,12,33.11258278145696,11.920529801324504,21.192052980132452,66.88741721854305,58.94039735099338,7.9470198675496695
E00160475,113,35,13,22,78,67,11,30.973451327433626,11.504424778761061,19.469026548672566,69.02654867256636,59.29203539823009,9.734513274336283
E00160476,178,60,18,42,118,104,14,33.70786516853933,10.112359550561797,23.595505617977526,66.29213483146067,58.42696629213483,7.865168539325842
E00160477,117,40,13,27,77,62,15,34.18803418803419,11.11111111111111,23.076923076923077,65.8119658119658,52.991452991452995,12.82051282051282
E00160478,92,27,12,15,65,59,6,29.347826086956523,13.043478260869565,16.304347826086957,70.65217391304348,64.13043478260869,6.521739130434782
E00160479,112,42,12,30,70,55,15,37.5,10.714285714285714,26.785714285714285,62.5,49.107142857142854,13.392857142857142
E00160482,168,47,16,31,121,103,18,27.976190476190478,9.523809523809524,18.452380952380953,72.02380952380952,61.30952380952381,10.714285714285714
E00160483,169,52,20,32,117,92,25,30.76923076923077,11.834319526627219,18.93491124260355,69.23076923076923,54.437869822485204,14.792899408284024
E00160484,163,46,19,27,117,101,16,28.22085889570552,11.65644171779141,16.56441717791411,71.77914110429448,61.963190184049076,9.815950920245399
E00160486,119,38,14,24,81,66,15,31.932773109243694,11.76470588235294,20.168067226890756,68.0672268907563,55.46218487394958,12.605042016806722
E00160487,236,97,44,53,139,121,18,41.10169491525424,18.64406779661017,22.45762711864407,58.89830508474576,51.271186440677965,7.627118644067797
E00160488,90,41,17,24,49,36,13,45.55555555555556,18.88888888888889,26.666666666666668,54.44444444444444,40,14.444444444444443
E00160489,289,99,35,64,190,156,34,34.2560553633218,12.110726643598616,22.145328719723185,65.7439446366782,53.979238754325266,11.76470588235294
E00160490,210,61,23,38,149,127,22,29.04761904761905,10.952380952380953,18.095238095238095,70.95238095238095,60.476190476190474,10.476190476190476
E00160493,282,98,30,68,184,153,31,34.751773049645394,10.638297872340425,24.113475177304963,65.24822695035462,54.25531914893617,10.99290780141844
E00160494,137,50,20,30,87,74,13,36.496350364963504,14.5985401459854,21.897810218978105,63.503649635036496,54.01459854014598,9.48905109489051
E00160495,140,55,25,30,85,69,16,39.285714285714285,17.857142857142858,21.428571428571427,60.71428571428571,49.28571428571429,11.428571428571429
E00160496,146,56,23,33,90,74,16,38.35616438356164,15.753424657534246,22.602739726027394,61.64383561643836,50.68493150684932,10.95890410958904
E00160497,176,71,28,43,105,83,22,40.340909090909086,15.909090909090908,24.431818181818183,59.65909090909091,47.159090909090914,12.5
E00160498,115,37,13,24,78,69,9,32.17391304347826,11.304347826086957,20.869565217391305,67.82608695652173,60,7.82608695652174
E00160499,161,57,28,29,104,83,21,35.40372670807454,17.391304347826086,18.012422360248447,64.59627329192547,51.5527950310559,13.043478260869565
E00160500,148,50,17,33,98,71,27,33.78378378378378,11.486486486486488,22.2972972972973,66.21621621621621,47.97297297297297,18.243243243243242
E00160502,141,41,11,30,100,79,21,29.078014184397162,7.801418439716312,21.27659574468085,70.92198581560284,56.02836879432624,14.893617021276595
E00160503,122,42,14,28,80,72,8,34.42622950819672,11.475409836065573,22.950819672131146,65.57377049180327,59.01639344262295,6.557377049180328
E00172632,185,59,16,43,126,111,15,31.891891891891895,8.64864864864865,23.243243243243246,68.10810810810811,60,8.108108108108109
E00172634,198,72,21,51,126,106,20,36.36363636363637,10.606060606060606,25.757575757575758,63.63636363636363,53.535353535353536,10.1010101010101
E00172635,157,55,19,36,102,87,15,35.03184713375796,12.101910828025478,22.929936305732486,64.96815286624204,55.4140127388535,9.554140127388536
E00172637,195,76,22,54,119,99,20,38.97435897435898,11.282051282051283,27.692307692307693,61.02564102564103,50.76923076923077,10.256410256410255
E00172638,162,55,20,35,107,88,19,33.95061728395062,12.345679012345679,21.604938271604937,66.0493827160494,54.32098765432099,11.728395061728394
E00172640,161,56,21,35,105,85,20,34.78260869565217,13.043478260869565,21.73913043478261,65.21739130434783,52.79503105590062,12.422360248447205
E00172643,123,42,17,25,81,72,9,34.146341463414636,13.821138211382115,20.32520325203252,65.85365853658537,58.536585365853654,7.317073170731707
E00172645,188,48,17,31,140,119,21,25.53191489361702,9.042553191489363,16.48936170212766,74.46808510638297,63.297872340425535,11.170212765957446
E00172649,253,67,28,39,186,161,25,26.48221343873518,11.067193675889328,15.41501976284585,73.51778656126481,63.63636363636363,9.881422924901186
E00172651,154,54,11,43,100,80,20,35.064935064935064,7.142857142857142,27.92207792207792,64.93506493506493,51.94805194805194,12.987012987012985
E00184728,63,27,8,19,36,32,4,42.857142857142854,12.698412698412698,30.158730158730158,57.14285714285714,50.79365079365079,6.349206349206349
E00184729,278,89,27,62,189,160,29,32.014388489208635,9.712230215827338,22.302158273381295,67.98561151079137,57.55395683453237,10.431654676258994
E00184731,112,38,12,26,74,68,6,33.92857142857143,10.714285714285714,23.214285714285715,66.07142857142857,60.71428571428571,5.357142857142857
E00184733,113,39,21,18,74,60,14,34.51327433628318,18.58407079646018,15.929203539823009,65.48672566371681,53.09734513274337,12.389380530973451
E00184734,196,77,47,30,119,97,22,39.285714285714285,23.97959183673469,15.306122448979592,60.71428571428571,49.48979591836735,11.224489795918368
E00184735,332,91,32,59,241,172,69,27.40963855421687,9.63855421686747,17.771084337349397,72.59036144578313,51.80722891566265,20.783132530120483
E00184736,204,64,21,43,140,112,28,31.372549019607842,10.294117647058822,21.07843137254902,68.62745098039215,54.90196078431373,13.725490196078432
E00184738,318,103,27,76,215,185,30,32.38993710691824,8.49056603773585,23.89937106918239,67.61006289308176,58.17610062893082,9.433962264150944
E00184741,179,59,18,41,120,96,24,32.960893854748605,10.05586592178771,22.905027932960895,67.0391061452514,53.63128491620112,13.40782122905028
E00184743,70,17,7,10,53,42,11,24.285714285714285,10,14.285714285714285,75.71428571428571,60,15.714285714285714
E00184744,135,26,1,25,109,95,14,19.25925925925926,0.7407407407407408,18.51851851851852,80.74074074074075,70.37037037037037,10.37037037037037
E00184748,122,36,15,21,86,76,10,29.508196721311474,12.295081967213115,17.21311475409836,70.49180327868852,62.295081967213115,8.19672131147541
E00184752,299,78,24,54,221,182,39,26.08695652173913,8.02675585284281,18.06020066889632,73.91304347826086,60.86956521739131,13.043478260869565
E00184754,160,52,14,38,108,92,16,32.5,8.75,23.75,67.5,57.49999999999999,10
E00184757,126,40,15,25,86,69,17,31.746031746031743,11.904761904761903,19.841269841269842,68.25396825396825,54.761904761904766,13.492063492063492
E00184759,246,73,33,40,173,146,27,29.67479674796748,13.414634146341465,16.260162601626014,70.32520325203252,59.34959349593496,10.975609756097562
E00184761,103,32,10,22,71,61,10,31.06796116504854,9.70873786407767,21.35922330097087,68.93203883495146,59.22330097087378,9.70873786407767
E00184762,136,54,18,36,82,69,13,39.705882352941174,13.23529411764706,26.47058823529412,60.29411764705882,50.73529411764706,9.558823529411764
E00184763,176,59,18,41,117,106,11,33.52272727272727,10.227272727272728,23.295454545454543,66.47727272727273,60.22727272727273,6.25
E00184765,107,37,15,22,70,56,14,34.57943925233645,14.018691588785046,20.5607476635514,65.42056074766354,52.336448598130836,13.084112149532709
E00184766,101,25,10,15,76,64,12,24.752475247524753,9.900990099009901,14.85148514851485,75.24752475247524,63.366336633663366,11.881188118811881
E00184770,293,94,38,56,199,167,32,32.081911262798634,12.969283276450511,19.112627986348123,67.91808873720136,56.996587030716725,10.921501706484642
E00184771,89,33,11,22,56,43,13,37.07865168539326,12.359550561797752,24.719101123595504,62.92134831460674,48.31460674157304,14.606741573033707
E00184773,153,48,17,31,105,80,25,31.372549019607842,11.11111111111111,20.26143790849673,68.62745098039215,52.28758169934641,16.33986928104575
E00184775,62,21,7,14,41,30,11,33.87096774193548,11.29032258064516,22.58064516129032,66.12903225806451,48.38709677419355,17.741935483870968
E00184777,247,45,26,19,202,131,71,18.218623481781375,10.526315789473683,7.6923076923076925,81.78137651821862,53.036437246963565,28.74493927125506
E00184779,54,18,8,10,36,30,6,33.33333333333333,14.814814814814813,18.51851851851852,66.66666666666666,55.55555555555556,11.11111111111111
E00184780,160,46,15,31,114,100,14,28.749999999999996,9.375,19.375,71.25,62.5,8.75
E00184781,150,46,18,28,104,71,33,30.666666666666664,12,18.666666666666668,69.33333333333334,47.333333333333336,22
E00184783,238,74,20,54,164,134,30,31.092436974789916,8.403361344537815,22.689075630252102,68.90756302521008,56.30252100840336,12.605042016806722
E00184784,171,52,12,40,119,110,9,30.409356725146196,7.017543859649122,23.391812865497073,69.5906432748538,64.32748538011695,5.263157894736842
E00184786,129,27,8,19,102,91,11,20.930232558139537,6.2015503875969,14.728682170542637,79.06976744186046,70.54263565891473,8.527131782945736
E00184789,220,64,25,39,156,136,20,29.09090909090909,11.363636363636363,17.727272727272727,70.9090909090909,61.81818181818181,9.090909090909092
E00184790,164,43,22,21,121,72,49,26.21951219512195,13.414634146341465,12.804878048780488,73.78048780487805,43.90243902439025,29.878048780487802
E00184792,64,18,6,12,46,43,3,28.125,9.375,18.75,71.875,67.1875,4.6875
E00184793,263,60,18,42,203,165,38,22.813688212927758,6.844106463878327,15.96958174904943,77.18631178707224,62.737642585551335,14.44866920152091
E00184796,255,74,19,55,181,159,22,29.01960784313726,7.450980392156863,21.568627450980394,70.98039215686275,62.35294117647059,8.627450980392156
E00184798,97,34,10,24,63,53,10,35.051546391752574,10.309278350515463,24.742268041237114,64.94845360824742,54.63917525773196,10.309278350515463
E00184799,184,61,18,43,123,108,15,33.15217391304348,9.782608695652174,23.369565217391305,66.84782608695652,58.69565217391305,8.152173913043478
E00184802,133,51,16,35,82,70,12,38.34586466165413,12.030075187969924,26.31578947368421,61.65413533834586,52.63157894736842,9.022556390977442
E00184803,160,60,16,44,100,89,11,37.5,10,27.500000000000004,62.5,55.625,6.875000000000001
E00184804,171,58,19,39,113,95,18,33.91812865497076,11.11111111111111,22.807017543859647,66.08187134502924,55.55555555555556,10.526315789473683
E00184806,157,55,22,33,102,83,19,35.03184713375796,14.012738853503185,21.019108280254777,64.96815286624204,52.86624203821656,12.101910828025478
E00184808,61,29,7,22,32,29,3,47.540983606557376,11.475409836065573,36.0655737704918,52.459016393442624,47.540983606557376,4.918032786885246
E00184815,142,29,11,18,113,99,14,20.422535211267608,7.746478873239436,12.676056338028168,79.5774647887324,69.71830985915493,9.859154929577464
E00184820,164,32,16,16,132,106,26,19.51219512195122,9.75609756097561,9.75609756097561,80.48780487804879,64.63414634146342,15.853658536585366
E00184821,62,26,8,18,36,31,5,41.935483870967744,12.903225806451612,29.03225806451613,58.06451612903226,50,8.064516129032258
E00184822,101,34,16,18,67,59,8,33.663366336633665,15.841584158415841,17.82178217821782,66.33663366336634,58.415841584158414,7.920792079207921
E00184824,255,77,29,48,178,136,42,30.19607843137255,11.372549019607844,18.823529411764707,69.80392156862744,53.333333333333336,16.470588235294116
E00184827,114,31,9,22,83,74,9,27.192982456140353,7.894736842105263,19.298245614035086,72.80701754385966,64.91228070175438,7.894736842105263
