OA,ts0380001,ts0380002,ts0380003,ts0380004,ts0380005,ts0380006,ts0380007,ts0380002_PCT,ts0380003_PCT,ts0380004_PCT,ts0380005_PCT,ts0380006_PCT,ts0380007_PCT
E00113968,412,46,12,34,366,29,337,11.165048543689322,2.912621359223301,8.25242718446602,88.83495145631069,7.038834951456311,81.79611650485437
E00113970,452,64,26,38,388,27,361,14.15929203539823,5.752212389380531,8.4070796460177,85.84070796460178,5.9734513274336285,79.86725663716814
E00113971,403,52,15,37,351,39,312,12.903225806451612,3.722084367245657,9.181141439205955,87.09677419354838,9.67741935483871,77.41935483870968
E00113973,534,59,10,49,475,44,431,11.04868913857678,1.8726591760299627,9.176029962546817,88.95131086142321,8.239700374531834,80.71161048689139
E00113976,212,34,13,21,178,29,149,16.037735849056602,6.132075471698113,9.90566037735849,83.9622641509434,13.679245283018867,70.28301886792453
E00113977,403,54,16,38,349,30,319,13.399503722084367,3.970223325062035,9.429280397022332,86.60049627791562,7.444168734491314,79.15632754342433
E00113978,218,26,10,16,192,21,171,11.926605504587156,4.587155963302752,7.339449541284404,88.07339449541286,9.63302752293578,78.44036697247707
E00113979,271,59,24,35,212,24,188,21.771217712177123,8.856088560885608,12.915129151291513,78.22878228782287,8.856088560885608,69.37269372693727
E00113980,273,35,10,25,238,20,218,12.82051282051282,3.6630036630036633,9.157509157509157,87.17948717948718,7.326007326007327,79.85347985347985
E00113981,152,24,6,18,128,12,116,15.789473684210526,3.9473684210526314,11.842105263157894,84.21052631578947,7.894736842105263,76.31578947368422
E00113982,252,76,37,39,176,16,160,30.158730158730158,14.682539682539684,15.476190476190476,69.84126984126983,6.349206349206349,63.49206349206349
E00113983,210,55,25,30,155,16,139,26.190476190476193,11.904761904761903,14.285714285714285,73.80952380952381,7.6190476190476195,66.19047619047619
E00113984,350,62,34,28,288,23,265,17.71428571428571,9.714285714285714,8,82.28571428571428,6.571428571428571,75.71428571428571
E00113985,442,125,82,43,317,25,292,28.28054298642534,18.552036199095024,9.728506787330318,71.71945701357465,5.656108597285068,66.06334841628959
E00113987,301,48,14,34,253,26,227,15.946843853820598,4.651162790697675,11.295681063122924,84.0531561461794,8.637873754152823,75.41528239202658
E00113988,413,55,18,37,358,39,319,13.317191283292978,4.358353510895883,8.958837772397095,86.68280871670703,9.443099273607748,77.23970944309927
E00113989,334,63,29,34,271,21,250,18.862275449101794,8.682634730538922,10.179640718562874,81.1377245508982,6.287425149700598,74.8502994011976
E00113990,273,60,21,39,213,19,194,21.978021978021978,7.6923076923076925,14.285714285714285,78.02197802197803,6.95970695970696,71.06227106227107
E00113991,249,58,21,37,191,17,174,23.293172690763054,8.433734939759036,14.859437751004014,76.70682730923694,6.827309236947792,69.87951807228916
E00113992,397,69,21,48,328,27,301,17.38035264483627,5.289672544080604,12.090680100755668,82.61964735516372,6.801007556675064,75.81863979848866
E00113994,316,94,37,57,222,22,200,29.746835443037973,11.708860759493671,18.037974683544302,70.25316455696202,6.962025316455696,63.29113924050633
E00113995,302,36,10,26,266,28,238,11.920529801324504,3.3112582781456954,8.609271523178808,88.0794701986755,9.271523178807946,78.80794701986756
E00113996,183,47,21,26,136,22,114,25.683060109289617,11.475409836065573,14.207650273224044,74.31693989071039,12.021857923497267,62.295081967213115
E00113997,259,45,15,30,214,22,192,17.374517374517374,5.7915057915057915,11.583011583011583,82.62548262548263,8.494208494208493,74.13127413127413
E00113998,253,38,19,19,215,21,194,15.019762845849801,7.5098814229249005,7.5098814229249005,84.98023715415019,8.300395256916996,76.6798418972332
E00113999,310,57,19,38,253,27,226,18.387096774193548,6.129032258064516,12.258064516129032,81.61290322580645,8.709677419354838,72.90322580645162
E00114000,371,81,29,52,290,20,270,21.83288409703504,7.816711590296496,14.016172506738545,78.16711590296495,5.3908355795148255,72.77628032345014
E00114001,303,79,39,40,224,23,201,26.072607260726073,12.871287128712872,13.2013201320132,73.92739273927393,7.590759075907591,66.33663366336634
E00114002,284,46,14,32,238,24,214,16.19718309859155,4.929577464788732,11.267605633802818,83.80281690140845,8.450704225352112,75.35211267605634
E00114003,319,68,23,45,251,24,227,21.316614420062695,7.210031347962382,14.106583072100312,78.68338557993731,7.523510971786834,71.15987460815047
E00114004,314,44,11,33,270,20,250,14.012738853503185,3.5031847133757963,10.509554140127388,85.98726114649682,6.369426751592357,79.61783439490446
E00114005,275,92,49,43,183,14,169,33.45454545454545,17.81818181818182,15.636363636363637,66.54545454545455,5.090909090909091,61.45454545454545
E00114006,296,35,14,21,261,16,245,11.824324324324325,4.72972972972973,7.094594594594595,88.17567567567568,5.405405405405405,82.77027027027027
E00114007,306,55,25,30,251,28,223,17.973856209150327,8.169934640522875,9.803921568627452,82.02614379084967,9.15032679738562,72.87581699346404
E00114008,290,58,23,35,232,29,203,20,7.931034482758621,12.068965517241379,80,10,70
E00114009,286,55,14,41,231,30,201,19.230769230769234,4.895104895104895,14.335664335664337,80.76923076923077,10.48951048951049,70.27972027972028
E00114010,261,54,20,34,207,34,173,20.689655172413794,7.662835249042145,13.026819923371647,79.3103448275862,13.026819923371647,66.28352490421456
E00114011,301,37,16,21,264,35,229,12.29235880398671,5.3156146179401995,6.976744186046512,87.70764119601328,11.627906976744185,76.0797342192691
E00114012,280,42,15,27,238,27,211,15,5.357142857142857,9.642857142857144,85,9.642857142857144,75.35714285714286
E00114013,272,41,19,22,231,31,200,15.073529411764705,6.985294117647059,8.088235294117647,84.92647058823529,11.397058823529411,73.52941176470588
E00114014,331,52,16,36,279,32,247,15.709969788519636,4.833836858006042,10.876132930513595,84.29003021148036,9.667673716012084,74.62235649546828
E00114015,337,43,11,32,294,18,276,12.759643916913946,3.2640949554896146,9.495548961424333,87.24035608308606,5.341246290801187,81.89910979228486
E00114016,249,50,25,25,199,22,177,20.080321285140563,10.040160642570282,10.040160642570282,79.91967871485943,8.835341365461847,71.08433734939759
E00114017,270,69,26,43,201,26,175,25.555555555555554,9.62962962962963,15.925925925925927,74.44444444444444,9.62962962962963,64.81481481481481
E00114018,276,54,19,35,222,32,190,19.565217391304348,6.884057971014493,12.681159420289855,80.43478260869566,11.594202898550725,68.84057971014492
E00114019,271,53,20,33,218,17,201,19.557195571955717,7.380073800738007,12.177121771217712,80.44280442804428,6.273062730627306,74.16974169741697
E00114020,315,84,41,43,231,15,216,26.666666666666668,13.015873015873018,13.65079365079365,73.33333333333333,4.761904761904762,68.57142857142857
E00114021,330,71,22,49,259,21,238,21.515151515151516,6.666666666666667,14.84848484848485,78.48484848484848,6.363636363636363,72.12121212121212
E00114022,272,48,17,31,224,26,198,17.647058823529413,6.25,11.397058823529411,82.35294117647058,9.558823529411764,72.79411764705883
E00114023,212,46,11,35,166,21,145,21.69811320754717,5.188679245283019,16.50943396226415,78.30188679245283,9.90566037735849,68.39622641509435
E00114024,348,48,10,38,300,27,273,13.793103448275861,2.8735632183908044,10.919540229885058,86.20689655172413,7.758620689655173,78.44827586206897
E00114025,299,33,6,27,266,20,246,11.036789297658862,2.0066889632107023,9.03010033444816,88.96321070234113,6.688963210702341,82.2742474916388
E00114026,245,36,11,25,209,29,180,14.69387755102041,4.489795918367347,10.204081632653061,85.3061224489796,11.83673469387755,73.46938775510205
E00114027,270,44,17,27,226,27,199,16.296296296296298,6.296296296296296,10,83.7037037037037,10,73.70370370370371
E00114028,405,66,25,41,339,34,305,16.296296296296298,6.172839506172839,10.123456790123457,83.7037037037037,8.395061728395062,75.30864197530865
E00114029,295,42,15,27,253,35,218,14.237288135593221,5.084745762711865,9.152542372881356,85.76271186440678,11.864406779661017,73.89830508474576
E00114030,380,87,33,54,293,23,270,22.894736842105264,8.68421052631579,14.210526315789473,77.10526315789473,6.052631578947368,71.05263157894737
E00114031,351,80,24,56,271,31,240,22.79202279202279,6.837606837606838,15.954415954415953,77.20797720797721,8.831908831908832,68.37606837606837
E00114032,340,54,23,31,286,37,249,15.88235294117647,6.764705882352941,9.117647058823529,84.11764705882354,10.882352941176471,73.23529411764706
E00114033,255,33,9,24,222,29,193,12.941176470588237,3.5294117647058822,9.411764705882353,87.05882352941177,11.372549019607844,75.68627450980392
E00114034,268,46,17,29,222,21,201,17.16417910447761,6.343283582089552,10.820895522388058,82.83582089552239,7.835820895522389,75
E00114035,218,47,23,24,171,23,148,21.55963302752294,10.550458715596331,11.009174311926607,78.44036697247707,10.550458715596331,67.88990825688074
E00114036,256,48,20,28,208,27,181,18.75,7.8125,10.9375,81.25,10.546875,70.703125
E00114037,315,44,13,31,271,28,243,13.968253968253968,4.1269841269841265,9.841269841269842,86.03174603174604,8.88888888888889,77.14285714285715
E00114038,313,49,16,33,264,34,230,15.654952076677317,5.111821086261981,10.543130990415335,84.34504792332268,10.86261980830671,73.48242811501598
E00114039,288,32,8,24,256,23,233,11.11111111111111,2.7777777777777777,8.333333333333332,88.88888888888889,7.986111111111111,80.90277777777779
E00114040,316,59,17,42,257,25,232,18.670886075949365,5.379746835443038,13.291139240506327,81.32911392405063,7.9113924050632916,73.41772151898735
E00114041,289,44,19,25,245,19,226,15.22491349480969,6.5743944636678195,8.650519031141869,84.77508650519032,6.5743944636678195,78.20069204152249
E00114042,252,26,4,22,226,24,202,10.317460317460316,1.5873015873015872,8.73015873015873,89.68253968253968,9.523809523809524,80.15873015873017
E00114043,302,52,16,36,250,25,225,17.218543046357617,5.298013245033113,11.920529801324504,82.78145695364239,8.27814569536424,74.50331125827815
E00114044,293,63,23,40,230,28,202,21.501706484641637,7.849829351535837,13.651877133105803,78.49829351535837,9.556313993174061,68.94197952218431
E00114045,264,35,10,25,229,40,189,13.257575757575758,3.787878787878788,9.469696969696969,86.74242424242425,15.151515151515152,71.5909090909091
E00114046,261,53,23,30,208,27,181,20.306513409961685,8.812260536398467,11.494252873563218,79.6934865900383,10.344827586206897,69.34865900383141
E00114047,324,66,22,44,258,18,240,20.37037037037037,6.790123456790123,13.580246913580247,79.62962962962963,5.555555555555555,74.07407407407408
E00114048,299,39,12,27,260,25,235,13.043478260869565,4.013377926421405,9.03010033444816,86.95652173913044,8.361204013377927,78.59531772575251
E00114049,243,37,7,30,206,20,186,15.22633744855967,2.880658436213992,12.345679012345679,84.77366255144034,8.23045267489712,76.5432098765432
E00114051,274,34,10,24,240,29,211,12.408759124087592,3.64963503649635,8.75912408759124,87.59124087591242,10.583941605839415,77.00729927007299
E00114053,588,54,14,40,534,59,475,9.183673469387756,2.380952380952381,6.802721088435375,90.81632653061224,10.034013605442176,80.78231292517006
E00114054,272,37,14,23,235,30,205,13.602941176470587,5.147058823529411,8.455882352941178,86.39705882352942,11.029411764705882,75.36764705882352
E00114055,319,42,8,34,277,26,251,13.166144200626958,2.507836990595611,10.658307210031348,86.83385579937304,8.150470219435736,78.68338557993731
E00114057,260,56,14,42,204,27,177,21.53846153846154,5.384615384615385,16.153846153846153,78.46153846153847,10.384615384615385,68.07692307692308
E00114058,291,50,20,30,241,24,217,17.18213058419244,6.872852233676976,10.309278350515463,82.81786941580756,8.24742268041237,74.5704467353952
E00114059,337,65,39,26,272,31,241,19.287833827893174,11.572700296735905,7.71513353115727,80.71216617210682,9.198813056379821,71.51335311572701
E00114060,182,43,16,27,139,21,118,23.626373626373624,8.791208791208792,14.835164835164836,76.37362637362637,11.538461538461538,64.83516483516483
E00114061,299,41,11,30,258,22,236,13.712374581939798,3.678929765886288,10.033444816053512,86.2876254180602,7.357859531772576,78.92976588628763
E00114062,313,42,16,26,271,31,240,13.418530351437699,5.111821086261981,8.30670926517572,86.5814696485623,9.904153354632587,76.6773162939297
E00114063,305,76,33,43,229,20,209,24.91803278688525,10.819672131147541,14.098360655737704,75.08196721311475,6.557377049180328,68.52459016393443
E00114065,207,50,17,33,157,22,135,24.154589371980677,8.212560386473431,15.942028985507244,75.84541062801932,10.628019323671497,65.21739130434783
E00114066,311,64,22,42,247,29,218,20.578778135048232,7.07395498392283,13.504823151125404,79.42122186495176,9.32475884244373,70.09646302250803
E00114067,304,50,20,30,254,40,214,16.447368421052634,6.578947368421052,9.868421052631579,83.55263157894737,13.157894736842104,70.39473684210526
E00114068,290,63,18,45,227,14,213,21.72413793103448,6.206896551724138,15.517241379310345,78.27586206896552,4.827586206896552,73.44827586206897
E00114069,257,73,31,42,184,13,171,28.404669260700388,12.062256809338521,16.342412451361866,71.59533073929961,5.058365758754864,66.53696498054474
E00114070,273,52,20,32,221,10,211,19.047619047619047,7.326007326007327,11.72161172161172,80.95238095238095,3.6630036630036633,77.2893772893773
E00114071,341,60,22,38,281,23,258,17.595307917888565,6.451612903225806,11.143695014662756,82.40469208211144,6.744868035190615,75.65982404692082
E00114074,189,39,17,22,150,18,132,20.634920634920633,8.994708994708994,11.64021164021164,79.36507936507937,9.523809523809524,69.84126984126983
E00114075,273,53,22,31,220,16,204,19.413919413919416,8.058608058608058,11.355311355311356,80.58608058608058,5.86080586080586,74.72527472527473
E00114076,255,55,20,35,200,20,180,21.568627450980394,7.8431372549019605,13.725490196078432,78.43137254901961,7.8431372549019605,70.58823529411765
E00114077,579,85,21,64,494,55,439,14.680483592400693,3.6269430051813467,11.053540587219343,85.31951640759931,9.499136442141623,75.82037996545769
E00114078,264,29,7,22,235,29,206,10.984848484848484,2.6515151515151514,8.333333333333332,89.01515151515152,10.984848484848484,78.03030303030303
E00114079,219,38,12,26,181,13,168,17.35159817351598,5.47945205479452,11.87214611872146,82.64840182648402,5.93607305936073,76.71232876712328
E00114080,319,63,36,27,256,23,233,19.74921630094044,11.285266457680251,8.463949843260188,80.25078369905955,7.210031347962382,73.04075235109718
E00114081,234,20,6,14,214,32,182,8.547008547008547,2.564102564102564,5.982905982905983,91.45299145299145,13.675213675213676,77.77777777777779
E00114082,238,18,4,14,220,22,198,7.563025210084033,1.680672268907563,5.88235294117647,92.43697478991596,9.243697478991598,83.19327731092437
E00114083,290,42,12,30,248,31,217,14.482758620689657,4.137931034482759,10.344827586206897,85.51724137931035,10.689655172413794,74.82758620689656
E00114084,254,31,13,18,223,22,201,12.204724409448819,5.118110236220472,7.086614173228346,87.79527559055119,8.661417322834646,79.13385826771653
E00114085,323,58,24,34,265,18,247,17.956656346749224,7.430340557275541,10.526315789473683,82.04334365325077,5.572755417956656,76.47058823529412
E00114086,289,28,6,22,261,32,229,9.688581314878892,2.0761245674740483,7.612456747404845,90.3114186851211,11.072664359861593,79.23875432525952
E00114087,252,27,8,19,225,22,203,10.714285714285714,3.1746031746031744,7.5396825396825395,89.28571428571429,8.73015873015873,80.55555555555556
E00114089,298,33,6,27,265,24,241,11.073825503355705,2.013422818791946,9.060402684563758,88.9261744966443,8.053691275167784,80.87248322147651
E00114090,241,52,25,27,189,22,167,21.57676348547718,10.37344398340249,11.20331950207469,78.42323651452283,9.12863070539419,69.29460580912863
E00114091,219,43,11,32,176,11,165,19.63470319634703,5.0228310502283104,14.61187214611872,80.36529680365297,5.0228310502283104,75.34246575342466
E00114092,380,64,28,36,316,29,287,16.842105263157894,7.368421052631578,9.473684210526317,83.15789473684211,7.631578947368421,75.52631578947368
E00114093,322,52,22,30,270,20,250,16.149068322981368,6.832298136645963,9.316770186335404,83.85093167701864,6.211180124223603,77.63975155279503
E00114094,268,43,14,29,225,36,189,16.044776119402986,5.223880597014925,10.820895522388058,83.95522388059702,13.432835820895523,70.52238805970148
E00114095,289,72,33,39,217,16,201,24.91349480968858,11.418685121107266,13.494809688581316,75.08650519031141,5.536332179930796,69.55017301038062
E00114096,317,48,14,34,269,18,251,15.141955835962145,4.416403785488959,10.725552050473187,84.85804416403786,5.678233438485805,79.17981072555204
E00114097,538,84,24,60,454,45,409,15.613382899628252,4.4609665427509295,11.152416356877323,84.38661710037175,8.364312267657994,76.02230483271374
E00114098,534,62,20,42,472,40,432,11.610486891385769,3.7453183520599254,7.865168539325842,88.38951310861424,7.490636704119851,80.89887640449437
E00114099,218,27,8,19,191,11,180,12.385321100917432,3.669724770642202,8.715596330275229,87.61467889908256,5.045871559633028,82.56880733944955
E00114100,561,83,27,56,478,35,443,14.795008912655971,4.81283422459893,9.982174688057041,85.20499108734403,6.23885918003565,78.96613190730838
E00114101,111,31,15,16,80,5,75,27.927927927927925,13.513513513513514,14.414414414414415,72.07207207207207,4.504504504504505,67.56756756756756
E00114102,542,72,25,47,470,39,431,13.284132841328415,4.612546125461255,8.671586715867159,86.71586715867159,7.195571955719557,79.52029520295203
E00114103,268,36,11,25,232,22,210,13.432835820895523,4.104477611940299,9.328358208955224,86.56716417910447,8.208955223880597,78.35820895522389
E00114104,222,43,18,25,179,20,159,19.36936936936937,8.108108108108109,11.26126126126126,80.63063063063063,9.00900900900901,71.62162162162163
E00114107,160,30,14,16,130,8,122,18.75,8.75,10,81.25,5,76.25
E00114108,309,65,22,43,244,22,222,21.035598705501616,7.119741100323624,13.915857605177994,78.96440129449837,7.119741100323624,71.84466019417476
E00114109,146,27,10,17,119,17,102,18.493150684931507,6.8493150684931505,11.643835616438356,81.5068493150685,11.643835616438356,69.86301369863014
E00114110,362,52,18,34,310,33,277,14.3646408839779,4.972375690607735,9.392265193370166,85.6353591160221,9.116022099447514,76.51933701657458
E00114111,249,37,18,19,212,18,194,14.859437751004014,7.228915662650602,7.630522088353414,85.14056224899599,7.228915662650602,77.91164658634538
E00114112,128,26,7,19,102,10,92,20.3125,5.46875,14.84375,79.6875,7.8125,71.875
E00114113,145,16,5,11,129,8,121,11.03448275862069,3.4482758620689653,7.586206896551724,88.96551724137932,5.517241379310345,83.44827586206897
E00114114,125,18,6,12,107,11,96,14.399999999999999,4.8,9.6,85.6,8.799999999999999,76.8
E00114115,262,16,0,16,246,25,221,6.106870229007633,0,6.106870229007633,93.89312977099237,9.541984732824428,84.35114503816794
E00114116,288,36,16,20,252,26,226,12.5,5.555555555555555,6.944444444444445,87.5,9.027777777777777,78.47222222222221
E00114117,250,35,13,22,215,20,195,14.000000000000002,5.2,8.799999999999999,86,8,78
E00114118,294,44,15,29,250,34,216,14.965986394557824,5.1020408163265305,9.863945578231291,85.03401360544217,11.564625850340136,73.46938775510205
E00114119,225,30,12,18,195,27,168,13.333333333333334,5.333333333333334,8,86.66666666666667,12,74.66666666666667
E00114120,386,58,13,45,328,38,290,15.025906735751295,3.3678756476683938,11.658031088082902,84.97409326424871,9.844559585492227,75.12953367875647
E00114121,435,52,14,38,383,36,347,11.954022988505747,3.218390804597701,8.735632183908045,88.04597701149424,8.275862068965518,79.77011494252874
E00114122,325,46,14,32,279,25,254,14.153846153846153,4.3076923076923075,9.846153846153847,85.84615384615385,7.6923076923076925,78.15384615384615
E00114123,213,45,21,24,168,15,153,21.12676056338028,9.859154929577464,11.267605633802818,78.87323943661971,7.042253521126761,71.83098591549296
E00114124,440,86,37,49,354,37,317,19.545454545454547,8.409090909090908,11.136363636363637,80.45454545454545,8.409090909090908,72.04545454545455
E00114125,429,78,27,51,351,38,313,18.181818181818183,6.293706293706294,11.888111888111888,81.81818181818183,8.857808857808857,72.96037296037296
E00114126,447,70,24,46,377,41,336,15.659955257270694,5.369127516778524,10.290827740492169,84.3400447427293,9.172259507829978,75.16778523489933
E00114127,317,53,17,36,264,34,230,16.7192429022082,5.3627760252365935,11.35646687697161,83.2807570977918,10.725552050473187,72.55520504731862
E00114128,259,63,22,41,196,21,175,24.324324324324326,8.494208494208493,15.83011583011583,75.67567567567568,8.108108108108109,67.56756756756756
E00114129,290,50,21,29,240,32,208,17.24137931034483,7.241379310344828,10,82.75862068965517,11.03448275862069,71.72413793103448
E00114131,611,32,8,24,579,25,554,5.237315875613748,1.309328968903437,3.927986906710311,94.76268412438625,4.091653027823241,90.67103109656301
E00114132,420,71,39,32,349,32,317,16.904761904761905,9.285714285714286,7.6190476190476195,83.0952380952381,7.6190476190476195,75.47619047619048
E00114133,563,37,11,26,526,23,503,6.571936056838366,1.9538188277087036,4.618117229129663,93.42806394316163,4.085257548845471,89.34280639431617
E00114134,323,90,47,43,233,27,206,27.86377708978328,14.551083591331269,13.312693498452013,72.13622291021672,8.359133126934983,63.77708978328174
E00114136,349,57,22,35,292,20,272,16.332378223495702,6.303724928366762,10.028653295128938,83.66762177650429,5.730659025787966,77.93696275071633
E00114137,294,65,20,45,229,30,199,22.108843537414966,6.802721088435375,15.306122448979592,77.89115646258503,10.204081632653061,67.68707482993197
E00114138,212,26,11,15,186,15,171,12.264150943396226,5.188679245283019,7.0754716981132075,87.73584905660378,7.0754716981132075,80.66037735849056
E00114139,331,25,9,16,306,24,282,7.552870090634441,2.719033232628399,4.833836858006042,92.44712990936556,7.250755287009064,85.1963746223565
E00114140,264,50,16,34,214,20,194,18.939393939393938,6.0606060606060606,12.878787878787879,81.06060606060606,7.575757575757576,73.48484848484848
E00114141,162,27,6,21,135,13,122,16.666666666666664,3.7037037037037033,12.962962962962962,83.33333333333334,8.024691358024691,75.30864197530865
E00114142,189,25,8,17,164,18,146,13.227513227513226,4.232804232804233,8.994708994708994,86.77248677248677,9.523809523809524,77.24867724867724
E00114143,396,53,8,45,343,31,312,13.383838383838384,2.0202020202020203,11.363636363636363,86.61616161616162,7.828282828282829,78.78787878787878
E00114144,491,64,21,43,427,30,397,13.034623217922606,4.276985743380855,8.757637474541752,86.9653767820774,6.109979633401222,80.85539714867616
E00114145,288,35,15,20,253,33,220,12.152777777777777,5.208333333333334,6.944444444444445,87.84722222222221,11.458333333333332,76.38888888888889
E00114146,313,58,24,34,255,29,226,18.53035143769968,7.667731629392971,10.86261980830671,81.46964856230032,9.26517571884984,72.20447284345049
E00114147,318,39,10,29,279,24,255,12.264150943396226,3.1446540880503147,9.119496855345911,87.73584905660378,7.547169811320755,80.18867924528303
E00114148,244,59,26,33,185,12,173,24.18032786885246,10.655737704918032,13.524590163934427,75.81967213114754,4.918032786885246,70.90163934426229
E00114149,256,37,12,25,219,25,194,14.453125,4.6875,9.765625,85.546875,9.765625,75.78125
E00114150,283,58,21,37,225,20,205,20.49469964664311,7.420494699646643,13.074204946996467,79.50530035335689,7.06713780918728,72.43816254416961
E00114151,330,40,18,22,290,30,260,12.121212121212121,5.454545454545454,6.666666666666667,87.87878787878788,9.090909090909092,78.78787878787878
E00114152,440,110,47,63,330,29,301,25,10.681818181818182,14.318181818181818,75,6.59090909090909,68.4090909090909
E00114153,554,80,39,41,474,34,440,14.440433212996389,7.039711191335741,7.400722021660649,85.5595667870036,6.137184115523466,79.42238267148014
E00114154,340,56,20,36,284,27,257,16.470588235294116,5.88235294117647,10.588235294117647,83.52941176470588,7.941176470588235,75.58823529411765
E00114155,325,51,20,31,274,36,238,15.692307692307692,6.153846153846154,9.538461538461538,84.3076923076923,11.076923076923077,73.23076923076923
E00114156,287,58,22,36,229,18,211,20.209059233449477,7.665505226480835,12.543554006968641,79.79094076655052,6.2717770034843205,73.5191637630662
E00114157,337,35,9,26,302,24,278,10.385756676557865,2.6706231454005933,7.71513353115727,89.61424332344214,7.121661721068249,82.49258160237389
E00114158,263,42,18,24,221,20,201,15.96958174904943,6.844106463878327,9.125475285171103,84.03041825095056,7.604562737642586,76.42585551330798
E00114159,279,95,53,42,184,22,162,34.05017921146953,18.996415770609318,15.053763440860216,65.94982078853047,7.885304659498208,58.06451612903226
E00114160,321,47,16,31,274,28,246,14.641744548286603,4.984423676012461,9.657320872274143,85.35825545171339,8.722741433021806,76.63551401869158
E00114161,499,71,25,46,428,45,383,14.228456913827655,5.01002004008016,9.218436873747494,85.77154308617234,9.01803607214429,76.75350701402806
E00114162,311,52,19,33,259,34,225,16.720257234726688,6.109324758842444,10.610932475884244,83.27974276527331,10.932475884244374,72.34726688102894
E00114163,243,34,13,21,209,16,193,13.991769547325102,5.349794238683128,8.641975308641975,86.0082304526749,6.584362139917696,79.42386831275721
E00114165,309,38,7,31,271,23,248,12.297734627831716,2.26537216828479,10.032362459546926,87.70226537216828,7.443365695792881,80.2588996763754
E00114166,327,64,25,39,263,27,236,19.571865443425075,7.64525993883792,11.926605504587156,80.42813455657493,8.256880733944955,72.17125382262996
E00114167,243,50,25,25,193,25,168,20.5761316872428,10.2880658436214,10.2880658436214,79.42386831275721,10.2880658436214,69.1358024691358
E00114168,321,34,7,27,287,30,257,10.59190031152648,2.1806853582554515,8.411214953271028,89.40809968847351,9.345794392523365,80.06230529595015
E00114169,260,70,37,33,190,18,172,26.923076923076923,14.23076923076923,12.692307692307692,73.07692307692307,6.923076923076923,66.15384615384615
E00114170,210,54,21,33,156,18,138,25.71428571428571,10,15.714285714285714,74.28571428571429,8.571428571428571,65.71428571428571
E00114172,222,31,15,16,191,20,171,13.963963963963963,6.756756756756757,7.207207207207207,86.03603603603604,9.00900900900901,77.02702702702703
E00114173,267,63,24,39,204,24,180,23.595505617977526,8.98876404494382,14.606741573033707,76.40449438202246,8.98876404494382,67.41573033707866
E00114174,276,42,12,30,234,27,207,15.217391304347828,4.3478260869565215,10.869565217391305,84.78260869565217,9.782608695652174,75
E00114175,269,43,14,29,226,23,203,15.985130111524162,5.204460966542751,10.780669144981413,84.01486988847584,8.550185873605948,75.46468401486989
E00114176,246,32,13,19,214,23,191,13.008130081300814,5.284552845528456,7.723577235772358,86.99186991869918,9.34959349593496,77.64227642276423
E00114177,254,51,20,31,203,15,188,20.078740157480315,7.874015748031496,12.204724409448819,79.92125984251969,5.905511811023622,74.01574803149606
E00114178,301,41,18,23,260,29,231,13.621262458471762,5.980066445182724,7.641196013289036,86.37873754152824,9.634551495016613,76.74418604651163
E00114179,200,50,20,30,150,19,131,25,10,15,75,9.5,65.5
E00114180,316,36,10,26,280,37,243,11.39240506329114,3.1645569620253164,8.227848101265822,88.60759493670885,11.708860759493671,76.89873417721519
E00114181,331,34,11,23,297,32,265,10.27190332326284,3.3232628398791544,6.948640483383686,89.72809667673715,9.667673716012084,80.06042296072508
E00114182,218,49,19,30,169,18,151,22.477064220183486,8.715596330275229,13.761467889908257,77.52293577981652,8.256880733944955,69.26605504587155
E00114183,242,69,29,40,173,14,159,28.512396694214875,11.983471074380166,16.528925619834713,71.48760330578511,5.785123966942149,65.70247933884298
E00114184,430,63,25,38,367,33,334,14.651162790697676,5.813953488372093,8.837209302325581,85.34883720930233,7.674418604651163,77.67441860465117
E00114186,287,52,17,35,235,25,210,18.118466898954704,5.923344947735192,12.195121951219512,81.8815331010453,8.710801393728223,73.17073170731707
E00114187,311,65,36,29,246,18,228,20.90032154340836,11.57556270096463,9.32475884244373,79.09967845659163,5.787781350482315,73.31189710610933
E00114188,335,70,37,33,265,22,243,20.8955223880597,11.044776119402986,9.850746268656717,79.1044776119403,6.567164179104477,72.53731343283583
E00114189,241,45,16,29,196,12,184,18.672199170124482,6.639004149377594,12.033195020746888,81.32780082987551,4.979253112033195,76.34854771784232
E00114190,271,60,22,38,211,8,203,22.14022140221402,8.118081180811808,14.022140221402212,77.85977859778598,2.952029520295203,74.90774907749078
E00114191,281,53,14,39,228,17,211,18.86120996441281,4.98220640569395,13.87900355871886,81.13879003558719,6.049822064056939,75.08896797153025
E00114192,239,47,19,28,192,18,174,19.665271966527197,7.949790794979079,11.715481171548117,80.3347280334728,7.531380753138076,72.80334728033473
E00114194,276,60,17,43,216,26,190,21.73913043478261,6.159420289855073,15.579710144927535,78.26086956521739,9.420289855072465,68.84057971014492
E00114195,278,51,17,34,227,20,207,18.345323741007196,6.115107913669065,12.23021582733813,81.65467625899281,7.1942446043165464,74.46043165467626
E00114196,296,58,18,40,238,26,212,19.594594594594593,6.081081081081082,13.513513513513514,80.4054054054054,8.783783783783784,71.62162162162163
E00114197,282,69,17,52,213,28,185,24.46808510638298,6.028368794326241,18.439716312056735,75.53191489361703,9.929078014184398,65.60283687943263
E00114198,184,63,28,35,121,16,105,34.23913043478261,15.217391304347828,19.021739130434785,65.76086956521739,8.695652173913043,57.065217391304344
E00114199,213,40,20,20,173,21,152,18.779342723004692,9.389671361502346,9.389671361502346,81.2206572769953,9.859154929577464,71.36150234741784
E00114201,307,53,18,35,254,35,219,17.263843648208468,5.863192182410423,11.400651465798045,82.73615635179154,11.400651465798045,71.33550488599349
E00114202,244,42,10,32,202,30,172,17.21311475409836,4.098360655737705,13.114754098360656,82.78688524590164,12.295081967213115,70.49180327868852
E00114203,275,61,28,33,214,18,196,22.181818181818183,10.181818181818182,12,77.81818181818181,6.545454545454546,71.27272727272728
E00114204,283,66,28,38,217,25,192,23.32155477031802,9.89399293286219,13.427561837455832,76.67844522968198,8.8339222614841,67.84452296819788
E00114205,233,41,16,25,192,25,167,17.59656652360515,6.866952789699571,10.72961373390558,82.40343347639485,10.72961373390558,71.67381974248927
E00114206,218,37,13,24,181,31,150,16.972477064220186,5.963302752293578,11.009174311926607,83.02752293577981,14.220183486238533,68.80733944954129
E00114207,210,70,29,41,140,16,124,33.33333333333333,13.80952380952381,19.523809523809526,66.66666666666666,7.6190476190476195,59.04761904761905
E00114208,202,48,24,24,154,15,139,23.762376237623762,11.881188118811881,11.881188118811881,76.23762376237624,7.425742574257425,68.8118811881188
E00114209,195,44,17,27,151,15,136,22.564102564102566,8.717948717948717,13.846153846153847,77.435897435897445,7.6923076923076925,69.74358974358974
E00114210,106,25,6,19,81,14,67,23.58490566037736,5.660377358490567,17.92452830188679,76.41509433962264,13.20754716981132,63.20754716981132
E00114211,417,57,25,32,360,38,322,13.66906474820144,5.995203836930456,7.673860911270983,86.33093525179856,9.112709832134293,77.21822541966426
E00114212,454,79,36,43,375,36,339,17.400881057268723,7.929515418502203,9.47136563876652,82.59911894273128,7.929515418502203,74.66960352422907
E00114213,301,47,16,31,254,28,226,15.614617940199334,5.3156146179401995,10.299003322259136,84.38538205980066,9.30232558139535,75.08305647840533
E00114214,391,60,23,37,331,35,296,15.34526854219949,5.88235294117647,9.462915601023019,84.65473145780051,8.951406649616368,75.70332480818415
E00114215,273,38,14,24,235,26,209,13.91941391941392,5.128205128205128,8.791208791208792,86.08058608058609,9.523809523809524,76.55677655677655
E00114216,403,65,15,50,338,31,307,16.129032258064516,3.722084367245657,12.40694789081886,83.87096774193549,7.6923076923076925,76.1786600496278
E00114217,463,63,17,46,400,42,358,13.606911447084233,3.6717062634989204,9.935205183585314,86.39308855291577,9.071274298056156,77.32181425485962
E00114219,320,43,15,28,277,24,253,13.4375,4.6875,8.75,86.5625,7.5,79.0625
E00114221,394,48,13,35,346,36,310,12.18274111675127,3.2994923857868024,8.883248730964468,87.81725888324873,9.137055837563452,78.68020304568529
E00114223,353,83,35,48,270,24,246,23.512747875354105,9.91501416430595,13.59773371104816,76.48725212464589,6.79886685552408,69.68838526912181
E00114224,259,36,14,22,223,27,196,13.8996138996139,5.405405405405405,8.494208494208493,86.10038610038609,10.424710424710424,75.67567567567568
E00114225,395,65,24,41,330,28,302,16.455696202531644,6.075949367088607,10.379746835443038,83.54430379746836,7.088607594936709,76.45569620253164
E00114227,249,46,9,37,203,21,182,18.473895582329316,3.614457831325301,14.859437751004014,81.52610441767068,8.433734939759036,73.09236947791165
E00114228,281,58,24,34,223,36,187,20.640569395017792,8.540925266903916,12.099644128113878,79.35943060498221,12.811387900355871,66.54804270462633
E00114229,254,47,19,28,207,27,180,18.503937007874015,7.480314960629922,11.023622047244094,81.49606299212599,10.62992125984252,70.86614173228347
E00114230,305,55,15,40,250,31,219,18.0327868852459,4.918032786885246,13.114754098360656,81.9672131147541,10.163934426229508,71.80327868852459
E00114231,154,49,27,22,105,11,94,31.818181818181817,17.532467532467532,14.285714285714285,68.18181818181817,7.142857142857142,61.038961038961034
E00114232,184,29,12,17,155,17,138,15.760869565217392,6.521739130434782,9.239130434782608,84.23913043478261,9.239130434782608,75
E00114233,296,71,25,46,225,23,202,23.986486486486484,8.445945945945946,15.54054054054054,76.01351351351352,7.77027027027027,68.24324324324324
E00114234,203,31,8,23,172,20,152,15.270935960591133,3.9408866995073892,11.330049261083744,84.72906403940887,9.852216748768473,74.8768472906404
E00114235,235,48,15,33,187,21,166,20.425531914893615,6.382978723404255,14.042553191489363,79.57446808510639,8.936170212765958,70.63829787234043
E00114236,252,59,17,42,193,17,176,23.41269841269841,6.746031746031746,16.666666666666664,76.5873015873016,6.746031746031746,69.84126984126983
E00114237,309,43,15,28,266,20,246,13.915857605177994,4.854368932038835,9.06148867313916,86.08414239482201,6.472491909385113,79.6116504854369
E00114238,219,32,12,20,187,18,169,14.61187214611872,5.47945205479452,9.1324200913242,85.38812785388129,8.21917808219178,77.1689497716895
E00168987,314,46,16,30,268,22,246,14.64968152866242,5.095541401273886,9.554140127388536,85.35031847133759,7.006369426751593,78.343949044586
E00168988,260,43,13,30,217,19,198,16.538461538461537,5,11.538461538461538,83.46153846153847,7.307692307692308,76.15384615384615
E00168989,192,37,12,25,155,13,142,19.270833333333336,6.25,13.020833333333334,80.72916666666666,6.770833333333333,73.95833333333334
E00168990,621,62,22,40,559,39,520,9.98389694041868,3.542673107890499,6.44122383252818,90.01610305958133,6.280193236714976,83.73590982286635
E00168991,279,39,15,24,240,17,223,13.978494623655912,5.376344086021505,8.60215053763441,86.02150537634408,6.093189964157706,79.92831541218638
E00168992,177,55,27,28,122,16,106,31.07344632768362,15.254237288135593,15.819209039548024,68.92655367231639,9.03954802259887,59.887005649717516
E00168993,283,31,9,22,252,27,225,10.954063604240282,3.180212014134275,7.773851590106007,89.04593639575971,9.540636042402827,79.50530035335689
E00168994,226,24,7,17,202,29,173,10.619469026548673,3.0973451327433628,7.52212389380531,89.38053097345133,12.831858407079647,76.54867256637168
E00168995,353,25,4,21,328,22,306,7.0821529745042495,1.13314447592068,5.94900849858357,92.91784702549575,6.232294617563739,86.68555240793201
E00168996,266,27,5,22,239,17,222,10.150375939849624,1.8796992481203008,8.270676691729323,89.84962406015038,6.390977443609022,83.45864661654136
E00168997,352,34,8,26,318,29,289,9.659090909090908,2.272727272727273,7.386363636363637,90.3409090909091,8.238636363636363,82.10227272727273
E00168998,312,37,8,29,275,31,244,11.858974358974358,2.564102564102564,9.294871794871796,88.14102564102564,9.935897435897436,78.2051282051282
E00169000,205,30,10,20,175,16,159,14.634146341463413,4.878048780487805,9.75609756097561,85.36585365853658,7.804878048780488,77.5609756097561
E00169001,275,29,6,23,246,29,217,10.545454545454545,2.181818181818182,8.363636363636363,89.45454545454545,10.545454545454545,78.9090909090909
E00169002,330,36,7,29,294,28,266,10.909090909090908,2.1212121212121215,8.787878787878787,89.0909090909091,8.484848484848486,80.60606060606061
E00169003,280,47,10,37,233,32,201,16.785714285714285,3.571428571428571,13.214285714285715,83.21428571428572,11.428571428571429,71.78571428571429
E00169004,382,77,27,50,305,37,268,20.157068062827225,7.068062827225131,13.089005235602095,79.84293193717278,9.68586387434555,70.15706806282722
E00169005,225,22,5,17,203,17,186,9.777777777777779,2.2222222222222223,7.555555555555555,90.22222222222223,7.555555555555555,82.66666666666667
E00169006,330,29,9,20,301,33,268,8.787878787878787,2.727272727272727,6.0606060606060606,91.21212121212122,10,81.21212121212122
E00186327,335,49,13,36,286,27,259,14.626865671641792,3.880597014925373,10.746268656716417,85.37313432835822,8.059701492537313,77.31343283582089
E00186333,433,43,18,25,390,30,360,9.930715935334874,4.157043879907621,5.773672055427252,90.06928406466513,6.928406466512701,83.14087759815243
E00186339,124,7,1,6,117,9,108,5.64516129032258,0.8064516129032258,4.838709677419355,94.35483870967742,7.258064516129033,87.09677419354838
E00186340,559,67,18,49,492,40,452,11.985688729874775,3.2200357781753133,8.765652951699463,88.01431127012522,7.155635062611807,80.85867620751341
E00186343,582,74,24,50,508,26,482,12.714776632302405,4.123711340206185,8.59106529209622,87.2852233676976,4.4673539518900345,82.81786941580756
E00186347,320,44,15,29,276,21,255,13.750000000000002,4.6875,9.0625,86.25,6.5625,79.6875
E00186350,419,37,5,32,382,33,349,8.83054892601432,1.1933174224343674,7.637231503579953,91.16945107398568,7.875894988066825,83.29355608591885
E00186351,134,25,11,14,109,11,98,18.65671641791045,8.208955223880597,10.44776119402985,81.34328358208955,8.208955223880597,73.13432835820896
E00186354,161,27,14,13,134,6,128,16.77018633540373,8.695652173913043,8.074534161490684,83.22981366459628,3.7267080745341614,79.5031055900621
E00186355,320,62,28,34,258,17,241,19.375,8.75,10.625,80.625,5.3125,75.3125
E00186360,221,28,5,23,193,22,171,12.669683257918551,2.262443438914027,10.407239819004525,87.33031674208145,9.95475113122172,77.37556561085974
E00186363,274,20,7,13,254,18,236,7.2992700729927,2.5547445255474455,4.744525547445255,92.7007299270073,6.569343065693431,86.13138686131386
E00186372,136,18,10,8,118,5,113,13.23529411764706,7.352941176470589,5.88235294117647,86.76470588235294,3.6764705882352944,83.08823529411765
E00186373,534,47,17,30,487,39,448,8.801498127340825,3.1835205992509366,5.617977528089887,91.19850187265918,7.303370786516854,83.89513108614233
E00186378,148,17,5,12,131,16,115,11.486486486486488,3.3783783783783785,8.108108108108109,88.51351351351352,10.81081081081081,77.7027027027027
E00186387,315,43,18,25,272,26,246,13.65079365079365,5.714285714285714,7.936507936507936,86.34920634920636,8.253968253968253,78.0952380952381
E00186391,255,22,5,17,233,18,215,8.627450980392156,1.9607843137254901,6.666666666666667,91.37254901960785,7.0588235294117645,84.31372549019608
E00186397,327,31,10,21,296,26,270,9.480122324159021,3.058103975535168,6.422018348623854,90.51987767584097,7.951070336391437,82.56880733944955
E00186398,382,51,20,31,331,27,304,13.350785340314136,5.2356020942408374,8.115183246073299,86.64921465968587,7.068062827225131,79.58115183246073
E00186399,368,47,10,37,321,31,290,12.771739130434783,2.717391304347826,10.054347826086957,87.22826086956522,8.423913043478262,78.80434782608695
E00186401,345,37,12,25,308,27,281,10.72463768115942,3.4782608695652173,7.246376811594203,89.27536231884058,7.82608695652174,81.44927536231884
E00186402,436,62,17,45,374,32,342,14.220183486238533,3.89908256880734,10.321100917431194,85.77981651376146,7.339449541284404,78.44036697247707
E00186403,141,16,3,13,125,10,115,11.347517730496454,2.127659574468085,9.219858156028367,88.65248226950354,7.092198581560284,81.56028368794325
E00186408,578,43,14,29,535,40,495,7.439446366782007,2.422145328719723,5.017301038062284,92.56055363321799,6.920415224913495,85.6401384083045
E00186409,171,40,22,18,131,13,118,23.391812865497073,12.865497076023392,10.526315789473683,76.60818713450293,7.602339181286549,69.00584795321637
E00186412,236,29,13,16,207,26,181,12.288135593220339,5.508474576271186,6.779661016949152,87.71186440677965,11.016949152542372,76.69491525423729
E00186413,431,43,10,33,388,35,353,9.976798143851507,2.320185614849188,7.65661252900232,90.02320185614849,8.120649651972158,81.90255220417633
E00186416,222,55,18,37,167,23,144,24.774774774774773,8.108108108108109,16.666666666666664,75.22522522522522,10.36036036036036,64.86486486486487
E00186425,354,36,12,24,318,34,284,10.16949152542373,3.389830508474576,6.779661016949152,89.83050847457628,9.6045197740113,80.22598870056498
E00186428,439,56,16,40,383,37,346,12.756264236902052,3.644646924829157,9.111617312072893,87.24373576309794,8.428246013667426,78.81548974943053
E00186429,281,41,18,23,240,18,222,14.590747330960854,6.405693950177936,8.185053380782918,85.40925266903915,6.405693950177936,79.00355871886121
E00186431,206,33,8,25,173,17,156,16.019417475728158,3.8834951456310676,12.135922330097088,83.98058252427184,8.25242718446602,75.72815533980582
E00186434,619,61,23,38,558,46,512,9.8546042003231,3.715670436187399,6.138933764135703,90.14539579967689,7.431340872374798,82.7140549273021
E00186436,533,48,17,31,485,47,438,9.00562851782364,3.189493433395872,5.816135084427768,90.99437148217636,8.818011257035648,82.17636022514071
E00186437,276,33,11,22,243,18,225,11.956521739130435,3.985507246376811,7.971014492753622,88.04347826086956,6.521739130434782,81.52173913043478
E00186444,497,57,17,40,440,38,402,11.468812877263582,3.420523138832998,8.048289738430583,88.53118712273643,7.645875251509055,80.88531187122736
E00186448,283,25,6,19,258,20,238,8.8339222614841,2.1201413427561837,6.713780918727916,91.16607773851591,7.06713780918728,84.09893992932862
E00186449,318,29,9,20,289,16,273,9.119496855345911,2.8301886792452833,6.289308176100629,90.88050314465409,5.031446540880504,85.84905660377359
E00186452,244,15,3,12,229,17,212,6.147540983606557,1.2295081967213115,4.918032786885246,93.85245901639344,6.967213114754098,86.88524590163934
E00186454,134,11,2,9,123,12,111,8.208955223880597,1.4925373134328357,6.7164179104477615,91.7910447761194,8.955223880597014,82.83582089552239
E00186460,241,29,13,16,212,15,197,12.033195020746888,5.394190871369295,6.639004149377594,87.96680497925311,6.224066390041494,81.74273858921161
E00186471,310,56,20,36,254,20,234,18.064516129032256,6.451612903225806,11.612903225806452,81.93548387096774,6.451612903225806,75.48387096774194
E00186472,108,8,2,6,100,7,93,7.4074074074074066,1.8518518518518516,5.555555555555555,92.5925925925926,6.481481481481481,86.11111111111111
E00186485,464,33,6,27,431,35,396,7.112068965517242,1.293103448275862,5.818965517241379,92.88793103448276,7.543103448275862,85.34482758620689
E00186486,508,59,17,42,449,39,410,11.614173228346457,3.346456692913386,8.267716535433072,88.38582677165354,7.677165354330709,80.70866141732283
E00186487,536,61,20,41,475,62,413,11.380597014925373,3.731343283582089,7.649253731343284,88.61940298507463,11.567164179104477,77.05223880597015
E00186493,236,27,4,23,209,13,196,11.440677966101696,1.694915254237288,9.745762711864407,88.5593220338983,5.508474576271186,83.05084745762711
E00186499,171,22,5,17,149,14,135,12.865497076023392,2.923976608187134,9.941520467836257,87.13450292397661,8.187134502923977,78.94736842105263
E00186501,270,74,53,21,196,25,171,27.40740740740741,19.62962962962963,7.777777777777778,72.5925925925926,9.25925925925926,63.33333333333333
