OA,ts0380001,ts0380002,ts0380003,ts0380004,ts0380005,ts0380006,ts0380007,ts0380002_PCT,ts0380003_PCT,ts0380004_PCT,ts0380005_PCT,ts0380006_PCT,ts0380007_PCT
W00003354,418,83,33,50,335,28,307,19.85645933014354,7.894736842105263,11.961722488038278,80.14354066985646,6.698564593301436,73.44497607655502
W00003355,352,75,32,43,277,24,253,21.306818181818183,9.090909090909092,12.215909090909092,78.69318181818183,6.8181818181818175,71.875
W00003356,268,59,28,31,209,26,183,22.01492537313433,10.44776119402985,11.567164179104477,77.98507462686567,9.701492537313433,68.28358208955224
W00003357,290,49,14,35,241,15,226,16.896551724137932,4.827586206896552,12.068965517241379,83.10344827586206,5.172413793103448,77.93103448275862
W00003358,237,51,24,27,186,20,166,21.518987341772153,10.126582278481013,11.39240506329114,78.48101265822784,8.438818565400844,70.042194092827
W00003359,375,69,32,37,306,25,281,18.4,8.533333333333333,9.866666666666667,81.6,6.666666666666667,74.93333333333332
W00003360,392,89,41,48,303,23,280,22.70408163265306,10.459183673469388,12.244897959183673,77.29591836734694,5.86734693877551,71.42857142857143
W00003361,304,85,46,39,219,17,202,27.960526315789476,15.131578947368421,12.828947368421053,72.03947368421053,5.592105263157895,66.44736842105263
W00003362,225,59,29,30,166,13,153,26.222222222222225,12.88888888888889,13.333333333333334,73.77777777777777,5.777777777777778,68
W00003363,206,83,50,33,123,17,106,40.29126213592233,24.271844660194176,16.019417475728158,59.70873786407766,8.25242718446602,51.45631067961165
W00003364,293,67,32,35,226,17,209,22.866894197952217,10.921501706484642,11.945392491467576,77.13310580204778,5.802047781569966,71.33105802047781
W00003365,288,67,29,38,221,17,204,23.26388888888889,10.069444444444445,13.194444444444445,76.73611111111111,5.902777777777778,70.83333333333334
W00003366,325,73,40,33,252,24,228,22.46153846153846,12.307692307692308,10.153846153846153,77.53846153846153,7.384615384615385,70.15384615384616
W00003367,302,75,40,35,227,16,211,24.834437086092713,13.245033112582782,11.589403973509933,75.16556291390728,5.298013245033113,69.86754966887418
W00003368,238,92,52,40,146,12,134,38.655462184873954,21.84873949579832,16.80672268907563,61.34453781512605,5.042016806722689,56.30252100840336
W00003369,241,82,41,41,159,11,148,34.024896265560166,17.012448132780083,17.012448132780083,65.97510373443983,4.564315352697095,61.41078838174274
W00003370,328,86,38,48,242,16,226,26.21951219512195,11.585365853658537,14.634146341463413,73.78048780487805,4.878048780487805,68.90243902439023
W00003372,395,117,55,62,278,21,257,29.620253164556964,13.924050632911392,15.69620253164557,70.37974683544303,5.3164556962025316,65.0632911392405
W00003373,211,36,13,23,175,18,157,17.061611374407583,6.161137440758294,10.90047393364929,82.93838862559242,8.530805687203792,74.40758293838863
W00003374,306,92,45,47,214,16,198,30.065359477124183,14.705882352941178,15.359477124183007,69.93464052287581,5.228758169934641,64.70588235294117
W00003375,263,80,54,26,183,11,172,30.418250950570343,20.53231939163498,9.885931558935361,69.58174904942965,4.182509505703422,65.39923954372624
W00003376,279,79,40,39,200,15,185,28.31541218637993,14.336917562724013,13.978494623655912,71.68458781362007,5.376344086021505,66.30824372759857
W00003377,299,59,20,39,240,23,217,19.732441471571907,6.688963210702341,13.043478260869565,80.2675585284281,7.6923076923076925,72.5752508361204
W00003378,283,93,53,40,190,17,173,32.86219081272085,18.727915194346288,14.13427561837456,67.13780918727915,6.007067137809187,61.130742049469966
W00003379,303,75,34,41,228,19,209,24.752475247524753,11.221122112211221,13.531353135313532,75.24752475247524,6.270627062706271,68.97689768976898
W00003380,289,77,48,29,212,15,197,26.643598615916954,16.608996539792386,10.034602076124568,73.35640138408304,5.190311418685121,68.16608996539793
W00003381,150,57,32,25,93,7,86,38,21.333333333333336,16.666666666666664,62,4.666666666666667,57.333333333333336
W00003382,302,63,34,29,239,13,226,20.86092715231788,11.258278145695364,9.602649006622517,79.13907284768213,4.304635761589404,74.83443708609272
W00003383,240,47,25,22,193,20,173,19.583333333333332,10.416666666666668,9.166666666666666,80.41666666666667,8.333333333333332,72.08333333333333
W00003384,393,125,82,43,268,24,244,31.806615776081426,20.865139949109416,10.941475826972011,68.19338422391857,6.106870229007633,62.086513994910945
W00003385,304,76,44,32,228,22,206,25,14.473684210526317,10.526315789473683,75,7.236842105263158,67.76315789473685
W00003386,257,90,49,41,167,14,153,35.019455252918284,19.06614785992218,15.953307392996107,64.98054474708171,5.447470817120623,59.53307392996109
W00003387,344,81,46,35,263,19,244,23.546511627906977,13.372093023255813,10.174418604651162,76.45348837209302,5.523255813953488,70.93023255813954
W00003388,290,93,48,45,197,13,184,32.068965517241374,16.551724137931036,15.517241379310345,67.93103448275862,4.482758620689655,63.44827586206897
W00003389,353,98,59,39,255,14,241,27.762039660056658,16.71388101983003,11.048158640226628,72.23796033994334,3.9660056657223794,68.27195467422096
W00003390,282,60,23,37,222,21,201,21.27659574468085,8.156028368794328,13.120567375886525,78.72340425531915,7.446808510638298,71.27659574468085
W00003391,296,74,40,34,222,18,204,25,13.513513513513514,11.486486486486488,75,6.081081081081082,68.91891891891892
W00003392,350,69,37,32,281,18,263,19.714285714285715,10.571428571428571,9.142857142857142,80.28571428571428,5.142857142857142,75.14285714285714
W00003393,332,84,47,37,248,11,237,25.301204819277107,14.156626506024098,11.144578313253012,74.69879518072288,3.313253012048193,71.3855421686747
W00003394,301,54,21,33,247,16,231,17.940199335548172,6.976744186046512,10.96345514950166,82.05980066445183,5.3156146179401995,76.74418604651163
W00003395,312,40,16,24,272,19,253,12.82051282051282,5.128205128205128,7.6923076923076925,87.17948717948718,6.089743589743589,81.08974358974359
W00003396,325,79,32,47,246,11,235,24.307692307692307,9.846153846153847,14.461538461538462,75.6923076923077,3.3846153846153846,72.3076923076923
W00003397,288,48,20,28,240,13,227,16.666666666666664,6.944444444444445,9.722222222222223,83.33333333333334,4.513888888888888,78.81944444444444
W00003398,293,75,42,33,218,8,210,25.597269624573375,14.334470989761092,11.262798634812286,74.40273037542661,2.7303754266211606,71.67235494880546
W00003399,271,68,26,42,203,15,188,25.092250922509223,9.59409594095941,15.498154981549817,74.90774907749078,5.535055350553505,69.37269372693727
W00003400,328,88,44,44,240,18,222,26.82926829268293,13.414634146341465,13.414634146341465,73.17073170731707,5.487804878048781,67.6829268292683
W00003401,259,74,34,40,185,14,171,28.57142857142857,13.127413127413126,15.444015444015443,71.42857142857143,5.405405405405405,66.02316602316603
W00003402,304,92,48,44,212,18,194,30.263157894736842,15.789473684210526,14.473684210526317,69.73684210526315,5.921052631578947,63.81578947368421
W00003403,266,77,33,44,189,13,176,28.947368421052634,12.406015037593985,16.541353383458645,71.05263157894737,4.887218045112782,66.16541353383458
W00003404,206,66,31,35,140,12,128,32.038834951456316,15.048543689320388,16.990291262135923,67.96116504854369,5.825242718446602,62.13592233009708
W00003405,332,95,52,43,237,14,223,28.614457831325304,15.66265060240964,12.951807228915662,71.3855421686747,4.216867469879518,67.16867469879519
W00003406,255,81,48,33,174,22,152,31.76470588235294,18.823529411764707,12.941176470588237,68.23529411764706,8.627450980392156,59.6078431372549
W00003407,253,74,41,33,179,17,162,29.249011857707508,16.205533596837945,13.043478260869565,70.7509881422925,6.719367588932807,64.03162055335969
W00003408,222,65,34,31,157,5,152,29.27927927927928,15.315315315315313,13.963963963963963,70.72072072072072,2.2522522522522523,68.46846846846847
W00003409,271,64,32,32,207,25,182,23.616236162361623,11.808118081180812,11.808118081180812,76.38376383763837,9.22509225092251,67.15867158671587
W00003410,256,54,14,40,202,16,186,21.09375,5.46875,15.625,78.90625,6.25,72.65625
W00003411,204,66,32,34,138,10,128,32.35294117647059,15.686274509803921,16.666666666666664,67.64705882352942,4.901960784313726,62.745098039215684
W00003412,329,71,27,44,258,23,235,21.580547112462007,8.206686930091186,13.37386018237082,78.419452887538,6.990881458966565,71.42857142857143
W00003413,286,71,37,34,215,10,205,24.825174825174827,12.937062937062937,11.888111888111888,75.17482517482517,3.4965034965034967,71.67832167832168
W00003414,283,59,36,23,224,14,210,20.848056537102476,12.7208480565371,8.12720848056537,79.15194346289752,4.946996466431095,74.20494699646643
W00003415,345,91,62,29,254,21,233,26.3768115942029,17.971014492753625,8.405797101449275,73.62318840579711,6.086956521739131,67.53623188405797
W00003416,256,62,29,33,194,17,177,24.21875,11.328125,12.890625,75.78125,6.640625,69.140625
W00003418,297,82,48,34,215,21,194,27.609427609427613,16.161616161616163,11.447811447811448,72.39057239057239,7.07070707070707,65.31986531986533
W00003419,307,135,74,61,172,12,160,43.97394136807817,24.104234527687296,19.86970684039088,56.02605863192183,3.908794788273615,52.11726384364821
W00003422,275,84,47,37,191,19,172,30.545454545454547,17.09090909090909,13.454545454545455,69.45454545454545,6.909090909090909,62.54545454545455
W00003423,571,113,61,52,458,41,417,19.78984238178634,10.683012259194395,9.106830122591944,80.21015761821366,7.180385288966725,73.02977232924694
W00003424,212,43,21,22,169,15,154,20.28301886792453,9.90566037735849,10.377358490566039,79.71698113207547,7.0754716981132075,72.64150943396226
W00003425,316,54,20,34,262,30,232,17.088607594936708,6.329113924050633,10.759493670886076,82.91139240506328,9.49367088607595,73.41772151898735
W00003426,300,63,32,31,237,28,209,21,10.666666666666668,10.333333333333334,79,9.333333333333334,69.66666666666667
W00003427,329,51,24,27,278,29,249,15.501519756838904,7.29483282674772,8.206686930091186,84.49848024316108,8.814589665653495,75.6838905775076
W00003428,220,61,26,35,159,12,147,27.727272727272727,11.818181818181818,15.909090909090908,72.27272727272728,5.454545454545454,66.81818181818183
W00003429,291,41,13,28,250,15,235,14.0893470790378,4.4673539518900345,9.621993127147768,85.91065292096219,5.154639175257731,80.75601374570446
W00003430,280,50,19,31,230,12,218,17.857142857142858,6.785714285714286,11.071428571428571,82.14285714285714,4.285714285714286,77.85714285714286
W00003431,289,58,33,25,231,19,212,20.069204152249135,11.418685121107266,8.650519031141869,79.93079584775087,6.5743944636678195,73.35640138408304
W00003432,330,81,39,42,249,16,233,24.545454545454547,11.818181818181818,12.727272727272727,75.45454545454545,4.848484848484849,70.60606060606061
W00003433,295,96,54,42,199,11,188,32.54237288135593,18.305084745762713,14.237288135593221,67.45762711864407,3.728813559322034,63.72881355932203
W00003434,249,56,27,29,193,19,174,22.48995983935743,10.843373493975903,11.646586345381527,77.51004016064257,7.630522088353414,69.87951807228916
W00003435,284,59,26,33,225,10,215,20.774647887323944,9.15492957746479,11.619718309859154,79.22535211267606,3.5211267605633805,75.70422535211267
W00003436,290,57,33,24,233,12,221,19.655172413793103,11.379310344827587,8.275862068965518,80.3448275862069,4.137931034482759,76.20689655172413
W00003437,351,82,45,37,269,15,254,23.36182336182336,12.82051282051282,10.541310541310542,76.63817663817663,4.273504273504273,72.36467236467237
W00003438,302,59,23,36,243,25,218,19.5364238410596,7.6158940397351,11.920529801324504,80.4635761589404,8.27814569536424,72.18543046357617
W00003439,248,69,35,34,179,16,163,27.82258064516129,14.112903225806454,13.709677419354838,72.17741935483872,6.451612903225806,65.7258064516129
W00003440,343,51,15,36,292,25,267,14.868804664723031,4.373177842565598,10.495626822157435,85.13119533527697,7.288629737609329,77.84256559766763
W00003441,360,61,28,33,299,24,275,16.944444444444446,7.777777777777778,9.166666666666666,83.05555555555556,6.666666666666667,76.38888888888889
W00003442,245,42,18,24,203,12,191,17.142857142857142,7.346938775510205,9.795918367346939,82.85714285714286,4.8979591836734695,77.9591836734694
W00003443,348,87,47,40,261,27,234,25,13.505747126436782,11.494252873563218,75,7.758620689655173,67.24137931034483
W00003444,327,59,19,40,268,15,253,18.04281345565749,5.81039755351682,12.232415902140673,81.9571865443425,4.587155963302752,77.37003058103976
W00003445,257,71,31,40,186,13,173,27.626459143968873,12.062256809338521,15.56420233463035,72.37354085603113,5.058365758754864,67.31517509727627
W00003446,288,58,19,39,230,25,205,20.13888888888889,6.597222222222222,13.541666666666666,79.86111111111111,8.680555555555555,71.18055555555556
W00003447,197,65,32,33,132,18,114,32.99492385786802,16.243654822335024,16.751269035532996,67.00507614213198,9.137055837563452,57.868020304568525
W00003448,216,57,33,24,159,7,152,26.38888888888889,15.277777777777779,11.11111111111111,73.61111111111111,3.2407407407407405,70.37037037037037
W00003449,217,58,30,28,159,12,147,26.72811059907834,13.82488479262673,12.903225806451612,73.27188940092167,5.529953917050691,67.74193548387096
W00003450,272,92,41,51,180,16,164,33.82352941176471,15.073529411764705,18.75,66.17647058823529,5.88235294117647,60.29411764705882
W00003451,303,74,38,36,229,21,208,24.422442244224424,12.541254125412541,11.881188118811881,75.57755775577559,6.9306930693069315,68.64686468646865
W00003452,295,79,53,26,216,17,199,26.779661016949152,17.966101694915253,8.813559322033898,73.22033898305085,5.762711864406779,67.45762711864407
W00003453,256,57,22,35,199,14,185,22.265625,8.59375,13.671875,77.734375,5.46875,72.265625
W00003454,293,58,27,31,235,32,203,19.795221843003414,9.215017064846416,10.580204778156997,80.2047781569966,10.921501706484642,69.28327645051195
W00003455,312,63,23,40,249,22,227,20.192307692307693,7.371794871794872,12.82051282051282,79.8076923076923,7.051282051282051,72.75641025641025
W00003456,295,56,31,25,239,9,230,18.983050847457626,10.508474576271185,8.47457627118644,81.01694915254237,3.050847457627119,77.96610169491525
W00003457,526,85,39,46,441,31,410,16.159695817490494,7.41444866920152,8.745247148288973,83.84030418250951,5.893536121673003,77.9467680608365
W00003458,542,61,26,35,481,21,460,11.254612546125461,4.797047970479705,6.4575645756457565,88.74538745387454,3.8745387453874542,84.87084870848709
W00003459,407,74,48,26,333,29,304,18.181818181818183,11.793611793611793,6.388206388206388,81.81818181818183,7.125307125307126,74.69287469287468
W00003460,303,76,31,45,227,20,207,25.082508250825082,10.231023102310232,14.85148514851485,74.91749174917491,6.6006600660066,68.31683168316832
W00003463,306,52,17,35,254,15,239,16.99346405228758,5.555555555555555,11.437908496732026,83.00653594771242,4.901960784313726,78.10457516339869
W00003464,258,67,32,35,191,23,168,25.968992248062015,12.4031007751938,13.565891472868216,74.03100775193798,8.914728682170542,65.11627906976744
W00003465,338,75,26,49,263,29,234,22.189349112426036,7.6923076923076925,14.497041420118343,77.81065088757396,8.579881656804734,69.23076923076923
W00003466,244,85,40,45,159,14,145,34.83606557377049,16.39344262295082,18.442622950819672,65.1639344262295,5.737704918032787,59.42622950819673
W00003467,303,66,35,31,237,17,220,21.782178217821784,11.55115511551155,10.231023102310232,78.21782178217822,5.6105610561056105,72.60726072607261
W00003468,333,79,30,49,254,19,235,23.723723723723726,9.00900900900901,14.714714714714713,76.27627627627628,5.7057057057057055,70.57057057057057
W00003469,290,58,31,27,232,26,206,20,10.689655172413794,9.310344827586208,80,8.96551724137931,71.03448275862068
W00003470,285,71,39,32,214,20,194,24.912280701754387,13.684210526315791,11.228070175438596,75.08771929824562,7.017543859649122,68.0701754385965
W00003471,194,51,28,23,143,8,135,26.288659793814436,14.432989690721648,11.855670103092782,73.71134020618557,4.123711340206185,69.58762886597938
W00003472,234,56,28,28,178,16,162,23.931623931623932,11.965811965811966,11.965811965811966,76.06837606837607,6.837606837606838,69.23076923076923
W00003473,270,67,34,33,203,13,190,24.814814814814813,12.592592592592592,12.222222222222221,75.18518518518519,4.814814814814815,70.37037037037037
W00003474,324,101,52,49,223,17,206,31.17283950617284,16.049382716049383,15.123456790123457,68.82716049382715,5.246913580246913,63.580246913580254
W00003475,299,60,22,38,239,17,222,20.066889632107024,7.357859531772576,12.709030100334449,79.93311036789298,5.68561872909699,74.24749163879598
W00003476,519,134,72,62,385,31,354,25.818882466281313,13.872832369942195,11.946050096339114,74.18111753371869,5.973025048169557,68.20809248554913
W00003477,242,45,22,23,197,10,187,18.59504132231405,9.090909090909092,9.50413223140496,81.40495867768594,4.132231404958678,77.27272727272727
W00003478,195,27,13,14,168,11,157,13.846153846153847,6.666666666666667,7.179487179487179,86.15384615384616,5.641025641025641,80.51282051282051
W00003479,222,53,21,32,169,12,157,23.873873873873876,9.45945945945946,14.414414414414415,76.12612612612612,5.405405405405405,70.72072072072072
W00003480,295,47,9,38,248,31,217,15.932203389830507,3.050847457627119,12.88135593220339,84.06779661016948,10.508474576271185,73.5593220338983
W00003481,199,39,12,27,160,14,146,19.597989949748744,6.030150753768844,13.5678391959799,80.40201005025126,7.035175879396985,73.36683417085426
W00003482,265,46,27,19,219,16,203,17.358490566037734,10.18867924528302,7.169811320754717,82.64150943396227,6.037735849056604,76.60377358490567
W00003483,293,55,22,33,238,23,215,18.771331058020476,7.508532423208192,11.262798634812286,81.22866894197952,7.849829351535837,73.37883959044369
W00003484,251,52,25,27,199,20,179,20.717131474103585,9.9601593625498,10.756972111553784,79.2828685258964,7.968127490039841,71.31474103585657
W00003485,361,76,30,46,285,30,255,21.052631578947366,8.310249307479225,12.742382271468145,78.94736842105263,8.310249307479225,70.6371191135734
W00003486,331,70,33,37,261,23,238,21.148036253776432,9.969788519637463,11.178247734138973,78.85196374622356,6.948640483383686,71.90332326283988
W00003487,310,64,26,38,246,29,217,20.64516129032258,8.38709677419355,12.258064516129032,79.35483870967742,9.35483870967742,70
W00003488,356,94,53,41,262,22,240,26.40449438202247,14.887640449438203,11.51685393258427,73.59550561797754,6.179775280898876,67.41573033707866
W00003489,374,73,25,48,301,33,268,19.518716577540108,6.684491978609626,12.834224598930483,80.4812834224599,8.823529411764707,71.65775401069519
W00003490,360,64,36,28,296,23,273,17.77777777777778,10,7.777777777777778,82.22222222222221,6.388888888888888,75.83333333333333
W00003491,315,60,26,34,255,24,231,19.047619047619047,8.253968253968253,10.793650793650794,80.95238095238095,7.6190476190476195,73.33333333333333
W00003492,298,73,33,40,225,20,205,24.496644295302016,11.073825503355705,13.422818791946309,75.50335570469798,6.7114093959731544,68.79194630872483
W00003493,322,66,27,39,256,19,237,20.496894409937887,8.385093167701864,12.111801242236025,79.5031055900621,5.900621118012422,73.6024844720497
W00003494,285,58,22,36,227,21,206,20.350877192982455,7.719298245614035,12.631578947368421,79.64912280701755,7.368421052631578,72.28070175438597
W00003495,437,85,37,48,352,25,327,19.450800915331808,8.466819221967963,10.983981693363845,80.54919908466819,5.720823798627003,74.8283752860412
W00003496,222,45,20,25,177,20,157,20.27027027027027,9.00900900900901,11.26126126126126,79.72972972972973,9.00900900900901,70.72072072072072
W00003497,304,60,31,29,244,25,219,19.736842105263158,10.197368421052632,9.539473684210527,80.26315789473685,8.223684210526317,72.03947368421053
W00003498,219,58,32,26,161,23,138,26.48401826484018,14.61187214611872,11.87214611872146,73.51598173515981,10.50228310502283,63.013698630136986
W00003499,390,63,30,33,327,29,298,16.153846153846153,7.6923076923076925,8.461538461538462,83.84615384615385,7.435897435897436,76.41025641025641
W00003500,285,54,25,29,231,20,211,18.947368421052634,8.771929824561402,10.175438596491228,81.05263157894737,7.017543859649122,74.03508771929825
W00003501,348,67,30,37,281,13,268,19.25287356321839,8.620689655172415,10.632183908045976,80.74712643678161,3.7356321839080464,77.01149425287356
W00003502,283,52,28,24,231,30,201,18.374558303886925,9.89399293286219,8.480565371024735,81.62544169611307,10.60070671378092,71.02473498233216
W00003503,375,131,77,54,244,28,216,34.93333333333333,20.533333333333335,14.399999999999999,65.06666666666666,7.466666666666668,57.599999999999994
W00003504,301,82,32,50,219,20,199,27.242524916943523,10.631229235880399,16.611295681063122,72.75747508305648,6.64451827242525,66.11295681063123
W00003505,284,107,72,35,177,13,164,37.67605633802817,25.352112676056336,12.323943661971832,62.323943661971825,4.577464788732395,57.74647887323944
W00003506,207,52,29,23,155,13,142,25.120772946859905,14.009661835748794,11.11111111111111,74.8792270531401,6.280193236714976,68.59903381642512
W00003507,282,61,29,32,221,19,202,21.631205673758867,10.28368794326241,11.347517730496454,78.36879432624113,6.73758865248227,71.63120567375887
W00003508,264,63,32,31,201,6,195,23.863636363636363,12.121212121212121,11.742424242424242,76.13636363636364,2.272727272727273,73.86363636363636
W00003509,250,82,47,35,168,10,158,32.800000000000004,18.8,14.000000000000002,67.2,4,63.2
W00003510,288,64,33,31,224,10,214,22.22222222222222,11.458333333333332,10.76388888888889,77.77777777777779,3.4722222222222223,74.30555555555556
W00003511,326,106,77,29,220,20,200,32.515337423312886,23.619631901840492,8.895705521472392,67.48466257668711,6.134969325153374,61.34969325153374
W00003512,292,73,41,32,219,21,198,25,14.04109589041096,10.95890410958904,75,7.191780821917808,67.8082191780822
W00003513,255,81,40,41,174,15,159,31.76470588235294,15.686274509803921,16.07843137254902,68.23529411764706,5.88235294117647,62.35294117647059
W00003514,297,81,45,36,216,8,208,27.27272727272727,15.151515151515152,12.121212121212121,72.72727272727273,2.6936026936026933,70.03367003367003
W00003515,274,70,37,33,204,22,182,25.547445255474454,13.503649635036496,12.043795620437956,74.45255474452554,8.02919708029197,66.42335766423358
W00003516,275,70,32,38,205,13,192,25.454545454545453,11.636363636363637,13.818181818181818,74.54545454545455,4.7272727272727275,69.81818181818183
W00003517,345,58,24,34,287,20,267,16.81159420289855,6.956521739130435,9.855072463768117,83.18840579710145,5.797101449275362,77.39130434782608
W00003518,250,34,11,23,216,17,199,13.600000000000001,4.3999999999999995,9.2,86.4,6.800000000000001,79.60000000000001
W00003519,157,75,53,22,82,9,73,47.77070063694268,33.75796178343949,14.012738853503185,52.22929936305732,5.7324840764331215,46.496815286624205
W00003520,313,72,31,41,241,17,224,23.003194888178914,9.904153354632587,13.099041533546327,76.99680511182109,5.431309904153355,71.56549520766772
W00003521,264,77,35,42,187,29,158,29.166666666666668,13.257575757575758,15.909090909090908,70.83333333333334,10.984848484848484,59.84848484848485
W00003522,285,63,33,30,222,11,211,22.105263157894736,11.578947368421053,10.526315789473683,77.89473684210526,3.8596491228070176,74.03508771929825
W00003523,261,78,43,35,183,12,171,29.88505747126437,16.47509578544061,13.409961685823754,70.11494252873564,4.597701149425287,65.51724137931035
W00003524,301,67,44,23,234,13,221,22.259136212624583,14.61794019933555,7.641196013289036,77.74086378737542,4.318936877076411,73.421926910299
W00003525,334,76,35,41,258,22,236,22.75449101796407,10.479041916167663,12.275449101796406,77.24550898203593,6.58682634730539,70.65868263473054
W00003526,342,82,57,25,260,17,243,23.976608187134502,16.666666666666664,7.309941520467836,76.0233918128655,4.970760233918129,71.05263157894737
W00003527,273,77,34,43,196,16,180,28.205128205128204,12.454212454212454,15.75091575091575,71.7948717948718,5.86080586080586,65.93406593406593
W00003528,408,100,37,63,308,29,279,24.509803921568626,9.068627450980392,15.441176470588236,75.49019607843137,7.107843137254902,68.38235294117648
W00003529,340,94,49,45,246,13,233,27.647058823529413,14.411764705882351,13.23529411764706,72.35294117647058,3.823529411764706,68.52941176470588
W00003530,301,88,46,42,213,23,190,29.2358803986711,15.282392026578073,13.953488372093023,70.7641196013289,7.641196013289036,63.12292358803987
W00003533,318,75,38,37,243,14,229,23.58490566037736,11.949685534591195,11.635220125786164,76.41509433962264,4.40251572327044,72.0125786163522
W00003534,330,88,45,43,242,18,224,26.666666666666668,13.636363636363635,13.030303030303031,73.33333333333333,5.454545454545454,67.87878787878789
W00003535,284,82,44,38,202,21,181,28.87323943661972,15.492957746478872,13.380281690140844,71.12676056338029,7.394366197183098,63.732394366197184
W00003536,321,95,45,50,226,16,210,29.595015576323984,14.018691588785046,15.57632398753894,70.40498442367601,4.984423676012461,65.42056074766354
W00003537,345,68,40,28,277,28,249,19.710144927536234,11.594202898550725,8.115942028985506,80.28985507246377,8.115942028985506,72.17391304347827
W00003538,312,77,39,38,235,20,215,24.679487179487182,12.5,12.179487179487179,75.32051282051282,6.41025641025641,68.91025641025641
W00003539,352,88,38,50,264,22,242,25,10.795454545454545,14.204545454545455,75,6.25,68.75
W00003540,242,81,41,40,161,11,150,33.47107438016529,16.94214876033058,16.528925619834713,66.52892561983471,4.545454545454546,61.98347107438017
W00003542,353,82,44,38,271,22,249,23.229461756373937,12.464589235127479,10.764872521246458,76.77053824362606,6.232294617563739,70.53824362606233
W00003543,310,72,45,27,238,17,221,23.225806451612904,14.516129032258066,8.709677419354838,76.77419354838709,5.483870967741936,71.29032258064515
W00003544,255,90,49,41,165,10,155,35.294117647058826,19.215686274509807,16.07843137254902,64.70588235294117,3.9215686274509802,60.78431372549019
W00003545,225,70,36,34,155,12,143,31.11111111111111,16,15.11111111111111,68.88888888888889,5.333333333333334,63.55555555555556
W00003546,285,85,47,38,200,20,180,29.82456140350877,16.49122807017544,13.333333333333334,70.17543859649122,7.017543859649122,63.1578947368421
W00003547,324,68,37,31,256,14,242,20.98765432098765,11.419753086419753,9.5679012345679,79.01234567901234,4.320987654320987,74.69135802469135
W00003548,228,90,54,36,138,8,130,39.473684210526315,23.684210526315788,15.789473684210526,60.526315789473685,3.508771929824561,57.01754385964912
W00003549,280,100,53,47,180,11,169,35.714285714285715,18.928571428571427,16.785714285714285,64.28571428571429,3.9285714285714284,60.357142857142854
W00003550,297,76,35,41,221,17,204,25.589225589225588,11.784511784511785,13.804713804713806,74.41077441077442,5.723905723905724,68.68686868686868
W00003552,326,102,56,46,224,18,206,31.28834355828221,17.177914110429448,14.11042944785276,68.71165644171779,5.521472392638037,63.190184049079754
W00003553,291,52,24,28,239,15,224,17.869415807560138,8.24742268041237,9.621993127147768,82.13058419243985,5.154639175257731,76.97594501718214
W00003554,275,88,45,43,187,10,177,32,16.363636363636363,15.636363636363637,68,3.6363636363636362,64.36363636363637
W00003555,241,64,28,36,177,16,161,26.556016597510375,11.618257261410788,14.937759336099585,73.44398340248964,6.639004149377594,66.80497925311202
W00003556,262,72,31,41,190,14,176,27.480916030534353,11.83206106870229,15.648854961832063,72.51908396946564,5.343511450381679,67.17557251908397
W00003557,224,72,43,29,152,14,138,32.142857142857146,19.196428571428573,12.946428571428573,67.85714285714286,6.25,61.60714285714286
W00003558,149,72,38,34,77,9,68,48.322147651006716,25.503355704697988,22.818791946308725,51.67785234899329,6.0402684563758395,45.63758389261745
W00003559,297,51,24,27,246,30,216,17.17171717171717,8.080808080808081,9.090909090909092,82.82828282828282,10.1010101010101,72.72727272727273
W00003560,307,76,46,30,231,21,210,24.7557003257329,14.983713355048861,9.77198697068404,75.2442996742671,6.840390879478828,68.40390879478826
W00003561,318,80,33,47,238,21,217,25.157232704402517,10.377358490566039,14.779874213836477,74.84276729559748,6.60377358490566,68.23899371069182
W00003562,224,59,35,24,165,11,154,26.339285714285715,15.625,10.714285714285714,73.66071428571429,4.910714285714286,68.75
W00003563,342,87,44,43,255,25,230,25.438596491228072,12.865497076023392,12.573099415204677,74.56140350877193,7.309941520467836,67.2514619883041
W00003564,340,74,37,37,266,15,251,21.764705882352942,10.882352941176471,10.882352941176471,78.23529411764706,4.411764705882353,73.82352941176471
W00003565,331,76,39,37,255,13,242,22.9607250755287,11.782477341389729,11.178247734138973,77.0392749244713,3.927492447129909,73.111782477341393
W00003566,244,47,20,27,197,17,180,19.262295081967213,8.19672131147541,11.065573770491802,80.73770491803278,6.967213114754098,73.77049180327869
W00003567,525,89,38,51,436,37,399,16.952380952380953,7.238095238095238,9.714285714285714,83.04761904761905,7.0476190476190474,76
W00003568,439,123,72,51,316,26,290,28.018223234624145,16.40091116173121,11.617312072892938,71.98177676537586,5.922551252847381,66.05922551252847
W00003569,443,66,33,33,377,32,345,14.89841986455982,7.44920993227991,7.44920993227991,85.10158013544017,7.223476297968396,77.87810383747178
W00003571,331,63,31,32,268,20,248,19.033232628398792,9.365558912386707,9.667673716012084,80.96676737160121,6.042296072507553,74.92447129909365
W00003572,191,84,54,30,107,4,103,43.97905759162304,28.272251308900525,15.706806282722512,56.02094240837696,2.094240837696335,53.92670157068062
W00003573,606,116,52,64,490,43,447,19.141914191419144,8.58085808580858,10.561056105610561,80.85808580858085,7.095709570957095,73.76237623762376
W00003574,418,93,39,54,325,18,307,22.248803827751196,9.330143540669857,12.918660287081341,77.75119617224881,4.30622009569378,73.44497607655502
W00003575,364,76,32,44,288,32,256,20.87912087912088,8.791208791208792,12.087912087912088,79.12087912087912,8.791208791208792,70.32967032967034
W00003576,329,65,25,40,264,27,237,19.756838905775076,7.598784194528875,12.158054711246201,80.24316109422493,8.206686930091186,72.03647416413374
W00003577,429,119,62,57,310,23,287,27.73892773892774,14.452214452214452,13.286713286713287,72.26107226107226,5.361305361305361,66.8997668997669
W00003578,273,52,19,33,221,29,192,19.047619047619047,6.95970695970696,12.087912087912088,80.95238095238095,10.622710622710622,70.32967032967034
W00003579,307,64,36,28,243,17,226,20.846905537459286,11.726384364820847,9.120521172638437,79.15309446254072,5.537459283387622,73.61563517915309
W00003580,269,55,25,30,214,7,207,20.44609665427509,9.293680297397769,11.152416356877323,79.5539033457249,2.6022304832713754,76.95167286245353
W00003581,490,87,42,45,403,28,375,17.755102040816325,8.571428571428571,9.183673469387756,82.24489795918367,5.714285714285714,76.53061224489795
W00003582,321,37,18,19,284,19,265,11.526479750778815,5.607476635514018,5.919003115264798,88.47352024922118,5.919003115264798,82.55451713395638
W00003583,211,39,19,20,172,13,159,18.48341232227488,9.004739336492891,9.47867298578199,81.51658767772511,6.161137440758294,75.35545023696683
W00003584,271,52,12,40,219,20,199,19.18819188191882,4.428044280442804,14.760147601476014,80.81180811808119,7.380073800738007,73.43173431734317
W00003585,279,58,24,34,221,14,207,20.78853046594982,8.60215053763441,12.186379928315413,79.21146953405018,5.017921146953405,74.19354838709677
W00003586,325,48,19,29,277,20,257,14.76923076923077,5.846153846153846,8.923076923076923,85.23076923076923,6.153846153846154,79.07692307692308
W00003587,386,70,26,44,316,16,300,18.134715025906736,6.7357512953367875,11.398963730569948,81.86528497409327,4.145077720207254,77.720207253886
W00003588,343,62,25,37,281,32,249,18.075801749271136,7.288629737609329,10.787172011661808,81.92419825072886,9.329446064139942,72.59475218658892
W00003589,251,38,13,25,213,24,189,15.139442231075698,5.179282868525896,9.9601593625498,84.86055776892431,9.56175298804781,75.2988047808765
W00003590,350,98,53,45,252,23,229,28.000000000000004,15.142857142857144,12.857142857142856,72,6.571428571428571,65.42857142857143
W00003591,256,41,19,22,215,16,199,16.015625,7.421875,8.59375,83.984375,6.25,77.734375
W00003592,284,84,46,38,200,17,183,29.577464788732392,16.19718309859155,13.380281690140844,70.4225352112676,5.985915492957746,64.43661971830986
W00003594,384,74,40,34,310,28,282,19.270833333333336,10.416666666666668,8.854166666666668,80.72916666666666,7.291666666666667,73.4375
W00003595,250,44,25,19,206,19,187,17.599999999999998,10,7.6,82.39999999999999,7.6,74.8
W00003596,289,82,42,40,207,18,189,28.373702422145332,14.53287197231834,13.84083044982699,71.62629757785467,6.228373702422145,65.39792387543253
W00003597,248,56,25,31,192,17,175,22.58064516129032,10.080645161290322,12.5,77.41935483870968,6.854838709677419,70.56451612903226
W00003598,258,54,24,30,204,18,186,20.930232558139537,9.30232558139535,11.627906976744185,79.06976744186046,6.976744186046512,72.09302325581395
W00003599,354,77,39,38,277,16,261,21.75141242937853,11.016949152542372,10.734463276836157,78.24858757062147,4.519774011299435,73.72881355932203
W00003600,229,51,24,27,178,21,157,22.270742358078603,10.480349344978166,11.790393013100436,77.72925764192141,9.170305676855897,68.5589519650655
W00003601,282,52,22,30,230,23,207,18.439716312056735,7.801418439716312,10.638297872340425,81.56028368794325,8.156028368794328,73.40425531914893
W00003602,445,100,47,53,345,26,319,22.47191011235955,10.561797752808989,11.910112359550562,77.52808988764045,5.842696629213483,71.68539325842697
W00003603,252,93,47,46,159,12,147,36.904761904761905,18.650793650793652,18.253968253968253,63.095238095238095,4.761904761904762,58.333333333333336
W00003604,235,78,37,41,157,13,144,33.191489361702125,15.74468085106383,17.4468085106383,66.80851063829788,5.531914893617021,61.27659574468085
W00003605,266,67,35,32,199,16,183,25.18796992481203,13.157894736842104,12.030075187969924,74.81203007518798,6.015037593984962,68.796992481203
W00003606,287,82,46,36,205,18,187,28.57142857142857,16.02787456445993,12.543554006968641,71.42857142857143,6.2717770034843205,65.1567944250871
W00003607,320,97,56,41,223,23,200,30.312499999999996,17.5,12.812499999999998,69.6875,7.187499999999999,62.5
W00003608,606,126,60,66,480,39,441,20.792079207920793,9.900990099009901,10.891089108910892,79.20792079207921,6.435643564356436,72.77227722772277
W00003609,246,76,40,36,170,24,146,30.89430894308943,16.260162601626014,14.634146341463413,69.10569105691057,9.75609756097561,59.34959349593496
W00003610,276,71,37,34,205,20,185,25.724637681159418,13.405797101449277,12.318840579710146,74.27536231884058,7.246376811594203,67.02898550724638
W00003611,453,119,66,53,334,28,306,26.269315673289185,14.56953642384106,11.699779249448124,73.73068432671081,6.181015452538632,67.54966887417218
W00003612,309,105,63,42,204,15,189,33.980582524271846,20.388349514563107,13.592233009708737,66.01941747572816,4.854368932038835,61.165048543689316
W00003613,424,87,41,46,337,22,315,20.5188679245283,9.669811320754718,10.849056603773585,79.48113207547169,5.188679245283019,74.29245283018868
W00003614,180,52,29,23,128,9,119,28.888888888888886,16.11111111111111,12.777777777777777,71.11111111111111,5,66.11111111111111
W00003615,197,40,14,26,157,14,143,20.304568527918782,7.1065989847715745,13.19796954314721,79.69543147208121,7.1065989847715745,72.58883248730965
W00003616,146,31,16,15,115,14,101,21.232876712328768,10.95890410958904,10.273972602739725,78.76712328767124,9.58904109589041,69.17808219178082
W00003617,188,57,27,30,131,9,122,30.319148936170215,14.361702127659576,15.957446808510639,69.68085106382979,4.787234042553192,64.8936170212766
W00003618,389,85,37,48,304,32,272,21.85089974293059,9.511568123393316,12.339331619537274,78.1491002570694,8.226221079691516,69.9228791773779
W00003619,298,65,34,31,233,18,215,21.812080536912752,11.409395973154362,10.40268456375839,78.18791946308725,6.0402684563758395,72.14765100671141
W00003620,234,80,47,33,154,13,141,34.18803418803419,20.085470085470085,14.102564102564102,65.8119658119658,5.555555555555555,60.256410256410255
W00003621,255,37,14,23,218,22,196,14.50980392156863,5.490196078431373,9.019607843137255,85.49019607843137,8.627450980392156,76.86274509803923
W00003622,112,34,18,16,78,1,77,30.357142857142854,16.071428571428573,14.285714285714285,69.64285714285714,0.8928571428571428,68.75
W00003623,168,26,9,17,142,14,128,15.476190476190476,5.357142857142857,10.119047619047619,84.52380952380952,8.333333333333332,76.19047619047619
W00003624,394,77,32,45,317,20,297,19.543147208121827,8.121827411167512,11.421319796954315,80.45685279187818,5.0761421319796955,75.38071065989847
W00003625,394,81,37,44,313,33,280,20.558375634517766,9.390862944162437,11.16751269035533,79.44162436548223,8.375634517766498,71.06598984771574
W00003626,365,56,28,28,309,28,281,15.342465753424658,7.671232876712329,7.671232876712329,84.65753424657534,7.671232876712329,76.98630136986301
W00003627,340,61,20,41,279,25,254,17.941176470588236,5.88235294117647,12.058823529411764,82.05882352941177,7.352941176470589,74.70588235294117
W00003628,316,58,26,32,258,27,231,18.354430379746837,8.227848101265822,10.126582278481013,81.64556962025317,8.544303797468354,73.10126582278481
W00003629,286,50,24,26,236,22,214,17.482517482517483,8.391608391608392,9.090909090909092,82.51748251748252,7.6923076923076925,74.82517482517483
W00003630,433,73,21,52,360,37,323,16.859122401847575,4.849884526558892,12.009237875288683,83.14087759815243,8.545034642032332,74.5958429561201
W00003631,376,70,35,35,306,24,282,18.617021276595743,9.308510638297872,9.308510638297872,81.38297872340425,6.382978723404255,75
W00003632,405,77,33,44,328,24,304,19.012345679012345,8.148148148148149,10.864197530864198,80.98765432098766,5.9259259259259265,75.06172839506173
W00003633,278,78,44,34,200,24,176,28.05755395683453,15.827338129496402,12.23021582733813,71.94244604316546,8.633093525179856,63.30935251798561
W00003634,279,63,31,32,216,14,202,22.58064516129032,11.11111111111111,11.469534050179211,77.41935483870968,5.017921146953405,72.40143369175627
W00003635,296,79,37,42,217,26,191,26.68918918918919,12.5,14.18918918918919,73.3108108108108,8.783783783783784,64.52702702702703
W00003636,223,88,63,25,135,13,122,39.46188340807175,28.251121076233183,11.210762331838566,60.53811659192825,5.829596412556054,54.7085201793722
W00003637,288,75,40,35,213,19,194,26.041666666666668,13.88888888888889,12.152777777777777,73.95833333333334,6.597222222222222,67.36111111111111
W00003638,379,66,26,40,313,14,299,17.41424802110818,6.860158311345646,10.554089709762533,82.58575197889182,3.6939313984168867,78.89182058047494
W00003639,281,52,23,29,229,24,205,18.505338078291814,8.185053380782918,10.320284697508896,81.49466192170819,8.540925266903916,72.95373665480427
W00003640,339,59,21,38,280,24,256,17.404129793510325,6.1946902654867255,11.209439528023598,82.59587020648968,7.079646017699115,75.51622418879056
W00003641,256,55,29,26,201,20,181,21.484375,11.328125,10.15625,78.515625,7.8125,70.703125
W00003642,216,75,40,35,141,17,124,34.72222222222222,18.51851851851852,16.203703703703702,65.27777777777779,7.87037037037037,57.407407407407405
W00003643,218,40,19,21,178,22,156,18.34862385321101,8.715596330275229,9.63302752293578,81.65137614678899,10.091743119266056,71.55963302752293
W00003644,301,52,34,18,249,16,233,17.275747508305646,11.295681063122924,5.980066445182724,82.72425249169434,5.3156146179401995,77.40863787375415
W00003645,222,50,13,37,172,17,155,22.52252252252252,5.8558558558558556,16.666666666666664,77.47747747747748,7.657657657657657,69.81981981981981
W00003646,236,45,17,28,191,21,170,19.06779661016949,7.203389830508475,11.864406779661017,80.9322033898305,8.898305084745763,72.03389830508475
W00003647,300,58,27,31,242,25,217,19.333333333333332,9,10.333333333333334,80.66666666666666,8.333333333333332,72.33333333333334
W00003648,228,41,12,29,187,15,172,17.982456140350877,5.263157894736842,12.719298245614036,82.01754385964912,6.578947368421052,75.43859649122807
W00003649,223,52,30,22,171,16,155,23.318385650224215,13.452914798206278,9.865470852017937,76.68161434977578,7.174887892376682,69.50672645739911
W00003650,354,52,18,34,302,21,281,14.689265536723164,5.084745762711865,9.6045197740113,85.31073446327684,5.932203389830509,79.37853107344633
W00003651,187,39,20,19,148,7,141,20.855614973262032,10.695187165775401,10.16042780748663,79.14438502673798,3.7433155080213902,75.40106951871658
W00003652,235,37,19,18,198,15,183,15.74468085106383,8.085106382978724,7.659574468085106,84.25531914893617,6.382978723404255,77.87234042553192
W00003653,228,57,32,25,171,17,154,25,14.035087719298245,10.964912280701753,75,7.456140350877193,67.54385964912281
W00003654,234,88,45,43,146,16,130,37.60683760683761,19.230769230769234,18.37606837606838,62.39316239316239,6.837606837606838,55.55555555555556
W00003655,285,70,34,36,215,18,197,24.561403508771928,11.929824561403509,12.631578947368421,75.43859649122807,6.315789473684211,69.12280701754386
W00003656,324,85,53,32,239,20,219,26.234567901234566,16.358024691358025,9.876543209876543,73.76543209876543,6.172839506172839,67.5925925925926
W00003657,349,59,27,32,290,22,268,16.9054441260745,7.736389684813753,9.169054441260744,83.0945558739255,6.303724928366762,76.79083094555874
W00003658,415,85,40,45,330,28,302,20.481927710843372,9.63855421686747,10.843373493975903,79.51807228915662,6.746987951807229,72.77108433734941
W00003659,248,68,41,27,180,17,163,27.419354838709676,16.532258064516128,10.887096774193548,72.58064516129032,6.854838709677419,65.7258064516129
W00003660,316,58,22,36,258,11,247,18.354430379746837,6.962025316455696,11.39240506329114,81.64556962025317,3.481012658227848,78.16455696202532
W00003661,286,62,30,32,224,15,209,21.678321678321677,10.48951048951049,11.188811188811188,78.32167832167832,5.244755244755245,73.07692307692307
W00003662,250,77,36,41,173,14,159,30.8,14.399999999999999,16.400000000000002,69.19999999999999,5.6000000000000005,63.6
W00003664,223,51,23,28,172,17,155,22.869955156950674,10.31390134529148,12.556053811659194,77.13004484304933,7.623318385650224,69.50672645739911
W00003665,381,70,27,43,311,31,280,18.37270341207349,7.086614173228346,11.286089238845145,81.62729658792651,8.136482939632545,73.49081364829397
W00003666,290,62,33,29,228,10,218,21.379310344827587,11.379310344827587,10,78.62068965517241,3.4482758620689653,75.17241379310344
W00003667,320,53,24,29,267,16,251,16.5625,7.5,9.0625,83.4375,5,78.4375
W00003668,304,124,53,71,180,8,172,40.78947368421053,17.434210526315788,23.355263157894736,59.210526315789465,2.631578947368421,56.57894736842105
W00003669,287,89,54,35,198,12,186,31.010452961672474,18.81533101045296,12.195121951219512,68.98954703832753,4.181184668989547,64.80836236933798
W00003670,345,63,32,31,282,34,248,18.26086956521739,9.27536231884058,8.985507246376812,81.73913043478261,9.855072463768117,71.8840579710145
W00003671,537,100,37,63,437,37,400,18.6219739292365,6.890130353817504,11.731843575418994,81.3780260707635,6.890130353817504,74.487895716946
W00003672,247,35,16,19,212,18,194,14.17004048582996,6.477732793522267,7.6923076923076925,85.82995951417004,7.28744939271255,78.54251012145748
W00003673,140,39,11,28,101,6,95,27.857142857142858,7.857142857142857,20,72.14285714285714,4.285714285714286,67.85714285714286
W00003674,200,26,6,20,174,12,162,13,3,10,87,6,81
W00003675,217,51,18,33,166,8,158,23.502304147465438,8.294930875576037,15.207373271889402,76.49769585253456,3.686635944700461,72.81105990783409
W00003676,232,55,22,33,177,23,154,23.70689655172414,9.482758620689655,14.224137931034484,76.29310344827587,9.913793103448276,66.37931034482759
W00003677,266,56,22,34,210,13,197,21.052631578947366,8.270676691729323,12.781954887218044,78.94736842105263,4.887218045112782,74.06015037593986
W00003678,262,52,18,34,210,7,203,19.84732824427481,6.870229007633588,12.977099236641221,80.1526717557252,2.6717557251908395,77.48091603053436
W00003679,334,69,32,37,265,20,245,20.65868263473054,9.580838323353294,11.077844311377245,79.34131736526946,5.9880239520958085,73.35329341317365
W00003680,285,52,19,33,233,19,214,18.24561403508772,6.666666666666667,11.578947368421053,81.75438596491227,6.666666666666667,75.08771929824562
W00003681,345,71,30,41,274,16,258,20.579710144927535,8.695652173913043,11.884057971014492,79.42028985507247,4.63768115942029,74.78260869565217
W00003682,298,61,25,36,237,24,213,20.469798657718123,8.389261744966444,12.080536912751679,79.53020134228188,8.053691275167784,71.47651006711409
W00003683,269,72,31,41,197,13,184,26.765799256505574,11.524163568773234,15.241635687732341,73.23420074349443,4.83271375464684,68.40148698884758
W00003684,218,41,18,23,177,8,169,18.807339449541285,8.256880733944955,10.550458715596331,81.19266055045871,3.669724770642202,77.52293577981652
W00003685,442,101,41,60,341,29,312,22.850678733031675,9.276018099547512,13.574660633484163,77.14932126696833,6.561085972850679,70.58823529411765
W00003686,316,59,29,30,257,21,236,18.670886075949365,9.177215189873419,9.49367088607595,81.32911392405063,6.6455696202531636,74.68354430379746
W00003687,317,72,27,45,245,22,223,22.71293375394322,8.517350157728707,14.195583596214512,77.28706624605678,6.940063091482649,70.347003154574125
W00003688,253,42,15,27,211,5,206,16.600790513833992,5.928853754940711,10.67193675889328,83.399209486166,1.9762845849802373,81.42292490118577
W00003689,238,50,20,30,188,10,178,21.008403361344538,8.403361344537815,12.605042016806722,78.99159663865547,4.201680672268908,74.78991596638656
W00003690,303,76,36,40,227,14,213,25.082508250825082,11.881188118811881,13.2013201320132,74.91749174917491,4.62046204620462,70.29702970297029
W00003691,257,58,20,38,199,11,188,22.56809338521401,7.782101167315175,14.785992217898833,77.431906614786,4.280155642023346,73.15175097276264
W00003692,363,77,34,43,286,20,266,21.21212121212121,9.366391184573002,11.84573002754821,78.78787878787878,5.5096418732782375,73.27823691460054
W00003693,290,78,34,44,212,20,192,26.89655172413793,11.724137931034482,15.172413793103448,73.10344827586206,6.896551724137931,66.20689655172414
W00003694,223,32,14,18,191,20,171,14.349775784753364,6.278026905829597,8.071748878923767,85.65022421524664,8.968609865470851,76.68161434977578
W00003695,399,105,34,71,294,17,277,26.31578947368421,8.521303258145362,17.794486215538846,73.68421052631578,4.260651629072681,69.42355889724311
W00003696,275,68,31,37,207,9,198,24.727272727272727,11.272727272727273,13.454545454545455,75.27272727272727,3.272727272727273,72
W00003697,350,68,33,35,282,33,249,19.428571428571427,9.428571428571429,10,80.57142857142857,9.428571428571429,71.14285714285714
W00003698,328,60,18,42,268,23,245,18.29268292682927,5.487804878048781,12.804878048780488,81.70731707317073,7.01219512195122,74.6951219512195
W00003699,365,92,52,40,273,15,258,25.205479452054796,14.246575342465754,10.95890410958904,74.79452054794521,4.10958904109589,70.68493150684931
W00003700,334,70,30,40,264,20,244,20.958083832335326,8.982035928143713,11.976047904191617,79.04191616766467,5.9880239520958085,73.05389221556887
W00003701,343,83,37,46,260,20,240,24.198250728862973,10.787172011661808,13.411078717201166,75.80174927113703,5.830903790087463,69.97084548104957
W00003702,381,88,42,46,293,19,274,23.097112860892388,11.023622047244094,12.073490813648293,76.9028871391076,4.986876640419948,71.91601049868767
W00003703,277,86,47,39,191,11,180,31.046931407942242,16.967509025270758,14.079422382671481,68.95306859205776,3.9711191335740073,64.98194945848375
W00003704,293,74,23,51,219,19,200,25.25597269624573,7.849829351535837,17.4061433447099,74.74402730375427,6.484641638225256,68.25938566552901
W00003705,314,75,31,44,239,14,225,23.88535031847134,9.872611464968154,14.012738853503185,76.11464968152866,4.45859872611465,71.656050955414
W00003706,344,66,32,34,278,26,252,19.186046511627907,9.30232558139535,9.883720930232558,80.81395348837209,7.55813953488372,73.25581395348837
W00003707,255,64,26,38,191,31,160,25.098039215686274,10.196078431372548,14.901960784313726,74.90196078431373,12.156862745098039,62.745098039215684
W00003708,383,68,30,38,315,32,283,17.75456919060052,7.83289817232376,9.921671018276761,82.24543080939948,8.355091383812011,73.89033942558747
W00003709,324,64,36,28,260,16,244,19.753086419753085,11.11111111111111,8.641975308641975,80.24691358024691,4.938271604938271,75.30864197530865
W00003710,172,36,15,21,136,9,127,20.930232558139537,8.720930232558139,12.209302325581394,79.06976744186046,5.232558139534884,73.83720930232558
W00003711,531,102,48,54,429,28,401,19.2090395480226,9.03954802259887,10.16949152542373,80.7909604519774,5.273069679849341,75.51789077212806
W00003712,364,58,21,37,306,24,282,15.934065934065933,5.769230769230769,10.164835164835164,84.06593406593407,6.593406593406594,77.47252747252747
W00003713,284,57,26,31,227,7,220,20.070422535211268,9.15492957746479,10.915492957746478,79.92957746478874,2.464788732394366,77.46478873239437
W00003714,206,49,22,27,157,9,148,23.78640776699029,10.679611650485436,13.106796116504855,76.2135922330097,4.368932038834951,71.84466019417476
W00003715,396,74,30,44,322,25,297,18.68686868686869,7.575757575757576,11.11111111111111,81.31313131313132,6.313131313131313,75
W00003716,430,92,44,48,338,27,311,21.3953488372093,10.232558139534884,11.162790697674419,78.6046511627907,6.279069767441861,72.32558139534883
W00003717,326,86,52,34,240,8,232,26.380368098159508,15.950920245398773,10.429447852760736,73.61963190184049,2.4539877300613497,71.16564417177914
W00003718,308,68,37,31,240,9,231,22.07792207792208,12.012987012987013,10.064935064935066,77.92207792207793,2.922077922077922,75
W00003719,370,67,42,25,303,27,276,18.10810810810811,11.351351351351353,6.756756756756757,81.89189189189189,7.297297297297297,74.5945945945946
W00003720,234,76,41,35,158,15,143,32.47863247863248,17.52136752136752,14.957264957264957,67.52136752136752,6.41025641025641,61.111111111111114
W00003721,396,65,33,32,331,29,302,16.414141414141415,8.333333333333332,8.080808080808081,83.58585858585859,7.3232323232323235,76.26262626262627
W00003722,402,62,32,30,340,17,323,15.422885572139302,7.960199004975125,7.462686567164178,84.5771144278607,4.228855721393035,80.34825870646766
W00003723,380,128,69,59,252,13,239,33.68421052631579,18.157894736842106,15.526315789473685,66.3157894736842,3.421052631578948,62.89473684210526
W00003724,289,81,37,44,208,8,200,28.027681660899656,12.802768166089965,15.22491349480969,71.97231833910035,2.768166089965398,69.20415224913495
W00003725,264,64,29,35,200,17,183,24.242424242424242,10.984848484848484,13.257575757575758,75.75757575757575,6.4393939393939394,69.31818181818183
W00003726,557,83,43,40,474,31,443,14.90125673249551,7.719928186714542,7.1813285457809695,85.09874326750449,5.565529622980251,79.53321364452424
W00003727,190,84,45,39,106,5,101,44.21052631578947,23.684210526315788,20.526315789473685,55.78947368421052,2.631578947368421,53.1578947368421
W00003728,276,55,26,29,221,23,198,19.92753623188406,9.420289855072465,10.507246376811594,80.07246376811594,8.333333333333332,71.73913043478261
W00003729,552,119,58,61,433,34,399,21.557971014492754,10.507246376811594,11.05072463768116,78.44202898550725,6.159420289855073,72.28260869565217
W00003730,239,49,23,26,190,17,173,20.502092050209207,9.623430962343097,10.87866108786611,79.49790794979079,7.112970711297072,72.38493723849372
W00003731,364,46,19,27,318,27,291,12.637362637362637,5.21978021978022,7.417582417582418,87.36263736263736,7.417582417582418,79.94505494505495
W00003732,298,71,42,29,227,11,216,23.825503355704697,14.093959731543624,9.731543624161073,76.1744966442953,3.691275167785235,72.48322147651007
W00003733,151,31,12,19,120,9,111,20.52980132450331,7.9470198675496695,12.582781456953644,79.47019867549669,5.960264900662252,73.50993377483444
W00003734,305,58,26,32,247,25,222,19.01639344262295,8.524590163934425,10.491803278688524,80.98360655737706,8.19672131147541,72.78688524590164
W00003735,318,89,49,40,229,26,203,27.9874213836478,15.40880503144654,12.578616352201259,72.0125786163522,8.176100628930817,63.83647798742138
W00003736,271,78,43,35,193,17,176,28.782287822878228,15.867158671586715,12.915129151291513,71.21771217712177,6.273062730627306,64.94464944649447
W00003737,319,57,30,27,262,15,247,17.86833855799373,9.404388714733543,8.463949843260188,82.13166144200626,4.702194357366771,77.4294670846395
W00003738,301,76,33,43,225,23,202,25.249169435215947,10.96345514950166,14.285714285714285,74.75083056478405,7.641196013289036,67.109634551495
W00003739,270,69,40,29,201,19,182,25.555555555555554,14.814814814814813,10.74074074074074,74.44444444444444,7.037037037037037,67.4074074074074
W00003741,483,104,51,53,379,24,355,21.532091097308488,10.559006211180124,10.973084886128365,78.4679089026915,4.968944099378882,73.49896480331263
W00003742,325,73,28,45,252,26,226,22.46153846153846,8.615384615384615,13.846153846153847,77.53846153846153,8,69.53846153846153
W00003743,382,72,31,41,310,24,286,18.848167539267017,8.115183246073299,10.732984293193718,81.15183246073299,6.282722513089005,74.86910994764398
W00003744,342,78,37,41,264,16,248,22.807017543859647,10.818713450292398,11.988304093567251,77.19298245614034,4.678362573099415,72.51461988304094
W00003745,382,52,28,24,330,28,302,13.612565445026178,7.329842931937172,6.282722513089005,86.38743455497382,7.329842931937172,79.05759162303664
W00003746,329,110,80,30,219,11,208,33.43465045592705,24.316109422492403,9.118541033434651,66.56534954407294,3.343465045592705,63.22188449848024
W00003747,457,76,30,46,381,29,352,16.630196936542667,6.564551422319474,10.065645514223196,83.36980306345733,6.3457330415754925,77.02407002188184
W00003748,293,73,42,31,220,25,195,24.914675767918087,14.334470989761092,10.580204778156997,75.0853242320819,8.532423208191126,66.55290102389078
W00003749,469,115,46,69,354,31,323,24.520255863539443,9.808102345415778,14.712153518123666,75.47974413646055,6.609808102345416,68.86993603411514
W00003750,312,90,36,54,222,14,208,28.846153846153843,11.538461538461538,17.307692307692307,71.15384615384616,4.487179487179487,66.66666666666666
W00003751,321,80,48,32,241,16,225,24.922118380062305,14.953271028037381,9.968847352024921,75.0778816199377,4.984423676012461,70.09345794392523
W00003752,368,95,53,42,273,19,254,25.815217391304344,14.402173913043478,11.41304347826087,74.18478260869566,5.163043478260869,69.02173913043478
W00003753,286,62,39,23,224,9,215,21.678321678321677,13.636363636363635,8.041958041958042,78.32167832167832,3.146853146853147,75.17482517482517
W00003754,282,61,28,33,221,15,206,21.631205673758867,9.929078014184398,11.702127659574469,78.36879432624113,5.319148936170213,73.04964539007092
W00003755,311,68,34,34,243,22,221,21.864951768488748,10.932475884244374,10.932475884244374,78.13504823151125,7.07395498392283,71.06109324758843
W00003756,236,68,37,31,168,16,152,28.8135593220339,15.677966101694915,13.135593220338984,71.1864406779661,6.779661016949152,64.40677966101694
W00003757,291,54,33,21,237,16,221,18.556701030927837,11.34020618556701,7.216494845360824,81.44329896907216,5.498281786941581,75.94501718213058
W00003758,399,107,58,49,292,22,270,26.81704260651629,14.536340852130325,12.280701754385964,73.1829573934837,5.513784461152882,67.66917293233082
W00003759,290,66,33,33,224,15,209,22.758620689655174,11.379310344827587,11.379310344827587,77.24137931034483,5.172413793103448,72.06896551724138
W00003760,286,55,30,25,231,21,210,19.230769230769234,10.48951048951049,8.741258741258742,80.76923076923077,7.3426573426573425,73.42657342657343
W00003761,276,62,30,32,214,31,183,22.463768115942027,10.869565217391305,11.594202898550725,77.53623188405797,11.231884057971014,66.30434782608695
W00003762,296,38,19,19,258,23,235,12.837837837837837,6.418918918918918,6.418918918918918,87.16216216216216,7.77027027027027,79.3918918918919
W00003763,228,41,16,25,187,14,173,17.982456140350877,7.017543859649122,10.964912280701753,82.01754385964912,6.140350877192982,75.87719298245614
W00003764,262,53,20,33,209,21,188,20.229007633587788,7.633587786259542,12.595419847328243,79.77099236641222,8.015267175572518,71.7557251908397
W00003765,219,40,21,19,179,23,156,18.2648401826484,9.58904109589041,8.67579908675799,81.7351598173516,10.50228310502283,71.23287671232876
W00003766,186,38,18,20,148,19,129,20.43010752688172,9.67741935483871,10.75268817204301,79.56989247311827,10.21505376344086,69.35483870967742
W00003767,217,41,16,25,176,21,155,18.89400921658986,7.373271889400922,11.52073732718894,81.10599078341014,9.67741935483871,71.42857142857143
W00003768,479,117,55,62,362,12,350,24.4258872651357,11.482254697286013,12.943632567849686,75.5741127348643,2.5052192066805845,73.06889352818372
W00003769,239,69,24,45,170,12,158,28.870292887029287,10.0418410041841,18.828451882845187,71.1297071129707,5.02092050209205,66.10878661087865
W00003770,359,118,72,46,241,13,228,32.86908077994429,20.055710306406684,12.813370473537605,67.1309192200557,3.6211699164345403,63.50974930362116
W00003771,236,34,20,14,202,11,191,14.40677966101695,8.47457627118644,5.932203389830509,85.59322033898306,4.661016949152542,80.9322033898305
W00003772,229,68,43,25,161,14,147,29.694323144104807,18.777292576419214,10.91703056768559,70.3056768558952,6.11353711790393,64.19213973799127
W00003773,417,66,33,33,351,19,332,15.827338129496402,7.913669064748201,7.913669064748201,84.17266187050359,4.556354916067146,79.61630695443645
W00003774,316,51,25,26,265,19,246,16.139240506329113,7.9113924050632916,8.227848101265822,83.86075949367088,6.012658227848101,77.84810126582279
W00003775,271,70,26,44,201,14,187,25.830258302583026,9.59409594095941,16.236162361623617,74.16974169741697,5.166051660516605,69.00369003690037
W00003776,242,58,19,39,184,8,176,23.96694214876033,7.851239669421488,16.115702479338843,76.03305785123968,3.3057851239669422,72.72727272727273
W00003777,275,55,35,20,220,13,207,20,12.727272727272727,7.2727272727272725,80,4.7272727272727275,75.27272727272727
W00003778,312,94,59,35,218,14,204,30.128205128205128,18.91025641025641,11.217948717948719,69.87179487179486,4.487179487179487,65.38461538461539
W00003779,306,97,39,58,209,8,201,31.699346405228756,12.745098039215685,18.954248366013072,68.30065359477125,2.6143790849673203,65.68627450980392
W00003780,271,59,34,25,212,16,196,21.771217712177123,12.546125461254611,9.22509225092251,78.22878228782287,5.904059040590406,72.32472324723247
W00003781,308,75,29,46,233,13,220,24.350649350649352,9.415584415584416,14.935064935064934,75.64935064935064,4.220779220779221,71.42857142857143
W00003782,332,76,34,42,256,20,236,22.89156626506024,10.240963855421686,12.650602409638553,77.10843373493977,6.024096385542169,71.08433734939759
W00003783,274,54,28,26,220,25,195,19.708029197080293,10.218978102189782,9.48905109489051,80.2919708029197,9.124087591240876,71.16788321167883
W00003784,273,50,24,26,223,16,207,18.315018315018314,8.791208791208792,9.523809523809524,81.68498168498168,5.86080586080586,75.82417582417582
W00003785,247,59,35,24,188,10,178,23.88663967611336,14.17004048582996,9.7165991902834,76.11336032388664,4.048582995951417,72.06477732793523
W00003786,278,55,27,28,223,16,207,19.784172661870503,9.712230215827338,10.071942446043165,80.2158273381295,5.755395683453238,74.46043165467626
W00003787,272,59,25,34,213,24,189,21.691176470588236,9.191176470588236,12.5,78.30882352941177,8.823529411764707,69.48529411764706
W00003788,275,57,31,26,218,16,202,20.727272727272727,11.272727272727273,9.454545454545455,79.27272727272727,5.818181818181818,73.45454545454545
W00003789,321,67,37,30,254,11,243,20.87227414330218,11.526479750778815,9.345794392523365,79.12772585669782,3.4267912772585665,75.70093457943925
W00003790,278,59,27,32,219,23,196,21.223021582733814,9.712230215827338,11.510791366906476,78.77697841726618,8.273381294964029,70.50359712230215
W00003791,332,86,38,48,246,6,240,25.903614457831324,11.44578313253012,14.457831325301203,74.09638554216868,1.8072289156626504,72.28915662650603
W00003792,263,60,41,19,203,8,195,22.813688212927758,15.5893536121673,7.224334600760455,77.18631178707224,3.041825095057034,74.1444866920152
W00003793,417,110,50,60,307,36,271,26.378896882494008,11.990407673860911,14.388489208633093,73.621103117506,8.633093525179856,64.98800959232614
W00003794,295,58,30,28,237,22,215,19.661016949152543,10.16949152542373,9.491525423728813,80.33898305084746,7.457627118644068,72.88135593220339
W00003795,232,72,41,31,160,8,152,31.03448275862069,17.67241379310345,13.36206896551724,68.96551724137932,3.4482758620689653,65.51724137931035
W00003796,423,101,56,45,322,26,296,23.87706855791962,13.238770685579196,10.638297872340425,76.12293144208037,6.1465721040189125,69.97635933806147
W00003797,337,82,47,35,255,11,244,24.33234421364985,13.94658753709199,10.385756676557865,75.66765578635015,3.2640949554896146,72.40356083086054
W00003798,299,75,37,38,224,15,209,25.08361204013378,12.37458193979933,12.709030100334449,74.91638795986621,5.016722408026756,69.89966555183946
W00003799,268,64,39,25,204,11,193,23.88059701492537,14.55223880597015,9.328358208955224,76.11940298507463,4.104477611940299,72.01492537313433
W00003800,330,72,39,33,258,23,235,21.818181818181817,11.818181818181818,10,78.18181818181819,6.969696969696971,71.21212121212122
W00003801,281,48,18,30,233,11,222,17.08185053380783,6.405693950177936,10.676156583629894,82.91814946619218,3.9145907473309607,79.00355871886121
W00003802,293,67,40,27,226,18,208,22.866894197952217,13.651877133105803,9.215017064846416,77.13310580204778,6.143344709897611,70.98976109215018
W00003803,285,52,28,24,233,17,216,18.24561403508772,9.824561403508772,8.421052631578947,81.75438596491227,5.964912280701754,75.78947368421053
W00003804,260,61,26,35,199,17,182,23.46153846153846,10,13.461538461538462,76.53846153846153,6.538461538461539,70
W00003805,231,54,26,28,177,21,156,23.376623376623375,11.255411255411255,12.121212121212121,76.62337662337663,9.090909090909092,67.53246753246754
W00003806,305,85,46,39,220,17,203,27.86885245901639,15.081967213114755,12.786885245901638,72.1311475409836,5.573770491803279,66.55737704918033
W00003807,279,79,40,39,200,19,181,28.31541218637993,14.336917562724013,13.978494623655912,71.68458781362007,6.810035842293908,64.87455197132617
W00003808,305,85,47,38,220,13,207,27.86885245901639,15.40983606557377,12.459016393442624,72.1311475409836,4.2622950819672125,67.8688524590164
W00003809,253,75,37,38,178,11,167,29.64426877470356,14.624505928853754,15.019762845849801,70.35573122529645,4.3478260869565215,66.00790513833992
W00003811,322,50,15,35,272,18,254,15.527950310559005,4.658385093167702,10.869565217391305,84.472049689441,5.590062111801243,78.88198757763976
W00003812,337,62,33,29,275,21,254,18.397626112759642,9.792284866468842,8.605341246290802,81.60237388724035,6.231454005934718,75.37091988130564
W00003813,306,61,30,31,245,21,224,19.934640522875817,9.803921568627452,10.130718954248366,80.06535947712419,6.862745098039216,73.20261437908496
W00003814,366,83,43,40,283,28,255,22.6775956284153,11.748633879781421,10.92896174863388,77.3224043715847,7.650273224043716,69.67213114754098
W00003815,459,91,34,57,368,24,344,19.825708061002178,7.4074074074074066,12.418300653594772,80.17429193899783,5.228758169934641,74.94553376906318
W00003817,354,72,20,52,282,25,257,20.33898305084746,5.649717514124294,14.689265536723164,79.66101694915254,7.062146892655368,72.59887005649718
W00003818,315,54,24,30,261,29,232,17.142857142857142,7.6190476190476195,9.523809523809524,82.85714285714286,9.206349206349207,73.65079365079366
W00003819,356,119,69,50,237,23,214,33.42696629213483,19.382022471910112,14.04494382022472,66.57303370786516,6.460674157303371,60.1123595505618
W00003820,279,75,36,39,204,27,177,26.881720430107524,12.903225806451612,13.978494623655912,73.11827956989248,9.67741935483871,63.44086021505376
W00003821,332,62,25,37,270,14,256,18.67469879518072,7.530120481927711,11.144578313253012,81.32530120481928,4.216867469879518,77.10843373493977
W00003823,261,90,47,43,171,15,156,34.48275862068966,18.007662835249043,16.47509578544061,65.51724137931035,5.747126436781609,59.77011494252874
W00003824,205,54,24,30,151,12,139,26.34146341463415,11.707317073170733,14.634146341463413,73.65853658536585,5.853658536585367,67.8048780487805
W00003825,326,70,38,32,256,19,237,21.472392638036812,11.65644171779141,9.815950920245399,78.52760736196319,5.828220858895705,72.69938650306749
W00003826,272,83,48,35,189,16,173,30.514705882352942,17.647058823529413,12.867647058823529,69.48529411764706,5.88235294117647,63.60294117647059
W00003827,255,78,40,38,177,19,158,30.58823529411765,15.686274509803921,14.901960784313726,69.41176470588235,7.450980392156863,61.96078431372549
W00003828,278,77,48,29,201,18,183,27.697841726618705,17.26618705035971,10.431654676258994,72.3021582733813,6.474820143884892,65.82733812949641
W00003829,238,56,17,39,182,15,167,23.52941176470588,7.142857142857142,16.386554621848738,76.47058823529412,6.302521008403361,70.16806722689076
W00003830,414,77,35,42,337,27,310,18.59903381642512,8.454106280193237,10.144927536231885,81.40096618357488,6.521739130434782,74.8792270531401
W00003831,344,86,44,42,258,13,245,25,12.790697674418606,12.209302325581394,75,3.77906976744186,71.22093023255815
W00003832,356,101,47,54,255,23,232,28.370786516853936,13.202247191011235,15.168539325842698,71.62921348314607,6.460674157303371,65.1685393258427
W00003833,252,65,31,34,187,21,166,25.793650793650798,12.3015873015873,13.492063492063492,74.20634920634922,8.333333333333332,65.87301587301587
W00003834,355,73,31,42,282,22,260,20.56338028169014,8.732394366197182,11.830985915492958,79.43661971830987,6.197183098591549,73.23943661971832
W00003835,354,81,40,41,273,41,232,22.88135593220339,11.299435028248588,11.581920903954803,77.11864406779661,11.581920903954803,65.5367231638418
W00003836,495,130,64,66,365,24,341,26.262626262626267,12.929292929292929,13.333333333333334,73.73737373737373,4.848484848484849,68.88888888888889
W00003837,484,85,43,42,399,28,371,17.56198347107438,8.884297520661157,8.677685950413224,82.43801652892562,5.785123966942149,76.65289256198346
W00003838,277,62,29,33,215,26,189,22.382671480144403,10.469314079422382,11.913357400722022,77.6173285198556,9.386281588447654,68.23104693140795
W00003839,402,79,45,34,323,30,293,19.65174129353234,11.194029850746269,8.45771144278607,80.34825870646766,7.462686567164178,72.88557213930348
W00003840,297,80,37,43,217,30,187,26.936026936026934,12.457912457912458,14.47811447811448,73.06397306397307,10.1010101010101,62.96296296296296
W00003841,239,92,47,45,147,11,136,38.49372384937239,19.665271966527197,18.828451882845187,61.50627615062761,4.602510460251046,56.903765690376574
W00003842,302,82,43,39,220,24,196,27.1523178807947,14.23841059602649,12.91390728476821,72.84768211920529,7.9470198675496695,64.90066225165563
W00003843,262,67,31,36,195,17,178,25.572519083969464,11.83206106870229,13.740458015267176,74.42748091603053,6.488549618320611,67.93893129770993
W00003844,339,90,48,42,249,15,234,26.548672566371685,14.15929203539823,12.389380530973451,73.45132743362832,4.424778761061947,69.02654867256636
W00003845,277,48,27,21,229,18,211,17.328519855595665,9.747292418772563,7.581227436823104,82.67148014440433,6.4981949458483745,76.17328519855594
W00003846,298,64,35,29,234,21,213,21.476510067114095,11.74496644295302,9.731543624161073,78.52348993288591,7.046979865771812,71.47651006711409
W00003847,362,67,36,31,295,17,278,18.50828729281768,9.94475138121547,8.56353591160221,81.49171270718232,4.696132596685083,76.79558011049724
W00003848,509,98,46,52,411,24,387,19.25343811394892,9.037328094302556,10.216110019646365,80.74656188605108,4.715127701375246,76.03143418467585
W00003849,328,69,41,28,259,15,244,21.036585365853657,12.5,8.536585365853659,78.96341463414635,4.573170731707317,74.39024390243902
W00003850,290,61,33,28,229,19,210,21.03448275862069,11.379310344827587,9.655172413793103,78.96551724137932,6.551724137931035,72.41379310344827
W00003851,280,71,41,30,209,13,196,25.357142857142854,14.642857142857144,10.714285714285714,74.64285714285714,4.642857142857143,70
W00003852,260,88,52,36,172,10,162,33.84615384615385,20,13.846153846153847,66.15384615384615,3.8461538461538463,62.30769230769231
W00003853,223,74,43,31,149,19,130,33.18385650224215,19.282511210762333,13.901345291479823,66.81614349775785,8.520179372197308,58.29596412556054
W00003854,286,43,18,25,243,21,222,15.034965034965033,6.293706293706294,8.741258741258742,84.96503496503497,7.3426573426573425,77.62237762237763
W00003855,326,97,66,31,229,27,202,29.754601226993866,20.245398773006134,9.509202453987731,70.24539877300614,8.282208588957054,61.963190184049076
W00003856,266,61,25,36,205,12,193,22.932330827067666,9.398496240601503,13.533834586466165,77.06766917293233,4.511278195488721,72.55639097744361
W00003857,319,79,30,49,240,17,223,24.76489028213166,9.404388714733543,15.360501567398119,75.23510971786834,5.329153605015674,69.90595611285266
W00003858,335,80,35,45,255,14,241,23.88059701492537,10.44776119402985,13.432835820895523,76.11940298507463,4.179104477611941,71.94029850746269
W00003859,336,73,41,32,263,18,245,21.726190476190478,12.202380952380953,9.523809523809524,78.27380952380952,5.357142857142857,72.91666666666666
W00003860,300,90,41,49,210,14,196,30,13.666666666666666,16.333333333333332,70,4.666666666666667,65.33333333333333
W00003861,273,75,36,39,198,13,185,27.472527472527474,13.186813186813188,14.285714285714285,72.52747252747253,4.761904761904762,67.76556776556777
W00003862,262,52,31,21,210,16,194,19.84732824427481,11.83206106870229,8.015267175572518,80.1526717557252,6.106870229007633,74.04580152671755
W00003863,244,75,51,24,169,14,155,30.737704918032787,20.901639344262296,9.836065573770492,69.26229508196722,5.737704918032787,63.52459016393443
W00003864,241,56,29,27,185,10,175,23.236514522821576,12.033195020746888,11.20331950207469,76.76348547717843,4.149377593360995,72.61410788381743
W00003865,272,67,32,35,205,15,190,24.63235294117647,11.76470588235294,12.867647058823529,75.36764705882352,5.514705882352941,69.85294117647058
W00003866,315,58,18,40,257,27,230,18.412698412698415,5.714285714285714,12.698412698412698,81.58730158730158,8.571428571428571,73.01587301587301
W00003867,309,51,26,25,258,32,226,16.50485436893204,8.414239482200648,8.090614886731391,83.49514563106796,10.355987055016183,73.13915857605178
W00003868,290,66,40,26,224,19,205,22.758620689655174,13.793103448275861,8.96551724137931,77.24137931034483,6.551724137931035,70.6896551724138
W00003869,548,91,46,45,457,24,433,16.605839416058394,8.394160583941606,8.211678832116789,83.3941605839416,4.37956204379562,79.01459854014598
W00003870,330,101,68,33,229,20,209,30.606060606060602,20.606060606060606,10,69.39393939393939,6.0606060606060606,63.33333333333333
W00003871,316,94,41,53,222,28,194,29.746835443037973,12.974683544303797,16.77215189873418,70.25316455696202,8.860759493670885,61.39240506329114
W00003872,476,97,45,52,379,29,350,20.3781512605042,9.453781512605042,10.92436974789916,79.62184873949579,6.092436974789916,73.52941176470588
W00003873,387,68,21,47,319,39,280,17.571059431524546,5.426356589147287,12.144702842377262,82.42894056847545,10.077519379844961,72.3514211886305
W00003874,246,48,21,27,198,16,182,19.51219512195122,8.536585365853659,10.975609756097562,80.48780487804879,6.504065040650407,73.98373983739837
W00003875,351,66,33,33,285,17,268,18.803418803418804,9.401709401709402,9.401709401709402,81.19658119658119,4.843304843304843,76.35327635327636
W00003876,385,83,38,45,302,28,274,21.558441558441558,9.87012987012987,11.688311688311687,78.44155844155844,7.2727272727272725,71.16883116883118
W00003877,360,73,39,34,287,17,270,20.27777777777778,10.833333333333334,9.444444444444445,79.72222222222223,4.722222222222222,75
W00003878,252,63,24,39,189,20,169,25,9.523809523809524,15.476190476190476,75,7.936507936507936,67.06349206349206
W00003879,296,61,33,28,235,27,208,20.60810810810811,11.14864864864865,9.45945945945946,79.3918918918919,9.121621621621621,70.27027027027027
W00003880,201,56,30,26,145,15,130,27.860696517412936,14.925373134328357,12.935323383084576,72.13930348258707,7.462686567164178,64.6766169154229
W00003881,337,88,43,45,249,35,214,26.112759643916917,12.759643916913946,13.353115727002967,73.88724035608308,10.385756676557865,63.50148367952523
W00003882,236,53,11,42,183,20,163,22.45762711864407,4.661016949152542,17.796610169491526,77.54237288135593,8.47457627118644,69.0677966101695
W00003883,291,75,30,45,216,28,188,25.773195876288657,10.309278350515463,15.463917525773196,74.22680412371135,9.621993127147768,64.60481099656357
W00003884,534,108,48,60,426,49,377,20.224719101123593,8.98876404494382,11.235955056179774,79.7752808988764,9.176029962546817,70.59925093632958
W00003885,356,121,71,50,235,17,218,33.98876404494382,19.9438202247191,14.04494382022472,66.01123595505618,4.775280898876404,61.23595505617978
W00003886,433,129,81,48,304,30,274,29.79214780600462,18.706697459584294,11.085450346420323,70.20785219399538,6.928406466512701,63.279445727482674
W00003887,307,63,31,32,244,31,213,20.521172638436482,10.097719869706841,10.423452768729643,79.47882736156352,10.097719869706841,69.38110749185668
W00003888,410,80,46,34,330,18,312,19.51219512195122,11.219512195121952,8.292682926829269,80.48780487804879,4.390243902439024,76.09756097560975
W00003889,355,75,29,46,280,22,258,21.12676056338028,8.169014084507042,12.957746478873238,78.87323943661971,6.197183098591549,72.67605633802818
W00003890,374,87,43,44,287,36,251,23.262032085561497,11.497326203208557,11.76470588235294,76.7379679144385,9.62566844919786,67.11229946524064
W00003891,404,127,72,55,277,27,250,31.435643564356436,17.82178217821782,13.613861386138614,68.56435643564357,6.683168316831684,61.88118811881188
W00003892,437,105,64,41,332,25,307,24.02745995423341,14.645308924485127,9.382151029748284,75.97254004576659,5.720823798627003,70.25171624713958
W00003893,253,131,93,38,122,8,114,51.77865612648221,36.75889328063241,15.019762845849801,48.22134387351779,3.1620553359683794,45.059288537549406
W00003894,399,140,94,46,259,24,235,35.08771929824561,23.55889724310777,11.528822055137844,64.91228070175438,6.015037593984962,58.89724310776943
W00003895,355,80,37,43,275,26,249,22.535211267605636,10.422535211267606,12.112676056338028,77.46478873239437,7.323943661971831,70.14084507042253
W00003896,316,49,27,22,267,30,237,15.50632911392405,8.544303797468354,6.962025316455696,84.49367088607595,9.49367088607595,75
W00003897,162,37,19,18,125,15,110,22.839506172839506,11.728395061728394,11.11111111111111,77.1604938271605,9.25925925925926,67.90123456790124
W00003898,373,70,30,40,303,31,272,18.766756032171582,8.04289544235925,10.723860589812332,81.23324396782841,8.310991957104557,72.92225201072387
W00003899,324,65,26,39,259,33,226,20.061728395061728,8.024691358024691,12.037037037037036,79.93827160493827,10.185185185185185,69.75308641975309
W00003900,224,56,27,29,168,20,148,25,12.053571428571429,12.946428571428573,75,8.928571428571429,66.07142857142857
W00003901,222,49,23,26,173,8,165,22.07207207207207,10.36036036036036,11.711711711711711,77.92792792792793,3.6036036036036037,74.32432432432432
W00003902,225,73,28,45,152,22,130,32.44444444444444,12.444444444444445,20,67.55555555555556,9.777777777777779,57.77777777777777
W00003903,266,67,35,32,199,20,179,25.18796992481203,13.157894736842104,12.030075187969924,74.81203007518798,7.518796992481203,67.29323308270678
W00003904,289,65,24,41,224,13,211,22.491349480968857,8.304498269896193,14.186851211072666,77.50865051903114,4.498269896193772,73.01038062283737
W00003905,441,102,48,54,339,28,311,23.12925170068027,10.884353741496598,12.244897959183673,76.87074829931973,6.349206349206349,70.52154195011337
W00003906,308,64,29,35,244,25,219,20.77922077922078,9.415584415584416,11.363636363636363,79.22077922077922,8.116883116883116,71.1038961038961
W00003907,279,54,26,28,225,26,199,19.35483870967742,9.31899641577061,10.03584229390681,80.64516129032258,9.31899641577061,71.32616487455196
W00003908,378,80,34,46,298,26,272,21.164021164021165,8.994708994708994,12.16931216931217,78.83597883597884,6.878306878306878,71.95767195767195
W00003909,361,65,30,35,296,22,274,18.005540166204987,8.310249307479225,9.695290858725762,81.99445983379502,6.094182825484765,75.90027700831024
W00003910,309,77,49,28,232,13,219,24.919093851132686,15.857605177993527,9.06148867313916,75.08090614886731,4.207119741100324,70.87378640776699
W00003911,336,88,40,48,248,18,230,26.190476190476193,11.904761904761903,14.285714285714285,73.80952380952381,5.357142857142857,68.45238095238095
W00003912,314,84,39,45,230,15,215,26.751592356687897,12.420382165605096,14.331210191082802,73.24840764331209,4.777070063694268,68.47133757961782
W00003913,308,90,52,38,218,17,201,29.22077922077922,16.883116883116884,12.337662337662337,70.77922077922078,5.51948051948052,65.25974025974025
W00003914,259,83,42,41,176,12,164,32.04633204633205,16.216216216216218,15.83011583011583,67.95366795366795,4.633204633204633,63.32046332046332
W00003915,302,79,45,34,223,16,207,26.158940397350992,14.90066225165563,11.258278145695364,73.84105960264901,5.298013245033113,68.54304635761589
W00003916,320,86,42,44,234,21,213,26.875,13.125,13.750000000000002,73.125,6.5625,66.5625
W00003917,352,101,62,39,251,16,235,28.693181818181817,17.613636363636363,11.079545454545455,71.30681818181817,4.545454545454546,66.76136363636364
W00003918,489,85,43,42,404,35,369,17.38241308793456,8.793456032719837,8.588957055214724,82.61758691206545,7.157464212678937,75.4601226993865
W00003919,335,74,36,38,261,16,245,22.08955223880597,10.746268656716417,11.343283582089553,77.91044776119404,4.776119402985075,73.13432835820896
W00003920,385,83,42,41,302,31,271,21.558441558441558,10.909090909090908,10.649350649350648,78.44155844155844,8.051948051948052,70.3896103896104
W00003921,283,53,27,26,230,17,213,18.727915194346288,9.540636042402827,9.187279151943462,81.2720848056537,6.007067137809187,75.26501766784452
W00003922,357,94,46,48,263,17,246,26.330532212885156,12.885154061624648,13.445378151260504,73.66946778711485,4.761904761904762,68.90756302521008
W00003923,281,76,34,42,205,14,191,27.046263345195733,12.099644128113878,14.94661921708185,72.95373665480427,4.98220640569395,67.97153024911033
W00003924,281,68,24,44,213,15,198,24.199288256227756,8.540925266903916,15.658362989323843,75.80071174377224,5.338078291814947,70.46263345195729
W00003925,312,97,48,49,215,16,199,31.08974358974359,15.384615384615385,15.705128205128204,68.91025641025641,5.128205128205128,63.78205128205128
W00003926,266,83,42,41,183,12,171,31.203007518796994,15.789473684210526,15.413533834586465,68.796992481203,4.511278195488721,64.28571428571429
W00003927,296,90,50,40,206,20,186,30.405405405405407,16.89189189189189,13.513513513513514,69.5945945945946,6.756756756756757,62.83783783783784
W00003928,244,54,30,24,190,17,173,22.131147540983605,12.295081967213115,9.836065573770492,77.8688524590164,6.967213114754098,70.90163934426229
W00003930,243,52,36,16,191,22,169,21.39917695473251,14.814814814814813,6.584362139917696,78.60082304526749,9.053497942386832,69.54732510288066
W00003931,272,63,36,27,209,12,197,23.161764705882355,13.23529411764706,9.926470588235293,76.83823529411765,4.411764705882353,72.42647058823529
W00003932,230,71,39,32,159,16,143,30.869565217391305,16.956521739130434,13.91304347826087,69.1304347826087,6.956521739130435,62.17391304347826
W00003933,348,65,31,34,283,18,265,18.67816091954023,8.908045977011495,9.770114942528735,81.32183908045977,5.172413793103448,76.14942528735632
W00003934,251,59,34,25,192,10,182,23.50597609561753,13.545816733067728,9.9601593625498,76.49402390438247,3.9840637450199203,72.50996015936255
W00003935,282,108,59,49,174,11,163,38.297872340425535,20.921985815602838,17.375886524822697,61.702127659574465,3.900709219858156,57.801418439716315
W00003937,253,78,40,38,175,19,156,30.8300395256917,15.810276679841898,15.019762845849801,69.1699604743083,7.5098814229249005,61.6600790513834
W00003938,313,76,38,38,237,20,217,24.281150159744406,12.140575079872203,12.140575079872203,75.71884984025559,6.3897763578274756,69.32907348242811
W00003939,268,84,51,33,184,10,174,31.343283582089555,19.029850746268657,12.313432835820896,68.65671641791045,3.731343283582089,64.92537313432835
W00003940,474,88,39,49,386,42,344,18.565400843881857,8.227848101265822,10.337552742616033,81.43459915611815,8.860759493670885,72.57383966244726
W00003941,166,45,26,19,121,7,114,27.10843373493976,15.66265060240964,11.44578313253012,72.89156626506023,4.216867469879518,68.67469879518072
W00003943,289,60,27,33,229,23,206,20.761245674740483,9.342560553633218,11.418685121107266,79.23875432525952,7.958477508650519,71.280276816609
W00003944,261,50,17,33,211,12,199,19.157088122605366,6.513409961685824,12.643678160919542,80.84291187739464,4.597701149425287,76.24521072796935
W00003945,264,37,18,19,227,23,204,14.015151515151514,6.8181818181818175,7.196969696969697,85.98484848484848,8.712121212121213,77.27272727272727
W00003946,331,72,28,44,259,23,236,21.75226586102719,8.459214501510575,13.293051359516618,78.24773413897282,6.948640483383686,71.29909365558912
W00009988,200,43,17,26,157,7,150,21.5,8.5,13,78.5,3.5000000000000004,75
W00009989,347,67,24,43,280,22,258,19.30835734870317,6.9164265129683,12.39193083573487,80.69164265129683,6.340057636887608,74.35158501440922
W00009991,595,67,22,45,528,38,490,11.260504201680673,3.697478991596639,7.563025210084033,88.73949579831933,6.386554621848739,82.35294117647058
W00009992,276,43,8,35,233,34,199,15.579710144927535,2.898550724637681,12.681159420289855,84.42028985507247,12.318840579710146,72.10144927536231
W00009994,348,69,32,37,279,11,268,19.82758620689655,9.195402298850574,10.632183908045976,80.17241379310344,3.1609195402298855,77.01149425287356
W00009995,325,66,29,37,259,14,245,20.307692307692307,8.923076923076923,11.384615384615385,79.6923076923077,4.3076923076923075,75.38461538461539
W00009997,178,19,9,10,159,4,155,10.674157303370785,5.056179775280898,5.617977528089887,89.32584269662921,2.247191011235955,87.07865168539325
W00009998,173,30,11,19,143,16,127,17.341040462427745,6.358381502890173,10.982658959537572,82.65895953757226,9.248554913294797,73.41040462427746
W00010000,179,28,9,19,151,9,142,15.64245810055866,5.027932960893855,10.614525139664805,84.35754189944134,5.027932960893855,79.3296089385475
W00010001,286,43,15,28,243,19,224,15.034965034965033,5.244755244755245,9.79020979020979,84.96503496503497,6.643356643356643,78.32167832167832
W00010003,241,39,14,25,202,16,186,16.182572614107883,5.809128630705394,10.37344398340249,83.81742738589212,6.639004149377594,77.17842323651453
W00010004,395,97,39,58,298,25,273,24.556962025316455,9.873417721518987,14.683544303797468,75.44303797468355,6.329113924050633,69.11392405063292
W00010007,164,38,17,21,126,15,111,23.170731707317074,10.365853658536585,12.804878048780488,76.82926829268293,9.146341463414634,67.6829268292683
W00010009,285,126,85,41,159,4,155,44.21052631578947,29.82456140350877,14.385964912280702,55.78947368421052,1.4035087719298245,54.385964912280706
W00010099,340,41,13,28,299,36,263,12.058823529411764,3.823529411764706,8.235294117647058,87.94117647058823,10.588235294117647,77.3529411764706
W00010100,221,63,36,27,158,12,146,28.50678733031674,16.289592760180994,12.217194570135746,71.49321266968326,5.429864253393665,66.06334841628959
W00010102,383,43,16,27,340,26,314,11.22715404699739,4.177545691906006,7.049608355091384,88.77284595300262,6.7885117493472595,81.98433420365535
W00010357,276,68,36,32,208,15,193,24.637681159420293,13.043478260869565,11.594202898550725,75.36231884057972,5.434782608695652,69.92753623188406
W00010358,265,34,15,19,231,18,213,12.830188679245284,5.660377358490567,7.169811320754717,87.16981132075472,6.7924528301886795,80.37735849056604
W00010361,303,88,49,39,215,14,201,29.042904290429046,16.17161716171617,12.871287128712872,70.95709570957096,4.62046204620462,66.33663366336634
W00010362,256,45,19,26,211,17,194,17.578125,7.421875,10.15625,82.421875,6.640625,75.78125
W00010655,390,96,62,34,294,15,279,24.615384615384617,15.897435897435896,8.717948717948717,75.38461538461539,3.8461538461538463,71.53846153846153
W00010656,324,126,80,46,198,14,184,38.88888888888889,24.691358024691358,14.19753086419753,61.111111111111114,4.320987654320987,56.79012345679012
W00010657,346,41,16,25,305,26,279,11.849710982658959,4.624277456647398,7.225433526011561,88.15028901734104,7.514450867052023,80.63583815028902
W00010661,377,86,30,56,291,30,261,22.811671087533156,7.957559681697612,14.854111405835543,77.18832891246684,7.957559681697612,69.23076923076923
W00010663,253,42,18,24,211,12,199,16.600790513833992,7.114624505928854,9.486166007905137,83.399209486166,4.743083003952568,78.65612648221344
W00010664,288,32,15,17,256,20,236,11.11111111111111,5.208333333333334,5.902777777777778,88.88888888888889,6.944444444444445,81.94444444444444
W00010665,329,57,29,28,272,16,256,17.325227963525837,8.814589665653495,8.51063829787234,82.67477203647417,4.86322188449848,77.81155015197568
W00010666,313,55,23,32,258,15,243,17.57188498402556,7.348242811501597,10.223642172523961,82.42811501597444,4.792332268370607,77.63578274760383
W00010668,297,35,15,20,262,17,245,11.784511784511785,5.05050505050505,6.7340067340067336,88.21548821548821,5.723905723905724,82.49158249158249
W00010670,320,40,14,26,280,25,255,12.5,4.375,8.125,87.5,7.8125,79.6875
W00010671,311,69,27,42,242,23,219,22.186495176848876,8.681672025723474,13.504823151125404,77.81350482315112,7.395498392282958,70.41800643086816
W00010673,267,30,9,21,237,23,214,11.235955056179774,3.3707865168539324,7.865168539325842,88.76404494382022,8.614232209737828,80.14981273408239
W00010674,298,46,22,24,252,17,235,15.436241610738255,7.38255033557047,8.053691275167784,84.56375838926175,5.704697986577181,78.85906040268456
W00010682,318,47,26,21,271,18,253,14.779874213836477,8.176100628930817,6.60377358490566,85.22012578616352,5.660377358490567,79.55974842767296
W00010685,273,77,46,31,196,8,188,28.205128205128204,16.84981684981685,11.355311355311356,71.7948717948718,2.93040293040293,68.86446886446886
W00010688,345,35,11,24,310,22,288,10.144927536231885,3.1884057971014492,6.956521739130435,89.85507246376811,6.3768115942028984,83.47826086956522
W00010691,340,43,23,20,297,20,277,12.647058823529411,6.764705882352941,5.88235294117647,87.3529411764706,5.88235294117647,81.47058823529412
W00010694,404,49,16,33,355,29,326,12.128712871287128,3.9603960396039604,8.16831683168317,87.87128712871286,7.1782178217821775,80.6930693069307
W00010695,195,49,22,27,146,8,138,25.128205128205128,11.282051282051283,13.846153846153847,74.87179487179488,4.102564102564102,70.76923076923077
W00010696,232,29,12,17,203,9,194,12.5,5.172413793103448,7.327586206896551,87.5,3.8793103448275863,83.62068965517241
W00010697,268,25,7,18,243,20,223,9.328358208955224,2.6119402985074625,6.7164179104477615,90.67164179104478,7.462686567164178,83.2089552238806
