OA,ts0380001,ts0380002,ts0380003,ts0380004,ts0380005,ts0380006,ts0380007,ts0380002_PCT,ts0380003_PCT,ts0380004_PCT,ts0380005_PCT,ts0380006_PCT,ts0380007_PCT
E00129250,269,61,40,21,208,19,189,22.676579925650557,14.869888475836431,7.806691449814126,77.32342007434944,7.063197026022305,70.26022304832715
E00129251,326,56,30,26,270,21,249,17.177914110429448,9.202453987730062,7.975460122699387,82.82208588957054,6.441717791411043,76.38036809815951
E00129253,325,42,12,30,283,30,253,12.923076923076923,3.6923076923076925,9.230769230769232,87.07692307692308,9.230769230769232,77.84615384615384
E00129254,337,25,6,19,312,24,288,7.418397626112759,1.7804154302670623,5.637982195845697,92.58160237388724,7.121661721068249,85.45994065281899
E00129255,257,43,19,24,214,20,194,16.731517509727624,7.392996108949417,9.33852140077821,83.26848249027238,7.782101167315175,75.4863813229572
E00129256,360,68,28,40,292,16,276,18.88888888888889,7.777777777777778,11.11111111111111,81.11111111111111,4.444444444444445,76.66666666666667
E00129257,422,57,25,32,365,34,331,13.507109004739338,5.924170616113744,7.5829383886255926,86.49289099526067,8.056872037914692,78.43601895734598
E00129258,261,74,39,35,187,17,170,28.35249042145594,14.942528735632186,13.409961685823754,71.64750957854406,6.513409961685824,65.13409961685824
E00129259,326,79,38,41,247,17,230,24.233128834355828,11.65644171779141,12.576687116564417,75.76687116564416,5.214723926380368,70.5521472392638
E00129260,324,80,39,41,244,20,224,24.691358024691358,12.037037037037036,12.654320987654321,75.30864197530865,6.172839506172839,69.1358024691358
E00129261,253,57,24,33,196,22,174,22.529644268774703,9.486166007905137,13.043478260869565,77.4703557312253,8.695652173913043,68.77470355731225
E00129262,343,64,33,31,279,22,257,18.658892128279884,9.620991253644315,9.037900874635568,81.34110787172013,6.41399416909621,74.9271137026239
E00129263,255,69,39,30,186,13,173,27.058823529411764,15.294117647058824,11.76470588235294,72.94117647058823,5.098039215686274,67.84313725490196
E00129264,235,52,30,22,183,15,168,22.127659574468083,12.76595744680851,9.361702127659575,77.87234042553192,6.382978723404255,71.48936170212767
E00129265,397,46,18,28,351,24,327,11.586901763224182,4.534005037783375,7.052896725440807,88.41309823677582,6.045340050377834,82.36775818639799
E00129266,263,47,21,26,216,13,203,17.870722433460077,7.984790874524715,9.885931558935361,82.12927756653993,4.942965779467681,77.18631178707224
E00129267,309,48,19,29,261,25,236,15.53398058252427,6.148867313915858,9.385113268608414,84.46601941747572,8.090614886731391,76.37540453074433
E00129268,409,85,46,39,324,15,309,20.78239608801956,11.246943765281173,9.5354523227383865,79.21760391198043,3.6674816625916873,75.55012224938875
E00129269,242,49,24,25,193,13,180,20.24793388429752,9.917355371900827,10.330578512396695,79.75206611570248,5.371900826446281,74.3801652892562
E00129270,230,75,60,15,155,10,145,32.608695652173914,26.08695652173913,6.521739130434782,67.3913043478261,4.3478260869565215,63.04347826086957
E00129271,395,62,19,43,333,26,307,15.69620253164557,4.810126582278481,10.886075949367088,84.30379746835443,6.582278481012659,77.72151898734178
E00129272,270,70,32,38,200,14,186,25.925925925925924,11.851851851851853,14.074074074074074,74.07407407407408,5.185185185185185,68.88888888888889
E00129273,367,46,21,25,321,16,305,12.534059945504087,5.722070844686648,6.811989100817439,87.46594005449592,4.35967302452316,83.10626702997274
E00129274,340,55,30,25,285,20,265,16.176470588235293,8.823529411764707,7.352941176470589,83.82352941176471,5.88235294117647,77.94117647058823
E00129275,353,54,23,31,299,27,272,15.29745042492918,6.515580736543909,8.78186968838527,84.70254957507082,7.64872521246459,77.05382436260622
E00129276,283,38,12,26,245,32,213,13.427561837455832,4.240282685512367,9.187279151943462,86.57243816254417,11.307420494699647,75.26501766784452
E00129277,284,49,22,27,235,24,211,17.253521126760564,7.746478873239436,9.507042253521126,82.74647887323944,8.450704225352112,74.29577464788733
E00129278,310,60,24,36,250,26,224,19.35483870967742,7.741935483870968,11.612903225806452,80.64516129032258,8.38709677419355,72.25806451612902
E00129279,263,49,18,31,214,22,192,18.631178707224336,6.844106463878327,11.787072243346007,81.36882129277566,8.365019011406844,73.00380228136882
E00129280,303,34,11,23,269,37,232,11.221122112211221,3.6303630363036308,7.590759075907591,88.77887788778878,12.211221122112212,76.56765676567657
E00129281,209,49,22,27,160,16,144,23.444976076555022,10.526315789473683,12.918660287081341,76.55502392344498,7.655502392344498,68.89952153110048
E00129282,334,48,19,29,286,35,251,14.37125748502994,5.688622754491018,8.682634730538922,85.62874251497006,10.479041916167663,75.1497005988024
E00129283,272,59,28,31,213,13,200,21.691176470588236,10.294117647058822,11.397058823529411,78.30882352941177,4.779411764705882,73.52941176470588
E00129284,420,64,22,42,356,33,323,15.238095238095239,5.238095238095238,10,84.76190476190476,7.857142857142857,76.90476190476191
E00129285,348,50,21,29,298,24,274,14.367816091954023,6.0344827586206895,8.333333333333332,85.63218390804597,6.896551724137931,78.73563218390804
E00129286,298,51,18,33,247,20,227,17.114093959731544,6.0402684563758395,11.073825503355705,82.88590604026845,6.7114093959731544,76.1744966442953
E00129287,221,41,18,23,180,16,164,18.552036199095024,8.144796380090497,10.407239819004525,81.44796380090497,7.239819004524888,74.2081447963801
E00129288,361,40,12,28,321,34,287,11.080332409972298,3.32409972299169,7.756232686980609,88.9196675900277,9.418282548476455,79.50138504155125
E00129289,330,56,28,28,274,25,249,16.969696969696972,8.484848484848486,8.484848484848486,83.03030303030303,7.575757575757576,75.45454545454545
E00129290,269,42,15,27,227,19,208,15.613382899628252,5.5762081784386615,10.037174721189592,84.38661710037175,7.063197026022305,77.32342007434944
E00129291,361,67,27,40,294,25,269,18.559556786703602,7.479224376731302,11.080332409972298,81.4404432132964,6.9252077562326875,74.51523545706371
E00129292,305,41,23,18,264,23,241,13.442622950819672,7.540983606557377,5.901639344262295,86.55737704918033,7.540983606557377,79.01639344262294
E00129293,239,47,23,24,192,16,176,19.665271966527197,9.623430962343097,10.0418410041841,80.3347280334728,6.694560669456067,73.64016736401673
E00129294,345,84,51,33,261,17,244,24.347826086956523,14.782608695652174,9.565217391304348,75.65217391304347,4.9275362318840585,70.72463768115942
E00129295,303,54,24,30,249,20,229,17.82178217821782,7.920792079207921,9.900990099009901,82.17821782178217,6.6006600660066,75.57755775577559
E00129296,244,26,5,21,218,20,198,10.655737704918032,2.0491803278688523,8.60655737704918,89.34426229508196,8.19672131147541,81.14754098360656
E00129297,354,39,11,28,315,33,282,11.016949152542372,3.1073446327683616,7.909604519774012,88.98305084745762,9.322033898305085,79.66101694915254
E00129298,284,31,13,18,253,21,232,10.915492957746478,4.577464788732395,6.338028169014084,89.08450704225352,7.394366197183098,81.69014084507043
E00129299,420,134,74,60,286,22,264,31.9047619047619,17.61904761904762,14.285714285714285,68.0952380952381,5.238095238095238,62.857142857142854
E00129301,273,60,22,38,213,28,185,21.978021978021978,8.058608058608058,13.91941391941392,78.02197802197803,10.256410256410255,67.76556776556777
E00129302,315,59,27,32,256,22,234,18.73015873015873,8.571428571428571,10.158730158730158,81.26984126984127,6.984126984126984,74.28571428571429
E00129303,268,67,24,43,201,21,180,25,8.955223880597014,16.044776119402986,75,7.835820895522389,67.16417910447761
E00129304,278,60,25,35,218,14,204,21.58273381294964,8.992805755395683,12.589928057553957,78.41726618705036,5.0359712230215825,73.38129496402878
E00129305,276,56,21,35,220,21,199,20.28985507246377,7.608695652173914,12.681159420289855,79.71014492753623,7.608695652173914,72.10144927536231
E00129306,143,22,13,9,121,12,109,15.384615384615385,9.090909090909092,6.293706293706294,84.61538461538461,8.391608391608392,76.22377622377621
E00129307,294,60,29,31,234,20,214,20.408163265306122,9.863945578231291,10.54421768707483,79.59183673469387,6.802721088435375,72.78911564625851
E00129308,330,90,53,37,240,17,223,27.27272727272727,16.060606060606062,11.212121212121213,72.72727272727273,5.151515151515151,67.57575757575758
E00129309,431,146,91,55,285,24,261,33.874709976798144,21.11368909512761,12.761020881670534,66.12529002320186,5.56844547563805,60.556844547563806
E00129310,342,89,52,37,253,23,230,26.023391812865498,15.204678362573098,10.818713450292398,73.9766081871345,6.725146198830409,67.2514619883041
E00129311,427,89,39,50,338,23,315,20.843091334894616,9.133489461358314,11.7096018735363,79.15690866510539,5.386416861826698,73.77049180327869
E00129312,283,45,18,27,238,15,223,15.901060070671377,6.36042402826855,9.540636042402827,84.09893992932862,5.30035335689046,78.79858657243817
E00129313,255,47,19,28,208,15,193,18.43137254901961,7.450980392156863,10.980392156862745,81.56862745098039,5.88235294117647,75.68627450980392
E00129314,346,51,21,30,295,18,277,14.739884393063585,6.069364161849711,8.670520231213873,85.26011560693641,5.202312138728324,80.05780346820809
E00129315,330,68,38,30,262,22,240,20.606060606060606,11.515151515151516,9.090909090909092,79.39393939393939,6.666666666666667,72.72727272727273
E00129316,335,87,45,42,248,15,233,25.970149253731346,13.432835820895523,12.53731343283582,74.02985074626865,4.477611940298507,69.55223880597015
E00129317,349,89,51,38,260,20,240,25.501432664756447,14.613180515759314,10.888252148997136,74.49856733524355,5.730659025787966,68.76790830945558
E00129318,346,83,46,37,263,13,250,23.98843930635838,13.294797687861271,10.69364161849711,76.01156069364163,3.7572254335260116,72.25433526011561
E00129319,178,50,32,18,128,14,114,28.08988764044944,17.97752808988764,10.112359550561797,71.91011235955057,7.865168539325842,64.04494382022472
E00129320,316,70,40,30,246,15,231,22.151898734177212,12.658227848101266,9.49367088607595,77.84810126582279,4.746835443037975,73.10126582278481
E00129321,433,62,22,40,371,40,331,14.318706697459586,5.080831408775981,9.237875288683602,85.68129330254041,9.237875288683602,76.44341801385681
E00129322,258,54,32,22,204,18,186,20.930232558139537,12.4031007751938,8.527131782945736,79.06976744186046,6.976744186046512,72.09302325581395
E00129323,285,65,26,39,220,24,196,22.807017543859647,9.12280701754386,13.684210526315791,77.19298245614034,8.421052631578947,68.77192982456141
E00129324,569,114,53,61,455,36,419,20.035149384885763,9.314586994727591,10.720562390158172,79.96485061511423,6.32688927943761,73.63796133567662
E00129325,263,55,16,39,208,25,183,20.912547528517113,6.083650190114068,14.82889733840304,79.08745247148289,9.505703422053232,69.58174904942965
E00129326,269,61,32,29,208,19,189,22.676579925650557,11.895910780669144,10.780669144981413,77.32342007434944,7.063197026022305,70.26022304832715
E00129328,552,85,37,48,467,38,429,15.39855072463768,6.702898550724639,8.695652173913043,84.60144927536231,6.884057971014493,77.71739130434783
E00129329,293,57,21,36,236,27,209,19.453924914675767,7.167235494880546,12.286689419795222,80.54607508532423,9.215017064846416,71.33105802047781
E00129330,189,63,38,25,126,23,103,33.33333333333333,20.105820105820104,13.227513227513226,66.66666666666666,12.16931216931217,54.4973544973545
E00129331,123,29,11,18,94,8,86,23.577235772357724,8.94308943089431,14.634146341463413,76.42276422764228,6.504065040650407,69.91869918699187
E00129332,263,48,14,34,215,12,203,18.250950570342205,5.323193916349809,12.927756653992395,81.74904942965779,4.562737642585551,77.18631178707224
E00129333,404,75,33,42,329,34,295,18.564356435643564,8.16831683168317,10.396039603960396,81.43564356435643,8.415841584158416,73.01980198019803
E00129334,401,63,24,39,338,26,312,15.710723192019952,5.985037406483791,9.72568578553616,84.28927680798004,6.483790523690773,77.80548628428927
E00129335,151,40,22,18,111,13,98,26.490066225165563,14.56953642384106,11.920529801324504,73.50993377483444,8.609271523178808,64.90066225165563
E00129336,416,102,72,30,314,36,278,24.519230769230766,17.307692307692307,7.211538461538461,75.48076923076923,8.653846153846153,66.82692307692307
E00129337,376,52,19,33,324,31,293,13.829787234042554,5.053191489361701,8.77659574468085,86.17021276595744,8.24468085106383,77.92553191489363
E00129338,377,51,17,34,326,24,302,13.527851458885943,4.509283819628647,9.018567639257293,86.47214854111405,6.36604774535809,80.10610079575596
E00129339,283,47,21,26,236,28,208,16.607773851590103,7.420494699646643,9.187279151943462,83.3922261484099,9.89399293286219,73.4982332155477
E00129340,322,73,40,33,249,16,233,22.67080745341615,12.422360248447205,10.248447204968944,77.32919254658384,4.968944099378882,72.36024844720497
E00129341,322,37,11,26,285,36,249,11.490683229813664,3.4161490683229814,8.074534161490684,88.50931677018633,11.180124223602485,77.32919254658384
E00129342,287,68,26,42,219,16,203,23.693379790940767,9.059233449477352,14.634146341463413,76.30662020905923,5.574912891986063,70.73170731707317
E00129343,383,80,43,37,303,14,289,20.887728459530024,11.22715404699739,9.660574412532636,79.11227154046998,3.6553524804177546,75.45691906005221
E00129344,305,46,19,27,259,24,235,15.081967213114755,6.229508196721312,8.852459016393443,84.91803278688525,7.868852459016394,77.04918032786885
E00129345,334,78,34,44,256,23,233,23.353293413173652,10.179640718562874,13.17365269461078,76.64670658682635,6.88622754491018,69.76047904191617
E00129346,331,57,25,32,274,21,253,17.220543806646525,7.552870090634441,9.667673716012084,82.77945619335347,6.3444108761329305,76.43504531722054
E00129347,379,48,13,35,331,27,304,12.66490765171504,3.430079155672823,9.234828496042216,87.33509234828496,7.12401055408971,80.21108179419525
E00129348,390,68,35,33,322,36,286,17.435897435897434,8.974358974358974,8.461538461538462,82.564102564102555,9.230769230769232,73.33333333333333
E00129349,276,57,20,37,219,26,193,20.652173913043477,7.246376811594203,13.405797101449277,79.34782608695652,9.420289855072465,69.92753623188406
E00129350,282,66,34,32,216,18,198,23.404255319148938,12.056737588652481,11.347517730496454,76.59574468085107,6.382978723404255,70.2127659574468
E00129351,341,88,39,49,253,29,224,25.806451612903224,11.436950146627565,14.369501466275661,74.19354838709677,8.504398826979472,65.6891495601173
E00129352,361,62,24,38,299,27,272,17.174515235457065,6.64819944598338,10.526315789473683,82.82548476454294,7.479224376731302,75.34626038781164
E00129354,298,49,16,33,249,31,218,16.44295302013423,5.369127516778524,11.073825503355705,83.55704697986577,10.40268456375839,73.15436241610739
E00129355,609,90,29,61,519,41,478,14.77832512315271,4.761904761904762,10.016420361247947,85.22167487684729,6.732348111658457,78.48932676518884
E00129356,335,67,29,38,268,29,239,20,8.656716417910449,11.343283582089553,80,8.656716417910449,71.34328358208955
E00129357,378,73,31,42,305,26,279,19.31216931216931,8.201058201058201,11.11111111111111,80.68783068783068,6.878306878306878,73.80952380952381
E00129360,212,41,18,23,171,15,156,19.339622641509436,8.49056603773585,10.849056603773585,80.66037735849056,7.0754716981132075,73.58490566037736
E00129362,238,52,30,22,186,17,169,21.84873949579832,12.605042016806722,9.243697478991598,78.15126050420169,7.142857142857142,71.00840336134453
E00129363,366,47,11,36,319,25,294,12.841530054644808,3.0054644808743167,9.836065573770492,87.1584699453552,6.830601092896176,80.32786885245902
E00129364,192,65,37,28,127,12,115,33.85416666666667,19.270833333333336,14.583333333333334,66.14583333333334,6.25,59.895833333333336
E00129365,308,38,15,23,270,33,237,12.337662337662337,4.870129870129871,7.467532467532467,87.66233766233766,10.714285714285714,76.94805194805194
E00129366,368,52,27,25,316,31,285,14.130434782608695,7.336956521739131,6.7934782608695645,85.86956521739131,8.423913043478262,77.44565217391305
E00129367,237,66,34,32,171,21,150,27.848101265822784,14.345991561181433,13.502109704641349,72.15189873417721,8.860759493670885,63.29113924050633
E00129368,300,53,24,29,247,18,229,17.666666666666668,8,9.666666666666666,82.33333333333334,6,76.33333333333333
E00129369,392,71,44,27,321,28,293,18.112244897959183,11.224489795918368,6.887755102040815,81.88775510204081,7.142857142857142,74.74489795918367
E00129370,250,56,30,26,194,15,179,22.400000000000002,12,10.4,77.60000000000001,6,71.6
E00129371,303,85,39,46,218,11,207,28.052805280528055,12.871287128712872,15.181518151815181,71.94719471947195,3.6303630363036308,68.31683168316832
E00129372,342,64,33,31,278,17,261,18.71345029239766,9.649122807017543,9.064327485380117,81.28654970760235,4.970760233918129,76.31578947368422
E00129373,292,81,44,37,211,6,205,27.73972602739726,15.068493150684931,12.67123287671233,72.26027397260275,2.054794520547945,70.2054794520548
E00129374,332,55,27,28,277,16,261,16.566265060240966,8.132530120481928,8.433734939759036,83.43373493975903,4.819277108433735,78.6144578313253
E00129375,308,70,32,38,238,10,228,22.727272727272727,10.38961038961039,12.337662337662337,77.27272727272727,3.2467532467532463,74.02597402597402
E00129376,300,77,46,31,223,14,209,25.666666666666664,15.333333333333332,10.333333333333334,74.33333333333333,4.666666666666667,69.66666666666667
E00129377,344,77,27,50,267,8,259,22.38372093023256,7.848837209302325,14.534883720930234,77.61627906976744,2.3255813953488373,75.29069767441861
E00129378,480,99,51,48,381,19,362,20.625,10.625,10,79.375,3.958333333333333,75.41666666666667
E00129379,261,84,40,44,177,13,164,32.18390804597701,15.32567049808429,16.85823754789272,67.81609195402298,4.980842911877394,62.83524904214559
E00129380,460,99,49,50,361,32,329,21.521739130434785,10.652173913043478,10.869565217391305,78.47826086956522,6.956521739130435,71.52173913043478
E00129381,201,34,13,21,167,13,154,16.91542288557214,6.467661691542288,10.44776119402985,83.08457711442786,6.467661691542288,76.61691542288557
E00129382,318,51,19,32,267,26,241,16.037735849056602,5.9748427672955975,10.062893081761008,83.9622641509434,8.176100628930817,75.78616352201259
E00129383,331,50,24,26,281,20,261,15.105740181268882,7.250755287009064,7.854984894259818,84.89425981873111,6.042296072507553,78.85196374622356
E00129384,410,117,67,50,293,33,260,28.536585365853657,16.34146341463415,12.195121951219512,71.46341463414633,8.048780487804878,63.41463414634146
E00129385,212,61,27,34,151,13,138,28.77358490566038,12.735849056603774,16.037735849056602,71.22641509433963,6.132075471698113,65.09433962264151
E00129386,291,45,16,29,246,23,223,15.463917525773196,5.498281786941581,9.965635738831615,84.5360824742268,7.903780068728522,76.6323024054983
E00129387,172,29,19,10,143,14,129,16.86046511627907,11.046511627906977,5.813953488372093,83.13953488372093,8.13953488372093,75
E00129388,253,38,8,30,215,11,204,15.019762845849801,3.1620553359683794,11.857707509881422,84.98023715415019,4.3478260869565215,80.63241106719367
E00129389,297,35,12,23,262,24,238,11.784511784511785,4.040404040404041,7.744107744107744,88.21548821548821,8.080808080808081,80.13468013468014
E00129390,427,58,15,43,369,39,330,13.583138173302109,3.51288056206089,10.070257611241217,86.41686182669788,9.133489461358314,77.28337236533957
E00129391,318,60,21,39,258,30,228,18.867924528301888,6.60377358490566,12.264150943396226,81.13207547169812,9.433962264150944,71.69811320754717
E00129392,339,63,24,39,276,25,251,18.58407079646018,7.079646017699115,11.504424778761061,81.41592920353983,7.374631268436578,74.04129793510324
E00129393,400,67,24,43,333,26,307,16.75,6,10.75,83.25,6.5,76.75
E00129394,314,47,22,25,267,27,240,14.968152866242038,7.006369426751593,7.961783439490445,85.03184713375796,8.598726114649681,76.43312101910828
E00129395,267,71,35,36,196,24,172,26.591760299625467,13.108614232209737,13.48314606741573,73.40823970037454,8.98876404494382,64.41947565543072
E00129396,358,73,35,38,285,29,256,20.391061452513966,9.776536312849162,10.614525139664805,79.60893854748603,8.100558659217876,71.50837988826815
E00129397,323,37,19,18,286,22,264,11.455108359133128,5.88235294117647,5.572755417956656,88.54489164086688,6.811145510835913,81.73374613003097
E00129398,407,56,22,34,351,34,317,13.75921375921376,5.405405405405405,8.353808353808354,86.24078624078624,8.353808353808354,77.88697788697789
E00129399,279,50,18,32,229,26,203,17.921146953405017,6.451612903225806,11.469534050179211,82.07885304659499,9.31899641577061,72.75985663082437
E00129400,461,70,24,46,391,43,348,15.184381778741866,5.206073752711497,9.97830802603037,84.81561822125813,9.327548806941431,75.48806941431671
E00129401,214,54,23,31,160,15,145,25.233644859813083,10.74766355140187,14.485981308411214,74.76635514018692,7.009345794392523,67.7570093457944
E00129402,285,43,17,26,242,28,214,15.087719298245613,5.964912280701754,9.12280701754386,84.91228070175438,9.824561403508772,75.08771929824562
E00129403,298,41,18,23,257,22,235,13.758389261744966,6.0402684563758395,7.718120805369128,86.24161073825503,7.38255033557047,78.85906040268456
E00129404,335,61,25,36,274,23,251,18.208955223880597,7.462686567164178,10.746268656716417,81.7910447761194,6.865671641791045,74.92537313432835
E00129405,235,54,19,35,181,23,158,22.97872340425532,8.085106382978724,14.893617021276595,77.02127659574468,9.787234042553191,67.23404255319149
E00129406,272,74,24,50,198,27,171,27.205882352941174,8.823529411764707,18.38235294117647,72.79411764705883,9.926470588235293,62.86764705882353
E00129407,285,63,31,32,222,11,211,22.105263157894736,10.87719298245614,11.228070175438596,77.89473684210526,3.8596491228070176,74.03508771929825
E00129408,403,144,71,73,259,28,231,35.73200992555831,17.617866004962778,18.11414392059553,64.26799007444168,6.9478908188585615,57.32009925558312
E00129409,323,49,17,32,274,19,255,15.170278637770899,5.263157894736842,9.907120743034056,84.82972136222911,5.88235294117647,78.94736842105263
E00129410,249,63,25,38,186,23,163,25.301204819277107,10.040160642570282,15.261044176706829,74.69879518072288,9.236947791164658,65.46184738955823
E00129411,397,100,45,55,297,46,251,25.188916876574307,11.335012594458437,13.85390428211587,74.81108312342569,11.586901763224182,63.22418136020151
E00129412,389,90,63,27,299,31,268,23.13624678663239,16.195372750642672,6.940874035989718,76.86375321336762,7.969151670951156,68.89460154241645
E00129413,332,53,20,33,279,32,247,15.963855421686745,6.024096385542169,9.939759036144578,84.03614457831326,9.63855421686747,74.3975903614458
E00129414,345,30,11,19,315,23,292,8.695652173913043,3.1884057971014492,5.507246376811594,91.30434782608695,6.666666666666667,84.63768115942028
E00129415,292,42,16,26,250,33,217,14.383561643835616,5.47945205479452,8.904109589041095,85.61643835616438,11.301369863013697,74.31506849315068
E00129416,287,51,21,30,236,30,206,17.770034843205575,7.317073170731707,10.452961672473867,82.22996515679442,10.452961672473867,71.77700348432056
E00129417,247,57,25,32,190,24,166,23.076923076923077,10.121457489878543,12.955465587044534,76.92307692307693,9.7165991902834,67.20647773279353
E00129418,233,42,17,25,191,23,168,18.025751072961373,7.296137339055794,10.72961373390558,81.97424892703863,9.871244635193133,72.1030042918455
E00129419,241,53,23,30,188,17,171,21.991701244813278,9.54356846473029,12.448132780082988,78.00829875518673,7.053941908713693,70.95435684647303
E00129420,283,50,25,25,233,21,212,17.6678445229682,8.8339222614841,8.8339222614841,82.3321554770318,7.420494699646643,74.91166077738515
E00129421,291,65,30,35,226,23,203,22.336769759450174,10.309278350515463,12.027491408934708,77.66323024054984,7.903780068728522,69.7594501718213
E00129422,311,57,33,24,254,18,236,18.327974276527332,10.610932475884244,7.717041800643088,81.67202572347267,5.787781350482315,75.88424437299035
E00129423,255,55,27,28,200,16,184,21.568627450980394,10.588235294117647,10.980392156862745,78.43137254901961,6.2745098039215685,72.15686274509804
E00129424,232,66,30,36,166,10,156,28.448275862068968,12.931034482758621,15.517241379310345,71.55172413793103,4.310344827586207,67.24137931034483
E00129425,234,82,46,36,152,16,136,35.04273504273504,19.65811965811966,15.384615384615385,64.95726495726495,6.837606837606838,58.119658119658126
E00129426,352,74,38,36,278,14,264,21.022727272727273,10.795454545454545,10.227272727272728,78.97727272727273,3.977272727272727,75
E00129427,377,70,33,37,307,12,295,18.56763925729443,8.753315649867375,9.814323607427056,81.43236074270557,3.183023872679045,78.24933687002653
E00129428,375,78,40,38,297,20,277,20.8,10.666666666666668,10.133333333333333,79.2,5.333333333333334,73.86666666666667
E00129429,368,68,36,32,300,15,285,18.478260869565215,9.782608695652174,8.695652173913043,81.52173913043478,4.076086956521739,77.44565217391305
E00129430,248,64,39,25,184,18,166,25.806451612903224,15.725806451612904,10.080645161290322,74.19354838709677,7.258064516129033,66.93548387096774
E00129431,292,80,44,36,212,8,204,27.397260273972602,15.068493150684931,12.32876712328767,72.6027397260274,2.73972602739726,69.86301369863014
E00129432,328,67,35,32,261,11,250,20.426829268292682,10.670731707317072,9.75609756097561,79.57317073170732,3.353658536585366,76.21951219512195
E00129433,322,54,20,34,268,21,247,16.77018633540373,6.211180124223603,10.559006211180124,83.22981366459628,6.521739130434782,76.70807453416148
E00129434,297,35,18,17,262,22,240,11.784511784511785,6.0606060606060606,5.723905723905724,88.21548821548821,7.4074074074074066,80.8080808080808
E00129435,343,63,25,38,280,17,263,18.367346938775512,7.288629737609329,11.078717201166182,81.63265306122449,4.956268221574344,76.67638483965014
E00129436,315,41,15,26,274,23,251,13.015873015873018,4.761904761904762,8.253968253968253,86.98412698412699,7.301587301587302,79.68253968253968
E00129437,439,54,16,38,385,43,342,12.300683371298406,3.644646924829157,8.656036446469248,87.6993166287016,9.79498861047836,77.90432801822324
E00129438,311,66,29,37,245,22,223,21.221864951768488,9.32475884244373,11.89710610932476,78.77813504823152,7.07395498392283,71.70418006430869
E00129439,397,101,45,56,296,23,273,25.440806045340054,11.335012594458437,14.105793450881613,74.55919395465995,5.793450881612091,68.76574307304786
E00129440,346,102,50,52,244,19,225,29.47976878612717,14.450867052023122,15.028901734104046,70.52023121387283,5.491329479768786,65.02890173410405
E00129441,249,62,32,30,187,17,170,24.899598393574294,12.851405622489958,12.048192771084338,75.1004016064257,6.827309236947792,68.27309236947792
E00129442,282,71,33,38,211,21,190,25.177304964539005,11.702127659574469,13.47517730496454,74.822695035461,7.446808510638298,67.37588652482269
E00129443,450,141,106,35,309,27,282,31.333333333333336,23.555555555555554,7.777777777777778,68.66666666666667,6,62.66666666666667
E00129444,370,87,45,42,283,18,265,23.513513513513516,12.162162162162163,11.351351351351353,76.48648648648648,4.864864864864865,71.62162162162163
E00129445,381,88,30,58,293,26,267,23.097112860892388,7.874015748031496,15.223097112860891,76.9028871391076,6.824146981627297,70.07874015748031
E00129446,413,83,36,47,330,32,298,20.09685230024213,8.716707021791766,11.380145278450362,79.90314769975787,7.74818401937046,72.15496368038741
E00129447,222,77,39,38,145,9,136,34.68468468468468,17.56756756756757,17.117117117117118,65.31531531531532,4.054054054054054,61.261261261261254
E00129448,382,68,33,35,314,39,275,17.801047120418847,8.638743455497382,9.162303664921465,82.19895287958116,10.209424083769633,71.98952879581152
E00129450,277,56,29,27,221,18,203,20.216606498194945,10.469314079422382,9.747292418772563,79.78339350180505,6.4981949458483745,73.28519855595668
E00129451,229,33,11,22,196,26,170,14.41048034934498,4.8034934497816595,9.606986899563319,85.58951965065502,11.353711790393014,74.235807860262
E00129452,386,52,24,28,334,34,300,13.471502590673575,6.217616580310881,7.253886010362693,86.52849740932642,8.808290155440414,77.720207253886
E00129453,274,34,11,23,240,33,207,12.408759124087592,4.014598540145985,8.394160583941606,87.59124087591242,12.043795620437956,75.54744525547446
E00129454,299,35,12,23,264,27,237,11.705685618729097,4.013377926421405,7.6923076923076925,88.2943143812709,9.03010033444816,79.26421404682274
E00129455,340,65,33,32,275,22,253,19.11764705882353,9.705882352941178,9.411764705882353,80.88235294117648,6.470588235294119,74.41176470588235
E00129456,179,33,16,17,146,21,125,18.435754189944134,8.938547486033519,9.497206703910614,81.56424581005587,11.731843575418994,69.83240223463687
E00129457,280,35,14,21,245,30,215,12.5,5,7.5,87.5,10.714285714285714,76.78571428571429
E00129458,253,34,11,23,219,25,194,13.438735177865613,4.3478260869565215,9.090909090909092,86.56126482213439,9.881422924901186,76.6798418972332
E00129459,237,37,9,28,200,15,185,15.611814345991561,3.79746835443038,11.814345991561181,84.38818565400844,6.329113924050633,78.05907172995781
E00129460,249,45,20,25,204,18,186,18.072289156626507,8.032128514056225,10.040160642570282,81.92771084337349,7.228915662650602,74.69879518072288
E00129461,297,44,12,32,253,28,225,14.814814814814813,4.040404040404041,10.774410774410773,85.18518518518519,9.427609427609427,75.75757575757575
E00129462,323,43,18,25,280,21,259,13.312693498452013,5.572755417956656,7.739938080495357,86.687306501548,6.5015479876160995,80.18575851393189
E00129463,263,45,17,28,218,28,190,17.110266159695815,6.4638783269961975,10.646387832699618,82.88973384030417,10.646387832699618,72.24334600760456
E00129464,348,65,35,30,283,27,256,18.67816091954023,10.057471264367816,8.620689655172415,81.32183908045977,7.758620689655173,73.5632183908046
E00129465,467,75,37,38,392,52,340,16.059957173447536,7.922912205567452,8.137044967880087,83.94004282655246,11.134903640256958,72.80513918629549
E00129466,358,69,27,42,289,21,268,19.273743016759777,7.5418994413407825,11.731843575418994,80.72625698324022,5.865921787709497,74.86033519553072
E00129467,397,63,21,42,334,38,296,15.869017632241814,5.289672544080604,10.579345088161208,84.1309823677582,9.571788413098236,74.55919395465995
E00129468,339,69,39,30,270,21,249,20.353982300884958,11.504424778761061,8.849557522123893,79.64601769911505,6.1946902654867255,73.45132743362832
E00129469,254,34,10,24,220,26,194,13.385826771653544,3.937007874015748,9.448818897637794,86.61417322834646,10.236220472440944,76.37795275590551
E00129470,316,54,29,25,262,29,233,17.088607594936708,9.177215189873419,7.9113924050632916,82.91139240506328,9.177215189873419,73.73417721518987
E00129471,475,88,40,48,387,31,356,18.526315789473685,8.421052631578947,10.105263157894736,81.47368421052632,6.526315789473684,74.94736842105263
E00129472,432,69,27,42,363,27,336,15.972222222222221,6.25,9.722222222222223,84.02777777777779,6.25,77.77777777777779
E00129473,261,51,21,30,210,13,197,19.54022988505747,8.045977011494253,11.494252873563218,80.45977011494253,4.980842911877394,75.47892720306514
E00129474,382,65,31,34,317,21,296,17.015706806282722,8.115183246073299,8.900523560209423,82.98429319371728,5.49738219895288,77.4869109947644
E00129475,298,44,19,25,254,23,231,14.76510067114094,6.375838926174497,8.389261744966444,85.23489932885906,7.718120805369128,77.51677852348993
E00129476,320,77,37,40,243,23,220,24.0625,11.5625,12.5,75.9375,7.187499999999999,68.75
E00129477,287,59,25,34,228,27,201,20.557491289198605,8.710801393728223,11.846689895470384,79.44250871080139,9.40766550522648,70.03484320557492
E00129478,215,45,21,24,170,17,153,20.930232558139537,9.767441860465116,11.162790697674419,79.06976744186046,7.906976744186046,71.16279069767441
E00129479,321,52,26,26,269,32,237,16.1993769470405,8.09968847352025,8.09968847352025,83.8006230529595,9.968847352024921,73.83177570093457
E00129480,482,126,85,41,356,45,311,26.141078838174277,17.634854771784234,8.506224066390041,73.85892116182573,9.336099585062241,64.52282157676349
E00129481,235,54,22,32,181,20,161,22.97872340425532,9.361702127659575,13.617021276595745,77.02127659574468,8.51063829787234,68.51063829787233
E00129482,317,52,20,32,265,28,237,16.40378548895899,6.309148264984227,10.094637223974763,83.59621451104101,8.832807570977918,74.76340694006309
E00129483,278,62,41,21,216,17,199,22.302158273381295,14.748201438848922,7.553956834532374,77.6978417266187,6.115107913669065,71.58273381294964
E00129484,306,57,25,32,249,16,233,18.627450980392158,8.169934640522875,10.457516339869281,81.37254901960785,5.228758169934641,76.1437908496732
E00129485,268,79,45,34,189,17,172,29.47761194029851,16.791044776119403,12.686567164179104,70.52238805970148,6.343283582089552,64.17910447761194
E00129486,323,50,12,38,273,28,245,15.479876160990713,3.7151702786377707,11.76470588235294,84.52012383900929,8.6687306501548,75.85139318885449
E00129487,286,39,15,24,247,28,219,13.636363636363635,5.244755244755245,8.391608391608392,86.36363636363636,9.79020979020979,76.57342657342657
E00129488,248,55,27,28,193,13,180,22.177419354838708,10.887096774193548,11.29032258064516,77.82258064516128,5.241935483870968,72.58064516129032
E00129489,369,71,34,37,298,21,277,19.241192411924118,9.214092140921409,10.02710027100271,80.75880758807588,5.691056910569105,75.06775067750678
E00129490,284,49,21,28,235,24,211,17.253521126760564,7.394366197183098,9.859154929577464,82.74647887323944,8.450704225352112,74.29577464788733
E00129491,245,56,30,26,189,23,166,22.857142857142858,12.244897959183673,10.612244897959183,77.14285714285715,9.387755102040817,67.75510204081633
E00129492,244,58,26,32,186,25,161,23.770491803278688,10.655737704918032,13.114754098360656,76.22950819672131,10.245901639344263,65.98360655737704
E00129493,314,52,22,30,262,26,236,16.560509554140125,7.006369426751593,9.554140127388536,83.43949044585987,8.280254777070063,75.15923566878982
E00129495,328,53,20,33,275,21,254,16.158536585365855,6.097560975609756,10.060975609756099,83.84146341463415,6.402439024390244,77.4390243902439
E00129496,284,45,19,26,239,21,218,15.845070422535212,6.690140845070422,9.15492957746479,84.15492957746478,7.394366197183098,76.76056338028168
E00129497,518,86,29,57,432,38,394,16.602316602316602,5.598455598455598,11.003861003861005,83.3976833976834,7.335907335907336,76.06177606177607
E00129498,225,71,35,36,154,8,146,31.555555555555554,15.555555555555555,16,68.44444444444444,3.5555555555555554,64.88888888888889
E00129499,534,95,36,59,439,50,389,17.790262172284642,6.741573033707865,11.04868913857678,82.20973782771536,9.363295880149813,72.84644194756554
E00129500,249,76,39,37,173,10,163,30.522088353413658,15.66265060240964,14.859437751004014,69.47791164658635,4.016064257028113,65.46184738955823
E00129501,250,72,46,26,178,20,158,28.799999999999997,18.4,10.4,71.2,8,63.2
E00129502,258,91,50,41,167,19,148,35.27131782945737,19.379844961240313,15.891472868217054,64.72868217054264,7.3643410852713185,57.36434108527132
E00129503,251,65,39,26,186,21,165,25.89641434262948,15.53784860557769,10.358565737051793,74.10358565737052,8.366533864541832,65.73705179282868
E00129504,313,65,35,30,248,20,228,20.766773162939298,11.182108626198083,9.584664536741213,79.2332268370607,6.3897763578274756,72.84345047923323
E00129505,325,65,27,38,260,17,243,20,8.307692307692308,11.692307692307692,80,5.230769230769231,74.76923076923076
E00129506,334,83,47,36,251,23,228,24.850299401197603,14.071856287425149,10.778443113772456,75.1497005988024,6.88622754491018,68.26347305389223
E00129507,303,67,34,33,236,14,222,22.112211221122113,11.221122112211221,10.891089108910892,77.88778877887789,4.62046204620462,73.26732673267327
E00129508,317,85,46,39,232,16,216,26.813880126182966,14.511041009463725,12.302839116719243,73.18611987381703,5.047318611987381,68.13880126182966
E00129509,347,85,35,50,262,16,246,24.495677233429394,10.086455331412104,14.409221902017292,75.50432276657061,4.610951008645533,70.89337175792507
E00129510,265,59,20,39,206,16,190,22.264150943396228,7.547169811320755,14.716981132075471,77.73584905660378,6.037735849056604,71.69811320754717
E00129511,359,76,39,37,283,26,257,21.16991643454039,10.86350974930362,10.30640668523677,78.8300835654596,7.242339832869081,71.58774373259052
E00129512,298,61,22,39,237,22,215,20.469798657718123,7.38255033557047,13.087248322147651,79.53020134228188,7.38255033557047,72.14765100671141
E00129513,300,62,33,29,238,23,215,20.666666666666668,11,9.666666666666666,79.33333333333333,7.666666666666666,71.66666666666667
E00129514,352,60,28,32,292,30,262,17.045454545454543,7.954545454545454,9.090909090909092,82.95454545454545,8.522727272727272,74.43181818181817
E00129515,350,70,39,31,280,25,255,20,11.142857142857142,8.857142857142856,80,7.142857142857142,72.85714285714285
E00129516,212,33,12,21,179,14,165,15.566037735849056,5.660377358490567,9.90566037735849,84.43396226415094,6.60377358490566,77.83018867924528
E00129517,164,54,30,24,110,9,101,32.926829268292686,18.29268292682927,14.634146341463413,67.07317073170732,5.487804878048781,61.58536585365854
E00129518,334,59,23,36,275,16,259,17.664670658682635,6.88622754491018,10.778443113772456,82.33532934131736,4.790419161676647,77.54491017964071
E00129519,412,137,95,42,275,22,253,33.25242718446602,23.058252427184467,10.194174757281553,66.74757281553399,5.339805825242718,61.40776699029126
E00129520,280,44,21,23,236,22,214,15.714285714285714,7.5,8.214285714285714,84.28571428571429,7.857142857142857,76.42857142857142
E00129521,331,66,32,34,265,23,242,19.939577039274926,9.667673716012084,10.27190332326284,80.06042296072508,6.948640483383686,73.111782477341393
E00129522,313,54,26,28,259,20,239,17.252396166134183,8.30670926517572,8.945686900958465,82.74760383386581,6.3897763578274756,76.35782747603834
E00129523,344,74,32,42,270,17,253,21.511627906976745,9.30232558139535,12.209302325581394,78.48837209302324,4.941860465116279,73.54651162790698
E00129524,377,77,27,50,300,19,281,20.424403183023873,7.161803713527852,13.262599469496022,79.57559681697613,5.039787798408488,74.53580901856765
E00129525,231,43,22,21,188,19,169,18.614718614718615,9.523809523809524,9.090909090909092,81.38528138528139,8.225108225108226,73.16017316017316
E00129526,189,50,26,24,139,14,125,26.455026455026452,13.756613756613756,12.698412698412698,73.54497354497354,7.4074074074074066,66.13756613756614
E00129527,225,67,39,28,158,19,139,29.777777777777775,17.333333333333336,12.444444444444445,70.22222222222221,8.444444444444445,61.77777777777778
E00129528,195,58,35,23,137,9,128,29.743589743589745,17.94871794871795,11.794871794871794,70.25641025641025,4.615384615384616,65.64102564102564
E00129529,176,46,21,25,130,13,117,26.136363636363637,11.931818181818182,14.204545454545455,73.86363636363636,7.386363636363637,66.47727272727273
E00129530,324,101,61,40,223,18,205,31.17283950617284,18.82716049382716,12.345679012345679,68.82716049382715,5.555555555555555,63.27160493827161
E00129531,292,59,25,34,233,16,217,20.205479452054796,8.561643835616438,11.643835616438356,79.7945205479452,5.47945205479452,74.31506849315068
E00129532,265,60,31,29,205,19,186,22.641509433962266,11.69811320754717,10.943396226415095,77.35849056603774,7.169811320754717,70.18867924528301
E00129533,208,48,27,21,160,8,152,23.076923076923077,12.980769230769232,10.096153846153847,76.92307692307693,3.8461538461538463,73.07692307692307
E00129534,282,60,29,31,222,15,207,21.27659574468085,10.28368794326241,10.99290780141844,78.72340425531915,5.319148936170213,73.40425531914893
E00129535,226,56,25,31,170,11,159,24.778761061946902,11.061946902654867,13.716814159292035,75.22123893805309,4.867256637168142,70.35398230088495
E00129536,331,72,34,38,259,24,235,21.75226586102719,10.27190332326284,11.48036253776435,78.24773413897282,7.250755287009064,70.99697885196375
E00129537,366,84,47,37,282,14,268,22.950819672131146,12.841530054644808,10.10928961748634,77.04918032786885,3.825136612021858,73.224043715847
E00129538,306,86,38,48,220,20,200,28.104575163398692,12.418300653594772,15.686274509803921,71.89542483660131,6.535947712418301,65.359477124183
E00129539,394,93,44,49,301,21,280,23.604060913705585,11.16751269035533,12.436548223350254,76.39593908629442,5.32994923857868,71.06598984771574
E00129540,246,65,35,30,181,10,171,26.422764227642276,14.227642276422763,12.195121951219512,73.57723577235772,4.0650406504065035,69.51219512195121
E00129541,182,58,31,27,124,11,113,31.868131868131865,17.032967032967033,14.835164835164836,68.13186813186813,6.043956043956044,62.08791208791209
E00129542,341,69,27,42,272,25,247,20.234604105571847,7.9178885630498534,12.316715542521994,79.76539589442815,7.331378299120235,72.43401759530792
E00129545,371,79,38,41,292,16,276,21.293800539083556,10.242587601078167,11.05121293800539,78.70619946091644,4.31266846361186,74.39353099730458
E00129546,339,82,35,47,257,22,235,24.188790560471976,10.32448377581121,13.864306784660767,75.81120943952803,6.489675516224189,69.32153392330383
E00129547,376,129,62,67,247,17,230,34.308510638297875,16.48936170212766,17.819148936170212,65.69148936170212,4.521276595744681,61.170212765957444
E00129548,253,65,28,37,188,13,175,25.691699604743086,11.067193675889328,14.624505928853754,74.30830039525692,5.138339920948617,69.1699604743083
E00129549,318,83,44,39,235,10,225,26.10062893081761,13.836477987421384,12.264150943396226,73.89937106918238,3.1446540880503147,70.75471698113208
E00129550,348,70,34,36,278,41,237,20.114942528735632,9.770114942528735,10.344827586206897,79.88505747126436,11.781609195402298,68.10344827586206
E00129551,611,79,26,53,532,43,489,12.92962356792144,4.25531914893617,8.674304418985269,87.07037643207856,7.037643207855974,80.03273322422258
E00129552,279,65,25,40,214,35,179,23.297491039426525,8.960573476702509,14.336917562724013,76.70250896057348,12.544802867383511,64.15770609318996
E00129553,265,51,21,30,214,26,188,19.245283018867926,7.9245283018867925,11.320754716981133,80.75471698113208,9.811320754716983,70.94339622641509
E00129554,417,66,25,41,351,29,322,15.827338129496402,5.995203836930456,9.832134292565947,84.17266187050359,6.954436450839328,77.21822541966426
E00129555,317,54,21,33,263,34,229,17.034700315457414,6.624605678233439,10.410094637223976,82.96529968454259,10.725552050473187,72.2397476340694
E00129556,260,25,5,20,235,24,211,9.615384615384617,1.9230769230769231,7.6923076923076925,90.38461538461539,9.230769230769232,81.15384615384616
E00129557,314,67,26,41,247,27,220,21.337579617834397,8.280254777070063,13.05732484076433,78.6624203821656,8.598726114649681,70.06369426751591
E00129558,267,58,23,35,209,9,200,21.722846441947567,8.614232209737828,13.108614232209737,78.27715355805243,3.3707865168539324,74.90636704119851
E00129559,331,64,23,41,267,22,245,19.335347432024168,6.948640483383686,12.386706948640484,80.66465256797582,6.646525679758309,74.01812688821752
E00129560,296,57,21,36,239,24,215,19.256756756756758,7.094594594594595,12.162162162162163,80.74324324324324,8.108108108108109,72.63513513513513
E00129561,434,65,31,34,369,33,336,14.976958525345621,7.142857142857142,7.834101382488479,85.02304147465438,7.603686635944701,77.41935483870968
E00129562,335,49,15,34,286,31,255,14.626865671641792,4.477611940298507,10.149253731343283,85.37313432835822,9.253731343283581,76.11940298507463
E00129563,280,76,34,42,204,9,195,27.142857142857142,12.142857142857142,15,72.85714285714285,3.214285714285714,69.64285714285714
E00129564,194,60,38,22,134,12,122,30.927835051546392,19.587628865979383,11.34020618556701,69.0721649484536,6.185567010309279,62.88659793814433
E00129565,316,45,22,23,271,19,252,14.240506329113925,6.962025316455696,7.2784810126582276,85.75949367088607,6.012658227848101,79.74683544303798
E00129566,400,49,16,33,351,42,309,12.25,4,8.25,87.75,10.5,77.25
E00129567,299,49,22,27,250,15,235,16.387959866220736,7.357859531772576,9.03010033444816,83.61204013377926,5.016722408026756,78.59531772575251
E00129568,493,51,20,31,442,39,403,10.344827586206897,4.056795131845842,6.288032454361055,89.65517241379311,7.910750507099391,81.7444219066937
E00129569,227,35,13,22,192,11,181,15.418502202643172,5.726872246696035,9.691629955947137,84.58149779735683,4.845814977973569,79.73568281938326
E00129570,340,58,21,37,282,32,250,17.058823529411764,6.176470588235294,10.882352941176471,82.94117647058825,9.411764705882353,73.52941176470588
E00129571,338,39,12,27,299,38,261,11.538461538461538,3.5502958579881656,7.988165680473373,88.46153846153845,11.242603550295858,77.2189349112426
E00129572,207,60,38,22,147,11,136,28.985507246376812,18.357487922705314,10.628019323671497,71.01449275362319,5.314009661835748,65.70048309178745
E00129573,268,72,35,37,196,16,180,26.865671641791046,13.059701492537313,13.805970149253731,73.13432835820896,5.970149253731343,67.16417910447761
E00129574,295,50,18,32,245,29,216,16.94915254237288,6.101694915254238,10.847457627118644,83.05084745762711,9.830508474576272,73.22033898305085
E00129575,349,68,32,36,281,21,260,19.484240687679083,9.169054441260744,10.315186246418339,80.51575931232091,6.017191977077363,74.49856733524355
E00129576,317,48,20,28,269,21,248,15.141955835962145,6.309148264984227,8.832807570977918,84.85804416403786,6.624605678233439,78.23343848580441
E00129577,324,73,30,43,251,19,232,22.530864197530864,9.25925925925926,13.271604938271606,77.46913580246914,5.864197530864197,71.60493827160494
E00129578,352,69,31,38,283,30,253,19.602272727272727,8.806818181818182,10.795454545454545,80.39772727272727,8.522727272727272,71.875
E00129579,230,46,22,24,184,23,161,20,9.565217391304348,10.434782608695652,80,10,70
E00129580,298,69,37,32,229,16,213,23.154362416107382,12.416107382550337,10.738255033557047,76.84563758389261,5.369127516778524,71.47651006711409
E00129581,288,42,15,27,246,36,210,14.583333333333334,5.208333333333334,9.375,85.41666666666666,12.5,72.91666666666666
E00129582,371,68,39,29,303,40,263,18.328840970350406,10.512129380053908,7.816711590296496,81.6711590296496,10.781671159029651,70.88948787061994
E00129583,256,106,66,40,150,11,139,41.40625,25.78125,15.625,58.59375,4.296875,54.296875
E00129584,308,52,24,28,256,17,239,16.883116883116884,7.792207792207792,9.090909090909092,83.11688311688312,5.51948051948052,77.59740259740259
E00129585,294,62,30,32,232,24,208,21.08843537414966,10.204081632653061,10.884353741496598,78.91156462585033,8.16326530612245,70.74829931972789
E00129586,431,56,18,38,375,30,345,12.993039443155451,4.176334106728538,8.816705336426914,87.00696055684455,6.960556844547564,80.04640371229699
E00129587,354,86,39,47,268,33,235,24.293785310734464,11.016949152542372,13.27683615819209,75.70621468926554,9.322033898305085,66.38418079096046
E00129588,388,88,50,38,300,31,269,22.68041237113402,12.886597938144329,9.793814432989691,77.31958762886599,7.989690721649484,69.3298969072165
E00129589,331,57,23,34,274,27,247,17.220543806646525,6.948640483383686,10.27190332326284,82.77945619335347,8.157099697885197,74.62235649546828
E00129590,336,68,32,36,268,25,243,20.238095238095237,9.523809523809524,10.714285714285714,79.76190476190477,7.440476190476191,72.32142857142857
E00129591,168,26,13,13,142,10,132,15.476190476190476,7.738095238095238,7.738095238095238,84.52380952380952,5.952380952380952,78.57142857142857
E00129592,270,33,5,28,237,36,201,12.222222222222221,1.8518518518518516,10.37037037037037,87.77777777777777,13.333333333333334,74.44444444444444
E00129593,307,42,12,30,265,29,236,13.680781758957655,3.908794788273615,9.77198697068404,86.31921824104235,9.446254071661238,76.8729641693811
E00129594,257,49,21,28,208,17,191,19.06614785992218,8.171206225680933,10.894941634241246,80.93385214007782,6.614785992217899,74.31906614785993
E00129595,291,65,34,31,226,14,212,22.336769759450174,11.683848797250858,10.652920962199312,77.66323024054984,4.810996563573884,72.85223367697594
E00129596,363,50,24,26,313,36,277,13.774104683195592,6.6115702479338845,7.162534435261708,86.22589531680441,9.917355371900827,76.30853994490359
E00129597,251,62,31,31,189,18,171,24.701195219123505,12.350597609561753,12.350597609561753,75.2988047808765,7.171314741035857,68.12749003984064
E00129598,304,57,18,39,247,19,228,18.75,5.921052631578947,12.828947368421053,81.25,6.25,75
E00129599,410,79,49,30,331,31,300,19.26829268292683,11.951219512195122,7.317073170731707,80.73170731707317,7.560975609756097,73.17073170731707
E00129600,433,51,12,39,382,32,350,11.778290993071593,2.771362586605081,9.006928406466514,88.2217090069284,7.390300230946882,80.83140877598153
E00168817,1527,270,59,211,1257,146,1111,17.68172888015717,3.8637851997380483,13.817943680419123,82.31827111984283,9.561231172233137,72.7570399476097
E00168818,385,43,15,28,342,25,317,11.168831168831169,3.896103896103896,7.2727272727272725,88.83116883116882,6.493506493506493,82.33766233766234
E00168819,359,82,42,40,277,20,257,22.841225626740947,11.699164345403899,11.142061281337048,77.15877437325905,5.571030640668524,71.58774373259052
E00168820,233,47,27,20,186,12,174,20.171673819742487,11.587982832618025,8.583690987124463,79.82832618025752,5.150214592274678,74.67811158798283
E00168821,301,49,18,31,252,14,238,16.27906976744186,5.980066445182724,10.299003322259136,83.72093023255815,4.651162790697675,79.06976744186046
E00168822,558,63,24,39,495,44,451,11.29032258064516,4.301075268817205,6.989247311827956,88.70967741935483,7.885304659498208,80.82437275985663
E00168823,179,30,5,25,149,15,134,16.75977653631285,2.793296089385475,13.966480446927374,83.24022346368714,8.379888268156424,74.86033519553072
E00181947,161,15,4,11,146,9,137,9.316770186335404,2.484472049689441,6.832298136645963,90.6832298136646,5.590062111801243,85.09316770186336
E00181958,759,101,27,74,658,67,591,13.306982872200262,3.557312252964427,9.749670619235836,86.69301712779973,8.827404479578393,77.86561264822134
E00181974,265,46,16,30,219,22,197,17.358490566037734,6.037735849056604,11.320754716981133,82.64150943396227,8.30188679245283,74.33962264150942
E00181975,235,28,8,20,207,13,194,11.914893617021278,3.404255319148936,8.51063829787234,88.08510638297872,5.531914893617021,82.5531914893617
E00181984,108,43,15,28,65,13,52,39.81481481481482,13.88888888888889,25.925925925925924,60.18518518518518,12.037037037037036,48.148148148148145
E00181998,311,31,14,17,280,25,255,9.967845659163988,4.501607717041801,5.466237942122187,90.03215434083602,8.038585209003216,81.9935691318328
E00182007,367,62,28,34,305,19,286,16.893732970027248,7.629427792915531,9.264305177111716,83.10626702997274,5.177111716621254,77.9291553133515
E00182009,430,81,35,46,349,40,309,18.83720930232558,8.13953488372093,10.69767441860465,81.16279069767441,9.30232558139535,71.86046511627907
E00182013,603,105,60,45,498,43,455,17.412935323383085,9.950248756218906,7.462686567164178,82.58706467661692,7.131011608623548,75.45605306799337
E00182016,345,54,17,37,291,28,263,15.65217391304348,4.9275362318840585,10.72463768115942,84.34782608695653,8.115942028985506,76.23188405797102
E00182017,239,32,13,19,207,14,193,13.389121338912133,5.439330543933055,7.949790794979079,86.61087866108787,5.857740585774058,80.75313807531381
E00182018,192,10,0,10,182,13,169,5.208333333333334,0,5.208333333333334,94.79166666666666,6.770833333333333,88.02083333333334
E00182022,1410,201,42,159,1209,100,1109,14.255319148936172,2.9787234042553195,11.27659574468085,85.74468085106382,7.092198581560284,78.65248226950354
E00182027,125,17,7,10,108,7,101,13.600000000000001,5.6000000000000005,8,86.4,5.6000000000000005,80.80000000000001
E00182032,511,73,28,45,438,34,404,14.285714285714285,5.47945205479452,8.806262230919765,85.71428571428571,6.653620352250488,79.06066536203522
E00182035,576,81,31,50,495,33,462,14.0625,5.381944444444445,8.680555555555555,85.9375,5.729166666666666,80.20833333333334
E00182036,292,51,21,30,241,20,221,17.465753424657535,7.191780821917808,10.273972602739725,82.53424657534246,6.8493150684931505,75.68493150684932
