OA,ts0590001,ts0590002,ts0590003,ts0590004,ts0590005,ts0590006,ts0590007,ts0590002_PCT,ts0590003_PCT,ts0590004_PCT,ts0590005_PCT,ts0590006_PCT,ts0590007_PCT
E00129250,130,34,9,25,96,86,10,26.153846153846157,6.923076923076923,19.230769230769234,73.84615384615385,66.15384615384615,7.6923076923076925
E00129251,188,59,21,38,129,108,21,31.382978723404253,11.170212765957446,20.212765957446805,68.61702127659575,57.446808510638306,11.170212765957446
E00129253,191,52,15,37,139,120,19,27.225130890052355,7.853403141361256,19.3717277486911,72.77486910994764,62.82722513089005,9.947643979057592
E00129254,214,56,17,39,158,138,20,26.168224299065418,7.943925233644859,18.22429906542056,73.83177570093457,64.48598130841121,9.345794392523365
E00129255,136,43,19,24,93,76,17,31.61764705882353,13.970588235294118,17.647058823529413,68.38235294117648,55.88235294117647,12.5
E00129256,214,66,19,47,148,124,24,30.8411214953271,8.878504672897195,21.962616822429908,69.1588785046729,57.943925233644855,11.214953271028037
E00129257,245,61,21,40,184,159,25,24.897959183673468,8.571428571428571,16.3265306122449,75.10204081632654,64.89795918367346,10.204081632653061
E00129258,102,32,14,18,70,60,10,31.372549019607842,13.725490196078432,17.647058823529413,68.62745098039215,58.82352941176471,9.803921568627452
E00129259,167,53,14,39,114,100,14,31.736526946107784,8.383233532934131,23.353293413173652,68.26347305389223,59.88023952095808,8.383233532934131
E00129260,157,40,11,29,117,106,11,25.477707006369428,7.006369426751593,18.471337579617835,74.52229299363057,67.51592356687898,7.006369426751593
E00129261,131,41,16,25,90,79,11,31.297709923664126,12.213740458015266,19.083969465648856,68.70229007633588,60.30534351145038,8.396946564885496
E00129262,179,43,19,24,136,125,11,24.022346368715084,10.614525139664805,13.40782122905028,75.97765363128491,69.83240223463687,6.145251396648044
E00129263,119,20,4,16,99,94,5,16.80672268907563,3.361344537815126,13.445378151260504,83.19327731092437,78.99159663865547,4.201680672268908
E00129264,98,26,3,23,72,62,10,26.53061224489796,3.061224489795918,23.46938775510204,73.46938775510205,63.26530612244898,10.204081632653061
E00129265,226,67,11,56,159,143,16,29.646017699115045,4.867256637168142,24.778761061946902,70.35398230088495,63.27433628318584,7.079646017699115
E00129266,130,38,8,30,92,82,10,29.230769230769234,6.153846153846154,23.076923076923077,70.76923076923077,63.07692307692307,7.6923076923076925
E00129267,158,42,14,28,116,101,15,26.582278481012654,8.860759493670885,17.72151898734177,73.41772151898735,63.92405063291139,9.49367088607595
E00129268,148,47,17,30,101,91,10,31.756756756756754,11.486486486486488,20.27027027027027,68.24324324324324,61.48648648648649,6.756756756756757
E00129269,103,36,11,25,67,61,6,34.95145631067961,10.679611650485436,24.271844660194176,65.0485436893204,59.22330097087378,5.825242718446602
E00129270,78,22,4,18,56,33,23,28.205128205128204,5.128205128205128,23.076923076923077,71.7948717948718,42.30769230769231,29.48717948717949
E00129271,182,55,23,32,127,92,35,30.21978021978022,12.637362637362637,17.582417582417584,69.78021978021978,50.54945054945055,19.230769230769234
E00129272,121,46,7,39,75,61,14,38.01652892561984,5.785123966942149,32.231404958677686,61.98347107438017,50.413223140495866,11.570247933884298
E00129273,180,54,24,30,126,103,23,30,13.333333333333334,16.666666666666664,70,57.22222222222222,12.777777777777777
E00129274,140,29,9,20,111,86,25,20.714285714285715,6.428571428571428,14.285714285714285,79.28571428571428,61.42857142857143,17.857142857142858
E00129275,144,40,13,27,104,92,12,27.77777777777778,9.027777777777777,18.75,72.22222222222221,63.888888888888886,8.333333333333332
E00129276,136,40,15,25,96,81,15,29.411764705882355,11.029411764705882,18.38235294117647,70.58823529411765,59.55882352941176,11.029411764705882
E00129277,113,34,16,18,79,66,13,30.08849557522124,14.15929203539823,15.929203539823009,69.91150442477876,58.4070796460177,11.504424778761061
E00129278,127,38,18,20,89,73,16,29.92125984251969,14.173228346456693,15.748031496062993,70.07874015748031,57.48031496062992,12.598425196850393
E00129279,120,34,13,21,86,78,8,28.333333333333332,10.833333333333334,17.5,71.66666666666667,65,6.666666666666667
E00129280,138,44,19,25,94,77,17,31.88405797101449,13.768115942028986,18.115942028985508,68.11594202898551,55.79710144927537,12.318840579710146
E00129281,78,31,9,22,47,43,4,39.743589743589745,11.538461538461538,28.205128205128204,60.256410256410255,55.12820512820513,5.128205128205128
E00129282,135,45,10,35,90,77,13,33.33333333333333,7.4074074074074066,25.925925925925924,66.66666666666666,57.03703703703704,9.62962962962963
E00129283,104,36,15,21,68,59,9,34.61538461538461,14.423076923076922,20.192307692307693,65.38461538461539,56.730769230769226,8.653846153846153
E00129284,200,62,20,42,138,107,31,31,10,21,69,53.5,15.5
E00129285,179,60,28,32,119,91,28,33.5195530726257,15.64245810055866,17.877094972067038,66.4804469273743,50.83798882681564,15.64245810055866
E00129286,154,44,14,30,110,95,15,28.57142857142857,9.090909090909092,19.480519480519483,71.42857142857143,61.68831168831169,9.740259740259742
E00129287,117,32,14,18,85,71,14,27.350427350427353,11.965811965811966,15.384615384615385,72.64957264957265,60.68376068376068,11.965811965811966
E00129288,162,47,15,32,115,93,22,29.01234567901235,9.25925925925926,19.753086419753085,70.98765432098766,57.407407407407405,13.580246913580247
E00129289,137,48,13,35,89,75,14,35.03649635036496,9.48905109489051,25.547445255474454,64.96350364963503,54.74452554744526,10.218978102189782
E00129290,119,42,17,25,77,54,23,35.294117647058826,14.285714285714285,21.008403361344538,64.70588235294117,45.378151260504204,19.327731092436977
E00129291,159,49,12,37,110,91,19,30.81761006289308,7.547169811320755,23.270440251572328,69.18238993710692,57.23270440251572,11.949685534591195
E00129292,149,39,7,32,110,87,23,26.174496644295303,4.697986577181208,21.476510067114095,73.8255033557047,58.38926174496645,15.436241610738255
E00129293,117,29,17,12,88,65,23,24.786324786324787,14.529914529914532,10.256410256410255,75.21367521367522,55.55555555555556,19.65811965811966
E00129294,142,46,12,34,96,80,16,32.3943661971831,8.450704225352112,23.943661971830984,67.6056338028169,56.33802816901409,11.267605633802818
E00129295,151,55,20,35,96,85,11,36.423841059602644,13.245033112582782,23.178807947019866,63.576158940397356,56.29139072847682,7.28476821192053
E00129296,121,39,13,26,82,60,22,32.231404958677686,10.743801652892563,21.487603305785125,67.76859504132231,49.586776859504134,18.181818181818183
E00129297,151,55,21,34,96,74,22,36.423841059602644,13.90728476821192,22.516556291390728,63.576158940397356,49.00662251655629,14.56953642384106
E00129298,163,45,15,30,118,101,17,27.607361963190186,9.202453987730062,18.404907975460123,72.39263803680981,61.963190184049076,10.429447852760736
E00129299,145,49,24,25,96,79,17,33.793103448275865,16.551724137931036,17.24137931034483,66.20689655172414,54.48275862068965,11.724137931034482
E00129301,140,47,20,27,93,72,21,33.57142857142857,14.285714285714285,19.28571428571429,66.42857142857143,51.42857142857142,15
E00129302,154,44,17,27,110,87,23,28.57142857142857,11.03896103896104,17.532467532467532,71.42857142857143,56.493506493506494,14.935064935064934
E00129303,133,54,28,26,79,55,24,40.6015037593985,21.052631578947366,19.548872180451127,59.3984962406015,41.35338345864661,18.045112781954884
E00129304,151,46,19,27,105,84,21,30.4635761589404,12.582781456953644,17.880794701986755,69.5364238410596,55.62913907284768,13.90728476821192
E00129305,147,43,16,27,104,77,27,29.25170068027211,10.884353741496598,18.367346938775512,70.74829931972789,52.38095238095239,18.367346938775512
E00129306,78,25,10,15,53,40,13,32.05128205128205,12.82051282051282,19.230769230769234,67.94871794871796,51.28205128205128,16.666666666666664
E00129307,129,38,10,28,91,78,13,29.457364341085274,7.751937984496124,21.705426356589147,70.54263565891473,60.46511627906976,10.077519379844961
E00129308,134,44,10,34,90,81,9,32.83582089552239,7.462686567164178,25.37313432835821,67.16417910447761,60.447761194029844,6.7164179104477615
E00129309,166,45,15,30,121,104,17,27.10843373493976,9.036144578313253,18.072289156626507,72.89156626506023,62.65060240963856,10.240963855421686
E00129310,123,38,10,28,85,70,15,30.89430894308943,8.130081300813007,22.76422764227642,69.10569105691057,56.91056910569105,12.195121951219512
E00129311,150,37,14,23,113,96,17,24.666666666666668,9.333333333333334,15.333333333333332,75.33333333333333,64,11.333333333333332
E00129312,126,28,7,21,98,88,10,22.22222222222222,5.555555555555555,16.666666666666664,77.77777777777779,69.84126984126983,7.936507936507936
E00129313,150,38,15,23,112,100,12,25.333333333333336,10,15.333333333333332,74.66666666666667,66.66666666666666,8
E00129314,175,49,15,34,126,111,15,28.000000000000004,8.571428571428571,19.428571428571427,72,63.42857142857142,8.571428571428571
E00129315,154,42,14,28,112,99,13,27.27272727272727,9.090909090909092,18.181818181818183,72.72727272727273,64.28571428571429,8.441558441558442
E00129316,124,42,17,25,82,77,5,33.87096774193548,13.709677419354838,20.161290322580644,66.12903225806451,62.096774193548384,4.032258064516129
E00129317,154,39,12,27,115,104,11,25.324675324675322,7.792207792207792,17.532467532467532,74.67532467532467,67.53246753246754,7.142857142857142
E00129318,126,50,16,34,76,68,8,39.682539682539684,12.698412698412698,26.984126984126984,60.317460317460316,53.96825396825397,6.349206349206349
E00129319,67,21,5,16,46,40,6,31.343283582089555,7.462686567164178,23.88059701492537,68.65671641791045,59.70149253731343,8.955223880597014
E00129320,152,45,9,36,107,92,15,29.605263157894733,5.921052631578947,23.684210526315788,70.39473684210526,60.526315789473685,9.868421052631579
E00129321,205,50,14,36,155,137,18,24.390243902439025,6.829268292682928,17.560975609756095,75.60975609756098,66.82926829268293,8.780487804878048
E00129322,124,43,9,34,81,74,7,34.67741935483871,7.258064516129033,27.419354838709676,65.32258064516128,59.67741935483871,5.64516129032258
E00129323,148,47,12,35,101,88,13,31.756756756756754,8.108108108108109,23.64864864864865,68.24324324324324,59.45945945945946,8.783783783783784
E00129324,278,78,23,55,200,174,26,28.05755395683453,8.273381294964029,19.784172661870503,71.94244604316546,62.589928057553955,9.352517985611511
E00129325,125,25,9,16,100,87,13,20,7.199999999999999,12.8,80,69.6,10.4
E00129326,139,36,9,27,103,88,15,25.899280575539567,6.474820143884892,19.424460431654676,74.10071942446042,63.30935251798561,10.79136690647482
E00129328,278,88,27,61,190,158,32,31.654676258992804,9.712230215827338,21.942446043165468,68.34532374100719,56.83453237410072,11.510791366906476
E00129329,123,42,10,32,81,74,7,34.146341463414636,8.130081300813007,26.01626016260163,65.85365853658537,60.16260162601627,5.691056910569105
E00129330,69,17,7,10,52,48,4,24.637681159420293,10.144927536231885,14.492753623188406,75.36231884057972,69.56521739130434,5.797101449275362
E00129331,54,12,1,11,42,36,6,22.22222222222222,1.8518518518518516,20.37037037037037,77.77777777777779,66.66666666666666,11.11111111111111
E00129332,119,38,14,24,81,68,13,31.932773109243694,11.76470588235294,20.168067226890756,68.0672268907563,57.14285714285714,10.92436974789916
E00129333,195,59,16,43,136,115,21,30.256410256410255,8.205128205128204,22.05128205128205,69.74358974358974,58.97435897435898,10.76923076923077
E00129334,190,61,21,40,129,104,25,32.10526315789474,11.052631578947368,21.052631578947366,67.89473684210526,54.736842105263165,13.157894736842104
E00129335,56,19,6,13,37,31,6,33.92857142857143,10.714285714285714,23.214285714285715,66.07142857142857,55.35714285714286,10.714285714285714
E00129336,169,39,10,29,130,109,21,23.076923076923077,5.9171597633136095,17.159763313609467,76.92307692307693,64.49704142011834,12.42603550295858
E00129337,222,49,16,33,173,149,24,22.07207207207207,7.207207207207207,14.864864864864865,77.92792792792793,67.11711711711712,10.81081081081081
E00129338,199,56,26,30,143,114,29,28.14070351758794,13.06532663316583,15.07537688442211,71.85929648241206,57.286432160804026,14.572864321608039
E00129339,131,45,14,31,86,75,11,34.35114503816794,10.687022900763358,23.66412213740458,65.64885496183206,57.25190839694656,8.396946564885496
E00129340,146,56,19,37,90,77,13,38.35616438356164,13.013698630136986,25.34246575342466,61.64383561643836,52.73972602739726,8.904109589041095
E00129341,161,44,12,32,117,108,9,27.32919254658385,7.453416149068323,19.875776397515526,72.67080745341616,67.08074534161491,5.590062111801243
E00129342,143,45,10,35,98,88,10,31.46853146853147,6.993006993006993,24.475524475524477,68.53146853146853,61.53846153846154,6.993006993006993
E00129343,196,51,17,34,145,116,29,26.02040816326531,8.673469387755102,17.346938775510203,73.9795918367347,59.183673469387756,14.795918367346939
E00129344,146,48,11,37,98,80,18,32.87671232876712,7.534246575342466,25.34246575342466,67.12328767123287,54.794520547945204,12.32876712328767
E00129345,139,42,14,28,97,83,14,30.215827338129497,10.071942446043165,20.14388489208633,69.7841726618705,59.71223021582733,10.071942446043165
E00129346,158,45,14,31,113,87,26,28.48101265822785,8.860759493670885,19.62025316455696,71.51898734177216,55.06329113924051,16.455696202531644
E00129347,212,63,15,48,149,125,24,29.71698113207547,7.0754716981132075,22.641509433962266,70.28301886792453,58.9622641509434,11.320754716981133
E00129348,221,64,17,47,157,133,24,28.95927601809955,7.6923076923076925,21.266968325791854,71.04072398190046,60.18099547511312,10.85972850678733
E00129349,128,44,19,25,84,74,10,34.375,14.84375,19.53125,65.625,57.8125,7.8125
E00129350,117,40,15,25,77,65,12,34.18803418803419,12.82051282051282,21.367521367521366,65.8119658119658,55.55555555555556,10.256410256410255
E00129351,156,52,19,33,104,88,16,33.33333333333333,12.179487179487179,21.153846153846153,66.66666666666666,56.41025641025641,10.256410256410255
E00129352,173,63,25,38,110,101,9,36.41618497109826,14.450867052023122,21.965317919075144,63.58381502890174,58.38150289017341,5.202312138728324
E00129354,160,46,21,25,114,103,11,28.749999999999996,13.125,15.625,71.25,64.375,6.875000000000001
E00129355,274,115,57,58,159,142,17,41.97080291970803,20.802919708029197,21.16788321167883,58.02919708029197,51.82481751824818,6.204379562043796
E00129356,143,70,36,34,73,67,6,48.95104895104895,25.174825174825177,23.776223776223777,51.048951048951054,46.85314685314685,4.195804195804196
E00129357,136,50,30,20,86,74,12,36.76470588235294,22.058823529411764,14.705882352941178,63.23529411764706,54.41176470588235,8.823529411764707
E00129360,102,30,8,22,72,63,9,29.411764705882355,7.8431372549019605,21.568627450980394,70.58823529411765,61.76470588235294,8.823529411764707
E00129362,81,28,12,16,53,43,10,34.5679012345679,14.814814814814813,19.753086419753085,65.4320987654321,53.086419753086425,12.345679012345679
E00129363,164,82,41,41,82,69,13,50,25,25,50,42.073170731707314,7.926829268292683
E00129364,63,24,6,18,39,39,0,38.095238095238095,9.523809523809524,28.57142857142857,61.904761904761905,61.904761904761905,0
E00129365,127,45,22,23,82,65,17,35.43307086614173,17.322834645669293,18.11023622047244,64.56692913385827,51.181102362204726,13.385826771653544
E00129366,196,50,13,37,146,127,19,25.510204081632654,6.63265306122449,18.877551020408163,74.48979591836735,64.79591836734694,9.693877551020408
E00129367,105,42,13,29,63,57,6,40,12.380952380952381,27.61904761904762,60,54.285714285714285,5.714285714285714
E00129368,173,37,13,24,136,125,11,21.38728323699422,7.514450867052023,13.872832369942195,78.61271676300578,72.25433526011561,6.358381502890173
E00129369,175,53,17,36,122,106,16,30.28571428571429,9.714285714285714,20.57142857142857,69.71428571428572,60.57142857142858,9.142857142857142
E00129370,114,23,8,15,91,78,13,20.175438596491226,7.017543859649122,13.157894736842104,79.82456140350878,68.42105263157895,11.403508771929824
E00129371,110,18,5,13,92,81,11,16.363636363636363,4.545454545454546,11.818181818181818,83.63636363636363,73.63636363636363,10
E00129372,141,20,3,17,121,114,7,14.184397163120568,2.127659574468085,12.056737588652481,85.81560283687944,80.85106382978722,4.964539007092199
E00129373,114,36,6,30,78,70,8,31.57894736842105,5.263157894736842,26.31578947368421,68.42105263157895,61.40350877192983,7.017543859649122
E00129374,120,38,10,28,82,73,9,31.666666666666664,8.333333333333332,23.333333333333332,68.33333333333333,60.83333333333333,7.5
E00129375,127,23,6,17,104,92,12,18.11023622047244,4.724409448818897,13.385826771653544,81.88976377952756,72.44094488188976,9.448818897637794
E00129376,111,31,10,21,80,70,10,27.927927927927925,9.00900900900901,18.91891891891892,72.07207207207207,63.06306306306306,9.00900900900901
E00129377,138,51,17,34,87,83,4,36.95652173913043,12.318840579710146,24.637681159420293,63.04347826086957,60.14492753623188,2.898550724637681
E00129378,198,57,24,33,141,123,18,28.78787878787879,12.121212121212121,16.666666666666664,71.21212121212122,62.121212121212125,9.090909090909092
E00129379,100,18,7,11,82,74,8,18,7.000000000000001,11,82,74,8
E00129380,205,52,17,35,153,136,17,25.365853658536587,8.292682926829269,17.073170731707318,74.63414634146342,66.34146341463415,8.292682926829269
E00129381,92,27,10,17,65,48,17,29.347826086956523,10.869565217391305,18.478260869565215,70.65217391304348,52.17391304347826,18.478260869565215
E00129382,147,53,30,23,94,70,24,36.054421768707485,20.408163265306122,15.646258503401361,63.94557823129252,47.61904761904761,16.3265306122449
E00129383,174,55,23,32,119,81,38,31.60919540229885,13.218390804597702,18.39080459770115,68.39080459770115,46.55172413793103,21.839080459770116
E00129384,175,64,22,42,111,92,19,36.57142857142857,12.571428571428573,24,63.42857142857142,52.57142857142857,10.857142857142858
E00129385,100,38,12,26,62,47,15,38,12,26,62,47,15
E00129386,152,48,27,21,104,82,22,31.57894736842105,17.763157894736842,13.815789473684212,68.42105263157895,53.94736842105263,14.473684210526317
E00129387,82,31,9,22,51,45,6,37.80487804878049,10.975609756097562,26.82926829268293,62.19512195121951,54.87804878048781,7.317073170731707
E00129388,118,37,18,19,81,61,20,31.35593220338983,15.254237288135593,16.101694915254235,68.64406779661016,51.69491525423729,16.94915254237288
E00129389,166,43,20,23,123,96,27,25.903614457831324,12.048192771084338,13.855421686746988,74.09638554216868,57.831325301204814,16.265060240963855
E00129390,200,63,15,48,137,113,24,31.5,7.5,24,68.5,56.49999999999999,12
E00129391,160,44,14,30,116,98,18,27.500000000000004,8.75,18.75,72.5,61.25000000000001,11.25
E00129392,160,37,8,29,123,99,24,23.125,5,18.125,76.875,61.875,15
E00129393,228,74,22,52,154,120,34,32.45614035087719,9.649122807017543,22.807017543859647,67.54385964912281,52.63157894736842,14.912280701754385
E00129394,158,44,11,33,114,98,16,27.848101265822784,6.962025316455696,20.88607594936709,72.15189873417721,62.0253164556962,10.126582278481013
E00129395,111,30,14,16,81,73,8,27.027027027027028,12.612612612612612,14.414414414414415,72.97297297297297,65.76576576576578,7.207207207207207
E00129396,143,53,24,29,90,79,11,37.06293706293706,16.783216783216783,20.27972027972028,62.93706293706294,55.24475524475524,7.6923076923076925
E00129397,195,61,22,39,134,88,46,31.28205128205128,11.282051282051283,20,68.71794871794872,45.12820512820513,23.589743589743588
E00129398,216,63,13,50,153,135,18,29.166666666666668,6.018518518518518,23.14814814814815,70.83333333333334,62.5,8.333333333333332
E00129399,131,52,23,29,79,66,13,39.69465648854962,17.557251908396946,22.137404580152673,60.30534351145038,50.38167938931297,9.923664122137405
E00129400,259,76,30,46,183,138,45,29.343629343629345,11.583011583011583,17.760617760617762,70.65637065637065,53.28185328185329,17.374517374517374
E00129401,103,32,8,24,71,57,14,31.06796116504854,7.766990291262135,23.300970873786408,68.93203883495146,55.33980582524271,13.592233009708737
E00129402,107,20,9,11,87,77,10,18.69158878504673,8.411214953271028,10.2803738317757,81.30841121495327,71.96261682242991,9.345794392523365
E00129403,160,50,20,30,110,93,17,31.25,12.5,18.75,68.75,58.12500000000001,10.625
E00129404,138,48,20,28,90,72,18,34.78260869565217,14.492753623188406,20.28985507246377,65.21739130434783,52.17391304347826,13.043478260869565
E00129405,95,34,14,20,61,48,13,35.78947368421053,14.736842105263156,21.052631578947366,64.21052631578948,50.526315789473685,13.684210526315791
E00129406,113,32,9,23,81,74,7,28.31858407079646,7.964601769911504,20.353982300884958,71.68141592920354,65.48672566371681,6.1946902654867255
E00129407,128,39,20,19,89,80,9,30.46875,15.625,14.84375,69.53125,62.5,7.03125
E00129408,134,56,16,40,78,63,15,41.7910447761194,11.940298507462686,29.850746268656714,58.2089552238806,47.01492537313433,11.194029850746269
E00129409,154,46,17,29,108,100,8,29.87012987012987,11.03896103896104,18.83116883116883,70.12987012987013,64.93506493506493,5.194805194805195
E00129410,101,29,8,21,72,60,12,28.71287128712871,7.920792079207921,20.792079207920793,71.28712871287128,59.4059405940594,11.881188118811881
E00129411,145,72,45,27,73,68,5,49.6551724137931,31.03448275862069,18.620689655172416,50.3448275862069,46.89655172413793,3.4482758620689653
E00129412,164,57,25,32,107,90,17,34.756097560975604,15.24390243902439,19.51219512195122,65.2439024390244,54.87804878048781,10.365853658536585
E00129413,161,47,16,31,114,91,23,29.19254658385093,9.937888198757763,19.25465838509317,70.80745341614907,56.52173913043478,14.285714285714285
E00129414,182,59,18,41,123,111,12,32.417582417582416,9.89010989010989,22.52747252747253,67.58241758241759,60.98901098901099,6.593406593406594
E00129415,133,41,16,25,92,79,13,30.82706766917293,12.030075187969924,18.796992481203006,69.17293233082707,59.3984962406015,9.774436090225564
E00129416,126,41,10,31,85,68,17,32.53968253968254,7.936507936507936,24.6031746031746,67.46031746031747,53.96825396825397,13.492063492063492
E00129417,136,54,13,41,82,67,15,39.705882352941174,9.558823529411764,30.14705882352941,60.29411764705882,49.26470588235294,11.029411764705882
E00129418,125,48,18,30,77,74,3,38.4,14.399999999999999,24,61.6,59.199999999999996,2.4
E00129419,92,21,7,14,71,65,6,22.82608695652174,7.608695652173914,15.217391304347828,77.17391304347827,70.65217391304348,6.521739130434782
E00129420,156,45,14,31,111,97,14,28.846153846153843,8.974358974358974,19.871794871794872,71.15384615384616,62.17948717948718,8.974358974358974
E00129421,144,34,12,22,110,99,11,23.61111111111111,8.333333333333332,15.277777777777779,76.38888888888889,68.75,7.638888888888889
E00129422,155,50,14,36,105,91,14,32.25806451612903,9.032258064516128,23.225806451612904,67.74193548387096,58.70967741935483,9.032258064516128
E00129423,131,35,12,23,96,83,13,26.717557251908396,9.16030534351145,17.557251908396946,73.2824427480916,63.358778625954194,9.923664122137405
E00129424,86,24,9,15,62,56,6,27.906976744186046,10.465116279069768,17.441860465116278,72.09302325581395,65.11627906976744,6.976744186046512
E00129425,98,26,8,18,72,62,10,26.53061224489796,8.16326530612245,18.367346938775512,73.46938775510205,63.26530612244898,10.204081632653061
E00129426,155,51,16,35,104,98,6,32.903225806451616,10.32258064516129,22.58064516129032,67.0967741935484,63.2258064516129,3.870967741935484
E00129427,157,44,10,34,113,96,17,28.02547770700637,6.369426751592357,21.656050955414013,71.97452229299363,61.146496815286625,10.828025477707007
E00129428,148,38,14,24,110,97,13,25.675675675675674,9.45945945945946,16.216216216216218,74.32432432432432,65.54054054054053,8.783783783783784
E00129429,155,42,13,29,113,107,6,27.09677419354839,8.38709677419355,18.70967741935484,72.90322580645162,69.03225806451613,3.870967741935484
E00129430,89,17,8,9,72,57,15,19.101123595505616,8.98876404494382,10.112359550561797,80.89887640449437,64.04494382022472,16.853932584269664
E00129431,108,37,9,28,71,62,9,34.25925925925926,8.333333333333332,25.925925925925924,65.74074074074075,57.407407407407405,8.333333333333332
E00129432,167,38,11,27,129,113,16,22.75449101796407,6.58682634730539,16.16766467065868,77.24550898203593,67.66467065868264,9.580838323353294
E00129433,160,42,23,19,118,89,29,26.25,14.374999999999998,11.875,73.75,55.625,18.125
E00129434,149,50,22,28,99,67,32,33.557046979865774,14.76510067114094,18.79194630872483,66.44295302013423,44.966442953020135,21.476510067114095
E00129435,155,49,18,31,106,78,28,31.61290322580645,11.612903225806452,20,68.38709677419355,50.32258064516129,18.064516129032256
E00129436,151,34,12,22,117,92,25,22.516556291390728,7.9470198675496695,14.56953642384106,77.48344370860927,60.9271523178808,16.55629139072848
E00129437,197,66,28,38,131,108,23,33.50253807106599,14.213197969543149,19.289340101522843,66.49746192893402,54.82233502538071,11.6751269035533
E00129438,135,36,10,26,99,79,20,26.666666666666668,7.4074074074074066,19.25925925925926,73.33333333333333,58.51851851851851,14.814814814814813
E00129439,175,50,15,35,125,109,16,28.57142857142857,8.571428571428571,20,71.42857142857143,62.28571428571429,9.142857142857142
E00129440,142,55,15,40,87,67,20,38.732394366197184,10.56338028169014,28.169014084507044,61.267605633802816,47.183098591549296,14.084507042253522
E00129441,129,39,15,24,90,73,17,30.23255813953488,11.627906976744185,18.6046511627907,69.76744186046511,56.58914728682171,13.178294573643413
E00129442,121,41,7,34,80,71,9,33.88429752066116,5.785123966942149,28.09917355371901,66.11570247933885,58.67768595041323,7.43801652892562
E00129443,187,49,15,34,138,107,31,26.203208556149733,8.0213903743315509,18.181818181818183,73.79679144385027,57.21925133689839,16.577540106951872
E00129444,167,59,22,37,108,87,21,35.32934131736527,13.17365269461078,22.15568862275449,64.67065868263472,52.09580838323353,12.574850299401197
E00129445,174,57,29,28,117,96,21,32.758620689655174,16.666666666666664,16.091954022988507,67.24137931034483,55.172413793103445,12.068965517241379
E00129446,203,76,25,51,127,97,30,37.4384236453202,12.31527093596059,25.12315270935961,62.5615763546798,47.783251231527096,14.77832512315271
E00129447,75,26,8,18,49,42,7,34.66666666666667,10.666666666666668,24,65.33333333333333,56.00000000000001,9.333333333333334
E00129448,199,63,27,36,136,109,27,31.65829145728643,13.5678391959799,18.090452261306535,68.34170854271356,54.773869346733676,13.5678391959799
E00129450,110,40,14,26,70,62,8,36.36363636363637,12.727272727272727,23.636363636363637,63.63636363636363,56.36363636363636,7.2727272727272725
E00129451,112,40,18,22,72,49,23,35.714285714285715,16.071428571428573,19.642857142857142,64.28571428571429,43.75,20.535714285714285
E00129452,186,53,20,33,133,101,32,28.49462365591398,10.75268817204301,17.741935483870968,71.50537634408603,54.3010752688172,17.20430107526882
E00129453,159,58,23,35,101,89,12,36.477987421383645,14.465408805031446,22.0125786163522,63.52201257861635,55.9748427672956,7.547169811320755
E00129454,137,42,14,28,95,74,21,30.656934306569344,10.218978102189782,20.437956204379564,69.34306569343066,54.01459854014598,15.328467153284672
E00129455,138,45,20,25,93,67,26,32.608695652173914,14.492753623188406,18.115942028985508,67.3913043478261,48.55072463768116,18.84057971014493
E00129456,71,15,5,10,56,47,9,21.12676056338028,7.042253521126761,14.084507042253522,78.87323943661971,66.19718309859155,12.676056338028168
E00129457,124,38,21,17,86,76,10,30.64516129032258,16.93548387096774,13.709677419354838,69.35483870967742,61.29032258064516,8.064516129032258
E00129458,135,35,13,22,100,80,20,25.925925925925924,9.62962962962963,16.296296296296298,74.07407407407408,59.25925925925925,14.814814814814813
E00129459,100,28,11,17,72,64,8,28.000000000000004,11,17,72,64,8
E00129460,121,43,16,27,78,71,7,35.53719008264463,13.223140495867769,22.31404958677686,64.46280991735537,58.67768595041323,5.785123966942149
E00129461,114,42,23,19,72,54,18,36.84210526315789,20.175438596491226,16.666666666666664,63.1578947368421,47.368421052631575,15.789473684210526
E00129462,166,51,21,30,115,87,28,30.72289156626506,12.650602409638553,18.072289156626507,69.27710843373494,52.40963855421686,16.867469879518072
E00129463,126,33,13,20,93,71,22,26.190476190476193,10.317460317460316,15.873015873015872,73.80952380952381,56.34920634920635,17.46031746031746
E00129464,179,61,28,33,118,88,30,34.07821229050279,15.64245810055866,18.435754189944134,65.92178770949721,49.162011173184354,16.75977653631285
E00129465,205,57,24,33,148,112,36,27.80487804878049,11.707317073170733,16.097560975609756,72.1951219512195,54.63414634146342,17.560975609756095
E00129466,143,53,27,26,90,69,21,37.06293706293706,18.88111888111888,18.181818181818183,62.93706293706294,48.25174825174825,14.685314685314685
E00129467,185,61,20,41,124,109,15,32.972972972972975,10.81081081081081,22.162162162162165,67.02702702702703,58.91891891891892,8.108108108108109
E00129468,127,38,12,26,89,73,16,29.92125984251969,9.448818897637794,20.47244094488189,70.07874015748031,57.48031496062992,12.598425196850393
E00129469,119,34,13,21,85,72,13,28.57142857142857,10.92436974789916,17.647058823529413,71.42857142857143,60.50420168067227,10.92436974789916
E00129470,148,32,11,21,116,90,26,21.62162162162162,7.4324324324324325,14.18918918918919,78.37837837837837,60.810810810810814,17.56756756756757
E00129471,229,72,23,49,157,129,28,31.4410480349345,10.043668122270741,21.397379912663755,68.5589519650655,56.33187772925764,12.22707423580786
E00129472,201,69,15,54,132,102,30,34.32835820895522,7.462686567164178,26.865671641791046,65.67164179104478,50.74626865671642,14.925373134328357
E00129473,116,43,18,25,73,52,21,37.06896551724138,15.517241379310345,21.551724137931032,62.93103448275862,44.827586206896555,18.103448275862068
E00129474,202,67,19,48,135,103,32,33.16831683168317,9.405940594059405,23.762376237623762,66.83168316831683,50.99009900990099,15.841584158415841
E00129475,150,59,19,40,91,66,25,39.33333333333333,12.666666666666668,26.666666666666668,60.66666666666667,44,16.666666666666664
E00129476,136,48,20,28,88,67,21,35.294117647058826,14.705882352941178,20.588235294117645,64.70588235294117,49.26470588235294,15.441176470588236
E00129477,154,50,17,33,104,91,13,32.467532467532465,11.03896103896104,21.428571428571427,67.53246753246754,59.09090909090909,8.441558441558442
E00129478,115,52,19,33,63,43,20,45.21739130434783,16.52173913043478,28.695652173913043,54.78260869565217,37.391304347826086,17.391304347826086
E00129479,137,41,16,25,96,77,19,29.927007299270077,11.678832116788321,18.248175182481752,70.07299270072993,56.20437956204379,13.86861313868613
E00129480,197,75,25,50,122,96,26,38.07106598984771,12.690355329949238,25.380710659898476,61.92893401015228,48.73096446700508,13.19796954314721
E00129481,92,29,9,20,63,55,8,31.521739130434785,9.782608695652174,21.73913043478261,68.47826086956522,59.78260869565217,8.695652173913043
E00129482,160,53,23,30,107,90,17,33.125,14.374999999999998,18.75,66.875,56.25,10.625
E00129483,113,40,17,23,73,60,13,35.39823008849557,15.04424778761062,20.353982300884958,64.60176991150442,53.09734513274337,11.504424778761061
E00129484,150,52,21,31,98,85,13,34.66666666666667,14.000000000000002,20.666666666666668,65.33333333333333,56.666666666666664,8.666666666666668
E00129485,112,36,9,27,76,68,8,32.142857142857146,8.035714285714286,24.107142857142858,67.85714285714286,60.71428571428571,7.142857142857142
E00129486,153,41,13,28,112,92,20,26.797385620915033,8.49673202614379,18.30065359477124,73.20261437908496,60.130718954248366,13.071895424836603
E00129487,147,40,19,21,107,93,14,27.2108843537415,12.925170068027212,14.285714285714285,72.78911564625851,63.26530612244898,9.523809523809524
E00129488,109,45,14,31,64,56,8,41.284403669724774,12.844036697247708,28.440366972477065,58.71559633027523,51.37614678899083,7.339449541284404
E00129489,169,70,22,48,99,87,12,41.42011834319527,13.017751479289942,28.402366863905325,58.57988165680473,51.4792899408284,7.100591715976331
E00129490,135,46,15,31,89,76,13,34.074074074074076,11.11111111111111,22.962962962962962,65.92592592592592,56.2962962962963,9.62962962962963
E00129491,123,37,14,23,86,71,15,30.081300813008134,11.38211382113821,18.69918699186992,69.91869918699187,57.72357723577236,12.195121951219512
E00129492,114,30,15,15,84,74,10,26.31578947368421,13.157894736842104,13.157894736842104,73.68421052631578,64.91228070175438,8.771929824561402
E00129493,148,43,20,23,105,94,11,29.054054054054053,13.513513513513514,15.54054054054054,70.94594594594594,63.51351351351351,7.4324324324324325
E00129495,167,39,8,31,128,110,18,23.353293413173652,4.790419161676647,18.562874251497004,76.64670658682635,65.86826347305389,10.778443113772456
E00129496,128,41,14,27,87,72,15,32.03125,10.9375,21.09375,67.96875,56.25,11.71875
E00129497,266,76,28,48,190,172,18,28.57142857142857,10.526315789473683,18.045112781954884,71.42857142857143,64.66165413533834,6.7669172932330826
E00129498,56,21,9,12,35,31,4,37.5,16.071428571428573,21.428571428571427,62.5,55.35714285714286,7.142857142857142
E00129499,169,109,55,54,60,48,12,64.49704142011834,32.544378698224854,31.952662721893493,35.50295857988166,28.402366863905325,7.100591715976331
E00129500,96,38,15,23,58,49,9,39.58333333333333,15.625,23.958333333333336,60.416666666666664,51.041666666666664,9.375
E00129501,104,33,8,25,71,63,8,31.73076923076923,7.6923076923076925,24.03846153846154,68.26923076923077,60.57692307692307,7.6923076923076925
E00129502,98,30,9,21,68,66,2,30.612244897959183,9.183673469387756,21.428571428571427,69.38775510204081,67.3469387755102,2.0408163265306123
E00129503,94,27,8,19,67,58,9,28.723404255319153,8.51063829787234,20.212765957446805,71.27659574468085,61.702127659574465,9.574468085106384
E00129504,128,44,15,29,84,79,5,34.375,11.71875,22.65625,65.625,61.71875,3.90625
E00129505,157,45,16,29,112,101,11,28.662420382165603,10.191082802547772,18.471337579617835,71.3375796178344,64.3312101910828,7.006369426751593
E00129506,153,47,20,27,106,94,12,30.718954248366014,13.071895424836603,17.647058823529413,69.28104575163398,61.43790849673203,7.8431372549019605
E00129507,155,63,18,45,92,86,6,40.64516129032258,11.612903225806452,29.03225806451613,59.354838709677416,55.483870967741936,3.870967741935484
E00129508,106,35,10,25,71,62,9,33.0188679245283,9.433962264150944,23.58490566037736,66.98113207547169,58.490566037735846,8.49056603773585
E00129509,143,50,21,29,93,74,19,34.96503496503497,14.685314685314685,20.27972027972028,65.03496503496503,51.74825174825175,13.286713286713287
E00129510,140,44,8,36,96,85,11,31.428571428571427,5.714285714285714,25.71428571428571,68.57142857142857,60.71428571428571,7.857142857142857
E00129511,152,37,11,26,115,104,11,24.342105263157894,7.236842105263158,17.105263157894736,75.6578947368421,68.42105263157895,7.236842105263158
E00129512,143,43,15,28,100,83,17,30.069930069930066,10.48951048951049,19.58041958041958,69.93006993006993,58.04195804195804,11.888111888111888
E00129513,136,43,11,32,93,82,11,31.61764705882353,8.088235294117647,23.52941176470588,68.38235294117648,60.29411764705882,8.088235294117647
E00129514,173,42,13,29,131,110,21,24.277456647398843,7.514450867052023,16.76300578034682,75.72254335260115,63.58381502890174,12.138728323699421
E00129515,163,62,19,43,101,94,7,38.036809815950924,11.65644171779141,26.380368098159508,61.963190184049076,57.668711656441715,4.294478527607362
E00129516,101,36,10,26,65,60,5,35.64356435643564,9.900990099009901,25.742574257425744,64.35643564356435,59.4059405940594,4.9504950495049505
E00129517,79,19,7,12,60,47,13,24.050632911392405,8.860759493670885,15.18987341772152,75.9493670886076,59.49367088607595,16.455696202531644
E00129518,174,48,9,39,126,118,8,27.586206896551722,5.172413793103448,22.413793103448278,72.41379310344827,67.81609195402298,4.597701149425287
E00129519,178,54,21,33,124,101,23,30.337078651685395,11.797752808988763,18.53932584269663,69.66292134831461,56.74157303370787,12.921348314606742
E00129520,154,42,9,33,112,95,17,27.27272727272727,5.844155844155844,21.428571428571427,72.72727272727273,61.68831168831169,11.03896103896104
E00129521,170,43,13,30,127,118,9,25.294117647058822,7.647058823529412,17.647058823529413,74.70588235294117,69.41176470588235,5.294117647058823
E00129522,165,37,9,28,128,118,10,22.424242424242426,5.454545454545454,16.969696969696972,77.57575757575758,71.51515151515152,6.0606060606060606
E00129523,192,46,6,40,146,127,19,23.958333333333336,3.125,20.833333333333336,76.04166666666666,66.14583333333334,9.895833333333332
E00129524,160,47,13,34,113,100,13,29.375,8.125,21.25,70.625,62.5,8.125
E00129525,128,31,8,23,97,89,8,24.21875,6.25,17.96875,75.78125,69.53125,6.25
E00129526,80,20,8,12,60,47,13,25,10,15,75,58.75,16.25
E00129527,94,28,7,21,66,56,10,29.78723404255319,7.446808510638298,22.340425531914892,70.2127659574468,59.57446808510638,10.638297872340425
E00129528,76,17,0,17,59,50,9,22.36842105263158,0,22.36842105263158,77.63157894736842,65.78947368421053,11.842105263157894
E00129529,84,19,3,16,65,57,8,22.61904761904762,3.571428571428571,19.047619047619047,77.38095238095238,67.85714285714286,9.523809523809524
E00129530,129,33,12,21,96,85,11,25.581395348837212,9.30232558139535,16.27906976744186,74.4186046511628,65.89147286821705,8.527131782945736
E00129531,132,33,11,22,99,87,12,25,8.333333333333332,16.666666666666664,75,65.9090909090909,9.090909090909092
E00129532,122,38,14,24,84,77,7,31.147540983606557,11.475409836065573,19.672131147540984,68.85245901639344,63.114754098360656,5.737704918032787
E00129533,93,20,4,16,73,66,7,21.50537634408602,4.301075268817205,17.20430107526882,78.49462365591397,70.96774193548387,7.526881720430108
E00129534,126,38,12,26,88,84,4,30.158730158730158,9.523809523809524,20.634920634920633,69.84126984126983,66.66666666666666,3.1746031746031744
E00129535,110,29,11,18,81,65,16,26.36363636363636,10,16.363636363636363,73.63636363636363,59.09090909090909,14.545454545454545
E00129536,158,52,17,35,106,97,9,32.91139240506329,10.759493670886076,22.151898734177212,67.08860759493672,61.39240506329114,5.69620253164557
E00129537,149,44,14,30,105,97,8,29.53020134228188,9.395973154362416,20.13422818791946,70.46979865771812,65.1006711409396,5.369127516778524
E00129538,103,27,10,17,76,64,12,26.21359223300971,9.70873786407767,16.50485436893204,73.7864077669903,62.13592233009708,11.650485436893204
E00129539,183,40,11,29,143,128,15,21.85792349726776,6.0109289617486334,15.846994535519126,78.14207650273224,69.94535519125684,8.19672131147541
E00129540,91,30,4,26,61,57,4,32.967032967032964,4.395604395604396,28.57142857142857,67.03296703296702,62.637362637362635,4.395604395604396
E00129541,70,22,8,14,48,41,7,31.428571428571427,11.428571428571429,20,68.57142857142857,58.57142857142858,10
E00129542,171,44,13,31,127,114,13,25.730994152046783,7.602339181286549,18.128654970760234,74.26900584795322,66.66666666666666,7.602339181286549
E00129545,136,41,8,33,95,82,13,30.14705882352941,5.88235294117647,24.264705882352942,69.85294117647058,60.29411764705882,9.558823529411764
E00129546,129,41,11,30,88,66,22,31.782945736434108,8.527131782945736,23.25581395348837,68.21705426356588,51.162790697674424,17.05426356589147
E00129547,145,29,11,18,116,106,10,20,7.586206896551724,12.413793103448276,80,73.10344827586206,6.896551724137931
E00129548,112,27,9,18,85,78,7,24.107142857142858,8.035714285714286,16.071428571428573,75.89285714285714,69.64285714285714,6.25
E00129549,132,31,8,23,101,89,12,23.484848484848484,6.0606060606060606,17.424242424242426,76.51515151515152,67.42424242424242,9.090909090909092
E00129550,176,52,23,29,124,91,33,29.545454545454547,13.068181818181818,16.477272727272727,70.45454545454545,51.70454545454546,18.75
E00129551,293,78,27,51,215,164,51,26.621160409556317,9.215017064846416,17.4061433447099,73.37883959044369,55.972696245733786,17.4061433447099
E00129552,120,34,16,18,86,69,17,28.333333333333332,13.333333333333334,15,71.66666666666667,57.49999999999999,14.166666666666666
E00129553,134,44,20,24,90,55,35,32.83582089552239,14.925373134328357,17.91044776119403,67.16417910447761,41.04477611940299,26.119402985074625
E00129554,226,59,23,36,167,127,40,26.10619469026549,10.176991150442479,15.929203539823009,73.89380530973452,56.19469026548673,17.699115044247787
E00129555,149,44,17,27,105,80,25,29.53020134228188,11.409395973154362,18.120805369127517,70.46979865771812,53.691275167785236,16.778523489932887
E00129556,129,42,17,25,87,67,20,32.55813953488372,13.178294573643413,19.379844961240313,67.44186046511628,51.93798449612403,15.503875968992247
E00129557,143,41,16,25,102,79,23,28.671328671328673,11.188811188811188,17.482517482517483,71.32867132867133,55.24475524475524,16.083916083916083
E00129558,136,46,16,30,90,60,30,33.82352941176471,11.76470588235294,22.058823529411764,66.17647058823529,44.11764705882353,22.058823529411764
E00129559,135,42,13,29,93,79,14,31.11111111111111,9.62962962962963,21.48148148148148,68.88888888888889,58.51851851851851,10.37037037037037
E00129560,138,38,16,22,100,83,17,27.536231884057973,11.594202898550725,15.942028985507244,72.46376811594203,60.14492753623188,12.318840579710146
E00129561,222,47,16,31,175,144,31,21.17117117117117,7.207207207207207,13.963963963963963,78.82882882882883,64.86486486486487,13.963963963963963
E00129562,179,59,20,39,120,98,22,32.960893854748605,11.1731843575419,21.787709497206702,67.0391061452514,54.7486033519553,12.290502793296088
E00129563,120,37,7,30,83,67,16,30.833333333333336,5.833333333333333,25,69.16666666666667,55.833333333333336,13.333333333333334
E00129564,65,16,8,8,49,42,7,24.615384615384617,12.307692307692308,12.307692307692308,75.38461538461539,64.61538461538461,10.76923076923077
E00129565,153,41,13,28,112,78,34,26.797385620915033,8.49673202614379,18.30065359477124,73.20261437908496,50.98039215686274,22.22222222222222
E00129566,203,60,23,37,143,123,20,29.55665024630542,11.330049261083744,18.226600985221676,70.44334975369459,60.591133004926114,9.852216748768473
E00129567,146,37,14,23,109,86,23,25.34246575342466,9.58904109589041,15.753424657534246,74.65753424657534,58.9041095890411,15.753424657534246
E00129568,261,62,26,36,199,163,36,23.754789272030653,9.961685823754788,13.793103448275861,76.24521072796935,62.45210727969349,13.793103448275861
E00129569,103,34,7,27,69,56,13,33.00970873786408,6.796116504854369,26.21359223300971,66.99029126213593,54.36893203883495,12.62135922330097
E00129570,148,37,13,24,111,88,23,25,8.783783783783784,16.216216216216218,75,59.45945945945946,15.54054054054054
E00129571,198,47,10,37,151,126,25,23.737373737373737,5.05050505050505,18.68686868686869,76.26262626262627,63.63636363636363,12.626262626262626
E00129572,75,20,7,13,55,49,6,26.666666666666668,9.333333333333334,17.333333333333336,73.33333333333333,65.33333333333333,8
E00129573,101,32,7,25,69,64,5,31.683168316831683,6.9306930693069315,24.752475247524753,68.31683168316832,63.366336633663366,4.9504950495049505
E00129574,158,41,12,29,117,103,14,25.949367088607595,7.59493670886076,18.354430379746837,74.0506329113924,65.18987341772153,8.860759493670885
E00129575,171,44,11,33,127,110,17,25.730994152046783,6.432748538011696,19.298245614035086,74.26900584795322,64.32748538011695,9.941520467836257
E00129576,173,52,19,33,121,91,30,30.057803468208093,10.982658959537572,19.07514450867052,69.94219653179191,52.601156069364166,17.341040462427745
E00129577,140,33,6,27,107,98,9,23.57142857142857,4.285714285714286,19.28571428571429,76.42857142857142,70,6.428571428571428
E00129578,183,44,17,27,139,111,28,24.043715846994534,9.289617486338798,14.754098360655737,75.95628415300546,60.65573770491803,15.300546448087433
E00129579,125,39,14,25,86,76,10,31.2,11.200000000000001,20,68.8,60.8,8
E00129580,105,36,6,30,69,68,1,34.285714285714285,5.714285714285714,28.57142857142857,65.71428571428571,64.76190476190476,0.9523809523809524
E00129581,152,45,6,39,107,87,20,29.605263157894733,3.9473684210526314,25.657894736842106,70.39473684210526,57.23684210526315,13.157894736842104
E00129582,164,42,13,29,122,108,14,25.609756097560975,7.926829268292683,17.682926829268293,74.39024390243902,65.85365853658537,8.536585365853659
E00129583,85,24,4,20,61,50,11,28.235294117647058,4.705882352941177,23.52941176470588,71.76470588235294,58.82352941176471,12.941176470588237
E00129584,154,33,14,19,121,110,11,21.428571428571427,9.090909090909092,12.337662337662337,78.57142857142857,71.42857142857143,7.142857142857142
E00129585,141,38,12,26,103,87,16,26.95035460992908,8.51063829787234,18.439716312056735,73.04964539007092,61.702127659574465,11.347517730496454
E00129586,250,60,21,39,190,155,35,24,8.4,15.6,76,62,14.000000000000002
E00129587,149,40,15,25,109,88,21,26.845637583892618,10.06711409395973,16.778523489932887,73.15436241610739,59.06040268456376,14.093959731543624
E00129588,168,56,19,37,112,91,21,33.33333333333333,11.30952380952381,22.023809523809522,66.66666666666666,54.166666666666664,12.5
E00129589,157,39,12,27,118,91,27,24.840764331210192,7.643312101910828,17.197452229299362,75.15923566878982,57.961783439490446,17.197452229299362
E00129590,153,56,21,35,97,85,12,36.60130718954248,13.725490196078432,22.875816993464053,63.39869281045751,55.55555555555556,7.8431372549019605
E00129591,78,22,8,14,56,48,8,28.205128205128204,10.256410256410255,17.94871794871795,71.7948717948718,61.53846153846154,10.256410256410255
E00129592,119,36,10,26,83,67,16,30.252100840336134,8.403361344537815,21.84873949579832,69.74789915966386,56.30252100840336,13.445378151260504
E00129593,159,46,22,24,113,90,23,28.930817610062892,13.836477987421384,15.09433962264151,71.0691823899371,56.60377358490566,14.465408805031446
E00129594,130,45,20,25,85,64,21,34.61538461538461,15.384615384615385,19.230769230769234,65.38461538461539,49.23076923076923,16.153846153846153
E00129595,131,37,14,23,94,79,15,28.24427480916031,10.687022900763358,17.557251908396946,71.7557251908397,60.30534351145038,11.450381679389313
E00129596,166,48,16,32,118,95,23,28.915662650602407,9.63855421686747,19.27710843373494,71.08433734939759,57.22891566265061,13.855421686746988
E00129597,83,23,7,16,60,49,11,27.710843373493976,8.433734939759036,19.27710843373494,72.28915662650603,59.036144578313255,13.253012048192772
E00129598,144,41,12,29,103,78,25,28.47222222222222,8.333333333333332,20.13888888888889,71.52777777777779,54.166666666666664,17.36111111111111
E00129599,199,55,14,41,144,114,30,27.63819095477387,7.035175879396985,20.603015075376884,72.36180904522614,57.286432160804026,15.07537688442211
E00129600,242,60,17,43,182,148,34,24.793388429752067,7.024793388429752,17.768595041322314,75.20661157024794,61.15702479338842,14.049586776859504
E00168817,310,255,173,82,55,40,15,82.25806451612904,55.80645161290323,26.451612903225808,17.741935483870968,12.903225806451612,4.838709677419355
E00168818,224,44,12,32,180,159,21,19.642857142857142,5.357142857142857,14.285714285714285,80.35714285714286,70.98214285714286,9.375
E00168819,144,38,12,26,106,98,8,26.38888888888889,8.333333333333332,18.055555555555554,73.61111111111111,68.05555555555556,5.555555555555555
E00168820,88,19,3,16,69,61,8,21.59090909090909,3.4090909090909087,18.181818181818183,78.4090909090909,69.31818181818183,9.090909090909092
E00168821,163,41,10,31,122,109,13,25.153374233128833,6.134969325153374,19.018404907975462,74.84662576687117,66.87116564417178,7.975460122699387
E00168822,309,80,22,58,229,200,29,25.88996763754045,7.119741100323624,18.77022653721683,74.11003236245955,64.72491909385113,9.385113268608414
E00168823,80,30,11,19,50,38,12,37.5,13.750000000000002,23.75,62.5,47.5,15
E00181947,100,11,3,8,89,80,9,11,3,8,89,80,9
E00181958,153,106,65,41,47,36,11,69.28104575163398,42.48366013071895,26.797385620915033,30.718954248366014,23.52941176470588,7.18954248366013
E00181974,102,41,26,15,61,49,12,40.19607843137255,25.49019607843137,14.705882352941178,59.80392156862745,48.03921568627451,11.76470588235294
E00181975,146,26,11,15,120,106,14,17.80821917808219,7.534246575342466,10.273972602739725,82.1917808219178,72.6027397260274,9.58904109589041
E00181984,23,3,3,0,20,16,4,13.043478260869565,13.043478260869565,0,86.95652173913044,69.56521739130434,17.391304347826086
E00181998,201,54,18,36,147,124,23,26.865671641791046,8.955223880597014,17.91044776119403,73.13432835820896,61.69154228855721,11.442786069651742
E00182007,169,41,13,28,128,98,30,24.2603550295858,7.6923076923076925,16.56804733727811,75.7396449704142,57.98816568047337,17.75147928994083
E00182009,238,69,24,45,169,137,32,28.991596638655466,10.084033613445378,18.907563025210084,71.00840336134453,57.56302521008403,13.445378151260504
E00182013,307,80,24,56,227,206,21,26.058631921824105,7.81758957654723,18.241042345276874,73.9413680781759,67.10097719869707,6.840390879478828
E00182016,162,45,14,31,117,96,21,27.77777777777778,8.641975308641975,19.1358024691358,72.22222222222221,59.25925925925925,12.962962962962962
E00182017,155,37,15,22,118,105,13,23.870967741935484,9.67741935483871,14.193548387096774,76.12903225806451,67.74193548387096,8.38709677419355
E00182018,114,30,11,19,84,67,17,26.31578947368421,9.649122807017543,16.666666666666664,73.68421052631578,58.77192982456141,14.912280701754385
E00182022,266,205,145,60,61,42,19,77.06766917293233,54.51127819548872,22.55639097744361,22.932330827067666,15.789473684210526,7.142857142857142
E00182027,41,12,6,6,29,22,7,29.268292682926827,14.634146341463413,14.634146341463413,70.73170731707317,53.65853658536586,17.073170731707318
E00182032,288,67,28,39,221,186,35,23.26388888888889,9.722222222222223,13.541666666666666,76.73611111111111,64.58333333333334,12.152777777777777
E00182035,287,98,44,54,189,156,33,34.146341463414636,15.33101045296167,18.81533101045296,65.85365853658537,54.35540069686411,11.498257839721255
E00182036,173,54,14,40,119,106,13,31.213872832369944,8.092485549132949,23.121387283236995,68.78612716763006,61.27167630057804,7.514450867052023
